web/models/kne/36/Metzger_0.010562_0.451379_0.450000.dat
# %ECSV 0.9
# ---
# datatype:
# - {name: time, datatype: float64}
# - {name: sdss_u, datatype: float64}
# - {name: sdss_g, datatype: float64}
# - {name: sdss_r, datatype: float64}
# - {name: sdss_i, datatype: float64}
# - {name: sdss_z, datatype: float64}
# - {name: PS1_y, datatype: float64}
# - {name: ukirt_J, datatype: float64}
# - {name: ukirt_H, datatype: float64}
# - {name: ukirt_K, datatype: float64}
# - {name: johnson_U, datatype: float64}
# - {name: johnson_B, datatype: float64}
# - {name: johnson_V, datatype: float64}
# - {name: johnson_R, datatype: float64}
# - {name: johnson_I, datatype: float64}
# - {name: Clear, datatype: float64}
# meta: !!omap
# - comment: [vej = 0.4513793103448276, mej = 0.010562026262441078, Ye = 0.45, redshift = 0.0]
# schema: astropy-2.0
time sdss_u sdss_g sdss_r sdss_i sdss_z PS1_y ukirt_J ukirt_H ukirt_K johnson_U johnson_B johnson_V johnson_R johnson_I Clear
[from data line 2814]
140.800000 nan nan 628.790749 509.874414 437.061322 391.374893 298.438595 215.195915 159.981242 nan nan 707.100813 606.073692 429.715001 621.318591
140.850000 nan nan 629.009800 510.053666 437.216180 391.514431 298.546925 215.276215 160.042880 nan nan 707.346053 606.285144 429.867396 621.535142
140.900000 nan nan 629.228847 510.232915 437.371035 391.653967 298.655254 215.356513 160.104517 nan nan 707.591288 606.496592 430.019789 621.751690
140.950000 nan nan 629.447892 510.412162 437.525888 391.793501 298.763581 215.436811 160.166153 nan nan 707.836520 606.708036 430.172179 621.968235
141.000000 nan nan 629.666932 510.591405 437.680738 391.933032 298.871906 215.517108 160.227788 nan nan 708.081748 606.919478 430.324567 622.184776
141.050000 nan nan 629.885970 510.770646 437.835586 392.072562 298.980230 215.597404 160.289422 nan nan 708.326972 607.130916 430.476952 622.401314
141.100000 nan nan 630.105004 510.949884 437.990432 392.212089 299.088553 215.677698 160.351056 nan nan 708.572192 607.342351 430.629336 622.617849
141.150000 nan nan 630.324035 511.129120 438.145275 392.351615 299.196874 215.757992 160.412689 nan nan 708.817409 607.553783 430.781717 622.834380
141.200000 nan nan 630.543062 511.308353 438.300116 392.491138 299.305193 215.838284 160.474321 nan nan 709.062621 607.765211 430.934096 623.050908
141.250000 nan nan 630.762086 511.487583 438.454955 392.630659 299.413511 215.918575 160.535952 nan nan 709.307830 607.976636 431.086472 623.267433
141.300000 nan nan 630.981106 511.666810 438.609792 392.770178 299.521827 215.998866 160.597583 nan nan 709.553035 608.188058 431.238846 623.483954
141.350000 nan nan 631.200124 511.846035 438.764626 392.909695 299.630142 216.079155 160.659213 nan nan 709.798236 608.399477 431.391218 623.700472
141.400000 nan nan 631.419137 512.025257 438.919458 393.049210 299.738455 216.159443 160.720842 nan nan 710.043434 608.610892 431.543588 623.916987
141.450000 nan nan 631.638148 512.204476 439.074287 393.188724 299.846766 216.239730 160.782470 nan nan 710.288627 608.822304 431.695955 624.133498
141.500000 nan nan 631.857155 512.383692 439.229114 393.328234 299.955076 216.320016 160.844097 nan nan 710.533817 609.033713 431.848321 624.350006
141.550000 nan nan 632.076158 512.562906 439.383939 393.467743 300.063385 216.400301 160.905724 nan nan 710.779003 609.245119 432.000684 624.566511
141.600000 nan nan 632.295159 512.742117 439.538762 393.607250 300.171692 216.480585 160.967350 nan nan 711.024185 609.456521 432.153044 624.783012
141.650000 nan nan 632.514155 512.921325 439.693582 393.746755 300.279997 216.560867 161.028975 nan nan 711.269363 609.667920 432.305402 624.999510
141.700000 nan nan 632.733149 513.100531 439.848400 393.886258 300.388301 216.641149 161.090600 nan nan 711.514538 609.879316 432.457759 625.216005
141.750000 nan nan 632.952139 513.279734 440.003216 394.025758 300.496604 216.721430 161.152224 nan nan 711.759708 610.090709 432.610112 625.432496
141.800000 nan nan 633.171126 513.458934 440.158029 394.165257 300.604905 216.801709 161.213847 nan nan 712.004875 610.302098 432.762464 625.648984
141.850000 nan nan 633.390109 513.638131 440.312840 394.304754 300.713204 216.881988 161.275469 nan nan 712.250038 610.513484 432.914813 625.865469
141.900000 nan nan 633.609089 513.817326 440.467649 394.444248 300.821502 216.962265 161.337090 nan nan 712.495198 610.724867 433.067160 626.081950
141.950000 nan nan 633.828066 513.996518 440.622455 394.583740 300.929798 217.042541 161.398711 nan nan 712.740353 610.936247 433.219505 626.298428
142.000000 nan nan 634.047039 514.175707 440.777259 394.723231 301.038093 217.122816 161.460331 nan nan 712.985505 611.147623 433.371847 626.514902
142.050000 nan nan 634.266009 514.354894 440.932061 394.862719 301.146386 217.203091 161.521950 nan nan 713.230653 611.358996 433.524188 626.731374
142.100000 nan nan 634.484976 514.534078 441.086861 395.002206 301.254678 217.283364 161.583568 nan nan 713.475797 611.570366 433.676526 626.947842
142.150000 nan nan 634.703939 514.713259 441.241658 395.141690 301.362968 217.363636 161.645186 nan nan 713.720937 611.781733 433.828861 627.164307
142.200000 nan nan 634.922899 514.892438 441.396453 395.281172 301.471256 217.443907 161.706803 nan nan 713.966074 611.993097 433.981195 627.380768
142.250000 nan nan 635.141855 515.071614 441.551246 395.420652 301.579543 217.524176 161.768419 nan nan 714.211206 612.204457 434.133526 627.597226
142.300000 nan nan 635.360808 515.250787 441.706036 395.560130 301.687829 217.604445 161.830034 nan nan 714.456335 612.415814 434.285855 627.813681
142.350000 nan nan 635.579758 515.429957 441.860824 395.699606 301.796113 217.684713 161.891649 nan nan 714.701460 612.627168 434.438181 628.030132
142.400000 nan nan 635.798704 515.609125 442.015610 395.839080 301.904395 217.764980 161.953262 nan nan 714.946582 612.838518 434.590506 628.246580
142.450000 nan nan 636.017647 515.788290 442.170393 395.978552 302.012676 217.845245 162.014876 nan nan 715.191699 613.049866 434.742828 628.463025
142.500000 nan nan 636.236587 515.967452 442.325174 396.118022 302.120956 217.925510 162.076488 nan nan 715.436813 613.261210 434.895148 628.679467
142.550000 nan nan 636.455524 516.146612 442.479953 396.257490 302.229233 218.005773 162.138099 nan nan 715.681923 613.472551 435.047466 628.895905
142.600000 nan nan 636.674457 516.325769 442.634730 396.396956 302.337510 218.086036 162.199710 nan nan 715.927029 613.683888 435.199781 629.112340
142.650000 nan nan 636.893386 516.504923 442.789504 396.536420 302.445785 218.166297 162.261320 nan nan 716.172132 613.895223 435.352094 629.328771
142.700000 nan nan 637.112313 516.684074 442.944276 396.675882 302.554058 218.246557 162.322929 nan nan 716.417231 614.106554 435.504405 629.545199
142.750000 nan nan 637.331236 516.863223 443.099046 396.815342 302.662330 218.326817 162.384538 nan nan 716.662325 614.317882 435.656714 629.761624
142.800000 nan nan 637.550155 517.042370 443.253813 396.954799 302.770600 218.407075 162.446146 nan nan 716.907417 614.529207 435.809020 629.978046
142.850000 nan nan 637.769072 517.221513 443.408578 397.094255 302.878869 218.487332 162.507753 nan nan 717.152504 614.740528 435.961324 630.194464
142.900000 nan nan 637.987984 517.400654 443.563341 397.233709 302.987136 218.567588 162.569359 nan nan 717.397588 614.951847 436.113626 630.410880
142.950000 nan nan 638.206894 517.579792 443.718102 397.373160 303.095402 218.647843 162.630964 nan nan 717.642667 615.163162 436.265926 630.627291
143.000000 nan nan 638.425800 517.758927 443.872860 397.512610 303.203666 218.728097 162.692569 nan nan 717.887743 615.374474 436.418223 630.843700
143.050000 nan nan 638.644703 517.938060 444.027616 397.652057 303.311928 218.808350 162.754173 nan nan 718.132816 615.585782 436.570518 631.060105
143.100000 nan nan 638.863603 518.117190 444.182370 397.791503 303.420189 218.888601 162.815776 nan nan 718.377884 615.797088 436.722811 631.276507
143.150000 nan nan 639.082499 518.296318 444.337121 397.930946 303.528449 218.968852 162.877379 nan nan 718.622949 616.008390 436.875102 631.492905
143.200000 nan nan 639.301392 518.475442 444.491870 398.070388 303.636707 219.049102 162.938980 nan nan 718.868010 616.219689 437.027391 631.709301
143.250000 nan nan 639.520282 518.654564 444.646617 398.209827 303.744964 219.129350 163.000581 nan nan 719.113067 616.430985 437.179677 631.925693
143.300000 nan nan 639.739168 518.833684 444.801362 398.349265 303.853219 219.209598 163.062181 nan nan 719.358121 616.642278 437.331961 632.142082
143.350000 nan nan 639.958051 519.012800 444.956104 398.488700 303.961472 219.289844 163.123781 nan nan 719.603171 616.853567 437.484243 632.358467
143.400000 nan nan 640.176931 519.191914 445.110844 398.628133 304.069724 219.370090 163.185379 nan nan 719.848217 617.064854 437.636522 632.574849
143.450000 nan nan 640.395807 519.371026 445.265582 398.767565 304.177975 219.450334 163.246977 nan nan 720.093259 617.276137 437.788799 632.791228
143.500000 nan nan 640.614680 519.550134 445.420317 398.906994 304.286224 219.530577 163.308574 nan nan 720.338297 617.487417 437.941074 633.007604
143.550000 nan nan 640.833550 519.729240 445.575050 399.046421 304.394471 219.610820 163.370171 nan nan 720.583332 617.698693 438.093347 633.223976
143.600000 nan nan 641.052416 519.908344 445.729781 399.185847 304.502717 219.691061 163.431767 nan nan 720.828363 617.909967 438.245618 633.440345
143.650000 nan nan 641.271279 520.087444 445.884510 399.325270 304.610962 219.771301 163.493361 nan nan 721.073390 618.121237 438.397886 633.656711
143.700000 nan nan 641.490139 520.266542 446.039236 399.464691 304.719204 219.851540 163.554956 nan nan 721.318414 618.332504 438.550152 633.873073
143.750000 nan nan 641.708995 520.445638 446.193961 399.604110 304.827446 219.931778 163.616549 nan nan 721.563434 618.543768 438.702416 634.089433
143.800000 nan nan 641.927849 520.624730 446.348682 399.743527 304.935686 220.012015 163.678142 nan nan 721.808450 618.755029 438.854678 634.305789
143.850000 nan nan 642.146698 520.803820 446.503402 399.882943 305.043924 220.092251 163.739733 nan nan 722.053462 618.966286 439.006937 634.522141
143.900000 nan nan 642.365545 520.982908 446.658119 400.022356 305.152161 220.172486 163.801325 nan nan 722.298471 619.177541 439.159194 634.738491
143.950000 nan nan 642.584388 521.161992 446.812834 400.161767 305.260396 220.252719 163.862915 nan nan 722.543476 619.388792 439.311449 634.954837
144.000000 nan nan 642.803228 521.341074 446.967547 400.301176 305.368630 220.332952 163.924505 nan nan 722.788477 619.600040 439.463702 635.171180
144.050000 nan nan 643.022065 521.520154 447.122258 400.440583 305.476863 220.413184 163.986093 nan nan 723.033474 619.811285 439.615953 635.387519
144.100000 nan nan 643.240898 521.699230 447.276966 400.579988 305.585093 220.493414 164.047682 nan nan 723.278468 620.022526 439.768201 635.603856
144.150000 nan nan 643.459728 521.878304 447.431672 400.719391 305.693323 220.573644 164.109269 nan nan 723.523458 620.233765 439.920447 635.820189
144.200000 nan nan 643.678554 522.057376 447.586376 400.858792 305.801551 220.653872 164.170856 nan nan 723.768444 620.445000 440.072691 636.036519
144.250000 nan nan 643.897378 522.236444 447.741077 400.998191 305.909777 220.734100 164.232441 nan nan 724.013426 620.656232 440.224932 636.252845
144.300000 nan nan 644.116198 522.415510 447.895776 401.137588 306.018002 220.814326 164.294027 nan nan 724.258405 620.867461 440.377172 636.469168
144.350000 nan nan 644.335015 522.594574 448.050473 401.276983 306.126225 220.894552 164.355611 nan nan 724.503380 621.078687 440.529409 636.685488
144.400000 nan nan 644.553828 522.773635 448.205168 401.416376 306.234447 220.974776 164.417195 nan nan 724.748351 621.289909 440.681644 636.901805
144.450000 nan nan 644.772638 522.952693 448.359861 401.555767 306.342667 221.054999 164.478777 nan nan 724.993319 621.501129 440.833877 637.118119
144.500000 nan nan 644.991445 523.131748 448.514551 401.695156 306.450886 221.135222 164.540360 nan nan 725.238283 621.712345 440.986107 637.334429
144.550000 nan nan 645.210249 523.310801 448.669239 401.834543 306.559103 221.215443 164.601941 nan nan 725.483243 621.923558 441.138336 637.550736
144.600000 nan nan 645.429049 523.489851 448.823924 401.973928 306.667319 221.295663 164.663522 nan nan 725.728199 622.134768 441.290562 637.767040
144.650000 nan nan 645.647846 523.668899 448.978608 402.113311 306.775533 221.375882 164.725101 nan nan 725.973152 622.345975 441.442786 637.983340
144.700000 nan nan 645.866640 523.847943 449.133289 402.252692 306.883746 221.456100 164.786681 nan nan 726.218101 622.557178 441.595007 638.199638
144.750000 nan nan 646.085430 524.026986 449.287968 402.392071 306.991957 221.536317 164.848259 nan nan 726.463046 622.768379 441.747227 638.415932
144.800000 nan nan 646.304217 524.206025 449.442645 402.531448 307.100167 221.616533 164.909837 nan nan 726.707988 622.979576 441.899444 638.632223
144.850000 nan nan 646.523001 524.385062 449.597319 402.670823 307.208375 221.696748 164.971414 nan nan 726.952926 623.190770 442.051659 638.848510
144.900000 nan nan 646.741782 524.564096 449.751991 402.810196 307.316582 221.776961 165.032990 nan nan 727.197860 623.401961 442.203872 639.064794
144.950000 nan nan 646.960559 524.743128 449.906661 402.949567 307.424787 221.857174 165.094565 nan nan 727.442791 623.613149 442.356083 639.281076
145.000000 nan nan 647.179333 524.922157 450.061329 403.088936 307.532991 221.937386 165.156140 nan nan 727.687717 623.824333 442.508291 639.497353
145.050000 nan nan 647.398104 525.101183 450.215994 403.228303 307.641193 222.017597 165.217714 nan nan 727.932641 624.035515 442.660497 639.713628
145.100000 nan nan 647.616871 525.280207 450.370657 403.367668 307.749394 222.097806 165.279287 nan nan 728.177560 624.246693 442.812701 639.929899
145.150000 nan nan 647.835636 525.459228 450.525318 403.507031 307.857594 222.178015 165.340859 nan nan 728.422476 624.457868 442.964903 640.146167
145.200000 nan nan 648.054396 525.638247 450.679977 403.646392 307.965791 222.258222 165.402431 nan nan 728.667388 624.669040 443.117103 640.362432
145.250000 nan nan 648.273154 525.817263 450.834634 403.785751 308.073988 222.338429 165.464002 nan nan 728.912296 624.880209 443.269300 640.578694
145.300000 nan nan 648.491908 525.996276 450.989288 403.925108 308.182182 222.418634 165.525572 nan nan 729.157201 625.091375 443.421496 640.794952
145.350000 nan nan 648.710660 526.175286 451.143940 404.064463 308.290376 222.498839 165.587141 nan nan 729.402102 625.302537 443.573689 641.011208
145.400000 nan nan 648.929407 526.354294 451.298590 404.203815 308.398568 222.579042 165.648710 nan nan 729.646999 625.513696 443.725879 641.227460
145.450000 nan nan 649.148152 526.533300 451.453237 404.343166 308.506758 222.659244 165.710278 nan nan 729.891892 625.724853 443.878068 641.443708
145.500000 nan nan 649.366893 526.712302 451.607882 404.482515 308.614947 222.739446 165.771845 nan nan 730.136782 625.936006 444.030254 641.659954
145.550000 nan nan 649.585631 526.891302 451.762525 404.621862 308.723134 222.819646 165.833412 nan nan 730.381668 626.147156 444.182439 641.876196
145.600000 nan nan 649.804366 527.070300 451.917166 404.761208 308.831320 222.899845 165.894978 nan nan 730.626551 626.358303 444.334621 642.092435
145.650000 nan nan 650.023098 527.249295 452.071805 404.900551 308.939504 222.980043 165.956542 nan nan 730.871430 626.569446 444.486801 642.308671
145.700000 nan nan 650.241826 527.428287 452.226441 405.039892 309.047687 223.060240 166.018107 nan nan 731.116305 626.780587 444.638978 642.524904
145.750000 nan nan 650.460551 527.607276 452.381075 405.179231 309.155869 223.140437 166.079670 nan nan 731.361176 626.991724 444.791154 642.741133
145.800000 nan nan 650.679273 527.786263 452.535707 405.318568 309.264049 223.220632 166.141233 nan nan 731.606044 627.202858 444.943327 642.957359
145.850000 nan nan 650.897991 527.965248 452.690337 405.457903 309.372227 223.300826 166.202795 nan nan 731.850908 627.413990 445.095498 643.173582
145.900000 nan nan 651.116706 528.144229 452.844964 405.597236 309.480404 223.381019 166.264356 nan nan 732.095769 627.625118 445.247667 643.389802
145.950000 nan nan 651.335418 528.323208 452.999589 405.736567 309.588579 223.461210 166.325917 nan nan 732.340625 627.836242 445.399834 643.606019
146.000000 nan nan 651.554127 528.502185 453.154212 405.875896 309.696753 223.541401 166.387477 nan nan 732.585479 628.047364 445.551998 643.822232
146.050000 nan nan 651.772833 528.681159 453.308833 406.015223 309.804926 223.621591 166.449036 nan nan 732.830328 628.258483 445.704160 644.038442
146.100000 nan nan 651.991535 528.860130 453.463452 406.154548 309.913097 223.701780 166.510594 nan nan 733.075174 628.469598 445.856320 644.254649
