web/models/kne/36/Metzger_0.500000_0.354138_0.100000.dat
# %ECSV 0.9
# ---
# datatype:
# - {name: time, datatype: float64}
# - {name: sdss_u, datatype: float64}
# - {name: sdss_g, datatype: float64}
# - {name: sdss_r, datatype: float64}
# - {name: sdss_i, datatype: float64}
# - {name: sdss_z, datatype: float64}
# - {name: PS1_y, datatype: float64}
# - {name: ukirt_J, datatype: float64}
# - {name: ukirt_H, datatype: float64}
# - {name: ukirt_K, datatype: float64}
# - {name: johnson_U, datatype: float64}
# - {name: johnson_B, datatype: float64}
# - {name: johnson_V, datatype: float64}
# - {name: johnson_R, datatype: float64}
# - {name: johnson_I, datatype: float64}
# - {name: Clear, datatype: float64}
# meta: !!omap
# - comment: [vej = 0.35413793103448277, mej = 0.5000000000045836, Ye = 0.1, redshift = 0.0]
# schema: astropy-2.0
time sdss_u sdss_g sdss_r sdss_i sdss_z PS1_y ukirt_J ukirt_H ukirt_K johnson_U johnson_B johnson_V johnson_R johnson_I Clear
[from data line 2077]
103.950000 245.801596 175.015602 130.268614 101.823578 84.463996 73.601978 51.606721 32.082171 19.290936 237.310738 194.738353 149.047312 124.827322 82.715640 128.478512
104.000000 245.934047 175.113598 130.344733 101.885727 84.517581 73.650186 51.643975 32.109585 19.311799 237.439063 194.845964 149.132624 124.900774 82.768361 128.553754
104.050000 246.066495 175.211590 130.420851 101.947874 84.571166 73.698393 51.681227 32.136999 19.332662 237.567385 194.953572 149.217934 124.974223 82.821081 128.628994
104.100000 246.198939 175.309581 130.496966 102.010020 84.624749 73.746599 51.718479 32.164412 19.353524 237.695703 195.061177 149.303242 125.047671 82.873800 128.704232
104.150000 246.331379 175.407568 130.573080 102.072164 84.678331 73.794804 51.755730 32.191825 19.374387 237.824017 195.168778 149.388548 125.121117 82.926518 128.779468
104.200000 246.463815 175.505553 130.649191 102.134307 84.731911 73.843007 51.792981 32.219237 19.395249 237.952328 195.276377 149.473851 125.194562 82.979234 128.854702
104.250000 246.596247 175.603536 130.725301 102.196448 84.785491 73.891210 51.830231 32.246649 19.416110 238.080635 195.383973 149.559152 125.268004 83.031949 128.929935
104.300000 246.728676 175.701515 130.801408 102.258588 84.839069 73.939412 51.867479 32.274060 19.436972 238.208938 195.491566 149.644450 125.341444 83.084663 129.005165
104.350000 246.861101 175.799492 130.877514 102.320726 84.892646 73.987612 51.904728 32.301471 19.457834 238.337238 195.599155 149.729747 125.414883 83.137376 129.080393
104.400000 246.993522 175.897466 130.953618 102.382863 84.946222 74.035812 51.941975 32.328882 19.478695 238.465534 195.706742 149.815041 125.488319 83.190087 129.155620
104.450000 247.125939 175.995438 131.029719 102.444998 84.999796 74.084010 51.979222 32.356292 19.499556 238.593827 195.814326 149.900333 125.561754 83.242797 129.230844
104.500000 247.258353 176.093407 131.105819 102.507131 85.053369 74.132207 52.016468 32.383702 19.520417 238.722115 195.921907 149.985623 125.635187 83.295506 129.306067
104.550000 247.390763 176.191373 131.181917 102.569263 85.106941 74.180403 52.053713 32.411111 19.541278 238.850400 196.029485 150.070910 125.708618 83.348214 129.381288
104.600000 247.523168 176.289337 131.258013 102.631394 85.160512 74.228599 52.090958 32.438520 19.562138 238.978682 196.137060 150.156195 125.782047 83.400921 129.456506
104.650000 247.655571 176.387297 131.334106 102.693523 85.214081 74.276793 52.128202 32.465929 19.582998 239.106960 196.244631 150.241478 125.855474 83.453626 129.531723
104.700000 247.787969 176.485255 131.410198 102.755650 85.267649 74.324986 52.165445 32.493337 19.603858 239.235234 196.352200 150.326758 125.928899 83.506330 129.606938
104.750000 247.920364 176.583211 131.486288 102.817776 85.321216 74.373177 52.202687 32.520745 19.624718 239.363504 196.459766 150.412037 126.002323 83.559033 129.682151
104.800000 248.052754 176.681164 131.562376 102.879901 85.374782 74.421368 52.239929 32.548152 19.645578 239.491771 196.567329 150.497312 126.075744 83.611734 129.757361
104.850000 248.185141 176.779114 131.638462 102.942023 85.428346 74.469558 52.277170 32.575559 19.666437 239.620034 196.674889 150.582586 126.149164 83.664435 129.832570
104.900000 248.317525 176.877061 131.714546 103.004145 85.481909 74.517746 52.314410 32.602965 19.687296 239.748294 196.782446 150.667858 126.222581 83.717134 129.907777
104.950000 248.449904 176.975006 131.790627 103.066264 85.535471 74.565934 52.351649 32.630372 19.708155 239.876550 196.890000 150.753127 126.295997 83.769832 129.982982
105.000000 248.582280 177.072948 131.866707 103.128383 85.589032 74.614120 52.388888 32.657777 19.729014 240.004802 196.997551 150.838394 126.369411 83.822529 130.058185
105.050000 248.714652 177.170887 131.942785 103.190499 85.642591 74.662306 52.426126 32.685182 19.749873 240.133050 197.105098 150.923658 126.442823 83.875224 130.133386
105.100000 248.847020 177.268824 132.018861 103.252615 85.696149 74.710490 52.463363 32.712587 19.770731 240.261295 197.212643 151.008920 126.516233 83.927918 130.208585
105.150000 248.979384 177.366758 132.094935 103.314728 85.749706 74.758673 52.500600 32.739992 19.791589 240.389536 197.320185 151.094180 126.589641 83.980611 130.283783
105.200000 249.111744 177.464689 132.171007 103.376840 85.803261 74.806855 52.537836 32.767395 19.812447 240.517774 197.427724 151.179438 126.663048 84.033303 130.358978
105.250000 249.244101 177.562618 132.247077 103.438951 85.856815 74.855036 52.575071 32.794799 19.833305 240.646008 197.535260 151.264694 126.736452 84.085994 130.434171
105.300000 249.376454 177.660544 132.323145 103.501060 85.910369 74.903216 52.612305 32.822202 19.854162 240.774238 197.642793 151.349947 126.809854 84.138683 130.509362
105.350000 249.508803 177.758467 132.399211 103.563167 85.963920 74.951395 52.649538 32.849605 19.875020 240.902465 197.750323 151.435198 126.883255 84.191371 130.584552
105.400000 249.641148 177.856388 132.475275 103.625273 86.017471 74.999573 52.686771 32.877007 19.895877 241.030687 197.857850 151.520446 126.956654 84.244058 130.659739
105.450000 249.773490 177.954306 132.551337 103.687378 86.071020 75.047749 52.724003 32.904409 19.916734 241.158907 197.965374 151.605693 127.030050 84.296743 130.734924
105.500000 249.905827 178.052221 132.627397 103.749481 86.124568 75.095925 52.761235 32.931810 19.937590 241.287122 198.072895 151.690937 127.103445 84.349428 130.810108
105.550000 250.038161 178.150133 132.703455 103.811582 86.178115 75.144099 52.798465 32.959211 19.958447 241.415334 198.180413 151.776179 127.176838 84.402111 130.885289
105.600000 250.170492 178.248043 132.779511 103.873682 86.231660 75.192272 52.835695 32.986612 19.979303 241.543543 198.287928 151.861418 127.250229 84.454793 130.960469
105.650000 250.302818 178.345950 132.855565 103.935780 86.285204 75.240445 52.872924 33.014012 20.000159 241.671747 198.395440 151.946655 127.323619 84.507473 131.035647
105.700000 250.435140 178.443854 132.931617 103.997877 86.338747 75.288616 52.910152 33.041412 20.021015 241.799948 198.502949 152.031890 127.397006 84.560153 131.110822
105.750000 250.567459 178.541756 133.007667 104.059972 86.392289 75.336786 52.947380 33.068811 20.041870 241.928145 198.610455 152.117123 127.470391 84.612831 131.185996
105.800000 250.699774 178.639655 133.083716 104.122065 86.445829 75.384955 52.984607 33.096210 20.062726 242.056339 198.717958 152.202353 127.543775 84.665508 131.261168
105.850000 250.832085 178.737552 133.159762 104.184157 86.499368 75.433123 53.021833 33.123608 20.083581 242.184529 198.825458 152.287581 127.617156 84.718183 131.336337
105.900000 250.964393 178.835445 133.235806 104.246248 86.552906 75.481290 53.059058 33.151006 20.104436 242.312715 198.932955 152.372807 127.690536 84.770858 131.411505
105.950000 251.096696 178.933336 133.311848 104.308337 86.606442 75.529455 53.096283 33.178404 20.125291 242.440898 199.040449 152.458031 127.763914 84.823531 131.486671
106.000000 251.228996 179.031224 133.387888 104.370424 86.659978 75.577620 53.133507 33.205801 20.146145 242.569077 199.147940 152.543252 127.837289 84.876203 131.561835
106.050000 251.361292 179.129110 133.463926 104.432510 86.713512 75.625783 53.170730 33.233198 20.166999 242.697252 199.255428 152.628471 127.910663 84.928874 131.636997
106.100000 251.493584 179.226993 133.539962 104.494595 86.767045 75.673946 53.207952 33.260594 20.187853 242.825424 199.362913 152.713687 127.984035 84.981543 131.712157
106.150000 251.625872 179.324873 133.615997 104.556678 86.820576 75.722107 53.245174 33.287990 20.208707 242.953592 199.470394 152.798902 128.057406 85.034211 131.787314
106.200000 251.758157 179.422751 133.692029 104.618759 86.874106 75.770267 53.282395 33.315385 20.229561 243.081756 199.577873 152.884114 128.130774 85.086878 131.862470
106.250000 251.890438 179.520625 133.768059 104.680839 86.927635 75.818426 53.319615 33.342780 20.250414 243.209917 199.685349 152.969324 128.204140 85.139544 131.937625
106.300000 252.022715 179.618498 133.844087 104.742917 86.981163 75.866584 53.356835 33.370175 20.271267 243.338074 199.792822 153.054531 128.277504 85.192209 132.012777
106.350000 252.154988 179.716367 133.920113 104.804993 87.034689 75.914741 53.394053 33.397569 20.292120 243.466227 199.900292 153.139736 128.350867 85.244872 132.087927
106.400000 252.287257 179.814234 133.996138 104.867069 87.088214 75.962897 53.431271 33.424962 20.312973 243.594376 200.007759 153.224939 128.424228 85.297534 132.163075
106.450000 252.419523 179.912098 134.072160 104.929142 87.141738 76.011052 53.468488 33.452356 20.333826 243.722522 200.115223 153.310140 128.497586 85.350195 132.238221
106.500000 252.551785 180.009959 134.148180 104.991214 87.195261 76.059205 53.505705 33.479749 20.354678 243.850665 200.222684 153.395338 128.570943 85.402854 132.313365
106.550000 252.684043 180.107818 134.224198 105.053285 87.248782 76.107358 53.542921 33.507141 20.375530 243.978803 200.330142 153.480534 128.644298 85.455512 132.388507
106.600000 252.816297 180.205674 134.300215 105.115354 87.302302 76.155509 53.580135 33.534533 20.396382 244.106938 200.437597 153.565728 128.717651 85.508170 132.463648
106.650000 252.948547 180.303527 134.376229 105.177421 87.355821 76.203660 53.617350 33.561924 20.417233 244.235070 200.545049 153.650920 128.791002 85.560825 132.538786
106.700000 253.080794 180.401377 134.452241 105.239487 87.409338 76.251809 53.654563 33.589315 20.438085 244.363197 200.652498 153.736109 128.864351 85.613480 132.613922
106.750000 253.213036 180.499225 134.528251 105.301551 87.462855 76.299957 53.691776 33.616706 20.458936 244.491321 200.759944 153.821296 128.937698 85.666133 132.689057
106.800000 253.345275 180.597070 134.604260 105.363614 87.516370 76.348104 53.728988 33.644096 20.479787 244.619442 200.867387 153.906480 129.011044 85.718785 132.764189
106.850000 253.477511 180.694913 134.680266 105.425675 87.569883 76.396250 53.766199 33.671486 20.500638 244.747558 200.974827 153.991663 129.084387 85.771436 132.839320
106.900000 253.609742 180.792753 134.756270 105.487735 87.623396 76.444395 53.803409 33.698875 20.521488 244.875671 201.082264 154.076843 129.157728 85.824086 132.914448
106.950000 253.741970 180.890590 134.832272 105.549793 87.676907 76.492538 53.840619 33.726264 20.542338 245.003780 201.189698 154.162020 129.231068 85.876734 132.989575
107.000000 253.874193 180.988424 134.908273 105.611849 87.730417 76.540681 53.877828 33.753653 20.563188 245.131886 201.297128 154.247196 129.304406 85.929381 133.064699
107.050000 254.006413 181.086256 134.984271 105.673904 87.783925 76.588822 53.915036 33.781041 20.584038 245.259988 201.404556 154.332369 129.377742 85.982027 133.139822
107.100000 254.138630 181.184085 135.060267 105.735958 87.837433 76.636963 53.952243 33.808428 20.604888 245.388086 201.511981 154.417540 129.451075 86.034671 133.214942
107.150000 254.270842 181.281911 135.136262 105.798009 87.890939 76.685102 53.989450 33.835816 20.625737 245.516181 201.619403 154.502708 129.524407 86.087315 133.290061
107.200000 254.403050 181.379735 135.212254 105.860060 87.944443 76.733240 54.026656 33.863202 20.646586 245.644272 201.726822 154.587875 129.597737 86.139957 133.365178
107.250000 254.535255 181.477555 135.288244 105.922109 87.997947 76.781377 54.063861 33.890589 20.667435 245.772359 201.834238 154.673039 129.671065 86.192598 133.440292
107.300000 254.667456 181.575374 135.364232 105.984156 88.051449 76.829513 54.101066 33.917975 20.688284 245.900443 201.941651 154.758200 129.744392 86.245237 133.515405
107.350000 254.799653 181.673189 135.440219 106.046202 88.104950 76.877648 54.138269 33.945360 20.709132 246.028523 202.049061 154.843360 129.817716 86.297876 133.590516
107.400000 254.931847 181.771002 135.516203 106.108246 88.158450 76.925782 54.175472 33.972745 20.729980 246.156599 202.156468 154.928517 129.891038 86.350513 133.665625
107.450000 255.064036 181.868812 135.592185 106.170288 88.211948 76.973915 54.212674 34.000129 20.750828 246.284672 202.263871 155.013672 129.964359 86.403149 133.740731
107.500000 255.196222 181.966619 135.668166 106.232329 88.265445 77.022046 54.249876 34.027513 20.771676 246.412741 202.371272 155.098824 130.037677 86.455783 133.815836
107.550000 255.328404 182.064424 135.744144 106.294369 88.318941 77.070177 54.287076 34.054897 20.792524 246.540806 202.478670 155.183975 130.110994 86.508417 133.890939
107.600000 255.460582 182.162226 135.820120 106.356407 88.372435 77.118306 54.324276 34.082280 20.813371 246.668867 202.586065 155.269122 130.184309 86.561049 133.966040
107.650000 255.592757 182.260025 135.896095 106.418443 88.425929 77.166434 54.361475 34.109663 20.834218 246.796925 202.693457 155.354268 130.257622 86.613679 134.041139
107.700000 255.724927 182.357822 135.972067 106.480478 88.479421 77.214561 54.398674 34.137045 20.855065 246.924980 202.800846 155.439411 130.330932 86.666309 134.116236
107.750000 255.857094 182.455616 136.048037 106.542511 88.532911 77.262687 54.435871 34.164427 20.875911 247.053030 202.908231 155.524553 130.404241 86.718937 134.191331
107.800000 255.989257 182.553407 136.124005 106.604543 88.586401 77.310812 54.473068 34.191809 20.896758 247.181077 203.015614 155.609691 130.477549 86.771564 134.266424
107.850000 256.121416 182.651196 136.199972 106.666573 88.639889 77.358936 54.510264 34.219190 20.917604 247.309120 203.122994 155.694828 130.550854 86.824190 134.341515
107.900000 256.253572 182.748981 136.275936 106.728602 88.693376 77.407059 54.547460 34.246570 20.938450 247.437160 203.230371 155.779962 130.624157 86.876815 134.416604
107.950000 256.385723 182.846765 136.351898 106.790629 88.746861 77.455180 54.584654 34.273950 20.959295 247.565196 203.337745 155.865094 130.697458 86.929438 134.491691
108.000000 256.517871 182.944545 136.427859 106.852654 88.800346 77.503301 54.621848 34.301330 20.980141 247.693228 203.445115 155.950223 130.770758 86.982060 134.566776
108.050000 256.650015 183.042323 136.503817 106.914678 88.853829 77.551420 54.659041 34.328709 21.000986 247.821257 203.552483 156.035351 130.844055 87.034681 134.641859
108.100000 256.782155 183.140098 136.579773 106.976701 88.907310 77.599539 54.696233 34.356088 21.021831 247.949282 203.659848 156.120476 130.917351 87.087301 134.716941
108.150000 256.914291 183.237870 136.655728 107.038721 88.960791 77.647656 54.733425 34.383466 21.042676 248.077303 203.767210 156.205599 130.990644 87.139919 134.792020
108.200000 257.046424 183.335640 136.731680 107.100741 89.014270 77.695772 54.770616 34.410844 21.063520 248.205320 203.874569 156.290719 131.063936 87.192536 134.867097
108.250000 257.178553 183.433407 136.807630 107.162758 89.067748 77.743887 54.807806 34.438222 21.084364 248.333334 203.981924 156.375837 131.137226 87.245152 134.942172
108.300000 257.310678 183.531171 136.883579 107.224775 89.121225 77.792001 54.844995 34.465599 21.105208 248.461345 204.089277 156.460953 131.210514 87.297766 135.017246
108.350000 257.442799 183.628932 136.959525 107.286789 89.174700 77.840113 54.882184 34.492975 21.126052 248.589351 204.196627 156.546066 131.283800 87.350380 135.092317
108.400000 257.574916 183.726691 137.035469 107.348802 89.228174 77.888225 54.919371 34.520351 21.146896 248.717354 204.303974 156.631178 131.357084 87.402992 135.167386
108.450000 257.707030 183.824447 137.111411 107.410814 89.281647 77.936335 54.956558 34.547727 21.167739 248.845353 204.411317 156.716287 131.430366 87.455603 135.242454
108.500000 257.839139 183.922201 137.187352 107.472824 89.335118 77.984445 54.993745 34.575102 21.188582 248.973349 204.518658 156.801393 131.503646 87.508212 135.317519
108.550000 257.971245 184.019951 137.263290 107.534832 89.388588 78.032553 55.030930 34.602477 21.209425 249.101341 204.625996 156.886498 131.576925 87.560820 135.392583
