web/models/kne/36/Metzger_0.058653_0.337931_0.450000.dat
# %ECSV 0.9
# ---
# datatype:
# - {name: time, datatype: float64}
# - {name: sdss_u, datatype: float64}
# - {name: sdss_g, datatype: float64}
# - {name: sdss_r, datatype: float64}
# - {name: sdss_i, datatype: float64}
# - {name: sdss_z, datatype: float64}
# - {name: PS1_y, datatype: float64}
# - {name: ukirt_J, datatype: float64}
# - {name: ukirt_H, datatype: float64}
# - {name: ukirt_K, datatype: float64}
# - {name: johnson_U, datatype: float64}
# - {name: johnson_B, datatype: float64}
# - {name: johnson_V, datatype: float64}
# - {name: johnson_R, datatype: float64}
# - {name: johnson_I, datatype: float64}
# - {name: Clear, datatype: float64}
# meta: !!omap
# - comment: [vej = 0.33793103448275863, mej = 0.058653062403363466, Ye = 0.45, redshift = 0.0]
# schema: astropy-2.0
time sdss_u sdss_g sdss_r sdss_i sdss_z PS1_y ukirt_J ukirt_H ukirt_K johnson_U johnson_B johnson_V johnson_R johnson_I Clear
[from data line 797]
39.950000 167.924738 117.802605 86.175259 66.108720 53.884656 46.247708 30.822262 17.198612 8.336188 161.908392 131.759003 99.440790 82.333866 52.654725 84.911369
40.000000 168.150478 117.969379 86.304596 66.214148 53.975430 46.329279 30.885085 17.244597 8.370962 162.127070 131.942232 99.585859 82.458637 52.744019 85.039204
40.050000 168.376201 118.136142 86.433925 66.319571 54.066199 46.410846 30.947907 17.290582 8.405737 162.345733 132.125448 99.730919 82.583401 52.833310 85.167032
40.100000 168.601908 118.302894 86.563246 66.424987 54.156964 46.492409 31.010727 17.336566 8.440511 162.564380 132.308652 99.875969 82.708158 52.922595 85.294851
40.150000 168.827599 118.469635 86.692559 66.530398 54.247724 46.573969 31.073544 17.382549 8.475286 162.783012 132.491843 100.021010 82.832907 53.011877 85.422663
40.200000 169.053274 118.636365 86.821864 66.635803 54.338480 46.655525 31.136359 17.428531 8.510061 163.001629 132.675022 100.166042 82.957648 53.101153 85.550467
40.250000 169.278933 118.803084 86.951161 66.741203 54.429231 46.737077 31.199172 17.474513 8.544837 163.220230 132.858188 100.311065 83.082382 53.190426 85.678264
40.300000 169.504577 118.969792 87.080451 66.846596 54.519977 46.818625 31.261982 17.520494 8.579612 163.438815 133.041342 100.456079 83.207109 53.279694 85.806053
40.350000 169.730204 119.136489 87.209733 66.951984 54.610719 46.900170 31.324791 17.566474 8.614388 163.657386 133.224484 100.601083 83.331828 53.368957 85.933834
40.400000 169.955815 119.303175 87.339007 67.057366 54.701457 46.981711 31.387597 17.612453 8.649164 163.875940 133.407614 100.746079 83.456540 53.458216 86.061607
40.450000 170.181411 119.469851 87.468273 67.162742 54.792190 47.063248 31.450401 17.658431 8.683940 164.094480 133.590731 100.891065 83.581244 53.547471 86.189373
40.500000 170.406990 119.636515 87.597532 67.268112 54.882918 47.144781 31.513203 17.704409 8.718716 164.313005 133.773836 101.036042 83.705941 53.636721 86.317132
40.550000 170.632554 119.803168 87.726783 67.373477 54.973642 47.226310 31.576003 17.750386 8.753492 164.531514 133.956928 101.181011 83.830631 53.725967 86.444882
40.600000 170.858102 119.969811 87.856026 67.478836 55.064361 47.307836 31.638800 17.796362 8.788269 164.750008 134.140009 101.325970 83.955313 53.815208 86.572625
40.650000 171.083634 120.136442 87.985261 67.584189 55.155076 47.389358 31.701596 17.842337 8.823045 164.968486 134.323077 101.470920 84.079988 53.904445 86.700361
40.700000 171.309150 120.303063 88.114488 67.689536 55.245786 47.470877 31.764389 17.888312 8.857822 165.186950 134.506133 101.615861 84.204655 53.993678 86.828088
40.750000 171.534651 120.469673 88.243708 67.794878 55.336492 47.552391 31.827180 17.934286 8.892599 165.405398 134.689177 101.760793 84.329316 54.082906 86.955808
40.800000 171.760136 120.636272 88.372921 67.900214 55.427193 47.633902 31.889969 17.980259 8.927376 165.623832 134.872208 101.905716 84.453969 54.172130 87.083521
40.850000 171.985605 120.802861 88.502125 68.005544 55.517890 47.715409 31.952756 18.026231 8.962154 165.842250 135.055228 102.050630 84.578614 54.261350 87.211226
40.900000 172.211059 120.969439 88.631322 68.110869 55.608583 47.796913 32.015540 18.072203 8.996931 166.060653 135.238235 102.195535 84.703253 54.350565 87.338924
40.950000 172.436497 121.136005 88.760511 68.216188 55.699270 47.878412 32.078322 18.118174 9.031709 166.279042 135.421230 102.340431 84.827884 54.439776 87.466614
41.000000 172.661919 121.302562 88.889693 68.321501 55.789954 47.959908 32.141103 18.164144 9.066486 166.497415 135.604213 102.485318 84.952508 54.528983 87.594296
41.050000 172.887326 121.469107 89.018867 68.426808 55.880633 48.041400 32.203881 18.210113 9.101264 166.715773 135.787184 102.630197 85.077124 54.618185 87.721971
41.100000 173.112718 121.635642 89.148033 68.532110 55.971307 48.122889 32.266657 18.256081 9.136042 166.934116 135.970143 102.775066 85.201733 54.707383 87.849639
41.150000 173.338094 121.802166 89.277191 68.637407 56.061977 48.204374 32.329430 18.302049 9.170820 167.152445 136.153090 102.919927 85.326336 54.796576 87.977299
41.200000 173.563454 121.968679 89.406343 68.742697 56.152643 48.285855 32.392202 18.348016 9.205599 167.370758 136.336025 103.064778 85.450930 54.885766 88.104951
41.250000 173.788799 122.135182 89.535486 68.847982 56.243304 48.367333 32.454971 18.393982 9.240377 167.589057 136.518948 103.209621 85.575518 54.974951 88.232596
41.300000 174.014128 122.301675 89.664622 68.953262 56.333961 48.448807 32.517739 18.439947 9.275156 167.807340 136.701859 103.354455 85.700099 55.064131 88.360234
41.350000 174.239443 122.468156 89.793750 69.058536 56.424613 48.530277 32.580504 18.485912 9.309935 168.025609 136.884758 103.499280 85.824672 55.153308 88.487864
41.400000 174.464741 122.634627 89.922871 69.163804 56.515261 48.611743 32.643267 18.531875 9.344713 168.243863 137.067646 103.644096 85.949238 55.242480 88.615487
41.450000 174.690025 122.801088 90.051985 69.269066 56.605905 48.693206 32.706027 18.577838 9.379492 168.462103 137.250521 103.788903 86.073797 55.331647 88.743102
41.500000 174.915293 122.967537 90.181090 69.374323 56.696544 48.774665 32.768786 18.623801 9.414272 168.680327 137.433384 103.933702 86.198349 55.420811 88.870710
41.550000 175.140546 123.133977 90.310189 69.479575 56.787179 48.856121 32.831543 18.669762 9.449051 168.898537 137.616236 104.078492 86.322893 55.509970 88.998311
41.600000 175.365783 123.300406 90.439279 69.584821 56.877809 48.937573 32.894297 18.715723 9.483830 169.116732 137.799076 104.223273 86.447431 55.599125 89.125904
41.650000 175.591005 123.466824 90.568363 69.690061 56.968435 49.019021 32.957049 18.761683 9.518610 169.334913 137.981903 104.368045 86.571961 55.688275 89.253490
41.700000 175.816213 123.633232 90.697438 69.795296 57.059056 49.100465 33.019800 18.807642 9.553389 169.553079 138.164720 104.512809 86.696484 55.777422 89.381068
41.750000 176.041404 123.799629 90.826507 69.900525 57.149674 49.181906 33.082548 18.853600 9.588169 169.771230 138.347524 104.657564 86.821001 55.866564 89.508639
41.800000 176.266581 123.966016 90.955568 70.005748 57.240286 49.263344 33.145293 18.899557 9.622949 169.989366 138.530316 104.802310 86.945510 55.955702 89.636203
41.850000 176.491743 124.132393 91.084621 70.110966 57.330895 49.344777 33.208037 18.945514 9.657729 170.207488 138.713097 104.947047 87.070012 56.044835 89.763760
41.900000 176.716889 124.298759 91.213667 70.216179 57.421499 49.426208 33.270779 18.991470 9.692509 170.425596 138.895866 105.091776 87.194507 56.133965 89.891309
41.950000 176.942021 124.465115 91.342706 70.321386 57.512099 49.507634 33.333518 19.037425 9.727289 170.643689 139.078624 105.236496 87.318995 56.223090 90.018851
42.000000 177.167137 124.631460 91.471737 70.426588 57.602694 49.589057 33.396256 19.083380 9.762069 170.861767 139.261369 105.381207 87.443475 56.312211 90.146385
42.050000 177.392238 124.797795 91.600761 70.531784 57.693285 49.670476 33.458991 19.129333 9.796850 171.079831 139.444103 105.525910 87.567949 56.401328 90.273913
42.100000 177.617324 124.964120 91.729777 70.636974 57.783872 49.751892 33.521724 19.175286 9.831630 171.297881 139.626826 105.670604 87.692416 56.490440 90.401433
42.150000 177.842396 125.130434 91.858786 70.742159 57.874454 49.833304 33.584455 19.221238 9.866411 171.515916 139.809536 105.815290 87.816876 56.579548 90.528945
42.200000 178.067452 125.296738 91.987788 70.847339 57.965032 49.914712 33.647184 19.267189 9.901191 171.733936 139.992235 105.959967 87.941329 56.668653 90.656451
42.250000 178.292493 125.463032 92.116782 70.952513 58.055606 49.996117 33.709911 19.313140 9.935972 171.951943 140.174923 106.104635 88.065775 56.757752 90.783949
42.300000 178.517520 125.629315 92.245769 71.057682 58.146176 50.077518 33.772636 19.359089 9.970753 172.169935 140.357599 106.249295 88.190213 56.846848 90.911440
42.350000 178.742531 125.795588 92.374749 71.162845 58.236741 50.158916 33.835358 19.405038 10.005534 172.387912 140.540263 106.393946 88.314645 56.935940 91.038924
42.400000 178.967528 125.961851 92.503721 71.268003 58.327302 50.240310 33.898079 19.450986 10.040315 172.605875 140.722916 106.538589 88.439070 57.025027 91.166401
42.450000 179.192510 126.128104 92.632686 71.373155 58.417858 50.321701 33.960797 19.496934 10.075096 172.823824 140.905557 106.683223 88.563488 57.114110 91.293870
42.500000 179.417477 126.294346 92.761644 71.478302 58.508411 50.403088 34.023513 19.542880 10.109878 173.041759 141.088187 106.827849 88.687899 57.203189 91.421333
42.550000 179.642429 126.460578 92.890595 71.583444 58.598959 50.484471 34.086227 19.588826 10.144659 173.259680 141.270806 106.972466 88.812303 57.292264 91.548788
42.600000 179.867366 126.626800 93.019538 71.688580 58.689502 50.565851 34.148939 19.634771 10.179440 173.477586 141.453412 107.117074 88.936700 57.381335 91.676236
42.650000 180.092289 126.793012 93.148474 71.793710 58.780042 50.647227 34.211649 19.680715 10.214222 173.695478 141.636008 107.261675 89.061091 57.470401 91.803677
42.700000 180.317197 126.959214 93.277402 71.898836 58.870577 50.728600 34.274357 19.726658 10.249003 173.913356 141.818592 107.406266 89.185474 57.559464 91.931110
42.750000 180.542090 127.125406 93.406324 72.003956 58.961108 50.809969 34.337063 19.772601 10.283785 174.131219 142.001164 107.550849 89.309850 57.648522 92.058537
42.800000 180.766969 127.291587 93.535238 72.109070 59.051635 50.891335 34.399767 19.818543 10.318567 174.349069 142.183726 107.695424 89.434220 57.737576 92.185957
42.850000 180.991833 127.457758 93.664145 72.214179 59.142157 50.972697 34.462468 19.864484 10.353348 174.566904 142.366276 107.839990 89.558583 57.826626 92.313369
42.900000 181.216682 127.623920 93.793045 72.319283 59.232676 51.054056 34.525168 19.910424 10.388130 174.784726 142.548814 107.984548 89.682939 57.915672 92.440774
42.950000 181.441517 127.790071 93.921938 72.424382 59.323190 51.135411 34.587865 19.956363 10.422912 175.002533 142.731341 108.129098 89.807288 58.004714 92.568172
43.000000 181.666337 127.956212 94.050823 72.529475 59.413699 51.216763 34.650561 20.002302 10.457694 175.220327 142.913857 108.273639 89.931630 58.093751 92.695564
43.050000 181.891143 128.122343 94.179701 72.634562 59.504205 51.298111 34.713254 20.048240 10.492476 175.438106 143.096362 108.418172 90.055965 58.182785 92.822948
43.100000 182.115934 128.288464 94.308572 72.739645 59.594706 51.379455 34.775945 20.094177 10.527258 175.655871 143.278855 108.562696 90.180294 58.271814 92.950325
43.150000 182.340710 128.454575 94.437436 72.844722 59.685203 51.460796 34.838634 20.140113 10.562041 175.873622 143.461337 108.707212 90.304616 58.360839 93.077695
43.200000 182.565472 128.620676 94.566293 72.949794 59.775696 51.542134 34.901321 20.186048 10.596823 176.091360 143.643808 108.851720 90.428931 58.449861 93.205058
43.250000 182.790220 128.786768 94.695143 73.054860 59.866185 51.623468 34.964006 20.231983 10.631605 176.309083 143.826267 108.996219 90.553239 58.538878 93.332414
43.300000 183.014953 128.952849 94.823985 73.159921 59.956670 51.704798 35.026689 20.277917 10.666387 176.526793 144.008715 109.140710 90.677540 58.627891 93.459763
43.350000 183.239672 129.118920 94.952821 73.264977 60.047150 51.786125 35.089370 20.323850 10.701170 176.744489 144.191152 109.285193 90.801835 58.716900 93.587105
43.400000 183.464376 129.284981 95.081649 73.370027 60.137626 51.867449 35.152049 20.369782 10.735952 176.962170 144.373578 109.429667 90.926123 58.805905 93.714439
43.450000 183.689066 129.451033 95.210470 73.475073 60.228098 51.948769 35.214725 20.415714 10.770735 177.179838 144.555993 109.574134 91.050404 58.894906 93.841767
43.500000 183.913742 129.617074 95.339284 73.580113 60.318566 52.030086 35.277400 20.461644 10.805517 177.397493 144.738397 109.718592 91.174678 58.983902 93.969088
43.550000 184.138403 129.783106 95.468091 73.685147 60.409030 52.111399 35.340072 20.507574 10.840300 177.615133 144.920789 109.863041 91.298946 59.072895 94.096403
43.600000 184.363051 129.949127 95.596892 73.790177 60.499489 52.192708 35.402743 20.553503 10.875083 177.832760 145.103171 110.007483 91.423207 59.161884 94.223710
43.650000 184.587683 130.115139 95.725685 73.895201 60.589944 52.274015 35.465411 20.599431 10.909865 178.050372 145.285541 110.151916 91.547461 59.250868 94.351010
43.700000 184.812302 130.281141 95.854470 74.000220 60.680396 52.355317 35.528078 20.645359 10.944648 178.267972 145.467900 110.296341 91.671709 59.339849 94.478303
43.750000 185.036906 130.447133 95.983249 74.105234 60.770843 52.436617 35.590742 20.691286 10.979431 178.485557 145.650248 110.440757 91.795950 59.428825 94.605589
43.800000 185.261496 130.613116 96.112021 74.210242 60.861286 52.517913 35.653404 20.737211 11.014214 178.703129 145.832586 110.585166 91.920184 59.517798 94.732869
43.850000 185.486072 130.779088 96.240786 74.315245 60.951724 52.599205 35.716065 20.783137 11.048997 178.920687 146.014912 110.729566 92.044411 59.606766 94.860141
43.900000 185.710634 130.945051 96.369544 74.420243 61.042159 52.680494 35.778723 20.829061 11.083780 179.138231 146.197227 110.873959 92.168632 59.695731 94.987407
43.950000 185.935181 131.111004 96.498295 74.525236 61.132590 52.761779 35.841379 20.874984 11.118563 179.355762 146.379531 111.018343 92.292846 59.784691 95.114666
44.000000 186.159715 131.276948 96.627039 74.630224 61.223016 52.843061 35.904033 20.920907 11.153345 179.573279 146.561824 111.162719 92.417054 59.873648 95.241918
44.050000 186.384234 131.442881 96.755776 74.735206 61.313438 52.924340 35.966685 20.966829 11.188128 179.790783 146.744106 111.307087 92.541255 59.962600 95.369163
44.100000 186.608739 131.608805 96.884506 74.840184 61.403856 53.005615 36.029335 21.012750 11.222911 180.008273 146.926378 111.451446 92.665449 60.051549 95.496401
44.150000 186.833231 131.774719 97.013229 74.945156 61.494270 53.086887 36.091983 21.058670 11.257695 180.225750 147.108638 111.595798 92.789637 60.140493 95.623633
44.200000 187.057708 131.940623 97.141945 75.050122 61.584680 53.168155 36.154629 21.104590 11.292478 180.443213 147.290887 111.740141 92.913818 60.229434 95.750857
44.250000 187.282171 132.106518 97.270654 75.155084 61.675086 53.249420 36.217273 21.150508 11.327261 180.660662 147.473126 111.884477 93.037993 60.318370 95.878075
44.300000 187.506620 132.272403 97.399357 75.260041 61.765488 53.330682 36.279914 21.196426 11.362044 180.878099 147.655354 112.028804 93.162161 60.407303 96.005286
44.350000 187.731055 132.438279 97.528052 75.364992 61.855886 53.411940 36.342554 21.242343 11.396827 181.095521 147.837570 112.173123 93.286322 60.496231 96.132490
44.400000 187.955477 132.604145 97.656741 75.469938 61.946279 53.493195 36.405192 21.288260 11.431610 181.312930 148.019777 112.317435 93.410477 60.585156 96.259687
44.450000 188.179884 132.770001 97.785422 75.574879 62.036669 53.574446 36.467828 21.334175 11.466393 181.530326 148.201972 112.461738 93.534625 60.674076 96.386878
44.500000 188.404278 132.935847 97.914097 75.679815 62.127055 53.655694 36.530461 21.380090 11.501177 181.747709 148.384156 112.606033 93.658767 60.762993 96.514062
44.550000 188.628657 133.101684 98.042765 75.784746 62.217436 53.736938 36.593093 21.426004 11.535960 181.965078 148.566330 112.750320 93.782902 60.851906 96.641239
44.600000 188.853023 133.267512 98.171426 75.889672 62.307813 53.818180 36.655723 21.471917 11.570743 182.182433 148.748493 112.894599 93.907031 60.940815 96.768409
44.650000 189.077375 133.433330 98.300080 75.994592 62.398187 53.899417 36.718350 21.517829 11.605526 182.399776 148.930645 113.038870 94.031153 61.029719 96.895573
44.700000 189.301713 133.599138 98.428727 76.099508 62.488556 53.980652 36.780976 21.563741 11.640309 182.617105 149.112786 113.183134 94.155269 61.118620 97.022730
