web/models/kne/36/mosfit_kn_0.095333_0.3590_10.0000.dat
# %ECSV 1.0
# ---
# datatype:
# - {name: time, datatype: float64}
# - {name: PS1_g, datatype: float64}
# - {name: PS1_i, datatype: float64}
# - {name: PS1_r, datatype: float64}
# - {name: PS1_w, datatype: float64}
# - {name: PS1_y, datatype: float64}
# - {name: PS1_z, datatype: float64}
# - {name: swift_uvot_B, datatype: float64}
# - {name: swift_uvot_U, datatype: float64}
# - {name: swift_uvot_uvm2, datatype: float64}
# - {name: swift_uvot_uvw1, datatype: float64}
# - {name: swift_uvot_uvw2, datatype: float64}
# - {name: swift_uvot_V, datatype: float64}
# - {name: johnson_B, datatype: float64}
# - {name: johnson_I, datatype: float64}
# - {name: johnson_R, datatype: float64}
# - {name: johnson_U, datatype: float64}
# - {name: johnson_V, datatype: float64}
# - {name: sdss_g, datatype: float64}
# - {name: sdss_i, datatype: float64}
# - {name: sdss_r, datatype: float64}
# - {name: sdss_u, datatype: float64}
# - {name: sdss_z, datatype: float64}
# - {name: ATLAS_c, datatype: float64}
# - {name: ATLAS_o, datatype: float64}
# - {name: ukirt_H, datatype: float64}
# - {name: ukirt_J, datatype: float64}
# - {name: ukirt_K, datatype: float64}
# - {name: Clear, datatype: float64}
# meta: !!omap
# - comment: [kappa = 10.0, type = rprocess, mass = 0.09533330950298248, velocity = 0.359, theta_obs = 0.0, tfloor = 1000.0]
# schema: astropy-2.0
time PS1_g PS1_i PS1_r PS1_w PS1_y PS1_z swift_uvot_B swift_uvot_U swift_uvot_uvm2 swift_uvot_uvw1 swift_uvot_uvw2 swift_uvot_V johnson_B johnson_I johnson_R johnson_U johnson_V sdss_g sdss_i sdss_r sdss_u sdss_z ATLAS_c ATLAS_o ukirt_H ukirt_J ukirt_K Clear
[from data line 318]
19.178356713426854 6.261503322085069 -2.620325491114208 0.8547452869236416 -1.113178524580345 -6.143515539639477 -4.725839574792339 9.801409898649556 16.460353996544477 30.348949300573647 12.425936528619026 14.938953035098677 4.221020014955854 8.597472581683366 -4.173838797536159 -1.203806030811159 15.429352817292717 3.2659976797871186 7.074043423399523 -2.539069539001222 1.0832339464200658 16.961459526719302 -5.29926718681434 2.833821856666283 -1.6185906679435114 -11.092502917554954 -8.943013622065264 -12.452791598028144 -3.399072568341701
19.238476953907814 6.274110716616921 -2.6077180965823565 0.8673526814554755 -1.1005711300484933 -6.130908145107625 -4.713232180260487 9.814017293181408 16.47296139107633 30.361556695105488 12.438543923150878 14.95156042963053 4.233627409487705 8.610079976215218 -4.161231403004307 -1.1911986362793072 15.441960211824568 3.2786050743189525 7.086650817931357 -2.5264621444693702 1.0958413409519174 16.974066921251154 -5.286659792282489 2.846429251198135 -1.6059832734116597 -11.07989552302312 -8.93040622753343 -12.440184203496292 -3.3864651738098495
19.298597194388776 6.286715154017912 -2.595113659181365 0.8799571188564848 -1.0879666926475018 -6.118303707706634 -4.700627742859496 9.8266217305824 16.48556582847732 30.37416113250649 12.45114836055187 14.96416486703152 4.246231846888697 8.62268441361621 -4.148626965603316 -1.1785941988783157 15.45456464922556 3.291209511719962 7.099255255332366 -2.5138577070683787 1.108445778352909 16.986671358652146 -5.274055354881497 2.8590336885991263 -1.5933788360106682 -11.067291085622111 -8.91780179013242 -12.4275797660953 -3.373860736408858
19.35871743486974 6.299312446669187 -2.58251636653009 0.8925544115077422 -1.0753693999962444 -6.105706415055359 -4.68803045020822 9.839219023233674 16.498163121128577 30.386758425157755 12.463745653203144 14.976762159682796 4.258829139539972 8.635281706267484 -4.1360296729520405 -1.1659969062270406 15.467161941876835 3.303806804371219 7.111852547983624 -2.5012604144171036 1.121043071004184 16.999268651303403 -5.261458062230222 2.8716309812503837 -1.580781543359393 -11.054693792970854 -8.905204497481163 -12.414982473444026 -3.361263443757583
19.4188376753507 6.311902060253374 -2.5699267529459036 0.9051440250919285 -1.062779786412058 -6.093116801471172 -4.675440836624034 9.85180863681786 16.510752734712764 30.399348038741937 12.47633526678733 14.989351773266982 4.271418753124158 8.64787131985167 -4.123440059367854 -1.153407292642872 15.479751555461021 3.3163964179554055 7.12444216156781 -2.4886708008329173 1.1336326845883704 17.01185826488759 -5.248868448646036 2.88422059483457 -1.5681919297752067 -11.042104179386667 -8.892614883896977 -12.40239285985984 -3.3486738301733965
19.478957915831664 6.3244817767844985 -2.5573470364147965 0.9177237416230533 -1.0502000698809333 -6.0805370849400475 -4.662861120092927 9.864388353348968 16.52333245124389 30.41192775527306 12.488914983318438 15.001931489798089 4.283998469655283 8.660451036382778 -4.110860342836747 -1.1408275761117472 15.492331271992146 3.3289761344865303 7.137021878098935 -2.4760910843017925 1.1462124011194774 17.024437981418714 -5.236288732114911 2.896800311365695 -1.555612213244082 -11.029524462855543 -8.880035167365852 -12.389813143328714 -3.3360941136422717
19.539078156312623 6.337051437400305 -2.5447773757989722 0.9302934022388598 -1.0376304092651267 -6.067967424324241 -4.650291459477103 9.876958013964792 16.535902111859695 30.42449741588887 12.501484643934262 15.014501150413913 4.29656813027109 8.673020696998584 -4.098290682220923 -1.1282579154959407 15.504900932607953 3.341545795102337 7.149591538714741 -2.463521423685986 1.1587820617353017 17.03700764203452 -5.223719071499104 2.9093699719815014 -1.5430425526282754 -11.016954802239736 -8.867465506750046 -12.377243482712908 -3.323524453026465
19.599198396793586 6.349613160082974 -2.532215653116321 0.9428551249215289 -1.0250686865824576 -6.055405701641572 -4.637729736794451 9.889519736647443 16.548463834542364 30.43705913857153 12.514046366616913 15.027062873096565 4.309129852953759 8.685582419681253 -4.0857289595382715 -1.1156961928132716 15.517462655290622 3.354107517785006 7.16215326139741 -2.450959701003317 1.171343784417953 17.04956936471719 -5.211157348816435 2.9219316946641705 -1.5304808299456063 -11.004393079557067 -8.854903784067377 -12.364681760030239 -3.310962730343796
19.65931863727455 6.362164270777821 -2.5196645424214736 0.9554062356163762 -1.0125175758876104 -6.042854590946725 -4.625178626099604 9.90207084734229 16.56101494523721 30.44961024926639 12.526597477311778 15.039613983791412 4.321680963648606 8.6981335303761 -4.073177848843424 -1.1031450821184243 15.53001376598547 3.366658628479853 7.174704372092258 -2.4384085903084696 1.183894895112818 17.062120475412037 -5.198606238121588 2.9344828053590177 -1.517929719250759 -10.99184196886222 -8.84235267337253 -12.352130649335392 -3.298411619648949
19.71943887775551 6.374705693280536 -2.5071231199187416 0.9679476581190904 -0.9999761533848783 -6.03031316844401 -4.612637203596872 9.914612269845023 16.573556367739943 30.46215167176911 12.539138899814493 15.052155406294144 4.33422238615132 8.710674952878833 -4.060636426340692 -1.0906036596156923 15.542555188488183 3.3792000509825852 7.18724579459499 -2.4258671678057553 1.1964363176155324 17.07466189791477 -5.186064815618874 2.94702422786175 -1.5053882967480448 -10.979300546359505 -8.829811250869815 -12.339589226832677 -3.2858701971462345
19.779559118236474 6.3872337215693875 -2.49459509162989 0.9804756864079422 -0.9874481250960443 -6.0177851401551585 -4.60010917530802 9.927140298133875 16.586084396028777 30.47467970005795 12.551666928103344 15.064683434582996 4.346750414440172 8.723202981167685 -4.04810839805184 -1.0780756313268405 15.555083216777035 3.3917280792714193 7.199773822883824 -2.4133391395169035 1.2089643459043842 17.087189926203603 -5.173536787330022 2.959552256150584 -1.492860268459193 -10.966772518070654 -8.817283222580963 -12.327061198543825 -3.2733421688573827
19.839679358717433 6.399747274792844 -2.482081538406433 0.9929892396313988 -0.9749345718725699 -6.005271586931702 -4.587595622084564 9.939653851357331 16.59859794925225 30.487193253281422 12.564180481326801 15.077196987806452 4.359263967663629 8.735716534391141 -4.035594844828384 -1.0655620781033839 15.567596770000492 3.404241632494876 7.212287376107298 -2.400825586293447 1.2214778991278408 17.099703479427077 -5.161023234106565 2.972065809374058 -1.4803467152357364 -10.954258964847197 -8.804769669357507 -12.314547645320369 -3.260828615633926
19.899799599198396 6.41224977131138 -2.469579041887897 1.005491736149935 -0.9624320753540339 -5.992769090413166 -4.575093125566028 9.952156347875867 16.611100445770788 30.499695749799944 12.576682977845337 15.089699484324989 4.371766464182165 8.748219030909677 -4.023092348309848 -1.0530595815848478 15.580099266519028 3.416744129013412 7.224789872625816 -2.388323089774911 1.2339803956463768 17.112205975945614 -5.148520737588029 2.9845683058925943 -1.4678442187172003 -10.941756468328661 -8.79226717283897 -12.302045148801833 -3.24832611911539
19.95991983967936 6.424736436410843 -2.4570923767884523 1.0179784012493975 -0.949945410254589 -5.980282425313703 -4.562606460466583 9.964643012975312 16.623587110870233 30.51218241489941 12.5891696429448 15.102186149424433 4.384253129281627 8.760705696009122 -4.010605683210403 -1.040572916485403 15.59258593161849 3.4292307941128746 7.237276537725279 -2.375836424675448 1.2464670607458217 17.12469264104506 -5.136034072488567 2.997054970992039 -1.4553575536177377 -10.929269803229198 -8.779780507739508 -12.28955848370237 -3.2358394540159274
20.02004008016032 6.4372105410184055 -2.444618272180872 1.0304525058569602 -0.9374713056470263 -5.9678083207061405 -4.550132355859002 9.977117117582893 16.636061215477795 30.524656519506973 12.601643747552362 15.114660254032014 4.39672723388919 8.773179800616703 -3.9981315786028224 -1.0280988118778402 15.605060036226053 3.4417048987204373 7.249750642332842 -2.3633623200678855 1.2589411653534022 17.13716674565262 -5.123559967881004 3.009529075599602 -1.442883449010175 -10.916795698621636 -8.767306403131945 -12.277084379094807 -3.2233653494083647
20.080160320641284 6.449669022660149 -2.4321597905391457 1.0429109874987041 -0.9250128240052824 -5.955349839064397 -4.537673874217276 9.989575599224619 16.64851969711954 30.537115001148717 12.614102229194106 15.12711873567374 4.409185715530934 8.785638282258429 -3.9856730969610963 -1.0156403302360963 15.617518517867797 3.454163380362181 7.262209123974586 -2.3509038384261416 1.271399646995146 17.149625227294365 -5.11110148623926 3.0219875572413457 -1.430424967368431 -10.904337216979892 -8.754847921490201 -12.264625897453064 -3.210906867766621
20.140280561122243 6.4621089105987295 -2.419719902600548 1.0553508754372842 -0.9125729360666845 -5.9429099511258165 -4.525233986278678 10.002015487163217 16.660959585058137 30.549554889087307 12.626542117132686 15.139558623612338 4.421625603469514 8.798078170197027 -3.9732332090224984 -1.0032004422974985 15.629958405806377 3.466603268300779 7.2746490119131835 -2.3384639504875615 1.2838395349337262 17.162065115232963 -5.09866159830068 3.0344274451799436 -1.417985079429851 -10.891897329041312 -8.742408033551621 -12.252186009514483 -3.1984669798280407
20.200400801603205 6.474533553341573 -2.4072952598577224 1.0677755181801274 -0.9001482933238591 -5.930485308382973 -4.512809343535853 10.014440129906042 16.673384227800963 30.56197953183013 12.638966759875512 15.151983266355163 4.434050246212357 8.810502812939852 -3.960808566279673 -0.9907757995546731 15.64238304854922 3.4790279110436044 7.287073654656009 -2.3260393077447183 1.2962641776765516 17.17448975797579 -5.086236955557837 3.046852087922769 -1.4055604366870256 -10.879472686298469 -8.729983390808778 -12.23976136677164 -3.1860423370851976
20.260521042084168 6.486944012718467 -2.39488480048081 1.0801859775570222 -0.8877378339469466 -5.918074849006079 -4.50039888415894 10.026850589282954 16.685794687177875 30.57438999120703 12.651377219252424 15.164393725732076 4.446460705589252 8.822913272316764 -3.9483981069027605 -0.9783653401777606 15.654793507926115 3.491438370420499 7.299484114032904 -2.3136288483678236 1.308674637053464 17.1869002173527 -5.073826496180942 3.0592625472996815 -1.393149977310113 -10.867062226921574 -8.717572931431883 -12.227350907394746 -3.173631877708303
20.32064128256513 6.499337625646344 -2.382491187552933 1.092579590484899 -0.8753442210190698 -5.905681236078202 -4.488005271231064 10.039244202210831 16.698188300105734 30.58678360413491 12.663770832180301 15.176787338659953 4.458854318517129 8.835306885244641 -3.9360044939748837 -0.9659717272498838 15.667187120853992 3.503831983348376 7.31187772696078 -2.301235235439947 1.3210682499813409 17.19929383028056 -5.061432883253065 3.0716561602275405 -1.3807563643822363 -10.854668613993697 -8.705179318504007 -12.214957294466869 -3.161238264780426
20.38076152304609 6.5117133517534675 -2.3701154614458098 1.1049553165920223 -0.8629684949119643 -5.8933055099710785 -4.47562954512394 10.051619928317955 16.710564026212857 30.599159330242035 12.676146558287424 15.189163064767076 4.471230044624252 8.847682611351765 -3.9236287678677604 -0.9535960011427604 15.679562846961115 3.5162077094554993 7.324253453067904 -2.2888595093328234 1.3334439760884642 17.211669556387683 -5.049057157145942 3.084031886334664 -1.368380638275113 -10.842292887886574 -8.692803592396883 -12.202581568359745 -3.1488625386733027
20.440881763527052 6.524069176462337 -2.357759636736958 1.1173111413008918 -0.8506126702030947 -5.880949685262209 -4.4632737204150885 10.063975753026824 16.722919850921727 30.611515154950904 12.688502382996294 15.201518889475945 4.483585869333122 8.860038436060616 -3.911272943158891 -0.9412401764339087 15.691918671669985 3.528563534164369 7.336609277776773 -2.276503684623954 1.3457998007973337 17.224025381096553 -5.036701332437072 3.0963877110435334 -1.3560248135662434 -10.829937063177704 -8.680447767688014 -12.190225743650876 -3.136506713964433
20.501002004008015 6.536404436758048 -2.3454243764412475 1.1296464015966023 -0.8382774099073842 -5.868614424966498 -4.450938460119378 10.076311013322517 16.735255111217437 30.623850415246604 12.700837643291987 15.213854149771638 4.495921129628832 8.872373696356327 -3.898937682863198 -0.9289049161381981 15.704253931965695 3.5408987944600794 7.348944538072484 -2.2641684243282434 1.3581350610930265 17.236360641392263 -5.024366072141362 3.108722971339244 -1.3436895532705506 -10.817601802881994 -8.668112507392303 -12.177890483355165 -3.1241714536687226
20.561122244488978 6.548722199834103 -2.3331066133651746 1.1419641646726575 -0.825959646831329 -5.856296661890443 -4.438620697043305 10.08862877639859 16.747572874293493 30.636168178322666 12.71315540636806 15.226171912847711 4.508238892704887 8.884691459432382 -3.886619919787125 -0.916587153062143 15.71657169504175 3.5532165575361345 7.361262301148539 -2.2518506612521882 1.3704528241690994 17.24867840446832 -5.012048309065307 3.121040734415299 -1.3313717901944777 -10.805284039805938 -8.655794744316248 -12.16557272027911 -3.1118536905926675
20.62124248496994 6.561019561681576 -2.3208092515177015 1.1542615265201484 -0.8136622849838382 -5.843999300042952 -4.426323335195832 10.100926138246063 16.759870236140983 30.648465540170154 12.725452768215533 15.238469274695184 4.520536254552378 8.896988821279873 -3.874322557939652 -0.9042897912146521 15.728869056889241 3.5655139193836254 7.37355966299603 -2.239553299404715 1.3827501860165725 17.26097576631581 -4.999750947217834 3.13333809626279 -1.3190744283470046 -10.792986677958448 -8.643497382468757 -12.153275358431637 -3.0995563287451944
20.6813627254509 6.57329725983006 -2.3085315533692174 1.1665392246686324 -0.8013845868353542 -5.831721601894468 -4.414045637047348 10.113203836394547 16.772147934289467 30.660743238318634 12.737730466364017 15.250746972843668 4.532813952700862 8.909266519428357 -3.862044859791168 -0.8920120930661681 15.741146755037725 3.5777916175321094 7.385837361144514 -2.227275601256231 1.3950278841650565 17.273253464464293 -4.98747324906935 3.145615794411274 -1.3067967301985206 -10.780708979809964 -8.631219684320273 -12.140997660283153 -3.0872786305966926
20.741482965931862 6.585552579373122 -2.2962762338261555 1.1787945442116765 -0.78912926729231 -5.819466282351424 -4.401790317504286 10.125459155937609 16.78440325383251 30.672998557861693 12.749985785907079 15.26300229238673 4.545069272243906 8.921521838971419 -3.849789540248106 -0.8797567735231062 15.75340207458077 3.5900469370751535 7.398092680687558 -2.2150202817131692 1.4072832037081184 17.285508784007337 -4.975217929526288 3.157871113954318 -1.2945414106554587 -10.76845366026692 -8.618964364777229 -12.128742340740091 -3.0750233110536485
20.801603206412825 6.597783703719511 -2.2840451094797665 1.1910256685580656 -0.7768981429459032 -5.807235158005035 -4.389559193157897 10.137690280283998 16.79663437817892 30.685229682208085 12.762216910253468 15.27523341673312 4.557300396590295 8.933752963317808 -3.837558415901717 -0.8675256491767172 15.765633198927159 3.6022780614215604 7.410323805033965 -2.20278915736678 1.4195143280545075 17.297739908353744 -4.962986805179899 3.170102238300725 -1.2823102863090696 -10.756222535920513 -8.60673324043084 -12.116511216393702 -3.0627921867072594
