web/models/kne/36/mosfit_kn_0.001230_0.4373_10.0000.dat
# %ECSV 1.0
# ---
# datatype:
# - {name: time, datatype: float64}
# - {name: PS1_g, datatype: float64}
# - {name: PS1_i, datatype: float64}
# - {name: PS1_r, datatype: float64}
# - {name: PS1_w, datatype: float64}
# - {name: PS1_y, datatype: float64}
# - {name: PS1_z, datatype: float64}
# - {name: swift_uvot_B, datatype: float64}
# - {name: swift_uvot_U, datatype: float64}
# - {name: swift_uvot_uvm2, datatype: float64}
# - {name: swift_uvot_uvw1, datatype: float64}
# - {name: swift_uvot_uvw2, datatype: float64}
# - {name: swift_uvot_V, datatype: float64}
# - {name: johnson_B, datatype: float64}
# - {name: johnson_I, datatype: float64}
# - {name: johnson_R, datatype: float64}
# - {name: johnson_U, datatype: float64}
# - {name: johnson_V, datatype: float64}
# - {name: sdss_g, datatype: float64}
# - {name: sdss_i, datatype: float64}
# - {name: sdss_r, datatype: float64}
# - {name: sdss_u, datatype: float64}
# - {name: sdss_z, datatype: float64}
# - {name: ATLAS_c, datatype: float64}
# - {name: ATLAS_o, datatype: float64}
# - {name: ukirt_H, datatype: float64}
# - {name: ukirt_J, datatype: float64}
# - {name: ukirt_K, datatype: float64}
# - {name: Clear, datatype: float64}
# meta: !!omap
# - comment: [kappa = 10.0, type = rprocess, mass = 0.0012301715156502338, velocity = 0.4373333333333333, theta_obs = 0.0, tfloor = 1000.0]
# schema: astropy-2.0
time PS1_g PS1_i PS1_r PS1_w PS1_y PS1_z swift_uvot_B swift_uvot_U swift_uvot_uvm2 swift_uvot_uvw1 swift_uvot_uvw2 swift_uvot_V johnson_B johnson_I johnson_R johnson_U johnson_V sdss_g sdss_i sdss_r sdss_u sdss_z ATLAS_c ATLAS_o ukirt_H ukirt_J ukirt_K Clear
[from data line 237]
14.308617234468937 16.34509634101649 7.463267527817212 10.938338305855062 8.970414494351076 3.9400774792919613 5.357753444139082 19.885002917580977 26.543947015475897 40.43254231950507 22.509529547550454 25.022546054030105 14.304613033887293 18.681065600614787 5.909754221395262 8.879786988120262 25.512945836224148 13.349590698718538 17.157636442330944 7.544523479930199 11.166826965351486 27.045052545650723 4.78432583211708 12.917414875597704 8.465002350987909 -1.008909898623534 1.1405793968661562 -2.369198579096723 6.684520450589737
14.3687374749499 16.36567533681701 7.483846523617732 10.958917301655582 8.990993490151595 3.960656475092481 5.3783324399396015 19.905581913381496 26.564526011276417 40.45312131530559 22.530108543350973 25.043125049830625 14.325192029687813 18.701644596415306 5.930333217195781 8.900365983920782 25.533524832024668 13.370169694519058 17.178215438131463 7.565102475730718 11.187405961152006 27.065631541451243 4.8049048279176 12.937993871398223 8.485581346788429 -0.9883309028230143 1.161158392666676 -2.348619583296203 6.705099446390257
14.428857715430862 16.386176927525664 7.504348114326387 10.979418892364237 9.01149508086025 3.981158065801118 5.398834030648256 19.92608350409015 26.58502760198507 40.47362290601424 22.55061013405962 25.063626640539272 14.34569362039645 18.72214618712396 5.950834807904436 8.920867574629437 25.554026422733322 13.390671285227713 17.198717028840118 7.585604066439373 11.20790755186066 27.086133132159897 4.825406418626255 12.958495462106878 8.506082937497084 -0.9678293121143595 1.1816599833753307 -2.3281179925875484 6.725601037098894
14.488977955911823 16.406601658399254 7.524772845199976 10.999843623237808 9.031919811733822 4.0015827966747075 5.419258761521846 19.94650823496374 26.605452332858654 40.49404763688782 22.57103486493321 25.08405137141285 14.366118351270039 18.74257091799755 5.971259538778026 8.941292305503026 25.5744511536069 13.411096016101284 17.21914175971369 7.6060287973129626 11.22833228273425 27.10655786303348 4.845831149499844 12.97892019298045 8.526507668370673 -0.9474045812407879 1.2020847142489024 -2.307693261713959 6.746025767972483
14.549098196392785 16.426950076598974 7.545121263399697 11.020192041437529 9.052268229933542 4.021931214874428 5.439607179721566 19.96685665316346 26.62580075105837 40.514396055087545 22.59138328313293 25.104399789612575 14.38646676946976 18.76291933619727 5.991607956977746 8.961640723702729 25.59479957180662 13.431444434301005 17.23949017791341 7.626377215512683 11.24868070093397 27.126906281233197 4.8661795676995645 12.99926861118017 8.546856086570394 -0.9270561630410674 1.2224331324486228 -2.2873448435142385 6.766374186172204
14.609218436873746 16.447222730159474 7.565393916960197 11.040464694998029 9.07254088349406 4.042203868434928 5.459879833282066 19.98712930672396 26.646073404618875 40.53466870864805 22.61165593669343 25.124672443173083 14.40673942303026 18.78319198975777 6.011880610538246 8.981913377263247 25.61507222536713 13.451717087861505 17.259762831473928 7.646649869073183 11.26895335449447 27.1471789347937 4.886452221260065 13.019541264740688 8.567128740130894 -0.9067835094805672 1.242705786009123 -2.2670721899537383 6.786646839732704
14.669338677354709 16.467420153622463 7.585591340423186 11.060662118461018 9.092738306957031 4.062401291897917 5.480077256745055 20.00732673018695 26.666270828081863 40.55486613211104 22.63185336015642 25.14486986663607 14.426936846493248 18.80338941322076 6.032078034001235 9.002110800726236 25.63526964883011 13.471914511324494 17.2799602549369 7.666847292536172 11.28915077795746 27.16737635825669 4.906649644723053 13.03973868820366 8.587326163593882 -0.8865860860175785 1.2629032094721118 -2.2468747664907496 6.806844263195693
14.729458917835672 16.487542872786847 7.605714059587569 11.080784837625401 9.112861026121415 4.082524011062301 5.500199975909439 20.027449449351334 26.686393547246247 40.574988851275414 22.651976079320804 25.164992585800455 14.447059565657632 18.823512132385144 6.052200753165619 9.02223351989062 25.655392367994494 13.492037230488878 17.300082974101283 7.686970011700556 11.309273497121843 27.187499077421073 4.926772363887437 13.059861407368043 8.607448882758266 -0.8664633668531947 1.2830259286364956 -2.226752047326366 6.8269669823600765
14.789579158316633 16.50759141153424 7.625762598334962 11.100833376372794 9.132909564868807 4.102572549809693 5.520248514656831 20.047497988098726 26.706442085993636 40.59503739002281 22.67202461806819 25.18504112454784 14.467108104405025 18.84356067113252 6.072249291913011 9.042282058637994 25.675440906741887 13.51208576923627 17.320131512848675 7.707018550447948 11.329322035869236 27.207547616168462 4.94682090263483 13.079909946115436 8.627497421505659 -0.8464148281058022 1.303074467383888 -2.2067035085789732 6.847015521107469
14.849699398797595 16.52756628903081 7.645737475831531 11.12080825386938 9.152884442365394 4.122547427306262 5.5402233921534005 20.067472865595295 26.726416963490216 40.61501226751939 22.691999495564765 25.205016002044417 14.487082981901594 18.863535548629105 6.0922241694095804 9.062256936134581 25.695415784238463 13.532060646732857 17.340106390345262 7.726993427944517 11.349296913365805 27.22752249366504 4.966795780131399 13.099884823612022 8.647472299002228 -0.8264399506092153 1.323049344880475 -2.186728631082404 6.866990398604038
14.909819639278556 16.54746802419222 7.665639210992925 11.140709989030775 9.172786177526788 4.142449162467674 5.5601251273147945 20.087374600756707 26.74631869865161 40.634914002680794 22.711901230726166 25.224917737205818 14.506984717063006 18.8834372837905 6.112125904570992 9.082158671295975 25.715317519399868 13.551962381894251 17.360008125506656 7.746895163105929 11.369198648527217 27.247424228826436 4.986697515292811 13.119786558773416 8.66737403416364 -0.8065382154478213 1.342951080041869 -2.1668268959209924 6.88689213376545
14.969939879759519 16.56730121242008 7.685472399220803 11.160543177258653 9.192619365754666 4.162282350695534 5.579958315542672 20.107207788984567 26.766151886879477 40.65474719090866 22.731734418954037 25.24475092543369 14.526817905290866 18.903270472018377 6.131959092798852 9.101991859523853 25.73515070762774 13.571795570122129 17.379841313734534 7.766728351333789 11.389031836755077 27.267257417054303 5.006530703520671 13.139619747001294 8.6872072223915 -0.7867050272199434 1.362784268269729 -2.1469937076931322 6.90672532199331
15.03006012024048 16.587055039969965 7.705226226770687 11.18029700480852 9.212373193304533 4.1820361782454185 5.599712143092557 20.12696161653445 26.78590571442936 40.674501018458535 22.75148824650392 25.264504752983566 14.54657173284075 18.92302429956826 6.151712920348737 9.12174568707372 25.754904535177612 13.591549397671995 17.3995951412844 7.7864821788836736 11.408785664304961 27.287011244604187 5.026284531070555 13.15937357455116 8.706961049941384 -0.7669511996700769 1.3825380958196134 -2.127239880143248 6.926479149543194
15.090180360721442 16.60673965599946 7.724910842800163 11.199981620838013 9.232057809334027 4.201720794274912 5.619396759122033 20.146646232563945 26.80559033045885 40.69418563448803 22.771172862533408 25.28418936901306 14.566256348870244 18.942708915597738 6.1713975363782305 9.141430303103213 25.774589151207106 13.61123401370149 17.419279757313895 7.8061667949131675 11.428470280334455 27.306695860633674 5.045969147100049 13.179058190580655 8.726645665970878 -0.747266583640583 1.4022227118491073 -2.107555264113754 6.946163765572688
15.150300601202405 16.626353693780587 7.744524880581309 11.21959565861916 9.251671847115173 4.221334832056058 5.639010796903179 20.166260270345074 26.825204368239994 40.71379967226917 22.790786900314554 25.303803406794206 14.58587038665139 18.962322953378884 6.191011574159359 9.16104434088436 25.79420318898824 13.630848051482635 17.43889379509504 7.8257808326943135 11.448084318115583 27.32630989841482 5.065583184881195 13.1986722283618 8.746259703752006 -0.727652545859437 1.4218367496302533 -2.087941226332608 6.965777803353834
15.210420841683366 16.645897217454877 7.764068404255582 11.239139182293432 9.271215370789445 4.240878355730331 5.658554320577451 20.185803794019346 26.844747891914267 40.73334319594345 22.810330423988827 25.323346930468478 14.605413910325662 18.981866477053156 6.210555097833631 9.180587864558632 25.813746712662525 13.650391575156908 17.458437318769313 7.845324356368586 11.467627841789874 27.345853422089093 5.0851267085554674 13.218215752036073 8.765803227426296 -0.7081090221851645 1.4413802733045258 -2.0683977026583356 6.985321327028107
15.270541082164328 16.66537061130132 7.783541798102025 11.258612576139875 9.290688764635888 4.260351749576774 5.678027714423894 20.205277187865807 26.86422128576071 40.752816589789894 22.829803817835266 25.342820324314918 14.624887304172105 19.0013398708996 6.230028491680092 9.200061258405075 25.833220106508968 13.669864969003351 17.477910712615756 7.864797750215029 11.487101235636317 27.365326815935536 5.1046001024019105 13.237689145882516 8.78527662127274 -0.6886356283387214 1.4608536671509689 -2.0489243088118925 7.00479472087455
15.33066132264529 16.68477433048766 7.802945517288382 11.278016295326214 9.310092483822245 4.279755468763113 5.697431433610252 20.224680907052146 26.883625004947056 40.77222030897623 22.849207537021616 25.362224043501268 14.644291023358445 19.020743590085956 6.2494322108664315 9.219464977591432 25.852623825695307 13.68926868818969 17.497314431802096 7.8842014694013685 11.506504954822656 27.384730535121882 5.12400382158825 13.257092865068856 8.804680340459079 -0.669231909152382 1.4802573863373083 -2.029520589625553 7.024198440060889
15.390781563126252 16.70410884566298 7.822280032463702 11.297350810501552 9.329426998997565 4.299089983938451 5.7167659487855715 20.244015422227466 26.902959520122387 40.79155482415156 22.868542052196936 25.381558558676588 14.663625538533765 19.040078105261276 6.2687667260417514 9.238799492766752 25.871958340870634 13.708603203365028 17.516648946977433 7.903535984576688 11.525839469997976 27.404065050297213 5.14333833676357 13.276427380244193 8.824014855634399 -0.6498973939770443 1.499591901512646 -2.010186074450233 7.043532955236209
15.450901803607215 16.723374625446255 7.8415458122469595 11.31661659028481 9.348692778780823 4.3183557637217085 5.736031728568829 20.263281202010724 26.922225299905644 40.81082060393482 22.8878078319802 25.400824338459852 14.68289131831704 19.059343885044534 6.288032505825009 9.25806527255001 25.891224120653902 13.727868983148285 17.53591472676069 7.9228017643599635 11.545105249781251 27.42333083008047 5.162604116546845 13.29569316002745 8.843280635417674 -0.6306316141937869 1.5188576812959034 -1.990920294666958 7.062798735019484
15.511022044088175 16.742572140588514 7.860743327389219 11.335814105427069 9.367890293923082 4.337553278863968 5.755229243711089 20.282478717152983 26.941422815047904 40.830018119077074 22.90700534712246 25.420021853602112 14.7020888334593 19.078541400186793 6.3072300209672685 9.277262787692269 25.910421635796155 13.747066498290545 17.55511224190295 7.941999279502223 11.564302764923493 27.44252834522273 5.181801631689105 13.31489067516971 8.862478150559934 -0.6114340990515272 1.538055196438163 -1.9717227795246983 7.081996250161744
15.571142284569138 16.76170185456673 7.879873041367453 11.354943819405303 9.387020007901317 4.356682992842202 5.774358957689323 20.301608431131218 26.96055252902614 40.84914783305531 22.926135061100698 25.43915156758035 14.721218547437534 19.097671114165028 6.326359734945503 9.296392501670503 25.929551349774385 13.76619621226878 17.574241955881185 7.96112899348044 11.583432478901727 27.461658059200964 5.200931345667321 13.334020389147945 8.88160786453815 -0.592304385073293 1.5571849104163973 -1.9525930655464818 7.101125964139978
15.631262525050099 16.78076422243164 7.898935409232362 11.374006187270194 9.406082375766225 4.375745360707093 5.793421325554231 20.320670798996126 26.979614896891036 40.86821020092021 22.945197428965596 25.458213935445247 14.740280915302424 19.116733482029936 6.345422102810411 9.315454869535412 25.948613717639287 13.78525858013367 17.593304323746075 7.980191361345348 11.602494846766636 27.48072042706586 5.219993713532229 13.353082757012835 8.900670232403058 -0.5732420172084025 1.5762472782812877 -1.9335306976815736 7.120188332004869
15.691382765531062 16.799759696205587 7.91793088300631 11.39300166104416 9.425077849540173 4.394740834481059 5.8124167993281795 20.339666272770074 26.998610370664995 40.887205674694165 22.96419290273955 25.477209409219196 14.75927638907639 19.135728955803884 6.364417576584359 9.33445034330936 25.967609191413246 13.804254053907636 17.61229979752004 7.999186835119296 11.621490320540584 27.49971590083982 5.238989187306178 13.372078230786801 8.919665706177007 -0.5542465434344364 1.595242752055254 -1.9145352239076252 7.139183805778817
15.751503006012024 16.818688722211164 7.936859909011886 11.411930687049718 9.44400687554575 4.413669860486618 5.831345825333756 20.35859529877565 27.017539396670564 40.906134700699745 22.98312192874512 25.496138435224772 14.778205415081949 19.15465798180946 6.383346602589936 9.353379369314936 25.98653821741882 13.823183079913195 17.631228823525618 8.018115861124873 11.64041934654616 27.51864492684539 5.257918213311754 13.391007256792378 8.938594732182583 -0.5353175174288778 1.6141717780608125 -1.8956061979020489 7.158112831784393
15.811623246492985 16.837551750075903 7.955722936876608 11.430793714914458 9.462869903410471 4.432532888351357 5.8502088531984775 20.37745832664038 27.036402424535293 40.92499772856447 23.00198495660985 25.5150014630895 14.797068442946689 19.173521009674182 6.402209630454657 9.372242397179658 26.00540124528355 13.842046107777934 17.65009185139034 8.036978888989612 11.6592823744109 27.53750795471012 5.276781241176494 13.4098702846571 8.957457760047323 -0.5164544895641383 1.633034805925552 -1.8767431700373094 7.176975859649133
15.871743486973948 16.856349221684912 7.974520408485635 11.449591186523467 9.48166737501948 4.451330359960366 5.869006324807504 20.396255798249392 27.05519989614431 40.94379520017348 23.02078242821887 25.533798934698513 14.815865914555697 19.19231848128321 6.421007102063684 9.391039868788667 26.02419871689256 13.860843579386943 17.66888932299935 8.055776360598621 11.678079846019909 27.556305426319135 5.2955787127855025 13.428667756266108 8.976255231656332 -0.4976570179551294 1.6518322775345609 -1.8579456984283005 7.195773331258142
15.931863727454909 16.875081573240305 7.9932527600410275 11.46832353807886 9.50039972657489 4.470062711515759 5.887738676362897 20.414988149804792 27.0739322476997 40.96252755172888 23.03951477977426 25.552531286253913 14.83459826611109 19.211050832838602 6.439739453619077 9.409772220344077 26.042931068447963 13.879575930942336 17.68762167455476 8.074508712154014 11.696812197575301 27.575037777874527 5.314311064340895 13.447400107821519 8.994987583211724 -0.47892466639973663 1.6705646290899536 -1.8392133468729077 7.2145056828135345
15.991983967935871 16.89374923593741 8.011920422738132 11.486991200775964 9.519067389271978 4.488730374212864 5.906406339060002 20.43365581250189 27.092599910396807 40.98119521442598 23.058182442471367 25.571198948951018 14.853265928808195 19.229718495535707 6.458407116316182 9.428439883041182 26.061598731145057 13.89824359363944 17.706289337251846 8.093176374851119 11.715479860272406 27.593705440571632 5.332978727038 13.466067770518606 9.01365524590883 -0.4602570037026317 1.6892322917870586 -1.8205456841758028 7.2331733455106395
