web/models/kne/36/mosfit_kn_0.330399_0.0457_0.5000.dat
# %ECSV 1.0
# ---
# datatype:
# - {name: time, datatype: float64}
# - {name: PS1_g, datatype: float64}
# - {name: PS1_i, datatype: float64}
# - {name: PS1_r, datatype: float64}
# - {name: PS1_w, datatype: float64}
# - {name: PS1_y, datatype: float64}
# - {name: PS1_z, datatype: float64}
# - {name: swift_uvot_B, datatype: float64}
# - {name: swift_uvot_U, datatype: float64}
# - {name: swift_uvot_uvm2, datatype: float64}
# - {name: swift_uvot_uvw1, datatype: float64}
# - {name: swift_uvot_uvw2, datatype: float64}
# - {name: swift_uvot_V, datatype: float64}
# - {name: johnson_B, datatype: float64}
# - {name: johnson_I, datatype: float64}
# - {name: johnson_R, datatype: float64}
# - {name: johnson_U, datatype: float64}
# - {name: johnson_V, datatype: float64}
# - {name: sdss_g, datatype: float64}
# - {name: sdss_i, datatype: float64}
# - {name: sdss_r, datatype: float64}
# - {name: sdss_u, datatype: float64}
# - {name: sdss_z, datatype: float64}
# - {name: ATLAS_c, datatype: float64}
# - {name: ATLAS_o, datatype: float64}
# - {name: ukirt_H, datatype: float64}
# - {name: ukirt_J, datatype: float64}
# - {name: ukirt_K, datatype: float64}
# - {name: Clear, datatype: float64}
# meta: !!omap
# - comment: [kappa = 0.5, type = rprocess, mass = 0.33039895931513485, velocity = 0.04566666666666669, theta_obs = 0.0, tfloor = 1000.0]
# schema: astropy-2.0
time PS1_g PS1_i PS1_r PS1_w PS1_y PS1_z swift_uvot_B swift_uvot_U swift_uvot_uvm2 swift_uvot_uvw1 swift_uvot_uvw2 swift_uvot_V johnson_B johnson_I johnson_R johnson_U johnson_V sdss_g sdss_i sdss_r sdss_u sdss_z ATLAS_c ATLAS_o ukirt_H ukirt_J ukirt_K Clear
[from data line 484]
29.158316633266534 8.589202705857009 -0.2926261073422687 3.182444670695581 1.2145208591915946 -3.8158161558675197 -2.398140191020399 12.129109282421496 18.788053380316416 32.67664868434559 14.753635912390966 17.266652418870617 6.548719398727793 10.925171965455306 -1.8461394137642193 1.1238933529607806 17.757052201064674 5.593697063559058 9.401742807171463 -0.21137015522928237 3.4109333301920053 19.289158910491242 -2.971567803042401 5.161521240438223 0.7091087158284282 -8.764803533783015 -6.615314238293324 -10.125092214256204 -1.0713731845697616
29.218436873747493 8.614944785423848 -0.26688402777544695 3.208186750262403 1.2402629387584163 -3.790074076300698 -2.3723981114535775 12.154851361988317 18.813795459883238 32.70239076391242 14.779377991957805 17.29239449843744 6.574461478294633 10.950914045022127 -1.8203973341973976 1.1496354325276024 17.782794280631496 5.61943914312588 9.427484886738284 -0.18562807566244288 3.436675409758845 19.314900990058064 -2.9458257234755614 5.187263320005044 0.7348507953952677 -8.739061454216193 -6.589572158726503 -10.099350134689365 -1.0456311050029221
29.278557114228455 8.640912310539939 -0.24091650265935627 3.2341542753784935 1.266230463874507 -3.7641065511846072 -2.346430586337487 12.180818887104408 18.83976298499933 32.7283582890285 14.805345517073878 17.31836202355353 6.600429003410723 10.976881570138218 -1.794429809081307 1.175602957643693 17.808761805747586 5.645406668241971 9.453452411854375 -0.1596605505463522 3.4626429348749177 19.340868515174154 -2.9198581983594707 5.213230845121135 0.7608183205113583 -8.713093929100102 -6.563604633610412 -10.073382609573274 -1.0196635798868314
29.338677354709418 8.666894051812228 -0.21493476138704892 3.260136016650801 1.2922122051468143 -3.7381248099123177 -2.3204488450651795 12.206800628376715 18.865744726271636 32.75434003030081 14.831327258346185 17.344343764825837 6.626410744683013 11.002863311410525 -1.7684480678089995 1.2015846989160004 17.834743547019894 5.671388409514278 9.479434153126682 -0.13367880927406262 3.488624676147225 19.36685025644646 -2.893876457087181 5.2392125863934425 0.7868000617836479 -8.687112187827795 -6.537622892338105 -10.047400868300985 -0.9936818386145418
29.39879759519038 8.69244677717857 -0.18938203602070658 3.2856887420171432 1.3177649305131567 -3.7125720845459753 -2.294896119698837 12.232353353743058 18.89129745163798 32.77989275566715 14.856879983712528 17.36989649019218 6.651963470049355 11.028416036776868 -1.7428953424426572 1.2271374242823427 17.86029627238622 5.69694113488062 9.504986878493025 -0.10812608390772027 3.5141774015135674 19.392402981812804 -2.8683237317208388 5.264765311759785 0.8123527871499903 -8.661559462461453 -6.51207016697178 -10.021848142934642 -0.9681291132481995
29.458917835671343 8.716541716039305 -0.1652870971599718 3.3097836808778602 1.3418598693738915 -3.6884771456852405 -2.2708011808381023 12.256448292603793 18.915392390498713 32.803987694527876 14.880974922573262 17.393991429052914 6.67605840891009 11.052510975637603 -1.7188004035819224 1.2512323631430775 17.884391211246953 5.721036073741337 9.52908181735376 -0.0840311450469855 3.538272340374302 19.41649792067354 -2.844228792860104 5.28886025062052 0.836447726010725 -8.637464523600736 -6.487975228111045 -9.997753204073907 -0.9440341743874647
29.519038076152302 8.739262789955475 -0.14256602324381973 3.33250475479403 1.3645809432900435 -3.6657560717690707 -2.2480801069219503 12.279169366519945 18.938113464414865 32.826708768444036 14.903695996489414 17.416712502969066 6.69877948282626 11.075232049553755 -1.6960793296657704 1.2739534370592296 17.907112285163123 5.743757147657507 9.551802891269912 -0.06131007113081566 3.5609934142904542 19.43921899458969 -2.821507718943934 5.311581324536672 0.8591687999268949 -8.614743449684566 -6.465254154194875 -9.975032130157738 -0.9213131004712949
29.579158316633265 8.762000835097972 -0.11982797810130563 3.3552427999365264 1.3873189884325399 -3.6430180266265744 -2.225342061779436 12.301907411662459 18.96085150955736 32.849446813586546 14.926434041631929 17.43945054811158 6.721517527968756 11.097970094696269 -1.6733412845232563 1.296691482201726 17.92985033030562 5.7664951928000034 9.574540936412408 -0.038572025988319325 3.5837314594329683 19.461957039732187 -2.798769673801438 5.334319369679168 0.8819068450693912 -8.59200540454207 -6.442516109052379 -9.952294085015241 -0.8985750553287986
29.639278557114228 8.785937795426086 -0.09589101777320863 3.379179760264641 1.4112559487606546 -3.6190810662984596 -2.201405101451339 12.325844371990573 18.984788469885476 32.87338377391466 14.950371001960043 17.463387508439695 6.745454488296871 11.121907055024366 -1.6494043241951415 1.3206284425298407 17.953787290633734 5.790432153128118 9.598477896740523 -0.01463506566020456 3.607668419761083 19.485894000060302 -2.774832713473323 5.358256330007283 0.905843805397506 -8.568068444213955 -6.418579148724264 -9.928357124687127 -0.8746380950006838
29.69939879759519 8.812215508988555 -0.06961330421072276 3.405457473827127 1.4375336623231405 -3.5928033527359737 -2.1751273878888533 12.352122085553042 19.011066183447962 32.89966148747713 14.976648715522511 17.489665222002163 6.771732201859357 11.148184768586852 -1.6231266106326734 1.3469061560923266 17.98006500419622 5.816709866690604 9.624755610303009 0.011642647902263548 3.633946133323551 19.512171713622788 -2.748554999910855 5.384534043569769 0.9321215189599741 -8.541790730651469 -6.392301435161778 -9.902079411124658 -0.8483603814382157
29.75951903807615 8.83856665721197 -0.04326215598730698 3.431808622050543 1.4638848105465563 -3.566452204512558 -2.1487762396654375 12.378473233776457 19.037417331671378 32.92601263570055 15.002999863745927 17.51601637022558 6.798083350082773 11.174535916810267 -1.5967754624092576 1.3732573043157423 18.006416152419636 5.84306101491402 9.651106758526424 0.03799379612569709 3.660297281546967 19.538522861846204 -2.7222038516874214 5.410885191793184 0.9584726671833899 -8.515439582428053 -6.365950286938363 -9.875728262901225 -0.8220092332147821
29.819639278557112 8.864753756330916 -0.01707505686836086 3.457995721169471 1.4900719096655024 -3.5402651053936296 -2.1225891405464914 12.404660332895403 19.063604430790324 32.952199734819494 15.029186962864873 17.542203469344525 6.824270449201701 11.200723015929213 -1.5705883632903115 1.3994444034346885 18.032603251538564 5.869248114032948 9.67729385764537 0.06418089524462545 3.686484380665913 19.56470996096515 -2.696016752568493 5.4370722909121305 0.984659766302336 -8.489252483309125 -6.339763187819434 -9.849541163782296 -0.7958221340958538
29.879759519038075 8.890696532362536 0.008867719163241361 3.483938497201091 1.5160146856971046 -3.5143223293620096 -2.096646364514889 12.430603108927006 19.089547206821926 32.97814251085111 15.055129738896476 17.568146245376127 6.850213225233321 11.226665791960816 -1.5446455872587093 1.4253871794662907 18.058546027570184 5.895190890064568 9.703236633676973 0.09012367127624543 3.7124271566975153 19.590652736996752 -2.670073976536873 5.463015066943733 1.010602542333956 -8.463309707277505 -6.313820411787814 -9.823598387750677 -0.7698793580642338
29.939879759519037 8.914321941585364 0.03249312838608631 3.5075639064239184 1.5396400949199496 -3.4906969201391824 -2.073020955292044 12.45422851814985 19.11317261604477 33.001767920073945 15.07875514811932 17.591771654598972 6.873838634456148 11.25029120118366 -1.5210201780358643 1.4490125886891356 18.08217143679301 5.918816299287395 9.726862042899818 0.11374908049907262 3.7360525659203603 19.614278146219597 -2.646448567314046 5.486640476166578 1.0342279515567832 -8.439684298054678 -6.290195002564987 -9.79997297852785 -0.7462539488414066
30.0 8.937450587035674 0.055621773836396216 3.5306925518742283 1.5627687403702417 -3.4675682746888725 -2.0498923098417343 12.47735716360016 19.136301261495063 33.024896565524244 15.10188379356963 17.614900300049282 6.896967279906458 11.27341984663397 -1.4978915325855544 1.4721412341394455 18.10530008224332 5.941944944737705 9.74999068835011 0.13687772594938252 3.75918121137067 19.63740679166989 -2.623319921863736 5.50976912161687 1.057356597007093 -8.416555652604368 -6.267066357114677 -9.77684433307754 -0.7231253033910967
