web/models/kne/36/mosfit_kn_0.003466_0.2493_3.6500.dat
# %ECSV 1.0
# ---
# datatype:
# - {name: time, datatype: float64}
# - {name: PS1_g, datatype: float64}
# - {name: PS1_i, datatype: float64}
# - {name: PS1_r, datatype: float64}
# - {name: PS1_w, datatype: float64}
# - {name: PS1_y, datatype: float64}
# - {name: PS1_z, datatype: float64}
# - {name: swift_uvot_B, datatype: float64}
# - {name: swift_uvot_U, datatype: float64}
# - {name: swift_uvot_uvm2, datatype: float64}
# - {name: swift_uvot_uvw1, datatype: float64}
# - {name: swift_uvot_uvw2, datatype: float64}
# - {name: swift_uvot_V, datatype: float64}
# - {name: johnson_B, datatype: float64}
# - {name: johnson_I, datatype: float64}
# - {name: johnson_R, datatype: float64}
# - {name: johnson_U, datatype: float64}
# - {name: johnson_V, datatype: float64}
# - {name: sdss_g, datatype: float64}
# - {name: sdss_i, datatype: float64}
# - {name: sdss_r, datatype: float64}
# - {name: sdss_u, datatype: float64}
# - {name: sdss_z, datatype: float64}
# - {name: ATLAS_c, datatype: float64}
# - {name: ATLAS_o, datatype: float64}
# - {name: ukirt_H, datatype: float64}
# - {name: ukirt_J, datatype: float64}
# - {name: ukirt_K, datatype: float64}
# - {name: Clear, datatype: float64}
# meta: !!omap
# - comment: [kappa = 3.65, type = rprocess, mass = 0.003465724215782086, velocity = 0.24933333333333338, theta_obs = 0.0, tfloor = 1000.0]
# schema: astropy-2.0
time PS1_g PS1_i PS1_r PS1_w PS1_y PS1_z swift_uvot_B swift_uvot_U swift_uvot_uvm2 swift_uvot_uvw1 swift_uvot_uvw2 swift_uvot_V johnson_B johnson_I johnson_R johnson_U johnson_V sdss_g sdss_i sdss_r sdss_u sdss_z ATLAS_c ATLAS_o ukirt_H ukirt_J ukirt_K Clear
[from data line 175]
10.581162324649299 10.6184552474115 1.736626434212205 5.211697212250055 3.2437734007460683 -1.786563614313046 -0.36888764946592545 14.15836182397597 20.81730592187089 34.705901225900064 16.78288845394544 19.2959049604251 8.577971940282286 12.95442450700978 0.18311312779025446 3.153145894515254 19.786304742619148 7.622949605113532 11.430995348725936 1.8178823863252092 5.440185871746479 21.318411452045716 -0.9423152614879093 7.1907737819926965 2.7383612573829197 -6.735550992228542 -4.586061696738851 -8.095839672701713 0.9578793569847299
10.64128256513026 10.63403426921779 1.7522054560185119 5.227276234056344 3.2593524225523574 -1.7709845925067569 -0.3533086276596187 14.173940845782276 20.832884943677186 34.72148024770636 16.798467475751746 19.311483982231398 8.593550962088575 12.970003528816086 0.19869214959656123 3.168724916321561 19.801883764425437 7.638528626919821 11.446574370532225 1.8334614081314982 5.455764893552786 21.333990473852012 -0.9267362396816203 7.2063528037989855 2.7539402791892087 -6.719971970422253 -4.5704826749325616 -8.080260650895424 0.9734583787910189
10.701402805611222 10.649567410090324 1.7677385968910464 5.242809374928896 3.2748855634249097 -1.7554514516342046 -0.33777548678708413 14.18947398665481 20.84841808454973 34.7370133885789 16.81400061662428 19.32701712310394 8.609084102961127 12.98553666968862 0.21422529046909577 3.1842580571940955 19.817416905297982 7.654061767792373 11.462107511404778 1.8489945490040505 5.47129803442532 21.349523614724557 -0.911203098809068 7.221885944671538 2.7694734200617432 -6.704438829549701 -4.554949534060009 -8.064727510022871 0.9889915196635712
10.761523046092185 10.665055145930857 1.78322633273158 5.25829711076943 3.2903732992654433 -1.739963715793671 -0.3222877509465505 14.204961722495344 20.863905820390265 34.75250112441944 16.829488352464814 19.342504858944476 8.62457183880166 13.001024405529154 0.22971302630962942 3.199745793034629 19.832904641138512 7.669549503632907 11.477595247245311 1.8644822848445664 5.486785770265854 21.36501135056509 -0.8957153629685521 7.237373680512071 2.784961155902277 -6.688951093709167 -4.539461798219476 -8.049239774182356 1.0044792555041049
10.821643286573146 10.68049811010864 1.7986692969093632 5.273740074947213 3.3058162634432264 -1.7245207516159056 -0.30684478676876736 14.220404686673128 20.879348784568037 34.76794408859722 16.844931316642597 19.35794782312225 8.640014802979426 13.016467369706938 0.24515599048741255 3.2151887572124123 19.8483476053163 7.68499246781069 11.493038211423094 1.8799252490223495 5.502228734443637 21.380454314742863 -0.880272398790769 7.2528166446898545 2.80040412008006 -6.673508129531384 -4.5240188340416925 -8.033796810004572 1.0199222196818702
10.881763527054108 10.69589706240846 1.814068249209182 5.289139027247014 3.3212152157430275 -1.7091217993160868 -0.29144583446894856 14.235803638972946 20.894747736867856 34.78334304089703 16.860330268942416 19.37334677542206 8.655413755279245 13.031866322006739 0.26055494278723135 3.2305877095122133 19.863746557616107 7.700391420110491 11.508437163722895 1.8953242013221683 5.517627686743456 21.395853267042682 -0.8648734464909502 7.268215596989656 2.815803072379879 -6.658109177231583 -4.508619881741891 -8.018397857704754 1.035321171981689
10.941883767535069 10.711252756139356 1.8294239429400605 5.30449472097791 3.3365709094739238 -1.6937661055851905 -0.27609014073807003 14.251159332703825 20.910103430598745 34.798698734627926 16.875685962673312 19.388702469152957 8.670769449010141 13.047222015737635 0.27591063651812764 3.2459434032431096 19.879102251347003 7.715747113841387 11.523792857453792 1.9106798950530646 5.532983380474352 21.41120896077357 -0.8495177527600539 7.283571290720552 2.831158766110775 -6.6427534835006865 -4.493264188010995 -8.003042163973857 1.0506768657125853
11.002004008016032 10.726565904999372 1.8447370918000772 5.319807869837927 3.3518840583339404 -1.6784529567251738 -0.26077699187805337 14.266472481563842 20.925416579458762 34.81401188348794 16.89099911153333 19.404015618012973 8.686082597870158 13.062535164597652 0.29122378537812654 3.2612565521031263 19.89441540020702 7.731060262701404 11.539106006313808 1.9259930439130812 5.548296529334369 21.426522109633588 -0.8342046039000373 7.2988844395805685 2.8464719149707918 -6.62744033464067 -4.4779510391509785 -7.987729015113841 1.065990014572602
11.062124248496994 10.741837280790545 1.8600084675912676 5.3350792456291 3.367155434125113 -1.6631815809340011 -0.24550561608686294 14.281743857355032 20.940687955249942 34.829283259279116 16.9062704873245 19.419286993804153 8.70135397366133 13.077806540388842 0.30649516116931697 3.2765279278943167 19.909686775998193 7.746331638492577 11.554377382104981 1.941264419704254 5.563567905125542 21.441793485424768 -0.8189332281088646 7.314155815371741 2.8617432907619644 -6.612168958849497 -4.462679663359806 -7.972457639322668 1.0812613903637747
11.122244488977955 10.757067642471121 1.8752388292718436 5.350309607309693 3.382385795805707 -1.6479512192534074 -0.23027525440628693 14.296974219035608 20.95591831693053 34.8445136209597 16.921500849005078 19.43451735548473 8.716584335341906 13.093036902069418 0.321725522849893 3.2917582895748927 19.924917137678776 7.76156200017317 11.569607743785575 1.95649478138483 5.578798266806118 21.457023847105354 -0.8037028664282886 7.329386177052335 2.8769736524425404 -6.596938597168903 -4.447449301679212 -7.957227277642092 1.0964917520443507
11.182364729458918 10.772257672822967 1.8904288596236896 5.365499637661539 3.397575826157553 -1.6327611889015792 -0.21508522405444097 14.312164249387454 20.971108347282374 34.85970365131155 16.936690879356924 19.449707385836575 8.731774365693752 13.108226932421264 0.33691555320173894 3.3069483199267387 19.94010716803062 7.776752030525016 11.58479777413742 1.9716848117366759 5.5939882971579635 21.4722138774572 -0.7885128360764426 7.344576207404181 2.8921636827943864 -6.5817485668170574 -4.432259271327366 -7.942037247290246 1.1116817823961966
11.242484969939879 10.787408041193114 1.9055792279938366 5.380650006031669 3.4127261945277 -1.6176108205314321 -0.19993485568429392 14.327314617757601 20.98625871565251 34.87485401968169 16.95184124772707 19.464857754206722 8.7469247340639 13.123377300791411 0.352065921571886 3.3220986882968857 19.955257536400772 7.7919023988951635 11.599948142507568 1.986835180106823 5.609138665528111 21.487364245827337 -0.7733624677062956 7.359726575774328 2.9073140511645335 -6.566598198446928 -4.417108902957237 -7.926886878920099 1.1268321507663437
11.302605210420841 10.802519444339929 1.9206906311406513 5.395761409178501 3.4278375976745146 -1.6024994173845997 -0.18482345253747923 14.342426020904416 21.001370118799336 34.88996542282851 16.966952650873885 19.479969157353548 8.762036137210732 13.138488703938226 0.3671773247187007 3.3372100914437004 19.970368939547583 7.807013802041978 11.615059545654383 2.0019465832536376 5.624250068674925 21.502475648974162 -0.7582510645594809 7.374837978921143 2.922425454311348 -6.551486795300096 -4.401997499810404 -7.911775475773267 1.1419435539131761
11.362725450901802 10.81759254164103 1.9357637284417528 5.410834506479585 3.4429106949755983 -1.587426320083516 -0.16975035523637771 14.357499118205517 21.016443216100427 34.9050385201296 16.982025748174987 19.49504225465463 8.777109234511816 13.153561801239327 0.3822504220198022 3.352283188744784 19.985442036848678 7.822086899343062 11.630132642955466 2.017019680554739 5.639323165976027 21.517548746275253 -0.7431779672583794 7.389911076222226 2.9374985516124497 -6.536413697999012 -4.386924402509321 -7.896702378472183 1.15701665121426
11.422845691382765 10.832627917436906 1.9507991042376283 5.42586988227546 3.4579460707714915 -1.5723909442876405 -0.15471497944050228 14.372534494001393 21.031478591896303 34.920073895925476 16.997061123970862 19.510077630450514 8.792144610307691 13.168597177035203 0.39728579781567763 3.3673185645406774 20.000477412644564 7.837122275138937 11.645168018751342 2.0320550563506146 5.654358541771902 21.53258412207113 -0.7281425914625039 7.40494645201812 2.952533927408325 -6.5213783222031365 -4.371889026713445 -7.881667002676307 1.1720520270101353
11.482965931863728 10.847626173996634 1.9657973607973567 5.440868138835189 3.472944327331202 -1.557392687727912 -0.13971672288077386 14.387532750561121 21.04647684845603 34.935072152485205 17.01205938053059 19.525075887010235 8.80714286686742 13.183595433594931 0.41228405437540605 3.382316821100388 20.01547566920428 7.852120531698666 11.66016627531107 2.047053312910343 5.669356798331631 21.547582378630857 -0.7131443349027755 7.41994470857783 2.9675321839680535 -6.506380065643408 -4.356890770153717 -7.866668746116579 1.1870502835698638
11.543086172344688 10.862587909582597 1.9807590963833022 5.455829874421152 3.4879060629171654 -1.5424309521419488 -0.12475498729482837 14.402494486147067 21.061438584041987 34.95003388807116 17.027021116116536 19.5400376225962 8.822104602453383 13.198557169180877 0.42724578996135154 3.3972785566863513 20.030437404790245 7.867082267284629 11.675128010897033 2.0620150484963062 5.684318533917576 21.562544114216813 -0.6981825993168123 7.4349064441637935 2.9824939195540168 -6.491418330057445 -4.3419290345677535 -7.851707010530616 1.202012019155827
11.603206412825651 10.877513686212055 1.9956848730127774 5.4707556510506095 3.5028318395466407 -1.5275051755124913 -0.10982921066535312 14.417420262776542 21.076364360671455 34.964959664700636 17.04194689274601 19.554963399225663 8.83703037908284 13.213482945810352 0.4421715665908268 3.4122043333158265 20.04536318141971 7.8820080439140865 11.690053787526509 2.0769408251257637 5.699244310547051 21.57746989084628 -0.6832568226873548 7.449832220793269 2.9974196961834743 -6.476492553427987 -4.327003257938296 -7.836781233901158 1.2169377957852845
11.663326653306612 10.89240400795342 2.010575194754143 5.485645972791975 3.517722161288006 -1.512614853771126 -0.09493888892398772 14.432310584517907 21.091254682412817 34.979849986442 17.056837214487377 19.56985372096703 8.851920700824206 13.228373267551717 0.4570618883321922 3.427094655057192 20.06025350316108 7.896898365655452 11.704944109267874 2.091831146867129 5.714134632288417 21.592360212587643 -0.6683665009459894 7.464722542534634 3.0123100179248397 -6.461602231686622 -4.312112936196931 -7.821890912159793 1.23182811752665
11.723446893787575 10.90725940196883 2.0254305887695523 5.500501366807402 3.5325775553034156 -1.4977594597556987 -0.08008349490857825 14.447165978533317 21.106110076428237 34.99470538045741 17.071692608502786 19.584709114982438 8.866776094839633 13.243228661567127 0.47191728234760166 3.4419500490726014 20.075108897176484 7.911753759670879 11.719799503283284 2.1066865408825386 5.728990026303826 21.607215606603063 -0.6535111069305799 7.479577936550044 3.027165411940249 -6.446746837671195 -4.297257542181503 -7.807035518144383 1.2466835115420771
11.783567134268537 10.922080382178674 2.0402515689793788 5.515322347017229 3.547398535513242 -1.4829384795458722 -0.06526251469875177 14.461986958743143 21.120931056638064 35.009526360667245 17.08651358871263 19.599530095192275 8.88159707504946 13.258049641776953 0.48673826255742814 3.456771029282428 20.08992987738632 7.926574739880706 11.73462048349311 2.121507521092383 5.7438110065136705 21.62203658681289 -0.6386901267207357 7.49439891675987 3.0419863921500934 -6.431925857461368 -4.282436561971677 -7.792214537934539 1.2615044917519036
11.843687374749498 10.936867424567538 2.0550386113682606 5.53010938940611 3.562185577902124 -1.4681514371570081 -0.05047547230986993 14.476774001132025 21.13571809902694 35.02431340305612 17.101300631101495 19.614317137581146 8.896384117438323 13.272836684165835 0.50152530494631 3.4715580716713097 20.104716919775193 7.941361782269587 11.749407525881992 2.136294563481247 5.758598048902535 21.636823629201764 -0.6239030843318716 7.509185959148752 3.0567734345389574 -6.417138815072486 -4.267649519582795 -7.777427495545675 1.2762915341407677
11.90380761523046 10.951620961027597 2.06979214782832 5.54486292586617 3.576939114362183 -1.453397900696931 -0.03572193584981065 14.491527537592084 21.150471635487005 35.039066939516175 17.116054167561554 19.629070674041206 8.9111376538984 13.287590220625894 0.5162788414063693 3.486311608131369 20.119470456235256 7.956115318729647 11.764161062342051 2.151048099941306 5.773351585362594 21.65157716566183 -0.6091495478718123 7.523939495608811 3.0715269709990167 -6.402385278612427 -4.252895983122736 -7.762673959085616 1.291045070600827
11.963927855711422 10.966341449632697 2.08451263643342 5.559583414471252 3.591659602967283 -1.4386774120918489 -0.021001447244710647 14.506248026197184 21.165192124092094 35.053787428121275 17.130774656166654 19.643791162646306 8.925858142503483 13.302310709230994 0.5309993300114693 3.501032096736469 20.134190944840356 7.970835807334747 11.778881550947151 2.165768588546406 5.788072073967694 21.66629765426692 -0.5944290592667123 7.538659984213911 3.0862474596041167 -6.387664790007345 -4.2381754945176535 -7.747953470480516 1.305765559205927
12.024048096192384 10.98102933116854 2.099200517969244 5.574271296007094 3.6063474845031074 -1.4239895305560069 -0.006313565708886415 14.520935907733008 21.17988000562793 35.0684753096571 17.14546253770248 19.65847904418214 8.940546024039325 13.316998590766818 0.5456872115472935 3.515719978272293 20.148878826376176 7.985523688870571 11.793569432482975 2.180456470082248 5.802759955503518 21.680985535802755 -0.5797411777308703 7.5533478657497355 3.100935341139941 -6.372976908471503 -4.2234876129818115 -7.733265588944674 1.320453440741769
12.084168336673347 10.995685011685232 2.113856198485937 5.588926976523787 3.6210031650198005 -1.4093338500393138 0.008342114807806666 14.535591588249702 21.194535686144622 35.08313099017381 17.16011821821919 19.67313472469883 8.955201704556018 13.331654271283512 0.5603428920639866 3.5303756587889863 20.16353450689288 8.000179369387263 11.808225112999668 2.1951121505989413 5.817415636020229 21.695641216319448 -0.5650854972141772 7.568003546266429 3.115591021656652 -6.35832122795481 -4.208831932465118 -7.718609908427981 1.335109121258462
12.144288577154308 11.010308857884876 2.128480044685599 5.603550822723431 3.6356270112194444 -1.3947100038396698 0.022965961007468394 14.550215434449363 21.209159532344273 35.09775483637345 17.174742064418833 19.687758570898477 8.969825550755662 13.346278117483156 0.5749667382636483 3.5449995049886303 20.178158353092524 8.014803215586907 11.822848959199312 2.2097359967985852 5.832039482219873 21.7102650625191 -0.5504616510145333 7.5826273924660725 3.1302148678562958 -6.343697381755166 -4.1942080862654745 -7.703986062228337 1.349732967458106
12.20440881763527 11.024901262767948 2.1430724495686704 5.618143227606502 3.650219416102516 -1.3801175989565984 0.03755836589053985 14.564807839332435 21.223751937227348 35.11234724125652 17.189334469301905 19.702350975781556 8.984417955638733 13.360870522366245 0.5895591431467198 3.5595919098717195 20.192750757975595 8.029395620469979 11.837441364082384 2.2243284016816567 5.846631887102944 21.724857467402174 -0.5358692461314618 7.597219797349144 3.144807272739367 -6.329104976872094 -4.179615681382403 -7.689393657345265 1.3643253723411775
