web/models/kne/36/villar_0.2686_0.1083_10.0000.dat
# %ECSV 1.0
# ---
# datatype:
# - {name: time, datatype: float64}
# - {name: swift_uvot_uvw2, datatype: float64}
# - {name: swift_uvot_uvm2, datatype: float64}
# - {name: swift_uvot_uvw1, datatype: float64}
# - {name: swift_uvot_U, datatype: float64}
# - {name: swift_uvot_B, datatype: float64}
# - {name: swift_uvot_V, datatype: float64}
# - {name: swift_uvot_W, datatype: float64}
# - {name: johnson_U, datatype: float64}
# - {name: johnson_B, datatype: float64}
# - {name: johnson_V, datatype: float64}
# - {name: johnson_R, datatype: float64}
# - {name: johnson_I, datatype: float64}
# - {name: sdss_u, datatype: float64}
# - {name: sdss_g, datatype: float64}
# - {name: sdss_r, datatype: float64}
# - {name: sdss_i, datatype: float64}
# - {name: sdss_z, datatype: float64}
# - {name: PS1_g, datatype: float64}
# - {name: PS1_r, datatype: float64}
# - {name: PS1_i, datatype: float64}
# - {name: PS1_z, datatype: float64}
# - {name: PS1_Y, datatype: float64}
# - {name: PS1_w, datatype: float64}
# - {name: ATLAS_c, datatype: float64}
# - {name: ATLAS_o, datatype: float64}
# - {name: ukirt_J, datatype: float64}
# - {name: ukirt_H, datatype: float64}
# - {name: ukirt_K, datatype: float64}
# - {name: Clear, datatype: float64}
# meta: !!omap
# - comment: [kappa = 10.0, type = villar, mass = 0.2685795883840597, velocity = 0.10833333333333334, theta_obs = 0.0]
# schema: astropy-2.0
time swift_uvot_uvw2 swift_uvot_uvm2 swift_uvot_uvw1 swift_uvot_U swift_uvot_B swift_uvot_V swift_uvot_W johnson_U johnson_B johnson_V johnson_R johnson_I sdss_u sdss_g sdss_r sdss_i sdss_z PS1_g PS1_r PS1_i PS1_z PS1_Y PS1_w ATLAS_c ATLAS_o ukirt_J ukirt_H ukirt_K Clear
[from data line 78]
0.010217 -9.625 -9.428 -9.299 -8.899 -8.552 -8.176 -9.143 -8.847 -8.548 -8.166 -7.78 -7.332 -8.857 -8.432 -7.953 -7.599 -7.266 -8.427 -8.006 -7.669 -7.466 -7.519 -8.015 -8.245 -7.808 -6.599 -6.055 -5.427 -8.094
0.010526 -9.667 -9.473 -9.345 -8.948 -8.602 -8.228 -9.189 -8.897 -8.599 -8.218 -7.833 -7.385 -8.906 -8.483 -8.005 -7.652 -7.319 -8.477 -8.057 -7.721 -7.518 -7.568 -8.067 -8.297 -7.861 -6.653 -6.11 -5.482 -8.145
0.010845 -9.708 -9.518 -9.391 -8.997 -8.653 -8.28 -9.235 -8.946 -8.649 -8.269 -7.885 -7.439 -8.956 -8.534 -8.057 -7.705 -7.373 -8.528 -8.109 -7.772 -7.569 -7.617 -8.119 -8.348 -7.913 -6.706 -6.164 -5.536 -8.197
0.011173 -9.75 -9.563 -9.436 -9.046 -8.703 -8.331 -9.281 -8.995 -8.7 -8.321 -7.938 -7.492 -9.005 -8.585 -8.109 -7.758 -7.426 -8.578 -8.16 -7.824 -7.62 -7.665 -8.171 -8.4 -7.965 -6.76 -6.218 -5.591 -8.248
0.011511 -9.791 -9.607 -9.482 -9.095 -8.754 -8.383 -9.326 -9.044 -8.75 -8.372 -7.99 -7.545 -9.054 -8.636 -8.161 -7.81 -7.479 -8.628 -8.211 -7.876 -7.671 -7.714 -8.223 -8.451 -8.018 -6.814 -6.272 -5.645 -8.3
0.011859 -9.832 -9.651 -9.527 -9.143 -8.804 -8.434 -9.372 -9.093 -8.8 -8.424 -8.042 -7.598 -9.103 -8.686 -8.213 -7.863 -7.532 -8.679 -8.262 -7.927 -7.722 -7.763 -8.274 -8.502 -8.07 -6.868 -6.327 -5.7 -8.351
0.012217 -9.872 -9.695 -9.573 -9.192 -8.854 -8.486 -9.417 -9.142 -8.85 -8.475 -8.094 -7.651 -9.152 -8.737 -8.265 -7.915 -7.585 -8.729 -8.314 -7.979 -7.773 -7.811 -8.326 -8.553 -8.122 -6.922 -6.381 -5.754 -8.402
0.012587 -9.913 -9.739 -9.618 -9.241 -8.904 -8.537 -9.462 -9.191 -8.901 -8.526 -8.146 -7.703 -9.201 -8.787 -8.317 -7.968 -7.638 -8.779 -8.365 -8.03 -7.824 -7.86 -8.377 -8.604 -8.174 -6.975 -6.435 -5.809 -8.453
0.012968 -9.953 -9.782 -9.663 -9.289 -8.954 -8.588 -9.507 -9.24 -8.951 -8.578 -8.198 -7.756 -9.249 -8.838 -8.369 -8.02 -7.691 -8.829 -8.416 -8.081 -7.875 -7.908 -8.428 -8.655 -8.226 -7.029 -6.489 -5.863 -8.504
0.01336 -9.994 -9.826 -9.707 -9.337 -9.004 -8.639 -9.552 -9.288 -9.0 -8.629 -8.25 -7.809 -9.298 -8.888 -8.42 -8.073 -7.744 -8.879 -8.467 -8.133 -7.926 -7.957 -8.48 -8.706 -8.278 -7.083 -6.543 -5.917 -8.555
0.013764 -10.034 -9.869 -9.752 -9.385 -9.054 -8.69 -9.597 -9.337 -9.05 -8.68 -8.302 -7.862 -9.346 -8.938 -8.472 -8.125 -7.796 -8.929 -8.517 -8.184 -7.977 -8.005 -8.531 -8.756 -8.33 -7.136 -6.597 -5.972 -8.606
0.01418 -10.073 -9.912 -9.796 -9.433 -9.104 -8.741 -9.642 -9.385 -9.1 -8.731 -8.354 -7.914 -9.394 -8.988 -8.523 -8.177 -7.849 -8.978 -8.568 -8.235 -8.028 -8.054 -8.582 -8.807 -8.381 -7.19 -6.651 -6.026 -8.657
0.014609 -10.113 -9.955 -9.841 -9.481 -9.153 -8.792 -9.686 -9.433 -9.149 -8.782 -8.406 -7.967 -9.442 -9.038 -8.575 -8.229 -7.902 -9.028 -8.619 -8.286 -8.079 -8.102 -8.633 -8.858 -8.433 -7.243 -6.705 -6.08 -8.708
0.015051 -10.152 -9.998 -9.885 -9.529 -9.203 -8.843 -9.73 -9.481 -9.199 -8.832 -8.457 -8.019 -9.491 -9.088 -8.626 -8.281 -7.954 -9.078 -8.67 -8.338 -8.13 -8.15 -8.684 -8.908 -8.485 -7.296 -6.758 -6.134 -8.758
0.015506 -10.191 -10.04 -9.929 -9.577 -9.252 -8.893 -9.774 -9.529 -9.248 -8.883 -8.509 -8.072 -9.538 -9.138 -8.677 -8.333 -8.007 -9.127 -8.72 -8.389 -8.18 -8.199 -8.735 -8.958 -8.536 -7.35 -6.812 -6.189 -8.809
0.015975 -10.23 -10.083 -9.972 -9.624 -9.301 -8.944 -9.818 -9.577 -9.298 -8.934 -8.561 -8.124 -9.586 -9.188 -8.728 -8.385 -8.059 -9.176 -8.771 -8.44 -8.231 -8.247 -8.786 -9.009 -8.588 -7.403 -6.866 -6.243 -8.859
0.016458 -10.269 -10.125 -10.016 -9.672 -9.351 -8.995 -9.862 -9.625 -9.347 -8.984 -8.612 -8.176 -9.634 -9.237 -8.78 -8.437 -8.112 -9.226 -8.821 -8.491 -8.282 -8.296 -8.836 -9.059 -8.639 -7.456 -6.92 -6.297 -8.91
0.016956 -10.308 -10.167 -10.059 -9.719 -9.4 -9.045 -9.906 -9.672 -9.396 -9.035 -8.664 -8.229 -9.682 -9.287 -8.831 -8.489 -8.164 -9.275 -8.872 -8.542 -8.332 -8.344 -8.887 -9.109 -8.691 -7.509 -6.973 -6.351 -8.96
0.017469 -10.346 -10.208 -10.103 -9.766 -9.449 -9.095 -9.949 -9.72 -9.445 -9.085 -8.715 -8.281 -9.729 -9.336 -8.882 -8.541 -8.217 -9.324 -8.922 -8.592 -8.383 -8.392 -8.938 -9.159 -8.742 -7.563 -7.027 -6.405 -9.01
0.017997 -10.384 -10.25 -10.146 -9.813 -9.498 -9.146 -9.992 -9.767 -9.494 -9.135 -8.766 -8.333 -9.776 -9.386 -8.933 -8.592 -8.269 -9.373 -8.972 -8.643 -8.433 -8.441 -8.988 -9.209 -8.793 -7.616 -7.081 -6.459 -9.061
0.018541 -10.422 -10.291 -10.189 -9.86 -9.546 -9.196 -10.036 -9.814 -9.543 -9.186 -8.817 -8.385 -9.824 -9.435 -8.983 -8.644 -8.321 -9.422 -9.023 -8.694 -8.484 -8.489 -9.039 -9.259 -8.844 -7.669 -7.134 -6.513 -9.111
0.019102 -10.46 -10.332 -10.232 -9.907 -9.595 -9.246 -10.079 -9.862 -9.591 -9.236 -8.868 -8.437 -9.871 -9.484 -9.034 -8.696 -8.373 -9.471 -9.073 -8.745 -8.534 -8.537 -9.089 -9.309 -8.895 -7.722 -7.188 -6.567 -9.161
0.01968 -10.498 -10.373 -10.274 -9.954 -9.644 -9.296 -10.121 -9.909 -9.64 -9.286 -8.92 -8.489 -9.918 -9.533 -9.085 -8.747 -8.425 -9.52 -9.123 -8.795 -8.585 -8.586 -9.139 -9.359 -8.946 -7.775 -7.241 -6.621 -9.211
0.020275 -10.535 -10.414 -10.317 -10.0 -9.692 -9.346 -10.164 -9.955 -9.688 -9.336 -8.971 -8.541 -9.965 -9.582 -9.136 -8.799 -8.477 -9.569 -9.173 -8.846 -8.635 -8.634 -9.189 -9.408 -8.997 -7.828 -7.295 -6.674 -9.26
0.020888 -10.572 -10.455 -10.359 -10.047 -9.741 -9.396 -10.207 -10.002 -9.737 -9.386 -9.022 -8.593 -10.011 -9.631 -9.186 -8.85 -8.529 -9.617 -9.223 -8.897 -8.686 -8.682 -9.24 -9.458 -9.048 -7.881 -7.348 -6.728 -9.31
0.02152 -10.609 -10.495 -10.401 -10.093 -9.789 -9.446 -10.249 -10.049 -9.785 -9.436 -9.072 -8.645 -10.058 -9.68 -9.237 -8.901 -8.581 -9.666 -9.273 -8.947 -8.736 -8.73 -9.29 -9.507 -9.099 -7.934 -7.401 -6.782 -9.36
0.022171 -10.646 -10.535 -10.443 -10.139 -9.837 -9.496 -10.291 -10.095 -9.833 -9.485 -9.123 -8.696 -10.104 -9.729 -9.287 -8.953 -8.633 -9.715 -9.323 -8.998 -8.786 -8.779 -9.34 -9.557 -9.15 -7.986 -7.455 -6.836 -9.409
0.022841 -10.682 -10.575 -10.484 -10.185 -9.885 -9.545 -10.333 -10.142 -9.882 -9.535 -9.174 -8.748 -10.151 -9.777 -9.337 -9.004 -8.685 -9.763 -9.372 -9.048 -8.836 -8.827 -9.39 -9.606 -9.2 -8.039 -7.508 -6.89 -9.459
0.023532 -10.719 -10.615 -10.526 -10.231 -9.933 -9.595 -10.375 -10.188 -9.93 -9.585 -9.225 -8.8 -10.197 -9.826 -9.388 -9.055 -8.737 -9.811 -9.422 -9.098 -8.887 -8.875 -9.439 -9.655 -9.251 -8.092 -7.561 -6.943 -9.508
0.024244 -10.755 -10.654 -10.567 -10.277 -9.981 -9.644 -10.417 -10.234 -9.977 -9.634 -9.275 -8.851 -10.243 -9.874 -9.438 -9.106 -8.789 -9.86 -9.472 -9.149 -8.937 -8.923 -9.489 -9.704 -9.302 -8.145 -7.614 -6.997 -9.558
0.024977 -10.79 -10.694 -10.608 -10.323 -10.029 -9.694 -10.458 -10.28 -10.025 -9.684 -9.326 -8.903 -10.289 -9.923 -9.488 -9.157 -8.84 -9.908 -9.521 -9.199 -8.987 -8.972 -9.539 -9.753 -9.352 -8.197 -7.668 -7.051 -9.607
0.025733 -10.826 -10.733 -10.649 -10.368 -10.077 -9.743 -10.5 -10.326 -10.073 -9.733 -9.376 -8.954 -10.335 -9.971 -9.538 -9.208 -8.892 -9.956 -9.571 -9.249 -9.037 -9.02 -9.588 -9.802 -9.402 -8.25 -7.721 -7.104 -9.656
0.026511 -10.861 -10.772 -10.69 -10.414 -10.124 -9.792 -10.541 -10.372 -10.121 -9.782 -9.427 -9.006 -10.381 -10.019 -9.588 -9.259 -8.944 -10.004 -9.62 -9.299 -9.087 -9.068 -9.638 -9.851 -9.453 -8.303 -7.774 -7.158 -9.705
0.027313 -10.897 -10.811 -10.731 -10.459 -10.172 -9.842 -10.582 -10.418 -10.168 -9.832 -9.477 -9.057 -10.427 -10.067 -9.638 -9.31 -8.995 -10.052 -9.67 -9.35 -9.137 -9.116 -9.687 -9.9 -9.503 -8.355 -7.827 -7.211 -9.754
0.028139 -10.932 -10.849 -10.771 -10.504 -10.219 -9.891 -10.623 -10.463 -10.216 -9.881 -9.527 -9.109 -10.472 -10.115 -9.688 -9.361 -9.047 -10.1 -9.719 -9.4 -9.187 -9.165 -9.737 -9.949 -9.553 -8.408 -7.88 -7.265 -9.803
0.02899 -10.966 -10.887 -10.811 -10.549 -10.267 -9.94 -10.664 -10.509 -10.263 -9.93 -9.578 -9.16 -10.517 -10.163 -9.738 -9.411 -9.098 -10.147 -9.768 -9.45 -9.237 -9.213 -9.786 -9.997 -9.603 -8.46 -7.933 -7.318 -9.852
0.029867 -11.001 -10.925 -10.851 -10.594 -10.314 -9.989 -10.704 -10.554 -10.31 -9.979 -9.628 -9.211 -10.563 -10.211 -9.787 -9.462 -9.15 -10.195 -9.818 -9.5 -9.287 -9.261 -9.835 -10.046 -9.653 -8.512 -7.986 -7.372 -9.901
0.03077 -11.035 -10.963 -10.891 -10.639 -10.361 -10.038 -10.744 -10.599 -10.357 -10.028 -9.678 -9.262 -10.608 -10.259 -9.837 -9.513 -9.201 -10.243 -9.867 -9.55 -9.337 -9.309 -9.884 -10.094 -9.703 -8.565 -8.039 -7.425 -9.95
0.031701 -11.069 -11.001 -10.931 -10.684 -10.408 -10.086 -10.785 -10.644 -10.404 -10.076 -9.728 -9.313 -10.653 -10.306 -9.886 -9.563 -9.252 -10.29 -9.916 -9.6 -9.387 -9.357 -9.934 -10.143 -9.753 -8.617 -8.092 -7.479 -9.998
0.032659 -11.103 -11.038 -10.97 -10.728 -10.455 -10.135 -10.825 -10.689 -10.451 -10.125 -9.778 -9.365 -10.698 -10.354 -9.936 -9.614 -9.303 -10.337 -9.965 -9.649 -9.437 -9.406 -9.983 -10.191 -9.803 -8.67 -8.145 -7.532 -10.047
0.033647 -11.136 -11.075 -11.01 -10.772 -10.502 -10.184 -10.865 -10.734 -10.498 -10.174 -9.828 -9.416 -10.742 -10.401 -9.985 -9.664 -9.355 -10.385 -10.014 -9.699 -9.487 -9.454 -10.031 -10.239 -9.853 -8.722 -8.198 -7.585 -10.095
0.034665 -11.17 -11.112 -11.049 -10.817 -10.548 -10.232 -10.904 -10.779 -10.545 -10.222 -9.877 -9.466 -10.787 -10.448 -10.035 -9.715 -9.406 -10.432 -10.063 -9.749 -9.537 -9.502 -10.08 -10.287 -9.903 -8.774 -8.251 -7.639 -10.144
0.035713 -11.203 -11.149 -11.088 -10.861 -10.595 -10.281 -10.944 -10.823 -10.591 -10.271 -9.927 -9.517 -10.831 -10.496 -10.084 -9.765 -9.457 -10.479 -10.112 -9.799 -9.587 -9.55 -10.129 -10.335 -9.952 -8.826 -8.303 -7.692 -10.192
0.036793 -11.235 -11.185 -11.126 -10.905 -10.641 -10.329 -10.983 -10.868 -10.638 -10.319 -9.977 -9.568 -10.876 -10.543 -10.133 -9.815 -9.508 -10.526 -10.16 -9.848 -9.636 -9.598 -10.178 -10.383 -10.002 -8.878 -8.356 -7.745 -10.24
0.037906 -11.268 -11.222 -11.165 -10.948 -10.688 -10.377 -11.022 -10.912 -10.684 -10.367 -10.027 -9.619 -10.92 -10.59 -10.182 -9.865 -9.559 -10.573 -10.209 -9.898 -9.686 -9.646 -10.226 -10.431 -10.052 -8.93 -8.409 -7.799 -10.288
0.039052 -11.3 -11.258 -11.203 -10.992 -10.734 -10.425 -11.061 -10.956 -10.73 -10.416 -10.076 -9.67 -10.964 -10.637 -10.231 -9.916 -9.61 -10.62 -10.258 -9.947 -9.736 -9.695 -10.275 -10.479 -10.101 -8.983 -8.462 -7.852 -10.336
0.040234 -11.332 -11.293 -11.241 -11.036 -10.78 -10.473 -11.1 -11.0 -10.776 -10.464 -10.126 -9.72 -11.008 -10.683 -10.28 -9.966 -9.661 -10.667 -10.306 -9.997 -9.785 -9.743 -10.323 -10.526 -10.15 -9.035 -8.514 -7.905 -10.384
0.04145 -11.364 -11.329 -11.279 -11.079 -10.826 -10.521 -11.139 -11.044 -10.822 -10.512 -10.175 -9.771 -11.052 -10.73 -10.329 -10.016 -9.711 -10.713 -10.355 -10.046 -9.835 -9.791 -10.372 -10.574 -10.2 -9.087 -8.567 -7.958 -10.432
0.042704 -11.396 -11.364 -11.316 -11.122 -10.872 -10.569 -11.177 -11.087 -10.868 -10.56 -10.224 -9.822 -11.095 -10.777 -10.378 -10.066 -9.762 -10.76 -10.403 -10.096 -9.884 -9.839 -10.42 -10.621 -10.249 -9.139 -8.619 -8.011 -10.48
0.043996 -11.427 -11.399 -11.354 -11.165 -10.918 -10.617 -11.215 -11.131 -10.914 -10.608 -10.274 -9.872 -11.139 -10.823 -10.427 -10.115 -9.813 -10.806 -10.451 -10.145 -9.934 -9.887 -10.468 -10.669 -10.298 -9.19 -8.672 -8.064 -10.528
0.045326 -11.458 -11.434 -11.391 -11.208 -10.963 -10.665 -11.254 -11.174 -10.96 -10.655 -10.323 -9.923 -11.182 -10.87 -10.475 -10.165 -9.864 -10.852 -10.5 -10.194 -9.983 -9.935 -10.516 -10.716 -10.347 -9.242 -8.725 -8.117 -10.575
0.046697 -11.489 -11.468 -11.428 -11.251 -11.009 -10.713 -11.291 -11.218 -11.005 -10.703 -10.372 -9.973 -11.225 -10.916 -10.524 -10.215 -9.914 -10.899 -10.548 -10.243 -10.033 -9.983 -10.564 -10.763 -10.396 -9.294 -8.777 -8.171 -10.623
0.048109 -11.519 -11.503 -11.465 -11.293 -11.054 -10.76 -11.329 -11.261 -11.051 -10.751 -10.421 -10.023 -11.268 -10.962 -10.572 -10.265 -9.965 -10.945 -10.596 -10.293 -10.082 -10.031 -10.612 -10.81 -10.445 -9.346 -8.83 -8.224 -10.67
0.049564 -11.549 -11.537 -11.501 -11.336 -11.1 -10.808 -11.367 -11.304 -11.096 -10.798 -10.47 -10.074 -11.311 -11.008 -10.621 -10.314 -10.015 -10.991 -10.644 -10.342 -10.131 -10.079 -10.66 -10.857 -10.494 -9.398 -8.882 -8.277 -10.718
0.051063 -11.579 -11.57 -11.537 -11.378 -11.145 -10.855 -11.404 -11.346 -11.141 -10.845 -10.519 -10.124 -11.354 -11.054 -10.669 -10.364 -10.066 -11.037 -10.692 -10.391 -10.181 -10.127 -10.708 -10.904 -10.543 -9.449 -8.934 -8.33 -10.765
0.052608 -11.609 -11.604 -11.574 -11.42 -11.19 -10.902 -11.441 -11.389 -11.186 -10.893 -10.568 -10.174 -11.396 -11.1 -10.717 -10.413 -10.116 -11.083 -10.74 -10.44 -10.23 -10.175 -10.755 -10.951 -10.592 -9.501 -8.987 -8.383 -10.812
0.054199 -11.638 -11.637 -11.609 -11.462 -11.235 -10.949 -11.478 -11.431 -11.231 -10.94 -10.616 -10.224 -11.439 -11.145 -10.765 -10.463 -10.166 -11.128 -10.787 -10.489 -10.279 -10.223 -10.803 -10.998 -10.64 -9.553 -9.039 -8.436 -10.859
0.055838 -11.667 -11.67 -11.645 -11.504 -11.28 -10.997 -11.515 -11.474 -11.276 -10.987 -10.665 -10.274 -11.481 -11.191 -10.814 -10.512 -10.217 -11.174 -10.835 -10.537 -10.328 -10.271 -10.85 -11.044 -10.689 -9.604 -9.091 -8.488 -10.906
0.057527 -11.696 -11.702 -11.68 -11.546 -11.324 -11.044 -11.552 -11.516 -11.321 -11.034 -10.714 -10.324 -11.523 -11.236 -10.862 -10.561 -10.267 -11.22 -10.883 -10.586 -10.377 -10.319 -10.898 -11.091 -10.737 -9.656 -9.144 -8.541 -10.953
0.059267 -11.724 -11.735 -11.715 -11.587 -11.369 -11.09 -11.588 -11.558 -11.365 -11.081 -10.762 -10.374 -11.565 -11.282 -10.909 -10.611 -10.317 -11.265 -10.93 -10.635 -10.427 -10.367 -10.945 -11.137 -10.786 -9.707 -9.196 -8.594 -11.0
0.061059 -11.752 -11.767 -11.75 -11.629 -11.413 -11.137 -11.624 -11.6 -11.41 -11.128 -10.81 -10.424 -11.607 -11.327 -10.957 -10.66 -10.367 -11.31 -10.978 -10.684 -10.476 -10.415 -10.992 -11.183 -10.834 -9.759 -9.248 -8.647 -11.046
0.062906 -11.78 -11.799 -11.785 -11.67 -11.458 -11.184 -11.66 -11.642 -11.454 -11.175 -10.859 -10.474 -11.649 -11.372 -11.005 -10.709 -10.417 -11.356 -11.025 -10.732 -10.525 -10.463 -11.039 -11.23 -10.882 -9.81 -9.3 -8.7 -11.093
0.064808 -11.808 -11.83 -11.819 -11.711 -11.502 -11.23 -11.696 -11.683 -11.498 -11.221 -10.907 -10.524 -11.69 -11.417 -11.053 -10.758 -10.467 -11.401 -11.073 -10.781 -10.574 -10.511 -11.086 -11.276 -10.93 -9.862 -9.352 -8.753 -11.139
0.066769 -11.835 -11.861 -11.854 -11.751 -11.546 -11.277 -11.732 -11.724 -11.542 -11.268 -10.955 -10.573 -11.731 -11.462 -11.1 -10.807 -10.517 -11.446 -11.12 -10.829 -10.622 -10.559 -11.133 -11.322 -10.979 -9.913 -9.405 -8.805 -11.186
0.068788 -11.862 -11.892 -11.888 -11.792 -11.59 -11.323 -11.767 -11.766 -11.586 -11.314 -11.003 -10.623 -11.772 -11.507 -11.148 -10.856 -10.567 -11.49 -11.167 -10.878 -10.671 -10.607 -11.18 -11.367 -11.027 -9.964 -9.457 -8.858 -11.232
0.070868 -11.889 -11.923 -11.921 -11.833 -11.634 -11.37 -11.802 -11.807 -11.63 -11.36 -11.051 -10.673 -11.813 -11.551 -11.195 -10.904 -10.617 -11.535 -11.214 -10.926 -10.72 -10.655 -11.227 -11.413 -11.074 -10.015 -9.509 -8.911 -11.278
0.073012 -11.915 -11.953 -11.955 -11.873 -11.677 -11.416 -11.837 -11.847 -11.674 -11.407 -11.099 -10.722 -11.854 -11.596 -11.242 -10.953 -10.666 -11.58 -11.261 -10.974 -10.769 -10.703 -11.274 -11.459 -11.122 -10.067 -9.561 -8.963 -11.324
0.07522 -11.941 -11.983 -11.988 -11.913 -11.721 -11.462 -11.872 -11.888 -11.717 -11.453 -11.147 -10.771 -11.895 -11.64 -11.29 -11.002 -10.716 -11.624 -11.308 -11.023 -10.818 -10.75 -11.32 -11.504 -11.17 -10.118 -9.613 -9.016 -11.37
0.077495 -11.967 -12.013 -12.021 -11.953 -11.764 -11.508 -11.907 -11.929 -11.761 -11.499 -11.195 -10.821 -11.935 -11.685 -11.337 -11.05 -10.766 -11.669 -11.355 -11.071 -10.866 -10.798 -11.367 -11.55 -11.218 -10.169 -9.665 -9.069 -11.416
0.079839 -11.992 -12.042 -12.053 -11.993 -11.807 -11.554 -11.941 -11.969 -11.804 -11.545 -11.243 -10.87 -11.975 -11.729 -11.384 -11.099 -10.815 -11.713 -11.402 -11.119 -10.915 -10.846 -11.413 -11.595 -11.265 -10.22 -9.716 -9.121 -11.462
0.082253 -12.017 -12.072 -12.086 -12.032 -11.85 -11.599 -11.976 -12.009 -11.847 -11.59 -11.29 -10.919 -12.015 -11.773 -11.431 -11.147 -10.865 -11.757 -11.448 -11.167 -10.963 -10.894 -11.459 -11.64 -11.313 -10.271 -9.768 -9.174 -11.507
