web/models/kne/36/villar_0.0275_0.1240_1.0000.dat
# %ECSV 1.0
# ---
# datatype:
# - {name: time, datatype: float64}
# - {name: swift_uvot_uvw2, datatype: float64}
# - {name: swift_uvot_uvm2, datatype: float64}
# - {name: swift_uvot_uvw1, datatype: float64}
# - {name: swift_uvot_U, datatype: float64}
# - {name: swift_uvot_B, datatype: float64}
# - {name: swift_uvot_V, datatype: float64}
# - {name: swift_uvot_W, datatype: float64}
# - {name: johnson_U, datatype: float64}
# - {name: johnson_B, datatype: float64}
# - {name: johnson_V, datatype: float64}
# - {name: johnson_R, datatype: float64}
# - {name: johnson_I, datatype: float64}
# - {name: sdss_u, datatype: float64}
# - {name: sdss_g, datatype: float64}
# - {name: sdss_r, datatype: float64}
# - {name: sdss_i, datatype: float64}
# - {name: sdss_z, datatype: float64}
# - {name: PS1_g, datatype: float64}
# - {name: PS1_r, datatype: float64}
# - {name: PS1_i, datatype: float64}
# - {name: PS1_z, datatype: float64}
# - {name: PS1_Y, datatype: float64}
# - {name: PS1_w, datatype: float64}
# - {name: ATLAS_c, datatype: float64}
# - {name: ATLAS_o, datatype: float64}
# - {name: ukirt_J, datatype: float64}
# - {name: ukirt_H, datatype: float64}
# - {name: ukirt_K, datatype: float64}
# - {name: Clear, datatype: float64}
# meta: !!omap
# - comment: [kappa = 1.0, type = villar, mass = 0.027507471329904786, velocity = 0.124, theta_obs = 0.0]
# schema: astropy-2.0
time swift_uvot_uvw2 swift_uvot_uvm2 swift_uvot_uvw1 swift_uvot_U swift_uvot_B swift_uvot_V swift_uvot_W johnson_U johnson_B johnson_V johnson_R johnson_I sdss_u sdss_g sdss_r sdss_i sdss_z PS1_g PS1_r PS1_i PS1_z PS1_Y PS1_w ATLAS_c ATLAS_o ukirt_J ukirt_H ukirt_K Clear
[from data line 149]
0.084741 -12.125 -12.205 -12.24 -12.232 -12.073 -11.839 -12.143 -12.213 -12.07 -11.83 -11.542 -11.182 -12.219 -12.001 -11.678 -11.404 -11.128 -11.987 -11.694 -11.422 -11.222 -11.148 -11.702 -11.876 -11.564 -10.544 -10.047 -9.457 -11.747
0.087304 -12.148 -12.232 -12.271 -12.27 -12.115 -11.884 -12.176 -12.252 -12.112 -11.875 -11.589 -11.23 -12.258 -12.044 -11.724 -11.452 -11.177 -12.03 -11.74 -11.469 -11.27 -11.195 -11.748 -11.921 -11.611 -10.595 -10.099 -9.51 -11.791
0.089944 -12.17 -12.258 -12.301 -12.308 -12.157 -11.929 -12.208 -12.29 -12.154 -11.92 -11.636 -11.279 -12.296 -12.087 -11.77 -11.499 -11.226 -12.073 -11.786 -11.516 -11.318 -11.243 -11.793 -11.965 -11.657 -10.646 -10.15 -9.562 -11.836
0.092665 -12.192 -12.284 -12.331 -12.346 -12.199 -11.974 -12.241 -12.329 -12.195 -11.965 -11.683 -11.328 -12.334 -12.13 -11.816 -11.547 -11.275 -12.116 -11.831 -11.564 -11.366 -11.29 -11.838 -12.009 -11.704 -10.696 -10.202 -9.614 -11.881
0.095467 -12.213 -12.31 -12.36 -12.383 -12.24 -12.018 -12.273 -12.367 -12.237 -12.01 -11.729 -11.376 -12.372 -12.172 -11.862 -11.595 -11.324 -12.159 -11.877 -11.611 -11.414 -11.337 -11.884 -12.053 -11.751 -10.747 -10.253 -9.666 -11.925
0.098355 -12.234 -12.335 -12.389 -12.42 -12.282 -12.063 -12.304 -12.405 -12.278 -12.054 -11.776 -11.425 -12.41 -12.215 -11.908 -11.642 -11.373 -12.201 -11.923 -11.658 -11.462 -11.385 -11.929 -12.096 -11.797 -10.797 -10.305 -9.719 -11.97
0.101329 -12.255 -12.36 -12.418 -12.457 -12.323 -12.107 -12.336 -12.443 -12.319 -12.098 -11.822 -11.473 -12.448 -12.257 -11.953 -11.69 -11.421 -12.244 -11.968 -11.705 -11.51 -11.432 -11.973 -12.14 -11.843 -10.848 -10.356 -9.771 -12.014
0.104394 -12.275 -12.385 -12.447 -12.494 -12.364 -12.151 -12.367 -12.48 -12.36 -12.143 -11.869 -11.521 -12.485 -12.299 -11.999 -11.737 -11.47 -12.286 -12.013 -11.752 -11.557 -11.479 -12.018 -12.184 -11.89 -10.898 -10.408 -9.823 -12.058
0.107551 -12.295 -12.409 -12.475 -12.531 -12.405 -12.195 -12.399 -12.517 -12.401 -12.187 -11.915 -11.569 -12.522 -12.341 -12.044 -11.784 -11.518 -12.328 -12.058 -11.799 -11.605 -11.527 -12.063 -12.227 -11.936 -10.949 -10.459 -9.875 -12.102
0.110804 -12.314 -12.433 -12.503 -12.567 -12.445 -12.239 -12.43 -12.555 -12.442 -12.231 -11.961 -11.617 -12.559 -12.383 -12.09 -11.831 -11.567 -12.371 -12.104 -11.846 -11.653 -11.574 -12.108 -12.27 -11.982 -10.999 -10.51 -9.927 -12.146
0.114155 -12.333 -12.456 -12.531 -12.603 -12.486 -12.283 -12.46 -12.591 -12.482 -12.274 -12.007 -11.666 -12.596 -12.424 -12.135 -11.878 -11.615 -12.412 -12.149 -11.893 -11.7 -11.621 -12.152 -12.313 -12.028 -11.049 -10.561 -9.979 -12.19
0.117608 -12.352 -12.479 -12.558 -12.639 -12.526 -12.326 -12.491 -12.628 -12.523 -12.318 -12.053 -11.713 -12.633 -12.466 -12.18 -11.925 -11.663 -12.454 -12.193 -11.939 -11.748 -11.668 -12.196 -12.356 -12.073 -11.099 -10.613 -10.031 -12.233
0.121165 -12.37 -12.502 -12.585 -12.675 -12.566 -12.37 -12.521 -12.664 -12.563 -12.361 -12.099 -11.761 -12.669 -12.507 -12.225 -11.972 -11.711 -12.496 -12.238 -11.986 -11.795 -11.715 -12.24 -12.399 -12.119 -11.149 -10.664 -10.083 -12.277
0.124829 -12.388 -12.524 -12.612 -12.71 -12.606 -12.413 -12.551 -12.7 -12.603 -12.405 -12.145 -11.809 -12.705 -12.548 -12.27 -12.019 -11.76 -12.537 -12.283 -12.032 -11.842 -11.762 -12.284 -12.441 -12.165 -11.199 -10.715 -10.135 -12.32
0.128605 -12.405 -12.546 -12.638 -12.745 -12.646 -12.456 -12.581 -12.736 -12.642 -12.448 -12.19 -11.857 -12.741 -12.589 -12.314 -12.065 -11.808 -12.578 -12.327 -12.079 -11.89 -11.809 -12.328 -12.484 -12.21 -11.249 -10.766 -10.187 -12.363
0.132494 -12.422 -12.567 -12.664 -12.78 -12.685 -12.499 -12.61 -12.772 -12.682 -12.491 -12.236 -11.904 -12.776 -12.63 -12.359 -12.112 -11.855 -12.619 -12.372 -12.125 -11.937 -11.856 -12.372 -12.526 -12.255 -11.299 -10.817 -10.239 -12.406
0.136502 -12.439 -12.588 -12.689 -12.814 -12.725 -12.542 -12.64 -12.807 -12.721 -12.534 -12.281 -11.952 -12.811 -12.67 -12.403 -12.158 -11.903 -12.66 -12.416 -12.171 -11.984 -11.903 -12.416 -12.568 -12.301 -11.349 -10.868 -10.291 -12.449
0.14063 -12.455 -12.609 -12.714 -12.849 -12.764 -12.585 -12.669 -12.843 -12.76 -12.577 -12.326 -11.999 -12.846 -12.711 -12.448 -12.204 -11.951 -12.701 -12.46 -12.217 -12.031 -11.95 -12.459 -12.61 -12.346 -11.399 -10.919 -10.343 -12.492
0.144883 -12.47 -12.629 -12.739 -12.883 -12.803 -12.627 -12.697 -12.878 -12.799 -12.619 -12.372 -12.047 -12.881 -12.751 -12.492 -12.251 -11.999 -12.742 -12.504 -12.263 -12.078 -11.996 -12.503 -12.652 -12.391 -11.449 -10.97 -10.395 -12.535
0.149265 -12.486 -12.648 -12.764 -12.917 -12.841 -12.67 -12.726 -12.912 -12.838 -12.662 -12.417 -12.094 -12.916 -12.791 -12.536 -12.297 -12.046 -12.782 -12.548 -12.309 -12.125 -12.043 -12.546 -12.694 -12.436 -11.498 -11.02 -10.446 -12.577
0.15378 -12.5 -12.667 -12.788 -12.95 -12.88 -12.712 -12.754 -12.947 -12.877 -12.704 -12.462 -12.141 -12.95 -12.831 -12.58 -12.343 -12.094 -12.822 -12.592 -12.355 -12.171 -12.09 -12.589 -12.735 -12.48 -11.548 -11.071 -10.498 -12.619
0.15843 -12.515 -12.686 -12.812 -12.983 -12.918 -12.754 -12.782 -12.981 -12.915 -12.746 -12.506 -12.188 -12.984 -12.87 -12.624 -12.389 -12.141 -12.862 -12.635 -12.401 -12.218 -12.136 -12.632 -12.777 -12.525 -11.597 -11.122 -10.55 -12.662
0.163222 -12.528 -12.705 -12.835 -13.016 -12.956 -12.796 -12.81 -13.014 -12.953 -12.788 -12.551 -12.235 -13.018 -12.91 -12.667 -12.434 -12.188 -12.902 -12.679 -12.446 -12.265 -12.183 -12.675 -12.818 -12.569 -11.647 -11.173 -10.601 -12.704
0.168159 -12.542 -12.722 -12.858 -13.049 -12.994 -12.838 -12.837 -13.048 -12.991 -12.83 -12.595 -12.282 -13.051 -12.949 -12.711 -12.48 -12.236 -12.942 -12.722 -12.492 -12.311 -12.229 -12.717 -12.859 -12.614 -11.696 -11.223 -10.653 -12.745
0.173245 -12.555 -12.74 -12.881 -13.081 -13.032 -12.879 -12.865 -13.081 -13.029 -12.872 -12.64 -12.329 -13.084 -12.988 -12.754 -12.526 -12.283 -12.981 -12.765 -12.537 -12.358 -12.275 -12.76 -12.899 -12.658 -11.746 -11.274 -10.705 -12.787
0.178484 -12.567 -12.757 -12.903 -13.113 -13.069 -12.921 -12.892 -13.114 -13.066 -12.913 -12.684 -12.375 -13.117 -13.027 -12.797 -12.571 -12.33 -13.02 -12.808 -12.582 -12.404 -12.322 -12.802 -12.94 -12.702 -11.795 -11.324 -10.756 -12.829
0.183882 -12.579 -12.773 -12.924 -13.145 -13.106 -12.962 -12.918 -13.147 -13.103 -12.954 -12.728 -12.422 -13.149 -13.065 -12.84 -12.616 -12.377 -13.059 -12.851 -12.627 -12.45 -12.368 -12.844 -12.981 -12.746 -11.844 -11.375 -10.808 -12.87
0.189444 -12.59 -12.789 -12.946 -13.177 -13.143 -13.003 -12.945 -13.179 -13.14 -12.996 -12.772 -12.468 -13.182 -13.104 -12.883 -12.661 -12.423 -13.098 -12.894 -12.672 -12.496 -12.414 -12.886 -13.021 -12.79 -11.893 -11.425 -10.859 -12.911
0.195173 -12.601 -12.804 -12.967 -13.208 -13.18 -13.044 -12.971 -13.212 -13.177 -13.037 -12.816 -12.515 -13.214 -13.142 -12.926 -12.706 -12.47 -13.137 -12.936 -12.717 -12.542 -12.46 -12.928 -13.061 -12.833 -11.942 -11.475 -10.91 -12.952
0.201076 -12.611 -12.819 -12.987 -13.239 -13.216 -13.084 -12.997 -13.243 -13.213 -13.077 -12.86 -12.561 -13.245 -13.18 -12.968 -12.751 -12.517 -13.175 -12.979 -12.762 -12.588 -12.506 -12.97 -13.101 -12.877 -11.991 -11.526 -10.962 -12.993
0.207158 -12.621 -12.834 -13.007 -13.269 -13.252 -13.125 -13.023 -13.275 -13.25 -13.118 -12.903 -12.607 -13.277 -13.217 -13.011 -12.796 -12.563 -13.213 -13.021 -12.806 -12.634 -12.552 -13.011 -13.14 -12.92 -12.04 -11.576 -11.013 -13.034
0.213423 -12.63 -12.847 -13.027 -13.299 -13.288 -13.165 -13.048 -13.306 -13.286 -13.158 -12.946 -12.653 -13.308 -13.255 -13.053 -12.841 -12.609 -13.251 -13.063 -12.851 -12.68 -12.598 -13.052 -13.18 -12.963 -12.089 -11.626 -11.064 -13.074
0.219878 -12.639 -12.861 -13.046 -13.329 -13.324 -13.205 -13.073 -13.337 -13.321 -13.198 -12.99 -12.699 -13.338 -13.292 -13.095 -12.885 -12.656 -13.289 -13.105 -12.895 -12.725 -12.644 -13.094 -13.219 -13.006 -12.138 -11.676 -11.115 -13.115
0.226528 -12.647 -12.873 -13.065 -13.359 -13.36 -13.245 -13.098 -13.367 -13.357 -13.238 -13.033 -12.745 -13.369 -13.329 -13.137 -12.929 -12.702 -13.327 -13.147 -12.939 -12.771 -12.689 -13.135 -13.258 -13.049 -12.186 -11.726 -11.167 -13.155
0.233379 -12.655 -12.886 -13.083 -13.388 -13.395 -13.285 -13.122 -13.398 -13.392 -13.278 -13.076 -12.79 -13.399 -13.366 -13.178 -12.974 -12.748 -13.364 -13.188 -12.983 -12.816 -12.735 -13.175 -13.297 -13.092 -12.235 -11.776 -11.218 -13.195
0.240437 -12.662 -12.897 -13.101 -13.416 -13.43 -13.324 -13.147 -13.428 -13.427 -13.318 -13.118 -12.836 -13.428 -13.402 -13.22 -13.018 -12.794 -13.401 -13.23 -13.027 -12.861 -12.78 -13.216 -13.335 -13.135 -12.284 -11.826 -11.269 -13.234
0.247709 -12.668 -12.908 -13.119 -13.445 -13.464 -13.364 -13.17 -13.457 -13.462 -13.357 -13.161 -12.881 -13.458 -13.439 -13.261 -13.062 -12.84 -13.438 -13.271 -13.071 -12.907 -12.826 -13.256 -13.374 -13.177 -12.332 -11.876 -11.32 -13.274
0.255201 -12.674 -12.919 -13.135 -13.473 -13.499 -13.403 -13.194 -13.486 -13.496 -13.396 -13.203 -12.926 -13.486 -13.475 -13.302 -13.105 -12.885 -13.474 -13.312 -13.115 -12.952 -12.871 -13.297 -13.412 -13.219 -12.38 -11.926 -11.371 -13.313
0.262919 -12.679 -12.929 -13.152 -13.501 -13.533 -13.441 -13.217 -13.515 -13.53 -13.435 -13.246 -12.972 -13.515 -13.51 -13.343 -13.149 -12.931 -13.511 -13.353 -13.158 -12.996 -12.916 -13.337 -13.45 -13.261 -12.429 -11.975 -11.422 -13.353
0.270871 -12.684 -12.938 -13.168 -13.528 -13.566 -13.48 -13.24 -13.543 -13.564 -13.474 -13.288 -13.017 -13.543 -13.546 -13.384 -13.193 -12.976 -13.547 -13.393 -13.202 -13.041 -12.961 -13.377 -13.488 -13.303 -12.477 -12.025 -11.472 -13.392
0.279064 -12.688 -12.947 -13.183 -13.555 -13.6 -13.518 -13.263 -13.571 -13.597 -13.512 -13.33 -13.061 -13.571 -13.581 -13.425 -13.236 -13.021 -13.582 -13.434 -13.245 -13.086 -13.006 -13.416 -13.525 -13.345 -12.525 -12.074 -11.523 -13.43
0.287504 -12.692 -12.955 -13.198 -13.581 -13.633 -13.556 -13.285 -13.599 -13.631 -13.55 -13.371 -13.106 -13.599 -13.616 -13.465 -13.279 -13.066 -13.618 -13.474 -13.288 -13.13 -13.051 -13.456 -13.562 -13.386 -12.573 -12.124 -11.574 -13.469
0.296199 -12.695 -12.962 -13.212 -13.607 -13.666 -13.594 -13.307 -13.626 -13.664 -13.588 -13.413 -13.151 -13.626 -13.65 -13.505 -13.322 -13.111 -13.653 -13.514 -13.331 -13.175 -13.096 -13.495 -13.599 -13.427 -12.621 -12.173 -11.624 -13.507
0.305157 -12.697 -12.969 -13.226 -13.633 -13.698 -13.632 -13.329 -13.653 -13.696 -13.626 -13.454 -13.195 -13.652 -13.685 -13.545 -13.365 -13.156 -13.688 -13.554 -13.373 -13.219 -13.14 -13.534 -13.636 -13.469 -12.668 -12.223 -11.675 -13.545
0.314387 -12.698 -12.975 -13.24 -13.658 -13.73 -13.669 -13.351 -13.68 -13.728 -13.664 -13.495 -13.239 -13.679 -13.719 -13.585 -13.407 -13.201 -13.723 -13.593 -13.416 -13.263 -13.185 -13.572 -13.672 -13.509 -12.716 -12.272 -11.726 -13.583
0.323895 -12.699 -12.98 -13.252 -13.683 -13.762 -13.706 -13.372 -13.706 -13.76 -13.701 -13.536 -13.283 -13.704 -13.752 -13.624 -13.45 -13.246 -13.757 -13.633 -13.458 -13.307 -13.229 -13.611 -13.709 -13.55 -12.763 -12.321 -11.776 -13.621
0.333691 -12.7 -12.985 -13.264 -13.708 -13.794 -13.743 -13.392 -13.732 -13.792 -13.738 -13.577 -13.327 -13.73 -13.786 -13.663 -13.492 -13.29 -13.791 -13.672 -13.5 -13.351 -13.274 -13.649 -13.744 -13.591 -12.811 -12.37 -11.826 -13.658
0.343783 -12.699 -12.989 -13.276 -13.732 -13.825 -13.78 -13.413 -13.757 -13.823 -13.774 -13.617 -13.371 -13.755 -13.819 -13.702 -13.534 -13.334 -13.825 -13.711 -13.542 -13.394 -13.318 -13.687 -13.78 -13.631 -12.858 -12.419 -11.877 -13.695
0.354181 -12.698 -12.992 -13.287 -13.755 -13.856 -13.816 -13.433 -13.782 -13.854 -13.811 -13.658 -13.415 -13.779 -13.852 -13.741 -13.576 -13.378 -13.859 -13.75 -13.584 -13.438 -13.362 -13.725 -13.815 -13.671 -12.905 -12.468 -11.927 -13.732
0.364893 -12.696 -12.995 -13.297 -13.778 -13.886 -13.852 -13.452 -13.806 -13.884 -13.847 -13.698 -13.458 -13.803 -13.884 -13.78 -13.618 -13.422 -13.892 -13.788 -13.626 -13.481 -13.406 -13.763 -13.85 -13.711 -12.953 -12.517 -11.977 -13.769
0.375929 -12.694 -12.997 -13.307 -13.801 -13.916 -13.888 -13.472 -13.83 -13.914 -13.883 -13.738 -13.502 -13.827 -13.916 -13.818 -13.659 -13.466 -13.925 -13.826 -13.667 -13.524 -13.449 -13.8 -13.885 -13.75 -13.0 -12.565 -12.027 -13.805
0.387298 -12.69 -12.998 -13.316 -13.823 -13.946 -13.923 -13.491 -13.853 -13.944 -13.918 -13.777 -13.545 -13.85 -13.948 -13.856 -13.7 -13.51 -13.957 -13.864 -13.708 -13.567 -13.493 -13.837 -13.92 -13.79 -13.046 -12.614 -12.077 -13.841
0.399012 -12.686 -12.998 -13.325 -13.844 -13.975 -13.958 -13.509 -13.876 -13.973 -13.953 -13.817 -13.587 -13.872 -13.979 -13.894 -13.741 -13.553 -13.989 -13.902 -13.749 -13.61 -13.537 -13.874 -13.954 -13.829 -13.093 -12.663 -12.127 -13.877
0.41108 -12.681 -12.997 -13.332 -13.865 -14.004 -13.993 -13.527 -13.898 -14.002 -13.988 -13.856 -13.63 -13.894 -14.01 -13.931 -13.782 -13.596 -14.021 -13.939 -13.79 -13.653 -13.58 -13.91 -13.987 -13.868 -13.14 -12.711 -12.177 -13.913
0.423513 -12.676 -12.996 -13.34 -13.885 -14.032 -14.028 -13.545 -13.92 -14.031 -14.023 -13.895 -13.673 -13.916 -14.041 -13.968 -13.823 -13.639 -14.052 -13.976 -13.831 -13.695 -13.623 -13.947 -14.021 -13.906 -13.186 -12.759 -12.227 -13.948
0.436321 -12.669 -12.994 -13.346 -13.905 -14.06 -14.062 -13.562 -13.941 -14.059 -14.057 -13.933 -13.715 -13.937 -14.071 -14.005 -13.863 -13.682 -14.083 -14.013 -13.871 -13.737 -13.666 -13.983 -14.054 -13.945 -13.232 -12.807 -12.277 -13.983
0.449518 -12.662 -12.99 -13.352 -13.925 -14.088 -14.096 -13.579 -13.962 -14.087 -14.091 -13.972 -13.757 -13.957 -14.101 -14.042 -13.903 -13.725 -14.114 -14.05 -13.911 -13.779 -13.709 -14.018 -14.087 -13.983 -13.279 -12.856 -12.326 -14.018
0.463113 -12.654 -12.986 -13.357 -13.943 -14.115 -14.129 -13.595 -13.982 -14.114 -14.125 -14.01 -13.799 -13.977 -14.13 -14.078 -13.943 -13.767 -14.144 -14.086 -13.951 -13.821 -13.751 -14.053 -14.119 -14.02 -13.325 -12.903 -12.376 -14.052
0.47712 -12.645 -12.981 -13.361 -13.962 -14.142 -14.162 -13.611 -14.002 -14.141 -14.158 -14.047 -13.841 -13.997 -14.159 -14.114 -13.983 -13.809 -14.174 -14.122 -13.99 -13.863 -13.794 -14.088 -14.151 -14.058 -13.371 -12.951 -12.425 -14.086
0.49155 -12.635 -12.976 -13.364 -13.979 -14.168 -14.195 -13.627 -14.021 -14.167 -14.191 -14.085 -13.882 -14.015 -14.188 -14.15 -14.022 -13.851 -14.204 -14.158 -14.03 -13.904 -13.836 -14.123 -14.183 -14.095 -13.416 -12.999 -12.474 -14.12
0.506416 -12.624 -12.969 -13.367 -13.996 -14.194 -14.227 -13.642 -14.039 -14.193 -14.223 -14.122 -13.923 -14.033 -14.216 -14.185 -14.061 -13.893 -14.232 -14.193 -14.069 -13.945 -13.878 -14.157 -14.214 -14.132 -13.462 -13.047 -12.524 -14.153
0.521733 -12.612 -12.961 -13.369 -14.012 -14.219 -14.259 -13.657 -14.057 -14.218 -14.255 -14.159 -13.964 -14.051 -14.243 -14.22 -14.1 -13.934 -14.261 -14.228 -14.107 -13.986 -13.92 -14.191 -14.245 -14.169 -13.507 -13.094 -12.573 -14.186
0.537512 -12.6 -12.952 -13.37 -14.028 -14.243 -14.29 -13.671 -14.074 -14.242 -14.287 -14.195 -14.005 -14.067 -14.27 -14.254 -14.138 -13.976 -14.289 -14.262 -14.146 -14.027 -13.961 -14.225 -14.275 -14.205 -13.552 -13.141 -12.622 -14.219
0.553769 -12.586 -12.942 -13.37 -14.043 -14.267 -14.321 -13.684 -14.091 -14.267 -14.318 -14.232 -14.045 -14.084 -14.297 -14.289 -14.176 -14.017 -14.317 -14.296 -14.184 -14.067 -14.003 -14.258 -14.305 -14.241 -13.597 -13.188 -12.671 -14.251
0.570517 -12.572 -12.931 -13.369 -14.057 -14.291 -14.352 -13.697 -14.107 -14.29 -14.349 -14.268 -14.086 -14.099 -14.323 -14.323 -14.214 -14.057 -14.344 -14.33 -14.222 -14.107 -14.044 -14.291 -14.334 -14.276 -13.642 -13.235 -12.719 -14.283
0.587772 -12.556 -12.919 -13.368 -14.07 -14.314 -14.382 -13.71 -14.122 -14.313 -14.379 -14.303 -14.125 -14.114 -14.349 -14.356 -14.252 -14.098 -14.37 -14.364 -14.259 -14.147 -14.085 -14.324 -14.363 -14.311 -13.687 -13.282 -12.768 -14.314
0.605549 -12.539 -12.905 -13.365 -14.083 -14.336 -14.412 -13.722 -14.136 -14.336 -14.409 -14.338 -14.165 -14.127 -14.374 -14.389 -14.289 -14.138 -14.396 -14.397 -14.297 -14.187 -14.126 -14.356 -14.392 -14.346 -13.731 -13.329 -12.816 -14.346
