web/models/kne/36/villar_0.1775_0.2023_1.0000.dat
# %ECSV 1.0
# ---
# datatype:
# - {name: time, datatype: float64}
# - {name: swift_uvot_uvw2, datatype: float64}
# - {name: swift_uvot_uvm2, datatype: float64}
# - {name: swift_uvot_uvw1, datatype: float64}
# - {name: swift_uvot_U, datatype: float64}
# - {name: swift_uvot_B, datatype: float64}
# - {name: swift_uvot_V, datatype: float64}
# - {name: swift_uvot_W, datatype: float64}
# - {name: johnson_U, datatype: float64}
# - {name: johnson_B, datatype: float64}
# - {name: johnson_V, datatype: float64}
# - {name: johnson_R, datatype: float64}
# - {name: johnson_I, datatype: float64}
# - {name: sdss_u, datatype: float64}
# - {name: sdss_g, datatype: float64}
# - {name: sdss_r, datatype: float64}
# - {name: sdss_i, datatype: float64}
# - {name: sdss_z, datatype: float64}
# - {name: PS1_g, datatype: float64}
# - {name: PS1_r, datatype: float64}
# - {name: PS1_i, datatype: float64}
# - {name: PS1_z, datatype: float64}
# - {name: PS1_Y, datatype: float64}
# - {name: PS1_w, datatype: float64}
# - {name: ATLAS_c, datatype: float64}
# - {name: ATLAS_o, datatype: float64}
# - {name: ukirt_J, datatype: float64}
# - {name: ukirt_H, datatype: float64}
# - {name: ukirt_K, datatype: float64}
# - {name: Clear, datatype: float64}
# meta: !!omap
# - comment: [kappa = 1.0, type = villar, mass = 0.1774768329891343, velocity = 0.20233333333333337, theta_obs = 0.0]
# schema: astropy-2.0
time swift_uvot_uvw2 swift_uvot_uvm2 swift_uvot_uvw1 swift_uvot_U swift_uvot_B swift_uvot_V swift_uvot_W johnson_U johnson_B johnson_V johnson_R johnson_I sdss_u sdss_g sdss_r sdss_i sdss_z PS1_g PS1_r PS1_i PS1_z PS1_Y PS1_w ATLAS_c ATLAS_o ukirt_J ukirt_H ukirt_K Clear
[from data line 146]
0.077495 -13.328 -13.374 -13.382 -13.313 -13.124 -12.867 -13.268 -13.288 -13.12 -12.858 -12.554 -12.179 -13.295 -13.044 -12.696 -12.409 -12.124 -13.028 -12.714 -12.43 -12.225 -12.157 -12.726 -12.909 -12.577 -11.527 -11.023 -10.427 -12.775
0.079839 -13.354 -13.404 -13.414 -13.352 -13.167 -12.913 -13.302 -13.329 -13.163 -12.904 -12.602 -12.229 -13.335 -13.088 -12.743 -12.457 -12.174 -13.072 -12.76 -12.478 -12.273 -12.205 -12.772 -12.954 -12.624 -11.578 -11.075 -10.479 -12.821
0.082253 -13.379 -13.433 -13.447 -13.392 -13.21 -12.958 -13.336 -13.369 -13.206 -12.949 -12.649 -12.278 -13.375 -13.132 -12.789 -12.506 -12.223 -13.116 -12.807 -12.526 -12.322 -12.252 -12.818 -12.999 -12.672 -11.629 -11.127 -10.532 -12.866
0.084741 -13.403 -13.461 -13.479 -13.431 -13.253 -13.004 -13.37 -13.409 -13.249 -12.995 -12.697 -12.327 -13.415 -13.176 -12.836 -12.554 -12.273 -13.16 -12.854 -12.573 -12.37 -12.3 -12.864 -13.044 -12.719 -11.68 -11.178 -10.584 -12.912
0.087304 -13.427 -13.49 -13.51 -13.47 -13.295 -13.05 -13.404 -13.448 -13.292 -13.041 -12.744 -12.376 -13.455 -13.219 -12.883 -12.602 -12.322 -13.204 -12.9 -12.621 -12.419 -12.348 -12.91 -13.089 -12.766 -11.731 -11.23 -10.637 -12.957
0.089944 -13.451 -13.518 -13.542 -13.509 -13.338 -13.095 -13.437 -13.488 -13.335 -13.086 -12.791 -12.425 -13.494 -13.263 -12.929 -12.65 -12.371 -13.248 -12.946 -12.669 -12.467 -12.395 -12.956 -13.134 -12.813 -11.782 -11.282 -10.689 -13.003
0.092665 -13.475 -13.546 -13.573 -13.548 -13.38 -13.14 -13.471 -13.527 -13.377 -13.131 -12.838 -12.474 -13.533 -13.306 -12.976 -12.698 -12.42 -13.291 -12.992 -12.717 -12.515 -12.443 -13.002 -13.178 -12.861 -11.833 -11.333 -10.742 -13.048
0.095467 -13.498 -13.573 -13.604 -13.586 -13.423 -13.185 -13.504 -13.566 -13.419 -13.176 -12.886 -12.523 -13.572 -13.35 -13.022 -12.746 -12.469 -13.335 -13.039 -12.764 -12.564 -12.49 -13.048 -13.223 -12.908 -11.884 -11.385 -10.794 -13.093
0.098355 -13.521 -13.6 -13.635 -13.624 -13.465 -13.23 -13.537 -13.605 -13.461 -13.221 -12.933 -12.572 -13.611 -13.393 -13.069 -12.794 -12.518 -13.378 -13.085 -12.812 -12.612 -12.538 -13.093 -13.267 -12.954 -11.934 -11.437 -10.847 -13.138
0.101329 -13.543 -13.627 -13.665 -13.663 -13.507 -13.275 -13.569 -13.644 -13.503 -13.266 -12.98 -12.62 -13.65 -13.436 -13.115 -12.842 -12.567 -13.421 -13.13 -12.859 -12.66 -12.585 -13.139 -13.312 -13.001 -11.985 -11.488 -10.899 -13.182
0.104394 -13.565 -13.653 -13.695 -13.7 -13.549 -13.32 -13.602 -13.683 -13.545 -13.311 -13.026 -12.669 -13.688 -13.478 -13.161 -12.89 -12.616 -13.464 -13.176 -12.907 -12.708 -12.633 -13.184 -13.356 -13.048 -12.035 -11.54 -10.951 -13.227
0.107551 -13.587 -13.679 -13.725 -13.738 -13.59 -13.364 -13.634 -13.721 -13.587 -13.356 -13.073 -12.718 -13.726 -13.521 -13.207 -12.937 -12.665 -13.507 -13.222 -12.954 -12.756 -12.68 -13.229 -13.4 -13.095 -12.086 -11.591 -11.003 -13.272
0.110804 -13.609 -13.705 -13.754 -13.775 -13.632 -13.409 -13.666 -13.759 -13.628 -13.4 -13.12 -12.766 -13.764 -13.564 -13.253 -12.985 -12.714 -13.55 -13.268 -13.001 -12.804 -12.728 -13.274 -13.444 -13.141 -12.137 -11.643 -11.056 -13.316
0.114155 -13.629 -13.73 -13.783 -13.813 -13.673 -13.453 -13.698 -13.797 -13.67 -13.445 -13.166 -12.814 -13.802 -13.606 -13.298 -13.032 -12.763 -13.593 -13.313 -13.048 -12.852 -12.775 -13.319 -13.487 -13.187 -12.187 -11.694 -11.108 -13.36
0.117608 -13.65 -13.755 -13.812 -13.85 -13.714 -13.498 -13.729 -13.835 -13.711 -13.489 -13.213 -12.863 -13.84 -13.648 -13.344 -13.08 -12.811 -13.635 -13.358 -13.095 -12.9 -12.822 -13.364 -13.531 -13.234 -12.237 -11.746 -11.16 -13.405
0.121165 -13.67 -13.779 -13.841 -13.886 -13.755 -13.542 -13.761 -13.872 -13.752 -13.533 -13.259 -12.911 -13.877 -13.69 -13.389 -13.127 -12.86 -13.677 -13.404 -13.142 -12.947 -12.869 -13.409 -13.574 -13.28 -12.288 -11.797 -11.212 -13.449
0.124829 -13.69 -13.803 -13.869 -13.923 -13.796 -13.586 -13.792 -13.909 -13.793 -13.577 -13.305 -12.959 -13.914 -13.732 -13.435 -13.174 -12.908 -13.72 -13.449 -13.189 -12.995 -12.917 -13.454 -13.618 -13.326 -12.338 -11.848 -11.264 -13.493
0.128605 -13.709 -13.827 -13.897 -13.959 -13.836 -13.63 -13.823 -13.946 -13.833 -13.621 -13.351 -13.007 -13.951 -13.774 -13.48 -13.221 -12.956 -13.762 -13.494 -13.236 -13.043 -12.964 -13.498 -13.661 -13.372 -12.388 -11.899 -11.316 -13.537
0.132494 -13.728 -13.85 -13.924 -13.995 -13.877 -13.673 -13.853 -13.983 -13.874 -13.665 -13.397 -13.055 -13.988 -13.815 -13.525 -13.268 -13.005 -13.803 -13.539 -13.283 -13.09 -13.011 -13.542 -13.704 -13.418 -12.438 -11.951 -11.368 -13.58
0.136502 -13.747 -13.873 -13.952 -14.031 -13.917 -13.717 -13.884 -14.02 -13.914 -13.709 -13.443 -13.103 -14.024 -13.857 -13.57 -13.315 -13.053 -13.845 -13.584 -13.329 -13.137 -13.058 -13.587 -13.747 -13.464 -12.489 -12.002 -11.42 -13.624
0.14063 -13.765 -13.896 -13.978 -14.067 -13.957 -13.76 -13.914 -14.056 -13.954 -13.752 -13.489 -13.151 -14.061 -13.898 -13.615 -13.362 -13.101 -13.887 -13.628 -13.376 -13.185 -13.105 -13.631 -13.789 -13.509 -12.539 -12.053 -11.472 -13.667
0.144883 -13.783 -13.918 -14.005 -14.102 -13.997 -13.804 -13.944 -14.092 -13.994 -13.795 -13.535 -13.199 -14.097 -13.939 -13.66 -13.409 -13.149 -13.928 -13.673 -13.422 -13.232 -13.152 -13.675 -13.832 -13.555 -12.589 -12.104 -11.524 -13.711
0.149265 -13.8 -13.94 -14.031 -14.137 -14.037 -13.847 -13.974 -14.128 -14.034 -13.839 -13.58 -13.247 -14.132 -13.98 -13.705 -13.455 -13.197 -13.969 -13.718 -13.469 -13.279 -13.199 -13.719 -13.874 -13.6 -12.639 -12.155 -11.576 -13.754
0.15378 -13.817 -13.961 -14.057 -14.172 -14.076 -13.89 -14.003 -14.164 -14.073 -13.882 -13.626 -13.294 -14.168 -14.021 -13.749 -13.502 -13.245 -14.01 -13.762 -13.515 -13.327 -13.246 -13.762 -13.917 -13.646 -12.688 -12.206 -11.628 -13.797
0.15843 -13.834 -13.982 -14.083 -14.206 -14.116 -13.932 -14.032 -14.199 -14.112 -13.924 -13.671 -13.342 -14.203 -14.061 -13.794 -13.548 -13.293 -14.051 -13.806 -13.561 -13.374 -13.293 -13.806 -13.959 -13.691 -12.738 -12.257 -11.68 -13.84
0.163222 -13.85 -14.003 -14.108 -14.241 -14.155 -13.975 -14.061 -14.234 -14.151 -13.967 -13.716 -13.389 -14.238 -14.101 -13.838 -13.594 -13.341 -14.092 -13.85 -13.607 -13.421 -13.339 -13.85 -14.001 -13.736 -12.788 -12.308 -11.732 -13.882
0.168159 -13.865 -14.023 -14.133 -14.275 -14.194 -14.018 -14.09 -14.269 -14.19 -14.01 -13.762 -13.436 -14.273 -14.142 -13.882 -13.64 -13.388 -14.132 -13.894 -13.653 -13.467 -13.386 -13.893 -14.043 -13.781 -12.838 -12.359 -11.784 -13.925
0.173245 -13.88 -14.042 -14.157 -14.308 -14.232 -14.06 -14.118 -14.304 -14.229 -14.052 -13.807 -13.484 -14.307 -14.182 -13.926 -13.687 -13.436 -14.173 -13.938 -13.699 -13.514 -13.433 -13.936 -14.084 -13.826 -12.887 -12.409 -11.835 -13.967
0.178484 -13.895 -14.062 -14.181 -14.342 -14.271 -14.102 -14.147 -14.338 -14.268 -14.095 -13.851 -13.531 -14.342 -14.221 -13.97 -13.732 -13.483 -14.213 -13.982 -13.745 -13.561 -13.479 -13.979 -14.126 -13.87 -12.937 -12.46 -11.887 -14.01
0.183882 -13.909 -14.08 -14.205 -14.375 -14.309 -14.144 -14.175 -14.372 -14.306 -14.137 -13.896 -13.578 -14.375 -14.261 -14.014 -13.778 -13.531 -14.253 -14.025 -13.79 -13.608 -13.526 -14.022 -14.167 -13.915 -12.987 -12.511 -11.939 -14.052
0.189444 -13.923 -14.099 -14.228 -14.408 -14.347 -14.186 -14.202 -14.406 -14.344 -14.179 -13.941 -13.625 -14.409 -14.3 -14.057 -13.824 -13.578 -14.293 -14.069 -13.836 -13.654 -13.572 -14.065 -14.208 -13.959 -13.036 -12.561 -11.99 -14.094
0.195173 -13.936 -14.116 -14.251 -14.441 -14.385 -14.228 -14.23 -14.44 -14.382 -14.22 -13.985 -13.672 -14.443 -14.34 -14.101 -13.87 -13.625 -14.332 -14.112 -13.881 -13.701 -13.619 -14.107 -14.249 -14.004 -13.085 -12.612 -12.042 -14.136
0.201076 -13.949 -14.134 -14.274 -14.473 -14.422 -14.27 -14.257 -14.473 -14.42 -14.262 -14.03 -13.718 -14.476 -14.378 -14.144 -13.915 -13.672 -14.372 -14.155 -13.927 -13.747 -13.665 -14.15 -14.29 -14.048 -13.135 -12.663 -12.093 -14.177
0.207158 -13.962 -14.151 -14.296 -14.505 -14.46 -14.311 -14.284 -14.506 -14.457 -14.303 -14.074 -13.765 -14.508 -14.417 -14.187 -13.961 -13.719 -14.411 -14.198 -13.972 -13.793 -13.711 -14.192 -14.33 -14.092 -13.184 -12.713 -12.145 -14.219
0.213423 -13.973 -14.167 -14.318 -14.537 -14.497 -14.352 -14.311 -14.539 -14.494 -14.345 -14.118 -13.811 -14.541 -14.456 -14.23 -14.006 -13.766 -14.45 -14.241 -14.017 -13.84 -13.757 -14.234 -14.371 -14.136 -13.233 -12.764 -12.196 -14.26
0.219878 -13.985 -14.183 -14.339 -14.568 -14.534 -14.393 -14.337 -14.571 -14.531 -14.386 -14.162 -13.858 -14.573 -14.494 -14.273 -14.051 -13.813 -14.489 -14.284 -14.062 -13.886 -13.804 -14.276 -14.411 -14.18 -13.282 -12.814 -12.248 -14.301
0.226528 -13.996 -14.198 -14.36 -14.599 -14.571 -14.434 -14.363 -14.603 -14.568 -14.427 -14.206 -13.904 -14.605 -14.532 -14.316 -14.096 -13.859 -14.527 -14.326 -14.107 -13.932 -13.85 -14.318 -14.451 -14.223 -13.331 -12.864 -12.299 -14.342
0.233379 -14.006 -14.213 -14.381 -14.63 -14.607 -14.475 -14.389 -14.635 -14.604 -14.468 -14.249 -13.95 -14.637 -14.57 -14.358 -14.141 -13.906 -14.566 -14.369 -14.151 -13.978 -13.896 -14.36 -14.491 -14.267 -13.38 -12.914 -12.35 -14.383
0.240437 -14.016 -14.228 -14.401 -14.661 -14.643 -14.515 -14.415 -14.666 -14.641 -14.508 -14.293 -13.997 -14.668 -14.608 -14.401 -14.186 -13.952 -14.604 -14.411 -14.196 -14.023 -13.941 -14.401 -14.531 -14.31 -13.429 -12.965 -12.402 -14.424
0.247709 -14.025 -14.242 -14.42 -14.691 -14.679 -14.555 -14.44 -14.698 -14.677 -14.548 -14.336 -14.043 -14.699 -14.646 -14.443 -14.23 -13.999 -14.642 -14.453 -14.241 -14.069 -13.987 -14.443 -14.57 -14.353 -13.478 -13.015 -12.453 -14.465
0.255201 -14.034 -14.255 -14.44 -14.721 -14.715 -14.596 -14.466 -14.729 -14.712 -14.589 -14.38 -14.088 -14.73 -14.683 -14.485 -14.275 -14.045 -14.68 -14.495 -14.285 -14.115 -14.033 -14.484 -14.609 -14.396 -13.527 -13.065 -12.504 -14.505
0.262919 -14.042 -14.268 -14.459 -14.75 -14.751 -14.636 -14.49 -14.759 -14.748 -14.629 -14.423 -14.134 -14.76 -14.72 -14.527 -14.319 -14.091 -14.717 -14.537 -14.329 -14.16 -14.079 -14.525 -14.648 -14.439 -13.576 -13.115 -12.555 -14.545
0.270871 -14.05 -14.28 -14.477 -14.78 -14.786 -14.675 -14.515 -14.789 -14.783 -14.668 -14.466 -14.18 -14.79 -14.757 -14.568 -14.363 -14.137 -14.755 -14.578 -14.373 -14.206 -14.124 -14.566 -14.687 -14.482 -13.624 -13.165 -12.606 -14.585
0.279064 -14.057 -14.292 -14.495 -14.808 -14.821 -14.715 -14.539 -14.819 -14.818 -14.708 -14.508 -14.225 -14.82 -14.793 -14.61 -14.408 -14.183 -14.792 -14.62 -14.417 -14.251 -14.17 -14.606 -14.726 -14.524 -13.673 -13.215 -12.657 -14.625
0.287504 -14.064 -14.303 -14.512 -14.837 -14.855 -14.754 -14.563 -14.849 -14.853 -14.747 -14.551 -14.271 -14.85 -14.829 -14.651 -14.451 -14.229 -14.829 -14.661 -14.461 -14.296 -14.215 -14.647 -14.764 -14.567 -13.721 -13.265 -12.708 -14.664
0.296199 -14.07 -14.314 -14.529 -14.865 -14.89 -14.793 -14.587 -14.878 -14.887 -14.787 -14.593 -14.316 -14.879 -14.866 -14.693 -14.495 -14.275 -14.865 -14.702 -14.505 -14.341 -14.261 -14.687 -14.803 -14.609 -13.769 -13.315 -12.759 -14.704
0.305157 -14.075 -14.324 -14.546 -14.893 -14.924 -14.832 -14.61 -14.907 -14.921 -14.826 -14.636 -14.361 -14.907 -14.901 -14.734 -14.539 -14.32 -14.902 -14.743 -14.548 -14.386 -14.306 -14.727 -14.841 -14.651 -13.818 -13.364 -12.81 -14.743
0.314387 -14.08 -14.333 -14.562 -14.92 -14.958 -14.871 -14.633 -14.936 -14.955 -14.864 -14.678 -14.406 -14.936 -14.937 -14.774 -14.582 -14.366 -14.938 -14.784 -14.592 -14.431 -14.351 -14.767 -14.878 -14.693 -13.866 -13.414 -12.861 -14.782
0.323895 -14.084 -14.342 -14.578 -14.947 -14.991 -14.909 -14.656 -14.964 -14.989 -14.903 -14.72 -14.451 -14.964 -14.972 -14.815 -14.626 -14.411 -14.974 -14.824 -14.635 -14.476 -14.396 -14.807 -14.916 -14.735 -13.914 -13.464 -12.912 -14.821
0.333691 -14.088 -14.35 -14.593 -14.974 -15.025 -14.947 -14.679 -14.992 -15.022 -14.941 -14.762 -14.496 -14.991 -15.007 -14.855 -14.669 -14.456 -15.009 -14.865 -14.678 -14.52 -14.441 -14.846 -14.953 -14.776 -13.962 -13.513 -12.963 -14.86
0.343783 -14.091 -14.358 -14.607 -15.0 -15.058 -14.985 -14.701 -15.019 -15.055 -14.979 -14.803 -14.541 -15.018 -15.042 -14.896 -14.712 -14.501 -15.045 -14.905 -14.721 -14.565 -14.486 -14.886 -14.99 -14.818 -14.01 -13.563 -13.013 -14.898
0.354181 -14.094 -14.365 -14.621 -15.026 -15.09 -15.023 -14.723 -15.046 -15.088 -15.017 -14.845 -14.585 -15.045 -15.076 -14.936 -14.755 -14.546 -15.08 -14.945 -14.764 -14.609 -14.53 -14.925 -15.027 -14.859 -14.058 -13.612 -13.064 -14.936
0.364893 -14.096 -14.371 -14.635 -15.052 -15.123 -15.061 -14.745 -15.073 -15.12 -15.055 -14.886 -14.629 -15.072 -15.111 -14.976 -14.798 -14.591 -15.115 -14.984 -14.806 -14.653 -14.575 -14.964 -15.064 -14.9 -14.106 -13.661 -13.115 -14.974
0.375929 -14.097 -14.377 -14.648 -15.077 -15.155 -15.098 -14.766 -15.099 -15.153 -15.092 -14.927 -14.674 -15.098 -15.145 -15.015 -14.84 -14.636 -15.149 -15.024 -14.849 -14.697 -14.62 -15.002 -15.1 -14.941 -14.153 -13.71 -13.165 -15.012
0.387298 -14.098 -14.382 -14.66 -15.102 -15.186 -15.135 -14.787 -15.125 -15.184 -15.129 -14.968 -14.718 -15.123 -15.178 -15.055 -14.883 -14.68 -15.184 -15.063 -14.891 -14.741 -14.664 -15.041 -15.136 -14.982 -14.201 -13.76 -13.216 -15.05
0.399012 -14.098 -14.387 -14.672 -15.126 -15.218 -15.172 -14.808 -15.151 -15.216 -15.166 -15.009 -14.762 -15.149 -15.211 -15.094 -14.925 -14.725 -15.218 -15.102 -14.933 -14.785 -14.708 -15.079 -15.172 -15.022 -14.248 -13.809 -13.266 -15.087
0.41108 -14.097 -14.391 -14.684 -15.15 -15.249 -15.208 -14.828 -15.176 -15.247 -15.203 -15.049 -14.805 -15.173 -15.244 -15.133 -14.967 -14.769 -15.251 -15.141 -14.975 -14.829 -14.752 -15.117 -15.208 -15.062 -14.295 -13.858 -13.316 -15.124
0.423513 -14.096 -14.394 -14.695 -15.173 -15.28 -15.245 -14.848 -15.2 -15.278 -15.239 -15.089 -14.849 -15.198 -15.277 -15.171 -15.009 -14.813 -15.285 -15.18 -15.017 -14.872 -14.797 -15.155 -15.243 -15.102 -14.343 -13.907 -13.367 -15.161
0.436321 -14.094 -14.396 -14.705 -15.196 -15.31 -15.281 -14.868 -15.225 -15.308 -15.275 -15.129 -14.893 -15.222 -15.31 -15.21 -15.05 -14.857 -15.318 -15.218 -15.059 -14.915 -14.84 -15.192 -15.278 -15.142 -14.39 -13.955 -13.417 -15.198
0.449518 -14.091 -14.398 -14.715 -15.218 -15.34 -15.316 -14.887 -15.248 -15.338 -15.311 -15.169 -14.936 -15.245 -15.342 -15.248 -15.092 -14.901 -15.351 -15.257 -15.1 -14.959 -14.884 -15.23 -15.313 -15.182 -14.437 -14.004 -13.467 -15.234
0.463113 -14.088 -14.399 -14.724 -15.24 -15.37 -15.352 -14.906 -15.272 -15.368 -15.347 -15.209 -14.979 -15.268 -15.373 -15.286 -15.133 -14.944 -15.383 -15.295 -15.141 -15.002 -14.928 -15.267 -15.347 -15.221 -14.484 -14.053 -13.517 -15.27
0.47712 -14.084 -14.399 -14.732 -15.262 -15.399 -15.387 -14.925 -15.295 -15.397 -15.382 -15.248 -15.022 -15.291 -15.405 -15.324 -15.174 -14.988 -15.415 -15.332 -15.182 -15.044 -14.971 -15.304 -15.381 -15.26 -14.531 -14.101 -13.567 -15.306
0.49155 -14.079 -14.398 -14.74 -15.283 -15.428 -15.422 -14.943 -15.317 -15.426 -15.417 -15.288 -15.065 -15.313 -15.436 -15.362 -15.215 -15.031 -15.447 -15.37 -15.223 -15.087 -15.015 -15.34 -15.415 -15.299 -14.577 -14.15 -13.617 -15.342
0.506416 -14.074 -14.397 -14.747 -15.303 -15.456 -15.456 -14.961 -15.339 -15.455 -15.452 -15.327 -15.107 -15.335 -15.466 -15.399 -15.256 -15.074 -15.479 -15.407 -15.264 -15.13 -15.058 -15.377 -15.449 -15.338 -14.624 -14.198 -13.667 -15.377
0.521733 -14.068 -14.395 -14.754 -15.323 -15.485 -15.491 -14.978 -15.36 -15.483 -15.486 -15.365 -15.15 -15.356 -15.497 -15.436 -15.296 -15.117 -15.51 -15.444 -15.304 -15.172 -15.101 -15.413 -15.482 -15.376 -14.67 -14.247 -13.717 -15.412
0.537512 -14.061 -14.392 -14.76 -15.343 -15.512 -15.524 -14.996 -15.381 -15.511 -15.52 -15.404 -15.192 -15.376 -15.527 -15.473 -15.337 -15.16 -15.541 -15.481 -15.344 -15.214 -15.144 -15.448 -15.515 -15.415 -14.717 -14.295 -13.767 -15.447
0.553769 -14.053 -14.389 -14.765 -15.362 -15.54 -15.558 -15.012 -15.402 -15.538 -15.554 -15.442 -15.234 -15.397 -15.556 -15.509 -15.377 -15.202 -15.571 -15.517 -15.384 -15.256 -15.187 -15.484 -15.547 -15.453 -14.763 -14.343 -13.816 -15.482
