web/models/kne/36/villar_0.0043_0.4373_1.0000.dat
# %ECSV 1.0
# ---
# datatype:
# - {name: time, datatype: float64}
# - {name: swift_uvot_uvw2, datatype: float64}
# - {name: swift_uvot_uvm2, datatype: float64}
# - {name: swift_uvot_uvw1, datatype: float64}
# - {name: swift_uvot_U, datatype: float64}
# - {name: swift_uvot_B, datatype: float64}
# - {name: swift_uvot_V, datatype: float64}
# - {name: swift_uvot_W, datatype: float64}
# - {name: johnson_U, datatype: float64}
# - {name: johnson_B, datatype: float64}
# - {name: johnson_V, datatype: float64}
# - {name: johnson_R, datatype: float64}
# - {name: johnson_I, datatype: float64}
# - {name: sdss_u, datatype: float64}
# - {name: sdss_g, datatype: float64}
# - {name: sdss_r, datatype: float64}
# - {name: sdss_i, datatype: float64}
# - {name: sdss_z, datatype: float64}
# - {name: PS1_g, datatype: float64}
# - {name: PS1_r, datatype: float64}
# - {name: PS1_i, datatype: float64}
# - {name: PS1_z, datatype: float64}
# - {name: PS1_Y, datatype: float64}
# - {name: PS1_w, datatype: float64}
# - {name: ATLAS_c, datatype: float64}
# - {name: ATLAS_o, datatype: float64}
# - {name: ukirt_J, datatype: float64}
# - {name: ukirt_H, datatype: float64}
# - {name: ukirt_K, datatype: float64}
# - {name: Clear, datatype: float64}
# meta: !!omap
# - comment: [kappa = 1.0, type = villar, mass = 0.004263435211354371, velocity = 0.43733333333333335, theta_obs = 0.0]
# schema: astropy-2.0
time swift_uvot_uvw2 swift_uvot_uvm2 swift_uvot_uvw1 swift_uvot_U swift_uvot_B swift_uvot_V swift_uvot_W johnson_U johnson_B johnson_V johnson_R johnson_I sdss_u sdss_g sdss_r sdss_i sdss_z PS1_g PS1_r PS1_i PS1_z PS1_Y PS1_w ATLAS_c ATLAS_o ukirt_J ukirt_H ukirt_K Clear
[from data line 290]
5.658042 74.9 80.116 103.351 113.917 102.088 94.1 77.169 111.874 99.802 92.051 83.695 78.708 113.188 98.033 89.185 83.666 79.2 73.635 73.839 73.818 73.402 71.657 84.904 91.455 84.638 73.473 69.973 67.347 71.871
5.829166 79.848 85.064 108.299 118.865 107.036 99.048 82.117 116.822 104.75 96.999 88.643 83.656 118.136 102.981 94.133 88.614 84.148 78.583 78.787 78.766 78.351 76.605 89.852 96.403 89.586 78.422 74.921 72.295 76.819
6.005465 85.1 90.316 113.551 124.117 112.288 104.3 87.368 122.074 110.002 102.251 93.895 88.908 123.388 108.233 99.385 93.866 89.4 83.834 84.039 84.018 83.602 81.857 95.104 101.655 94.838 83.673 80.173 77.547 82.071
6.187096 90.674 95.89 119.125 129.691 117.862 109.874 92.943 127.648 115.577 107.825 99.469 94.482 128.962 113.807 104.96 99.44 94.974 89.409 89.614 89.592 89.177 87.431 100.678 107.229 100.413 89.248 85.747 83.121 87.645
6.37422 96.591 101.807 125.042 135.608 123.779 115.791 98.86 133.565 121.493 113.742 105.386 100.399 134.879 119.724 110.876 105.357 100.891 95.326 95.53 95.509 95.094 93.348 106.595 113.146 106.329 95.165 91.664 89.038 93.562
6.567004 102.871 108.087 131.322 141.888 130.059 122.071 105.14 139.845 127.773 120.022 111.666 106.679 141.159 126.004 117.156 111.637 107.171 101.606 101.81 101.789 101.373 99.628 112.875 119.426 112.609 101.444 97.944 95.318 99.842
6.765619 109.537 114.752 137.987 148.553 136.725 128.736 111.805 146.51 134.439 126.688 118.331 113.344 147.824 132.67 123.822 118.302 113.837 108.271 108.476 108.454 108.039 106.293 119.54 126.092 119.275 108.11 104.609 101.984 106.507
6.97024 116.612 121.827 145.062 155.628 143.8 135.811 118.88 153.585 141.514 133.763 125.406 120.419 154.899 139.745 130.897 125.377 120.911 115.346 115.551 115.529 115.114 113.368 126.615 133.167 126.35 115.185 111.684 109.058 113.582
7.181051 124.121 129.337 152.571 163.138 151.309 143.321 126.389 161.094 149.023 141.272 132.915 127.928 162.408 147.254 138.406 132.886 128.421 122.855 123.06 123.039 122.623 120.877 134.124 140.676 133.859 122.694 119.194 116.568 121.091
7.398237 132.091 137.307 160.542 171.108 159.279 151.291 134.36 169.065 156.994 149.242 140.886 135.899 170.379 155.224 146.377 140.857 136.391 130.826 131.03 131.009 130.594 128.848 142.095 148.646 141.829 130.665 127.164 124.538 129.062
7.621991 140.551 145.767 169.002 179.568 167.739 159.751 142.82 177.525 165.453 157.702 149.346 144.359 178.839 163.684 154.836 149.317 144.851 139.286 139.49 139.469 139.053 137.308 150.555 157.106 150.289 139.124 135.624 132.998 137.522
7.852513 149.53 154.746 177.981 188.547 176.718 168.73 151.799 186.504 174.433 166.681 158.325 153.338 187.818 172.663 163.816 158.296 153.83 148.265 148.47 148.448 148.033 146.287 159.534 166.085 159.269 148.104 144.603 141.977 146.501
8.090007 159.061 164.277 187.512 198.078 186.249 178.261 161.329 196.034 183.963 176.212 167.855 162.869 197.348 182.194 173.346 167.826 163.361 157.795 158.0 157.979 157.563 155.817 169.064 175.616 168.799 157.634 154.134 151.508 156.032
8.334684 169.177 174.392 197.627 208.193 196.365 188.377 171.445 206.15 194.079 186.328 177.971 172.984 207.464 192.31 183.462 177.942 173.477 167.911 168.116 168.094 167.679 165.933 179.18 185.732 178.915 167.75 164.25 161.624 166.147
8.586761 179.914 185.129 208.364 218.93 207.102 199.114 182.182 216.887 204.816 197.065 188.708 183.721 218.201 203.047 194.199 188.679 184.214 178.648 178.853 178.831 178.416 176.67 189.917 196.469 189.652 178.487 174.987 172.361 176.884
8.846461 191.31 196.526 219.761 230.327 218.498 210.51 193.578 228.284 216.212 208.461 200.105 195.118 229.598 214.443 205.595 200.076 195.61 190.045 190.249 190.228 189.812 188.067 201.314 207.865 201.048 189.883 186.383 183.757 188.281
9.114017 203.406 208.622 231.857 242.423 230.594 222.606 205.675 240.38 228.308 220.557 212.201 207.214 241.694 226.539 217.691 212.172 207.706 202.141 202.345 202.324 201.908 200.163 213.41 219.961 213.144 201.979 198.479 195.853 200.377
9.389664 216.245 221.461 244.695 255.262 243.433 235.445 218.513 253.218 241.147 233.396 225.039 220.052 254.532 239.378 230.53 225.01 220.545 214.979 215.184 215.163 214.747 213.001 226.248 232.8 225.983 214.818 211.318 208.692 213.215
9.673648 229.872 235.088 258.323 268.889 257.06 249.072 232.14 266.845 254.774 247.023 238.666 233.68 268.16 253.005 244.157 238.637 234.172 228.606 228.811 228.79 228.374 226.629 239.875 246.427 239.61 228.445 224.945 222.319 226.843
9.966221 244.336 249.552 272.786 283.353 271.524 263.536 246.604 281.309 269.238 261.487 253.13 248.143 282.623 267.469 258.621 253.101 248.636 243.07 243.275 243.254 242.838 241.092 254.339 260.891 254.074 242.909 239.409 236.783 241.306
10.267642 259.688 264.904 288.138 298.705 286.876 278.888 261.956 296.661 284.59 276.839 268.482 263.495 297.975 282.821 273.973 268.453 263.988 258.422 258.627 258.606 258.19 256.444 269.691 276.243 269.426 258.261 254.761 252.135 256.658
10.57818 275.983 281.198 304.433 314.999 303.171 295.182 278.251 312.956 300.885 293.134 284.777 279.79 314.27 299.116 290.268 284.748 280.282 274.717 274.922 274.9 274.485 272.739 285.986 292.537 285.721 274.556 271.055 268.429 272.953
10.89811 293.278 298.493 321.728 332.294 320.466 312.478 295.546 330.251 318.18 310.429 302.072 297.085 331.565 316.411 307.563 302.043 297.578 292.012 292.217 292.195 291.78 290.034 303.281 309.833 303.016 291.851 288.35 285.725 290.248
11.227716 311.635 316.851 340.086 350.652 338.823 330.835 313.903 348.608 336.537 328.786 320.429 315.442 349.922 334.768 325.92 320.4 315.935 310.369 310.574 310.553 310.137 308.391 321.638 328.19 321.373 310.208 306.708 304.082 308.606
11.56729 331.119 336.335 359.57 370.136 358.307 350.319 333.388 368.093 356.022 348.27 339.914 334.927 369.407 354.252 345.405 339.885 335.419 329.854 330.059 330.037 329.622 327.876 341.123 347.674 340.858 329.693 326.192 323.566 328.09
11.917135 351.8 357.016 380.251 390.817 378.988 371.0 354.069 388.774 376.702 368.951 360.595 355.608 390.088 374.933 366.085 360.566 356.1 350.535 350.739 350.718 350.303 348.557 361.804 368.355 361.538 350.374 346.873 344.247 348.771
12.277561 373.751 378.966 402.201 412.767 400.939 392.951 376.019 410.724 398.653 390.902 382.545 377.558 412.038 396.884 388.036 382.516 378.051 372.485 372.69 372.668 372.253 370.507 383.754 390.306 383.489 372.324 368.824 366.198 370.721
12.648887 397.049 402.265 425.5 436.066 424.237 416.249 399.318 434.023 421.952 414.2 405.844 400.857 435.337 420.182 411.335 405.815 401.349 395.784 395.989 395.967 395.552 393.806 407.053 413.604 406.787 395.623 392.122 389.496 394.02
13.031444 421.778 426.994 450.229 460.795 448.966 440.978 424.047 458.752 446.681 438.929 430.573 425.586 460.066 444.911 436.064 430.544 426.078 420.513 420.718 420.696 420.281 418.535 431.782 438.333 431.517 420.352 416.851 414.225 418.749
13.425571 448.026 453.242 476.477 487.043 475.214 467.226 450.294 485.0 472.928 465.177 456.82 451.834 486.314 471.159 462.311 456.791 452.326 446.76 446.965 446.944 446.528 444.783 458.029 464.581 457.764 446.599 443.099 440.473 444.997
13.831619 475.885 481.101 504.336 514.902 503.073 495.085 478.154 512.859 500.788 493.036 484.68 479.693 514.173 499.018 490.171 484.651 480.185 474.62 474.824 474.803 474.388 472.642 485.889 492.44 485.623 474.459 470.958 468.332 472.856
14.249947 505.455 510.671 533.906 544.472 532.643 524.655 507.724 542.429 530.358 522.606 514.25 509.263 543.743 528.588 519.74 514.221 509.755 504.19 504.394 504.373 503.958 502.212 515.459 522.01 515.193 504.029 500.528 497.902 502.426
14.680926 536.841 542.056 565.291 575.857 564.029 556.041 539.109 573.814 561.743 553.992 545.635 540.648 575.128 559.974 551.126 545.606 541.141 535.575 535.78 535.758 535.343 533.597 546.844 553.396 546.579 535.414 531.914 529.288 533.811
15.124941 570.154 575.369 598.604 609.17 597.342 589.353 572.422 607.127 595.056 587.305 578.948 573.961 608.441 593.287 584.439 578.919 574.453 568.888 569.093 569.071 568.656 566.91 580.157 586.709 579.892 568.727 565.226 562.6 567.124
15.582385 605.512 610.728 633.962 644.529 632.7 624.712 607.78 642.485 630.414 622.663 614.306 609.319 643.799 628.645 619.797 614.277 609.812 604.246 604.451 604.43 604.014 602.268 615.515 622.067 615.25 604.085 600.585 597.959 602.482
16.053663 643.041 648.257 671.492 682.058 670.229 662.241 645.31 680.015 667.944 660.192 651.836 646.849 681.329 666.174 657.327 651.807 647.341 641.776 641.98 641.959 641.544 639.798 653.045 659.596 652.779 641.615 638.114 635.488 640.012
16.539195 682.875 688.091 711.326 721.892 710.063 702.075 685.144 719.849 707.777 700.026 691.67 686.683 721.163 706.008 697.16 691.641 687.175 681.61 681.814 681.793 681.378 679.632 692.879 699.43 692.613 681.449 677.948 675.322 679.846
17.039412 725.155 730.371 753.606 764.172 752.343 744.355 727.423 762.128 750.057 742.306 733.949 728.962 763.442 748.288 739.44 733.92 729.455 723.889 724.094 724.073 723.657 721.911 735.158 741.71 734.893 723.728 720.228 717.602 722.126
17.554757 770.031 775.247 nan nan nan 789.935 772.299 nan nan 787.241 778.825 773.838 nan 799.475 784.317 778.796 774.331 768.765 768.97 768.949 768.533 766.787 780.034 786.6 779.769 768.604 765.104 762.478 767.001
18.085689 nan nan nan nan nan nan nan nan nan nan nan nan nan nan nan nan nan nan nan nan nan nan nan nan nan nan nan nan nan
18.632678 nan nan nan nan nan nan nan nan nan nan nan nan nan nan nan nan nan nan nan nan nan nan nan nan nan nan nan nan nan
19.196211 nan nan nan nan nan nan nan nan nan nan nan nan nan nan nan nan nan nan nan nan nan nan nan nan nan nan nan nan nan
19.776787 nan nan nan nan nan nan nan nan nan nan nan nan nan nan nan nan nan nan nan nan nan nan nan nan nan nan nan nan nan
20.374923 nan nan nan nan nan nan nan nan nan nan nan nan nan nan nan nan nan nan nan nan nan nan nan nan nan nan nan nan nan
20.991149 nan nan nan nan nan nan nan nan nan nan nan nan nan nan nan nan nan nan nan nan nan nan nan nan nan nan nan nan nan
21.626011 nan nan nan nan nan nan nan nan nan nan nan nan nan nan nan nan nan nan nan nan nan nan nan nan nan nan nan nan nan
22.280075 nan nan nan nan nan nan nan nan nan nan nan nan nan nan nan nan nan nan nan nan nan nan nan nan nan nan nan nan nan
22.953921 nan nan nan nan nan nan nan nan nan nan nan nan nan nan nan nan nan nan nan nan nan nan nan nan nan nan nan nan nan
23.648147 nan nan nan nan nan nan nan nan nan nan nan nan nan nan nan nan nan nan nan nan nan nan nan nan nan nan nan nan nan
24.363369 nan nan nan nan nan nan nan nan nan nan nan nan nan nan nan nan nan nan nan nan nan nan nan nan nan nan nan nan nan
25.100222 nan nan nan nan nan nan nan nan nan nan nan nan nan nan nan nan nan nan nan nan nan nan nan nan nan nan nan nan nan
25.859362 nan nan nan nan nan nan nan nan nan nan nan nan nan nan nan nan nan nan nan nan nan nan nan nan nan nan nan nan nan
26.64146 nan nan nan nan nan nan nan nan nan nan nan nan nan nan nan nan nan nan nan nan nan nan nan nan nan nan nan nan nan
27.447213 nan nan nan nan nan nan nan nan nan nan nan nan nan nan nan nan nan nan nan nan nan nan nan nan nan nan nan nan nan
28.277335 nan nan nan nan nan nan nan nan nan nan nan nan nan nan nan nan nan nan nan nan nan nan nan nan nan nan nan nan nan
29.132564 nan nan nan nan nan nan nan nan nan nan nan nan nan nan nan nan nan nan nan nan nan nan nan nan nan nan nan nan nan
30.013659 nan nan nan nan nan nan nan nan nan nan nan nan nan nan nan nan nan nan nan nan nan nan nan nan nan nan nan nan nan
30.921401 nan nan nan nan nan nan nan nan nan nan nan nan nan nan nan nan nan nan nan nan nan nan nan nan nan nan nan nan nan
31.856598 nan nan nan nan nan nan nan nan nan nan nan nan nan nan nan nan nan nan nan nan nan nan nan nan nan nan nan nan nan
32.820079 nan nan nan nan nan nan nan nan nan nan nan nan nan nan nan nan nan nan nan nan nan nan nan nan nan nan nan nan nan
33.8127 nan nan nan nan nan nan nan nan nan nan nan nan nan nan nan nan nan nan nan nan nan nan nan nan nan nan nan nan nan
34.835342 nan nan nan nan nan nan nan nan nan nan nan nan nan nan nan nan nan nan nan nan nan nan nan nan nan nan nan nan nan
35.888913 nan nan nan nan nan nan nan nan nan nan nan nan nan nan nan nan nan nan nan nan nan nan nan nan nan nan nan nan nan
36.974349 nan nan nan nan nan nan nan nan nan nan nan nan nan nan nan nan nan nan nan nan nan nan nan nan nan nan nan nan nan
38.092613 nan nan nan nan nan nan nan nan nan nan nan nan nan nan nan nan nan nan nan nan nan nan nan nan nan nan nan nan nan
39.244698 nan nan nan nan nan nan nan nan nan nan nan nan nan nan nan nan nan nan nan nan nan nan nan nan nan nan nan nan nan
40.431627 nan nan nan nan nan nan nan nan nan nan nan nan nan nan nan nan nan nan nan nan nan nan nan nan nan nan nan nan nan
41.654454 nan nan nan nan nan nan nan nan nan nan nan nan nan nan nan nan nan nan nan nan nan nan nan nan nan nan nan nan nan
42.914265 nan nan nan nan nan nan nan nan nan nan nan nan nan nan nan nan nan nan nan nan nan nan nan nan nan nan nan nan nan
44.212178 nan nan nan nan nan nan nan nan nan nan nan nan nan nan nan nan nan nan nan nan nan nan nan nan nan nan nan nan nan
45.549345 nan nan nan nan nan nan nan nan nan nan nan nan nan nan nan nan nan nan nan nan nan nan nan nan nan nan nan nan nan
46.926954 nan nan nan nan nan nan nan nan nan nan nan nan nan nan nan nan nan nan nan nan nan nan nan nan nan nan nan nan nan
48.346227 nan nan nan nan nan nan nan nan nan nan nan nan nan nan nan nan nan nan nan nan nan nan nan nan nan nan nan nan nan
49.808426 nan nan nan nan nan nan nan nan nan nan nan nan nan nan nan nan nan nan nan nan nan nan nan nan nan nan nan nan nan
51.314848 nan nan nan nan nan nan nan nan nan nan nan nan nan nan nan nan nan nan nan nan nan nan nan nan nan nan nan nan nan
52.86683 nan nan nan nan nan nan nan nan nan nan nan nan nan nan nan nan nan nan nan nan nan nan nan nan nan nan nan nan nan
54.465752 nan nan nan nan nan nan nan nan nan nan nan nan nan nan nan nan nan nan nan nan nan nan nan nan nan nan nan nan nan
56.113031 nan nan nan nan nan nan nan nan nan nan nan nan nan nan nan nan nan nan nan nan nan nan nan nan nan nan nan nan nan
57.810132 nan nan nan nan nan nan nan nan nan nan nan nan nan nan nan nan nan nan nan nan nan nan nan nan nan nan nan nan nan
59.55856 nan nan nan nan nan nan nan nan nan nan nan nan nan nan nan nan nan nan nan nan nan nan nan nan nan nan nan nan nan
61.359868 nan nan nan nan nan nan nan nan nan nan nan nan nan nan nan nan nan nan nan nan nan nan nan nan nan nan nan nan nan
63.215655 nan nan nan nan nan nan nan nan nan nan nan nan nan nan nan nan nan nan nan nan nan nan nan nan nan nan nan nan nan
65.127569 nan nan nan nan nan nan nan nan nan nan nan nan nan nan nan nan nan nan nan nan nan nan nan nan nan nan nan nan nan
67.097308 nan nan nan nan nan nan nan nan nan nan nan nan nan nan nan nan nan nan nan nan nan nan nan nan nan nan nan nan nan
69.126621 nan nan nan nan nan nan nan nan nan nan nan nan nan nan nan nan nan nan nan nan nan nan nan nan nan nan nan nan nan
71.217308 nan nan nan nan nan nan nan nan nan nan nan nan nan nan nan nan nan nan nan nan nan nan nan nan nan nan nan nan nan
73.371227 nan nan nan nan nan nan nan nan nan nan nan nan nan nan nan nan nan nan nan nan nan nan nan nan nan nan nan nan nan
75.59029 nan nan nan nan nan nan nan nan nan nan nan nan nan nan nan nan nan nan nan nan nan nan nan nan nan nan nan nan nan
77.876467 nan nan nan nan nan nan nan nan nan nan nan nan nan nan nan nan nan nan nan nan nan nan nan nan nan nan nan nan nan
80.231787 nan nan nan nan nan nan nan nan nan nan nan nan nan nan nan nan nan nan nan nan nan nan nan nan nan nan nan nan nan
82.658343 nan nan nan nan nan nan nan nan nan nan nan nan nan nan nan nan nan nan nan nan nan nan nan nan nan nan nan nan nan
85.158288 nan nan nan nan nan nan nan nan nan nan nan nan nan nan nan nan nan nan nan nan nan nan nan nan nan nan nan nan nan
