web/models/kne/36/villar_0.0023_0.1083_1.0000.dat
# %ECSV 1.0
# ---
# datatype:
# - {name: time, datatype: float64}
# - {name: swift_uvot_uvw2, datatype: float64}
# - {name: swift_uvot_uvm2, datatype: float64}
# - {name: swift_uvot_uvw1, datatype: float64}
# - {name: swift_uvot_U, datatype: float64}
# - {name: swift_uvot_B, datatype: float64}
# - {name: swift_uvot_V, datatype: float64}
# - {name: swift_uvot_W, datatype: float64}
# - {name: johnson_U, datatype: float64}
# - {name: johnson_B, datatype: float64}
# - {name: johnson_V, datatype: float64}
# - {name: johnson_R, datatype: float64}
# - {name: johnson_I, datatype: float64}
# - {name: sdss_u, datatype: float64}
# - {name: sdss_g, datatype: float64}
# - {name: sdss_r, datatype: float64}
# - {name: sdss_i, datatype: float64}
# - {name: sdss_z, datatype: float64}
# - {name: PS1_g, datatype: float64}
# - {name: PS1_r, datatype: float64}
# - {name: PS1_i, datatype: float64}
# - {name: PS1_z, datatype: float64}
# - {name: PS1_Y, datatype: float64}
# - {name: PS1_w, datatype: float64}
# - {name: ATLAS_c, datatype: float64}
# - {name: ATLAS_o, datatype: float64}
# - {name: ukirt_J, datatype: float64}
# - {name: ukirt_H, datatype: float64}
# - {name: ukirt_K, datatype: float64}
# - {name: Clear, datatype: float64}
# meta: !!omap
# - comment: [kappa = 1.0, type = villar, mass = 0.0022901433483143324, velocity = 0.10833333333333334, theta_obs = 0.0]
# schema: astropy-2.0
time swift_uvot_uvw2 swift_uvot_uvm2 swift_uvot_uvw1 swift_uvot_U swift_uvot_B swift_uvot_V swift_uvot_W johnson_U johnson_B johnson_V johnson_R johnson_I sdss_u sdss_g sdss_r sdss_i sdss_z PS1_g PS1_r PS1_i PS1_z PS1_Y PS1_w ATLAS_c ATLAS_o ukirt_J ukirt_H ukirt_K Clear
[from data line 219]
0.682197 -8.418 -8.576 -9.714 -11.177 -11.984 -12.485 -11.064 -11.328 -11.994 -12.495 -12.743 -12.833 -11.289 -12.182 -12.662 -12.811 -12.84 -12.271 -12.674 -12.823 -12.858 -12.88 -12.607 -12.418 -12.732 -12.686 -12.418 -12.013 -12.565
0.70283 -8.3 -8.414 -9.593 -11.089 -11.927 -12.45 -11.002 -11.245 -11.937 -12.461 -12.728 -12.832 -11.204 -12.133 -12.638 -12.801 -12.84 -12.227 -12.651 -12.814 -12.857 -12.884 -12.584 -12.382 -12.715 -12.701 -12.441 -12.042 -12.542
0.724086 -8.179 -8.242 -9.464 -10.993 -11.863 -12.41 -10.935 -11.156 -11.874 -12.422 -12.708 -12.828 -11.112 -12.079 -12.611 -12.788 -12.838 -12.177 -12.624 -12.801 -12.853 -12.886 -12.557 -12.341 -12.694 -12.714 -12.462 -12.069 -12.515
0.745986 -8.055 -8.058 -9.326 -10.89 -11.793 -12.366 -10.862 -11.058 -11.805 -12.379 -12.685 -12.82 -11.013 -12.018 -12.578 -12.771 -12.833 -12.121 -12.592 -12.785 -12.846 -12.884 -12.526 -12.295 -12.67 -12.725 -12.481 -12.095 -12.484
0.768548 -7.929 -7.862 -9.179 -10.779 -11.716 -12.315 -10.784 -10.953 -11.729 -12.33 -12.657 -12.81 -10.905 -11.952 -12.541 -12.751 -12.824 -12.06 -12.556 -12.765 -12.835 -12.88 -12.49 -12.243 -12.641 -12.733 -12.499 -12.12 -12.449
0.791792 -7.8 -7.652 -9.022 -10.658 -11.631 -12.259 -10.699 -10.838 -11.646 -12.275 -12.625 -12.795 -10.788 -11.879 -12.499 -12.726 -12.812 -11.992 -12.514 -12.74 -12.821 -12.873 -12.45 -12.186 -12.607 -12.739 -12.514 -12.143 -12.409
0.815739 -7.671 -7.428 -8.855 -10.527 -11.539 -12.197 -10.608 -10.714 -11.555 -12.213 -12.588 -12.777 -10.661 -11.799 -12.451 -12.696 -12.796 -11.917 -12.467 -12.712 -12.803 -12.862 -12.404 -12.122 -12.568 -12.742 -12.527 -12.164 -12.364
0.840411 -7.542 -7.19 -8.676 -10.385 -11.438 -12.127 -10.51 -10.58 -11.455 -12.145 -12.545 -12.754 -10.524 -11.71 -12.397 -12.661 -12.776 -11.835 -12.414 -12.678 -12.781 -12.847 -12.353 -12.052 -12.524 -12.742 -12.538 -12.183 -12.314
0.865828 -7.413 -6.934 -8.486 -10.232 -11.328 -12.05 -10.404 -10.435 -11.347 -12.07 -12.496 -12.727 -10.375 -11.613 -12.337 -12.621 -12.751 -11.745 -12.355 -12.638 -12.754 -12.828 -12.296 -11.974 -12.474 -12.738 -12.546 -12.2 -12.258
0.892015 -7.286 -6.661 -8.282 -10.067 -11.208 -11.965 -10.29 -10.277 -11.228 -11.986 -12.441 -12.695 -10.214 -11.507 -12.269 -12.575 -12.721 -11.646 -12.288 -12.593 -12.722 -12.804 -12.232 -11.888 -12.417 -12.731 -12.551 -12.215 -12.196
0.918993 -7.161 -6.369 -8.065 -9.887 -11.076 -11.87 -10.167 -10.106 -11.098 -11.893 -12.379 -12.657 -10.039 -11.391 -12.193 -12.523 -12.685 -11.537 -12.214 -12.541 -12.684 -12.776 -12.161 -11.793 -12.353 -12.72 -12.553 -12.228 -12.128
0.946787 -7.039 -6.056 -7.833 -9.693 -10.933 -11.766 -10.034 -9.921 -10.957 -11.791 -12.31 -12.613 -9.85 -11.264 -12.109 -12.463 -12.644 -11.419 -12.131 -12.483 -12.64 -12.742 -12.082 -11.689 -12.282 -12.705 -12.552 -12.238 -12.052
0.975422 -6.921 -5.722 -7.586 -9.482 -10.776 -11.652 -9.891 -9.72 -10.803 -11.679 -12.233 -12.562 -9.645 -11.124 -12.016 -12.396 -12.597 -11.289 -12.039 -12.417 -12.59 -12.702 -11.994 -11.575 -12.203 -12.686 -12.548 -12.245 -11.969
1.004923 -6.808 -5.364 -7.322 -9.254 -10.606 -11.525 -9.737 -9.501 -10.634 -11.555 -12.146 -12.505 -9.422 -10.972 -11.912 -12.321 -12.542 -11.148 -11.938 -12.343 -12.532 -12.656 -11.898 -11.45 -12.114 -12.661 -12.539 -12.249 -11.878
1.035317 -6.698 -4.981 -7.041 -9.006 -10.419 -11.386 -9.571 -9.265 -10.451 -11.419 -12.05 -12.44 -9.18 -10.806 -11.798 -12.236 -12.48 -10.993 -11.825 -12.259 -12.467 -12.603 -11.791 -11.312 -12.015 -12.631 -12.526 -12.25 -11.778
1.066629 -6.592 -4.573 -6.74 -8.737 -10.216 -11.233 -9.391 -9.007 -10.251 -11.269 -11.943 -12.366 -8.917 -10.623 -11.671 -12.142 -12.41 -10.824 -11.701 -12.166 -12.393 -12.543 -11.674 -11.161 -11.906 -12.595 -12.509 -12.248 -11.668
1.098888 -6.49 -4.139 -6.42 -8.445 -9.994 -11.065 -9.198 -8.727 -10.032 -11.104 -11.825 -12.282 -8.631 -10.424 -11.531 -12.036 -12.33 -10.641 -11.563 -12.062 -12.31 -12.474 -11.545 -10.995 -11.785 -12.553 -12.487 -12.242 -11.548
1.132124 -6.39 -3.681 -6.078 -8.127 -9.751 -10.88 -8.989 -8.423 -9.793 -10.922 -11.693 -12.189 -8.32 -10.206 -11.376 -11.918 -12.24 -10.44 -11.412 -11.946 -12.216 -12.396 -11.403 -10.813 -11.651 -12.503 -12.459 -12.231 -11.417
1.166364 -6.29 -3.201 -5.714 -7.781 -9.486 -10.676 -8.764 -8.091 -9.533 -10.722 -11.548 -12.084 -7.981 -9.967 -11.204 -11.787 -12.139 -10.222 -11.244 -11.817 -12.111 -12.308 -11.246 -10.614 -11.502 -12.445 -12.425 -12.216 -11.274
1.20164 -6.191 -2.707 -5.325 -7.405 -9.196 -10.452 -8.52 -7.73 -9.248 -10.503 -11.387 -11.967 -7.611 -9.706 -11.015 -11.641 -12.026 -9.985 -11.06 -11.673 -11.993 -12.209 -11.074 -10.395 -11.338 -12.379 -12.385 -12.196 -11.118
1.237983 -6.089 -2.212 -4.91 -6.994 -8.878 -10.205 -8.256 -7.335 -8.935 -10.261 -11.209 -11.836 -7.207 -9.419 -10.806 -11.478 -11.899 -9.728 -10.856 -11.513 -11.861 -12.097 -10.885 -10.155 -11.156 -12.303 -12.337 -12.17 -10.948
1.275425 -5.985 -1.736 -4.468 -6.545 -8.53 -9.933 -7.971 -6.903 -8.594 -9.995 -11.012 -11.689 -6.766 -9.105 -10.576 -11.298 -11.757 -9.449 -10.632 -11.335 -11.714 -11.972 -10.676 -9.892 -10.955 -12.216 -12.28 -12.138 -10.764
1.313999 -5.875 -1.302 -3.996 -6.053 -8.148 -9.633 -7.662 -6.431 -8.219 -9.701 -10.794 -11.526 -6.283 -8.759 -10.32 -11.097 -11.597 -9.149 -10.385 -11.138 -11.549 -11.832 -10.447 -9.602 -10.733 -12.117 -12.215 -12.099 -10.565
1.35374 -5.759 -0.932 -3.491 -5.516 -7.727 -9.302 -7.328 -5.914 -7.808 -9.378 -10.553 -11.344 -5.753 -8.379 -10.038 -10.873 -11.419 -8.826 -10.113 -10.919 -11.365 -11.675 -10.194 -9.283 -10.486 -12.005 -12.14 -12.053 -10.348
1.394683 -5.636 -0.631 -2.952 -4.925 -7.265 -8.936 -6.966 -5.346 -7.356 -9.02 -10.285 -11.14 -5.172 -7.961 -9.725 -10.625 -11.22 -8.481 -9.813 -10.675 -11.16 -11.499 -9.915 -8.932 -10.214 -11.878 -12.053 -11.999 -10.114
1.436864 -5.503 -0.391 -2.373 -4.277 -6.756 -8.53 -6.573 -4.721 -6.858 -8.625 -9.989 -10.913 -4.532 -7.499 -9.378 -10.348 -10.998 -8.117 -9.482 -10.404 -10.931 -11.303 -9.607 -8.545 -9.912 -11.734 -11.954 -11.935 -9.862
1.480321 -5.359 -0.189 -1.751 -3.563 -6.194 -8.081 -6.149 -4.033 -6.31 -8.187 -9.66 -10.66 -3.828 -6.99 -8.993 -10.039 -10.749 -7.738 -9.119 -10.103 -10.674 -11.083 -9.267 -8.118 -9.577 -11.571 -11.841 -11.861 -9.591
1.525092 -5.203 -0.005 -1.08 -2.775 -5.573 -7.583 -5.69 -3.274 -5.705 -7.702 -9.295 -10.377 -3.05 -6.427 -8.564 -9.695 -10.47 -7.349 -8.72 -9.768 -10.388 -10.838 -8.891 -7.646 -9.205 -11.387 -11.711 -11.775 -9.302
1.571218 -5.032 0.177 -0.355 -1.904 -4.884 -7.029 -5.195 -2.434 -5.036 -7.164 -8.889 -10.061 -2.189 -5.803 -8.088 -9.31 -10.157 -6.959 -8.284 -9.395 -10.067 -10.564 -8.474 -7.123 -8.791 -11.179 -11.563 -11.675 -8.993
1.618738 -4.846 0.367 0.434 -0.939 -4.12 -6.411 -4.666 -1.503 -4.294 -6.564 -8.437 -9.707 -1.235 -5.11 -7.556 -8.879 -9.806 -6.578 -7.81 -8.98 -9.709 -10.258 -8.011 -6.543 -8.331 -10.943 -11.395 -11.561 -8.667
1.667696 -4.643 0.573 1.293 0.132 -3.271 -5.722 -4.104 -0.468 -3.472 -5.897 -7.933 -9.31 -0.174 -4.339 -6.961 -8.396 -9.411 -6.214 -7.3 -8.519 -9.307 -9.916 -7.496 -5.898 -7.817 -10.676 -11.203 -11.429 -8.324
1.718134 -4.419 0.797 2.234 1.326 -2.323 -4.951 -3.518 0.684 -2.557 -5.151 -7.37 -8.865 1.008 -3.479 -6.296 -7.854 -8.967 -5.869 -6.759 -8.008 -8.858 -9.535 -6.922 -5.18 -7.243 -10.373 -10.984 -11.278 -7.967
1.770098 -4.172 1.044 3.269 2.658 -1.264 -4.086 -2.919 1.972 -1.536 -4.317 -6.74 -8.364 2.328 -2.517 -5.549 -7.244 -8.466 -5.54 -6.197 -7.443 -8.355 -9.112 -6.28 -4.377 -6.6 -10.029 -10.735 -11.105 -7.598
1.823633 -3.899 1.316 4.411 4.15 -0.077 -3.113 -2.328 3.414 -0.396 -3.381 -6.034 -7.801 3.807 -1.439 -4.708 -6.556 -7.9 -5.216 -5.632 -6.824 -7.794 -8.642 -5.56 -3.478 -5.879 -9.638 -10.449 -10.905 -7.217
1.878788 -3.597 1.619 5.677 5.826 1.258 -2.016 -1.763 5.035 0.882 -2.329 -5.24 -7.165 5.469 -0.227 -3.76 -5.778 -7.259 -4.886 -5.082 -6.153 -7.17 -8.126 -4.752 -2.467 -5.067 -9.192 -10.122 -10.675 -6.825
1.93561 -3.261 1.955 7.084 7.716 2.763 -0.776 -1.235 6.862 2.318 -1.143 -4.346 -6.446 7.344 1.14 -2.687 -4.896 -6.531 -4.536 -4.561 -5.443 -6.482 -7.561 -3.841 -1.329 -4.152 -8.682 -9.747 -10.41 -6.418
1.994152 -2.885 2.33 8.656 9.854 4.467 0.632 -0.737 8.929 3.937 0.198 -3.337 -5.632 9.465 2.688 -1.469 -3.892 -5.702 -4.154 -4.065 -4.714 -5.733 -6.952 -2.81 -0.041 -3.116 -8.098 -9.317 -10.104 -5.992
2.054463 -2.465 2.751 10.42 12.282 6.401 2.235 -0.249 11.277 5.768 1.718 -2.193 -4.707 11.873 4.446 -0.082 -2.748 -4.756 -3.731 -3.577 -3.994 -4.936 -6.306 -1.639 1.42 -1.94 -7.427 -8.82 -9.75 -5.537
2.116599 -1.991 3.225 12.409 15.05 8.607 4.067 0.257 13.953 7.847 3.445 -0.894 -3.654 14.619 6.451 1.503 -1.438 -3.673 -3.257 -3.071 -3.304 -4.117 -5.631 -0.305 3.087 -0.6 -6.654 -8.246 -9.339 -5.042
2.180614 -1.454 3.761 14.664 18.221 11.132 6.169 0.807 17.017 10.217 5.416 0.586 -2.452 17.762 8.747 3.322 0.067 -2.43 -2.72 -2.521 -2.638 -3.303 -4.934 1.222 4.994 0.933 -5.76 -7.581 -8.86 -4.494
2.246566 -0.845 4.371 17.236 21.869 14.036 8.59 1.422 20.541 12.93 7.671 2.278 -1.075 21.376 11.388 5.417 1.803 -0.997 -2.11 -1.907 -1.964 -2.507 -4.211 2.978 7.187 2.695 -4.723 -6.808 -8.301 -3.878
2.314511 -0.147 5.069 20.19 26.087 17.393 11.392 2.121 24.612 16.051 10.262 4.221 0.508 25.552 14.44 7.841 3.813 0.661 -1.413 -1.208 -1.24 -1.708 -3.445 5.007 9.722 4.73 -3.516 -5.906 -7.646 -3.178
2.384512 0.656 5.871 23.604 30.991 21.291 14.65 2.924 29.339 19.661 13.25 6.459 2.333 30.399 17.985 10.661 6.152 2.585 -0.61 -0.405 -0.429 -0.861 -2.607 7.363 12.667 7.091 -2.103 -4.849 -6.875 -2.374
2.45663 1.585 6.801 27.579 36.721 25.845 18.457 3.853 34.856 23.858 16.711 9.051 4.447 36.057 22.125 13.956 8.888 4.826 0.319 0.524 0.502 0.084 -1.663 10.114 16.108 9.846 -0.442 -3.606 -5.965 -1.444
2.530929 2.46 7.675 30.91 41.476 29.648 21.659 4.728 39.433 27.362 19.61 11.254 6.267 40.747 25.593 16.745 11.225 6.759 1.194 1.399 1.377 0.962 -0.784 12.463 19.014 12.198 1.033 -2.468 -5.094 -0.57
2.607475 2.916 8.132 31.367 41.933 30.104 22.116 5.184 39.89 27.818 20.067 11.711 6.724 41.204 26.049 17.201 11.682 7.216 1.651 1.855 1.834 1.418 -0.327 12.92 19.471 12.654 1.489 -2.011 -4.637 -0.113
2.686337 3.401 8.616 31.851 42.417 30.589 22.6 5.669 40.374 28.303 20.552 12.195 7.208 41.688 26.534 17.686 12.166 7.701 2.135 2.34 2.318 1.903 0.157 13.404 19.956 13.139 1.974 -1.527 -4.152 0.371
2.767583 3.915 9.131 32.366 42.932 31.103 23.115 6.183 40.889 28.817 21.066 12.709 7.723 42.203 27.048 18.2 12.68 8.215 2.649 2.854 2.833 2.417 0.672 13.918 20.47 13.653 2.488 -1.012 -3.638 0.886
2.851287 4.461 9.677 32.912 43.478 31.649 23.661 6.729 41.434 29.363 21.612 13.255 8.269 42.748 27.594 18.746 13.226 8.761 3.195 3.4 3.379 2.963 1.217 14.464 21.016 14.199 3.034 -0.466 -3.092 1.432
2.937522 5.04 10.256 33.491 44.057 32.228 24.24 7.309 42.014 29.943 22.191 13.835 8.848 43.328 28.173 19.326 13.806 9.34 3.775 3.98 3.958 3.543 1.797 15.044 21.595 14.779 3.614 0.113 -2.513 2.011
3.026365 5.656 10.871 34.106 44.672 32.844 24.855 7.924 42.629 30.558 22.806 14.45 9.463 43.943 28.789 19.941 14.421 9.955 4.39 4.595 4.573 4.158 2.412 15.659 22.21 15.394 4.229 0.728 -1.898 2.626
3.117896 6.308 11.524 34.759 45.325 33.496 25.508 8.577 43.282 31.211 23.459 15.103 10.116 44.596 29.441 20.594 15.074 10.608 5.043 5.247 5.226 4.811 3.065 16.312 22.863 16.046 4.882 1.381 -1.245 3.279
3.212194 7.001 12.217 35.452 46.018 34.189 26.201 9.27 43.975 31.904 24.152 15.796 10.809 45.289 30.134 21.286 15.767 11.301 5.736 5.94 5.919 5.504 3.758 17.005 23.556 16.739 5.575 2.074 -0.552 3.972
3.309345 7.737 12.952 36.187 46.753 34.925 26.936 10.005 44.71 32.639 24.888 16.531 11.544 46.024 30.87 22.022 16.502 12.037 6.471 6.676 6.654 6.239 4.493 17.74 24.292 17.475 6.31 2.809 0.184 4.707
3.409434 8.517 13.733 36.968 47.534 35.705 27.717 10.786 45.491 33.42 25.668 17.312 12.325 46.805 31.65 22.803 17.283 12.817 7.252 7.456 7.435 7.02 5.274 18.521 25.072 18.255 7.091 3.59 0.964 5.488
3.51255 9.346 14.561 37.796 48.362 36.534 28.546 11.614 46.319 34.248 26.497 18.14 13.153 47.633 32.479 23.631 18.111 13.646 8.08 8.285 8.264 7.848 6.102 19.349 25.901 19.084 7.919 4.419 1.793 6.316
3.618785 10.225 15.441 38.676 49.242 37.413 29.425 12.494 47.199 35.128 27.376 19.02 14.033 48.513 33.358 24.51 18.991 14.525 8.96 9.164 9.143 8.728 6.982 20.229 26.78 19.963 8.799 5.298 2.672 7.196
3.728232 11.159 16.374 39.609 50.175 38.347 30.358 13.427 48.132 36.061 28.31 19.953 14.966 49.446 34.292 25.444 19.924 15.459 9.893 10.098 10.076 9.661 7.915 21.162 27.714 20.897 9.732 6.231 3.606 8.129
3.84099 12.149 17.365 40.6 51.166 39.337 31.349 14.418 49.123 37.052 29.3 20.944 15.957 50.437 35.282 26.435 20.915 16.449 10.884 11.089 11.067 10.652 8.906 22.153 28.704 21.888 10.723 7.222 4.596 9.12
3.957158 13.201 18.417 41.652 52.218 40.389 32.401 15.469 50.174 38.103 30.352 21.995 17.008 51.488 36.334 27.486 21.966 17.501 11.935 12.14 12.119 11.703 9.957 23.204 29.756 22.939 11.774 8.274 5.648 10.172
4.07684 14.317 19.533 42.768 53.334 41.505 33.517 16.586 51.291 39.219 31.468 23.112 18.125 52.605 37.45 28.602 23.083 18.617 13.052 13.256 13.235 12.819 11.074 24.321 30.872 24.055 12.89 9.39 6.764 11.288
4.200141 15.502 20.717 43.952 54.518 42.69 34.702 17.77 52.475 40.404 32.653 24.296 19.309 53.789 38.635 29.787 24.267 19.802 14.236 14.441 14.419 14.004 12.258 25.505 32.057 25.24 14.075 10.574 7.949 12.472
4.327172 16.759 21.975 45.21 55.776 43.947 35.959 19.028 53.733 41.661 33.91 25.554 20.567 55.047 39.892 31.044 25.525 21.059 15.494 15.698 15.677 15.262 13.516 26.763 33.314 26.497 15.333 11.832 9.206 13.73
4.458044 18.094 23.309 46.544 57.11 45.282 37.294 20.362 55.067 42.996 35.245 26.888 21.901 56.381 41.227 32.379 26.859 22.394 16.828 17.033 17.011 16.596 14.85 28.097 34.649 27.832 16.667 13.167 10.541 15.064
4.592874 19.51 24.726 47.961 58.527 46.698 38.71 21.779 56.484 44.413 36.661 28.305 23.318 57.798 42.643 33.796 28.276 23.81 18.245 18.45 18.428 18.013 16.267 29.514 36.065 29.249 18.084 14.583 11.957 16.481
4.731783 21.014 26.23 49.464 60.031 48.202 40.214 23.282 57.987 45.916 38.165 29.808 24.821 59.301 44.147 35.299 29.779 25.314 19.748 19.953 19.932 19.516 17.77 31.017 37.569 30.752 19.587 16.087 13.461 17.985
4.874892 22.61 27.825 51.06 61.626 49.798 41.81 24.878 59.583 47.512 39.761 31.404 26.417 60.897 45.743 36.895 31.375 26.91 21.344 21.549 21.527 21.112 19.366 32.613 39.165 32.348 21.183 17.683 15.057 19.58
5.02233 24.304 29.519 52.754 63.32 51.492 43.503 26.572 61.277 49.206 41.455 33.098 28.111 62.591 47.437 38.589 33.069 28.604 23.038 23.243 23.221 22.806 21.06 34.307 40.859 34.042 22.877 19.376 16.751 21.274
5.174227 26.102 31.317 54.552 65.118 53.29 45.301 28.37 63.075 51.004 43.253 34.896 29.909 64.389 49.235 40.387 34.867 30.401 24.836 25.041 25.019 24.604 22.858 36.105 42.656 35.84 24.675 21.174 18.548 23.072
5.330718 28.01 33.226 56.46 67.026 55.198 47.21 30.278 64.983 52.912 45.161 36.804 31.817 66.297 51.143 42.295 36.775 32.31 26.744 26.949 26.928 26.512 24.766 38.013 44.565 37.748 26.583 23.083 20.457 24.98
5.491942 30.035 35.251 58.486 69.052 57.223 49.235 32.304 67.009 54.938 47.186 38.83 33.843 68.323 53.168 44.321 38.801 34.335 28.77 28.974 28.953 28.538 26.792 40.039 46.59 39.773 28.609 25.108 22.482 27.006
5.658042 32.185 37.401 60.636 71.202 59.373 51.385 34.454 69.159 57.087 49.336 40.98 35.993 70.473 55.318 46.47 40.951 36.485 30.92 31.124 31.103 30.688 28.942 42.189 48.74 41.923 30.758 27.258 24.632 29.156
5.829166 34.467 39.683 62.917 73.484 61.655 53.667 36.735 71.44 59.369 51.618 43.261 38.274 72.754 57.6 48.752 43.232 38.767 33.201 33.406 33.385 32.969 31.223 44.47 51.022 44.205 33.04 29.54 26.914 31.438
6.005465 36.889 42.105 65.339 75.906 64.077 56.089 39.157 73.862 61.791 54.04 45.683 40.696 75.176 60.022 51.174 45.654 41.189 35.623 35.828 35.807 35.391 33.645 46.892 53.444 46.627 35.462 31.962 29.336 33.859
