web/models/kne.last_good/kappa_0.5_3.0.v1/4/villar_0.0775_0.5000_3.0000.dat
# %ECSV 1.0
# ---
# datatype:
# - {name: time, datatype: float64}
# - {name: swift_uvot_uvw2, datatype: float64}
# - {name: swift_uvot_uvm2, datatype: float64}
# - {name: swift_uvot_uvw1, datatype: float64}
# - {name: swift_uvot_U, datatype: float64}
# - {name: swift_uvot_B, datatype: float64}
# - {name: swift_uvot_V, datatype: float64}
# - {name: swift_uvot_W, datatype: float64}
# - {name: johnson_U, datatype: float64}
# - {name: johnson_B, datatype: float64}
# - {name: johnson_V, datatype: float64}
# - {name: johnson_R, datatype: float64}
# - {name: johnson_I, datatype: float64}
# - {name: sdss_u, datatype: float64}
# - {name: sdss_g, datatype: float64}
# - {name: sdss_r, datatype: float64}
# - {name: sdss_i, datatype: float64}
# - {name: sdss_z, datatype: float64}
# - {name: PS1_g, datatype: float64}
# - {name: PS1_r, datatype: float64}
# - {name: PS1_i, datatype: float64}
# - {name: PS1_z, datatype: float64}
# - {name: PS1_Y, datatype: float64}
# - {name: PS1_w, datatype: float64}
# - {name: ATLAS_c, datatype: float64}
# - {name: ATLAS_o, datatype: float64}
# - {name: ukirt_J, datatype: float64}
# - {name: ukirt_H, datatype: float64}
# - {name: ukirt_K, datatype: float64}
# - {name: Clear, datatype: float64}
# meta: !!omap
# - comment: [kappa = 3.0, type = villar, mass = 0.07749594937791414, velocity = 0.5, theta_obs = 0.0]
# schema: astropy-2.0
time swift_uvot_uvw2 swift_uvot_uvm2 swift_uvot_uvw1 swift_uvot_U swift_uvot_B swift_uvot_V swift_uvot_W johnson_U johnson_B johnson_V johnson_R johnson_I sdss_u sdss_g sdss_r sdss_i sdss_z PS1_g PS1_r PS1_i PS1_z PS1_Y PS1_w ATLAS_c ATLAS_o ukirt_J ukirt_H ukirt_K Clear
[from data line 76]
0.009626 -10.99 -11.012 -11.001 -10.892 -10.683 -10.412 -10.878 -10.865 -10.68 -10.402 -10.088 -9.705 -10.872 -10.599 -10.234 -9.939 -9.648 -10.582 -10.254 -9.962 -9.755 -9.692 -10.268 -10.457 -10.112 -9.042 -8.533 -7.933 -10.32
0.009917 -11.022 -11.047 -11.039 -10.936 -10.73 -10.46 -10.917 -10.909 -10.726 -10.451 -10.138 -9.756 -10.916 -10.646 -10.283 -9.99 -9.7 -10.629 -10.303 -10.012 -9.805 -9.742 -10.317 -10.505 -10.162 -9.095 -8.587 -7.988 -10.369
0.010217 -11.053 -11.082 -11.076 -10.979 -10.776 -10.509 -10.956 -10.952 -10.772 -10.499 -10.188 -9.807 -10.959 -10.693 -10.333 -10.04 -9.751 -10.676 -10.352 -10.062 -9.856 -9.792 -10.365 -10.553 -10.211 -9.148 -8.64 -8.042 -10.417
0.010526 -11.083 -11.116 -11.113 -11.022 -10.822 -10.557 -10.994 -10.996 -10.818 -10.548 -10.238 -9.859 -11.003 -10.739 -10.382 -10.091 -9.803 -10.723 -10.401 -10.113 -9.906 -9.841 -10.414 -10.601 -10.261 -9.201 -8.694 -8.096 -10.465
0.010845 -11.114 -11.15 -11.15 -11.065 -10.868 -10.605 -11.032 -11.039 -10.864 -10.596 -10.288 -9.91 -11.046 -10.786 -10.431 -10.141 -9.854 -10.77 -10.45 -10.163 -9.957 -9.891 -10.463 -10.648 -10.311 -9.253 -8.747 -8.149 -10.513
0.011173 -11.144 -11.184 -11.187 -11.108 -10.913 -10.653 -11.07 -11.082 -10.91 -10.644 -10.337 -9.961 -11.089 -10.832 -10.48 -10.191 -9.905 -10.816 -10.499 -10.212 -10.007 -9.941 -10.511 -10.696 -10.36 -9.306 -8.8 -8.203 -10.561
0.011511 -11.173 -11.217 -11.223 -11.15 -10.959 -10.701 -11.108 -11.125 -10.955 -10.692 -10.387 -10.012 -11.132 -10.879 -10.529 -10.241 -9.956 -10.863 -10.547 -10.262 -10.057 -9.99 -10.559 -10.743 -10.41 -9.358 -8.853 -8.257 -10.609
0.011859 -11.203 -11.25 -11.259 -11.192 -11.004 -10.749 -11.145 -11.168 -11.001 -10.739 -10.436 -10.062 -11.175 -10.925 -10.578 -10.292 -10.007 -10.909 -10.596 -10.312 -10.108 -10.039 -10.607 -10.79 -10.459 -9.411 -8.907 -8.311 -10.657
0.012217 -11.232 -11.283 -11.294 -11.234 -11.05 -10.796 -11.182 -11.211 -11.046 -10.787 -10.485 -10.113 -11.217 -10.971 -10.626 -10.341 -10.058 -10.955 -10.644 -10.362 -10.158 -10.089 -10.655 -10.837 -10.508 -9.463 -8.96 -8.365 -10.704
0.012587 -11.26 -11.315 -11.329 -11.276 -11.095 -10.844 -11.219 -11.253 -11.091 -10.835 -10.535 -10.164 -11.259 -11.017 -10.675 -10.391 -10.109 -11.001 -10.692 -10.411 -10.208 -10.138 -10.703 -10.884 -10.557 -9.515 -9.013 -8.418 -10.752
0.012968 -11.288 -11.347 -11.364 -11.318 -11.139 -10.891 -11.256 -11.295 -11.136 -10.882 -10.584 -10.214 -11.301 -11.062 -10.723 -10.441 -10.16 -11.047 -10.74 -10.461 -10.258 -10.187 -10.751 -10.931 -10.606 -9.568 -9.066 -8.472 -10.799
0.01336 -11.316 -11.379 -11.399 -11.359 -11.184 -10.938 -11.293 -11.337 -11.181 -10.929 -10.633 -10.265 -11.343 -11.108 -10.771 -10.491 -10.21 -11.093 -10.789 -10.51 -10.307 -10.236 -10.799 -10.978 -10.655 -9.62 -9.119 -8.525 -10.846
0.013764 -11.344 -11.41 -11.434 -11.4 -11.229 -10.985 -11.329 -11.379 -11.225 -10.976 -10.681 -10.315 -11.385 -11.153 -10.82 -10.54 -10.261 -11.138 -10.836 -10.559 -10.357 -10.285 -10.846 -11.024 -10.704 -9.672 -9.171 -8.579 -10.893
0.01418 -11.371 -11.441 -11.468 -11.441 -11.273 -11.032 -11.365 -11.42 -11.269 -11.023 -10.73 -10.365 -11.426 -11.199 -10.868 -10.59 -10.311 -11.184 -10.884 -10.608 -10.407 -10.334 -10.894 -11.071 -10.752 -9.724 -9.224 -8.632 -10.94
0.014609 -11.398 -11.471 -11.501 -11.482 -11.317 -11.079 -11.401 -11.462 -11.314 -11.07 -10.779 -10.416 -11.468 -11.244 -10.916 -10.639 -10.362 -11.229 -10.932 -10.657 -10.456 -10.383 -10.941 -11.117 -10.801 -9.776 -9.277 -8.686 -10.986
0.015051 -11.424 -11.502 -11.535 -11.522 -11.361 -11.125 -11.436 -11.503 -11.358 -11.117 -10.827 -10.466 -11.509 -11.289 -10.963 -10.688 -10.412 -11.274 -10.979 -10.706 -10.506 -10.432 -10.988 -11.163 -10.849 -9.827 -9.33 -8.739 -11.033
0.015506 -11.45 -11.531 -11.568 -11.562 -11.405 -11.172 -11.471 -11.544 -11.402 -11.163 -10.876 -10.516 -11.549 -11.333 -11.011 -10.738 -10.462 -11.319 -11.027 -10.755 -10.555 -10.481 -11.035 -11.209 -10.897 -9.879 -9.382 -8.793 -11.079
0.015975 -11.475 -11.561 -11.601 -11.602 -11.449 -11.218 -11.507 -11.584 -11.445 -11.21 -10.924 -10.566 -11.59 -11.378 -11.059 -10.787 -10.513 -11.364 -11.074 -10.804 -10.605 -10.53 -11.082 -11.255 -10.945 -9.931 -9.435 -8.846 -11.126
0.016458 -11.501 -11.59 -11.634 -11.642 -11.492 -11.265 -11.541 -11.625 -11.489 -11.256 -10.972 -10.615 -11.63 -11.422 -11.106 -10.836 -10.563 -11.408 -11.121 -10.853 -10.654 -10.579 -11.129 -11.3 -10.993 -9.983 -9.487 -8.899 -11.172
0.016956 -11.526 -11.619 -11.666 -11.682 -11.535 -11.311 -11.576 -11.665 -11.532 -11.302 -11.02 -10.665 -11.67 -11.467 -11.153 -10.885 -10.613 -11.453 -11.169 -10.901 -10.703 -10.627 -11.176 -11.346 -11.041 -10.034 -9.54 -8.952 -11.218
0.017469 -11.55 -11.647 -11.698 -11.721 -11.579 -11.357 -11.61 -11.705 -11.575 -11.348 -11.068 -10.715 -11.71 -11.511 -11.201 -10.933 -10.663 -11.497 -11.216 -10.95 -10.752 -10.676 -11.222 -11.391 -11.089 -10.086 -9.592 -9.005 -11.264
0.017997 -11.574 -11.675 -11.729 -11.76 -11.621 -11.402 -11.644 -11.745 -11.618 -11.394 -11.116 -10.764 -11.75 -11.555 -11.248 -10.982 -10.712 -11.541 -11.262 -10.998 -10.802 -10.725 -11.268 -11.436 -11.137 -10.137 -9.645 -9.059 -11.31
0.018541 -11.598 -11.703 -11.761 -11.799 -11.664 -11.448 -11.678 -11.784 -11.661 -11.44 -11.164 -10.814 -11.79 -11.598 -11.295 -11.031 -10.762 -11.585 -11.309 -11.046 -10.851 -10.773 -11.315 -11.481 -11.184 -10.189 -9.697 -9.112 -11.355
0.019102 -11.621 -11.73 -11.792 -11.838 -11.707 -11.494 -11.712 -11.824 -11.704 -11.485 -11.211 -10.863 -11.829 -11.642 -11.341 -11.079 -10.812 -11.629 -11.356 -11.095 -10.899 -10.822 -11.361 -11.526 -11.232 -10.24 -9.749 -9.165 -11.401
0.01968 -11.644 -11.757 -11.822 -11.876 -11.749 -11.539 -11.745 -11.863 -11.746 -11.531 -11.259 -10.913 -11.868 -11.685 -11.388 -11.127 -10.861 -11.673 -11.402 -11.143 -10.948 -10.87 -11.407 -11.571 -11.279 -10.291 -9.801 -9.218 -11.446
0.020275 -11.666 -11.784 -11.853 -11.915 -11.792 -11.584 -11.779 -11.902 -11.788 -11.576 -11.306 -10.962 -11.907 -11.729 -11.435 -11.176 -10.911 -11.716 -11.449 -11.191 -10.997 -10.918 -11.453 -11.616 -11.327 -10.342 -9.854 -9.27 -11.491
0.020888 -11.688 -11.81 -11.883 -11.952 -11.834 -11.629 -11.811 -11.94 -11.83 -11.621 -11.353 -11.011 -11.945 -11.772 -11.481 -11.224 -10.96 -11.76 -11.495 -11.239 -11.046 -10.967 -11.498 -11.66 -11.374 -10.394 -9.906 -9.323 -11.536
0.02152 -11.71 -11.835 -11.913 -11.99 -11.875 -11.674 -11.844 -11.979 -11.872 -11.666 -11.4 -11.06 -11.984 -11.815 -11.528 -11.272 -11.01 -11.803 -11.541 -11.286 -11.094 -11.015 -11.544 -11.704 -11.421 -10.445 -9.958 -9.376 -11.581
0.022171 -11.731 -11.861 -11.942 -12.028 -11.917 -11.719 -11.877 -12.017 -11.914 -11.711 -11.447 -11.109 -12.022 -11.858 -11.574 -11.32 -11.059 -11.846 -11.587 -11.334 -11.143 -11.063 -11.59 -11.749 -11.468 -10.496 -10.01 -9.429 -11.626
0.022841 -11.752 -11.886 -11.971 -12.065 -11.959 -11.764 -11.909 -12.055 -11.955 -11.756 -11.494 -11.158 -12.059 -11.9 -11.62 -11.368 -11.108 -11.889 -11.633 -11.382 -11.191 -11.111 -11.635 -11.793 -11.514 -10.547 -10.062 -9.482 -11.671
0.023532 -11.772 -11.91 -12.0 -12.102 -12.0 -11.808 -11.941 -12.093 -11.997 -11.8 -11.541 -11.206 -12.097 -11.943 -11.666 -11.415 -11.157 -11.932 -11.679 -11.429 -11.239 -11.159 -11.68 -11.837 -11.561 -10.598 -10.114 -9.534 -11.715
0.024244 -11.793 -11.934 -12.028 -12.139 -12.041 -11.853 -11.972 -12.13 -12.038 -11.845 -11.588 -11.255 -12.134 -11.985 -11.712 -11.463 -11.206 -11.974 -11.724 -11.477 -11.288 -11.207 -11.725 -11.88 -11.608 -10.648 -10.165 -9.587 -11.76
0.024977 -11.812 -11.958 -12.056 -12.175 -12.082 -11.897 -12.004 -12.168 -12.079 -11.889 -11.634 -11.304 -12.172 -12.027 -11.757 -11.511 -11.255 -12.017 -11.77 -11.524 -11.336 -11.255 -11.77 -11.924 -11.654 -10.699 -10.217 -9.64 -11.804
0.025733 -11.831 -11.982 -12.084 -12.211 -12.123 -11.941 -12.035 -12.205 -12.12 -11.933 -11.681 -11.352 -12.209 -12.069 -11.803 -11.558 -11.304 -12.059 -11.815 -11.571 -11.384 -11.303 -11.815 -11.967 -11.7 -10.75 -10.269 -9.692 -11.848
0.026511 -11.85 -12.005 -12.111 -12.247 -12.163 -11.985 -12.066 -12.241 -12.16 -11.977 -11.727 -11.401 -12.245 -12.11 -11.848 -11.605 -11.352 -12.101 -11.861 -11.618 -11.432 -11.351 -11.86 -12.01 -11.747 -10.8 -10.321 -9.745 -11.892
0.027313 -11.868 -12.027 -12.138 -12.283 -12.204 -12.029 -12.097 -12.278 -12.2 -12.021 -11.773 -11.449 -12.282 -12.152 -11.894 -11.653 -11.401 -12.143 -11.906 -11.665 -11.48 -11.398 -11.904 -12.054 -11.793 -10.851 -10.372 -9.797 -11.936
0.028139 -11.886 -12.049 -12.165 -12.319 -12.244 -12.072 -12.127 -12.314 -12.241 -12.065 -11.82 -11.497 -12.318 -12.193 -11.939 -11.7 -11.449 -12.185 -11.951 -11.712 -11.528 -11.446 -11.949 -12.096 -11.839 -10.902 -10.424 -9.85 -11.98
0.02899 -11.904 -12.071 -12.191 -12.354 -12.284 -12.116 -12.158 -12.35 -12.281 -12.108 -11.866 -11.545 -12.354 -12.235 -11.984 -11.747 -11.498 -12.226 -11.996 -11.759 -11.575 -11.494 -11.993 -12.139 -11.884 -10.952 -10.475 -9.902 -12.023
0.029867 -11.921 -12.092 -12.217 -12.389 -12.323 -12.159 -12.188 -12.386 -12.32 -12.152 -11.911 -11.593 -12.389 -12.275 -12.029 -11.794 -11.546 -12.267 -12.04 -11.806 -11.623 -11.541 -12.037 -12.182 -11.93 -11.002 -10.527 -9.955 -12.067
0.03077 -11.937 -12.113 -12.243 -12.423 -12.363 -12.202 -12.218 -12.422 -12.36 -12.195 -11.957 -11.641 -12.425 -12.316 -12.073 -11.84 -11.594 -12.309 -12.085 -11.852 -11.671 -11.589 -12.081 -12.224 -11.976 -11.053 -10.578 -10.007 -12.11
0.031701 -11.953 -12.133 -12.268 -12.458 -12.402 -12.245 -12.247 -12.457 -12.399 -12.238 -12.003 -11.689 -12.46 -12.357 -12.118 -11.887 -11.643 -12.35 -12.129 -11.899 -11.718 -11.636 -12.125 -12.266 -12.021 -11.103 -10.63 -10.059 -12.153
0.032659 -11.969 -12.153 -12.293 -12.492 -12.441 -12.288 -12.276 -12.492 -12.438 -12.281 -12.048 -11.737 -12.495 -12.397 -12.163 -11.934 -11.691 -12.39 -12.174 -11.945 -11.766 -11.683 -12.168 -12.309 -12.066 -11.153 -10.681 -10.112 -12.196
0.033647 -11.984 -12.173 -12.318 -12.526 -12.48 -12.331 -12.305 -12.527 -12.477 -12.323 -12.094 -11.784 -12.529 -12.438 -12.207 -11.98 -11.739 -12.431 -12.218 -11.991 -11.813 -11.731 -12.212 -12.351 -12.112 -11.203 -10.732 -10.164 -12.239
0.034665 -11.999 -12.192 -12.342 -12.559 -12.519 -12.373 -12.334 -12.561 -12.516 -12.366 -12.139 -11.832 -12.564 -12.478 -12.251 -12.026 -11.786 -12.471 -12.262 -12.038 -11.86 -11.778 -12.255 -12.392 -12.157 -11.253 -10.783 -10.216 -12.281
0.035713 -12.013 -12.211 -12.366 -12.593 -12.557 -12.416 -12.363 -12.595 -12.555 -12.408 -12.184 -11.879 -12.598 -12.517 -12.295 -12.073 -11.834 -12.512 -12.306 -12.084 -11.907 -11.825 -12.299 -12.434 -12.202 -11.303 -10.835 -10.268 -12.324
0.036793 -12.027 -12.229 -12.389 -12.626 -12.596 -12.458 -12.391 -12.629 -12.593 -12.451 -12.229 -11.927 -12.631 -12.557 -12.339 -12.119 -11.882 -12.552 -12.35 -12.13 -11.954 -11.872 -12.342 -12.475 -12.246 -11.353 -10.886 -10.32 -12.366
0.037906 -12.041 -12.246 -12.412 -12.659 -12.634 -12.5 -12.419 -12.663 -12.631 -12.493 -12.274 -11.974 -12.665 -12.596 -12.383 -12.165 -11.929 -12.592 -12.393 -12.175 -12.001 -11.919 -12.385 -12.517 -12.291 -11.403 -10.937 -10.372 -12.408
0.039052 -12.054 -12.264 -12.435 -12.691 -12.672 -12.542 -12.447 -12.696 -12.669 -12.535 -12.318 -12.021 -12.698 -12.636 -12.426 -12.211 -11.977 -12.631 -12.437 -12.221 -12.048 -11.966 -12.428 -12.558 -12.336 -11.453 -10.988 -10.424 -12.451
0.040234 -12.066 -12.281 -12.457 -12.723 -12.709 -12.583 -12.475 -12.729 -12.706 -12.576 -12.363 -12.068 -12.731 -12.675 -12.47 -12.256 -12.024 -12.671 -12.48 -12.267 -12.095 -12.013 -12.47 -12.598 -12.38 -11.502 -11.039 -10.476 -12.492
0.04145 -12.078 -12.297 -12.479 -12.755 -12.746 -12.625 -12.502 -12.762 -12.744 -12.618 -12.407 -12.115 -12.764 -12.713 -12.513 -12.302 -12.072 -12.71 -12.523 -12.312 -12.142 -12.06 -12.513 -12.639 -12.424 -11.552 -11.09 -10.528 -12.534
0.042704 -12.089 -12.313 -12.5 -12.787 -12.784 -12.666 -12.529 -12.795 -12.781 -12.659 -12.452 -12.162 -12.796 -12.752 -12.556 -12.348 -12.119 -12.749 -12.566 -12.358 -12.188 -12.106 -12.555 -12.68 -12.468 -11.602 -11.14 -10.58 -12.576
0.043996 -12.1 -12.328 -12.521 -12.818 -12.821 -12.707 -12.556 -12.827 -12.818 -12.701 -12.496 -12.209 -12.828 -12.79 -12.599 -12.393 -12.166 -12.788 -12.609 -12.403 -12.235 -12.153 -12.597 -12.72 -12.512 -11.651 -11.191 -10.632 -12.617
0.045326 -12.111 -12.343 -12.542 -12.849 -12.857 -12.748 -12.582 -12.859 -12.855 -12.742 -12.54 -12.255 -12.86 -12.829 -12.642 -12.438 -12.213 -12.827 -12.652 -12.448 -12.281 -12.2 -12.639 -12.76 -12.556 -11.701 -11.242 -10.684 -12.658
0.046697 -12.121 -12.357 -12.562 -12.879 -12.894 -12.789 -12.609 -12.891 -12.891 -12.782 -12.584 -12.302 -12.891 -12.867 -12.685 -12.483 -12.26 -12.865 -12.695 -12.493 -12.327 -12.246 -12.681 -12.8 -12.6 -11.75 -11.293 -10.736 -12.699
0.048109 -12.13 -12.371 -12.582 -12.91 -12.93 -12.83 -12.635 -12.922 -12.927 -12.823 -12.628 -12.348 -12.922 -12.904 -12.728 -12.528 -12.306 -12.904 -12.737 -12.538 -12.373 -12.292 -12.723 -12.84 -12.643 -11.799 -11.343 -10.787 -12.74
0.049564 -12.139 -12.384 -12.602 -12.94 -12.966 -12.87 -12.661 -12.953 -12.963 -12.864 -12.671 -12.394 -12.953 -12.942 -12.77 -12.573 -12.353 -12.942 -12.779 -12.583 -12.419 -12.339 -12.764 -12.879 -12.687 -11.848 -11.394 -10.839 -12.781
0.051063 -12.148 -12.397 -12.621 -12.969 -13.001 -12.91 -12.686 -12.984 -12.999 -12.904 -12.715 -12.441 -12.984 -12.979 -12.812 -12.618 -12.4 -12.979 -12.822 -12.627 -12.465 -12.385 -12.806 -12.919 -12.73 -11.898 -11.444 -10.891 -12.821
0.052608 -12.156 -12.41 -12.639 -12.999 -13.037 -12.95 -12.711 -13.014 -13.034 -12.944 -12.758 -12.487 -13.014 -13.016 -12.854 -12.663 -12.446 -13.017 -12.863 -12.672 -12.511 -12.431 -12.847 -12.958 -12.773 -11.947 -11.495 -10.942 -12.862
0.054199 -12.164 -12.421 -12.657 -13.028 -13.072 -12.99 -12.736 -13.044 -13.07 -12.984 -12.801 -12.533 -13.044 -13.053 -12.896 -12.707 -12.492 -13.055 -12.905 -12.716 -12.557 -12.477 -12.888 -12.997 -12.816 -11.996 -11.545 -10.994 -12.902
0.055838 -12.171 -12.433 -12.675 -13.056 -13.107 -13.03 -12.761 -13.074 -13.105 -13.024 -12.844 -12.578 -13.074 -13.09 -12.938 -12.751 -12.539 -13.092 -12.947 -12.76 -12.603 -12.523 -12.929 -13.036 -12.859 -12.044 -11.595 -11.045 -12.942
0.057527 -12.177 -12.443 -12.692 -13.085 -13.142 -13.069 -12.786 -13.104 -13.139 -13.063 -12.887 -12.624 -13.103 -13.126 -12.979 -12.796 -12.585 -13.129 -12.988 -12.804 -12.648 -12.569 -12.969 -13.074 -12.902 -12.093 -11.646 -11.097 -12.982
0.059267 -12.183 -12.454 -12.709 -13.113 -13.176 -13.108 -12.81 -13.133 -13.174 -13.102 -12.93 -12.67 -13.132 -13.162 -13.021 -12.84 -12.631 -13.165 -13.03 -12.848 -12.694 -12.615 -13.01 -13.113 -12.944 -12.142 -11.696 -11.148 -13.022
0.061059 -12.188 -12.463 -12.726 -13.141 -13.21 -13.148 -12.834 -13.162 -13.208 -13.142 -12.972 -12.715 -13.16 -13.198 -13.062 -12.884 -12.677 -13.202 -13.071 -12.892 -12.739 -12.661 -13.05 -13.151 -12.986 -12.191 -11.746 -11.199 -13.061
0.062906 -12.193 -12.472 -12.742 -13.168 -13.244 -13.186 -12.858 -13.19 -13.242 -13.181 -13.015 -12.761 -13.189 -13.234 -13.103 -12.928 -12.723 -13.238 -13.112 -12.936 -12.784 -12.706 -13.09 -13.189 -13.029 -12.239 -11.796 -11.251 -13.1
0.064808 -12.198 -12.481 -12.757 -13.195 -13.278 -13.225 -12.881 -13.218 -13.276 -13.219 -13.057 -12.806 -13.216 -13.269 -13.144 -12.971 -12.768 -13.274 -13.153 -12.98 -12.829 -12.752 -13.13 -13.226 -13.071 -12.288 -11.846 -11.302 -13.14
0.066769 -12.201 -12.489 -12.772 -13.221 -13.311 -13.263 -12.904 -13.246 -13.309 -13.258 -13.099 -12.851 -13.244 -13.304 -13.185 -13.015 -12.814 -13.31 -13.193 -13.023 -12.874 -12.797 -13.17 -13.264 -13.112 -12.336 -11.896 -11.353 -13.178
0.068788 -12.205 -12.496 -12.787 -13.248 -13.344 -13.302 -12.927 -13.273 -13.342 -13.296 -13.141 -12.896 -13.271 -13.339 -13.225 -13.058 -12.859 -13.346 -13.234 -13.066 -12.919 -12.843 -13.21 -13.301 -13.154 -12.385 -11.946 -11.404 -13.217
