web/models/kne.last_good/kappa_0.5_3.0.v1/4/villar_0.0079_0.2807_3.0000.dat
# %ECSV 1.0
# ---
# datatype:
# - {name: time, datatype: float64}
# - {name: swift_uvot_uvw2, datatype: float64}
# - {name: swift_uvot_uvm2, datatype: float64}
# - {name: swift_uvot_uvw1, datatype: float64}
# - {name: swift_uvot_U, datatype: float64}
# - {name: swift_uvot_B, datatype: float64}
# - {name: swift_uvot_V, datatype: float64}
# - {name: swift_uvot_W, datatype: float64}
# - {name: johnson_U, datatype: float64}
# - {name: johnson_B, datatype: float64}
# - {name: johnson_V, datatype: float64}
# - {name: johnson_R, datatype: float64}
# - {name: johnson_I, datatype: float64}
# - {name: sdss_u, datatype: float64}
# - {name: sdss_g, datatype: float64}
# - {name: sdss_r, datatype: float64}
# - {name: sdss_i, datatype: float64}
# - {name: sdss_z, datatype: float64}
# - {name: PS1_g, datatype: float64}
# - {name: PS1_r, datatype: float64}
# - {name: PS1_i, datatype: float64}
# - {name: PS1_z, datatype: float64}
# - {name: PS1_Y, datatype: float64}
# - {name: PS1_w, datatype: float64}
# - {name: ATLAS_c, datatype: float64}
# - {name: ATLAS_o, datatype: float64}
# - {name: ukirt_J, datatype: float64}
# - {name: ukirt_H, datatype: float64}
# - {name: ukirt_K, datatype: float64}
# - {name: Clear, datatype: float64}
# meta: !!omap
# - comment: [kappa = 3.0, type = villar, mass = 0.00793700525986525, velocity = 0.2806666666666667, theta_obs = 0.0]
# schema: astropy-2.0
time swift_uvot_uvw2 swift_uvot_uvm2 swift_uvot_uvw1 swift_uvot_U swift_uvot_B swift_uvot_V swift_uvot_W johnson_U johnson_B johnson_V johnson_R johnson_I sdss_u sdss_g sdss_r sdss_i sdss_z PS1_g PS1_r PS1_i PS1_z PS1_Y PS1_w ATLAS_c ATLAS_o ukirt_J ukirt_H ukirt_K Clear
[from data line 148]
0.082253 -10.436 -10.781 -11.182 -11.813 -12.013 -12.048 -11.459 -11.857 -12.012 -12.044 -11.944 -11.746 -11.851 -12.035 -12.006 -11.883 -11.715 -12.052 -12.014 -11.89 -11.767 -11.701 -11.978 -12.034 -11.953 -11.285 -10.87 -10.348 -11.974
0.084741 -10.43 -10.779 -11.188 -11.833 -12.041 -12.082 -11.477 -11.878 -12.04 -12.078 -11.983 -11.788 -11.872 -12.066 -12.043 -11.924 -11.759 -12.084 -12.051 -11.931 -11.81 -11.744 -12.015 -12.067 -11.992 -11.332 -10.919 -10.398 -12.009
0.087304 -10.423 -10.775 -11.194 -11.852 -12.068 -12.116 -11.495 -11.899 -12.068 -12.112 -12.021 -11.831 -11.892 -12.096 -12.08 -11.964 -11.802 -12.114 -12.088 -11.972 -11.853 -11.787 -12.051 -12.1 -12.03 -11.378 -10.968 -10.448 -12.044
0.089944 -10.416 -10.771 -11.199 -11.871 -12.096 -12.15 -11.513 -11.92 -12.095 -12.146 -12.06 -11.873 -11.912 -12.125 -12.117 -12.004 -11.845 -12.145 -12.125 -12.012 -11.895 -11.831 -12.086 -12.133 -12.069 -11.425 -11.016 -10.498 -12.079
0.092665 -10.408 -10.767 -11.204 -11.89 -12.123 -12.183 -11.53 -11.939 -12.122 -12.18 -12.098 -11.915 -11.932 -12.155 -12.153 -12.044 -11.887 -12.175 -12.161 -12.052 -11.937 -11.874 -12.122 -12.166 -12.107 -11.472 -11.065 -10.548 -12.114
0.095467 -10.399 -10.761 -11.208 -11.907 -12.149 -12.216 -11.547 -11.959 -12.149 -12.213 -12.136 -11.957 -11.951 -12.183 -12.189 -12.084 -11.93 -12.205 -12.197 -12.092 -11.979 -11.917 -12.157 -12.198 -12.144 -11.518 -11.113 -10.598 -12.148
0.098355 -10.39 -10.755 -11.211 -11.925 -12.175 -12.249 -11.564 -11.978 -12.175 -12.246 -12.174 -11.999 -11.969 -12.212 -12.225 -12.124 -11.972 -12.234 -12.233 -12.132 -12.021 -11.96 -12.192 -12.23 -12.182 -11.564 -11.161 -10.648 -12.182
0.101329 -10.38 -10.748 -11.214 -11.942 -12.201 -12.282 -11.58 -11.996 -12.201 -12.279 -12.211 -12.041 -11.987 -12.24 -12.261 -12.163 -12.014 -12.264 -12.268 -12.171 -12.062 -12.002 -12.227 -12.261 -12.219 -11.61 -11.209 -10.698 -12.216
0.104394 -10.369 -10.74 -11.216 -11.958 -12.226 -12.314 -11.596 -12.014 -12.226 -12.311 -12.249 -12.082 -12.005 -12.268 -12.296 -12.203 -12.057 -12.292 -12.304 -12.21 -12.104 -12.045 -12.261 -12.292 -12.256 -11.656 -11.257 -10.748 -12.25
0.107551 -10.357 -10.731 -11.218 -11.974 -12.251 -12.346 -11.612 -12.031 -12.251 -12.343 -12.286 -12.124 -12.022 -12.296 -12.331 -12.242 -12.098 -12.321 -12.339 -12.249 -12.145 -12.087 -12.296 -12.323 -12.293 -11.702 -11.305 -10.798 -12.283
0.110804 -10.345 -10.722 -11.219 -11.989 -12.276 -12.377 -11.627 -12.048 -12.276 -12.375 -12.322 -12.165 -12.038 -12.323 -12.366 -12.28 -12.14 -12.349 -12.374 -12.288 -12.186 -12.129 -12.329 -12.353 -12.329 -11.748 -11.353 -10.847 -12.316
0.114155 -10.332 -10.711 -11.219 -12.003 -12.3 -12.408 -11.642 -12.064 -12.3 -12.406 -12.359 -12.206 -12.054 -12.349 -12.4 -12.319 -12.182 -12.377 -12.408 -12.327 -12.227 -12.171 -12.363 -12.384 -12.366 -11.793 -11.401 -10.897 -12.349
0.117608 -10.319 -10.7 -11.219 -12.017 -12.324 -12.439 -11.657 -12.08 -12.324 -12.437 -12.395 -12.246 -12.069 -12.375 -12.435 -12.357 -12.223 -12.404 -12.442 -12.365 -12.268 -12.213 -12.396 -12.413 -12.402 -11.839 -11.449 -10.946 -12.381
0.121165 -10.304 -10.688 -11.217 -12.031 -12.347 -12.47 -11.671 -12.095 -12.347 -12.468 -12.431 -12.287 -12.084 -12.401 -12.468 -12.395 -12.264 -12.431 -12.476 -12.403 -12.308 -12.255 -12.429 -12.443 -12.437 -11.884 -11.496 -10.996 -12.413
0.124829 -10.289 -10.675 -11.215 -12.044 -12.369 -12.5 -11.685 -12.11 -12.37 -12.498 -12.467 -12.327 -12.098 -12.427 -12.502 -12.433 -12.305 -12.457 -12.51 -12.441 -12.349 -12.297 -12.462 -12.472 -12.473 -11.929 -11.544 -11.045 -12.445
0.128605 -10.274 -10.661 -11.213 -12.056 -12.392 -12.53 -11.698 -12.124 -12.392 -12.528 -12.503 -12.367 -12.112 -12.452 -12.535 -12.471 -12.345 -12.483 -12.543 -12.478 -12.389 -12.338 -12.495 -12.501 -12.508 -11.974 -11.591 -11.094 -12.477
0.132494 -10.257 -10.646 -11.21 -12.068 -12.413 -12.559 -11.711 -12.137 -12.414 -12.558 -12.538 -12.407 -12.125 -12.476 -12.568 -12.508 -12.386 -12.509 -12.576 -12.516 -12.429 -12.379 -12.527 -12.529 -12.543 -12.019 -11.639 -11.143 -12.508
0.136502 -10.24 -10.631 -11.205 -12.079 -12.435 -12.588 -11.724 -12.15 -12.436 -12.587 -12.573 -12.447 -12.137 -12.5 -12.601 -12.545 -12.426 -12.534 -12.609 -12.553 -12.468 -12.42 -12.558 -12.557 -12.577 -12.064 -11.686 -11.192 -12.539
0.14063 -10.222 -10.614 -11.201 -12.089 -12.455 -12.617 -11.736 -12.163 -12.456 -12.616 -12.607 -12.486 -12.149 -12.524 -12.633 -12.582 -12.466 -12.559 -12.641 -12.59 -12.508 -12.461 -12.59 -12.584 -12.611 -12.109 -11.733 -11.241 -12.569
0.144883 -10.203 -10.596 -11.195 -12.099 -12.476 -12.645 -11.748 -12.174 -12.477 -12.644 -12.642 -12.525 -12.16 -12.547 -12.665 -12.618 -12.506 -12.584 -12.673 -12.626 -12.547 -12.502 -12.621 -12.612 -12.645 -12.153 -11.78 -11.29 -12.6
0.149265 -10.184 -10.578 -11.189 -12.108 -12.495 -12.673 -11.759 -12.185 -12.497 -12.672 -12.676 -12.564 -12.17 -12.57 -12.696 -12.655 -12.546 -12.608 -12.704 -12.663 -12.586 -12.542 -12.652 -12.638 -12.679 -12.198 -11.826 -11.339 -12.63
0.15378 -10.164 -10.558 -11.182 -12.117 -12.515 -12.7 -11.77 -12.196 -12.516 -12.7 -12.709 -12.603 -12.18 -12.592 -12.728 -12.691 -12.585 -12.631 -12.736 -12.699 -12.625 -12.582 -12.682 -12.665 -12.712 -12.242 -11.873 -11.388 -12.659
0.15843 -10.143 -10.537 -11.174 -12.125 -12.533 -12.727 -11.781 -12.205 -12.535 -12.727 -12.743 -12.641 -12.19 -12.614 -12.759 -12.726 -12.624 -12.654 -12.767 -12.734 -12.663 -12.622 -12.713 -12.691 -12.745 -12.286 -11.92 -11.436 -12.689
0.163222 -10.121 -10.516 -11.165 -12.132 -12.552 -12.754 -11.791 -12.214 -12.553 -12.754 -12.776 -12.68 -12.198 -12.635 -12.789 -12.762 -12.663 -12.677 -12.797 -12.77 -12.701 -12.662 -12.742 -12.716 -12.778 -12.329 -11.966 -11.485 -12.718
0.168159 -10.098 -10.493 -11.155 -12.138 -12.569 -12.78 -11.801 -12.223 -12.571 -12.78 -12.808 -12.717 -12.206 -12.656 -12.819 -12.797 -12.702 -12.699 -12.827 -12.805 -12.739 -12.702 -12.772 -12.741 -12.81 -12.373 -12.012 -11.533 -12.746
0.173245 -10.075 -10.469 -11.145 -12.144 -12.586 -12.806 -11.81 -12.231 -12.588 -12.806 -12.841 -12.755 -12.213 -12.676 -12.849 -12.831 -12.74 -12.72 -12.857 -12.84 -12.777 -12.741 -12.801 -12.766 -12.842 -12.417 -12.059 -11.582 -12.774
0.178484 -10.051 -10.444 -11.134 -12.149 -12.603 -12.831 -11.819 -12.238 -12.605 -12.832 -12.873 -12.793 -12.219 -12.696 -12.878 -12.866 -12.778 -12.741 -12.886 -12.874 -12.815 -12.78 -12.829 -12.79 -12.874 -12.46 -12.105 -11.63 -12.802
0.183882 -10.026 -10.418 -11.122 -12.153 -12.618 -12.856 -11.828 -12.244 -12.621 -12.857 -12.904 -12.83 -12.225 -12.715 -12.907 -12.9 -12.816 -12.762 -12.915 -12.908 -12.852 -12.819 -12.858 -12.814 -12.905 -12.503 -12.15 -11.678 -12.83
0.189444 -10.001 -10.391 -11.109 -12.156 -12.634 -12.88 -11.835 -12.249 -12.636 -12.881 -12.936 -12.867 -12.23 -12.734 -12.936 -12.934 -12.853 -12.782 -12.944 -12.942 -12.889 -12.858 -12.886 -12.837 -12.936 -12.546 -12.196 -11.726 -12.857
0.195173 -9.974 -10.363 -11.095 -12.159 -12.648 -12.904 -11.843 -12.254 -12.651 -12.905 -12.966 -12.903 -12.234 -12.752 -12.964 -12.967 -12.891 -12.801 -12.972 -12.976 -12.925 -12.896 -12.913 -12.859 -12.966 -12.589 -12.242 -11.774 -12.884
0.201076 -9.947 -10.334 -11.08 -12.161 -12.662 -12.927 -11.85 -12.258 -12.665 -12.929 -12.997 -12.939 -12.237 -12.769 -12.991 -13.0 -12.928 -12.82 -13.0 -13.009 -12.962 -12.934 -12.94 -12.882 -12.996 -12.631 -12.287 -11.822 -12.91
0.207158 -9.919 -10.303 -11.064 -12.162 -12.676 -12.95 -11.856 -12.261 -12.679 -12.952 -13.027 -12.975 -12.24 -12.786 -13.019 -13.033 -12.964 -12.839 -13.027 -13.042 -12.998 -12.972 -12.967 -12.903 -13.026 -12.673 -12.333 -11.869 -12.936
0.213423 -9.891 -10.271 -11.047 -12.162 -12.688 -12.972 -11.862 -12.264 -12.692 -12.975 -13.057 -13.011 -12.242 -12.803 -13.045 -13.065 -13.001 -12.856 -13.054 -13.074 -13.033 -13.01 -12.993 -12.925 -13.055 -12.715 -12.378 -11.917 -12.961
0.219878 -9.861 -10.238 -11.03 -12.161 -12.7 -12.994 -11.867 -12.265 -12.704 -12.997 -13.086 -13.046 -12.242 -12.818 -13.072 -13.097 -13.037 -12.874 -13.081 -13.106 -13.069 -13.047 -13.019 -12.945 -13.084 -12.757 -12.423 -11.964 -12.986
0.226528 -9.831 -10.203 -11.011 -12.16 -12.712 -13.015 -11.872 -12.266 -12.716 -13.018 -13.115 -13.081 -12.242 -12.833 -13.097 -13.129 -13.073 -12.89 -13.106 -13.138 -13.104 -13.084 -13.044 -12.965 -13.113 -12.799 -12.467 -12.012 -13.011
0.233379 -9.801 -10.168 -10.991 -12.157 -12.722 -13.035 -11.877 -12.266 -12.727 -13.039 -13.144 -13.116 -12.241 -12.848 -13.123 -13.16 -13.108 -12.906 -13.132 -13.17 -13.139 -13.121 -13.069 -12.985 -13.141 -12.841 -12.512 -12.059 -13.035
0.240437 -9.769 -10.13 -10.97 -12.154 -12.732 -13.055 -11.88 -12.265 -12.737 -13.059 -13.172 -13.15 -12.24 -12.861 -13.148 -13.191 -13.143 -12.921 -13.157 -13.2 -13.173 -13.157 -13.094 -13.004 -13.168 -12.882 -12.556 -12.106 -13.059
0.247709 -9.737 -10.092 -10.949 -12.15 -12.741 -13.075 -11.884 -12.263 -12.746 -13.079 -13.199 -13.184 -12.237 -12.874 -13.172 -13.221 -13.178 -12.936 -13.181 -13.231 -13.207 -13.193 -13.117 -13.022 -13.195 -12.923 -12.601 -12.153 -13.082
0.255201 -9.704 -10.052 -10.926 -12.144 -12.749 -13.094 -11.886 -12.26 -12.755 -13.098 -13.226 -13.218 -12.233 -12.887 -13.196 -13.251 -13.213 -12.95 -13.205 -13.261 -13.241 -13.229 -13.141 -13.04 -13.222 -12.963 -12.645 -12.199 -13.105
0.262919 -9.67 -10.011 -10.902 -12.138 -12.757 -13.112 -11.888 -12.256 -12.762 -13.117 -13.253 -13.251 -12.229 -12.898 -13.219 -13.281 -13.247 -12.963 -13.229 -13.291 -13.274 -13.265 -13.164 -13.057 -13.248 -13.004 -12.689 -12.246 -13.127
0.270871 -9.635 -9.968 -10.876 -12.131 -12.764 -13.129 -11.889 -12.251 -12.769 -13.135 -13.279 -13.284 -12.223 -12.909 -13.242 -13.31 -13.28 -12.976 -13.251 -13.32 -13.307 -13.3 -13.186 -13.073 -13.274 -13.044 -12.732 -12.293 -13.149
0.279064 -9.6 -9.923 -10.85 -12.122 -12.77 -13.146 -11.89 -12.245 -12.776 -13.152 -13.305 -13.316 -12.216 -12.919 -13.264 -13.338 -13.314 -12.988 -13.274 -13.349 -13.34 -13.335 -13.208 -13.089 -13.299 -13.084 -12.776 -12.339 -13.17
0.287504 -9.565 -9.877 -10.823 -12.113 -12.775 -13.162 -11.89 -12.238 -12.781 -13.168 -13.33 -13.348 -12.208 -12.928 -13.285 -13.367 -13.347 -12.999 -13.295 -13.377 -13.372 -13.369 -13.229 -13.104 -13.323 -13.124 -12.819 -12.385 -13.191
0.296199 -9.528 -9.83 -10.794 -12.102 -12.779 -13.178 -11.889 -12.23 -12.785 -13.184 -13.354 -13.38 -12.2 -12.937 -13.306 -13.394 -13.379 -13.009 -13.316 -13.405 -13.404 -13.404 -13.25 -13.119 -13.347 -13.163 -12.862 -12.431 -13.211
0.305157 -9.492 -9.78 -10.764 -12.09 -12.782 -13.193 -11.888 -12.221 -12.789 -13.199 -13.378 -13.411 -12.19 -12.945 -13.326 -13.421 -13.411 -13.019 -13.337 -13.432 -13.435 -13.437 -13.27 -13.133 -13.371 -13.202 -12.905 -12.477 -13.231
0.314387 -9.454 -9.729 -10.733 -12.078 -12.784 -13.207 -11.886 -12.211 -12.792 -13.214 -13.402 -13.442 -12.178 -12.951 -13.346 -13.448 -13.443 -13.028 -13.357 -13.459 -13.466 -13.471 -13.29 -13.146 -13.394 -13.241 -12.948 -12.522 -13.25
0.323895 -9.416 -9.677 -10.7 -12.064 -12.786 -13.22 -11.883 -12.2 -12.793 -13.227 -13.425 -13.472 -12.166 -12.957 -13.365 -13.474 -13.474 -13.036 -13.376 -13.485 -13.496 -13.504 -13.309 -13.158 -13.416 -13.28 -12.99 -12.568 -13.269
0.333691 -9.378 -9.622 -10.666 -12.048 -12.786 -13.232 -11.88 -12.187 -12.794 -13.24 -13.447 -13.502 -12.153 -12.962 -13.383 -13.499 -13.505 -13.043 -13.394 -13.511 -13.526 -13.536 -13.327 -13.169 -13.438 -13.318 -13.032 -12.613 -13.287
0.343783 -9.339 -9.566 -10.631 -12.032 -12.785 -13.244 -11.875 -12.173 -12.794 -13.252 -13.468 -13.531 -12.138 -12.966 -13.401 -13.524 -13.535 -13.049 -13.412 -13.536 -13.556 -13.569 -13.345 -13.18 -13.459 -13.356 -13.074 -12.658 -13.304
0.354181 -9.3 -9.508 -10.594 -12.014 -12.784 -13.255 -11.87 -12.158 -12.793 -13.264 -13.489 -13.56 -12.122 -12.97 -13.417 -13.549 -13.565 -13.054 -13.429 -13.56 -13.585 -13.6 -13.362 -13.19 -13.479 -13.393 -13.116 -12.703 -13.321
0.364893 -9.26 -9.447 -10.556 -11.994 -12.781 -13.265 -11.864 -12.142 -12.79 -13.274 -13.51 -13.589 -12.104 -12.972 -13.434 -13.572 -13.594 -13.058 -13.445 -13.584 -13.613 -13.631 -13.378 -13.199 -13.499 -13.43 -13.157 -12.748 -13.337
0.375929 -9.22 -9.385 -10.517 -11.974 -12.777 -13.274 -11.858 -12.124 -12.787 -13.283 -13.529 -13.616 -12.086 -12.973 -13.449 -13.595 -13.623 -13.062 -13.461 -13.608 -13.641 -13.662 -13.394 -13.207 -13.518 -13.467 -13.198 -12.792 -13.352
0.387298 -9.18 -9.321 -10.476 -11.952 -12.772 -13.282 -11.85 -12.105 -12.782 -13.292 -13.548 -13.644 -12.065 -12.973 -13.463 -13.618 -13.651 -13.064 -13.476 -13.63 -13.668 -13.693 -13.408 -13.214 -13.536 -13.503 -13.239 -12.836 -13.367
0.399012 -9.14 -9.255 -10.433 -11.928 -12.766 -13.289 -11.841 -12.085 -12.776 -13.3 -13.566 -13.67 -12.044 -12.972 -13.477 -13.64 -13.679 -13.066 -13.49 -13.652 -13.695 -13.722 -13.422 -13.221 -13.554 -13.539 -13.279 -12.88 -13.38
0.41108 -9.099 -9.186 -10.389 -11.903 -12.758 -13.295 -11.832 -12.063 -12.769 -13.306 -13.584 -13.696 -12.02 -12.97 -13.49 -13.661 -13.706 -13.066 -13.503 -13.674 -13.721 -13.752 -13.436 -13.226 -13.57 -13.575 -13.319 -12.924 -13.394
0.423513 -9.059 -9.115 -10.343 -11.876 -12.749 -13.3 -11.821 -12.039 -12.761 -13.312 -13.6 -13.722 -11.996 -12.966 -13.502 -13.681 -13.732 -13.065 -13.515 -13.694 -13.747 -13.78 -13.448 -13.23 -13.586 -13.61 -13.359 -12.967 -13.406
0.436321 -9.019 -9.042 -10.295 -11.848 -12.739 -13.304 -11.81 -12.014 -12.751 -13.317 -13.616 -13.746 -11.969 -12.962 -13.513 -13.7 -13.758 -13.063 -13.526 -13.714 -13.772 -13.808 -13.46 -13.234 -13.601 -13.645 -13.399 -13.011 -13.418
0.449518 -8.978 -8.966 -10.245 -11.818 -12.728 -13.307 -11.797 -11.987 -12.741 -13.32 -13.631 -13.771 -11.941 -12.956 -13.523 -13.719 -13.783 -13.06 -13.537 -13.733 -13.796 -13.836 -13.47 -13.236 -13.616 -13.679 -13.438 -13.054 -13.429
0.463113 -8.938 -8.888 -10.194 -11.786 -12.715 -13.309 -11.784 -11.959 -12.728 -13.322 -13.645 -13.794 -11.911 -12.949 -13.532 -13.737 -13.808 -13.055 -13.546 -13.751 -13.82 -13.863 -13.48 -13.237 -13.629 -13.713 -13.476 -13.096 -13.439
0.47712 -8.899 -8.807 -10.141 -11.752 -12.701 -13.309 -11.769 -11.928 -12.714 -13.324 -13.659 -13.817 -11.88 -12.941 -13.54 -13.754 -13.832 -13.05 -13.554 -13.769 -13.843 -13.889 -13.489 -13.237 -13.642 -13.746 -13.515 -13.139 -13.448
0.49155 -8.86 -8.723 -10.086 -11.716 -12.685 -13.309 -11.753 -11.896 -12.699 -13.324 -13.671 -13.839 -11.846 -12.931 -13.546 -13.77 -13.855 -13.043 -13.562 -13.785 -13.865 -13.915 -13.497 -13.235 -13.653 -13.779 -13.553 -13.181 -13.456
0.506416 -8.821 -8.637 -10.029 -11.679 -12.667 -13.307 -11.736 -11.862 -12.682 -13.322 -13.682 -13.86 -11.811 -12.919 -13.552 -13.786 -13.877 -13.035 -13.568 -13.801 -13.886 -13.94 -13.504 -13.233 -13.664 -13.812 -13.59 -13.223 -13.463
0.521733 -8.783 -8.548 -9.97 -11.639 -12.648 -13.303 -11.717 -11.826 -12.664 -13.32 -13.692 -13.88 -11.773 -12.907 -13.557 -13.8 -13.899 -13.025 -13.573 -13.816 -13.906 -13.964 -13.51 -13.229 -13.673 -13.843 -13.628 -13.264 -13.469
0.537512 -8.745 -8.456 -9.909 -11.597 -12.627 -13.299 -11.697 -11.788 -12.644 -13.316 -13.701 -13.9 -11.733 -12.892 -13.56 -13.814 -13.92 -13.014 -13.577 -13.829 -13.926 -13.988 -13.514 -13.224 -13.681 -13.874 -13.664 -13.305 -13.475
0.553769 -8.709 -8.36 -9.845 -11.553 -12.605 -13.293 -11.676 -11.748 -12.622 -13.311 -13.71 -13.918 -11.692 -12.876 -13.562 -13.826 -13.939 -13.001 -13.579 -13.842 -13.945 -14.011 -13.518 -13.217 -13.689 -13.905 -13.701 -13.346 -13.479
0.570517 -8.673 -8.262 -9.779 -11.507 -12.58 -13.285 -11.654 -11.705 -12.598 -13.304 -13.716 -13.936 -11.648 -12.859 -13.563 -13.837 -13.958 -12.987 -13.581 -13.854 -13.963 -14.033 -13.52 -13.209 -13.695 -13.935 -13.736 -13.386 -13.482
0.587772 -8.639 -8.16 -9.711 -11.458 -12.554 -13.276 -11.63 -11.66 -12.572 -13.295 -13.722 -13.953 -11.601 -12.839 -13.563 -13.847 -13.976 -12.971 -13.581 -13.864 -13.98 -14.054 -13.522 -13.2 -13.7 -13.964 -13.772 -13.426 -13.484
