web/models/kne.last_good/kappa_0.5_3.0.v1/4/villar_0.0010_0.4687_0.5000.dat
# %ECSV 1.0
# ---
# datatype:
# - {name: time, datatype: float64}
# - {name: swift_uvot_uvw2, datatype: float64}
# - {name: swift_uvot_uvm2, datatype: float64}
# - {name: swift_uvot_uvw1, datatype: float64}
# - {name: swift_uvot_U, datatype: float64}
# - {name: swift_uvot_B, datatype: float64}
# - {name: swift_uvot_V, datatype: float64}
# - {name: swift_uvot_W, datatype: float64}
# - {name: johnson_U, datatype: float64}
# - {name: johnson_B, datatype: float64}
# - {name: johnson_V, datatype: float64}
# - {name: johnson_R, datatype: float64}
# - {name: johnson_I, datatype: float64}
# - {name: sdss_u, datatype: float64}
# - {name: sdss_g, datatype: float64}
# - {name: sdss_r, datatype: float64}
# - {name: sdss_i, datatype: float64}
# - {name: sdss_z, datatype: float64}
# - {name: PS1_g, datatype: float64}
# - {name: PS1_r, datatype: float64}
# - {name: PS1_i, datatype: float64}
# - {name: PS1_z, datatype: float64}
# - {name: PS1_Y, datatype: float64}
# - {name: PS1_w, datatype: float64}
# - {name: ATLAS_c, datatype: float64}
# - {name: ATLAS_o, datatype: float64}
# - {name: ukirt_J, datatype: float64}
# - {name: ukirt_H, datatype: float64}
# - {name: ukirt_K, datatype: float64}
# - {name: Clear, datatype: float64}
# meta: !!omap
# - comment: [kappa = 0.5, type = villar, mass = 0.001, velocity = 0.4686666666666667, theta_obs = 0.0]
# schema: astropy-2.0
time swift_uvot_uvw2 swift_uvot_uvm2 swift_uvot_uvw1 swift_uvot_U swift_uvot_B swift_uvot_V swift_uvot_W johnson_U johnson_B johnson_V johnson_R johnson_I sdss_u sdss_g sdss_r sdss_i sdss_z PS1_g PS1_r PS1_i PS1_z PS1_Y PS1_w ATLAS_c ATLAS_o ukirt_J ukirt_H ukirt_K Clear
[from data line 219]
0.682197 6.162 11.378 34.613 45.179 33.35 25.362 8.431 43.136 31.065 23.313 14.957 9.97 44.45 29.295 20.447 14.928 10.462 4.897 5.101 5.08 4.665 2.919 16.166 22.717 15.9 4.736 1.235 -1.391 3.133
0.70283 6.82 12.035 35.27 45.836 34.008 26.019 9.088 43.793 31.722 23.97 15.614 10.627 45.107 29.953 21.105 15.585 11.119 5.554 5.759 5.737 5.322 3.576 16.823 23.374 16.558 5.393 1.892 -0.734 3.79
0.724086 7.517 12.733 35.968 46.534 34.705 26.717 9.786 44.491 32.419 24.668 16.312 11.325 45.805 30.65 21.802 16.283 11.817 6.252 6.456 6.435 6.02 4.274 17.521 24.072 17.255 6.091 2.59 -0.036 4.488
0.745986 8.258 13.473 36.708 47.274 35.446 27.457 10.526 45.231 33.16 25.409 17.052 12.065 46.545 31.391 22.543 17.023 12.558 6.992 7.197 7.175 6.76 5.014 18.261 24.813 17.996 6.831 3.33 0.705 5.228
0.768548 9.044 14.259 37.494 48.06 36.232 28.243 11.312 46.017 33.946 26.195 17.838 12.851 47.331 32.177 23.329 17.809 13.343 7.778 7.983 7.961 7.546 5.8 19.047 25.599 18.782 7.617 4.116 1.491 6.014
0.791792 9.878 15.094 38.328 48.895 37.066 29.078 12.146 46.851 34.78 27.029 18.672 13.685 48.165 33.011 24.163 18.643 14.178 8.612 8.817 8.796 8.38 6.634 19.881 26.433 19.616 8.451 4.951 2.325 6.848
0.815739 10.763 15.979 39.214 49.78 37.951 29.963 13.032 47.737 35.666 27.914 19.558 14.571 49.051 33.896 25.049 19.529 15.063 9.498 9.703 9.681 9.266 7.52 20.767 27.318 20.501 9.337 5.836 3.21 7.734
0.840411 11.703 16.919 40.154 50.72 38.891 30.903 13.972 48.677 36.605 28.854 20.498 15.511 49.991 34.836 25.988 20.469 16.003 10.438 10.642 10.621 10.206 8.46 21.707 28.258 21.441 10.277 6.776 4.15 8.674
0.865828 12.701 17.916 41.151 51.717 39.889 31.9 14.969 49.674 37.603 29.852 21.495 16.508 50.988 35.834 26.986 21.466 17.001 11.435 11.64 11.618 11.203 9.457 22.704 29.256 22.439 11.274 7.773 5.148 9.671
0.892015 13.76 18.975 42.21 52.776 40.948 32.959 16.028 50.733 38.662 30.91 22.554 17.567 52.047 36.893 28.045 22.525 18.059 12.494 12.699 12.677 12.262 10.516 23.763 30.314 23.498 12.333 8.832 6.206 10.73
0.918993 14.883 20.099 43.334 53.9 42.071 34.083 17.152 51.857 39.786 32.034 23.678 18.691 53.171 38.016 29.169 23.649 19.183 13.618 13.822 13.801 13.386 11.64 24.887 31.438 24.621 13.457 9.956 7.33 11.854
0.946787 16.076 21.292 44.527 55.093 43.264 35.276 18.345 53.05 40.978 33.227 24.871 19.884 54.364 39.209 30.361 24.842 20.376 14.811 15.015 14.994 14.578 12.833 26.08 32.631 25.814 14.649 11.149 8.523 13.047
0.975422 17.342 22.558 45.793 56.359 44.53 36.542 19.611 54.316 42.244 34.493 26.137 21.15 55.63 40.475 31.627 26.108 21.642 16.077 16.281 16.26 15.845 14.099 27.346 33.897 27.08 15.915 12.415 9.789 14.313
1.004923 18.686 23.902 47.136 57.703 45.874 37.886 20.954 55.659 43.588 35.837 27.48 22.493 56.973 41.819 32.971 27.451 22.986 17.42 17.625 17.604 17.188 15.442 28.689 35.241 28.424 17.259 13.759 11.133 15.656
1.035317 20.112 25.328 48.563 59.129 47.3 39.312 22.381 57.086 45.015 37.263 28.907 23.92 58.4 43.245 34.397 28.878 24.412 18.847 19.051 19.03 18.615 16.869 30.116 36.667 29.85 18.686 15.185 12.559 17.083
1.066629 21.626 26.842 50.077 60.643 48.814 40.826 23.895 58.6 46.528 38.777 30.421 25.434 59.914 44.759 35.911 30.392 25.926 20.361 20.565 20.544 20.128 18.383 31.63 38.181 31.364 20.199 16.699 14.073 18.597
1.098888 23.233 28.449 51.683 62.25 50.421 42.433 25.501 60.206 48.135 40.384 32.027 27.04 61.52 46.366 37.518 31.998 27.533 21.967 22.172 22.151 21.735 19.989 33.236 39.788 32.971 21.806 18.306 15.68 20.204
1.132124 24.938 30.154 53.389 63.955 52.126 44.138 27.207 61.912 49.841 42.089 33.733 28.746 63.226 48.071 39.224 33.704 29.238 23.673 23.878 23.856 23.441 21.695 34.942 41.493 34.677 23.512 20.011 17.385 21.909
1.166364 26.749 31.964 55.199 65.765 53.937 45.948 29.017 63.722 51.651 43.9 35.543 30.556 65.036 49.882 41.034 35.514 31.049 25.483 25.688 25.666 25.251 23.505 36.752 43.304 36.487 25.322 21.821 19.196 23.719
1.20164 28.67 33.886 57.121 67.687 55.858 47.87 30.938 65.644 53.572 45.821 37.464 32.478 66.958 51.803 42.955 37.435 32.97 27.404 27.609 27.588 27.172 25.427 38.673 45.225 38.408 27.243 23.743 21.117 25.641
1.237983 30.709 35.925 59.16 69.726 57.897 49.909 32.978 67.683 55.612 47.86 39.504 34.517 68.997 53.842 44.995 39.475 35.009 29.444 29.649 29.627 29.212 27.466 40.713 47.264 40.448 29.283 25.782 23.156 27.68
1.275425 32.874 38.09 61.325 71.891 60.062 52.074 35.142 69.847 57.776 50.025 41.668 36.682 71.161 56.007 47.159 41.639 37.174 31.608 31.813 31.792 31.376 29.63 42.877 49.429 42.612 31.447 27.947 25.321 29.845
1.313999 35.172 40.387 63.622 74.188 62.36 54.371 37.44 72.145 60.074 52.322 43.966 38.979 73.459 58.305 49.457 43.937 39.471 33.906 34.111 34.089 33.674 31.928 45.175 51.726 44.91 33.745 30.244 27.618 32.142
1.35374 37.61 42.826 66.061 76.627 64.798 56.81 39.878 74.584 62.512 54.761 46.404 41.418 75.898 60.743 51.895 46.375 41.91 36.344 36.549 36.528 36.112 34.367 47.613 54.165 47.348 36.183 32.683 30.057 34.581
1.394683 40.198 45.414 68.649 79.215 67.386 59.398 42.467 77.172 65.101 57.349 48.993 44.006 78.486 63.331 54.484 48.964 44.498 38.933 39.138 39.116 38.701 36.955 50.202 56.753 49.937 38.772 35.271 32.645 37.169
1.436864 42.946 48.161 71.396 81.962 70.134 62.145 45.214 79.919 67.848 60.097 51.74 46.753 81.233 66.079 57.231 51.711 47.245 41.68 41.885 41.863 41.448 39.702 52.949 59.501 52.684 41.519 38.018 35.392 39.916
1.480321 45.862 51.077 74.312 84.878 73.05 65.061 48.13 82.835 70.764 63.013 54.656 49.669 84.149 68.995 60.147 54.627 50.161 44.596 44.801 44.779 44.364 42.618 55.865 62.416 55.6 44.435 40.934 38.308 42.832
1.525092 48.957 54.172 77.407 87.973 76.145 68.156 51.225 85.93 73.859 66.107 57.751 52.764 87.244 72.09 63.242 57.722 53.256 47.691 47.896 47.874 47.459 45.713 58.96 65.511 58.695 47.53 44.029 41.403 45.927
1.571218 52.242 57.457 80.692 91.258 79.43 71.441 54.51 89.215 77.144 69.392 61.036 56.049 90.529 75.375 66.527 61.007 56.541 50.976 51.181 51.159 50.744 48.998 62.245 68.796 61.98 50.815 47.314 44.688 49.212
1.618738 55.728 60.944 84.179 94.745 82.916 74.928 57.997 92.702 80.631 72.879 64.523 59.536 94.016 78.861 70.013 64.494 60.028 54.463 54.667 54.646 54.231 52.485 65.732 72.283 65.466 54.302 50.801 48.175 52.699
1.667696 59.429 64.645 87.88 98.446 86.617 78.629 61.697 96.403 84.331 76.58 68.223 63.237 97.717 82.562 73.714 68.195 63.729 58.163 58.368 58.347 57.931 56.186 69.432 75.984 69.167 58.002 54.502 51.876 56.4
1.718134 63.357 68.573 91.808 102.374 90.545 82.557 65.626 100.331 88.259 80.508 72.152 67.165 101.645 86.49 77.642 72.123 67.657 62.092 62.296 62.275 61.86 60.114 73.361 79.912 73.095 61.93 58.43 55.804 60.328
1.770098 67.526 72.742 95.977 106.543 94.714 86.726 69.795 104.5 92.429 84.677 76.321 71.334 105.814 90.659 81.812 76.292 71.826 66.261 66.466 66.444 66.029 64.283 77.53 84.081 77.265 66.1 62.599 59.973 64.497
1.823633 71.952 77.167 100.402 110.968 99.14 91.151 74.22 108.925 96.854 89.103 80.746 75.759 110.239 95.085 86.237 80.717 76.252 70.686 70.891 70.869 70.454 68.708 81.955 88.507 81.69 70.525 67.024 64.399 68.922
1.878788 76.649 81.864 105.099 115.665 103.837 95.848 78.917 113.622 101.551 93.8 85.443 80.456 114.936 99.782 90.934 85.414 80.949 75.383 75.588 75.566 75.151 73.405 86.652 93.204 86.387 75.222 71.721 69.096 73.619
1.93561 81.634 86.85 110.085 120.651 108.822 100.834 83.902 118.608 106.536 98.785 90.428 85.442 119.922 104.767 95.919 90.4 85.934 80.368 80.573 80.552 80.136 78.391 91.637 98.189 91.372 80.207 76.707 74.081 78.605
1.994152 86.926 92.141 115.376 125.942 114.114 106.125 89.194 123.899 111.828 104.077 95.72 90.733 125.213 110.059 101.211 95.691 91.225 85.66 85.865 85.843 85.428 83.682 96.929 103.481 96.664 85.499 81.998 79.372 83.896
2.054463 92.542 97.758 120.993 131.559 119.73 111.742 94.81 129.516 117.444 109.693 101.336 96.35 130.83 115.675 106.827 101.307 96.842 91.276 91.481 91.46 91.044 89.299 102.545 109.097 102.28 91.115 87.615 84.989 89.513
2.116599 98.503 103.719 126.954 137.52 125.691 117.703 100.772 135.477 123.406 115.654 107.298 102.311 136.791 121.636 112.789 107.269 102.803 97.238 97.443 97.421 97.006 95.26 108.507 115.058 108.242 97.077 93.576 90.95 95.474
2.180614 104.831 110.046 133.281 143.847 132.019 124.03 107.099 141.804 129.733 121.982 113.625 108.638 143.118 127.964 119.116 113.596 109.131 103.565 103.77 103.748 103.333 101.587 114.834 121.386 114.569 103.404 99.903 97.278 101.801
2.246566 111.547 116.762 139.997 150.563 138.735 130.746 113.815 148.52 136.449 128.698 120.341 115.354 149.834 134.68 125.832 120.312 115.846 110.281 110.486 110.464 110.049 108.303 121.55 128.102 121.285 110.12 106.619 103.993 108.517
2.314511 118.675 123.891 147.125 157.691 145.863 137.875 120.943 155.648 143.577 135.826 127.469 122.482 156.962 141.808 132.96 127.44 122.975 117.409 117.614 117.593 117.177 115.431 128.678 135.23 128.413 117.248 113.748 111.122 115.645
2.384512 126.241 131.456 154.691 165.257 153.429 145.441 128.509 163.214 151.143 143.392 135.035 130.048 164.528 149.374 140.526 135.006 130.541 124.975 125.18 125.158 124.743 122.997 136.244 142.796 135.979 124.814 121.314 118.688 123.211
2.45663 134.271 139.487 162.722 173.288 161.459 153.471 136.54 171.245 159.174 151.422 143.066 138.079 172.559 157.404 148.557 143.037 138.571 133.006 133.211 133.189 132.774 131.028 144.275 150.826 144.009 132.845 129.344 126.718 131.242
2.530929 142.795 148.011 171.246 181.812 169.983 161.995 145.063 179.768 167.697 159.946 151.589 146.602 181.082 165.928 157.08 151.56 147.095 141.529 141.734 141.713 141.297 139.551 152.798 159.35 152.533 141.368 137.868 135.242 139.766
2.607475 151.842 157.058 180.293 190.859 179.03 171.042 154.11 188.815 176.744 168.993 160.636 155.65 190.129 174.975 166.127 160.607 156.142 150.576 150.781 150.76 150.344 148.598 161.845 168.397 161.58 150.415 146.915 144.289 148.813
2.686337 161.445 166.66 189.895 200.461 188.633 180.644 163.713 198.418 186.347 178.595 170.239 165.252 199.732 184.578 175.73 170.21 165.744 160.179 160.384 160.362 159.947 158.201 171.448 177.999 171.183 160.018 156.517 153.891 158.415
2.767583 171.637 176.852 200.087 210.653 198.825 190.836 173.905 208.61 196.539 188.788 180.431 175.444 209.924 194.77 185.922 180.402 175.937 170.371 170.576 170.554 170.139 168.393 181.64 188.192 181.375 170.21 166.709 164.084 168.607
2.851287 182.455 187.67 210.905 221.471 209.643 201.654 184.723 219.428 207.357 199.606 191.249 186.262 220.742 205.588 196.74 191.22 186.754 181.189 181.394 181.372 180.957 179.211 192.458 199.01 192.193 181.028 177.527 174.902 179.425
2.937522 193.937 199.153 222.387 232.954 221.125 213.137 196.205 230.91 218.839 211.088 202.731 197.744 232.224 217.07 208.222 202.702 198.237 192.671 192.876 192.855 192.439 190.693 203.94 210.492 203.675 192.51 189.01 186.384 190.907
3.026365 206.124 211.34 234.575 245.141 233.312 225.324 208.393 243.098 231.027 223.275 214.919 209.932 244.412 229.257 220.409 214.89 210.424 204.859 205.063 205.042 204.627 202.881 216.128 222.679 215.862 204.698 201.197 198.571 203.095
3.117896 219.06 224.276 247.51 258.076 246.248 238.26 221.328 256.033 243.962 236.211 227.854 222.867 257.347 242.193 233.345 227.825 223.36 217.794 217.999 217.978 217.562 215.816 229.063 235.615 228.798 217.633 214.133 211.507 216.03
3.212194 232.79 238.005 261.24 271.806 259.978 251.99 235.058 269.763 257.692 249.941 241.584 236.597 271.077 255.923 247.075 241.555 237.09 231.524 231.729 231.707 231.292 229.546 242.793 249.345 242.528 231.363 227.862 225.237 229.76
3.309345 247.363 252.578 275.813 286.379 274.551 266.563 249.631 284.336 272.265 264.514 256.157 251.17 285.65 270.496 261.648 256.128 251.663 246.097 246.302 246.28 245.865 244.119 257.366 263.918 257.101 245.936 242.435 239.81 244.333
3.409434 262.831 268.046 291.281 301.847 290.019 282.03 265.099 299.804 287.733 279.982 271.625 266.638 301.118 285.964 277.116 271.596 267.13 261.565 261.77 261.748 261.333 259.587 272.834 279.386 272.569 261.404 257.903 255.277 259.801
3.51255 279.248 284.464 307.699 318.265 306.436 298.448 281.517 316.222 304.151 296.399 288.043 283.056 317.536 302.381 293.533 288.014 283.548 277.983 278.187 278.166 277.751 276.005 289.252 295.803 288.986 277.822 274.321 271.695 276.219
3.618785 296.674 301.89 325.124 335.691 323.862 315.874 298.942 333.647 321.576 313.825 305.468 300.481 334.961 319.807 310.959 305.439 300.974 295.408 295.613 295.592 295.176 293.43 306.677 313.229 306.412 295.247 291.747 289.121 293.644
3.728232 315.17 320.385 343.62 354.186 342.358 334.369 317.438 352.143 340.072 332.321 323.964 318.977 353.457 338.303 329.455 323.935 319.469 313.904 314.109 314.087 313.672 311.926 325.173 331.725 324.908 313.743 310.242 307.616 312.14
3.84099 334.801 340.017 363.252 373.818 361.989 354.001 337.069 371.774 359.703 351.952 343.595 338.609 373.088 357.934 349.086 343.566 339.101 333.535 333.74 333.719 333.303 331.557 344.804 351.356 344.539 333.374 329.874 327.248 331.772
3.957158 355.638 360.853 384.088 394.654 382.826 374.838 357.906 392.611 380.54 372.789 364.432 359.445 393.925 378.771 369.923 364.403 359.938 354.372 354.577 354.555 354.14 352.394 365.641 372.193 365.376 354.211 350.711 348.085 352.608
4.07684 377.754 382.97 406.205 416.771 404.942 396.954 380.023 414.728 402.656 394.905 386.549 381.562 416.042 400.887 392.039 386.52 382.054 376.489 376.693 376.672 376.256 374.511 387.758 394.309 387.492 376.327 372.827 370.201 374.725
4.200141 401.228 406.444 429.679 440.245 428.416 420.428 403.497 438.202 426.131 418.379 410.023 405.036 439.516 424.361 415.514 409.994 405.528 399.963 400.168 400.146 399.731 397.985 411.232 417.783 410.967 399.802 396.301 393.675 398.199
4.327172 426.144 431.36 454.595 465.161 453.332 445.344 428.412 463.118 451.046 443.295 434.939 429.952 464.432 449.277 440.429 434.91 430.444 424.878 425.083 425.062 424.646 422.901 436.148 442.699 435.882 424.717 421.217 418.591 423.115
4.458044 452.59 457.805 481.04 491.606 479.778 471.789 454.858 489.563 477.492 469.741 461.384 456.397 490.877 475.723 466.875 461.355 456.89 451.324 451.529 451.507 451.092 449.346 462.593 469.145 462.328 451.163 447.662 445.037 449.56
4.592874 480.659 485.875 509.11 519.676 507.847 499.859 482.928 517.633 505.561 497.81 489.454 484.467 518.947 503.792 494.944 489.425 484.959 479.394 479.598 479.577 479.161 477.416 490.663 497.214 490.397 479.232 475.732 473.106 477.63
4.731783 510.452 515.668 538.903 549.469 537.64 529.652 512.721 547.426 535.354 527.603 519.247 514.26 548.74 533.585 524.737 519.218 514.752 509.187 509.391 509.37 508.954 507.209 520.456 527.007 520.19 509.025 505.525 502.899 507.423
4.874892 542.075 547.29 570.525 581.091 569.263 561.274 544.343 579.048 566.977 559.225 550.869 545.882 580.362 565.208 556.36 550.84 546.374 540.809 541.014 540.992 540.577 538.831 552.078 558.629 551.813 540.648 537.147 534.521 539.045
5.02233 575.639 580.854 604.089 614.655 602.827 594.838 577.907 612.612 600.541 592.79 584.433 579.446 613.926 598.772 589.924 584.404 579.938 574.373 574.578 574.556 574.141 572.395 585.642 592.194 585.377 574.212 570.711 568.086 572.609
5.174227 611.264 616.479 639.714 650.28 638.452 630.463 613.532 648.237 636.166 628.415 620.058 615.071 649.551 634.397 625.549 620.029 615.564 609.998 610.203 610.181 609.766 608.02 621.267 627.819 621.002 609.837 606.336 603.711 608.234
5.330718 649.076 654.292 677.527 688.093 676.264 668.276 651.345 686.05 673.979 666.227 657.871 652.884 687.364 672.209 663.362 657.842 653.376 647.811 648.015 647.994 647.579 645.833 659.08 665.631 658.814 647.65 644.149 641.523 646.047
5.491942 689.211 694.426 717.661 728.227 716.399 708.41 691.479 726.184 714.113 706.362 698.005 693.018 727.498 712.344 703.496 697.976 693.51 687.945 688.15 688.128 687.713 685.967 699.214 705.766 698.949 687.784 684.283 681.658 686.181
