web/models/kne.last_good/kappa_0.5_3.0.v1/4/villar_0.0512_0.4530_0.5000.dat
# %ECSV 1.0
# ---
# datatype:
# - {name: time, datatype: float64}
# - {name: swift_uvot_uvw2, datatype: float64}
# - {name: swift_uvot_uvm2, datatype: float64}
# - {name: swift_uvot_uvw1, datatype: float64}
# - {name: swift_uvot_U, datatype: float64}
# - {name: swift_uvot_B, datatype: float64}
# - {name: swift_uvot_V, datatype: float64}
# - {name: swift_uvot_W, datatype: float64}
# - {name: johnson_U, datatype: float64}
# - {name: johnson_B, datatype: float64}
# - {name: johnson_V, datatype: float64}
# - {name: johnson_R, datatype: float64}
# - {name: johnson_I, datatype: float64}
# - {name: sdss_u, datatype: float64}
# - {name: sdss_g, datatype: float64}
# - {name: sdss_r, datatype: float64}
# - {name: sdss_i, datatype: float64}
# - {name: sdss_z, datatype: float64}
# - {name: PS1_g, datatype: float64}
# - {name: PS1_r, datatype: float64}
# - {name: PS1_i, datatype: float64}
# - {name: PS1_z, datatype: float64}
# - {name: PS1_Y, datatype: float64}
# - {name: PS1_w, datatype: float64}
# - {name: ATLAS_c, datatype: float64}
# - {name: ATLAS_o, datatype: float64}
# - {name: ukirt_J, datatype: float64}
# - {name: ukirt_H, datatype: float64}
# - {name: ukirt_K, datatype: float64}
# - {name: Clear, datatype: float64}
# meta: !!omap
# - comment: [kappa = 0.5, type = villar, mass = 0.051209162050732976, velocity = 0.453, theta_obs = 0.0]
# schema: astropy-2.0
time swift_uvot_uvw2 swift_uvot_uvm2 swift_uvot_uvw1 swift_uvot_U swift_uvot_B swift_uvot_V swift_uvot_W johnson_U johnson_B johnson_V johnson_R johnson_I sdss_u sdss_g sdss_r sdss_i sdss_z PS1_g PS1_r PS1_i PS1_z PS1_Y PS1_w ATLAS_c ATLAS_o ukirt_J ukirt_H ukirt_K Clear
[from data line 76]
0.009626 -11.539 -11.477 -11.41 -11.171 -10.899 -10.58 -11.265 -11.132 -10.895 -10.57 -10.223 -9.811 -11.14 -10.798 -10.381 -10.06 -9.75 -10.782 -10.41 -10.095 -9.883 -9.85 -10.428 -10.636 -10.249 -9.116 -8.592 -7.98 -10.492
0.009917 -11.575 -11.516 -11.451 -11.217 -10.947 -10.63 -11.307 -11.179 -10.943 -10.62 -10.275 -9.863 -11.187 -10.847 -10.432 -10.111 -9.802 -10.83 -10.46 -10.146 -9.934 -9.9 -10.478 -10.685 -10.3 -9.17 -8.646 -8.034 -10.542
0.010217 -11.611 -11.556 -11.493 -11.263 -10.995 -10.68 -11.349 -11.225 -10.992 -10.67 -10.326 -9.915 -11.233 -10.896 -10.483 -10.163 -9.855 -10.879 -10.511 -10.197 -9.985 -9.95 -10.528 -10.735 -10.351 -9.223 -8.7 -8.088 -10.591
0.010526 -11.647 -11.595 -11.534 -11.308 -11.043 -10.73 -11.39 -11.271 -11.04 -10.72 -10.377 -9.967 -11.279 -10.944 -10.533 -10.215 -9.907 -10.928 -10.561 -10.248 -10.036 -9.999 -10.578 -10.784 -10.402 -9.276 -8.754 -8.143 -10.641
0.010845 -11.683 -11.633 -11.575 -11.354 -11.091 -10.779 -11.432 -11.317 -11.088 -10.77 -10.428 -10.019 -11.325 -10.993 -10.584 -10.266 -9.959 -10.976 -10.611 -10.299 -10.087 -10.049 -10.628 -10.834 -10.453 -9.33 -8.807 -8.197 -10.691
0.011173 -11.718 -11.672 -11.615 -11.4 -11.139 -10.829 -11.473 -11.363 -11.135 -10.819 -10.478 -10.071 -11.371 -11.041 -10.634 -10.317 -10.011 -11.025 -10.661 -10.35 -10.138 -10.098 -10.678 -10.883 -10.504 -9.383 -8.861 -8.251 -10.74
0.011511 -11.752 -11.71 -11.655 -11.445 -11.187 -10.878 -11.514 -11.409 -11.183 -10.869 -10.529 -10.123 -11.417 -11.09 -10.684 -10.369 -10.063 -11.073 -10.711 -10.4 -10.189 -10.148 -10.728 -10.932 -10.554 -9.436 -8.915 -8.305 -10.789
0.011859 -11.787 -11.748 -11.695 -11.49 -11.234 -10.928 -11.555 -11.454 -11.231 -10.918 -10.58 -10.175 -11.462 -11.138 -10.735 -10.42 -10.115 -11.121 -10.76 -10.451 -10.239 -10.197 -10.778 -10.981 -10.605 -9.489 -8.968 -8.359 -10.839
0.012217 -11.821 -11.786 -11.735 -11.535 -11.282 -10.977 -11.595 -11.5 -11.278 -10.967 -10.63 -10.226 -11.508 -11.186 -10.785 -10.471 -10.167 -11.169 -10.81 -10.502 -10.29 -10.246 -10.827 -11.03 -10.655 -9.542 -9.022 -8.413 -10.888
0.012587 -11.855 -11.823 -11.775 -11.58 -11.329 -11.026 -11.636 -11.545 -11.325 -11.016 -10.681 -10.278 -11.553 -11.234 -10.835 -10.522 -10.219 -11.217 -10.86 -10.552 -10.341 -10.296 -10.877 -11.078 -10.706 -9.595 -9.075 -8.467 -10.937
0.012968 -11.889 -11.86 -11.814 -11.624 -11.376 -11.075 -11.676 -11.59 -11.373 -11.065 -10.731 -10.33 -11.598 -11.281 -10.884 -10.573 -10.27 -11.264 -10.909 -10.603 -10.391 -10.345 -10.926 -11.127 -10.756 -9.647 -9.129 -8.521 -10.986
0.01336 -11.922 -11.897 -11.853 -11.669 -11.423 -11.124 -11.716 -11.635 -11.42 -11.114 -10.781 -10.381 -11.643 -11.329 -10.934 -10.624 -10.322 -11.312 -10.959 -10.653 -10.442 -10.394 -10.975 -11.175 -10.806 -9.7 -9.182 -8.575 -11.034
0.013764 -11.955 -11.934 -11.892 -11.713 -11.47 -11.173 -11.755 -11.679 -11.466 -11.163 -10.832 -10.432 -11.687 -11.377 -10.984 -10.674 -10.373 -11.36 -11.008 -10.703 -10.492 -10.443 -11.024 -11.224 -10.856 -9.753 -9.236 -8.629 -11.083
0.01418 -11.988 -11.97 -11.931 -11.757 -11.517 -11.222 -11.795 -11.724 -11.513 -11.212 -10.882 -10.484 -11.732 -11.424 -11.033 -10.725 -10.425 -11.407 -11.057 -10.753 -10.543 -10.492 -11.073 -11.272 -10.906 -9.805 -9.289 -8.683 -11.132
0.014609 -12.02 -12.006 -11.969 -11.801 -11.563 -11.27 -11.834 -11.768 -11.56 -11.261 -10.932 -10.535 -11.776 -11.471 -11.083 -10.776 -10.476 -11.454 -11.106 -10.803 -10.593 -10.542 -11.122 -11.32 -10.956 -9.858 -9.342 -8.736 -11.18
0.015051 -12.053 -12.042 -12.007 -11.845 -11.61 -11.319 -11.873 -11.813 -11.606 -11.309 -10.982 -10.586 -11.82 -11.518 -11.132 -10.826 -10.528 -11.501 -11.155 -10.853 -10.643 -10.591 -11.171 -11.368 -11.006 -9.911 -9.395 -8.79 -11.229
0.015506 -12.084 -12.077 -12.045 -11.888 -11.656 -11.367 -11.912 -11.857 -11.652 -11.357 -11.031 -10.637 -11.864 -11.565 -11.181 -10.877 -10.579 -11.548 -11.204 -10.903 -10.693 -10.64 -11.22 -11.416 -11.055 -9.963 -9.448 -8.844 -11.277
0.015975 -12.116 -12.112 -12.083 -11.932 -11.702 -11.415 -11.951 -11.901 -11.699 -11.406 -11.081 -10.688 -11.908 -11.612 -11.231 -10.927 -10.63 -11.595 -11.253 -10.953 -10.744 -10.689 -11.268 -11.464 -11.105 -10.015 -9.501 -8.897 -11.325
0.016458 -12.147 -12.147 -12.12 -11.975 -11.748 -11.463 -11.989 -11.944 -11.745 -11.454 -11.131 -10.739 -11.952 -11.659 -11.28 -10.977 -10.681 -11.642 -11.302 -11.003 -10.794 -10.738 -11.317 -11.511 -11.155 -10.068 -9.554 -8.951 -11.373
0.016956 -12.178 -12.182 -12.157 -12.018 -11.794 -11.511 -12.028 -11.988 -11.791 -11.502 -11.18 -10.79 -11.995 -11.706 -11.329 -11.027 -10.732 -11.689 -11.35 -11.053 -10.844 -10.787 -11.365 -11.559 -11.204 -10.12 -9.607 -9.005 -11.421
0.017469 -12.209 -12.216 -12.194 -12.061 -11.84 -11.559 -12.066 -12.031 -11.836 -11.55 -11.23 -10.841 -12.038 -11.752 -11.378 -11.078 -10.783 -11.735 -11.399 -11.102 -10.894 -10.835 -11.414 -11.606 -11.253 -10.172 -9.66 -9.058 -11.469
0.017997 -12.239 -12.25 -12.231 -12.103 -11.886 -11.607 -12.104 -12.074 -11.882 -11.598 -11.279 -10.891 -12.081 -11.798 -11.426 -11.128 -10.834 -11.782 -11.447 -11.152 -10.944 -10.884 -11.462 -11.654 -11.303 -10.225 -9.713 -9.112 -11.516
0.018541 -12.269 -12.284 -12.267 -12.146 -11.931 -11.655 -12.141 -12.117 -11.927 -11.646 -11.328 -10.942 -12.124 -11.845 -11.475 -11.177 -10.885 -11.828 -11.496 -11.201 -10.993 -10.933 -11.51 -11.701 -11.352 -10.277 -9.766 -9.165 -11.564
0.019102 -12.299 -12.317 -12.304 -12.188 -11.976 -11.702 -12.179 -12.16 -11.973 -11.693 -11.377 -10.992 -12.167 -11.891 -11.524 -11.227 -10.936 -11.874 -11.544 -11.251 -11.043 -10.982 -11.558 -11.748 -11.401 -10.329 -9.819 -9.218 -11.611
0.01968 -12.328 -12.35 -12.339 -12.23 -12.021 -11.75 -12.216 -12.203 -12.018 -11.741 -11.426 -11.043 -12.21 -11.937 -11.572 -11.277 -10.986 -11.92 -11.592 -11.3 -11.093 -11.031 -11.606 -11.795 -11.45 -10.381 -9.872 -9.272 -11.659
0.020275 -12.357 -12.383 -12.375 -12.272 -12.067 -11.797 -12.253 -12.245 -12.063 -11.788 -11.475 -11.093 -12.252 -11.983 -11.62 -11.327 -11.037 -11.966 -11.64 -11.349 -11.143 -11.079 -11.654 -11.842 -11.499 -10.433 -9.924 -9.325 -11.706
0.020888 -12.386 -12.416 -12.41 -12.314 -12.111 -11.845 -12.29 -12.287 -12.108 -11.835 -11.524 -11.144 -12.294 -12.028 -11.669 -11.376 -11.087 -12.012 -11.688 -11.399 -11.192 -11.128 -11.701 -11.889 -11.547 -10.485 -9.977 -9.378 -11.753
0.02152 -12.414 -12.448 -12.446 -12.356 -12.156 -11.892 -12.326 -12.33 -12.153 -11.882 -11.573 -11.194 -12.336 -12.074 -11.717 -11.426 -11.138 -12.057 -11.736 -11.448 -11.242 -11.177 -11.749 -11.935 -11.596 -10.536 -10.03 -9.432 -11.8
0.022171 -12.442 -12.48 -12.48 -12.397 -12.201 -11.939 -12.363 -12.372 -12.197 -11.929 -11.622 -11.244 -12.378 -12.119 -11.765 -11.475 -11.188 -12.103 -11.784 -11.497 -11.291 -11.225 -11.796 -11.982 -11.645 -10.588 -10.082 -9.485 -11.847
0.022841 -12.47 -12.511 -12.515 -12.438 -12.245 -11.986 -12.399 -12.413 -12.242 -11.976 -11.67 -11.294 -12.42 -12.164 -11.813 -11.525 -11.239 -12.148 -11.831 -11.546 -11.34 -11.274 -11.844 -12.028 -11.693 -10.64 -10.135 -9.538 -11.894
0.023532 -12.497 -12.543 -12.549 -12.479 -12.289 -12.032 -12.435 -12.455 -12.286 -12.023 -11.719 -11.344 -12.461 -12.21 -11.861 -11.574 -11.289 -12.194 -11.879 -11.595 -11.39 -11.322 -11.891 -12.074 -11.742 -10.692 -10.187 -9.591 -11.94
0.024244 -12.524 -12.574 -12.583 -12.52 -12.334 -12.079 -12.471 -12.496 -12.33 -12.07 -11.767 -11.394 -12.503 -12.255 -11.909 -11.623 -11.339 -12.239 -11.926 -11.643 -11.439 -11.371 -11.938 -12.12 -11.79 -10.743 -10.24 -9.644 -11.987
0.024977 -12.551 -12.604 -12.617 -12.561 -12.378 -12.125 -12.506 -12.537 -12.374 -12.116 -11.816 -11.444 -12.544 -12.299 -11.956 -11.672 -11.389 -12.284 -11.974 -11.692 -11.488 -11.419 -11.985 -12.166 -11.838 -10.795 -10.292 -9.697 -12.033
0.025733 -12.577 -12.634 -12.651 -12.601 -12.421 -12.172 -12.541 -12.578 -12.418 -12.163 -11.864 -11.494 -12.585 -12.344 -12.004 -11.721 -11.439 -12.329 -12.021 -11.741 -11.537 -11.467 -12.032 -12.212 -11.886 -10.846 -10.344 -9.75 -12.08
0.026511 -12.603 -12.664 -12.684 -12.641 -12.465 -12.218 -12.577 -12.619 -12.462 -12.209 -11.912 -11.544 -12.625 -12.389 -12.051 -11.77 -11.489 -12.373 -12.068 -11.789 -11.587 -11.516 -12.079 -12.258 -11.934 -10.898 -10.397 -9.803 -12.126
0.027313 -12.629 -12.694 -12.717 -12.681 -12.509 -12.264 -12.611 -12.66 -12.505 -12.255 -11.96 -11.593 -12.666 -12.433 -12.099 -11.819 -11.539 -12.418 -12.115 -11.838 -11.636 -11.564 -12.125 -12.304 -11.982 -10.949 -10.449 -9.856 -12.172
0.028139 -12.654 -12.723 -12.749 -12.721 -12.552 -12.31 -12.646 -12.7 -12.549 -12.302 -12.008 -11.643 -12.706 -12.477 -12.146 -11.868 -11.589 -12.462 -12.162 -11.886 -11.685 -11.612 -12.172 -12.349 -12.03 -11.001 -10.501 -9.909 -12.218
0.02899 -12.679 -12.752 -12.782 -12.76 -12.595 -12.356 -12.68 -12.74 -12.592 -12.348 -12.056 -11.692 -12.746 -12.522 -12.193 -11.916 -11.639 -12.507 -12.209 -11.934 -11.733 -11.66 -12.218 -12.394 -12.078 -11.052 -10.553 -9.962 -12.264
0.029867 -12.704 -12.781 -12.814 -12.8 -12.638 -12.402 -12.715 -12.78 -12.635 -12.393 -12.104 -11.742 -12.786 -12.566 -12.24 -11.965 -11.688 -12.551 -12.256 -11.983 -11.782 -11.709 -12.265 -12.44 -12.125 -11.103 -10.605 -10.015 -12.31
0.03077 -12.728 -12.809 -12.845 -12.839 -12.681 -12.448 -12.749 -12.82 -12.678 -12.439 -12.151 -11.791 -12.826 -12.609 -12.287 -12.013 -11.738 -12.595 -12.303 -12.031 -11.831 -11.757 -12.311 -12.485 -12.173 -11.155 -10.657 -10.068 -12.355
0.031701 -12.752 -12.837 -12.877 -12.878 -12.724 -12.493 -12.782 -12.86 -12.72 -12.485 -12.199 -11.84 -12.865 -12.653 -12.334 -12.062 -11.787 -12.639 -12.349 -12.079 -11.88 -11.805 -12.357 -12.53 -12.22 -11.206 -10.709 -10.12 -12.401
0.032659 -12.775 -12.865 -12.908 -12.917 -12.766 -12.539 -12.816 -12.899 -12.763 -12.53 -12.246 -11.89 -12.905 -12.697 -12.38 -12.11 -11.837 -12.683 -12.396 -12.127 -11.928 -11.853 -12.403 -12.574 -12.268 -11.257 -10.761 -10.173 -12.446
0.033647 -12.799 -12.892 -12.939 -12.955 -12.809 -12.584 -12.849 -12.938 -12.805 -12.575 -12.294 -11.939 -12.944 -12.74 -12.427 -12.158 -11.886 -12.726 -12.442 -12.175 -11.977 -11.901 -12.449 -12.619 -12.315 -11.308 -10.813 -10.226 -12.491
0.034665 -12.821 -12.919 -12.97 -12.993 -12.851 -12.629 -12.882 -12.977 -12.848 -12.621 -12.341 -11.988 -12.983 -12.783 -12.473 -12.206 -11.936 -12.77 -12.488 -12.222 -12.025 -11.949 -12.495 -12.664 -12.362 -11.359 -10.865 -10.278 -12.536
0.035713 -12.844 -12.945 -13.0 -13.031 -12.893 -12.674 -12.915 -13.016 -12.89 -12.666 -12.388 -12.037 -13.021 -12.826 -12.52 -12.254 -11.985 -12.813 -12.534 -12.27 -12.074 -11.997 -12.54 -12.708 -12.409 -11.41 -10.917 -10.331 -12.581
0.036793 -12.866 -12.971 -13.03 -13.069 -12.935 -12.719 -12.948 -13.055 -12.932 -12.711 -12.435 -12.085 -13.06 -12.869 -12.566 -12.302 -12.034 -12.856 -12.58 -12.318 -12.122 -12.045 -12.586 -12.752 -12.456 -11.461 -10.969 -10.384 -12.626
0.037906 -12.887 -12.997 -13.059 -13.107 -12.977 -12.764 -12.98 -13.093 -12.973 -12.756 -12.482 -12.134 -13.098 -12.912 -12.612 -12.35 -12.083 -12.899 -12.626 -12.365 -12.17 -12.092 -12.631 -12.796 -12.503 -11.511 -11.021 -10.436 -12.671
0.039052 -12.908 -13.023 -13.089 -13.144 -13.018 -12.809 -13.012 -13.131 -13.015 -12.8 -12.529 -12.183 -13.136 -12.955 -12.658 -12.398 -12.132 -12.942 -12.672 -12.413 -12.219 -12.14 -12.677 -12.84 -12.549 -11.562 -11.072 -10.489 -12.716
0.040234 -12.929 -13.048 -13.118 -13.181 -13.06 -12.853 -13.044 -13.169 -13.056 -12.845 -12.575 -12.232 -13.174 -12.997 -12.704 -12.445 -12.181 -12.985 -12.718 -12.46 -12.267 -12.188 -12.722 -12.884 -12.596 -11.613 -11.124 -10.541 -12.76
0.04145 -12.95 -13.072 -13.147 -13.218 -13.101 -12.897 -13.076 -13.207 -13.097 -12.889 -12.622 -12.28 -13.211 -13.039 -12.75 -12.493 -12.23 -13.027 -12.763 -12.507 -12.315 -12.236 -12.767 -12.928 -12.642 -11.663 -11.176 -10.594 -12.804
0.042704 -12.97 -13.096 -13.175 -13.255 -13.142 -12.942 -13.107 -13.244 -13.138 -12.933 -12.668 -12.329 -13.249 -13.081 -12.795 -12.54 -12.278 -13.07 -12.809 -12.555 -12.363 -12.283 -12.812 -12.972 -12.689 -11.714 -11.227 -10.646 -12.849
0.043996 -12.989 -13.12 -13.203 -13.292 -13.183 -12.986 -13.139 -13.281 -13.179 -12.978 -12.715 -12.377 -13.286 -13.123 -12.841 -12.588 -12.327 -13.112 -12.854 -12.602 -12.411 -12.331 -12.856 -13.015 -12.735 -11.765 -11.279 -10.698 -12.893
0.045326 -13.008 -13.144 -13.231 -13.328 -13.223 -13.03 -13.17 -13.318 -13.22 -13.021 -12.761 -12.425 -13.323 -13.165 -12.886 -12.635 -12.375 -13.154 -12.899 -12.649 -12.458 -12.378 -12.901 -13.058 -12.781 -11.815 -11.33 -10.751 -12.937
0.046697 -13.027 -13.167 -13.258 -13.364 -13.264 -13.073 -13.2 -13.355 -13.26 -13.065 -12.807 -12.473 -13.359 -13.207 -12.931 -12.682 -12.424 -13.196 -12.944 -12.696 -12.506 -12.426 -12.946 -13.101 -12.827 -11.865 -11.382 -10.803 -12.981
0.048109 -13.045 -13.189 -13.285 -13.399 -13.304 -13.117 -13.231 -13.391 -13.301 -13.109 -12.853 -12.521 -13.396 -13.248 -12.977 -12.729 -12.472 -13.238 -12.989 -12.742 -12.554 -12.473 -12.99 -13.144 -12.873 -11.916 -11.433 -10.855 -13.024
0.049564 -13.063 -13.212 -13.312 -13.435 -13.344 -13.161 -13.261 -13.428 -13.341 -13.153 -12.899 -12.569 -13.432 -13.289 -13.022 -12.776 -12.521 -13.279 -13.034 -12.789 -12.601 -12.52 -13.034 -13.187 -12.919 -11.966 -11.485 -10.908 -13.068
0.051063 -13.081 -13.233 -13.338 -13.47 -13.384 -13.204 -13.291 -13.464 -13.381 -13.196 -12.945 -12.617 -13.468 -13.33 -13.066 -12.823 -12.569 -13.321 -13.079 -12.836 -12.649 -12.568 -13.078 -13.23 -12.964 -12.016 -11.536 -10.96 -13.111
0.052608 -13.098 -13.255 -13.364 -13.505 -13.423 -13.247 -13.321 -13.499 -13.42 -13.239 -12.991 -12.665 -13.503 -13.371 -13.111 -12.869 -12.617 -13.362 -13.123 -12.882 -12.696 -12.615 -13.122 -13.272 -13.01 -12.066 -11.587 -11.012 -13.154
0.054199 -13.115 -13.276 -13.39 -13.54 -13.463 -13.29 -13.351 -13.535 -13.46 -13.282 -13.036 -12.713 -13.539 -13.412 -13.156 -12.916 -12.665 -13.403 -13.168 -12.929 -12.744 -12.662 -13.166 -13.314 -13.055 -12.116 -11.638 -11.064 -13.197
0.055838 -13.131 -13.296 -13.415 -13.574 -13.502 -13.333 -13.38 -13.57 -13.499 -13.325 -13.082 -12.761 -13.574 -13.453 -13.2 -12.963 -12.713 -13.444 -13.212 -12.975 -12.791 -12.709 -13.21 -13.357 -13.101 -12.166 -11.689 -11.116 -13.24
0.057527 -13.146 -13.316 -13.44 -13.608 -13.541 -13.376 -13.409 -13.605 -13.538 -13.368 -13.127 -12.808 -13.609 -13.493 -13.245 -13.009 -12.761 -13.485 -13.256 -13.021 -12.838 -12.756 -13.253 -13.399 -13.146 -12.216 -11.74 -11.168 -13.283
0.059267 -13.162 -13.336 -13.465 -13.642 -13.58 -13.418 -13.438 -13.64 -13.577 -13.411 -13.172 -12.856 -13.643 -13.533 -13.289 -13.055 -12.809 -13.525 -13.3 -13.067 -12.885 -12.803 -13.297 -13.44 -13.191 -12.266 -11.792 -11.22 -13.326
0.061059 -13.177 -13.355 -13.489 -13.676 -13.619 -13.461 -13.466 -13.674 -13.616 -13.453 -13.217 -12.903 -13.677 -13.573 -13.333 -13.101 -12.856 -13.566 -13.344 -13.113 -12.932 -12.85 -13.34 -13.482 -13.236 -12.316 -11.843 -11.272 -13.368
0.062906 -13.191 -13.374 -13.513 -13.709 -13.657 -13.503 -13.495 -13.709 -13.654 -13.495 -13.262 -12.95 -13.711 -13.613 -13.377 -13.147 -12.904 -13.606 -13.388 -13.159 -12.979 -12.897 -13.383 -13.524 -13.281 -12.366 -11.893 -11.324 -13.411
0.064808 -13.205 -13.392 -13.536 -13.742 -13.695 -13.545 -13.523 -13.743 -13.692 -13.538 -13.307 -12.997 -13.745 -13.652 -13.421 -13.193 -12.951 -13.646 -13.432 -13.205 -13.026 -12.944 -13.426 -13.565 -13.325 -12.416 -11.944 -11.376 -13.453
0.066769 -13.218 -13.41 -13.559 -13.775 -13.733 -13.587 -13.551 -13.776 -13.73 -13.58 -13.352 -13.044 -13.779 -13.692 -13.464 -13.239 -12.999 -13.685 -13.475 -13.25 -13.073 -12.99 -13.469 -13.606 -13.37 -12.465 -11.995 -11.428 -13.495
0.068788 -13.231 -13.428 -13.582 -13.807 -13.771 -13.629 -13.578 -13.81 -13.768 -13.621 -13.396 -13.091 -13.812 -13.731 -13.508 -13.285 -13.046 -13.725 -13.519 -13.296 -13.119 -13.037 -13.511 -13.647 -13.414 -12.515 -12.046 -11.479 -13.537
