web/models/kne.last_good/kappa_0.5_3.0.v1/4/villar_0.0010_0.4843_0.5000.dat
# %ECSV 1.0
# ---
# datatype:
# - {name: time, datatype: float64}
# - {name: swift_uvot_uvw2, datatype: float64}
# - {name: swift_uvot_uvm2, datatype: float64}
# - {name: swift_uvot_uvw1, datatype: float64}
# - {name: swift_uvot_U, datatype: float64}
# - {name: swift_uvot_B, datatype: float64}
# - {name: swift_uvot_V, datatype: float64}
# - {name: swift_uvot_W, datatype: float64}
# - {name: johnson_U, datatype: float64}
# - {name: johnson_B, datatype: float64}
# - {name: johnson_V, datatype: float64}
# - {name: johnson_R, datatype: float64}
# - {name: johnson_I, datatype: float64}
# - {name: sdss_u, datatype: float64}
# - {name: sdss_g, datatype: float64}
# - {name: sdss_r, datatype: float64}
# - {name: sdss_i, datatype: float64}
# - {name: sdss_z, datatype: float64}
# - {name: PS1_g, datatype: float64}
# - {name: PS1_r, datatype: float64}
# - {name: PS1_i, datatype: float64}
# - {name: PS1_z, datatype: float64}
# - {name: PS1_Y, datatype: float64}
# - {name: PS1_w, datatype: float64}
# - {name: ATLAS_c, datatype: float64}
# - {name: ATLAS_o, datatype: float64}
# - {name: ukirt_J, datatype: float64}
# - {name: ukirt_H, datatype: float64}
# - {name: ukirt_K, datatype: float64}
# - {name: Clear, datatype: float64}
# meta: !!omap
# - comment: [kappa = 0.5, type = villar, mass = 0.001, velocity = 0.48433333333333334, theta_obs = 0.0]
# schema: astropy-2.0
time swift_uvot_uvw2 swift_uvot_uvm2 swift_uvot_uvw1 swift_uvot_U swift_uvot_B swift_uvot_V swift_uvot_W johnson_U johnson_B johnson_V johnson_R johnson_I sdss_u sdss_g sdss_r sdss_i sdss_z PS1_g PS1_r PS1_i PS1_z PS1_Y PS1_w ATLAS_c ATLAS_o ukirt_J ukirt_H ukirt_K Clear
[from data line 147]
0.079839 -9.189 -9.577 -10.314 -11.383 -11.876 -12.135 -11.069 -11.479 -11.879 -12.136 -12.2 -12.138 -11.459 -11.981 -12.196 -12.201 -12.126 -12.031 -12.204 -12.21 -12.16 -12.131 -12.145 -12.09 -12.199 -11.825 -11.48 -11.012 -12.115
0.082253 -9.14 -9.525 -10.279 -11.37 -11.878 -12.148 -11.062 -11.468 -11.881 -12.15 -12.222 -12.167 -11.447 -11.987 -12.215 -12.226 -12.156 -12.039 -12.223 -12.235 -12.19 -12.163 -12.163 -12.102 -12.221 -11.863 -11.52 -11.056 -12.132
0.084741 -9.089 -9.469 -10.243 -11.354 -11.878 -12.16 -11.053 -11.455 -11.881 -12.162 -12.243 -12.196 -11.433 -11.991 -12.232 -12.251 -12.186 -12.045 -12.241 -12.26 -12.218 -12.194 -12.18 -12.112 -12.241 -11.899 -11.561 -11.099 -12.148
0.087304 -9.034 -9.411 -10.203 -11.336 -11.876 -12.17 -11.043 -11.44 -11.88 -12.173 -12.263 -12.223 -11.417 -11.994 -12.248 -12.274 -12.214 -12.05 -12.257 -12.283 -12.246 -12.224 -12.195 -12.121 -12.261 -11.935 -11.6 -11.142 -12.163
0.089944 -8.978 -9.348 -10.161 -11.316 -11.872 -12.179 -11.031 -11.423 -11.876 -12.182 -12.282 -12.25 -11.399 -11.995 -12.263 -12.297 -12.242 -12.053 -12.272 -12.306 -12.273 -12.254 -12.21 -12.129 -12.279 -11.97 -11.64 -11.185 -12.176
0.092665 -8.919 -9.282 -10.116 -11.293 -11.867 -12.186 -11.017 -11.403 -11.871 -12.19 -12.299 -12.276 -11.379 -11.994 -12.277 -12.318 -12.269 -12.054 -12.286 -12.327 -12.299 -12.282 -12.223 -12.135 -12.296 -12.005 -11.678 -11.227 -12.188
0.095467 -8.857 -9.213 -10.068 -11.268 -11.859 -12.192 -11.002 -11.381 -11.864 -12.196 -12.316 -12.3 -11.355 -11.992 -12.289 -12.338 -12.294 -12.054 -12.298 -12.347 -12.323 -12.31 -12.234 -12.139 -12.312 -12.038 -11.716 -11.268 -12.199
0.098355 -8.792 -9.139 -10.017 -11.24 -11.849 -12.196 -10.984 -11.356 -11.854 -12.201 -12.331 -12.324 -11.33 -11.987 -12.299 -12.356 -12.319 -12.051 -12.309 -12.366 -12.347 -12.336 -12.244 -12.142 -12.326 -12.071 -11.754 -11.309 -12.208
0.101329 -8.725 -9.06 -9.962 -11.209 -11.837 -12.198 -10.964 -11.329 -11.842 -12.203 -12.344 -12.346 -11.301 -11.98 -12.308 -12.374 -12.342 -12.047 -12.318 -12.384 -12.37 -12.362 -12.253 -12.142 -12.339 -12.104 -11.79 -11.349 -12.216
0.104394 -8.655 -8.978 -9.904 -11.175 -11.822 -12.198 -10.943 -11.298 -11.828 -12.204 -12.356 -12.367 -11.269 -11.971 -12.315 -12.39 -12.365 -12.04 -12.325 -12.4 -12.391 -12.386 -12.26 -12.141 -12.35 -12.135 -11.826 -11.389 -12.222
0.107551 -8.581 -8.89 -9.842 -11.138 -11.804 -12.196 -10.918 -11.264 -11.811 -12.202 -12.366 -12.387 -11.234 -11.96 -12.32 -12.404 -12.386 -12.031 -12.331 -12.415 -12.411 -12.409 -12.265 -12.138 -12.36 -12.165 -11.862 -11.428 -12.226
0.110804 -8.505 -8.797 -9.776 -11.097 -11.784 -12.192 -10.892 -11.227 -11.791 -12.198 -12.375 -12.406 -11.196 -11.946 -12.324 -12.417 -12.405 -12.019 -12.334 -12.428 -12.429 -12.431 -12.268 -12.132 -12.367 -12.194 -11.896 -11.467 -12.229
0.114155 -8.426 -8.699 -9.705 -11.052 -11.761 -12.185 -10.862 -11.186 -11.768 -12.192 -12.381 -12.423 -11.153 -11.929 -12.325 -12.428 -12.424 -12.005 -12.336 -12.439 -12.446 -12.452 -12.269 -12.124 -12.373 -12.223 -11.93 -11.505 -12.229
0.117608 -8.344 -8.595 -9.63 -11.004 -11.735 -12.176 -10.83 -11.142 -11.743 -12.183 -12.386 -12.438 -11.107 -11.909 -12.324 -12.437 -12.44 -11.988 -12.335 -12.448 -12.462 -12.471 -12.268 -12.113 -12.377 -12.25 -11.962 -11.542 -12.227
0.121165 -8.258 -8.485 -9.55 -10.951 -11.705 -12.164 -10.795 -11.093 -11.714 -12.172 -12.388 -12.451 -11.057 -11.886 -12.32 -12.444 -12.455 -11.969 -12.332 -12.456 -12.476 -12.488 -12.265 -12.1 -12.378 -12.276 -11.994 -11.578 -12.224
0.124829 -8.17 -8.368 -9.466 -10.894 -11.672 -12.149 -10.757 -11.04 -11.681 -12.158 -12.388 -12.463 -11.003 -11.86 -12.315 -12.449 -12.468 -11.946 -12.326 -12.461 -12.488 -12.504 -12.259 -12.084 -12.378 -12.3 -12.025 -11.614 -12.218
0.128605 -8.079 -8.245 -9.375 -10.832 -11.634 -12.131 -10.715 -10.982 -11.644 -12.141 -12.386 -12.473 -10.944 -11.83 -12.306 -12.452 -12.48 -11.919 -12.318 -12.464 -12.498 -12.519 -12.25 -12.064 -12.375 -12.323 -12.054 -11.648 -12.209
0.132494 -7.985 -8.113 -9.279 -10.765 -11.593 -12.109 -10.67 -10.92 -11.604 -12.12 -12.381 -12.481 -10.879 -11.797 -12.294 -12.453 -12.489 -11.889 -12.307 -12.465 -12.506 -12.531 -12.239 -12.042 -12.369 -12.345 -12.083 -11.682 -12.198
0.136502 -7.888 -7.974 -9.177 -10.692 -11.547 -12.085 -10.621 -10.852 -11.559 -12.096 -12.374 -12.486 -10.809 -11.759 -12.28 -12.451 -12.496 -11.855 -12.293 -12.464 -12.511 -12.542 -12.225 -12.016 -12.36 -12.365 -12.11 -11.714 -12.183
0.14063 -7.789 -7.826 -9.069 -10.613 -11.497 -12.056 -10.568 -10.778 -11.509 -12.068 -12.363 -12.49 -10.734 -11.717 -12.261 -12.446 -12.501 -11.817 -12.275 -12.459 -12.515 -12.55 -12.208 -11.986 -12.349 -12.384 -12.135 -11.746 -12.166
0.144883 -7.688 -7.67 -8.953 -10.528 -11.442 -12.023 -10.511 -10.698 -11.454 -12.036 -12.349 -12.49 -10.652 -11.671 -12.24 -12.438 -12.503 -11.775 -12.254 -12.452 -12.516 -12.556 -12.188 -11.952 -12.334 -12.401 -12.16 -11.776 -12.146
0.149265 -7.585 -7.503 -8.831 -10.437 -11.381 -11.986 -10.449 -10.612 -11.395 -12.0 -12.332 -12.488 -10.564 -11.619 -12.214 -12.427 -12.503 -11.728 -12.229 -12.441 -12.514 -12.56 -12.164 -11.914 -12.315 -12.415 -12.183 -11.805 -12.122
0.15378 -7.48 -7.326 -8.7 -10.338 -11.314 -11.944 -10.382 -10.519 -11.329 -11.959 -12.311 -12.483 -10.468 -11.563 -12.185 -12.413 -12.5 -11.676 -12.2 -12.428 -12.509 -12.561 -12.136 -11.871 -12.293 -12.428 -12.204 -11.833 -12.095
0.15843 -7.375 -7.138 -8.561 -10.231 -11.241 -11.897 -10.31 -10.418 -11.257 -11.914 -12.287 -12.475 -10.365 -11.5 -12.151 -12.395 -12.494 -11.618 -12.167 -12.41 -12.501 -12.559 -12.104 -11.823 -12.267 -12.439 -12.223 -11.86 -12.064
0.163222 -7.269 -6.938 -8.413 -10.116 -11.161 -11.845 -10.233 -10.309 -11.178 -11.862 -12.258 -12.463 -10.254 -11.431 -12.112 -12.373 -12.484 -11.555 -12.129 -12.389 -12.49 -12.555 -12.067 -11.77 -12.237 -12.447 -12.241 -11.885 -12.028
0.168159 -7.164 -6.725 -8.256 -9.992 -11.074 -11.786 -10.149 -10.192 -11.093 -11.806 -12.224 -12.448 -10.133 -11.356 -12.068 -12.347 -12.471 -11.485 -12.086 -12.363 -12.475 -12.547 -12.026 -11.711 -12.202 -12.452 -12.256 -11.908 -11.988
0.173245 -7.059 -6.498 -8.089 -9.858 -10.98 -11.722 -10.059 -10.065 -10.999 -11.742 -12.185 -12.429 -10.003 -11.273 -12.019 -12.316 -12.454 -11.409 -12.037 -12.333 -12.456 -12.535 -11.98 -11.645 -12.162 -12.455 -12.269 -11.93 -11.943
0.178484 -6.955 -6.256 -7.912 -9.713 -10.876 -11.65 -9.962 -9.928 -10.897 -11.672 -12.142 -12.406 -9.863 -11.183 -11.963 -12.28 -12.433 -11.325 -11.983 -12.298 -12.433 -12.52 -11.928 -11.574 -12.117 -12.455 -12.28 -11.949 -11.894
0.183882 -6.854 -5.999 -7.723 -9.557 -10.764 -11.571 -9.858 -9.779 -10.786 -11.595 -12.092 -12.378 -9.711 -11.084 -11.901 -12.239 -12.408 -11.233 -11.922 -12.258 -12.405 -12.5 -11.87 -11.494 -12.065 -12.451 -12.289 -11.967 -11.838
0.189444 -6.755 -5.725 -7.521 -9.389 -10.641 -11.484 -9.745 -9.619 -10.666 -11.51 -12.036 -12.345 -9.548 -10.976 -11.832 -12.192 -12.377 -11.133 -11.854 -12.212 -12.372 -12.477 -11.806 -11.407 -12.008 -12.444 -12.295 -11.983 -11.777
0.195173 -6.659 -5.432 -7.307 -9.207 -10.508 -11.388 -9.625 -9.446 -10.535 -11.416 -11.974 -12.307 -9.371 -10.858 -11.755 -12.139 -12.342 -11.024 -11.779 -12.159 -12.334 -12.448 -11.734 -11.312 -11.943 -12.434 -12.297 -11.996 -11.71
0.201076 -6.565 -5.121 -7.08 -9.011 -10.363 -11.283 -9.494 -9.259 -10.392 -11.313 -11.904 -12.263 -9.179 -10.73 -11.67 -12.079 -12.3 -10.905 -11.695 -12.1 -12.29 -12.414 -11.655 -11.207 -11.872 -12.419 -12.297 -12.007 -11.635
0.207158 -6.475 -4.789 -6.837 -8.799 -10.205 -11.167 -9.354 -9.056 -10.237 -11.199 -11.826 -12.212 -8.972 -10.589 -11.576 -12.011 -12.252 -10.776 -11.603 -12.034 -12.24 -12.375 -11.569 -11.092 -11.792 -12.4 -12.293 -12.016 -11.554
0.213423 -6.387 -4.436 -6.58 -8.57 -10.034 -11.04 -9.204 -8.837 -10.068 -11.075 -11.74 -12.155 -8.748 -10.437 -11.472 -11.935 -12.198 -10.634 -11.501 -11.959 -12.182 -12.329 -11.473 -10.967 -11.703 -12.376 -12.285 -12.021 -11.465
0.219878 -6.302 -4.062 -6.305 -8.322 -9.847 -10.9 -9.041 -8.6 -9.884 -10.938 -11.644 -12.09 -8.505 -10.27 -11.357 -11.85 -12.136 -10.481 -11.388 -11.876 -12.117 -12.276 -11.367 -10.83 -11.605 -12.346 -12.274 -12.023 -11.367
0.226528 -6.218 -3.666 -6.014 -8.053 -9.644 -10.747 -8.867 -8.343 -9.685 -10.788 -11.537 -12.016 -8.242 -10.088 -11.23 -11.756 -12.066 -10.314 -11.264 -11.783 -12.044 -12.216 -11.251 -10.679 -11.496 -12.311 -12.258 -12.022 -11.26
0.233379 -6.136 -3.251 -5.703 -7.762 -9.423 -10.58 -8.678 -8.064 -9.467 -10.624 -11.42 -11.934 -7.957 -9.89 -11.09 -11.651 -11.987 -10.133 -11.128 -11.68 -11.961 -12.149 -11.124 -10.515 -11.376 -12.27 -12.237 -12.017 -11.144
0.240437 -6.053 -2.82 -5.373 -7.446 -9.182 -10.396 -8.475 -7.761 -9.23 -10.443 -11.29 -11.842 -7.648 -9.673 -10.936 -11.534 -11.898 -9.937 -10.978 -11.565 -11.868 -12.072 -10.984 -10.335 -11.243 -12.221 -12.21 -12.008 -11.017
0.247709 -5.969 -2.379 -5.022 -7.103 -8.919 -10.194 -8.257 -7.433 -8.972 -10.246 -11.147 -11.739 -7.312 -9.437 -10.767 -11.404 -11.799 -9.724 -10.813 -11.437 -11.765 -11.985 -10.83 -10.139 -11.096 -12.165 -12.178 -11.995 -10.879
0.255201 -5.883 -1.94 -4.648 -6.731 -8.632 -9.972 -8.02 -7.075 -8.691 -10.029 -10.988 -11.623 -6.946 -9.179 -10.58 -11.26 -11.687 -9.493 -10.631 -11.296 -11.649 -11.888 -10.662 -9.923 -10.935 -12.1 -12.139 -11.976 -10.73
0.262919 -5.794 -1.518 -4.25 -6.326 -8.319 -9.729 -7.766 -6.686 -8.384 -9.791 -10.814 -11.495 -6.548 -8.897 -10.375 -11.101 -11.563 -9.245 -10.432 -11.139 -11.52 -11.779 -10.477 -9.688 -10.756 -12.027 -12.094 -11.953 -10.567
0.270871 -5.7 -1.132 -3.827 -5.885 -7.977 -9.461 -7.49 -6.262 -8.048 -9.53 -10.621 -11.352 -6.114 -8.588 -10.148 -10.923 -11.424 -8.977 -10.212 -10.965 -11.375 -11.658 -10.274 -9.43 -10.56 -11.942 -12.04 -11.924 -10.391
0.279064 -5.601 -0.796 -3.375 -5.403 -7.602 -9.167 -7.193 -5.799 -7.682 -9.242 -10.408 -11.193 -5.64 -8.25 -9.898 -10.727 -11.268 -8.69 -9.972 -10.772 -11.215 -11.521 -10.051 -9.147 -10.343 -11.847 -11.978 -11.888 -10.201
0.287504 -5.495 -0.519 -2.893 -4.878 -7.192 -8.844 -6.872 -5.294 -7.28 -8.926 -10.174 -11.016 -5.122 -7.879 -9.622 -10.509 -11.095 -8.384 -9.707 -10.559 -11.036 -11.369 -9.805 -8.837 -10.103 -11.739 -11.906 -11.845 -9.995
0.296199 -5.381 -0.293 -2.377 -4.303 -6.742 -8.487 -6.525 -4.74 -6.841 -8.579 -9.914 -10.819 -4.556 -7.472 -9.318 -10.268 -10.902 -8.06 -9.417 -10.322 -10.837 -11.2 -9.536 -8.497 -9.839 -11.616 -11.823 -11.794 -9.774
0.305157 -5.258 -0.105 -1.825 -3.673 -6.248 -8.094 -6.151 -4.133 -6.359 -8.195 -9.628 -10.6 -3.934 -7.025 -8.981 -10.0 -10.687 -7.721 -9.099 -10.061 -10.615 -11.011 -9.239 -8.122 -9.547 -11.478 -11.729 -11.734 -9.537
0.314387 -5.124 0.064 -1.232 -2.981 -5.704 -7.659 -5.746 -3.467 -5.829 -7.772 -9.311 -10.356 -3.252 -6.532 -8.609 -9.702 -10.447 -7.371 -8.751 -9.77 -10.368 -10.8 -8.912 -7.71 -9.224 -11.322 -11.621 -11.665 -9.282
0.323895 -4.978 0.226 -0.593 -2.221 -5.105 -7.179 -5.311 -2.734 -5.246 -7.305 -8.96 -10.085 -2.501 -5.989 -8.197 -9.37 -10.179 -7.016 -8.37 -9.449 -10.093 -10.565 -8.551 -7.256 -8.867 -11.146 -11.498 -11.584 -9.011
0.333691 -4.82 0.392 0.098 -1.384 -4.444 -6.646 -4.845 -1.927 -4.604 -6.788 -8.572 -9.782 -1.673 -5.39 -7.739 -9.001 -9.88 -6.663 -7.957 -9.092 -9.787 -10.304 -8.152 -6.755 -8.47 -10.947 -11.358 -11.492 -8.723
0.343783 -4.646 0.568 0.847 -0.459 -3.712 -6.055 -4.347 -1.034 -3.895 -6.215 -8.14 -9.445 -0.758 -4.727 -7.23 -8.59 -9.545 -6.32 -7.509 -8.697 -9.445 -10.013 -7.711 -6.201 -8.031 -10.723 -11.199 -11.385 -8.42
0.354181 -4.456 0.759 1.662 0.564 -2.901 -5.398 -3.822 -0.047 -3.11 -5.578 -7.661 -9.068 0.254 -3.991 -6.664 -8.13 -9.17 -5.992 -7.03 -8.26 -9.064 -9.69 -7.221 -5.587 -7.542 -10.47 -11.019 -11.262 -8.102
0.364893 -4.247 0.968 2.553 1.699 -2.001 -4.665 -3.276 1.049 -2.241 -4.871 -7.128 -8.647 1.378 -3.175 -6.032 -7.616 -8.749 -5.679 -6.525 -7.777 -8.639 -9.331 -6.677 -4.905 -6.998 -10.185 -10.813 -11.121 -7.771
0.375929 -4.018 1.198 3.53 2.961 -0.998 -3.847 -2.722 2.268 -1.276 -4.082 -6.533 -8.175 2.629 -2.265 -5.326 -7.04 -8.276 -5.377 -6.004 -7.246 -8.166 -8.933 -6.071 -4.146 -6.391 -9.861 -10.579 -10.96 -7.429
0.387298 -3.764 1.452 4.605 4.368 0.121 -2.93 -2.174 3.628 -0.202 -3.201 -5.869 -7.646 4.024 -1.249 -4.534 -6.393 -7.745 -5.079 -5.48 -6.666 -7.64 -8.494 -5.395 -3.3 -5.713 -9.494 -10.313 -10.774 -7.076
0.399012 -3.484 1.732 5.792 5.942 1.373 -1.902 -1.65 5.15 0.997 -2.214 -5.126 -7.051 5.585 -0.112 -3.646 -5.664 -7.145 -4.773 -4.969 -6.039 -7.057 -8.012 -4.638 -2.353 -4.953 -9.078 -10.009 -10.562 -6.711
0.41108 -3.173 2.043 7.106 7.708 2.779 -0.744 -1.156 6.857 2.338 -1.107 -4.293 -6.382 7.337 1.165 -2.645 -4.842 -6.467 -4.448 -4.481 -5.376 -6.415 -7.487 -3.788 -1.291 -4.1 -8.605 -9.662 -10.318 -6.334
0.423513 -2.826 2.389 8.569 9.696 4.362 0.564 -0.689 8.78 3.843 0.138 -3.356 -5.627 9.309 2.603 -1.514 -3.911 -5.699 -4.096 -4.017 -4.694 -5.718 -6.92 -2.832 -0.095 -3.139 -8.065 -9.265 -10.037 -5.938
0.436321 -2.439 2.776 10.203 11.942 6.151 2.045 -0.232 10.951 5.537 1.543 -2.299 -4.774 11.537 4.228 -0.233 -2.855 -4.827 -3.706 -3.56 -4.015 -4.975 -6.318 -1.751 1.256 -2.052 -7.448 -8.809 -9.714 -5.516
0.449518 -2.005 3.21 12.035 14.488 8.179 3.728 0.238 13.413 7.45 3.132 -1.105 -3.807 14.063 6.071 1.223 -1.653 -3.834 -3.271 -3.09 -3.36 -4.205 -5.688 -0.525 2.788 -0.821 -6.741 -8.286 -9.34 -5.06
0.463113 -1.516 3.7 14.102 17.388 10.489 5.649 0.743 16.216 9.62 4.935 0.248 -2.708 16.938 8.17 2.884 -0.279 -2.699 -2.782 -2.585 -2.728 -3.433 -5.035 0.87 4.531 0.58 -5.928 -7.682 -8.907 -4.558
0.47712 -0.962 4.253 16.445 20.705 13.128 7.848 1.303 19.42 12.089 6.988 1.788 -1.456 20.224 10.57 4.787 1.296 -1.399 -2.228 -2.026 -2.097 -2.676 -4.36 2.465 6.524 2.181 -4.99 -6.984 -8.403 -3.997
0.49155 -0.333 4.883 19.117 24.514 16.159 10.377 1.935 23.098 14.912 9.332 3.546 -0.026 23.996 13.326 6.975 3.109 0.096 -1.598 -1.394 -1.433 -1.923 -3.651 4.296 8.812 4.017 -3.904 -6.174 -7.817 -3.364
0.506416 0.388 5.603 22.185 28.912 19.656 13.297 2.656 27.339 18.156 12.02 5.559 1.615 28.346 16.506 9.502 5.205 1.821 -0.878 -0.673 -0.7 -1.143 -2.887 6.409 11.453 6.135 -2.642 -5.231 -7.131 -2.642
0.521733 1.216 6.432 25.729 34.015 23.711 16.687 3.485 32.254 21.9 15.113 7.875 3.503 33.387 20.193 12.435 7.639 3.819 -0.049 0.155 0.133 -0.29 -2.037 8.858 14.516 8.588 -1.169 -4.129 -6.327 -1.813
0.537512 2.175 7.39 29.851 39.967 28.439 20.64 4.443 37.981 26.249 18.689 10.551 5.685 39.259 24.49 15.856 10.478 6.141 0.909 1.114 1.092 0.676 -1.07 11.713 18.088 11.447 0.558 -2.836 -5.378 -0.855
0.553769 2.738 7.954 31.189 41.755 29.926 21.938 5.007 39.712 27.641 19.889 11.533 6.546 41.026 25.871 17.024 11.504 7.038 1.473 1.678 1.656 1.241 -0.505 12.742 19.293 12.477 1.312 -2.189 -4.815 -0.291
0.570517 3.186 8.402 31.637 42.203 30.374 22.386 5.454 40.16 28.088 20.337 11.98 6.994 41.474 26.319 17.471 11.951 7.486 1.92 2.125 2.104 1.688 -0.057 13.189 19.741 12.924 1.759 -1.741 -4.367 0.157
0.587772 3.661 8.877 32.112 42.678 30.849 22.861 5.93 40.635 28.563 20.812 12.456 7.469 41.949 26.794 17.946 12.427 7.961 2.396 2.6 2.579 2.163 0.418 13.665 20.216 13.399 2.234 -1.266 -3.892 0.632
0.605549 4.165 9.381 32.616 43.182 31.353 23.365 6.434 41.139 29.068 21.316 12.96 7.973 42.453 27.298 18.451 12.931 8.465 2.9 3.104 3.083 2.668 0.922 14.169 20.72 13.903 2.739 -0.762 -3.388 1.136
0.623863 4.701 9.916 33.151 43.717 31.889 23.9 6.969 41.674 29.603 21.852 13.495 8.508 42.988 27.834 18.986 13.466 9.0 3.435 3.64 3.618 3.203 1.457 14.704 21.255 14.439 3.274 -0.227 -2.853 1.671
0.642731 5.269 10.484 33.719 44.285 32.457 24.468 7.537 42.242 30.171 22.42 14.063 9.076 43.556 28.402 19.554 14.034 9.568 4.003 4.208 4.186 3.771 2.025 15.272 21.824 15.007 3.842 0.341 -2.285 2.239
