web/models/grb/offaxis/1/grb_0.2967_5.1795_1.5848932.dat
# %ECSV 1.0
# ---
# datatype:
# - {name: time, datatype: float64}
# - {name: swift_uvot_uvw2, datatype: float64}
# - {name: swift_uvot_uvm2, datatype: float64}
# - {name: swift_uvot_uvw1, datatype: float64}
# - {name: swift_uvot_U, datatype: float64}
# - {name: swift_uvot_B, datatype: float64}
# - {name: swift_uvot_V, datatype: float64}
# - {name: swift_uvot_W, datatype: float64}
# - {name: johnson_U, datatype: float64}
# - {name: johnson_B, datatype: float64}
# - {name: johnson_V, datatype: float64}
# - {name: johnson_R, datatype: float64}
# - {name: johnson_I, datatype: float64}
# - {name: sdss_u, datatype: float64}
# - {name: sdss_g, datatype: float64}
# - {name: sdss_r, datatype: float64}
# - {name: sdss_i, datatype: float64}
# - {name: sdss_z, datatype: float64}
# - {name: PS1_g, datatype: float64}
# - {name: PS1_r, datatype: float64}
# - {name: PS1_i, datatype: float64}
# - {name: PS1_z, datatype: float64}
# - {name: PS1_Y, datatype: float64}
# - {name: ukirt_J, datatype: float64}
# - {name: ukirt_H, datatype: float64}
# - {name: ukirt_K, datatype: float64}
# meta: !!omap
# - comment: [E = 0.0022477106672309025, Eta0 = 8.02, GammaB = 12.0, dL = 0.012188, epsb = 6.760829753919819e-06, epse = 0.1, n = 1.584893192461114,
#     p = 2.15, theta_obs = 0.29670597283903605, xiN = 1.0, z = 0.0, type = grb, E_kiso = 5.1794746792312125]
# schema: astropy-2.0
time swift_uvot_uvw2 swift_uvot_uvm2 swift_uvot_uvw1 swift_uvot_U swift_uvot_B swift_uvot_V swift_uvot_W johnson_U johnson_B johnson_V johnson_R johnson_I sdss_u sdss_g sdss_r sdss_i sdss_z PS1_g PS1_r PS1_i PS1_z PS1_Y ukirt_J ukirt_H ukirt_K
[from data line 179]
0.7129 -4.392 -4.342 -4.417 -4.61 -4.753 -4.892 -4.531 -4.633 -4.755 -4.897 -5.037 -5.186 -4.628 -4.8 -4.972 -5.093 -5.203 -4.864 -5.006 -5.126 -5.225 -5.394 -5.415 -5.585 -5.775
0.7301 -4.391 -4.342 -4.417 -4.61 -4.752 -4.891 -4.53 -4.632 -4.754 -4.896 -5.037 -5.185 -4.627 -4.8 -4.971 -5.092 -5.203 -4.863 -5.006 -5.126 -5.225 -5.393 -5.415 -5.584 -5.774
0.7477 -4.391 -4.341 -4.416 -4.609 -4.752 -4.891 -4.53 -4.631 -4.754 -4.896 -5.036 -5.185 -4.626 -4.799 -4.971 -5.092 -5.202 -4.863 -5.005 -5.125 -5.224 -5.392 -5.414 -5.584 -5.774
0.7658 -4.39 -4.341 -4.416 -4.609 -4.751 -4.89 -4.529 -4.631 -4.753 -4.895 -5.036 -5.184 -4.626 -4.798 -4.97 -5.091 -5.202 -4.862 -5.005 -5.125 -5.224 -5.392 -5.414 -5.583 -5.773
0.7842 -4.39 -4.34 -4.415 -4.608 -4.75 -4.89 -4.529 -4.63 -4.753 -4.895 -5.035 -5.184 -4.625 -4.798 -4.97 -5.091 -5.201 -4.862 -5.004 -5.124 -5.223 -5.391 -5.413 -5.582 -5.773
0.8032 -4.389 -4.34 -4.415 -4.607 -4.75 -4.889 -4.528 -4.63 -4.752 -4.894 -5.035 -5.183 -4.625 -4.797 -4.969 -5.09 -5.201 -4.861 -5.004 -5.124 -5.223 -5.391 -5.413 -5.582 -5.772
0.8225 -4.387 -4.338 -4.413 -4.606 -4.748 -4.887 -4.526 -4.628 -4.75 -4.892 -5.033 -5.181 -4.623 -4.796 -4.967 -5.088 -5.199 -4.859 -5.002 -5.122 -5.221 -5.389 -5.411 -5.58 -5.77
0.8424 -4.385 -4.335 -4.41 -4.603 -4.746 -4.885 -4.524 -4.626 -4.748 -4.89 -5.03 -5.179 -4.621 -4.793 -4.965 -5.086 -5.196 -4.857 -5.0 -5.119 -5.218 -5.387 -5.408 -5.578 -5.768
0.8627 -4.383 -4.333 -4.408 -4.601 -4.743 -4.882 -4.522 -4.623 -4.746 -4.888 -5.028 -5.177 -4.618 -4.791 -4.963 -5.083 -5.194 -4.855 -4.997 -5.117 -5.216 -5.384 -5.406 -5.575 -5.766
0.8835 -4.38 -4.331 -4.406 -4.599 -4.741 -4.88 -4.519 -4.621 -4.743 -4.885 -5.026 -5.174 -4.616 -4.789 -4.96 -5.081 -5.192 -4.852 -4.995 -5.115 -5.214 -5.382 -5.404 -5.573 -5.763
0.9048 -4.378 -4.328 -4.403 -4.596 -4.739 -4.878 -4.517 -4.619 -4.741 -4.883 -5.023 -5.172 -4.614 -4.786 -4.958 -5.079 -5.189 -4.85 -4.993 -5.112 -5.211 -5.38 -5.401 -5.571 -5.761
0.9266 -4.376 -4.326 -4.401 -4.594 -4.736 -4.875 -4.515 -4.616 -4.739 -4.881 -5.021 -5.17 -4.611 -4.784 -4.956 -5.076 -5.187 -4.848 -4.99 -5.11 -5.209 -5.377 -5.399 -5.568 -5.759
0.949 -4.373 -4.324 -4.399 -4.592 -4.734 -4.873 -4.512 -4.614 -4.736 -4.878 -5.019 -5.167 -4.609 -4.782 -4.953 -5.074 -5.185 -4.845 -4.988 -5.108 -5.207 -5.375 -5.397 -5.566 -5.756
0.9719 -4.371 -4.321 -4.396 -4.589 -4.732 -4.871 -4.51 -4.612 -4.734 -4.876 -5.016 -5.165 -4.607 -4.779 -4.951 -5.072 -5.182 -4.843 -4.985 -5.105 -5.204 -5.373 -5.394 -5.564 -5.754
0.9953 -4.369 -4.319 -4.394 -4.587 -4.729 -4.868 -4.508 -4.609 -4.732 -4.874 -5.014 -5.163 -4.604 -4.777 -4.949 -5.069 -5.18 -4.841 -4.983 -5.103 -5.202 -5.37 -5.392 -5.561 -5.752
1.0194 -4.366 -4.317 -4.392 -4.585 -4.727 -4.866 -4.505 -4.607 -4.729 -4.871 -5.012 -5.16 -4.602 -4.774 -4.946 -5.067 -5.178 -4.838 -4.981 -5.101 -5.2 -5.368 -5.39 -5.559 -5.749
1.0439 -4.367 -4.318 -4.393 -4.586 -4.728 -4.867 -4.506 -4.608 -4.731 -4.872 -5.013 -5.161 -4.603 -4.776 -4.947 -5.068 -5.179 -4.839 -4.982 -5.102 -5.201 -5.369 -5.391 -5.56 -5.75
1.0691 -4.369 -4.32 -4.394 -4.587 -4.73 -4.869 -4.508 -4.61 -4.732 -4.874 -5.015 -5.163 -4.605 -4.777 -4.949 -5.07 -5.181 -4.841 -4.984 -5.104 -5.203 -5.371 -5.393 -5.562 -5.752
1.0949 -4.371 -4.321 -4.396 -4.589 -4.732 -4.871 -4.51 -4.612 -4.734 -4.876 -5.016 -5.165 -4.607 -4.779 -4.951 -5.072 -5.182 -4.843 -4.985 -5.105 -5.204 -5.373 -5.394 -5.564 -5.754
1.1213 -4.373 -4.323 -4.398 -4.591 -4.733 -4.872 -4.512 -4.613 -4.736 -4.878 -5.018 -5.167 -4.608 -4.781 -4.953 -5.073 -5.184 -4.845 -4.987 -5.107 -5.206 -5.374 -5.396 -5.565 -5.756
1.1484 -4.374 -4.325 -4.4 -4.593 -4.735 -4.874 -4.513 -4.615 -4.737 -4.879 -5.02 -5.168 -4.61 -4.783 -4.954 -5.075 -5.186 -4.846 -4.989 -5.109 -5.208 -5.376 -5.398 -5.567 -5.757
1.1761 -4.376 -4.327 -4.401 -4.594 -4.737 -4.876 -4.515 -4.617 -4.739 -4.881 -5.021 -5.17 -4.612 -4.784 -4.956 -5.077 -5.187 -4.848 -4.991 -5.11 -5.209 -5.378 -5.399 -5.569 -5.759
1.2044 -4.378 -4.328 -4.403 -4.596 -4.738 -4.878 -4.517 -4.618 -4.741 -4.883 -5.023 -5.172 -4.613 -4.786 -4.958 -5.079 -5.189 -4.85 -4.992 -5.112 -5.211 -5.379 -5.401 -5.57 -5.761
1.2335 -4.379 -4.33 -4.405 -4.598 -4.74 -4.879 -4.518 -4.62 -4.743 -4.884 -5.025 -5.173 -4.615 -4.788 -4.96 -5.08 -5.191 -4.851 -4.994 -5.114 -5.213 -5.381 -5.403 -5.572 -5.763
1.2633 -4.381 -4.332 -4.407 -4.599 -4.742 -4.881 -4.52 -4.622 -4.744 -4.886 -5.027 -5.175 -4.617 -4.789 -4.961 -5.082 -5.193 -4.853 -4.996 -5.116 -5.215 -5.383 -5.405 -5.574 -5.764
1.2937 -4.383 -4.333 -4.408 -4.601 -4.743 -4.883 -4.522 -4.623 -4.746 -4.888 -5.028 -5.177 -4.618 -4.791 -4.963 -5.084 -5.194 -4.855 -4.997 -5.117 -5.216 -5.384 -5.406 -5.575 -5.766
1.3249 -4.343 -4.294 -4.369 -4.562 -4.704 -4.843 -4.482 -4.584 -4.707 -4.848 -4.989 -5.137 -4.579 -4.752 -4.923 -5.044 -5.155 -4.815 -4.958 -5.078 -5.177 -5.345 -5.367 -5.536 -5.726
1.3569 -4.304 -4.255 -4.329 -4.522 -4.665 -4.804 -4.443 -4.545 -4.667 -4.809 -4.95 -5.098 -4.54 -4.712 -4.884 -5.005 -5.116 -4.776 -4.919 -5.038 -5.138 -5.306 -5.327 -5.497 -5.687
1.3896 -4.265 -4.215 -4.29 -4.483 -4.625 -4.765 -4.404 -4.505 -4.628 -4.77 -4.91 -5.059 -4.5 -4.673 -4.845 -4.966 -5.076 -4.737 -4.879 -4.999 -5.098 -5.266 -5.288 -5.457 -5.648
1.4232 -4.225 -4.176 -4.251 -4.444 -4.586 -4.725 -4.364 -4.466 -4.589 -4.73 -4.871 -5.019 -4.461 -4.634 -4.806 -4.926 -5.037 -4.697 -4.84 -4.96 -5.059 -5.227 -5.249 -5.418 -5.609
1.4575 -4.186 -4.137 -4.211 -4.404 -4.547 -4.686 -4.325 -4.427 -4.549 -4.691 -4.832 -4.98 -4.422 -4.594 -4.766 -4.887 -4.998 -4.658 -4.801 -4.921 -5.02 -5.188 -5.21 -5.379 -5.569
1.4927 -4.147 -4.097 -4.172 -4.365 -4.508 -4.647 -4.286 -4.387 -4.51 -4.652 -4.792 -4.941 -4.382 -4.555 -4.727 -4.848 -4.958 -4.619 -4.761 -4.881 -4.98 -5.148 -5.17 -5.34 -5.53
1.5287 -4.107 -4.058 -4.133 -4.326 -4.468 -4.607 -4.247 -4.348 -4.471 -4.612 -4.753 -4.902 -4.343 -4.516 -4.688 -4.808 -4.919 -4.579 -4.722 -4.842 -4.941 -5.109 -5.131 -5.3 -5.491
1.5655 -4.068 -4.019 -4.094 -4.286 -4.429 -4.568 -4.207 -4.309 -4.431 -4.573 -4.714 -4.862 -4.304 -4.476 -4.648 -4.769 -4.88 -4.54 -4.683 -4.803 -4.902 -5.07 -5.092 -5.261 -5.451
1.6033 -4.029 -3.979 -4.054 -4.247 -4.39 -4.529 -4.168 -4.27 -4.392 -4.534 -4.674 -4.823 -4.264 -4.437 -4.609 -4.73 -4.84 -4.501 -4.643 -4.763 -4.862 -5.031 -5.052 -5.222 -5.412
1.642 -3.986 -3.937 -4.011 -4.204 -4.347 -4.486 -4.125 -4.227 -4.349 -4.491 -4.632 -4.78 -4.222 -4.394 -4.566 -4.687 -4.798 -4.458 -4.601 -4.72 -4.819 -4.988 -5.009 -5.179 -5.369
1.6816 -3.923 -3.874 -3.949 -4.142 -4.284 -4.423 -4.062 -4.164 -4.287 -4.428 -4.569 -4.717 -4.159 -4.332 -4.503 -4.624 -4.735 -4.395 -4.538 -4.658 -4.757 -4.925 -4.947 -5.116 -5.306
1.7222 -3.861 -3.811 -3.886 -4.079 -4.221 -4.361 -4.0 -4.101 -4.224 -4.366 -4.506 -4.655 -4.096 -4.269 -4.441 -4.562 -4.672 -4.333 -4.475 -4.595 -4.694 -4.862 -4.884 -5.053 -5.244
1.7637 -3.798 -3.749 -3.823 -4.016 -4.159 -4.298 -3.937 -4.039 -4.161 -4.303 -4.444 -4.592 -4.034 -4.206 -4.378 -4.499 -4.609 -4.27 -4.413 -4.532 -4.631 -4.8 -4.821 -4.991 -5.181
1.8062 -3.735 -3.686 -3.761 -3.954 -4.096 -4.235 -3.874 -3.976 -4.099 -4.24 -4.381 -4.529 -3.971 -4.144 -4.315 -4.436 -4.547 -4.207 -4.35 -4.47 -4.569 -4.737 -4.759 -4.928 -5.118
1.8498 -3.673 -3.623 -3.698 -3.891 -4.033 -4.173 -3.812 -3.913 -4.036 -4.178 -4.318 -4.467 -3.908 -4.081 -4.253 -4.373 -4.484 -4.145 -4.287 -4.407 -4.506 -4.674 -4.696 -4.865 -5.056
1.8944 -3.61 -3.561 -3.635 -3.828 -3.971 -4.11 -3.749 -3.851 -3.973 -4.115 -4.256 -4.404 -3.846 -4.018 -4.19 -4.311 -4.421 -4.082 -4.225 -4.344 -4.443 -4.612 -4.633 -4.803 -4.993
1.9401 -3.547 -3.498 -3.573 -3.766 -3.908 -4.047 -3.686 -3.788 -3.91 -4.052 -4.193 -4.341 -3.783 -3.956 -4.127 -4.248 -4.359 -4.019 -4.162 -4.282 -4.381 -4.549 -4.571 -4.74 -4.93
1.9869 -3.485 -3.435 -3.51 -3.703 -3.845 -3.985 -3.624 -3.725 -3.848 -3.99 -4.13 -4.279 -3.72 -3.893 -4.065 -4.185 -4.296 -3.957 -4.099 -4.219 -4.318 -4.486 -4.508 -4.677 -4.868
2.0349 -3.422 -3.373 -3.447 -3.64 -3.783 -3.922 -3.561 -3.663 -3.785 -3.927 -4.067 -4.216 -3.658 -3.83 -4.002 -4.123 -4.233 -3.894 -4.037 -4.156 -4.255 -4.424 -4.445 -4.615 -4.805
2.084 -3.357 -3.307 -3.382 -3.575 -3.717 -3.857 -3.496 -3.597 -3.72 -3.862 -4.002 -4.151 -3.592 -3.765 -3.937 -4.057 -4.168 -3.829 -3.971 -4.091 -4.19 -4.358 -4.38 -4.549 -4.74
2.1342 -3.285 -3.235 -3.31 -3.503 -3.646 -3.785 -3.424 -3.526 -3.648 -3.79 -3.93 -4.079 -3.521 -3.693 -3.865 -3.986 -4.096 -3.757 -3.9 -4.019 -4.118 -4.287 -4.308 -4.478 -4.668
2.1857 -3.213 -3.164 -3.239 -3.432 -3.574 -3.713 -3.352 -3.454 -3.576 -3.718 -3.859 -4.007 -3.449 -3.621 -3.793 -3.914 -4.025 -3.685 -3.828 -3.948 -4.047 -4.215 -4.237 -4.406 -4.596
2.2384 -3.141 -3.092 -3.167 -3.36 -3.502 -3.641 -3.281 -3.382 -3.505 -3.646 -3.787 -3.936 -3.377 -3.55 -3.722 -3.842 -3.953 -3.614 -3.756 -3.876 -3.975 -4.143 -4.165 -4.334 -4.525
2.2924 -3.07 -3.02 -3.095 -3.288 -3.43 -3.57 -3.209 -3.31 -3.433 -3.575 -3.715 -3.864 -3.305 -3.478 -3.65 -3.771 -3.881 -3.542 -3.684 -3.804 -3.903 -4.071 -4.093 -4.262 -4.453
2.3477 -2.998 -2.949 -3.023 -3.216 -3.359 -3.498 -3.137 -3.239 -3.361 -3.503 -3.644 -3.792 -3.234 -3.406 -3.578 -3.699 -3.809 -3.47 -3.613 -3.732 -3.831 -4.0 -4.021 -4.191 -4.381
2.4044 -2.926 -2.877 -2.952 -3.145 -3.287 -3.426 -3.065 -3.167 -3.289 -3.431 -3.572 -3.72 -3.162 -3.335 -3.506 -3.627 -3.738 -3.398 -3.541 -3.661 -3.76 -3.928 -3.95 -4.119 -4.309
2.4624 -2.855 -2.805 -2.88 -3.073 -3.215 -3.354 -2.994 -3.095 -3.218 -3.36 -3.5 -3.649 -3.09 -3.263 -3.435 -3.555 -3.666 -3.327 -3.469 -3.589 -3.688 -3.856 -3.878 -4.047 -4.238
2.5218 -2.783 -2.733 -2.808 -3.001 -3.144 -3.283 -2.922 -3.024 -3.146 -3.288 -3.428 -3.577 -3.019 -3.191 -3.363 -3.484 -3.594 -3.255 -3.397 -3.517 -3.616 -3.785 -3.806 -3.976 -4.166
2.5826 -2.711 -2.662 -2.736 -2.929 -3.072 -3.211 -2.85 -2.952 -3.074 -3.216 -3.357 -3.505 -2.947 -3.119 -3.291 -3.412 -3.523 -3.183 -3.326 -3.446 -3.545 -3.713 -3.735 -3.904 -4.094
2.6449 -2.639 -2.59 -2.664 -2.857 -3.0 -3.139 -2.778 -2.88 -3.002 -3.144 -3.285 -3.433 -2.875 -3.047 -3.219 -3.34 -3.45 -3.111 -3.254 -3.373 -3.472 -3.641 -3.662 -3.832 -4.022
2.7087 -2.566 -2.517 -2.592 -2.785 -2.927 -3.066 -2.706 -2.807 -2.93 -3.072 -3.212 -3.361 -2.802 -2.975 -3.147 -3.267 -3.378 -3.039 -3.181 -3.301 -3.4 -3.568 -3.59 -3.759 -3.95
2.7741 -2.494 -2.444 -2.519 -2.712 -2.855 -2.994 -2.633 -2.735 -2.857 -2.999 -3.139 -3.288 -2.73 -2.902 -3.074 -3.195 -3.305 -2.966 -3.109 -3.228 -3.327 -3.496 -3.517 -3.687 -3.877
2.841 -2.421 -2.372 -2.447 -2.64 -2.782 -2.921 -2.56 -2.662 -2.785 -2.926 -3.067 -3.215 -2.657 -2.83 -3.002 -3.122 -3.233 -2.893 -3.036 -3.156 -3.255 -3.423 -3.445 -3.614 -3.805
2.9095 -2.349 -2.299 -2.374 -2.567 -2.71 -2.849 -2.488 -2.59 -2.712 -2.854 -2.994 -3.143 -2.585 -2.757 -2.929 -3.05 -3.16 -2.821 -2.963 -3.083 -3.182 -3.351 -3.372 -3.542 -3.732
2.9797 -2.276 -2.227 -2.302 -2.495 -2.637 -2.776 -2.415 -2.517 -2.64 -2.781 -2.922 -3.07 -2.512 -2.685 -2.856 -2.977 -3.088 -2.748 -2.891 -3.011 -3.11 -3.278 -3.3 -3.469 -3.659
3.0516 -2.204 -2.154 -2.229 -2.422 -2.565 -2.704 -2.343 -2.445 -2.567 -2.709 -2.849 -2.998 -2.44 -2.612 -2.784 -2.905 -3.015 -2.676 -2.818 -2.938 -3.037 -3.206 -3.227 -3.397 -3.587
3.1252 -2.131 -2.082 -2.157 -2.35 -2.492 -2.631 -2.27 -2.372 -2.494 -2.636 -2.777 -2.925 -2.367 -2.54 -2.711 -2.832 -2.943 -2.603 -2.746 -2.866 -2.965 -3.133 -3.155 -3.324 -3.514
3.2006 -2.059 -2.009 -2.084 -2.277 -2.42 -2.559 -2.198 -2.299 -2.422 -2.564 -2.704 -2.853 -2.294 -2.467 -2.639 -2.76 -2.87 -2.531 -2.673 -2.793 -2.892 -3.06 -3.082 -3.252 -3.442
3.2778 -1.986 -1.937 -2.012 -2.205 -2.347 -2.486 -2.125 -2.227 -2.349 -2.491 -2.632 -2.78 -2.222 -2.395 -2.566 -2.687 -2.798 -2.458 -2.601 -2.721 -2.82 -2.988 -3.01 -3.179 -3.369
3.3569 -1.918 -1.868 -1.943 -2.136 -2.278 -2.418 -2.057 -2.158 -2.281 -2.423 -2.563 -2.712 -2.153 -2.326 -2.498 -2.618 -2.729 -2.39 -2.532 -2.652 -2.751 -2.919 -2.941 -3.11 -3.301
3.4378 -1.852 -1.802 -1.877 -2.07 -2.213 -2.352 -1.991 -2.093 -2.215 -2.357 -2.497 -2.646 -2.088 -2.26 -2.432 -2.553 -2.663 -2.324 -2.467 -2.586 -2.685 -2.854 -2.875 -3.045 -3.235
3.5208 -1.786 -1.737 -1.812 -2.005 -2.147 -2.286 -1.925 -2.027 -2.149 -2.291 -2.432 -2.58 -2.022 -2.194 -2.366 -2.487 -2.598 -2.258 -2.401 -2.521 -2.62 -2.788 -2.81 -2.979 -3.169
3.6057 -1.72 -1.671 -1.746 -1.939 -2.081 -2.22 -1.86 -1.961 -2.084 -2.226 -2.366 -2.515 -1.956 -2.129 -2.301 -2.421 -2.532 -2.193 -2.335 -2.455 -2.554 -2.722 -2.744 -2.913 -3.104
3.6927 -1.655 -1.605 -1.68 -1.873 -2.016 -2.155 -1.794 -1.895 -2.018 -2.16 -2.3 -2.449 -1.89 -2.063 -2.235 -2.356 -2.466 -2.127 -2.269 -2.389 -2.488 -2.656 -2.678 -2.848 -3.038
3.7818 -1.589 -1.54 -1.614 -1.807 -1.95 -2.089 -1.728 -1.83 -1.952 -2.094 -2.235 -2.383 -1.825 -1.997 -2.169 -2.29 -2.401 -2.061 -2.204 -2.323 -2.422 -2.591 -2.612 -2.782 -2.972
3.873 -1.523 -1.474 -1.549 -1.742 -1.884 -2.023 -1.662 -1.764 -1.886 -2.028 -2.169 -2.317 -1.759 -1.932 -2.103 -2.224 -2.335 -1.995 -2.138 -2.258 -2.357 -2.525 -2.547 -2.716 -2.906
3.9664 -1.458 -1.408 -1.483 -1.676 -1.818 -1.957 -1.597 -1.698 -1.821 -1.963 -2.103 -2.252 -1.693 -1.866 -2.038 -2.158 -2.269 -1.93 -2.072 -2.192 -2.291 -2.459 -2.481 -2.65 -2.841
4.0621 -1.392 -1.342 -1.417 -1.61 -1.753 -1.892 -1.531 -1.633 -1.755 -1.897 -2.037 -2.186 -1.628 -1.8 -1.972 -2.093 -2.203 -1.864 -2.006 -2.126 -2.225 -2.394 -2.415 -2.585 -2.775
4.1601 -1.326 -1.277 -1.352 -1.545 -1.687 -1.826 -1.465 -1.567 -1.689 -1.831 -1.972 -2.12 -1.562 -1.734 -1.906 -2.027 -2.138 -1.798 -1.941 -2.061 -2.16 -2.328 -2.35 -2.519 -2.709
4.2604 -1.267 -1.218 -1.293 -1.486 -1.628 -1.767 -1.406 -1.508 -1.631 -1.772 -1.913 -2.061 -1.503 -1.676 -1.847 -1.968 -2.079 -1.739 -1.882 -2.002 -2.101 -2.269 -2.291 -2.46 -2.65
4.3632 -1.211 -1.162 -1.237 -1.43 -1.572 -1.711 -1.35 -1.452 -1.574 -1.716 -1.857 -2.005 -1.447 -1.62 -1.791 -1.912 -2.023 -1.683 -1.826 -1.946 -2.045 -2.213 -2.235 -2.404 -2.594
4.4685 -1.155 -1.106 -1.181 -1.374 -1.516 -1.655 -1.294 -1.396 -1.518 -1.66 -1.801 -1.949 -1.391 -1.563 -1.735 -1.856 -1.967 -1.627 -1.77 -1.89 -1.989 -2.157 -2.179 -2.348 -2.538
4.5763 -1.099 -1.05 -1.124 -1.317 -1.46 -1.599 -1.238 -1.34 -1.462 -1.604 -1.745 -1.893 -1.335 -1.507 -1.679 -1.8 -1.911 -1.571 -1.714 -1.834 -1.933 -2.101 -2.123 -2.292 -2.482
4.6867 -1.043 -0.994 -1.068 -1.261 -1.404 -1.543 -1.182 -1.284 -1.406 -1.548 -1.689 -1.837 -1.279 -1.451 -1.623 -1.744 -1.854 -1.515 -1.658 -1.777 -1.876 -2.045 -2.066 -2.236 -2.426
4.7997 -0.987 -0.937 -1.012 -1.205 -1.348 -1.487 -1.126 -1.228 -1.35 -1.492 -1.632 -1.781 -1.223 -1.395 -1.567 -1.688 -1.798 -1.459 -1.602 -1.721 -1.82 -1.989 -2.01 -2.18 -2.37
4.9155 -0.931 -0.881 -0.956 -1.149 -1.292 -1.431 -1.07 -1.172 -1.294 -1.436 -1.576 -1.725 -1.167 -1.339 -1.511 -1.632 -1.742 -1.403 -1.545 -1.665 -1.764 -1.933 -1.954 -2.124 -2.314
5.0341 -0.875 -0.825 -0.9 -1.093 -1.236 -1.375 -1.014 -1.115 -1.238 -1.38 -1.52 -1.669 -1.11 -1.283 -1.455 -1.576 -1.686 -1.347 -1.489 -1.609 -1.708 -1.876 -1.898 -2.068 -2.258
5.1555 -0.819 -0.769 -0.844 -1.037 -1.179 -1.319 -0.958 -1.059 -1.182 -1.324 -1.464 -1.613 -1.054 -1.227 -1.399 -1.52 -1.63 -1.291 -1.433 -1.553 -1.652 -1.82 -1.842 -2.011 -2.202
5.2799 -0.763 -0.713 -0.788 -0.981 -1.123 -1.262 -0.902 -1.003 -1.126 -1.268 -1.408 -1.557 -0.998 -1.171 -1.343 -1.463 -1.574 -1.235 -1.377 -1.497 -1.596 -1.764 -1.786 -1.955 -2.146
5.4072 -0.708 -0.659 -0.734 -0.926 -1.069 -1.208 -0.847 -0.949 -1.071 -1.213 -1.354 -1.502 -0.944 -1.116 -1.288 -1.409 -1.52 -1.18 -1.323 -1.443 -1.542 -1.71 -1.732 -1.901 -2.091
5.5377 -0.654 -0.604 -0.679 -0.872 -1.015 -1.154 -0.793 -0.895 -1.017 -1.159 -1.299 -1.448 -0.89 -1.062 -1.234 -1.355 -1.465 -1.126 -1.268 -1.388 -1.487 -1.656 -1.677 -1.847 -2.037
5.6713 -0.6 -0.55 -0.625 -0.818 -0.96 -1.1 -0.739 -0.84 -0.963 -1.105 -1.245 -1.394 -0.835 -1.008 -1.18 -1.3 -1.411 -1.072 -1.214 -1.334 -1.433 -1.601 -1.623 -1.792 -1.983
