web/models/grb/offaxis/1/grb_0.2967_100.0000_0.0398107.dat
# %ECSV 1.0
# ---
# datatype:
# - {name: time, datatype: float64}
# - {name: swift_uvot_uvw2, datatype: float64}
# - {name: swift_uvot_uvm2, datatype: float64}
# - {name: swift_uvot_uvw1, datatype: float64}
# - {name: swift_uvot_U, datatype: float64}
# - {name: swift_uvot_B, datatype: float64}
# - {name: swift_uvot_V, datatype: float64}
# - {name: swift_uvot_W, datatype: float64}
# - {name: johnson_U, datatype: float64}
# - {name: johnson_B, datatype: float64}
# - {name: johnson_V, datatype: float64}
# - {name: johnson_R, datatype: float64}
# - {name: johnson_I, datatype: float64}
# - {name: sdss_u, datatype: float64}
# - {name: sdss_g, datatype: float64}
# - {name: sdss_r, datatype: float64}
# - {name: sdss_i, datatype: float64}
# - {name: sdss_z, datatype: float64}
# - {name: PS1_g, datatype: float64}
# - {name: PS1_r, datatype: float64}
# - {name: PS1_i, datatype: float64}
# - {name: PS1_z, datatype: float64}
# - {name: PS1_Y, datatype: float64}
# - {name: ukirt_J, datatype: float64}
# - {name: ukirt_H, datatype: float64}
# - {name: ukirt_K, datatype: float64}
# meta: !!omap
# - comment: [E = 0.043396498804093575, Eta0 = 8.02, GammaB = 12.0, dL = 0.012188, epsb = 6.760829753919819e-06, epse = 0.1, n = 0.03981071705534969,
#     p = 2.15, theta_obs = 0.29670597283903605, xiN = 1.0, z = 0.0, type = grb, E_kiso = 100.0]
# schema: astropy-2.0
time swift_uvot_uvw2 swift_uvot_uvm2 swift_uvot_uvw1 swift_uvot_U swift_uvot_B swift_uvot_V swift_uvot_W johnson_U johnson_B johnson_V johnson_R johnson_I sdss_u sdss_g sdss_r sdss_i sdss_z PS1_g PS1_r PS1_i PS1_z PS1_Y ukirt_J ukirt_H ukirt_K
[from data line 187]
0.8627 -3.438 -3.388 -3.463 -3.656 -3.798 -3.937 -3.577 -3.678 -3.801 -3.943 -4.083 -4.232 -3.673 -3.846 -4.018 -4.138 -4.249 -3.91 -4.052 -4.172 -4.271 -4.439 -4.461 -4.63 -4.821
0.8835 -3.454 -3.405 -3.48 -3.673 -3.815 -3.954 -3.593 -3.695 -3.817 -3.959 -4.1 -4.248 -3.69 -3.862 -4.034 -4.155 -4.266 -3.926 -4.069 -4.189 -4.288 -4.456 -4.478 -4.647 -4.837
0.9048 -3.469 -3.42 -3.495 -3.688 -3.83 -3.969 -3.608 -3.71 -3.832 -3.974 -4.115 -4.263 -3.705 -3.877 -4.049 -4.17 -4.281 -3.941 -4.084 -4.204 -4.303 -4.471 -4.493 -4.662 -4.852
0.9266 -3.483 -3.433 -3.508 -3.701 -3.843 -3.982 -3.622 -3.723 -3.846 -3.988 -4.128 -4.277 -3.718 -3.891 -4.063 -4.183 -4.294 -3.955 -4.097 -4.217 -4.316 -4.484 -4.506 -4.675 -4.866
0.949 -3.496 -3.446 -3.521 -3.714 -3.857 -3.996 -3.635 -3.737 -3.859 -4.001 -4.141 -4.29 -3.732 -3.904 -4.076 -4.197 -4.307 -3.968 -4.111 -4.23 -4.329 -4.498 -4.519 -4.689 -4.879
0.9719 -3.509 -3.46 -3.535 -3.728 -3.87 -4.009 -3.648 -3.75 -3.872 -4.014 -4.155 -4.303 -3.745 -3.918 -4.089 -4.21 -4.321 -3.981 -4.124 -4.244 -4.343 -4.511 -4.533 -4.702 -4.892
0.9953 -3.523 -3.473 -3.548 -3.741 -3.883 -4.023 -3.662 -3.763 -3.886 -4.028 -4.168 -4.317 -3.758 -3.931 -4.103 -4.223 -4.334 -3.995 -4.137 -4.257 -4.356 -4.524 -4.546 -4.715 -4.906
1.0194 -3.536 -3.487 -3.561 -3.754 -3.897 -4.036 -3.675 -3.777 -3.899 -4.041 -4.182 -4.33 -3.772 -3.944 -4.116 -4.237 -4.348 -4.008 -4.151 -4.27 -4.369 -4.538 -4.559 -4.729 -4.919
1.0439 -3.549 -3.5 -3.575 -3.768 -3.91 -4.049 -3.688 -3.79 -3.913 -4.054 -4.195 -4.343 -3.785 -3.958 -4.13 -4.25 -4.361 -4.021 -4.164 -4.284 -4.383 -4.551 -4.573 -4.742 -4.933
1.0691 -3.563 -3.513 -3.588 -3.781 -3.924 -4.063 -3.702 -3.804 -3.926 -4.068 -4.208 -4.357 -3.798 -3.971 -4.143 -4.264 -4.374 -4.035 -4.177 -4.297 -4.396 -4.565 -4.586 -4.756 -4.946
1.0949 -3.576 -3.527 -3.602 -3.794 -3.937 -4.076 -3.715 -3.817 -3.939 -4.081 -4.222 -4.37 -3.812 -3.984 -4.156 -4.277 -4.388 -4.048 -4.191 -4.311 -4.41 -4.578 -4.6 -4.769 -4.959
1.1213 -3.59 -3.54 -3.615 -3.808 -3.95 -4.089 -3.729 -3.83 -3.953 -4.095 -4.235 -4.384 -3.825 -3.998 -4.17 -4.29 -4.401 -4.062 -4.204 -4.324 -4.423 -4.591 -4.613 -4.782 -4.973
1.1484 -3.605 -3.555 -3.63 -3.823 -3.965 -4.105 -3.744 -3.845 -3.968 -4.11 -4.25 -4.399 -3.84 -4.013 -4.185 -4.306 -4.416 -4.077 -4.219 -4.339 -4.438 -4.606 -4.628 -4.797 -4.988
1.1761 -3.621 -3.571 -3.646 -3.839 -3.982 -4.121 -3.76 -3.862 -3.984 -4.126 -4.266 -4.415 -3.856 -4.029 -4.201 -4.322 -4.432 -4.093 -4.235 -4.355 -4.454 -4.623 -4.644 -4.814 -5.004
1.2044 -3.637 -3.587 -3.662 -3.855 -3.998 -4.137 -3.776 -3.878 -4.0 -4.142 -4.282 -4.431 -3.873 -4.045 -4.217 -4.338 -4.448 -4.109 -4.251 -4.371 -4.47 -4.639 -4.66 -4.83 -5.02
1.2335 -3.653 -3.604 -3.678 -3.871 -4.014 -4.153 -3.792 -3.894 -4.016 -4.158 -4.298 -4.447 -3.889 -4.061 -4.233 -4.354 -4.464 -4.125 -4.268 -4.387 -4.486 -4.655 -4.676 -4.846 -5.036
1.2633 -3.669 -3.62 -3.694 -3.887 -4.03 -4.169 -3.808 -3.91 -4.032 -4.174 -4.315 -4.463 -3.905 -4.077 -4.249 -4.37 -4.481 -4.141 -4.284 -4.404 -4.503 -4.671 -4.693 -4.862 -5.052
1.2937 -3.685 -3.636 -3.711 -3.904 -4.046 -4.185 -3.824 -3.926 -4.048 -4.19 -4.331 -4.479 -3.921 -4.093 -4.265 -4.386 -4.497 -4.157 -4.3 -4.42 -4.519 -4.687 -4.709 -4.878 -5.068
1.3249 -3.701 -3.652 -3.727 -3.92 -4.062 -4.201 -3.84 -3.942 -4.064 -4.206 -4.347 -4.495 -3.937 -4.11 -4.281 -4.402 -4.513 -4.173 -4.316 -4.436 -4.535 -4.703 -4.725 -4.894 -5.084
1.3569 -3.717 -3.668 -3.743 -3.936 -4.078 -4.217 -3.856 -3.958 -4.081 -4.222 -4.363 -4.511 -3.953 -4.126 -4.298 -4.418 -4.529 -4.189 -4.332 -4.452 -4.551 -4.719 -4.741 -4.91 -5.1
1.3896 -3.733 -3.684 -3.759 -3.952 -4.094 -4.233 -3.873 -3.974 -4.097 -4.239 -4.379 -4.528 -3.969 -4.142 -4.314 -4.434 -4.545 -4.206 -4.348 -4.468 -4.567 -4.735 -4.757 -4.926 -5.117
1.4232 -3.75 -3.7 -3.775 -3.968 -4.11 -4.249 -3.889 -3.99 -4.113 -4.255 -4.395 -4.544 -3.985 -4.158 -4.33 -4.45 -4.561 -4.222 -4.364 -4.484 -4.583 -4.751 -4.773 -4.942 -5.133
1.4575 -3.763 -3.713 -3.788 -3.981 -4.124 -4.263 -3.902 -4.004 -4.126 -4.268 -4.408 -4.557 -3.999 -4.171 -4.343 -4.464 -4.574 -4.235 -4.377 -4.497 -4.596 -4.765 -4.786 -4.956 -5.146
1.4927 -3.775 -3.726 -3.801 -3.994 -4.136 -4.275 -3.914 -4.016 -4.138 -4.28 -4.421 -4.569 -4.011 -4.184 -4.355 -4.476 -4.587 -4.247 -4.39 -4.51 -4.609 -4.777 -4.799 -4.968 -5.158
1.5287 -3.788 -3.738 -3.813 -4.006 -4.149 -4.288 -3.927 -4.029 -4.151 -4.293 -4.433 -4.582 -4.024 -4.196 -4.368 -4.489 -4.599 -4.26 -4.402 -4.522 -4.621 -4.79 -4.811 -4.981 -5.171
1.5655 -3.8 -3.751 -3.826 -4.019 -4.161 -4.3 -3.939 -4.041 -4.164 -4.305 -4.446 -4.594 -4.036 -4.209 -4.38 -4.501 -4.612 -4.272 -4.415 -4.535 -4.634 -4.802 -4.824 -4.993 -5.183
1.6033 -3.813 -3.763 -3.838 -4.031 -4.174 -4.313 -3.952 -4.054 -4.176 -4.318 -4.458 -4.607 -4.049 -4.221 -4.393 -4.514 -4.624 -4.285 -4.427 -4.547 -4.646 -4.815 -4.836 -5.006 -5.196
1.642 -3.825 -3.776 -3.851 -4.044 -4.186 -4.325 -3.964 -4.066 -4.189 -4.33 -4.471 -4.619 -4.061 -4.234 -4.406 -4.526 -4.637 -4.297 -4.44 -4.56 -4.659 -4.827 -4.849 -5.018 -5.209
1.6816 -3.838 -3.788 -3.863 -4.056 -4.199 -4.338 -3.977 -4.079 -4.201 -4.343 -4.483 -4.632 -4.074 -4.246 -4.418 -4.539 -4.649 -4.31 -4.453 -4.572 -4.671 -4.84 -4.861 -5.031 -5.221
1.7222 -3.85 -3.801 -3.876 -4.069 -4.211 -4.35 -3.99 -4.091 -4.214 -4.355 -4.496 -4.645 -4.086 -4.259 -4.431 -4.551 -4.662 -4.322 -4.465 -4.585 -4.684 -4.852 -4.874 -5.043 -5.234
1.7637 -3.863 -3.814 -3.888 -4.081 -4.224 -4.363 -4.002 -4.104 -4.226 -4.368 -4.508 -4.657 -4.099 -4.271 -4.443 -4.564 -4.674 -4.335 -4.478 -4.597 -4.696 -4.865 -4.886 -5.056 -5.246
1.8062 -3.875 -3.826 -3.901 -4.094 -4.236 -4.375 -4.015 -4.116 -4.239 -4.381 -4.521 -4.67 -4.111 -4.284 -4.456 -4.576 -4.687 -4.348 -4.49 -4.61 -4.709 -4.877 -4.899 -5.068 -5.259
1.8498 -3.883 -3.834 -3.908 -4.101 -4.244 -4.383 -4.022 -4.124 -4.246 -4.388 -4.529 -4.677 -4.119 -4.291 -4.463 -4.584 -4.694 -4.355 -4.498 -4.617 -4.716 -4.885 -4.906 -5.076 -5.266
1.8944 -3.89 -3.841 -3.916 -4.109 -4.251 -4.39 -4.029 -4.131 -4.253 -4.395 -4.536 -4.684 -4.126 -4.299 -4.47 -4.591 -4.702 -4.362 -4.505 -4.625 -4.724 -4.892 -4.914 -5.083 -5.273
1.9401 -3.897 -3.848 -3.923 -4.116 -4.258 -4.397 -4.037 -4.138 -4.261 -4.402 -4.543 -4.692 -4.133 -4.306 -4.478 -4.598 -4.709 -4.369 -4.512 -4.632 -4.731 -4.899 -4.921 -5.09 -5.281
1.9869 -3.905 -3.855 -3.93 -4.123 -4.265 -4.405 -4.044 -4.145 -4.268 -4.41 -4.55 -4.699 -4.14 -4.313 -4.485 -4.605 -4.716 -4.377 -4.519 -4.639 -4.738 -4.906 -4.928 -5.097 -5.288
2.0349 -3.912 -3.862 -3.937 -4.13 -4.273 -4.412 -4.051 -4.153 -4.275 -4.417 -4.557 -4.706 -4.148 -4.32 -4.492 -4.613 -4.723 -4.384 -4.526 -4.646 -4.745 -4.914 -4.935 -5.105 -5.295
2.084 -3.919 -3.87 -3.944 -4.137 -4.28 -4.419 -4.058 -4.16 -4.282 -4.424 -4.565 -4.713 -4.155 -4.327 -4.499 -4.62 -4.731 -4.391 -4.534 -4.653 -4.753 -4.921 -4.942 -5.112 -5.302
2.1342 -3.926 -3.877 -3.952 -4.145 -4.287 -4.426 -4.065 -4.167 -4.289 -4.431 -4.572 -4.72 -4.162 -4.335 -4.506 -4.627 -4.738 -4.398 -4.541 -4.661 -4.76 -4.928 -4.95 -5.119 -5.309
2.1857 -3.933 -3.884 -3.959 -4.152 -4.294 -4.433 -4.073 -4.174 -4.297 -4.439 -4.579 -4.728 -4.169 -4.342 -4.514 -4.634 -4.745 -4.406 -4.548 -4.668 -4.767 -4.935 -4.957 -5.126 -5.317
2.2384 -3.941 -3.891 -3.966 -4.159 -4.301 -4.441 -4.08 -4.181 -4.304 -4.446 -4.586 -4.735 -4.176 -4.349 -4.521 -4.642 -4.752 -4.413 -4.555 -4.675 -4.774 -4.942 -4.964 -5.133 -5.324
2.2924 -3.948 -3.899 -3.974 -4.167 -4.309 -4.448 -4.087 -4.189 -4.312 -4.453 -4.594 -4.742 -4.184 -4.357 -4.528 -4.649 -4.76 -4.42 -4.563 -4.683 -4.782 -4.95 -4.972 -5.141 -5.331
2.3477 -3.961 -3.911 -3.986 -4.179 -4.321 -4.46 -4.1 -4.201 -4.324 -4.466 -4.606 -4.755 -4.196 -4.369 -4.541 -4.661 -4.772 -4.433 -4.575 -4.695 -4.794 -4.962 -4.984 -5.153 -5.344
2.4044 -3.973 -3.923 -3.998 -4.191 -4.334 -4.473 -4.112 -4.214 -4.336 -4.478 -4.618 -4.767 -4.209 -4.381 -4.553 -4.674 -4.784 -4.445 -4.587 -4.707 -4.806 -4.975 -4.996 -5.166 -5.356
2.4624 -3.985 -3.936 -4.01 -4.203 -4.346 -4.485 -4.124 -4.226 -4.348 -4.49 -4.631 -4.779 -4.221 -4.393 -4.565 -4.686 -4.797 -4.457 -4.6 -4.72 -4.819 -4.987 -5.009 -5.178 -5.368
2.5218 -3.997 -3.948 -4.023 -4.216 -4.358 -4.497 -4.136 -4.238 -4.36 -4.502 -4.643 -4.791 -4.233 -4.406 -4.577 -4.698 -4.809 -4.469 -4.612 -4.732 -4.831 -4.999 -5.021 -5.19 -5.38
2.5826 -4.01 -3.96 -4.035 -4.228 -4.37 -4.509 -4.149 -4.25 -4.373 -4.515 -4.655 -4.804 -4.245 -4.418 -4.59 -4.71 -4.821 -4.482 -4.624 -4.744 -4.843 -5.011 -5.033 -5.202 -5.393
2.6449 -4.022 -3.972 -4.047 -4.24 -4.383 -4.522 -4.161 -4.263 -4.385 -4.527 -4.667 -4.816 -4.258 -4.43 -4.602 -4.723 -4.833 -4.494 -4.636 -4.756 -4.855 -5.024 -5.045 -5.215 -5.405
2.7087 -4.034 -3.985 -4.059 -4.252 -4.395 -4.534 -4.173 -4.275 -4.397 -4.539 -4.68 -4.828 -4.27 -4.442 -4.614 -4.735 -4.846 -4.506 -4.649 -4.769 -4.868 -5.036 -5.058 -5.227 -5.417
2.7741 -4.046 -3.997 -4.072 -4.265 -4.407 -4.546 -4.185 -4.287 -4.409 -4.551 -4.692 -4.84 -4.282 -4.455 -4.626 -4.747 -4.858 -4.518 -4.661 -4.781 -4.88 -5.048 -5.07 -5.239 -5.429
2.841 -4.059 -4.009 -4.084 -4.277 -4.419 -4.558 -4.198 -4.299 -4.422 -4.564 -4.704 -4.853 -4.294 -4.467 -4.639 -4.759 -4.87 -4.531 -4.673 -4.793 -4.892 -5.06 -5.082 -5.251 -5.442
2.9095 -4.07 -4.02 -4.095 -4.288 -4.43 -4.57 -4.209 -4.31 -4.433 -4.575 -4.715 -4.864 -4.305 -4.478 -4.65 -4.77 -4.881 -4.542 -4.684 -4.804 -4.903 -5.071 -5.093 -5.262 -5.453
2.9797 -4.077 -4.027 -4.102 -4.295 -4.438 -4.577 -4.216 -4.318 -4.44 -4.582 -4.722 -4.871 -4.312 -4.485 -4.657 -4.778 -4.888 -4.549 -4.691 -4.811 -4.91 -5.079 -5.1 -5.27 -5.46
3.0516 -4.084 -4.034 -4.109 -4.302 -4.445 -4.584 -4.223 -4.325 -4.447 -4.589 -4.729 -4.878 -4.32 -4.492 -4.664 -4.785 -4.895 -4.556 -4.699 -4.818 -4.917 -5.086 -5.107 -5.277 -5.467
3.1252 -4.091 -4.042 -4.116 -4.309 -4.452 -4.591 -4.23 -4.332 -4.454 -4.596 -4.737 -4.885 -4.327 -4.499 -4.671 -4.792 -4.902 -4.563 -4.706 -4.825 -4.924 -5.093 -5.114 -5.284 -5.474
3.2006 -4.098 -4.049 -4.124 -4.316 -4.459 -4.598 -4.237 -4.339 -4.461 -4.603 -4.744 -4.892 -4.334 -4.506 -4.678 -4.799 -4.91 -4.57 -4.713 -4.833 -4.932 -5.1 -5.122 -5.291 -5.481
3.2778 -4.105 -4.056 -4.131 -4.324 -4.466 -4.605 -4.244 -4.346 -4.468 -4.61 -4.751 -4.899 -4.341 -4.514 -4.685 -4.806 -4.917 -4.577 -4.72 -4.84 -4.939 -5.107 -5.129 -5.298 -5.488
3.3569 -4.112 -4.063 -4.138 -4.331 -4.473 -4.612 -4.251 -4.353 -4.476 -4.617 -4.758 -4.906 -4.348 -4.521 -4.693 -4.813 -4.924 -4.584 -4.727 -4.847 -4.946 -5.114 -5.136 -5.305 -5.495
3.4378 -4.12 -4.07 -4.145 -4.338 -4.48 -4.619 -4.259 -4.36 -4.483 -4.625 -4.765 -4.914 -4.355 -4.528 -4.7 -4.82 -4.931 -4.592 -4.734 -4.854 -4.953 -5.121 -5.143 -5.312 -5.503
3.5208 -4.127 -4.077 -4.152 -4.345 -4.487 -4.627 -4.266 -4.367 -4.49 -4.632 -4.772 -4.921 -4.362 -4.535 -4.707 -4.827 -4.938 -4.599 -4.741 -4.861 -4.96 -5.128 -5.15 -5.319 -5.51
3.6057 -4.134 -4.084 -4.159 -4.352 -4.495 -4.634 -4.273 -4.374 -4.497 -4.639 -4.779 -4.928 -4.369 -4.542 -4.714 -4.835 -4.945 -4.606 -4.748 -4.868 -4.967 -5.135 -5.157 -5.327 -5.517
3.6927 -4.139 -4.09 -4.165 -4.358 -4.5 -4.639 -4.278 -4.38 -4.502 -4.644 -4.785 -4.933 -4.375 -4.547 -4.719 -4.84 -4.951 -4.611 -4.754 -4.874 -4.973 -5.141 -5.163 -5.332 -5.522
3.7818 -4.142 -4.092 -4.167 -4.36 -4.502 -4.642 -4.281 -4.382 -4.505 -4.647 -4.787 -4.936 -4.377 -4.55 -4.722 -4.843 -4.953 -4.614 -4.756 -4.876 -4.975 -5.143 -5.165 -5.334 -5.525
3.873 -4.144 -4.095 -4.17 -4.363 -4.505 -4.644 -4.283 -4.385 -4.507 -4.649 -4.79 -4.938 -4.38 -4.553 -4.724 -4.845 -4.956 -4.616 -4.759 -4.879 -4.978 -5.146 -5.168 -5.337 -5.527
3.9664 -4.147 -4.097 -4.172 -4.365 -4.508 -4.647 -4.286 -4.388 -4.51 -4.652 -4.792 -4.941 -4.383 -4.555 -4.727 -4.848 -4.958 -4.619 -4.761 -4.881 -4.98 -5.149 -5.17 -5.34 -5.53
4.0621 -4.149 -4.1 -4.175 -4.368 -4.51 -4.649 -4.288 -4.39 -4.513 -4.654 -4.795 -4.943 -4.385 -4.558 -4.73 -4.85 -4.961 -4.621 -4.764 -4.884 -4.983 -5.151 -5.173 -5.342 -5.532
4.1601 -4.152 -4.102 -4.177 -4.37 -4.513 -4.652 -4.291 -4.393 -4.515 -4.657 -4.797 -4.946 -4.388 -4.56 -4.732 -4.853 -4.963 -4.624 -4.767 -4.886 -4.985 -5.154 -5.175 -5.345 -5.535
4.2604 -4.154 -4.105 -4.18 -4.373 -4.515 -4.654 -4.294 -4.395 -4.518 -4.66 -4.8 -4.949 -4.39 -4.563 -4.735 -4.855 -4.966 -4.627 -4.769 -4.889 -4.988 -5.156 -5.178 -5.347 -5.538
4.3632 -4.157 -4.108 -4.182 -4.375 -4.518 -4.657 -4.296 -4.398 -4.52 -4.662 -4.803 -4.951 -4.393 -4.565 -4.737 -4.858 -4.969 -4.629 -4.772 -4.891 -4.991 -5.159 -5.18 -5.35 -5.54
4.4685 -4.16 -4.11 -4.185 -4.378 -4.52 -4.659 -4.299 -4.4 -4.523 -4.665 -4.805 -4.954 -4.395 -4.568 -4.74 -4.86 -4.971 -4.632 -4.774 -4.894 -4.993 -5.161 -5.183 -5.352 -5.543
4.5763 -4.162 -4.113 -4.188 -4.381 -4.523 -4.662 -4.301 -4.403 -4.525 -4.667 -4.808 -4.956 -4.398 -4.57 -4.742 -4.863 -4.974 -4.634 -4.777 -4.897 -4.996 -5.164 -5.186 -5.355 -5.545
4.6867 -4.179 -4.129 -4.204 -4.397 -4.54 -4.679 -4.318 -4.42 -4.542 -4.684 -4.824 -4.973 -4.414 -4.587 -4.759 -4.88 -4.99 -4.651 -4.793 -4.913 -5.012 -5.181 -5.202 -5.372 -5.562
4.7997 -4.209 -4.159 -4.234 -4.427 -4.569 -4.709 -4.348 -4.449 -4.572 -4.714 -4.854 -5.003 -4.444 -4.617 -4.789 -4.91 -5.02 -4.681 -4.823 -4.943 -5.042 -5.21 -5.232 -5.401 -5.592
4.9155 -4.239 -4.189 -4.264 -4.457 -4.599 -4.739 -4.378 -4.479 -4.602 -4.744 -4.884 -5.033 -4.474 -4.647 -4.819 -4.94 -5.05 -4.711 -4.853 -4.973 -5.072 -5.24 -5.262 -5.431 -5.622
5.0341 -4.269 -4.219 -4.294 -4.487 -4.629 -4.769 -4.408 -4.509 -4.632 -4.774 -4.914 -5.063 -4.504 -4.677 -4.849 -4.969 -5.08 -4.741 -4.883 -5.003 -5.102 -5.27 -5.292 -5.461 -5.652
5.1555 -4.299 -4.249 -4.324 -4.517 -4.659 -4.798 -4.438 -4.539 -4.662 -4.804 -4.944 -5.093 -4.534 -4.707 -4.879 -4.999 -5.11 -4.771 -4.913 -5.033 -5.132 -5.3 -5.322 -5.491 -5.682
5.2799 -4.329 -4.279 -4.354 -4.547 -4.689 -4.828 -4.468 -4.569 -4.692 -4.834 -4.974 -5.123 -4.564 -4.737 -4.909 -5.029 -5.14 -4.801 -4.943 -5.063 -5.162 -5.33 -5.352 -5.521 -5.712
5.4072 -4.358 -4.309 -4.384 -4.577 -4.719 -4.858 -4.498 -4.599 -4.722 -4.864 -5.004 -5.153 -4.594 -4.767 -4.939 -5.059 -5.17 -4.831 -4.973 -5.093 -5.192 -5.36 -5.382 -5.551 -5.742
5.5377 -4.388 -4.339 -4.414 -4.607 -4.749 -4.888 -4.527 -4.629 -4.752 -4.893 -5.034 -5.183 -4.624 -4.797 -4.969 -5.089 -5.2 -4.86 -5.003 -5.123 -5.222 -5.39 -5.412 -5.581 -5.772
5.6713 -4.418 -4.369 -4.444 -4.637 -4.779 -4.918 -4.557 -4.659 -4.782 -4.923 -5.064 -5.212 -4.654 -4.827 -4.999 -5.119 -5.23 -4.89 -5.033 -5.153 -5.252 -5.42 -5.442 -5.611 -5.801
5.8081 -4.448 -4.399 -4.474 -4.667 -4.809 -4.948 -4.587 -4.689 -4.811 -4.953 -5.094 -5.242 -4.684 -4.857 -5.028 -5.149 -5.26 -4.92 -5.063 -5.183 -5.282 -5.45 -5.472 -5.641 -5.831
5.9482 -4.458 -4.409 -4.484 -4.677 -4.819 -4.958 -4.597 -4.699 -4.821 -4.963 -5.104 -5.252 -4.694 -4.867 -5.038 -5.159 -5.27 -4.93 -5.073 -5.193 -5.292 -5.46 -5.482 -5.651 -5.841
6.0917 -4.458 -4.408 -4.483 -4.676 -4.818 -4.958 -4.597 -4.698 -4.821 -4.963 -5.103 -5.252 -4.693 -4.866 -5.038 -5.159 -5.269 -4.93 -5.072 -5.192 -5.291 -5.459 -5.481 -5.65 -5.841
6.2386 -4.457 -4.408 -4.483 -4.676 -4.818 -4.957 -4.596 -4.698 -4.82 -4.962 -5.103 -5.251 -4.693 -4.865 -5.037 -5.158 -5.269 -4.929 -5.072 -5.192 -5.291 -5.459 -5.481 -5.65 -5.84
6.3891 -4.457 -4.407 -4.482 -4.675 -4.817 -4.957 -4.596 -4.697 -4.82 -4.962 -5.102 -5.251 -4.692 -4.865 -5.037 -5.157 -5.268 -4.929 -5.071 -5.191 -5.29 -5.458 -5.48 -5.649 -5.84
6.5433 -4.456 -4.407 -4.481 -4.674 -4.817 -4.956 -4.595 -4.697 -4.819 -4.961 -5.102 -5.25 -4.692 -4.864 -5.036 -5.157 -5.268 -4.928 -5.071 -5.191 -5.29 -5.458 -5.48 -5.649 -5.839
6.7011 -4.456 -4.406 -4.481 -4.674 -4.816 -4.955 -4.595 -4.696 -4.819 -4.961 -5.101 -5.25 -4.691 -4.864 -5.036 -5.156 -5.267 -4.928 -5.07 -5.19 -5.289 -5.457 -5.479 -5.648 -5.839
6.8627 -4.455 -4.406 -4.48 -4.673 -4.816 -4.955 -4.594 -4.696 -4.818 -4.96 -5.101 -5.249 -4.691 -4.863 -5.035 -5.156 -5.266 -4.927 -5.07 -5.189 -5.288 -5.457 -5.478 -5.648 -5.838
7.0283 -4.454 -4.405 -4.48 -4.673 -4.815 -4.954 -4.594 -4.695 -4.818 -4.959 -5.1 -5.249 -4.69 -4.863 -5.035 -5.155 -5.266 -4.926 -5.069 -5.189 -5.288 -5.456 -5.478 -5.647 -5.838
