web/models/grb/offaxis/1/grb_0.2967_7.1969_0.0000158.dat
# %ECSV 1.0
# ---
# datatype:
# - {name: time, datatype: float64}
# - {name: swift_uvot_uvw2, datatype: float64}
# - {name: swift_uvot_uvm2, datatype: float64}
# - {name: swift_uvot_uvw1, datatype: float64}
# - {name: swift_uvot_U, datatype: float64}
# - {name: swift_uvot_B, datatype: float64}
# - {name: swift_uvot_V, datatype: float64}
# - {name: swift_uvot_W, datatype: float64}
# - {name: johnson_U, datatype: float64}
# - {name: johnson_B, datatype: float64}
# - {name: johnson_V, datatype: float64}
# - {name: johnson_R, datatype: float64}
# - {name: johnson_I, datatype: float64}
# - {name: sdss_u, datatype: float64}
# - {name: sdss_g, datatype: float64}
# - {name: sdss_r, datatype: float64}
# - {name: sdss_i, datatype: float64}
# - {name: sdss_z, datatype: float64}
# - {name: PS1_g, datatype: float64}
# - {name: PS1_r, datatype: float64}
# - {name: PS1_i, datatype: float64}
# - {name: PS1_z, datatype: float64}
# - {name: PS1_Y, datatype: float64}
# - {name: PS1_w, datatype: float64}
# - {name: ATLAS_c, datatype: float64}
# - {name: ATLAS_o, datatype: float64}
# - {name: ukirt_J, datatype: float64}
# - {name: ukirt_H, datatype: float64}
# - {name: ukirt_K, datatype: float64}
# - {name: Clear, datatype: float64}
# meta: !!omap
# - comment: [E = 0.0031231838447717776, Eta0 = 8.02, GammaB = 12.0, dL = 0.012188, epsb = 6.760829753919819e-06, epse = 0.1, n = 1.584893192461114e-05,
#     p = 2.15, theta_obs = 0.29670597283903605, xiN = 1.0, z = 0.0, type = grb, E_kiso = 7.196856730011521]
# schema: astropy-2.0
time swift_uvot_uvw2 swift_uvot_uvm2 swift_uvot_uvw1 swift_uvot_U swift_uvot_B swift_uvot_V swift_uvot_W johnson_U johnson_B johnson_V johnson_R johnson_I sdss_u sdss_g sdss_r sdss_i sdss_z PS1_g PS1_r PS1_i PS1_z PS1_Y PS1_w ATLAS_c ATLAS_o ukirt_J ukirt_H ukirt_K Clear
[from data line 100]
0.1084 13.754 13.804 13.729 13.536 13.393 13.254 13.615 13.513 13.391 13.249 13.109 12.96 13.518 13.346 13.174 13.053 12.943 13.282 13.14 13.02 12.921 12.752 13.176 13.271 13.119 12.731 12.561 12.371 13.086
0.1111 13.439 13.488 13.413 13.22 13.078 12.939 13.3 13.198 13.075 12.934 12.793 12.645 13.203 13.03 12.859 12.738 12.627 12.967 12.824 12.704 12.605 12.437 12.861 12.956 12.803 12.415 12.246 12.056 12.771
0.1137 13.123 13.173 13.098 12.905 12.762 12.623 12.984 12.882 12.76 12.618 12.478 12.329 12.887 12.715 12.543 12.422 12.312 12.651 12.509 12.389 12.29 12.121 12.545 12.64 12.488 12.1 11.93 11.74 12.455
0.1165 12.808 12.857 12.782 12.589 12.447 12.308 12.669 12.567 12.445 12.303 12.162 12.014 12.572 12.399 12.228 12.107 11.996 12.336 12.193 12.073 11.974 11.806 12.23 12.325 12.172 11.784 11.615 11.425 12.14
0.1193 12.59 12.639 12.564 12.371 12.229 12.09 12.45 12.349 12.226 12.084 11.944 11.795 12.354 12.181 12.009 11.889 11.778 12.117 11.975 11.855 11.756 11.588 12.012 12.107 11.954 11.566 11.397 11.206 11.921
0.1222 12.453 12.502 12.427 12.234 12.092 11.953 12.314 12.212 12.09 11.948 11.807 11.659 12.217 12.044 11.873 11.752 11.641 11.981 11.838 11.718 11.619 11.451 11.875 11.97 11.817 11.429 11.26 11.07 11.785
0.1251 12.316 12.365 12.29 12.097 11.955 11.816 12.177 12.075 11.953 11.811 11.67 11.522 12.08 11.908 11.736 11.615 11.504 11.844 11.701 11.581 11.482 11.314 11.738 11.833 11.68 11.292 11.123 10.933 11.648
0.1281 12.179 12.228 12.154 11.961 11.818 11.679 12.04 11.938 11.816 11.674 11.533 11.385 11.943 11.771 11.599 11.478 11.368 11.707 11.564 11.445 11.346 11.177 11.601 11.696 11.544 11.156 10.986 10.796 11.511
0.1312 12.042 12.092 12.017 11.824 11.681 11.542 11.903 11.801 11.679 11.537 11.397 11.248 11.806 11.634 11.462 11.341 11.231 11.57 11.428 11.308 11.209 11.04 11.464 11.559 11.407 11.019 10.849 10.659 11.374
0.1344 11.905 11.955 11.88 11.687 11.545 11.405 11.766 11.665 11.542 11.4 11.26 11.111 11.67 11.497 11.325 11.204 11.094 11.433 11.291 11.171 11.072 10.904 11.327 11.423 11.27 10.882 10.713 10.522 11.237
0.1376 11.768 11.818 11.743 11.55 11.408 11.269 11.629 11.528 11.405 11.263 11.123 10.974 11.533 11.36 11.188 11.068 10.957 11.296 11.154 11.034 10.935 10.767 11.191 11.286 11.133 10.745 10.576 10.385 11.1
0.141 11.632 11.681 11.606 11.413 11.271 11.132 11.493 11.391 11.268 11.127 10.986 10.838 11.396 11.223 11.052 10.931 10.82 11.16 11.017 10.897 10.798 10.63 11.054 11.149 10.996 10.608 10.439 10.249 10.964
0.1444 11.495 11.544 11.469 11.276 11.134 10.995 11.356 11.254 11.132 10.99 10.849 10.701 11.259 11.087 10.915 10.794 10.683 11.023 10.88 10.76 10.661 10.493 10.917 11.012 10.859 10.471 10.302 10.112 10.827
0.1478 11.358 11.407 11.333 11.14 10.997 10.858 11.219 11.117 10.995 10.853 10.712 10.564 11.122 10.95 10.778 10.657 10.546 10.886 10.743 10.624 10.525 10.356 10.78 10.875 10.722 10.335 10.165 9.975 10.69
0.1514 11.26 11.31 11.235 11.042 10.899 10.76 11.121 11.019 10.897 10.755 10.615 10.466 11.024 10.852 10.68 10.559 10.449 10.788 10.645 10.526 10.427 10.258 10.682 10.777 10.625 10.237 10.067 9.877 10.592
0.1551 11.18 11.229 11.154 10.961 10.819 10.68 11.041 10.939 10.817 10.675 10.534 10.386 10.944 10.772 10.6 10.479 10.368 10.708 10.565 10.445 10.346 10.178 10.602 10.697 10.544 10.156 9.987 9.797 10.512
0.1588 11.1 11.149 11.074 10.881 10.739 10.6 10.961 10.859 10.736 10.595 10.454 10.306 10.864 10.691 10.519 10.399 10.288 10.628 10.485 10.365 10.266 10.098 10.522 10.617 10.464 10.076 9.907 9.717 10.432
0.1626 11.019 11.069 10.994 10.801 10.659 10.52 10.88 10.779 10.656 10.514 10.374 10.225 10.784 10.611 10.439 10.319 10.208 10.547 10.405 10.285 10.186 10.018 10.442 10.537 10.384 9.996 9.827 9.636 10.351
0.1666 10.939 10.989 10.914 10.721 10.578 10.439 10.8 10.698 10.576 10.434 10.294 10.145 10.703 10.531 10.359 10.238 10.128 10.467 10.325 10.205 10.106 9.937 10.361 10.456 10.304 9.916 9.746 9.556 10.271
0.1706 10.859 10.908 10.834 10.641 10.498 10.359 10.72 10.618 10.496 10.354 10.213 10.065 10.623 10.451 10.279 10.158 10.047 10.387 10.244 10.125 10.025 9.857 10.281 10.376 10.223 9.836 9.666 9.476 10.191
0.1747 10.779 10.828 10.753 10.56 10.418 10.279 10.64 10.538 10.416 10.274 10.133 9.985 10.543 10.37 10.199 10.078 9.967 10.307 10.164 10.044 9.945 9.777 10.201 10.296 10.143 9.755 9.586 9.396 10.111
0.1789 10.699 10.748 10.673 10.48 10.338 10.199 10.559 10.458 10.335 10.193 10.053 9.904 10.463 10.29 10.118 9.998 9.887 10.226 10.084 9.964 9.865 9.697 10.121 10.216 10.063 9.675 9.506 9.315 10.03
0.1832 10.618 10.668 10.593 10.4 10.258 10.118 10.479 10.378 10.255 10.113 9.973 9.824 10.383 10.21 10.038 9.917 9.807 10.146 10.004 9.884 9.785 9.617 10.04 10.136 9.983 9.595 9.426 9.235 9.95
0.1876 10.538 10.588 10.513 10.32 10.177 10.038 10.399 10.297 10.175 10.033 9.893 9.744 10.302 10.13 9.958 9.837 9.727 10.066 9.923 9.804 9.705 9.536 9.96 10.055 9.903 9.515 9.345 9.155 9.87
0.1922 10.479 10.528 10.453 10.26 10.118 9.979 10.339 10.238 10.115 9.973 9.833 9.684 10.243 10.07 9.898 9.778 9.667 10.006 9.864 9.744 9.645 9.477 9.901 9.996 9.843 9.455 9.286 9.095 9.81
0.1968 10.423 10.473 10.398 10.205 10.062 9.923 10.284 10.182 10.06 9.918 9.778 9.629 10.187 10.015 9.843 9.722 9.612 9.951 9.809 9.689 9.59 9.421 9.845 9.94 9.788 9.4 9.23 9.04 9.755
0.2015 10.368 10.417 10.342 10.149 10.007 9.868 10.229 10.127 10.005 9.863 9.722 9.574 10.132 9.96 9.788 9.667 9.556 9.896 9.753 9.633 9.534 9.366 9.79 9.885 9.732 9.344 9.175 8.985 9.7
0.2064 10.312 10.362 10.287 10.094 9.952 9.813 10.173 10.072 9.949 9.807 9.667 9.518 10.077 9.904 9.732 9.612 9.501 9.84 9.698 9.578 9.479 9.311 9.735 9.83 9.677 9.289 9.12 8.929 9.644
0.2114 10.257 10.307 10.232 10.039 9.896 9.757 10.118 10.016 9.894 9.752 9.612 9.463 10.021 9.849 9.677 9.556 9.446 9.785 9.643 9.523 9.424 9.255 9.679 9.774 9.622 9.234 9.064 8.874 9.589
0.2165 10.202 10.251 10.176 9.983 9.841 9.702 10.063 9.961 9.839 9.697 9.556 9.408 9.966 9.793 9.622 9.501 9.39 9.73 9.587 9.467 9.368 9.2 9.624 9.719 9.566 9.178 9.009 8.819 9.534
0.2217 10.146 10.196 10.121 9.928 9.786 9.647 10.007 9.906 9.783 9.641 9.501 9.352 9.911 9.738 9.566 9.446 9.335 9.674 9.532 9.412 9.313 9.145 9.569 9.664 9.511 9.123 8.954 8.763 9.478
0.2271 10.091 10.141 10.066 9.873 9.73 9.591 9.952 9.85 9.728 9.586 9.446 9.297 9.855 9.683 9.511 9.39 9.28 9.619 9.476 9.357 9.258 9.089 9.513 9.608 9.456 9.068 8.898 8.708 9.423
0.2325 10.036 10.085 10.01 9.817 9.675 9.536 9.897 9.795 9.673 9.531 9.39 9.242 9.8 9.627 9.456 9.335 9.224 9.564 9.421 9.301 9.202 9.034 9.458 9.553 9.4 9.012 8.843 8.653 9.368
0.2381 9.98 10.03 9.955 9.762 9.62 9.48 9.841 9.74 9.617 9.475 9.335 9.186 9.745 9.572 9.4 9.28 9.169 9.508 9.366 9.246 9.147 8.979 9.403 9.498 9.345 8.957 8.788 8.597 9.312
0.2439 9.903 9.953 9.878 9.685 9.543 9.404 9.764 9.663 9.54 9.398 9.258 9.109 9.668 9.495 9.323 9.203 9.092 9.431 9.289 9.169 9.07 8.902 9.326 9.421 9.268 8.88 8.711 8.52 9.235
0.2498 9.826 9.875 9.8 9.608 9.465 9.326 9.687 9.585 9.463 9.321 9.18 9.032 9.59 9.418 9.246 9.125 9.014 9.354 9.211 9.091 8.992 8.824 9.248 9.343 9.19 8.802 8.633 8.443 9.158
0.2558 9.748 9.798 9.723 9.53 9.388 9.248 9.609 9.508 9.385 9.243 9.103 8.954 9.513 9.34 9.168 9.048 8.937 9.276 9.134 9.014 8.915 8.747 9.17 9.266 9.113 8.725 8.556 8.365 9.08
0.262 9.671 9.72 9.645 9.452 9.31 9.171 9.532 9.43 9.308 9.166 9.025 8.877 9.435 9.263 9.091 8.97 8.859 9.199 9.056 8.936 8.837 8.669 9.093 9.188 9.035 8.647 8.478 8.288 9.003
0.2683 9.593 9.643 9.568 9.375 9.233 9.093 9.454 9.353 9.23 9.088 8.948 8.799 9.358 9.185 9.013 8.892 8.782 9.121 8.979 8.859 8.76 8.592 9.015 9.111 8.958 8.57 8.401 8.21 8.925
0.2748 9.516 9.565 9.49 9.297 9.155 9.016 9.377 9.275 9.153 9.011 8.87 8.722 9.28 9.107 8.936 8.815 8.704 9.044 8.901 8.781 8.682 8.514 8.938 9.033 8.88 8.492 8.323 8.133 8.848
0.2814 9.438 9.488 9.413 9.22 9.077 8.938 9.299 9.197 9.075 8.933 8.793 8.644 9.203 9.03 8.858 8.737 8.627 8.966 8.824 8.704 8.605 8.437 8.86 8.956 8.803 8.415 8.245 8.055 8.77
0.2882 9.361 9.41 9.335 9.142 9.0 8.861 9.222 9.12 8.998 8.856 8.715 8.567 9.125 8.952 8.781 8.66 8.549 8.889 8.746 8.626 8.527 8.359 8.783 8.878 8.725 8.337 8.168 7.978 8.693
0.2951 9.283 9.333 9.258 9.065 8.922 8.783 9.144 9.042 8.92 8.778 8.638 8.489 9.047 8.875 8.703 8.582 8.472 8.811 8.669 8.549 8.45 8.281 8.705 8.8 8.648 8.26 8.09 7.9 8.615
0.3022 9.207 9.256 9.181 8.989 8.846 8.707 9.068 8.966 8.844 8.702 8.561 8.413 8.971 8.799 8.627 8.506 8.395 8.735 8.592 8.472 8.373 8.205 8.629 8.724 8.571 8.183 8.014 7.824 8.539
0.3095 9.14 9.19 9.115 8.922 8.779 8.64 9.001 8.899 8.777 8.635 8.495 8.346 8.904 8.732 8.56 8.439 8.329 8.668 8.525 8.406 8.307 8.138 8.562 8.657 8.505 8.117 7.947 7.757 8.472
0.317 9.073 9.123 9.048 8.855 8.713 8.573 8.934 8.833 8.71 8.568 8.428 8.279 8.838 8.665 8.493 8.372 8.262 8.601 8.459 8.339 8.24 8.072 8.495 8.591 8.438 8.05 7.881 7.69 8.405
0.3247 9.006 9.056 8.981 8.788 8.646 8.507 8.867 8.766 8.643 8.501 8.361 8.212 8.771 8.598 8.426 8.306 8.195 8.534 8.392 8.272 8.173 8.005 8.429 8.524 8.371 7.983 7.814 7.623 8.338
0.3325 8.94 8.989 8.914 8.721 8.579 8.44 8.801 8.699 8.577 8.435 8.294 8.146 8.704 8.531 8.36 8.239 8.128 8.468 8.325 8.205 8.106 7.938 8.362 8.457 8.304 7.916 7.747 7.557 8.272
0.3405 8.873 8.922 8.847 8.655 8.512 8.373 8.734 8.632 8.51 8.368 8.227 8.079 8.637 8.465 8.293 8.172 8.061 8.401 8.258 8.138 8.039 7.871 8.295 8.39 8.237 7.849 7.68 7.49 8.205
0.3487 8.806 8.856 8.781 8.588 8.445 8.306 8.667 8.565 8.443 8.301 8.161 8.012 8.57 8.398 8.226 8.105 7.995 8.334 8.191 8.072 7.973 7.804 8.228 8.323 8.171 7.783 7.613 7.423 8.138
0.3571 8.739 8.789 8.714 8.521 8.379 8.239 8.6 8.499 8.376 8.234 8.094 7.945 8.504 8.331 8.159 8.038 7.928 8.267 8.125 8.005 7.906 7.738 8.161 8.257 8.104 7.716 7.547 7.356 8.071
0.3657 8.672 8.722 8.647 8.454 8.312 8.173 8.533 8.432 8.309 8.167 8.027 7.878 8.437 8.264 8.092 7.972 7.861 8.2 8.058 7.938 7.839 7.671 8.095 8.19 8.037 7.649 7.48 7.289 8.004
0.3746 8.606 8.655 8.58 8.387 8.245 8.106 8.467 8.365 8.243 8.101 7.96 7.812 8.37 8.197 8.026 7.905 7.794 8.134 7.991 7.871 7.772 7.604 8.028 8.123 7.97 7.582 7.413 7.223 7.938
0.3836 8.545 8.594 8.519 8.326 8.184 8.045 8.406 8.304 8.181 8.04 7.899 7.751 8.309 8.136 7.964 7.844 7.733 8.073 7.93 7.81 7.711 7.543 7.967 8.062 7.909 7.521 7.352 7.162 7.877
0.3929 8.5 8.549 8.474 8.281 8.139 8.0 8.361 8.259 8.137 7.995 7.854 7.706 8.264 8.092 7.92 7.799 7.688 8.028 7.885 7.765 7.666 7.498 7.922 8.017 7.864 7.476 7.307 7.117 7.832
0.4023 8.455 8.504 8.43 8.237 8.094 7.955 8.316 8.214 8.092 7.95 7.81 7.661 8.219 8.047 7.875 7.754 7.644 7.983 7.84 7.721 7.622 7.453 7.877 7.972 7.82 7.432 7.262 7.072 7.787
0.412 8.41 8.46 8.385 8.192 8.049 7.91 8.271 8.169 8.047 7.905 7.765 7.616 8.175 8.002 7.83 7.709 7.599 7.938 7.796 7.676 7.577 7.408 7.832 7.928 7.775 7.387 7.217 7.027 7.742
0.422 8.365 8.415 8.34 8.147 8.005 7.866 8.226 8.125 8.002 7.86 7.72 7.571 8.13 7.957 7.785 7.665 7.554 7.893 7.751 7.631 7.532 7.364 7.788 7.883 7.73 7.342 7.173 6.982 7.697
0.4322 8.321 8.37 8.295 8.102 7.96 7.821 8.182 8.08 7.957 7.816 7.675 7.527 8.085 7.912 7.74 7.62 7.509 7.849 7.706 7.586 7.487 7.319 7.743 7.838 7.685 7.297 7.128 6.938 7.653
0.4426 8.276 8.325 8.25 8.057 7.915 7.776 8.137 8.035 7.913 7.771 7.63 7.482 8.04 7.868 7.696 7.575 7.464 7.804 7.661 7.541 7.442 7.274 7.698 7.793 7.64 7.252 7.083 6.893 7.608
0.4533 8.231 8.28 8.206 8.013 7.87 7.731 8.092 7.99 7.868 7.726 7.586 7.437 7.995 7.823 7.651 7.53 7.42 7.759 7.616 7.497 7.398 7.229 7.653 7.748 7.596 7.208 7.038 6.848 7.563
0.4642 8.186 8.236 8.161 7.968 7.825 7.686 8.047 7.946 7.823 7.681 7.541 7.392 7.951 7.778 7.606 7.485 7.375 7.714 7.572 7.452 7.353 7.185 7.608 7.704 7.551 7.163 6.993 6.803 7.518
0.4754 8.141 8.191 8.116 7.923 7.781 7.642 8.002 7.901 7.778 7.636 7.496 7.347 7.906 7.733 7.561 7.441 7.33 7.669 7.527 7.407 7.308 7.14 7.564 7.659 7.506 7.118 6.949 6.758 7.473
0.4869 8.1 8.149 8.074 7.881 7.739 7.6 7.96 7.859 7.736 7.595 7.454 7.305 7.864 7.691 7.519 7.399 7.288 7.628 7.485 7.365 7.266 7.098 7.522 7.617 7.464 7.076 6.907 6.716 7.431
0.4986 8.062 8.111 8.037 7.844 7.701 7.562 7.923 7.821 7.699 7.557 7.417 7.268 7.826 7.654 7.482 7.361 7.251 7.59 7.447 7.328 7.229 7.06 7.484 7.579 7.427 7.039 6.869 6.679 7.394
0.5106 8.024 8.074 7.999 7.806 7.664 7.525 7.885 7.784 7.661 7.519 7.379 7.23 7.789 7.616 7.444 7.324 7.213 7.552 7.41 7.29 7.191 7.023 7.447 7.542 7.389 7.001 6.832 6.641 7.356
0.523 7.987 8.036 7.962 7.769 7.626 7.487 7.848 7.746 7.624 7.482 7.341 7.193 7.751 7.579 7.407 7.286 7.175 7.515 7.372 7.252 7.153 6.985 7.409 7.504 7.351 6.963 6.794 6.604 7.319
0.5356 7.949 7.999 7.924 7.731 7.589 7.449 7.81 7.709 7.586 7.444 7.304 7.155 7.714 7.541 7.369 7.249 7.138 7.477 7.335 7.215 7.116 6.948 7.371 7.467 7.314 6.926 6.757 6.566 7.281
0.5485 7.912 7.961 7.886 7.693 7.551 7.412 7.773 7.671 7.549 7.407 7.266 7.118 7.676 7.504 7.332 7.211 7.1 7.44 7.297 7.177 7.078 6.91 7.334 7.429 7.276 6.888 6.719 6.529 7.244
0.5617 7.874 7.924 7.849 7.656 7.513 7.374 7.735 7.634 7.511 7.369 7.229 7.08 7.639 7.466 7.294 7.173 7.063 7.402 7.26 7.14 7.041 6.873 7.296 7.392 7.239 6.851 6.682 6.491 7.206
0.5753 7.837 7.886 7.811 7.618 7.476 7.337 7.698 7.596 7.474 7.332 7.191 7.043 7.601 7.428 7.257 7.136 7.025 7.365 7.222 7.102 7.003 6.835 7.259 7.354 7.201 6.813 6.644 6.454 7.169
0.5891 7.799 7.849 7.774 7.581 7.438 7.299 7.66 7.558 7.436 7.294 7.154 7.005 7.563 7.391 7.219 7.098 6.988 7.327 7.185 7.065 6.966 6.797 7.221 7.316 7.164 6.776 6.606 6.416 7.131
0.6034 7.762 7.811 7.736 7.543 7.401 7.262 7.623 7.521 7.398 7.257 7.116 6.968 7.526 7.353 7.181 7.061 6.95 7.29 7.147 7.027 6.928 6.76 7.184 7.279 7.126 6.738 6.569 6.378 7.093
0.6179 7.73 7.78 7.705 7.512 7.37 7.23 7.591 7.49 7.367 7.225 7.085 6.936 7.495 7.322 7.15 7.029 6.919 7.258 7.116 6.996 6.897 6.729 7.152 7.248 7.095 6.707 6.538 6.347 7.062
0.6328 7.704 7.754 7.679 7.486 7.343 7.204 7.565 7.463 7.341 7.199 7.059 6.91 7.469 7.296 7.124 7.003 6.893 7.232 7.09 6.97 6.871 6.702 7.126 7.222 7.069 6.681 6.511 6.321 7.036
0.6481 7.678 7.728 7.653 7.46 7.317 7.178 7.539 7.437 7.315 7.173 7.033 6.884 7.442 7.27 7.098 6.977 6.867 7.206 7.063 6.944 6.845 6.676 7.1 7.195 7.043 6.655 6.485 6.295 7.01
0.6637 7.652 7.701 7.627 7.434 7.291 7.152 7.513 7.411 7.289 7.147 7.006 6.858 7.416 7.244 7.072 6.951 6.841 7.18 7.037 6.918 6.819 6.65 7.074 7.169 7.017 6.629 6.459 6.269 6.984
0.6797 7.626 7.675 7.601 7.408 7.265 7.126 7.487 7.385 7.263 7.121 6.98 6.832 7.39 7.218 7.046 6.925 6.814 7.154 7.011 6.891 6.792 6.624 7.048 7.143 6.99 6.602 6.433 6.243 6.958
0.6961 7.6 7.649 7.574 7.381 7.239 7.1 7.461 7.359 7.237 7.095 6.954 6.806 7.364 7.192 7.02 6.899 6.788 7.128 6.985 6.865 6.766 6.598 7.022 7.117 6.964 6.576 6.407 6.217 6.932
0.7129 7.574 7.623 7.548 7.355 7.213 7.074 7.435 7.333 7.211 7.069 6.928 6.78 7.338 7.165 6.994 6.873 6.762 7.102 6.959 6.839 6.74 6.572 6.996 7.091 6.938 6.55 6.381 6.191 6.906
0.7301 7.548 7.597 7.522 7.329 7.187 7.048 7.409 7.307 7.184 7.043 6.902 6.754 7.312 7.139 6.967 6.847 6.736 7.076 6.933 6.813 6.714 6.546 6.97 7.065 6.912 6.524 6.355 6.164 6.879
0.7477 7.522 7.571 7.496 7.303 7.161 7.022 7.382 7.281 7.158 7.016 6.876 6.727 7.286 7.113 6.941 6.821 6.71 7.049 6.907 6.787 6.688 6.52 6.944 7.039 6.886 6.498 6.329 6.138 6.853
0.7658 7.495 7.545 7.47 7.277 7.135 6.996 7.356 7.255 7.132 6.99 6.85 6.701 7.26 7.087 6.915 6.795 6.684 7.023 6.881 6.761 6.662 6.494 6.918 7.013 6.86 6.472 6.303 6.112 6.827
0.7842 7.47 7.519 7.445 7.252 7.109 6.97 7.331 7.229 7.107 6.965 6.824 6.676 7.234 7.062 6.89 6.769 6.659 6.998 6.855 6.736 6.637 6.468 6.892 6.987 6.835 6.447 6.277 6.087 6.802
0.8032 7.445 7.494 7.42 7.227 7.084 6.945 7.306 7.204 7.082 6.94 6.799 6.651 7.209 7.037 6.865 6.744 6.633 6.973 6.83 6.71 6.611 6.443 6.867 6.962 6.809 6.421 6.252 6.062 6.777
