web/models/grb/offaxis/1/grb_0.2967_372.7594_0.0000631.dat
# %ECSV 1.0
# ---
# datatype:
# - {name: time, datatype: float64}
# - {name: swift_uvot_uvw2, datatype: float64}
# - {name: swift_uvot_uvm2, datatype: float64}
# - {name: swift_uvot_uvw1, datatype: float64}
# - {name: swift_uvot_U, datatype: float64}
# - {name: swift_uvot_B, datatype: float64}
# - {name: swift_uvot_V, datatype: float64}
# - {name: swift_uvot_W, datatype: float64}
# - {name: johnson_U, datatype: float64}
# - {name: johnson_B, datatype: float64}
# - {name: johnson_V, datatype: float64}
# - {name: johnson_R, datatype: float64}
# - {name: johnson_I, datatype: float64}
# - {name: sdss_u, datatype: float64}
# - {name: sdss_g, datatype: float64}
# - {name: sdss_r, datatype: float64}
# - {name: sdss_i, datatype: float64}
# - {name: sdss_z, datatype: float64}
# - {name: PS1_g, datatype: float64}
# - {name: PS1_r, datatype: float64}
# - {name: PS1_i, datatype: float64}
# - {name: PS1_z, datatype: float64}
# - {name: PS1_Y, datatype: float64}
# - {name: PS1_w, datatype: float64}
# - {name: ATLAS_c, datatype: float64}
# - {name: ATLAS_o, datatype: float64}
# - {name: ukirt_J, datatype: float64}
# - {name: ukirt_H, datatype: float64}
# - {name: ukirt_K, datatype: float64}
# - {name: Clear, datatype: float64}
# meta: !!omap
# - comment: [E = 0.16176451642579392, Eta0 = 8.02, GammaB = 12.0, dL = 0.012188, epsb = 6.760829753919819e-06, epse = 0.1, n = 6.309573444801929e-05,
#     p = 2.15, theta_obs = 0.29670597283903605, xiN = 1.0, z = 0.0, type = grb, E_kiso = 372.7593720314938]
# schema: astropy-2.0
time swift_uvot_uvw2 swift_uvot_uvm2 swift_uvot_uvw1 swift_uvot_U swift_uvot_B swift_uvot_V swift_uvot_W johnson_U johnson_B johnson_V johnson_R johnson_I sdss_u sdss_g sdss_r sdss_i sdss_z PS1_g PS1_r PS1_i PS1_z PS1_Y PS1_w ATLAS_c ATLAS_o ukirt_J ukirt_H ukirt_K Clear
[from data line 203]
1.2633 2.478 2.527 2.452 2.26 2.117 1.978 2.339 2.237 2.115 1.973 1.832 1.684 2.242 2.07 1.898 1.777 1.666 2.006 1.863 1.743 1.644 1.476 1.9 1.995 1.842 1.454 1.285 1.095 1.81
1.2937 2.44 2.49 2.415 2.222 2.08 1.94 2.301 2.2 2.077 1.935 1.795 1.646 2.205 2.032 1.86 1.739 1.629 1.968 1.826 1.706 1.607 1.439 1.862 1.958 1.805 1.417 1.248 1.057 1.772
1.3249 2.403 2.452 2.377 2.184 2.042 1.903 2.264 2.162 2.04 1.898 1.757 1.609 2.167 1.994 1.823 1.702 1.591 1.931 1.788 1.668 1.569 1.401 1.825 1.92 1.767 1.379 1.21 1.02 1.735
1.3569 2.365 2.415 2.34 2.147 2.004 1.865 2.226 2.124 2.002 1.86 1.72 1.571 2.13 1.957 1.785 1.664 1.554 1.893 1.751 1.631 1.532 1.363 1.787 1.883 1.73 1.342 1.172 0.982 1.697
1.3896 2.328 2.377 2.302 2.109 1.967 1.828 2.189 2.087 1.964 1.823 1.682 1.534 2.092 1.919 1.748 1.627 1.516 1.856 1.713 1.593 1.494 1.326 1.75 1.845 1.692 1.304 1.135 0.945 1.66
1.4232 2.29 2.34 2.265 2.072 1.929 1.79 2.151 2.049 1.927 1.785 1.645 1.496 2.054 1.882 1.71 1.589 1.479 1.818 1.675 1.556 1.457 1.288 1.712 1.807 1.655 1.267 1.097 0.907 1.622
1.4575 2.26 2.31 2.235 2.042 1.899 1.76 2.121 2.019 1.897 1.755 1.615 1.466 2.024 1.852 1.68 1.559 1.449 1.788 1.646 1.526 1.427 1.258 1.682 1.778 1.625 1.237 1.067 0.877 1.592
1.4927 2.234 2.284 2.209 2.016 1.873 1.734 2.095 1.993 1.871 1.729 1.589 1.44 1.998 1.826 1.654 1.533 1.423 1.762 1.619 1.5 1.401 1.232 1.656 1.751 1.599 1.211 1.041 0.851 1.566
1.5287 2.208 2.257 2.183 1.99 1.847 1.708 2.069 1.967 1.845 1.703 1.562 1.414 1.972 1.8 1.628 1.507 1.397 1.736 1.593 1.474 1.375 1.206 1.63 1.725 1.573 1.185 1.015 0.825 1.54
1.5655 2.182 2.231 2.156 1.964 1.821 1.682 2.043 1.941 1.819 1.677 1.536 1.388 1.946 1.774 1.602 1.481 1.37 1.71 1.567 1.447 1.348 1.18 1.604 1.699 1.546 1.158 0.989 0.799 1.514
1.6033 2.156 2.205 2.13 1.937 1.795 1.656 2.017 1.915 1.793 1.651 1.51 1.362 1.92 1.747 1.576 1.455 1.344 1.684 1.541 1.421 1.322 1.154 1.578 1.673 1.52 1.132 0.963 0.773 1.488
1.642 2.13 2.179 2.104 1.911 1.769 1.63 1.991 1.889 1.767 1.625 1.484 1.336 1.894 1.721 1.55 1.429 1.318 1.658 1.515 1.395 1.296 1.128 1.552 1.647 1.494 1.106 0.937 0.747 1.462
1.6816 2.104 2.153 2.078 1.885 1.743 1.604 1.965 1.863 1.74 1.599 1.458 1.309 1.868 1.695 1.523 1.403 1.292 1.632 1.489 1.369 1.27 1.102 1.526 1.621 1.468 1.08 0.911 0.72 1.435
1.7222 2.077 2.127 2.052 1.859 1.717 1.578 1.938 1.837 1.714 1.572 1.432 1.283 1.842 1.669 1.497 1.377 1.266 1.605 1.463 1.343 1.244 1.076 1.5 1.595 1.442 1.054 0.885 0.694 1.409
1.7637 2.051 2.101 2.026 1.833 1.691 1.552 1.912 1.811 1.688 1.546 1.406 1.257 1.816 1.643 1.471 1.351 1.24 1.579 1.437 1.317 1.218 1.05 1.474 1.569 1.416 1.028 0.859 0.668 1.383
1.8062 2.025 2.075 2.0 1.807 1.665 1.525 1.886 1.785 1.662 1.52 1.38 1.231 1.79 1.617 1.445 1.324 1.214 1.553 1.411 1.291 1.192 1.024 1.447 1.543 1.39 1.002 0.833 0.642 1.357
1.8498 2.0 2.049 1.975 1.782 1.639 1.5 1.861 1.759 1.637 1.495 1.354 1.206 1.764 1.592 1.42 1.299 1.189 1.528 1.385 1.266 1.167 0.998 1.422 1.517 1.365 0.977 0.807 0.617 1.332
1.8944 1.975 2.024 1.95 1.757 1.614 1.475 1.836 1.734 1.612 1.47 1.329 1.181 1.739 1.567 1.395 1.274 1.163 1.503 1.36 1.24 1.141 0.973 1.397 1.492 1.339 0.951 0.782 0.592 1.307
1.9401 1.95 1.999 1.924 1.731 1.589 1.45 1.811 1.709 1.587 1.445 1.304 1.156 1.714 1.542 1.37 1.249 1.138 1.478 1.335 1.215 1.116 0.948 1.372 1.467 1.314 0.926 0.757 0.567 1.282
1.9869 1.925 1.974 1.899 1.706 1.564 1.425 1.786 1.684 1.562 1.42 1.279 1.131 1.689 1.516 1.345 1.224 1.113 1.453 1.31 1.19 1.091 0.923 1.347 1.442 1.289 0.901 0.732 0.542 1.257
2.0349 1.9 1.949 1.874 1.681 1.539 1.4 1.761 1.659 1.537 1.395 1.254 1.106 1.664 1.491 1.32 1.199 1.088 1.428 1.285 1.165 1.066 0.898 1.322 1.417 1.264 0.876 0.707 0.517 1.232
2.084 1.875 1.924 1.849 1.656 1.514 1.375 1.736 1.634 1.511 1.37 1.229 1.081 1.639 1.466 1.294 1.174 1.063 1.403 1.26 1.14 1.041 0.873 1.297 1.392 1.239 0.851 0.682 0.491 1.206
2.1342 1.85 1.899 1.824 1.631 1.489 1.35 1.71 1.609 1.486 1.344 1.204 1.055 1.614 1.441 1.269 1.149 1.038 1.377 1.235 1.115 1.016 0.848 1.272 1.367 1.214 0.826 0.657 0.466 1.181
2.1857 1.824 1.874 1.799 1.606 1.464 1.325 1.685 1.584 1.461 1.319 1.179 1.03 1.589 1.416 1.244 1.124 1.013 1.352 1.21 1.09 0.991 0.823 1.247 1.342 1.189 0.801 0.632 0.441 1.156
2.2384 1.799 1.849 1.774 1.581 1.439 1.299 1.66 1.559 1.436 1.294 1.154 1.005 1.564 1.391 1.219 1.099 0.988 1.327 1.185 1.065 0.966 0.798 1.221 1.317 1.164 0.776 0.607 0.416 1.131
2.2924 1.774 1.824 1.749 1.556 1.414 1.274 1.635 1.534 1.411 1.269 1.129 0.98 1.539 1.366 1.194 1.073 0.963 1.302 1.16 1.04 0.941 0.773 1.196 1.292 1.139 0.751 0.582 0.391 1.106
2.3477 1.749 1.799 1.724 1.531 1.389 1.249 1.61 1.509 1.386 1.244 1.104 0.955 1.514 1.341 1.169 1.049 0.938 1.277 1.135 1.015 0.916 0.748 1.171 1.267 1.114 0.726 0.557 0.366 1.081
2.4044 1.724 1.774 1.699 1.506 1.364 1.225 1.585 1.484 1.361 1.219 1.079 0.93 1.489 1.316 1.144 1.024 0.913 1.252 1.11 0.99 0.891 0.723 1.147 1.242 1.089 0.701 0.532 0.341 1.056
2.4624 1.7 1.749 1.674 1.481 1.339 1.2 1.56 1.459 1.336 1.194 1.054 0.905 1.464 1.291 1.119 0.999 0.888 1.227 1.085 0.965 0.866 0.698 1.122 1.217 1.064 0.676 0.507 0.316 1.031
2.5218 1.675 1.724 1.649 1.456 1.314 1.175 1.536 1.434 1.311 1.17 1.029 0.881 1.439 1.266 1.094 0.974 0.863 1.203 1.06 0.94 0.841 0.673 1.097 1.192 1.039 0.651 0.482 0.291 1.006
2.5826 1.65 1.699 1.624 1.431 1.289 1.15 1.511 1.409 1.287 1.145 1.004 0.856 1.414 1.241 1.07 0.949 0.838 1.178 1.035 0.915 0.816 0.648 1.072 1.167 1.014 0.626 0.457 0.267 0.982
2.6449 1.625 1.674 1.599 1.406 1.264 1.125 1.486 1.384 1.262 1.12 0.979 0.831 1.389 1.216 1.045 0.924 0.813 1.153 1.01 0.89 0.791 0.623 1.047 1.142 0.989 0.601 0.432 0.242 0.957
2.7087 1.6 1.649 1.574 1.382 1.239 1.1 1.461 1.359 1.237 1.095 0.954 0.806 1.364 1.192 1.02 0.899 0.788 1.128 0.985 0.865 0.766 0.598 1.022 1.117 0.964 0.576 0.407 0.217 0.932
2.7741 1.575 1.624 1.55 1.357 1.214 1.075 1.436 1.334 1.212 1.07 0.929 0.781 1.339 1.167 0.995 0.874 0.763 1.103 0.96 0.841 0.741 0.573 0.997 1.092 0.939 0.552 0.382 0.192 0.907
2.841 1.55 1.599 1.525 1.332 1.189 1.05 1.411 1.309 1.187 1.045 0.905 0.756 1.314 1.142 0.97 0.849 0.739 1.078 0.935 0.816 0.717 0.548 0.972 1.067 0.915 0.527 0.357 0.167 0.882
2.9095 1.526 1.575 1.5 1.307 1.165 1.026 1.386 1.285 1.162 1.021 0.88 0.731 1.29 1.117 0.945 0.825 0.714 1.054 0.911 0.791 0.692 0.524 0.948 1.043 0.89 0.502 0.333 0.142 0.857
2.9797 1.505 1.555 1.48 1.287 1.145 1.005 1.366 1.265 1.142 1.0 0.86 0.711 1.27 1.097 0.925 0.804 0.694 1.033 0.891 0.771 0.672 0.504 0.927 1.023 0.87 0.482 0.313 0.122 0.837
3.0516 1.485 1.534 1.46 1.267 1.124 0.985 1.346 1.244 1.122 0.98 0.84 0.691 1.249 1.077 0.905 0.784 0.674 1.013 0.87 0.751 0.652 0.483 0.907 1.002 0.85 0.462 0.292 0.102 0.817
3.1252 1.465 1.514 1.439 1.246 1.104 0.965 1.326 1.224 1.102 0.96 0.819 0.671 1.229 1.056 0.885 0.764 0.653 0.993 0.85 0.73 0.631 0.463 0.887 0.982 0.829 0.441 0.272 0.082 0.797
3.2006 1.445 1.494 1.419 1.226 1.084 0.945 1.305 1.204 1.081 0.939 0.799 0.65 1.209 1.036 0.864 0.744 0.633 0.972 0.83 0.71 0.611 0.443 0.867 0.962 0.809 0.421 0.252 0.061 0.776
3.2778 1.424 1.474 1.399 1.206 1.063 0.924 1.285 1.184 1.061 0.919 0.779 0.63 1.189 1.016 0.844 0.723 0.613 0.952 0.81 0.69 0.591 0.423 0.846 0.942 0.789 0.401 0.231 0.041 0.756
3.3569 1.404 1.453 1.379 1.186 1.043 0.904 1.265 1.163 1.041 0.899 0.758 0.61 1.168 0.996 0.824 0.703 0.593 0.932 0.789 0.67 0.571 0.402 0.826 0.921 0.769 0.381 0.211 0.021 0.736
3.4378 1.384 1.433 1.358 1.165 1.023 0.884 1.245 1.143 1.021 0.879 0.738 0.59 1.148 0.975 0.804 0.683 0.572 0.912 0.769 0.649 0.55 0.382 0.806 0.901 0.748 0.36 0.191 0.001 0.716
3.5208 1.363 1.413 1.338 1.145 1.003 0.864 1.224 1.123 1.0 0.858 0.718 0.569 1.128 0.955 0.783 0.663 0.552 0.891 0.749 0.629 0.53 0.362 0.786 0.881 0.728 0.34 0.171 -0.02 0.695
3.6057 1.343 1.393 1.318 1.125 0.982 0.843 1.204 1.102 0.98 0.838 0.698 0.549 1.107 0.935 0.763 0.642 0.532 0.871 0.729 0.609 0.51 0.341 0.765 0.861 0.708 0.32 0.15 -0.04 0.675
3.6927 1.324 1.373 1.299 1.106 0.963 0.824 1.185 1.083 0.961 0.819 0.678 0.53 1.088 0.916 0.744 0.623 0.512 0.852 0.709 0.59 0.491 0.322 0.746 0.841 0.689 0.301 0.131 -0.059 0.656
3.7818 1.308 1.358 1.283 1.09 0.947 0.808 1.169 1.067 0.945 0.803 0.663 0.514 1.072 0.9 0.728 0.607 0.497 0.836 0.693 0.574 0.475 0.306 0.73 0.825 0.673 0.285 0.115 -0.075 0.64
3.873 1.292 1.342 1.267 1.074 0.931 0.792 1.153 1.051 0.929 0.787 0.647 0.498 1.057 0.884 0.712 0.591 0.481 0.82 0.678 0.558 0.459 0.29 0.714 0.81 0.657 0.269 0.099 -0.091 0.624
3.9664 1.276 1.326 1.251 1.058 0.916 0.776 1.137 1.036 0.913 0.771 0.631 0.482 1.041 0.868 0.696 0.576 0.465 0.804 0.662 0.542 0.443 0.275 0.698 0.794 0.641 0.253 0.084 -0.107 0.608
4.0621 1.26 1.31 1.235 1.042 0.9 0.761 1.121 1.02 0.897 0.755 0.615 0.466 1.025 0.852 0.68 0.56 0.449 0.788 0.646 0.526 0.427 0.259 0.683 0.778 0.625 0.237 0.068 -0.123 0.592
4.1601 1.245 1.294 1.219 1.026 0.884 0.745 1.106 1.004 0.881 0.74 0.599 0.45 1.009 0.836 0.664 0.544 0.433 0.773 0.63 0.51 0.411 0.243 0.667 0.762 0.609 0.221 0.052 -0.139 0.576
4.2604 1.229 1.278 1.203 1.01 0.868 0.729 1.09 0.988 0.866 0.724 0.583 0.435 0.993 0.82 0.649 0.528 0.417 0.757 0.614 0.494 0.395 0.227 0.651 0.746 0.593 0.205 0.036 -0.154 0.561
4.3632 1.213 1.262 1.187 0.994 0.852 0.713 1.074 0.972 0.85 0.708 0.567 0.419 0.977 0.805 0.633 0.512 0.401 0.741 0.598 0.478 0.379 0.211 0.635 0.73 0.577 0.189 0.02 -0.17 0.545
4.4685 1.197 1.246 1.172 0.979 0.836 0.697 1.058 0.956 0.834 0.692 0.551 0.403 0.961 0.789 0.617 0.496 0.385 0.725 0.582 0.463 0.363 0.195 0.619 0.714 0.561 0.174 0.004 -0.186 0.529
4.5763 1.181 1.231 1.156 0.963 0.82 0.681 1.042 0.94 0.818 0.676 0.536 0.387 0.945 0.773 0.601 0.48 0.37 0.709 0.566 0.447 0.348 0.179 0.603 0.698 0.546 0.158 -0.012 -0.202 0.513
4.6867 1.166 1.215 1.14 0.947 0.805 0.666 1.027 0.925 0.803 0.661 0.52 0.372 0.93 0.757 0.586 0.465 0.354 0.694 0.551 0.431 0.332 0.164 0.588 0.683 0.53 0.142 -0.027 -0.217 0.498
4.7997 1.151 1.201 1.126 0.933 0.791 0.652 1.012 0.911 0.788 0.646 0.506 0.357 0.916 0.743 0.571 0.451 0.34 0.679 0.537 0.417 0.318 0.15 0.574 0.669 0.516 0.128 -0.041 -0.232 0.483
4.9155 1.137 1.187 1.112 0.919 0.776 0.637 0.998 0.896 0.774 0.632 0.492 0.343 0.901 0.729 0.557 0.436 0.326 0.665 0.522 0.403 0.304 0.135 0.559 0.654 0.502 0.114 -0.056 -0.246 0.469
5.0341 1.123 1.172 1.097 0.904 0.762 0.623 0.984 0.882 0.76 0.618 0.477 0.329 0.887 0.714 0.543 0.422 0.311 0.651 0.508 0.388 0.289 0.121 0.545 0.64 0.487 0.099 -0.07 -0.26 0.455
5.1555 1.108 1.158 1.083 0.89 0.748 0.609 0.969 0.868 0.745 0.603 0.463 0.314 0.873 0.7 0.528 0.408 0.297 0.636 0.494 0.374 0.275 0.107 0.531 0.626 0.473 0.085 -0.084 -0.275 0.44
5.2799 1.094 1.144 1.069 0.876 0.733 0.594 0.955 0.853 0.731 0.589 0.449 0.3 0.858 0.686 0.514 0.393 0.283 0.622 0.479 0.36 0.261 0.092 0.516 0.611 0.459 0.071 -0.099 -0.289 0.426
5.4072 1.08 1.129 1.054 0.861 0.719 0.58 0.941 0.839 0.717 0.575 0.434 0.286 0.844 0.671 0.5 0.379 0.268 0.608 0.465 0.345 0.246 0.078 0.502 0.597 0.444 0.056 -0.113 -0.303 0.412
5.5377 1.065 1.115 1.04 0.847 0.705 0.566 0.926 0.825 0.702 0.56 0.42 0.271 0.83 0.657 0.485 0.365 0.254 0.593 0.451 0.331 0.232 0.064 0.488 0.583 0.43 0.042 -0.127 -0.318 0.397
5.6713 1.051 1.101 1.026 0.833 0.69 0.551 0.912 0.81 0.688 0.546 0.406 0.257 0.815 0.643 0.471 0.35 0.24 0.579 0.436 0.317 0.218 0.049 0.473 0.568 0.416 0.028 -0.142 -0.332 0.383
5.8081 1.037 1.086 1.011 0.818 0.676 0.537 0.898 0.796 0.674 0.532 0.391 0.243 0.801 0.628 0.457 0.336 0.225 0.565 0.422 0.302 0.203 0.035 0.459 0.554 0.401 0.013 -0.156 -0.346 0.369
5.9482 1.024 1.073 0.998 0.805 0.663 0.524 0.885 0.783 0.661 0.519 0.378 0.23 0.788 0.615 0.444 0.323 0.212 0.552 0.409 0.289 0.19 0.022 0.446 0.541 0.388 0.0 -0.169 -0.359 0.356
6.0917 1.012 1.061 0.987 0.794 0.651 0.512 0.873 0.771 0.649 0.507 0.366 0.218 0.776 0.604 0.432 0.311 0.201 0.54 0.397 0.278 0.179 0.01 0.434 0.529 0.377 -0.011 -0.181 -0.371 0.344
6.2386 1.0 1.05 0.975 0.782 0.64 0.5 0.861 0.76 0.637 0.495 0.355 0.206 0.765 0.592 0.42 0.299 0.189 0.528 0.386 0.266 0.167 -0.001 0.422 0.518 0.365 -0.023 -0.192 -0.383 0.332
6.3891 0.989 1.038 0.963 0.77 0.628 0.489 0.849 0.748 0.625 0.484 0.343 0.194 0.753 0.58 0.408 0.288 0.177 0.517 0.374 0.254 0.155 -0.013 0.411 0.506 0.353 -0.035 -0.204 -0.395 0.32
6.5433 0.977 1.026 0.951 0.758 0.616 0.477 0.838 0.736 0.614 0.472 0.331 0.183 0.741 0.569 0.397 0.276 0.165 0.505 0.362 0.242 0.143 -0.025 0.399 0.494 0.341 -0.047 -0.216 -0.406 0.309
6.7011 0.965 1.015 0.94 0.747 0.604 0.465 0.826 0.724 0.602 0.46 0.32 0.171 0.729 0.557 0.385 0.264 0.154 0.493 0.35 0.231 0.132 -0.037 0.387 0.482 0.33 -0.058 -0.228 -0.418 0.297
6.8627 0.953 1.003 0.928 0.735 0.593 0.453 0.814 0.713 0.59 0.448 0.308 0.159 0.718 0.545 0.373 0.253 0.142 0.481 0.339 0.219 0.12 -0.048 0.375 0.471 0.318 -0.07 -0.239 -0.43 0.285
7.0283 0.942 0.991 0.916 0.723 0.581 0.442 0.803 0.701 0.578 0.437 0.296 0.148 0.706 0.533 0.361 0.241 0.13 0.47 0.327 0.207 0.108 -0.06 0.364 0.459 0.306 -0.082 -0.251 -0.441 0.273
7.1978 0.93 0.979 0.904 0.712 0.569 0.43 0.791 0.689 0.567 0.425 0.284 0.136 0.694 0.522 0.35 0.229 0.118 0.458 0.315 0.195 0.096 -0.072 0.352 0.447 0.294 -0.094 -0.263 -0.453 0.262
7.3715 0.918 0.968 0.893 0.7 0.557 0.418 0.779 0.677 0.555 0.413 0.273 0.124 0.682 0.51 0.338 0.217 0.107 0.446 0.304 0.184 0.085 -0.084 0.34 0.435 0.283 -0.105 -0.275 -0.465 0.25
7.5493 0.906 0.955 0.88 0.687 0.545 0.406 0.766 0.665 0.542 0.4 0.26 0.111 0.67 0.497 0.325 0.205 0.094 0.433 0.291 0.171 0.072 -0.096 0.328 0.423 0.27 -0.118 -0.287 -0.478 0.237
7.7314 0.892 0.942 0.867 0.674 0.532 0.393 0.753 0.652 0.529 0.387 0.247 0.098 0.657 0.484 0.312 0.192 0.081 0.42 0.278 0.158 0.059 -0.109 0.315 0.41 0.257 -0.131 -0.3 -0.491 0.224
7.9179 0.879 0.929 0.854 0.661 0.519 0.379 0.74 0.639 0.516 0.374 0.234 0.085 0.644 0.471 0.299 0.179 0.068 0.407 0.265 0.145 0.046 -0.122 0.301 0.397 0.244 -0.144 -0.313 -0.504 0.211
8.1089 0.866 0.916 0.841 0.648 0.506 0.366 0.727 0.626 0.503 0.361 0.221 0.072 0.631 0.458 0.286 0.165 0.055 0.394 0.252 0.132 0.033 -0.135 0.288 0.384 0.231 -0.157 -0.326 -0.517 0.198
8.3045 0.853 0.903 0.828 0.635 0.492 0.353 0.714 0.613 0.49 0.348 0.208 0.059 0.618 0.445 0.273 0.152 0.042 0.381 0.239 0.119 0.02 -0.148 0.275 0.371 0.218 -0.17 -0.34 -0.53 0.185
8.5049 0.84 0.89 0.815 0.622 0.479 0.34 0.701 0.599 0.477 0.335 0.195 0.046 0.604 0.432 0.26 0.139 0.029 0.368 0.226 0.106 0.007 -0.162 0.262 0.357 0.205 -0.183 -0.353 -0.543 0.172
8.71 0.827 0.877 0.802 0.609 0.466 0.327 0.688 0.586 0.464 0.322 0.182 0.033 0.591 0.419 0.247 0.126 0.016 0.355 0.212 0.093 -0.006 -0.175 0.249 0.344 0.192 -0.196 -0.366 -0.556 0.159
8.9201 0.814 0.863 0.789 0.596 0.453 0.314 0.675 0.573 0.451 0.309 0.169 0.02 0.578 0.406 0.234 0.113 0.003 0.342 0.199 0.08 -0.019 -0.188 0.236 0.331 0.179 -0.209 -0.379 -0.569 0.146
9.1353 0.801 0.85 0.776 0.583 0.44 0.301 0.662 0.56 0.438 0.296 0.155 0.007 0.565 0.393 0.221 0.1 -0.011 0.329 0.186 0.067 -0.032 -0.201 0.223 0.318 0.165 -0.222 -0.392 -0.582 0.133
9.3557 0.788 0.837 0.763 0.57 0.427 0.288 0.649 0.547 0.425 0.283 0.142 -0.006 0.552 0.38 0.208 0.087 -0.024 0.316 0.173 0.053 -0.046 -0.214 0.21 0.305 0.152 -0.236 -0.405 -0.595 0.12
9.5814 0.772 0.821 0.747 0.554 0.411 0.272 0.633 0.531 0.409 0.267 0.126 -0.022 0.536 0.364 0.192 0.071 -0.04 0.3 0.157 0.038 -0.062 -0.23 0.194 0.289 0.136 -0.251 -0.421 -0.611 0.104
9.8125 0.755 0.805 0.73 0.537 0.395 0.255 0.616 0.515 0.392 0.25 0.11 -0.039 0.52 0.347 0.175 0.054 -0.056 0.283 0.141 0.021 -0.078 -0.246 0.177 0.273 0.12 -0.268 -0.437 -0.628 0.087
10.0492 0.739 0.788 0.713 0.52 0.378 0.239 0.6 0.498 0.376 0.234 0.093 -0.055 0.503 0.33 0.159 0.038 -0.073 0.267 0.124 0.004 -0.095 -0.263 0.161 0.256 0.103 -0.285 -0.454 -0.644 0.071
