web/models/grb/offaxis/1/grb_0.2967_0.0373_0.1000000.dat
# %ECSV 1.0
# ---
# datatype:
# - {name: time, datatype: float64}
# - {name: swift_uvot_uvw2, datatype: float64}
# - {name: swift_uvot_uvm2, datatype: float64}
# - {name: swift_uvot_uvw1, datatype: float64}
# - {name: swift_uvot_U, datatype: float64}
# - {name: swift_uvot_B, datatype: float64}
# - {name: swift_uvot_V, datatype: float64}
# - {name: swift_uvot_W, datatype: float64}
# - {name: johnson_U, datatype: float64}
# - {name: johnson_B, datatype: float64}
# - {name: johnson_V, datatype: float64}
# - {name: johnson_R, datatype: float64}
# - {name: johnson_I, datatype: float64}
# - {name: sdss_u, datatype: float64}
# - {name: sdss_g, datatype: float64}
# - {name: sdss_r, datatype: float64}
# - {name: sdss_i, datatype: float64}
# - {name: sdss_z, datatype: float64}
# - {name: PS1_g, datatype: float64}
# - {name: PS1_r, datatype: float64}
# - {name: PS1_i, datatype: float64}
# - {name: PS1_z, datatype: float64}
# - {name: PS1_Y, datatype: float64}
# - {name: PS1_w, datatype: float64}
# - {name: ATLAS_c, datatype: float64}
# - {name: ATLAS_o, datatype: float64}
# - {name: ukirt_J, datatype: float64}
# - {name: ukirt_H, datatype: float64}
# - {name: ukirt_K, datatype: float64}
# - {name: Clear, datatype: float64}
# meta: !!omap
# - comment: [E = 1.6176451642579403e-05, Eta0 = 8.02, GammaB = 12.0, dL = 0.012188, epsb = 6.760829753919819e-06, epse = 0.1, n = 0.1,
#     p = 2.15, theta_obs = 0.29670597283903605, xiN = 1.0, z = 0.0, type = grb, E_kiso = 0.0372759372031494]
# schema: astropy-2.0
time swift_uvot_uvw2 swift_uvot_uvm2 swift_uvot_uvw1 swift_uvot_U swift_uvot_B swift_uvot_V swift_uvot_W johnson_U johnson_B johnson_V johnson_R johnson_I sdss_u sdss_g sdss_r sdss_i sdss_z PS1_g PS1_r PS1_i PS1_z PS1_Y PS1_w ATLAS_c ATLAS_o ukirt_J ukirt_H ukirt_K Clear
0.01 5.379 5.428 5.353 5.16 5.018 4.879 5.24 5.138 5.016 4.874 4.733 4.585 5.143 4.97 4.799 4.678 4.567 4.907 4.764 4.644 4.545 4.377 4.801 4.896 4.743 4.355 4.186 3.996 4.711
0.0102 5.354 5.403 5.328 5.135 4.993 4.854 5.215 5.113 4.991 4.849 4.708 4.56 5.118 4.946 4.774 4.653 4.542 4.882 4.739 4.619 4.52 4.352 4.776 4.871 4.718 4.33 4.161 3.971 4.686
0.0105 5.329 5.378 5.303 5.111 4.968 4.829 5.19 5.088 4.966 4.824 4.683 4.535 5.093 4.921 4.749 4.628 4.517 4.857 4.714 4.594 4.495 4.327 4.751 4.846 4.693 4.305 4.136 3.946 4.661
0.0107 5.304 5.353 5.279 5.086 4.943 4.804 5.165 5.063 4.941 4.799 4.658 4.51 5.068 4.896 4.724 4.603 4.492 4.832 4.689 4.57 4.471 4.302 4.726 4.821 4.669 4.281 4.111 3.921 4.636
0.011 5.279 5.329 5.254 5.061 4.918 4.779 5.14 5.038 4.916 4.774 4.634 4.485 5.043 4.871 4.699 4.578 4.468 4.807 4.664 4.545 4.446 4.277 4.701 4.796 4.644 4.256 4.086 3.896 4.611
0.0113 5.254 5.304 5.229 5.036 4.893 4.754 5.115 5.013 4.891 4.749 4.609 4.46 5.018 4.846 4.674 4.553 4.443 4.782 4.64 4.52 4.421 4.252 4.676 4.771 4.619 4.231 4.061 3.871 4.586
0.0115 5.229 5.279 5.204 5.011 4.868 4.729 5.09 4.988 4.866 4.724 4.584 4.435 4.994 4.821 4.649 4.528 4.418 4.757 4.615 4.495 4.396 4.228 4.651 4.747 4.594 4.206 4.036 3.846 4.561
0.0118 5.209 5.258 5.183 4.99 4.848 4.709 5.07 4.968 4.845 4.704 4.563 4.415 4.973 4.8 4.629 4.508 4.397 4.737 4.594 4.474 4.375 4.207 4.631 4.726 4.573 4.185 4.016 3.826 4.541
0.0121 5.188 5.238 5.163 4.97 4.828 4.688 5.049 4.948 4.825 4.683 4.543 4.394 4.953 4.78 4.608 4.488 4.377 4.716 4.574 4.454 4.355 4.187 4.611 4.706 4.553 4.165 3.996 3.805 4.52
0.0124 5.168 5.218 5.143 4.95 4.807 4.668 5.029 4.927 4.805 4.663 4.523 4.374 4.932 4.76 4.588 4.467 4.357 4.696 4.554 4.434 4.335 4.166 4.59 4.685 4.533 4.145 3.975 3.785 4.5
0.0127 5.148 5.197 5.122 4.93 4.787 4.648 5.009 4.907 4.785 4.643 4.502 4.354 4.912 4.74 4.568 4.447 4.336 4.676 4.533 4.413 4.314 4.146 4.57 4.665 4.512 4.124 3.955 3.765 4.48
0.013 5.128 5.177 5.102 4.909 4.767 4.628 4.989 4.887 4.764 4.623 4.482 4.333 4.892 4.719 4.547 4.427 4.316 4.656 4.513 4.393 4.294 4.126 4.55 4.645 4.492 4.104 3.935 3.744 4.459
0.0133 5.107 5.157 5.082 4.889 4.747 4.607 4.968 4.867 4.744 4.602 4.462 4.313 4.872 4.699 4.527 4.406 4.296 4.635 4.493 4.373 4.274 4.106 4.529 4.625 4.472 4.084 3.915 3.724 4.439
0.0136 5.087 5.137 5.062 4.869 4.726 4.587 4.948 4.846 4.724 4.582 4.442 4.293 4.851 4.679 4.507 4.386 4.276 4.615 4.472 4.353 4.254 4.085 4.509 4.604 4.452 4.064 3.894 3.704 4.419
0.014 5.067 5.116 5.041 4.848 4.706 4.567 4.928 4.826 4.704 4.562 4.421 4.273 4.831 4.659 4.487 4.366 4.255 4.595 4.452 4.332 4.233 4.065 4.489 4.584 4.431 4.043 3.874 3.684 4.399
0.0143 5.047 5.096 5.021 4.828 4.686 4.547 4.907 4.806 4.683 4.541 4.401 4.252 4.811 4.638 4.466 4.346 4.235 4.574 4.432 4.312 4.213 4.045 4.469 4.564 4.411 4.023 3.854 3.663 4.378
0.0146 5.027 5.076 5.001 4.808 4.666 4.527 4.888 4.786 4.663 4.522 4.381 4.233 4.791 4.618 4.446 4.326 4.215 4.555 4.412 4.292 4.193 4.025 4.449 4.544 4.391 4.003 3.834 3.643 4.358
0.015 5.011 5.06 4.985 4.792 4.65 4.511 4.872 4.77 4.648 4.506 4.365 4.217 4.775 4.602 4.431 4.31 4.199 4.539 4.396 4.276 4.177 4.009 4.433 4.528 4.375 3.987 3.818 3.628 4.343
0.0154 4.995 5.044 4.969 4.776 4.634 4.495 4.856 4.754 4.632 4.49 4.349 4.201 4.759 4.587 4.415 4.294 4.183 4.523 4.38 4.26 4.161 3.993 4.417 4.512 4.359 3.971 3.802 3.612 4.327
0.0157 4.979 5.028 4.954 4.761 4.618 4.479 4.84 4.738 4.616 4.474 4.333 4.185 4.743 4.571 4.399 4.278 4.167 4.507 4.364 4.245 4.145 3.977 4.401 4.496 4.343 3.956 3.786 3.596 4.311
0.0161 4.963 5.013 4.938 4.745 4.602 4.463 4.824 4.722 4.6 4.458 4.318 4.169 4.727 4.555 4.383 4.262 4.152 4.491 4.348 4.229 4.13 3.961 4.385 4.48 4.328 3.94 3.77 3.58 4.295
0.0165 4.947 4.997 4.922 4.729 4.586 4.447 4.808 4.706 4.584 4.442 4.302 4.153 4.711 4.539 4.367 4.246 4.136 4.475 4.333 4.213 4.114 3.945 4.369 4.465 4.312 3.924 3.754 3.564 4.279
0.0169 4.931 4.981 4.906 4.713 4.571 4.431 4.792 4.691 4.568 4.426 4.286 4.137 4.696 4.523 4.351 4.23 4.12 4.459 4.317 4.197 4.098 3.93 4.353 4.449 4.296 3.908 3.739 3.548 4.263
0.0173 4.915 4.965 4.89 4.697 4.555 4.416 4.776 4.675 4.552 4.41 4.27 4.121 4.68 4.507 4.335 4.215 4.104 4.443 4.301 4.181 4.082 3.914 4.338 4.433 4.28 3.892 3.723 3.532 4.247
0.0177 4.9 4.949 4.874 4.681 4.539 4.4 4.76 4.659 4.536 4.395 4.254 4.105 4.664 4.491 4.319 4.199 4.088 4.428 4.285 4.165 4.066 3.898 4.322 4.417 4.264 3.876 3.707 3.516 4.231
0.0181 4.884 4.933 4.858 4.665 4.523 4.384 4.745 4.643 4.521 4.379 4.238 4.09 4.648 4.475 4.304 4.183 4.072 4.412 4.269 4.149 4.05 3.882 4.306 4.401 4.248 3.86 3.691 3.501 4.216
0.0186 4.868 4.918 4.843 4.65 4.507 4.368 4.729 4.627 4.505 4.363 4.223 4.074 4.632 4.46 4.288 4.167 4.057 4.396 4.254 4.134 4.035 3.866 4.29 4.385 4.233 3.845 3.675 3.485 4.2
0.019 4.854 4.903 4.828 4.635 4.493 4.354 4.715 4.613 4.491 4.349 4.208 4.06 4.618 4.446 4.274 4.153 4.042 4.382 4.239 4.119 4.02 3.852 4.276 4.371 4.218 3.83 3.661 3.471 4.186
0.0195 4.839 4.889 4.814 4.621 4.479 4.34 4.7 4.599 4.476 4.334 4.194 4.045 4.604 4.431 4.259 4.139 4.028 4.367 4.225 4.105 4.006 3.838 4.262 4.357 4.204 3.816 3.647 3.456 4.171
0.02 4.825 4.875 4.8 4.607 4.464 4.325 4.686 4.584 4.462 4.32 4.18 4.031 4.589 4.417 4.245 4.124 4.014 4.353 4.211 4.091 3.992 3.823 4.247 4.342 4.19 3.802 3.632 3.442 4.157
0.0204 4.811 4.86 4.785 4.592 4.45 4.311 4.672 4.57 4.448 4.306 4.165 4.017 4.575 4.402 4.231 4.11 3.999 4.339 4.196 4.076 3.977 3.809 4.233 4.328 4.175 3.787 3.618 3.428 4.143
0.0209 4.796 4.846 4.771 4.578 4.436 4.297 4.657 4.556 4.433 4.291 4.151 4.002 4.561 4.388 4.216 4.096 3.985 4.324 4.182 4.062 3.963 3.795 4.219 4.314 4.161 3.773 3.604 3.413 4.128
0.0214 4.782 4.832 4.757 4.564 4.421 4.282 4.643 4.541 4.419 4.277 4.137 3.988 4.546 4.374 4.202 4.081 3.971 4.31 4.167 4.048 3.949 3.78 4.204 4.299 4.147 3.759 3.589 3.399 4.114
0.022 4.768 4.817 4.742 4.549 4.407 4.268 4.629 4.527 4.405 4.263 4.122 3.974 4.532 4.359 4.188 4.067 3.956 4.296 4.153 4.033 3.934 3.766 4.19 4.285 4.132 3.744 3.575 3.385 4.1
0.0225 4.753 4.803 4.728 4.535 4.393 4.254 4.614 4.513 4.39 4.248 4.108 3.959 4.518 4.345 4.173 4.053 3.942 4.281 4.139 4.019 3.92 3.752 4.176 4.271 4.118 3.73 3.561 3.37 4.085
0.023 4.739 4.789 4.714 4.521 4.378 4.239 4.6 4.498 4.376 4.234 4.094 3.945 4.503 4.331 4.159 4.038 3.928 4.267 4.124 4.005 3.906 3.737 4.161 4.256 4.104 3.716 3.546 3.356 4.071
0.0236 4.726 4.775 4.7 4.507 4.365 4.226 4.587 4.485 4.363 4.221 4.08 3.932 4.49 4.317 4.146 4.025 3.914 4.254 4.111 3.991 3.892 3.724 4.148 4.243 4.09 3.702 3.533 3.343 4.058
0.0242 4.714 4.763 4.689 4.496 4.353 4.214 4.575 4.473 4.351 4.209 4.068 3.92 4.478 4.306 4.134 4.013 3.902 4.242 4.099 3.98 3.88 3.712 4.136 4.231 4.078 3.691 3.521 3.331 4.046
0.0247 4.702 4.752 4.677 4.484 4.341 4.202 4.563 4.461 4.339 4.197 4.057 3.908 4.467 4.294 4.122 4.001 3.891 4.23 4.088 3.968 3.869 3.7 4.124 4.22 4.067 3.679 3.509 3.319 4.034
0.0253 4.69 4.74 4.665 4.472 4.33 4.191 4.551 4.45 4.327 4.185 4.045 3.896 4.455 4.282 4.11 3.99 3.879 4.218 4.076 3.956 3.857 3.689 4.113 4.208 4.055 3.667 3.498 3.307 4.022
0.0259 4.679 4.728 4.653 4.46 4.318 4.179 4.54 4.438 4.316 4.174 4.033 3.885 4.443 4.27 4.099 3.978 3.867 4.207 4.064 3.944 3.845 3.677 4.101 4.196 4.043 3.655 3.486 3.296 4.011
0.0266 4.667 4.716 4.642 4.449 4.306 4.167 4.528 4.426 4.304 4.162 4.021 3.873 4.431 4.259 4.087 3.966 3.856 4.195 4.052 3.933 3.834 3.665 4.089 4.184 4.032 3.644 3.474 3.284 3.999
0.0272 4.655 4.705 4.63 4.437 4.295 4.155 4.516 4.415 4.292 4.15 4.01 3.861 4.42 4.247 4.075 3.954 3.844 4.183 4.041 3.921 3.822 3.654 4.077 4.173 4.02 3.632 3.463 3.272 3.987
0.0279 4.644 4.693 4.618 4.425 4.283 4.144 4.504 4.403 4.28 4.139 3.998 3.849 4.408 4.235 4.063 3.943 3.832 4.171 4.029 3.909 3.81 3.642 4.066 4.161 4.008 3.62 3.451 3.26 3.975
0.0285 4.632 4.681 4.606 4.413 4.271 4.132 4.493 4.391 4.269 4.127 3.986 3.838 4.396 4.224 4.052 3.931 3.82 4.16 4.017 3.897 3.798 3.63 4.054 4.149 3.996 3.608 3.439 3.249 3.964
0.0292 4.62 4.67 4.595 4.402 4.259 4.12 4.481 4.379 4.257 4.115 3.975 3.826 4.384 4.212 4.04 3.919 3.809 4.148 4.005 3.886 3.787 3.618 4.042 4.137 3.985 3.597 3.427 3.237 3.952
0.0299 4.608 4.657 4.582 4.389 4.247 4.108 4.469 4.367 4.245 4.103 3.962 3.814 4.372 4.199 4.028 3.907 3.796 4.136 3.993 3.873 3.774 3.606 4.03 4.125 3.972 3.584 3.415 3.225 3.94
0.0307 4.595 4.644 4.569 4.376 4.234 4.095 4.456 4.354 4.231 4.09 3.949 3.801 4.359 4.186 4.014 3.894 3.783 4.123 3.98 3.86 3.761 3.593 4.017 4.112 3.959 3.571 3.402 3.211 3.926
0.0314 4.582 4.631 4.556 4.363 4.221 4.082 4.442 4.341 4.218 4.076 3.936 3.787 4.346 4.173 4.001 3.881 3.77 4.109 3.967 3.847 3.748 3.58 4.004 4.099 3.946 3.558 3.389 3.198 3.913
0.0322 4.568 4.618 4.543 4.35 4.208 4.069 4.429 4.328 4.205 4.063 3.923 3.774 4.333 4.16 3.988 3.868 3.757 4.096 3.954 3.834 3.735 3.567 3.991 4.086 3.933 3.545 3.376 3.185 3.9
0.0329 4.555 4.605 4.53 4.337 4.195 4.056 4.416 4.315 4.192 4.05 3.91 3.761 4.32 4.147 3.975 3.855 3.744 4.083 3.941 3.821 3.722 3.554 3.978 4.073 3.92 3.532 3.363 3.172 3.887
0.0337 4.542 4.592 4.517 4.324 4.182 4.042 4.403 4.302 4.179 4.037 3.897 3.748 4.307 4.134 3.962 3.841 3.731 4.07 3.928 3.808 3.709 3.541 3.964 4.06 3.907 3.519 3.35 3.159 3.874
0.0345 4.529 4.579 4.504 4.311 4.168 4.029 4.39 4.289 4.166 4.024 3.884 3.735 4.294 4.121 3.949 3.828 3.718 4.057 3.915 3.795 3.696 3.528 3.951 4.047 3.894 3.506 3.336 3.146 3.861
0.0354 4.516 4.566 4.491 4.298 4.155 4.016 4.377 4.275 4.153 4.011 3.871 3.722 4.28 4.108 3.936 3.815 3.705 4.044 3.902 3.782 3.683 3.514 3.938 4.034 3.881 3.493 3.323 3.133 3.848
0.0362 4.503 4.553 4.478 4.285 4.142 4.003 4.364 4.262 4.14 3.998 3.858 3.709 4.267 4.095 3.923 3.802 3.692 4.031 3.889 3.769 3.67 3.501 3.925 4.02 3.868 3.48 3.31 3.12 3.835
0.0371 4.49 4.54 4.465 4.272 4.129 3.99 4.351 4.249 4.127 3.985 3.845 3.696 4.254 4.082 3.91 3.789 3.679 4.018 3.875 3.756 3.657 3.488 3.912 4.007 3.855 3.467 3.297 3.107 3.822
0.038 4.475 4.524 4.449 4.256 4.114 3.975 4.336 4.234 4.112 3.97 3.829 3.681 4.239 4.066 3.895 3.774 3.663 4.003 3.86 3.74 3.641 3.473 3.897 3.992 3.839 3.451 3.282 3.092 3.807
0.0389 4.458 4.508 4.433 4.24 4.097 3.958 4.319 4.217 4.095 3.953 3.813 3.664 4.222 4.05 3.878 3.757 3.647 3.986 3.843 3.724 3.625 3.456 3.88 3.975 3.823 3.435 3.265 3.075 3.79
0.0398 4.441 4.491 4.416 4.223 4.081 3.942 4.302 4.201 4.078 3.936 3.796 3.647 4.206 4.033 3.861 3.741 3.63 3.969 3.827 3.707 3.608 3.44 3.864 3.959 3.806 3.418 3.249 3.058 3.773
0.0408 4.425 4.474 4.399 4.206 4.064 3.925 4.286 4.184 4.062 3.92 3.779 3.631 4.189 4.017 3.845 3.724 3.613 3.953 3.81 3.69 3.591 3.423 3.847 3.942 3.789 3.401 3.232 3.042 3.757
0.0418 4.408 4.458 4.383 4.19 4.047 3.908 4.269 4.167 4.045 3.903 3.763 3.614 4.173 4.0 3.828 3.707 3.597 3.936 3.794 3.674 3.575 3.406 3.83 3.926 3.773 3.385 3.215 3.025 3.74
0.0428 4.392 4.441 4.366 4.173 4.031 3.892 4.253 4.151 4.028 3.887 3.746 3.598 4.156 3.983 3.811 3.691 3.58 3.92 3.777 3.657 3.558 3.39 3.814 3.909 3.756 3.368 3.199 3.008 3.723
0.0438 4.375 4.424 4.35 4.157 4.014 3.875 4.236 4.134 4.012 3.87 3.729 3.581 4.139 3.967 3.795 3.674 3.564 3.903 3.76 3.641 3.542 3.373 3.797 3.892 3.74 3.352 3.182 2.992 3.707
0.0449 4.358 4.408 4.333 4.14 3.998 3.858 4.219 4.118 3.995 3.853 3.713 3.564 4.123 3.95 3.778 3.658 3.547 3.886 3.744 3.624 3.525 3.357 3.78 3.876 3.723 3.335 3.166 2.975 3.69
0.046 4.342 4.391 4.316 4.123 3.981 3.842 4.203 4.101 3.979 3.837 3.696 3.548 4.106 3.933 3.762 3.641 3.53 3.87 3.727 3.607 3.508 3.34 3.764 3.859 3.706 3.318 3.149 2.959 3.674
0.0471 4.325 4.375 4.3 4.107 3.964 3.825 4.186 4.084 3.962 3.82 3.68 3.531 4.089 3.917 3.745 3.624 3.514 3.853 3.711 3.591 3.492 3.323 3.747 3.842 3.69 3.302 3.132 2.942 3.657
0.0482 4.311 4.361 4.286 4.093 3.95 3.811 4.172 4.07 3.948 3.806 3.666 3.517 4.075 3.903 3.731 3.61 3.5 3.839 3.696 3.577 3.478 3.309 3.733 3.828 3.676 3.288 3.118 2.928 3.643
0.0494 4.298 4.347 4.272 4.079 3.937 3.798 4.159 4.057 3.935 3.793 3.652 3.504 4.062 3.889 3.718 3.597 3.486 3.826 3.683 3.563 3.464 3.296 3.72 3.815 3.662 3.274 3.105 2.915 3.63
0.0506 4.284 4.334 4.259 4.066 3.924 3.784 4.145 4.044 3.921 3.779 3.639 3.49 4.049 3.876 3.704 3.583 3.473 3.812 3.67 3.55 3.451 3.283 3.706 3.802 3.649 3.261 3.092 2.901 3.616
0.0518 4.271 4.32 4.246 4.053 3.91 3.771 4.132 4.03 3.908 3.766 3.625 3.477 4.035 3.863 3.691 3.57 3.459 3.799 3.656 3.537 3.437 3.269 3.693 3.788 3.635 3.248 3.078 2.888 3.603
0.053 4.258 4.307 4.232 4.039 3.897 3.758 4.118 4.017 3.894 3.753 3.612 3.463 4.022 3.849 3.677 3.557 3.446 3.786 3.643 3.523 3.424 3.256 3.68 3.775 3.622 3.234 3.065 2.874 3.589
0.0543 4.244 4.294 4.219 4.026 3.883 3.744 4.105 4.003 3.881 3.739 3.599 3.45 4.008 3.836 3.664 3.543 3.433 3.772 3.63 3.51 3.411 3.242 3.666 3.762 3.609 3.221 3.051 2.861 3.576
0.0556 4.231 4.28 4.205 4.012 3.87 3.731 4.092 3.99 3.868 3.726 3.585 3.437 3.995 3.823 3.651 3.53 3.419 3.759 3.616 3.496 3.397 3.229 3.653 3.748 3.595 3.207 3.038 2.848 3.563
0.057 4.217 4.267 4.192 3.999 3.857 3.718 4.078 3.977 3.854 3.712 3.572 3.423 3.982 3.809 3.637 3.517 3.406 3.745 3.603 3.483 3.384 3.216 3.64 3.735 3.582 3.194 3.025 2.834 3.549
0.0584 4.204 4.254 4.179 3.986 3.843 3.704 4.065 3.963 3.841 3.699 3.559 3.41 3.968 3.796 3.624 3.503 3.393 3.732 3.589 3.47 3.371 3.202 3.626 3.721 3.569 3.181 3.011 2.821 3.536
0.0598 4.191 4.24 4.165 3.972 3.83 3.691 4.052 3.95 3.828 3.686 3.545 3.397 3.955 3.782 3.611 3.49 3.379 3.719 3.576 3.456 3.357 3.189 3.613 3.708 3.555 3.167 2.998 2.808 3.523
0.0612 4.175 4.224 4.149 3.956 3.814 3.675 4.036 3.934 3.812 3.67 3.529 3.381 3.939 3.766 3.595 3.474 3.363 3.703 3.56 3.44 3.341 3.173 3.597 3.692 3.539 3.151 2.982 2.792 3.507
0.0627 4.159 4.208 4.133 3.94 3.798 3.659 4.02 3.918 3.796 3.654 3.513 3.365 3.923 3.75 3.579 3.458 3.347 3.687 3.544 3.424 3.325 3.157 3.581 3.676 3.523 3.135 2.966 2.776 3.491
0.0642 4.143 4.192 4.117 3.924 3.782 3.643 4.004 3.902 3.779 3.638 3.497 3.348 3.907 3.734 3.562 3.442 3.331 3.671 3.528 3.408 3.309 3.141 3.565 3.66 3.507 3.119 2.95 2.759 3.474
0.0657 4.126 4.176 4.101 3.908 3.766 3.627 3.987 3.886 3.763 3.621 3.481 3.332 3.891 3.718 3.546 3.426 3.315 3.654 3.512 3.392 3.293 3.125 3.549 3.644 3.491 3.103 2.934 2.743 3.458
0.0673 4.11 4.16 4.085 3.892 3.75 3.61 3.971 3.87 3.747 3.605 3.465 3.316 3.875 3.702 3.53 3.41 3.299 3.638 3.496 3.376 3.277 3.109 3.533 3.628 3.475 3.087 2.918 2.727 3.442
0.0689 4.094 4.144 4.069 3.876 3.734 3.594 3.955 3.854 3.731 3.589 3.449 3.3 3.859 3.686 3.514 3.393 3.283 3.622 3.48 3.36 3.261 3.093 3.516 3.612 3.459 3.071 2.902 2.711 3.426
0.0706 4.078 4.128 4.053 3.86 3.717 3.578 3.939 3.837 3.715 3.573 3.433 3.284 3.842 3.67 3.498 3.377 3.267 3.606 3.464 3.344 3.245 3.076 3.5 3.596 3.443 3.055 2.885 2.695 3.41
0.0723 4.062 4.112 4.037 3.844 3.701 3.562 3.923 3.821 3.699 3.557 3.417 3.268 3.826 3.654 3.482 3.361 3.251 3.59 3.447 3.328 3.229 3.06 3.484 3.579 3.427 3.039 2.869 2.679 3.394
0.0741 4.046 4.095 4.021 3.828 3.685 3.546 3.907 3.805 3.683 3.541 3.4 3.252 3.81 3.638 3.466 3.345 3.235 3.574 3.431 3.312 3.213 3.044 3.468 3.563 3.411 3.023 2.853 2.663 3.378
0.0758 4.03 4.08 4.005 3.812 3.669 3.53 3.891 3.789 3.667 3.525 3.385 3.236 3.794 3.622 3.45 3.329 3.219 3.558 3.416 3.296 3.197 3.028 3.452 3.547 3.395 3.007 2.837 2.647 3.362
0.0777 4.018 4.067 3.992 3.799 3.657 3.518 3.879 3.777 3.654 3.513 3.372 3.224 3.782 3.609 3.438 3.317 3.206 3.546 3.403 3.283 3.184 3.016 3.44 3.535 3.382 2.994 2.825 2.635 3.35
0.0795 4.005 4.055 3.98 3.787 3.644 3.505 3.866 3.764 3.642 3.5 3.36 3.211 3.769 3.597 3.425 3.304 3.194 3.533 3.391 3.271 3.172 3.003 3.427 3.522 3.37 2.982 2.812 2.622 3.337
0.0815 3.993 4.042 3.967 3.774 3.632 3.493 3.854 3.752 3.629 3.488 3.347 3.199 3.757 3.584 3.412 3.292 3.181 3.521 3.378 3.258 3.159 2.991 3.415 3.51 3.357 2.969 2.8 2.61 3.324
0.0834 3.98 4.03 3.955 3.762 3.619 3.48 3.841 3.739 3.617 3.475 3.335 3.186 3.744 3.572 3.4 3.279 3.169 3.508 3.365 3.246 3.147 2.978 3.402 3.497 3.345 2.957 2.787 2.597 3.312
