web/models/kne.last_good/19/villar_0.0015_0.4060_10.0000.dat
# %ECSV 1.0
# ---
# datatype:
# - {name: time, datatype: float64}
# - {name: swift_uvot_uvw2, datatype: float64}
# - {name: swift_uvot_uvm2, datatype: float64}
# - {name: swift_uvot_uvw1, datatype: float64}
# - {name: swift_uvot_U, datatype: float64}
# - {name: swift_uvot_B, datatype: float64}
# - {name: swift_uvot_V, datatype: float64}
# - {name: swift_uvot_W, datatype: float64}
# - {name: johnson_U, datatype: float64}
# - {name: johnson_B, datatype: float64}
# - {name: johnson_V, datatype: float64}
# - {name: johnson_R, datatype: float64}
# - {name: johnson_I, datatype: float64}
# - {name: sdss_u, datatype: float64}
# - {name: sdss_g, datatype: float64}
# - {name: sdss_r, datatype: float64}
# - {name: sdss_i, datatype: float64}
# - {name: sdss_z, datatype: float64}
# - {name: PS1_g, datatype: float64}
# - {name: PS1_r, datatype: float64}
# - {name: PS1_i, datatype: float64}
# - {name: PS1_z, datatype: float64}
# - {name: PS1_Y, datatype: float64}
# - {name: PS1_w, datatype: float64}
# - {name: ATLAS_c, datatype: float64}
# - {name: ATLAS_o, datatype: float64}
# - {name: ukirt_J, datatype: float64}
# - {name: ukirt_H, datatype: float64}
# - {name: ukirt_K, datatype: float64}
# - {name: Clear, datatype: float64}
# meta: !!omap
# - comment: [kappa = 10.0, type = villar, mass = 0.001513321957917195, velocity = 0.406, theta_obs = 0.0, tfloor = 2500.0]
# schema: astropy-2.0
time swift_uvot_uvw2 swift_uvot_uvm2 swift_uvot_uvw1 swift_uvot_U swift_uvot_B swift_uvot_V swift_uvot_W johnson_U johnson_B johnson_V johnson_R johnson_I sdss_u sdss_g sdss_r sdss_i sdss_z PS1_g PS1_r PS1_i PS1_z PS1_Y PS1_w ATLAS_c ATLAS_o ukirt_J ukirt_H ukirt_K Clear
[from data line 358]
42.914265 4.373 9.571 8.605 6.902 4.116 2.113 3.998 6.406 3.985 1.995 0.41 -0.667 6.628 3.265 1.137 0.012 -0.759 2.291 0.967 -0.067 -0.682 -1.142 0.814 2.052 0.5 -1.67 -1.99 -2.051 0.353
44.212178 4.461 9.659 8.693 6.991 4.204 2.202 4.086 6.494 4.073 2.083 0.498 -0.579 6.716 3.353 1.225 0.1 -0.671 2.379 1.055 0.021 -0.594 -1.053 0.902 2.14 0.588 -1.582 -1.902 -1.963 0.442
45.549345 4.549 9.748 8.782 7.079 4.292 2.29 4.174 6.582 4.161 2.171 0.587 -0.49 6.805 3.442 1.313 0.188 -0.583 2.467 1.144 0.11 -0.506 -0.965 0.99 2.228 0.676 -1.494 -1.814 -1.875 0.53
46.926954 4.637 9.836 8.87 7.167 4.38 2.378 4.263 6.67 4.249 2.26 0.675 -0.402 6.893 3.53 1.401 0.276 -0.494 2.555 1.232 0.198 -0.418 -0.877 1.078 2.317 0.764 -1.406 -1.726 -1.786 0.618
48.346227 4.726 9.924 8.958 7.255 4.469 2.466 4.351 6.758 4.338 2.348 0.763 -0.314 6.981 3.618 1.489 0.365 -0.406 2.644 1.32 0.286 -0.33 -0.789 1.166 2.405 0.853 -1.317 -1.638 -1.698 0.706
49.808426 4.814 10.012 9.046 7.344 4.557 2.555 4.439 6.847 4.426 2.436 0.851 -0.225 7.07 3.707 1.578 0.453 -0.318 2.732 1.408 0.375 -0.241 -0.7 1.255 2.493 0.941 -1.229 -1.549 -1.61 0.795
51.314848 4.902 10.101 9.135 7.432 4.645 2.643 4.528 6.935 4.514 2.525 0.94 -0.137 7.158 3.795 1.666 0.541 -0.229 2.82 1.497 0.463 -0.153 -0.612 1.343 2.582 1.029 -1.141 -1.461 -1.521 0.883
52.86683 4.991 10.189 9.223 7.52 4.734 2.731 4.616 7.024 4.603 2.613 1.028 -0.049 7.246 3.883 1.755 0.63 -0.141 2.909 1.585 0.551 -0.064 -0.524 1.432 2.67 1.118 -1.052 -1.372 -1.433 0.971
54.465752 5.079 10.278 9.312 7.609 4.822 2.82 4.704 7.112 4.691 2.702 1.117 0.04 7.335 3.972 1.843 0.718 -0.052 2.997 1.674 0.64 0.024 -0.435 1.52 2.758 1.206 -0.964 -1.284 -1.345 1.06
56.113031 5.168 10.366 9.4 7.697 4.911 2.908 4.793 7.201 4.78 2.79 1.205 0.128 7.423 4.06 1.932 0.807 0.036 3.086 1.762 0.728 0.113 -0.347 1.608 2.847 1.295 -0.875 -1.195 -1.256 1.148
57.810132 5.256 10.455 9.489 7.786 4.999 2.997 4.881 7.289 4.868 2.879 1.294 0.217 7.512 4.149 2.02 0.895 0.125 3.174 1.851 0.817 0.201 -0.258 1.697 2.935 1.383 -0.787 -1.107 -1.168 1.237
59.55856 5.345 10.543 9.577 7.875 5.088 3.086 4.97 7.378 4.957 2.967 1.382 0.305 7.6 4.237 2.109 0.984 0.213 3.263 1.939 0.905 0.29 -0.17 1.786 3.024 1.472 -0.698 -1.018 -1.079 1.326
61.359868 5.433 10.632 9.666 7.963 5.176 3.174 5.059 7.466 5.045 3.056 1.471 0.394 7.689 4.326 2.197 1.073 0.302 3.351 2.028 0.994 0.378 -0.081 1.874 3.113 1.561 -0.609 -0.93 -0.99 1.414
63.215655 5.522 10.72 9.755 8.052 5.265 3.263 5.147 7.555 5.134 3.144 1.56 0.483 7.778 4.415 2.286 1.161 0.39 3.44 2.117 1.083 0.467 0.008 1.963 3.201 1.649 -0.521 -0.841 -0.902 1.503
65.127569 5.611 10.809 9.843 8.14 5.354 3.351 5.236 7.644 5.223 3.233 1.648 0.571 7.866 4.503 2.375 1.25 0.479 3.529 2.205 1.171 0.556 0.096 2.052 3.29 1.738 -0.432 -0.752 -0.813 1.591
67.097308 5.699 10.898 9.932 8.229 5.442 3.44 5.325 7.732 5.311 3.322 1.737 0.66 7.955 4.592 2.463 1.339 0.568 3.617 2.294 1.26 0.644 0.185 2.14 3.379 1.827 -0.343 -0.664 -0.724 1.68
69.126621 5.788 10.987 10.021 8.318 5.531 3.529 5.413 7.821 5.4 3.411 1.826 0.749 8.044 4.681 2.552 1.427 0.657 3.706 2.383 1.349 0.733 0.274 2.229 3.467 1.915 -0.255 -0.575 -0.636 1.769
71.217308 5.877 11.075 10.11 8.407 5.62 3.618 5.502 7.91 5.489 3.499 1.915 0.838 8.133 4.77 2.641 1.516 0.745 3.795 2.471 1.438 0.822 0.363 2.318 3.556 2.004 -0.166 -0.486 -0.547 1.858
73.371227 5.966 11.164 10.198 8.496 5.709 3.707 5.591 7.999 5.578 3.588 2.003 0.926 8.221 4.858 2.73 1.605 0.834 3.884 2.56 1.526 0.911 0.452 2.407 3.645 2.093 -0.077 -0.397 -0.458 1.947
75.59029 6.055 11.253 10.287 8.584 5.798 3.795 5.68 8.088 5.667 3.677 2.092 1.015 8.31 4.947 2.819 1.694 0.923 3.973 2.649 1.615 1.0 0.54 2.496 3.734 2.182 0.012 -0.308 -0.369 2.035
77.876467 6.144 11.342 10.376 8.673 5.887 3.884 5.769 8.177 5.756 3.766 2.181 1.104 8.399 5.036 2.907 1.783 1.012 4.062 2.738 1.704 1.089 0.629 2.584 3.823 2.271 0.101 -0.22 -0.28 2.124
80.231787 6.233 11.431 10.465 8.762 5.975 3.973 5.858 8.265 5.844 3.855 2.27 1.193 8.488 5.125 2.996 1.872 1.101 4.15 2.827 1.793 1.177 0.718 2.673 3.912 2.36 0.19 -0.131 -0.191 2.213
82.658343 6.322 11.52 10.554 8.851 6.064 4.062 5.947 8.354 5.933 3.944 2.359 1.282 8.577 5.214 3.085 1.961 1.19 4.239 2.916 1.882 1.266 0.807 2.762 4.001 2.449 0.279 -0.042 -0.102 2.302
85.158288 6.411 11.609 10.643 8.94 6.153 4.151 6.036 8.443 6.022 4.033 2.448 1.371 8.666 5.303 3.174 2.05 1.279 4.328 3.005 1.971 1.355 0.896 2.851 4.09 2.538 0.368 0.047 -0.013 2.391
87.733843 6.5 11.698 10.732 9.029 6.243 4.24 6.125 8.532 6.112 4.122 2.537 1.46 8.755 5.392 3.263 2.139 1.368 4.418 3.094 2.06 1.444 0.985 2.94 4.179 2.627 0.457 0.136 0.076 2.48
90.387293 6.589 11.787 10.821 9.118 6.332 4.329 6.214 8.622 6.201 4.211 2.626 1.549 8.844 5.481 3.353 2.228 1.457 4.507 3.183 2.149 1.534 1.074 3.029 4.268 2.716 0.546 0.226 0.165 2.569
93.120995 6.678 11.876 10.91 9.208 6.421 4.419 6.303 8.711 6.29 4.3 2.715 1.638 8.933 5.57 3.442 2.317 1.546 4.596 3.272 2.238 1.623 1.163 3.119 4.357 2.805 0.635 0.315 0.254 2.658
95.937376 6.767 11.965 10.999 9.297 6.51 4.508 6.392 8.8 6.379 4.389 2.804 1.728 9.023 5.659 3.531 2.406 1.635 4.685 3.361 2.327 1.712 1.253 3.208 4.446 2.894 0.724 0.404 0.343 2.748
98.838937 6.856 12.055 11.089 9.386 6.599 4.597 6.481 8.889 6.468 4.478 2.894 1.817 9.112 5.749 3.62 2.495 1.724 4.774 3.451 2.417 1.801 1.342 3.297 4.535 2.983 0.813 0.493 0.432 2.837
101.828253 6.945 12.144 11.178 9.475 6.688 4.686 6.57 8.978 6.557 4.568 2.983 1.906 9.201 5.838 3.709 2.584 1.814 4.863 3.54 2.506 1.89 1.431 3.386 4.624 3.072 0.902 0.582 0.522 2.926
104.907979 7.035 12.233 11.267 9.564 6.777 4.775 6.66 9.067 6.646 4.657 3.072 1.995 9.29 5.927 3.798 2.674 1.903 4.952 3.629 2.595 1.979 1.52 3.475 4.714 3.162 0.992 0.671 0.611 3.015
108.080849 7.124 12.322 11.356 9.654 6.867 4.865 6.749 9.157 6.736 4.746 3.161 2.084 9.379 6.016 3.888 2.763 1.992 5.042 3.718 2.684 2.069 1.609 3.565 4.803 3.251 1.081 0.761 0.7 3.105
111.349681 7.213 12.412 11.446 9.743 6.956 4.954 6.838 9.246 6.825 4.835 3.251 2.174 9.469 6.106 3.977 2.852 2.081 5.131 3.808 2.774 2.158 1.699 3.654 4.892 3.34 1.17 0.85 0.789 3.194
114.717376 7.302 12.501 11.535 9.832 7.045 5.043 6.928 9.335 6.914 4.925 3.34 2.263 9.558 6.195 4.066 2.942 2.171 5.22 3.897 2.863 2.247 1.788 3.743 4.982 3.43 1.26 0.939 0.879 3.283
118.186925 7.392 12.59 11.624 9.922 7.135 5.133 7.017 9.425 7.004 5.014 3.429 2.352 9.647 6.284 4.156 3.031 2.26 5.31 3.986 2.952 2.337 1.877 3.833 5.071 3.519 1.349 1.029 0.968 3.372
121.761408 7.481 12.68 11.714 10.011 7.224 5.222 7.106 9.514 7.093 5.103 3.519 2.442 9.737 6.374 4.245 3.12 2.349 5.399 4.076 3.042 2.426 1.967 3.922 5.16 3.608 1.438 1.118 1.057 3.462
125.443999 7.571 12.769 11.803 10.1 7.313 5.311 7.196 9.603 7.182 5.193 3.608 2.531 9.826 6.463 4.334 3.21 2.439 5.488 4.165 3.131 2.515 2.056 4.011 5.25 3.698 1.528 1.207 1.147 3.551
129.237967 7.66 12.858 11.893 10.19 7.403 5.401 7.285 9.693 7.272 5.282 3.697 2.621 9.916 6.553 4.424 3.299 2.528 5.578 4.254 3.221 2.605 2.146 4.101 5.339 3.787 1.617 1.297 1.236 3.641
133.146681 7.749 12.948 11.982 10.279 7.492 5.49 7.375 9.782 7.361 5.372 3.787 2.71 10.005 6.642 4.513 3.389 2.618 5.667 4.344 3.31 2.694 2.235 4.19 5.429 3.877 1.707 1.386 1.326 3.73
137.173612 7.839 13.037 12.072 10.369 7.582 5.58 7.464 9.872 7.451 5.461 3.876 2.8 10.095 6.732 4.603 3.478 2.707 5.757 4.433 3.4 2.784 2.325 4.28 5.518 3.966 1.796 1.476 1.415 3.82
141.322334 7.929 13.127 12.161 10.458 7.671 5.669 7.554 9.961 7.54 5.551 3.966 2.889 10.184 6.821 4.692 3.568 2.797 5.846 4.523 3.489 2.873 2.414 4.369 5.608 4.056 1.886 1.565 1.505 3.909
145.596532 8.018 13.217 12.251 10.548 7.761 5.759 7.643 10.051 7.63 5.64 4.056 2.979 10.274 6.911 4.782 3.657 2.886 5.936 4.613 3.579 2.963 2.504 4.459 5.697 4.145 1.975 1.655 1.594 3.999
150.0 8.108 13.306 12.34 10.637 7.851 5.848 7.733 10.141 7.72 5.73 4.145 3.068 10.363 7.0 4.872 3.747 2.976 6.026 4.702 3.668 3.053 2.593 4.548 5.787 4.235 2.065 1.745 1.684 4.088
