web/models/kne.last_good/19/villar_0.0043_0.2807_10.0000.dat
# %ECSV 1.0
# ---
# datatype:
# - {name: time, datatype: float64}
# - {name: swift_uvot_uvw2, datatype: float64}
# - {name: swift_uvot_uvm2, datatype: float64}
# - {name: swift_uvot_uvw1, datatype: float64}
# - {name: swift_uvot_U, datatype: float64}
# - {name: swift_uvot_B, datatype: float64}
# - {name: swift_uvot_V, datatype: float64}
# - {name: swift_uvot_W, datatype: float64}
# - {name: johnson_U, datatype: float64}
# - {name: johnson_B, datatype: float64}
# - {name: johnson_V, datatype: float64}
# - {name: johnson_R, datatype: float64}
# - {name: johnson_I, datatype: float64}
# - {name: sdss_u, datatype: float64}
# - {name: sdss_g, datatype: float64}
# - {name: sdss_r, datatype: float64}
# - {name: sdss_i, datatype: float64}
# - {name: sdss_z, datatype: float64}
# - {name: PS1_g, datatype: float64}
# - {name: PS1_r, datatype: float64}
# - {name: PS1_i, datatype: float64}
# - {name: PS1_z, datatype: float64}
# - {name: PS1_Y, datatype: float64}
# - {name: PS1_w, datatype: float64}
# - {name: ATLAS_c, datatype: float64}
# - {name: ATLAS_o, datatype: float64}
# - {name: ukirt_J, datatype: float64}
# - {name: ukirt_H, datatype: float64}
# - {name: ukirt_K, datatype: float64}
# - {name: Clear, datatype: float64}
# meta: !!omap
# - comment: [kappa = 10.0, type = villar, mass = 0.004263435211354371, velocity = 0.2806666666666667, theta_obs = 0.0, tfloor = 2500.0]
# schema: astropy-2.0
time swift_uvot_uvw2 swift_uvot_uvm2 swift_uvot_uvw1 swift_uvot_U swift_uvot_B swift_uvot_V swift_uvot_W johnson_U johnson_B johnson_V johnson_R johnson_I sdss_u sdss_g sdss_r sdss_i sdss_z PS1_g PS1_r PS1_i PS1_z PS1_Y PS1_w ATLAS_c ATLAS_o ukirt_J ukirt_H ukirt_K Clear
[from data line 70]
0.00805 -15.633 -13.977 -13.612 -12.931 -12.456 -11.982 -13.472 -12.858 -12.452 -11.97 -11.516 -11.004 -12.869 -12.304 -11.714 -11.303 -10.928 -13.087 -12.746 -12.618 -12.865 -13.721 -11.808 -12.075 -11.549 -10.197 -9.619 -8.96 -11.914
0.008294 -15.628 -14.004 -13.646 -12.966 -12.492 -12.018 -13.506 -12.893 -12.488 -12.006 -11.553 -11.04 -12.905 -12.34 -11.751 -11.34 -10.964 -13.095 -12.751 -12.618 -12.859 -13.708 -11.844 -12.111 -11.585 -10.234 -9.656 -8.998 -11.95
0.008545 -15.623 -14.032 -13.68 -13.001 -12.528 -12.054 -13.54 -12.928 -12.524 -12.043 -11.589 -11.077 -12.94 -12.376 -11.787 -11.377 -11.001 -13.104 -12.756 -12.619 -12.853 -13.696 -11.881 -12.147 -11.621 -10.271 -9.693 -9.035 -11.986
0.008803 -15.618 -14.059 -13.714 -13.036 -12.563 -12.09 -13.574 -12.963 -12.56 -12.079 -11.626 -11.114 -12.975 -12.412 -11.824 -11.413 -11.038 -13.114 -12.762 -12.62 -12.848 -13.684 -11.917 -12.183 -11.658 -10.309 -9.731 -9.072 -12.022
0.009069 -15.614 -14.087 -13.747 -13.071 -12.599 -12.126 -13.607 -12.998 -12.595 -12.115 -11.662 -11.151 -13.01 -12.448 -11.86 -11.45 -11.075 -13.123 -12.768 -12.621 -12.842 -13.672 -11.953 -12.219 -11.694 -10.346 -9.768 -9.11 -12.058
0.009344 -15.61 -14.114 -13.781 -13.106 -12.634 -12.163 -13.641 -13.034 -12.631 -12.151 -11.698 -11.187 -13.045 -12.483 -11.896 -11.486 -11.112 -13.134 -12.775 -12.623 -12.838 -13.661 -11.989 -12.255 -11.731 -10.383 -9.805 -9.147 -12.094
0.009626 -15.606 -14.142 -13.814 -13.141 -12.67 -12.199 -13.674 -13.068 -12.666 -12.187 -11.735 -11.224 -13.08 -12.519 -11.932 -11.523 -11.148 -13.145 -12.782 -12.626 -12.833 -13.649 -12.025 -12.291 -11.767 -10.42 -9.842 -9.185 -12.13
0.009917 -15.603 -14.17 -13.848 -13.176 -12.705 -12.234 -13.707 -13.103 -12.702 -12.223 -11.771 -11.261 -13.115 -12.554 -11.968 -11.559 -11.185 -13.157 -12.791 -12.629 -12.829 -13.638 -12.061 -12.327 -11.803 -10.457 -9.88 -9.222 -12.166
0.010217 -15.6 -14.198 -13.881 -13.21 -12.741 -12.27 -13.74 -13.138 -12.737 -12.259 -11.807 -11.297 -13.15 -12.59 -12.005 -11.596 -11.222 -13.169 -12.799 -12.632 -12.826 -13.627 -12.097 -12.363 -11.839 -10.494 -9.917 -9.26 -12.202
0.010526 -15.597 -14.226 -13.914 -13.245 -12.776 -12.306 -13.773 -13.173 -12.772 -12.295 -11.843 -11.334 -13.184 -12.625 -12.041 -11.632 -11.258 -13.182 -12.808 -12.637 -12.823 -13.616 -12.133 -12.398 -11.876 -10.531 -9.954 -9.297 -12.238
0.010845 -15.595 -14.254 -13.947 -13.279 -12.811 -12.342 -13.806 -13.207 -12.807 -12.33 -11.88 -11.37 -13.219 -12.661 -12.077 -11.668 -11.295 -13.195 -12.818 -12.642 -12.82 -13.606 -12.169 -12.434 -11.912 -10.568 -9.991 -9.334 -12.273
0.011173 -15.593 -14.282 -13.98 -13.314 -12.846 -12.378 -13.839 -13.242 -12.843 -12.366 -11.916 -11.407 -13.254 -12.696 -12.113 -11.705 -11.331 -13.209 -12.829 -12.647 -12.818 -13.595 -12.204 -12.47 -11.948 -10.605 -10.028 -9.372 -12.309
0.011511 -15.592 -14.31 -14.013 -13.348 -12.881 -12.413 -13.871 -13.276 -12.878 -12.402 -11.952 -11.443 -13.288 -12.731 -12.148 -11.741 -11.368 -13.223 -12.84 -12.653 -12.816 -13.585 -12.24 -12.505 -11.984 -10.642 -10.065 -9.409 -12.344
0.011859 -15.591 -14.339 -14.045 -13.382 -12.916 -12.449 -13.904 -13.311 -12.913 -12.437 -11.988 -11.48 -13.322 -12.767 -12.184 -11.777 -11.404 -13.238 -12.851 -12.66 -12.815 -13.575 -12.276 -12.541 -12.02 -10.678 -10.102 -9.446 -12.38
0.012217 -15.59 -14.367 -14.078 -13.417 -12.951 -12.484 -13.936 -13.345 -12.948 -12.473 -12.024 -11.516 -13.357 -12.802 -12.22 -11.813 -11.441 -13.254 -12.864 -12.667 -12.814 -13.565 -12.311 -12.576 -12.056 -10.715 -10.139 -9.483 -12.415
0.012587 -15.59 -14.395 -14.11 -13.451 -12.986 -12.52 -13.968 -13.379 -12.982 -12.508 -12.06 -11.552 -13.391 -12.837 -12.256 -11.849 -11.477 -13.27 -12.876 -12.674 -12.814 -13.556 -12.347 -12.611 -12.092 -10.752 -10.177 -9.521 -12.451
0.012968 -15.59 -14.423 -14.142 -13.485 -13.021 -12.555 -14.0 -13.413 -13.017 -12.544 -12.095 -11.589 -13.425 -12.872 -12.292 -11.885 -11.514 -13.286 -12.89 -12.683 -12.815 -13.547 -12.382 -12.646 -12.128 -10.789 -10.214 -9.558 -12.486
0.01336 -15.59 -14.451 -14.174 -13.518 -13.056 -12.591 -14.032 -13.447 -13.052 -12.579 -12.131 -11.625 -13.459 -12.907 -12.327 -11.921 -11.55 -13.303 -12.904 -12.692 -12.815 -13.538 -12.418 -12.682 -12.163 -10.826 -10.251 -9.595 -12.521
0.013764 -15.591 -14.479 -14.206 -13.552 -13.09 -12.626 -14.063 -13.481 -13.086 -12.614 -12.167 -11.661 -13.493 -12.941 -12.363 -11.957 -11.586 -13.321 -12.918 -12.701 -12.817 -13.529 -12.453 -12.717 -12.199 -10.862 -10.287 -9.632 -12.556
0.01418 -15.592 -14.507 -14.237 -13.586 -13.125 -12.661 -14.095 -13.515 -13.121 -12.649 -12.203 -11.697 -13.526 -12.976 -12.398 -11.993 -11.622 -13.339 -12.933 -12.711 -12.819 -13.521 -12.488 -12.752 -12.235 -10.899 -10.324 -9.669 -12.591
0.014609 -15.594 -14.535 -14.269 -13.619 -13.159 -12.696 -14.126 -13.549 -13.155 -12.685 -12.238 -11.733 -13.56 -13.011 -12.434 -12.029 -11.659 -13.357 -12.948 -12.722 -12.821 -13.513 -12.524 -12.787 -12.27 -10.936 -10.361 -9.707 -12.626
0.015051 -15.595 -14.563 -14.3 -13.652 -13.193 -12.731 -14.157 -13.582 -13.189 -12.72 -12.274 -11.769 -13.594 -13.045 -12.469 -12.065 -11.695 -13.376 -12.965 -12.733 -12.824 -13.505 -12.559 -12.821 -12.306 -10.972 -10.398 -9.744 -12.661
0.015506 -15.598 -14.591 -14.331 -13.686 -13.227 -12.766 -14.188 -13.615 -13.224 -12.755 -12.309 -11.805 -13.627 -13.08 -12.504 -12.101 -11.731 -13.395 -12.981 -12.745 -12.828 -13.498 -12.594 -12.856 -12.341 -11.009 -10.435 -9.781 -12.696
0.015975 -15.6 -14.619 -14.362 -13.719 -13.262 -12.801 -14.219 -13.649 -13.258 -12.789 -12.345 -11.841 -13.66 -13.114 -12.54 -12.136 -11.767 -13.415 -12.998 -12.758 -12.832 -13.491 -12.629 -12.891 -12.377 -11.045 -10.472 -9.818 -12.731
0.016458 -15.603 -14.647 -14.393 -13.752 -13.296 -12.836 -14.249 -13.682 -13.292 -12.824 -12.38 -11.877 -13.693 -13.148 -12.575 -12.172 -11.803 -13.435 -13.016 -12.771 -12.837 -13.484 -12.664 -12.925 -12.412 -11.082 -10.509 -9.855 -12.765
0.016956 -15.606 -14.674 -14.423 -13.785 -13.329 -12.87 -14.279 -13.715 -13.326 -12.859 -12.415 -11.913 -13.726 -13.182 -12.61 -12.208 -11.839 -13.456 -13.034 -12.784 -12.842 -13.477 -12.698 -12.96 -12.447 -11.118 -10.545 -9.892 -12.8
0.017469 -15.61 -14.702 -14.454 -13.817 -13.363 -12.905 -14.31 -13.748 -13.359 -12.894 -12.451 -11.949 -13.759 -13.216 -12.645 -12.243 -11.874 -13.477 -13.052 -12.798 -12.848 -13.471 -12.733 -12.994 -12.482 -11.155 -10.582 -9.929 -12.835
0.017997 -15.614 -14.729 -14.484 -13.85 -13.397 -12.94 -14.339 -13.78 -13.393 -12.928 -12.486 -11.985 -13.792 -13.25 -12.68 -12.278 -11.91 -13.498 -13.071 -12.813 -12.854 -13.466 -12.768 -13.029 -12.517 -11.191 -10.619 -9.966 -12.869
0.018541 -15.618 -14.756 -14.514 -13.882 -13.43 -12.974 -14.369 -13.813 -13.427 -12.962 -12.521 -12.02 -13.824 -13.284 -12.714 -12.314 -11.946 -13.52 -13.091 -12.828 -12.861 -13.46 -12.802 -13.063 -12.552 -11.227 -10.656 -10.003 -12.903
0.019102 -15.622 -14.783 -14.544 -13.915 -13.464 -13.008 -14.398 -13.846 -13.46 -12.997 -12.556 -12.056 -13.857 -13.318 -12.749 -12.349 -11.982 -13.542 -13.111 -12.844 -12.868 -13.456 -12.837 -13.097 -12.587 -11.264 -10.692 -10.04 -12.937
0.01968 -15.627 -14.81 -14.573 -13.947 -13.497 -13.043 -14.428 -13.878 -13.493 -13.031 -12.591 -12.091 -13.889 -13.352 -12.784 -12.384 -12.017 -13.564 -13.131 -12.86 -12.877 -13.451 -12.871 -13.131 -12.622 -11.3 -10.729 -10.077 -12.971
0.020275 -15.632 -14.837 -14.602 -13.979 -13.53 -13.077 -14.457 -13.91 -13.527 -13.065 -12.626 -12.127 -13.921 -13.385 -12.818 -12.419 -12.053 -13.586 -13.151 -12.877 -12.885 -13.447 -12.905 -13.165 -12.657 -11.336 -10.765 -10.113 -13.005
0.020888 -15.637 -14.863 -14.631 -14.01 -13.563 -13.111 -14.485 -13.942 -13.56 -13.099 -12.66 -12.162 -13.953 -13.418 -12.853 -12.455 -12.088 -13.609 -13.173 -12.894 -12.895 -13.443 -12.939 -13.199 -12.692 -11.372 -10.802 -10.15 -13.039
0.02152 -15.643 -14.889 -14.66 -14.042 -13.596 -13.145 -14.514 -13.974 -13.592 -13.133 -12.695 -12.198 -13.985 -13.452 -12.887 -12.49 -12.124 -13.632 -13.194 -12.912 -12.904 -13.44 -12.974 -13.232 -12.726 -11.408 -10.838 -10.187 -13.073
0.022171 -15.648 -14.916 -14.688 -14.073 -13.629 -13.178 -14.542 -14.005 -13.625 -13.167 -12.73 -12.233 -14.017 -13.485 -12.922 -12.524 -12.159 -13.656 -13.216 -12.93 -12.915 -13.437 -13.007 -13.266 -12.761 -11.444 -10.875 -10.224 -13.107
0.022841 -15.654 -14.941 -14.717 -14.105 -13.662 -13.212 -14.57 -14.037 -13.658 -13.201 -12.764 -12.268 -14.048 -13.518 -12.956 -12.559 -12.194 -13.679 -13.238 -12.949 -12.926 -13.435 -13.041 -13.299 -12.795 -11.48 -10.911 -10.261 -13.14
0.023532 -15.66 -14.967 -14.745 -14.136 -13.694 -13.246 -14.598 -14.068 -13.69 -13.234 -12.798 -12.303 -14.079 -13.551 -12.99 -12.594 -12.23 -13.703 -13.261 -12.968 -12.937 -13.433 -13.075 -13.333 -12.83 -11.516 -10.947 -10.297 -13.174
0.024244 -15.667 -14.992 -14.772 -14.167 -13.727 -13.279 -14.625 -14.099 -13.723 -13.268 -12.833 -12.338 -14.111 -13.583 -13.024 -12.629 -12.265 -13.727 -13.283 -12.987 -12.949 -13.432 -13.109 -13.366 -12.864 -11.552 -10.984 -10.334 -13.207
0.024977 -15.673 -15.017 -14.8 -14.197 -13.759 -13.313 -14.652 -14.13 -13.755 -13.301 -12.867 -12.373 -14.142 -13.616 -13.058 -12.663 -12.3 -13.752 -13.307 -13.007 -12.962 -13.431 -13.142 -13.399 -12.898 -11.588 -11.02 -10.371 -13.24
0.025733 -15.68 -15.042 -14.827 -14.228 -13.791 -13.346 -14.679 -14.161 -13.787 -13.334 -12.901 -12.408 -14.172 -13.648 -13.091 -12.698 -12.335 -13.776 -13.33 -13.028 -12.975 -13.43 -13.176 -13.432 -12.932 -11.624 -11.056 -10.407 -13.273
0.026511 -15.686 -15.067 -14.853 -14.258 -13.823 -13.379 -14.705 -14.192 -13.819 -13.368 -12.935 -12.443 -14.203 -13.681 -13.125 -12.732 -12.37 -13.801 -13.354 -13.048 -12.989 -13.43 -13.209 -13.465 -12.966 -11.66 -11.092 -10.444 -13.306
0.027313 -15.693 -15.091 -14.88 -14.288 -13.854 -13.412 -14.731 -14.222 -13.85 -13.401 -12.969 -12.477 -14.233 -13.713 -13.159 -12.766 -12.405 -13.826 -13.378 -13.069 -13.003 -13.431 -13.242 -13.497 -13.0 -11.695 -11.129 -10.48 -13.339
0.028139 -15.7 -15.115 -14.906 -14.318 -13.886 -13.445 -14.757 -14.252 -13.882 -13.433 -13.002 -12.512 -14.263 -13.745 -13.192 -12.801 -12.439 -13.851 -13.402 -13.091 -13.018 -13.432 -13.275 -13.53 -13.033 -11.731 -11.165 -10.517 -13.371
0.02899 -15.707 -15.139 -14.932 -14.348 -13.917 -13.477 -14.783 -14.282 -13.913 -13.466 -13.036 -12.547 -14.293 -13.776 -13.225 -12.835 -12.474 -13.876 -13.426 -13.113 -13.033 -13.433 -13.308 -13.562 -13.067 -11.766 -11.201 -10.553 -13.404
0.029867 -15.714 -15.162 -14.957 -14.377 -13.948 -13.51 -14.808 -14.312 -13.944 -13.499 -13.07 -12.581 -14.323 -13.808 -13.259 -12.869 -12.509 -13.901 -13.451 -13.135 -13.049 -13.435 -13.34 -13.594 -13.1 -11.802 -11.237 -10.59 -13.436
0.03077 -15.721 -15.185 -14.982 -14.406 -13.979 -13.542 -14.833 -14.341 -13.975 -13.531 -13.103 -12.615 -14.352 -13.839 -13.292 -12.902 -12.543 -13.926 -13.476 -13.158 -13.065 -13.438 -13.373 -13.626 -13.134 -11.837 -11.272 -10.626 -13.468
0.031701 -15.728 -15.207 -15.007 -14.435 -14.01 -13.575 -14.857 -14.37 -14.006 -13.563 -13.136 -12.65 -14.381 -13.871 -13.324 -12.936 -12.577 -13.952 -13.501 -13.181 -13.081 -13.441 -13.405 -13.658 -13.167 -11.873 -11.308 -10.662 -13.5
0.032659 -15.735 -15.229 -15.031 -14.464 -14.041 -13.607 -14.881 -14.399 -14.037 -13.595 -13.169 -12.684 -14.41 -13.902 -13.357 -12.97 -12.612 -13.977 -13.526 -13.204 -13.098 -13.444 -13.438 -13.69 -13.2 -11.908 -11.344 -10.698 -13.532
0.033647 -15.742 -15.251 -15.055 -14.492 -14.071 -13.639 -14.905 -14.428 -14.067 -13.627 -13.202 -12.718 -14.439 -13.933 -13.39 -13.003 -12.646 -14.003 -13.551 -13.227 -13.116 -13.448 -13.47 -13.721 -13.233 -11.943 -11.38 -10.735 -13.564
0.034665 -15.749 -15.272 -15.079 -14.52 -14.101 -13.67 -14.928 -14.456 -14.097 -13.659 -13.235 -12.752 -14.467 -13.963 -13.422 -13.037 -12.68 -14.028 -13.577 -13.251 -13.134 -13.453 -13.502 -13.753 -13.266 -11.978 -11.416 -10.771 -13.595
0.035713 -15.755 -15.293 -15.102 -14.548 -14.131 -13.702 -14.951 -14.484 -14.127 -13.691 -13.268 -12.785 -14.495 -13.994 -13.455 -13.07 -12.714 -14.054 -13.603 -13.275 -13.152 -13.458 -13.534 -13.784 -13.298 -12.013 -11.451 -10.807 -13.627
0.036793 -15.762 -15.314 -15.125 -14.575 -14.161 -13.733 -14.973 -14.512 -14.157 -13.722 -13.301 -12.819 -14.523 -14.024 -13.487 -13.103 -12.748 -14.079 -13.628 -13.299 -13.171 -13.464 -13.565 -13.815 -13.331 -12.048 -11.487 -10.843 -13.658
0.037906 -15.768 -15.334 -15.147 -14.603 -14.19 -13.765 -14.995 -14.54 -14.186 -13.753 -13.333 -12.853 -14.551 -14.054 -13.519 -13.136 -12.782 -14.105 -13.654 -13.323 -13.19 -13.47 -13.597 -13.846 -13.363 -12.083 -11.522 -10.879 -13.689
0.039052 -15.774 -15.353 -15.169 -14.629 -14.219 -13.796 -15.016 -14.567 -14.216 -13.784 -13.365 -12.886 -14.578 -14.084 -13.551 -13.169 -12.815 -14.13 -13.68 -13.348 -13.21 -13.476 -13.628 -13.876 -13.396 -12.118 -11.558 -10.915 -13.72
0.040234 -15.78 -15.372 -15.19 -14.656 -14.248 -13.826 -15.037 -14.594 -14.245 -13.815 -13.397 -12.919 -14.605 -14.113 -13.582 -13.202 -12.849 -14.156 -13.706 -13.373 -13.23 -13.484 -13.659 -13.907 -13.428 -12.152 -11.593 -10.951 -13.75
0.04145 -15.786 -15.391 -15.211 -14.682 -14.277 -13.857 -15.058 -14.621 -14.273 -13.846 -13.429 -12.953 -14.632 -14.143 -13.614 -13.234 -12.882 -14.181 -13.732 -13.398 -13.25 -13.491 -13.69 -13.937 -13.459 -12.187 -11.628 -10.987 -13.781
0.042704 -15.791 -15.409 -15.231 -14.708 -14.306 -13.887 -15.078 -14.647 -14.302 -13.876 -13.461 -12.986 -14.658 -14.172 -13.645 -13.267 -12.915 -14.207 -13.758 -13.423 -13.271 -13.5 -13.72 -13.967 -13.491 -12.221 -11.663 -11.022 -13.811
0.043996 -15.796 -15.426 -15.251 -14.734 -14.334 -13.918 -15.097 -14.673 -14.33 -13.907 -13.493 -13.019 -14.684 -14.201 -13.676 -13.299 -12.948 -14.232 -13.785 -13.448 -13.292 -13.508 -13.751 -13.996 -13.523 -12.256 -11.698 -11.058 -13.841
0.045326 -15.801 -15.443 -15.27 -14.759 -14.362 -13.948 -15.116 -14.699 -14.358 -13.937 -13.524 -13.051 -14.71 -14.229 -13.707 -13.331 -12.981 -14.257 -13.811 -13.473 -13.313 -13.518 -13.781 -14.026 -13.554 -12.29 -11.733 -11.094 -13.87
0.046697 -15.805 -15.459 -15.289 -14.784 -14.389 -13.977 -15.135 -14.724 -14.386 -13.966 -13.556 -13.084 -14.735 -14.258 -13.738 -13.363 -13.014 -14.282 -13.837 -13.499 -13.335 -13.527 -13.811 -14.055 -13.585 -12.324 -11.768 -11.129 -13.9
0.048109 -15.809 -15.475 -15.307 -14.808 -14.417 -14.007 -15.153 -14.749 -14.413 -13.996 -13.587 -13.117 -14.76 -14.286 -13.768 -13.395 -13.047 -14.308 -13.863 -13.524 -13.357 -13.538 -13.841 -14.084 -13.616 -12.358 -11.803 -11.165 -13.929
0.049564 -15.813 -15.49 -15.324 -14.832 -14.444 -14.036 -15.17 -14.774 -14.44 -14.025 -13.618 -13.149 -14.784 -14.313 -13.798 -13.426 -13.08 -14.332 -13.889 -13.55 -13.379 -13.548 -13.871 -14.113 -13.647 -12.392 -11.838 -11.2 -13.958
0.051063 -15.816 -15.504 -15.341 -14.856 -14.47 -14.065 -15.187 -14.798 -14.467 -14.054 -13.648 -13.181 -14.808 -14.341 -13.828 -13.458 -13.112 -14.357 -13.915 -13.576 -13.401 -13.559 -13.9 -14.141 -13.678 -12.426 -11.873 -11.236 -13.987
0.052608 -15.818 -15.518 -15.358 -14.879 -14.497 -14.094 -15.203 -14.822 -14.493 -14.083 -13.679 -13.213 -14.832 -14.368 -13.858 -13.489 -13.144 -14.382 -13.941 -13.602 -13.423 -13.571 -13.929 -14.17 -13.708 -12.46 -11.907 -11.271 -14.015
0.054199 -15.82 -15.531 -15.373 -14.902 -14.523 -14.123 -15.218 -14.845 -14.519 -14.112 -13.709 -13.245 -14.855 -14.395 -13.888 -13.52 -13.176 -14.406 -13.967 -13.627 -13.446 -13.583 -13.958 -14.197 -13.738 -12.494 -11.942 -11.306 -14.043
0.055838 -15.821 -15.543 -15.388 -14.924 -14.548 -14.151 -15.233 -14.868 -14.545 -14.14 -13.739 -13.277 -14.878 -14.421 -13.917 -13.551 -13.208 -14.43 -13.993 -13.653 -13.469 -13.596 -13.987 -14.225 -13.768 -12.527 -11.976 -11.341 -14.071
