web/models/kne.last_good/kappa_1_10/13/villar_0.0010_0.1397_1.0000.dat
# %ECSV 1.0
# ---
# datatype:
# - {name: time, datatype: float64}
# - {name: swift_uvot_uvw2, datatype: float64}
# - {name: swift_uvot_uvm2, datatype: float64}
# - {name: swift_uvot_uvw1, datatype: float64}
# - {name: swift_uvot_U, datatype: float64}
# - {name: swift_uvot_B, datatype: float64}
# - {name: swift_uvot_V, datatype: float64}
# - {name: swift_uvot_W, datatype: float64}
# - {name: johnson_U, datatype: float64}
# - {name: johnson_B, datatype: float64}
# - {name: johnson_V, datatype: float64}
# - {name: johnson_R, datatype: float64}
# - {name: johnson_I, datatype: float64}
# - {name: sdss_u, datatype: float64}
# - {name: sdss_g, datatype: float64}
# - {name: sdss_r, datatype: float64}
# - {name: sdss_i, datatype: float64}
# - {name: sdss_z, datatype: float64}
# - {name: PS1_g, datatype: float64}
# - {name: PS1_r, datatype: float64}
# - {name: PS1_i, datatype: float64}
# - {name: PS1_z, datatype: float64}
# - {name: PS1_Y, datatype: float64}
# - {name: PS1_w, datatype: float64}
# - {name: ATLAS_c, datatype: float64}
# - {name: ATLAS_o, datatype: float64}
# - {name: ukirt_J, datatype: float64}
# - {name: ukirt_H, datatype: float64}
# - {name: ukirt_K, datatype: float64}
# - {name: Clear, datatype: float64}
# meta: !!omap
# - comment: [kappa = 1.0, type = villar, mass = 0.001, velocity = 0.13966666666666672, theta_obs = 0.0]
# schema: astropy-2.0
time swift_uvot_uvw2 swift_uvot_uvm2 swift_uvot_uvw1 swift_uvot_U swift_uvot_B swift_uvot_V swift_uvot_W johnson_U johnson_B johnson_V johnson_R johnson_I sdss_u sdss_g sdss_r sdss_i sdss_z PS1_g PS1_r PS1_i PS1_z PS1_Y PS1_w ATLAS_c ATLAS_o ukirt_J ukirt_H ukirt_K Clear
[from data line 220]
0.70283 -5.433 -1.607 -4.297 -6.38 -8.252 -9.569 -7.622 -6.719 -8.309 -9.625 -10.564 -11.184 -6.593 -8.789 -10.166 -10.831 -11.247 -9.094 -10.215 -10.866 -11.21 -11.443 -10.241 -9.519 -10.511 -11.644 -11.674 -11.504 -10.302
0.724086 -5.334 -1.141 -3.872 -5.95 -7.919 -9.31 -7.35 -6.306 -7.982 -9.371 -10.377 -11.046 -6.17 -8.489 -9.946 -10.66 -11.112 -8.827 -10.001 -10.697 -11.071 -11.325 -10.043 -9.267 -10.32 -11.563 -11.622 -11.476 -10.127
0.745986 -5.23 -0.712 -3.419 -5.481 -7.555 -9.025 -7.055 -5.855 -7.625 -9.092 -10.17 -10.892 -5.709 -8.159 -9.703 -10.469 -10.962 -8.54 -9.766 -10.51 -10.915 -11.193 -9.825 -8.991 -10.109 -11.471 -11.562 -11.441 -9.937
0.768548 -5.12 -0.339 -2.936 -4.968 -7.155 -8.71 -6.736 -5.362 -7.233 -8.784 -9.941 -10.719 -5.204 -7.797 -9.435 -10.258 -10.794 -8.231 -9.508 -10.303 -10.741 -11.045 -9.585 -8.688 -9.876 -11.366 -11.493 -11.399 -9.731
0.791792 -5.003 -0.033 -2.419 -4.406 -6.715 -8.362 -6.391 -4.821 -6.803 -8.445 -9.688 -10.528 -4.651 -7.4 -9.139 -10.023 -10.607 -7.901 -9.223 -10.072 -10.548 -10.88 -9.32 -8.355 -9.618 -11.247 -11.412 -11.35 -9.508
0.815739 -4.877 0.212 -1.866 -3.79 -6.232 -7.978 -6.017 -4.228 -6.331 -8.07 -9.408 -10.314 -4.043 -6.962 -8.81 -9.761 -10.397 -7.552 -8.91 -9.816 -10.331 -10.695 -9.029 -7.988 -9.332 -11.112 -11.32 -11.291 -9.268
0.840411 -4.741 0.416 -1.272 -3.112 -5.699 -7.553 -5.612 -3.575 -5.811 -7.656 -9.097 -10.075 -3.374 -6.48 -8.446 -9.47 -10.163 -7.187 -8.566 -9.532 -10.09 -10.488 -8.707 -7.584 -9.016 -10.96 -11.215 -11.223 -9.01
0.865828 -4.594 0.597 -0.633 -2.366 -5.111 -7.083 -5.176 -2.856 -5.238 -7.198 -8.753 -9.809 -2.638 -5.947 -8.042 -9.146 -9.9 -6.81 -8.188 -9.216 -9.821 -10.258 -8.352 -7.138 -8.665 -10.788 -11.095 -11.144 -8.734
0.892015 -4.433 0.773 0.058 -1.543 -4.461 -6.56 -4.705 -2.062 -4.606 -6.69 -8.37 -9.512 -1.824 -5.358 -7.593 -8.784 -9.607 -6.43 -7.775 -8.865 -9.52 -10.001 -7.959 -6.644 -8.275 -10.594 -10.957 -11.053 -8.44
0.918993 -4.258 0.954 0.806 -0.633 -3.741 -5.98 -4.2 -1.184 -3.907 -6.126 -7.945 -9.18 -0.924 -4.705 -7.093 -8.38 -9.278 -6.055 -7.325 -8.475 -9.183 -9.713 -7.523 -6.098 -7.842 -10.374 -10.801 -10.948 -8.128
0.946787 -4.067 1.148 1.62 0.376 -2.942 -5.332 -3.662 -0.21 -3.133 -5.499 -7.472 -8.809 0.074 -3.98 -6.536 -7.928 -8.909 -5.693 -6.839 -8.042 -8.807 -9.393 -7.039 -5.491 -7.36 -10.125 -10.623 -10.826 -7.799
0.975422 -3.856 1.359 2.509 1.497 -2.053 -4.61 -3.097 0.872 -2.273 -4.8 -6.945 -8.392 1.183 -3.173 -5.912 -7.421 -8.494 -5.349 -6.321 -7.561 -8.387 -9.036 -6.501 -4.817 -6.822 -9.844 -10.421 -10.687 -7.456
1.004923 -3.625 1.591 3.484 2.745 -1.062 -3.802 -2.514 2.077 -1.317 -4.019 -6.356 -7.926 2.419 -2.273 -5.215 -6.852 -8.028 -5.022 -5.778 -7.03 -7.917 -8.64 -5.901 -4.066 -6.221 -9.525 -10.19 -10.528 -7.1
1.035317 -3.37 1.846 4.557 4.139 0.047 -2.895 -1.93 3.425 -0.251 -3.146 -5.697 -7.401 3.801 -1.267 -4.431 -6.212 -7.501 -4.705 -5.224 -6.446 -7.393 -8.2 -5.229 -3.226 -5.549 -9.162 -9.926 -10.344 -6.732
1.066629 -3.087 2.128 5.743 5.701 1.29 -1.875 -1.363 4.935 0.941 -2.166 -4.958 -6.81 5.35 -0.138 -3.55 -5.489 -6.907 -4.387 -4.677 -5.81 -6.809 -7.714 -4.477 -2.285 -4.794 -8.75 -9.625 -10.133 -6.353
1.098888 -2.774 2.442 7.058 7.456 2.688 -0.724 -0.828 6.632 2.276 -1.064 -4.128 -6.144 7.091 1.131 -2.555 -4.672 -6.233 -4.054 -4.152 -5.129 -6.162 -7.182 -3.631 -1.228 -3.944 -8.28 -9.281 -9.89 -5.962
1.132124 -2.425 2.791 8.523 9.436 4.266 0.578 -0.328 8.547 3.778 0.178 -3.192 -5.391 9.056 2.564 -1.429 -3.746 -5.468 -3.696 -3.655 -4.419 -5.454 -6.604 -2.676 -0.035 -2.985 -7.743 -8.885 -9.611 -5.554
1.166364 -2.035 3.181 10.161 11.678 6.051 2.055 0.153 10.714 5.472 1.581 -2.136 -4.538 11.279 4.187 -0.151 -2.692 -4.598 -3.302 -3.175 -3.704 -4.692 -5.987 -1.596 1.314 -1.9 -7.128 -8.431 -9.288 -5.122
1.20164 -1.597 3.619 12.0 14.225 8.08 3.739 0.637 13.177 7.389 3.173 -0.939 -3.569 13.806 6.031 1.306 -1.49 -3.604 -2.863 -2.69 -3.011 -3.895 -5.337 -0.369 2.847 -0.667 -6.421 -7.907 -8.914 -4.658
1.237983 -1.103 4.112 14.078 17.131 10.395 5.663 1.153 15.986 9.566 4.983 0.421 -2.465 16.688 8.135 2.971 -0.113 -2.466 -2.369 -2.176 -2.346 -3.088 -4.662 1.031 4.595 0.739 -5.606 -7.302 -8.48 -4.148
1.275425 -0.544 4.672 16.437 20.462 13.048 7.872 1.721 19.205 12.05 7.049 1.971 -1.205 19.989 10.547 4.882 1.47 -1.159 -1.809 -1.608 -1.692 -2.296 -3.965 2.634 6.598 2.348 -4.664 -6.601 -7.974 -3.58
1.313999 0.094 5.309 19.132 24.298 16.101 10.419 2.361 22.908 14.896 9.413 3.745 0.239 23.788 13.323 7.086 3.296 0.347 -1.172 -0.968 -1.011 -1.515 -3.237 4.48 8.903 4.199 -3.571 -5.785 -7.383 -2.938
1.35374 0.824 6.039 22.232 28.738 19.632 13.368 3.092 27.191 18.174 12.13 5.781 1.899 28.18 16.534 9.637 5.412 2.09 -0.442 -0.237 -0.265 -0.713 -2.456 6.613 11.57 6.339 -2.297 -4.833 -6.691 -2.207
1.394683 1.665 6.881 25.822 33.902 23.737 16.799 3.933 32.167 21.967 15.266 8.13 3.814 33.283 20.267 12.607 7.876 4.114 0.399 0.604 0.581 0.157 -1.59 9.094 14.671 8.824 -0.806 -3.717 -5.876 -1.365
1.436864 2.641 7.856 30.007 39.944 28.536 20.813 4.909 37.98 26.383 18.9 10.85 6.032 39.244 24.629 16.08 10.76 6.474 1.375 1.58 1.558 1.142 -0.604 11.993 18.298 11.727 0.948 -2.404 -4.912 -0.389
1.480321 3.273 8.489 31.724 42.29 30.461 22.473 5.542 40.247 28.176 20.424 12.068 7.081 41.561 26.406 17.558 12.039 7.573 2.008 2.212 2.191 1.776 0.03 13.277 19.828 13.011 1.847 -1.654 -4.28 0.244
1.525092 3.734 8.95 32.185 42.751 30.922 22.934 6.003 40.708 28.637 20.885 12.529 7.542 42.022 26.867 18.02 12.5 8.034 2.469 2.674 2.652 2.237 0.491 13.738 20.289 13.473 2.308 -1.193 -3.819 0.705
1.571218 4.224 9.44 32.674 43.241 31.412 23.424 6.492 41.197 29.126 21.375 13.018 8.031 42.511 27.357 18.509 12.989 8.524 2.958 3.163 3.142 2.726 0.98 14.227 20.779 13.962 2.797 -0.703 -3.329 1.194
1.618738 4.743 9.959 33.194 43.76 31.931 23.943 7.012 41.717 29.646 21.894 13.538 8.551 43.031 27.876 19.029 13.509 9.043 3.478 3.683 3.661 3.246 1.5 14.747 21.298 14.482 3.317 -0.184 -2.81 1.714
1.667696 5.295 10.511 33.745 44.311 32.483 24.495 7.563 42.268 30.197 22.446 14.089 9.102 43.582 28.428 19.58 14.06 9.595 4.029 4.234 4.213 3.797 2.051 15.298 21.85 15.033 3.868 0.368 -2.258 2.265
1.718134 5.88 11.096 34.331 44.897 33.068 25.08 8.149 42.854 30.782 23.031 14.675 9.688 44.168 29.013 20.165 14.646 10.18 4.615 4.819 4.798 4.383 2.637 15.884 22.435 15.618 4.454 0.953 -1.673 2.851
1.770098 6.501 11.717 34.952 45.518 33.689 25.701 8.77 43.475 31.404 23.652 15.296 10.309 44.789 29.634 20.787 15.267 10.801 5.236 5.441 5.419 5.004 3.258 16.505 23.056 16.24 5.075 1.574 -1.052 3.472
1.823633 7.161 12.376 35.611 46.177 34.349 26.361 9.429 44.134 32.063 24.312 15.955 10.968 45.448 30.294 21.446 15.926 11.461 5.895 6.1 6.078 5.663 3.917 17.164 23.716 16.899 5.734 2.233 -0.392 4.131
1.878788 7.861 13.076 36.311 46.877 35.049 27.06 10.129 44.834 32.763 25.012 16.655 11.668 46.148 30.994 22.146 16.626 12.16 6.595 6.8 6.778 6.363 4.617 17.864 24.416 17.599 6.434 2.933 0.308 4.831
1.93561 8.604 13.819 37.054 47.62 35.792 27.803 10.872 45.577 33.506 25.754 17.398 12.411 46.891 31.737 22.889 17.369 12.903 7.338 7.543 7.521 7.106 5.36 18.607 25.158 18.342 7.177 3.676 1.05 5.574
1.994152 9.392 14.608 37.842 48.409 36.58 28.592 11.66 46.365 34.294 26.543 18.186 13.199 47.679 32.525 23.677 18.157 13.692 8.126 8.331 8.31 7.894 6.148 19.395 25.947 19.13 7.965 4.465 1.839 6.363
2.054463 10.229 15.444 38.679 49.245 37.417 29.429 12.497 47.202 35.131 27.38 19.023 14.036 48.516 33.362 24.514 18.994 14.529 8.963 9.168 9.146 8.731 6.985 20.232 26.784 19.967 8.802 5.302 2.676 7.199
2.116599 11.117 16.333 39.568 50.134 38.305 30.317 13.386 48.091 36.019 28.268 19.912 14.925 49.405 34.25 25.402 19.883 15.417 9.852 10.056 10.035 9.619 7.874 21.121 27.672 20.855 9.69 6.19 3.564 8.088
2.180614 12.06 17.276 40.51 51.077 39.248 31.26 14.328 49.033 36.962 29.211 20.854 15.867 50.347 35.193 26.345 20.825 16.36 10.794 10.999 10.978 10.562 8.816 22.063 28.615 21.798 10.633 7.133 4.507 9.03
2.246566 13.061 18.276 41.511 52.077 40.249 32.26 15.329 50.034 37.963 30.212 21.855 16.868 51.348 36.194 27.346 21.826 17.36 11.795 12.0 11.978 11.563 9.817 23.064 29.616 22.799 11.634 8.133 5.507 10.031
2.314511 14.123 19.338 42.573 53.139 41.311 33.322 16.391 51.096 39.025 31.274 22.917 17.93 52.41 37.256 28.408 22.888 18.423 12.857 13.062 13.04 12.625 10.879 24.126 30.678 23.861 12.696 9.195 6.57 11.093
2.384512 15.25 20.466 43.701 54.267 42.438 34.45 17.519 52.224 40.152 32.401 24.045 19.058 53.538 38.383 29.535 24.016 19.55 13.985 14.189 14.168 13.752 12.007 25.254 31.805 24.988 13.823 10.323 7.697 12.221
2.45663 16.447 21.662 44.897 55.463 43.635 35.646 18.715 53.42 41.349 33.598 25.241 20.254 54.734 39.58 30.732 25.212 20.747 15.181 15.386 15.364 14.949 13.203 26.45 33.002 26.185 15.02 11.519 8.894 13.417
2.530929 17.717 22.932 46.167 56.733 44.905 36.916 19.985 54.69 42.619 34.868 26.511 21.524 56.004 40.85 32.002 26.482 22.017 16.451 16.656 16.634 16.219 14.473 27.72 34.272 27.455 16.29 12.789 10.164 14.687
2.607475 19.065 24.28 47.515 58.081 46.253 38.265 21.333 56.038 43.967 36.216 27.859 22.872 57.352 42.198 33.35 27.83 23.365 17.799 18.004 17.982 17.567 15.821 29.068 35.62 28.803 17.638 14.137 11.512 16.035
2.686337 20.496 25.711 48.946 59.512 47.684 39.695 22.764 57.469 45.398 37.647 29.29 24.303 58.783 43.629 34.781 29.261 24.795 19.23 19.435 19.413 18.998 17.252 30.499 37.051 30.234 19.069 15.568 12.942 17.466
2.767583 22.014 27.23 50.465 61.031 49.202 41.214 24.283 58.988 46.917 39.165 30.809 25.822 60.302 45.147 36.299 30.78 26.314 20.749 20.953 20.932 20.517 18.771 32.018 38.569 31.752 20.588 17.087 14.461 18.985
2.851287 23.626 28.842 52.077 62.643 50.814 42.826 25.895 60.6 48.528 40.777 32.421 27.434 61.914 46.759 37.911 32.392 27.926 22.361 22.565 22.544 22.129 20.383 33.63 40.181 33.364 22.2 18.699 16.073 20.597
2.937522 25.337 30.553 53.788 64.354 52.525 44.537 27.606 62.311 50.239 42.488 34.132 29.145 63.625 48.47 39.622 34.103 29.637 24.072 24.276 24.255 23.839 22.094 35.341 41.892 35.075 23.91 20.41 17.784 22.308
3.026365 27.153 32.369 55.604 66.17 54.341 46.353 29.421 64.127 52.055 44.304 35.947 30.961 65.441 50.286 41.438 35.918 31.453 25.887 26.092 26.071 25.655 23.91 37.156 43.708 36.891 25.726 22.226 19.6 24.124
3.117896 29.081 34.296 57.531 68.097 56.269 48.28 31.349 66.054 53.983 46.231 37.875 32.888 67.368 52.214 43.366 37.846 33.38 27.815 28.02 27.998 27.583 25.837 39.084 45.635 38.819 27.654 24.153 21.527 26.051
3.212194 31.126 36.342 59.577 70.143 58.314 50.326 33.395 68.1 56.029 48.277 39.921 34.934 69.414 54.259 45.412 39.892 35.426 29.861 30.066 30.044 29.629 27.883 41.13 47.681 40.864 29.7 26.199 23.573 28.097
3.309345 33.298 38.513 61.748 72.314 60.486 52.498 35.566 70.271 58.2 50.449 42.092 37.105 71.585 56.431 47.583 42.063 37.598 32.032 32.237 32.215 31.8 30.054 43.301 49.853 43.036 31.871 28.37 25.745 30.268
3.409434 35.603 40.818 64.053 74.619 62.791 54.802 37.871 72.576 60.505 52.754 44.397 39.41 73.89 58.736 49.888 44.368 39.902 34.337 34.542 34.52 34.105 32.359 45.606 52.157 45.341 34.176 30.675 28.049 32.573
3.51255 38.049 43.265 66.499 77.065 65.237 57.249 40.317 75.022 62.951 55.2 46.843 41.856 76.336 61.182 52.334 46.814 42.349 36.783 36.988 36.967 36.551 34.805 48.052 54.604 47.787 36.622 33.122 30.496 35.019
3.618785 40.645 45.861 69.096 79.662 67.833 59.845 42.914 77.619 65.548 57.796 49.44 44.453 78.933 63.778 54.931 49.411 44.945 39.38 39.585 39.563 39.148 37.402 50.649 57.2 50.384 39.219 35.718 33.092 37.616
3.728232 43.401 48.617 71.852 82.418 70.589 62.601 45.67 80.375 68.304 60.552 52.196 47.209 81.689 66.534 57.687 52.167 47.701 42.136 42.34 42.319 41.904 40.158 53.405 59.956 53.139 41.975 38.474 35.848 40.372
3.84099 46.326 51.542 74.777 85.343 73.514 65.526 48.595 83.3 71.229 63.477 55.121 50.134 84.614 69.459 60.612 55.092 50.626 45.061 45.266 45.244 44.829 43.083 56.33 62.881 56.065 44.9 41.399 38.773 43.297
3.957158 49.431 54.647 77.882 88.448 76.619 68.631 51.7 86.405 74.334 66.582 58.226 53.239 87.719 72.564 63.716 58.197 53.731 48.166 48.37 48.349 47.934 46.188 59.435 65.986 59.169 48.005 44.504 41.878 46.402
4.07684 52.727 57.942 81.177 91.743 79.915 71.926 54.995 89.7 77.629 69.878 61.521 56.534 91.014 75.86 67.012 61.492 57.026 51.461 51.666 51.644 51.229 49.483 62.73 69.282 62.465 51.3 47.799 45.174 49.697
4.200141 56.224 61.44 84.675 95.241 83.412 75.424 58.493 93.198 81.127 73.375 65.019 60.032 94.512 79.357 70.51 64.99 60.524 54.959 55.164 55.142 54.727 52.981 66.228 72.779 65.963 54.798 51.297 48.671 53.195
4.327172 59.937 65.153 88.387 98.954 87.125 79.137 62.205 96.91 84.839 77.088 68.731 63.744 98.224 83.07 74.222 68.702 64.237 58.671 58.876 58.855 58.439 56.693 69.94 76.492 69.675 58.51 55.01 52.384 56.908
4.458044 63.877 69.093 92.328 102.894 91.065 83.077 66.146 100.851 88.78 81.028 72.672 67.685 102.165 87.01 78.163 72.643 68.177 62.612 62.817 62.795 62.38 60.634 73.881 80.432 73.616 62.451 58.95 56.324 60.848
4.592874 68.06 73.276 96.51 107.077 95.248 87.26 70.328 105.033 92.962 85.211 76.854 71.867 106.347 91.193 82.345 76.825 72.36 66.794 66.999 66.978 66.562 64.816 78.063 84.615 77.798 66.633 63.133 60.507 65.03
4.731783 72.499 77.715 100.95 111.516 99.687 91.699 74.768 109.473 97.402 89.65 81.294 76.307 110.787 95.632 86.784 81.265 76.799 71.234 71.438 71.417 71.002 69.256 82.503 89.054 82.237 71.073 67.572 64.946 69.47
4.874892 77.211 82.427 105.662 116.228 104.399 96.411 79.48 114.185 102.113 94.362 86.006 81.019 115.499 100.344 91.496 85.977 81.511 75.946 76.15 76.129 75.713 73.968 87.215 93.766 86.949 75.784 72.284 69.658 74.182
5.02233 82.212 87.428 110.663 121.229 109.4 101.412 84.481 119.186 107.115 99.363 91.007 86.02 120.5 105.345 96.498 90.978 86.512 80.947 81.151 81.13 80.715 78.969 92.216 98.767 91.95 80.786 77.285 74.659 79.183
5.174227 87.521 92.736 115.971 126.537 114.709 106.72 89.789 124.494 112.423 104.672 96.315 91.328 125.808 110.654 101.806 96.286 91.82 86.255 86.46 86.438 86.023 84.277 97.524 104.075 97.259 86.094 82.593 79.967 84.491
5.330718 93.155 98.37 121.605 132.171 120.343 112.355 95.423 130.128 118.057 110.306 101.949 96.962 131.442 116.288 107.44 101.92 97.455 91.889 92.094 92.072 91.657 89.911 103.158 109.71 102.893 91.728 88.228 85.602 90.125
5.491942 99.135 104.351 127.586 138.152 126.323 118.335 101.403 136.108 124.037 116.286 107.929 102.943 137.422 122.268 113.42 107.9 103.435 97.869 98.074 98.053 97.637 95.891 109.138 115.69 108.873 97.708 94.208 91.582 96.106
5.658042 105.482 110.698 133.933 144.499 132.67 124.682 107.751 142.456 130.385 122.633 114.277 109.29 143.77 128.615 119.768 114.248 109.782 104.217 104.422 104.4 103.985 102.239 115.486 122.037 115.221 104.056 100.555 97.929 102.453
5.829166 112.22 117.435 140.67 151.236 139.408 131.419 114.488 149.193 137.122 129.371 121.014 116.027 150.507 135.353 126.505 120.985 116.519 110.954 111.159 111.137 110.722 108.976 122.223 128.774 121.958 110.793 107.292 104.666 109.19
6.005465 119.37 124.586 147.821 158.387 146.558 138.57 121.639 156.344 144.273 136.521 128.165 123.178 157.658 142.503 133.656 128.136 123.67 118.105 118.31 118.288 117.873 116.127 129.374 135.925 129.109 117.944 114.443 111.817 116.341
6.187096 126.96 132.176 155.411 165.977 154.148 146.16 129.229 163.934 151.863 144.111 135.755 130.768 165.248 150.093 141.246 135.726 131.26 125.695 125.899 125.878 125.463 123.717 136.964 143.515 136.698 125.534 122.033 119.407 123.931
6.37422 135.016 140.232 163.467 174.033 162.204 154.216 137.285 171.99 159.919 152.167 143.811 138.824 173.304 158.149 149.301 143.782 139.316 133.751 133.955 133.934 133.519 131.773 145.02 151.571 144.754 133.59 130.089 127.463 131.987
6.567004 143.567 148.783 172.017 182.584 170.755 162.767 145.835 180.54 168.469 160.718 152.361 147.374 181.854 166.7 157.852 152.332 147.867 142.301 142.506 142.485 142.069 140.323 153.57 160.122 153.305 142.14 138.64 136.014 140.537
