web/models/kne.last_good/kappa_1_10/13/villar_0.0512_0.2650_10.0000.dat
# %ECSV 1.0
# ---
# datatype:
# - {name: time, datatype: float64}
# - {name: swift_uvot_uvw2, datatype: float64}
# - {name: swift_uvot_uvm2, datatype: float64}
# - {name: swift_uvot_uvw1, datatype: float64}
# - {name: swift_uvot_U, datatype: float64}
# - {name: swift_uvot_B, datatype: float64}
# - {name: swift_uvot_V, datatype: float64}
# - {name: swift_uvot_W, datatype: float64}
# - {name: johnson_U, datatype: float64}
# - {name: johnson_B, datatype: float64}
# - {name: johnson_V, datatype: float64}
# - {name: johnson_R, datatype: float64}
# - {name: johnson_I, datatype: float64}
# - {name: sdss_u, datatype: float64}
# - {name: sdss_g, datatype: float64}
# - {name: sdss_r, datatype: float64}
# - {name: sdss_i, datatype: float64}
# - {name: sdss_z, datatype: float64}
# - {name: PS1_g, datatype: float64}
# - {name: PS1_r, datatype: float64}
# - {name: PS1_i, datatype: float64}
# - {name: PS1_z, datatype: float64}
# - {name: PS1_Y, datatype: float64}
# - {name: PS1_w, datatype: float64}
# - {name: ATLAS_c, datatype: float64}
# - {name: ATLAS_o, datatype: float64}
# - {name: ukirt_J, datatype: float64}
# - {name: ukirt_H, datatype: float64}
# - {name: ukirt_K, datatype: float64}
# - {name: Clear, datatype: float64}
# meta: !!omap
# - comment: [kappa = 10.0, type = villar, mass = 0.051209162050732976, velocity = 0.265, theta_obs = 0.0]
# schema: astropy-2.0
time swift_uvot_uvw2 swift_uvot_uvm2 swift_uvot_uvw1 swift_uvot_U swift_uvot_B swift_uvot_V swift_uvot_W johnson_U johnson_B johnson_V johnson_R johnson_I sdss_u sdss_g sdss_r sdss_i sdss_z PS1_g PS1_r PS1_i PS1_z PS1_Y PS1_w ATLAS_c ATLAS_o ukirt_J ukirt_H ukirt_K Clear
[from data line 283]
4.592874 -9.562 -6.702 -9.147 -11.204 -12.86 -14.013 -12.113 -11.505 -12.904 -14.057 -14.849 -15.361 -11.399 -13.325 -14.521 -15.079 -15.413 -13.567 -14.559 -15.108 -15.388 -15.574 -14.554 -13.948 -14.805 -15.693 -15.659 -15.438 -14.573
4.731783 -9.556 -6.696 -9.14 -11.198 -12.854 -14.006 -12.107 -11.499 -12.897 -14.05 -14.843 -15.354 -11.393 -13.319 -14.515 -15.073 -15.407 -13.561 -14.552 -15.102 -15.382 -15.568 -14.548 -13.941 -14.799 -15.687 -15.652 -15.432 -14.567
4.874892 -9.548 -6.688 -9.133 -11.19 -12.846 -13.999 -12.099 -11.491 -12.89 -14.043 -14.835 -15.347 -11.385 -13.311 -14.507 -15.065 -15.4 -13.553 -14.545 -15.094 -15.374 -15.56 -14.54 -13.934 -14.791 -15.679 -15.645 -15.424 -14.559
5.02233 -9.539 -6.679 -9.124 -11.181 -12.837 -13.99 -12.09 -11.482 -12.881 -14.034 -14.826 -15.338 -11.376 -13.302 -14.498 -15.057 -15.391 -13.544 -14.536 -15.085 -15.365 -15.551 -14.531 -13.925 -14.782 -15.67 -15.636 -15.415 -14.55
5.174227 -9.529 -6.669 -9.114 -11.171 -12.827 -13.98 -12.08 -11.472 -12.871 -14.024 -14.816 -15.328 -11.366 -13.292 -14.488 -15.046 -15.38 -13.534 -14.526 -15.075 -15.355 -15.541 -14.521 -13.915 -14.772 -15.66 -15.626 -15.405 -14.54
5.330718 -9.518 -6.658 -9.102 -11.159 -12.815 -13.968 -12.068 -11.461 -12.859 -14.012 -14.805 -15.316 -11.354 -13.281 -14.477 -15.035 -15.369 -13.523 -14.514 -15.063 -15.343 -15.53 -14.509 -13.903 -14.76 -15.649 -15.614 -15.393 -14.529
5.491942 -9.504 -6.645 -9.089 -11.146 -12.802 -13.955 -12.055 -11.448 -12.846 -13.999 -14.792 -15.303 -11.341 -13.267 -14.464 -15.022 -15.356 -13.51 -14.501 -15.05 -15.33 -15.517 -14.496 -13.89 -14.747 -15.636 -15.601 -15.38 -14.516
5.658042 -9.49 -6.63 -9.074 -11.132 -12.788 -13.94 -12.041 -11.433 -12.831 -13.984 -14.777 -15.289 -11.327 -13.253 -14.449 -15.007 -15.341 -13.495 -14.486 -15.036 -15.316 -15.502 -14.482 -13.875 -14.733 -15.621 -15.586 -15.366 -14.501
5.829166 -9.474 -6.614 -9.058 -11.115 -12.771 -13.924 -12.024 -11.417 -12.815 -13.968 -14.761 -15.272 -11.31 -13.237 -14.433 -14.991 -15.325 -13.479 -14.47 -15.019 -15.299 -15.486 -14.465 -13.859 -14.716 -15.605 -15.57 -15.349 -14.485
6.005465 -9.455 -6.596 -9.04 -11.097 -12.753 -13.906 -12.006 -11.399 -12.797 -13.95 -14.743 -15.254 -11.292 -13.218 -14.415 -14.973 -15.307 -13.461 -14.452 -15.001 -15.281 -15.468 -14.447 -13.841 -14.698 -15.587 -15.552 -15.331 -14.467
6.187096 -9.436 -6.576 -9.02 -11.077 -12.733 -13.886 -11.986 -11.379 -12.777 -13.93 -14.723 -15.234 -11.273 -13.199 -14.395 -14.953 -15.287 -13.441 -14.432 -14.982 -15.261 -15.448 -14.427 -13.821 -14.679 -15.567 -15.532 -15.312 -14.447
6.37422 -9.414 -6.554 -8.998 -11.056 -12.712 -13.864 -11.965 -11.357 -12.755 -13.908 -14.701 -15.212 -11.251 -13.177 -14.373 -14.931 -15.265 -13.419 -14.41 -14.96 -15.24 -15.426 -14.406 -13.799 -14.657 -15.545 -15.51 -15.29 -14.425
6.567004 -9.39 -6.53 -8.974 -11.032 -12.688 -13.84 -11.941 -11.333 -12.731 -13.884 -14.677 -15.189 -11.227 -13.153 -14.349 -14.907 -15.241 -13.395 -14.386 -14.936 -15.216 -15.402 -14.382 -13.776 -14.633 -15.521 -15.487 -15.266 -14.401
6.765619 -9.364 -6.504 -8.948 -11.006 -12.662 -13.814 -11.915 -11.307 -12.705 -13.858 -14.651 -15.162 -11.201 -13.127 -14.323 -14.881 -15.215 -13.369 -14.36 -14.91 -15.19 -15.376 -14.356 -13.749 -14.607 -15.495 -15.46 -15.24 -14.375
6.97024 -9.335 -6.475 -8.92 -10.977 -12.633 -13.786 -11.886 -11.278 -12.677 -13.83 -14.622 -15.134 -11.172 -13.098 -14.294 -14.853 -15.187 -13.34 -14.332 -14.881 -15.161 -15.348 -14.327 -13.721 -14.578 -15.467 -15.432 -15.211 -14.346
7.181051 -9.305 -6.445 -8.889 -10.946 -12.602 -13.755 -11.855 -11.248 -12.646 -13.799 -14.592 -15.103 -11.141 -13.068 -14.264 -14.822 -15.156 -13.31 -14.301 -14.85 -15.13 -15.317 -14.296 -13.69 -14.548 -15.436 -15.401 -15.18 -14.316
7.398237 -9.271 -6.411 -8.856 -10.913 -12.569 -13.722 -11.822 -11.214 -12.613 -13.766 -14.558 -15.07 -11.108 -13.034 -14.23 -14.788 -15.122 -13.276 -14.268 -14.817 -15.097 -15.283 -14.263 -13.657 -14.514 -15.402 -15.368 -15.147 -14.282
7.621991 -9.235 -6.375 -8.82 -10.877 -12.533 -13.686 -11.786 -11.178 -12.577 -13.729 -14.522 -15.034 -11.072 -12.998 -14.194 -14.752 -15.086 -13.24 -14.232 -14.781 -15.061 -15.247 -14.227 -13.621 -14.478 -15.366 -15.332 -15.111 -14.246
7.852513 -9.196 -6.336 -8.781 -10.838 -12.494 -13.647 -11.747 -11.139 -12.538 -13.69 -14.483 -14.995 -11.033 -12.959 -14.155 -14.713 -15.047 -13.201 -14.193 -14.742 -15.022 -15.208 -14.188 -13.582 -14.439 -15.327 -15.293 -15.072 -14.207
8.090007 -9.154 -6.294 -8.738 -10.796 -12.452 -13.605 -11.705 -11.097 -12.496 -13.648 -14.441 -14.953 -10.991 -12.917 -14.113 -14.671 -15.005 -13.159 -14.15 -14.7 -14.98 -15.166 -14.146 -13.54 -14.397 -15.285 -15.251 -15.03 -14.165
8.334684 -9.109 -6.249 -8.693 -10.75 -12.406 -13.559 -11.659 -11.052 -12.45 -13.603 -14.396 -14.907 -10.946 -12.872 -14.068 -14.626 -14.96 -13.114 -14.105 -14.655 -14.934 -15.121 -14.1 -13.494 -14.352 -15.24 -15.205 -14.985 -14.12
8.586761 -9.06 -6.2 -8.644 -10.702 -12.358 -13.511 -11.611 -11.003 -12.402 -13.554 -14.347 -14.859 -10.897 -12.823 -14.019 -14.577 -14.911 -13.065 -14.056 -14.606 -14.886 -15.072 -14.052 -13.446 -14.303 -15.191 -15.157 -14.936 -14.071
8.846461 -9.008 -6.148 -8.592 -10.649 -12.305 -13.458 -11.558 -10.951 -12.349 -13.502 -14.295 -14.806 -10.845 -12.771 -13.967 -14.525 -14.859 -13.013 -14.004 -14.554 -14.833 -15.02 -13.999 -13.393 -14.251 -15.139 -15.104 -14.884 -14.019
9.114017 -8.952 -6.092 -8.536 -10.593 -12.249 -13.402 -11.502 -10.895 -12.293 -13.446 -14.239 -14.75 -10.788 -12.715 -13.911 -14.469 -14.803 -12.957 -13.948 -14.497 -14.777 -14.964 -13.943 -13.337 -14.194 -15.083 -15.048 -14.827 -13.963
9.389664 -8.891 -6.031 -8.476 -10.533 -12.189 -13.342 -11.442 -10.835 -12.233 -13.386 -14.179 -14.69 -10.728 -12.654 -13.851 -14.409 -14.743 -12.896 -13.888 -14.437 -14.717 -14.904 -13.883 -13.277 -14.134 -15.023 -14.988 -14.767 -13.902
9.673648 -8.827 -5.967 -8.412 -10.469 -12.125 -13.278 -11.378 -10.77 -12.169 -13.321 -14.114 -14.626 -10.664 -12.59 -13.786 -14.344 -14.678 -12.832 -13.824 -14.373 -14.653 -14.839 -13.819 -13.213 -14.07 -14.958 -14.924 -14.703 -13.838
9.966221 -8.758 -5.898 -8.343 -10.4 -12.056 -13.209 -11.309 -10.701 -12.1 -13.253 -14.045 -14.557 -10.595 -12.521 -13.717 -14.275 -14.61 -12.763 -13.755 -14.304 -14.584 -14.77 -13.75 -13.144 -14.001 -14.889 -14.855 -14.634 -13.769
10.267642 -8.685 -5.825 -8.269 -10.326 -11.982 -13.135 -11.235 -10.628 -12.026 -13.179 -13.972 -14.483 -10.521 -12.448 -13.644 -14.202 -14.536 -12.69 -13.681 -14.23 -14.51 -14.697 -13.676 -13.07 -13.928 -14.816 -14.781 -14.561 -13.696
10.57818 -8.606 -5.746 -8.19 -10.248 -11.904 -13.057 -11.157 -10.549 -11.948 -13.1 -13.893 -14.405 -10.443 -12.369 -13.565 -14.123 -14.457 -12.611 -13.602 -14.152 -14.432 -14.618 -13.598 -12.992 -13.849 -14.737 -14.703 -14.482 -13.617
10.89811 -8.522 -5.662 -8.106 -10.164 -11.82 -12.973 -11.073 -10.465 -11.864 -13.016 -13.809 -14.321 -10.359 -12.285 -13.481 -14.039 -14.373 -12.527 -13.518 -14.068 -14.348 -14.534 -13.514 -12.908 -13.765 -14.653 -14.619 -14.398 -13.533
11.227716 -8.432 -5.572 -8.017 -10.074 -11.73 -12.883 -10.983 -10.375 -11.774 -12.927 -13.719 -14.231 -10.269 -12.195 -13.391 -13.95 -14.284 -12.437 -13.429 -13.978 -14.258 -14.445 -13.424 -12.818 -13.675 -14.564 -14.529 -14.308 -13.443
11.56729 -8.337 -5.477 -7.921 -9.979 -11.635 -12.787 -10.888 -10.28 -11.678 -12.831 -13.624 -14.136 -10.174 -12.1 -13.296 -13.854 -14.188 -12.342 -13.333 -13.883 -14.163 -14.349 -13.329 -12.722 -13.58 -14.468 -14.433 -14.213 -13.348
11.917135 -8.235 -5.375 -7.82 -9.877 -11.533 -12.686 -10.786 -10.178 -11.577 -12.729 -13.522 -14.034 -10.072 -11.998 -13.194 -13.752 -14.086 -12.24 -13.232 -13.781 -14.061 -14.247 -13.227 -12.621 -13.478 -14.366 -14.332 -14.111 -13.246
12.277561 -8.127 -5.267 -7.711 -9.768 -11.424 -12.577 -10.677 -10.07 -11.468 -12.621 -13.414 -13.925 -9.963 -11.89 -13.086 -13.644 -13.978 -12.132 -13.123 -13.672 -13.952 -14.139 -13.118 -12.512 -13.37 -14.258 -14.223 -14.003 -13.138
12.648887 -8.011 -5.151 -7.596 -9.653 -11.309 -12.462 -10.562 -9.954 -11.353 -12.506 -13.298 -13.81 -9.848 -11.774 -12.97 -13.528 -13.862 -12.016 -13.008 -13.557 -13.837 -14.023 -13.003 -12.397 -13.254 -14.142 -14.108 -13.887 -13.022
13.031444 -7.888 -5.028 -7.473 -9.53 -11.186 -12.339 -10.439 -9.831 -11.23 -12.383 -13.175 -13.687 -9.725 -11.651 -12.847 -13.405 -13.74 -11.893 -12.885 -13.434 -13.714 -13.9 -12.88 -12.274 -13.131 -14.019 -13.985 -13.764 -12.899
13.425571 -7.757 -4.897 -7.342 -9.399 -11.055 -12.208 -10.308 -9.701 -11.099 -12.252 -13.045 -13.556 -9.594 -11.52 -12.717 -13.275 -13.609 -11.762 -12.754 -13.303 -13.583 -13.77 -12.749 -12.143 -13.0 -13.889 -13.854 -13.633 -12.768
13.831619 -7.618 -4.758 -7.203 -9.26 -10.916 -12.069 -10.169 -9.561 -10.96 -12.113 -12.905 -13.417 -9.455 -11.381 -12.577 -13.136 -13.47 -11.623 -12.615 -13.164 -13.444 -13.63 -12.61 -12.004 -12.861 -13.749 -13.715 -13.494 -12.629
14.249947 -7.47 -4.61 -7.055 -9.112 -10.768 -11.921 -10.021 -9.413 -10.812 -11.965 -12.758 -13.269 -9.307 -11.233 -12.43 -12.988 -13.322 -11.475 -12.467 -13.016 -13.296 -13.483 -12.462 -11.856 -12.713 -13.602 -13.567 -13.346 -12.481
14.680926 -7.313 -4.453 -6.898 -8.955 -10.611 -11.764 -9.864 -9.256 -10.655 -11.808 -12.6 -13.112 -9.15 -11.076 -12.272 -12.83 -13.164 -11.318 -12.31 -12.859 -13.139 -13.325 -12.305 -11.699 -12.556 -13.444 -13.41 -13.189 -12.324
15.124941 -7.146 -4.286 -6.731 -8.788 -10.444 -11.597 -9.697 -9.089 -10.488 -11.64 -12.433 -12.945 -8.983 -10.909 -12.105 -12.663 -12.997 -11.151 -12.143 -12.692 -12.972 -13.158 -12.138 -11.532 -12.389 -13.277 -13.243 -13.022 -12.157
15.582385 -6.968 -4.108 -6.553 -8.61 -10.266 -11.419 -9.519 -8.912 -10.31 -11.463 -12.256 -12.767 -8.805 -10.731 -11.928 -12.486 -12.82 -10.974 -11.965 -12.514 -12.794 -12.981 -11.96 -11.354 -12.211 -13.1 -13.065 -12.844 -11.979
16.053663 -6.78 -3.92 -6.364 -8.422 -10.078 -11.23 -9.331 -8.723 -10.121 -11.274 -12.067 -12.578 -8.617 -10.543 -11.739 -12.297 -12.631 -10.785 -11.776 -12.326 -12.606 -12.792 -11.772 -11.165 -12.023 -12.911 -12.876 -12.656 -11.791
16.539195 -6.579 -3.719 -6.164 -8.221 -9.877 -11.03 -9.13 -8.523 -9.921 -11.074 -11.867 -12.378 -8.416 -10.342 -11.539 -12.097 -12.431 -10.584 -11.576 -12.125 -12.405 -12.592 -11.571 -10.965 -11.822 -12.711 -12.676 -12.455 -11.59
17.039412 -6.367 -3.507 -5.951 -8.008 -9.664 -10.817 -8.917 -8.31 -9.708 -10.861 -11.654 -12.165 -8.203 -10.13 -11.326 -11.884 -12.218 -10.372 -11.363 -11.912 -12.192 -12.379 -11.358 -10.752 -11.61 -12.498 -12.463 -12.243 -11.378
17.554757 -6.141 -3.281 -5.725 -7.782 -9.438 -10.591 -8.691 -8.084 -9.482 -10.635 -11.428 -11.939 -7.977 -9.904 -11.1 -11.658 -11.992 -10.146 -11.137 -11.686 -11.966 -12.153 -11.132 -10.526 -11.384 -12.272 -12.237 -12.017 -11.152
18.085689 -5.901 -3.041 -5.485 -7.542 -9.198 -10.351 -8.451 -7.844 -9.242 -10.395 -11.188 -11.699 -7.737 -9.664 -10.86 -11.418 -11.752 -9.906 -10.897 -11.446 -11.726 -11.913 -10.892 -10.286 -11.144 -12.032 -11.997 -11.777 -10.912
18.632678 -5.646 -2.786 -5.23 -7.288 -8.944 -10.096 -8.197 -7.589 -8.987 -10.14 -10.933 -11.444 -7.483 -9.409 -10.605 -11.163 -11.497 -9.651 -10.642 -11.192 -11.472 -11.658 -10.638 -10.031 -10.889 -11.777 -11.742 -11.522 -10.657
19.196211 -5.375 -2.515 -4.96 -7.017 -8.673 -9.826 -7.926 -7.318 -8.717 -9.87 -10.662 -11.174 -7.212 -9.138 -10.334 -10.892 -11.227 -9.38 -10.372 -10.921 -11.201 -11.387 -10.367 -9.761 -10.618 -11.506 -11.472 -11.251 -10.386
19.776787 -5.088 -2.228 -4.673 -6.73 -8.386 -9.539 -7.639 -7.031 -8.43 -9.582 -10.375 -10.887 -6.925 -8.851 -10.047 -10.605 -10.939 -9.093 -10.085 -10.634 -10.914 -11.1 -10.08 -9.474 -10.331 -11.219 -11.185 -10.964 -10.099
20.374923 -4.783 -1.923 -4.368 -6.425 -8.081 -9.234 -7.334 -6.726 -8.125 -9.278 -10.07 -10.582 -6.62 -8.546 -9.742 -10.3 -10.635 -8.788 -9.78 -10.329 -10.609 -10.795 -9.775 -9.169 -10.026 -10.914 -10.88 -10.659 -9.794
20.991149 -4.46 -1.6 -4.044 -6.101 -7.757 -8.91 -7.01 -6.403 -7.801 -8.954 -9.747 -10.258 -6.296 -8.223 -9.419 -9.977 -10.311 -8.465 -9.456 -10.005 -10.285 -10.472 -9.451 -8.845 -9.703 -10.591 -10.556 -10.336 -9.471
21.626011 -4.116 -1.256 -3.701 -5.758 -7.414 -8.567 -6.667 -6.059 -7.458 -8.61 -9.403 -9.915 -5.953 -7.879 -9.075 -9.633 -9.967 -8.121 -9.113 -9.662 -9.942 -10.128 -9.108 -8.502 -9.359 -10.247 -10.213 -9.992 -9.127
22.280075 -3.751 -0.891 -3.336 -5.393 -7.049 -8.202 -6.302 -5.695 -7.093 -8.246 -9.039 -9.55 -5.588 -7.514 -8.711 -9.269 -9.603 -7.757 -8.748 -9.297 -9.577 -9.764 -8.743 -8.137 -8.994 -9.883 -9.848 -9.627 -8.762
22.953921 -3.364 -0.504 -2.949 -5.006 -6.662 -7.815 -5.915 -5.307 -6.706 -7.859 -8.652 -9.163 -5.201 -7.127 -8.324 -8.882 -9.216 -7.369 -8.361 -8.91 -9.19 -9.377 -8.356 -7.75 -8.607 -9.496 -9.461 -9.24 -8.375
23.648147 -2.954 -0.094 -2.538 -4.595 -6.251 -7.404 -5.504 -4.897 -6.295 -7.448 -8.241 -8.752 -4.79 -6.717 -7.913 -8.471 -8.805 -6.959 -7.95 -8.499 -8.779 -8.966 -7.945 -7.339 -8.197 -9.085 -9.05 -8.83 -7.965
24.363369 -2.518 0.342 -2.102 -4.159 -5.815 -6.968 -5.068 -4.461 -5.859 -7.012 -7.805 -8.316 -4.354 -6.281 -7.477 -8.035 -8.369 -6.523 -7.514 -8.063 -8.343 -8.53 -7.509 -6.903 -7.761 -8.649 -8.614 -8.394 -7.529
25.100222 -2.055 0.805 -1.639 -3.697 -5.353 -6.505 -4.606 -3.998 -5.396 -6.549 -7.342 -7.853 -3.892 -5.818 -7.014 -7.572 -7.906 -6.06 -7.051 -7.601 -7.881 -8.067 -7.047 -6.44 -7.298 -8.186 -8.151 -7.931 -7.066
25.859362 -1.563 1.296 -1.148 -3.205 -4.861 -6.014 -4.114 -3.507 -4.905 -6.058 -6.851 -7.362 -3.4 -5.326 -6.523 -7.081 -7.415 -5.569 -6.56 -7.109 -7.389 -7.576 -6.555 -5.949 -6.806 -7.695 -7.66 -7.439 -6.575
26.64146 -1.042 1.818 -0.627 -2.684 -4.34 -5.493 -3.593 -2.985 -4.384 -5.536 -6.329 -6.841 -2.879 -4.805 -6.001 -6.559 -6.893 -5.047 -6.039 -6.588 -6.868 -7.054 -6.034 -5.428 -6.285 -7.173 -7.139 -6.918 -6.053
27.447213 -0.489 2.371 -0.073 -2.13 -3.786 -4.939 -3.039 -2.432 -3.83 -4.983 -5.776 -6.287 -2.326 -4.252 -5.448 -6.006 -6.34 -4.494 -5.485 -6.035 -6.314 -6.501 -5.48 -4.874 -5.732 -6.62 -6.585 -6.365 -5.5
28.277335 0.099 2.959 0.514 -1.543 -3.199 -4.352 -2.452 -1.844 -3.243 -4.396 -5.188 -5.7 -1.738 -3.664 -4.86 -5.418 -5.753 -3.906 -4.898 -5.447 -5.727 -5.913 -4.893 -4.287 -5.144 -6.032 -5.998 -5.777 -4.912
29.132564 0.722 3.582 1.138 -0.92 -2.576 -3.728 -1.829 -1.221 -2.619 -3.772 -4.565 -5.076 -1.115 -3.041 -4.237 -4.795 -5.129 -3.283 -4.274 -4.824 -5.104 -5.29 -4.27 -3.663 -4.521 -5.409 -5.374 -5.154 -4.289
30.013659 1.384 4.244 1.799 -0.258 -1.914 -3.067 -1.167 -0.559 -1.958 -3.11 -3.903 -4.415 -0.453 -2.379 -3.575 -4.133 -4.467 -2.621 -3.613 -4.162 -4.442 -4.628 -3.608 -3.002 -3.859 -4.747 -4.713 -4.492 -3.627
30.921401 2.086 4.946 2.502 0.445 -1.211 -2.364 -0.464 0.143 -1.255 -2.408 -3.201 -3.712 0.25 -1.677 -2.873 -3.431 -3.765 -1.919 -2.91 -3.459 -3.739 -3.926 -2.905 -2.299 -3.157 -4.045 -4.01 -3.79 -2.925
31.856598 2.832 5.692 3.247 1.19 -0.466 -1.619 0.281 0.889 -0.51 -1.662 -2.455 -2.967 0.995 -0.931 -2.127 -2.685 -3.019 -1.173 -2.165 -2.714 -2.994 -3.18 -2.16 -1.554 -2.411 -3.299 -3.265 -3.044 -2.179
32.820079 3.623 6.483 4.039 1.981 0.325 -0.827 1.072 1.68 0.282 -0.871 -1.664 -2.175 1.786 -0.14 -1.336 -1.894 -2.228 -0.382 -1.373 -1.923 -2.203 -2.389 -1.369 -0.762 -1.62 -2.508 -2.473 -2.253 -1.388
33.8127 4.463 7.323 4.879 2.821 1.165 0.013 1.912 2.52 1.122 -0.031 -0.824 -1.335 2.626 0.7 -0.496 -1.054 -1.388 0.458 -0.533 -1.083 -1.363 -1.549 -0.529 0.078 -0.78 -1.668 -1.633 -1.413 -0.548
34.835342 5.355 8.215 5.77 3.713 2.057 0.904 2.804 3.412 2.013 0.86 0.068 -0.444 3.518 1.592 0.396 -0.163 -0.497 1.35 0.358 -0.191 -0.471 -0.658 0.363 0.969 0.112 -0.777 -0.742 -0.521 0.344
35.888913 6.301 9.161 6.716 4.659 3.003 1.85 3.75 4.358 2.959 1.806 1.014 0.502 4.464 2.538 1.342 0.784 0.45 2.296 1.304 0.755 0.475 0.289 1.309 1.915 1.058 0.17 0.204 0.425 1.29
