web/models/kne/5/Metzger_0.500000_0.435172_0.100000.dat
# %ECSV 0.9
# ---
# datatype:
# - {name: time, datatype: float64}
# - {name: sdss_u, datatype: float64}
# - {name: sdss_g, datatype: float64}
# - {name: sdss_r, datatype: float64}
# - {name: sdss_i, datatype: float64}
# - {name: sdss_z, datatype: float64}
# - {name: PS1_y, datatype: float64}
# - {name: ukirt_J, datatype: float64}
# - {name: ukirt_H, datatype: float64}
# - {name: ukirt_K, datatype: float64}
# - {name: johnson_U, datatype: float64}
# - {name: johnson_B, datatype: float64}
# - {name: johnson_V, datatype: float64}
# - {name: johnson_R, datatype: float64}
# - {name: johnson_I, datatype: float64}
# - {name: Clear, datatype: float64}
# meta: !!omap
# - comment: [vej = 0.43517241379310345, mej = 0.5000000000045836, Ye = 0.1, redshift = 0.0]
# schema: astropy-2.0
time sdss_u sdss_g sdss_r sdss_i sdss_z PS1_y ukirt_J ukirt_H ukirt_K johnson_U johnson_B johnson_V johnson_R johnson_I Clear
[from data line 805]
40.350000 90.496710 60.210372 41.176924 29.153129 21.858787 17.317670 8.198761 0.239545 -4.851508 86.855714 68.631492 49.150218 38.871317 21.126506 40.418159
40.400000 90.640969 60.316703 41.259174 29.220001 21.916233 17.369196 8.238229 0.268182 -4.830083 86.995431 68.748407 49.242588 38.950631 21.183000 40.499443
40.450000 90.785251 60.423052 41.341439 29.286885 21.973690 17.420733 8.277706 0.296826 -4.808651 87.135171 68.865341 49.334973 39.029959 21.239506 40.580742
40.500000 90.929555 60.529419 41.423719 29.353782 22.031159 17.472280 8.317191 0.325478 -4.787212 87.274932 68.982295 49.427375 39.109301 21.296022 40.662056
40.550000 91.073882 60.635803 41.506013 29.420692 22.088638 17.523838 8.356685 0.354137 -4.765767 87.414715 69.099267 49.519792 39.188657 21.352550 40.743383
40.600000 91.218232 60.742205 41.588321 29.487613 22.146129 17.575406 8.396189 0.382803 -4.744315 87.554521 69.216258 49.612225 39.268027 21.409089 40.824725
40.650000 91.362604 60.848624 41.670644 29.554548 22.203631 17.626985 8.435701 0.411477 -4.722857 87.694348 69.333268 49.704674 39.347412 21.465638 40.906082
40.700000 91.506998 60.955061 41.752981 29.621494 22.261144 17.678574 8.475221 0.440158 -4.701393 87.834197 69.450298 49.797138 39.426810 21.522199 40.987452
40.750000 91.651415 61.061515 41.835332 29.688453 22.318668 17.730173 8.514751 0.468847 -4.679922 87.974067 69.567345 49.889618 39.506222 21.578771 41.068837
40.800000 91.795854 61.167986 41.917698 29.755424 22.376203 17.781782 8.554289 0.497543 -4.658445 88.113960 69.684412 49.982113 39.585648 21.635354 41.150236
40.850000 91.940315 61.274475 42.000078 29.822408 22.433750 17.833402 8.593836 0.526246 -4.636961 88.253874 69.801497 50.074624 39.665088 21.691947 41.231649
40.900000 92.084799 61.380981 42.082472 29.889403 22.491307 17.885032 8.633391 0.554957 -4.615471 88.393809 69.918601 50.167151 39.744541 21.748551 41.313076
40.950000 92.229304 61.487504 42.164880 29.956411 22.548875 17.936672 8.672956 0.583675 -4.593975 88.533766 70.035723 50.259693 39.824009 21.805167 41.394516
41.000000 92.373831 61.594045 42.247302 30.023430 22.606454 17.988322 8.712528 0.612400 -4.572473 88.673745 70.152864 50.352250 39.903490 21.861792 41.475971
41.050000 92.518380 61.700602 42.329738 30.090462 22.664044 18.039982 8.752110 0.641132 -4.550964 88.813744 70.270023 50.444822 39.982984 21.918429 41.557440
41.100000 92.662951 61.807176 42.412188 30.157506 22.721644 18.091653 8.791700 0.669871 -4.529449 88.953765 70.387201 50.537410 40.062493 21.975076 41.638922
41.150000 92.807544 61.913768 42.494652 30.224562 22.779256 18.143333 8.831298 0.698618 -4.507927 89.093807 70.504396 50.630013 40.142014 22.031734 41.720419
41.200000 92.952158 62.020376 42.577130 30.291629 22.836878 18.195024 8.870905 0.727371 -4.486400 89.233870 70.621610 50.722630 40.221549 22.088403 41.801929
41.250000 93.096794 62.127001 42.659622 30.358709 22.894511 18.246724 8.910520 0.756132 -4.464866 89.373953 70.738842 50.815263 40.301098 22.145082 41.883452
41.300000 93.241451 62.233642 42.742127 30.425800 22.952154 18.298434 8.950144 0.784900 -4.443326 89.514058 70.856092 50.907911 40.380660 22.201772 41.964989
41.350000 93.386129 62.340301 42.824646 30.492903 23.009808 18.350155 8.989776 0.813675 -4.421780 89.654184 70.973360 51.000574 40.460235 22.258472 42.046540
41.400000 93.530829 62.446976 42.907179 30.560018 23.067473 18.401885 9.029417 0.842457 -4.400228 89.794330 71.090646 51.093252 40.539824 22.315183 42.128105
41.450000 93.675550 62.553667 42.989725 30.627145 23.125148 18.453625 9.069066 0.871246 -4.378669 89.934497 71.207950 51.185945 40.619426 22.371904 42.209683
41.500000 93.820293 62.660375 43.072285 30.694283 23.182834 18.505374 9.108723 0.900042 -4.357105 90.074685 71.325272 51.278652 40.699041 22.428636 42.291274
41.550000 93.965056 62.767100 43.154858 30.761433 23.240530 18.557134 9.148388 0.928844 -4.335534 90.214893 71.442611 51.371375 40.778669 22.485378 42.372879
41.600000 94.109840 62.873841 43.237445 30.828595 23.298237 18.608903 9.188062 0.957654 -4.313957 90.355122 71.559969 51.464111 40.858311 22.542130 42.454497
41.650000 94.254645 62.980598 43.320045 30.895768 23.355954 18.660682 9.227744 0.986471 -4.292375 90.495371 71.677343 51.556863 40.937965 22.598893 42.536128
41.700000 94.399471 63.087372 43.402659 30.962952 23.413682 18.712470 9.267434 1.015295 -4.270786 90.635640 71.794736 51.649629 41.017633 22.655666 42.617773
41.750000 94.544318 63.194161 43.485286 31.030148 23.471420 18.764269 9.307133 1.044125 -4.249191 90.775929 71.912145 51.742410 41.097313 22.712449 42.699431
41.800000 94.689186 63.300967 43.567926 31.097356 23.529168 18.816076 9.346839 1.072963 -4.227590 90.916239 72.029573 51.835205 41.177006 22.769242 42.781102
41.850000 94.834074 63.407789 43.650580 31.164575 23.586926 18.867894 9.386554 1.101807 -4.205983 91.056569 72.147017 51.928015 41.256712 22.826045 42.862786
41.900000 94.978983 63.514627 43.733246 31.231805 23.644695 18.919721 9.426277 1.130658 -4.184371 91.196919 72.264479 52.020839 41.336431 22.882859 42.944483
41.950000 95.123912 63.621481 43.815926 31.299047 23.702474 18.971557 9.466008 1.159516 -4.162752 91.337288 72.381958 52.113677 41.416163 22.939683 43.026193
42.000000 95.268862 63.728351 43.898619 31.366300 23.760263 19.023403 9.505747 1.188381 -4.141127 91.477678 72.499454 52.206530 41.495908 22.996516 43.107916
42.050000 95.413832 63.835237 43.981325 31.433564 23.818062 19.075258 9.545494 1.217252 -4.119497 91.618087 72.616968 52.299397 41.575665 23.053360 43.189652
42.100000 95.558822 63.942139 44.064044 31.500839 23.875872 19.127123 9.585249 1.246131 -4.097860 91.758516 72.734498 52.392278 41.655435 23.110214 43.271401
42.150000 95.703832 64.049056 44.146776 31.568126 23.933691 19.178997 9.625012 1.275015 -4.076218 91.898965 72.852045 52.485173 41.735218 23.167077 43.353163
42.200000 95.848862 64.155989 44.229521 31.635423 23.991520 19.230881 9.664782 1.303907 -4.054570 92.039433 72.969610 52.578082 41.815013 23.223951 43.434938
42.250000 95.993913 64.262938 44.312278 31.702732 24.049360 19.282773 9.704561 1.332805 -4.032916 92.179921 73.087191 52.671005 41.894820 23.280835 43.516725
42.300000 96.138983 64.369902 44.395049 31.770052 24.107209 19.334675 9.744348 1.361710 -4.011256 92.320428 73.204789 52.763943 41.974640 23.337728 43.598525
42.350000 96.284073 64.476882 44.477832 31.837382 24.165068 19.386587 9.784143 1.390622 -3.989591 92.460954 73.322404 52.856894 42.054473 23.394631 43.680338
42.400000 96.429183 64.583877 44.560628 31.904724 24.222938 19.438507 9.823945 1.419540 -3.967919 92.601500 73.440035 52.949859 42.134318 23.451544 43.762163
42.450000 96.574313 64.690888 44.643437 31.972077 24.280817 19.490437 9.863755 1.448464 -3.946242 92.742065 73.557683 53.042838 42.214175 23.508467 43.844001
42.500000 96.719463 64.797914 44.726258 32.039440 24.338705 19.542376 9.903573 1.477396 -3.924559 92.882649 73.675348 53.135830 42.294045 23.565399 43.925852
42.550000 96.864632 64.904955 44.809092 32.106815 24.396604 19.594324 9.943399 1.506333 -3.902871 93.023252 73.793029 53.228837 42.373926 23.622341 44.007715
42.600000 97.009820 65.012012 44.891938 32.174200 24.454512 19.646281 9.983232 1.535278 -3.881176 93.163875 73.910726 53.321857 42.453820 23.679293 44.089590
42.650000 97.155028 65.119084 44.974797 32.241596 24.512431 19.698247 10.023073 1.564228 -3.859476 93.304516 74.028440 53.414890 42.533727 23.736254 44.171478
42.700000 97.300255 65.226171 45.057668 32.309002 24.570358 19.750222 10.062922 1.593186 -3.837771 93.445176 74.146170 53.507938 42.613645 23.793225 44.253378
42.750000 97.445502 65.333273 45.140552 32.376420 24.628296 19.802206 10.102779 1.622149 -3.816060 93.585854 74.263917 53.600998 42.693575 23.850205 44.335290
42.800000 97.590768 65.440390 45.223448 32.443848 24.686243 19.854199 10.142643 1.651120 -3.794343 93.726552 74.381679 53.694073 42.773518 23.907195 44.417215
42.850000 97.736053 65.547522 45.306356 32.511286 24.744199 19.906201 10.182515 1.680096 -3.772620 93.867268 74.499458 53.787160 42.853472 23.964195 44.499151
42.900000 97.881357 65.654669 45.389277 32.578736 24.802166 19.958212 10.222394 1.709079 -3.750892 94.008002 74.617253 53.880261 42.933438 24.021204 44.581100
42.950000 98.026680 65.761830 45.472210 32.646196 24.860141 20.010232 10.262281 1.738068 -3.729158 94.148756 74.735064 53.973376 43.013417 24.078222 44.663061
43.000000 98.172021 65.869007 45.555155 32.713666 24.918127 20.062260 10.302175 1.767064 -3.707419 94.289527 74.852890 54.066503 43.093407 24.135250 44.745035
43.050000 98.317382 65.976198 45.638112 32.781147 24.976121 20.114298 10.342077 1.796066 -3.685674 94.430317 74.970733 54.159644 43.173409 24.192287 44.827020
43.100000 98.462762 66.083404 45.721081 32.848638 25.034125 20.166344 10.381987 1.825074 -3.663924 94.571125 75.088592 54.252798 43.253422 24.249333 44.909017
43.150000 98.608160 66.190625 45.804063 32.916139 25.092139 20.218399 10.421904 1.854089 -3.642168 94.711952 75.206466 54.345966 43.333448 24.306389 44.991026
43.200000 98.753577 66.297860 45.887056 32.983651 25.150161 20.270462 10.461828 1.883110 -3.620406 94.852796 75.324356 54.439146 43.413485 24.363454 45.073047
43.250000 98.899012 66.405110 45.970061 33.051174 25.208194 20.322535 10.501760 1.912137 -3.598639 94.993659 75.442261 54.532339 43.493534 24.420528 45.155080
43.300000 99.044466 66.512374 46.053079 33.118706 25.266235 20.374616 10.541699 1.941170 -3.576867 95.134540 75.560183 54.625546 43.573594 24.477611 45.237125
43.350000 99.189939 66.619652 46.136108 33.186249 25.324286 20.426705 10.581645 1.970210 -3.555089 95.275438 75.678119 54.718765 43.653666 24.534703 45.319181
43.400000 99.335429 66.726945 46.219148 33.253802 25.382345 20.478804 10.621599 1.999256 -3.533306 95.416355 75.796072 54.811997 43.733749 24.591805 45.401249
43.450000 99.480938 66.834253 46.302201 33.321365 25.440414 20.530910 10.661560 2.028308 -3.511517 95.557289 75.914039 54.905242 43.813844 24.648915 45.483329
43.500000 99.626465 66.941574 46.385266 33.388938 25.498493 20.583026 10.701528 2.057366 -3.489723 95.698241 76.032022 54.998500 43.893951 24.706035 45.565421
43.550000 99.772011 67.048910 46.468342 33.456522 25.556580 20.635149 10.741504 2.086430 -3.467924 95.839211 76.150021 55.091770 43.974068 24.763164 45.647524
43.600000 99.917574 67.156260 46.551430 33.524115 25.614676 20.687282 10.781486 2.115500 -3.446119 95.980198 76.268034 55.185054 44.054198 24.820301 45.729638
43.650000 100.063156 67.263624 46.634529 33.591719 25.672782 20.739422 10.821476 2.144576 -3.424309 96.121203 76.386063 55.278350 44.134338 24.877448 45.811765
43.700000 100.208755 67.371002 46.717640 33.659332 25.730896 20.791572 10.861473 2.173659 -3.402494 96.262225 76.504107 55.371658 44.214490 24.934604 45.893902
43.750000 100.354372 67.478393 46.800762 33.726956 25.789020 20.843729 10.901478 2.202747 -3.380673 96.403265 76.622166 55.464979 44.294652 24.991768 45.976051
43.800000 100.500007 67.585799 46.883896 33.794589 25.847152 20.895895 10.941489 2.231842 -3.358847 96.544322 76.740240 55.558313 44.374827 25.048941 46.058212
43.850000 100.645660 67.693219 46.967042 33.862232 25.905293 20.948069 10.981508 2.260942 -3.337016 96.685396 76.858328 55.651659 44.455012 25.106123 46.140384
43.900000 100.791330 67.800653 47.050198 33.929885 25.963444 21.000252 11.021533 2.290049 -3.315179 96.826488 76.976432 55.745017 44.535208 25.163314 46.222567
43.950000 100.937018 67.908100 47.133367 33.997548 26.021603 21.052442 11.061566 2.319161 -3.293337 96.967597 77.094551 55.838388 44.615415 25.220514 46.304761
44.000000 101.082724 68.015561 47.216546 34.065221 26.079771 21.104641 11.101606 2.348280 -3.271490 97.108722 77.212684 55.931771 44.695634 25.277722 46.386967
44.050000 101.228447 68.123036 47.299737 34.132903 26.137947 21.156849 11.141652 2.377404 -3.249638 97.249865 77.330832 56.025167 44.775863 25.334940 46.469183
44.100000 101.374187 68.230524 47.382939 34.200595 26.196133 21.209064 11.181706 2.406534 -3.227781 97.391025 77.448995 56.118574 44.856104 25.392165 46.551411
44.150000 101.519945 68.338026 47.466152 34.268297 26.254327 21.261288 11.221767 2.435670 -3.205918 97.532201 77.567172 56.211994 44.936355 25.449400 46.633650
44.200000 101.665719 68.445542 47.549376 34.336009 26.312530 21.313519 11.261834 2.464812 -3.184051 97.673394 77.685364 56.305426 45.016617 25.506643 46.715900
44.250000 101.811512 68.553071 47.632612 34.403730 26.370741 21.365759 11.301909 2.493960 -3.162178 97.814604 77.803571 56.398870 45.096890 25.563895 46.798161
44.300000 101.957321 68.660613 47.715858 34.471460 26.428962 21.418007 11.341990 2.523114 -3.140300 97.955831 77.921792 56.492326 45.177173 25.621155 46.880433
44.350000 102.103147 68.768169 47.799115 34.539200 26.487191 21.470263 11.382078 2.552273 -3.118417 98.097074 78.040027 56.585794 45.257468 25.678423 46.962716
44.400000 102.248990 68.875738 47.882384 34.606950 26.545428 21.522526 11.422173 2.581438 -3.096528 98.238334 78.158277 56.679274 45.337773 25.735701 47.045010
44.450000 102.394850 68.983320 47.965663 34.674709 26.603674 21.574798 11.462275 2.610609 -3.074635 98.379610 78.276540 56.772766 45.418088 25.792986 47.127314
44.500000 102.540727 69.090916 48.048954 34.742477 26.661928 21.627078 11.502384 2.639786 -3.052737 98.520903 78.394819 56.866270 45.498415 25.850280 47.209630
44.550000 102.686621 69.198524 48.132255 34.810255 26.720191 21.679366 11.542499 2.668969 -3.030833 98.662212 78.513111 56.959786 45.578752 25.907583 47.291956
44.600000 102.832531 69.306146 48.215567 34.878042 26.778463 21.731661 11.582621 2.698157 -3.008925 98.803537 78.631417 57.053313 45.659099 25.964893 47.374293
44.650000 102.978458 69.413781 48.298889 34.945839 26.836743 21.783965 11.622750 2.727351 -2.987012 98.944879 78.749738 57.146853 45.739457 26.022213 47.456640
44.700000 103.124402 69.521428 48.382223 35.013644 26.895031 21.836276 11.662886 2.756550 -2.965093 99.086236 78.868072 57.240403 45.819825 26.079540 47.538999
44.750000 103.270362 69.629089 48.465567 35.081459 26.953327 21.888595 11.703028 2.785756 -2.943170 99.227610 78.986420 57.333966 45.900204 26.136876 47.621367
44.800000 103.416338 69.736763 48.548922 35.149283 27.011632 21.940922 11.743177 2.814967 -2.921241 99.369000 79.104783 57.427540 45.980593 26.194220 47.703747
44.850000 103.562331 69.844449 48.632287 35.217117 27.069945 21.993257 11.783333 2.844183 -2.899308 99.510406 79.223159 57.521126 46.060993 26.251572 47.786137
44.900000 103.708341 69.952148 48.715663 35.284959 27.128267 22.045599 11.823495 2.873405 -2.877370 99.651827 79.341548 57.614723 46.141403 26.308932 47.868537
44.950000 103.854366 70.059860 48.799049 35.352811 27.186597 22.097949 11.863664 2.902633 -2.855427 99.793265 79.459952 57.708331 46.221823 26.366301 47.950948
45.000000 104.000408 70.167585 48.882446 35.420672 27.244934 22.150307 11.903839 2.931866 -2.833479 99.934718 79.578369 57.801951 46.302253 26.423677 48.033369
45.050000 104.146466 70.275322 48.965854 35.488541 27.303281 22.202672 11.944021 2.961105 -2.811526 100.076187 79.696800 57.895583 46.382693 26.481062 48.115800
45.100000 104.292539 70.383072 49.049271 35.556420 27.361635 22.255045 11.984209 2.990349 -2.789568 100.217671 79.815244 57.989225 46.463144 26.538455 48.198242
45.150000 104.438629 70.490835 49.132700 35.624308 27.419997 22.307425 12.024404 3.019599 -2.767605 100.359171 79.933702 58.082879 46.543604 26.595855 48.280694
45.200000 104.584735 70.598610 49.216138 35.692205 27.478368 22.359813 12.064605 3.048854 -2.745638 100.500687 80.052174 58.176545 46.624075 26.653264 48.363157
45.250000 104.730856 70.706397 49.299587 35.760110 27.536746 22.412209 12.104813 3.078115 -2.723665 100.642218 80.170658 58.270221 46.704556 26.710681 48.445629
