web/models/kne/5/Metzger_0.072671_0.418966_0.450000.dat
# %ECSV 0.9
# ---
# datatype:
# - {name: time, datatype: float64}
# - {name: sdss_u, datatype: float64}
# - {name: sdss_g, datatype: float64}
# - {name: sdss_r, datatype: float64}
# - {name: sdss_i, datatype: float64}
# - {name: sdss_z, datatype: float64}
# - {name: PS1_y, datatype: float64}
# - {name: ukirt_J, datatype: float64}
# - {name: ukirt_H, datatype: float64}
# - {name: ukirt_K, datatype: float64}
# - {name: johnson_U, datatype: float64}
# - {name: johnson_B, datatype: float64}
# - {name: johnson_V, datatype: float64}
# - {name: johnson_R, datatype: float64}
# - {name: johnson_I, datatype: float64}
# - {name: Clear, datatype: float64}
# meta: !!omap
# - comment: [vej = 0.4189655172413793, mej = 0.07267057954405587, Ye = 0.45, redshift = 0.0]
# schema: astropy-2.0
time sdss_u sdss_g sdss_r sdss_i sdss_z PS1_y ukirt_J ukirt_H ukirt_K johnson_U johnson_B johnson_V johnson_R johnson_I Clear
[from data line 196]
9.900000 29.653783 15.881191 7.332446 2.004416 -1.185820 -3.149589 -7.018163 -10.261626 -12.213106 27.990320 19.694068 10.899834 6.305415 -1.503797 6.994209
9.950000 29.922214 16.077515 7.482989 2.125723 -1.082434 -3.057457 -6.948956 -10.213009 -12.178192 28.250116 19.910514 11.069615 6.450376 -1.402220 7.142916
10.000000 30.190546 16.273781 7.633498 2.247012 -0.979056 -2.965326 -6.879738 -10.164371 -12.143248 28.509818 20.126889 11.239352 6.595305 -1.300650 7.291590
10.050000 30.458778 16.469986 7.783973 2.368282 -0.875686 -2.873198 -6.810510 -10.115711 -12.108276 28.769425 20.343194 11.409044 6.740203 -1.199088 7.440231
10.100000 30.726912 16.666132 7.934413 2.489533 -0.772326 -2.781073 -6.741273 -10.067029 -12.073276 29.028937 20.559428 11.578691 6.885070 -1.097533 7.588837
10.150000 30.994945 16.862217 8.084818 2.610765 -0.668975 -2.688951 -6.672026 -10.018328 -12.038247 29.288355 20.775591 11.748291 7.029904 -0.995987 7.737410
10.200000 31.262877 17.058241 8.235187 2.731978 -0.565633 -2.596833 -6.602770 -9.969606 -12.003192 29.547676 20.991681 11.917845 7.174705 -0.894450 7.885948
10.250000 31.530709 17.254204 8.385519 2.853170 -0.462303 -2.504719 -6.533506 -9.920865 -11.968109 29.806902 21.207700 12.087353 7.319473 -0.792922 8.034450
10.300000 31.798440 17.450105 8.535815 2.974341 -0.358983 -2.412610 -6.464234 -9.872104 -11.933000 30.066031 21.423645 12.256813 7.464208 -0.691404 8.182917
10.350000 32.066070 17.645944 8.686074 3.095492 -0.255674 -2.320505 -6.394954 -9.823325 -11.897866 30.325064 21.639518 12.426226 7.608909 -0.589897 8.331348
10.400000 32.333597 17.841721 8.836296 3.216621 -0.152377 -2.228407 -6.325668 -9.774528 -11.862705 30.583999 21.855317 12.595591 7.753575 -0.488400 8.479742
10.450000 32.601023 18.037435 8.986480 3.337728 -0.049092 -2.136314 -6.256375 -9.725713 -11.827520 30.842838 22.071043 12.764908 7.898206 -0.386914 8.628100
10.500000 32.868347 18.233086 9.136626 3.458813 0.054180 -2.044228 -6.187076 -9.676881 -11.792311 31.101579 22.286695 12.934176 8.042803 -0.285440 8.776421
10.550000 33.135569 18.428674 9.286733 3.579876 0.157440 -1.952148 -6.117771 -9.628032 -11.757077 31.360222 22.502273 13.103395 8.187364 -0.183977 8.924704
10.600000 33.402688 18.624199 9.436802 3.700916 0.260687 -1.860075 -6.048461 -9.579166 -11.721819 31.618767 22.717776 13.272566 8.331890 -0.082526 9.072950
10.650000 33.669704 18.819660 9.586832 3.821932 0.363920 -1.768010 -5.979146 -9.530285 -11.686538 31.877215 22.933205 13.441687 8.476380 0.018911 9.221157
10.700000 33.936618 19.015057 9.736823 3.942925 0.467139 -1.675952 -5.909826 -9.481387 -11.651234 32.135564 23.148559 13.610758 8.620833 0.120337 9.369327
10.750000 34.203428 19.210390 9.886774 4.063895 0.570345 -1.583903 -5.840502 -9.432474 -11.615907 32.393816 23.363838 13.779780 8.765250 0.221749 9.517458
10.800000 34.470136 19.405659 10.036685 4.184840 0.673536 -1.491862 -5.771174 -9.383546 -11.580559 32.651968 23.579042 13.948752 8.909631 0.323147 9.665550
10.850000 34.736741 19.600863 10.186557 4.305761 0.776712 -1.399829 -5.701842 -9.334604 -11.545188 32.910023 23.794171 14.117673 9.053974 0.424532 9.813604
10.900000 35.003242 19.796003 10.336388 4.426658 0.879873 -1.307805 -5.632507 -9.285647 -11.509796 33.167979 24.009225 14.286544 9.198280 0.525903 9.961618
10.950000 35.269640 19.991078 10.486180 4.547530 0.983019 -1.215791 -5.563169 -9.236676 -11.474383 33.425836 24.224203 14.455364 9.342549 0.627260 10.109593
11.000000 35.535936 20.186088 10.635930 4.668377 1.086150 -1.123786 -5.493828 -9.187692 -11.438949 33.683595 24.439105 14.624134 9.486780 0.728602 10.257528
11.050000 35.802128 20.381033 10.785640 4.789198 1.189265 -1.031791 -5.424485 -9.138694 -11.403495 33.941255 24.653932 14.792853 9.630974 0.829929 10.405423
11.100000 36.068216 20.575913 10.935309 4.909994 1.292364 -0.939806 -5.355140 -9.089684 -11.368020 34.198816 24.868683 14.961520 9.775130 0.931242 10.553279
11.150000 36.334202 20.770728 11.084937 5.030765 1.395446 -0.847831 -5.285793 -9.040661 -11.332526 34.456279 25.083359 15.130137 9.919247 1.032539 10.701095
11.200000 36.600085 20.965477 11.234524 5.151510 1.498513 -0.755866 -5.216444 -8.991625 -11.297012 34.713644 25.297958 15.298702 10.063327 1.133821 10.848870
11.250000 36.865864 21.160162 11.384069 5.272229 1.601563 -0.663913 -5.147094 -8.942577 -11.261479 34.970910 25.512482 15.467216 10.207368 1.235087 10.996605
11.300000 37.131541 21.354781 11.533573 5.392921 1.704596 -0.571970 -5.077743 -8.893518 -11.225928 35.228077 25.726930 15.635678 10.351370 1.336337 11.144300
11.350000 37.397115 21.549334 11.683036 5.513588 1.807611 -0.480038 -5.008392 -8.844447 -11.190357 35.485146 25.941303 15.804089 10.495334 1.437571 11.291954
11.400000 37.662586 21.743823 11.832457 5.634228 1.910610 -0.388118 -4.939039 -8.795365 -11.154769 35.742117 26.155599 15.972448 10.639259 1.538789 11.439567
11.450000 37.927954 21.938246 11.981836 5.754841 2.013592 -0.296209 -4.869687 -8.746271 -11.119162 35.998990 26.369820 16.140756 10.783145 1.639991 11.587139
11.500000 38.193220 22.132603 12.131173 5.875427 2.116556 -0.204312 -4.800334 -8.697167 -11.083538 36.255764 26.583965 16.309012 10.926993 1.741176 11.734671
11.550000 38.458383 22.326896 12.280469 5.995987 2.219502 -0.112427 -4.730981 -8.648053 -11.047897 36.512441 26.798034 16.477216 11.070801 1.842344 11.882162
11.600000 38.723444 22.521122 12.429723 6.116520 2.322431 -0.020553 -4.661629 -8.598928 -11.012238 36.769019 27.012027 16.645368 11.214570 1.943495 12.029612
11.650000 38.988403 22.715284 12.578934 6.237025 2.425341 0.071308 -4.592277 -8.549794 -10.976562 37.025500 27.225945 16.813469 11.358300 2.044630 12.177021
11.700000 39.253260 22.909380 12.728104 6.357504 2.528234 0.163156 -4.522926 -8.500649 -10.940870 37.281883 27.439787 16.981518 11.501991 2.145747 12.324388
11.750000 39.518016 23.103411 12.877231 6.477955 2.631108 0.254992 -4.453576 -8.451496 -10.905161 37.538169 27.653554 17.149515 11.645643 2.246847 12.471715
11.800000 39.782669 23.297377 13.026317 6.598379 2.733964 0.346816 -4.384226 -8.402333 -10.869436 37.794358 27.867246 17.317460 11.789255 2.347929 12.619000
11.850000 40.047222 23.491277 13.175360 6.718775 2.836801 0.438626 -4.314879 -8.353160 -10.833696 38.050450 28.080862 17.485353 11.932828 2.448994 12.766244
11.900000 40.311673 23.685113 13.324361 6.839144 2.939620 0.530424 -4.245532 -8.303979 -10.797939 38.306445 28.294403 17.653195 12.076362 2.550042 12.913447
11.950000 40.576023 23.878883 13.473320 6.959485 3.042420 0.622209 -4.176188 -8.254790 -10.762168 38.562343 28.507869 17.820984 12.219856 2.651071 13.060608
12.000000 40.840272 24.072589 13.622236 7.079799 3.145202 0.713980 -4.106845 -8.205592 -10.726381 38.818145 28.721260 17.988722 12.363311 2.752083 13.207728
12.050000 41.104421 24.266229 13.771111 7.200084 3.247965 0.805738 -4.037504 -8.156385 -10.690579 39.073850 28.934577 18.156408 12.506726 2.853076 13.354807
12.100000 41.368470 24.459805 13.919943 7.320342 3.350708 0.897483 -3.968165 -8.107171 -10.654762 39.329460 29.147819 18.324043 12.650102 2.954052 13.501845
12.150000 41.632419 24.653317 14.068733 7.440572 3.453433 0.989214 -3.898828 -8.057949 -10.618931 39.584973 29.360986 18.491626 12.793439 3.055009 13.648842
12.200000 41.896267 24.846763 14.217481 7.560775 3.556138 1.080932 -3.829494 -8.008719 -10.583086 39.840392 29.574078 18.659157 12.936736 3.155949 13.795797
12.250000 42.160017 25.040146 14.366187 7.680949 3.658825 1.172636 -3.760162 -7.959482 -10.547226 40.095714 29.787097 18.826637 13.079993 3.256870 13.942711
12.300000 42.423667 25.233464 14.514851 7.801096 3.761492 1.264326 -3.690833 -7.910237 -10.511353 40.350942 30.000042 18.994066 13.223212 3.357772 14.089583
12.350000 42.687218 25.426717 14.663472 7.921214 3.864139 1.356002 -3.621507 -7.860985 -10.475466 40.606075 30.212912 19.161443 13.366391 3.458656 14.236415
12.400000 42.950670 25.619907 14.812052 8.041305 3.966768 1.447665 -3.552184 -7.811727 -10.439565 40.861113 30.425709 19.328768 13.509530 3.559522 14.383205
12.450000 43.214024 25.813033 14.960589 8.161367 4.069377 1.539313 -3.482864 -7.762461 -10.403651 41.116057 30.638432 19.496043 13.652630 3.660369 14.529954
12.500000 43.477280 26.006095 15.109085 8.281402 4.171966 1.630947 -3.413547 -7.713189 -10.367724 41.370907 30.851082 19.663266 13.795691 3.761197 14.676662
12.550000 43.740437 26.199094 15.257539 8.401408 4.274536 1.722567 -3.344233 -7.663911 -10.331784 41.625663 31.063659 19.830439 13.938713 3.862007 14.823329
12.600000 44.003498 26.392029 15.405951 8.521386 4.377087 1.814173 -3.274923 -7.614626 -10.295831 41.880326 31.276163 19.997560 14.081695 3.962798 14.969955
12.650000 44.266461 26.584900 15.554321 8.641337 4.479617 1.905764 -3.205616 -7.565335 -10.259866 42.134896 31.488594 20.164631 14.224638 4.063570 15.116541
12.700000 44.529327 26.777709 15.702649 8.761259 4.582129 1.997341 -3.136313 -7.516037 -10.223888 42.389372 31.700952 20.331651 14.367542 4.164324 15.263085
12.750000 44.792096 26.970454 15.850936 8.881153 4.684620 2.088904 -3.067013 -7.466734 -10.187898 42.643756 31.913238 20.498620 14.510408 4.265059 15.409588
12.800000 45.054769 27.163137 15.999181 9.001020 4.787092 2.180452 -2.997718 -7.417426 -10.151896 42.898048 32.125452 20.665539 14.653234 4.365775 15.556051
12.850000 45.317346 27.355757 16.147384 9.120858 4.889544 2.271986 -2.928426 -7.368111 -10.115881 43.152247 32.337594 20.832407 14.796021 4.466472 15.702473
12.900000 45.579828 27.548314 16.295546 9.240668 4.991976 2.363505 -2.859138 -7.318792 -10.079856 43.406355 32.549664 20.999225 14.938769 4.567150 15.848855
12.950000 45.842214 27.740809 16.443667 9.360451 5.094389 2.455010 -2.789855 -7.269467 -10.043818 43.660372 32.761662 21.165993 15.081478 4.667809 15.995196
13.000000 46.104504 27.933242 16.591747 9.480205 5.196782 2.546499 -2.720575 -7.220136 -10.007769 43.914297 32.973589 21.332711 15.224149 4.768449 16.141496
13.050000 46.366701 28.125613 16.739785 9.599931 5.299155 2.637975 -2.651300 -7.170801 -9.971709 44.168132 33.185445 21.499378 15.366781 4.869070 16.287756
13.100000 46.628802 28.317922 16.887782 9.719630 5.401508 2.729435 -2.582030 -7.121460 -9.935638 44.421876 33.397230 21.665996 15.509375 4.969672 16.433976
13.150000 46.890810 28.510169 17.035738 9.839301 5.503841 2.820881 -2.512763 -7.072115 -9.899556 44.675530 33.608945 21.832565 15.651930 5.070256 16.580156
13.200000 47.152724 28.702355 17.183653 9.958944 5.606155 2.912312 -2.443501 -7.022765 -9.863463 44.929094 33.820589 21.999083 15.794446 5.170820 16.726295
13.250000 47.414545 28.894480 17.331528 10.078559 5.708449 3.003728 -2.374244 -6.973411 -9.827359 45.182568 34.032162 22.165553 15.936924 5.271365 16.872395
13.300000 47.676272 29.086544 17.479361 10.198146 5.810723 3.095129 -2.304991 -6.924052 -9.791245 45.435953 34.243666 22.331973 16.079364 5.371891 17.018454
13.350000 47.937907 29.278547 17.627154 10.317706 5.912977 3.186516 -2.235744 -6.874688 -9.755120 45.689250 34.455100 22.498344 16.221766 5.472399 17.164474
13.400000 48.199450 29.470489 17.774907 10.437238 6.015211 3.277887 -2.166500 -6.825321 -9.718985 45.942458 34.666465 22.664666 16.364130 5.572887 17.310454
13.450000 48.460900 29.662371 17.922619 10.556742 6.117426 3.369244 -2.097262 -6.775949 -9.682840 46.195577 34.877760 22.830939 16.506455 5.673356 17.456395
13.500000 48.722259 29.854192 18.070291 10.676219 6.219621 3.460586 -2.028029 -6.726573 -9.646685 46.448609 35.088986 22.997164 16.648743 5.773806 17.602296
13.550000 48.983527 30.045954 18.217922 10.795668 6.321796 3.551913 -1.958800 -6.677193 -9.610519 46.701553 35.300144 23.163340 16.790993 5.874238 17.748157
13.600000 49.244703 30.237655 18.365514 10.915089 6.423951 3.643225 -1.889577 -6.627809 -9.574345 46.954410 35.511233 23.329467 16.933206 5.974650 17.893980
13.650000 49.505789 30.429297 18.513065 11.034484 6.526087 3.734523 -1.820358 -6.578422 -9.538160 47.207180 35.722254 23.495546 17.075380 6.075043 18.039763
13.700000 49.766785 30.620880 18.660577 11.153851 6.628203 3.825805 -1.751145 -6.529030 -9.501966 47.459864 35.933206 23.661578 17.217518 6.175418 18.185507
13.750000 50.027691 30.812403 18.808049 11.273190 6.730299 3.917072 -1.681937 -6.479636 -9.465762 47.712461 36.144091 23.827561 17.359618 6.275773 18.331212
13.800000 50.288508 31.003868 18.955481 11.392503 6.832375 4.008325 -1.612734 -6.430237 -9.429550 47.964973 36.354909 23.993497 17.501680 6.376110 18.476878
13.850000 50.549235 31.195273 19.102874 11.511788 6.934432 4.099563 -1.543536 -6.380836 -9.393328 48.217399 36.565659 24.159384 17.643706 6.476427 18.622505
13.900000 50.809873 31.386620 19.250227 11.631046 7.036469 4.190785 -1.474344 -6.331430 -9.357097 48.469739 36.776342 24.325225 17.785694 6.576726 18.768094
13.950000 51.070423 31.577909 19.397541 11.750277 7.138487 4.281993 -1.405157 -6.282022 -9.320857 48.721995 36.986958 24.491018 17.927646 6.677006 18.913644
14.000000 51.330885 31.769139 19.544816 11.869480 7.240485 4.373186 -1.335975 -6.232611 -9.284608 48.974167 37.197508 24.656764 18.069560 6.777267 19.059156
14.050000 51.591259 31.960312 19.692052 11.988657 7.342464 4.464364 -1.266799 -6.183196 -9.248350 49.226254 37.407992 24.822463 18.211438 6.877510 19.204630
14.100000 51.851546 32.151427 19.839249 12.107807 7.444423 4.555527 -1.197628 -6.133778 -9.212084 49.478257 37.618409 24.988115 18.353280 6.977733 19.350065
14.150000 52.111746 32.342484 19.986407 12.226931 7.546362 4.646675 -1.128463 -6.084358 -9.175809 49.730177 37.828761 25.153721 18.495084 7.077938 19.495463
14.200000 52.371859 32.533484 20.133527 12.346027 7.648282 4.737809 -1.059303 -6.034934 -9.139526 49.982014 38.039047 25.319280 18.636853 7.178124 19.640822
14.250000 52.631886 32.724427 20.280608 12.465097 7.750183 4.828927 -0.990149 -5.985508 -9.103235 50.233768 38.249269 25.484793 18.778585 7.278292 19.786144
14.300000 52.891826 32.915313 20.427650 12.584140 7.852064 4.920031 -0.921000 -5.936079 -9.066935 50.485439 38.459425 25.650259 18.920281 7.378440 19.931428
14.350000 53.151682 33.106142 20.574655 12.703157 7.953926 5.011120 -0.851857 -5.886648 -9.030627 50.737028 38.669516 25.815680 19.061941 7.478571 20.076675
14.400000 53.411452 33.296915 20.721621 12.822147 8.055769 5.102194 -0.782720 -5.837214 -8.994311 50.988536 38.879543 25.981055 19.203565 7.578682 20.221884
14.450000 53.671137 33.487632 20.868549 12.941111 8.157592 5.193253 -0.713588 -5.787777 -8.957987 51.239962 39.089506 26.146384 19.345154 7.678775 20.367056
14.500000 53.930737 33.678293 21.015439 13.060049 8.259396 5.284298 -0.644462 -5.738338 -8.921655 51.491307 39.299405 26.311667 19.486706 7.778850 20.512191
14.550000 54.190254 33.868898 21.162292 13.178960 8.361181 5.375328 -0.575342 -5.688896 -8.885316 51.742572 39.509240 26.476906 19.628223 7.878906 20.657289
14.600000 54.449687 34.059447 21.309107 13.297845 8.462947 5.466343 -0.506227 -5.639453 -8.848969 51.993755 39.719011 26.642099 19.769705 7.978944 20.802349
14.650000 54.709036 34.249941 21.455884 13.416704 8.564694 5.557343 -0.437119 -5.590007 -8.812614 52.244859 39.928720 26.807247 19.911152 8.078963 20.947374
14.700000 54.968302 34.440381 21.602625 13.535537 8.666422 5.648329 -0.368016 -5.540558 -8.776252 52.495883 40.138366 26.972351 20.052563 8.178964 21.092361
14.750000 55.227486 34.630765 21.749328 13.654345 8.768130 5.739300 -0.298919 -5.491108 -8.739882 52.746828 40.347949 27.137410 20.193939 8.278947 21.237312
14.800000 55.486587 34.821094 21.895994 13.773126 8.869820 5.830256 -0.229827 -5.441656 -8.703505 52.997694 40.557469 27.302424 20.335280 8.378911 21.382227
14.850000 55.745606 35.011369 22.042622 13.891882 8.971491 5.921198 -0.160742 -5.392201 -8.667120 53.248481 40.766928 27.467394 20.476587 8.478857 21.527105
14.900000 56.004544 35.201590 22.189215 14.010611 9.073143 6.012125 -0.091662 -5.342745 -8.630729 53.499190 40.976324 27.632320 20.617858 8.578785 21.671947
