web/models/kne/5/Metzger_0.001000_0.094828_0.100000.dat
# %ECSV 0.9
# ---
# datatype:
# - {name: time, datatype: float64}
# - {name: sdss_u, datatype: float64}
# - {name: sdss_g, datatype: float64}
# - {name: sdss_r, datatype: float64}
# - {name: sdss_i, datatype: float64}
# - {name: sdss_z, datatype: float64}
# - {name: PS1_y, datatype: float64}
# - {name: ukirt_J, datatype: float64}
# - {name: ukirt_H, datatype: float64}
# - {name: ukirt_K, datatype: float64}
# - {name: johnson_U, datatype: float64}
# - {name: johnson_B, datatype: float64}
# - {name: johnson_V, datatype: float64}
# - {name: johnson_R, datatype: float64}
# - {name: johnson_I, datatype: float64}
# - {name: Clear, datatype: float64}
# meta: !!omap
# - comment: [vej = 0.09482758620689655, mej = 0.001, Ye = 0.1, redshift = 0.0]
# schema: astropy-2.0
time sdss_u sdss_g sdss_r sdss_i sdss_z PS1_y ukirt_J ukirt_H ukirt_K johnson_U johnson_B johnson_V johnson_R johnson_I Clear
[from data line 2954]
147.800000 nan 682.237721 525.920685 426.224524 365.192252 326.904094 249.038864 179.332781 133.130755 nan nan 591.583609 506.873778 359.035190 519.655651
147.850000 nan 682.464179 526.096959 426.368751 365.316835 327.016342 249.125982 179.397328 133.180274 nan nan 591.780972 507.043933 359.157791 519.829913
147.900000 nan 682.690633 526.273232 426.512976 365.441417 327.128588 249.213099 179.461874 133.229793 nan nan 591.978332 507.214086 359.280390 520.004173
147.950000 nan 682.917085 526.449502 426.657199 365.565998 327.240833 249.300215 179.526420 133.279311 nan nan 592.175689 507.384237 359.402987 520.178430
148.000000 nan 683.143534 526.625770 426.801420 365.690577 327.353076 249.387330 179.590965 133.328829 nan nan 592.373044 507.554385 359.525583 520.352685
148.050000 nan 683.369979 526.802036 426.945640 365.815154 327.465319 249.474444 179.655509 133.378347 nan nan 592.570397 507.724532 359.648178 520.526939
148.100000 nan 683.596422 526.978299 427.089858 365.939730 327.577560 249.561557 179.720053 133.427864 nan nan 592.767747 507.894676 359.770771 520.701190
148.150000 nan 683.822862 527.154561 427.234074 366.064304 327.689799 249.648669 179.784596 133.477380 nan nan 592.965094 508.064818 359.893363 520.875438
148.200000 nan 684.049299 527.330820 427.378289 366.188877 327.802037 249.735780 179.849138 133.526896 nan nan 593.162439 508.234958 360.015953 521.049685
148.250000 nan 684.275733 527.507077 427.522501 366.313449 327.914274 249.822890 179.913680 133.576412 nan nan 593.359781 508.405096 360.138542 521.223929
148.300000 nan 684.502164 527.683331 427.666712 366.438019 328.026510 249.910000 179.978221 133.625927 nan nan 593.557121 508.575232 360.261129 521.398171
148.350000 nan 684.728592 527.859584 427.810921 366.562587 328.138744 249.997108 180.042761 133.675442 nan nan 593.754459 508.745366 360.383714 521.572411
148.400000 nan 684.955017 528.035834 427.955128 366.687154 328.250977 250.084215 180.107301 133.724956 nan nan 593.951793 508.915497 360.506299 521.746649
148.450000 nan 685.181439 528.212082 428.099334 366.811719 328.363208 250.171321 180.171840 133.774470 nan nan 594.149126 509.085626 360.628881 521.920884
148.500000 nan 685.407859 528.388327 428.243538 366.936283 328.475438 250.258426 180.236378 133.823983 nan nan 594.346455 509.255753 360.751463 522.095117
148.550000 nan 685.634275 528.564571 428.387740 367.060845 328.587667 250.345530 180.300915 133.873496 nan nan 594.543783 509.425878 360.874042 522.269348
148.600000 nan 685.860688 528.740812 428.531940 367.185406 328.699895 250.432634 180.365452 133.923008 nan nan 594.741107 509.596001 360.996621 522.443577
148.650000 nan 686.087099 528.917051 428.676138 367.309966 328.812121 250.519736 180.429989 133.972520 nan nan 594.938430 509.766122 361.119197 522.617804
148.700000 nan 686.313506 529.093288 428.820335 367.434524 328.924346 250.606837 180.494524 134.022031 nan nan 595.135749 509.936241 361.241773 522.792029
148.750000 nan 686.539911 529.269522 428.964529 367.559080 329.036569 250.693937 180.559059 134.071543 nan nan 595.333066 510.106357 361.364347 522.966251
148.800000 nan 686.766313 529.445755 429.108722 367.683635 329.148792 250.781037 180.623594 134.121053 nan nan 595.530381 510.276472 361.486919 523.140471
148.850000 nan 686.992712 529.621985 429.252914 367.808188 329.261013 250.868135 180.688127 134.170563 nan nan 595.727693 510.446584 361.609490 523.314689
148.900000 nan 687.219107 529.798213 429.397103 367.932740 329.373232 250.955232 180.752660 134.220073 nan nan 595.925003 510.616694 361.732059 523.488905
148.950000 nan 687.445500 529.974438 429.541291 368.057290 329.485450 251.042329 180.817193 134.269582 nan nan 596.122310 510.786802 361.854627 523.663118
149.000000 nan 687.671890 530.150662 429.685477 368.181839 329.597667 251.129424 180.881724 134.319091 nan nan 596.319614 510.956907 361.977194 523.837329
149.050000 nan 687.898278 530.326883 429.829661 368.306386 329.709883 251.216519 180.946255 134.368599 nan nan 596.516916 511.127011 362.099759 524.011539
149.100000 nan 688.124662 530.503102 429.973843 368.430932 329.822097 251.303612 181.010786 134.418107 nan nan 596.714216 511.297113 362.222322 524.185745
149.150000 nan 688.351043 530.679319 430.118024 368.555477 329.934310 251.390705 181.075315 134.467614 nan nan 596.911513 511.467212 362.344885 524.359950
149.200000 nan 688.577422 530.855533 430.262203 368.680019 330.046521 251.477796 181.139844 134.517121 nan nan 597.108808 511.637309 362.467445 524.534153
149.250000 nan 688.803797 531.031746 430.406380 368.804561 330.158732 251.564887 181.204373 134.566628 nan nan 597.306100 511.807404 362.590004 524.708353
149.300000 nan 689.030170 531.207956 430.550555 368.929101 330.270941 251.651976 181.268900 134.616134 nan nan 597.503389 511.977497 362.712562 524.882551
149.350000 nan 689.256539 531.384164 430.694729 369.053639 330.383148 251.739065 181.333427 134.665639 nan nan 597.700676 512.147588 362.835118 525.056747
149.400000 nan 689.482906 531.560369 430.838900 369.178176 330.495355 251.826152 181.397954 134.715144 nan nan 597.897961 512.317677 362.957673 525.230941
149.450000 nan 689.709270 531.736573 430.983070 369.302711 330.607560 251.913239 181.462479 134.764649 nan nan 598.095243 512.487764 363.080226 525.405133
149.500000 nan 689.935631 531.912774 431.127239 369.427245 330.719763 252.000324 181.527004 134.814153 nan nan 598.292522 512.657848 363.202778 525.579322
149.550000 nan 690.161989 532.088973 431.271405 369.551778 330.831965 252.087409 181.591529 134.863657 nan nan 598.489799 512.827930 363.325328 525.753510
149.600000 nan 690.388344 532.265170 431.415570 369.676308 330.944166 252.174493 181.656052 134.913160 nan nan 598.687074 512.998011 363.447877 525.927695
149.650000 nan 690.614696 532.441365 431.559733 369.800838 331.056366 252.261575 181.720575 134.962663 nan nan 598.884346 513.168089 363.570425 526.101878
149.700000 nan 690.841045 532.617557 431.703894 369.925366 331.168565 252.348657 181.785098 135.012166 nan nan 599.081615 513.338165 363.692971 526.276058
149.750000 nan 691.067392 532.793748 431.848053 370.049892 331.280762 252.435738 181.849620 135.061668 nan nan 599.278882 513.508239 363.815515 526.450237
149.800000 nan 691.293735 532.969936 431.992211 370.174417 331.392957 252.522818 181.914141 135.111169 nan nan 599.476147 513.678310 363.938058 526.624413
149.850000 nan 691.520076 533.146122 432.136367 370.298940 331.505152 252.609897 181.978661 135.160670 nan nan 599.673409 513.848380 364.060600 526.798588
149.900000 nan 691.746414 533.322305 432.280521 370.423462 331.617345 252.696974 182.043181 135.210171 nan nan 599.870668 514.018448 364.183140 526.972760
149.950000 nan 691.972749 533.498487 432.424673 370.547983 331.729536 252.784051 182.107700 135.259671 nan nan 600.067925 514.188513 364.305678 527.146929
150.000000 nan 692.199083 533.674668 432.568826 370.672503 331.841728 252.871128 182.172219 135.309171 nan nan 600.265182 514.358578 364.428217 527.321099
