web/models/kne/5/Metzger_0.003617_0.127241_0.450000.dat
# %ECSV 0.9
# ---
# datatype:
# - {name: time, datatype: float64}
# - {name: sdss_u, datatype: float64}
# - {name: sdss_g, datatype: float64}
# - {name: sdss_r, datatype: float64}
# - {name: sdss_i, datatype: float64}
# - {name: sdss_z, datatype: float64}
# - {name: PS1_y, datatype: float64}
# - {name: ukirt_J, datatype: float64}
# - {name: ukirt_H, datatype: float64}
# - {name: ukirt_K, datatype: float64}
# - {name: johnson_U, datatype: float64}
# - {name: johnson_B, datatype: float64}
# - {name: johnson_V, datatype: float64}
# - {name: johnson_R, datatype: float64}
# - {name: johnson_I, datatype: float64}
# - {name: Clear, datatype: float64}
# meta: !!omap
# - comment: [vej = 0.12724137931034482, mej = 0.0036174920645118385, Ye = 0.45, redshift = 0.0]
# schema: astropy-2.0
time sdss_u sdss_g sdss_r sdss_i sdss_z PS1_y ukirt_J ukirt_H ukirt_K johnson_U johnson_B johnson_V johnson_R johnson_I Clear
[from data line 2648]
132.500000 698.569855 511.363463 392.700279 317.050710 270.757564 241.725474 182.715840 129.945557 95.019362 676.137574 563.573909 442.540214 378.245141 266.088400 387.945493
132.550000 698.828153 511.554882 392.849236 317.172550 270.862783 241.820254 182.789357 129.999976 95.061065 676.387863 563.783991 442.707014 378.388920 266.191941 388.092747
132.600000 699.086447 511.746298 392.998191 317.294388 270.968000 241.915033 182.862873 130.054394 95.102767 676.638149 563.994070 442.873812 378.532697 266.295480 388.239999
132.650000 699.344738 511.937712 393.147144 317.416224 271.073215 242.009811 182.936388 130.108811 95.144470 676.888430 564.204146 443.040608 378.676471 266.399018 388.387249
132.700000 699.603024 512.129122 393.296094 317.538059 271.178430 242.104588 183.009903 130.163228 95.186171 677.138709 564.414219 443.207401 378.820244 266.502554 388.534496
132.750000 699.861307 512.320530 393.445043 317.659892 271.283642 242.199363 183.083416 130.217644 95.227873 677.388983 564.624288 443.374192 378.964015 266.606089 388.681742
132.800000 700.119586 512.511935 393.593989 317.781723 271.388854 242.294138 183.156929 130.272060 95.269574 677.639253 564.834355 443.540980 379.107783 266.709623 388.828985
132.850000 700.377860 512.703337 393.742933 317.903553 271.494064 242.388911 183.230440 130.326475 95.311274 677.889520 565.044418 443.707766 379.251550 266.813155 388.976226
132.900000 700.636131 512.894737 393.891876 318.025381 271.599272 242.483682 183.303951 130.380889 95.352975 678.139783 565.254478 443.874550 379.395315 266.916686 389.123466
132.950000 700.894399 513.086133 394.040816 318.147207 271.704480 242.578453 183.377461 130.435303 95.394674 678.390043 565.464535 444.041331 379.539077 267.020215 389.270703
133.000000 701.152662 513.277527 394.189753 318.269031 271.809685 242.673222 183.450970 130.489717 95.436374 678.640298 565.674589 444.208110 379.682838 267.123743 389.417938
133.050000 701.410921 513.468918 394.338689 318.390854 271.914890 242.767990 183.524478 130.544129 95.478073 678.890550 565.884640 444.374886 379.826596 267.227270 389.565171
133.100000 701.669177 513.660306 394.487623 318.512676 272.020093 242.862757 183.597985 130.598541 95.519772 679.140798 566.094688 444.541660 379.970353 267.330796 389.712402
133.150000 701.927428 513.851692 394.636554 318.634495 272.125294 242.957522 183.671491 130.652953 95.561470 679.391043 566.304733 444.708432 380.114107 267.434319 389.859630
133.200000 702.185676 514.043074 394.785484 318.756313 272.230494 243.052287 183.744997 130.707364 95.603168 679.641283 566.514775 444.875201 380.257859 267.537842 390.006857
133.250000 702.443920 514.234454 394.934411 318.878129 272.335693 243.147050 183.818501 130.761774 95.644865 679.891520 566.724813 445.041968 380.401610 267.641363 390.154082
133.300000 702.702160 514.425831 395.083336 318.999944 272.440890 243.241812 183.892005 130.816184 95.686563 680.141753 566.934849 445.208732 380.545358 267.744883 390.301304
133.350000 702.960396 514.617206 395.232260 319.121757 272.546086 243.336572 183.965508 130.870593 95.728259 680.391983 567.144881 445.375494 380.689105 267.848402 390.448525
133.400000 703.218628 514.808577 395.381181 319.243568 272.651281 243.431332 184.039009 130.925002 95.769956 680.642208 567.354910 445.542254 380.832849 267.951919 390.595743
133.450000 703.476857 514.999946 395.530099 319.365378 272.756474 243.526090 184.112510 130.979410 95.811652 680.892430 567.564937 445.709011 380.976591 268.055434 390.742959
133.500000 703.735081 515.191312 395.679016 319.487185 272.861666 243.620847 184.186010 131.033818 95.853348 681.142648 567.774960 445.875766 381.120331 268.158949 390.890174
133.550000 703.993302 515.382675 395.827931 319.608992 272.966856 243.715602 184.259510 131.088225 95.895043 681.392863 567.984980 446.042519 381.264070 268.262462 391.037386
133.600000 704.251519 515.574035 395.976844 319.730796 273.072045 243.810357 184.333008 131.142631 95.936738 681.643073 568.194997 446.209269 381.407806 268.365973 391.184596
133.650000 704.509732 515.765393 396.125754 319.852599 273.177233 243.905110 184.406505 131.197037 95.978432 681.893280 568.405011 446.376017 381.551540 268.469484 391.331804
133.700000 704.767941 515.956747 396.274663 319.974400 273.282419 243.999862 184.480002 131.251442 96.020126 682.143484 568.615021 446.542762 381.695272 268.572993 391.479010
133.750000 705.026146 516.148099 396.423569 320.096200 273.387603 244.094613 184.553497 131.305846 96.061820 682.393683 568.825029 446.709505 381.839003 268.676500 391.626214
133.800000 705.284348 516.339448 396.572473 320.217998 273.492787 244.189362 184.626992 131.360250 96.103514 682.643879 569.035034 446.876245 381.982731 268.780006 391.773415
133.850000 705.542545 516.530795 396.721375 320.339794 273.597969 244.284111 184.700486 131.414654 96.145207 682.894071 569.245035 447.042983 382.126457 268.883511 391.920615
133.900000 705.800739 516.722138 396.870275 320.461589 273.703149 244.378858 184.773979 131.469056 96.186899 683.144259 569.455034 447.209719 382.270181 268.987014 392.067813
133.950000 706.058929 516.913479 397.019173 320.583382 273.808328 244.473603 184.847471 131.523459 96.228592 683.394444 569.665029 447.376453 382.413903 269.090516 392.215008
134.000000 706.317115 517.104817 397.168069 320.705173 273.913506 244.568348 184.920962 131.577860 96.270283 683.644625 569.875022 447.543184 382.557623 269.194017 392.362202
134.050000 706.575297 517.296153 397.316963 320.826962 274.018683 244.663091 184.994452 131.632261 96.311975 683.894802 570.085011 447.709912 382.701341 269.297516 392.509393
134.100000 706.833475 517.487485 397.465854 320.948750 274.123858 244.757834 185.067942 131.686662 96.353666 684.144976 570.294997 447.876639 382.845058 269.401014 392.656583
134.150000 707.091650 517.678815 397.614744 321.070537 274.229031 244.852575 185.141430 131.741062 96.395357 684.395146 570.504980 448.043362 382.988772 269.504511 392.803770
134.200000 707.349820 517.870142 397.763631 321.192321 274.334203 244.947314 185.214918 131.795461 96.437047 684.645312 570.714960 448.210084 383.132484 269.608006 392.950955
134.250000 707.607987 518.061466 397.912517 321.314104 274.439374 245.042053 185.288405 131.849860 96.478737 684.895474 570.924937 448.376803 383.276194 269.711500 393.098139
134.300000 707.866150 518.252788 398.061400 321.435885 274.544544 245.136790 185.361890 131.904258 96.520427 685.145633 571.134911 448.543520 383.419902 269.814992 393.245320
134.350000 708.124309 518.444107 398.210281 321.557665 274.649712 245.231526 185.435375 131.958656 96.562116 685.395788 571.344882 448.710234 383.563608 269.918483 393.392499
134.400000 708.382465 518.635422 398.359160 321.679443 274.754878 245.326261 185.508860 132.013053 96.603805 685.645939 571.554850 448.876946 383.707312 270.021973 393.539676
134.450000 708.640616 518.826736 398.508037 321.801219 274.860043 245.420994 185.582343 132.067449 96.645493 685.896087 571.764815 449.043656 383.851014 270.125461 393.686851
134.500000 708.898764 519.018046 398.656912 321.922994 274.965207 245.515727 185.655825 132.121845 96.687181 686.146230 571.974776 449.210363 383.994714 270.228948 393.834024
134.550000 709.156908 519.209354 398.805785 322.044767 275.070370 245.610458 185.729306 132.176240 96.728869 686.396371 572.184735 449.377068 384.138412 270.332434 393.981195
134.600000 709.415048 519.400659 398.954656 322.166539 275.175531 245.705188 185.802787 132.230635 96.770557 686.646507 572.394691 449.543771 384.282108 270.435918 394.128363
134.650000 709.673184 519.591961 399.103525 322.288308 275.280691 245.799917 185.876267 132.285029 96.812244 686.896640 572.604643 449.710471 384.425802 270.539401 394.275530
134.700000 709.931317 519.783260 399.252391 322.410076 275.385849 245.894644 185.949745 132.339423 96.853930 687.146769 572.814593 449.877169 384.569495 270.642883 394.422695
134.750000 710.189445 519.974557 399.401256 322.531843 275.491006 245.989370 186.023223 132.393815 96.895616 687.396894 573.024539 450.043864 384.713185 270.746363 394.569857
134.800000 710.447570 520.165851 399.550118 322.653608 275.596161 246.084095 186.096700 132.448208 96.937302 687.647016 573.234482 450.210557 384.856873 270.849842 394.717018
134.850000 710.705691 520.357142 399.698979 322.775371 275.701315 246.178819 186.170177 132.502600 96.978988 687.897134 573.444423 450.377248 385.000559 270.953319 394.864177
134.900000 710.963808 520.548430 399.847837 322.897132 275.806468 246.273542 186.243652 132.556991 97.020673 688.147249 573.654360 450.543936 385.144243 271.056796 395.011333
134.950000 711.221921 520.739716 399.996693 323.018892 275.911620 246.368263 186.317126 132.611382 97.062358 688.397359 573.864294 450.710622 385.287925 271.160270 395.158487
135.000000 711.480031 520.930999 400.145547 323.140650 276.016770 246.462983 186.390600 132.665772 97.104042 688.647466 574.074225 450.877306 385.431605 271.263744 395.305640
135.050000 711.738137 521.122279 400.294399 323.262407 276.121918 246.557702 186.464072 132.720161 97.145726 688.897569 574.284154 451.043987 385.575283 271.367216 395.452790
135.100000 711.996238 521.313556 400.443249 323.384162 276.227065 246.652420 186.537544 132.774550 97.187409 689.147669 574.494079 451.210666 385.718959 271.470687 395.599938
135.150000 712.254337 521.504831 400.592097 323.505915 276.332211 246.747137 186.611015 132.828938 97.229093 689.397765 574.704001 451.377343 385.862633 271.574156 395.747085
135.200000 712.512431 521.696103 400.740943 323.627667 276.437356 246.841852 186.684485 132.883326 97.270775 689.647857 574.913920 451.544017 386.006305 271.677624 395.894229
135.250000 712.770521 521.887372 400.889787 323.749417 276.542499 246.936566 186.757954 132.937713 97.312458 689.897946 575.123836 451.710689 386.149976 271.781091 396.041371
135.300000 713.028608 522.078638 401.038628 323.871165 276.647641 247.031279 186.831422 132.992100 97.354140 690.148031 575.333749 451.877358 386.293644 271.884556 396.188511
135.350000 713.286691 522.269902 401.187468 323.992912 276.752781 247.125990 186.904889 133.046486 97.395822 690.398112 575.543659 452.044025 386.437310 271.988020 396.335649
135.400000 713.544770 522.461163 401.336306 324.114657 276.857920 247.220701 186.978356 133.100871 97.437503 690.648190 575.753565 452.210690 386.580974 272.091482 396.482785
135.450000 713.802845 522.652421 401.485141 324.236400 276.963057 247.315410 187.051822 133.155256 97.479184 690.898264 575.963469 452.377353 386.724636 272.194944 396.629919
135.500000 714.060917 522.843677 401.633975 324.358142 277.068194 247.410118 187.125286 133.209641 97.520865 691.148334 576.173370 452.544013 386.868296 272.298403 396.777051
135.550000 714.318985 523.034929 401.782806 324.479882 277.173328 247.504825 187.198750 133.264024 97.562545 691.398400 576.383268 452.710671 387.011955 272.401862 396.924181
135.600000 714.577048 523.226179 401.931635 324.601620 277.278462 247.599531 187.272213 133.318407 97.604225 691.648463 576.593163 452.877326 387.155611 272.505319 397.071309
135.650000 714.835109 523.417427 402.080462 324.723357 277.383594 247.694235 187.345675 133.372790 97.645904 691.898523 576.803054 453.043979 387.299265 272.608775 397.218435
135.700000 715.093165 523.608671 402.229288 324.845093 277.488725 247.788938 187.419136 133.427172 97.687583 692.148578 577.012943 453.210630 387.442917 272.712230 397.365558
135.750000 715.351218 523.799913 402.378111 324.966826 277.593854 247.883640 187.492597 133.481553 97.729262 692.398630 577.222829 453.377278 387.586568 272.815683 397.512680
135.800000 715.609266 523.991152 402.526932 325.088558 277.698982 247.978341 187.566056 133.535934 97.770940 692.648678 577.432711 453.543924 387.730216 272.919135 397.659800
135.850000 715.867311 524.182388 402.675751 325.210288 277.804109 248.073040 187.639515 133.590315 97.812618 692.898723 577.642591 453.710568 387.873862 273.022585 397.806918
135.900000 716.125353 524.373622 402.824568 325.332017 277.909234 248.167739 187.712972 133.644694 97.854296 693.148764 577.852468 453.877209 388.017507 273.126034 397.954033
135.950000 716.383390 524.564853 402.973383 325.453744 278.014358 248.262436 187.786429 133.699073 97.895973 693.398801 578.062341 454.043848 388.161149 273.229482 398.101147
136.000000 716.641424 524.756081 403.122195 325.575470 278.119480 248.357132 187.859885 133.753452 97.937650 693.648835 578.272212 454.210485 388.304789 273.332928 398.248258
136.050000 716.899454 524.947306 403.271006 325.697193 278.224601 248.451827 187.933340 133.807830 97.979326 693.898865 578.482079 454.377119 388.448428 273.436373 398.395368
136.100000 717.157480 525.138529 403.419815 325.818915 278.329721 248.546520 188.006795 133.862207 98.021003 694.148891 578.691944 454.543751 388.592064 273.539817 398.542475
136.150000 717.415502 525.329749 403.568621 325.940636 278.434839 248.641212 188.080248 133.916584 98.062678 694.398914 578.901805 454.710381 388.735699 273.643259 398.689581
136.200000 717.673521 525.520966 403.717426 326.062355 278.539956 248.735904 188.153700 133.970960 98.104354 694.648933 579.111664 454.877008 388.879331 273.746700 398.836684
136.250000 717.931536 525.712181 403.866229 326.184072 278.645072 248.830593 188.227152 134.025336 98.146029 694.898949 579.321519 455.043633 389.022962 273.850140 398.983786
136.300000 718.189547 525.903393 404.015029 326.305788 278.750186 248.925282 188.300603 134.079711 98.187703 695.148961 579.531372 455.210256 389.166590 273.953579 399.130885
136.350000 718.447554 526.094602 404.163827 326.427502 278.855299 249.019970 188.374053 134.134086 98.229377 695.398969 579.741221 455.376876 389.310217 274.057016 399.277983
136.400000 718.705558 526.285808 404.312624 326.549214 278.960411 249.114656 188.447501 134.188460 98.271051 695.648973 579.951068 455.543494 389.453841 274.160451 399.425078
136.450000 718.963557 526.477012 404.461418 326.670925 279.065521 249.209341 188.520950 134.242833 98.312725 695.898974 580.160911 455.710110 389.597464 274.263886 399.572171
136.500000 719.221553 526.668213 404.610210 326.792634 279.170629 249.304025 188.594397 134.297206 98.354398 696.148971 580.370752 455.876723 389.741085 274.367319 399.719263
136.550000 719.479546 526.859411 404.759001 326.914342 279.275737 249.398708 188.667843 134.351578 98.396071 696.398965 580.580589 456.043334 389.884703 274.470750 399.866352
136.600000 719.737534 527.050606 404.907789 327.036047 279.380843 249.493389 188.741289 134.405950 98.437743 696.648955 580.790424 456.209943 390.028320 274.574181 400.013439
136.650000 719.995519 527.241799 405.056575 327.157752 279.485948 249.588069 188.814733 134.460321 98.479415 696.898941 581.000255 456.376549 390.171935 274.677610 400.160524
136.700000 720.253500 527.432989 405.205359 327.279454 279.591051 249.682748 188.888177 134.514692 98.521087 697.148924 581.210083 456.543153 390.315548 274.781037 400.307608
136.750000 720.511477 527.624177 405.354141 327.401155 279.696153 249.777426 188.961620 134.569062 98.562758 697.398903 581.419909 456.709755 390.459158 274.884463 400.454689
136.800000 720.769451 527.815362 405.502921 327.522855 279.801253 249.872103 189.035062 134.623431 98.604429 697.648879 581.629731 456.876355 390.602767 274.987888 400.601768
136.850000 721.027420 528.006544 405.651699 327.644553 279.906353 249.966778 189.108503 134.677800 98.646099 697.898851 581.839551 457.042952 390.746374 275.091312 400.748845
136.900000 721.285386 528.197723 405.800475 327.766249 280.011451 250.061453 189.181943 134.732168 98.687769 698.148819 582.049367 457.209546 390.889979 275.194734 400.895920
136.950000 721.543349 528.388899 405.949249 327.887943 280.116547 250.156126 189.255383 134.786536 98.729439 698.398784 582.259181 457.376139 391.033582 275.298155 401.042994
