web/models/kne/5/Metzger_0.013086_0.224483_0.100000.dat
# %ECSV 0.9
# ---
# datatype:
# - {name: time, datatype: float64}
# - {name: sdss_u, datatype: float64}
# - {name: sdss_g, datatype: float64}
# - {name: sdss_r, datatype: float64}
# - {name: sdss_i, datatype: float64}
# - {name: sdss_z, datatype: float64}
# - {name: PS1_y, datatype: float64}
# - {name: ukirt_J, datatype: float64}
# - {name: ukirt_H, datatype: float64}
# - {name: ukirt_K, datatype: float64}
# - {name: johnson_U, datatype: float64}
# - {name: johnson_B, datatype: float64}
# - {name: johnson_V, datatype: float64}
# - {name: johnson_R, datatype: float64}
# - {name: johnson_I, datatype: float64}
# - {name: Clear, datatype: float64}
# meta: !!omap
# - comment: [vej = 0.22448275862068964, mej = 0.013086248836806117, Ye = 0.1, redshift = 0.0]
# schema: astropy-2.0
time sdss_u sdss_g sdss_r sdss_i sdss_z PS1_y ukirt_J ukirt_H ukirt_K johnson_U johnson_B johnson_V johnson_R johnson_I Clear
[from data line 1641]
82.150000 421.635579 305.855882 232.542050 185.853590 157.311877 139.427560 103.127131 70.753899 49.408031 407.756694 338.134352 263.325174 223.617122 154.434699 229.606169
82.200000 421.891684 306.045545 232.689528 185.974128 157.415901 139.521215 103.199661 70.807456 49.448955 408.004843 338.342555 263.490379 223.759456 154.537056 229.751955
82.250000 422.147782 306.235202 232.837002 186.094662 157.519923 139.614867 103.272189 70.861011 49.489878 408.252984 338.550753 263.655579 223.901785 154.639411 229.897736
82.300000 422.403873 306.424854 232.984471 186.215193 157.623943 139.708517 103.344716 70.914565 49.530800 408.501119 338.758945 263.820775 224.044111 154.741764 230.043514
82.350000 422.659955 306.614501 233.131937 186.335721 157.727959 139.802165 103.417242 70.968118 49.571722 408.749246 338.967131 263.985966 224.186433 154.844114 230.189288
82.400000 422.916031 306.804142 233.279399 186.456246 157.831974 139.895811 103.489765 71.021671 49.612643 408.997366 339.175311 264.151152 224.328751 154.946461 230.335058
82.450000 423.172099 306.993778 233.426856 186.576767 157.935985 139.989454 103.562287 71.075222 49.653563 409.245479 339.383486 264.316334 224.471065 155.048806 230.480824
82.500000 423.428159 307.183409 233.574310 186.697286 158.039994 140.083095 103.634808 71.128772 49.694484 409.493584 339.591654 264.481512 224.613375 155.151148 230.626586
82.550000 423.684212 307.373034 233.721760 186.817802 158.144001 140.176734 103.707327 71.182322 49.735403 409.741682 339.799816 264.646684 224.755682 155.253488 230.772344
82.600000 423.940258 307.562654 233.869206 186.938314 158.248004 140.270370 103.779844 71.235870 49.776322 409.989773 340.007972 264.811853 224.897984 155.355826 230.918098
82.650000 424.196296 307.752268 234.016647 187.058823 158.352006 140.364005 103.852360 71.289418 49.817240 410.237857 340.216123 264.977016 225.040283 155.458160 231.063848
82.700000 424.452327 307.941877 234.164085 187.179329 158.456004 140.457637 103.924874 71.342964 49.858158 410.485934 340.424267 265.142175 225.182578 155.560493 231.209595
82.750000 424.708350 308.131481 234.311519 187.299832 158.560000 140.551267 103.997387 71.396510 49.899076 410.734003 340.632406 265.307330 225.324870 155.662822 231.355337
82.800000 424.964366 308.321080 234.458949 187.420332 158.663994 140.644894 104.069898 71.450054 49.939992 410.982065 340.840538 265.472480 225.467157 155.765149 231.501076
82.850000 425.220374 308.510673 234.606375 187.540829 158.767985 140.738519 104.142407 71.503598 49.980908 411.230121 341.048665 265.637626 225.609441 155.867474 231.646810
82.900000 425.476375 308.700261 234.753796 187.661323 158.871973 140.832143 104.214915 71.557141 50.021824 411.478168 341.256786 265.802767 225.751721 155.969796 231.792541
82.950000 425.732368 308.889844 234.901214 187.781813 158.975959 140.925763 104.287422 71.610682 50.062739 411.726209 341.464901 265.967903 225.893997 156.072116 231.938268
83.000000 425.988354 309.079421 235.048628 187.902301 159.079942 141.019382 104.359927 71.664223 50.103654 411.974243 341.673010 266.133035 226.036269 156.174433 232.083990
83.050000 426.244333 309.268993 235.196038 188.022785 159.183923 141.112998 104.432430 71.717763 50.144567 412.222269 341.881113 266.298163 226.178538 156.276748 232.229709
83.100000 426.500304 309.458560 235.343444 188.143267 159.287901 141.206612 104.504932 71.771302 50.185481 412.470288 342.089210 266.463286 226.320802 156.379060 232.375424
83.150000 426.756268 309.648122 235.490847 188.263745 159.391876 141.300224 104.577432 71.824840 50.226394 412.718300 342.297302 266.628404 226.463063 156.481369 232.521136
83.200000 427.012224 309.837678 235.638245 188.384220 159.495849 141.393834 104.649930 71.878377 50.267306 412.966305 342.505387 266.793518 226.605320 156.583676 232.666843
83.250000 427.268173 310.027229 235.785639 188.504692 159.599820 141.487441 104.722427 71.931912 50.308218 413.214303 342.713467 266.958627 226.747574 156.685981 232.812546
83.300000 427.524115 310.216774 235.933029 188.625161 159.703787 141.581047 104.794923 71.985447 50.349129 413.462294 342.921540 267.123732 226.889823 156.788283 232.958246
83.350000 427.780049 310.406315 236.080416 188.745627 159.807753 141.674650 104.867417 72.038981 50.390039 413.710277 343.129608 267.288833 227.032069 156.890582 233.103941
83.400000 428.035976 310.595850 236.227798 188.866090 159.911715 141.768250 104.939909 72.092515 50.430949 413.958254 343.337670 267.453929 227.174311 156.992879 233.249633
83.450000 428.291896 310.785380 236.375177 188.986550 160.015675 141.861849 105.012400 72.146047 50.471859 414.206223 343.545727 267.619020 227.316550 157.095174 233.395321
83.500000 428.547808 310.974904 236.522551 189.107006 160.119633 141.955445 105.084889 72.199578 50.512768 414.454185 343.753777 267.784107 227.458784 157.197466 233.541005
83.550000 428.803713 311.164423 236.669922 189.227460 160.223588 142.049039 105.157377 72.253108 50.553676 414.702140 343.961821 267.949190 227.601015 157.299756 233.686685
83.600000 429.059610 311.353938 236.817289 189.347910 160.327541 142.142631 105.229863 72.306637 50.594584 414.950088 344.169860 268.114268 227.743242 157.402043 233.832362
83.650000 429.315500 311.543446 236.964652 189.468358 160.431491 142.236221 105.302347 72.360166 50.635491 415.198029 344.377893 268.279341 227.885465 157.504327 233.978034
83.700000 429.571383 311.732950 237.112011 189.588802 160.535438 142.329808 105.374830 72.413693 50.676398 415.445963 344.585920 268.444410 228.027685 157.606609 234.123703
83.750000 429.827258 311.922448 237.259366 189.709244 160.639383 142.423393 105.447312 72.467219 50.717304 415.693890 344.793941 268.609475 228.169900 157.708889 234.269367
83.800000 430.083127 312.111941 237.406717 189.829682 160.743325 142.516976 105.519792 72.520745 50.758210 415.941809 345.001957 268.774535 228.312112 157.811166 234.415028
83.850000 430.338987 312.301429 237.554064 189.950117 160.847265 142.610557 105.592270 72.574269 50.799115 416.189722 345.209966 268.939591 228.454321 157.913440 234.560685
83.900000 430.594841 312.490912 237.701407 190.070549 160.951202 142.704136 105.664747 72.627793 50.840019 416.437628 345.417970 269.104642 228.596525 158.015713 234.706338
83.950000 430.850687 312.680389 237.848747 190.190978 161.055137 142.797712 105.737222 72.681315 50.880923 416.685526 345.625968 269.269688 228.738726 158.117982 234.851988
84.000000 431.106526 312.869862 237.996082 190.311404 161.159069 142.891286 105.809696 72.734837 50.921826 416.933418 345.833960 269.434731 228.880923 158.220249 234.997633
84.050000 431.362358 313.059329 238.143414 190.431827 161.262999 142.984858 105.882168 72.788358 50.962729 417.181302 346.041947 269.599769 229.023117 158.322514 235.143275
84.100000 431.618182 313.248790 238.290741 190.552247 161.366926 143.078428 105.954638 72.841877 51.003631 417.429179 346.249927 269.764802 229.165306 158.424776 235.288912
84.150000 431.873999 313.438247 238.438065 190.672664 161.470851 143.171995 106.027108 72.895396 51.044533 417.677050 346.457902 269.929831 229.307492 158.527036 235.434546
84.200000 432.129809 313.627698 238.585385 190.793078 161.574773 143.265561 106.099575 72.948914 51.085434 417.924913 346.665871 270.094856 229.449674 158.629293 235.580177
84.250000 432.385611 313.817145 238.732701 190.913489 161.678692 143.359124 106.172041 73.002431 51.126335 418.172769 346.873834 270.259876 229.591853 158.731548 235.725803
84.300000 432.641406 314.006586 238.880014 191.033897 161.782609 143.452685 106.244506 73.055947 51.167235 418.420618 347.081792 270.424891 229.734027 158.833800 235.871425
84.350000 432.897194 314.196021 239.027322 191.154302 161.886524 143.546244 106.316968 73.109462 51.208134 418.668461 347.289743 270.589903 229.876198 158.936050 236.017044
84.400000 433.152975 314.385452 239.174626 191.274704 161.990436 143.639800 106.389430 73.162976 51.249033 418.916296 347.497689 270.754909 230.018366 159.038298 236.162659
84.450000 433.408749 314.574877 239.321927 191.395102 162.094345 143.733354 106.461890 73.216489 51.289932 419.164124 347.705630 270.919912 230.160529 159.140542 236.308270
84.500000 433.664515 314.764298 239.469224 191.515498 162.198252 143.826907 106.534348 73.270001 51.330830 419.411945 347.913564 271.084910 230.302689 159.242785 236.453877
84.550000 433.920274 314.953713 239.616517 191.635891 162.302157 143.920457 106.606805 73.323512 51.371727 419.659760 348.121493 271.249903 230.444845 159.345025 236.599480
84.600000 434.176025 315.143123 239.763806 191.756280 162.406059 144.014004 106.679260 73.377023 51.412624 419.907567 348.329416 271.414893 230.586998 159.447262 236.745080
84.650000 434.431770 315.332528 239.911091 191.876667 162.509958 144.107550 106.751714 73.430532 51.453520 420.155367 348.537333 271.579877 230.729147 159.549498 236.890676
84.700000 434.687507 315.521927 240.058372 191.997051 162.613855 144.201093 106.824166 73.484040 51.494416 420.403161 348.745244 271.744858 230.871292 159.651730 237.036268
84.750000 434.943237 315.711322 240.205650 192.117431 162.717749 144.294635 106.896617 73.537548 51.535311 420.650947 348.953150 271.909834 231.013433 159.753960 237.181856
84.800000 435.198960 315.900711 240.352923 192.237809 162.821641 144.388174 106.969066 73.591054 51.576205 420.898726 349.161050 272.074805 231.155571 159.856188 237.327441
84.850000 435.454676 316.090095 240.500193 192.358183 162.925531 144.481711 107.041513 73.644560 51.617099 421.146499 349.368945 272.239772 231.297705 159.958413 237.473021
84.900000 435.710385 316.279474 240.647459 192.478555 163.029418 144.575245 107.113960 73.698065 51.657993 421.394264 349.576833 272.404735 231.439836 160.060636 237.618598
84.950000 435.966086 316.468848 240.794721 192.598923 163.133302 144.668778 107.186404 73.751568 51.698885 421.642023 349.784716 272.569694 231.581962 160.162857 237.764171
85.000000 436.221780 316.658217 240.941979 192.719289 163.237184 144.762308 107.258847 73.805071 51.739778 421.889775 349.992593 272.734648 231.724085 160.265074 237.909740
85.050000 436.477467 316.847580 241.089234 192.839652 163.341064 144.855836 107.331289 73.858573 51.780670 422.137519 350.200465 272.899597 231.866205 160.367290 238.055306
85.100000 436.733147 317.036939 241.236484 192.960011 163.444941 144.949362 107.403729 73.912074 51.821561 422.385257 350.408330 273.064543 232.008320 160.469503 238.200867
85.150000 436.988819 317.226292 241.383731 193.080368 163.548815 145.042886 107.476167 73.965574 51.862451 422.632988 350.616191 273.229483 232.150432 160.571714 238.346425
85.200000 437.244485 317.415641 241.530974 193.200721 163.652687 145.136408 107.548604 74.019073 51.903342 422.880712 350.824045 273.394420 232.292541 160.673922 238.491980
85.250000 437.500143 317.604984 241.678213 193.321072 163.756557 145.229927 107.621040 74.072571 51.944231 423.128429 351.031894 273.559352 232.434645 160.776128 238.637530
85.300000 437.755794 317.794322 241.825448 193.441419 163.860424 145.323445 107.693473 74.126068 51.985120 423.376139 351.239737 273.724280 232.576746 160.878331 238.783077
85.350000 438.011438 317.983655 241.972680 193.561764 163.964288 145.416960 107.765906 74.179564 52.026009 423.623842 351.447574 273.889204 232.718844 160.980532 238.928620
85.400000 438.267075 318.172983 242.119908 193.682106 164.068150 145.510473 107.838337 74.233059 52.066897 423.871538 351.655406 274.054123 232.860937 161.082730 239.074159
85.450000 438.522705 318.362305 242.267132 193.802444 164.172010 145.603984 107.910766 74.286554 52.107784 424.119228 351.863232 274.219037 233.003028 161.184926 239.219694
85.500000 438.778328 318.551623 242.414352 193.922780 164.275867 145.697492 107.983194 74.340047 52.148671 424.366910 352.071052 274.383948 233.145114 161.287120 239.365226
85.550000 439.033943 318.740935 242.561568 194.043113 164.379721 145.790999 108.055620 74.393539 52.189557 424.614586 352.278867 274.548854 233.287197 161.389311 239.510753
85.600000 439.289552 318.930243 242.708780 194.163442 164.483574 145.884503 108.128045 74.447031 52.230443 424.862255 352.486676 274.713756 233.429276 161.491500 239.656278
85.650000 439.545153 319.119545 242.855989 194.283769 164.587423 145.978005 108.200468 74.500522 52.271328 425.109917 352.694479 274.878653 233.571351 161.593686 239.801798
85.700000 439.800747 319.308843 243.003194 194.404093 164.691270 146.071505 108.272890 74.554011 52.312213 425.357572 352.902277 275.043546 233.713423 161.695870 239.947315
85.750000 440.056334 319.498135 243.150395 194.524414 164.795115 146.165003 108.345311 74.607500 52.353097 425.605220 353.110069 275.208435 233.855491 161.798052 240.092827
85.800000 440.311914 319.687422 243.297592 194.644731 164.898957 146.258499 108.417729 74.660988 52.393980 425.852862 353.317856 275.373319 233.997556 161.900231 240.238337
85.850000 440.567487 319.876704 243.444786 194.765046 165.002797 146.351993 108.490147 74.714475 52.434863 426.100496 353.525637 275.538199 234.139617 162.002407 240.383842
85.900000 440.823053 320.065981 243.591976 194.885358 165.106635 146.445484 108.562562 74.767960 52.475746 426.348124 353.733412 275.703075 234.281674 162.104582 240.529344
85.950000 441.078612 320.255253 243.739162 195.005667 165.210469 146.538974 108.634977 74.821446 52.516628 426.595745 353.941182 275.867946 234.423728 162.206753 240.674842
86.000000 441.334163 320.444520 243.886344 195.125973 165.314302 146.632461 108.707389 74.874930 52.557509 426.843359 354.148946 276.032814 234.565778 162.308923 240.820336
86.050000 441.589708 320.633782 244.033522 195.246276 165.418132 146.725946 108.779801 74.928413 52.598390 427.090966 354.356704 276.197676 234.707825 162.411090 240.965826
86.100000 441.845246 320.823039 244.180697 195.366576 165.521959 146.819429 108.852210 74.981895 52.639270 427.338566 354.564457 276.362535 234.849867 162.513255 241.111313
86.150000 442.100776 321.012290 244.327868 195.486873 165.625784 146.912909 108.924619 75.035376 52.680150 427.586160 354.772204 276.527389 234.991907 162.615417 241.256796
86.200000 442.356299 321.201537 244.475035 195.607167 165.729607 147.006388 108.997025 75.088857 52.721029 427.833747 354.979946 276.692239 235.133942 162.717577 241.402276
86.250000 442.611816 321.390779 244.622198 195.727458 165.833427 147.099864 109.069431 75.142336 52.761908 428.081327 355.187682 276.857085 235.275974 162.819734 241.547751
86.300000 442.867325 321.580015 244.769358 195.847747 165.937245 147.193339 109.141835 75.195815 52.802786 428.328900 355.395412 277.021926 235.418003 162.921889 241.693223
86.350000 443.122828 321.769247 244.916514 195.968032 166.041060 147.286811 109.214237 75.249292 52.843664 428.576466 355.603137 277.186763 235.560028 163.024042 241.838691
86.400000 443.378323 321.958474 245.063666 196.088314 166.144873 147.380281 109.286638 75.302769 52.884541 428.824026 355.810856 277.351596 235.702049 163.126192 241.984156
86.450000 443.633811 322.147695 245.210814 196.208594 166.248683 147.473749 109.359037 75.356245 52.925417 429.071579 356.018570 277.516424 235.844067 163.228340 242.129617
86.500000 443.889293 322.336912 245.357959 196.328870 166.352491 147.567215 109.431435 75.409719 52.966293 429.319125 356.226278 277.681248 235.986081 163.330485 242.275074
86.550000 444.144767 322.526123 245.505100 196.449144 166.456297 147.660678 109.503831 75.463193 53.007168 429.566664 356.433980 277.846068 236.128091 163.432628 242.420527
86.600000 444.400234 322.715330 245.652237 196.569415 166.560100 147.754140 109.576226 75.516666 53.048043 429.814197 356.641677 278.010884 236.270098 163.534769 242.565977
86.650000 444.655695 322.904532 245.799370 196.689682 166.663901 147.847599 109.648619 75.570138 53.088918 430.061722 356.849369 278.175695 236.412101 163.636907 242.711423
86.700000 444.911148 323.093728 245.946500 196.809947 166.767699 147.941057 109.721011 75.623609 53.129791 430.309241 357.057054 278.340502 236.554101 163.739043 242.856866
