web/models/kne/5/Metzger_0.058653_0.143448_0.450000.dat
# %ECSV 0.9
# ---
# datatype:
# - {name: time, datatype: float64}
# - {name: sdss_u, datatype: float64}
# - {name: sdss_g, datatype: float64}
# - {name: sdss_r, datatype: float64}
# - {name: sdss_i, datatype: float64}
# - {name: sdss_z, datatype: float64}
# - {name: PS1_y, datatype: float64}
# - {name: ukirt_J, datatype: float64}
# - {name: ukirt_H, datatype: float64}
# - {name: ukirt_K, datatype: float64}
# - {name: johnson_U, datatype: float64}
# - {name: johnson_B, datatype: float64}
# - {name: johnson_V, datatype: float64}
# - {name: johnson_R, datatype: float64}
# - {name: johnson_I, datatype: float64}
# - {name: Clear, datatype: float64}
# meta: !!omap
# - comment: [vej = 0.14344827586206896, mej = 0.058653062403363466, Ye = 0.45, redshift = 0.0]
# schema: astropy-2.0
time sdss_u sdss_g sdss_r sdss_i sdss_z PS1_y ukirt_J ukirt_H ukirt_K johnson_U johnson_B johnson_V johnson_R johnson_I Clear
[from data line 1869]
93.550000 248.930696 177.903988 133.004169 104.461532 87.042126 76.142540 54.070752 34.477462 21.640460 240.411012 197.693912 151.847090 127.544240 85.287732 131.207937
93.600000 249.069230 178.006466 133.083756 104.526499 87.098132 76.192919 54.109667 34.506081 21.662224 240.545228 197.806452 151.936296 127.621035 85.342833 131.286605
93.650000 249.207760 178.108943 133.163340 104.591465 87.154138 76.243297 54.148582 34.534700 21.683988 240.679442 197.918989 152.025501 127.697828 85.397934 131.365272
93.700000 249.346288 178.211417 133.242924 104.656430 87.210142 76.293674 54.187497 34.563319 21.705752 240.813652 198.031524 152.114703 127.774620 85.453034 131.443937
93.750000 249.484813 178.313889 133.322506 104.721394 87.266146 76.344051 54.226411 34.591938 21.727516 240.947860 198.144057 152.203904 127.851411 85.508133 131.522601
93.800000 249.623335 178.416359 133.402086 104.786357 87.322149 76.394427 54.265325 34.620557 21.749280 241.082065 198.256588 152.293103 127.928200 85.563232 131.601264
93.850000 249.761854 178.518827 133.481665 104.851318 87.378151 76.444803 54.304239 34.649175 21.771045 241.216267 198.369116 152.382301 128.004988 85.618329 131.679925
93.900000 249.900371 178.621293 133.561243 104.916279 87.434152 76.495177 54.343152 34.677794 21.792809 241.350466 198.481642 152.471497 128.081774 85.673426 131.758585
93.950000 250.038884 178.723758 133.640819 104.981238 87.490152 76.545552 54.382064 34.706412 21.814573 241.484662 198.594166 152.560691 128.158559 85.728522 131.837243
94.000000 250.177394 178.826220 133.720394 105.046197 87.546152 76.595925 54.420977 34.735030 21.836337 241.618856 198.706688 152.649884 128.235343 85.783617 131.915900
94.050000 250.315901 178.928680 133.799967 105.111154 87.602151 76.646298 54.459889 34.763648 21.858102 241.753046 198.819207 152.739075 128.312126 85.838711 131.994555
94.100000 250.454406 179.031138 133.879539 105.176111 87.658149 76.696670 54.498800 34.792266 21.879866 241.887234 198.931724 152.828264 128.388907 85.893805 132.073209
94.150000 250.592907 179.133594 133.959110 105.241066 87.714146 76.747041 54.537711 34.820884 21.901631 242.021419 199.044239 152.917451 128.465686 85.948898 132.151862
94.200000 250.731406 179.236048 134.038679 105.306020 87.770142 76.797411 54.576622 34.849501 21.923395 242.155601 199.156751 153.006637 128.542465 86.003989 132.230513
94.250000 250.869902 179.338500 134.118247 105.370973 87.826137 76.847781 54.615532 34.878119 21.945159 242.289781 199.269261 153.095821 128.619242 86.059080 132.309163
94.300000 251.008395 179.440950 134.197813 105.435925 87.882132 76.898151 54.654442 34.906736 21.966924 242.423958 199.381769 153.185004 128.696017 86.114171 132.387811
94.350000 251.146884 179.543398 134.277378 105.500876 87.938125 76.948519 54.693352 34.935353 21.988689 242.558131 199.494275 153.274185 128.772791 86.169260 132.466458
94.400000 251.285371 179.645844 134.356941 105.565826 87.994118 76.998887 54.732261 34.963970 22.010453 242.692302 199.606778 153.363364 128.849564 86.224349 132.545103
94.450000 251.423855 179.748288 134.436503 105.630775 88.050110 77.049254 54.771169 34.992587 22.032218 242.826471 199.719280 153.452541 128.926336 86.279437 132.623748
94.500000 251.562337 179.850730 134.516063 105.695723 88.106101 77.099621 54.810078 35.021204 22.053982 242.960636 199.831778 153.541717 129.003106 86.334524 132.702390
94.550000 251.700815 179.953170 134.595623 105.760670 88.162092 77.149986 54.848986 35.049820 22.075747 243.094799 199.944275 153.630891 129.079875 86.389610 132.781032
94.600000 251.839290 180.055608 134.675180 105.825616 88.218081 77.200351 54.887893 35.078437 22.097512 243.228959 200.056770 153.720064 129.156642 86.444695 132.859672
94.650000 251.977763 180.158044 134.754736 105.890561 88.274070 77.250716 54.926800 35.107053 22.119276 243.363116 200.169262 153.809235 129.233409 86.499780 132.938310
94.700000 252.116232 180.260478 134.834291 105.955504 88.330058 77.301080 54.965707 35.135669 22.141041 243.497270 200.281752 153.898404 129.310173 86.554864 133.016947
94.750000 252.254699 180.362910 134.913845 106.020447 88.386045 77.351443 55.004613 35.164285 22.162806 243.631421 200.394239 153.987571 129.386937 86.609947 133.095583
94.800000 252.393162 180.465340 134.993397 106.085388 88.442031 77.401805 55.043519 35.192901 22.184571 243.765570 200.506725 154.076737 129.463699 86.665029 133.174218
94.850000 252.531623 180.567768 135.072947 106.150329 88.498017 77.452167 55.082424 35.221517 22.206336 243.899716 200.619208 154.165901 129.540460 86.720110 133.252851
94.900000 252.670081 180.670194 135.152496 106.215268 88.554001 77.502528 55.121330 35.250133 22.228101 244.033859 200.731689 154.255064 129.617219 86.775191 133.331482
94.950000 252.808536 180.772618 135.232044 106.280207 88.609985 77.552888 55.160234 35.278748 22.249865 244.167999 200.844167 154.344225 129.693977 86.830271 133.410112
95.000000 252.946988 180.875040 135.311590 106.345144 88.665968 77.603247 55.199139 35.307363 22.271630 244.302137 200.956644 154.433384 129.770734 86.885350 133.488741
95.050000 253.085438 180.977461 135.391135 106.410080 88.721950 77.653606 55.238042 35.335979 22.293395 244.436271 201.069118 154.522542 129.847489 86.940428 133.567369
95.100000 253.223884 181.079879 135.470679 106.475016 88.777931 77.703965 55.276946 35.364594 22.315160 244.570403 201.181590 154.611698 129.924243 86.995505 133.645995
95.150000 253.362327 181.182295 135.550221 106.539950 88.833912 77.754322 55.315849 35.393208 22.336925 244.704533 201.294060 154.700852 130.000996 87.050582 133.724619
95.200000 253.500768 181.284709 135.629762 106.604883 88.889891 77.804679 55.354752 35.421823 22.358690 244.838659 201.406527 154.790004 130.077747 87.105657 133.803242
95.250000 253.639206 181.387121 135.709301 106.669815 88.945870 77.855035 55.393654 35.450438 22.380455 244.972783 201.518993 154.879155 130.154497 87.160732 133.881864
95.300000 253.777641 181.489531 135.788839 106.734746 89.001848 77.905391 55.432556 35.479052 22.402221 245.106904 201.631456 154.968305 130.231245 87.215807 133.960485
95.350000 253.916073 181.591939 135.868375 106.799676 89.057825 77.955745 55.471457 35.507667 22.423986 245.241022 201.743916 155.057452 130.307993 87.270880 134.039104
95.400000 254.054502 181.694346 135.947910 106.864605 89.113801 78.006099 55.510358 35.536281 22.445751 245.375137 201.856375 155.146598 130.384739 87.325952 134.117721
95.450000 254.192928 181.796750 136.027444 106.929533 89.169777 78.056453 55.549259 35.564895 22.467516 245.509249 201.968831 155.235743 130.461483 87.381024 134.196338
95.500000 254.331351 181.899152 136.106976 106.994460 89.225751 78.106806 55.588159 35.593509 22.489281 245.643359 202.081285 155.324885 130.538227 87.436095 134.274953
95.550000 254.469772 182.001552 136.186507 107.059385 89.281725 78.157158 55.627059 35.622122 22.511047 245.777466 202.193737 155.414026 130.614968 87.491165 134.353566
95.600000 254.608189 182.103951 136.266036 107.124310 89.337698 78.207509 55.665959 35.650736 22.532812 245.911571 202.306187 155.503166 130.691709 87.546235 134.432178
95.650000 254.746604 182.206347 136.345564 107.189234 89.393670 78.257860 55.704858 35.679349 22.554577 246.045672 202.418634 155.592304 130.768448 87.601303 134.510789
95.700000 254.885016 182.308741 136.425090 107.254157 89.449642 78.308210 55.743757 35.707963 22.576342 246.179771 202.531080 155.681440 130.845186 87.656371 134.589398
95.750000 255.023425 182.411134 136.504616 107.319078 89.505612 78.358559 55.782655 35.736576 22.598108 246.313867 202.643523 155.770574 130.921923 87.711438 134.668006
95.800000 255.161831 182.513524 136.584139 107.383999 89.561582 78.408908 55.821553 35.765189 22.619873 246.447960 202.755963 155.859707 130.998658 87.766504 134.746613
95.850000 255.300234 182.615912 136.663662 107.448918 89.617551 78.459256 55.860450 35.793802 22.641638 246.582050 202.868402 155.948838 131.075392 87.821569 134.825218
95.900000 255.438635 182.718299 136.743183 107.513837 89.673519 78.509603 55.899347 35.822415 22.663404 246.716138 202.980838 156.037968 131.152124 87.876634 134.903822
95.950000 255.577032 182.820683 136.822702 107.578754 89.729486 78.559949 55.938244 35.851027 22.685169 246.850223 203.093272 156.127096 131.228856 87.931698 134.982424
96.000000 255.715427 182.923066 136.902220 107.643671 89.785453 78.610295 55.977140 35.879640 22.706935 246.984305 203.205704 156.216222 131.305585 87.986761 135.061025
96.050000 255.853819 183.025447 136.981737 107.708586 89.841418 78.660641 56.016036 35.908252 22.728700 247.118385 203.318134 156.305346 131.382314 88.041823 135.139625
96.100000 255.992208 183.127825 137.061252 107.773500 89.897383 78.710985 56.054932 35.936864 22.750466 247.252461 203.430561 156.394469 131.459041 88.096884 135.218223
96.150000 256.130594 183.230202 137.140766 107.838414 89.953347 78.761329 56.093827 35.965476 22.772231 247.386535 203.542987 156.483591 131.535767 88.151945 135.296820
96.200000 256.268977 183.332576 137.220279 107.903326 90.009310 78.811672 56.132722 35.994088 22.793997 247.520607 203.655410 156.572710 131.612492 88.207004 135.375416
96.250000 256.407358 183.434949 137.299790 107.968237 90.065273 78.862015 56.171616 36.022700 22.815762 247.654675 203.767831 156.661829 131.689215 88.262063 135.454010
96.300000 256.545735 183.537320 137.379300 108.033147 90.121234 78.912357 56.210510 36.051311 22.837528 247.788741 203.880249 156.750945 131.765937 88.317121 135.532603
96.350000 256.684110 183.639689 137.458808 108.098056 90.177195 78.962698 56.249403 36.079923 22.859294 247.922804 203.992666 156.840060 131.842657 88.372179 135.611194
96.400000 256.822482 183.742056 137.538315 108.162965 90.233155 79.013038 56.288296 36.108534 22.881059 248.056864 204.105080 156.929173 131.919377 88.427235 135.689784
96.450000 256.960851 183.844420 137.617820 108.227872 90.289114 79.063378 56.327189 36.137145 22.902825 248.190922 204.217492 157.018284 131.996095 88.482291 135.768373
96.500000 257.099217 183.946783 137.697325 108.292778 90.345072 79.113717 56.366081 36.165756 22.924591 248.324977 204.329902 157.107394 132.072811 88.537346 135.846960
96.550000 257.237581 184.049144 137.776827 108.357683 90.401029 79.164055 56.404973 36.194367 22.946356 248.459029 204.442309 157.196503 132.149526 88.592400 135.925546
96.600000 257.375941 184.151503 137.856329 108.422587 90.456986 79.214393 56.443865 36.222978 22.968122 248.593078 204.554715 157.285609 132.226240 88.647454 136.004131
96.650000 257.514299 184.253860 137.935829 108.487490 90.512942 79.264730 56.482756 36.251588 22.989888 248.727125 204.667118 157.374714 132.302953 88.702506 136.082714
96.700000 257.652654 184.356215 138.015327 108.552391 90.568897 79.315067 56.521647 36.280199 23.011654 248.861168 204.779519 157.463818 132.379664 88.757558 136.161296
96.750000 257.791006 184.458569 138.094824 108.617292 90.624851 79.365402 56.560537 36.308809 23.033420 248.995210 204.891918 157.552920 132.456374 88.812609 136.239876
96.800000 257.929355 184.560920 138.174320 108.682192 90.680804 79.415737 56.599427 36.337419 23.055185 249.129248 205.004315 157.642020 132.533083 88.867659 136.318456
96.850000 258.067701 184.663269 138.253815 108.747091 90.736757 79.466072 56.638317 36.366029 23.076951 249.263284 205.116709 157.731118 132.609790 88.922709 136.397033
96.900000 258.206045 184.765616 138.333308 108.811989 90.792709 79.516405 56.677206 36.394639 23.098717 249.397317 205.229101 157.820215 132.686496 88.977757 136.475610
96.950000 258.344386 184.867962 138.412799 108.876885 90.848660 79.566738 56.716094 36.423248 23.120483 249.531347 205.341491 157.909310 132.763201 89.032805 136.554185
97.000000 258.482724 184.970305 138.492290 108.941781 90.904610 79.617071 56.754983 36.451858 23.142249 249.665375 205.453879 157.998404 132.839904 89.087852 136.632758
97.050000 258.621059 185.072647 138.571778 109.006676 90.960559 79.667402 56.793871 36.480467 23.164015 249.799400 205.566265 158.087496 132.916606 89.142899 136.711330
97.100000 258.759391 185.174986 138.651266 109.071569 91.016507 79.717733 56.832758 36.509076 23.185781 249.933422 205.678648 158.176587 132.993307 89.197944 136.789901
97.150000 258.897721 185.277324 138.730752 109.136462 91.072455 79.768064 56.871645 36.537686 23.207547 250.067441 205.791030 158.265675 133.070007 89.252989 136.868471
97.200000 259.036047 185.379660 138.810237 109.201353 91.128402 79.818393 56.910532 36.566294 23.229313 250.201458 205.903409 158.354763 133.146705 89.308033 136.947039
97.250000 259.174371 185.481993 138.889720 109.266244 91.184348 79.868722 56.949418 36.594903 23.251079 250.335472 206.015786 158.443848 133.223401 89.363076 137.025606
97.300000 259.312692 185.584325 138.969202 109.331134 91.240293 79.919051 56.988304 36.623512 23.272845 250.469483 206.128161 158.532932 133.300097 89.418118 137.104171
97.350000 259.451010 185.686655 139.048683 109.396022 91.296238 79.969378 57.027190 36.652120 23.294611 250.603492 206.240533 158.622014 133.376791 89.473160 137.182736
97.400000 259.589326 185.788983 139.128162 109.460909 91.352181 80.019705 57.066075 36.680729 23.316377 250.737498 206.352904 158.711095 133.453484 89.528200 137.261298
97.450000 259.727638 185.891309 139.207639 109.525796 91.408124 80.070031 57.104960 36.709337 23.338143 250.871501 206.465272 158.800174 133.530175 89.583240 137.339860
97.500000 259.865948 185.993633 139.287116 109.590681 91.464066 80.120357 57.143844 36.737945 23.359909 251.005501 206.577638 158.889252 133.606866 89.638279 137.418420
97.550000 260.004255 186.095955 139.366591 109.655566 91.520007 80.170682 57.182728 36.766553 23.381675 251.139499 206.690002 158.978328 133.683555 89.693318 137.496978
97.600000 260.142560 186.198275 139.446065 109.720449 91.575947 80.221006 57.221612 36.795161 23.403441 251.273494 206.802364 159.067402 133.760242 89.748355 137.575536
97.650000 260.280861 186.300593 139.525537 109.785331 91.631887 80.271330 57.260495 36.823768 23.425207 251.407487 206.914723 159.156475 133.836928 89.803392 137.654092
97.700000 260.419160 186.402910 139.605008 109.850213 91.687826 80.321653 57.299378 36.852376 23.446973 251.541476 207.027080 159.245546 133.913613 89.858428 137.732646
97.750000 260.557455 186.505224 139.684477 109.915093 91.743764 80.371975 57.338260 36.880983 23.468740 251.675463 207.139436 159.334615 133.990297 89.913463 137.811199
97.800000 260.695748 186.607537 139.763945 109.979972 91.799701 80.422296 57.377142 36.909590 23.490506 251.809448 207.251789 159.423683 134.066979 89.968498 137.889751
97.850000 260.834039 186.709847 139.843412 110.044850 91.855637 80.472617 57.416024 36.938197 23.512272 251.943429 207.364140 159.512749 134.143661 90.023531 137.968302
97.900000 260.972326 186.812156 139.922878 110.109728 91.911573 80.522937 57.454905 36.966804 23.534038 252.077408 207.476488 159.601814 134.220340 90.078564 138.046851
97.950000 261.110611 186.914463 140.002342 110.174604 91.967507 80.573257 57.493786 36.995411 23.555804 252.211385 207.588835 159.690877 134.297019 90.133596 138.125399
98.000000 261.248893 187.016767 140.081804 110.239479 92.023441 80.623576 57.532666 37.024017 23.577571 252.345358 207.701179 159.779938 134.373696 90.188628 138.203945
98.050000 261.387172 187.119070 140.161266 110.304353 92.079374 80.673894 57.571546 37.052624 23.599337 252.479329 207.813521 159.868998 134.450372 90.243658 138.282491
98.100000 261.525448 187.221371 140.240726 110.369226 92.135307 80.724211 57.610426 37.081230 23.621103 252.613297 207.925861 159.958056 134.527046 90.298688 138.361034
98.150000 261.663721 187.323670 140.320184 110.434098 92.191238 80.774528 57.649305 37.109836 23.642870 252.747263 208.038199 160.047113 134.603719 90.353717 138.439577
98.200000 261.801992 187.425967 140.399641 110.498969 92.247169 80.824844 57.688184 37.138442 23.664636 252.881226 208.150535 160.136168 134.680391 90.408745 138.518118
