web/models/kne/5/Metzger_0.262885_0.305517_0.450000.dat
# %ECSV 0.9
# ---
# datatype:
# - {name: time, datatype: float64}
# - {name: sdss_u, datatype: float64}
# - {name: sdss_g, datatype: float64}
# - {name: sdss_r, datatype: float64}
# - {name: sdss_i, datatype: float64}
# - {name: sdss_z, datatype: float64}
# - {name: PS1_y, datatype: float64}
# - {name: ukirt_J, datatype: float64}
# - {name: ukirt_H, datatype: float64}
# - {name: ukirt_K, datatype: float64}
# - {name: johnson_U, datatype: float64}
# - {name: johnson_B, datatype: float64}
# - {name: johnson_V, datatype: float64}
# - {name: johnson_R, datatype: float64}
# - {name: johnson_I, datatype: float64}
# - {name: Clear, datatype: float64}
# meta: !!omap
# - comment: [vej = 0.30551724137931036, mej = 0.2628852448240983, Ye = 0.45, redshift = 0.0]
# schema: astropy-2.0
time sdss_u sdss_g sdss_r sdss_i sdss_z PS1_y ukirt_J ukirt_H ukirt_K johnson_U johnson_B johnson_V johnson_R johnson_I Clear
[from data line 2520]
126.100000 343.259797 247.294390 186.560802 147.906366 124.289030 109.497187 79.496458 52.781519 35.202933 331.753687 274.043583 212.057426 179.169994 121.908962 184.129497
126.150000 343.398862 247.397340 186.640821 147.971742 124.345430 109.547951 79.535740 52.810487 35.225034 331.888427 274.156611 212.147082 179.247218 121.964456 184.208597
126.200000 343.537925 247.500288 186.720840 148.037117 124.401830 109.598714 79.575021 52.839455 35.247135 332.023165 274.269637 212.236736 179.324440 122.019950 184.287696
126.250000 343.676985 247.603234 186.800857 148.102491 124.458229 109.649477 79.614301 52.868422 35.269237 332.157901 274.382661 212.326388 179.401661 122.075443 184.366794
126.300000 343.816043 247.706179 186.880873 148.167864 124.514627 109.700239 79.653582 52.897390 35.291338 332.292634 274.495683 212.416039 179.478881 122.130935 184.445890
126.350000 343.955099 247.809122 186.960888 148.233237 124.571025 109.751000 79.692861 52.926357 35.313439 332.427365 274.608703 212.505689 179.556100 122.186426 184.524985
126.400000 344.094152 247.912063 187.040901 148.298608 124.627421 109.801761 79.732141 52.955324 35.335540 332.562094 274.721722 212.595337 179.633318 122.241917 184.604079
126.450000 344.233203 248.015003 187.120914 148.363979 124.683817 109.852521 79.771419 52.984290 35.357641 332.696821 274.834739 212.684984 179.710534 122.297407 184.683172
126.500000 344.372251 248.117941 187.200925 148.429349 124.740212 109.903280 79.810698 53.013257 35.379742 332.831545 274.947754 212.774630 179.787749 122.352896 184.762264
126.550000 344.511298 248.220877 187.280935 148.494717 124.796607 109.954039 79.849976 53.042223 35.401843 332.966267 275.060767 212.864274 179.864964 122.408385 184.841354
126.600000 344.650342 248.323812 187.360944 148.560085 124.853001 110.004797 79.889254 53.071189 35.423943 333.100987 275.173778 212.953917 179.942177 122.463872 184.920444
126.650000 344.789383 248.426745 187.440952 148.625452 124.909394 110.055554 79.928531 53.100155 35.446044 333.235705 275.286787 213.043558 180.019389 122.519359 184.999532
126.700000 344.928422 248.529677 187.520958 148.690818 124.965786 110.106311 79.967807 53.129121 35.468144 333.370420 275.399795 213.133199 180.096599 122.574846 185.078619
126.750000 345.067459 248.632607 187.600963 148.756183 125.022177 110.157067 80.007084 53.158086 35.490244 333.505133 275.512801 213.222837 180.173809 122.630331 185.157704
126.800000 345.206494 248.735535 187.680967 148.821547 125.078568 110.207822 80.046360 53.187051 35.512345 333.639844 275.625805 213.312474 180.251017 122.685816 185.236789
126.850000 345.345526 248.838462 187.760970 148.886910 125.134958 110.258577 80.085635 53.216016 35.534445 333.774553 275.738807 213.402110 180.328225 122.741300 185.315872
126.900000 345.484556 248.941386 187.840972 148.952272 125.191347 110.309331 80.124910 53.244981 35.556545 333.909259 275.851807 213.491745 180.405431 122.796784 185.394955
126.950000 345.623584 249.044310 187.920972 149.017634 125.247735 110.360085 80.164185 53.273945 35.578645 334.043963 275.964805 213.581378 180.482636 122.852266 185.474036
127.000000 345.762609 249.147232 188.000971 149.082994 125.304123 110.410838 80.203459 53.302909 35.600745 334.178665 276.077802 213.671010 180.559840 122.907748 185.553115
127.050000 345.901632 249.250152 188.080969 149.148353 125.360510 110.461590 80.242733 53.331873 35.622844 334.313365 276.190797 213.760640 180.637043 122.963229 185.632194
127.100000 346.040653 249.353070 188.160966 149.213712 125.416896 110.512342 80.282006 53.360837 35.644944 334.448062 276.303790 213.850269 180.714244 123.018710 185.711271
127.150000 346.179672 249.455987 188.240962 149.279070 125.473282 110.563092 80.321279 53.389800 35.667043 334.582757 276.416781 213.939897 180.791445 123.074189 185.790348
127.200000 346.318688 249.558902 188.320956 149.344426 125.529666 110.613843 80.360551 53.418764 35.689143 334.717450 276.529770 214.029523 180.868644 123.129668 185.869423
127.250000 346.457701 249.661816 188.400949 149.409782 125.586050 110.664592 80.399823 53.447727 35.711242 334.852141 276.642758 214.119148 180.945842 123.185147 185.948497
127.300000 346.596713 249.764727 188.480941 149.475137 125.642433 110.715341 80.439095 53.476690 35.733341 334.986830 276.755743 214.208771 181.023039 123.240624 186.027570
127.350000 346.735722 249.867638 188.560932 149.540491 125.698816 110.766090 80.478366 53.505652 35.755441 335.121516 276.868727 214.298393 181.100235 123.296101 186.106641
127.400000 346.874729 249.970546 188.640922 149.605844 125.755198 110.816838 80.517637 53.534615 35.777540 335.256200 276.981709 214.388014 181.177430 123.351577 186.185711
127.450000 347.013733 250.073453 188.720910 149.671196 125.811579 110.867585 80.556907 53.563577 35.799639 335.390882 277.094689 214.477633 181.254623 123.407052 186.264781
127.500000 347.152736 250.176359 188.800898 149.736547 125.867959 110.918331 80.596177 53.592539 35.821737 335.525561 277.207668 214.567251 181.331816 123.462527 186.343849
127.550000 347.291736 250.279263 188.880884 149.801898 125.924338 110.969077 80.635447 53.621500 35.843836 335.660239 277.320644 214.656868 181.409007 123.518001 186.422916
127.600000 347.430733 250.382165 188.960868 149.867247 125.980717 111.019822 80.674716 53.650462 35.865935 335.794914 277.433619 214.746483 181.486197 123.573474 186.501981
127.650000 347.569728 250.485065 189.040852 149.932596 126.037095 111.070567 80.713985 53.679423 35.888033 335.929587 277.546592 214.836097 181.563386 123.628946 186.581046
127.700000 347.708721 250.587964 189.120835 149.997943 126.093472 111.121311 80.753253 53.708384 35.910132 336.064257 277.659563 214.925710 181.640574 123.684418 186.660109
127.750000 347.847712 250.690861 189.200816 150.063290 126.149849 111.172054 80.792521 53.737345 35.932230 336.198926 277.772533 215.015321 181.717761 123.739889 186.739171
127.800000 347.986701 250.793757 189.280796 150.128636 126.206224 111.222796 80.831788 53.766305 35.954328 336.333592 277.885500 215.104930 181.794947 123.795359 186.818232
127.850000 348.125687 250.896651 189.360775 150.193980 126.262599 111.273538 80.871055 53.795266 35.976426 336.468256 277.998466 215.194539 181.872131 123.850828 186.897292
127.900000 348.264670 250.999544 189.440753 150.259324 126.318973 111.324280 80.910322 53.824226 35.998524 336.602918 278.111430 215.284146 181.949315 123.906297 186.976351
127.950000 348.403652 251.102434 189.520729 150.324667 126.375347 111.375020 80.949588 53.853185 36.020622 336.737578 278.224392 215.373751 182.026497 123.961765 187.055408
128.000000 348.542631 251.205324 189.600705 150.390009 126.431720 111.425761 80.988853 53.882145 36.042720 336.872235 278.337352 215.463356 182.103678 124.017233 187.134465
128.050000 348.681608 251.308211 189.680679 150.455350 126.488092 111.476500 81.028119 53.911104 36.064818 337.006890 278.450311 215.552959 182.180858 124.072699 187.213520
128.100000 348.820583 251.411097 189.760652 150.520691 126.544463 111.527239 81.067384 53.940064 36.086916 337.141543 278.563267 215.642560 182.258037 124.128165 187.292574
128.150000 348.959555 251.513981 189.840624 150.586030 126.600833 111.577977 81.106648 53.969023 36.109013 337.276194 278.676222 215.732160 182.335214 124.183630 187.371627
128.200000 349.098525 251.616864 189.920594 150.651368 126.657203 111.628714 81.145912 53.997981 36.131111 337.410843 278.789175 215.821759 182.412391 124.239094 187.450678
128.250000 349.237493 251.719745 190.000564 150.716706 126.713572 111.679451 81.185176 54.026940 36.153208 337.545489 278.902126 215.911356 182.489566 124.294558 187.529729
128.300000 349.376458 251.822625 190.080532 150.782043 126.769941 111.730188 81.224439 54.055898 36.175305 337.680133 279.015076 216.000953 182.566741 124.350021 187.608778
128.350000 349.515421 251.925503 190.160499 150.847378 126.826308 111.780923 81.263702 54.084856 36.197402 337.814775 279.128024 216.090547 182.643914 124.405483 187.687826
128.400000 349.654382 252.028379 190.240465 150.912713 126.882675 111.831658 81.302964 54.113814 36.219499 337.949415 279.240969 216.180141 182.721086 124.460945 187.766873
128.450000 349.793341 252.131254 190.320429 150.978047 126.939041 111.882393 81.342226 54.142771 36.241596 338.084052 279.353913 216.269733 182.798257 124.516406 187.845919
128.500000 349.932297 252.234127 190.400393 151.043380 126.995406 111.933126 81.381487 54.171729 36.263693 338.218688 279.466856 216.359323 182.875426 124.571866 187.924963
128.550000 350.071251 252.336998 190.480355 151.108712 127.051771 111.983859 81.420748 54.200686 36.285790 338.353321 279.579796 216.448912 182.952595 124.627325 188.004007
128.600000 350.210203 252.439868 190.560316 151.174043 127.108135 112.034592 81.460009 54.229643 36.307886 338.487952 279.692735 216.538500 183.029763 124.682784 188.083049
128.650000 350.349152 252.542736 190.640276 151.239373 127.164498 112.085324 81.499269 54.258599 36.329983 338.622580 279.805672 216.628087 183.106929 124.738241 188.162090
128.700000 350.488100 252.645603 190.720235 151.304703 127.220860 112.136055 81.538529 54.287556 36.352079 338.757207 279.918607 216.717672 183.184094 124.793699 188.241130
128.750000 350.627044 252.748468 190.800193 151.370031 127.277222 112.186785 81.577789 54.316512 36.374176 338.891831 280.031540 216.807256 183.261258 124.849155 188.320169
128.800000 350.765987 252.851331 190.880149 151.435359 127.333583 112.237515 81.617047 54.345468 36.396272 339.026453 280.144472 216.896838 183.338421 124.904611 188.399207
128.850000 350.904927 252.954193 190.960105 151.500685 127.389943 112.288244 81.656306 54.374424 36.418368 339.161073 280.257401 216.986419 183.415583 124.960066 188.478243
128.900000 351.043865 253.057053 191.040059 151.566011 127.446302 112.338973 81.695564 54.403379 36.440464 339.295691 280.370329 217.075999 183.492744 125.015520 188.557279
128.950000 351.182801 253.159912 191.120011 151.631336 127.502661 112.389701 81.734822 54.432334 36.462560 339.430306 280.483255 217.165577 183.569904 125.070974 188.636313
129.000000 351.321735 253.262769 191.199963 151.696660 127.559019 112.440428 81.774079 54.461289 36.484656 339.564920 280.596180 217.255154 183.647062 125.126426 188.715346
129.050000 351.460666 253.365624 191.279914 151.761983 127.615376 112.491155 81.813336 54.490244 36.506752 339.699531 280.709102 217.344730 183.724220 125.181879 188.794378
129.100000 351.599595 253.468478 191.359863 151.827305 127.671733 112.541881 81.852592 54.519199 36.528847 339.834140 280.822023 217.434304 183.801376 125.237330 188.873409
129.150000 351.738522 253.571330 191.439811 151.892626 127.728088 112.592607 81.891849 54.548153 36.550943 339.968747 280.934942 217.523877 183.878531 125.292781 188.952438
129.200000 351.877446 253.674181 191.519758 151.957946 127.784443 112.643332 81.931104 54.577107 36.573038 340.103351 281.047859 217.613449 183.955685 125.348231 189.031466
129.250000 352.016368 253.777030 191.599704 152.023266 127.840797 112.694056 81.970359 54.606061 36.595134 340.237953 281.160774 217.703019 184.032838 125.403680 189.110494
129.300000 352.155288 253.879877 191.679649 152.088584 127.897151 112.744779 82.009614 54.635015 36.617229 340.372554 281.273688 217.792588 184.109990 125.459128 189.189520
129.350000 352.294206 253.982723 191.759592 152.153902 127.953504 112.795502 82.048868 54.663968 36.639324 340.507152 281.386600 217.882156 184.187140 125.514576 189.268545
129.400000 352.433121 254.085567 191.839535 152.219219 128.009856 112.846225 82.088122 54.692922 36.661419 340.641747 281.499510 217.971722 184.264290 125.570023 189.347568
129.450000 352.572034 254.188410 191.919476 152.284534 128.066207 112.896946 82.127376 54.721875 36.683514 340.776341 281.612418 218.061287 184.341438 125.625469 189.426591
129.500000 352.710945 254.291251 191.999416 152.349849 128.122558 112.947667 82.166629 54.750828 36.705609 340.910933 281.725325 218.150850 184.418585 125.680915 189.505613
129.550000 352.849854 254.394090 192.079355 152.415163 128.178908 112.998388 82.205882 54.779780 36.727704 341.045522 281.838229 218.240413 184.495732 125.736360 189.584633
129.600000 352.988760 254.496928 192.159292 152.480476 128.235257 113.049107 82.245134 54.808732 36.749798 341.180109 281.951132 218.329973 184.572877 125.791804 189.663652
129.650000 353.127664 254.599764 192.239229 152.545789 128.291605 113.099827 82.284386 54.837684 36.771893 341.314694 282.064033 218.419533 184.650021 125.847248 189.742670
129.700000 353.266566 254.702599 192.319164 152.611100 128.347953 113.150545 82.323637 54.866636 36.793987 341.449277 282.176933 218.509091 184.727163 125.902691 189.821687
129.750000 353.405465 254.805432 192.399098 152.676410 128.404300 113.201263 82.362888 54.895588 36.816081 341.583857 282.289830 218.598648 184.804305 125.958133 189.900703
129.800000 353.544363 254.908263 192.479031 152.741720 128.460646 113.251980 82.402139 54.924539 36.838176 341.718436 282.402726 218.688203 184.881446 126.013574 189.979717
129.850000 353.683258 255.011093 192.558963 152.807028 128.516991 113.302697 82.441389 54.953491 36.860270 341.853012 282.515620 218.777757 184.958585 126.069015 190.058730
129.900000 353.822151 255.113921 192.638894 152.872336 128.573336 113.353413 82.480639 54.982442 36.882364 341.987586 282.628512 218.867310 185.035723 126.124454 190.137743
129.950000 353.961041 255.216748 192.718823 152.937643 128.629680 113.404128 82.519888 55.011392 36.904458 342.122158 282.741403 218.956861 185.112861 126.179894 190.216754
130.000000 354.099929 255.319573 192.798751 153.002949 128.686023 113.454843 82.559137 55.040343 36.926552 342.256727 282.854292 219.046411 185.189997 126.235332 190.295764
130.050000 354.238815 255.422397 192.878679 153.068254 128.742366 113.505557 82.598386 55.069293 36.948645 342.391295 282.967178 219.135960 185.267132 126.290770 190.374773
130.100000 354.377699 255.525218 192.958605 153.133558 128.798707 113.556271 82.637634 55.098243 36.970739 342.525860 283.080064 219.225507 185.344266 126.346207 190.453780
130.150000 354.516581 255.628039 193.038529 153.198861 128.855048 113.606984 82.676881 55.127193 36.992833 342.660423 283.192947 219.315053 185.421398 126.401643 190.532787
130.200000 354.655460 255.730858 193.118453 153.264163 128.911389 113.657696 82.716129 55.156143 37.014926 342.794984 283.305829 219.404598 185.498530 126.457079 190.611792
130.250000 354.794337 255.833675 193.198376 153.329465 128.967728 113.708408 82.755376 55.185092 37.037019 342.929543 283.418709 219.494141 185.575661 126.512514 190.690796
130.300000 354.933212 255.936490 193.278297 153.394765 129.024067 113.759119 82.794622 55.214041 37.059112 343.064100 283.531587 219.583683 185.652790 126.567948 190.769799
130.350000 355.072084 256.039304 193.358217 153.460065 129.080405 113.809829 82.833868 55.242990 37.081206 343.198654 283.644463 219.673224 185.729918 126.623381 190.848801
130.400000 355.210955 256.142117 193.438136 153.525364 129.136743 113.860539 82.873114 55.271939 37.103299 343.333207 283.757337 219.762763 185.807046 126.678814 190.927802
130.450000 355.349823 256.244928 193.518054 153.590662 129.193079 113.911248 82.912359 55.300887 37.125392 343.467757 283.870210 219.852301 185.884172 126.734246 191.006802
130.500000 355.488689 256.347737 193.597971 153.655959 129.249415 113.961956 82.951604 55.329835 37.147484 343.602305 283.983081 219.941838 185.961297 126.789678 191.085800
130.550000 355.627552 256.450545 193.677886 153.721255 129.305751 114.012664 82.990848 55.358783 37.169577 343.736851 284.095951 220.031373 186.038421 126.845108 191.164797
130.600000 355.766414 256.553351 193.757800 153.786550 129.362085 114.063371 83.030092 55.387731 37.191670 343.871395 284.208818 220.120907 186.115543 126.900538 191.243794
