web/models/kne/5/Metzger_0.001239_0.354138_0.100000.dat
# %ECSV 0.9
# ---
# datatype:
# - {name: time, datatype: float64}
# - {name: sdss_u, datatype: float64}
# - {name: sdss_g, datatype: float64}
# - {name: sdss_r, datatype: float64}
# - {name: sdss_i, datatype: float64}
# - {name: sdss_z, datatype: float64}
# - {name: PS1_y, datatype: float64}
# - {name: ukirt_J, datatype: float64}
# - {name: ukirt_H, datatype: float64}
# - {name: ukirt_K, datatype: float64}
# - {name: johnson_U, datatype: float64}
# - {name: johnson_B, datatype: float64}
# - {name: johnson_V, datatype: float64}
# - {name: johnson_R, datatype: float64}
# - {name: johnson_I, datatype: float64}
# - {name: Clear, datatype: float64}
# meta: !!omap
# - comment: [vej = 0.35413793103448277, mej = 0.0012389903709424822, Ye = 0.1, redshift = 0.0]
# schema: astropy-2.0
time sdss_u sdss_g sdss_r sdss_i sdss_z PS1_y ukirt_J ukirt_H ukirt_K johnson_U johnson_B johnson_V johnson_R johnson_I Clear
0.100000 nan nan nan nan nan nan nan nan nan nan nan nan nan nan nan
0.150000 nan nan nan nan nan nan nan nan nan nan nan nan nan nan nan
0.200000 -8.905507 -10.955392 -12.062854 -12.642059 -12.925436 -13.066825 -13.238069 -13.198283 -13.008658 -9.165136 -10.413694 -11.622084 -12.182742 -12.950264 -12.102717
0.250000 -8.651828 -10.840855 -12.036304 -12.671113 -12.988037 -13.150144 -13.362293 -13.356992 -13.188626 -8.928129 -10.260357 -11.558637 -12.166864 -13.016216 -12.079679
0.300000 -8.326551 -10.657679 -11.943067 -12.634813 -12.986157 -13.169555 -13.423834 -13.454144 -13.307760 -8.619875 -10.037547 -11.427669 -12.084547 -13.017778 -11.990036
0.350000 -7.901830 -10.399607 -11.790554 -12.549233 -12.941117 -13.149636 -13.453738 -13.526288 -13.406018 -8.215116 -9.732988 -11.230856 -11.944862 -12.976799 -11.841743
0.400000 -7.556375 -10.181487 -11.653135 -12.463052 -12.886023 -13.113832 -13.456275 -13.561425 -13.461344 -7.884912 -9.479344 -11.059560 -11.817257 -12.924820 -11.707553
0.450000 -7.105340 -9.890871 -11.464231 -12.338793 -12.801039 -13.053254 -13.444301 -13.590895 -13.516526 -7.453090 -9.143971 -10.827948 -11.640728 -12.843776 -11.522720
0.500000 -6.668484 -9.603821 -11.272197 -12.207206 -12.706227 -12.981321 -13.418030 -13.603679 -13.553590 -7.034175 -8.815122 -10.596012 -11.460261 -12.752655 -11.334492
0.550000 -6.246300 -9.322029 -11.079473 -12.071185 -12.604741 -12.901345 -13.381060 -13.603596 -13.576485 -6.628805 -8.494157 -10.365878 -11.278384 -12.654638 -11.145336
0.600000 -5.838676 -9.046392 -10.887586 -11.932645 -12.498721 -12.815599 -13.335914 -13.593364 -13.588046 -6.236987 -8.181691 -10.138810 -11.096698 -12.551887 -10.956804
0.650000 -5.364254 -8.724621 -10.662690 -11.769487 -12.373228 -12.713610 -13.281064 -13.579158 -13.599264 -5.780845 -7.817324 -9.873218 -10.883605 -12.430183 -10.735791
0.700000 -4.981561 -8.460252 -10.473420 -11.628095 -12.261066 -12.619701 -13.223814 -13.553594 -13.593562 -5.412322 -7.519937 -9.652397 -10.703487 -12.320962 -10.549532
0.750000 -4.524725 -8.145338 -10.248589 -11.460712 -12.128775 -12.509337 -13.157546 -13.525526 -13.589487 -4.972481 -7.165420 -9.389718 -10.489635 -12.192203 -10.328312
0.800000 -4.074667 -7.832957 -10.023602 -11.291473 -11.993607 -12.395472 -13.086574 -13.491800 -13.579206 -4.538910 -6.814620 -9.128011 -10.275300 -12.060466 -10.106828
0.850000 -3.631324 -7.523364 -9.798915 -11.120959 -11.856215 -12.278801 -13.011671 -13.453245 -13.563579 -4.111584 -6.467703 -8.867649 -10.060963 -11.926410 -9.885546
0.900000 -3.096127 -7.151010 -9.529940 -10.917955 -11.693563 -12.141407 -12.925245 -13.411274 -13.549715 -3.595888 -6.049908 -8.555235 -9.804591 -11.767825 -9.620716
0.950000 -2.662874 -6.845228 -9.305084 -10.744749 -11.551961 -12.019596 -12.843409 -13.364380 -13.524962 -3.177899 -5.708555 -8.296375 -9.589602 -11.629408 -9.399105
1.000000 -2.236340 -6.542878 -9.081572 -10.571562 -11.409574 -11.896502 -12.759317 -13.314439 -13.496703 -2.766237 -5.371551 -8.039735 -9.375703 -11.490125 -9.178756
1.050000 -1.707719 -6.170713 -8.808738 -10.362137 -11.238967 -11.750220 -12.662246 -13.260538 -13.470268 -2.256352 -4.955726 -7.725162 -9.114980 -11.323433 -8.909905
1.100000 -1.291692 -5.873482 -8.586929 -10.188478 -11.094791 -11.624523 -12.573964 -13.205134 -13.435824 -1.854551 -4.625345 -7.471660 -8.902367 -11.182230 -8.691120
1.150000 -0.766877 -5.501710 -8.312322 -9.975907 -10.920211 -11.473762 -12.471457 -13.145097 -13.402916 -1.348063 -4.210865 -7.156223 -8.639608 -11.011481 -8.420410
1.200000 -0.242318 -5.129067 -8.036130 -9.761299 -10.743321 -11.320527 -12.366175 -13.082090 -13.366972 -0.841696 -3.795830 -6.839501 -8.375177 -10.838397 -8.148086
1.250000 0.281756 -4.755810 -7.758626 -9.544936 -10.564412 -11.165110 -12.258409 -13.016399 -13.328272 -0.335682 -3.380486 -6.521760 -8.109350 -10.663265 -7.874423
1.300000 0.678005 -4.469162 -7.541563 -9.372306 -10.419002 -11.036777 -12.164730 -12.953358 -13.284917 0.047442 -3.063254 -6.275456 -7.900772 -10.520602 -7.660151
1.350000 1.196651 -4.098204 -7.264374 -9.154992 -10.238374 -10.879166 -12.053845 -12.883831 -13.242011 0.548403 -2.651083 -5.958863 -7.635017 -10.343676 -7.386723
1.400000 1.714129 -3.727345 -6.986603 -8.936665 -10.056469 -10.720116 -11.941213 -12.812334 -13.197040 1.048323 -2.239309 -5.641975 -7.368598 -10.165446 -7.112685
1.450000 2.230197 -3.356816 -6.708477 -8.717546 -9.873508 -10.559847 -11.827045 -12.739067 -13.150195 1.546962 -1.828167 -5.325019 -7.101740 -9.986133 -6.838266
1.500000 2.744615 -2.986845 -6.430215 -8.497849 -9.689699 -10.398563 -11.711538 -12.664216 -13.101651 2.044083 -1.417886 -5.008219 -6.834662 -9.805946 -6.563682
1.550000 3.257146 -2.617650 -6.152025 -8.277775 -9.505239 -10.236458 -11.594877 -12.587955 -13.051573 2.539449 -1.008693 -4.691787 -6.567570 -9.625081 -6.289142
1.600000 3.767556 -2.249445 -5.874108 -8.057515 -9.320313 -10.073714 -11.477235 -12.510442 -13.000108 3.032830 -0.600805 -4.375929 -6.300662 -9.443721 -6.014846
1.650000 4.275615 -1.882437 -5.596654 -7.837251 -9.135098 -9.910502 -11.358773 -12.431829 -12.947398 3.523998 -0.194436 -4.060842 -6.034129 -9.262044 -5.740984
1.700000 4.781100 -1.516824 -5.319846 -7.617155 -8.949760 -9.746984 -11.239643 -12.352254 -12.893570 4.012733 0.210209 -3.746717 -5.768151 -9.080213 -5.467738
1.750000 5.283793 -1.152797 -5.043859 -7.397392 -8.764454 -9.583313 -11.119988 -12.271849 -12.838746 4.498821 0.612931 -3.433734 -5.502900 -8.898387 -5.195283
1.800000 5.783482 -0.790540 -4.768860 -7.178116 -8.579331 -9.419633 -10.999941 -12.190735 -12.783039 4.982053 1.013539 -3.122067 -5.238542 -8.716711 -4.923783
1.850000 6.446790 -0.313791 -4.410558 -6.895456 -8.343033 -9.212444 -10.851994 -12.095684 -12.722551 5.623020 1.542349 -2.713991 -4.894684 -8.485092 -4.570232
1.900000 6.943301 0.046950 -4.136019 -6.675967 -8.157285 -9.047882 -10.730553 -12.012768 -12.664842 6.103272 1.940977 -2.403228 -4.630657 -8.302750 -4.299150
1.950000 7.436192 0.405393 -3.862938 -6.457400 -7.972130 -8.883707 -10.609085 -11.929472 -12.606547 6.580063 2.336938 -2.094276 -4.367985 -8.120967 -4.029493
2.000000 8.103637 0.886378 -3.500337 -6.170402 -7.731470 -8.672145 -10.456760 -11.830119 -12.541928 7.225179 2.869956 -1.681927 -4.019822 -7.884986 -3.671641
2.050000 8.775185 1.370758 -3.134792 -5.880747 -7.488330 -8.458213 -10.302298 -11.728865 -12.475605 7.874314 3.406566 -1.266445 -3.668768 -7.646541 -3.310862
2.100000 9.450645 1.858373 -2.766441 -5.588560 -7.242827 -8.242025 -10.145800 -11.625798 -12.407656 8.527280 3.946600 -0.847976 -3.314960 -7.405750 -2.947294
2.150000 10.129830 2.349070 -2.395417 -5.293961 -6.995071 -8.023685 -9.987361 -11.520999 -12.338153 9.183892 4.489895 -0.426663 -2.958530 -7.162723 -2.581070
2.200000 10.812558 2.842698 -2.021849 -4.997067 -6.745172 -7.803298 -9.827074 -11.414550 -12.267163 9.843976 5.036293 -0.002643 -2.599603 -6.917568 -2.212317
2.250000 11.498655 3.339116 -1.645860 -4.697987 -6.493232 -7.580960 -9.665024 -11.306524 -12.194753 10.507359 5.585642 0.423952 -2.238300 -6.670387 -1.841159
2.300000 12.187952 3.838184 -1.267569 -4.396827 -6.239349 -7.356765 -9.501294 -11.196993 -12.120984 11.173876 6.137795 0.852997 -1.874738 -6.421276 -1.467712
2.350000 12.880286 4.339771 -0.887089 -4.093689 -5.983616 -7.130803 -9.335964 -11.086026 -12.045916 11.843368 6.692610 1.284368 -1.509027 -6.170329 -1.092090
2.400000 13.575500 4.843748 -0.504530 -3.788670 -5.726124 -6.903157 -9.169110 -10.973688 -11.969603 12.515681 7.249953 1.717950 -1.141274 -5.917635 -0.714400
2.450000 14.273444 5.349993 -0.119996 -3.481862 -5.466959 -6.673910 -9.000802 -10.860040 -11.892101 13.190668 7.809693 2.153630 -0.771581 -5.663278 -0.334747
2.500000 14.973971 5.858389 0.266414 -3.173355 -5.206201 -6.443139 -8.831109 -10.745142 -11.813460 13.868188 8.371704 2.591301 -0.400047 -5.407341 0.046770
2.550000 15.676943 6.368822 0.654604 -2.863234 -4.943931 -6.210917 -8.660097 -10.629050 -11.733728 14.548103 8.935866 3.030860 -0.026765 -5.149901 0.430056
2.600000 16.382224 6.881185 1.044481 -2.551579 -4.680221 -5.977317 -8.487828 -10.511818 -11.652953 15.230282 9.502063 3.472209 0.348175 -4.891031 0.815020
2.650000 17.089688 7.395374 1.435958 -2.238468 -4.415144 -5.742405 -8.314361 -10.393497 -11.571178 15.914601 10.070186 3.915252 0.724688 -4.630804 1.201576
2.700000 17.799210 7.911289 1.828951 -1.923976 -4.148768 -5.506246 -8.139753 -10.274135 -11.488445 16.600938 10.640129 4.359900 1.102691 -4.369285 1.589638
2.750000 18.510672 8.428836 2.223380 -1.608173 -3.881159 -5.268901 -7.964058 -10.153780 -11.404796 17.289179 11.211788 4.806065 1.482106 -4.106540 1.979129
2.800000 19.223960 8.947924 2.619168 -1.291127 -3.612377 -5.030429 -7.787328 -10.032476 -11.320268 17.979212 11.785069 5.253667 1.862858 -3.842631 2.369972
2.850000 19.938968 9.468465 3.016241 -0.972903 -3.342483 -4.790885 -7.609611 -9.910265 -11.234898 18.670932 12.359877 5.702624 2.244875 -3.577616 2.762093
2.900000 20.655590 9.990377 3.414530 -0.653563 -3.071533 -4.550325 -7.430954 -9.787188 -11.148722 19.364237 12.936124 6.152862 2.628088 -3.311551 3.155423
2.950000 21.373728 10.513580 3.813967 -0.333165 -2.799582 -4.308797 -7.251402 -9.663283 -11.061773 20.059031 13.513724 6.604308 3.012432 -3.044490 3.549896
3.000000 22.093286 11.037997 4.214489 -0.011766 -2.526681 -4.066352 -7.070999 -9.538588 -10.974083 20.755221 14.092597 7.056894 3.397845 -2.776485 3.945449
3.050000 22.814174 11.563557 4.616033 0.310580 -2.252879 -3.823036 -6.889784 -9.413136 -10.885682 21.452719 14.672664 7.510552 3.784267 -2.507584 4.342019
3.100000 23.536304 12.090190 5.018543 0.633821 -1.978224 -3.578893 -6.707796 -9.286963 -10.796601 22.151438 15.253851 7.965221 4.171640 -2.237833 4.739550
3.150000 24.259595 12.617829 5.421961 0.957909 -1.702760 -3.333965 -6.525072 -9.160100 -10.706868 22.851299 15.836088 8.420840 4.559910 -1.967278 5.137986
3.200000 24.983966 13.146411 5.826235 1.282797 -1.426531 -3.088293 -6.341649 -9.032578 -10.616508 23.552225 16.419306 8.877351 4.949024 -1.695961 5.537274
3.250000 25.709342 13.675875 6.231313 1.608440 -1.149578 -2.841916 -6.157559 -8.904425 -10.525548 24.254140 17.003440 9.334699 5.338934 -1.423923 5.937364
3.300000 26.435651 14.206164 6.637148 1.934795 -0.871939 -2.594871 -5.972835 -8.775671 -10.434012 24.956976 17.588430 9.792832 5.729592 -1.151202 6.338206
3.350000 27.162823 14.737222 7.043692 2.261821 -0.593652 -2.347192 -5.787509 -8.646341 -10.341925 25.660663 18.174214 10.251699 6.120952 -0.877835 6.739756
3.400000 27.890793 15.268997 7.450901 2.589480 -0.314753 -2.098914 -5.601608 -8.516462 -10.249307 26.365138 18.760738 10.711254 6.512970 -0.603859 7.141969
3.450000 28.619497 15.801438 7.858732 2.917733 -0.035277 -1.850069 -5.415162 -8.386057 -10.156182 27.070339 19.347947 11.171449 6.905606 -0.329306 7.544803
3.500000 29.348875 16.334496 8.267146 3.246546 0.244746 -1.600687 -5.228197 -8.255151 -10.062569 27.776208 19.935789 11.632241 7.298820 -0.054209 7.948217
3.550000 30.078870 16.868127 8.676103 3.575884 0.525282 -1.350798 -5.040739 -8.123764 -9.968488 28.482688 20.524216 12.093589 7.692574 0.221401 8.352174
3.600000 30.809426 17.402285 9.085567 3.905715 0.806303 -1.100429 -4.852813 -7.991920 -9.873959 29.189726 21.113180 12.555452 8.086831 0.497494 8.756636
3.650000 31.540492 17.936929 9.495501 4.236008 1.087779 -0.849609 -4.664442 -7.859638 -9.778999 29.897270 21.702637 13.017792 8.481558 0.774043 9.161569
3.700000 32.272017 18.472019 9.905874 4.566732 1.369685 -0.598362 -4.475649 -7.726937 -9.683625 30.605271 22.292543 13.480574 8.876721 1.051020 9.566939
3.750000 33.003953 19.007517 10.316651 4.897860 1.651993 -0.346712 -4.286455 -7.593838 -9.587856 31.313684 22.882858 13.943761 9.272289 1.328400 9.972714
3.800000 33.736255 19.543386 10.727803 5.229365 1.934678 -0.094685 -4.096880 -7.460356 -9.491705 32.022463 23.473543 14.407322 9.668232 1.606157 10.378863
3.850000 34.468879 20.079591 11.139299 5.561220 2.217718 0.157699 -3.906945 -7.326511 -9.395190 32.731566 24.064559 14.871224 10.064521 1.884269 10.785358
3.900000 35.201784 20.616098 11.551113 5.893401 2.501089 0.410418 -3.716669 -7.192317 -9.298324 33.440952 24.655873 15.335436 10.461128 2.162713 11.192170
3.950000 35.934930 21.152877 11.963216 6.225884 2.784769 0.663451 -3.526069 -7.057792 -9.201122 34.150583 25.247448 15.799931 10.858028 2.441466 11.599273
4.000000 36.668279 21.689895 12.375583 6.558646 3.068738 0.916778 -3.335162 -6.922950 -9.103597 34.860421 25.839254 16.264680 11.255194 2.720510 12.006640
4.050000 37.401794 22.227125 12.788190 6.891666 3.352976 1.170381 -3.143966 -6.787805 -9.005763 35.570431 26.431258 16.729656 11.652604 2.999823 12.414249
4.100000 38.135442 22.764539 13.201013 7.224922 3.637463 1.424241 -2.952495 -6.652372 -8.907631 36.280579 27.023432 17.194834 12.050233 3.279387 12.822075
4.150000 38.869188 23.302109 13.614029 7.558396 3.922181 1.678342 -2.760766 -6.516664 -8.809214 36.990834 27.615746 17.660191 12.448061 3.559184 13.230095
4.200000 39.603002 23.839810 14.027218 7.892068 4.207114 1.932666 -2.568793 -6.380693 -8.710524 37.701163 28.208174 18.125703 12.846065 3.839196 13.638290
4.250000 40.336854 24.377619 14.440558 8.225919 4.492243 2.187199 -2.376590 -6.244472 -8.611570 38.411538 28.800689 18.591347 13.244226 4.119407 14.046637
4.300000 41.070714 24.915512 14.854030 8.559933 4.777554 2.441924 -2.184170 -6.108013 -8.512365 39.121931 29.393268 19.057104 13.642526 4.399801 14.455119
4.350000 41.804555 25.453467 15.267614 8.894092 5.063030 2.696828 -1.991545 -5.971327 -8.412918 39.832315 29.985886 19.522951 14.040944 4.680363 14.863715
4.400000 42.538351 25.991462 15.681294 9.228381 5.348658 2.951896 -1.798730 -5.834425 -8.313239 40.542664 30.578520 19.988872 14.439464 4.961078 15.272409
4.450000 43.272078 26.529478 16.095052 9.562785 5.634423 3.207116 -1.605734 -5.697318 -8.213338 41.252954 31.171150 20.454845 14.838069 5.241933 15.681183
4.500000 44.005710 27.067495 16.508871 9.897289 5.920311 3.462474 -1.412569 -5.560014 -8.113223 41.963161 31.763755 20.920855 15.236743 5.522913 16.090021
4.550000 44.739226 27.605495 16.922737 10.231879 6.206310 3.717958 -1.219247 -5.422525 -8.012904 42.673264 32.356314 21.386885 15.635470 5.804007 16.498907
4.600000 45.472604 28.143460 17.336632 10.566541 6.492407 3.973556 -1.025778 -5.284858 -7.912389 43.383241 32.948810 21.852917 16.034236 6.085201 16.907827
4.650000 46.205823 28.681373 17.750544 10.901263 6.778590 4.229258 -0.832171 -5.147024 -7.811686 44.093072 33.541224 22.318937 16.433026 6.366485 17.316765
4.700000 46.938863 29.219218 18.164459 11.236033 7.064849 4.485052 -0.638436 -5.009030 -7.710802 44.802737 34.133539 22.784930 16.831828 6.647847 17.725709
4.750000 47.671705 29.756980 18.578363 11.570839 7.351172 4.740929 -0.444583 -4.870886 -7.609746 45.512218 34.725740 23.250882 17.230628 6.929276 18.134645
4.800000 48.404331 30.294644 18.992244 11.905669 7.637549 4.996877 -0.250620 -4.732597 -7.508524 46.221498 35.317809 23.716779 17.629414 7.210761 18.543562
4.850000 49.136725 30.832197 19.406090 12.240514 7.923970 5.252889 -0.056556 -4.594173 -7.407143 46.930559 35.909733 24.182609 18.028174 7.492294 18.952446
4.900000 49.868869 31.369623 19.819889 12.575361 8.210425 5.508954 0.137601 -4.455621 -7.305611 47.639386 36.501496 24.648360 18.426897 7.773864 19.361286
4.950000 50.600749 31.906912 20.233631 12.910203 8.496906 5.765064 0.331843 -4.316947 -7.203933 48.347963 37.093087 25.114019 18.825573 8.055463 19.770073
5.000000 51.332349 32.444051 20.647304 13.245029 8.783403 6.021211 0.526164 -4.178158 -7.102116 49.056277 37.684491 25.579575 19.224190 8.337081 20.178794
5.050000 52.063656 32.981028 21.060900 13.579830 9.069908 6.277386 0.720554 -4.039261 -7.000166 49.764312 38.275696 26.045018 19.622740 8.618710 20.587441
5.100000 52.794655 33.517831 21.474407 13.914598 9.356413 6.533583 0.915009 -3.900262 -6.898089 50.472056 38.866691 26.510337 20.021212 8.900344 20.996003
