web/models/kne/5/Metzger_0.008525_0.240690_0.450000.dat
# %ECSV 0.9
# ---
# datatype:
# - {name: time, datatype: float64}
# - {name: sdss_u, datatype: float64}
# - {name: sdss_g, datatype: float64}
# - {name: sdss_r, datatype: float64}
# - {name: sdss_i, datatype: float64}
# - {name: sdss_z, datatype: float64}
# - {name: PS1_y, datatype: float64}
# - {name: ukirt_J, datatype: float64}
# - {name: ukirt_H, datatype: float64}
# - {name: ukirt_K, datatype: float64}
# - {name: johnson_U, datatype: float64}
# - {name: johnson_B, datatype: float64}
# - {name: johnson_V, datatype: float64}
# - {name: johnson_R, datatype: float64}
# - {name: johnson_I, datatype: float64}
# - {name: Clear, datatype: float64}
# meta: !!omap
# - comment: [vej = 0.24068965517241378, mej = 0.008524704073694048, Ye = 0.45, redshift = 0.0]
# schema: astropy-2.0
time sdss_u sdss_g sdss_r sdss_i sdss_z PS1_y ukirt_J ukirt_H ukirt_K johnson_U johnson_B johnson_V johnson_R johnson_I Clear
[from data line 2549]
127.550000 nan 554.429941 425.966191 344.057761 293.928307 262.487042 198.569663 141.391320 103.530246 732.791764 610.947939 479.924542 410.315905 288.871872 420.818317
127.600000 nan 554.644550 426.133209 344.194386 294.046303 262.593339 198.652128 141.452380 103.577053 733.072355 611.183465 480.111559 410.477119 288.987988 420.983426
127.650000 nan 554.859156 426.300224 344.331009 294.164297 262.699634 198.734592 141.513438 103.623860 733.352941 611.418988 480.298573 410.638330 289.104101 421.148532
127.700000 nan 555.073758 426.467236 344.467629 294.282289 262.805928 198.817054 141.574496 103.670667 733.633523 611.654507 480.485584 410.799539 289.220213 421.313636
127.750000 nan 555.288357 426.634246 344.604248 294.400280 262.912220 198.899516 141.635553 103.717473 733.914100 611.890022 480.672591 410.960746 289.336323 421.478737
127.800000 nan 555.502952 426.801253 344.740864 294.518268 263.018511 198.981976 141.696610 103.764279 734.194672 612.125533 480.859596 411.121950 289.452431 421.643836
127.850000 nan 555.717544 426.968258 344.877478 294.636255 263.124800 199.064435 141.757665 103.811084 734.475240 612.361040 481.046598 411.283151 289.568537 421.808932
127.900000 nan 555.932132 427.135260 345.014091 294.754240 263.231087 199.146893 141.818720 103.857889 734.755803 612.596544 481.233597 411.444350 289.684642 421.974025
127.950000 nan 556.146717 427.302259 345.150701 294.872224 263.337373 199.229350 141.879774 103.904693 735.036361 612.832044 481.420592 411.605547 289.800745 422.139116
128.000000 nan 556.361299 427.469256 345.287309 294.990205 263.443657 199.311806 141.940828 103.951496 735.316915 613.067540 481.607585 411.766741 289.916846 422.304204
128.050000 nan 556.575877 427.636250 345.423915 295.108185 263.549940 199.394261 142.001880 103.998299 735.597464 613.303032 481.794575 411.927932 290.032946 422.469289
128.100000 nan 556.790451 427.803242 345.560519 295.226163 263.656222 199.476714 142.062932 104.045102 735.878009 613.538520 481.981562 412.089121 290.149044 422.634372
128.150000 nan 557.005022 427.970230 345.697121 295.344140 263.762501 199.559166 142.123983 104.091904 736.158549 613.774004 482.168546 412.250307 290.265140 422.799453
128.200000 nan 557.219590 428.137217 345.833720 295.462114 263.868779 199.641618 142.185033 104.138706 736.439084 614.009485 482.355527 412.411491 290.381234 422.964530
128.250000 nan 557.434154 428.304200 345.970318 295.580087 263.975056 199.724068 142.246083 104.185507 736.719615 614.244961 482.542505 412.572672 290.497327 423.129606
128.300000 nan 557.648714 428.471181 346.106913 295.698058 264.081331 199.806517 142.307132 104.232307 737.000141 614.480434 482.729480 412.733851 290.613418 423.294678
128.350000 nan 557.863272 428.638160 346.243507 295.816027 264.187604 199.888965 142.368180 104.279107 737.280663 614.715903 482.916452 412.895027 290.729507 423.459748
128.400000 nan 558.077825 428.805135 346.380098 295.933995 264.293876 199.971411 142.429227 104.325907 737.561180 614.951369 483.103421 413.056201 290.845595 423.624816
128.450000 nan 558.292376 428.972108 346.516688 296.051961 264.400147 200.053857 142.490273 104.372706 737.841692 615.186830 483.290387 413.217372 290.961680 423.789881
128.500000 nan 558.506923 429.139079 346.653275 296.169925 264.506416 200.136301 142.551319 104.419504 738.122200 615.422288 483.477350 413.378541 291.077765 423.954943
128.550000 nan 558.721466 429.306047 346.789860 296.287887 264.612683 200.218745 142.612364 104.466302 738.402703 615.657742 483.664311 413.539707 291.193847 424.120003
128.600000 nan 558.936006 429.473012 346.926443 296.405848 264.718949 200.301187 142.673408 104.513100 738.683201 615.893192 483.851268 413.700871 291.309928 424.285060
128.650000 nan 559.150543 429.639975 347.063024 296.523806 264.825213 200.383628 142.734452 104.559897 inf 616.128638 484.038222 413.862032 291.426006 424.450114
128.700000 nan 559.365076 429.806935 347.199603 296.641764 264.931476 200.466068 142.795494 104.606693 nan 616.364080 484.225174 414.023191 291.542084 424.615166
128.750000 nan 559.579605 429.973892 347.336180 296.759719 265.037737 200.548507 142.856536 104.653489 nan 616.599519 484.412122 414.184347 291.658159 424.780216
128.800000 nan 559.794132 430.140847 347.472754 296.877672 265.143996 200.630944 142.917578 104.700285 nan 616.834954 484.599067 414.345501 291.774233 424.945263
128.850000 nan 560.008654 430.307800 347.609327 296.995624 265.250254 200.713381 142.978618 104.747080 nan 617.070385 484.786010 414.506652 291.890305 425.110307
128.900000 nan 560.223174 430.474749 347.745898 297.113574 265.356511 200.795816 143.039658 104.793874 nan 617.305812 484.972949 414.667801 292.006375 425.275349
128.950000 nan 560.437690 430.641696 347.882466 297.231523 265.462766 200.878251 143.100697 104.840668 nan 617.541235 485.159886 414.828947 292.122444 425.440388
129.000000 nan 560.652202 430.808641 348.019033 297.349469 265.569019 200.960684 143.161735 104.887462 nan 617.776655 485.346819 414.990091 292.238511 425.605424
129.050000 nan 560.866711 430.975583 348.155597 297.467414 265.675271 201.043116 143.222773 104.934255 nan 618.012071 485.533750 415.151232 292.354576 425.770458
129.100000 nan 561.081217 431.142522 348.292159 297.585357 265.781521 201.125547 143.283809 104.981047 nan 618.247483 485.720678 415.312371 292.470639 425.935490
129.150000 nan 561.295719 431.309459 348.428720 297.703298 265.887770 201.207976 143.344845 105.027839 nan 618.482891 485.907603 415.473507 292.586701 426.100519
129.200000 nan 561.510218 431.476393 348.565278 297.821238 265.994017 201.290405 143.405880 105.074631 nan 618.718296 486.094524 415.634641 292.702761 426.265545
129.250000 nan 561.724713 431.643324 348.701834 297.939176 266.100263 201.372833 143.466915 105.121422 nan 618.953696 486.281443 415.795772 292.818820 426.430569
129.300000 nan 561.939205 431.810253 348.838388 298.057112 266.206507 201.455259 143.527949 105.168212 nan 619.189093 486.468359 415.956900 292.934876 426.595590
129.350000 nan 562.153694 431.977179 348.974940 298.175046 266.312750 201.537684 143.588981 105.215002 nan 619.424486 486.655272 416.118027 293.050931 426.760609
129.400000 nan 562.368179 432.144103 349.111490 298.292979 266.418991 201.620109 143.650014 105.261792 nan 619.659876 486.842182 416.279150 293.166984 426.925625
129.450000 nan 562.582660 432.311024 349.248038 298.410910 266.525230 201.702532 143.711045 105.308580 nan 619.895261 487.029090 416.440272 293.283036 427.090638
129.500000 nan 562.797139 432.477943 349.384584 298.528839 266.631468 201.784954 143.772076 105.355369 nan 620.130643 487.215994 416.601391 293.399086 427.255649
129.550000 nan 563.011614 432.644859 349.521127 298.646766 266.737705 201.867374 143.833106 105.402157 nan 620.366021 487.402895 416.762507 293.515134 427.420658
129.600000 nan 563.226085 432.811772 349.657669 298.764692 266.843940 201.949794 143.894135 105.448944 nan 620.601395 487.589793 416.923621 293.631180 427.585663
129.650000 nan 563.440553 432.978683 349.794209 298.882616 266.950173 202.032213 143.955163 105.495731 nan 620.836766 487.776689 417.084732 293.747225 427.750667
129.700000 nan 563.655018 433.145591 349.930746 299.000538 267.056405 202.114630 144.016191 105.542518 nan 621.072132 487.963581 417.245841 293.863268 427.915668
129.750000 nan 563.869479 433.312497 350.067282 299.118459 267.162636 202.197046 144.077218 105.589304 nan 621.307495 488.150471 417.406947 293.979309 428.080666
129.800000 nan 564.083937 433.479400 350.203815 299.236377 267.268864 202.279462 144.138244 105.636089 nan 621.542854 488.337357 417.568051 294.095349 428.245661
129.850000 nan 564.298391 433.646300 350.340347 299.354294 267.375092 202.361876 144.199270 105.682874 nan 621.778210 488.524241 417.729152 294.211387 428.410655
129.900000 nan 564.512842 433.813198 350.476876 299.472210 267.481317 202.444289 144.260294 105.729658 nan 622.013561 488.711122 417.890251 294.327423 428.575645
129.950000 nan 564.727290 433.980093 350.613403 299.590123 267.587542 202.526701 144.321318 105.776442 nan 622.248909 488.898000 418.051348 294.443458 428.740633
130.000000 nan 564.941734 434.146986 350.749929 299.708035 267.693764 202.609111 144.382342 105.823226 nan 622.484253 489.084875 418.212442 294.559490 428.905619
130.050000 nan 565.156175 434.313876 350.886452 299.825945 267.799986 202.691521 144.443364 105.870009 nan 622.719594 489.271747 418.373533 294.675522 429.070602
130.100000 nan 565.370613 434.480764 351.022973 299.943853 267.906205 202.773929 144.504386 105.916791 nan 622.954930 489.458616 418.534622 294.791551 429.235582
130.150000 nan 565.585047 434.647649 351.159492 300.061760 268.012423 202.856337 144.565407 105.963573 nan 623.190263 489.645482 418.695709 294.907579 429.400560
130.200000 nan 565.799477 434.814531 351.296009 300.179665 268.118640 202.938743 144.626427 106.010354 nan 623.425592 489.832345 418.856793 295.023605 429.565535
130.250000 nan 566.013904 434.981411 351.432524 300.297568 268.224855 203.021148 144.687446 106.057135 nan 623.660918 490.019206 419.017874 295.139629 429.730508
130.300000 nan 566.228328 435.148288 351.569037 300.415470 268.331069 203.103552 144.748465 106.103916 nan 623.896239 490.206063 419.178954 295.255652 429.895478
130.350000 nan 566.442749 435.315163 351.705548 300.533369 268.437281 203.185955 144.809483 106.150696 nan 624.131557 490.392918 419.340030 295.371673 430.060446
130.400000 nan 566.657166 435.482035 351.842057 300.651267 268.543491 203.268357 144.870500 106.197475 nan 624.366871 490.579769 419.501104 295.487692 430.225411
130.450000 nan 566.871580 435.648905 351.978564 300.769164 268.649700 203.350758 144.931517 106.244254 nan 624.602182 490.766618 419.662176 295.603709 430.390374
130.500000 nan 567.085990 435.815772 352.115069 300.887058 268.755908 203.433157 144.992533 106.291032 nan 624.837488 490.953464 419.823245 295.719725 430.555334
130.550000 nan 567.300397 435.982636 352.251571 301.004951 268.862113 203.515556 145.053548 106.337810 nan 625.072791 491.140307 419.984312 295.835740 430.720292
130.600000 nan 567.514801 436.149498 352.388072 301.122842 268.968318 203.597953 145.114562 106.384588 nan 625.308090 491.327146 420.145377 295.951752 430.885247
130.650000 nan 567.729201 436.316358 352.524571 301.240732 269.074521 203.680350 145.175575 106.431365 nan 625.543386 491.513984 420.306438 296.067763 431.050199
130.700000 nan 567.943598 436.483214 352.661067 301.358619 269.180722 203.762745 145.236588 106.478141 nan 625.778677 491.700818 420.467498 296.183772 431.215149
130.750000 nan 568.157991 436.650069 352.797562 301.476505 269.286922 203.845139 145.297600 106.524917 nan 626.013965 491.887649 420.628555 296.299779 431.380097
130.800000 nan 568.372381 436.816920 352.934055 301.594389 269.393120 203.927532 145.358612 106.571692 nan 626.249249 492.074477 420.789609 296.415785 431.545042
130.850000 nan 568.586768 436.983769 353.070545 301.712272 269.499317 204.009923 145.419622 106.618467 nan 626.484530 492.261303 420.950661 296.531789 431.709984
130.900000 nan 568.801151 437.150616 353.207034 301.830153 269.605513 204.092314 145.480632 106.665242 nan 626.719807 492.448125 421.111711 296.647792 431.874924
130.950000 nan 569.015531 437.317460 353.343520 301.948032 269.711706 204.174704 145.541641 106.712016 nan 626.955080 492.634945 421.272758 296.763792 432.039861
131.000000 nan 569.229908 437.484301 353.480004 302.065909 269.817899 204.257092 145.602649 106.758789 nan 627.190349 492.821762 421.433803 296.879791 432.204796
131.050000 nan 569.444281 437.651140 353.616487 302.183785 269.924089 204.339480 145.663657 106.805562 nan 627.425615 493.008576 421.594845 296.995789 432.369729
131.100000 nan 569.658651 437.817977 353.752967 302.301659 270.030279 204.421866 145.724664 106.852335 nan 627.660876 493.195387 421.755885 297.111784 432.534658
131.150000 nan 569.873018 437.984810 353.889446 302.419531 270.136466 204.504251 145.785670 106.899107 nan 627.896135 493.382195 421.916922 297.227778 432.699586
131.200000 nan 570.087381 438.151642 354.025922 302.537402 270.242653 204.586635 145.846675 106.945878 nan 628.131389 493.569000 422.077957 297.343771 432.864510
131.250000 nan 570.301741 438.318470 354.162396 302.655270 270.348837 204.669018 145.907680 106.992649 nan 628.366640 493.755802 422.238989 297.459761 433.029433
131.300000 nan 570.516097 438.485296 354.298868 302.773138 270.455021 204.751400 145.968684 107.039419 nan 628.601887 493.942602 422.400019 297.575750 433.194353
131.350000 nan 570.730450 438.652120 354.435339 302.891003 270.561202 204.833781 146.029687 107.086189 nan 628.837130 494.129398 422.561047 297.691737 433.359270
131.400000 nan 570.944800 438.818941 354.571807 303.008867 270.667382 204.916161 146.090689 107.132959 nan 629.072370 494.316192 422.722072 297.807723 433.524185
131.450000 nan 571.159146 438.985760 354.708273 303.126729 270.773561 204.998539 146.151691 107.179728 nan 629.307605 494.502983 422.883095 297.923707 433.689097
131.500000 nan 571.373489 439.152576 354.844737 303.244589 270.879738 205.080917 146.212692 107.226496 nan 629.542838 494.689771 423.044115 298.039689 433.854006
131.550000 nan 571.587829 439.319389 354.981199 303.362447 270.985914 205.163293 146.273692 107.273264 nan 629.778066 494.876556 423.205133 298.155670 434.018914
131.600000 nan 571.802165 439.486200 355.117659 303.480304 271.092088 205.245668 146.334691 107.320032 nan 630.013291 495.063338 423.366148 298.271649 434.183818
131.650000 nan 572.016498 439.653008 355.254117 303.598159 271.198261 205.328042 146.395690 107.366799 nan 630.248512 495.250117 423.527161 298.387626 434.348721
131.700000 nan 572.230828 439.819814 355.390573 303.716013 271.304432 205.410415 146.456688 107.413565 nan 630.483729 495.436894 423.688171 298.503601 434.513620
131.750000 nan 572.445154 439.986617 355.527027 303.833865 271.410602 205.492787 146.517685 107.460331 nan 630.718943 495.623667 423.849179 298.619575 434.678518
131.800000 nan 572.659477 440.153418 355.663479 303.951715 271.516770 205.575158 146.578682 107.507097 nan 630.954153 495.810438 424.010185 298.735547 434.843412
131.850000 nan 572.873797 440.320216 355.799929 304.069563 271.622936 205.657528 146.639678 107.553861 nan 631.189359 495.997206 424.171188 298.851518 435.008304
131.900000 nan 573.088113 440.487012 355.936377 304.187410 271.729101 205.739897 146.700673 107.600626 nan 631.424562 496.183970 424.332189 298.967487 435.173194
131.950000 nan 573.302426 440.653805 356.072823 304.305255 271.835265 205.822264 146.761667 107.647390 nan 631.659761 496.370733 424.493187 299.083454 435.338081
132.000000 nan 573.516736 440.820596 356.209267 304.423098 271.941427 205.904631 146.822660 107.694153 nan 631.894956 496.557492 424.654183 299.199419 435.502966
132.050000 nan 573.731042 440.987384 356.345709 304.540939 272.047588 205.986996 146.883653 107.740917 nan 632.130147 496.744248 424.815176 299.315383 435.667848
132.100000 nan 573.945345 441.154169 356.482149 304.658779 272.153747 206.069360 146.944645 107.787679 nan 632.365335 496.931001 424.976167 299.431345 435.832728
132.150000 nan 574.159644 441.320953 356.618587 304.776617 272.259905 206.151723 147.005637 107.834441 nan 632.600519 497.117752 425.137156 299.547306 435.997605
132.200000 nan 574.373941 441.487733 356.755023 304.894454 272.366061 206.234085 147.066627 107.881203 nan 632.835700 497.304500 425.298142 299.663265 436.162480
132.250000 nan 574.588234 441.654511 356.891457 305.012289 272.472215 206.316446 147.127617 107.927964 nan 633.070876 497.491245 425.459126 299.779222 436.327352
132.300000 nan 574.802523 441.821287 357.027889 305.130122 272.578368 206.398806 147.188606 107.974724 nan 633.306049 497.677987 425.620107 299.895178 436.492222
132.350000 nan 575.016810 441.988059 357.164319 305.247953 272.684520 206.481165 147.249595 108.021484 nan 633.541219 497.864726 425.781086 300.011131 436.657089
