web/models/kne/5/mosfit_kn_0.004263_0.5000_3.6500.dat
# %ECSV 1.0
# ---
# datatype:
# - {name: time, datatype: float64}
# - {name: PS1_g, datatype: float64}
# - {name: PS1_i, datatype: float64}
# - {name: PS1_r, datatype: float64}
# - {name: PS1_w, datatype: float64}
# - {name: PS1_y, datatype: float64}
# - {name: PS1_z, datatype: float64}
# - {name: swift_uvot_B, datatype: float64}
# - {name: swift_uvot_U, datatype: float64}
# - {name: swift_uvot_uvm2, datatype: float64}
# - {name: swift_uvot_uvw1, datatype: float64}
# - {name: swift_uvot_uvw2, datatype: float64}
# - {name: swift_uvot_V, datatype: float64}
# - {name: johnson_B, datatype: float64}
# - {name: johnson_I, datatype: float64}
# - {name: johnson_R, datatype: float64}
# - {name: johnson_U, datatype: float64}
# - {name: johnson_V, datatype: float64}
# - {name: sdss_g, datatype: float64}
# - {name: sdss_i, datatype: float64}
# - {name: sdss_r, datatype: float64}
# - {name: sdss_u, datatype: float64}
# - {name: sdss_z, datatype: float64}
# - {name: ATLAS_c, datatype: float64}
# - {name: ATLAS_o, datatype: float64}
# - {name: ukirt_H, datatype: float64}
# - {name: ukirt_J, datatype: float64}
# - {name: ukirt_K, datatype: float64}
# - {name: Clear, datatype: float64}
# meta: !!omap
# - comment: [kappa = 3.65, type = rprocess, mass = 0.004263435211354371, velocity = 0.5, theta_obs = 0.0, tfloor = 1000.0]
# schema: astropy-2.0
time PS1_g PS1_i PS1_r PS1_w PS1_y PS1_z swift_uvot_B swift_uvot_U swift_uvot_uvm2 swift_uvot_uvw1 swift_uvot_uvw2 swift_uvot_V johnson_B johnson_I johnson_R johnson_U johnson_V sdss_g sdss_i sdss_r sdss_u sdss_z ATLAS_c ATLAS_o ukirt_H ukirt_J ukirt_K Clear
[from data line 265]
15.991983967935871 13.884345925254884 5.002517112055607 8.477587890093439 6.50966407858947 1.479327063530338 2.897003028377476 17.42425250181937 24.083196599714285 37.971791903743465 20.04877913178884 22.561795638268492 11.84386261812567 16.22031518485318 3.449003805633656 6.419036572358656 23.05219542046254 10.888840282956933 14.696886026569338 5.083773064168593 8.70607654958988 24.58430212988911 2.3235754163554745 10.456664459836098 6.0042519352263035 -3.469660314385158 -1.3201710188954672 -4.829948994858329 4.223770034828114
16.052104208416832 13.901569634132791 5.019740820933496 8.494811598971346 6.526887787467359 1.496550772408245 2.9142267372553654 17.44147621069726 24.10042030859218 37.98901561262135 20.066002840666737 22.57901934714639 11.861086327003576 16.23753889373107 3.4662275145115453 6.436260281236545 23.06941912934044 10.906063991834822 14.714109735447227 5.1009967730465 8.72330025846777 24.601525838767007 2.3407991252333815 10.473888168713987 6.0214756441042105 -3.452436605507251 -1.3029473100175601 -4.812725285980422 4.240993743706021
16.112224448897795 13.91874185472215 5.0369130415228724 8.511983819560704 6.544060008056736 1.5137229929976037 2.931398957844742 17.458648431286637 24.11759252918155 38.00618783321073 20.083175061256107 22.596191567735758 11.878258547592935 16.254711114320447 3.483399735100922 6.4534325018259215 23.086591349929805 10.923236212424198 14.731281956036604 5.118168993635859 8.740472479057146 24.618698059356376 2.3579713458227403 10.491060389303364 6.038647864693569 -3.4352643849178923 -1.2857750894282014 -4.795553065391063 4.2581659642953795
16.172344689378757 13.93586284795413 5.054034034754853 8.529104812792685 6.561181001288698 1.5308439862295842 2.9485199510767224 17.475769424518617 24.134713522413527 38.0233088264427 20.100296054488087 22.61331256096774 11.895379540824916 16.271832107552427 3.5005207283329023 6.470553495057902 23.103712343161778 10.940357205656161 14.748402949268566 5.135289986867839 8.757593472289127 24.635819052588353 2.3750923390547207 10.508181382535327 6.05576885792555 -3.418143391685912 -1.268654096196221 -4.778432072159083 4.27528695752736
16.23246492985972 13.952932875973136 5.071104062773859 8.546174840811691 6.578251029307722 1.5479140142485903 2.9655899790957285 17.492839452537623 24.151783550432533 38.04037885446171 20.117366082507093 22.630382588986745 11.912449568843922 16.288902135571433 3.5175907563519084 6.487623523076908 23.120782371180795 10.957427233675167 14.765472977287573 5.152360014886845 8.774663500308133 24.65288908060736 2.392162367073727 10.52525141055435 6.072838885944556 -3.4010733636669057 -1.2515840681772148 -4.761362044140077 4.292356985546366
16.29258517034068 13.969952192979704 5.088123379780427 8.563194157818259 6.595270346314273 1.5649333312551583 2.9826092961022965 17.50985876954419 24.168802867439105 38.05739817146827 20.13438539951366 22.647401905993302 11.92946888585049 16.305921452578 3.5346100733584764 6.504642840083458 23.137801688187352 10.974446550681735 14.78249229429414 5.169379331893413 8.791682817314701 24.66990839761393 2.409181684080295 10.5422707275609 6.089858202951124 -3.3840540466603377 -1.2345647511706468 -4.744342727133509 4.309376302552934
16.352705410821642 13.986921063703619 5.105092250504342 8.580163028542191 6.612239217038205 1.5819022019790907 2.999578166826211 17.526827640268106 24.185771738163027 38.0743670421922 20.151354270237587 22.664370776717238 11.946437756574422 16.322890323301916 3.551578944082391 6.521611710807391 23.154770558911274 10.991415421405668 14.799461165018073 5.186348202617328 8.808651688038616 24.686877268337852 2.4261505548042095 10.559239598284833 6.1068270736750385 -3.3670851759364053 -1.2175958804467144 -4.727373856409594 4.3263451732768665
16.412825651302605 14.003839744763926 5.122010931564649 8.597081709602499 6.629157898098512 1.598820883039398 3.0164968478865184 17.543746321328413 24.202690419223334 38.091285723252504 20.168272951297883 22.681289457777535 11.963356437634712 16.339809004362223 3.5684976251426983 6.538530391867698 23.171689239971585 11.008334102465975 14.81637984607838 5.203266883677635 8.825570369098923 24.70379594939816 2.4430692358645167 10.57615827934514 6.123745754735346 -3.350166494876098 -1.2006771993864072 -4.710455175349287 4.343263854337156
16.472945891783567 14.020708489822784 5.138879676623507 8.613950454661339 6.646026643157352 1.615689628098238 3.033365592945376 17.56061506638727 24.21955916428218 38.108154468311355 20.18514169635674 22.698158202836385 11.98022518269357 16.35667774942108 3.585366370201556 6.555399136926538 23.18855798503043 11.025202847524815 14.83324859113722 5.220135628736493 8.84243911415778 24.720664694457007 2.4599379809233746 10.59302702440398 6.140614499794204 -3.333297749817258 -1.183808454327567 -4.693586430290429 4.360132599396014
16.53306613226453 14.03752755703529 5.1556987438360125 8.630769521873862 6.662845710369876 1.6325086953107437 3.050184660157882 17.577434133599777 24.236378231494697 38.12497353552387 20.201960763569247 22.714977270048898 11.997044249906075 16.373496816633587 3.602185437414062 6.5722182041390615 23.205377052242945 11.042021914737338 14.850067658349744 5.236954695948999 8.859258181370286 24.737483761669523 2.4767570481358803 10.609846091616504 6.157433567006709 -3.3164786826047346 -1.1669893871150436 -4.676767363077923 4.3769516666085195
16.59318637274549 14.054297198283763 5.1724683850844855 8.647539163122318 6.679615351618331 1.6492783365592167 3.066954301406355 17.59420377484825 24.253147872743163 38.14174317677233 20.21873040481772 22.73174691129736 12.013813891154548 16.39026645788206 3.618955078662535 6.588987845387517 23.22214669349141 11.058791555985794 14.866837299598199 5.253724337197472 8.87602782261876 24.75425340291799 2.4935266893843533 10.626615732864959 6.174203208255182 -3.2997090413562793 -1.1502197458665884 -4.65999772182945 4.3937213078569926
16.65330661322645 14.071017660221017 5.189188847021722 8.664259625059572 6.696335813555585 1.6659987984964708 3.0836747633435913 17.610924236785486 24.269868334680407 38.158463638709584 20.235450866754963 22.748467373234615 12.030534353091802 16.406986919819296 3.635675540599789 6.605708307324771 23.238867155428665 11.075512017923048 14.883557761535453 5.270444799134726 8.892748284556014 24.770973864855232 2.5102471513216074 10.643336194802213 6.190923670192436 -3.282988579419025 -1.1334992839293343 -4.643277259892196 4.410441769794247
16.713426853707414 14.08768919617863 5.205860382979335 8.680931161017185 6.713007349513198 1.6826703344540839 3.1003462993012043 17.6275957727431 24.28653987063802 38.17513517466719 20.252122402712576 22.765138909192228 12.047205889049415 16.42365845577691 3.652347076557384 6.622379843282384 23.255538691386278 11.09218355388066 14.900229297493066 5.287116335092339 8.909419820513609 24.787645400812846 2.5269186872792204 10.660007730759826 6.2075952061500494 -3.266317043461412 -1.1168277479717212 -4.626605723934583 4.42711330575186
16.773547094188377 14.104312055276118 5.222483242076841 8.697554020114673 6.729630208610686 1.699293193551572 3.1169691583987102 17.644218631840605 24.30316272973552 38.19175803376469 20.268745261810075 22.781761768289726 12.063828748146904 16.440281314874415 3.66896993565489 6.63900270237989 23.272161550483766 11.108806412978149 14.916852156590554 5.303739194189827 8.926042679611115 24.804268259910344 2.5435415463767086 10.676630589857314 6.224218065247538 -3.249694184363924 -1.100204888874233 -4.609982864837095 4.443736164849348
16.83366733466934 14.120886484207631 5.239057671008354 8.714128449046203 6.746204637542217 1.7158676224831027 3.133543587330223 17.660793060772118 24.31973715866704 38.20833246269621 20.2853196907416 22.79833619722125 12.080403177078434 16.456855743805928 3.685544364586403 6.655577131311403 23.288735979415286 11.12538084190968 14.933426585522085 5.32031362312134 8.942617108542628 24.820842688841864 2.5601159753082214 10.693205018788845 6.2407924941790505 -3.2331197554323934 -1.0836304599427025 -4.593408435905582 4.4603105937808785
16.8937875751503 14.137412730468952 5.255583917269675 8.730654695307525 6.762730883803538 1.732393868744424 3.1500698335915445 17.67731930703344 24.33626340492836 38.224858708957534 20.30184593700292 22.81486244348256 12.096929423339756 16.47338199006725 3.7020706108477244 6.672103377572724 23.305262225676607 11.141907088171001 14.949952831783406 5.336839869382661 8.959143354803949 24.837368935103186 2.576642221569543 10.709731265050166 6.257318740440372 -3.216593509171072 -1.067104213681381 -4.576882189644261 4.4768368400422
16.95390781563126 14.153891034657224 5.272062221457929 8.74713299949578 6.779209187991793 1.7488721729326784 3.166548137779799 17.69379761122171 24.35274170911662 38.241337013145795 20.318324241191174 22.831340747670826 12.11340772752801 16.489860294255504 3.7185489150359965 6.6885816817609784 23.321740529864872 11.158385392359255 14.96643113597166 5.353318173570933 8.975621658992221 24.853847239291447 2.593120525757815 10.72620956923842 6.273797044628644 -3.2001152049828177 -1.0506259094931267 -4.5604038854559885 4.493315144230454
17.014028056112224 14.170321637157954 5.288492823958659 8.763563601996509 6.7956397904925225 1.7653027754334083 3.1829787402805465 17.71022821372244 24.369172311617355 38.25776761564652 20.3347548436919 22.847771350171552 12.12983833002874 16.506290896756234 3.7349795175367264 6.705012284261708 23.338171132365602 11.174815994859985 14.98286173847239 5.369748776071663 8.992052261492951 24.87027784179218 2.609551128258545 10.74264017173915 6.290227647129374 -3.1836846024820877 -1.0341953069923968 -4.543973282955259 4.509745746731184
17.074148296593187 14.186704782791821 5.304875969592544 8.779946747630394 6.812022936126407 1.7816859210672753 3.1993618859144135 17.72661135935631 24.385555457251222 38.2741507612804 20.351137989325778 22.86415449580543 12.146221475662607 16.52267404239012 3.7513626631705934 6.721395429895593 23.354554277999476 11.19119914049387 14.999244884106275 5.38613192170553 9.008435407126818 24.886660987426048 2.625934273892412 10.759023317373035 6.306610792763241 -3.167301456848203 -1.017812161358512 -4.527590137321392 4.526128892365051
17.13426853707415 14.203040714190536 5.321211900991258 8.79628267902909 6.828358867525104 1.7980218524659897 3.215697817313128 17.742947290755023 24.401891388649936 38.2904866926791 20.367473920724493 22.880490427204144 12.162557407061321 16.539009973788833 3.767698594569308 6.7377313612943075 23.370890209398183 11.207535071892567 15.015580815504972 5.402467853104245 9.024771338525532 24.902996918824762 2.642270205291126 10.775359248771732 6.322946724161955 -3.1509655254495064 -1.0014762299598154 -4.511254205922677 4.5424648237637655
17.19438877755511 14.219329668916654 5.337500855717376 8.812571633755226 6.84464782225124 1.8143108071921077 3.231986772039246 17.75923624548114 24.41818034337606 38.30677564740523 20.38376287545061 22.896779381930262 12.17884636178744 16.55529892851495 3.783987549295426 6.7540203160204255 23.387179164124312 11.223824026618702 15.031869770231108 5.418756807830363 9.04106029325165 24.919285873550876 2.6585591600172442 10.791648203497868 6.339235678888073 -3.1346765707233706 -0.9851872752336798 -4.494965251196559 4.5587537784898835
17.25450901803607 14.235571880448106 5.353743067248828 8.82881384528666 6.860890033782674 1.8305530187235597 3.248228983570698 17.775478457012593 24.434422554907506 38.32301785893667 20.400005086982052 22.913021593461703 12.195088573318891 16.571541140046385 3.800229760826878 6.77026252755186 23.403421375655753 11.240066238150137 15.048111981762542 5.434999019361815 9.057302504783102 24.935528085082332 2.6748013715486962 10.807890415029302 6.355477890419525 -3.1184343591919363 -0.9689450637022455 -4.478723039665107 4.5749959900213355
17.314629258517034 14.251767582541088 5.369938769341811 8.84500954737966 6.877085735875674 1.8467487208165423 3.2644246856636805 17.791674159105575 24.450618257000496 38.339213561029666 20.416200789075045 22.929217295554697 12.211284275411874 16.587736842139385 3.8164254629198604 6.78645822964486 23.419617077748747 11.256261940243137 15.064307683855542 5.451194721454797 9.073498206876085 24.95172378717532 2.690997073641679 10.824086117122302 6.371673592512508 -3.102238657098936 -0.9527493616092452 -4.462527337572125 4.591191692114318
17.374749498997996 14.267917012780575 5.386088199581298 8.86115897761913 6.893235166115144 1.8628981510560294 3.2805741159031676 17.807823589345062 24.466767687239972 38.355362991269146 20.432350219314532 22.945366725794184 12.227433705651361 16.603886272378872 3.8325748931593475 6.802607659884347 23.435766507988223 11.272411370482606 15.080457114095012 5.4673441516942844 9.089647637115572 24.967873217414798 2.707146503881166 10.840235547361772 6.387823022751995 -3.0860892268594666 -0.9365999313697758 -4.4463779073326375 4.607341122353805
17.43486973947896 14.284020404716475 5.402191591517198 8.87726236955503 6.909338558051061 1.8790015429919293 3.2966775078390675 17.823926981280962 24.482871079175872 38.37146638320505 20.448453611250432 22.961470117730084 12.24353709758726 16.619989664314772 3.8486782850952475 6.818711051820247 23.451869899924134 11.288514762418506 15.09656050603093 5.483447543630184 9.105751029051472 24.983976609350698 2.723249895817066 10.85633893929769 6.403926414687895 -3.0699858349235667 -0.9204965394338759 -4.4302745153967376 4.623444514289705
17.494989979959918 14.300077989504754 5.4182491763054585 8.893319954343308 6.925396142839322 1.8950591277802076 3.312735092627328 17.839984566069223 24.498928663964143 38.387523967993324 20.464511196038703 22.977527702518355 12.259594682375539 16.636047249103033 3.864735869883508 6.834768636608508 23.4679274847124 11.304572347206784 15.11261809081919 5.499505128418463 9.121808613839733 25.00003419413897 2.739307480605344 10.87239652408595 6.419983999476173 -3.0539282501352885 -0.9044389546455976 -4.414216930608459 4.639502099077983
17.55511022044088 14.316089996754595 5.434261183555318 8.90933196159315 6.941408150089163 1.911071135030049 3.3287470998771873 17.855996573319082 24.514940671213992 38.403535975243166 20.480523203288545 22.993539709768196 12.27560668962538 16.652059256352874 3.880747877133367 6.850780643858349 23.483939491962243 11.320584354456626 15.128630098069031 5.515517135668304 9.137820621089592 25.016046201388818 2.7553194878551857 10.888408531335791 6.435996006726015 -3.037916242885447 -0.8884269473957561 -4.398204923358618 4.655514106327825
17.615230460921843 14.332056656317693 5.450227843118416 8.925298621156266 6.957374809652279 1.9270377945931472 3.3447137594402854 17.87196323288218 24.5309073307771 38.41950263480627 20.49648986285165 23.0095063693313 12.291573349188479 16.66802591591599 3.8967145366964653 6.866747303421465 23.49990615152535 11.336551014019742 15.144596757632147 5.531483795231402 9.15378728065269 25.032012860951927 2.7712861474182837 10.904375190898907 6.451962666289113 -3.021949583322331 -0.8724602878326403 -4.38223826379552 4.671480765890923
17.675350701402806 14.347978191072208 5.466149377872931 8.941220155910763 6.973296344406776 1.9429593293476621 3.3606352941948003 17.887884767636695 24.54682886553161 38.43542416956078 20.512411397606154 23.025427904085806 12.307494883942994 16.683947450670487 3.9126360714509802 6.882668838175962 23.515827686279856 11.352472548774239 15.160518292386644 5.547405329985917 9.169708815407205 25.047934395706434 2.7872076821727987 10.920296725653404 6.467884201043628 -3.006028048567834 -0.8565387530781431 -4.366316729041005 4.687402300645438
