web/models/kne/5/mosfit_kn_0.005245_0.2493_10.0000.dat
# %ECSV 1.0
# ---
# datatype:
# - {name: time, datatype: float64}
# - {name: PS1_g, datatype: float64}
# - {name: PS1_i, datatype: float64}
# - {name: PS1_r, datatype: float64}
# - {name: PS1_w, datatype: float64}
# - {name: PS1_y, datatype: float64}
# - {name: PS1_z, datatype: float64}
# - {name: swift_uvot_B, datatype: float64}
# - {name: swift_uvot_U, datatype: float64}
# - {name: swift_uvot_uvm2, datatype: float64}
# - {name: swift_uvot_uvw1, datatype: float64}
# - {name: swift_uvot_uvw2, datatype: float64}
# - {name: swift_uvot_V, datatype: float64}
# - {name: johnson_B, datatype: float64}
# - {name: johnson_I, datatype: float64}
# - {name: johnson_R, datatype: float64}
# - {name: johnson_U, datatype: float64}
# - {name: johnson_V, datatype: float64}
# - {name: sdss_g, datatype: float64}
# - {name: sdss_i, datatype: float64}
# - {name: sdss_r, datatype: float64}
# - {name: sdss_u, datatype: float64}
# - {name: sdss_z, datatype: float64}
# - {name: ATLAS_c, datatype: float64}
# - {name: ATLAS_o, datatype: float64}
# - {name: ukirt_H, datatype: float64}
# - {name: ukirt_J, datatype: float64}
# - {name: ukirt_K, datatype: float64}
# - {name: Clear, datatype: float64}
# meta: !!omap
# - comment: [kappa = 10.0, type = rprocess, mass = 0.005244756555828381, velocity = 0.24933333333333338, theta_obs = 0.0, tfloor = 1000.0]
# schema: astropy-2.0
time PS1_g PS1_i PS1_r PS1_w PS1_y PS1_z swift_uvot_B swift_uvot_U swift_uvot_uvm2 swift_uvot_uvw1 swift_uvot_uvw2 swift_uvot_V johnson_B johnson_I johnson_R johnson_U johnson_V sdss_g sdss_i sdss_r sdss_u sdss_z ATLAS_c ATLAS_o ukirt_H ukirt_J ukirt_K Clear
[from data line 29]
1.8036072144288577 -8.048699399789712 -11.355101558124705 -10.110147884294491 -10.31443791433702 -12.458043685240927 -12.043761923290983 -6.714749031277086 -4.837511681380935 2.075505258562786 -3.2033538056734296 -1.2775844709799098 -9.016742341858716 -6.927171608801487 -12.130454997627258 -10.73233649728045 -5.110831479858035 -9.182796810839607 -7.739704674766994 -11.331159550545173 -10.074907178449894 -4.134510440661341 -12.17185088521953 -9.084001576332668 -10.7864705921933 -13.587648019131853 -13.177302074280346 -13.709823802883017 -10.88061599347844
1.8637274549098195 -7.878218053434711 -11.26490375461902 -9.98753182567107 -10.210287615149785 -12.401985008378222 -11.973993935466094 -6.5140783593603855 -4.5710820994955625 2.4728600040365274 -2.98431718699625 -1.062619171773974 -8.864586348474656 -6.734725836363204 -12.050530466193756 -10.623570348440776 -4.854436595009048 -9.036815327909993 -7.561983299375399 -11.240062826906705 -9.950540897061675 -3.871829368665356 -12.106709995192944 -8.943568292830815 -10.684962456129785 -13.582587791098637 -13.148940537550738 -13.720728990110869 -10.796769262158126
1.9238476953907815 -7.70464530099229 -11.171781650421266 -9.86191740527346 -10.10356006870003 -12.343130873838248 -11.901364363033764 -6.310159996940544 -4.301170948677964 2.873019342228937 -2.764065476467507 -0.84615596300852 -8.709239963715689 -6.5392411100479855 -11.967739909476435 -10.512032463620226 -4.59457222947335 -8.887794425511276 -7.381149085997283 -11.146039634943854 -9.823133630031844 -3.605601851038287 -12.038766219885364 -8.800323161591468 -10.580695588920204 -13.575055050510743 -13.117953740040276 -13.729291750232376 -10.7105726736388
1.9839679358717435 -7.527828495124886 -11.075679845569866 -9.733211149377023 -9.99417507459734 -12.281465092538433 -11.825841234176497 -6.102806523578162 -4.027509330411618 3.276388057989956 -2.542282528806172 -0.6278511344790547 -8.550574125181278 -6.3405423984298395 -11.882040146260461 -10.397649234025181 -4.330983696272394 -8.735614938211016 -7.197040817874232 -11.049033608654408 -9.692589657590851 -3.335565559825149 -11.967993763925566 -8.654147039111653 -10.473601781552215 -13.565090708874992 -13.084356876543895 -13.735570987568087 -10.621968529764327
2.0440881763527052 -7.347750997711167 -10.976629479028599 -9.601426063402538 -9.882148662951398 -12.217037177222618 -11.747466603855159 -5.891984937581621 -3.7500231341523715 3.6830929738375824 -2.3188292409918883 -0.40753932979957197 -8.388584169188793 -6.138604449735844 -11.793468306972887 -10.280445492306242 -4.063604913172753 -8.580278667717492 -7.0096377434605905 -10.949075475880612 -9.558920731641027 -3.061650498021713 -11.894438149714883 -8.505038762709614 -10.363706718550016 -13.552770551623164 -13.04821410808948 -13.73965084773891 -10.530983416223414
2.1042084168336674 -7.164260003794354 -10.874566727886705 -9.466463516039845 -9.767396492463511 -12.149819488806983 -11.66619815211094 -5.677510214713602 -3.4684521158143866 4.093509823043015 -2.093419546222712 -0.18491264876623204 -8.223138100269331 -5.93325503224284 -11.701972004560297 -10.160342449658561 -3.7921888164021067 -8.421663916639053 -6.818779212318979 -10.846100542951334 -9.42202590675663 -2.7836021886343687 -11.818063142566242 -8.35287731126849 -10.25093607800418 -13.538120364915274 -13.00952718910567 -13.741574054224992 -10.437554868054129
2.164328657314629 -6.977306368927003 -10.769493685680391 -9.328306021614168 -9.649907342271504 -12.079834366136524 -11.58204990703533 -5.459315094962874 -3.1826846169108336 4.507802533467335 -1.8659019898981728 0.040201588740715 -8.054198797272136 -5.724436093119753 -11.607560003209613 -10.037336304574726 -3.516632245804836 -8.259741239001935 -6.624411640979151 -10.740110458537497 -9.281886155125427 -2.5013129235508735 -11.738886786298224 -8.197631455502563 -10.135286994439134 -13.52119227840454 -12.968335029996679 -13.741402270244174 -10.341684354395273
2.224448897795591 -6.786803868361009 -10.661384573754447 -9.186904492189392 -9.529641638175868 -12.007080366594316 -11.495010421401783 -5.237291565468097 -2.8925604384307135 4.926195560697335 -1.6360926922711445 0.26800653880039293 -7.881693808655304 -5.512050336112008 -11.510214487574057 -9.911393894169908 -3.236784690145147 -8.094447059945667 -6.426443530426429 -10.63107889999161 -9.13845053997381 -2.2146267420584387 -11.656902360095014 -8.039236877911016 -10.016727926198037 -13.502021105768003 -12.92465627928525 -13.739181904043354 -10.24334792238525
2.284569138276553 -6.5926898670284295 -10.550226702248757 -9.042227168999997 -9.406575339736953 -11.93156476460457 -11.405078687448267 -5.011359064170541 -2.5979553059697835 5.348858579457134 -1.4038451578480244 0.49866706380210646 -7.7055717045793 -5.296027165105976 -11.409929453543299 -9.78249798008066 -2.952530306078718 -7.925738344016346 -6.224807922215678 -10.51899275596714 -8.991685626854906 -1.9234230742586966 -11.572113097401715 -7.877649184047346 -9.895242151470622 -13.480644036876404 -12.878514873723946 -13.734959755189491 -10.142534856298475
2.344689378757515 -6.3947895570520785 -10.435929645903155 -8.89415064774786 -9.280602671730751 -11.853232027861047 -11.312184803848844 -4.781311478293332 -2.298590641050744 5.7761659360208535 -1.1688935038036514 0.7324661276114566 -7.525676052184125 -5.076175093055312 -11.30662577772296 -9.650546873305831 -2.6636033106041457 -7.753470626933454 -6.019322562221632 -10.403760800480146 -8.841465372259147 -1.6274283590498229 -11.484455651722048 -7.712725774388591 -9.770731380188185 -13.457058445167716 -12.829884430080012 -13.72875012035207 -10.039162477497232
2.4048096192384767 -6.19310620692092 -10.31852027294235 -8.74269338787352 -9.151744517955436 -11.772117885721265 -11.216360622586645 -4.547143990902081 -1.9944393125393132 6.208144850166179 -0.9311848295909537 0.9694742268116454 -7.342015126986053 -4.852497054594632 -11.200333735543186 -9.515569666171501 -2.3699818592332034 -7.577659107216996 -5.809988788868878 -10.285409787826367 -8.687807061813633 -1.326617950896427 -11.393964802160301 -7.544478583848733 -9.643222480022278 -13.431313639414098 -12.77880850540736 -13.720606775440592 -9.93325884308419
2.464929859719439 -5.987509349677094 -10.197933707863083 -8.587765154530498 -9.019924807458857 -11.688184466282205 -11.11755700878959 -4.308701805326428 -1.685289205603233 6.645069847007609 -0.6905205840016566 1.209906618725395 -7.15447231844981 -4.624851549807406 -11.090997456197986 -9.377495382636571 -2.0714644537918336 -7.398198352673259 -5.596670401229122 -10.163874266681034 -8.530618140749482 -1.020783876546698 -11.300597123904925 -7.3728026810866965 -9.512645768887058 -13.403413173824033 -12.725272180475267 -13.710546588397177 -9.82476680436534
2.5250501002004007 -5.777786829578098 -10.074048269741276 -8.429208881304255 -8.885008360723639 -11.601347935100126 -11.015674407776732 -4.065738643873785 -1.3708157030546884 7.087362135436803 -0.4466179663809906 1.4540632066784345 -6.962854282348279 -4.393009440305477 -10.978507672614352 -9.236191956700168 -1.7677403182651763 -7.214909194126979 -5.379147252104097 -10.03903171231265 -8.369738445458577 -0.7096065438118337 -11.204260586698531 -7.197521889942422 -9.378872386788277 -13.373331578030195 -12.669223779565487 -13.698562834666708 -9.713577520902259
2.5851703406813624 -5.564093442285323 -9.946987433128509 -8.26716187714883 -8.74712131369634 -11.511717090438491 -10.91082719045982 -3.8184222854245595 -1.0512095451593415 7.534744778235145 -0.19961512614580412 1.7018225373132236 -6.76730879616396 -4.157140242410659 -10.862984167419853 -9.091797706735012 -1.458998887522498 -7.0279421752824485 -5.157577224450698 -9.911006122892498 -8.20530542766793 -0.39327704038059963 -11.10506936403958 -7.018778344456109 -9.242032925406622 -13.34115574772749 -12.610760737072349 -13.684735558892188 -9.599810135368791
2.6452905811623246 -5.346175688213144 -9.816598635238432 -8.101432023128332 -8.606097339254308 -11.419181826768394 -10.802887578811742 -3.566460921432234 -0.7260914991317511 7.987706117935766 0.05080527714307381 1.9535192676934767 -6.567603069949375 -3.916971465763503 -10.74428831735067 -8.944148674239038 -1.14487630573467 -6.837080577241232 -4.931697897598912 -9.77964399514839 -8.037123463872078 -0.07142155419156637 -11.002904194938559 -6.836359223441981 -9.101967023393431 -13.30684142168671 -12.549809205114267 -13.669041634153148 -9.483328263544504
2.7054108216432864 -5.123973586281725 -9.682858121937965 -7.931982178481469 -8.461907676481069 -11.323732943822815 -10.69183999409276 -3.30978127857498 -0.39535461166632735 8.446364783497572 0.3047365959495001 2.2092640404877852 -6.3636840676273225 -3.672441145461431 -10.622401776791197 -8.793223369963236 -0.8252730173865362 -6.642281584123901 -4.701446263945694 -9.644921367198656 -7.8651536079553 0.2560639105765361 -10.897753991312165 -6.650219456538693 -8.958650829858268 -13.270402682371303 -12.48637317474868 -13.651502699418552 -9.364115512989706
2.7655310621242486 -4.897387365942585 -9.545714154286049 -7.758742486757519 -8.314494549423035 -11.225338378032479 -10.577643872181461 -3.048265670862654 -0.05883748984084369 8.91091023625863 0.5623120471794434 2.4692077516927537 -6.155461318572269 -3.4234448604849317 -10.497279849461123 -8.638970522760278 -0.5000366433004299 -6.443466571995786 -4.466718468602142 -9.506786173204844 -7.689323818394289 0.5893373158105852 -10.789583615604421 -6.460279148741304 -8.812031437034928 -13.231838802500205 -12.420438165925363 -13.632128150635088 -9.242130085080476
2.8256513026052104 -4.666358019374659 -9.405141377083481 -7.581675315571115 -8.163828585717585 -11.12398622736741 -10.460281310179944 -2.7818427680496702 0.2835629995668223 9.38145251106588 0.8236151561363774 2.7334514612635066 -5.9428820764698225 -3.1699228869601943 -10.36890234441585 -8.481368521077172 -0.1690713901226214 -6.240593564474268 -4.2274527461005995 -9.365212903362838 -7.509594648969902 0.9284988410769479 -10.678379781388365 -6.266493434872142 -8.662084060133068 -13.19115977825202 -12.35200476365337 -13.610935068056305 -9.11735478166138
2.885771543086172 -4.430777344669945 -9.261080285282528 -7.4007028513804585 -8.00984488752782 -11.019636957769663 -10.339704076812009 -2.510386153853644 0.6320178444751614 9.858190641513783 1.0887801956141812 3.002147645048915 -5.725847411300074 -2.911762876710555 -10.237216996635727 -8.320359261874064 0.16778434482277016 -6.0335764333390225 -3.9835367871739713 -9.220141745214399 -7.325885992936971 1.2737159227930661 -10.56410005167045 -6.06877456991759 -8.508748381560238 -13.148358206574285 -12.281051497089555 -13.587926401106019 -8.989741437275285
2.9458917835671343 -4.1905581349088905 -9.113484617326506 -7.215763693911033 -7.852493005653471 -10.912260911575498 -10.215875152132483 -2.2337934273332847 0.9866676614243988 10.341282100113457 1.3579144462606867 3.2754218312657604 -5.50427773444157 -2.6488757528001234 -10.102183793236687 -8.155899895453544 0.5106626162198037 -5.822348026632597 -3.734880004966641 -9.07152623048491 -7.138134342068163 1.6251258440071226 -10.446712844261938 -5.867052758094928 -8.351978339289658 -13.103431522755658 -12.207564063694834 -13.563108304899599 -8.85925439753711
3.006012024048096 -3.945543194119381 -8.962260013360623 -7.0267395666204635 -7.691672467876423 -10.801789830582695 -10.088714986193779 -1.9518835822151026 1.3477503014282812 10.831011657234267 1.6311986712044306 3.553474429197753 -5.278027787216744 -2.3810974875378617 -9.963717652976413 -7.9878961109304685 0.8597897582422466 -5.606778491511936 -3.4813198529648126 -8.919271568176104 -6.946218596986835 1.9829622952690684 -10.32614576167596 -5.661197486842422 -8.19167785153084 -13.056353502718954 -12.131497695317924 -13.536468075048623 -8.72581464908638
3.066132264529058 -3.6957320545013594 -8.807417197051013 -6.833638136398541 -7.527393460759075 -10.688238078009302 -9.958235808565998 -1.664652658318967 1.715283118394755 11.32737303994167 1.9086385152000322 3.8363283651038462 -5.0470986571521985 -2.1084336678806754 -9.821831603352209 -7.816368474418998 1.2151780191924177 -5.386878925637963 -3.222855244276026 -8.763388635020277 -6.7501451570722715 2.3472401790286668 -10.202414736018497 -5.451213528635144 -8.02786110189368 -13.00714576714032 -12.052871397805765 -13.508029620599798 -8.589439026352217
3.12625250501002 -3.441048531199513 -8.64891513129077 -6.636405689718288 -7.359612029245053 -10.57157861956366 -9.824404179866093 -1.372011606407152 2.0893888188182075 11.830499772721566 2.1903207081261127 4.124088669949405 -4.81142055425589 -1.8308085571333914 -9.676490191516926 -7.641281836401935 1.5769417969792943 -5.1625926140504115 -2.959407221175603 -8.603836299735335 -6.549858300690854 2.718078812453033 -10.075491846864413 -5.23703992418973 -7.86048821103833 -12.955804737458399 -11.971671593944338 -13.477796834501719 -8.450097346349672
3.186372745490982 -3.1813489898087255 -8.486666547500104 -6.4349337842734045 -7.188236193804851 -10.451747386795773 -9.687145810995776 -1.0737955666172028 2.4702840222744804 12.340648561818611 2.476403058056818 4.416932972711663 -4.570860402601967 -1.548074254067519 -9.527614684086078 -7.462551703993523 1.9452864974792372 -4.933802567326333 -2.6908274732596027 -8.440526986743073 -6.345246873044346 3.0956906125877914 -9.945310036869799 -5.018557301430953 -7.689471270122592 -12.90230431640923 -11.887855579039462 -13.44575575883974 -8.307717928685658
3.2464929859719436 -2.9166148411272985 -8.32066817283371 -6.229214541105783 -7.013262028683069 -10.328746398493305 -9.54645981800402 -0.7699809710526495 2.858009341655876 12.85784683030412 2.7669052039540536 4.7148979641229225 -4.325402099906353 -1.2602179315221067 -9.375204753356414 -7.280185039127194 2.3202466224206897 -4.700504298851233 -2.41709650863541 -8.273457582601988 -6.136301581524659 3.4801132711356075 -9.811872860098756 -4.795754047974281 -7.5148101876973605 -12.846656634839542 -11.801431635271483 -13.411921624225725 -8.1623051649688
3.306613226452906 -2.6466798268680947 -8.150816326040555 -6.0191206995147795 -6.834581011375782 -10.202497792654341 -9.402256959083264 -0.4603779221484949 3.2528119438537573 13.382392403758733 3.0620053151889164 5.018182265848875 -4.0748911392466995 -0.9670682797792056 -9.219166196780055 -7.094080967868373 2.7020569430675745 -4.462561158359219 -2.1380428949736796 -8.102524072292905 -5.922892201786709 3.871589336107668 -9.675099149665893 -4.568490964963381 -7.3364003618723395 -12.788826203826636 -11.712345707827561 -13.376272454043663 -8.013773168444676
3.3667334669338675 -2.37150413282345 -7.977092418333971 -5.80462676838243 -6.652173606394953 -10.072990737334031 -9.254522414390376 -0.14493937419900788 3.6547610745081904 13.914352822928798 3.361742913435038 5.326842588410173 -3.8192914137045024 -0.6685903986081636 -9.059484247437279 -6.904231014628366 3.0907794699179614 -4.219950265155085 -1.8536254494251203 -7.9277080028186475 -5.704991620789457 4.270184698948807 -9.534979308731302 -4.336737767530394 -7.154225977034674 -12.728816390950326 -11.620595496611921 -13.338815970437457 -7.862112850582861
