web/models/kne/5/mosfit_kn_0.001230_0.3747_3.6500.dat
# %ECSV 1.0
# ---
# datatype:
# - {name: time, datatype: float64}
# - {name: PS1_g, datatype: float64}
# - {name: PS1_i, datatype: float64}
# - {name: PS1_r, datatype: float64}
# - {name: PS1_w, datatype: float64}
# - {name: PS1_y, datatype: float64}
# - {name: PS1_z, datatype: float64}
# - {name: swift_uvot_B, datatype: float64}
# - {name: swift_uvot_U, datatype: float64}
# - {name: swift_uvot_uvm2, datatype: float64}
# - {name: swift_uvot_uvw1, datatype: float64}
# - {name: swift_uvot_uvw2, datatype: float64}
# - {name: swift_uvot_V, datatype: float64}
# - {name: johnson_B, datatype: float64}
# - {name: johnson_I, datatype: float64}
# - {name: johnson_R, datatype: float64}
# - {name: johnson_U, datatype: float64}
# - {name: johnson_V, datatype: float64}
# - {name: sdss_g, datatype: float64}
# - {name: sdss_i, datatype: float64}
# - {name: sdss_r, datatype: float64}
# - {name: sdss_u, datatype: float64}
# - {name: sdss_z, datatype: float64}
# - {name: ATLAS_c, datatype: float64}
# - {name: ATLAS_o, datatype: float64}
# - {name: ukirt_H, datatype: float64}
# - {name: ukirt_J, datatype: float64}
# - {name: ukirt_K, datatype: float64}
# - {name: Clear, datatype: float64}
# meta: !!omap
# - comment: [kappa = 3.65, type = rprocess, mass = 0.0012301715156502338, velocity = 0.3746666666666667, theta_obs = 0.0, tfloor = 1000.0]
# schema: astropy-2.0
time PS1_g PS1_i PS1_r PS1_w PS1_y PS1_z swift_uvot_B swift_uvot_U swift_uvot_uvm2 swift_uvot_uvw1 swift_uvot_uvw2 swift_uvot_V johnson_B johnson_I johnson_R johnson_U johnson_V sdss_g sdss_i sdss_r sdss_u sdss_z ATLAS_c ATLAS_o ukirt_H ukirt_J ukirt_K Clear
[from data line 58]
3.5470941883767533 10.212457875594314 1.3306290623950368 4.805699840432869 2.8377760289289 -2.192560986130232 -0.7748850212830938 13.752364452158801 20.41130855005371 34.299903854082885 16.37689108212827 18.889907588607922 8.1719745684651 12.548427135192611 -0.22288424402691387 2.747148522698086 19.38030737080196 7.216952233296346 11.02499797690875 1.411885014508023 5.034188499929311 20.912414080228537 -1.3483126333050954 6.784776410175528 2.3323638855657336 -7.141548364045728 -4.992059068556037 -8.501837044518899 0.5518819851675438
3.6072144288577155 10.260787101979254 1.3789582887799767 4.854029066817809 2.88610525531384 -2.144231759745292 -0.7265557948981538 13.800693678543741 20.459637776438655 34.34823308046783 16.42522030851321 18.938236814992862 8.22030379485004 12.596756361577551 -0.1745550176419739 2.795477749083026 19.4286365971869 7.265281459681286 11.07332720329369 1.460214240892963 5.082517726314251 20.96074330661348 -1.2999834069201555 6.83310563656045 2.3806931119506736 -7.093219137660788 -4.943729842171097 -8.453507818133959 0.6002112115524838
3.6673346693386772 10.308483858498949 1.4266550452996718 4.901725823337504 2.9338020118335173 -2.096535003225597 -0.6788590383784587 13.848390435063436 20.507334532958346 34.39592983698752 16.472917065032906 18.985933571512557 8.268000551369735 12.644453118097246 -0.12685826112227883 2.843174505602721 19.476333353706597 7.312978216200981 11.121023959813385 1.507910997412658 5.130214482833946 21.008440063133172 -1.2522866504004604 6.880802393080145 2.4283898684703686 -7.045522381141093 -4.896033085651402 -8.405811061614264 0.6479079680721789
3.727454909819639 10.355613579910585 1.4737847667112902 4.94885554474914 2.9809317332451535 -2.0494052818139608 -0.6317293169668403 13.895520156475055 20.554464254369975 34.44305955839915 16.520046786444524 19.033063292924187 8.31513027278137 12.691582839508865 -0.0797285397106604 2.8903042270143393 19.523463075118222 7.360107937612617 11.168153681225022 1.5550407188242943 5.177344204245564 21.0555697845448 -1.2051569289888242 6.927932114491782 2.475519589881987 -6.998392659729457 -4.848903364239765 -8.358681340202628 0.6950376894838151
3.787575150300601 10.402134397580749 1.5203055843814717 4.9953763624193215 3.027452550915335 -2.0028844641437793 -0.5852084992966589 13.942040974145236 20.600985072040157 34.48958037606933 16.566567604114706 19.079584110594357 8.361651090451552 12.738103657179046 -0.03320772204047895 2.9368250446845208 19.569983892788407 7.4066287552827985 11.214674498895203 1.601561536494458 5.223865021915746 21.102090602214982 -1.1586361113186605 6.974452932161963 2.5220404075521685 -6.951871842059275 -4.802382546569584 -8.312160522532464 0.7415585071539788
3.847695390781563 10.4481330010797 1.566304187880423 5.041374965918255 3.0734511544142684 -1.9568858606448458 -0.5392098957977076 13.988039577644187 20.646983675539097 34.53557897956827 16.612566207613657 19.1255827140933 8.407649693950486 12.784102260677997 0.012790881458472292 2.9828236481834542 19.615982496287348 7.452627358781732 11.260673102394136 1.6475601399934092 5.269863625414697 21.148089205713923 -1.1126375078197093 7.0204515356608965 2.5680390110511198 -6.905873238560342 -4.7563839430706505 -8.266161919033513 0.78755711065293
3.9078156312625247 10.493633423183812 1.6118046099845351 5.086875388022367 3.1189515765183806 -1.9113854385407336 -0.4937094736935954 14.0335399997483 20.69248409764321 34.58107940167238 16.65806662971777 19.17108313619742 8.453150116054598 12.82960268278211 0.058291303562584496 3.028324070287584 19.66148291839146 7.498127780885844 11.306173524498249 1.6930605620975214 5.315364047518809 21.193589627818035 -1.067137085715597 7.065951957765009 2.613539433155232 -6.86037281645623 -4.710883520966538 -8.2206614969294 0.8330575327570422
3.967935871743487 10.53866060905495 1.6568317958556733 5.131902573893523 3.1639787623895366 -1.8663582526695777 -0.4486822878224572 14.078567185619438 20.73751128351436 34.62610658754353 16.703093815588907 19.21611032206857 8.498177301925754 12.874629868653248 0.10331848943372268 3.0733512561587224 19.706510104262605 7.543154966757 11.351200710369405 1.7380877479686596 5.360391233389947 21.238616813689184 -1.0221098998444589 7.110979143636165 2.65856661902637 -6.815345630585074 -4.665856335095382 -8.175634311058262 0.8780847186281981
4.028056112224449 10.583238468941758 1.7014096557424807 5.176480433780313 3.208556622276344 -1.821780392782788 -0.4041044279356498 14.123145045506245 20.78208914340116 34.67068444743034 16.747671675475715 19.260688181955366 8.542755161812543 12.919207728540055 0.14789634932053008 3.11792911604553 19.751087964149413 7.58773282664379 11.395778570256212 1.782665607855467 5.404969093276755 21.283194673575984 -0.9775320399576515 7.155557003522972 2.7031444789131776 -6.770767770698284 -4.621278475208593 -8.131056451171455 0.9226625785149878
4.0881763527054105 10.62739023682786 1.7455614236285832 5.220632201666433 3.2527083901624465 -1.7776286248966677 -0.3599526600495473 14.167296813392348 20.826240911287268 34.71483621531644 16.791823443361817 19.30483994984147 8.586906929698646 12.963359496426158 0.19204811720663262 3.1620808839316323 19.79523973203552 7.63188459452991 11.439930338142315 1.8268173757415695 5.449120861162857 21.327346441462094 -0.9333802720715489 7.199708771409075 2.74729624679928 -6.726616002812164 -4.577126707322472 -8.086904683285352 0.9668143464010903
4.148296593186372 10.671137324210083 1.7893085110107876 5.264379289048637 3.296455477544651 -1.7338815375144634 -0.31620557266734295 14.21104390077457 20.869987998669473 34.75858330269865 16.83557053074404 19.348587037223684 8.630654017080868 13.007106583808362 0.23579520458885472 3.2058279713138367 19.83898681941773 7.675631681912114 11.483677425524519 1.8705644631237917 5.492867948545079 21.3710935288443 -0.8896331846893268 7.243455858791279 2.791043334181502 -6.682868915429959 -4.533379619940268 -8.04315759590313 1.0105614337833124
4.208416833667335 10.714499537477664 1.8326707242783868 5.307741502316219 3.3398176908122323 -1.690519324246882 -0.2728433593997437 14.254406114042151 20.913350211937065 34.80194551596623 16.87893274401162 19.391949250491262 8.67401623034845 13.050468797075961 0.2791574178564362 3.249190184581418 19.882349032685312 7.718993895179696 11.5270396387921 1.9139266763913731 5.536230161812661 21.41445574211189 -0.8462709714217453 7.2868180720588605 2.8344055474490837 -6.639506702162378 -4.490017406672687 -7.999795382635549 1.053923647050894
4.268537074148297 10.757495419341083 1.875666606141806 5.350737384179638 3.3828135726756514 -1.6475234423834628 -0.22984747753632462 14.29740199590557 20.956346093800484 34.84494139782965 16.92192862587504 19.43494513235469 8.717012112211869 13.09346467893938 0.3221532997198553 3.292186066444855 19.92534491454873 7.761989777043115 11.57003552065552 1.9569225582547922 5.57922604367608 21.45745162397531 -0.8032750895583263 7.3298139539222795 2.8774014293125028 -6.596510820298959 -4.4470215248092675 -7.95679950077213 1.096919528914313
4.328657314629258 10.80014195844484 1.9183131452455626 5.393383923283395 3.425460111779408 -1.6048769032797061 -0.1872009384325679 14.340048535009327 20.99899263290424 34.88758793693341 16.964575164978797 19.477591671458438 8.759658651315625 13.13611121804312 0.364799838823612 3.334832605548594 19.967991453652488 7.804636316146872 11.612682059759276 1.999569097358549 5.621872582779837 21.500098163079066 -0.7606285504545696 7.372460493026036 2.9200479684162595 -6.553864281195202 -4.404374985705511 -7.914152961668373 1.1395660680180697
4.38877755511022 10.842454751760737 1.9606259385614422 5.435696716599292 3.4677729050953054 -1.5625641099638088 -0.14488814511668835 14.382361328325224 21.041305426220127 34.92990073024931 17.006887958294694 19.51990446477434 8.801971444631523 13.178424011359017 0.4071126321395093 3.3771453988644913 20.010304246968385 7.846949109462769 11.654994853075173 2.0418818906744463 5.664185376095734 21.542410956394953 -0.7183157571386722 7.4147732863419336 2.962360761732157 -6.511551487879305 -4.3620621923896135 -7.871840168352476 1.181878861333967
4.448897795591182 10.884510019615519 2.0026812064162236 5.477751984454073 3.509828172950087 -1.5205088421090274 -0.10283287726190693 14.424416596179988 21.08336069407491 34.97195599810408 17.048943226149458 19.561959732629116 8.844026712486304 13.220479279213798 0.449167899994273 3.4192006667192727 20.052359514823166 7.88900437731755 11.697050120929955 2.0839371585292277 5.706240643950498 21.584466224249734 -0.6762604892838908 7.456828554196715 3.004416029586938 -6.469496220024523 -4.320006924534832 -7.829784900497694 1.2239341291887484
4.509018036072144 10.926158396938277 2.044329583738982 5.519400361776832 3.551476550272845 -1.478860464786269 -0.06118449993914865 14.466064973502746 21.125009071397667 35.013604375426844 17.090591603472234 19.603608109951875 8.885675089809062 13.262127656536556 0.49081627731703126 3.460849044042031 20.094007892145925 7.930652754640309 11.738698498252713 2.125585535851986 5.747889021273274 21.626114601572493 -0.6346121119611325 7.498476931519473 3.0460644069096965 -6.427847842701765 -4.278358547212074 -7.788136523174936 1.2655825065115067
4.569138276553106 10.96753739681871 2.0857085836194145 5.560779361657264 3.5928555501532777 -1.4374814649058365 -0.019805500058716063 14.507443973383179 21.1663880712781 35.05498337530727 17.13197060335265 19.64498710983231 8.927054089689495 13.303506656416989 0.5321952771974638 3.5022280439224636 20.135386892026357 7.972031754520741 11.780077498133146 2.1669645357324185 5.789268021153688 21.667493601452925 -0.5932331120807 7.539855931399906 3.087443406790129 -6.3864688428213325 -4.236979547331641 -7.746757523294503 1.3069615063919393
4.629258517034068 11.008642826125481 2.1268140129262036 5.601884790964036 3.633960979460049 -1.396376035599065 0.021299929248073113 14.548549402689968 21.20749350058488 35.09608880461405 17.173076032659438 19.68609253913908 8.968159518996266 13.344612085723778 0.573300706504253 3.543333473229235 20.17649232133313 8.013137183827512 11.821182927439917 2.20806996503919 5.830373450460478 21.708599030759707 -0.5521276827739285 7.580961360706677 3.1285488360969005 -6.345363413514561 -4.19587411802487 -7.705652093987732 1.3480669356987107
4.68937875751503 11.049479017836372 2.167650204637077 5.642720982674927 3.6747971711709404 -1.3555398438881738 0.062136120958946606 14.589385594400841 21.248329692295762 35.13692499632494 17.21391222437033 19.726928730849973 9.008995710707158 13.385448277434651 0.6141368982151265 3.5841696649401262 20.21732851304402 8.053973375538403 11.862019119150808 2.248906156750081 5.871209642171369 21.749435222470588 -0.5112914910630373 7.6217975524175685 3.1693850278077917 -6.30452722180367 -4.1550379263139785 -7.664815902276841 1.388903127409602
4.749498997995992 11.090053087332752 2.208224274133457 5.683295052171307 3.71537124066732 -1.3149657743917942 0.10271019045532626 14.629959663897221 21.28890376179214 35.17749906582132 17.25448629386671 19.767502800346353 9.049569780203537 13.426022346931031 0.6547109677115239 3.624743734436506 20.2579025825404 8.094547445034783 11.902593188647188 2.289480226246461 5.9117837116677485 21.790009291966967 -0.47071742156665763 7.662371621913948 3.2099590973041714 -6.26395315230729 -4.114463856817599 -7.624241832780461 1.4294771969059816
4.809619238476953 11.130372818319128 2.24854400511985 5.7236147831577 3.7556909716537135 -1.2746460434054008 0.14302992144171967 14.670279394883615 21.329223492778535 35.217818796807705 17.294806024853084 19.807822531332736 9.08988951118993 13.466342077917425 0.6950306986978996 3.6650634654228993 20.298222313526786 8.134867176021176 11.942912919633581 2.3297999572328365 5.952103442654124 21.83032902295336 -0.430397690580282 7.702691352900342 3.250278828290547 -6.223633421320897 -4.074144125831205 -7.583922101794085 1.4697969278923573
4.869739478957916 11.170445615484947 2.28861680228567 5.76368758032352 3.7957637688195334 -1.2345732462395809 0.18310271860753957 14.710352192049434 21.369296289944355 35.257891593973525 17.334878822018904 19.847895328498556 9.129962308355733 13.506414875083244 0.7351034958637195 3.705136262588719 20.338295110692606 8.174939973186996 11.982985716799401 2.3698727543986564 5.992176239819944 21.87040182011918 -0.3903248934144621 7.7427641500661615 3.290351625456367 -6.183560624155077 -4.0340713286653855 -7.5438493046282655 1.5098697250581772
4.929859719438878 11.21027858315081 2.328449769951515 5.803520547989365 3.8355967364853782 -1.194740278573736 0.22293568627338445 14.75018515971528 21.4091292576102 35.29772456163938 17.374711789684767 19.887728296164408 9.169795276021595 13.54624784274909 0.7749364635295644 3.744969230254564 20.378128078358458 8.214772940852841 12.022818684465246 2.409705722064519 6.032009207485807 21.910234787785026 -0.35049192574859944 7.782597117732006 3.3301845931222296 -6.143727656489232 -3.9942383609995407 -7.504016336962403 1.5497026927240398
4.98997995991984 11.249878153047277 2.3680493398479996 5.843120117885832 3.875196306381845 -1.1551407086772691 0.26253525616986906 14.789784729611764 21.448728827506677 35.337324131535844 17.414311359581234 19.927327866060875 9.209394845918062 13.585847412645574 0.814536033426049 3.784568800151031 20.417727648254925 8.254372510749308 12.062418254361713 2.449305291960986 6.071608777382274 21.949834357681503 -0.3108923558521326 7.822196687628473 3.3697841630186964 -6.104128086592765 -3.954638791103074 -7.464416767065936 1.5893022626205067
5.050100200400801 11.289250234367998 2.4074214211687206 5.88249219920657 3.914568387702584 -1.1157686273565481 0.30190733749059007 14.829156810932485 21.4881009088274 35.37669621285658 17.453683440901955 19.966699947381606 9.248766927238783 13.625219493966295 0.85390811474677 3.8239408814717697 20.457099729575653 8.293744592070047 12.101790335682452 2.488677373281707 6.110980858702995 21.989206439002224 -0.2715202745314116 7.861568768949212 3.4091562443394174 -6.064756005272026 -3.915266709782335 -7.425044685745215 1.6286743439412277
5.110220440881763 11.328400255600908 2.4465714424016305 5.9216422204394625 3.9537184089354938 -1.0766186061236382 0.34105735872349996 14.868306832165395 21.527250930060305 35.415846234089486 17.492833462134865 20.005849968614516 9.287916948471693 13.664369515199205 0.8930581359796799 3.8630909027046796 20.496249750808566 8.332894613302939 12.140940356915362 2.527827394514617 6.1501308799359045 22.02835646023513 -0.2323702532985017 7.900718790182122 3.4483062655723273 -6.025605984039134 -3.876116688549443 -7.385894664512305 1.6678243651741376
5.170340681362725 11.36733311277105 2.4855042995717724 5.9605750776096045 3.992651266105618 -1.0376857489534963 0.3799902158936419 14.907239689335537 21.56618378723045 35.45477909125962 17.531766319305007 20.044782825784658 9.326849805641835 13.703302372369347 0.9319909931498218 3.9020237598748215 20.535182607978697 8.37182747047308 12.179873214085486 2.5667602516847587 6.189063737106046 22.067289317405276 -0.19343739612835975 7.939651647352246 3.4872391227424693 -5.986673126868992 -3.837183831379301 -7.346961807342163 1.7067572223442795
5.2304609218436875 11.406053370791795 2.524224557592518 5.99929533563035 4.031371524126364 -0.9989654909327506 0.41871047391438765 14.945959947356283 21.604904045251196 35.49349934928036 17.570486577325752 20.083503083805404 9.365570063662581 13.742022630390093 0.9707112511705676 3.9407440178955673 20.573902865999443 8.410547728493826 12.218593472106232 2.6054805097055045 6.227783995126792 22.10600957542602 -0.154717138107614 7.978371905372992 3.525959380763215 -5.947952868848247 -3.7984635733585552 -7.3082415493214175 1.7454774803650253
