web/models/kne/5/mosfit_kn_0.001513_0.4060_3.6500.dat
# %ECSV 1.0
# ---
# datatype:
# - {name: time, datatype: float64}
# - {name: PS1_g, datatype: float64}
# - {name: PS1_i, datatype: float64}
# - {name: PS1_r, datatype: float64}
# - {name: PS1_w, datatype: float64}
# - {name: PS1_y, datatype: float64}
# - {name: PS1_z, datatype: float64}
# - {name: swift_uvot_B, datatype: float64}
# - {name: swift_uvot_U, datatype: float64}
# - {name: swift_uvot_uvm2, datatype: float64}
# - {name: swift_uvot_uvw1, datatype: float64}
# - {name: swift_uvot_uvw2, datatype: float64}
# - {name: swift_uvot_V, datatype: float64}
# - {name: johnson_B, datatype: float64}
# - {name: johnson_I, datatype: float64}
# - {name: johnson_R, datatype: float64}
# - {name: johnson_U, datatype: float64}
# - {name: johnson_V, datatype: float64}
# - {name: sdss_g, datatype: float64}
# - {name: sdss_i, datatype: float64}
# - {name: sdss_r, datatype: float64}
# - {name: sdss_u, datatype: float64}
# - {name: sdss_z, datatype: float64}
# - {name: ATLAS_c, datatype: float64}
# - {name: ATLAS_o, datatype: float64}
# - {name: ukirt_H, datatype: float64}
# - {name: ukirt_J, datatype: float64}
# - {name: ukirt_K, datatype: float64}
# - {name: Clear, datatype: float64}
# meta: !!omap
# - comment: [kappa = 3.65, type = rprocess, mass = 0.001513321957917195, velocity = 0.406, theta_obs = 0.0, tfloor = 1000.0]
# schema: astropy-2.0
time PS1_g PS1_i PS1_r PS1_w PS1_y PS1_z swift_uvot_B swift_uvot_U swift_uvot_uvm2 swift_uvot_uvw1 swift_uvot_uvw2 swift_uvot_V johnson_B johnson_I johnson_R johnson_U johnson_V sdss_g sdss_i sdss_r sdss_u sdss_z ATLAS_c ATLAS_o ukirt_H ukirt_J ukirt_K Clear
[from data line 237]
14.308617234468937 15.485719190476477 6.603890377277182 10.078961155315032 8.111037343811045 3.080700328751931 4.498376293599051 19.025625767040946 25.684569864935867 39.57316516896504 21.650152397010427 24.163168903490078 13.445235883347262 17.821688450074756 5.050377070855231 8.020409837580232 24.653568685684125 12.490213548178508 16.298259291790913 6.685146329390186 10.307449814811456 26.185675395110692 3.9249486815770673 12.058037725057673 7.605625200447896 -1.8682870491635646 0.28120224632612567 -3.2285757296367357 5.825143300049707
14.3687374749499 15.505604622437907 6.62377580923863 10.09884658727648 8.130922775772493 3.100585760713379 4.5182617255604995 19.045511199002394 25.704455296897315 39.59305060092649 21.670037828971875 24.183054335451526 13.46512131530871 17.841573882036204 5.0702625028166795 8.04029526954168 24.673454117645562 12.510098980139956 16.31814472375236 6.705031761351616 10.327335246772904 26.20556082707214 3.944834113538498 12.077923157019121 7.625510632409327 -1.8484016172021163 0.301087678287574 -3.208690297675305 5.845028732011155
14.428857715430862 15.525418878356518 6.643590065157223 10.118660843195073 8.150737031691087 3.1204000166319723 4.538075981479093 19.065325454920988 25.724269552815908 39.612864856845086 21.689852084890465 24.202868591370116 13.484935571227304 17.861388137954798 5.090076758735273 8.060109525460273 24.693268373564166 12.52991323605855 16.337958979670955 6.724846017270227 10.347149502691515 26.225375082990734 3.964648369457109 12.097737412937715 7.645324888327938 -1.828587361283523 0.3209019342061672 -3.188876041756694 5.864842987929748
14.488977955911823 15.545162414835687 6.66333360163641 10.13840437967426 8.170480568170273 3.140143553111159 4.557819517958279 19.085068991400174 25.744013089295095 39.63260839332427 21.709595621369655 24.222612127849306 13.50467910770649 17.881131674433984 5.109820295214459 8.07985306193946 24.713011910043342 12.549656772537736 16.35770251615014 6.744589553749396 10.366893039170684 26.24511861946992 3.9843919059362776 12.117480949416901 7.665068424807107 -1.8088438248043366 0.34064547068535367 -3.1691325052775254 5.884586524408935
14.549098196392785 15.564835693181589 6.683006879982312 10.158077658020144 8.190153846516157 3.159816831457043 4.577492796304181 19.104742269746076 25.763686367640986 39.65228167167016 21.72926889971554 24.24228540619519 13.524352386052374 17.90080495277987 5.129493573560361 8.099526340285344 24.732685188389237 12.56933005088362 16.377375794496025 6.764262832095298 10.386566317516586 26.26479189781581 4.0040651842821795 12.137154227762785 7.6847417031530085 -1.7891705464584524 0.36031874903123784 -3.1494592269316235 5.904259802754819
14.609218436873746 15.584439170327666 6.702610357128371 10.177681135166221 8.209757323662235 3.1794203086031203 4.597096273450241 19.124345746892136 25.783289844787056 39.67188514881624 21.748872376861616 24.261888883341268 13.543955863198452 17.920408429925946 5.149097050706421 8.119129817431421 24.752288665535314 12.588933528029697 16.396979271642103 6.783866309241375 10.406169794662663 26.284395374961882 4.023668661428257 12.156757704908863 7.704345180299086 -1.769567069312375 0.3799222261773152 -3.129855749785546 5.923863279900896
14.669338677354709 15.603973299273317 6.72214448607404 10.197215264111872 8.229291452607885 3.198954437548771 4.616630402395909 19.143879875837804 25.802823973732714 39.69141927776189 21.768406505807274 24.281423012286925 13.563489992144103 17.939942558871614 5.168631179652089 8.13866394637709 24.771822794480965 12.608467656975348 16.416513400587753 6.803400438187026 10.425703923608314 26.30392950390754 4.043202790373908 12.176291833854513 7.723879309244737 -1.7500329403667243 0.39945635512296596 -3.1103216208398954 5.943397408846547
14.729458917835672 15.623438527371487 6.741609714172192 10.216680492210042 8.248756680706055 3.218419665646941 4.6360956304940615 19.163345103935956 25.822289201830877 39.71088450586005 21.787871733905437 24.30088824038509 13.582955220242273 17.959407786969766 5.188096407750241 8.158129174475242 24.791288022579135 12.627932885073518 16.435978628685923 6.822865666285196 10.445169151706466 26.323394732005703 4.062668018472078 12.195757061952683 7.743344537342907 -1.7305677122685543 0.41892158322113593 -3.0908563927417254 5.962862636944717
14.789579158316633 15.642835302942633 6.761006489743355 10.236077267781187 8.2681534562772 3.2378164412180865 4.655492406065225 19.18274187950712 25.84168597740203 39.7302812814312 21.807268509476582 24.320285015956234 13.602351995813418 17.978804562540912 5.207493183321405 8.177525950046387 24.81068479815028 12.647329660644663 16.45537540425707 6.842262441856342 10.46456592727763 26.342791507576855 4.082064794043223 12.215153837523829 7.762741312914052 -1.7111709366974088 0.4383183587922814 -3.07145961717058 5.982259412515862
14.849699398797595 15.662164061722361 6.780335248523084 10.255406026560934 8.287482215056947 3.257145199997815 4.674821164844953 19.20207063828685 25.86101473618177 39.74961004021094 21.826597268256318 24.33961377473597 13.621680754593147 17.99813332132066 5.226821942101133 8.196854708826134 24.83001355693002 12.66665841942441 16.474704163036815 6.86159120063607 10.483894686057358 26.362120266356595 4.101393552822952 12.234482596303575 7.782070071693781 -1.6918421779176624 0.4576471175720278 -3.0521308583908513 6.001588171295591
14.909819639278556 15.681425241257507 6.79959642805823 10.27466720609608 8.306743394592093 3.276406379532979 4.694082344380099 19.221331817821994 25.880275915716915 39.76887121974609 21.845858447791475 24.358874954271126 13.64094193412831 18.017394500855804 5.246083121636279 8.21611588836128 24.849274736465162 12.685919598959556 16.49396534257196 6.880852380171216 10.503155865592504 26.38138144589174 4.120654732358098 12.253743775838721 7.801331251228927 -1.6725809983825164 0.47690829710717386 -3.0328696788557052 6.020849350830755
14.969939879759519 15.700624552451288 6.818795739251993 10.293866517289842 8.325942705785856 3.2956056907267417 4.713281655573862 19.240531129015757 25.899475226910678 39.78807053093985 21.865057758985234 24.378074265464885 13.660141245322073 18.036593812049567 5.265282432830042 8.235315199555043 24.868474047658935 12.705118910153319 16.513164653765724 6.900051691364997 10.522355176786267 26.400580757085503 4.139854043551878 12.272943087032484 7.820530562422707 -1.6533816871887537 0.4961076083009366 -3.0136703676619248 6.0400486620245175
15.03006012024048 15.719746851724814 6.837918038525537 10.312988816563387 8.3450650050594 3.314727990000268 4.732403954847406 19.2596534282893 25.918597526184215 39.807192830213395 21.88418005825877 24.397196564738422 13.6792635445956 18.05571611132311 5.284404732103586 8.254437498828587 24.88759634693247 12.724241209426863 16.532286953039268 6.919173990638523 10.54147747605981 26.41970305635904 4.1589763428254045 12.292065386306028 7.8396528616962335 -1.6342593879152096 0.5152299075744806 -2.9945480683883985 6.059170961298044
15.090180360721442 15.738807649153106 6.856978835953829 10.33204961399166 8.364125802487692 3.33378878742856 4.751464752275698 19.278714225717593 25.937658323612503 39.82625362764168 21.903240855687063 24.416257362166714 13.698324342023891 18.074776908751403 5.303465529531878 8.273498296256879 24.906657144360754 12.743302006855137 16.551347750467542 6.938234788066815 10.560538273488103 26.43876385378733 4.178037140253696 12.311126183734302 7.8587136591245255 -1.6151985904869355 0.5342907050027548 -2.9754872709601066 6.078231758726336
15.150300601202405 15.757802810416397 6.87597399721712 10.351044775254952 8.383120963750983 3.352783948691851 4.770459913538989 19.297709386980884 25.956653484875794 39.84524878890497 21.922236016950354 24.435252523430005 13.717319503287182 18.093772070014694 5.322460690795169 8.29249345752017 24.925652305624045 12.762297168118428 16.570342911730833 6.957229949330106 10.579533434751394 26.45775901505062 4.1970323015169875 12.330121344997593 7.8777088203878165 -1.5962034292236444 0.5532858662660458 -2.9564921096968155 6.097226919989627
15.210420841683366 15.776732537086833 6.8949037238875555 10.369974501925388 8.402050690421419 3.3717136753622867 4.789389640209425 19.31663911365132 25.97558321154623 39.86417851557541 21.94116574362079 24.45418225010044 13.736249229957618 18.11270179668513 5.341390417465605 8.311423184190605 24.94458203229449 12.781226894788864 16.589272638401287 6.976159676000542 10.59846316142183 26.476688741721055 4.215962028187423 12.349051071668047 7.896638547058252 -1.5772737025532086 0.5722155929364816 -2.9375623830263797 6.1161566466600625
15.270541082164328 15.795597232108669 6.913768418909392 10.388839196947224 8.420915385443237 3.390578370384123 4.808254335231261 19.335503808673156 25.99444790656807 39.88304321059724 21.960030438642626 24.473046945122267 13.755113924979455 18.131566491706966 5.360255112487441 8.330287879212424 24.963446727316317 12.8000915898107 16.608137333423105 6.995024371022378 10.617327856443666 26.495553436742895 4.23482672320926 12.367915766689865 7.915503242080089 -1.5584090075313723 0.5910802879583179 -2.9186976880045434 6.135021341681899
15.33066132264529 15.81439730767114 6.932568494471862 10.407639272509712 8.439715461005726 3.4093784459465937 4.827054410793732 19.354303884235627 26.013247982130547 39.90184328615972 21.978830514205097 24.491847020684748 13.773914000541925 18.150366567269437 5.379055188049912 8.349087954774912 24.982246802878798 12.818891665373188 16.626937408985594 7.013824446584849 10.636127932006136 26.514353512305373 4.25362679877173 12.386715842252354 7.934303317642559 -1.539608931968884 0.6098803635208063 -2.899897612442073 6.1538214172443695
15.390781563126252 15.833133175466685 6.9513043622674076 10.42637514030524 8.458451328801253 3.428114313742139 4.845790278589277 19.373039752031172 26.031983849926085 39.92057915395525 21.99756638200064 24.510582888480293 13.79264986833747 18.169102435064982 5.397791055845457 8.367823822570458 25.000982670674333 12.837627533168716 16.64567327678112 7.032560314380394 10.654863799801682 26.53308938010091 4.272362666567275 12.405451710047881 7.953039185438104 -1.5208730641733565 0.6286162313163337 -2.8811617446465276 6.172557285039915
15.450901803607215 15.851805239527401 6.969976426328124 10.445047204365956 8.47712339286197 3.446786377802855 4.864462342649993 19.391711816091888 26.0506559139868 39.939251218015976 22.016238446061358 24.52925495254101 13.811321932398187 18.187774499125698 5.416463119906173 8.386495886631174 25.01965473473505 12.856299597229432 16.664345340841837 7.05123237844111 10.673535863862398 26.551761444161627 4.291034730627992 12.424123774108597 7.971711249498821 -1.5022010001126402 0.64728829537705 -2.8624896805858113 6.191229349100631
15.511022044088175 15.870413899826126 6.988585086626831 10.46365586466468 8.495732053160694 3.4653950381015797 4.8830710029487 19.410320476390595 26.069264574285516 39.9578598783147 22.034847106360072 24.547863612839723 13.829930592696911 18.206383159424405 5.43507178020488 8.40510454692988 25.038263395033773 12.874908257528157 16.682954001140562 7.069841038739835 10.692144524161105 26.57037010446034 4.309643390926716 12.442732434407322 7.990319909797545 -1.4835923398139157 0.6658969556757746 -2.843881020287087 6.2098380093993555
15.571142284569138 15.888959556423057 7.0071307432237795 10.48220152126163 8.514277709757643 3.4839406946985285 4.901616659545649 19.428866132987544 26.087810230882464 39.976405534911635 22.053392762957014 24.566409269436665 13.84847624929386 18.224928816021354 5.453617436801829 8.42365020352683 25.056809051630715 12.893453914125105 16.70149965773751 7.088386695336766 10.710690180758053 26.58891576105729 4.328189047523647 12.46127809100427 8.008865566394476 -1.4650466832169668 0.6844426122727234 -2.8253353636901557 6.228383665996287
15.631262525050099 15.907442602143824 7.025613788944547 10.500684566982379 8.532760755478392 3.502423740419278 4.920099705266416 19.44734917870831 26.106293276603225 39.9948885806324 22.07187580867777 24.584892315157422 13.86695929501461 18.243411861742103 5.472100482522596 8.44213324924758 25.075292097351472 12.911936959845855 16.71998270345826 7.106869741057533 10.72917322647882 26.60739880677805 4.346672093244415 12.47976113672502 8.027348612115244 -1.4465636374962172 0.7029256579934731 -2.8068523179693883 6.246866711717054
15.691382765531062 15.925863431693745 7.04403461849445 10.5191053965323 8.551181585028313 3.5208445699691993 4.93852053481632 19.465770008258215 26.124714106153135 40.013309410182316 22.090296638227695 24.603313144707347 13.88538012456453 18.261832691292025 5.490521312072517 8.4605540787975 25.093712926901393 12.930357789395776 16.73840353300818 7.125290570607454 10.747594056028742 26.62581963632796 4.365092922794336 12.498181966274942 8.045769441665165 -1.4281428079462961 0.7213464875433941 -2.788431488419467 6.265287541266975
15.751503006012024 15.944222430627697 7.06239361742842 10.53746439546627 8.569540583962283 3.5392035689031687 4.956879533750289 19.484129007192184 26.143073105087105 40.03166840911628 22.108655637161664 24.621672143641316 13.9037391234985 18.280191690225994 5.508880311006469 8.47891307773147 25.11207192583535 12.948716788329746 16.75676253194215 7.143649569541424 10.765953054962694 26.64417863526193 4.383451921728305 12.516540965208911 8.064128440599116 -1.4097838090123267 0.7397054864773636 -2.770072489485498 6.2836465402009445
15.811623246492985 15.962519986794561 7.080691173595266 10.555761951633116 8.58783814012913 3.557501125070015 4.9751770899171355 19.502426563359048 26.16137066125396 40.04996596528313 22.126953193328507 24.63996969980816 13.922036679665347 18.29848924639284 5.527177867173333 8.497210633898316 25.13036948200221 12.967014344496592 16.775060088108997 7.16194712570827 10.784250611129558 26.662476191428777 4.401749477895152 12.534838521375757 8.08242599676598 -1.3914862528454803 0.7580030426442099 -2.7517749333186514 6.301944096367791
15.871743486973948 15.980756479836877 7.098927666637582 10.573998444675432 8.606074633171445 3.5757376181123313 4.993413582959452 19.520663056401347 26.179607154296267 40.06820245832545 22.145189686370824 24.658206192850475 13.940273172707663 18.316725739435157 5.545414360215632 8.515447126940632 25.148605975044525 12.985250837538908 16.793296581151314 7.180183618750586 10.802487104171874 26.680712684471093 4.419985970937468 12.553075014418074 8.100662489808297 -1.373249759803164 0.7762395356865261 -2.733538440276335 6.320180589410107
15.931863727454909 15.99893229002797 7.117103476828692 10.592174254866524 8.624250443362556 3.5939134283034235 5.011589393150562 19.538838866592457 26.197782964487367 40.08637826851654 22.163365496561926 24.676382003041578 13.958448982898755 18.334901549626267 5.563590170406742 8.533622937131742 25.166781785235628 13.00342664773 16.811472391342424 7.198359428941679 10.820662914362966 26.698888494662192 4.43816178112856 12.571250824609184 8.118838299999389 -1.3550739496120718 0.7944153458776184 -2.715362630085243 6.338356399601199
