web/models/kne/5/mosfit_kn_0.001862_0.0457_3.6500.dat
# %ECSV 1.0
# ---
# datatype:
# - {name: time, datatype: float64}
# - {name: PS1_g, datatype: float64}
# - {name: PS1_i, datatype: float64}
# - {name: PS1_r, datatype: float64}
# - {name: PS1_w, datatype: float64}
# - {name: PS1_y, datatype: float64}
# - {name: PS1_z, datatype: float64}
# - {name: swift_uvot_B, datatype: float64}
# - {name: swift_uvot_U, datatype: float64}
# - {name: swift_uvot_uvm2, datatype: float64}
# - {name: swift_uvot_uvw1, datatype: float64}
# - {name: swift_uvot_uvw2, datatype: float64}
# - {name: swift_uvot_V, datatype: float64}
# - {name: johnson_B, datatype: float64}
# - {name: johnson_I, datatype: float64}
# - {name: johnson_R, datatype: float64}
# - {name: johnson_U, datatype: float64}
# - {name: johnson_V, datatype: float64}
# - {name: sdss_g, datatype: float64}
# - {name: sdss_i, datatype: float64}
# - {name: sdss_r, datatype: float64}
# - {name: sdss_u, datatype: float64}
# - {name: sdss_z, datatype: float64}
# - {name: ATLAS_c, datatype: float64}
# - {name: ATLAS_o, datatype: float64}
# - {name: ukirt_H, datatype: float64}
# - {name: ukirt_J, datatype: float64}
# - {name: ukirt_K, datatype: float64}
# - {name: Clear, datatype: float64}
# meta: !!omap
# - comment: [kappa = 3.65, type = rprocess, mass = 0.001861645566637777, velocity = 0.04566666666666669, theta_obs = 0.0, tfloor = 1000.0]
# schema: astropy-2.0
time PS1_g PS1_i PS1_r PS1_w PS1_y PS1_z swift_uvot_B swift_uvot_U swift_uvot_uvm2 swift_uvot_uvw1 swift_uvot_uvw2 swift_uvot_V johnson_B johnson_I johnson_R johnson_U johnson_V sdss_g sdss_i sdss_r sdss_u sdss_z ATLAS_c ATLAS_o ukirt_H ukirt_J ukirt_K Clear
[from data line 291]
17.55511022044088 10.488128575994171 1.6062997627948938 5.081370540832726 3.113446729328757 -1.916890285730375 -0.4992143208832367 14.028035152558658 20.686979250453568 34.57557455448274 16.652561782528128 19.16557828900778 8.447645268864957 12.824097835592468 0.05278645637294321 3.022819223097943 19.65597807120182 7.492622933696203 11.300668677308607 1.6875557149078801 5.309859200329168 21.188084780628394 -1.0726419329052383 7.060447110575385 2.6080345859655907 -6.865877663645871 -4.71638836815618 -8.226166344119042 0.8275526855674009
17.615230460921843 10.494611715802602 1.612782902603307 5.087853680641157 3.11992986913717 -1.910407145921944 -0.4927311810748236 14.034518292367071 20.693462390261992 34.58205769429117 16.65904492233656 19.172061428816203 8.454128408673387 12.830580975400881 0.0592695961813563 3.029302362906356 19.66246121101025 7.499106073504634 11.307151817117038 1.694038854716311 5.316342340137581 21.194567920436818 -1.0661587930968075 7.066930250383798 2.6145177257740215 -6.85939452383744 -4.709905228347749 -8.219683204310611 0.8340358253758318
17.675350701402806 10.501073353651105 1.6192445404518097 5.0943153184896595 3.126391506985673 -1.9039455080734413 -0.4862695432263209 14.040979930215574 20.699924028110495 34.588519332139676 16.66550656018506 19.178523066664706 8.46059004652189 12.837042613249384 0.0657312340298768 3.0357640007548587 19.668922848858752 7.5055677113531365 11.313613454965541 1.7005004925648137 5.322803977986101 21.20102955828532 -1.0596971552483048 7.073391888232301 2.6209793636225243 -6.852932885988937 -4.703443590499246 -8.213221566462108 0.8404974632243345
17.73547094188377 10.507513631013445 1.625684817814168 5.100755595852018 3.1328317843480313 -1.897505230711083 -0.47982926586396246 14.047420207577932 20.706364305472853 34.59495960950203 16.671946837547402 19.184963344027064 8.467030323884249 12.843482890611742 0.07217151139221745 3.042204278117217 19.6753631262211 7.512007988715495 11.3200537323279 1.7069407699271544 5.329244255348442 21.20746983564768 -1.0532568778859641 7.079832165594659 2.627419640984865 -6.846492608626579 -4.697003313136888 -8.206781289099768 0.8469377405866929
17.795591182364728 10.513932694754331 1.6321038815550537 5.1071746595929035 3.139250848088917 -1.8910861669701973 -0.47341020212307683 14.053839271318818 20.71278336921374 34.60137867324291 16.678365901288288 19.19138240776795 8.473449387625134 12.849901954352628 0.07859057513310308 3.048623341858103 19.681782189961986 7.5184270524563805 11.326472796068785 1.71335983366804 5.335663319089328 21.213888899388564 -1.0468378141450785 7.086251229335545 2.6338387047257505 -6.840073544885693 -4.690584249396002 -8.200362225358882 0.8533568043275785
17.85571142284569 10.520331200198019 1.6385023869987414 5.113573165036591 3.1456493535326047 -1.8846876615265096 -0.46701169667938913 14.060237776762506 20.719181874657426 34.6077771786866 16.684764406731976 19.197780913211627 8.479847893068804 12.856300459796316 0.08498908057679078 3.0550218473017905 19.688180695405677 7.524825557900068 11.332871301512473 1.7197583391117277 5.342061824533015 21.220287404832252 -1.0404393087013908 7.092649734779233 2.6402372101694382 -6.833675039442006 -4.684185743952314 -8.193963719915194 0.8597553097712485
17.915831663326653 10.526708174383561 1.6448793611842838 5.119950139222134 3.152026327718147 -1.878310687340985 -0.46063472249384674 14.066614750948048 20.725558848842958 34.61415415287214 16.691141380917518 19.20415788739717 8.486224867254347 12.862677433981858 0.09136605476233317 3.061398821487333 19.69455766959122 7.531202532085611 11.339248275698015 1.72613531329727 5.348438798718558 21.226664379017784 -1.0340623345158484 7.099026708964775 2.6466141843549806 -6.827298065256463 -4.677808769766772 -8.187586745729652 0.8661322839567909
17.975951903807616 10.533064433996397 1.6512356207971024 5.126306398834952 3.1583825873309657 -1.8719544277281486 -0.45427846288102813 14.072971010560867 20.731915108455787 34.62051041248497 16.697497640530337 19.21051414701 8.492581126867183 12.869033693594677 0.09772231437515178 3.0677550811001515 19.700913929204045 7.537558791698429 11.345604535310834 1.7324915729101065 5.354795058331376 21.233020638630613 -1.027706074903012 7.105382968577594 2.652970443967817 -6.820941805643645 -4.671452510153953 -8.181230486116815 0.8724885435696272
18.036072144288575 10.539400110155963 1.657571296956668 5.132642074994518 3.1647182634905313 -1.865618751568583 -0.4479427867214625 14.07930668672045 20.738250784615353 34.626846088644534 16.70383331668992 19.216849823169564 8.498916803026749 12.875369369754242 0.10405799053473519 3.074090757259717 19.70724960536361 7.543894467857995 11.3519402114704 1.7388272490696721 5.36113073449096 21.23935631479018 -1.0213703987434464 7.111718644737159 2.6593061201273827 -6.814606129484079 -4.665116833994388 -8.17489480995725 0.8788242197291929
18.096192384769537 10.54571532493691 1.6638865117376334 5.138957289775465 3.171033478271479 -1.8593035367876354 -0.4416275719404972 14.085621901501398 20.744565999396308 34.63316130342548 16.710148531470868 19.223165037950512 8.505232017807696 12.88168458453519 0.11037320531568273 3.0804059720406647 19.71356482014456 7.550209682638942 11.358255426251347 1.7451424638506197 5.367445949271907 21.245671529571133 -1.0150551839624988 7.118033859518107 2.66562133490833 -6.808290914703131 -4.65880161921344 -8.168579595176302 0.8851394345101404
18.1563126252505 10.552010225019757 1.6701814118204616 5.1452521898583115 3.177328378354325 -1.8530086367047893 -0.4353326718576689 14.091916801584244 20.750860899479147 34.639456203508324 16.716443431553714 19.229459938033354 8.511526917890542 12.887979484618036 0.11666810539852879 3.0867008721235107 19.719859720227404 7.5565045827217885 11.364550326334193 1.7514373639334657 5.373740849354753 21.251966429653972 -1.0087602838796528 7.124328759600953 2.6719162349911763 -6.801996014620285 -4.652506719130594 -8.162284695093456 0.8914343345929865
18.216432865731463 10.558284945741008 1.6764561325417304 5.1515269105795625 3.183603099075576 -1.8467339159835383 -0.4290579511364001 14.098191522305495 20.75713562020041 34.645730924229575 16.722718152274965 19.235734658754616 8.517801638611793 12.894254205339305 0.1229428261197798 3.0929755928447795 19.726134440948655 7.5627793034430395 11.370825047055444 1.7577120846547167 5.380015570076004 21.258241150375234 -1.0024855631584018 7.130603480322204 2.6781909557124273 -6.795721293899034 -4.646231998409343 -8.156009974372205 0.8977090553142375
18.276553106212425 10.564539632085896 1.682710818886619 5.157781596924451 3.1898577854204824 -1.8404792296386496 -0.4228032647915114 14.104446208650383 20.763390306545297 34.65198561057448 16.728972838619853 19.241989345099505 8.524056324956682 12.900508891684193 0.12919751246466848 3.099230279189668 19.73238912729355 7.569033989787928 11.37707973340035 1.7639667709996054 5.386270256420893 21.264495836720123 -0.9962308768135131 7.1368581666671105 2.684445642057316 -6.789466607554146 -4.639977312064454 -8.149755288027317 0.9039637416591262
18.336673346693384 10.57077441697345 1.6889456037741724 5.164016381812004 3.1960925703080356 -1.8342444447510964 -0.4165684799039582 14.110680993537937 20.76962509143285 34.65822039546203 16.735207623507407 19.248224129987058 8.530291109844235 12.906743676571747 0.13543229735222173 3.1054650640772214 19.738623912181104 7.575268774675481 11.383314518287904 1.7702015558871587 5.392505041308446 21.270730621607676 -0.9899960919259598 7.143092951554664 2.690680426944869 -6.783231822666592 -4.633742527176901 -8.143520503139763 0.9101985265466794
18.396793587174347 10.576989427063594 1.6951606138643172 5.170231391902149 3.2023075803981627 -1.8280294346609516 -0.4103534698138134 14.116896003628082 20.775840101522995 34.66443540555216 16.74142263359755 19.254439140077203 8.53650611993438 12.912958686661892 0.14164730744236653 3.1116800741673663 19.744838922271242 7.581483784765626 11.38952952837803 1.7764165659773035 5.398720051398591 21.27694563169782 -0.983781081835815 7.149307961644791 2.696895437035014 -6.777016812576448 -4.627527517086756 -8.137305493049618 0.9164135366368242
18.45691382765531 10.583184786654556 1.7013559734552786 5.176426751493128 3.208502939989142 -1.8218340750699902 -0.404158110222852 14.123091363219043 20.782035461113956 34.67063076514314 16.747617993188513 19.260634499668164 8.542701479525341 12.919154046252853 0.14784266703332793 3.1178754337583277 19.75103428186221 7.587679144356605 11.39572488796901 1.7826119255682649 5.4049154109895525 21.283140991288782 -0.9775857222448536 7.15550332123577 2.7030907966259754 -6.7708214529854684 -4.621332157495777 -8.131110133458657 0.9226088962277856
18.517034068136272 10.589360635736202 1.7075318225369074 5.182602600574757 3.2146787890707706 -1.8156582259883436 -0.39798226114122315 14.129267212300672 20.788211310195592 34.676806614224766 16.75379384227014 19.266810348749804 8.548877328606988 12.925329895334482 0.15401851611495676 3.1240512828399565 19.75721013094384 7.593854993438234 11.401900737050639 1.7887877746499115 5.411091260071181 21.289316840370418 -0.971409873163207 7.161679170317399 2.7092666457076042 -6.76464560390384 -4.615156308414148 -8.12493428437701 0.9287847453094322
18.577154308617235 10.595517109684085 1.71368829648479 5.18875907452264 3.220835263018653 -1.809501752040461 -0.3918257871933406 14.135423686248554 20.794367784143475 34.68296308817265 16.759950316218024 19.272966822697686 8.55503380255487 12.931486369282364 0.1601749900628393 3.130207756787839 19.763366604891733 7.600011467386117 11.408057210998521 1.794944248597794 5.417247734019064 21.2954733143183 -0.9652533992153245 7.167835644265281 2.7154231196555045 -6.758489129955957 -4.608999834466266 -8.118777810429128 0.9349412192573148
18.637274549098194 10.601654341815507 1.71982552861623 5.19489630665408 3.2269724951500933 -1.8033645199090387 -0.3856885550619005 14.141560918379994 20.800505016274915 34.689100320304085 16.766087548349464 19.279104054829116 8.561171034686293 12.937623601413804 0.16631222219427944 3.136344988919279 19.769503837023166 7.606148699517557 11.414194443129961 1.8010814807292164 5.423384966150504 21.30161054644974 -0.9591161670839021 7.173972876396721 2.721560351786927 -6.752351897824517 -4.602862602334826 -8.112640578297706 0.9410784513887371
18.697394789579157 10.607772457907565 1.7259436447082876 5.20101442274612 3.233090611242133 -1.797246403816981 -0.3795704389698429 14.147679034472052 20.806623132366965 34.69521843639614 16.772205664441522 19.285222170921173 8.56728915077835 12.943741717505862 0.17243033828633703 3.1424631050113367 19.775621953115213 7.612266815609597 11.420312559222001 1.807199596821274 5.429503082242562 21.30772866254179 -0.9529980509918445 7.180090992488761 2.7276784678789845 -6.746233781732477 -4.596744486242786 -8.106522462205648 0.9471965674807947
18.75751503006012 10.613871575309748 1.7320427621104528 5.207113540148303 3.239189728644316 -1.7911472864147981 -0.3734713215676777 14.153778151874217 20.812722249769138 34.70131755379832 16.778304781843705 19.29132128832335 8.573388268180533 12.949840834908027 0.1785294556885022 3.148562222413502 19.781721070517396 7.61836593301178 11.426411676624184 1.813298714223457 5.435602199644745 21.313827779943963 -0.9468989335896616 7.186190109890944 2.7337775852811674 -6.740134664330294 -4.590645368840603 -8.100423344803465 0.9532956848829777
18.817635270541082 10.619951815906283 1.738123002707006 5.213193780744838 3.2452699692408515 -1.7850670458182627 -0.3673910809711245 14.15985839247077 20.818802490365684 34.70739779439486 16.78438502244024 19.29740152891989 8.579468508777069 12.95592107550458 0.1846096962850554 3.154642463010055 19.78780131111393 7.624446173608315 11.43249191722072 1.8193789548199923 5.44168244024128 21.31990802054051 -0.9408186929931261 7.19227035048748 2.739857825877703 -6.734054423733759 -4.584565128244067 -8.09434310420693 0.9593759254795131
18.877755511022045 10.626013312459364 1.7441844992600863 5.219255277297918 3.2513314657939496 -1.7790055492651824 -0.3613295844180442 14.16591988902385 20.824863986918764 34.713459290947945 16.79044651899332 19.303463025472972 8.585530005330149 12.96198257205766 0.19067119283813572 3.1607039595631354 19.79386280766702 7.630507670161413 11.438553413773818 1.8254404513730726 5.44774393679436 21.32596951709359 -0.9347571964400458 7.198331847040578 2.745919322430783 -6.727992927180661 -4.578503631690987 -8.08828160765385 0.9654374220325934
18.937875751503004 10.632056191316188 1.7502273781169109 5.225298156154743 3.257374344650774 -1.7729626704083579 -0.35528670556121966 14.171962767880675 20.83090686577559 34.71950216980477 16.796489397850145 19.309505904329797 8.591572884186974 12.968025450914485 0.19671407169496025 3.16674683841996 19.799905686523843 7.636550549018238 11.444596292630642 1.8314833302298972 5.453786815651185 21.332012395950414 -0.9287143175832213 7.204374725897402 2.7519622012876077 -6.721950048323854 -4.5724607528341625 -8.082238728797025 0.971480300889418
18.997995991983966 10.638080576073943 1.7562517628746477 5.2313225409124975 3.263398729408511 -1.7669382856506033 -0.34926232080348285 14.177987152638412 20.836931250533333 34.725526554562514 16.8025137826079 19.315530289087544 8.597597268944728 12.974049835672222 0.20273845645271482 3.1727712231776968 19.80593007128159 7.6425749337759745 11.450620677388379 1.8375077149876518 5.459811200408939 21.33803678070816 -0.9226899328254667 7.210399110655139 2.7579865860453623 -6.715925663566099 -4.566436368076408 -8.07621434403927 0.9775046856471725
19.05811623246493 10.644086585494783 1.7622577722955057 5.237328550333338 3.2694047388293512 -1.760932276229763 -0.3432563113826248 14.18399316205927 20.842937259954184 34.73153256398336 16.80851979202874 19.32153629850838 8.603603278365568 12.98005584509308 0.2087444658735551 3.178777232598537 19.81193608070243 7.648580943196815 11.45662668680922 1.843513724408492 5.46581720982978 21.34404279012901 -0.9166839234046265 7.216405120075979 2.7639925954662026 -6.709919654145259 -4.560430358655568 -8.07020833461843 0.9835106950680128
19.118236472945892 10.650074330959356 1.7682455177600787 5.2433162957979285 3.275392484293942 -1.7549445307651723 -0.3372685659180519 14.189980907523843 20.848925005418764 34.73752030944794 16.814507537493313 19.327524043972975 8.60959102383016 12.986043590557653 0.21473221133812803 3.1847649780631277 19.81792382616701 7.6545686886614055 11.46261443227381 1.8495014698730827 5.471804955294353 21.35003053559359 -0.9106961779400358 7.22239286554057 2.7699803409307755 -6.703931908680668 -4.554442613190977 -8.06422058915384 0.9894984405326035
19.178356713426854 10.656043926824132 1.7742151136248374 5.249285891662687 3.2813620801587007 -1.7489749349004136 -0.3312989700532931 14.195950503388602 20.854894601283522 34.74348990531269 16.82047713335807 19.33349363983773 8.615560619694918 12.992013186422412 0.2207018072028868 3.1907345739278865 19.823893422031773 7.660538284526164 11.468584028138569 1.8554710657378415 5.477774551159111 21.356000131458348 -0.904726582075277 7.228362461405329 2.775949936795552 -6.69796231281591 -4.548473017326218 -8.05825099328908 0.9954680363973623
