web/models/kne/5/mosfit_kn_0.033839_0.3433_3.6500.dat
# %ECSV 1.0
# ---
# datatype:
# - {name: time, datatype: float64}
# - {name: PS1_g, datatype: float64}
# - {name: PS1_i, datatype: float64}
# - {name: PS1_r, datatype: float64}
# - {name: PS1_w, datatype: float64}
# - {name: PS1_y, datatype: float64}
# - {name: PS1_z, datatype: float64}
# - {name: swift_uvot_B, datatype: float64}
# - {name: swift_uvot_U, datatype: float64}
# - {name: swift_uvot_uvm2, datatype: float64}
# - {name: swift_uvot_uvw1, datatype: float64}
# - {name: swift_uvot_uvw2, datatype: float64}
# - {name: swift_uvot_V, datatype: float64}
# - {name: johnson_B, datatype: float64}
# - {name: johnson_I, datatype: float64}
# - {name: johnson_R, datatype: float64}
# - {name: johnson_U, datatype: float64}
# - {name: johnson_V, datatype: float64}
# - {name: sdss_g, datatype: float64}
# - {name: sdss_i, datatype: float64}
# - {name: sdss_r, datatype: float64}
# - {name: sdss_u, datatype: float64}
# - {name: sdss_z, datatype: float64}
# - {name: ATLAS_c, datatype: float64}
# - {name: ATLAS_o, datatype: float64}
# - {name: ukirt_H, datatype: float64}
# - {name: ukirt_J, datatype: float64}
# - {name: ukirt_K, datatype: float64}
# - {name: Clear, datatype: float64}
# meta: !!omap
# - comment: [kappa = 3.65, type = rprocess, mass = 0.03383890769761434, velocity = 0.3433333333333334, theta_obs = 0.0, tfloor = 1000.0]
# schema: astropy-2.0
time PS1_g PS1_i PS1_r PS1_w PS1_y PS1_z swift_uvot_B swift_uvot_U swift_uvot_uvm2 swift_uvot_uvw1 swift_uvot_uvw2 swift_uvot_V johnson_B johnson_I johnson_R johnson_U johnson_V sdss_g sdss_i sdss_r sdss_u sdss_z ATLAS_c ATLAS_o ukirt_H ukirt_J ukirt_K Clear
[from data line 202]
12.20440881763527 7.512143763233237 -1.3696850499660407 2.1053857280717914 0.13746191656780482 -4.892875098491309 -3.475199133644171 11.052050339797724 17.710994437692626 31.599589741721804 13.676576969767194 16.189593476246845 5.471660456104021 9.848113022831534 -2.9231983563879913 0.04683441033699087 16.679993258440884 4.516638120935268 8.324683864547673 -1.2884290978530544 2.3338743875682333 18.212099967867452 -4.048626745666173 4.084462297814433 -0.36795022679534384 -9.841862476406805 -7.692373180917114 -11.202151156879976 -2.1484321271935336
12.264529058116231 7.525395538996538 -1.3564332742027574 2.1186375038350924 0.15071369233110588 -4.879623322728008 -3.461947357880888 11.065302115561007 17.724246213455928 31.612841517485098 13.689828745530477 16.20284525201013 5.484912231867322 9.861364798594817 -2.909946580624708 0.06008618610029193 16.693245034204185 4.5298898966985695 8.337935640310974 -1.2751773220897533 2.3471261633315166 18.225351743630753 -4.035374969902872 4.097714073577734 -0.3546984510320428 -9.828610700643504 -7.679121405153813 -11.188899381116675 -2.1351803514302325
12.324649298597194 7.538541956209617 -1.3432868569896605 2.1317839210481893 0.16386010954420271 -4.8664769055149115 -3.448800940667791 11.078448532774104 17.737392630669024 31.62598793469819 13.702975162743574 16.215991669223225 5.498058649080419 9.874511215807914 -2.896800163411611 0.07323260331338877 16.706391451417282 4.543036313911666 8.35108205752407 -1.2620309048766742 2.3602725805446134 18.23849816084385 -4.022228552689793 4.110860490790831 -0.3415520338189637 -9.815464283430407 -7.665974987940716 -11.175752963903596 -2.1220339342171357
12.384769539078157 7.551585866479602 -1.3302429467196752 2.144827831318157 0.17690401981417025 -4.853432995244944 -3.435757030397806 11.091492443044089 17.750436540938992 31.63903184496817 13.716019073013559 16.22903557949321 5.511102559350387 9.887555126077899 -2.883756253141626 0.08627651358337407 16.71943536168725 4.556080224181634 8.364125967794038 -1.248986994606689 2.3733164908145987 18.251542071113818 -4.009184642419807 4.123904401060798 -0.3285081235489784 -9.80242037316044 -7.652931077670749 -11.16270905363361 -2.108990023947168
12.444889779559118 7.564529368012138 -1.3172994451871567 2.157771332850693 0.18984752134670657 -4.840489493712408 -3.4228135288652872 11.104435944576608 17.76338004247153 31.65197534650071 13.728962574546095 16.241979081025747 5.524046060882923 9.900498627610418 -2.8708127516090896 0.09922001511589262 16.732378863219786 4.56902372571417 8.377069469326575 -1.2360434930741526 2.386259992347135 18.264485572646354 -3.996241140887271 4.136847902593335 -0.3155646220164421 -9.789476871627903 -7.639987576138212 -11.149765552101075 -2.096046522414632
12.50501002004008 7.577374719025567 -1.3044540941737282 2.1706166838641217 0.2026928723601351 -4.827644142698979 -3.4099681778518587 11.117281295590054 17.776225393484957 31.664820697514134 13.741807925559524 16.254824432039175 5.5368914118963515 9.913343978623846 -2.857967400595661 0.11206536612932116 16.745224214233215 4.581869076727599 8.389914820340003 -1.223198142060724 2.3991053433605636 18.277330923659783 -3.9833957898738426 4.149693253606763 -0.30271927100301355 -9.776631520614474 -7.627142225124784 -11.136920201087646 -2.0832011714012033
12.565130260521041 7.590124252883328 -1.2917045603159671 2.1833662177218827 0.21544240621789612 -4.814894608841218 -3.3972186439940977 11.130030829447797 17.788974927342718 31.67757023137189 13.754557459417285 16.26757396589692 5.5496409457541125 9.926093512481607 -2.8452178667379178 0.12481489998708217 16.757973748090976 4.59461861058536 8.402664354197764 -1.210448608202963 2.4118548772183246 18.290080457517544 -3.9706462560160816 4.162442787464524 -0.28996973714525254 -9.763881986756713 -7.614392691267023 -11.124170667229885 -2.0704516375434423
12.625250501002004 7.602780935321309 -1.279047877877968 2.196022900159864 0.22809908865589534 -4.802237926403237 -3.3845619615560985 11.142687511885796 17.801631609780717 31.690226913809884 13.767214141855266 16.280230648334918 5.562297628192094 9.938750194919606 -2.8325611842999185 0.1374715824250814 16.770630430528957 4.607275293023359 8.415321036635763 -1.1977919257649816 2.424511559656306 18.302737139955543 -3.9579895735781 4.1750994699025235 -0.2773130547072711 -9.751225304318732 -7.601736008829041 -11.111513984791904 -2.057794955105461
12.685370741482965 7.615345539990752 -1.266483273208543 2.208587504829307 0.24066369332532034 -4.789673321733794 -3.3719973568866735 11.155252116555221 17.814196214450142 31.702791518479312 13.779778746524691 16.292795253004343 5.574862232861537 9.951314799589031 -2.8199965796304935 0.1500361870945064 16.7831950351984 4.619839897692784 8.427885641305188 -1.1852273210955389 2.437076164325731 18.315301744624968 -3.9454249689086573 4.1876640745719484 -0.2647484500378283 -9.738660699649289 -7.589171404159599 -11.09894938012246 -2.045230350436018
12.745490981963927 7.627820751436527 -1.2540080617627503 2.2210627162750995 0.253138904771113 -4.777198110288019 -3.359522145440881 11.167727328001014 17.826671425895935 31.7152667299251 13.792253957970484 16.305270464450135 5.587337444307312 9.963790011034824 -2.807521368184701 0.16251139854029906 16.795670246644175 4.632315109138577 8.440360852750981 -1.172752109649764 2.4495513757715237 18.32777695607076 -3.9329497574628824 4.200139286017741 -0.2522732385920534 -9.726185488203496 -7.576696192713824 -11.086474168676686 -2.032755138990243
12.80561122244489 7.640208503765749 -1.2416203094335287 2.2334504686043033 0.2655266571003345 -4.7648103579587975 -3.3471343931116593 11.180115080330236 17.839059178225156 31.727654482254312 13.804641710299705 16.317658216779357 5.599725196636533 9.976177763364046 -2.7951336158554794 0.17489915086952057 16.808057998973396 4.64470286146778 8.452748605080185 -1.1603643573205424 2.4619391281007452 18.340164708399982 -3.920562005133661 4.212527038346963 -0.2398854862628319 -9.713797735874293 -7.564308440384602 -11.074086416347464 -2.0203673866610217
12.86573146292585 7.652510838268736 -1.2293179749305416 2.245752803107308 0.27782899160332164 -4.752508023455793 -3.334832058608672 11.192417414833223 17.851361512728143 31.73995681675731 13.816944044802693 16.329960551282344 5.612027531139538 9.988480097867033 -2.7828312813524922 0.1872014853725077 16.8203603334764 4.657005195970785 8.46505093958319 -1.1480620228175553 2.4742414626037323 18.35246704290297 -3.908259670630674 4.22482937284995 -0.22758315175984478 -9.701495401371288 -7.552006105881597 -11.061784081844477 -2.008065052158017
12.925851703406813 7.664729491115185 -1.2170993220841098 2.25797145595374 0.2900476444497535 -4.740289370609361 -3.3226134057622403 11.204636067679655 17.863580165574575 31.752175469603745 13.829162697649124 16.342179204128776 5.62424618398597 10.000698750713465 -2.7706126285060604 0.19942013821893956 16.832578986322833 4.669223848817217 8.477269592429622 -1.1358433699711057 2.486460115450164 18.3646856957494 -3.896041017784224 4.237048025696382 -0.21536449891339515 -9.689276748524856 -7.539787453035165 -11.049565428998028 -1.995846399311585
12.985971943887774 7.676866129989808 -1.2049626832094873 2.2701080948283625 0.30218428332437597 -4.728152731734738 -3.310476766887618 11.216772706554277 17.875716804449198 31.764312108478375 13.841299336523765 16.354315843003416 5.636382822860592 10.012835389588087 -2.75847598963142 0.21155677709356202 16.844715625197455 4.6813604876918395 8.489406231304244 -1.1237067310964832 2.4985967543248044 18.376822334624023 -3.8839043789096017 4.249184664571004 -0.2032278600387727 -9.677140109650233 -7.527650814160543 -11.037428790123405 -1.9837097604369625
13.046092184368737 7.688922657575361 -1.1929061556239162 2.282164622413916 0.3142408109099293 -4.716096204149185 -3.2984202393020468 11.228829234139848 17.88777333203477 31.776368636063925 13.853355864109318 16.36637237058897 5.648439350446146 10.024891917173658 -2.746419462045867 0.2236133046791331 16.85677215278301 4.693417015277393 8.501462758889797 -1.11165020351093 2.5106532819103577 18.388878862209577 -3.8718478513240484 4.261241192156557 -0.19117133245321938 -9.66508358206468 -7.51559428657499 -11.025372262537852 -1.9716532328514091
13.1062124248497 7.700900564537108 -1.1809282486621875 2.2941425293756623 0.3262187178716758 -4.7041182971874385 -3.286442332340318 11.240807141101595 17.899751238996497 31.78834654302567 13.865333771071064 16.378350277550716 5.660417257407892 10.036869824135387 -2.7344415550841203 0.23559121164086183 16.868750059744755 4.705394922239139 8.513440665851544 -1.0996722965491834 2.5226311888721042 18.400856769171323 -3.859869944362302 4.273219099118304 -0.17919342549147288 -9.653105675102934 -7.503616379613243 -11.013394355576105 -1.9596753258896626
13.16633266533066 7.712801458159291 -1.1690273550400043 2.3060434229978455 0.33811961149385894 -4.692217403565255 -3.274541438718135 11.25270803472376 17.91165213261868 31.800247436647854 13.877234664693248 16.3902511711729 5.672318151030075 10.04877071775757 -2.722540661461937 0.247492105263045 16.88065095336694 4.7172958158613225 8.525341559473727 -1.0877714029270003 2.5345320824942874 18.412757662793506 -3.8479690507401187 4.285119992740487 -0.16729253186928972 -9.64120478148075 -7.49171548599106 -11.001493461953922 -1.9477744322674795
13.226452905811623 7.72462693798623 -1.1572018752130653 2.3178689028247845 0.349945091320798 -4.680391923738316 -3.262715958891196 11.264533514550699 17.92347761244562 31.812072916474786 13.889060144520169 16.40207665099982 5.684143630857014 10.060596197584509 -2.710715181635016 0.25931758508998404 16.892476433193877 4.729121295688262 8.537167039300666 -1.0759459231000612 2.5463575623212087 18.424583142620445 -3.8361435709131797 4.296945472567426 -0.15546705204235067 -9.629379301653811 -7.479890006164121 -10.989667982126983 -1.9359489524405404
13.286573146292584 7.736378600506555 -1.1454502126927402 2.3296205653451096 0.3616967538411231 -4.668640261217991 -3.2509642963708707 11.276285177071024 17.935229274965945 31.82382457899511 13.900811807040494 16.413828313520145 5.6958952933773395 10.072347860104834 -2.698963519114691 0.27106924761030915 16.904228095714203 4.740872958208587 8.548918701820991 -1.064194260579736 2.558109224841534 18.43633480514077 -3.8243919083928546 4.308697135087751 -0.14371538952202556 -9.617627639133486 -7.468138343643796 -10.977916319606658 -1.9241972899202153
13.346693386773547 7.748057704452744 -1.1337711087465507 2.341299669291299 0.3733758577873125 -4.656961157271802 -3.2392851924246813 11.287964281017214 17.946908378912134 31.83550368294131 13.912490910986701 16.425507417466335 5.707574397323529 10.084026964051024 -2.6872844151685014 0.2827483515564986 16.915907199660392 4.752552062154776 8.56059780576718 -1.0525151566335467 2.569788328787741 18.44801390908696 -3.812712804446665 4.320376239033941 -0.13203628557583613 -9.605948535187297 -7.456459239697606 -10.966237215660469 -1.912518185974026
13.40681362725451 7.759665514861158 -1.1221632983381191 2.3529074796997307 0.38498366819574414 -4.64535334686337 -3.2276773820162497 11.299572091425645 17.958516189320566 31.847111493349733 13.924098721395115 16.437115227874767 5.719182207731943 10.095634774459455 -2.6756766047600697 0.2943561619649302 16.927515010068824 4.764159872563208 8.572205616175612 -1.0409073462251328 2.581396139196155 18.45962171949539 -3.8011049940382513 4.331984049442372 -0.12042847516742228 -9.594340724778865 -7.444851429289175 -10.954629405252055 -1.900910375565612
13.46693386773547 7.771203549382371 -1.1106252638169067 2.364445514220943 0.3965217027169565 -4.633815312342158 -3.2161393474950373 11.311110125946858 17.970054223841778 31.85864952787095 13.935636755916327 16.44865326239598 5.730720242253173 10.107172808980668 -2.6641385702388574 0.3058941964861426 16.939053044590036 4.77569790708442 8.583743650696825 -1.0293693117039204 2.5929341737173672 18.471159754016604 -3.789566959517039 4.343522083963585 -0.1088904406462099 -9.582802690257653 -7.433313394767962 -10.943091370730842 -1.8893723410443997
13.527054108216433 7.782673220842611 -1.0991555923566665 2.3759151856811656 0.407991374177179 -4.622345640881935 -3.204669676034797 11.322579797407098 17.981523895302 31.870119199331175 13.947106427376568 16.46012293385622 5.742189913713395 10.118642480440908 -2.652668898778617 0.3173638679463828 16.95052271605026 4.787167578544643 8.595213322157047 -1.0178996402436802 2.6044038451776075 18.482629425476826 -3.7780972880567987 4.354991755423807 -0.09742076918596965 -9.57133301879743 -7.42184372330774 -10.931621699270602 -1.8779026695841594
13.587174348697394 7.7940755461504985 -1.0877532670487788 2.387317510989071 0.4193936994850844 -4.610943315574048 -3.1932673507269094 11.333982122714986 17.992926220609906 31.881521524639073 13.958508752684455 16.471525259164107 5.753592239021283 10.130044805748796 -2.6412665734707295 0.3287661932542705 16.961925041358146 4.798569903852548 8.606615647464952 -1.0064973149357925 2.615806170485495 18.494031750784732 -3.766694962748911 4.3663940807317125 -0.086018443878082 -9.559930693489525 -7.4104413979998345 -10.920219373962714 -1.8665003442762718
13.647294589178356 7.805411693102773 -1.0764171200965045 2.3986536579413276 0.4307298464373588 -4.599607168621773 -3.181931203774635 11.34531826966726 18.00426236756218 31.892857671591347 13.96984489963673 16.48286140611638 5.764928385973557 10.14138095270107 -2.629930426518455 0.34010234020654484 16.97326118831042 4.809906050804805 8.617951794417227 -0.9951611679835182 2.6271423174377695 18.505367897737006 -3.7553588157966367 4.377730227683987 -0.07468229692580763 -9.548594546537268 -7.399105251047578 -10.90888322701044 -1.8551641973239974
13.707414829659317 7.816682930131673 -1.0651458830676042 2.409924894970228 0.44200108346624134 -4.588335931592873 -3.1706599667457347 11.35658950669616 18.015533604591063 31.90412890862024 13.98111613666563 16.49413264314528 5.776199623002458 10.15265218972997 -2.618659189489555 0.35137357723544516 16.98453242533932 4.821177287833705 8.62922303144611 -0.9838899309546179 2.63841355446667 18.51663913476589 -3.7440875787677363 4.3890014647128694 -0.06341105989690732 -9.537323309508368 -7.387834014018678 -10.89761198998154 -1.843892960295097
13.76753507014028 7.8278904646067105 -1.0539383485925669 2.421132429445265 0.45320861794127865 -4.577128397117836 -3.1594524322706974 11.367797041171197 18.0267411390661 31.915336443095274 13.992323671140667 16.50534017762032 5.787407157477495 10.163859724205007 -2.6074516550145175 0.3625811117104647 16.995739959814358 4.832384822308742 8.640430565921147 -0.9726823964795805 2.649621088941707 18.527846669240926 -3.732880044292699 4.400208999187907 -0.05220352542187001 -9.52611577503333 -7.37662647954364 -10.886404455506502 -1.8326854258200598
13.827655310621243 7.839035270043837 -1.042793543155458 2.432277234882392 0.46435342337840524 -4.565983591680709 -3.1483076268335886 11.378941846608306 18.037885944503227 31.926481248532394 14.003468476577776 16.516484983057428 5.798551962914622 10.175004529642116 -2.5963068495774086 0.3737259171475913 17.006884765251485 4.843529627745869 8.651575371358273 -0.961537591042454 2.660765894378816 18.538991474678053 -3.7217352388555724 4.411353804625033 -0.04105871998474342 -9.514970969596204 -7.365481674106514 -10.875259650069376 -1.8215406203829332
