web/models/kne/5/mosfit_kn_0.001862_0.2337_10.0000.dat
# %ECSV 1.0
# ---
# datatype:
# - {name: time, datatype: float64}
# - {name: PS1_g, datatype: float64}
# - {name: PS1_i, datatype: float64}
# - {name: PS1_r, datatype: float64}
# - {name: PS1_w, datatype: float64}
# - {name: PS1_y, datatype: float64}
# - {name: PS1_z, datatype: float64}
# - {name: swift_uvot_B, datatype: float64}
# - {name: swift_uvot_U, datatype: float64}
# - {name: swift_uvot_uvm2, datatype: float64}
# - {name: swift_uvot_uvw1, datatype: float64}
# - {name: swift_uvot_uvw2, datatype: float64}
# - {name: swift_uvot_V, datatype: float64}
# - {name: johnson_B, datatype: float64}
# - {name: johnson_I, datatype: float64}
# - {name: johnson_R, datatype: float64}
# - {name: johnson_U, datatype: float64}
# - {name: johnson_V, datatype: float64}
# - {name: sdss_g, datatype: float64}
# - {name: sdss_i, datatype: float64}
# - {name: sdss_r, datatype: float64}
# - {name: sdss_u, datatype: float64}
# - {name: sdss_z, datatype: float64}
# - {name: ATLAS_c, datatype: float64}
# - {name: ATLAS_o, datatype: float64}
# - {name: ukirt_H, datatype: float64}
# - {name: ukirt_J, datatype: float64}
# - {name: ukirt_K, datatype: float64}
# - {name: Clear, datatype: float64}
# meta: !!omap
# - comment: [kappa = 10.0, type = rprocess, mass = 0.001861645566637777, velocity = 0.2336666666666667, theta_obs = 0.0, tfloor = 1000.0]
# schema: astropy-2.0
time PS1_g PS1_i PS1_r PS1_w PS1_y PS1_z swift_uvot_B swift_uvot_U swift_uvot_uvm2 swift_uvot_uvw1 swift_uvot_uvw2 swift_uvot_V johnson_B johnson_I johnson_R johnson_U johnson_V sdss_g sdss_i sdss_r sdss_u sdss_z ATLAS_c ATLAS_o ukirt_H ukirt_J ukirt_K Clear
[from data line 354]
21.34268537074148 14.290250846862076 5.408422033662799 8.88349281170063 6.915569000196662 1.8852319851375299 3.302907949984668 17.830157423426563 24.489101521321473 38.377696825350654 20.454684053396033 22.967700559875684 12.249767539732861 16.626220106460373 3.854908727240848 6.824941493965848 23.458100342069734 11.294745204564125 15.10279094817653 5.489677985775785 9.111981471197073 24.9902070514963 2.7294803379626664 10.86256938144329 6.4101568568334955 -3.063755392777966 -0.9142660972882753 -4.424044073251137 4.629674956435306
21.402805611222444 14.302273669020895 5.4204448558216 8.89551563385945 6.927591822355463 1.897254807296349 3.3149307721434695 17.842180245585364 24.501124343480285 38.389719647509466 20.466706875554845 22.979723382034496 12.26179036189168 16.638242928619174 3.8669315493996494 6.836964316124649 23.470123164228543 11.306768026722926 15.114813770335331 5.501700807934604 9.124004293355892 25.00222987365511 2.7415031601214856 10.874592203602091 6.422179678992315 -3.051732570619147 -0.9022432751294561 -4.412021251092318 4.641697778594125
21.462925851703407 14.314270757537706 5.432441944338429 8.90751272237626 6.939588910872292 1.90925189581316 3.326927860660298 17.854177334102193 24.513121431997106 38.40171673602629 20.478703964071663 22.991720470551314 12.273787450408491 16.650240017136003 3.878928637916478 6.848961404641478 23.48212025274536 11.318765115239755 15.12681085885216 5.513697896451415 9.136001381872703 25.014226962171932 2.7535002486382965 10.88658929211892 6.4341767675091255 -3.0397354821023184 -0.8902461866126453 -4.400024162575507 4.653694867110936
21.52304609218437 14.326242132586309 5.444413319387014 8.919484097424863 6.951560285920877 1.9212232708617627 3.338899235708901 17.866148709150796 24.52509280704571 38.41368811107488 20.490675339120255 23.003691845599906 12.285758825457094 16.662211392184588 3.890900012965081 6.860932779690063 23.494091627793956 11.33073649028834 15.138782233900745 5.525669271500018 9.147972756921305 25.026198337220535 2.7654716236868992 10.898560667167505 6.446148142557728 -3.0277641070537333 -0.8782748115640425 -4.388052787526904 4.6656662421595385
21.58316633266533 14.33818785290411 5.4563590397048145 8.931429817742664 6.963506006238678 1.9331689911795635 3.350844956026684 17.87809442946858 24.5370385273635 38.42563383139267 20.50262105943806 23.01563756591771 12.297704545774895 16.67415711250239 3.902845733282864 6.872878500007864 23.506037348111757 11.34268221060614 15.150727954218546 5.537614991817819 9.159918477239088 25.038144057538325 2.7774173440047 10.910506387485306 6.458093862875529 -3.0158183867359325 -0.8663290912462417 -4.376107067209103 4.677611962477339
21.64328657314629 14.35010799125818 5.468279178058886 8.943349956096736 6.975426144592749 1.9450891295336348 3.362765094380755 17.89001456782265 24.54895866571757 38.43755396974675 20.51454119779213 23.027557704271782 12.309624684128966 16.68607725085646 3.914765871636935 6.884798638361935 23.51795748646583 11.354602348960212 15.162648092572617 5.54953513017189 9.17183861559316 25.050064195892396 2.7893374823587713 10.922426525839377 6.4700140012296 -3.0038982483818613 -0.8544089528921704 -4.364186928855032 4.689532100831411
21.703406813627254 14.362002631362216 5.480173818162921 8.955244596200771 6.987320784696784 1.9569837696376702 3.3746597344847906 17.901909207926685 24.560853305821606 38.44944860985078 20.526435837896162 23.039452344375814 12.321519324233002 16.697971890960496 3.9266605117409883 6.89669327846597 23.529852126569864 11.366496989064247 15.174542732676652 5.561429770275925 9.183733255697213 25.061958835996432 2.8012321224628067 10.934321165943413 6.481908641333636 -2.992003608277826 -0.842514312788135 -4.352292288750997 4.701426740935446
21.763527054108216 14.373871856203397 5.49204304300412 8.967113821041952 6.999190009537983 1.9688529944788513 3.3865289593259895 17.913778432767884 24.572722530662794 38.461317834691975 20.538305062737354 23.051321569217006 12.333388549074183 16.709841115801694 3.9385297365821694 6.908562503307169 23.541721351411056 11.378366213905446 15.186411957517851 5.573298995117106 9.195602480538394 25.07382806083762 2.813101347303988 10.946190390784611 6.493777866174817 -2.9801343834366447 -0.8306450879469539 -4.340423063909816 4.713295965776627
21.82364729458918 14.385715751953523 5.503886938754228 8.978957716792078 7.011033905288091 1.9806968902289768 3.398372855076097 17.925622328517992 24.584566426412913 38.473161730442094 20.550148958487473 23.063165464967124 12.345232444824308 16.721685011551802 3.950373632332277 6.920406399057277 23.55356524716117 11.390210109655554 15.198255853267959 5.585142890867232 9.20744637628852 25.08567195658774 2.8249452430541133 10.95803428653472 6.505621761924942 -2.9682904876865193 -0.8188011921968285 -4.32857916815969 4.725139861526753
21.883767535070138 14.397534410308541 5.515705597109246 8.990776375147096 7.022852563643109 1.9925155485839952 3.4101915134311156 17.93744098687301 24.59638508476793 38.484980388797105 20.56196761684249 23.074984123322142 12.357051103179327 16.73350366990682 3.9621922906872955 6.932225057412295 23.56538390551619 11.402028768010572 15.210074511622977 5.59696154922225 9.21926503464352 25.097490614942757 2.8367639014091317 10.969852944889738 6.517440420279961 -2.956471829331501 -0.8069825338418101 -4.316760509804672 4.736958519881771
21.9438877755511 14.40932791589594 5.5274991026966624 9.002569880734494 7.034646069230526 2.0043090541713937 3.421985019018532 17.949234492460427 24.608178590355337 38.49677389438452 20.573761122429897 23.086777628909548 12.368844608766725 16.745297175494237 3.973985796274712 6.9440185629997115 23.577177411103598 11.413822273597988 15.221868017210394 5.608755054809649 9.231058540230936 25.109284120530162 2.8485574069965303 10.981646450477154 6.529233925867359 -2.9446783237440846 -0.7951890282544115 -4.304967004217273 4.7487520254691695
22.004008016032063 14.421096358623515 5.53926754542422 9.01433832346207 7.046414511958083 2.016077496898969 3.4337534617460896 17.961002935188002 24.619947033082905 38.50854233711208 20.58552956515746 23.098546071637113 12.3806130514943 16.757065618221795 3.9857542390022873 6.955787005727269 23.588945853831163 11.425590716325546 15.233636459937951 5.620523497537224 9.242826982958512 25.12105256325773 2.8603258497241058 10.993414893204712 6.541002368594935 -2.932909881016527 -0.783420585526836 -4.293198561489698 4.760520468196745
22.064128256513026 14.432839829775244 5.551011016575966 9.026081794613816 7.05815798310983 2.0278209680507153 3.4454969328978358 17.97274640633973 24.63169050423465 38.52028580826382 20.5972730363092 23.110289542788852 12.392356522646029 16.76880908937354 3.9974977101540157 6.967530476879015 23.600689324982902 11.437334187477292 15.245379931089698 5.632266968688953 9.25457045411024 25.132796034409477 2.872069320875834 11.005158364356458 6.552745839746663 -2.9211664098647807 -0.7716771143750899 -4.281455090337969 4.772263939348473
22.12424849699399 14.44455841393916 5.562729600739864 9.037800378777714 7.069876567273727 2.039539552214613 3.4572155170617336 17.98446499050363 24.64340908839855 38.53200439242772 20.60899162047311 23.12200812695276 12.404075106809945 16.78052767353744 4.0092162943179135 6.979249061042913 23.612407909146807 11.44905277164119 15.257098515253595 5.643985552852868 9.266289038274138 25.144514618573375 2.8837879050397497 11.016876948520355 6.564464423910579 -2.909447825700883 -0.7599585302111921 -4.269736506174054 4.783982523512389
22.184368737474948 14.456252198665016 5.574423385465721 9.04949416350357 7.081570351999584 2.05123333694047 3.4689093017875905 17.996158775229485 24.655102873124406 38.54369817715359 20.620685405198966 23.133701911678617 12.415768891535802 16.792221458263295 4.02091007904377 6.99094284576877 23.624101693872664 11.460746556367047 15.268792299979452 5.655679337578725 9.277982823000013 25.15620840329923 2.8954816897656066 11.028570733246212 6.576158208636436 -2.897754040975026 -0.7482647454853352 -4.258042721448197 4.795676308238246
22.24448897795591 14.467921269642936 5.586092456443659 9.06116323448149 7.093239422977504 2.06290240791839 3.480578372765528 18.007827846207423 24.666771944102337 38.55536724813151 20.632354476176882 23.145370982656534 12.427437962513721 16.803890529241215 4.032579150021708 7.00261191674669 23.635770764850584 11.472415627344967 15.280461370957372 5.667348408556645 9.289651893977933 25.167877474277162 2.9071507607435265 11.040239804224132 6.5878272796143555 -2.886084969997106 -0.7365956745074153 -4.246373650470277 4.807345379216166
22.304609218436873 14.47956571430387 5.597736901104593 9.072807679142443 7.104883867638456 2.0745468525793243 3.4922228174264625 18.019472290868357 24.678416388763278 38.56701169279245 20.643998920837827 23.15701542731748 12.439082407174656 16.815534973902167 4.044223594682642 7.014256361407642 23.64741520951153 11.484060072005919 15.292105815618324 5.678992853217579 9.301296338638867 25.179521918938104 2.918795205404461 11.051884248885084 6.59947172427529 -2.874440525336154 -0.7249512298464632 -4.234729205809343 4.8189898238771
22.364729458917836 14.491185618793416 5.609356805594139 9.084427583631971 7.116503772128002 2.0861667570688702 3.5038427219160084 18.031092195357903 24.690036293252817 38.57863159728199 20.655618825327373 23.168635331807025 12.450702311664202 16.827154878391713 4.055843499172188 7.025876265897188 23.659035114001064 11.495679976495447 15.303725720107852 5.690612757707125 9.312916243128413 25.191141823427643 2.9304151098940068 11.063504153374613 6.611091628764836 -2.862820620846626 -0.713331325356935 -4.223109301319797 4.830609728366646
22.4248496993988 14.502781070596544 5.620952257397267 9.096023035435099 7.1280992239311125 2.0977622088719983 3.5154381737191365 18.04268764716103 24.70163174505594 38.590227049085115 20.6672142771305 23.180230783610146 12.46229776346733 16.83875033019484 4.067438950975316 7.037471717700298 23.670630565804192 11.507275428298575 15.31532117191098 5.702208209510253 9.324511694931541 25.202737275230767 2.942010561697135 11.07509960517774 6.622687080567964 -2.8512251690434978 -0.701735873553807 -4.211513849516669 4.842205180169774
22.484969939879758 14.514352155863808 5.6325233426645305 9.107594120702363 7.139670309198376 2.1093332941392617 3.5270092589864 18.054258732428295 24.713202830323205 38.60179813435238 20.678785362397765 23.191801868877416 12.473868848734593 16.850321415462105 4.07901003624258 7.04904280296758 23.682201651071455 11.518846513565839 15.326892257178244 5.713779294777517 9.336082780198804 25.21430836049803 2.9535816469643983 11.086670690445004 6.634258165835227 -2.8396540837762343 -0.6901647882865435 -4.199942764249405 4.8537762654370376
22.54509018036072 14.525898960767663 5.6440701475683674 9.119140925606217 7.151217114102231 2.1208800990431165 3.538556063890237 18.06580553733215 24.724749635227063 38.61334493925623 20.69033216730161 23.20334867378126 12.485415653638448 16.861868220365942 4.090556841146435 7.0605896078714165 23.69374845597531 11.530393318469693 15.338439062082099 5.7253260996813715 9.34762958510266 25.225855165401878 2.965128451868253 11.098217495348859 6.645804970739082 -2.8281072788723796 -0.6786179833826887 -4.18839595934555 4.865323070340892
22.605210420841683 14.537421568343465 5.655592755144188 9.130663533182037 7.162739721678051 2.1324027066189366 3.550078671466057 18.077328144907952 24.736272242802873 38.62486754683204 20.70185477487743 23.21487128135708 12.496938261214268 16.873390827941762 4.102079448722237 7.072112215447237 23.705271063551123 11.541915926045514 15.349961669657919 5.736848707257192 9.359152192678462 25.2373777729777 2.976651059444073 11.109740102924679 6.657327578314884 -2.8165846712965594 -0.6670953758068686 -4.17687335176973 4.876845677916712
22.665330661322646 14.548920064555126 5.667091251355849 9.142162029393681 7.174238217889712 2.1439012028305804 3.5615771676777186 18.088826641119613 24.747770739014527 38.63636604304371 20.713353271089083 23.226369777568735 12.508436757425912 16.884889324153423 4.1135779449338985 7.083610711658898 23.71676955976278 11.553414422257157 15.36146016586958 5.748347203468835 9.370650688890123 25.248876269189353 2.988149555655717 11.12123859913634 6.668826074526546 -2.8050861750849156 -0.6555968795952248 -4.1653748555580865 4.888344174128356
22.725450901803605 14.560394534074916 5.678565720875621 9.153636498913471 7.1857126874094845 2.1553756723503703 3.5730516371974907 18.100301110639386 24.759245208534306 38.647840512563484 20.724827740608863 23.237844247088514 12.519911226945702 16.896363793673196 4.125052414453671 7.09508518117867 23.728244029282564 11.564888891776947 15.372934635389353 5.759821672988625 9.382125158409895 25.260350738709132 2.999624025175507 11.132713068656113 6.680300544046336 -2.7936117055651257 -0.6441224100754349 -4.153900386038297 4.899818643648146
22.785571142284567 14.571845060912505 5.690016247713228 9.16508702575106 7.197163214247073 2.166826199187959 3.584502164035097 18.111751637476992 24.770695735371902 38.659291039401076 20.736278267446462 23.249294773926106 12.53136175378329 16.907814320510802 4.136502941291277 7.106535708016259 23.739694556120153 11.576339418614536 15.384385162226941 5.771272199826214 9.393575685247502 25.271801265546728 3.0110745520130955 11.144163595493701 6.6917510708839245 -2.782161178727537 -0.6326718832378463 -4.142449859200708 4.911269170485735
22.84569138276553 14.583271730513871 5.701442917314594 9.176513695352426 7.2085898838484574 2.1782528687893254 3.5959288336364637 18.12317830707836 24.782122404973272 38.67071770900244 20.74770493704783 23.26072144352748 12.542788423384657 16.91924099011217 4.147929610892644 7.117962377617643 23.751121225721526 11.587766088215902 15.395811831828325 5.7826988694275805 9.405002354848868 25.283227935148098 3.022501221614462 11.155590265095086 6.703177740485291 -2.7707345091261706 -0.6212452136364798 -4.1310231895993414 4.922695840087101
22.905811623246493 14.594674625174804 5.7128458119755265 9.187916590013359 7.21999277850939 2.189655763450258 3.607331728297396 18.13458120173929 24.793525299634204 38.68212060366337 20.75910783170876 23.272124338188412 12.55419131804559 16.9306438847731 4.159332505553576 7.129365272278576 23.76252412038246 11.599168982876835 15.40721472648924 5.794101764088513 9.4164052495098 25.29463082980903 3.0339041162753944 11.166993159756018 6.714580635146223 -2.7593316144652382 -0.6098423189755474 -4.119620294938409 4.934098734748034
22.965931863727455 14.606053829208356 5.724225016009079 9.199295794046929 7.231371982542942 2.2010349674838103 3.6187109323309485 18.145960405772843 24.804904503667757 38.69349980769694 20.770487035742313 23.283503542221965 12.565570522079142 16.942023088806653 4.1707117095871284 7.140744476312128 23.77390332441601 11.610548186910405 15.41859393052281 5.805480968122065 9.427784453543353 25.306010033842583 3.045283320308947 11.17837236378957 6.725959839179776 -2.747952410431668 -0.5984631149419949 -4.108241090904857 4.945477938781586
23.026052104208414 14.61740942609639 5.735580612897113 9.210651390934945 7.242727579430959 2.2123905643718444 3.6300665292189827 18.157316002660878 24.816260100555787 38.70485540458496 20.781842632630347 23.29485913911 12.576926118967176 16.953378685694688 4.182067306475163 7.1521000732001445 23.785258921304038 11.621903783798421 15.429949527410827 5.8168365650100995 9.439140050431387 25.317365630730613 3.056638917196981 11.189727960677587 6.73731543606781 -2.7365968135436516 -0.5871075180539608 -4.0968854940168224 4.95683353566962
