web/models/kne/5/mosfit_kn_0.001000_0.2493_3.6500.dat
# %ECSV 1.0
# ---
# datatype:
# - {name: time, datatype: float64}
# - {name: PS1_g, datatype: float64}
# - {name: PS1_i, datatype: float64}
# - {name: PS1_r, datatype: float64}
# - {name: PS1_w, datatype: float64}
# - {name: PS1_y, datatype: float64}
# - {name: PS1_z, datatype: float64}
# - {name: swift_uvot_B, datatype: float64}
# - {name: swift_uvot_U, datatype: float64}
# - {name: swift_uvot_uvm2, datatype: float64}
# - {name: swift_uvot_uvw1, datatype: float64}
# - {name: swift_uvot_uvw2, datatype: float64}
# - {name: swift_uvot_V, datatype: float64}
# - {name: johnson_B, datatype: float64}
# - {name: johnson_I, datatype: float64}
# - {name: johnson_R, datatype: float64}
# - {name: johnson_U, datatype: float64}
# - {name: johnson_V, datatype: float64}
# - {name: sdss_g, datatype: float64}
# - {name: sdss_i, datatype: float64}
# - {name: sdss_r, datatype: float64}
# - {name: sdss_u, datatype: float64}
# - {name: sdss_z, datatype: float64}
# - {name: ATLAS_c, datatype: float64}
# - {name: ATLAS_o, datatype: float64}
# - {name: ukirt_H, datatype: float64}
# - {name: ukirt_J, datatype: float64}
# - {name: ukirt_K, datatype: float64}
# - {name: Clear, datatype: float64}
# meta: !!omap
# - comment: [kappa = 3.65, type = rprocess, mass = 0.001, velocity = 0.24933333333333338, theta_obs = 0.0, tfloor = 1000.0]
# schema: astropy-2.0
time PS1_g PS1_i PS1_r PS1_w PS1_y PS1_z swift_uvot_B swift_uvot_U swift_uvot_uvm2 swift_uvot_uvw1 swift_uvot_uvw2 swift_uvot_V johnson_B johnson_I johnson_R johnson_U johnson_V sdss_g sdss_i sdss_r sdss_u sdss_z ATLAS_c ATLAS_o ukirt_H ukirt_J ukirt_K Clear
0.06012024048096192 -11.460806250746938 -11.193233810110002 -11.35307661226502 -11.369885090373 -10.89400634559885 -11.027567124402466 -11.350557497117741 -12.383518288611235 -12.284839419561976 -12.352507361365621 -11.970849329805876 -11.429461678712205 -11.364003207647503 -11.560644862230191 -11.530401781692607 -12.15965937605936 -11.439724172341206 -11.467592009149534 -11.206848319434677 -11.355550087729007 -11.395535709907136 -10.997734832706527 -11.43461312704618 -11.304952331239075 -10.067284906624677 -10.546182834425542 -9.593783806537067 -11.308319189722038
0.12024048096192384 -12.091576696726758 -12.076964809275275 -12.142163109231383 -12.1164425773995 -11.866478463188788 -11.966273482232985 -11.902790492059989 -12.719853564455619 -12.036499281216763 -12.321212183576442 -11.595813767478557 -12.145610086137363 -11.92161409174036 -12.469461079355952 -12.341884023211104 -12.537992380323583 -12.160459606292962 -12.076153841193804 -12.088194729975736 -12.144438493295073 -11.763033864409387 -11.944785757348289 -12.121216855984116 -12.131478571524337 -11.1573444167003 -11.582497038431592 -10.72002256561907 -12.075441986934319
0.18036072144288576 -12.335399369312938 -12.518266139267986 -12.508935811904092 -12.457051092483535 -12.378041230531043 -12.451056305093626 -12.084406319616356 -12.73552014266837 -11.616744325238479 -12.079104331159858 -11.113865659125505 -12.454348436401716 -12.108149016307465 -12.930717088542682 -12.726880940979274 -12.585243269203723 -12.473344662342337 -12.302650371439245 -12.52760225741154 -12.510824694105906 -11.80139928683948 -12.436305711761282 -12.410652272566658 -12.528805591075365 -11.761805781761206 -12.144671446431088 -11.352760098423909 -12.435152388185209
0.24048096192384769 -12.4224537748211 -12.778113960509838 -12.703068924592209 -12.633308430467363 -12.700246476824493 -12.74944179760455 -12.11644837143184 -12.624119453154172 -11.136819043671483 -11.760732709950723 -10.607045609921236 -12.596921889839454 -12.145037333783971 -13.208331210836956 -12.937534115940867 -12.500672905483025 -12.619971131334589 -12.374562765462276 -12.785767204551615 -12.704445031669547 -11.708759634117758 -12.740773182844283 -12.53908572720281 -12.75067908171497 -12.166578454657431 -12.51194767258095 -11.782507179112132 -12.630280134787544
0.3006012024048096 -12.419735252139343 -12.93541712076479 -12.799097977204 -12.716885747926447 -12.916089196951024 -12.942869301127384 -12.062309061952583 -12.438400969918835 -10.618470504161056 -11.397814811952287 -10.087830184789034 -12.644560148885226 -12.095855547956024 -13.382355414013666 -13.049365011489684 -12.339197637652656 -12.671727800911723 -12.357834893066553 -12.941489831854422 -12.799849296156847 -11.539565969517653 -12.9400019690633 -12.575922720469066 -12.873260720807469 -12.460178730294514 -12.770287676402761 -12.099532892410492 -12.733088552308818
0.3607214428857715 -12.354794463081262 -13.023982617254717 -12.828521779629032 -12.737988011828811 -13.061545129671295 -13.066486380517475 -11.94760700947808 -12.198418789279053 -10.066037001871923 -11.000608997820365 -9.557371216964107 -12.626988923329325 -11.986349775196 -13.487207280116326 -13.094420679364955 -12.121983032277399 -12.658446306031193 -12.279462680984405 -13.028519372728553 -12.828535076693406 -11.314721577299274 -13.069344695434388 -12.5500539146228 -12.928951220257279 -12.681522102940493 -12.957250766519921 -12.343679642562078 -12.774184616549604
0.42084168336673344 -12.24056803218506 -13.060748127902713 -12.806787421869181 -12.711437500792346 -13.154970198202793 -13.138104134101045 -11.784009454488686 -11.912313714513107 -9.478060394265992 -10.572121046110574 -9.013808682209937 -12.558485146075277 -11.828300208375374 -13.540227099671142 -13.088530747568765 -11.857854673726369 -12.594494176075004 -12.15202658233176 -13.063755694845085 -12.805939846534091 -11.042868028477475 -13.146753105322464 -12.47534477735897 -12.933823686163581 -12.850907206346507 -13.092241458015755 -12.535855356765955 -12.76873440839232
0.48096192384769537 -12.081813786588995 -13.053891131318913 -12.74077516774108 -12.643849818048878 -13.205800790339506 -13.16667137954946 -11.575150973589487 -11.580770862229706 -8.847612851207266 -10.10996965657526 -8.451785870111873 -12.444882419878162 -11.625476540583154 -13.549953554119824 -13.038942329989258 -11.548045094186119 -12.485811073034261 -11.97997957548731 -13.055342671855943 -12.738924475444229 -10.725061261769966 -13.181308551802395 -12.35743708606547 -12.895356436294989 -12.979517388565059 -13.185642031510072 -12.687786547769003 -12.7237624491379
0.5410821643286573 -11.877907609505822 -13.00625873812308 -12.631989589025086 -12.536749694914953 -13.218215397952449 -13.155846517928467 -11.319227197814971 -11.199057573835276 -8.162810468940535 -9.607692993468486 -7.863047751016218 -12.286572605171965 -11.37625417645268 -13.519619610768558 -12.947576777275327 -11.188338379999873 -12.332928136770887 -11.762387820102056 -13.006091869974643 -12.62896156158547 -10.356885420123412 -13.176817866181647 -12.196701424357173 -12.815730392190456 -13.07340664651061 -13.242648860006215 -12.806106725437568 -12.641331690391606
0.6012024048096192 -11.62748581285797 -12.919168063885706 -12.480694557127183 -12.390663106044872 -13.194606121507064 -13.107595877710256 -11.013917891052209 -10.762594329727726 -7.413876407896807 -9.060994982763066 -7.242949048578907 -12.082910076283213 -11.078503453599286 -13.450858280313362 -12.815072771254698 -10.774531716506434 -12.13534390024346 -11.497645946239423 -12.91729185613784 -12.476276813260512 -9.933960032085931 -13.135377803622443 -11.992643374522665 -12.695805803198947 -13.136534784125418 -13.266503240580361 -12.89526451455586 -12.52248796437394
0.6613226452905812 -11.352905786368162 -12.80889304491863 -12.305563549683054 -12.224175471721157 -13.148896087609465 -13.036748050666596 -10.683576875091891 -10.300508230669294 -6.641501128310348 -8.5051825640085 -6.629713487979302 -11.854476352826577 -10.75635983120176 -13.359270610027789 -12.659465644111709 -10.334918414981075 -11.913454756109976 -11.208638170591936 -12.805280231313887 -12.299582130245472 -9.484893358855508 -13.071579136708493 -11.76598197225335 -12.553156726444357 -13.179700978551166 -13.269410165229905 -12.96514117323319 -12.384845247880385
0.721442885771543 -11.042840926409898 -12.669077185840756 -12.098291930874918 -12.029293361505413 -13.076680029215861 -12.938132315008666 -10.315150067132663 -9.79564856664398 -5.819091670647583 -7.922263021158535 -6.003099687364827 -11.591317298054939 -10.397078938330523 -13.239071231538794 -12.473100746916465 -9.85304115772933 -11.657544325876453 -10.883595284110203 -12.663648361531106 -12.090513669729166 -8.992920057072595 -12.980478202219423 -11.506912452559135 -12.380520837477569 -13.201263221000586 -13.248467532185744 -13.014945576307342 -12.22130305071854
0.781563126252505 -10.70003654154748 -12.502347300770644 -11.861558500875802 -11.808862676125091 -12.980558552648969 -12.814350871643558 -9.911360355064069 -9.250729128543895 -4.9497611405534085 -7.317750182421001 -5.368227654045089 -11.296084426860926 -10.003471755384247 -13.092888855206628 -12.258735120837205 -9.331598795816422 -11.370322125254562 -10.525265994829418 -12.495024212402779 -11.85173173463209 -8.460711019757152 -12.86469494618471 -11.218270331624414 -12.180654651098077 -13.203888371804558 -13.206303095565895 -13.047388425384943 -12.034760649290597
0.8416833667334669 -10.318906447168441 -12.305627120126434 -11.5912928139627 -11.559264222718681 -12.858487999139498 -12.662945574216486 -9.465678989857082 -8.657101964711558 -4.020558679934772 -6.685145430236705 -4.717319666013932 -10.963791126384585 -9.569272077546977 -12.917959764243953 -12.012733043669225 -8.762275800737093 -11.04699486979669 -10.127835311403945 -12.296304357000292 -11.579112328290435 -7.879754941305688 -12.721913586181604 -10.895392273485403 -11.950138267228105 -13.187091728060308 -13.141715470384073 -13.062483306322344 -11.822177770962963
0.9018036072144289 -9.89884150932852 -12.07896084098202 -11.287280403773998 -11.280635992956434 -12.710811588902171 -12.484130165684135 -8.977180933563506 -8.013202443365675 -3.0292350433868824 -6.02594533771418 -4.050552347781004 -10.593899169875886 -9.093744357251431 -12.71443089746792 -11.735113837678607 -8.143588050307457 -10.687157495753377 -9.690628140520658 -12.067525685568352 -11.272401953380538 -7.248474102962579 -12.552414378794712 -10.538060604588608 -11.68905493227097 -13.151770750027152 -13.055340297088838 -13.061328018674645 -11.583948702746909
0.9619238476953907 -9.438411716036104 -11.821732109665817 -10.948583695203737 -10.972430892084084 -12.53727736890605 -12.277496249043622 -8.444057524079842 -7.316443448089167 -1.972391525758968 -5.340322278730536 -3.36623725131162 -10.185077947559204 -8.575306755750706 -12.481811000146934 -11.425222966382595 -7.473051405409105 -10.289640124864563 -9.212134111443007 -11.80806297325617 -10.930617150744926 -6.564273462807169 -12.355869000244688 -10.145306206111453 -11.39682183715804 -13.09832919352404 -12.94727337111018 -13.044561985215298 -11.319828856185712
1.0220440881763526 -8.936941475833926 -11.533734193552085 -10.574815308557142 -10.634609393503496 -12.337899720699284 -12.042957231078333 -7.865374146927798 -6.5653785448351165 -0.8485653986302237 -4.629012745446968 -2.6628707724246534 -9.736651995011993 -8.013254820063128 -12.219979779102054 -11.08293701798597 -6.749281534917657 -9.853929978093346 -8.691628014565786 -11.517704687460313 -10.553325248222283 -5.825674322352565 -12.132260118747418 -9.716813294762563 -11.073348232959432 -13.027237393879536 -12.817768469083768 -13.012834378910776 -11.030017876308023
1.0821643286573146 -8.394005618547986 -11.214861691968299 -10.165752996189745 -10.26725584284204 -12.112727111242716 -11.780486565029733 -7.240503333981173 -5.758979523427747 0.3428433252633285 -3.8922880802627087 -1.9383117839609052 -9.248154722521022 -7.407203413579641 -11.92890157733703 -10.708302036389245 -5.971300270297661 -9.379733330395704 -8.128649044889276 -11.196342720466852 -10.140257898937044 -5.031610423973856 -11.881628091946741 -9.252466269328146 -10.718685784841888 -12.93890025518852 -12.66706078277634 -12.966701042839135 -10.714808588030564
1.1422845691382766 -7.80905427744079 -10.864879809362833 -9.721051598286543 -9.870304069448483 -11.861670057512761 -11.489922518427544 -6.568701388505565 -4.896097707169336 1.6023493867427847 -3.1294051389738615 -1.1894932962230373 -8.71899304304047 -6.756672550247242 -11.608411829077482 -10.30126604294604 -5.138017796278255 -8.866648707107261 -7.522613260073072 -10.843740180864305 -9.691021371072317 -4.1809014345195195 -11.60388306439117 -8.752016502393634 -10.332769916144535 -12.833565707163038 -12.495239613508227 -12.906556154443772 -10.374342534206491
1.2024048096192383 -7.182939082017814 -10.48445593524617 -9.24147469286428 -9.444653666167646 -11.585322594352014 -11.17187381671636 -5.850822688325198 -3.9775837116904 2.9274361067879413 -2.3406145699850884 -0.4145888734772494 -8.149862443960611 -6.06275092488627 -11.259185439306851 -9.862826865657787 -4.250292562050763 -8.315545608776327 -6.874384707125465 -10.460568615219508 -9.206339230034128 -3.2743519737936033 -11.299682793143617 -8.216419904897947 -9.916519312184437 -12.711830764636696 -12.302899287948177 -12.83303820802775 -10.009602302932024
1.2625250501002003 -6.516661217216537 -10.074342675318508 -8.72790284445708 -8.991244741520958 -11.284325480337625 -10.827011512916851 -5.087914129217604 -3.0045346285069208 4.315092544205609 -1.525760964551441 0.3882701674833702 -7.541608286649464 -5.326717310339845 -10.88197229208059 -9.394099058798925 -3.309235417342571 -7.727448697511378 -6.184985120983946 -10.04758630943142 -8.68705488604073 -2.3130276918452175 -10.969746008315386 -7.646725788939772 -9.47093883075322 -12.574261851568805 -12.090643093230751 -12.746726805083311 -9.621581355254012
1.3226452905811623 -5.811929503861872 -9.635761092722053 -8.181787064180632 -8.511466409391488 -10.959674873741356 -10.45640782195699 -4.2818419618059265 -1.9790690175708467 5.760808043687217 -0.6852545256637472 1.22002946054964 -6.895749343495628 -4.550640393881963 -10.477957095131522 -8.896729314741034 -2.316963195132289 -7.104043307910392 -5.456168115149556 -9.606023540480741 -8.134590639059933 -1.2990249379249796 -10.615179981881688 -7.044562427459695 -8.997518216067029 -12.421589366863282 -11.859330335783243 -12.64829904439688 -9.211645042527561
1.3827655310621243 -5.071678021016464 -9.170758862522828 -7.605570632195899 -8.007526582318558 -10.613010814665262 -10.061853420238975 -3.435874514984799 -0.9050497387187126 7.257715571541305 0.1791246892195102 2.079952541846201 -6.21496892763495 -3.7379270552244255 -10.049094651780035 -8.37327302044595 -1.2773009525866752 -6.44814284439773 -4.690951610680987 -9.137942522916891 -7.5513763749841445 -0.2361903048925562 -10.237785155641888 -6.412581871485603 -8.498595843034202 -12.254885866263033 -11.61030498820393 -12.538669911770162 -8.78184982151911
1.442885771543086 -4.2992959634145045 -8.681703205008677 -7.00207420188498 -7.481897070246877 -10.246222458294714 -9.645418137109214 -2.5538139217561193 0.2129923274364922 8.798232182835616 1.0649984224176028 2.966430428196795 -5.502409695539037 -2.892466937363278 -9.597635016038463 -7.826610174006572 -0.19473592261248773 -5.762994390444082 -3.892824010649587 -8.645727311554516 -6.940231272694426 0.8709431073900831 -9.839628367565272 -5.75378397819966 -7.976803079208121 -12.075337824527528 -11.345090727511787 -12.41881431542314 -8.334449895940654
1.503006012024048 -3.4990288002659753 -8.171554870072164 -6.374818993604094 -6.937606698158678 -9.861668503018262 -9.209693715079084 -1.6404450630110212 1.3692965858149189 10.373456985525348 1.9688727244149011 3.8765014400858147 -4.762050433227015 -2.0190519923025048 -9.126379479406694 -7.26022850412613 0.9250409461836352 -5.052633397582562 -3.0661567035553716 -8.13235903228895 -6.304692343210743 2.0166009310550237 -9.423274685250878 -5.071866433914334 -7.435343821715232 -11.884384532254797 -11.065565978805195 -12.289879166244349 -7.872151530329496
1.56312625250501 -2.6757728996482477 -7.64373309913994 -5.727860756147685 -6.378099020090406 -9.4620740369996 -8.75767853989844 -0.7013007262400806 2.55715885491524 11.973720123450061 2.8863976358200287 4.806122482037068 -3.99851734151125 -1.1231366583675177 -8.638553588678583 -6.678054467177319 2.0754179613830526 -4.321689582728838 -2.215991902712773 -7.6012797850227365 -5.6488484293301156 3.1940542386217885 -8.991673086849694 -4.371048260827557 -6.8778423354539875 -11.683663680560075 -10.773885686885832 -12.153144381629984 -7.397985288345712
1.6232464929859718 -1.8348060441899783 -7.1019336660579135 -5.065569838526471 -5.8070478810060955 -9.05038907025677 -8.292620328629905 0.2576464550739466 3.769308394425508 13.589194784956465 3.8127212288059025 5.750529290084071 -3.2168307073044504 -0.21053315774592846 -8.13763644389492 -6.084239135968208 3.2492348963378848 -3.5751329122223625 -1.3477645529367166 -7.056209373089732 -4.9771185909144045 4.395998718638836 -8.548002121414395 -3.655841638791202 -6.30814853228749 -11.47493407381697 -10.472372984789933 -12.009967342097612 -6.915144716294943
1.6833667334669338 -0.9815704784657164 -6.54997936265918 -4.392452199953194 -5.228212316399379 -8.629671487095933 -7.817886236802316 1.2302330995936728 4.9982127629965944 15.210332649668864 4.742783938347088 6.704541097501245 -2.4221967015712247 0.7128305240156292 -7.627220581952346 -5.482987038793355 4.4390851244004175 -2.818066331676527 -0.4670784393457872 -6.500994681025869 -4.294070788396578 5.6148635406924186 -8.095542710466468 -2.930871795872818 -5.730183848497301 -11.260011860989712 -10.163429492824852 -11.861738408382736 -6.4268620712118185
