web/models/kne/5/mosfit_kn_0.001513_0.4373_10.0000.dat
# %ECSV 1.0
# ---
# datatype:
# - {name: time, datatype: float64}
# - {name: PS1_g, datatype: float64}
# - {name: PS1_i, datatype: float64}
# - {name: PS1_r, datatype: float64}
# - {name: PS1_w, datatype: float64}
# - {name: PS1_y, datatype: float64}
# - {name: PS1_z, datatype: float64}
# - {name: swift_uvot_B, datatype: float64}
# - {name: swift_uvot_U, datatype: float64}
# - {name: swift_uvot_uvm2, datatype: float64}
# - {name: swift_uvot_uvw1, datatype: float64}
# - {name: swift_uvot_uvw2, datatype: float64}
# - {name: swift_uvot_V, datatype: float64}
# - {name: johnson_B, datatype: float64}
# - {name: johnson_I, datatype: float64}
# - {name: johnson_R, datatype: float64}
# - {name: johnson_U, datatype: float64}
# - {name: johnson_V, datatype: float64}
# - {name: sdss_g, datatype: float64}
# - {name: sdss_i, datatype: float64}
# - {name: sdss_r, datatype: float64}
# - {name: sdss_u, datatype: float64}
# - {name: sdss_z, datatype: float64}
# - {name: ATLAS_c, datatype: float64}
# - {name: ATLAS_o, datatype: float64}
# - {name: ukirt_H, datatype: float64}
# - {name: ukirt_J, datatype: float64}
# - {name: ukirt_K, datatype: float64}
# - {name: Clear, datatype: float64}
# meta: !!omap
# - comment: [kappa = 10.0, type = rprocess, mass = 0.001513321957917195, velocity = 0.4373333333333333, theta_obs = 0.0, tfloor = 1000.0]
# schema: astropy-2.0
time PS1_g PS1_i PS1_r PS1_w PS1_y PS1_z swift_uvot_B swift_uvot_U swift_uvot_uvm2 swift_uvot_uvw1 swift_uvot_uvw2 swift_uvot_V johnson_B johnson_I johnson_R johnson_U johnson_V sdss_g sdss_i sdss_r sdss_u sdss_z ATLAS_c ATLAS_o ukirt_H ukirt_J ukirt_K Clear
[from data line 207]
12.50501002004008 15.194012675785125 6.312183862585847 9.78725464062368 7.819330829119693 2.7889938140605786 4.206669778907717 18.73391925234961 25.392863350244525 39.2814586542737 21.35844588231907 23.871462388798722 13.15352936865591 17.529981935383404 4.758670556163897 7.728703322888879 24.361862170992772 12.198507033487155 16.00655277709956 6.393439814698834 10.015743300120121 25.89396888041935 3.633242166885715 11.766331210366321 7.313918685756544 -2.1599935638549166 -0.010504268365226554 -3.520282244328088 5.533436785358354
12.565130260521041 15.216847253986572 6.335018440787277 9.810089218825127 7.84216540732114 2.8118283922620257 4.229504357109146 18.75675383055106 25.41569792844596 39.30429323247514 21.381280460520518 23.89429696700017 13.176363946857357 17.55281651358485 4.781505134365344 7.751537901090326 24.38469674919422 12.221341611688603 16.029387355301008 6.416274392900281 10.038577878321568 25.916803458620787 3.6560767450871623 11.789165788567768 7.336753263957991 -2.1371589856534694 0.012330309836220632 -3.4974476661266407 5.556271363559802
12.625250501002004 15.239593453755234 6.357764640555956 9.832835418593806 7.8649116070898195 2.8345745920307053 4.252250556877826 18.77950003031972 25.43844412821464 39.327039432243815 21.4040266602892 23.917043166768853 13.199110146626037 17.57556271335353 4.804251334134006 7.774284100859005 24.40744294896289 12.244087811457282 16.052133555069688 6.4390205926689426 10.06132407809023 25.939549658389467 3.678822944855824 11.811911988336448 7.359499463726653 -2.11441278588479 0.03507650960490016 -3.474701466357979 5.579017563328481
12.685370741482965 15.262240280875812 6.380411467676534 9.855482245714384 7.887558434210398 2.8572214191512835 4.274897383998404 18.8021468574403 25.46109095533522 39.34968625936439 21.426673487409776 23.93968999388942 13.221756973746615 17.59820954047411 4.826898161254584 7.7969309279795835 24.43008977608347 12.26673463857786 16.074780382190266 6.461667419789521 10.083970905210808 25.962196485510045 3.7014697719764023 11.834558815457026 7.382146290847231 -2.0917659587642117 0.05772333672547836 -3.4520546392374007 5.601664390449059
12.745490981963927 15.28479741321819 6.402968600018895 9.878039378056744 7.910115566552758 2.8797785514936436 4.297454516340764 18.82470398978266 25.48364808767758 39.37224339170675 21.44923061975214 23.96224712623179 13.244314106088975 17.62076667281647 4.849455293596944 7.819488060321944 24.452646908425837 12.28929177092022 16.097337514532626 6.484224552131899 10.106528037553169 25.984753617852405 3.72402690431878 11.857115947799386 7.404703423189609 -2.0692088264218516 0.08028046906783848 -3.429497506895023 5.624221522791419
12.80561122244489 15.30726441474231 6.4254356015430325 9.900506379580865 7.932582568076896 2.9022455530177638 4.319921517864902 18.847170991306797 25.506115089201707 39.39471039323089 21.471697621276267 23.984714127755918 13.266781107613095 17.643233674340607 4.871922295121082 7.841955061846082 24.475113909949968 12.31175877244434 16.119804516056764 6.506691553656019 10.128995039077306 26.007220619376533 3.7464939058429003 11.879582949323524 7.427170424713729 -2.0467418248977314 0.10274747059195866 -3.4070305053709027 5.64668852431554
12.86573146292585 15.329641550814124 6.447812737614829 9.922883515652678 7.954959704148692 2.9246226890895777 4.342298653936698 18.869548127378593 25.528492225273514 39.4170875293027 21.49407475734807 24.00709126382772 13.28915824368491 17.665610810412403 4.894299431192878 7.864332197917878 24.49749104602177 12.334135908516155 16.14218165212856 6.529068689727833 10.15137217514912 26.02959775544834 3.7688710419147142 11.90196008539532 7.449547560785543 -2.0243646888259175 0.12512460666377256 -3.3846533692990888 5.6690656603873535
12.925851703406813 15.351929321182674 6.470100507983396 9.945171286021228 7.9772474745172595 2.9469104594581275 4.364586424305266 18.89183589774716 25.550779995642074 39.43937529967125 21.51636252771663 24.029379034196282 13.311446014053459 17.68789858078097 4.916587201561446 7.886619968286445 24.51977881639033 12.356423678884704 16.16446942249711 6.5513564600963825 10.17365994551767 26.0518855258169 3.791158812283264 11.924247855763888 7.471835331154093 -2.0020769184573677 0.14741237703232235 -3.362365598930539 5.691353430755903
12.985971943887774 15.374128313790756 6.492299500591461 9.96737027862931 7.999446467125324 2.96910945206621 4.38678541691333 18.914034890355243 25.572978988250146 39.46157429227933 21.538561520324702 24.051578026804354 13.333645006661541 17.710097573389035 4.938786194169528 7.90881896089451 24.541977808998404 12.378622671492787 16.186668415105192 6.573555452704465 10.195858938125753 26.07408451842497 3.8133578048913463 11.946446848371952 7.494034323762175 -1.9798779258492856 0.16961136964040469 -3.3401666063224567 5.713552423363986
13.046092184368737 15.396239158332357 6.514410345133079 9.989481123170911 8.021557311666925 2.9912202966078105 4.408896261454949 18.936145734896844 25.595089832791757 39.48368513682093 21.560672364866303 24.073688871345954 13.355755851203142 17.732208417930636 4.960897038711129 7.930929805436111 24.564088653540004 12.400733516034387 16.208779259646793 6.595666297246066 10.217969782667353 26.096195362966583 3.835468649432947 11.968557692913553 7.516145168303776 -1.9577670813076848 0.1917222141820054 -3.318055761780856 5.735663267905586
13.1062124248497 15.418262499860766 6.536433686661489 10.011504464699339 8.043580653195352 3.013243638136238 4.430919602983359 18.958169076425254 25.617113174320174 39.50570847834935 21.582695706394723 24.095712212874375 13.377779192731552 17.754231759459064 4.9829203802395385 7.952953146964538 24.58611199506842 12.422756857562815 16.23080260117522 6.6176896387744755 10.239993124195763 26.118218704495 3.857491990961357 11.99058103444198 7.538168509832186 -1.9357437397792572 0.21374555571043308 -3.296032420252446 5.757686609433996
13.16633266533066 15.440198970564882 6.558370157365605 10.033440935403437 8.065517123899468 3.0351801088403363 4.4528560736874745 18.98010554712937 25.63904964502428 39.52764494905346 21.60463217709884 24.11764868357849 13.399715663435668 17.77616823016318 5.004856850943654 7.974889617668654 24.60804846577254 12.444693328266913 16.252739071879336 6.639626109478591 10.261929594899879 26.140155175199105 3.879428461665473 12.012517505146096 7.560104980536302 -1.913807269075159 0.23568202641453118 -3.27409594954833 5.779623080138112
13.226452905811623 15.462049189820561 6.580220376621284 10.055291154659134 8.087367343155147 3.057030328096033 4.474706292943154 19.00195576638505 25.66089986427997 39.54949516830914 21.62648239635453 24.13949890283417 13.421565882691365 17.79801844941886 5.0267070701993335 7.996739836924333 24.629898685028216 12.46654354752261 16.274589291135015 6.66147632873427 10.283779814155558 26.162005394454795 3.901278680921152 12.034367724401775 7.581955199791981 -1.8919570498194622 0.25753224567022803 -3.252245730292651 5.801473299393809
13.286573146292584 15.48381377549406 6.601984962294782 10.077055740332614 8.109131928828646 3.0787949137695136 4.496470878616652 19.023720352058547 25.682664449953457 39.57125975398263 21.648246982028017 24.161263488507668 13.443330468364845 17.819783035092357 5.048471655872832 8.018504422597832 24.651663270701718 12.48830813319609 16.296353876808514 6.683240914407769 10.305544399829056 26.183769980128282 3.92304326659465 12.056132310075274 7.603719785465479 -1.8701924641459817 0.27929683134370853 -3.230481144619153 5.8232378850672895
13.346693386773547 15.505493353137183 6.623664539937888 10.098735317975738 8.130811506471751 3.100474491412637 4.518150456259757 19.045399929701652 25.704344027596573 39.59293933162574 21.66992655967113 24.18294306615078 13.465010046007968 17.841462612735462 5.070151233515937 8.040184000240938 24.67334284834483 12.509987710839214 16.31803345445162 6.704920492050892 10.327223977472162 26.2054495577714 3.9447228442377735 12.07781188771838 7.625399363108603 -1.8485128865028584 0.30097640898683187 -3.2088015669760295 5.844917462710413
13.40681362725451 15.5270885403149 6.645259727115604 10.120330505153454 8.152406693649468 3.1220696785903534 4.539745643437474 19.06699511687937 25.72593921477429 39.61453451880346 21.691521746848846 24.204538253328497 13.486605233185685 17.86305779991318 5.091746420693654 8.061779187418654 24.69493803552254 12.53158289801693 16.339628641629336 6.7265156792286085 10.348819164649878 26.227044744949115 3.96631803141549 12.099407074896096 7.646994550286319 -1.826917699325142 0.32257159616454834 -3.187206379798313 5.866512649888129
13.46693386773547 15.548599937698082 6.666771124498805 10.141841902536655 8.173918091032668 3.143581075973554 4.561257040820674 19.08850651426257 25.74745061215749 39.63604591618666 21.713033144232046 24.226049650711698 13.508116630568885 17.88456919729638 5.113257818076854 8.083290584801855 24.71644943290574 12.55309429540013 16.361140039012536 6.748027076611791 10.370330562033079 26.248556142332315 3.9878294287986904 12.120918472279296 7.668505947669502 -1.8054063019419415 0.34408299354774874 -3.1656949824151304 5.88802404727133
13.527054108216433 15.5700281342593 6.688199321060004 10.163270099097854 8.195346287593868 3.1650092725347534 4.582685237381874 19.10993471082377 25.76887880871869 39.65747411274787 21.73446134079325 24.2474778472729 13.529544827130085 17.90599739385758 5.134686014638054 8.104718781363054 24.737877629466947 12.57452249196133 16.382568235573736 6.769455273173008 10.391758758594296 26.269984338893515 4.00925762535989 12.142346668840496 7.689934144230719 -1.783978105380742 0.3655111901089483 -3.144266785853913 5.909452243832529
13.587174348697394 15.591373728166644 6.709544914967367 10.184615693005217 8.21669188150123 3.186354866442116 4.604030831289236 19.13128030473113 25.790224402626052 39.678819706655226 21.755806934700612 24.268823441180253 13.550890421037447 17.92734298776494 5.156031608545416 8.126064375270417 24.7592232233743 12.595868085868693 16.403913829481098 6.790800867080353 10.413104352501641 26.291329932800878 4.030603219267235 12.163692262747858 7.711279738138064 -1.7626325114733794 0.38685678401631085 -3.1229211919465683 5.930797837739874
13.647294589178356 15.612637316477294 6.730808503278016 10.205879281315848 8.237955469811862 3.2076184547527475 4.625294419599886 19.15254389304178 25.81148799093669 39.700083294965864 21.77707052301125 24.290087029490895 13.572154009348079 17.94860657607559 5.177295196856066 8.147327963581048 24.78048681168494 12.617131674179324 16.42517741779173 6.812064455391003 10.43436794081229 26.312593521111516 4.051866807577884 12.18495585105849 7.732543326448713 -1.7413689231627478 0.4081203723269424 -3.101657603635919 5.952061426050523
13.707414829659317 15.63381948165441 6.7519906684551145 10.227061446492964 8.259137634988978 3.2288006199298636 4.646476584776984 19.17372605821888 25.8326701561138 39.72126546014297 21.79825268818836 24.31126919466801 13.593336174525195 17.96978874125269 5.198477362033164 8.168510128758165 24.801668976862057 12.63831383935644 16.446359582968846 6.833246620568119 10.455550105989388 26.333775686288625 4.073048972755 12.206138016235606 7.753725491625829 -1.7201867579856318 0.42930253750405845 -3.080475438458803 5.973243591227639
13.76753507014028 15.65492079346086 6.773091980261583 10.248162758299415 8.280238946795428 3.2499019317363143 4.6675778965834525 19.194827370025347 25.85377146792026 39.74236677194943 21.819353999994817 24.33237050647447 13.614437486331646 17.990890053059157 5.219578673839632 8.189611440564633 24.822770288668508 12.659415151162891 16.467460894775297 6.854347932374569 10.476651417795857 26.354876998095087 4.094150284561451 12.227239328042057 7.77482680343228 -1.6990854461791811 0.45040384931050914 -3.059374126652352 5.99434490303409
13.827655310621243 15.675941818305397 6.794113005106119 10.269183783143951 8.301259971639983 3.2709229565808506 4.688598921427989 19.215848394869884 25.874792492764797 39.76338779679397 21.840375024839354 24.353391531319005 13.635458511176182 18.011911077903694 5.240599698684169 8.21063246540917 24.843791313513044 12.680436176007428 16.488481919619833 6.875368957219106 10.497672442640393 26.375898022939623 4.115171309405987 12.248260352886593 7.795847828276816 -1.6780644213346447 0.4714248741550455 -3.038353101807816 6.0153659278786265
13.887775551102203 15.696883129413344 6.815054316214066 10.290125094251898 8.32220128274793 3.2918642676887977 4.709540232535936 19.23678970597783 25.895733803872744 39.78432910790192 21.8613163359473 24.374332842426952 13.65639982228413 18.03285238901164 5.261541009792116 8.231573776517116 24.864732624621 12.701377487115375 16.50942323072778 6.896310268327053 10.51861375374834 26.39683933404757 4.136112620513934 12.269201663994558 7.816789139384763 -1.6571231102266977 0.4923661852629926 -3.0174117906998688 6.0363072389865735
13.947895791583166 15.717745293863938 6.835916480664643 10.310987258702493 8.343063447198507 3.3127264321393923 4.730402396986513 19.257651870428408 25.91659596832333 39.80519127235251 21.882178500397888 24.39519500687754 13.677261986734724 18.053714553462218 5.282403174242693 8.252435940967693 24.885594789071586 12.72223965156597 16.530285395178375 6.917172432777647 10.539475918198935 26.417701498498154 4.156974784964529 12.290063828445135 7.837651303835358 -1.636260945776103 0.5132283497135872 -2.996549626249274 6.057169403437168
14.008016032064127 15.73852886165346 6.856700048454183 10.331770826492033 8.363847014988046 3.333509999928914 4.751185964776052 19.278435438217947 25.937379536112868 39.82597484014204 21.902962068187417 24.41597857466707 13.698045554524246 18.074498121251757 5.303186742032232 8.273219508757233 24.90637835686112 12.743023219355509 16.551068962967914 6.937956000567169 10.560259485988457 26.438485066287694 4.177758352754051 12.310847396234674 7.85843487162488 -1.6154773779865634 0.5340119175031268 -2.9757660584597523 6.07795297122669
14.06813627254509 15.759234376467912 6.877405563268617 10.352476341306467 8.38455252980248 3.354215514743366 4.7718914795904865 19.29914095303238 25.958085050927302 39.846680354956476 21.923667583001862 24.436684089481513 13.718751069338698 18.09520363606619 5.3238922568466664 8.293925023571667 24.92708387167556 12.763728734169943 16.57177447778235 6.958661515381621 10.580965000802891 26.459190581102128 4.198463867568503 12.331552911049108 7.879140386439332 -1.5947718631721293 0.554717432317561 -2.9550605436453004 6.098658486041142
14.128256513026052 15.77986238424101 6.898033571041733 10.373104349079583 8.405180537575596 3.374843522516464 4.792519487363602 19.319768960805497 25.978713058700418 39.86730836272959 21.944295590774967 24.45731209725462 13.739379077111796 18.115831643839307 5.344520264619782 8.314553031344783 24.94771187944867 12.784356741943059 16.592402485555464 6.979289523154719 10.601593008576007 26.479818588875244 4.219091875341601 12.352180918822224 7.89976839421243 -1.5741438553990135 0.5753454400906768 -2.9344325358722023 6.11928649381424
14.188376753507013 15.800413431973013 6.918584618773735 10.393655396811567 8.425731585307599 3.3953945702484667 4.813070535095605 19.3403200085375 25.999264106432413 39.88785941046158 21.96484663850697 24.47786314498662 13.759930124843798 18.13638269157131 5.365071312351785 8.335104079076785 24.968262927180668 12.804907789675044 16.612953533287467 6.999840570886722 10.62214405630801 26.50036963660724 4.239642923073603 12.372731966554227 7.920319441944432 -1.5535928076670287 0.5958964878226616 -2.9138814881401998 6.1398375415462425
