web/models/kne/5/mosfit_kn_0.218327_0.4060_3.6500.dat
# %ECSV 1.0
# ---
# datatype:
# - {name: time, datatype: float64}
# - {name: PS1_g, datatype: float64}
# - {name: PS1_i, datatype: float64}
# - {name: PS1_r, datatype: float64}
# - {name: PS1_w, datatype: float64}
# - {name: PS1_y, datatype: float64}
# - {name: PS1_z, datatype: float64}
# - {name: swift_uvot_B, datatype: float64}
# - {name: swift_uvot_U, datatype: float64}
# - {name: swift_uvot_uvm2, datatype: float64}
# - {name: swift_uvot_uvw1, datatype: float64}
# - {name: swift_uvot_uvw2, datatype: float64}
# - {name: swift_uvot_V, datatype: float64}
# - {name: johnson_B, datatype: float64}
# - {name: johnson_I, datatype: float64}
# - {name: johnson_R, datatype: float64}
# - {name: johnson_U, datatype: float64}
# - {name: johnson_V, datatype: float64}
# - {name: sdss_g, datatype: float64}
# - {name: sdss_i, datatype: float64}
# - {name: sdss_r, datatype: float64}
# - {name: sdss_u, datatype: float64}
# - {name: sdss_z, datatype: float64}
# - {name: ATLAS_c, datatype: float64}
# - {name: ATLAS_o, datatype: float64}
# - {name: ukirt_H, datatype: float64}
# - {name: ukirt_J, datatype: float64}
# - {name: ukirt_K, datatype: float64}
# - {name: Clear, datatype: float64}
# meta: !!omap
# - comment: [kappa = 3.65, type = rprocess, mass = 0.21832694463104688, velocity = 0.406, theta_obs = 0.0, tfloor = 1000.0]
# schema: astropy-2.0
time PS1_g PS1_i PS1_r PS1_w PS1_y PS1_z swift_uvot_B swift_uvot_U swift_uvot_uvm2 swift_uvot_uvw1 swift_uvot_uvw2 swift_uvot_V johnson_B johnson_I johnson_R johnson_U johnson_V sdss_g sdss_i sdss_r sdss_u sdss_z ATLAS_c ATLAS_o ukirt_H ukirt_J ukirt_K Clear
[from data line 198]
11.963927855711422 -28.324446298346153 -27.394544495222153 -27.801314006690614 -27.97510440647061 -26.86151501035109 -27.084335490498983 -28.409119777876317 -30.005331018388723 -31.53402686839556 -31.146178303111967 -31.75507999196237 -28.06146031028706 -28.412981957094686 -27.696927896308605 -27.92396676950362 -29.667907879217854 -28.063157067280674 -28.388289124042494 -27.414336114614883 -27.802903645936468 -28.928136836742073 -27.0332381248628 -28.166545223979487 -27.662500150912326 -25.715530044954416 -26.342717384611873 -25.13968896312784 -27.880011649796828
12.024048096192384 -28.364410481926914 -27.433368613225113 -27.84057102780462 -28.014681138490367 -26.899916286978538 -27.122899743277635 -28.449394630737903 -30.046505593251478 -31.57774118674935 -31.1893959388844 -31.799722402037446 -28.101025588362607 -28.453245360633698 -27.735636643666492 -27.963132801164516 -29.708900343375834 -28.102711274749158 -28.42834697402642 -27.45317114399409 -27.842157634286906 -28.969163606939397 -27.07176460016237 -28.206303408934446 -27.70160703506969 -25.75332619518871 -26.380799786814908 -25.17728212082179 -27.919553719694612
12.084168336673347 -28.404265680538536 -27.47211152586523 -27.879736364161314 -28.054158523093626 -26.938246506084997 -27.16138903729254 -28.489552793441632 -30.08754098575757 -31.621251166409458 -31.232422718036794 -31.844136225449432 -28.14049164837246 -28.493392367732472 -27.77426696564253 -28.002209368284376 -29.749758199435423 -28.142166543827646 -28.46829352635611 -27.491924704761725 -27.881320007540502 -29.010054897150557 -27.110217024708305 -28.245957711448675 -27.74062589939474 -25.791065650416677 -26.41881872592185 -25.21482335587732 -27.95899735057011
12.144288577154308 -28.444011357950956 -27.51077211087562 -27.918809111349585 -28.093535810644443 -26.97650433862327 -27.199802122509702 -28.529593898878904 -30.128437330089533 -31.66455846637508 -31.2752599447953 -31.888323704310228 -28.17985774600076 -28.533422604312765 -27.812817682774035 -28.041195519401693 -29.790481478718604 -28.181522123772883 -28.508128295036173 -27.530595680082683 -27.920389860040373 -29.05081075887404 -27.148594129886607 -28.285507483485794 -27.77955576172319 -25.82874679665794 -26.456772720942237 -25.252310961875533 -27.998341770228627
12.20440881763527 -28.483649856375308 -27.549352027032352 -27.957791183221463 -28.132815097650568 -27.014691199924723 -27.238140507440658 -28.569520484422714 -30.169197739792555 -31.707667931138474 -31.317912071997576 -31.93229034060972 -28.219125981434125 -28.573338599862467 -27.85129038667859 -28.080093113564885 -29.831073176817206 -28.22078010744137 -28.54785368040627 -27.569185735105854 -27.95936910411548 -29.09143421067096 -27.186897402359556 -28.324954938177225 -27.818398445368384 -25.86637071126979 -26.49466300740812 -25.289745905778066 -28.037589049935452
12.264529058116231 -28.52318587426886 -27.587855222472157 -27.99668680863933 -28.17200081496983 -27.05281076929932 -27.276407974396015 -28.609337461390762 -30.20982775303068 -31.750586967179316 -31.360386091114343 -31.97604424742258 -28.258300787855603 -28.61314525720712 -27.88968895145243 -28.118906319514522 -29.871538703754982 -28.25994492008101 -28.587474444432583 -27.607698824990496 -27.99826196690839 -29.131930687402363 -27.225130600327425 -28.36430463315523 -27.857158079886357 -25.90394069865933 -26.532493065469787 -25.327131369034564 -28.07674359355854
12.324649298597194 -28.56261890025145 -27.626280639336045 -28.03549513324473 -28.211092253509413 -27.090861795259364 -27.314603345931534 -28.64904447533813 -30.25032747984609 -31.79331709063778 -31.402683196306675 -32.01958747790331 -28.29738146003842 -28.652842215504574 -27.92801226574448 -28.157634239054847 -29.911878074343694 -28.299015850542194 -28.62699012241487 -27.646133896955885 -28.03706759286923 -29.172300222478924 -27.263292528958996 -28.403555953293615 -27.895833738488474 -25.94145523962238 -26.57026150103313 -25.364465745315933 -28.115804671424875
12.384769539078157 -28.601950952705586 -27.66462967073899 -28.07421778379288 -28.25009120789124 -27.128845447562604 -27.352727877339742 -28.688643722589468 -30.29069964136969 -31.835862593972063 -31.44480732878451 -32.06292492089253 -28.336369795086995 -28.692431663947374 -27.9662616611044 -28.1962784488326 -29.952093902337086 -28.337994689280062 -28.666402785787852 -27.684492349957655 -28.075787607335876 -29.212545450497398 -27.30138442350942 -28.44271079929019 -27.934426965158696 -25.978915193124315 -26.607969318637785 -25.40174979185991 -28.154774055429534
12.444889779559118 -28.641185245749607 -27.702904880710086 -28.11285756759462 -28.289000660738317 -27.166764057182906 -27.390783988899212 -28.72813860152083 -30.330948178565755 -31.878229034736826 -31.486763688910777 -32.106062745849044 -28.375268777290394 -28.731916993584242 -28.0044396373867 -28.234841704085103 -29.992190017784274 -28.37688441373041 -28.70571570366332 -27.722776754111358 -28.114424816120067 -29.252670222974473 -27.339408683359014 -28.48177226338043 -27.97294048120044 -26.016322564952144 -26.645618676538998 -25.438985407749005 -28.19365470495237
12.50501002004008 -28.680323487375965 -27.74110739375356 -28.15141582731938 -28.327822111752354 -27.204618539876773 -27.428772676327977 -28.767530985872025 -30.37107545375246 -31.920420235460107 -31.528555774997447 -32.149005329279156 -28.41407990822112 -28.771300071540672 -28.042547261582886 -28.273325300737177 -30.032168683068587 -28.415686519289412 -28.744930633476624 -27.760988239376765 -28.152980560556546 -29.29267682165781 -27.377366285503637 -28.520741943940777 -28.0113755520739 -26.053677980047404 -26.683210335955216 -25.476173122631455 -28.23244809867198
12.565130260521041 -28.71936594905918 -27.779236956273152 -28.189892505508833 -28.366555644481508 -27.242408454613916 -27.466693570365326 -28.806821296622182 -30.411082329087797 -31.96243838120147 -31.57018547689006 -32.191755359347795 -28.452803273468234 -28.810581312807727 -28.080584228425984 -28.311729139260333 -30.072030670050413 -28.45440108596431 -28.78404789127515 -27.799126557059903 -28.191454781996175 -29.33256603592559 -27.41525684386872 -28.55962001359364 -28.049732050829324 -26.090980736696153 -26.72074371725694 -25.51331214950117 -28.27115430106451
12.625250501002004 -28.758303350387262 -27.817284065775087 -28.228278180746837 -28.40519189360247 -27.280124223860973 -27.504537121926163 -28.846000320297424 -30.450959793223014 -32.00427510918285 -31.611644268873142 -32.234304730319536 -28.49142951273133 -28.849751500971003 -28.1185410144177 -28.350043780354934 -30.111766925460987 -28.493018750818685 -28.82305821632844 -27.83718220666893 -28.229838058636556 -29.37232882090628 -27.453070802597548 -28.598397147833072 -28.088000526469497 -26.12822115753953 -26.758209189075508 -25.550392779669973 -28.30976393697041
12.685370741482965 -28.797163715891916 -27.855275383915128 -28.266600029787003 -28.44375841344645 -27.317792009229347 -27.542329685002667 -28.885096457584407 -30.49073734233394 -32.04596306572148 -31.65296415422599 -32.27668725442612 -28.52998617206205 -28.888839022500775 -28.156444144384942 -28.38829629188246 -30.15140672299496 -28.531567046312368 -28.86198974620598 -27.875181862811935 -28.268157563758347 -29.411994492580043 -27.49083447095698 -28.637101121982447 -28.126207976016477 -26.165424694189895 -26.795632537970473 -25.58744022817899 -28.348304516984175
12.745490981963927 -28.8359328793827 -27.893196708547716 -28.304843861134756 -28.48224101698211 -27.35539760200007 -27.580057052972045 -28.92409555799227 -30.530400879081814 -32.0874883758513 -31.694131181806746 -32.31888915684202 -28.568459070659628 -28.927829725897872 -28.194279413900915 -28.426472479338695 -30.19093595361695 -28.570031790859144 -28.900828318993756 -27.91311132357336 -28.306399105957585 -29.451548944566 -27.52853364167592 -28.675717759721646 -28.164340202944658 -26.202577135489623 -26.83299955280381 -25.624440285039377 -28.38676185017544
12.80561122244489 -28.87461302864237 -27.931049689859204 -28.34301152654234 -28.52064170192886 -27.392942458755325 -27.617720756663307 -28.96299996084534 -30.56995318825429 -32.128855143794745 -31.735149169949004 -32.36091504018699 -28.606850206463623 -28.966725944535398 -28.232048419910917 -28.464574151451398 -30.230357311144928 -28.6084149768061 -28.93957616777401 -27.950972244187113 -28.344564535715282 -29.490994888202913 -27.566169828234433 -28.714249148591424 -28.20239898795851 -26.23967966691564 -26.870311546327628 -25.66139404648373 -28.425137915525447
12.86573146292585 -28.91320752992021 -27.968837137003835 -28.381106044305504 -28.55896363837049 -27.430429187424643 -27.655323481215266 -29.00181318890124 -30.60939825203393 -32.170068706542665 -31.77602316492619 -32.40277075182233 -28.64516274916892 -29.005531195063913 -28.26975391627735 -28.502604281945906 -30.269674684017087 -28.646719768093384 -28.978236705620777 -27.988767439048097 -28.38265686999261 -29.530336229943046 -27.603745697745392 -28.752698551293587 -28.24038727575962 -26.276734613982736 -26.907570976747763 -25.69830374487317 -28.463435863961593
12.925851703406813 -28.95171799106059 -28.006560165282544 -28.419128714457145 -28.5972082602491 -27.467858725794656 -27.692866232500037 -29.04053698871228 -30.648738224603687 -32.21113242452669 -31.816756266846422 -32.444460107750665 -28.683398132715656 -29.04424721860194 -28.307396969495883 -28.540564131443855 -30.308890143184996 -28.684947593550426 -29.016811581853652 -28.026498028084 -28.42067740765234 -29.569575056752324 -27.641262240175912 -28.791067483922497 -28.278306301302276 -26.313742665752656 -26.944778649919847 -25.735169987347902 -28.50165711234249
12.985971943887774 -28.990143586179915 -28.044217532890983 -28.45707845090228 -28.635374594059115 -27.505229682800625 -27.730347676659317 -29.079170652071415 -30.6879727443107 -32.252046968287814 -31.857348920981572 -32.485984170149074 -28.72155538417009 -29.082873302296765 -28.34497629667829 -28.578452580559965 -30.34800325614689 -28.723097475889535 -29.055300005736076 -28.064162773386574 -28.458625061627778 -29.608710949796055 -27.678718108288738 -28.82935504278734 -28.316154923515136 -26.350702222696892 -26.981933064092498 -25.77199110591383 -28.539800672490898
13.046092184368737 -29.028487770456568 -28.081812172289027 -28.49495838258445 -28.67346591170916 -27.54254480153225 -27.767770629480975 -29.117717780497394 -30.72710584168032 -32.29281762799687 -31.897806150244996 -32.52734870259722 -28.759637774440076 -29.12141304199777 -28.382494778292966 -28.61627271643509 -30.38701796595853 -28.761172680660533 -29.0937054762699 -28.101764612342333 -28.496502959592593 -29.647747868893504 -27.71611610091405 -28.867564586233527 -28.3539362023245 -26.387615761524522 -27.019036821233176 -25.808769489238777 -28.577869798608972
13.1062124248497 -29.0667521095612 -28.119345190438896 -28.532769788719943 -28.71148361759582 -27.57980502314952 -27.805136095750687 -29.156180068401937 -30.766139588978856 -32.333447589403406 -31.938130902705684 -32.56855731044947 -28.79764670737065 -29.159868127108645 -28.419953475753907 -28.65402578159679 -30.425936267792306 -28.799174606984735 -29.13202959765588 -28.13930465623038 -28.53431237965813 -29.68668782401174 -27.753457207987218 -28.905697594764277 -28.391651356369803 -26.424483990562347 -27.056090739087253 -25.84550576881021 -28.615865879414724
13.16633266533066 -29.10493650997509 -28.156816087321843 -28.5705123217903 -28.749427474893015 -27.61700970103501 -27.84244348508544 -29.194557536635514 -30.805074343119827 -32.37393820329206 -31.97832431577721 -32.60961172001965 -28.835581945929587 -29.198238574013352 -28.45735184874573 -28.69171139600945 -30.46475844994725 -28.83710301362482 -29.170272310584213 -28.176782408851917 -28.57205297333481 -29.725531116634087 -27.79074082599241 -28.94375389921901 -28.429299984441005 -26.461306057674744 -27.093094062043832 -25.882199024768152 -28.653788664066298
13.226452905811623 -29.143042611301002 -28.194226060521448 -28.608187345515255 -28.787298968260497 -27.654159872664188 -27.87969389642379 -29.232851948554234 -30.843912230323074 -32.41429266184531 -32.01838935585131 -32.65051552445863 -28.87344497387738 -29.2365261412777 -28.494691050893614 -28.729330888048416 -30.503486564650004 -28.874959379813557 -29.20843529171897 -28.214199071955974 -28.609726103267423 -29.76427981316137 -27.827968039531434 -28.98173505732334 -28.466883391904574 -26.498082775139103 -27.130047708271015 -25.918849994965086 -28.691639622270575
13.286573146292584 -29.181073607592047 -28.231577835736434 -28.645797761872878 -28.825101128274273 -27.69125809353765 -27.91688995063934 -29.27106662885808 -30.882656957752594 -32.4545157900819 -32.05833061360174 -32.691273967833716 -28.911238820306313 -29.27473414857808 -28.531973761208313 -28.76688712225252 -30.542124241148436 -28.912746729880837 -29.24652177427502 -28.251557375664262 -28.647334670279907 -29.802937557732587 -27.86514145424272 -29.01964417666946 -28.504404418931966 -26.534816458485096 -27.166954106231636 -25.955460915455056 -28.729421768986025
13.346693386773547 -29.219030069320944 -28.26887159004457 -28.683343895787132 -28.862834387509135 -27.72830439826736 -27.954031737032636 -29.309202258175333 -30.92130952908711 -32.494609541132554 -32.098149841199124 -32.731889360653454 -28.948963916974304 -29.31286327228021 -28.56920011765147 -28.804380392091808 -30.580672417239303 -28.95046549155571 -29.284532361714213 -28.288857500761253 -28.68487899833921 -29.841505300762012 -27.902261146670142 -29.057481754855754 -28.541863338517413 -26.571506941968327 -27.20381318438701 -25.99203155428595 -28.767135523485052
13.40681362725451 -29.256911981805835 -28.30610693649902 -28.720825500209592 -28.90049860079241 -27.765298265107035 -27.9911187856022 -29.347258926070563 -30.959870339639437 -32.53457520912239 -32.1378481426 -32.77236333547144 -28.98662011792772 -29.350913597915355 -28.606369696264384 -28.841810420754392 -30.619131425878436 -28.988115515072504 -29.322467070574323 -28.326099063807444 -28.72235883949111 -29.87998338714661 -27.939326634742123 -29.095247708238343 -28.579259854474177 -26.608153514280556 -27.24062432055728 -26.028561137512348 -28.804780728009725
13.46693386773547 -29.294721873666436 -28.34328598153382 -28.758244840583256 -28.938096149727492 -27.802241646827532 -28.02815310815692 -29.38523927871022 -30.99834237944414 -32.574416786756935 -32.17742930168438 -32.81270026038131 -29.0242098031528 -29.38888776714832 -28.64348456134736 -28.879179439942597 -30.657504187076487 -29.025699176142826 -29.36032846472793 -28.36328417522786 -28.75977645813057 -29.91837475025969 -27.97633991651523 -29.13294448764063 -28.616596176547393 -26.644757911276372 -27.277389352723507 -26.065051329073295 -28.842359750203137
13.527054108216433 -29.332461898205047 -28.380410476179545 -28.795603819460514 -28.9756290475861 -27.83913614801417 -28.065136365548966 -29.423145581369134 -31.03672824131184 -32.61413782162592 -32.216896667422446 -32.85290404040238 -29.061734984335967 -29.426788040968685 -28.680546423778807 -28.91648932006116 -30.69579322694895 -29.0632184823829 -29.398118731061214 -28.40041458985633 -28.797133755810176 -29.956681928940725 -28.013302639735702 -29.170574172258252 -28.65387415422198 -26.681321530780743 -27.314109776061226 -26.101503458235587 -28.8798745900535
