web/models/kne/21/Metzger_0.003617_0.224483_0.450000.dat
# %ECSV 0.9
# ---
# datatype:
# - {name: time, datatype: float64}
# - {name: sdss_u, datatype: float64}
# - {name: sdss_g, datatype: float64}
# - {name: sdss_r, datatype: float64}
# - {name: sdss_i, datatype: float64}
# - {name: sdss_z, datatype: float64}
# - {name: PS1_y, datatype: float64}
# - {name: ukirt_J, datatype: float64}
# - {name: ukirt_H, datatype: float64}
# - {name: ukirt_K, datatype: float64}
# - {name: johnson_U, datatype: float64}
# - {name: johnson_B, datatype: float64}
# - {name: johnson_V, datatype: float64}
# - {name: johnson_R, datatype: float64}
# - {name: johnson_I, datatype: float64}
# - {name: Clear, datatype: float64}
# meta: !!omap
# - comment: [vej = 0.22448275862068964, mej = 0.0036174920645118385, Ye = 0.45, redshift = 0.0]
# schema: astropy-2.0
time sdss_u sdss_g sdss_r sdss_i sdss_z PS1_y ukirt_J ukirt_H ukirt_K johnson_U johnson_B johnson_V johnson_R johnson_I Clear
[from data line 99]
5.050000 23.150980 11.785660 4.765309 0.413347 -2.178619 -3.766678 -6.869894 -9.425994 -10.920302 21.775789 14.926775 7.690432 3.924662 -2.436201 4.488374
5.100000 23.580673 12.098926 5.004655 0.605485 -2.015416 -3.621646 -6.761878 -9.351219 -10.867619 22.191540 15.272531 7.960840 4.154993 -2.275919 4.724755
5.150000 24.010130 12.412070 5.243951 0.797621 -1.852187 -3.476570 -6.653782 -9.276331 -10.814803 22.607069 15.618133 8.231169 4.385284 -2.115608 4.961090
5.200000 24.439347 12.725090 5.483196 0.989752 -1.688934 -3.331453 -6.545608 -9.201333 -10.761859 23.022371 15.963578 8.501416 4.615532 -1.955271 5.197375
5.250000 24.868322 13.037981 5.722385 1.181873 -1.525663 -3.186299 -6.437361 -9.126230 -10.708791 23.437444 16.308862 8.771576 4.845733 -1.794912 5.433608
5.300000 25.297049 13.350740 5.961515 1.373981 -1.362376 -3.041112 -6.329044 -9.051025 -10.655600 23.852285 16.653983 9.041647 5.075884 -1.634534 5.669785
5.350000 25.725528 13.663364 6.200582 1.566073 -1.199077 -2.895894 -6.220661 -8.975721 -10.602292 24.266889 16.998937 9.311624 5.305981 -1.474142 5.905901
5.400000 26.153754 13.975849 6.439583 1.758145 -1.035769 -2.750651 -6.112215 -8.900322 -10.548869 24.681255 17.343720 9.581505 5.536021 -1.313738 6.141955
5.450000 26.581724 14.288194 6.678515 1.950195 -0.872456 -2.605383 -6.003710 -8.824832 -10.495335 25.095380 17.688331 9.851286 5.766001 -1.153325 6.377943
5.500000 27.009437 14.600394 6.917375 2.142219 -0.709140 -2.460096 -5.895148 -8.749253 -10.441692 25.509260 18.032765 10.120965 5.995917 -0.992908 6.613862
5.550000 27.436889 14.912447 7.156161 2.334214 -0.545825 -2.314792 -5.786533 -8.673589 -10.387944 25.922893 18.377021 10.390540 6.225768 -0.832488 6.849708
5.600000 27.864079 15.224351 7.394869 2.526177 -0.382513 -2.169473 -5.677868 -8.597842 -10.334094 26.336277 18.721096 10.660006 6.455550 -0.672068 7.085480
5.650000 28.291004 15.536102 7.633496 2.718106 -0.219207 -2.024142 -5.569155 -8.522016 -10.280144 26.749409 19.064987 10.929362 6.685260 -0.511652 7.321175
5.700000 28.717661 15.847700 7.872041 2.909998 -0.055911 -1.878803 -5.460398 -8.446114 -10.226097 27.162288 19.408693 11.198606 6.914897 -0.351242 7.556790
5.750000 29.144050 16.159141 8.110502 3.101851 0.107375 -1.733458 -5.351599 -8.370137 -10.171957 27.574912 19.752211 11.467734 7.144457 -0.190841 7.792323
5.800000 29.570167 16.470424 8.348874 3.293662 0.270646 -1.588109 -5.242760 -8.294090 -10.117725 27.987278 20.095538 11.736745 7.373939 -0.030450 8.027772
5.850000 29.996012 16.781546 8.587158 3.485429 0.433902 -1.442759 -5.133884 -8.217973 -10.063404 28.399385 20.438674 12.005637 7.603340 0.129927 8.263134
5.900000 30.421583 17.092505 8.825350 3.677150 0.597138 -1.297410 -5.024974 -8.141790 -10.008997 28.811231 20.781617 12.274407 7.832658 0.290289 8.498407
5.950000 30.846878 17.403300 9.063448 3.868823 0.760355 -1.152064 -4.916032 -8.065544 -9.954506 29.222814 21.124364 12.543054 8.061891 0.450632 8.733590
6.000000 31.271896 17.713929 9.301451 4.060445 0.923548 -1.006724 -4.807060 -7.989236 -9.899933 29.634134 21.466914 12.811577 8.291038 0.610956 8.968679
6.050000 31.696636 18.024391 9.539357 4.252015 1.086717 -0.861391 -4.698061 -7.912869 -9.845281 30.045189 21.809265 13.079972 8.520095 0.771257 9.203675
6.100000 32.121097 18.334684 9.777163 4.443530 1.249859 -0.716067 -4.589035 -7.836445 -9.790551 30.455978 22.151417 13.348239 8.749063 0.931535 9.438575
6.150000 32.545277 18.644806 10.014870 4.634990 1.412972 -0.570755 -4.479986 -7.759966 -9.735747 30.866500 22.493368 13.616376 8.977938 1.091787 9.673376
6.200000 32.969175 18.954757 10.252474 4.826392 1.576055 -0.425456 -4.370916 -7.683434 -9.680869 31.276753 22.835116 13.884382 9.206720 1.252011 9.908079
6.250000 33.392792 19.264535 10.489975 5.017735 1.739106 -0.280172 -4.261826 -7.606851 -9.625921 31.686738 23.176662 14.152255 9.435407 1.412206 10.142681
6.300000 33.816126 19.574139 10.727371 5.209017 1.902124 -0.134905 -4.152717 -7.530219 -9.570903 32.096452 23.518002 14.419995 9.663997 1.572370 10.377180
6.350000 34.239176 19.883568 10.964660 5.400237 2.065106 0.010344 -4.043593 -7.453540 -9.515819 32.505896 23.859138 14.687599 9.892490 1.732502 10.611577
6.400000 34.661942 20.192820 11.201843 5.591394 2.228051 0.155573 -3.934454 -7.376816 -9.460669 32.915069 24.200067 14.955067 10.120883 1.892599 10.845868
6.450000 35.084424 20.501896 11.438917 5.782486 2.390958 0.300781 -3.825302 -7.300048 -9.405455 33.323970 24.540789 15.222397 10.349177 2.052661 11.080054
6.500000 35.506621 20.810795 11.675881 5.973511 2.553826 0.445966 -3.716139 -7.223239 -9.350180 33.732599 24.881304 15.489590 10.577369 2.212687 11.314133
6.550000 35.928532 21.119515 11.912734 6.164469 2.716653 0.591126 -3.606966 -7.146389 -9.294844 34.140956 25.221611 15.756643 10.805459 2.372674 11.548105
6.600000 36.350159 21.428056 12.149477 6.355359 2.879438 0.736262 -3.497784 -7.069500 -9.239450 34.549041 25.561709 16.023557 11.033445 2.532622 11.781967
6.650000 36.771500 21.736417 12.386106 6.546179 3.042180 0.881371 -3.388596 -6.992575 -9.184000 34.956852 25.901598 16.290330 11.261327 2.692529 12.015720
6.700000 37.192555 22.044598 12.622623 6.736929 3.204878 1.026452 -3.279402 -6.915613 -9.128494 35.364391 26.241277 16.556961 11.489105 2.852395 12.249362
6.750000 37.613325 22.352599 12.859025 6.927608 3.367530 1.171504 -3.170203 -6.838617 -9.072934 35.771656 26.580746 16.823451 11.716776 3.012218 12.482892
6.800000 38.033809 22.660418 13.095313 7.118214 3.530136 1.316525 -3.061002 -6.761589 -9.017321 36.178649 26.920006 17.089798 11.944340 3.171997 12.716311
6.850000 38.454008 22.968056 13.331485 7.308746 3.692694 1.461516 -2.951799 -6.684529 -8.961658 36.585369 27.259054 17.356002 12.171798 3.331732 12.949617
6.900000 38.873922 23.275513 13.567542 7.499205 3.855204 1.606475 -2.842594 -6.607438 -8.905945 36.991816 27.597893 17.622062 12.399147 3.491420 13.182810
6.950000 39.293552 23.582788 13.803482 7.689589 4.017665 1.751400 -2.733391 -6.530319 -8.850183 37.397991 27.936521 17.887979 12.626388 3.651062 13.415889
7.000000 39.712897 23.889881 14.039305 7.879898 4.180076 1.896292 -2.624188 -6.453172 -8.794375 37.803894 28.274938 18.153751 12.853520 3.810657 13.648853
7.050000 40.131958 24.196792 14.275011 8.070130 4.342436 2.041148 -2.514989 -6.375998 -8.738521 38.209525 28.613145 18.419379 13.080543 3.970204 13.881703
7.100000 40.550736 24.503520 14.510599 8.260286 4.504745 2.185969 -2.405792 -6.298799 -8.682622 38.614885 28.951142 18.684862 13.307456 4.129701 14.114438
7.150000 40.969231 24.810067 14.746069 8.450365 4.667002 2.330754 -2.296600 -6.221575 -8.626680 39.019974 29.288928 18.950200 13.534258 4.289149 14.347057
7.200000 41.387443 25.116431 14.981420 8.640366 4.829206 2.475501 -2.187413 -6.144328 -8.570696 39.424792 29.626504 19.215393 13.760949 4.448547 14.579560
7.250000 41.805374 25.422614 15.216653 8.830289 4.991356 2.620211 -2.078233 -6.067059 -8.514671 39.829341 29.963871 19.480440 13.987530 4.607894 14.811947
7.300000 42.223023 25.728615 15.451767 9.020133 5.153452 2.764882 -1.969059 -5.989768 -8.458605 40.233621 30.301028 19.745342 14.214000 4.767189 15.044218
7.350000 42.640393 26.034434 15.686762 9.209898 5.315494 2.909513 -1.859893 -5.912457 -8.402501 40.637632 30.637976 20.010099 14.440358 4.926432 15.276372
7.400000 43.057483 26.340071 15.921638 9.399584 5.477481 3.054106 -1.750736 -5.835127 -8.346359 41.041375 30.974714 20.274711 14.666604 5.085623 15.508410
7.450000 43.474294 26.645528 16.156394 9.589190 5.639412 3.198657 -1.641588 -5.757778 -8.290179 41.444851 31.311245 20.539177 14.892739 5.244761 15.740331
7.500000 43.890827 26.950803 16.391031 9.778715 5.801288 3.343169 -1.532450 -5.680411 -8.233964 41.848061 31.647567 20.803498 15.118762 5.403845 15.972135
7.550000 44.307083 27.255898 16.625549 9.968161 5.963107 3.487638 -1.423322 -5.603027 -8.177713 42.251006 31.983682 21.067673 15.344673 5.562875 16.203822
7.600000 44.723063 27.560813 16.859947 10.157526 6.124869 3.632066 -1.314206 -5.525627 -8.121429 42.653686 32.319590 21.331704 15.570473 5.721851 16.435392
7.650000 45.138768 27.865548 17.094226 10.346810 6.286575 3.776452 -1.205102 -5.448212 -8.065111 43.056102 32.655292 21.595591 15.796160 5.880772 16.666845
7.700000 45.554199 28.170103 17.328386 10.536014 6.448223 3.920796 -1.096010 -5.370783 -8.008761 43.458256 32.990788 21.859332 16.021735 6.039638 16.898181
7.750000 45.969357 28.474480 17.562427 10.725136 6.609813 4.065096 -0.986931 -5.293339 -7.952378 43.860148 33.326079 22.122930 16.247198 6.198449 17.129401
7.800000 46.384243 28.778678 17.796348 10.914178 6.771345 4.209353 -0.877866 -5.215883 -7.895966 44.261779 33.661165 22.386383 16.472550 6.357205 17.360504
7.850000 46.798859 29.082698 18.030151 11.103138 6.932820 4.353567 -0.768814 -5.138414 -7.839523 44.663150 33.996047 22.649693 16.697790 6.515905 17.591490
7.900000 47.213204 29.386541 18.263835 11.292017 7.094236 4.497736 -0.659778 -5.060933 -7.783050 45.064263 34.330727 22.912859 16.922918 6.674548 17.822360
7.950000 47.627281 29.690207 18.497400 11.480814 7.255593 4.641861 -0.550756 -4.983441 -7.726550 45.465118 34.665203 23.175882 17.147935 6.833136 18.053114
8.000000 48.041091 29.993697 18.730848 11.669531 7.416892 4.785942 -0.441750 -4.905938 -7.670021 45.865717 34.999479 23.438763 17.372841 6.991667 18.283751
8.050000 48.454635 30.297012 18.964177 11.858166 7.578132 4.929979 -0.332760 -4.828425 -7.613465 46.266061 35.333553 23.701501 17.597635 7.150142 18.514274
8.100000 48.867913 30.600151 19.197388 12.046719 7.739313 5.073970 -0.223785 -4.750903 -7.556883 46.666150 35.667427 23.964098 17.822319 7.308559 18.744680
8.150000 49.280928 30.903116 19.430482 12.235192 7.900435 5.217916 -0.114828 -4.673372 -7.500275 47.065986 36.001103 24.226553 18.046892 7.466921 18.974971
8.200000 49.693681 31.205908 19.663459 12.423583 8.061498 5.361818 -0.005888 -4.595833 -7.443642 47.465571 36.334579 24.488868 18.271355 7.625225 19.205148
8.250000 50.106172 31.508527 19.896318 12.611893 8.222502 5.505673 0.103036 -4.518286 -7.386984 47.864905 36.667859 24.751042 18.495708 7.783472 19.435210
8.300000 50.518404 31.810974 20.129062 12.800122 8.383447 5.649483 0.211941 -4.440731 -7.330302 48.263990 37.000941 25.013076 18.719951 7.941663 19.665157
8.350000 50.930377 32.113249 20.361689 12.988271 8.544333 5.793248 0.320829 -4.363169 -7.273596 48.662827 37.333828 25.274971 18.944085 8.099796 19.894991
8.400000 51.342093 32.415354 20.594200 13.176338 8.705159 5.936967 0.429698 -4.285601 -7.216868 49.061417 37.666521 25.536727 19.168110 8.257872 20.124711
8.450000 51.753554 32.717288 20.826596 13.364325 8.865926 6.080640 0.538549 -4.208027 -7.160118 49.459762 37.999019 25.798345 19.392026 8.415891 20.354318
8.500000 52.164760 33.019054 21.058878 13.552232 9.026634 6.224267 0.647381 -4.130448 -7.103345 49.857862 38.331325 26.059825 19.615834 8.573854 20.583812
8.550000 52.575713 33.320651 21.291044 13.740059 9.187283 6.367849 0.756194 -4.052863 -7.046552 50.255720 38.663438 26.321168 19.839534 8.731759 20.813194
8.600000 52.986415 33.622081 21.523097 13.927805 9.347872 6.511384 0.864988 -3.975273 -6.989738 50.653336 38.995361 26.582375 20.063126 8.889607 21.042464
8.650000 53.396866 33.923345 21.755036 14.115472 9.508403 6.654873 0.973762 -3.897679 -6.932903 51.050712 39.327094 26.843445 20.286611 9.047399 21.271623
8.700000 53.807069 34.224442 21.986862 14.303060 9.668875 6.798317 1.082517 -3.820081 -6.876049 51.447850 39.658638 27.104381 20.509989 9.205133 21.500670
8.750000 54.217024 34.525375 22.218575 14.490568 9.829288 6.941714 1.191252 -3.742479 -6.819175 51.844750 39.989994 27.365181 20.733261 9.362811 21.729607
8.800000 54.626734 34.826144 22.450176 14.677997 9.989642 7.085066 1.299967 -3.664874 -6.762282 52.241414 40.321163 27.625848 20.956428 9.520432 21.958434
8.850000 55.036199 35.126749 22.681665 14.865347 10.149938 7.228372 1.408662 -3.587266 -6.705371 52.637843 40.652146 27.886382 21.179488 9.677997 22.187151
8.900000 55.445422 35.427192 22.913043 15.052619 10.310175 7.371631 1.517337 -3.509655 -6.648442 53.034039 40.982945 28.146782 21.402444 9.835505 22.415759
8.950000 55.854403 35.727473 23.144311 15.239813 10.470354 7.514845 1.625991 -3.432041 -6.591495 53.430003 41.313559 28.407051 21.625296 9.992957 22.644259
9.000000 56.263144 36.027594 23.375468 15.426928 10.630475 7.658013 1.734625 -3.354426 -6.534531 53.825737 41.643991 28.667189 21.848043 10.150352 22.872650
9.050000 56.671646 36.327556 23.606516 15.613966 10.790538 7.801136 1.843238 -3.276808 -6.477550 54.221241 41.974242 28.927195 22.070687 10.307692 23.100934
9.100000 57.079911 36.627359 23.837455 15.800927 10.950543 7.944213 1.951831 -3.199189 -6.420553 54.616518 42.304311 29.187072 22.293228 10.464976 23.329110
9.150000 57.487941 36.927003 24.068285 15.987811 11.110490 8.087244 2.060402 -3.121569 -6.363539 55.011569 42.634202 29.446820 22.515667 10.622204 23.557181
9.200000 57.895737 37.226491 24.299008 16.174618 11.270380 8.230230 2.168953 -3.043947 -6.306510 55.406395 42.963913 29.706439 22.738004 10.779376 23.785145
9.250000 58.303300 37.525823 24.529623 16.361349 11.430212 8.373170 2.277483 -2.966324 -6.249465 55.800997 43.293448 29.965931 22.960239 10.936493 24.013004
9.300000 58.710633 37.825000 24.760131 16.548004 11.589988 8.516066 2.385992 -2.888701 -6.192405 56.195378 43.622806 30.225295 23.182373 11.093555 24.240758
9.350000 59.117735 38.124023 24.990533 16.734583 11.749706 8.658916 2.494479 -2.811077 -6.135330 56.589538 43.951989 30.484533 23.404407 11.250562 24.468408
9.400000 59.524610 38.422892 25.220829 16.921087 11.909368 8.801721 2.602946 -2.733454 -6.078241 56.983479 44.280998 30.743645 23.626341 11.407515 24.695954
9.450000 59.931258 38.721610 25.451021 17.107516 12.068974 8.944482 2.711391 -2.655830 -6.021138 57.377202 44.609834 31.002633 23.848176 11.564412 24.923397
9.500000 60.337681 39.020176 25.681107 17.293871 12.228523 9.087197 2.819815 -2.578206 -5.964021 57.770709 44.938498 31.261496 24.069912 11.721256 25.150737
9.550000 60.743880 39.318591 25.911090 17.480151 12.388016 9.229868 2.928218 -2.500582 -5.906890 58.164001 45.266991 31.520236 24.291550 11.878045 25.377975
9.600000 61.149857 39.616858 26.140970 17.666358 12.547454 9.372495 3.036599 -2.422960 -5.849746 58.557079 45.595315 31.778853 24.513090 12.034780 25.605112
9.650000 61.555613 39.914975 26.370747 17.852491 12.706836 9.515078 3.144959 -2.345337 -5.792589 58.949946 45.923469 32.037349 24.734533 12.191462 25.832148
9.700000 61.961151 40.212945 26.600422 18.038551 12.866163 9.657616 3.253298 -2.267716 -5.735419 59.342602 46.251457 32.295723 24.955880 12.348090 26.059084
9.750000 62.366470 40.510769 26.829996 18.224539 13.025435 9.800111 3.361616 -2.190096 -5.678237 59.735049 46.579278 32.553977 25.177131 12.504665 26.285920
9.800000 62.771574 40.808447 27.059468 18.410454 13.184652 9.942562 3.469912 -2.112476 -5.621042 60.127288 46.906933 32.812111 25.398286 12.661187 26.512657
9.850000 63.176463 41.105980 27.288841 18.596297 13.343814 10.084969 3.578187 -2.034858 -5.563836 60.519321 47.234425 33.070126 25.619346 12.817656 26.739295
9.900000 63.581138 41.403370 27.518114 18.782069 13.502923 10.227333 3.686441 -1.957242 -5.506618 60.911149 47.561753 33.328023 25.840312 12.974073 26.965836
9.950000 63.985602 41.700616 27.747287 18.967770 13.661977 10.369654 3.794674 -1.879627 -5.449388 61.302774 47.888919 33.585802 26.061185 13.130437 27.192279
10.000000 64.389856 41.997721 27.976363 19.153400 13.820978 10.511932 3.902885 -1.802014 -5.392146 61.694196 48.215924 33.843465 26.281964 13.286750 27.418626
10.050000 64.793900 42.294685 28.205340 19.338960 13.979926 10.654167 4.011075 -1.724402 -5.334894 62.085418 48.542769 34.101012 26.502651 13.443011 27.644877
10.100000 65.197737 42.591509 28.434220 19.524450 14.138820 10.796360 4.119244 -1.646793 -5.277631 62.476440 48.869456 34.358444 26.723246 13.599221 27.871032
