web/models/kne/21/Metzger_0.003617_0.289310_0.450000.dat
# %ECSV 0.9
# ---
# datatype:
# - {name: time, datatype: float64}
# - {name: sdss_u, datatype: float64}
# - {name: sdss_g, datatype: float64}
# - {name: sdss_r, datatype: float64}
# - {name: sdss_i, datatype: float64}
# - {name: sdss_z, datatype: float64}
# - {name: PS1_y, datatype: float64}
# - {name: ukirt_J, datatype: float64}
# - {name: ukirt_H, datatype: float64}
# - {name: ukirt_K, datatype: float64}
# - {name: johnson_U, datatype: float64}
# - {name: johnson_B, datatype: float64}
# - {name: johnson_V, datatype: float64}
# - {name: johnson_R, datatype: float64}
# - {name: johnson_I, datatype: float64}
# - {name: Clear, datatype: float64}
# meta: !!omap
# - comment: [vej = 0.2893103448275862, mej = 0.0036174920645118385, Ye = 0.45, redshift = 0.0]
# schema: astropy-2.0
time sdss_u sdss_g sdss_r sdss_i sdss_z PS1_y ukirt_J ukirt_H ukirt_K johnson_U johnson_B johnson_V johnson_R johnson_I Clear
[from data line 1059]
53.050000 444.826935 323.165175 246.116776 197.043338 167.039775 148.237427 110.066871 76.013921 53.549699 430.243669 357.085064 278.469248 236.736429 164.015025 243.031106
53.100000 445.238590 323.470052 246.353859 197.237126 167.207027 148.388014 110.183509 76.100067 53.615543 430.642537 357.419737 278.734820 236.965245 164.179597 243.265470
53.150000 445.650224 323.774914 246.590931 197.430906 167.374271 148.538594 110.300142 76.186210 53.681385 431.041385 357.754395 279.000379 237.194050 164.344163 243.499823
53.200000 446.061838 324.079762 246.827993 197.624677 167.541508 148.689167 110.416771 76.272350 53.747226 431.440214 358.089037 279.265926 237.422845 164.508721 243.734165
53.250000 446.473432 324.384596 247.065043 197.818440 167.708738 148.839735 110.533396 76.358487 53.813065 431.839023 358.423662 279.531460 237.651630 164.673273 243.968497
53.300000 446.885005 324.689414 247.302082 198.012194 167.875960 148.990296 110.650016 76.444621 53.878902 432.237812 358.758271 279.796982 237.880404 164.837817 244.202818
53.350000 447.296558 324.994218 247.539111 198.205939 168.043176 149.140851 110.766631 76.530753 53.944737 432.636582 359.092864 280.062491 238.109167 165.002354 244.437128
53.400000 447.708091 325.299008 247.776129 198.399676 168.210384 149.291400 110.883242 76.616882 54.010571 433.035332 359.427441 280.327988 238.337920 165.166885 244.671427
53.450000 448.119604 325.603783 248.013135 198.593405 168.377585 149.441942 110.999849 76.703008 54.076403 433.434063 359.762002 280.593473 238.566663 165.331408 244.905716
53.500000 448.531096 325.908544 248.250131 198.787124 168.544780 149.592478 111.116451 76.789131 54.142233 433.832775 360.096547 280.858945 238.795395 165.495925 245.139994
53.550000 448.942568 326.213290 248.487116 198.980836 168.711966 149.743008 111.233048 76.875251 54.208062 434.231466 360.431075 281.124405 239.024117 165.660434 245.374261
53.600000 449.354021 326.518022 248.724090 199.174538 168.879146 149.893532 111.349642 76.961369 54.273889 434.630139 360.765588 281.389852 239.252828 165.824936 245.608518
53.650000 449.765453 326.822739 248.961054 199.368233 169.046319 150.044049 111.466231 77.047483 54.339714 435.028792 361.100084 281.655287 239.481529 165.989432 245.842764
53.700000 450.176865 327.127442 249.198006 199.561918 169.213485 150.194560 111.582815 77.133595 54.405537 435.427425 361.434565 281.920710 239.710220 166.153920 246.076999
53.750000 450.588256 327.432131 249.434948 199.755595 169.380643 150.345065 111.699395 77.219704 54.471359 435.826039 361.769030 282.186121 239.938900 166.318402 246.311223
53.800000 450.999628 327.736805 249.671879 199.949264 169.547795 150.495564 111.815971 77.305811 54.537179 436.224634 362.103478 282.451519 240.167570 166.482876 246.545437
53.850000 451.410980 328.041465 249.908799 200.142924 169.714939 150.646057 111.932542 77.391914 54.602997 436.623209 362.437911 282.716905 240.396229 166.647344 246.779640
53.900000 451.822312 328.346110 250.145709 200.336576 169.882076 150.796543 112.049109 77.478015 54.668814 437.021765 362.772328 282.982278 240.624879 166.811804 247.013833
53.950000 452.233624 328.650741 250.382607 200.530219 170.049206 150.947023 112.165671 77.564113 54.734628 437.420302 363.106729 283.247640 240.853518 166.976258 247.248015
54.000000 452.644916 328.955358 250.619495 200.723854 170.216329 151.097497 112.282229 77.650208 54.800441 437.818820 363.441114 283.512989 241.082146 167.140705 247.482186
54.050000 453.056188 329.259961 250.856372 200.917480 170.383446 151.247965 112.398783 77.736301 54.866253 438.217318 363.775483 283.778325 241.310764 167.305145 247.716347
54.100000 453.467440 329.564549 251.093239 201.111098 170.550555 151.398427 112.515332 77.822390 54.932063 438.615797 364.109836 284.043650 241.539372 167.469578 247.950497
54.150000 453.878672 329.869123 251.330095 201.304707 170.717657 151.548882 112.631877 77.908477 54.997871 439.014257 364.444174 284.308963 241.767970 167.634004 248.184637
54.200000 454.289885 330.173682 251.566940 201.498308 170.884752 151.699332 112.748417 77.994561 55.063677 439.412697 364.778495 284.574263 241.996558 167.798423 248.418766
54.250000 454.701077 330.478228 251.803774 201.691901 171.051839 151.849775 112.864954 78.080643 55.129481 439.811119 365.112801 284.839551 242.225135 167.962835 248.652885
54.300000 455.112250 330.782759 252.040598 201.885485 171.218920 152.000212 112.981485 78.166721 55.195284 440.209521 365.447091 285.104827 242.453702 168.127241 248.886993
54.350000 455.523403 331.087276 252.277411 202.079061 171.385994 152.150643 113.098013 78.252797 55.261085 440.607905 365.781366 285.370091 242.682259 168.291640 249.121090
54.400000 455.934536 331.391779 252.514213 202.272628 171.553061 152.301068 113.214536 78.338870 55.326885 441.006269 366.115624 285.635342 242.910805 168.456031 249.355177
54.450000 456.345650 331.696268 252.751005 202.466187 171.720121 152.451486 113.331054 78.424940 55.392682 441.404614 366.449867 285.900582 243.139342 168.620416 249.589254
54.500000 456.756743 332.000742 252.987786 202.659738 171.887174 152.601899 113.447569 78.511008 55.458478 441.802940 366.784094 286.165809 243.367868 168.784794 249.823320
54.550000 457.167817 332.305202 253.224557 202.853280 172.054220 152.752306 113.564079 78.597072 55.524273 442.201247 367.118306 286.431024 243.596384 168.949165 250.057376
54.600000 457.578872 332.609649 253.461317 203.046814 172.221259 152.902706 113.680584 78.683134 55.590065 442.599535 367.452502 286.696228 243.824889 169.113530 250.291421
54.650000 457.989907 332.914081 253.698066 203.240340 172.388291 153.053100 113.797086 78.769194 55.655856 442.997804 367.786682 286.961419 244.053385 169.277887 250.525455
54.700000 458.400922 333.218499 253.934805 203.433857 172.555316 153.203488 113.913583 78.855250 55.721645 443.396054 368.120846 287.226598 244.281871 169.442238 250.759480
54.750000 458.811917 333.522903 254.171533 203.627366 172.722334 153.353870 114.030075 78.941304 55.787433 443.794285 368.454995 287.491765 244.510346 169.606582 250.993493
54.800000 459.222893 333.827293 254.408251 203.820867 172.889345 153.504246 114.146564 79.027355 55.853219 444.192497 368.789128 287.756920 244.738811 169.770919 251.227497
54.850000 459.633850 334.131669 254.644958 204.014359 173.056350 153.654616 114.263048 79.113403 55.919003 444.590690 369.123246 288.022063 244.967266 169.935249 251.461490
54.900000 460.044786 334.436031 254.881654 204.207843 173.223347 153.804980 114.379527 79.199448 55.984785 444.988865 369.457348 288.287194 245.195711 170.099573 251.695472
54.950000 460.455704 334.740378 255.118340 204.401319 173.390337 153.955338 114.496003 79.285491 56.050566 445.387020 369.791435 288.552313 245.424146 170.263889 251.929445
55.000000 460.866602 335.044712 255.355016 204.594786 173.557321 154.105690 114.612474 79.371531 56.116345 445.785157 370.125506 288.817420 245.652571 170.428199 252.163407
55.050000 461.277480 335.349032 255.591681 204.788245 173.724297 154.256035 114.728940 79.457568 56.182122 446.183275 370.459561 289.082516 245.880986 170.592503 252.397358
55.100000 461.688339 335.653338 255.828336 204.981696 173.891267 154.406375 114.845403 79.543603 56.247898 446.581374 370.793602 289.347599 246.109391 170.756799 252.631299
55.150000 462.099179 335.957630 256.064980 205.175139 174.058230 154.556708 114.961861 79.629635 56.313672 446.979455 371.127626 289.612670 246.337785 170.921089 252.865230
55.200000 462.509999 336.261908 256.301613 205.368573 174.225186 154.707036 115.078315 79.715664 56.379444 447.377516 371.461635 289.877729 246.566170 171.085372 253.099151
55.250000 462.920799 336.566172 256.538237 205.562000 174.392135 154.857358 115.194765 79.801690 56.445215 447.775559 371.795629 290.142777 246.794545 171.249648 253.333061
55.300000 463.331581 336.870423 256.774849 205.755418 174.559077 155.007673 115.311210 79.887714 56.510984 448.173584 372.129607 290.407812 247.022909 171.413917 253.566961
55.350000 463.742343 337.174659 257.011452 205.948827 174.726012 155.157983 115.427651 79.973734 56.576751 448.571589 372.463570 290.672836 247.251264 171.578180 253.800851
55.400000 464.153086 337.478881 257.248044 206.142229 174.892941 155.308286 115.544088 80.059753 56.642516 448.969576 372.797518 290.937848 247.479608 171.742436 254.034730
55.450000 464.563809 337.783090 257.484625 206.335622 175.059862 155.458584 115.660520 80.145768 56.708280 449.367544 373.131450 291.202848 247.707943 171.906685 254.268599
55.500000 464.974513 338.087285 257.721196 206.529008 175.226777 155.608875 115.776948 80.231781 56.774042 449.765494 373.465367 291.467836 247.936268 172.070928 254.502458
55.550000 465.385198 338.391466 257.957757 206.722385 175.393685 155.759161 115.893372 80.317791 56.839803 450.163425 373.799268 291.732812 248.164582 172.235164 254.736306
55.600000 465.795864 338.695633 258.194308 206.915753 175.560586 155.909440 116.009792 80.403798 56.905561 450.561338 374.133154 291.997777 248.392887 172.399393 254.970145
55.650000 466.206511 338.999786 258.430848 207.109114 175.727480 156.059714 116.126207 80.489803 56.971318 450.959231 374.467025 292.262729 248.621182 172.563616 255.203973
55.700000 466.617138 339.303926 258.667377 207.302467 175.894368 156.209981 116.242619 80.575804 57.037074 451.357107 374.800881 292.527670 248.849467 172.727831 255.437791
55.750000 467.027747 339.608052 258.903897 207.495811 176.061249 156.360243 116.359025 80.661804 57.102828 451.754964 375.134721 292.792599 249.077742 172.892041 255.671599
55.800000 467.438336 339.912164 259.140406 207.689147 176.228122 156.510499 116.475428 80.747800 57.168580 452.152802 375.468546 293.057517 249.306007 173.056243 255.905396
55.850000 467.848906 340.216262 259.376905 207.882475 176.394990 156.660749 116.591827 80.833794 57.234330 452.550622 375.802356 293.322422 249.534262 173.220439 256.139184
55.900000 468.259457 340.520347 259.613393 208.075795 176.561850 156.810992 116.708221 80.919785 57.300079 452.948424 376.136151 293.587316 249.762508 173.384628 256.372961
55.950000 468.669988 340.824418 259.849871 208.269107 176.728703 156.961230 116.824611 81.005773 57.365826 453.346207 376.469930 293.852199 249.990743 173.548811 256.606728
56.000000 469.080501 341.128475 260.086339 208.462411 176.895550 157.111462 116.940997 81.091759 57.431571 453.743972 376.803694 294.117069 250.218969 173.712987 256.840485
56.050000 469.490995 341.432519 260.322797 208.655707 177.062390 157.261688 117.057378 81.177742 57.497315 454.141718 377.137443 294.381928 250.447184 173.877156 257.074232
56.100000 469.901470 341.736549 260.559244 208.848994 177.229223 157.411908 117.173755 81.263722 57.563056 454.539446 377.471177 294.646775 250.675390 174.041319 257.307969
56.150000 470.311926 342.040565 260.795681 209.042274 177.396050 157.562122 117.290129 81.349700 57.628797 454.937155 377.804896 294.911610 250.903586 174.205475 257.541695
56.200000 470.722362 342.344568 261.032108 209.235545 177.562870 157.712331 117.406497 81.435675 57.694535 455.334847 378.138600 295.176434 251.131772 174.369624 257.775412
56.250000 471.132780 342.648557 261.268525 209.428809 177.729683 157.862533 117.522862 81.521647 57.760272 455.732520 378.472288 295.441246 251.359949 174.533767 258.009118
56.300000 471.543179 342.952533 261.504931 209.622064 177.896489 158.012729 117.639223 81.607616 57.826008 456.130174 378.805962 295.706047 251.588115 174.697904 258.242815
56.350000 471.953560 343.256495 261.741327 209.815311 178.063288 158.162920 117.755579 81.693583 57.891741 456.527811 379.139620 295.970836 251.816272 174.862033 258.476501
56.400000 472.363921 343.560443 261.977714 210.008551 178.230081 158.313105 117.871931 81.779547 57.957473 456.925429 379.473264 296.235613 252.044419 175.026156 258.710177
56.450000 472.774263 343.864378 262.214089 210.201782 178.396867 158.463284 117.988279 81.865509 58.023204 457.323029 379.806892 296.500379 252.272557 175.190273 258.943843
56.500000 473.184587 344.168299 262.450455 210.395005 178.563647 158.613456 118.104623 81.951468 58.088932 457.720611 380.140506 296.765133 252.500684 175.354383 259.177499
56.550000 473.594891 344.472207 262.686811 210.588220 178.730420 158.763624 118.220962 82.037424 58.154659 458.118175 380.474104 297.029875 252.728802 175.518486 259.411146
56.600000 474.005177 344.776101 262.923156 210.781427 178.897186 158.913785 118.337297 82.123377 58.220384 458.515720 380.807687 297.294606 252.956910 175.682583 259.644782
56.650000 474.415445 345.079982 263.159491 210.974627 179.063945 159.063940 118.453629 82.209328 58.286108 458.913247 381.141256 297.559326 253.185008 175.846673 259.878408
56.700000 474.825693 345.383850 263.395817 211.167818 179.230698 159.214090 118.569956 82.295276 58.351830 459.310757 381.474809 297.824034 253.413097 176.010757 260.112024
56.750000 475.235923 345.687703 263.632132 211.361001 179.397444 159.364233 118.686278 82.381222 58.417550 459.708248 381.808348 298.088730 253.641176 176.174835 260.345630
56.800000 475.646134 345.991544 263.868437 211.554177 179.564183 159.514371 118.802597 82.467165 58.483269 460.105721 382.141872 298.353415 253.869245 176.338905 260.579226
56.850000 476.056326 346.295371 264.104732 211.747344 179.730916 159.664503 118.918912 82.553105 58.548986 460.503176 382.475381 298.618088 254.097305 176.502969 260.812813
56.900000 476.466500 346.599185 264.341016 211.940503 179.897642 159.814629 119.035222 82.639042 58.614701 460.900613 382.808874 298.882750 254.325355 176.667027 261.046389
56.950000 476.876655 346.902985 264.577291 212.133655 180.064362 159.964750 119.151528 82.724977 58.680415 461.298032 383.142353 299.147401 254.553395 176.831078 261.279955
57.000000 477.286791 347.206772 264.813556 212.326798 180.231074 160.114864 119.267830 82.810909 58.746127 461.695433 383.475818 299.412040 254.781425 176.995123 261.513512
57.050000 477.696909 347.510545 265.049810 212.519934 180.397781 160.264973 119.384128 82.896839 58.811837 462.092816 383.809267 299.676667 255.009446 177.159161 261.747058
57.100000 478.107008 347.814305 265.286055 212.713062 180.564480 160.415076 119.500422 82.982766 58.877546 462.490181 384.142702 299.941283 255.237458 177.323193 261.980595
57.150000 478.517089 348.118052 265.522290 212.906181 180.731173 160.565173 119.616712 83.068690 58.943253 462.887528 384.476121 300.205888 255.465459 177.487218 262.214122
57.200000 478.927151 348.421785 265.758514 213.099293 180.897860 160.715264 119.732997 83.154612 59.008958 463.284857 384.809526 300.470481 255.693451 177.651237 262.447639
57.250000 479.337195 348.725505 265.994729 213.292397 181.064539 160.865350 119.849278 83.240531 59.074662 463.682168 385.142917 300.735063 255.921434 177.815249 262.681146
57.300000 479.747220 349.029212 266.230933 213.485493 181.231212 161.015430 119.965556 83.326447 59.140364 464.079462 385.476292 300.999634 256.149407 177.979255 262.914643
57.350000 480.157226 349.332906 266.467128 213.678581 181.397879 161.165504 120.081829 83.412361 59.206065 464.476737 385.809653 301.264193 256.377370 178.143254 263.148130
57.400000 480.567215 349.636586 266.703312 213.871662 181.564539 161.315572 120.198098 83.498272 59.271763 464.873995 386.142999 301.528741 256.605324 178.307247 263.381607
57.450000 480.977184 349.940253 266.939487 214.064734 181.731193 161.465634 120.314363 83.584180 59.337461 465.271235 386.476330 301.793277 256.833268 178.471234 263.615075
57.500000 481.387136 350.243907 267.175652 214.257799 181.897839 161.615691 120.430623 83.670086 59.403156 465.668457 386.809647 302.057802 257.061202 178.635214 263.848533
57.550000 481.797069 350.547548 267.411807 214.450856 182.064480 161.765742 120.546880 83.755989 59.468850 466.065661 387.142949 302.322316 257.289128 178.799187 264.081981
57.600000 482.206983 350.851175 267.647951 214.643905 182.231114 161.915787 120.663133 83.841890 59.534542 466.462848 387.476236 302.586819 257.517043 178.963155 264.315419
