web/models/kne/21/Metzger_0.403554_0.175862_0.450000.dat
# %ECSV 0.9
# ---
# datatype:
# - {name: time, datatype: float64}
# - {name: sdss_u, datatype: float64}
# - {name: sdss_g, datatype: float64}
# - {name: sdss_r, datatype: float64}
# - {name: sdss_i, datatype: float64}
# - {name: sdss_z, datatype: float64}
# - {name: PS1_y, datatype: float64}
# - {name: ukirt_J, datatype: float64}
# - {name: ukirt_H, datatype: float64}
# - {name: ukirt_K, datatype: float64}
# - {name: johnson_U, datatype: float64}
# - {name: johnson_B, datatype: float64}
# - {name: johnson_V, datatype: float64}
# - {name: johnson_R, datatype: float64}
# - {name: johnson_I, datatype: float64}
# - {name: Clear, datatype: float64}
# meta: !!omap
# - comment: [vej = 0.17586206896551723, mej = 0.4035543872905491, Ye = 0.45, redshift = 0.0]
# schema: astropy-2.0
time sdss_u sdss_g sdss_r sdss_i sdss_z PS1_y ukirt_J ukirt_H ukirt_K johnson_U johnson_B johnson_V johnson_R johnson_I Clear
[from data line 2937]
146.950000 260.991395 186.483286 139.373100 109.418872 91.134245 79.691306 56.512651 35.925191 22.426272 252.054812 207.244713 159.144867 133.643623 89.292508 137.488213
147.000000 261.084626 186.552263 139.426677 109.462616 91.171961 79.725237 56.538871 35.944484 22.440954 252.145138 207.320458 159.204915 133.695323 89.329615 137.541173
147.050000 261.177855 186.621239 139.480255 109.506359 91.209677 79.759167 56.565090 35.963778 22.455636 252.235463 207.396202 159.264964 133.747023 89.366723 137.594133
147.100000 261.271084 186.690215 139.533831 109.550102 91.247393 79.793097 56.591309 35.983071 22.470318 252.325787 207.471945 159.325011 133.798721 89.403829 137.647092
147.150000 261.364311 186.759189 139.587408 109.593845 91.285108 79.827027 56.617528 36.002364 22.485000 252.416110 207.547687 159.385058 133.850420 89.440936 137.700050
147.200000 261.457537 186.828163 139.640983 109.637587 91.322822 79.860957 56.643747 36.021657 22.499682 252.506432 207.623429 159.445104 133.902118 89.478042 137.753008
147.250000 261.550762 186.897135 139.694558 109.681328 91.360537 79.894886 56.669966 36.040950 22.514364 252.596752 207.699169 159.505150 133.953815 89.515148 137.805966
147.300000 261.643985 186.966107 139.748133 109.725070 91.398251 79.928815 56.696184 36.060243 22.529046 252.687072 207.774909 159.565194 134.005512 89.552254 137.858922
147.350000 261.737208 187.035078 139.801706 109.768810 91.435964 79.962744 56.722402 36.079536 22.543728 252.777390 207.850647 159.625239 134.057208 89.589359 137.911879
147.400000 261.830429 187.104049 139.855280 109.812551 91.473678 79.996672 56.748621 36.098829 22.558410 252.867707 207.926385 159.685282 134.108903 89.626464 137.964834
147.450000 261.923649 187.173018 139.908852 109.856291 91.511391 80.030600 56.774839 36.118122 22.573092 252.958023 208.002121 159.745325 134.160599 89.663568 138.017789
147.500000 262.016868 187.241987 139.962424 109.900030 91.549103 80.064528 56.801057 36.137415 22.587775 253.048338 208.077857 159.805367 134.212293 89.700673 138.070744
147.550000 262.110085 187.310955 140.015996 109.943769 91.586816 80.098456 56.827274 36.156708 22.602457 253.138652 208.153592 159.865408 134.263987 89.737777 138.123698
147.600000 262.203302 187.379922 140.069567 109.987508 91.624528 80.132383 56.853492 36.176001 22.617139 253.228964 208.229326 159.925449 134.315680 89.774880 138.176651
147.650000 262.296517 187.448888 140.123137 110.031246 91.662239 80.166310 56.879709 36.195293 22.631821 253.319276 208.305059 159.985489 134.367373 89.811984 138.229604
147.700000 262.389731 187.517853 140.176707 110.074984 91.699951 80.200237 56.905926 36.214586 22.646503 253.409586 208.380791 160.045528 134.419066 89.849086 138.282556
147.750000 262.482944 187.586818 140.230276 110.118721 91.737662 80.234163 56.932143 36.233878 22.661186 253.499895 208.456522 160.105567 134.470757 89.886189 138.335508
147.800000 262.576156 187.655782 140.283845 110.162458 91.775372 80.268090 56.958360 36.253171 22.675868 253.590203 208.532253 160.165605 134.522449 89.923291 138.388459
147.850000 262.669366 187.724745 140.337413 110.206194 91.813082 80.302016 56.984577 36.272463 22.690550 253.680510 208.607982 160.225642 134.574139 89.960393 138.441410
147.900000 262.762575 187.793707 140.390980 110.249930 91.850792 80.335941 57.010793 36.291756 22.705232 253.770815 208.683711 160.285679 134.625829 89.997495 138.494360
147.950000 262.855784 187.862668 140.444547 110.293666 91.888502 80.369867 57.037010 36.311048 22.719915 253.861120 208.759438 160.345715 134.677519 90.034596 138.547309
148.000000 262.948990 187.931629 140.498113 110.337401 91.926211 80.403792 57.063226 36.330340 22.734597 253.951424 208.835165 160.405750 134.729208 90.071697 138.600258
148.050000 263.042196 188.000589 140.551679 110.381136 91.963920 80.437716 57.089442 36.349632 22.749279 254.041726 208.910890 160.465785 134.780896 90.108798 138.653206
148.100000 263.135401 188.069547 140.605244 110.424870 92.001629 80.471641 57.115658 36.368925 22.763962 254.132027 208.986615 160.525819 134.832584 90.145898 138.706154
148.150000 263.228604 188.138506 140.658809 110.468604 92.039337 80.505565 57.141874 36.388217 22.778644 254.222327 209.062339 160.585852 134.884271 90.182998 138.759101
148.200000 263.321807 188.207463 140.712373 110.512337 92.077045 80.539489 57.168089 36.407509 22.793326 254.312626 209.138062 160.645885 134.935958 90.220098 138.812048
148.250000 263.415008 188.276419 140.765936 110.556070 92.114753 80.573413 57.194305 36.426801 22.808009 254.402924 209.213784 160.705916 134.987645 90.257197 138.864994
148.300000 263.508207 188.345375 140.819499 110.599803 92.152460 80.607336 57.220520 36.446093 22.822691 254.493220 209.289505 160.765948 135.039330 90.294296 138.917939
148.350000 263.601406 188.414330 140.873061 110.643535 92.190167 80.641259 57.246735 36.465384 22.837373 254.583516 209.365225 160.825978 135.091015 90.331395 138.970884
148.400000 263.694604 188.483284 140.926623 110.687267 92.227873 80.675182 57.272950 36.484676 22.852056 254.673810 209.440945 160.886008 135.142700 90.368493 139.023828
148.450000 263.787800 188.552237 140.980184 110.730998 92.265580 80.709105 57.299165 36.503968 22.866738 254.764103 209.516663 160.946037 135.194384 90.405591 139.076772
148.500000 263.880995 188.621189 141.033744 110.774729 92.303286 80.743027 57.325379 36.523260 22.881421 254.854395 209.592381 161.006066 135.246068 90.442689 139.129715
148.550000 263.974189 188.690141 141.087304 110.818460 92.340991 80.776949 57.351594 36.542551 22.896103 254.944686 209.668097 161.066094 135.297750 90.479786 139.182658
148.600000 264.067382 188.759092 141.140863 110.862190 92.378696 80.810871 57.377808 36.561843 22.910785 255.034976 209.743813 161.126121 135.349433 90.516883 139.235600
148.650000 264.160574 188.828042 141.194422 110.905919 92.416401 80.844792 57.404022 36.581134 22.925468 255.125265 209.819527 161.186147 135.401115 90.553980 139.288541
148.700000 264.253764 188.896991 141.247980 110.949648 92.454106 80.878713 57.430236 36.600426 22.940150 255.215552 209.895241 161.246173 135.452796 90.591076 139.341482
148.750000 264.346953 188.965939 141.301538 110.993377 92.491810 80.912634 57.456450 36.619717 22.954833 255.305839 209.970954 161.306198 135.504477 90.628172 139.394422
148.800000 264.440141 189.034887 141.355095 111.037105 92.529514 80.946555 57.482663 36.639009 22.969515 255.396124 210.046666 161.366223 135.556157 90.665268 139.447362
148.850000 264.533328 189.103834 141.408651 111.080833 92.567217 80.980475 57.508877 36.658300 22.984198 255.486408 210.122377 161.426247 135.607837 90.702364 139.500301
148.900000 264.626514 189.172779 141.462207 111.124561 92.604921 81.014395 57.535090 36.677591 22.998880 255.576691 210.198087 161.486270 135.659516 90.739459 139.553240
148.950000 264.719699 189.241725 141.515763 111.168288 92.642624 81.048315 57.561303 36.696882 23.013563 255.666973 210.273797 161.546292 135.711194 90.776553 139.606178
149.000000 264.812882 189.310669 141.569317 111.212014 92.680326 81.082234 57.587516 36.716173 23.028245 255.757254 210.349505 161.606314 135.762872 90.813648 139.659115
149.050000 264.906064 189.379612 141.622872 111.255741 92.718028 81.116153 57.613729 36.735464 23.042928 255.847533 210.425212 161.666335 135.814550 90.850742 139.712052
149.100000 264.999245 189.448555 141.676425 111.299466 92.755730 81.150072 57.639942 36.754755 23.057611 255.937812 210.500919 161.726355 135.866227 90.887836 139.764989
149.150000 265.092425 189.517497 141.729978 111.343192 92.793432 81.183991 57.666154 36.774046 23.072293 256.028089 210.576625 161.786375 135.917903 90.924929 139.817924
149.200000 265.185604 189.586438 141.783531 111.386917 92.831133 81.217909 57.692367 36.793337 23.086976 256.118366 210.652329 161.846394 135.969579 90.962022 139.870860
149.250000 265.278782 189.655378 141.837082 111.430641 92.868834 81.251827 57.718579 36.812628 23.101658 256.208641 210.728033 161.906413 136.021254 90.999115 139.923794
149.300000 265.371958 189.724318 141.890634 111.474365 92.906534 81.285745 57.744791 36.831919 23.116341 256.298915 210.803736 161.966430 136.072929 91.036208 139.976728
149.350000 265.465133 189.793257 141.944184 111.518089 92.944235 81.319663 57.771003 36.851209 23.131024 256.389187 210.879438 162.026448 136.124603 91.073300 140.029662
149.400000 265.558307 189.862194 141.997735 111.561812 92.981934 81.353580 57.797214 36.870500 23.145706 256.479459 210.955139 162.086464 136.176277 91.110392 140.082595
149.450000 265.651480 189.931131 142.051284 111.605535 93.019634 81.387497 57.823426 36.889791 23.160389 256.569730 211.030839 162.146480 136.227950 91.147483 140.135527
149.500000 265.744652 190.000068 142.104833 111.649257 93.057333 81.421414 57.849637 36.909081 23.175072 256.659999 211.106539 162.206495 136.279623 91.184574 140.188459
149.550000 265.837822 190.069003 142.158382 111.692979 93.095032 81.455330 57.875848 36.928372 23.189754 256.750268 211.182237 162.266509 136.331295 91.221665 140.241390
149.600000 265.930992 190.137938 142.211929 111.736700 93.132731 81.489246 57.902059 36.947662 23.204437 256.840535 211.257935 162.326523 136.382966 91.258756 140.294321
149.650000 266.024160 190.206872 142.265477 111.780422 93.170429 81.523162 57.928270 36.966952 23.219120 256.930801 211.333631 162.386536 136.434637 91.295846 140.347251
149.700000 266.117327 190.275805 142.319023 111.824142 93.208127 81.557078 57.954481 36.986243 23.233802 257.021066 211.409327 162.446548 136.486307 91.332936 140.400181
149.750000 266.210493 190.344737 142.372570 111.867862 93.245824 81.590993 57.980691 37.005533 23.248485 257.111330 211.485022 162.506560 136.537977 91.370025 140.453110
149.800000 266.303657 190.413668 142.426115 111.911582 93.283521 81.624908 58.006902 37.024823 23.263168 257.201593 211.560715 162.566571 136.589647 91.407114 140.506038
149.850000 266.396821 190.482599 142.479660 111.955302 93.321218 81.658823 58.033112 37.044113 23.277850 257.291854 211.636408 162.626582 136.641315 91.444203 140.558966
149.900000 266.489983 190.551529 142.533205 111.999021 93.358915 81.692737 58.059322 37.063403 23.292533 257.382115 211.712100 162.686591 136.692984 91.481292 140.611893
149.950000 266.583145 190.620458 142.586748 112.042739 93.396611 81.726652 58.085532 37.082693 23.307216 257.472374 211.787792 162.746600 136.744651 91.518380 140.664820
150.000000 266.676306 190.689387 142.640292 112.086458 93.434307 81.760566 58.111742 37.101983 23.321899 257.562634 211.863483 162.806609 136.796319 91.555468 140.717747
