web/models/kne/21/Metzger_0.111556_0.483793_0.100000.dat
# %ECSV 0.9
# ---
# datatype:
# - {name: time, datatype: float64}
# - {name: sdss_u, datatype: float64}
# - {name: sdss_g, datatype: float64}
# - {name: sdss_r, datatype: float64}
# - {name: sdss_i, datatype: float64}
# - {name: sdss_z, datatype: float64}
# - {name: PS1_y, datatype: float64}
# - {name: ukirt_J, datatype: float64}
# - {name: ukirt_H, datatype: float64}
# - {name: ukirt_K, datatype: float64}
# - {name: johnson_U, datatype: float64}
# - {name: johnson_B, datatype: float64}
# - {name: johnson_V, datatype: float64}
# - {name: johnson_R, datatype: float64}
# - {name: johnson_I, datatype: float64}
# - {name: Clear, datatype: float64}
# meta: !!omap
# - comment: [vej = 0.48379310344827586, mej = 0.11155639876849505, Ye = 0.1, redshift = 0.0]
# schema: astropy-2.0
time sdss_u sdss_g sdss_r sdss_i sdss_z PS1_y ukirt_J ukirt_H ukirt_K johnson_U johnson_B johnson_V johnson_R johnson_I Clear
[from data line 2850]
142.600000 629.052095 458.996638 351.222714 282.527268 240.496586 214.141292 160.584578 112.712023 81.046728 608.673651 506.421030 396.486738 338.095486 236.257712 346.904682
142.650000 629.271255 459.159036 351.349072 282.630611 240.585822 214.221669 160.646909 112.758144 81.082057 608.886013 506.599267 396.628241 338.217449 236.345524 347.029595
142.700000 629.490410 459.321430 351.475428 282.733953 240.675057 214.302045 160.709238 112.804264 81.117385 609.098371 506.777501 396.769741 338.339411 236.433335 347.154505
142.750000 629.709562 459.483821 351.601782 282.837292 240.764290 214.382419 160.771566 112.850384 81.152712 609.310726 506.955732 396.911239 338.461370 236.521144 347.279414
142.800000 629.928710 459.646210 351.728134 282.940630 240.853521 214.462792 160.833894 112.896503 81.188040 609.523076 507.133959 397.052734 338.583327 236.608952 347.404320
142.850000 630.147853 459.808596 351.854483 283.043966 240.942752 214.543164 160.896220 112.942621 81.223367 609.735423 507.312184 397.194227 338.705282 236.696758 347.529225
142.900000 630.366993 459.970979 351.980831 283.147301 241.031981 214.623535 160.958546 112.988738 81.258693 609.947766 507.490405 397.335717 338.827236 236.784563 347.654127
142.950000 630.586129 460.133359 352.107176 283.250634 241.121208 214.703904 161.020870 113.034855 81.294019 610.160106 507.668623 397.477205 338.949187 236.872366 347.779027
143.000000 630.805261 460.295736 352.233519 283.353965 241.210434 214.784272 161.083194 113.080972 81.329345 610.372441 507.846838 397.618691 339.071136 236.960169 347.903925
143.050000 631.024389 460.458110 352.359861 283.457294 241.299659 214.864639 161.145516 113.127088 81.364670 610.584773 508.025050 397.760174 339.193082 237.047969 348.028821
143.100000 631.243514 460.620482 352.486199 283.560622 241.388882 214.945005 161.207838 113.173203 81.399995 610.797101 508.203258 397.901654 339.315027 237.135769 348.153714
143.150000 631.462634 460.782851 352.612536 283.663948 241.478103 215.025369 161.270159 113.219317 81.435319 611.009426 508.381464 398.043132 339.436970 237.223566 348.278606
143.200000 631.681750 460.945217 352.738871 283.767272 241.567324 215.105732 161.332479 113.265431 81.470643 611.221746 508.559666 398.184608 339.558911 237.311363 348.403495
143.250000 631.900863 461.107580 352.865203 283.870594 241.656542 215.186094 161.394798 113.311544 81.505967 611.434063 508.737866 398.326082 339.680849 237.399158 348.528383
143.300000 632.119971 461.269940 352.991534 283.973915 241.745760 215.266454 161.457116 113.357657 81.541290 611.646376 508.916062 398.467553 339.802786 237.486951 348.653268
143.350000 632.339076 461.432297 353.117862 284.077234 241.834976 215.346813 161.519433 113.403769 81.576612 611.858685 509.094255 398.609021 339.924721 237.574744 348.778151
143.400000 632.558177 461.594652 353.244188 284.180552 241.924190 215.427171 161.581749 113.449880 81.611935 612.070990 509.272445 398.750487 340.046653 237.662534 348.903032
143.450000 632.777274 461.757004 353.370512 284.283867 242.013403 215.507528 161.644064 113.495991 81.647256 612.283292 509.450632 398.891951 340.168583 237.750324 349.027911
143.500000 632.996367 461.919353 353.496833 284.387181 242.102615 215.587883 161.706379 113.542101 81.682578 612.495590 509.628815 399.033412 340.290512 237.838112 349.152787
143.550000 633.215456 462.081699 353.623153 284.490493 242.191825 215.668237 161.768692 113.588211 81.717899 612.707884 509.806996 399.174871 340.412438 237.925898 349.277662
143.600000 633.434541 462.244042 353.749471 284.593804 242.281033 215.748590 161.831005 113.634320 81.753220 612.920174 509.985173 399.316327 340.534362 238.013683 349.402535
143.650000 633.653622 462.406383 353.875786 284.697113 242.370241 215.828942 161.893316 113.680428 81.788540 613.132461 510.163348 399.457781 340.656284 238.101467 349.527405
143.700000 633.872700 462.568720 354.002099 284.800420 242.459446 215.909292 161.955627 113.726536 81.823859 613.344744 510.341519 399.599232 340.778205 238.189249 349.652273
143.750000 634.091773 462.731055 354.128410 284.903725 242.548651 215.989641 162.017936 113.772643 81.859179 613.557023 510.519687 399.740681 340.900123 238.277030 349.777140
143.800000 634.310843 462.893387 354.254719 285.007029 242.637854 216.069989 162.080245 113.818749 81.894498 613.769298 510.697852 399.882128 341.022039 238.364810 349.902004
143.850000 634.529909 463.055717 354.381026 285.110331 242.727055 216.150335 162.142553 113.864855 81.929816 613.981570 510.876014 400.023572 341.143953 238.452588 350.026866
143.900000 634.748971 463.218043 354.507331 285.213632 242.816255 216.230680 162.204860 113.910960 81.965134 614.193837 511.054173 400.165014 341.265865 238.540365 350.151726
143.950000 634.968029 463.380367 354.633633 285.316930 242.905454 216.311024 162.267166 113.957065 82.000452 614.406101 511.232328 400.306454 341.387774 238.628140 350.276583
144.000000 635.187083 463.542688 354.759934 285.420227 242.994651 216.391367 162.329471 114.003169 82.035769 614.618362 511.410481 400.447891 341.509682 238.715914 350.401439
144.050000 635.406133 463.705006 354.886232 285.523523 243.083847 216.471708 162.391775 114.049272 82.071086 614.830618 511.588630 400.589325 341.631588 238.803686 350.526293
144.100000 635.625180 463.867321 355.012528 285.626816 243.173041 216.552049 162.454078 114.095375 82.106402 615.042871 511.766777 400.730757 341.753492 238.891457 350.651144
144.150000 635.844222 464.029633 355.138822 285.730108 243.262234 216.632388 162.516381 114.141477 82.141718 615.255120 511.944920 400.872187 341.875394 238.979227 350.775993
144.200000 636.063261 464.191943 355.265114 285.833398 243.351426 216.712725 162.578682 114.187578 82.177034 615.467366 512.123060 401.013614 341.997293 239.066995 350.900841
144.250000 636.282296 464.354250 355.391404 285.936687 243.440616 216.793062 162.640982 114.233679 82.212349 615.679607 512.301197 401.155039 342.119191 239.154762 351.025686
144.300000 636.501327 464.516554 355.517691 286.039973 243.529805 216.873397 162.703282 114.279779 82.247664 615.891845 512.479331 401.296462 342.241086 239.242527 351.150529
144.350000 636.720354 464.678855 355.643977 286.143259 243.618992 216.953731 162.765580 114.325879 82.282978 616.104079 512.657462 401.437882 342.362980 239.330292 351.275370
144.400000 636.939377 464.841153 355.770260 286.246542 243.708178 217.034063 162.827878 114.371978 82.318292 616.316309 512.835590 401.579300 342.484871 239.418054 351.400209
144.450000 637.158396 465.003449 355.896542 286.349824 243.797362 217.114394 162.890175 114.418076 82.353606 616.528536 513.013714 401.720715 342.606761 239.505815 351.525046
144.500000 637.377412 465.165742 356.022821 286.453104 243.886545 217.194725 162.952471 114.464174 82.388919 616.740759 513.191836 401.862128 342.728648 239.593575 351.649880
144.550000 637.596424 465.328032 356.149098 286.556382 243.975726 217.275053 163.014766 114.510271 82.424231 616.952978 513.369954 402.003539 342.850534 239.681334 351.774713
144.600000 637.815431 465.490319 356.275373 286.659659 244.064907 217.355381 163.077060 114.556367 82.459544 617.165194 513.548070 402.144947 342.972417 239.769091 351.899543
144.650000 638.034435 465.652603 356.401645 286.762934 244.154085 217.435707 163.139353 114.602463 82.494856 617.377405 513.726182 402.286352 343.094298 239.856847 352.024372
144.700000 638.253435 465.814885 356.527916 286.866207 244.243263 217.516032 163.201645 114.648559 82.530167 617.589613 513.904291 402.427756 343.216178 239.944601 352.149198
144.750000 638.472432 465.977164 356.654185 286.969479 244.332438 217.596356 163.263936 114.694653 82.565478 617.801818 514.082397 402.569157 343.338055 240.032354 352.274022
144.800000 638.691424 466.139440 356.780451 287.072749 244.421613 217.676679 163.326226 114.740747 82.600789 618.014018 514.260500 402.710555 343.459930 240.120105 352.398845
144.850000 638.910413 466.301713 356.906716 287.176017 244.510786 217.757000 163.388516 114.786841 82.636099 618.226215 514.438600 402.851951 343.581803 240.207855 352.523665
144.900000 639.129397 466.463984 357.032978 287.279283 244.599957 217.837320 163.450804 114.832934 82.671408 618.438408 514.616697 402.993345 343.703674 240.295604 352.648483
144.950000 639.348378 466.626252 357.159238 287.382548 244.689128 217.917639 163.513092 114.879026 82.706718 618.650598 514.794791 403.134736 343.825543 240.383351 352.773299
145.000000 639.567355 466.788517 357.285496 287.485812 244.778296 217.997956 163.575378 114.925117 82.742027 618.862784 514.972882 403.276125 343.947411 240.471097 352.898113
145.050000 639.786328 466.950779 357.411752 287.589073 244.867464 218.078272 163.637664 114.971208 82.777335 619.074966 515.150970 403.417512 344.069276 240.558842 353.022924
145.100000 640.005298 467.113038 357.538006 287.692333 244.956629 218.158587 163.699949 115.017299 82.812643 619.287144 515.329054 403.558896 344.191139 240.646585 353.147734
145.150000 640.224263 467.275295 357.664257 287.795591 245.045794 218.238901 163.762233 115.063388 82.847951 619.499318 515.507136 403.700278 344.313000 240.734327 353.272542
145.200000 640.443225 467.437549 357.790507 287.898848 245.134957 218.319214 163.824516 115.109478 82.883258 619.711489 515.685214 403.841657 344.434859 240.822067 353.397347
145.250000 640.662183 467.599800 357.916755 288.002102 245.224119 218.399525 163.886798 115.155566 82.918565 619.923657 515.863289 403.983034 344.556716 240.909806 353.522151
145.300000 640.881137 467.762048 358.043000 288.105355 245.313279 218.479835 163.949079 115.201654 82.953872 620.135820 516.041362 404.124409 344.678571 240.997544 353.646952
145.350000 641.100087 467.924294 358.169243 288.208607 245.402438 218.560144 164.011359 115.247741 82.989178 620.347980 516.219431 404.265781 344.800424 241.085280 353.771751
145.400000 641.319034 468.086536 358.295484 288.311857 245.491595 218.640451 164.073639 115.293828 83.024483 620.560136 516.397497 404.407151 344.922274 241.173015 353.896548
145.450000 641.537976 468.248776 358.421724 288.415105 245.580751 218.720758 164.135917 115.339914 83.059789 620.772288 516.575560 404.548518 345.044123 241.260748 354.021344
145.500000 641.756915 468.411014 358.547961 288.518351 245.669906 218.801063 164.198194 115.385999 83.095093 620.984437 516.753620 404.689883 345.165970 241.348480 354.146137
145.550000 641.975850 468.573248 358.674195 288.621596 245.759059 218.881366 164.260471 115.432084 83.130398 621.196582 516.931678 404.831246 345.287815 241.436211 354.270928
145.600000 642.194781 468.735480 358.800428 288.724839 245.848211 218.961669 164.322747 115.478168 83.165702 621.408723 517.109731 404.972606 345.409658 241.523940 354.395716
145.650000 642.413708 468.897709 358.926659 288.828081 245.937361 219.041970 164.385021 115.524252 83.201005 621.620861 517.287782 405.113964 345.531499 241.611668 354.520503
145.700000 642.632632 469.059935 359.052888 288.931320 246.026510 219.122270 164.447295 115.570335 83.236309 621.832995 517.465830 405.255320 345.653338 241.699394 354.645288
145.750000 642.851552 469.222158 359.179114 289.034558 246.115658 219.202569 164.509568 115.616417 83.271611 622.045125 517.643875 405.396673 345.775174 241.787119 354.770071
145.800000 643.070467 469.384379 359.305338 289.137795 246.204804 219.282867 164.571840 115.662499 83.306914 622.257252 517.821917 405.538024 345.897009 241.874843 354.894852
145.850000 643.289379 469.546597 359.431561 289.241030 246.293949 219.363163 164.634111 115.708580 83.342216 622.469375 517.999955 405.679373 346.018842 241.962566 355.019630
145.900000 643.508288 469.708812 359.557781 289.344263 246.383092 219.443458 164.696382 115.754661 83.377517 622.681494 518.177991 405.820719 346.140673 242.050287 355.144407
145.950000 643.727192 469.871024 359.683999 289.447494 246.472234 219.523752 164.758651 115.800741 83.412818 622.893610 518.356024 405.962062 346.262501 242.138006 355.269181
146.000000 643.946093 470.033234 359.810215 289.550724 246.561374 219.604044 164.820919 115.846820 83.448119 623.105722 518.534053 406.103404 346.384328 242.225724 355.393953
146.050000 644.164990 470.195441 359.936429 289.653952 246.650513 219.684336 164.883187 115.892899 83.483419 623.317830 518.712080 406.244743 346.506153 242.313441 355.518724
146.100000 644.383883 470.357645 360.062641 289.757178 246.739651 219.764626 164.945453 115.938977 83.518719 623.529934 518.890103 406.386079 346.627976 242.401157 355.643492
146.150000 644.602772 470.519846 360.188851 289.860403 246.828787 219.844915 165.007719 115.985055 83.554019 623.742035 519.068124 406.527414 346.749796 242.488871 355.768258
146.200000 644.821658 470.682045 360.315059 289.963626 246.917922 219.925202 165.069984 116.031132 83.589318 623.954132 519.246141 406.668745 346.871615 242.576584 355.893022
146.250000 645.040539 470.844241 360.441264 290.066848 247.007056 220.005489 165.132248 116.077208 83.624616 624.166226 519.424155 406.810075 346.993432 242.664295 356.017785
146.300000 645.259417 471.006434 360.567468 290.170067 247.096188 220.085774 165.194511 116.123284 83.659915 624.378316 519.602167 406.951402 347.115247 242.752005 356.142545
146.350000 645.478291 471.168624 360.693669 290.273285 247.185319 220.166058 165.256773 116.169359 83.695212 624.590402 519.780175 407.092727 347.237059 242.839713 356.267303
146.400000 645.697162 471.330812 360.819869 290.376502 247.274448 220.246340 165.319034 116.215433 83.730510 624.802484 519.958180 407.234049 347.358870 242.927421 356.392058
146.450000 645.916028 471.492997 360.946066 290.479717 247.363576 220.326622 165.381294 116.261507 83.765807 625.014563 520.136182 407.375369 347.480679 243.015127 356.516812
146.500000 646.134891 471.655179 361.072261 290.582930 247.452702 220.406902 165.443553 116.307580 83.801103 625.226639 520.314181 407.516687 347.602485 243.102831 356.641564
146.550000 646.353750 471.817358 361.198454 290.686141 247.541827 220.487181 165.505812 116.353653 83.836400 625.438710 520.492178 407.658003 347.724290 243.190534 356.766314
146.600000 646.572605 471.979535 361.324645 290.789351 247.630951 220.567459 165.568069 116.399725 83.871695 625.650778 520.670171 407.799316 347.846093 243.278236 356.891062
146.650000 646.791457 472.141709 361.450834 290.892559 247.720073 220.647735 165.630326 116.445796 83.906991 625.862842 520.848161 407.940626 347.967894 243.365936 357.015807
146.700000 647.010304 472.303880 361.577021 290.995766 247.809194 220.728010 165.692582 116.491867 83.942286 626.074903 521.026148 408.081935 348.089692 243.453635 357.140551
146.750000 647.229148 472.466049 361.703206 291.098971 247.898314 220.808284 165.754836 116.537937 83.977580 626.286960 521.204132 408.223241 348.211489 243.541333 357.265293
146.800000 647.447988 472.628214 361.829389 291.202174 247.987432 220.888557 165.817090 116.584007 84.012874 626.499013 521.382113 408.364544 348.333284 243.629029 357.390032
146.850000 647.666825 472.790378 361.955569 291.305376 248.076549 220.968829 165.879343 116.630076 84.048168 626.711063 521.560091 408.505845 348.455077 243.716724 357.514770
146.900000 647.885657 472.952538 362.081748 291.408575 248.165664 221.049099 165.941595 116.676144 84.083461 626.923109 521.738066 408.647144 348.576867 243.804417 357.639505
146.950000 648.104486 473.114695 362.207924 291.511774 248.254778 221.129368 166.003847 116.722212 84.118754 627.135151 521.916038 408.788441 348.698656 243.892110 357.764238
147.000000 648.323311 473.276850 362.334099 291.614970 248.343891 221.209636 166.066097 116.768279 84.154047 627.347190 522.094007 408.929735 348.820443 243.979800 357.888970
147.050000 648.542132 473.439002 362.460271 291.718165 248.433002 221.289903 166.128346 116.814346 84.189339 627.559225 522.271973 409.071027 348.942228 244.067490 358.013699
