web/models/kne/21/Metzger_0.403554_0.256897_0.100000.dat
# %ECSV 0.9
# ---
# datatype:
# - {name: time, datatype: float64}
# - {name: sdss_u, datatype: float64}
# - {name: sdss_g, datatype: float64}
# - {name: sdss_r, datatype: float64}
# - {name: sdss_i, datatype: float64}
# - {name: sdss_z, datatype: float64}
# - {name: PS1_y, datatype: float64}
# - {name: ukirt_J, datatype: float64}
# - {name: ukirt_H, datatype: float64}
# - {name: ukirt_K, datatype: float64}
# - {name: johnson_U, datatype: float64}
# - {name: johnson_B, datatype: float64}
# - {name: johnson_V, datatype: float64}
# - {name: johnson_R, datatype: float64}
# - {name: johnson_I, datatype: float64}
# - {name: Clear, datatype: float64}
# meta: !!omap
# - comment: [vej = 0.25689655172413794, mej = 0.4035543872905491, Ye = 0.1, redshift = 0.0]
# schema: astropy-2.0
time sdss_u sdss_g sdss_r sdss_i sdss_z PS1_y ukirt_J ukirt_H ukirt_K johnson_U johnson_B johnson_V johnson_R johnson_I Clear
0.100000 nan nan nan nan nan nan nan nan nan nan nan nan nan nan nan
0.150000 nan nan nan nan nan nan nan nan nan nan nan nan nan nan nan
0.200000 -11.894602 -13.236374 -13.898230 -14.197952 -14.313949 -14.352526 -14.322108 -14.113480 -13.819977 -12.069297 -12.891897 -13.643954 -13.964310 -14.322113 -13.920377
0.250000 -11.807591 -13.296199 -14.050036 -14.407088 -14.557231 -14.616701 -14.627090 -14.452493 -14.179919 -11.999918 -12.910877 -13.757331 -14.127180 -14.568785 -14.075827
0.300000 -11.620615 -13.259188 -14.107239 -14.523231 -14.708585 -14.789646 -14.842292 -14.703001 -14.452136 -11.830936 -12.832115 -13.775130 -14.195742 -14.723641 -14.136770
0.350000 -11.388228 -13.172858 -14.112882 -14.586599 -14.806539 -14.908848 -15.003180 -14.898788 -14.669388 -11.616064 -12.705098 -13.742273 -14.212496 -14.825039 -14.146071
0.400000 -11.131792 -13.057236 -14.086092 -14.615715 -14.869240 -14.992223 -15.127201 -15.056914 -14.848505 -11.376508 -12.550231 -13.678270 -14.196455 -14.891088 -14.122819
0.450000 -10.861564 -12.922626 -14.037152 -14.620817 -14.906883 -15.049931 -15.224447 -15.187417 -14.999490 -11.122532 -12.377811 -13.593420 -14.157896 -14.931979 -14.077297
0.500000 -10.583114 -12.774998 -13.972255 -14.608207 -14.925821 -15.088355 -15.301348 -15.296759 -15.128833 -10.859757 -12.193703 -13.493830 -14.103034 -14.954070 -14.015702
0.550000 -10.299731 -12.618107 -13.895423 -14.582054 -14.930303 -15.111786 -15.362272 -15.389371 -15.241003 -10.591527 -12.001532 -13.383412 -14.035923 -14.961616 -13.942069
0.600000 -10.013474 -12.454454 -13.809417 -14.545267 -14.923315 -15.123256 -15.410330 -15.468428 -15.339218 -10.319957 -11.803680 -13.264822 -13.959351 -14.957610 -13.859167
0.650000 -9.725695 -12.285780 -13.716211 -14.499953 -14.907038 -15.124986 -15.447821 -15.536289 -15.425873 -10.046444 -11.601778 -13.139939 -13.875320 -14.944242 -13.768980
0.700000 -9.437310 -12.113339 -13.617266 -14.447691 -14.883115 -15.118659 -15.476493 -15.594754 -15.502801 -9.771945 -11.396990 -13.010138 -13.785314 -14.923160 -13.672976
0.750000 -9.148958 -11.938062 -13.513689 -14.389692 -14.852815 -15.105574 -15.497708 -15.645230 -15.571438 -9.497136 -11.190165 -12.876455 -13.690462 -14.895640 -13.572269
0.800000 -8.861094 -11.760656 -13.406340 -14.326908 -14.817139 -15.086762 -15.512544 -15.688837 -15.632927 -9.222501 -10.981940 -12.739685 -13.591641 -14.862685 -13.467726
0.850000 -8.574047 -11.581666 -13.295897 -14.260094 -14.776887 -15.063048 -15.521875 -15.726482 -15.688197 -8.948395 -10.772799 -12.600452 -13.489544 -14.825101 -13.360028
0.900000 -8.288057 -11.401519 -13.182905 -14.189864 -14.732712 -15.035107 -15.526413 -15.758908 -15.738009 -8.675080 -10.563118 -12.459252 -13.384731 -14.783543 -13.249727
0.950000 -8.003300 -11.220556 -13.067804 -14.116721 -14.685149 -15.003495 -15.526751 -15.786733 -15.782997 -8.402752 -10.353193 -12.316485 -13.277654 -14.738552 -13.137265
1.000000 -7.719903 -11.039050 -12.950958 -14.041081 -14.634646 -14.968676 -15.523383 -15.810475 -15.823694 -8.131558 -10.143255 -12.172476 -13.168686 -14.690577 -13.023011
1.050000 -7.437962 -10.857221 -12.832667 -13.963292 -14.581578 -14.931041 -15.516729 -15.830574 -15.860550 -7.861605 -9.933490 -12.027492 -13.058137 -14.639996 -12.907267
1.100000 -7.157542 -10.675249 -12.713181 -13.883647 -14.526262 -14.890921 -15.507144 -15.847406 -15.893951 -7.592975 -9.724046 -11.881754 -12.946266 -14.587128 -12.790285
1.150000 -6.878689 -10.493281 -12.592710 -13.802396 -14.468969 -14.848600 -15.494936 -15.861292 -15.924231 -7.325724 -9.515043 -11.735445 -12.833290 -14.532247 -12.672280
1.200000 -6.601433 -10.311438 -12.471432 -13.719751 -14.409932 -14.804323 -15.480370 -15.872513 -15.951678 -7.059894 -9.306575 -11.588720 -12.719394 -14.475587 -12.553430
1.250000 -6.325790 -10.129818 -12.349498 -13.635893 -14.349351 -14.758299 -15.463674 -15.881312 -15.976542 -6.795511 -9.098718 -11.441707 -12.604735 -14.417350 -12.433888
1.300000 -6.051768 -9.948503 -12.227034 -13.550980 -14.287399 -14.710713 -15.445051 -15.887903 -15.999044 -6.532590 -8.891532 -11.294516 -12.489446 -14.357712 -12.313785
1.350000 -5.779364 -9.767559 -12.104152 -13.465149 -14.224229 -14.661726 -15.424676 -15.892474 -16.019380 -6.271139 -8.685067 -11.147237 -12.373642 -14.296824 -12.193231
1.400000 -5.508571 -9.587041 -11.980945 -13.378516 -14.159972 -14.611476 -15.402706 -15.895191 -16.037720 -6.011157 -8.479357 -10.999948 -12.257422 -14.234822 -12.072322
1.450000 -5.239376 -9.406993 -11.857492 -13.291186 -14.094744 -14.560089 -15.379277 -15.896202 -16.054218 -5.752637 -8.274433 -10.852715 -12.140870 -14.171822 -11.951139
1.500000 -4.971762 -9.227452 -11.733864 -13.203248 -14.028647 -14.507674 -15.354512 -15.895638 -16.069011 -5.495570 -8.070314 -10.705592 -12.024059 -14.107927 -11.829753
1.550000 -4.705708 -9.048444 -11.610120 -13.114780 -13.961772 -14.454327 -15.328521 -15.893617 -16.082221 -5.239939 -7.867016 -10.558626 -11.907053 -14.043229 -11.708226
1.600000 -4.441191 -8.869994 -11.486312 -13.025853 -13.894199 -14.400134 -15.301400 -15.890245 -16.093959 -4.985729 -7.664548 -10.411857 -11.789907 -13.977809 -11.586608
1.650000 -4.178186 -8.692118 -11.362482 -12.936527 -13.825998 -14.345173 -15.273238 -15.885618 -16.104324 -4.732918 -7.462916 -10.265317 -11.672668 -13.911739 -11.464946
1.700000 -4.018946 -8.584035 -11.286878 -12.881658 -13.783826 -14.310959 -15.255138 -15.881681 -16.109419 -4.579804 -7.340558 -10.176064 -11.601023 -13.870846 -11.390644
1.750000 -3.760803 -8.408766 -11.164225 -12.792597 -13.715335 -14.255365 -15.225663 -15.875181 -16.117584 -4.331585 -7.142162 -10.031301 -11.484786 -13.804430 -11.270101
1.800000 -3.676305 -8.350924 -11.123305 -12.762483 -13.691838 -14.236016 -15.214719 -15.871634 -16.118763 -4.250280 -7.076882 -9.983271 -11.445930 -13.781600 -11.229861
1.850000 -3.424015 -8.179106 -11.002580 -12.674378 -13.623711 -14.180416 -15.184503 -15.863774 -16.125195 -4.007626 -6.882608 -9.841076 -11.331435 -13.715489 -11.111184
1.900000 -3.349229 -8.127627 -10.965898 -12.647144 -13.602263 -14.162596 -15.174038 -15.859790 -16.125357 -3.935632 -6.824626 -9.798176 -11.296557 -13.694624 -11.075096
1.950000 -3.102537 -7.959165 -10.847104 -12.560063 -13.534606 -14.107121 -15.143257 -15.850782 -16.130288 -3.698308 -6.634333 -9.658511 -11.183820 -13.628927 -10.958294
2.000000 -3.037009 -7.913797 -10.814536 -12.535667 -13.515216 -14.090871 -15.133373 -15.846513 -16.129617 -3.635193 -6.583339 -9.620564 -11.152812 -13.610042 -10.926239
2.050000 -2.976298 -7.871653 -10.784179 -12.512837 -13.496997 -14.075542 -15.123908 -15.842222 -16.128641 -3.576706 -6.536014 -9.585254 -11.123893 -13.592287 -10.896355
2.100000 -2.738973 -7.709088 -10.669079 -12.428044 -13.430769 -14.020959 -15.092942 -15.832102 -16.131889 -3.348334 -6.352587 -9.450209 -11.014581 -13.527933 -10.783159
2.150000 -2.502769 -7.547037 -10.554108 -12.343135 -13.364275 -13.966017 -15.061435 -15.821297 -16.134372 -3.121009 -6.169843 -9.315454 -10.905351 -13.463297 -10.670076
2.200000 -2.454493 -7.513163 -10.529378 -12.324244 -13.348961 -13.952947 -15.052918 -15.816804 -16.132463 -3.074458 -6.131950 -9.286882 -10.881736 -13.448344 -10.645713
2.250000 -2.223206 -7.354168 -10.416280 -12.240454 -13.283126 -13.898375 -15.021203 -15.805298 -16.133943 -2.851828 -5.952781 -9.154497 -10.774235 -13.384320 -10.534456
2.300000 -2.182974 -7.325696 -10.395275 -12.224216 -13.269808 -13.886890 -15.013438 -15.800822 -16.131582 -2.813005 -5.921028 -9.130354 -10.754140 -13.371297 -10.513750
2.350000 -1.956405 -7.169658 -10.284018 -12.141553 -13.204665 -13.832739 -14.981597 -15.788721 -16.132180 -2.594881 -5.745308 -9.000279 -10.648344 -13.307921 -10.404289
2.400000 -1.923860 -7.146371 -10.266608 -12.127896 -13.193307 -13.822823 -14.974610 -15.784326 -16.129454 -2.563445 -5.719437 -8.980399 -10.631650 -13.296795 -10.387114
2.450000 -1.701821 -6.993197 -10.157156 -12.046365 -13.128882 -13.769131 -14.942709 -15.771720 -16.129272 -2.349652 -5.547046 -8.852575 -10.527531 -13.234096 -10.279417
2.500000 -1.676627 -6.974886 -10.143215 -12.035214 -13.119441 -13.760763 -14.936520 -15.767459 -16.126254 -2.325283 -5.526814 -8.836797 -10.514122 -13.224828 -10.265651
2.550000 -1.458941 -6.824484 -10.035533 -11.954810 -13.055751 -13.707562 -14.904616 -15.754425 -16.125382 -2.115654 -5.357637 -8.711163 -10.411649 -13.162825 -10.159682
2.600000 -1.242109 -6.674500 -9.927991 -11.874371 -12.991919 -13.654150 -14.872371 -15.740941 -16.124002 -1.906828 -5.188999 -8.585787 -10.309283 -13.100668 -10.053843
2.650000 -1.227284 -6.663235 -9.918986 -11.866809 -12.985241 -13.648027 -14.867375 -15.736945 -16.120650 -1.892429 -5.176740 -8.575832 -10.300553 -13.094079 -10.044928
2.700000 -1.014591 -6.515915 -9.813172 -11.787500 -12.922172 -13.595151 -14.835203 -15.723135 -16.118696 -1.687565 -5.011178 -8.452576 -10.199801 -13.032649 -9.940779
2.750000 -1.006397 -6.509177 -9.807358 -11.782276 -12.917311 -13.590517 -14.831030 -15.719372 -16.115197 -1.679544 -5.004033 -8.446374 -10.194100 -13.027825 -9.935002
2.800000 -0.797692 -6.364439 -9.703232 -11.704085 -12.855011 -13.538190 -14.798967 -15.705290 -16.112733 -1.478500 -4.841445 -8.325182 -10.094927 -12.967129 -9.832505
2.850000 -0.589729 -6.220072 -9.599243 -11.625880 -12.792606 -13.485702 -14.766629 -15.690841 -16.109852 -1.278153 -4.679331 -8.204225 -9.995861 -12.906318 -9.730135
2.900000 -0.590994 -6.219815 -9.598020 -11.624040 -12.790388 -13.483247 -14.763692 -15.687475 -16.106209 -1.279235 -4.679499 -8.203408 -9.994520 -12.904062 -9.728873
2.950000 -0.386836 -6.077932 -9.495675 -11.546944 -12.728765 -13.431334 -14.731516 -15.672827 -16.102903 -1.082534 -4.520237 -8.084448 -9.896997 -12.844000 -9.628114
3.000000 -0.183362 -5.936395 -9.393463 -11.469844 -12.667053 -13.379282 -14.699096 -15.657851 -16.099222 -0.886478 -4.361417 -7.965711 -9.799580 -12.783842 -9.527479
3.050000 -0.193619 -5.942326 -9.396647 -11.471274 -12.667409 -13.378963 -14.697406 -15.654942 -16.095524 -0.896217 -4.368555 -7.970050 -9.802429 -12.784089 -9.530553
3.100000 0.006217 -5.803182 -9.296036 -11.395271 -12.606485 -13.327505 -14.665188 -15.639827 -16.091490 -0.703648 -4.212474 -7.853246 -9.706518 -12.724687 -9.431488
3.150000 0.205420 -5.664362 -9.195554 -11.319270 -12.545488 -13.275925 -14.632755 -15.624418 -16.087118 -0.511677 -4.056804 -7.736653 -9.610710 -12.665204 -9.332543
3.200000 0.186605 -5.676204 -9.202970 -11.323859 -12.548344 -13.277694 -14.632312 -15.622009 -16.083435 -0.529657 -4.070592 -7.745929 -9.617586 -12.667886 -9.339781
3.250000 0.382324 -5.539691 -9.104046 -11.248940 -12.488136 -13.226720 -14.600114 -15.606511 -16.078770 -0.341027 -3.917557 -7.631209 -9.523246 -12.609162 -9.242365
3.300000 0.577455 -5.403480 -9.005245 -11.174029 -12.427865 -13.175640 -14.567721 -15.590747 -16.073800 -0.152952 -3.764905 -7.516688 -9.429007 -12.550369 -9.145065
3.350000 0.550484 -5.420976 -9.016724 -11.181666 -12.433148 -13.179445 -14.568520 -15.588871 -16.070187 -0.178789 -3.785044 -7.530696 -9.439752 -12.555414 -9.156302
3.400000 0.742273 -5.286991 -8.919440 -11.107819 -12.373665 -13.128978 -14.536390 -15.573060 -16.064975 0.006079 -3.634929 -7.417989 -9.346944 -12.497380 -9.060491
3.450000 0.933516 -5.153291 -8.822274 -11.033984 -12.314128 -13.078418 -14.504084 -15.557007 -16.059484 0.190431 -3.485171 -7.305471 -9.254233 -12.439287 -8.964790
3.500000 1.124222 -5.019871 -8.725226 -10.960163 -12.254542 -13.027768 -14.471610 -15.540721 -16.053723 0.374277 -3.335765 -7.193138 -9.161620 -12.381137 -8.869200
3.550000 1.086796 -5.044645 -8.741966 -10.971774 -12.263008 -13.034261 -14.474088 -15.539623 -16.050300 0.338366 -3.364070 -7.213255 -9.177381 -12.389287 -8.885619
3.600000 1.274319 -4.913361 -8.646389 -10.898999 -12.204209 -12.984234 -14.441907 -15.523338 -16.044356 0.519154 -3.217092 -7.102673 -9.086158 -12.331897 -8.791474
3.650000 1.461342 -4.782340 -8.550924 -10.826240 -12.145366 -12.934128 -14.409572 -15.506840 -16.038164 0.699471 -3.070444 -6.992266 -8.995029 -12.274460 -8.697435
3.700000 1.416568 -4.812241 -8.571381 -10.840667 -12.156097 -12.942539 -14.413263 -15.506324 -16.034910 0.656478 -3.104495 -7.016692 -9.014335 -12.284817 -8.717513
3.750000 1.600526 -4.683286 -8.477349 -10.768936 -12.098034 -12.893057 -14.381237 -15.489856 -16.028571 0.833849 -2.960191 -6.907984 -8.924561 -12.228134 -8.624881
3.800000 1.784018 -4.554578 -8.383423 -10.697222 -12.039934 -12.843504 -14.349071 -15.473192 -16.022005 1.010780 -2.816195 -6.799442 -8.834876 -12.171408 -8.532351
3.850000 1.967051 -4.426113 -8.289603 -10.625528 -11.981799 -12.793883 -14.316771 -15.456337 -16.015217 1.187279 -2.672503 -6.691064 -8.745282 -12.114642 -8.439920
3.900000 1.912754 -4.462684 -8.314921 -10.643659 -11.995526 -12.804844 -14.322106 -15.456655 -16.012264 1.135105 -2.714020 -6.721111 -8.769227 -12.127924 -8.464787
3.950000 2.092855 -4.336208 -8.222491 -10.572972 -11.938164 -12.755849 -14.290134 -15.439864 -16.005371 1.308784 -2.572580 -6.614374 -8.680949 -12.071908 -8.373723
4.000000 2.272527 -4.209960 -8.130162 -10.502304 -11.880773 -12.706793 -14.258038 -15.422898 -15.998274 1.482059 -2.431423 -6.507791 -8.592757 -12.015856 -8.282754
4.050000 2.451778 -4.083936 -8.037934 -10.431657 -11.823353 -12.657678 -14.225822 -15.405762 -15.990978 1.654936 -2.290547 -6.401361 -8.504649 -11.959772 -8.191881
4.100000 2.388420 -4.126876 -8.067909 -10.453354 -11.839976 -12.671115 -14.232776 -15.406930 -15.988371 1.594023 -2.339184 -6.436785 -8.533044 -11.975882 -8.221337
4.150000 2.564859 -4.002770 -7.977030 -10.383694 -11.783321 -12.622625 -14.200902 -15.389885 -15.981005 1.764195 -2.200475 -6.331943 -8.446217 -11.920540 -8.131790
4.200000 2.740904 -3.878876 -7.886246 -10.314055 -11.726641 -12.574082 -14.168918 -15.372682 -15.973454 1.933995 -2.062027 -6.227245 -8.359470 -11.865168 -8.042334
4.250000 2.916560 -3.755190 -7.795556 -10.244437 -11.669938 -12.525489 -14.136828 -15.355325 -15.965723 2.103427 -1.923839 -6.122690 -8.272805 -11.809769 -7.952968
4.300000 2.844566 -3.804214 -7.829998 -10.269565 -11.689358 -12.541325 -14.145370 -15.357354 -15.963498 2.034184 -1.979273 -6.163259 -8.305467 -11.828613 -7.986824
4.350000 3.017521 -3.682379 -7.740619 -10.200913 -11.633410 -12.493353 -14.113631 -15.340111 -15.955726 2.201018 -1.843172 -6.060241 -8.220046 -11.773947 -7.898747
4.400000 3.190112 -3.560739 -7.651329 -10.132282 -11.577441 -12.445335 -14.081794 -15.322724 -15.947787 2.367507 -1.707315 -5.957358 -8.134702 -11.719256 -7.810755
4.450000 3.362345 -3.439294 -7.562128 -10.063674 -11.521454 -12.397272 -14.049861 -15.305198 -15.939684 2.533658 -1.571697 -5.854607 -8.049433 -11.664543 -7.722847
4.500000 3.282112 -3.494138 -7.600853 -10.092104 -11.543575 -12.415431 -14.059957 -15.308091 -15.937865 2.456466 -1.633626 -5.900105 -8.086192 -11.686027 -7.760925
4.550000 3.451745 -3.374481 -7.512926 -10.024440 -11.488331 -12.367985 -14.028383 -15.290697 -15.929746 2.620114 -1.500022 -5.798844 -8.002134 -11.632037 -7.674271
4.600000 3.621042 -3.255005 -7.425082 -9.956798 -11.433070 -12.320498 -13.996720 -15.273172 -15.921474 2.783445 -1.366644 -5.697708 -7.918148 -11.578025 -7.587697
4.650000 3.790008 -3.135709 -7.337322 -9.889177 -11.377792 -12.272972 -13.964971 -15.255521 -15.913052 2.946462 -1.233488 -5.596696 -7.834234 -11.523994 -7.501201
4.700000 3.701906 -3.196124 -7.380157 -9.920786 -11.402520 -12.293379 -13.976583 -15.259274 -15.911660 2.861676 -1.301628 -5.646919 -7.874925 -11.548027 -7.543331
4.750000 3.868365 -3.078559 -7.293636 -9.854090 -11.347975 -12.246464 -13.945199 -15.241770 -15.903243 3.022280 -1.170419 -5.547352 -7.792190 -11.494709 -7.458055
4.800000 4.034514 -2.961163 -7.207193 -9.787414 -11.293415 -12.199512 -13.913733 -15.224146 -15.894685 3.182591 -1.039418 -5.447902 -7.709521 -11.441372 -7.372854
4.850000 4.200356 -2.843933 -7.120828 -9.720759 -11.238841 -12.152524 -13.882187 -15.206405 -15.885990 3.342611 -0.908623 -5.348567 -7.626920 -11.388017 -7.287726
