web/models/kne/21/Metzger_0.171250_0.192069_0.450000.dat
# %ECSV 0.9
# ---
# datatype:
# - {name: time, datatype: float64}
# - {name: sdss_u, datatype: float64}
# - {name: sdss_g, datatype: float64}
# - {name: sdss_r, datatype: float64}
# - {name: sdss_i, datatype: float64}
# - {name: sdss_z, datatype: float64}
# - {name: PS1_y, datatype: float64}
# - {name: ukirt_J, datatype: float64}
# - {name: ukirt_H, datatype: float64}
# - {name: ukirt_K, datatype: float64}
# - {name: johnson_U, datatype: float64}
# - {name: johnson_B, datatype: float64}
# - {name: johnson_V, datatype: float64}
# - {name: johnson_R, datatype: float64}
# - {name: johnson_I, datatype: float64}
# - {name: Clear, datatype: float64}
# meta: !!omap
# - comment: [vej = 0.19206896551724137, mej = 0.17124990861880945, Ye = 0.45, redshift = 0.0]
# schema: astropy-2.0
time sdss_u sdss_g sdss_r sdss_i sdss_z PS1_y ukirt_J ukirt_H ukirt_K johnson_U johnson_B johnson_V johnson_R johnson_I Clear
[from data line 492]
24.700000 43.415764 26.015329 15.163238 8.364241 4.272389 1.742411 -3.279589 -7.559028 -10.200112 41.317864 30.840573 19.698543 13.855322 3.863395 14.732617
24.750000 43.549475 26.113395 15.238673 8.425223 4.324512 1.788972 -3.244361 -7.533979 -10.181839 41.447307 30.948587 19.783489 13.927997 3.914624 14.807144
24.800000 43.683157 26.211442 15.314095 8.486196 4.376629 1.835528 -3.209135 -7.508929 -10.163565 41.576721 31.056577 19.868418 14.000660 3.965847 14.881659
24.850000 43.816809 26.309469 15.389504 8.547160 4.428739 1.882078 -3.173912 -7.483879 -10.145287 41.706107 31.164546 19.953331 14.073310 4.017063 14.956160
24.900000 43.950431 26.407476 15.464899 8.608115 4.480843 1.928622 -3.138690 -7.458828 -10.127007 41.835464 31.272492 20.038229 14.145948 4.068273 15.030648
24.950000 44.084024 26.505464 15.540281 8.669060 4.532939 1.975162 -3.103471 -7.433776 -10.108725 41.964794 31.380415 20.123110 14.218573 4.119476 15.105124
25.000000 44.217588 26.603433 15.615650 8.729996 4.585029 2.021696 -3.068254 -7.408724 -10.090440 42.094095 31.488317 20.207976 14.291186 4.170673 15.179586
25.050000 44.351123 26.701382 15.691005 8.790923 4.637112 2.068225 -3.033039 -7.383671 -10.072153 42.223369 31.596197 20.292826 14.363786 4.221863 15.254035
25.100000 44.484629 26.799312 15.766348 8.851841 4.689188 2.114748 -2.997826 -7.358618 -10.053863 42.352614 31.704054 20.377660 14.436375 4.273047 15.328472
25.150000 44.618106 26.897223 15.841677 8.912749 4.741257 2.161267 -2.962616 -7.333563 -10.035570 42.481832 31.811890 20.462479 14.508950 4.324224 15.402896
25.200000 44.751555 26.995115 15.916994 8.973649 4.793320 2.207780 -2.927407 -7.308509 -10.017276 42.611023 31.919704 20.547282 14.581514 4.375394 15.477307
25.250000 44.884974 27.092987 15.992297 9.034539 4.845376 2.254288 -2.892201 -7.283453 -9.998979 42.740186 32.027496 20.632070 14.654065 4.426559 15.551705
25.300000 45.018366 27.190841 16.067588 9.095421 4.897425 2.300791 -2.856996 -7.258397 -9.980679 42.869321 32.135267 20.716842 14.726604 4.477716 15.626091
25.350000 45.151728 27.288676 16.142866 9.156293 4.949468 2.347289 -2.821794 -7.233341 -9.962377 42.998430 32.243016 20.801598 14.799131 4.528868 15.700464
25.400000 45.285063 27.386492 16.218131 9.217157 5.001504 2.393782 -2.786594 -7.208284 -9.944072 43.127511 32.350743 20.886340 14.871646 4.580013 15.774825
25.450000 45.418369 27.484289 16.293383 9.278011 5.053534 2.440269 -2.751396 -7.183226 -9.925766 43.256565 32.458450 20.971066 14.944150 4.631152 15.849173
25.500000 45.551647 27.582068 16.368623 9.338857 5.105557 2.486752 -2.716200 -7.158167 -9.907456 43.385592 32.566135 21.055777 15.016641 4.682284 15.923508
25.550000 45.684898 27.679828 16.443850 9.399694 5.157574 2.533230 -2.681006 -7.133108 -9.889145 43.514592 32.673798 21.140473 15.089120 4.733410 15.997831
25.600000 45.818120 27.777569 16.519064 9.460522 5.209584 2.579702 -2.645815 -7.108049 -9.870831 43.643566 32.781441 21.225154 15.161587 4.784530 16.072142
25.650000 45.951315 27.875292 16.594266 9.521341 5.261587 2.626170 -2.610625 -7.082988 -9.852514 43.772513 32.889063 21.309820 15.234042 4.835644 16.146441
25.700000 46.084482 27.972997 16.669455 9.582152 5.313585 2.672632 -2.575437 -7.057927 -9.834196 43.901433 32.996663 21.394470 15.306486 4.886752 16.220727
25.750000 46.217621 28.070683 16.744632 9.642953 5.365575 2.719090 -2.540252 -7.032866 -9.815875 44.030327 33.104243 21.479106 15.378918 4.937853 16.295001
25.800000 46.350733 28.168351 16.819797 9.703747 5.417560 2.765542 -2.505068 -7.007804 -9.797551 44.159195 33.211802 21.563727 15.451338 4.988948 16.369263
25.850000 46.483818 28.266001 16.894949 9.764531 5.469538 2.811990 -2.469886 -6.982741 -9.779225 44.288036 33.319340 21.648333 15.523747 5.040037 16.443513
25.900000 46.616876 28.363633 16.970089 9.825307 5.521510 2.858433 -2.434707 -6.957678 -9.760897 44.416851 33.426858 21.732925 15.596144 5.091120 16.517750
25.950000 46.749906 28.461247 17.045216 9.886074 5.573475 2.904870 -2.399529 -6.932614 -9.742567 44.545640 33.534355 21.817502 15.668529 5.142197 16.591976
26.000000 46.882909 28.558843 17.120332 9.946833 5.625434 2.951303 -2.364354 -6.907550 -9.724234 44.674404 33.641831 21.902064 15.740903 5.193268 16.666190
26.050000 47.015886 28.656421 17.195435 10.007584 5.677387 2.997731 -2.329180 -6.882485 -9.705899 44.803141 33.749287 21.986612 15.813266 5.244332 16.740392
26.100000 47.148836 28.753981 17.270526 10.068325 5.729334 3.044155 -2.294008 -6.857419 -9.687562 44.931853 33.856723 22.071145 15.885617 5.295391 16.814582
26.150000 47.281759 28.851524 17.345605 10.129059 5.781274 3.090573 -2.258839 -6.832353 -9.669223 45.060539 33.964139 22.155663 15.957957 5.346444 16.888760
26.200000 47.414655 28.949049 17.420672 10.189784 5.833208 3.136987 -2.223671 -6.807286 -9.650881 45.189200 34.071534 22.240168 16.030285 5.397491 16.962926
26.250000 47.547525 29.046556 17.495727 10.250501 5.885136 3.183396 -2.188505 -6.782219 -9.632537 45.317835 34.178910 22.324658 16.102602 5.448532 17.037081
26.300000 47.680369 29.144045 17.570770 10.311209 5.937058 3.229800 -2.153341 -6.757151 -9.614191 45.446445 34.286265 22.409133 16.174908 5.499567 17.111223
26.350000 47.813186 29.241518 17.645802 10.371909 5.988974 3.276199 -2.118180 -6.732083 -9.595842 45.575030 34.393600 22.493595 16.247203 5.550596 17.185355
26.400000 47.945978 29.338972 17.720821 10.432601 6.040884 3.322594 -2.083020 -6.707014 -9.577491 45.703590 34.500916 22.578042 16.319486 5.601619 17.259474
26.450000 48.078743 29.436410 17.795829 10.493284 6.092787 3.368984 -2.047862 -6.681944 -9.559138 45.832125 34.608212 22.662475 16.391759 5.652636 17.333582
26.500000 48.211482 29.533830 17.870825 10.553960 6.144685 3.415369 -2.012706 -6.656874 -9.540783 45.960634 34.715488 22.746895 16.464020 5.703648 17.407679
26.550000 48.344195 29.631233 17.945809 10.614627 6.196577 3.461750 -1.977551 -6.631803 -9.522426 46.089119 34.822745 22.831300 16.536271 5.754653 17.481764
26.600000 48.476883 29.728619 18.020782 10.675286 6.248462 3.508126 -1.942399 -6.606732 -9.504066 46.217580 34.929982 22.915691 16.608510 5.805653 17.555838
26.650000 48.609545 29.825988 18.095743 10.735937 6.300342 3.554497 -1.907249 -6.581660 -9.485704 46.346015 35.037200 23.000068 16.680739 5.856648 17.629900
26.700000 48.742181 29.923340 18.170692 10.796580 6.352216 3.600864 -1.872100 -6.556587 -9.467340 46.474426 35.144398 23.084432 16.752956 5.907636 17.703951
26.750000 48.874793 30.020675 18.245631 10.857214 6.404084 3.647226 -1.836954 -6.531514 -9.448974 46.602813 35.251577 23.168782 16.825163 5.958619 17.777991
26.800000 49.007378 30.117993 18.320557 10.917841 6.455946 3.693584 -1.801809 -6.506441 -9.430605 46.731175 35.358737 23.253118 16.897359 6.009596 17.852019
26.850000 49.139939 30.215295 18.395472 10.978460 6.507802 3.739937 -1.766666 -6.481367 -9.412235 46.859514 35.465877 23.337440 16.969544 6.060568 17.926037
26.900000 49.272474 30.312580 18.470376 11.039071 6.559652 3.786286 -1.731525 -6.456292 -9.393862 46.987828 35.572999 23.421749 17.041719 6.111534 18.000043
26.950000 49.404984 30.409848 18.545269 11.099674 6.611496 3.832630 -1.696385 -6.431216 -9.375487 47.116118 35.680101 23.506044 17.113883 6.162494 18.074038
27.000000 49.537470 30.507099 18.620150 11.160269 6.663335 3.878969 -1.661248 -6.406141 -9.357110 47.244384 35.787185 23.590326 17.186036 6.213448 18.148022
27.050000 49.669930 30.604334 18.695020 11.220857 6.715168 3.925304 -1.626112 -6.381064 -9.338731 47.372626 35.894250 23.674594 17.258179 6.264398 18.221995
27.100000 49.802366 30.701553 18.769879 11.281436 6.766995 3.971635 -1.590978 -6.355987 -9.320349 47.500844 36.001296 23.758849 17.330311 6.315341 18.295957
27.150000 49.934777 30.798755 18.844727 11.342008 6.818816 4.017961 -1.555846 -6.330910 -9.301966 47.629039 36.108323 23.843091 17.402433 6.366279 18.369908
27.200000 50.067164 30.895941 18.919564 11.402572 6.870632 4.064283 -1.520716 -6.305831 -9.283580 47.757210 36.215332 23.927319 17.474544 6.417212 18.443849
27.250000 50.199526 30.993111 18.994389 11.463128 6.922442 4.110601 -1.485588 -6.280753 -9.265193 47.885358 36.322323 24.011534 17.546645 6.468139 18.517778
27.300000 50.331863 31.090264 19.069204 11.523677 6.974247 4.156914 -1.450461 -6.255673 -9.246803 48.013483 36.429294 24.095736 17.618736 6.519061 18.591697
27.350000 50.464177 31.187401 19.144008 11.584218 7.026045 4.203222 -1.415336 -6.230594 -9.228411 48.141584 36.536248 24.179925 17.690816 6.569977 18.665605
27.400000 50.596466 31.284523 19.218801 11.644751 7.077839 4.249527 -1.380213 -6.205513 -9.210017 48.269662 36.643183 24.264101 17.762886 6.620888 18.739502
27.450000 50.728732 31.381628 19.293583 11.705277 7.129626 4.295827 -1.345091 -6.180432 -9.191621 48.397717 36.750100 24.348264 17.834946 6.671793 18.813389
27.500000 50.860973 31.478717 19.368354 11.765796 7.181408 4.342123 -1.309972 -6.155351 -9.173222 48.525749 36.856999 24.432413 17.906995 6.722694 18.887265
27.550000 50.993190 31.575791 19.443114 11.826306 7.233185 4.388414 -1.274854 -6.130269 -9.154822 48.653757 36.963879 24.516550 17.979035 6.773588 18.961130
27.600000 51.125384 31.672849 19.517864 11.886810 7.284956 4.434702 -1.239738 -6.105186 -9.136420 48.781744 37.070742 24.600674 18.051064 6.824478 19.034985
27.650000 51.257554 31.769891 19.592603 11.947305 7.336721 4.480985 -1.204623 -6.080103 -9.118015 48.909707 37.177587 24.684786 18.123083 6.875362 19.108830
27.700000 51.389701 31.866917 19.667331 12.007794 7.388482 4.527263 -1.169510 -6.055019 -9.099609 49.037648 37.284413 24.768884 18.195092 6.926241 19.182664
27.750000 51.521823 31.963928 19.742049 12.068275 7.440236 4.573538 -1.134399 -6.029935 -9.081200 49.165566 37.391222 24.852970 18.267091 6.977115 19.256487
27.800000 51.653923 32.060923 19.816756 12.128748 7.491986 4.619808 -1.099290 -6.004850 -9.062790 49.293462 37.498014 24.937043 18.339081 7.027983 19.330301
27.850000 51.785999 32.157903 19.891453 12.189215 7.543729 4.666075 -1.064182 -5.979765 -9.044377 49.421335 37.604787 25.021104 18.411060 7.078847 19.404104
27.900000 51.918052 32.254867 19.966139 12.249674 7.595468 4.712337 -1.029076 -5.954679 -9.025962 49.549186 37.711543 25.105152 18.483030 7.129705 19.477896
27.950000 52.050082 32.351816 20.040815 12.310125 7.647201 4.758595 -0.993971 -5.929592 -9.007546 49.677015 37.818282 25.189187 18.554989 7.180558 19.551679
28.000000 52.182089 32.448750 20.115480 12.370570 7.698929 4.804849 -0.958868 -5.904505 -8.989127 49.804822 37.925003 25.273210 18.626939 7.231406 19.625451
28.050000 52.314073 32.545668 20.190136 12.431007 7.750651 4.851098 -0.923767 -5.879418 -8.970706 49.932607 38.031706 25.357221 18.698879 7.282249 19.699213
28.100000 52.446034 32.642572 20.264780 12.491437 7.802369 4.897344 -0.888668 -5.854329 -8.952283 50.060370 38.138393 25.441219 18.770810 7.333086 19.772965
28.150000 52.577972 32.739460 20.339415 12.551860 7.854081 4.943586 -0.853570 -5.829241 -8.933859 50.188111 38.245062 25.525205 18.842731 7.383919 19.846707
28.200000 52.709888 32.836333 20.414039 12.612276 7.905787 4.989823 -0.818474 -5.804151 -8.915432 50.315830 38.351714 25.609179 18.914642 7.434747 19.920439
28.250000 52.841781 32.933191 20.488653 12.672684 7.957489 5.036057 -0.783379 -5.779061 -8.897003 50.443528 38.458348 25.693140 18.986543 7.485569 19.994161
28.300000 52.973652 33.030034 20.563258 12.733086 8.009185 5.082286 -0.748286 -5.753971 -8.878572 50.571204 38.564966 25.777090 19.058435 7.536387 20.067873
28.350000 53.105500 33.126862 20.637851 12.793481 8.060877 5.128512 -0.713194 -5.728880 -8.860139 50.698858 38.671567 25.861027 19.130318 7.587200 20.141576
28.400000 53.237326 33.223676 20.712435 12.853868 8.112563 5.174734 -0.678105 -5.703788 -8.841705 50.826491 38.778151 25.944952 19.202191 7.638007 20.215268
28.450000 53.369129 33.320475 20.787009 12.914249 8.164244 5.220951 -0.643016 -5.678696 -8.823268 50.954103 38.884718 26.028866 19.274055 7.688810 20.288950
28.500000 53.500911 33.417259 20.861573 12.974622 8.215920 5.267165 -0.607930 -5.653604 -8.804829 51.081694 38.991268 26.112767 19.345909 7.739608 20.362623
28.550000 53.632670 33.514028 20.936127 13.034989 8.267590 5.313375 -0.572844 -5.628510 -8.786388 51.209263 39.097802 26.196656 19.417754 7.790401 20.436286
28.600000 53.764408 33.610783 21.010671 13.095349 8.319256 5.359581 -0.537761 -5.603417 -8.767946 51.336811 39.204319 26.280534 19.489589 7.841189 20.509939
28.650000 53.896123 33.707523 21.085206 13.155702 8.370917 5.405783 -0.502679 -5.578322 -8.749501 51.464338 39.310819 26.364400 19.561416 7.891972 20.583583
28.700000 54.027817 33.804249 21.159730 13.216048 8.422573 5.451981 -0.467598 -5.553227 -8.731055 51.591845 39.417303 26.448254 19.633233 7.942750 20.657217
28.750000 54.159489 33.900961 21.234245 13.276387 8.474223 5.498175 -0.432519 -5.528132 -8.712606 51.719330 39.523770 26.532096 19.705041 7.993524 20.730841
28.800000 54.291140 33.997658 21.308750 13.336720 8.525869 5.544366 -0.397442 -5.503036 -8.694156 51.846795 39.630221 26.615927 19.776839 8.044293 20.804456
28.850000 54.422768 34.094341 21.383245 13.397046 8.577510 5.590552 -0.362366 -5.477939 -8.675703 51.974239 39.736656 26.699746 19.848629 8.095057 20.878062
28.900000 54.554376 34.191009 21.457731 13.457365 8.629146 5.636735 -0.327291 -5.452842 -8.657249 52.101663 39.843074 26.783553 19.920410 8.145816 20.951657
28.950000 54.685962 34.287664 21.532207 13.517677 8.680777 5.682914 -0.292218 -5.427745 -8.638793 52.229066 39.949477 26.867349 19.992181 8.196571 21.025244
29.000000 54.817527 34.384304 21.606673 13.577983 8.732403 5.729090 -0.257147 -5.402646 -8.620335 52.356448 40.055863 26.951133 20.063943 8.247321 21.098821
29.050000 54.949070 34.480930 21.681130 13.638282 8.784024 5.775261 -0.222077 -5.377548 -8.601875 52.483811 40.162233 27.034906 20.135697 8.298066 21.172389
29.100000 55.080593 34.577542 21.755577 13.698575 8.835640 5.821429 -0.187008 -5.352448 -8.583413 52.611152 40.268587 27.118668 20.207441 8.348806 21.245947
29.150000 55.212094 34.674141 21.830015 13.758861 8.887252 5.867593 -0.151941 -5.327348 -8.564949 52.738474 40.374925 27.202418 20.279177 8.399542 21.319496
29.200000 55.343575 34.770725 21.904444 13.819140 8.938858 5.913753 -0.116875 -5.302248 -8.546483 52.865776 40.481248 27.286157 20.350904 8.450274 21.393036
29.250000 55.475035 34.867296 21.978863 13.879413 8.990460 5.959910 -0.081811 -5.277147 -8.528016 52.993058 40.587554 27.369885 20.422622 8.501000 21.466567
29.300000 55.606473 34.963852 22.053273 13.939679 9.042058 6.006063 -0.046748 -5.252045 -8.509546 53.120319 40.693845 27.453601 20.494331 8.551722 21.540089
29.350000 55.737891 35.060395 22.127674 13.999939 9.093650 6.052213 -0.011687 -5.226943 -8.491075 53.247561 40.800120 27.537306 20.566031 8.602440 21.613601
29.400000 55.869289 35.156925 22.202065 14.060192 9.145238 6.098358 0.023373 -5.201840 -8.472601 53.374783 40.906379 27.621001 20.637723 8.653153 21.687104
29.450000 56.000666 35.253440 22.276447 14.120439 9.196821 6.144500 0.058431 -5.176737 -8.454126 53.501985 41.012623 27.704684 20.709405 8.703861 21.760599
29.500000 56.132022 35.349943 22.350820 14.180680 9.248399 6.190639 0.093488 -5.151633 -8.435649 53.629168 41.118852 27.788356 20.781080 8.754565 21.834084
29.550000 56.263358 35.446431 22.425183 14.240914 9.299973 6.236774 0.128544 -5.126529 -8.417170 53.756331 41.225065 27.872017 20.852745 8.805264 21.907560
29.600000 56.394674 35.542906 22.499538 14.301142 9.351542 6.282905 0.163598 -5.101424 -8.398689 53.883475 41.331262 27.955667 20.924402 8.855959 21.981027
29.650000 56.525970 35.639368 22.573883 14.361364 9.403106 6.329033 0.198651 -5.076318 -8.380207 54.010599 41.437444 28.039306 20.996051 8.906650 22.054486
29.700000 56.657245 35.735816 22.648220 14.421579 9.454666 6.375157 0.233703 -5.051212 -8.361722 54.137703 41.543611 28.122935 21.067691 8.957336 22.127935
