web/models/kne/21/Metzger_0.013086_0.111034_0.100000.dat
# %ECSV 0.9
# ---
# datatype:
# - {name: time, datatype: float64}
# - {name: sdss_u, datatype: float64}
# - {name: sdss_g, datatype: float64}
# - {name: sdss_r, datatype: float64}
# - {name: sdss_i, datatype: float64}
# - {name: sdss_z, datatype: float64}
# - {name: PS1_y, datatype: float64}
# - {name: ukirt_J, datatype: float64}
# - {name: ukirt_H, datatype: float64}
# - {name: ukirt_K, datatype: float64}
# - {name: johnson_U, datatype: float64}
# - {name: johnson_B, datatype: float64}
# - {name: johnson_V, datatype: float64}
# - {name: johnson_R, datatype: float64}
# - {name: johnson_I, datatype: float64}
# - {name: Clear, datatype: float64}
# meta: !!omap
# - comment: [vej = 0.11103448275862068, mej = 0.013086248836806117, Ye = 0.1, redshift = 0.0]
# schema: astropy-2.0
time sdss_u sdss_g sdss_r sdss_i sdss_z PS1_y ukirt_J ukirt_H ukirt_K johnson_U johnson_B johnson_V johnson_R johnson_I Clear
[from data line 1574]
78.800000 273.415672 196.309960 147.550534 116.543066 97.612865 85.764511 61.759981 40.430732 26.437932 264.168024 217.796260 168.015348 141.619938 95.705958 145.599498
78.850000 273.594329 196.442149 147.653220 116.626912 97.685163 85.829555 61.810252 40.467734 26.466098 264.341116 217.941416 168.130432 141.719027 95.777089 145.701001
78.900000 273.772980 196.574334 147.755904 116.710755 97.757458 85.894599 61.860522 40.504735 26.494265 264.514203 218.086568 168.245513 141.818113 95.848219 145.802502
78.950000 273.951626 196.706516 147.858586 116.794597 97.829752 85.959641 61.910791 40.541736 26.522432 264.687285 218.231716 168.360591 141.917197 95.919347 145.904000
79.000000 274.130267 196.838694 147.961264 116.878436 97.902044 86.024682 61.961060 40.578736 26.550598 264.860362 218.376860 168.475666 142.016278 95.990474 146.005495
79.050000 274.308903 196.970868 148.063940 116.962274 97.974335 86.089721 62.011328 40.615736 26.578764 265.033434 218.522000 168.590738 142.115357 96.061599 146.106988
79.100000 274.487533 197.103039 148.166614 117.046109 98.046624 86.154759 62.061595 40.652736 26.606931 265.206500 218.667135 168.705807 142.214433 96.132723 146.208479
79.150000 274.666159 197.235207 148.269284 117.129943 98.118912 86.219796 62.111860 40.689735 26.635097 265.379562 218.812267 168.820873 142.313507 96.203845 146.309966
79.200000 274.844779 197.367370 148.371953 117.213775 98.191198 86.284832 62.162126 40.726734 26.663263 265.552619 218.957395 168.935936 142.412578 96.274965 146.411451
79.250000 275.023394 197.499531 148.474618 117.297604 98.263482 86.349866 62.212390 40.763732 26.691429 265.725671 219.102518 169.050996 142.511647 96.346084 146.512934
79.300000 275.202004 197.631687 148.577281 117.381432 98.335765 86.414898 62.262653 40.800730 26.719594 265.898719 219.247638 169.166052 142.610713 96.417201 146.614414
79.350000 275.380608 197.763840 148.679941 117.465258 98.408046 86.479929 62.312916 40.837727 26.747760 266.071761 219.392753 169.281106 142.709777 96.488317 146.715891
79.400000 275.559208 197.895989 148.782599 117.549081 98.480326 86.544959 62.363177 40.874724 26.775925 266.244798 219.537865 169.396157 142.808838 96.559431 146.817366
79.450000 275.737803 198.028135 148.885254 117.632903 98.552604 86.609988 62.413438 40.911721 26.804091 266.417830 219.682972 169.511205 142.907897 96.630544 146.918839
79.500000 275.916392 198.160277 148.987907 117.716723 98.624880 86.675015 62.463698 40.948717 26.832256 266.590857 219.828076 169.626249 143.006953 96.701655 147.020308
79.550000 276.094976 198.292416 149.090557 117.800541 98.697155 86.740041 62.513957 40.985713 26.860421 266.763880 219.973175 169.741291 143.106007 96.772765 147.121775
79.600000 276.273555 198.424551 149.193204 117.884356 98.769428 86.805066 62.564216 41.022708 26.888586 266.936897 220.118271 169.856330 143.205059 96.843873 147.223240
79.650000 276.452129 198.556682 149.295849 117.968170 98.841700 86.870089 62.614473 41.059703 26.916751 267.109910 220.263362 169.971366 143.304108 96.914979 147.324702
79.700000 276.630698 198.688810 149.398491 118.051982 98.913970 86.935111 62.664730 41.096698 26.944916 267.282917 220.408450 170.086398 143.403154 96.986084 147.426162
79.750000 276.809262 198.820935 149.501130 118.135792 98.986238 87.000131 62.714985 41.133692 26.973080 267.455920 220.553533 170.201428 143.502198 97.057187 147.527618
79.800000 276.987821 198.953055 149.603767 118.219600 99.058505 87.065151 62.765240 41.170686 27.001245 267.628917 220.698613 170.316455 143.601239 97.128289 147.629073
79.850000 277.166374 199.085173 149.706402 118.303406 99.130771 87.130168 62.815494 41.207679 27.029409 267.801910 220.843688 170.431478 143.700278 97.199389 147.730525
79.900000 277.344923 199.217286 149.809033 118.387210 99.203034 87.195185 62.865747 41.244672 27.057573 267.974898 220.988760 170.546499 143.799315 97.270488 147.831974
79.950000 277.523466 199.349396 149.911663 118.471012 99.275296 87.260200 62.915999 41.281664 27.085738 268.147881 221.133827 170.661517 143.898349 97.341585 147.933421
80.000000 277.702004 199.481503 150.014289 118.554812 99.347557 87.325214 62.966251 41.318656 27.113902 268.320859 221.278891 170.776531 143.997381 97.412681 148.034865
80.050000 277.880538 199.613606 150.116913 118.638610 99.419816 87.390226 63.016501 41.355648 27.142065 268.493832 221.423951 170.891543 144.096410 97.483775 148.136307
80.100000 278.059066 199.745705 150.219535 118.722407 99.492073 87.455237 63.066751 41.392639 27.170229 268.666801 221.569006 171.006552 144.195437 97.554868 148.237746
80.150000 278.237589 199.877801 150.322154 118.806201 99.564329 87.520247 63.117000 41.429630 27.198393 268.839764 221.714058 171.121558 144.294461 97.625959 148.339182
80.200000 278.416107 200.009893 150.424770 118.889993 99.636583 87.585256 63.167248 41.466621 27.226556 269.012723 221.859105 171.236561 144.393483 97.697048 148.440617
80.250000 278.594620 200.141982 150.527384 118.973783 99.708836 87.650263 63.217495 41.503610 27.254720 269.185676 222.004149 171.351560 144.492502 97.768136 148.542048
80.300000 278.773128 200.274067 150.629995 119.057572 99.781087 87.715269 63.267741 41.540600 27.282883 269.358625 222.149189 171.466557 144.591519 97.839223 148.643477
80.350000 278.951631 200.406149 150.732604 119.141358 99.853337 87.780273 63.317987 41.577589 27.311046 269.531569 222.294225 171.581551 144.690534 97.910308 148.744904
80.400000 279.130129 200.538227 150.835210 119.225143 99.925585 87.845276 63.368231 41.614578 27.339209 269.704508 222.439256 171.696542 144.789546 97.981391 148.846328
80.450000 279.308621 200.670302 150.937813 119.308925 99.997831 87.910278 63.418475 41.651566 27.367372 269.877442 222.584284 171.811530 144.888555 98.052473 148.947749
80.500000 279.487109 200.802373 151.040414 119.392706 100.070076 87.975278 63.468718 41.688554 27.395535 270.050371 222.729308 171.926515 144.987562 98.123553 149.049168
80.550000 279.665592 200.934441 151.143012 119.476484 100.142319 88.040278 63.518960 41.725542 27.423697 270.223296 222.874328 172.041497 145.086567 98.194632 149.150584
80.600000 279.844069 201.066505 151.245608 119.560261 100.214561 88.105275 63.569201 41.762529 27.451860 270.396216 223.019344 172.156476 145.185569 98.265709 149.251998
80.650000 280.022542 201.198566 151.348201 119.644036 100.286801 88.170272 63.619442 41.799515 27.480022 270.569130 223.164356 172.271452 145.284569 98.336785 149.353410
80.700000 280.201010 201.330623 151.450792 119.727809 100.359040 88.235267 63.669681 41.836502 27.508184 270.742040 223.309365 172.386425 145.383566 98.407859 149.454818
80.750000 280.379472 201.462676 151.553380 119.811580 100.431277 88.300261 63.719920 41.873488 27.536347 270.914945 223.454369 172.501396 145.482561 98.478932 149.556225
80.800000 280.557930 201.594727 151.655966 119.895349 100.503512 88.365253 63.770158 41.910473 27.564509 271.087846 223.599369 172.616363 145.581554 98.550003 149.657629
80.850000 280.736382 201.726773 151.758549 119.979116 100.575746 88.430245 63.820395 41.947458 27.592670 271.260741 223.744366 172.731327 145.680544 98.621073 149.759030
80.900000 280.914830 201.858816 151.861130 120.062881 100.647978 88.495234 63.870631 41.984443 27.620832 271.433632 223.889358 172.846288 145.779532 98.692141 149.860429
80.950000 281.093273 201.990856 151.963708 120.146644 100.720209 88.560223 63.920866 42.021427 27.648994 271.606517 224.034347 172.961247 145.878517 98.763207 149.961825
81.000000 281.271710 202.122892 152.066283 120.230405 100.792438 88.625210 63.971101 42.058411 27.677155 271.779398 224.179331 173.076202 145.977500 98.834273 150.063219
81.050000 281.450143 202.254925 152.168856 120.314164 100.864666 88.690196 64.021334 42.095394 27.705317 271.952275 224.324312 173.191155 146.076480 98.905336 150.164610
81.100000 281.628570 202.386954 152.271426 120.397922 100.936892 88.755181 64.071567 42.132377 27.733478 272.125146 224.469289 173.306105 146.175458 98.976398 150.265999
81.150000 281.806993 202.518979 152.373994 120.481677 101.009117 88.820164 64.121799 42.169359 27.761639 272.298012 224.614262 173.421051 146.274434 99.047459 150.367385
81.200000 281.985411 202.651001 152.476560 120.565431 101.081340 88.885146 64.172030 42.206342 27.789800 272.470874 224.759231 173.535995 146.373407 99.118518 150.468769
81.250000 282.163823 202.783020 152.579122 120.649182 101.153561 88.950127 64.222261 42.243323 27.817961 272.643731 224.904196 173.650936 146.472378 99.189575 150.570151
81.300000 282.342231 202.915035 152.681683 120.732932 101.225781 89.015106 64.272490 42.280305 27.846121 272.816583 225.049158 173.765874 146.571346 99.260631 150.671530
81.350000 282.520634 203.047047 152.784240 120.816680 101.298000 89.080084 64.322719 42.317285 27.874282 272.989431 225.194115 173.880809 146.670312 99.331686 150.772906
81.400000 282.699031 203.179055 152.886796 120.900426 101.370216 89.145061 64.372946 42.354266 27.902442 273.162273 225.339068 173.995741 146.769275 99.402739 150.874280
81.450000 282.877424 203.311060 152.989348 120.984170 101.442432 89.210036 64.423173 42.391246 27.930603 273.335111 225.484018 174.110670 146.868237 99.473790 150.975651
81.500000 283.055812 203.443062 153.091899 121.067912 101.514646 89.275010 64.473399 42.428226 27.958763 273.507944 225.628964 174.225596 146.967195 99.544840 151.077020
81.550000 283.234195 203.575059 153.194446 121.151652 101.586858 89.339983 64.523624 42.465205 27.986923 273.680772 225.773906 174.340519 147.066152 99.615889 151.178387
81.600000 283.412573 203.707054 153.296991 121.235390 101.659068 89.404954 64.573849 42.502184 28.015083 273.853596 225.918844 174.455440 147.165105 99.686936 151.279751
81.650000 283.590946 203.839045 153.399534 121.319126 101.731278 89.469924 64.624072 42.539162 28.043243 274.026415 226.063778 174.570357 147.264057 99.757981 151.381112
81.700000 283.769314 203.971032 153.502074 121.402861 101.803485 89.534893 64.674295 42.576140 28.071403 274.199229 226.208708 174.685272 147.363006 99.829025 151.482471
81.750000 283.947677 204.103016 153.604612 121.486593 101.875691 89.599861 64.724517 42.613118 28.099562 274.372038 226.353634 174.800184 147.461953 99.900068 151.583828
81.800000 284.126036 204.234997 153.707147 121.570324 101.947896 89.664827 64.774738 42.650095 28.127722 274.544842 226.498557 174.915092 147.560897 99.971109 151.685182
81.850000 284.304389 204.366974 153.809680 121.654052 102.020099 89.729792 64.824958 42.687072 28.155881 274.717642 226.643476 175.029998 147.659839 100.042148 151.786534
81.900000 284.482737 204.498948 153.912210 121.737779 102.092300 89.794755 64.875178 42.724048 28.184040 274.890437 226.788390 175.144901 147.758779 100.113186 151.887883
81.950000 284.661081 204.630918 154.014737 121.821504 102.164500 89.859718 64.925396 42.761024 28.212199 275.063227 226.933301 175.259801 147.857716 100.184222 151.989229
82.000000 284.839419 204.762885 154.117262 121.905227 102.236698 89.924679 64.975614 42.797999 28.240358 275.236013 227.078208 175.374699 147.956651 100.255257 152.090574
82.050000 285.017753 204.894849 154.219785 121.988948 102.308895 89.989638 65.025831 42.834975 28.268517 275.408794 227.223112 175.489593 148.055583 100.326291 152.191916
82.100000 285.196082 205.026809 154.322305 122.072667 102.381091 90.054597 65.076047 42.871949 28.296675 275.581570 227.368011 175.604484 148.154513 100.397323 152.293255
82.150000 285.374405 205.158765 154.424823 122.156385 102.453284 90.119554 65.126262 42.908924 28.324834 275.754341 227.512907 175.719373 148.253441 100.468353 152.394592
82.200000 285.552724 205.290718 154.527338 122.240100 102.525477 90.184510 65.176477 42.945897 28.352992 275.927108 227.657798 175.834258 148.352366 100.539382 152.495926
82.250000 285.731039 205.422668 154.629851 122.323813 102.597667 90.249464 65.226690 42.982871 28.381150 276.099870 227.802686 175.949141 148.451289 100.610410 152.597258
82.300000 285.909348 205.554614 154.732361 122.407525 102.669856 90.314418 65.276903 43.019844 28.409309 276.272627 227.947571 176.064021 148.550210 100.681436 152.698588
82.350000 286.087652 205.686557 154.834869 122.491235 102.742044 90.379369 65.327115 43.056817 28.437467 276.445379 228.092451 176.178898 148.649128 100.752461 152.799915
82.400000 286.265951 205.818497 154.937374 122.574943 102.814230 90.444320 65.377326 43.093789 28.465624 276.618127 228.237327 176.293772 148.748044 100.823484 152.901239
82.450000 286.444246 205.950433 155.039877 122.658649 102.886415 90.509269 65.427536 43.130761 28.493782 276.790870 228.382200 176.408644 148.846957 100.894505 153.002562
82.500000 286.622536 206.082365 155.142377 122.742353 102.958598 90.574217 65.477746 43.167732 28.521940 276.963608 228.527069 176.523512 148.945868 100.965525 153.103881
82.550000 286.800820 206.214295 155.244875 122.826055 103.030780 90.639164 65.527954 43.204703 28.550097 277.136342 228.671934 176.638378 149.044777 101.036544 153.205199
82.600000 286.979100 206.346221 155.347370 122.909755 103.102960 90.704110 65.578162 43.241674 28.578255 277.309071 228.816795 176.753240 149.143683 101.107561 153.306514
82.650000 287.157375 206.478143 155.449863 122.993454 103.175138 90.769054 65.628369 43.278644 28.606412 277.481796 228.961652 176.868100 149.242587 101.178577 153.407826
82.700000 287.335646 206.610062 155.552353 123.077150 103.247315 90.833997 65.678575 43.315614 28.634569 277.654515 229.106506 176.982957 149.341489 101.249591 153.509136
82.750000 287.513911 206.741978 155.654841 123.160845 103.319491 90.898938 65.728780 43.352583 28.662726 277.827230 229.251356 177.097811 149.440388 101.320604 153.610444
82.800000 287.692172 206.873890 155.757326 123.244537 103.391665 90.963879 65.778985 43.389552 28.690883 277.999940 229.396202 177.212662 149.539285 101.391615 153.711749
82.850000 287.870427 207.005799 155.859809 123.328228 103.463837 91.028818 65.829188 43.426521 28.719039 278.172646 229.541044 177.327511 149.638179 101.462624 153.813052
82.900000 288.048678 207.137705 155.962290 123.411917 103.536008 91.093755 65.879391 43.463489 28.747196 278.345347 229.685882 177.442356 149.737072 101.533633 153.914352
82.950000 288.226924 207.269607 156.064768 123.495605 103.608178 91.158692 65.929593 43.500457 28.775352 278.518043 229.830717 177.557199 149.835962 101.604639 154.015650
83.000000 288.405165 207.401505 156.167244 123.579290 103.680346 91.223627 65.979794 43.537424 28.803508 278.690735 229.975548 177.672039 149.934849 101.675645 154.116945
83.050000 288.583402 207.533401 156.269717 123.662973 103.752512 91.288561 66.029995 43.574391 28.831665 278.863422 230.120375 177.786876 150.033734 101.746649 154.218238
83.100000 288.761633 207.665293 156.372187 123.746655 103.824677 91.353493 66.080194 43.611357 28.859821 279.036104 230.265198 177.901710 150.132617 101.817651 154.319529
83.150000 288.939860 207.797181 156.474656 123.830335 103.896841 91.418425 66.130393 43.648324 28.887976 279.208782 230.410018 178.016542 150.231498 101.888652 154.420817
83.200000 289.118082 207.929067 156.577121 123.914012 103.969003 91.483355 66.180591 43.685289 28.916132 279.381455 230.554833 178.131370 150.330376 101.959651 154.522103
83.250000 289.296299 208.060949 156.679585 123.997688 104.041163 91.548284 66.230788 43.722255 28.944288 279.554124 230.699645 178.246196 150.429252 102.030649 154.623386
83.300000 289.474511 208.192827 156.782046 124.081362 104.113322 91.613211 66.280984 43.759219 28.972443 279.726788 230.844454 178.361019 150.528125 102.101646 154.724667
83.350000 289.652719 208.324702 156.884504 124.165035 104.185479 91.678137 66.331180 43.796184 29.000599 279.899447 230.989258 178.475839 150.626996 102.172641 154.825946
83.400000 289.830922 208.456574 156.986960 124.248705 104.257635 91.743062 66.381374 43.833148 29.028754 280.072101 231.134059 178.590656 150.725865 102.243634 154.927222
