web/models/kne/21/Metzger_0.325712_0.500000_0.100000.dat
# %ECSV 0.9
# ---
# datatype:
# - {name: time, datatype: float64}
# - {name: sdss_u, datatype: float64}
# - {name: sdss_g, datatype: float64}
# - {name: sdss_r, datatype: float64}
# - {name: sdss_i, datatype: float64}
# - {name: sdss_z, datatype: float64}
# - {name: PS1_y, datatype: float64}
# - {name: ukirt_J, datatype: float64}
# - {name: ukirt_H, datatype: float64}
# - {name: ukirt_K, datatype: float64}
# - {name: johnson_U, datatype: float64}
# - {name: johnson_B, datatype: float64}
# - {name: johnson_V, datatype: float64}
# - {name: johnson_R, datatype: float64}
# - {name: johnson_I, datatype: float64}
# - {name: Clear, datatype: float64}
# meta: !!omap
# - comment: [vej = 0.5, mej = 0.3257122869999151, Ye = 0.1, redshift = 0.0]
# schema: astropy-2.0
time sdss_u sdss_g sdss_r sdss_i sdss_z PS1_y ukirt_J ukirt_H ukirt_K johnson_U johnson_B johnson_V johnson_R johnson_I Clear
[from data line 1389]
69.550000 222.773885 157.963610 117.010652 90.988568 75.114111 65.184741 45.089388 27.271302 15.616227 214.998623 176.018807 134.195014 112.032030 73.515677 115.372723
69.600000 222.952316 158.095585 117.113131 91.072211 75.186208 65.249587 45.139464 27.308111 15.644204 215.171492 176.163746 134.309888 112.130912 73.586608 115.474019
69.650000 223.130742 158.227556 117.215607 91.155851 75.258303 65.314432 45.189540 27.344921 15.672181 215.344355 176.308681 134.424759 112.229792 73.657538 115.575313
69.700000 223.309162 158.359523 117.318081 91.239490 75.330397 65.379276 45.239614 27.381729 15.700158 215.517212 176.453611 134.539626 112.328669 73.728466 115.676604
69.750000 223.487577 158.491486 117.420552 91.323126 75.402488 65.444118 45.289687 27.418538 15.728135 215.690064 176.598536 134.654490 112.427543 73.799393 115.777891
69.800000 223.665985 158.623445 117.523020 91.406760 75.474579 65.508959 45.339760 27.455346 15.756112 215.862910 176.743457 134.769351 112.526414 73.870318 115.879176
69.850000 223.844388 158.755400 117.625485 91.490392 75.546667 65.573798 45.389832 27.492154 15.784088 216.035751 176.888374 134.884208 112.625283 73.941241 115.980459
69.900000 224.022785 158.887351 117.727947 91.574022 75.618754 65.638636 45.439903 27.528962 15.812065 216.208586 177.033286 134.999062 112.724149 74.012162 116.081738
69.950000 224.201176 159.019298 117.830406 91.657650 75.690839 65.703472 45.489973 27.565769 15.840042 216.381415 177.178193 135.113913 112.823012 74.083082 116.183014
70.000000 224.379561 159.151241 117.932862 91.741275 75.762922 65.768307 45.540042 27.602576 15.868019 216.554239 177.323096 135.228760 112.921873 74.154000 116.284288
70.050000 224.557941 159.283180 118.035315 91.824898 75.835004 65.833140 45.590110 27.639382 15.895995 216.727057 177.467994 135.343604 113.020731 74.224917 116.385559
70.100000 224.736314 159.415115 118.137766 91.908520 75.907084 65.897972 45.640178 27.676188 15.923972 216.899870 177.612888 135.458444 113.119586 74.295831 116.486827
70.150000 224.914682 159.547045 118.240214 91.992138 75.979162 65.962803 45.690244 27.712994 15.951949 217.072676 177.757777 135.573281 113.218438 74.366745 116.588092
70.200000 225.093044 159.678972 118.342658 92.075755 76.051238 66.027632 45.740310 27.749799 15.979925 217.245478 177.902662 135.688115 113.317287 74.437656 116.689354
70.250000 225.271400 159.810895 118.445100 92.159370 76.123313 66.092460 45.790374 27.786604 16.007902 217.418274 178.047542 135.802945 113.416134 74.508566 116.790613
70.300000 225.449751 159.942814 118.547539 92.242982 76.195386 66.157286 45.840438 27.823409 16.035878 217.591064 178.192418 135.917772 113.514978 74.579474 116.891870
70.350000 225.628095 160.074728 118.649975 92.326593 76.267457 66.222111 45.890501 27.860213 16.063855 217.763848 178.337289 136.032596 113.613819 74.650380 116.993123
70.400000 225.806434 160.206639 118.752408 92.410201 76.339526 66.286934 45.940563 27.897016 16.091831 217.936627 178.482156 136.147416 113.712657 74.721285 117.094374
70.450000 225.984767 160.338546 118.854838 92.493807 76.411594 66.351756 45.990625 27.933820 16.119807 218.109400 178.627018 136.262233 113.811493 74.792188 117.195622
70.500000 226.163094 160.470448 118.957265 92.577410 76.483660 66.416576 46.040685 27.970623 16.147784 218.282168 178.771875 136.377046 113.910326 74.863089 117.296867
70.550000 226.341415 160.602347 119.059690 92.661012 76.555724 66.481395 46.090744 28.007426 16.175760 218.454930 178.916728 136.491856 114.009156 74.933988 117.398109
70.600000 226.519730 160.734241 119.162111 92.744611 76.627787 66.546213 46.140803 28.044228 16.203736 218.627687 179.061577 136.606663 114.107983 75.004886 117.499349
70.650000 226.698040 160.866131 119.264530 92.828208 76.699848 66.611029 46.190860 28.081030 16.231713 218.800437 179.206421 136.721466 114.206808 75.075782 117.600585
70.700000 226.876344 160.998018 119.366945 92.911803 76.771907 66.675843 46.240917 28.117831 16.259689 218.973183 179.351260 136.836266 114.305630 75.146677 117.701819
70.750000 227.054642 161.129900 119.469358 92.995396 76.843964 66.740656 46.290973 28.154632 16.287665 219.145922 179.496095 136.951063 114.404449 75.217570 117.803049
70.800000 227.232933 161.261778 119.571768 93.078986 76.916019 66.805468 46.341028 28.191433 16.315641 219.318656 179.640925 137.065856 114.503265 75.288461 117.904277
70.850000 227.411220 161.393652 119.674175 93.162575 76.988073 66.870278 46.391082 28.228233 16.343617 219.491384 179.785751 137.180645 114.602078 75.359350 118.005502
70.900000 227.589500 161.525522 119.776579 93.246161 77.060125 66.935086 46.441135 28.265033 16.371593 219.664107 179.930572 137.295432 114.700889 75.430238 118.106724
70.950000 227.767774 161.657389 119.878980 93.329745 77.132175 66.999893 46.491187 28.301833 16.399569 219.836824 180.075388 137.410214 114.799697 75.501124 118.207943
71.000000 227.946043 161.789250 119.981378 93.413327 77.204224 67.064699 46.541238 28.338632 16.427545 220.009535 180.220200 137.524994 114.898502 75.572008 118.309160
71.050000 228.124306 161.921108 120.083773 93.496906 77.276271 67.129503 46.591289 28.375430 16.455520 220.182241 180.365008 137.639770 114.997304 75.642890 118.410373
71.100000 228.302563 162.052962 120.186165 93.580484 77.348315 67.194306 46.641338 28.412229 16.483496 220.354941 180.509810 137.754543 115.096103 75.713771 118.511584
71.150000 228.480814 162.184812 120.288554 93.664059 77.420359 67.259107 46.691387 28.449027 16.511472 220.527635 180.654609 137.869312 115.194900 75.784650 118.612791
71.200000 228.659059 162.316658 120.390941 93.747632 77.492400 67.323907 46.741434 28.485824 16.539447 220.700324 180.799402 137.984078 115.293694 75.855527 118.713996
71.250000 228.837298 162.448499 120.493324 93.831202 77.564440 67.388705 46.791481 28.522621 16.567423 220.873007 180.944192 138.098840 115.392485 75.926403 118.815198
71.300000 229.015531 162.580337 120.595704 93.914771 77.636478 67.453502 46.841527 28.559418 16.595398 221.045685 181.088976 138.213599 115.491273 75.997277 118.916397
71.350000 229.193759 162.712170 120.698082 93.998337 77.708514 67.518297 46.891572 28.596214 16.623374 221.218357 181.233756 138.328355 115.590059 76.068149 119.017593
71.400000 229.371981 162.844000 120.800457 94.081901 77.780548 67.583091 46.941615 28.633010 16.651349 221.391023 181.378531 138.443107 115.688841 76.139020 119.118786
71.450000 229.550197 162.975825 120.902828 94.165463 77.852581 67.647883 46.991658 28.669805 16.679324 221.563683 181.523302 138.557855 115.787621 76.209888 119.219976
71.500000 229.728406 163.107646 121.005197 94.249023 77.924611 67.712674 47.041701 28.706600 16.707299 221.736338 181.668069 138.672601 115.886398 76.280755 119.321164
71.550000 229.906611 163.239463 121.107563 94.332580 77.996640 67.777463 47.091742 28.743395 16.735275 221.908988 181.812830 138.787343 115.985172 76.351620 119.422348
71.600000 230.084809 163.371277 121.209925 94.416135 78.068668 67.842251 47.141782 28.780189 16.763250 222.081631 181.957587 138.902081 116.083944 76.422484 119.523530
71.650000 230.263001 163.503086 121.312285 94.499688 78.140693 67.907037 47.191821 28.816983 16.791224 222.254269 182.102340 139.016816 116.182712 76.493346 119.624709
71.700000 230.441188 163.634890 121.414642 94.583239 78.212717 67.971822 47.241860 28.853776 16.819199 222.426901 182.247088 139.131548 116.281478 76.564206 119.725884
71.750000 230.619368 163.766691 121.516996 94.666787 78.284739 68.036605 47.291897 28.890569 16.847174 222.599528 182.391831 139.246276 116.380241 76.635064 119.827057
71.800000 230.797543 163.898488 121.619347 94.750334 78.356759 68.101387 47.341933 28.927362 16.875149 222.772149 182.536570 139.361001 116.479001 76.705921 119.928227
71.850000 230.975712 164.030281 121.721695 94.833878 78.428777 68.166167 47.391969 28.964154 16.903123 222.944764 182.681304 139.475722 116.577759 76.776776 120.029394
71.900000 231.153875 164.162069 121.824040 94.917420 78.500794 68.230946 47.442004 29.000946 16.931098 223.117374 182.826033 139.590440 116.676513 76.847629 120.130558
71.950000 231.332032 164.293854 121.926382 95.000959 78.572809 68.295723 47.492037 29.037737 16.959072 223.289977 182.970758 139.705154 116.775265 76.918480 120.231720
72.000000 231.510183 164.425634 122.028721 95.084497 78.644822 68.360499 47.542070 29.074528 16.987047 223.462576 183.115479 139.819865 116.874014 76.989330 120.332878
72.050000 231.688328 164.557410 122.131058 95.168032 78.716833 68.425273 47.592102 29.111318 17.015021 223.635168 183.260194 139.934573 116.972760 77.060177 120.434033
72.100000 231.866468 164.689182 122.233391 95.251565 78.788842 68.490046 47.642133 29.148108 17.042995 223.807755 183.404906 140.049277 117.071503 77.131024 120.535186
72.150000 232.044601 164.820950 122.335721 95.335095 78.860850 68.554817 47.692163 29.184897 17.070969 223.980336 183.549612 140.163978 117.170244 77.201868 120.636335
72.200000 232.222729 164.952714 122.438048 95.418624 78.932856 68.619587 47.742192 29.221686 17.098943 224.152912 183.694314 140.278675 117.268981 77.272711 120.737482
72.250000 232.400850 165.084474 122.540373 95.502150 79.004860 68.684355 47.792220 29.258475 17.126917 224.325482 183.839012 140.393369 117.367716 77.343551 120.838626
72.300000 232.578966 165.216230 122.642694 95.585674 79.076862 68.749122 47.842247 29.295263 17.154891 224.498046 183.983704 140.508059 117.466448 77.414391 120.939767
72.350000 232.757076 165.347982 122.745013 95.669195 79.148862 68.813887 47.892273 29.332051 17.182864 224.670604 184.128392 140.622746 117.565177 77.485228 121.040904
72.400000 232.935180 165.479729 122.847328 95.752715 79.220861 68.878651 47.942298 29.368838 17.210838 224.843157 184.273076 140.737429 117.663903 77.556063 121.142039
72.450000 233.113278 165.611473 122.949640 95.836232 79.292858 68.943413 47.992322 29.405625 17.238811 225.015704 184.417755 140.852109 117.762627 77.626897 121.243171
72.500000 233.291371 165.743212 123.051950 95.919747 79.364853 69.008173 48.042345 29.442412 17.266785 225.188246 184.562429 140.966786 117.861347 77.697729 121.344300
72.550000 233.469457 165.874947 123.154256 96.003260 79.436846 69.072932 48.092368 29.479198 17.294758 225.360782 184.707099 141.081459 117.960065 77.768560 121.445427
72.600000 233.647537 166.006678 123.256560 96.086770 79.508837 69.137690 48.142389 29.515983 17.322731 225.533312 184.851764 141.196129 118.058780 77.839388 121.546550
72.650000 233.825612 166.138405 123.358861 96.170278 79.580827 69.202446 48.192409 29.552768 17.350704 225.705836 184.996425 141.310795 118.157492 77.910215 121.647670
72.700000 234.003681 166.270128 123.461158 96.253784 79.652815 69.267200 48.242429 29.589553 17.378677 225.878355 185.141081 141.425458 118.256202 77.981040 121.748788
72.750000 234.181743 166.401847 123.563453 96.337288 79.724801 69.331953 48.292447 29.626337 17.406650 226.050868 185.285732 141.540117 118.354908 78.051863 121.849902
72.800000 234.359800 166.533561 123.665744 96.420789 79.796785 69.396705 48.342465 29.663121 17.434623 226.223375 185.430378 141.654773 118.453612 78.122685 121.951014
72.850000 234.537851 166.665272 123.768033 96.504289 79.868767 69.461455 48.392481 29.699904 17.462595 226.395877 185.575021 141.769425 118.552312 78.193505 122.052122
72.900000 234.715896 166.796978 123.870319 96.587786 79.940748 69.526203 48.442497 29.736687 17.490568 226.568373 185.719658 141.884074 118.651010 78.264323 122.153228
72.950000 234.893935 166.928681 123.972601 96.671280 80.012726 69.590950 48.492512 29.773469 17.518540 226.740863 185.864291 141.998720 118.749705 78.335139 122.254330
73.000000 235.071968 167.060379 124.074881 96.754773 80.084703 69.655695 48.542525 29.810251 17.546512 226.913347 186.008919 142.113362 118.848397 78.405953 122.355430
73.050000 235.249996 167.192073 124.177158 96.838263 80.156678 69.720439 48.592538 29.847033 17.574485 227.085826 186.153543 142.228000 118.947087 78.476766 122.456527
73.100000 235.428017 167.323763 124.279432 96.921751 80.228652 69.785181 48.642550 29.883814 17.602457 227.258300 186.298161 142.342635 119.045773 78.547577 122.557621
73.150000 235.606033 167.455449 124.381702 97.005236 80.300623 69.849922 48.692560 29.920594 17.630428 227.430767 186.442776 142.457267 119.144457 78.618386 122.658712
73.200000 235.784042 167.587130 124.483970 97.088720 80.372593 69.914661 48.742570 29.957374 17.658400 227.603229 186.587386 142.571895 119.243138 78.689193 122.759800
73.250000 235.962046 167.718808 124.586235 97.172201 80.444561 69.979398 48.792579 29.994154 17.686372 227.775685 186.731991 142.686520 119.341816 78.759999 122.860885
73.300000 236.140044 167.850481 124.688497 97.255680 80.516527 70.044134 48.842587 30.030933 17.714343 227.948135 186.876591 142.801141 119.440491 78.830803 122.961967
73.350000 236.318035 167.982151 124.790755 97.339156 80.588491 70.108869 48.892593 30.067712 17.742315 228.120580 187.021187 142.915759 119.539163 78.901605 123.063046
73.400000 236.496021 168.113816 124.893011 97.422630 80.660453 70.173602 48.942599 30.104490 17.770286 228.293019 187.165778 143.030373 119.637833 78.972405 123.164122
73.450000 236.674001 168.245477 124.995264 97.506102 80.732414 70.238333 48.992604 30.141268 17.798257 228.465452 187.310365 143.144984 119.736499 79.043204 123.265196
73.500000 236.851975 168.377134 125.097514 97.589572 80.804372 70.303063 49.042608 30.178045 17.826228 228.637880 187.454947 143.259591 119.835163 79.114000 123.366266
73.550000 237.029943 168.508786 125.199761 97.673040 80.876329 70.367791 49.092611 30.214822 17.854199 228.810302 187.599524 143.374195 119.933824 79.184795 123.467333
73.600000 237.207906 168.640435 125.302004 97.756505 80.948284 70.432518 49.142613 30.251598 17.882170 228.982718 187.744097 143.488795 120.032482 79.255588 123.568398
73.650000 237.385862 168.772080 125.404245 97.839968 81.020238 70.497243 49.192614 30.288374 17.910140 229.155128 187.888665 143.603392 120.131137 79.326380 123.669459
73.700000 237.563812 168.903720 125.506483 97.923428 81.092189 70.561967 49.242614 30.325149 17.938111 229.327533 188.033228 143.717985 120.229789 79.397169 123.770518
73.750000 237.741757 169.035356 125.608718 98.006887 81.164139 70.626689 49.292613 30.361924 17.966081 229.499932 188.177787 143.832575 120.328438 79.467957 123.871573
73.800000 237.919695 169.166988 125.710950 98.090343 81.236086 70.691410 49.342611 30.398699 17.994051 229.672325 188.322341 143.947162 120.427085 79.538743 123.972626
73.850000 238.097628 169.298616 125.813178 98.173797 81.308032 70.756128 49.392608 30.435473 18.022022 229.844713 188.466891 144.061745 120.525728 79.609527 124.073675
73.900000 238.275555 169.430240 125.915404 98.257248 81.379976 70.820846 49.442604 30.472246 18.049991 230.017095 188.611435 144.176324 120.624369 79.680309 124.174722
73.950000 238.453476 169.561860 126.017627 98.340698 81.451918 70.885562 49.492599 30.509019 18.077961 230.189471 188.755976 144.290900 120.723007 79.751090 124.275766
74.000000 238.631390 169.693475 126.119847 98.424144 81.523859 70.950276 49.542593 30.545792 18.105931 230.361841 188.900511 144.405473 120.821642 79.821869 124.376807
74.050000 238.809299 169.825087 126.222063 98.507589 81.595797 71.014989 49.592586 30.582564 18.133900 230.534206 189.045042 144.520042 120.920274 79.892646 124.477844
74.100000 238.987202 169.956694 126.324277 98.591032 81.667734 71.079700 49.642578 30.619335 18.161870 230.706565 189.189569 144.634608 121.018904 79.963421 124.578879
74.150000 239.165100 170.088297 126.426488 98.674472 81.739669 71.144410 49.692569 30.656106 18.189839 230.878919 189.334090 144.749170 121.117530 80.034194 124.679911
74.200000 239.342991 170.219896 126.528696 98.757910 81.811602 71.209118 49.742559 30.692877 18.217808 231.051266 189.478607 144.863728 121.216154 80.104966 124.780940
