web/models/kne/21/mosfit_kn_0.007937_0.3433_3.6500.dat
# %ECSV 1.0
# ---
# datatype:
# - {name: time, datatype: float64}
# - {name: PS1_g, datatype: float64}
# - {name: PS1_i, datatype: float64}
# - {name: PS1_r, datatype: float64}
# - {name: PS1_w, datatype: float64}
# - {name: PS1_y, datatype: float64}
# - {name: PS1_z, datatype: float64}
# - {name: swift_uvot_B, datatype: float64}
# - {name: swift_uvot_U, datatype: float64}
# - {name: swift_uvot_uvm2, datatype: float64}
# - {name: swift_uvot_uvw1, datatype: float64}
# - {name: swift_uvot_uvw2, datatype: float64}
# - {name: swift_uvot_V, datatype: float64}
# - {name: johnson_B, datatype: float64}
# - {name: johnson_I, datatype: float64}
# - {name: johnson_R, datatype: float64}
# - {name: johnson_U, datatype: float64}
# - {name: johnson_V, datatype: float64}
# - {name: sdss_g, datatype: float64}
# - {name: sdss_i, datatype: float64}
# - {name: sdss_r, datatype: float64}
# - {name: sdss_u, datatype: float64}
# - {name: sdss_z, datatype: float64}
# - {name: ATLAS_c, datatype: float64}
# - {name: ATLAS_o, datatype: float64}
# - {name: ukirt_H, datatype: float64}
# - {name: ukirt_J, datatype: float64}
# - {name: ukirt_K, datatype: float64}
# - {name: Clear, datatype: float64}
# meta: !!omap
# - comment: [kappa = 3.65, type = rprocess, mass = 0.00793700525986525, velocity = 0.3433333333333334, theta_obs = 0.0, tfloor = 1000.0]
# schema: astropy-2.0
time PS1_g PS1_i PS1_r PS1_w PS1_y PS1_z swift_uvot_B swift_uvot_U swift_uvot_uvm2 swift_uvot_uvw1 swift_uvot_uvw2 swift_uvot_V johnson_B johnson_I johnson_R johnson_U johnson_V sdss_g sdss_i sdss_r sdss_u sdss_z ATLAS_c ATLAS_o ukirt_H ukirt_J ukirt_K Clear
[from data line 292]
17.615230460921843 11.09086919589025 2.209040382690972 5.684111160728822 3.7161873492248354 -1.3141496658342788 0.1035262990128416 14.630775772454736 21.289719870349657 35.17831517437883 17.255302402424206 19.768318908903858 9.050385888761053 13.426838455488546 0.6555270762690215 3.6255598429940212 20.258718691097904 8.095363553592298 11.903409297204703 2.2902963348039584 5.912599820225246 21.790825400524483 -0.46990131300916005 7.6631877304714635 3.210775205861669 -6.263137043749775 -4.1136477482600835 -7.6234257242229635 1.4302933054634792
17.675350701402806 11.102750203516596 2.2209213903173186 5.695992168355168 3.728068356851182 -1.3022686582079324 0.11540730663918808 14.642656780081083 21.301600877976004 35.190196182005174 17.267183410050553 19.78019991653021 9.0622668963874 13.438719463114893 0.667408083895368 3.6374408506203677 20.270599698724254 8.107244561218645 11.91529030483105 2.3021773424303227 5.924480827851593 21.80270640815083 -0.4580203053827958 7.67506873809781 3.2226562134880155 -6.251256036123428 -4.101766740633737 -7.611544716596599 1.4421743130898435
17.73547094188377 11.114611771779348 2.2327829585800707 5.7078537366179205 3.739929925113934 -1.2904070899451803 0.12726887490194017 14.654518348343835 21.313462446238756 35.202057750267926 17.279044978313305 19.792061484792956 9.074128464650151 13.450581031377645 0.6792696521581201 3.64930241888312 20.282461266987006 8.119106129481397 11.927151873093802 2.314038910693057 5.936342396114345 21.81456797641358 -0.4461587371200615 7.686930306360562 3.2345177817507675 -6.239394467860676 -4.089905172370985 -7.599683148333865 1.4540358813525955
17.795591182364728 11.126453934131906 2.2446251209326284 5.7196958989704605 3.7517720874664917 -1.2785649275926403 0.13911103725449792 14.666360510696393 21.325304608591303 35.21389991262048 17.290887140665863 19.803903647145514 9.085970627002691 13.462423193730203 0.6911118145106778 3.6611445812356775 20.294303429339564 8.130948291833937 11.938994035446342 2.3258810730456148 5.948184558466902 21.82641013876613 -0.43431657476750374 7.69877246871312 3.2463599441033253 -6.227552305508136 -4.078063010018445 -7.587840985981307 1.4658780437051355
17.85571142284569 11.138278010602427 2.2564491974031498 5.731519975440982 3.7635961639369953 -1.266740851122119 0.15093511372501922 14.678184587166914 21.337128685061828 35.225723989091 17.302711217136384 19.815727723616025 9.097794703473213 13.474247270200724 0.7029358909811991 3.672968657706199 20.306127505810075 8.142772368304458 11.950818111916863 2.337705149516136 5.960008634937424 21.838234215236653 -0.42249249829698243 7.710596545183623 3.2581840205738466 -6.215728229037615 -4.066238933547924 -7.576016909510786 1.4777021201756568
17.915831663326653 11.150080898316617 2.2682520851173216 5.743322863155171 3.775399051651185 -1.2549379634079294 0.16273800143919104 14.689987474881086 21.348931572776007 35.237526876805184 17.314514104850574 19.827530611330214 9.109597591187402 13.486050157914896 0.714738778695371 3.6847715454203707 20.317930393524264 8.154575256018648 11.962620999631053 2.3495080372303256 5.971811522651613 21.850037102950832 -0.41068961058279285 7.722399432897813 3.269986908288036 -6.203925341323425 -4.054436045833734 -7.564214021796596 1.4895050078898464
17.975951903807616 11.161864724398107 2.28003591119883 5.755106689236662 3.7871828777326932 -1.2431541373264388 0.17452182752069945 14.701771300962594 21.360715398857508 35.24931070288668 17.326297930932064 19.839314437411716 9.121381417268893 13.497833983996404 0.7265226047768794 3.696555371501879 20.329714219605755 8.166359082100138 11.974404825712543 2.3612918633118163 5.983595348733104 21.861820929032334 -0.3989057845013022 7.734183258979304 3.281770734369527 -6.192141515241935 -4.042652219752243 -7.552430195715106 1.501288833971337
18.036072144288575 11.173629407498602 2.291800594299307 5.766871372337157 3.79894756083317 -1.231389454225944 0.1862865106211764 14.713535984063071 21.372480081957992 35.261075385987176 17.33806261403256 19.8510791205122 9.133146100369387 13.509598667096881 0.7382872878773741 3.708320054602356 20.34147890270625 8.178123765200633 11.986169508813038 2.373056546412311 5.995360031833599 21.873585612132818 -0.3871411014008075 7.745947942079798 3.2935354174700215 -6.18037683214144 -4.030887536651749 -7.540665512614611 1.5130535170718318
18.096192384769537 11.185374911832255 2.303546098632978 5.778616876670828 3.8106930651668414 -1.2196439498922729 0.19803201495484757 14.725281488396742 21.384225586291663 35.27282089032084 17.349808118366212 19.862824624845864 9.144891604703059 13.521344171430552 0.7500327922110275 3.720065558936027 20.35322440703991 8.189869269534304 11.99791501314671 2.3848020507459644 6.007105536167252 21.88533111646649 -0.3753955970671541 7.7576934464134695 3.305280921803675 -6.168631327807769 -4.0191420323180775 -7.5289200082809575 1.5247990214054852
18.1563126252505 11.197101232492628 2.3152724192933505 5.7903431973311825 3.822419385827196 -1.2079176292319183 0.20975833561521995 14.737007809057115 21.39595190695203 35.284547210981195 17.361534439026585 19.874550945506225 9.156617925363413 13.533070492090925 0.7617591128713999 3.731791879596382 20.364950727700275 8.201595590194659 12.009641333807064 2.396528371406337 6.0188318568276244 21.897057437126854 -0.3636692764067817 7.769419767073824 3.3170072424640473 -6.156905007147414 -4.007415711657723 -7.517193687620585 1.5365253420658576
18.216432865731463 11.208808382978361 2.326979569779084 5.802050347816916 3.8341265363129295 -1.1962104787461847 0.2214654861009535 14.748714959542848 21.407659057437762 35.29625436146693 17.37324158951232 19.88625809599197 9.168325075849147 13.544777642576658 0.7734662633571334 3.743499030082133 20.37665787818601 8.213302740680392 12.021348484292798 2.4082355218920704 6.030539007313358 21.908764587612588 -0.35196212592104814 7.781126917559558 3.328714392949781 -6.145197856661681 -3.9957085611719894 -7.505486537134852 1.5482324925515911
18.276553106212425 11.22049638016799 2.338667566968713 5.813738345006545 3.845814533502576 -1.1845224815565558 0.2331534832905824 14.760402956732477 21.419347054627387 35.30794235865657 17.384929586701947 19.8979460931816 9.180013073038776 13.556465639766287 0.7851542605467623 3.755187027271762 20.38834587537565 8.224990737870039 12.033036481482444 2.4199235190816992 6.042227004502987 21.920452584802213 -0.34027412873141927 7.792814914749204 3.3404023901394098 -6.133509859472052 -3.9840205639823605 -7.493798539945223 1.55992048974122
18.336673346693384 11.232165248735875 2.3503364355365974 5.8254072135744295 3.857483402070443 -1.1728536129886713 0.2448223518584669 14.772071825300362 21.431015923195275 35.31961122722445 17.39659845526983 19.909614961749483 9.19168194160666 13.568134508334172 0.7968231291146468 3.7668558958396465 20.400014743943522 8.236659606437906 12.044705350050311 2.4315923876495837 6.053895873070871 21.9321214533701 -0.32860526016353475 7.804483783317071 3.3520712587072943 -6.121840990904167 -3.972351695414476 -7.482129671377338 1.5715893583091045
18.396793587174347 11.243815007895925 2.361986194696648 5.83705697273448 3.8691331612304936 -1.1612038538286207 0.2564721110185175 14.783721584460412 21.442665682355326 35.3312609863845 17.408248214429882 19.921264720909534 9.20333170076671 13.579784267494222 0.8084728882746974 3.778505654999697 20.411664503103573 8.248309365597956 12.056355109210362 2.4432421468096344 6.065545632230922 21.94377121253015 -0.31695550100348413 7.816133542477122 3.363721017867345 -6.110191231744117 -3.9607019362544253 -7.470479912217288 1.5832391174691551
18.45691382765531 11.255445680469585 2.3736168672703073 5.848687645308139 3.8807638338041706 -1.1495731812549614 0.26810278359217676 14.795352257034072 21.454296354928985 35.34289165895816 17.41987888700354 19.932895393483193 9.21496237334037 13.591414940067882 0.8201035608483567 3.7901363275733564 20.42329517567724 8.259940038171615 12.06798578178402 2.4548728193832936 6.077176304804581 21.95540188510381 -0.3053248284298249 7.827764215050799 3.375351690441004 -6.0985605591704575 -3.949071263680766 -7.458849239643628 1.5948697900428144
18.517034068136272 11.267057294324037 2.3852284811247593 5.860299259162609 3.8923754476586225 -1.1379615674005095 0.27971439744662874 14.806963870888524 21.465907968783434 35.354503272812615 17.431490500857993 19.944507007337645 9.226573987194822 13.603026553922334 0.8317151747028086 3.8017479414278084 20.434906789531695 8.271551652026085 12.07959739563849 2.4664844332377456 6.088787918659033 21.96701349895826 -0.2937132145753729 7.839375828905251 3.386963304295456 -6.086948945315988 -3.937459649826314 -7.447237625789176 1.6064814038972663
18.577154308617235 11.278649881564284 2.396821068365007 5.871891846402839 3.9039680348988703 -1.1263689801602617 0.29130698468687655 14.818556458128771 21.477500556023685 35.36609586005286 17.44308308809824 19.956099594577893 9.23816657443507 13.614619141162581 0.8433077619430565 3.813340528668056 20.44649937677194 8.283144239266315 12.091189982878738 2.4780770204779934 6.100380505899281 21.97860608619851 -0.2821206273351251 7.8509684161454985 3.398555891535704 -6.075356358075758 -3.9258670625860663 -7.4356450385489286 1.6180739911375142
18.637274549098194 11.29022346761861 2.4083946544193324 5.8834654324571645 3.9155416209531957 -1.1147953941059363 0.3028805707412019 14.830130044183097 21.48907414207801 35.37766944610719 17.454656674152567 19.967673180632218 9.249740160489395 13.626192727216907 0.8548813479973818 3.8249141147223815 20.458072962826265 8.294717825320658 12.102763568933064 2.4896506065323187 6.111954091953606 21.990179672252836 -0.27054704128079976 7.862542002199824 3.4101294775900293 -6.063782772021432 -3.914293476531741 -7.424071452494603 1.6296475771918395
18.697394789579157 11.301778081245129 2.4199492680458334 5.895020046083683 3.9270962345796967 -1.1032407804794175 0.3144351843677029 14.841684657809616 21.50062875570452 35.3892240597337 17.466211287779085 19.97922779425873 9.261294774115914 13.637747340843408 0.8664359616239006 3.8364687283488825 20.469627576452776 8.30627243894716 12.114318182559565 2.5012052201588375 6.123508705580125 22.001734285879344 -0.258992427654281 7.874096615826325 3.421684091216548 -6.052228158394914 -3.902738862905222 -7.412516838868084 1.6412021908183583
18.75751503006012 11.313313744313422 2.4314849311141273 5.906555709151977 3.9386318976479906 -1.0917051174111236 0.3259708474359968 14.853220320877892 21.512164418772812 35.40075972280199 17.47774695084738 19.990763457327024 9.272830437184208 13.649283003911702 0.8779716246921767 3.8480043914171764 20.48116323952107 8.317808102015453 12.125853845627859 2.5127408832271314 6.135044368648419 22.013269948947638 -0.2474567645859871 7.885632278894619 3.433219754284842 -6.04069249532662 -3.8912031998369283 -7.4009811757997905 1.6527378538866522
18.817635270541082 11.32483048221772 2.443001669018443 5.918072447056275 3.9501486355522886 -1.0801883795068257 0.33748758534031253 14.864737058782207 21.52368115667712 35.41227646070629 17.489263688751677 20.002280195231318 9.284347175088506 13.660799741816 0.8894883625964924 3.8595211293214744 20.492679977425368 8.329324839919751 12.137370583532157 2.5242576211314294 6.146561106552717 22.024786686851947 -0.23594002668168912 7.897149016798917 3.44473649218914 -6.029175757422322 -3.8796864619326303 -7.389464437895493 1.6642545917909501
18.877755511022045 11.336328321100257 2.45449950790098 5.929570285938812 3.9616464744348434 -1.0686905406242886 0.3489854242228496 14.876234897664744 21.535178995559654 35.423774299588835 17.500761527634214 20.013778034113866 9.295845013971043 13.672297580698554 0.9009862014790295 3.8710189682040292 20.504177816307916 8.340822678802288 12.148868422414711 2.5357554600139665 6.158058945435254 22.03628452573448 -0.22444218779915204 7.9086468556814715 3.456234331071677 -6.017677918539785 -3.8681886230500933 -7.3779665990129555 1.6757524306734872
18.937875751503004 11.34780729413702 2.4659784809377427 5.9410492589755926 3.973125447471606 -1.0572115675875082 0.3604643972596122 14.887713870701507 21.546657968596428 35.4352532726256 17.512240500670977 20.02525700715064 9.307323987007823 13.683776553735317 0.9124651745157921 3.882497941240792 20.515656789344675 8.352301651839069 12.160347395451474 2.547234433050729 6.169537918472017 22.047763498771253 -0.21296321476237168 7.920125828718234 3.4677133041084396 -6.006198945503004 -3.856709650013313 -7.366487625976193 1.6872314037102676
18.997995991983966 11.359267424862942 2.477438611663665 5.952509389701497 3.984585578197528 -1.0457514368616039 0.3719245279855343 14.89917400142743 21.558118099322343 35.44671340335152 17.5237006313969 20.03671713787655 9.318784117733728 13.69523668446124 0.9239253052417142 3.893958071966714 20.527116920070597 8.363761782564973 12.171807526177378 2.558694563776651 6.180998049197939 22.05922362949717 -0.20150308403646733 7.931585959444156 3.4791734348343617 -5.9947388147771 -3.8452495192874085 -7.355027495250271 1.698691534436172
19.05811623246493 11.370708742894369 2.4888799296950914 5.9639507077329235 3.9960268962289547 -1.0343101188301773 0.3833658460169609 14.910615319458856 21.569559417353766 35.45815472138295 17.535141949428326 20.048158455907977 9.330225435765154 13.706678002492666 0.9353666232731408 3.9053993899981405 20.538558238102027 8.3752031005964 12.183248844208823 2.5701358818080777 6.192439367229365 22.07066494752859 -0.19006176600504077 7.943027277475583 3.4906147528657883 -5.983297496745673 -3.833808201255982 -7.343586177218844 1.7101328524675985
19.118236472945892 11.38213127205196 2.5003024588526834 5.975373236890533 4.007449425386547 -1.0228875896725853 0.3947883751745529 14.922037848616448 21.580981946511358 35.46957725054054 17.546564478585918 20.05958098506557 9.341647964922746 13.718100531650258 0.9467891524307328 3.9168219191557325 20.54998076725962 8.38662562975401 12.194671373366415 2.5815584109656697 6.203861896386957 22.082087476686183 -0.17863923684744876 7.954449806633175 3.5020372820233803 -5.971874967588064 -3.82238567209839 -7.332163648061252 1.7215553816251905
19.178356713426854 11.39353503492103 2.5117062217217523 5.986776999759602 4.0188531882556155 -1.0114838268034987 0.40619213804362175 14.933441611485517 21.592385709380437 35.48098101340961 17.557968241454986 20.07098474793465 9.353051727791833 13.729504294519327 0.9581929152998017 3.9282256820248014 20.561384530128684 8.398029392623078 12.206075136235484 2.5929621738347564 6.215265659256026 22.093491239555263 -0.16723547397836214 7.965853569502244 3.513441044892449 -5.960471204718995 -3.8109819092293034 -7.320759885192166 1.7329591444942771
19.238476953907814 11.404920058937833 2.5230912457385557 5.998162023776388 4.030238212272419 -1.000098802786713 0.41757716206042517 14.94482663550232 21.603770733397234 35.4923660374264 17.56935326547179 20.08236977195144 9.364436751808618 13.74088931853613 0.9695779393166051 3.939610706041605 20.57276955414548 8.409414416639864 12.21746016025227 2.604347197851542 6.22665068327283 22.10487626357206 -0.1558504499615765 7.977238593519029 3.5248260689092525 -5.949086180702209 -3.7995968852125177 -7.30937486117538 1.7443441685110628
19.298597194388776 11.416286374855211 2.534457561655916 6.009528339693766 4.041604528189779 -0.9887324868693348 0.42894347797778565 14.95619295141968 21.6151370493146 35.503732353343786 17.58071958138915 20.09373608786881 9.375803067725997 13.75225563445349 0.9809442552339656 3.9509770219589653 20.58413587006286 8.420780732557242 12.228826476169647 2.6157135137689203 6.23801699919019 22.116242579489427 -0.14448413404419824 7.9886049094364076 3.536192384826631 -5.937719864784831 -3.7882305692951395 -7.298008545258002 1.755710484428441
