web/models/kne/21/mosfit_kn_0.077496_0.1397_3.6500.dat
# %ECSV 1.0
# ---
# datatype:
# - {name: time, datatype: float64}
# - {name: PS1_g, datatype: float64}
# - {name: PS1_i, datatype: float64}
# - {name: PS1_r, datatype: float64}
# - {name: PS1_w, datatype: float64}
# - {name: PS1_y, datatype: float64}
# - {name: PS1_z, datatype: float64}
# - {name: swift_uvot_B, datatype: float64}
# - {name: swift_uvot_U, datatype: float64}
# - {name: swift_uvot_uvm2, datatype: float64}
# - {name: swift_uvot_uvw1, datatype: float64}
# - {name: swift_uvot_uvw2, datatype: float64}
# - {name: swift_uvot_V, datatype: float64}
# - {name: johnson_B, datatype: float64}
# - {name: johnson_I, datatype: float64}
# - {name: johnson_R, datatype: float64}
# - {name: johnson_U, datatype: float64}
# - {name: johnson_V, datatype: float64}
# - {name: sdss_g, datatype: float64}
# - {name: sdss_i, datatype: float64}
# - {name: sdss_r, datatype: float64}
# - {name: sdss_u, datatype: float64}
# - {name: sdss_z, datatype: float64}
# - {name: ATLAS_c, datatype: float64}
# - {name: ATLAS_o, datatype: float64}
# - {name: ukirt_H, datatype: float64}
# - {name: ukirt_J, datatype: float64}
# - {name: ukirt_K, datatype: float64}
# - {name: Clear, datatype: float64}
# meta: !!omap
# - comment: [kappa = 3.65, type = rprocess, mass = 0.07749594937791414, velocity = 0.13966666666666672, theta_obs = 0.0, tfloor = 1000.0]
# schema: astropy-2.0
time PS1_g PS1_i PS1_r PS1_w PS1_y PS1_z swift_uvot_B swift_uvot_U swift_uvot_uvm2 swift_uvot_uvw1 swift_uvot_uvw2 swift_uvot_V johnson_B johnson_I johnson_R johnson_U johnson_V sdss_g sdss_i sdss_r sdss_u sdss_z ATLAS_c ATLAS_o ukirt_H ukirt_J ukirt_K Clear
[from data line 432]
26.03206412825651 6.676379137052759 -2.205449676146518 1.2696211018913317 -0.6983027096126548 -5.728639724671769 -4.310963759824649 10.216285713617246 16.875229811512167 30.763825115541334 12.840812343586716 15.353828850066368 4.6358958299235615 9.012348396651056 -3.7589629825684687 -0.7889302158434688 15.844228632260425 3.6808734947548087 7.488919238367213 -2.124193724033532 1.4981097613877559 17.376335341686993 -4.8843913718466325 3.2486976716339733 -1.2037148529758213 -10.677627102587264 -8.528137807097574 -12.037915783060436 -2.9841967533739933
26.092184368737474 6.681444004553292 -2.2003848086459854 1.2746859693918466 -0.6932378421121399 -5.723574857171254 -4.305898892324116 10.221350581117779 16.88029467901268 30.768889983041863 12.845877211087249 15.3588937175669 4.6409606974240765 9.017413264151589 -3.753898115067936 -0.7838653483429361 15.84929349976094 3.6859383622553237 7.493984105867728 -2.119128856532999 1.5031746288882886 17.381400209187507 -4.879326504346118 3.253762539134488 -1.1986499854752886 -10.67256223508675 -8.523072939597059 -12.032850915559921 -2.9791318858734783
26.152304609218437 6.686485721628692 -2.195343091570603 1.2797276864672469 -0.6881961250367397 -5.718533140095854 -4.3008571752487335 10.22639229819318 16.885336396088082 30.773931700117263 12.850918928162649 15.3639354346423 4.646002414499477 9.022454981226971 -3.748856397992536 -0.7788236312675536 15.85433521683634 3.690980079330724 7.499025822943128 -2.114087139457599 1.5082163459636888 17.386441926262908 -4.874284787270717 3.2588042562098885 -1.1936082683998883 -10.667520518011349 -8.518031222521659 -12.02780919848452 -2.974090168798078
26.2124248496994 6.691504504018635 -2.1903243091806424 1.2847464688572074 -0.6831773426467791 -5.713514357705893 -4.295838392858773 10.231411080583122 16.890355178478043 30.77895048250721 12.855937710552592 15.368954217032243 4.651021196889437 9.027473763616932 -3.743837615602593 -0.773804848877593 15.8593539992263 3.6959988617206845 7.504044605333089 -2.109068357067656 1.5132351283536316 17.39146070865287 -4.8692660048807745 3.263823038599849 -1.1885894860099455 -10.662501735621388 -8.513012440131698 -12.022790416094578 -2.9690713864081175
26.27254509018036 6.696500707762336 -2.185328105436941 1.289742672600891 -0.6781811389030956 -5.70851815396221 -4.290842189115072 10.236407284326823 16.895351382221726 30.783946686250903 12.860933914296293 15.373950420775945 4.656017400633121 9.032469967360633 -3.7388414118588917 -0.7688086451339096 15.864350202969984 3.700995065464368 7.509040809076772 -2.104072153323955 1.5182313320973329 17.396456912396552 -4.864269801137073 3.2688192423435325 -1.1835932822662443 -10.657505531877705 -8.508016236388015 -12.017794212350877 -2.964075182664434
26.33266533066132 6.701474458077339 -2.180354355121956 1.2947164229158936 -0.6732073885880929 -5.703544403647207 -4.285868438800087 10.241381034641808 16.90032513253673 30.7889204365659 12.865907664611278 15.37892417109093 4.660991150948123 9.037443717675618 -3.733867661543907 -0.7638348948189069 15.869323953284987 3.7059688157793707 7.514014559391775 -2.099098403008952 1.5232050824123178 17.401430662711554 -4.859296050822071 3.273792992658535 -1.1786195319512416 -10.652531781562702 -8.503042486073012 -12.012820462035874 -2.9591014323494313
26.392785571142284 6.706425867436803 -2.1754029457624924 1.2996678322753574 -0.6682559792286291 -5.698592994287743 -4.280917029440623 10.246332444001272 16.905276541896193 30.793871845925363 12.870859073970742 15.383875580450393 4.665942560307587 9.042395127035082 -3.728916252184443 -0.7588834854594431 15.87427536264445 3.7109202251388345 7.518965968751239 -2.0941469936494883 1.5281564917717816 17.40638207207102 -4.854344641462607 3.278744402017999 -1.1736681225917778 -10.647580372203238 -8.498091076713548 -12.00786905267641 -2.9541500229899675
26.452905811623246 6.711355339537466 -2.1704734736618114 1.3045973043760384 -0.6633265071279482 -5.693663522187062 -4.275987557339942 10.251261916101953 16.910206013996874 30.79880131802604 12.875788546071423 15.388805052551074 4.670872032408268 9.047324599135763 -3.723986780083762 -0.7539540133587621 15.879204834745131 3.7158496972395154 7.52389544085192 -2.089217521548825 1.5330859638724625 17.4113115441717 -4.849415169361944 3.28367387411868 -1.1687386504911146 -10.642650900102558 -8.493161604612867 -12.002939580575747 -2.9492205508892866
26.51302605210421 6.716263148349508 -2.165565664849769 1.309505113188063 -0.6584186983159235 -5.688755713375038 -4.2710797485278995 10.256169724913995 16.915113822808898 30.803709126838076 12.880696354883465 15.393712861363117 4.675779841220293 9.052232407947788 -3.7190789712717196 -0.7490462045467374 15.884112643557156 3.72075750605154 7.5288032496639445 -2.0843097127367827 1.537993772684505 17.416219352983724 -4.844507360549901 3.2885816829307046 -1.1638308416790721 -10.637743091290533 -8.488253795800842 -11.998031771763705 -2.944312742077262
26.573146292585168 6.721149502470318 -2.160679310728977 1.314391467308873 -0.6535323441951135 -5.683869359254228 -4.266193394407107 10.261056079034805 16.920000176929708 30.80859548095889 12.885582709004275 15.398599215483927 4.680666195341103 9.057118762068598 -3.7141926171509096 -0.7441598504259275 15.888998997677966 3.72564386017235 7.5336896037847545 -2.0794233586159727 1.542880126805315 17.421105707104534 -4.839621006429091 3.2934680370515146 -1.1589444875582622 -10.632856737169723 -8.483367441680032 -11.993145417642895 -2.939426387956452
26.63326653306613 6.726014625262682 -2.1558141879365955 1.3192565901012365 -0.64866722140275 -5.679004236461864 -4.261328271614726 10.265921201827169 16.92486529972207 30.81346060375125 12.890447831796639 15.40346433827629 4.685531318133466 9.061983884860979 -3.709327494358546 -0.739294727633564 15.89386412047033 3.7305089829647136 7.538554726577118 -2.074558235823609 1.5477452495976785 17.425970829896897 -4.834755883636728 3.298333159843878 -1.1540793647658987 -10.62799161437736 -8.478502318887669 -11.988280294850531 -2.9345612651640884
26.693386773547093 6.730858821649992 -2.1509699915492853 1.3241007864885646 -0.643823025015422 -5.674160040074536 -4.256484075227416 10.270765398214479 16.9297094961094 30.818304800138566 12.895292028183949 15.4083085346636 4.690375514520794 9.066828081248289 -3.704483297971236 -0.7344505312462359 15.898708316857658 3.7353531793520416 7.543398922964446 -2.069714039436299 1.5525894459849887 17.430815026284225 -4.829911687249417 3.303177356231206 -1.1492351683785884 -10.623147417990031 -8.473658122500341 -11.98343609846322 -2.9297170687767604
26.753507014028056 6.73568224867644 -2.146146564522855 1.3289242135149948 -0.6389995979889918 -5.669336613048106 -4.2516606482009855 10.27558882524091 16.93453292313583 30.823128227164997 12.90011545521038 15.41313196169003 4.695198941547225 9.07165150827472 -3.6996598709448056 -0.7296271042198057 15.903531743884088 3.740176606378472 7.548222349990876 -2.064890612409851 1.557412873011419 17.435638453310656 -4.825088260222969 3.3080007832576364 -1.1444117413521404 -10.618323990963601 -8.46883469547391 -11.978612671436773 -2.92489364175033
26.81362725450902 6.740485041661497 -2.141343771537798 1.3337270065000517 -0.6341968050039348 -5.664533820063049 -4.246857855215929 10.280391618225984 16.939335716120887 30.827931020150064 12.904918248195454 15.417934754675105 4.7000017345322815 9.076454301259776 -3.694857077959731 -0.7248243112347488 15.908334536869145 3.7449793993635287 7.553025142975933 -2.060087819424794 1.5622156659964936 17.440441246295713 -4.8202854672379125 3.3128035762426933 -1.1396089483670835 -10.613521197978544 -8.464031902488854 -11.973809878451716 -2.9200908487652733
26.873747494989978 6.74526749295369 -2.136561320245587 1.3385094577922452 -0.6294143537117236 -5.659751368770856 -4.242075403923717 10.285174069518177 16.944118167413098 30.832713471442258 12.909700699487647 15.422717205967299 4.704784185824475 9.081236752551987 -3.6900746266675375 -0.7200418599425376 15.913116988161338 3.749761850655722 7.557807594268144 -2.0553053681326006 1.566998117288687 17.445223697587924 -4.815503015945719 3.3175860275349045 -1.13482649707489 -10.60873874668635 -8.45924945119666 -11.969027427159523 -2.91530839747308
26.93386773547094 6.750029889288349 -2.131798923910946 1.343271854126904 -0.6246519573770826 -5.654988972436197 -4.237313007589076 10.289936465852819 16.94888056374774 30.837475867776906 12.914463095822288 15.42747960230194 4.709546582159134 9.085999148886629 -3.6853122303328965 -0.7152794636078965 15.917879384495997 3.754524246990381 7.5625699906027855 -2.0505429717979418 1.5717605136233281 17.449986093922565 -4.81074061961106 3.3223484238695455 -1.1300641007402312 -10.603976350351692 -8.454487054862001 -11.964265030824864 -2.910546001138421
26.993987975951903 6.754772406513272 -2.127056406686023 1.3480143713518267 -0.6199094401521599 -5.650246455211274 -4.232570490364154 10.294678983077741 16.953623080972662 30.842218385001832 12.919205613047211 15.432222119526863 4.7142890993840565 9.090741666111551 -3.6805697131079738 -0.7105369463829738 15.92262190172092 3.7592667642153037 7.567312507827708 -2.045800454573019 1.5765030308482508 17.454728611147488 -4.805998102386138 3.3270909410944682 -1.1253215835153263 -10.59923383312677 -8.449744537637079 -11.959522513599941 -2.9058034839134983
27.054108216432866 6.7594952321028146 -2.1223335810964628 1.3527371969413693 -0.6151866145625995 -5.6455236296217315 -4.227847664774593 10.299401808667302 16.958345906562222 30.846941210591392 12.923928438636771 15.436944945116423 4.719011924973599 9.095464491701112 -3.6758468875184134 -0.7058141207934134 15.927344727310462 3.7639895898048463 7.5720353334172685 -2.0410776289834764 1.5812258564378112 17.459451436737048 -4.801275276796595 3.3318137666840286 -1.120598757925766 -10.594511007537227 -8.445021712047536 -11.954799688010398 -2.9010806583239557
27.11422845691383 6.76419873726525 -2.117630075934027 1.3574407021038049 -0.6104831094001817 -5.640820124459296 -4.223144159612158 10.304105313829737 16.96304941172464 30.851644715753817 12.928631943799207 15.441648450278858 4.723715430136035 9.10016799686353 -3.671143382355978 -0.7011106156309956 15.932048232472898 3.768693094967282 7.576738838579686 -2.036374123821041 1.5859293616002468 17.464154941899466 -4.796571771634159 3.3365172718464464 -1.1158952527633303 -10.589807502374791 -8.4403182068851 -11.950096182847963 -2.89637715316152
27.174348697394787 6.768882983602129 -2.112945829597148 1.3621249484406839 -0.6057988630632849 -5.636135878122417 -4.218459913275279 10.308789560166616 16.967733658061537 30.856328962090704 12.933316190136086 15.446332696615737 4.728399676472914 9.104852243200426 -3.666459136019099 -0.6964263692940988 15.936732478809777 3.7733773413041787 7.581423084916583 -2.031689877484162 1.5906136079371258 17.468839188236363 -4.79188752529728 3.341201518183343 -1.1112110064264513 -10.585123256037912 -8.435633960548222 -11.945411936511084 -2.891692906824641
27.23446893787575 6.7735482141173975 -2.10828059908188 1.36679017895597 -0.6011336325480165 -5.6314706476071485 -4.21379468276001 10.313454790681885 16.972398888576805 30.860994192605975 12.937981420651354 15.450997927131006 4.733064906988182 9.109517473715695 -3.6617939055038304 -0.6917611387788305 15.941397709325045 3.778042571819447 7.5860883154318515 -2.0270246469688935 1.5952788384523942 17.47350441875163 -4.787222294782012 3.3458667486986116 -1.106545775911183 -10.580458025522626 -8.430968730032935 -11.940746705995815 -2.8870276763093727
27.294589178356713 6.778194534802058 -2.1036342783972195 1.3714364996406125 -0.596487311863374 -5.626824326922488 -4.20914836207535 10.318101111366545 16.977045209261448 30.865640513290625 12.942627741336015 15.455644247815666 4.737711227672842 9.114163794400355 -3.65714758481917 -0.6871148180941702 15.946044030009705 3.7826888925040896 7.590734636116494 -2.022378326284233 1.5999251591370545 17.478150739436273 -4.782575974097352 3.350513069383254 -1.1018994552265227 -10.575811704837983 -8.426322409348293 -11.936100385311155 -2.8823813556247124
27.354709418837675 6.782822258235335 -2.0990065549639425 1.3760642230738895 -0.591859588430097 -5.622196603489211 -4.204520638642073 10.322728834799822 16.981672932694725 30.870268236723906 12.947255464769292 15.460271971248943 4.742338951106119 9.118791517833632 -3.652519861385893 -0.682487094660911 15.950671753442982 3.7873166159373666 7.595362359549771 -2.017750602850956 1.6045528825703315 17.48277846286955 -4.777948250664075 3.355140792816531 -1.0972717317932457 -10.571183981404706 -8.421694685915016 -11.931472661877878 -2.8777536321914354
27.414829659318634 6.78743156067199 -2.094397252527287 1.3806735255105451 -0.5872502859934237 -5.617587301052556 -4.1999113362054175 10.327338137236477 16.986282235131398 30.87487753916057 12.951864767205947 15.464881273685599 4.746948253542775 9.123400820270287 -3.6479105589492375 -0.6778777922242376 15.955281055879638 3.791925918374022 7.599971661986444 -2.0131413004143006 1.609162185006987 17.487387765306224 -4.773338948227419 3.3597500952532044 -1.09266242935659 -10.56657467896805 -8.41708538347836 -11.926863359441223 -2.87314432975478
27.474949899799597 6.792022691066872 -2.089806122132405 1.3852646559054271 -0.5826591555985416 -5.612996170657674 -4.195320205810535 10.33192926763136 16.99087336552628 30.879468669555447 12.95645589760083 15.46947240408048 4.751539383937657 9.12799195066517 -3.6433194285543555 -0.6732866618293556 15.95987218627452 3.796517048768904 7.604562792381326 -2.0085501700194186 1.613753315401869 17.491978895701106 -4.768747817832537 3.3643412256480865 -1.088071298961708 -10.561983548573169 -8.412494253083478 -11.92227222904634 -2.868553199359898
27.53507014028056 6.796595886015027 -2.0852329271842507 1.3898378508535991 -0.5780859606503874 -5.608422975709519 -4.190747010862381 10.336502462579514 16.995446560474434 30.884041864503605 12.961029092548983 15.474045599028635 4.756112578885811 9.132565145613324 -3.6387462336062013 -0.6687134668812014 15.964445381222674 3.801090243717076 7.609135987329481 -2.0039769750712644 1.6183265103500233 17.49655209064926 -4.764174622884383 3.3689144205962407 -1.0834981040135538 -10.557410353624997 -8.407921058135306 -11.917699034098186 -2.8639800044117436
27.595190380761522 6.801151297117087 -2.08067751608219 1.394393261955642 -0.5735305495483445 -5.603867564607459 -4.1861915997603205 10.341057873681574 17.000001971576477 30.88859727560565 12.965584503651044 15.478601010130696 4.760667989987872 9.137120556715367 -3.6341908225041406 -0.6641580557791584 15.969000792324735 3.805645654819119 7.6136913984315235 -1.9994215639692037 1.622881921452084 17.501107501751303 -4.759619211782322 3.3734698316982836 -1.0789426929114931 -10.552854942522954 -8.403365647033263 -11.913143622996126 -2.859424593309683
27.655310621242485 6.8056890952193605 -2.076139717979917 1.3989310600579152 -0.5689927514460535 -5.5993297665051855 -4.181653801658047 10.345595671783848 17.004539769678768 30.893135073707928 12.970122301753317 15.483138808232969 4.765205788090145 9.141658354817658 -3.6296530244018674 -0.6596202576768675 15.973538590427008 3.8101834529213923 7.618229196533797 -1.9948837658669305 1.6274197195543572 17.505645299853576 -4.755081413680049 3.378007629800557 -1.07440489480922 -10.54831714442068 -8.39882784893099 -11.908605824893852 -2.8548867952074097
