web/models/kne/21/mosfit_kn_0.001513_0.4217_10.0000.dat
# %ECSV 1.0
# ---
# datatype:
# - {name: time, datatype: float64}
# - {name: PS1_g, datatype: float64}
# - {name: PS1_i, datatype: float64}
# - {name: PS1_r, datatype: float64}
# - {name: PS1_w, datatype: float64}
# - {name: PS1_y, datatype: float64}
# - {name: PS1_z, datatype: float64}
# - {name: swift_uvot_B, datatype: float64}
# - {name: swift_uvot_U, datatype: float64}
# - {name: swift_uvot_uvm2, datatype: float64}
# - {name: swift_uvot_uvw1, datatype: float64}
# - {name: swift_uvot_uvw2, datatype: float64}
# - {name: swift_uvot_V, datatype: float64}
# - {name: johnson_B, datatype: float64}
# - {name: johnson_I, datatype: float64}
# - {name: johnson_R, datatype: float64}
# - {name: johnson_U, datatype: float64}
# - {name: johnson_V, datatype: float64}
# - {name: sdss_g, datatype: float64}
# - {name: sdss_i, datatype: float64}
# - {name: sdss_r, datatype: float64}
# - {name: sdss_u, datatype: float64}
# - {name: sdss_z, datatype: float64}
# - {name: ATLAS_c, datatype: float64}
# - {name: ATLAS_o, datatype: float64}
# - {name: ukirt_H, datatype: float64}
# - {name: ukirt_J, datatype: float64}
# - {name: ukirt_K, datatype: float64}
# - {name: Clear, datatype: float64}
# meta: !!omap
# - comment: [kappa = 10.0, type = rprocess, mass = 0.001513321957917195, velocity = 0.4216666666666667, theta_obs = 0.0, tfloor = 1000.0]
# schema: astropy-2.0
time PS1_g PS1_i PS1_r PS1_w PS1_y PS1_z swift_uvot_B swift_uvot_U swift_uvot_uvm2 swift_uvot_uvw1 swift_uvot_uvw2 swift_uvot_V johnson_B johnson_I johnson_R johnson_U johnson_V sdss_g sdss_i sdss_r sdss_u sdss_z ATLAS_c ATLAS_o ukirt_H ukirt_J ukirt_K Clear
[from data line 266]
16.052104208416832 16.218704718630157 7.33687590543088 10.811946683468712 8.844022871964743 3.813685856905611 5.231361821752749 19.758611295194644 26.417555393089557 40.30615069711874 22.383137925164114 24.896154431643765 14.178221411500942 18.554673978228454 5.783362599008929 8.75339536573393 25.38655421383781 13.223199076332206 17.03124481994461 7.418131857543866 11.040435342965154 26.918660923264383 4.6579342097307475 12.791023253211371 8.338610728601576 -1.1353015210098667 1.0141877744798058 -2.4955902014830555 6.558128828203387
16.112224448897795 16.236900965215852 7.355072152016557 10.830142930054407 8.86221911855042 3.8318821034913064 5.249558068338427 19.77680754178032 26.435751639675242 40.32434694370442 22.4013341717498 24.91435067822945 14.196417658086638 18.57287022481413 5.801558845594607 8.771591612319607 25.4047504604235 13.241395322917883 17.04944106653029 7.4363281041295615 11.05863158955085 26.936857169850068 4.676130456316443 12.809219499797049 8.356806975187272 -1.117105274424189 1.0323840210655013 -2.47739395489736 6.576325074789082
16.172344689378757 16.255036476177107 7.37320766297783 10.84827844101568 8.880354629511693 3.850017614452579 5.267693579299699 19.794943052741594 26.453887150636515 40.342482454665685 22.41946968271107 24.932486189190715 14.21455316904791 18.591005735775404 5.819694356555879 8.78972712328088 25.422885971384765 13.259530833879156 17.06757657749156 7.454463615090816 11.076767100512104 26.95499268081134 4.694265967277698 12.827355010758321 8.374942486148527 -1.0989697634629165 1.0505195320267737 -2.4592584439361054 6.594460585750355
16.23246492985972 16.273111635665707 7.391282822466412 10.866353600504262 8.898429789000275 3.868092773941161 5.285768738788281 19.813018212230176 26.471962310125097 40.36055761415428 22.437544842199653 24.950561348679305 14.232628328536492 18.609080895263986 5.837769516044479 8.807802282769462 25.440961130873355 13.277605993367738 17.085651736980143 7.472538774579416 11.094842260000704 26.973067840299922 4.712341126766297 12.845430170246903 8.393017645637126 -1.0808946039743346 1.0685946915153557 -2.4411832844475057 6.612535745238937
16.29258517034068 16.291126822986755 7.409298009787477 10.884368787825327 8.91644497632134 3.8861079612622262 5.303783926109347 19.83103339955124 26.489977497446162 40.378572801475336 22.45556002952071 24.968576536000363 14.250643515857558 18.62709608258505 5.855784703365527 8.825817470090527 25.45897631819441 13.295621180688803 17.10366692430121 7.4905539619004635 11.112857447321751 26.991083027620988 4.730356314087345 12.863445357567969 8.411032832958174 -1.0628794166532691 1.0866098788364211 -2.423168097126458 6.630550932559984
16.352705410821642 16.309082415570302 7.4272536023710245 10.902324380408874 8.934400568904888 3.9040635538457735 5.321739518692894 19.84898899213479 26.50793309002971 40.39652839405888 22.47351562210427 24.98653212858392 14.268599108441105 18.6450516751686 5.873740295949074 8.843773062674074 25.476931910777957 13.31357677327235 17.121622516884756 7.508509554484011 11.130813039905298 27.009038620204535 4.748311906670892 12.881400950151516 8.428988425541721 -1.0449238240697218 1.1045654714199684 -2.4052125045429107 6.648506525143549
16.412825651302605 16.326978779266188 7.445149966066893 10.920220744104743 8.952296932600756 3.921959917541642 5.339635882388762 19.866885355830657 26.525829453725578 40.41442475775475 22.491411985800138 25.00442849227979 14.286495472136973 18.662948038864467 5.891636659644942 8.861669426369943 25.494828274473836 13.331473136968219 17.139518880580624 7.526405918179897 11.148709403601167 27.026934983900404 4.7662082703667785 12.899297313847384 8.446884789237608 -1.0270274603738534 1.1224618351158369 -2.3873161408470245 6.666402888839418
16.472945891783567 16.344816285082135 7.462987471882858 10.938058249920708 8.970134438416721 3.939797423357607 5.357473388204728 19.884722861646623 26.543666959541543 40.43226226357071 22.5092494916161 25.02226599809575 14.304332977952939 18.680785544680433 5.9094741654609075 8.879506932185908 25.512665780289794 13.349310642784184 17.15735638639659 7.5442434239958445 11.166546909417132 27.04477248971637 4.784045776182726 12.91713481966335 8.464722295053555 -1.0091899545578882 1.140299340931802 -2.369478635031077 6.684240394655383
16.53306613226453 16.362595303247307 7.48076649004803 10.955837268085862 8.987913456581893 3.957576441522761 5.375252406369899 19.902501879811794 26.561445977706704 40.45004128173588 22.527028509781264 25.040045016260915 14.322111996118092 18.698564562845604 5.927253183626079 8.89728595035108 25.530444798454955 13.367089660949338 17.175135404561743 7.562022442161016 11.184325927582304 27.06255150788153 4.8018247943478976 12.934913837828503 8.482501313218727 -0.9914109363927344 1.158078359096956 -2.3516996168659055 6.702019412820537
16.59318637274549 16.380316199363847 7.49848738616457 10.97355816420242 9.005634352698433 3.9752973376393186 5.392973302486439 19.920222775928334 26.579166873823254 40.46776217785243 22.544749405897814 25.057765912377455 14.33983289223465 18.716285458962144 5.944974079742619 8.91500684646762 25.5481656945715 13.384810557065896 17.1928563006783 7.579743338277556 11.202046823698844 27.08027240399808 4.819545690464437 12.952634733945061 8.500222209335266 -0.9736900402761768 1.1757992552135135 -2.3339787207493656 6.719740308937077
16.65330661322645 16.39797933107479 7.516150517875513 10.991221295913345 9.023297484409376 3.992960469350244 5.410636434197382 19.937885907639277 26.596830005534187 40.48542530956337 22.562412537608747 25.0754290440884 14.357496023945576 18.733948590673087 5.962637211453562 8.932669978178563 25.56582882628245 13.402473688776821 17.210519432389244 7.597406469988499 11.219709955409787 27.097935535709013 4.837208822175381 12.970297865656004 8.51788534104621 -0.9560269085652513 1.193462386924439 -2.3163155890384224 6.73740344064802
16.713426853707414 16.415585053390167 7.53375624019089 11.008827018228722 9.040903206724753 4.010566191665621 5.428242156512759 19.955491629954654 26.614435727849568 40.50303103187875 22.580018259924124 25.093034766403775 14.375101746260952 18.751554312988464 5.980242933768939 8.95027570049394 25.583434548597822 13.420079411092198 17.22812515470462 7.615012192303876 11.237315677725164 27.115541258024393 4.8548145444907576 12.987903587971381 8.535491063361587 -0.9384211862498744 1.211068109239816 -2.2987098667230454 6.755009162963397
16.773547094188377 16.43313371676383 7.551304903564553 11.026375681602403 9.058451870098416 4.028114855039302 5.445790819886422 19.973040293328317 26.631984391223238 40.52057969525241 22.597566923297794 25.110583429777446 14.392650409634633 18.769102976362127 5.997791597142602 8.967824363867603 25.60098321197149 13.437628074465879 17.245673818078284 7.632560855677539 11.254864341098827 27.133089921398064 4.872363207864421 13.005452251345044 8.55303972673525 -0.9208725228761934 1.2286167726134969 -2.281161203349382 6.772557826337078
16.83366733466934 16.450625675778507 7.56879686257923 11.043867640617062 9.075943829113093 4.045606814053961 5.4632827789011 19.990532252342994 26.649476350237904 40.538071654267085 22.615058882312464 25.128075388792116 14.410142368649293 18.786594935376804 6.0152835561572795 8.98531632288228 25.618475170986166 13.455120033480556 17.26316577709296 7.650052814692216 11.272356300113504 27.15058188041273 4.889855166879098 13.022944210359721 8.570531685749927 -0.903380563861534 1.2461087316281563 -2.263669244334705 6.790049785351737
16.8937875751503 16.468061280456183 7.586232467256906 11.061303245294738 9.093379433790751 4.063042418731637 5.480718383578775 20.00796785702067 26.666911954915584 40.55550725894475 22.63249448699014 25.14551099346978 14.427577973326969 18.80403054005448 6.032719160834955 9.002751927559938 25.63591077566383 13.472555638158214 17.28060138177062 7.667488419369892 11.28979190479118 27.16801748509041 4.907290771556774 13.04037981503738 8.587967290427603 -0.8859449591838582 1.263544336305832 -2.2462336396570293 6.807485390029413
16.95390781563126 16.485440875642148 7.6036120624428705 11.07868284048072 9.110759028976734 4.0804220139176195 5.49809797876474 20.025347452206635 26.684291550101555 40.57288685413073 22.649874082176115 25.162890588655767 14.444957568512951 18.821410135240445 6.05009875602092 9.02013152274592 25.653290370849803 13.489935233344196 17.2979809769566 7.684868014555857 11.307171499977144 27.18539708027638 4.924670366742738 13.057759410223362 8.605346885613567 -0.8685653639978759 1.2809239314918144 -2.2288540444710647 6.824864985215395
17.014028056112224 16.502764800045355 7.620935986846078 11.09600676488391 9.128082953379923 4.097745938320809 5.5154219031679474 20.042671376609842 26.701615474504756 40.59021077853392 22.667198006579312 25.180214513058964 14.46228149291614 18.838734059643652 6.067422680424127 9.03745544714911 25.670614295253003 13.507259157747386 17.31530490135979 7.702191938959064 11.324495424380352 27.20272100467958 4.941994291145946 13.075083334626552 8.622670810016775 -0.8512414395946861 1.2982478558950041 -2.211530120067857 6.842188909618585
17.074148296593187 16.520033390598403 7.638204577399126 11.113275355436976 9.145351543932989 4.115014528873875 5.532690493720995 20.05993996716289 26.71888406505781 40.60747936908698 22.684466597132367 25.19748310361202 14.479550083469206 18.8560026501967 6.084691270977175 9.054724037702176 25.68788288580606 13.524527748300452 17.332573491912857 7.719460529512112 11.3417640149334 27.219989595232637 4.959262881698994 13.092351925179617 8.639939400569823 -0.8339728490416205 1.3155164464480698 -2.1942615295148094 6.859457500171651
17.13426853707415 16.537246986456555 7.655418173257278 11.130488951295128 9.162565139791141 4.132228124732027 5.549904089579147 20.077153563021042 26.736097660915963 40.62469296494513 22.70168019299052 25.21469669947017 14.496763679327358 18.873216246054852 6.101904866835327 9.071937633560328 25.705096481664214 13.541741344158604 17.34978708777101 7.736674125370282 11.358977610791552 27.23720319109079 4.9764764775571635 13.10956552103777 8.657152996427975 -0.8167592531834684 1.3327300423062218 -2.1770479336566395 6.876671096029803
17.19438877755511 16.554405921484143 7.672577108284866 11.147647886322698 9.17972407481873 4.149387059759597 5.567063024606735 20.09431249804863 26.75325659594354 40.641851899972714 22.7188391280181 25.23185563449775 14.513922614354929 18.89037518108244 6.119063801862915 9.089096568587916 25.7222554166918 13.558900279186174 17.36694602279858 7.753833060397852 11.37613654581914 27.254362126118366 4.993635412584734 13.126724456065357 8.674311931455563 -0.7996003181558982 1.349888977333792 -2.1598889986290692 6.893830031057373
17.25450901803607 16.571510524072828 7.689681710873533 11.164752488911382 9.196828677407396 4.166491662348282 5.584167627195402 20.111417100637315 26.770361198532218 40.6589565025614 22.735943730606774 25.248960237086425 14.531027216943613 18.907479783671107 6.1361684044516 9.106201171176583 25.739360019280475 13.576004881774859 17.384050625387264 7.770937662986537 11.393241148407824 27.271466728707043 5.010740015173418 13.143829058654024 8.691416534044247 -0.7824957155672136 1.3669935799224766 -2.1427843960403847 6.9109346336460575
17.314629258517034 16.588561122729253 7.706732309529976 11.181803087567808 9.213879276063821 4.183542261004707 5.601218225851845 20.12846769929374 26.787411797188653 40.67600710121783 22.75299432926321 25.26601083574286 14.548077815600038 18.92453038232755 6.153219003108025 9.123251769833026 25.7564106179369 13.593055480431284 17.40110122404369 7.787988261642962 11.41029174706425 27.28851732736348 5.027790613829843 13.16087965731045 8.708467132700672 -0.7654451169107885 1.3840441785789017 -2.1257337973839596 6.927985232302483
17.374749498997996 16.60555804330775 7.7237292301084715 11.198800008146321 9.230876196642335 4.200539181583203 5.618215146430341 20.145464619872236 26.804408717767146 40.69300402179633 22.769991249841706 25.283007756321357 14.565074736178534 18.941527302906046 6.170215923686521 9.140248690411521 25.773407538515407 13.610052401009797 17.418098144622203 7.804985182221458 11.427288667642745 27.30551424794197 5.044787534408339 13.177876577888963 8.725464053279168 -0.7484481963322749 1.4010410991573976 -2.1087368768054637 6.9449821528809785
17.43486973947896 16.62250160355283 7.740672790353553 11.215743568391403 9.247819756887417 4.217482741828302 5.635158706675423 20.162408180117318 26.821352278012238 40.70994758204141 22.786934810086795 25.299951316566446 14.582018296423634 18.958470863151128 6.187159483931603 9.157192250656603 25.79035109876049 13.62699596125488 17.435041704867285 7.82192874246654 11.444232227887827 27.322457808187064 5.061731094653421 13.194820138134045 8.74240761352425 -0.7315046360871931 1.4179846594024972 -2.091793316560382 6.961925713126078
17.494989979959918 16.639392125184624 7.757563311985329 11.23263409002318 9.264710278519193 4.234373263460078 5.652049228307199 20.179298701749094 26.838242799644014 40.72683810367319 22.803825331718574 25.316841838198226 14.59890881805541 18.975361384782904 6.204050005563379 9.17408277228838 25.807241620392272 13.643886482886655 17.45193222649906 7.838819264098333 11.461122749519603 27.33934832981884 5.078621616285215 13.21171065976582 8.759298135156044 -0.714614114455417 1.4348751810342733 -2.074902794928588 6.978816234757854
17.55511022044088 16.656229924719046 7.774401111519769 11.249471889557618 9.281548078053632 4.251211062994518 5.668887027841638 20.196136501283533 26.855080599178454 40.743675903207624 22.82066313125301 25.33367963773266 14.61574661758985 18.992199184317343 6.220887805097818 9.190920571822819 25.824079419926704 13.660724282421095 17.4687700260335 7.855657063632755 11.477960549054043 27.35618612935328 5.095459415819654 13.22854845930026 8.776135934690465 -0.6977763149209777 1.4517129805687126 -2.0580649953941488 6.9956540342922935
17.615230460921843 16.673015318479774 7.791186505280496 11.266257283318346 9.29833347181436 4.267996456755245 5.685672421602366 20.21292189504426 26.87186599293918 40.76046129696835 22.837448525013738 25.35046503149339 14.632532011350577 19.00898457807807 6.237673198858546 9.207705965583546 25.840864813687432 13.677509676181822 17.485555419794228 7.8724424573935 11.49474594281477 27.372971523114007 5.112244809580382 13.245333853060988 8.792921328451193 -0.6809909211602501 1.4684983743294402 -2.041279601633421 7.012439428053021
17.675350701402806 16.689748616248554 7.807919803049277 11.282990581087127 9.31506676958314 4.284729754524026 5.702405719371146 20.22965519281304 26.888599290707962 40.77719459473713 22.85418182278251 25.367198329262163 14.649265309119357 19.02571787584685 6.254406496627326 9.224439263352327 25.857598111456213 13.694242973950603 17.502288717563008 7.889175755162263 11.51147924058355 27.389704820882788 5.128978107349145 13.262067150829768 8.809654626219974 -0.6642576233914694 1.4852316720982208 -2.0245463038646583 7.029172725821784
17.73547094188377 16.706430125318583 7.824601312119306 11.299672090157138 9.33174827865317 4.301411263594037 5.719087228441175 20.24633670188307 26.905280799777984 40.79387610380716 22.87086333185254 25.38387983833219 14.665946818189369 19.04239938491688 6.271088005697355 9.241120772422356 25.874279620526238 13.710924483020614 17.51897022663302 7.905857264232292 11.52816074965358 27.40638632995281 5.145659616419174 13.278748659899797 8.826336135290003 -0.6475761143214582 1.501913181168232 -2.0078647947946293 7.045854234891813
