web/models/kne/21/villar_0.2183_0.0770_1.0000.dat
# %ECSV 1.0
# ---
# datatype:
# - {name: time, datatype: float64}
# - {name: swift_uvot_uvw2, datatype: float64}
# - {name: swift_uvot_uvm2, datatype: float64}
# - {name: swift_uvot_uvw1, datatype: float64}
# - {name: swift_uvot_U, datatype: float64}
# - {name: swift_uvot_B, datatype: float64}
# - {name: swift_uvot_V, datatype: float64}
# - {name: swift_uvot_W, datatype: float64}
# - {name: johnson_U, datatype: float64}
# - {name: johnson_B, datatype: float64}
# - {name: johnson_V, datatype: float64}
# - {name: johnson_R, datatype: float64}
# - {name: johnson_I, datatype: float64}
# - {name: sdss_u, datatype: float64}
# - {name: sdss_g, datatype: float64}
# - {name: sdss_r, datatype: float64}
# - {name: sdss_i, datatype: float64}
# - {name: sdss_z, datatype: float64}
# - {name: PS1_g, datatype: float64}
# - {name: PS1_r, datatype: float64}
# - {name: PS1_i, datatype: float64}
# - {name: PS1_z, datatype: float64}
# - {name: PS1_Y, datatype: float64}
# - {name: PS1_w, datatype: float64}
# - {name: ATLAS_c, datatype: float64}
# - {name: ATLAS_o, datatype: float64}
# - {name: ukirt_J, datatype: float64}
# - {name: ukirt_H, datatype: float64}
# - {name: ukirt_K, datatype: float64}
# - {name: Clear, datatype: float64}
# meta: !!omap
# - comment: [kappa = 1.0, type = villar, mass = 0.21832694463104688, velocity = 0.07700000000000001, theta_obs = 0.0]
# schema: astropy-2.0
time swift_uvot_uvw2 swift_uvot_uvm2 swift_uvot_uvw1 swift_uvot_U swift_uvot_B swift_uvot_V swift_uvot_W johnson_U johnson_B johnson_V johnson_R johnson_I sdss_u sdss_g sdss_r sdss_i sdss_z PS1_g PS1_r PS1_i PS1_z PS1_Y PS1_w ATLAS_c ATLAS_o ukirt_J ukirt_H ukirt_K Clear
[from data line 217]
0.642731 -14.411 -14.592 -14.728 -14.921 -14.867 -14.711 -14.709 -14.92 -14.864 -14.703 -14.469 -14.156 -14.923 -14.822 -14.584 -14.354 -14.11 -14.815 -14.596 -14.366 -14.185 -14.103 -14.591 -14.732 -14.488 -13.571 -13.098 -12.528 -14.619
0.66217 -14.422 -14.608 -14.75 -14.952 -14.904 -14.752 -14.735 -14.953 -14.901 -14.744 -14.513 -14.202 -14.955 -14.86 -14.627 -14.399 -14.156 -14.853 -14.638 -14.41 -14.231 -14.149 -14.633 -14.772 -14.531 -13.62 -13.148 -12.579 -14.66
0.682197 -14.433 -14.623 -14.771 -14.983 -14.94 -14.793 -14.761 -14.985 -14.937 -14.785 -14.557 -14.249 -14.987 -14.898 -14.669 -14.444 -14.203 -14.892 -14.68 -14.455 -14.277 -14.195 -14.674 -14.812 -14.575 -13.669 -13.198 -12.63 -14.701
0.70283 -14.443 -14.638 -14.791 -15.014 -14.977 -14.833 -14.786 -15.016 -14.974 -14.826 -14.6 -14.295 -15.019 -14.936 -14.712 -14.488 -14.249 -14.93 -14.723 -14.499 -14.323 -14.24 -14.716 -14.852 -14.618 -13.717 -13.248 -12.681 -14.741
0.724086 -14.453 -14.653 -14.811 -15.045 -15.013 -14.874 -14.812 -15.048 -15.01 -14.866 -14.644 -14.34 -15.05 -14.973 -14.754 -14.533 -14.296 -14.968 -14.765 -14.544 -14.368 -14.286 -14.757 -14.891 -14.661 -13.766 -13.298 -12.732 -14.782
0.745986 -14.462 -14.667 -14.831 -15.075 -15.048 -14.914 -14.837 -15.079 -15.046 -14.906 -14.687 -14.386 -15.081 -15.011 -14.796 -14.577 -14.342 -15.006 -14.807 -14.588 -14.414 -14.332 -14.798 -14.93 -14.704 -13.815 -13.348 -12.783 -14.822
0.768548 -14.471 -14.68 -14.85 -15.105 -15.084 -14.954 -14.861 -15.11 -15.081 -14.946 -14.73 -14.432 -15.112 -15.048 -14.838 -14.622 -14.388 -15.044 -14.848 -14.632 -14.459 -14.377 -14.839 -14.97 -14.747 -13.863 -13.398 -12.834 -14.862
0.791792 -14.479 -14.693 -14.869 -15.134 -15.119 -14.993 -14.886 -15.14 -15.117 -14.986 -14.773 -14.477 -15.142 -15.085 -14.88 -14.666 -14.434 -15.081 -14.89 -14.676 -14.504 -14.422 -14.88 -15.008 -14.79 -13.912 -13.448 -12.885 -14.902
0.815739 -14.486 -14.705 -14.887 -15.163 -15.154 -15.033 -14.91 -15.17 -15.152 -15.026 -14.815 -14.523 -15.172 -15.121 -14.921 -14.71 -14.479 -15.118 -14.931 -14.72 -14.549 -14.468 -14.921 -15.047 -14.832 -13.96 -13.497 -12.936 -14.942
0.840411 -14.493 -14.717 -14.905 -15.192 -15.189 -15.072 -14.934 -15.2 -15.186 -15.065 -14.858 -14.568 -15.201 -15.158 -14.962 -14.754 -14.525 -15.155 -14.972 -14.764 -14.594 -14.513 -14.961 -15.085 -14.874 -14.008 -13.547 -12.987 -14.982
0.865828 -14.499 -14.727 -14.922 -15.22 -15.224 -15.111 -14.957 -15.229 -15.221 -15.104 -14.9 -14.613 -15.23 -15.194 -15.004 -14.797 -14.571 -15.192 -15.013 -14.807 -14.639 -14.558 -15.001 -15.124 -14.917 -14.056 -13.597 -13.038 -15.021
0.892015 -14.505 -14.738 -14.939 -15.248 -15.258 -15.15 -14.98 -15.258 -15.255 -15.143 -14.942 -14.658 -15.259 -15.23 -15.044 -14.841 -14.616 -15.228 -15.054 -14.851 -14.684 -14.603 -15.041 -15.162 -14.959 -14.104 -13.646 -13.088 -15.06
0.918993 -14.51 -14.748 -14.955 -15.275 -15.292 -15.189 -15.003 -15.287 -15.289 -15.182 -14.984 -14.703 -15.288 -15.265 -15.085 -14.884 -14.661 -15.264 -15.095 -14.894 -14.729 -14.648 -15.081 -15.199 -15.0 -14.152 -13.696 -13.139 -15.099
0.946787 -14.514 -14.757 -14.97 -15.303 -15.325 -15.227 -15.026 -15.315 -15.323 -15.22 -15.026 -14.748 -15.316 -15.3 -15.126 -14.928 -14.706 -15.3 -15.135 -14.937 -14.773 -14.692 -15.12 -15.237 -15.042 -14.2 -13.745 -13.189 -15.138
0.975422 -14.518 -14.765 -14.986 -15.329 -15.358 -15.265 -15.048 -15.343 -15.356 -15.259 -15.068 -14.792 -15.343 -15.335 -15.166 -14.971 -14.751 -15.335 -15.175 -14.98 -14.817 -14.737 -15.16 -15.274 -15.083 -14.248 -13.794 -13.24 -15.176
1.004923 -14.521 -14.773 -15.0 -15.356 -15.391 -15.303 -15.07 -15.371 -15.389 -15.297 -15.109 -14.837 -15.371 -15.37 -15.206 -15.013 -14.796 -15.371 -15.215 -15.023 -14.862 -14.781 -15.199 -15.311 -15.125 -14.296 -13.843 -13.29 -15.214
1.035317 -14.524 -14.78 -15.014 -15.381 -15.424 -15.341 -15.091 -15.398 -15.422 -15.334 -15.151 -14.881 -15.397 -15.404 -15.246 -15.056 -14.841 -15.406 -15.255 -15.065 -14.906 -14.826 -15.238 -15.348 -15.166 -14.343 -13.892 -13.341 -15.252
1.066629 -14.525 -14.787 -15.028 -15.407 -15.456 -15.378 -15.112 -15.424 -15.454 -15.372 -15.192 -14.925 -15.424 -15.438 -15.286 -15.099 -14.886 -15.44 -15.295 -15.108 -14.95 -14.87 -15.277 -15.384 -15.206 -14.391 -13.941 -13.391 -15.29
1.098888 -14.527 -14.792 -15.041 -15.432 -15.488 -15.415 -15.133 -15.451 -15.486 -15.409 -15.232 -14.969 -15.45 -15.472 -15.325 -15.141 -14.93 -15.475 -15.334 -15.15 -14.993 -14.914 -15.315 -15.42 -15.247 -14.438 -13.99 -13.441 -15.328
1.132124 -14.527 -14.798 -15.053 -15.456 -15.52 -15.452 -15.154 -15.476 -15.517 -15.446 -15.273 -15.013 -15.475 -15.506 -15.364 -15.183 -14.974 -15.509 -15.373 -15.192 -15.037 -14.958 -15.353 -15.456 -15.287 -14.485 -14.039 -13.491 -15.365
1.166364 -14.527 -14.802 -15.065 -15.481 -15.551 -15.488 -15.174 -15.502 -15.549 -15.483 -15.313 -15.057 -15.5 -15.539 -15.403 -15.225 -15.018 -15.543 -15.412 -15.234 -15.08 -15.002 -15.391 -15.492 -15.328 -14.532 -14.088 -13.541 -15.402
1.20164 -14.526 -14.805 -15.076 -15.504 -15.582 -15.525 -15.193 -15.527 -15.58 -15.519 -15.354 -15.1 -15.525 -15.571 -15.442 -15.267 -15.062 -15.576 -15.451 -15.275 -15.124 -15.046 -15.429 -15.527 -15.368 -14.579 -14.137 -13.591 -15.439
1.237983 -14.524 -14.808 -15.086 -15.527 -15.612 -15.561 -15.213 -15.551 -15.61 -15.555 -15.394 -15.143 -15.549 -15.604 -15.48 -15.308 -15.106 -15.609 -15.489 -15.317 -15.167 -15.09 -15.466 -15.562 -15.407 -14.626 -14.185 -13.641 -15.475
1.275425 -14.521 -14.81 -15.096 -15.55 -15.642 -15.596 -15.232 -15.575 -15.64 -15.591 -15.433 -15.187 -15.573 -15.636 -15.518 -15.35 -15.149 -15.642 -15.527 -15.358 -15.21 -15.133 -15.504 -15.597 -15.447 -14.673 -14.234 -13.691 -15.512
1.313999 -14.518 -14.812 -15.105 -15.572 -15.672 -15.632 -15.25 -15.598 -15.67 -15.626 -15.473 -15.229 -15.596 -15.668 -15.556 -15.391 -15.193 -15.674 -15.565 -15.399 -15.252 -15.176 -15.54 -15.631 -15.486 -14.72 -14.282 -13.741 -15.548
1.35374 -14.514 -14.812 -15.114 -15.594 -15.701 -15.667 -15.268 -15.621 -15.699 -15.661 -15.512 -15.272 -15.619 -15.699 -15.594 -15.432 -15.236 -15.707 -15.602 -15.44 -15.295 -15.22 -15.577 -15.665 -15.525 -14.766 -14.33 -13.791 -15.583
1.394683 -14.509 -14.812 -15.122 -15.615 -15.73 -15.701 -15.286 -15.644 -15.728 -15.696 -15.551 -15.315 -15.641 -15.73 -15.631 -15.472 -15.279 -15.738 -15.64 -15.48 -15.337 -15.263 -15.613 -15.699 -15.564 -14.813 -14.378 -13.84 -15.619
1.436864 -14.503 -14.81 -15.129 -15.635 -15.758 -15.736 -15.303 -15.666 -15.757 -15.731 -15.59 -15.357 -15.662 -15.76 -15.668 -15.513 -15.322 -15.77 -15.677 -15.521 -15.38 -15.305 -15.65 -15.732 -15.602 -14.859 -14.426 -13.89 -15.654
1.480321 -14.496 -14.808 -15.135 -15.655 -15.786 -15.77 -15.32 -15.687 -15.785 -15.765 -15.628 -15.399 -15.683 -15.79 -15.705 -15.553 -15.365 -15.8 -15.713 -15.561 -15.422 -15.348 -15.685 -15.765 -15.64 -14.905 -14.474 -13.939 -15.689
1.525092 -14.489 -14.805 -15.141 -15.674 -15.814 -15.804 -15.336 -15.708 -15.812 -15.799 -15.666 -15.441 -15.704 -15.82 -15.742 -15.593 -15.407 -15.831 -15.75 -15.601 -15.463 -15.391 -15.721 -15.798 -15.678 -14.951 -14.522 -13.988 -15.723
1.571218 -14.481 -14.801 -15.146 -15.693 -15.841 -15.837 -15.352 -15.728 -15.839 -15.832 -15.704 -15.483 -15.724 -15.85 -15.778 -15.632 -15.449 -15.861 -15.786 -15.64 -15.505 -15.433 -15.756 -15.83 -15.716 -14.996 -14.57 -14.038 -15.757
1.618738 -14.471 -14.796 -15.15 -15.711 -15.867 -15.87 -15.368 -15.747 -15.866 -15.865 -15.742 -15.524 -15.743 -15.878 -15.813 -15.672 -15.491 -15.891 -15.822 -15.68 -15.546 -15.475 -15.791 -15.862 -15.753 -15.042 -14.617 -14.087 -15.791
1.667696 -14.461 -14.791 -15.153 -15.729 -15.894 -15.902 -15.383 -15.767 -15.892 -15.898 -15.779 -15.565 -15.762 -15.907 -15.849 -15.711 -15.533 -15.92 -15.857 -15.719 -15.587 -15.517 -15.825 -15.893 -15.79 -15.088 -14.665 -14.136 -15.825
1.718134 -14.45 -14.784 -15.156 -15.746 -15.919 -15.934 -15.397 -15.785 -15.918 -15.93 -15.816 -15.606 -15.78 -15.935 -15.884 -15.75 -15.574 -15.949 -15.892 -15.757 -15.628 -15.559 -15.859 -15.924 -15.827 -15.133 -14.712 -14.185 -15.858
1.770098 -14.438 -14.776 -15.158 -15.762 -15.944 -15.966 -15.411 -15.803 -15.943 -15.962 -15.853 -15.647 -15.797 -15.962 -15.919 -15.788 -15.616 -15.977 -15.927 -15.796 -15.669 -15.6 -15.893 -15.955 -15.863 -15.178 -14.759 -14.233 -15.89
1.823633 -14.425 -14.767 -15.159 -15.777 -15.969 -15.998 -15.425 -15.82 -15.968 -15.994 -15.889 -15.687 -15.814 -15.989 -15.953 -15.827 -15.657 -16.005 -15.961 -15.834 -15.709 -15.642 -15.926 -15.985 -15.899 -15.223 -14.806 -14.282 -15.923
1.878788 -14.411 -14.757 -15.158 -15.792 -15.993 -16.028 -15.438 -15.836 -15.992 -16.025 -15.925 -15.728 -15.83 -16.016 -15.987 -15.865 -15.697 -16.033 -15.995 -15.872 -15.749 -15.683 -15.959 -16.015 -15.935 -15.268 -14.853 -14.331 -15.955
1.93561 -14.396 -14.746 -15.157 -15.806 -16.016 -16.059 -15.45 -15.852 -16.015 -16.055 -15.961 -15.768 -15.845 -16.041 -16.021 -15.902 -15.738 -16.06 -16.029 -15.91 -15.789 -15.723 -15.992 -16.044 -15.97 -15.312 -14.9 -14.379 -15.987
1.994152 -14.38 -14.733 -15.156 -15.819 -16.039 -16.089 -15.462 -15.867 -16.038 -16.085 -15.996 -15.807 -15.86 -16.067 -16.054 -15.939 -15.778 -16.086 -16.062 -15.947 -15.829 -15.764 -16.024 -16.073 -16.005 -15.356 -14.946 -14.427 -16.018
2.054463 -14.363 -14.72 -15.153 -15.832 -16.061 -16.118 -15.473 -15.881 -16.06 -16.115 -16.031 -15.847 -15.873 -16.092 -16.087 -15.976 -15.818 -16.112 -16.095 -15.984 -15.868 -15.804 -16.056 -16.101 -16.04 -15.401 -14.993 -14.476 -16.049
2.116599 -14.344 -14.705 -15.149 -15.844 -16.083 -16.147 -15.484 -15.894 -16.082 -16.144 -16.065 -15.886 -15.886 -16.116 -16.119 -16.013 -15.858 -16.137 -16.127 -16.021 -15.907 -15.845 -16.088 -16.129 -16.074 -15.444 -15.039 -14.524 -16.079
2.180614 -14.325 -14.689 -15.144 -15.855 -16.103 -16.176 -15.494 -15.907 -16.103 -16.173 -16.099 -15.924 -15.899 -16.14 -16.151 -16.049 -15.897 -16.162 -16.159 -16.057 -15.946 -15.884 -16.118 -16.156 -16.108 -15.488 -15.085 -14.572 -16.109
2.246566 -14.304 -14.672 -15.138 -15.865 -16.124 -16.204 -15.503 -15.919 -16.123 -16.201 -16.133 -15.963 -15.91 -16.163 -16.183 -16.085 -15.936 -16.186 -16.19 -16.093 -15.984 -15.924 -16.149 -16.183 -16.141 -15.532 -15.131 -14.619 -16.138
2.314511 -14.282 -14.653 -15.131 -15.874 -16.143 -16.231 -15.512 -15.93 -16.143 -16.228 -16.166 -16.001 -15.921 -16.185 -16.214 -16.121 -15.975 -16.209 -16.221 -16.128 -16.022 -15.963 -16.179 -16.209 -16.174 -15.575 -15.176 -14.667 -16.167
2.384512 -14.259 -14.633 -15.123 -15.882 -16.162 -16.258 -15.52 -15.94 -16.162 -16.255 -16.199 -16.038 -15.93 -16.207 -16.244 -16.156 -16.013 -16.232 -16.252 -16.163 -16.06 -16.002 -16.208 -16.235 -16.206 -15.618 -15.222 -14.714 -16.196
2.45663 -14.234 -14.612 -15.113 -15.889 -16.18 -16.284 -15.528 -15.949 -16.18 -16.282 -16.232 -16.076 -15.939 -16.228 -16.274 -16.19 -16.051 -16.255 -16.282 -16.198 -16.097 -16.041 -16.237 -16.26 -16.238 -15.661 -15.267 -14.762 -16.224
2.530929 -14.209 -14.589 -15.103 -15.895 -16.197 -16.31 -15.534 -15.957 -16.197 -16.308 -16.263 -16.113 -15.946 -16.248 -16.304 -16.225 -16.089 -16.276 -16.311 -16.232 -16.134 -16.079 -16.266 -16.284 -16.27 -15.703 -15.312 -14.809 -16.251
2.607475 -14.182 -14.564 -15.091 -15.901 -16.214 -16.335 -15.54 -15.964 -16.214 -16.333 -16.295 -16.149 -15.953 -16.268 -16.332 -16.258 -16.126 -16.297 -16.34 -16.266 -16.171 -16.117 -16.294 -16.308 -16.301 -15.745 -15.357 -14.856 -16.278
2.686337 -14.153 -14.538 -15.078 -15.905 -16.229 -16.359 -15.545 -15.971 -16.23 -16.357 -16.326 -16.185 -15.959 -16.286 -16.361 -16.292 -16.163 -16.317 -16.368 -16.299 -16.207 -16.155 -16.321 -16.331 -16.331 -15.787 -15.401 -14.902 -16.304
2.767583 -14.123 -14.511 -15.063 -15.908 -16.244 -16.383 -15.55 -15.976 -16.245 -16.381 -16.356 -16.221 -15.963 -16.304 -16.388 -16.324 -16.199 -16.336 -16.396 -16.332 -16.243 -16.192 -16.348 -16.353 -16.361 -15.829 -15.446 -14.949 -16.33
2.851287 -14.092 -14.481 -15.047 -15.91 -16.258 -16.405 -15.553 -15.98 -16.259 -16.404 -16.386 -16.256 -15.967 -16.321 -16.416 -16.357 -16.235 -16.355 -16.423 -16.364 -16.278 -16.229 -16.374 -16.375 -16.39 -15.87 -15.49 -14.995 -16.355
2.937522 -14.059 -14.45 -15.03 -15.91 -16.271 -16.428 -15.556 -15.983 -16.272 -16.427 -16.415 -16.291 -15.969 -16.338 -16.442 -16.388 -16.271 -16.372 -16.45 -16.396 -16.313 -16.265 -16.399 -16.396 -16.419 -15.911 -15.533 -15.041 -16.379
3.026365 -14.024 -14.417 -15.011 -15.91 -16.283 -16.449 -15.558 -15.984 -16.284 -16.448 -16.443 -16.325 -15.97 -16.353 -16.468 -16.42 -16.306 -16.389 -16.476 -16.427 -16.347 -16.301 -16.424 -16.416 -16.447 -15.951 -15.577 -15.087 -16.403
3.117896 -13.988 -14.382 -14.991 -15.908 -16.293 -16.469 -15.559 -15.985 -16.295 -16.469 -16.471 -16.359 -15.97 -16.368 -16.493 -16.45 -16.341 -16.405 -16.501 -16.458 -16.381 -16.337 -16.448 -16.435 -16.475 -15.992 -15.62 -15.133 -16.426
3.212194 -13.95 -14.344 -14.969 -15.905 -16.303 -16.489 -15.559 -15.984 -16.305 -16.489 -16.499 -16.393 -15.968 -16.381 -16.517 -16.48 -16.375 -16.42 -16.525 -16.488 -16.414 -16.372 -16.472 -16.454 -16.501 -16.032 -15.663 -15.178 -16.448
3.309345 -13.91 -14.305 -14.945 -15.9 -16.312 -16.508 -15.557 -15.981 -16.314 -16.508 -16.525 -16.425 -15.965 -16.393 -16.54 -16.509 -16.408 -16.434 -16.548 -16.518 -16.447 -16.407 -16.494 -16.471 -16.528 -16.071 -15.706 -15.223 -16.47
3.409434 -13.869 -14.264 -14.919 -15.894 -16.319 -16.526 -15.555 -15.978 -16.321 -16.526 -16.551 -16.457 -15.961 -16.405 -16.563 -16.538 -16.441 -16.447 -16.571 -16.546 -16.479 -16.441 -16.516 -16.488 -16.553 -16.11 -15.748 -15.268 -16.491
3.51255 -13.826 -14.22 -14.892 -15.887 -16.326 -16.543 -15.552 -15.973 -16.328 -16.543 -16.576 -16.489 -15.955 -16.415 -16.585 -16.566 -16.474 -16.459 -16.593 -16.574 -16.511 -16.474 -16.537 -16.503 -16.577 -16.149 -15.79 -15.313 -16.511
3.618785 -13.781 -14.174 -14.863 -15.877 -16.331 -16.559 -15.547 -15.966 -16.333 -16.56 -16.6 -16.52 -15.948 -16.424 -16.606 -16.593 -16.505 -16.469 -16.614 -16.602 -16.542 -16.507 -16.557 -16.518 -16.601 -16.187 -15.832 -15.357 -16.53
3.728232 -13.733 -14.125 -14.831 -15.866 -16.334 -16.573 -15.542 -15.958 -16.337 -16.575 -16.624 -16.55 -15.939 -16.432 -16.626 -16.62 -16.536 -16.479 -16.634 -16.628 -16.572 -16.54 -16.576 -16.531 -16.624 -16.225 -15.873 -15.401 -16.548
3.84099 -13.684 -14.074 -14.798 -15.854 -16.337 -16.587 -15.535 -15.947 -16.339 -16.589 -16.646 -16.58 -15.928 -16.438 -16.645 -16.645 -16.567 -16.487 -16.653 -16.654 -16.602 -16.572 -16.595 -16.543 -16.646 -16.262 -15.914 -15.445 -16.565
3.957158 -13.633 -14.02 -14.762 -15.839 -16.337 -16.599 -15.527 -15.936 -16.34 -16.601 -16.668 -16.608 -15.915 -16.444 -16.663 -16.67 -16.597 -16.494 -16.671 -16.679 -16.631 -16.603 -16.612 -16.554 -16.667 -16.299 -15.954 -15.488 -16.582
4.07684 -13.58 -13.963 -14.725 -15.823 -16.336 -16.611 -15.517 -15.922 -16.34 -16.613 -16.688 -16.637 -15.901 -16.447 -16.68 -16.694 -16.626 -16.5 -16.688 -16.703 -16.659 -16.633 -16.628 -16.564 -16.687 -16.335 -15.994 -15.531 -16.597
4.200141 -13.524 -13.903 -14.684 -15.804 -16.334 -16.621 -15.506 -15.906 -16.338 -16.623 -16.708 -16.664 -15.884 -16.449 -16.695 -16.717 -16.654 -16.504 -16.704 -16.726 -16.686 -16.663 -16.643 -16.573 -16.706 -16.37 -16.033 -15.573 -16.611
4.327172 -13.466 -13.84 -14.641 -15.783 -16.33 -16.629 -15.493 -15.888 -16.334 -16.632 -16.726 -16.69 -15.865 -16.45 -16.71 -16.739 -16.681 -16.506 -16.719 -16.748 -16.713 -16.692 -16.657 -16.58 -16.724 -16.405 -16.072 -15.616 -16.624
4.458044 -13.406 -13.774 -14.596 -15.76 -16.324 -16.636 -15.479 -15.869 -16.328 -16.64 -16.744 -16.716 -15.844 -16.449 -16.723 -16.76 -16.708 -16.508 -16.732 -16.77 -16.738 -16.72 -16.67 -16.586 -16.741 -16.44 -16.111 -15.657 -16.636
4.592874 -13.344 -13.704 -14.548 -15.735 -16.316 -16.642 -15.463 -15.846 -16.321 -16.646 -16.76 -16.74 -15.821 -16.446 -16.735 -16.78 -16.733 -16.507 -16.745 -16.79 -16.763 -16.748 -16.681 -16.59 -16.757 -16.473 -16.149 -15.699 -16.646
