web/models/kne/21/villar_0.0052_0.2493_10.0000.dat
# %ECSV 1.0
# ---
# datatype:
# - {name: time, datatype: float64}
# - {name: swift_uvot_uvw2, datatype: float64}
# - {name: swift_uvot_uvm2, datatype: float64}
# - {name: swift_uvot_uvw1, datatype: float64}
# - {name: swift_uvot_U, datatype: float64}
# - {name: swift_uvot_B, datatype: float64}
# - {name: swift_uvot_V, datatype: float64}
# - {name: swift_uvot_W, datatype: float64}
# - {name: johnson_U, datatype: float64}
# - {name: johnson_B, datatype: float64}
# - {name: johnson_V, datatype: float64}
# - {name: johnson_R, datatype: float64}
# - {name: johnson_I, datatype: float64}
# - {name: sdss_u, datatype: float64}
# - {name: sdss_g, datatype: float64}
# - {name: sdss_r, datatype: float64}
# - {name: sdss_i, datatype: float64}
# - {name: sdss_z, datatype: float64}
# - {name: PS1_g, datatype: float64}
# - {name: PS1_r, datatype: float64}
# - {name: PS1_i, datatype: float64}
# - {name: PS1_z, datatype: float64}
# - {name: PS1_Y, datatype: float64}
# - {name: PS1_w, datatype: float64}
# - {name: ATLAS_c, datatype: float64}
# - {name: ATLAS_o, datatype: float64}
# - {name: ukirt_J, datatype: float64}
# - {name: ukirt_H, datatype: float64}
# - {name: ukirt_K, datatype: float64}
# - {name: Clear, datatype: float64}
# meta: !!omap
# - comment: [kappa = 10.0, type = villar, mass = 0.005244756555828381, velocity = 0.24933333333333335, theta_obs = 0.0]
# schema: astropy-2.0
time swift_uvot_uvw2 swift_uvot_uvm2 swift_uvot_uvw1 swift_uvot_U swift_uvot_B swift_uvot_V swift_uvot_W johnson_U johnson_B johnson_V johnson_R johnson_I sdss_u sdss_g sdss_r sdss_i sdss_z PS1_g PS1_r PS1_i PS1_z PS1_Y PS1_w ATLAS_c ATLAS_o ukirt_J ukirt_H ukirt_K Clear
[from data line 364]
51.314848 299.221 302.081 299.636 297.579 295.923 294.77 296.67 297.278 295.879 294.726 293.934 293.422 297.384 295.458 294.262 293.704 293.369 295.216 294.224 293.675 293.395 293.209 294.229 294.835 293.978 293.09 293.124 293.345 294.21
52.86683 318.083 320.943 318.498 316.441 314.785 313.632 315.532 316.14 314.741 313.589 312.796 312.284 316.246 314.32 313.124 312.566 312.232 314.078 313.086 312.537 312.257 312.071 313.091 313.697 312.84 311.952 311.986 312.207 313.072
54.465752 338.103 340.963 338.519 336.462 334.805 333.653 335.553 336.16 334.762 333.609 332.816 332.305 336.266 334.34 333.144 332.586 332.252 334.098 333.107 332.557 332.278 332.091 333.112 333.718 332.86 331.972 332.007 332.227 333.092
56.113031 359.353 362.213 359.769 357.711 356.055 354.902 356.802 357.41 356.011 354.859 354.066 353.554 357.516 355.59 354.394 353.836 353.502 355.348 354.357 353.807 353.527 353.341 354.361 354.967 354.11 353.222 353.256 353.477 354.342
57.810132 381.908 384.768 382.323 380.266 378.61 377.457 379.357 379.964 378.566 377.413 376.62 376.109 380.071 378.145 376.948 376.39 376.056 377.903 376.911 376.362 376.082 375.895 376.916 377.522 376.665 375.776 375.811 376.032 376.897
59.55856 405.847 408.707 406.262 404.205 402.549 401.396 403.296 403.904 402.505 401.353 400.56 400.048 404.01 402.084 400.888 400.33 399.996 401.842 400.85 400.301 400.021 399.835 400.855 401.461 400.604 399.716 399.75 399.971 400.836
61.359868 431.256 434.116 431.672 429.615 427.959 426.806 428.706 429.313 427.915 426.762 425.969 425.458 429.42 427.493 426.297 425.739 425.405 427.251 426.26 425.711 425.431 425.244 426.265 426.871 426.013 425.125 425.16 425.38 426.245
63.215655 458.226 461.086 458.642 456.584 454.928 453.775 455.675 456.283 454.884 453.732 452.939 452.427 456.389 454.463 453.267 452.709 452.375 454.221 453.23 452.68 452.4 452.214 453.234 453.84 452.983 452.095 452.129 452.35 453.215
65.127569 486.852 489.712 487.267 485.21 483.554 482.401 484.301 484.909 483.51 482.357 481.565 481.053 485.015 483.089 481.893 481.335 481.0 482.847 481.855 481.306 481.026 480.84 481.86 482.466 481.609 480.721 480.755 480.976 481.841
67.097308 517.235 520.095 517.651 515.593 513.937 512.784 514.684 515.292 513.893 512.741 511.948 511.436 515.398 513.472 512.276 511.718 511.384 513.23 512.239 511.689 511.409 511.223 512.243 512.849 511.992 511.104 511.138 511.359 512.224
69.126621 549.484 552.344 549.9 547.842 546.186 545.033 546.933 547.541 546.142 544.99 544.197 543.685 547.647 545.721 544.525 543.967 543.633 545.479 544.488 543.938 543.658 543.472 544.492 545.098 544.241 543.353 543.387 543.608 544.473
71.217308 583.713 586.573 584.129 582.071 580.415 579.263 581.163 581.77 580.372 579.219 578.426 577.915 581.876 579.95 578.754 578.196 577.862 579.708 578.717 578.167 577.888 577.701 578.721 579.328 578.47 577.582 577.617 577.837 578.702
73.371227 620.044 622.904 620.46 618.402 616.746 615.594 617.493 618.101 616.703 615.55 614.757 614.246 618.207 616.281 615.085 614.527 614.193 616.039 615.048 614.498 614.219 614.032 615.052 615.659 614.801 613.913 613.948 614.168 615.033
75.59029 658.606 661.466 659.022 656.964 655.308 654.156 656.055 656.663 655.264 654.112 653.319 652.807 656.769 654.843 653.647 653.089 652.755 654.601 653.61 653.06 652.78 652.594 653.614 654.22 653.363 652.475 652.509 652.73 653.595
77.876467 699.536 702.396 699.951 697.894 696.238 695.085 696.985 697.593 696.194 695.041 694.249 693.737 697.699 695.773 694.577 694.019 693.684 695.531 694.539 693.99 693.71 693.524 694.544 695.15 694.293 693.405 693.439 693.66 694.525
80.231787 742.979 745.839 743.394 741.337 739.681 738.528 740.428 741.036 739.637 738.484 737.692 737.18 741.142 739.216 738.02 737.461 737.127 738.974 737.982 737.433 737.153 736.966 737.987 738.593 737.736 736.847 736.882 737.103 737.968
82.658343 789.113 793.947 789.747 787.451 785.79 784.638 786.542 787.151 785.747 784.595 783.796 783.285 787.256 785.326 784.128 783.558 783.241 785.084 784.093 783.529 783.264 783.074 784.09 784.704 783.839 782.959 782.997 783.219 784.073
85.158288 nan nan nan nan nan nan nan nan nan nan nan nan nan nan nan nan nan nan nan nan nan nan nan nan nan nan nan nan nan
87.733843 nan nan nan nan nan nan nan nan nan nan nan nan nan nan nan nan nan nan nan nan nan nan nan nan nan nan nan nan nan
90.387293 nan nan nan nan nan nan nan nan nan nan nan nan nan nan nan nan nan nan nan nan nan nan nan nan nan nan nan nan nan
93.120995 nan nan nan nan nan nan nan nan nan nan nan nan nan nan nan nan nan nan nan nan nan nan nan nan nan nan nan nan nan
95.937376 nan nan nan nan nan nan nan nan nan nan nan nan nan nan nan nan nan nan nan nan nan nan nan nan nan nan nan nan nan
98.838937 nan nan nan nan nan nan nan nan nan nan nan nan nan nan nan nan nan nan nan nan nan nan nan nan nan nan nan nan nan
101.828253 nan nan nan nan nan nan nan nan nan nan nan nan nan nan nan nan nan nan nan nan nan nan nan nan nan nan nan nan nan
104.907979 nan nan nan nan nan nan nan nan nan nan nan nan nan nan nan nan nan nan nan nan nan nan nan nan nan nan nan nan nan
108.080849 nan nan nan nan nan nan nan nan nan nan nan nan nan nan nan nan nan nan nan nan nan nan nan nan nan nan nan nan nan
111.349681 nan nan nan nan nan nan nan nan nan nan nan nan nan nan nan nan nan nan nan nan nan nan nan nan nan nan nan nan nan
114.717376 nan nan nan nan nan nan nan nan nan nan nan nan nan nan nan nan nan nan nan nan nan nan nan nan nan nan nan nan nan
118.186925 nan nan nan nan nan nan nan nan nan nan nan nan nan nan nan nan nan nan nan nan nan nan nan nan nan nan nan nan nan
121.761408 nan nan nan nan nan nan nan nan nan nan nan nan nan nan nan nan nan nan nan nan nan nan nan nan nan nan nan nan nan
125.443999 nan nan nan nan nan nan nan nan nan nan nan nan nan nan nan nan nan nan nan nan nan nan nan nan nan nan nan nan nan
129.237967 nan nan nan nan nan nan nan nan nan nan nan nan nan nan nan nan nan nan nan nan nan nan nan nan nan nan nan nan nan
133.146681 nan nan nan nan nan nan nan nan nan nan nan nan nan nan nan nan nan nan nan nan nan nan nan nan nan nan nan nan nan
137.173612 nan nan nan nan nan nan nan nan nan nan nan nan nan nan nan nan nan nan nan nan nan nan nan nan nan nan nan nan nan
141.322334 nan nan nan nan nan nan nan nan nan nan nan nan nan nan nan nan nan nan nan nan nan nan nan nan nan nan nan nan nan
145.596532 nan nan nan nan nan nan nan nan nan nan nan nan nan nan nan nan nan nan nan nan nan nan nan nan nan nan nan nan nan
150.0 nan nan nan nan nan nan nan nan nan nan nan nan nan nan nan nan nan nan nan nan nan nan nan nan nan nan nan nan nan
