web/models/kne.last_good/kappa_0.5_3.0.v2/7/villar_0.5000_0.1710_0.5000.dat
# %ECSV 1.0
# ---
# datatype:
# - {name: time, datatype: float64}
# - {name: swift_uvot_uvw2, datatype: float64}
# - {name: swift_uvot_uvm2, datatype: float64}
# - {name: swift_uvot_uvw1, datatype: float64}
# - {name: swift_uvot_U, datatype: float64}
# - {name: swift_uvot_B, datatype: float64}
# - {name: swift_uvot_V, datatype: float64}
# - {name: swift_uvot_W, datatype: float64}
# - {name: johnson_U, datatype: float64}
# - {name: johnson_B, datatype: float64}
# - {name: johnson_V, datatype: float64}
# - {name: johnson_R, datatype: float64}
# - {name: johnson_I, datatype: float64}
# - {name: sdss_u, datatype: float64}
# - {name: sdss_g, datatype: float64}
# - {name: sdss_r, datatype: float64}
# - {name: sdss_i, datatype: float64}
# - {name: sdss_z, datatype: float64}
# - {name: PS1_g, datatype: float64}
# - {name: PS1_r, datatype: float64}
# - {name: PS1_i, datatype: float64}
# - {name: PS1_z, datatype: float64}
# - {name: PS1_Y, datatype: float64}
# - {name: PS1_w, datatype: float64}
# - {name: ATLAS_c, datatype: float64}
# - {name: ATLAS_o, datatype: float64}
# - {name: ukirt_J, datatype: float64}
# - {name: ukirt_H, datatype: float64}
# - {name: ukirt_K, datatype: float64}
# - {name: Clear, datatype: float64}
# meta: !!omap
# - comment: [kappa = 0.5, type = villar, mass = 0.5000000000045836, velocity = 0.17100000000000004, theta_obs = 0.0, tfloor = 2500.0]
# schema: astropy-2.0
time swift_uvot_uvw2 swift_uvot_uvm2 swift_uvot_uvw1 swift_uvot_U swift_uvot_B swift_uvot_V swift_uvot_W johnson_U johnson_B johnson_V johnson_R johnson_I sdss_u sdss_g sdss_r sdss_i sdss_z PS1_g PS1_r PS1_i PS1_z PS1_Y PS1_w ATLAS_c ATLAS_o ukirt_J ukirt_H ukirt_K Clear
[from data line 203]
0.423513 -18.748 -18.532 -18.397 -17.982 -17.629 -17.248 -18.241 -17.93 -17.625 -17.238 -16.849 -16.397 -17.94 -17.508 -17.023 -16.666 -16.331 -17.505 -17.08 -16.743 -16.544 -16.613 -17.087 -17.319 -16.877 -15.66 -15.115 -14.485 -17.167
0.436321 -18.75 -18.544 -18.411 -18.005 -17.656 -17.278 -18.256 -17.953 -17.652 -17.267 -16.88 -16.431 -17.963 -17.535 -17.053 -16.699 -16.364 -17.531 -17.109 -16.772 -16.571 -16.633 -17.117 -17.347 -16.908 -15.696 -15.152 -14.523 -17.196
0.449518 -18.752 -18.555 -18.425 -18.028 -17.682 -17.307 -18.27 -17.976 -17.678 -17.297 -16.912 -16.464 -17.986 -17.563 -17.084 -16.731 -16.398 -17.557 -17.137 -16.801 -16.599 -16.653 -17.146 -17.376 -16.94 -15.731 -15.188 -14.56 -17.225
0.463113 -18.753 -18.565 -18.439 -18.05 -17.708 -17.337 -18.283 -17.999 -17.704 -17.326 -16.943 -16.497 -18.009 -17.59 -17.115 -16.763 -16.432 -17.583 -17.166 -16.83 -16.627 -16.674 -17.176 -17.405 -16.971 -15.766 -15.225 -14.597 -17.254
0.47712 -18.753 -18.574 -18.452 -18.072 -17.734 -17.366 -18.296 -18.022 -17.73 -17.355 -16.974 -16.531 -18.031 -17.617 -17.145 -16.795 -16.465 -17.609 -17.194 -16.859 -16.655 -16.694 -17.205 -17.433 -17.002 -15.802 -15.261 -14.635 -17.282
0.49155 -18.753 -18.583 -18.464 -18.093 -17.76 -17.394 -18.309 -18.044 -17.756 -17.384 -17.005 -16.564 -18.053 -17.643 -17.175 -16.827 -16.498 -17.635 -17.222 -16.889 -16.683 -16.716 -17.235 -17.461 -17.033 -15.837 -15.297 -14.672 -17.311
0.506416 -18.752 -18.591 -18.476 -18.114 -17.785 -17.423 -18.321 -18.066 -17.781 -17.412 -17.036 -16.597 -18.075 -17.67 -17.205 -16.859 -16.532 -17.66 -17.25 -16.918 -16.711 -16.737 -17.264 -17.489 -17.064 -15.872 -15.334 -14.709 -17.339
0.521733 -18.751 -18.598 -18.486 -18.134 -17.81 -17.451 -18.332 -18.087 -17.806 -17.441 -17.067 -16.629 -18.096 -17.696 -17.235 -16.891 -16.565 -17.685 -17.278 -16.947 -16.739 -16.759 -17.293 -17.516 -17.094 -15.908 -15.37 -14.746 -17.367
0.537512 -18.748 -18.605 -18.497 -18.155 -17.835 -17.479 -18.343 -18.108 -17.831 -17.469 -17.097 -16.662 -18.117 -17.722 -17.265 -16.923 -16.598 -17.71 -17.306 -16.976 -16.767 -16.781 -17.321 -17.544 -17.125 -15.943 -15.406 -14.784 -17.395
0.553769 -18.745 -18.61 -18.506 -18.174 -17.859 -17.507 -18.353 -18.128 -17.855 -17.497 -17.128 -16.695 -18.138 -17.747 -17.294 -16.954 -16.631 -17.735 -17.334 -17.005 -16.796 -16.804 -17.35 -17.571 -17.155 -15.978 -15.443 -14.821 -17.423
0.570517 -18.741 -18.615 -18.515 -18.194 -17.883 -17.535 -18.363 -18.148 -17.879 -17.525 -17.158 -16.727 -18.158 -17.773 -17.324 -16.986 -16.664 -17.76 -17.362 -17.035 -16.824 -16.827 -17.378 -17.598 -17.185 -16.013 -15.479 -14.858 -17.45
0.587772 -18.737 -18.619 -18.524 -18.213 -17.907 -17.563 -18.372 -18.168 -17.903 -17.552 -17.188 -16.76 -18.177 -17.798 -17.353 -17.017 -16.697 -17.784 -17.39 -17.064 -16.853 -16.85 -17.406 -17.624 -17.215 -16.048 -15.515 -14.896 -17.477
0.605549 -18.731 -18.623 -18.531 -18.231 -17.93 -17.59 -18.38 -18.188 -17.927 -17.58 -17.218 -16.792 -18.197 -17.822 -17.382 -17.048 -16.729 -17.808 -17.417 -17.093 -16.881 -16.874 -17.434 -17.651 -17.245 -16.083 -15.552 -14.933 -17.504
0.623863 -18.725 -18.625 -18.538 -18.249 -17.954 -17.617 -18.388 -18.206 -17.95 -17.607 -17.248 -16.825 -18.215 -17.847 -17.411 -17.079 -16.762 -17.832 -17.445 -17.122 -16.91 -16.897 -17.462 -17.677 -17.274 -16.118 -15.588 -14.97 -17.531
0.642731 -18.718 -18.627 -18.545 -18.267 -17.977 -17.644 -18.395 -18.225 -17.973 -17.634 -17.278 -16.857 -18.234 -17.871 -17.439 -17.11 -16.795 -17.856 -17.472 -17.151 -16.939 -16.921 -17.489 -17.703 -17.304 -16.153 -15.624 -15.008 -17.557
0.66217 -18.71 -18.628 -18.55 -18.284 -17.999 -17.671 -18.402 -18.243 -17.995 -17.661 -17.307 -16.889 -18.252 -17.895 -17.468 -17.141 -16.827 -17.88 -17.499 -17.18 -16.968 -16.946 -17.517 -17.729 -17.333 -16.188 -15.66 -15.045 -17.584
0.682197 -18.702 -18.628 -18.555 -18.3 -18.021 -17.697 -18.408 -18.261 -18.018 -17.687 -17.337 -16.921 -18.269 -17.919 -17.496 -17.172 -16.859 -17.903 -17.526 -17.209 -16.997 -16.97 -17.544 -17.754 -17.363 -16.223 -15.697 -15.083 -17.61
0.70283 -18.692 -18.627 -18.559 -18.317 -18.043 -17.723 -18.414 -18.278 -18.04 -17.713 -17.366 -16.953 -18.286 -17.942 -17.524 -17.202 -16.892 -17.926 -17.553 -17.238 -17.026 -16.995 -17.571 -17.779 -17.392 -16.258 -15.733 -15.12 -17.636
0.724086 -18.682 -18.626 -18.563 -18.332 -18.065 -17.749 -18.418 -18.295 -18.061 -17.739 -17.395 -16.985 -18.303 -17.965 -17.552 -17.233 -16.924 -17.949 -17.58 -17.267 -17.055 -17.02 -17.598 -17.804 -17.42 -16.293 -15.769 -15.158 -17.661
0.745986 -18.67 -18.623 -18.565 -18.348 -18.086 -17.775 -18.423 -18.311 -18.082 -17.765 -17.424 -17.016 -18.319 -17.988 -17.58 -17.263 -16.956 -17.971 -17.607 -17.296 -17.084 -17.045 -17.624 -17.829 -17.449 -16.327 -15.806 -15.195 -17.687
0.768548 -18.658 -18.62 -18.567 -18.362 -18.107 -17.801 -18.427 -18.327 -18.103 -17.791 -17.453 -17.048 -18.335 -18.011 -17.608 -17.293 -16.988 -17.994 -17.633 -17.324 -17.113 -17.071 -17.651 -17.854 -17.478 -16.362 -15.842 -15.233 -17.712
0.791792 -18.645 -18.615 -18.568 -18.377 -18.128 -17.826 -18.43 -18.342 -18.124 -17.816 -17.482 -17.08 -18.35 -18.033 -17.635 -17.323 -17.02 -18.016 -17.66 -17.353 -17.142 -17.097 -17.677 -17.878 -17.506 -16.397 -15.878 -15.27 -17.737
0.815739 -18.631 -18.61 -18.569 -18.391 -18.148 -17.851 -18.432 -18.357 -18.144 -17.842 -17.51 -17.111 -18.365 -18.055 -17.662 -17.353 -17.052 -18.038 -17.686 -17.382 -17.171 -17.123 -17.703 -17.902 -17.535 -16.432 -15.914 -15.308 -17.762
0.840411 -18.616 -18.604 -18.569 -18.404 -18.168 -17.876 -18.434 -18.372 -18.164 -17.867 -17.538 -17.142 -18.379 -18.076 -17.689 -17.383 -17.084 -18.059 -17.712 -17.41 -17.2 -17.149 -17.728 -17.926 -17.563 -16.467 -15.951 -15.346 -17.786
0.865828 -18.6 -18.597 -18.568 -18.417 -18.188 -17.901 -18.436 -18.386 -18.184 -17.891 -17.567 -17.174 -18.393 -18.098 -17.716 -17.413 -17.116 -18.081 -17.739 -17.439 -17.229 -17.175 -17.754 -17.949 -17.591 -16.501 -15.987 -15.383 -17.811
0.892015 -18.584 -18.589 -18.566 -18.429 -18.207 -17.925 -18.437 -18.399 -18.203 -17.916 -17.595 -17.205 -18.407 -18.119 -17.743 -17.442 -17.148 -18.102 -17.764 -17.467 -17.259 -17.202 -17.779 -17.973 -17.619 -16.536 -16.024 -15.421 -17.835
0.918993 -18.566 -18.58 -18.563 -18.441 -18.226 -17.95 -18.437 -18.412 -18.222 -17.94 -17.623 -17.236 -18.42 -18.139 -17.77 -17.472 -17.179 -18.123 -17.79 -17.496 -17.288 -17.229 -17.805 -17.996 -17.646 -16.571 -16.06 -15.459 -17.859
0.946787 -18.547 -18.57 -18.56 -18.453 -18.245 -17.974 -18.437 -18.425 -18.241 -17.964 -17.651 -17.267 -18.432 -18.16 -17.796 -17.501 -17.211 -18.144 -17.816 -17.524 -17.317 -17.256 -17.83 -18.019 -17.674 -16.606 -16.097 -15.497 -17.883
0.975422 -18.528 -18.56 -18.556 -18.464 -18.263 -17.997 -18.437 -18.438 -18.259 -17.988 -17.678 -17.298 -18.444 -18.18 -17.822 -17.531 -17.242 -18.164 -17.842 -17.553 -17.347 -17.283 -17.854 -18.041 -17.701 -16.64 -16.133 -15.535 -17.906
1.004923 -18.507 -18.548 -18.552 -18.474 -18.281 -18.021 -18.436 -18.449 -18.277 -18.012 -17.706 -17.33 -18.456 -18.2 -17.848 -17.56 -17.274 -18.184 -17.867 -17.581 -17.376 -17.31 -17.879 -18.064 -17.729 -16.675 -16.17 -15.573 -17.93
1.035317 -18.486 -18.536 -18.546 -18.484 -18.299 -18.045 -18.434 -18.461 -18.295 -18.036 -17.733 -17.361 -18.467 -18.22 -17.874 -17.589 -17.306 -18.204 -17.892 -17.61 -17.406 -17.338 -17.904 -18.086 -17.756 -16.71 -16.206 -15.611 -17.953
1.066629 -18.464 -18.523 -18.54 -18.494 -18.316 -18.068 -18.432 -18.472 -18.313 -18.059 -17.761 -17.392 -18.478 -18.239 -17.9 -17.618 -17.337 -18.224 -17.918 -17.638 -17.435 -17.365 -17.928 -18.108 -17.783 -16.745 -16.243 -15.649 -17.976
1.098888 -18.441 -18.509 -18.534 -18.503 -18.333 -18.091 -18.43 -18.482 -18.33 -18.082 -17.788 -17.422 -18.488 -18.259 -17.926 -17.647 -17.368 -18.244 -17.943 -17.666 -17.465 -17.393 -17.952 -18.13 -17.81 -16.78 -16.28 -15.688 -17.999
1.132124 -18.417 -18.494 -18.527 -18.512 -18.35 -18.114 -18.427 -18.493 -18.347 -18.105 -17.815 -17.453 -18.499 -18.278 -17.952 -17.676 -17.4 -18.263 -17.968 -17.694 -17.494 -17.421 -17.977 -18.152 -17.837 -16.815 -16.317 -15.726 -18.022
1.166364 -18.393 -18.478 -18.519 -18.521 -18.367 -18.137 -18.424 -18.503 -18.364 -18.128 -17.843 -17.484 -18.508 -18.296 -17.977 -17.705 -17.431 -18.282 -17.993 -17.723 -17.524 -17.45 -18.001 -18.173 -17.864 -16.85 -16.354 -15.765 -18.045
1.20164 -18.367 -18.462 -18.51 -18.529 -18.383 -18.16 -18.421 -18.512 -18.38 -18.151 -17.87 -17.515 -18.517 -18.315 -18.003 -17.734 -17.463 -18.301 -18.018 -17.751 -17.554 -17.478 -18.025 -18.194 -17.891 -16.885 -16.391 -15.804 -18.067
1.237983 -18.341 -18.445 -18.501 -18.536 -18.4 -18.182 -18.418 -18.521 -18.396 -18.174 -17.897 -17.546 -18.526 -18.333 -18.028 -17.763 -17.494 -18.32 -18.043 -17.779 -17.583 -17.507 -18.049 -18.216 -17.918 -16.92 -16.428 -15.842 -18.09
1.275425 -18.315 -18.427 -18.491 -18.544 -18.416 -18.205 -18.414 -18.53 -18.412 -18.196 -17.924 -17.577 -18.535 -18.352 -18.053 -17.792 -17.526 -18.339 -18.068 -17.808 -17.613 -17.536 -18.072 -18.237 -17.944 -16.955 -16.465 -15.881 -18.112
1.313999 -18.287 -18.408 -18.481 -18.55 -18.431 -18.227 -18.41 -18.538 -18.428 -18.219 -17.951 -17.608 -18.543 -18.37 -18.079 -17.821 -17.558 -18.358 -18.093 -17.836 -17.643 -17.565 -18.096 -18.258 -17.971 -16.991 -16.503 -15.921 -18.135
1.35374 -18.259 -18.389 -18.471 -18.557 -18.447 -18.249 -18.406 -18.547 -18.444 -18.241 -17.978 -17.639 -18.551 -18.388 -18.104 -17.85 -17.589 -18.376 -18.117 -17.865 -17.673 -17.595 -18.12 -18.279 -17.998 -17.026 -16.54 -15.96 -18.157
1.394683 -18.231 -18.369 -18.46 -18.564 -18.462 -18.272 -18.401 -18.555 -18.459 -18.263 -18.005 -17.671 -18.559 -18.405 -18.129 -17.879 -17.621 -18.395 -18.142 -17.893 -17.704 -17.624 -18.143 -18.3 -18.025 -17.062 -16.578 -15.999 -18.179
1.436864 -18.202 -18.349 -18.448 -18.57 -18.478 -18.294 -18.397 -18.562 -18.475 -18.286 -18.032 -17.702 -18.566 -18.423 -18.154 -17.908 -17.653 -18.413 -18.167 -17.922 -17.734 -17.654 -18.167 -18.32 -18.051 -17.098 -16.616 -16.039 -18.202
1.480321 -18.173 -18.329 -18.437 -18.576 -18.493 -18.316 -18.393 -18.57 -18.49 -18.308 -18.059 -17.733 -18.574 -18.441 -18.18 -17.938 -17.685 -18.431 -18.192 -17.951 -17.765 -17.684 -18.191 -18.341 -18.078 -17.134 -16.654 -16.079 -18.224
1.525092 -18.143 -18.307 -18.425 -18.582 -18.508 -18.338 -18.389 -18.578 -18.505 -18.331 -18.086 -17.765 -18.581 -18.458 -18.205 -17.967 -17.717 -18.45 -18.217 -17.979 -17.795 -17.715 -18.215 -18.362 -18.105 -17.17 -16.692 -16.119 -18.246
1.571218 -18.113 -18.286 -18.413 -18.587 -18.523 -18.361 -18.385 -18.585 -18.52 -18.353 -18.114 -17.796 -18.588 -18.476 -18.231 -17.996 -17.749 -18.468 -18.242 -18.008 -17.826 -17.745 -18.239 -18.383 -18.132 -17.206 -16.731 -16.159 -18.269
1.618738 -18.083 -18.264 -18.4 -18.593 -18.539 -18.383 -18.381 -18.592 -18.536 -18.375 -18.141 -17.828 -18.595 -18.494 -18.256 -18.026 -17.782 -18.487 -18.268 -18.038 -17.857 -17.776 -18.263 -18.404 -18.159 -17.243 -16.77 -16.2 -18.291
1.667696 -18.053 -18.242 -18.388 -18.598 -18.554 -18.405 -18.377 -18.599 -18.551 -18.398 -18.169 -17.86 -18.602 -18.512 -18.282 -18.056 -17.814 -18.505 -18.293 -18.067 -17.889 -17.808 -18.287 -18.425 -18.187 -17.279 -16.809 -16.241 -18.314
1.718134 -18.023 -18.22 -18.376 -18.604 -18.569 -18.428 -18.374 -18.607 -18.566 -18.421 -18.197 -17.892 -18.609 -18.529 -18.308 -18.086 -17.847 -18.524 -18.319 -18.097 -17.92 -17.839 -18.311 -18.446 -18.214 -17.316 -16.848 -16.282 -18.337
1.770098 -17.992 -18.198 -18.364 -18.61 -18.585 -18.451 -18.371 -18.614 -18.582 -18.444 -18.225 -17.925 -18.616 -18.547 -18.334 -18.116 -17.88 -18.543 -18.344 -18.126 -17.952 -17.871 -18.336 -18.468 -18.242 -17.354 -16.887 -16.323 -18.36
1.823633 -17.963 -18.176 -18.351 -18.616 -18.6 -18.474 -18.368 -18.622 -18.598 -18.467 -18.253 -17.957 -18.623 -18.566 -18.36 -18.146 -17.914 -18.562 -18.37 -18.157 -17.985 -17.904 -18.36 -18.489 -18.27 -17.391 -16.927 -16.365 -18.384
1.878788 -17.933 -18.154 -18.34 -18.622 -18.616 -18.497 -18.366 -18.63 -18.614 -18.49 -18.281 -17.991 -18.631 -18.584 -18.387 -18.177 -17.947 -18.581 -18.397 -18.187 -18.017 -17.936 -18.386 -18.511 -18.298 -17.429 -16.967 -16.407 -18.407
1.93561 -17.904 -18.133 -18.328 -18.628 -18.633 -18.521 -18.365 -18.638 -18.63 -18.514 -18.31 -18.024 -18.639 -18.603 -18.414 -18.208 -17.981 -18.601 -18.424 -18.218 -18.05 -17.97 -18.411 -18.533 -18.327 -17.467 -17.008 -16.449 -18.431
1.994152 -17.876 -18.112 -18.317 -18.635 -18.649 -18.545 -18.364 -18.646 -18.647 -18.538 -18.34 -18.058 -18.647 -18.622 -18.441 -18.239 -18.016 -18.621 -18.451 -18.249 -18.083 -18.003 -18.437 -18.556 -18.356 -17.506 -17.049 -16.492 -18.456
2.054463 -17.848 -18.091 -18.307 -18.642 -18.666 -18.569 -18.364 -18.655 -18.664 -18.563 -18.369 -18.092 -18.655 -18.642 -18.468 -18.271 -18.05 -18.642 -18.478 -18.281 -18.117 -18.038 -18.463 -18.579 -18.385 -17.545 -17.09 -16.535 -18.481
2.116599 -17.821 -18.072 -18.297 -18.649 -18.684 -18.594 -18.365 -18.664 -18.681 -18.588 -18.399 -18.126 -18.664 -18.662 -18.497 -18.303 -18.086 -18.663 -18.506 -18.313 -18.151 -18.072 -18.49 -18.602 -18.415 -17.584 -17.132 -16.578 -18.506
2.180614 -17.795 -18.053 -18.288 -18.658 -18.702 -18.619 -18.367 -18.674 -18.699 -18.613 -18.43 -18.161 -18.674 -18.682 -18.525 -18.336 -18.121 -18.684 -18.535 -18.345 -18.186 -18.107 -18.517 -18.626 -18.445 -17.624 -17.174 -16.622 -18.532
2.246566 -17.77 -18.034 -18.28 -18.667 -18.72 -18.645 -18.37 -18.685 -18.718 -18.639 -18.461 -18.197 -18.684 -18.704 -18.554 -18.369 -18.157 -18.706 -18.564 -18.378 -18.221 -18.143 -18.545 -18.651 -18.476 -17.665 -17.216 -16.666 -18.559
2.314511 -17.747 -18.017 -18.273 -18.676 -18.74 -18.672 -18.374 -18.696 -18.737 -18.666 -18.493 -18.233 -18.695 -18.726 -18.584 -18.403 -18.194 -18.729 -18.593 -18.412 -18.257 -18.18 -18.573 -18.676 -18.507 -17.705 -17.259 -16.711 -18.586
2.384512 -17.725 -18.002 -18.267 -18.687 -18.76 -18.699 -18.379 -18.709 -18.758 -18.693 -18.525 -18.27 -18.707 -18.748 -18.615 -18.438 -18.232 -18.753 -18.624 -18.446 -18.294 -18.217 -18.602 -18.702 -18.54 -17.747 -17.303 -16.757 -18.614
2.45663 -17.705 -17.987 -18.263 -18.699 -18.781 -18.727 -18.386 -18.722 -18.779 -18.721 -18.559 -18.307 -18.72 -18.772 -18.646 -18.473 -18.269 -18.777 -18.655 -18.481 -18.331 -18.255 -18.632 -18.729 -18.572 -17.789 -17.347 -16.803 -18.643
2.530929 -17.686 -17.975 -18.259 -18.711 -18.803 -18.756 -18.394 -18.736 -18.801 -18.75 -18.592 -18.345 -18.734 -18.796 -18.678 -18.509 -18.308 -18.802 -18.686 -18.517 -18.369 -18.293 -18.663 -18.756 -18.606 -17.831 -17.392 -16.849 -18.672
2.607475 -17.67 -17.964 -18.258 -18.725 -18.826 -18.786 -18.403 -18.752 -18.824 -18.78 -18.627 -18.384 -18.749 -18.822 -18.711 -18.545 -18.347 -18.829 -18.719 -18.554 -18.407 -18.332 -18.695 -18.785 -18.64 -17.875 -17.437 -16.896 -18.703
2.686337 -17.656 -17.955 -18.258 -18.741 -18.85 -18.817 -18.415 -18.769 -18.848 -18.811 -18.663 -18.424 -18.766 -18.848 -18.744 -18.583 -18.388 -18.856 -18.753 -18.591 -18.447 -18.373 -18.727 -18.815 -18.676 -17.918 -17.483 -16.943 -18.734
2.767583 -17.644 -17.948 -18.26 -18.757 -18.875 -18.848 -18.428 -18.787 -18.873 -18.843 -18.699 -18.464 -18.784 -18.876 -18.779 -18.621 -18.429 -18.884 -18.787 -18.629 -18.487 -18.414 -18.761 -18.845 -18.712 -17.963 -17.529 -16.992 -18.767
2.851287 -17.634 -17.943 -18.265 -18.776 -18.902 -18.881 -18.443 -18.807 -18.9 -18.876 -18.737 -18.505 -18.803 -18.905 -18.815 -18.66 -18.47 -18.914 -18.823 -18.668 -18.528 -18.455 -18.796 -18.877 -18.749 -18.008 -17.577 -17.041 -18.8
2.937522 -17.628 -17.941 -18.271 -18.796 -18.93 -18.915 -18.46 -18.828 -18.928 -18.911 -18.775 -18.548 -18.824 -18.935 -18.852 -18.701 -18.513 -18.945 -18.86 -18.709 -18.57 -18.498 -18.832 -18.91 -18.787 -18.055 -17.625 -17.09 -18.835
3.026365 -17.624 -17.942 -18.28 -18.818 -18.959 -18.951 -18.479 -18.851 -18.958 -18.946 -18.815 -18.591 -18.847 -18.966 -18.89 -18.742 -18.557 -18.978 -18.898 -18.75 -18.613 -18.542 -18.869 -18.945 -18.827 -18.102 -17.674 -17.14 -18.872
