web/models/kne.last_good/kappa_0.5_3.0.v2/7/villar_0.0120_0.0457_0.5000.dat
# %ECSV 1.0
# ---
# datatype:
# - {name: time, datatype: float64}
# - {name: swift_uvot_uvw2, datatype: float64}
# - {name: swift_uvot_uvm2, datatype: float64}
# - {name: swift_uvot_uvw1, datatype: float64}
# - {name: swift_uvot_U, datatype: float64}
# - {name: swift_uvot_B, datatype: float64}
# - {name: swift_uvot_V, datatype: float64}
# - {name: swift_uvot_W, datatype: float64}
# - {name: johnson_U, datatype: float64}
# - {name: johnson_B, datatype: float64}
# - {name: johnson_V, datatype: float64}
# - {name: johnson_R, datatype: float64}
# - {name: johnson_I, datatype: float64}
# - {name: sdss_u, datatype: float64}
# - {name: sdss_g, datatype: float64}
# - {name: sdss_r, datatype: float64}
# - {name: sdss_i, datatype: float64}
# - {name: sdss_z, datatype: float64}
# - {name: PS1_g, datatype: float64}
# - {name: PS1_r, datatype: float64}
# - {name: PS1_i, datatype: float64}
# - {name: PS1_z, datatype: float64}
# - {name: PS1_Y, datatype: float64}
# - {name: PS1_w, datatype: float64}
# - {name: ATLAS_c, datatype: float64}
# - {name: ATLAS_o, datatype: float64}
# - {name: ukirt_J, datatype: float64}
# - {name: ukirt_H, datatype: float64}
# - {name: ukirt_K, datatype: float64}
# - {name: Clear, datatype: float64}
# meta: !!omap
# - comment: [kappa = 0.5, type = villar, mass = 0.012011244339858356, velocity = 0.04566666666666669, theta_obs = 0.0, tfloor = 2500.0]
# schema: astropy-2.0
time swift_uvot_uvw2 swift_uvot_uvm2 swift_uvot_uvw1 swift_uvot_U swift_uvot_B swift_uvot_V swift_uvot_W johnson_U johnson_B johnson_V johnson_R johnson_I sdss_u sdss_g sdss_r sdss_i sdss_z PS1_g PS1_r PS1_i PS1_z PS1_Y PS1_w ATLAS_c ATLAS_o ukirt_J ukirt_H ukirt_K Clear
[from data line 352]
35.888913 -3.616 1.583 0.617 -1.086 -3.873 -5.875 -3.991 -1.583 -4.004 -5.993 -7.578 -8.655 -1.36 -4.723 -6.852 -7.977 -8.747 -5.698 -7.021 -8.055 -8.671 -9.13 -7.175 -5.937 -7.489 -9.659 -9.979 -10.039 -7.635
36.974349 -3.566 1.633 0.667 -1.036 -3.823 -5.825 -3.941 -1.533 -3.954 -5.944 -7.528 -8.605 -1.31 -4.673 -6.802 -7.927 -8.698 -5.648 -6.971 -8.005 -8.621 -9.08 -7.125 -5.887 -7.439 -9.609 -9.929 -9.99 -7.585
38.092613 -3.516 1.682 0.716 -0.986 -3.773 -5.775 -3.891 -1.483 -3.904 -5.894 -7.479 -8.556 -1.261 -4.624 -6.752 -7.877 -8.648 -5.598 -6.922 -7.956 -8.571 -9.03 -7.075 -5.837 -7.389 -9.559 -9.879 -9.94 -7.535
39.244698 -3.467 1.732 0.766 -0.937 -3.724 -5.726 -3.841 -1.434 -3.855 -5.844 -7.429 -8.506 -1.211 -4.574 -6.703 -7.827 -8.598 -5.549 -6.872 -7.906 -8.522 -8.981 -7.026 -5.787 -7.339 -9.509 -9.83 -9.89 -7.486
40.431627 -3.417 1.781 0.816 -0.887 -3.674 -5.676 -3.792 -1.384 -3.805 -5.795 -7.38 -8.456 -1.161 -4.524 -6.653 -7.778 -8.549 -5.499 -6.823 -7.856 -8.472 -8.931 -6.976 -5.738 -7.29 -9.46 -9.78 -9.841 -7.436
41.654454 -3.368 1.831 0.865 -0.838 -3.625 -5.627 -3.742 -1.335 -3.756 -5.745 -7.33 -8.407 -1.112 -4.475 -6.604 -7.728 -8.499 -5.45 -6.773 -7.807 -8.423 -8.882 -6.927 -5.688 -7.24 -9.41 -9.731 -9.791 -7.387
42.914265 -3.318 1.88 0.914 -0.788 -3.575 -5.577 -3.693 -1.285 -3.706 -5.696 -7.281 -8.357 -1.062 -4.426 -6.554 -7.679 -8.45 -5.4 -6.724 -7.758 -8.373 -8.832 -6.877 -5.639 -7.191 -9.361 -9.681 -9.742 -7.337
44.212178 -3.269 1.93 0.964 -0.739 -3.526 -5.528 -3.644 -1.236 -3.657 -5.646 -7.231 -8.308 -1.013 -4.376 -6.505 -7.63 -8.4 -5.351 -6.674 -7.708 -8.324 -8.783 -6.828 -5.59 -7.142 -9.312 -9.632 -9.692 -7.288
45.549345 -3.219 1.979 1.013 -0.69 -3.476 -5.479 -3.594 -1.186 -3.607 -5.597 -7.182 -8.259 -0.964 -4.327 -6.456 -7.58 -8.351 -5.301 -6.625 -7.659 -8.275 -8.734 -6.779 -5.54 -7.092 -9.262 -9.583 -9.643 -7.239
46.926954 -3.17 2.028 1.063 -0.64 -3.427 -5.429 -3.545 -1.137 -3.558 -5.548 -7.133 -8.209 -0.914 -4.277 -6.406 -7.531 -8.302 -5.252 -6.576 -7.609 -8.225 -8.684 -6.729 -5.491 -7.043 -9.213 -9.533 -9.594 -7.189
48.346227 -3.121 2.078 1.112 -0.591 -3.378 -5.38 -3.496 -1.088 -3.509 -5.498 -7.083 -8.16 -0.865 -4.228 -6.357 -7.482 -8.252 -5.203 -6.526 -7.56 -8.176 -8.635 -6.68 -5.442 -6.994 -9.164 -9.484 -9.545 -7.14
49.808426 -3.071 2.127 1.161 -0.542 -3.329 -5.331 -3.446 -1.039 -3.46 -5.449 -7.034 -8.111 -0.816 -4.179 -6.308 -7.432 -8.203 -5.154 -6.477 -7.511 -8.127 -8.586 -6.631 -5.392 -6.944 -9.114 -9.435 -9.495 -7.091
51.314848 -3.022 2.176 1.21 -0.492 -3.279 -5.281 -3.397 -0.989 -3.41 -5.4 -6.985 -8.062 -0.767 -4.13 -6.258 -7.383 -8.154 -5.104 -6.428 -7.462 -8.077 -8.537 -6.581 -5.343 -6.895 -9.065 -9.385 -9.446 -7.041
52.86683 -2.973 2.226 1.26 -0.443 -3.23 -5.232 -3.348 -0.94 -3.361 -5.351 -6.935 -8.012 -0.717 -4.08 -6.209 -7.334 -8.105 -5.055 -6.378 -7.412 -8.028 -8.487 -6.532 -5.294 -6.846 -9.016 -9.336 -9.397 -6.992
54.465752 -2.924 2.275 1.309 -0.394 -3.181 -5.183 -3.298 -0.891 -3.312 -5.301 -6.886 -7.963 -0.668 -4.031 -6.16 -7.284 -8.055 -5.006 -6.329 -7.363 -7.979 -8.438 -6.483 -5.244 -6.796 -8.966 -9.287 -9.347 -6.943
56.113031 -2.874 2.324 1.358 -0.345 -3.131 -5.134 -3.249 -0.841 -3.262 -5.252 -6.837 -7.914 -0.619 -3.982 -6.11 -7.235 -8.006 -4.956 -6.28 -7.314 -7.929 -8.389 -6.433 -5.195 -6.747 -8.917 -9.237 -9.298 -6.894
57.810132 -2.825 2.373 1.408 -0.295 -3.082 -5.084 -3.2 -0.792 -3.213 -5.203 -6.787 -7.864 -0.569 -3.932 -6.061 -7.186 -7.957 -4.907 -6.231 -7.264 -7.88 -8.339 -6.384 -5.146 -6.698 -8.868 -9.188 -9.249 -6.844
59.55856 -2.776 2.423 1.457 -0.246 -3.033 -5.035 -3.15 -0.743 -3.164 -5.153 -6.738 -7.815 -0.52 -3.883 -6.012 -7.136 -7.907 -4.858 -6.181 -7.215 -7.831 -8.29 -6.335 -5.096 -6.648 -8.818 -9.139 -9.199 -6.795
61.359868 -2.726 2.472 1.506 -0.197 -2.983 -4.985 -3.101 -0.693 -3.114 -5.104 -6.689 -7.766 -0.471 -3.834 -5.962 -7.087 -7.858 -4.808 -6.132 -7.166 -7.781 -8.241 -6.285 -5.047 -6.599 -8.769 -9.089 -9.15 -6.746
63.215655 -2.677 2.522 1.556 -0.147 -2.934 -4.936 -3.052 -0.644 -3.065 -5.054 -6.639 -7.716 -0.421 -3.784 -5.913 -7.038 -7.808 -4.759 -6.082 -7.116 -7.732 -8.191 -6.236 -4.998 -6.55 -8.72 -9.04 -9.101 -6.696
65.127569 -2.627 2.571 1.605 -0.098 -2.884 -4.887 -3.002 -0.594 -3.015 -5.005 -6.59 -7.667 -0.372 -3.735 -5.864 -6.988 -7.759 -4.709 -6.033 -7.067 -7.683 -8.142 -6.187 -4.948 -6.5 -8.67 -8.991 -9.051 -6.647
67.097308 -2.578 2.621 1.655 -0.048 -2.835 -4.837 -2.953 -0.545 -2.966 -4.956 -6.54 -7.617 -0.322 -3.685 -5.814 -6.939 -7.71 -4.66 -5.983 -7.017 -7.633 -8.092 -6.137 -4.899 -6.451 -8.621 -8.941 -9.002 -6.597
69.126621 -2.528 2.67 1.704 0.001 -2.785 -4.788 -2.903 -0.496 -2.916 -4.906 -6.491 -7.568 -0.273 -3.636 -5.765 -6.889 -7.66 -4.61 -5.934 -6.968 -7.584 -8.043 -6.088 -4.849 -6.401 -8.571 -8.892 -8.952 -6.548
71.217308 -2.479 2.72 1.754 0.051 -2.736 -4.738 -2.854 -0.446 -2.867 -4.857 -6.441 -7.518 -0.223 -3.586 -5.715 -6.84 -7.611 -4.561 -5.884 -6.918 -7.534 -7.993 -6.038 -4.8 -6.352 -8.522 -8.842 -8.903 -6.498
73.371227 -2.429 2.769 1.803 0.1 -2.686 -4.689 -2.804 -0.396 -2.817 -4.807 -6.392 -7.469 -0.174 -3.537 -5.665 -6.79 -7.561 -4.511 -5.835 -6.869 -7.484 -7.944 -5.988 -4.75 -6.302 -8.472 -8.792 -8.853 -6.449
75.59029 -2.38 2.819 1.853 0.15 -2.637 -4.639 -2.754 -0.347 -2.768 -4.757 -6.342 -7.419 -0.124 -3.487 -5.616 -6.74 -7.511 -4.462 -5.785 -6.819 -7.435 -7.894 -5.939 -4.7 -6.252 -8.423 -8.743 -8.803 -6.399
77.876467 -2.33 2.868 1.903 0.2 -2.587 -4.589 -2.705 -0.297 -2.718 -4.708 -6.292 -7.369 -0.074 -3.437 -5.566 -6.691 -7.462 -4.412 -5.736 -6.769 -7.385 -7.844 -5.889 -4.651 -6.203 -8.373 -8.693 -8.754 -6.349
80.231787 -2.28 2.918 1.952 0.249 -2.537 -4.54 -2.655 -0.247 -2.668 -4.658 -6.243 -7.32 -0.025 -3.388 -5.516 -6.641 -7.412 -4.362 -5.686 -6.72 -7.335 -7.795 -5.839 -4.601 -6.153 -8.323 -8.643 -8.704 -6.3
82.658343 -2.231 2.968 2.002 0.299 -2.488 -4.49 -2.605 -0.198 -2.619 -4.608 -6.193 -7.27 0.025 -3.338 -5.467 -6.591 -7.362 -4.313 -5.636 -6.67 -7.286 -7.745 -5.79 -4.551 -6.103 -8.273 -8.594 -8.654 -6.25
85.158288 -2.181 3.018 2.052 0.349 -2.438 -4.44 -2.556 -0.148 -2.569 -4.558 -6.143 -7.22 0.075 -3.288 -5.417 -6.542 -7.312 -4.263 -5.586 -6.62 -7.236 -7.695 -5.74 -4.502 -6.054 -8.224 -8.544 -8.604 -6.2
87.733843 -2.131 3.068 2.102 0.399 -2.388 -4.39 -2.506 -0.098 -2.519 -4.509 -6.093 -7.17 0.125 -3.238 -5.367 -6.492 -7.263 -4.213 -5.536 -6.57 -7.186 -7.645 -5.69 -4.452 -6.004 -8.174 -8.494 -8.555 -6.15
90.387293 -2.081 3.117 2.152 0.449 -2.338 -4.34 -2.456 -0.048 -2.469 -4.459 -6.044 -7.12 0.175 -3.188 -5.317 -6.442 -7.213 -4.163 -5.487 -6.52 -7.136 -7.595 -5.64 -4.402 -5.954 -8.124 -8.444 -8.505 -6.1
93.120995 -2.031 3.167 2.201 0.499 -2.288 -4.29 -2.406 0.002 -2.419 -4.409 -5.994 -7.071 0.224 -3.139 -5.267 -6.392 -7.163 -4.113 -5.437 -6.471 -7.086 -7.545 -5.59 -4.352 -5.904 -8.074 -8.394 -8.455 -6.05
95.937376 -1.981 3.217 2.251 0.549 -2.238 -4.24 -2.356 0.052 -2.369 -4.359 -5.944 -7.021 0.274 -3.089 -5.217 -6.342 -7.113 -4.063 -5.387 -6.421 -7.036 -7.496 -5.54 -4.302 -5.854 -8.024 -8.344 -8.405 -6.0
98.838937 -1.931 3.267 2.301 0.599 -2.188 -4.19 -2.306 0.102 -2.319 -4.309 -5.894 -6.971 0.324 -3.039 -5.167 -6.292 -7.063 -4.013 -5.337 -6.371 -6.986 -7.446 -5.49 -4.252 -5.804 -7.974 -8.294 -8.355 -5.95
101.828253 -1.881 3.317 2.351 0.649 -2.138 -4.14 -2.256 0.152 -2.269 -4.259 -5.844 -6.921 0.374 -2.989 -5.117 -6.242 -7.013 -3.963 -5.287 -6.321 -6.936 -7.395 -5.44 -4.202 -5.754 -7.924 -8.244 -8.305 -5.9
104.907979 -1.831 3.367 2.401 0.699 -2.088 -4.09 -2.206 0.202 -2.219 -4.209 -5.794 -6.87 0.425 -2.939 -5.067 -6.192 -6.963 -3.913 -5.237 -6.271 -6.886 -7.345 -5.39 -4.152 -5.704 -7.874 -8.194 -8.255 -5.85
108.080849 -1.781 3.417 2.452 0.749 -2.038 -4.04 -2.156 0.252 -2.169 -4.159 -5.743 -6.82 0.475 -2.888 -5.017 -6.142 -6.913 -3.863 -5.187 -6.22 -6.836 -7.295 -5.34 -4.102 -5.654 -7.824 -8.144 -8.205 -5.8
111.349681 -1.731 3.468 2.502 0.799 -1.988 -3.99 -2.106 0.302 -2.119 -4.108 -5.693 -6.77 0.525 -2.838 -4.967 -6.092 -6.862 -3.813 -5.136 -6.17 -6.786 -7.245 -5.29 -4.052 -5.604 -7.774 -8.094 -8.155 -5.75
114.717376 -1.681 3.518 2.552 0.849 -1.938 -3.94 -2.055 0.352 -2.069 -4.058 -5.643 -6.72 0.575 -2.788 -4.917 -6.041 -6.812 -3.763 -5.086 -6.12 -6.736 -7.195 -5.24 -4.001 -5.553 -7.724 -8.044 -8.104 -5.7
118.186925 -1.63 3.568 2.602 0.899 -1.887 -3.89 -2.005 0.402 -2.018 -4.008 -5.593 -6.67 0.625 -2.738 -4.867 -5.991 -6.762 -3.712 -5.036 -6.07 -6.686 -7.145 -5.19 -3.951 -5.503 -7.673 -7.994 -8.054 -5.65
121.761408 -1.58 3.618 2.652 0.95 -1.837 -3.839 -1.955 0.453 -1.968 -3.958 -5.543 -6.62 0.675 -2.688 -4.816 -5.941 -6.712 -3.662 -4.986 -6.02 -6.635 -7.094 -5.139 -3.901 -5.453 -7.623 -7.943 -8.004 -5.599
125.443999 -1.53 3.669 2.703 1.0 -1.787 -3.789 -1.905 0.503 -1.918 -3.907 -5.492 -6.569 0.726 -2.637 -4.766 -5.891 -6.661 -3.612 -4.935 -5.969 -6.585 -7.044 -5.089 -3.851 -5.403 -7.573 -7.893 -7.954 -5.549
129.237967 -1.479 3.719 2.753 1.05 -1.737 -3.739 -1.854 0.553 -1.868 -3.857 -5.442 -6.519 0.776 -2.587 -4.716 -5.84 -6.611 -3.562 -4.885 -5.919 -6.535 -6.994 -5.039 -3.8 -5.352 -7.522 -7.843 -7.903 -5.499
133.146681 -1.429 3.769 2.804 1.101 -1.686 -3.688 -1.804 0.604 -1.817 -3.807 -5.392 -6.468 0.827 -2.536 -4.665 -5.79 -6.561 -3.511 -4.835 -5.868 -6.484 -6.943 -4.988 -3.75 -5.302 -7.472 -7.792 -7.853 -5.448
137.173612 -1.379 3.82 2.854 1.151 -1.636 -3.638 -1.753 0.654 -1.767 -3.756 -5.341 -6.418 0.877 -2.486 -4.615 -5.739 -6.51 -3.461 -4.784 -5.818 -6.434 -6.893 -4.938 -3.699 -5.251 -7.422 -7.742 -7.802 -5.398
141.322334 -1.328 3.87 2.904 1.202 -1.585 -3.587 -1.703 0.705 -1.716 -3.706 -5.291 -6.368 0.927 -2.436 -4.564 -5.689 -6.46 -3.41 -4.734 -5.768 -6.383 -6.842 -4.887 -3.649 -5.201 -7.371 -7.691 -7.752 -5.347
145.596532 -1.278 3.921 2.955 1.252 -1.535 -3.537 -1.652 0.755 -1.666 -3.655 -5.24 -6.317 0.978 -2.385 -4.514 -5.638 -6.409 -3.36 -4.683 -5.717 -6.333 -6.792 -4.837 -3.598 -5.15 -7.321 -7.641 -7.701 -5.297
150.0 -1.227 3.971 3.005 1.303 -1.484 -3.486 -1.602 0.806 -1.615 -3.605 -5.19 -6.266 1.029 -2.335 -4.463 -5.588 -6.359 -3.309 -4.633 -5.667 -6.282 -6.741 -4.786 -3.548 -5.1 -7.27 -7.59 -7.651 -5.246
