web/models/kne.last_good/kappa_0.5_3.0.v2/7/villar_0.0630_0.2180_0.5000.dat
# %ECSV 1.0
# ---
# datatype:
# - {name: time, datatype: float64}
# - {name: swift_uvot_uvw2, datatype: float64}
# - {name: swift_uvot_uvm2, datatype: float64}
# - {name: swift_uvot_uvw1, datatype: float64}
# - {name: swift_uvot_U, datatype: float64}
# - {name: swift_uvot_B, datatype: float64}
# - {name: swift_uvot_V, datatype: float64}
# - {name: swift_uvot_W, datatype: float64}
# - {name: johnson_U, datatype: float64}
# - {name: johnson_B, datatype: float64}
# - {name: johnson_V, datatype: float64}
# - {name: johnson_R, datatype: float64}
# - {name: johnson_I, datatype: float64}
# - {name: sdss_u, datatype: float64}
# - {name: sdss_g, datatype: float64}
# - {name: sdss_r, datatype: float64}
# - {name: sdss_i, datatype: float64}
# - {name: sdss_z, datatype: float64}
# - {name: PS1_g, datatype: float64}
# - {name: PS1_r, datatype: float64}
# - {name: PS1_i, datatype: float64}
# - {name: PS1_z, datatype: float64}
# - {name: PS1_Y, datatype: float64}
# - {name: PS1_w, datatype: float64}
# - {name: ATLAS_c, datatype: float64}
# - {name: ATLAS_o, datatype: float64}
# - {name: ukirt_J, datatype: float64}
# - {name: ukirt_H, datatype: float64}
# - {name: ukirt_K, datatype: float64}
# - {name: Clear, datatype: float64}
# meta: !!omap
# - comment: [kappa = 0.5, type = villar, mass = 0.06299605249512866, velocity = 0.21800000000000003, theta_obs = 0.0, tfloor = 2500.0]
# schema: astropy-2.0
time swift_uvot_uvw2 swift_uvot_uvm2 swift_uvot_uvw1 swift_uvot_U swift_uvot_B swift_uvot_V swift_uvot_W johnson_U johnson_B johnson_V johnson_R johnson_I sdss_u sdss_g sdss_r sdss_i sdss_z PS1_g PS1_r PS1_i PS1_z PS1_Y PS1_w ATLAS_c ATLAS_o ukirt_J ukirt_H ukirt_K Clear
[from data line 204]
0.436321 -16.763 -16.851 -16.893 -16.899 -16.747 -16.519 -16.8 -16.881 -16.744 -16.51 -16.225 -15.868 -16.887 -16.677 -16.36 -16.089 -15.815 -16.663 -16.375 -16.106 -15.907 -15.833 -16.383 -16.555 -16.247 -15.235 -14.739 -14.151 -16.427
0.449518 -16.712 -16.811 -16.864 -16.891 -16.75 -16.53 -16.777 -16.875 -16.747 -16.521 -16.242 -15.89 -16.88 -16.683 -16.374 -16.108 -15.838 -16.669 -16.389 -16.124 -15.927 -15.852 -16.395 -16.564 -16.263 -15.262 -14.769 -14.182 -16.437
0.463113 -16.659 -16.769 -16.832 -16.881 -16.752 -16.54 -16.754 -16.868 -16.749 -16.531 -16.258 -15.911 -16.873 -16.687 -16.388 -16.126 -15.859 -16.675 -16.402 -16.142 -15.947 -15.87 -16.407 -16.572 -16.279 -15.288 -14.798 -14.213 -16.447
0.47712 -16.603 -16.725 -16.799 -16.87 -16.752 -16.549 -16.728 -16.859 -16.749 -16.541 -16.273 -15.931 -16.863 -16.691 -16.401 -16.144 -15.881 -16.679 -16.415 -16.159 -15.966 -15.888 -16.418 -16.58 -16.294 -15.315 -14.827 -14.245 -16.457
0.49155 -16.544 -16.678 -16.763 -16.858 -16.752 -16.557 -16.701 -16.848 -16.748 -16.549 -16.288 -15.951 -16.852 -16.693 -16.413 -16.161 -15.902 -16.682 -16.426 -16.175 -15.985 -15.906 -16.428 -16.586 -16.308 -15.34 -14.855 -14.276 -16.465
0.506416 -16.482 -16.628 -16.725 -16.843 -16.75 -16.565 -16.673 -16.836 -16.747 -16.556 -16.302 -15.971 -16.84 -16.695 -16.425 -16.178 -15.922 -16.684 -16.437 -16.191 -16.003 -15.923 -16.438 -16.591 -16.321 -15.366 -14.884 -14.306 -16.472
0.521733 -16.418 -16.575 -16.685 -16.827 -16.747 -16.571 -16.643 -16.822 -16.743 -16.563 -16.315 -15.99 -16.826 -16.695 -16.435 -16.194 -15.942 -16.685 -16.447 -16.207 -16.021 -15.94 -16.446 -16.596 -16.334 -15.391 -14.912 -14.337 -16.479
0.537512 -16.35 -16.52 -16.643 -16.81 -16.742 -16.576 -16.611 -16.807 -16.739 -16.568 -16.327 -16.008 -16.81 -16.694 -16.445 -16.209 -15.961 -16.685 -16.457 -16.221 -16.038 -15.957 -16.454 -16.599 -16.346 -15.416 -14.94 -14.367 -16.484
0.553769 -16.28 -16.461 -16.597 -16.79 -16.736 -16.58 -16.578 -16.789 -16.733 -16.573 -16.339 -16.026 -16.792 -16.691 -16.454 -16.223 -15.979 -16.684 -16.465 -16.235 -16.055 -15.974 -16.46 -16.601 -16.357 -15.44 -14.967 -14.397 -16.489
0.570517 -16.206 -16.399 -16.55 -16.769 -16.729 -16.584 -16.543 -16.77 -16.726 -16.576 -16.349 -16.043 -16.773 -16.687 -16.461 -16.237 -15.997 -16.682 -16.472 -16.248 -16.071 -15.99 -16.466 -16.602 -16.367 -15.464 -14.995 -14.427 -16.492
0.587772 -16.129 -16.334 -16.499 -16.745 -16.72 -16.586 -16.506 -16.749 -16.717 -16.578 -16.359 -16.059 -16.751 -16.682 -16.468 -16.25 -16.015 -16.678 -16.479 -16.261 -16.087 -16.006 -16.47 -16.602 -16.376 -15.488 -15.022 -14.457 -16.495
0.605549 -16.049 -16.266 -16.446 -16.719 -16.709 -16.586 -16.468 -16.726 -16.707 -16.579 -16.368 -16.075 -16.728 -16.676 -16.474 -16.262 -16.031 -16.672 -16.484 -16.273 -16.102 -16.021 -16.474 -16.601 -16.385 -15.511 -15.048 -14.487 -16.496
0.623863 -15.965 -16.194 -16.39 -16.692 -16.697 -16.586 -16.428 -16.702 -16.695 -16.579 -16.376 -16.09 -16.703 -16.668 -16.479 -16.274 -16.047 -16.666 -16.489 -16.284 -16.116 -16.036 -16.476 -16.598 -16.392 -15.534 -15.075 -14.516 -16.497
0.642731 -15.878 -16.119 -16.332 -16.662 -16.683 -16.584 -16.386 -16.675 -16.681 -16.578 -16.383 -16.104 -16.675 -16.658 -16.483 -16.284 -16.063 -16.658 -16.492 -16.294 -16.13 -16.05 -16.478 -16.594 -16.399 -15.556 -15.1 -14.545 -16.496
0.66217 -15.787 -16.04 -16.27 -16.63 -16.668 -16.582 -16.342 -16.645 -16.666 -16.575 -16.389 -16.118 -16.645 -16.647 -16.485 -16.294 -16.077 -16.648 -16.495 -16.303 -16.143 -16.064 -16.478 -16.589 -16.404 -15.578 -15.126 -14.573 -16.494
0.682197 -15.693 -15.958 -16.205 -16.595 -16.651 -16.577 -16.297 -16.614 -16.649 -16.571 -16.394 -16.131 -16.613 -16.635 -16.487 -16.303 -16.091 -16.637 -16.496 -16.312 -16.155 -16.077 -16.477 -16.582 -16.409 -15.599 -15.151 -14.602 -16.491
0.70283 -15.595 -15.872 -16.138 -16.559 -16.632 -16.572 -16.25 -16.58 -16.63 -16.566 -16.398 -16.143 -16.579 -16.62 -16.487 -16.31 -16.105 -16.625 -16.496 -16.319 -16.167 -16.09 -16.475 -16.574 -16.412 -15.62 -15.176 -14.63 -16.486
0.724086 -15.493 -15.781 -16.066 -16.519 -16.611 -16.564 -16.201 -16.544 -16.609 -16.559 -16.401 -16.154 -16.542 -16.604 -16.486 -16.317 -16.117 -16.611 -16.495 -16.326 -16.177 -16.102 -16.472 -16.565 -16.414 -15.64 -15.201 -14.658 -16.481
0.745986 -15.387 -15.687 -15.992 -16.477 -16.588 -16.556 -16.15 -16.505 -16.586 -16.55 -16.403 -16.164 -16.503 -16.586 -16.484 -16.323 -16.128 -16.595 -16.493 -16.331 -16.187 -16.113 -16.467 -16.554 -16.416 -15.66 -15.225 -14.686 -16.474
0.768548 -15.277 -15.588 -15.914 -16.432 -16.563 -16.546 -16.098 -16.464 -16.561 -16.541 -16.403 -16.174 -16.461 -16.567 -16.481 -16.328 -16.139 -16.577 -16.489 -16.336 -16.197 -16.124 -16.461 -16.541 -16.415 -15.679 -15.248 -14.713 -16.465
0.791792 -15.163 -15.485 -15.833 -16.385 -16.536 -16.534 -16.043 -16.42 -16.534 -16.529 -16.403 -16.182 -16.416 -16.545 -16.476 -16.332 -16.149 -16.557 -16.484 -16.339 -16.205 -16.134 -16.453 -16.526 -16.414 -15.698 -15.272 -14.74 -16.455
0.815739 -15.046 -15.378 -15.748 -16.335 -16.506 -16.52 -15.987 -16.374 -16.505 -16.516 -16.401 -16.19 -16.369 -16.521 -16.469 -16.334 -16.158 -16.536 -16.477 -16.342 -16.212 -16.144 -16.445 -16.51 -16.412 -15.716 -15.294 -14.767 -16.444
0.840411 -14.924 -15.266 -15.66 -16.281 -16.475 -16.505 -15.928 -16.324 -16.474 -16.501 -16.397 -16.197 -16.318 -16.496 -16.461 -16.335 -16.166 -16.512 -16.469 -16.343 -16.219 -16.153 -16.434 -16.492 -16.408 -15.733 -15.317 -14.793 -16.431
0.865828 -14.797 -15.149 -15.567 -16.225 -16.441 -16.488 -15.868 -16.272 -16.44 -16.484 -16.393 -16.202 -16.265 -16.468 -16.452 -16.336 -16.173 -16.487 -16.46 -16.343 -16.224 -16.16 -16.422 -16.472 -16.402 -15.75 -15.339 -14.819 -16.417
0.892015 -14.667 -15.028 -15.471 -16.166 -16.404 -16.469 -15.806 -16.216 -16.404 -16.466 -16.387 -16.207 -16.208 -16.438 -16.441 -16.335 -16.179 -16.459 -16.449 -16.342 -16.229 -16.168 -16.409 -16.451 -16.395 -15.766 -15.36 -14.845 -16.402
0.918993 -14.532 -14.901 -15.371 -16.103 -16.365 -16.448 -15.742 -16.158 -16.365 -16.445 -16.379 -16.21 -16.149 -16.405 -16.428 -16.332 -16.184 -16.429 -16.436 -16.34 -16.232 -16.174 -16.394 -16.427 -16.387 -15.781 -15.381 -14.87 -16.384
0.946787 -14.393 -14.769 -15.267 -16.037 -16.324 -16.425 -15.675 -16.096 -16.324 -16.423 -16.371 -16.213 -16.086 -16.371 -16.414 -16.328 -16.188 -16.397 -16.422 -16.336 -16.235 -16.179 -16.377 -16.401 -16.377 -15.796 -15.401 -14.895 -16.365
0.975422 -14.25 -14.632 -15.158 -15.967 -16.28 -16.4 -15.607 -16.031 -16.28 -16.398 -16.36 -16.214 -16.02 -16.333 -16.398 -16.323 -16.191 -16.363 -16.406 -16.331 -16.236 -16.184 -16.359 -16.374 -16.366 -15.81 -15.421 -14.92 -16.344
1.004923 -14.102 -14.49 -15.045 -15.894 -16.232 -16.373 -15.536 -15.962 -16.233 -16.372 -16.348 -16.214 -15.95 -16.294 -16.38 -16.317 -16.193 -16.326 -16.388 -16.325 -16.236 -16.187 -16.339 -16.344 -16.353 -15.823 -15.441 -14.944 -16.322
1.035317 -13.95 -14.342 -14.928 -15.817 -16.183 -16.344 -15.463 -15.89 -16.184 -16.343 -16.334 -16.213 -15.876 -16.251 -16.36 -16.309 -16.193 -16.287 -16.368 -16.317 -16.235 -16.19 -16.317 -16.311 -16.338 -15.835 -15.459 -14.968 -16.298
1.066629 -13.794 -14.188 -14.807 -15.736 -16.13 -16.312 -15.388 -15.814 -16.131 -16.312 -16.319 -16.21 -15.799 -16.206 -16.338 -16.299 -16.192 -16.245 -16.346 -16.307 -16.232 -16.191 -16.293 -16.277 -16.322 -15.847 -15.478 -14.992 -16.272
1.098888 -13.634 -14.028 -14.68 -15.651 -16.074 -16.278 -15.311 -15.734 -16.075 -16.278 -16.301 -16.207 -15.718 -16.158 -16.314 -16.288 -16.19 -16.2 -16.322 -16.296 -16.229 -16.191 -16.267 -16.24 -16.303 -15.858 -15.495 -15.015 -16.244
1.132124 -13.47 -13.862 -14.549 -15.562 -16.014 -16.241 -15.232 -15.651 -16.017 -16.242 -16.282 -16.201 -15.632 -16.107 -16.288 -16.275 -16.187 -16.153 -16.297 -16.284 -16.224 -16.19 -16.239 -16.2 -16.283 -15.868 -15.512 -15.037 -16.214
1.166364 -13.301 -13.69 -14.414 -15.469 -15.952 -16.202 -15.15 -15.563 -15.955 -16.204 -16.261 -16.195 -15.543 -16.054 -16.26 -16.26 -16.182 -16.103 -16.269 -16.269 -16.217 -16.188 -16.21 -16.159 -16.261 -15.877 -15.528 -15.059 -16.182
1.20164 -13.129 -13.511 -14.273 -15.371 -15.886 -16.16 -15.066 -15.471 -15.889 -16.163 -16.238 -16.186 -15.449 -15.997 -16.229 -16.244 -16.176 -16.049 -16.238 -16.253 -16.209 -16.185 -16.178 -16.114 -16.237 -15.885 -15.544 -15.081 -16.148
1.237983 -12.954 -13.326 -14.127 -15.269 -15.816 -16.116 -14.98 -15.375 -15.82 -16.119 -16.213 -16.177 -15.351 -15.936 -16.197 -16.226 -16.168 -15.993 -16.206 -16.235 -16.2 -16.181 -16.143 -16.067 -16.211 -15.892 -15.559 -15.102 -16.112
1.275425 -12.776 -13.134 -13.976 -15.163 -15.743 -16.068 -14.891 -15.274 -15.748 -16.072 -16.186 -16.166 -15.249 -15.873 -16.161 -16.206 -16.159 -15.934 -16.171 -16.215 -16.189 -16.175 -16.107 -16.016 -16.182 -15.898 -15.573 -15.123 -16.074
1.313999 -12.594 -12.934 -13.82 -15.051 -15.666 -16.018 -14.799 -15.169 -15.672 -16.023 -16.156 -16.153 -15.141 -15.806 -16.123 -16.183 -16.148 -15.871 -16.133 -16.194 -16.176 -16.168 -16.068 -15.963 -16.152 -15.903 -15.587 -15.144 -16.034
1.35374 -12.411 -12.728 -13.659 -14.935 -15.585 -15.964 -14.705 -15.058 -15.592 -15.97 -16.125 -16.138 -15.029 -15.736 -16.083 -16.159 -16.135 -15.805 -16.093 -16.17 -16.162 -16.159 -16.027 -15.907 -16.119 -15.907 -15.6 -15.163 -15.992
1.394683 -12.226 -12.515 -13.492 -14.814 -15.501 -15.908 -14.608 -14.943 -15.508 -15.914 -16.091 -16.122 -14.912 -15.662 -16.04 -16.133 -16.121 -15.736 -16.051 -16.144 -16.146 -16.149 -15.984 -15.848 -16.083 -15.91 -15.612 -15.183 -15.947
1.436864 -12.041 -12.293 -13.32 -14.687 -15.412 -15.848 -14.509 -14.823 -15.419 -15.856 -16.054 -16.103 -14.79 -15.584 -15.994 -16.104 -16.105 -15.663 -16.005 -16.116 -16.128 -16.138 -15.938 -15.786 -16.046 -15.912 -15.623 -15.201 -15.9
1.480321 -11.855 -12.064 -13.143 -14.555 -15.318 -15.785 -14.407 -14.698 -15.327 -15.793 -16.015 -16.083 -14.662 -15.502 -15.945 -16.073 -16.088 -15.587 -15.957 -16.085 -16.108 -16.125 -15.889 -15.72 -16.005 -15.913 -15.634 -15.22 -15.851
1.525092 -11.671 -11.827 -12.959 -14.417 -15.221 -15.718 -14.302 -14.568 -15.231 -15.728 -15.974 -16.061 -14.529 -15.417 -15.893 -16.04 -16.068 -15.507 -15.906 -16.053 -16.086 -16.11 -15.838 -15.651 -15.962 -15.912 -15.643 -15.237 -15.799
1.571218 -11.488 -11.582 -12.771 -14.274 -15.119 -15.647 -14.194 -14.432 -15.13 -15.659 -15.93 -16.037 -14.39 -15.327 -15.838 -16.004 -16.046 -15.423 -15.852 -16.018 -16.063 -16.093 -15.784 -15.579 -15.917 -15.91 -15.652 -15.254 -15.745
1.618738 -11.309 -11.329 -12.576 -14.124 -15.012 -15.573 -14.083 -14.29 -15.024 -15.586 -15.883 -16.011 -14.246 -15.233 -15.78 -15.966 -16.023 -15.335 -15.794 -15.98 -16.037 -16.075 -15.727 -15.503 -15.868 -15.907 -15.66 -15.271 -15.688
1.667696 -11.135 -11.067 -12.376 -13.969 -14.9 -15.495 -13.969 -14.142 -14.914 -15.509 -15.833 -15.983 -14.095 -15.135 -15.719 -15.925 -15.997 -15.243 -15.734 -15.94 -16.009 -16.055 -15.668 -15.423 -15.817 -15.903 -15.667 -15.287 -15.629
1.718134 -10.966 -10.796 -12.17 -13.808 -14.784 -15.413 -13.852 -13.989 -14.798 -15.429 -15.781 -15.952 -13.938 -15.032 -15.654 -15.882 -15.969 -15.146 -15.67 -15.897 -15.979 -16.033 -15.605 -15.34 -15.763 -15.897 -15.673 -15.302 -15.568
1.770098 -10.805 -10.517 -11.958 -13.64 -14.662 -15.327 -13.732 -13.829 -14.678 -15.344 -15.725 -15.919 -13.775 -14.925 -15.586 -15.835 -15.939 -15.046 -15.603 -15.852 -15.946 -16.009 -15.54 -15.253 -15.705 -15.89 -15.677 -15.317 -15.504
1.823633 -10.652 -10.229 -11.741 -13.465 -14.535 -15.237 -13.608 -13.663 -14.553 -15.256 -15.666 -15.884 -13.605 -14.812 -15.514 -15.786 -15.906 -14.941 -15.532 -15.803 -15.911 -15.983 -15.471 -15.162 -15.645 -15.881 -15.681 -15.331 -15.437
1.878788 -10.508 -9.931 -11.518 -13.284 -14.403 -15.143 -13.482 -13.49 -14.422 -15.163 -15.604 -15.847 -13.429 -14.695 -15.438 -15.734 -15.871 -14.832 -15.457 -15.752 -15.874 -15.955 -15.399 -15.066 -15.581 -15.871 -15.684 -15.344 -15.367
1.93561 -10.375 -9.624 -11.289 -13.095 -14.265 -15.043 -13.352 -13.311 -14.286 -15.066 -15.539 -15.806 -13.246 -14.573 -15.359 -15.679 -15.834 -14.718 -15.379 -15.697 -15.834 -15.925 -15.324 -14.967 -15.514 -15.859 -15.686 -15.357 -15.295
1.994152 -10.251 -9.308 -11.054 -12.9 -14.121 -14.94 -13.218 -13.125 -14.144 -14.964 -15.471 -15.764 -13.056 -14.446 -15.275 -15.62 -15.794 -14.6 -15.297 -15.64 -15.792 -15.893 -15.246 -14.863 -15.443 -15.845 -15.687 -15.368 -15.221
2.054463 -10.139 -8.983 -10.814 -12.697 -13.971 -14.831 -13.081 -12.931 -13.997 -14.858 -15.399 -15.718 -12.858 -14.313 -15.188 -15.558 -15.752 -14.477 -15.211 -15.579 -15.747 -15.858 -15.164 -14.755 -15.369 -15.83 -15.686 -15.38 -15.143
2.116599 -10.036 -8.649 -10.569 -12.487 -13.816 -14.718 -12.941 -12.73 -13.844 -14.747 -15.323 -15.67 -12.653 -14.175 -15.096 -15.493 -15.706 -14.349 -15.121 -15.515 -15.699 -15.821 -15.079 -14.642 -15.292 -15.813 -15.685 -15.39 -15.063
2.180614 -9.944 -8.306 -10.318 -12.269 -13.654 -14.599 -12.796 -12.522 -13.684 -14.631 -15.244 -15.619 -12.44 -14.031 -15.0 -15.425 -15.658 -14.216 -15.027 -15.448 -15.648 -15.782 -14.99 -14.524 -15.21 -15.795 -15.682 -15.4 -14.98
2.246566 -9.86 -7.956 -10.062 -12.043 -13.486 -14.476 -12.649 -12.306 -13.519 -14.51 -15.161 -15.565 -12.219 -13.882 -14.899 -15.353 -15.608 -14.079 -14.929 -15.377 -15.594 -15.74 -14.897 -14.402 -15.125 -15.774 -15.678 -15.409 -14.895
2.314511 -9.784 -7.598 -9.801 -11.808 -13.311 -14.347 -12.497 -12.083 -13.347 -14.383 -15.074 -15.508 -11.99 -13.727 -14.794 -15.277 -15.554 -13.937 -14.826 -15.303 -15.537 -15.695 -14.801 -14.275 -15.036 -15.752 -15.673 -15.417 -14.807
2.384512 -9.715 -7.236 -9.536 -11.566 -13.13 -14.213 -12.341 -11.851 -13.169 -14.252 -14.983 -15.449 -11.753 -13.565 -14.684 -15.197 -15.497 -13.79 -14.719 -15.224 -15.477 -15.648 -14.701 -14.143 -14.943 -15.728 -15.666 -15.424 -14.716
2.45663 -9.653 -6.87 -9.265 -11.315 -12.942 -14.073 -12.182 -11.611 -12.984 -14.115 -14.888 -15.385 -11.507 -13.398 -14.57 -15.113 -15.437 -13.638 -14.607 -15.143 -15.414 -15.598 -14.597 -14.006 -14.845 -15.701 -15.658 -15.431 -14.623
2.530929 -9.595 -6.504 -8.989 -11.055 -12.747 -13.927 -12.018 -11.362 -12.792 -13.973 -14.789 -15.319 -11.253 -13.224 -14.45 -15.026 -15.374 -13.481 -14.491 -15.057 -15.347 -15.546 -14.489 -13.864 -14.744 -15.673 -15.649 -15.437 -14.527
2.607475 -9.541 -6.143 -8.71 -10.786 -12.544 -13.775 -11.851 -11.105 -12.594 -13.824 -14.686 -15.25 -10.989 -13.043 -14.325 -14.934 -15.307 -13.32 -14.37 -14.967 -15.278 -15.49 -14.377 -13.716 -14.638 -15.642 -15.638 -15.441 -14.428
2.686337 -9.491 -5.792 -8.425 -10.507 -12.334 -13.618 -11.68 -10.839 -12.388 -13.67 -14.579 -15.177 -10.717 -12.856 -14.195 -14.838 -15.237 -13.155 -14.244 -14.873 -15.204 -15.432 -14.261 -13.563 -14.528 -15.61 -15.626 -15.445 -14.327
2.767583 -9.444 -5.458 -8.137 -10.22 -12.117 -13.454 -11.504 -10.563 -12.175 -13.51 -14.467 -15.1 -10.434 -12.662 -14.06 -14.738 -15.164 -12.986 -14.114 -14.775 -15.127 -15.371 -14.141 -13.405 -14.413 -15.575 -15.612 -15.448 -14.224
2.851287 -9.398 -5.149 -7.844 -9.923 -11.892 -13.283 -11.325 -10.279 -11.955 -13.344 -14.351 -15.02 -10.143 -12.461 -13.919 -14.634 -15.086 -12.812 -13.978 -14.673 -15.047 -15.307 -14.016 -13.241 -14.294 -15.537 -15.597 -15.451 -14.119
2.937522 -9.355 -4.873 -7.548 -9.615 -11.659 -13.107 -11.141 -9.984 -11.727 -13.172 -14.23 -14.936 -9.841 -12.254 -13.773 -14.524 -15.006 -12.636 -13.838 -14.566 -14.962 -15.239 -13.887 -13.071 -14.17 -15.498 -15.58 -15.452 -14.012
3.026365 -9.312 -4.634 -7.247 -9.298 -11.418 -12.923 -10.954 -9.68 -11.491 -12.993 -14.104 -14.849 -9.529 -12.038 -13.621 -14.411 -14.921 -12.457 -13.693 -14.455 -14.874 -15.169 -13.754 -12.895 -14.041 -15.456 -15.562 -15.452 -13.902
3.117896 -9.27 -4.435 -6.942 -8.97 -11.169 -12.733 -10.762 -9.366 -11.248 -12.808 -13.973 -14.758 -9.207 -11.816 -13.463 -14.292 -14.833 -12.276 -13.542 -14.34 -14.782 -15.095 -13.616 -12.713 -13.908 -15.411 -15.542 -15.452 -13.791
