web/models/kne.last_good/kappa_1_10/34/villar_0.0028_0.3120_10.0000.dat
# %ECSV 1.0
# ---
# datatype:
# - {name: time, datatype: float64}
# - {name: swift_uvot_uvw2, datatype: float64}
# - {name: swift_uvot_uvm2, datatype: float64}
# - {name: swift_uvot_uvw1, datatype: float64}
# - {name: swift_uvot_U, datatype: float64}
# - {name: swift_uvot_B, datatype: float64}
# - {name: swift_uvot_V, datatype: float64}
# - {name: swift_uvot_W, datatype: float64}
# - {name: johnson_U, datatype: float64}
# - {name: johnson_B, datatype: float64}
# - {name: johnson_V, datatype: float64}
# - {name: johnson_R, datatype: float64}
# - {name: johnson_I, datatype: float64}
# - {name: sdss_u, datatype: float64}
# - {name: sdss_g, datatype: float64}
# - {name: sdss_r, datatype: float64}
# - {name: sdss_i, datatype: float64}
# - {name: sdss_z, datatype: float64}
# - {name: PS1_g, datatype: float64}
# - {name: PS1_r, datatype: float64}
# - {name: PS1_i, datatype: float64}
# - {name: PS1_z, datatype: float64}
# - {name: PS1_Y, datatype: float64}
# - {name: PS1_w, datatype: float64}
# - {name: ATLAS_c, datatype: float64}
# - {name: ATLAS_o, datatype: float64}
# - {name: ukirt_J, datatype: float64}
# - {name: ukirt_H, datatype: float64}
# - {name: ukirt_K, datatype: float64}
# - {name: Clear, datatype: float64}
# meta: !!omap
# - comment: [kappa = 10.0, type = villar, mass = 0.0028172691138521437, velocity = 0.312, theta_obs = 0.0]
# schema: astropy-2.0
time swift_uvot_uvw2 swift_uvot_uvm2 swift_uvot_uvw1 swift_uvot_U swift_uvot_B swift_uvot_V swift_uvot_W johnson_U johnson_B johnson_V johnson_R johnson_I sdss_u sdss_g sdss_r sdss_i sdss_z PS1_g PS1_r PS1_i PS1_z PS1_Y PS1_w ATLAS_c ATLAS_o ukirt_J ukirt_H ukirt_K Clear
[from data line 291]
5.829166 1.879 4.739 2.294 0.237 -1.419 -2.572 -0.672 -0.065 -1.463 -2.616 -3.409 -3.92 0.042 -1.884 -3.081 -3.639 -3.973 -2.126 -3.118 -3.667 -3.947 -4.134 -3.113 -2.507 -3.364 -4.253 -4.218 -3.997 -3.132
6.005465 2.446 5.306 2.861 0.804 -0.852 -2.005 -0.105 0.503 -0.896 -2.049 -2.842 -3.353 0.609 -1.317 -2.514 -3.072 -3.406 -1.559 -2.551 -3.1 -3.38 -3.567 -2.546 -1.94 -2.797 -3.686 -3.651 -3.43 -2.565
6.187096 3.047 5.907 3.463 1.406 -0.25 -1.403 0.497 1.104 -0.294 -1.447 -2.24 -2.751 1.211 -0.716 -1.912 -2.47 -2.804 -0.958 -1.949 -2.498 -2.778 -2.965 -1.944 -1.338 -2.196 -3.084 -3.049 -2.829 -1.964
6.37422 3.686 6.546 4.102 2.044 0.388 -0.764 1.135 1.743 0.345 -0.808 -1.601 -2.112 1.849 -0.077 -1.273 -1.831 -2.165 -0.319 -1.31 -1.86 -2.14 -2.326 -1.306 -0.699 -1.557 -2.445 -2.41 -2.19 -1.325
6.567004 4.364 7.224 4.78 2.722 1.066 -0.086 1.813 2.421 1.023 -0.13 -0.923 -1.434 2.527 0.601 -0.595 -1.153 -1.487 0.359 -0.632 -1.182 -1.462 -1.648 -0.628 -0.021 -0.879 -1.767 -1.732 -1.512 -0.647
6.765619 5.084 7.944 5.499 3.442 1.786 0.633 2.533 3.141 1.742 0.589 -0.203 -0.715 3.247 1.321 0.125 -0.433 -0.768 1.079 0.087 -0.462 -0.742 -0.928 0.092 0.698 -0.159 -1.047 -1.013 -0.792 0.073
6.97024 5.848 8.708 6.263 4.206 2.55 1.397 3.297 3.905 2.506 1.353 0.561 0.049 4.011 2.085 0.889 0.33 -0.004 1.843 0.851 0.302 0.022 -0.165 0.856 1.462 0.605 -0.284 -0.249 -0.028 0.837
7.181051 6.658 9.518 7.074 5.017 3.361 2.208 4.108 4.715 3.317 2.164 1.371 0.86 4.821 2.895 1.699 1.141 0.807 2.653 1.662 1.112 0.833 0.646 1.667 2.273 1.415 0.527 0.562 0.782 1.647
7.398237 7.519 10.379 7.934 5.877 4.221 3.068 4.968 5.576 4.177 3.024 2.232 1.72 5.682 3.756 2.56 2.002 1.668 3.514 2.522 1.973 1.693 1.507 2.527 3.133 2.276 1.388 1.422 1.643 2.508
7.621991 8.432 11.292 8.848 6.79 5.134 3.982 5.881 6.489 5.091 3.938 3.145 2.634 6.595 4.669 3.473 2.915 2.581 4.427 3.436 2.886 2.606 2.42 3.44 4.047 3.189 2.301 2.336 2.556 3.421
7.852513 9.402 12.262 9.817 7.76 6.104 4.951 6.851 7.459 6.06 4.907 4.115 3.603 7.565 5.639 4.443 3.884 3.55 5.397 4.405 3.856 3.576 3.389 4.41 5.016 4.159 3.27 3.305 3.526 4.391
8.090007 10.431 13.291 10.846 8.789 7.133 5.98 7.88 8.488 7.089 5.936 5.143 4.632 8.594 6.668 5.471 4.913 4.579 6.426 5.434 4.885 4.605 4.418 5.439 6.045 5.188 4.299 4.334 4.555 5.42
8.334684 11.523 14.383 11.938 9.881 8.225 7.072 8.972 9.58 8.181 7.028 6.236 5.724 9.686 7.76 6.564 6.006 5.671 7.518 6.526 5.977 5.697 5.511 6.531 7.137 6.28 5.392 5.426 5.647 6.512
8.586761 12.682 15.542 13.097 11.04 9.384 8.231 10.131 10.739 9.34 8.188 7.395 6.883 10.845 8.919 7.723 7.165 6.831 8.677 7.685 7.136 6.856 6.67 7.69 8.296 7.439 6.551 6.585 6.806 7.671
8.846461 13.912 16.772 14.328 12.27 10.614 9.462 11.362 11.969 10.571 9.418 8.625 8.114 12.075 10.149 8.953 8.395 8.061 9.907 8.916 8.366 8.087 7.9 8.92 9.527 8.669 7.781 7.816 8.036 8.901
9.114017 15.218 18.078 15.634 13.576 11.92 10.768 12.667 13.275 11.877 10.724 9.931 9.42 13.381 11.455 10.259 9.701 9.367 11.213 10.222 9.672 9.392 9.206 10.226 10.833 9.975 9.087 9.122 9.342 10.207
9.389664 16.604 19.464 17.02 14.962 13.306 12.154 14.054 14.661 13.263 12.11 11.317 10.806 14.767 12.841 11.645 11.087 10.753 12.599 11.608 11.058 10.779 10.592 11.613 12.219 11.361 10.473 10.508 10.728 11.593
9.673648 18.076 20.936 18.491 16.434 14.778 13.625 15.525 16.132 14.734 13.581 12.788 12.277 16.239 14.313 13.116 12.558 12.224 14.07 13.079 12.53 12.25 12.063 13.084 13.69 12.833 11.944 11.979 12.2 13.065
9.966221 19.637 22.497 20.053 17.995 16.339 15.186 17.086 17.694 16.295 15.143 14.35 13.838 17.8 15.874 14.678 14.12 13.786 15.632 14.641 14.091 13.811 13.625 14.645 15.251 14.394 13.506 13.54 13.761 14.626
10.267642 21.295 24.155 21.71 19.653 17.997 16.844 18.744 19.351 17.953 16.8 16.007 15.496 19.458 17.532 16.335 15.777 15.443 17.289 16.298 15.749 15.469 15.282 16.303 16.909 16.052 15.163 15.198 15.419 16.284
10.57818 23.054 25.914 23.469 21.412 19.756 18.603 20.503 21.111 19.712 18.559 17.767 17.255 21.217 19.291 18.095 17.537 17.202 19.049 18.057 17.508 17.228 17.042 18.062 18.668 17.811 16.923 16.957 17.178 18.043
10.89811 24.921 27.781 25.336 23.279 21.623 20.47 22.37 22.978 21.579 20.427 19.634 19.122 23.084 21.158 19.962 19.404 19.07 20.916 19.924 19.375 19.095 18.909 19.929 20.535 19.678 18.79 18.824 19.045 19.91
11.227716 26.903 29.763 27.318 25.261 23.605 22.452 24.352 24.96 23.561 22.408 21.616 21.104 25.066 23.14 21.944 21.386 21.052 22.898 21.906 21.357 21.077 20.891 21.911 22.517 21.66 20.772 20.806 21.027 21.892
11.56729 29.006 31.866 29.422 27.365 25.709 24.556 26.456 27.063 25.665 24.512 23.719 23.208 27.17 25.243 24.047 23.489 23.155 25.001 24.01 23.461 23.181 22.994 24.015 24.621 23.764 22.875 22.91 23.131 23.995
11.917135 31.239 34.099 31.655 29.597 27.941 26.789 28.688 29.296 27.898 26.745 25.952 25.441 29.402 27.476 26.28 25.722 25.388 27.234 26.243 25.693 25.413 25.227 26.247 26.854 25.996 25.108 25.143 25.363 26.228
12.277561 33.609 36.469 34.025 31.967 30.311 29.158 31.058 31.666 30.267 29.115 28.322 27.81 31.772 29.846 28.65 28.092 27.758 29.604 28.613 28.063 27.783 27.597 28.617 29.223 28.366 27.478 27.512 27.733 28.598
12.648887 36.124 38.984 36.54 34.483 32.827 31.674 33.574 34.181 32.783 31.63 30.837 30.326 34.288 32.361 31.165 30.607 30.273 32.119 31.128 30.579 30.299 30.112 31.133 31.739 30.881 29.993 30.028 30.248 31.113
13.031444 38.794 41.654 39.21 37.152 35.496 34.344 36.243 36.851 35.453 34.3 33.507 32.996 36.957 35.031 33.835 33.277 32.943 34.789 33.798 33.248 32.968 32.782 33.802 34.409 33.551 32.663 32.698 32.918 33.783
13.425571 41.628 44.488 42.043 39.986 38.33 37.177 39.077 39.685 38.286 37.134 36.341 35.829 39.791 37.865 36.669 36.111 35.777 37.623 36.631 36.082 35.802 35.616 36.636 37.242 36.385 35.497 35.531 35.752 36.617
13.831619 44.636 47.496 45.051 42.994 41.338 40.185 42.085 42.693 41.294 40.141 39.349 38.837 42.799 40.873 39.677 39.119 38.784 40.631 39.639 39.09 38.81 38.624 39.644 40.25 39.393 38.505 38.539 38.76 39.625
14.249947 47.828 50.688 48.244 46.186 44.53 43.378 45.277 45.885 44.487 43.334 42.541 42.03 45.991 44.065 42.869 42.311 41.977 43.823 42.832 42.282 42.002 41.816 42.836 43.443 42.585 41.697 41.732 41.952 42.817
14.680926 51.217 54.077 51.632 49.575 47.919 46.766 48.666 49.274 47.875 46.722 45.93 45.418 49.38 47.454 46.258 45.699 45.365 47.212 46.22 45.671 45.391 45.205 46.225 46.831 45.974 45.086 45.12 45.341 46.206
15.124941 54.813 57.673 55.229 53.171 51.515 50.363 52.262 52.87 51.472 50.319 49.526 49.015 52.976 51.05 49.854 49.296 48.962 50.808 49.817 49.267 48.987 48.801 49.821 50.428 49.57 48.682 48.717 48.937 49.802
15.582385 58.631 61.491 59.046 56.989 55.333 54.18 56.08 56.688 55.289 54.136 53.343 52.832 56.794 54.868 53.671 53.113 52.779 54.626 53.634 53.085 52.805 52.618 53.639 54.245 53.388 52.499 52.534 52.755 53.62
16.053663 62.682 65.542 63.098 61.041 59.385 58.232 60.132 60.739 59.341 58.188 57.395 56.884 60.845 58.919 57.723 57.165 56.831 58.677 57.686 57.136 56.857 56.67 57.691 58.297 57.439 56.551 56.586 56.806 57.671
16.539195 66.983 69.843 67.398 65.341 63.685 62.532 64.432 65.04 63.641 62.489 61.696 61.184 65.146 63.22 62.024 61.466 61.132 62.978 61.986 61.437 61.157 60.971 61.991 62.597 61.74 60.852 60.886 61.107 61.972
17.039412 71.548 74.408 71.963 69.906 68.25 67.097 68.997 69.604 68.206 67.053 66.26 65.749 69.711 67.785 66.588 66.03 65.696 67.543 66.551 66.002 65.722 65.535 66.556 67.162 66.305 65.416 65.451 65.672 66.537
17.554757 76.393 79.252 76.808 74.751 73.095 71.942 73.842 74.449 73.051 71.898 71.105 70.594 74.556 72.63 71.433 70.875 70.541 72.387 71.396 70.847 70.567 70.38 71.401 72.007 71.15 70.261 70.296 70.517 71.381
18.085689 81.535 84.395 81.95 79.893 78.237 77.084 78.984 79.592 78.193 77.041 76.248 75.736 79.698 77.772 76.576 76.018 75.684 77.53 76.538 75.989 75.709 75.523 76.543 77.149 76.292 75.404 75.438 75.659 76.524
18.632678 86.993 89.853 87.409 85.351 83.695 82.542 84.442 85.05 83.651 82.499 81.706 81.194 85.156 83.23 82.034 81.476 81.142 82.988 81.997 81.447 81.167 80.981 82.001 82.607 81.75 80.862 80.896 81.117 81.982
19.196211 92.786 95.646 93.202 91.145 89.489 88.336 90.236 90.843 89.445 88.292 87.499 86.988 90.95 89.023 87.827 87.269 86.935 88.781 87.79 87.241 86.961 86.774 87.795 88.401 87.543 86.655 86.69 86.91 87.775
19.776787 98.935 101.795 99.351 97.294 95.638 94.485 96.385 96.992 95.594 94.441 93.648 93.137 97.099 95.172 93.976 93.418 93.084 94.93 93.939 93.39 93.11 92.923 93.944 94.55 93.693 92.804 92.839 93.06 93.924
20.374923 105.462 108.322 105.878 103.82 102.164 101.011 102.911 103.519 102.12 100.968 100.175 99.663 103.625 101.699 100.503 99.945 99.611 101.457 100.466 99.916 99.636 99.45 100.47 101.076 100.219 99.331 99.365 99.586 100.451
20.991149 112.39 115.249 112.805 110.748 109.092 107.939 109.839 110.446 109.048 107.895 107.102 106.591 110.553 108.627 107.43 106.872 106.538 108.384 107.393 106.844 106.564 106.377 107.398 108.004 107.147 106.258 106.293 106.514 107.378
21.626011 119.742 122.602 120.158 118.1 116.444 115.292 117.191 117.799 116.401 115.248 114.455 113.944 117.905 115.979 114.783 114.225 113.891 115.737 114.746 114.196 113.916 113.73 114.75 115.357 114.499 113.611 113.646 113.866 114.731
22.280075 127.546 130.406 127.962 125.905 124.249 123.096 124.996 125.603 124.205 123.052 122.259 121.748 125.71 123.783 122.587 122.029 121.695 123.541 122.55 122.001 121.721 121.534 122.555 123.161 122.304 121.415 121.45 121.671 122.535
22.953921 135.83 138.69 136.245 134.188 132.532 131.379 133.279 133.887 132.488 131.335 130.543 130.031 133.993 132.067 130.871 130.313 129.979 131.825 130.833 130.284 130.004 129.818 130.838 131.444 130.587 129.699 129.733 129.954 130.819
23.648147 144.622 147.482 145.037 142.98 141.324 140.171 142.071 142.679 141.28 140.128 139.335 138.823 142.785 140.859 139.663 139.105 138.771 140.617 139.625 139.076 138.796 138.61 139.63 140.236 139.379 138.491 138.525 138.746 139.611
24.363369 153.954 156.814 154.369 152.312 150.656 149.503 151.403 152.011 150.612 149.459 148.667 148.155 152.117 150.191 148.995 148.437 148.103 149.949 148.957 148.408 148.128 147.942 148.962 149.568 148.711 147.823 147.857 148.078 148.943
25.100222 163.859 166.719 164.274 162.217 160.561 159.408 161.308 161.916 160.517 159.364 158.572 158.06 162.022 160.096 158.9 158.342 158.008 159.854 158.862 158.313 158.033 157.847 158.867 159.473 158.616 157.728 157.762 157.983 158.848
25.859362 174.372 177.232 174.787 172.73 171.074 169.921 171.821 172.429 171.03 169.878 169.085 168.573 172.535 170.609 169.413 168.855 168.521 170.367 169.375 168.826 168.546 168.36 169.38 169.986 169.129 168.241 168.275 168.496 169.361
26.64146 185.531 188.391 185.946 183.889 182.233 181.08 182.98 183.588 182.189 181.036 180.244 179.732 183.694 181.768 180.572 180.013 179.679 181.526 180.534 179.985 179.705 179.519 180.539 181.145 180.288 179.399 179.434 179.655 180.52
27.447213 197.375 200.235 197.79 195.733 194.077 192.924 194.824 195.431 194.033 192.88 192.087 191.576 195.538 193.612 192.415 191.857 191.523 193.369 192.378 191.829 191.549 191.362 192.383 192.989 192.132 191.243 191.278 191.499 192.364
28.277335 209.946 212.806 210.361 208.304 206.648 205.495 207.395 208.003 206.604 205.451 204.659 204.147 208.109 206.183 204.987 204.428 204.094 205.941 204.949 204.4 204.12 203.933 204.954 205.56 204.703 203.814 203.849 204.07 204.935
29.132564 223.289 226.149 223.704 221.647 219.991 218.838 220.738 221.346 219.947 218.794 218.002 217.49 221.452 219.526 218.33 217.771 217.437 219.284 218.292 217.743 217.463 217.277 218.297 218.903 218.046 217.157 217.192 217.413 218.278
30.013659 237.451 240.311 237.866 235.809 234.153 233.0 234.9 235.508 234.109 232.957 232.164 231.652 235.614 233.688 232.492 231.934 231.6 233.446 232.454 231.905 231.625 231.439 232.459 233.065 232.208 231.32 231.354 231.575 232.44
30.921401 252.483 255.343 252.898 250.841 249.185 248.032 249.932 250.54 249.141 247.989 247.196 246.684 250.646 248.72 247.524 246.966 246.632 248.478 247.486 246.937 246.657 246.471 247.491 248.097 247.24 246.352 246.386 246.607 247.472
31.856598 268.438 271.298 268.853 266.796 265.14 263.987 265.887 266.495 265.096 263.944 263.151 262.639 266.601 264.675 263.479 262.921 262.587 264.433 263.441 262.892 262.612 262.426 263.446 264.052 263.195 262.307 262.341 262.562 263.427
32.820079 285.373 288.233 285.788 283.731 282.075 280.922 282.822 283.429 282.031 280.878 280.085 279.574 283.536 281.61 280.413 279.855 279.521 281.368 280.376 279.827 279.547 279.36 280.381 280.987 280.13 279.241 279.276 279.497 280.362
33.8127 303.347 306.207 303.763 301.705 300.049 298.896 300.796 301.404 300.005 298.853 298.06 297.548 301.51 299.584 298.388 297.83 297.496 299.342 298.351 297.801 297.521 297.335 298.355 298.961 298.104 297.216 297.25 297.471 298.336
34.835342 322.425 325.285 322.841 320.783 319.127 317.975 319.874 320.482 319.084 317.931 317.138 316.627 320.588 318.662 317.466 316.908 316.574 318.42 317.429 316.879 316.599 316.413 317.433 318.04 317.182 316.294 316.329 316.549 317.414
35.888913 342.675 345.535 343.09 341.033 339.377 338.224 340.124 340.732 339.333 338.18 337.388 336.876 340.838 338.912 337.716 337.158 336.824 338.67 337.678 337.129 336.849 336.663 337.683 338.289 337.432 336.544 336.578 336.799 337.664
36.974349 364.168 367.028 364.583 362.526 360.87 359.717 361.617 362.225 360.826 359.674 358.881 358.369 362.331 360.405 359.209 358.651 358.317 360.163 359.171 358.622 358.342 358.156 359.176 359.782 358.925 358.037 358.071 358.292 359.157
38.092613 386.981 389.841 387.396 385.339 383.683 382.53 384.43 385.038 383.639 382.486 381.694 381.182 385.144 383.218 382.022 381.464 381.129 382.976 381.984 381.435 381.155 380.969 381.989 382.595 381.738 380.85 380.884 381.105 381.97
39.244698 411.194 414.054 411.61 409.552 407.896 406.744 408.644 409.251 407.853 406.7 405.907 405.396 409.357 407.431 406.235 405.677 405.343 407.189 406.198 405.648 405.369 405.182 406.203 406.809 405.951 405.063 405.098 405.318 406.183
40.431627 436.895 439.755 437.31 435.253 433.597 432.444 434.344 434.952 433.553 432.4 431.608 431.096 435.058 433.132 431.936 431.377 431.043 432.89 431.898 431.349 431.069 430.883 431.903 432.509 431.652 430.764 430.798 431.019 431.884
41.654454 464.173 467.033 464.589 462.531 460.875 459.723 461.622 462.23 460.832 459.679 458.886 458.374 462.336 460.41 459.214 458.656 458.322 460.168 459.177 458.627 458.347 458.161 459.181 459.788 458.93 458.042 458.077 458.297 459.162
42.914265 493.127 495.987 493.542 491.485 489.829 488.676 490.576 491.184 489.785 488.632 487.839 487.328 491.29 489.364 488.167 487.609 487.275 489.122 488.13 487.581 487.301 487.114 488.135 488.741 487.884 486.995 487.03 487.251 488.116
44.212178 523.858 526.718 524.273 522.216 520.56 519.407 521.307 521.915 520.516 519.363 518.571 518.059 522.021 520.095 518.899 518.341 518.007 519.853 518.861 518.312 518.032 517.846 518.866 519.472 518.615 517.727 517.761 517.982 518.847
45.549345 556.476 559.336 556.892 554.834 553.178 552.026 553.925 554.533 553.135 551.982 551.189 550.677 554.639 552.713 551.517 550.959 550.625 552.471 551.48 550.93 550.65 550.464 551.484 552.091 551.233 550.345 550.38 550.6 551.465
46.926954 591.097 593.957 591.513 589.456 587.799 586.647 588.547 589.154 587.756 586.603 585.81 585.299 589.26 587.334 586.138 585.58 585.246 587.092 586.101 585.551 585.272 585.085 586.106 586.712 585.854 584.966 585.001 585.221 586.086
48.346227 627.844 630.704 628.26 626.203 624.546 623.394 625.294 625.901 624.503 623.35 622.557 622.046 626.007 624.081 622.885 622.327 621.993 623.839 622.848 622.298 622.019 621.832 622.853 623.459 622.601 621.713 621.748 621.968 622.833
49.808426 666.848 669.708 667.263 665.206 663.55 662.397 664.297 664.905 663.506 662.353 661.561 661.049 665.011 663.085 661.889 661.331 660.996 662.843 661.851 661.302 661.022 660.836 661.856 662.462 661.605 660.717 660.751 660.972 661.837
