web/models/kne.last_good/kappa_1_10/34/villar_0.1775_0.3590_1.0000.dat
# %ECSV 1.0
# ---
# datatype:
# - {name: time, datatype: float64}
# - {name: swift_uvot_uvw2, datatype: float64}
# - {name: swift_uvot_uvm2, datatype: float64}
# - {name: swift_uvot_uvw1, datatype: float64}
# - {name: swift_uvot_U, datatype: float64}
# - {name: swift_uvot_B, datatype: float64}
# - {name: swift_uvot_V, datatype: float64}
# - {name: swift_uvot_W, datatype: float64}
# - {name: johnson_U, datatype: float64}
# - {name: johnson_B, datatype: float64}
# - {name: johnson_V, datatype: float64}
# - {name: johnson_R, datatype: float64}
# - {name: johnson_I, datatype: float64}
# - {name: sdss_u, datatype: float64}
# - {name: sdss_g, datatype: float64}
# - {name: sdss_r, datatype: float64}
# - {name: sdss_i, datatype: float64}
# - {name: sdss_z, datatype: float64}
# - {name: PS1_g, datatype: float64}
# - {name: PS1_r, datatype: float64}
# - {name: PS1_i, datatype: float64}
# - {name: PS1_z, datatype: float64}
# - {name: PS1_Y, datatype: float64}
# - {name: PS1_w, datatype: float64}
# - {name: ATLAS_c, datatype: float64}
# - {name: ATLAS_o, datatype: float64}
# - {name: ukirt_J, datatype: float64}
# - {name: ukirt_H, datatype: float64}
# - {name: ukirt_K, datatype: float64}
# - {name: Clear, datatype: float64}
# meta: !!omap
# - comment: [kappa = 1.0, type = villar, mass = 0.1774768329891343, velocity = 0.359, theta_obs = 0.0]
# schema: astropy-2.0
time swift_uvot_uvw2 swift_uvot_uvm2 swift_uvot_uvw1 swift_uvot_U swift_uvot_B swift_uvot_V swift_uvot_W johnson_U johnson_B johnson_V johnson_R johnson_I sdss_u sdss_g sdss_r sdss_i sdss_z PS1_g PS1_r PS1_i PS1_z PS1_Y PS1_w ATLAS_c ATLAS_o ukirt_J ukirt_H ukirt_K Clear
[from data line 145]
0.07522 -13.58 -13.717 -13.806 -13.908 -13.806 -13.614 -13.747 -13.899 -13.802 -13.606 -13.347 -13.012 -13.903 -13.748 -13.471 -13.221 -12.962 -13.737 -13.484 -13.234 -13.045 -12.964 -13.486 -13.642 -13.366 -12.403 -11.918 -11.339 -13.521
0.077495 -13.598 -13.739 -13.833 -13.943 -13.846 -13.657 -13.777 -13.935 -13.842 -13.649 -13.392 -13.06 -13.939 -13.789 -13.516 -13.268 -13.01 -13.779 -13.529 -13.281 -13.092 -13.011 -13.53 -13.685 -13.412 -12.453 -11.97 -11.391 -13.564
0.079839 -13.615 -13.761 -13.859 -13.978 -13.885 -13.7 -13.807 -13.971 -13.882 -13.692 -13.438 -13.107 -13.975 -13.83 -13.561 -13.314 -13.058 -13.82 -13.573 -13.327 -13.139 -13.059 -13.574 -13.727 -13.458 -12.503 -12.021 -11.443 -13.608
0.082253 -13.632 -13.783 -13.885 -14.013 -13.925 -13.744 -13.837 -14.007 -13.922 -13.736 -13.484 -13.155 -14.01 -13.871 -13.605 -13.361 -13.106 -13.861 -13.618 -13.374 -13.187 -13.106 -13.618 -13.77 -13.503 -12.553 -12.072 -11.495 -13.651
0.084741 -13.648 -13.803 -13.911 -14.048 -13.964 -13.786 -13.866 -14.042 -13.961 -13.779 -13.529 -13.203 -14.046 -13.912 -13.65 -13.407 -13.154 -13.902 -13.662 -13.42 -13.234 -13.153 -13.661 -13.812 -13.548 -12.603 -12.123 -11.547 -13.694
0.087304 -13.665 -13.824 -13.936 -14.082 -14.003 -13.829 -13.895 -14.077 -14.0 -13.821 -13.574 -13.25 -14.081 -13.952 -13.694 -13.454 -13.202 -13.943 -13.706 -13.466 -13.281 -13.199 -13.705 -13.854 -13.593 -12.653 -12.174 -11.599 -13.737
0.089944 -13.68 -13.844 -13.961 -14.116 -14.042 -13.872 -13.924 -14.112 -14.039 -13.864 -13.62 -13.298 -14.116 -13.992 -13.739 -13.5 -13.25 -13.984 -13.75 -13.512 -13.328 -13.246 -13.748 -13.896 -13.639 -12.702 -12.225 -11.651 -13.779
0.092665 -13.695 -13.864 -13.985 -14.15 -14.081 -13.914 -13.953 -14.147 -14.078 -13.907 -13.665 -13.345 -14.15 -14.032 -13.783 -13.546 -13.298 -14.024 -13.794 -13.558 -13.375 -13.293 -13.792 -13.937 -13.683 -12.752 -12.276 -11.703 -13.822
0.095467 -13.71 -13.883 -14.01 -14.184 -14.12 -13.957 -13.981 -14.181 -14.117 -13.949 -13.71 -13.392 -14.184 -14.072 -13.827 -13.592 -13.345 -14.064 -13.838 -13.604 -13.422 -13.34 -13.835 -13.979 -13.728 -12.802 -12.327 -11.755 -13.864
0.098355 -13.724 -13.902 -14.033 -14.217 -14.158 -13.999 -14.009 -14.215 -14.155 -13.991 -13.754 -13.439 -14.218 -14.112 -13.87 -13.638 -13.393 -14.104 -13.882 -13.65 -13.469 -13.387 -13.878 -14.02 -13.773 -12.852 -12.378 -11.807 -13.906
0.101329 -13.738 -13.92 -14.057 -14.25 -14.196 -14.041 -14.037 -14.249 -14.193 -14.033 -13.799 -13.486 -14.252 -14.151 -13.914 -13.684 -13.44 -14.144 -13.925 -13.696 -13.515 -13.433 -13.921 -14.062 -13.817 -12.901 -12.428 -11.858 -13.949
0.104394 -13.752 -13.938 -14.08 -14.283 -14.234 -14.083 -14.065 -14.283 -14.231 -14.075 -13.844 -13.533 -14.286 -14.191 -13.958 -13.73 -13.487 -14.184 -13.969 -13.741 -13.562 -13.48 -13.963 -14.103 -13.862 -12.951 -12.479 -11.91 -13.99
0.107551 -13.764 -13.955 -14.102 -14.315 -14.272 -14.124 -14.092 -14.316 -14.269 -14.117 -13.888 -13.58 -14.319 -14.23 -14.001 -13.775 -13.534 -14.223 -14.012 -13.787 -13.609 -13.526 -14.006 -14.144 -13.906 -13.0 -12.53 -11.962 -14.032
0.110804 -13.777 -13.972 -14.125 -14.347 -14.309 -14.166 -14.119 -14.349 -14.306 -14.158 -13.933 -13.627 -14.352 -14.269 -14.044 -13.821 -13.582 -14.263 -14.055 -13.832 -13.655 -13.573 -14.048 -14.184 -13.95 -13.05 -12.58 -12.013 -14.074
0.114155 -13.789 -13.988 -14.146 -14.379 -14.347 -14.207 -14.146 -14.382 -14.344 -14.2 -13.977 -13.674 -14.384 -14.307 -14.087 -13.866 -13.629 -14.302 -14.098 -13.877 -13.701 -13.619 -14.09 -14.225 -13.994 -13.099 -12.631 -12.065 -14.115
0.117608 -13.8 -14.004 -14.168 -14.41 -14.384 -14.248 -14.173 -14.415 -14.381 -14.241 -14.021 -13.72 -14.417 -14.346 -14.13 -13.911 -13.675 -14.341 -14.141 -13.922 -13.748 -13.665 -14.133 -14.265 -14.038 -13.148 -12.681 -12.117 -14.157
0.121165 -13.811 -14.02 -14.189 -14.442 -14.42 -14.289 -14.199 -14.447 -14.418 -14.282 -14.065 -13.767 -14.449 -14.384 -14.173 -13.957 -13.722 -14.38 -14.184 -13.967 -13.794 -13.712 -14.175 -14.305 -14.082 -13.197 -12.732 -12.168 -14.198
0.124829 -13.822 -14.035 -14.209 -14.473 -14.457 -14.33 -14.225 -14.479 -14.454 -14.323 -14.109 -13.813 -14.48 -14.422 -14.216 -14.002 -13.769 -14.418 -14.226 -14.012 -13.84 -13.758 -14.216 -14.345 -14.126 -13.246 -12.782 -12.22 -14.239
0.128605 -13.832 -14.049 -14.23 -14.503 -14.493 -14.37 -14.251 -14.51 -14.49 -14.363 -14.152 -13.859 -14.512 -14.46 -14.258 -14.046 -13.816 -14.456 -14.268 -14.057 -13.886 -13.804 -14.258 -14.385 -14.169 -13.295 -12.833 -12.271 -14.28
0.132494 -13.841 -14.063 -14.249 -14.533 -14.529 -14.411 -14.277 -14.541 -14.527 -14.404 -14.196 -13.905 -14.543 -14.497 -14.301 -14.091 -13.862 -14.494 -14.311 -14.101 -13.932 -13.85 -14.299 -14.424 -14.212 -13.344 -12.883 -12.322 -14.32
0.136502 -13.85 -14.077 -14.269 -14.563 -14.565 -14.451 -14.302 -14.572 -14.562 -14.444 -14.239 -13.951 -14.574 -14.535 -14.343 -14.136 -13.908 -14.532 -14.353 -14.146 -13.977 -13.896 -14.341 -14.464 -14.255 -13.393 -12.933 -12.374 -14.361
0.14063 -13.858 -14.09 -14.288 -14.593 -14.601 -14.491 -14.327 -14.603 -14.598 -14.484 -14.282 -13.997 -14.604 -14.572 -14.385 -14.18 -13.955 -14.57 -14.395 -14.19 -14.023 -13.942 -14.382 -14.503 -14.299 -13.442 -12.983 -12.425 -14.401
0.144883 -13.866 -14.102 -14.306 -14.622 -14.636 -14.531 -14.352 -14.633 -14.633 -14.524 -14.325 -14.043 -14.634 -14.609 -14.427 -14.225 -14.001 -14.607 -14.436 -14.234 -14.068 -13.987 -14.423 -14.542 -14.341 -13.491 -13.033 -12.476 -14.441
0.149265 -13.873 -14.114 -14.324 -14.651 -14.671 -14.571 -14.377 -14.663 -14.668 -14.564 -14.368 -14.089 -14.664 -14.645 -14.468 -14.269 -14.047 -14.645 -14.478 -14.278 -14.114 -14.033 -14.463 -14.581 -14.384 -13.539 -13.083 -12.527 -14.481
0.15378 -13.88 -14.125 -14.342 -14.68 -14.706 -14.61 -14.401 -14.693 -14.703 -14.603 -14.411 -14.134 -14.693 -14.682 -14.51 -14.313 -14.093 -14.682 -14.519 -14.322 -14.159 -14.079 -14.504 -14.619 -14.427 -13.588 -13.133 -12.579 -14.521
0.15843 -13.886 -14.136 -14.359 -14.708 -14.74 -14.649 -14.425 -14.723 -14.738 -14.643 -14.454 -14.18 -14.723 -14.718 -14.551 -14.357 -14.139 -14.718 -14.56 -14.366 -14.204 -14.124 -14.545 -14.658 -14.469 -13.637 -13.183 -12.63 -14.56
0.163222 -13.892 -14.146 -14.376 -14.736 -14.775 -14.688 -14.448 -14.752 -14.772 -14.682 -14.496 -14.225 -14.751 -14.754 -14.592 -14.401 -14.184 -14.755 -14.601 -14.41 -14.25 -14.169 -14.585 -14.696 -14.511 -13.685 -13.233 -12.681 -14.6
0.168159 -13.897 -14.156 -14.392 -14.764 -14.808 -14.727 -14.472 -14.78 -14.806 -14.721 -14.538 -14.27 -14.78 -14.79 -14.633 -14.444 -14.23 -14.791 -14.642 -14.453 -14.294 -14.215 -14.625 -14.734 -14.553 -13.733 -13.283 -12.732 -14.639
0.173245 -13.902 -14.165 -14.408 -14.791 -14.842 -14.766 -14.495 -14.809 -14.84 -14.759 -14.58 -14.315 -14.808 -14.825 -14.674 -14.488 -14.275 -14.827 -14.683 -14.497 -14.339 -14.26 -14.665 -14.771 -14.595 -13.782 -13.333 -12.783 -14.678
0.178484 -13.906 -14.173 -14.423 -14.818 -14.876 -14.804 -14.518 -14.837 -14.873 -14.798 -14.622 -14.36 -14.836 -14.86 -14.715 -14.531 -14.321 -14.863 -14.723 -14.54 -14.384 -14.305 -14.704 -14.809 -14.637 -13.83 -13.382 -12.834 -14.717
0.183882 -13.909 -14.181 -14.438 -14.844 -14.909 -14.842 -14.54 -14.864 -14.907 -14.836 -14.664 -14.405 -14.863 -14.895 -14.755 -14.574 -14.366 -14.899 -14.764 -14.583 -14.429 -14.35 -14.744 -14.846 -14.678 -13.878 -13.432 -12.884 -14.755
0.189444 -13.912 -14.188 -14.452 -14.87 -14.942 -14.88 -14.563 -14.891 -14.939 -14.874 -14.706 -14.449 -14.89 -14.93 -14.795 -14.618 -14.411 -14.934 -14.804 -14.626 -14.473 -14.395 -14.783 -14.883 -14.72 -13.926 -13.482 -12.935 -14.794
0.195173 -13.914 -14.195 -14.466 -14.896 -14.974 -14.918 -14.585 -14.918 -14.972 -14.912 -14.747 -14.494 -14.917 -14.964 -14.835 -14.66 -14.456 -14.969 -14.844 -14.669 -14.518 -14.44 -14.822 -14.92 -14.761 -13.974 -13.531 -12.986 -14.832
0.201076 -13.916 -14.201 -14.479 -14.921 -15.006 -14.955 -14.606 -14.945 -15.004 -14.95 -14.788 -14.538 -14.943 -14.998 -14.875 -14.703 -14.501 -15.004 -14.884 -14.712 -14.562 -14.485 -14.861 -14.956 -14.802 -14.021 -13.58 -13.037 -14.87
0.207158 -13.917 -14.206 -14.492 -14.946 -15.038 -14.992 -14.628 -14.971 -15.036 -14.987 -14.829 -14.583 -14.969 -15.032 -14.915 -14.746 -14.546 -15.038 -14.923 -14.754 -14.606 -14.529 -14.9 -14.993 -14.843 -14.069 -13.63 -13.087 -14.908
0.213423 -13.917 -14.211 -14.504 -14.97 -15.07 -15.029 -14.649 -14.997 -15.068 -15.024 -14.87 -14.627 -14.994 -15.065 -14.954 -14.788 -14.59 -15.072 -14.962 -14.796 -14.65 -14.574 -14.938 -15.029 -14.883 -14.117 -13.679 -13.138 -14.945
0.219878 -13.917 -14.215 -14.516 -14.994 -15.101 -15.066 -14.669 -15.022 -15.099 -15.061 -14.911 -14.671 -15.019 -15.099 -14.993 -14.83 -14.635 -15.106 -15.001 -14.839 -14.694 -14.618 -14.976 -15.064 -14.924 -14.164 -13.728 -13.188 -14.983
0.226528 -13.916 -14.219 -14.527 -15.018 -15.132 -15.103 -14.69 -15.047 -15.13 -15.097 -14.951 -14.715 -15.044 -15.132 -15.032 -14.872 -14.679 -15.14 -15.04 -14.881 -14.737 -14.662 -15.014 -15.1 -14.964 -14.212 -13.777 -13.239 -15.02
0.233379 -13.915 -14.221 -14.538 -15.041 -15.163 -15.139 -14.71 -15.071 -15.161 -15.134 -14.992 -14.758 -15.068 -15.164 -15.071 -14.914 -14.723 -15.173 -15.079 -14.922 -14.781 -14.707 -15.052 -15.135 -15.004 -14.259 -13.826 -13.289 -15.057
0.240437 -13.913 -14.223 -14.548 -15.064 -15.193 -15.175 -14.73 -15.095 -15.191 -15.17 -15.032 -14.802 -15.092 -15.197 -15.109 -14.956 -14.767 -15.206 -15.117 -14.964 -14.824 -14.751 -15.09 -15.17 -15.044 -14.306 -13.875 -13.34 -15.093
0.247709 -13.91 -14.225 -14.558 -15.086 -15.223 -15.21 -14.749 -15.119 -15.221 -15.206 -15.072 -14.845 -15.115 -15.229 -15.148 -14.998 -14.811 -15.239 -15.156 -15.005 -14.868 -14.795 -15.127 -15.205 -15.084 -14.353 -13.924 -13.39 -15.13
0.255201 -13.907 -14.226 -14.567 -15.108 -15.253 -15.246 -14.768 -15.142 -15.251 -15.241 -15.111 -14.888 -15.138 -15.26 -15.186 -15.039 -14.855 -15.272 -15.194 -15.047 -14.911 -14.838 -15.164 -15.239 -15.123 -14.4 -13.973 -13.44 -15.166
0.262919 -13.903 -14.226 -14.575 -15.13 -15.282 -15.281 -14.787 -15.165 -15.28 -15.276 -15.151 -14.931 -15.161 -15.292 -15.223 -15.08 -14.898 -15.304 -15.231 -15.088 -14.954 -14.882 -15.201 -15.273 -15.162 -14.447 -14.022 -13.49 -15.202
0.270871 -13.898 -14.225 -14.583 -15.15 -15.311 -15.316 -14.806 -15.187 -15.309 -15.311 -15.19 -14.974 -15.183 -15.323 -15.261 -15.121 -14.941 -15.336 -15.269 -15.129 -14.996 -14.926 -15.238 -15.307 -15.201 -14.494 -14.07 -13.54 -15.238
0.279064 -13.892 -14.223 -14.59 -15.171 -15.339 -15.35 -14.824 -15.209 -15.338 -15.346 -15.229 -15.017 -15.204 -15.353 -15.298 -15.162 -14.985 -15.367 -15.306 -15.169 -15.039 -14.969 -15.274 -15.341 -15.24 -14.541 -14.119 -13.59 -15.273
0.287504 -13.886 -14.221 -14.597 -15.191 -15.367 -15.385 -14.842 -15.231 -15.366 -15.381 -15.268 -15.059 -15.225 -15.384 -15.335 -15.202 -15.028 -15.398 -15.343 -15.21 -15.081 -15.012 -15.31 -15.374 -15.279 -14.587 -14.167 -13.64 -15.308
0.296199 -13.879 -14.218 -14.603 -15.21 -15.395 -15.419 -14.859 -15.252 -15.394 -15.415 -15.307 -15.102 -15.246 -15.414 -15.372 -15.243 -15.071 -15.429 -15.38 -15.25 -15.124 -15.055 -15.346 -15.407 -15.317 -14.634 -14.216 -13.69 -15.343
0.305157 -13.872 -14.214 -14.608 -15.229 -15.422 -15.452 -14.876 -15.272 -15.421 -15.448 -15.345 -15.144 -15.266 -15.443 -15.409 -15.283 -15.113 -15.46 -15.417 -15.29 -15.166 -15.098 -15.382 -15.44 -15.355 -14.68 -14.264 -13.74 -15.378
0.314387 -13.864 -14.21 -14.613 -15.248 -15.449 -15.486 -14.893 -15.292 -15.448 -15.482 -15.383 -15.186 -15.286 -15.472 -15.445 -15.323 -15.156 -15.49 -15.453 -15.33 -15.208 -15.141 -15.417 -15.472 -15.393 -14.726 -14.312 -13.79 -15.412
0.323895 -13.855 -14.205 -14.617 -15.266 -15.476 -15.519 -14.91 -15.311 -15.475 -15.515 -15.421 -15.228 -15.305 -15.501 -15.481 -15.362 -15.198 -15.52 -15.489 -15.37 -15.25 -15.184 -15.452 -15.504 -15.43 -14.773 -14.36 -13.84 -15.447
0.333691 -13.845 -14.198 -14.62 -15.283 -15.502 -15.552 -14.926 -15.33 -15.501 -15.548 -15.458 -15.269 -15.323 -15.53 -15.517 -15.402 -15.24 -15.549 -15.525 -15.409 -15.291 -15.226 -15.487 -15.536 -15.468 -14.818 -14.408 -13.889 -15.48
0.343783 -13.835 -14.191 -14.623 -15.3 -15.528 -15.584 -14.941 -15.349 -15.527 -15.581 -15.496 -15.311 -15.341 -15.558 -15.552 -15.441 -15.282 -15.578 -15.56 -15.449 -15.332 -15.269 -15.522 -15.567 -15.505 -14.864 -14.456 -13.939 -15.514
0.354181 -13.823 -14.184 -14.625 -15.316 -15.553 -15.616 -14.957 -15.367 -15.552 -15.613 -15.533 -15.352 -15.359 -15.586 -15.587 -15.48 -15.324 -15.607 -15.595 -15.488 -15.374 -15.311 -15.556 -15.598 -15.542 -14.91 -14.504 -13.988 -15.547
0.364893 -13.811 -14.175 -14.626 -15.332 -15.578 -15.648 -14.972 -15.384 -15.577 -15.645 -15.57 -15.393 -15.376 -15.613 -15.622 -15.519 -15.366 -15.635 -15.63 -15.527 -15.415 -15.353 -15.59 -15.629 -15.578 -14.956 -14.551 -14.038 -15.58
0.375929 -13.799 -14.165 -14.627 -15.347 -15.602 -15.679 -14.986 -15.401 -15.602 -15.676 -15.606 -15.434 -15.392 -15.64 -15.657 -15.558 -15.407 -15.663 -15.665 -15.565 -15.455 -15.395 -15.623 -15.659 -15.614 -15.001 -14.599 -14.087 -15.613
0.387298 -13.785 -14.155 -14.627 -15.362 -15.626 -15.71 -15.0 -15.417 -15.626 -15.707 -15.643 -15.475 -15.408 -15.667 -15.691 -15.596 -15.448 -15.69 -15.699 -15.603 -15.496 -15.437 -15.657 -15.689 -15.65 -15.046 -14.647 -14.136 -15.646
0.399012 -13.771 -14.143 -14.626 -15.376 -15.65 -15.741 -15.014 -15.433 -15.649 -15.738 -15.679 -15.515 -15.423 -15.693 -15.725 -15.634 -15.489 -15.718 -15.733 -15.641 -15.536 -15.478 -15.69 -15.719 -15.686 -15.091 -14.694 -14.185 -15.678
0.41108 -13.756 -14.131 -14.624 -15.389 -15.673 -15.771 -15.027 -15.448 -15.672 -15.769 -15.714 -15.555 -15.438 -15.718 -15.759 -15.672 -15.53 -15.744 -15.766 -15.679 -15.577 -15.519 -15.722 -15.748 -15.721 -15.136 -14.741 -14.234 -15.709
0.423513 -13.74 -14.118 -14.622 -15.402 -15.695 -15.801 -15.04 -15.462 -15.695 -15.799 -15.75 -15.595 -15.452 -15.743 -15.792 -15.709 -15.571 -15.77 -15.8 -15.717 -15.617 -15.561 -15.755 -15.777 -15.757 -15.181 -14.788 -14.283 -15.741
0.436321 -13.723 -14.104 -14.619 -15.414 -15.717 -15.831 -15.053 -15.476 -15.717 -15.828 -15.785 -15.635 -15.465 -15.768 -15.825 -15.746 -15.611 -15.796 -15.833 -15.754 -15.656 -15.601 -15.787 -15.805 -15.791 -15.226 -14.835 -14.332 -15.772
0.449518 -13.706 -14.088 -14.615 -15.425 -15.738 -15.86 -15.065 -15.489 -15.739 -15.858 -15.82 -15.674 -15.478 -15.792 -15.857 -15.783 -15.651 -15.822 -15.865 -15.791 -15.696 -15.642 -15.819 -15.833 -15.826 -15.27 -14.882 -14.381 -15.803
0.463113 -13.687 -14.072 -14.61 -15.436 -15.759 -15.888 -15.077 -15.502 -15.76 -15.887 -15.854 -15.714 -15.49 -15.816 -15.89 -15.82 -15.691 -15.847 -15.897 -15.828 -15.735 -15.683 -15.85 -15.861 -15.86 -15.315 -14.929 -14.429 -15.833
0.47712 -13.668 -14.055 -14.605 -15.446 -15.78 -15.917 -15.088 -15.513 -15.78 -15.915 -15.889 -15.753 -15.501 -15.839 -15.922 -15.856 -15.731 -15.871 -15.929 -15.864 -15.774 -15.723 -15.881 -15.888 -15.894 -15.359 -14.975 -14.478 -15.863
0.49155 -13.648 -14.037 -14.599 -15.455 -15.8 -15.944 -15.098 -15.525 -15.8 -15.943 -15.922 -15.791 -15.512 -15.862 -15.953 -15.893 -15.77 -15.895 -15.961 -15.9 -15.813 -15.763 -15.912 -15.914 -15.927 -15.403 -15.022 -14.527 -15.893
0.506416 -13.627 -14.017 -14.591 -15.464 -15.819 -15.972 -15.109 -15.535 -15.82 -15.971 -15.956 -15.83 -15.522 -15.884 -15.984 -15.928 -15.809 -15.918 -15.992 -15.936 -15.851 -15.803 -15.942 -15.941 -15.96 -15.447 -15.068 -14.575 -15.922
0.521733 -13.605 -13.997 -14.583 -15.472 -15.838 -15.999 -15.118 -15.545 -15.839 -15.998 -15.989 -15.868 -15.531 -15.906 -16.015 -15.964 -15.848 -15.941 -16.023 -15.972 -15.89 -15.843 -15.972 -15.966 -15.993 -15.491 -15.114 -14.623 -15.951
