web/models/grb/onaxis/7/grb_0.0000_19.3070_0.0001000.dat
# %ECSV 1.0
# ---
# datatype:
# - {name: time, datatype: float64}
# - {name: swift_uvot_uvw2, datatype: float64}
# - {name: swift_uvot_uvm2, datatype: float64}
# - {name: swift_uvot_uvw1, datatype: float64}
# - {name: swift_uvot_U, datatype: float64}
# - {name: swift_uvot_B, datatype: float64}
# - {name: swift_uvot_V, datatype: float64}
# - {name: swift_uvot_W, datatype: float64}
# - {name: johnson_U, datatype: float64}
# - {name: johnson_B, datatype: float64}
# - {name: johnson_V, datatype: float64}
# - {name: johnson_R, datatype: float64}
# - {name: johnson_I, datatype: float64}
# - {name: sdss_u, datatype: float64}
# - {name: sdss_g, datatype: float64}
# - {name: sdss_r, datatype: float64}
# - {name: sdss_i, datatype: float64}
# - {name: sdss_z, datatype: float64}
# - {name: PS1_g, datatype: float64}
# - {name: PS1_r, datatype: float64}
# - {name: PS1_i, datatype: float64}
# - {name: PS1_z, datatype: float64}
# - {name: PS1_Y, datatype: float64}
# - {name: ukirt_J, datatype: float64}
# - {name: ukirt_H, datatype: float64}
# - {name: ukirt_K, datatype: float64}
# meta: !!omap
# - comment: [E = 0.008378552168254812, Eta0 = 8.02, GammaB = 12.0, dL = 0.012188, epsb = 6.760829753919819e-06, epse = 0.1, n = 0.0001,
#     p = 2.15, theta_obs = 0.0, xiN = 1.0, z = 0.0, type = grb, E_kiso = 19.306977288832496]
# schema: astropy-2.0
time swift_uvot_uvw2 swift_uvot_uvm2 swift_uvot_uvw1 swift_uvot_U swift_uvot_B swift_uvot_V swift_uvot_W johnson_U johnson_B johnson_V johnson_R johnson_I sdss_u sdss_g sdss_r sdss_i sdss_z PS1_g PS1_r PS1_i PS1_z PS1_Y ukirt_J ukirt_H ukirt_K
[from data line 469]
716.4297 8.576 8.625 8.55 8.357 8.215 8.076 8.436 8.335 8.212 8.071 7.93 7.781 8.34 8.167 7.995 7.875 7.764 8.104 7.961 7.841 7.742 7.574 7.552 7.383 7.192
733.7123 8.61 8.659 8.584 8.391 8.249 8.11 8.471 8.369 8.246 8.105 7.964 7.816 8.374 8.201 8.029 7.909 7.798 8.138 7.995 7.875 7.776 7.608 7.586 7.417 7.226
751.4117 8.644 8.693 8.618 8.425 8.283 8.144 8.505 8.403 8.28 8.139 7.998 7.85 8.408 8.235 8.063 7.943 7.832 8.172 8.029 7.909 7.81 7.642 7.62 7.451 7.261
769.5381 8.678 8.727 8.652 8.459 8.317 8.178 8.539 8.437 8.314 8.173 8.032 7.884 8.442 8.269 8.097 7.977 7.866 8.206 8.063 7.943 7.844 7.676 7.654 7.485 7.295
788.1018 8.712 8.761 8.686 8.493 8.351 8.212 8.573 8.471 8.348 8.207 8.066 7.918 8.476 8.303 8.132 8.011 7.9 8.24 8.097 7.977 7.878 7.71 7.688 7.519 7.329
807.1133 8.746 8.795 8.72 8.527 8.385 8.246 8.607 8.505 8.383 8.241 8.1 7.952 8.51 8.337 8.166 8.045 7.934 8.274 8.131 8.011 7.912 7.744 7.722 7.553 7.363
826.5834 8.78 8.829 8.754 8.561 8.419 8.28 8.641 8.539 8.417 8.275 8.134 7.986 8.544 8.371 8.2 8.079 7.968 8.308 8.165 8.045 7.946 7.778 7.756 7.587 7.397
846.5232 8.813 8.863 8.788 8.595 8.453 8.314 8.674 8.573 8.45 8.308 8.168 8.019 8.578 8.405 8.233 8.113 8.002 8.341 8.199 8.079 7.98 7.812 7.79 7.621 7.43
866.944 8.844 8.894 8.819 8.626 8.484 8.344 8.705 8.604 8.481 8.339 8.199 8.05 8.609 8.436 8.264 8.144 8.033 8.372 8.23 8.11 8.011 7.843 7.821 7.652 7.461
887.8575 8.875 8.925 8.85 8.657 8.515 8.375 8.736 8.635 8.512 8.37 8.23 8.081 8.64 8.467 8.295 8.174 8.064 8.403 8.261 8.141 8.042 7.874 7.852 7.683 7.492
909.2754 8.906 8.956 8.881 8.688 8.545 8.406 8.767 8.665 8.543 8.401 8.261 8.112 8.67 8.498 8.326 8.205 8.095 8.434 8.292 8.172 8.073 7.904 7.883 7.713 7.523
931.21 8.937 8.987 8.912 8.719 8.576 8.437 8.798 8.696 8.574 8.432 8.292 8.143 8.701 8.529 8.357 8.236 8.126 8.465 8.322 8.203 8.104 7.935 7.914 7.744 7.554
953.6737 8.968 9.017 8.943 8.75 8.607 8.468 8.829 8.727 8.605 8.463 8.322 8.174 8.732 8.56 8.388 8.267 8.157 8.496 8.353 8.234 8.135 7.966 7.945 7.775 7.585
976.6793 8.999 9.048 8.974 8.781 8.638 8.499 8.86 8.758 8.636 8.494 8.353 8.205 8.763 8.591 8.419 8.298 8.187 8.527 8.384 8.264 8.165 7.997 7.975 7.806 7.616
1000.2399 9.03 9.079 9.004 8.811 8.669 8.53 8.891 8.789 8.667 8.525 8.384 8.236 8.794 8.622 8.45 8.329 8.218 8.558 8.415 8.295 8.196 8.028 8.006 7.837 7.647
1024.3688 9.061 9.11 9.035 8.842 8.7 8.561 8.922 8.82 8.698 8.556 8.415 8.267 8.825 8.652 8.481 8.36 8.249 8.589 8.446 8.326 8.227 8.059 8.037 7.868 7.678
1049.0798 9.092 9.141 9.066 8.873 8.731 8.592 8.953 8.851 8.728 8.587 8.446 8.298 8.856 8.683 8.512 8.391 8.28 8.62 8.477 8.357 8.258 8.09 8.068 7.899 7.709
1074.3869 9.123 9.172 9.097 8.904 8.762 8.623 8.984 8.882 8.759 8.618 8.477 8.329 8.887 8.714 8.542 8.422 8.311 8.651 8.508 8.388 8.289 8.121 8.099 7.93 7.74
1100.3045 9.154 9.203 9.128 8.935 8.793 8.654 9.015 8.913 8.791 8.649 8.508 8.36 8.918 8.745 8.574 8.453 8.342 8.682 8.539 8.419 8.32 8.152 8.13 7.961 7.771
1126.8473 9.185 9.234 9.159 8.966 8.824 8.685 9.046 8.944 8.822 8.68 8.539 8.391 8.949 8.777 8.605 8.484 8.373 8.713 8.57 8.45 8.351 8.183 8.161 7.992 7.802
1154.0304 9.216 9.265 9.19 8.998 8.855 8.716 9.077 8.975 8.853 8.711 8.57 8.422 8.98 8.808 8.636 8.515 8.404 8.744 8.601 8.481 8.382 8.214 8.192 8.023 7.833
1181.8693 9.247 9.296 9.222 9.029 8.886 8.747 9.108 9.006 8.884 8.742 8.601 8.453 9.011 8.839 8.667 8.546 8.435 8.775 8.632 8.513 8.414 8.245 8.224 8.054 7.864
1210.3797 9.278 9.328 9.253 9.06 8.917 8.778 9.139 9.037 8.915 8.773 8.633 8.484 9.042 8.87 8.698 8.577 8.467 8.806 8.663 8.544 8.445 8.276 8.255 8.085 7.895
1239.5778 9.309 9.359 9.284 9.091 8.948 8.809 9.17 9.068 8.946 8.804 8.664 8.515 9.073 8.901 8.729 8.608 8.498 8.837 8.695 8.575 8.476 8.307 8.286 8.116 7.926
1269.4803 9.34 9.39 9.315 9.122 8.979 8.84 9.201 9.1 8.977 8.835 8.695 8.546 9.105 8.932 8.76 8.639 8.529 8.868 8.726 8.606 8.507 8.339 8.317 8.147 7.957
1300.1042 9.371 9.421 9.346 9.153 9.011 8.871 9.232 9.131 9.008 8.866 8.726 8.577 9.136 8.963 8.791 8.67 8.56 8.899 8.757 8.637 8.538 8.37 8.348 8.179 7.988
1331.4668 9.402 9.452 9.377 9.184 9.042 8.903 9.263 9.162 9.039 8.897 8.757 8.608 9.167 8.994 8.822 8.702 8.591 8.93 8.788 8.668 8.569 8.401 8.379 8.21 8.019
1363.586 9.439 9.488 9.413 9.22 9.078 8.939 9.3 9.198 9.076 8.934 8.793 8.645 9.203 9.03 8.859 8.738 8.627 8.967 8.824 8.704 8.605 8.437 8.415 8.246 8.056
1396.48 9.484 9.533 9.458 9.266 9.123 8.984 9.345 9.243 9.121 8.979 8.838 8.69 9.248 9.076 8.904 8.783 8.672 9.012 8.869 8.749 8.65 8.482 8.46 8.291 8.101
1430.1675 9.529 9.578 9.504 9.311 9.168 9.029 9.39 9.288 9.166 9.024 8.883 8.735 9.293 9.121 8.949 8.828 8.718 9.057 8.914 8.795 8.696 8.527 8.506 8.336 8.146
1464.6676 9.574 9.624 9.549 9.356 9.213 9.074 9.435 9.333 9.211 9.069 8.929 8.78 9.338 9.166 8.994 8.873 8.763 9.102 8.96 8.84 8.741 8.572 8.551 8.381 8.191
1500.0 9.619 9.669 9.594 9.401 9.259 9.119 9.48 9.379 9.256 9.114 8.974 8.825 9.384 9.211 9.039 8.918 8.808 9.147 9.005 8.885 8.786 8.618 8.596 8.427 8.236
