web/models/grb/onaxis/7/grb_0.0000_719.6857_0.1584893.dat
# %ECSV 1.0
# ---
# datatype:
# - {name: time, datatype: float64}
# - {name: swift_uvot_uvw2, datatype: float64}
# - {name: swift_uvot_uvm2, datatype: float64}
# - {name: swift_uvot_uvw1, datatype: float64}
# - {name: swift_uvot_U, datatype: float64}
# - {name: swift_uvot_B, datatype: float64}
# - {name: swift_uvot_V, datatype: float64}
# - {name: swift_uvot_W, datatype: float64}
# - {name: johnson_U, datatype: float64}
# - {name: johnson_B, datatype: float64}
# - {name: johnson_V, datatype: float64}
# - {name: johnson_R, datatype: float64}
# - {name: johnson_I, datatype: float64}
# - {name: sdss_u, datatype: float64}
# - {name: sdss_g, datatype: float64}
# - {name: sdss_r, datatype: float64}
# - {name: sdss_i, datatype: float64}
# - {name: sdss_z, datatype: float64}
# - {name: PS1_g, datatype: float64}
# - {name: PS1_r, datatype: float64}
# - {name: PS1_i, datatype: float64}
# - {name: PS1_z, datatype: float64}
# - {name: PS1_Y, datatype: float64}
# - {name: PS1_w, datatype: float64}
# - {name: ATLAS_c, datatype: float64}
# - {name: ATLAS_o, datatype: float64}
# - {name: ukirt_J, datatype: float64}
# - {name: ukirt_H, datatype: float64}
# - {name: ukirt_K, datatype: float64}
# - {name: Clear, datatype: float64}
# meta: !!omap
# - comment: [E = 0.31231838447717747, Eta0 = 8.02, GammaB = 12.0, dL = 0.012188, epsb = 6.760829753919819e-06, epse = 0.1, n = 0.15848931924611143,
#     p = 2.15, theta_obs = 0.0, xiN = 1.0, z = 0.0, type = grb, E_kiso = 719.6856730011514]
# schema: astropy-2.0
time swift_uvot_uvw2 swift_uvot_uvm2 swift_uvot_uvw1 swift_uvot_U swift_uvot_B swift_uvot_V swift_uvot_W johnson_U johnson_B johnson_V johnson_R johnson_I sdss_u sdss_g sdss_r sdss_i sdss_z PS1_g PS1_r PS1_i PS1_z PS1_Y PS1_w ATLAS_c ATLAS_o ukirt_J ukirt_H ukirt_K Clear
[from data line 429]
276.1126 -1.247 -1.198 -1.272 -1.465 -1.608 -1.747 -1.386 -1.488 -1.61 -1.752 -1.893 -2.041 -1.483 -1.655 -1.827 -1.948 -2.058 -1.719 -1.862 -1.981 -2.08 -2.249 -1.825 -1.73 -1.882 -2.27 -2.44 -2.63 -1.915
282.7734 -1.216 -1.167 -1.241 -1.434 -1.577 -1.716 -1.355 -1.457 -1.579 -1.721 -1.862 -2.01 -1.452 -1.624 -1.796 -1.917 -2.028 -1.688 -1.831 -1.951 -2.05 -2.218 -1.794 -1.699 -1.852 -2.24 -2.409 -2.599 -1.884
289.5947 -1.185 -1.136 -1.211 -1.404 -1.546 -1.685 -1.324 -1.426 -1.548 -1.69 -1.831 -1.979 -1.421 -1.593 -1.765 -1.886 -1.997 -1.657 -1.8 -1.92 -2.019 -2.187 -1.763 -1.668 -1.821 -2.209 -2.378 -2.568 -1.853
296.5807 -1.154 -1.105 -1.18 -1.373 -1.515 -1.654 -1.293 -1.395 -1.517 -1.659 -1.8 -1.948 -1.39 -1.563 -1.734 -1.855 -1.966 -1.626 -1.769 -1.889 -1.988 -2.156 -1.732 -1.637 -1.79 -2.178 -2.347 -2.537 -1.822
303.7351 -1.123 -1.074 -1.149 -1.342 -1.484 -1.623 -1.262 -1.364 -1.487 -1.628 -1.769 -1.917 -1.359 -1.532 -1.703 -1.824 -1.935 -1.595 -1.738 -1.858 -1.957 -2.125 -1.701 -1.606 -1.759 -2.147 -2.316 -2.506 -1.791
311.0622 -1.092 -1.043 -1.118 -1.311 -1.453 -1.592 -1.231 -1.333 -1.455 -1.597 -1.738 -1.886 -1.328 -1.501 -1.672 -1.793 -1.904 -1.564 -1.707 -1.827 -1.926 -2.094 -1.67 -1.575 -1.728 -2.116 -2.285 -2.475 -1.76
318.566 -1.061 -1.012 -1.087 -1.28 -1.422 -1.561 -1.2 -1.302 -1.424 -1.566 -1.707 -1.855 -1.297 -1.47 -1.641 -1.762 -1.873 -1.533 -1.676 -1.796 -1.895 -2.063 -1.639 -1.544 -1.697 -2.085 -2.254 -2.444 -1.729
326.2508 -1.03 -0.981 -1.056 -1.248 -1.391 -1.53 -1.169 -1.271 -1.393 -1.535 -1.676 -1.824 -1.266 -1.438 -1.61 -1.731 -1.842 -1.502 -1.645 -1.765 -1.864 -2.032 -1.608 -1.513 -1.666 -2.054 -2.223 -2.413 -1.698
334.121 -0.999 -0.95 -1.024 -1.217 -1.36 -1.499 -1.138 -1.24 -1.362 -1.504 -1.645 -1.793 -1.235 -1.407 -1.579 -1.7 -1.811 -1.471 -1.614 -1.733 -1.833 -2.001 -1.577 -1.482 -1.635 -2.022 -2.192 -2.382 -1.667
342.181 -0.968 -0.919 -0.993 -1.186 -1.329 -1.468 -1.107 -1.209 -1.331 -1.473 -1.613 -1.762 -1.204 -1.376 -1.548 -1.669 -1.779 -1.44 -1.583 -1.702 -1.801 -1.97 -1.546 -1.451 -1.603 -1.991 -2.161 -2.351 -1.636
350.4355 -0.937 -0.887 -0.962 -1.155 -1.298 -1.437 -1.076 -1.178 -1.3 -1.442 -1.582 -1.731 -1.173 -1.345 -1.517 -1.638 -1.748 -1.409 -1.551 -1.671 -1.77 -1.939 -1.515 -1.42 -1.572 -1.96 -2.13 -2.32 -1.605
358.8891 -0.906 -0.856 -0.931 -1.124 -1.267 -1.406 -1.045 -1.147 -1.269 -1.411 -1.551 -1.7 -1.141 -1.314 -1.486 -1.607 -1.717 -1.378 -1.52 -1.64 -1.739 -1.908 -1.484 -1.388 -1.541 -1.929 -2.099 -2.289 -1.574
367.5467 -0.875 -0.825 -0.9 -1.093 -1.235 -1.375 -1.014 -1.115 -1.238 -1.38 -1.52 -1.669 -1.11 -1.283 -1.455 -1.576 -1.686 -1.347 -1.489 -1.609 -1.708 -1.876 -1.453 -1.357 -1.51 -1.898 -2.067 -2.258 -1.543
376.4131 -0.844 -0.794 -0.869 -1.062 -1.204 -1.343 -0.983 -1.084 -1.207 -1.349 -1.489 -1.638 -1.079 -1.252 -1.424 -1.544 -1.655 -1.316 -1.458 -1.578 -1.677 -1.845 -1.421 -1.326 -1.479 -1.867 -2.036 -2.227 -1.512
385.4933 -0.813 -0.763 -0.838 -1.031 -1.173 -1.312 -0.952 -1.053 -1.176 -1.318 -1.458 -1.607 -1.048 -1.221 -1.393 -1.513 -1.624 -1.285 -1.427 -1.547 -1.646 -1.814 -1.39 -1.295 -1.448 -1.836 -2.005 -2.196 -1.481
394.7926 -0.77 -0.721 -0.795 -0.988 -1.131 -1.27 -0.909 -1.011 -1.133 -1.275 -1.416 -1.564 -1.006 -1.178 -1.35 -1.471 -1.582 -1.242 -1.385 -1.504 -1.604 -1.772 -1.348 -1.253 -1.406 -1.793 -1.963 -2.153 -1.438
404.3163 -0.725 -0.675 -0.75 -0.943 -1.086 -1.225 -0.864 -0.966 -1.088 -1.23 -1.37 -1.519 -0.961 -1.133 -1.305 -1.426 -1.536 -1.197 -1.34 -1.459 -1.558 -1.727 -1.303 -1.208 -1.36 -1.748 -1.918 -2.108 -1.393
414.0697 -0.68 -0.63 -0.705 -0.898 -1.041 -1.18 -0.819 -0.92 -1.043 -1.185 -1.325 -1.474 -0.915 -1.088 -1.26 -1.381 -1.491 -1.152 -1.294 -1.414 -1.513 -1.681 -1.258 -1.162 -1.315 -1.703 -1.873 -2.063 -1.348
424.0583 -0.635 -0.585 -0.66 -0.853 -0.995 -1.134 -0.774 -0.875 -0.998 -1.14 -1.28 -1.429 -0.87 -1.043 -1.215 -1.335 -1.446 -1.107 -1.249 -1.369 -1.468 -1.636 -1.212 -1.117 -1.27 -1.658 -1.827 -2.018 -1.303
434.2879 -0.589 -0.54 -0.615 -0.808 -0.95 -1.089 -0.729 -0.83 -0.953 -1.094 -1.235 -1.384 -0.825 -0.998 -1.17 -1.29 -1.401 -1.062 -1.204 -1.324 -1.423 -1.591 -1.167 -1.072 -1.225 -1.613 -1.782 -1.973 -1.258
444.7643 -0.544 -0.495 -0.57 -0.763 -0.905 -1.044 -0.683 -0.785 -0.907 -1.049 -1.19 -1.338 -0.78 -0.953 -1.124 -1.245 -1.356 -1.016 -1.159 -1.279 -1.378 -1.546 -1.122 -1.027 -1.18 -1.568 -1.737 -1.927 -1.212
455.4934 -0.499 -0.45 -0.525 -0.718 -0.86 -0.999 -0.638 -0.74 -0.862 -1.004 -1.145 -1.293 -0.735 -0.907 -1.079 -1.2 -1.311 -0.971 -1.114 -1.234 -1.333 -1.501 -1.077 -0.982 -1.135 -1.523 -1.692 -1.882 -1.167
466.4814 -0.454 -0.405 -0.479 -0.672 -0.815 -0.954 -0.593 -0.695 -0.817 -0.959 -1.1 -1.248 -0.69 -0.862 -1.034 -1.155 -1.265 -0.926 -1.069 -1.188 -1.287 -1.456 -1.032 -0.937 -1.089 -1.477 -1.647 -1.837 -1.122
477.7344 -0.409 -0.359 -0.434 -0.627 -0.77 -0.909 -0.548 -0.65 -0.772 -0.914 -1.054 -1.203 -0.645 -0.817 -0.989 -1.11 -1.22 -0.881 -1.023 -1.143 -1.242 -1.411 -0.987 -0.892 -1.044 -1.432 -1.602 -1.792 -1.077
489.2588 -0.364 -0.314 -0.389 -0.582 -0.724 -0.864 -0.503 -0.604 -0.727 -0.869 -1.009 -1.158 -0.599 -0.772 -0.944 -1.065 -1.175 -0.836 -0.978 -1.098 -1.197 -1.365 -0.942 -0.846 -0.999 -1.387 -1.556 -1.747 -1.032
501.0613 -0.294 -0.244 -0.319 -0.512 -0.654 -0.793 -0.433 -0.534 -0.657 -0.799 -0.939 -1.088 -0.529 -0.702 -0.874 -0.994 -1.105 -0.766 -0.908 -1.028 -1.127 -1.295 -0.871 -0.776 -0.929 -1.317 -1.486 -1.677 -0.962
513.1485 -0.222 -0.173 -0.248 -0.441 -0.583 -0.722 -0.361 -0.463 -0.585 -0.727 -0.868 -1.016 -0.458 -0.631 -0.802 -0.923 -1.034 -0.694 -0.837 -0.957 -1.056 -1.224 -0.8 -0.705 -0.858 -1.246 -1.415 -1.605 -0.89
525.5272 -0.151 -0.101 -0.176 -0.369 -0.512 -0.651 -0.29 -0.392 -0.514 -0.656 -0.796 -0.945 -0.387 -0.559 -0.731 -0.852 -0.962 -0.623 -0.765 -0.885 -0.984 -1.153 -0.729 -0.634 -0.786 -1.174 -1.344 -1.534 -0.819
538.2046 -0.079 -0.03 -0.105 -0.298 -0.44 -0.579 -0.219 -0.32 -0.443 -0.584 -0.725 -0.874 -0.315 -0.488 -0.66 -0.78 -0.891 -0.551 -0.694 -0.814 -0.913 -1.081 -0.657 -0.562 -0.715 -1.103 -1.272 -1.463 -0.748
551.1878 -0.008 0.041 -0.033 -0.226 -0.369 -0.508 -0.147 -0.249 -0.371 -0.513 -0.654 -0.802 -0.244 -0.416 -0.588 -0.709 -0.82 -0.48 -0.623 -0.742 -0.842 -1.01 -0.586 -0.491 -0.644 -1.031 -1.201 -1.391 -0.676
564.4842 0.063 0.113 0.038 -0.155 -0.297 -0.437 -0.076 -0.177 -0.3 -0.442 -0.582 -0.731 -0.172 -0.345 -0.517 -0.637 -0.748 -0.409 -0.551 -0.671 -0.77 -0.938 -0.515 -0.419 -0.572 -0.96 -1.129 -1.32 -0.605
578.1013 0.135 0.184 0.109 -0.084 -0.226 -0.365 -0.004 -0.106 -0.228 -0.37 -0.511 -0.659 -0.101 -0.274 -0.445 -0.566 -0.677 -0.337 -0.48 -0.6 -0.699 -0.867 -0.443 -0.348 -0.501 -0.889 -1.058 -1.248 -0.533
592.0469 0.206 0.256 0.181 -0.012 -0.155 -0.294 0.067 -0.035 -0.157 -0.299 -0.439 -0.588 -0.03 -0.202 -0.374 -0.495 -0.605 -0.266 -0.408 -0.528 -0.627 -0.796 -0.372 -0.277 -0.429 -0.817 -0.987 -1.177 -0.462
606.329 0.278 0.327 0.252 0.059 -0.083 -0.222 0.138 0.037 -0.086 -0.228 -0.368 -0.517 0.042 -0.131 -0.303 -0.423 -0.534 -0.195 -0.337 -0.457 -0.556 -0.724 -0.3 -0.205 -0.358 -0.746 -0.915 -1.106 -0.391
620.9555 0.352 0.402 0.327 0.134 -0.009 -0.148 0.213 0.111 -0.011 -0.153 -0.293 -0.442 0.116 -0.056 -0.228 -0.349 -0.459 -0.12 -0.262 -0.382 -0.481 -0.65 -0.226 -0.131 -0.283 -0.671 -0.841 -1.031 -0.316
635.9349 0.458 0.507 0.432 0.239 0.097 -0.042 0.319 0.217 0.095 -0.047 -0.188 -0.336 0.222 0.049 -0.122 -0.243 -0.354 -0.014 -0.157 -0.277 -0.376 -0.544 -0.12 -0.025 -0.178 -0.566 -0.735 -0.925 -0.21
651.2757 0.563 0.613 0.538 0.345 0.203 0.063 0.424 0.323 0.2 0.058 -0.082 -0.231 0.328 0.155 -0.017 -0.138 -0.248 0.091 -0.051 -0.171 -0.27 -0.438 -0.015 0.081 -0.072 -0.46 -0.629 -0.82 -0.105
666.9865 0.669 0.718 0.644 0.451 0.308 0.169 0.53 0.428 0.306 0.164 0.023 -0.125 0.433 0.261 0.089 -0.032 -0.143 0.197 0.054 -0.066 -0.165 -0.333 0.091 0.186 0.033 -0.355 -0.524 -0.714 0.001
683.0763 0.775 0.824 0.749 0.556 0.414 0.275 0.635 0.534 0.411 0.269 0.129 -0.02 0.539 0.366 0.194 0.074 -0.037 0.302 0.16 0.04 -0.059 -0.227 0.197 0.292 0.139 -0.249 -0.418 -0.609 0.106
699.5543 0.88 0.93 0.855 0.662 0.519 0.38 0.741 0.639 0.517 0.375 0.235 0.086 0.644 0.472 0.3 0.179 0.069 0.408 0.265 0.146 0.047 -0.122 0.302 0.397 0.245 -0.143 -0.313 -0.503 0.212
716.4297 0.986 1.035 0.96 0.767 0.625 0.486 0.847 0.745 0.623 0.481 0.34 0.192 0.75 0.577 0.406 0.285 0.174 0.514 0.371 0.251 0.152 -0.016 0.408 0.503 0.35 -0.038 -0.207 -0.397 0.318
733.7123 1.091 1.141 1.066 0.873 0.731 0.591 0.952 0.851 0.728 0.586 0.446 0.297 0.856 0.683 0.511 0.39 0.28 0.619 0.477 0.357 0.258 0.09 0.513 0.609 0.456 0.068 -0.101 -0.292 0.423
751.4117 1.197 1.246 1.171 0.979 0.836 0.697 1.058 0.956 0.834 0.692 0.551 0.403 0.961 0.789 0.617 0.496 0.385 0.725 0.582 0.462 0.363 0.195 0.619 0.714 0.561 0.173 0.004 -0.186 0.529
769.5381 1.302 1.352 1.277 1.084 0.942 0.803 1.163 1.062 0.939 0.797 0.657 0.508 1.067 0.894 0.722 0.602 0.491 0.83 0.688 0.568 0.469 0.301 0.725 0.82 0.667 0.279 0.11 -0.081 0.634
788.1018 1.424 1.473 1.398 1.205 1.063 0.924 1.285 1.183 1.061 0.919 0.778 0.63 1.188 1.015 0.844 0.723 0.612 0.952 0.809 0.689 0.59 0.422 0.846 0.941 0.788 0.4 0.231 0.041 0.756
807.1133 1.595 1.645 1.57 1.377 1.235 1.096 1.456 1.355 1.232 1.09 0.95 0.801 1.36 1.187 1.015 0.895 0.784 1.123 0.981 0.861 0.762 0.594 1.018 1.113 0.96 0.572 0.403 0.212 0.927
826.5834 1.767 1.817 1.742 1.549 1.406 1.267 1.628 1.526 1.404 1.262 1.122 0.973 1.531 1.359 1.187 1.066 0.956 1.295 1.152 1.033 0.934 0.765 1.189 1.284 1.132 0.744 0.574 0.384 1.099
846.5232 1.939 1.988 1.913 1.72 1.578 1.439 1.8 1.698 1.576 1.434 1.293 1.145 1.703 1.53 1.359 1.238 1.127 1.467 1.324 1.204 1.105 0.937 1.361 1.456 1.303 0.915 0.746 0.556 1.271
866.944 2.11 2.16 2.085 1.892 1.75 1.611 1.971 1.87 1.747 1.605 1.465 1.316 1.875 1.702 1.53 1.41 1.299 1.638 1.496 1.376 1.277 1.109 1.533 1.628 1.475 1.087 0.918 0.727 1.442
887.8575 2.282 2.332 2.257 2.064 1.921 1.782 2.143 2.041 1.919 1.777 1.637 1.488 2.046 1.874 1.702 1.581 1.471 1.81 1.667 1.548 1.449 1.28 1.704 1.799 1.647 1.259 1.089 0.899 1.614
909.2754 2.454 2.503 2.428 2.235 2.093 1.954 2.315 2.213 2.091 1.949 1.808 1.66 2.218 2.045 1.874 1.753 1.642 1.982 1.839 1.719 1.62 1.452 1.876 1.971 1.818 1.43 1.261 1.071 1.786
931.21 2.625 2.675 2.6 2.407 2.265 2.125 2.486 2.385 2.262 2.12 1.98 1.831 2.39 2.217 2.045 1.925 1.814 2.153 2.011 1.891 1.792 1.624 2.048 2.143 1.99 1.602 1.433 1.242 1.957
953.6737 2.797 2.846 2.772 2.579 2.436 2.297 2.658 2.556 2.434 2.292 2.152 2.003 2.561 2.389 2.217 2.096 1.986 2.325 2.182 2.063 1.964 1.795 2.219 2.314 2.162 1.774 1.604 1.414 2.129
976.6793 2.969 3.018 2.943 2.75 2.608 2.469 2.83 2.728 2.606 2.464 2.323 2.175 2.733 2.56 2.389 2.268 2.157 2.497 2.354 2.234 2.135 1.967 2.391 2.486 2.333 1.945 1.776 1.586 2.301
1000.2399 3.203 3.252 3.177 2.984 2.842 2.703 3.063 2.962 2.839 2.698 2.557 2.408 2.967 2.794 2.622 2.502 2.391 2.731 2.588 2.468 2.369 2.201 2.625 2.72 2.567 2.179 2.01 1.819 2.534
1024.3688 3.537 3.587 3.512 3.319 3.177 3.038 3.398 3.297 3.174 3.032 2.892 2.743 3.302 3.129 2.957 2.837 2.726 3.065 2.923 2.803 2.704 2.536 2.96 3.055 2.902 2.514 2.345 2.154 2.869
1049.0798 3.872 3.922 3.847 3.654 3.511 3.372 3.733 3.631 3.509 3.367 3.227 3.078 3.637 3.464 3.292 3.171 3.061 3.4 3.258 3.138 3.039 2.87 3.294 3.39 3.237 2.849 2.679 2.489 3.204
1074.3869 4.207 4.256 4.182 3.989 3.846 3.707 4.068 3.966 3.844 3.702 3.562 3.413 3.971 3.799 3.627 3.506 3.396 3.735 3.592 3.473 3.374 3.205 3.629 3.724 3.572 3.184 3.014 2.824 3.539
1100.3045 4.542 4.591 4.516 4.324 4.181 4.042 4.403 4.301 4.179 4.037 3.896 3.748 4.306 4.134 3.962 3.841 3.73 4.07 3.927 3.807 3.708 3.54 3.964 4.059 3.906 3.518 3.349 3.159 3.874
1126.8473 4.877 4.926 4.851 4.658 4.516 4.377 4.738 4.636 4.514 4.372 4.231 4.083 4.641 4.468 4.297 4.176 4.065 4.405 4.262 4.142 4.043 3.875 4.299 4.394 4.241 3.853 3.684 3.494 4.209
1154.0304 5.212 5.261 5.186 4.993 4.851 4.712 5.072 4.971 4.848 4.706 4.566 4.417 4.976 4.803 4.631 4.511 4.4 4.739 4.597 4.477 4.378 4.21 4.634 4.729 4.576 4.188 4.019 3.828 4.543
1181.8693 5.546 5.596 5.521 5.328 5.186 5.046 5.407 5.306 5.183 5.041 4.901 4.752 5.311 5.138 4.966 4.846 4.735 5.074 4.932 4.812 4.713 4.545 4.968 5.064 4.911 4.523 4.354 4.163 4.878
1210.3797 5.881 5.931 5.856 5.663 5.52 5.381 5.742 5.64 5.518 5.376 5.236 5.087 5.645 5.473 5.301 5.18 5.07 5.409 5.267 5.147 5.048 4.879 5.303 5.398 5.246 4.858 4.688 4.498 5.213
1239.5778 6.216 6.265 6.191 5.998 5.855 5.716 6.077 5.975 5.853 5.711 5.57 5.422 5.98 5.808 5.636 5.515 5.405 5.744 5.601 5.482 5.383 5.214 5.638 5.733 5.581 5.193 5.023 4.833 5.548
1269.4803 6.551 6.6 6.525 6.332 6.19 6.051 6.412 6.31 6.188 6.046 5.905 5.757 6.315 6.143 5.971 5.85 5.739 6.079 5.936 5.816 5.717 5.549 5.973 6.068 5.915 5.527 5.358 5.168 5.883
1300.1042 6.886 6.935 6.86 6.667 6.525 6.386 6.747 6.645 6.522 6.381 6.24 6.092 6.65 6.477 6.306 6.185 6.074 6.414 6.271 6.151 6.052 5.884 6.308 6.403 6.25 5.862 5.693 5.503 6.218
1331.4668 7.22 7.27 7.195 7.002 6.86 6.721 7.081 6.98 6.857 6.715 6.575 6.426 6.985 6.812 6.64 6.52 6.409 6.748 6.606 6.486 6.387 6.219 6.643 6.738 6.585 6.197 6.028 5.837 6.552
1363.586 7.555 7.605 7.53 7.337 7.195 7.055 7.416 7.315 7.192 7.05 6.91 6.761 7.32 7.147 6.975 6.854 6.744 7.083 6.941 6.821 6.722 6.554 6.977 7.073 6.92 6.532 6.363 6.172 6.887
1396.48 7.89 7.94 7.865 7.672 7.529 7.39 7.751 7.649 7.527 7.385 7.245 7.096 7.654 7.482 7.31 7.189 7.079 7.418 7.276 7.156 7.057 6.888 7.312 7.407 7.255 6.867 6.697 6.507 7.222
1430.1675 8.225 8.274 8.2 8.007 7.864 7.725 8.086 7.984 7.862 7.72 7.579 7.431 7.989 7.817 7.645 7.524 7.413 7.753 7.61 7.491 7.392 7.223 7.647 7.742 7.589 7.202 7.032 6.842 7.557
1464.6676 8.56 8.609 8.534 8.341 8.199 8.06 8.421 8.319 8.197 8.055 7.914 7.766 8.324 8.151 7.98 7.859 7.748 8.088 7.945 7.825 7.726 7.558 7.982 8.077 7.924 7.536 7.367 7.177 7.892
1500.0 8.895 8.944 8.869 8.676 8.534 8.395 8.756 8.654 8.531 8.39 8.249 8.101 8.659 8.486 8.314 8.194 8.083 8.423 8.28 8.16 8.061 7.893 8.317 8.412 8.259 7.871 7.702 7.512 8.227
