web/models/grb/onaxis/7/grb_0.0000_13.8950_1.5848932.dat
# %ECSV 1.0
# ---
# datatype:
# - {name: time, datatype: float64}
# - {name: swift_uvot_uvw2, datatype: float64}
# - {name: swift_uvot_uvm2, datatype: float64}
# - {name: swift_uvot_uvw1, datatype: float64}
# - {name: swift_uvot_U, datatype: float64}
# - {name: swift_uvot_B, datatype: float64}
# - {name: swift_uvot_V, datatype: float64}
# - {name: swift_uvot_W, datatype: float64}
# - {name: johnson_U, datatype: float64}
# - {name: johnson_B, datatype: float64}
# - {name: johnson_V, datatype: float64}
# - {name: johnson_R, datatype: float64}
# - {name: johnson_I, datatype: float64}
# - {name: sdss_u, datatype: float64}
# - {name: sdss_g, datatype: float64}
# - {name: sdss_r, datatype: float64}
# - {name: sdss_i, datatype: float64}
# - {name: sdss_z, datatype: float64}
# - {name: PS1_g, datatype: float64}
# - {name: PS1_r, datatype: float64}
# - {name: PS1_i, datatype: float64}
# - {name: PS1_z, datatype: float64}
# - {name: PS1_Y, datatype: float64}
# - {name: PS1_w, datatype: float64}
# - {name: ATLAS_c, datatype: float64}
# - {name: ATLAS_o, datatype: float64}
# - {name: ukirt_J, datatype: float64}
# - {name: ukirt_H, datatype: float64}
# - {name: ukirt_K, datatype: float64}
# - {name: Clear, datatype: float64}
# meta: !!omap
# - comment: [E = 0.006029923955985727, Eta0 = 8.02, GammaB = 12.0, dL = 0.012188, epsb = 6.760829753919819e-06, epse = 0.1, n = 1.584893192461114,
#     p = 2.15, theta_obs = 0.0, xiN = 1.0, z = 0.0, type = grb, E_kiso = 13.894954943731374]
# schema: astropy-2.0
time swift_uvot_uvw2 swift_uvot_uvm2 swift_uvot_uvw1 swift_uvot_U swift_uvot_B swift_uvot_V swift_uvot_W johnson_U johnson_B johnson_V johnson_R johnson_I sdss_u sdss_g sdss_r sdss_i sdss_z PS1_g PS1_r PS1_i PS1_z PS1_Y PS1_w ATLAS_c ATLAS_o ukirt_J ukirt_H ukirt_K Clear
[from data line 459]
564.4842 26.747 26.796 26.722 26.529 26.386 26.247 26.608 26.506 26.384 26.242 26.101 25.953 26.511 26.339 26.167 26.046 25.935 26.275 26.132 26.013 25.913 25.745 26.169 26.264 26.111 25.724 25.554 25.364 26.079
578.1013 27.082 27.131 27.056 26.863 26.721 26.582 26.943 26.841 26.719 26.577 26.436 26.288 26.846 26.673 26.502 26.381 26.27 26.61 26.467 26.347 26.248 26.08 26.504 26.599 26.446 26.058 25.889 25.699 26.414
592.0469 27.417 27.466 27.391 27.198 27.056 26.917 27.278 27.176 27.053 26.912 26.771 26.623 27.181 27.008 26.836 26.716 26.605 26.945 26.802 26.682 26.583 26.415 26.839 26.934 26.781 26.393 26.224 26.033 26.748
606.329 27.751 27.801 27.726 27.533 27.391 27.252 27.612 27.511 27.388 27.246 27.106 26.957 27.516 27.343 27.171 27.051 26.94 27.279 27.137 27.017 26.918 26.75 27.174 27.269 27.116 26.728 26.559 26.368 27.083
620.9555 28.086 28.136 28.061 27.868 27.725 27.586 27.947 27.846 27.723 27.581 27.441 27.292 27.851 27.678 27.506 27.385 27.275 27.614 27.472 27.352 27.253 27.085 27.508 27.604 27.451 27.063 26.893 26.703 27.418
635.9349 28.421 28.471 28.396 28.203 28.06 27.921 28.282 28.18 28.058 27.916 27.776 27.627 28.185 28.013 27.841 27.72 27.61 27.949 27.806 27.687 27.588 27.419 27.843 27.938 27.786 27.398 27.228 27.038 27.753
651.2757 28.756 28.805 28.731 28.538 28.395 28.256 28.617 28.515 28.393 28.251 28.11 27.962 28.52 28.348 28.176 28.055 27.944 28.284 28.141 28.021 27.922 27.754 28.178 28.273 28.12 27.732 27.563 27.373 28.088
666.9865 29.091 29.14 29.065 28.872 28.73 28.591 28.952 28.85 28.728 28.586 28.445 28.297 28.855 28.682 28.511 28.39 28.279 28.619 28.476 28.356 28.257 28.089 28.513 28.608 28.455 28.067 27.898 27.708 28.423
683.0763 29.426 29.475 29.4 29.207 29.065 28.926 29.286 29.185 29.062 28.921 28.78 28.631 29.19 29.017 28.845 28.725 28.614 28.954 28.811 28.691 28.592 28.424 28.848 28.943 28.79 28.402 28.233 28.042 28.757
699.5543 29.76 29.81 29.735 29.542 29.4 29.26 29.621 29.52 29.397 29.255 29.115 28.966 29.525 29.352 29.18 29.06 28.949 29.288 29.146 29.026 28.927 28.759 29.183 29.278 29.125 28.737 28.568 28.377 29.092
716.4297 30.095 30.145 30.07 29.877 29.734 29.595 29.956 29.854 29.732 29.59 29.45 29.301 29.86 29.687 29.515 29.394 29.284 29.623 29.481 29.361 29.262 29.093 29.517 29.613 29.46 29.072 28.902 28.712 29.427
733.7123 30.43 30.479 30.405 30.212 30.069 29.93 30.291 30.189 30.067 29.925 29.785 29.636 30.194 30.022 29.85 29.729 29.619 29.958 29.815 29.696 29.597 29.428 29.852 29.947 29.795 29.407 29.237 29.047 29.762
751.4117 30.765 30.814 30.739 30.547 30.404 30.265 30.626 30.524 30.402 30.26 30.119 29.971 30.529 30.357 30.185 30.064 29.953 30.293 30.15 30.03 29.931 29.763 30.187 30.282 30.129 29.741 29.572 29.382 30.097
769.5381 31.1 31.149 31.074 30.881 30.739 30.6 30.961 30.859 30.737 30.595 30.454 30.306 30.864 30.691 30.52 30.399 30.288 30.628 30.485 30.365 30.266 30.098 30.522 30.617 30.464 30.076 29.907 29.717 30.432
788.1018 31.435 31.484 31.409 31.216 31.074 30.935 31.295 31.194 31.071 30.929 30.789 30.64 31.199 31.026 30.854 30.734 30.623 30.962 30.82 30.7 30.601 30.433 30.857 30.952 30.799 30.411 30.242 30.051 30.766
807.1133 31.769 31.819 31.744 31.551 31.409 31.269 31.63 31.529 31.406 31.264 31.124 30.975 31.534 31.361 31.189 31.069 30.958 31.297 31.155 31.035 30.936 30.768 31.191 31.287 31.134 30.746 30.577 30.386 31.101
826.5834 32.104 32.154 32.079 31.886 31.743 31.604 31.965 31.863 31.741 31.599 31.459 31.31 31.868 31.696 31.524 31.403 31.293 31.632 31.49 31.37 31.271 31.102 31.526 31.621 31.469 31.081 30.911 30.721 31.436
846.5232 32.439 32.488 32.414 32.221 32.078 31.939 32.3 32.198 32.076 31.934 31.793 31.645 32.203 32.031 31.859 31.738 31.628 31.967 31.824 31.705 31.606 31.437 31.861 31.956 31.804 31.416 31.246 31.056 31.771
866.944 32.774 32.823 32.748 32.555 32.413 32.274 32.635 32.533 32.411 32.269 32.128 31.98 32.538 32.366 32.194 32.073 31.962 32.302 32.159 32.039 31.94 31.772 32.196 32.291 32.138 31.75 31.581 31.391 32.106
887.8575 33.109 33.158 33.083 32.89 32.748 32.609 32.97 32.868 32.745 32.604 32.463 32.315 32.873 32.7 32.529 32.408 32.297 32.637 32.494 32.374 32.275 32.107 32.531 32.626 32.473 32.085 31.916 31.726 32.441
909.2754 33.443 33.493 33.418 33.225 33.083 32.944 33.304 33.203 33.08 32.938 32.798 32.649 33.208 33.035 32.863 32.743 32.632 32.971 32.829 32.709 32.61 32.442 32.866 32.961 32.808 32.42 32.251 32.06 32.775
931.21 33.778 33.828 33.753 33.56 33.418 33.278 33.639 33.538 33.415 33.273 33.133 32.984 33.543 33.37 33.198 33.077 32.967 33.306 33.164 33.044 32.945 32.777 33.2 33.296 33.143 32.755 32.586 32.395 33.11
953.6737 34.113 34.163 34.088 33.895 33.752 33.613 33.974 33.872 33.75 33.608 33.468 33.319 33.877 33.705 33.533 33.412 33.302 33.641 33.499 33.379 33.28 33.111 33.535 33.63 33.478 33.09 32.92 32.73 33.445
976.6793 34.448 34.497 34.423 34.23 34.087 33.948 34.309 34.207 34.085 33.943 33.802 33.654 34.212 34.04 33.868 33.747 33.636 33.976 33.833 33.714 33.614 33.446 33.87 33.965 33.812 33.425 33.255 33.065 33.78
1000.2399 34.783 34.832 34.757 34.564 34.422 34.283 34.644 34.542 34.42 34.278 34.137 33.989 34.547 34.374 34.203 34.082 33.971 34.311 34.168 34.048 33.949 33.781 34.205 34.3 34.147 33.759 33.59 33.4 34.115
1024.3688 35.118 35.167 35.092 34.899 34.757 34.618 34.979 34.877 34.754 34.613 34.472 34.324 34.882 34.709 34.537 34.417 34.306 34.646 34.503 34.383 34.284 34.116 34.54 34.635 34.482 34.094 33.925 33.735 34.45
1049.0798 35.452 35.502 35.427 35.234 35.092 34.953 35.313 35.212 35.089 34.947 34.807 34.658 35.217 35.044 34.872 34.752 34.641 34.98 34.838 34.718 34.619 34.451 34.875 34.97 34.817 34.429 34.26 34.069 34.784
1074.3869 35.787 35.837 35.762 35.569 35.427 35.287 35.648 35.547 35.424 35.282 35.142 34.993 35.552 35.379 35.207 35.086 34.976 35.315 35.173 35.053 34.954 34.786 35.209 35.305 35.152 34.764 34.595 34.404 35.119
1100.3045 36.122 36.172 36.097 35.904 35.761 35.622 35.983 35.881 35.759 35.617 35.477 35.328 35.886 35.714 35.542 35.421 35.311 35.65 35.507 35.388 35.289 35.12 35.544 35.639 35.487 35.099 34.929 34.739 35.454
1126.8473 36.457 36.506 36.432 36.239 36.096 35.957 36.318 36.216 36.094 35.952 35.811 35.663 36.221 36.049 35.877 35.756 35.645 35.985 35.842 35.722 35.623 35.455 35.879 35.974 35.821 35.433 35.264 35.074 35.789
1154.0304 36.792 36.841 36.766 36.573 36.431 36.292 36.653 36.551 36.429 36.287 36.146 35.998 36.556 36.383 36.212 36.091 35.98 36.32 36.177 36.057 35.958 35.79 36.214 36.309 36.156 35.768 35.599 35.409 36.124
1181.8693 37.127 37.176 37.101 36.908 36.766 36.627 36.987 36.886 36.763 36.622 36.481 36.332 36.891 36.718 36.546 36.426 36.315 36.655 36.512 36.392 36.293 36.125 36.549 36.644 36.491 36.103 35.934 35.743 36.458
1210.3797 37.461 37.511 37.436 37.243 37.101 36.962 37.322 37.221 37.098 36.956 36.816 36.667 37.226 37.053 36.881 36.761 36.65 36.989 36.847 36.727 36.628 36.46 36.884 36.979 36.826 36.438 36.269 36.078 36.793
1239.5778 37.796 37.846 37.771 37.578 37.435 37.296 37.657 37.555 37.433 37.291 37.151 37.002 37.561 37.388 37.216 37.095 36.985 37.324 37.182 37.062 36.963 36.794 37.218 37.314 37.161 36.773 36.603 36.413 37.128
1269.4803 38.131 38.181 38.106 37.913 37.77 37.631 37.992 37.89 37.768 37.626 37.486 37.337 37.895 37.723 37.551 37.43 37.32 37.659 37.516 37.397 37.298 37.129 37.553 37.648 37.496 37.108 36.938 36.748 37.463
1300.1042 38.466 38.515 38.44 38.248 38.105 37.966 38.327 38.225 38.103 37.961 37.82 37.672 38.23 38.058 37.886 37.765 37.654 37.994 37.851 37.731 37.632 37.464 37.888 37.983 37.83 37.442 37.273 37.083 37.798
1331.4668 38.801 38.85 38.775 38.582 38.44 38.301 38.662 38.56 38.438 38.296 38.155 38.007 38.565 38.392 38.221 38.1 37.989 38.329 38.186 38.066 37.967 37.799 38.223 38.318 38.165 37.777 37.608 37.418 38.133
1363.586 39.136 39.185 39.11 38.917 38.775 38.636 38.996 38.895 38.772 38.63 38.49 38.341 38.9 38.727 38.555 38.435 38.324 38.663 38.521 38.401 38.302 38.134 38.558 38.653 38.5 38.112 37.943 37.752 38.467
1396.48 39.47 39.52 39.445 39.252 39.11 38.97 39.331 39.23 39.107 38.965 38.825 38.676 39.235 39.062 38.89 38.77 38.659 38.998 38.856 38.736 38.637 38.469 38.892 38.988 38.835 38.447 38.278 38.087 38.802
1430.1675 39.805 39.855 39.78 39.587 39.444 39.305 39.666 39.564 39.442 39.3 39.16 39.011 39.569 39.397 39.225 39.104 38.994 39.333 39.191 39.071 38.972 38.803 39.227 39.323 39.17 38.782 38.612 38.422 39.137
1464.6676 40.14 40.189 40.115 39.922 39.779 39.64 40.001 39.899 39.777 39.635 39.494 39.346 39.904 39.732 39.56 39.439 39.329 39.668 39.525 39.406 39.307 39.138 39.562 39.657 39.505 39.117 38.947 38.757 39.472
1500.0 40.475 40.524 40.449 40.256 40.114 39.975 40.336 40.234 40.112 39.97 39.829 39.681 40.239 40.067 39.895 39.774 39.663 40.003 39.86 39.74 39.641 39.473 39.897 39.992 39.839 39.451 39.282 39.092 39.807
