web/models/grb/onaxis/7/grb_0.0000_138.9495_6.3095734.dat
# %ECSV 1.0
# ---
# datatype:
# - {name: time, datatype: float64}
# - {name: swift_uvot_uvw2, datatype: float64}
# - {name: swift_uvot_uvm2, datatype: float64}
# - {name: swift_uvot_uvw1, datatype: float64}
# - {name: swift_uvot_U, datatype: float64}
# - {name: swift_uvot_B, datatype: float64}
# - {name: swift_uvot_V, datatype: float64}
# - {name: swift_uvot_W, datatype: float64}
# - {name: johnson_U, datatype: float64}
# - {name: johnson_B, datatype: float64}
# - {name: johnson_V, datatype: float64}
# - {name: johnson_R, datatype: float64}
# - {name: johnson_I, datatype: float64}
# - {name: sdss_u, datatype: float64}
# - {name: sdss_g, datatype: float64}
# - {name: sdss_r, datatype: float64}
# - {name: sdss_i, datatype: float64}
# - {name: sdss_z, datatype: float64}
# - {name: PS1_g, datatype: float64}
# - {name: PS1_r, datatype: float64}
# - {name: PS1_i, datatype: float64}
# - {name: PS1_z, datatype: float64}
# - {name: PS1_Y, datatype: float64}
# - {name: ukirt_J, datatype: float64}
# - {name: ukirt_H, datatype: float64}
# - {name: ukirt_K, datatype: float64}
# meta: !!omap
# - comment: [E = 0.06029923955985733, Eta0 = 8.02, GammaB = 12.0, dL = 0.012188, epsb = 6.760829753919819e-06, epse = 0.1, n = 6.30957344480193,
#     p = 2.15, theta_obs = 0.0, xiN = 1.0, z = 0.0, type = grb, E_kiso = 138.9495494373139]
# schema: astropy-2.0
time swift_uvot_uvw2 swift_uvot_uvm2 swift_uvot_uvw1 swift_uvot_U swift_uvot_B swift_uvot_V swift_uvot_W johnson_U johnson_B johnson_V johnson_R johnson_I sdss_u sdss_g sdss_r sdss_i sdss_z PS1_g PS1_r PS1_i PS1_z PS1_Y ukirt_J ukirt_H ukirt_K
[from data line 241]
3.1252 -7.15 -7.101 -7.175 -7.368 -7.511 -7.65 -7.289 -7.391 -7.513 -7.655 -7.796 -7.944 -7.386 -7.558 -7.73 -7.851 -7.962 -7.622 -7.765 -7.884 -7.983 -8.152 -8.173 -8.343 -8.533
3.2006 -7.103 -7.054 -7.129 -7.322 -7.464 -7.603 -7.242 -7.344 -7.466 -7.608 -7.749 -7.897 -7.339 -7.512 -7.683 -7.804 -7.915 -7.575 -7.718 -7.838 -7.937 -8.105 -8.127 -8.296 -8.486
3.2778 -7.057 -7.007 -7.082 -7.275 -7.417 -7.556 -7.196 -7.297 -7.42 -7.562 -7.702 -7.851 -7.292 -7.465 -7.637 -7.757 -7.868 -7.529 -7.671 -7.791 -7.89 -8.058 -8.08 -8.249 -8.44
3.3569 -7.01 -6.96 -7.035 -7.228 -7.371 -7.51 -7.149 -7.25 -7.373 -7.515 -7.655 -7.804 -7.245 -7.418 -7.59 -7.711 -7.821 -7.482 -7.624 -7.744 -7.843 -8.011 -8.033 -8.202 -8.393
3.4378 -6.963 -6.914 -6.988 -7.181 -7.324 -7.463 -7.102 -7.204 -7.326 -7.468 -7.608 -7.757 -7.199 -7.371 -7.543 -7.664 -7.774 -7.435 -7.578 -7.697 -7.796 -7.965 -7.986 -8.156 -8.346
3.5208 -6.916 -6.867 -6.942 -7.135 -7.277 -7.416 -7.055 -7.157 -7.279 -7.421 -7.562 -7.71 -7.152 -7.324 -7.496 -7.617 -7.728 -7.388 -7.531 -7.651 -7.75 -7.918 -7.94 -8.109 -8.299
3.6057 -6.869 -6.82 -6.895 -7.088 -7.23 -7.369 -7.009 -7.11 -7.233 -7.374 -7.515 -7.664 -7.105 -7.278 -7.45 -7.57 -7.681 -7.341 -7.484 -7.604 -7.703 -7.871 -7.893 -8.062 -8.253
3.6927 -6.823 -6.773 -6.848 -7.041 -7.183 -7.323 -6.962 -7.063 -7.186 -7.328 -7.468 -7.617 -7.058 -7.231 -7.403 -7.524 -7.634 -7.295 -7.437 -7.557 -7.656 -7.824 -7.846 -8.015 -8.206
3.7818 -6.776 -6.726 -6.801 -6.994 -7.137 -7.276 -6.915 -7.017 -7.139 -7.281 -7.421 -7.57 -7.012 -7.184 -7.356 -7.477 -7.587 -7.248 -7.391 -7.51 -7.609 -7.778 -7.799 -7.969 -8.159
3.873 -6.729 -6.68 -6.755 -6.947 -7.09 -7.229 -6.868 -6.97 -7.092 -7.234 -7.375 -7.523 -6.965 -7.137 -7.309 -7.43 -7.541 -7.201 -7.344 -7.464 -7.563 -7.731 -7.753 -7.922 -8.112
3.9664 -6.683 -6.633 -6.708 -6.901 -7.044 -7.183 -6.822 -6.924 -7.046 -7.188 -7.328 -7.477 -6.919 -7.091 -7.263 -7.384 -7.494 -7.155 -7.297 -7.417 -7.516 -7.685 -7.706 -7.876 -8.066
4.0621 -6.637 -6.587 -6.662 -6.855 -6.998 -7.137 -6.776 -6.878 -7.0 -7.142 -7.282 -7.431 -6.873 -7.045 -7.217 -7.338 -7.448 -7.109 -7.252 -7.371 -7.47 -7.639 -7.66 -7.83 -8.02
4.1601 -6.591 -6.542 -6.616 -6.809 -6.952 -7.091 -6.73 -6.832 -6.954 -7.096 -7.236 -7.385 -6.827 -6.999 -7.171 -7.292 -7.402 -7.063 -7.206 -7.325 -7.424 -7.593 -7.614 -7.784 -7.974
4.2604 -6.545 -6.496 -6.57 -6.763 -6.906 -7.045 -6.684 -6.786 -6.908 -7.05 -7.191 -7.339 -6.781 -6.953 -7.125 -7.246 -7.356 -7.017 -7.16 -7.279 -7.378 -7.547 -7.568 -7.738 -7.928
4.3632 -6.499 -6.45 -6.524 -6.717 -6.86 -6.999 -6.638 -6.74 -6.862 -7.004 -7.145 -7.293 -6.735 -6.907 -7.079 -7.2 -7.311 -6.971 -7.114 -7.233 -7.333 -7.501 -7.522 -7.692 -7.882
4.4685 -6.453 -6.404 -6.479 -6.671 -6.814 -6.953 -6.592 -6.694 -6.816 -6.958 -7.099 -7.247 -6.689 -6.861 -7.033 -7.154 -7.265 -6.925 -7.068 -7.188 -7.287 -7.455 -7.477 -7.646 -7.836
4.5763 -6.407 -6.358 -6.433 -6.626 -6.768 -6.907 -6.546 -6.648 -6.77 -6.912 -7.053 -7.201 -6.643 -6.815 -6.987 -7.108 -7.219 -6.879 -7.022 -7.142 -7.241 -7.409 -7.431 -7.6 -7.79
4.6867 -6.361 -6.312 -6.387 -6.58 -6.722 -6.861 -6.5 -6.602 -6.724 -6.866 -7.007 -7.155 -6.597 -6.769 -6.941 -7.062 -7.173 -6.833 -6.976 -7.096 -7.195 -7.363 -7.385 -7.554 -7.744
4.7997 -6.315 -6.266 -6.341 -6.534 -6.676 -6.815 -6.454 -6.556 -6.678 -6.82 -6.961 -7.109 -6.551 -6.724 -6.895 -7.016 -7.127 -6.787 -6.93 -7.05 -7.149 -7.317 -7.339 -7.508 -7.698
4.9155 -6.269 -6.22 -6.295 -6.488 -6.63 -6.769 -6.408 -6.51 -6.632 -6.774 -6.915 -7.063 -6.505 -6.678 -6.849 -6.97 -7.081 -6.741 -6.884 -7.004 -7.103 -7.271 -7.293 -7.462 -7.652
5.0341 -6.226 -6.176 -6.251 -6.444 -6.587 -6.726 -6.365 -6.466 -6.589 -6.731 -6.871 -7.02 -6.461 -6.634 -6.806 -6.927 -7.037 -6.698 -6.84 -6.96 -7.059 -7.227 -7.249 -7.419 -7.609
5.1555 -6.183 -6.134 -6.208 -6.401 -6.544 -6.683 -6.322 -6.424 -6.546 -6.688 -6.829 -6.977 -6.419 -6.591 -6.763 -6.884 -6.994 -6.655 -6.798 -6.917 -7.016 -7.185 -7.206 -7.376 -7.566
5.2799 -6.14 -6.091 -6.166 -6.359 -6.501 -6.64 -6.279 -6.381 -6.503 -6.645 -6.786 -6.934 -6.376 -6.549 -6.72 -6.841 -6.952 -6.612 -6.755 -6.875 -6.974 -7.142 -7.164 -7.333 -7.523
5.4072 -6.097 -6.048 -6.123 -6.316 -6.458 -6.597 -6.237 -6.338 -6.461 -6.603 -6.743 -6.892 -6.333 -6.506 -6.678 -6.798 -6.909 -6.57 -6.712 -6.832 -6.931 -7.099 -7.121 -7.29 -7.481
5.5377 -6.055 -6.005 -6.08 -6.273 -6.415 -6.555 -6.194 -6.295 -6.418 -6.56 -6.7 -6.849 -6.29 -6.463 -6.635 -6.756 -6.866 -6.527 -6.669 -6.789 -6.888 -7.056 -7.078 -7.247 -7.438
5.6713 -6.012 -5.963 -6.037 -6.23 -6.373 -6.512 -6.151 -6.253 -6.375 -6.517 -6.657 -6.806 -6.248 -6.42 -6.592 -6.713 -6.823 -6.484 -6.627 -6.746 -6.845 -7.014 -7.035 -7.205 -7.395
5.8081 -5.969 -5.92 -5.995 -6.188 -6.33 -6.469 -6.108 -6.21 -6.332 -6.474 -6.615 -6.763 -6.205 -6.378 -6.549 -6.67 -6.781 -6.441 -6.584 -6.704 -6.803 -6.971 -6.993 -7.162 -7.352
5.9482 -5.926 -5.877 -5.952 -6.145 -6.287 -6.426 -6.066 -6.167 -6.29 -6.431 -6.572 -6.721 -6.162 -6.335 -6.507 -6.627 -6.738 -6.398 -6.541 -6.661 -6.76 -6.928 -6.95 -7.119 -7.31
6.0917 -5.884 -5.834 -5.909 -6.102 -6.244 -6.384 -6.023 -6.124 -6.247 -6.389 -6.529 -6.678 -6.119 -6.292 -6.464 -6.585 -6.695 -6.356 -6.498 -6.618 -6.717 -6.885 -6.907 -7.076 -7.267
6.2386 -5.841 -5.791 -5.866 -6.059 -6.202 -6.341 -5.98 -6.082 -6.204 -6.346 -6.486 -6.635 -6.077 -6.249 -6.421 -6.542 -6.652 -6.313 -6.456 -6.575 -6.674 -6.843 -6.864 -7.034 -7.224
6.3891 -5.796 -5.747 -5.822 -6.015 -6.157 -6.296 -5.935 -6.037 -6.159 -6.301 -6.442 -6.59 -6.032 -6.205 -6.376 -6.497 -6.608 -6.268 -6.411 -6.531 -6.63 -6.798 -6.82 -6.989 -7.179
6.5433 -5.751 -5.702 -5.777 -5.97 -6.112 -6.251 -5.891 -5.992 -6.115 -6.256 -6.397 -6.546 -5.987 -6.16 -6.332 -6.452 -6.563 -6.223 -6.366 -6.486 -6.585 -6.753 -6.775 -6.944 -7.135
6.7011 -5.707 -5.657 -5.732 -5.925 -6.067 -6.206 -5.846 -5.947 -6.07 -6.212 -6.352 -6.501 -5.942 -6.115 -6.287 -6.407 -6.518 -6.179 -6.321 -6.441 -6.54 -6.708 -6.73 -6.899 -7.09
6.8627 -5.662 -5.612 -5.687 -5.88 -6.022 -6.162 -5.801 -5.902 -6.025 -6.167 -6.307 -6.456 -5.897 -6.07 -6.242 -6.363 -6.473 -6.134 -6.276 -6.396 -6.495 -6.663 -6.685 -6.854 -7.045
7.0283 -5.617 -5.567 -5.642 -5.835 -5.978 -6.117 -5.756 -5.858 -5.98 -6.122 -6.262 -6.411 -5.853 -6.025 -6.197 -6.318 -6.428 -6.089 -6.231 -6.351 -6.45 -6.619 -6.64 -6.81 -7.0
7.1978 -5.572 -5.523 -5.597 -5.79 -5.933 -6.072 -5.711 -5.813 -5.935 -6.077 -6.218 -6.366 -5.808 -5.98 -6.152 -6.273 -6.383 -6.044 -6.187 -6.306 -6.405 -6.574 -6.595 -6.765 -6.955
7.3715 -5.527 -5.478 -5.553 -5.746 -5.888 -6.027 -5.666 -5.768 -5.89 -6.032 -6.173 -6.321 -5.763 -5.935 -6.107 -6.228 -6.339 -5.999 -6.142 -6.262 -6.361 -6.529 -6.551 -6.72 -6.91
7.5493 -5.482 -5.433 -5.508 -5.701 -5.843 -5.982 -5.621 -5.723 -5.845 -5.987 -6.128 -6.276 -5.718 -5.891 -6.062 -6.183 -6.294 -5.954 -6.097 -6.217 -6.316 -6.484 -6.506 -6.675 -6.865
7.7314 -5.437 -5.388 -5.463 -5.656 -5.798 -5.937 -5.577 -5.678 -5.801 -5.942 -6.083 -6.232 -5.673 -5.846 -6.018 -6.138 -6.249 -5.909 -6.052 -6.172 -6.271 -6.439 -6.461 -6.63 -6.821
7.9179 -5.393 -5.343 -5.418 -5.611 -5.754 -5.893 -5.532 -5.633 -5.756 -5.898 -6.038 -6.187 -5.628 -5.801 -5.973 -6.094 -6.204 -5.865 -6.007 -6.127 -6.226 -6.394 -6.416 -6.586 -6.776
8.1089 -5.352 -5.302 -5.377 -5.57 -5.712 -5.852 -5.491 -5.592 -5.715 -5.857 -5.997 -6.146 -5.587 -5.76 -5.932 -6.053 -6.163 -5.824 -5.966 -6.086 -6.185 -6.353 -6.375 -6.544 -6.735
8.3045 -5.311 -5.261 -5.336 -5.529 -5.671 -5.811 -5.45 -5.551 -5.674 -5.816 -5.956 -6.105 -5.546 -5.719 -5.891 -6.012 -6.122 -5.783 -5.925 -6.045 -6.144 -6.312 -6.334 -6.503 -6.694
8.5049 -5.27 -5.22 -5.295 -5.488 -5.63 -5.77 -5.409 -5.51 -5.633 -5.775 -5.915 -6.064 -5.505 -5.678 -5.85 -5.971 -6.081 -5.742 -5.884 -6.004 -6.103 -6.271 -6.293 -6.462 -6.653
8.71 -5.229 -5.179 -5.254 -5.447 -5.589 -5.729 -5.368 -5.469 -5.592 -5.734 -5.874 -6.023 -5.464 -5.637 -5.809 -5.93 -6.04 -5.701 -5.843 -5.963 -6.062 -6.23 -6.252 -6.421 -6.612
8.9201 -5.188 -5.138 -5.213 -5.406 -5.548 -5.688 -5.327 -5.428 -5.551 -5.693 -5.833 -5.982 -5.423 -5.596 -5.768 -5.889 -5.999 -5.66 -5.802 -5.922 -6.021 -6.189 -6.211 -6.38 -6.571
9.1353 -5.147 -5.097 -5.172 -5.365 -5.507 -5.647 -5.286 -5.387 -5.51 -5.652 -5.792 -5.941 -5.382 -5.555 -5.727 -5.848 -5.958 -5.619 -5.761 -5.881 -5.98 -6.148 -6.17 -6.339 -6.53
9.3557 -5.106 -5.056 -5.131 -5.324 -5.466 -5.606 -5.245 -5.346 -5.469 -5.611 -5.751 -5.9 -5.341 -5.514 -5.686 -5.807 -5.917 -5.578 -5.72 -5.84 -5.939 -6.107 -6.129 -6.298 -6.489
9.5814 -5.065 -5.015 -5.09 -5.283 -5.425 -5.565 -5.204 -5.305 -5.428 -5.57 -5.71 -5.859 -5.3 -5.473 -5.645 -5.766 -5.876 -5.537 -5.679 -5.799 -5.898 -6.066 -6.088 -6.257 -6.448
9.8125 -5.024 -4.974 -5.049 -5.242 -5.384 -5.524 -5.163 -5.264 -5.387 -5.529 -5.669 -5.818 -5.259 -5.432 -5.604 -5.725 -5.835 -5.496 -5.638 -5.758 -5.857 -6.025 -6.047 -6.216 -6.407
10.0492 -4.983 -4.934 -5.009 -5.201 -5.344 -5.483 -5.122 -5.224 -5.346 -5.488 -5.629 -5.777 -5.219 -5.391 -5.563 -5.684 -5.795 -5.455 -5.598 -5.718 -5.817 -5.985 -6.007 -6.176 -6.366
10.2917 -4.945 -4.895 -4.97 -5.163 -5.305 -5.445 -5.084 -5.185 -5.308 -5.45 -5.59 -5.739 -5.18 -5.353 -5.525 -5.646 -5.756 -5.417 -5.559 -5.679 -5.778 -5.946 -5.968 -6.137 -6.328
10.5399 -4.906 -4.857 -4.932 -5.125 -5.267 -5.406 -5.045 -5.147 -5.269 -5.411 -5.552 -5.7 -5.142 -5.315 -5.486 -5.607 -5.718 -5.378 -5.521 -5.641 -5.74 -5.908 -5.93 -6.099 -6.289
10.7942 -4.868 -4.818 -4.893 -5.086 -5.229 -5.368 -5.007 -5.109 -5.231 -5.373 -5.513 -5.662 -5.104 -5.276 -5.448 -5.569 -5.679 -5.34 -5.482 -5.602 -5.701 -5.87 -5.891 -6.061 -6.251
11.0546 -4.829 -4.78 -4.855 -5.048 -5.19 -5.329 -4.968 -5.07 -5.193 -5.334 -5.475 -5.623 -5.065 -5.238 -5.41 -5.53 -5.641 -5.301 -5.444 -5.564 -5.663 -5.831 -5.853 -6.022 -6.212
11.3212 -4.791 -4.741 -4.816 -5.009 -5.152 -5.291 -4.93 -5.032 -5.154 -5.296 -5.436 -5.585 -5.027 -5.199 -5.371 -5.492 -5.602 -5.263 -5.406 -5.525 -5.624 -5.793 -5.814 -5.984 -6.174
11.5943 -4.753 -4.703 -4.778 -4.971 -5.113 -5.252 -4.892 -4.993 -5.116 -5.258 -5.398 -5.547 -4.988 -5.161 -5.333 -5.453 -5.564 -5.225 -5.367 -5.487 -5.586 -5.754 -5.776 -5.945 -6.136
11.874 -4.714 -4.665 -4.739 -4.932 -5.075 -5.214 -4.853 -4.955 -5.077 -5.219 -5.36 -5.508 -4.95 -5.122 -5.294 -5.415 -5.526 -5.186 -5.329 -5.449 -5.548 -5.716 -5.738 -5.907 -6.097
12.1605 -4.676 -4.626 -4.701 -4.894 -5.036 -5.176 -4.815 -4.916 -5.039 -5.181 -5.321 -5.47 -4.911 -5.084 -5.256 -5.376 -5.487 -5.148 -5.29 -5.41 -5.509 -5.677 -5.699 -5.868 -6.059
12.4538 -4.637 -4.588 -4.663 -4.856 -4.998 -5.137 -4.776 -4.878 -5.0 -5.142 -5.283 -5.431 -4.873 -5.045 -5.217 -5.338 -5.449 -5.109 -5.252 -5.372 -5.471 -5.639 -5.661 -5.83 -6.02
12.7542 -4.598 -4.548 -4.623 -4.816 -4.958 -5.097 -4.737 -4.838 -4.961 -5.103 -5.243 -5.392 -4.833 -5.006 -5.178 -5.298 -5.409 -5.07 -5.212 -5.332 -5.431 -5.599 -5.621 -5.79 -5.981
13.0619 -4.556 -4.506 -4.581 -4.774 -4.916 -5.056 -4.695 -4.796 -4.919 -5.061 -5.201 -5.35 -4.791 -4.964 -5.136 -5.256 -5.367 -5.028 -5.17 -5.29 -5.389 -5.557 -5.579 -5.748 -5.939
13.377 -4.514 -4.464 -4.539 -4.732 -4.874 -5.014 -4.653 -4.754 -4.877 -5.019 -5.159 -5.308 -4.749 -4.922 -5.094 -5.214 -5.325 -4.986 -5.128 -5.248 -5.347 -5.515 -5.537 -5.706 -5.897
13.6997 -4.472 -4.422 -4.497 -4.69 -4.832 -4.972 -4.611 -4.712 -4.835 -4.977 -5.117 -5.266 -4.707 -4.88 -5.052 -5.173 -5.283 -4.944 -5.086 -5.206 -5.305 -5.473 -5.495 -5.664 -5.855
14.0302 -4.43 -4.38 -4.455 -4.648 -4.79 -4.93 -4.569 -4.67 -4.793 -4.935 -5.075 -5.224 -4.665 -4.838 -5.01 -5.131 -5.241 -4.902 -5.044 -5.164 -5.263 -5.431 -5.453 -5.622 -5.813
14.3686 -4.388 -4.338 -4.413 -4.606 -4.748 -4.888 -4.527 -4.628 -4.751 -4.893 -5.033 -5.182 -4.623 -4.796 -4.968 -5.089 -5.199 -4.86 -5.002 -5.122 -5.221 -5.389 -5.411 -5.58 -5.771
14.7153 -4.346 -4.296 -4.371 -4.564 -4.707 -4.846 -4.485 -4.586 -4.709 -4.851 -4.991 -5.14 -4.581 -4.754 -4.926 -5.047 -5.157 -4.818 -4.96 -5.08 -5.179 -5.347 -5.369 -5.539 -5.729
15.0702 -4.304 -4.254 -4.329 -4.522 -4.665 -4.804 -4.443 -4.545 -4.667 -4.809 -4.949 -5.098 -4.539 -4.712 -4.884 -5.005 -5.115 -4.776 -4.918 -5.038 -5.137 -5.306 -5.327 -5.497 -5.687
15.4338 -4.262 -4.212 -4.287 -4.48 -4.623 -4.762 -4.401 -4.503 -4.625 -4.767 -4.907 -5.056 -4.498 -4.67 -4.842 -4.963 -5.073 -4.734 -4.876 -4.996 -5.095 -5.264 -5.285 -5.455 -5.645
15.8061 -4.22 -4.17 -4.245 -4.438 -4.581 -4.72 -4.359 -4.461 -4.583 -4.725 -4.865 -5.014 -4.456 -4.628 -4.8 -4.921 -5.031 -4.692 -4.834 -4.954 -5.053 -5.222 -5.243 -5.413 -5.603
16.1874 -4.18 -4.131 -4.206 -4.399 -4.541 -4.68 -4.319 -4.421 -4.543 -4.685 -4.826 -4.974 -4.416 -4.588 -4.76 -4.881 -4.992 -4.652 -4.795 -4.915 -5.014 -5.182 -5.204 -5.373 -5.563
16.5779 -4.143 -4.094 -4.168 -4.361 -4.504 -4.643 -4.282 -4.384 -4.506 -4.648 -4.789 -4.937 -4.379 -4.551 -4.723 -4.844 -4.955 -4.615 -4.758 -4.878 -4.977 -5.145 -5.166 -5.336 -5.526
16.9778 -4.106 -4.057 -4.131 -4.324 -4.467 -4.606 -4.245 -4.347 -4.469 -4.611 -4.752 -4.9 -4.342 -4.514 -4.686 -4.807 -4.917 -4.578 -4.721 -4.84 -4.939 -5.108 -5.129 -5.299 -5.489
17.3873 -4.069 -4.019 -4.094 -4.287 -4.43 -4.569 -4.208 -4.31 -4.432 -4.574 -4.714 -4.863 -4.305 -4.477 -4.649 -4.77 -4.88 -4.541 -4.684 -4.803 -4.902 -5.071 -5.092 -5.262 -5.452
17.8068 -4.032 -3.982 -4.057 -4.25 -4.393 -4.532 -4.171 -4.273 -4.395 -4.537 -4.677 -4.826 -4.268 -4.44 -4.612 -4.733 -4.843 -4.504 -4.646 -4.766 -4.865 -5.034 -5.055 -5.225 -5.415
18.2363 -3.995 -3.945 -4.02 -4.213 -4.355 -4.495 -4.134 -4.235 -4.358 -4.5 -4.64 -4.789 -4.23 -4.403 -4.575 -4.696 -4.806 -4.467 -4.609 -4.729 -4.828 -4.996 -5.018 -5.187 -5.378
18.6762 -3.958 -3.908 -3.983 -4.176 -4.318 -4.458 -4.097 -4.198 -4.321 -4.463 -4.603 -4.752 -4.193 -4.366 -4.538 -4.658 -4.769 -4.43 -4.572 -4.692 -4.791 -4.959 -4.981 -5.15 -5.341
19.1268 -3.921 -3.871 -3.946 -4.139 -4.281 -4.42 -4.06 -4.161 -4.284 -4.426 -4.566 -4.715 -4.156 -4.329 -4.501 -4.621 -4.732 -4.393 -4.535 -4.655 -4.754 -4.922 -4.944 -5.113 -5.304
19.5882 -3.883 -3.834 -3.909 -4.102 -4.244 -4.383 -4.023 -4.124 -4.247 -4.389 -4.529 -4.678 -4.119 -4.292 -4.464 -4.584 -4.695 -4.356 -4.498 -4.618 -4.717 -4.885 -4.907 -5.076 -5.267
20.0607 -3.846 -3.797 -3.872 -4.065 -4.207 -4.346 -3.985 -4.087 -4.21 -4.351 -4.492 -4.64 -4.082 -4.255 -4.427 -4.547 -4.658 -4.318 -4.461 -4.581 -4.68 -4.848 -4.87 -5.039 -5.23
20.5446 -3.81 -3.761 -3.835 -4.028 -4.171 -4.31 -3.949 -4.051 -4.173 -4.315 -4.456 -4.604 -4.046 -4.218 -4.39 -4.511 -4.622 -4.282 -4.425 -4.544 -4.643 -4.812 -4.833 -5.003 -5.193
21.0402 -3.774 -3.725 -3.799 -3.992 -4.135 -4.274 -3.913 -4.015 -4.137 -4.279 -4.42 -4.568 -4.01 -4.182 -4.354 -4.475 -4.586 -4.246 -4.389 -4.509 -4.608 -4.776 -4.798 -4.967 -5.157
21.5478 -3.738 -3.689 -3.764 -3.957 -4.099 -4.238 -3.877 -3.979 -4.101 -4.243 -4.384 -4.532 -3.974 -4.146 -4.318 -4.439 -4.55 -4.21 -4.353 -4.473 -4.572 -4.74 -4.762 -4.931 -5.121
22.0676 -3.702 -3.653 -3.728 -3.921 -4.063 -4.202 -3.841 -3.943 -4.065 -4.207 -4.348 -4.496 -3.938 -4.111 -4.282 -4.403 -4.514 -4.174 -4.317 -4.437 -4.536 -4.704 -4.726 -4.895 -5.085
22.5999 -3.666 -3.617 -3.692 -3.885 -4.027 -4.166 -3.805 -3.907 -4.029 -4.171 -4.312 -4.46 -3.902 -4.075 -4.246 -4.367 -4.478 -4.138 -4.281 -4.401 -4.5 -4.668 -4.69 -4.859 -5.049
23.1451 -3.63 -3.581 -3.656 -3.849 -3.991 -4.13 -3.769 -3.871 -3.994 -4.135 -4.276 -4.425 -3.866 -4.039 -4.211 -4.331 -4.442 -4.102 -4.245 -4.365 -4.464 -4.632 -4.654 -4.823 -5.014
23.7034 -3.594 -3.545 -3.62 -3.813 -3.955 -4.094 -3.734 -3.835 -3.958 -4.1 -4.24 -4.389 -3.83 -4.003 -4.175 -4.295 -4.406 -4.067 -4.209 -4.329 -4.428 -4.596 -4.618 -4.787 -4.978
24.2752 -3.559 -3.509 -3.584 -3.777 -3.919 -4.058 -3.698 -3.799 -3.922 -4.064 -4.204 -4.353 -3.794 -3.967 -4.139 -4.259 -4.37 -4.031 -4.173 -4.293 -4.392 -4.56 -4.582 -4.751 -4.942
24.8608 -3.523 -3.473 -3.548 -3.741 -3.883 -4.023 -3.662 -3.763 -3.886 -4.028 -4.168 -4.317 -3.758 -3.931 -4.103 -4.223 -4.334 -3.995 -4.137 -4.257 -4.356 -4.524 -4.546 -4.715 -4.906
