web/models/grb/onaxis/7/grb_0.0000_5.1795_0.0000063.dat
# %ECSV 1.0
# ---
# datatype:
# - {name: time, datatype: float64}
# - {name: swift_uvot_uvw2, datatype: float64}
# - {name: swift_uvot_uvm2, datatype: float64}
# - {name: swift_uvot_uvw1, datatype: float64}
# - {name: swift_uvot_U, datatype: float64}
# - {name: swift_uvot_B, datatype: float64}
# - {name: swift_uvot_V, datatype: float64}
# - {name: swift_uvot_W, datatype: float64}
# - {name: johnson_U, datatype: float64}
# - {name: johnson_B, datatype: float64}
# - {name: johnson_V, datatype: float64}
# - {name: johnson_R, datatype: float64}
# - {name: johnson_I, datatype: float64}
# - {name: sdss_u, datatype: float64}
# - {name: sdss_g, datatype: float64}
# - {name: sdss_r, datatype: float64}
# - {name: sdss_i, datatype: float64}
# - {name: sdss_z, datatype: float64}
# - {name: PS1_g, datatype: float64}
# - {name: PS1_r, datatype: float64}
# - {name: PS1_i, datatype: float64}
# - {name: PS1_z, datatype: float64}
# - {name: PS1_Y, datatype: float64}
# - {name: PS1_w, datatype: float64}
# - {name: ATLAS_c, datatype: float64}
# - {name: ATLAS_o, datatype: float64}
# - {name: ukirt_J, datatype: float64}
# - {name: ukirt_H, datatype: float64}
# - {name: ukirt_K, datatype: float64}
# - {name: Clear, datatype: float64}
# meta: !!omap
# - comment: [E = 0.0022477106672309025, Eta0 = 8.02, GammaB = 12.0, dL = 0.012188, epsb = 6.760829753919819e-06, epse = 0.1, n = 6.30957344480193e-06,
#     p = 2.15, theta_obs = 0.0, xiN = 1.0, z = 0.0, type = grb, E_kiso = 5.1794746792312125]
# schema: astropy-2.0
time swift_uvot_uvw2 swift_uvot_uvm2 swift_uvot_uvw1 swift_uvot_U swift_uvot_B swift_uvot_V swift_uvot_W johnson_U johnson_B johnson_V johnson_R johnson_I sdss_u sdss_g sdss_r sdss_i sdss_z PS1_g PS1_r PS1_i PS1_z PS1_Y PS1_w ATLAS_c ATLAS_o ukirt_J ukirt_H ukirt_K Clear
[from data line 233]
2.5826 0.299 0.348 0.274 0.081 -0.062 -0.201 0.16 0.058 -0.064 -0.206 -0.347 -0.495 0.063 -0.109 -0.281 -0.402 -0.513 -0.173 -0.316 -0.435 -0.534 -0.703 -0.279 -0.184 -0.336 -0.724 -0.894 -1.084 -0.369
2.6449 0.329 0.379 0.304 0.111 -0.032 -0.171 0.19 0.088 -0.034 -0.176 -0.316 -0.465 0.093 -0.079 -0.251 -0.372 -0.482 -0.143 -0.286 -0.405 -0.504 -0.673 -0.249 -0.154 -0.306 -0.694 -0.864 -1.054 -0.339
2.7087 0.359 0.409 0.334 0.141 -0.002 -0.141 0.22 0.118 -0.004 -0.146 -0.286 -0.435 0.123 -0.049 -0.221 -0.342 -0.452 -0.113 -0.255 -0.375 -0.474 -0.643 -0.219 -0.124 -0.276 -0.664 -0.834 -1.024 -0.309
2.7741 0.389 0.439 0.364 0.171 0.028 -0.111 0.25 0.148 0.026 -0.116 -0.256 -0.405 0.154 -0.019 -0.191 -0.312 -0.422 -0.083 -0.225 -0.345 -0.444 -0.613 -0.189 -0.093 -0.246 -0.634 -0.804 -0.994 -0.279
2.841 0.419 0.469 0.394 0.201 0.059 -0.081 0.28 0.179 0.056 -0.086 -0.226 -0.375 0.184 0.011 -0.161 -0.282 -0.392 -0.053 -0.195 -0.315 -0.414 -0.582 -0.159 -0.063 -0.216 -0.604 -0.773 -0.964 -0.249
2.9095 0.449 0.499 0.424 0.231 0.089 -0.051 0.31 0.209 0.086 -0.056 -0.196 -0.345 0.214 0.041 -0.131 -0.251 -0.362 -0.023 -0.165 -0.285 -0.384 -0.552 -0.129 -0.033 -0.186 -0.574 -0.743 -0.934 -0.219
2.9797 0.479 0.529 0.454 0.261 0.119 -0.02 0.34 0.239 0.116 -0.026 -0.166 -0.315 0.244 0.071 -0.101 -0.221 -0.332 0.007 -0.135 -0.255 -0.354 -0.522 -0.098 -0.003 -0.156 -0.544 -0.713 -0.904 -0.189
3.0516 0.511 0.56 0.485 0.292 0.15 0.011 0.371 0.27 0.147 0.005 -0.135 -0.284 0.275 0.102 -0.07 -0.19 -0.301 0.038 -0.104 -0.224 -0.323 -0.491 -0.067 0.028 -0.125 -0.513 -0.682 -0.873 -0.158
3.1252 0.549 0.598 0.523 0.33 0.188 0.049 0.409 0.308 0.185 0.043 -0.097 -0.246 0.313 0.14 -0.032 -0.152 -0.263 0.076 -0.066 -0.186 -0.285 -0.453 -0.029 0.066 -0.087 -0.475 -0.644 -0.835 -0.12
3.2006 0.587 0.636 0.561 0.368 0.226 0.087 0.447 0.346 0.223 0.082 -0.059 -0.208 0.351 0.178 0.006 -0.114 -0.225 0.115 -0.028 -0.148 -0.247 -0.415 0.009 0.104 -0.049 -0.437 -0.606 -0.797 -0.082
3.2778 0.625 0.674 0.599 0.406 0.264 0.125 0.485 0.384 0.261 0.12 -0.021 -0.17 0.389 0.216 0.044 -0.076 -0.187 0.153 0.01 -0.11 -0.209 -0.377 0.047 0.142 -0.011 -0.399 -0.568 -0.759 -0.044
3.3569 0.663 0.712 0.637 0.444 0.302 0.163 0.524 0.422 0.299 0.158 0.017 -0.131 0.427 0.254 0.082 -0.038 -0.149 0.191 0.048 -0.072 -0.171 -0.339 0.085 0.18 0.027 -0.361 -0.53 -0.721 -0.006
3.4378 0.701 0.75 0.675 0.482 0.34 0.201 0.562 0.46 0.337 0.196 0.055 -0.093 0.465 0.292 0.12 -0.0 -0.111 0.229 0.086 -0.034 -0.133 -0.301 0.123 0.218 0.065 -0.323 -0.492 -0.682 0.033
3.5208 0.739 0.788 0.713 0.52 0.378 0.239 0.6 0.498 0.375 0.234 0.093 -0.055 0.503 0.33 0.158 0.038 -0.073 0.267 0.124 0.004 -0.095 -0.263 0.161 0.256 0.103 -0.285 -0.454 -0.644 0.071
3.6057 0.777 0.826 0.751 0.558 0.416 0.277 0.638 0.536 0.413 0.272 0.131 -0.017 0.541 0.368 0.197 0.076 -0.035 0.305 0.162 0.042 -0.057 -0.225 0.199 0.294 0.141 -0.247 -0.416 -0.606 0.109
3.6927 0.815 0.864 0.789 0.596 0.454 0.315 0.676 0.574 0.452 0.31 0.169 0.021 0.579 0.406 0.235 0.114 0.003 0.343 0.2 0.08 -0.019 -0.187 0.237 0.332 0.179 -0.209 -0.378 -0.568 0.147
3.7818 0.853 0.902 0.827 0.634 0.492 0.353 0.714 0.612 0.49 0.348 0.207 0.059 0.617 0.444 0.273 0.152 0.041 0.381 0.238 0.118 0.019 -0.149 0.275 0.37 0.217 -0.171 -0.34 -0.53 0.185
3.873 0.891 0.941 0.866 0.673 0.53 0.391 0.752 0.65 0.528 0.386 0.246 0.097 0.655 0.483 0.311 0.19 0.08 0.419 0.277 0.157 0.058 -0.111 0.313 0.409 0.256 -0.132 -0.302 -0.492 0.223
3.9664 0.931 0.98 0.906 0.713 0.57 0.431 0.792 0.69 0.568 0.426 0.285 0.137 0.695 0.523 0.351 0.23 0.12 0.459 0.316 0.197 0.098 -0.071 0.353 0.448 0.296 -0.092 -0.262 -0.452 0.263
4.0621 0.971 1.02 0.945 0.752 0.61 0.471 0.832 0.73 0.608 0.466 0.325 0.177 0.735 0.563 0.391 0.27 0.159 0.499 0.356 0.236 0.137 -0.031 0.393 0.488 0.335 -0.053 -0.222 -0.412 0.303
4.1601 1.011 1.06 0.985 0.792 0.65 0.511 0.872 0.77 0.647 0.506 0.365 0.217 0.775 0.602 0.431 0.31 0.199 0.539 0.396 0.276 0.177 0.009 0.433 0.528 0.375 -0.013 -0.182 -0.372 0.343
4.2604 1.05 1.1 1.025 0.832 0.69 0.551 0.911 0.81 0.687 0.545 0.405 0.256 0.815 0.642 0.47 0.35 0.239 0.578 0.436 0.316 0.217 0.049 0.473 0.568 0.415 0.027 -0.142 -0.333 0.382
4.3632 1.09 1.14 1.065 0.872 0.73 0.59 0.951 0.85 0.727 0.585 0.445 0.296 0.855 0.682 0.51 0.389 0.279 0.618 0.476 0.356 0.257 0.089 0.512 0.608 0.455 0.067 -0.102 -0.293 0.422
4.4685 1.13 1.18 1.105 0.912 0.769 0.63 0.991 0.889 0.767 0.625 0.485 0.336 0.894 0.722 0.55 0.429 0.319 0.658 0.515 0.396 0.297 0.128 0.552 0.647 0.495 0.107 -0.063 -0.253 0.462
4.5763 1.17 1.219 1.144 0.952 0.809 0.67 1.031 0.929 0.807 0.665 0.524 0.376 0.934 0.762 0.59 0.469 0.358 0.698 0.555 0.435 0.336 0.168 0.592 0.687 0.534 0.146 -0.023 -0.213 0.502
4.6867 1.21 1.259 1.184 0.991 0.849 0.71 1.071 0.969 0.847 0.705 0.564 0.416 0.974 0.801 0.63 0.509 0.398 0.738 0.595 0.475 0.376 0.208 0.632 0.727 0.574 0.186 0.017 -0.173 0.542
4.7997 1.25 1.299 1.224 1.031 0.889 0.75 1.11 1.009 0.886 0.744 0.604 0.455 1.014 0.841 0.669 0.549 0.438 0.777 0.635 0.515 0.416 0.248 0.672 0.767 0.614 0.226 0.057 -0.134 0.581
4.9155 1.293 1.343 1.268 1.075 0.933 0.793 1.154 1.053 0.93 0.788 0.648 0.499 1.058 0.885 0.713 0.592 0.482 0.821 0.679 0.559 0.46 0.292 0.715 0.811 0.658 0.27 0.101 -0.09 0.625
5.0341 1.343 1.392 1.317 1.124 0.982 0.843 1.204 1.102 0.98 0.838 0.697 0.549 1.107 0.934 0.763 0.642 0.531 0.871 0.728 0.608 0.509 0.341 0.765 0.86 0.707 0.319 0.15 -0.04 0.675
5.1555 1.392 1.442 1.367 1.174 1.031 0.892 1.253 1.151 1.029 0.887 0.747 0.598 1.156 0.984 0.812 0.691 0.581 0.92 0.778 0.658 0.559 0.39 0.814 0.909 0.757 0.369 0.199 0.009 0.724
5.2799 1.442 1.491 1.416 1.223 1.081 0.942 1.303 1.201 1.078 0.937 0.796 0.648 1.206 1.033 0.861 0.741 0.63 0.97 0.827 0.707 0.608 0.44 0.864 0.959 0.806 0.418 0.249 0.058 0.773
5.4072 1.491 1.54 1.466 1.273 1.13 0.991 1.352 1.25 1.128 0.986 0.846 0.697 1.255 1.083 0.911 0.79 0.68 1.019 0.876 0.757 0.658 0.489 0.913 1.008 0.856 0.468 0.298 0.108 0.823
5.5377 1.54 1.59 1.515 1.322 1.18 1.041 1.401 1.3 1.177 1.035 0.895 0.746 1.305 1.132 0.96 0.84 0.729 1.068 0.926 0.806 0.707 0.539 0.963 1.058 0.905 0.517 0.348 0.157 0.872
5.6713 1.59 1.639 1.564 1.372 1.229 1.09 1.451 1.349 1.227 1.085 0.944 0.796 1.354 1.182 1.01 0.889 0.778 1.118 0.975 0.855 0.756 0.588 1.012 1.107 0.954 0.566 0.397 0.207 0.922
5.8081 1.639 1.689 1.614 1.421 1.279 1.139 1.5 1.399 1.276 1.134 0.994 0.845 1.404 1.231 1.059 0.938 0.828 1.167 1.025 0.905 0.806 0.638 1.061 1.157 1.004 0.616 0.447 0.256 0.971
5.9482 1.689 1.738 1.663 1.47 1.328 1.189 1.55 1.448 1.326 1.184 1.043 0.895 1.453 1.28 1.109 0.988 0.877 1.217 1.074 0.954 0.855 0.687 1.111 1.206 1.053 0.665 0.496 0.306 1.021
6.0917 1.738 1.788 1.713 1.52 1.377 1.238 1.599 1.497 1.375 1.233 1.093 0.944 1.502 1.33 1.158 1.037 0.927 1.266 1.124 1.004 0.905 0.736 1.16 1.256 1.103 0.715 0.545 0.355 1.07
6.2386 1.792 1.841 1.766 1.573 1.431 1.292 1.653 1.551 1.429 1.287 1.146 0.998 1.556 1.383 1.212 1.091 0.98 1.32 1.177 1.057 0.958 0.79 1.214 1.309 1.156 0.768 0.599 0.409 1.124
6.3891 1.848 1.898 1.823 1.63 1.488 1.349 1.709 1.608 1.485 1.343 1.203 1.054 1.613 1.44 1.268 1.148 1.037 1.376 1.234 1.114 1.015 0.847 1.271 1.366 1.213 0.825 0.656 0.465 1.18
6.5433 1.905 1.955 1.88 1.687 1.544 1.405 1.766 1.664 1.542 1.4 1.26 1.111 1.669 1.497 1.325 1.204 1.094 1.433 1.291 1.171 1.072 0.903 1.327 1.422 1.27 0.882 0.712 0.522 1.237
6.7011 1.962 2.011 1.937 1.744 1.601 1.462 1.823 1.721 1.599 1.457 1.316 1.168 1.726 1.554 1.382 1.261 1.15 1.49 1.347 1.227 1.128 0.96 1.384 1.479 1.326 0.938 0.769 0.579 1.294
6.8627 2.019 2.068 1.993 1.8 1.658 1.519 1.88 1.778 1.655 1.514 1.373 1.225 1.783 1.61 1.439 1.318 1.207 1.547 1.404 1.284 1.185 1.017 1.441 1.536 1.383 0.995 0.826 0.636 1.351
7.0283 2.075 2.125 2.05 1.857 1.715 1.576 1.936 1.835 1.712 1.57 1.43 1.281 1.84 1.667 1.495 1.375 1.264 1.603 1.461 1.341 1.242 1.074 1.498 1.593 1.44 1.052 0.883 0.692 1.407
7.1978 2.132 2.182 2.107 1.914 1.771 1.632 1.993 1.891 1.769 1.627 1.487 1.338 1.896 1.724 1.552 1.431 1.321 1.66 1.518 1.398 1.299 1.13 1.554 1.649 1.497 1.109 0.939 0.749 1.464
7.3715 2.189 2.238 2.164 1.971 1.828 1.689 2.05 1.948 1.826 1.684 1.543 1.395 1.953 1.781 1.609 1.488 1.377 1.717 1.574 1.454 1.355 1.187 1.611 1.706 1.553 1.165 0.996 0.806 1.521
7.5493 2.246 2.295 2.22 2.027 1.885 1.746 2.107 2.005 1.882 1.741 1.6 1.452 2.01 1.837 1.666 1.545 1.434 1.774 1.631 1.511 1.412 1.244 1.668 1.763 1.61 1.222 1.053 0.863 1.578
7.7314 2.302 2.352 2.277 2.084 1.942 1.802 2.163 2.062 1.939 1.797 1.657 1.508 2.067 1.894 1.722 1.602 1.491 1.83 1.688 1.568 1.469 1.301 1.725 1.82 1.667 1.279 1.11 0.919 1.634
7.9179 2.357 2.407 2.332 2.139 1.996 1.857 2.218 2.117 1.994 1.852 1.712 1.563 2.122 1.949 1.777 1.656 1.546 1.885 1.743 1.623 1.524 1.356 1.779 1.875 1.722 1.334 1.164 0.974 1.689
8.1089 2.411 2.461 2.386 2.193 2.051 1.911 2.272 2.171 2.048 1.906 1.766 1.617 2.176 2.003 1.831 1.71 1.6 1.939 1.797 1.677 1.578 1.41 1.833 1.929 1.776 1.388 1.219 1.028 1.743
8.3045 2.465 2.515 2.44 2.247 2.105 1.965 2.326 2.225 2.102 1.96 1.82 1.671 2.23 2.057 1.885 1.765 1.654 1.993 1.851 1.731 1.632 1.464 1.887 1.983 1.83 1.442 1.273 1.082 1.797
8.5049 2.519 2.569 2.494 2.301 2.159 2.02 2.38 2.279 2.156 2.014 1.874 1.725 2.284 2.111 1.939 1.819 1.708 2.047 1.905 1.785 1.686 1.518 1.942 2.037 1.884 1.496 1.327 1.136 1.851
8.71 2.573 2.623 2.548 2.355 2.213 2.074 2.434 2.333 2.21 2.068 1.928 1.779 2.338 2.165 1.993 1.873 1.762 2.101 1.959 1.839 1.74 1.572 1.996 2.091 1.938 1.55 1.381 1.19 1.905
8.9201 2.627 2.677 2.602 2.409 2.267 2.128 2.488 2.387 2.264 2.122 1.982 1.833 2.392 2.219 2.047 1.927 1.816 2.155 2.013 1.893 1.794 1.626 2.05 2.145 1.992 1.604 1.435 1.244 1.959
9.1353 2.682 2.731 2.656 2.463 2.321 2.182 2.542 2.441 2.318 2.176 2.036 1.887 2.446 2.273 2.101 1.981 1.87 2.209 2.067 1.947 1.848 1.68 2.104 2.199 2.046 1.658 1.489 1.298 2.013
9.3557 2.736 2.785 2.71 2.517 2.375 2.236 2.597 2.495 2.372 2.231 2.09 1.941 2.5 2.327 2.155 2.035 1.924 2.264 2.121 2.001 1.902 1.734 2.158 2.253 2.1 1.712 1.543 1.352 2.067
9.5814 2.79 2.839 2.764 2.571 2.429 2.29 2.651 2.549 2.426 2.285 2.144 1.996 2.554 2.381 2.209 2.089 1.978 2.318 2.175 2.055 1.956 1.788 2.212 2.307 2.154 1.766 1.597 1.407 2.122
9.8125 2.844 2.893 2.818 2.625 2.483 2.344 2.705 2.603 2.481 2.339 2.198 2.05 2.608 2.435 2.264 2.143 2.032 2.372 2.229 2.109 2.01 1.842 2.266 2.361 2.208 1.82 1.651 1.461 2.176
10.0492 2.895 2.944 2.87 2.677 2.534 2.395 2.756 2.654 2.532 2.39 2.249 2.101 2.659 2.487 2.315 2.194 2.084 2.423 2.28 2.161 2.062 1.893 2.317 2.412 2.26 1.872 1.702 1.512 2.227
10.2917 2.946 2.995 2.92 2.727 2.585 2.446 2.807 2.705 2.583 2.441 2.3 2.152 2.71 2.537 2.366 2.245 2.134 2.474 2.331 2.211 2.112 1.944 2.368 2.463 2.31 1.922 1.753 1.563 2.278
10.5399 2.997 3.046 2.971 2.778 2.636 2.497 2.857 2.756 2.633 2.492 2.351 2.202 2.761 2.588 2.416 2.296 2.185 2.525 2.382 2.262 2.163 1.995 2.419 2.514 2.361 1.973 1.804 1.613 2.328
10.7942 3.047 3.097 3.022 2.829 2.687 2.547 2.908 2.807 2.684 2.542 2.402 2.253 2.812 2.639 2.467 2.347 2.236 2.575 2.433 2.313 2.214 2.046 2.469 2.565 2.412 2.024 1.855 1.664 2.379
11.0546 3.098 3.148 3.073 2.88 2.737 2.598 2.959 2.857 2.735 2.593 2.453 2.304 2.862 2.69 2.518 2.397 2.287 2.626 2.484 2.364 2.265 2.096 2.52 2.615 2.463 2.075 1.905 1.715 2.43
11.3212 3.149 3.198 3.124 2.931 2.788 2.649 3.01 2.908 2.786 2.644 2.503 2.355 2.913 2.741 2.569 2.448 2.337 2.677 2.534 2.415 2.315 2.147 2.571 2.666 2.513 2.126 1.956 1.766 2.481
11.5943 3.2 3.249 3.174 2.981 2.839 2.7 3.061 2.959 2.837 2.695 2.554 2.406 2.964 2.791 2.62 2.499 2.388 2.728 2.585 2.465 2.366 2.198 2.622 2.717 2.564 2.176 2.007 1.817 2.532
11.874 3.251 3.3 3.225 3.032 2.89 2.751 3.111 3.01 2.887 2.746 2.605 2.456 3.015 2.842 2.67 2.55 2.439 2.779 2.636 2.516 2.417 2.249 2.673 2.768 2.615 2.227 2.058 1.867 2.582
12.1605 3.301 3.351 3.276 3.083 2.941 2.801 3.162 3.061 2.938 2.796 2.656 2.507 3.066 2.893 2.721 2.601 2.49 2.829 2.687 2.567 2.468 2.3 2.723 2.819 2.666 2.278 2.109 1.918 2.633
12.4538 3.352 3.402 3.327 3.134 2.991 2.852 3.213 3.111 2.989 2.847 2.707 2.558 3.116 2.944 2.772 2.651 2.541 2.88 2.738 2.618 2.519 2.35 2.774 2.869 2.717 2.329 2.159 1.969 2.684
12.7542 3.409 3.458 3.383 3.19 3.048 2.909 3.27 3.168 3.046 2.904 2.763 2.615 3.173 3.0 2.829 2.708 2.597 2.937 2.794 2.674 2.575 2.407 2.831 2.926 2.773 2.385 2.216 2.026 2.741
13.0619 3.465 3.515 3.44 3.247 3.105 2.966 3.326 3.225 3.102 2.96 2.82 2.671 3.23 3.057 2.885 2.765 2.654 2.993 2.851 2.731 2.632 2.464 2.888 2.983 2.83 2.442 2.273 2.082 2.797
13.377 3.522 3.572 3.497 3.304 3.161 3.022 3.383 3.281 3.159 3.017 2.877 2.728 3.286 3.114 2.942 2.821 2.711 3.05 2.908 2.788 2.689 2.52 2.944 3.039 2.887 2.499 2.329 2.139 2.854
13.6997 3.579 3.628 3.554 3.361 3.218 3.079 3.44 3.338 3.216 3.074 2.933 2.785 3.343 3.171 2.999 2.878 2.767 3.107 2.964 2.844 2.745 2.577 3.001 3.096 2.943 2.555 2.386 2.196 2.911
14.0302 3.636 3.685 3.61 3.417 3.275 3.136 3.497 3.395 3.272 3.131 2.99 2.842 3.4 3.227 3.055 2.935 2.824 3.164 3.021 2.901 2.802 2.634 3.058 3.153 3.0 2.612 2.443 2.253 2.968
14.3686 3.692 3.742 3.667 3.474 3.332 3.192 3.553 3.452 3.329 3.187 3.047 2.898 3.457 3.284 3.112 2.991 2.881 3.22 3.078 2.958 2.859 2.691 3.114 3.21 3.057 2.669 2.5 2.309 3.024
14.7153 3.749 3.799 3.724 3.531 3.388 3.249 3.61 3.508 3.386 3.244 3.104 2.955 3.513 3.341 3.169 3.048 2.938 3.277 3.134 3.015 2.916 2.747 3.171 3.266 3.114 2.726 2.556 2.366 3.081
15.0702 3.806 3.855 3.78 3.587 3.445 3.306 3.667 3.565 3.443 3.301 3.16 3.012 3.57 3.397 3.226 3.105 2.994 3.334 3.191 3.071 2.972 2.804 3.228 3.323 3.17 2.782 2.613 2.423 3.138
15.4338 3.862 3.912 3.837 3.644 3.502 3.363 3.723 3.622 3.499 3.357 3.217 3.068 3.627 3.454 3.282 3.162 3.051 3.39 3.248 3.128 3.029 2.861 3.285 3.38 3.227 2.839 2.67 2.479 3.194
15.8061 3.919 3.969 3.894 3.701 3.559 3.419 3.78 3.679 3.556 3.414 3.274 3.125 3.684 3.511 3.339 3.219 3.108 3.447 3.305 3.185 3.086 2.918 3.341 3.437 3.284 2.896 2.727 2.536 3.251
16.1874 3.977 4.027 3.952 3.759 3.617 3.478 3.838 3.737 3.614 3.472 3.332 3.183 3.742 3.569 3.397 3.277 3.166 3.505 3.363 3.243 3.144 2.976 3.4 3.495 3.342 2.954 2.785 2.594 3.309
16.5779 4.036 4.085 4.01 3.817 3.675 3.536 3.897 3.795 3.672 3.531 3.39 3.242 3.8 3.627 3.455 3.335 3.224 3.564 3.421 3.301 3.202 3.034 3.458 3.553 3.4 3.012 2.843 2.652 3.367
16.9778 4.094 4.143 4.068 3.875 3.733 3.594 3.955 3.853 3.731 3.589 3.448 3.3 3.858 3.685 3.514 3.393 3.282 3.622 3.479 3.359 3.26 3.092 3.516 3.611 3.458 3.07 2.901 2.711 3.426
17.3873 4.152 4.201 4.126 3.933 3.791 3.652 4.013 3.911 3.789 3.647 3.506 3.358 3.916 3.744 3.572 3.451 3.34 3.68 3.537 3.417 3.318 3.15 3.574 3.669 3.516 3.128 2.959 2.769 3.484
17.8068 4.21 4.259 4.185 3.992 3.849 3.71 4.071 3.969 3.847 3.705 3.564 3.416 3.974 3.802 3.63 3.509 3.398 3.738 3.595 3.475 3.376 3.208 3.632 3.727 3.574 3.186 3.017 2.827 3.542
18.2363 4.268 4.317 4.243 4.05 3.907 3.768 4.129 4.027 3.905 3.763 3.623 3.474 4.032 3.86 3.688 3.567 3.457 3.796 3.653 3.534 3.435 3.266 3.69 3.785 3.633 3.245 3.075 2.885 3.6
18.6762 4.326 4.376 4.301 4.108 3.965 3.826 4.187 4.085 3.963 3.821 3.681 3.532 4.09 3.918 3.746 3.625 3.515 3.854 3.712 3.592 3.493 3.324 3.748 3.843 3.691 3.303 3.133 2.943 3.658
19.1268 4.384 4.434 4.359 4.166 4.023 3.884 4.245 4.144 4.021 3.879 3.739 3.59 4.149 3.976 3.804 3.683 3.573 3.912 3.77 3.65 3.551 3.383 3.806 3.902 3.749 3.361 3.191 3.001 3.716
19.5882 4.442 4.492 4.417 4.224 4.082 3.942 4.303 4.202 4.079 3.937 3.797 3.648 4.207 4.034 3.862 3.742 3.631 3.97 3.828 3.708 3.609 3.441 3.864 3.96 3.807 3.419 3.25 3.059 3.774
20.0607 4.501 4.551 4.476 4.283 4.14 4.001 4.362 4.26 4.138 3.996 3.856 3.707 4.265 4.093 3.921 3.8 3.69 4.029 3.886 3.767 3.668 3.499 3.923 4.018 3.866 3.478 3.308 3.118 3.833
20.5446 4.562 4.611 4.536 4.343 4.201 4.062 4.423 4.321 4.198 4.057 3.916 3.768 4.326 4.153 3.981 3.861 3.75 4.09 3.947 3.827 3.728 3.56 3.984 4.079 3.926 3.538 3.369 3.179 3.894
