web/models/grb/onaxis/7/grb_0.0000_0.0518_1.0000000.dat
# %ECSV 1.0
# ---
# datatype:
# - {name: time, datatype: float64}
# - {name: swift_uvot_uvw2, datatype: float64}
# - {name: swift_uvot_uvm2, datatype: float64}
# - {name: swift_uvot_uvw1, datatype: float64}
# - {name: swift_uvot_U, datatype: float64}
# - {name: swift_uvot_B, datatype: float64}
# - {name: swift_uvot_V, datatype: float64}
# - {name: swift_uvot_W, datatype: float64}
# - {name: johnson_U, datatype: float64}
# - {name: johnson_B, datatype: float64}
# - {name: johnson_V, datatype: float64}
# - {name: johnson_R, datatype: float64}
# - {name: johnson_I, datatype: float64}
# - {name: sdss_u, datatype: float64}
# - {name: sdss_g, datatype: float64}
# - {name: sdss_r, datatype: float64}
# - {name: sdss_i, datatype: float64}
# - {name: sdss_z, datatype: float64}
# - {name: PS1_g, datatype: float64}
# - {name: PS1_r, datatype: float64}
# - {name: PS1_i, datatype: float64}
# - {name: PS1_z, datatype: float64}
# - {name: PS1_Y, datatype: float64}
# - {name: PS1_w, datatype: float64}
# - {name: ATLAS_c, datatype: float64}
# - {name: ATLAS_o, datatype: float64}
# - {name: ukirt_J, datatype: float64}
# - {name: ukirt_H, datatype: float64}
# - {name: ukirt_K, datatype: float64}
# - {name: Clear, datatype: float64}
# meta: !!omap
# - comment: [E = 2.247710667230903e-05, Eta0 = 8.02, GammaB = 12.0, dL = 0.012188, epsb = 6.760829753919819e-06, epse = 0.1, n = 1.0,
#     p = 2.15, theta_obs = 0.0, xiN = 1.0, z = 0.0, type = grb, E_kiso = 0.05179474679231213]
# schema: astropy-2.0
time swift_uvot_uvw2 swift_uvot_uvm2 swift_uvot_uvw1 swift_uvot_U swift_uvot_B swift_uvot_V swift_uvot_W johnson_U johnson_B johnson_V johnson_R johnson_I sdss_u sdss_g sdss_r sdss_i sdss_z PS1_g PS1_r PS1_i PS1_z PS1_Y PS1_w ATLAS_c ATLAS_o ukirt_J ukirt_H ukirt_K Clear
[from data line 492]
1239.5778 68.288 68.338 68.263 68.07 67.927 67.788 68.149 68.047 67.925 67.783 67.643 67.494 68.052 67.88 67.708 67.587 67.477 67.816 67.673 67.554 67.455 67.286 67.71 67.805 67.653 67.265 67.095 66.905 67.62
1269.4803 68.623 68.672 68.598 68.405 68.262 68.123 68.484 68.382 68.26 68.118 67.977 67.829 68.387 68.215 68.043 67.922 67.811 68.151 68.008 67.888 67.789 67.621 68.045 68.14 67.987 67.599 67.43 67.24 67.955
1300.1042 68.958 69.007 68.932 68.739 68.597 68.458 68.819 68.717 68.595 68.453 68.312 68.164 68.722 68.549 68.378 68.257 68.146 68.486 68.343 68.223 68.124 67.956 68.38 68.475 68.322 67.934 67.765 67.575 68.29
1331.4668 69.293 69.342 69.267 69.074 68.932 68.793 69.153 69.052 68.929 68.788 68.647 68.498 69.057 68.884 68.712 68.592 68.481 68.821 68.678 68.558 68.459 68.291 68.715 68.81 68.657 68.269 68.1 67.909 68.624
1363.586 69.627 69.677 69.602 69.409 69.267 69.128 69.488 69.387 69.264 69.122 68.982 68.833 69.392 69.219 69.047 68.927 68.816 69.155 69.013 68.893 68.794 68.626 69.05 69.145 68.992 68.604 68.435 68.244 68.959
1396.48 69.962 70.012 69.937 69.744 69.601 69.462 69.823 69.721 69.599 69.457 69.317 69.168 69.727 69.554 69.382 69.261 69.151 69.49 69.348 69.228 69.129 68.96 69.384 69.48 69.327 68.939 68.769 68.579 69.294
1430.1675 70.297 70.346 70.272 70.079 69.936 69.797 70.158 70.056 69.934 69.792 69.652 69.503 70.061 69.889 69.717 69.596 69.486 69.825 69.682 69.563 69.464 69.295 69.719 69.814 69.662 69.274 69.104 68.914 69.629
1464.6676 70.632 70.681 70.606 70.414 70.271 70.132 70.493 70.391 70.269 70.127 69.986 69.838 70.396 70.224 70.052 69.931 69.82 70.16 70.017 69.897 69.798 69.63 70.054 70.149 69.996 69.608 69.439 69.249 69.964
1500.0 70.967 71.016 70.941 70.748 70.606 70.467 70.828 70.726 70.604 70.462 70.321 70.173 70.731 70.558 70.387 70.266 70.155 70.495 70.352 70.232 70.133 69.965 70.389 70.484 70.331 69.943 69.774 69.584 70.299
