web/models/kne/58/mosfit_kn_0.268580_0.3590_0.5000.dat
# %ECSV 1.0
# ---
# datatype:
# - {name: time, datatype: float64}
# - {name: PS1_g, datatype: float64}
# - {name: PS1_i, datatype: float64}
# - {name: PS1_r, datatype: float64}
# - {name: PS1_w, datatype: float64}
# - {name: PS1_y, datatype: float64}
# - {name: PS1_z, datatype: float64}
# - {name: swift_uvot_B, datatype: float64}
# - {name: swift_uvot_U, datatype: float64}
# - {name: swift_uvot_uvm2, datatype: float64}
# - {name: swift_uvot_uvw1, datatype: float64}
# - {name: swift_uvot_uvw2, datatype: float64}
# - {name: swift_uvot_V, datatype: float64}
# - {name: johnson_B, datatype: float64}
# - {name: johnson_I, datatype: float64}
# - {name: johnson_R, datatype: float64}
# - {name: johnson_U, datatype: float64}
# - {name: johnson_V, datatype: float64}
# - {name: sdss_g, datatype: float64}
# - {name: sdss_i, datatype: float64}
# - {name: sdss_r, datatype: float64}
# - {name: sdss_u, datatype: float64}
# - {name: sdss_z, datatype: float64}
# - {name: ATLAS_c, datatype: float64}
# - {name: ATLAS_o, datatype: float64}
# - {name: ukirt_H, datatype: float64}
# - {name: ukirt_J, datatype: float64}
# - {name: ukirt_K, datatype: float64}
# - {name: Clear, datatype: float64}
# meta: !!omap
# - comment: [kappa = 0.5, type = rprocess, mass = 0.2685795883840597, velocity = 0.359, theta_obs = 0.0, tfloor = 1000.0]
# schema: astropy-2.0
time PS1_g PS1_i PS1_r PS1_w PS1_y PS1_z swift_uvot_B swift_uvot_U swift_uvot_uvm2 swift_uvot_uvw1 swift_uvot_uvw2 swift_uvot_V johnson_B johnson_I johnson_R johnson_U johnson_V sdss_g sdss_i sdss_r sdss_u sdss_z ATLAS_c ATLAS_o ukirt_H ukirt_J ukirt_K Clear
[from data line 284]
17.13426853707415 7.988450948924246 -0.8933778642750312 2.581692913762801 0.6137691022588321 -4.4165679128003 -2.9988919479531617 11.528357525488733 18.187301623383636 32.07589692741282 14.152884155458203 16.665900661937854 5.947967641795031 10.324420208522543 -2.446891170696982 0.5231415960280181 17.156300444131894 4.992945306626278 8.800991050238682 -0.8121219121620449 2.810181573259243 18.68840715355846 -3.5723195599751634 4.560769483505442 0.10835695889566566 -9.365555290715795 -7.216065995226105 -10.725843971188967 -1.672124941502524
17.19438877755511 8.123762048471175 -0.7580667647281203 2.7170040133097295 0.749080201805743 -4.281256813253371 -2.863580848406251 11.663668625035644 18.322612722930565 32.211208026959746 14.288195255005132 16.801211761484783 6.083278741341959 10.459731308069454 -2.311580071150053 0.658452695574929 17.291611543678822 5.1282564061732065 8.936302149785611 -0.6768108126151162 2.9454926728061714 18.82371825310539 -3.4370084604282347 4.696080583052371 0.24366805844259432 -9.230244191168866 -7.080754895679176 -10.590532871642038 -1.5368138419555954
17.25450901803607 8.330099006449156 -0.5517298067501386 2.923340971287711 0.9554171597837247 -4.07491985527539 -2.657243890428269 11.870005583013626 18.528949680908546 32.41754498493772 14.494532212983096 17.007548719462747 6.289615699319941 10.666068266047436 -2.1052431131720892 0.8647896535529107 17.497948501656804 5.334593364151188 9.142639107763593 -0.47047385463713454 3.1518296307841354 19.030055211083372 -3.230671502450253 4.902417541030353 0.450005016420576 -9.023907233190885 -6.874417937701194 -10.384195913664056 -1.3304768839776138
17.314629258517034 8.512928990302537 -0.36889982289673995 3.10617095514111 1.1382471436371233 -3.892089871421991 -2.4744139065748705 12.052835566867024 18.711779664761945 32.600374968791115 14.677362196836494 17.190378703316146 6.47244568317334 10.848898249900834 -1.9224131293186906 1.0476196374063094 17.680778485510203 5.517423348004587 9.325469091616991 -0.28764387078375364 3.334659614637534 19.21288519493677 -3.0478415185968544 5.085247524883751 0.6328350002739569 -8.841077249337486 -6.691587953847796 -10.201365929810676 -1.147646900124215
17.374749498997996 8.648780991201175 -0.23304782199810248 3.2420229560397296 1.2740991445357608 -3.756237870523371 -2.338561905676233 12.188687567765662 18.847631665660582 32.73622696968975 14.813214197735132 17.326230704214783 6.608297684071959 10.984750250799472 -1.786561128420053 1.1834716383049468 17.816630486408823 5.653275348903207 9.461321092515629 -0.15179186988511617 3.4705116155361715 19.348737195835408 -2.9119895176982347 5.221099525782389 0.7686870011725944 -8.705225248438866 -6.555735952949176 -10.065513928912038 -1.0117948992255954
17.43486973947896 8.727073023698377 -0.15475578950091773 3.320314988536932 1.3523911770329455 -3.6779458380261687 -2.2602698731790483 12.266979600262847 18.925923698157767 32.81451900218694 14.891506230232316 17.404522736711968 6.686589716569162 11.063042283296657 -1.7082690959228684 1.2617636708021316 17.894922518906025 5.731567381400409 9.539613125012814 -0.07349983738791366 3.5488036480333562 19.427029228332593 -2.833697485201032 5.299391558279574 0.8469790336697969 -8.626933215941664 -6.477443920451973 -9.987221896414836 -0.9335028667283929
17.494989979959918 8.806142648795579 -0.07568616440371656 3.3993846136341332 1.4314608021301467 -3.5988762129289675 -2.181200248081847 12.346049225360048 19.00499332325497 32.89358862728414 14.970575855329518 17.48359236180917 6.765659341666363 11.142111908393858 -1.6291994708256672 1.3408332958993328 17.973992144003226 5.81063700649761 9.618682750110015 0.00556978770928751 3.6278732731305574 19.506098853429794 -2.754627860103831 5.378461183376775 0.926048658766998 -8.547863590844463 -6.398374295354772 -9.908152271317634 -0.8544332416311917
17.55511022044088 8.945328647963944 0.06349983476466647 3.5385706128025163 1.5706468012985297 -3.4596902137605845 -2.042014248913464 12.48523522452843 19.14417932242335 33.03277462645252 15.1097618544979 17.622778360977552 6.904845340834746 11.28129790756224 -1.4900134716572841 1.4800192950677158 18.11317814317161 5.949823005665993 9.757868749278398 0.14475578687765278 3.7670592722989404 19.645284852598177 -2.6154418609354657 5.517647182545158 1.0652346579353633 -8.40867759167608 -6.259188296186389 -9.76896627214927 -0.7152472424628087
17.615230460921843 9.106142699989075 0.22431388678979758 3.6993846648276474 1.7314608533236608 -3.2988761617354534 -1.881200196888333 12.646049276553562 19.304993374448483 33.19358867847765 15.270575906523032 17.783592413002683 7.065659392859877 11.442111959587372 -1.329199419632153 1.640833347092847 18.27399219519674 6.110637057691124 9.918682801303529 0.3055698389027839 3.9278733243240715 19.80609890462331 -2.4546278089103346 5.678461234570289 1.2260487099604944 -8.247863539650949 -6.098374244161258 -9.608152220124138 -0.5544331904376953
17.675350701402806 9.304096201442693 0.4222673882434158 3.897338166281248 1.9294143547772613 -3.100922660281853 -1.6832466954347147 12.84400277800718 19.50294687590209 33.391542179931264 15.46852940797665 17.9815459144563 7.263612894313478 11.64006546104099 -1.1312459181785348 1.8387868485464651 18.47194569665034 6.308590559144725 10.11663630275713 0.5035233403564021 4.12582682577769 20.00405240607691 -2.2566743074567164 5.876414736023889 1.4240022114141127 -8.049910038197348 -5.900420742707658 -9.41019871867052 -0.3564796889840771
17.73547094188377 9.446053881199354 0.5642250680000771 4.039295846037909 2.0713720345339404 -2.9589649805251916 -1.5412890156780534 12.985960457763841 19.644904555658755 33.533499859687936 15.610487087733311 18.123503594212963 7.405570574070139 11.782023140797651 -0.9892882384218735 1.9807445283031264 18.613903376407002 6.450548238901386 10.258593982513808 0.6454810201130634 4.267784505534351 20.146010085833588 -2.114716627700055 6.0183724157805685 1.565959891170774 -7.907952358440688 -5.758463062950996 -9.268241038913859 -0.21452200922741582
17.795591182364728 9.588496665551514 0.7066678523522363 4.181738630390086 2.2138148188860995 -2.8165221961730325 -1.3988462313258943 13.128403242116 19.78734734001091 33.67594264404009 15.75292987208547 18.265946378565122 7.548013358422298 11.92446592514981 -0.8468454540697143 2.1231873126552854 18.75634616075916 6.592991023253563 10.401036766865968 0.7879238044652226 4.41022728988651 20.288452870185736 -1.972273843347896 6.160815200132728 1.7084026755229331 -7.765509574088511 -5.616020278598837 -9.1257982545617 -0.07207922487525664
17.85571142284569 9.718952150384244 0.8371233371849662 4.312194115222816 2.3442703037188295 -2.6860667113403025 -1.2683907464931643 13.25885872694873 19.91780282484364 33.80639812887282 15.8833853569182 18.396401863397852 7.678468843255028 12.05492140998254 -0.7163899692369844 2.2536427974880153 18.88680164559189 6.723446508086293 10.531492251698698 0.9183792892979525 4.54068277471924 20.418908355018466 -1.841818358515166 6.291270684965458 1.838858160355663 -7.635054089255781 -5.485564793766089 -8.99534276972897 0.05837625995747331
17.915831663326653 9.89910902912337 1.0172802159240923 4.492350993961924 2.5244271824579556 -2.5059098326011764 -1.0882338677540382 13.439015605687857 20.097959703582767 33.98655500761194 16.063542235657327 18.576558742136978 7.858625721994154 12.235078288721667 -0.5362330904978583 2.4337996762271414 19.066958524331017 6.903603386825401 10.711649130437806 1.0985361680370787 4.720839653458366 20.599065233757592 -1.6616614797760398 6.471427563704566 2.019015039094789 -7.454897210516672 -5.305407915026981 -8.815185890989843 0.23853313869659942
17.975951903807616 10.08283280242992 1.2010039892306423 4.676074767268492 2.7081509557645056 -2.3221860592946086 -0.9045100944474882 13.622739378994407 20.281683476889327 34.1702787809185 16.247266008963877 18.760282515443528 8.042349495300723 12.418802062028217 -0.3525093171913083 2.6175234495336914 19.250682297637585 7.087327160131969 10.895372903744374 1.2822599413436286 4.904563426764916 20.782789007064153 -1.4779377064694899 6.655151337011134 2.202738812401339 -7.271173437210105 -5.121684141720413 -8.631462117683293 0.4222569120031494
18.036072144288575 10.190103190274105 1.3082743770748273 4.783345155112659 2.8154213436086906 -2.2149156714504414 -0.7972397066033032 13.730009766838592 20.3889538647335 34.277549168762675 16.35453639680806 18.867552903287713 8.14961988314489 12.526072449872402 -0.24523892934712332 2.7247938373778764 19.357952685481752 7.194597547976136 11.00264329158854 1.3895303291878136 5.011833814609101 20.890059394908327 -1.3706673186253049 6.762421724855301 2.310009200245524 -7.1639030493659375 -5.014413753876246 -8.524191729839108 0.5295272998473344
18.096192384769537 10.275995241094193 1.3941664278948984 4.869237205932748 2.9013133944287617 -2.1290236206303526 -0.7113476557832321 13.815901817658663 20.474845915553583 34.36344121958276 16.44042844762815 18.95344495410779 8.235511933964979 12.611964500692473 -0.1593468785270522 2.8106858881979475 19.44384473630184 7.280489598796225 11.08853534240863 1.4754223800079025 5.09772586542919 20.97595144572841 -1.284775267805216 6.84831377567539 2.395901251065613 -7.078010998545849 -4.928521703056157 -8.43829967901902 0.6154193506674233
18.1563126252505 10.371936123492826 1.4901073102935491 4.965178088331381 2.9972542768273946 -2.0330827382317196 -0.6154067733845814 13.911842700057313 20.570786797952223 34.4593821019814 16.536369330026783 19.049385836506428 8.331452816363612 12.707905383091106 -0.06340599612840148 2.9066267705965805 19.539785618700474 7.376430481194858 11.184476224807263 1.5713632624065355 5.193666747827823 21.07189232812705 -1.188834385406583 6.944254658074023 2.491842133464246 -6.982070116147216 -4.832580820657524 -8.342358796620386 0.7113602330660562
18.216432865731463 10.546886499535866 1.6650576863365885 5.1401284643744205 3.1722046528704517 -1.8581323621886803 -0.44045639734154207 14.086793076100353 20.745737173995266 34.63433247802445 16.711319706069823 19.224336212549474 8.506403192406651 12.882855759134163 0.11154437991463784 3.0815771466396376 19.71473599474352 7.5513808572378975 11.35942660085032 1.7463136384495748 5.368617123870862 21.246842704170092 -1.0138840093635437 7.11920503411708 2.6667925095072853 -6.807119740104176 -4.657630444614485 -8.167408420577347 0.8863106091090955
18.276553106212425 10.756839014422379 1.875010201223084 5.350080979260934 3.3821571677569473 -1.648179847302167 -0.2305038824550465 14.296745590986848 20.95568968888177 34.84428499291094 16.921272220956318 19.43428872743598 8.716355707293165 13.092808274020658 0.3214968948011334 3.291529661526133 19.924688509630016 7.761333372124411 11.569379115736815 1.956266153336088 5.578569638757358 21.456795219056595 -0.8039314944770304 7.329157549003575 2.8767450243937986 -6.597167225217663 -4.447677929727972 -7.957455905690834 1.0962631239956089
18.336673346693384 10.946671024608161 2.064842211408884 5.539912989446716 3.571989177942747 -1.458347837116385 -0.040671872269246734 14.486577601172648 21.145521699067558 35.03411700309673 17.111104231142118 19.62412073762177 8.906187717478947 13.282640284206458 0.5113289049869332 3.481361671711933 20.11452051981582 7.951165382310193 11.759211125922615 2.14609816352187 5.768401648943158 21.646627229242384 -0.6140994842912484 7.518989559189375 3.0665770345795806 -6.407335215031881 -4.25784591954219 -7.767623895505052 1.2860951341813909
18.396793587174347 11.054594459147609 2.1727656459483313 5.647836423986163 3.6799126124821946 -1.3504244025769374 0.0672515622702008 14.594501035712096 21.25344513360701 35.142040437636176 17.219027665681566 19.732044172161217 9.014111152018394 13.390563718745906 0.6192523395263807 3.5892851062513804 20.222443954355256 8.05908881684964 11.867134560462045 2.2540215980613176 5.876325083482605 21.754550663781835 -0.5061760497518009 7.626912993728805 3.174500469119028 -6.299411780492433 -4.149922485002742 -7.659700460965604 1.3940185687208384
18.45691382765531 11.144712446895255 2.262883633695978 5.73795441173381 3.7700306002298234 -1.2603064148292908 0.15736955001784736 14.684619023459742 21.343563121354656 35.23215842538382 17.309145653429212 19.822162159908853 9.10422913976604 13.480681706493534 0.7093703272740273 3.6794030939990092 20.312561942102903 8.149206804597286 11.957252548209691 2.344139585808964 5.966443071230252 21.84466865152948 -0.4160580620041543 7.7170309814764515 3.2646184568666747 -6.209293792744787 -4.0598044972550955 -7.569582473217958 1.484136556468485
18.517034068136272 11.306623166978351 2.424794353779074 5.899865131816924 3.931941320312937 -1.0983956947461948 0.3192802701009434 14.846529743542838 21.505473841437748 35.39406914546693 17.471056373512308 19.98407287999196 9.266139859849137 13.642592426576648 0.8712810473571233 3.841313814082123 20.47447266218601 8.3111175246804 12.119163268292805 2.5060503058920602 6.128353791313348 22.006579371612574 -0.25414734192105826 7.878941701559565 3.4265291769497708 -6.047383072661673 -3.8978937771719817 -7.407671753134862 1.646047276551581
18.577154308617235 11.50156510946628 2.6197362962669857 6.0948070743048355 4.126883262800849 -0.9034537522582653 0.5142222125888551 15.04147168603075 21.70041578392567 35.589011087954844 17.66599831600022 20.179014822479882 9.461081802337066 13.83753436906456 1.066222989845035 4.036255756570035 20.669414604673918 8.506059467168312 12.314105210780717 2.7009922483799897 6.32329573380126 22.201521314100496 -0.05920539943312875 8.073883644047477 3.6214711194376825 -5.852441130173761 -3.70295183468407 -7.212729810646932 1.8409892190395105
18.637274549098194 11.701007255825662 2.8191784426263844 6.294249220664216 4.326325409160248 -0.7040116058988843 0.7136643589482539 15.240913832390149 21.89985793028506 35.78845323431424 17.86544046235962 20.37845696883927 9.660523948696447 14.036976515423959 1.2656651362044338 4.2356979029294335 20.86885675103332 8.705501613527693 12.513547357140116 2.9004343947393707 6.522737880160658 22.400963460459884 0.1402367469262522 8.273325790406876 3.8209132657970812 -5.65299898381438 -3.503509688324689 -7.013287664287551 2.0404313653988915
18.697394789579157 11.80518175421117 2.923352941011892 6.398423719049724 4.430499907545737 -0.5998371075133768 0.8178388573337614 15.345088330775656 22.00403242867057 35.892627732699744 17.969614960745126 20.482631467224767 9.764698447081955 14.141151013809449 1.3698396345899413 4.339872401314923 20.973031249418817 8.8096761119132 12.617721855525605 3.004608893124878 6.626912378546166 22.505137958845395 0.24441124531175973 8.377500288792366 3.9250877641825888 -5.548824485428873 -3.3993351899391815 -6.909113165902044 2.144605863784399
18.75751503006012 11.898593994760436 3.0167651815611407 6.4918359595989905 4.523912148095004 -0.5064248669641103 0.9112510978830102 15.438500571324905 22.097444669219826 35.98603997324901 18.063027201294393 20.576043707774037 9.858110687631221 14.234563254358715 1.4632518751392078 4.43328464186419 21.066443489968083 8.903088352462467 12.711134096074872 3.098021133674145 6.720324619095432 22.59855019939465 0.3378234858610263 8.470912529341632 4.018500004731855 -5.455412244879606 -3.305922949389915 -6.815700925352777 2.2380181043336655
