web/models/kne/58/mosfit_kn_0.001513_0.3120_0.5000.dat
# %ECSV 1.0
# ---
# datatype:
# - {name: time, datatype: float64}
# - {name: PS1_g, datatype: float64}
# - {name: PS1_i, datatype: float64}
# - {name: PS1_r, datatype: float64}
# - {name: PS1_w, datatype: float64}
# - {name: PS1_y, datatype: float64}
# - {name: PS1_z, datatype: float64}
# - {name: swift_uvot_B, datatype: float64}
# - {name: swift_uvot_U, datatype: float64}
# - {name: swift_uvot_uvm2, datatype: float64}
# - {name: swift_uvot_uvw1, datatype: float64}
# - {name: swift_uvot_uvw2, datatype: float64}
# - {name: swift_uvot_V, datatype: float64}
# - {name: johnson_B, datatype: float64}
# - {name: johnson_I, datatype: float64}
# - {name: johnson_R, datatype: float64}
# - {name: johnson_U, datatype: float64}
# - {name: johnson_V, datatype: float64}
# - {name: sdss_g, datatype: float64}
# - {name: sdss_i, datatype: float64}
# - {name: sdss_r, datatype: float64}
# - {name: sdss_u, datatype: float64}
# - {name: sdss_z, datatype: float64}
# - {name: ATLAS_c, datatype: float64}
# - {name: ATLAS_o, datatype: float64}
# - {name: ukirt_H, datatype: float64}
# - {name: ukirt_J, datatype: float64}
# - {name: ukirt_K, datatype: float64}
# - {name: Clear, datatype: float64}
# meta: !!omap
# - comment: [kappa = 0.5, type = rprocess, mass = 0.001513321957917195, velocity = 0.312, theta_obs = 0.0, tfloor = 1000.0]
# schema: astropy-2.0
time PS1_g PS1_i PS1_r PS1_w PS1_y PS1_z swift_uvot_B swift_uvot_U swift_uvot_uvm2 swift_uvot_uvw1 swift_uvot_uvw2 swift_uvot_V johnson_B johnson_I johnson_R johnson_U johnson_V sdss_g sdss_i sdss_r sdss_u sdss_z ATLAS_c ATLAS_o ukirt_H ukirt_J ukirt_K Clear
[from data line 266]
16.052104208416832 14.720622086631288 5.83879327343201 9.313864051469842 7.3459402399658735 2.3156032249067415 3.7332791897538797 18.260528663195775 24.919472761090688 38.80806806511987 20.885055293165244 23.398071799644896 12.680138779502073 17.056591346229585 4.28527996701006 7.255312733735059 23.888471581838942 11.725116444333318 15.533162187945742 5.920049225544997 9.542352710966284 25.420578291265514 3.159851577731878 11.292940621212502 6.840528096602707 -2.6333841530087545 -0.4838948575190637 -3.993672833481925 5.060046196204517
16.112224448897795 14.73738313667587 5.855554323476593 9.330625101514425 7.362701290010438 2.332364274951324 3.7500402397984622 18.277289713240357 24.936233811135267 38.82482911516444 20.901816343209827 23.41483284968947 12.696899829546656 17.073352396274167 4.302041017054642 7.272073783779624 23.905232631883518 11.741877494377901 15.549923237990306 5.936810275589579 9.559113761010867 25.437339341310093 3.1766126277764606 11.309701671257066 6.85728914664729 -2.616623102964172 -0.4671338074744812 -3.9769117834373424 5.0768072462491
16.172344689378757 14.754093980464802 5.872265167265525 9.347335945303357 7.379412133799388 2.349075118740256 3.766751083587394 18.29400055702929 24.952944654924202 38.84153995895337 20.91852718699876 23.43154369347841 12.713610673335587 17.0900632400631 4.318751860843574 7.288784627568574 23.921943475672457 11.758588338166833 15.566634081779238 5.953521119378511 9.575824604799799 25.454050185099028 3.1933234715653924 11.326412515046016 6.8739999904362215 -2.5999122591752393 -0.45042296368554935 -3.9602009396484106 5.093518090038032
16.23246492985972 14.77075488257407 5.888926069374776 9.363996847412626 7.396073035908639 2.365736020849525 3.7834119856966453 18.31066145913854 24.96960555703346 38.85820086106264 20.93518808910802 23.448204595587672 12.730271575444856 17.10672414217235 4.335412762952825 7.305445529677825 23.93860437778172 11.775249240276102 15.583294983888507 5.97018202148778 9.592485506909068 25.470711087208286 3.2099843736746614 11.343073417155267 6.89066089254549 -2.5832513570659703 -0.4337620615762804 -3.9435400375391416 5.110178992147301
16.29258517034068 14.787366095614196 5.905537282414919 9.38060806045275 7.412684248948764 2.38234723388965 3.8000231987367883 18.327272672178683 24.986216770073597 38.87481207410277 20.951799302148153 23.464815808627794 12.746882788484982 17.123335355212475 4.352023975992968 7.32205674271795 23.955215590821844 11.791860453316227 15.599906196928632 5.986793234527905 9.609096719949193 25.487322300248422 3.2265955867147866 11.359684630195392 6.907272105585616 -2.566640144025845 -0.41715084853615514 -3.9269288244990164 5.126790205187426
16.352705410821642 14.803927879120788 5.922099065921511 9.397169843959361 7.429246032455374 2.3989090173962424 3.8165849822433806 18.343834455685275 25.002778553580185 38.891373857609366 20.968361085654745 23.481377592134397 12.763444571991574 17.139897138719085 4.3685857594995605 7.33861852622456 23.971777374328447 11.808422236822837 15.616467980435242 6.0033550180344974 9.625658503455785 25.50388408375501 3.243157370221379 11.376246413702003 6.923833889092208 -2.550078360519235 -0.4005890650295628 -3.910367040992424 5.143351988694018
16.412825651302605 14.820440473775722 5.938611660576445 9.413682438614277 7.445758627110308 2.4154216120511762 3.8330975768983144 18.36034705034021 25.01929114823512 38.9078864522643 20.98487368030968 23.49789018678933 12.779957166646508 17.15640973337402 4.385098354154494 7.355131120879494 23.98828996898338 11.824934831477771 15.632980575090176 6.019867612689431 9.642171098110719 25.520396678409945 3.2596699648763128 11.392759008356936 6.940346483747142 -2.533565765864319 -0.384076470374629 -3.8938544463374902 5.159864583348952
16.472945891783567 14.836904135591276 5.955075322391998 9.430146100429848 7.462222288925862 2.4318852738667474 3.849561238713868 18.376810712155763 25.035754810050683 38.92435011407986 21.001337342125243 23.514353848604895 12.796420828462079 17.172873395189573 4.401562015970048 7.371594782695047 24.00475363079893 11.841398493293324 15.64944423690573 6.036331274504985 9.658634759926272 25.53686034022551 3.276133626691884 11.40922267017249 6.956810145562695 -2.517102104048748 -0.36761280855905787 -3.877390784521919 5.176328245164523
16.53306613226453 14.85331912002188 5.971490306822584 9.446561084860434 7.478637273356448 2.4483002582973334 3.8659762231444716 18.393225696586367 25.05216979448128 38.94076509851045 21.017752326555826 23.530768833035477 12.812835812892665 17.18928837962016 4.4179770004006516 7.3880097671256335 24.021168615229527 11.85781347772391 15.665859221336316 6.0527462589355885 9.675049744356876 25.553275324656106 3.29254861112247 11.425637654603076 6.973225129993299 -2.5006871196181617 -0.3511978241284718 -3.860975800091333 5.192743229595109
16.59318637274549 14.869685671715391 5.987856858516114 9.462927636553946 7.495003825049977 2.4646668099908453 3.8823427748379835 18.40959224827988 25.06853634617479 38.95713165020396 21.03411887824935 23.547135384729 12.829202364586177 17.20565493131369 4.434343552094163 7.404376318819163 24.03753516692304 11.874180029417422 15.682225773029828 6.0691128106291 9.691416296050388 25.569641876349614 3.308915162815982 11.442004206296588 6.989591681686811 -2.48432056792465 -0.3348312724349599 -3.844609248397821 5.209109781288621
16.65330661322645 14.886004042016463 6.004175228817186 9.479246006855018 7.511322195351031 2.480985180291917 3.898661145139055 18.42591061858095 25.08485471647586 38.973450020505034 21.05043724855042 23.56345375503007 12.845520734887248 17.22197330161476 4.450661922395235 7.420694689120235 24.05385353722411 11.890498399718494 15.6985441433309 6.085431180930172 9.70773466635146 25.585960246650686 3.3252335331170535 11.45832257659766 7.0059100519878825 -2.468002197623578 -0.3185129021338883 -3.8282908780967495 5.225428151589693
16.713426853707414 14.902274465550907 6.020445652351629 9.495516430389479 7.5275926188854925 2.4972556038263605 3.9149315686734987 18.442181042115394 25.101125140010314 38.989720444039484 21.066707672084863 23.579724178564515 12.861791158421692 17.238243725149204 4.466932345929679 7.436965112654678 24.070123960758565 11.906768823252955 15.71481456686536 6.1017016044646155 9.724005089885903 25.60223067018514 3.341503956651497 11.47459300013212 7.022180475522326 -2.451731774089117 -0.302242478599427 -3.812020454562306 5.241698575124136
16.773547094188377 14.918497195339526 6.036668382140249 9.511739160178081 7.543815348674112 2.51347833361498 3.9311542984621184 18.458403771904013 25.117347869798927 39.00594317382811 21.082930401873483 23.595946908353135 12.878013888210312 17.254466454937823 4.483155075718298 7.453187842443298 24.08634669054718 11.922991553041557 15.73103729665398 6.117924334253235 9.740227819674523 25.618453399973752 3.3577266864401167 11.49081572992074 7.038403205310946 -2.435509044300515 -0.28601974881082504 -3.7957977247736863 5.257921304912756
16.83366733466934 14.934672468112904 6.052843654913609 9.527914432951459 7.559990621447472 2.529653606388358 3.9473295712354783 18.474579044677373 25.133523142572294 39.022118446601475 21.099105674646854 23.612122181126505 12.89418916098369 17.270641727711183 4.499330348491676 7.469363115216658 24.10252196332055 11.939166825814935 15.74721256942734 6.134099607026613 9.7564030924479 25.63462867274712 3.3739019592134945 11.5069910026941 7.0545784780843235 -2.4193337715271372 -0.2698444760374473 -3.7796224520003086 5.274096577686134
16.8937875751503 14.950800532832353 6.068971719633076 9.544042497670908 7.576118686166939 2.5457816711078074 3.9634576359549456 18.49070710939684 25.149651207291754 39.03824651132093 21.11523373936631 23.628250245845962 12.910317225703139 17.28676979243065 4.5154584132111255 7.485491179936125 24.11865002804 11.955294890534384 15.76334063414679 6.150227671746062 9.77253115716735 25.65075673746658 3.390030023932944 11.52311906741355 7.070706542803773 -2.4032057068076877 -0.2537164113179978 -3.763494387280859 5.290224642405583
16.95390781563126 14.966881624594315 6.0850528113950375 9.56012358943287 7.592199777928883 2.5618627628697688 3.979538727716907 18.506788201158802 25.165732299053715 39.05432760308289 21.13131483112827 23.644331337607913 12.9263983174651 17.302850884192612 4.531539504973087 7.501572271698087 24.134731119801963 11.971375982296346 15.779421725908751 6.166308763508024 9.788612248929311 25.66683782922854 3.4061111156949053 11.539200159175511 7.086787634565734 -2.3871246150457264 -0.23763531955603645 -3.7474132955188977 5.306305734167545
17.014028056112224 14.982915981472722 6.101087168273427 9.576157946311277 7.60823413480729 2.577897119748176 3.9955730845952964 18.52282255803719 25.181766655932112 39.070361959961296 21.147349188006668 23.66036569448632 12.942432674343507 17.318885241071 4.547573861851476 7.517606628576476 24.15076547668037 11.987410339174753 15.795456082787158 6.182343120386431 9.804646605807719 25.682872186106938 3.4221454725733125 11.555234516053918 7.1028219914441415 -2.371090258167319 -0.2216009626776293 -3.7313789386404905 5.322340091045952
17.074148296593187 14.99890383927875 6.117075026079473 9.592145804117305 7.624221992613336 2.593884977554204 4.011560942401342 18.538810415843237 25.197754513738147 39.08634981776733 21.163337045812707 23.67635355229236 12.958420532149535 17.334873098877047 4.563561719657522 7.533594486382522 24.16675333448641 12.00339819698078 15.811443940593204 6.198330978192459 9.820634463613747 25.698860043912973 3.4381333303793404 11.571222373859964 7.1188098492501695 -2.3551024003612913 -0.20561310487160134 -3.7153910808344626 5.33832794885198
17.13426853707415 15.01484544053838 6.133016627339103 9.608087405376935 7.640163593872948 2.609826578813834 4.027502543660972 18.554752017102867 25.21369611499778 39.10229141902695 21.179278647072337 23.69229515355199 12.974362133409166 17.350814700136677 4.579503320917152 7.549536087642134 24.182694935746028 12.019339798240411 15.827385541852816 6.214272579452089 9.836576064873377 25.714801645172606 3.4540749316389707 11.587163975119577 7.1347514505098 -2.339160799101661 -0.18967150361197105 -3.6994494795748323 5.35426955011161
17.19438877755511 15.030741012980169 6.148912199780874 9.623982977818724 7.656059166314737 2.625722151255623 4.043398116102743 18.570647589544638 25.22959168743956 39.11818699146873 21.19517421951412 23.70819072599377 12.990257705850954 17.366710272578448 4.595398893358923 7.565431660083923 24.198590508187817 12.0352353706822 15.843281114294605 6.230168151893878 9.852471637315148 25.730697217614384 3.4699705040807594 11.603059547561365 7.150647022951588 -2.3232652266598723 -0.17377593117018242 -3.6835539071330436 5.370165122553399
17.25450901803607 15.046590787000103 6.164761973800825 9.639832751838675 7.6719089403346885 2.6415719252755743 4.059247890122695 18.58649736356459 25.24544146145951 39.13403676548868 21.211023993534067 23.724040500013718 13.006107479870906 17.3825600465984 4.611248667378875 7.581281434103874 24.21444028220776 12.051085144702151 15.859130888314557 6.246017925913829 9.8683214113351 25.746546991634336 3.485820278100711 11.618909321581317 7.166496796971522 -2.307415452639921 -0.15792615715023095 -3.667704133113092 5.38601489657335
17.314629258517034 15.062395003038453 6.180566189839176 9.655636967877026 7.687713156373039 2.657376141313925 4.075052106161046 18.60230157960294 25.26124567749786 39.149840981527035 21.22682820957241 23.739844716052062 13.021911695909239 17.39836426263675 4.6270528834172255 7.597085650142225 24.23024449824611 12.066889360740502 15.874935104352907 6.2618221419521625 9.88412562737345 25.762351207672687 3.501624494139044 11.634713537619668 7.182301013009873 -2.29161123660157 -0.14212194111188003 -3.651899917074759 5.401819112611683
17.374749498997996 15.078153886524124 6.1963250733248465 9.671395851362679 7.70347203985871 2.6731350247995778 4.090810989646716 18.61806046308861 25.27700456098352 39.1655998650127 21.24258709305808 23.755603599537732 13.03767057939491 17.41412314612242 4.642811766902896 7.612844533627896 24.246003381731782 12.082648244226155 15.890693987838578 6.277581025437833 9.89988451085912 25.778110091158347 3.5173833776247143 11.650472421105338 7.198059896495543 -2.2758523531159174 -0.12636305762622746 -3.6361410335890887 5.417577996097354
17.43486973947896 15.09386766538194 6.212038852182662 9.687109630220512 7.719185818716525 2.688848803657393 4.106524768504531 18.633774241946426 25.292718339841336 39.18131364387052 21.258300871915896 23.771317378395548 13.053384358252725 17.429836924980236 4.658525545760711 7.628558312485711 24.261717160589598 12.098362023083988 15.906407766696393 6.293294804295648 9.915598289716936 25.793823870016162 3.5330971564825298 11.666186199963153 7.213773675353359 -2.260138574258084 -0.11064927876841202 -3.6204272547312732 5.433291774955169
17.494989979959918 15.109536567837782 6.227707754638505 9.702778532676337 7.734854721172368 2.7045177061132364 4.122193670960375 18.64944314440227 25.30838724229718 39.19698254632635 21.27396977437174 23.78698628085139 13.069053260708568 17.44550582743608 4.6741944482165545 7.644227214941554 24.27738606304544 12.114030925539813 15.922076669152236 6.308963706751491 9.931267192172779 25.809492772472005 3.548766058938373 11.681855102418996 7.229442577809202 -2.2444696718022588 -0.09498037631256884 -3.60475835227543 5.448960677411012
17.55511022044088 15.125160818975694 6.243332005776416 9.718402783814248 7.75047897231028 2.7201419572511476 4.137817922098286 18.66506739554018 25.324011493435094 39.21260679746427 21.28959402550965 23.802610531989302 13.084677511846479 17.46113007857399 4.689818699354466 7.659851466079465 24.29301031418334 12.129655176677725 15.93770092029013 6.324587957889403 9.94689144331069 25.82511702360992 3.564390310076284 11.69747935355689 7.245066828947113 -2.2288454206643475 -0.07935612517465751 -3.589134101137519 5.464584928548923
17.615230460921843 15.14074064692462 6.258911833725342 9.733982611763174 7.766058800259188 2.7357217852000737 4.153397750047212 18.680647223489107 25.33959132138402 39.228186625413194 21.305173853458577 23.818190359938228 13.100257339795405 17.476709906522917 4.705398527303392 7.6754312940283915 24.308590142132267 12.14523500462665 15.953280748239056 6.340167785838329 9.962471271259616 25.840696851558846 3.5799701380252102 11.713059181505816 7.260646656896039 -2.2132655927154214 -0.06377629722573142 -3.5735542731885928 5.4801647564978495
17.675350701402806 15.156276273463352 6.2744474602640565 9.749518238301906 7.78159442679792 2.7512574117388056 4.168933376585926 18.69618285002782 25.35512694792274 39.243722251951915 21.3207094799973 23.833725986476953 13.115792966334137 17.49224553306163 4.720934153842106 7.690966920567106 24.324125768671 12.160770631165382 15.968816374777788 6.355703412377061 9.97800689779833 25.856232478097567 3.595505764563942 11.728594808044548 7.276182283434771 -2.1977299661766896 -0.048240670686999554 -3.558018646649861 5.495700383036581
17.73547094188377 15.17176791659848 6.2899391033992025 9.765009881437035 7.797086069933048 2.7667490548739337 4.184425019721072 18.711674493162967 25.370618591057877 39.25921389508705 21.336201123132437 23.84921762961208 13.131284609469265 17.507737176196777 4.736425796977252 7.706458563702234 24.339617411806127 12.17626227430051 15.984308017912916 6.371195055512189 9.993498540933476 25.871724121232702 3.6109974076990703 11.744086451179676 7.291673926569899 -2.1822383230415614 -0.03274902755187137 -3.5425270035147327 5.51119202617171
