web/models/kne/58/mosfit_kn_0.041628_0.3747_10.0000.dat
# %ECSV 1.0
# ---
# datatype:
# - {name: time, datatype: float64}
# - {name: PS1_g, datatype: float64}
# - {name: PS1_i, datatype: float64}
# - {name: PS1_r, datatype: float64}
# - {name: PS1_w, datatype: float64}
# - {name: PS1_y, datatype: float64}
# - {name: PS1_z, datatype: float64}
# - {name: swift_uvot_B, datatype: float64}
# - {name: swift_uvot_U, datatype: float64}
# - {name: swift_uvot_uvm2, datatype: float64}
# - {name: swift_uvot_uvw1, datatype: float64}
# - {name: swift_uvot_uvw2, datatype: float64}
# - {name: swift_uvot_V, datatype: float64}
# - {name: johnson_B, datatype: float64}
# - {name: johnson_I, datatype: float64}
# - {name: johnson_R, datatype: float64}
# - {name: johnson_U, datatype: float64}
# - {name: johnson_V, datatype: float64}
# - {name: sdss_g, datatype: float64}
# - {name: sdss_i, datatype: float64}
# - {name: sdss_r, datatype: float64}
# - {name: sdss_u, datatype: float64}
# - {name: sdss_z, datatype: float64}
# - {name: ATLAS_c, datatype: float64}
# - {name: ATLAS_o, datatype: float64}
# - {name: ukirt_H, datatype: float64}
# - {name: ukirt_J, datatype: float64}
# - {name: ukirt_K, datatype: float64}
# - {name: Clear, datatype: float64}
# meta: !!omap
# - comment: [kappa = 10.0, type = rprocess, mass = 0.04162766037032262, velocity = 0.3746666666666667, theta_obs = 0.0, tfloor = 1000.0]
# schema: astropy-2.0
time PS1_g PS1_i PS1_r PS1_w PS1_y PS1_z swift_uvot_B swift_uvot_U swift_uvot_uvm2 swift_uvot_uvw1 swift_uvot_uvw2 swift_uvot_V johnson_B johnson_I johnson_R johnson_U johnson_V sdss_g sdss_i sdss_r sdss_u sdss_z ATLAS_c ATLAS_o ukirt_H ukirt_J ukirt_K Clear
[from data line 378]
22.785571142284567 8.687890507132998 -0.19393830606629692 3.281132471971553 1.3132086604675663 -3.717128354591548 -2.2994523897444274 12.227797083697485 18.886741181592388 32.77533648562157 14.852323713666955 17.365340220146606 6.647407200003783 11.023859766731277 -1.7474516124882298 1.2225811542367524 17.855740002340646 5.69238486483503 9.500430608447434 -0.11268235395329285 3.509621131467995 19.387846711767214 -2.8728800017664113 5.2602090417141945 0.8077965171044177 -8.666115732507043 -6.516626437017353 -10.026404412980215 -0.9726853832937721
22.84569138276553 8.695443286622027 -0.18638552657726848 3.2886852514605813 1.3207614399565948 -3.7095755751025195 -2.291899610255399 12.235349863186496 18.894293961081416 32.7828892651106 14.859876493155983 17.372892999635635 6.654959979492811 11.031412546220306 -1.7398988329992013 1.2301339337257808 17.863292781829674 5.699937644324058 9.507983387936463 -0.10512957446426441 3.5171739109570233 19.395399491256242 -2.865327222277383 5.267761821203223 0.8153492965934461 -8.658562953018015 -6.509073657528324 -10.018851633491186 -0.9651326038047436
22.905811623246493 8.702974071004537 -0.1788547421947584 3.2962160358430914 1.3282922243391049 -3.7020447907200094 -2.284368825872889 12.242880647569006 18.901824745463927 32.7904200494931 14.867407277538476 17.380423784018127 6.662490763875321 11.038943330602816 -1.732368048616709 1.237664718108291 17.870823566212184 5.7074684287065685 9.515514172318973 -0.09759879008175432 3.5247046953395156 19.402930275638752 -2.857796437894873 5.275292605585733 0.8228800809759562 -8.651032168635505 -6.501542873145814 -10.011320849108676 -0.9576018194222335
22.965931863727455 8.710483146427173 -0.17134566677210472 3.3037251112657273 1.3358012997617408 -3.6945357152973735 -2.2768597504502353 12.25038972299166 18.909333820886562 32.79792912491575 14.87491635296113 17.38793285944078 6.669999839297957 11.04645240602547 -1.7248589731940553 1.2451737935309446 17.87833264163482 5.714977504129204 9.523023247741609 -0.09008971465911841 3.5322137707621692 19.410439351061388 -2.850287362472237 5.282801681008369 0.8303891563985921 -8.643523093212869 -6.494033797723178 -10.00381177368604 -0.9500927439995976
23.026052104208414 8.717970835357214 -0.16385797784206346 3.3112128001957863 1.3432889886917998 -3.6870480263673144 -2.269372061520194 12.2578774119217 18.91682150981662 32.805416813845795 14.88240404189117 17.395420548370822 6.677487528228016 11.05394009495551 -1.717371284264014 1.2526614824609859 17.88582033056488 5.722465193059263 9.530510936671668 -0.08260202572907716 3.5397014596922105 19.417927039991447 -2.8427996735421956 5.290289369938428 0.8378768453286334 -8.63603540428281 -6.486546108793119 -9.996324084755999 -0.9426050550695386
23.086172344689377 8.72543752323022 -0.15639128996905782 3.318679488068774 1.3507556765648054 -3.6795813384943266 -2.2619053736471884 12.265344099794707 18.924288197689627 32.812883501718794 14.889870729764176 17.402887236243828 6.684954216101004 11.061406782828517 -1.7099045963910084 1.2601281703339915 17.893287018437867 5.729931880932251 9.537977624544656 -0.07513533785607152 3.547168147565216 19.425393727864453 -2.83533298566919 5.297756057811416 0.845343533201639 -8.628568716409822 -6.479079420920131 -9.988857396882993 -0.9351383671965507
23.14629258517034 8.732883551113595 -0.14894526208568237 3.3261255159521674 1.358201704448181 -3.6721353106109333 -2.254459345763813 12.272790127678082 18.931734225573003 32.820329529602176 14.897316757647552 17.410333264127203 6.692400243984397 11.068852810711892 -1.702458568507633 1.267574198217367 17.90073304632126 5.7373779088156445 9.545423652428049 -0.06768930997269607 3.5546141754485916 19.43283975574783 -2.8278869577858146 5.305202085694809 0.8527895610850145 -8.621122688526428 -6.471633393036738 -9.981411368999618 -0.9276923393131575
23.206412825651302 8.74030910616316 -0.14151970703611738 3.3335510710017147 1.3656272594977281 -3.664709755561386 -2.247033790714248 12.280215682727647 18.93915978062255 32.827755084651734 14.904742312697117 17.41775881917677 6.6998257990339445 11.076278365761457 -1.695033013458068 1.274999753266932 17.908158601370808 5.744803463865192 9.552849207477596 -0.060263754923131074 3.5620397304981566 19.440265310797376 -2.8204614027362496 5.312627640744356 0.8602151161345795 -8.613697133476881 -6.464207837987191 -9.973985813950053 -0.9202667842636103
23.266533066132265 8.74771461875195 -0.13411419444732786 3.340956583590522 1.3730327720865354 -3.6573042429725966 -2.2396282781254584 12.287621195316436 18.946565293211357 32.83516059724053 14.912147825285906 17.425164331765558 6.707231311622734 11.083683878350246 -1.6876275008692785 1.2824052658557215 17.915564113959615 5.752208976453999 9.560254720066403 -0.052858242334341554 3.569445243086946 19.447670823386183 -2.81305589014746 5.3200331533331635 0.867620628723369 -8.606291620888074 -6.4568023253983835 -9.966580301361263 -0.9128612716748208
23.326653306613224 8.755100431464804 -0.12672838173447332 3.3483423963033587 1.3804185847993722 -3.649918430259742 -2.232242465412604 12.295007008029291 18.953951105924194 32.84254640995338 14.91953363799876 17.432550144478412 6.7146171243355885 11.091069691063101 -1.680241688156424 1.2897910785685582 17.92294992667245 5.759594789166836 9.56764053277924 -0.04547242962148701 3.5768310557998007 19.45505663609902 -2.8056700774346055 5.327418966046 0.8750064414362235 -8.598905808175237 -6.449416512685547 -9.959194488648409 -0.9054754589619662
23.386773547094187 8.762466842475476 -0.11936197072380139 3.3557088073140307 1.387784995810044 -3.64255201924907 -2.224876054401932 12.302373419039963 18.961317516934866 32.84991282096404 14.926900049009433 17.439916555489084 6.7219835353462605 11.098436102073755 -1.672875277145752 1.2971574895792302 17.930316337683124 5.766961200177508 9.575006943789912 -0.038106018610815084 3.5841974668104726 19.46242304710969 -2.7983036664239336 5.334785377056672 0.8823728524468955 -8.591539397164565 -6.442050101674875 -9.951828077637737 -0.8981090479512943
23.44689378757515 8.769814140118992 -0.11201467308030288 3.363056104957547 1.3951322934535604 -3.635204721605554 -2.2175287567584334 12.30972071668348 18.968664814578382 32.85726011860756 14.934247346652949 17.4472638531326 6.729330832989777 11.105783399717271 -1.6655279795022357 1.3045047872227464 17.93766363532664 5.774308497821024 9.582354241433428 -0.030758720967298814 3.591544764453989 19.469770344753208 -2.7909563687804173 5.3421326747001885 0.8897201500904117 -8.584192099521049 -6.4347028040313585 -9.94448077999422 -0.890761750307778
23.507014028056112 8.777142658589074 -0.10468615461020292 3.370384623427647 1.4024608119236603 -3.627876203135454 -2.2102002382883335 12.317049235153561 18.975993333048482 32.86458863707765 14.941575865123031 17.454592371602683 6.736659351459877 11.113111918187371 -1.6581994610321535 1.3118333056928464 17.94499215379674 5.781637016291124 9.589682759903528 -0.023430202497216612 3.598873282924071 19.477098863223308 -2.783627850310335 5.3494611931702885 0.8970486685604939 -8.576863581050949 -6.427374285561259 -9.937152261524139 -0.8834332318376781
23.567134268537075 8.784452616480998 -0.09737619671827957 3.3776945813195525 1.409770769815566 -3.6205662452435483 -2.20289028039641 12.324359193045485 18.983303290940388 32.87189859496957 14.948885823014955 17.461902329494606 6.743969309351782 11.120421876079295 -1.6508895031402302 1.319143263584752 17.952302111688645 5.7889469741830295 9.596992717795434 -0.016120244605293266 3.6061832408159944 19.484408821115213 -2.7763178924184118 5.356771151062194 0.9043586264524173 -8.569553623159043 -6.420064327669353 -9.929842303632215 -0.8761232739457725
23.627254509018034 8.791744215676793 -0.09008459752248399 3.384986180515366 1.4170623690113793 -3.6132746460477527 -2.1955986812006145 12.33165079224128 18.9905948901362 32.879190194165375 14.95617742221075 17.4691939286904 6.751260908547578 11.12771347527509 -1.6435979039444346 1.3264348627805653 17.95959371088446 5.796238573378843 9.604284316991247 -0.008828645409497682 3.61347484001179 19.491700420311027 -2.769026293222616 5.364062750258007 0.9116502256482129 -8.56226202396323 -6.41277272847354 -9.92255070443642 -0.8688316747499769
23.687374749498996 8.799017937557814 -0.08281087564146361 3.3922599023963684 1.424336090892382 -3.6060009241667323 -2.188324959319594 12.3389245141223 18.997868612017204 32.88646391604639 14.96345114409177 17.476467650571422 6.758534630428598 11.13498719715611 -1.6363241820634142 1.3337085846615857 17.96686743276546 5.8035122952598455 9.61155803887225 -0.0015549235284773033 3.6207485618928104 19.49897414219203 -2.761752571341596 5.37133647213901 0.9189239475292332 -8.554988302082227 -6.405499006592537 -9.9152769825554 -0.8615579528689565
23.74749498997996 8.806273940262361 -0.07555487293693375 3.399515905100916 1.4315920935969295 -3.5987449214621847 -2.1810689566150643 12.34618051682683 19.00512461472175 32.893719918750925 14.9707071467963 17.483723653275952 6.765790633133146 11.14224319986064 -1.6290681793588844 1.3409645873661156 17.97412343547001 5.810768297964393 9.618814041576798 0.005701079176070323 3.62800456459734 19.506230144896577 -2.754496568637048 5.378592474843558 0.9261799502337631 -8.54773229937768 -6.398243003887989 -9.908020979850852 -0.8543019501644089
23.80761523046092 8.813512502370493 -0.06831631082880207 3.4067544672090477 1.4388306557050612 -3.591506359354053 -2.1738303945069326 12.35341907893498 19.012363176829883 32.90095848085907 14.97794570890445 17.4909622153841 6.7730291952412776 11.149481761968772 -1.621829617250735 1.3482031494742472 17.98136199757814 5.818006860072525 9.62605260368493 0.012939641284201997 3.6352431267054897 19.51346870700471 -2.7472580065289165 5.385831036951689 0.9334185123419125 -8.540493737269548 -6.391004441779858 -9.90078241774272 -0.8470633880562772
23.867735470941884 8.820733902538933 -0.061094910660344226 3.413975867377488 1.4460520558735013 -3.584284959185613 -2.1666089943384748 12.36064047910342 19.019584576998323 32.9081798810275 14.98516710907289 17.49818361555254 6.780250595409718 11.15670316213723 -1.6146082170822948 1.355424549642705 17.98858339774658 5.825228260240965 9.63327400385337 0.02016104145264208 3.6424645268739297 19.52069010717315 -2.7400366063604764 5.393052437120129 0.9406399125103526 -8.533272337101108 -6.383783041611418 -9.89356101757428 -0.8398419878878371
23.927855711422843 8.827938402861548 -0.05389041033772912 3.4211803677001207 1.4532565561961341 -3.57708045886298 -2.1594044940158597 12.367844979426035 19.026789077320956 32.91538438135013 14.992371609395505 17.505388115875157 6.7874550957323505 11.163907662459845 -1.6074037167596797 1.3626290499653202 17.995787898069214 5.832432760563598 9.640478504176002 0.027365541775257185 3.649669027196545 19.52789460749578 -2.7328321060378613 5.400256937442762 0.9478444128329677 -8.526067836778475 -6.376578541288785 -9.886356517251665 -0.8326374875652043
23.987975951903806 8.835126147608658 -0.046702665590618864 3.428368112447231 1.4604443009432444 -3.56989271411587 -2.1522167492687494 12.375032724173145 19.033976822068066 32.922572126097236 14.999559354142615 17.512575860622267 6.794642840479461 11.171095407206955 -1.6002159720125695 1.3698167947124305 18.002975642816324 5.839620505310708 9.647666248923112 0.03455328652238521 3.656856771943655 19.535082352242892 -2.7256443612907333 5.4074446821898725 0.955032157580078 -8.518880092031365 -6.3693907965416745 -9.879168772504537 -0.825449742818094
24.04809619238477 8.842297401838817 -0.03953141136047833 3.4355393666773715 1.467615555173385 -3.5627214598857293 -2.145045495038609 12.382203978403286 19.041148076298207 32.92974338032738 15.006730608372756 17.519747114852407 6.801814094709601 11.178266661437096 -1.593044717782429 1.376988048942571 18.010146897046464 5.8467917595408485 9.654837503153253 0.04172454075252574 3.6640280261737956 19.542253606473032 -2.7184731070605928 5.414615936420013 0.9622034118102363 -8.511708837801224 -6.362219542311534 -9.871997518274396 -0.8182784885879535
24.10821643286573 8.849452489634988 -0.032376323564307086 3.4426944544735427 1.4747706429695562 -3.555566372089558 -2.1378904072424376 12.389359066199457 19.048303164094378 32.93689846812355 15.013885696168927 17.52690220264858 6.8089691825057725 11.185421749233267 -1.5858896299862577 1.3841431367387422 18.017301984842636 5.85394684733702 9.661992590949424 0.048879628548696985 3.671183113969967 19.549408694269204 -2.7113180192644215 5.421771024216184 0.9693584996064075 -8.504553750005053 -6.355064454515363 -9.864842430478225 -0.8111234007917822
24.168336673346694 8.856591604491886 -0.025237208707391545 3.4498335693304405 1.4819097578264717 -3.5484272572326603 -2.130751292385522 12.396498181056373 19.055442278951293 32.944037582980464 15.021024811025843 17.534041317505494 6.81610829736267 11.192560864090183 -1.5787505151293422 1.3912822515956578 18.024441099699533 5.861085962193935 9.66913170580634 0.05601874340559476 3.6783222288268824 19.55654780912612 -2.7041789044075237 5.4289101390731 0.9764976144633053 -8.497414635148138 -6.347925339658465 -9.857703315621327 -0.8039842859348845
24.228456913827653 8.863715012865825 -0.018113800333452446 3.4569569777043796 1.4890331662004108 -3.541303848858721 -2.123627884011583 12.403621589430312 19.062565687325232 32.95116099135439 15.028148219399782 17.541164725879433 6.823231705736609 11.199684272464122 -1.571627106755403 1.3984056599695969 18.031564508073473 5.868209370567857 9.676255114180279 0.06314215177953386 3.6854456372008215 19.563671217500058 -2.6970554960335846 5.436033547447039 0.9836210228372444 -8.490291226774216 -6.340801931284526 -9.850579907247388 -0.7968608775609454
24.288577154308616 8.870822889906691 -0.011005923292586317 3.4640648547452457 1.4961410432412592 -3.534195971817855 -2.116520006970717 12.410729466471178 19.06967356436608 32.95826886839526 15.035256096440648 17.5482726029203 6.8303395827774755 11.20679214950497 -1.564519229714537 1.4055135370104452 18.03867238511434 5.875317247608723 9.683362991221127 0.07025002882039999 3.6925535142416877 19.570779094540907 -2.6899476189927185 5.443141424487887 0.9907288998781105 -8.48318334973335 -6.33369405424366 -9.843472030206522 -0.7897530005200792
24.34869739478958 8.87791547336164 -0.003913339837655627 3.471157438200194 1.5032336266962076 -3.5271033883629066 -2.109427423515786 12.417822049926109 19.07676614782103 32.96536145185021 15.042348679895596 17.555365186375248 6.837432166232424 11.213884732959919 -1.5574266462596063 1.4126061204653937 18.045764968569287 5.882409831063671 9.690455574676076 0.07734261227534844 3.699646097696636 19.577871677995855 -2.68285503553777 5.450234007942836 0.997821483333059 -8.476090766278402 -6.326601470788711 -9.836379446751573 -0.7826604170651308
24.40881763527054 8.884992877190054 0.0031640639907770662 3.478234842028627 1.5103110305246403 -3.520025984534474 -2.1023500196873535 12.424899453754541 19.083843551649462 32.97243885567863 15.049426083724011 17.562442590203663 6.844509570060857 11.220962136788351 -1.5503492424311736 1.4196835242938264 18.05284237239772 5.889487234892104 9.697532978504508 0.08442001610376337 3.706723501525051 19.584949081824288 -2.675777631709355 5.457311411771268 1.004898887161474 -8.469013362449969 -6.319524066960279 -9.829302042923159 -0.7755830132366981
