web/models/kne/58/mosfit_kn_0.027507_0.3277_10.0000.dat
# %ECSV 1.0
# ---
# datatype:
# - {name: time, datatype: float64}
# - {name: PS1_g, datatype: float64}
# - {name: PS1_i, datatype: float64}
# - {name: PS1_r, datatype: float64}
# - {name: PS1_w, datatype: float64}
# - {name: PS1_y, datatype: float64}
# - {name: PS1_z, datatype: float64}
# - {name: swift_uvot_B, datatype: float64}
# - {name: swift_uvot_U, datatype: float64}
# - {name: swift_uvot_uvm2, datatype: float64}
# - {name: swift_uvot_uvw1, datatype: float64}
# - {name: swift_uvot_uvw2, datatype: float64}
# - {name: swift_uvot_V, datatype: float64}
# - {name: johnson_B, datatype: float64}
# - {name: johnson_I, datatype: float64}
# - {name: johnson_R, datatype: float64}
# - {name: johnson_U, datatype: float64}
# - {name: johnson_V, datatype: float64}
# - {name: sdss_g, datatype: float64}
# - {name: sdss_i, datatype: float64}
# - {name: sdss_r, datatype: float64}
# - {name: sdss_u, datatype: float64}
# - {name: sdss_z, datatype: float64}
# - {name: ATLAS_c, datatype: float64}
# - {name: ATLAS_o, datatype: float64}
# - {name: ukirt_H, datatype: float64}
# - {name: ukirt_J, datatype: float64}
# - {name: ukirt_K, datatype: float64}
# - {name: Clear, datatype: float64}
# meta: !!omap
# - comment: [kappa = 10.0, type = rprocess, mass = 0.027507471329904786, velocity = 0.32766666666666666, theta_obs = 0.0, tfloor = 1000.0]
# schema: astropy-2.0
time PS1_g PS1_i PS1_r PS1_w PS1_y PS1_z swift_uvot_B swift_uvot_U swift_uvot_uvm2 swift_uvot_uvw1 swift_uvot_uvw2 swift_uvot_V johnson_B johnson_I johnson_R johnson_U johnson_V sdss_g sdss_i sdss_r sdss_u sdss_z ATLAS_c ATLAS_o ukirt_H ukirt_J ukirt_K Clear
[from data line 57]
3.4869739478957915 -5.30233170579395 -10.175754777382142 -8.297990688591455 -8.919942254835806 -11.953031898912982 -11.265443108225117 -3.3650150398153142 -0.18628842809407664 9.099852566680418 0.2308128604890496 2.146036988055894 -6.606098729699419 -3.7727412669245415 -11.157735193213362 -9.227146788532352 -0.6559978648032615 -6.918616598499498 -4.851163297806327 -10.134341144997503 -8.221869875145096 0.45389692109853996 -11.49282941497372 -6.958229053616076 -9.419125472095082 -14.110806380339918 -13.230211938609118 -14.559726512137699 -9.912323632574012
3.5470941883767533 -5.171750054024571 -10.099661708625849 -8.199931281207125 -8.838152968490718 -11.900603476074156 -11.20333137804586 -3.2130258686651834 0.011640092254499246 9.373128070866269 0.37825032270371084 2.2959966055410566 -6.486470048284574 -3.6288529196916426 -11.089038075976589 -9.141177609267672 -0.46499949177838606 -6.8051027325339115 -4.715617756727504 -10.057648503556855 -8.122149333457997 0.6499248875601893 -11.434517727430329 -6.85032166711645 -9.33766763624897 -14.095139652896334 -13.197733083858017 -14.555900855073814 -9.846365246014823
3.6072144288577155 -5.040316354943677 -10.0227575171108 -8.101049161497293 -8.755644391765234 -11.847390929881136 -11.140418425889198 -3.0601471445697745 0.21053767376738386 9.646949046653749 0.5262098207210113 2.446676034567933 -6.3659569881517735 -3.4841672128099295 -11.019548214710905 -9.054490872406149 -0.2730494290149931 -6.690780114640657 -4.579215988830754 -9.980145188103702 -8.021589986547237 0.8469321679514508 -11.375431551506026 -6.7416394477861274 -9.255467375789834 -14.0787696913552 -13.16451536922317 -14.551406610346634 -9.779759763402982
3.6673346693386772 -4.908037837614216 -9.945054301669547 -8.00135465486818 -8.672426394341812 -11.793408059654631 -11.076717345869582 -2.906384769510942 0.41040243156427203 9.921321839321543 0.6746925918868567 2.598076272831499 -6.244568397100932 -3.3386906610403284 -10.949278276502643 -8.96709817337505 -0.0801506640874482 -6.5756584817886905 -4.441964865725456 -9.90184328025892 -7.920202114515131 1.044916083425118 -11.315584431461208 -6.632190612509827 -9.172535809185991 -14.06171250191427 -13.130573902621732 -14.54626032190278 -9.712517974691632
3.727454909819639 -4.774921673151464 -9.866563784072042 -7.900857834630628 -8.588508566826274 -11.738668158923744 -11.012240776828417 -2.7517446983405867 0.6112321629222708 10.196252188930611 0.8236993849187617 2.750197793839192 -6.122312985212351 -3.1924297986242363 -10.878240512854617 -8.879010801948414 0.11369354105545748 -6.459747415337806 -4.303871230073444 -9.82275448837143 -7.817995752212212 1.2438736590254251 -11.254989442286583 -6.521983219570711 -9.088883723799608 -14.043983406640608 -13.09592318769379 -14.540477793553721 -9.64465032599323
3.787575150300601 -4.640942247356001 -9.787275208990582 -7.799542142288853 -8.503877086364504 -11.683166537618686 -10.946981528062185 -2.5961960192470555 0.8130702647486034 10.471805437413902 0.9732662269332519 2.9030769730032238 -5.999168700757942 -3.045355912433813 -10.806426112745779 -8.790215802123875 0.30852420465621544 -6.343026970255054 -4.1649081998745 -9.742867931380097 -7.714953973192991 1.4438471790857577 -11.193640576962878 -6.410996912258664 -9.004498490173063 -14.02558677781112 -13.060563561179064 -14.534066153475125 -9.576146922346904
3.847695390781563 -4.506003438010513 -9.707129829032404 -7.697333963250053 -8.418468119955858 -11.62686032569491 -10.88089019349141 -2.4396283928287863 1.0160586837252696 10.748175330101507 1.1235052552438245 3.056827906687506 -5.875047378387113 -2.8973644816655626 -10.733781371709014 -8.700648465885099 0.5044779927198452 -6.2254138496150775 -4.024976333321568 -9.662124491740531 -7.6110020618920515 1.644976732231509 -11.13149126453342 -6.299150398688393 -8.919317498986157 -14.006504184577649 -13.024465527828644 -14.52701470566877 -9.506954604378492
3.9078156312625247 -4.370117121372523 -9.626141587009549 -7.594246595552541 -8.332294096600794 -11.569763999589728 -10.813981000819144 -2.282053376829608 1.2201876236930789 11.025356066346848 1.2744099606402064 3.2114440392340673 -5.74996181424303 -2.7484674916761027 -10.660320464051011 -8.610323007653246 0.7015443419066326 -6.1069216465409655 -3.8840874047989082 -9.58053812945682 -7.506153316163218 1.8472518826247253 -11.068556070969944 -6.186455611296715 -8.833354188861495 -13.986750655666905 -12.987643972301937 -14.519338505334003 -9.437086132101804
3.967935871743487 -4.2333002498186545 -9.54432760589853 -7.490297276867199 -8.245370833293197 -11.511894395504818 -10.74627087384 -2.123488347877408 1.4254398550294314 11.303332156415987 1.4259680042540883 3.366912793643998 -5.6239295051443365 -2.5986824401135817 -10.586060485338848 -8.519257135433246 0.8997055026528035 -5.987568429518022 -3.7422584381093316 -9.498126005622769 -7.400425035558111 2.0506548295465876 -11.004852124118845 -6.0729287695262535 -8.746625345352594 -13.966342306302602 -12.950115446125013 -14.511053281478004 -9.366557099743762
4.028056112224449 -4.09547302455799 -9.461639306947376 -7.385425048580316 -8.157645653343302 -11.453216174100262 -10.677718996636365 -1.9638416349682963 1.6319335778559287 11.582264503891327 1.578271676428376 3.523328512823657 -5.496877254822839 -2.44792279131357 -10.51095710398749 -8.42739770232 1.099075143730086 -5.867285402578887 -3.599406877203357 -9.414839243104609 -7.293755309630274 2.2553021682622187 -10.94034109545257 -5.958502541124506 -8.6590793254223 -13.945264274198193 -12.911855835574302 -14.502150650440838 -9.29532391488685
4.0881763527054105 -3.9566387367027467 -9.378084063157033 -7.27963582767897 -8.069124456248016 -11.393738143476533 -10.608333545658795 -1.8031153658966759 1.8396701928233663 11.862161161689691 1.7313224357676487 3.6806928945875375 -5.368809600820044 -2.2961915492116565 -10.435018225319396 -8.334752166357255 1.2996536210715948 -5.746078280002675 -3.455535729762893 -9.330685213079573 -7.186149969511266 2.4611946173442334 -10.875031698623925 -5.843181252144856 -8.570722921660288 -13.923527418108728 -12.87287516953709 -14.49264199236733 -9.223393533839062
4.148296593186372 -3.8167575172128743 -9.293639814431867 -7.172900577314252 -7.97978254386793 -11.333445664018402 -10.538096782643631 -1.6412630580221255 2.0487114028593467 12.143108407300286 1.8851680995750901 3.8390551114868434 -5.239690573642915 -2.143445382248452 -10.358224220461107 -8.241296346106825 1.5014998080291764 -5.623914018271756 -3.3106035935803746 -9.245641706032579 -7.077579435171781 2.6683927461078483 -10.808907762404587 -5.726931945328069 -8.481532333847426 -13.901128558562428 -12.833165139435676 -14.482527700810921 -9.150746474444844
4.208416833667335 -3.6757885027508053 -9.208283597883913 -7.06518932581881 -7.889594423854067 -11.272323242478972 -10.466990087507089 -1.478237174768423 2.2591200880706275 12.425193533577442 2.0398570121799335 3.998465032633917 -5.109483185994653 -1.989640014011908 -10.280554585314434 -8.14700525879217 1.7046737249609367 -5.500758660076987 -3.164568065226483 -9.159685610604438 -6.96801317392211 2.8769583073746396 -10.74195227404072 -5.609720776600149 -8.391482925364233 -13.878063788220201 -12.792716652855896 -14.471807489315703 -9.077362561411526
4.268537074148297 -3.533803210238471 -9.122068350019337 -6.956562663837236 -7.798613706976685 -11.210415391431141 -10.395061392245086 -1.314117021910849 2.4708012058364837 12.70829906180905 2.1953159515445546 4.158847838429637 -4.978255765152515 -1.8348519719798377 -10.202059675887007 -8.051935695574326 1.9090822129555174 -5.3766789560476065 -3.017502446226139 -9.072870109088313 -6.857512431244128 3.086796343068503 -10.67421205866193 -5.49161071446278 -8.300629044205472 -13.854364258945198 -12.751567070800379 -14.460508039068499 -9.003289716718381
4.328657314629258 -3.390653295197481 -9.034897923808547 -6.846903656601064 -7.706738925597829 -11.147648392549119 -10.322227675266689 -1.1487339422032605 2.6839680496467544 12.992706542933941 2.351708412880012 4.320371699435853 -4.845870415268537 -1.678921696652797 -10.122650568581133 -7.9559841690291515 2.114931211844222 -5.25154454495073 -2.869253730706287 -8.985098539622758 -6.745958544298318 3.298117895564836 -10.605608319382895 -5.372475195202853 -8.208870091942284 -13.829991410309573 -12.709661883171675 -14.44860206701401 -8.928442273388502
4.38877755511022 -3.2464117453773156 -8.946825890341259 -6.736273866240321 -7.614024497603236 -11.084067036037428 -10.248537286511255 -0.9821690247846526 2.8985231053191107 13.278295069174956 2.5089590406856037 4.482959628863586 -4.712396745919059 -1.5219274208783633 -10.042378149749045 -7.859208317804456 2.3221251850934332 -5.125423430238276 -2.7198967702062227 -8.896424730411585 -6.6334137497852375 3.5108255688991186 -10.536188267635698 -5.252378355496887 -8.116261165690393 -13.804976152790134 -12.667038446673773 -14.436115847959561 -8.852868767614943
4.448897795591182 -3.1011074183264498 -8.857875796335417 -6.6246991550456436 -7.520493577406615 -11.019692234385161 -10.17401216745009 -0.8144536364350963 3.114430576345164 13.56502404160707 2.6670401015126015 4.646583328111863 -4.577862979501977 -1.3638999560180347 -9.961265227134188 -7.761633444058245 2.530628485729707 -4.998343994211926 -2.569461002020219 -8.806872333201579 -6.5199041209443465 3.724883216626864 -10.46597375420161 -5.131346215787822 -8.022826116150394 -13.7793351648226 -12.623715477977926 -14.423064550085359 -8.776590719513226
4.509018036072144 -2.954610159655182 -8.767963257708935 -6.512076950738557 -7.4260573163275545 -10.954459249693453 -10.098579400514254 -0.6454398030873343 3.3318777210818773 13.853139969062532 2.82609414016255 4.811389900640229 -4.442148062667546 -1.2046996219173105 -9.87923379225941 -7.663169188408372 2.7406217936387267 -4.870192173565859 -2.417812202331664 -8.71635652489088 -6.405325532768202 3.940476073886483 -10.394895705481613 -5.009267832224271 -7.928476848441317 -13.753034626093024 -12.579645149639498 -14.409424272478882 -8.699533337911625
4.569138276553106 -2.8069089057636276 -8.677084423499366 -6.3984007022582645 -7.330710651229868 -10.888367068545541 -10.022236725312474 -0.4751139538161652 3.5508844768760106 14.142673202627961 2.98613542220771 4.977394578720716 -4.30524262067084 -1.0443146280442976 -9.796281024667366 -7.563811773060832 2.9521235052256034 -4.74096060086145 -2.2649387519258113 -8.624873430425932 -6.2896711883458245 4.157623324283133 -10.322952798211809 -4.886134815374454 -7.8332089554211315 -13.726078001096942 -12.534828991858403 -14.395199812601385 -8.6216938956861
4.629258517034068 -2.6580317368838813 -8.585261851272055 -6.2836953747767765 -7.23447594184627 -10.821435530997316 -9.945005031141587 -0.3035067303733385 3.7714156527484732 14.433583379956257 3.1471362407749663 5.1445692295958665 -4.16717400471746 -0.8827751663224463 -9.71242873684081 -7.463585729111178 3.1650985680481436 -4.610676926224461 -2.1108693364583786 -8.532445719567736 -6.17296625196138 4.376289438767262 -10.250165879439237 -4.761972418368519 -7.737045416908348 -13.69848084260578 -12.48928462242567 -14.380405203534943 -8.543093171732838
4.68937875751503 -2.5079360896449465 -8.49247006805486 -6.167928832068537 -7.137325783630448 -10.753646312146188 -9.866862958566056 -0.1305691198046432 3.9935350994073104 14.725957275341713 3.309144273770706 5.31296350253157 -4.0279032070382685 -0.720035765008568 -9.627653870908112 -7.362464230336195 3.3796079731511663 -4.479305540744815 -1.9555599420065128 -8.439047792633083 -6.055177995176244 4.596537189639509 -10.176515316916959 -4.636745052705606 -7.639959458645311 -13.670236135255907 -12.442999974005227 -14.365036985901812 -8.46370917847489
4.749498997995992 -2.356565010981697 -8.398673695375543 -6.051057241938711 -7.039222619574392 -10.684973141100631 -9.787780382249789 0.04376408373947599 4.217326753974966 15.019906969583921 3.472222175928455 5.482642676990711 -3.887377644424366 -0.5560356534721793 -9.54192410503768 -7.260410018941095 3.595732175622277 -4.346797981820136 -1.7989517603238525 -8.344644099798018 -5.936261821968447 4.81844928919724 -10.10197310213675 -4.510404742174998 -7.5419141338543305 -13.641332060453449 -12.395956745260646 -14.349087925706934 -8.383511235313392
4.809619238476953 -2.2039382830256393 -8.30388928586439 -5.933098648372326 -6.940182737803404 -10.615430855757264 -9.707772764108515 0.21947146774553233 4.442766652198635 15.31540633803068 3.636350610799149 5.653587264296608 -3.7456167786395094 -0.39079628412294226 -9.455255581983828 -7.157441401591698 3.8134470143734123 -4.213174445270924 -1.6410649776184627 -8.249251286113388 -5.816235886230157 5.042001356584045 -10.026554883915804 -4.382969496043998 -7.4429262955946385 -13.611780804609042 -12.348168442711847 -14.332569224850749 -8.302514836463715
4.869739478957916 -2.050026758645487 -8.208100086634467 -5.81403152874751 -6.840187980621781 -10.545007805922868 -9.62682625030288 0.3965867840998783 4.669899422082455 15.612516977054916 3.8015622493017536 5.825831566251868 -3.602594080178652 -0.2242867704808698 -9.3676333318997 -7.053541169802274 4.032794830043603 -4.0784113470795775 -1.4818694323229131 -8.152852527812069 -5.6950782187781 5.267237090778707 -9.950248242751627 -4.254415202037389 -7.342978349920752 -13.581578871395637 -12.299627962056652 -14.315479922730406 -8.22070591033997
4.929859719438878 -1.8947804758454723 -8.111275099037769 -5.6938174893547 -6.739205536650914 -10.473680963201168 -9.544914412320793 0.575167232255972 4.898798823862407 15.911337372155355 3.9679116172467315 5.999432629679454 -3.458263413838563 -0.05645404825568462 -9.279029072814186 -6.94867704832695 4.253846192531785 -3.9424665144750444 -1.3213135544465615 -8.05541668905354 -5.5727497340234855 5.494229105691915 -9.873028740647811 -4.124699838516808 -7.242038035288871 -13.550715965552536 -12.250319314536442 -14.297813755876641 -8.138057839371662
4.98997995991984 -1.7382224854408612 -8.013432780524461 -5.572477026456628 -6.637253769796185 -10.401466473553747 -9.462054259581514 0.7551875959745658 5.129435929266393 16.211835111275757 4.135375606515854 6.174366977025652 -3.3126472446465387 0.1126768224886871 -9.18946067075246 -6.8428695185221615 4.4765721314784805 -3.8053630504814047 -1.159420931087869 -7.956962338465878 -5.449271084385341 5.722948092346201 -9.79491350837085 -3.993844126426538 -7.140124231955198 -13.519204670679288 -12.20025681996791 -14.279582026520375 -8.054587822432886
5.050100200400801 -1.580316805714368 -7.914551420663596 -5.449982917139362 -6.534309561178713 -10.32834854769602 -9.378227445345093 0.9366892297165819 5.361864636738005 16.51408325314829 4.30399364168121 6.350676000397129 -3.1657125250297584 0.28314385737329645 -9.09890848262788 -6.736096333874635 4.7010239571298555 -3.6670712937178402 -0.996154405458114 -7.857467681287531 -5.324614518579427 5.953446948794134 -9.715885853085915 -3.8618180133137336 -7.037214336165647 -13.487038713601132 -12.149429980121552 -14.260781445808666 -7.970277518497788
5.110220440881763 -1.4210279748982835 -7.81460956018444 -5.326308302598548 -6.430350120209223 -10.254311529466698 -9.293415798470726 1.1197128684576263 5.5961380215987155 16.81815358601925 4.473804382117432 6.528400371272497 -3.01742665968374 0.4549844370676543 -9.007353088317071 -6.628335625135631 4.927252169304584 -3.527562076760657 -0.8314773692883648 -7.756911179421309 -5.198752651517893 6.185777753787249 -9.635929267165686 -3.728591883133685 -6.933286056285475 -13.4542117958102 -12.097828346044535 -14.241408650306331 -7.88510887824712
