web/models/kne/58/mosfit_kn_0.001230_0.4530_10.0000.dat
# %ECSV 1.0
# ---
# datatype:
# - {name: time, datatype: float64}
# - {name: PS1_g, datatype: float64}
# - {name: PS1_i, datatype: float64}
# - {name: PS1_r, datatype: float64}
# - {name: PS1_w, datatype: float64}
# - {name: PS1_y, datatype: float64}
# - {name: PS1_z, datatype: float64}
# - {name: swift_uvot_B, datatype: float64}
# - {name: swift_uvot_U, datatype: float64}
# - {name: swift_uvot_uvm2, datatype: float64}
# - {name: swift_uvot_uvw1, datatype: float64}
# - {name: swift_uvot_uvw2, datatype: float64}
# - {name: swift_uvot_V, datatype: float64}
# - {name: johnson_B, datatype: float64}
# - {name: johnson_I, datatype: float64}
# - {name: johnson_R, datatype: float64}
# - {name: johnson_U, datatype: float64}
# - {name: johnson_V, datatype: float64}
# - {name: sdss_g, datatype: float64}
# - {name: sdss_i, datatype: float64}
# - {name: sdss_r, datatype: float64}
# - {name: sdss_u, datatype: float64}
# - {name: sdss_z, datatype: float64}
# - {name: ATLAS_c, datatype: float64}
# - {name: ATLAS_o, datatype: float64}
# - {name: ukirt_H, datatype: float64}
# - {name: ukirt_J, datatype: float64}
# - {name: ukirt_K, datatype: float64}
# - {name: Clear, datatype: float64}
# meta: !!omap
# - comment: [kappa = 10.0, type = rprocess, mass = 0.0012301715156502338, velocity = 0.45299999999999996, theta_obs = 0.0, tfloor = 1000.0]
# schema: astropy-2.0
time PS1_g PS1_i PS1_r PS1_w PS1_y PS1_z swift_uvot_B swift_uvot_U swift_uvot_uvm2 swift_uvot_uvw1 swift_uvot_uvw2 swift_uvot_V johnson_B johnson_I johnson_R johnson_U johnson_V sdss_g sdss_i sdss_r sdss_u sdss_z ATLAS_c ATLAS_o ukirt_H ukirt_J ukirt_K Clear
[from data line 177]
10.701402805611222 15.10757043653065 6.225741623331373 9.700812401369223 7.732888589865237 2.7025515748061224 4.120227539653243 18.647477013095138 25.30642111099006 39.19501641501923 21.272003643064618 23.78502014954427 13.067087129401454 17.443539696128948 4.672228316909423 7.6422610836344225 24.275419931738305 12.1120647942327 15.920110537845105 6.30699757544436 9.929301060865647 25.807526641164884 3.546799927631259 11.679888971111865 7.22747644650207 -2.2464358031093727 -0.09694650761968282 -3.606724483582544 5.446994546103898
10.761523046092185 15.13432957077077 6.252500757571475 9.727571535609325 7.7596477241053385 2.7293107090462243 4.146986673893345 18.67423614733524 25.33318024523016 39.22177554925934 21.29876277730472 23.81177928378437 13.093846263641556 17.47029883036905 4.698987451149525 7.669020217874524 24.302179065978418 12.138823928472801 15.946869672085207 6.333756709684479 9.956060195105767 25.834285775404986 3.573559061871361 11.706648105351967 7.25423558074219 -2.219676668869271 -0.07018737337958081 -3.579965349342442 5.473753680344
10.821643286573146 15.160962840830763 6.2791340276314855 9.754204805669318 7.786280994165349 2.755943979106217 4.173619943953355 18.70086941739525 25.359813515290163 39.24840881931933 21.32539604736472 23.83841255384437 13.120479533701548 17.49693210042906 4.725620721209535 7.695653487934535 24.328812336038418 12.165457198532794 15.973502942145199 6.360389979744472 9.98269346516576 25.86091904546499 3.6001923319313534 11.733281375411977 7.280868850802182 -2.1930433988092783 -0.04355410331958831 -3.5533320792824497 5.500386950403993
10.881763527054108 15.187470969725965 6.305642156526687 9.780712934564537 7.812789123060551 2.7824521080014186 4.200128072848557 18.72737754629045 25.386321644185372 39.274916948214546 21.35190417625992 23.864920682739573 13.14698766259675 17.52344022932426 4.752128850104737 7.7221616168297365 24.35532046493362 12.191965327428013 16.00001107104042 6.386898108639674 10.009201594060961 25.88742717436019 3.626700460826555 11.759789504307179 7.307376979697384 -2.1665352699140588 -0.017045974424368726 -3.526823950387248 5.526895079299194
10.941883767535069 15.213854878520507 6.332026065321212 9.807096843359062 7.839173031855076 2.8088360167959614 4.226511981643082 18.753761455084994 25.412705552979908 39.301300857009075 21.378288085054454 23.891304591534105 13.173371571391293 17.549824138118787 4.7785127588992795 7.7485455256242615 24.381704373728155 12.218349236222538 16.026394979834944 6.413282017434216 10.035585502855504 25.913811083154723 3.653084369621098 11.786173413101704 7.333760888491927 -2.1401513611195337 0.009337934370156287 -3.500440041592705 5.553278988093737
11.002004008016032 15.240115588788541 6.358286775589264 9.833357553627096 7.865433742123109 2.835096727063995 4.252772691911133 18.780022165353028 25.43896626324794 39.32756156727711 21.404548795322498 23.91756530180214 13.199632281659326 17.576084848386838 4.804773469167313 7.774806235892295 24.40796508399619 12.244609946490572 16.052655690102977 6.43954272770225 10.061846213123538 25.940071793422767 3.6793450798891314 11.812434123369737 7.36002159875996 -2.1138906508515003 0.035598644638189736 -3.4741793313246716 5.579539698361771
11.062124248496994 15.266254149581293 6.384425336382016 9.859496114419866 7.891572302915879 2.861235287856765 4.278911252703885 18.80616072614578 25.4651048240407 39.353700128069875 21.43068735611526 23.9437038625949 13.225770842452096 17.60222340917959 4.830912029960065 7.800944796685065 24.434103644788948 12.270748507283342 16.078794250895747 6.465681288495002 10.08798477391629 25.966210354215526 3.7054836406818836 11.838572684162507 7.386160159552713 -2.0877520900587303 0.06173720543095973 -3.4480407705319194 5.605678259154523
11.122244488977955 15.292271587962674 6.410442774763396 9.885513552801228 7.91758974129726 2.8872527262381276 4.304928691085266 18.83217816452716 25.491122262422074 39.379717566451255 21.45670479449663 23.969721300976282 13.251788280833459 17.62824084756097 4.856929468341446 7.826962235066445 24.46012108317033 12.296765945664704 16.104811689277128 6.491698726876383 10.11400221229767 25.9922277925969 3.731501079063264 11.864590122543888 7.412177597934093 -2.0617346516773676 0.08775464381232245 -3.422023332150539 5.631695697535903
11.182364729458918 15.318168910534311 6.436340097335034 9.911410875372866 7.943487063868897 2.913150048809765 4.330826013656903 18.858075487098798 25.51701958499371 39.40561488902288 21.482602117068268 23.99561862354792 13.277685603405097 17.654138170132608 4.882826790913083 7.852859557638083 24.486018405741966 12.322663268236342 16.130709011848765 6.51759604944802 10.139899534869308 26.018125115168537 3.7573984016349016 11.890487445115525 7.438074920505731 -2.03583732910573 0.11365196638395991 -3.3961260095789014 5.657593020107541
11.242484969939879 15.343947135104994 6.4621183219057166 9.937189099943549 7.96926528843958 2.938928273380448 4.356604238227586 18.88385371166948 25.54279780956439 39.431393113593565 21.50838034163895 24.021396848118602 13.30346382797578 17.67991639470329 4.908605015483766 7.878637782208766 24.51179663031264 12.348441492807025 16.15648723641943 6.543374274018703 10.16567775943999 26.043903339739217 3.7831766262055844 11.91626566968619 7.463853145076413 -2.0100591045350473 0.1394301909546427 -3.3703477850082186 5.683371244678224
11.302605210420841 15.369607279828035 6.48777846662874 9.96284924466659 7.994925433162603 2.9645884181034887 4.382264382950609 18.909513856392504 25.568457954287425 39.457053258316606 21.534040486361985 24.047056992841636 13.32912397269882 17.705576539426314 4.934265160206789 7.904297926931789 24.537456775035682 12.374101637530066 16.18214738114247 6.569034418741744 10.191337904163031 26.06956348446225 3.8088367709286253 11.941925814409231 7.489513289799454 -1.9843989598120066 0.1650903356776836 -3.3446876402851777 5.7090313894012645
11.362725450901802 15.395150325154123 6.513321511954846 9.988392289992678 8.020468478488691 2.9901314634295773 4.4078074282767155 18.93505690171861 25.59400099961352 39.482596303642694 21.559583531688073 24.072600038167725 13.354667018024909 17.731119584752403 4.959808205532895 7.929840972257877 24.56299982036177 12.399644682856154 16.20769042646856 6.594577464067832 10.21688094948912 26.095106529788346 3.834379816254714 11.96746885973532 7.515056335125543 -1.9588559144859181 0.19063338100377214 -3.319144594959089 5.734574434727353
11.422845691382765 15.42057724125712 6.538748428057843 10.013819206095693 8.045895394591707 3.0155583795325924 4.433234344379713 18.960483817821608 25.61942791571653 39.5080232197457 21.58501044779109 24.09802695427074 13.380093934127924 17.756546500855418 4.985235121635893 7.9552678883608925 24.588426736464776 12.42507159895917 16.233117342571575 6.62000438017083 10.242307865592117 26.120533445891354 3.859806732357729 11.992895775838335 7.54048325122854 -1.933428998382903 0.2160602971067873 -3.293717678856074 5.760001350830368
11.482965931863728 15.445889002035571 6.564060188836294 10.039130966874144 8.071207155370157 3.0408701403110427 4.458546105158163 18.985795578600058 25.64473967649498 39.53333498052415 21.61032220856954 24.12333871504918 13.405405694906374 17.781858261633868 5.010546882414343 7.980579649139343 24.613738497243226 12.45038335973762 16.258429103350025 6.64531614094928 10.267619626370568 26.145845206669804 3.8851184931361615 12.018207536616785 7.565795012006991 -1.9081172376044526 0.24137205788523763 -3.2684059180776415 5.785313111608819
11.543086172344688 15.471086579811058 6.58925776661178 10.064328544649612 8.096404733145626 3.0660677180865115 4.48374368293365 19.010993156375545 25.669937254270458 39.558532558299625 21.635519786345014 24.148536292824666 13.430603272681843 17.807055839409355 5.03574446018983 8.00577722691483 24.638936075018705 12.475580937513088 16.283626681125494 6.6705137187247665 10.292817204146054 26.171042784445284 3.910316070911648 12.043405114392254 7.590992589782477 -1.882919659828984 0.26656963566070635 -3.243208340302155 5.810510689384287
11.603206412825651 15.496170910270859 6.614342097071582 10.089412875109414 8.121489063605445 3.091152048546313 4.508828013393451 19.036077486835346 25.695021584730256 39.58361688875943 21.660604116804816 24.173620623284467 13.455687603141644 17.832140169869156 5.060828790649631 8.030861557374632 24.664020405478517 12.50066526797289 16.308711011585295 6.695598049184568 10.317901534605856 26.19612711490508 3.9354004013714494 12.068489444852073 7.6160769202422784 -1.8578353293691825 0.29165396612050776 -3.2181240098423536 5.835595019844089
11.663326653306612 15.52114292594748 6.639314112748185 10.114384890786035 8.146461079282048 3.1161240642229338 4.533800029070054 19.06104950251195 25.71999360040687 39.608588904436054 21.685576132481426 24.198592638961077 13.480659618818265 17.85711218554576 5.085800806326234 8.055833573051235 24.688992421155127 12.52563728364951 16.333683027261916 6.720570064861189 10.342873550282476 26.221099130581695 3.9603724170480703 12.093461460528676 7.641048935918899 -1.8328633136925616 0.31662598179712864 -3.1931519941657327 5.86056703552071
11.723446893787575 15.54600355514344 6.664174741944162 10.139245519981994 8.171321708478008 3.1409846934188934 4.558660658266032 19.085910131707926 25.744854229602836 39.63344953363201 21.71043676167739 24.22345326815704 13.505520248014225 17.88197281474172 5.1106614355222115 8.080694202247194 24.713853050351087 12.55049791284547 16.358543656457876 6.7454306940571485 10.367734179478436 26.245959759777662 3.98523304624403 12.118322089724636 7.665909565114859 -1.808002684496602 0.3414866109930883 -3.168291364969773 5.885427664716669
11.783567134268537 15.570753728504378 6.688924915305101 10.163995693342951 8.196071881838964 3.1657348667798324 4.583410831626971 19.110660305068865 25.76960440296378 39.65819970699296 21.735186935038335 24.248203441517987 13.530270421375164 17.906722988102675 5.1354116088831505 8.105444375608151 24.738603223712033 12.575248086206427 16.383293829818832 6.7701808674180874 10.392484352839375 26.270709933138605 4.009983219604969 12.143072263085593 7.690659738475798 -1.7832525111356452 0.3662367843540273 -3.143541191608834 5.910177838077608
11.843687374749498 15.59539434225984 6.713565529060563 10.188636307098395 8.220712495594427 3.1903754805352946 4.608051445382433 19.135300918824328 25.794245016719238 39.68284032074842 21.759827548793798 24.27284405527345 13.554911035130626 17.931363601858138 5.160052222638613 8.130084989363613 24.7632438374675 12.599888699961872 16.407934443574295 6.79482148117355 10.417124966594837 26.295350546894063 4.034623833360431 12.167712876841055 7.71530035223126 -1.7586118973802007 0.3908773981094895 -3.118900577853372 5.93481845183307
11.90380761523046 15.619926287882997 6.73809747468372 10.213168252721552 8.245244441217583 3.214907426158451 4.632583391005589 19.159832864447484 25.818776962342397 39.70737226637158 21.784359494416954 24.297376000896605 13.579442980753782 17.955895547481294 5.184584168261769 8.15461693498677 24.78777578309065 12.624420645585028 16.43246638919745 6.819353426796706 10.441656912217994 26.319882492517223 4.0591557789835875 12.192244822464211 7.7398322978544165 -1.7340799517570444 0.4154093437326458 -3.0943686322302155 5.959350397456227
11.963927855711422 15.644350452534663 6.762521639335386 10.237592417373218 8.269668605869231 3.2393315908101172 4.657007555657255 19.18425702909915 25.84320112699406 39.731796431023234 21.808783659068613 24.321800165548265 13.603867145405449 17.980319712132943 5.209008332913435 8.179041099638418 24.81219994774231 12.648844810236694 16.4568905538491 6.843777591448372 10.46608107686966 26.344306657168886 4.083579943635254 12.21666898711586 7.764256462506083 -1.7096557871053781 0.4398335083843121 -3.069944467578549 5.983774562107893
12.024048096192384 15.66866772774615 6.7868389145468555 10.261909692584705 8.293985881080719 3.2636488660216045 4.681324830868725 19.20857430431062 25.86751840220554 39.75611370623472 21.8331009342801 24.346117440759752 13.628184420616936 18.00463698734443 5.233325608124923 8.203358374849905 24.8365172229538 12.673162085448181 16.481207829060587 6.86809486665986 10.490398352081147 26.368623932380366 4.107897218846741 12.240986262327347 7.78857373771757 -1.6853385118938908 0.4641507835957994 -3.045627192367062 6.00809183731938
12.084168336673347 15.692878972077242 6.811050158877965 10.286120936915797 8.31819712541181 3.287860110352696 4.705536075199834 19.23278554864173 25.89172964653664 39.78032495056581 21.857312178611192 24.370328685090843 13.652395664948028 18.02884823167552 5.257536852456014 8.227569619180997 24.86072846728489 12.697373329779273 16.50541907339168 6.892306110990951 10.514609596412239 26.392835176711465 4.132108463177833 12.265197506658438 7.812784982048662 -1.6611272675627993 0.488362027926891 -3.0214159480359704 6.032303081650472
12.144288577154308 15.716985037345772 6.835156224146495 10.310227002184345 8.342303190680358 3.311966175621226 4.729642140468364 19.25689161391026 25.915835711805173 39.80443101583435 21.88141824387973 24.39443475035938 13.676501730216557 18.05295429694407 5.281642917724544 8.251675684449545 24.884834532553427 12.72147939504782 16.529525138660226 6.916412176259481 10.538715661680769 26.41694124198 4.1562145284463625 12.289303571926986 7.8368910473171915 -1.6370212022942516 0.5124680931954386 -2.9973098827674405 6.056409146919002
12.20440881763527 15.740986771987249 6.859157958787954 10.334228736825803 8.366304925321817 3.3359679102627027 4.753643875109823 19.280893348551736 25.939837446446646 39.82843275047582 21.9054199785212 24.41843648500085 13.700503464858034 18.076956031585528 5.305644652366021 8.275677419091004 24.908836267194896 12.74548112968928 16.553526873301685 6.940413910900958 10.562717396322245 26.44094297662147 4.180216263087839 12.313305306568445 7.860892781958668 -1.6130194676527927 0.5364698278368976 -2.973308148125964 6.0804108815604785
12.264529058116231 15.764885026512392 6.883056213313115 10.358126991350947 8.39020317984696 3.359866164787846 4.777542129634984 19.30479160307688 25.96373570097179 39.85233100500096 21.92931823304634 24.442334739525993 13.724401719383177 18.10085428611067 5.329542906891164 8.299575673616147 24.93273452172004 12.769379384214423 16.577425127826828 6.964312165426101 10.586615650847389 26.464841231146615 4.204114517612982 12.337203561093588 7.884791036483811 -1.5891212131276495 0.5603680823620407 -2.9494098936008206 6.104309136085622
12.324649298597194 15.788680627364933 6.906851814165655 10.381922592203487 8.413998780699501 3.3836617656403867 4.801337730487525 19.32858720392942 25.987531301824333 39.87612660585351 21.95311383389889 24.46613034037854 13.748197320235718 18.12464988696323 5.353338507743705 8.323371274468705 24.95653012257258 12.793174985066964 16.60122072867937 6.988107766278642 10.61041125169993 26.48863683199916 4.227910118465523 12.360999161946129 7.908586637336352 -1.5653256122751087 0.5841636832145816 -2.9256142927482798 6.1281047369381625
12.384769539078157 15.81237438842134 6.930545575222062 10.405616353259912 8.437692541755926 3.4073555266968114 4.825031491543932 19.352280964985827 26.011225062880747 39.89982036690992 21.976807594955297 24.489824101434948 13.771891081292125 18.148343648019637 5.377032268800112 8.347065035525112 24.980223883628994 12.816868746123388 16.624914489735794 7.011801527335049 10.634105012756336 26.512330593055573 4.25160387952193 12.384692923002554 7.932280398392759 -1.541631851218684 0.6078574442710063 -2.901920531691873 6.1517984979945695
