web/models/kne/58/mosfit_kn_0.095333_0.3903_10.0000.dat
# %ECSV 1.0
# ---
# datatype:
# - {name: time, datatype: float64}
# - {name: PS1_g, datatype: float64}
# - {name: PS1_i, datatype: float64}
# - {name: PS1_r, datatype: float64}
# - {name: PS1_w, datatype: float64}
# - {name: PS1_y, datatype: float64}
# - {name: PS1_z, datatype: float64}
# - {name: swift_uvot_B, datatype: float64}
# - {name: swift_uvot_U, datatype: float64}
# - {name: swift_uvot_uvm2, datatype: float64}
# - {name: swift_uvot_uvw1, datatype: float64}
# - {name: swift_uvot_uvw2, datatype: float64}
# - {name: swift_uvot_V, datatype: float64}
# - {name: johnson_B, datatype: float64}
# - {name: johnson_I, datatype: float64}
# - {name: johnson_R, datatype: float64}
# - {name: johnson_U, datatype: float64}
# - {name: johnson_V, datatype: float64}
# - {name: sdss_g, datatype: float64}
# - {name: sdss_i, datatype: float64}
# - {name: sdss_r, datatype: float64}
# - {name: sdss_u, datatype: float64}
# - {name: sdss_z, datatype: float64}
# - {name: ATLAS_c, datatype: float64}
# - {name: ATLAS_o, datatype: float64}
# - {name: ukirt_H, datatype: float64}
# - {name: ukirt_J, datatype: float64}
# - {name: ukirt_K, datatype: float64}
# - {name: Clear, datatype: float64}
# meta: !!omap
# - comment: [kappa = 10.0, type = rprocess, mass = 0.09533330950298248, velocity = 0.3903333333333333, theta_obs = 0.0, tfloor = 1000.0]
# schema: astropy-2.0
time PS1_g PS1_i PS1_r PS1_w PS1_y PS1_z swift_uvot_B swift_uvot_U swift_uvot_uvm2 swift_uvot_uvw1 swift_uvot_uvw2 swift_uvot_V johnson_B johnson_I johnson_R johnson_U johnson_V sdss_g sdss_i sdss_r sdss_u sdss_z ATLAS_c ATLAS_o ukirt_H ukirt_J ukirt_K Clear
[from data line 347]
20.92184368737475 6.917982646021894 -1.9638461671773833 1.5112246108604666 -0.45669920064352 -5.487036215702652 -4.069360250855514 10.457889222586381 17.1168333204813 31.00542862451047 13.082415852555851 15.595432359035502 4.877499338892679 9.253951905620191 -3.517359473599334 -0.5473267068743339 16.08583214122956 3.9224770037239436 7.730522747336348 -1.882590215064397 1.7397132703568907 17.617938850656127 -4.642787862877515 3.490301180603108 -0.9621113440066864 -10.43602359361813 -8.286534298128439 -11.796312274091319 -2.742593244404876
20.98196392785571 6.931242486943017 -1.9505863262562784 1.5244844517815714 -0.4434393597224151 -5.473776374781529 -4.056100409934409 10.471149063507504 17.130093161402407 31.018688465431584 13.095675693476974 15.608692199956625 4.890759179813801 9.267211746541296 -3.5040996326782112 -0.534066865953229 16.099091982150664 3.9357368446450485 7.743782588257453 -1.8693303741432743 1.7529731112780134 17.631198691577232 -4.629528021956393 3.503561021524213 -0.9488515030855638 -10.422763752697024 -8.273274457207334 -11.783052433170196 -2.7293334034837535
21.04208416833667 6.944469340565469 -1.9373594726338261 1.5377113054040237 -0.43021250609996287 -5.460549521159077 -4.042873556311957 10.484375917129938 17.14332001502486 31.03191531905404 13.108902547099426 15.62191905357906 4.9039860334362535 9.280438600163748 -3.4908727790557768 -0.5208400123307768 16.112318835773117 3.9489636982675007 7.757009441879905 -1.856103520520822 1.7661999649004656 17.644425545199685 -4.6163011683339406 3.5167878751466652 -0.9356246494631115 -10.409536899074572 -8.260047603584882 -11.769825579547744 -2.7161065498613013
21.102204408817634 6.957659679844266 -1.9241691333550115 1.5509016446828383 -0.41702216682114823 -5.44735918188028 -4.029683217033142 10.497566256408753 17.156510354303673 31.04510565833284 13.122092886378223 15.635109392857874 4.91717637271505 9.293628939442563 -3.477682439776962 -0.5076496730519622 16.125509175051914 3.9621540375463153 7.77019978115872 -1.8429131812420252 1.7793903041792625 17.6576158844785 -4.603110829055144 3.52997821442548 -0.9224343101843147 -10.396346559795758 -8.246857264306085 -11.756635240268947 -2.7029162105825044
21.162324649298597 6.970816916763667 -1.9110118964356104 1.5640588816022394 -0.40386492990174716 -5.434201944960879 -4.016525980113741 10.510723493328154 17.169667591223075 31.058262895252245 13.135250123297624 15.648266629777275 4.930333609634451 9.306786176361964 -3.464525202857561 -0.4944924361325611 16.138666411971315 3.9753112744657164 7.783357018078121 -1.8297559443226241 1.7925475410986635 17.6707731213979 -4.589953592135743 3.543135451344881 -0.9092770732649136 -10.383189322876357 -8.233700027386666 -11.743478003349546 -2.6897589736631033
21.22244488977956 6.983937215559646 -1.8978915976396493 1.5771791803982005 -0.39074463110578606 -5.4210816461649 -4.00340568131778 10.523843792124115 17.182787890019036 31.071383194048213 13.148370422093603 15.661386928573254 4.94345390843043 9.319906475157925 -3.451404904061582 -0.4813721373366 16.151786710767293 3.9884315732616775 7.796477316874082 -1.8166356455266452 1.8056678398946424 17.68389342019386 -4.576833293339764 3.556255750140842 -0.8961567744689347 -10.370069024080395 -8.220579728590705 -11.730357704553567 -2.6766386748671245
21.28256513026052 6.997023578271531 -1.8848052349277644 1.5902655431100854 -0.37765826839390115 -5.407995283453015 -3.990319318605895 10.536930154836 17.19587425273092 31.0844695567601 13.161456784805488 15.674473291285139 4.956540271142315 9.33299283786981 -3.4383185413496973 -0.4682857746247151 16.16487307347918 4.001517935973562 7.809563679585967 -1.8035492828147603 1.8187542026065273 17.696979782905746 -4.563746930627879 3.569342112852727 -0.8830704117570498 -10.35698266136851 -8.20749336587882 -11.717271341841682 -2.6635523121552396
21.34268537074148 7.010071014121397 -1.87175779907788 1.603312978959952 -0.3646108325440167 -5.394947847603149 -3.9772718827560105 10.549977590685884 17.208921688580805 31.09751699260997 13.174504220655354 15.687520727135006 4.969587706992182 9.346040273719694 -3.4252711054998306 -0.45523833877483066 16.177920509329045 4.014565371823429 7.822611115435851 -1.7905018469648937 1.831801638456394 17.71002721875563 -4.550699494778012 3.5823895487026114 -0.8700229759071831 -10.343935225518644 -8.194445930028953 -11.704223905991816 -2.650504876305373
21.402805611222444 7.023083025408123 -1.858745787791154 1.616324990246678 -0.3515988212572907 -5.381935836316423 -3.9642598714692845 10.56298960197261 17.22193369986753 31.11052900389669 13.18751623194208 15.700532738421732 4.982599718278908 9.35905228500642 -3.4122590942131046 -0.44222632748810464 16.19093252061577 4.027577383110155 7.83562312672256 -1.7774898356781677 1.84481364974312 17.72303923004234 -4.537687483491286 3.5954015599893197 -0.8570109646204571 -10.330923214231918 -8.181433918742227 -11.69121189470509 -2.637492865018647
21.462925851703407 7.036054973901056 -1.8457738392982215 1.6292969387396106 -0.3386268727643582 -5.36896388782349 -3.951287922976352 10.575961550465543 17.234905648360463 31.12350095238963 13.200488180435013 15.713504686914664 4.99557166677184 9.372024233499353 -3.399287145720172 -0.42925437899517216 16.203904469108704 4.040549331603088 7.84859507521551 -1.7645178871852352 1.8577855982360525 17.73601117853529 -4.524715534998354 3.60837350848227 -0.8440390161275246 -10.317951265738985 -8.168461970249295 -11.678239946212157 -2.6245209165257144
21.52304609218437 7.048991428324172 -1.8328373848751234 1.6422333931627264 -0.3256904183412601 -5.356027433400374 -3.938351468553254 10.588898004888659 17.24784210278356 31.136437406812735 13.213424634858129 15.72644114133778 5.008508121194956 9.384960687922451 -3.3863506912970562 -0.41631792457207406 16.21684092353182 4.0534857860262035 7.861531529638608 -1.7515814327621193 1.8707220526591684 17.748947632958387 -4.511779080575238 3.621309962905368 -0.8311025617044088 -10.30501481131587 -8.155525515826179 -11.665303491789041 -2.6115844621025985
21.58316633266533 7.061886721989001 -1.819942091210276 1.6551286868275739 -0.3127951246764127 -5.343132139735545 -3.9254561748884065 10.601793298553488 17.26073739644841 31.149332700477576 13.226319928522958 15.73933643500261 5.021403414859786 9.397855981587298 -3.3734553976322266 -0.40342263090722663 16.22973621719665 4.066381079691051 7.874426823303455 -1.7386861390972896 1.883617346323998 17.761842926623235 -4.498883786910408 3.6342052565702154 -0.8182072680395791 -10.292119517651022 -8.142630222161332 -11.652408198124212 -2.598689168437769
21.64328657314629 7.074743564937744 -1.8070852482615507 1.667985529776299 -0.29993828172768744 -5.330275296786802 -3.9125993319396812 10.614650141502214 17.273594239397134 31.162189543426305 13.239176771471683 15.752193277951335 5.034260257808529 9.410712824536024 -3.3605985546835013 -0.3905657879585014 16.242593060145392 4.079237922639776 7.887283666252181 -1.7258292961485466 1.8964741892727233 17.77469976957196 -4.486026943961665 3.6470620995189407 -0.8053504250908361 -10.279262674702297 -8.129773379212606 -11.639551355175469 -2.585832325489026
21.703406813627254 7.087558519929722 -1.794270293269573 1.6808004847682767 -0.28712332673570984 -5.317460341794824 -3.8997843769477036 10.627465096494191 17.286409194389112 31.175004498418293 13.251991726463679 15.765008232943313 5.0470752128005065 9.423527779528001 -3.3477835996915237 -0.3777508329665238 16.25540801513737 4.092052877631754 7.900098621244158 -1.713014341156569 1.9092891442647186 17.787514724563938 -4.4732119889696875 3.6598770545109183 -0.7925354700988585 -10.26644771971032 -8.116958424220629 -11.626736400183491 -2.5730173704970483
21.763527054108216 7.100333697187917 -1.7814951160113601 1.6935756620264897 -0.27434814947749686 -5.304685164536611 -3.8870091996894907 10.640240273752404 17.299184371647325 31.18777967567649 13.264766903721874 15.777783410201526 5.0598503900587195 9.436302956786214 -3.3350084224333107 -0.3649756557083108 16.268183192395583 4.104828054889967 7.912873798502371 -1.7002391638983738 1.9220643215229138 17.80028990182215 -4.460436811711492 3.6726522317691312 -0.7797602928406633 -10.253672542452106 -8.104183246962416 -11.613961222925296 -2.560242193238853
21.82364729458918 7.113067306291896 -1.7687615069073814 1.7063092711304506 -0.26161454037353593 -5.29195155543265 -3.874275590585512 10.652973882856383 17.311917980751286 31.20051328478046 13.277500512825853 15.790517019305504 5.07258399916268 9.449036565890193 -3.322274813329332 -0.3522420466043499 16.280916801499544 4.117561663993928 7.925607407606332 -1.6875055547943951 1.9347979306268925 17.81302351092611 -4.447703202607514 3.685385840873092 -0.7670266837366846 -10.240938933348145 -8.091449637858455 -11.601227613821317 -2.5475085841348744
21.883767535070138 7.125760817572875 -1.7560679956264025 1.7190027824114296 -0.24892102909255698 -5.279258044151671 -3.861582079304533 10.665667394137362 17.324611492032265 31.213206796061446 13.290194024106832 15.803210530586483 5.085277510443659 9.461730077171172 -3.309581302048353 -0.33954853532335316 16.293610312780523 4.130255175274907 7.938300918887311 -1.6748120435134162 1.9474914419078715 17.82571702220709 -4.435009691326535 3.698079352154071 -0.7543331724557056 -10.228245422067166 -8.078756126577476 -11.588534102540338 -2.5348150728538954
21.9438877755511 7.138410884600788 -1.7434179285984897 1.7316528494393602 -0.2362709620646264 -5.266607977123741 -3.84893201227662 10.678317461165275 17.337261559060195 31.225856863089366 13.302844091134745 15.815860597614396 5.09792757747159 9.474380144199085 -3.2969312350204403 -0.32689846829544034 16.306260379808453 4.142905242302837 7.950950985915242 -1.6621619764855033 1.9601415089357843 17.83836708923502 -4.422359624298622 3.7107294191820017 -0.7416831054277928 -10.215595355039236 -8.066106059549545 -11.575884035512425 -2.522165005825965
22.004008016032063 7.151018295537579 -1.7308105176616984 1.7442602603761515 -0.2236635511278351 -5.254000566186949 -3.836324601339829 10.690924872102066 17.349868969996987 31.238464274026153 13.315451502071536 15.828468008551187 5.110534988408381 9.486987555135876 -3.284323824083649 -0.31429105735864904 16.318867790745244 4.1555126532396285 7.963558396852033 -1.649554565548712 1.9727489198725756 17.850974500171812 -4.4097522133618305 3.723336830118793 -0.7290756944910015 -10.202987944102444 -8.053498648612754 -11.563276624575634 -2.5095575948891735
22.064128256513026 7.163581773186678 -1.7182470400125993 1.7568237380252505 -0.21110007347873605 -5.24143708853785 -3.82376112369073 10.703488349751165 17.362432447646086 31.251027751675256 13.328014979720635 15.841031486200286 5.12309846605748 9.499551032784975 -3.27176034643455 -0.30172757970955 16.331431268394343 4.1680761308887275 7.976121874501132 -1.636991087899613 1.9853123975216747 17.86353797782091 -4.397188735712714 3.735900307767892 -0.7165122168419025 -10.190424466453345 -8.040935170963655 -11.550713146926535 -2.4969941172400745
22.12424849699399 7.176101664948362 -1.705727148250915 1.769343629786917 -0.19858018171705183 -5.228917196776184 -3.8112412319290456 10.71600824151285 17.37495233940777 31.26354764343694 13.340534871482319 15.85355137796197 5.135618357819147 9.51207092454666 -3.2592404546728657 -0.2892076879478658 16.34395116015601 4.180596022650394 7.988641766262816 -1.6244711961379288 1.9978322892833589 17.876057869582596 -4.384668843951047 3.7484201995295763 -0.7039923250802183 -10.177904574691679 -8.028415279201988 -11.53819325516485 -2.484474225478408
22.184368737474948 7.188577718492244 -1.6932510947070512 1.7818196833307987 -0.1861041281731879 -5.216441143232302 -3.7987651783851817 10.728484295056713 17.387428392951634 31.276023696980804 13.353010925026183 15.866027431505834 5.1480944113630285 9.524546978090523 -3.2467644011290018 -0.27673163440400184 16.35642721369989 4.193072076194276 8.00111781980668 -1.611995142594047 2.010308342827223 17.88853392312646 -4.372192790407166 3.76089625307344 -0.6915162715363365 -10.165428521147797 -8.015939225658107 -11.525717201620969 -2.4719981719345263
22.24448897795591 7.2010100690235745 -1.6808187441757028 1.794252033862147 -0.1736717776418395 -5.204008792700954 -3.7863328278538333 10.740916645588062 17.399860743482982 31.288456047512152 13.365443275557531 15.878459782037183 5.160526761894377 9.536979328621872 -3.2343320505976534 -0.26429928387265345 16.36885956423124 4.205504426725624 8.013550170338029 -1.5995627920627165 2.022740693358571 17.900966273657808 -4.359760439875835 3.7733286036047886 -0.6790839210050059 -10.152996170616449 -8.003506875126758 -11.513284851089638 -2.459565821403178
22.304609218436873 7.213397217221846 -1.668431595977431 1.806639182060401 -0.1612846294435677 -5.1916216445027 -3.7739456796555615 10.753303793786333 17.412247891681254 31.300843195710417 13.377830423755803 15.890846930235455 5.172913910092631 9.549366476820143 -3.2219449023993816 -0.25191213567438164 16.381246712429494 4.217891574923878 8.0259373185363 -1.5871756438644447 2.035127841556843 17.91335342185608 -4.347373291677563 3.7857157518030604 -0.6666967728067341 -10.140609022418195 -7.991119726928504 -11.500897702891367 -2.447178673204924
22.364729458917836 7.225738295632791 -1.6560905175665042 1.8189802604713456 -0.1489435510326409 -5.179280566091755 -3.7616046012446347 10.76564487219726 17.42458897009218 31.31318427412135 13.39017150216673 15.903188008646381 5.1852549885035755 9.56170755523107 -3.209603823988455 -0.23957105726345485 16.39358779084044 4.230232653334823 8.038278396947227 -1.5748345654535 2.04746891996777 17.925694500267007 -4.335032213266619 3.798056830213987 -0.6543556943957896 -10.12826794400725 -7.97877864851756 -11.488556624480422 -2.4348375947939793
22.4248496993988 7.238033675574371 -1.643795137624906 1.8312756404129438 -0.13664817109104277 -5.166985186150157 -3.7493092213030366 10.777940252138858 17.43688435003378 31.32547965406295 13.402466882108328 15.91548338858798 5.197550368445174 9.574002935172668 -3.1973084440468567 -0.22727567732185672 16.405883170782037 4.242528033276421 8.050573776888825 -1.562539185511902 2.059764299909368 17.937989880208605 -4.3227368333250205 3.8103522101555853 -0.6420603144542092 -10.115972564065652 -7.966483268575962 -11.476261244538824 -2.422542214852381
22.484969939879758 7.250281924229345 -1.6315468889699503 1.8435238890678995 -0.124399922436087 -5.154736937495201 -3.737060972648081 10.790188500793814 17.449132598688735 31.337727902717912 13.414715130763302 15.927731637242953 5.209798617100129 9.586251183827624 -3.185060195391901 -0.21502742866690094 16.418131419436993 4.254776281931377 8.062822025543781 -1.5502909368569462 2.0720125485643415 17.95023812886356 -4.310488584670065 3.822600458810541 -0.6298120657992357 -10.103724315410696 -7.954235019921006 -11.464012995883868 -2.4102939661974254
22.54509018036072 7.262483995682363 -1.6193448175169145 1.8557259605209175 -0.11219785098305124 -5.142534866042183 -3.724858901195045 10.80239057224685 17.46133467014177 31.349929974170937 13.42691720221632 15.939933708695971 5.222000688553147 9.59845325528066 -3.172858123938865 -0.2028253572138652 16.43033349089001 4.266978353384395 8.075024096996817 -1.5380888654039282 2.0842146200173595 17.962440200316596 -4.298286513217047 3.834802530263577 -0.6176099943462177 -10.091522243957678 -7.942032948467988 -11.45181092443085 -2.3980918947444074
22.605210420841683 7.274639702486514 -1.6071891107127811 1.8678816673250687 -0.10004214417891788 -5.130379159238032 -3.7127031943909117 10.814546279050983 17.473490376945904 31.36208568097508 13.43907290902047 15.952089415500122 5.2341563953572985 9.610608962084793 -3.160702417134714 -0.19066965040973183 16.44248919769416 4.279134060188546 8.08717980380095 -1.525933158599777 2.0963703268215106 17.97459590712073 -4.286130806412896 3.8469582370677102 -0.6054542875420665 -10.079366537153527 -7.929877241663837 -11.439655217626699 -2.3859361879402563
