web/models/linear/22/-13_837_0_578.dat
# %ECSV 1.0
# ---
# datatype:
# - {name: time, datatype: float64}
# - {name: swift_uvot_uvw2, datatype: float64}
# - {name: swift_uvot_uvm2, datatype: float64}
# - {name: swift_uvot_uvw1, datatype: float64}
# - {name: swift_uvot_U, datatype: float64}
# - {name: swift_uvot_B, datatype: float64}
# - {name: swift_uvot_V, datatype: float64}
# - {name: swift_uvot_W, datatype: float64}
# - {name: johnson_U, datatype: float64}
# - {name: johnson_B, datatype: float64}
# - {name: johnson_V, datatype: float64}
# - {name: johnson_R, datatype: float64}
# - {name: johnson_I, datatype: float64}
# - {name: sdss_u, datatype: float64}
# - {name: sdss_g, datatype: float64}
# - {name: sdss_r, datatype: float64}
# - {name: sdss_i, datatype: float64}
# - {name: sdss_z, datatype: float64}
# - {name: PS1_g, datatype: float64}
# - {name: PS1_r, datatype: float64}
# - {name: PS1_i, datatype: float64}
# - {name: PS1_z, datatype: float64}
# - {name: PS1_Y, datatype: float64}
# - {name: PS1_w, datatype: float64}
# - {name: ATLAS_c, datatype: float64}
# - {name: ATLAS_o, datatype: float64}
# - {name: ukirt_J, datatype: float64}
# - {name: ukirt_H, datatype: float64}
# - {name: ukirt_K, datatype: float64}
# - {name: Clear, datatype: float64}
# meta: !!omap
# - comment: [M=-13.83673469387755, dM=0.5782109645659659]
# schema: astropy-2.0
time swift_uvot_uvw2 swift_uvot_uvm2 swift_uvot_uvw1 swift_uvot_U swift_uvot_B swift_uvot_V swift_uvot_W johnson_U johnson_B johnson_V johnson_R johnson_I sdss_u sdss_g sdss_r sdss_i sdss_z PS1_g PS1_r PS1_i PS1_z PS1_Y PS1_w ATLAS_c ATLAS_o ukirt_J ukirt_H ukirt_K Clear
0.0 -13.83673469387755 -13.83673469387755 -13.83673469387755 -13.83673469387755 -13.83673469387755 -13.83673469387755 -13.83673469387755 -13.83673469387755 -13.83673469387755 -13.83673469387755 -13.83673469387755 -13.83673469387755 -13.83673469387755 -13.83673469387755 -13.83673469387755 -13.83673469387755 -13.83673469387755 -13.83673469387755 -13.83673469387755 -13.83673469387755 -13.83673469387755 -13.83673469387755 -13.83673469387755 -13.83673469387755 -13.83673469387755 -13.83673469387755 -13.83673469387755 -13.83673469387755 -13.83673469387755
0.07537688442211055 -13.793150952829865 -13.793150952829865 -13.793150952829865 -13.793150952829865 -13.793150952829865 -13.793150952829865 -13.793150952829865 -13.793150952829865 -13.793150952829865 -13.793150952829865 -13.793150952829865 -13.793150952829865 -13.793150952829865 -13.793150952829865 -13.793150952829865 -13.793150952829865 -13.793150952829865 -13.793150952829865 -13.793150952829865 -13.793150952829865 -13.793150952829865 -13.793150952829865 -13.793150952829865 -13.793150952829865 -13.793150952829865 -13.793150952829865 -13.793150952829865 -13.793150952829865 -13.793150952829865
0.1507537688442211 -13.749567211782178 -13.749567211782178 -13.749567211782178 -13.749567211782178 -13.749567211782178 -13.749567211782178 -13.749567211782178 -13.749567211782178 -13.749567211782178 -13.749567211782178 -13.749567211782178 -13.749567211782178 -13.749567211782178 -13.749567211782178 -13.749567211782178 -13.749567211782178 -13.749567211782178 -13.749567211782178 -13.749567211782178 -13.749567211782178 -13.749567211782178 -13.749567211782178 -13.749567211782178 -13.749567211782178 -13.749567211782178 -13.749567211782178 -13.749567211782178 -13.749567211782178 -13.749567211782178
0.22613065326633164 -13.705983470734493 -13.705983470734493 -13.705983470734493 -13.705983470734493 -13.705983470734493 -13.705983470734493 -13.705983470734493 -13.705983470734493 -13.705983470734493 -13.705983470734493 -13.705983470734493 -13.705983470734493 -13.705983470734493 -13.705983470734493 -13.705983470734493 -13.705983470734493 -13.705983470734493 -13.705983470734493 -13.705983470734493 -13.705983470734493 -13.705983470734493 -13.705983470734493 -13.705983470734493 -13.705983470734493 -13.705983470734493 -13.705983470734493 -13.705983470734493 -13.705983470734493 -13.705983470734493
0.3015075376884422 -13.662399729686808 -13.662399729686808 -13.662399729686808 -13.662399729686808 -13.662399729686808 -13.662399729686808 -13.662399729686808 -13.662399729686808 -13.662399729686808 -13.662399729686808 -13.662399729686808 -13.662399729686808 -13.662399729686808 -13.662399729686808 -13.662399729686808 -13.662399729686808 -13.662399729686808 -13.662399729686808 -13.662399729686808 -13.662399729686808 -13.662399729686808 -13.662399729686808 -13.662399729686808 -13.662399729686808 -13.662399729686808 -13.662399729686808 -13.662399729686808 -13.662399729686808 -13.662399729686808
0.37688442211055273 -13.618815988639122 -13.618815988639122 -13.618815988639122 -13.618815988639122 -13.618815988639122 -13.618815988639122 -13.618815988639122 -13.618815988639122 -13.618815988639122 -13.618815988639122 -13.618815988639122 -13.618815988639122 -13.618815988639122 -13.618815988639122 -13.618815988639122 -13.618815988639122 -13.618815988639122 -13.618815988639122 -13.618815988639122 -13.618815988639122 -13.618815988639122 -13.618815988639122 -13.618815988639122 -13.618815988639122 -13.618815988639122 -13.618815988639122 -13.618815988639122 -13.618815988639122 -13.618815988639122
0.4522613065326633 -13.575232247591435 -13.575232247591435 -13.575232247591435 -13.575232247591435 -13.575232247591435 -13.575232247591435 -13.575232247591435 -13.575232247591435 -13.575232247591435 -13.575232247591435 -13.575232247591435 -13.575232247591435 -13.575232247591435 -13.575232247591435 -13.575232247591435 -13.575232247591435 -13.575232247591435 -13.575232247591435 -13.575232247591435 -13.575232247591435 -13.575232247591435 -13.575232247591435 -13.575232247591435 -13.575232247591435 -13.575232247591435 -13.575232247591435 -13.575232247591435 -13.575232247591435 -13.575232247591435
0.5276381909547738 -13.53164850654375 -13.53164850654375 -13.53164850654375 -13.53164850654375 -13.53164850654375 -13.53164850654375 -13.53164850654375 -13.53164850654375 -13.53164850654375 -13.53164850654375 -13.53164850654375 -13.53164850654375 -13.53164850654375 -13.53164850654375 -13.53164850654375 -13.53164850654375 -13.53164850654375 -13.53164850654375 -13.53164850654375 -13.53164850654375 -13.53164850654375 -13.53164850654375 -13.53164850654375 -13.53164850654375 -13.53164850654375 -13.53164850654375 -13.53164850654375 -13.53164850654375 -13.53164850654375
0.6030150753768844 -13.488064765496064 -13.488064765496064 -13.488064765496064 -13.488064765496064 -13.488064765496064 -13.488064765496064 -13.488064765496064 -13.488064765496064 -13.488064765496064 -13.488064765496064 -13.488064765496064 -13.488064765496064 -13.488064765496064 -13.488064765496064 -13.488064765496064 -13.488064765496064 -13.488064765496064 -13.488064765496064 -13.488064765496064 -13.488064765496064 -13.488064765496064 -13.488064765496064 -13.488064765496064 -13.488064765496064 -13.488064765496064 -13.488064765496064 -13.488064765496064 -13.488064765496064 -13.488064765496064
0.6783919597989949 -13.444481024448377 -13.444481024448377 -13.444481024448377 -13.444481024448377 -13.444481024448377 -13.444481024448377 -13.444481024448377 -13.444481024448377 -13.444481024448377 -13.444481024448377 -13.444481024448377 -13.444481024448377 -13.444481024448377 -13.444481024448377 -13.444481024448377 -13.444481024448377 -13.444481024448377 -13.444481024448377 -13.444481024448377 -13.444481024448377 -13.444481024448377 -13.444481024448377 -13.444481024448377 -13.444481024448377 -13.444481024448377 -13.444481024448377 -13.444481024448377 -13.444481024448377 -13.444481024448377
0.7537688442211055 -13.400897283400692 -13.400897283400692 -13.400897283400692 -13.400897283400692 -13.400897283400692 -13.400897283400692 -13.400897283400692 -13.400897283400692 -13.400897283400692 -13.400897283400692 -13.400897283400692 -13.400897283400692 -13.400897283400692 -13.400897283400692 -13.400897283400692 -13.400897283400692 -13.400897283400692 -13.400897283400692 -13.400897283400692 -13.400897283400692 -13.400897283400692 -13.400897283400692 -13.400897283400692 -13.400897283400692 -13.400897283400692 -13.400897283400692 -13.400897283400692 -13.400897283400692 -13.400897283400692
0.829145728643216 -13.357313542353006 -13.357313542353006 -13.357313542353006 -13.357313542353006 -13.357313542353006 -13.357313542353006 -13.357313542353006 -13.357313542353006 -13.357313542353006 -13.357313542353006 -13.357313542353006 -13.357313542353006 -13.357313542353006 -13.357313542353006 -13.357313542353006 -13.357313542353006 -13.357313542353006 -13.357313542353006 -13.357313542353006 -13.357313542353006 -13.357313542353006 -13.357313542353006 -13.357313542353006 -13.357313542353006 -13.357313542353006 -13.357313542353006 -13.357313542353006 -13.357313542353006 -13.357313542353006
0.9045226130653266 -13.313729801305321 -13.313729801305321 -13.313729801305321 -13.313729801305321 -13.313729801305321 -13.313729801305321 -13.313729801305321 -13.313729801305321 -13.313729801305321 -13.313729801305321 -13.313729801305321 -13.313729801305321 -13.313729801305321 -13.313729801305321 -13.313729801305321 -13.313729801305321 -13.313729801305321 -13.313729801305321 -13.313729801305321 -13.313729801305321 -13.313729801305321 -13.313729801305321 -13.313729801305321 -13.313729801305321 -13.313729801305321 -13.313729801305321 -13.313729801305321 -13.313729801305321 -13.313729801305321
0.9798994974874371 -13.270146060257634 -13.270146060257634 -13.270146060257634 -13.270146060257634 -13.270146060257634 -13.270146060257634 -13.270146060257634 -13.270146060257634 -13.270146060257634 -13.270146060257634 -13.270146060257634 -13.270146060257634 -13.270146060257634 -13.270146060257634 -13.270146060257634 -13.270146060257634 -13.270146060257634 -13.270146060257634 -13.270146060257634 -13.270146060257634 -13.270146060257634 -13.270146060257634 -13.270146060257634 -13.270146060257634 -13.270146060257634 -13.270146060257634 -13.270146060257634 -13.270146060257634 -13.270146060257634
1.0552763819095476 -13.226562319209949 -13.226562319209949 -13.226562319209949 -13.226562319209949 -13.226562319209949 -13.226562319209949 -13.226562319209949 -13.226562319209949 -13.226562319209949 -13.226562319209949 -13.226562319209949 -13.226562319209949 -13.226562319209949 -13.226562319209949 -13.226562319209949 -13.226562319209949 -13.226562319209949 -13.226562319209949 -13.226562319209949 -13.226562319209949 -13.226562319209949 -13.226562319209949 -13.226562319209949 -13.226562319209949 -13.226562319209949 -13.226562319209949 -13.226562319209949 -13.226562319209949 -13.226562319209949
1.1306532663316582 -13.182978578162263 -13.182978578162263 -13.182978578162263 -13.182978578162263 -13.182978578162263 -13.182978578162263 -13.182978578162263 -13.182978578162263 -13.182978578162263 -13.182978578162263 -13.182978578162263 -13.182978578162263 -13.182978578162263 -13.182978578162263 -13.182978578162263 -13.182978578162263 -13.182978578162263 -13.182978578162263 -13.182978578162263 -13.182978578162263 -13.182978578162263 -13.182978578162263 -13.182978578162263 -13.182978578162263 -13.182978578162263 -13.182978578162263 -13.182978578162263 -13.182978578162263 -13.182978578162263
1.2060301507537687 -13.139394837114576 -13.139394837114576 -13.139394837114576 -13.139394837114576 -13.139394837114576 -13.139394837114576 -13.139394837114576 -13.139394837114576 -13.139394837114576 -13.139394837114576 -13.139394837114576 -13.139394837114576 -13.139394837114576 -13.139394837114576 -13.139394837114576 -13.139394837114576 -13.139394837114576 -13.139394837114576 -13.139394837114576 -13.139394837114576 -13.139394837114576 -13.139394837114576 -13.139394837114576 -13.139394837114576 -13.139394837114576 -13.139394837114576 -13.139394837114576 -13.139394837114576 -13.139394837114576
1.2814070351758793 -13.09581109606689 -13.09581109606689 -13.09581109606689 -13.09581109606689 -13.09581109606689 -13.09581109606689 -13.09581109606689 -13.09581109606689 -13.09581109606689 -13.09581109606689 -13.09581109606689 -13.09581109606689 -13.09581109606689 -13.09581109606689 -13.09581109606689 -13.09581109606689 -13.09581109606689 -13.09581109606689 -13.09581109606689 -13.09581109606689 -13.09581109606689 -13.09581109606689 -13.09581109606689 -13.09581109606689 -13.09581109606689 -13.09581109606689 -13.09581109606689 -13.09581109606689 -13.09581109606689
1.3567839195979898 -13.052227355019205 -13.052227355019205 -13.052227355019205 -13.052227355019205 -13.052227355019205 -13.052227355019205 -13.052227355019205 -13.052227355019205 -13.052227355019205 -13.052227355019205 -13.052227355019205 -13.052227355019205 -13.052227355019205 -13.052227355019205 -13.052227355019205 -13.052227355019205 -13.052227355019205 -13.052227355019205 -13.052227355019205 -13.052227355019205 -13.052227355019205 -13.052227355019205 -13.052227355019205 -13.052227355019205 -13.052227355019205 -13.052227355019205 -13.052227355019205 -13.052227355019205 -13.052227355019205
1.4321608040201004 -13.00864361397152 -13.00864361397152 -13.00864361397152 -13.00864361397152 -13.00864361397152 -13.00864361397152 -13.00864361397152 -13.00864361397152 -13.00864361397152 -13.00864361397152 -13.00864361397152 -13.00864361397152 -13.00864361397152 -13.00864361397152 -13.00864361397152 -13.00864361397152 -13.00864361397152 -13.00864361397152 -13.00864361397152 -13.00864361397152 -13.00864361397152 -13.00864361397152 -13.00864361397152 -13.00864361397152 -13.00864361397152 -13.00864361397152 -13.00864361397152 -13.00864361397152 -13.00864361397152
1.507537688442211 -12.965059872923833 -12.965059872923833 -12.965059872923833 -12.965059872923833 -12.965059872923833 -12.965059872923833 -12.965059872923833 -12.965059872923833 -12.965059872923833 -12.965059872923833 -12.965059872923833 -12.965059872923833 -12.965059872923833 -12.965059872923833 -12.965059872923833 -12.965059872923833 -12.965059872923833 -12.965059872923833 -12.965059872923833 -12.965059872923833 -12.965059872923833 -12.965059872923833 -12.965059872923833 -12.965059872923833 -12.965059872923833 -12.965059872923833 -12.965059872923833 -12.965059872923833 -12.965059872923833
1.5829145728643215 -12.921476131876148 -12.921476131876148 -12.921476131876148 -12.921476131876148 -12.921476131876148 -12.921476131876148 -12.921476131876148 -12.921476131876148 -12.921476131876148 -12.921476131876148 -12.921476131876148 -12.921476131876148 -12.921476131876148 -12.921476131876148 -12.921476131876148 -12.921476131876148 -12.921476131876148 -12.921476131876148 -12.921476131876148 -12.921476131876148 -12.921476131876148 -12.921476131876148 -12.921476131876148 -12.921476131876148 -12.921476131876148 -12.921476131876148 -12.921476131876148 -12.921476131876148 -12.921476131876148
1.658291457286432 -12.877892390828462 -12.877892390828462 -12.877892390828462 -12.877892390828462 -12.877892390828462 -12.877892390828462 -12.877892390828462 -12.877892390828462 -12.877892390828462 -12.877892390828462 -12.877892390828462 -12.877892390828462 -12.877892390828462 -12.877892390828462 -12.877892390828462 -12.877892390828462 -12.877892390828462 -12.877892390828462 -12.877892390828462 -12.877892390828462 -12.877892390828462 -12.877892390828462 -12.877892390828462 -12.877892390828462 -12.877892390828462 -12.877892390828462 -12.877892390828462 -12.877892390828462 -12.877892390828462
1.7336683417085426 -12.834308649780777 -12.834308649780777 -12.834308649780777 -12.834308649780777 -12.834308649780777 -12.834308649780777 -12.834308649780777 -12.834308649780777 -12.834308649780777 -12.834308649780777 -12.834308649780777 -12.834308649780777 -12.834308649780777 -12.834308649780777 -12.834308649780777 -12.834308649780777 -12.834308649780777 -12.834308649780777 -12.834308649780777 -12.834308649780777 -12.834308649780777 -12.834308649780777 -12.834308649780777 -12.834308649780777 -12.834308649780777 -12.834308649780777 -12.834308649780777 -12.834308649780777 -12.834308649780777
1.809045226130653 -12.79072490873309 -12.79072490873309 -12.79072490873309 -12.79072490873309 -12.79072490873309 -12.79072490873309 -12.79072490873309 -12.79072490873309 -12.79072490873309 -12.79072490873309 -12.79072490873309 -12.79072490873309 -12.79072490873309 -12.79072490873309 -12.79072490873309 -12.79072490873309 -12.79072490873309 -12.79072490873309 -12.79072490873309 -12.79072490873309 -12.79072490873309 -12.79072490873309 -12.79072490873309 -12.79072490873309 -12.79072490873309 -12.79072490873309 -12.79072490873309 -12.79072490873309 -12.79072490873309
1.8844221105527637 -12.747141167685404 -12.747141167685404 -12.747141167685404 -12.747141167685404 -12.747141167685404 -12.747141167685404 -12.747141167685404 -12.747141167685404 -12.747141167685404 -12.747141167685404 -12.747141167685404 -12.747141167685404 -12.747141167685404 -12.747141167685404 -12.747141167685404 -12.747141167685404 -12.747141167685404 -12.747141167685404 -12.747141167685404 -12.747141167685404 -12.747141167685404 -12.747141167685404 -12.747141167685404 -12.747141167685404 -12.747141167685404 -12.747141167685404 -12.747141167685404 -12.747141167685404 -12.747141167685404
