web/models/linear/22/-13_837_1_713.dat
# %ECSV 1.0
# ---
# datatype:
# - {name: time, datatype: float64}
# - {name: swift_uvot_uvw2, datatype: float64}
# - {name: swift_uvot_uvm2, datatype: float64}
# - {name: swift_uvot_uvw1, datatype: float64}
# - {name: swift_uvot_U, datatype: float64}
# - {name: swift_uvot_B, datatype: float64}
# - {name: swift_uvot_V, datatype: float64}
# - {name: swift_uvot_W, datatype: float64}
# - {name: johnson_U, datatype: float64}
# - {name: johnson_B, datatype: float64}
# - {name: johnson_V, datatype: float64}
# - {name: johnson_R, datatype: float64}
# - {name: johnson_I, datatype: float64}
# - {name: sdss_u, datatype: float64}
# - {name: sdss_g, datatype: float64}
# - {name: sdss_r, datatype: float64}
# - {name: sdss_i, datatype: float64}
# - {name: sdss_z, datatype: float64}
# - {name: PS1_g, datatype: float64}
# - {name: PS1_r, datatype: float64}
# - {name: PS1_i, datatype: float64}
# - {name: PS1_z, datatype: float64}
# - {name: PS1_Y, datatype: float64}
# - {name: PS1_w, datatype: float64}
# - {name: ATLAS_c, datatype: float64}
# - {name: ATLAS_o, datatype: float64}
# - {name: ukirt_J, datatype: float64}
# - {name: ukirt_H, datatype: float64}
# - {name: ukirt_K, datatype: float64}
# - {name: Clear, datatype: float64}
# meta: !!omap
# - comment: [M=-13.83673469387755, dM=1.7126240426614048]
# schema: astropy-2.0
time swift_uvot_uvw2 swift_uvot_uvm2 swift_uvot_uvw1 swift_uvot_U swift_uvot_B swift_uvot_V swift_uvot_W johnson_U johnson_B johnson_V johnson_R johnson_I sdss_u sdss_g sdss_r sdss_i sdss_z PS1_g PS1_r PS1_i PS1_z PS1_Y PS1_w ATLAS_c ATLAS_o ukirt_J ukirt_H ukirt_K Clear
0.0 -13.83673469387755 -13.83673469387755 -13.83673469387755 -13.83673469387755 -13.83673469387755 -13.83673469387755 -13.83673469387755 -13.83673469387755 -13.83673469387755 -13.83673469387755 -13.83673469387755 -13.83673469387755 -13.83673469387755 -13.83673469387755 -13.83673469387755 -13.83673469387755 -13.83673469387755 -13.83673469387755 -13.83673469387755 -13.83673469387755 -13.83673469387755 -13.83673469387755 -13.83673469387755 -13.83673469387755 -13.83673469387755 -13.83673469387755 -13.83673469387755 -13.83673469387755 -13.83673469387755
0.07537688442211055 -13.707642429355335 -13.707642429355335 -13.707642429355335 -13.707642429355335 -13.707642429355335 -13.707642429355335 -13.707642429355335 -13.707642429355335 -13.707642429355335 -13.707642429355335 -13.707642429355335 -13.707642429355335 -13.707642429355335 -13.707642429355335 -13.707642429355335 -13.707642429355335 -13.707642429355335 -13.707642429355335 -13.707642429355335 -13.707642429355335 -13.707642429355335 -13.707642429355335 -13.707642429355335 -13.707642429355335 -13.707642429355335 -13.707642429355335 -13.707642429355335 -13.707642429355335 -13.707642429355335
0.1507537688442211 -13.578550164833118 -13.578550164833118 -13.578550164833118 -13.578550164833118 -13.578550164833118 -13.578550164833118 -13.578550164833118 -13.578550164833118 -13.578550164833118 -13.578550164833118 -13.578550164833118 -13.578550164833118 -13.578550164833118 -13.578550164833118 -13.578550164833118 -13.578550164833118 -13.578550164833118 -13.578550164833118 -13.578550164833118 -13.578550164833118 -13.578550164833118 -13.578550164833118 -13.578550164833118 -13.578550164833118 -13.578550164833118 -13.578550164833118 -13.578550164833118 -13.578550164833118 -13.578550164833118
0.22613065326633164 -13.449457900310902 -13.449457900310902 -13.449457900310902 -13.449457900310902 -13.449457900310902 -13.449457900310902 -13.449457900310902 -13.449457900310902 -13.449457900310902 -13.449457900310902 -13.449457900310902 -13.449457900310902 -13.449457900310902 -13.449457900310902 -13.449457900310902 -13.449457900310902 -13.449457900310902 -13.449457900310902 -13.449457900310902 -13.449457900310902 -13.449457900310902 -13.449457900310902 -13.449457900310902 -13.449457900310902 -13.449457900310902 -13.449457900310902 -13.449457900310902 -13.449457900310902 -13.449457900310902
0.3015075376884422 -13.320365635788685 -13.320365635788685 -13.320365635788685 -13.320365635788685 -13.320365635788685 -13.320365635788685 -13.320365635788685 -13.320365635788685 -13.320365635788685 -13.320365635788685 -13.320365635788685 -13.320365635788685 -13.320365635788685 -13.320365635788685 -13.320365635788685 -13.320365635788685 -13.320365635788685 -13.320365635788685 -13.320365635788685 -13.320365635788685 -13.320365635788685 -13.320365635788685 -13.320365635788685 -13.320365635788685 -13.320365635788685 -13.320365635788685 -13.320365635788685 -13.320365635788685 -13.320365635788685
0.37688442211055273 -13.191273371266469 -13.191273371266469 -13.191273371266469 -13.191273371266469 -13.191273371266469 -13.191273371266469 -13.191273371266469 -13.191273371266469 -13.191273371266469 -13.191273371266469 -13.191273371266469 -13.191273371266469 -13.191273371266469 -13.191273371266469 -13.191273371266469 -13.191273371266469 -13.191273371266469 -13.191273371266469 -13.191273371266469 -13.191273371266469 -13.191273371266469 -13.191273371266469 -13.191273371266469 -13.191273371266469 -13.191273371266469 -13.191273371266469 -13.191273371266469 -13.191273371266469 -13.191273371266469
0.4522613065326633 -13.062181106744251 -13.062181106744251 -13.062181106744251 -13.062181106744251 -13.062181106744251 -13.062181106744251 -13.062181106744251 -13.062181106744251 -13.062181106744251 -13.062181106744251 -13.062181106744251 -13.062181106744251 -13.062181106744251 -13.062181106744251 -13.062181106744251 -13.062181106744251 -13.062181106744251 -13.062181106744251 -13.062181106744251 -13.062181106744251 -13.062181106744251 -13.062181106744251 -13.062181106744251 -13.062181106744251 -13.062181106744251 -13.062181106744251 -13.062181106744251 -13.062181106744251 -13.062181106744251
0.5276381909547738 -12.933088842222036 -12.933088842222036 -12.933088842222036 -12.933088842222036 -12.933088842222036 -12.933088842222036 -12.933088842222036 -12.933088842222036 -12.933088842222036 -12.933088842222036 -12.933088842222036 -12.933088842222036 -12.933088842222036 -12.933088842222036 -12.933088842222036 -12.933088842222036 -12.933088842222036 -12.933088842222036 -12.933088842222036 -12.933088842222036 -12.933088842222036 -12.933088842222036 -12.933088842222036 -12.933088842222036 -12.933088842222036 -12.933088842222036 -12.933088842222036 -12.933088842222036 -12.933088842222036
0.6030150753768844 -12.80399657769982 -12.80399657769982 -12.80399657769982 -12.80399657769982 -12.80399657769982 -12.80399657769982 -12.80399657769982 -12.80399657769982 -12.80399657769982 -12.80399657769982 -12.80399657769982 -12.80399657769982 -12.80399657769982 -12.80399657769982 -12.80399657769982 -12.80399657769982 -12.80399657769982 -12.80399657769982 -12.80399657769982 -12.80399657769982 -12.80399657769982 -12.80399657769982 -12.80399657769982 -12.80399657769982 -12.80399657769982 -12.80399657769982 -12.80399657769982 -12.80399657769982 -12.80399657769982
0.6783919597989949 -12.674904313177603 -12.674904313177603 -12.674904313177603 -12.674904313177603 -12.674904313177603 -12.674904313177603 -12.674904313177603 -12.674904313177603 -12.674904313177603 -12.674904313177603 -12.674904313177603 -12.674904313177603 -12.674904313177603 -12.674904313177603 -12.674904313177603 -12.674904313177603 -12.674904313177603 -12.674904313177603 -12.674904313177603 -12.674904313177603 -12.674904313177603 -12.674904313177603 -12.674904313177603 -12.674904313177603 -12.674904313177603 -12.674904313177603 -12.674904313177603 -12.674904313177603 -12.674904313177603
0.7537688442211055 -12.545812048655387 -12.545812048655387 -12.545812048655387 -12.545812048655387 -12.545812048655387 -12.545812048655387 -12.545812048655387 -12.545812048655387 -12.545812048655387 -12.545812048655387 -12.545812048655387 -12.545812048655387 -12.545812048655387 -12.545812048655387 -12.545812048655387 -12.545812048655387 -12.545812048655387 -12.545812048655387 -12.545812048655387 -12.545812048655387 -12.545812048655387 -12.545812048655387 -12.545812048655387 -12.545812048655387 -12.545812048655387 -12.545812048655387 -12.545812048655387 -12.545812048655387 -12.545812048655387
0.829145728643216 -12.41671978413317 -12.41671978413317 -12.41671978413317 -12.41671978413317 -12.41671978413317 -12.41671978413317 -12.41671978413317 -12.41671978413317 -12.41671978413317 -12.41671978413317 -12.41671978413317 -12.41671978413317 -12.41671978413317 -12.41671978413317 -12.41671978413317 -12.41671978413317 -12.41671978413317 -12.41671978413317 -12.41671978413317 -12.41671978413317 -12.41671978413317 -12.41671978413317 -12.41671978413317 -12.41671978413317 -12.41671978413317 -12.41671978413317 -12.41671978413317 -12.41671978413317 -12.41671978413317
0.9045226130653266 -12.287627519610954 -12.287627519610954 -12.287627519610954 -12.287627519610954 -12.287627519610954 -12.287627519610954 -12.287627519610954 -12.287627519610954 -12.287627519610954 -12.287627519610954 -12.287627519610954 -12.287627519610954 -12.287627519610954 -12.287627519610954 -12.287627519610954 -12.287627519610954 -12.287627519610954 -12.287627519610954 -12.287627519610954 -12.287627519610954 -12.287627519610954 -12.287627519610954 -12.287627519610954 -12.287627519610954 -12.287627519610954 -12.287627519610954 -12.287627519610954 -12.287627519610954 -12.287627519610954
0.9798994974874371 -12.158535255088736 -12.158535255088736 -12.158535255088736 -12.158535255088736 -12.158535255088736 -12.158535255088736 -12.158535255088736 -12.158535255088736 -12.158535255088736 -12.158535255088736 -12.158535255088736 -12.158535255088736 -12.158535255088736 -12.158535255088736 -12.158535255088736 -12.158535255088736 -12.158535255088736 -12.158535255088736 -12.158535255088736 -12.158535255088736 -12.158535255088736 -12.158535255088736 -12.158535255088736 -12.158535255088736 -12.158535255088736 -12.158535255088736 -12.158535255088736 -12.158535255088736 -12.158535255088736
1.0552763819095476 -12.02944299056652 -12.02944299056652 -12.02944299056652 -12.02944299056652 -12.02944299056652 -12.02944299056652 -12.02944299056652 -12.02944299056652 -12.02944299056652 -12.02944299056652 -12.02944299056652 -12.02944299056652 -12.02944299056652 -12.02944299056652 -12.02944299056652 -12.02944299056652 -12.02944299056652 -12.02944299056652 -12.02944299056652 -12.02944299056652 -12.02944299056652 -12.02944299056652 -12.02944299056652 -12.02944299056652 -12.02944299056652 -12.02944299056652 -12.02944299056652 -12.02944299056652 -12.02944299056652
1.1306532663316582 -11.900350726044305 -11.900350726044305 -11.900350726044305 -11.900350726044305 -11.900350726044305 -11.900350726044305 -11.900350726044305 -11.900350726044305 -11.900350726044305 -11.900350726044305 -11.900350726044305 -11.900350726044305 -11.900350726044305 -11.900350726044305 -11.900350726044305 -11.900350726044305 -11.900350726044305 -11.900350726044305 -11.900350726044305 -11.900350726044305 -11.900350726044305 -11.900350726044305 -11.900350726044305 -11.900350726044305 -11.900350726044305 -11.900350726044305 -11.900350726044305 -11.900350726044305 -11.900350726044305
1.2060301507537687 -11.771258461522088 -11.771258461522088 -11.771258461522088 -11.771258461522088 -11.771258461522088 -11.771258461522088 -11.771258461522088 -11.771258461522088 -11.771258461522088 -11.771258461522088 -11.771258461522088 -11.771258461522088 -11.771258461522088 -11.771258461522088 -11.771258461522088 -11.771258461522088 -11.771258461522088 -11.771258461522088 -11.771258461522088 -11.771258461522088 -11.771258461522088 -11.771258461522088 -11.771258461522088 -11.771258461522088 -11.771258461522088 -11.771258461522088 -11.771258461522088 -11.771258461522088 -11.771258461522088
1.2814070351758793 -11.642166196999872 -11.642166196999872 -11.642166196999872 -11.642166196999872 -11.642166196999872 -11.642166196999872 -11.642166196999872 -11.642166196999872 -11.642166196999872 -11.642166196999872 -11.642166196999872 -11.642166196999872 -11.642166196999872 -11.642166196999872 -11.642166196999872 -11.642166196999872 -11.642166196999872 -11.642166196999872 -11.642166196999872 -11.642166196999872 -11.642166196999872 -11.642166196999872 -11.642166196999872 -11.642166196999872 -11.642166196999872 -11.642166196999872 -11.642166196999872 -11.642166196999872 -11.642166196999872
1.3567839195979898 -11.513073932477655 -11.513073932477655 -11.513073932477655 -11.513073932477655 -11.513073932477655 -11.513073932477655 -11.513073932477655 -11.513073932477655 -11.513073932477655 -11.513073932477655 -11.513073932477655 -11.513073932477655 -11.513073932477655 -11.513073932477655 -11.513073932477655 -11.513073932477655 -11.513073932477655 -11.513073932477655 -11.513073932477655 -11.513073932477655 -11.513073932477655 -11.513073932477655 -11.513073932477655 -11.513073932477655 -11.513073932477655 -11.513073932477655 -11.513073932477655 -11.513073932477655 -11.513073932477655
1.4321608040201004 -11.383981667955439 -11.383981667955439 -11.383981667955439 -11.383981667955439 -11.383981667955439 -11.383981667955439 -11.383981667955439 -11.383981667955439 -11.383981667955439 -11.383981667955439 -11.383981667955439 -11.383981667955439 -11.383981667955439 -11.383981667955439 -11.383981667955439 -11.383981667955439 -11.383981667955439 -11.383981667955439 -11.383981667955439 -11.383981667955439 -11.383981667955439 -11.383981667955439 -11.383981667955439 -11.383981667955439 -11.383981667955439 -11.383981667955439 -11.383981667955439 -11.383981667955439 -11.383981667955439
1.507537688442211 -11.254889403433221 -11.254889403433221 -11.254889403433221 -11.254889403433221 -11.254889403433221 -11.254889403433221 -11.254889403433221 -11.254889403433221 -11.254889403433221 -11.254889403433221 -11.254889403433221 -11.254889403433221 -11.254889403433221 -11.254889403433221 -11.254889403433221 -11.254889403433221 -11.254889403433221 -11.254889403433221 -11.254889403433221 -11.254889403433221 -11.254889403433221 -11.254889403433221 -11.254889403433221 -11.254889403433221 -11.254889403433221 -11.254889403433221 -11.254889403433221 -11.254889403433221 -11.254889403433221
1.5829145728643215 -11.125797138911006 -11.125797138911006 -11.125797138911006 -11.125797138911006 -11.125797138911006 -11.125797138911006 -11.125797138911006 -11.125797138911006 -11.125797138911006 -11.125797138911006 -11.125797138911006 -11.125797138911006 -11.125797138911006 -11.125797138911006 -11.125797138911006 -11.125797138911006 -11.125797138911006 -11.125797138911006 -11.125797138911006 -11.125797138911006 -11.125797138911006 -11.125797138911006 -11.125797138911006 -11.125797138911006 -11.125797138911006 -11.125797138911006 -11.125797138911006 -11.125797138911006 -11.125797138911006
1.658291457286432 -10.99670487438879 -10.99670487438879 -10.99670487438879 -10.99670487438879 -10.99670487438879 -10.99670487438879 -10.99670487438879 -10.99670487438879 -10.99670487438879 -10.99670487438879 -10.99670487438879 -10.99670487438879 -10.99670487438879 -10.99670487438879 -10.99670487438879 -10.99670487438879 -10.99670487438879 -10.99670487438879 -10.99670487438879 -10.99670487438879 -10.99670487438879 -10.99670487438879 -10.99670487438879 -10.99670487438879 -10.99670487438879 -10.99670487438879 -10.99670487438879 -10.99670487438879 -10.99670487438879
1.7336683417085426 -10.867612609866573 -10.867612609866573 -10.867612609866573 -10.867612609866573 -10.867612609866573 -10.867612609866573 -10.867612609866573 -10.867612609866573 -10.867612609866573 -10.867612609866573 -10.867612609866573 -10.867612609866573 -10.867612609866573 -10.867612609866573 -10.867612609866573 -10.867612609866573 -10.867612609866573 -10.867612609866573 -10.867612609866573 -10.867612609866573 -10.867612609866573 -10.867612609866573 -10.867612609866573 -10.867612609866573 -10.867612609866573 -10.867612609866573 -10.867612609866573 -10.867612609866573 -10.867612609866573
1.809045226130653 -10.738520345344357 -10.738520345344357 -10.738520345344357 -10.738520345344357 -10.738520345344357 -10.738520345344357 -10.738520345344357 -10.738520345344357 -10.738520345344357 -10.738520345344357 -10.738520345344357 -10.738520345344357 -10.738520345344357 -10.738520345344357 -10.738520345344357 -10.738520345344357 -10.738520345344357 -10.738520345344357 -10.738520345344357 -10.738520345344357 -10.738520345344357 -10.738520345344357 -10.738520345344357 -10.738520345344357 -10.738520345344357 -10.738520345344357 -10.738520345344357 -10.738520345344357 -10.738520345344357
1.8844221105527637 -10.60942808082214 -10.60942808082214 -10.60942808082214 -10.60942808082214 -10.60942808082214 -10.60942808082214 -10.60942808082214 -10.60942808082214 -10.60942808082214 -10.60942808082214 -10.60942808082214 -10.60942808082214 -10.60942808082214 -10.60942808082214 -10.60942808082214 -10.60942808082214 -10.60942808082214 -10.60942808082214 -10.60942808082214 -10.60942808082214 -10.60942808082214 -10.60942808082214 -10.60942808082214 -10.60942808082214 -10.60942808082214 -10.60942808082214 -10.60942808082214 -10.60942808082214 -10.60942808082214
1.9597989949748742 -10.480335816299924 -10.480335816299924 -10.480335816299924 -10.480335816299924 -10.480335816299924 -10.480335816299924 -10.480335816299924 -10.480335816299924 -10.480335816299924 -10.480335816299924 -10.480335816299924 -10.480335816299924 -10.480335816299924 -10.480335816299924 -10.480335816299924 -10.480335816299924 -10.480335816299924 -10.480335816299924 -10.480335816299924 -10.480335816299924 -10.480335816299924 -10.480335816299924 -10.480335816299924 -10.480335816299924 -10.480335816299924 -10.480335816299924 -10.480335816299924 -10.480335816299924 -10.480335816299924
