web/models/linear/22/-13_837_1_256.dat
# %ECSV 1.0
# ---
# datatype:
# - {name: time, datatype: float64}
# - {name: sdss_u, datatype: float64}
# - {name: sdss_g, datatype: float64}
# - {name: sdss_r, datatype: float64}
# - {name: sdss_i, datatype: float64}
# - {name: sdss_z, datatype: float64}
# - {name: Clear, datatype: float64}
# - {name: johnson_B, datatype: float64}
# - {name: johnson_V, datatype: float64}
# - {name: johnson_R, datatype: float64}
# - {name: johnson_I, datatype: float64}
# - {name: ukirt_J, datatype: float64}
# - {name: ukirt_H, datatype: float64}
# - {name: ukirt_K, datatype: float64}
# meta: !!omap
# - comment: [M=-13.83673469387755, dM=1.2558163076585405]
# schema: astropy-2.0
time sdss_u sdss_g sdss_r sdss_i sdss_z Clear johnson_B johnson_V johnson_R johnson_I ukirt_J ukirt_H ukirt_K
0.0 -13.83673469387755 -13.83673469387755 -13.83673469387755 -13.83673469387755 -13.83673469387755 -13.83673469387755 -13.83673469387755 -13.83673469387755 -13.83673469387755 -13.83673469387755 -13.83673469387755 -13.83673469387755 -13.83673469387755
0.07537688442211055 -13.74207517319977 -13.74207517319977 -13.74207517319977 -13.74207517319977 -13.74207517319977 -13.74207517319977 -13.74207517319977 -13.74207517319977 -13.74207517319977 -13.74207517319977 -13.74207517319977 -13.74207517319977 -13.74207517319977
0.1507537688442211 -13.647415652521993 -13.647415652521993 -13.647415652521993 -13.647415652521993 -13.647415652521993 -13.647415652521993 -13.647415652521993 -13.647415652521993 -13.647415652521993 -13.647415652521993 -13.647415652521993 -13.647415652521993 -13.647415652521993
0.22613065326633164 -13.552756131844212 -13.552756131844212 -13.552756131844212 -13.552756131844212 -13.552756131844212 -13.552756131844212 -13.552756131844212 -13.552756131844212 -13.552756131844212 -13.552756131844212 -13.552756131844212 -13.552756131844212 -13.552756131844212
0.3015075376884422 -13.458096611166432 -13.458096611166432 -13.458096611166432 -13.458096611166432 -13.458096611166432 -13.458096611166432 -13.458096611166432 -13.458096611166432 -13.458096611166432 -13.458096611166432 -13.458096611166432 -13.458096611166432 -13.458096611166432
0.37688442211055273 -13.363437090488654 -13.363437090488654 -13.363437090488654 -13.363437090488654 -13.363437090488654 -13.363437090488654 -13.363437090488654 -13.363437090488654 -13.363437090488654 -13.363437090488654 -13.363437090488654 -13.363437090488654 -13.363437090488654
0.4522613065326633 -13.268777569810874 -13.268777569810874 -13.268777569810874 -13.268777569810874 -13.268777569810874 -13.268777569810874 -13.268777569810874 -13.268777569810874 -13.268777569810874 -13.268777569810874 -13.268777569810874 -13.268777569810874 -13.268777569810874
0.5276381909547738 -13.174118049133096 -13.174118049133096 -13.174118049133096 -13.174118049133096 -13.174118049133096 -13.174118049133096 -13.174118049133096 -13.174118049133096 -13.174118049133096 -13.174118049133096 -13.174118049133096 -13.174118049133096 -13.174118049133096
0.6030150753768844 -13.079458528455316 -13.079458528455316 -13.079458528455316 -13.079458528455316 -13.079458528455316 -13.079458528455316 -13.079458528455316 -13.079458528455316 -13.079458528455316 -13.079458528455316 -13.079458528455316 -13.079458528455316 -13.079458528455316
0.6783919597989949 -12.984799007777536 -12.984799007777536 -12.984799007777536 -12.984799007777536 -12.984799007777536 -12.984799007777536 -12.984799007777536 -12.984799007777536 -12.984799007777536 -12.984799007777536 -12.984799007777536 -12.984799007777536 -12.984799007777536
0.7537688442211055 -12.890139487099757 -12.890139487099757 -12.890139487099757 -12.890139487099757 -12.890139487099757 -12.890139487099757 -12.890139487099757 -12.890139487099757 -12.890139487099757 -12.890139487099757 -12.890139487099757 -12.890139487099757 -12.890139487099757
0.829145728643216 -12.795479966421977 -12.795479966421977 -12.795479966421977 -12.795479966421977 -12.795479966421977 -12.795479966421977 -12.795479966421977 -12.795479966421977 -12.795479966421977 -12.795479966421977 -12.795479966421977 -12.795479966421977 -12.795479966421977
0.9045226130653266 -12.700820445744197 -12.700820445744197 -12.700820445744197 -12.700820445744197 -12.700820445744197 -12.700820445744197 -12.700820445744197 -12.700820445744197 -12.700820445744197 -12.700820445744197 -12.700820445744197 -12.700820445744197 -12.700820445744197
0.9798994974874371 -12.606160925066419 -12.606160925066419 -12.606160925066419 -12.606160925066419 -12.606160925066419 -12.606160925066419 -12.606160925066419 -12.606160925066419 -12.606160925066419 -12.606160925066419 -12.606160925066419 -12.606160925066419 -12.606160925066419
1.0552763819095476 -12.511501404388639 -12.511501404388639 -12.511501404388639 -12.511501404388639 -12.511501404388639 -12.511501404388639 -12.511501404388639 -12.511501404388639 -12.511501404388639 -12.511501404388639 -12.511501404388639 -12.511501404388639 -12.511501404388639
1.1306532663316582 -12.416841883710859 -12.416841883710859 -12.416841883710859 -12.416841883710859 -12.416841883710859 -12.416841883710859 -12.416841883710859 -12.416841883710859 -12.416841883710859 -12.416841883710859 -12.416841883710859 -12.416841883710859 -12.416841883710859
1.2060301507537687 -12.32218236303308 -12.32218236303308 -12.32218236303308 -12.32218236303308 -12.32218236303308 -12.32218236303308 -12.32218236303308 -12.32218236303308 -12.32218236303308 -12.32218236303308 -12.32218236303308 -12.32218236303308 -12.32218236303308
1.2814070351758793 -12.2275228423553 -12.2275228423553 -12.2275228423553 -12.2275228423553 -12.2275228423553 -12.2275228423553 -12.2275228423553 -12.2275228423553 -12.2275228423553 -12.2275228423553 -12.2275228423553 -12.2275228423553 -12.2275228423553
1.3567839195979898 -12.13286332167752 -12.13286332167752 -12.13286332167752 -12.13286332167752 -12.13286332167752 -12.13286332167752 -12.13286332167752 -12.13286332167752 -12.13286332167752 -12.13286332167752 -12.13286332167752 -12.13286332167752 -12.13286332167752
1.4321608040201004 -12.038203800999742 -12.038203800999742 -12.038203800999742 -12.038203800999742 -12.038203800999742 -12.038203800999742 -12.038203800999742 -12.038203800999742 -12.038203800999742 -12.038203800999742 -12.038203800999742 -12.038203800999742 -12.038203800999742
1.507537688442211 -11.943544280321962 -11.943544280321962 -11.943544280321962 -11.943544280321962 -11.943544280321962 -11.943544280321962 -11.943544280321962 -11.943544280321962 -11.943544280321962 -11.943544280321962 -11.943544280321962 -11.943544280321962 -11.943544280321962
1.5829145728643215 -11.848884759644182 -11.848884759644182 -11.848884759644182 -11.848884759644182 -11.848884759644182 -11.848884759644182 -11.848884759644182 -11.848884759644182 -11.848884759644182 -11.848884759644182 -11.848884759644182 -11.848884759644182 -11.848884759644182
1.658291457286432 -11.754225238966404 -11.754225238966404 -11.754225238966404 -11.754225238966404 -11.754225238966404 -11.754225238966404 -11.754225238966404 -11.754225238966404 -11.754225238966404 -11.754225238966404 -11.754225238966404 -11.754225238966404 -11.754225238966404
1.7336683417085426 -11.659565718288624 -11.659565718288624 -11.659565718288624 -11.659565718288624 -11.659565718288624 -11.659565718288624 -11.659565718288624 -11.659565718288624 -11.659565718288624 -11.659565718288624 -11.659565718288624 -11.659565718288624 -11.659565718288624
1.809045226130653 -11.564906197610846 -11.564906197610846 -11.564906197610846 -11.564906197610846 -11.564906197610846 -11.564906197610846 -11.564906197610846 -11.564906197610846 -11.564906197610846 -11.564906197610846 -11.564906197610846 -11.564906197610846 -11.564906197610846
1.8844221105527637 -11.470246676933066 -11.470246676933066 -11.470246676933066 -11.470246676933066 -11.470246676933066 -11.470246676933066 -11.470246676933066 -11.470246676933066 -11.470246676933066 -11.470246676933066 -11.470246676933066 -11.470246676933066 -11.470246676933066
1.9597989949748742 -11.375587156255285 -11.375587156255285 -11.375587156255285 -11.375587156255285 -11.375587156255285 -11.375587156255285 -11.375587156255285 -11.375587156255285 -11.375587156255285 -11.375587156255285 -11.375587156255285 -11.375587156255285 -11.375587156255285
2.0351758793969847 -11.280927635577505 -11.280927635577505 -11.280927635577505 -11.280927635577505 -11.280927635577505 -11.280927635577505 -11.280927635577505 -11.280927635577505 -11.280927635577505 -11.280927635577505 -11.280927635577505 -11.280927635577505 -11.280927635577505
2.1105527638190953 -11.186268114899727 -11.186268114899727 -11.186268114899727 -11.186268114899727 -11.186268114899727 -11.186268114899727 -11.186268114899727 -11.186268114899727 -11.186268114899727 -11.186268114899727 -11.186268114899727 -11.186268114899727 -11.186268114899727
2.185929648241206 -11.091608594221947 -11.091608594221947 -11.091608594221947 -11.091608594221947 -11.091608594221947 -11.091608594221947 -11.091608594221947 -11.091608594221947 -11.091608594221947 -11.091608594221947 -11.091608594221947 -11.091608594221947 -11.091608594221947
2.2613065326633164 -10.996949073544169 -10.996949073544169 -10.996949073544169 -10.996949073544169 -10.996949073544169 -10.996949073544169 -10.996949073544169 -10.996949073544169 -10.996949073544169 -10.996949073544169 -10.996949073544169 -10.996949073544169 -10.996949073544169
2.336683417085427 -10.902289552866389 -10.902289552866389 -10.902289552866389 -10.902289552866389 -10.902289552866389 -10.902289552866389 -10.902289552866389 -10.902289552866389 -10.902289552866389 -10.902289552866389 -10.902289552866389 -10.902289552866389 -10.902289552866389
2.4120603015075375 -10.807630032188609 -10.807630032188609 -10.807630032188609 -10.807630032188609 -10.807630032188609 -10.807630032188609 -10.807630032188609 -10.807630032188609 -10.807630032188609 -10.807630032188609 -10.807630032188609 -10.807630032188609 -10.807630032188609
2.487437185929648 -10.71297051151083 -10.71297051151083 -10.71297051151083 -10.71297051151083 -10.71297051151083 -10.71297051151083 -10.71297051151083 -10.71297051151083 -10.71297051151083 -10.71297051151083 -10.71297051151083 -10.71297051151083 -10.71297051151083
2.5628140703517586 -10.61831099083305 -10.61831099083305 -10.61831099083305 -10.61831099083305 -10.61831099083305 -10.61831099083305 -10.61831099083305 -10.61831099083305 -10.61831099083305 -10.61831099083305 -10.61831099083305 -10.61831099083305 -10.61831099083305
2.638190954773869 -10.52365147015527 -10.52365147015527 -10.52365147015527 -10.52365147015527 -10.52365147015527 -10.52365147015527 -10.52365147015527 -10.52365147015527 -10.52365147015527 -10.52365147015527 -10.52365147015527 -10.52365147015527 -10.52365147015527
2.7135678391959797 -10.428991949477492 -10.428991949477492 -10.428991949477492 -10.428991949477492 -10.428991949477492 -10.428991949477492 -10.428991949477492 -10.428991949477492 -10.428991949477492 -10.428991949477492 -10.428991949477492 -10.428991949477492 -10.428991949477492
2.78894472361809 -10.334332428799712 -10.334332428799712 -10.334332428799712 -10.334332428799712 -10.334332428799712 -10.334332428799712 -10.334332428799712 -10.334332428799712 -10.334332428799712 -10.334332428799712 -10.334332428799712 -10.334332428799712 -10.334332428799712
2.8643216080402008 -10.239672908121932 -10.239672908121932 -10.239672908121932 -10.239672908121932 -10.239672908121932 -10.239672908121932 -10.239672908121932 -10.239672908121932 -10.239672908121932 -10.239672908121932 -10.239672908121932 -10.239672908121932 -10.239672908121932
2.9396984924623113 -10.145013387444154 -10.145013387444154 -10.145013387444154 -10.145013387444154 -10.145013387444154 -10.145013387444154 -10.145013387444154 -10.145013387444154 -10.145013387444154 -10.145013387444154 -10.145013387444154 -10.145013387444154 -10.145013387444154
3.015075376884422 -10.050353866766374 -10.050353866766374 -10.050353866766374 -10.050353866766374 -10.050353866766374 -10.050353866766374 -10.050353866766374 -10.050353866766374 -10.050353866766374 -10.050353866766374 -10.050353866766374 -10.050353866766374 -10.050353866766374
3.0904522613065324 -9.955694346088595 -9.955694346088595 -9.955694346088595 -9.955694346088595 -9.955694346088595 -9.955694346088595 -9.955694346088595 -9.955694346088595 -9.955694346088595 -9.955694346088595 -9.955694346088595 -9.955694346088595 -9.955694346088595
3.165829145728643 -9.861034825410815 -9.861034825410815 -9.861034825410815 -9.861034825410815 -9.861034825410815 -9.861034825410815 -9.861034825410815 -9.861034825410815 -9.861034825410815 -9.861034825410815 -9.861034825410815 -9.861034825410815 -9.861034825410815
3.2412060301507535 -9.766375304733035 -9.766375304733035 -9.766375304733035 -9.766375304733035 -9.766375304733035 -9.766375304733035 -9.766375304733035 -9.766375304733035 -9.766375304733035 -9.766375304733035 -9.766375304733035 -9.766375304733035 -9.766375304733035
3.316582914572864 -9.671715784055255 -9.671715784055255 -9.671715784055255 -9.671715784055255 -9.671715784055255 -9.671715784055255 -9.671715784055255 -9.671715784055255 -9.671715784055255 -9.671715784055255 -9.671715784055255 -9.671715784055255 -9.671715784055255
3.3919597989949746 -9.577056263377477 -9.577056263377477 -9.577056263377477 -9.577056263377477 -9.577056263377477 -9.577056263377477 -9.577056263377477 -9.577056263377477 -9.577056263377477 -9.577056263377477 -9.577056263377477 -9.577056263377477 -9.577056263377477
3.467336683417085 -9.482396742699699 -9.482396742699699 -9.482396742699699 -9.482396742699699 -9.482396742699699 -9.482396742699699 -9.482396742699699 -9.482396742699699 -9.482396742699699 -9.482396742699699 -9.482396742699699 -9.482396742699699 -9.482396742699699
3.5427135678391957 -9.387737222021919 -9.387737222021919 -9.387737222021919 -9.387737222021919 -9.387737222021919 -9.387737222021919 -9.387737222021919 -9.387737222021919 -9.387737222021919 -9.387737222021919 -9.387737222021919 -9.387737222021919 -9.387737222021919
3.618090452261306 -9.293077701344139 -9.293077701344139 -9.293077701344139 -9.293077701344139 -9.293077701344139 -9.293077701344139 -9.293077701344139 -9.293077701344139 -9.293077701344139 -9.293077701344139 -9.293077701344139 -9.293077701344139 -9.293077701344139
3.6934673366834168 -9.198418180666359 -9.198418180666359 -9.198418180666359 -9.198418180666359 -9.198418180666359 -9.198418180666359 -9.198418180666359 -9.198418180666359 -9.198418180666359 -9.198418180666359 -9.198418180666359 -9.198418180666359 -9.198418180666359
3.7688442211055273 -9.103758659988578 -9.103758659988578 -9.103758659988578 -9.103758659988578 -9.103758659988578 -9.103758659988578 -9.103758659988578 -9.103758659988578 -9.103758659988578 -9.103758659988578 -9.103758659988578 -9.103758659988578 -9.103758659988578
3.844221105527638 -9.0090991393108 -9.0090991393108 -9.0090991393108 -9.0090991393108 -9.0090991393108 -9.0090991393108 -9.0090991393108 -9.0090991393108 -9.0090991393108 -9.0090991393108 -9.0090991393108 -9.0090991393108 -9.0090991393108
3.9195979899497484 -8.914439618633022 -8.914439618633022 -8.914439618633022 -8.914439618633022 -8.914439618633022 -8.914439618633022 -8.914439618633022 -8.914439618633022 -8.914439618633022 -8.914439618633022 -8.914439618633022 -8.914439618633022 -8.914439618633022
3.994974874371859 -8.819780097955242 -8.819780097955242 -8.819780097955242 -8.819780097955242 -8.819780097955242 -8.819780097955242 -8.819780097955242 -8.819780097955242 -8.819780097955242 -8.819780097955242 -8.819780097955242 -8.819780097955242 -8.819780097955242
4.0703517587939695 -8.725120577277462 -8.725120577277462 -8.725120577277462 -8.725120577277462 -8.725120577277462 -8.725120577277462 -8.725120577277462 -8.725120577277462 -8.725120577277462 -8.725120577277462 -8.725120577277462 -8.725120577277462 -8.725120577277462
4.14572864321608 -8.630461056599682 -8.630461056599682 -8.630461056599682 -8.630461056599682 -8.630461056599682 -8.630461056599682 -8.630461056599682 -8.630461056599682 -8.630461056599682 -8.630461056599682 -8.630461056599682 -8.630461056599682 -8.630461056599682
4.221105527638191 -8.535801535921903 -8.535801535921903 -8.535801535921903 -8.535801535921903 -8.535801535921903 -8.535801535921903 -8.535801535921903 -8.535801535921903 -8.535801535921903 -8.535801535921903 -8.535801535921903 -8.535801535921903 -8.535801535921903
4.296482412060302 -8.441142015244123 -8.441142015244123 -8.441142015244123 -8.441142015244123 -8.441142015244123 -8.441142015244123 -8.441142015244123 -8.441142015244123 -8.441142015244123 -8.441142015244123 -8.441142015244123 -8.441142015244123 -8.441142015244123
