web/models/linear/28/-14_388_0_090.dat
# %ECSV 1.0
# ---
# datatype:
# - {name: time, datatype: float64}
# - {name: swift_uvot_uvw2, datatype: float64}
# - {name: swift_uvot_uvm2, datatype: float64}
# - {name: swift_uvot_uvw1, datatype: float64}
# - {name: swift_uvot_U, datatype: float64}
# - {name: swift_uvot_B, datatype: float64}
# - {name: swift_uvot_V, datatype: float64}
# - {name: swift_uvot_W, datatype: float64}
# - {name: johnson_U, datatype: float64}
# - {name: johnson_B, datatype: float64}
# - {name: johnson_V, datatype: float64}
# - {name: johnson_R, datatype: float64}
# - {name: johnson_I, datatype: float64}
# - {name: sdss_u, datatype: float64}
# - {name: sdss_g, datatype: float64}
# - {name: sdss_r, datatype: float64}
# - {name: sdss_i, datatype: float64}
# - {name: sdss_z, datatype: float64}
# - {name: PS1_g, datatype: float64}
# - {name: PS1_r, datatype: float64}
# - {name: PS1_i, datatype: float64}
# - {name: PS1_z, datatype: float64}
# - {name: PS1_Y, datatype: float64}
# - {name: PS1_w, datatype: float64}
# - {name: ATLAS_c, datatype: float64}
# - {name: ATLAS_o, datatype: float64}
# - {name: ukirt_J, datatype: float64}
# - {name: ukirt_H, datatype: float64}
# - {name: ukirt_K, datatype: float64}
# - {name: Clear, datatype: float64}
# meta: !!omap
# - comment: [M=-14.387755102040817, dM=0.08988160392874614]
# schema: astropy-2.0
time swift_uvot_uvw2 swift_uvot_uvm2 swift_uvot_uvw1 swift_uvot_U swift_uvot_B swift_uvot_V swift_uvot_W johnson_U johnson_B johnson_V johnson_R johnson_I sdss_u sdss_g sdss_r sdss_i sdss_z PS1_g PS1_r PS1_i PS1_z PS1_Y PS1_w ATLAS_c ATLAS_o ukirt_J ukirt_H ukirt_K Clear
[from data line 82]
6.180904522613065 -13.832205489817914 -13.832205489817914 -13.832205489817914 -13.832205489817914 -13.832205489817914 -13.832205489817914 -13.832205489817914 -13.832205489817914 -13.832205489817914 -13.832205489817914 -13.832205489817914 -13.832205489817914 -13.832205489817914 -13.832205489817914 -13.832205489817914 -13.832205489817914 -13.832205489817914 -13.832205489817914 -13.832205489817914 -13.832205489817914 -13.832205489817914 -13.832205489817914 -13.832205489817914 -13.832205489817914 -13.832205489817914 -13.832205489817914 -13.832205489817914 -13.832205489817914 -13.832205489817914
6.256281407035175 -13.825430494546902 -13.825430494546902 -13.825430494546902 -13.825430494546902 -13.825430494546902 -13.825430494546902 -13.825430494546902 -13.825430494546902 -13.825430494546902 -13.825430494546902 -13.825430494546902 -13.825430494546902 -13.825430494546902 -13.825430494546902 -13.825430494546902 -13.825430494546902 -13.825430494546902 -13.825430494546902 -13.825430494546902 -13.825430494546902 -13.825430494546902 -13.825430494546902 -13.825430494546902 -13.825430494546902 -13.825430494546902 -13.825430494546902 -13.825430494546902 -13.825430494546902 -13.825430494546902
6.331658291457286 -13.818655499275891 -13.818655499275891 -13.818655499275891 -13.818655499275891 -13.818655499275891 -13.818655499275891 -13.818655499275891 -13.818655499275891 -13.818655499275891 -13.818655499275891 -13.818655499275891 -13.818655499275891 -13.818655499275891 -13.818655499275891 -13.818655499275891 -13.818655499275891 -13.818655499275891 -13.818655499275891 -13.818655499275891 -13.818655499275891 -13.818655499275891 -13.818655499275891 -13.818655499275891 -13.818655499275891 -13.818655499275891 -13.818655499275891 -13.818655499275891 -13.818655499275891 -13.818655499275891
6.407035175879397 -13.81188050400488 -13.81188050400488 -13.81188050400488 -13.81188050400488 -13.81188050400488 -13.81188050400488 -13.81188050400488 -13.81188050400488 -13.81188050400488 -13.81188050400488 -13.81188050400488 -13.81188050400488 -13.81188050400488 -13.81188050400488 -13.81188050400488 -13.81188050400488 -13.81188050400488 -13.81188050400488 -13.81188050400488 -13.81188050400488 -13.81188050400488 -13.81188050400488 -13.81188050400488 -13.81188050400488 -13.81188050400488 -13.81188050400488 -13.81188050400488 -13.81188050400488 -13.81188050400488
6.482412060301507 -13.80510550873387 -13.80510550873387 -13.80510550873387 -13.80510550873387 -13.80510550873387 -13.80510550873387 -13.80510550873387 -13.80510550873387 -13.80510550873387 -13.80510550873387 -13.80510550873387 -13.80510550873387 -13.80510550873387 -13.80510550873387 -13.80510550873387 -13.80510550873387 -13.80510550873387 -13.80510550873387 -13.80510550873387 -13.80510550873387 -13.80510550873387 -13.80510550873387 -13.80510550873387 -13.80510550873387 -13.80510550873387 -13.80510550873387 -13.80510550873387 -13.80510550873387 -13.80510550873387
6.557788944723617 -13.798330513462858 -13.798330513462858 -13.798330513462858 -13.798330513462858 -13.798330513462858 -13.798330513462858 -13.798330513462858 -13.798330513462858 -13.798330513462858 -13.798330513462858 -13.798330513462858 -13.798330513462858 -13.798330513462858 -13.798330513462858 -13.798330513462858 -13.798330513462858 -13.798330513462858 -13.798330513462858 -13.798330513462858 -13.798330513462858 -13.798330513462858 -13.798330513462858 -13.798330513462858 -13.798330513462858 -13.798330513462858 -13.798330513462858 -13.798330513462858 -13.798330513462858 -13.798330513462858
6.633165829145728 -13.791555518191847 -13.791555518191847 -13.791555518191847 -13.791555518191847 -13.791555518191847 -13.791555518191847 -13.791555518191847 -13.791555518191847 -13.791555518191847 -13.791555518191847 -13.791555518191847 -13.791555518191847 -13.791555518191847 -13.791555518191847 -13.791555518191847 -13.791555518191847 -13.791555518191847 -13.791555518191847 -13.791555518191847 -13.791555518191847 -13.791555518191847 -13.791555518191847 -13.791555518191847 -13.791555518191847 -13.791555518191847 -13.791555518191847 -13.791555518191847 -13.791555518191847 -13.791555518191847
6.708542713567839 -13.784780522920837 -13.784780522920837 -13.784780522920837 -13.784780522920837 -13.784780522920837 -13.784780522920837 -13.784780522920837 -13.784780522920837 -13.784780522920837 -13.784780522920837 -13.784780522920837 -13.784780522920837 -13.784780522920837 -13.784780522920837 -13.784780522920837 -13.784780522920837 -13.784780522920837 -13.784780522920837 -13.784780522920837 -13.784780522920837 -13.784780522920837 -13.784780522920837 -13.784780522920837 -13.784780522920837 -13.784780522920837 -13.784780522920837 -13.784780522920837 -13.784780522920837 -13.784780522920837
6.783919597989949 -13.778005527649826 -13.778005527649826 -13.778005527649826 -13.778005527649826 -13.778005527649826 -13.778005527649826 -13.778005527649826 -13.778005527649826 -13.778005527649826 -13.778005527649826 -13.778005527649826 -13.778005527649826 -13.778005527649826 -13.778005527649826 -13.778005527649826 -13.778005527649826 -13.778005527649826 -13.778005527649826 -13.778005527649826 -13.778005527649826 -13.778005527649826 -13.778005527649826 -13.778005527649826 -13.778005527649826 -13.778005527649826 -13.778005527649826 -13.778005527649826 -13.778005527649826 -13.778005527649826
6.859296482412059 -13.771230532378814 -13.771230532378814 -13.771230532378814 -13.771230532378814 -13.771230532378814 -13.771230532378814 -13.771230532378814 -13.771230532378814 -13.771230532378814 -13.771230532378814 -13.771230532378814 -13.771230532378814 -13.771230532378814 -13.771230532378814 -13.771230532378814 -13.771230532378814 -13.771230532378814 -13.771230532378814 -13.771230532378814 -13.771230532378814 -13.771230532378814 -13.771230532378814 -13.771230532378814 -13.771230532378814 -13.771230532378814 -13.771230532378814 -13.771230532378814 -13.771230532378814 -13.771230532378814
6.93467336683417 -13.764455537107803 -13.764455537107803 -13.764455537107803 -13.764455537107803 -13.764455537107803 -13.764455537107803 -13.764455537107803 -13.764455537107803 -13.764455537107803 -13.764455537107803 -13.764455537107803 -13.764455537107803 -13.764455537107803 -13.764455537107803 -13.764455537107803 -13.764455537107803 -13.764455537107803 -13.764455537107803 -13.764455537107803 -13.764455537107803 -13.764455537107803 -13.764455537107803 -13.764455537107803 -13.764455537107803 -13.764455537107803 -13.764455537107803 -13.764455537107803 -13.764455537107803 -13.764455537107803
7.010050251256281 -13.757680541836793 -13.757680541836793 -13.757680541836793 -13.757680541836793 -13.757680541836793 -13.757680541836793 -13.757680541836793 -13.757680541836793 -13.757680541836793 -13.757680541836793 -13.757680541836793 -13.757680541836793 -13.757680541836793 -13.757680541836793 -13.757680541836793 -13.757680541836793 -13.757680541836793 -13.757680541836793 -13.757680541836793 -13.757680541836793 -13.757680541836793 -13.757680541836793 -13.757680541836793 -13.757680541836793 -13.757680541836793 -13.757680541836793 -13.757680541836793 -13.757680541836793 -13.757680541836793
7.085427135678391 -13.750905546565782 -13.750905546565782 -13.750905546565782 -13.750905546565782 -13.750905546565782 -13.750905546565782 -13.750905546565782 -13.750905546565782 -13.750905546565782 -13.750905546565782 -13.750905546565782 -13.750905546565782 -13.750905546565782 -13.750905546565782 -13.750905546565782 -13.750905546565782 -13.750905546565782 -13.750905546565782 -13.750905546565782 -13.750905546565782 -13.750905546565782 -13.750905546565782 -13.750905546565782 -13.750905546565782 -13.750905546565782 -13.750905546565782 -13.750905546565782 -13.750905546565782 -13.750905546565782
7.160804020100501 -13.74413055129477 -13.74413055129477 -13.74413055129477 -13.74413055129477 -13.74413055129477 -13.74413055129477 -13.74413055129477 -13.74413055129477 -13.74413055129477 -13.74413055129477 -13.74413055129477 -13.74413055129477 -13.74413055129477 -13.74413055129477 -13.74413055129477 -13.74413055129477 -13.74413055129477 -13.74413055129477 -13.74413055129477 -13.74413055129477 -13.74413055129477 -13.74413055129477 -13.74413055129477 -13.74413055129477 -13.74413055129477 -13.74413055129477 -13.74413055129477 -13.74413055129477 -13.74413055129477
7.236180904522612 -13.73735555602376 -13.73735555602376 -13.73735555602376 -13.73735555602376 -13.73735555602376 -13.73735555602376 -13.73735555602376 -13.73735555602376 -13.73735555602376 -13.73735555602376 -13.73735555602376 -13.73735555602376 -13.73735555602376 -13.73735555602376 -13.73735555602376 -13.73735555602376 -13.73735555602376 -13.73735555602376 -13.73735555602376 -13.73735555602376 -13.73735555602376 -13.73735555602376 -13.73735555602376 -13.73735555602376 -13.73735555602376 -13.73735555602376 -13.73735555602376 -13.73735555602376 -13.73735555602376
7.311557788944723 -13.730580560752749 -13.730580560752749 -13.730580560752749 -13.730580560752749 -13.730580560752749 -13.730580560752749 -13.730580560752749 -13.730580560752749 -13.730580560752749 -13.730580560752749 -13.730580560752749 -13.730580560752749 -13.730580560752749 -13.730580560752749 -13.730580560752749 -13.730580560752749 -13.730580560752749 -13.730580560752749 -13.730580560752749 -13.730580560752749 -13.730580560752749 -13.730580560752749 -13.730580560752749 -13.730580560752749 -13.730580560752749 -13.730580560752749 -13.730580560752749 -13.730580560752749 -13.730580560752749
7.3869346733668335 -13.723805565481737 -13.723805565481737 -13.723805565481737 -13.723805565481737 -13.723805565481737 -13.723805565481737 -13.723805565481737 -13.723805565481737 -13.723805565481737 -13.723805565481737 -13.723805565481737 -13.723805565481737 -13.723805565481737 -13.723805565481737 -13.723805565481737 -13.723805565481737 -13.723805565481737 -13.723805565481737 -13.723805565481737 -13.723805565481737 -13.723805565481737 -13.723805565481737 -13.723805565481737 -13.723805565481737 -13.723805565481737 -13.723805565481737 -13.723805565481737 -13.723805565481737 -13.723805565481737
7.462311557788944 -13.717030570210726 -13.717030570210726 -13.717030570210726 -13.717030570210726 -13.717030570210726 -13.717030570210726 -13.717030570210726 -13.717030570210726 -13.717030570210726 -13.717030570210726 -13.717030570210726 -13.717030570210726 -13.717030570210726 -13.717030570210726 -13.717030570210726 -13.717030570210726 -13.717030570210726 -13.717030570210726 -13.717030570210726 -13.717030570210726 -13.717030570210726 -13.717030570210726 -13.717030570210726 -13.717030570210726 -13.717030570210726 -13.717030570210726 -13.717030570210726 -13.717030570210726 -13.717030570210726
7.537688442211055 -13.710255574939715 -13.710255574939715 -13.710255574939715 -13.710255574939715 -13.710255574939715 -13.710255574939715 -13.710255574939715 -13.710255574939715 -13.710255574939715 -13.710255574939715 -13.710255574939715 -13.710255574939715 -13.710255574939715 -13.710255574939715 -13.710255574939715 -13.710255574939715 -13.710255574939715 -13.710255574939715 -13.710255574939715 -13.710255574939715 -13.710255574939715 -13.710255574939715 -13.710255574939715 -13.710255574939715 -13.710255574939715 -13.710255574939715 -13.710255574939715 -13.710255574939715 -13.710255574939715
7.613065326633166 -13.703480579668705 -13.703480579668705 -13.703480579668705 -13.703480579668705 -13.703480579668705 -13.703480579668705 -13.703480579668705 -13.703480579668705 -13.703480579668705 -13.703480579668705 -13.703480579668705 -13.703480579668705 -13.703480579668705 -13.703480579668705 -13.703480579668705 -13.703480579668705 -13.703480579668705 -13.703480579668705 -13.703480579668705 -13.703480579668705 -13.703480579668705 -13.703480579668705 -13.703480579668705 -13.703480579668705 -13.703480579668705 -13.703480579668705 -13.703480579668705 -13.703480579668705 -13.703480579668705
7.688442211055276 -13.696705584397694 -13.696705584397694 -13.696705584397694 -13.696705584397694 -13.696705584397694 -13.696705584397694 -13.696705584397694 -13.696705584397694 -13.696705584397694 -13.696705584397694 -13.696705584397694 -13.696705584397694 -13.696705584397694 -13.696705584397694 -13.696705584397694 -13.696705584397694 -13.696705584397694 -13.696705584397694 -13.696705584397694 -13.696705584397694 -13.696705584397694 -13.696705584397694 -13.696705584397694 -13.696705584397694 -13.696705584397694 -13.696705584397694 -13.696705584397694 -13.696705584397694 -13.696705584397694
7.763819095477386 -13.689930589126682 -13.689930589126682 -13.689930589126682 -13.689930589126682 -13.689930589126682 -13.689930589126682 -13.689930589126682 -13.689930589126682 -13.689930589126682 -13.689930589126682 -13.689930589126682 -13.689930589126682 -13.689930589126682 -13.689930589126682 -13.689930589126682 -13.689930589126682 -13.689930589126682 -13.689930589126682 -13.689930589126682 -13.689930589126682 -13.689930589126682 -13.689930589126682 -13.689930589126682 -13.689930589126682 -13.689930589126682 -13.689930589126682 -13.689930589126682 -13.689930589126682 -13.689930589126682
7.839195979899497 -13.683155593855671 -13.683155593855671 -13.683155593855671 -13.683155593855671 -13.683155593855671 -13.683155593855671 -13.683155593855671 -13.683155593855671 -13.683155593855671 -13.683155593855671 -13.683155593855671 -13.683155593855671 -13.683155593855671 -13.683155593855671 -13.683155593855671 -13.683155593855671 -13.683155593855671 -13.683155593855671 -13.683155593855671 -13.683155593855671 -13.683155593855671 -13.683155593855671 -13.683155593855671 -13.683155593855671 -13.683155593855671 -13.683155593855671 -13.683155593855671 -13.683155593855671 -13.683155593855671
7.914572864321608 -13.676380598584661 -13.676380598584661 -13.676380598584661 -13.676380598584661 -13.676380598584661 -13.676380598584661 -13.676380598584661 -13.676380598584661 -13.676380598584661 -13.676380598584661 -13.676380598584661 -13.676380598584661 -13.676380598584661 -13.676380598584661 -13.676380598584661 -13.676380598584661 -13.676380598584661 -13.676380598584661 -13.676380598584661 -13.676380598584661 -13.676380598584661 -13.676380598584661 -13.676380598584661 -13.676380598584661 -13.676380598584661 -13.676380598584661 -13.676380598584661 -13.676380598584661 -13.676380598584661
7.989949748743718 -13.669605603313649 -13.669605603313649 -13.669605603313649 -13.669605603313649 -13.669605603313649 -13.669605603313649 -13.669605603313649 -13.669605603313649 -13.669605603313649 -13.669605603313649 -13.669605603313649 -13.669605603313649 -13.669605603313649 -13.669605603313649 -13.669605603313649 -13.669605603313649 -13.669605603313649 -13.669605603313649 -13.669605603313649 -13.669605603313649 -13.669605603313649 -13.669605603313649 -13.669605603313649 -13.669605603313649 -13.669605603313649 -13.669605603313649 -13.669605603313649 -13.669605603313649 -13.669605603313649
