web/models/linear/28/-14_388_1_075.dat
# %ECSV 1.0
# ---
# datatype:
# - {name: time, datatype: float64}
# - {name: swift_uvot_uvw2, datatype: float64}
# - {name: swift_uvot_uvm2, datatype: float64}
# - {name: swift_uvot_uvw1, datatype: float64}
# - {name: swift_uvot_U, datatype: float64}
# - {name: swift_uvot_B, datatype: float64}
# - {name: swift_uvot_V, datatype: float64}
# - {name: swift_uvot_W, datatype: float64}
# - {name: johnson_U, datatype: float64}
# - {name: johnson_B, datatype: float64}
# - {name: johnson_V, datatype: float64}
# - {name: johnson_R, datatype: float64}
# - {name: johnson_I, datatype: float64}
# - {name: sdss_u, datatype: float64}
# - {name: sdss_g, datatype: float64}
# - {name: sdss_r, datatype: float64}
# - {name: sdss_i, datatype: float64}
# - {name: sdss_z, datatype: float64}
# - {name: PS1_g, datatype: float64}
# - {name: PS1_r, datatype: float64}
# - {name: PS1_i, datatype: float64}
# - {name: PS1_z, datatype: float64}
# - {name: PS1_Y, datatype: float64}
# - {name: PS1_w, datatype: float64}
# - {name: ATLAS_c, datatype: float64}
# - {name: ATLAS_o, datatype: float64}
# - {name: ukirt_J, datatype: float64}
# - {name: ukirt_H, datatype: float64}
# - {name: ukirt_K, datatype: float64}
# - {name: Clear, datatype: float64}
# meta: !!omap
# - comment: [M=-14.387755102040817, dM=1.0753706008311428]
# schema: astropy-2.0
time swift_uvot_uvw2 swift_uvot_uvm2 swift_uvot_uvw1 swift_uvot_U swift_uvot_B swift_uvot_V swift_uvot_W johnson_U johnson_B johnson_V johnson_R johnson_I sdss_u sdss_g sdss_r sdss_i sdss_z PS1_g PS1_r PS1_i PS1_z PS1_Y PS1_w ATLAS_c ATLAS_o ukirt_J ukirt_H ukirt_K Clear
[from data line 27]
2.0351758793969847 -12.199186793816633 -12.199186793816633 -12.199186793816633 -12.199186793816633 -12.199186793816633 -12.199186793816633 -12.199186793816633 -12.199186793816633 -12.199186793816633 -12.199186793816633 -12.199186793816633 -12.199186793816633 -12.199186793816633 -12.199186793816633 -12.199186793816633 -12.199186793816633 -12.199186793816633 -12.199186793816633 -12.199186793816633 -12.199186793816633 -12.199186793816633 -12.199186793816633 -12.199186793816633 -12.199186793816633 -12.199186793816633 -12.199186793816633 -12.199186793816633 -12.199186793816633 -12.199186793816633
2.1105527638190953 -12.118128708326847 -12.118128708326847 -12.118128708326847 -12.118128708326847 -12.118128708326847 -12.118128708326847 -12.118128708326847 -12.118128708326847 -12.118128708326847 -12.118128708326847 -12.118128708326847 -12.118128708326847 -12.118128708326847 -12.118128708326847 -12.118128708326847 -12.118128708326847 -12.118128708326847 -12.118128708326847 -12.118128708326847 -12.118128708326847 -12.118128708326847 -12.118128708326847 -12.118128708326847 -12.118128708326847 -12.118128708326847 -12.118128708326847 -12.118128708326847 -12.118128708326847 -12.118128708326847
2.185929648241206 -12.037070622837064 -12.037070622837064 -12.037070622837064 -12.037070622837064 -12.037070622837064 -12.037070622837064 -12.037070622837064 -12.037070622837064 -12.037070622837064 -12.037070622837064 -12.037070622837064 -12.037070622837064 -12.037070622837064 -12.037070622837064 -12.037070622837064 -12.037070622837064 -12.037070622837064 -12.037070622837064 -12.037070622837064 -12.037070622837064 -12.037070622837064 -12.037070622837064 -12.037070622837064 -12.037070622837064 -12.037070622837064 -12.037070622837064 -12.037070622837064 -12.037070622837064 -12.037070622837064
2.2613065326633164 -11.956012537347277 -11.956012537347277 -11.956012537347277 -11.956012537347277 -11.956012537347277 -11.956012537347277 -11.956012537347277 -11.956012537347277 -11.956012537347277 -11.956012537347277 -11.956012537347277 -11.956012537347277 -11.956012537347277 -11.956012537347277 -11.956012537347277 -11.956012537347277 -11.956012537347277 -11.956012537347277 -11.956012537347277 -11.956012537347277 -11.956012537347277 -11.956012537347277 -11.956012537347277 -11.956012537347277 -11.956012537347277 -11.956012537347277 -11.956012537347277 -11.956012537347277 -11.956012537347277
2.336683417085427 -11.874954451857494 -11.874954451857494 -11.874954451857494 -11.874954451857494 -11.874954451857494 -11.874954451857494 -11.874954451857494 -11.874954451857494 -11.874954451857494 -11.874954451857494 -11.874954451857494 -11.874954451857494 -11.874954451857494 -11.874954451857494 -11.874954451857494 -11.874954451857494 -11.874954451857494 -11.874954451857494 -11.874954451857494 -11.874954451857494 -11.874954451857494 -11.874954451857494 -11.874954451857494 -11.874954451857494 -11.874954451857494 -11.874954451857494 -11.874954451857494 -11.874954451857494 -11.874954451857494
2.4120603015075375 -11.79389636636771 -11.79389636636771 -11.79389636636771 -11.79389636636771 -11.79389636636771 -11.79389636636771 -11.79389636636771 -11.79389636636771 -11.79389636636771 -11.79389636636771 -11.79389636636771 -11.79389636636771 -11.79389636636771 -11.79389636636771 -11.79389636636771 -11.79389636636771 -11.79389636636771 -11.79389636636771 -11.79389636636771 -11.79389636636771 -11.79389636636771 -11.79389636636771 -11.79389636636771 -11.79389636636771 -11.79389636636771 -11.79389636636771 -11.79389636636771 -11.79389636636771 -11.79389636636771
2.487437185929648 -11.712838280877925 -11.712838280877925 -11.712838280877925 -11.712838280877925 -11.712838280877925 -11.712838280877925 -11.712838280877925 -11.712838280877925 -11.712838280877925 -11.712838280877925 -11.712838280877925 -11.712838280877925 -11.712838280877925 -11.712838280877925 -11.712838280877925 -11.712838280877925 -11.712838280877925 -11.712838280877925 -11.712838280877925 -11.712838280877925 -11.712838280877925 -11.712838280877925 -11.712838280877925 -11.712838280877925 -11.712838280877925 -11.712838280877925 -11.712838280877925 -11.712838280877925 -11.712838280877925
2.5628140703517586 -11.63178019538814 -11.63178019538814 -11.63178019538814 -11.63178019538814 -11.63178019538814 -11.63178019538814 -11.63178019538814 -11.63178019538814 -11.63178019538814 -11.63178019538814 -11.63178019538814 -11.63178019538814 -11.63178019538814 -11.63178019538814 -11.63178019538814 -11.63178019538814 -11.63178019538814 -11.63178019538814 -11.63178019538814 -11.63178019538814 -11.63178019538814 -11.63178019538814 -11.63178019538814 -11.63178019538814 -11.63178019538814 -11.63178019538814 -11.63178019538814 -11.63178019538814 -11.63178019538814
2.638190954773869 -11.550722109898356 -11.550722109898356 -11.550722109898356 -11.550722109898356 -11.550722109898356 -11.550722109898356 -11.550722109898356 -11.550722109898356 -11.550722109898356 -11.550722109898356 -11.550722109898356 -11.550722109898356 -11.550722109898356 -11.550722109898356 -11.550722109898356 -11.550722109898356 -11.550722109898356 -11.550722109898356 -11.550722109898356 -11.550722109898356 -11.550722109898356 -11.550722109898356 -11.550722109898356 -11.550722109898356 -11.550722109898356 -11.550722109898356 -11.550722109898356 -11.550722109898356 -11.550722109898356
2.7135678391959797 -11.469664024408571 -11.469664024408571 -11.469664024408571 -11.469664024408571 -11.469664024408571 -11.469664024408571 -11.469664024408571 -11.469664024408571 -11.469664024408571 -11.469664024408571 -11.469664024408571 -11.469664024408571 -11.469664024408571 -11.469664024408571 -11.469664024408571 -11.469664024408571 -11.469664024408571 -11.469664024408571 -11.469664024408571 -11.469664024408571 -11.469664024408571 -11.469664024408571 -11.469664024408571 -11.469664024408571 -11.469664024408571 -11.469664024408571 -11.469664024408571 -11.469664024408571 -11.469664024408571
2.78894472361809 -11.388605938918786 -11.388605938918786 -11.388605938918786 -11.388605938918786 -11.388605938918786 -11.388605938918786 -11.388605938918786 -11.388605938918786 -11.388605938918786 -11.388605938918786 -11.388605938918786 -11.388605938918786 -11.388605938918786 -11.388605938918786 -11.388605938918786 -11.388605938918786 -11.388605938918786 -11.388605938918786 -11.388605938918786 -11.388605938918786 -11.388605938918786 -11.388605938918786 -11.388605938918786 -11.388605938918786 -11.388605938918786 -11.388605938918786 -11.388605938918786 -11.388605938918786 -11.388605938918786
2.8643216080402008 -11.307547853429002 -11.307547853429002 -11.307547853429002 -11.307547853429002 -11.307547853429002 -11.307547853429002 -11.307547853429002 -11.307547853429002 -11.307547853429002 -11.307547853429002 -11.307547853429002 -11.307547853429002 -11.307547853429002 -11.307547853429002 -11.307547853429002 -11.307547853429002 -11.307547853429002 -11.307547853429002 -11.307547853429002 -11.307547853429002 -11.307547853429002 -11.307547853429002 -11.307547853429002 -11.307547853429002 -11.307547853429002 -11.307547853429002 -11.307547853429002 -11.307547853429002 -11.307547853429002
2.9396984924623113 -11.226489767939217 -11.226489767939217 -11.226489767939217 -11.226489767939217 -11.226489767939217 -11.226489767939217 -11.226489767939217 -11.226489767939217 -11.226489767939217 -11.226489767939217 -11.226489767939217 -11.226489767939217 -11.226489767939217 -11.226489767939217 -11.226489767939217 -11.226489767939217 -11.226489767939217 -11.226489767939217 -11.226489767939217 -11.226489767939217 -11.226489767939217 -11.226489767939217 -11.226489767939217 -11.226489767939217 -11.226489767939217 -11.226489767939217 -11.226489767939217 -11.226489767939217 -11.226489767939217
3.015075376884422 -11.145431682449432 -11.145431682449432 -11.145431682449432 -11.145431682449432 -11.145431682449432 -11.145431682449432 -11.145431682449432 -11.145431682449432 -11.145431682449432 -11.145431682449432 -11.145431682449432 -11.145431682449432 -11.145431682449432 -11.145431682449432 -11.145431682449432 -11.145431682449432 -11.145431682449432 -11.145431682449432 -11.145431682449432 -11.145431682449432 -11.145431682449432 -11.145431682449432 -11.145431682449432 -11.145431682449432 -11.145431682449432 -11.145431682449432 -11.145431682449432 -11.145431682449432 -11.145431682449432
3.0904522613065324 -11.064373596959648 -11.064373596959648 -11.064373596959648 -11.064373596959648 -11.064373596959648 -11.064373596959648 -11.064373596959648 -11.064373596959648 -11.064373596959648 -11.064373596959648 -11.064373596959648 -11.064373596959648 -11.064373596959648 -11.064373596959648 -11.064373596959648 -11.064373596959648 -11.064373596959648 -11.064373596959648 -11.064373596959648 -11.064373596959648 -11.064373596959648 -11.064373596959648 -11.064373596959648 -11.064373596959648 -11.064373596959648 -11.064373596959648 -11.064373596959648 -11.064373596959648 -11.064373596959648
3.165829145728643 -10.983315511469863 -10.983315511469863 -10.983315511469863 -10.983315511469863 -10.983315511469863 -10.983315511469863 -10.983315511469863 -10.983315511469863 -10.983315511469863 -10.983315511469863 -10.983315511469863 -10.983315511469863 -10.983315511469863 -10.983315511469863 -10.983315511469863 -10.983315511469863 -10.983315511469863 -10.983315511469863 -10.983315511469863 -10.983315511469863 -10.983315511469863 -10.983315511469863 -10.983315511469863 -10.983315511469863 -10.983315511469863 -10.983315511469863 -10.983315511469863 -10.983315511469863 -10.983315511469863
3.2412060301507535 -10.902257425980078 -10.902257425980078 -10.902257425980078 -10.902257425980078 -10.902257425980078 -10.902257425980078 -10.902257425980078 -10.902257425980078 -10.902257425980078 -10.902257425980078 -10.902257425980078 -10.902257425980078 -10.902257425980078 -10.902257425980078 -10.902257425980078 -10.902257425980078 -10.902257425980078 -10.902257425980078 -10.902257425980078 -10.902257425980078 -10.902257425980078 -10.902257425980078 -10.902257425980078 -10.902257425980078 -10.902257425980078 -10.902257425980078 -10.902257425980078 -10.902257425980078 -10.902257425980078
3.316582914572864 -10.821199340490294 -10.821199340490294 -10.821199340490294 -10.821199340490294 -10.821199340490294 -10.821199340490294 -10.821199340490294 -10.821199340490294 -10.821199340490294 -10.821199340490294 -10.821199340490294 -10.821199340490294 -10.821199340490294 -10.821199340490294 -10.821199340490294 -10.821199340490294 -10.821199340490294 -10.821199340490294 -10.821199340490294 -10.821199340490294 -10.821199340490294 -10.821199340490294 -10.821199340490294 -10.821199340490294 -10.821199340490294 -10.821199340490294 -10.821199340490294 -10.821199340490294 -10.821199340490294
3.3919597989949746 -10.740141255000509 -10.740141255000509 -10.740141255000509 -10.740141255000509 -10.740141255000509 -10.740141255000509 -10.740141255000509 -10.740141255000509 -10.740141255000509 -10.740141255000509 -10.740141255000509 -10.740141255000509 -10.740141255000509 -10.740141255000509 -10.740141255000509 -10.740141255000509 -10.740141255000509 -10.740141255000509 -10.740141255000509 -10.740141255000509 -10.740141255000509 -10.740141255000509 -10.740141255000509 -10.740141255000509 -10.740141255000509 -10.740141255000509 -10.740141255000509 -10.740141255000509 -10.740141255000509
3.467336683417085 -10.659083169510724 -10.659083169510724 -10.659083169510724 -10.659083169510724 -10.659083169510724 -10.659083169510724 -10.659083169510724 -10.659083169510724 -10.659083169510724 -10.659083169510724 -10.659083169510724 -10.659083169510724 -10.659083169510724 -10.659083169510724 -10.659083169510724 -10.659083169510724 -10.659083169510724 -10.659083169510724 -10.659083169510724 -10.659083169510724 -10.659083169510724 -10.659083169510724 -10.659083169510724 -10.659083169510724 -10.659083169510724 -10.659083169510724 -10.659083169510724 -10.659083169510724 -10.659083169510724
3.5427135678391957 -10.57802508402094 -10.57802508402094 -10.57802508402094 -10.57802508402094 -10.57802508402094 -10.57802508402094 -10.57802508402094 -10.57802508402094 -10.57802508402094 -10.57802508402094 -10.57802508402094 -10.57802508402094 -10.57802508402094 -10.57802508402094 -10.57802508402094 -10.57802508402094 -10.57802508402094 -10.57802508402094 -10.57802508402094 -10.57802508402094 -10.57802508402094 -10.57802508402094 -10.57802508402094 -10.57802508402094 -10.57802508402094 -10.57802508402094 -10.57802508402094 -10.57802508402094 -10.57802508402094
3.618090452261306 -10.496966998531155 -10.496966998531155 -10.496966998531155 -10.496966998531155 -10.496966998531155 -10.496966998531155 -10.496966998531155 -10.496966998531155 -10.496966998531155 -10.496966998531155 -10.496966998531155 -10.496966998531155 -10.496966998531155 -10.496966998531155 -10.496966998531155 -10.496966998531155 -10.496966998531155 -10.496966998531155 -10.496966998531155 -10.496966998531155 -10.496966998531155 -10.496966998531155 -10.496966998531155 -10.496966998531155 -10.496966998531155 -10.496966998531155 -10.496966998531155 -10.496966998531155 -10.496966998531155
3.6934673366834168 -10.41590891304137 -10.41590891304137 -10.41590891304137 -10.41590891304137 -10.41590891304137 -10.41590891304137 -10.41590891304137 -10.41590891304137 -10.41590891304137 -10.41590891304137 -10.41590891304137 -10.41590891304137 -10.41590891304137 -10.41590891304137 -10.41590891304137 -10.41590891304137 -10.41590891304137 -10.41590891304137 -10.41590891304137 -10.41590891304137 -10.41590891304137 -10.41590891304137 -10.41590891304137 -10.41590891304137 -10.41590891304137 -10.41590891304137 -10.41590891304137 -10.41590891304137 -10.41590891304137
3.7688442211055273 -10.334850827551586 -10.334850827551586 -10.334850827551586 -10.334850827551586 -10.334850827551586 -10.334850827551586 -10.334850827551586 -10.334850827551586 -10.334850827551586 -10.334850827551586 -10.334850827551586 -10.334850827551586 -10.334850827551586 -10.334850827551586 -10.334850827551586 -10.334850827551586 -10.334850827551586 -10.334850827551586 -10.334850827551586 -10.334850827551586 -10.334850827551586 -10.334850827551586 -10.334850827551586 -10.334850827551586 -10.334850827551586 -10.334850827551586 -10.334850827551586 -10.334850827551586 -10.334850827551586
3.844221105527638 -10.253792742061801 -10.253792742061801 -10.253792742061801 -10.253792742061801 -10.253792742061801 -10.253792742061801 -10.253792742061801 -10.253792742061801 -10.253792742061801 -10.253792742061801 -10.253792742061801 -10.253792742061801 -10.253792742061801 -10.253792742061801 -10.253792742061801 -10.253792742061801 -10.253792742061801 -10.253792742061801 -10.253792742061801 -10.253792742061801 -10.253792742061801 -10.253792742061801 -10.253792742061801 -10.253792742061801 -10.253792742061801 -10.253792742061801 -10.253792742061801 -10.253792742061801 -10.253792742061801
3.9195979899497484 -10.172734656572016 -10.172734656572016 -10.172734656572016 -10.172734656572016 -10.172734656572016 -10.172734656572016 -10.172734656572016 -10.172734656572016 -10.172734656572016 -10.172734656572016 -10.172734656572016 -10.172734656572016 -10.172734656572016 -10.172734656572016 -10.172734656572016 -10.172734656572016 -10.172734656572016 -10.172734656572016 -10.172734656572016 -10.172734656572016 -10.172734656572016 -10.172734656572016 -10.172734656572016 -10.172734656572016 -10.172734656572016 -10.172734656572016 -10.172734656572016 -10.172734656572016 -10.172734656572016
