web/models/linear/28/-14_388_0_789.dat
# %ECSV 1.0
# ---
# datatype:
# - {name: time, datatype: float64}
# - {name: sdss_u, datatype: float64}
# - {name: sdss_g, datatype: float64}
# - {name: sdss_r, datatype: float64}
# - {name: sdss_i, datatype: float64}
# - {name: sdss_z, datatype: float64}
# - {name: Clear, datatype: float64}
# - {name: johnson_B, datatype: float64}
# - {name: johnson_V, datatype: float64}
# - {name: johnson_R, datatype: float64}
# - {name: johnson_I, datatype: float64}
# - {name: ukirt_J, datatype: float64}
# - {name: ukirt_H, datatype: float64}
# - {name: ukirt_K, datatype: float64}
# meta: !!omap
# - comment: [M=-14.387755102040817, dM=0.7885372992905649]
# schema: astropy-2.0
time sdss_u sdss_g sdss_r sdss_i sdss_z Clear johnson_B johnson_V johnson_R johnson_I ukirt_J ukirt_H ukirt_K
[from data line 119]
8.969849246231155 -7.314694402374193 -7.314694402374193 -7.314694402374193 -7.314694402374193 -7.314694402374193 -7.314694402374193 -7.314694402374193 -7.314694402374193 -7.314694402374193 -7.314694402374193 -7.314694402374193 -7.314694402374193 -7.314694402374193
9.045226130653266 -7.255256917503044 -7.255256917503044 -7.255256917503044 -7.255256917503044 -7.255256917503044 -7.255256917503044 -7.255256917503044 -7.255256917503044 -7.255256917503044 -7.255256917503044 -7.255256917503044 -7.255256917503044 -7.255256917503044
9.120603015075377 -7.195819432631896 -7.195819432631896 -7.195819432631896 -7.195819432631896 -7.195819432631896 -7.195819432631896 -7.195819432631896 -7.195819432631896 -7.195819432631896 -7.195819432631896 -7.195819432631896 -7.195819432631896 -7.195819432631896
9.195979899497488 -7.136381947760747 -7.136381947760747 -7.136381947760747 -7.136381947760747 -7.136381947760747 -7.136381947760747 -7.136381947760747 -7.136381947760747 -7.136381947760747 -7.136381947760747 -7.136381947760747 -7.136381947760747 -7.136381947760747
9.271356783919597 -7.0769444628896006 -7.0769444628896006 -7.0769444628896006 -7.0769444628896006 -7.0769444628896006 -7.0769444628896006 -7.0769444628896006 -7.0769444628896006 -7.0769444628896006 -7.0769444628896006 -7.0769444628896006 -7.0769444628896006 -7.0769444628896006
9.346733668341708 -7.017506978018452 -7.017506978018452 -7.017506978018452 -7.017506978018452 -7.017506978018452 -7.017506978018452 -7.017506978018452 -7.017506978018452 -7.017506978018452 -7.017506978018452 -7.017506978018452 -7.017506978018452 -7.017506978018452
9.422110552763819 -6.9580694931473035 -6.9580694931473035 -6.9580694931473035 -6.9580694931473035 -6.9580694931473035 -6.9580694931473035 -6.9580694931473035 -6.9580694931473035 -6.9580694931473035 -6.9580694931473035 -6.9580694931473035 -6.9580694931473035 -6.9580694931473035
9.497487437185928 -6.898632008276157 -6.898632008276157 -6.898632008276157 -6.898632008276157 -6.898632008276157 -6.898632008276157 -6.898632008276157 -6.898632008276157 -6.898632008276157 -6.898632008276157 -6.898632008276157 -6.898632008276157 -6.898632008276157
9.572864321608039 -6.839194523405008 -6.839194523405008 -6.839194523405008 -6.839194523405008 -6.839194523405008 -6.839194523405008 -6.839194523405008 -6.839194523405008 -6.839194523405008 -6.839194523405008 -6.839194523405008 -6.839194523405008 -6.839194523405008
9.64824120603015 -6.77975703853386 -6.77975703853386 -6.77975703853386 -6.77975703853386 -6.77975703853386 -6.77975703853386 -6.77975703853386 -6.77975703853386 -6.77975703853386 -6.77975703853386 -6.77975703853386 -6.77975703853386 -6.77975703853386
9.72361809045226 -6.720319553662711 -6.720319553662711 -6.720319553662711 -6.720319553662711 -6.720319553662711 -6.720319553662711 -6.720319553662711 -6.720319553662711 -6.720319553662711 -6.720319553662711 -6.720319553662711 -6.720319553662711 -6.720319553662711
9.798994974874372 -6.660882068791563 -6.660882068791563 -6.660882068791563 -6.660882068791563 -6.660882068791563 -6.660882068791563 -6.660882068791563 -6.660882068791563 -6.660882068791563 -6.660882068791563 -6.660882068791563 -6.660882068791563 -6.660882068791563
9.874371859296481 -6.601444583920416 -6.601444583920416 -6.601444583920416 -6.601444583920416 -6.601444583920416 -6.601444583920416 -6.601444583920416 -6.601444583920416 -6.601444583920416 -6.601444583920416 -6.601444583920416 -6.601444583920416 -6.601444583920416
9.949748743718592 -6.542007099049267 -6.542007099049267 -6.542007099049267 -6.542007099049267 -6.542007099049267 -6.542007099049267 -6.542007099049267 -6.542007099049267 -6.542007099049267 -6.542007099049267 -6.542007099049267 -6.542007099049267 -6.542007099049267
10.025125628140703 -6.482569614178119 -6.482569614178119 -6.482569614178119 -6.482569614178119 -6.482569614178119 -6.482569614178119 -6.482569614178119 -6.482569614178119 -6.482569614178119 -6.482569614178119 -6.482569614178119 -6.482569614178119 -6.482569614178119
10.100502512562812 -6.423132129306971 -6.423132129306971 -6.423132129306971 -6.423132129306971 -6.423132129306971 -6.423132129306971 -6.423132129306971 -6.423132129306971 -6.423132129306971 -6.423132129306971 -6.423132129306971 -6.423132129306971 -6.423132129306971
10.175879396984923 -6.363694644435823 -6.363694644435823 -6.363694644435823 -6.363694644435823 -6.363694644435823 -6.363694644435823 -6.363694644435823 -6.363694644435823 -6.363694644435823 -6.363694644435823 -6.363694644435823 -6.363694644435823 -6.363694644435823
10.251256281407034 -6.304257159564674 -6.304257159564674 -6.304257159564674 -6.304257159564674 -6.304257159564674 -6.304257159564674 -6.304257159564674 -6.304257159564674 -6.304257159564674 -6.304257159564674 -6.304257159564674 -6.304257159564674 -6.304257159564674
10.326633165829145 -6.244819674693526 -6.244819674693526 -6.244819674693526 -6.244819674693526 -6.244819674693526 -6.244819674693526 -6.244819674693526 -6.244819674693526 -6.244819674693526 -6.244819674693526 -6.244819674693526 -6.244819674693526 -6.244819674693526
10.402010050251256 -6.185382189822377 -6.185382189822377 -6.185382189822377 -6.185382189822377 -6.185382189822377 -6.185382189822377 -6.185382189822377 -6.185382189822377 -6.185382189822377 -6.185382189822377 -6.185382189822377 -6.185382189822377 -6.185382189822377
10.477386934673365 -6.12594470495123 -6.12594470495123 -6.12594470495123 -6.12594470495123 -6.12594470495123 -6.12594470495123 -6.12594470495123 -6.12594470495123 -6.12594470495123 -6.12594470495123 -6.12594470495123 -6.12594470495123 -6.12594470495123
10.552763819095476 -6.066507220080082 -6.066507220080082 -6.066507220080082 -6.066507220080082 -6.066507220080082 -6.066507220080082 -6.066507220080082 -6.066507220080082 -6.066507220080082 -6.066507220080082 -6.066507220080082 -6.066507220080082 -6.066507220080082
10.628140703517587 -6.007069735208933 -6.007069735208933 -6.007069735208933 -6.007069735208933 -6.007069735208933 -6.007069735208933 -6.007069735208933 -6.007069735208933 -6.007069735208933 -6.007069735208933 -6.007069735208933 -6.007069735208933 -6.007069735208933
10.703517587939697 -5.9476322503377865 -5.9476322503377865 -5.9476322503377865 -5.9476322503377865 -5.9476322503377865 -5.9476322503377865 -5.9476322503377865 -5.9476322503377865 -5.9476322503377865 -5.9476322503377865 -5.9476322503377865 -5.9476322503377865 -5.9476322503377865
10.778894472361808 -5.888194765466638 -5.888194765466638 -5.888194765466638 -5.888194765466638 -5.888194765466638 -5.888194765466638 -5.888194765466638 -5.888194765466638 -5.888194765466638 -5.888194765466638 -5.888194765466638 -5.888194765466638 -5.888194765466638
10.854271356783919 -5.8287572805954895 -5.8287572805954895 -5.8287572805954895 -5.8287572805954895 -5.8287572805954895 -5.8287572805954895 -5.8287572805954895 -5.8287572805954895 -5.8287572805954895 -5.8287572805954895 -5.8287572805954895 -5.8287572805954895 -5.8287572805954895
10.92964824120603 -5.769319795724341 -5.769319795724341 -5.769319795724341 -5.769319795724341 -5.769319795724341 -5.769319795724341 -5.769319795724341 -5.769319795724341 -5.769319795724341 -5.769319795724341 -5.769319795724341 -5.769319795724341 -5.769319795724341
11.00502512562814 -5.709882310853192 -5.709882310853192 -5.709882310853192 -5.709882310853192 -5.709882310853192 -5.709882310853192 -5.709882310853192 -5.709882310853192 -5.709882310853192 -5.709882310853192 -5.709882310853192 -5.709882310853192 -5.709882310853192
11.08040201005025 -5.650444825982046 -5.650444825982046 -5.650444825982046 -5.650444825982046 -5.650444825982046 -5.650444825982046 -5.650444825982046 -5.650444825982046 -5.650444825982046 -5.650444825982046 -5.650444825982046 -5.650444825982046 -5.650444825982046
11.15577889447236 -5.591007341110897 -5.591007341110897 -5.591007341110897 -5.591007341110897 -5.591007341110897 -5.591007341110897 -5.591007341110897 -5.591007341110897 -5.591007341110897 -5.591007341110897 -5.591007341110897 -5.591007341110897 -5.591007341110897
11.231155778894472 -5.531569856239749 -5.531569856239749 -5.531569856239749 -5.531569856239749 -5.531569856239749 -5.531569856239749 -5.531569856239749 -5.531569856239749 -5.531569856239749 -5.531569856239749 -5.531569856239749 -5.531569856239749 -5.531569856239749
11.306532663316581 -5.472132371368602 -5.472132371368602 -5.472132371368602 -5.472132371368602 -5.472132371368602 -5.472132371368602 -5.472132371368602 -5.472132371368602 -5.472132371368602 -5.472132371368602 -5.472132371368602 -5.472132371368602 -5.472132371368602
11.381909547738692 -5.412694886497453 -5.412694886497453 -5.412694886497453 -5.412694886497453 -5.412694886497453 -5.412694886497453 -5.412694886497453 -5.412694886497453 -5.412694886497453 -5.412694886497453 -5.412694886497453 -5.412694886497453 -5.412694886497453
11.457286432160803 -5.353257401626305 -5.353257401626305 -5.353257401626305 -5.353257401626305 -5.353257401626305 -5.353257401626305 -5.353257401626305 -5.353257401626305 -5.353257401626305 -5.353257401626305 -5.353257401626305 -5.353257401626305 -5.353257401626305
11.532663316582914 -5.293819916755156 -5.293819916755156 -5.293819916755156 -5.293819916755156 -5.293819916755156 -5.293819916755156 -5.293819916755156 -5.293819916755156 -5.293819916755156 -5.293819916755156 -5.293819916755156 -5.293819916755156 -5.293819916755156
11.608040201005025 -5.234382431884008 -5.234382431884008 -5.234382431884008 -5.234382431884008 -5.234382431884008 -5.234382431884008 -5.234382431884008 -5.234382431884008 -5.234382431884008 -5.234382431884008 -5.234382431884008 -5.234382431884008 -5.234382431884008
11.683417085427134 -5.174944947012861 -5.174944947012861 -5.174944947012861 -5.174944947012861 -5.174944947012861 -5.174944947012861 -5.174944947012861 -5.174944947012861 -5.174944947012861 -5.174944947012861 -5.174944947012861 -5.174944947012861 -5.174944947012861
11.758793969849245 -5.1155074621417125 -5.1155074621417125 -5.1155074621417125 -5.1155074621417125 -5.1155074621417125 -5.1155074621417125 -5.1155074621417125 -5.1155074621417125 -5.1155074621417125 -5.1155074621417125 -5.1155074621417125 -5.1155074621417125 -5.1155074621417125
11.834170854271356 -5.056069977270564 -5.056069977270564 -5.056069977270564 -5.056069977270564 -5.056069977270564 -5.056069977270564 -5.056069977270564 -5.056069977270564 -5.056069977270564 -5.056069977270564 -5.056069977270564 -5.056069977270564 -5.056069977270564
11.909547738693465 -4.996632492399417 -4.996632492399417 -4.996632492399417 -4.996632492399417 -4.996632492399417 -4.996632492399417 -4.996632492399417 -4.996632492399417 -4.996632492399417 -4.996632492399417 -4.996632492399417 -4.996632492399417 -4.996632492399417
11.984924623115576 -4.937195007528269 -4.937195007528269 -4.937195007528269 -4.937195007528269 -4.937195007528269 -4.937195007528269 -4.937195007528269 -4.937195007528269 -4.937195007528269 -4.937195007528269 -4.937195007528269 -4.937195007528269 -4.937195007528269
12.060301507537687 -4.87775752265712 -4.87775752265712 -4.87775752265712 -4.87775752265712 -4.87775752265712 -4.87775752265712 -4.87775752265712 -4.87775752265712 -4.87775752265712 -4.87775752265712 -4.87775752265712 -4.87775752265712 -4.87775752265712
12.135678391959798 -4.818320037785972 -4.818320037785972 -4.818320037785972 -4.818320037785972 -4.818320037785972 -4.818320037785972 -4.818320037785972 -4.818320037785972 -4.818320037785972 -4.818320037785972 -4.818320037785972 -4.818320037785972 -4.818320037785972
12.21105527638191 -4.758882552914823 -4.758882552914823 -4.758882552914823 -4.758882552914823 -4.758882552914823 -4.758882552914823 -4.758882552914823 -4.758882552914823 -4.758882552914823 -4.758882552914823 -4.758882552914823 -4.758882552914823 -4.758882552914823
12.286432160804019 -4.699445068043676 -4.699445068043676 -4.699445068043676 -4.699445068043676 -4.699445068043676 -4.699445068043676 -4.699445068043676 -4.699445068043676 -4.699445068043676 -4.699445068043676 -4.699445068043676 -4.699445068043676 -4.699445068043676
12.36180904522613 -4.640007583172528 -4.640007583172528 -4.640007583172528 -4.640007583172528 -4.640007583172528 -4.640007583172528 -4.640007583172528 -4.640007583172528 -4.640007583172528 -4.640007583172528 -4.640007583172528 -4.640007583172528 -4.640007583172528
12.43718592964824 -4.580570098301379 -4.580570098301379 -4.580570098301379 -4.580570098301379 -4.580570098301379 -4.580570098301379 -4.580570098301379 -4.580570098301379 -4.580570098301379 -4.580570098301379 -4.580570098301379 -4.580570098301379 -4.580570098301379
12.51256281407035 -4.5211326134302325 -4.5211326134302325 -4.5211326134302325 -4.5211326134302325 -4.5211326134302325 -4.5211326134302325 -4.5211326134302325 -4.5211326134302325 -4.5211326134302325 -4.5211326134302325 -4.5211326134302325 -4.5211326134302325 -4.5211326134302325
12.58793969849246 -4.461695128559084 -4.461695128559084 -4.461695128559084 -4.461695128559084 -4.461695128559084 -4.461695128559084 -4.461695128559084 -4.461695128559084 -4.461695128559084 -4.461695128559084 -4.461695128559084 -4.461695128559084 -4.461695128559084
12.663316582914572 -4.4022576436879355 -4.4022576436879355 -4.4022576436879355 -4.4022576436879355 -4.4022576436879355 -4.4022576436879355 -4.4022576436879355 -4.4022576436879355 -4.4022576436879355 -4.4022576436879355 -4.4022576436879355 -4.4022576436879355 -4.4022576436879355
12.738693467336683 -4.342820158816787 -4.342820158816787 -4.342820158816787 -4.342820158816787 -4.342820158816787 -4.342820158816787 -4.342820158816787 -4.342820158816787 -4.342820158816787 -4.342820158816787 -4.342820158816787 -4.342820158816787 -4.342820158816787
12.814070351758794 -4.283382673945638 -4.283382673945638 -4.283382673945638 -4.283382673945638 -4.283382673945638 -4.283382673945638 -4.283382673945638 -4.283382673945638 -4.283382673945638 -4.283382673945638 -4.283382673945638 -4.283382673945638 -4.283382673945638
12.889447236180903 -4.223945189074492 -4.223945189074492 -4.223945189074492 -4.223945189074492 -4.223945189074492 -4.223945189074492 -4.223945189074492 -4.223945189074492 -4.223945189074492 -4.223945189074492 -4.223945189074492 -4.223945189074492 -4.223945189074492
12.964824120603014 -4.164507704203343 -4.164507704203343 -4.164507704203343 -4.164507704203343 -4.164507704203343 -4.164507704203343 -4.164507704203343 -4.164507704203343 -4.164507704203343 -4.164507704203343 -4.164507704203343 -4.164507704203343 -4.164507704203343
13.040201005025125 -4.105070219332195 -4.105070219332195 -4.105070219332195 -4.105070219332195 -4.105070219332195 -4.105070219332195 -4.105070219332195 -4.105070219332195 -4.105070219332195 -4.105070219332195 -4.105070219332195 -4.105070219332195 -4.105070219332195
13.115577889447234 -4.045632734461048 -4.045632734461048 -4.045632734461048 -4.045632734461048 -4.045632734461048 -4.045632734461048 -4.045632734461048 -4.045632734461048 -4.045632734461048 -4.045632734461048 -4.045632734461048 -4.045632734461048 -4.045632734461048
13.190954773869345 -3.9861952495898993 -3.9861952495898993 -3.9861952495898993 -3.9861952495898993 -3.9861952495898993 -3.9861952495898993 -3.9861952495898993 -3.9861952495898993 -3.9861952495898993 -3.9861952495898993 -3.9861952495898993 -3.9861952495898993 -3.9861952495898993
13.266331658291456 -3.926757764718751 -3.926757764718751 -3.926757764718751 -3.926757764718751 -3.926757764718751 -3.926757764718751 -3.926757764718751 -3.926757764718751 -3.926757764718751 -3.926757764718751 -3.926757764718751 -3.926757764718751 -3.926757764718751
13.341708542713567 -3.8673202798476023 -3.8673202798476023 -3.8673202798476023 -3.8673202798476023 -3.8673202798476023 -3.8673202798476023 -3.8673202798476023 -3.8673202798476023 -3.8673202798476023 -3.8673202798476023 -3.8673202798476023 -3.8673202798476023 -3.8673202798476023
