web/models/linear/28/-14_388_0_921.dat
# %ECSV 1.0
# ---
# datatype:
# - {name: time, datatype: float64}
# - {name: swift_uvot_uvw2, datatype: float64}
# - {name: swift_uvot_uvm2, datatype: float64}
# - {name: swift_uvot_uvw1, datatype: float64}
# - {name: swift_uvot_U, datatype: float64}
# - {name: swift_uvot_B, datatype: float64}
# - {name: swift_uvot_V, datatype: float64}
# - {name: swift_uvot_W, datatype: float64}
# - {name: johnson_U, datatype: float64}
# - {name: johnson_B, datatype: float64}
# - {name: johnson_V, datatype: float64}
# - {name: johnson_R, datatype: float64}
# - {name: johnson_I, datatype: float64}
# - {name: sdss_u, datatype: float64}
# - {name: sdss_g, datatype: float64}
# - {name: sdss_r, datatype: float64}
# - {name: sdss_i, datatype: float64}
# - {name: sdss_z, datatype: float64}
# - {name: PS1_g, datatype: float64}
# - {name: PS1_r, datatype: float64}
# - {name: PS1_i, datatype: float64}
# - {name: PS1_z, datatype: float64}
# - {name: PS1_Y, datatype: float64}
# - {name: PS1_w, datatype: float64}
# - {name: ATLAS_c, datatype: float64}
# - {name: ATLAS_o, datatype: float64}
# - {name: ukirt_J, datatype: float64}
# - {name: ukirt_H, datatype: float64}
# - {name: ukirt_K, datatype: float64}
# - {name: Clear, datatype: float64}
# meta: !!omap
# - comment: [M=-14.387755102040817, dM=0.9208527728773267]
# schema: astropy-2.0
time swift_uvot_uvw2 swift_uvot_uvm2 swift_uvot_uvw1 swift_uvot_U swift_uvot_B swift_uvot_V swift_uvot_W johnson_U johnson_B johnson_V johnson_R johnson_I sdss_u sdss_g sdss_r sdss_i sdss_z PS1_g PS1_r PS1_i PS1_z PS1_Y PS1_w ATLAS_c ATLAS_o ukirt_J ukirt_H ukirt_K Clear
[from data line 28]
2.1105527638190953 -12.444246737174097 -12.444246737174097 -12.444246737174097 -12.444246737174097 -12.444246737174097 -12.444246737174097 -12.444246737174097 -12.444246737174097 -12.444246737174097 -12.444246737174097 -12.444246737174097 -12.444246737174097 -12.444246737174097 -12.444246737174097 -12.444246737174097 -12.444246737174097 -12.444246737174097 -12.444246737174097 -12.444246737174097 -12.444246737174097 -12.444246737174097 -12.444246737174097 -12.444246737174097 -12.444246737174097 -12.444246737174097 -12.444246737174097 -12.444246737174097 -12.444246737174097 -12.444246737174097
2.185929648241206 -12.374835724143143 -12.374835724143143 -12.374835724143143 -12.374835724143143 -12.374835724143143 -12.374835724143143 -12.374835724143143 -12.374835724143143 -12.374835724143143 -12.374835724143143 -12.374835724143143 -12.374835724143143 -12.374835724143143 -12.374835724143143 -12.374835724143143 -12.374835724143143 -12.374835724143143 -12.374835724143143 -12.374835724143143 -12.374835724143143 -12.374835724143143 -12.374835724143143 -12.374835724143143 -12.374835724143143 -12.374835724143143 -12.374835724143143 -12.374835724143143 -12.374835724143143 -12.374835724143143
2.2613065326633164 -12.305424711112188 -12.305424711112188 -12.305424711112188 -12.305424711112188 -12.305424711112188 -12.305424711112188 -12.305424711112188 -12.305424711112188 -12.305424711112188 -12.305424711112188 -12.305424711112188 -12.305424711112188 -12.305424711112188 -12.305424711112188 -12.305424711112188 -12.305424711112188 -12.305424711112188 -12.305424711112188 -12.305424711112188 -12.305424711112188 -12.305424711112188 -12.305424711112188 -12.305424711112188 -12.305424711112188 -12.305424711112188 -12.305424711112188 -12.305424711112188 -12.305424711112188 -12.305424711112188
2.336683417085427 -12.236013698081235 -12.236013698081235 -12.236013698081235 -12.236013698081235 -12.236013698081235 -12.236013698081235 -12.236013698081235 -12.236013698081235 -12.236013698081235 -12.236013698081235 -12.236013698081235 -12.236013698081235 -12.236013698081235 -12.236013698081235 -12.236013698081235 -12.236013698081235 -12.236013698081235 -12.236013698081235 -12.236013698081235 -12.236013698081235 -12.236013698081235 -12.236013698081235 -12.236013698081235 -12.236013698081235 -12.236013698081235 -12.236013698081235 -12.236013698081235 -12.236013698081235 -12.236013698081235
2.4120603015075375 -12.16660268505028 -12.16660268505028 -12.16660268505028 -12.16660268505028 -12.16660268505028 -12.16660268505028 -12.16660268505028 -12.16660268505028 -12.16660268505028 -12.16660268505028 -12.16660268505028 -12.16660268505028 -12.16660268505028 -12.16660268505028 -12.16660268505028 -12.16660268505028 -12.16660268505028 -12.16660268505028 -12.16660268505028 -12.16660268505028 -12.16660268505028 -12.16660268505028 -12.16660268505028 -12.16660268505028 -12.16660268505028 -12.16660268505028 -12.16660268505028 -12.16660268505028 -12.16660268505028
2.487437185929648 -12.097191672019326 -12.097191672019326 -12.097191672019326 -12.097191672019326 -12.097191672019326 -12.097191672019326 -12.097191672019326 -12.097191672019326 -12.097191672019326 -12.097191672019326 -12.097191672019326 -12.097191672019326 -12.097191672019326 -12.097191672019326 -12.097191672019326 -12.097191672019326 -12.097191672019326 -12.097191672019326 -12.097191672019326 -12.097191672019326 -12.097191672019326 -12.097191672019326 -12.097191672019326 -12.097191672019326 -12.097191672019326 -12.097191672019326 -12.097191672019326 -12.097191672019326 -12.097191672019326
2.5628140703517586 -12.027780658988371 -12.027780658988371 -12.027780658988371 -12.027780658988371 -12.027780658988371 -12.027780658988371 -12.027780658988371 -12.027780658988371 -12.027780658988371 -12.027780658988371 -12.027780658988371 -12.027780658988371 -12.027780658988371 -12.027780658988371 -12.027780658988371 -12.027780658988371 -12.027780658988371 -12.027780658988371 -12.027780658988371 -12.027780658988371 -12.027780658988371 -12.027780658988371 -12.027780658988371 -12.027780658988371 -12.027780658988371 -12.027780658988371 -12.027780658988371 -12.027780658988371 -12.027780658988371
2.638190954773869 -11.958369645957418 -11.958369645957418 -11.958369645957418 -11.958369645957418 -11.958369645957418 -11.958369645957418 -11.958369645957418 -11.958369645957418 -11.958369645957418 -11.958369645957418 -11.958369645957418 -11.958369645957418 -11.958369645957418 -11.958369645957418 -11.958369645957418 -11.958369645957418 -11.958369645957418 -11.958369645957418 -11.958369645957418 -11.958369645957418 -11.958369645957418 -11.958369645957418 -11.958369645957418 -11.958369645957418 -11.958369645957418 -11.958369645957418 -11.958369645957418 -11.958369645957418 -11.958369645957418
2.7135678391959797 -11.888958632926464 -11.888958632926464 -11.888958632926464 -11.888958632926464 -11.888958632926464 -11.888958632926464 -11.888958632926464 -11.888958632926464 -11.888958632926464 -11.888958632926464 -11.888958632926464 -11.888958632926464 -11.888958632926464 -11.888958632926464 -11.888958632926464 -11.888958632926464 -11.888958632926464 -11.888958632926464 -11.888958632926464 -11.888958632926464 -11.888958632926464 -11.888958632926464 -11.888958632926464 -11.888958632926464 -11.888958632926464 -11.888958632926464 -11.888958632926464 -11.888958632926464 -11.888958632926464
2.78894472361809 -11.81954761989551 -11.81954761989551 -11.81954761989551 -11.81954761989551 -11.81954761989551 -11.81954761989551 -11.81954761989551 -11.81954761989551 -11.81954761989551 -11.81954761989551 -11.81954761989551 -11.81954761989551 -11.81954761989551 -11.81954761989551 -11.81954761989551 -11.81954761989551 -11.81954761989551 -11.81954761989551 -11.81954761989551 -11.81954761989551 -11.81954761989551 -11.81954761989551 -11.81954761989551 -11.81954761989551 -11.81954761989551 -11.81954761989551 -11.81954761989551 -11.81954761989551 -11.81954761989551
2.8643216080402008 -11.750136606864555 -11.750136606864555 -11.750136606864555 -11.750136606864555 -11.750136606864555 -11.750136606864555 -11.750136606864555 -11.750136606864555 -11.750136606864555 -11.750136606864555 -11.750136606864555 -11.750136606864555 -11.750136606864555 -11.750136606864555 -11.750136606864555 -11.750136606864555 -11.750136606864555 -11.750136606864555 -11.750136606864555 -11.750136606864555 -11.750136606864555 -11.750136606864555 -11.750136606864555 -11.750136606864555 -11.750136606864555 -11.750136606864555 -11.750136606864555 -11.750136606864555 -11.750136606864555
2.9396984924623113 -11.6807255938336 -11.6807255938336 -11.6807255938336 -11.6807255938336 -11.6807255938336 -11.6807255938336 -11.6807255938336 -11.6807255938336 -11.6807255938336 -11.6807255938336 -11.6807255938336 -11.6807255938336 -11.6807255938336 -11.6807255938336 -11.6807255938336 -11.6807255938336 -11.6807255938336 -11.6807255938336 -11.6807255938336 -11.6807255938336 -11.6807255938336 -11.6807255938336 -11.6807255938336 -11.6807255938336 -11.6807255938336 -11.6807255938336 -11.6807255938336 -11.6807255938336 -11.6807255938336
3.015075376884422 -11.611314580802645 -11.611314580802645 -11.611314580802645 -11.611314580802645 -11.611314580802645 -11.611314580802645 -11.611314580802645 -11.611314580802645 -11.611314580802645 -11.611314580802645 -11.611314580802645 -11.611314580802645 -11.611314580802645 -11.611314580802645 -11.611314580802645 -11.611314580802645 -11.611314580802645 -11.611314580802645 -11.611314580802645 -11.611314580802645 -11.611314580802645 -11.611314580802645 -11.611314580802645 -11.611314580802645 -11.611314580802645 -11.611314580802645 -11.611314580802645 -11.611314580802645 -11.611314580802645
3.0904522613065324 -11.541903567771692 -11.541903567771692 -11.541903567771692 -11.541903567771692 -11.541903567771692 -11.541903567771692 -11.541903567771692 -11.541903567771692 -11.541903567771692 -11.541903567771692 -11.541903567771692 -11.541903567771692 -11.541903567771692 -11.541903567771692 -11.541903567771692 -11.541903567771692 -11.541903567771692 -11.541903567771692 -11.541903567771692 -11.541903567771692 -11.541903567771692 -11.541903567771692 -11.541903567771692 -11.541903567771692 -11.541903567771692 -11.541903567771692 -11.541903567771692 -11.541903567771692 -11.541903567771692
3.165829145728643 -11.472492554740738 -11.472492554740738 -11.472492554740738 -11.472492554740738 -11.472492554740738 -11.472492554740738 -11.472492554740738 -11.472492554740738 -11.472492554740738 -11.472492554740738 -11.472492554740738 -11.472492554740738 -11.472492554740738 -11.472492554740738 -11.472492554740738 -11.472492554740738 -11.472492554740738 -11.472492554740738 -11.472492554740738 -11.472492554740738 -11.472492554740738 -11.472492554740738 -11.472492554740738 -11.472492554740738 -11.472492554740738 -11.472492554740738 -11.472492554740738 -11.472492554740738 -11.472492554740738
3.2412060301507535 -11.403081541709783 -11.403081541709783 -11.403081541709783 -11.403081541709783 -11.403081541709783 -11.403081541709783 -11.403081541709783 -11.403081541709783 -11.403081541709783 -11.403081541709783 -11.403081541709783 -11.403081541709783 -11.403081541709783 -11.403081541709783 -11.403081541709783 -11.403081541709783 -11.403081541709783 -11.403081541709783 -11.403081541709783 -11.403081541709783 -11.403081541709783 -11.403081541709783 -11.403081541709783 -11.403081541709783 -11.403081541709783 -11.403081541709783 -11.403081541709783 -11.403081541709783 -11.403081541709783
3.316582914572864 -11.33367052867883 -11.33367052867883 -11.33367052867883 -11.33367052867883 -11.33367052867883 -11.33367052867883 -11.33367052867883 -11.33367052867883 -11.33367052867883 -11.33367052867883 -11.33367052867883 -11.33367052867883 -11.33367052867883 -11.33367052867883 -11.33367052867883 -11.33367052867883 -11.33367052867883 -11.33367052867883 -11.33367052867883 -11.33367052867883 -11.33367052867883 -11.33367052867883 -11.33367052867883 -11.33367052867883 -11.33367052867883 -11.33367052867883 -11.33367052867883 -11.33367052867883 -11.33367052867883
3.3919597989949746 -11.264259515647876 -11.264259515647876 -11.264259515647876 -11.264259515647876 -11.264259515647876 -11.264259515647876 -11.264259515647876 -11.264259515647876 -11.264259515647876 -11.264259515647876 -11.264259515647876 -11.264259515647876 -11.264259515647876 -11.264259515647876 -11.264259515647876 -11.264259515647876 -11.264259515647876 -11.264259515647876 -11.264259515647876 -11.264259515647876 -11.264259515647876 -11.264259515647876 -11.264259515647876 -11.264259515647876 -11.264259515647876 -11.264259515647876 -11.264259515647876 -11.264259515647876 -11.264259515647876
3.467336683417085 -11.19484850261692 -11.19484850261692 -11.19484850261692 -11.19484850261692 -11.19484850261692 -11.19484850261692 -11.19484850261692 -11.19484850261692 -11.19484850261692 -11.19484850261692 -11.19484850261692 -11.19484850261692 -11.19484850261692 -11.19484850261692 -11.19484850261692 -11.19484850261692 -11.19484850261692 -11.19484850261692 -11.19484850261692 -11.19484850261692 -11.19484850261692 -11.19484850261692 -11.19484850261692 -11.19484850261692 -11.19484850261692 -11.19484850261692 -11.19484850261692 -11.19484850261692 -11.19484850261692
3.5427135678391957 -11.125437489585966 -11.125437489585966 -11.125437489585966 -11.125437489585966 -11.125437489585966 -11.125437489585966 -11.125437489585966 -11.125437489585966 -11.125437489585966 -11.125437489585966 -11.125437489585966 -11.125437489585966 -11.125437489585966 -11.125437489585966 -11.125437489585966 -11.125437489585966 -11.125437489585966 -11.125437489585966 -11.125437489585966 -11.125437489585966 -11.125437489585966 -11.125437489585966 -11.125437489585966 -11.125437489585966 -11.125437489585966 -11.125437489585966 -11.125437489585966 -11.125437489585966 -11.125437489585966
3.618090452261306 -11.056026476555012 -11.056026476555012 -11.056026476555012 -11.056026476555012 -11.056026476555012 -11.056026476555012 -11.056026476555012 -11.056026476555012 -11.056026476555012 -11.056026476555012 -11.056026476555012 -11.056026476555012 -11.056026476555012 -11.056026476555012 -11.056026476555012 -11.056026476555012 -11.056026476555012 -11.056026476555012 -11.056026476555012 -11.056026476555012 -11.056026476555012 -11.056026476555012 -11.056026476555012 -11.056026476555012 -11.056026476555012 -11.056026476555012 -11.056026476555012 -11.056026476555012 -11.056026476555012
3.6934673366834168 -10.986615463524057 -10.986615463524057 -10.986615463524057 -10.986615463524057 -10.986615463524057 -10.986615463524057 -10.986615463524057 -10.986615463524057 -10.986615463524057 -10.986615463524057 -10.986615463524057 -10.986615463524057 -10.986615463524057 -10.986615463524057 -10.986615463524057 -10.986615463524057 -10.986615463524057 -10.986615463524057 -10.986615463524057 -10.986615463524057 -10.986615463524057 -10.986615463524057 -10.986615463524057 -10.986615463524057 -10.986615463524057 -10.986615463524057 -10.986615463524057 -10.986615463524057 -10.986615463524057
3.7688442211055273 -10.917204450493104 -10.917204450493104 -10.917204450493104 -10.917204450493104 -10.917204450493104 -10.917204450493104 -10.917204450493104 -10.917204450493104 -10.917204450493104 -10.917204450493104 -10.917204450493104 -10.917204450493104 -10.917204450493104 -10.917204450493104 -10.917204450493104 -10.917204450493104 -10.917204450493104 -10.917204450493104 -10.917204450493104 -10.917204450493104 -10.917204450493104 -10.917204450493104 -10.917204450493104 -10.917204450493104 -10.917204450493104 -10.917204450493104 -10.917204450493104 -10.917204450493104 -10.917204450493104
3.844221105527638 -10.84779343746215 -10.84779343746215 -10.84779343746215 -10.84779343746215 -10.84779343746215 -10.84779343746215 -10.84779343746215 -10.84779343746215 -10.84779343746215 -10.84779343746215 -10.84779343746215 -10.84779343746215 -10.84779343746215 -10.84779343746215 -10.84779343746215 -10.84779343746215 -10.84779343746215 -10.84779343746215 -10.84779343746215 -10.84779343746215 -10.84779343746215 -10.84779343746215 -10.84779343746215 -10.84779343746215 -10.84779343746215 -10.84779343746215 -10.84779343746215 -10.84779343746215 -10.84779343746215
3.9195979899497484 -10.778382424431195 -10.778382424431195 -10.778382424431195 -10.778382424431195 -10.778382424431195 -10.778382424431195 -10.778382424431195 -10.778382424431195 -10.778382424431195 -10.778382424431195 -10.778382424431195 -10.778382424431195 -10.778382424431195 -10.778382424431195 -10.778382424431195 -10.778382424431195 -10.778382424431195 -10.778382424431195 -10.778382424431195 -10.778382424431195 -10.778382424431195 -10.778382424431195 -10.778382424431195 -10.778382424431195 -10.778382424431195 -10.778382424431195 -10.778382424431195 -10.778382424431195 -10.778382424431195
3.994974874371859 -10.708971411400242 -10.708971411400242 -10.708971411400242 -10.708971411400242 -10.708971411400242 -10.708971411400242 -10.708971411400242 -10.708971411400242 -10.708971411400242 -10.708971411400242 -10.708971411400242 -10.708971411400242 -10.708971411400242 -10.708971411400242 -10.708971411400242 -10.708971411400242 -10.708971411400242 -10.708971411400242 -10.708971411400242 -10.708971411400242 -10.708971411400242 -10.708971411400242 -10.708971411400242 -10.708971411400242 -10.708971411400242 -10.708971411400242 -10.708971411400242 -10.708971411400242 -10.708971411400242
