web/models/linear/28/-14_388_0_056.dat
# %ECSV 1.0
# ---
# datatype:
# - {name: time, datatype: float64}
# - {name: sdss_u, datatype: float64}
# - {name: sdss_g, datatype: float64}
# - {name: sdss_r, datatype: float64}
# - {name: sdss_i, datatype: float64}
# - {name: sdss_z, datatype: float64}
# - {name: Clear, datatype: float64}
# - {name: johnson_B, datatype: float64}
# - {name: johnson_V, datatype: float64}
# - {name: johnson_R, datatype: float64}
# - {name: johnson_I, datatype: float64}
# - {name: ukirt_J, datatype: float64}
# - {name: ukirt_H, datatype: float64}
# - {name: ukirt_K, datatype: float64}
# meta: !!omap
# - comment: [M=-14.387755102040817, dM=0.05643739198611264]
# schema: astropy-2.0
time sdss_u sdss_g sdss_r sdss_i sdss_z Clear johnson_B johnson_V johnson_R johnson_I ukirt_J ukirt_H ukirt_K
[from data line 117]
8.819095477386934 -13.890028353620577 -13.890028353620577 -13.890028353620577 -13.890028353620577 -13.890028353620577 -13.890028353620577 -13.890028353620577 -13.890028353620577 -13.890028353620577 -13.890028353620577 -13.890028353620577 -13.890028353620577 -13.890028353620577
8.894472361809044 -13.885774278847755 -13.885774278847755 -13.885774278847755 -13.885774278847755 -13.885774278847755 -13.885774278847755 -13.885774278847755 -13.885774278847755 -13.885774278847755 -13.885774278847755 -13.885774278847755 -13.885774278847755 -13.885774278847755
8.969849246231155 -13.881520204074933 -13.881520204074933 -13.881520204074933 -13.881520204074933 -13.881520204074933 -13.881520204074933 -13.881520204074933 -13.881520204074933 -13.881520204074933 -13.881520204074933 -13.881520204074933 -13.881520204074933 -13.881520204074933
9.045226130653266 -13.87726612930211 -13.87726612930211 -13.87726612930211 -13.87726612930211 -13.87726612930211 -13.87726612930211 -13.87726612930211 -13.87726612930211 -13.87726612930211 -13.87726612930211 -13.87726612930211 -13.87726612930211 -13.87726612930211
9.120603015075377 -13.873012054529287 -13.873012054529287 -13.873012054529287 -13.873012054529287 -13.873012054529287 -13.873012054529287 -13.873012054529287 -13.873012054529287 -13.873012054529287 -13.873012054529287 -13.873012054529287 -13.873012054529287 -13.873012054529287
9.195979899497488 -13.868757979756465 -13.868757979756465 -13.868757979756465 -13.868757979756465 -13.868757979756465 -13.868757979756465 -13.868757979756465 -13.868757979756465 -13.868757979756465 -13.868757979756465 -13.868757979756465 -13.868757979756465 -13.868757979756465
9.271356783919597 -13.864503904983643 -13.864503904983643 -13.864503904983643 -13.864503904983643 -13.864503904983643 -13.864503904983643 -13.864503904983643 -13.864503904983643 -13.864503904983643 -13.864503904983643 -13.864503904983643 -13.864503904983643 -13.864503904983643
9.346733668341708 -13.860249830210819 -13.860249830210819 -13.860249830210819 -13.860249830210819 -13.860249830210819 -13.860249830210819 -13.860249830210819 -13.860249830210819 -13.860249830210819 -13.860249830210819 -13.860249830210819 -13.860249830210819 -13.860249830210819
9.422110552763819 -13.855995755437997 -13.855995755437997 -13.855995755437997 -13.855995755437997 -13.855995755437997 -13.855995755437997 -13.855995755437997 -13.855995755437997 -13.855995755437997 -13.855995755437997 -13.855995755437997 -13.855995755437997 -13.855995755437997
9.497487437185928 -13.851741680665175 -13.851741680665175 -13.851741680665175 -13.851741680665175 -13.851741680665175 -13.851741680665175 -13.851741680665175 -13.851741680665175 -13.851741680665175 -13.851741680665175 -13.851741680665175 -13.851741680665175 -13.851741680665175
9.572864321608039 -13.847487605892352 -13.847487605892352 -13.847487605892352 -13.847487605892352 -13.847487605892352 -13.847487605892352 -13.847487605892352 -13.847487605892352 -13.847487605892352 -13.847487605892352 -13.847487605892352 -13.847487605892352 -13.847487605892352
9.64824120603015 -13.843233531119528 -13.843233531119528 -13.843233531119528 -13.843233531119528 -13.843233531119528 -13.843233531119528 -13.843233531119528 -13.843233531119528 -13.843233531119528 -13.843233531119528 -13.843233531119528 -13.843233531119528 -13.843233531119528
9.72361809045226 -13.838979456346706 -13.838979456346706 -13.838979456346706 -13.838979456346706 -13.838979456346706 -13.838979456346706 -13.838979456346706 -13.838979456346706 -13.838979456346706 -13.838979456346706 -13.838979456346706 -13.838979456346706 -13.838979456346706
9.798994974874372 -13.834725381573884 -13.834725381573884 -13.834725381573884 -13.834725381573884 -13.834725381573884 -13.834725381573884 -13.834725381573884 -13.834725381573884 -13.834725381573884 -13.834725381573884 -13.834725381573884 -13.834725381573884 -13.834725381573884
9.874371859296481 -13.830471306801062 -13.830471306801062 -13.830471306801062 -13.830471306801062 -13.830471306801062 -13.830471306801062 -13.830471306801062 -13.830471306801062 -13.830471306801062 -13.830471306801062 -13.830471306801062 -13.830471306801062 -13.830471306801062
9.949748743718592 -13.826217232028238 -13.826217232028238 -13.826217232028238 -13.826217232028238 -13.826217232028238 -13.826217232028238 -13.826217232028238 -13.826217232028238 -13.826217232028238 -13.826217232028238 -13.826217232028238 -13.826217232028238 -13.826217232028238
10.025125628140703 -13.821963157255416 -13.821963157255416 -13.821963157255416 -13.821963157255416 -13.821963157255416 -13.821963157255416 -13.821963157255416 -13.821963157255416 -13.821963157255416 -13.821963157255416 -13.821963157255416 -13.821963157255416 -13.821963157255416
10.100502512562812 -13.817709082482594 -13.817709082482594 -13.817709082482594 -13.817709082482594 -13.817709082482594 -13.817709082482594 -13.817709082482594 -13.817709082482594 -13.817709082482594 -13.817709082482594 -13.817709082482594 -13.817709082482594 -13.817709082482594
10.175879396984923 -13.813455007709772 -13.813455007709772 -13.813455007709772 -13.813455007709772 -13.813455007709772 -13.813455007709772 -13.813455007709772 -13.813455007709772 -13.813455007709772 -13.813455007709772 -13.813455007709772 -13.813455007709772 -13.813455007709772
10.251256281407034 -13.80920093293695 -13.80920093293695 -13.80920093293695 -13.80920093293695 -13.80920093293695 -13.80920093293695 -13.80920093293695 -13.80920093293695 -13.80920093293695 -13.80920093293695 -13.80920093293695 -13.80920093293695 -13.80920093293695
10.326633165829145 -13.804946858164126 -13.804946858164126 -13.804946858164126 -13.804946858164126 -13.804946858164126 -13.804946858164126 -13.804946858164126 -13.804946858164126 -13.804946858164126 -13.804946858164126 -13.804946858164126 -13.804946858164126 -13.804946858164126
10.402010050251256 -13.800692783391304 -13.800692783391304 -13.800692783391304 -13.800692783391304 -13.800692783391304 -13.800692783391304 -13.800692783391304 -13.800692783391304 -13.800692783391304 -13.800692783391304 -13.800692783391304 -13.800692783391304 -13.800692783391304
10.477386934673365 -13.796438708618481 -13.796438708618481 -13.796438708618481 -13.796438708618481 -13.796438708618481 -13.796438708618481 -13.796438708618481 -13.796438708618481 -13.796438708618481 -13.796438708618481 -13.796438708618481 -13.796438708618481 -13.796438708618481
10.552763819095476 -13.79218463384566 -13.79218463384566 -13.79218463384566 -13.79218463384566 -13.79218463384566 -13.79218463384566 -13.79218463384566 -13.79218463384566 -13.79218463384566 -13.79218463384566 -13.79218463384566 -13.79218463384566 -13.79218463384566
10.628140703517587 -13.787930559072835 -13.787930559072835 -13.787930559072835 -13.787930559072835 -13.787930559072835 -13.787930559072835 -13.787930559072835 -13.787930559072835 -13.787930559072835 -13.787930559072835 -13.787930559072835 -13.787930559072835 -13.787930559072835
10.703517587939697 -13.783676484300013 -13.783676484300013 -13.783676484300013 -13.783676484300013 -13.783676484300013 -13.783676484300013 -13.783676484300013 -13.783676484300013 -13.783676484300013 -13.783676484300013 -13.783676484300013 -13.783676484300013 -13.783676484300013
10.778894472361808 -13.779422409527191 -13.779422409527191 -13.779422409527191 -13.779422409527191 -13.779422409527191 -13.779422409527191 -13.779422409527191 -13.779422409527191 -13.779422409527191 -13.779422409527191 -13.779422409527191 -13.779422409527191 -13.779422409527191
10.854271356783919 -13.775168334754369 -13.775168334754369 -13.775168334754369 -13.775168334754369 -13.775168334754369 -13.775168334754369 -13.775168334754369 -13.775168334754369 -13.775168334754369 -13.775168334754369 -13.775168334754369 -13.775168334754369 -13.775168334754369
10.92964824120603 -13.770914259981545 -13.770914259981545 -13.770914259981545 -13.770914259981545 -13.770914259981545 -13.770914259981545 -13.770914259981545 -13.770914259981545 -13.770914259981545 -13.770914259981545 -13.770914259981545 -13.770914259981545 -13.770914259981545
11.00502512562814 -13.766660185208723 -13.766660185208723 -13.766660185208723 -13.766660185208723 -13.766660185208723 -13.766660185208723 -13.766660185208723 -13.766660185208723 -13.766660185208723 -13.766660185208723 -13.766660185208723 -13.766660185208723 -13.766660185208723
11.08040201005025 -13.7624061104359 -13.7624061104359 -13.7624061104359 -13.7624061104359 -13.7624061104359 -13.7624061104359 -13.7624061104359 -13.7624061104359 -13.7624061104359 -13.7624061104359 -13.7624061104359 -13.7624061104359 -13.7624061104359
11.15577889447236 -13.758152035663079 -13.758152035663079 -13.758152035663079 -13.758152035663079 -13.758152035663079 -13.758152035663079 -13.758152035663079 -13.758152035663079 -13.758152035663079 -13.758152035663079 -13.758152035663079 -13.758152035663079 -13.758152035663079
11.231155778894472 -13.753897960890255 -13.753897960890255 -13.753897960890255 -13.753897960890255 -13.753897960890255 -13.753897960890255 -13.753897960890255 -13.753897960890255 -13.753897960890255 -13.753897960890255 -13.753897960890255 -13.753897960890255 -13.753897960890255
11.306532663316581 -13.749643886117433 -13.749643886117433 -13.749643886117433 -13.749643886117433 -13.749643886117433 -13.749643886117433 -13.749643886117433 -13.749643886117433 -13.749643886117433 -13.749643886117433 -13.749643886117433 -13.749643886117433 -13.749643886117433
11.381909547738692 -13.74538981134461 -13.74538981134461 -13.74538981134461 -13.74538981134461 -13.74538981134461 -13.74538981134461 -13.74538981134461 -13.74538981134461 -13.74538981134461 -13.74538981134461 -13.74538981134461 -13.74538981134461 -13.74538981134461
11.457286432160803 -13.741135736571788 -13.741135736571788 -13.741135736571788 -13.741135736571788 -13.741135736571788 -13.741135736571788 -13.741135736571788 -13.741135736571788 -13.741135736571788 -13.741135736571788 -13.741135736571788 -13.741135736571788 -13.741135736571788
11.532663316582914 -13.736881661798964 -13.736881661798964 -13.736881661798964 -13.736881661798964 -13.736881661798964 -13.736881661798964 -13.736881661798964 -13.736881661798964 -13.736881661798964 -13.736881661798964 -13.736881661798964 -13.736881661798964 -13.736881661798964
11.608040201005025 -13.732627587026142 -13.732627587026142 -13.732627587026142 -13.732627587026142 -13.732627587026142 -13.732627587026142 -13.732627587026142 -13.732627587026142 -13.732627587026142 -13.732627587026142 -13.732627587026142 -13.732627587026142 -13.732627587026142
11.683417085427134 -13.72837351225332 -13.72837351225332 -13.72837351225332 -13.72837351225332 -13.72837351225332 -13.72837351225332 -13.72837351225332 -13.72837351225332 -13.72837351225332 -13.72837351225332 -13.72837351225332 -13.72837351225332 -13.72837351225332
11.758793969849245 -13.724119437480498 -13.724119437480498 -13.724119437480498 -13.724119437480498 -13.724119437480498 -13.724119437480498 -13.724119437480498 -13.724119437480498 -13.724119437480498 -13.724119437480498 -13.724119437480498 -13.724119437480498 -13.724119437480498
11.834170854271356 -13.719865362707676 -13.719865362707676 -13.719865362707676 -13.719865362707676 -13.719865362707676 -13.719865362707676 -13.719865362707676 -13.719865362707676 -13.719865362707676 -13.719865362707676 -13.719865362707676 -13.719865362707676 -13.719865362707676
11.909547738693465 -13.715611287934852 -13.715611287934852 -13.715611287934852 -13.715611287934852 -13.715611287934852 -13.715611287934852 -13.715611287934852 -13.715611287934852 -13.715611287934852 -13.715611287934852 -13.715611287934852 -13.715611287934852 -13.715611287934852
11.984924623115576 -13.71135721316203 -13.71135721316203 -13.71135721316203 -13.71135721316203 -13.71135721316203 -13.71135721316203 -13.71135721316203 -13.71135721316203 -13.71135721316203 -13.71135721316203 -13.71135721316203 -13.71135721316203 -13.71135721316203
12.060301507537687 -13.707103138389208 -13.707103138389208 -13.707103138389208 -13.707103138389208 -13.707103138389208 -13.707103138389208 -13.707103138389208 -13.707103138389208 -13.707103138389208 -13.707103138389208 -13.707103138389208 -13.707103138389208 -13.707103138389208
12.135678391959798 -13.702849063616386 -13.702849063616386 -13.702849063616386 -13.702849063616386 -13.702849063616386 -13.702849063616386 -13.702849063616386 -13.702849063616386 -13.702849063616386 -13.702849063616386 -13.702849063616386 -13.702849063616386 -13.702849063616386
12.21105527638191 -13.698594988843562 -13.698594988843562 -13.698594988843562 -13.698594988843562 -13.698594988843562 -13.698594988843562 -13.698594988843562 -13.698594988843562 -13.698594988843562 -13.698594988843562 -13.698594988843562 -13.698594988843562 -13.698594988843562
12.286432160804019 -13.69434091407074 -13.69434091407074 -13.69434091407074 -13.69434091407074 -13.69434091407074 -13.69434091407074 -13.69434091407074 -13.69434091407074 -13.69434091407074 -13.69434091407074 -13.69434091407074 -13.69434091407074 -13.69434091407074
12.36180904522613 -13.690086839297917 -13.690086839297917 -13.690086839297917 -13.690086839297917 -13.690086839297917 -13.690086839297917 -13.690086839297917 -13.690086839297917 -13.690086839297917 -13.690086839297917 -13.690086839297917 -13.690086839297917 -13.690086839297917
12.43718592964824 -13.685832764525095 -13.685832764525095 -13.685832764525095 -13.685832764525095 -13.685832764525095 -13.685832764525095 -13.685832764525095 -13.685832764525095 -13.685832764525095 -13.685832764525095 -13.685832764525095 -13.685832764525095 -13.685832764525095
12.51256281407035 -13.681578689752271 -13.681578689752271 -13.681578689752271 -13.681578689752271 -13.681578689752271 -13.681578689752271 -13.681578689752271 -13.681578689752271 -13.681578689752271 -13.681578689752271 -13.681578689752271 -13.681578689752271 -13.681578689752271
12.58793969849246 -13.67732461497945 -13.67732461497945 -13.67732461497945 -13.67732461497945 -13.67732461497945 -13.67732461497945 -13.67732461497945 -13.67732461497945 -13.67732461497945 -13.67732461497945 -13.67732461497945 -13.67732461497945 -13.67732461497945
12.663316582914572 -13.673070540206627 -13.673070540206627 -13.673070540206627 -13.673070540206627 -13.673070540206627 -13.673070540206627 -13.673070540206627 -13.673070540206627 -13.673070540206627 -13.673070540206627 -13.673070540206627 -13.673070540206627 -13.673070540206627
12.738693467336683 -13.668816465433805 -13.668816465433805 -13.668816465433805 -13.668816465433805 -13.668816465433805 -13.668816465433805 -13.668816465433805 -13.668816465433805 -13.668816465433805 -13.668816465433805 -13.668816465433805 -13.668816465433805 -13.668816465433805
12.814070351758794 -13.664562390660981 -13.664562390660981 -13.664562390660981 -13.664562390660981 -13.664562390660981 -13.664562390660981 -13.664562390660981 -13.664562390660981 -13.664562390660981 -13.664562390660981 -13.664562390660981 -13.664562390660981 -13.664562390660981
12.889447236180903 -13.660308315888159 -13.660308315888159 -13.660308315888159 -13.660308315888159 -13.660308315888159 -13.660308315888159 -13.660308315888159 -13.660308315888159 -13.660308315888159 -13.660308315888159 -13.660308315888159 -13.660308315888159 -13.660308315888159
12.964824120603014 -13.656054241115337 -13.656054241115337 -13.656054241115337 -13.656054241115337 -13.656054241115337 -13.656054241115337 -13.656054241115337 -13.656054241115337 -13.656054241115337 -13.656054241115337 -13.656054241115337 -13.656054241115337 -13.656054241115337
13.040201005025125 -13.651800166342515 -13.651800166342515 -13.651800166342515 -13.651800166342515 -13.651800166342515 -13.651800166342515 -13.651800166342515 -13.651800166342515 -13.651800166342515 -13.651800166342515 -13.651800166342515 -13.651800166342515 -13.651800166342515
