web/models/grb/offaxis/10/grb_0.2967_268.2696_0.0000063.dat
# %ECSV 1.0
# ---
# datatype:
# - {name: time, datatype: float64}
# - {name: swift_uvot_uvw2, datatype: float64}
# - {name: swift_uvot_uvm2, datatype: float64}
# - {name: swift_uvot_uvw1, datatype: float64}
# - {name: swift_uvot_U, datatype: float64}
# - {name: swift_uvot_B, datatype: float64}
# - {name: swift_uvot_V, datatype: float64}
# - {name: swift_uvot_W, datatype: float64}
# - {name: johnson_U, datatype: float64}
# - {name: johnson_B, datatype: float64}
# - {name: johnson_V, datatype: float64}
# - {name: johnson_R, datatype: float64}
# - {name: johnson_I, datatype: float64}
# - {name: sdss_u, datatype: float64}
# - {name: sdss_g, datatype: float64}
# - {name: sdss_r, datatype: float64}
# - {name: sdss_i, datatype: float64}
# - {name: sdss_z, datatype: float64}
# - {name: PS1_g, datatype: float64}
# - {name: PS1_r, datatype: float64}
# - {name: PS1_i, datatype: float64}
# - {name: PS1_z, datatype: float64}
# - {name: PS1_Y, datatype: float64}
# - {name: PS1_w, datatype: float64}
# - {name: ATLAS_c, datatype: float64}
# - {name: ATLAS_o, datatype: float64}
# - {name: ukirt_J, datatype: float64}
# - {name: ukirt_H, datatype: float64}
# - {name: ukirt_K, datatype: float64}
# - {name: Clear, datatype: float64}
# meta: !!omap
# - comment: [E = 0.11641960487160355, Eta0 = 8.02, GammaB = 12.0, dL = 0.012188, epsb = 6.760829753919819e-06, epse = 0.1, n = 6.30957344480193e-06,
#     p = 2.15, theta_obs = 0.29670597283903605, xiN = 1.0, z = 0.0, type = grb, E_kiso = 268.2695795279727]
# schema: astropy-2.0
time swift_uvot_uvw2 swift_uvot_uvm2 swift_uvot_uvw1 swift_uvot_U swift_uvot_B swift_uvot_V swift_uvot_W johnson_U johnson_B johnson_V johnson_R johnson_I sdss_u sdss_g sdss_r sdss_i sdss_z PS1_g PS1_r PS1_i PS1_z PS1_Y PS1_w ATLAS_c ATLAS_o ukirt_J ukirt_H ukirt_K Clear
[from data line 478]
887.8575 4.752 4.801 4.726 4.533 4.391 4.252 4.612 4.511 4.388 4.247 4.106 3.957 4.516 4.343 4.171 4.051 3.94 4.28 4.137 4.017 3.918 3.75 4.174 4.269 4.116 3.728 3.559 3.368 4.083
909.2754 4.817 4.867 4.792 4.599 4.457 4.317 4.678 4.577 4.454 4.312 4.172 4.023 4.582 4.409 4.237 4.116 4.006 4.345 4.203 4.083 3.984 3.816 4.239 4.335 4.182 3.794 3.625 3.434 4.149
931.21 4.883 4.932 4.858 4.665 4.522 4.383 4.744 4.642 4.52 4.378 4.237 4.089 4.647 4.475 4.303 4.182 4.072 4.411 4.268 4.149 4.05 3.881 4.305 4.4 4.248 3.86 3.69 3.5 4.215
953.6737 4.949 4.998 4.923 4.73 4.588 4.449 4.81 4.708 4.586 4.444 4.303 4.155 4.713 4.54 4.369 4.248 4.137 4.477 4.334 4.214 4.115 3.947 4.371 4.466 4.313 3.925 3.756 3.566 4.281
976.6793 5.014 5.064 4.989 4.796 4.654 4.515 4.875 4.774 4.651 4.509 4.369 4.22 4.779 4.606 4.434 4.314 4.203 4.542 4.4 4.28 4.181 4.013 4.437 4.532 4.379 3.991 3.822 3.631 4.346
1000.2399 5.074 5.123 5.049 4.856 4.713 4.574 4.935 4.833 4.711 4.569 4.428 4.28 4.838 4.666 4.494 4.373 4.262 4.602 4.459 4.34 4.24 4.072 4.496 4.591 4.438 4.051 3.881 3.691 4.406
1024.3688 5.13 5.179 5.105 4.912 4.769 4.63 4.991 4.889 4.767 4.625 4.485 4.336 4.894 4.722 4.55 4.429 4.319 4.658 4.515 4.396 4.297 4.128 4.552 4.647 4.495 4.107 3.937 3.747 4.462
1049.0798 5.186 5.236 5.161 4.968 4.825 4.686 5.047 4.945 4.823 4.681 4.541 4.392 4.95 4.778 4.606 4.485 4.375 4.714 4.572 4.452 4.353 4.184 4.608 4.703 4.551 4.163 3.993 3.803 4.518
1074.3869 5.242 5.292 5.217 5.024 4.881 4.742 5.103 5.001 4.879 4.737 4.597 4.448 5.007 4.834 4.662 4.541 4.431 4.77 4.628 4.508 4.409 4.24 4.664 4.76 4.607 4.219 4.049 3.859 4.574
1100.3045 5.298 5.348 5.273 5.08 4.938 4.798 5.159 5.058 4.935 4.793 4.653 4.504 5.063 4.89 4.718 4.597 4.487 4.826 4.684 4.564 4.465 4.297 4.72 4.816 4.663 4.275 4.106 3.915 4.63
1126.8473 5.354 5.404 5.329 5.136 4.994 4.854 5.215 5.114 4.991 4.849 4.709 4.56 5.119 4.946 4.774 4.654 4.543 4.882 4.74 4.62 4.521 4.353 4.777 4.872 4.719 4.331 4.162 3.971 4.686
1154.0304 5.41 5.46 5.385 5.192 5.05 4.911 5.271 5.17 5.047 4.905 4.765 4.616 5.175 5.002 4.83 4.71 4.599 4.938 4.796 4.676 4.577 4.409 4.833 4.928 4.775 4.387 4.218 4.027 4.742
1181.8693 5.467 5.516 5.441 5.248 5.106 4.967 5.327 5.226 5.103 4.962 4.821 4.672 5.231 5.058 4.886 4.766 4.655 4.995 4.852 4.732 4.633 4.465 4.889 4.984 4.831 4.443 4.274 4.083 4.798
1210.3797 5.523 5.572 5.497 5.304 5.162 5.023 5.384 5.282 5.159 5.018 4.877 4.729 5.287 5.114 4.943 4.822 4.711 5.051 4.908 4.788 4.689 4.521 4.945 5.04 4.887 4.499 4.33 4.14 4.855
1239.5778 5.579 5.628 5.553 5.36 5.218 5.079 5.44 5.338 5.216 5.074 4.933 4.785 5.343 5.17 4.999 4.878 4.767 5.107 4.964 4.844 4.745 4.577 5.001 5.096 4.943 4.555 4.386 4.196 4.911
1269.4803 5.633 5.683 5.608 5.415 5.273 5.133 5.494 5.393 5.27 5.128 4.988 4.839 5.398 5.225 5.053 4.933 4.822 5.161 5.019 4.899 4.8 4.632 5.055 5.151 4.998 4.61 4.441 4.25 4.965
1300.1042 5.688 5.737 5.662 5.469 5.327 5.188 5.548 5.447 5.324 5.183 5.042 4.893 5.452 5.279 5.107 4.987 4.876 5.216 5.073 4.953 4.854 4.686 5.11 5.205 5.052 4.664 4.495 4.304 5.019
1331.4668 5.742 5.791 5.716 5.523 5.381 5.242 5.603 5.501 5.379 5.237 5.096 4.948 5.506 5.334 5.162 5.041 4.93 5.27 5.127 5.007 4.908 4.74 5.164 5.259 5.106 4.718 4.549 4.359 5.074
1363.586 5.796 5.845 5.771 5.578 5.435 5.296 5.657 5.555 5.433 5.291 5.151 5.002 5.56 5.388 5.216 5.095 4.985 5.324 5.181 5.062 4.963 4.794 5.218 5.313 5.161 4.773 4.603 4.413 5.128
1396.48 5.85 5.9 5.825 5.632 5.489 5.35 5.711 5.61 5.487 5.345 5.205 5.056 5.615 5.442 5.27 5.149 5.039 5.378 5.236 5.116 5.017 4.849 5.272 5.368 5.215 4.827 4.657 4.467 5.182
1430.1675 5.904 5.954 5.879 5.686 5.544 5.405 5.765 5.664 5.541 5.399 5.259 5.11 5.669 5.496 5.324 5.204 5.093 5.432 5.29 5.17 5.071 4.903 5.327 5.422 5.269 4.881 4.712 4.521 5.236
1464.6676 5.959 6.008 5.933 5.74 5.598 5.459 5.82 5.718 5.596 5.454 5.313 5.165 5.723 5.55 5.379 5.258 5.147 5.487 5.344 5.224 5.125 4.957 5.381 5.476 5.323 4.935 4.766 4.576 5.291
1500.0 6.013 6.062 5.988 5.795 5.652 5.513 5.874 5.772 5.65 5.508 5.367 5.219 5.777 5.605 5.433 5.312 5.201 5.541 5.398 5.278 5.179 5.011 5.435 5.53 5.377 4.99 4.82 4.63 5.345
