web/models/grb/offaxis/10/grb_0.2967_3.7276_0.0001585.dat
# %ECSV 1.0
# ---
# datatype:
# - {name: time, datatype: float64}
# - {name: swift_uvot_uvw2, datatype: float64}
# - {name: swift_uvot_uvm2, datatype: float64}
# - {name: swift_uvot_uvw1, datatype: float64}
# - {name: swift_uvot_U, datatype: float64}
# - {name: swift_uvot_B, datatype: float64}
# - {name: swift_uvot_V, datatype: float64}
# - {name: swift_uvot_W, datatype: float64}
# - {name: johnson_U, datatype: float64}
# - {name: johnson_B, datatype: float64}
# - {name: johnson_V, datatype: float64}
# - {name: johnson_R, datatype: float64}
# - {name: johnson_I, datatype: float64}
# - {name: sdss_u, datatype: float64}
# - {name: sdss_g, datatype: float64}
# - {name: sdss_r, datatype: float64}
# - {name: sdss_i, datatype: float64}
# - {name: sdss_z, datatype: float64}
# - {name: PS1_g, datatype: float64}
# - {name: PS1_r, datatype: float64}
# - {name: PS1_i, datatype: float64}
# - {name: PS1_z, datatype: float64}
# - {name: PS1_Y, datatype: float64}
# - {name: ukirt_J, datatype: float64}
# - {name: ukirt_H, datatype: float64}
# - {name: ukirt_K, datatype: float64}
# meta: !!omap
# - comment: [E = 0.0016176451642579408, Eta0 = 8.02, GammaB = 12.0, dL = 0.012188, epsb = 6.760829753919819e-06, epse = 0.1, n = 0.00015848931924611142,
#     p = 2.15, theta_obs = 0.29670597283903605, xiN = 1.0, z = 0.0, type = grb, E_kiso = 3.7275937203149416]
# schema: astropy-2.0
time swift_uvot_uvw2 swift_uvot_uvm2 swift_uvot_uvw1 swift_uvot_U swift_uvot_B swift_uvot_V swift_uvot_W johnson_U johnson_B johnson_V johnson_R johnson_I sdss_u sdss_g sdss_r sdss_i sdss_z PS1_g PS1_r PS1_i PS1_z PS1_Y ukirt_J ukirt_H ukirt_K
[from data line 307]
15.0702 3.842 3.892 3.817 3.624 3.482 3.342 3.703 3.602 3.479 3.337 3.197 3.048 3.607 3.434 3.262 3.142 3.031 3.37 3.228 3.108 3.009 2.841 2.819 2.65 2.459
15.4338 3.843 3.892 3.818 3.625 3.482 3.343 3.704 3.602 3.48 3.338 3.197 3.049 3.607 3.435 3.263 3.142 3.031 3.371 3.228 3.108 3.009 2.841 2.819 2.65 2.46
15.8061 3.844 3.894 3.819 3.626 3.484 3.345 3.705 3.604 3.481 3.339 3.199 3.05 3.609 3.436 3.264 3.144 3.033 3.372 3.23 3.11 3.011 2.843 2.821 2.652 2.461
16.1874 3.847 3.896 3.821 3.628 3.486 3.347 3.708 3.606 3.484 3.342 3.201 3.053 3.611 3.438 3.267 3.146 3.035 3.375 3.232 3.112 3.013 2.845 2.823 2.654 2.464
16.5779 3.849 3.899 3.824 3.631 3.488 3.349 3.71 3.608 3.486 3.344 3.204 3.055 3.613 3.441 3.269 3.148 3.038 3.377 3.234 3.115 3.016 2.847 2.826 2.656 2.466
16.9778 3.851 3.901 3.826 3.633 3.491 3.352 3.712 3.611 3.488 3.346 3.206 3.057 3.616 3.443 3.271 3.151 3.04 3.379 3.237 3.117 3.018 2.85 2.828 2.659 2.468
17.3873 3.854 3.903 3.828 3.635 3.493 3.354 3.715 3.613 3.491 3.349 3.208 3.06 3.618 3.445 3.274 3.153 3.042 3.382 3.239 3.119 3.02 2.852 2.83 2.661 2.471
17.8068 3.856 3.906 3.831 3.638 3.495 3.356 3.717 3.615 3.493 3.351 3.211 3.062 3.62 3.448 3.276 3.155 3.045 3.384 3.241 3.122 3.023 2.854 2.833 2.663 2.473
18.2363 3.858 3.908 3.833 3.64 3.498 3.359 3.719 3.618 3.495 3.353 3.213 3.064 3.623 3.45 3.278 3.158 3.047 3.386 3.244 3.124 3.025 2.857 2.835 2.666 2.475
18.6762 3.861 3.91 3.835 3.642 3.5 3.361 3.722 3.62 3.498 3.356 3.215 3.067 3.625 3.453 3.281 3.16 3.049 3.389 3.246 3.126 3.027 2.859 2.837 2.668 2.478
19.1268 3.863 3.913 3.838 3.645 3.502 3.363 3.724 3.622 3.5 3.358 3.218 3.069 3.627 3.455 3.283 3.162 3.052 3.391 3.249 3.129 3.03 2.861 2.84 2.67 2.48
19.5882 3.865 3.915 3.84 3.647 3.505 3.366 3.726 3.625 3.502 3.36 3.22 3.071 3.63 3.457 3.285 3.165 3.054 3.393 3.251 3.131 3.032 2.864 2.842 2.673 2.482
20.0607 3.865 3.915 3.84 3.647 3.504 3.365 3.726 3.624 3.502 3.36 3.22 3.071 3.629 3.457 3.285 3.164 3.054 3.393 3.251 3.131 3.032 2.863 2.842 2.672 2.482
20.5446 3.863 3.913 3.838 3.645 3.503 3.364 3.724 3.623 3.5 3.358 3.218 3.069 3.628 3.455 3.283 3.163 3.052 3.391 3.249 3.129 3.03 2.862 2.84 2.671 2.48
21.0402 3.862 3.911 3.836 3.643 3.501 3.362 3.723 3.621 3.499 3.357 3.216 3.068 3.626 3.453 3.282 3.161 3.05 3.39 3.247 3.127 3.028 2.86 2.838 2.669 2.479
21.5478 3.86 3.909 3.835 3.642 3.499 3.36 3.721 3.619 3.497 3.355 3.214 3.066 3.624 3.452 3.28 3.159 3.048 3.388 3.245 3.126 3.027 2.858 2.837 2.667 2.477
22.0676 3.858 3.908 3.833 3.64 3.497 3.358 3.719 3.618 3.495 3.353 3.213 3.064 3.623 3.45 3.278 3.157 3.047 3.386 3.244 3.124 3.025 2.857 2.835 2.665 2.475
22.5999 3.857 3.906 3.831 3.638 3.496 3.357 3.717 3.616 3.493 3.351 3.211 3.062 3.621 3.448 3.276 3.156 3.045 3.384 3.242 3.122 3.023 2.855 2.833 2.664 2.473
23.1451 3.855 3.904 3.829 3.636 3.494 3.355 3.716 3.614 3.492 3.35 3.209 3.061 3.619 3.447 3.275 3.154 3.043 3.383 3.24 3.12 3.021 2.853 2.831 2.662 2.472
23.7034 3.853 3.903 3.828 3.635 3.492 3.353 3.714 3.612 3.49 3.348 3.208 3.059 3.617 3.445 3.273 3.152 3.042 3.381 3.238 3.119 3.02 2.851 2.83 2.66 2.47
24.2752 3.851 3.901 3.826 3.633 3.491 3.351 3.712 3.611 3.488 3.346 3.206 3.057 3.616 3.443 3.271 3.151 3.04 3.379 3.237 3.117 3.018 2.85 2.828 2.659 2.468
24.8608 3.85 3.899 3.824 3.631 3.489 3.35 3.711 3.609 3.486 3.345 3.204 3.056 3.614 3.441 3.27 3.149 3.038 3.378 3.235 3.115 3.016 2.848 2.826 2.657 2.467
25.4606 3.881 3.93 3.856 3.663 3.52 3.381 3.742 3.64 3.518 3.376 3.235 3.087 3.645 3.473 3.301 3.18 3.07 3.409 3.266 3.147 3.048 2.879 2.858 2.688 2.498
26.0748 3.92 3.97 3.895 3.702 3.56 3.42 3.781 3.68 3.557 3.415 3.275 3.126 3.685 3.512 3.34 3.22 3.109 3.448 3.306 3.186 3.087 2.919 2.897 2.728 2.537
26.7038 3.96 4.009 3.934 3.741 3.599 3.46 3.821 3.719 3.596 3.455 3.314 3.166 3.724 3.551 3.38 3.259 3.148 3.488 3.345 3.225 3.126 2.958 2.936 2.767 2.577
27.3479 3.999 4.048 3.974 3.781 3.638 3.499 3.86 3.758 3.636 3.494 3.353 3.205 3.763 3.591 3.419 3.298 3.188 3.527 3.384 3.265 3.166 2.997 2.976 2.806 2.616
28.0077 4.038 4.088 4.013 3.82 3.678 3.538 3.899 3.798 3.675 3.533 3.393 3.244 3.803 3.63 3.458 3.337 3.227 3.566 3.424 3.304 3.205 3.037 3.015 2.846 2.655
28.6833 4.078 4.127 4.052 3.859 3.717 3.578 3.939 3.837 3.714 3.573 3.432 3.284 3.842 3.669 3.497 3.377 3.266 3.606 3.463 3.343 3.244 3.076 3.054 2.885 2.695
29.3752 4.117 4.166 4.092 3.899 3.756 3.617 3.978 3.876 3.754 3.612 3.471 3.323 3.881 3.709 3.537 3.416 3.305 3.645 3.502 3.383 3.283 3.115 3.094 2.924 2.734
30.0838 4.156 4.206 4.131 3.938 3.796 3.656 4.017 3.916 3.793 3.651 3.511 3.362 3.921 3.748 3.576 3.455 3.345 3.684 3.542 3.422 3.323 3.155 3.133 2.964 2.773
30.8096 4.196 4.245 4.17 3.977 3.835 3.696 4.057 3.955 3.832 3.691 3.55 3.401 3.96 3.787 3.615 3.495 3.384 3.724 3.581 3.461 3.362 3.194 3.172 3.003 2.812
31.5528 4.235 4.284 4.21 4.017 3.874 3.735 4.096 3.994 3.872 3.73 3.589 3.441 3.999 3.827 3.655 3.534 3.423 3.763 3.62 3.5 3.401 3.233 3.211 3.042 2.852
32.3139 4.296 4.346 4.271 4.078 3.936 3.797 4.157 4.056 3.933 3.791 3.651 3.502 4.061 3.888 3.716 3.596 3.485 3.824 3.682 3.562 3.463 3.295 3.273 3.104 2.913
33.0935 4.359 4.409 4.334 4.141 3.998 3.859 4.22 4.118 3.996 3.854 3.714 3.565 4.123 3.951 3.779 3.658 3.548 3.887 3.744 3.625 3.526 3.357 3.336 3.166 2.976
33.8918 4.422 4.471 4.396 4.203 4.061 3.922 4.283 4.181 4.059 3.917 3.776 3.628 4.186 4.013 3.842 3.721 3.61 3.95 3.807 3.687 3.588 3.42 3.398 3.229 3.039
34.7093 4.484 4.534 4.459 4.266 4.124 3.985 4.345 4.244 4.121 3.979 3.839 3.69 4.249 4.076 3.904 3.784 3.673 4.012 3.87 3.75 3.651 3.483 3.461 3.292 3.101
35.5466 4.547 4.597 4.522 4.329 4.186 4.047 4.408 4.306 4.184 4.042 3.902 3.753 4.311 4.139 3.967 3.846 3.736 4.075 3.933 3.813 3.714 3.545 3.524 3.354 3.164
36.4041 4.61 4.659 4.584 4.391 4.249 4.11 4.471 4.369 4.247 4.105 3.964 3.816 4.374 4.201 4.03 3.909 3.798 4.138 3.995 3.875 3.776 3.608 3.586 3.417 3.227
37.2823 4.672 4.722 4.647 4.454 4.312 4.173 4.533 4.432 4.309 4.167 4.027 3.878 4.437 4.264 4.092 3.972 3.861 4.2 4.058 3.938 3.839 3.671 3.649 3.48 3.289
38.1817 4.735 4.785 4.71 4.517 4.374 4.235 4.596 4.494 4.372 4.23 4.09 3.941 4.499 4.327 4.155 4.034 3.924 4.263 4.121 4.001 3.902 3.733 3.712 3.542 3.352
39.1028 4.798 4.847 4.772 4.579 4.437 4.298 4.659 4.557 4.435 4.293 4.152 4.004 4.562 4.39 4.218 4.097 3.986 4.326 4.183 4.063 3.964 3.796 3.774 3.605 3.415
40.046 4.861 4.911 4.836 4.643 4.501 4.361 4.722 4.621 4.498 4.356 4.216 4.067 4.626 4.453 4.281 4.16 4.05 4.389 4.247 4.127 4.028 3.86 3.838 3.669 3.478
41.0121 4.933 4.983 4.908 4.715 4.572 4.433 4.794 4.692 4.57 4.428 4.288 4.139 4.697 4.525 4.353 4.232 4.122 4.461 4.318 4.199 4.1 3.931 3.91 3.74 3.55
42.0014 5.005 5.054 4.979 4.786 4.644 4.505 4.866 4.764 4.642 4.5 4.359 4.211 4.769 4.596 4.425 4.304 4.193 4.533 4.39 4.27 4.171 4.003 3.981 3.812 3.622
43.0146 5.077 5.126 5.051 4.858 4.716 4.577 4.937 4.836 4.713 4.571 4.431 4.282 4.841 4.668 4.496 4.376 4.265 4.604 4.462 4.342 4.243 4.075 4.053 3.884 3.693
44.0523 5.148 5.198 5.123 4.93 4.787 4.648 5.009 4.908 4.785 4.643 4.503 4.354 4.913 4.74 4.568 4.447 4.337 4.676 4.534 4.414 4.315 4.147 4.125 3.955 3.765
45.1149 5.22 5.269 5.195 5.002 4.859 4.72 5.081 4.979 4.857 4.715 4.574 4.426 4.984 4.812 4.64 4.519 4.409 4.748 4.605 4.486 4.387 4.218 4.197 4.027 3.837
46.2033 5.292 5.341 5.266 5.073 4.931 4.792 5.153 5.051 4.929 4.787 4.646 4.498 5.056 4.883 4.712 4.591 4.48 4.82 4.677 4.557 4.458 4.29 4.268 4.099 3.909
47.3178 5.363 5.413 5.338 5.145 5.003 4.864 5.224 5.123 5.0 4.858 4.718 4.569 5.128 4.955 4.783 4.663 4.552 4.891 4.749 4.629 4.53 4.362 4.34 4.171 3.98
48.4593 5.435 5.485 5.41 5.217 5.074 4.935 5.296 5.194 5.072 4.93 4.79 4.641 5.199 5.027 4.855 4.734 4.624 4.963 4.821 4.701 4.602 4.433 4.412 4.242 4.052
49.6283 5.507 5.556 5.482 5.289 5.146 5.007 5.368 5.266 5.144 5.002 4.861 4.713 5.271 5.099 4.927 4.806 4.695 5.035 4.892 4.772 4.673 4.505 4.483 4.314 4.124
50.8255 5.579 5.628 5.553 5.36 5.218 5.079 5.44 5.338 5.216 5.074 4.933 4.785 5.343 5.171 4.999 4.878 4.767 5.107 4.964 4.844 4.745 4.577 4.555 4.386 4.196
52.0515 5.651 5.701 5.626 5.433 5.291 5.151 5.512 5.411 5.288 5.146 5.006 4.857 5.416 5.243 5.071 4.951 4.84 5.179 5.037 4.917 4.818 4.65 4.628 4.459 4.268
53.3072 5.724 5.773 5.698 5.506 5.363 5.224 5.585 5.483 5.361 5.219 5.078 4.93 5.488 5.316 5.144 5.023 4.912 5.252 5.109 4.989 4.89 4.722 4.7 4.531 4.341
54.5931 5.796 5.846 5.771 5.578 5.436 5.297 5.657 5.556 5.433 5.291 5.151 5.002 5.561 5.388 5.216 5.096 4.985 5.324 5.182 5.062 4.963 4.795 4.773 4.604 4.413
55.9101 5.869 5.918 5.844 5.651 5.508 5.369 5.73 5.628 5.506 5.364 5.223 5.075 5.633 5.461 5.289 5.168 5.057 5.397 5.254 5.135 5.035 4.867 4.846 4.676 4.486
57.2588 5.941 5.991 5.916 5.723 5.581 5.442 5.802 5.701 5.578 5.436 5.296 5.147 5.706 5.533 5.361 5.241 5.13 5.469 5.327 5.207 5.108 4.94 4.918 4.749 4.558
58.6401 6.014 6.063 5.989 5.796 5.653 5.514 5.875 5.773 5.651 5.509 5.368 5.22 5.778 5.606 5.434 5.313 5.203 5.542 5.399 5.28 5.181 5.012 4.991 4.821 4.631
60.0546 6.087 6.136 6.061 5.868 5.726 5.587 5.947 5.846 5.723 5.582 5.441 5.292 5.851 5.678 5.506 5.386 5.275 5.614 5.472 5.352 5.253 5.085 5.063 4.894 4.703
61.5034 6.159 6.209 6.134 5.941 5.798 5.659 6.02 5.918 5.796 5.654 5.514 5.365 5.923 5.751 5.579 5.458 5.348 5.687 5.544 5.425 5.326 5.157 5.136 4.966 4.776
62.987 6.232 6.281 6.206 6.013 5.871 5.732 6.093 5.991 5.868 5.727 5.586 5.438 5.996 5.823 5.651 5.531 5.42 5.76 5.617 5.497 5.398 5.23 5.208 5.039 4.848
64.5065 6.302 6.351 6.276 6.083 5.941 5.802 6.162 6.061 5.938 5.797 5.656 5.507 6.066 5.893 5.721 5.601 5.49 5.83 5.687 5.567 5.468 5.3 5.278 5.109 4.918
66.0626 6.367 6.417 6.342 6.149 6.007 5.867 6.228 6.127 6.004 5.862 5.722 5.573 6.132 5.959 5.787 5.666 5.556 5.895 5.753 5.633 5.534 5.366 5.344 5.175 4.984
67.6562 6.433 6.482 6.408 6.215 6.072 5.933 6.294 6.192 6.07 5.928 5.787 5.639 6.197 6.025 5.853 5.732 5.622 5.961 5.818 5.699 5.6 5.431 5.41 5.24 5.05
69.2883 6.499 6.548 6.473 6.28 6.138 5.999 6.36 6.258 6.136 5.994 5.853 5.705 6.263 6.09 5.919 5.798 5.687 6.027 5.884 5.764 5.665 5.497 5.475 5.306 5.116
70.9597 6.564 6.614 6.539 6.346 6.204 6.065 6.425 6.324 6.201 6.059 5.919 5.77 6.329 6.156 5.984 5.864 5.753 6.092 5.95 5.83 5.731 5.563 5.541 5.372 5.181
72.6715 6.63 6.68 6.605 6.412 6.269 6.13 6.491 6.389 6.267 6.125 5.985 5.836 6.394 6.222 6.05 5.929 5.819 6.158 6.016 5.896 5.797 5.628 5.607 5.437 5.247
74.4246 6.696 6.745 6.67 6.478 6.335 6.196 6.557 6.455 6.333 6.191 6.05 5.902 6.46 6.288 6.116 5.995 5.884 6.224 6.081 5.961 5.862 5.694 5.672 5.503 5.313
76.2199 6.762 6.811 6.736 6.543 6.401 6.262 6.623 6.521 6.398 6.257 6.116 5.967 6.526 6.353 6.181 6.061 5.95 6.29 6.147 6.027 5.928 5.76 5.738 5.569 5.378
78.0586 6.827 6.877 6.802 6.609 6.467 6.327 6.688 6.587 6.464 6.322 6.182 6.033 6.592 6.419 6.247 6.126 6.016 6.355 6.213 6.093 5.994 5.826 5.804 5.635 5.444
79.9416 6.893 6.942 6.868 6.675 6.532 6.393 6.754 6.652 6.53 6.388 6.247 6.099 6.657 6.485 6.313 6.192 6.082 6.421 6.278 6.159 6.06 5.891 5.87 5.7 5.51
81.87 6.954 7.003 6.928 6.735 6.593 6.454 6.815 6.713 6.591 6.449 6.308 6.16 6.718 6.545 6.374 6.253 6.142 6.482 6.339 6.219 6.12 5.952 5.93 5.761 5.571
83.845 7.01 7.059 6.984 6.791 6.649 6.51 6.871 6.769 6.647 6.505 6.364 6.216 6.774 6.602 6.43 6.309 6.198 6.538 6.395 6.275 6.176 6.008 5.986 5.817 5.627
85.8676 7.066 7.115 7.04 6.848 6.705 6.566 6.927 6.825 6.703 6.561 6.42 6.272 6.83 6.658 6.486 6.365 6.254 6.594 6.451 6.331 6.232 6.064 6.042 5.873 5.683
87.939 7.122 7.171 7.097 6.904 6.761 6.622 6.983 6.881 6.759 6.617 6.476 6.328 6.886 6.714 6.542 6.421 6.31 6.65 6.507 6.388 6.289 6.12 6.099 5.929 5.739
90.0604 7.178 7.228 7.153 6.96 6.817 6.678 7.039 6.937 6.815 6.673 6.533 6.384 6.942 6.77 6.598 6.477 6.367 6.706 6.563 6.444 6.345 6.176 6.155 5.985 5.795
92.2329 7.234 7.284 7.209 7.016 6.873 6.734 7.095 6.993 6.871 6.729 6.589 6.44 6.998 6.826 6.654 6.533 6.423 6.762 6.62 6.5 6.401 6.232 6.211 6.041 5.851
94.4579 7.29 7.34 7.265 7.072 6.929 6.79 7.151 7.049 6.927 6.785 6.645 6.496 7.055 6.882 6.71 6.589 6.479 6.818 6.676 6.556 6.457 6.288 6.267 6.097 5.907
96.7365 7.346 7.396 7.321 7.128 6.986 6.846 7.207 7.106 6.983 6.841 6.701 6.552 7.111 6.938 6.766 6.645 6.535 6.874 6.732 6.612 6.513 6.345 6.323 6.154 5.963
99.0701 7.402 7.452 7.377 7.184 7.042 6.903 7.263 7.162 7.039 6.897 6.757 6.608 7.167 6.994 6.822 6.702 6.591 6.93 6.788 6.668 6.569 6.401 6.379 6.21 6.019
101.4599 7.458 7.508 7.433 7.24 7.098 6.959 7.319 7.218 7.095 6.953 6.813 6.664 7.223 7.05 6.878 6.758 6.647 6.986 6.844 6.724 6.625 6.457 6.435 6.266 6.075
103.9075 7.513 7.563 7.488 7.295 7.153 7.013 7.374 7.273 7.15 7.008 6.868 6.719 7.278 7.105 6.933 6.812 6.702 7.041 6.899 6.779 6.68 6.512 6.49 6.321 6.13
106.4141 7.568 7.617 7.542 7.349 7.207 7.068 7.428 7.327 7.204 7.063 6.922 6.773 7.332 7.159 6.987 6.867 6.756 7.096 6.953 6.833 6.734 6.566 6.544 6.375 6.184
108.9811 7.622 7.671 7.596 7.403 7.261 7.122 7.483 7.381 7.259 7.117 6.976 6.828 7.386 7.213 7.042 6.921 6.81 7.15 7.007 6.887 6.788 6.62 6.598 6.429 6.239
111.6101 7.676 7.725 7.651 7.458 7.315 7.176 7.537 7.435 7.313 7.171 7.03 6.882 7.44 7.268 7.096 6.975 6.865 7.204 7.061 6.942 6.843 6.674 6.653 6.483 6.293
114.3025 7.73 7.78 7.705 7.512 7.369 7.23 7.591 7.489 7.367 7.225 7.085 6.936 7.495 7.322 7.15 7.029 6.919 7.258 7.116 6.996 6.897 6.729 6.707 6.537 6.347
117.0598 7.784 7.834 7.759 7.566 7.424 7.285 7.645 7.544 7.421 7.279 7.139 6.99 7.549 7.376 7.204 7.084 6.973 7.312 7.17 7.05 6.951 6.783 6.761 6.592 6.401
119.8836 7.839 7.888 7.813 7.62 7.478 7.339 7.7 7.598 7.476 7.334 7.193 7.045 7.603 7.43 7.259 7.138 7.027 7.367 7.224 7.104 7.005 6.837 6.815 6.646 6.456
122.7756 7.893 7.942 7.868 7.675 7.532 7.393 7.754 7.652 7.53 7.388 7.247 7.099 7.657 7.485 7.313 7.192 7.081 7.421 7.278 7.158 7.059 6.891 6.869 6.7 6.51
125.7373 7.947 7.997 7.922 7.729 7.586 7.447 7.808 7.706 7.584 7.442 7.302 7.153 7.711 7.539 7.367 7.246 7.136 7.475 7.333 7.213 7.114 6.945 6.924 6.754 6.564
128.7705 8.001 8.051 7.976 7.783 7.641 7.501 7.862 7.761 7.638 7.496 7.356 7.207 7.766 7.593 7.421 7.301 7.19 7.529 7.387 7.267 7.168 7.0 6.978 6.809 6.618
131.8769 8.051 8.101 8.026 7.833 7.69 7.551 7.912 7.811 7.688 7.546 7.406 7.257 7.816 7.643 7.471 7.35 7.24 7.579 7.437 7.317 7.218 7.05 7.028 6.858 6.668
135.0582 8.1 8.15 8.075 7.882 7.739 7.6 7.961 7.859 7.737 7.595 7.455 7.306 7.864 7.692 7.52 7.399 7.289 7.628 7.486 7.366 7.267 7.098 7.077 6.907 6.717
138.3162 8.149 8.198 8.124 7.931 7.788 7.649 8.01 7.908 7.786 7.644 7.503 7.355 7.913 7.741 7.569 7.448 7.337 7.677 7.534 7.415 7.316 7.147 7.126 6.956 6.766
141.6528 8.198 8.247 8.172 7.979 7.837 7.698 8.059 7.957 7.835 7.693 7.552 7.404 7.962 7.79 7.618 7.497 7.386 7.726 7.583 7.463 7.364 7.196 7.174 7.005 6.815
145.0699 8.247 8.296 8.221 8.028 7.886 7.747 8.108 8.006 7.884 7.742 7.601 7.453 8.011 7.838 7.667 7.546 7.435 7.775 7.632 7.512 7.413 7.245 7.223 7.054 6.864
148.5695 8.296 8.345 8.27 8.077 7.935 7.796 8.156 8.055 7.932 7.791 7.65 7.501 8.06 7.887 7.715 7.595 7.484 7.824 7.681 7.561 7.462 7.294 7.272 7.103 6.912
152.1534 8.344 8.394 8.319 8.126 7.984 7.845 8.205 8.104 7.981 7.839 7.699 7.55 8.109 7.936 7.764 7.644 7.533 7.872 7.73 7.61 7.511 7.343 7.321 7.152 6.961
155.8238 8.393 8.443 8.368 8.175 8.032 7.893 8.254 8.153 8.03 7.888 7.748 7.599 8.158 7.985 7.813 7.692 7.582 7.921 7.779 7.659 7.56 7.392 7.37 7.201 7.01
159.5828 8.442 8.492 8.417 8.224 8.081 7.942 8.303 8.201 8.079 7.937 7.797 7.648 8.206 8.034 7.862 7.741 7.631 7.97 7.828 7.708 7.609 7.44 7.419 7.249 7.059
163.4324 8.491 8.54 8.466 8.273 8.13 7.991 8.352 8.25 8.128 7.986 7.845 7.697 8.255 8.083 7.911 7.79 7.68 8.019 7.876 7.757 7.658 7.489 7.468 7.298 7.108
167.375 8.536 8.585 8.511 8.318 8.175 8.036 8.397 8.295 8.173 8.031 7.89 7.742 8.3 8.128 7.956 7.835 7.724 8.064 7.921 7.802 7.703 7.534 7.513 7.343 7.153
