web/models/grb/offaxis/10/grb_0.2967_3.7276_0.0000063.dat
# %ECSV 1.0
# ---
# datatype:
# - {name: time, datatype: float64}
# - {name: swift_uvot_uvw2, datatype: float64}
# - {name: swift_uvot_uvm2, datatype: float64}
# - {name: swift_uvot_uvw1, datatype: float64}
# - {name: swift_uvot_U, datatype: float64}
# - {name: swift_uvot_B, datatype: float64}
# - {name: swift_uvot_V, datatype: float64}
# - {name: swift_uvot_W, datatype: float64}
# - {name: johnson_U, datatype: float64}
# - {name: johnson_B, datatype: float64}
# - {name: johnson_V, datatype: float64}
# - {name: johnson_R, datatype: float64}
# - {name: johnson_I, datatype: float64}
# - {name: sdss_u, datatype: float64}
# - {name: sdss_g, datatype: float64}
# - {name: sdss_r, datatype: float64}
# - {name: sdss_i, datatype: float64}
# - {name: sdss_z, datatype: float64}
# - {name: PS1_g, datatype: float64}
# - {name: PS1_r, datatype: float64}
# - {name: PS1_i, datatype: float64}
# - {name: PS1_z, datatype: float64}
# - {name: PS1_Y, datatype: float64}
# - {name: ukirt_J, datatype: float64}
# - {name: ukirt_H, datatype: float64}
# - {name: ukirt_K, datatype: float64}
# meta: !!omap
# - comment: [E = 0.0016176451642579408, Eta0 = 8.02, GammaB = 12.0, dL = 0.012188, epsb = 6.760829753919819e-06, epse = 0.1, n = 6.30957344480193e-06,
#     p = 2.15, theta_obs = 0.29670597283903605, xiN = 1.0, z = 0.0, type = grb, E_kiso = 3.7275937203149416]
# schema: astropy-2.0
time swift_uvot_uvw2 swift_uvot_uvm2 swift_uvot_uvw1 swift_uvot_U swift_uvot_B swift_uvot_V swift_uvot_W johnson_U johnson_B johnson_V johnson_R johnson_I sdss_u sdss_g sdss_r sdss_i sdss_z PS1_g PS1_r PS1_i PS1_z PS1_Y ukirt_J ukirt_H ukirt_K
[from data line 418]
212.4283 9.381 9.431 9.356 9.163 9.02 8.881 9.242 9.14 9.018 8.876 8.736 8.587 9.145 8.973 8.801 8.68 8.57 8.909 8.767 8.647 8.548 8.379 8.358 8.188 7.998
217.5527 9.447 9.496 9.422 9.229 9.086 8.947 9.308 9.206 9.084 8.942 8.801 8.653 9.211 9.039 8.867 8.746 8.635 8.975 8.832 8.712 8.613 8.445 8.423 8.254 8.064
222.8008 9.513 9.562 9.487 9.294 9.152 9.013 9.374 9.272 9.149 9.008 8.867 8.719 9.277 9.104 8.932 8.812 8.701 9.041 8.898 8.778 8.679 8.511 8.489 8.32 8.13
228.1754 9.578 9.628 9.553 9.36 9.218 9.078 9.439 9.338 9.215 9.073 8.933 8.784 9.343 9.17 8.998 8.878 8.767 9.106 8.964 8.844 8.745 8.577 8.555 8.386 8.195
233.6797 9.644 9.694 9.619 9.426 9.283 9.144 9.505 9.403 9.281 9.139 8.999 8.85 9.408 9.236 9.064 8.943 8.833 9.172 9.029 8.91 8.811 8.642 8.621 8.451 8.261
239.3168 9.706 9.755 9.68 9.487 9.345 9.206 9.566 9.465 9.342 9.2 9.06 8.911 9.47 9.297 9.125 9.005 8.894 9.233 9.091 8.971 8.872 8.704 8.682 8.513 8.322
245.0899 9.762 9.811 9.736 9.543 9.401 9.262 9.623 9.521 9.398 9.257 9.116 8.968 9.526 9.353 9.181 9.061 8.95 9.29 9.147 9.027 8.928 8.76 8.738 8.569 8.379
251.0022 9.818 9.867 9.792 9.599 9.457 9.318 9.679 9.577 9.455 9.313 9.172 9.024 9.582 9.409 9.238 9.117 9.006 9.346 9.203 9.083 8.984 8.816 8.794 8.625 8.435
257.0572 9.874 9.923 9.848 9.655 9.513 9.374 9.735 9.633 9.511 9.369 9.228 9.08 9.638 9.465 9.294 9.173 9.062 9.402 9.259 9.139 9.04 8.872 8.85 8.681 8.491
263.2582 9.93 9.979 9.904 9.712 9.569 9.43 9.791 9.689 9.567 9.425 9.284 9.136 9.694 9.522 9.35 9.229 9.118 9.458 9.315 9.195 9.096 8.928 8.906 8.737 8.547
269.6088 9.986 10.035 9.961 9.768 9.625 9.486 9.847 9.745 9.623 9.481 9.34 9.192 9.75 9.578 9.406 9.285 9.174 9.514 9.371 9.252 9.152 8.984 8.963 8.793 8.603
276.1126 10.042 10.091 10.017 9.824 9.681 9.542 9.903 9.801 9.679 9.537 9.397 9.248 9.806 9.634 9.462 9.341 9.231 9.57 9.427 9.308 9.209 9.04 9.019 8.849 8.659
282.7734 10.098 10.148 10.073 9.88 9.737 9.598 9.959 9.857 9.735 9.593 9.453 9.304 9.862 9.69 9.518 9.397 9.287 9.626 9.484 9.364 9.265 9.096 9.075 8.905 8.715
289.5947 10.154 10.204 10.129 9.936 9.793 9.654 10.015 9.913 9.791 9.649 9.509 9.36 9.919 9.746 9.574 9.453 9.343 9.682 9.54 9.42 9.321 9.152 9.131 8.961 8.771
296.5807 10.21 10.26 10.185 9.992 9.85 9.71 10.071 9.97 9.847 9.705 9.565 9.416 9.975 9.802 9.63 9.509 9.399 9.738 9.596 9.476 9.377 9.209 9.187 9.018 8.827
303.7351 10.265 10.315 10.24 10.047 9.905 9.765 10.126 10.025 9.902 9.76 9.62 9.471 10.03 9.857 9.685 9.564 9.454 9.793 9.651 9.531 9.432 9.264 9.242 9.073 8.882
311.0622 10.32 10.369 10.294 10.101 9.959 9.82 10.18 10.079 9.956 9.814 9.674 9.525 10.084 9.911 9.739 9.619 9.508 9.847 9.705 9.585 9.486 9.318 9.296 9.127 8.936
318.566 10.374 10.423 10.348 10.155 10.013 9.874 10.235 10.133 10.011 9.869 9.728 9.58 10.138 9.965 9.794 9.673 9.562 9.902 9.759 9.639 9.54 9.372 9.35 9.181 8.991
326.2508 10.428 10.477 10.403 10.21 10.067 9.928 10.289 10.187 10.065 9.923 9.782 9.634 10.192 10.02 9.848 9.727 9.616 9.956 9.813 9.694 9.595 9.426 9.405 9.235 9.045
334.121 10.482 10.532 10.457 10.264 10.121 9.982 10.343 10.241 10.119 9.977 9.837 9.688 10.246 10.074 9.902 9.781 9.671 10.01 9.868 9.748 9.649 9.48 9.459 9.289 9.099
342.181 10.536 10.586 10.511 10.318 10.176 10.037 10.397 10.296 10.173 10.031 9.891 9.742 10.301 10.128 9.956 9.836 9.725 10.064 9.922 9.802 9.703 9.535 9.513 9.344 9.153
350.4355 10.591 10.64 10.565 10.372 10.23 10.091 10.452 10.35 10.227 10.086 9.945 9.797 10.355 10.182 10.011 9.89 9.779 10.119 9.976 9.856 9.757 9.589 9.567 9.398 9.208
358.8891 10.645 10.694 10.619 10.427 10.284 10.145 10.506 10.404 10.282 10.14 9.999 9.851 10.409 10.237 10.065 9.944 9.833 10.173 10.03 9.91 9.811 9.643 9.621 9.452 9.262
367.5467 10.699 10.749 10.674 10.481 10.338 10.199 10.56 10.458 10.336 10.194 10.054 9.905 10.463 10.291 10.119 9.998 9.888 10.227 10.084 9.965 9.866 9.697 9.676 9.506 9.316
376.4131 10.753 10.803 10.728 10.535 10.393 10.253 10.614 10.513 10.39 10.248 10.108 9.959 10.518 10.345 10.173 10.052 9.942 10.281 10.139 10.019 9.92 9.752 9.73 9.561 9.37
385.4933 10.804 10.853 10.778 10.585 10.443 10.304 10.665 10.563 10.44 10.299 10.158 10.01 10.568 10.395 10.224 10.103 9.992 10.332 10.189 10.069 9.97 9.802 9.78 9.611 9.421
394.7926 10.853 10.902 10.827 10.634 10.492 10.353 10.713 10.612 10.489 10.347 10.207 10.058 10.617 10.444 10.272 10.152 10.041 10.38 10.238 10.118 10.019 9.851 9.829 9.66 9.469
404.3163 10.901 10.951 10.876 10.683 10.541 10.401 10.762 10.661 10.538 10.396 10.256 10.107 10.666 10.493 10.321 10.201 10.09 10.429 10.287 10.167 10.068 9.9 9.878 9.709 9.518
414.0697 10.95 11.0 10.925 10.732 10.589 10.45 10.811 10.709 10.587 10.445 10.305 10.156 10.715 10.542 10.37 10.249 10.139 10.478 10.336 10.216 10.117 9.948 9.927 9.757 9.567
424.0583 10.999 11.049 10.974 10.781 10.638 10.499 10.86 10.758 10.636 10.494 10.354 10.205 10.763 10.591 10.419 10.298 10.188 10.527 10.384 10.265 10.166 9.997 9.976 9.806 9.616
434.2879 11.048 11.097 11.023 10.83 10.687 10.548 10.909 10.807 10.685 10.543 10.402 10.254 10.812 10.64 10.468 10.347 10.236 10.576 10.433 10.313 10.214 10.046 10.025 9.855 9.665
444.7643 11.097 11.146 11.071 10.878 10.736 10.597 10.958 10.856 10.734 10.592 10.451 10.303 10.861 10.689 10.517 10.396 10.285 10.625 10.482 10.362 10.263 10.095 10.073 9.904 9.714
455.4934 11.146 11.195 11.12 10.927 10.785 10.646 11.007 10.905 10.782 10.641 10.5 10.352 10.91 10.737 10.566 10.445 10.334 10.674 10.531 10.411 10.312 10.144 10.122 9.953 9.763
466.4814 11.195 11.244 11.169 10.976 10.834 10.695 11.055 10.954 10.831 10.689 10.549 10.4 10.959 10.786 10.614 10.494 10.383 10.722 10.58 10.46 10.361 10.193 10.171 10.002 9.811
477.7344 11.243 11.293 11.218 11.025 10.883 10.743 11.104 11.003 10.88 10.738 10.598 10.449 11.008 10.835 10.663 10.543 10.432 10.771 10.629 10.509 10.41 10.242 10.22 10.051 9.86
489.2588 11.289 11.338 11.263 11.07 10.928 10.789 11.15 11.048 10.926 10.784 10.643 10.495 11.053 10.88 10.709 10.588 10.477 10.817 10.674 10.554 10.455 10.287 10.265 10.096 9.906
501.0613 11.333 11.383 11.308 11.115 10.973 10.834 11.194 11.093 10.97 10.828 10.688 10.539 11.098 10.925 10.753 10.633 10.522 10.861 10.719 10.599 10.5 10.332 10.31 10.141 9.95
513.1485 11.378 11.428 11.353 11.16 11.017 10.878 11.239 11.138 11.015 10.873 10.733 10.584 11.143 10.97 10.798 10.677 10.567 10.906 10.764 10.644 10.545 10.377 10.355 10.186 9.995
525.5272 11.423 11.473 11.398 11.205 11.062 10.923 11.284 11.182 11.06 10.918 10.778 10.629 11.187 11.015 10.843 10.722 10.612 10.951 10.808 10.689 10.59 10.421 10.4 10.23 10.04
538.2046 11.468 11.517 11.442 11.249 11.107 10.968 11.329 11.227 11.105 10.963 10.822 10.674 11.232 11.06 10.888 10.767 10.656 10.996 10.853 10.733 10.634 10.466 10.444 10.275 10.085
551.1878 11.513 11.562 11.487 11.294 11.152 11.013 11.374 11.272 11.149 11.008 10.867 10.719 11.277 11.104 10.933 10.812 10.701 11.041 10.898 10.778 10.679 10.511 10.489 10.32 10.13
564.4842 11.557 11.607 11.532 11.339 11.197 11.058 11.418 11.317 11.194 11.052 10.912 10.763 11.322 11.149 10.977 10.857 10.746 11.085 10.943 10.823 10.724 10.556 10.534 10.365 10.174
578.1013 11.602 11.652 11.577 11.384 11.241 11.102 11.463 11.361 11.239 11.097 10.957 10.808 11.367 11.194 11.022 10.901 10.791 11.13 10.988 10.868 10.769 10.6 10.579 10.409 10.219
592.0469 11.647 11.696 11.622 11.429 11.286 11.147 11.508 11.406 11.284 11.142 11.001 10.853 11.411 11.239 11.067 10.946 10.836 11.175 11.032 10.913 10.814 10.645 10.624 10.454 10.264
606.329 11.692 11.741 11.666 11.473 11.331 11.192 11.553 11.451 11.329 11.187 11.046 10.898 11.456 11.283 11.112 10.991 10.88 11.22 11.077 10.957 10.858 10.69 10.668 10.499 10.309
620.9555 11.734 11.784 11.709 11.516 11.374 11.235 11.595 11.494 11.371 11.229 11.089 10.94 11.499 11.326 11.154 11.034 10.923 11.262 11.12 11.0 10.901 10.733 10.711 10.542 10.351
635.9349 11.777 11.827 11.752 11.559 11.416 11.277 11.638 11.536 11.414 11.272 11.132 10.983 11.541 11.369 11.197 11.076 10.966 11.305 11.162 11.043 10.944 10.775 10.754 10.584 10.394
651.2757 11.82 11.869 11.794 11.601 11.459 11.32 11.681 11.579 11.457 11.315 11.174 11.026 11.584 11.411 11.24 11.119 11.008 11.348 11.205 11.085 10.986 10.818 10.796 10.627 10.437
666.9865 11.862 11.912 11.837 11.644 11.502 11.362 11.723 11.622 11.499 11.357 11.217 11.068 11.627 11.454 11.282 11.161 11.051 11.39 11.248 11.128 11.029 10.861 10.839 10.67 10.479
683.0763 11.905 11.954 11.88 11.687 11.544 11.405 11.766 11.664 11.542 11.4 11.259 11.111 11.669 11.497 11.325 11.204 11.093 11.433 11.29 11.171 11.072 10.903 10.882 10.712 10.522
699.5543 11.948 11.997 11.922 11.729 11.587 11.448 11.809 11.707 11.584 11.443 11.302 11.154 11.712 11.539 11.367 11.247 11.136 11.476 11.333 11.213 11.114 10.946 10.924 10.755 10.565
716.4297 11.99 12.04 11.965 11.772 11.629 11.49 11.851 11.75 11.627 11.485 11.345 11.196 11.755 11.582 11.41 11.289 11.179 11.518 11.376 11.256 11.157 10.989 10.967 10.797 10.607
733.7123 12.033 12.082 12.007 11.815 11.672 11.533 11.894 11.792 11.67 11.528 11.387 11.239 11.797 11.625 11.453 11.332 11.221 11.561 11.418 11.298 11.199 11.031 11.009 10.84 10.65
751.4117 12.076 12.125 12.05 11.857 11.715 11.576 11.936 11.835 11.712 11.57 11.43 11.281 11.84 11.667 11.495 11.375 11.264 11.603 11.461 11.341 11.242 11.074 11.052 10.883 10.692
769.5381 12.118 12.167 12.092 11.9 11.757 11.618 11.979 11.877 11.755 11.613 11.472 11.324 11.882 11.71 11.538 11.417 11.306 11.646 11.503 11.383 11.284 11.116 11.094 10.925 10.735
788.1018 12.159 12.208 12.133 11.94 11.798 11.659 12.02 11.918 11.795 11.654 11.513 11.365 11.923 11.75 11.578 11.458 11.347 11.687 11.544 11.424 11.325 11.157 11.135 10.966 10.776
807.1133 12.199 12.249 12.174 11.981 11.839 11.699 12.06 11.959 11.836 11.694 11.554 11.405 11.964 11.791 11.619 11.499 11.388 11.727 11.585 11.465 11.366 11.198 11.176 11.007 10.816
826.5834 12.24 12.29 12.215 12.022 11.879 11.74 12.101 11.999 11.877 11.735 11.595 11.446 12.004 11.832 11.66 11.539 11.429 11.768 11.625 11.506 11.407 11.238 11.217 11.047 10.857
846.5232 12.281 12.33 12.255 12.063 11.92 11.781 12.142 12.04 11.918 11.776 11.635 11.487 12.045 11.873 11.701 11.58 11.469 11.809 11.666 11.546 11.447 11.279 11.257 11.088 10.898
866.944 12.322 12.371 12.296 12.103 11.961 11.822 12.183 12.081 11.958 11.817 11.676 11.528 12.086 11.913 11.741 11.621 11.51 11.85 11.707 11.587 11.488 11.32 11.298 11.129 10.938
887.8575 12.362 12.412 12.337 12.144 12.002 11.862 12.223 12.122 11.999 11.857 11.717 11.568 12.127 11.954 11.782 11.662 11.551 11.89 11.748 11.628 11.529 11.361 11.339 11.17 10.979
909.2754 12.403 12.453 12.378 12.185 12.042 11.903 12.264 12.162 12.04 11.898 11.758 11.609 12.167 11.995 11.823 11.702 11.592 11.931 11.788 11.669 11.57 11.401 11.38 11.21 11.02
931.21 12.444 12.493 12.418 12.225 12.083 11.944 12.305 12.203 12.081 11.939 11.798 11.65 12.208 12.036 11.864 11.743 11.632 11.972 11.829 11.709 11.61 11.442 11.42 11.251 11.061
953.6737 12.485 12.534 12.459 12.266 12.124 11.985 12.346 12.244 12.121 11.98 11.839 11.691 12.249 12.076 11.904 11.784 11.673 12.013 11.87 11.75 11.651 11.483 11.461 11.292 11.101
976.6793 12.524 12.573 12.499 12.306 12.163 12.024 12.385 12.283 12.161 12.019 11.878 11.73 12.288 12.116 11.944 11.823 11.713 12.052 11.909 11.79 11.691 11.522 11.501 11.331 11.141
1000.2399 12.56 12.61 12.535 12.342 12.2 12.06 12.421 12.32 12.197 12.055 11.915 11.766 12.325 12.152 11.98 11.859 11.749 12.088 11.946 11.826 11.727 11.559 11.537 11.368 11.177
1024.3688 12.597 12.646 12.571 12.378 12.236 12.097 12.458 12.356 12.233 12.092 11.951 11.803 12.361 12.188 12.017 11.896 11.785 12.125 11.982 11.862 11.763 11.595 11.573 11.404 11.214
1049.0798 12.633 12.682 12.608 12.415 12.272 12.133 12.494 12.392 12.27 12.128 11.987 11.839 12.397 12.225 12.053 11.932 11.821 12.161 12.018 11.899 11.8 11.631 11.61 11.44 11.25
1074.3869 12.669 12.719 12.644 12.451 12.309 12.169 12.53 12.429 12.306 12.164 12.024 11.875 12.434 12.261 12.089 11.968 11.858 12.197 12.055 11.935 11.836 11.668 11.646 11.477 11.286
1100.3045 12.706 12.755 12.68 12.487 12.345 12.206 12.567 12.465 12.342 12.201 12.06 11.912 12.47 12.297 12.125 12.005 11.894 12.234 12.091 11.971 11.872 11.704 11.682 11.513 11.323
1126.8473 12.742 12.791 12.717 12.524 12.381 12.242 12.603 12.501 12.379 12.237 12.096 11.948 12.506 12.334 12.162 12.041 11.93 12.27 12.127 12.008 11.908 11.74 11.719 11.549 11.359
1154.0304 12.778 12.828 12.753 12.56 12.417 12.278 12.639 12.538 12.415 12.273 12.133 11.984 12.543 12.37 12.198 12.077 11.967 12.306 12.164 12.044 11.945 11.777 11.755 11.586 11.395
1181.8693 12.815 12.864 12.789 12.596 12.454 12.315 12.676 12.574 12.451 12.31 12.169 12.02 12.579 12.406 12.234 12.114 12.003 12.343 12.2 12.08 11.981 11.813 11.791 11.622 11.431
1210.3797 12.851 12.9 12.826 12.633 12.49 12.351 12.712 12.61 12.488 12.346 12.205 12.057 12.615 12.443 12.271 12.15 12.039 12.379 12.236 12.116 12.017 11.849 11.827 11.658 11.468
1239.5778 12.886 12.936 12.861 12.668 12.526 12.387 12.747 12.646 12.523 12.381 12.241 12.092 12.651 12.478 12.306 12.186 12.075 12.414 12.272 12.152 12.053 11.885 11.863 11.694 11.503
1269.4803 12.921 12.971 12.896 12.703 12.56 12.421 12.782 12.68 12.558 12.416 12.276 12.127 12.685 12.513 12.341 12.22 12.11 12.449 12.307 12.187 12.088 11.919 11.898 11.728 11.538
1300.1042 12.956 13.005 12.93 12.737 12.595 12.456 12.817 12.715 12.593 12.451 12.31 12.162 12.72 12.548 12.376 12.255 12.144 12.484 12.341 12.221 12.122 11.954 11.932 11.763 11.573
1331.4668 12.991 13.04 12.965 12.772 12.63 12.491 12.851 12.75 12.627 12.485 12.345 12.196 12.755 12.582 12.41 12.29 12.179 12.518 12.376 12.256 12.157 11.989 11.967 11.798 11.607
1363.586 13.025 13.075 13.0 12.807 12.664 12.525 12.886 12.784 12.662 12.52 12.38 12.231 12.789 12.617 12.445 12.324 12.214 12.553 12.411 12.291 12.192 12.023 12.002 11.832 11.642
1396.48 13.06 13.109 13.034 12.842 12.699 12.56 12.921 12.819 12.697 12.555 12.414 12.266 12.824 12.652 12.48 12.359 12.248 12.588 12.445 12.325 12.226 12.058 12.036 11.867 11.677
1430.1675 13.095 13.144 13.069 12.876 12.734 12.595 12.955 12.854 12.731 12.589 12.449 12.3 12.859 12.686 12.514 12.394 12.283 12.622 12.48 12.36 12.261 12.093 12.071 11.902 11.711
1464.6676 13.129 13.179 13.104 12.911 12.768 12.629 12.99 12.888 12.766 12.624 12.484 12.335 12.894 12.721 12.549 12.428 12.318 12.657 12.515 12.395 12.296 12.127 12.106 11.936 11.746
1500.0 13.164 13.213 13.138 12.946 12.803 12.664 13.025 12.923 12.801 12.659 12.518 12.37 12.928 12.756 12.584 12.463 12.352 12.692 12.549 12.429 12.33 12.162 12.14 11.971 11.781
