web/models/grb/offaxis/10/grb_0.2967_0.1389_0.0000010.dat
# %ECSV 1.0
# ---
# datatype:
# - {name: time, datatype: float64}
# - {name: swift_uvot_uvw2, datatype: float64}
# - {name: swift_uvot_uvm2, datatype: float64}
# - {name: swift_uvot_uvw1, datatype: float64}
# - {name: swift_uvot_U, datatype: float64}
# - {name: swift_uvot_B, datatype: float64}
# - {name: swift_uvot_V, datatype: float64}
# - {name: swift_uvot_W, datatype: float64}
# - {name: johnson_U, datatype: float64}
# - {name: johnson_B, datatype: float64}
# - {name: johnson_V, datatype: float64}
# - {name: johnson_R, datatype: float64}
# - {name: johnson_I, datatype: float64}
# - {name: sdss_u, datatype: float64}
# - {name: sdss_g, datatype: float64}
# - {name: sdss_r, datatype: float64}
# - {name: sdss_i, datatype: float64}
# - {name: sdss_z, datatype: float64}
# - {name: PS1_g, datatype: float64}
# - {name: PS1_r, datatype: float64}
# - {name: PS1_i, datatype: float64}
# - {name: PS1_z, datatype: float64}
# - {name: PS1_Y, datatype: float64}
# - {name: PS1_w, datatype: float64}
# - {name: ATLAS_c, datatype: float64}
# - {name: ATLAS_o, datatype: float64}
# - {name: ukirt_J, datatype: float64}
# - {name: ukirt_H, datatype: float64}
# - {name: ukirt_K, datatype: float64}
# - {name: Clear, datatype: float64}
# meta: !!omap
# - comment: [E = 6.029923955985727e-05, Eta0 = 8.02, GammaB = 12.0, dL = 0.012188, epsb = 6.760829753919819e-06, epse = 0.1, n = 1e-06,
#     p = 2.15, theta_obs = 0.29670597283903605, xiN = 1.0, z = 0.0, type = grb, E_kiso = 0.13894954943731375]
# schema: astropy-2.0
time swift_uvot_uvw2 swift_uvot_uvm2 swift_uvot_uvw1 swift_uvot_U swift_uvot_B swift_uvot_V swift_uvot_W johnson_U johnson_B johnson_V johnson_R johnson_I sdss_u sdss_g sdss_r sdss_i sdss_z PS1_g PS1_r PS1_i PS1_z PS1_Y PS1_w ATLAS_c ATLAS_o ukirt_J ukirt_H ukirt_K Clear
[from data line 171]
0.5891 14.004 14.053 13.978 13.785 13.643 13.504 13.865 13.763 13.641 13.499 13.358 13.21 13.768 13.596 13.424 13.303 13.192 13.532 13.389 13.269 13.17 13.002 13.426 13.521 13.368 12.98 12.811 12.621 13.336
0.6034 13.979 14.028 13.953 13.76 13.618 13.479 13.84 13.738 13.616 13.474 13.333 13.185 13.743 13.57 13.399 13.278 13.167 13.507 13.364 13.244 13.145 12.977 13.401 13.496 13.343 12.955 12.786 12.596 13.311
0.6179 13.954 14.003 13.928 13.735 13.593 13.454 13.815 13.713 13.591 13.449 13.308 13.16 13.718 13.545 13.374 13.253 13.142 13.482 13.339 13.219 13.12 12.952 13.376 13.471 13.318 12.93 12.761 12.571 13.286
0.6328 13.929 13.978 13.903 13.71 13.568 13.429 13.79 13.688 13.565 13.424 13.283 13.135 13.693 13.52 13.348 13.228 13.117 13.457 13.314 13.194 13.095 12.927 13.351 13.446 13.293 12.905 12.736 12.545 13.26
0.6481 13.904 13.953 13.878 13.685 13.543 13.404 13.764 13.663 13.54 13.398 13.258 13.109 13.668 13.495 13.323 13.203 13.092 13.431 13.289 13.169 13.07 12.902 13.326 13.421 13.268 12.88 12.711 12.52 13.235
0.6637 13.879 13.928 13.853 13.66 13.518 13.379 13.739 13.638 13.515 13.373 13.233 13.084 13.643 13.47 13.298 13.178 13.067 13.406 13.264 13.144 13.045 12.877 13.301 13.396 13.243 12.855 12.686 12.495 13.21
0.6797 13.854 13.903 13.828 13.635 13.493 13.354 13.715 13.613 13.49 13.349 13.208 13.06 13.618 13.445 13.273 13.153 13.042 13.382 13.239 13.119 13.02 12.852 13.276 13.371 13.218 12.83 12.661 12.47 13.185
0.6961 13.829 13.878 13.803 13.61 13.468 13.329 13.69 13.588 13.466 13.324 13.183 13.035 13.593 13.42 13.249 13.128 13.017 13.357 13.214 13.094 12.995 12.827 13.251 13.346 13.193 12.805 12.636 12.446 13.161
0.7129 13.804 13.853 13.778 13.585 13.443 13.304 13.665 13.563 13.441 13.299 13.158 13.01 13.568 13.395 13.224 13.103 12.992 13.332 13.189 13.069 12.97 12.802 13.226 13.321 13.168 12.78 12.611 12.421 13.136
0.7301 13.779 13.828 13.753 13.56 13.418 13.279 13.64 13.538 13.416 13.274 13.133 12.985 13.543 13.371 13.199 13.078 12.967 13.307 13.164 13.044 12.945 12.777 13.201 13.296 13.143 12.755 12.586 12.396 13.111
0.7477 13.754 13.803 13.729 13.536 13.393 13.254 13.615 13.513 13.391 13.249 13.108 12.96 13.518 13.346 13.174 13.053 12.942 13.282 13.139 13.02 12.92 12.752 13.176 13.271 13.118 12.731 12.561 12.371 13.086
0.7658 13.729 13.778 13.704 13.511 13.368 13.229 13.59 13.488 13.366 13.224 13.084 12.935 13.493 13.321 13.149 13.028 12.918 13.257 13.114 12.995 12.896 12.727 13.151 13.246 13.094 12.706 12.536 12.346 13.061
0.7842 13.704 13.754 13.679 13.486 13.343 13.204 13.565 13.463 13.341 13.199 13.059 12.91 13.468 13.296 13.124 13.003 12.893 13.232 13.09 12.97 12.871 12.702 13.126 13.221 13.069 12.681 12.511 12.321 13.036
0.8032 13.679 13.729 13.654 13.461 13.318 13.179 13.54 13.438 13.316 13.174 13.034 12.885 13.443 13.271 13.099 12.978 12.868 13.207 13.065 12.945 12.846 12.677 13.101 13.197 13.044 12.656 12.486 12.296 13.011
0.8225 13.654 13.704 13.629 13.436 13.294 13.154 13.515 13.414 13.291 13.149 13.009 12.86 13.419 13.246 13.074 12.953 12.843 13.182 13.04 12.92 12.821 12.653 13.076 13.172 13.019 12.631 12.462 12.271 12.986
0.8424 13.632 13.681 13.606 13.414 13.271 13.132 13.493 13.391 13.269 13.127 12.986 12.838 13.396 13.224 13.052 12.931 12.82 13.16 13.017 12.897 12.798 12.63 13.054 13.149 12.996 12.608 12.439 12.249 12.964
0.8627 13.612 13.661 13.586 13.393 13.251 13.112 13.473 13.371 13.248 13.107 12.966 12.818 13.376 13.203 13.031 12.911 12.8 13.14 12.997 12.877 12.778 12.61 13.034 13.129 12.976 12.588 12.419 12.228 12.943
0.8835 13.591 13.641 13.566 13.373 13.231 13.091 13.452 13.351 13.228 13.086 12.946 12.797 13.356 13.183 13.011 12.89 12.78 13.119 12.977 12.857 12.758 12.59 13.013 13.109 12.956 12.568 12.399 12.208 12.923
0.9048 13.571 13.621 13.546 13.353 13.21 13.071 13.432 13.33 13.208 13.066 12.926 12.777 13.335 13.163 12.991 12.87 12.76 13.099 12.956 12.837 12.738 12.569 12.993 13.088 12.936 12.548 12.378 12.188 12.903
0.9266 13.551 13.6 13.525 13.332 13.19 13.051 13.412 13.31 13.188 13.046 12.905 12.757 13.315 13.143 12.971 12.85 12.739 13.079 12.936 12.816 12.717 12.549 12.973 13.068 12.915 12.527 12.358 12.168 12.883
0.949 13.531 13.58 13.505 13.312 13.17 13.031 13.391 13.29 13.167 13.025 12.885 12.736 13.295 13.122 12.95 12.83 12.719 13.058 12.916 12.796 12.697 12.529 12.953 13.048 12.895 12.507 12.338 12.147 12.862
0.9719 13.51 13.56 13.485 13.292 13.15 13.01 13.371 13.27 13.147 13.005 12.865 12.716 13.275 13.102 12.93 12.809 12.699 13.038 12.896 12.776 12.677 12.509 12.932 13.028 12.875 12.487 12.318 12.127 12.842
0.9953 13.49 13.539 13.465 13.272 13.129 12.99 13.351 13.249 13.127 12.985 12.844 12.696 13.254 13.082 12.91 12.789 12.679 13.018 12.875 12.756 12.657 12.488 12.912 13.007 12.855 12.467 12.297 12.107 12.822
1.0194 13.47 13.519 13.444 13.251 13.109 12.97 13.331 13.229 13.107 12.965 12.824 12.676 13.234 13.061 12.89 12.769 12.658 12.998 12.855 12.735 12.636 12.468 12.892 12.987 12.834 12.446 12.277 12.087 12.802
1.0439 13.449 13.499 13.424 13.231 13.089 12.95 13.31 13.209 13.086 12.944 12.804 12.655 13.214 13.041 12.869 12.749 12.638 12.977 12.835 12.715 12.616 12.448 12.872 12.967 12.814 12.426 12.257 12.066 12.781
1.0691 13.432 13.482 13.407 13.214 13.071 12.932 13.293 13.191 13.069 12.927 12.787 12.638 13.196 13.024 12.852 12.731 12.621 12.96 12.818 12.698 12.599 12.43 12.854 12.949 12.797 12.409 12.239 12.049 12.764
1.0949 13.416 13.466 13.391 13.198 13.056 12.916 13.277 13.176 13.053 12.911 12.771 12.622 13.181 13.008 12.836 12.715 12.605 12.944 12.802 12.682 12.583 12.415 12.838 12.934 12.781 12.393 12.224 12.033 12.748
1.1213 13.4 13.45 13.375 13.182 13.04 12.901 13.261 13.16 13.037 12.895 12.755 12.606 13.165 12.992 12.82 12.7 12.589 12.928 12.786 12.666 12.567 12.399 12.823 12.918 12.765 12.377 12.208 12.017 12.732
1.1484 13.385 13.434 13.359 13.166 13.024 12.885 13.245 13.144 13.021 12.88 12.739 12.59 13.149 12.976 12.804 12.684 12.573 12.913 12.77 12.65 12.551 12.383 12.807 12.902 12.749 12.361 12.192 12.001 12.716
1.1761 13.369 13.418 13.343 13.15 13.008 12.869 13.23 13.128 13.006 12.864 12.723 12.575 13.133 12.96 12.789 12.668 12.557 12.897 12.754 12.634 12.535 12.367 12.791 12.886 12.733 12.345 12.176 11.986 12.701
1.2044 13.353 13.402 13.327 13.134 12.992 12.853 13.214 13.112 12.99 12.848 12.707 12.559 13.117 12.945 12.773 12.652 12.541 12.881 12.738 12.618 12.519 12.351 12.775 12.87 12.717 12.329 12.16 11.97 12.685
1.2335 13.337 13.386 13.312 13.119 12.976 12.837 13.198 13.096 12.974 12.832 12.691 12.543 13.101 12.929 12.757 12.636 12.525 12.865 12.722 12.602 12.503 12.335 12.759 12.854 12.701 12.313 12.144 11.954 12.669
1.2633 13.321 13.37 13.296 13.103 12.96 12.821 13.182 13.08 12.958 12.816 12.676 12.527 13.085 12.913 12.741 12.62 12.51 12.849 12.706 12.587 12.488 12.319 12.743 12.838 12.686 12.298 12.128 11.938 12.653
1.2937 13.305 13.355 13.28 13.087 12.944 12.805 13.166 13.064 12.942 12.8 12.66 12.511 13.069 12.897 12.725 12.604 12.494 12.833 12.691 12.571 12.472 12.303 12.727 12.822 12.67 12.282 12.112 11.922 12.637
1.3249 13.289 13.339 13.264 13.071 12.929 12.789 13.15 13.049 12.926 12.784 12.644 12.495 13.054 12.881 12.709 12.588 12.478 12.817 12.675 12.555 12.456 12.288 12.711 12.807 12.654 12.266 12.097 11.906 12.621
1.3569 13.275 13.324 13.249 13.056 12.914 12.775 13.136 13.034 12.911 12.77 12.629 12.481 13.039 12.866 12.695 12.574 12.463 12.803 12.66 12.54 12.441 12.273 12.697 12.792 12.639 12.251 12.082 11.892 12.607
1.3896 13.26 13.31 13.235 13.042 12.9 12.76 13.121 13.02 12.897 12.755 12.615 12.466 13.025 12.852 12.68 12.559 12.449 12.788 12.646 12.526 12.427 12.259 12.682 12.778 12.625 12.237 12.068 11.877 12.592
1.4232 13.246 13.295 13.221 13.028 12.885 12.746 13.107 13.005 12.883 12.741 12.6 12.452 13.01 12.838 12.666 12.545 12.435 12.774 12.631 12.512 12.413 12.244 12.668 12.763 12.611 12.223 12.053 11.863 12.578
1.4575 13.232 13.281 13.206 13.013 12.871 12.732 13.093 12.991 12.868 12.727 12.586 12.438 12.996 12.823 12.652 12.531 12.42 12.76 12.617 12.497 12.398 12.23 12.654 12.749 12.596 12.208 12.039 11.849 12.564
1.4927 13.217 13.267 13.192 12.999 12.857 12.717 13.078 12.977 12.854 12.712 12.572 12.423 12.982 12.809 12.637 12.516 12.406 12.745 12.603 12.483 12.384 12.216 12.639 12.735 12.582 12.194 12.025 11.834 12.549
1.5287 13.203 13.252 13.178 12.985 12.842 12.703 13.064 12.962 12.84 12.698 12.557 12.409 12.967 12.795 12.623 12.502 12.391 12.731 12.588 12.469 12.37 12.201 12.625 12.72 12.567 12.18 12.01 11.82 12.535
1.5655 13.189 13.238 13.163 12.97 12.828 12.689 13.05 12.948 12.825 12.684 12.543 12.395 12.953 12.78 12.608 12.488 12.377 12.717 12.574 12.454 12.355 12.187 12.611 12.706 12.553 12.165 11.996 11.806 12.521
1.6033 13.174 13.224 13.149 12.956 12.814 12.674 13.035 12.934 12.811 12.669 12.529 12.38 12.939 12.766 12.594 12.473 12.363 12.702 12.56 12.44 12.341 12.173 12.596 12.692 12.539 12.151 11.982 11.791 12.506
1.642 13.16 13.209 13.135 12.942 12.799 12.66 13.021 12.919 12.797 12.655 12.514 12.366 12.924 12.752 12.58 12.459 12.348 12.688 12.545 12.426 12.326 12.158 12.582 12.677 12.524 12.137 11.967 11.777 12.492
1.6816 13.146 13.195 13.12 12.927 12.785 12.646 13.007 12.905 12.782 12.641 12.5 12.352 12.91 12.737 12.565 12.445 12.334 12.674 12.531 12.411 12.312 12.144 12.568 12.663 12.51 12.122 11.953 11.763 12.478
1.7222 13.134 13.183 13.108 12.915 12.773 12.634 12.995 12.893 12.771 12.629 12.488 12.34 12.898 12.725 12.554 12.433 12.322 12.662 12.519 12.399 12.3 12.132 12.556 12.651 12.498 12.11 11.941 11.751 12.466
1.7637 13.122 13.171 13.097 12.904 12.761 12.622 12.983 12.881 12.759 12.617 12.477 12.328 12.886 12.714 12.542 12.421 12.311 12.65 12.507 12.388 12.289 12.12 12.544 12.639 12.487 12.099 11.929 11.739 12.454
1.8062 13.11 13.16 13.085 12.892 12.75 12.61 12.971 12.87 12.747 12.605 12.465 12.316 12.875 12.702 12.53 12.409 12.299 12.638 12.496 12.376 12.277 12.109 12.532 12.628 12.475 12.087 11.918 11.727 12.442
1.8498 13.099 13.148 13.073 12.88 12.738 12.599 12.959 12.858 12.735 12.594 12.453 12.304 12.863 12.69 12.518 12.398 12.287 12.627 12.484 12.364 12.265 12.097 12.521 12.616 12.463 12.075 11.906 11.715 12.43
1.8944 13.087 13.136 13.061 12.868 12.726 12.587 12.948 12.846 12.724 12.582 12.441 12.293 12.851 12.679 12.507 12.386 12.275 12.615 12.472 12.352 12.253 12.085 12.509 12.604 12.451 12.063 11.894 11.704 12.419
1.9401 13.075 13.125 13.05 12.857 12.714 12.575 12.936 12.834 12.712 12.57 12.43 12.281 12.839 12.667 12.495 12.374 12.264 12.603 12.46 12.341 12.242 12.073 12.497 12.592 12.44 12.052 11.882 11.692 12.407
1.9869 13.063 13.113 13.038 12.845 12.703 12.563 12.924 12.823 12.7 12.558 12.418 12.269 12.828 12.655 12.483 12.363 12.252 12.591 12.449 12.329 12.23 12.062 12.485 12.581 12.428 12.04 11.871 11.68 12.395
2.0349 13.052 13.101 13.026 12.833 12.691 12.552 12.913 12.811 12.688 12.547 12.406 12.258 12.816 12.643 12.472 12.351 12.24 12.58 12.437 12.317 12.218 12.05 12.474 12.569 12.416 12.028 11.859 11.669 12.384
2.084 13.04 13.089 13.015 12.822 12.679 12.54 12.901 12.799 12.677 12.535 12.394 12.246 12.804 12.632 12.46 12.339 12.228 12.568 12.425 12.305 12.206 12.038 12.462 12.557 12.404 12.016 11.847 11.657 12.372
2.1342 13.028 13.077 13.003 12.81 12.667 12.528 12.889 12.787 12.665 12.523 12.383 12.234 12.792 12.62 12.448 12.327 12.217 12.556 12.413 12.294 12.195 12.026 12.45 12.545 12.393 12.005 11.835 11.645 12.36
2.1857 13.015 13.064 12.99 12.797 12.654 12.515 12.876 12.774 12.652 12.51 12.369 12.221 12.779 12.607 12.435 12.314 12.203 12.543 12.4 12.281 12.181 12.013 12.437 12.532 12.379 11.992 11.822 11.632 12.347
2.2384 13.002 13.051 12.976 12.784 12.641 12.502 12.863 12.761 12.639 12.497 12.356 12.208 12.766 12.594 12.422 12.301 12.19 12.53 12.387 12.267 12.168 12.0 12.424 12.519 12.366 11.978 11.809 11.619 12.334
2.2924 12.989 13.038 12.963 12.77 12.628 12.489 12.85 12.748 12.626 12.484 12.343 12.195 12.753 12.581 12.409 12.288 12.177 12.517 12.374 12.254 12.155 11.987 12.411 12.506 12.353 11.965 11.796 11.606 12.321
2.3477 12.976 13.025 12.95 12.757 12.615 12.476 12.837 12.735 12.613 12.471 12.33 12.182 12.74 12.567 12.396 12.275 12.164 12.504 12.361 12.241 12.142 11.974 12.398 12.493 12.34 11.952 11.783 11.593 12.308
2.4044 12.963 13.012 12.937 12.744 12.602 12.463 12.824 12.722 12.6 12.458 12.317 12.169 12.727 12.554 12.383 12.262 12.151 12.491 12.348 12.228 12.129 11.961 12.385 12.48 12.327 11.939 11.77 11.58 12.295
2.4624 12.95 12.999 12.924 12.731 12.589 12.45 12.811 12.709 12.586 12.445 12.304 12.156 12.714 12.541 12.369 12.249 12.138 12.478 12.335 12.215 12.116 11.948 12.372 12.467 12.314 11.926 11.757 11.567 12.282
2.5218 12.937 12.986 12.911 12.718 12.576 12.437 12.797 12.696 12.573 12.432 12.291 12.142 12.701 12.528 12.356 12.236 12.125 12.465 12.322 12.202 12.103 11.935 12.359 12.454 12.301 11.913 11.744 11.553 12.268
2.5826 12.923 12.973 12.898 12.705 12.563 12.424 12.784 12.683 12.56 12.418 12.278 12.129 12.688 12.515 12.343 12.223 12.112 12.451 12.309 12.189 12.09 11.922 12.346 12.441 12.288 11.9 11.731 11.54 12.255
2.6449 12.91 12.96 12.885 12.692 12.55 12.411 12.771 12.67 12.547 12.405 12.265 12.116 12.675 12.502 12.33 12.21 12.099 12.438 12.296 12.176 12.077 11.909 12.333 12.428 12.275 11.887 11.718 11.527 12.242
2.7087 12.896 12.946 12.871 12.678 12.536 12.397 12.757 12.656 12.533 12.391 12.251 12.102 12.661 12.488 12.316 12.196 12.085 12.424 12.282 12.162 12.063 11.895 12.319 12.414 12.261 11.873 11.704 11.513 12.228
2.7741 12.88 12.929 12.854 12.661 12.519 12.38 12.741 12.639 12.517 12.375 12.234 12.086 12.644 12.472 12.3 12.179 12.068 12.408 12.265 12.145 12.046 11.878 12.302 12.397 12.244 11.856 11.687 11.497 12.212
2.841 12.863 12.913 12.838 12.645 12.502 12.363 12.724 12.622 12.5 12.358 12.218 12.069 12.628 12.455 12.283 12.162 12.052 12.391 12.249 12.129 12.03 11.861 12.285 12.381 12.228 11.84 11.67 11.48 12.195
2.9095 12.847 12.896 12.821 12.628 12.486 12.347 12.708 12.606 12.483 12.342 12.201 12.053 12.611 12.438 12.266 12.146 12.035 12.375 12.232 12.112 12.013 11.845 12.269 12.364 12.211 11.823 11.654 11.463 12.178
2.9797 12.83 12.879 12.805 12.612 12.469 12.33 12.691 12.589 12.467 12.325 12.184 12.036 12.594 12.422 12.25 12.129 12.019 12.358 12.215 12.096 11.997 11.828 12.252 12.347 12.195 11.807 11.637 11.447 12.162
3.0516 12.813 12.863 12.788 12.595 12.453 12.313 12.674 12.573 12.45 12.308 12.168 12.019 12.578 12.405 12.233 12.113 12.002 12.341 12.199 12.079 11.98 11.812 12.235 12.331 12.178 11.79 11.621 11.43 12.145
3.1252 12.797 12.846 12.771 12.578 12.436 12.297 12.658 12.556 12.434 12.292 12.151 12.003 12.561 12.388 12.217 12.096 11.985 12.325 12.182 12.062 11.963 11.795 12.219 12.314 12.161 11.773 11.604 11.414 12.129
3.2006 12.78 12.83 12.755 12.562 12.419 12.28 12.641 12.539 12.417 12.275 12.135 11.986 12.544 12.372 12.2 12.079 11.969 12.308 12.166 12.046 11.947 11.778 12.202 12.297 12.145 11.757 11.587 11.397 12.112
3.2778 12.764 12.813 12.738 12.545 12.403 12.264 12.624 12.523 12.4 12.258 12.118 11.969 12.528 12.355 12.183 12.063 11.952 12.291 12.149 12.029 11.93 11.762 12.186 12.281 12.128 11.74 11.571 11.38 12.095
3.3569 12.747 12.796 12.721 12.529 12.386 12.247 12.608 12.506 12.384 12.242 12.101 11.953 12.511 12.339 12.167 12.046 11.935 12.275 12.132 12.012 11.913 11.745 12.169 12.264 12.111 11.723 11.554 11.364 12.079
3.4378 12.732 12.781 12.706 12.513 12.371 12.232 12.592 12.491 12.368 12.227 12.086 11.937 12.496 12.323 12.151 12.031 11.92 12.259 12.117 11.997 11.898 11.73 12.154 12.249 12.096 11.708 11.539 11.348 12.063
3.5208 12.718 12.768 12.693 12.5 12.357 12.218 12.579 12.477 12.355 12.213 12.073 11.924 12.482 12.31 12.138 12.017 11.907 12.246 12.104 11.984 11.885 11.716 12.14 12.235 12.083 11.695 11.525 11.335 12.05
3.6057 12.705 12.754 12.679 12.486 12.344 12.205 12.566 12.464 12.342 12.2 12.059 11.911 12.469 12.297 12.125 12.004 11.893 12.233 12.09 11.97 11.871 11.703 12.127 12.222 12.069 11.681 11.512 11.322 12.037
