web/models/grb/offaxis/10/grb_0.2967_19.3070_0.0000158.dat
# %ECSV 1.0
# ---
# datatype:
# - {name: time, datatype: float64}
# - {name: swift_uvot_uvw2, datatype: float64}
# - {name: swift_uvot_uvm2, datatype: float64}
# - {name: swift_uvot_uvw1, datatype: float64}
# - {name: swift_uvot_U, datatype: float64}
# - {name: swift_uvot_B, datatype: float64}
# - {name: swift_uvot_V, datatype: float64}
# - {name: swift_uvot_W, datatype: float64}
# - {name: johnson_U, datatype: float64}
# - {name: johnson_B, datatype: float64}
# - {name: johnson_V, datatype: float64}
# - {name: johnson_R, datatype: float64}
# - {name: johnson_I, datatype: float64}
# - {name: sdss_u, datatype: float64}
# - {name: sdss_g, datatype: float64}
# - {name: sdss_r, datatype: float64}
# - {name: sdss_i, datatype: float64}
# - {name: sdss_z, datatype: float64}
# - {name: PS1_g, datatype: float64}
# - {name: PS1_r, datatype: float64}
# - {name: PS1_i, datatype: float64}
# - {name: PS1_z, datatype: float64}
# - {name: PS1_Y, datatype: float64}
# - {name: ukirt_J, datatype: float64}
# - {name: ukirt_H, datatype: float64}
# - {name: ukirt_K, datatype: float64}
# meta: !!omap
# - comment: [E = 0.008378552168254812, Eta0 = 8.02, GammaB = 12.0, dL = 0.012188, epsb = 6.760829753919819e-06, epse = 0.1, n = 1.584893192461114e-05,
#     p = 2.15, theta_obs = 0.29670597283903605, xiN = 1.0, z = 0.0, type = grb, E_kiso = 19.306977288832496]
# schema: astropy-2.0
time swift_uvot_uvw2 swift_uvot_uvm2 swift_uvot_uvw1 swift_uvot_U swift_uvot_B swift_uvot_V swift_uvot_W johnson_U johnson_B johnson_V johnson_R johnson_I sdss_u sdss_g sdss_r sdss_i sdss_z PS1_g PS1_r PS1_i PS1_z PS1_Y ukirt_J ukirt_H ukirt_K
[from data line 427]
263.2582 6.734 6.784 6.709 6.516 6.374 6.235 6.595 6.494 6.371 6.229 6.089 5.94 6.499 6.326 6.154 6.034 5.923 6.262 6.12 6.0 5.901 5.733 5.711 5.542 5.351
269.6088 6.8 6.85 6.775 6.582 6.439 6.3 6.661 6.559 6.437 6.295 6.155 6.006 6.564 6.392 6.22 6.099 5.989 6.328 6.186 6.066 5.967 5.798 5.777 5.607 5.417
276.1126 6.866 6.915 6.84 6.647 6.505 6.366 6.727 6.625 6.503 6.361 6.22 6.072 6.63 6.458 6.286 6.165 6.054 6.394 6.251 6.131 6.032 5.864 5.842 5.673 5.483
282.7734 6.932 6.981 6.906 6.713 6.571 6.432 6.792 6.691 6.568 6.427 6.286 6.137 6.696 6.523 6.351 6.231 6.12 6.46 6.317 6.197 6.098 5.93 5.908 5.739 5.548
289.5947 6.997 7.047 6.972 6.779 6.637 6.497 6.858 6.757 6.634 6.492 6.352 6.203 6.762 6.589 6.417 6.296 6.186 6.525 6.383 6.263 6.164 5.996 5.974 5.805 5.614
296.5807 7.063 7.112 7.038 6.845 6.702 6.563 6.924 6.822 6.7 6.558 6.417 6.269 6.827 6.655 6.483 6.362 6.252 6.591 6.448 6.329 6.23 6.061 6.04 5.87 5.68
303.7351 7.126 7.175 7.1 6.907 6.765 6.626 6.987 6.885 6.762 6.621 6.48 6.332 6.89 6.717 6.545 6.425 6.314 6.654 6.511 6.391 6.292 6.124 6.102 5.933 5.742
311.0622 7.182 7.231 7.156 6.963 6.821 6.682 7.043 6.941 6.819 6.677 6.536 6.388 6.946 6.773 6.602 6.481 6.37 6.71 6.567 6.447 6.348 6.18 6.158 5.989 5.799
318.566 7.238 7.287 7.212 7.019 6.877 6.738 7.099 6.997 6.875 6.733 6.592 6.444 7.002 6.829 6.658 6.537 6.426 6.766 6.623 6.503 6.404 6.236 6.214 6.045 5.855
326.2508 7.294 7.343 7.268 7.075 6.933 6.794 7.155 7.053 6.931 6.789 6.648 6.5 7.058 6.886 6.714 6.593 6.482 6.822 6.679 6.559 6.46 6.292 6.27 6.101 5.911
334.121 7.35 7.399 7.325 7.132 6.989 6.85 7.211 7.109 6.987 6.845 6.704 6.556 7.114 6.942 6.77 6.649 6.538 6.878 6.735 6.616 6.516 6.348 6.327 6.157 5.967
342.181 7.406 7.455 7.381 7.188 7.045 6.906 7.267 7.165 7.043 6.901 6.761 6.612 7.17 6.998 6.826 6.705 6.595 6.934 6.791 6.672 6.573 6.404 6.383 6.213 6.023
350.4355 7.462 7.512 7.437 7.244 7.101 6.962 7.323 7.221 7.099 6.957 6.817 6.668 7.226 7.054 6.882 6.761 6.651 6.99 6.847 6.728 6.629 6.46 6.439 6.269 6.079
358.8891 7.518 7.568 7.493 7.3 7.157 7.018 7.379 7.277 7.155 7.013 6.873 6.724 7.282 7.11 6.938 6.817 6.707 7.046 6.904 6.784 6.685 6.516 6.495 6.325 6.135
367.5467 7.574 7.624 7.549 7.356 7.214 7.074 7.435 7.334 7.211 7.069 6.929 6.78 7.339 7.166 6.994 6.873 6.763 7.102 6.96 6.84 6.741 6.573 6.551 6.382 6.191
376.4131 7.63 7.68 7.605 7.412 7.27 7.13 7.491 7.39 7.267 7.125 6.985 6.836 7.395 7.222 7.05 6.93 6.819 7.158 7.016 6.896 6.797 6.629 6.607 6.438 6.247
385.4933 7.686 7.735 7.66 7.467 7.325 7.186 7.547 7.445 7.322 7.181 7.04 6.891 7.45 7.277 7.105 6.985 6.874 7.214 7.071 6.951 6.852 6.684 6.662 6.493 6.302
394.7926 7.74 7.789 7.714 7.521 7.379 7.24 7.601 7.499 7.377 7.235 7.094 6.946 7.504 7.332 7.16 7.039 6.928 7.268 7.125 7.005 6.906 6.738 6.716 6.547 6.357
404.3163 7.794 7.843 7.769 7.576 7.433 7.294 7.655 7.553 7.431 7.289 7.149 7.0 7.558 7.386 7.214 7.093 6.983 7.322 7.179 7.06 6.961 6.792 6.771 6.601 6.411
414.0697 7.848 7.898 7.823 7.63 7.487 7.348 7.709 7.608 7.485 7.343 7.203 7.054 7.613 7.44 7.268 7.147 7.037 7.376 7.234 7.114 7.015 6.847 6.825 6.656 6.465
424.0583 7.902 7.952 7.877 7.684 7.542 7.403 7.763 7.662 7.539 7.397 7.257 7.108 7.667 7.494 7.322 7.202 7.091 7.43 7.288 7.168 7.069 6.901 6.879 6.71 6.519
434.2879 7.957 8.006 7.931 7.738 7.596 7.457 7.818 7.716 7.594 7.452 7.311 7.163 7.721 7.548 7.377 7.256 7.145 7.485 7.342 7.222 7.123 6.955 6.933 6.764 6.574
444.7643 8.011 8.06 7.986 7.793 7.65 7.511 7.872 7.77 7.648 7.506 7.365 7.217 7.775 7.603 7.431 7.31 7.199 7.539 7.396 7.277 7.177 7.009 6.988 6.818 6.628
455.4934 8.065 8.115 8.04 7.847 7.704 7.565 7.926 7.824 7.702 7.56 7.42 7.271 7.829 7.657 7.485 7.364 7.254 7.593 7.451 7.331 7.232 7.063 7.042 6.872 6.682
466.4814 8.119 8.169 8.094 7.901 7.759 7.62 7.98 7.879 7.756 7.614 7.474 7.325 7.884 7.711 7.539 7.419 7.308 7.647 7.505 7.385 7.286 7.118 7.096 6.927 6.736
477.7344 8.174 8.223 8.148 7.955 7.813 7.674 8.035 7.933 7.81 7.669 7.528 7.38 7.938 7.765 7.593 7.473 7.362 7.702 7.559 7.439 7.34 7.172 7.15 6.981 6.791
489.2588 8.225 8.274 8.199 8.006 7.864 7.725 8.086 7.984 7.861 7.72 7.579 7.43 7.989 7.816 7.644 7.524 7.413 7.753 7.61 7.49 7.391 7.223 7.201 7.032 6.841
501.0613 8.273 8.323 8.248 8.055 7.913 7.774 8.134 8.033 7.91 7.768 7.628 7.479 8.038 7.865 7.693 7.573 7.462 7.801 7.659 7.539 7.44 7.272 7.25 7.081 6.89
513.1485 8.322 8.372 8.297 8.104 7.962 7.822 8.183 8.082 7.959 7.817 7.677 7.528 8.087 7.914 7.742 7.621 7.511 7.85 7.708 7.588 7.489 7.321 7.299 7.13 6.939
525.5272 8.371 8.421 8.346 8.153 8.01 7.871 8.232 8.13 8.008 7.866 7.726 7.577 8.135 7.963 7.791 7.67 7.56 7.899 7.757 7.637 7.538 7.369 7.348 7.178 6.988
538.2046 8.42 8.469 8.395 8.202 8.059 7.92 8.281 8.179 8.057 7.915 7.774 7.626 8.184 8.012 7.84 7.719 7.609 7.948 7.805 7.686 7.587 7.418 7.397 7.227 7.037
551.1878 8.469 8.518 8.443 8.251 8.108 7.969 8.33 8.228 8.106 7.964 7.823 7.675 8.233 8.061 7.889 7.768 7.657 7.997 7.854 7.734 7.635 7.467 7.445 7.276 7.086
564.4842 8.518 8.567 8.492 8.299 8.157 8.018 8.379 8.277 8.155 8.013 7.872 7.724 8.282 8.109 7.938 7.817 7.706 8.046 7.903 7.783 7.684 7.516 7.494 7.325 7.135
578.1013 8.567 8.616 8.541 8.348 8.206 8.067 8.428 8.326 8.203 8.062 7.921 7.772 8.331 8.158 7.986 7.866 7.755 8.095 7.952 7.832 7.733 7.565 7.543 7.374 7.183
592.0469 8.615 8.665 8.59 8.397 8.255 8.116 8.476 8.375 8.252 8.11 7.97 7.821 8.38 8.207 8.035 7.915 7.804 8.143 8.001 7.881 7.782 7.614 7.592 7.423 7.232
606.329 8.664 8.714 8.639 8.446 8.304 8.164 8.525 8.424 8.301 8.159 8.019 7.87 8.429 8.256 8.084 7.963 7.853 8.192 8.05 7.93 7.831 7.663 7.641 7.472 7.281
620.9555 8.71 8.76 8.685 8.492 8.349 8.21 8.571 8.469 8.347 8.205 8.065 7.916 8.474 8.302 8.13 8.009 7.899 8.238 8.095 7.976 7.877 7.708 7.687 7.517 7.327
635.9349 8.755 8.804 8.729 8.537 8.394 8.255 8.616 8.514 8.392 8.25 8.109 7.961 8.519 8.347 8.175 8.054 7.943 8.283 8.14 8.02 7.921 7.753 7.731 7.562 7.372
651.2757 8.8 8.849 8.774 8.581 8.439 8.3 8.661 8.559 8.437 8.295 8.154 8.006 8.564 8.391 8.22 8.099 7.988 8.328 8.185 8.065 7.966 7.798 7.776 7.607 7.417
666.9865 8.844 8.894 8.819 8.626 8.484 8.345 8.705 8.604 8.481 8.339 8.199 8.05 8.609 8.436 8.264 8.144 8.033 8.372 8.23 8.11 8.011 7.843 7.821 7.652 7.461
683.0763 8.889 8.939 8.864 8.671 8.529 8.389 8.75 8.649 8.526 8.384 8.244 8.095 8.654 8.481 8.309 8.188 8.078 8.417 8.275 8.155 8.056 7.888 7.866 7.697 7.506
699.5543 8.934 8.984 8.909 8.716 8.573 8.434 8.795 8.693 8.571 8.429 8.289 8.14 8.698 8.526 8.354 8.233 8.123 8.462 8.319 8.2 8.101 7.932 7.911 7.741 7.551
716.4297 8.979 9.028 8.953 8.761 8.618 8.479 8.84 8.738 8.616 8.474 8.333 8.185 8.743 8.571 8.399 8.278 8.167 8.507 8.364 8.244 8.145 7.977 7.955 7.786 7.596
733.7123 9.024 9.073 8.998 8.805 8.663 8.524 8.885 8.783 8.66 8.519 8.378 8.23 8.788 8.615 8.444 8.323 8.212 8.552 8.409 8.289 8.19 8.022 8.0 7.831 7.641
751.4117 9.068 9.118 9.043 8.85 8.708 8.569 8.929 8.828 8.705 8.563 8.423 8.274 8.833 8.66 8.488 8.368 8.257 8.596 8.454 8.334 8.235 8.067 8.045 7.876 7.685
769.5381 9.113 9.163 9.088 8.895 8.752 8.613 8.974 8.872 8.75 8.608 8.468 8.319 8.878 8.705 8.533 8.412 8.302 8.641 8.499 8.379 8.28 8.112 8.09 7.92 7.73
788.1018 9.156 9.206 9.131 8.938 8.795 8.656 9.017 8.915 8.793 8.651 8.511 8.362 8.92 8.748 8.576 8.455 8.345 8.684 8.541 8.422 8.323 8.154 8.133 7.963 7.773
807.1133 9.199 9.248 9.173 8.98 8.838 8.699 9.06 8.958 8.836 8.694 8.553 8.405 8.963 8.79 8.619 8.498 8.387 8.727 8.584 8.464 8.365 8.197 8.175 8.006 7.816
826.5834 9.241 9.291 9.216 9.023 8.881 8.741 9.102 9.001 8.878 8.736 8.596 8.447 9.006 8.833 8.661 8.541 8.43 8.769 8.627 8.507 8.408 8.24 8.218 8.049 7.858
846.5232 9.284 9.333 9.259 9.066 8.923 8.784 9.145 9.043 8.921 8.779 8.638 8.49 9.048 8.876 8.704 8.583 8.473 8.812 8.669 8.55 8.451 8.282 8.261 8.091 7.901
866.944 9.327 9.376 9.301 9.108 8.966 8.827 9.188 9.086 8.963 8.822 8.681 8.533 9.091 8.918 8.747 8.626 8.515 8.855 8.712 8.592 8.493 8.325 8.303 8.134 7.944
887.8575 9.369 9.419 9.344 9.151 9.009 8.869 9.23 9.129 9.006 8.864 8.724 8.575 9.134 8.961 8.789 8.668 8.558 8.897 8.755 8.635 8.536 8.368 8.346 8.177 7.986
909.2754 9.412 9.461 9.387 9.194 9.051 8.912 9.273 9.171 9.049 8.907 8.766 8.618 9.176 9.004 8.832 8.711 8.6 8.94 8.797 8.677 8.578 8.41 8.388 8.219 8.029
931.21 9.455 9.504 9.429 9.236 9.094 8.955 9.315 9.214 9.091 8.95 8.809 8.66 9.219 9.046 8.874 8.754 8.643 8.983 8.84 8.72 8.621 8.453 8.431 8.262 8.071
953.6737 9.497 9.547 9.472 9.279 9.136 8.997 9.358 9.256 9.134 8.992 8.852 8.703 9.261 9.089 8.917 8.796 8.686 9.025 8.883 8.763 8.664 8.495 8.474 8.304 8.114
976.6793 9.54 9.589 9.514 9.321 9.179 9.04 9.401 9.299 9.177 9.035 8.894 8.746 9.304 9.131 8.96 8.839 8.728 9.068 8.925 8.805 8.706 8.538 8.516 8.347 8.157
1000.2399 9.581 9.63 9.555 9.362 9.22 9.081 9.441 9.34 9.217 9.075 8.935 8.786 9.345 9.172 9.0 8.88 8.769 9.108 8.966 8.846 8.747 8.579 8.557 8.388 8.197
1024.3688 9.621 9.671 9.596 9.403 9.261 9.121 9.482 9.381 9.258 9.116 8.976 8.827 9.386 9.213 9.041 8.92 8.81 9.149 9.007 8.887 8.788 8.62 8.598 8.429 8.238
1049.0798 9.662 9.711 9.637 9.444 9.301 9.162 9.523 9.421 9.299 9.157 9.016 8.868 9.426 9.254 9.082 8.961 8.851 9.19 9.047 8.928 8.829 8.66 8.639 8.469 8.279
1074.3869 9.703 9.752 9.677 9.484 9.342 9.203 9.564 9.462 9.34 9.198 9.057 8.909 9.467 9.294 9.123 9.002 8.891 9.231 9.088 8.968 8.869 8.701 8.679 8.51 8.32
1100.3045 9.744 9.793 9.718 9.525 9.383 9.244 9.604 9.503 9.38 9.238 9.098 8.949 9.508 9.335 9.163 9.043 8.932 9.271 9.129 9.009 8.91 8.742 8.72 8.551 8.36
1126.8473 9.784 9.834 9.759 9.566 9.423 9.284 9.645 9.544 9.421 9.279 9.139 8.99 9.549 9.376 9.204 9.083 8.973 9.312 9.17 9.05 8.951 8.783 8.761 8.591 8.401
1154.0304 9.825 9.874 9.8 9.607 9.464 9.325 9.686 9.584 9.462 9.32 9.179 9.031 9.589 9.417 9.245 9.124 9.014 9.353 9.21 9.091 8.992 8.823 8.802 8.632 8.442
1181.8693 9.866 9.915 9.84 9.647 9.505 9.366 9.727 9.625 9.503 9.361 9.22 9.072 9.63 9.457 9.286 9.165 9.054 9.394 9.251 9.131 9.032 8.864 8.842 8.673 8.483
1210.3797 9.906 9.956 9.881 9.688 9.546 9.407 9.767 9.666 9.543 9.401 9.261 9.112 9.671 9.498 9.326 9.206 9.095 9.434 9.292 9.172 9.073 8.905 8.883 8.714 8.523
1239.5778 9.946 9.996 9.921 9.728 9.586 9.447 9.807 9.706 9.583 9.441 9.301 9.152 9.711 9.538 9.366 9.246 9.135 9.474 9.332 9.212 9.113 8.945 8.923 8.754 8.563
1269.4803 9.983 10.032 9.957 9.764 9.622 9.483 9.844 9.742 9.62 9.478 9.337 9.189 9.747 9.574 9.403 9.282 9.171 9.511 9.368 9.248 9.149 8.981 8.959 8.79 8.6
1300.1042 10.019 10.069 9.994 9.801 9.658 9.519 9.88 9.778 9.656 9.514 9.374 9.225 9.783 9.611 9.439 9.318 9.208 9.547 9.404 9.285 9.186 9.017 8.996 8.826 8.636
1331.4668 10.055 10.105 10.03 9.837 9.695 9.556 9.916 9.815 9.692 9.55 9.41 9.261 9.82 9.647 9.475 9.355 9.244 9.583 9.441 9.321 9.222 9.054 9.032 8.863 8.672
1363.586 10.092 10.141 10.066 9.873 9.731 9.592 9.953 9.851 9.729 9.587 9.446 9.298 9.856 9.683 9.512 9.391 9.28 9.62 9.477 9.357 9.258 9.09 9.068 8.899 8.709
1396.48 10.128 10.178 10.103 9.91 9.767 9.628 9.989 9.887 9.765 9.623 9.483 9.334 9.892 9.72 9.548 9.427 9.317 9.656 9.513 9.394 9.295 9.126 9.105 8.935 8.745
1430.1675 10.164 10.214 10.139 9.946 9.804 9.664 10.025 9.924 9.801 9.659 9.519 9.37 9.929 9.756 9.584 9.464 9.353 9.692 9.55 9.43 9.331 9.163 9.141 8.972 8.781
1464.6676 10.201 10.25 10.175 9.982 9.84 9.701 10.062 9.96 9.838 9.696 9.555 9.407 9.965 9.792 9.621 9.5 9.389 9.729 9.586 9.466 9.367 9.199 9.177 9.008 8.818
1500.0 10.237 10.286 10.212 10.019 9.876 9.737 10.098 9.996 9.874 9.732 9.591 9.443 10.001 9.829 9.657 9.536 9.426 9.765 9.622 9.503 9.404 9.235 9.214 9.044 8.854
