web/models/grb/offaxis/10/grb_0.2967_100.0000_0.0158489.dat
# %ECSV 1.0
# ---
# datatype:
# - {name: time, datatype: float64}
# - {name: swift_uvot_uvw2, datatype: float64}
# - {name: swift_uvot_uvm2, datatype: float64}
# - {name: swift_uvot_uvw1, datatype: float64}
# - {name: swift_uvot_U, datatype: float64}
# - {name: swift_uvot_B, datatype: float64}
# - {name: swift_uvot_V, datatype: float64}
# - {name: swift_uvot_W, datatype: float64}
# - {name: johnson_U, datatype: float64}
# - {name: johnson_B, datatype: float64}
# - {name: johnson_V, datatype: float64}
# - {name: johnson_R, datatype: float64}
# - {name: johnson_I, datatype: float64}
# - {name: sdss_u, datatype: float64}
# - {name: sdss_g, datatype: float64}
# - {name: sdss_r, datatype: float64}
# - {name: sdss_i, datatype: float64}
# - {name: sdss_z, datatype: float64}
# - {name: PS1_g, datatype: float64}
# - {name: PS1_r, datatype: float64}
# - {name: PS1_i, datatype: float64}
# - {name: PS1_z, datatype: float64}
# - {name: PS1_Y, datatype: float64}
# - {name: PS1_w, datatype: float64}
# - {name: ATLAS_c, datatype: float64}
# - {name: ATLAS_o, datatype: float64}
# - {name: ukirt_J, datatype: float64}
# - {name: ukirt_H, datatype: float64}
# - {name: ukirt_K, datatype: float64}
# - {name: Clear, datatype: float64}
# meta: !!omap
# - comment: [E = 0.043396498804093575, Eta0 = 8.02, GammaB = 12.0, dL = 0.012188, epsb = 6.760829753919819e-06, epse = 0.1, n = 0.01584893192461114,
#     p = 2.15, theta_obs = 0.29670597283903605, xiN = 1.0, z = 0.0, type = grb, E_kiso = 100.0]
# schema: astropy-2.0
time swift_uvot_uvw2 swift_uvot_uvm2 swift_uvot_uvw1 swift_uvot_U swift_uvot_B swift_uvot_V swift_uvot_W johnson_U johnson_B johnson_V johnson_R johnson_I sdss_u sdss_g sdss_r sdss_i sdss_z PS1_g PS1_r PS1_i PS1_z PS1_Y PS1_w ATLAS_c ATLAS_o ukirt_J ukirt_H ukirt_K Clear
[from data line 166]
0.523 -2.183 -2.134 -2.209 -2.402 -2.544 -2.683 -2.322 -2.424 -2.547 -2.688 -2.829 -2.977 -2.419 -2.592 -2.764 -2.884 -2.995 -2.655 -2.798 -2.918 -3.017 -3.185 -2.761 -2.666 -2.819 -3.207 -3.376 -3.566 -2.851
0.5356 -2.198 -2.148 -2.223 -2.416 -2.558 -2.698 -2.337 -2.438 -2.561 -2.703 -2.843 -2.992 -2.433 -2.606 -2.778 -2.899 -3.009 -2.67 -2.812 -2.932 -3.031 -3.199 -2.776 -2.68 -2.833 -3.221 -3.39 -3.581 -2.866
0.5485 -2.212 -2.163 -2.237 -2.43 -2.573 -2.712 -2.351 -2.453 -2.575 -2.717 -2.858 -3.006 -2.448 -2.62 -2.792 -2.913 -3.024 -2.684 -2.827 -2.947 -3.046 -3.214 -2.79 -2.695 -2.848 -3.236 -3.405 -3.595 -2.88
0.5617 -2.226 -2.177 -2.252 -2.445 -2.587 -2.726 -2.365 -2.467 -2.59 -2.731 -2.872 -3.02 -2.462 -2.635 -2.807 -2.927 -3.038 -2.698 -2.841 -2.961 -3.06 -3.228 -2.804 -2.709 -2.862 -3.25 -3.419 -3.61 -2.895
0.5753 -2.241 -2.191 -2.266 -2.459 -2.602 -2.741 -2.38 -2.481 -2.604 -2.746 -2.886 -3.035 -2.476 -2.649 -2.821 -2.942 -3.052 -2.713 -2.855 -2.975 -3.074 -3.242 -2.819 -2.723 -2.876 -3.264 -3.434 -3.624 -2.909
0.5891 -2.255 -2.206 -2.28 -2.473 -2.616 -2.755 -2.394 -2.496 -2.618 -2.76 -2.901 -3.049 -2.491 -2.663 -2.835 -2.956 -3.067 -2.727 -2.87 -2.99 -3.089 -3.257 -2.833 -2.738 -2.891 -3.279 -3.448 -3.638 -2.923
0.6034 -2.269 -2.219 -2.294 -2.487 -2.63 -2.769 -2.408 -2.51 -2.632 -2.774 -2.914 -3.063 -2.505 -2.677 -2.849 -2.97 -3.08 -2.741 -2.884 -3.003 -3.102 -3.271 -2.847 -2.752 -2.904 -3.292 -3.462 -3.652 -2.937
0.6179 -2.281 -2.231 -2.306 -2.499 -2.641 -2.781 -2.42 -2.521 -2.644 -2.786 -2.926 -3.075 -2.516 -2.689 -2.861 -2.981 -3.092 -2.753 -2.895 -3.015 -3.114 -3.282 -2.859 -2.763 -2.916 -3.304 -3.473 -3.664 -2.949
0.6328 -2.292 -2.243 -2.318 -2.511 -2.653 -2.792 -2.431 -2.533 -2.656 -2.797 -2.938 -3.086 -2.528 -2.701 -2.873 -2.993 -3.104 -2.764 -2.907 -3.027 -3.126 -3.294 -2.87 -2.775 -2.928 -3.316 -3.485 -3.675 -2.96
0.6481 -2.304 -2.255 -2.329 -2.522 -2.665 -2.804 -2.443 -2.545 -2.667 -2.809 -2.95 -3.098 -2.54 -2.712 -2.884 -3.005 -3.116 -2.776 -2.919 -3.039 -3.138 -3.306 -2.882 -2.787 -2.94 -3.328 -3.497 -3.687 -2.972
0.6637 -2.316 -2.266 -2.341 -2.534 -2.677 -2.816 -2.455 -2.557 -2.679 -2.821 -2.961 -3.11 -2.552 -2.724 -2.896 -3.017 -3.127 -2.788 -2.93 -3.05 -3.149 -3.318 -2.894 -2.799 -2.951 -3.339 -3.509 -3.699 -2.984
0.6797 -2.328 -2.278 -2.353 -2.546 -2.688 -2.827 -2.467 -2.568 -2.691 -2.833 -2.973 -3.122 -2.563 -2.736 -2.908 -3.028 -3.139 -2.8 -2.942 -3.062 -3.161 -3.329 -2.905 -2.81 -2.963 -3.351 -3.52 -3.711 -2.996
0.6961 -2.339 -2.29 -2.365 -2.558 -2.7 -2.839 -2.478 -2.58 -2.702 -2.844 -2.985 -3.133 -2.575 -2.748 -2.919 -3.04 -3.151 -2.811 -2.954 -3.074 -3.173 -3.341 -2.917 -2.822 -2.975 -3.363 -3.532 -3.722 -3.007
0.7129 -2.351 -2.302 -2.376 -2.569 -2.712 -2.851 -2.49 -2.592 -2.714 -2.856 -2.997 -3.145 -2.587 -2.759 -2.931 -3.052 -3.163 -2.823 -2.966 -3.085 -3.185 -3.353 -2.929 -2.834 -2.987 -3.374 -3.544 -3.734 -3.019
0.7301 -2.363 -2.313 -2.388 -2.581 -2.724 -2.863 -2.502 -2.604 -2.726 -2.868 -3.008 -3.157 -2.598 -2.771 -2.943 -3.064 -3.174 -2.835 -2.977 -3.097 -3.196 -3.365 -2.941 -2.845 -2.998 -3.386 -3.556 -3.746 -3.031
0.7477 -2.375 -2.325 -2.4 -2.593 -2.735 -2.874 -2.514 -2.615 -2.738 -2.88 -3.02 -3.169 -2.61 -2.783 -2.955 -3.075 -3.186 -2.847 -2.989 -3.109 -3.208 -3.376 -2.952 -2.857 -3.01 -3.398 -3.567 -3.758 -3.043
0.7658 -2.387 -2.337 -2.412 -2.605 -2.747 -2.887 -2.526 -2.627 -2.75 -2.892 -3.032 -3.181 -2.622 -2.795 -2.967 -3.088 -3.198 -2.859 -3.001 -3.121 -3.22 -3.388 -2.965 -2.869 -3.022 -3.41 -3.579 -3.77 -3.055
0.7842 -2.4 -2.35 -2.425 -2.618 -2.761 -2.9 -2.539 -2.641 -2.763 -2.905 -3.045 -3.194 -2.635 -2.808 -2.98 -3.101 -3.211 -2.872 -3.014 -3.134 -3.233 -3.402 -2.978 -2.882 -3.035 -3.423 -3.593 -3.783 -3.068
0.8032 -2.413 -2.363 -2.438 -2.631 -2.774 -2.913 -2.552 -2.654 -2.776 -2.918 -3.058 -3.207 -2.649 -2.821 -2.993 -3.114 -3.224 -2.885 -3.027 -3.147 -3.246 -3.415 -2.991 -2.896 -3.048 -3.436 -3.606 -3.796 -3.081
0.8225 -2.426 -2.376 -2.451 -2.644 -2.787 -2.926 -2.565 -2.667 -2.789 -2.931 -3.071 -3.22 -2.662 -2.834 -3.006 -3.127 -3.237 -2.898 -3.041 -3.16 -3.259 -3.428 -3.004 -2.909 -3.061 -3.449 -3.619 -3.809 -3.094
0.8424 -2.439 -2.39 -2.464 -2.657 -2.8 -2.939 -2.578 -2.68 -2.802 -2.944 -3.085 -3.233 -2.675 -2.847 -3.019 -3.14 -3.25 -2.911 -3.054 -3.173 -3.272 -3.441 -3.017 -2.922 -3.074 -3.462 -3.632 -3.822 -3.107
0.8627 -2.452 -2.403 -2.477 -2.67 -2.813 -2.952 -2.591 -2.693 -2.815 -2.957 -3.098 -3.246 -2.688 -2.86 -3.032 -3.153 -3.264 -2.924 -3.067 -3.186 -3.286 -3.454 -3.03 -2.935 -3.088 -3.475 -3.645 -3.835 -3.12
0.8835 -2.465 -2.416 -2.491 -2.683 -2.826 -2.965 -2.604 -2.706 -2.828 -2.97 -3.111 -3.259 -2.701 -2.873 -3.045 -3.166 -3.277 -2.937 -3.08 -3.2 -3.299 -3.467 -3.043 -2.948 -3.101 -3.489 -3.658 -3.848 -3.133
0.9048 -2.478 -2.429 -2.504 -2.697 -2.839 -2.978 -2.617 -2.719 -2.841 -2.983 -3.124 -3.272 -2.714 -2.886 -3.058 -3.179 -3.29 -2.95 -3.093 -3.213 -3.312 -3.48 -3.056 -2.961 -3.114 -3.502 -3.671 -3.861 -3.146
0.9266 -2.491 -2.442 -2.517 -2.71 -2.852 -2.991 -2.63 -2.732 -2.854 -2.996 -3.137 -3.285 -2.727 -2.9 -3.071 -3.192 -3.303 -2.963 -3.106 -3.226 -3.325 -3.493 -3.069 -2.974 -3.127 -3.515 -3.684 -3.874 -3.159
0.949 -2.504 -2.455 -2.53 -2.723 -2.865 -3.004 -2.643 -2.745 -2.867 -3.009 -3.15 -3.298 -2.74 -2.913 -3.084 -3.205 -3.316 -2.976 -3.119 -3.239 -3.338 -3.506 -3.082 -2.987 -3.14 -3.528 -3.697 -3.887 -3.172
0.9719 -2.519 -2.47 -2.545 -2.737 -2.88 -3.019 -2.658 -2.76 -2.882 -3.024 -3.165 -3.313 -2.755 -2.927 -3.099 -3.22 -3.331 -2.991 -3.134 -3.254 -3.353 -3.521 -3.097 -3.002 -3.155 -3.543 -3.712 -3.902 -3.187
0.9953 -2.536 -2.486 -2.561 -2.754 -2.897 -3.036 -2.675 -2.776 -2.899 -3.041 -3.181 -3.33 -2.771 -2.944 -3.116 -3.237 -3.347 -3.008 -3.15 -3.27 -3.369 -3.537 -3.114 -3.018 -3.171 -3.559 -3.729 -3.919 -3.204
1.0194 -2.552 -2.503 -2.578 -2.771 -2.913 -3.052 -2.691 -2.793 -2.916 -3.057 -3.198 -3.346 -2.788 -2.961 -3.133 -3.253 -3.364 -3.024 -3.167 -3.287 -3.386 -3.554 -3.13 -3.035 -3.188 -3.576 -3.745 -3.935 -3.22
1.0439 -2.569 -2.52 -2.594 -2.787 -2.93 -3.069 -2.708 -2.81 -2.932 -3.074 -3.215 -3.363 -2.805 -2.977 -3.149 -3.27 -3.38 -3.041 -3.184 -3.303 -3.402 -3.571 -3.147 -3.052 -3.204 -3.592 -3.762 -3.952 -3.237
1.0691 -2.586 -2.536 -2.611 -2.804 -2.946 -3.085 -2.725 -2.826 -2.949 -3.091 -3.231 -3.38 -2.821 -2.994 -3.166 -3.286 -3.397 -3.058 -3.2 -3.32 -3.419 -3.587 -3.163 -3.068 -3.221 -3.609 -3.778 -3.969 -3.254
1.0949 -2.602 -2.553 -2.628 -2.821 -2.963 -3.102 -2.741 -2.843 -2.965 -3.107 -3.248 -3.396 -2.838 -3.011 -3.182 -3.303 -3.414 -3.074 -3.217 -3.337 -3.436 -3.604 -3.18 -3.085 -3.238 -3.626 -3.795 -3.985 -3.27
1.1213 -2.619 -2.569 -2.644 -2.837 -2.98 -3.119 -2.758 -2.86 -2.982 -3.124 -3.264 -3.413 -2.855 -3.027 -3.199 -3.32 -3.43 -3.091 -3.233 -3.353 -3.452 -3.621 -3.197 -3.102 -3.254 -3.642 -3.812 -4.002 -3.287
1.1484 -2.635 -2.586 -2.661 -2.854 -2.996 -3.135 -2.775 -2.876 -2.999 -3.14 -3.281 -3.43 -2.871 -3.044 -3.216 -3.336 -3.447 -3.108 -3.25 -3.37 -3.469 -3.637 -3.213 -3.118 -3.271 -3.659 -3.828 -4.019 -3.304
1.1761 -2.652 -2.603 -2.677 -2.87 -3.013 -3.152 -2.791 -2.893 -3.015 -3.157 -3.298 -3.446 -2.888 -3.06 -3.232 -3.353 -3.464 -3.124 -3.267 -3.387 -3.486 -3.654 -3.23 -3.135 -3.288 -3.676 -3.845 -4.035 -3.32
1.2044 -2.669 -2.619 -2.694 -2.887 -3.029 -3.169 -2.808 -2.909 -3.032 -3.174 -3.314 -3.463 -2.904 -3.077 -3.249 -3.37 -3.48 -3.141 -3.283 -3.403 -3.502 -3.67 -3.247 -3.151 -3.304 -3.692 -3.861 -4.052 -3.337
1.2335 -2.683 -2.634 -2.709 -2.902 -3.044 -3.183 -2.822 -2.924 -3.046 -3.188 -3.329 -3.477 -2.919 -3.092 -3.263 -3.384 -3.495 -3.155 -3.298 -3.418 -3.517 -3.685 -3.261 -3.166 -3.319 -3.707 -3.876 -4.066 -3.351
1.2633 -2.697 -2.647 -2.722 -2.915 -3.057 -3.197 -2.836 -2.937 -3.06 -3.202 -3.342 -3.491 -2.932 -3.105 -3.277 -3.397 -3.508 -3.169 -3.311 -3.431 -3.53 -3.698 -3.275 -3.179 -3.332 -3.72 -3.889 -4.08 -3.365
1.2937 -2.71 -2.661 -2.735 -2.928 -3.071 -3.21 -2.849 -2.951 -3.073 -3.215 -3.356 -3.504 -2.946 -3.118 -3.29 -3.411 -3.521 -3.182 -3.325 -3.444 -3.543 -3.712 -3.288 -3.193 -3.345 -3.733 -3.903 -4.093 -3.378
1.3249 -2.723 -2.674 -2.749 -2.942 -3.084 -3.223 -2.862 -2.964 -3.087 -3.228 -3.369 -3.517 -2.959 -3.132 -3.304 -3.424 -3.535 -3.195 -3.338 -3.458 -3.557 -3.725 -3.301 -3.206 -3.359 -3.747 -3.916 -4.106 -3.391
1.3569 -2.737 -2.687 -2.762 -2.955 -3.098 -3.237 -2.876 -2.977 -3.1 -3.242 -3.382 -3.531 -2.972 -3.145 -3.317 -3.438 -3.548 -3.209 -3.351 -3.471 -3.57 -3.738 -3.315 -3.219 -3.372 -3.76 -3.93 -4.12 -3.405
1.3896 -2.75 -2.701 -2.776 -2.968 -3.111 -3.25 -2.889 -2.991 -3.113 -3.255 -3.396 -3.544 -2.986 -3.158 -3.33 -3.451 -3.562 -3.222 -3.365 -3.485 -3.584 -3.752 -3.328 -3.233 -3.386 -3.774 -3.943 -4.133 -3.418
1.4232 -2.764 -2.714 -2.789 -2.982 -3.124 -3.263 -2.903 -3.004 -3.127 -3.269 -3.409 -3.558 -2.999 -3.172 -3.344 -3.464 -3.575 -3.236 -3.378 -3.498 -3.597 -3.765 -3.341 -3.246 -3.399 -3.787 -3.956 -4.147 -3.432
1.4575 -2.777 -2.727 -2.802 -2.995 -3.138 -3.277 -2.916 -3.018 -3.14 -3.282 -3.422 -3.571 -3.013 -3.185 -3.357 -3.478 -3.588 -3.249 -3.391 -3.511 -3.61 -3.779 -3.355 -3.26 -3.412 -3.8 -3.97 -4.16 -3.445
1.4927 -2.79 -2.741 -2.816 -3.009 -3.151 -3.29 -2.929 -3.031 -3.153 -3.295 -3.436 -3.584 -3.026 -3.199 -3.37 -3.491 -3.602 -3.262 -3.405 -3.525 -3.624 -3.792 -3.368 -3.273 -3.426 -3.814 -3.983 -4.173 -3.458
1.5287 -2.804 -2.754 -2.829 -3.022 -3.164 -3.304 -2.943 -3.044 -3.167 -3.309 -3.449 -3.598 -3.039 -3.212 -3.384 -3.504 -3.615 -3.276 -3.418 -3.538 -3.637 -3.805 -3.382 -3.286 -3.439 -3.827 -3.996 -4.187 -3.472
1.5655 -2.819 -2.77 -2.845 -3.037 -3.18 -3.319 -2.958 -3.06 -3.182 -3.324 -3.465 -3.613 -3.055 -3.227 -3.399 -3.52 -3.631 -3.291 -3.434 -3.554 -3.653 -3.821 -3.397 -3.302 -3.455 -3.843 -4.012 -4.202 -3.487
1.6033 -2.835 -2.786 -2.861 -3.054 -3.196 -3.335 -2.974 -3.076 -3.198 -3.34 -3.481 -3.629 -3.071 -3.244 -3.415 -3.536 -3.647 -3.307 -3.45 -3.57 -3.669 -3.837 -3.413 -3.318 -3.471 -3.859 -4.028 -4.218 -3.503
1.642 -2.851 -2.802 -2.877 -3.07 -3.212 -3.351 -2.99 -3.092 -3.214 -3.356 -3.497 -3.645 -3.087 -3.26 -3.431 -3.552 -3.663 -3.323 -3.466 -3.586 -3.685 -3.853 -3.429 -3.334 -3.487 -3.875 -4.044 -4.234 -3.519
1.6816 -2.867 -2.818 -2.893 -3.086 -3.228 -3.367 -3.006 -3.108 -3.231 -3.372 -3.513 -3.662 -3.103 -3.276 -3.448 -3.568 -3.679 -3.339 -3.482 -3.602 -3.701 -3.869 -3.445 -3.35 -3.503 -3.891 -4.06 -4.251 -3.536
1.7222 -2.884 -2.834 -2.909 -3.102 -3.244 -3.383 -3.023 -3.124 -3.247 -3.389 -3.529 -3.678 -3.119 -3.292 -3.464 -3.584 -3.695 -3.356 -3.498 -3.618 -3.717 -3.885 -3.461 -3.366 -3.519 -3.907 -4.076 -4.267 -3.552
1.7637 -2.9 -2.85 -2.925 -3.118 -3.26 -3.399 -3.039 -3.14 -3.263 -3.405 -3.545 -3.694 -3.135 -3.308 -3.48 -3.6 -3.711 -3.372 -3.514 -3.634 -3.733 -3.901 -3.477 -3.382 -3.535 -3.923 -4.092 -4.283 -3.568
1.8062 -2.916 -2.866 -2.941 -3.134 -3.276 -3.416 -3.055 -3.156 -3.279 -3.421 -3.561 -3.71 -3.151 -3.324 -3.496 -3.617 -3.727 -3.388 -3.53 -3.65 -3.749 -3.917 -3.494 -3.398 -3.551 -3.939 -4.108 -4.299 -3.584
1.8498 -2.932 -2.882 -2.957 -3.15 -3.293 -3.432 -3.071 -3.173 -3.295 -3.437 -3.577 -3.726 -3.168 -3.34 -3.512 -3.633 -3.743 -3.404 -3.546 -3.666 -3.765 -3.934 -3.51 -3.414 -3.567 -3.955 -4.125 -4.315 -3.6
1.8944 -2.948 -2.898 -2.973 -3.166 -3.309 -3.448 -3.087 -3.189 -3.311 -3.453 -3.593 -3.742 -3.184 -3.356 -3.528 -3.649 -3.759 -3.42 -3.563 -3.682 -3.781 -3.95 -3.526 -3.431 -3.583 -3.971 -4.141 -4.331 -3.616
1.9401 -2.964 -2.915 -2.989 -3.182 -3.325 -3.464 -3.103 -3.205 -3.327 -3.469 -3.61 -3.758 -3.2 -3.372 -3.544 -3.665 -3.775 -3.436 -3.579 -3.698 -3.797 -3.966 -3.542 -3.447 -3.599 -3.987 -4.157 -4.347 -3.632
1.9869 -2.977 -2.927 -3.002 -3.195 -3.338 -3.477 -3.116 -3.218 -3.34 -3.482 -3.622 -3.771 -3.213 -3.385 -3.557 -3.678 -3.788 -3.449 -3.591 -3.711 -3.81 -3.979 -3.555 -3.46 -3.612 -4.0 -4.17 -4.36 -3.645
2.0349 -2.989 -2.94 -3.015 -3.208 -3.35 -3.489 -3.128 -3.23 -3.352 -3.494 -3.635 -3.783 -3.225 -3.398 -3.569 -3.69 -3.801 -3.461 -3.604 -3.724 -3.823 -3.991 -3.567 -3.472 -3.625 -4.013 -4.182 -4.372 -3.657
2.084 -3.002 -2.952 -3.027 -3.22 -3.363 -3.502 -3.141 -3.243 -3.365 -3.507 -3.647 -3.796 -3.238 -3.41 -3.582 -3.703 -3.813 -3.474 -3.616 -3.736 -3.835 -4.004 -3.58 -3.485 -3.637 -4.025 -4.195 -4.385 -3.67
2.1342 -3.014 -2.965 -3.04 -3.233 -3.375 -3.514 -3.153 -3.255 -3.378 -3.519 -3.66 -3.808 -3.25 -3.423 -3.595 -3.715 -3.826 -3.486 -3.629 -3.749 -3.848 -4.016 -3.592 -3.497 -3.65 -4.038 -4.207 -4.397 -3.682
2.1857 -3.027 -2.977 -3.052 -3.245 -3.388 -3.527 -3.166 -3.268 -3.39 -3.532 -3.672 -3.821 -3.263 -3.435 -3.607 -3.728 -3.838 -3.499 -3.641 -3.761 -3.86 -4.029 -3.605 -3.51 -3.662 -4.05 -4.22 -4.41 -3.695
2.2384 -3.039 -2.99 -3.065 -3.258 -3.4 -3.539 -3.178 -3.28 -3.403 -3.544 -3.685 -3.833 -3.275 -3.448 -3.62 -3.74 -3.851 -3.511 -3.654 -3.774 -3.873 -4.041 -3.617 -3.522 -3.675 -4.063 -4.232 -4.423 -3.708
2.2924 -3.052 -3.002 -3.077 -3.27 -3.413 -3.552 -3.191 -3.293 -3.415 -3.557 -3.697 -3.846 -3.288 -3.46 -3.632 -3.753 -3.863 -3.524 -3.667 -3.786 -3.885 -4.054 -3.63 -3.535 -3.687 -4.075 -4.245 -4.435 -3.72
2.3477 -3.064 -3.015 -3.09 -3.283 -3.425 -3.564 -3.204 -3.305 -3.428 -3.569 -3.71 -3.859 -3.3 -3.473 -3.645 -3.765 -3.876 -3.536 -3.679 -3.799 -3.898 -4.066 -3.642 -3.547 -3.7 -4.088 -4.257 -4.448 -3.733
2.4044 -3.077 -3.028 -3.102 -3.295 -3.438 -3.577 -3.216 -3.318 -3.44 -3.582 -3.722 -3.871 -3.313 -3.485 -3.657 -3.778 -3.888 -3.549 -3.692 -3.811 -3.91 -4.079 -3.655 -3.56 -3.712 -4.1 -4.27 -4.46 -3.745
2.4624 -3.089 -3.04 -3.115 -3.308 -3.45 -3.589 -3.228 -3.33 -3.452 -3.594 -3.735 -3.883 -3.325 -3.497 -3.669 -3.79 -3.901 -3.561 -3.704 -3.824 -3.923 -4.091 -3.667 -3.572 -3.725 -4.113 -4.282 -4.472 -3.757
2.5218 -3.096 -3.047 -3.122 -3.315 -3.457 -3.596 -3.235 -3.337 -3.46 -3.601 -3.742 -3.89 -3.332 -3.505 -3.676 -3.797 -3.908 -3.568 -3.711 -3.831 -3.93 -4.098 -3.674 -3.579 -3.732 -4.12 -4.289 -4.479 -3.764
2.5826 -3.104 -3.054 -3.129 -3.322 -3.464 -3.603 -3.243 -3.344 -3.467 -3.609 -3.749 -3.898 -3.339 -3.512 -3.684 -3.804 -3.915 -3.576 -3.718 -3.838 -3.937 -4.105 -3.681 -3.586 -3.739 -4.127 -4.296 -4.487 -3.772
2.6449 -3.111 -3.061 -3.136 -3.329 -3.472 -3.611 -3.25 -3.352 -3.474 -3.616 -3.756 -3.905 -3.346 -3.519 -3.691 -3.812 -3.922 -3.583 -3.725 -3.845 -3.944 -4.113 -3.689 -3.593 -3.746 -4.134 -4.304 -4.494 -3.779
2.7087 -3.118 -3.069 -3.143 -3.336 -3.479 -3.618 -3.257 -3.359 -3.481 -3.623 -3.764 -3.912 -3.354 -3.526 -3.698 -3.819 -3.929 -3.59 -3.733 -3.852 -3.951 -4.12 -3.696 -3.601 -3.753 -4.141 -4.311 -4.501 -3.786
2.7741 -3.125 -3.076 -3.151 -3.344 -3.486 -3.625 -3.264 -3.366 -3.488 -3.63 -3.771 -3.919 -3.361 -3.534 -3.705 -3.826 -3.937 -3.597 -3.74 -3.86 -3.959 -4.127 -3.703 -3.608 -3.761 -4.149 -4.318 -4.508 -3.793
2.841 -3.132 -3.083 -3.158 -3.351 -3.493 -3.632 -3.272 -3.373 -3.496 -3.637 -3.778 -3.927 -3.368 -3.541 -3.713 -3.833 -3.944 -3.604 -3.747 -3.867 -3.966 -4.134 -3.71 -3.615 -3.768 -4.156 -4.325 -4.516 -3.801
2.9095 -3.14 -3.09 -3.165 -3.358 -3.5 -3.64 -3.279 -3.38 -3.503 -3.645 -3.785 -3.934 -3.375 -3.548 -3.72 -3.84 -3.951 -3.612 -3.754 -3.874 -3.973 -4.141 -3.718 -3.622 -3.775 -4.163 -4.332 -4.523 -3.808
2.9797 -3.147 -3.097 -3.172 -3.365 -3.508 -3.647 -3.286 -3.388 -3.51 -3.652 -3.792 -3.941 -3.383 -3.555 -3.727 -3.848 -3.958 -3.619 -3.761 -3.881 -3.98 -4.149 -3.725 -3.63 -3.782 -4.17 -4.34 -4.53 -3.815
3.0516 -3.154 -3.105 -3.179 -3.372 -3.515 -3.654 -3.293 -3.395 -3.517 -3.659 -3.8 -3.948 -3.39 -3.562 -3.734 -3.855 -3.966 -3.626 -3.769 -3.889 -3.988 -4.156 -3.732 -3.637 -3.79 -4.178 -4.347 -4.537 -3.822
3.1252 -3.162 -3.113 -3.188 -3.381 -3.523 -3.662 -3.301 -3.403 -3.525 -3.667 -3.808 -3.956 -3.398 -3.571 -3.742 -3.863 -3.974 -3.634 -3.777 -3.897 -3.996 -4.164 -3.74 -3.645 -3.798 -4.186 -4.355 -4.545 -3.83
3.2006 -3.175 -3.125 -3.2 -3.393 -3.535 -3.674 -3.314 -3.415 -3.538 -3.68 -3.82 -3.969 -3.41 -3.583 -3.755 -3.875 -3.986 -3.647 -3.789 -3.909 -4.008 -4.176 -3.752 -3.657 -3.81 -4.198 -4.367 -4.558 -3.843
