web/models/grb/offaxis/10/grb_0.2967_0.1931_3.9810717.dat
# %ECSV 1.0
# ---
# datatype:
# - {name: time, datatype: float64}
# - {name: swift_uvot_uvw2, datatype: float64}
# - {name: swift_uvot_uvm2, datatype: float64}
# - {name: swift_uvot_uvw1, datatype: float64}
# - {name: swift_uvot_U, datatype: float64}
# - {name: swift_uvot_B, datatype: float64}
# - {name: swift_uvot_V, datatype: float64}
# - {name: swift_uvot_W, datatype: float64}
# - {name: johnson_U, datatype: float64}
# - {name: johnson_B, datatype: float64}
# - {name: johnson_V, datatype: float64}
# - {name: johnson_R, datatype: float64}
# - {name: johnson_I, datatype: float64}
# - {name: sdss_u, datatype: float64}
# - {name: sdss_g, datatype: float64}
# - {name: sdss_r, datatype: float64}
# - {name: sdss_i, datatype: float64}
# - {name: sdss_z, datatype: float64}
# - {name: PS1_g, datatype: float64}
# - {name: PS1_r, datatype: float64}
# - {name: PS1_i, datatype: float64}
# - {name: PS1_z, datatype: float64}
# - {name: PS1_Y, datatype: float64}
# - {name: ukirt_J, datatype: float64}
# - {name: ukirt_H, datatype: float64}
# - {name: ukirt_K, datatype: float64}
# meta: !!omap
# - comment: [E = 8.378552168254816e-05, Eta0 = 8.02, GammaB = 12.0, dL = 0.012188, epsb = 6.760829753919819e-06, epse = 0.1, n = 3.981071705534969,
#     p = 2.15, theta_obs = 0.29670597283903605, xiN = 1.0, z = 0.0, type = grb, E_kiso = 0.19306977288832505]
# schema: astropy-2.0
time swift_uvot_uvw2 swift_uvot_uvm2 swift_uvot_uvw1 swift_uvot_U swift_uvot_B swift_uvot_V swift_uvot_W johnson_U johnson_B johnson_V johnson_R johnson_I sdss_u sdss_g sdss_r sdss_i sdss_z PS1_g PS1_r PS1_i PS1_z PS1_Y ukirt_J ukirt_H ukirt_K
[from data line 283]
8.5049 5.325 5.375 5.3 5.107 4.965 4.825 5.186 5.085 4.962 4.82 4.68 4.531 5.09 4.917 4.745 4.624 4.514 4.853 4.711 4.591 4.492 4.324 4.302 4.133 3.942
8.71 5.365 5.414 5.339 5.146 5.004 4.865 5.225 5.124 5.001 4.859 4.719 4.57 5.129 4.956 4.784 4.664 4.553 4.892 4.75 4.63 4.531 4.363 4.341 4.172 3.981
8.9201 5.405 5.454 5.379 5.186 5.044 4.905 5.265 5.164 5.041 4.9 4.759 4.61 5.169 4.996 4.824 4.704 4.593 4.932 4.79 4.67 4.571 4.403 4.381 4.212 4.021
9.1353 5.445 5.494 5.419 5.226 5.084 4.945 5.306 5.204 5.081 4.94 4.799 4.65 5.209 5.036 4.864 4.744 4.633 4.973 4.83 4.71 4.611 4.443 4.421 4.252 4.061
9.3557 5.485 5.534 5.459 5.266 5.124 4.985 5.346 5.244 5.121 4.98 4.839 4.691 5.249 5.076 4.904 4.784 4.673 5.013 4.87 4.75 4.651 4.483 4.461 4.292 4.102
9.5814 5.525 5.574 5.499 5.306 5.164 5.025 5.386 5.284 5.162 5.02 4.879 4.731 5.289 5.116 4.945 4.824 4.713 5.053 4.91 4.79 4.691 4.523 4.501 4.332 4.142
9.8125 5.565 5.614 5.539 5.346 5.204 5.065 5.426 5.324 5.202 5.06 4.919 4.771 5.329 5.156 4.985 4.864 4.753 5.093 4.95 4.83 4.731 4.563 4.541 4.372 4.182
10.0492 5.605 5.654 5.579 5.386 5.244 5.105 5.466 5.364 5.242 5.1 4.959 4.811 5.369 5.196 5.025 4.904 4.793 5.133 4.99 4.87 4.771 4.603 4.581 4.412 4.222
10.2917 5.645 5.694 5.619 5.426 5.284 5.145 5.506 5.404 5.282 5.14 4.999 4.851 5.409 5.237 5.065 4.944 4.833 5.173 5.03 4.91 4.811 4.643 4.621 4.452 4.262
10.5399 5.685 5.734 5.659 5.467 5.324 5.185 5.546 5.444 5.322 5.18 5.039 4.891 5.449 5.277 5.105 4.984 4.873 5.213 5.07 4.95 4.851 4.683 4.661 4.492 4.302
10.7942 5.726 5.775 5.7 5.507 5.365 5.226 5.587 5.485 5.363 5.221 5.08 4.932 5.49 5.317 5.146 5.025 4.914 5.254 5.111 4.991 4.892 4.724 4.702 4.533 4.343
11.0546 5.793 5.843 5.768 5.575 5.432 5.293 5.654 5.552 5.43 5.288 5.148 4.999 5.558 5.385 5.213 5.092 4.982 5.321 5.179 5.059 4.96 4.792 4.77 4.6 4.41
11.3212 5.861 5.91 5.835 5.642 5.5 5.361 5.722 5.62 5.498 5.356 5.215 5.067 5.625 5.452 5.281 5.16 5.049 5.389 5.246 5.126 5.027 4.859 4.837 4.668 4.478
11.5943 5.928 5.978 5.903 5.71 5.568 5.428 5.789 5.688 5.565 5.423 5.283 5.134 5.693 5.52 5.348 5.227 5.117 5.456 5.314 5.194 5.095 4.927 4.905 4.736 4.545
11.874 5.996 6.045 5.97 5.778 5.635 5.496 5.857 5.755 5.633 5.491 5.35 5.202 5.76 5.588 5.416 5.295 5.184 5.524 5.381 5.261 5.162 4.994 4.972 4.803 4.613
12.1605 6.063 6.113 6.038 5.845 5.703 5.564 5.924 5.823 5.7 5.558 5.418 5.269 5.828 5.655 5.483 5.363 5.252 5.591 5.449 5.329 5.23 5.062 5.04 4.871 4.68
12.4538 6.131 6.18 6.106 5.913 5.77 5.631 5.992 5.89 5.768 5.626 5.485 5.337 5.895 5.723 5.551 5.43 5.319 5.659 5.516 5.397 5.297 5.129 5.108 4.938 4.748
12.7542 6.198 6.248 6.173 5.98 5.838 5.699 6.059 5.958 5.835 5.693 5.553 5.404 5.963 5.79 5.618 5.498 5.387 5.726 5.584 5.464 5.365 5.197 5.175 5.006 4.815
13.0619 6.266 6.315 6.241 6.048 5.905 5.766 6.127 6.025 5.903 5.761 5.621 5.472 6.03 5.858 5.686 5.565 5.455 5.794 5.651 5.532 5.433 5.264 5.243 5.073 4.883
13.377 6.334 6.383 6.308 6.115 5.973 5.834 6.195 6.093 5.97 5.829 5.688 5.539 6.098 5.925 5.753 5.633 5.522 5.862 5.719 5.599 5.5 5.332 5.31 5.141 4.95
13.6997 6.407 6.456 6.382 6.189 6.046 5.907 6.268 6.166 6.044 5.902 5.761 5.613 6.171 5.999 5.827 5.706 5.595 5.935 5.792 5.672 5.573 5.405 5.383 5.214 5.024
14.0302 6.508 6.558 6.483 6.29 6.147 6.008 6.369 6.268 6.145 6.003 5.863 5.714 6.273 6.1 5.928 5.807 5.697 6.036 5.894 5.774 5.675 5.507 5.485 5.315 5.125
14.3686 6.61 6.659 6.584 6.391 6.249 6.11 6.471 6.369 6.246 6.105 5.964 5.816 6.374 6.201 6.029 5.909 5.798 6.138 5.995 5.875 5.776 5.608 5.586 5.417 5.226
14.7153 6.711 6.76 6.686 6.493 6.35 6.211 6.572 6.47 6.348 6.206 6.065 5.917 6.475 6.303 6.131 6.01 5.899 6.239 6.096 5.976 5.877 5.709 5.687 5.518 5.328
15.0702 6.812 6.862 6.787 6.594 6.451 6.312 6.673 6.572 6.449 6.307 6.167 6.018 6.577 6.404 6.232 6.111 6.001 6.34 6.198 6.078 5.979 5.811 5.789 5.619 5.429
15.4338 6.914 6.963 6.888 6.695 6.553 6.414 6.775 6.673 6.55 6.409 6.268 6.119 6.678 6.505 6.333 6.213 6.102 6.442 6.299 6.179 6.08 5.912 5.89 5.721 5.53
15.8061 7.015 7.064 6.99 6.797 6.654 6.515 6.876 6.774 6.652 6.51 6.369 6.221 6.779 6.607 6.435 6.314 6.203 6.543 6.4 6.28 6.181 6.013 5.991 5.822 5.632
16.1874 7.116 7.166 7.091 6.898 6.755 6.616 6.977 6.876 6.753 6.611 6.471 6.322 6.881 6.708 6.536 6.415 6.305 6.644 6.502 6.382 6.283 6.115 6.093 5.923 5.733
16.5779 7.218 7.267 7.192 6.999 6.857 6.718 7.079 6.977 6.854 6.713 6.572 6.423 6.982 6.809 6.637 6.517 6.406 6.746 6.603 6.483 6.384 6.216 6.194 6.025 5.834
16.9778 7.319 7.368 7.294 7.101 6.958 6.819 7.18 7.078 6.956 6.814 6.673 6.525 7.083 6.911 6.739 6.618 6.507 6.847 6.704 6.584 6.485 6.317 6.295 6.126 5.936
17.3873 7.44 7.489 7.415 7.222 7.079 6.94 7.301 7.199 7.077 6.935 6.794 6.646 7.204 7.032 6.86 6.739 6.628 6.968 6.825 6.706 6.607 6.438 6.417 6.247 6.057
17.8068 7.604 7.653 7.579 7.386 7.243 7.104 7.465 7.363 7.241 7.099 6.958 6.81 7.368 7.196 7.024 6.903 6.792 7.132 6.989 6.87 6.771 6.602 6.581 6.411 6.221
18.2363 7.768 7.817 7.743 7.55 7.407 7.268 7.629 7.527 7.405 7.263 7.122 6.974 7.532 7.36 7.188 7.067 6.957 7.296 7.153 7.034 6.935 6.766 6.745 6.575 6.385
18.6762 7.932 7.981 7.907 7.714 7.571 7.432 7.793 7.691 7.569 7.427 7.286 7.138 7.696 7.524 7.352 7.231 7.121 7.46 7.317 7.198 7.099 6.93 6.909 6.739 6.549
19.1268 8.096 8.145 8.071 7.878 7.735 7.596 7.957 7.855 7.733 7.591 7.45 7.302 7.86 7.688 7.516 7.395 7.285 7.624 7.481 7.362 7.263 7.094 7.073 6.903 6.713
19.5882 8.26 8.309 8.235 8.042 7.899 7.76 8.121 8.019 7.897 7.755 7.614 7.466 8.024 7.852 7.68 7.559 7.449 7.788 7.645 7.526 7.427 7.258 7.237 7.067 6.877
20.0607 8.424 8.473 8.399 8.206 8.063 7.924 8.285 8.183 8.061 7.919 7.778 7.63 8.188 8.016 7.844 7.723 7.613 7.952 7.809 7.69 7.591 7.422 7.401 7.231 7.041
20.5446 8.588 8.637 8.563 8.37 8.227 8.088 8.449 8.347 8.225 8.083 7.942 7.794 8.352 8.18 8.008 7.887 7.777 8.116 7.973 7.854 7.755 7.586 7.565 7.395 7.205
21.0402 8.752 8.801 8.727 8.534 8.391 8.252 8.613 8.511 8.389 8.247 8.106 7.958 8.516 8.344 8.172 8.051 7.941 8.28 8.137 8.018 7.919 7.75 7.729 7.559 7.369
21.5478 8.916 8.965 8.891 8.698 8.555 8.416 8.777 8.675 8.553 8.411 8.27 8.122 8.68 8.508 8.336 8.215 8.105 8.444 8.301 8.182 8.083 7.914 7.893 7.723 7.533
22.0676 9.148 9.198 9.123 8.93 8.788 8.649 9.009 8.908 8.785 8.643 8.503 8.354 8.913 8.74 8.568 8.448 8.337 8.676 8.534 8.414 8.315 8.147 8.125 7.956 7.765
22.5999 9.462 9.512 9.437 9.244 9.101 8.962 9.323 9.221 9.099 8.957 8.817 8.668 9.226 9.054 8.882 8.761 8.651 8.99 8.847 8.728 8.629 8.46 8.439 8.269 8.079
23.1451 9.776 9.825 9.75 9.557 9.415 9.276 9.637 9.535 9.412 9.271 9.13 8.982 9.54 9.367 9.195 9.075 8.964 9.304 9.161 9.041 8.942 8.774 8.752 8.583 8.393
23.7034 10.089 10.139 10.064 9.871 9.728 9.589 9.95 9.848 9.726 9.584 9.444 9.295 9.853 9.681 9.509 9.388 9.278 9.617 9.475 9.355 9.256 9.087 9.066 8.896 8.706
24.2752 10.403 10.452 10.377 10.184 10.042 9.903 10.264 10.162 10.04 9.898 9.757 9.609 10.167 9.994 9.823 9.702 9.591 9.931 9.788 9.668 9.569 9.401 9.379 9.21 9.02
24.8608 10.716 10.766 10.691 10.498 10.356 10.216 10.577 10.476 10.353 10.211 10.071 9.922 10.481 10.308 10.136 10.015 9.905 10.244 10.102 9.982 9.883 9.715 9.693 9.524 9.333
25.4606 11.03 11.079 11.005 10.812 10.669 10.53 10.891 10.789 10.667 10.525 10.384 10.236 10.794 10.622 10.45 10.329 10.218 10.558 10.415 10.295 10.196 10.028 10.006 9.837 9.647
26.0748 11.343 11.393 11.318 11.125 10.983 10.844 11.204 11.103 10.98 10.838 10.698 10.549 11.108 10.935 10.763 10.643 10.532 10.871 10.729 10.609 10.51 10.342 10.32 10.151 9.96
26.7038 11.657 11.706 11.632 11.439 11.296 11.157 11.518 11.416 11.294 11.152 11.012 10.863 11.421 11.249 11.077 10.956 10.846 11.185 11.042 10.923 10.824 10.655 10.634 10.464 10.274
27.3479 11.971 12.02 11.945 11.752 11.61 11.471 11.832 11.73 11.607 11.466 11.325 11.177 11.735 11.562 11.39 11.27 11.159 11.499 11.356 11.236 11.137 10.969 10.947 10.778 10.587
28.0077 12.284 12.334 12.259 12.066 11.923 11.784 12.145 12.043 11.921 11.779 11.639 11.49 12.048 11.876 11.704 11.583 11.473 11.812 11.67 11.55 11.451 11.282 11.261 11.091 10.901
28.6833 12.598 12.647 12.572 12.379 12.237 12.098 12.459 12.357 12.235 12.093 11.952 11.804 12.362 12.189 12.018 11.897 11.786 12.126 11.983 11.863 11.764 11.596 11.574 11.405 11.215
29.3752 12.911 12.961 12.886 12.693 12.551 12.411 12.772 12.671 12.548 12.406 12.266 12.117 12.676 12.503 12.331 12.21 12.1 12.439 12.297 12.177 12.078 11.91 11.888 11.719 11.528
30.0838 13.225 13.274 13.199 13.007 12.864 12.725 13.086 12.984 12.862 12.72 12.579 12.431 12.989 12.817 12.645 12.524 12.413 12.753 12.61 12.49 12.391 12.223 12.201 12.032 11.842
30.8096 13.538 13.588 13.513 13.32 13.178 13.039 13.399 13.298 13.175 13.033 12.893 12.744 13.303 13.13 12.958 12.838 12.727 13.066 12.924 12.804 12.705 12.537 12.515 12.346 12.155
31.5528 13.852 13.901 13.827 13.634 13.491 13.352 13.713 13.611 13.489 13.347 13.206 13.058 13.616 13.444 13.272 13.151 13.041 13.38 13.237 13.118 13.019 12.85 12.829 12.659 12.469
32.3139 14.166 14.215 14.14 13.947 13.805 13.666 14.026 13.925 13.802 13.661 13.52 13.371 13.93 13.757 13.585 13.465 13.354 13.694 13.551 13.431 13.332 13.164 13.142 12.973 12.782
33.0935 14.479 14.529 14.454 14.261 14.118 13.979 14.34 14.238 14.116 13.974 13.834 13.685 14.243 14.071 13.899 13.778 13.668 14.007 13.865 13.745 13.646 13.477 13.456 13.286 13.096
33.8918 14.793 14.842 14.767 14.574 14.432 14.293 14.654 14.552 14.43 14.288 14.147 13.999 14.557 14.384 14.213 14.092 13.981 14.321 14.178 14.058 13.959 13.791 13.769 13.6 13.41
34.7093 15.106 15.156 15.081 14.888 14.746 14.606 14.967 14.866 14.743 14.601 14.461 14.312 14.871 14.698 14.526 14.405 14.295 14.634 14.492 14.372 14.273 14.105 14.083 13.914 13.723
35.5466 15.42 15.469 15.394 15.201 15.059 14.92 15.281 15.179 15.057 14.915 14.774 14.626 15.184 15.012 14.84 14.719 14.608 14.948 14.805 14.685 14.586 14.418 14.396 14.227 14.037
36.4041 15.733 15.783 15.708 15.515 15.373 15.234 15.594 15.493 15.37 15.228 15.088 14.939 15.498 15.325 15.153 15.033 14.922 15.261 15.119 14.999 14.9 14.732 14.71 14.541 14.35
37.2823 16.047 16.096 16.022 15.829 15.686 15.547 15.908 15.806 15.684 15.542 15.401 15.253 15.811 15.639 15.467 15.346 15.236 15.575 15.432 15.313 15.214 15.045 15.024 14.854 14.664
38.1817 16.361 16.41 16.335 16.142 16.0 15.861 16.221 16.12 15.997 15.856 15.715 15.566 16.125 15.952 15.78 15.66 15.549 15.888 15.746 15.626 15.527 15.359 15.337 15.168 14.977
39.1028 16.674 16.724 16.649 16.456 16.313 16.174 16.535 16.433 16.311 16.169 16.029 15.88 16.438 16.266 16.094 15.973 15.863 16.202 16.06 15.94 15.841 15.672 15.651 15.481 15.291
40.046 16.988 17.037 16.962 16.769 16.627 16.488 16.849 16.747 16.625 16.483 16.342 16.194 16.752 16.579 16.408 16.287 16.176 16.516 16.373 16.253 16.154 15.986 15.964 15.795 15.605
41.0121 17.301 17.351 17.276 17.083 16.94 16.801 17.162 17.061 16.938 16.796 16.656 16.507 17.066 16.893 16.721 16.6 16.49 16.829 16.687 16.567 16.468 16.3 16.278 16.108 15.918
42.0014 17.615 17.664 17.589 17.396 17.254 17.115 17.476 17.374 17.252 17.11 16.969 16.821 17.379 17.207 17.035 16.914 16.803 17.143 17.0 16.88 16.781 16.613 16.591 16.422 16.232
43.0146 17.928 17.978 17.903 17.71 17.568 17.428 17.789 17.688 17.565 17.423 17.283 17.134 17.693 17.52 17.348 17.228 17.117 17.456 17.314 17.194 17.095 16.927 16.905 16.736 16.545
44.0523 18.242 18.291 18.217 18.024 17.881 17.742 18.103 18.001 17.879 17.737 17.596 17.448 18.006 17.834 17.662 17.541 17.43 17.77 17.627 17.508 17.408 17.24 17.219 17.049 16.859
45.1149 18.556 18.605 18.53 18.337 18.195 18.056 18.416 18.315 18.192 18.05 17.91 17.761 18.32 18.147 17.975 17.855 17.744 18.083 17.941 17.821 17.722 17.554 17.532 17.363 17.172
46.2033 18.869 18.919 18.844 18.651 18.508 18.369 18.73 18.628 18.506 18.364 18.224 18.075 18.633 18.461 18.289 18.168 18.058 18.397 18.254 18.135 18.036 17.867 17.846 17.676 17.486
47.3178 19.183 19.232 19.157 18.964 18.822 18.683 19.044 18.942 18.819 18.678 18.537 18.389 18.947 18.774 18.603 18.482 18.371 18.711 18.568 18.448 18.349 18.181 18.159 17.99 17.8
48.4593 19.496 19.546 19.471 19.278 19.135 18.996 19.357 19.255 19.133 18.991 18.851 18.702 19.261 19.088 18.916 18.795 18.685 19.024 18.882 18.762 18.663 18.494 18.473 18.303 18.113
49.6283 19.81 19.859 19.784 19.591 19.449 19.31 19.671 19.569 19.447 19.305 19.164 19.016 19.574 19.401 19.23 19.109 18.998 19.338 19.195 19.075 18.976 18.808 18.786 18.617 18.427
50.8255 20.123 20.173 20.098 19.905 19.763 19.623 19.984 19.883 19.76 19.618 19.478 19.329 19.888 19.715 19.543 19.423 19.312 19.651 19.509 19.389 19.29 19.122 19.1 18.931 18.74
52.0515 20.437 20.486 20.412 20.219 20.076 19.937 20.298 20.196 20.074 19.932 19.791 19.643 20.201 20.029 19.857 19.736 19.625 19.965 19.822 19.702 19.603 19.435 19.413 19.244 19.054
53.3072 20.75 20.8 20.725 20.532 20.39 20.251 20.611 20.51 20.387 20.245 20.105 19.956 20.515 20.342 20.17 20.05 19.939 20.278 20.136 20.016 19.917 19.749 19.727 19.558 19.367
54.5931 21.064 21.114 21.039 20.846 20.703 20.564 20.925 20.823 20.701 20.559 20.419 20.27 20.828 20.656 20.484 20.363 20.253 20.592 20.449 20.33 20.231 20.062 20.041 19.871 19.681
55.9101 21.378 21.427 21.352 21.159 21.017 20.878 21.239 21.137 21.014 20.873 20.732 20.584 21.142 20.969 20.797 20.677 20.566 20.906 20.763 20.643 20.544 20.376 20.354 20.185 19.995
57.2588 21.691 21.741 21.666 21.473 21.33 21.191 21.552 21.45 21.328 21.186 21.046 20.897 21.455 21.283 21.111 20.99 20.88 21.219 21.077 20.957 20.858 20.689 20.668 20.498 20.308
58.6401 22.005 22.054 21.979 21.786 21.644 21.505 21.866 21.764 21.642 21.5 21.359 21.211 21.769 21.596 21.425 21.304 21.193 21.533 21.39 21.27 21.171 21.003 20.981 20.812 20.622
60.0546 22.318 22.368 22.293 22.1 21.958 21.818 22.179 22.078 21.955 21.813 21.673 21.524 22.083 21.91 21.738 21.617 21.507 21.846 21.704 21.584 21.485 21.317 21.295 21.126 20.935
61.5034 22.632 22.681 22.606 22.414 22.271 22.132 22.493 22.391 22.269 22.127 21.986 21.838 22.396 22.224 22.052 21.931 21.82 22.16 22.017 21.897 21.798 21.63 21.608 21.439 21.249
62.987 22.945 22.995 22.92 22.727 22.585 22.446 22.806 22.705 22.582 22.44 22.3 22.151 22.71 22.537 22.365 22.245 22.134 22.473 22.331 22.211 22.112 21.944 21.922 21.753 21.562
64.5065 23.259 23.308 23.234 23.041 22.898 22.759 23.12 23.018 22.896 22.754 22.614 22.465 23.023 22.851 22.679 22.558 22.448 22.787 22.644 22.525 22.426 22.257 22.236 22.066 21.876
66.0626 23.573 23.622 23.547 23.354 23.212 23.073 23.434 23.332 23.209 23.068 22.927 22.779 23.337 23.164 22.992 22.872 22.761 23.101 22.958 22.838 22.739 22.571 22.549 22.38 22.189
67.6562 23.886 23.936 23.861 23.668 23.525 23.386 23.747 23.645 23.523 23.381 23.241 23.092 23.65 23.478 23.306 23.185 23.075 23.414 23.272 23.152 23.053 22.884 22.863 22.693 22.503
69.2883 24.2 24.249 24.174 23.981 23.839 23.7 24.061 23.959 23.837 23.695 23.554 23.406 23.964 23.791 23.62 23.499 23.388 23.728 23.585 23.465 23.366 23.198 23.176 23.007 22.817
70.9597 24.513 24.563 24.488 24.295 24.153 24.013 24.374 24.273 24.15 24.008 23.868 23.719 24.278 24.105 23.933 23.812 23.702 24.041 23.899 23.779 23.68 23.512 23.49 23.321 23.13
72.6715 24.827 24.876 24.801 24.609 24.466 24.327 24.688 24.586 24.464 24.322 24.181 24.033 24.591 24.419 24.247 24.126 24.015 24.355 24.212 24.092 23.993 23.825 23.803 23.634 23.444
74.4246 25.14 25.19 25.115 24.922 24.78 24.641 25.001 24.9 24.777 24.635 24.495 24.346 24.905 24.732 24.56 24.44 24.329 24.668 24.526 24.406 24.307 24.139 24.117 23.948 23.757
76.2199 25.454 25.503 25.429 25.236 25.093 24.954 25.315 25.213 25.091 24.949 24.808 24.66 25.218 25.046 24.874 24.753 24.643 24.982 24.839 24.72 24.621 24.452 24.431 24.261 24.071
78.0586 25.768 25.817 25.742 25.549 25.407 25.268 25.628 25.527 25.404 25.263 25.122 24.973 25.532 25.359 25.187 25.067 24.956 25.296 25.153 25.033 24.934 24.766 24.744 24.575 24.384
