web/models/linear/76/-18_796_0_228.dat
# %ECSV 1.0
# ---
# datatype:
# - {name: time, datatype: float64}
# - {name: sdss_u, datatype: float64}
# - {name: sdss_g, datatype: float64}
# - {name: sdss_r, datatype: float64}
# - {name: sdss_i, datatype: float64}
# - {name: sdss_z, datatype: float64}
# - {name: Clear, datatype: float64}
# - {name: johnson_B, datatype: float64}
# - {name: johnson_V, datatype: float64}
# - {name: johnson_R, datatype: float64}
# - {name: johnson_I, datatype: float64}
# - {name: ukirt_J, datatype: float64}
# - {name: ukirt_H, datatype: float64}
# - {name: ukirt_K, datatype: float64}
# meta: !!omap
# - comment: [M=-18.79591836734694, dM=0.22797045620951936]
# schema: astropy-2.0
time sdss_u sdss_g sdss_r sdss_i sdss_z Clear johnson_B johnson_V johnson_R johnson_I ukirt_J ukirt_H ukirt_K
[from data line 176]
13.266331658291456 -15.771586686979447 -15.771586686979447 -15.771586686979447 -15.771586686979447 -15.771586686979447 -15.771586686979447 -15.771586686979447 -15.771586686979447 -15.771586686979447 -15.771586686979447 -15.771586686979447 -15.771586686979447 -15.771586686979447
13.341708542713567 -15.754402984250085 -15.754402984250085 -15.754402984250085 -15.754402984250085 -15.754402984250085 -15.754402984250085 -15.754402984250085 -15.754402984250085 -15.754402984250085 -15.754402984250085 -15.754402984250085 -15.754402984250085 -15.754402984250085
13.417085427135678 -15.737219281520725 -15.737219281520725 -15.737219281520725 -15.737219281520725 -15.737219281520725 -15.737219281520725 -15.737219281520725 -15.737219281520725 -15.737219281520725 -15.737219281520725 -15.737219281520725 -15.737219281520725 -15.737219281520725
13.492462311557787 -15.720035578791364 -15.720035578791364 -15.720035578791364 -15.720035578791364 -15.720035578791364 -15.720035578791364 -15.720035578791364 -15.720035578791364 -15.720035578791364 -15.720035578791364 -15.720035578791364 -15.720035578791364 -15.720035578791364
13.567839195979898 -15.702851876062002 -15.702851876062002 -15.702851876062002 -15.702851876062002 -15.702851876062002 -15.702851876062002 -15.702851876062002 -15.702851876062002 -15.702851876062002 -15.702851876062002 -15.702851876062002 -15.702851876062002 -15.702851876062002
13.64321608040201 -15.685668173332642 -15.685668173332642 -15.685668173332642 -15.685668173332642 -15.685668173332642 -15.685668173332642 -15.685668173332642 -15.685668173332642 -15.685668173332642 -15.685668173332642 -15.685668173332642 -15.685668173332642 -15.685668173332642
13.718592964824118 -15.668484470603282 -15.668484470603282 -15.668484470603282 -15.668484470603282 -15.668484470603282 -15.668484470603282 -15.668484470603282 -15.668484470603282 -15.668484470603282 -15.668484470603282 -15.668484470603282 -15.668484470603282 -15.668484470603282
13.79396984924623 -15.65130076787392 -15.65130076787392 -15.65130076787392 -15.65130076787392 -15.65130076787392 -15.65130076787392 -15.65130076787392 -15.65130076787392 -15.65130076787392 -15.65130076787392 -15.65130076787392 -15.65130076787392 -15.65130076787392
13.86934673366834 -15.63411706514456 -15.63411706514456 -15.63411706514456 -15.63411706514456 -15.63411706514456 -15.63411706514456 -15.63411706514456 -15.63411706514456 -15.63411706514456 -15.63411706514456 -15.63411706514456 -15.63411706514456 -15.63411706514456
13.944723618090451 -15.6169333624152 -15.6169333624152 -15.6169333624152 -15.6169333624152 -15.6169333624152 -15.6169333624152 -15.6169333624152 -15.6169333624152 -15.6169333624152 -15.6169333624152 -15.6169333624152 -15.6169333624152 -15.6169333624152
14.020100502512562 -15.599749659685838 -15.599749659685838 -15.599749659685838 -15.599749659685838 -15.599749659685838 -15.599749659685838 -15.599749659685838 -15.599749659685838 -15.599749659685838 -15.599749659685838 -15.599749659685838 -15.599749659685838 -15.599749659685838
14.095477386934672 -15.582565956956477 -15.582565956956477 -15.582565956956477 -15.582565956956477 -15.582565956956477 -15.582565956956477 -15.582565956956477 -15.582565956956477 -15.582565956956477 -15.582565956956477 -15.582565956956477 -15.582565956956477 -15.582565956956477
14.170854271356783 -15.565382254227117 -15.565382254227117 -15.565382254227117 -15.565382254227117 -15.565382254227117 -15.565382254227117 -15.565382254227117 -15.565382254227117 -15.565382254227117 -15.565382254227117 -15.565382254227117 -15.565382254227117 -15.565382254227117
14.246231155778894 -15.548198551497755 -15.548198551497755 -15.548198551497755 -15.548198551497755 -15.548198551497755 -15.548198551497755 -15.548198551497755 -15.548198551497755 -15.548198551497755 -15.548198551497755 -15.548198551497755 -15.548198551497755 -15.548198551497755
14.321608040201003 -15.531014848768397 -15.531014848768397 -15.531014848768397 -15.531014848768397 -15.531014848768397 -15.531014848768397 -15.531014848768397 -15.531014848768397 -15.531014848768397 -15.531014848768397 -15.531014848768397 -15.531014848768397 -15.531014848768397
14.396984924623114 -15.513831146039035 -15.513831146039035 -15.513831146039035 -15.513831146039035 -15.513831146039035 -15.513831146039035 -15.513831146039035 -15.513831146039035 -15.513831146039035 -15.513831146039035 -15.513831146039035 -15.513831146039035 -15.513831146039035
14.472361809045225 -15.496647443309675 -15.496647443309675 -15.496647443309675 -15.496647443309675 -15.496647443309675 -15.496647443309675 -15.496647443309675 -15.496647443309675 -15.496647443309675 -15.496647443309675 -15.496647443309675 -15.496647443309675 -15.496647443309675
14.547738693467336 -15.479463740580314 -15.479463740580314 -15.479463740580314 -15.479463740580314 -15.479463740580314 -15.479463740580314 -15.479463740580314 -15.479463740580314 -15.479463740580314 -15.479463740580314 -15.479463740580314 -15.479463740580314 -15.479463740580314
14.623115577889447 -15.462280037850952 -15.462280037850952 -15.462280037850952 -15.462280037850952 -15.462280037850952 -15.462280037850952 -15.462280037850952 -15.462280037850952 -15.462280037850952 -15.462280037850952 -15.462280037850952 -15.462280037850952 -15.462280037850952
14.698492462311556 -15.445096335121592 -15.445096335121592 -15.445096335121592 -15.445096335121592 -15.445096335121592 -15.445096335121592 -15.445096335121592 -15.445096335121592 -15.445096335121592 -15.445096335121592 -15.445096335121592 -15.445096335121592 -15.445096335121592
14.773869346733667 -15.427912632392232 -15.427912632392232 -15.427912632392232 -15.427912632392232 -15.427912632392232 -15.427912632392232 -15.427912632392232 -15.427912632392232 -15.427912632392232 -15.427912632392232 -15.427912632392232 -15.427912632392232 -15.427912632392232
14.849246231155778 -15.41072892966287 -15.41072892966287 -15.41072892966287 -15.41072892966287 -15.41072892966287 -15.41072892966287 -15.41072892966287 -15.41072892966287 -15.41072892966287 -15.41072892966287 -15.41072892966287 -15.41072892966287 -15.41072892966287
14.924623115577887 -15.39354522693351 -15.39354522693351 -15.39354522693351 -15.39354522693351 -15.39354522693351 -15.39354522693351 -15.39354522693351 -15.39354522693351 -15.39354522693351 -15.39354522693351 -15.39354522693351 -15.39354522693351 -15.39354522693351
15.0 -15.37636152420415 -15.37636152420415 -15.37636152420415 -15.37636152420415 -15.37636152420415 -15.37636152420415 -15.37636152420415 -15.37636152420415 -15.37636152420415 -15.37636152420415 -15.37636152420415 -15.37636152420415 -15.37636152420415
