web/models/linear/76/-18_796_1_075.dat
# %ECSV 1.0
# ---
# datatype:
# - {name: time, datatype: float64}
# - {name: swift_uvot_uvw2, datatype: float64}
# - {name: swift_uvot_uvm2, datatype: float64}
# - {name: swift_uvot_uvw1, datatype: float64}
# - {name: swift_uvot_U, datatype: float64}
# - {name: swift_uvot_B, datatype: float64}
# - {name: swift_uvot_V, datatype: float64}
# - {name: swift_uvot_W, datatype: float64}
# - {name: johnson_U, datatype: float64}
# - {name: johnson_B, datatype: float64}
# - {name: johnson_V, datatype: float64}
# - {name: johnson_R, datatype: float64}
# - {name: johnson_I, datatype: float64}
# - {name: sdss_u, datatype: float64}
# - {name: sdss_g, datatype: float64}
# - {name: sdss_r, datatype: float64}
# - {name: sdss_i, datatype: float64}
# - {name: sdss_z, datatype: float64}
# - {name: PS1_g, datatype: float64}
# - {name: PS1_r, datatype: float64}
# - {name: PS1_i, datatype: float64}
# - {name: PS1_z, datatype: float64}
# - {name: PS1_Y, datatype: float64}
# - {name: PS1_w, datatype: float64}
# - {name: ATLAS_c, datatype: float64}
# - {name: ATLAS_o, datatype: float64}
# - {name: ukirt_J, datatype: float64}
# - {name: ukirt_H, datatype: float64}
# - {name: ukirt_K, datatype: float64}
# - {name: Clear, datatype: float64}
# meta: !!omap
# - comment: [M=-18.79591836734694, dM=1.0753706008311428]
# schema: astropy-2.0
time swift_uvot_uvw2 swift_uvot_uvm2 swift_uvot_uvw1 swift_uvot_U swift_uvot_B swift_uvot_V swift_uvot_W johnson_U johnson_B johnson_V johnson_R johnson_I sdss_u sdss_g sdss_r sdss_i sdss_z PS1_g PS1_r PS1_i PS1_z PS1_Y PS1_w ATLAS_c ATLAS_o ukirt_J ukirt_H ukirt_K Clear
[from data line 82]
6.180904522613065 -12.1491553571846 -12.1491553571846 -12.1491553571846 -12.1491553571846 -12.1491553571846 -12.1491553571846 -12.1491553571846 -12.1491553571846 -12.1491553571846 -12.1491553571846 -12.1491553571846 -12.1491553571846 -12.1491553571846 -12.1491553571846 -12.1491553571846 -12.1491553571846 -12.1491553571846 -12.1491553571846 -12.1491553571846 -12.1491553571846 -12.1491553571846 -12.1491553571846 -12.1491553571846 -12.1491553571846 -12.1491553571846 -12.1491553571846 -12.1491553571846 -12.1491553571846 -12.1491553571846
6.256281407035175 -12.068097271694816 -12.068097271694816 -12.068097271694816 -12.068097271694816 -12.068097271694816 -12.068097271694816 -12.068097271694816 -12.068097271694816 -12.068097271694816 -12.068097271694816 -12.068097271694816 -12.068097271694816 -12.068097271694816 -12.068097271694816 -12.068097271694816 -12.068097271694816 -12.068097271694816 -12.068097271694816 -12.068097271694816 -12.068097271694816 -12.068097271694816 -12.068097271694816 -12.068097271694816 -12.068097271694816 -12.068097271694816 -12.068097271694816 -12.068097271694816 -12.068097271694816 -12.068097271694816
6.331658291457286 -11.987039186205031 -11.987039186205031 -11.987039186205031 -11.987039186205031 -11.987039186205031 -11.987039186205031 -11.987039186205031 -11.987039186205031 -11.987039186205031 -11.987039186205031 -11.987039186205031 -11.987039186205031 -11.987039186205031 -11.987039186205031 -11.987039186205031 -11.987039186205031 -11.987039186205031 -11.987039186205031 -11.987039186205031 -11.987039186205031 -11.987039186205031 -11.987039186205031 -11.987039186205031 -11.987039186205031 -11.987039186205031 -11.987039186205031 -11.987039186205031 -11.987039186205031 -11.987039186205031
6.407035175879397 -11.905981100715245 -11.905981100715245 -11.905981100715245 -11.905981100715245 -11.905981100715245 -11.905981100715245 -11.905981100715245 -11.905981100715245 -11.905981100715245 -11.905981100715245 -11.905981100715245 -11.905981100715245 -11.905981100715245 -11.905981100715245 -11.905981100715245 -11.905981100715245 -11.905981100715245 -11.905981100715245 -11.905981100715245 -11.905981100715245 -11.905981100715245 -11.905981100715245 -11.905981100715245 -11.905981100715245 -11.905981100715245 -11.905981100715245 -11.905981100715245 -11.905981100715245 -11.905981100715245
6.482412060301507 -11.824923015225462 -11.824923015225462 -11.824923015225462 -11.824923015225462 -11.824923015225462 -11.824923015225462 -11.824923015225462 -11.824923015225462 -11.824923015225462 -11.824923015225462 -11.824923015225462 -11.824923015225462 -11.824923015225462 -11.824923015225462 -11.824923015225462 -11.824923015225462 -11.824923015225462 -11.824923015225462 -11.824923015225462 -11.824923015225462 -11.824923015225462 -11.824923015225462 -11.824923015225462 -11.824923015225462 -11.824923015225462 -11.824923015225462 -11.824923015225462 -11.824923015225462 -11.824923015225462
6.557788944723617 -11.743864929735677 -11.743864929735677 -11.743864929735677 -11.743864929735677 -11.743864929735677 -11.743864929735677 -11.743864929735677 -11.743864929735677 -11.743864929735677 -11.743864929735677 -11.743864929735677 -11.743864929735677 -11.743864929735677 -11.743864929735677 -11.743864929735677 -11.743864929735677 -11.743864929735677 -11.743864929735677 -11.743864929735677 -11.743864929735677 -11.743864929735677 -11.743864929735677 -11.743864929735677 -11.743864929735677 -11.743864929735677 -11.743864929735677 -11.743864929735677 -11.743864929735677 -11.743864929735677
6.633165829145728 -11.662806844245893 -11.662806844245893 -11.662806844245893 -11.662806844245893 -11.662806844245893 -11.662806844245893 -11.662806844245893 -11.662806844245893 -11.662806844245893 -11.662806844245893 -11.662806844245893 -11.662806844245893 -11.662806844245893 -11.662806844245893 -11.662806844245893 -11.662806844245893 -11.662806844245893 -11.662806844245893 -11.662806844245893 -11.662806844245893 -11.662806844245893 -11.662806844245893 -11.662806844245893 -11.662806844245893 -11.662806844245893 -11.662806844245893 -11.662806844245893 -11.662806844245893 -11.662806844245893
6.708542713567839 -11.581748758756106 -11.581748758756106 -11.581748758756106 -11.581748758756106 -11.581748758756106 -11.581748758756106 -11.581748758756106 -11.581748758756106 -11.581748758756106 -11.581748758756106 -11.581748758756106 -11.581748758756106 -11.581748758756106 -11.581748758756106 -11.581748758756106 -11.581748758756106 -11.581748758756106 -11.581748758756106 -11.581748758756106 -11.581748758756106 -11.581748758756106 -11.581748758756106 -11.581748758756106 -11.581748758756106 -11.581748758756106 -11.581748758756106 -11.581748758756106 -11.581748758756106 -11.581748758756106
6.783919597989949 -11.500690673266323 -11.500690673266323 -11.500690673266323 -11.500690673266323 -11.500690673266323 -11.500690673266323 -11.500690673266323 -11.500690673266323 -11.500690673266323 -11.500690673266323 -11.500690673266323 -11.500690673266323 -11.500690673266323 -11.500690673266323 -11.500690673266323 -11.500690673266323 -11.500690673266323 -11.500690673266323 -11.500690673266323 -11.500690673266323 -11.500690673266323 -11.500690673266323 -11.500690673266323 -11.500690673266323 -11.500690673266323 -11.500690673266323 -11.500690673266323 -11.500690673266323 -11.500690673266323
6.859296482412059 -11.419632587776539 -11.419632587776539 -11.419632587776539 -11.419632587776539 -11.419632587776539 -11.419632587776539 -11.419632587776539 -11.419632587776539 -11.419632587776539 -11.419632587776539 -11.419632587776539 -11.419632587776539 -11.419632587776539 -11.419632587776539 -11.419632587776539 -11.419632587776539 -11.419632587776539 -11.419632587776539 -11.419632587776539 -11.419632587776539 -11.419632587776539 -11.419632587776539 -11.419632587776539 -11.419632587776539 -11.419632587776539 -11.419632587776539 -11.419632587776539 -11.419632587776539 -11.419632587776539
6.93467336683417 -11.338574502286754 -11.338574502286754 -11.338574502286754 -11.338574502286754 -11.338574502286754 -11.338574502286754 -11.338574502286754 -11.338574502286754 -11.338574502286754 -11.338574502286754 -11.338574502286754 -11.338574502286754 -11.338574502286754 -11.338574502286754 -11.338574502286754 -11.338574502286754 -11.338574502286754 -11.338574502286754 -11.338574502286754 -11.338574502286754 -11.338574502286754 -11.338574502286754 -11.338574502286754 -11.338574502286754 -11.338574502286754 -11.338574502286754 -11.338574502286754 -11.338574502286754 -11.338574502286754
7.010050251256281 -11.257516416796967 -11.257516416796967 -11.257516416796967 -11.257516416796967 -11.257516416796967 -11.257516416796967 -11.257516416796967 -11.257516416796967 -11.257516416796967 -11.257516416796967 -11.257516416796967 -11.257516416796967 -11.257516416796967 -11.257516416796967 -11.257516416796967 -11.257516416796967 -11.257516416796967 -11.257516416796967 -11.257516416796967 -11.257516416796967 -11.257516416796967 -11.257516416796967 -11.257516416796967 -11.257516416796967 -11.257516416796967 -11.257516416796967 -11.257516416796967 -11.257516416796967 -11.257516416796967
7.085427135678391 -11.176458331307185 -11.176458331307185 -11.176458331307185 -11.176458331307185 -11.176458331307185 -11.176458331307185 -11.176458331307185 -11.176458331307185 -11.176458331307185 -11.176458331307185 -11.176458331307185 -11.176458331307185 -11.176458331307185 -11.176458331307185 -11.176458331307185 -11.176458331307185 -11.176458331307185 -11.176458331307185 -11.176458331307185 -11.176458331307185 -11.176458331307185 -11.176458331307185 -11.176458331307185 -11.176458331307185 -11.176458331307185 -11.176458331307185 -11.176458331307185 -11.176458331307185 -11.176458331307185
7.160804020100501 -11.0954002458174 -11.0954002458174 -11.0954002458174 -11.0954002458174 -11.0954002458174 -11.0954002458174 -11.0954002458174 -11.0954002458174 -11.0954002458174 -11.0954002458174 -11.0954002458174 -11.0954002458174 -11.0954002458174 -11.0954002458174 -11.0954002458174 -11.0954002458174 -11.0954002458174 -11.0954002458174 -11.0954002458174 -11.0954002458174 -11.0954002458174 -11.0954002458174 -11.0954002458174 -11.0954002458174 -11.0954002458174 -11.0954002458174 -11.0954002458174 -11.0954002458174 -11.0954002458174
7.236180904522612 -11.014342160327615 -11.014342160327615 -11.014342160327615 -11.014342160327615 -11.014342160327615 -11.014342160327615 -11.014342160327615 -11.014342160327615 -11.014342160327615 -11.014342160327615 -11.014342160327615 -11.014342160327615 -11.014342160327615 -11.014342160327615 -11.014342160327615 -11.014342160327615 -11.014342160327615 -11.014342160327615 -11.014342160327615 -11.014342160327615 -11.014342160327615 -11.014342160327615 -11.014342160327615 -11.014342160327615 -11.014342160327615 -11.014342160327615 -11.014342160327615 -11.014342160327615 -11.014342160327615
7.311557788944723 -10.933284074837829 -10.933284074837829 -10.933284074837829 -10.933284074837829 -10.933284074837829 -10.933284074837829 -10.933284074837829 -10.933284074837829 -10.933284074837829 -10.933284074837829 -10.933284074837829 -10.933284074837829 -10.933284074837829 -10.933284074837829 -10.933284074837829 -10.933284074837829 -10.933284074837829 -10.933284074837829 -10.933284074837829 -10.933284074837829 -10.933284074837829 -10.933284074837829 -10.933284074837829 -10.933284074837829 -10.933284074837829 -10.933284074837829 -10.933284074837829 -10.933284074837829 -10.933284074837829
7.3869346733668335 -10.852225989348046 -10.852225989348046 -10.852225989348046 -10.852225989348046 -10.852225989348046 -10.852225989348046 -10.852225989348046 -10.852225989348046 -10.852225989348046 -10.852225989348046 -10.852225989348046 -10.852225989348046 -10.852225989348046 -10.852225989348046 -10.852225989348046 -10.852225989348046 -10.852225989348046 -10.852225989348046 -10.852225989348046 -10.852225989348046 -10.852225989348046 -10.852225989348046 -10.852225989348046 -10.852225989348046 -10.852225989348046 -10.852225989348046 -10.852225989348046 -10.852225989348046 -10.852225989348046
7.462311557788944 -10.771167903858261 -10.771167903858261 -10.771167903858261 -10.771167903858261 -10.771167903858261 -10.771167903858261 -10.771167903858261 -10.771167903858261 -10.771167903858261 -10.771167903858261 -10.771167903858261 -10.771167903858261 -10.771167903858261 -10.771167903858261 -10.771167903858261 -10.771167903858261 -10.771167903858261 -10.771167903858261 -10.771167903858261 -10.771167903858261 -10.771167903858261 -10.771167903858261 -10.771167903858261 -10.771167903858261 -10.771167903858261 -10.771167903858261 -10.771167903858261 -10.771167903858261 -10.771167903858261
7.537688442211055 -10.690109818368477 -10.690109818368477 -10.690109818368477 -10.690109818368477 -10.690109818368477 -10.690109818368477 -10.690109818368477 -10.690109818368477 -10.690109818368477 -10.690109818368477 -10.690109818368477 -10.690109818368477 -10.690109818368477 -10.690109818368477 -10.690109818368477 -10.690109818368477 -10.690109818368477 -10.690109818368477 -10.690109818368477 -10.690109818368477 -10.690109818368477 -10.690109818368477 -10.690109818368477 -10.690109818368477 -10.690109818368477 -10.690109818368477 -10.690109818368477 -10.690109818368477 -10.690109818368477
7.613065326633166 -10.609051732878692 -10.609051732878692 -10.609051732878692 -10.609051732878692 -10.609051732878692 -10.609051732878692 -10.609051732878692 -10.609051732878692 -10.609051732878692 -10.609051732878692 -10.609051732878692 -10.609051732878692 -10.609051732878692 -10.609051732878692 -10.609051732878692 -10.609051732878692 -10.609051732878692 -10.609051732878692 -10.609051732878692 -10.609051732878692 -10.609051732878692 -10.609051732878692 -10.609051732878692 -10.609051732878692 -10.609051732878692 -10.609051732878692 -10.609051732878692 -10.609051732878692 -10.609051732878692
7.688442211055276 -10.527993647388907 -10.527993647388907 -10.527993647388907 -10.527993647388907 -10.527993647388907 -10.527993647388907 -10.527993647388907 -10.527993647388907 -10.527993647388907 -10.527993647388907 -10.527993647388907 -10.527993647388907 -10.527993647388907 -10.527993647388907 -10.527993647388907 -10.527993647388907 -10.527993647388907 -10.527993647388907 -10.527993647388907 -10.527993647388907 -10.527993647388907 -10.527993647388907 -10.527993647388907 -10.527993647388907 -10.527993647388907 -10.527993647388907 -10.527993647388907 -10.527993647388907 -10.527993647388907
7.763819095477386 -10.446935561899123 -10.446935561899123 -10.446935561899123 -10.446935561899123 -10.446935561899123 -10.446935561899123 -10.446935561899123 -10.446935561899123 -10.446935561899123 -10.446935561899123 -10.446935561899123 -10.446935561899123 -10.446935561899123 -10.446935561899123 -10.446935561899123 -10.446935561899123 -10.446935561899123 -10.446935561899123 -10.446935561899123 -10.446935561899123 -10.446935561899123 -10.446935561899123 -10.446935561899123 -10.446935561899123 -10.446935561899123 -10.446935561899123 -10.446935561899123 -10.446935561899123 -10.446935561899123
7.839195979899497 -10.365877476409338 -10.365877476409338 -10.365877476409338 -10.365877476409338 -10.365877476409338 -10.365877476409338 -10.365877476409338 -10.365877476409338 -10.365877476409338 -10.365877476409338 -10.365877476409338 -10.365877476409338 -10.365877476409338 -10.365877476409338 -10.365877476409338 -10.365877476409338 -10.365877476409338 -10.365877476409338 -10.365877476409338 -10.365877476409338 -10.365877476409338 -10.365877476409338 -10.365877476409338 -10.365877476409338 -10.365877476409338 -10.365877476409338 -10.365877476409338 -10.365877476409338 -10.365877476409338
7.914572864321608 -10.284819390919553 -10.284819390919553 -10.284819390919553 -10.284819390919553 -10.284819390919553 -10.284819390919553 -10.284819390919553 -10.284819390919553 -10.284819390919553 -10.284819390919553 -10.284819390919553 -10.284819390919553 -10.284819390919553 -10.284819390919553 -10.284819390919553 -10.284819390919553 -10.284819390919553 -10.284819390919553 -10.284819390919553 -10.284819390919553 -10.284819390919553 -10.284819390919553 -10.284819390919553 -10.284819390919553 -10.284819390919553 -10.284819390919553 -10.284819390919553 -10.284819390919553 -10.284819390919553
7.989949748743718 -10.203761305429769 -10.203761305429769 -10.203761305429769 -10.203761305429769 -10.203761305429769 -10.203761305429769 -10.203761305429769 -10.203761305429769 -10.203761305429769 -10.203761305429769 -10.203761305429769 -10.203761305429769 -10.203761305429769 -10.203761305429769 -10.203761305429769 -10.203761305429769 -10.203761305429769 -10.203761305429769 -10.203761305429769 -10.203761305429769 -10.203761305429769 -10.203761305429769 -10.203761305429769 -10.203761305429769 -10.203761305429769 -10.203761305429769 -10.203761305429769 -10.203761305429769 -10.203761305429769
8.065326633165828 -10.122703219939984 -10.122703219939984 -10.122703219939984 -10.122703219939984 -10.122703219939984 -10.122703219939984 -10.122703219939984 -10.122703219939984 -10.122703219939984 -10.122703219939984 -10.122703219939984 -10.122703219939984 -10.122703219939984 -10.122703219939984 -10.122703219939984 -10.122703219939984 -10.122703219939984 -10.122703219939984 -10.122703219939984 -10.122703219939984 -10.122703219939984 -10.122703219939984 -10.122703219939984 -10.122703219939984 -10.122703219939984 -10.122703219939984 -10.122703219939984 -10.122703219939984 -10.122703219939984
