web/models/linear/76/-18_796_0_266.dat
# %ECSV 1.0
# ---
# datatype:
# - {name: time, datatype: float64}
# - {name: swift_uvot_uvw2, datatype: float64}
# - {name: swift_uvot_uvm2, datatype: float64}
# - {name: swift_uvot_uvw1, datatype: float64}
# - {name: swift_uvot_U, datatype: float64}
# - {name: swift_uvot_B, datatype: float64}
# - {name: swift_uvot_V, datatype: float64}
# - {name: swift_uvot_W, datatype: float64}
# - {name: johnson_U, datatype: float64}
# - {name: johnson_B, datatype: float64}
# - {name: johnson_V, datatype: float64}
# - {name: johnson_R, datatype: float64}
# - {name: johnson_I, datatype: float64}
# - {name: sdss_u, datatype: float64}
# - {name: sdss_g, datatype: float64}
# - {name: sdss_r, datatype: float64}
# - {name: sdss_i, datatype: float64}
# - {name: sdss_z, datatype: float64}
# - {name: PS1_g, datatype: float64}
# - {name: PS1_r, datatype: float64}
# - {name: PS1_i, datatype: float64}
# - {name: PS1_z, datatype: float64}
# - {name: PS1_Y, datatype: float64}
# - {name: PS1_w, datatype: float64}
# - {name: ATLAS_c, datatype: float64}
# - {name: ATLAS_o, datatype: float64}
# - {name: ukirt_J, datatype: float64}
# - {name: ukirt_H, datatype: float64}
# - {name: ukirt_K, datatype: float64}
# - {name: Clear, datatype: float64}
# meta: !!omap
# - comment: [M=-18.79591836734694, dM=0.26622358501432164]
# schema: astropy-2.0
time swift_uvot_uvw2 swift_uvot_uvm2 swift_uvot_uvw1 swift_uvot_U swift_uvot_B swift_uvot_V swift_uvot_W johnson_U johnson_B johnson_V johnson_R johnson_I sdss_u sdss_g sdss_r sdss_i sdss_z PS1_g PS1_r PS1_i PS1_z PS1_Y PS1_w ATLAS_c ATLAS_o ukirt_J ukirt_H ukirt_K Clear
[from data line 110]
8.29145728643216 -16.58853688355985 -16.58853688355985 -16.58853688355985 -16.58853688355985 -16.58853688355985 -16.58853688355985 -16.58853688355985 -16.58853688355985 -16.58853688355985 -16.58853688355985 -16.58853688355985 -16.58853688355985 -16.58853688355985 -16.58853688355985 -16.58853688355985 -16.58853688355985 -16.58853688355985 -16.58853688355985 -16.58853688355985 -16.58853688355985 -16.58853688355985 -16.58853688355985 -16.58853688355985 -16.58853688355985 -16.58853688355985 -16.58853688355985 -16.58853688355985 -16.58853688355985 -16.58853688355985
8.36683417085427 -16.568469779161788 -16.568469779161788 -16.568469779161788 -16.568469779161788 -16.568469779161788 -16.568469779161788 -16.568469779161788 -16.568469779161788 -16.568469779161788 -16.568469779161788 -16.568469779161788 -16.568469779161788 -16.568469779161788 -16.568469779161788 -16.568469779161788 -16.568469779161788 -16.568469779161788 -16.568469779161788 -16.568469779161788 -16.568469779161788 -16.568469779161788 -16.568469779161788 -16.568469779161788 -16.568469779161788 -16.568469779161788 -16.568469779161788 -16.568469779161788 -16.568469779161788 -16.568469779161788
8.442211055276381 -16.54840267476372 -16.54840267476372 -16.54840267476372 -16.54840267476372 -16.54840267476372 -16.54840267476372 -16.54840267476372 -16.54840267476372 -16.54840267476372 -16.54840267476372 -16.54840267476372 -16.54840267476372 -16.54840267476372 -16.54840267476372 -16.54840267476372 -16.54840267476372 -16.54840267476372 -16.54840267476372 -16.54840267476372 -16.54840267476372 -16.54840267476372 -16.54840267476372 -16.54840267476372 -16.54840267476372 -16.54840267476372 -16.54840267476372 -16.54840267476372 -16.54840267476372 -16.54840267476372
8.517587939698492 -16.528335570365655 -16.528335570365655 -16.528335570365655 -16.528335570365655 -16.528335570365655 -16.528335570365655 -16.528335570365655 -16.528335570365655 -16.528335570365655 -16.528335570365655 -16.528335570365655 -16.528335570365655 -16.528335570365655 -16.528335570365655 -16.528335570365655 -16.528335570365655 -16.528335570365655 -16.528335570365655 -16.528335570365655 -16.528335570365655 -16.528335570365655 -16.528335570365655 -16.528335570365655 -16.528335570365655 -16.528335570365655 -16.528335570365655 -16.528335570365655 -16.528335570365655 -16.528335570365655
8.592964824120603 -16.508268465967593 -16.508268465967593 -16.508268465967593 -16.508268465967593 -16.508268465967593 -16.508268465967593 -16.508268465967593 -16.508268465967593 -16.508268465967593 -16.508268465967593 -16.508268465967593 -16.508268465967593 -16.508268465967593 -16.508268465967593 -16.508268465967593 -16.508268465967593 -16.508268465967593 -16.508268465967593 -16.508268465967593 -16.508268465967593 -16.508268465967593 -16.508268465967593 -16.508268465967593 -16.508268465967593 -16.508268465967593 -16.508268465967593 -16.508268465967593 -16.508268465967593 -16.508268465967593
8.668341708542712 -16.48820136156953 -16.48820136156953 -16.48820136156953 -16.48820136156953 -16.48820136156953 -16.48820136156953 -16.48820136156953 -16.48820136156953 -16.48820136156953 -16.48820136156953 -16.48820136156953 -16.48820136156953 -16.48820136156953 -16.48820136156953 -16.48820136156953 -16.48820136156953 -16.48820136156953 -16.48820136156953 -16.48820136156953 -16.48820136156953 -16.48820136156953 -16.48820136156953 -16.48820136156953 -16.48820136156953 -16.48820136156953 -16.48820136156953 -16.48820136156953 -16.48820136156953 -16.48820136156953
8.743718592964823 -16.468134257171464 -16.468134257171464 -16.468134257171464 -16.468134257171464 -16.468134257171464 -16.468134257171464 -16.468134257171464 -16.468134257171464 -16.468134257171464 -16.468134257171464 -16.468134257171464 -16.468134257171464 -16.468134257171464 -16.468134257171464 -16.468134257171464 -16.468134257171464 -16.468134257171464 -16.468134257171464 -16.468134257171464 -16.468134257171464 -16.468134257171464 -16.468134257171464 -16.468134257171464 -16.468134257171464 -16.468134257171464 -16.468134257171464 -16.468134257171464 -16.468134257171464 -16.468134257171464
8.819095477386934 -16.448067152773397 -16.448067152773397 -16.448067152773397 -16.448067152773397 -16.448067152773397 -16.448067152773397 -16.448067152773397 -16.448067152773397 -16.448067152773397 -16.448067152773397 -16.448067152773397 -16.448067152773397 -16.448067152773397 -16.448067152773397 -16.448067152773397 -16.448067152773397 -16.448067152773397 -16.448067152773397 -16.448067152773397 -16.448067152773397 -16.448067152773397 -16.448067152773397 -16.448067152773397 -16.448067152773397 -16.448067152773397 -16.448067152773397 -16.448067152773397 -16.448067152773397 -16.448067152773397
8.894472361809044 -16.428000048375335 -16.428000048375335 -16.428000048375335 -16.428000048375335 -16.428000048375335 -16.428000048375335 -16.428000048375335 -16.428000048375335 -16.428000048375335 -16.428000048375335 -16.428000048375335 -16.428000048375335 -16.428000048375335 -16.428000048375335 -16.428000048375335 -16.428000048375335 -16.428000048375335 -16.428000048375335 -16.428000048375335 -16.428000048375335 -16.428000048375335 -16.428000048375335 -16.428000048375335 -16.428000048375335 -16.428000048375335 -16.428000048375335 -16.428000048375335 -16.428000048375335 -16.428000048375335
8.969849246231155 -16.407932943977272 -16.407932943977272 -16.407932943977272 -16.407932943977272 -16.407932943977272 -16.407932943977272 -16.407932943977272 -16.407932943977272 -16.407932943977272 -16.407932943977272 -16.407932943977272 -16.407932943977272 -16.407932943977272 -16.407932943977272 -16.407932943977272 -16.407932943977272 -16.407932943977272 -16.407932943977272 -16.407932943977272 -16.407932943977272 -16.407932943977272 -16.407932943977272 -16.407932943977272 -16.407932943977272 -16.407932943977272 -16.407932943977272 -16.407932943977272 -16.407932943977272 -16.407932943977272
9.045226130653266 -16.387865839579206 -16.387865839579206 -16.387865839579206 -16.387865839579206 -16.387865839579206 -16.387865839579206 -16.387865839579206 -16.387865839579206 -16.387865839579206 -16.387865839579206 -16.387865839579206 -16.387865839579206 -16.387865839579206 -16.387865839579206 -16.387865839579206 -16.387865839579206 -16.387865839579206 -16.387865839579206 -16.387865839579206 -16.387865839579206 -16.387865839579206 -16.387865839579206 -16.387865839579206 -16.387865839579206 -16.387865839579206 -16.387865839579206 -16.387865839579206 -16.387865839579206 -16.387865839579206
9.120603015075377 -16.36779873518114 -16.36779873518114 -16.36779873518114 -16.36779873518114 -16.36779873518114 -16.36779873518114 -16.36779873518114 -16.36779873518114 -16.36779873518114 -16.36779873518114 -16.36779873518114 -16.36779873518114 -16.36779873518114 -16.36779873518114 -16.36779873518114 -16.36779873518114 -16.36779873518114 -16.36779873518114 -16.36779873518114 -16.36779873518114 -16.36779873518114 -16.36779873518114 -16.36779873518114 -16.36779873518114 -16.36779873518114 -16.36779873518114 -16.36779873518114 -16.36779873518114 -16.36779873518114
9.195979899497488 -16.347731630783077 -16.347731630783077 -16.347731630783077 -16.347731630783077 -16.347731630783077 -16.347731630783077 -16.347731630783077 -16.347731630783077 -16.347731630783077 -16.347731630783077 -16.347731630783077 -16.347731630783077 -16.347731630783077 -16.347731630783077 -16.347731630783077 -16.347731630783077 -16.347731630783077 -16.347731630783077 -16.347731630783077 -16.347731630783077 -16.347731630783077 -16.347731630783077 -16.347731630783077 -16.347731630783077 -16.347731630783077 -16.347731630783077 -16.347731630783077 -16.347731630783077 -16.347731630783077
9.271356783919597 -16.327664526385014 -16.327664526385014 -16.327664526385014 -16.327664526385014 -16.327664526385014 -16.327664526385014 -16.327664526385014 -16.327664526385014 -16.327664526385014 -16.327664526385014 -16.327664526385014 -16.327664526385014 -16.327664526385014 -16.327664526385014 -16.327664526385014 -16.327664526385014 -16.327664526385014 -16.327664526385014 -16.327664526385014 -16.327664526385014 -16.327664526385014 -16.327664526385014 -16.327664526385014 -16.327664526385014 -16.327664526385014 -16.327664526385014 -16.327664526385014 -16.327664526385014 -16.327664526385014
9.346733668341708 -16.307597421986948 -16.307597421986948 -16.307597421986948 -16.307597421986948 -16.307597421986948 -16.307597421986948 -16.307597421986948 -16.307597421986948 -16.307597421986948 -16.307597421986948 -16.307597421986948 -16.307597421986948 -16.307597421986948 -16.307597421986948 -16.307597421986948 -16.307597421986948 -16.307597421986948 -16.307597421986948 -16.307597421986948 -16.307597421986948 -16.307597421986948 -16.307597421986948 -16.307597421986948 -16.307597421986948 -16.307597421986948 -16.307597421986948 -16.307597421986948 -16.307597421986948 -16.307597421986948
9.422110552763819 -16.28753031758888 -16.28753031758888 -16.28753031758888 -16.28753031758888 -16.28753031758888 -16.28753031758888 -16.28753031758888 -16.28753031758888 -16.28753031758888 -16.28753031758888 -16.28753031758888 -16.28753031758888 -16.28753031758888 -16.28753031758888 -16.28753031758888 -16.28753031758888 -16.28753031758888 -16.28753031758888 -16.28753031758888 -16.28753031758888 -16.28753031758888 -16.28753031758888 -16.28753031758888 -16.28753031758888 -16.28753031758888 -16.28753031758888 -16.28753031758888 -16.28753031758888 -16.28753031758888
9.497487437185928 -16.26746321319082 -16.26746321319082 -16.26746321319082 -16.26746321319082 -16.26746321319082 -16.26746321319082 -16.26746321319082 -16.26746321319082 -16.26746321319082 -16.26746321319082 -16.26746321319082 -16.26746321319082 -16.26746321319082 -16.26746321319082 -16.26746321319082 -16.26746321319082 -16.26746321319082 -16.26746321319082 -16.26746321319082 -16.26746321319082 -16.26746321319082 -16.26746321319082 -16.26746321319082 -16.26746321319082 -16.26746321319082 -16.26746321319082 -16.26746321319082 -16.26746321319082 -16.26746321319082
9.572864321608039 -16.247396108792756 -16.247396108792756 -16.247396108792756 -16.247396108792756 -16.247396108792756 -16.247396108792756 -16.247396108792756 -16.247396108792756 -16.247396108792756 -16.247396108792756 -16.247396108792756 -16.247396108792756 -16.247396108792756 -16.247396108792756 -16.247396108792756 -16.247396108792756 -16.247396108792756 -16.247396108792756 -16.247396108792756 -16.247396108792756 -16.247396108792756 -16.247396108792756 -16.247396108792756 -16.247396108792756 -16.247396108792756 -16.247396108792756 -16.247396108792756 -16.247396108792756 -16.247396108792756
9.64824120603015 -16.22732900439469 -16.22732900439469 -16.22732900439469 -16.22732900439469 -16.22732900439469 -16.22732900439469 -16.22732900439469 -16.22732900439469 -16.22732900439469 -16.22732900439469 -16.22732900439469 -16.22732900439469 -16.22732900439469 -16.22732900439469 -16.22732900439469 -16.22732900439469 -16.22732900439469 -16.22732900439469 -16.22732900439469 -16.22732900439469 -16.22732900439469 -16.22732900439469 -16.22732900439469 -16.22732900439469 -16.22732900439469 -16.22732900439469 -16.22732900439469 -16.22732900439469 -16.22732900439469
9.72361809045226 -16.207261899996624 -16.207261899996624 -16.207261899996624 -16.207261899996624 -16.207261899996624 -16.207261899996624 -16.207261899996624 -16.207261899996624 -16.207261899996624 -16.207261899996624 -16.207261899996624 -16.207261899996624 -16.207261899996624 -16.207261899996624 -16.207261899996624 -16.207261899996624 -16.207261899996624 -16.207261899996624 -16.207261899996624 -16.207261899996624 -16.207261899996624 -16.207261899996624 -16.207261899996624 -16.207261899996624 -16.207261899996624 -16.207261899996624 -16.207261899996624 -16.207261899996624 -16.207261899996624
9.798994974874372 -16.18719479559856 -16.18719479559856 -16.18719479559856 -16.18719479559856 -16.18719479559856 -16.18719479559856 -16.18719479559856 -16.18719479559856 -16.18719479559856 -16.18719479559856 -16.18719479559856 -16.18719479559856 -16.18719479559856 -16.18719479559856 -16.18719479559856 -16.18719479559856 -16.18719479559856 -16.18719479559856 -16.18719479559856 -16.18719479559856 -16.18719479559856 -16.18719479559856 -16.18719479559856 -16.18719479559856 -16.18719479559856 -16.18719479559856 -16.18719479559856 -16.18719479559856 -16.18719479559856
9.874371859296481 -16.1671276912005 -16.1671276912005 -16.1671276912005 -16.1671276912005 -16.1671276912005 -16.1671276912005 -16.1671276912005 -16.1671276912005 -16.1671276912005 -16.1671276912005 -16.1671276912005 -16.1671276912005 -16.1671276912005 -16.1671276912005 -16.1671276912005 -16.1671276912005 -16.1671276912005 -16.1671276912005 -16.1671276912005 -16.1671276912005 -16.1671276912005 -16.1671276912005 -16.1671276912005 -16.1671276912005 -16.1671276912005 -16.1671276912005 -16.1671276912005 -16.1671276912005 -16.1671276912005
9.949748743718592 -16.147060586802432 -16.147060586802432 -16.147060586802432 -16.147060586802432 -16.147060586802432 -16.147060586802432 -16.147060586802432 -16.147060586802432 -16.147060586802432 -16.147060586802432 -16.147060586802432 -16.147060586802432 -16.147060586802432 -16.147060586802432 -16.147060586802432 -16.147060586802432 -16.147060586802432 -16.147060586802432 -16.147060586802432 -16.147060586802432 -16.147060586802432 -16.147060586802432 -16.147060586802432 -16.147060586802432 -16.147060586802432 -16.147060586802432 -16.147060586802432 -16.147060586802432 -16.147060586802432
10.025125628140703 -16.126993482404366 -16.126993482404366 -16.126993482404366 -16.126993482404366 -16.126993482404366 -16.126993482404366 -16.126993482404366 -16.126993482404366 -16.126993482404366 -16.126993482404366 -16.126993482404366 -16.126993482404366 -16.126993482404366 -16.126993482404366 -16.126993482404366 -16.126993482404366 -16.126993482404366 -16.126993482404366 -16.126993482404366 -16.126993482404366 -16.126993482404366 -16.126993482404366 -16.126993482404366 -16.126993482404366 -16.126993482404366 -16.126993482404366 -16.126993482404366 -16.126993482404366 -16.126993482404366
10.100502512562812 -16.106926378006303 -16.106926378006303 -16.106926378006303 -16.106926378006303 -16.106926378006303 -16.106926378006303 -16.106926378006303 -16.106926378006303 -16.106926378006303 -16.106926378006303 -16.106926378006303 -16.106926378006303 -16.106926378006303 -16.106926378006303 -16.106926378006303 -16.106926378006303 -16.106926378006303 -16.106926378006303 -16.106926378006303 -16.106926378006303 -16.106926378006303 -16.106926378006303 -16.106926378006303 -16.106926378006303 -16.106926378006303 -16.106926378006303 -16.106926378006303 -16.106926378006303 -16.106926378006303
10.175879396984923 -16.08685927360824 -16.08685927360824 -16.08685927360824 -16.08685927360824 -16.08685927360824 -16.08685927360824 -16.08685927360824 -16.08685927360824 -16.08685927360824 -16.08685927360824 -16.08685927360824 -16.08685927360824 -16.08685927360824 -16.08685927360824 -16.08685927360824 -16.08685927360824 -16.08685927360824 -16.08685927360824 -16.08685927360824 -16.08685927360824 -16.08685927360824 -16.08685927360824 -16.08685927360824 -16.08685927360824 -16.08685927360824 -16.08685927360824 -16.08685927360824 -16.08685927360824 -16.08685927360824
