web/models/linear/76/-18_796_0_495.dat
# %ECSV 1.0
# ---
# datatype:
# - {name: time, datatype: float64}
# - {name: swift_uvot_uvw2, datatype: float64}
# - {name: swift_uvot_uvm2, datatype: float64}
# - {name: swift_uvot_uvw1, datatype: float64}
# - {name: swift_uvot_U, datatype: float64}
# - {name: swift_uvot_B, datatype: float64}
# - {name: swift_uvot_V, datatype: float64}
# - {name: swift_uvot_W, datatype: float64}
# - {name: johnson_U, datatype: float64}
# - {name: johnson_B, datatype: float64}
# - {name: johnson_V, datatype: float64}
# - {name: johnson_R, datatype: float64}
# - {name: johnson_I, datatype: float64}
# - {name: sdss_u, datatype: float64}
# - {name: sdss_g, datatype: float64}
# - {name: sdss_r, datatype: float64}
# - {name: sdss_i, datatype: float64}
# - {name: sdss_z, datatype: float64}
# - {name: PS1_g, datatype: float64}
# - {name: PS1_r, datatype: float64}
# - {name: PS1_i, datatype: float64}
# - {name: PS1_z, datatype: float64}
# - {name: PS1_Y, datatype: float64}
# - {name: PS1_w, datatype: float64}
# - {name: ATLAS_c, datatype: float64}
# - {name: ATLAS_o, datatype: float64}
# - {name: ukirt_J, datatype: float64}
# - {name: ukirt_H, datatype: float64}
# - {name: ukirt_K, datatype: float64}
# - {name: Clear, datatype: float64}
# meta: !!omap
# - comment: [M=-18.79591836734694, dM=0.4951289998230568]
# schema: astropy-2.0
time swift_uvot_uvw2 swift_uvot_uvm2 swift_uvot_uvw1 swift_uvot_U swift_uvot_B swift_uvot_V swift_uvot_W johnson_U johnson_B johnson_V johnson_R johnson_I sdss_u sdss_g sdss_r sdss_i sdss_z PS1_g PS1_r PS1_i PS1_z PS1_Y PS1_w ATLAS_c ATLAS_o ukirt_J ukirt_H ukirt_K Clear
[from data line 28]
2.1105527638190953 -17.7509224883234 -17.7509224883234 -17.7509224883234 -17.7509224883234 -17.7509224883234 -17.7509224883234 -17.7509224883234 -17.7509224883234 -17.7509224883234 -17.7509224883234 -17.7509224883234 -17.7509224883234 -17.7509224883234 -17.7509224883234 -17.7509224883234 -17.7509224883234 -17.7509224883234 -17.7509224883234 -17.7509224883234 -17.7509224883234 -17.7509224883234 -17.7509224883234 -17.7509224883234 -17.7509224883234 -17.7509224883234 -17.7509224883234 -17.7509224883234 -17.7509224883234 -17.7509224883234
2.185929648241206 -17.713601206929706 -17.713601206929706 -17.713601206929706 -17.713601206929706 -17.713601206929706 -17.713601206929706 -17.713601206929706 -17.713601206929706 -17.713601206929706 -17.713601206929706 -17.713601206929706 -17.713601206929706 -17.713601206929706 -17.713601206929706 -17.713601206929706 -17.713601206929706 -17.713601206929706 -17.713601206929706 -17.713601206929706 -17.713601206929706 -17.713601206929706 -17.713601206929706 -17.713601206929706 -17.713601206929706 -17.713601206929706 -17.713601206929706 -17.713601206929706 -17.713601206929706 -17.713601206929706
2.2613065326633164 -17.676279925536008 -17.676279925536008 -17.676279925536008 -17.676279925536008 -17.676279925536008 -17.676279925536008 -17.676279925536008 -17.676279925536008 -17.676279925536008 -17.676279925536008 -17.676279925536008 -17.676279925536008 -17.676279925536008 -17.676279925536008 -17.676279925536008 -17.676279925536008 -17.676279925536008 -17.676279925536008 -17.676279925536008 -17.676279925536008 -17.676279925536008 -17.676279925536008 -17.676279925536008 -17.676279925536008 -17.676279925536008 -17.676279925536008 -17.676279925536008 -17.676279925536008 -17.676279925536008
2.336683417085427 -17.63895864414231 -17.63895864414231 -17.63895864414231 -17.63895864414231 -17.63895864414231 -17.63895864414231 -17.63895864414231 -17.63895864414231 -17.63895864414231 -17.63895864414231 -17.63895864414231 -17.63895864414231 -17.63895864414231 -17.63895864414231 -17.63895864414231 -17.63895864414231 -17.63895864414231 -17.63895864414231 -17.63895864414231 -17.63895864414231 -17.63895864414231 -17.63895864414231 -17.63895864414231 -17.63895864414231 -17.63895864414231 -17.63895864414231 -17.63895864414231 -17.63895864414231 -17.63895864414231
2.4120603015075375 -17.601637362748612 -17.601637362748612 -17.601637362748612 -17.601637362748612 -17.601637362748612 -17.601637362748612 -17.601637362748612 -17.601637362748612 -17.601637362748612 -17.601637362748612 -17.601637362748612 -17.601637362748612 -17.601637362748612 -17.601637362748612 -17.601637362748612 -17.601637362748612 -17.601637362748612 -17.601637362748612 -17.601637362748612 -17.601637362748612 -17.601637362748612 -17.601637362748612 -17.601637362748612 -17.601637362748612 -17.601637362748612 -17.601637362748612 -17.601637362748612 -17.601637362748612 -17.601637362748612
2.487437185929648 -17.564316081354914 -17.564316081354914 -17.564316081354914 -17.564316081354914 -17.564316081354914 -17.564316081354914 -17.564316081354914 -17.564316081354914 -17.564316081354914 -17.564316081354914 -17.564316081354914 -17.564316081354914 -17.564316081354914 -17.564316081354914 -17.564316081354914 -17.564316081354914 -17.564316081354914 -17.564316081354914 -17.564316081354914 -17.564316081354914 -17.564316081354914 -17.564316081354914 -17.564316081354914 -17.564316081354914 -17.564316081354914 -17.564316081354914 -17.564316081354914 -17.564316081354914 -17.564316081354914
2.5628140703517586 -17.526994799961216 -17.526994799961216 -17.526994799961216 -17.526994799961216 -17.526994799961216 -17.526994799961216 -17.526994799961216 -17.526994799961216 -17.526994799961216 -17.526994799961216 -17.526994799961216 -17.526994799961216 -17.526994799961216 -17.526994799961216 -17.526994799961216 -17.526994799961216 -17.526994799961216 -17.526994799961216 -17.526994799961216 -17.526994799961216 -17.526994799961216 -17.526994799961216 -17.526994799961216 -17.526994799961216 -17.526994799961216 -17.526994799961216 -17.526994799961216 -17.526994799961216 -17.526994799961216
2.638190954773869 -17.489673518567518 -17.489673518567518 -17.489673518567518 -17.489673518567518 -17.489673518567518 -17.489673518567518 -17.489673518567518 -17.489673518567518 -17.489673518567518 -17.489673518567518 -17.489673518567518 -17.489673518567518 -17.489673518567518 -17.489673518567518 -17.489673518567518 -17.489673518567518 -17.489673518567518 -17.489673518567518 -17.489673518567518 -17.489673518567518 -17.489673518567518 -17.489673518567518 -17.489673518567518 -17.489673518567518 -17.489673518567518 -17.489673518567518 -17.489673518567518 -17.489673518567518 -17.489673518567518
2.7135678391959797 -17.45235223717382 -17.45235223717382 -17.45235223717382 -17.45235223717382 -17.45235223717382 -17.45235223717382 -17.45235223717382 -17.45235223717382 -17.45235223717382 -17.45235223717382 -17.45235223717382 -17.45235223717382 -17.45235223717382 -17.45235223717382 -17.45235223717382 -17.45235223717382 -17.45235223717382 -17.45235223717382 -17.45235223717382 -17.45235223717382 -17.45235223717382 -17.45235223717382 -17.45235223717382 -17.45235223717382 -17.45235223717382 -17.45235223717382 -17.45235223717382 -17.45235223717382 -17.45235223717382
2.78894472361809 -17.41503095578012 -17.41503095578012 -17.41503095578012 -17.41503095578012 -17.41503095578012 -17.41503095578012 -17.41503095578012 -17.41503095578012 -17.41503095578012 -17.41503095578012 -17.41503095578012 -17.41503095578012 -17.41503095578012 -17.41503095578012 -17.41503095578012 -17.41503095578012 -17.41503095578012 -17.41503095578012 -17.41503095578012 -17.41503095578012 -17.41503095578012 -17.41503095578012 -17.41503095578012 -17.41503095578012 -17.41503095578012 -17.41503095578012 -17.41503095578012 -17.41503095578012 -17.41503095578012
2.8643216080402008 -17.377709674386423 -17.377709674386423 -17.377709674386423 -17.377709674386423 -17.377709674386423 -17.377709674386423 -17.377709674386423 -17.377709674386423 -17.377709674386423 -17.377709674386423 -17.377709674386423 -17.377709674386423 -17.377709674386423 -17.377709674386423 -17.377709674386423 -17.377709674386423 -17.377709674386423 -17.377709674386423 -17.377709674386423 -17.377709674386423 -17.377709674386423 -17.377709674386423 -17.377709674386423 -17.377709674386423 -17.377709674386423 -17.377709674386423 -17.377709674386423 -17.377709674386423 -17.377709674386423
2.9396984924623113 -17.340388392992725 -17.340388392992725 -17.340388392992725 -17.340388392992725 -17.340388392992725 -17.340388392992725 -17.340388392992725 -17.340388392992725 -17.340388392992725 -17.340388392992725 -17.340388392992725 -17.340388392992725 -17.340388392992725 -17.340388392992725 -17.340388392992725 -17.340388392992725 -17.340388392992725 -17.340388392992725 -17.340388392992725 -17.340388392992725 -17.340388392992725 -17.340388392992725 -17.340388392992725 -17.340388392992725 -17.340388392992725 -17.340388392992725 -17.340388392992725 -17.340388392992725 -17.340388392992725
3.015075376884422 -17.303067111599027 -17.303067111599027 -17.303067111599027 -17.303067111599027 -17.303067111599027 -17.303067111599027 -17.303067111599027 -17.303067111599027 -17.303067111599027 -17.303067111599027 -17.303067111599027 -17.303067111599027 -17.303067111599027 -17.303067111599027 -17.303067111599027 -17.303067111599027 -17.303067111599027 -17.303067111599027 -17.303067111599027 -17.303067111599027 -17.303067111599027 -17.303067111599027 -17.303067111599027 -17.303067111599027 -17.303067111599027 -17.303067111599027 -17.303067111599027 -17.303067111599027 -17.303067111599027
3.0904522613065324 -17.265745830205333 -17.265745830205333 -17.265745830205333 -17.265745830205333 -17.265745830205333 -17.265745830205333 -17.265745830205333 -17.265745830205333 -17.265745830205333 -17.265745830205333 -17.265745830205333 -17.265745830205333 -17.265745830205333 -17.265745830205333 -17.265745830205333 -17.265745830205333 -17.265745830205333 -17.265745830205333 -17.265745830205333 -17.265745830205333 -17.265745830205333 -17.265745830205333 -17.265745830205333 -17.265745830205333 -17.265745830205333 -17.265745830205333 -17.265745830205333 -17.265745830205333 -17.265745830205333
3.165829145728643 -17.228424548811635 -17.228424548811635 -17.228424548811635 -17.228424548811635 -17.228424548811635 -17.228424548811635 -17.228424548811635 -17.228424548811635 -17.228424548811635 -17.228424548811635 -17.228424548811635 -17.228424548811635 -17.228424548811635 -17.228424548811635 -17.228424548811635 -17.228424548811635 -17.228424548811635 -17.228424548811635 -17.228424548811635 -17.228424548811635 -17.228424548811635 -17.228424548811635 -17.228424548811635 -17.228424548811635 -17.228424548811635 -17.228424548811635 -17.228424548811635 -17.228424548811635 -17.228424548811635
3.2412060301507535 -17.191103267417937 -17.191103267417937 -17.191103267417937 -17.191103267417937 -17.191103267417937 -17.191103267417937 -17.191103267417937 -17.191103267417937 -17.191103267417937 -17.191103267417937 -17.191103267417937 -17.191103267417937 -17.191103267417937 -17.191103267417937 -17.191103267417937 -17.191103267417937 -17.191103267417937 -17.191103267417937 -17.191103267417937 -17.191103267417937 -17.191103267417937 -17.191103267417937 -17.191103267417937 -17.191103267417937 -17.191103267417937 -17.191103267417937 -17.191103267417937 -17.191103267417937 -17.191103267417937
3.316582914572864 -17.15378198602424 -17.15378198602424 -17.15378198602424 -17.15378198602424 -17.15378198602424 -17.15378198602424 -17.15378198602424 -17.15378198602424 -17.15378198602424 -17.15378198602424 -17.15378198602424 -17.15378198602424 -17.15378198602424 -17.15378198602424 -17.15378198602424 -17.15378198602424 -17.15378198602424 -17.15378198602424 -17.15378198602424 -17.15378198602424 -17.15378198602424 -17.15378198602424 -17.15378198602424 -17.15378198602424 -17.15378198602424 -17.15378198602424 -17.15378198602424 -17.15378198602424 -17.15378198602424
3.3919597989949746 -17.11646070463054 -17.11646070463054 -17.11646070463054 -17.11646070463054 -17.11646070463054 -17.11646070463054 -17.11646070463054 -17.11646070463054 -17.11646070463054 -17.11646070463054 -17.11646070463054 -17.11646070463054 -17.11646070463054 -17.11646070463054 -17.11646070463054 -17.11646070463054 -17.11646070463054 -17.11646070463054 -17.11646070463054 -17.11646070463054 -17.11646070463054 -17.11646070463054 -17.11646070463054 -17.11646070463054 -17.11646070463054 -17.11646070463054 -17.11646070463054 -17.11646070463054 -17.11646070463054
3.467336683417085 -17.079139423236843 -17.079139423236843 -17.079139423236843 -17.079139423236843 -17.079139423236843 -17.079139423236843 -17.079139423236843 -17.079139423236843 -17.079139423236843 -17.079139423236843 -17.079139423236843 -17.079139423236843 -17.079139423236843 -17.079139423236843 -17.079139423236843 -17.079139423236843 -17.079139423236843 -17.079139423236843 -17.079139423236843 -17.079139423236843 -17.079139423236843 -17.079139423236843 -17.079139423236843 -17.079139423236843 -17.079139423236843 -17.079139423236843 -17.079139423236843 -17.079139423236843 -17.079139423236843
3.5427135678391957 -17.041818141843144 -17.041818141843144 -17.041818141843144 -17.041818141843144 -17.041818141843144 -17.041818141843144 -17.041818141843144 -17.041818141843144 -17.041818141843144 -17.041818141843144 -17.041818141843144 -17.041818141843144 -17.041818141843144 -17.041818141843144 -17.041818141843144 -17.041818141843144 -17.041818141843144 -17.041818141843144 -17.041818141843144 -17.041818141843144 -17.041818141843144 -17.041818141843144 -17.041818141843144 -17.041818141843144 -17.041818141843144 -17.041818141843144 -17.041818141843144 -17.041818141843144 -17.041818141843144
3.618090452261306 -17.004496860449446 -17.004496860449446 -17.004496860449446 -17.004496860449446 -17.004496860449446 -17.004496860449446 -17.004496860449446 -17.004496860449446 -17.004496860449446 -17.004496860449446 -17.004496860449446 -17.004496860449446 -17.004496860449446 -17.004496860449446 -17.004496860449446 -17.004496860449446 -17.004496860449446 -17.004496860449446 -17.004496860449446 -17.004496860449446 -17.004496860449446 -17.004496860449446 -17.004496860449446 -17.004496860449446 -17.004496860449446 -17.004496860449446 -17.004496860449446 -17.004496860449446 -17.004496860449446
3.6934673366834168 -16.96717557905575 -16.96717557905575 -16.96717557905575 -16.96717557905575 -16.96717557905575 -16.96717557905575 -16.96717557905575 -16.96717557905575 -16.96717557905575 -16.96717557905575 -16.96717557905575 -16.96717557905575 -16.96717557905575 -16.96717557905575 -16.96717557905575 -16.96717557905575 -16.96717557905575 -16.96717557905575 -16.96717557905575 -16.96717557905575 -16.96717557905575 -16.96717557905575 -16.96717557905575 -16.96717557905575 -16.96717557905575 -16.96717557905575 -16.96717557905575 -16.96717557905575 -16.96717557905575
3.7688442211055273 -16.92985429766205 -16.92985429766205 -16.92985429766205 -16.92985429766205 -16.92985429766205 -16.92985429766205 -16.92985429766205 -16.92985429766205 -16.92985429766205 -16.92985429766205 -16.92985429766205 -16.92985429766205 -16.92985429766205 -16.92985429766205 -16.92985429766205 -16.92985429766205 -16.92985429766205 -16.92985429766205 -16.92985429766205 -16.92985429766205 -16.92985429766205 -16.92985429766205 -16.92985429766205 -16.92985429766205 -16.92985429766205 -16.92985429766205 -16.92985429766205 -16.92985429766205 -16.92985429766205
3.844221105527638 -16.892533016268352 -16.892533016268352 -16.892533016268352 -16.892533016268352 -16.892533016268352 -16.892533016268352 -16.892533016268352 -16.892533016268352 -16.892533016268352 -16.892533016268352 -16.892533016268352 -16.892533016268352 -16.892533016268352 -16.892533016268352 -16.892533016268352 -16.892533016268352 -16.892533016268352 -16.892533016268352 -16.892533016268352 -16.892533016268352 -16.892533016268352 -16.892533016268352 -16.892533016268352 -16.892533016268352 -16.892533016268352 -16.892533016268352 -16.892533016268352 -16.892533016268352 -16.892533016268352
3.9195979899497484 -16.855211734874658 -16.855211734874658 -16.855211734874658 -16.855211734874658 -16.855211734874658 -16.855211734874658 -16.855211734874658 -16.855211734874658 -16.855211734874658 -16.855211734874658 -16.855211734874658 -16.855211734874658 -16.855211734874658 -16.855211734874658 -16.855211734874658 -16.855211734874658 -16.855211734874658 -16.855211734874658 -16.855211734874658 -16.855211734874658 -16.855211734874658 -16.855211734874658 -16.855211734874658 -16.855211734874658 -16.855211734874658 -16.855211734874658 -16.855211734874658 -16.855211734874658 -16.855211734874658
3.994974874371859 -16.81789045348096 -16.81789045348096 -16.81789045348096 -16.81789045348096 -16.81789045348096 -16.81789045348096 -16.81789045348096 -16.81789045348096 -16.81789045348096 -16.81789045348096 -16.81789045348096 -16.81789045348096 -16.81789045348096 -16.81789045348096 -16.81789045348096 -16.81789045348096 -16.81789045348096 -16.81789045348096 -16.81789045348096 -16.81789045348096 -16.81789045348096 -16.81789045348096 -16.81789045348096 -16.81789045348096 -16.81789045348096 -16.81789045348096 -16.81789045348096 -16.81789045348096 -16.81789045348096
