web/models/linear/76/-18_796_0_921.dat
# %ECSV 1.0
# ---
# datatype:
# - {name: time, datatype: float64}
# - {name: sdss_u, datatype: float64}
# - {name: sdss_g, datatype: float64}
# - {name: sdss_r, datatype: float64}
# - {name: sdss_i, datatype: float64}
# - {name: sdss_z, datatype: float64}
# - {name: Clear, datatype: float64}
# - {name: johnson_B, datatype: float64}
# - {name: johnson_V, datatype: float64}
# - {name: johnson_R, datatype: float64}
# - {name: johnson_I, datatype: float64}
# - {name: ukirt_J, datatype: float64}
# - {name: ukirt_H, datatype: float64}
# - {name: ukirt_K, datatype: float64}
# meta: !!omap
# - comment: [M=-18.79591836734694, dM=0.9208527728773267]
# schema: astropy-2.0
time sdss_u sdss_g sdss_r sdss_i sdss_z Clear johnson_B johnson_V johnson_R johnson_I ukirt_J ukirt_H ukirt_K
[from data line 177]
13.341708542713567 -6.510169060868034 -6.510169060868034 -6.510169060868034 -6.510169060868034 -6.510169060868034 -6.510169060868034 -6.510169060868034 -6.510169060868034 -6.510169060868034 -6.510169060868034 -6.510169060868034 -6.510169060868034 -6.510169060868034
13.417085427135678 -6.440758047837079 -6.440758047837079 -6.440758047837079 -6.440758047837079 -6.440758047837079 -6.440758047837079 -6.440758047837079 -6.440758047837079 -6.440758047837079 -6.440758047837079 -6.440758047837079 -6.440758047837079 -6.440758047837079
13.492462311557787 -6.371347034806126 -6.371347034806126 -6.371347034806126 -6.371347034806126 -6.371347034806126 -6.371347034806126 -6.371347034806126 -6.371347034806126 -6.371347034806126 -6.371347034806126 -6.371347034806126 -6.371347034806126 -6.371347034806126
13.567839195979898 -6.301936021775171 -6.301936021775171 -6.301936021775171 -6.301936021775171 -6.301936021775171 -6.301936021775171 -6.301936021775171 -6.301936021775171 -6.301936021775171 -6.301936021775171 -6.301936021775171 -6.301936021775171 -6.301936021775171
13.64321608040201 -6.232525008744217 -6.232525008744217 -6.232525008744217 -6.232525008744217 -6.232525008744217 -6.232525008744217 -6.232525008744217 -6.232525008744217 -6.232525008744217 -6.232525008744217 -6.232525008744217 -6.232525008744217 -6.232525008744217
13.718592964824118 -6.163113995713264 -6.163113995713264 -6.163113995713264 -6.163113995713264 -6.163113995713264 -6.163113995713264 -6.163113995713264 -6.163113995713264 -6.163113995713264 -6.163113995713264 -6.163113995713264 -6.163113995713264 -6.163113995713264
13.79396984924623 -6.093702982682309 -6.093702982682309 -6.093702982682309 -6.093702982682309 -6.093702982682309 -6.093702982682309 -6.093702982682309 -6.093702982682309 -6.093702982682309 -6.093702982682309 -6.093702982682309 -6.093702982682309 -6.093702982682309
13.86934673366834 -6.024291969651355 -6.024291969651355 -6.024291969651355 -6.024291969651355 -6.024291969651355 -6.024291969651355 -6.024291969651355 -6.024291969651355 -6.024291969651355 -6.024291969651355 -6.024291969651355 -6.024291969651355 -6.024291969651355
13.944723618090451 -5.9548809566204 -5.9548809566204 -5.9548809566204 -5.9548809566204 -5.9548809566204 -5.9548809566204 -5.9548809566204 -5.9548809566204 -5.9548809566204 -5.9548809566204 -5.9548809566204 -5.9548809566204 -5.9548809566204
14.020100502512562 -5.8854699435894435 -5.8854699435894435 -5.8854699435894435 -5.8854699435894435 -5.8854699435894435 -5.8854699435894435 -5.8854699435894435 -5.8854699435894435 -5.8854699435894435 -5.8854699435894435 -5.8854699435894435 -5.8854699435894435 -5.8854699435894435
14.095477386934672 -5.816058930558491 -5.816058930558491 -5.816058930558491 -5.816058930558491 -5.816058930558491 -5.816058930558491 -5.816058930558491 -5.816058930558491 -5.816058930558491 -5.816058930558491 -5.816058930558491 -5.816058930558491 -5.816058930558491
14.170854271356783 -5.746647917527536 -5.746647917527536 -5.746647917527536 -5.746647917527536 -5.746647917527536 -5.746647917527536 -5.746647917527536 -5.746647917527536 -5.746647917527536 -5.746647917527536 -5.746647917527536 -5.746647917527536 -5.746647917527536
14.246231155778894 -5.677236904496581 -5.677236904496581 -5.677236904496581 -5.677236904496581 -5.677236904496581 -5.677236904496581 -5.677236904496581 -5.677236904496581 -5.677236904496581 -5.677236904496581 -5.677236904496581 -5.677236904496581 -5.677236904496581
14.321608040201003 -5.6078258914656285 -5.6078258914656285 -5.6078258914656285 -5.6078258914656285 -5.6078258914656285 -5.6078258914656285 -5.6078258914656285 -5.6078258914656285 -5.6078258914656285 -5.6078258914656285 -5.6078258914656285 -5.6078258914656285 -5.6078258914656285
14.396984924623114 -5.538414878434674 -5.538414878434674 -5.538414878434674 -5.538414878434674 -5.538414878434674 -5.538414878434674 -5.538414878434674 -5.538414878434674 -5.538414878434674 -5.538414878434674 -5.538414878434674 -5.538414878434674 -5.538414878434674
14.472361809045225 -5.469003865403719 -5.469003865403719 -5.469003865403719 -5.469003865403719 -5.469003865403719 -5.469003865403719 -5.469003865403719 -5.469003865403719 -5.469003865403719 -5.469003865403719 -5.469003865403719 -5.469003865403719 -5.469003865403719
14.547738693467336 -5.3995928523727645 -5.3995928523727645 -5.3995928523727645 -5.3995928523727645 -5.3995928523727645 -5.3995928523727645 -5.3995928523727645 -5.3995928523727645 -5.3995928523727645 -5.3995928523727645 -5.3995928523727645 -5.3995928523727645 -5.3995928523727645
14.623115577889447 -5.33018183934181 -5.33018183934181 -5.33018183934181 -5.33018183934181 -5.33018183934181 -5.33018183934181 -5.33018183934181 -5.33018183934181 -5.33018183934181 -5.33018183934181 -5.33018183934181 -5.33018183934181 -5.33018183934181
14.698492462311556 -5.260770826310857 -5.260770826310857 -5.260770826310857 -5.260770826310857 -5.260770826310857 -5.260770826310857 -5.260770826310857 -5.260770826310857 -5.260770826310857 -5.260770826310857 -5.260770826310857 -5.260770826310857 -5.260770826310857
14.773869346733667 -5.191359813279902 -5.191359813279902 -5.191359813279902 -5.191359813279902 -5.191359813279902 -5.191359813279902 -5.191359813279902 -5.191359813279902 -5.191359813279902 -5.191359813279902 -5.191359813279902 -5.191359813279902 -5.191359813279902
14.849246231155778 -5.121948800248948 -5.121948800248948 -5.121948800248948 -5.121948800248948 -5.121948800248948 -5.121948800248948 -5.121948800248948 -5.121948800248948 -5.121948800248948 -5.121948800248948 -5.121948800248948 -5.121948800248948 -5.121948800248948
14.924623115577887 -5.052537787217995 -5.052537787217995 -5.052537787217995 -5.052537787217995 -5.052537787217995 -5.052537787217995 -5.052537787217995 -5.052537787217995 -5.052537787217995 -5.052537787217995 -5.052537787217995 -5.052537787217995 -5.052537787217995
15.0 -4.983126774187038 -4.983126774187038 -4.983126774187038 -4.983126774187038 -4.983126774187038 -4.983126774187038 -4.983126774187038 -4.983126774187038 -4.983126774187038 -4.983126774187038 -4.983126774187038 -4.983126774187038 -4.983126774187038
