web/models/kne.last_good/kappa_0.5_3.0.v2/27/villar_0.0010_0.0770_3.0000.dat
# %ECSV 1.0
# ---
# datatype:
# - {name: time, datatype: float64}
# - {name: swift_uvot_uvw2, datatype: float64}
# - {name: swift_uvot_uvm2, datatype: float64}
# - {name: swift_uvot_uvw1, datatype: float64}
# - {name: swift_uvot_U, datatype: float64}
# - {name: swift_uvot_B, datatype: float64}
# - {name: swift_uvot_V, datatype: float64}
# - {name: swift_uvot_W, datatype: float64}
# - {name: johnson_U, datatype: float64}
# - {name: johnson_B, datatype: float64}
# - {name: johnson_V, datatype: float64}
# - {name: johnson_R, datatype: float64}
# - {name: johnson_I, datatype: float64}
# - {name: sdss_u, datatype: float64}
# - {name: sdss_g, datatype: float64}
# - {name: sdss_r, datatype: float64}
# - {name: sdss_i, datatype: float64}
# - {name: sdss_z, datatype: float64}
# - {name: PS1_g, datatype: float64}
# - {name: PS1_r, datatype: float64}
# - {name: PS1_i, datatype: float64}
# - {name: PS1_z, datatype: float64}
# - {name: PS1_Y, datatype: float64}
# - {name: PS1_w, datatype: float64}
# - {name: ATLAS_c, datatype: float64}
# - {name: ATLAS_o, datatype: float64}
# - {name: ukirt_J, datatype: float64}
# - {name: ukirt_H, datatype: float64}
# - {name: ukirt_K, datatype: float64}
# - {name: Clear, datatype: float64}
# meta: !!omap
# - comment: [kappa = 3.0, type = villar, mass = 0.001, velocity = 0.07700000000000001, theta_obs = 0.0, tfloor = 2500.0]
# schema: astropy-2.0
time swift_uvot_uvw2 swift_uvot_uvm2 swift_uvot_uvw1 swift_uvot_U swift_uvot_B swift_uvot_V swift_uvot_W johnson_U johnson_B johnson_V johnson_R johnson_I sdss_u sdss_g sdss_r sdss_i sdss_z PS1_g PS1_r PS1_i PS1_z PS1_Y PS1_w ATLAS_c ATLAS_o ukirt_J ukirt_H ukirt_K Clear
[from data line 143]
0.070868 -13.777 -13.455 -13.29 -12.798 -12.41 -12.002 -13.135 -12.74 -12.406 -11.991 -11.584 -11.115 -12.75 -12.279 -11.765 -11.393 -11.046 -12.298 -11.855 -11.516 -11.344 -11.513 -11.837 -12.079 -11.613 -10.359 -9.804 -9.167 -11.924
0.073012 -13.781 -13.47 -13.307 -12.822 -12.437 -12.032 -13.153 -12.764 -12.433 -12.021 -11.615 -11.148 -12.775 -12.307 -11.795 -11.424 -11.079 -12.323 -11.882 -11.542 -11.367 -11.525 -11.866 -12.108 -11.644 -10.393 -9.839 -9.202 -11.953
0.07522 -13.784 -13.484 -13.324 -12.846 -12.463 -12.061 -13.169 -12.788 -12.46 -12.05 -11.646 -11.18 -12.799 -12.335 -11.825 -11.456 -11.111 -12.348 -11.908 -11.568 -11.39 -11.537 -11.896 -12.136 -11.675 -10.427 -9.874 -9.238 -11.982
0.077495 -13.787 -13.498 -13.34 -12.869 -12.49 -12.09 -13.185 -12.812 -12.486 -12.079 -11.676 -11.212 -12.823 -12.362 -11.855 -11.487 -11.144 -12.373 -11.934 -11.595 -11.413 -11.55 -11.925 -12.165 -11.705 -10.461 -9.909 -9.274 -12.011
0.079839 -13.789 -13.51 -13.356 -12.892 -12.516 -12.118 -13.201 -12.836 -12.512 -12.108 -11.707 -11.244 -12.846 -12.389 -11.885 -11.519 -11.176 -12.398 -11.961 -11.621 -11.437 -11.563 -11.954 -12.193 -11.736 -10.495 -9.944 -9.309 -12.039
0.082253 -13.79 -13.522 -13.371 -12.914 -12.542 -12.147 -13.215 -12.859 -12.538 -12.136 -11.737 -11.276 -12.869 -12.416 -11.915 -11.55 -11.208 -12.422 -11.987 -11.647 -11.46 -11.577 -11.983 -12.22 -11.766 -10.529 -9.979 -9.345 -12.067
0.084741 -13.791 -13.534 -13.385 -12.936 -12.567 -12.175 -13.229 -12.881 -12.564 -12.164 -11.767 -11.308 -12.891 -12.442 -11.944 -11.581 -11.24 -12.447 -12.013 -11.674 -11.484 -11.591 -12.011 -12.248 -11.796 -10.562 -10.013 -9.38 -12.095
0.087304 -13.791 -13.544 -13.399 -12.958 -12.592 -12.203 -13.243 -12.903 -12.589 -12.192 -11.797 -11.34 -12.913 -12.468 -11.973 -11.611 -11.272 -12.471 -12.039 -11.7 -11.508 -11.605 -12.04 -12.275 -11.825 -10.596 -10.048 -9.415 -12.122
0.089944 -13.791 -13.554 -13.411 -12.979 -12.617 -12.23 -13.256 -12.925 -12.613 -12.22 -11.826 -11.371 -12.935 -12.494 -12.002 -11.642 -11.304 -12.495 -12.065 -11.726 -11.532 -11.62 -12.068 -12.302 -11.855 -10.629 -10.082 -9.451 -12.149
0.092665 -13.789 -13.563 -13.423 -12.999 -12.641 -12.258 -13.268 -12.946 -12.638 -12.247 -11.856 -11.402 -12.956 -12.519 -12.03 -11.672 -11.335 -12.518 -12.091 -11.753 -11.556 -11.635 -12.095 -12.329 -11.884 -10.663 -10.116 -9.486 -12.176
0.095467 -13.787 -13.571 -13.435 -13.019 -12.665 -12.285 -13.279 -12.967 -12.662 -12.274 -11.885 -11.433 -12.977 -12.544 -12.059 -11.702 -11.366 -12.541 -12.117 -11.779 -11.58 -11.651 -12.123 -12.355 -11.913 -10.696 -10.151 -9.521 -12.203
0.098355 -13.784 -13.578 -13.445 -13.039 -12.689 -12.311 -13.289 -12.987 -12.685 -12.301 -11.914 -11.464 -12.997 -12.569 -12.087 -11.732 -11.398 -12.565 -12.142 -11.805 -11.605 -11.667 -12.15 -12.381 -11.942 -10.729 -10.185 -9.556 -12.229
0.101329 -13.78 -13.584 -13.455 -13.057 -12.712 -12.338 -13.299 -13.006 -12.708 -12.327 -11.942 -11.495 -13.016 -12.593 -12.114 -11.761 -11.428 -12.587 -12.167 -11.831 -11.629 -11.683 -12.177 -12.406 -11.97 -10.762 -10.219 -9.591 -12.255
0.104394 -13.776 -13.589 -13.464 -13.076 -12.735 -12.364 -13.308 -13.025 -12.731 -12.353 -11.97 -11.525 -13.035 -12.616 -12.142 -11.791 -11.459 -12.61 -12.193 -11.857 -11.654 -11.699 -12.203 -12.431 -11.998 -10.794 -10.253 -9.626 -12.281
0.107551 -13.77 -13.593 -13.471 -13.093 -12.757 -12.389 -13.316 -13.044 -12.753 -12.379 -11.998 -11.555 -13.053 -12.64 -12.169 -11.82 -11.49 -12.632 -12.218 -11.883 -11.678 -11.716 -12.229 -12.456 -12.026 -10.827 -10.286 -9.66 -12.306
0.110804 -13.763 -13.596 -13.478 -13.111 -12.779 -12.414 -13.323 -13.062 -12.775 -12.404 -12.026 -11.585 -13.071 -12.663 -12.196 -11.849 -11.52 -12.654 -12.242 -11.909 -11.703 -11.733 -12.255 -12.481 -12.054 -10.859 -10.32 -9.695 -12.331
0.114155 -13.756 -13.598 -13.484 -13.127 -12.8 -12.439 -13.33 -13.079 -12.796 -12.429 -12.054 -11.615 -13.088 -12.685 -12.222 -11.877 -11.55 -12.675 -12.267 -11.935 -11.727 -11.751 -12.281 -12.505 -12.081 -10.892 -10.354 -9.73 -12.355
0.117608 -13.747 -13.599 -13.49 -13.143 -12.821 -12.464 -13.335 -13.096 -12.817 -12.454 -12.081 -11.645 -13.105 -12.707 -12.249 -11.906 -11.58 -12.696 -12.291 -11.96 -11.752 -11.769 -12.306 -12.528 -12.108 -10.924 -10.387 -9.764 -12.38
0.121165 -13.737 -13.599 -13.494 -13.158 -12.841 -12.488 -13.34 -13.112 -12.837 -12.478 -12.108 -11.674 -13.121 -12.729 -12.274 -11.934 -11.61 -12.717 -12.315 -11.986 -11.776 -11.786 -12.33 -12.552 -12.135 -10.956 -10.42 -9.798 -12.403
0.124829 -13.726 -13.597 -13.497 -13.172 -12.861 -12.512 -13.344 -13.127 -12.857 -12.501 -12.134 -11.703 -13.136 -12.75 -12.3 -11.961 -11.639 -12.737 -12.339 -12.011 -11.801 -11.805 -12.355 -12.574 -12.161 -10.988 -10.454 -9.833 -12.427
0.128605 -13.713 -13.595 -13.499 -13.186 -12.88 -12.535 -13.347 -13.142 -12.876 -12.525 -12.16 -11.732 -13.151 -12.77 -12.325 -11.989 -11.668 -12.757 -12.362 -12.036 -11.825 -11.823 -12.379 -12.597 -12.187 -11.019 -10.487 -9.867 -12.45
0.132494 -13.7 -13.591 -13.5 -13.199 -12.898 -12.558 -13.348 -13.156 -12.895 -12.548 -12.186 -11.76 -13.165 -12.79 -12.35 -12.016 -11.697 -12.776 -12.385 -12.061 -11.849 -11.842 -12.402 -12.619 -12.213 -11.051 -10.519 -9.901 -12.472
0.136502 -13.685 -13.586 -13.499 -13.211 -12.916 -12.58 -13.349 -13.169 -12.913 -12.57 -12.212 -11.788 -13.178 -12.81 -12.374 -12.043 -11.726 -12.795 -12.408 -12.085 -11.874 -11.86 -12.425 -12.64 -12.238 -11.082 -10.552 -9.935 -12.494
0.14063 -13.668 -13.579 -13.498 -13.223 -12.934 -12.602 -13.349 -13.181 -12.93 -12.592 -12.237 -11.816 -13.19 -12.829 -12.398 -12.069 -11.754 -12.814 -12.43 -12.11 -11.898 -11.879 -12.448 -12.661 -12.263 -11.113 -10.585 -9.969 -12.516
0.144883 -13.65 -13.571 -13.495 -13.233 -12.951 -12.624 -13.347 -13.193 -12.947 -12.614 -12.262 -11.844 -13.201 -12.847 -12.422 -12.096 -11.782 -12.831 -12.453 -12.134 -11.922 -11.898 -12.47 -12.681 -12.287 -11.144 -10.617 -10.002 -12.537
0.149265 -13.631 -13.562 -13.491 -13.243 -12.967 -12.645 -13.345 -13.204 -12.963 -12.635 -12.286 -11.871 -13.212 -12.865 -12.445 -12.121 -11.81 -12.849 -12.474 -12.158 -11.946 -11.917 -12.492 -12.701 -12.312 -11.175 -10.65 -10.036 -12.557
0.15378 -13.61 -13.551 -13.486 -13.252 -12.982 -12.665 -13.341 -13.214 -12.979 -12.655 -12.31 -11.898 -13.222 -12.882 -12.467 -12.147 -11.838 -12.866 -12.496 -12.182 -11.97 -11.936 -12.513 -12.721 -12.335 -11.205 -10.682 -10.07 -12.577
0.15843 -13.587 -13.538 -13.48 -13.26 -12.997 -12.685 -13.337 -13.223 -12.993 -12.675 -12.334 -11.925 -13.231 -12.899 -12.49 -12.172 -11.865 -12.882 -12.517 -12.205 -11.993 -11.956 -12.534 -12.739 -12.359 -11.236 -10.714 -10.103 -12.597
0.163222 -13.563 -13.524 -13.472 -13.267 -13.011 -12.705 -13.331 -13.231 -13.007 -12.695 -12.357 -11.952 -13.239 -12.914 -12.511 -12.197 -11.892 -12.898 -12.537 -12.228 -12.017 -11.975 -12.554 -12.758 -12.382 -11.266 -10.745 -10.136 -12.616
0.168159 -13.537 -13.508 -13.462 -13.273 -13.024 -12.723 -13.324 -13.238 -13.021 -12.714 -12.379 -11.978 -13.246 -12.93 -12.533 -12.221 -11.918 -12.913 -12.557 -12.251 -12.04 -11.994 -12.574 -12.775 -12.404 -11.296 -10.777 -10.169 -12.634
0.173245 -13.509 -13.491 -13.452 -13.277 -13.037 -12.742 -13.316 -13.244 -13.033 -12.732 -12.402 -12.004 -13.252 -12.944 -12.553 -12.245 -11.945 -12.927 -12.577 -12.273 -12.063 -12.014 -12.593 -12.792 -12.426 -11.325 -10.809 -10.202 -12.652
0.178484 -13.479 -13.471 -13.439 -13.281 -13.049 -12.759 -13.306 -13.25 -13.045 -12.75 -12.423 -12.029 -13.257 -12.958 -12.574 -12.269 -11.971 -12.941 -12.596 -12.295 -12.086 -12.033 -12.612 -12.808 -12.448 -11.355 -10.84 -10.235 -12.669
0.183882 -13.448 -13.45 -13.425 -13.284 -13.06 -12.776 -13.295 -13.254 -13.056 -12.767 -12.445 -12.054 -13.261 -12.971 -12.593 -12.292 -11.996 -12.954 -12.615 -12.317 -12.108 -12.052 -12.63 -12.824 -12.469 -11.384 -10.871 -10.268 -12.686
0.189444 -13.414 -13.427 -13.41 -13.286 -13.07 -12.793 -13.283 -13.257 -13.066 -12.783 -12.465 -12.079 -13.264 -12.983 -12.612 -12.314 -12.021 -12.966 -12.633 -12.339 -12.131 -12.071 -12.648 -12.839 -12.489 -11.413 -10.902 -10.301 -12.702
0.195173 -13.378 -13.402 -13.393 -13.286 -13.079 -12.808 -13.27 -13.259 -13.075 -12.799 -12.486 -12.103 -13.266 -12.994 -12.631 -12.337 -12.046 -12.978 -12.651 -12.36 -12.153 -12.091 -12.664 -12.853 -12.509 -11.441 -10.932 -10.333 -12.718
0.201076 -13.34 -13.375 -13.374 -13.286 -13.087 -12.823 -13.255 -13.26 -13.084 -12.814 -12.505 -12.127 -13.267 -13.005 -12.649 -12.358 -12.071 -12.989 -12.668 -12.38 -12.174 -12.11 -12.681 -12.867 -12.528 -11.47 -10.963 -10.365 -12.732
0.207158 -13.3 -13.346 -13.353 -13.284 -13.095 -12.838 -13.239 -13.26 -13.091 -12.829 -12.525 -12.15 -13.266 -13.015 -12.666 -12.38 -12.095 -12.999 -12.685 -12.4 -12.196 -12.129 -12.696 -12.88 -12.547 -11.498 -10.993 -10.397 -12.746
0.213423 -13.258 -13.315 -13.331 -13.281 -13.101 -12.851 -13.221 -13.258 -13.097 -12.842 -12.543 -12.173 -13.264 -13.024 -12.683 -12.4 -12.118 -13.008 -12.7 -12.42 -12.217 -12.148 -12.711 -12.892 -12.566 -11.525 -11.023 -10.429 -12.76
0.219878 -13.213 -13.281 -13.306 -13.276 -13.106 -12.864 -13.202 -13.255 -13.103 -12.855 -12.561 -12.196 -13.261 -13.031 -12.699 -12.42 -12.142 -13.016 -12.716 -12.439 -12.238 -12.166 -12.725 -12.903 -12.583 -11.553 -11.053 -10.461 -12.772
0.226528 -13.166 -13.245 -13.28 -13.27 -13.111 -12.876 -13.182 -13.251 -13.107 -12.867 -12.578 -12.218 -13.257 -13.038 -12.714 -12.44 -12.164 -13.024 -12.73 -12.458 -12.258 -12.185 -12.739 -12.913 -12.6 -11.58 -11.083 -10.493 -12.784
0.233379 -13.116 -13.207 -13.252 -13.263 -13.114 -12.887 -13.16 -13.245 -13.11 -12.878 -12.595 -12.239 -13.251 -13.044 -12.729 -12.459 -12.187 -13.03 -12.744 -12.476 -12.278 -12.203 -12.752 -12.923 -12.617 -11.607 -11.112 -10.524 -12.795
0.240437 -13.064 -13.166 -13.221 -13.254 -13.116 -12.897 -13.137 -13.238 -13.112 -12.889 -12.611 -12.26 -13.244 -13.049 -12.743 -12.478 -12.208 -13.036 -12.758 -12.494 -12.297 -12.221 -12.764 -12.931 -12.632 -11.634 -11.141 -10.555 -12.805
0.247709 -13.009 -13.123 -13.189 -13.243 -13.117 -12.907 -13.112 -13.23 -13.113 -12.898 -12.627 -12.281 -13.235 -13.053 -12.756 -12.496 -12.23 -13.041 -12.77 -12.511 -12.317 -12.239 -12.775 -12.939 -12.647 -11.66 -11.17 -10.586 -12.814
0.255201 -12.951 -13.077 -13.154 -13.231 -13.116 -12.915 -13.085 -13.22 -13.113 -12.907 -12.641 -12.301 -13.225 -13.056 -12.768 -12.513 -12.25 -13.044 -12.782 -12.527 -12.335 -12.257 -12.785 -12.945 -12.662 -11.686 -11.199 -10.617 -12.823
0.262919 -12.891 -13.028 -13.117 -13.218 -13.115 -12.923 -13.057 -13.208 -13.112 -12.915 -12.655 -12.32 -13.213 -13.057 -12.78 -12.529 -12.271 -13.047 -12.793 -12.543 -12.354 -12.274 -12.795 -12.951 -12.675 -11.711 -11.227 -10.648 -12.831
0.270871 -12.827 -12.976 -13.077 -13.202 -13.112 -12.929 -13.027 -13.195 -13.109 -12.921 -12.669 -12.339 -13.199 -13.058 -12.791 -12.545 -12.29 -13.048 -12.803 -12.559 -12.371 -12.291 -12.803 -12.956 -12.688 -11.736 -11.255 -10.678 -12.837
0.279064 -12.761 -12.922 -13.035 -13.185 -13.108 -12.935 -12.996 -13.18 -13.105 -12.927 -12.681 -12.358 -13.184 -13.057 -12.801 -12.561 -12.31 -13.048 -12.813 -12.573 -12.389 -12.308 -12.811 -12.959 -12.7 -11.761 -11.283 -10.708 -12.843
0.287504 -12.691 -12.864 -12.991 -13.166 -13.102 -12.939 -12.963 -13.164 -13.099 -12.932 -12.693 -12.375 -13.167 -13.055 -12.81 -12.575 -12.328 -13.047 -12.821 -12.587 -12.405 -12.324 -12.818 -12.962 -12.711 -11.785 -11.31 -10.738 -12.848
0.296199 -12.618 -12.804 -12.944 -13.145 -13.095 -12.943 -12.928 -13.145 -13.092 -12.935 -12.703 -12.392 -13.148 -13.051 -12.818 -12.589 -12.346 -13.045 -12.829 -12.601 -12.421 -12.34 -12.823 -12.963 -12.722 -11.809 -11.337 -10.768 -12.851
0.305157 -12.542 -12.74 -12.895 -13.122 -13.087 -12.945 -12.892 -13.125 -13.084 -12.938 -12.713 -12.409 -13.127 -13.047 -12.825 -12.602 -12.364 -13.041 -12.835 -12.613 -12.437 -12.356 -12.828 -12.963 -12.731 -11.833 -11.364 -10.798 -12.854
0.314387 -12.463 -12.673 -12.843 -13.097 -13.077 -12.946 -12.854 -13.102 -13.074 -12.939 -12.722 -12.425 -13.104 -13.041 -12.831 -12.614 -12.38 -13.036 -12.841 -12.625 -12.452 -12.371 -12.832 -12.962 -12.74 -11.856 -11.391 -10.827 -12.856
0.323895 -12.38 -12.602 -12.787 -13.07 -13.065 -12.946 -12.814 -13.078 -13.062 -12.939 -12.73 -12.44 -13.079 -13.033 -12.836 -12.626 -12.396 -13.03 -12.846 -12.636 -12.466 -12.386 -12.834 -12.96 -12.747 -11.878 -11.417 -10.856 -12.856
0.333691 -12.294 -12.528 -12.73 -13.041 -13.052 -12.945 -12.773 -13.051 -13.049 -12.938 -12.738 -12.454 -13.052 -13.024 -12.84 -12.636 -12.412 -13.022 -12.849 -12.646 -12.48 -12.4 -12.836 -12.956 -12.754 -11.901 -11.443 -10.885 -12.855
0.343783 -12.204 -12.45 -12.669 -13.009 -13.037 -12.942 -12.729 -13.023 -13.034 -12.936 -12.744 -12.468 -13.023 -13.013 -12.842 -12.646 -12.426 -13.013 -12.852 -12.656 -12.493 -12.413 -12.836 -12.951 -12.759 -11.922 -11.468 -10.913 -12.854
0.354181 -12.111 -12.369 -12.605 -12.975 -13.02 -12.938 -12.684 -12.992 -13.017 -12.932 -12.749 -12.48 -12.992 -13.001 -12.844 -12.655 -12.44 -13.002 -12.853 -12.664 -12.505 -12.427 -12.836 -12.945 -12.764 -11.944 -11.493 -10.942 -12.851
0.364893 -12.013 -12.283 -12.538 -12.939 -13.001 -12.933 -12.637 -12.959 -12.999 -12.926 -12.753 -12.493 -12.958 -12.987 -12.844 -12.663 -12.454 -12.99 -12.853 -12.672 -12.517 -12.439 -12.834 -12.937 -12.767 -11.964 -11.518 -10.97 -12.846
0.375929 -11.912 -12.194 -12.467 -12.9 -12.98 -12.926 -12.588 -12.923 -12.978 -12.92 -12.756 -12.504 -12.921 -12.971 -12.844 -12.67 -12.466 -12.976 -12.852 -12.678 -12.528 -12.451 -12.83 -12.927 -12.77 -11.984 -11.542 -10.997 -12.841
0.387298 -11.807 -12.101 -12.393 -12.859 -12.958 -12.917 -12.537 -12.885 -12.956 -12.912 -12.758 -12.514 -12.883 -12.953 -12.842 -12.676 -12.478 -12.96 -12.85 -12.684 -12.537 -12.463 -12.826 -12.916 -12.771 -12.004 -11.566 -11.025 -12.834
0.399012 -11.698 -12.003 -12.316 -12.815 -12.933 -12.907 -12.485 -12.844 -12.931 -12.902 -12.758 -12.524 -12.841 -12.934 -12.838 -12.68 -12.488 -12.943 -12.847 -12.689 -12.547 -12.473 -12.82 -12.904 -12.771 -12.023 -11.59 -11.052 -12.826
0.41108 -11.585 -11.901 -12.236 -12.768 -12.906 -12.896 -12.43 -12.801 -12.905 -12.891 -12.758 -12.532 -12.797 -12.913 -12.833 -12.684 -12.498 -12.924 -12.842 -12.692 -12.555 -12.483 -12.813 -12.89 -12.77 -12.042 -11.613 -11.079 -12.816
0.423513 -11.468 -11.794 -12.151 -12.718 -12.877 -12.882 -12.374 -12.755 -12.876 -12.878 -12.756 -12.54 -12.75 -12.889 -12.827 -12.687 -12.507 -12.902 -12.835 -12.695 -12.562 -12.493 -12.804 -12.874 -12.767 -12.059 -11.635 -11.105 -12.805
0.436321 -11.346 -11.683 -12.064 -12.665 -12.846 -12.867 -12.315 -12.706 -12.845 -12.863 -12.753 -12.546 -12.7 -12.864 -12.819 -12.688 -12.515 -12.879 -12.827 -12.696 -12.569 -12.501 -12.794 -12.856 -12.763 -12.077 -11.658 -11.132 -12.792
0.449518 -11.221 -11.567 -11.972 -12.609 -12.813 -12.85 -12.255 -12.654 -12.812 -12.846 -12.748 -12.552 -12.648 -12.836 -12.81 -12.688 -12.522 -12.854 -12.818 -12.696 -12.574 -12.509 -12.782 -12.836 -12.758 -12.093 -11.679 -11.157 -12.778
0.463113 -11.091 -11.447 -11.876 -12.55 -12.776 -12.832 -12.192 -12.599 -12.776 -12.828 -12.742 -12.557 -12.592 -12.806 -12.799 -12.687 -12.528 -12.826 -12.807 -12.695 -12.579 -12.516 -12.769 -12.815 -12.751 -12.109 -11.701 -11.183 -12.762
0.47712 -10.956 -11.321 -11.776 -12.488 -12.738 -12.811 -12.128 -12.541 -12.737 -12.808 -12.735 -12.56 -12.532 -12.774 -12.787 -12.685 -12.533 -12.797 -12.794 -12.693 -12.582 -12.522 -12.754 -12.791 -12.743 -12.124 -11.721 -11.208 -12.745
0.49155 -10.818 -11.19 -11.673 -12.422 -12.697 -12.788 -12.061 -12.479 -12.696 -12.786 -12.726 -12.562 -12.47 -12.74 -12.772 -12.681 -12.537 -12.765 -12.78 -12.689 -12.584 -12.527 -12.737 -12.766 -12.733 -12.139 -11.741 -11.233 -12.726
0.506416 -10.674 -11.053 -11.564 -12.353 -12.653 -12.763 -11.992 -12.415 -12.653 -12.761 -12.716 -12.564 -12.404 -12.703 -12.756 -12.676 -12.54 -12.731 -12.764 -12.684 -12.585 -12.531 -12.719 -12.738 -12.722 -12.153 -11.761 -11.257 -12.705
