web/models/kne/50/mosfit_kn_0.002817_0.4060_0.5000.dat
# %ECSV 1.0
# ---
# datatype:
# - {name: time, datatype: float64}
# - {name: PS1_g, datatype: float64}
# - {name: PS1_i, datatype: float64}
# - {name: PS1_r, datatype: float64}
# - {name: PS1_w, datatype: float64}
# - {name: PS1_y, datatype: float64}
# - {name: PS1_z, datatype: float64}
# - {name: swift_uvot_B, datatype: float64}
# - {name: swift_uvot_U, datatype: float64}
# - {name: swift_uvot_uvm2, datatype: float64}
# - {name: swift_uvot_uvw1, datatype: float64}
# - {name: swift_uvot_uvw2, datatype: float64}
# - {name: swift_uvot_V, datatype: float64}
# - {name: johnson_B, datatype: float64}
# - {name: johnson_I, datatype: float64}
# - {name: johnson_R, datatype: float64}
# - {name: johnson_U, datatype: float64}
# - {name: johnson_V, datatype: float64}
# - {name: sdss_g, datatype: float64}
# - {name: sdss_i, datatype: float64}
# - {name: sdss_r, datatype: float64}
# - {name: sdss_u, datatype: float64}
# - {name: sdss_z, datatype: float64}
# - {name: ATLAS_c, datatype: float64}
# - {name: ATLAS_o, datatype: float64}
# - {name: ukirt_H, datatype: float64}
# - {name: ukirt_J, datatype: float64}
# - {name: ukirt_K, datatype: float64}
# - {name: Clear, datatype: float64}
# meta: !!omap
# - comment: [kappa = 0.5, type = rprocess, mass = 0.0028172691138521437, velocity = 0.406, theta_obs = 0.0, tfloor = 1000.0]
# schema: astropy-2.0
time PS1_g PS1_i PS1_r PS1_w PS1_y PS1_z swift_uvot_B swift_uvot_U swift_uvot_uvm2 swift_uvot_uvw1 swift_uvot_uvw2 swift_uvot_V johnson_B johnson_I johnson_R johnson_U johnson_V sdss_g sdss_i sdss_r sdss_u sdss_z ATLAS_c ATLAS_o ukirt_H ukirt_J ukirt_K Clear
[from data line 206]
12.444889779559118 13.281430713246856 4.399601900047578 7.87467267808541 5.906748866581424 0.8764118515223096 2.294087816369448 16.821337289811343 23.480281387706256 37.36887669173543 19.445863919780813 21.958880426260464 11.240947406117641 15.617399972845153 2.8460885936256277 5.816121360350627 22.449280208454503 10.285925070948887 14.093970814561292 4.480857852160565 8.103161337581852 23.981386917881082 1.7206602043474462 9.853749247828052 5.401336723218275 -4.072575526393186 -1.9230862309034955 -5.432864206866357 3.6208548228200854
12.50501002004008 13.30189416671061 4.4200653535113155 7.895136131549165 5.927212320045179 0.8968753049860645 2.314551269833185 16.84180074327508 23.50074484117 37.38934014519918 19.466327373244557 21.979343879724208 11.261410859581396 15.63786342630889 2.866552047089365 5.836584813814365 22.46974366191826 10.306388524412641 14.114434268025047 4.5013213056243195 8.12362479104559 24.001850371344826 1.741123657811201 9.874212701291807 5.42180017668203 -4.0521120729294315 -1.9026227774397406 -5.412400753402602 3.6413182762838403
12.565130260521041 13.322290516476762 4.440461703277485 7.915532481315317 5.947608669811331 0.9172716547522164 2.3349476195993546 16.86219709304125 23.521141190936163 37.40973649496534 19.48672372301072 21.99974022949036 11.281807209347548 15.65825977607506 2.8869483968555345 5.856981163580534 22.49014001168441 10.326784874178793 14.134830617791199 4.521717655390471 8.144021140811759 24.02224672111099 1.761520007577353 9.894609051057959 5.442196526448182 -4.03171572316328 -1.8822264276735887 -5.3920044036364505 3.661714626049992
12.625250501002004 13.342621823105087 4.46079300990581 7.935863787943642 5.967939976439656 0.9376029613805414 2.3552789262276796 16.882528399669575 23.541472497564484 37.43006780159366 19.507055029639044 22.020071536118696 11.302138515975873 15.678591082703385 2.9072797034838596 5.877312470208859 22.510471318312735 10.347116180807118 14.155161924419524 4.5420489620187965 8.164352447440084 24.04257802773931 1.781851314205678 9.914940357686284 5.462527833076507 -4.011384416534955 -1.8618951210452637 -5.3716730970081255 3.6820459326783173
12.685370741482965 13.362883127468965 4.481054314269688 7.95612509230752 5.988201280803533 0.9578642657444192 2.3755402305915574 16.902789704033452 23.561733801928362 37.450329105957536 19.527316334002922 22.040332840482574 11.32239982033975 15.698852387067262 2.9275410078477373 5.897573774572737 22.530732622676613 10.367377485170996 14.175423228783401 4.562310266382674 8.184613751803962 24.062839332103188 1.8021126185695557 9.935201662050162 5.482789137440385 -3.991123112171077 -1.841633816681386 -5.351411792644248 3.702307237042195
12.745490981963927 13.383079990878759 4.501251177679464 7.976321955717314 6.008398144213327 0.978061129154213 2.3957370940013334 16.92298656744323 23.58193066533815 37.47052596936732 19.54751319741271 22.06052970389236 11.342596683749544 15.719049250477038 2.9477378712575133 5.917770637982513 22.550929486086396 10.38757434858079 14.195620092193195 4.582507129792468 8.204810615213738 24.083036195512975 1.8223094819793495 9.955398525459955 5.5029860008501785 -3.970926248761283 -1.8214369532715922 -5.331214929234454 3.7225041004519888
12.80561122244489 13.40321096459121 4.521382151391915 7.996452929429765 6.028529117925778 0.998192102866664 2.4158680677137845 16.943117541155697 23.60206163905061 37.49065694307978 19.567644171125156 22.080660677604808 11.362727657461996 15.73918022418949 2.967868844969982 5.937901611694964 22.571060459798858 10.407705322293241 14.215751065905646 4.602638103504919 8.224941588926207 24.103167169225426 1.8424404556918006 9.975529499172406 5.52311697456263 -3.950795275048832 -1.801305979559141 -5.311083955522003 3.74263507416444
12.86573146292585 13.423276347982522 4.541447534783227 8.016518312821077 6.0485945013170905 1.0182574862579763 2.4359334511050967 16.96318292454699 23.622127022441912 37.51072232647109 19.58770955451647 22.10072606099612 11.382793040853308 15.759245607580802 2.9879342283612766 5.957966995086276 22.59112584319017 10.427770705684553 14.235816449296959 4.622703486896231 8.245006972317519 24.123232552616738 1.8625058390831128 9.995594882563719 5.543182357953942 -3.9307298916575197 -1.7812405961678288 -5.291018572130691 3.762700457555752
12.925851703406813 13.443276445676453 4.561447632477176 8.036518410515008 6.068594599011021 1.038257583951907 2.4559335487990452 16.98318302224094 23.642127120135854 37.53072242416503 19.60770965221041 22.12072615869006 11.402793138547239 15.77924570527475 3.007934326055225 5.977967092780225 22.6111259408841 10.447770803378484 14.25581654699089 4.642703584590162 8.26500707001145 24.14323265031068 1.8825059367770436 10.01559498025765 5.563182455647873 -3.910729793963589 -1.761240498473898 -5.27101847443676 3.782700555249683
12.985971943887774 13.463211559346568 4.581382746147273 8.056453524185123 6.088529712681137 1.0581926976220224 2.475868662469143 17.003118135911038 23.66206223380596 37.55065753783514 19.627644765880515 22.140661272360166 11.422728252217354 15.799180818944848 3.0278694397253227 5.9979022064503225 22.631061054554216 10.4677059170486 14.275751660661005 4.662638698260277 8.284942183681565 24.163167763980784 1.902441050447159 10.035530093927765 5.583117569317988 -3.8907946802934736 -1.7413053848037827 -5.2510833607666445 3.802635668919798
13.046092184368737 13.483081988522265 4.601253175322988 8.076323953360838 6.108400141856851 1.078063126797737 2.4957390916448574 17.022988565086752 23.681932662981673 37.57052796701085 19.647515195056222 22.160531701535874 11.44259868139305 15.819051248120562 3.0477398689010373 6.017772635626037 22.65093148372992 10.487576346224314 14.29562208983672 4.682509127435974 8.304812612857262 24.1830381931565 1.9223114796228558 10.05540052310348 5.602987998493685 -3.870924251117759 -1.7214349556280681 -5.231212931590948 3.822506098095495
13.1062124248497 13.50288803723652 4.621059224037243 8.096130002075093 6.128206190571106 1.097869175511974 2.5155451403591123 17.042794613801007 23.701738711695917 37.5903340157251 19.667321243770477 22.18033775025013 11.462404730107306 15.838857296834817 3.067545917615292 6.037578684340292 22.67073753244418 10.507382394938569 14.315428138550974 4.702315176150229 8.324618661571517 24.202844241870743 1.9421175283371106 10.075206571817734 5.62279404720794 -3.851118202403504 -1.7016289069138133 -5.211406882876693 3.84231214680975
13.16633266533066 13.522630000678486 4.640801187479191 8.11587196551704 6.147948154013054 1.11761113895394 2.5352871038010605 17.062536577242955 23.721480675137876 37.61007597916706 19.687063207212436 22.200079713692087 11.482146693549272 15.858599260276765 3.0872878810572404 6.05732064778224 22.690479495886134 10.527124358380517 14.335170101992922 4.722057139592195 8.344360625013483 24.2225862053127 1.9618594917790766 10.094948535259682 5.642536010649906 -3.831376238961556 -1.681886943471865 -5.191664919434727 3.862054110251716
13.226452905811623 13.5423081862419 4.660479373042623 8.135550151080455 6.167626339576486 1.1372893245173543 2.5549652893644925 17.082214762806387 23.741158860701297 37.62975416473047 19.706741392775857 22.21975789925551 11.501824879112686 15.878277445840197 3.1069660666206724 6.076998833345672 22.71015768144956 10.546802543943931 14.354848287556337 4.741735325155609 8.364038810576897 24.242264390876123 1.9815376773424909 10.114626720823114 5.66221419621332 -3.8116980533981417 -1.6622087579084508 -5.171986733871313 3.88173229581513
13.286573146292584 13.561922890347677 4.6800940771484 8.155164855186232 6.187241043682246 1.1569040286231314 2.5745799934702696 17.101829466912164 23.760773564807074 37.64936886883625 19.726356096881627 22.23937260336128 11.521439583218463 15.897892149945957 3.1265807707264495 6.096613537451431 22.729772385555325 10.566417248049708 14.374462991662114 4.761350029261386 8.383653514682674 24.2618790949819 2.001152381448268 10.134241424928874 5.681828900319097 -3.7920833492923647 -1.6425940538026738 -5.1523720297655355 3.901346999920907
13.346693386773547 13.581474411449879 4.699645598250584 8.174716376288433 6.206792564784447 1.1764555497253326 2.594131514572453 17.121380988014348 23.78032508590927 37.66892038993845 19.74590761798383 22.25892412446348 11.540991104320664 15.917443671048158 3.146132291828633 6.116165058553633 22.749323906657526 10.58596876915191 14.394014512764315 4.780901550363588 8.403205035784875 24.281430616084094 2.020703902550469 10.153792946031075 5.701380421421298 -3.7725318281901634 -1.6230425327004725 -5.132820508663334 3.9208985210231084
13.40681362725451 13.600963049110852 4.719134235911575 8.194205013949407 6.226281202445438 1.1959441873863064 2.6136201522334446 17.14086962567534 23.799813723570253 37.68840902759943 19.76539625564481 22.27841276212446 11.560479741981638 15.93693230870915 3.1656209294896245 6.135653696214624 22.768812544318507 10.605457406812883 14.413503150425289 4.800390188024561 8.422693673445849 24.30091925374508 2.040192540211443 10.173281583692066 5.720869059082272 -3.7530431905291897 -1.6035538950394987 -5.1133318710023605 3.940387158684082
13.46693386773547 13.620389105794235 4.738560292594958 8.213631070632808 6.245707259128821 1.2153702440697067 2.633046208916827 17.160295682358722 23.819239780253643 37.70783508428281 19.7848223123282 22.29783881880785 11.579905798665038 15.956358365392532 3.185046986173007 6.155079752898007 22.788238601001893 10.624883463496284 14.432929207108689 4.819816244707944 8.442119730129232 24.32034531042847 2.0596185968948255 10.192707640375449 5.7402951157656545 -3.7336171338457893 -1.5841278383560984 -5.093905814318978 3.9598132153674825
13.527054108216433 13.639752872611464 4.757924059412186 8.232994837450036 6.26507102594605 1.2347340108869354 2.652409975734056 17.17965944917595 23.83860354707087 37.72719885110004 19.804186079145428 22.31720258562508 11.599269565482267 15.97572213220976 3.2044107529902357 6.174443519715235 22.807602367819122 10.644247230313512 14.452292973925918 4.839180011525173 8.46148349694646 24.339709077245697 2.078982363712072 10.212071407192678 5.759658882582883 -3.7142533670285607 -1.5647640715388698 -5.0745420475017315 3.979176982184711
13.587174348697394 13.659054651080815 4.777225837881538 8.252296615919388 6.284372804415401 1.254035789356287 2.6717117542034075 17.198961227645302 23.857905325540223 37.7465006295694 19.823487857614783 22.336504364094434 11.618571343951619 15.995023910679112 3.2237125314595874 6.193745298184587 22.82690414628847 10.663549008782864 14.47159475239527 4.858481789994524 8.480785275415812 24.35901085571505 2.0982841421814236 10.23137318566203 5.778960661052235 -3.694951588559209 -1.545462293069518 -5.05524026903238 3.998478760654063
13.647294589178356 13.678294736368226 4.796465923168931 8.27153670120678 6.303612889702794 1.27327587464368 2.6909518394908005 17.218201312932695 23.877145410827616 37.76574071485679 19.842727942902176 22.355744449381827 11.637811429239012 16.014263995966505 3.2429526167469804 6.21298538347198 22.846144231575874 10.682789094070257 14.490834837682662 4.877721875281935 8.500025360703205 24.37825094100244 2.1175242274688166 10.250613270949422 5.798200746339646 -3.675711503271816 -1.526222207782125 -5.036000183744987 4.017718845941456
13.707414829659317 13.697473424466917 4.81564461126764 8.29071538930549 6.322791577801503 1.292454562742389 2.7101305275895093 17.237380001031404 23.896324098926325 37.784919402955495 19.861906631000874 22.374923137480526 11.65699011733772 16.033442684065214 3.2621313048456893 6.232164071570689 22.865322919674576 10.701967782168966 14.510013525781371 4.896900563380626 8.519204048801914 24.39742962910115 2.1367029155675077 10.269791959048131 5.817379434438337 -3.656532815173107 -1.5070435196834162 -5.016821495646296 4.036897534040147
13.76753507014028 13.716591010488965 4.834762197289688 8.30983297532752 6.341909163823551 1.3115721487644194 2.7292481136115576 17.256497587053452 23.915441684948362 37.804036988977536 19.881024217022922 22.394040723502574 11.676107703359751 16.052560270087262 3.2812488908677375 6.251281657592737 22.884440505696613 10.721085368190996 14.529131111803402 4.9160181494026745 8.538321634823962 24.416547215123188 2.155820501589556 10.288909545070162 5.836497020460385 -3.6374152291510766 -1.4879259336613857 -4.9977039096242475 4.056015120062195
13.827655310621243 13.735647790531935 4.853818977332658 8.328889755370508 6.360965943866521 1.3306289288073891 2.7483048936545273 17.275554367096422 23.934498464991336 37.82309376902052 19.900080997065892 22.413097503545544 11.69516448340272 16.071617050130232 3.3003056709107073 6.270338437635707 22.90349728573959 10.740142148233984 14.54818789184639 4.935074929445644 8.557378414866932 24.43560399516616 2.1748772816325257 10.30796632511315 5.855553800503355 -3.618358449108107 -1.468869153618416 -4.978647129581278 4.075071900105165
13.887775551102203 13.754644054336573 4.872815241137278 8.347886019175128 6.3799622076711415 1.3496251926120273 2.7673011574591477 17.294550630901043 23.953494728795963 37.84209003282515 19.91907726087052 22.43209376735017 11.714160747207359 16.090613313934853 3.3193019347153454 6.289334701440327 22.92249354954422 10.759138412038604 14.56718415565101 4.954071193250282 8.57637467867157 24.45460025897079 2.193873545437164 10.32696258891777 5.874550064307993 -3.5993621853034687 -1.4498728898137778 -4.95965086577664 4.094068163909803
13.947895791583166 13.77358009884409 4.891751285644812 8.366822063682662 6.398898252178675 1.3685612371195433 2.7862372019666815 17.313486675408576 23.972430773303497 37.86102607733267 19.938013305378046 22.451029811857698 11.733096791714875 16.109549358442386 3.3382379792228614 6.308270745947861 22.941429594051748 10.778074456546138 14.586120200158543 4.973007237757798 8.595310723179086 24.473536303478323 2.21280958994468 10.345898633425303 5.893486108815509 -3.580426140795935 -1.430936845306244 -4.940714821269124 4.113004208417319
14.008016032064127 13.792456209847082 4.9106273966477865 8.385698174685636 6.41777436318165 1.3874373481225355 2.805113312969656 17.33236278641155 23.99130688430647 37.879902188335656 19.956889416381028 22.46990592286068 11.751972902717867 16.12842546944536 3.357114090225836 6.327146856950836 22.96030570505473 10.796950567549112 14.604996311161518 4.9918833487607905 8.614186834182078 24.492412414481297 2.231685700947672 10.364774744428278 5.912362219818501 -3.5615500297929605 -1.4120607343032696 -4.921838710266131 4.131880319420311
14.06813627254509 13.811272684259617 4.929443871060339 8.40451464909819 6.436590837594203 1.4062538225350707 2.823929787382209 17.351179260824104 24.010123358719014 37.898718662748195 19.975705890793574 22.488722397273225 11.770789377130402 16.147241943857914 3.375930564638389 6.3459633313633885 22.979122179467275 10.815767041961665 14.62381278557407 5.010699823173326 8.633003308594613 24.51122888889384 2.2505021753602072 10.38359121884083 5.931178694231036 -3.5427335553804076 -1.3932442598907344 -4.903022235853596 4.1506967938328465
14.128256513026052 13.830029810190645 4.948200996991368 8.423271775029217 6.455347963525231 1.4250109484661166 2.842686913313237 17.369936386755132 24.028880484650053 37.917475788679226 19.994463016724602 22.507479523204253 11.78954650306143 16.165999069788942 3.394687690569417 6.364720457294417 22.9978793053983 10.834524167892694 14.642569911505099 5.029456949104354 8.651760434525642 24.52998601482488 2.2692593012912354 10.402348344771859 5.9499358201620645 -3.5239764294493794 -1.3744871339596885 -4.884265109922568 4.169453919763875
