web/models/kne/50/mosfit_kn_0.007937_0.2493_3.6500.dat
# %ECSV 1.0
# ---
# datatype:
# - {name: time, datatype: float64}
# - {name: PS1_g, datatype: float64}
# - {name: PS1_i, datatype: float64}
# - {name: PS1_r, datatype: float64}
# - {name: PS1_w, datatype: float64}
# - {name: PS1_y, datatype: float64}
# - {name: PS1_z, datatype: float64}
# - {name: swift_uvot_B, datatype: float64}
# - {name: swift_uvot_U, datatype: float64}
# - {name: swift_uvot_uvm2, datatype: float64}
# - {name: swift_uvot_uvw1, datatype: float64}
# - {name: swift_uvot_uvw2, datatype: float64}
# - {name: swift_uvot_V, datatype: float64}
# - {name: johnson_B, datatype: float64}
# - {name: johnson_I, datatype: float64}
# - {name: johnson_R, datatype: float64}
# - {name: johnson_U, datatype: float64}
# - {name: johnson_V, datatype: float64}
# - {name: sdss_g, datatype: float64}
# - {name: sdss_i, datatype: float64}
# - {name: sdss_r, datatype: float64}
# - {name: sdss_u, datatype: float64}
# - {name: sdss_z, datatype: float64}
# - {name: ATLAS_c, datatype: float64}
# - {name: ATLAS_o, datatype: float64}
# - {name: ukirt_H, datatype: float64}
# - {name: ukirt_J, datatype: float64}
# - {name: ukirt_K, datatype: float64}
# - {name: Clear, datatype: float64}
# meta: !!omap
# - comment: [kappa = 3.65, type = rprocess, mass = 0.00793700525986525, velocity = 0.24933333333333338, theta_obs = 0.0, tfloor = 1000.0]
# schema: astropy-2.0
time PS1_g PS1_i PS1_r PS1_w PS1_y PS1_z swift_uvot_B swift_uvot_U swift_uvot_uvm2 swift_uvot_uvw1 swift_uvot_uvw2 swift_uvot_V johnson_B johnson_I johnson_R johnson_U johnson_V sdss_g sdss_i sdss_r sdss_u sdss_z ATLAS_c ATLAS_o ukirt_H ukirt_J ukirt_K Clear
[from data line 174]
10.521042084168336 8.996581591330255 0.11475277813097762 3.5898235561688097 1.6218997446648231 -3.408437270394291 -1.990761305547153 12.536488167894742 19.195432265789655 33.08402756981882 15.161014797864212 17.674031304343863 6.9560982842010395 11.332550850928534 -1.438760528290973 1.5312722384340092 18.164431086537903 6.001075949032287 9.809121692644691 0.19600873024396392 3.8183122156652516 19.69653779596447 -2.5641889175691546 5.568900125911451 1.1164876013016745 -8.357424648309786 -6.207935352820096 -9.717713328782958 -0.6639942990965153
10.581162324649299 9.01026097254018 0.12843215934090324 3.6035029373787353 1.6355791258747487 -3.3947578891843655 -1.9770819243372273 12.550167549104668 19.20911164699958 33.09770695102875 15.174694179074137 17.68771068555379 6.969777665410965 11.346230232138478 -1.4250811470810474 1.5449516196439526 18.17811046774783 6.014755330242212 9.822801073854617 0.20968811145388955 3.831991596875177 19.710217177174396 -2.550509536359229 5.582579507121377 1.1301669825116 -8.34374526709986 -6.19425597161017 -9.704033947573032 -0.6503149178865897
10.64128256513026 9.023859972437567 0.14203115923828946 3.6171019372761393 1.6491781257721527 -3.3811588892869615 -1.963482924439841 12.563766549002054 19.222710646896974 33.111305950926145 15.188293178971524 17.701309685451175 6.983376665308369 11.359829232035864 -1.4114821471836612 1.5585506195413388 18.191709467645232 6.028354330139616 9.83640007375202 0.22328711135127577 3.8455905967725634 19.7238161770718 -2.5369105364618427 5.596178507018781 1.1437659824089863 -8.330146267202457 -6.180656971712766 -9.690434947675646 -0.6367159179892035
10.701402805611222 9.03738247297623 0.15555365977695246 3.6306244378148023 1.6627006263108157 -3.3676363887482985 -1.949960423901178 12.577289049540717 19.236233147435637 33.12482845146481 15.201815679510187 17.714832185989838 6.996899165847032 11.373351732574527 -1.3979596466449982 1.5720731200800018 18.205231968183895 6.041876830678279 9.849922574290684 0.23680961188993876 3.8591130973112264 19.737338677610463 -2.5233880359231797 5.609701007557444 1.1572884829476493 -8.316623766663794 -6.167134471174103 -9.676912447136983 -0.6231934174505227
10.761523046092185 9.050829617118925 0.16900080391963002 3.64407158195748 1.6761477704534933 -3.354189244605621 -1.9365132797585005 12.590736193683394 19.249680291578315 33.138275595607496 15.215262823652882 17.728279330132516 7.01034630998971 11.386798876717204 -1.3845125025023206 1.5855202642226793 18.218679112326573 6.055323974820957 9.863369718433361 0.2502567560326341 3.8725602414539217 19.75078582175314 -2.5099408917804844 5.623148151700121 1.1707356270903446 -8.303176622521116 -6.153687327031426 -9.663465302994288 -0.6097462733078451
10.821643286573146 9.064202534857984 0.18237372165868848 3.6574444996965383 1.6895206881925517 -3.3408163268665625 -1.923140362019442 12.604109111422453 19.263053209317373 33.15164851334655 15.22863574139194 17.741652247871574 7.023719227728768 11.400171794456263 -1.3711395847632621 1.5988931819617378 18.23205203006563 6.068696892560015 9.87674263617242 0.26362967377169255 3.8859331591929624 19.7641587394922 -2.496567974041426 5.63652106943918 1.184108544829403 -8.289803704782058 -6.140314409292367 -9.65009238525523 -0.5963733555687867
10.881763527054108 9.077502244047668 0.19567343084839095 3.670744208886223 1.7028203973822365 -3.327516617676878 -1.9098406528297396 12.617408820612155 19.276352918507065 33.16494822253624 15.241935450581625 17.754951957061277 7.037018936918453 11.413471503645965 -1.3578398755735597 1.6121928911514403 18.245351739255316 6.0819966017497 9.890042345362104 0.27692938296137726 3.899232868382665 19.777458448681884 -2.4832682648517412 5.649820778628865 1.1974082540190878 -8.276503995592373 -6.1270147001026825 -9.636792676065545 -0.583073646379102
10.941883767535069 9.090729890546214 0.20890107734693686 3.683971855384769 1.7160480438808001 -3.314288971178332 -1.8966130063311937 12.630636467110701 19.289580565005615 33.178175869034796 15.255163097080171 17.768179603559823 7.050246583416999 11.426699150144511 -1.3446122290750138 1.6254205376499862 18.258579385753862 6.095224248248264 9.903269991860668 0.29015702945992317 3.912460514881211 19.790686095180448 -2.4700406183531953 5.663048425127428 1.2106359005176337 -8.263276349093827 -6.1137870536041365 -9.623565029566999 -0.5698459998805561
11.002004008016032 9.103886553411424 0.22205774021214708 3.697128518249979 1.7292047067460103 -3.3011323083131217 -1.8834563434659835 12.643793129975911 19.30273722787082 33.191332531899995 15.268319759945381 17.781336266425033 7.063403246282209 11.439855813009721 -1.3314555662098035 1.6385772005151964 18.271736048619072 6.108380911113456 9.91642665472586 0.3033136923251334 3.925617177746421 19.803842758045658 -2.456883955487985 5.676205087992621 1.223792563382844 -8.250119686228617 -6.100630390738926 -9.610408366701789 -0.5566893370153458
11.062124248496994 9.116973236801726 0.23514442360244914 3.710215201640299 1.7422913901363124 -3.2880456249228196 -1.8703696600756814 12.656879813366213 19.315823911261127 33.20441921529031 15.281406443335683 17.794422949815335 7.076489929672511 11.452942496400023 -1.3183688828195015 1.6516638839054985 18.284822732009374 6.121467594503776 9.92951333811618 0.31640037571543544 3.938703861136723 19.81692944143596 -2.443797272097683 5.6892917713829405 1.236879246773146 -8.237033002838297 -6.087543707348624 -9.597321683311486 -0.5436026536250438
11.122244488977955 9.129990975748967 0.24816216254967216 3.723232940587522 1.7553091290835354 -3.275027885975579 -1.8573519211284584 12.669897552313437 19.328841650208357 33.21743695423753 15.294424182282906 17.807440688762558 7.089507668619752 11.465960235347247 -1.3053511438722785 1.6646816228527215 18.297840470956615 6.134485333450999 9.942531077063403 0.32941811466267623 3.951721600083946 19.829947180383183 -2.4307795331504423 5.7023095103301635 1.2498969857203868 -8.224015263891074 -6.0745259684013835 -9.584303944364246 -0.530584914677803
11.182364729458918 9.142940836287785 0.2611120230885078 3.73618280112634 1.7682589896223533 -3.262078025436761 -1.8444020605896227 12.682847412852272 19.341791510747186 33.23038681477636 15.307374042821742 17.820390549301393 7.10245752915857 11.478910095886082 -1.2924012833334428 1.677631483391557 18.310790331495433 6.147435193989817 9.955480937602221 0.3423679752014941 3.9646714606227818 19.842897040922 -2.4178296726116244 5.715259370868981 1.2628468462592046 -8.211065403352256 -6.061576107862566 -9.571354083825428 -0.5176350541389851
11.242484969939879 9.155823821363391 0.27399500816411404 3.749065786201964 1.7811419746979773 -3.249195040361137 -1.8315190755140165 12.695730397927878 19.3546744958228 33.24326979985197 15.320257027897348 17.833273534377 7.115340514234194 11.491793080961688 -1.2795182982578366 1.6905144684671634 18.323673316571057 6.160318179065441 9.968363922677845 0.35525096027710035 3.977554445698388 19.855780025997625 -2.404946687536018 5.728142355944605 1.2757298313348109 -8.198182418276632 -6.048693122786942 -9.558471098749822 -0.5047520690633789
11.302605210420841 9.168640881504526 0.28681206830524886 3.761882846343081 1.7939590348391121 -3.23637798022002 -1.8187020153728817 12.708547458069013 19.367491555963923 33.256086859993104 15.333074088038483 17.846090594518135 7.128157574375311 11.504610141102823 -1.2667012381167018 1.7033315286082982 18.336490376712174 6.173135239206558 9.98118098281898 0.36806802041823516 3.990371505839523 19.86859708613876 -2.3921296273948833 5.74095941608574 1.2885468914759457 -8.185365358135515 -6.0358760626458245 -9.545654038608687 -0.49193500892224407
11.362725450901802 9.18139304762498 0.29956423442568436 3.774635012463534 1.8067112009595476 -3.2236258140995666 -1.8059498492524462 12.721299624189449 19.38024372208437 33.26883902611354 15.345826254158919 17.85884276063857 7.140909740495764 11.517362307223259 -1.2539490719962663 1.7160836947287337 18.349242542832627 6.185887405327011 9.993933148939416 0.38082018653868843 4.003123671959958 19.881349252259195 -2.37937746127443 5.753711582206176 1.301299057596399 -8.172613192015062 -6.023123896525371 -9.532901872488234 -0.4791828428017908
11.422845691382765 9.194081306149648 0.31225249295037116 3.787323270988221 1.8193994594842344 -3.21093755557488 -1.7932615907277594 12.733987882714136 19.392931980609056 33.28152728463823 15.358514512683605 17.871531019163257 7.153597999020451 11.530050565747946 -1.2412608134715795 1.7287719532534205 18.361930801357314 6.198575663851698 10.006621407464102 0.39350844506335747 4.015811930484645 19.894037510783882 -2.366689202749761 5.7663998407308625 1.313987316121068 -8.159924933490375 -6.0104356380006845 -9.520213613963564 -0.46649458427712176
11.482965931863728 9.206706594895788 0.3248777816964932 3.799948559734343 1.8320247482303564 -3.198312266828758 -1.7806363019816374 12.746613171460275 19.405557269355178 33.29415257338436 15.371139801429745 17.884156307909397 7.166223287766573 11.542675854494068 -1.2286355247254397 1.7413972419995425 18.374556090103436 6.21120095259782 10.019246696210224 0.40613373380949724 4.028437219230785 19.906662799530004 -2.3540639140036212 5.7790251294769845 1.3266126048672078 -8.147299644744253 -5.9978103492545625 -9.507588325217425 -0.453869295530982
11.543086172344688 9.21926983734549 0.33744102414621224 3.8125118021840443 1.8445879906800577 -3.1857490243790565 -1.7680730595319183 12.759176413909977 19.418120511804887 33.30671581583406 15.383703043879446 17.896719550359098 7.178786530216274 11.555239096943787 -1.2160722822757384 1.7539604844492616 18.387119332553137 6.223764195047521 10.031809938659926 0.41869697625919855 4.041000461680486 19.919226041979705 -2.34150067155392 5.791588371926686 1.339175847316909 -8.134736402294552 -5.985247106804861 -9.495025082767723 -0.4413060530812807
11.603206412825651 9.23177200182213 0.3499431886228521 3.825013966660702 1.8570901551567154 -3.1732468599024166 -1.7555708950552784 12.771678578386616 19.430622676281537 33.31921798031071 15.396205208356086 17.909221714835738 7.191288694692914 11.567741261420426 -1.2035701177990985 1.7664626489259014 18.399621497029777 6.236266359524179 10.044312103136583 0.4311991407358384 4.053502626157126 19.931728206456363 -2.32899850707728 5.8040905364033435 1.351678011793549 -8.122234237817894 -5.9727449423282035 -9.482522918291084 -0.4288038886046408
11.663326653306612 9.244214010280025 0.3623851970807479 3.8374559751185977 1.8695321636146112 -3.160804851444503 -1.7431288865973826 12.784120586844512 19.443064684739433 33.33165998876861 15.408647216813982 17.921663723293634 7.2037307031508275 11.580183269878322 -1.1911281093412027 1.7789046573837972 18.41206350548769 6.248708367982075 10.05675411159448 0.4436411491937342 4.065944634615022 19.94417021491426 -2.3165564986193843 5.816532544861239 1.3641200202514447 -8.109792229359998 -5.960302933870308 -9.470080909833188 -0.41636188014672726
11.723446893787575 9.256596758458038 0.37476794525876045 3.8498387232966103 1.8819149117926237 -3.1484221032665083 -1.73074613841937 12.796503335022525 19.455447432917445 33.34404273694662 15.421029964991995 17.934046471471646 7.216113451328822 11.592566018056335 -1.1787453611631902 1.7912874055618098 18.424446253665703 6.261091116160087 10.069136859772492 0.45602389737174676 4.078327382793034 19.95655296309227 -2.3041737504413717 5.828915293039252 1.3765027684294573 -8.097409481181986 -5.947920185692295 -9.457698161655175 -0.4039791319687325
11.783567134268537 9.26892116026055 0.3870923470612553 3.862163125099105 1.8942393135951185 -3.1360977014639957 -1.7184217366168753 12.80882773682502 19.46777183471994 33.356367138749114 15.43335436679449 17.94637087327414 7.228437853131335 11.60489041985883 -1.1664209593606953 1.8036118073643046 18.436770655468198 6.273415517962582 10.081461261574987 0.46834829917425935 4.090651784595529 19.968877364894766 -2.291849348638859 5.841239694841747 1.3888271702319699 -8.08508507937949 -5.9355957838898 -9.445373759852663 -0.3916547301662199
11.843687374749498 9.28118809922129 0.3993592860220119 3.874430064059844 1.9065062525558751 -3.123830762503257 -1.7061547976561187 12.821094675785776 19.48003877368069 33.368634077709864 15.445621305755246 17.958637812234898 7.240704792092074 11.617157358819586 -1.1541540203999388 1.8158787463250612 18.449037594428937 6.285682456923321 10.093728200535725 0.4806152381349982 4.102918723556286 19.981144303855523 -2.2795824096781203 5.853506633802503 1.4010941091927087 -8.072818140418752 -5.9233288449290615 -9.433106820891924 -0.37938779120548105
11.90380761523046 9.293398459768216 0.4115696465689389 3.8866404246067887 1.9187166131028022 -3.11162040195633 -1.6939444371091916 12.833305036332703 19.492249134227613 33.380844438256794 15.457831666302173 17.970848172781825 7.252915152639001 11.629367719366513 -1.1419436598530117 1.8280891068719882 18.461247954975864 6.297892817470266 10.10593856108267 0.4928255986819252 4.115129084103213 19.99335466440245 -2.2673720491311933 5.86571699434943 1.4133044697396357 -8.060607779871807 -5.9111184843821345 -9.420896460344997 -0.367177430658554
11.963927855711422 9.305553072189259 0.42372425898998145 3.8987950370278135 1.930871225523827 -3.0994657895352873 -1.681789824688149 12.845459648753746 19.504403746648656 33.39299905067783 15.469986278723216 17.983002785202867 7.265069765060043 11.641522331787538 -1.1297890474319692 1.840243719293013 18.473402567396906 6.3100474298912905 10.118093173503695 0.5049802111029678 4.127283696524255 20.005509276823474 -2.2552174367101507 5.877871606770455 1.4254590821606783 -8.048453167450782 -5.898963871961092 -9.408741847923954 -0.3550228182375115
12.024048096192384 9.317652840477635 0.43582402727835756 3.9108948053161896 1.942970993812203 -3.087366021246911 -1.669690056399773 12.857559417042122 19.516503514937035 33.4050988189662 15.482086047011592 17.995102553491243 7.277169533348419 11.653622100075932 -1.117689279143593 1.8523434875814069 18.485502335685283 6.322147198179667 10.130192941792071 0.5170799793913439 4.1393834648126315 20.01760904511185 -2.2431176684217746 5.889971375058831 1.4375588504490544 -8.036353399162406 -5.886864103672716 -9.396642079635578 -0.34292304994913536
12.084168336673347 9.32969859190587 0.4478697787065933 3.9229405567444253 1.9550167452404388 -3.0753202698186755 -1.6576443049715373 12.869605168470358 19.528549266365268 33.41714457039444 15.494131798439827 18.00714830491948 7.289215284776655 11.66566785150415 -1.1056435277153573 1.8643892390096248 18.49754808711352 6.334192949607902 10.142238693220307 0.5291257308195796 4.151429216240867 20.029654796540086 -2.231071916993539 5.902017126487067 1.4496046018772901 -8.02430764773417 -5.87481835224448 -9.384596328207342 -0.33087729852089964
12.144288577154308 9.34169114812482 0.4598623349255426 3.9349331129633924 1.967009301459406 -3.0633277135997083 -1.645651748752588 12.881597724689307 19.540541822584228 33.4291371266134 15.506124354658777 18.01914086113843 7.301207840995622 11.677660407723117 -1.093650971496408 1.876381795228592 18.509540643332485 6.3461855058268695 10.154231249439274 0.5411182870385289 4.163421772459817 20.041647352759053 -2.2190793607745896 5.914009682706034 1.4615971580962395 -8.012315091515203 -5.862825796025513 -9.372603771988393 -0.31888474230193253
