web/models/kne/50/mosfit_kn_0.500000_0.3277_0.5000.dat
# %ECSV 1.0
# ---
# datatype:
# - {name: time, datatype: float64}
# - {name: PS1_g, datatype: float64}
# - {name: PS1_i, datatype: float64}
# - {name: PS1_r, datatype: float64}
# - {name: PS1_w, datatype: float64}
# - {name: PS1_y, datatype: float64}
# - {name: PS1_z, datatype: float64}
# - {name: swift_uvot_B, datatype: float64}
# - {name: swift_uvot_U, datatype: float64}
# - {name: swift_uvot_uvm2, datatype: float64}
# - {name: swift_uvot_uvw1, datatype: float64}
# - {name: swift_uvot_uvw2, datatype: float64}
# - {name: swift_uvot_V, datatype: float64}
# - {name: johnson_B, datatype: float64}
# - {name: johnson_I, datatype: float64}
# - {name: johnson_R, datatype: float64}
# - {name: johnson_U, datatype: float64}
# - {name: johnson_V, datatype: float64}
# - {name: sdss_g, datatype: float64}
# - {name: sdss_i, datatype: float64}
# - {name: sdss_r, datatype: float64}
# - {name: sdss_u, datatype: float64}
# - {name: sdss_z, datatype: float64}
# - {name: ATLAS_c, datatype: float64}
# - {name: ATLAS_o, datatype: float64}
# - {name: ukirt_H, datatype: float64}
# - {name: ukirt_J, datatype: float64}
# - {name: ukirt_K, datatype: float64}
# - {name: Clear, datatype: float64}
# meta: !!omap
# - comment: [kappa = 0.5, type = rprocess, mass = 0.5000000000045836, velocity = 0.32766666666666666, theta_obs = 0.0, tfloor = 1000.0]
# schema: astropy-2.0
time PS1_g PS1_i PS1_r PS1_w PS1_y PS1_z swift_uvot_B swift_uvot_U swift_uvot_uvm2 swift_uvot_uvw1 swift_uvot_uvw2 swift_uvot_V johnson_B johnson_I johnson_R johnson_U johnson_V sdss_g sdss_i sdss_r sdss_u sdss_z ATLAS_c ATLAS_o ukirt_H ukirt_J ukirt_K Clear
0.06012024048096192 -13.251932662363899 -12.689775383989641 -12.959062274166708 -13.037971097016463 -12.287965869065953 -12.460561985394243 -13.230996157472916 -14.518583186322243 -15.142606812838316 -14.977574607527284 -15.040151870526607 -13.118414779437366 -13.239417119258675 -13.028411382302735 -13.111488214733715 -14.24390100642449 -13.124297114574686 -13.284479465883017 -12.70612694624731 -12.961374938910168 -13.491493444002707 -12.421288898869296 -13.164431625144193 -12.86950376868269 -11.323835930310755 -11.866009540049765 -10.807236788973123 -12.957982934685663
0.12024048096192384 -14.183348734639125 -13.753267698091669 -13.973539648449371 -14.022967991705606 -13.397461683546545 -13.552543577961202 -14.122719930400518 -15.295991489456036 -15.590793993524152 -15.526567825558448 -15.38530441335919 -14.095952848340644 -14.133234297614607 -14.10477262519792 -14.136986508760867 -15.0442889268808 -14.103676623536357 -14.20437556701387 -13.76839528870656 -13.97597406828412 -14.286764480489431 -13.517479163910089 -14.122831532091507 -13.902293291830894 -12.495257748813218 -13.00883772364539 -11.998215434975668 -13.950511026166517
0.18036072144288576 -14.736342068983799 -14.389328165637831 -14.578738092143002 -14.610981167058537 -14.062424000319034 -14.206511195442104 -14.650444323652884 -15.751884907601124 -15.843801446365585 -15.846101877331176 -15.580247454236535 -14.677704263167623 -14.662407154427374 -14.748948579888854 -14.749232447650027 -15.514489316232176 -14.686687111201396 -14.750095256901972 -14.403683737985666 -14.581208157840049 -14.753630179723878 -14.174111399945772 -14.693217297947072 -14.519224938629609 -13.19885232937368 -13.6946609191334 -12.713894949370077 -14.54386536814356
0.24048096192384769 -15.126765047623785 -14.842176898554893 -15.00835788577561 -15.02838937640174 -14.537016355552339 -14.672833651911557 -15.02174616724351 -16.069352276146773 -16.011209521900728 -16.06474772113593 -15.707598796862857 -15.089592659511421 -15.034866132112906 -15.207916388682332 -15.184212214229095 -15.842606980450526 -15.09957475208587 -15.135043812575333 -14.855950400431635 -15.010833197887834 -15.079188470430935 -14.642449620431535 -15.096920919253893 -14.957779985175694 -13.702405313053275 -14.184920681995619 -13.226456860689238 -14.965598250074628
0.3006012024048096 -15.433704723186619 -15.197954402219391 -15.345935431749691 -15.356838265983459 -14.909831927722 -15.039169076506465 -15.31365572236836 -16.319264293786837 -16.145197259745622 -16.23946519723699 -15.812419228340108 -15.413231665116715 -15.327722616916603 -15.568496190737637 -15.526022896016968 -16.10078343475329 -15.42402789073934 -15.437697645238195 -15.211271148994356 -15.348401670823897 -15.335332616493229 -15.010371487154792 -15.414375113601544 -15.302421032309024 -14.097864770856264 -14.570002051060358 -13.62893294753986 -15.297617201891427
0.3607214428857715 -15.691926525427409 -15.494864094259189 -15.628408497531492 -15.632346102818904 -15.220261068254839 -15.344455937437065 -15.559929823941882 -16.532353875358297 -16.267367067857123 -16.394266906444503 -15.912844991641663 -15.68462137150502 -15.574773101612184 -15.869220798676242 -15.811874916194324 -16.32037554820154 -15.696083008488165 -15.692523174007516 -15.507818051656415 -15.630859204909484 -15.553296821049365 -15.316921598153339 -15.68100352368928 -15.590536359627674 -14.426236154891201 -14.890159221121129 -13.962848307504244 -15.576069704836346
0.42084168336673344 -15.919691102185496 -15.753154954857038 -15.875295405509586 -15.873903814603487 -15.489235624468769 -15.609366399247264 -15.77824266634017 -16.724539455445342 -16.388374543969885 -16.541238222859942 -16.017548627783537 -15.922737039405874 -15.793715062779818 -16.130528981635035 -16.061444270296683 -16.517663537989506 -15.934736628740234 -15.91760752845147 -15.765822014045607 -15.877728588524231 -15.74928941498479 -15.58283316481365 -15.915449378814923 -15.841904947944379 -14.709376158811956 -15.166819377121783 -14.250356034781964 -15.82002365203671
0.48096192384769537 -16.127690778105865 -15.984807810907977 -16.098103751924597 -16.09268412211689 -15.72917761127739 -15.846154844459903 -15.978904342285471 -16.904992248415702 -16.514010457676193 -16.68711821476588 -16.131070638430053 -16.138733225812977 -15.994874296714364 -16.36452440082498 -16.286341156401846 -16.70205250074747 -16.151157543344002 -16.12353030408345 -15.997252159698725 -16.100520131240756 -15.932668153152143 -15.820400077068388 -16.128655176117146 -16.068204166759017 -14.960301668092782 -15.412723638280745 -14.50466280688614 -16.040704815288915
0.5410821643286573 -16.322780670106436 -16.197549297869624 -16.30424005419563 -16.295872110951795 -15.94811162474663 -16.06273272373672 -16.168510160499185 -17.079537639088276 -16.647835859221342 -16.836121090675977 -16.256151890297964 -16.33977684700587 -16.184857194635946 -16.57901677937038 -16.494041856486483 -16.87952535528287 -16.352522645841315 -16.31707024004223 -16.209827205435783 -16.30664204617169 -16.109383466158143 -16.037560526167027 -16.327646804381253 -16.276956080154577 -15.18743758836617 -15.636111634698313 -14.734320734967701 -16.245336457440267
0.6012024048096192 -16.509058269282253 -16.39626412921933 -16.49829837740935 -16.487882691051396 -16.151193228801084 -16.264152725163363 -16.350919691050844 -17.251346484770433 -16.791049000472874 -16.990063562419202 -16.393356202343487 -16.530242277012725 -16.367535385825057 -16.778966707921843 -16.689205443782306 -17.05339174498236 -16.54321692060188 -16.502255746329375 -16.40842463736412 -16.500689279269825 -16.282714242613654 -16.239391857147876 -16.516682055380407 -16.472862770265024 -15.39630128931449 -15.842333998293103 -14.944960907998118 -16.438377111177616
0.6613226452905812 -16.689659311165315 -16.58460637900051 -16.68374124480417 -16.67206336833548 -16.342254977107018 -16.454179617101303 -16.529111505414928 -17.4229447523264 -16.944888153474057 -17.150595499300696 -16.543518974054304 -16.71344692266396 -16.545895664375315 -16.96807831484347 -16.875337510085135 -17.226268527680563 -16.726564980044426 -16.682177049422968 -16.59669376194131 -16.68612484482887 -16.455256879097977 -16.429675131476795 -16.699003070921954 -16.65945837462397 -15.590963329459765 -16.035351720110995 -15.140728488997206 -16.623204304588572
0.721442885771543 -16.86672852461701 -16.76516920579342 -16.862995307197597 -16.850750912260022 -16.52404550483867 -16.635502949917544 -16.70509301940306 -17.595951742461278 -17.10989030654446 -17.318621762040856 -16.706877980859204 -16.891690389947833 -16.7219535194581 -17.148988506723956 -17.05490292577074 -17.399851973291806 -16.90487341573355 -16.858939497853243 -16.777223573787587 -16.865375511401766 -16.62868933181377 -16.611114261630195 -16.8768494019114 -16.839233240790747 -15.774379036474336 -16.218025263242417 -15.324643090342105 -16.80218497218892
0.781563126252505 -17.041566899788396 -16.939704984041075 -17.037644449862626 -17.02544904704464 -16.69847493696798 -16.809972851868018 -16.880025615048073 -17.77114194612876 -17.285773601620406 -17.49424303633532 -16.882903201947602 -17.066427076517716 -16.896879495163745 -17.32349419438772 -17.229525092965876 -17.574992260936295 -17.079604469061188 -17.033804443219065 -16.95176221193517 -17.04002495066817 -16.803842702330698 -16.785574131606857 -17.05162044563531 -17.01383726028805 -15.948667695661772 -16.39237820655005 -15.498888538977551 -16.97685768504913
0.8416833667334669 -17.215203516398567 -17.10960150931804 -17.208942052166805 -17.197353388595218 -16.86705717750611 -16.979055235053604 -17.054826635985744 -17.94912744000518 -17.472329481033654 -17.67756174778418 -17.071219452796193 -17.23880653318463 -17.071598814486645 -17.493018860121474 -17.400489401465162 -17.752360586030022 -17.25191439368396 -17.207769467587646 -17.121694080299612 -17.211326180209703 -16.981372657425382 -16.954532555305377 -17.224425190663926 -17.184577362099684 -16.11551012890908 -16.560015157232932 -15.665196877565036 -17.148448332333466
0.9018036072144289 -17.388213701086705 -17.275801050007544 -17.37769243508712 -17.367214325260942 -17.030864139648134 -17.143772649576494 -17.229956425071215 -18.13005820483676 -17.668884838650726 -17.86822896112655 -17.27100972281495 -17.409526069081284 -17.24658039943201 -17.658541531915645 -17.568633442725254 -17.932166509227258 -17.422507762587443 -17.381377680311658 -17.287957955481783 -17.38008298429275 -17.161472553824435 -17.119024409624046 -17.39592218417746 -17.35231359424594 -16.27614959803306 -16.7221012800948 -15.82486370096868 -17.31774050928104
0.9619238476953907 -17.56078230584375 -17.438876517289454 -17.544322378946795 -17.53540449164456 -17.19060618096295 -17.30478310718148 -17.405477838769922 -18.313669926499276 -17.874314269985025 -18.06546556401644 -17.48101126555982 -17.578898843873116 -17.42189646889859 -17.820674134044705 -17.73441947367199 -18.114208224122567 -17.591705644335317 -17.554779861353236 -17.451123043757644 -17.546721482846497 -17.343923267228547 -17.27972082505083 -17.566385118171244 -17.517532198612074 -16.431477955735755 -16.879445788431813 -15.978836149692517 -17.485143225943194
1.0220440881763526 -17.733441563550887 -17.599575431987677 -17.709497815875075 -17.70256595844163 -17.347107789486795 -17.462881758397355 -17.581854579441167 -18.500247036268505 -18.08844460624933 -18.269297963846096 -17.701006423840656 -17.747526792506687 -17.598016537328633 -17.98018612292766 -17.898533728877936 -18.29880377065357 -17.76011484594912 -17.728489338248252 -17.611934784762884 -17.711907043676387 -17.529032840523104 -17.437424404869724 -17.73639728709707 -17.680933219700847 -16.58242095723224 -17.03292850543102 -16.128070516014713 -17.651321421919715
1.0821643286573146 -17.906016374664038 -17.758089472070342 -17.873272079584854 -17.86870398767128 -17.500690816279718 -17.618340874494454 -17.758795767930106 -18.6891904674631 -18.309873807877096 -18.478655531437465 -17.929479140778056 -17.915355373469374 -17.7746588788928 -18.137306175250167 -18.06106336971314 -18.485412630734885 -17.92768853872356 -17.902298796440306 -17.770581343436582 -17.87569227953295 -17.716244180067626 -17.59241989530903 -17.905868455865193 -17.842626735238678 -16.729472048179957 -17.182964850450997 -16.273112333982592 -17.816316099175964
1.1422845691382766 -18.078273312966786 -17.914523531173288 -18.035622468574903 -18.033751773868403 -17.65158015712668 -17.77133965307227 -17.93596109781734 -18.879875622419426 -18.53723811932426 -18.692480917640832 -18.16496159734408 -18.08226234077865 -17.951491648268924 -18.292173301558716 -18.22201690640502 -18.67346418207107 -18.09431160413048 -18.07594508309478 -17.927164373689966 -18.038053818883455 -17.904971346347338 -17.74489799533775 -18.07464355288328 -18.002642406729983 -16.87301418277904 -17.329865929840587 -16.41439249717608 -17.980093531249093
1.2024048096192383 -18.25043018445495 -18.069267663970106 -18.196873668472282 -18.19801714554414 -17.800227437839684 -17.92230626539384 -18.11351309774744 -19.072322118487914 -18.7702002517022 -18.91060039446101 -18.407092090653418 -18.248520823198746 -18.12868223239969 -18.445195151680924 -18.381735452019605 -18.86300457740391 -18.260261229352444 -18.249630847028424 -18.08207226044564 -18.199315831214466 -18.09525231775801 -17.89529286874476 -18.242981897920938 -18.161332561090564 -17.013579555286103 -17.47412750358759 -16.552467305944877 -18.142980839030862
1.2625250501002003 -18.422102302934604 -18.222253248550704 -18.35683809603612 -18.36126951034453 -17.94667569663428 -18.071241255841883 -18.290967350520468 -19.265778987768787 -19.00731427324271 -19.13185331376127 -18.654318036751597 -18.413850517740872 -18.305753926202243 -18.596334836822567 -18.540060366285804 -19.053333629105264 -18.425263616489037 -18.422943603148187 -18.23523336695864 -18.35929017081078 -18.286372677844867 -18.043615724436908 -18.410571507309328 -18.318558155577538 -17.151358111184326 -17.615872726005026 -16.68757128668131 -18.304777567293993
1.3226452905811623 -18.592950547649334 -18.37341736925694 -18.515349025419585 -18.52330347784525 -18.090959320422133 -18.218141998266262 -18.467897643773743 -19.459586458486715 -19.247310262309124 -19.355218645374652 -18.90527072349006 -18.578003836795595 -18.48228714295614 -18.745557087389415 -18.696850087997927 -19.243836166792747 -18.589076771531637 -18.595519918753816 -18.386582150148527 -18.517809657952142 -18.477704867597833 -18.189873207470022 -18.577136501229905 -18.474194657808543 -17.286512152467473 -17.75520573631967 -16.81990557137256 -18.465304204964337
1.3827655310621243 -18.7630449348811 -18.522969333792254 -18.672563283040287 -18.684259472093547 -18.23333670595172 -18.363248231772094 -18.644329454661623 -19.653652829481576 -19.489800472486326 -19.58043986619769 -19.159528335702646 -18.741096338288774 -18.658310997193958 -18.893085222713985 -18.852274400297688 -19.434442529601654 -18.751819301207174 -18.767417505088968 -18.53632658584157 -18.675030797980234 -18.669172733750905 -18.334309779762634 -18.74277971566986 -18.628420670159613 -17.419364053215155 -17.892419962293946 -16.949811705440535 -18.62471560298342
1.442885771543086 -18.932009969275274 -18.670779625874427 -18.828259279781552 -18.84387808600188 -18.373764374284356 -18.50648378060251 -18.819810052325423 -19.84731567922095 -19.73356835626174 -19.806519679089725 -19.415769002968663 -18.902834943095456 -18.83337831526964 -19.038814136504662 -19.00613375991797 -19.624530693652062 -18.91320283563466 -18.93823918462589 -18.684334836098095 -18.830731709311 -18.860143395902895 -18.47685740137143 -18.907181039216816 -18.781051525866257 -17.549983404918038 -18.027533521091463 -17.077393713610057 -18.7827739465812
1.503006012024048 -19.099638410244406 -18.816822643687008 -18.98234357519094 -19.002037236213685 -18.512279953332804 -18.647862263346102 -18.994075125303198 -20.040155140482767 -19.977782750815493 -20.032789594710376 -19.67308008411671 -19.063073527610978 -19.007228812686087 -19.18273616866098 -19.15835090922692 -19.813710836306228 -19.073084665621543 -19.107761674842543 -18.830579591716496 -18.984818761749267 -19.050219023941413 -18.617535653809796 -19.070173957375793 -18.932020881529326 -17.678490745136216 -18.16062922040958 -17.202797358983318 -18.939372802348267
1.56312625250501 -19.265702681406154 -18.961042932947976 -19.134696628931103 -19.158588201261484 -18.648887617002146 -18.787365223561245 -19.166843254119208 -20.231741431538524 -20.221616781326887 -20.258575144735875 -19.93054704028824 -19.221642945538495 -19.179584684177357 -19.324812758557545 -19.308821436176206 -20.00158205322232 -19.231298721318538 -19.275742188111842 -18.975003790021923 -19.137172300120024 -19.238991242301093 -18.75633166896021 -19.23156891790475 -19.081234499102386 -17.80496851034165 -18.291753830651682 -17.326128979296072 -19.094377394835256
1.6232464929859718 -19.43011811227011 -19.103476178984664 -19.28530948953835 -19.313500722085735 -18.783664410698737 -18.925054030209694 -19.337992092019764 -20.42184756671155 -20.464562359089577 -20.483475709358192 -20.18759575650423 -19.37849969509995 -19.350326017312675 -19.465091310037305 -19.457546854598686 -20.187937830089357 -19.38780357613451 -19.442085382363654 -19.117641999691983 -19.287783324056633 -19.426248329339604 -18.893310673286887 -19.391307623138356 -19.228700920477237 -17.92954785313151 -18.421013856027493 -17.447536236362847 -19.247766841276235
1.6833667334669338 -19.592685213837395 -19.24406241893985 -19.43407056577943 -19.466636383417786 -18.91659823827947 -19.06089843906612 -19.50727885192424 -20.610108860263416 -20.70592063835653 -20.70691372109758 -20.443439913370426 -19.53349246608375 -19.519212643193104 -19.603525382280964 -19.604427516365554 -20.372437562844905 -19.54245016774443 -19.606579417056764 -19.25843296931502 -19.436540249553058 -19.611643800322103 -19.028446854766372 -19.549220535166256 -19.374328482654963 -18.05227960793111 -18.548431375353882 -17.567089318305854 -19.399412658008686
