web/models/kne/50/mosfit_kn_0.006452_0.1553_0.5000.dat
# %ECSV 1.0
# ---
# datatype:
# - {name: time, datatype: float64}
# - {name: PS1_g, datatype: float64}
# - {name: PS1_i, datatype: float64}
# - {name: PS1_r, datatype: float64}
# - {name: PS1_w, datatype: float64}
# - {name: PS1_y, datatype: float64}
# - {name: PS1_z, datatype: float64}
# - {name: swift_uvot_B, datatype: float64}
# - {name: swift_uvot_U, datatype: float64}
# - {name: swift_uvot_uvm2, datatype: float64}
# - {name: swift_uvot_uvw1, datatype: float64}
# - {name: swift_uvot_uvw2, datatype: float64}
# - {name: swift_uvot_V, datatype: float64}
# - {name: johnson_B, datatype: float64}
# - {name: johnson_I, datatype: float64}
# - {name: johnson_R, datatype: float64}
# - {name: johnson_U, datatype: float64}
# - {name: johnson_V, datatype: float64}
# - {name: sdss_g, datatype: float64}
# - {name: sdss_i, datatype: float64}
# - {name: sdss_r, datatype: float64}
# - {name: sdss_u, datatype: float64}
# - {name: sdss_z, datatype: float64}
# - {name: ATLAS_c, datatype: float64}
# - {name: ATLAS_o, datatype: float64}
# - {name: ukirt_H, datatype: float64}
# - {name: ukirt_J, datatype: float64}
# - {name: ukirt_K, datatype: float64}
# - {name: Clear, datatype: float64}
# meta: !!omap
# - comment: [kappa = 0.5, type = rprocess, mass = 0.006451950121499907, velocity = 0.15533333333333332, theta_obs = 0.0, tfloor = 1000.0]
# schema: astropy-2.0
time PS1_g PS1_i PS1_r PS1_w PS1_y PS1_z swift_uvot_B swift_uvot_U swift_uvot_uvm2 swift_uvot_uvw1 swift_uvot_uvw2 swift_uvot_V johnson_B johnson_I johnson_R johnson_U johnson_V sdss_g sdss_i sdss_r sdss_u sdss_z ATLAS_c ATLAS_o ukirt_H ukirt_J ukirt_K Clear
[from data line 438]
26.392785571142284 10.725660692001231 1.8438318788019536 5.318902656839786 3.350978845335817 -1.679358169723315 -0.2616822048761769 14.265567268565718 20.924511366460628 34.8131066704898 16.890093898535188 19.40311040501484 8.685177384872016 13.061629951599528 0.290318572380003 3.2603513391050027 19.89351018720888 7.730155049703263 11.538200793315667 1.92508783091494 5.547391316336228 21.425616896635454 -0.8351098168981785 7.297979226582427 2.8455667019726505 -6.628345547638811 -4.47885625214912 -7.988634228111982 1.0650848015744607
26.452905811623246 10.731473787047463 1.8496449738481857 5.3247157518860355 3.356791940382049 -1.6735450746770653 -0.2558691098299448 14.27138036361195 20.93032446150687 34.818919765536045 16.89590699358142 19.40892350006107 8.690990479918266 13.06744304664576 0.2961316674262351 3.266164434151235 19.899323282255118 7.7359681447495126 11.544013888361917 1.930900925961172 5.55320441138246 21.431429991681696 -0.8292967218519465 7.303792321628677 2.8513797970188826 -6.622532452592561 -4.47304315710287 -7.98282113306575 1.0708978966206928
26.51302605210421 10.737282491768791 1.8554536785695142 5.330524456607364 3.3626006451033774 -1.6677363699557546 -0.2500604051086164 14.277189068333278 20.9361331662282 34.82472847025737 16.90171569830275 19.4147322047824 8.696799184639577 13.073251751367089 0.30194037214756353 3.2719731388725632 19.90513198697645 7.741776849470841 11.549822593083245 1.9367096306825005 5.559013116103788 21.437238696403014 -0.823488017130618 7.3096010263500055 2.857188501740211 -6.616723747871233 -4.4672344523815415 -7.9770124283444215 1.0767066013420212
26.573146292585168 10.743086823717611 1.861258010518334 5.336328788556166 3.3684049770521796 -1.6619320380069347 -0.24425607315979647 14.282993400282098 20.941937498177012 34.830532802206186 16.90752003025157 19.42053653673122 8.702603516588397 13.079056083315908 0.30774470409638344 3.277777470821383 19.91093631892526 7.747581181419643 11.555626925032048 1.9425139626313204 5.564817448052608 21.443043028351838 -0.8176836851817981 7.315405358298808 2.862992833689031 -6.610919415922431 -4.461430120432739 -7.971208096395602 1.0825109332908411
26.63326653306613 10.74888681769929 1.867058004500013 5.342128782537863 3.374204971033876 -1.6561320440252558 -0.23845607917811762 14.288793394263777 20.947737492158687 34.83633279618787 16.913320024233247 19.4263365307129 8.708403510570076 13.084856077297587 0.3135446980780623 3.283577464803062 19.91673631290695 7.75338117540134 11.561426919013744 1.9483139566129992 5.570617442034287 21.448843022333513 -0.8118836912001193 7.321205352280504 2.8687928276707098 -6.605119421940734 -4.4556301264510605 -7.965408102413923 1.08831092727252
26.693386773547093 10.754682483327418 1.8728536701281406 5.34792444816599 3.380000636662004 -1.650336378397128 -0.2326604135499899 14.294589059891905 20.953533157786826 34.842128461815996 16.919115689861375 19.432132196341026 8.714199176198203 13.090651742925715 0.31934036370619 3.2893731304311897 19.922531978535076 7.7591768410294675 11.567222584641872 1.954109622241127 5.576413107662415 21.45463868796165 -0.8060880255719916 7.327001017908632 2.8745884932988375 -6.599323756312606 -4.449834460822915 -7.959612436785795 1.0941065929006477
26.753507014028056 10.760473848387857 1.8786450351885797 5.3537158132264295 3.385792001722443 -1.6445450133366712 -0.2268690484895508 14.300380424952344 20.959324522847265 34.847919826876435 16.924907054921814 19.437923561401472 8.71999054125866 13.096443107986154 0.3251317287666291 3.295164495491629 19.928323343595515 7.764968206089907 11.573013949702311 1.959900987301566 5.582204472722854 21.46043005302209 -0.8002966605115525 7.332792382969071 2.8803798583592766 -6.593532391252167 -4.444043095762476 -7.953821071725356 1.0998979579611046
26.81362725450902 10.766260936645633 1.8844321234463557 5.3595029014842055 3.391579089980219 -1.6387579250788953 -0.22108196023177484 14.30616751321012 20.96511161110504 34.85370691513421 16.93069414317959 19.44371064965925 8.725777629516436 13.10223019624393 0.33091881702440507 3.300951583749405 19.93411043185329 7.7707552943476825 11.578801037960087 1.9656880755593598 5.58799156098063 21.466217141279866 -0.7945095722537587 7.338579471226847 2.8861669466170525 -6.587745302994391 -4.4382560075047 -7.948033983467562 1.1056850462188805
26.873747494989978 10.77204377080962 1.8902149576103433 5.365285735648175 3.3973619241442066 -1.6329750909149254 -0.21529912606778723 14.311950347374108 20.970894445269018 34.85948974929819 16.936476977343577 19.44949348382323 8.731560463680406 13.108013030407918 0.3367016511883927 3.3067344179133924 19.93989326601727 7.776538128511652 11.584583872124057 1.9714709097233296 5.593774395144617 21.471999975443843 -0.7887267380897889 7.344362305390817 2.89194978078104 -6.5819624688304215 -4.43247317334073 -7.942251149303592 1.1114678803828504
26.93386773547094 10.7778223675958 1.8959935543965223 5.371064332434354 3.4031405209303855 -1.6271964941287465 -0.20952052928160825 14.317728944160287 20.976673042055197 34.86526834608438 16.942255574129756 19.455272080609408 8.737339060466585 13.113791627194097 0.34248024797457166 3.3125130146995714 19.945671862803458 7.782316725297831 11.590362468910254 1.9772495065095086 5.599552991930796 21.477778572230022 -0.7829481413036099 7.350140902177014 2.897728377567219 -6.5761838720442425 -4.426694576554551 -7.936472552517413 1.1172464771690294
26.993987975951903 10.783596752630977 1.9017679394317 5.376838717469532 3.4089149059655632 -1.6214221090935688 -0.20374614424643056 14.323503329195464 20.982447427090378 34.87104273111956 16.948029959164934 19.461046465644586 8.743113445501763 13.119566012229274 0.34825463300974935 3.318287399734749 19.951446247838632 7.788091110333027 11.596136853945431 1.9830238915446863 5.605327376965974 21.483552957265204 -0.7771737562684322 7.355915287212191 2.903502762602397 -6.570409487009047 -4.420920191519373 -7.930698167482236 1.123020862204207
27.054108216432866 10.789366940921994 1.9075381277226988 5.382608905760549 3.414685094256562 -1.6156519208025522 -0.19797595595543171 14.329273517486463 20.988217615381384 34.87681291941056 16.95380014745595 19.46681665393559 8.74888363379278 13.125336200520273 0.3540248213007482 3.324057588025748 19.95721643612964 7.793861298624026 11.60190704223643 1.9887940798357029 5.6110975652569905 21.48932314555621 -0.7714035679774156 7.36168547550319 2.9092729508934134 -6.564639298718048 -4.415150003228357 -7.924927979191219 1.1287910504952237
27.11422845691383 10.795132957654463 1.913304144455168 5.388374922493018 3.420451110989031 -1.609885904070083 -0.1922099392229626 14.335039534218932 20.993983632113853 34.88257893614303 16.959566164188402 19.472582670668064 8.754649650525248 13.131102217252742 0.3597908380332173 3.329823604758217 19.9629824528621 7.799627315356495 11.6076730589689 1.994560096568172 5.616863581989442 21.49508916228868 -0.7656375512449465 7.367451492235659 2.9150389676258825 -6.558873281985579 -4.409383986495888 -7.91916196245875 1.1345570672276928
27.174348697394787 10.800894818401243 1.919066005201966 5.394136783239816 3.426212971735829 -1.604124043323285 -0.18644807847616462 14.34080139496573 20.99974549286065 34.88834079688982 16.9653280249352 19.47834453141485 8.760411511272046 13.13686407799954 0.3655526987800153 3.335585465505015 19.9687443136089 7.805389176103293 11.613434919715697 2.000321957314952 5.62262544273624 21.500851023035477 -0.7598756904981663 7.373213352982457 2.9208008283726627 -6.553111421238781 -4.40362212574909 -7.91340010171197 1.140318927974473
27.23446893787575 10.806652541382373 1.924823728183096 5.399894506220928 3.4319706947169415 -1.5983663203421727 -0.18069035549503454 14.34655911794686 21.00550321584177 34.894098519870944 16.97108574791633 19.484102254395975 8.766169234253159 13.142621800980653 0.37131042176114537 3.3413431884861273 19.97450203659002 7.811146899084405 11.61919264269681 2.0060796802960823 5.62838316571737 21.506608746016596 -0.7541179675170362 7.37897107596357 2.926558551353793 -6.547353698257669 -4.397864402767977 -7.90764237873084 1.146076650955603
27.294589178356713 10.812406143953233 1.9305773307539553 5.405648108791805 3.4377242972878186 -1.5926127177713134 -0.1749367529241752 14.35231272051772 21.011256818412633 34.899852122441814 16.97683935048719 19.48985585696684 8.771922836824018 13.14837540355153 0.3770640243320047 3.3470967910570044 19.980255639160887 7.816900501655282 11.624946245267687 2.0118332828669416 5.634136768288229 21.51236234858746 -0.7483643649461769 7.384724678534447 2.932312153924652 -6.541600095686792 -4.392110800197118 -7.90188877615998 1.1518302535264624
27.354709418837675 10.818155646376457 1.93632683317718 5.41139761121503 3.443473799711043 -1.5868632153480888 -0.16918725050095063 14.358062222940944 21.017006320835865 34.905601624865035 16.982588852910414 19.495605359390066 8.777672339247243 13.154124905974754 0.3828135267552293 3.352846293480229 19.986005141584116 7.822650004078507 11.630695747690911 2.017582785290166 5.639886270711454 21.51811185101069 -0.7426148625229523 7.390474180957671 2.9380616563478767 -6.535850593263567 -4.386361297773876 -7.896139273736756 1.157579755949687
27.414829659318634 10.823901066763888 1.942072253564593 5.417143031602443 3.449219220098456 -1.581117794960658 -0.16344183011353763 14.363807643328357 21.022751741223278 34.91134704525245 16.988334273297827 19.501350779777486 8.783417759634673 13.159870326362167 0.3885589471426423 3.358591713867642 19.99175056197153 7.82839542446592 11.636441168078324 2.023328205677597 5.645631691098867 21.523857271398104 -0.7368694421355215 7.396219601345084 2.9438070767353075 -6.530105172876154 -4.380615877386463 -7.890393853349325 1.1633251763371177
27.474949899799597 10.829642418351053 1.947813605151758 5.422884383189608 3.4549605716856213 -1.575376443373493 -0.15770047852637248 14.36954899491554 21.028493092810443 34.917088396839624 16.99407562488501 19.507092131364654 8.789159111221839 13.165611677949332 0.3943002987298252 3.364333065454807 19.9974919135587 7.834136776053085 11.64218251966549 2.029069557264762 5.65137304268605 21.52959862298527 -0.7311280905483564 7.401960952932249 2.9495484283224727 -6.524363821288989 -4.374874525799298 -7.88465250176216 1.169066527924283
27.53507014028056 10.835379717152254 1.9535509039529764 5.428621681990808 3.4606978704868396 -1.5696391445722924 -0.15196317972515416 14.37528629371674 21.03423039161165 34.92282569564083 16.99981292368621 19.512829430165862 8.79489641002304 13.17134897675055 0.40003759753102575 3.3700703642560255 20.003229212359912 7.839874074854303 11.647919818466708 2.0348068560659627 5.65711034148725 21.535335921786476 -0.7253907917471558 7.407698251733468 2.955285727123673 -6.518626522487771 -4.369137226998097 -7.878915202960959 1.1748038267254834
27.595190380761522 10.841112988748591 1.959284175549314 5.434354953587164 3.4664311420831773 -1.5639058729759547 -0.14622990812881653 14.381019565313078 21.039963663207992 34.92855896723717 17.005546195282548 19.5185627017622 8.800629681619377 13.177082248346888 0.4057708691273634 3.375803635852363 20.008962483956246 7.845607346450641 11.653653090063045 2.0405401276623003 5.662843613083588 21.541069193382818 -0.7196575201508182 7.413431523329805 2.961018998720011 -6.512893250891433 -4.363403955401759 -7.873181931364622 1.180537098321821
27.655310621242485 10.846842242434587 1.9650134292353094 5.440084207273159 3.4721603957691727 -1.5581766192899416 -0.14050065444282112 14.386748818999074 21.045692916893994 34.934288220923165 17.011275448968544 19.524291955448202 8.80635893530539 13.182811502032884 0.4115001228133588 3.3815328895383585 20.014691737642245 7.851336600136636 11.65938234374904 2.0462693813483135 5.668572866769583 21.54679844706882 -0.713928266464805 7.419160777015801 2.9667482524060063 -6.507163997205438 -4.357674701715746 -7.8674526776786085 1.1862663520078343
27.715430861723444 10.852567488755316 1.9707386755560385 5.445809453593888 3.477885642089902 -1.5524513729692302 -0.134775408122092 14.392474065319803 21.051418163214723 34.940013467243894 17.017000695289273 19.530017201768924 8.812084181626101 13.188536748353613 0.4172253691340879 3.3872581358590876 20.020416983962974 7.857061846457365 11.66510759006977 2.051994627669025 5.6742981130903125 21.55252369338955 -0.7082030201440936 7.42488602333653 2.9724734987267354 -6.5014387508847085 -4.351949455395017 -7.861727431357897 1.1919915983285456
27.775551102204407 10.858288745133997 1.976459931934702 5.451530709972552 3.4836068984685653 -1.546730116590549 -0.1290541517434285 14.398195321698466 21.057139419593387 34.94573472362257 17.022721951667954 19.535738458147595 8.817805438004783 13.194258004732276 0.4229466255127692 3.392979392237751 20.026138240341645 7.862783102836029 11.670828846448433 2.057715884047706 5.680019369468994 21.558244949768213 -0.7024817637654124 7.430607279715193 2.9781947551054166 -6.495717494506045 -4.346228199016354 -7.856006174979216 1.1977128547072269
27.83567134268537 10.86400603085492 1.982177217655643 5.457247995693475 3.489324184189506 -1.5410128308696258 -0.12333686602248761 14.403912607419407 21.062856705314317 34.9514520093435 17.028439237388877 19.54145574386853 8.823522723725706 13.199975290453217 0.4286639112336923 3.398696677958692 20.03185552606258 7.868500388556952 11.676546132169374 2.0634331697686292 5.685736655189917 21.563962235489143 -0.6967644780444893 7.436324565436134 2.9839120408263398 -6.490000208785122 -4.3405109132954305 -7.850288889258293 1.20343014042815
27.895791583166332 10.869719357692027 1.987890544492732 5.462961322530582 3.495037511026595 -1.535299504032519 -0.11762353918539858 14.409625934256496 21.068570032151417 34.95716533618059 17.034152564225966 19.547169070705625 8.829236050562812 13.205688617290306 0.4343772380707813 3.404410004795781 20.037568852899675 7.874213715394059 11.682259459006463 2.069146496605736 5.691449982027006 21.569675562326243 -0.6910511512073825 7.442037892273223 2.9896253676634466 -6.484286881948015 -4.334797586458324 -7.844575562421186 1.2091434672652568
27.955911823647295 10.875428738977355 1.9935999257780779 5.468670703815928 3.500746892311941 -1.529590122747173 -0.11191415790005266 14.415335315541842 21.074279413436763 34.96287471746594 17.039861945511312 19.552878451990964 8.834945431848158 13.211397998575652 0.44008661935612725 3.410119386081127 20.04327823418501 7.879923096679405 11.68796884029181 2.074855877891064 5.697159363312352 21.57538494361159 -0.6853417699220543 7.447747273558569 2.9953347489487747 -6.478577500662669 -4.329088205172978 -7.838866181135858 1.214852848550585
28.016032064128254 10.88113418173215 1.9993053685328732 5.474376146570723 3.5064523350667365 -1.5238846799923778 -0.10620871514525732 14.421040758296638 21.079984856191558 34.96858016022073 17.045567388266107 19.55858389474576 8.840650874602954 13.217103441330448 0.4457920621109226 3.4158248288359223 20.048983676939805 7.8856285394342 11.693674283046605 2.0805613206458595 5.702864806067147 21.581090386366384 -0.679636327167259 7.453452716313365 3.00104019170357 -6.472872057907874 -4.323382762418182 -7.833160738381062 1.220558291305398
28.076152304609217 10.886835710606242 2.0050068974069646 5.480077675444814 3.512153863940828 -1.5181831511183042 -0.10050718627116595 14.426742287170729 21.08568638506565 34.97428168909482 17.0512689171402 19.56428542361985 8.846352403477027 13.222804970204539 0.45149359098501396 3.4215263577100137 20.054685205813897 7.891330068308291 11.699375811920696 2.086262849519951 5.7085663349412386 21.586791915240475 -0.6739347982931676 7.459154245187456 3.0067417205776614 -6.467170529033782 -4.317681233544091 -7.827459209506971 1.2262598201794717
