web/models/kne/50/mosfit_kn_0.027507_0.3747_10.0000.dat
# %ECSV 1.0
# ---
# datatype:
# - {name: time, datatype: float64}
# - {name: PS1_g, datatype: float64}
# - {name: PS1_i, datatype: float64}
# - {name: PS1_r, datatype: float64}
# - {name: PS1_w, datatype: float64}
# - {name: PS1_y, datatype: float64}
# - {name: PS1_z, datatype: float64}
# - {name: swift_uvot_B, datatype: float64}
# - {name: swift_uvot_U, datatype: float64}
# - {name: swift_uvot_uvm2, datatype: float64}
# - {name: swift_uvot_uvw1, datatype: float64}
# - {name: swift_uvot_uvw2, datatype: float64}
# - {name: swift_uvot_V, datatype: float64}
# - {name: johnson_B, datatype: float64}
# - {name: johnson_I, datatype: float64}
# - {name: johnson_R, datatype: float64}
# - {name: johnson_U, datatype: float64}
# - {name: johnson_V, datatype: float64}
# - {name: sdss_g, datatype: float64}
# - {name: sdss_i, datatype: float64}
# - {name: sdss_r, datatype: float64}
# - {name: sdss_u, datatype: float64}
# - {name: sdss_z, datatype: float64}
# - {name: ATLAS_c, datatype: float64}
# - {name: ATLAS_o, datatype: float64}
# - {name: ukirt_H, datatype: float64}
# - {name: ukirt_J, datatype: float64}
# - {name: ukirt_K, datatype: float64}
# - {name: Clear, datatype: float64}
# meta: !!omap
# - comment: [kappa = 10.0, type = rprocess, mass = 0.027507471329904786, velocity = 0.3746666666666667, theta_obs = 0.0, tfloor = 1000.0]
# schema: astropy-2.0
time PS1_g PS1_i PS1_r PS1_w PS1_y PS1_z swift_uvot_B swift_uvot_U swift_uvot_uvm2 swift_uvot_uvw1 swift_uvot_uvw2 swift_uvot_V johnson_B johnson_I johnson_R johnson_U johnson_V sdss_g sdss_i sdss_r sdss_u sdss_z ATLAS_c ATLAS_o ukirt_H ukirt_J ukirt_K Clear
[from data line 349]
21.04208416833667 9.405763405406624 0.5239345922073468 3.9990053702451966 2.03108155874121 -2.999255456317904 -1.5815794914707837 12.945669981971111 19.60461407986603 33.493209383895206 15.570196611940581 18.083213118420232 7.3652800982774265 11.741732665004921 -1.0295787142146038 1.9404540525103962 18.57361290061429 6.410257763108674 10.218303506721078 0.6051905443203331 4.227494029741621 20.105719610040858 -2.1550071034927853 5.978081939987838 1.5256694153780437 -7.9482428342334 -5.798753538743709 -9.308531514706589 -0.2548124850201283
21.102204408817634 9.414286106062573 0.5324572928632954 4.007528070901145 2.0396042593971586 -2.9907327556619734 -1.5730567908148352 12.95419268262706 19.61313678052198 33.50173208455115 15.57871931259653 18.09173581907618 7.373802798933357 11.75025536566087 -1.0210560135586553 1.9489767531663447 18.58213560127022 6.418780463764622 10.226826207377027 0.6137132449762817 4.236016730397569 20.114242310696806 -2.146484402836837 5.986604640643787 1.5341921160339922 -7.939720133577452 -5.79023083808776 -9.30000881405064 -0.24628978436419757
21.162324649298597 9.422791423103831 0.5409626099045539 4.016033387942386 2.0481095764383994 -2.982227438620715 -1.5645514737735766 12.962697999668318 19.62164209756323 33.5102374015924 15.587224629637788 18.10024113611744 7.382308115974616 11.758760682702128 -1.0125506965173967 1.9574820702076032 18.59064091831148 6.427285780805863 10.235331524418267 0.6222185620175402 4.244522047438828 20.122747627738047 -2.1379790857955783 5.9951099576850275 1.5426974330752508 -7.931214816536211 -5.7817255210465195 -9.291503497009382 -0.237784467322939
21.22244488977956 9.431279797682084 0.5494509844828066 4.024521762520656 2.05659795101667 -2.973739064042462 -1.556063099195324 12.971186374246571 19.63013047214149 33.51872577617066 15.59571300421604 18.108729510695692 7.3907964905528685 11.767249057280381 -1.004062321939144 1.965970444785856 18.59912929288975 6.435774155384133 10.243819898996538 0.6307069365957929 4.253010422017081 20.131236002316317 -2.1294907112173256 6.003598332263298 1.5511858076535034 -7.92272644195794 -5.773237146468249 -9.283015122431129 -0.22929609274468632
21.28256513026052 9.439750968995693 0.5579221557963976 4.032992933834247 2.065069122330261 -2.9652678927288534 -1.547591927881733 12.979657545560162 19.638601643455083 33.527196947484256 15.604184175529632 18.117200682009283 7.399267661866477 11.775720228593972 -0.995591150625553 1.974441616099447 18.60760046420334 6.444245326697724 10.252291070310129 0.6391781079094017 4.261481593330672 20.13970717362991 -2.121019539903717 6.012069503576889 1.5596569789671122 -7.914255270644349 -5.764765975154658 -9.27454395111752 -0.22082492143107757
21.34268537074148 9.448205433418568 0.566376620219291 4.041447398257123 2.0735235867531365 -2.9568134283059777 -1.5391374634588395 12.988112009983055 19.647056107877965 33.53565141190714 15.612638639952525 18.125655146432177 7.407722126289353 11.784174693016865 -0.9871366862026596 1.9828960805223226 18.616054928626216 6.4526997911206 10.260745534733005 0.6476325723322773 4.269936057753565 20.148161638052784 -2.112565075480841 6.020523967999765 1.5681114433899879 -7.905800806221474 -5.756311510731782 -9.266089486694645 -0.2123704570082019
21.402805611222444 9.456643417276922 0.574814604077627 4.049885382115477 2.0819615706114902 -2.948375444447624 -1.5306994796005036 12.996549993841391 19.655494091736312 33.54408939576549 15.621076623810879 18.134093130290513 7.416160110147707 11.792612676875201 -0.9786987023443237 1.9913340643806763 18.62449291248457 6.461137774978954 10.269183518591358 0.656070556190631 4.278374041611919 20.156599621911138 -2.1041270916224875 6.028961951858118 1.5765494272483416 -7.89736282236312 -5.747873526873429 -9.257651502836291 -0.2039324731498482
21.462925851703407 9.465065137649962 0.5832363244506844 4.0583071024885164 2.09038329098453 -2.9399537240745843 -1.5222777592274461 13.004971714214449 19.66391581210936 33.55251111613853 15.629498344183919 18.14251485066357 7.424581830520746 11.801034397248259 -0.9702769819712662 1.9997557847537337 18.63291463285761 6.4695594953519935 10.277605238964398 0.6644922765636707 4.286795761984958 20.165021342284177 -2.095705371249448 6.037383672231158 1.5849711476213812 -7.88894110199008 -5.739451806500389 -9.249229782463251 -0.19551075277680852
21.52304609218437 9.473470743885013 0.5916419306857357 4.0667127087235855 2.098788897219599 -2.9315481178395153 -1.5138721529923949 13.0133773204495 19.67232141834442 33.56091672237359 15.63790395041897 18.15092045689862 7.4329874367557975 11.80944000348331 -0.961871375736215 2.0081613909887848 18.64132023909268 6.4779651015870625 10.286010845199467 0.672897882798722 4.29520136822001 20.173426948519246 -2.0872997650143965 6.045789278466227 1.5933767538564325 -7.880535495755011 -5.73104620026532 -9.2408241762282 -0.18710514654175725
21.58316633266533 9.481860408926579 0.6000315957272839 4.075102373765134 2.107178562261147 -2.923158452797967 -1.5054824879508466 13.021766985491048 19.68071108338597 33.56930638741514 15.646293615460518 18.15931012194017 7.441377101797364 11.817829668524858 -0.9534817106946667 2.016551056030333 18.649709904134227 6.486354766628611 10.294400510241015 0.681287547840288 4.303591033261558 20.181816613560795 -2.0789100999728305 6.054178943507775 1.6017664188979985 -7.872145830713463 -5.722656535223772 -9.232434511186634 -0.17871548150019123
21.64328657314629 9.490234355649303 0.6084055424500256 4.083476320487858 2.115552508983889 -2.914784506075243 -1.4971085412281049 13.03014093221379 19.6890850301087 33.57768033413788 15.65466756218326 18.16768406866291 7.4497510485200875 11.8262036152476 -0.945107763971925 2.0249250027530747 18.65808385085695 6.4947287133513525 10.302774456963757 0.689661494563012 4.3119649799843 20.190190560283536 -2.0705361532501065 6.062552890230517 1.6101403656207225 -7.863771883990739 -5.714282588501048 -9.22406056446391 -0.17034153477746727
21.703406813627254 9.498592800878392 0.6167639876791142 4.091834765716964 2.1239109542129775 -2.9064260608461367 -1.4887500959990163 13.038499377442879 19.6974434753378 33.58603877936697 15.663026007412348 18.176042513892 7.458109493749194 11.834562060476689 -0.9367493187428364 2.0332834479821633 18.666442296086057 6.503087158580441 10.311132902192846 0.6980199397921005 4.320323425213388 20.198549005512625 -2.062177708021018 6.070911335459606 1.618498810849811 -7.855413438761633 -5.705924143271941 -9.215702119234821 -0.16198308954836094
21.763527054108216 9.506935891773676 0.6251070785743806 4.10017785661223 2.132254045108244 -2.8980829699508703 -1.48040700510375 13.046842468338145 19.705786566233066 33.59438187026224 15.671369098307615 18.184385604787266 7.46645258464446 11.842905151371955 -0.92840622784757 2.0416265388774297 18.674785386981323 6.5114302494757075 10.319475993088112 0.7063630306873847 4.328666516108655 20.20689209640789 -2.053834617125734 6.079254426354872 1.6268419017450952 -7.847070347866366 -5.697581052376675 -9.207359028339537 -0.15363999865309452
21.82364729458918 9.515263848128601 0.6334350349293061 4.108505812967156 2.1405820014631693 -2.889755013595945 -1.4720790487488067 13.055170424693088 19.714114522587998 33.60270982661717 15.679697054662558 18.19271356114221 7.474780540999386 11.85123310772688 -0.9200782714926268 2.049954495232355 18.68311334333625 6.519758205830633 10.327803949443037 0.7146909870423102 4.336994472463598 20.215220052762824 -2.0455066607708083 6.0875823827097975 1.6351698581000207 -7.838742391511441 -5.68925309602175 -9.199031071984612 -0.14531204229816908
21.883767535070138 9.523576793919872 0.6417479807205773 4.116818758758427 2.1488949472544405 -2.8814420678046737 -1.4637661029575533 13.063483370484342 19.722427468379262 33.61102277240844 15.68801000045383 18.20102650693348 7.483093486790657 11.859546053518152 -0.9117653257013734 2.0582674410236264 18.69142628912752 6.528071151621904 10.336116895234309 0.7230039328335813 4.345307418254869 20.223532998554088 -2.037193714979537 6.095895328501069 1.6434828038912919 -7.83042944572017 -5.680940150230478 -9.19071812619334 -0.1369990965068979
21.9438877755511 9.531874914259415 0.6500461010601377 4.12511687909797 2.157193067594001 -2.873143947465131 -1.4554679826179928 13.071781490823902 19.730725588718812 33.61932089274799 15.696308120793372 18.209324627273023 7.4913916071302 11.867844173857712 -0.9034672053618129 2.066565561363187 18.699724409467063 6.536369271961447 10.344415015573869 0.731302053173124 4.353605538594412 20.231831118893638 -2.0288955946399945 6.104193448840629 1.6517809242308346 -7.822131325380627 -5.672642029890936 -9.182420005853798 -0.1287009761673552
22.004008016032063 9.54015830830036 0.6583294951010821 4.133400273138932 2.1654764616349453 -2.864860553424169 -1.4471845885770485 13.080064884864846 19.739008982759767 33.62760428678894 15.704591514834316 18.217608021313968 7.499675001171162 11.876127567898656 -0.8951838113208685 2.074848955404131 18.708007803508025 6.544652666002409 10.352698409614813 0.7395854472140861 4.361888932635356 20.240114512934593 -2.0206122005990323 6.1124768428815734 1.660064318271779 -7.813847931339665 -5.664358635849974 -9.174136611812836 -0.12041758212639309
22.064128256513026 9.548427243504705 0.6665984303054273 4.141669208343259 2.173745396839273 -2.8565916182198414 -1.4389156533727032 13.088333820069192 19.747277917964105 33.63587322199327 15.712860450038661 18.225876956518313 7.507943936375489 11.884396503102984 -0.8869148761165233 2.0831178906084586 18.716276738712352 6.552921601206736 10.36096734481914 0.7478543824184136 4.370157867839701 20.24838344813893 -2.012343265394705 6.120745778085901 1.6683332534761242 -7.8055789961353375 -5.656089700645646 -9.165867676608508 -0.11214864692206561
22.12424849699399 9.556681849782827 0.6748530365835492 4.149923814621381 2.1820000031174125 -2.8483370119417195 -1.4306610470945813 13.096588426347314 19.755532524242227 33.6441278282714 15.721115056316783 18.234131562796435 7.516198542653611 11.892651109381124 -0.8786602698384014 2.0913724968865983 18.724531344990474 6.561176207484858 10.369221951097263 0.7561089886965355 4.378412474117823 20.256638054417053 -2.004088659116583 6.129000384364041 1.676587859754246 -7.7973243898572155 -5.647835094367524 -9.157613070330386 -0.1038940406439437
22.184368737474948 9.564922289409381 0.6830934762101037 4.158164254247936 2.1902404427439492 -2.840096572315165 -1.4224206074680268 13.104828865973868 19.76377296386878 33.65236826789795 15.729355495943338 18.24237200242299 7.524438982280166 11.900891549007678 -0.8704198302118469 2.099612936513153 18.73277178461703 6.569416647111413 10.377462390723817 0.76434942832309 4.386652913744378 20.264878494043607 -1.9958482194900284 6.137240823990577 1.6848282993808006 -7.789083950230661 -5.63959465474097 -9.149372630703832 -0.09565360101738918
22.24448897795591 9.573148648107832 0.6913198349085548 4.166390612946387 2.198466801442418 -2.831870213616714 -1.4141942487695758 13.113055224672319 19.771999322567233 33.66059462659641 15.737581854641789 18.25059836112144 7.532665340978617 11.909117907706129 -0.8621934715133959 2.107839295211604 18.74099814331548 6.577643005809864 10.385688749422286 0.7725757870215411 4.394879272442829 20.27310485274206 -1.9876218607915774 6.145467182689046 1.6930546580792516 -7.78085759153221 -5.631368296042519 -9.14114627200538 -0.08742724231893817
22.304609218436873 9.58136111260389 0.6995322994046127 4.174603077442445 2.206679265938476 -2.823657749120656 -1.4059817842735178 13.121267689168377 19.780211787063287 33.66880709109246 15.745794319137847 18.2588108256175 7.540877805474675 11.917330372202187 -0.8539810070173379 2.116051759707662 18.749210607811538 6.585855470305922 10.393901213918326 0.780788251517599 4.403091736938887 20.281317317238113 -1.9794093962955195 6.153679647185104 1.7012671225753095 -7.772645127036152 -5.623155831546461 -9.132933807509323 -0.07921477782288022
22.364729458917836 9.589559761979913 0.707730948780636 4.182801726818468 2.2148779153144993 -2.8154590997446327 -1.3977831348974945 13.1294663385444 19.788410436439314 33.677005740468495 15.75399296851387 18.26700947499352 7.549076454850698 11.92552902157821 -0.8457823576413146 2.124250409083685 18.75740925718756 6.594054119681963 10.402099863294367 0.7889869008936223 4.41129038631491 20.28951596661414 -1.9712107469194962 6.161878296561127 1.7094657719513329 -7.764446477660129 -5.614957182170437 -9.1247351581333 -0.0710161284468569
22.4248496993988 9.59774484500997 0.7159160318106927 4.1909868098485425 2.223062998344556 -2.8072740167145582 -1.3895980518674378 13.137651421574457 19.796595519469378 33.68519082349855 15.762178051543927 18.27519455802358 7.557261537880755 11.933714104608267 -0.8375972746112579 2.132435492113742 18.765594340217636 6.60223920271202 10.410284946324424 0.797171983923679 4.419475469344967 20.297701049644203 -1.9630256638894394 6.170063379591184 1.7176508549813896 -7.756261394630054 -5.606772099140363 -9.116550075103243 -0.06283104541680018
22.484969939879758 9.605916455646977 0.7240876424476994 4.1991584204855315 2.2312346089815627 -2.7991024060775693 -1.3814264412304311 13.145823032211464 19.804767130106377 33.69336243413556 15.770349662180934 18.283366168660585 7.565433148517761 11.941885715245274 -0.8294256639742512 2.1406071027507485 18.773765950854624 6.6104108133490085 10.41845655696143 0.8053435945606857 4.427647079981973 20.305872660281203 -1.9548540532524328 6.178234990228191 1.7258224656183963 -7.748089783993065 -5.598600488503374 -9.108378464466236 -0.054659434779793514
22.54509018036072 9.614074715345566 0.732245902146289 4.207316680184139 2.2393928686801523 -2.7909441463789797 -1.3732681815318415 13.153981291910053 19.812925389804974 33.70152069383415 15.778507921879523 18.291524428359175 7.573591408216351 11.950043974943863 -0.8212674042756616 2.148765362449338 18.781924210553232 6.618569073047616 10.42661481666002 0.8135018542592753 4.435805339680563 20.3140309199798 -1.9466957935538431 6.18639324992678 1.7339807253169859 -7.739931524294458 -5.590442228804767 -9.100220204767647 -0.04650117508120388
22.605210420841683 9.622219766993698 0.7403909537944209 4.215461731832253 2.247537920328284 -2.782799094730848 -1.3651231298837097 13.162126343558185 19.821070441453095 33.70966574548227 15.786652973527655 18.299669480007307 7.581736459864483 11.958189026591995 -0.8131223526275297 2.15691041409747 18.790069262201346 6.62671412469573 10.434759868308152 0.8216469059074072 4.443950391328695 20.32217597162792 -1.9385507419057113 6.194538301574912 1.7421257769651177 -7.731786472646344 -5.5822971771566525 -9.092075153119515 -0.03835612343307204
22.665330661322646 9.630351696008788 0.7485228828094925 4.223593660847342 2.255669849343356 -2.7746671657157584 -1.356991200868638 13.170258272573257 19.829202370468177 33.71779767449735 15.794784902542727 18.307801409022378 7.589868388879572 11.966320955607067 -0.8049904236124581 2.1650423431125416 18.798201191216435 6.634846053710819 10.442891797323224 0.8297788349224966 4.4520823203437665 20.330307900643003 -1.930418812890622 6.202670230589984 1.7502577059801894 -7.7236545436312545 -5.574165248141563 -9.083943224104425 -0.03022419441798263
22.725450901803605 9.638470643008148 0.7566418298088706 4.23171260784672 2.263788796342734 -2.766548218716398 -1.34887225386926 13.178377219572635 19.837321317467556 33.72591662149673 15.802903849542105 18.315920356021756 7.5979873358789325 11.974439902606445 -0.79687147661308 2.1731612901119197 18.806320138215796 6.6429650007101975 10.451010744322602 0.8378977819218569 4.460201267343145 20.33842684764238 -1.9222998658912616 6.210789177589362 1.7583766529795675 -7.715535596631876 -5.566046301142185 -9.075824277105065 -0.022105247418622298
