web/models/kne.last_good/17/villar_0.0120_0.4217_10.0000.dat
# %ECSV 1.0
# ---
# datatype:
# - {name: time, datatype: float64}
# - {name: swift_uvot_uvw2, datatype: float64}
# - {name: swift_uvot_uvm2, datatype: float64}
# - {name: swift_uvot_uvw1, datatype: float64}
# - {name: swift_uvot_U, datatype: float64}
# - {name: swift_uvot_B, datatype: float64}
# - {name: swift_uvot_V, datatype: float64}
# - {name: swift_uvot_W, datatype: float64}
# - {name: johnson_U, datatype: float64}
# - {name: johnson_B, datatype: float64}
# - {name: johnson_V, datatype: float64}
# - {name: johnson_R, datatype: float64}
# - {name: johnson_I, datatype: float64}
# - {name: sdss_u, datatype: float64}
# - {name: sdss_g, datatype: float64}
# - {name: sdss_r, datatype: float64}
# - {name: sdss_i, datatype: float64}
# - {name: sdss_z, datatype: float64}
# - {name: PS1_g, datatype: float64}
# - {name: PS1_r, datatype: float64}
# - {name: PS1_i, datatype: float64}
# - {name: PS1_z, datatype: float64}
# - {name: PS1_Y, datatype: float64}
# - {name: PS1_w, datatype: float64}
# - {name: ATLAS_c, datatype: float64}
# - {name: ATLAS_o, datatype: float64}
# - {name: ukirt_J, datatype: float64}
# - {name: ukirt_H, datatype: float64}
# - {name: ukirt_K, datatype: float64}
# - {name: Clear, datatype: float64}
# meta: !!omap
# - comment: [kappa = 10.0, type = villar, mass = 0.012011244339858356, velocity = 0.4216666666666667, theta_obs = 0.0, tfloor = 2500.0]
# schema: astropy-2.0
time swift_uvot_uvw2 swift_uvot_uvm2 swift_uvot_uvw1 swift_uvot_U swift_uvot_B swift_uvot_V swift_uvot_W johnson_U johnson_B johnson_V johnson_R johnson_I sdss_u sdss_g sdss_r sdss_i sdss_z PS1_g PS1_r PS1_i PS1_z PS1_Y PS1_w ATLAS_c ATLAS_o ukirt_J ukirt_H ukirt_K Clear
[from data line 136]
0.057527 -16.856 -16.563 -16.405 -15.931 -15.55 -15.149 -16.25 -15.874 -15.546 -15.138 -14.735 -14.27 -15.884 -15.422 -14.914 -14.546 -14.202 -15.434 -14.995 -14.655 -14.475 -14.616 -14.984 -15.224 -14.764 -13.518 -12.966 -12.33 -15.07
0.059267 -16.858 -16.576 -16.42 -15.953 -15.576 -15.178 -16.265 -15.897 -15.572 -15.167 -14.765 -14.302 -15.907 -15.449 -14.944 -14.577 -14.234 -15.459 -15.021 -14.681 -14.498 -14.628 -15.013 -15.252 -14.794 -13.552 -13.001 -12.366 -15.098
0.061059 -16.859 -16.587 -16.435 -15.976 -15.602 -15.206 -16.279 -15.92 -15.598 -15.195 -14.795 -14.334 -15.93 -15.475 -14.973 -14.608 -14.266 -15.483 -15.047 -14.707 -14.521 -14.641 -15.042 -15.28 -14.824 -13.585 -13.035 -12.401 -15.126
0.062906 -16.86 -16.598 -16.449 -15.997 -15.627 -15.234 -16.293 -15.942 -15.623 -15.223 -14.825 -14.365 -15.952 -15.501 -15.002 -14.638 -14.297 -15.507 -15.073 -14.733 -14.544 -14.654 -15.07 -15.307 -14.854 -13.619 -13.07 -12.436 -15.154
0.064808 -16.859 -16.609 -16.462 -16.018 -15.652 -15.261 -16.306 -15.964 -15.648 -15.25 -14.854 -14.397 -15.974 -15.527 -15.031 -14.669 -14.329 -15.53 -15.098 -14.759 -14.568 -14.668 -15.098 -15.334 -14.883 -13.652 -13.104 -12.471 -15.181
0.066769 -16.858 -16.618 -16.475 -16.039 -15.676 -15.289 -16.319 -15.985 -15.672 -15.278 -14.884 -14.428 -15.995 -15.553 -15.06 -14.699 -14.36 -15.554 -15.124 -14.785 -14.591 -14.682 -15.126 -15.36 -14.912 -13.685 -13.138 -12.506 -15.208
0.068788 -16.857 -16.627 -16.486 -16.059 -15.7 -15.316 -16.331 -16.006 -15.697 -15.305 -14.913 -14.459 -16.016 -15.578 -15.088 -14.729 -14.392 -15.577 -15.149 -14.811 -14.615 -14.697 -15.153 -15.387 -14.941 -13.718 -13.172 -12.541 -15.234
0.070868 -16.854 -16.634 -16.497 -16.079 -15.724 -15.342 -16.342 -16.026 -15.72 -15.332 -14.942 -14.489 -16.036 -15.602 -15.116 -14.759 -14.423 -15.6 -15.175 -14.837 -14.639 -14.712 -15.18 -15.413 -14.97 -13.751 -13.206 -12.576 -15.261
0.073012 -16.851 -16.641 -16.507 -16.098 -15.747 -15.369 -16.352 -16.046 -15.743 -15.358 -14.97 -14.52 -16.056 -15.626 -15.144 -14.788 -14.453 -15.623 -15.2 -14.862 -14.663 -14.727 -15.207 -15.438 -14.998 -13.784 -13.24 -12.61 -15.287
0.07522 -16.847 -16.647 -16.517 -16.117 -15.77 -15.395 -16.361 -16.065 -15.766 -15.384 -14.998 -14.55 -16.075 -15.65 -15.171 -14.817 -14.484 -15.645 -15.225 -14.888 -14.687 -14.743 -15.233 -15.464 -15.026 -13.817 -13.273 -12.645 -15.312
0.077495 -16.841 -16.652 -16.525 -16.135 -15.792 -15.42 -16.37 -16.084 -15.789 -15.41 -15.026 -14.58 -16.094 -15.674 -15.198 -14.846 -14.514 -15.667 -15.249 -14.914 -14.711 -14.759 -15.26 -15.488 -15.054 -13.849 -13.307 -12.68 -15.338
0.079839 -16.835 -16.655 -16.533 -16.152 -15.814 -15.446 -16.377 -16.102 -15.81 -15.435 -15.054 -14.61 -16.112 -15.697 -15.225 -14.875 -14.545 -15.689 -15.274 -14.939 -14.735 -14.775 -15.285 -15.513 -15.082 -13.881 -13.34 -12.714 -15.363
0.082253 -16.828 -16.658 -16.539 -16.169 -15.836 -15.47 -16.384 -16.12 -15.832 -15.46 -15.082 -14.64 -16.129 -15.719 -15.251 -14.904 -14.575 -15.711 -15.298 -14.965 -14.759 -14.791 -15.311 -15.537 -15.109 -13.914 -13.374 -12.748 -15.387
0.084741 -16.82 -16.66 -16.545 -16.185 -15.856 -15.495 -16.39 -16.137 -15.853 -15.485 -15.109 -14.669 -16.146 -15.741 -15.278 -14.932 -14.604 -15.732 -15.322 -14.99 -14.783 -14.808 -15.336 -15.561 -15.136 -13.945 -13.407 -12.783 -15.411
0.087304 -16.81 -16.66 -16.55 -16.2 -15.877 -15.519 -16.395 -16.153 -15.873 -15.509 -15.135 -14.698 -16.162 -15.763 -15.303 -14.96 -14.634 -15.752 -15.346 -15.015 -14.807 -14.825 -15.361 -15.584 -15.163 -13.977 -13.44 -12.817 -15.435
0.089944 -16.8 -16.659 -16.553 -16.215 -15.897 -15.543 -16.399 -16.168 -15.893 -15.532 -15.162 -14.727 -16.178 -15.784 -15.329 -14.987 -14.663 -15.772 -15.37 -15.04 -14.831 -14.843 -15.385 -15.607 -15.189 -14.009 -13.473 -12.851 -15.458
0.092665 -16.788 -16.657 -16.556 -16.229 -15.916 -15.566 -16.403 -16.183 -15.912 -15.556 -15.188 -14.756 -16.192 -15.805 -15.354 -15.015 -14.692 -15.792 -15.393 -15.065 -14.855 -14.86 -15.409 -15.629 -15.215 -14.04 -13.506 -12.885 -15.481
0.095467 -16.775 -16.654 -16.557 -16.242 -15.935 -15.589 -16.405 -16.197 -15.931 -15.579 -15.214 -14.784 -16.206 -15.825 -15.379 -15.042 -14.721 -15.811 -15.416 -15.089 -14.879 -14.878 -15.432 -15.651 -15.24 -14.072 -13.538 -12.918 -15.504
0.098355 -16.76 -16.65 -16.557 -16.254 -15.953 -15.611 -16.406 -16.211 -15.949 -15.601 -15.239 -14.812 -16.22 -15.844 -15.403 -15.069 -14.749 -15.83 -15.439 -15.114 -14.902 -14.896 -15.455 -15.672 -15.266 -14.103 -13.571 -12.952 -15.526
0.101329 -16.744 -16.644 -16.556 -16.266 -15.97 -15.633 -16.406 -16.223 -15.966 -15.623 -15.264 -14.84 -16.232 -15.863 -15.427 -15.095 -14.778 -15.849 -15.461 -15.138 -14.926 -14.914 -15.478 -15.693 -15.29 -14.134 -13.603 -12.986 -15.547
0.104394 -16.727 -16.636 -16.554 -16.277 -15.987 -15.655 -16.405 -16.235 -15.983 -15.645 -15.289 -14.868 -16.244 -15.882 -15.45 -15.121 -14.806 -15.867 -15.483 -15.162 -14.95 -14.932 -15.5 -15.714 -15.315 -14.164 -13.635 -13.019 -15.568
0.107551 -16.708 -16.627 -16.551 -16.287 -16.003 -15.676 -16.403 -16.246 -16.0 -15.666 -15.313 -14.895 -16.255 -15.9 -15.473 -15.147 -14.833 -15.884 -15.504 -15.185 -14.973 -14.95 -15.522 -15.733 -15.339 -14.195 -13.667 -13.053 -15.589
0.110804 -16.688 -16.617 -16.546 -16.296 -16.019 -15.696 -16.399 -16.256 -16.015 -15.686 -15.337 -14.922 -16.265 -15.917 -15.496 -15.172 -14.861 -15.901 -15.526 -15.209 -14.997 -14.969 -15.543 -15.753 -15.363 -14.225 -13.699 -13.086 -15.609
0.114155 -16.666 -16.605 -16.54 -16.304 -16.034 -15.716 -16.395 -16.266 -16.03 -15.706 -15.36 -14.948 -16.274 -15.933 -15.518 -15.197 -14.888 -15.917 -15.546 -15.232 -15.02 -14.987 -15.564 -15.771 -15.386 -14.255 -13.731 -13.119 -15.628
0.117608 -16.642 -16.592 -16.532 -16.311 -16.048 -15.735 -16.389 -16.274 -16.044 -15.725 -15.383 -14.975 -16.282 -15.949 -15.539 -15.222 -14.914 -15.932 -15.567 -15.255 -15.043 -15.006 -15.584 -15.79 -15.408 -14.285 -13.762 -13.152 -15.647
0.121165 -16.616 -16.577 -16.524 -16.317 -16.061 -15.754 -16.383 -16.281 -16.057 -15.744 -15.406 -15.0 -16.289 -15.964 -15.561 -15.246 -14.941 -15.947 -15.587 -15.277 -15.066 -15.024 -15.604 -15.807 -15.431 -14.314 -13.794 -13.184 -15.665
0.124829 -16.589 -16.56 -16.513 -16.322 -16.074 -15.772 -16.375 -16.288 -16.07 -15.762 -15.428 -15.026 -16.296 -15.979 -15.581 -15.27 -14.967 -15.962 -15.606 -15.299 -15.088 -15.043 -15.623 -15.824 -15.453 -14.344 -13.825 -13.217 -15.683
0.128605 -16.56 -16.541 -16.501 -16.326 -16.085 -15.79 -16.365 -16.293 -16.082 -15.78 -15.449 -15.051 -16.301 -15.992 -15.601 -15.293 -14.992 -15.975 -15.625 -15.321 -15.111 -15.062 -15.641 -15.84 -15.474 -14.373 -13.856 -13.25 -15.7
0.132494 -16.529 -16.52 -16.488 -16.329 -16.096 -15.807 -16.355 -16.297 -16.093 -15.797 -15.471 -15.076 -16.305 -16.005 -15.621 -15.316 -15.018 -15.988 -15.644 -15.343 -15.133 -15.08 -15.659 -15.856 -15.495 -14.401 -13.887 -13.282 -15.717
0.136502 -16.495 -16.498 -16.473 -16.331 -16.106 -15.823 -16.342 -16.301 -16.103 -15.813 -15.491 -15.1 -16.308 -16.017 -15.64 -15.338 -15.043 -16.001 -15.662 -15.364 -15.155 -15.099 -15.677 -15.871 -15.515 -14.43 -13.917 -13.314 -15.733
0.14063 -16.46 -16.473 -16.456 -16.332 -16.115 -15.838 -16.329 -16.303 -16.112 -15.829 -15.511 -15.124 -16.31 -16.029 -15.658 -15.36 -15.067 -16.012 -15.679 -15.384 -15.176 -15.117 -15.693 -15.885 -15.535 -14.458 -13.947 -13.346 -15.748
0.144883 -16.423 -16.447 -16.437 -16.331 -16.124 -15.853 -16.314 -16.304 -16.12 -15.844 -15.531 -15.148 -16.311 -16.039 -15.676 -15.381 -15.091 -16.023 -15.696 -15.404 -15.197 -15.136 -15.709 -15.898 -15.554 -14.486 -13.977 -13.378 -15.762
0.149265 -16.383 -16.418 -16.417 -16.329 -16.131 -15.867 -16.298 -16.303 -16.127 -15.858 -15.549 -15.171 -16.31 -16.049 -15.693 -15.402 -15.115 -16.033 -15.712 -15.424 -15.218 -15.154 -15.725 -15.911 -15.572 -14.514 -14.007 -13.41 -15.776
0.15378 -16.341 -16.387 -16.394 -16.326 -16.137 -15.881 -16.28 -16.302 -16.134 -15.872 -15.568 -15.193 -16.308 -16.057 -15.709 -15.423 -15.138 -16.042 -15.728 -15.444 -15.239 -15.172 -15.739 -15.922 -15.59 -14.541 -14.037 -13.441 -15.789
0.15843 -16.296 -16.354 -16.37 -16.321 -16.142 -15.893 -16.261 -16.299 -16.139 -15.884 -15.585 -15.216 -16.305 -16.065 -15.725 -15.443 -15.161 -16.05 -15.743 -15.462 -15.259 -15.19 -15.753 -15.933 -15.608 -14.568 -14.066 -13.472 -15.802
0.163222 -16.249 -16.318 -16.344 -16.315 -16.147 -15.905 -16.241 -16.295 -16.143 -15.896 -15.602 -15.237 -16.301 -16.072 -15.74 -15.462 -15.183 -16.057 -15.757 -15.481 -15.279 -15.208 -15.766 -15.944 -15.625 -14.595 -14.096 -13.504 -15.813
0.168159 -16.2 -16.28 -16.316 -16.308 -16.15 -15.916 -16.218 -16.289 -16.146 -15.907 -15.619 -15.258 -16.295 -16.078 -15.755 -15.481 -15.205 -16.063 -15.771 -15.498 -15.299 -15.225 -15.779 -15.953 -15.641 -14.622 -14.124 -13.534 -15.824
0.173245 -16.147 -16.239 -16.285 -16.299 -16.151 -15.926 -16.195 -16.282 -16.148 -15.917 -15.635 -15.279 -16.287 -16.082 -15.768 -15.499 -15.227 -16.069 -15.783 -15.516 -15.318 -15.243 -15.79 -15.961 -15.656 -14.648 -14.153 -13.565 -15.834
0.178484 -16.092 -16.196 -16.253 -16.288 -16.152 -15.935 -16.169 -16.273 -16.149 -15.926 -15.65 -15.299 -16.279 -16.086 -15.781 -15.516 -15.248 -16.073 -15.796 -15.532 -15.336 -15.26 -15.801 -15.968 -15.671 -14.673 -14.181 -13.596 -15.843
0.183882 -16.034 -16.15 -16.218 -16.276 -16.152 -15.943 -16.142 -16.263 -16.148 -15.935 -15.664 -15.319 -16.268 -16.088 -15.793 -15.533 -15.268 -16.076 -15.807 -15.548 -15.355 -15.277 -15.811 -15.975 -15.685 -14.699 -14.209 -13.626 -15.851
0.189444 -15.974 -16.101 -16.18 -16.262 -16.15 -15.95 -16.114 -16.251 -16.146 -15.942 -15.677 -15.338 -16.256 -16.09 -15.804 -15.549 -15.288 -16.078 -15.818 -15.564 -15.372 -15.294 -15.82 -15.98 -15.698 -14.724 -14.237 -13.656 -15.858
0.195173 -15.91 -16.05 -16.141 -16.247 -16.146 -15.956 -16.083 -16.238 -16.143 -15.948 -15.69 -15.356 -16.242 -16.09 -15.814 -15.565 -15.307 -16.079 -15.827 -15.579 -15.389 -15.31 -15.828 -15.984 -15.71 -14.748 -14.265 -13.686 -15.864
0.201076 -15.843 -15.995 -16.099 -16.229 -16.142 -15.962 -16.051 -16.223 -16.139 -15.954 -15.702 -15.374 -16.226 -16.088 -15.824 -15.58 -15.326 -16.079 -15.836 -15.593 -15.406 -15.326 -15.836 -15.987 -15.722 -14.773 -14.292 -13.716 -15.869
0.207158 -15.773 -15.937 -16.054 -16.21 -16.136 -15.966 -16.017 -16.206 -16.133 -15.958 -15.713 -15.391 -16.209 -16.086 -15.832 -15.594 -15.344 -16.077 -15.844 -15.606 -15.422 -15.341 -15.842 -15.989 -15.732 -14.796 -14.319 -13.745 -15.873
0.213423 -15.7 -15.876 -16.007 -16.188 -16.128 -15.968 -15.982 -16.187 -16.125 -15.961 -15.724 -15.408 -16.19 -16.082 -15.84 -15.607 -15.361 -16.074 -15.851 -15.619 -15.438 -15.357 -15.847 -15.99 -15.742 -14.82 -14.345 -13.774 -15.877
0.219878 -15.623 -15.812 -15.957 -16.165 -16.119 -15.97 -15.944 -16.166 -16.116 -15.963 -15.733 -15.424 -16.168 -16.077 -15.846 -15.619 -15.378 -16.07 -15.857 -15.631 -15.453 -15.371 -15.851 -15.99 -15.751 -14.843 -14.372 -13.803 -15.879
0.226528 -15.543 -15.744 -15.904 -16.139 -16.109 -15.971 -15.905 -16.143 -16.106 -15.963 -15.741 -15.439 -16.145 -16.07 -15.852 -15.631 -15.394 -16.065 -15.862 -15.642 -15.467 -15.386 -15.854 -15.988 -15.759 -14.865 -14.397 -13.832 -15.88
0.233379 -15.459 -15.673 -15.848 -16.112 -16.097 -15.97 -15.864 -16.118 -16.094 -15.963 -15.749 -15.453 -16.12 -16.062 -15.856 -15.642 -15.409 -16.058 -15.866 -15.652 -15.48 -15.399 -15.856 -15.985 -15.766 -14.887 -14.423 -13.86 -15.879
0.240437 -15.372 -15.598 -15.789 -16.082 -16.083 -15.968 -15.821 -16.091 -16.08 -15.961 -15.755 -15.467 -16.092 -16.052 -15.859 -15.652 -15.424 -16.05 -15.869 -15.662 -15.493 -15.413 -15.857 -15.981 -15.772 -14.909 -14.448 -13.889 -15.878
0.247709 -15.281 -15.519 -15.727 -16.05 -16.067 -15.964 -15.777 -16.061 -16.064 -15.958 -15.761 -15.48 -16.062 -16.04 -15.861 -15.661 -15.438 -16.04 -15.871 -15.671 -15.506 -15.426 -15.857 -15.975 -15.777 -14.93 -14.473 -13.916 -15.876
0.255201 -15.186 -15.437 -15.662 -16.015 -16.049 -15.96 -15.73 -16.03 -16.047 -15.953 -15.765 -15.492 -16.03 -16.027 -15.862 -15.669 -15.451 -16.028 -15.872 -15.678 -15.517 -15.438 -15.855 -15.968 -15.78 -14.95 -14.497 -13.944 -15.872
0.262919 -15.087 -15.35 -15.594 -15.978 -16.03 -15.953 -15.681 -15.995 -16.027 -15.947 -15.768 -15.503 -15.995 -16.012 -15.862 -15.676 -15.464 -16.015 -15.871 -15.685 -15.528 -15.45 -15.852 -15.959 -15.783 -14.97 -14.521 -13.971 -15.866
0.270871 -14.984 -15.259 -15.522 -15.938 -16.008 -15.946 -15.631 -15.959 -16.006 -15.94 -15.771 -15.514 -15.958 -15.996 -15.86 -15.682 -15.475 -16.0 -15.869 -15.691 -15.538 -15.461 -15.848 -15.949 -15.785 -14.989 -14.545 -13.998 -15.86
0.279064 -14.877 -15.164 -15.447 -15.895 -15.984 -15.936 -15.578 -15.92 -15.982 -15.931 -15.771 -15.523 -15.918 -15.977 -15.857 -15.687 -15.486 -15.983 -15.866 -15.696 -15.547 -15.471 -15.843 -15.937 -15.785 -15.008 -14.568 -14.025 -15.852
0.287504 -14.766 -15.065 -15.368 -15.85 -15.959 -15.925 -15.524 -15.878 -15.957 -15.92 -15.771 -15.532 -15.875 -15.957 -15.853 -15.691 -15.496 -15.965 -15.861 -15.699 -15.555 -15.481 -15.836 -15.923 -15.784 -15.027 -14.591 -14.051 -15.843
0.296199 -14.651 -14.961 -15.286 -15.802 -15.931 -15.913 -15.467 -15.833 -15.929 -15.908 -15.77 -15.54 -15.83 -15.934 -15.847 -15.694 -15.505 -15.944 -15.855 -15.702 -15.562 -15.49 -15.828 -15.908 -15.782 -15.044 -14.613 -14.078 -15.832
0.305157 -14.531 -14.853 -15.2 -15.751 -15.901 -15.898 -15.409 -15.786 -15.899 -15.893 -15.767 -15.546 -15.781 -15.91 -15.84 -15.695 -15.513 -15.922 -15.848 -15.703 -15.569 -15.498 -15.818 -15.891 -15.778 -15.061 -14.635 -14.103 -15.82
0.314387 -14.407 -14.739 -15.11 -15.696 -15.868 -15.882 -15.348 -15.735 -15.867 -15.878 -15.763 -15.552 -15.73 -15.883 -15.831 -15.696 -15.52 -15.897 -15.839 -15.704 -15.574 -15.506 -15.806 -15.872 -15.773 -15.078 -14.656 -14.129 -15.806
0.323895 -14.278 -14.621 -15.016 -15.639 -15.833 -15.864 -15.286 -15.682 -15.832 -15.86 -15.757 -15.557 -15.676 -15.854 -15.821 -15.695 -15.526 -15.871 -15.828 -15.703 -15.579 -15.512 -15.793 -15.851 -15.767 -15.093 -14.677 -14.154 -15.79
0.333691 -14.145 -14.498 -14.917 -15.578 -15.795 -15.844 -15.221 -15.625 -15.795 -15.84 -15.75 -15.56 -15.618 -15.823 -15.808 -15.693 -15.531 -15.842 -15.816 -15.701 -15.582 -15.518 -15.779 -15.828 -15.759 -15.108 -14.698 -14.178 -15.773
0.343783 -14.007 -14.369 -14.815 -15.514 -15.755 -15.822 -15.154 -15.565 -15.755 -15.819 -15.741 -15.562 -15.557 -15.789 -15.795 -15.689 -15.535 -15.811 -15.802 -15.697 -15.584 -15.523 -15.763 -15.803 -15.75 -15.123 -14.717 -14.203 -15.755
0.354181 -13.865 -14.235 -14.709 -15.446 -15.712 -15.798 -15.085 -15.502 -15.712 -15.795 -15.731 -15.564 -15.493 -15.753 -15.779 -15.684 -15.537 -15.777 -15.787 -15.692 -15.585 -15.527 -15.744 -15.776 -15.739 -15.136 -14.737 -14.227 -15.734
0.364893 -13.718 -14.095 -14.598 -15.375 -15.666 -15.771 -15.013 -15.435 -15.666 -15.769 -15.719 -15.564 -15.425 -15.714 -15.762 -15.678 -15.539 -15.742 -15.769 -15.686 -15.585 -15.53 -15.725 -15.747 -15.726 -15.149 -14.755 -14.25 -15.712
0.375929 -13.567 -13.95 -14.482 -15.3 -15.618 -15.743 -14.94 -15.364 -15.618 -15.741 -15.706 -15.562 -15.353 -15.673 -15.742 -15.67 -15.539 -15.703 -15.75 -15.678 -15.584 -15.533 -15.703 -15.715 -15.711 -15.161 -14.774 -14.273 -15.688
0.387298 -13.41 -13.799 -14.362 -15.221 -15.566 -15.712 -14.864 -15.29 -15.567 -15.711 -15.69 -15.56 -15.277 -15.629 -15.721 -15.661 -15.539 -15.662 -15.729 -15.669 -15.582 -15.534 -15.679 -15.682 -15.695 -15.172 -14.791 -14.296 -15.662
0.399012 -13.25 -13.642 -14.237 -15.138 -15.511 -15.678 -14.786 -15.212 -15.512 -15.678 -15.673 -15.556 -15.198 -15.582 -15.697 -15.65 -15.536 -15.618 -15.706 -15.658 -15.578 -15.534 -15.654 -15.645 -15.677 -15.182 -14.808 -14.318 -15.634
