web/models/grb/offaxis/12/grb_0.2967_13.8950_0.1584893.dat
# %ECSV 1.0
# ---
# datatype:
# - {name: time, datatype: float64}
# - {name: swift_uvot_uvw2, datatype: float64}
# - {name: swift_uvot_uvm2, datatype: float64}
# - {name: swift_uvot_uvw1, datatype: float64}
# - {name: swift_uvot_U, datatype: float64}
# - {name: swift_uvot_B, datatype: float64}
# - {name: swift_uvot_V, datatype: float64}
# - {name: swift_uvot_W, datatype: float64}
# - {name: johnson_U, datatype: float64}
# - {name: johnson_B, datatype: float64}
# - {name: johnson_V, datatype: float64}
# - {name: johnson_R, datatype: float64}
# - {name: johnson_I, datatype: float64}
# - {name: sdss_u, datatype: float64}
# - {name: sdss_g, datatype: float64}
# - {name: sdss_r, datatype: float64}
# - {name: sdss_i, datatype: float64}
# - {name: sdss_z, datatype: float64}
# - {name: PS1_g, datatype: float64}
# - {name: PS1_r, datatype: float64}
# - {name: PS1_i, datatype: float64}
# - {name: PS1_z, datatype: float64}
# - {name: PS1_Y, datatype: float64}
# - {name: PS1_w, datatype: float64}
# - {name: ATLAS_c, datatype: float64}
# - {name: ATLAS_o, datatype: float64}
# - {name: ukirt_J, datatype: float64}
# - {name: ukirt_H, datatype: float64}
# - {name: ukirt_K, datatype: float64}
# - {name: Clear, datatype: float64}
# meta: !!omap
# - comment: [E = 0.006029923955985727, Eta0 = 8.02, GammaB = 12.0, dL = 0.012188, epsb = 6.760829753919819e-06, epse = 0.1, n = 0.15848931924611143,
#     p = 2.15, theta_obs = 0.29670597283903605, xiN = 1.0, z = 0.0, type = grb, E_kiso = 13.894954943731374]
# schema: astropy-2.0
time swift_uvot_uvw2 swift_uvot_uvm2 swift_uvot_uvw1 swift_uvot_U swift_uvot_B swift_uvot_V swift_uvot_W johnson_U johnson_B johnson_V johnson_R johnson_I sdss_u sdss_g sdss_r sdss_i sdss_z PS1_g PS1_r PS1_i PS1_z PS1_Y PS1_w ATLAS_c ATLAS_o ukirt_J ukirt_H ukirt_K Clear
[from data line 485]
1049.0798 25.174 25.223 25.148 24.955 24.813 24.674 25.034 24.933 24.81 24.669 24.528 24.379 24.938 24.765 24.593 24.473 24.362 24.701 24.559 24.439 24.34 24.172 24.596 24.691 24.538 24.15 23.981 23.79 24.505
1074.3869 25.487 25.537 25.462 25.269 25.126 24.987 25.348 25.246 25.124 24.982 24.842 24.693 25.251 25.079 24.907 24.786 24.676 25.015 24.872 24.753 24.654 24.485 24.909 25.004 24.852 24.464 24.294 24.104 24.819
1100.3045 25.801 25.85 25.775 25.582 25.44 25.301 25.662 25.56 25.438 25.296 25.155 25.007 25.565 25.392 25.221 25.1 24.989 25.329 25.186 25.066 24.967 24.799 25.223 25.318 25.165 24.777 24.608 24.418 25.133
1126.8473 26.114 26.164 26.089 25.896 25.753 25.614 25.975 25.874 25.751 25.609 25.469 25.32 25.879 25.706 25.534 25.413 25.303 25.642 25.5 25.38 25.281 25.113 25.536 25.632 25.479 25.091 24.921 24.731 25.446
1154.0304 26.428 26.477 26.402 26.209 26.067 25.928 26.289 26.187 26.065 25.923 25.782 25.634 26.192 26.02 25.848 25.727 25.616 25.956 25.813 25.693 25.594 25.426 25.85 25.945 25.792 25.404 25.235 25.045 25.76
1181.8693 26.741 26.791 26.716 26.523 26.381 26.241 26.602 26.501 26.378 26.236 26.096 25.947 26.506 26.333 26.161 26.041 25.93 26.269 26.127 26.007 25.908 25.74 26.163 26.259 26.106 25.718 25.549 25.358 26.073
1210.3797 27.055 27.104 27.03 26.837 26.694 26.555 26.916 26.814 26.692 26.55 26.409 26.261 26.819 26.647 26.475 26.354 26.243 26.583 26.44 26.321 26.221 26.053 26.477 26.572 26.419 26.032 25.862 25.672 26.387
1239.5778 27.369 27.418 27.343 27.15 27.008 26.869 27.229 27.128 27.005 26.863 26.723 26.574 27.133 26.96 26.788 26.668 26.557 26.896 26.754 26.634 26.535 26.367 26.791 26.886 26.733 26.345 26.176 25.985 26.7
1269.4803 27.682 27.732 27.657 27.464 27.321 27.182 27.543 27.441 27.319 27.177 27.037 26.888 27.446 27.274 27.102 26.981 26.871 27.21 27.067 26.948 26.849 26.68 27.104 27.199 27.047 26.659 26.489 26.299 27.014
1300.1042 27.996 28.045 27.97 27.777 27.635 27.496 27.857 27.755 27.632 27.491 27.35 27.202 27.76 27.587 27.416 27.295 27.184 27.524 27.381 27.261 27.162 26.994 27.418 27.513 27.36 26.972 26.803 26.613 27.328
1331.4668 28.309 28.359 28.284 28.091 27.948 27.809 28.17 28.068 27.946 27.804 27.664 27.515 28.074 27.901 27.729 27.608 27.498 27.837 27.695 27.575 27.476 27.307 27.731 27.827 27.674 27.286 27.116 26.926 27.641
1363.586 28.623 28.672 28.597 28.404 28.262 28.123 28.484 28.382 28.26 28.118 27.977 27.829 28.387 28.214 28.043 27.922 27.811 28.151 28.008 27.888 27.789 27.621 28.045 28.14 27.987 27.599 27.43 27.24 27.955
1396.48 28.936 28.986 28.911 28.718 28.576 28.436 28.797 28.696 28.573 28.431 28.291 28.142 28.701 28.528 28.356 28.236 28.125 28.464 28.322 28.202 28.103 27.935 28.358 28.454 28.301 27.913 27.744 27.553 28.268
1430.1675 29.25 29.299 29.225 29.032 28.889 28.75 29.111 29.009 28.887 28.745 28.604 28.456 29.014 28.842 28.67 28.549 28.438 28.778 28.635 28.515 28.416 28.248 28.672 28.767 28.614 28.226 28.057 27.867 28.582
1464.6676 29.563 29.613 29.538 29.345 29.203 29.064 29.424 29.323 29.2 29.058 28.918 28.769 29.328 29.155 28.983 28.863 28.752 29.091 28.949 28.829 28.73 28.562 28.986 29.081 28.928 28.54 28.371 28.18 28.895
1500.0 29.877 29.927 29.852 29.659 29.516 29.377 29.738 29.636 29.514 29.372 29.232 29.083 29.641 29.469 29.297 29.176 29.066 29.405 29.262 29.143 29.044 28.875 29.299 29.394 29.242 28.854 28.684 28.494 29.209
