web/models/grb/offaxis/12/grb_0.2967_0.3728_0.0001000.dat
# %ECSV 1.0
# ---
# datatype:
# - {name: time, datatype: float64}
# - {name: swift_uvot_uvw2, datatype: float64}
# - {name: swift_uvot_uvm2, datatype: float64}
# - {name: swift_uvot_uvw1, datatype: float64}
# - {name: swift_uvot_U, datatype: float64}
# - {name: swift_uvot_B, datatype: float64}
# - {name: swift_uvot_V, datatype: float64}
# - {name: swift_uvot_W, datatype: float64}
# - {name: johnson_U, datatype: float64}
# - {name: johnson_B, datatype: float64}
# - {name: johnson_V, datatype: float64}
# - {name: johnson_R, datatype: float64}
# - {name: johnson_I, datatype: float64}
# - {name: sdss_u, datatype: float64}
# - {name: sdss_g, datatype: float64}
# - {name: sdss_r, datatype: float64}
# - {name: sdss_i, datatype: float64}
# - {name: sdss_z, datatype: float64}
# - {name: PS1_g, datatype: float64}
# - {name: PS1_r, datatype: float64}
# - {name: PS1_i, datatype: float64}
# - {name: PS1_z, datatype: float64}
# - {name: PS1_Y, datatype: float64}
# - {name: PS1_w, datatype: float64}
# - {name: ATLAS_c, datatype: float64}
# - {name: ATLAS_o, datatype: float64}
# - {name: ukirt_J, datatype: float64}
# - {name: ukirt_H, datatype: float64}
# - {name: ukirt_K, datatype: float64}
# - {name: Clear, datatype: float64}
# meta: !!omap
# - comment: [E = 0.000161764516425794, Eta0 = 8.02, GammaB = 12.0, dL = 0.012188, epsb = 6.760829753919819e-06, epse = 0.1, n = 0.0001,
#     p = 2.15, theta_obs = 0.29670597283903605, xiN = 1.0, z = 0.0, type = grb, E_kiso = 0.372759372031494]
# schema: astropy-2.0
time swift_uvot_uvw2 swift_uvot_uvm2 swift_uvot_uvw1 swift_uvot_U swift_uvot_B swift_uvot_V swift_uvot_W johnson_U johnson_B johnson_V johnson_R johnson_I sdss_u sdss_g sdss_r sdss_i sdss_z PS1_g PS1_r PS1_i PS1_z PS1_Y PS1_w ATLAS_c ATLAS_o ukirt_J ukirt_H ukirt_K Clear
0.01 19.765 19.814 19.739 19.546 19.404 19.265 19.626 19.524 19.401 19.26 19.119 18.971 19.529 19.356 19.184 19.064 18.953 19.293 19.15 19.03 18.931 18.763 19.187 19.282 19.129 18.741 18.572 18.381 19.096
0.0102 19.62 19.67 19.595 19.402 19.26 19.12 19.481 19.38 19.257 19.115 18.975 18.826 19.385 19.212 19.04 18.919 18.809 19.148 19.006 18.886 18.787 18.619 19.042 19.138 18.985 18.597 18.428 18.237 18.952
0.0105 19.476 19.525 19.451 19.258 19.115 18.976 19.337 19.235 19.113 18.971 18.831 18.682 19.24 19.068 18.896 18.775 18.665 19.004 18.861 18.742 18.643 18.474 18.898 18.993 18.841 18.453 18.283 18.093 18.808
0.0107 19.332 19.381 19.306 19.113 18.971 18.832 19.193 19.091 18.969 18.827 18.686 18.538 19.096 18.923 18.752 18.631 18.52 18.86 18.717 18.597 18.498 18.33 18.754 18.849 18.696 18.308 18.139 17.949 18.664
0.011 19.187 19.237 19.162 18.969 18.827 18.688 19.048 18.947 18.824 18.682 18.542 18.393 18.952 18.779 18.607 18.487 18.376 18.715 18.573 18.453 18.354 18.186 18.61 18.705 18.552 18.164 17.995 17.804 18.519
0.0113 19.043 19.093 19.018 18.825 18.682 18.543 18.904 18.802 18.68 18.538 18.398 18.249 18.807 18.635 18.463 18.342 18.232 18.571 18.429 18.309 18.21 18.041 18.465 18.561 18.408 18.02 17.85 17.66 18.375
0.0115 18.899 18.948 18.874 18.681 18.538 18.399 18.76 18.658 18.536 18.394 18.253 18.105 18.663 18.491 18.319 18.198 18.087 18.427 18.284 18.164 18.065 17.897 18.321 18.416 18.263 17.875 17.706 17.516 18.231
0.0118 18.779 18.828 18.753 18.56 18.418 18.279 18.64 18.538 18.416 18.274 18.133 17.985 18.543 18.37 18.199 18.078 17.967 18.307 18.164 18.044 17.945 17.777 18.201 18.296 18.143 17.755 17.586 17.396 18.111
0.0121 18.722 18.772 18.697 18.504 18.362 18.222 18.583 18.482 18.359 18.217 18.077 17.928 18.487 18.314 18.142 18.022 17.911 18.25 18.108 17.988 17.889 17.721 18.144 18.24 18.087 17.699 17.53 17.339 18.054
0.0124 18.666 18.715 18.641 18.448 18.305 18.166 18.527 18.425 18.303 18.161 18.02 17.872 18.43 18.258 18.086 17.965 17.854 18.194 18.051 17.932 17.833 17.664 18.088 18.183 18.031 17.643 17.473 17.283 17.998
0.0127 18.61 18.659 18.584 18.391 18.249 18.11 18.471 18.369 18.246 18.105 17.964 17.816 18.374 18.201 18.029 17.909 17.798 18.138 17.995 17.875 17.776 17.608 18.032 18.127 17.974 17.586 17.417 17.226 17.941
0.013 18.553 18.603 18.528 18.335 18.192 18.053 18.414 18.312 18.19 18.048 17.908 17.759 18.318 18.145 17.973 17.852 17.742 18.081 17.939 17.819 17.72 17.552 17.975 18.071 17.918 17.53 17.36 17.17 17.885
0.0133 18.497 18.546 18.471 18.279 18.136 17.997 18.358 18.256 18.134 17.992 17.851 17.703 18.261 18.089 17.917 17.796 17.685 18.025 17.882 17.762 17.663 17.495 17.919 18.014 17.861 17.473 17.304 17.114 17.829
0.0136 18.44 18.49 18.415 18.222 18.08 17.941 18.301 18.2 18.077 17.935 17.795 17.646 18.205 18.032 17.86 17.74 17.629 17.968 17.826 17.706 17.607 17.439 17.863 17.958 17.805 17.417 17.248 17.057 17.772
0.014 18.384 18.434 18.359 18.166 18.023 17.884 18.245 18.143 18.021 17.879 17.739 17.59 18.148 17.976 17.804 17.683 17.573 17.912 17.77 17.65 17.551 17.382 17.806 17.901 17.749 17.361 17.191 17.001 17.716
0.0143 18.328 18.377 18.302 18.109 17.967 17.828 18.189 18.087 17.965 17.823 17.682 17.534 18.092 17.919 17.748 17.627 17.516 17.856 17.713 17.593 17.494 17.326 17.75 17.845 17.692 17.304 17.135 16.945 17.66
0.0146 18.271 18.321 18.246 18.053 17.911 17.771 18.132 18.031 17.908 17.766 17.626 17.477 18.036 17.863 17.691 17.571 17.46 17.799 17.657 17.537 17.438 17.27 17.693 17.789 17.636 17.248 17.079 16.888 17.603
0.015 18.204 18.253 18.178 17.985 17.843 17.704 18.065 17.963 17.84 17.699 17.558 17.409 17.968 17.795 17.623 17.503 17.392 17.732 17.589 17.469 17.37 17.202 17.626 17.721 17.568 17.18 17.011 16.82 17.535
0.0154 18.12 18.169 18.094 17.901 17.759 17.62 17.981 17.879 17.757 17.615 17.474 17.326 17.884 17.712 17.54 17.419 17.308 17.648 17.505 17.385 17.286 17.118 17.542 17.637 17.484 17.096 16.927 16.737 17.452
0.0157 18.036 18.086 18.011 17.818 17.675 17.536 17.897 17.795 17.673 17.531 17.391 17.242 17.8 17.628 17.456 17.335 17.225 17.564 17.421 17.302 17.203 17.034 17.458 17.553 17.401 17.013 16.843 16.653 17.368
0.0161 17.952 18.002 17.927 17.734 17.592 17.452 17.813 17.712 17.589 17.447 17.307 17.158 17.717 17.544 17.372 17.251 17.141 17.48 17.338 17.218 17.119 16.951 17.374 17.47 17.317 16.929 16.76 16.569 17.284
0.0165 17.869 17.918 17.843 17.65 17.508 17.369 17.73 17.628 17.505 17.364 17.223 17.074 17.633 17.46 17.288 17.168 17.057 17.397 17.254 17.134 17.035 16.867 17.291 17.386 17.233 16.845 16.676 16.485 17.2
0.0169 17.785 17.834 17.759 17.566 17.424 17.285 17.646 17.544 17.422 17.28 17.139 16.991 17.549 17.377 17.205 17.084 16.973 17.313 17.17 17.05 16.951 16.783 17.207 17.302 17.149 16.761 16.592 16.402 17.117
0.0173 17.701 17.751 17.676 17.483 17.34 17.201 17.562 17.46 17.338 17.196 17.056 16.907 17.465 17.293 17.121 17.0 16.89 17.229 17.086 16.967 16.868 16.699 17.123 17.218 17.066 16.678 16.508 16.318 17.033
0.0177 17.617 17.667 17.592 17.399 17.257 17.117 17.478 17.377 17.254 17.112 16.972 16.823 17.382 17.209 17.037 16.916 16.806 17.145 17.003 16.883 16.784 16.616 17.039 17.135 16.982 16.594 16.425 16.234 16.949
0.0181 17.534 17.583 17.508 17.315 17.173 17.034 17.395 17.293 17.17 17.029 16.888 16.739 17.298 17.125 16.953 16.833 16.722 17.062 16.919 16.799 16.7 16.532 16.956 17.051 16.898 16.51 16.341 16.15 16.865
0.0186 17.45 17.499 17.424 17.231 17.089 16.95 17.311 17.209 17.087 16.945 16.804 16.656 17.214 17.042 16.87 16.749 16.638 16.978 16.835 16.715 16.616 16.448 16.872 16.967 16.814 16.426 16.257 16.067 16.782
0.019 17.236 17.286 17.211 17.018 16.875 16.736 17.097 16.996 16.873 16.731 16.591 16.442 17.001 16.828 16.656 16.535 16.425 16.764 16.622 16.502 16.403 16.235 16.658 16.754 16.601 16.213 16.043 15.853 16.568
0.0195 16.921 16.97 16.895 16.702 16.56 16.421 16.782 16.68 16.558 16.416 16.275 16.127 16.685 16.512 16.341 16.22 16.109 16.449 16.306 16.186 16.087 15.919 16.343 16.438 16.285 15.897 15.728 15.538 16.253
0.02 16.605 16.655 16.58 16.387 16.245 16.105 16.466 16.365 16.242 16.1 15.96 15.811 16.37 16.197 16.025 15.904 15.794 16.133 15.991 15.871 15.772 15.604 16.027 16.123 15.97 15.582 15.413 15.222 15.937
0.0204 16.29 16.339 16.264 16.071 15.929 15.79 16.151 16.049 15.927 15.785 15.644 15.496 16.054 15.882 15.71 15.589 15.478 15.818 15.675 15.555 15.456 15.288 15.712 15.807 15.654 15.266 15.097 14.907 15.622
0.0209 15.974 16.024 15.949 15.756 15.614 15.474 15.835 15.734 15.611 15.469 15.329 15.18 15.739 15.566 15.394 15.274 15.163 15.502 15.36 15.24 15.141 14.973 15.396 15.492 15.339 14.951 14.782 14.591 15.306
0.0214 15.659 15.708 15.633 15.441 15.298 15.159 15.52 15.418 15.296 15.154 15.013 14.865 15.423 15.251 15.079 14.958 14.847 15.187 15.044 14.924 14.825 14.657 15.081 15.176 15.023 14.635 14.466 14.276 14.991
0.022 15.343 15.393 15.318 15.125 14.983 14.843 15.204 15.103 14.98 14.838 14.698 14.549 15.108 14.935 14.763 14.643 14.532 14.871 14.729 14.609 14.51 14.342 14.766 14.861 14.708 14.32 14.151 13.96 14.675
0.0225 15.028 15.077 15.003 14.81 14.667 14.528 14.889 14.787 14.665 14.523 14.382 14.234 14.792 14.62 14.448 14.327 14.216 14.556 14.413 14.293 14.194 14.026 14.45 14.545 14.392 14.004 13.835 13.645 14.36
0.023 14.712 14.762 14.687 14.494 14.352 14.213 14.573 14.472 14.349 14.207 14.067 13.918 14.477 14.304 14.132 14.012 13.901 14.24 14.098 13.978 13.879 13.711 14.135 14.23 14.077 13.689 13.52 13.329 14.044
0.0236 14.397 14.446 14.372 14.179 14.036 13.897 14.258 14.156 14.034 13.892 13.751 13.603 14.161 13.989 13.817 13.696 13.585 13.925 13.782 13.663 13.563 13.395 13.819 13.914 13.761 13.374 13.204 13.014 13.729
0.0242 14.207 14.257 14.182 13.989 13.846 13.707 14.068 13.966 13.844 13.702 13.562 13.413 13.971 13.799 13.627 13.506 13.396 13.735 13.592 13.473 13.374 13.205 13.629 13.724 13.572 13.184 13.014 12.824 13.539
0.0247 14.07 14.12 14.045 13.852 13.71 13.57 13.931 13.83 13.707 13.565 13.425 13.276 13.835 13.662 13.49 13.369 13.259 13.598 13.456 13.336 13.237 13.069 13.492 13.588 13.435 13.047 12.878 12.687 13.402
0.0253 13.933 13.983 13.908 13.715 13.573 13.434 13.794 13.693 13.57 13.428 13.288 13.139 13.698 13.525 13.353 13.233 13.122 13.461 13.319 13.199 13.1 12.932 13.356 13.451 13.298 12.91 12.741 12.55 13.265
0.0259 13.797 13.846 13.771 13.578 13.436 13.297 13.658 13.556 13.433 13.292 13.151 13.002 13.561 13.388 13.216 13.096 12.985 13.325 13.182 13.062 12.963 12.795 13.219 13.314 13.161 12.773 12.604 12.413 13.128
0.0266 13.66 13.709 13.634 13.441 13.299 13.16 13.521 13.419 13.297 13.155 13.014 12.866 13.424 13.251 13.08 12.959 12.848 13.188 13.045 12.925 12.826 12.658 13.082 13.177 13.024 12.636 12.467 12.277 12.992
0.0272 13.523 13.572 13.498 13.305 13.162 13.023 13.384 13.282 13.16 13.018 12.877 12.729 13.287 13.115 12.943 12.822 12.711 13.051 12.908 12.788 12.689 12.521 12.945 13.04 12.887 12.499 12.33 12.14 12.855
0.0279 13.386 13.436 13.361 13.168 13.025 12.886 13.247 13.145 13.023 12.881 12.741 12.592 13.15 12.978 12.806 12.685 12.575 12.914 12.771 12.652 12.553 12.384 12.808 12.903 12.751 12.363 12.193 12.003 12.718
0.0285 13.249 13.299 13.224 13.031 12.888 12.749 13.11 13.008 12.886 12.744 12.604 12.455 13.014 12.841 12.669 12.548 12.438 12.777 12.635 12.515 12.416 12.248 12.671 12.767 12.614 12.226 12.056 11.866 12.581
0.0292 13.112 13.162 13.087 12.894 12.752 12.613 12.973 12.872 12.749 12.607 12.467 12.318 12.877 12.704 12.532 12.412 12.301 12.64 12.498 12.378 12.279 12.111 12.535 12.63 12.477 12.089 11.92 11.729 12.444
0.0299 12.976 13.025 12.95 12.757 12.615 12.476 12.836 12.735 12.612 12.471 12.33 12.181 12.74 12.567 12.395 12.275 12.164 12.504 12.361 12.241 12.142 11.974 12.398 12.493 12.34 11.952 11.783 11.592 12.307
0.0307 12.887 12.936 12.861 12.668 12.526 12.387 12.748 12.646 12.523 12.382 12.241 12.093 12.651 12.478 12.306 12.186 12.075 12.415 12.272 12.152 12.053 11.885 12.309 12.404 12.251 11.863 11.694 11.504 12.219
0.0314 12.806 12.856 12.781 12.588 12.446 12.307 12.667 12.566 12.443 12.301 12.161 12.012 12.571 12.398 12.226 12.106 11.995 12.334 12.192 12.072 11.973 11.805 12.229 12.324 12.171 11.783 11.614 11.423 12.138
0.0322 12.726 12.776 12.701 12.508 12.365 12.226 12.587 12.485 12.363 12.221 12.081 11.932 12.49 12.318 12.146 12.025 11.915 12.254 12.112 11.992 11.893 11.724 12.148 12.243 12.091 11.703 11.533 11.343 12.058
0.0329 12.646 12.695 12.621 12.428 12.285 12.146 12.507 12.405 12.283 12.141 12.0 11.852 12.41 12.238 12.066 11.945 11.834 12.174 12.031 11.912 11.812 11.644 12.068 12.163 12.01 11.623 11.453 11.263 11.978
0.0337 12.566 12.615 12.54 12.347 12.205 12.066 12.427 12.325 12.203 12.061 11.92 11.772 12.33 12.157 11.986 11.865 11.754 12.094 11.951 11.831 11.732 11.564 11.988 12.083 11.93 11.542 11.373 11.183 11.898
0.0345 12.486 12.535 12.46 12.267 12.125 11.986 12.346 12.245 12.122 11.98 11.84 11.691 12.25 12.077 11.905 11.785 11.674 12.013 11.871 11.751 11.652 11.484 11.908 12.003 11.85 11.462 11.293 11.102 11.817
0.0354 12.405 12.455 12.38 12.187 12.045 11.905 12.266 12.165 12.042 11.9 11.76 11.611 12.17 11.997 11.825 11.704 11.594 11.933 11.791 11.671 11.572 11.404 11.827 11.923 11.77 11.382 11.213 11.022 11.737
0.0362 12.325 12.375 12.3 12.107 11.964 11.825 12.186 12.084 11.962 11.82 11.68 11.531 12.089 11.917 11.745 11.624 11.514 11.853 11.71 11.591 11.492 11.323 11.747 11.842 11.69 11.302 11.132 10.942 11.657
0.0371 12.245 12.294 12.219 12.026 11.884 11.745 12.106 12.004 11.882 11.74 11.599 11.451 12.009 11.837 11.665 11.544 11.433 11.773 11.63 11.51 11.411 11.243 11.667 11.762 11.609 11.221 11.052 10.862 11.577
0.038 12.165 12.214 12.139 11.946 11.804 11.665 12.026 11.924 11.801 11.66 11.519 11.371 11.929 11.756 11.584 11.464 11.353 11.693 11.55 11.43 11.331 11.163 11.587 11.682 11.529 11.141 10.972 10.782 11.497
0.0389 12.109 12.158 12.084 11.891 11.748 11.609 11.97 11.868 11.746 11.604 11.463 11.315 11.873 11.701 11.529 11.408 11.298 11.637 11.494 11.375 11.276 11.107 11.531 11.626 11.474 11.086 10.916 10.726 11.441
0.0398 12.054 12.103 12.028 11.835 11.693 11.554 11.915 11.813 11.69 11.549 11.408 11.26 11.818 11.645 11.474 11.353 11.242 11.582 11.439 11.319 11.22 11.052 11.476 11.571 11.418 11.03 10.861 10.671 11.386
0.0408 11.998 12.048 11.973 11.78 11.638 11.498 11.859 11.758 11.635 11.493 11.353 11.204 11.763 11.59 11.418 11.297 11.187 11.526 11.384 11.264 11.165 10.997 11.42 11.516 11.363 10.975 10.806 10.615 11.33
0.0418 11.943 11.992 11.918 11.725 11.582 11.443 11.804 11.702 11.58 11.438 11.297 11.149 11.707 11.535 11.363 11.242 11.131 11.471 11.328 11.209 11.11 10.941 11.365 11.46 11.307 10.92 10.75 10.56 11.275
0.0428 11.888 11.937 11.862 11.669 11.527 11.388 11.749 11.647 11.524 11.383 11.242 11.094 11.652 11.479 11.307 11.187 11.076 11.416 11.273 11.153 11.054 10.886 11.31 11.405 11.252 10.864 10.695 10.505 11.22
0.0438 11.832 11.882 11.807 11.614 11.472 11.332 11.693 11.592 11.469 11.327 11.187 11.038 11.597 11.424 11.252 11.131 11.021 11.36 11.218 11.098 10.999 10.831 11.254 11.35 11.197 10.809 10.64 10.449 11.164
0.0449 11.777 11.826 11.752 11.559 11.416 11.277 11.638 11.536 11.414 11.272 11.131 10.983 11.541 11.369 11.197 11.076 10.965 11.305 11.162 11.042 10.943 10.775 11.199 11.294 11.141 10.753 10.584 10.394 11.109
0.046 11.722 11.771 11.696 11.503 11.361 11.222 11.583 11.481 11.358 11.217 11.076 10.927 11.486 11.313 11.141 11.021 10.91 11.25 11.107 10.987 10.888 10.72 11.144 11.239 11.086 10.698 10.529 10.338 11.053
0.0471 11.666 11.716 11.641 11.448 11.305 11.166 11.527 11.425 11.303 11.161 11.021 10.872 11.431 11.258 11.086 10.965 10.855 11.194 11.052 10.932 10.833 10.665 11.088 11.184 11.031 10.643 10.473 10.283 10.998
0.0482 11.608 11.657 11.583 11.39 11.247 11.108 11.469 11.367 11.245 11.103 10.962 10.814 11.372 11.2 11.028 10.907 10.796 11.136 10.993 10.874 10.774 10.606 11.03 11.125 10.972 10.585 10.415 10.225 10.94
0.0494 11.53 11.58 11.505 11.312 11.17 11.031 11.391 11.29 11.167 11.025 10.885 10.736 11.295 11.122 10.95 10.83 10.719 11.058 10.916 10.796 10.697 10.529 10.953 11.048 10.895 10.507 10.338 10.147 10.862
0.0506 11.453 11.502 11.427 11.235 11.092 10.953 11.314 11.212 11.09 10.948 10.807 10.659 11.217 11.045 10.873 10.752 10.641 10.981 10.838 10.718 10.619 10.451 10.875 10.97 10.817 10.429 10.26 10.07 10.785
0.0518 11.375 11.425 11.35 11.157 11.015 10.875 11.236 11.135 11.012 10.87 10.73 10.581 11.14 10.967 10.795 10.675 10.564 10.903 10.761 10.641 10.542 10.374 10.797 10.893 10.74 10.352 10.183 9.992 10.707
0.053 11.298 11.347 11.272 11.079 10.937 10.798 11.159 11.057 10.935 10.793 10.652 10.504 11.062 10.89 10.718 10.597 10.486 10.826 10.683 10.563 10.464 10.296 10.72 10.815 10.662 10.274 10.105 9.915 10.63
0.0543 11.22 11.27 11.195 11.002 10.86 10.72 11.081 10.98 10.857 10.715 10.575 10.426 10.985 10.812 10.64 10.519 10.409 10.748 10.606 10.486 10.387 10.219 10.642 10.738 10.585 10.197 10.028 9.837 10.552
0.0556 11.143 11.192 11.117 10.924 10.782 10.643 11.004 10.902 10.78 10.638 10.497 10.349 10.907 10.734 10.563 10.442 10.331 10.671 10.528 10.408 10.309 10.141 10.565 10.66 10.507 10.119 9.95 9.76 10.475
0.057 11.065 11.115 11.04 10.847 10.704 10.565 10.926 10.824 10.702 10.56 10.42 10.271 10.83 10.657 10.485 10.364 10.254 10.593 10.451 10.331 10.232 10.063 10.487 10.583 10.43 10.042 9.872 9.682 10.397
0.0584 10.988 11.037 10.962 10.769 10.627 10.488 10.849 10.747 10.625 10.483 10.342 10.194 10.752 10.579 10.408 10.287 10.176 10.516 10.373 10.253 10.154 9.986 10.41 10.505 10.352 9.964 9.795 9.605 10.32
0.0598 10.91 10.96 10.885 10.692 10.549 10.41 10.771 10.669 10.547 10.405 10.265 10.116 10.674 10.502 10.33 10.209 10.099 10.438 10.296 10.176 10.077 9.908 10.332 10.427 10.275 9.887 9.717 9.527 10.242
0.0612 10.836 10.885 10.81 10.617 10.475 10.336 10.696 10.595 10.472 10.331 10.19 10.041 10.6 10.427 10.255 10.135 10.024 10.364 10.221 10.101 10.002 9.834 10.258 10.353 10.2 9.812 9.643 9.452 10.167
