web/models/kne/28/Metzger_0.024890_0.273103_0.100000.dat
# %ECSV 0.9
# ---
# datatype:
# - {name: time, datatype: float64}
# - {name: sdss_u, datatype: float64}
# - {name: sdss_g, datatype: float64}
# - {name: sdss_r, datatype: float64}
# - {name: sdss_i, datatype: float64}
# - {name: sdss_z, datatype: float64}
# - {name: PS1_y, datatype: float64}
# - {name: ukirt_J, datatype: float64}
# - {name: ukirt_H, datatype: float64}
# - {name: ukirt_K, datatype: float64}
# - {name: johnson_U, datatype: float64}
# - {name: johnson_B, datatype: float64}
# - {name: johnson_V, datatype: float64}
# - {name: johnson_R, datatype: float64}
# - {name: johnson_I, datatype: float64}
# - {name: Clear, datatype: float64}
# meta: !!omap
# - comment: [vej = 0.2731034482758621, mej = 0.024889660212162802, Ye = 0.1, redshift = 0.0]
# schema: astropy-2.0
time sdss_u sdss_g sdss_r sdss_i sdss_z PS1_y ukirt_J ukirt_H ukirt_K johnson_U johnson_B johnson_V johnson_R johnson_I Clear
[from data line 895]
44.850000 211.899281 150.482223 111.683643 87.037394 72.006241 62.606460 43.589937 26.740838 15.730915 204.530360 167.590526 127.962687 106.967741 70.492937 110.132124
44.900000 212.150570 150.668029 111.827873 87.155073 72.107645 62.697645 43.660302 26.792504 15.770130 204.773807 167.794605 128.124388 107.106901 70.592699 110.274686
44.950000 212.401838 150.853819 111.972092 87.272743 72.209043 62.788823 43.730663 26.844166 15.809343 205.017234 167.998667 128.286076 107.246050 70.692454 110.417238
45.000000 212.653083 151.039594 112.116299 87.390404 72.310433 62.879995 43.801019 26.895827 15.848556 205.260639 168.202712 128.447751 107.385188 70.792201 110.559778
45.050000 212.904307 151.225353 112.260495 87.508056 72.411815 62.971160 43.871371 26.947484 15.887767 205.504023 168.406740 128.609413 107.524315 70.891942 110.702307
45.100000 213.155509 151.411098 112.404679 87.625700 72.513191 63.062319 43.941719 26.999140 15.926977 205.747387 168.610750 128.771062 107.663432 70.991675 110.844824
45.150000 213.406689 151.596826 112.548852 87.743334 72.614559 63.153472 44.012062 27.050792 15.966185 205.990729 168.814743 128.932697 107.802537 71.091401 110.987330
45.200000 213.657847 151.782540 112.693014 87.860960 72.715920 63.244619 44.082402 27.102442 16.005392 206.234050 169.018720 129.094320 107.941632 71.191120 111.129825
45.250000 213.908984 151.968238 112.837164 87.978577 72.817273 63.335759 44.152736 27.154090 16.044598 206.477351 169.222679 129.255929 108.080715 71.290832 111.272309
45.300000 214.160100 152.153920 112.981303 88.096185 72.918620 63.426893 44.223067 27.205735 16.083802 206.720631 169.426621 129.417526 108.219788 71.390536 111.414782
45.350000 214.411194 152.339588 113.125431 88.213784 73.019959 63.518021 44.293393 27.257378 16.123005 206.963890 169.630546 129.579110 108.358850 71.490234 111.557243
45.400000 214.662267 152.525240 113.269547 88.331375 73.121291 63.609143 44.363715 27.309018 16.162207 207.207129 169.834454 129.740680 108.497901 71.589925 111.699694
45.450000 214.913318 152.710877 113.413652 88.448957 73.222616 63.700258 44.434033 27.360656 16.201408 207.450346 170.038345 129.902238 108.636942 71.689608 111.842133
45.500000 215.164347 152.896499 113.557746 88.566530 73.323933 63.791367 44.504346 27.412291 16.240607 207.693544 170.242219 130.063783 108.775971 71.789285 111.984561
45.550000 215.415356 153.082106 113.701829 88.684094 73.425243 63.882470 44.574656 27.463924 16.279805 207.936720 170.446077 130.225315 108.914990 71.888954 112.126978
45.600000 215.666343 153.267697 113.845900 88.801650 73.526547 63.973567 44.644961 27.515554 16.319001 208.179876 170.649917 130.386834 109.053998 71.988617 112.269385
45.650000 215.917309 153.453274 113.989960 88.919197 73.627843 64.064657 44.715261 27.567181 16.358197 208.423012 170.853741 130.548340 109.192996 72.088272 112.411780
45.700000 216.168254 153.638835 114.134009 89.036736 73.729132 64.155742 44.785558 27.618807 16.397391 208.666127 171.057548 130.709834 109.331983 72.187921 112.554164
45.750000 216.419178 153.824382 114.278047 89.154265 73.830413 64.246820 44.855850 27.670430 16.436583 208.909222 171.261338 130.871315 109.470959 72.287562 112.696537
45.800000 216.670080 154.009913 114.422074 89.271787 73.931688 64.337892 44.926138 27.722050 16.475775 209.152296 171.465112 131.032783 109.609924 72.387197 112.838899
45.850000 216.920962 154.195430 114.566090 89.389299 74.032956 64.428958 44.996422 27.773668 16.514965 209.395350 171.668869 131.194238 109.748879 72.486825 112.981250
45.900000 217.171822 154.380931 114.710095 89.506803 74.134216 64.520018 45.066702 27.825283 16.554154 209.638384 171.872609 131.355681 109.887824 72.586445 113.123591
45.950000 217.422662 154.566418 114.854089 89.624298 74.235470 64.611071 45.136978 27.876896 16.593341 209.881397 172.076333 131.517111 110.026757 72.686059 113.265920
46.000000 217.673480 154.751890 114.998071 89.741785 74.336716 64.702119 45.207249 27.928507 16.632527 210.124390 172.280040 131.678528 110.165681 72.785666 113.408239
46.050000 217.924278 154.937347 115.142043 89.859264 74.437955 64.793160 45.277516 27.980115 16.671712 210.367364 172.483731 131.839933 110.304593 72.885266 113.550547
46.100000 218.175055 155.122789 115.286004 89.976733 74.539188 64.884196 45.347779 28.031721 16.710896 210.610317 172.687405 132.001325 110.443496 72.984860 113.692844
46.150000 218.425811 155.308217 115.429954 90.094195 74.640413 64.975225 45.418038 28.083324 16.750078 210.853249 172.891063 132.162705 110.582387 73.084446 113.835130
46.200000 218.676546 155.493629 115.573893 90.211647 74.741632 65.066248 45.488293 28.134925 16.789260 211.096162 173.094704 132.324072 110.721269 73.184026 113.977405
46.250000 218.927261 155.679027 115.717821 90.329092 74.842843 65.157266 45.558544 28.186523 16.828439 211.339055 173.298329 132.485426 110.860140 73.283598 114.119670
46.300000 219.177955 155.864411 115.861738 90.446528 74.944047 65.248277 45.628790 28.238120 16.867618 211.581928 173.501938 132.646769 110.999000 73.383164 114.261924
46.350000 219.428628 156.049779 116.005644 90.563955 75.045245 65.339282 45.699033 28.289713 16.906795 211.824781 173.705530 132.808098 111.137850 73.482723 114.404167
46.400000 219.679281 156.235133 116.149539 90.681374 75.146436 65.430281 45.769271 28.341304 16.945971 212.067614 173.909106 132.969416 111.276690 73.582276 114.546400
46.450000 219.929913 156.420473 116.293424 90.798785 75.247619 65.521275 45.839506 28.392893 16.985146 212.310428 174.112666 133.130720 111.415519 73.681821 114.688622
46.500000 220.180525 156.605798 116.437298 90.916187 75.348796 65.612262 45.909736 28.444480 17.024320 212.553221 174.316209 133.292013 111.554338 73.781360 114.830833
46.550000 220.431116 156.791108 116.581161 91.033581 75.449966 65.703243 45.979962 28.496064 17.063492 212.795995 174.519736 133.453293 111.693147 73.880892 114.973034
46.600000 220.681687 156.976404 116.725013 91.150966 75.551129 65.794218 46.050184 28.547645 17.102663 213.038749 174.723248 133.614561 111.831945 73.980417 115.115224
46.650000 220.932237 157.161685 116.868855 91.268344 75.652285 65.885188 46.120402 28.599225 17.141833 213.281483 174.926743 133.775816 111.970733 74.079936 115.257403
46.700000 221.182767 157.346952 117.012686 91.385712 75.753434 65.976151 46.190616 28.650802 17.181001 213.524198 175.130222 133.937060 112.109511 74.179448 115.399572
46.750000 221.433277 157.532205 117.156506 91.503073 75.854577 66.067109 46.260825 28.702376 17.220168 213.766893 175.333684 134.098290 112.248279 74.278953 115.541730
46.800000 221.683766 157.717443 117.300315 91.620425 75.955712 66.158060 46.331031 28.753949 17.259334 214.009569 175.537131 134.259509 112.387036 74.378452 115.683878
46.850000 221.934236 157.902666 117.444114 91.737769 76.056841 66.249006 46.401233 28.805518 17.298499 214.252225 175.740562 134.420716 112.525783 74.477944 115.826016
46.900000 222.184685 158.087876 117.587902 91.855105 76.157963 66.339946 46.471431 28.857086 17.337663 214.494861 175.943977 134.581910 112.664521 74.577429 115.968143
46.950000 222.435114 158.273071 117.731680 91.972433 76.259078 66.430880 46.541624 28.908651 17.376825 214.737479 176.147376 134.743092 112.803247 74.676907 116.110259
47.000000 222.685522 158.458252 117.875447 92.089752 76.360187 66.521808 46.611814 28.960214 17.415986 214.980076 176.350759 134.904262 112.941964 74.776379 116.252365
47.050000 222.935911 158.643418 118.019204 92.207063 76.461288 66.612730 46.682000 29.011774 17.455146 215.222655 176.554126 135.065420 113.080671 74.875845 116.394461
47.100000 223.186280 158.828571 118.162950 92.324366 76.562383 66.703647 46.752181 29.063332 17.494304 215.465214 176.757477 135.226566 113.219367 74.975303 116.536546
47.150000 223.436629 159.013709 118.306685 92.441661 76.663471 66.794557 46.822359 29.114888 17.533461 215.707753 176.960813 135.387700 113.358054 75.074756 116.678621
47.200000 223.686957 159.198833 118.450410 92.558947 76.764553 66.885462 46.892533 29.166441 17.572618 215.950274 177.164132 135.548822 113.496730 75.174201 116.820685
47.250000 223.937266 159.383943 118.594124 92.676226 76.865628 66.976361 46.962703 29.217993 17.611772 216.192775 177.367436 135.709931 113.635397 75.273640 116.962739
47.300000 224.187555 159.569038 118.737828 92.793496 76.966696 67.067254 47.032868 29.269541 17.650926 216.435257 177.570725 135.871029 113.774053 75.373073 117.104783
47.350000 224.437824 159.754120 118.881522 92.910758 77.067757 67.158142 47.103030 29.321088 17.690078 216.677720 177.773997 136.032115 113.912700 75.472499 117.246817
47.400000 224.688074 159.939188 119.025205 93.028012 77.168812 67.249023 47.173188 29.372632 17.729230 216.920164 177.977254 136.193189 114.051336 75.571918 117.388840
47.450000 224.938303 160.124241 119.168878 93.145259 77.269860 67.339899 47.243342 29.424174 17.768379 217.162589 178.180495 136.354251 114.189963 75.671331 117.530853
47.500000 225.188513 160.309281 119.312540 93.262497 77.370901 67.430769 47.313492 29.475713 17.807528 217.404994 178.383721 136.515301 114.328579 75.770737 117.672856
47.550000 225.438704 160.494306 119.456192 93.379726 77.471936 67.521633 47.383638 29.527251 17.846676 217.647381 178.586931 136.676339 114.467186 75.870137 117.814848
47.600000 225.688874 160.679318 119.599834 93.496948 77.572964 67.612492 47.453780 29.578786 17.885822 217.889749 178.790126 136.837365 114.605783 75.969531 117.956831
47.650000 225.939025 160.864316 119.743465 93.614162 77.673986 67.703345 47.523919 29.630318 17.924967 218.132098 178.993305 136.998379 114.744370 76.068918 118.098803
47.700000 226.189157 161.049299 119.887086 93.731368 77.775001 67.794192 47.594053 29.681849 17.964111 218.374428 179.196468 137.159382 114.882947 76.168298 118.240765
47.750000 226.439269 161.234269 120.030697 93.848566 77.876009 67.885034 47.664183 29.733377 18.003254 218.616739 179.399616 137.320373 115.021514 76.267672 118.382717
47.800000 226.689361 161.419226 120.174298 93.965756 77.977011 67.975869 47.734310 29.784902 18.042395 218.859031 179.602749 137.481352 115.160071 76.367040 118.524659
47.850000 226.939434 161.604168 120.317888 94.082938 78.078006 68.066700 47.804432 29.836426 18.081535 219.101305 179.805867 137.642319 115.298619 76.466401 118.666591
47.900000 227.189488 161.789096 120.461468 94.200112 78.178995 68.157524 47.874551 29.887947 18.120674 219.343560 180.008969 137.803275 115.437156 76.565756 118.808512
47.950000 227.439522 161.974011 120.605038 94.317278 78.279977 68.248343 47.944666 29.939466 18.159812 219.585796 180.212055 137.964219 115.575684 76.665104 118.950424
48.000000 227.689537 162.158912 120.748598 94.434437 78.380953 68.339156 48.014777 29.990983 18.198949 219.828013 180.415127 138.125151 115.714203 76.764447 119.092325
48.050000 227.939533 162.343799 120.892147 94.551587 78.481922 68.429964 48.084884 30.042497 18.238084 220.070212 180.618183 138.286072 115.852711 76.863782 119.234217
48.100000 228.189509 162.528673 121.035687 94.668729 78.582885 68.520766 48.154988 30.094010 18.277219 220.312392 180.821224 138.446981 115.991210 76.963112 119.376099
48.150000 228.439466 162.713533 121.179216 94.785864 78.683841 68.611562 48.225087 30.145520 18.316352 220.554554 181.024249 138.607878 116.129699 77.062435 119.517970
48.200000 228.689404 162.898379 121.322735 94.902991 78.784791 68.702353 48.295183 30.197027 18.355483 220.796697 181.227260 138.768764 116.268179 77.161751 119.659832
48.250000 228.939323 163.083212 121.466244 95.020110 78.885734 68.793138 48.365275 30.248533 18.394614 221.038822 181.430255 138.929638 116.406649 77.261062 119.801683
48.300000 229.189223 163.268031 121.609743 95.137221 78.986671 68.883917 48.435363 30.300036 18.433744 221.280928 181.633235 139.090501 116.545109 77.360366 119.943525
48.350000 229.439103 163.452837 121.753232 95.254324 79.087601 68.974691 48.505447 30.351537 18.472872 221.523016 181.836201 139.251352 116.683559 77.459664 120.085357
48.400000 229.688965 163.637629 121.896711 95.371420 79.188525 69.065460 48.575527 30.403036 18.511999 221.765086 182.039151 139.412192 116.822000 77.558955 120.227179
48.450000 229.938808 163.822408 122.040180 95.488507 79.289443 69.156223 48.645604 30.454532 18.551125 222.007137 182.242086 139.573020 116.960432 77.658240 120.368991
48.500000 230.188631 164.007173 122.183639 95.605587 79.390354 69.246980 48.715677 30.506027 18.590250 222.249170 182.445006 139.733837 117.098854 77.757519 120.510793
48.550000 230.438436 164.191925 122.327088 95.722659 79.491259 69.337732 48.785746 30.557519 18.629373 222.491184 182.647911 139.894642 117.237266 77.856792 120.652586
48.600000 230.688222 164.376663 122.470528 95.839724 79.592158 69.428478 48.855811 30.609009 18.668496 222.733181 182.850801 140.055436 117.375669 77.956059 120.794368
48.650000 230.937989 164.561388 122.613957 95.956781 79.693050 69.519219 48.925873 30.660496 18.707617 222.975159 183.053676 140.216218 117.514062 78.055319 120.936141
48.700000 231.187737 164.746099 122.757376 96.073830 79.793935 69.609954 48.995930 30.711982 18.746737 223.217119 183.256536 140.376990 117.652446 78.154573 121.077904
48.750000 231.437466 164.930797 122.900785 96.190871 79.894815 69.700684 49.065984 30.763465 18.785856 223.459061 183.459382 140.537749 117.790820 78.253821 121.219658
48.800000 231.687177 165.115482 123.044185 96.307905 79.995688 69.791408 49.136035 30.814946 18.824974 223.700984 183.662212 140.698498 117.929185 78.353063 121.361401
48.850000 231.936869 165.300154 123.187574 96.424931 80.096555 69.882127 49.206081 30.866425 18.864090 223.942890 183.865028 140.859235 118.067540 78.452298 121.503135
48.900000 232.186542 165.484812 123.330954 96.541949 80.197415 69.972841 49.276124 30.917902 18.903206 224.184778 184.067829 141.019961 118.205886 78.551528 121.644859
48.950000 232.436196 165.669457 123.474324 96.658960 80.298269 70.063548 49.346163 30.969376 18.942320 224.426647 184.270615 141.180676 118.344223 78.650751 121.786574
49.000000 232.685832 165.854089 123.617684 96.775963 80.399117 70.154251 49.416198 31.020848 18.981433 224.668499 184.473387 141.341379 118.482550 78.749968 121.928279
49.050000 232.935450 166.038707 123.761035 96.892959 80.499959 70.244948 49.486230 31.072318 19.020545 224.910333 184.676144 141.502071 118.620868 78.849179 122.069974
49.100000 233.185049 166.223313 123.904375 97.009947 80.600794 70.335640 49.556258 31.123786 19.059656 225.152148 184.878886 141.662752 118.759177 78.948384 122.211659
49.150000 233.434629 166.407905 124.047706 97.126927 80.701624 70.426326 49.626282 31.175252 19.098765 225.393946 185.081614 141.823422 118.897476 79.047582 122.353335
49.200000 233.684191 166.592484 124.191027 97.243900 80.802446 70.517007 49.696302 31.226716 19.137874 225.635727 185.284327 141.984081 119.035766 79.146775 122.495002
49.250000 233.933734 166.777050 124.334339 97.360866 80.903263 70.607682 49.766319 31.278177 19.176981 225.877489 185.487025 142.144728 119.174046 79.245961 122.636658
49.300000 234.183259 166.961603 124.477641 97.477823 81.004074 70.698353 49.836332 31.329636 19.216087 226.119234 185.689709 142.305365 119.312317 79.345142 122.778306
49.350000 234.432766 167.146143 124.620933 97.594774 81.104878 70.789017 49.906341 31.381094 19.255192 226.360960 185.892378 142.465990 119.450580 79.444316 122.919943
49.400000 234.682254 167.330670 124.764215 97.711716 81.205676 70.879677 49.976347 31.432549 19.294296 226.602670 186.095033 142.626605 119.588832 79.543485 123.061571
49.450000 234.931725 167.515184 124.907488 97.828652 81.306468 70.970331 50.046349 31.484001 19.333399 226.844361 186.297673 142.787208 119.727076 79.642647 123.203190
49.500000 235.181176 167.699685 125.050751 97.945580 81.407254 71.060980 50.116348 31.535452 19.372501 227.086035 186.500299 142.947800 119.865310 79.741803 123.344799
