web/models/kne/28/Metzger_0.001535_0.030000_0.100000.dat
# %ECSV 0.9
# ---
# datatype:
# - {name: time, datatype: float64}
# - {name: sdss_u, datatype: float64}
# - {name: sdss_g, datatype: float64}
# - {name: sdss_r, datatype: float64}
# - {name: sdss_i, datatype: float64}
# - {name: sdss_z, datatype: float64}
# - {name: PS1_y, datatype: float64}
# - {name: ukirt_J, datatype: float64}
# - {name: ukirt_H, datatype: float64}
# - {name: ukirt_K, datatype: float64}
# - {name: johnson_U, datatype: float64}
# - {name: johnson_B, datatype: float64}
# - {name: johnson_V, datatype: float64}
# - {name: johnson_R, datatype: float64}
# - {name: johnson_I, datatype: float64}
# - {name: Clear, datatype: float64}
# meta: !!omap
# - comment: [vej = 0.03, mej = 0.0015350971392881912, Ye = 0.1, redshift = 0.0]
# schema: astropy-2.0
time sdss_u sdss_g sdss_r sdss_i sdss_z PS1_y ukirt_J ukirt_H ukirt_K johnson_U johnson_B johnson_V johnson_R johnson_I Clear
[from data line 2976]
148.900000 457.719936 333.422741 254.701085 204.559067 173.900529 154.686861 115.678402 80.872861 57.907564 442.821074 368.078061 287.756697 245.116689 170.809660 251.548302
148.950000 457.873339 333.536362 254.789448 204.631300 173.962875 154.742998 115.721891 80.904989 57.932129 442.969714 368.202784 287.855674 245.201972 170.871008 251.635652
149.000000 458.026741 333.649982 254.877810 204.703532 174.025220 154.799135 115.765380 80.937118 57.956694 443.118352 368.327505 287.954651 245.287255 170.932355 251.723002
149.050000 458.180141 333.763601 254.966172 204.775764 174.087565 154.855271 115.808868 80.969246 57.981258 443.266988 368.452225 288.053626 245.372536 170.993702 251.810350
149.100000 458.333538 333.877218 255.054532 204.847994 174.149909 154.911406 115.852356 81.001374 58.005822 443.415622 368.576943 288.152599 245.457816 171.055048 251.897697
149.150000 458.486934 333.990834 255.142891 204.920224 174.212253 154.967541 115.895843 81.033501 58.030387 443.564254 368.701660 288.251572 245.543096 171.116393 251.985044
149.200000 458.640329 334.104449 255.231250 204.992453 174.274596 155.023676 115.939330 81.065629 58.054951 443.712885 368.826375 288.350544 245.628374 171.177738 252.072389
149.250000 458.793721 334.218062 255.319607 205.064682 174.336938 155.079810 115.982817 81.097756 58.079515 443.861513 368.951089 288.449514 245.713652 171.239083 252.159734
149.300000 458.947111 334.331674 255.407964 205.136910 174.399280 155.135943 116.026303 81.129883 58.104079 444.010140 369.075801 288.548484 245.798929 171.300426 252.247077
149.350000 459.100500 334.445285 255.496319 205.209137 174.461621 155.192076 116.069789 81.162010 58.128643 444.158765 369.200512 288.647452 245.884204 171.361770 252.334420
149.400000 459.253886 334.558895 255.584674 205.281363 174.523961 155.248208 116.113275 81.194136 58.153207 444.307389 369.325222 288.746419 245.969479 171.423112 252.421761
149.450000 459.407271 334.672503 255.673027 205.353588 174.586301 155.304340 116.156760 81.226263 58.177770 444.456010 369.449930 288.845385 246.054753 171.484454 252.509102
149.500000 459.560654 334.786109 255.761380 205.425813 174.648640 155.360471 116.200245 81.258389 58.202334 444.604630 369.574636 288.944350 246.140026 171.545795 252.596442
149.550000 459.714035 334.899715 255.849731 205.498037 174.710979 155.416602 116.243730 81.290515 58.226897 444.753248 369.699341 289.043314 246.225298 171.607136 252.683780
149.600000 459.867415 335.013319 255.938082 205.570260 174.773317 155.472732 116.287214 81.322640 58.251461 444.901864 369.824045 289.142277 246.310569 171.668476 252.771118
149.650000 460.020792 335.126922 256.026432 205.642482 174.835654 155.528862 116.330698 81.354766 58.276024 445.050478 369.948747 289.241239 246.395839 171.729816 252.858455
149.700000 460.174167 335.240523 256.114780 205.714704 174.897991 155.584991 116.374181 81.386891 58.300587 445.199091 370.073448 289.340199 246.481108 171.791154 252.945791
149.750000 460.327541 335.354123 256.203128 205.786925 174.960327 155.641119 116.417664 81.419017 58.325150 445.347702 370.198147 289.439158 246.566376 171.852493 253.033125
149.800000 460.480913 335.467722 256.291475 205.859145 175.022663 155.697247 116.461147 81.451141 58.349713 445.496311 370.322844 289.538117 246.651643 171.913830 253.120459
149.850000 460.634283 335.581320 256.379821 205.931364 175.084998 155.753375 116.504629 81.483266 58.374276 445.644918 370.447541 289.637074 246.736910 171.975167 253.207792
149.900000 460.787651 335.694916 256.468165 206.003583 175.147332 155.809502 116.548111 81.515391 58.398838 445.793523 370.572235 289.736030 246.822175 172.036504 253.295124
149.950000 460.941017 335.808511 256.556509 206.075801 175.209666 155.865628 116.591593 81.547515 58.423401 445.942127 370.696929 289.834985 246.907440 172.097840 253.382455
150.000000 461.094383 335.922106 256.644853 206.148019 175.271999 155.921755 116.635075 81.579639 58.447964 446.090730 370.821622 289.933939 246.992704 172.159176 253.469786
