web/models/kne/28/Metzger_0.171250_0.143448_0.100000.dat
# %ECSV 0.9
# ---
# datatype:
# - {name: time, datatype: float64}
# - {name: sdss_u, datatype: float64}
# - {name: sdss_g, datatype: float64}
# - {name: sdss_r, datatype: float64}
# - {name: sdss_i, datatype: float64}
# - {name: sdss_z, datatype: float64}
# - {name: PS1_y, datatype: float64}
# - {name: ukirt_J, datatype: float64}
# - {name: ukirt_H, datatype: float64}
# - {name: ukirt_K, datatype: float64}
# - {name: johnson_U, datatype: float64}
# - {name: johnson_B, datatype: float64}
# - {name: johnson_V, datatype: float64}
# - {name: johnson_R, datatype: float64}
# - {name: johnson_I, datatype: float64}
# - {name: Clear, datatype: float64}
# meta: !!omap
# - comment: [vej = 0.14344827586206896, mej = 0.17124990861880945, Ye = 0.1, redshift = 0.0]
# schema: astropy-2.0
time sdss_u sdss_g sdss_r sdss_i sdss_z PS1_y ukirt_J ukirt_H ukirt_K johnson_U johnson_B johnson_V johnson_R johnson_I Clear
[from data line 2658]
133.000000 263.724609 188.681667 141.231910 111.060826 92.643279 81.116867 57.768168 37.027978 23.427371 254.723979 209.592341 161.146372 135.461024 90.788123 139.333403
133.050000 263.830541 188.760047 141.292797 111.110542 92.686147 81.155435 57.797976 37.049918 23.444072 254.826612 209.678410 161.214610 135.519778 90.830300 139.393589
133.100000 263.936471 188.838425 141.353683 111.160256 92.729014 81.194002 57.827784 37.071857 23.460774 254.929242 209.764476 161.282846 135.578530 90.872476 139.453773
133.150000 264.042397 188.916801 141.414566 111.209969 92.771880 81.232568 57.857591 37.093797 23.477475 255.031869 209.850540 161.351081 135.637281 90.914651 139.513955
133.200000 264.148320 188.995174 141.475449 111.259681 92.814745 81.271133 57.887397 37.115736 23.494176 255.134493 209.936601 161.419313 135.696030 90.956824 139.574136
133.250000 264.254240 189.073546 141.536329 111.309391 92.857609 81.309697 57.917202 37.137674 23.510877 255.237114 210.022660 161.487543 135.754778 90.998997 139.634314
133.300000 264.360157 189.151915 141.597208 111.359100 92.900471 81.348260 57.947007 37.159612 23.527577 255.339732 210.108717 161.555772 135.813523 91.041168 139.694492
133.350000 264.466070 189.230281 141.658085 111.408808 92.943333 81.386823 57.976811 37.181550 23.544277 255.442347 210.194771 161.623999 135.872268 91.083339 139.754667
133.400000 264.571981 189.308646 141.718960 111.458514 92.986193 81.425384 58.006614 37.203487 23.560977 255.544959 210.280822 161.692223 135.931010 91.125508 139.814841
133.450000 264.677888 189.387008 141.779834 111.508219 93.029053 81.463944 58.036417 37.225424 23.577676 255.647567 210.366871 161.760446 135.989751 91.167677 139.875013
133.500000 264.783793 189.465369 141.840706 111.557923 93.071911 81.502504 58.066219 37.247360 23.594376 255.750173 210.452917 161.828667 136.048491 91.209844 139.935184
133.550000 264.889694 189.543726 141.901576 111.607626 93.114768 81.541062 58.096021 37.269296 23.611075 255.852776 210.538961 161.896886 136.107229 91.252010 139.995353
133.600000 264.995592 189.622082 141.962445 111.657327 93.157624 81.579620 58.125821 37.291231 23.627774 255.955376 210.625003 161.965103 136.165965 91.294175 140.055520
133.650000 265.101487 189.700435 142.023312 111.707027 93.200480 81.618176 58.155621 37.313166 23.644472 256.057973 210.711042 162.033318 136.224699 91.336339 140.115686
133.700000 265.207379 189.778787 142.084177 111.756725 93.243333 81.656732 58.185421 37.335101 23.661171 256.160567 210.797079 162.101532 136.283432 91.378502 140.175850
133.750000 265.313268 189.857136 142.145041 111.806422 93.286186 81.695286 58.215219 37.357035 23.677869 256.263158 210.883113 162.169743 136.342164 91.420664 140.236012
133.800000 265.419154 189.935482 142.205903 111.856118 93.329038 81.733840 58.245017 37.378969 23.694567 256.365746 210.969144 162.237953 136.400894 91.462825 140.296173
133.850000 265.525037 190.013827 142.266764 111.905813 93.371889 81.772393 58.274815 37.400903 23.711264 256.468331 211.055174 162.306160 136.459622 91.504985 140.356332
133.900000 265.630916 190.092169 142.327622 111.955506 93.414738 81.810945 58.304611 37.422835 23.727961 256.570913 211.141200 162.374366 136.518349 91.547144 140.416490
133.950000 265.736793 190.170509 142.388479 112.005198 93.457587 81.849495 58.334407 37.444768 23.744659 256.673492 211.227225 162.442570 136.577074 91.589301 140.476646
134.000000 265.842666 190.248847 142.449335 112.054889 93.500434 81.888045 58.364203 37.466700 23.761355 256.776068 211.313247 162.510772 136.635797 91.631458 140.536800
134.050000 265.948536 190.327183 142.510189 112.104578 93.543281 81.926594 58.393997 37.488632 23.778052 256.878641 211.399266 162.578972 136.694519 91.673613 140.596953
134.100000 266.054404 190.405517 142.571041 112.154267 93.586126 81.965142 58.423791 37.510563 23.794748 256.981211 211.485283 162.647170 136.753240 91.715768 140.657104
134.150000 266.160268 190.483848 142.631891 112.203953 93.628970 82.003689 58.453585 37.532494 23.811444 257.083778 211.571297 162.715367 136.811958 91.757921 140.717253
134.200000 266.266129 190.562177 142.692740 112.253639 93.671813 82.042235 58.483377 37.554424 23.828140 257.186342 211.657309 162.783561 136.870676 91.800074 140.777401
134.250000 266.371987 190.640504 142.753587 112.303323 93.714655 82.080781 58.513169 37.576355 23.844836 257.288904 211.743319 162.851754 136.929391 91.842225 140.837547
134.300000 266.477842 190.718829 142.814433 112.353006 93.757496 82.119325 58.542961 37.598284 23.861531 257.391462 211.829326 162.919944 136.988105 91.884375 140.897691
134.350000 266.583694 190.797151 142.875277 112.402688 93.800336 82.157868 58.572751 37.620213 23.878226 257.494017 211.915331 162.988133 137.046818 91.926525 140.957834
134.400000 266.689543 190.875472 142.936119 112.452368 93.843175 82.196410 58.602541 37.642142 23.894921 257.596569 212.001333 163.056320 137.105529 91.968673 141.017975
134.450000 266.795389 190.953790 142.996960 112.502047 93.886013 82.234952 58.632331 37.664071 23.911615 257.699119 212.087333 163.124505 137.164238 92.010820 141.078115
134.500000 266.901232 191.032106 143.057799 112.551725 93.928849 82.273492 58.662119 37.685998 23.928310 257.801665 212.173331 163.192688 137.222946 92.052966 141.138253
134.550000 267.007071 191.110420 143.118636 112.601402 93.971685 82.312032 58.691907 37.707926 23.945004 257.904209 212.259326 163.260870 137.281652 92.095111 141.198390
134.600000 267.112908 191.188731 143.179472 112.651077 94.014520 82.350571 58.721695 37.729853 23.961698 258.006749 212.345318 163.329049 137.340356 92.137255 141.258524
134.650000 267.218742 191.267041 143.240306 112.700751 94.057353 82.389108 58.751481 37.751780 23.978391 258.109287 212.431309 163.397227 137.399059 92.179398 141.318658
134.700000 267.324572 191.345348 143.301139 112.750424 94.100185 82.427645 58.781267 37.773706 23.995084 258.211822 212.517296 163.465403 137.457761 92.221540 141.378789
134.750000 267.430400 191.423653 143.361969 112.800095 94.143017 82.466181 58.811053 37.795632 24.011777 258.314353 212.603282 163.533577 137.516461 92.263681 141.438919
134.800000 267.536224 191.501956 143.422799 112.849765 94.185847 82.504716 58.840838 37.817558 24.028470 258.416882 212.689265 163.601749 137.575159 92.305820 141.499048
134.850000 267.642046 191.580257 143.483626 112.899434 94.228676 82.543250 58.870622 37.839483 24.045163 258.519408 212.775245 163.669919 137.633856 92.347959 141.559174
134.900000 267.747864 191.658555 143.544452 112.949102 94.271504 82.581783 58.900405 37.861407 24.061855 258.621931 212.861224 163.738087 137.692551 92.390097 141.619299
134.950000 267.853680 191.736852 143.605277 112.998768 94.314331 82.620315 58.930188 37.883332 24.078547 258.724451 212.947199 163.806254 137.751245 92.432234 141.679423
135.000000 267.959492 191.815146 143.666099 113.048433 94.357158 82.658846 58.959970 37.905255 24.095239 258.826968 213.033173 163.874418 137.809937 92.474369 141.739545
135.050000 268.065302 191.893438 143.726920 113.098097 94.399982 82.697376 58.989752 37.927179 24.111931 258.929482 213.119144 163.942581 137.868628 92.516504 141.799665
135.100000 268.171108 191.971728 143.787740 113.147759 94.442806 82.735906 59.019532 37.949102 24.128622 259.031994 213.205112 164.010742 137.927317 92.558637 141.859784
135.150000 268.276912 192.050016 143.848558 113.197420 94.485629 82.774434 59.049313 37.971025 24.145313 259.134502 213.291078 164.078901 137.986004 92.600770 141.919901
135.200000 268.382712 192.128302 143.909374 113.247080 94.528451 82.812962 59.079092 37.992947 24.162004 259.237008 213.377042 164.147059 138.044690 92.642901 141.980017
135.250000 268.488510 192.206585 143.970189 113.296739 94.571272 82.851488 59.108871 38.014869 24.178695 259.339510 213.463004 164.215214 138.103375 92.685032 142.040131
135.300000 268.594304 192.284866 144.031002 113.346397 94.614092 82.890014 59.138649 38.036790 24.195385 259.442010 213.548963 164.283368 138.162057 92.727161 142.100243
135.350000 268.700095 192.363146 144.091813 113.396053 94.656910 82.928538 59.168427 38.058711 24.212075 259.544507 213.634919 164.351520 138.220739 92.769290 142.160354
135.400000 268.805884 192.441423 144.152623 113.445708 94.699728 82.967062 59.198204 38.080632 24.228765 259.647001 213.720873 164.419669 138.279419 92.811417 142.220464
135.450000 268.911669 192.519697 144.213431 113.495361 94.742544 83.005585 59.227980 38.102552 24.245455 259.749492 213.806825 164.487818 138.338097 92.853543 142.280571
135.500000 269.017452 192.597970 144.274238 113.545014 94.785360 83.044107 59.257756 38.124472 24.262144 259.851980 213.892775 164.555964 138.396774 92.895669 142.340677
135.550000 269.123231 192.676241 144.335043 113.594665 94.828174 83.082628 59.287531 38.146391 24.278833 259.954465 213.978722 164.624108 138.455449 92.937793 142.400782
135.600000 269.229008 192.754509 144.395847 113.644315 94.870988 83.121148 59.317305 38.168310 24.295522 260.056948 214.064667 164.692251 138.514122 92.979916 142.460885
135.650000 269.334781 192.832776 144.456648 113.693963 94.913800 83.159668 59.347079 38.190229 24.312211 260.159427 214.150609 164.760392 138.572794 93.022039 142.520986
135.700000 269.440552 192.911040 144.517449 113.743611 94.956611 83.198186 59.376852 38.212147 24.328899 260.261904 214.236549 164.828531 138.631465 93.064160 142.581086
135.750000 269.546319 192.989302 144.578247 113.793257 94.999422 83.236703 59.406624 38.234065 24.345587 260.364377 214.322486 164.896668 138.690134 93.106280 142.641184
135.800000 269.652084 193.067562 144.639044 113.842902 95.042231 83.275220 59.436396 38.255982 24.362275 260.466848 214.408422 164.964803 138.748802 93.148399 142.701281
135.850000 269.757845 193.145820 144.699840 113.892545 95.085039 83.313735 59.466167 38.277899 24.378963 260.569316 214.494355 165.032937 138.807468 93.190517 142.761376
135.900000 269.863604 193.224075 144.760634 113.942188 95.127846 83.352250 59.495937 38.299815 24.395650 260.671782 214.580285 165.101069 138.866132 93.232635 142.821469
135.950000 269.969360 193.302329 144.821426 113.991829 95.170652 83.390764 59.525707 38.321732 24.412338 260.774244 214.666213 165.169199 138.924795 93.274751 142.881561
136.000000 270.075113 193.380581 144.882217 114.041469 95.213457 83.429277 59.555476 38.343647 24.429024 260.876703 214.752139 165.237327 138.983456 93.316866 142.941652
136.050000 270.180862 193.458830 144.943006 114.091107 95.256261 83.467789 59.585245 38.365563 24.445711 260.979160 214.838063 165.305453 139.042116 93.358980 143.001741
136.100000 270.286609 193.537077 145.003793 114.140745 95.299065 83.506300 59.615013 38.387478 24.462398 261.081614 214.923984 165.373577 139.100775 93.401093 143.061828
136.150000 270.392353 193.615322 145.064579 114.190381 95.341866 83.544810 59.644780 38.409392 24.479084 261.184064 215.009903 165.441700 139.159432 93.443205 143.121914
136.200000 270.498094 193.693565 145.125364 114.240016 95.384667 83.583319 59.674547 38.431307 24.495770 261.286512 215.095819 165.509821 139.218087 93.485316 143.181998
136.250000 270.603832 193.771806 145.186146 114.289649 95.427467 83.621828 59.704313 38.453220 24.512456 261.388958 215.181733 165.577940 139.276741 93.527426 143.242080
136.300000 270.709567 193.850045 145.246928 114.339282 95.470266 83.660335 59.734078 38.475134 24.529141 261.491400 215.267645 165.646057 139.335393 93.569535 143.302161
136.350000 270.815299 193.928282 145.307707 114.388913 95.513064 83.698842 59.763843 38.497047 24.545827 261.593839 215.353554 165.714173 139.394044 93.611643 143.362241
136.400000 270.921028 194.006516 145.368485 114.438543 95.555861 83.737347 59.793607 38.518959 24.562512 261.696276 215.439461 165.782287 139.452693 93.653750 143.422319
136.450000 271.026754 194.084749 145.429262 114.488172 95.598657 83.775852 59.823371 38.540871 24.579196 261.798710 215.525366 165.850398 139.511341 93.695856 143.482395
136.500000 271.132478 194.162979 145.490037 114.537799 95.641451 83.814356 59.853133 38.562783 24.595881 261.901141 215.611269 165.918509 139.569987 93.737961 143.542470
136.550000 271.238198 194.241207 145.550810 114.587425 95.684245 83.852859 59.882896 38.584695 24.612565 262.003569 215.697169 165.986617 139.628632 93.780065 143.602543
136.600000 271.343915 194.319434 145.611582 114.637050 95.727038 83.891361 59.912657 38.606606 24.629250 262.105994 215.783066 166.054723 139.687275 93.822168 143.662615
136.650000 271.449630 194.397658 145.672352 114.686674 95.769830 83.929862 59.942418 38.628516 24.645933 262.208417 215.868962 166.122828 139.745917 93.864270 143.722685
136.700000 271.555342 194.475880 145.733121 114.736297 95.812620 83.968363 59.972179 38.650427 24.662617 262.310837 215.954855 166.190931 139.804557 93.906371 143.782754
136.750000 271.661050 194.554100 145.793888 114.785918 95.855410 84.006862 60.001938 38.672336 24.679300 262.413254 216.040746 166.259032 139.863196 93.948471 143.842821
136.800000 271.766756 194.632317 145.854654 114.835538 95.898199 84.045360 60.031697 38.694246 24.695984 262.515668 216.126634 166.327132 139.921833 93.990570 143.902886
136.850000 271.872459 194.710533 145.915418 114.885157 95.940986 84.083858 60.061456 38.716155 24.712667 262.618079 216.212520 166.395229 139.980469 94.032668 143.962950
136.900000 271.978159 194.788747 145.976180 114.934775 95.983773 84.122355 60.091214 38.738063 24.729349 262.720487 216.298404 166.463325 140.039104 94.074765 144.023013
136.950000 272.083856 194.866958 146.036941 114.984391 96.026558 84.160851 60.120971 38.759972 24.746032 262.822893 216.384286 166.531419 140.097736 94.116861 144.083074
137.000000 272.189550 194.945168 146.097700 115.034006 96.069343 84.199346 60.150727 38.781880 24.762714 262.925296 216.470165 166.599511 140.156368 94.158956 144.143133
137.050000 272.295241 195.023375 146.158458 115.083620 96.112126 84.237840 60.180483 38.803787 24.779396 263.027696 216.556042 166.667602 140.214997 94.201050 144.203191
137.100000 272.400930 195.101581 146.219214 115.133233 96.154909 84.276333 60.210239 38.825694 24.796078 263.130093 216.641917 166.735691 140.273626 94.243143 144.263247
137.150000 272.506615 195.179784 146.279969 115.182845 96.197690 84.314825 60.239993 38.847601 24.812759 263.232488 216.727789 166.803778 140.332253 94.285235 144.323302
137.200000 272.612298 195.257985 146.340722 115.232455 96.240471 84.353316 60.269747 38.869507 24.829441 263.334879 216.813659 166.871863 140.390878 94.327326 144.383355
137.250000 272.717977 195.336184 146.401473 115.282064 96.283250 84.391807 60.299501 38.891413 24.846122 263.437268 216.899527 166.939946 140.449502 94.369416 144.443407
137.300000 272.823654 195.414382 146.462223 115.331672 96.326029 84.430297 60.329254 38.913319 24.862802 263.539654 216.985392 167.008028 140.508124 94.411506 144.503457
137.350000 272.929328 195.492577 146.522972 115.381279 96.368806 84.468785 60.359006 38.935224 24.879483 263.642038 217.071255 167.076108 140.566745 94.453594 144.563506
137.400000 273.034999 195.570770 146.583719 115.430884 96.411583 84.507273 60.388757 38.957129 24.896163 263.744418 217.157116 167.144186 140.625365 94.495681 144.623553
137.450000 273.140667 195.648960 146.644464 115.480489 96.454358 84.545760 60.418508 38.979033 24.912844 263.846796 217.242975 167.212262 140.683983 94.537767 144.683599
137.500000 273.246333 195.727149 146.705208 115.530092 96.497133 84.584246 60.448259 39.000937 24.929523 263.949171 217.328831 167.280337 140.742599 94.579852 144.743643
137.550000 273.351995 195.805336 146.765950 115.579694 96.539906 84.622732 60.478008 39.022841 24.946203 264.051543 217.414685 167.348410 140.801214 94.621936 144.803686
137.600000 273.457655 195.883521 146.826691 115.629294 96.582679 84.661216 60.507757 39.044744 24.962883 264.153913 217.500537 167.416481 140.859828 94.664019 144.863727
