web/models/kne/28/Metzger_0.003617_0.305517_0.100000.dat
# %ECSV 0.9
# ---
# datatype:
# - {name: time, datatype: float64}
# - {name: sdss_u, datatype: float64}
# - {name: sdss_g, datatype: float64}
# - {name: sdss_r, datatype: float64}
# - {name: sdss_i, datatype: float64}
# - {name: sdss_z, datatype: float64}
# - {name: PS1_y, datatype: float64}
# - {name: ukirt_J, datatype: float64}
# - {name: ukirt_H, datatype: float64}
# - {name: ukirt_K, datatype: float64}
# - {name: johnson_U, datatype: float64}
# - {name: johnson_B, datatype: float64}
# - {name: johnson_V, datatype: float64}
# - {name: johnson_R, datatype: float64}
# - {name: johnson_I, datatype: float64}
# - {name: Clear, datatype: float64}
# meta: !!omap
# - comment: [vej = 0.30551724137931036, mej = 0.0036174920645118385, Ye = 0.1, redshift = 0.0]
# schema: astropy-2.0
time sdss_u sdss_g sdss_r sdss_i sdss_z PS1_y ukirt_J ukirt_H ukirt_K johnson_U johnson_B johnson_V johnson_R johnson_I Clear
[from data line 1428]
71.500000 613.392633 448.025617 343.228418 276.433977 235.568497 209.944942 157.878858 111.345163 80.571279 593.575632 494.141676 387.241556 330.464193 231.447249 339.029779
71.550000 613.810043 448.334900 343.469051 276.630768 235.738415 210.097984 157.997523 111.432951 80.638509 593.980094 494.481132 387.511037 330.696454 231.614455 339.267659
71.600000 614.227438 448.644173 343.709676 276.827553 235.908328 210.251022 158.116185 111.520736 80.705737 594.384542 494.820577 387.780509 330.928707 231.781655 339.505530
71.650000 614.644819 448.953435 343.950292 277.024331 236.078236 210.404056 158.234843 111.608520 80.772964 594.788975 495.160010 388.049972 331.160953 231.948850 339.743393
71.700000 615.062185 449.262686 344.190901 277.221102 236.248138 210.557084 158.353498 111.696301 80.840189 595.193394 495.499432 388.319426 331.393191 232.116040 339.981248
71.750000 615.479536 449.571927 344.431501 277.417868 236.418035 210.710108 158.472149 111.784079 80.907412 595.597799 495.838841 388.588870 331.625420 232.283225 340.219096
71.800000 615.896873 449.881156 344.672094 277.614626 236.587927 210.863127 158.590797 111.871855 80.974634 596.002190 496.178239 388.858306 331.857643 232.450404 340.456935
71.850000 616.314195 450.190376 344.912678 277.811379 236.757813 211.016141 158.709442 111.959629 81.041855 596.406566 496.517625 389.127732 332.089857 232.617578 340.694767
71.900000 616.731502 450.499585 345.153254 278.008125 236.927693 211.169150 158.828083 112.047401 81.109074 596.810929 496.856999 389.397149 332.322064 232.784746 340.932590
71.950000 617.148794 450.808783 345.393822 278.204864 237.097569 211.322155 158.946720 112.135170 81.176291 597.215277 497.196361 389.666557 332.554263 232.951910 341.170406
72.000000 617.566072 451.117970 345.634382 278.401597 237.267438 211.475155 159.065354 112.222937 81.243507 597.619611 497.535712 389.935956 332.786454 233.119068 341.408213
72.050000 617.983335 451.427147 345.874934 278.598324 237.437303 211.628150 159.183985 112.310702 81.310722 598.023930 497.875050 390.205346 333.018638 233.286221 341.646013
72.100000 618.400584 451.736313 346.115479 278.795045 237.607162 211.781141 159.302612 112.398465 81.377934 598.428236 498.214378 390.474726 333.250813 233.453368 341.883804
72.150000 618.817817 452.045469 346.356015 278.991759 237.777016 211.934126 159.421235 112.486225 81.445146 598.832527 498.553693 390.744098 333.482981 233.620510 342.121588
72.200000 619.235037 452.354614 346.596543 279.188466 237.946864 212.087107 159.539855 112.573983 81.512355 599.236804 498.892997 391.013460 333.715142 233.787647 342.359364
72.250000 619.652241 452.663749 346.837063 279.385168 238.116707 212.240083 159.658472 112.661738 81.579564 599.641067 499.232289 391.282814 333.947295 233.954779 342.597132
72.300000 620.069431 452.972872 347.077575 279.581863 238.286545 212.393055 159.777085 112.749492 81.646770 600.045316 499.571569 391.552158 334.179440 234.121905 342.834892
72.350000 620.486606 453.281986 347.318079 279.778551 238.456377 212.546022 159.895695 112.837243 81.713976 600.449551 499.910838 391.821493 334.411577 234.289027 343.072645
72.400000 620.903767 453.591089 347.558575 279.975233 238.626204 212.698984 160.014302 112.924991 81.781179 600.853772 500.250095 392.090820 334.643707 234.456143 343.310389
72.450000 621.320913 453.900181 347.799063 280.171909 238.796026 212.851941 160.132905 113.012738 81.848382 601.257979 500.589340 392.360137 334.875829 234.623253 343.548125
72.500000 621.738045 454.209263 348.039543 280.368579 238.965842 213.004894 160.251504 113.100482 81.915582 601.662171 500.928574 392.629445 335.107943 234.790359 343.785854
72.550000 622.155162 454.518334 348.280015 280.565242 239.135653 213.157841 160.370100 113.188224 81.982781 602.066350 501.267796 392.898744 335.340050 234.957459 344.023575
72.600000 622.572265 454.827395 348.520479 280.761899 239.305458 213.310785 160.488693 113.275963 82.049979 602.470515 501.607006 393.168034 335.572149 235.124554 344.261287
72.650000 622.989353 455.136445 348.760936 280.958549 239.475259 213.463723 160.607282 113.363700 82.117175 602.874665 501.946205 393.437315 335.804240 235.291644 344.498993
72.700000 623.406427 455.445485 349.001384 281.155194 239.645054 213.616657 160.725868 113.451435 82.184369 603.278802 502.285392 393.706587 336.036324 235.458728 344.736690
72.750000 623.823486 455.754514 349.241824 281.351831 239.814843 213.769586 160.844450 113.539168 82.251563 603.682924 502.624568 393.975850 336.268400 235.625808 344.974379
72.800000 624.240531 456.063533 349.482257 281.548463 239.984628 213.922510 160.963029 113.626899 82.318754 604.087033 502.963732 394.245104 336.500469 235.792882 345.212061
72.850000 624.657561 456.372542 349.722681 281.745088 240.154407 214.075430 161.081605 113.714627 82.385944 604.491127 503.302884 394.514349 336.732530 235.959951 345.449734
72.900000 625.074577 456.681540 349.963098 281.941707 240.324180 214.228345 161.200177 113.802353 82.453133 604.895208 503.642025 394.783585 336.964583 236.127014 345.687400
72.950000 625.491578 456.990527 350.203506 282.138320 240.493949 214.381256 161.318746 113.890076 82.520320 605.299275 503.981154 395.052812 337.196629 236.294073 345.925058
73.000000 625.908565 457.299504 350.443907 282.334927 240.663712 214.534161 161.437311 113.977798 82.587505 605.703327 504.320272 395.322030 337.428667 236.461126 346.162709
73.050000 626.325538 457.608471 350.684300 282.531527 240.833470 214.687062 161.555873 114.065517 82.654689 606.107366 504.659378 395.591239 337.660697 236.628174 346.400351
73.100000 626.742496 457.917427 350.924685 282.728121 241.003222 214.839959 161.674431 114.153233 82.721871 606.511391 504.998473 395.860439 337.892720 236.795217 346.637986
73.150000 627.159440 458.226373 351.165062 282.924708 241.172969 214.992850 161.792987 114.240948 82.789052 606.915402 505.337556 396.129631 338.124736 236.962255 346.875613
73.200000 627.576369 458.535309 351.405432 283.121290 241.342711 215.145737 161.911538 114.328660 82.856232 607.319399 505.676628 396.398813 338.356743 237.129287 347.113232
73.250000 627.993284 458.844234 351.645793 283.317865 241.512448 215.298620 162.030087 114.416370 82.923410 607.723382 506.015688 396.667986 338.588744 237.296315 347.350843
73.300000 628.410185 459.153148 351.886146 283.514433 241.682180 215.451497 162.148631 114.504078 82.990586 608.127352 506.354737 396.937151 338.820736 237.463337 347.588447
73.350000 628.827072 459.462053 352.126492 283.710996 241.851906 215.604370 162.267173 114.591783 83.057761 608.531307 506.693774 397.206306 339.052722 237.630354 347.826043
73.400000 629.243944 459.770947 352.366830 283.907552 242.021627 215.757239 162.385711 114.679487 83.124934 608.935249 507.032800 397.475453 339.284699 237.797366 348.063631
73.450000 629.660802 460.079830 352.607160 284.104102 242.191342 215.910103 162.504246 114.767188 83.192106 609.339177 507.371815 397.744591 339.516669 237.964373 348.301211
73.500000 630.077645 460.388704 352.847482 284.300646 242.361053 216.062962 162.622777 114.854886 83.259277 609.743091 507.710818 398.013720 339.748632 238.131374 348.538784
73.550000 630.494474 460.697567 353.087796 284.497184 242.530758 216.215816 162.741305 114.942583 83.326446 610.146991 508.049809 398.282840 339.980587 238.298371 348.776349
73.600000 630.911289 461.006419 353.328103 284.693715 242.700458 216.368666 162.859830 115.030277 83.393613 610.550878 508.388789 398.551951 340.212534 238.465362 349.013906
73.650000 631.328090 461.315262 353.568402 284.890241 242.870152 216.521511 162.978351 115.117969 83.460779 610.954750 508.727758 398.821053 340.444474 238.632348 349.251455
73.700000 631.744877 461.624094 353.808693 285.086760 243.039842 216.674352 163.096869 115.205659 83.527943 611.358609 509.066715 399.090146 340.676407 238.799329 349.488997
73.750000 632.161649 461.932915 354.048976 285.283272 243.209526 216.827188 163.215384 115.293346 83.595106 611.762454 509.405661 399.359231 340.908332 238.966305 349.726531
73.800000 632.578407 462.241727 354.289251 285.479779 243.379205 216.980020 163.333895 115.381032 83.662268 612.166286 509.744596 399.628307 341.140250 239.133276 349.964058
73.850000 632.995151 462.550528 354.529518 285.676279 243.548879 217.132846 163.452403 115.468715 83.729427 612.570103 510.083519 399.897373 341.372160 239.300241 350.201576
73.900000 633.411881 462.859319 354.769778 285.872774 243.718547 217.285669 163.570907 115.556395 83.796586 612.973907 510.422430 400.166432 341.604062 239.467202 350.439088
73.950000 633.828596 463.168099 355.010030 286.069262 243.888210 217.438486 163.689408 115.644074 83.863743 613.377698 510.761331 400.435481 341.835957 239.634157 350.676591
74.000000 634.245298 463.476870 355.250274 286.265743 244.057869 217.591299 163.807906 115.731750 83.930898 613.781474 511.100220 400.704521 342.067845 239.801108 350.914087
74.050000 634.661985 463.785630 355.490511 286.462219 244.227521 217.744108 163.926400 115.819424 83.998052 614.185237 511.439098 400.973553 342.299725 239.968053 351.151575
74.100000 635.078658 464.094380 355.730739 286.658688 244.397169 217.896911 164.044891 115.907096 84.065204 614.588986 511.777964 401.242576 342.531598 240.134993 351.389055
74.150000 635.495317 464.403120 355.970960 286.855152 244.566812 218.049711 164.163379 115.994766 84.132355 614.992722 512.116819 401.511590 342.763463 240.301928 351.626528
74.200000 635.911962 464.711849 356.211174 287.051609 244.736449 218.202505 164.281863 116.082433 84.199505 615.396444 512.455663 401.780595 342.995321 240.468858 351.863993
74.250000 636.328593 465.020568 356.451379 287.248060 244.906081 218.355295 164.400344 116.170098 84.266653 615.800152 512.794495 402.049591 343.227171 240.635783 352.101450
74.300000 636.745209 465.329277 356.691577 287.444505 245.075708 218.508081 164.518822 116.257761 84.333799 616.203847 513.133317 402.318579 343.459014 240.802702 352.338900
74.350000 637.161812 465.637976 356.931767 287.640943 245.245330 218.660862 164.637296 116.345422 84.400944 616.607528 513.472127 402.587558 343.690850 240.969617 352.576342
74.400000 637.578400 465.946665 357.171949 287.837376 245.414946 218.813638 164.755767 116.433080 84.468088 617.011195 513.810925 402.856528 343.922678 241.136526 352.813777
74.450000 637.994975 466.255344 357.412124 288.033802 245.584558 218.966410 164.874235 116.520736 84.535230 617.414849 514.149713 403.125490 344.154499 241.303431 353.051204
74.500000 638.411535 466.564012 357.652290 288.230223 245.754164 219.119177 164.992699 116.608390 84.602370 617.818489 514.488489 403.394443 344.386312 241.470330 353.288623
74.550000 638.828082 466.872670 357.892450 288.426637 245.923765 219.271940 165.111160 116.696042 84.669509 618.222116 514.827254 403.663387 344.618118 241.637225 353.526035
74.600000 639.244614 467.181318 358.132601 288.623045 246.093361 219.424698 165.229618 116.783692 84.736647 618.625729 515.166008 403.932322 344.849917 241.804114 353.763439
74.650000 639.661133 467.489956 358.372745 288.819447 246.262952 219.577451 165.348072 116.871339 84.803783 619.029329 515.504750 404.201248 345.081708 241.970998 354.000836
74.700000 640.077637 467.798584 358.612881 289.015843 246.432538 219.730200 165.466523 116.958984 84.870917 619.432915 515.843482 404.470166 345.313492 242.137877 354.238225
74.750000 640.494127 468.107202 358.853010 289.212233 246.602118 219.882945 165.584971 117.046627 84.938051 619.836488 516.182202 404.739076 345.545268 242.304751 354.475606
74.800000 640.910604 468.415809 359.093130 289.408616 246.771693 220.035685 165.703415 117.134268 85.005182 620.240047 516.520911 405.007976 345.777037 242.471621 354.712980
74.850000 641.327066 468.724407 359.333244 289.604994 246.941264 220.188420 165.821856 117.221906 85.072312 620.643592 516.859608 405.276868 346.008799 242.638485 354.950347
74.900000 641.743515 469.032994 359.573349 289.801365 247.110829 220.341151 165.940294 117.309542 85.139441 621.047125 517.198295 405.545751 346.240553 242.805344 355.187705
74.950000 642.159950 469.341572 359.813447 289.997731 247.280389 220.493878 166.058729 117.397176 85.206568 621.450643 517.536970 405.814625 346.472300 242.972198 355.425057
75.000000 642.576370 469.650139 360.053537 290.194090 247.449943 220.646599 166.177160 117.484808 85.273694 621.854148 517.875635 406.083491 346.704040 243.139047 355.662400
75.050000 642.992777 469.958696 360.293620 290.390443 247.619493 220.799317 166.295588 117.572438 85.340818 622.257640 518.214288 406.352348 346.935772 243.305890 355.899736
75.100000 643.409170 470.267243 360.533695 290.586790 247.789038 220.952029 166.414012 117.660065 85.407941 622.661118 518.552930 406.621197 347.167497 243.472729 356.137065
75.150000 643.825549 470.575780 360.773762 290.783131 247.958577 221.104738 166.532434 117.747691 85.475062 623.064583 518.891561 406.890037 347.399215 243.639563 356.374386
75.200000 644.241914 470.884307 361.013822 290.979466 248.128112 221.257441 166.650852 117.835314 85.542182 623.468035 519.230181 407.158868 347.630925 243.806392 356.611700
75.250000 644.658266 471.192824 361.253874 291.175795 248.297641 221.410141 166.769266 117.922934 85.609300 623.871473 519.568789 407.427691 347.862628 243.973216 356.849006
75.300000 645.074603 471.501331 361.493919 291.372118 248.467165 221.562835 166.887678 118.010553 85.676417 624.274898 519.907387 407.696505 348.094324 244.140035 357.086305
75.350000 645.490927 471.809828 361.733956 291.568435 248.636684 221.715526 167.006086 118.098170 85.743533 624.678309 520.245974 407.965310 348.326013 244.306849 357.323596
75.400000 645.907237 472.118315 361.973985 291.764746 248.806198 221.868211 167.124491 118.185784 85.810647 625.081707 520.584549 408.234107 348.557694 244.473658 357.560879
75.450000 646.323533 472.426792 362.214007 291.961051 248.975707 222.020893 167.242892 118.273396 85.877759 625.485092 520.923113 408.502895 348.789368 244.640462 357.798156
75.500000 646.739815 472.735259 362.454021 292.157349 249.145211 222.173569 167.361290 118.361006 85.944870 625.888463 521.261667 408.771675 349.021034 244.807260 358.035424
75.550000 647.156084 473.043716 362.694028 292.353642 249.314710 222.326242 167.479685 118.448614 86.011980 626.291821 521.600209 409.040446 349.252694 244.974054 358.272685
75.600000 647.572338 473.352163 362.934027 292.549929 249.484203 222.478910 167.598077 118.536219 86.079088 626.695166 521.938740 409.309208 349.484346 245.140843 358.509939
75.650000 647.988579 473.660600 363.174018 292.746210 249.653692 222.631573 167.716466 118.623822 86.146194 627.098497 522.277261 409.577962 349.715991 245.307627 358.747185
75.700000 648.404806 473.969027 363.414002 292.942484 249.823175 222.784232 167.834851 118.711423 86.213300 627.501815 522.615770 409.846707 349.947628 245.474406 358.984424
75.750000 648.821020 474.277444 363.653979 293.138753 249.992654 222.936886 167.953233 118.799022 86.280403 627.905120 522.954268 410.115444 350.179259 245.641180 359.221656
75.800000 649.237219 474.585851 363.893948 293.335016 250.162127 223.089536 168.071611 118.886619 86.347505 628.308411 523.292755 410.384172 350.410882 245.807949 359.458880
75.850000 649.653405 474.894249 364.133909 293.531273 250.331596 223.242181 168.189987 118.974214 86.414606 628.711689 523.631232 410.652892 350.642498 245.974713 359.696096
75.900000 650.069578 475.202636 364.373863 293.727523 250.501059 223.394822 168.308359 119.061806 86.481706 629.114954 523.969697 410.921603 350.874106 246.141473 359.933305
75.950000 650.485736 475.511014 364.613809 293.923768 250.670517 223.547459 168.426728 119.149396 86.548803 629.518206 524.308151 411.190306 351.105708 246.308227 360.170507
76.000000 650.901881 475.819381 364.853748 294.120007 250.839970 223.700091 168.545094 119.236984 86.615900 629.921445 524.646595 411.459000 351.337302 246.474976 360.407701
