web/models/kne/28/Metzger_0.030838_0.046207_0.100000.dat
# %ECSV 0.9
# ---
# datatype:
# - {name: time, datatype: float64}
# - {name: sdss_u, datatype: float64}
# - {name: sdss_g, datatype: float64}
# - {name: sdss_r, datatype: float64}
# - {name: sdss_i, datatype: float64}
# - {name: sdss_z, datatype: float64}
# - {name: PS1_y, datatype: float64}
# - {name: ukirt_J, datatype: float64}
# - {name: ukirt_H, datatype: float64}
# - {name: ukirt_K, datatype: float64}
# - {name: johnson_U, datatype: float64}
# - {name: johnson_B, datatype: float64}
# - {name: johnson_V, datatype: float64}
# - {name: johnson_R, datatype: float64}
# - {name: johnson_I, datatype: float64}
# - {name: Clear, datatype: float64}
# meta: !!omap
# - comment: [vej = 0.046206896551724136, mej = 0.030838049338899946, Ye = 0.1, redshift = 0.0]
# schema: astropy-2.0
time sdss_u sdss_g sdss_r sdss_i sdss_z PS1_y ukirt_J ukirt_H ukirt_K johnson_U johnson_B johnson_V johnson_R johnson_I Clear
[from data line 2860]
143.100000 245.650748 175.867705 131.757498 103.719125 86.608802 75.903318 54.226937 34.988796 22.388251 237.279994 195.310578 150.268606 126.393859 84.885609 129.992936
143.150000 245.741012 175.934475 131.809352 103.761454 86.645292 75.936141 54.252291 35.007441 22.402430 237.367445 195.383904 150.326729 126.443895 84.921510 130.044192
143.200000 245.831274 176.001245 131.861206 103.803782 86.681782 75.968965 54.277645 35.026086 22.416608 237.454894 195.457230 150.384851 126.493930 84.957410 130.095448
143.250000 245.921535 176.068014 131.913059 103.846110 86.718271 76.001787 54.302999 35.044731 22.430787 237.542342 195.530554 150.442972 126.543964 84.993310 130.146703
143.300000 246.011795 176.134782 131.964912 103.888437 86.754760 76.034610 54.328352 35.063376 22.444965 237.629789 195.603878 150.501092 126.593998 85.029210 130.197958
143.350000 246.102054 176.201549 132.016764 103.930764 86.791249 76.067432 54.353706 35.082021 22.459144 237.717234 195.677200 150.559212 126.644031 85.065109 130.249211
143.400000 246.192311 176.268315 132.068616 103.973091 86.827737 76.100254 54.379059 35.100666 22.473322 237.804678 195.750522 150.617331 126.694064 85.101008 130.300465
143.450000 246.282567 176.335080 132.120466 104.015417 86.864225 76.133076 54.404412 35.119311 22.487501 237.892121 195.823842 150.675449 126.744096 85.136907 130.351717
143.500000 246.372822 176.401845 132.172316 104.057742 86.900713 76.165897 54.429765 35.137956 22.501679 237.979563 195.897162 150.733566 126.794127 85.172805 130.402969
143.550000 246.463076 176.468608 132.224166 104.100067 86.937200 76.198718 54.455118 35.156601 22.515858 238.067004 195.970480 150.791683 126.844158 85.208703 130.454220
143.600000 246.553328 176.535371 132.276015 104.142392 86.973687 76.231539 54.480470 35.175245 22.530037 238.154443 196.043798 150.849799 126.894188 85.244600 130.505471
143.650000 246.643579 176.602133 132.327863 104.184716 87.010174 76.264360 54.505823 35.193890 22.544215 238.241881 196.117114 150.907914 126.944218 85.280498 130.556721
143.700000 246.733829 176.668893 132.379711 104.227040 87.046660 76.297180 54.531175 35.212535 22.558394 238.329318 196.190430 150.966029 126.994247 85.316395 130.607971
143.750000 246.824077 176.735654 132.431558 104.269363 87.083146 76.330000 54.556527 35.231179 22.572573 238.416754 196.263745 151.024143 127.044275 85.352291 130.659220
143.800000 246.914325 176.802413 132.483404 104.311686 87.119631 76.362819 54.581879 35.249824 22.586751 238.504189 196.337058 151.082256 127.094303 85.388187 130.710468
143.850000 247.004571 176.869171 132.535250 104.354009 87.156116 76.395638 54.607230 35.268468 22.600930 238.591622 196.410371 151.140368 127.144331 85.424083 130.761716
143.900000 247.094815 176.935928 132.587095 104.396330 87.192601 76.428457 54.632582 35.287112 22.615109 238.679054 196.483683 151.198480 127.194357 85.459978 130.812963
143.950000 247.185059 177.002685 132.638940 104.438652 87.229085 76.461276 54.657933 35.305757 22.629287 238.766485 196.556993 151.256591 127.244383 85.495873 130.864209
144.000000 247.275301 177.069441 132.690784 104.480973 87.265569 76.494094 54.683284 35.324401 22.643466 238.853915 196.630303 151.314701 127.294409 85.531768 130.915455
144.050000 247.365542 177.136196 132.742627 104.523293 87.302053 76.526913 54.708635 35.343045 22.657645 238.941343 196.703612 151.372811 127.344434 85.567663 130.966701
144.100000 247.455782 177.202950 132.794470 104.565614 87.338536 76.559730 54.733986 35.361689 22.671824 239.028770 196.776920 151.430919 127.394458 85.603557 131.017945
144.150000 247.546020 177.269703 132.846312 104.607933 87.375019 76.592548 54.759337 35.380333 22.686002 239.116197 196.850227 151.489027 127.444482 85.639450 131.069189
144.200000 247.636257 177.336455 132.898154 104.650252 87.411501 76.625365 54.784687 35.398977 22.700181 239.203621 196.923532 151.547135 127.494505 85.675344 131.120433
144.250000 247.726493 177.403206 132.949995 104.692571 87.447984 76.658182 54.810037 35.417621 22.714360 239.291045 196.996837 151.605241 127.544528 85.711237 131.171676
144.300000 247.816728 177.469957 133.001835 104.734889 87.484465 76.690998 54.835388 35.436265 22.728539 239.378467 197.070141 151.663347 127.594550 85.747129 131.222918
144.350000 247.906961 177.536707 133.053675 104.777207 87.520947 76.723815 54.860737 35.454908 22.742718 239.465889 197.143444 151.721452 127.644571 85.783022 131.274159
144.400000 247.997194 177.603455 133.105514 104.819524 87.557428 76.756631 54.886087 35.473552 22.756896 239.553309 197.216746 151.779557 127.694592 85.818914 131.325400
144.450000 248.087424 177.670203 133.157352 104.861841 87.593909 76.789446 54.911437 35.492196 22.771075 239.640727 197.290047 151.837661 127.744612 85.854805 131.376641
144.500000 248.177654 177.736950 133.209190 104.904158 87.630389 76.822262 54.936786 35.510839 22.785254 239.728145 197.363347 151.895764 127.794632 85.890696 131.427881
144.550000 248.267882 177.803697 133.261027 104.946474 87.666869 76.855077 54.962135 35.529483 22.799433 239.815561 197.436646 151.953866 127.844651 85.926587 131.479120
144.600000 248.358110 177.870442 133.312864 104.988789 87.703349 76.887892 54.987484 35.548126 22.813612 239.902977 197.509944 152.011968 127.894670 85.962478 131.530359
144.650000 248.448336 177.937187 133.364700 105.031104 87.739828 76.920706 55.012833 35.566770 22.827791 239.990391 197.583241 152.070068 127.944688 85.998368 131.581597
144.700000 248.538560 178.003930 133.416535 105.073419 87.776307 76.953520 55.038182 35.585413 22.841970 240.077803 197.656537 152.128169 127.994705 86.034258 131.632834
144.750000 248.628784 178.070673 133.468370 105.115733 87.812786 76.986334 55.063531 35.604056 22.856148 240.165215 197.729833 152.186268 128.044722 86.070147 131.684071
144.800000 248.719006 178.137415 133.520204 105.158047 87.849264 77.019148 55.088879 35.622699 22.870327 240.252625 197.803127 152.244367 128.094738 86.106036 131.735307
144.850000 248.809227 178.204156 133.572037 105.200360 87.885742 77.051961 55.114227 35.641343 22.884506 240.340035 197.876420 152.302465 128.144753 86.141925 131.786543
144.900000 248.899446 178.270896 133.623870 105.242673 87.922219 77.084774 55.139575 35.659986 22.898685 240.427443 197.949712 152.360562 128.194768 86.177814 131.837778
144.950000 248.989665 178.337635 133.675703 105.284985 87.958696 77.117587 55.164923 35.678629 22.912864 240.514849 198.023003 152.418659 128.244783 86.213702 131.889012
145.000000 249.079882 178.404374 133.727534 105.327297 87.995173 77.150399 55.190271 35.697272 22.927043 240.602255 198.096294 152.476754 128.294797 86.249590 131.940246
145.050000 249.170098 178.471112 133.779365 105.369608 88.031650 77.183211 55.215618 35.715915 22.941222 240.689659 198.169583 152.534850 128.344810 86.285477 131.991479
145.100000 249.260312 178.537848 133.831196 105.411919 88.068126 77.216023 55.240966 35.734557 22.955401 240.777062 198.242872 152.592944 128.394823 86.321364 132.042712
145.150000 249.350526 178.604584 133.883026 105.454230 88.104601 77.248835 55.266313 35.753200 22.969580 240.864464 198.316159 152.651038 128.444835 86.357251 132.093944
145.200000 249.440738 178.671319 133.934855 105.496540 88.141077 77.281646 55.291660 35.771843 22.983759 240.951865 198.389445 152.709131 128.494846 86.393137 132.145175
145.250000 249.530949 178.738053 133.986684 105.538850 88.177552 77.314457 55.317006 35.790485 22.997938 241.039265 198.462731 152.767223 128.544857 86.429023 132.196406
145.300000 249.621159 178.804787 134.038512 105.581159 88.214027 77.347268 55.342353 35.809128 23.012117 241.126663 198.536016 152.825315 128.594868 86.464909 132.247636
145.350000 249.711367 178.871519 134.090339 105.623467 88.250501 77.380078 55.367700 35.827771 23.026296 241.214060 198.609299 152.883405 128.644877 86.500794 132.298866
145.400000 249.801574 178.938251 134.142166 105.665776 88.286975 77.412888 55.393046 35.846413 23.040475 241.301456 198.682582 152.941496 128.694887 86.536679 132.350095
145.450000 249.891780 179.004982 134.193992 105.708083 88.323448 77.445698 55.418392 35.865055 23.054654 241.388851 198.755863 152.999585 128.744895 86.572564 132.401323
145.500000 249.981985 179.071712 134.245818 105.750391 88.359922 77.478507 55.443738 35.883698 23.068833 241.476245 198.829144 153.057674 128.794903 86.608448 132.452551
145.550000 250.072189 179.138441 134.297643 105.792698 88.396395 77.511316 55.469084 35.902340 23.083012 241.563637 198.902424 153.115762 128.844911 86.644332 132.503778
145.600000 250.162391 179.205169 134.349467 105.835004 88.432867 77.544125 55.494429 35.920982 23.097192 241.651028 198.975703 153.173849 128.894918 86.680216 132.555005
145.650000 250.252592 179.271896 134.401291 105.877310 88.469339 77.576934 55.519775 35.939624 23.111371 241.738418 199.048980 153.231936 128.944924 86.716099 132.606231
145.700000 250.342792 179.338623 134.453114 105.919616 88.505811 77.609742 55.545120 35.958266 23.125550 241.825807 199.122257 153.290022 128.994930 86.751982 132.657456
145.750000 250.432990 179.405349 134.504936 105.961921 88.542282 77.642550 55.570465 35.976908 23.139729 241.913195 199.195533 153.348107 129.044935 86.787864 132.708681
145.800000 250.523188 179.472073 134.556758 106.004225 88.578754 77.675358 55.595810 35.995550 23.153908 242.000581 199.268808 153.406191 129.094940 86.823747 132.759905
145.850000 250.613384 179.538797 134.608580 106.046530 88.615224 77.708165 55.621155 36.014192 23.168087 242.087967 199.342082 153.464275 129.144944 86.859628 132.811129
145.900000 250.703578 179.605520 134.660401 106.088833 88.651695 77.740972 55.646499 36.032834 23.182266 242.175351 199.415355 153.522358 129.194947 86.895510 132.862352
145.950000 250.793772 179.672243 134.712221 106.131137 88.688165 77.773779 55.671844 36.051476 23.196446 242.262734 199.488627 153.580440 129.244950 86.931391 132.913574
146.000000 250.883964 179.738964 134.764040 106.173440 88.724634 77.806586 55.697188 36.070118 23.210625 242.350115 199.561898 153.638522 129.294952 86.967272 132.964796
146.050000 250.974156 179.805685 134.815859 106.215742 88.761104 77.839392 55.722532 36.088759 23.224804 242.437496 199.635168 153.696603 129.344954 87.003153 133.016017
146.100000 251.064345 179.872404 134.867677 106.258044 88.797573 77.872198 55.747876 36.107401 23.238983 242.524875 199.708438 153.754683 129.394955 87.039033 133.067238
146.150000 251.154534 179.939123 134.919495 106.300345 88.834041 77.905003 55.773219 36.126042 23.253162 242.612253 199.781706 153.812763 129.444956 87.074913 133.118458
146.200000 251.244722 180.005841 134.971312 106.342646 88.870510 77.937809 55.798563 36.144684 23.267342 242.699630 199.854973 153.870841 129.494956 87.110792 133.169677
146.250000 251.334908 180.072558 135.023129 106.384947 88.906978 77.970614 55.823906 36.163325 23.281521 242.787006 199.928239 153.928920 129.544955 87.146671 133.220896
146.300000 251.425093 180.139275 135.074945 106.427247 88.943445 78.003418 55.849250 36.181967 23.295700 242.874381 200.001505 153.986997 129.594954 87.182550 133.272114
146.350000 251.515277 180.205990 135.126760 106.469547 88.979912 78.036223 55.874593 36.200608 23.309879 242.961754 200.074769 154.045074 129.644952 87.218428 133.323332
146.400000 251.605459 180.272705 135.178575 106.511846 89.016379 78.069027 55.899935 36.219249 23.324059 243.049126 200.148033 154.103150 129.694950 87.254306 133.374549
146.450000 251.695640 180.339419 135.230389 106.554145 89.052846 78.101831 55.925278 36.237890 23.338238 243.136497 200.221295 154.161225 129.744947 87.290184 133.425766
146.500000 251.785821 180.406132 135.282202 106.596443 89.089312 78.134635 55.950621 36.256531 23.352417 243.223867 200.294557 154.219299 129.794944 87.326062 133.476982
146.550000 251.875999 180.472844 135.334015 106.638741 89.125778 78.167438 55.975963 36.275172 23.366596 243.311236 200.367817 154.277373 129.844940 87.361939 133.528197
146.600000 251.966177 180.539555 135.385827 106.681039 89.162243 78.200241 56.001305 36.293813 23.380776 243.398604 200.441077 154.335447 129.894935 87.397815 133.579412
146.650000 252.056353 180.606265 135.437639 106.723336 89.198708 78.233043 56.026647 36.312454 23.394955 243.485970 200.514336 154.393519 129.944930 87.433692 133.630626
146.700000 252.146529 180.672975 135.489450 106.765632 89.235173 78.265846 56.051989 36.331095 23.409134 243.573335 200.587594 154.451591 129.994924 87.469568 133.681839
146.750000 252.236703 180.739684 135.541261 106.807929 89.271637 78.298648 56.077330 36.349736 23.423314 243.660699 200.660850 154.509662 130.044918 87.505443 133.733052
146.800000 252.326875 180.806392 135.593071 106.850224 89.308102 78.331450 56.102672 36.368376 23.437493 243.748062 200.734106 154.567732 130.094911 87.541319 133.784264
146.850000 252.417047 180.873099 135.644880 106.892519 89.344565 78.364251 56.128013 36.387017 23.451672 243.835423 200.807361 154.625802 130.144903 87.577194 133.835476
146.900000 252.507217 180.939805 135.696689 106.934814 89.381029 78.397053 56.153354 36.405658 23.465852 243.922784 200.880615 154.683871 130.194895 87.613068 133.886687
146.950000 252.597386 181.006510 135.748497 106.977109 89.417492 78.429854 56.178695 36.424298 23.480031 244.010143 200.953868 154.741939 130.244887 87.648943 133.937898
147.000000 252.687554 181.073215 135.800304 107.019402 89.453954 78.462654 56.204036 36.442939 23.494211 244.097501 201.027120 154.800007 130.294878 87.684817 133.989108
147.050000 252.777721 181.139918 135.852111 107.061696 89.490416 78.495455 56.229377 36.461579 23.508390 244.184858 201.100371 154.858073 130.344868 87.720690 134.040317
147.100000 252.867886 181.206621 135.903917 107.103989 89.526878 78.528255 56.254717 36.480219 23.522569 244.272214 201.173622 154.916140 130.394858 87.756564 134.091526
147.150000 252.958050 181.273323 135.955723 107.146282 89.563340 78.561054 56.280058 36.498860 23.536749 244.359569 201.246871 154.974205 130.444847 87.792437 134.142734
147.200000 253.048213 181.340025 136.007528 107.188574 89.599801 78.593854 56.305398 36.517500 23.550928 244.446922 201.320119 155.032270 130.494835 87.828309 134.193942
147.250000 253.138375 181.406725 136.059333 107.230865 89.636262 78.626653 56.330738 36.536140 23.565108 244.534274 201.393366 155.090334 130.544823 87.864182 134.245149
147.300000 253.228535 181.473424 136.111136 107.273157 89.672723 78.659452 56.356077 36.554780 23.579287 244.621625 201.466613 155.148397 130.594811 87.900054 134.296355
147.350000 253.318695 181.540123 136.162940 107.315447 89.709183 78.692251 56.381417 36.573420 23.593467 244.708975 201.539858 155.206460 130.644798 87.935925 134.347561
147.400000 253.408853 181.606821 136.214742 107.357738 89.745643 78.725049 56.406756 36.592060 23.607646 244.796324 201.613103 155.264522 130.694784 87.971796 134.398767
147.450000 253.499010 181.673518 136.266544 107.400028 89.782102 78.757847 56.432096 36.610700 23.621825 244.883671 201.686346 155.322583 130.744770 88.007667 134.449971
147.500000 253.589165 181.740214 136.318346 107.442317 89.818561 78.790645 56.457435 36.629340 23.636005 244.971018 201.759589 155.380644 130.794755 88.043538 134.501175
147.550000 253.679320 181.806909 136.370147 107.484606 89.855020 78.823442 56.482774 36.647980 23.650184 245.058363 201.832831 155.438704 130.844739 88.079408 134.552379
147.600000 253.769473 181.873604 136.421947 107.526895 89.891479 78.856239 56.508112 36.666619 23.664364 245.145707 201.906072 155.496763 130.894723 88.115278 134.603582
147.650000 253.859625 181.940297 136.473747 107.569183 89.927937 78.889036 56.533451 36.685259 23.678543 245.233050 201.979311 155.554821 130.944707 88.151148 134.654784
147.700000 253.949776 182.006990 136.525546 107.611470 89.964394 78.921833 56.558789 36.703898 23.692723 245.320392 202.052550 155.612879 130.994690 88.187017 134.705986
