web/models/kne/28/mosfit_kn_0.218327_0.1710_0.5000.dat
# %ECSV 1.0
# ---
# datatype:
# - {name: time, datatype: float64}
# - {name: PS1_g, datatype: float64}
# - {name: PS1_i, datatype: float64}
# - {name: PS1_r, datatype: float64}
# - {name: PS1_w, datatype: float64}
# - {name: PS1_y, datatype: float64}
# - {name: PS1_z, datatype: float64}
# - {name: swift_uvot_B, datatype: float64}
# - {name: swift_uvot_U, datatype: float64}
# - {name: swift_uvot_uvm2, datatype: float64}
# - {name: swift_uvot_uvw1, datatype: float64}
# - {name: swift_uvot_uvw2, datatype: float64}
# - {name: swift_uvot_V, datatype: float64}
# - {name: johnson_B, datatype: float64}
# - {name: johnson_I, datatype: float64}
# - {name: johnson_R, datatype: float64}
# - {name: johnson_U, datatype: float64}
# - {name: johnson_V, datatype: float64}
# - {name: sdss_g, datatype: float64}
# - {name: sdss_i, datatype: float64}
# - {name: sdss_r, datatype: float64}
# - {name: sdss_u, datatype: float64}
# - {name: sdss_z, datatype: float64}
# - {name: ATLAS_c, datatype: float64}
# - {name: ATLAS_o, datatype: float64}
# - {name: ukirt_H, datatype: float64}
# - {name: ukirt_J, datatype: float64}
# - {name: ukirt_K, datatype: float64}
# - {name: Clear, datatype: float64}
# meta: !!omap
# - comment: [kappa = 0.5, type = rprocess, mass = 0.21832694463104688, velocity = 0.17100000000000004, theta_obs = 0.0, tfloor = 1000.0]
# schema: astropy-2.0
time PS1_g PS1_i PS1_r PS1_w PS1_y PS1_z swift_uvot_B swift_uvot_U swift_uvot_uvm2 swift_uvot_uvw1 swift_uvot_uvw2 swift_uvot_V johnson_B johnson_I johnson_R johnson_U johnson_V sdss_g sdss_i sdss_r sdss_u sdss_z ATLAS_c ATLAS_o ukirt_H ukirt_J ukirt_K Clear
[from data line 141]
8.537074148296593 -12.14608983343572 -14.93813282849585 -13.900630031549586 -13.996552926279158 -15.823912715902466 -15.496489722182964 -11.00317335421413 -9.545029118661699 -3.492350101684692 -7.6678939934754275 -5.712235105253342 -12.993307503892996 -11.16737396670937 -15.648580215448533 -14.438671259547046 -9.753707118777008 -13.122991415572399 -11.88331418277384 -14.9199345723504 -13.87566749284602 -8.816114849355507 -15.596087827620586 -12.994333429745257 -14.446475982025166 -16.632369983991207 -16.368609051665892 -16.654694109101765 -14.437303783942799
8.597194388777554 -12.08118153567149 -14.900100092971513 -13.851771896533958 -13.95289757709639 -15.797152506010779 -15.465236103778022 -10.928391536111992 -9.448440214088532 -3.3499185798647373 -7.58103337553111 -5.626943270407224 -12.934865168855485 -11.094922800065138 -15.613898236221814 -14.394017058700161 -9.660516105761758 -13.06631584843801 -11.815998546355502 -14.881602692684783 -13.826312772751024 -8.720967580818666 -15.566273649305273 -12.938954136281371 -14.404227295247232 -16.622133277741163 -16.35083756541471 -16.649565339595075 -14.39999206029011
8.657314629258517 -12.015919514627846 -14.861783834989861 -13.802600074883529 -13.90899615068033 -15.770147165912434 -15.433720319570465 -10.853217709390865 -9.35139271232929 -3.207004374522209 -7.49410294829838 -5.541603008211368 -12.876068518264525 -11.02210635737713 -15.578946129018203 -14.349081150067377 -9.566872643840611 -13.009305098386344 -11.748322011851347 -14.842986373547511 -13.77663856042819 -8.625355204156797 -15.536206498125207 -12.883274119898722 -14.361705570429368 -16.61172459403687 -16.332859867086924 -16.644290481092 -14.362475102065027
8.71743486973948 -11.950298554470002 -14.823180969827021 -13.75311067047404 -13.864845020926602 -15.742894442774293 -15.401939776508549 -10.777645865328928 -9.25387871271667 -3.063597183155731 -7.407092181214576 -5.456200205475618 -12.816912809825418 -10.948919033895205 -15.543721085220252 -14.303860203113079 -9.47276916505632 -12.951954728872115 -11.680279171994119 -14.804082510463648 -13.726640888765758 -8.529269951116074 -15.505883941161827 -12.827288973124809 -14.318907564467143 -16.601142946082327 -16.314674395012023 -16.638868977433653 -14.324749790628104
8.77755511022044 -11.88435060370864 -14.784313124953243 -13.70332951756648 -13.820467808449326 -15.715411561420716 -15.369913448028782 -10.70171175238687 -9.1559421897502 -2.9197597115033096 -7.320037371663783 -5.3707669539264415 -12.757427493515465 -10.875395875179915 -15.508243449879597 -14.258378643205269 -9.378248406806097 -12.894293658861747 -11.611902900690758 -14.764912849980387 -13.67634575716778 -8.432755275444439 -15.47532443821174 -12.771026998173038 -14.275856670412317 -16.590399127421747 -16.296294879565192 -16.63330966825505 -14.286837283443887
8.837675350701403 -11.81805221415896 -14.745165080868059 -13.653238128862988 -13.775847484416186 -15.687686693884544 -15.337628145185587 -10.625388889992326 -9.057549823857123 -2.7754458983563195 -7.2329047384198475 -5.285266495271021 -12.697591059249753 -10.80151133870205 -15.47249904104482 -14.21261950942614 -9.283278154507084 -12.836301090284044 -11.543169012498122 -14.725462085049106 -13.625734493851596 -8.335778317303078 -15.44451528896504 -12.714467718353823 -14.23253655676378 -16.579486327601632 -16.27771222562787 -16.62760733272577 -14.248722504887343
8.897795591182364 -11.751432733748501 -14.705756734684048 -13.602860259299216 -13.731005709508395 -15.659735692407803 -15.30510132764256 -10.548710120290245 -8.95874198844206 -2.630713318084015 -7.14572689303262 -5.19972752615644 -12.637430582175472 -10.727297621637128 -15.436506578129425 -14.166605267714704 -9.18789765856512 -12.778003613843063 -11.474107704090688 -14.685750222379497 -13.574831006914021 -8.238378987196526 -15.413473482027129 -12.657637114851443 -14.188968729032041 -16.568414473436764 -16.258939067994795 -16.621770095767282 -14.210424838472022
8.957915831663327 -11.684507473651955 -14.666098651329289 -13.552208437001045 -13.68595381280059 -15.631567048272501 -15.272342308798148 -10.471692525323288 -8.859539484003438 -2.485591935557834 -7.058518455571257 -5.114161155121714 -12.576960238118168 -10.652771562899947 -15.400276033724644 -14.120347887647242 -9.092127192728043 -12.719415226710689 -11.404734714492228 -14.64578788420356 -13.523647892143611 -8.140577879003121 -15.382208110435585 -12.600548789978863 -14.145164615103827 -16.557189013574845 -16.23998224948652 -16.615802493519404 -14.171954440671097
9.018036072144287 -11.617268379755163 -14.626185840897694 -13.501276486597238 -13.640686008097944 -15.603176986873262 -15.239346822584796 -10.39432693602696 -8.759930509697966 -2.340065949224946 -6.971264762713947 -5.02854980160507 -12.516172692211189 -10.577924457841895 -15.363802806171762 -14.073841888620741 -8.995955413982568 -12.6605289509774 -11.335041716814303 -14.605570050843308 -13.472178891083715 -8.042363390662928 -15.350715114331894 -12.543195788213648 -14.10111889298447 -16.545807974252376 -16.220838981137398 -16.60970314098774 -14.133306231913387
9.07815631262525 -11.549743948073434 -14.586037645651935 -13.450087491976621 -13.59522322292495 -15.574580912166791 -15.206131841668054 -10.31664526558049 -8.659954296304235 -2.1941911105785854 -6.883996568476327 -4.942920692032903 -12.455094279965603 -10.502787552703396 -15.327105087106975 -14.027109065798584 -8.899420475444739 -12.601370626153406 -11.265058031933943 -14.565116171236081 -13.420447245902238 -7.943774331712721 -15.319010999768476 -12.4856032750675 -14.056852414197714 -16.534280947100864 -16.201521514422144 -16.60347985287737 -14.094498881829338
9.138276553106213 -11.481920311918437 -14.545645198417088 -13.398630620370025 -13.549555398209403 -15.54577198661688 -15.1726897120062 -10.238631821784214 -8.559590950785374 -2.0479402737357892 -6.796691880394192 -4.857249278208972 -12.393712317423866 -10.427345791210122 -15.290174640043237 -13.98013958929224 -8.802503187560255 -12.541928056806471 -11.194769347362623 -14.524417326945684 -13.36844200438339 -7.844791111811915 -15.287088424235318 -12.427759169813264 -14.012355677598354 -16.522604088926474 -16.182024647532707 -16.597129742693784 -14.055523501438678
9.198396793587174 -11.413820161807156 -14.505023977239375 -13.34692430975247 -13.503699170680985 -15.516762561939874 -15.139034030976894 -10.160312006833287 -8.458871625486637 -1.9013577851059464 -6.709373961486271 -4.771555659343342 -12.332047809958421 -10.351624067282529 -15.253026032809675 -13.932950903749461 -8.70523387263135 -12.482221874811204 -11.124199005426405 -14.483489081193355 -13.316181729128349 -7.745444572164928 -15.25496062070113 -12.369683505349869 -13.967645354116627 -16.510785119199532 -16.162358222964546 -16.59065911463443 -14.016394920256552
9.258517034068136 -11.345468775591065 -14.464191193489633 -13.294989077320185 -13.457673018170215 -15.487566353843079 -15.10517990961338 -10.081714142649087 -8.357831102183617 -1.754492942610642 -6.622068951725559 -4.685862892300964 -12.270124170045833 -10.275650089017962 -15.215675453664012 -13.885562368102146 -8.607646378081483 -12.42227504157565 -11.053373013739431 -14.442348740205357 -13.263687084499338 -7.6457691525238225 -15.222642282266428 -12.311398557734865 -13.922739948891412 -16.498832554660773 -16.142533140543343 -16.584074889167702 -13.977129574729403
9.318637274549097 -11.27684172979551 -14.423130934639143 -13.242805628340708 -13.411459152578153 -15.45817096245603 -15.071113538501972 -10.002810681920302 -8.256434778519122 -1.6072980367800254 -6.53474182117165 -4.600133955161695 -12.207918986425199 -10.199397269171374 -15.178108063508848 -13.837956262221251 -8.509707248478897 -12.362065881699154 -10.98226618833504 -14.400980301089934 -13.210938587425307 -7.545730734497216 -15.190120105400045 -12.252882956151723 -13.877622382020842 -16.48673917562007 -16.12253982578153 -16.57737147974769 -13.93771170265973
9.37875751503006 -11.20797300245405 -14.381866211094021 -13.19040145016988 -13.365082358840752 -15.42859467045485 -15.036855090145949 -9.923639739350183 -8.15472960744179 -1.4598393020370741 -6.447429241570202 -4.514402508858545 -12.145463709485426 -10.122902812565687 -15.140345479010222 -13.79015841760139 -8.411462141096983 -12.30162517405512 -10.910913499040795 -14.359406901664222 -13.1579639356117 -7.445375794812943 -15.157413678543339 -12.194166589243736 -13.832317365588072 -16.474516223602876 -16.102392745867995 -16.57055795350034 -13.898163317858376
9.438877755511022 -11.13886908252093 -14.340401714650142 -13.137782011978043 -13.318547352365009 -15.39884131707403 -15.002408743149509 -9.844208532288274 -8.052724172177577 -1.3121292944660317 -6.360134005754414 -4.428668992058483 -12.082764450588119 -10.046173890592666 -15.102392156799322 -13.742174152787314 -8.31291949545496 -12.240959010671036 -10.839321602529441 -14.317633258703122 -13.104768624391365 -7.344712900345467 -15.12452710574781 -12.135255197570274 -13.786829924511554 -16.462166230661502 -16.08209504145199 -16.563636450780926 -13.858488608722368
9.498997995991983 -11.069528433434623 -14.298736781789554 -13.08494634981523 -13.271852998553513 -15.368910517449219 -14.967773998864633 -9.76451525739509 -7.9504158575506345 -1.164164950653233 -6.272849145870989 -4.342924344111591 -12.019819916992073 -9.969208911407787 -15.064247536972417 -13.694002798091411 -8.21407688784807 -12.18006627418619 -10.767488889906964 -14.2756587038342 -13.05135166112823 -7.243739551195727 -15.091459963996119 -12.076147475874688 -13.741159335367747 -16.4496891825628 -16.06164654117924 -16.55660708767577 -13.818686574822472
9.559118236472946 -10.999978536105797 -14.256890106506113 -13.031916756426227 -13.225019257855557 -15.338817146280412 -14.93296726162411 -9.684590748051775 -7.8478425850006595 -1.0159996421586142 -6.185602929120098 -4.257194316168857 -11.95665560831711 -9.892037957578989 -15.025929186706144 -13.645665302986238 -8.114971222545979 -12.118971917154882 -10.695443640113549 -14.233502034316494 -12.997735514884514 -7.142493322603247 -15.05822818395023 -12.016867552213082 -13.695325619628527 -16.4370942215306 -16.041059018239636 -16.549477229510178 -13.77877489709011
9.619238476953907 -10.930210239441767 -14.214855944550937 -12.978686164403701 -13.178039429851616 -15.30855680956586 -14.897983594951238 -9.604424647302771 -7.744991125343859 -0.867615460403111 -6.098379108340115 -4.171460929437071 -11.893263213736233 -9.814651118469605 -14.987431785310942 -13.597155307560335 -8.0155897807646 -12.057667983027843 -10.623176402429593 -14.191157472778784 -12.943913039489647 -7.0409612296334245 -15.024827045310971 -11.957407425087219 -13.649322590063022 -16.42437890658792 -16.020329153010575 -16.542245055704342 -13.73874762966544
9.67935871743487 -10.860239957766673 -14.172645609031331 -12.925267998053762 -13.130925391739865 -15.278138559883896 -14.862832957384633 -9.52403535391695 -7.641883965883967 -0.7190441884770165 -6.011192440284372 -4.0857368492360315 -11.82965803193331 -9.737066386076684 -14.948765984729643 -13.54848549572375 -7.915954495934223 -11.996169484588178 -10.550704058318221 -14.148636394442402 -12.889897762163987 -6.939165599447303 -14.991266237641216 -11.897781495547637 -13.603162333258041 -16.411548862146322 -15.999464149718463 -16.534915128533548 -13.69861527345952
9.739478957915832 -10.790091191238815 -14.130275150310947 -12.871681367605099 -13.08369413465691 -15.247575184067372 -14.827529445676877 -9.443449244731223 -7.538553505700545 -0.5703312744043414 -5.924066086303039 -4.00004314198123 -11.765861923850089 -9.659309472363876 -14.909946870544434 -13.499673814902621 -7.816096920921762 -11.93449780455916 -10.478050787619644 -14.105954938134726 -12.835708950847646 -6.837138568391072 -14.957559449322684 -11.83801035112074 -13.556861985945261 -16.398611936220902 -15.97847412724029 -16.527493757562702 -13.658392834506525
9.799599198396793 -10.719749278936739 -14.087735139507469 -12.81791478337512 -13.03633493571116 -15.216859378280159 -14.792064903195108 -9.362649775626732 -7.43497884560135 -0.4214481071118774 -5.836977286956184 -3.9143557109919445 -11.701861496483758 -9.58136444983872 -14.870965668814382 -13.450709782848158 -7.7159968964700205 -11.872640035156044 -10.405201466164353 -14.06310362148437 -12.781335000712595 -6.7348595735608185 -14.923698842175952 -11.778081144649892 -13.510411400923132 -16.385563923680323 -15.95735347973184 -16.519977712008075 -13.61807079731511
9.859719438877756 -10.649233597281569 -14.045038873926163 -12.763984048812826 -12.98886176788363 -15.18600175625874 -14.756451021766477 -9.28165869349358 -7.33118664367769 -0.27243208284135445 -5.749944261360245 -3.8286909513209575 -11.637674812196892 -9.503252522618343 -14.831834884663852 -13.401608259233335 -7.615680406884337 -11.81061385442918 -10.332176027305149 -14.020095814963618 -12.726791846747822 -6.63235508135017 -14.889695774879801 -11.718010832680132 -13.463824749670614 -16.372411353486168 -15.936110617867882 -16.512372245558705 -13.577661483899135
9.919839679358716 -10.578571626391167 -14.00220507353282 -12.709911473087239 -12.941294443859377 -15.15501720745334 -14.720704231416093 -9.200506870465095 -7.22721489433793 -0.12333617630384364 -5.66299477802664 -3.7430747948288743 -11.573327444227008 -9.42500371788411 -14.792572097899505 -13.35239011925226 -7.5151844389814855 -11.748444226103503 -10.25900275089036 -13.976950341773584 -12.672101993682485 -6.52966277962884 -14.855566183209739 -11.6578234414043 -13.417121976460553 -16.359163298517686 -15.914757288498684 -16.50468460882855 -13.537182354125488
9.97995991983968 -10.507742422302186 -13.959220103970953 -12.655680520858326 -12.893617674079536 -15.123895107950887 -14.68481270001675 -9.119170701906924 -7.123033943976473 0.025880390106817863 -5.576098786686892 -3.6574762197187236 -11.508800194891162 -9.346595252009799 -14.753164594562637 -13.30304018675487 -7.414480339064486 -11.686112593814924 -10.185660042929907 -13.93365349082801 -12.61724874735263 -6.426753450733695 -14.821298672460888 -11.597500610794729 -13.370288426460704 -16.34581355161419 -15.893285282472434 -16.49690997832957 -13.496619851757998
10.040080160320642 -10.436769409217241 -13.916099975913916 -12.601310247623108 -12.845848309681376 -15.09264820908717 -14.648790490926977 -9.03767650461462 -7.018676138845166 0.17517255426255662 -5.489279266278242 -3.5719166155761637 -11.444114898434272 -9.268052719208239 -14.71362741536809 -13.253576300791494 -7.313599614517685 -11.623640276167889 -10.112172006590647 -13.890221360975392 -12.562251332517587 -6.323659202442382 -14.78690688630076 -11.537062799663929 -13.323341129019042 -16.332369891456114 -15.87170466767013 -16.48905457103186 -13.455988806807397
10.100200400801603 -10.365673694667983 -13.872859160708284 -12.54681785571119 -12.798001491333615 -15.061288048638879 -14.61265032460524 -8.956047996550051 -6.914170602086589 0.32449985307410234 -5.40255631607609 -3.4864146404356897 -11.379291264635675 -9.189399172209857 -14.673974157401563 -13.20401455891637 -7.212570647379206 -11.56104651171036 -10.038560359044926 -13.846668503050417 -12.507127108255904 -6.220408963438544 -14.752403165066372 -11.476528417682346 -13.276295442588282 -16.318839355729025 -15.85002455579355 -16.48112400689088 -13.415302517455707
