web/models/kne/28/mosfit_kn_0.001862_0.4530_0.5000.dat
# %ECSV 1.0
# ---
# datatype:
# - {name: time, datatype: float64}
# - {name: PS1_g, datatype: float64}
# - {name: PS1_i, datatype: float64}
# - {name: PS1_r, datatype: float64}
# - {name: PS1_w, datatype: float64}
# - {name: PS1_y, datatype: float64}
# - {name: PS1_z, datatype: float64}
# - {name: swift_uvot_B, datatype: float64}
# - {name: swift_uvot_U, datatype: float64}
# - {name: swift_uvot_uvm2, datatype: float64}
# - {name: swift_uvot_uvw1, datatype: float64}
# - {name: swift_uvot_uvw2, datatype: float64}
# - {name: swift_uvot_V, datatype: float64}
# - {name: johnson_B, datatype: float64}
# - {name: johnson_I, datatype: float64}
# - {name: johnson_R, datatype: float64}
# - {name: johnson_U, datatype: float64}
# - {name: johnson_V, datatype: float64}
# - {name: sdss_g, datatype: float64}
# - {name: sdss_i, datatype: float64}
# - {name: sdss_r, datatype: float64}
# - {name: sdss_u, datatype: float64}
# - {name: sdss_z, datatype: float64}
# - {name: ATLAS_c, datatype: float64}
# - {name: ATLAS_o, datatype: float64}
# - {name: ukirt_H, datatype: float64}
# - {name: ukirt_J, datatype: float64}
# - {name: ukirt_K, datatype: float64}
# - {name: Clear, datatype: float64}
# meta: !!omap
# - comment: [kappa = 0.5, type = rprocess, mass = 0.001861645566637777, velocity = 0.45299999999999996, theta_obs = 0.0, tfloor = 1000.0]
# schema: astropy-2.0
time PS1_g PS1_i PS1_r PS1_w PS1_y PS1_z swift_uvot_B swift_uvot_U swift_uvot_uvm2 swift_uvot_uvw1 swift_uvot_uvw2 swift_uvot_V johnson_B johnson_I johnson_R johnson_U johnson_V sdss_g sdss_i sdss_r sdss_u sdss_z ATLAS_c ATLAS_o ukirt_H ukirt_J ukirt_K Clear
[from data line 177]
10.701402805611222 14.144837766288756 5.263008953089479 8.73807973112731 6.770155919623342 1.7398189045642098 3.157494869411348 17.684744342853243 24.343688440748153 38.232283744777334 20.309270972822713 22.822287479302364 12.104354459159541 16.480807025887053 3.709495646667528 6.679528413392528 23.312687261496414 11.149332123990805 14.95737786760321 5.344264905202465 8.966568390623753 24.84479397092298 2.5840672573893464 10.71715630086997 6.264743776260175 -3.2091684733512684 -1.0596791778615953 -4.569457153824457 4.484261875861986
10.761523046092185 14.170277777710929 5.288448964511634 8.763519742549484 6.795595931045497 1.765258915986383 3.1829348808335034 17.7101843542754 24.36912845217032 38.25772375619949 20.334710984244875 22.847727490724527 12.129794470581714 16.50624703730921 3.7349356580896833 6.704968424814683 23.33812727291857 11.17477213541296 14.982817879025365 5.369704916624638 8.992008402045908 24.870233982345145 2.6095072688115195 10.742596312292125 6.290183787682331 -3.183728461929113 -1.0342391664394222 -4.544017142402284 4.509701887284159
10.821643286573146 14.195609467275982 5.313780654076705 8.788851432114537 6.820927620610551 1.7905906055514365 3.2082665703985747 17.73551604384047 24.39446014173538 38.28305544576455 20.36004267380994 22.87305918028959 12.155126160146768 16.53157872687428 3.7602673476547546 6.730300114379754 23.36345896248363 11.200103824978013 15.008149568590419 5.3950366061896915 9.01734009161098 24.895565671910205 2.634838958376573 10.767928001857179 6.315515477247402 -3.1583967723640596 -1.0089074768743687 -4.51868545283723 4.535033576849212
10.881763527054108 14.220833580934258 5.339004767734963 8.814075545772813 6.846151734268826 1.8158147192097118 3.2334906840568323 17.760740157498745 24.419684255393648 38.30827955942283 20.385266787468208 22.89828329394786 12.180350273805043 16.556802840532537 3.78549146131303 6.755524228038012 23.388683076141906 11.225327938636289 15.033373682248694 5.420260719847967 9.042564205269255 24.920789785568473 2.6600630720348484 10.793152115515454 6.340739590905677 -3.133172658705784 -0.9836833632160934 -4.493461339178955 4.560257690507488
10.941883767535069 14.245950858849845 5.36412204565055 8.8391928236884 6.871269012184413 1.840931997125299 3.2586079619724195 17.785857435414314 24.444801533309235 38.33339683733842 20.41038406538379 22.923400571863443 12.20546755172063 16.581920118448124 3.810608739228617 6.780641505953599 23.413800354057493 11.250445216551876 15.058490960164281 5.445377997763554 9.067681483184842 24.94590706348406 2.6851803499504356 10.818269393431041 6.365856868821265 -3.108055380790197 -0.9585660853005061 -4.468344061263368 4.585374968423075
11.002004008016032 14.270962036542336 5.389133223343059 8.864204001380909 6.896280189876922 1.8659431748177902 3.2836191396649284 17.810868613106823 24.469812711001737 38.35840801503092 20.435395243076293 22.948411749555945 12.230478729413122 16.606931296140633 3.8356199169211083 6.805652683646108 23.43881153174999 11.275456394244385 15.08350213785679 5.470389175456045 9.092692660877333 24.970918241176562 2.7101915276429267 10.84328057112355 6.390868046513756 -3.083044203097688 -0.9335549076080151 -4.443332883570877 4.610386146115566
11.062124248496994 14.295867848099242 5.4140390348999645 8.889109812937797 6.921186001433828 1.8908489863746958 3.308524951221834 17.83577442466373 24.494718522558642 38.383313826587816 20.4603010546332 22.97331756111285 12.255384540970027 16.63183710769754 3.860525728478014 6.830558495203014 23.463717343306897 11.300362205801273 15.108407949413678 5.495294987012951 9.117598472434238 24.995824052733468 2.7350973391998323 10.868186382680456 6.415773858070661 -3.0581383915408002 -0.9086490960511094 -4.418427072013971 4.635291957672472
11.122244488977955 14.32066902165186 5.438840208452582 8.913910986490414 6.945987174986428 1.9156501599273135 3.3333261247744517 17.860575598216347 24.51951969611126 38.408115000140434 20.485102228185806 22.998118734665457 12.280185714522645 16.65663828125014 3.8853269020306316 6.8553596687556135 23.488518516859507 11.32516337935389 15.133209122966296 5.5200961605655685 9.142399645986856 25.020625226286086 2.75989851275245 10.892987556233056 6.440575031623279 -3.0333372179881826 -0.8838479224984918 -4.393625898461353 4.660093131225089
11.182364729458918 14.345366274140439 5.463537460941144 8.938608238978993 6.970684427475007 1.9403474124158926 3.358023377263013 17.885272850704908 24.54421694859983 38.432812252629 20.509799480674385 23.022815987154036 12.304882967011224 16.681335533738718 3.910024154519193 6.880056921244193 23.513215769348086 11.34986063184247 15.157906375454875 5.544793413054148 9.167096898475418 25.045322478774654 2.784595765241029 10.917684808721635 6.465272284111858 -3.0086399654996034 -0.8591506700099126 -4.368928645972774 4.684790383713668
11.242484969939879 14.369960328258387 5.4881315150590915 8.963202293096941 6.995278481592955 1.9649414665338405 3.382617431380961 17.909866904822856 24.568811002717776 38.45740630674695 20.534393534792333 23.047410041271984 12.329477021129172 16.705929587856666 3.934618208637141 6.904650975362141 23.537809823466034 11.374454685960417 15.182500429572823 5.5693874671720955 9.191690952593365 25.069916532892602 2.809189819358977 10.942278862839583 6.489866338229806 -2.9840459113816555 -0.8345566158919647 -4.344334591854826 4.709384437831616
11.302605210420841 14.394451896927585 5.5126230837283074 8.98769386176614 7.019770050262171 1.9894330352030387 3.407109000050177 17.934358473492072 24.593302571386985 38.48189787541616 20.55888510346154 23.071901609941193 12.35396858979837 16.730421156525882 3.959109777306357 6.9291425440313565 23.562301392135232 11.398946254629616 15.206991998242021 5.593879035841294 9.216182521262581 25.09440810156181 2.8336813880281753 10.966770431508799 6.514357906899004 -2.9595543427124573 -0.8100650472227665 -4.319843023185628 4.7338760065008145
11.362725450901802 14.418841687341999 5.537012874142722 9.012083652180554 7.044159840676567 2.013822825617453 3.431498790464591 17.958748263906486 24.617692361801396 38.50628766583057 20.583274893875956 23.0962914003556 12.378358380212784 16.754810946940296 3.983499567720771 6.953532334445753 23.586691182549647 11.42333604504403 15.231381788656435 5.618268826255708 9.240572311676996 25.11879789197622 2.8580711784425894 10.991160221923195 6.538747697313418 -2.935164552298043 -0.7856752568083524 -4.295453232771214 4.758265796915229
11.422845691382765 14.443130400615338 5.561301587416061 9.03637236545391 7.068448553949924 2.03811153889081 3.4557875037379304 17.983036977179825 24.641981075074746 38.53057637910392 20.607563607149306 23.120580113628957 12.402647093486141 16.779099660213635 4.00778828099411 6.97782104771911 23.610979895822993 11.447624758317387 15.255670501929792 5.642557539529065 9.264861024950335 25.14308660524957 2.8823598917159465 11.015448935196552 6.563036410586758 -2.910875839024686 -0.7613865435349952 -4.271164519497857 4.782554510188586
11.482965931863728 14.4673187413804 5.585489928181104 9.060560706218954 7.092636894714968 2.0622998796558534 3.479975844502974 18.007225317944886 24.66616941583979 38.55476471986897 20.63175194791435 23.144768454394 12.426835434251185 16.80328800097868 4.0319766217591715 7.002009388484153 23.635168236588047 11.47181309908243 15.279858842694836 5.666745880294108 9.289049365715396 25.167274946014615 2.90654823248099 11.039637275961596 6.587224751351819 -2.8866874982596427 -0.7371982027699518 -4.2469761787328135 4.806742850953629
11.543086172344688 14.491407397151637 5.609578583952359 9.08464936199021 7.116725550486223 2.0863885354271083 3.5040645002742288 18.031313973716124 24.690258071611044 38.578853375640215 20.655840603685593 23.168857110165245 12.45092409002244 16.827376656749934 4.056065277530409 7.026098044255408 23.659256892359295 11.495901754853685 15.30394749846609 5.690834536065346 9.313138021486633 25.19136360178587 2.930636888252227 11.06372593173285 6.611313407123056 -2.8625988424883877 -0.7131095469986969 -4.222887522961576 4.830831506724866
11.603206412825651 14.51539706100398 5.633568247804703 9.108639025842553 7.140715214338567 2.1103781992794524 3.528054164126573 18.055303637568468 24.71424773546339 38.60284303949256 20.679830267537948 23.19284677401759 12.474913753874784 16.851366320602278 4.080054941382753 7.050087708107752 23.683246556211635 11.51989141870603 15.327937162318435 5.71482419991769 9.337127685338977 25.215353265638214 2.954626552104571 11.087715595585195 6.6353030709754 -2.8386091786360437 -0.6891198831463529 -4.198897859109232 4.85482117057721
11.663326653306612 14.539288416057179 5.657459602857902 9.132530380895734 7.164606569391765 2.134269554332633 3.551945519179771 18.079194992621666 24.738139090516576 38.62673439454575 20.703721622591136 23.216738129070787 12.498805108927964 16.875257675655476 4.103946296435951 7.073979063160951 23.707137911264837 11.54378277375921 15.351828517371615 5.738715554970888 9.361019040392176 25.2392446206914 2.9785179071577694 11.111606950638393 6.6591944260285985 -2.814717823582863 -0.6652285280931723 -4.175006504056034 4.878712525630409
11.723446893787575 14.563082139859898 5.68125332666062 9.15632410469847 7.1884002931944835 2.1580632781353515 3.5757392429824897 18.102988716424385 24.761932814319305 38.650528118348475 20.727515346393854 23.240531852873506 12.522598832730683 16.899051399458195 4.12774002023867 7.097772786963669 23.730931635067556 11.567576497561946 15.375622241174352 5.7625092787736065 9.384812764194894 25.26303834449413 3.002311630960488 11.135400674441112 6.682988149831317 -2.790924099780127 -0.641434804290436 -4.151212780253315 4.902506249433127
11.783567134268537 14.586778908441591 5.704950095242314 9.180020873280146 7.212097061776159 2.181760046717045 3.5994360115641832 18.126685485006078 24.785629582900988 38.67422488693016 20.751212114975548 23.264228621455192 12.546295601312377 16.922748168039888 4.151436788820363 7.121469555545345 23.75462840364924 11.591273266143622 15.399319009756027 5.7862060473553 9.408509532776588 25.286735113075814 3.0260083995421816 11.159097443022787 6.706684918413011 -2.767227331198451 -0.6177380357087602 -4.127516011671622 4.926203018014821
11.843687374749498 14.610379389632726 5.728550576433449 9.20362135447128 7.235697542967312 2.20536052790818 3.6230364927553182 18.150285966197213 24.809230064092127 38.69782536812131 20.774812596166683 23.287829102646334 12.569896082503512 16.946348649231023 4.175037270011498 7.145070036736498 23.77822888484038 11.614873747334757 15.42291949094718 5.809806528546435 9.432110013967723 25.310335594266952 3.0496088807333166 11.18269792421394 6.730285399604146 -2.743626850007316 -0.5941375545176252 -4.103915530480487 4.949803499205956
11.90380761523046 14.633884252714768 5.752055439515491 9.22712621755334 7.259202406049354 2.22886539099024 3.6465413558373605 18.173790829279255 24.832734927174176 38.721330231203346 20.798317459248732 23.311333965728384 12.593400945585572 16.969853512313065 4.19854213309354 7.16857489981854 23.801733747922427 11.638378610416817 15.446424354029222 5.833311391628495 9.455614877049765 25.333840457349 3.0731137438153766 11.206202787295982 6.753790262686188 -2.720121986925256 -0.5706326914355652 -4.080410667398427 4.973308362288016
11.963927855711422 14.657294149215119 5.7754653360158414 9.250536114053673 7.282612302549687 2.2522752874905727 3.669951252337711 18.197200725779606 24.85614482367452 38.744740127703686 20.821727355749076 23.334743862228716 12.616810842085904 16.993263408813416 4.221952029593891 7.191984796318873 23.825143644422766 11.66178850691715 15.469834250529555 5.856721288128828 9.479024773550115 25.357250353849345 3.0965236403157093 11.229612683796315 6.777200159186538 -2.6967120904249233 -0.5472227949352325 -4.057000770898094 4.9967182587883485
12.024048096192384 14.680609743377904 5.798780930178626 9.273851708216476 7.30592789671249 2.2755908816533577 3.693266846500496 18.22051631994239 24.8794604178373 38.76805572186648 20.84504294991186 23.358059456391512 12.64012643624869 17.0165790029762 4.245267623756676 7.2153003904816755 23.848459238585562 11.685104101079952 15.493149844692358 5.880036882291613 9.5023403677129 25.380565948012126 3.119839234478494 11.252928277959118 6.800515753349323 -2.6733964962621206 -0.5239072007724476 -4.033685176735309 5.0200338529511335
12.084168336673347 14.703831677012271 5.822002863812994 9.297073641850826 7.329149830346839 2.298812815287725 3.7164887801348634 18.24373825357676 24.902682351471668 38.79127765550084 20.868264883546228 23.38128139002588 12.663348369883057 17.03980093661057 4.268489557391043 7.238522324116043 23.87168117221992 11.708326034714302 15.516371778326707 5.90325881592598 9.525562301347268 25.403787881646494 3.1430611681128617 11.276150211593468 6.823737686983691 -2.650174562627771 -0.50068526713808 -4.010463243100942 5.043255786585501
12.144288577154308 14.726960599047256 5.845131785847979 9.320202563885811 7.3522787523818245 2.3219417373227103 3.7396177021698485 18.266867175611743 24.925811273506653 38.81440657753583 20.891393805581206 23.404410312060858 12.686477291918042 17.062929858645536 4.291618479426028 7.26165124615101 23.894810094254904 11.731454956749287 15.539500700361693 5.926387737960965 9.548691223382253 25.42691680368148 3.166190090147847 11.299279133628453 6.846866609018676 -2.627045640592786 -0.47755634510309497 -3.987334321065956 5.066384708620486
12.20440881763527 14.749997145375211 5.868168332175934 9.343239110213766 7.375315298709779 2.344978283650665 3.762654248497803 18.289903721939698 24.94884781983461 38.837443123863785 20.914430351909157 23.42744685838881 12.709513838245996 17.08596640497349 4.314655025753983 7.284687792478965 23.91784664058286 11.754491503077242 15.562537246689647 5.94942428428892 9.571727769710208 25.449953350009437 3.1892266364758015 11.322315679956407 6.8699031553466305 -2.60400909426483 -0.45451979877514026 -3.9642977747380015 5.089421254948441
12.264529058116231 14.772941954473087 5.891113141273792 9.366183919311641 7.398260107807655 2.3679230927485406 3.785599057595661 18.312848531037574 24.971792628932477 38.86038793296166 20.937375161007036 23.450391667486688 12.732458647343872 17.108911214071366 4.337599834851859 7.307632601576841 23.940791449680734 11.777436312175118 15.585482055787523 5.972369093386796 9.594672578808083 25.472898159107302 3.212171445573677 11.345260489054283 6.892847964444506 -2.5810642851669545 -0.4315749896772646 -3.941352965640126 5.112366064046316
12.324649298597194 14.79579565708331 5.913966843884033 9.389037621921865 7.421113810417896 2.3907767953587644 3.8084527602059026 18.335702233647797 24.99464633154271 38.88324163557189 20.960228863617267 23.47324537009692 12.755312349954096 17.131764916681608 4.3604535374620825 7.330486304187082 23.963645152290965 11.800290014785359 15.608335758397764 5.9952227959970195 9.617526281418307 25.495751861717537 3.235025148183901 11.368114191664525 6.91570166705473 -2.5582105825567307 -0.4087212870670408 -3.918499263029902 5.13521976665654
12.384769539078157 14.818558877170904 5.936730063971609 9.411800842009459 7.4438770305054724 2.413540015446358 3.8312159802934964 18.35846545373539 25.0174095516303 38.906004855659475 20.982992083704854 23.496008590184505 12.77807557004169 17.154528136769184 4.383216757549676 7.353249524274658 23.986408372378552 11.823053234872935 15.63109897848534 6.017986016084613 9.640289501505901 25.518515081805127 3.2577883682714948 11.3908774117521 6.938464887142324 -2.535447362469137 -0.385958066979447 -3.8957360429423082 5.157982986744134
