web/models/kne/28/mosfit_kn_0.027507_0.2023_10.0000.dat
# %ECSV 1.0
# ---
# datatype:
# - {name: time, datatype: float64}
# - {name: PS1_g, datatype: float64}
# - {name: PS1_i, datatype: float64}
# - {name: PS1_r, datatype: float64}
# - {name: PS1_w, datatype: float64}
# - {name: PS1_y, datatype: float64}
# - {name: PS1_z, datatype: float64}
# - {name: swift_uvot_B, datatype: float64}
# - {name: swift_uvot_U, datatype: float64}
# - {name: swift_uvot_uvm2, datatype: float64}
# - {name: swift_uvot_uvw1, datatype: float64}
# - {name: swift_uvot_uvw2, datatype: float64}
# - {name: swift_uvot_V, datatype: float64}
# - {name: johnson_B, datatype: float64}
# - {name: johnson_I, datatype: float64}
# - {name: johnson_R, datatype: float64}
# - {name: johnson_U, datatype: float64}
# - {name: johnson_V, datatype: float64}
# - {name: sdss_g, datatype: float64}
# - {name: sdss_i, datatype: float64}
# - {name: sdss_r, datatype: float64}
# - {name: sdss_u, datatype: float64}
# - {name: sdss_z, datatype: float64}
# - {name: ATLAS_c, datatype: float64}
# - {name: ATLAS_o, datatype: float64}
# - {name: ukirt_H, datatype: float64}
# - {name: ukirt_J, datatype: float64}
# - {name: ukirt_K, datatype: float64}
# - {name: Clear, datatype: float64}
# meta: !!omap
# - comment: [kappa = 10.0, type = rprocess, mass = 0.027507471329904786, velocity = 0.20233333333333337, theta_obs = 0.0, tfloor = 1000.0]
# schema: astropy-2.0
time PS1_g PS1_i PS1_r PS1_w PS1_y PS1_z swift_uvot_B swift_uvot_U swift_uvot_uvm2 swift_uvot_uvw1 swift_uvot_uvw2 swift_uvot_V johnson_B johnson_I johnson_R johnson_U johnson_V sdss_g sdss_i sdss_r sdss_u sdss_z ATLAS_c ATLAS_o ukirt_H ukirt_J ukirt_K Clear
[from data line 348]
20.98196392785571 8.243120745742818 -0.6387080674564594 2.8363627105813727 0.8684388990774039 -4.161898115981728 -2.74422215113459 11.783027322307305 18.441971420202226 32.33056672423139 14.407553952276775 16.920570458756426 6.2026374386136025 10.579090005341115 -2.19222137387841 0.77781139284659 17.410970240950466 5.24761510344485 9.055660847057254 -0.557452115343473 3.0648513700778146 18.94307695037705 -3.3176497631565915 4.815439280324032 0.3630267557142375 -9.110885493897223 -6.961396198407533 -10.471174174370395 -1.4174551446839523
21.04208416833667 8.251046472930206 -0.6307823402690893 2.8442884377687605 0.876364626264774 -4.15397238879434 -2.73629642394722 11.790953049494693 18.449897147389596 32.33849245141878 14.415479679464163 16.928496185943814 6.21056316580099 10.587015732528485 -2.184295646691022 0.78573712003396 17.418895968137853 5.2555408306322375 9.063586574244642 -0.5495263881560852 3.0727770972652024 18.95100267756442 -3.3097240359692037 4.823365007511402 0.3709524829016253 -9.102959766709835 -6.953470471220145 -10.463248447183007 -1.4095294174965645
21.102204408817634 8.258925449489336 -0.622903363709959 2.852167414327891 0.8842436028239042 -4.14609341223521 -2.7284174473880896 11.798832026053805 18.457776123948726 32.3463714279779 14.423358656023275 16.936375162502927 6.218442142360121 10.594894709087615 -2.1764166701319096 0.7936160965930903 17.426774944696984 5.263419807191368 9.071465550803772 -0.541647411596955 3.080656073824315 18.95888165412355 -3.3018450594100734 4.831243984070532 0.3788314594607556 -9.095080790150705 -6.945591494661015 -10.455369470623877 -1.4016504409374342
21.162324649298597 8.266758093593527 -0.6150707196057681 2.8600000584320817 0.8920762469280952 -4.138260768131019 -2.7205848032838986 11.806664670157996 18.465608768052917 32.3542040720821 14.431191300127484 16.944207806607118 6.2262747864643115 10.602727353191806 -2.1685840260277187 0.8014487406972812 17.434607588801175 5.271252451295559 9.079298194907963 -0.533814767492764 3.0884887179285236 18.966714298227743 -3.2940124153058825 4.839076628174723 0.3866641035649465 -9.087248146046514 -6.937758850556824 -10.447536826519686 -1.3938177968332432
21.22244488977956 8.274545136041507 -0.6072836771577883 2.8677871008800615 0.899863289376075 -4.130473725683039 -2.712797760835919 11.814451712605976 18.473395810500897 32.36199111453008 14.438978342575464 16.951994849055115 6.234061828912291 10.610514395639786 -2.160796983579721 0.809235783145261 17.442394631249154 5.2790394937435385 9.087085237355943 -0.5260277250447842 3.0962757603765034 18.974501340675722 -3.2862253728579027 4.846863670622703 0.3944511460129263 -9.079461103598534 -6.929971808108844 -10.439749784071706 -1.3860307543852635
21.28256513026052 8.282286756962858 -0.5995420562364373 2.8755287218014125 0.907604910297426 -4.122732104761688 -2.705056139914568 11.822193333527327 18.481137431422248 32.36973273545143 14.446719963496815 16.959736469976466 6.241803449833642 10.618256016561137 -2.153055362658388 0.816977404066612 17.450136252170505 5.2867811146648895 9.094826858277294 -0.5182861041234332 3.1040173812978544 18.982242961597073 -3.2784837519365517 4.854605291544054 0.4021927669342773 -9.071719482677183 -6.922230187187493 -10.432008163150355 -1.3782891334639125
21.34268537074148 8.289983649124935 -0.5918451640743605 2.8832256139634893 0.9153018024595028 -4.1150352125996115 -2.697359247752491 11.829890225689422 18.488834323584324 32.3774296276135 14.454416855658891 16.967433362138543 6.249500341995719 10.625952908723214 -2.1453584704962934 0.8246742962286888 17.457833144332582 5.294478006826966 9.10252375043937 -0.5105892119613564 3.1117142734599312 18.98993985375915 -3.270786859774475 4.862302183706131 0.4098896590963541 -9.064022590515107 -6.914533295025416 -10.424311270988278 -1.3705922413018357
21.402805611222444 8.297636585106414 -0.5841922280928635 2.8908785499449685 0.922954738440982 -4.107382276618132 -2.689706311770994 11.8375431616709 18.496487259565804 32.385082563594985 14.46206979164037 16.975086298120022 6.257153277977198 10.63360584470471 -2.137705534514814 0.832327232210168 17.46548608031406 5.3021309428084455 9.11017668642085 -0.5029362759798772 3.1193672094414104 18.99759278974063 -3.2631339237929957 4.86995511968761 0.4175425950778333 -9.056369654533627 -6.906880359043937 -10.4166583350068 -1.3629393053203565
21.462925851703407 8.305246325960525 -0.5765824872387526 2.898488290799097 0.9305644792951107 -4.099772535764004 -2.682096570916883 11.845152902525012 18.504097000419932 32.392692304449106 14.469679532494482 16.982696038974133 6.264763018831327 10.641215585558822 -2.1300957936607032 0.8399369730642967 17.47309582116819 5.309740683662574 9.117786427274979 -0.4953265351257663 3.1269769502955214 19.005202530594758 -3.255524182938885 4.877564860541739 0.42515233593194424 -9.048759913679499 -6.899270618189808 -10.409048594152688 -1.3553295644662278
21.52304609218437 8.31281315177101 -0.5690156614282849 2.906055116609565 0.9381313051055784 -4.092205709953536 -2.6745297451064154 11.85271972833548 18.5116638262304 32.40025913025957 14.47724635830495 16.9902628647846 6.272329844641795 10.64878241136929 -2.1225289678502355 0.8475037988747645 17.480662646978658 5.317307509473042 9.125353253085446 -0.4877597093152808 3.134543776105989 19.012769356405226 -3.2479573571283993 4.8851316863522065 0.43271916174242975 -9.041193087869031 -6.8917037923793405 -10.401481768342203 -1.34776273865576
21.58316633266533 8.320337716298774 -0.5614910969005216 2.9135796811373282 0.9456558696333417 -4.0846811454257725 -2.667005180578652 11.860244292863243 18.519188390758163 32.407783694787334 14.484770922832713 16.997787429312364 6.279854409169558 10.656306975897053 -2.115004403322472 0.8550283634025277 17.48818721150642 5.324832074000805 9.13287781761321 -0.4802351447875175 3.1420683406337524 19.02029392093299 -3.240432792600636 4.89265625087997 0.44024372627019304 -9.033668523341268 -6.884179227851577 -10.39395720381444 -1.3402381741279967
21.64328657314629 8.327820299221322 -0.5540085139779549 2.921062264059895 0.9531384525559083 -4.077198562503206 -2.6595225976560855 11.86772687578581 18.52667097368073 32.415266277709904 14.49225350575528 17.00527001223493 6.287336992092125 10.66378955881962 -2.1075218203999055 0.8625109463250944 17.495669794428988 5.332314656923372 9.140360400535776 -0.4727525618649686 3.149550923556319 19.027776503855556 -3.232950209678087 4.9001388338025365 0.4477263091927419 -9.026185940418701 -6.876696644929011 -10.38647462089189 -1.3327555912054478
21.703406813627254 8.335261604725748 -0.5465672084735296 2.9285035695643202 0.9605797580603337 -4.0697572569987805 -2.65208129215166 11.875168181290235 18.534112279185155 32.422707583214326 14.499694811259705 17.012711317739356 6.29477829759655 10.671230864324045 -2.10008051489548 0.8699522518295197 17.503111099933413 5.339755962427797 9.147801706040202 -0.46531125636054327 3.1569922290607444 19.03521780935998 -3.2255089041736618 4.907580139306962 0.45516761469716727 -9.018744634914276 -6.869255339424585 -10.379033315387465 -1.3253142857010225
21.763527054108216 8.342662289401108 -0.5391665237981691 2.9359042542396807 0.9679804427356942 -4.06235657232342 -2.6446806074762996 11.882568865965595 18.541512963860516 32.430108267889686 14.507095495935065 17.020112002414717 6.3021789822719105 10.678631548999405 -2.0926798302201197 0.8773529365048802 17.510511784608774 5.347156647103158 9.155202390715562 -0.4579105716851828 3.164392913736105 19.04261849403534 -3.2181082194982835 4.914980823982322 0.46256829937252775 -9.011343950238915 -6.861854654749225 -10.371632630712105 -1.3179136010256443
21.82364729458918 8.350023032349831 -0.5318057808494459 2.943264997188386 0.9753411856843996 -4.054995829374715 -2.6373198645275764 11.889929608914318 18.54887370680922 32.437469010838406 14.514456238883788 17.02747274536344 6.309539725220616 10.685992291948128 -2.0853190872713965 0.8847136794535857 17.51787252755748 5.354517390051863 9.162563133664268 -0.45054982873645955 3.171753656684828 19.049979236984047 -3.210747476549578 4.922341566931028 0.469929042321251 -9.00398320729021 -6.854493911800519 -10.364271887763381 -1.3105528580769388
21.883767535070138 8.357344180255843 -0.5244846329434338 2.950586145094416 0.9826623335904294 -4.047674681468685 -2.6299987166215644 11.89725075682033 18.55619485471525 32.444790158744425 14.5217773867898 17.034793893269452 6.316860873126628 10.69331343985414 -2.0779979393653845 0.8920348273596155 17.52519367546351 5.361838537957893 9.169884281570297 -0.44322868083044753 3.17907480459084 19.057300384890077 -3.203426328643566 4.9296627148370575 0.477250190227263 -8.99666205938418 -6.8471727638944895 -10.35695073985737 -1.3032317101709268
21.9438877755511 8.364626278052985 -0.5172025351463105 2.9578682428915393 0.9899444313875527 -4.0403925836715615 -2.622716618824441 11.904532854617472 18.563476952512374 32.452072256541555 14.529059484586941 17.042075991066593 6.324142970923769 10.700595537651264 -2.0707158415682434 0.8993169251567388 17.532475773260632 5.369120635755016 9.17716637936742 -0.43594658303330647 3.186356902387981 19.0645824826872 -3.196144230846425 4.936944812634181 0.48453228802440407 -8.989379961587057 -6.839890666097366 -10.349668642060228 -1.2959496123737857
22.004008016032063 8.371869605124935 -0.509959208074342 2.96511156996349 0.9971877584595035 -4.033149256599611 -2.6154732917524726 11.911776181689422 18.570720279584325 32.45931558361351 14.536302811658892 17.049319318138544 6.33138629799572 10.707838864723232 -2.0634725144962927 0.9065602522287073 17.539719100332583 5.376363962826967 9.184409706439371 -0.4287032559613557 3.193600229459932 19.07182580975915 -3.188900903774474 4.944188139706132 0.4917756150963548 -8.982136634515106 -6.832647339025415 -10.342425314988278 -1.288706285301835
22.064128256513026 8.37907487619578 -0.5027539370034972 2.972316841034335 1.0043930295303483 -4.025943985528766 -2.6082680206816278 11.918981452760267 18.57792555065517 32.466520854684354 14.543508082729737 17.05652458920939 6.338591569066565 10.715044135794077 -2.056267243425448 0.9137655232995521 17.546924371403428 5.383569233897812 9.191614977510216 -0.42149798489051093 3.2008055005307767 19.079031080829996 -3.1816956327036294 4.951393410776976 0.4989808861671996 -8.974931363444261 -6.825442067954571 -10.335220043917433 -1.2815010142309902
22.12424849699399 8.386242693720458 -0.49558611947881914 2.979484658559013 1.0115608470550264 -4.018776168004088 -2.6011002031569497 11.926149270284945 18.585093368179848 32.47368867220903 14.550675900254415 17.063692406734067 6.345759386591243 10.722211953318737 -2.0490994259007698 0.9209333408242124 17.554092188928106 5.39073705142249 9.198782795034894 -0.41433016736583284 3.207973318055455 19.086198898354674 -3.1745278151789513 4.9585612283016545 0.5061487036918777 -8.967763545919583 -6.8182742504298925 -10.328052226392755 -1.274333196706312
22.184368737474948 8.393373633535468 -0.48845517966380925 2.986615598374023 1.0186917868700363 -4.011645228189078 -2.59396926334194 11.933280210099955 18.592224307994858 32.48081961202404 14.557806840069425 17.070823346549076 6.352890326406253 10.729342893133765 -2.04196848608576 0.9280642806392401 17.561223128743116 5.3978679912375 9.205913734849904 -0.40719922755082294 3.2151042578704647 19.093329838169684 -3.1673968753639414 4.965692168116664 0.5132796435068876 -8.960632606104573 -6.811143310614883 -10.320921286577745 -1.2672022568913022
22.24448897795591 8.400467999651706 -0.48136081354758886 2.993709964490261 1.0257861529862744 -4.00455086207284 -2.5868748972257194 11.940374576216175 18.599318674111096 32.48791397814028 14.564901206185663 17.077917712665315 6.359984692522491 10.736437259249985 -2.0348741199695217 0.9351586467554605 17.568317494859354 5.404962357353738 9.213008100966142 -0.4001048614345848 3.222198623986703 19.100424204285922 -3.1603025092477033 4.9727865342329025 0.5203740096231257 -8.953538239988335 -6.8040489444986445 -10.313826920461507 -1.260107890775064
22.304609218436873 8.407526381092403 -0.4743024321068745 3.0007683459309575 1.0328445344269888 -3.9974924806321432 -2.579816515785005 11.94743295765689 18.60637705555181 32.494972359580984 14.57195958762636 17.08497609410601 6.367043073963187 10.7434956406907 -2.027815738528825 0.9422170281961748 17.57537587630005 5.412020738794435 9.220066482406857 -0.3930464799938882 3.2292570054273995 19.107482585726636 -3.1532441278070067 4.979844915673617 0.5274323910638223 -8.946479858547638 -6.796990563057948 -10.30676853902081 -1.2530495093343674
22.364729458917836 8.414549063391519 -0.46727974980775855 3.0077910282300913 1.0398672167261047 -3.9904697983330095 -2.572793833485889 11.954455639956006 18.613399737850926 32.5019950418801 14.578982269925476 17.091998776405127 6.374065756262321 10.750518322989816 -2.020793056229709 0.9492397104952908 17.582398558599184 5.419043421093568 9.227089164705973 -0.38602379769477224 3.2362796877265154 19.114505268025752 -3.1462214455078907 4.986867597972733 0.5344550733629383 -8.939457176248505 -6.789967880758814 -10.299745856721694 -1.2460268270352337
22.4248496993988 8.421536602971571 -0.46029221022772404 3.0147785678101258 1.0468547563061392 -3.983482258752975 -2.5658062939058546 11.96144317953604 18.62038727743096 32.50898258146014 14.585969809505528 17.09898631598518 6.381053295842356 10.75750586256985 -2.013805516649657 0.9562272500753253 17.58938609817922 5.426030960673603 9.234076704286007 -0.37903625811471997 3.2432672273065677 19.121492807605787 -3.1392339059278385 4.993855137552767 0.5414426129429906 -8.93246963666847 -6.78298034117878 -10.292758317141642 -1.2390392874551992
22.484969939879758 8.428489594292348 -0.45333921890692963 3.0217315591309024 1.0538077476269336 -3.9765292674321984 -2.55885330258506 11.968396170856835 18.627340268751755 32.515935572780926 14.592922800826305 17.105939307305956 6.388006287163132 10.764458853890645 -2.0068525253288803 0.9631802413961197 17.596339089499995 5.432983951994397 9.241029695606802 -0.3720832667939433 3.2502202186273443 19.12844579892658 -3.132280914607062 5.000808128873562 0.5483956042637672 -8.925516645347694 -6.776027349858003 -10.285805325820865 -1.2320862961344226
22.54509018036072 8.435408588049356 -0.4464202251499394 3.0286505528879104 1.0607267413839239 -3.9696102736751904 -2.55193430882807 11.975315164613843 18.634259262508746 32.52285456653792 14.599841794583313 17.112858301062964 6.39492528092014 10.771377847647635 -1.9999335315718723 0.9700992351531099 17.603258083257003 5.439902945751387 9.247948689363792 -0.3651642730369353 3.2571392123843523 19.13536479268357 -3.125361920850054 5.007727122630552 0.5553145980207752 -8.918597651590686 -6.769108356100995 -10.278886332063857 -1.2251673023774146
22.605210420841683 8.442293923485789 -0.43953488971348875 3.0355358883243433 1.0676120768203567 -3.9627249382387575 -2.5450489733916193 11.982200500050276 18.64114459794518 32.52973990197436 14.606727130019745 17.119743636499397 6.401810616356573 10.778263183084068 -1.9930481961354394 0.9769845705895428 17.610143418693436 5.44678828118782 9.254834024800225 -0.35827893760050245 3.264024547820785 19.142250128120004 -3.118476585413621 5.014612458066985 0.5621999334572081 -8.911712316154253 -6.762223020664562 -10.272000996627424 -1.2182819669409817
