web/models/kne/28/mosfit_kn_0.051209_0.0457_10.0000.dat
# %ECSV 1.0
# ---
# datatype:
# - {name: time, datatype: float64}
# - {name: PS1_g, datatype: float64}
# - {name: PS1_i, datatype: float64}
# - {name: PS1_r, datatype: float64}
# - {name: PS1_w, datatype: float64}
# - {name: PS1_y, datatype: float64}
# - {name: PS1_z, datatype: float64}
# - {name: swift_uvot_B, datatype: float64}
# - {name: swift_uvot_U, datatype: float64}
# - {name: swift_uvot_uvm2, datatype: float64}
# - {name: swift_uvot_uvw1, datatype: float64}
# - {name: swift_uvot_uvw2, datatype: float64}
# - {name: swift_uvot_V, datatype: float64}
# - {name: johnson_B, datatype: float64}
# - {name: johnson_I, datatype: float64}
# - {name: johnson_R, datatype: float64}
# - {name: johnson_U, datatype: float64}
# - {name: johnson_V, datatype: float64}
# - {name: sdss_g, datatype: float64}
# - {name: sdss_i, datatype: float64}
# - {name: sdss_r, datatype: float64}
# - {name: sdss_u, datatype: float64}
# - {name: sdss_z, datatype: float64}
# - {name: ATLAS_c, datatype: float64}
# - {name: ATLAS_o, datatype: float64}
# - {name: ukirt_H, datatype: float64}
# - {name: ukirt_J, datatype: float64}
# - {name: ukirt_K, datatype: float64}
# - {name: Clear, datatype: float64}
# meta: !!omap
# - comment: [kappa = 10.0, type = rprocess, mass = 0.051209162050732976, velocity = 0.04566666666666669, theta_obs = 0.0, tfloor = 1000.0]
# schema: astropy-2.0
time PS1_g PS1_i PS1_r PS1_w PS1_y PS1_z swift_uvot_B swift_uvot_U swift_uvot_uvm2 swift_uvot_uvw1 swift_uvot_uvw2 swift_uvot_V johnson_B johnson_I johnson_R johnson_U johnson_V sdss_g sdss_i sdss_r sdss_u sdss_z ATLAS_c ATLAS_o ukirt_H ukirt_J ukirt_K Clear
[from data line 256]
15.450901803607215 -5.4095151604581915 -9.907093479003759 -8.180964112727906 -8.693353024500148 -11.521427575796608 -10.900348125887174 -3.6192241693407388 -0.7561340564453365 7.997069461174957 -0.002676905627118753 1.9005377830107197 -6.636567968103802 -3.9734395611328783 -10.8384181480458 -9.029340443659752 -1.1783342363740812 -6.90882560848365 -4.99256669303179 -9.869837179026018 -8.115886419220644 -0.10246697653879977 -11.102168505352648 -6.9107493105796 -9.189500632381193 -13.427183954940174 -12.661872282508407 -13.795177373144137 -9.578232816791061
15.511022044088175 -5.381269363831791 -9.890822213765862 -8.159858928499535 -8.67566234232033 -11.510339061996309 -10.887148609646768 -3.586312522707874 -0.7131997704529878 8.057341672967976 0.02988230436585626 1.9333335414818333 -6.610799103108669 -3.942168566737458 -10.82375087218135 -9.010738531756807 -1.1369066540334782 -6.884288155353297 -4.963231326469408 -9.85343294161261 -8.094440821370217 -0.05997355934157511 -11.089766233040432 -6.8873819727610375 -9.171929707414783 -13.424080500847582 -12.655115619340885 -13.79463092960904 -9.563920199385318
15.571142284569138 -5.352961654192985 -9.874496761472216 -8.138696599302229 -8.65792199525039 -11.499200327900265 -10.873896961601677 -3.553334664993254 -0.6701905777043213 8.117676304035562 0.06248600015789352 1.9661835919490724 -6.584967682564085 -3.910836674177926 -10.80903111131428 -8.992085722321825 -1.0954055421467435 -6.859692298289947 -4.933833289319551 -9.836974461824521 -8.072937092939867 -0.01740469877361761 -11.077313477372499 -6.863959243106503 -9.154307507525488 -13.420935041875522 -12.648313215359932 -13.794045602316894 -9.549563266168484
15.631262525050099 -5.324571200660859 -9.858103174302162 -8.117460401731744 -8.64011721311794 -11.488000401369582 -10.860580996675466 -3.520267086662364 -0.6270772011640522 8.178112518779393 0.09515755280194371 1.9991114729991613 -6.559054300083365 -3.879421329192802 -10.794245840434488 -8.9733667472962 -1.0538024967039417 -6.83501935242601 -4.9043511251743865 -9.820447715888907 -8.051358313607224 0.025268623808258894 -11.064798515900733 -6.840463092196458 -9.13661934401242 -13.417741190884376 -12.641456587190197 -13.7934164720696 -9.535149191469472
15.691382765531062 -5.296099817237483 -9.841642755263287 -8.096151848092639 -8.62224935376176 -11.47674036091555 -10.847201883873971 -3.4871118039889124 -0.5838620781247703 8.238647058820106 0.12789502137550857 2.032115266223095 -6.533060664432189 -3.8479244908054295 -10.779396295014003 -8.954583029230989 -1.0120998977367823 -6.810270988148532 -4.87478669529704 -9.80385401297573 -8.029706008863187 0.06804398503117426 -11.05222248814087 -6.816895123554403 -9.118866581980907 -13.414499681154213 -12.634546627491561 -13.79274416135807 -9.520679192164003
15.751503006012024 -5.267600604150768 -9.825151361038404 -8.074813757950583 -8.604356277197098 -11.465448592657967 -10.833791053139006 -3.4539286475397644 -0.540619479686004 8.299180758624868 0.1606392798045424 2.065135474834229 -6.507036323906921 -3.816403612255503 -10.764516018571896 -8.935773770031254 -0.9703698510376068 -6.78549497295023 -4.845194670029809 -9.787229401539168 -8.008023492083343 0.11084773850912555 -11.039615673190504 -6.793301388339792 -9.101086932051476 -13.411227376029744 -12.627605472619566 -13.792041840248908 -9.506186246570358
15.811623246492985 -5.239034723410043 -9.80860290967211 -8.053414903206235 -8.586410392213022 -11.454104533290668 -10.820325691937231 -3.4206738101301424 -0.49729491181560426 8.359786465023223 0.19343378431367286 2.0982158540948217 -6.480945076110001 -3.7848166533970447 -10.74958063977401 -8.91691043247991 -0.9285594752816028 -6.760656435611627 -4.81553505138935 -9.770547658511077 -7.986279170021202 0.15373390500256434 -11.026956114099118 -6.769648248346822 -9.083252940181783 -13.407912218723277 -12.620617175477554 -13.79130017644792 -9.491646370155333
15.871743486973948 -5.210378984854991 -9.791981854925282 -8.031936655410767 -8.568395257177581 -11.442695943504848 -10.806792212153162 -3.3873211224919606 -0.45385579393682796 8.420507674992127 0.22630447183450686 2.1313825530799915 -6.454765305793793 -3.753138517865495 -10.734575639213919 -8.897976017217754 -0.8866371600276967 -6.735734571386495 -4.785783954308567 -9.753793153357986 -7.9644541932882085 0.1967347811678799 -11.014230739680624 -6.745915635388737 -9.065348248375713 -13.404547071928244 -12.613572266082931 -13.790513667631073 -9.47704529047284
15.931863727454909 -5.1816509635128405 -9.775300116787431 -8.010393219952245 -8.550323441928906 -11.431232290694702 -10.793201080012267 -3.3538903698304443 -0.41032664403363817 8.48131166896351 0.25923183809343486 2.1646159608588147 -6.4285134249007685 -3.721388217041128 -10.719512178472776 -8.878983551765877 -0.8446267176514087 -6.710745215677371 -4.755959469298023 -9.736977869275805 -7.942562928821122 0.2398260500510041 -11.001449641111432 -6.722118809054294 -9.047385386608209 -13.401137619254795 -12.60647816052243 -13.7896867841164 -9.462393976616674
15.991983967935871 -5.152892450129816 -9.758585937985682 -7.988818309932242 -8.532224734574303 -11.419735944287446 -10.77957705928906 -3.3204286379989787 -0.36676590387754593 8.542120553851596 0.2921694668103041 2.1978693258064443 -6.40222844502856 -3.689610949585042 -10.704416679633646 -8.85996388648173 -0.8025848879645568 -6.685725966565561 -4.726104621158704 -9.720130199606949 -7.920639481375247 0.2829497555670457 -10.9886366730837 -6.69829400410082 -9.029394036236056 -13.397697160474562 -12.599352309148626 -13.78882991608119 -9.447718365742848
16.052104208416832 -5.1240604107515075 -9.741810396816248 -7.967177310970754 -8.514068573596223 -11.408184091613851 -10.765894845941375 -3.286887388347771 -0.32311320038282054 8.603014888425356 0.32516538335926315 2.231191052480043 -6.3758702359788915 -3.6577601535294098 -10.689262117006823 -8.840885407481586 -0.7604530836810252 -6.660638183532456 -4.696175092270547 -9.703221066661687 -7.898648828609733 0.3261657520010175 -10.975767483876062 -6.6744039575379865 -9.011343777119656 -13.394212310781837 -12.592177015490885 -13.7879327009162 -9.432991903342778
16.112224448897795 -5.095137727013981 -9.724962030636899 -7.945456481079454 -8.495842844196098 -11.396567717257877 -10.752144425479724 -3.253247296398164 -0.2793444587698344 8.664026753592658 0.35823870531336555 2.2646004442389125 -6.349422840011514 -3.625817310905028 -10.674037789403911 -8.821735592918795 -0.718207950706493 -6.635466519836528 -4.6661532502234415 -9.686238945638799 -7.876577063060122 0.3694979044198554 -10.9628324452469 -6.650433867577892 -8.993222555820495 -13.390677835181604 -12.584945316570353 -13.786991116029073 -9.418204087427942
16.172344689378757 -5.066156157932422 -9.708062320652004 -7.923681451906059 -8.477570192440087 -11.384903845330765 -10.738344639133981 -3.2195441403972422 -0.2355040732410172 8.725097010154293 0.3913541968393379 2.298062006241658 -6.3229159105892245 -3.593816766247006 -10.65876379629237 -8.802537901299019 -0.6758925933083159 -6.610239556102575 -4.636071790470222 -9.669205432087882 -7.854450114092089 0.412902184935362 -10.949849708564035 -6.626411273874275 -8.975052941983162 -13.387103872825017 -12.577670502641956 -13.786013091164529 -9.403374639789881
16.23246492985972 -5.037133745204514 -9.691123505939867 -7.9018668065852715 -8.45926349870549 -11.373202195558925 -10.724506234116067 -3.1857982358867707 -0.191617226852294 8.786192181263633 0.42449192462452645 2.331555646198066 -6.2963663067467595 -3.5617780197530853 -10.643451595296487 -8.783305683821531 -0.6335314681586123 -6.584973542850016 -4.6059492838743665 -9.652132829773183 -7.8322827343921375 0.4563536131044543 -10.936829630523963 -6.602351826220261 -8.956847782033908 -13.383496246601164 -12.57036018063319 -13.785003197281112 -9.38851478296952
16.29258517034068 -5.008036439357486 -9.674122708784907 -7.8799851621855765 -8.44089860607303 -11.361444727871532 -10.710609196140677 -3.151971171708264 -0.1476361301328486 8.847375932226292 0.4576898228406816 2.365119640807262 -6.2697422696228005 -3.5296642438005894 -10.628079812346744 -8.764013954119633 -0.5910782027382243 -6.559637916455061 -4.575750664771618 -9.634998137734971 -7.810047214945026 0.49989956949520575 -10.923752956086208 -6.578226055546175 -8.938583027365876 -13.379844390212375 -12.563000366686053 -13.783953265561928 -9.373603544731974
16.352705410821642 -4.978858491814364 -9.657056125686836 -7.858031933372569 -8.422471485694363 -11.34962847848433 -10.696650217820611 -3.1180564421494514 -0.10355263838400552 8.908659101582398 0.49095434734528753 2.3987605339373244 -6.243038449212624 -3.4974692203325692 -10.612644906736072 -8.744658559982838 -0.5485249051688544 -6.534227548204911 -4.5454700083184285 -9.617797531450414 -7.787738912314772 0.5435481236899165 -10.910616514341047 -6.554029009922822 -8.92025467716854 -13.376146638544453 -12.55558880306255 -13.782862047339622 -9.35863745461372
16.412825651302605 -4.949635819592331 -9.63994804583633 -7.836036103637767 -8.404007720699145 -11.337772691797916 -10.682650601807353 -3.0840945167601417 -0.05941698042541055 8.969974904919745 0.5242457275980077 2.4324382107962497 -6.2162883907036575 -3.465231774800625 -10.59716960117709 -8.725266001751859 -0.5059203417433021 -6.50877475145055 -4.515144291092952 -9.600555429248256 -7.765387150617453 0.5872494583942434 -10.897440821416975 -6.529791817631487 -8.901888233415498 -13.37241443342302 -12.54814050229413 -13.78173847832615 -9.34363877218285
16.472945891783567 -4.92037184822486 -9.622800854346245 -7.814000480293366 -8.385509792214396 -11.325879296907484 -10.668612463206397 -3.050089234846257 -0.01523386936540283 9.031317149696477 0.557560287215431 2.466148963224534 -6.1894953142179725 -3.4329555985479527 -10.581656139574093 -8.705838866658866 -0.4632690998758914 -6.483282639437495 -4.4847770343054805 -9.583274228160565 -7.742994768665845 0.6309988906059694 -10.884227923006371 -6.505517464253394 -8.883486184774103 -13.368648993518162 -12.540657009377314 -13.780583547301662 -9.328609675370227
16.53306613226453 -4.891028160136823 -9.605588717922995 -7.791894155713006 -8.366950451147037 -11.313927912883042 -10.654513194730164 -3.015997259626718 0.029050605228082782 9.092757529897103 0.5909407212282862 2.4999359129001033 -6.162623372268439 -3.4005991568745704 -10.566080385357719 -8.686348966452748 -0.4205188666141989 -6.457716725322624 -4.454328675416388 -9.565927956176399 -7.720530488161419 0.6748498741838205 -10.870956071921487 -6.481172707183038 -8.865021395456676 -13.364838370875185 -12.533122520181637 -13.779388013685734 -9.313526516617276
16.59318637274549 -4.861592943975168 -9.588303739241226 -7.769707656671496 -8.348321363129312 -11.301912336665154 -10.64034590040718 -2.9818052504131662 0.07345308018482677 9.154318131292026 0.6244001748773624 2.533812371195886 -6.13566155044768 -3.3681496840647047 -10.550434970456461 -8.666787691976278 -0.3776535076717845 -6.432066432651042 -4.423787047482222 -9.548508673235041 -7.697984718697395 0.718818901378917 -10.857618644558382 -6.4567473472791015 -8.846485572336515 -13.360978986225847 -12.525532256724697 -13.77814914089823 -9.298382088313701
16.65330661322645 -4.8321041310808965 -9.570971568304856 -7.747471590489248 -8.329649529020848 -11.289852888403633 -10.626133075931303 -2.947555950532382 0.1179204968836347 9.215928491686501 0.6578966993300388 2.567735992302819 -6.10864528176218 -3.335648172628382 -10.534743888237365 -8.647183011979884 -0.3347245350047533 -6.406365881741871 -4.393191201052087 -9.531042165598027 -7.675388429847025 0.7628533462136211 -10.84423730200081 -6.432274247995853 -8.827905634186699 -13.357082909838399 -12.517902064464506 -13.776876347932985 -9.283199871055885
16.713426853707414 -4.80256364987488 -9.553593576699413 -7.72518755594886 -8.310936365858694 -11.277750693711734 -10.611875946989269 -2.9132515122161093 0.1624502367655014 9.277585186167073 0.6914282614624949 2.601704732155611 -6.081576386561694 -3.303096698353962 -10.519008434684142 -8.62753641210021 -0.29173450292494285 -6.380616840132462 -4.362543116178053 -9.5135298114492 -7.652743237217123 0.806950603351595 -10.830813234200782 -6.407755098920198 -8.809283008206936 -13.35315088315525 -12.510232861952042 -13.775570251370047 -9.26798111909191
16.773547094188377 -4.772946700330163 -9.536153105396341 -7.70283561291242 -8.292164309829424 -11.265592620982776 -10.597559940510113 -2.878863951325928 0.2070771321086442 9.339334468025143 0.7250223933671767 2.6357464330632543 -6.054431722377534 -3.270468458079798 -10.503213050389448 -8.607829729401583 -0.2486496164743922 -6.3547970595295995 -4.331817252347037 -9.49595486230649 -7.630028958548287 0.8511452096225192 -10.817332429157798 -6.38316845496778 -8.790600204174517 -13.349175235743614 -12.502514482144223 -13.774224935034434 -9.252710607574173
16.83366733466934 -4.743241445722379 -9.518642235270018 -7.680406265143347 -8.273325009901278 -11.253372447461647 -10.583178139630611 -2.8443798991944567 0.2518178530796613 9.401198438102135 0.7586922438313697 2.6698744198299775 -6.027200247949652 -3.2377506632048676 -10.487350346669732 -8.588054337645296 -0.20545370911747118 -6.3288959408875 -4.301001416900583 -9.478309356320977 -7.60723597952726 0.8954536911504363 -10.803788243944688 -6.358504096456663 -8.771848910659354 -13.345152374104535 -12.494742130392636 -13.772837650311585 -9.237381116631838
16.8937875751503 -4.7134800654126785 -9.501082740362996 -7.657925486468411 -8.254441366058387 -11.241107429111583 -10.56874964539583 -2.809835616755879 0.2966273921530951 9.463117419846437 0.7924022970823157 2.704052809611618 -5.999912033580402 -3.20497807805705 -10.471440691836495 -8.56823396114023 -0.16219047730865233 -6.3029424324833245 -4.270128737721528 -9.460615182931775 -7.584390583382294 0.9398314037029465 -10.790199069163826 -6.333789897445445 -8.753051964502365 -13.341092553924268 -12.486929265807126 -13.771416401475667 -9.222012553469963
16.95390781563126 -4.683669253306899 -9.483479204707326 -7.6353987144426405 -8.235518175872159 -11.22880123007528 -10.554278497432357 -2.775238630630624 0.3414964494640673 9.525079135250088 0.8261452504285853 2.7382742270630414 -5.972573350629038 -3.172157926684122 -10.45548838425302 -8.548373585057629 -0.11886895980329759 -6.276942582605238 -4.2392061018089855 -9.44287694991182 -7.561498271018241 0.9842691154959127 -10.776568801773312 -6.309031670227974 -8.734214162272718 -13.336998010569728 -12.479078778656143 -13.769962963016463 -9.206609105163093
17.014028056112224 -4.653780904930276 -9.465812732429981 -7.612803342084735 -8.216535537011005 -11.21643894659968 -10.539748159786395 -2.740557230556063 0.3864644877626946 9.58713590089651 0.8599522318007407 2.772570177763655 -5.945157962740731 -3.139259846717501 -10.439475773839881 -8.528452625629185 -0.07545086799209277 -6.250871175652628 -4.208204566888316 -9.425075660268512 -7.5385361593547096 1.0288059578823905 -10.76288154364466 -6.284205115636556 -8.715315678796731 -13.332860027274902 -12.471179123725252 -13.768470607046817 -9.19115352453204
17.074148296593187 -4.623799662601318 -9.44807302335299 -7.590127032745162 -8.197482602536876 -11.204012470372415 -10.52514962702288 -2.705774078128239 0.4315531098184169 9.649316309088892 0.8938402451576626 2.806957901864099 -5.917651535137101 -3.1062672528302433 -10.423393246133365 -8.508459873138314 -0.031915248221185855 -6.224714450016948 -4.177108315489111 -9.407200958599446 -7.515491758307569 1.0734633503318491 -10.749128643817318 -6.25929696997904 -8.696345712332665 -13.328673896428265 -12.463224039501506 -13.766935719654521 -9.175636429617313
