web/models/kne/28/mosfit_kn_0.077496_0.4217_10.0000.dat
# %ECSV 1.0
# ---
# datatype:
# - {name: time, datatype: float64}
# - {name: PS1_g, datatype: float64}
# - {name: PS1_i, datatype: float64}
# - {name: PS1_r, datatype: float64}
# - {name: PS1_w, datatype: float64}
# - {name: PS1_y, datatype: float64}
# - {name: PS1_z, datatype: float64}
# - {name: swift_uvot_B, datatype: float64}
# - {name: swift_uvot_U, datatype: float64}
# - {name: swift_uvot_uvm2, datatype: float64}
# - {name: swift_uvot_uvw1, datatype: float64}
# - {name: swift_uvot_uvw2, datatype: float64}
# - {name: swift_uvot_V, datatype: float64}
# - {name: johnson_B, datatype: float64}
# - {name: johnson_I, datatype: float64}
# - {name: johnson_R, datatype: float64}
# - {name: johnson_U, datatype: float64}
# - {name: johnson_V, datatype: float64}
# - {name: sdss_g, datatype: float64}
# - {name: sdss_i, datatype: float64}
# - {name: sdss_r, datatype: float64}
# - {name: sdss_u, datatype: float64}
# - {name: sdss_z, datatype: float64}
# - {name: ATLAS_c, datatype: float64}
# - {name: ATLAS_o, datatype: float64}
# - {name: ukirt_H, datatype: float64}
# - {name: ukirt_J, datatype: float64}
# - {name: ukirt_K, datatype: float64}
# - {name: Clear, datatype: float64}
# meta: !!omap
# - comment: [kappa = 10.0, type = rprocess, mass = 0.07749594937791414, velocity = 0.4216666666666667, theta_obs = 0.0, tfloor = 1000.0]
# schema: astropy-2.0
time PS1_g PS1_i PS1_r PS1_w PS1_y PS1_z swift_uvot_B swift_uvot_U swift_uvot_uvm2 swift_uvot_uvw1 swift_uvot_uvw2 swift_uvot_V johnson_B johnson_I johnson_R johnson_U johnson_V sdss_g sdss_i sdss_r sdss_u sdss_z ATLAS_c ATLAS_o ukirt_H ukirt_J ukirt_K Clear
[from data line 86]
5.2304609218436875 -2.684017312760414 -8.864212308108392 -6.461286289286914 -7.4947178053616526 -11.210774932624581 -10.288586153163362 -0.22856938344753103 4.063791716347005 15.032934100556737 3.1718058017978383 5.198799600106639 -4.240721322906052 -0.8535023762249454 -10.026857013225829 -7.706595929754301 3.423718138677667 -4.7197040711364275 -2.113849273469075 -8.808733226566297 -6.3415338685383205 4.660407236634185 -10.613781558691961 -4.89806818412287 -7.997524675400793 -14.262663787776225 -12.973729749333474 -15.001559946700167 -8.88217172864712
5.290581162324649 -2.5701976270659443 -8.794916688045511 -6.374167109302498 -7.422267376135441 -11.160912235392857 -10.230654961641257 -0.09696412146875771 4.233754811319734 15.25610362120291 3.294037264443777 5.326593730738335 -4.135214933200129 -0.7301054432257141 -9.963828900648252 -7.63119603115354 3.587695475639776 -4.6206053185917435 -1.9959833656991854 -8.738972433996501 -6.2528006390705215 4.8289164973834175 -10.559432173200829 -4.803714609815728 -7.925105443465217 -14.243646512665647 -12.940652097441221 -14.992603427303093 -8.823705152152641
5.350701402805611 -2.4559350646550193 -8.725217023170995 -6.286633402267849 -7.349449835131026 -11.110663109626735 -10.172326084235426 0.03510562524175925 4.404241345149664 15.479605453123671 3.416573261749765 5.454802162532136 -4.029256352376412 -0.6063017028497912 -9.900408990370668 -7.5554527871501636 3.7521773945700754 -4.5211088067329515 -1.877672050593855 -8.66880828874475 -6.163643936141945 4.997947240433973 -10.504704935006153 -4.708959712032605 -7.852316646898512 -14.224290050554183 -12.907215811740185 -14.983325881614869 -8.764915357564398
5.410821643286573 -2.341149327407983 -8.6550610182897 -6.198621711856056 -7.2762104282562845 -11.059987343178399 -10.113554278809431 0.1677311516257241 4.575366652056143 15.703591119328447 3.5395008151491507 5.583514697529971 -3.9227707542282646 -0.48200494674626554 -9.836548902959159 -7.479310179864947 3.917275277083483 -4.4211439482595845 -1.7588325307032626 -8.598188222917553 -6.073999340834533 5.167613658124708 -10.44955694798631 -4.613735113693842 -7.779103789945037 -14.204573273068666 -12.873391098036889 -14.97371233277139 -8.705756273514638
5.4709418837675345 -2.2259773114608272 -8.584543790435433 -6.110243911820543 -7.202646648472406 -11.00896167930225 -10.054423916042694 0.30075866831668635 4.746940786356646 15.92782420455547 3.6626769828022536 5.712582131110505 -3.8158875245815986 -0.35736103321358953 -9.772337828313564 -7.402868968247838 4.082804649698833 -4.320834177725385 -1.6396055414223376 -8.527207806586947 -5.983980316662283 5.337726946683077 -10.394069265423767 -4.518159054949091 -7.70556457373802 -14.184543608139036 -12.83923877324744 -14.963800566679824 -8.646312066626702
5.531062124248497 -2.110297207271419 -8.513584710121602 -6.0214029416210835 -7.128674552249166 -10.957523327415064 -9.994864779251653 0.4343262606472365 4.919137261992059 16.152529833180985 3.786232521740303 5.84213978852048 -3.708492756227167 -0.23223946953827507 -9.707700919027388 -7.326043089376431 4.2489332846406995 -4.220071799319951 -1.5198655781893322 -8.455786001681425 -5.893488351314566 5.5084590518133325 -10.338175104449938 -4.422127456694209 -7.631615302538908 -14.164166519179203 -12.804711456633127 -14.953565195051278 -8.586511669518568
5.591182364729459 -1.99406322525423 -8.44215468386011 -5.932063079893926 -7.054263496595148 -10.90565034810723 -9.93485193669743 0.5684862191583562 5.092022718762923 16.377796885307895 3.910217444995752 5.972239241530094 -3.6005439795757193 -0.10659107335318324 -9.642611421566738 -7.248801410330803 4.415725364100663 -4.118817062043829 -1.399565382418828 -8.383893562738116 -5.802487155052436 5.679875845376987 -10.281851008998277 -4.325601573422819 -7.557225556079352 -14.143431374118103 -12.769793397533283 -14.942999208715653 -8.52632964689036
5.651302605210421 -1.877413177641163 -8.370349286970455 -5.842336827709147 -6.979511415803525 -10.853419747894382 -9.874470110763554 0.7030836533509877 5.265405663074407 16.6033873450986 4.034488027897876 6.102730216693249 -3.492171435363301 0.019437380012994943 -9.57715890801473 -7.171245072717885 4.582994961055167 -4.017194093969533 -1.2788466454041547 -8.311626520766886 -5.711090849870821 5.851787000702782 -10.22517831697808 -4.228700330483459 -7.482493456967365 -14.12238552369171 -12.73454548443876 -14.932140202752427 -8.465850410416191
5.7114228456913825 -1.7602107355709151 -8.298077798560328 -5.7521152793382235 -6.90432415029008 -10.800760583145905 -9.813640109264465 0.8382729684393986 5.439479849644133 16.82955092355831 4.159189721989627 6.233763702918221 -3.3832474494827673 0.14599167020593 -9.511259093281474 -7.093277595059065 4.750929435810789 -3.915082286432356 -1.1575689464331873 -8.238893705274393 -5.619188886084423 6.024384560099314 -10.16808170336791 -4.131307181756032 -7.407325067292678 -14.100989443043462 -12.698913913222574 -14.920958845937873 -8.404994211727885
5.771543086172344 -1.642469139626268 -8.22535104348212 -5.661410271833365 -6.828712297469881 -10.747682494809911 -9.752372047723252 0.9740397895408826 5.614228749756585 17.05627086152427 4.284310054797267 6.365326226269353 -3.2737850313465637 0.27305790802175495 -9.444922443907792 -7.014910285126359 4.919512393924233 -3.8124945527160365 -1.0357457932675551 -8.165705987561473 -5.526793235886398 6.197651857902233 -10.110571202619312 -4.033434035964891 -7.331731176518446 -14.07925082477554 -12.662907295504285 -14.909462128498932 -8.343770818199392
5.831663326653306 -1.5242541050901082 -8.152215463911254 -5.570275986486362 -6.752723128799243 -10.69422338462342 -9.69070737204257 1.1103105151795922 5.789561988074965 17.283437283384103 4.409781417380465 6.497346671445708 -3.1638465754667537 0.40056627801726535 -9.378192645663106 -6.9361921222083405 5.088655916949072 -3.7094905757344216 -0.9134446960307585 -8.092110027940436 -5.4339588549652795 6.371498940317188 -10.052686759175238 -3.9351378215370403 -7.255759235855042 -14.057193874666963 -12.626556101923823 -14.897669713440072 -8.28222125971708
5.891783567134269 -1.4054517430475144 -8.078595382894083 -5.478621533175012 -6.676278169005041 -10.64032412777589 -9.62858003668499 1.24721417543184 5.96564163532749 17.511258837372555 4.5357250294666684 6.629951107222901 -3.0533254229387845 0.5286384163766085 -9.31099943508488 -6.857042854143274 5.258516638439257 -3.605969835559006 -0.7905483506121946 -8.018029780793565 -5.340593458868703 6.546086405837226 -9.994365650200994 -3.836321269994105 -7.179330965509685 -14.034785821750242 -12.589815595449528 -14.885557379166857 -8.220279239358632
5.95190380761523 -1.2861101270924102 -8.00452514736719 -5.3864867842506925 -6.599412276132757 -10.586012953968442 -9.566020802394544 1.3846970389246571 6.14240200426579 17.739656609399535 4.662091720331727 6.763087699906581 -2.9422673337821275 0.6572232722179512 -9.243375195376561 -6.777498711520232 5.429030559779704 -3.501976264781967 -0.6671061241496012 -7.943499755496575 -5.246737481522814 6.721348807657996 -9.935637612729984 -3.7370261390266712 -7.1024813930155695 -14.012045080343503 -12.552708688997408 -14.87314026813612 -8.157975172627498
6.012024048096192 -1.1662888229499835 -7.930046886088373 -5.293920865667587 -6.522168276311451 -10.53132425747389 -9.503067275094903 1.5226923914533408 6.319761170583984 17.968531511745184 4.7888204253408695 6.896692023656868 -2.8307288995539475 0.7862576103940062 -9.175359554594646 -6.697604060174716 5.600117979574904 -3.397563979030413 -0.5431792102989341 -7.8685622792432675 -5.152440761424568 6.897204590205579 -9.876538891816509 -3.637304009363831 -7.025253507487168 -13.988993621104784 -12.515263034844358 -14.86043622404585 -8.095346209522702
6.072144288577154 -1.0458829492653088 -7.855090877011097 -5.200840071165143 -6.444473947233842 -10.47620353807483 -9.43965857816563 1.6613190497490649 6.497868403677547 18.198075382176345 4.916022513441138 7.030880066252291 -2.718611869312462 0.9158533260729447 -9.106887787640165 -6.617285138900855 5.77192311399698 -3.2926405253138897 -0.41865959382088036 -7.793147296038079 -5.057618296459605 7.073801648865903 -9.81701172509446 -3.5370653354701354 -6.947575262654304 -13.965601223696298 -12.477437394803024 -14.84742290490402 -8.032331410915798
6.132264529058116 -0.9249148548941655 -7.779673848674324 -5.1072634155514685 -6.366346036613972 -10.42066494868422 -9.375809917660014 1.8005522603530266 6.676694018276557 18.428254618392025 5.043675804304666 7.165628147821913 -2.6059377612460937 1.04598676563128 -9.03797581315943 -6.5365595579448525 5.944416853698467 -3.1872268516144837 -0.29357018368877164 -7.71727161463291 -4.962289357106897 7.251110275258323 -9.757070981238058 -3.4363297452792274 -6.869463562379181 -13.941877883573797 -12.439243686129211 -14.834108885732727 -7.968945689328937
6.192384769539078 -0.8033695417600839 -7.703787093504548 -5.013179727098933 -6.287775146285011 -10.364702405142587 -9.311514089675637 1.9404093938048284 6.85626080047351 18.659101555655834 5.1717972293726255 7.300953530227648 -2.4926929167172256 1.1766740289756823 -8.968615813875235 -6.4554180897248274 6.117620908308481 -3.0813106201798997 -0.16789546446824843 -7.6409264876588345 -4.866442570580336 7.429152837380819 -9.696710139290783 -3.3350848097532015 -6.790909163854906 -13.917821677941811 -12.400678123298617 -14.820493545267793 -7.9051816631607075
6.25250501002004 -0.6812219225458094 -7.627414996942825 -4.918569661039065 -6.208744808007136 -10.308304305249916 -9.246757788805322 2.0809191898917847 7.0366056858894055 18.89066614199661 5.300414190557348 7.43688449285235 -2.37885415787422 1.307941918327465 -8.898793524447363 -6.373844270032632 6.291570684738399 -2.9748705160671713 -0.041609545108425294 -7.564096229771415 -4.77005826458921 7.607965745393628 -9.635916863041896 -3.2333094401318974 -6.7118957506542465 -13.893427401415808 -12.361732622561304 -14.806573712699398 -7.841025932226415
6.312625250501002 -0.558459791574677 -7.550550662407112 -4.823424251924937 -6.129247537788398 -10.251465948067189 -9.181535368417375 2.2220958401822424 7.217747451920591 19.122975392876228 5.429540540449391 7.5734351477643855 -2.2644104241282585 1.4398034989420478 -8.828502805966593 -6.291830864740089 6.466284003785113 -2.8678967018964636 0.08530020582357523 -7.486773916310252 -4.673127303814741 7.787567389017074 -9.574686127348144 -3.130993591187057 -6.632415984694955 -13.868693850648375 -12.322404421450697 -14.792349271879013 -7.776472748003176
6.372745490981964 -0.43506594206471405 -7.4731837509562915 -4.727730472591638 -6.049272337928322 -10.194179870574267 -9.115838133013128 2.363959165523281 7.399711871472139 19.356064977299322 5.559195293593504 7.710625051319436 -2.149345930244995 1.5722771284141641 -8.757734303465725 -6.2093670496318625 6.641785456525547 -2.760374893657464 0.21285156039244413 -7.408949165513903 -4.575636428103103 7.967983100045402 -9.513010003446212 -3.0281229219690253 -6.552459010626759 -13.843618159122249 -12.282688595413498 -14.777818804338237 -7.711513370708509
6.432865731462925 -0.3110744239741692 -7.395338759986778 -4.631516669395097 -5.968843980928007 -10.136466282916938 -9.049688060538532 2.5064711422062205 7.582452564878874 19.58988017626895 5.689343974443055 7.848417571112126 -2.0336931758600345 1.705326670911443 -8.6865111444902 -6.126478652259071 6.818029787591076 -2.652336402356654 0.34100955014743306 -7.330646595472832 -4.477614392439033 8.149166610894216 -9.450909802989287 -2.9247270285954308 -6.472049732507159 -13.81821364375712 -12.242601625119496 -14.762993313884126 -7.64616947524452
6.492985971943887 -0.18645104849055016 -7.316993726925887 -4.534756057509863 -5.887939557549711 -10.078308437343786 -8.983066189632343 2.6496707267131194 7.76601911260272 19.824486371106932 5.820023274557684 7.986850822923653 -1.9174203592424923 1.8389885151014658 -8.614813120835223 -6.043142644896123 6.995064639205786 -2.543751822763018 0.46980941153034195 -7.251844148270674 -4.379033968908921 8.33116688064699 -9.388367807869784 -2.8207769870515875 -6.391165377333028 -13.792471910521778 -12.202131350566992 -14.747867085854034 -7.58042216992191
6.55310621242485 -0.06118525861355195 -7.238142730428994 -4.43744091710359 -5.8065526460943495 -10.01970231570061 -8.915967673779424 2.79357020017449 7.950427814510164 20.05990715683885 5.951245172565933 8.12593699381235 -1.8005179315767819 1.9732739038495557 -8.542634980157324 -5.959352906776581 7.172905432113719 -2.434612781709224 0.5992620621332101 -7.1725358835322695 -4.27988728879054 8.51399984178899 -9.325379761027826 -2.716264130360173 -6.309799652995114 -13.766391990453053 -12.16127544842651 -14.732440095024318 -7.514266588060057
6.613226452905812 0.06473783397902722 -7.158776867485042 -4.339560010938239 -5.724673783918401 -9.960641506837362 -8.848385024808287 2.938186718975108 8.13570103068221 20.29617360610033 6.083026109225127 8.265692984406844 -1.682972251368018 2.1081986587895645 -8.469968685023918 -5.8751002143669 7.3515734500673595 -2.3249070602310136 0.729382871233053 -7.092712866690025 -4.1801629108436344 8.69768743976925 -9.261938891994959 -2.61117607246085 -6.227943223591215 -13.739971473975226 -12.120029722636792 -14.71671118836987 -7.447695277470228
6.673346693386773 0.1913281592438132 -7.078890576586527 -4.241106087569335 -5.642296951813943 -9.901122235808462 -8.78031368494625 3.083531833950034 8.32185411107437 20.533307942021693 6.215377320139321 8.4061302371645 -1.5647743399731453 2.24377331483733 -8.396809309481494 -5.790378879134448 7.531083189393762 -2.214626852226009 0.8601821024858936 -7.01236952137398 -4.079853441720722 8.882244663271752 -9.198041226041909 -2.5055046709715256 -6.145590192618169 -13.713209460752685 -12.078391998839082 -14.700680353827893 -7.380703710802656
6.733466933867735 0.31858369329091474 -6.99848640251691 -4.142081531555473 -5.559424449962833 -9.841147156325292 -8.711756228583116 3.2296035984247498 8.508885548722311 20.7713112993043 6.348297594505912 8.547247087488024 -1.4459264791997064 2.3799957067994764 -8.323159481004254 -5.705191726744084 7.711432833646182 -2.10377497095729 0.9916577178749542 -6.931508415665721 -3.9789612763843962 9.067669774784797 -9.13368958205167 -2.3992520188556554 -6.062742977628464 -13.686108783902478 -12.036365060127102 -14.68435043041813 -7.31329441935566
6.793587174348697 0.4465661475514793 -6.917523472856839 -4.042437237794392 -5.476014111734173 -9.780684363594165 -8.64267694719075 3.3764719633596743 8.69688350984326 21.010296485217093 6.481851846205924 8.689111592656783 -1.3263708549384148 2.5169312670012682 -8.248981343076036 -5.619496130852959 7.892707330789886 -1.9922976364003884 1.1238732427490916 -6.850088503509291 -3.877436506960077 9.254050009999215 -9.068850333751541 -2.292365594639456 -5.979359537764637 -13.658651983958928 -11.993924920973098 -14.667708639621482 -7.245432193248433
6.853707414829659 0.5751438198107905 -6.836092558924101 -3.9422802842402582 -5.392158623730445 -9.719806666600448 -8.573156166024312 3.5239886558446623 8.885663896647245 21.250037102367717 6.615904289190908 8.831580160814664 -1.206231999351506 2.654440266733871 -8.174359768211545 -5.533387305583244 8.07472820212946 -1.8803127895540304 1.2566932276206266 -6.7682009827359835 -3.7753878812563357 9.441202467471701 -9.003600315294236 -2.1849585731980525 -5.895532646212516 -13.630882952114083 -11.951128630419381 -14.650789344915099 -7.177196243675681
