web/models/kne/28/mosfit_kn_0.018177_0.3747_10.0000.dat
# %ECSV 1.0
# ---
# datatype:
# - {name: time, datatype: float64}
# - {name: PS1_g, datatype: float64}
# - {name: PS1_i, datatype: float64}
# - {name: PS1_r, datatype: float64}
# - {name: PS1_w, datatype: float64}
# - {name: PS1_y, datatype: float64}
# - {name: PS1_z, datatype: float64}
# - {name: swift_uvot_B, datatype: float64}
# - {name: swift_uvot_U, datatype: float64}
# - {name: swift_uvot_uvm2, datatype: float64}
# - {name: swift_uvot_uvw1, datatype: float64}
# - {name: swift_uvot_uvw2, datatype: float64}
# - {name: swift_uvot_V, datatype: float64}
# - {name: johnson_B, datatype: float64}
# - {name: johnson_I, datatype: float64}
# - {name: johnson_R, datatype: float64}
# - {name: johnson_U, datatype: float64}
# - {name: johnson_V, datatype: float64}
# - {name: sdss_g, datatype: float64}
# - {name: sdss_i, datatype: float64}
# - {name: sdss_r, datatype: float64}
# - {name: sdss_u, datatype: float64}
# - {name: sdss_z, datatype: float64}
# - {name: ATLAS_c, datatype: float64}
# - {name: ATLAS_o, datatype: float64}
# - {name: ukirt_H, datatype: float64}
# - {name: ukirt_J, datatype: float64}
# - {name: ukirt_K, datatype: float64}
# - {name: Clear, datatype: float64}
# meta: !!omap
# - comment: [kappa = 10.0, type = rprocess, mass = 0.018176879801416274, velocity = 0.3746666666666667, theta_obs = 0.0, tfloor = 1000.0]
# schema: astropy-2.0
time PS1_g PS1_i PS1_r PS1_w PS1_y PS1_z swift_uvot_B swift_uvot_U swift_uvot_uvm2 swift_uvot_uvw1 swift_uvot_uvw2 swift_uvot_V johnson_B johnson_I johnson_R johnson_U johnson_V sdss_g sdss_i sdss_r sdss_u sdss_z ATLAS_c ATLAS_o ukirt_H ukirt_J ukirt_K Clear
[from data line 232]
14.008016032064127 8.969833368471072 0.08800455527177675 3.5630753333096266 1.59515152180564 -3.435185493253474 -2.017509528406354 12.509739945035541 19.16868404293046 33.05727934695964 15.134266575005029 17.64728308148468 6.929350061341856 11.305802628069351 -1.465508751150156 1.504524015574826 18.13768286367872 5.974327726173104 9.782373469785508 0.16926050738478082 3.7915639928060685 19.669789573105287 -2.5909371404283377 5.542151903052268 1.0897393784424914 -8.38417287116897 -6.234683575679279 -9.744461551642141 -0.6907425219556984
14.06813627254509 8.98295604734832 0.10112723414902547 3.5761980121868753 1.6082742006828887 -3.4220628143762255 -2.004386849529105 12.52286262391279 19.18180672180771 33.07040202583689 15.147389253882277 17.66040576036193 6.942472740219105 11.3189253069466 -1.4523860722729252 1.5176466944520748 18.15080554255597 5.987450405050352 9.795496148662757 0.18238318626202954 3.804686671683317 19.682912251982536 -2.577814461551089 5.555274581929517 1.10286205731974 -8.37105019229172 -6.22156089680203 -9.731338872764892 -0.6776198430784497
14.128256513026052 8.995992550948788 0.11416373774951083 3.5892345157873606 1.621310704283374 -3.40902631077574 -1.9913503459286197 12.535899127513275 19.194843225408196 33.083438529437366 15.160425757482745 17.673442263962396 6.9555092438195905 11.331961810547085 -1.4393495686724398 1.5306831980525601 18.163842046156454 6.000486908650838 9.808532652263242 0.19541968986249714 3.817723175283785 19.69594875558302 -2.5647779579506214 5.568311085530002 1.1158985609202077 -8.358013688691235 -6.208524393201545 -9.718302369164425 -0.6645833394779821
14.188376753507013 9.008944800710825 0.12711598751154796 3.6021867655493978 1.6342629540454112 -3.396074061013703 -1.9783980961665826 12.548851377275312 19.207795475170233 33.0963907791994 15.173378007244782 17.686394513724434 6.968461493581628 11.344914060309122 -1.4263973189104027 1.5436354478145973 18.17679429591849 6.013439158412875 9.82148490202528 0.20837193962453426 3.830675425045822 19.70890100534506 -2.5518257081885842 5.581263335292039 1.1288508106822448 -8.345061438929198 -6.195572143439508 -9.705350119402388 -0.6516310897159272
14.248496993987976 9.021815016523469 0.13998620332419165 3.6150569813620415 1.647133169858055 -3.3832038452010593 -1.9655278803539389 12.561721593087956 19.220665690982877 33.10926099501205 15.186248223057426 17.699264729537077 6.981331709394271 11.357784276121766 -1.413527103097759 1.556505663627241 18.189664511731134 6.0263093742255185 9.834355117837923 0.22124215543717796 3.8435456408584656 19.721771221157702 -2.5389554923759405 5.594133551104683 1.1417210264948885 -8.332191223116554 -6.182701927626864 -9.692479903589726 -0.6387608739032835
14.308617234468937 9.034605309207482 0.15277649600820453 3.6278472740460366 1.6599234625420678 -3.370413552517064 -1.952737587669926 12.574511885771969 19.23345598366688 33.12205128769606 15.199038515741439 17.71205502222109 6.994122002078266 11.370574568805779 -1.400736810413746 1.5692959563112538 18.20245480441513 6.039099666909531 9.847145410521936 0.23403244812119084 3.8563359335424785 19.734561513841715 -2.5261651996919277 5.606923843788696 1.1545113191789014 -8.31940093043256 -6.169911634942869 -9.679689610905731 -0.6259705812192884
14.3687374749499 9.047318317803619 0.16548950460432366 3.6405602826421735 1.672636471138187 -3.3577005439209273 -1.9400245790738069 12.587224894368088 19.24616899226301 33.13476429629219 15.211751524337576 17.724768030817227 7.006835010674403 11.383287577401898 -1.388023801817627 1.582008964907373 18.215167813011266 6.0518126755056505 9.859858419118055 0.24674545671732773 3.8690489421386154 19.747274522437834 -2.5134521910957908 5.619636852384815 1.1672243277750383 -8.306687921836422 -6.157198626346732 -9.666976602309594 -0.6132575726231515
14.428857715430862 9.059955746466297 0.1781269332670199 3.6531977113048697 1.6852738998008832 -3.345063115258231 -1.9273871504111106 12.599862323030784 19.258806420925705 33.147401724954875 15.224388953000254 17.737405459479906 7.0194724393370995 11.395925006064594 -1.3753863731549307 1.5946463935700692 18.227805241673963 6.064450104168347 9.872495847780751 0.25938288538002396 3.881686370801294 19.75991195110053 -2.5008147624330945 5.632274281047511 1.1798617564377167 -8.294050493173726 -6.144561197684036 -9.654339173646898 -0.6006201439604553
14.488977955911823 9.072519756437476 0.19069094323819868 3.6657617212760485 1.697837909772062 -3.33249910528707 -1.9148231404399318 12.612426333001963 19.271370430896884 33.159965734926054 15.236952962971433 17.749969469451084 7.0320364493082606 11.408489016035773 -1.362822363183752 1.607210403541248 18.240369251645124 6.0770141141395255 9.88505985775193 0.271946895351185 3.8942503807724727 19.77247596107171 -2.4882507524619335 5.64483829101869 1.1924257664088955 -8.281486483202547 -6.131997187712857 -9.641775163675737 -0.5880561339892942
14.549098196392785 9.085012025791901 0.20318321259260586 3.6782539906304557 1.7103301791264691 -3.320006835932645 -1.902330871085507 12.624918602356388 19.283862700251298 33.17245800428047 15.249445232325858 17.76246173880551 7.0445287186626855 11.42098128539018 -1.350330093829327 1.6197026728956552 18.25286152099955 6.089506383493933 9.897552127106337 0.2844391647056099 3.9067426501268976 19.784968230426117 -2.4757584831075086 5.657330560373097 1.2049180357633205 -8.26899421384814 -6.11950491835845 -9.629282894321312 -0.5755638646348693
14.609218436873746 9.097435127003894 0.21560631380459938 3.690677091842449 1.7227532803384626 -3.3075837347206516 -1.8899077698735312 12.637341703568364 19.296285801463284 33.18488110549246 15.261868333537834 17.774884840017485 7.056951819874679 11.433404386602174 -1.3379069926173512 1.6321257741076487 18.265284622211542 6.101929484705926 9.90997522831833 0.29686226591760345 3.9191657513388733 19.79739133163811 -2.463335381895515 5.669753661585091 1.2173411369752962 -8.256571112636147 -6.107081817146456 -9.616859793109318 -0.5631407634228758
14.669338677354709 9.109790283803108 0.2279614706038302 3.7030322486416622 1.7351084371376935 -3.2952285779214385 -1.8775526130743003 12.649696860367595 19.308640958262508 33.197236262291675 15.274223490337064 17.787239996816716 7.069306976673892 11.445759543401405 -1.3255518358181204 1.6444809309068795 18.277639779010755 6.114284641505139 9.922330385117544 0.3092174227168165 3.931520908138104 19.80974648843734 -2.450980225096302 5.682108818384322 1.229696293774527 -8.244215955836934 -6.094726660347243 -9.604504636310105 -0.5507856066236627
14.729458917835672 9.12207941708477 0.24025060388549235 3.7153213819233244 1.7473975704193556 -3.2829394446397764 -1.8652634797926382 12.661985993649257 19.32093009154417 33.20952539557335 15.286512623618727 17.799529130098378 7.081596109955554 11.458048676683067 -1.3132627025364583 1.6567700641885417 18.289928912292417 6.126573774786819 9.934619518399224 0.32150655599847866 3.9438100414197663 19.822035621719003 -2.43869109181464 5.694397951665984 1.2419854270561892 -8.231926822555272 -6.082437527065581 -9.592215503028443 -0.5384964733420006
14.789579158316633 9.134304375960571 0.252475562761294 3.727546340799144 1.7596225292951573 -3.270714485763957 -1.8530385209168365 12.674210952525058 19.33315505041998 33.22175035444915 15.298737582494528 17.81175408897418 7.093821068831374 11.470273635558868 -1.3010377436606566 1.6689950230643433 18.302153871168237 6.138798733662621 9.946844477275025 0.3337315148742803 3.956035000295568 19.834260580594805 -2.426466132938838 5.706622910541785 1.2542103859319909 -8.219701863679452 -6.070212568189762 -9.579990544152642 -0.5262715144661811
14.849699398797595 9.146466864483891 0.2646380512846136 3.7397088293224456 1.7717850178184769 -3.258551997240655 -1.840876032393517 12.686373441048378 19.34531753894329 33.23391284297247 15.310900071017848 17.8239165774975 7.1059835573546755 11.482436124082188 -1.288875255137337 1.681157511587663 18.31431635969154 6.15096122218594 9.959006965798345 0.3458940033975999 3.9681974888188876 19.846423069118124 -2.4143036444155186 5.718785399065105 1.2663728744553104 -8.207539375156133 -6.05805007966646 -9.567828055629322 -0.5141090259428793
14.909819639278556 9.15856849605479 0.27673968285551354 3.7518104608933633 1.7838866493893768 -3.2464503656697374 -1.828774400822617 12.698475072619278 19.3574191705142 33.24601447454337 15.323001702588748 17.8360182090684 7.118085188925593 11.494537755653088 -1.276773623566437 1.6932591431585629 18.326417991262456 6.16306285375684 9.971108597369245 0.3579956349685176 3.9802991203897875 19.858524700689024 -2.402202012844601 5.730887030636005 1.2784745060262104 -8.195437743585233 -6.045948448095542 -9.555726424058404 -0.5020073943719616
14.969939879759519 9.170610968667923 0.2887821554686276 3.7638529335064774 1.7959291220024909 -3.2344078930566234 -1.816731928209503 12.71051754523241 19.369461643127313 33.2580569471565 15.33504417520188 17.84806068168153 7.130127661538707 11.506580228266202 -1.2647311509533052 1.705301615771677 18.33846046387557 6.1751053263699545 9.983151069982359 0.3700381075816317 3.9923415930029194 19.87056717330214 -2.390159540231487 5.742929503249119 1.2905169786393422 -8.183395270972118 -6.033905975482428 -9.54368395144529 -0.48996492175884754
15.03006012024048 9.18259538405227 0.30076657085299274 3.775837348890825 1.8079135373868382 -3.222423477672276 -1.8047475128251378 12.722501960616757 19.38144605851167 33.270041362540844 15.347028590586227 17.86004509706588 7.142112076923055 11.51856464365055 -1.2527467355689579 1.7172860311560243 18.350444879259918 6.187089741754302 9.995135485366706 0.38202252296597905 4.004326008387267 19.882551588686486 -2.3781751248471394 5.754913918633466 1.3025013940236896 -8.171410855587771 -6.021921560098081 -9.531699536060943 -0.4779805063745002
15.090180360721442 9.194523169794806 0.3126943565955287 3.7877651346333785 1.819841323129392 -3.21049569192974 -1.7928197270826018 12.734429746359293 19.393373844254214 33.28196914828339 15.358956376328763 17.871972882808414 7.1540398626655906 11.530492429393103 -1.240818949826422 1.729213816898578 18.36237266500247 6.1990175274968555 10.00706327110926 0.393950308708515 4.016253794129803 19.89447937442904 -2.3662473391046035 5.76684170437602 1.3144291797662255 -8.159483069845217 -6.009993774355527 -9.519771750318407 -0.46605272063196423
15.150300601202405 9.20639633609209 0.32456752289281354 3.7996383009306456 1.8317144894266768 -3.198622525632455 -1.780946560785317 12.746302912656578 19.40524701055149 33.293842314580665 15.370829542626048 17.8838460491057 7.165913028962875 11.542365595690388 -1.228945783529137 1.7410869831958629 18.37424583129974 6.210890693794123 10.018936437406527 0.40582347500579985 4.0281269604270875 19.906352540726324 -2.3543741728073186 5.778714870673305 1.3263023460635104 -8.14760990354795 -5.99812060805826 -9.507898584021122 -0.4541795543346794
15.210420841683366 9.21821585387276 0.3363870406734826 3.8114578187113146 1.8435340072073458 -3.186803007851786 -1.769127043004648 12.758122430437247 19.417066528332157 33.30566183236134 15.382649060406717 17.89566556688637 7.177732546743544 11.554185113471057 -1.217126265748468 1.752906500976532 18.386065349080408 6.222710211574809 10.030755955187214 0.4176429927864689 4.0399464782077565 19.918172058506993 -2.3425546550266496 5.790534388453974 1.3381218638441794 -8.135790385767281 -5.986301090277591 -9.496079066240453 -0.44236003655401035
15.270541082164328 9.229983101118915 0.3481542879196198 3.8232250659574696 1.855301254453483 -3.175035760605631 -1.7573597957585108 12.769889677683384 19.428833775578305 33.317429079607486 15.394416307652872 17.907432814132523 7.189499793989699 11.565952360717194 -1.205359018502313 1.764673748222669 18.397832596326563 6.234477458820947 10.042523202433351 0.42941024003262385 4.0517137254539115 19.92993930575313 -2.3307874077804946 5.802301635700111 1.3498891110903344 -8.124023138521126 -5.974533843031436 -9.484311818994298 -0.4305927893078554
15.33066132264529 9.24169926143442 0.35987044823514225 3.8349412262729743 1.8670174147690055 -3.1633196002901265 -1.7456436354429883 12.781605837998907 19.44054993589382 33.329145239923 15.406132467968376 17.919148974448028 7.201215954305204 11.577668521032717 -1.1936428581868084 1.7763899085381916 18.409548756642067 6.246193619136469 10.054239362748874 0.44112640034812856 4.063429885769416 19.941655466068653 -2.31907124746499 5.814017796015634 1.361605271405839 -8.112306978205604 -5.962817682715931 -9.472595658678793 -0.4188766289923507
15.390781563126252 9.253365916728633 0.37153710352935576 3.8466078815672056 1.878684070063219 -3.151652944995895 -1.7339769801487748 12.79327249329312 19.45221659118804 33.340811895217215 15.41779912326259 17.93081562974224 7.212882609599418 11.58933517632693 -1.1819762028925949 1.788056563832405 18.4212154119363 6.257860274430683 10.065906018043087 0.45279305564234207 4.07509654106363 19.953322121362866 -2.3074045921707764 5.825684451309847 1.3732719267000526 -8.10064032291139 -5.9511510274217 -9.46092900338458 -0.40720997369813716
15.450901803607215 9.26498402463082 0.38315521143154285 3.858225989469375 1.8903021779654061 -3.140034837093726 -1.7223588722465877 12.804890601195307 19.46383469909022 33.3524300031194 15.429417231164777 17.94243373764443 7.224500717501605 11.600953284229117 -1.1703580949904078 1.7996746717345922 18.432833519838468 6.269478382332852 10.077524125945274 0.46441116354452916 4.086714648965817 19.964940229265054 -2.2957864842685893 5.837302559212034 1.3848900346022397 -8.089022215009221 -5.9395329195195306 -9.449310895482393 -0.39559186579595007
15.511022044088175 9.276554744273149 0.39472593107387155 3.8697967091117036 1.9018728976077348 -3.128464117451397 -1.710788152604259 12.816461320837636 19.47540541873255 33.36400072276173 15.440987950807106 17.954004457286757 7.236071437143933 11.612524003871446 -1.158787375348079 1.8112453913769209 18.444404239480797 6.281049101975181 10.089094845587603 0.47598188318685786 4.0982853686081455 19.976510948907382 -2.2842157646262606 5.848873278854363 1.3964607542445684 -8.077451495366892 -5.927962199877202 -9.437740175840064 -0.3840211461536214
15.571142284569138 9.288079340722728 0.4062505275234507 3.8813213055612827 1.913397494057314 -3.116939521001818 -1.6992635561546798 12.827985917287215 19.486930015182125 33.3755253192113 15.452512547256685 17.965529053736336 7.247596033593513 11.624048600321025 -1.1472627788985 1.8227699878265 18.455928835930376 6.29257369842476 10.100619442037164 0.487506479636437 4.109809965057725 19.988035545356944 -2.2726911681766815 5.860397875303924 1.4079853506941475 -8.065926898917313 -5.916437603427623 -9.426215579390485 -0.3724965497040422
15.631262525050099 9.29955857251425 0.4177297593149554 3.892800537352805 1.9248767258488186 -3.1054602892102956 -1.6877843243631752 12.83946514907872 19.49840924697364 33.387004551002825 15.463991779048207 17.97700828552784 7.259075265385035 11.63552783211253 -1.1357835471069953 1.8342492196180047 18.467408067721898 6.304052930216282 10.112098673828687 0.49898571142795944 4.121289196849229 19.999514777148466 -2.261211936385159 5.871877107095447 1.41946458248567 -8.05444766712579 -5.9049583716361 -9.414736347598962 -0.3610173179125198
15.691382765531062 9.31099381139747 0.4291649981981749 3.9042357762360247 1.9363119647320381 -3.094025050327076 -1.6763490854799556 12.85090038796194 19.50984448585686 33.39843978988604 15.475427017931427 17.98844352441106 7.2705105042682545 11.64696307099575 -1.1243483082237757 1.8456844585012242 18.478843306605118 6.315488169099502 10.123533912711906 0.510420950311179 4.132724435732467 20.010950016031686 -2.2497766975019395 5.883312345978666 1.4308998213688895 -8.043012428242571 -5.893523132752881 -9.403301108715743 -0.3495820790293003
