web/models/kne/28/mosfit_kn_0.012011_0.2180_0.5000.dat
# %ECSV 1.0
# ---
# datatype:
# - {name: time, datatype: float64}
# - {name: PS1_g, datatype: float64}
# - {name: PS1_i, datatype: float64}
# - {name: PS1_r, datatype: float64}
# - {name: PS1_w, datatype: float64}
# - {name: PS1_y, datatype: float64}
# - {name: PS1_z, datatype: float64}
# - {name: swift_uvot_B, datatype: float64}
# - {name: swift_uvot_U, datatype: float64}
# - {name: swift_uvot_uvm2, datatype: float64}
# - {name: swift_uvot_uvw1, datatype: float64}
# - {name: swift_uvot_uvw2, datatype: float64}
# - {name: swift_uvot_V, datatype: float64}
# - {name: johnson_B, datatype: float64}
# - {name: johnson_I, datatype: float64}
# - {name: johnson_R, datatype: float64}
# - {name: johnson_U, datatype: float64}
# - {name: johnson_V, datatype: float64}
# - {name: sdss_g, datatype: float64}
# - {name: sdss_i, datatype: float64}
# - {name: sdss_r, datatype: float64}
# - {name: sdss_u, datatype: float64}
# - {name: sdss_z, datatype: float64}
# - {name: ATLAS_c, datatype: float64}
# - {name: ATLAS_o, datatype: float64}
# - {name: ukirt_H, datatype: float64}
# - {name: ukirt_J, datatype: float64}
# - {name: ukirt_K, datatype: float64}
# - {name: Clear, datatype: float64}
# meta: !!omap
# - comment: [kappa = 0.5, type = rprocess, mass = 0.012011244339858356, velocity = 0.21800000000000003, theta_obs = 0.0, tfloor = 1000.0]
# schema: astropy-2.0
time PS1_g PS1_i PS1_r PS1_w PS1_y PS1_z swift_uvot_B swift_uvot_U swift_uvot_uvm2 swift_uvot_uvw1 swift_uvot_uvw2 swift_uvot_V johnson_B johnson_I johnson_R johnson_U johnson_V sdss_g sdss_i sdss_r sdss_u sdss_z ATLAS_c ATLAS_o ukirt_H ukirt_J ukirt_K Clear
[from data line 115]
6.973947895791583 7.358601266668607 -1.52322754653067 1.951843231507162 -0.01608057999682444 -5.046417595055939 -3.6287416302088005 10.898507843233094 17.557451941127997 31.446047245157178 13.523034473202564 16.036050979682216 5.318117959539392 9.694570526266887 -3.0767408529526206 -0.10670808622763839 16.526450761876255 4.363095624370639 8.171141367983044 -1.4419715944176836 2.180331891003604 18.058557471302823 -4.202169242230802 3.9309198012498037 -0.5214927233599731 -9.995404972971434 -7.845915677481743 -11.355693653444606 -2.301974623758163
7.034068136272545 7.3766526346936345 -1.5051761785056428 1.969894599532207 0.0019707880282204826 -5.0283662270309115 -3.6106902621837733 10.916559211258122 17.575503309153042 31.464098613182212 13.541085841227591 16.054102347707243 5.336169327564419 9.712621894291932 -3.0586894849275934 -0.08865671820259347 16.5445021299013 4.381146992395684 8.189192736008089 -1.4239202263926565 2.198383259028631 18.076608839327868 -4.184117874205775 3.9489711692748486 -0.5034413553349459 -9.977353604946389 -7.827864309456698 -11.337642285419578 -2.2839232557331357
7.0941883767535066 7.394557300899223 -1.4872715123000546 1.9877992657377774 0.01987545423379089 -5.010461560825323 -3.592785595978185 10.93446387746371 17.593407975358613 31.482003279387786 13.55899050743318 16.07200701391283 5.354073993770007 9.73052656049752 -3.0407848187220052 -0.0707520519970053 16.56240679610687 4.3990516586012545 8.207097402213659 -1.4060155601870683 2.2162879252342194 18.09451350553344 -4.166213208000187 3.966875835480419 -0.48553668912935777 -9.959448938740818 -7.809959643251128 -11.31973761921399 -2.2660185895275475
7.154308617234468 7.41231786547095 -1.4695109477283275 2.0055598303095223 0.0376360188055358 -4.992700996253578 -3.575025031406458 10.952224442035437 17.611168539930357 31.499763843959524 13.576751072004907 16.089767578484558 5.371834558341752 9.748287125069247 -3.023024254150278 -0.05299148742527815 16.580167360678615 4.416812223172999 8.224857966785404 -1.3882549956153412 2.2340484898059465 18.112274070105183 -4.14845264342846 3.984636400052164 -0.4677761245576306 -9.941688374169074 -7.792199078679383 -11.301977054642263 -2.2482580249558026
7.214428857715431 7.429936859235884 -1.4518919539633934 2.0231788240744386 0.05525501257046983 -4.975082002488662 -3.557406037641524 10.969843435800371 17.62878753369529 31.51738283772446 13.59437006576984 16.107386572249492 5.389453552106668 9.765906118834181 -3.005405260385344 -0.03537249366034412 16.59778635444353 4.434431216937933 8.242476960550338 -1.3706360018504071 2.2516674835708805 18.129893063870117 -4.130833649663526 4.002255393817098 -0.4501571307926966 -9.924069380404157 -7.774580084914467 -11.284358060877329 -2.2306390311908864
7.274549098196393 7.447416608160786 -1.434412205038491 2.040658572999341 0.07273476149537217 -4.95760225356376 -3.5399262887166216 10.987323184725273 17.646267282620194 31.534862586649364 13.611849814694743 16.124866321174395 5.406933301031571 9.783385867759083 -2.9879255114604417 -0.01789274473544178 16.615266103368434 4.451910965862818 8.25995670947524 -1.3531562529255048 2.269147232495783 18.14737281279502 -4.113353900738623 4.019735142742 -0.43267738186779425 -9.906589631479255 -7.7571003359895645 -11.266878311952427 -2.213159282265984
7.3346693386773545 7.46475957855429 -1.4170692346449876 2.0580015433928445 0.09007773188887569 -4.940259283170256 -3.522583318323118 11.004666155118777 17.663610253013697 31.552205557042864 13.629192785088247 16.142209291567898 5.424276271425074 9.800728838152587 -2.970582541066938 -0.0005497743419382584 16.632609073761937 4.4692539362563215 8.277299679868744 -1.3358132825320013 2.2864902028892864 18.164715783188523 -4.09601093034512 4.037078113135504 -0.41533441147429073 -9.889246661085751 -7.739757365596061 -11.249535341558923 -2.1958163118724805
7.394789579158316 7.481967965239313 -1.399860847959964 2.075209930077868 0.1072861185738816 -4.923050896485233 -3.5053749316380944 11.0218745418038 17.680818639698703 31.569413943727884 13.64640117177327 16.15941767825292 5.441484658110098 9.817937224837593 -2.9533741543819145 0.016658612343067647 16.64981746044696 4.486462322941345 8.29450806655375 -1.3186048958469776 2.30369858957431 18.18192416987353 -4.078802543660096 4.05428649982051 -0.39812602478926706 -9.872038274400728 -7.722548978911037 -11.2323269548739 -2.178607925187457
7.454909819639278 7.499044039131029 -1.3827847740682486 2.092286003969601 0.12436219246561464 -4.905974822593517 -3.488298857746379 11.038950615695516 17.697894713590436 31.586490017619607 13.663477245664986 16.176493752144637 5.458560732001813 9.835013298729326 -2.9362980804901992 0.03373468623480069 16.666893534338676 4.503538396833078 8.311584140445483 -1.3015288219552623 2.3207746634660253 18.199000243765262 -4.061726469768381 4.071362573712243 -0.3810499508975518 -9.854962200508995 -7.705472905019322 -11.215250880982184 -2.1615318512957415
7.51503006012024 7.515995116424072 -1.365833696775205 2.109237081262645 0.14131326975865832 -4.889023745300456 -3.4713477804533355 11.05590169298856 17.71484579088348 31.60344109491265 13.68042832295803 16.19344482943768 5.475511809294875 9.85196437602237 -2.9193470031971556 0.050685763527844374 16.683844611631738 4.520489474126122 8.328535217738526 -1.2845777446622186 2.337725740759069 18.215951321058306 -4.044775392475337 4.088313651005286 -0.3640988736045081 -9.838011123215951 -7.688521827726261 -11.19829980368914 -2.14458077400268
7.575150300601202 7.532810301430892 -1.349018511768385 2.126052266269447 0.1581284547654782 -4.872208560293654 -3.4545325954465156 11.07271687799538 17.7316609758903 31.620256279919463 13.69724350796485 16.2102600144445 5.492326994301677 9.86877956102919 -2.9025318181903357 0.06750094853466426 16.70065979663854 4.537304659132924 8.345350402745328 -1.2677625596553987 2.354540925765889 18.232766506065126 -4.027960207468517 4.105128836012106 -0.3472836885976882 -9.821195938209149 -7.6717066427194585 -11.18148461868232 -2.127765588995878
7.635270541082164 7.549500963063647 -1.3323278501356306 2.142742927902219 0.17481911639823267 -4.855517898660899 -3.437841933813761 11.089407539628134 17.748351637523054 31.63694694155222 13.713934169597604 16.226950676077255 5.509017655934431 9.885470222661944 -2.885841156557581 0.08419161016741872 16.717350458271312 4.553995320765696 8.3620410643781 -1.2510718980226443 2.3712315873986434 18.24945716769788 -4.011269545835763 4.121819497644861 -0.33059302696493376 -9.804505276576377 -7.655015981086686 -11.164793957049566 -2.1110749273631235
7.695390781563126 7.566068302750164 -1.3157605104491132 2.159310267588719 0.19138645608475002 -4.838950558974382 -3.4212745941272438 11.105974879314651 17.76491897720957 31.65351428123873 13.730501509284121 16.243518015763772 5.525584995620949 9.902037562348461 -2.869273816871064 0.10075894985393608 16.73391779795781 4.570562660452196 8.3786084040646 -1.234504558336127 2.3877989270851607 18.266024507384397 -3.9947022061492454 4.138386837331378 -0.3140256872784164 -9.787937936889877 -7.638448641400187 -11.148226617363049 -2.094507587676606
7.755511022044088 7.582513934227606 -1.2993148789716713 2.1757558990661785 0.20783208756219196 -4.822504927496922 -3.404828962649802 11.122420510792093 17.781364608687014 31.669959912716184 13.746947140761563 16.259963647241214 5.542030627098408 9.918483193825903 -2.852828185393622 0.11720458133137801 16.75036342943527 4.5870082919296555 8.39505403554206 -1.2180589268586672 2.4042445585626027 18.28247013886184 -3.9782565746717857 4.15483246880882 -0.29758005580097446 -9.771492305412417 -7.622003009922727 -11.13178098588559 -2.0780619561991465
7.8156312625250495 7.598839639188633 -1.2829891740106447 2.192081604027205 0.22415779252321855 -4.806179222535896 -3.3885032576887752 11.13874621575312 17.79769031364804 31.68628561767721 13.76327284572259 16.27628935220224 5.558356332059435 9.93480889878693 -2.8365024804325953 0.1335302862924046 16.766689134396298 4.603333996890682 8.411379740503087 -1.2017332218976584 2.4205702635236293 18.298795843822866 -3.961930869710777 4.171158173769847 -0.2812543508399479 -9.75516660045139 -7.6056773049617 -11.11545528092458 -2.06173625123812
7.875751503006012 7.61504711544875 -1.2667816977505275 2.2082890802873045 0.24036526878333575 -4.789971746275796 -3.372295781428658 11.154953692013237 17.813897789908157 31.702493093937324 13.779480321982707 16.292496828462358 5.574563808319534 9.951016375047047 -2.820295004172478 0.1497377625525218 16.782896610656397 4.619541473150799 8.427587216763204 -1.1855257456375412 2.4367777397837465 18.315003320082983 -3.9457233934506597 4.187365650029964 -0.26504687457983067 -9.738959124191274 -7.589469828701601 -11.099247804664463 -2.0455287749780204
7.935871743486974 7.631138194773879 -1.2506906184253985 2.2243801596124335 0.25645634810846474 -4.773880666950667 -3.356204702103529 11.171044771338366 17.829988869233286 31.718584173262446 13.795571401307836 16.308587907787487 5.590654887644663 9.967107454372176 -2.804203924847349 0.1658288418776508 16.798987689981526 4.6356325524759106 8.443678296088315 -1.1694346663124122 2.4528688191088754 18.331094399408112 -3.9296323141255307 4.203456729355075 -0.24895579525470168 -9.722868044866162 -7.573378749376472 -11.083156725339334 -2.0294376956528914
7.995991983967936 7.647114628209479 -1.2347141849898158 2.240356593048034 0.2724327815440475 -4.757904233515067 -3.3402282686679463 11.187021204773949 17.84596530266887 31.734560606698036 13.811547834743418 16.32456434122307 5.606631321080264 9.983083887807759 -2.7882274914117664 0.18180527531323354 16.814964123417127 4.651608985911511 8.459654729523916 -1.1534582328768117 2.468845252544458 18.347070832843695 -3.91365588068993 4.219433162790676 -0.23297936181910117 -9.706891611430562 -7.557402315940871 -11.067180291903734 -2.013461262217291
8.056112224448897 7.6629780786287505 -1.2188507345705268 2.256220043467305 0.2882962319633364 -4.742040783095796 -3.3243648182486574 11.202884655193238 17.861828753088158 31.750424057117318 13.827411285162707 16.34042779164236 5.622494771499535 9.998947338227048 -2.7723640409924775 0.19766872573252248 16.830827573836398 4.667472436330782 8.475518179943187 -1.1375947824575405 2.484708702963747 18.362934283262984 -3.897792430270659 4.2352966132099645 -0.21711591139983 -9.69102816101129 -7.5415388655216 -11.051316841484462 -1.9975978117980198
8.11623246492986 7.678730289330886 -1.2030985238683911 2.271972254169441 0.30404844266547215 -4.72628857239366 -3.3086126075465216 11.218636865895373 17.877580963790294 31.766176267819464 13.843163495864843 16.356180002344495 5.638246982201671 10.014699548929183 -2.7566118302903417 0.2134209364346582 16.846579784538534 4.683224647032918 8.49127039064534 -1.1218425717554048 2.500460913665883 18.37868649396512 -3.8820402195685233 4.2510488239121 -0.20136370069769427 -9.675275950309155 -7.5257866548194645 -11.035564630782327 -1.981845601095884
8.176352705410821 7.694372867720727 -1.1874559454785505 2.2876148325592993 0.3196910210553128 -4.7106459940038015 -3.292970029156681 11.234279444285214 17.893223542180134 31.7818188462093 13.858806074254684 16.371822580734335 5.653889560591529 10.030342127319024 -2.740969251900501 0.22906351482449883 16.862222362928392 4.698867225422776 8.50691296903518 -1.1061999933655642 2.5161034920557235 18.39432907235496 -3.8663976411786827 4.266691402301941 -0.18572112230785365 -9.659633371919297 -7.510144076429606 -11.019922052392486 -1.9662030227060256
8.236472945891784 7.709907402388865 -1.1719214108104126 2.3031493672274195 0.3352255557234507 -4.695111459335681 -3.277435494488543 11.249813978953352 17.908758076848272 31.79735338087743 13.874340608922822 16.387357115402473 5.669424095259649 10.045876661987162 -2.725434717232363 0.24459804949263675 16.877756897596512 4.7144017600908965 8.522447503703319 -1.0906654586974263 2.5316380267238614 18.409863607023098 -3.8508631065105448 4.282225936970079 -0.17018658763971573 -9.644098837251176 -7.494609541761486 -11.004387517724348 -1.9506684880379055
8.296593186372744 7.725335518574532 -1.1564932946247453 2.3185774834131045 0.350653671909118 -4.679683343150014 -3.262007378302876 11.265242095139019 17.92418619303394 31.81278149706311 13.889768725108489 16.40278523158814 5.684852211445317 10.061304778172829 -2.710006601046696 0.26002616567830406 16.89318501378218 4.729829876276582 8.537875619888986 -1.075237342511759 2.5470661429095287 18.425291723208765 -3.8354349903248774 4.297654053155746 -0.15475847145404842 -9.628670721065491 -7.479181425575801 -10.988959401538681 -1.9352403718522382
8.356713426853707 7.740658690491511 -1.1411701227077664 2.3339006553300834 0.36597684382609685 -4.664360171233017 -3.246684206385897 11.280565267055998 17.93950936495092 31.828104668980085 13.905091897025468 16.41810840350512 5.700175383362313 10.076627950089808 -2.694683429129717 0.2753493375952829 16.908508185699176 4.74515304819356 8.553198791805965 -1.05991417059478 2.5623893148265076 18.440614895125744 -3.8201118184078986 4.312977225072725 -0.13943529953706957 -9.613347549148513 -7.463858253658822 -10.973636229621702 -1.9199171999352416
8.41683366733467 7.755878430459191 -1.1259503827400863 2.3491203952977457 0.38119658379377697 -4.649140431265355 -3.231464466418217 11.295785007023678 17.9547291049186 31.843324408947755 13.920311636993148 16.4333281434728 5.715395123329976 10.091847690057488 -2.679463689162037 0.290569077562963 16.92372792566684 4.760372788161223 8.568418531773627 -1.0446944306271 2.5776090547941877 18.455834635093424 -3.8048920784402185 4.328196965040405 -0.12421555956938946 -9.59812780918085 -7.44863851369116 -10.958416489654022 -1.9046974599675792
8.47695390781563 7.770996240743475 -1.1108325724558021 2.3642382055820477 0.3963143940780611 -4.634022620981053 -3.2163466561339327 11.310902817307962 17.969846915202883 31.85844221923205 13.935429447277432 16.448445953757084 5.73051293361426 10.106965500341772 -2.6643458788777528 0.3056868878472472 16.93884573595114 4.775490598445525 8.58353634205793 -1.0295766203428158 2.592726865078472 18.47095244537771 -3.7897742681559343 4.343314775324689 -0.1090977492851053 -9.583009998896548 -7.433520703406858 -10.943298679369738 -1.889579649683295
8.537074148296593 7.786013494306641 -1.0958153188926545 2.3792554591451953 0.4113316476412088 -4.6190053674179055 -3.201329402570785 11.32592007087111 17.98486416876603 31.873459472795208 13.950446700840597 16.46346320732025 5.745530187177425 10.12198275390492 -2.6493286253145873 0.3207041414103948 16.95386298951429 4.790507852008672 8.598553595621077 -1.0145593667796504 2.6077441186416372 18.485969698940856 -3.774757014592769 4.358332028887837 -0.09408049572193988 -9.5679927453334 -7.41850344984371 -10.928281425806572 -1.8745623961201296
8.597194388777554 7.800931618439968 -1.0808971947593093 2.3941735832785405 0.4262497717745539 -4.60408724328456 -3.18641127843744 11.340838195004455 17.999782292899376 31.888377596928546 13.965364824973925 16.478381331453576 5.7604483113107525 10.136900878038265 -2.63441050118126 0.33562226554374 16.968781113647633 4.8054259761420175 8.613471719754422 -0.999641242646323 2.6226622427749646 18.5008878230742 -3.7598388904594415 4.373250153021182 -0.0791623715886125 -9.553074621200055 -7.403585325710365 -10.913363301673245 -1.8596442719868023
