web/models/kne/28/mosfit_kn_0.095333_0.3433_10.0000.dat
# %ECSV 1.0
# ---
# datatype:
# - {name: time, datatype: float64}
# - {name: PS1_g, datatype: float64}
# - {name: PS1_i, datatype: float64}
# - {name: PS1_r, datatype: float64}
# - {name: PS1_w, datatype: float64}
# - {name: PS1_y, datatype: float64}
# - {name: PS1_z, datatype: float64}
# - {name: swift_uvot_B, datatype: float64}
# - {name: swift_uvot_U, datatype: float64}
# - {name: swift_uvot_uvm2, datatype: float64}
# - {name: swift_uvot_uvw1, datatype: float64}
# - {name: swift_uvot_uvw2, datatype: float64}
# - {name: swift_uvot_V, datatype: float64}
# - {name: johnson_B, datatype: float64}
# - {name: johnson_I, datatype: float64}
# - {name: johnson_R, datatype: float64}
# - {name: johnson_U, datatype: float64}
# - {name: johnson_V, datatype: float64}
# - {name: sdss_g, datatype: float64}
# - {name: sdss_i, datatype: float64}
# - {name: sdss_r, datatype: float64}
# - {name: sdss_u, datatype: float64}
# - {name: sdss_z, datatype: float64}
# - {name: ATLAS_c, datatype: float64}
# - {name: ATLAS_o, datatype: float64}
# - {name: ukirt_H, datatype: float64}
# - {name: ukirt_J, datatype: float64}
# - {name: ukirt_K, datatype: float64}
# - {name: Clear, datatype: float64}
# meta: !!omap
# - comment: [kappa = 10.0, type = rprocess, mass = 0.09533330950298248, velocity = 0.3433333333333334, theta_obs = 0.0, tfloor = 1000.0]
# schema: astropy-2.0
time PS1_g PS1_i PS1_r PS1_w PS1_y PS1_z swift_uvot_B swift_uvot_U swift_uvot_uvm2 swift_uvot_uvw1 swift_uvot_uvw2 swift_uvot_V johnson_B johnson_I johnson_R johnson_U johnson_V sdss_g sdss_i sdss_r sdss_u sdss_z ATLAS_c ATLAS_o ukirt_H ukirt_J ukirt_K Clear
[from data line 318]
19.178356713426854 6.137704239780657 -2.744124573418638 0.7309462046192117 -1.2369776068847749 -6.267314621943889 -4.849638657096769 9.677610816345144 16.336554914240047 30.225150218269224 12.302137446314614 14.815153952794265 4.0972209326514415 8.473673499378936 -4.297637879840571 -1.3276051131155888 15.305553734988305 3.1421985974826887 6.950244341095093 -2.662868621305634 0.9594348641156536 16.837660444414873 -5.423066269118753 2.7100227743618532 -1.7423897502479235 -11.216301999859384 -9.066812704369694 -12.576590680332556 -3.5228716506461133
19.238476953907814 6.149665770955117 -2.73216304224416 0.7429077357936897 -1.2250160757102968 -6.255353090769411 -4.837677125922291 9.689572347519604 16.348516445414525 30.237111749443695 12.314098977489074 14.827115483968726 4.10918246382592 8.485635030553414 -4.285676348666111 -1.3156435819411108 15.317515266162783 3.1541601286571668 6.962205872269571 -2.6509070901311738 0.9713963952901139 16.84962197558935 -5.4111047379442745 2.7219843055363313 -1.7304282190734632 -11.204340468684906 -9.054851173195216 -12.564629149158078 -3.5109101194716352
19.298597194388776 6.161622566651985 -2.720206246547292 0.75486453149054 -1.2130592800134465 -6.243396295072561 -4.825720330225423 9.701529143216472 16.360473241111375 30.249068545140553 12.326055773185942 14.839072279665594 4.12113925952277 8.497591826250282 -4.273719552969243 -1.3036867862442605 15.329472061859633 3.166116924354017 6.9741626679664215 -2.6389502944343057 0.9833531909869819 16.8615787712862 -5.399147942247424 2.7339411012331816 -1.7184714233765952 -11.192383672988056 -9.042894377498365 -12.552672353461228 -3.498953323774785
19.35871743486974 6.173575165171439 -2.7082536480278563 0.7668171300099935 -1.201106681493993 -6.231443696553107 -4.813767731705987 9.713481741735908 16.37242583963083 30.261021143660006 12.338008371705396 14.851024878185047 4.133091858042223 8.509544424769718 -4.261766954449789 -1.291734187724807 15.341424660379086 3.1780695228734706 6.986115266485875 -2.626997695914852 0.9953057895064354 16.873531369805654 -5.387195343727971 2.745893699752635 -1.7065188248571417 -11.180431074468602 -9.030941778978912 -12.540719754941774 -3.4870007252553314
19.4188376753507 6.185522606877534 -2.6963062063217613 0.7787645717160885 -1.189159239787898 -6.219496254847012 -4.801820289999892 9.725429183442003 16.384373281336924 30.2729685853661 12.34995581341149 14.862972319891124 4.145039299748318 8.521491866475813 -4.249819512743712 -1.279786746018712 15.353372102085181 3.1900169645795655 6.99806270819197 -2.6150502542087573 1.0072532312125304 16.88547881151175 -5.375247902021876 2.75784114145873 -1.6945713831510467 -11.168483632762507 -9.018994337272817 -12.52877231323568 -3.4750532835492365
19.478957915831664 6.1974647858721355 -2.684364027327142 0.790706750710708 -1.1772170607932786 -6.207554075852411 -4.789878111005272 9.737371362436622 16.396315460331543 30.284910764360713 12.361897992406092 14.874914498885744 4.15698147874292 8.533434045470432 -4.2378773337490925 -1.2678445670240925 15.365314281079783 3.201959143574185 7.010004887186589 -2.6031080752141555 1.0191954102071321 16.89742099050637 -5.363305723027274 2.7697833204533495 -1.682629204156445 -11.156541453767888 -9.007052158278197 -12.516830134241077 -3.463111104554635
19.539078156312623 6.209398281484457 -2.67243053171482 0.8026402463230298 -1.1652835651809568 -6.195620580240071 -4.777944615392951 9.749304858048944 16.408248955943865 30.29684425997303 12.373831488018414 14.886847994498066 4.16891497435526 8.545367541082754 -4.225943838136771 -1.2559110714117707 15.377247776692123 3.213892639186507 7.021938382798911 -2.5911745796018337 1.031128905819454 16.90935448611869 -5.351372227414952 2.7817168160656713 -1.6706957085441232 -11.144607958155566 -8.995118662665876 -12.504896638628756 -3.451177608942295
19.599198396793586 6.221324143202676 -2.6605046699966017 0.8145661080412303 -1.1533577034627562 -6.1836947185218705 -4.766018753674732 9.761230719767163 16.420174817662065 30.308770121691243 12.385757349736632 14.898773856216284 4.18084083607346 8.557293402800973 -4.214017976418552 -1.2439852096935702 15.389173638410323 3.2258185009047073 7.033864244517112 -2.5792487178836154 1.0430547675376722 16.92128034783689 -5.339446365696734 2.793642677783872 -1.658769846825905 -11.132682096437366 -8.983192800947675 -12.492970776910537 -3.4392517472240947
19.65931863727455 6.233243420737384 -2.648585392461893 0.8264853855759391 -1.1414384259280475 -6.171775440987162 -4.7540994761400235 9.773149997301871 16.432094095196774 30.32068939922595 12.397676627271341 14.910693133750993 4.192760113608169 8.569212680335664 -4.202098698883844 -1.2320659321588614 15.401092915945032 3.237737778439416 7.045783522051821 -2.5673294403489066 1.054974045072381 16.9331996253716 -5.327527088162025 2.8055619553185807 -1.646850569291196 -11.120762818902657 -8.971273523412966 -12.481051499375829 -3.427332469689386
19.71943887775551 6.245155270315905 -2.63667354288339 0.83839723515446 -1.1295265763495266 -6.159863591408641 -4.74218762656152 9.785061846880375 16.444005944775295 30.332601248804462 12.409588476849844 14.922604983329496 4.20467196318669 8.581124529914185 -4.1901868493053405 -1.2201540825803405 15.413004765523553 3.249649628017937 7.057695371630341 -2.5554175907703858 1.0668858946508841 16.94511147495012 -5.315615238583504 2.8174738048971015 -1.6349387197126752 -11.108850969324136 -8.959361673834445 -12.469139649797308 -3.415420620110865
19.779559118236474 6.257059803404239 -2.6247690097950382 0.8503017682428116 -1.117622043261175 -6.147959058320289 -4.730283093473169 9.796966379968726 16.455910477863647 30.344505781892817 12.421493009938196 14.934509516417847 4.216576496275041 8.593029063002536 -4.178282316216989 -1.208249549491989 15.424909298611905 3.2615541611062886 7.069599904718693 -2.543513057682052 1.0787904277392357 16.957016008038472 -5.30371070549517 2.829378337985453 -1.6230341866243414 -11.096946436235784 -8.947457140746094 -12.457235116708974 -3.4035160870225134
19.839679358717433 6.268954741885597 -2.61287407131368 0.862196706724152 -1.1057271047798345 -6.136064119838949 -4.7183881549918105 9.808861318450084 16.467805416344987 30.356400720374165 12.433387948419554 14.946404454899206 4.228471434756382 8.604924001483894 -4.166387377735631 -1.1963546110106307 15.436804237093245 3.273449099587629 7.0814948432000335 -2.5316181192006937 1.090685366220594 16.968910946519813 -5.291815767013812 2.8412732764667936 -1.6111392481429831 -11.085051497754444 -8.935562202264753 -12.445340178227616 -3.391621148541173
19.899799599198396 6.280840153054346 -2.6009886601449317 0.8740821178929181 -1.0938416936110684 -6.1241787086702 -4.706502743823062 9.820746729618833 16.479690827513753 30.36828613154292 12.445273359588302 14.958289866067954 4.24035684592513 8.616809412652643 -4.154501966566882 -1.1844691998418824 15.448689648261993 3.285334510756395 7.0933802543688 -2.5197327080319454 1.1025707773893423 16.98079635768858 -5.279930355845064 2.8531586876355597 -1.5992538369742348 -11.073166086585678 -8.923676791096005 -12.433454767058867 -3.3797357373724246
19.95991983967936 6.292714241025088 -2.589114572174207 0.8859562058636428 -1.0819676056403438 -6.112304620699458 -4.694628655852338 9.832620817589575 16.491564915484478 30.38016021951366 12.457147447559045 14.970163954038696 4.252230933895873 8.628683500623367 -4.14262787859614 -1.1725951118711577 15.460563736232736 3.29720859872712 7.105254342339524 -2.507858620061203 1.1144448653600847 16.992670445659304 -5.2680562678743215 2.8650327756062843 -1.5873797490034924 -11.061291998614953 -8.911802703125263 -12.421580679088125 -3.367861649401682
20.02004008016032 6.304578931127107 -2.577249882072188 0.897820895965662 -1.0701029155383246 -6.100439930597439 -4.682763965750301 9.844485507691594 16.503429605586497 30.392024909615674 12.469012137661064 14.982028644140716 4.264095623997892 8.640548190725386 -4.130763188494121 -1.1607304217691385 15.472428426334755 3.309073288829139 7.117119032441543 -2.495993929959184 1.1263095554621039 17.004535135761323 -5.256191577772302 2.8768974657083035 -1.5755150589014733 -11.049427308512934 -8.899938013023243 -12.409715988986106 -3.355996959299663
20.080160320641284 6.316432765743993 -2.565396047455284 0.9096747305825659 -1.0582490809214207 -6.088586095980535 -4.6709101311334145 9.85633934230848 16.5152834402034 30.403878744232568 12.48086597227795 14.993882478757602 4.275949458614796 8.65240202534229 -4.118909353877235 -1.1488765871522346 15.484282260951659 3.320927123446043 7.128972867058447 -2.4841400953422976 1.13816339007899 17.016388970378227 -5.244337743155416 2.8887513003252074 -1.563661224284587 -11.03757347389603 -8.88808417840634 -12.39786215436922 -3.344143124682777
20.140280561122243 6.328273639836226 -2.5535551733630513 0.9215156046747985 -1.046408206829188 -6.076745221888302 -4.659069257041182 9.868180216400713 16.527124314295634 30.415719618324804 12.492706846370183 15.005723352849834 4.287790332707028 8.664242899434523 -4.107068479785002 -1.137035713060002 15.496123135043891 3.3327679975382756 7.14081374115068 -2.472299221250065 1.1500042641712227 17.02822984447046 -5.2324968690631835 2.90059217441744 -1.5518203501923544 -11.025732599803797 -8.876243304314107 -12.386021280276987 -3.3323022505905264
20.200400801603205 6.340104138212208 -2.541724674987069 0.9333461030507628 -1.0345777084532237 -6.064914723512338 -4.6472387586652 9.880010714776695 16.538954812671598 30.427550116700775 12.504537344746165 15.017553851225816 4.299620831082993 8.676073397810487 -4.09523798140902 -1.1252052146840377 15.507953633419856 3.34459849591424 7.152644239526644 -2.460468722874083 1.1618347625472047 17.040060342846424 -5.220666370687201 2.9124226727934044 -1.5399898518163724 -11.013902101427833 -8.864412805938143 -12.374190781901005 -3.320471752214562
20.260521042084168 6.35192009208378 -2.529908721115497 0.9451620569223351 -1.0227617545816337 -6.053098769640766 -4.6354228047936274 9.891826668648267 16.550770766543188 30.43936607057235 12.516353298617737 15.029369805097389 4.311436784954565 8.687889351682077 -4.0834220275374475 -1.1133892608124476 15.519769587291428 3.356414449785812 7.164460193398217 -2.4486527690025106 1.173650716418777 17.051876296718014 -5.208850416815629 2.9242386266649945 -1.5281738979448 -11.00208614755626 -8.85259685206657 -12.362374828029433 -3.30865579834299
20.32064128256513 6.3637239150669345 -2.5181048981323606 0.9569658799054892 -1.0109579315984973 -6.041294946657612 -4.623618981810491 9.903630491631404 16.562574589526324 30.451169893555505 12.528157121600891 15.041173628080525 4.323240607937719 8.699693174665214 -4.071618204554311 -1.1015854378293113 15.531573410274582 3.3682182727689662 7.176264016381371 -2.4368489460193565 1.1854545394019311 17.06368011970115 -5.197046593832475 2.9360424496481308 -1.516370074961646 -10.990282324573107 -8.840793029083416 -12.350571005046278 -3.2968519753598358
20.38076152304609 6.375512894960185 -2.5063159182390926 0.9687548597987394 -0.9991689517052471 -6.029505966764361 -4.611830001917223 9.915419471524672 16.574363569419575 30.462958873448752 12.539946101494142 15.052962607973793 4.335029587830969 8.711482154558482 -4.059829224661043 -1.089796457936061 15.543362390167832 3.3800072526622165 7.188052996274621 -2.4250599661261063 1.1972435192951814 17.0754690995944 -5.185257613939225 2.947831429541381 -1.5045810950683958 -10.978493344679856 -8.829004049190166 -12.338782025153028 -3.2850629954665855
20.440881763527052 6.387287667037818 -2.4945411461614597 0.9805296318763723 -0.9873941796275965 -6.0177311946867285 -4.60005522983959 9.927194243602305 16.586138341497225 30.47473364552639 12.551720873571774 15.064737380051426 4.346804359908602 8.723256926636115 -4.04805445258341 -1.0780216858584104 15.555137162245465 3.3917820247398494 7.199827768352254 -2.4132851940484734 1.2090182913728142 17.08724387167205 -5.173482841861592 2.9596062016190317 -1.4928063229907629 -10.966718572602224 -8.817229277112533 -12.327007253075395 -3.2732882233889526
20.501002004008015 6.399048179484783 -2.482780633714494 0.9922901443233378 -0.9756336671806487 -6.005970682239763 -4.588294717392625 9.93895475604927 16.597898853944173 30.48649415797335 12.56348138601874 15.076497892498391 4.358564872355568 8.73501743908308 -4.036293940136445 -1.0662611734114626 15.56689767469243 3.403542537186815 7.211588280799219 -2.401524681601508 1.2207788038197798 17.099004384119 -5.161722329414626 2.9713667140659794 -1.4810458105437974 -10.954958060155258 -8.805468764665568 -12.31524674062843 -3.261527710941987
20.561122244488978 6.410791703295846 -2.471037109903431 1.0040336681344009 -0.9638901433695857 -5.9942271584287 -4.576551193581562 9.950698279860333 16.609642377755236 30.498237681784413 12.575224909829803 15.088241416309454 4.370308396166631 8.746760962894143 -4.024550416325382 -1.0545176496003996 15.578641198503494 3.415286060997878 7.223331804610282 -2.389781157790445 1.2325223276308428 17.11074790793006 -5.149978805603563 2.9831102378770424 -1.4693022867327343 -10.943214536344195 -8.793725240854505 -12.303503216817367 -3.249784187130924
20.62124248496994 6.4225193001813 -2.4593095130179776 1.0157612650198544 -0.9521625464841321 -5.982499561543246 -4.564823596696108 9.962425876745787 16.62136997464069 30.50996527866987 12.586952506715257 15.099969013194908 4.382035993052084 8.758488559779597 -4.012822819439928 -1.042790052714946 15.590368795388947 3.4270136578833315 7.235059401495736 -2.3780535609049913 1.2442499245162963 17.122475504815515 -5.13825120871811 2.994837834762496 -1.4575746898472808 -10.931486939458742 -8.781997643969051 -12.291775619931913 -3.2380565902454705
20.6813627254509 6.434230208047289 -2.447598605152006 1.0274721728858438 -0.9404516386181427 -5.970788653677257 -4.5531126888301365 9.974136784611758 16.63308088250668 30.521676186535846 12.598663414581228 15.11167992106088 4.393746900918074 8.770199467645568 -4.001111911573957 -1.0310791448489567 15.602079703254937 3.438724565749321 7.246770309361725 -2.366342653039002 1.255960832382268 17.134186412681505 -5.12654030085212 3.0065487426284854 -1.4458637819812914 -10.919776031592752 -8.770286736103062 -12.280064712065924 -3.226345682379481
20.741482965931862 6.445924368031832 -2.435904445167445 1.039166332870387 -0.9287574786335995 -5.959094493692714 -4.5414185288455755 9.98583094459632 16.644775042491222 30.533370346520403 12.61035757456579 15.12337408104544 4.405441060902617 8.78189362763013 -3.9894177515893956 -1.0193849848644134 15.61377386323948 3.450418725733864 7.2584644693462685 -2.3546484930544587 1.267654992366829 17.145880572666048 -5.114846140867577 3.0182429026130286 -1.4341696219967481 -10.908081871608209 -8.758592576118518 -12.26837055208138 -3.214651522394938
20.801603206412825 6.457599848733597 -2.42422896446568 1.050841813572152 -0.9170819979318168 -5.947419012990949 -4.529743048143811 9.997506425298084 16.656450523193005 30.54504582722217 12.622033055267554 15.135049561747206 4.417116541604382 8.793569108331894 -3.9777422708876307 -1.0077095041626307 15.625449343941245 3.462094206435647 7.270139950048051 -2.3429730123526937 1.279330473068594 17.15755605336783 -5.103170660165812 3.0299183833148113 -1.4224941412949832 -10.896406390906444 -8.746917095416753 -12.256695071379616 -3.202976041693173
