web/models/kne/28/mosfit_kn_0.014776_0.2963_3.6500.dat
# %ECSV 1.0
# ---
# datatype:
# - {name: time, datatype: float64}
# - {name: PS1_g, datatype: float64}
# - {name: PS1_i, datatype: float64}
# - {name: PS1_r, datatype: float64}
# - {name: PS1_w, datatype: float64}
# - {name: PS1_y, datatype: float64}
# - {name: PS1_z, datatype: float64}
# - {name: swift_uvot_B, datatype: float64}
# - {name: swift_uvot_U, datatype: float64}
# - {name: swift_uvot_uvm2, datatype: float64}
# - {name: swift_uvot_uvw1, datatype: float64}
# - {name: swift_uvot_uvw2, datatype: float64}
# - {name: swift_uvot_V, datatype: float64}
# - {name: johnson_B, datatype: float64}
# - {name: johnson_I, datatype: float64}
# - {name: johnson_R, datatype: float64}
# - {name: johnson_U, datatype: float64}
# - {name: johnson_V, datatype: float64}
# - {name: sdss_g, datatype: float64}
# - {name: sdss_i, datatype: float64}
# - {name: sdss_r, datatype: float64}
# - {name: sdss_u, datatype: float64}
# - {name: sdss_z, datatype: float64}
# - {name: ATLAS_c, datatype: float64}
# - {name: ATLAS_o, datatype: float64}
# - {name: ukirt_H, datatype: float64}
# - {name: ukirt_J, datatype: float64}
# - {name: ukirt_K, datatype: float64}
# - {name: Clear, datatype: float64}
# meta: !!omap
# - comment: [kappa = 3.65, type = rprocess, mass = 0.014775890654408853, velocity = 0.29633333333333334, theta_obs = 0.0, tfloor = 1000.0]
# schema: astropy-2.0
time PS1_g PS1_i PS1_r PS1_w PS1_y PS1_z swift_uvot_B swift_uvot_U swift_uvot_uvm2 swift_uvot_uvw1 swift_uvot_uvw2 swift_uvot_V johnson_B johnson_I johnson_R johnson_U johnson_V sdss_g sdss_i sdss_r sdss_u sdss_z ATLAS_c ATLAS_o ukirt_H ukirt_J ukirt_K Clear
[from data line 203]
12.264529058116231 8.689727698077814 -0.19210111512146355 3.2829696629163685 1.3150458514123997 -3.7152911636467323 -2.297615198799594 12.2296342746423 18.88857837253722 32.77717367656639 14.85416090461177 17.367177411091422 6.649244390948598 11.02569695767611 -1.7456144215434142 1.2244183451815858 17.85757719328546 5.6942220557798455 9.502267799392268 -0.11084516300847724 3.5114583224128104 19.389683902712047 -2.8710428108215957 5.262046232659028 0.8096337080492333 -8.664278541562227 -6.514789246072537 -10.0245672220354 -0.9708481923489565
12.324649298597194 8.70187362802703 -0.17995518517226472 3.295115592865585 1.3271917813615985 -3.7031452336975157 -2.2854692688503953 12.2417802045915 18.90072430248642 32.78931960651559 14.86630683456097 17.37932334104062 6.661390320897815 11.03784288762531 -1.7334684915942153 1.2365642751307846 17.869723123234678 5.706367985729062 9.514413729341467 -0.09869923305926065 3.5236042523620092 19.401829832661246 -2.858896880872379 5.274192162608227 0.8217796379984499 -8.65213261161301 -6.50264331612332 -10.012421292086183 -0.9587022623997399
12.384769539078157 8.71395870812984 -0.16787010506943645 3.3072006729683956 1.339276861464409 -3.691060153594705 -2.273384188747567 12.253865284694328 18.91280938258923 32.80140468661841 14.878391914663798 17.39140842114345 6.673475401000625 11.049927967728138 -1.721383411491387 1.248649355233595 17.88180820333749 5.718453065831873 9.526498809444277 -0.08661415295645014 3.5356893324648375 19.413914912764056 -2.8468118007695686 5.286277242711037 0.8338647181012604 -8.6400475315102 -6.49055823602051 -10.000336211983372 -0.9466171822969294
12.444889779559118 8.725983801748924 -0.1558450114503529 3.319225766587497 1.3513019550835104 -3.679035059975604 -2.2613590951284834 12.265890378313411 18.924834476208332 32.813429780237506 14.890417008282881 17.403433514762533 6.685500494619727 11.061953061347221 -1.7093583178723035 1.2606744488526964 17.89383329695659 5.730478159450974 9.538523903063378 -0.07458905933736659 3.547714426083921 19.425940006383158 -2.834786707150485 5.2983023363301385 0.8458898117203439 -8.628022437891099 -6.4785331424014085 -9.988311118364289 -0.9345920886778281
12.50501002004008 8.737949692596718 -0.14387912060255914 3.331191657435273 1.3632678459313041 -3.667069169127828 -2.2493932042806897 12.277856269161205 18.936800367056126 32.82539567108529 14.902382899130675 17.415399405610327 6.697466385467503 11.073918952195015 -1.6973924270245098 1.2726403397004902 17.905799187804366 5.74244405029875 9.550489793911154 -0.06262316848957283 3.559680316931715 19.437905897230934 -2.8228208163026913 5.3102682271779145 0.8578557025681377 -8.616056547043323 -6.4665672515536325 -9.976345227516495 -0.9226261978300521
12.565130260521041 8.749857143422606 -0.13197166977667152 3.3430991082611605 1.375175296757174 -3.6551617183019403 -2.237485753454802 12.289763719987093 18.948707817881996 32.83730312191118 14.914290349956563 17.427306856436214 6.70937383629339 11.085826403020885 -1.6854849761986221 1.28454779052636 17.917706638630253 5.754351501124638 9.562397244737042 -0.05071571766368521 3.5715877677576024 19.44981334805682 -2.8109133654768037 5.322175678003802 0.8697631533940253 -8.604149096217435 -6.454659800727745 -9.964437776690607 -0.9107187470041644
12.625250501002004 8.761707848210154 -0.12012096498912328 3.3549498130487265 1.38702600154474 -3.6433110135143743 -2.225635048667254 12.301614424774641 18.96055852266956 32.84915382669873 14.926141054744111 17.439157561223762 6.721224541080956 11.097677107808451 -1.673634271411074 1.296398495313926 17.92955734341782 5.766202205912204 9.574247949524608 -0.03886501287613697 3.5834384725451507 19.461664052844387 -2.7990626606892555 5.334026382791368 0.8816138581815736 -8.59229839142987 -6.442809095940179 -9.952587071903059 -0.8988680422166162
12.685370741482965 8.773500709982187 -0.10832810321710795 3.366742674820742 1.3988188633167553 -3.631518151742359 -2.2138421868952385 12.313407286546656 18.972351384441577 32.86094668847075 14.937933916516126 17.450950422995778 6.733017402852972 11.109469969580466 -1.6618414096390586 1.3081913570859414 17.941350205189835 5.777995067684219 9.586040811296623 -0.02707215110410388 3.595231334317166 19.473456914616403 -2.7872697989172224 5.345819244563383 0.8934067199536067 -8.580505529657854 -6.431016234168164 -9.940794210131026 -0.8870751804445831
12.745490981963927 8.78523751872713 -0.09659129447214809 3.378479483565684 1.4105556720617152 -3.619781342997417 -2.2021053781502786 12.325144095291616 18.984088193186537 32.8726834972157 14.949670725261086 17.462687231740738 6.744754211597914 11.121206778325426 -1.6501046008940987 1.3199281658309012 17.953087013934777 5.789731876429161 9.597777620041565 -0.015335342359161785 3.606968143062126 19.485193723361345 -2.7755329901722803 5.3575560533083255 0.9051435286985487 -8.568768720912912 -6.4192794254232215 -9.929057401386084 -0.875338371699641
12.80561122244489 8.796919003307444 -0.08490980989183328 3.3901609681459988 1.42223715664203 -3.608099858417102 -2.190423893569964 12.336825579871931 18.99576967776685 32.884364981796026 14.961352209841401 17.474368716321052 6.756435696178229 11.132888262905741 -1.638423116313784 1.331609650411216 17.96476849851509 5.801413361009476 9.609459104621898 -0.0036538577788469695 3.6186496276424407 19.496875207941677 -2.7638515055919655 5.369237537888658 0.9168250132788636 -8.557087236332597 -6.407597940842907 -9.917375916805769 -0.8636568871193262
12.86573146292585 8.808545945558066 -0.07328286764121117 3.401787910396621 1.4338640988926343 -3.59647291616648 -2.1787969513193417 12.348452522122553 19.007396620017456 32.89599192404663 14.972979152092023 17.485995658571674 6.768062638428851 11.144515205156345 -1.6267961740631618 1.3432365926618204 17.976395440765714 5.813040303260098 9.621086046872502 0.007973084471775138 3.630276569893063 19.50850215019228 -2.7522245633413434 5.380864480139262 0.9284519555294857 -8.545460294081975 -6.395970998592285 -9.905748974555147 -0.8520299448687041
12.925851703406813 8.820119056650917 -0.06170975654836042 3.4133610214894894 1.4454372099855028 -3.5848998050736114 -2.167223840226491 12.360025633215404 19.018969731110325 32.9075650351395 14.984552263184874 17.497568769664525 6.779635749521719 11.156088316249214 -1.615223062970311 1.354809703754689 17.987968551858582 5.824613414352966 9.63265915796537 0.01954619556462589 3.6418496809859136 19.52007526128515 -2.740651452248475 5.392437591232131 0.9400250666223364 -8.533887182989107 -6.384397887499416 -9.894175863462278 -0.8404568337758356
12.985971943887774 8.83163904687489 -0.05018976632438665 3.424881011713463 1.4569572002094766 -3.5733798148496376 -2.155703850002517 12.371545623439378 19.0304897213343 32.91908502536347 14.996072253408848 17.5090887598885 6.791155739745693 11.167608306473188 -1.6037030727463373 1.3663296939786627 17.999488542082556 5.83613340457694 9.644179148189345 0.031066185788599654 3.6533696712098873 19.531595251509124 -2.729131462024519 5.403957581456105 0.9515450568463102 -8.522367192765133 -6.372877897275442 -9.882655873238322 -0.8289368435518618
13.046092184368737 8.843106616072003 -0.03872219712727443 3.4363485809105754 1.4684247694065888 -3.5619122456525254 -2.144236280805405 12.38301319263649 19.04195729053141 32.93055259456058 15.00753982260596 17.52055632908561 6.802623308942805 11.1790758756703 -1.592235503549225 1.3777972631757749 18.01095611127967 5.847600973774052 9.655646717386457 0.04253375498571188 3.6648372404069995 19.543062820706236 -2.717663892827389 5.415425150653217 0.9630126260434224 -8.51089962356802 -6.36141032807833 -9.871188304041192 -0.8174692743547496
13.1062124248497 8.854522502175506 -0.027306311023771457 3.4477644670140783 1.4798406555100918 -3.5504963595490224 -2.132820394701902 12.394429078739993 19.053373176634913 32.94196848066409 15.018955708709463 17.531972215189114 6.814039195046308 11.190491761773803 -1.580819617445722 1.3892131492792779 18.02237199738317 5.859016859877555 9.66706260348996 0.053949641089232614 3.6762531265105025 19.55447870680974 -2.706248006723886 5.42684103675672 0.9744285121469254 -8.499483737464518 -6.349994441974827 -9.85977241793769 -0.8060533882512466
13.16633266533066 8.865887398204677 -0.015941414994600223 3.459129363043232 1.4912055515392453 -3.539131463519869 -2.1214554986727308 12.405793974769164 19.064738072664067 32.953333376693244 15.030320604738634 17.543337111218285 6.825404091075462 11.201856657802956 -1.5694547214165508 1.4005780453084313 18.033736893412325 5.870381755906709 9.678427499519113 0.06531453711838608 3.6876180225396737 19.565843602838893 -2.6948831106947324 5.438205932785873 0.9857934081760966 -8.488118841435364 -6.338629545945674 -9.848407521908536 -0.7946884922220931
13.226452905811623 8.877201983759413 -0.004626829439864366 3.4704439485979677 1.5025201370939811 -3.527816877965133 -2.110140913117995 12.4171085603239 19.076052658218803 32.96464796224799 15.04163519029337 17.55465169677302 6.8367186766301975 11.21317124335771 -1.558140135861815 1.411892630863185 18.04505147896706 5.881696341461445 9.68974208507385 0.07662912267312194 3.6989326080944096 19.57715818839363 -2.6835685251399966 5.449520518340609 0.9971079937308325 -8.476804255880628 -6.327314960390938 -9.8370929363538 -0.7833739066673573
13.286573146292584 8.888466891372406 0.006638078173111239 3.481708856210961 1.5137850447069745 -3.5165519703521397 -2.0988760055050193 12.428373467936893 19.087317565831796 32.97591286986098 15.052900097906363 17.565916604386015 6.847983584243191 11.224436150970686 -1.5468752282488216 1.4231575384761606 18.056316386580054 5.892961249074438 9.701006992686843 0.08789403028611531 3.710197515707403 19.588423096006622 -2.672303617527003 5.460785425953603 1.0083729013438258 -8.465539348267635 -6.316050052777944 -9.825828028740807 -0.7721089990543639
13.346693386773547 8.899682837753868 0.017854024554591064 3.492924802592423 1.5250009910884366 -3.5053360239706777 -2.0876600591235395 12.439589414318355 19.09853351221326 32.98712881624244 15.064116044287825 17.577132550767477 6.859199530624653 11.235652097352165 -1.5356592818673596 1.4343734848576404 18.067532332961516 5.9041771954559 9.712222939068305 0.09910997666757737 3.721413462088865 19.599639042388084 -2.661087671145541 5.472001372335065 1.019588847725288 -8.454323401886173 -6.304834106396482 -9.814612082359345 -0.7608930526729019
13.40681362725451 8.910850477151602 0.029021663952324417 3.5040924419901742 1.5361686304861877 -3.4941683845729266 -2.076492419725806 12.450757053716089 19.10970115161101 32.99829645564018 15.075283683685559 17.58830019016521 6.870367170022404 11.246819736749899 -1.5244916424696262 1.4455411242553737 18.078699972359267 5.915344834853651 9.723390578466056 0.11027761606531072 3.7325811014865984 19.610806681785835 -2.6499200317478078 5.483169011732816 1.0307564871230213 -8.443155762488422 -6.293666466998731 -9.803444442961611 -0.7497254132751507
13.46693386773547 8.921970457492012 0.040141644292734924 3.5152124223305847 1.5472886108265982 -3.483048404232534 -2.0653724393853956 12.4618770340565 19.12082113195142 33.00941643598059 15.086403664025969 17.59942017050562 6.881487150362797 11.25793971709031 -1.5133716621292157 1.4566611045957842 18.08981995269966 5.926464815194062 9.734510558806466 0.12139759640572123 3.743701081827009 19.621926662126246 -2.6388000514073973 5.494288992073226 1.0418764674634318 -8.432035782148011 -6.2825464866583385 -9.7923244626212 -0.738605432934758
13.527054108216433 8.933043384894468 0.051214571695190614 3.5262853497330227 1.5583615382290361 -3.471975476830078 -2.05429951198294 12.472949961458955 19.131894059353858 33.02048936338304 15.097476591428425 17.610493097908076 6.8925600777652525 11.269012644492765 -1.50229873472676 1.46773403199824 18.100892880102116 5.9375377425965 9.745583486208904 0.13247052380817692 3.7547740092294646 19.632999589528684 -2.6277271240049416 5.505361919475664 1.0529493948658875 -8.420962854745573 -6.271473559255883 -9.781251535218745 -0.7275325055323023
13.587174348697394 8.944069940061556 0.06224112686227912 3.537311904900129 1.5693880933961424 -3.460948921662972 -2.0432729568158514 12.483976516626043 19.142920614520964 33.031515918550134 15.108503146595513 17.621519653075165 6.903586632932341 11.280039199659853 -1.4912721795596715 1.4787605871653284 18.111919435269222 5.948564297763606 9.75661004137601 0.14349707897526542 3.765800564396553 19.64402614469579 -2.616700568837853 5.5163884746427705 1.063975950032976 -8.409936299578467 -6.2604470040887765 -9.770224980051657 -0.7165059503652138
13.647294589178356 8.955050750359632 0.07322193716035486 3.548292715198187 1.5803689036942004 -3.449968111364914 -2.0322921465177757 12.49495732692412 19.153901424819022 33.0424967288482 15.119483956893589 17.63250046337324 6.914567443230417 11.29102000995793 -1.4802913692615958 1.4897413974633864 18.12290024556728 5.959545108061664 9.767590851674068 0.15447788927334116 3.776781374694629 19.655006954993848 -2.6057197585397773 5.5273692849408285 1.0749567603310517 -8.398955489280409 -6.2494661937907185 -9.75924416975358 -0.7055251400671381
13.707414829659317 8.965986412705611 0.08415759950633372 3.5592283775441835 1.591304566040197 -3.4390324490189172 -2.021356484171797 12.505892989270098 19.16483708716502 33.05343239119419 15.130419619239568 17.64343612571922 6.925503105576413 11.301955672303908 -1.469355706915617 1.500677059809383 18.133835907913276 5.970480770407661 9.778526514020065 0.16541355161932003 3.7877170370406077 19.665942617339844 -2.5947840961937985 5.538304947286825 1.0858924226770306 -8.388019826934412 -6.238530531444722 -9.748308507407584 -0.6945894777211414
13.76753507014028 8.976877528652327 0.09504871545303217 3.570119493490882 1.6021956819868954 -3.428141333072219 -2.0104653682250984 12.516784105216797 19.175728203111717 33.0643235071409 15.141310735186284 17.654327241665918 6.936394221523112 11.312846788250607 -1.4584645909689185 1.5115681757560815 18.144727023859975 5.981371886354359 9.789417629966763 0.17630466756603624 3.798608152987324 19.676833733286543 -2.5838929802470822 5.5491960632335235 1.0967835386237468 -8.377128710987714 -6.2276394154980235 -9.737417391460886 -0.683698361774443
13.827655310621243 8.98772473177889 0.1058959185795949 3.5809666966174447 1.6130428851134582 -3.417294129945656 -1.9996181650985356 12.52763130834336 19.18657540623828 33.075170710267464 15.152157938312847 17.6651744447925 6.9472414246496745 11.32369399137717 -1.447617387842338 1.5224153788826442 18.155574226986538 5.992219089480922 9.800264833093326 0.18715187069259898 3.8094553561138866 19.687680936413106 -2.5730457771205195 5.560043266360086 1.1076307417503095 -8.366281507861151 -6.216792212371461 -9.726570188334323 -0.6728511586478803
13.887775551102203 8.998528626717395 0.11669981351811742 3.5917705915559672 1.6238467800519807 -3.4064902350071513 -1.988814270160013 12.538435203281882 19.197379301176795 33.085974605205976 15.162961833251352 17.675978339731003 6.958045319588179 11.334497886315692 -1.4368134929038332 1.5332192738211667 18.166378121925042 6.003022984419444 9.811068728031849 0.19795576563110373 3.8202592510523914 19.698484831351628 -2.5622418821820148 5.570847161298609 1.1184346366888143 -8.355477612922629 -6.205988317432938 -9.715766293395818 -0.6620472637093755
