web/models/kne/28/mosfit_kn_0.117276_0.3433_3.6500.dat
# %ECSV 1.0
# ---
# datatype:
# - {name: time, datatype: float64}
# - {name: PS1_g, datatype: float64}
# - {name: PS1_i, datatype: float64}
# - {name: PS1_r, datatype: float64}
# - {name: PS1_w, datatype: float64}
# - {name: PS1_y, datatype: float64}
# - {name: PS1_z, datatype: float64}
# - {name: swift_uvot_B, datatype: float64}
# - {name: swift_uvot_U, datatype: float64}
# - {name: swift_uvot_uvm2, datatype: float64}
# - {name: swift_uvot_uvw1, datatype: float64}
# - {name: swift_uvot_uvw2, datatype: float64}
# - {name: swift_uvot_V, datatype: float64}
# - {name: johnson_B, datatype: float64}
# - {name: johnson_I, datatype: float64}
# - {name: johnson_R, datatype: float64}
# - {name: johnson_U, datatype: float64}
# - {name: johnson_V, datatype: float64}
# - {name: sdss_g, datatype: float64}
# - {name: sdss_i, datatype: float64}
# - {name: sdss_r, datatype: float64}
# - {name: sdss_u, datatype: float64}
# - {name: sdss_z, datatype: float64}
# - {name: ATLAS_c, datatype: float64}
# - {name: ATLAS_o, datatype: float64}
# - {name: ukirt_H, datatype: float64}
# - {name: ukirt_J, datatype: float64}
# - {name: ukirt_K, datatype: float64}
# - {name: Clear, datatype: float64}
# meta: !!omap
# - comment: [kappa = 3.65, type = rprocess, mass = 0.11727632184323686, velocity = 0.3433333333333334, theta_obs = 0.0, tfloor = 1000.0]
# schema: astropy-2.0
time PS1_g PS1_i PS1_r PS1_w PS1_y PS1_z swift_uvot_B swift_uvot_U swift_uvot_uvm2 swift_uvot_uvw1 swift_uvot_uvw2 swift_uvot_V johnson_B johnson_I johnson_R johnson_U johnson_V sdss_g sdss_i sdss_r sdss_u sdss_z ATLAS_c ATLAS_o ukirt_H ukirt_J ukirt_K Clear
[from data line 375]
22.605210420841683 7.006252141035105 -1.875576672164172 1.5994941058736778 -0.36842970563030875 -5.398766720689441 -3.9810907558423025 10.546158717599592 17.205102815494513 31.093698119523683 13.170685347569062 15.683701854048714 4.96576883390589 9.342221400633402 -3.4290899785861226 -0.4590572118611227 16.17410163624277 4.010746498737155 7.818792242349559 -1.7943207200511857 1.827982765370102 17.70620834566934 -4.554518367864304 3.5785706756163194 -0.8738418489934752 -10.347754098604918 -8.198264803115228 -11.708042779078108 -2.654323749391665
22.665330661322646 7.013471894902903 -1.8683569182963744 1.6067138597414576 -0.3612099517625289 -5.391546966821643 -3.973871001974505 10.55337847146739 17.212322569362293 31.10091787339147 13.17790510143686 15.690921607916511 4.9729885877736875 9.3494411545012 -3.421870224718325 -0.4518374579933251 16.18132139011055 4.017966252604935 7.826011996217339 -1.787100966183388 1.8352025192378996 17.71342809953712 -4.547298613996507 3.585790429484099 -0.8666220951256776 -10.340534344737138 -8.191045049247448 -11.70082302521031 -2.6471039955238673
22.725450901803605 7.020659312097877 -1.8611695011014007 1.6139012769364314 -0.35402253456755517 -5.384359549626669 -3.966683584779531 10.560565888662364 17.219509986557267 31.10810529058644 13.185092518631834 15.698109025111485 4.980176004968661 9.356628571696174 -3.4146828075233513 -0.44465004079835135 16.188508807305524 4.025153669799908 7.833199413412313 -1.7799135489884144 1.8423899364328733 17.720615516732092 -4.540111196801533 3.592977846679073 -0.8594346779307038 -10.333346927542165 -8.183857632052474 -11.693635608015336 -2.6399165783288936
22.785571142284567 7.02781478705262 -1.8540140261466753 1.6210567518911745 -0.34686705961281206 -5.377204074671926 -3.959528109824806 10.567721363617089 17.22666546151201 31.115260765541176 13.192247993586559 15.70526450006621 4.987331479923404 9.363784046650899 -3.407527332568626 -0.437494565843626 16.195664282260267 4.0323091447546515 7.840354888367056 -1.7727580740336712 1.8495454113875986 17.727770991686835 -4.53295572184679 3.600133321633816 -0.8522792029759607 -10.326191452587421 -8.176702157097731 -11.686480133060593 -2.6327611033741505
22.84569138276553 7.034938661554673 -1.8468901516446223 1.6281806263932275 -0.33974318511075907 -5.370080200169873 -3.952404235322753 10.574845238119142 17.233789336014063 31.122384640043233 13.199371868088612 15.712388374568263 4.994455354425457 9.370907921152952 -3.400403458066573 -0.430370691341573 16.20278815676232 4.0394330192567045 7.847478762869109 -1.7656341995316183 1.8566692858896516 17.73489486618889 -4.525831847344737 3.607257196135869 -0.8451553284739077 -10.319067578085368 -8.169578282595678 -11.67935625855854 -2.6256372288720975
22.905811623246493 7.04203143031112 -1.8397973828881575 1.6352733951496923 -0.33265041635429426 -5.362987431413426 -3.945311466566288 10.581938006875607 17.240882104770527 31.129477408799698 13.206464636845077 15.719481143324728 5.001548123181904 9.378000689909417 -3.393310689310108 -0.4232779225851082 16.209880925518767 4.046525788013169 7.854571531625574 -1.7585414307751712 1.8637620546461164 17.741987634945353 -4.51873907858829 3.614349964892334 -0.8380625597174607 -10.311974809328904 -8.162485513839213 -11.672263489802093 -2.6185444601156505
22.965931863727455 7.049093262032375 -1.8327355511669197 1.6423352268709301 -0.3255885846330564 -5.355925599692171 -3.93824963484505 10.588999838596845 17.247943936491765 31.136539240520936 13.213526468566315 15.726542975045966 5.00860995490316 9.385062521630655 -3.3862488575888703 -0.41621609086387035 16.216942757240023 4.053587619734407 7.861633363346812 -1.7514795990539156 1.8708238863673543 17.74904946666659 -4.511677246867034 3.6214117966135717 -0.8310007279962228 -10.304912977607666 -8.155423682117975 -11.665201658080838 -2.611482628394395
23.026052104208414 7.056124755683779 -1.825704057515516 1.649366720522334 -0.31855709098165264 -5.348894106040767 -3.9312181411936464 10.596031332248248 17.25497543014317 31.14357073417234 13.220557962217736 15.73357446869737 5.015641448554564 9.392094015282058 -3.3792173639374665 -0.4091845972124666 16.223974250891427 4.060619113385811 7.868664856998215 -1.7444481054025118 1.877855380018758 17.756080960317995 -4.50464575321563 3.6284432902649755 -0.8239692343448013 -10.297881483956262 -8.148392188466572 -11.658170164429434 -2.604451134742991
23.086172344689377 7.063126417152077 -1.8187023960472182 1.6563683819906316 -0.3115554295133549 -5.341892444572469 -3.9242164797253487 10.603032993716564 17.261977091611467 31.15057239564064 13.227559623686034 15.740576130165685 5.0226431100228615 9.399095676750356 -3.372215702469151 -0.40218293574416886 16.230975912359725 4.067620774854109 7.875666518466513 -1.737446443934214 1.8848570414870736 17.763082621786292 -4.497644091747333 3.635444951733273 -0.8169675728765036 -10.290879822487964 -8.141390526998274 -11.651168502961136 -2.5974494732746933
23.14629258517034 7.070098621452168 -1.8117301917471096 1.6633405862907225 -0.3045832252132641 -5.334920240272378 -3.91724427542524 10.610005198016655 17.268949295911558 31.15754459994074 13.234531827986125 15.747548334465776 5.029615314322952 9.406067881050447 -3.36524349816906 -0.39521073144407803 16.237948116659815 4.0745929791541995 7.882638722766604 -1.7304742396341233 1.8918292457871644 17.770054826086383 -4.490671887447242 3.642417156033364 -0.8099953685764127 -10.283907618187873 -8.134418322698183 -11.644196298661045 -2.5904772689746025
23.206412825651302 7.077041656034666 -1.8047871571646112 1.6702836208732386 -0.297640190630748 -5.327977205689862 -3.9103012408427418 10.616948232599153 17.275892330494074 31.164487634523244 13.241474862568623 15.754491369048274 5.036558348905468 9.413010915632963 -3.358300463586562 -0.38826769686156193 16.24489115124233 4.081536013736716 7.88958175734912 -1.723531205051625 1.8987722803696627 17.7769978606689 -4.483728852864743 3.64936019061588 -0.8030523339939144 -10.276964583605357 -8.127475288115667 -11.637253264078547 -2.5835342343920864
23.266533066132265 7.083956016519259 -1.7978727966800179 1.6771979813578142 -0.29072583014617237 -5.321062845205287 -3.9033868803581484 10.623862593083746 17.28280669097865 31.17140199500783 13.248389223053216 15.761405729532868 5.043472709390044 9.419925276117556 -3.3513861031019685 -0.38135333637696855 16.251805511726907 4.088450374221291 7.896496117833696 -1.7166168445670316 1.905686640854256 17.783912221153475 -4.47681449238015 3.6562745511004557 -0.796137973509321 -10.270050223120782 -8.120560927631091 -11.630338903593954 -2.576619873907511
23.326653306613224 7.090841976308653 -1.7909868368906423 1.6840839411472075 -0.28383987035677904 -5.314176885415893 -3.896500920568773 10.630748552873122 17.289692650768043 31.178287954797216 13.25527518284261 15.768291689322261 5.050358669179437 9.426811235906932 -3.344500143312593 -0.374467376587593 16.2586914715163 4.0953363340106845 7.903382077623089 -1.7097308847776382 1.9125726006436494 17.79079818094287 -4.469928532590757 3.663160510889849 -0.7892520137199277 -10.263164263331388 -8.113674967841698 -11.62345294380456 -2.5697339141181175
23.386773547094187 7.0976998013717285 -1.7841290118275666 1.6909417662102832 -0.2769820452937033 -5.3073190603528175 -3.889643095505697 10.637606377936198 17.29655047583112 31.18514577986029 13.262133007905668 15.775149514385319 5.057216494242513 9.433669060970008 -3.337642318249517 -0.36760955152451724 16.265549296579376 4.10219415907376 7.910239902686165 -1.7028730597145625 1.9194304257067074 17.797656006005944 -4.463070707527681 3.670018335952925 -0.7823941886568697 -10.256306438268313 -8.106817142778622 -11.616595118741484 -2.5628760890550417
23.44689378757515 7.104530025373439 -1.7772987878258384 1.6977719902120114 -0.2701518212919751 -5.300488836351107 -3.882812871503969 10.644436601937926 17.303380699832847 31.191976003862013 13.268963231907396 15.781979738387047 5.0640467182442235 9.440499284971736 -3.330812094247789 -0.3607793275227891 16.272379520581087 4.1090243830754885 7.917070126687893 -1.696042835712852 1.9262606497084356 17.804486230007672 -4.456240483525971 3.676848559954653 -0.7755639646551415 -10.249476214266585 -8.099986918776912 -11.609764894739774 -2.5560458650533313
23.507014028056112 7.111333017797872 -1.7704957954014056 1.7045749826364265 -0.2633488288675423 -5.293685843926674 -3.876009879079536 10.651239594362359 17.31018369225726 31.19877899628644 13.275766224331829 15.78878273081148 5.070849710668656 9.447302277396169 -3.324009101823356 -0.35397633509835624 16.27918251300552 4.1158273754999035 7.923873119112308 -1.6892398432884193 1.9330636421328684 17.811289222432087 -4.449437491101538 3.683651552379068 -0.7687609722307087 -10.24267322184217 -8.093183926352479 -11.602961902315341 -2.5492428726288985
23.567134268537075 7.118109056818032 -1.7637197563812457 1.7113510216565864 -0.2565727898473824 -5.286909804906514 -3.869233840059376 10.658015633382519 17.31695973127744 31.2055550353066 13.282542263351989 15.79555876983164 5.077625749688816 9.454078316416329 -3.3172330628031963 -0.34720029607819636 16.28595855202568 4.122603414520063 7.930649158132468 -1.6824638042682594 1.9398396811530283 17.818065261452265 -4.442661452081378 3.690427591399228 -0.7619849332105488 -10.23589718282201 -8.086407887332319 -11.596185863295181 -2.5424668336087386
23.627254509018034 7.124858519322412 -1.756970293876865 1.7181004841609848 -0.24982332734300172 -5.280160342402116 -3.8624843775549955 10.6647650958869 17.32370919378182 31.212304497810987 13.28929172585637 15.80230823233602 5.084375212193215 9.46082777892071 -3.3104836002988156 -0.34045083357381567 16.292708014530078 4.129352877024462 7.937398620636866 -1.6757143417638787 1.946589143657409 17.824814723956646 -4.435911989576997 3.6971770539036264 -0.7552354707061681 -10.229147720317611 -8.07965842482792 -11.5894364007908 -2.53571737110434
23.687374749498996 7.131581793887545 -1.7502470193117503 1.7248237587260995 -0.24310005277788704 -5.273437067837001 -3.855761102989881 10.671488370452014 17.330432468346935 31.219027772376105 13.296015000421484 15.809031506901135 5.091098486758329 9.467551053485824 -3.303760325733701 -0.333727559008701 16.299431289095192 4.1360761515895765 7.944121895201981 -1.6689910671987462 1.9533124182225237 17.83153799852176 -4.429188715011865 3.703900328468741 -0.7485121961410357 -10.222424445752496 -8.072935150262806 -11.582713126225668 -2.5289940965392255
23.74749498997996 7.138278962930702 -1.7435498502685753 1.7315209277692567 -0.23640288373471208 -5.266739898793844 -3.849063933946706 10.678185539495189 17.33712963739011 31.225724941419276 13.302712169464659 15.81572867594431 5.0977956558014865 9.474248222528999 -3.297063156690526 -0.327030389965526 16.30612845813835 4.142773320632734 7.950819064245156 -1.662293898155589 1.9600095872656986 17.838235167564935 -4.4224915459687075 3.710597497511916 -0.7418150270978785 -10.21572727670934 -8.066237981219649 -11.576015957182511 -2.5222969274960683
23.80761523046092 7.144950534578722 -1.736878278620555 1.738192499417277 -0.2297313120867095 -5.260068327145824 -3.8423923622986855 10.68485711114321 17.343801209038112 31.23239651306729 13.30938374111268 15.82240024759233 5.104467227449507 9.48091979417702 -3.2903915850425056 -0.3203588183175057 16.31280002978637 4.149444892280754 7.9574906358931585 -1.6556223265075687 1.966681158913719 17.844906739212938 -4.415819974320687 3.7172690691599186 -0.7351434554498582 -10.209055705061319 -8.059566409571628 -11.56934438553449 -2.515625355848048
23.867735470941884 7.151596860652454 -1.7302319525468413 1.7448388254910085 -0.223084986012978 -5.253422001072092 -3.835746036224972 10.691503437216923 17.350447535111844 31.239042839141025 13.31603006718641 15.829046573666062 5.111113553523238 9.487566120250733 -3.283745258968774 -0.31371249224379194 16.3194463558601 4.156091218354486 7.96413696196689 -1.6489760004338372 1.9733274849874505 17.85155306528667 -4.409173648246956 3.72391539523365 -0.7284971293761267 -10.202409378987587 -8.052920083497897 -11.56269805946076 -2.5089790297743164
23.927855711422843 7.158218231316322 -1.7236105818829728 1.751460196154877 -0.21646361534910952 -5.246800630408224 -3.8291246655611033 10.69812480788081 17.357068905775712 31.24566420980489 13.32265143785028 15.83566794432993 5.117734924187107 9.494187490914602 -3.2771238883049056 -0.30709112157992347 16.32606772652397 4.162712589018354 7.9707583326307585 -1.6423546297699687 1.979948855651319 17.858174435950538 -4.402552277583087 3.7305367658975186 -0.7218757587122582 -10.195788008323719 -8.046298712834028 -11.55607668879689 -2.502357659110448
23.987975951903806 7.164814889829785 -1.7170139233694925 1.7580568546683395 -0.20986695683564704 -5.240203971894761 -3.822528007047623 10.704721466394272 17.363665564289175 31.25226086831835 13.329248096363742 15.842264602843393 5.124331582700569 9.500784149428064 -3.270527229791443 -0.300494463066461 16.332664385037432 4.1693092475318165 7.977354991144221 -1.6357579712565062 1.9865455141647814 17.864771094464 -4.395955619069625 3.737133424410981 -0.7152791001987957 -10.189191349810256 -8.039702054320566 -11.549480030283428 -2.4957610005969855
24.04809619238477 7.17138719100225 -1.7104416221970276 1.7646291558408222 -0.2032946556631643 -5.233631670722296 -3.815955705875158 10.711293767566737 17.370237865461657 31.258833169490824 13.335820397536207 15.848836904015858 5.130903883873034 9.507356450600547 -3.263954928618978 -0.29392216189397824 16.339236686209897 4.175881548704299 7.983927292316704 -1.6291856700840412 1.9931178153372464 17.871343395636483 -4.38938331789716 3.743705725583464 -0.7087067990263307 -10.182619048637774 -8.033129753148101 -11.542907729110963 -2.4891886994245205
24.10821643286573 7.177935380260987 -1.7038934329382904 1.7711773450995416 -0.19674646640444493 -5.227083481463559 -3.809407516616421 10.717841956825474 17.376786054720377 31.265381358749554 13.342368586794944 15.855385093274595 5.137452073131771 9.513904639859284 -3.257406739360241 -0.2873739726352411 16.345784875468635 4.182429737963019 7.990475481575423 -1.6226374808253041 1.9996660045959835 17.877891584895202 -4.382835128638423 3.750253914842183 -0.7021586097675936 -10.176070859379054 -8.026581563889364 -11.536359539852226 -2.4826405101657834
24.168336673346694 7.184459610650897 -1.69736920254838 1.7777015754894698 -0.1902222360145167 -5.220559251073631 -3.8028832862265105 10.724366187215384 17.383310285110305 31.271905589139475 13.348892817184854 15.861909323664506 5.1439763035217 9.520428870249194 -3.2508825089703306 -0.28084974224533066 16.352309105858563 4.188953968352947 7.996999711965351 -1.6161132504353937 2.006190234985894 17.88441581528513 -4.376310898248512 3.7567781452321114 -0.6956343793776831 -10.169546628989126 -8.020057333499436 -11.529835309462316 -2.476116279775873
24.228456913827653 7.190960330183653 -1.690868483015624 1.784202295022208 -0.18372151648177848 -5.214058531540893 -3.7963825666937545 10.73086690674814 17.389811004643043 31.27840630867222 13.35539353671761 15.868410043197262 5.150477023054438 9.52692958978195 -3.2443817894375746 -0.27434902271257466 16.3588098253913 4.195454687885685 8.00350043149809 -1.6096125309026377 2.01269095451865 17.89091653481787 -4.369810178715756 3.7632788647648496 -0.6891336598449271 -10.163045909456388 -8.013556613966697 -11.52333458992956 -2.469615560243117
