web/models/kne/28/mosfit_kn_0.051209_0.3590_10.0000.dat
# %ECSV 1.0
# ---
# datatype:
# - {name: time, datatype: float64}
# - {name: PS1_g, datatype: float64}
# - {name: PS1_i, datatype: float64}
# - {name: PS1_r, datatype: float64}
# - {name: PS1_w, datatype: float64}
# - {name: PS1_y, datatype: float64}
# - {name: PS1_z, datatype: float64}
# - {name: swift_uvot_B, datatype: float64}
# - {name: swift_uvot_U, datatype: float64}
# - {name: swift_uvot_uvm2, datatype: float64}
# - {name: swift_uvot_uvw1, datatype: float64}
# - {name: swift_uvot_uvw2, datatype: float64}
# - {name: swift_uvot_V, datatype: float64}
# - {name: johnson_B, datatype: float64}
# - {name: johnson_I, datatype: float64}
# - {name: johnson_R, datatype: float64}
# - {name: johnson_U, datatype: float64}
# - {name: johnson_V, datatype: float64}
# - {name: sdss_g, datatype: float64}
# - {name: sdss_i, datatype: float64}
# - {name: sdss_r, datatype: float64}
# - {name: sdss_u, datatype: float64}
# - {name: sdss_z, datatype: float64}
# - {name: ATLAS_c, datatype: float64}
# - {name: ATLAS_o, datatype: float64}
# - {name: ukirt_H, datatype: float64}
# - {name: ukirt_J, datatype: float64}
# - {name: ukirt_K, datatype: float64}
# - {name: Clear, datatype: float64}
# meta: !!omap
# - comment: [kappa = 10.0, type = rprocess, mass = 0.051209162050732976, velocity = 0.359, theta_obs = 0.0, tfloor = 1000.0]
# schema: astropy-2.0
time PS1_g PS1_i PS1_r PS1_w PS1_y PS1_z swift_uvot_B swift_uvot_U swift_uvot_uvm2 swift_uvot_uvw1 swift_uvot_uvw2 swift_uvot_V johnson_B johnson_I johnson_R johnson_U johnson_V sdss_g sdss_i sdss_r sdss_u sdss_z ATLAS_c ATLAS_o ukirt_H ukirt_J ukirt_K Clear
[from data line 86]
5.2304609218436875 -2.8649116394266905 -8.874679834255321 -6.540024033823695 -7.517639124567204 -11.146866954428738 -10.255522230518768 -0.4774821553376107 3.6682936096114993 14.431517519895586 2.9573316953555566 4.964021503212376 -4.38963592081602 -1.0714669948262883 -10.01339767347628 -7.74104098657918 3.0510086075386833 -4.844542408915015 -2.3102399760883685 -8.820991168246302 -6.426378715817691 4.270471826039746 -10.567161156662284 -5.004685763160843 -8.02029893260043 -14.08088244228823 -12.845697826359944 -14.781359151111813 -8.851863372381086
5.290581162324649 -2.7480632434615337 -8.803382673475326 -6.450472677689287 -7.442953434089379 -11.095447050855078 -10.195864750567587 -0.342463726344625 3.842453584865293 14.661072072888018 3.083373596185677 5.095334673480295 -4.281360186728052 -0.944646625974958 -9.94848565344902 -7.663239903527324 3.219096613468675 -4.742631779700123 -2.1892485101449566 -8.749213968191896 -6.335206256613475 4.4431449323577965 -10.51110318544568 -4.90765263475792 -7.9456573470251435 -14.06093637606151 -12.811397039704511 -14.771667265816342 -8.791358203542465
5.350701402805611 -2.6306069830979695 -8.73156787766181 -6.360372707265913 -7.367787657764353 -11.043550176816836 -10.13570930052854 -0.2067941560665531 4.01736971872916 14.891228866835743 3.209880441273523 5.227237726046049 -4.172474926661043 -0.8172454430694425 -9.883075976413373 -7.584978097596349 3.387915008577902 -4.640175396857306 -2.0676418532640994 -8.676919271230314 -6.243473733669536 4.6165714636753385 -10.454571797476806 -4.810078413162859 -7.8705320740386675 -14.040598669266176 -12.776667781651605 -14.761614781237176 -8.730435271300863
5.410821643286573 -2.5125875857327884 -8.659268016929182 -6.2697616296292935 -7.292174767853794 -10.991203440034667 -10.075085233292373 -0.07052323101485952 4.192981722565854 15.121915356600152 3.3368065187512213 5.359682944733134 -4.063022831911163 -0.6893110287866693 -9.817199486530718 -7.506290096487967 3.5574048968784022 -4.537214538534184 -1.9454658886014187 -8.604139798293193 -6.151219133818238 4.790691270402192 -10.397595502796992 -4.71200219715918 -7.794956365159287 -14.019887690747302 -12.741532448297013 -14.75121714044368 -8.669123668580951
5.4709418837675345 -2.393898427458936 -8.586412869599567 -6.1785547124395634 -7.216041453801889 -10.938352350831924 -10.0139315100024 0.06647000445705659 4.369441845303292 15.353329965044594 3.4642668338505804 5.49278922649577 -3.9529043324401707 -0.5607291011925357 -9.75079106226704 -7.427100880012774 3.7277134122201683 -4.4336551409018705 -1.8226107340379372 -8.530804969774799 -6.058356455531708 4.965655157282551 -10.340116303609044 -4.613332932918404 -7.718857218368047 -13.99877382750274 -12.705950127141 -14.740452765222079 -8.607361413532022
5.531062124248497 -2.274542463750251 -8.513006500650171 -6.086755650123017 -7.139391306964722 -10.885001305834816 -9.952252361648242 0.20418284767507516 4.5467483387187 15.585474354264402 3.5922597336910838 5.626554664326001 -3.8421228020682756 -0.43150266333759674 -9.683854919195227 -7.347414725468771 3.8988384013073296 -4.32950113561757 -1.6990792970439195 -8.45691886446911 -5.964889383659955 5.141461084782133 -10.282138678519424 -4.514073786371693 -7.6422384930999065 -13.977261961913745 -12.669925524050603 -14.729326625145942 -8.545152429085494
5.591182364729459 -2.154599359184246 -8.439105000552019 -5.994430037495846 -7.062281659858147 -10.831195954057495 -9.890097748289346 0.3425260225076599 4.724791588447346 15.818213114093705 3.720702324049388 5.760892902432616 -3.7307537309588428 -0.30171668911754096 -9.616443817298379 -7.267291251095245 4.070673177299565 -4.22482497153682 -1.5749534368699436 -8.382537843657705 -5.870884406310708 5.31799995497142 -10.22371083460083 -4.414293819618713 -7.5651577675014 -13.955381111430343 -12.633495279940677 -14.71786223923752 -8.482546597658978
5.651302605210421 -2.033936326980772 -8.364620151450453 -5.901471892068777 -6.9846207987570885 -10.776867380143145 -9.827390707406156 0.4816499393398644 4.903760424522279 16.05179025585659 3.849736713779031 5.895951306125205 -3.61867284554003 -0.17122913442748128 -9.548475815235477 -7.186636561982092 4.243400308199082 -4.119509246349897 -1.450096371399514 -8.307573250904525 -5.7762339485335445 5.495458888807256 -10.164759575566933 -4.3138794913603284 -7.487523608544571 -13.933092983737863 -12.596607189590985 -14.706031235733102 -8.41946622718515
5.7114228456913825 -1.9126660498904968 -8.28963035255402 -5.8079733983153226 -6.9064891074274115 -10.722078869161429 -9.76420077767747 0.6214280252923288 5.083498686834211 16.286011294080375 3.979245047876017 6.031607108309856 -3.5059866653613563 -0.04016025555282737 -9.480024469885866 -7.105533999247567 4.416868012490614 -4.013655864836438 -1.3246239515314073 -8.232103867698779 -5.681031482845764 5.67368259520407 -10.105351816816377 -4.212928188693734 -7.409416624901297 -13.91043680490771 -12.559311485473772 -14.69386491829601 -8.355980869488047
5.771543086172344 -1.7907738391707184 -8.214127466729586 -5.7139238626875155 -6.827877596447927 -10.666824994592332 -9.7005213802111 0.7618774006723406 5.264029118613145 16.52090918512364 4.10924436160073 6.167877649884691 -3.3926819412869706 0.0915057935495473 -9.411082558945616 -7.023974849908055 4.591097905578987 -3.907252903458624 -1.1985209474360126 -8.15612151413692 -5.585266114351146 5.852693353392251 -10.045481664133256 -4.111427815210451 -7.330828070213595 -13.887411408335362 -12.521605100712668 -14.681363438453426 -8.292083571085413
5.831663326653306 -1.6680897276892104 -8.137997803365344 -5.619187168432127 -6.7486684812914355 -10.611016482678615 -9.636253047871772 0.9031903695119936 5.445592664101113 16.75679289618184 4.239915335894313 6.304950850571661 -3.2785993152675212 0.22395051693169749 -9.341544354620883 -6.9418385015180855 4.766323018746011 -3.8001498406814855 -1.071612340485295 -8.079511945727322 -5.488799669866964 6.032730012231884 -9.98505445820431 -4.009232909686311 -7.251640417068312 -13.863966371815886 -12.48341995970591 -14.668488993553764 -8.227674427884288
5.891783567134269 -1.544793942441025 -8.06136551107235 -5.523909949650694 -6.668989299240451 -10.554752856408438 -9.571505521863077 1.0451640905523163 5.6279380095122455 16.993347808088167 4.371069006851194 6.442629639378389 -3.1639088455406865 0.3569816166373269 -9.271526068827615 -6.8592567556295885 4.942299405092612 -3.6925087894562454 -0.9440835036967776 -8.002399917094838 -5.3917808934039435 6.2135428461428965 -9.924175500678576 -3.9064987870419365 -7.171981399826564 -13.840161989030547 -12.444834267225138 -14.655288997142522 -8.162863179290394
5.95190380761523 -1.420794167034174 -7.984169542414303 -5.428018730828921 -6.588776610014424 -10.497986570730902 -9.506225603086023 1.187903218377312 5.811196848899183 17.23074431707072 4.502803965869848 6.581016472089583 -3.0485241888110908 0.49069766431310285 -9.200971083372728 -6.776164930317521 5.119154236492001 -3.5842485477520443 -0.8158393409112996 -7.924724086386892 -5.294135176190586 6.3952622735161135 -9.862794358017233 -3.803146658893528 -7.091787809630201 -13.815972205289258 -12.405812223585675 -14.641744346392061 -8.097596350585121
6.012024048096192 -1.295980932744314 -7.906337113869064 -5.331426151682965 -6.5079550010575105 -10.440660708582925 -9.440349723069765 1.3315317442379537 5.995524973572355 17.469182571331597 4.635236444898059 6.720232492657271 -2.932342802131765 0.6252153775837461 -9.129811832327281 -6.692486120383905 5.297037996995851 -3.4752726895783477 -0.6867671170203238 -7.84641132404742 -5.195773801035539 6.578042625873479 -9.800850732007493 -3.699083042983151 -7.010984458493059 -13.791365419960398 -12.36631074740046 -14.627831649703252 -8.031810318176245
6.072144288577154 -1.1705040433284886 -7.827971598706398 -5.234254199271717 -6.426630523532246 -10.382858230922771 -9.373969315514472 1.4758811029921304 6.180713623070506 17.708402388511836 4.768209867712283 6.860114058108216 -2.815506138369888 0.7603750169161534 -9.058145103711823 -6.608329945812657 5.475748013375455 -3.3657160608567844 -0.557020905483192 -7.767565507908465 -5.096820525124297 6.7616764203037505 -9.738432379445303 -3.5944370316713936 -6.92967758389317 -13.766392034747897 -12.326395106843878 -14.61359060242282 -7.965596336829268
6.132264529058116 -1.0442617627911943 -7.749005376395619 -5.136421704031235 -6.344733122930819 -10.324526262495706 -9.30702531794287 1.6210665292042747 6.3669076180331 17.94858991675802 4.90183222606289 7.000773730830613 -2.6979189060781943 0.8962850108978555 -8.98590813449114 -6.523625024870985 5.655424140634729 -3.255489132959874 -0.4264959393796808 -7.688118699141633 -4.997192915399484 6.946307100759643 -9.675483309607458 -3.4891217592653767 -6.8477973433276595 -13.741022716234726 -12.28602529626725 -14.598999501855905 -7.898895343318042
6.192384769539078 -0.9172634923447731 -7.669446315047139 -5.037937219977433 -6.2622705108705645 -10.265671856716203 -9.239525083147626 1.767077845049102 6.554095486178877 18.189733951935768 5.036094572143632 7.142201984673179 -2.5795903993323437 1.0329352818708555 -8.91310858807752 -6.438379909966064 5.836054827676065 -3.1446015071134754 -0.29520182176410614 -7.608078812576835 -4.896899604088709 7.131922992135564 -9.612010968806093 -3.3831457581329794 -6.765351641225248 -13.715263236992461 -12.24520771600435 -14.584063638574774 -7.831714638858518
6.25250501002004 -0.7895302177496788 -7.589310124728819 -4.938818633132573 -6.179258460442263 -10.206308276096525 -9.17148285606812 1.9138917875510308 6.742249410358738 18.43180279586592 5.1709758505562675 7.284376567346943 -2.4605408184139437 1.1703034250305284 -8.839761434423849 -6.352611417507597 6.017612701014492 -3.0330730882777397 -0.16316007946375777 -7.527461642784896 -4.795958701428447 7.31849619945077 -9.548029373809488 -3.276527480645264 -6.682356437117445 -13.68912296267675 -12.203953548453493 -14.568791040076404 -7.76406837128043
6.312625250501002 -0.6609453176519686 -7.5085189042200895 -4.8389726762022 -6.095616509660289 -10.146374372159883 -9.102830444821173 2.0616403422771947 6.931535054206197 18.67500791123128 5.3065991050183925 7.42742613674627 -2.3406607712240595 1.3085135088334139 -8.76579431375654 -6.266237606313621 6.20025775574107 -2.9208011918169214 -0.030250652065930694 -7.446188930046311 -4.6942754743687765 7.506190844037022 -9.483473877119106 -3.1691673102588425 -6.598731466061807 -13.662567573889655 -12.1622163149968 -14.553156101401095 -7.69588868646105
6.372745490981964 -0.5316701988165384 -7.427183777854349 -4.738530592802075 -6.011458546805635 -10.085959180841364 -9.033666075917104 2.210141781942604 7.121727024194513 18.91906924377057 5.442796198523769 7.5711743594862355 -2.220102678789993 1.4473936339276035 -8.69131118657765 -6.179375980736109 6.383771289257847 -2.8079308013895927 0.10336043794037408 -7.364372337715075 -4.591983120331236 7.694782951252481 -9.418438629883603 -3.0612041428987347 -6.514590776927989 -13.635650784670046 -12.120065839662802 -14.53720091792597 -7.627273299974604
6.432865731462925 -0.40150252011230236 -7.34516846016275 -4.637329844116369 -5.926644178423359 -10.024955096485009 -8.963870104488993 2.3596247824797247 7.3131114827178045 19.164349191989775 5.579779635818998 7.715843783550845 -2.098676378619893 1.5871589920715363 -8.616185227276809 -6.0918831744040185 6.568429958506641 -2.6942829403235686 0.2378814384045036 -7.281874950356304 -4.48891656985289 7.884556221913748 -9.352809922290604 -2.9524648319000235 -6.42979417407604 -13.608310948454195 -12.077419620527808 -14.520878820605228 -7.558103343839573
6.492985971943887 -0.2706051794110387 -7.262585038976148 -4.535502837458942 -5.84128824381823 -9.963451890307464 -8.893541593105425 2.509905909999252 7.505460831264816 19.410565240670675 5.717379906090745 7.86125644792374 -1.97653570763648 1.727636157063351 -8.540521275593395 -6.003877614991063 6.754012951077886 -2.5800038560088874 0.3731447884232786 -7.19880939886556 -4.385210215864159 8.07528449843554 -9.28668267564861 -2.843089502962801 -6.344456647633425 -13.580602123755197 -12.034347999461621 -14.50423211906436 -7.4884772735812355
6.55310621242485 -0.13885316614485887 -7.1793497388252625 -4.432949445034673 -5.75530438686684 -9.901383633367882 -8.822607095982438 2.661126563198647 7.698952409730975 19.657942766210553 5.855728380889982 8.007549993827766 -1.853563298450578 1.8689579364124815 -8.464241480657623 -5.9152714284161805 6.940691527033856 -2.4649834903941654 0.5092791551112263 -7.115091530462756 -4.280762347207077 8.267143478979069 -9.219987281029578 -2.732971345457127 -6.258492022236037 -13.552487027565723 -11.990800715279091 -14.487232845765943 -7.418322271101019
6.613226452905812 -0.006288149626794137 -7.0954921317175845 -4.329704131487659 -5.668722681304175 -9.83877447355086 -8.751092983620428 2.8132400661838632 7.893529057581556 19.90641308908521 5.994782284872038 8.154679329828124 -1.729798790541708 2.011079856835028 -8.387373704968077 -5.8260961126241755 7.128409904109255 -2.349260149784855 0.6462417040109081 -7.030751073329569 -4.175607916580724 8.46007614748224 -9.152749322352438 -2.6221464841652242 -6.1719305281526005 -13.523981158777987 -11.946797243992913 -14.469893608156513 -7.347664604541819
6.673346693386773 0.12708948433580503 -7.0110136797007705 -4.225768002550847 -5.581544331676422 -9.775626196973253 -8.679000858573733 2.966246311863107 8.089191647412157 20.15598030060026 6.134541981071511 8.302644601202008 -1.605242930529738 2.1540013497897053 -8.309919586966139 -5.736353564543795 7.317168489817838 -2.2328353867481505 0.7840320738032602 -6.945789514404517 -4.069748007296994 8.654083078957981 -9.084970761288549 -2.51061562657636 -6.084773527187135 -13.495086866826218 -11.902339723499471 -14.452216879590141 -7.276505958885213
6.733466933867735 0.2613576921331706 -6.925862500851654 -4.12107887668272 -5.493715846252609 -9.71189814874661 -8.606285306855028 3.120233572640342 8.286051255202143 20.406786120638994 6.275089346303506 8.45153171842275 -1.4798226237701086 2.297805031429206 -8.23183101757903 -5.645989700508161 7.507074350233214 -2.1156411174760033 0.9227304984669438 -6.860154751353917 -3.963119427479409 8.84927420054467 -9.016608766924161 -2.398312323161864 -5.996967692573101 -13.465781583791399 -11.857397414305629 -14.434185956005814 -7.204801539103425
6.793587174348697 0.39638839046583385 -6.840126902010759 -4.015740954625002 -5.4053275136798895 -9.64766114094143 -8.533024430485376 3.27505764449925 8.483928999683297 20.658609999994443 6.416291805917069 8.601200943889179 -1.3536589538574197 2.442354695132934 -8.153190608010423 -5.555097613379528 7.697953915630585 -1.9977924125941702 1.0622052315151542 -6.773935519392484 -3.8558279685863184 9.04547171815091 -8.947738191064492 -2.285346717054537 -5.908603443569298 -13.436108058544798 -11.812025857743345 -14.415834334865687 -7.132628715375837
6.853707414829659 0.532334143288189 -6.753704164489243 -3.909631768419768 -5.316273754959315 -9.582834047298956 -8.459127989068467 3.4308909549560775 8.683040887379239 20.9117244888983 6.558308741122705 8.751819813502962 -1.2266084869981533 2.5878121200823183 -8.073902839463358 -5.463569948612002 7.890015791204757 -1.8791549111065973 1.2026132533668132 -6.687028648348399 -3.7477492069479013 9.242889673124584 -8.878273515691522 -2.1715884082454195 -5.819575370921672 -13.406019930493612 -11.766162947977248 -14.397126984112807 -7.059898453020743
