web/models/kne/28/villar_0.0052_0.1397_1.0000.dat
# %ECSV 1.0
# ---
# datatype:
# - {name: time, datatype: float64}
# - {name: swift_uvot_uvw2, datatype: float64}
# - {name: swift_uvot_uvm2, datatype: float64}
# - {name: swift_uvot_uvw1, datatype: float64}
# - {name: swift_uvot_U, datatype: float64}
# - {name: swift_uvot_B, datatype: float64}
# - {name: swift_uvot_V, datatype: float64}
# - {name: swift_uvot_W, datatype: float64}
# - {name: johnson_U, datatype: float64}
# - {name: johnson_B, datatype: float64}
# - {name: johnson_V, datatype: float64}
# - {name: johnson_R, datatype: float64}
# - {name: johnson_I, datatype: float64}
# - {name: sdss_u, datatype: float64}
# - {name: sdss_g, datatype: float64}
# - {name: sdss_r, datatype: float64}
# - {name: sdss_i, datatype: float64}
# - {name: sdss_z, datatype: float64}
# - {name: PS1_g, datatype: float64}
# - {name: PS1_r, datatype: float64}
# - {name: PS1_i, datatype: float64}
# - {name: PS1_z, datatype: float64}
# - {name: PS1_Y, datatype: float64}
# - {name: PS1_w, datatype: float64}
# - {name: ATLAS_c, datatype: float64}
# - {name: ATLAS_o, datatype: float64}
# - {name: ukirt_J, datatype: float64}
# - {name: ukirt_H, datatype: float64}
# - {name: ukirt_K, datatype: float64}
# - {name: Clear, datatype: float64}
# meta: !!omap
# - comment: [kappa = 1.0, type = villar, mass = 0.005244756555828381, velocity = 0.13966666666666672, theta_obs = 0.0]
# schema: astropy-2.0
time swift_uvot_uvw2 swift_uvot_uvm2 swift_uvot_uvw1 swift_uvot_U swift_uvot_B swift_uvot_V swift_uvot_W johnson_U johnson_B johnson_V johnson_R johnson_I sdss_u sdss_g sdss_r sdss_i sdss_z PS1_g PS1_r PS1_i PS1_z PS1_Y PS1_w ATLAS_c ATLAS_o ukirt_J ukirt_H ukirt_K Clear
[from data line 217]
0.642731 -9.885 -10.206 -11.135 -12.409 -13.059 -13.437 -12.178 -12.533 -13.065 -13.442 -13.596 -13.609 -12.504 -13.209 -13.555 -13.63 -13.606 -13.278 -13.565 -13.64 -13.632 -13.627 -13.499 -13.38 -13.59 -13.377 -13.069 -12.633 -13.461
0.66217 -9.808 -10.114 -11.07 -12.369 -13.039 -13.433 -12.152 -12.496 -13.045 -13.439 -13.605 -13.627 -12.466 -13.195 -13.558 -13.643 -13.626 -13.266 -13.568 -13.654 -13.651 -13.65 -13.502 -13.374 -13.598 -13.407 -13.104 -12.671 -13.464
0.682197 -9.728 -10.017 -11.0 -12.325 -13.016 -13.426 -12.123 -12.456 -13.023 -13.433 -13.612 -13.644 -12.424 -13.179 -13.56 -13.654 -13.644 -13.253 -13.57 -13.665 -13.668 -13.67 -13.504 -13.366 -13.604 -13.435 -13.137 -12.709 -13.464
0.70283 -9.644 -9.914 -10.925 -12.278 -12.99 -13.417 -12.091 -12.412 -12.998 -13.425 -13.616 -13.66 -12.379 -13.159 -13.559 -13.664 -13.661 -13.236 -13.57 -13.675 -13.684 -13.69 -13.503 -13.356 -13.608 -13.462 -13.17 -12.746 -13.463
0.724086 -9.558 -9.805 -10.846 -12.226 -12.961 -13.406 -12.056 -12.364 -12.969 -13.414 -13.619 -13.674 -12.33 -13.137 -13.556 -13.671 -13.676 -13.217 -13.567 -13.683 -13.698 -13.707 -13.5 -13.343 -13.61 -13.488 -13.202 -12.782 -13.46
0.745986 -9.469 -9.689 -10.762 -12.169 -12.929 -13.392 -12.018 -12.312 -12.937 -13.4 -13.62 -13.686 -12.276 -13.112 -13.551 -13.677 -13.69 -13.195 -13.562 -13.689 -13.71 -13.724 -13.495 -13.328 -13.61 -13.513 -13.233 -12.818 -13.454
0.768548 -9.377 -9.567 -10.673 -12.108 -12.892 -13.374 -11.976 -12.255 -12.902 -13.384 -13.618 -13.696 -12.218 -13.083 -13.542 -13.68 -13.701 -13.169 -13.554 -13.692 -13.72 -13.738 -13.487 -13.309 -13.607 -13.536 -13.262 -12.852 -13.445
0.791792 -9.281 -9.437 -10.578 -12.042 -12.852 -13.354 -11.932 -12.194 -12.862 -13.364 -13.614 -13.704 -12.155 -13.05 -13.531 -13.681 -13.711 -13.14 -13.544 -13.693 -13.729 -13.751 -13.476 -13.287 -13.602 -13.558 -13.291 -12.886 -13.435
0.815739 -9.183 -9.3 -10.477 -11.971 -12.807 -13.33 -11.883 -12.127 -12.818 -13.341 -13.607 -13.71 -12.086 -13.013 -13.517 -13.68 -13.719 -13.107 -13.53 -13.692 -13.735 -13.762 -13.463 -13.262 -13.594 -13.579 -13.318 -12.919 -13.421
0.840411 -9.083 -9.154 -10.37 -11.894 -12.758 -13.302 -11.831 -12.055 -12.769 -13.314 -13.597 -13.714 -12.012 -12.972 -13.5 -13.675 -13.724 -13.07 -13.513 -13.688 -13.739 -13.771 -13.446 -13.233 -13.583 -13.597 -13.344 -12.95 -13.404
0.865828 -8.98 -8.999 -10.255 -11.81 -12.704 -13.27 -11.774 -11.977 -12.716 -13.283 -13.584 -13.715 -11.932 -12.927 -13.479 -13.668 -13.727 -13.028 -13.493 -13.682 -13.74 -13.777 -13.427 -13.2 -13.569 -13.614 -13.369 -12.981 -13.385
0.892015 -8.875 -8.835 -10.134 -11.72 -12.644 -13.234 -11.713 -11.892 -12.657 -13.248 -13.567 -13.713 -11.845 -12.877 -13.455 -13.658 -13.727 -12.983 -13.469 -13.672 -13.739 -13.781 -13.403 -13.162 -13.551 -13.63 -13.392 -13.01 -13.362
0.918993 -8.768 -8.661 -10.005 -11.623 -12.579 -13.193 -11.647 -11.801 -12.593 -13.208 -13.547 -13.709 -11.752 -12.821 -13.426 -13.645 -13.725 -12.932 -13.441 -13.659 -13.735 -13.783 -13.376 -13.121 -13.53 -13.643 -13.413 -13.038 -13.335
0.946787 -8.661 -8.475 -9.868 -11.519 -12.508 -13.148 -11.576 -11.702 -12.523 -13.164 -13.524 -13.702 -11.651 -12.76 -13.393 -13.627 -13.719 -12.875 -13.409 -13.642 -13.728 -13.782 -13.345 -13.074 -13.505 -13.654 -13.433 -13.065 -13.304
0.975422 -8.552 -8.278 -9.723 -11.406 -12.43 -13.097 -11.5 -11.595 -12.446 -13.114 -13.496 -13.691 -11.541 -12.693 -13.356 -13.607 -13.71 -12.813 -13.372 -13.622 -13.717 -13.778 -13.31 -13.022 -13.476 -13.662 -13.451 -13.09 -13.27
1.004923 -8.444 -8.069 -9.568 -11.284 -12.345 -13.04 -11.417 -11.48 -12.362 -13.058 -13.463 -13.677 -11.423 -12.619 -13.313 -13.581 -13.698 -12.745 -13.331 -13.598 -13.703 -13.771 -13.27 -12.965 -13.442 -13.669 -13.467 -13.114 -13.231
1.035317 -8.336 -7.845 -9.403 -11.153 -12.252 -12.977 -11.329 -11.356 -12.271 -12.997 -13.426 -13.659 -11.296 -12.539 -13.265 -13.552 -13.682 -12.671 -13.283 -13.569 -13.685 -13.76 -13.225 -12.901 -13.403 -13.672 -13.48 -13.136 -13.187
1.066629 -8.229 -7.608 -9.228 -11.011 -12.151 -12.908 -11.233 -11.221 -12.172 -12.929 -13.384 -13.637 -11.159 -12.451 -13.212 -13.518 -13.663 -12.589 -13.231 -13.535 -13.664 -13.746 -13.174 -12.831 -13.359 -13.673 -13.492 -13.156 -13.139
1.098888 -8.124 -7.355 -9.041 -10.859 -12.041 -12.831 -11.131 -11.076 -12.063 -12.854 -13.336 -13.61 -11.01 -12.354 -13.151 -13.478 -13.638 -12.5 -13.172 -13.496 -13.637 -13.728 -13.118 -12.754 -13.31 -13.67 -13.501 -13.174 -13.085
1.132124 -8.022 -7.085 -8.843 -10.694 -11.922 -12.746 -11.02 -10.92 -11.946 -12.771 -13.282 -13.578 -10.85 -12.249 -13.084 -13.433 -13.609 -12.402 -13.106 -13.452 -13.606 -13.705 -13.055 -12.669 -13.254 -13.664 -13.508 -13.191 -13.025
1.166364 -7.922 -6.798 -8.633 -10.516 -11.792 -12.653 -10.902 -10.75 -11.817 -12.679 -13.221 -13.542 -10.677 -12.134 -13.01 -13.381 -13.575 -12.296 -13.033 -13.402 -13.569 -13.678 -12.986 -12.576 -13.192 -13.654 -13.511 -13.205 -12.96
1.20164 -7.825 -6.492 -8.408 -10.324 -11.651 -12.55 -10.774 -10.567 -11.678 -12.579 -13.153 -13.499 -10.49 -12.009 -12.927 -13.323 -13.535 -12.179 -12.952 -13.344 -13.527 -13.645 -12.91 -12.474 -13.122 -13.641 -13.512 -13.216 -12.887
1.237983 -7.731 -6.166 -8.17 -10.117 -11.497 -12.438 -10.637 -10.37 -11.527 -12.469 -13.078 -13.451 -10.288 -11.872 -12.836 -13.258 -13.49 -12.053 -12.862 -13.28 -13.478 -13.608 -12.825 -12.363 -13.045 -13.623 -13.509 -13.225 -12.808
1.275425 -7.641 -5.819 -7.916 -9.893 -11.33 -12.314 -10.489 -10.156 -11.362 -12.348 -12.994 -13.395 -10.069 -11.723 -12.735 -13.185 -13.437 -11.915 -12.763 -13.208 -13.423 -13.564 -12.732 -12.24 -12.959 -13.6 -13.502 -13.231 -12.721
1.313999 -7.553 -5.45 -7.647 -9.651 -11.148 -12.179 -10.33 -9.924 -11.183 -12.215 -12.901 -13.333 -9.832 -11.561 -12.623 -13.103 -13.378 -11.766 -12.654 -13.128 -13.36 -13.513 -12.629 -12.107 -12.863 -13.572 -13.492 -13.234 -12.625
1.35374 -7.467 -5.06 -7.36 -9.389 -10.95 -12.03 -10.159 -9.673 -10.989 -12.069 -12.798 -13.262 -9.576 -11.384 -12.5 -13.011 -13.31 -11.603 -12.533 -13.038 -13.289 -13.456 -12.517 -11.96 -12.758 -13.539 -13.477 -13.234 -12.521
1.394683 -7.383 -4.649 -7.055 -9.105 -10.734 -11.867 -9.975 -9.402 -10.777 -11.909 -12.684 -13.182 -9.298 -11.191 -12.365 -12.91 -13.234 -11.426 -12.401 -12.938 -13.21 -13.39 -12.393 -11.801 -12.641 -13.499 -13.457 -13.23 -12.408
1.436864 -7.299 -4.22 -6.73 -8.797 -10.5 -11.688 -9.776 -9.107 -10.546 -11.734 -12.558 -13.093 -8.996 -10.98 -12.215 -12.797 -13.148 -11.235 -12.255 -12.827 -13.12 -13.317 -12.257 -11.626 -12.512 -13.453 -13.432 -13.223 -12.284
1.480321 -7.215 -3.779 -6.385 -8.463 -10.244 -11.492 -9.562 -8.787 -10.295 -11.542 -12.419 -12.994 -8.669 -10.751 -12.051 -12.671 -13.052 -11.027 -12.095 -12.703 -13.02 -13.233 -12.108 -11.435 -12.37 -13.4 -13.402 -13.211 -12.149
1.525092 -7.129 -3.333 -6.018 -8.101 -9.965 -11.277 -9.331 -8.439 -10.021 -11.332 -12.266 -12.883 -8.313 -10.5 -11.87 -12.532 -12.945 -10.802 -11.919 -12.566 -12.908 -13.14 -11.944 -11.226 -12.214 -13.338 -13.365 -13.194 -12.003
1.571218 -7.04 -2.898 -5.627 -7.707 -9.661 -11.041 -9.082 -8.06 -9.723 -11.101 -12.097 -12.759 -7.926 -10.225 -11.671 -12.377 -12.825 -10.559 -11.725 -12.414 -12.784 -13.035 -11.764 -10.997 -12.041 -13.267 -13.322 -13.172 -11.845
1.618738 -6.947 -2.492 -5.211 -7.277 -9.329 -10.782 -8.814 -7.648 -9.397 -10.847 -11.91 -12.621 -7.504 -9.926 -11.451 -12.206 -12.69 -10.297 -11.513 -12.246 -12.644 -12.917 -11.567 -10.746 -11.85 -13.186 -13.271 -13.145 -11.673
1.667696 -6.85 -2.132 -4.768 -6.81 -8.965 -10.497 -8.523 -7.198 -9.041 -10.569 -11.704 -12.467 -7.043 -9.597 -11.209 -12.016 -12.541 -10.016 -11.279 -12.06 -12.489 -12.786 -11.351 -10.472 -11.64 -13.095 -13.212 -13.111 -11.487
1.718134 -6.745 -1.829 -4.295 -6.299 -8.567 -10.183 -8.21 -6.707 -8.651 -10.263 -11.477 -12.296 -6.541 -9.237 -10.942 -11.806 -12.374 -9.715 -11.023 -11.853 -12.317 -12.639 -11.113 -10.171 -11.408 -12.991 -13.143 -13.07 -11.286
1.770098 -6.634 -1.583 -3.79 -5.741 -8.13 -9.838 -7.871 -6.17 -8.225 -9.926 -11.226 -12.106 -5.991 -8.843 -10.648 -11.572 -12.188 -9.396 -10.741 -11.625 -12.125 -12.476 -10.852 -9.841 -11.153 -12.873 -13.064 -13.022 -11.07
1.823633 -6.513 -1.381 -3.25 -5.13 -7.651 -9.457 -7.506 -5.581 -7.757 -9.555 -10.949 -11.894 -5.388 -8.409 -10.322 -11.313 -11.98 -9.06 -10.432 -11.372 -11.911 -12.293 -10.564 -9.478 -10.87 -12.74 -12.974 -12.965 -10.837
1.878788 -6.383 -1.206 -2.67 -4.46 -7.125 -9.037 -7.111 -4.936 -7.244 -9.145 -10.642 -11.659 -4.727 -7.932 -9.962 -11.026 -11.749 -8.712 -10.094 -11.091 -11.672 -12.09 -10.247 -9.079 -10.558 -12.59 -12.871 -12.899 -10.588
1.93561 -6.241 -1.042 -2.046 -3.723 -6.545 -8.572 -6.686 -4.226 -6.679 -8.693 -10.303 -11.397 -3.999 -7.407 -9.564 -10.706 -11.49 -8.357 -9.724 -10.78 -11.407 -11.863 -9.898 -8.639 -10.212 -12.421 -12.753 -12.823 -10.322
1.994152 -6.087 -0.877 -1.373 -2.913 -5.905 -8.058 -6.229 -3.444 -6.057 -8.194 -9.928 -11.105 -3.198 -6.827 -9.122 -10.35 -11.202 -8.0 -9.321 -10.436 -11.111 -11.611 -9.512 -8.154 -9.829 -12.23 -12.619 -12.734 -10.039
2.054463 -5.918 -0.704 -0.644 -2.018 -5.198 -7.487 -5.741 -2.581 -5.371 -7.64 -9.511 -10.78 -2.314 -6.186 -8.631 -9.953 -10.879 -7.652 -8.885 -10.054 -10.782 -11.33 -9.085 -7.619 -9.405 -12.015 -12.466 -12.632 -9.74
2.116599 -5.733 -0.518 0.149 -1.029 -4.414 -6.853 -5.223 -1.627 -4.613 -7.025 -9.049 -10.417 -1.335 -5.476 -8.084 -9.51 -10.518 -7.316 -8.415 -9.631 -10.414 -11.018 -8.612 -7.025 -8.933 -11.772 -12.293 -12.515 -9.426
2.180614 -5.531 -0.315 1.014 0.067 -3.545 -6.146 -4.682 -0.569 -3.774 -6.342 -8.534 -10.011 -0.25 -4.687 -7.475 -9.015 -10.113 -6.996 -7.917 -9.164 -10.005 -10.671 -8.087 -6.367 -8.408 -11.498 -12.096 -12.38 -9.098
2.246566 -5.308 -0.093 1.962 1.284 -2.578 -5.358 -4.127 0.608 -2.842 -5.582 -7.961 -9.557 0.957 -3.81 -6.795 -8.461 -9.659 -6.691 -7.398 -8.648 -9.548 -10.287 -7.503 -5.635 -7.823 -11.188 -11.872 -12.226 -8.759
2.314511 -5.063 0.153 3.003 2.641 -1.5 -4.476 -3.574 1.919 -1.806 -4.733 -7.321 -9.047 2.301 -2.831 -6.034 -7.838 -9.147 -6.391 -6.872 -8.084 -9.04 -9.861 -6.851 -4.819 -7.17 -10.836 -11.617 -12.049 -8.408
2.384512 -4.792 0.424 4.151 4.157 -0.294 -3.486 -3.038 3.384 -0.65 -3.783 -6.605 -8.476 3.804 -1.737 -5.179 -7.138 -8.571 -6.088 -6.353 -7.472 -8.476 -9.393 -6.122 -3.907 -6.439 -10.437 -11.327 -11.846 -8.047
2.45663 -4.491 0.725 5.421 5.855 1.059 -2.374 -2.531 5.026 0.642 -2.718 -5.803 -7.833 5.489 -0.509 -4.217 -6.349 -7.921 -5.77 -5.855 -6.818 -7.853 -8.882 -5.305 -2.885 -5.618 -9.984 -10.995 -11.613 -7.673
2.530929 -4.157 1.059 6.833 7.766 2.58 -1.118 -2.055 6.874 2.09 -1.521 -4.902 -7.108 7.385 0.873 -3.132 -5.456 -7.184 -5.428 -5.382 -6.139 -7.173 -8.328 -4.385 -1.736 -4.694 -9.467 -10.615 -11.345 -7.284
2.607475 -3.784 1.432 8.407 9.922 4.297 0.302 -1.596 8.958 3.718 -0.171 -3.887 -6.288 9.523 2.433 -1.903 -4.443 -6.349 -5.051 -4.924 -5.454 -6.442 -7.736 -3.348 -0.439 -3.651 -8.877 -10.18 -11.036 -6.871
2.686337 -3.366 1.85 10.171 12.363 6.242 1.915 -1.133 11.319 5.555 1.354 -2.741 -5.361 11.945 4.2 -0.508 -3.292 -5.398 -4.632 -4.46 -4.788 -5.678 -7.114 -2.172 1.03 -2.47 -8.201 -9.68 -10.68 -6.427
2.767583 -2.896 2.32 12.156 15.14 8.453 3.753 -0.641 14.003 7.635 3.083 -1.442 -4.308 14.699 6.21 1.082 -1.978 -4.312 -4.161 -3.969 -4.148 -4.902 -6.467 -0.836 2.699 -1.129 -7.425 -9.104 -10.267 -5.941
2.851287 -2.364 2.851 14.402 18.311 10.978 5.855 -0.101 17.067 10.0 5.049 0.033 -3.109 17.841 8.505 2.9 -0.473 -3.069 -3.63 -3.429 -3.52 -4.138 -5.799 0.689 4.605 0.403 -6.531 -8.439 -9.789 -5.401
2.937522 -1.761 3.455 16.96 21.949 13.872 8.268 0.506 20.579 12.701 7.292 1.715 -1.74 21.444 11.137 4.988 1.257 -1.642 -3.027 -2.823 -2.87 -3.385 -5.102 2.438 6.79 2.157 -5.497 -7.668 -9.232 -4.793
3.026365 -1.072 4.144 19.89 26.141 17.207 11.053 1.196 24.624 15.798 9.861 3.64 -0.172 25.593 14.169 7.397 3.254 0.003 -2.338 -2.133 -2.162 -2.618 -4.358 4.452 9.308 4.177 -4.296 -6.772 -8.581 -4.103
3.117896 -0.281 4.935 23.267 30.998 21.067 14.279 1.987 29.305 19.368 12.813 5.851 1.631 30.393 17.68 10.189 5.57 1.906 -1.547 -1.342 -1.365 -1.793 -3.539 6.784 12.224 6.513 -2.897 -5.726 -7.817 -3.311
3.212194 0.632 5.848 27.187 36.654 25.56 18.035 2.901 34.748 23.506 16.222 8.402 3.711 35.975 21.764 13.44 8.268 4.115 -0.633 -0.429 -0.45 -0.868 -2.614 9.497 15.619 9.23 -1.259 -4.499 -6.919 -2.397
3.309345 1.391 6.606 29.841 40.407 28.579 20.59 3.659 38.364 26.293 18.542 10.185 5.198 39.678 24.524 15.676 10.156 5.691 0.125 0.33 0.308 -0.107 -1.853 11.394 17.946 11.129 -0.036 -3.537 -6.162 -1.639
3.409434 1.83 7.046 30.281 40.847 29.018 21.03 4.099 38.804 26.732 18.981 10.625 5.638 40.118 24.963 16.115 10.596 6.13 0.565 0.769 0.748 0.333 -1.413 11.834 18.385 11.568 0.404 -3.097 -5.723 -1.199
3.51255 2.297 7.512 30.747 41.313 29.485 21.496 4.565 39.27 27.199 19.448 11.091 6.104 40.584 25.43 16.582 11.062 6.596 1.031 1.236 1.214 0.799 -0.947 12.3 18.851 12.035 0.87 -2.631 -5.257 -0.733
3.618785 2.792 8.007 31.242 41.808 29.98 21.991 5.06 39.765 27.694 19.943 11.586 6.599 41.079 25.925 17.077 11.557 7.091 1.526 1.731 1.709 1.294 -0.452 12.795 19.347 12.53 1.365 -2.136 -4.761 -0.238
3.728232 3.317 8.533 31.768 42.334 30.505 22.517 5.586 40.291 28.219 20.468 12.112 7.125 41.605 26.45 17.602 12.083 7.617 2.052 2.256 2.235 1.819 0.074 13.321 19.872 13.055 1.89 -1.61 -4.236 0.288
3.84099 3.875 9.09 32.325 42.891 31.063 23.075 6.143 40.848 28.777 21.026 12.669 7.682 42.162 27.008 18.16 12.64 8.175 2.609 2.814 2.792 2.377 0.631 13.878 20.43 13.613 2.448 -1.052 -3.678 0.845
3.957158 4.467 9.682 32.917 43.483 31.655 23.667 6.735 41.44 29.369 21.618 13.261 8.274 42.754 27.6 18.752 13.232 8.767 3.201 3.406 3.384 2.969 1.223 14.47 21.022 14.205 3.04 -0.46 -3.086 1.437
4.07684 5.095 10.311 33.546 44.112 32.283 24.295 7.364 42.069 29.997 22.246 13.89 8.903 43.383 28.228 19.38 13.861 9.395 3.83 4.034 4.013 3.597 1.852 15.099 21.65 14.833 3.668 0.168 -2.458 2.066
4.200141 5.762 10.978 34.213 44.779 32.95 24.962 8.03 42.736 30.664 22.913 14.556 9.57 44.05 28.895 20.047 14.527 10.062 4.496 4.701 4.68 4.264 2.519 15.765 22.317 15.5 4.335 0.835 -1.791 2.733
4.327172 6.47 11.686 34.92 45.487 33.658 25.67 8.738 43.443 31.372 23.621 15.264 10.277 44.757 29.603 20.755 15.235 10.77 5.204 5.409 5.388 4.972 3.226 16.473 23.025 16.208 5.043 1.543 -1.083 3.44
4.458044 7.221 12.437 35.672 46.238 34.409 26.421 9.49 44.195 32.124 24.372 16.016 11.029 45.509 30.354 21.506 15.987 11.521 5.956 6.16 6.139 5.724 3.978 17.225 23.776 16.959 5.795 2.294 -0.332 4.192
4.592874 8.019 13.234 36.469 47.035 35.207 27.218 10.287 44.992 32.921 25.17 16.813 11.826 46.306 31.152 22.304 16.784 12.319 6.753 6.958 6.936 6.521 4.775 18.022 24.574 17.757 6.592 3.091 0.466 4.989
4.731783 8.865 14.081 37.316 47.882 36.053 28.065 11.134 45.839 33.767 26.016 17.66 12.673 47.153 31.998 23.15 17.631 13.165 7.6 7.804 7.783 7.367 5.622 18.869 25.42 18.603 7.438 3.938 1.312 5.836
4.874892 9.764 14.979 38.214 48.78 36.952 28.963 12.032 46.737 34.666 26.914 18.558 13.571 48.051 32.897 24.049 18.529 14.063 8.498 8.703 8.681 8.266 6.52 19.767 26.318 19.502 8.337 4.836 2.21 6.734
5.02233 10.717 15.933 39.168 49.734 37.905 29.917 12.985 47.691 35.619 27.868 19.511 14.525 49.005 33.85 25.002 19.482 15.017 9.451 9.656 9.635 9.219 7.474 20.72 27.272 20.455 9.29 5.79 3.164 7.688
5.174227 11.729 16.945 40.18 50.746 38.917 30.929 13.998 48.703 36.631 28.88 20.524 15.537 50.017 34.862 26.014 20.495 16.029 10.464 10.668 10.647 10.232 8.486 21.733 28.284 21.467 10.303 6.802 4.176 8.7
5.330718 12.803 18.019 41.254 51.82 39.991 32.003 15.072 49.777 37.706 29.954 21.598 16.611 51.091 35.936 27.089 21.569 17.103 11.538 11.743 11.721 11.306 9.56 22.807 29.358 22.542 11.377 7.876 5.25 9.774
5.491942 13.944 19.159 42.394 52.96 41.132 33.143 16.212 50.917 38.846 31.095 22.738 17.751 52.231 37.077 28.229 22.709 18.243 12.678 12.883 12.861 12.446 10.7 23.947 30.499 23.682 12.517 9.016 6.391 10.914
