web/models/kne.last_good/kappa_0.5_3.0.v2/31/villar_0.0019_0.4373_3.0000.dat
# %ECSV 1.0
# ---
# datatype:
# - {name: time, datatype: float64}
# - {name: swift_uvot_uvw2, datatype: float64}
# - {name: swift_uvot_uvm2, datatype: float64}
# - {name: swift_uvot_uvw1, datatype: float64}
# - {name: swift_uvot_U, datatype: float64}
# - {name: swift_uvot_B, datatype: float64}
# - {name: swift_uvot_V, datatype: float64}
# - {name: swift_uvot_W, datatype: float64}
# - {name: johnson_U, datatype: float64}
# - {name: johnson_B, datatype: float64}
# - {name: johnson_V, datatype: float64}
# - {name: johnson_R, datatype: float64}
# - {name: johnson_I, datatype: float64}
# - {name: sdss_u, datatype: float64}
# - {name: sdss_g, datatype: float64}
# - {name: sdss_r, datatype: float64}
# - {name: sdss_i, datatype: float64}
# - {name: sdss_z, datatype: float64}
# - {name: PS1_g, datatype: float64}
# - {name: PS1_r, datatype: float64}
# - {name: PS1_i, datatype: float64}
# - {name: PS1_z, datatype: float64}
# - {name: PS1_Y, datatype: float64}
# - {name: PS1_w, datatype: float64}
# - {name: ATLAS_c, datatype: float64}
# - {name: ATLAS_o, datatype: float64}
# - {name: ukirt_J, datatype: float64}
# - {name: ukirt_H, datatype: float64}
# - {name: ukirt_K, datatype: float64}
# - {name: Clear, datatype: float64}
# meta: !!omap
# - comment: [kappa = 3.0, type = villar, mass = 0.001861645566637777, velocity = 0.43733333333333335, theta_obs = 0.0, tfloor = 2500.0]
# schema: astropy-2.0
time swift_uvot_uvw2 swift_uvot_uvm2 swift_uvot_uvw1 swift_uvot_U swift_uvot_B swift_uvot_V swift_uvot_W johnson_U johnson_B johnson_V johnson_R johnson_I sdss_u sdss_g sdss_r sdss_i sdss_z PS1_g PS1_r PS1_i PS1_z PS1_Y PS1_w ATLAS_c ATLAS_o ukirt_J ukirt_H ukirt_K Clear
[from data line 278]
3.957158 -2.607 2.592 1.626 -0.077 -2.864 -4.866 -2.981 -0.574 -2.995 -4.984 -6.569 -7.646 -0.351 -3.714 -5.843 -6.967 -7.738 -4.689 -6.012 -7.046 -7.662 -8.121 -6.166 -4.927 -6.479 -8.649 -8.97 -9.03 -6.626
4.07684 -2.524 2.674 1.708 0.006 -2.781 -4.783 -2.899 -0.491 -2.912 -4.902 -6.487 -7.564 -0.269 -3.632 -5.76 -6.885 -7.656 -4.606 -5.93 -6.964 -7.579 -8.039 -6.083 -4.845 -6.397 -8.567 -8.887 -8.948 -6.543
4.200141 -2.442 2.757 1.791 0.088 -2.699 -4.701 -2.816 -0.409 -2.83 -4.819 -6.404 -7.481 -0.186 -3.549 -5.678 -6.802 -7.573 -4.524 -5.847 -6.881 -7.497 -7.956 -6.001 -4.762 -6.314 -8.485 -8.805 -8.865 -6.461
4.327172 -2.359 2.839 1.874 0.171 -2.616 -4.618 -2.734 -0.326 -2.747 -4.737 -6.321 -7.398 -0.103 -3.466 -5.595 -6.72 -7.491 -4.441 -5.765 -6.798 -7.414 -7.873 -5.918 -4.68 -6.232 -8.402 -8.722 -8.783 -6.378
4.458044 -2.276 2.922 1.956 0.254 -2.533 -4.535 -2.651 -0.243 -2.664 -4.654 -6.239 -7.316 -0.021 -3.384 -5.512 -6.637 -7.408 -4.358 -5.682 -6.716 -7.331 -7.79 -5.835 -4.597 -6.149 -8.319 -8.639 -8.7 -6.295
4.592874 -2.193 3.005 2.039 0.337 -2.45 -4.452 -2.568 -0.16 -2.581 -4.571 -6.156 -7.233 0.062 -3.301 -5.429 -6.554 -7.325 -4.275 -5.599 -6.633 -7.248 -7.707 -5.752 -4.514 -6.066 -8.236 -8.556 -8.617 -6.212
4.731783 -2.11 3.088 2.123 0.42 -2.367 -4.369 -2.485 -0.077 -2.498 -4.488 -6.073 -7.149 0.146 -3.217 -5.346 -6.471 -7.242 -4.192 -5.516 -6.549 -7.165 -7.624 -5.669 -4.431 -5.983 -8.153 -8.473 -8.534 -6.129
4.874892 -2.027 3.172 2.206 0.503 -2.284 -4.286 -2.402 0.006 -2.415 -4.404 -5.989 -7.066 0.229 -3.134 -5.263 -6.388 -7.158 -4.109 -5.432 -6.466 -7.082 -7.541 -5.586 -4.348 -5.9 -8.07 -8.39 -8.451 -6.046
5.02233 -1.943 3.255 2.289 0.586 -2.2 -4.203 -2.318 0.09 -2.331 -4.321 -5.906 -6.983 0.312 -3.051 -5.18 -6.304 -7.075 -4.025 -5.349 -6.383 -6.999 -7.458 -5.503 -4.264 -5.816 -7.986 -8.307 -8.367 -5.963
5.174227 -1.86 3.339 2.373 0.67 -2.117 -4.119 -2.235 0.173 -2.248 -4.238 -5.822 -6.899 0.396 -2.967 -5.096 -6.221 -6.992 -3.942 -5.265 -6.299 -6.915 -7.374 -5.419 -4.181 -5.733 -7.903 -8.223 -8.284 -5.879
5.330718 -1.776 3.422 2.456 0.754 -2.033 -4.035 -2.151 0.257 -2.164 -4.154 -5.739 -6.816 0.479 -2.884 -5.012 -6.137 -6.908 -3.858 -5.182 -6.216 -6.831 -7.291 -5.335 -4.097 -5.649 -7.819 -8.139 -8.2 -5.795
5.491942 -1.692 3.506 2.54 0.837 -1.949 -3.952 -2.067 0.34 -2.081 -4.07 -5.655 -6.732 0.563 -2.8 -4.929 -6.053 -6.824 -3.774 -5.098 -6.132 -6.748 -7.207 -5.252 -4.013 -5.565 -7.735 -8.056 -8.116 -5.712
5.658042 -1.608 3.59 2.624 0.921 -1.866 -3.868 -1.983 0.424 -1.997 -3.986 -5.571 -6.648 0.647 -2.716 -4.845 -5.969 -6.74 -3.691 -5.014 -6.048 -6.664 -7.123 -5.168 -3.929 -5.481 -7.651 -7.972 -8.032 -5.628
5.829166 -1.524 3.674 2.708 1.005 -1.782 -3.784 -1.899 0.508 -1.913 -3.902 -5.487 -6.564 0.731 -2.632 -4.761 -5.885 -6.656 -3.607 -4.93 -5.964 -6.58 -7.039 -5.084 -3.845 -5.397 -7.567 -7.888 -7.948 -5.544
6.005465 -1.44 3.758 2.792 1.089 -1.697 -3.7 -1.815 0.593 -1.828 -3.818 -5.403 -6.48 0.815 -2.548 -4.676 -5.801 -6.572 -3.522 -4.846 -5.88 -6.495 -6.955 -4.999 -3.761 -5.313 -7.483 -7.803 -7.864 -5.46
6.187096 -1.356 3.842 2.877 1.174 -1.613 -3.615 -1.731 0.677 -1.744 -3.734 -5.319 -6.395 0.9 -2.463 -4.592 -5.717 -6.488 -3.438 -4.762 -5.795 -6.411 -6.87 -4.915 -3.677 -5.229 -7.399 -7.719 -7.78 -5.375
6.37422 -1.272 3.927 2.961 1.258 -1.529 -3.531 -1.646 0.761 -1.66 -3.649 -5.234 -6.311 0.984 -2.379 -4.508 -5.632 -6.403 -3.354 -4.677 -5.711 -6.327 -6.786 -4.831 -3.592 -5.144 -7.314 -7.635 -7.695 -5.291
6.567004 -1.187 4.011 3.045 1.343 -1.444 -3.446 -1.562 0.846 -1.575 -3.565 -5.15 -6.226 1.069 -2.295 -4.423 -5.548 -6.319 -3.269 -4.593 -5.627 -6.242 -6.701 -4.746 -3.508 -5.06 -7.23 -7.55 -7.611 -5.206
6.765619 -1.102 4.096 3.13 1.427 -1.36 -3.362 -1.477 0.93 -1.491 -3.48 -5.065 -6.142 1.153 -2.21 -4.339 -5.463 -6.234 -3.185 -4.508 -5.542 -6.158 -6.617 -4.662 -3.423 -4.975 -7.145 -7.466 -7.526 -5.122
6.97024 -1.018 4.181 3.215 1.512 -1.275 -3.277 -1.393 1.015 -1.406 -3.395 -4.98 -6.057 1.238 -2.125 -4.254 -5.379 -6.149 -3.1 -4.423 -5.457 -6.073 -6.532 -4.577 -3.339 -4.891 -7.061 -7.381 -7.441 -5.037
7.181051 -0.933 4.266 3.3 1.597 -1.19 -3.192 -1.308 1.1 -1.321 -3.311 -4.895 -5.972 1.323 -2.04 -4.169 -5.294 -6.065 -3.015 -4.338 -5.372 -5.988 -6.447 -4.492 -3.254 -4.806 -6.976 -7.296 -7.357 -4.952
7.398237 -0.848 4.351 3.385 1.682 -1.105 -3.107 -1.223 1.185 -1.236 -3.226 -4.81 -5.887 1.408 -1.955 -4.084 -5.209 -5.98 -2.93 -4.253 -5.287 -5.903 -6.362 -4.407 -3.169 -4.721 -6.891 -7.211 -7.272 -4.867
7.621991 -0.763 4.436 3.47 1.767 -1.02 -3.022 -1.138 1.27 -1.151 -3.141 -4.725 -5.802 1.493 -1.87 -3.999 -5.124 -5.895 -2.845 -4.168 -5.202 -5.818 -6.277 -4.322 -3.084 -4.636 -6.806 -7.126 -7.187 -4.782
7.852513 -0.678 4.521 3.555 1.852 -0.935 -2.937 -1.052 1.355 -1.066 -3.055 -4.64 -5.717 1.578 -1.785 -3.914 -5.039 -5.809 -2.76 -4.083 -5.117 -5.733 -6.192 -4.237 -2.998 -4.551 -6.721 -7.041 -7.101 -4.697
8.090007 -0.592 4.606 3.64 1.937 -0.85 -2.852 -0.967 1.44 -0.981 -2.97 -4.555 -5.632 1.663 -1.7 -3.829 -4.953 -5.724 -2.675 -3.998 -5.032 -5.648 -6.107 -4.152 -2.913 -4.465 -6.635 -6.956 -7.016 -4.612
8.334684 -0.507 4.691 3.725 2.023 -0.764 -2.766 -0.882 1.526 -0.895 -2.885 -4.47 -5.546 1.749 -1.614 -3.743 -4.868 -5.639 -2.589 -3.913 -4.946 -5.562 -6.021 -4.066 -2.828 -4.38 -6.55 -6.87 -6.931 -4.526
8.586761 -0.422 4.777 3.811 2.108 -0.679 -2.681 -0.796 1.611 -0.81 -2.799 -4.384 -5.461 1.834 -1.529 -3.658 -4.782 -5.553 -2.504 -3.827 -4.861 -5.477 -5.936 -3.981 -2.742 -4.294 -6.464 -6.785 -6.845 -4.441
8.846461 -0.336 4.862 3.897 2.194 -0.593 -2.595 -0.711 1.697 -0.724 -2.714 -4.299 -5.375 1.92 -1.443 -3.572 -4.697 -5.468 -2.418 -3.742 -4.775 -5.391 -5.85 -3.895 -2.657 -4.209 -6.379 -6.699 -6.76 -4.355
9.114017 -0.25 4.948 3.982 2.279 -0.507 -2.51 -0.625 1.783 -0.638 -2.628 -4.213 -5.29 2.005 -1.358 -3.487 -4.611 -5.382 -2.332 -3.656 -4.69 -5.306 -5.765 -3.81 -2.571 -4.123 -6.293 -6.614 -6.674 -4.27
9.389664 -0.165 5.034 4.068 2.365 -0.422 -2.424 -0.539 1.868 -0.553 -2.542 -4.127 -5.204 2.091 -1.272 -3.401 -4.525 -5.296 -2.247 -3.57 -4.604 -5.22 -5.679 -3.724 -2.485 -4.037 -6.208 -6.528 -6.588 -4.184
9.673648 -0.079 5.12 4.154 2.451 -0.336 -2.338 -0.454 1.954 -0.467 -2.456 -4.041 -5.118 2.177 -1.186 -3.315 -4.44 -5.21 -2.161 -3.484 -4.518 -5.134 -5.593 -3.638 -2.4 -3.952 -6.122 -6.442 -6.503 -4.098
9.966221 0.007 5.206 4.24 2.537 -0.25 -2.252 -0.368 2.04 -0.381 -2.371 -3.955 -5.032 2.263 -1.1 -3.229 -4.354 -5.125 -2.075 -3.398 -4.432 -5.048 -5.507 -3.552 -2.314 -3.866 -6.036 -6.356 -6.417 -4.012
10.267642 0.093 5.292 4.326 2.623 -0.164 -2.166 -0.282 2.126 -0.295 -2.285 -3.869 -4.946 2.349 -1.014 -3.143 -4.268 -5.039 -1.989 -3.312 -4.346 -4.962 -5.421 -3.466 -2.228 -3.78 -5.95 -6.27 -6.331 -3.926
10.57818 0.179 5.378 4.412 2.709 -0.078 -2.08 -0.196 2.212 -0.209 -2.198 -3.783 -4.86 2.435 -0.928 -3.057 -4.182 -4.952 -1.903 -3.226 -4.26 -4.876 -5.335 -3.38 -2.142 -3.694 -5.864 -6.184 -6.244 -3.84
10.89811 0.265 5.464 4.498 2.795 0.008 -1.994 -0.109 2.298 -0.123 -2.112 -3.697 -4.774 2.521 -0.842 -2.971 -4.095 -4.866 -1.817 -3.14 -4.174 -4.79 -5.249 -3.294 -2.055 -3.607 -5.777 -6.098 -6.158 -3.754
11.227716 0.352 5.55 4.584 2.881 0.095 -1.908 -0.023 2.385 -0.036 -2.026 -3.611 -4.688 2.607 -0.756 -2.884 -4.009 -4.78 -1.73 -3.054 -4.088 -4.703 -5.163 -3.207 -1.969 -3.521 -5.691 -6.011 -6.072 -3.668
11.56729 0.438 5.637 4.671 2.968 0.181 -1.821 0.063 2.471 0.05 -1.94 -3.524 -4.601 2.694 -0.669 -2.798 -3.923 -4.694 -1.644 -2.967 -4.001 -4.617 -5.076 -3.121 -1.883 -3.435 -5.605 -5.925 -5.986 -3.581
11.917135 0.525 5.723 4.757 3.054 0.267 -1.735 0.15 2.557 0.136 -1.853 -3.438 -4.515 2.78 -0.583 -2.712 -3.836 -4.607 -1.558 -2.881 -3.915 -4.531 -4.99 -3.035 -1.796 -3.348 -5.518 -5.839 -5.899 -3.495
12.277561 0.611 5.81 4.844 3.141 0.354 -1.648 0.236 2.644 0.223 -1.767 -3.351 -4.428 2.867 -0.496 -2.625 -3.75 -4.521 -1.471 -2.794 -3.828 -4.444 -4.903 -2.948 -1.71 -3.262 -5.432 -5.752 -5.813 -3.408
12.648887 0.698 5.896 4.93 3.227 0.441 -1.562 0.323 2.731 0.31 -1.68 -3.265 -4.342 2.953 -0.41 -2.539 -3.663 -4.434 -1.384 -2.708 -3.742 -4.357 -4.817 -2.862 -1.623 -3.175 -5.345 -5.665 -5.726 -3.322
13.031444 0.784 5.983 5.017 3.314 0.527 -1.475 0.41 2.817 0.396 -1.593 -3.178 -4.255 3.04 -0.323 -2.452 -3.576 -4.347 -1.298 -2.621 -3.655 -4.271 -4.73 -2.775 -1.536 -3.089 -5.259 -5.579 -5.639 -3.235
13.425571 0.871 6.07 5.104 3.401 0.614 -1.388 0.496 2.904 0.483 -1.507 -3.091 -4.168 3.127 -0.236 -2.365 -3.49 -4.261 -1.211 -2.534 -3.568 -4.184 -4.643 -2.688 -1.45 -3.002 -5.172 -5.492 -5.553 -3.148
13.831619 0.958 6.156 5.19 3.488 0.701 -1.301 0.583 2.991 0.57 -1.42 -3.005 -4.081 3.214 -0.15 -2.278 -3.403 -4.174 -1.124 -2.448 -3.482 -4.097 -4.556 -2.601 -1.363 -2.915 -5.085 -5.405 -5.466 -3.061
14.249947 1.045 6.243 5.277 3.575 0.788 -1.214 0.67 3.078 0.657 -1.333 -2.918 -3.995 3.3 -0.063 -2.191 -3.316 -4.087 -1.037 -2.361 -3.395 -4.01 -4.469 -2.514 -1.276 -2.828 -4.998 -5.318 -5.379 -2.974
14.680926 1.132 6.33 5.364 3.662 0.875 -1.127 0.757 3.165 0.744 -1.246 -2.831 -3.908 3.387 0.024 -2.104 -3.229 -4.0 -0.95 -2.274 -3.308 -3.923 -4.383 -2.427 -1.189 -2.741 -4.911 -5.231 -5.292 -2.887
15.124941 1.219 6.417 5.451 3.749 0.962 -1.04 0.844 3.252 0.831 -1.159 -2.744 -3.821 3.474 0.111 -2.017 -3.142 -3.913 -0.863 -2.187 -3.221 -3.836 -4.295 -2.34 -1.102 -2.654 -4.824 -5.144 -5.205 -2.8
15.582385 1.306 6.504 5.539 3.836 1.049 -0.953 0.931 3.339 0.918 -1.072 -2.657 -3.733 3.562 0.199 -1.93 -3.055 -3.826 -0.776 -2.1 -3.133 -3.749 -4.208 -2.253 -1.015 -2.567 -4.737 -5.057 -5.118 -2.713
16.053663 1.393 6.592 5.626 3.923 1.136 -0.866 1.018 3.426 1.005 -0.985 -2.569 -3.646 3.649 0.286 -1.843 -2.968 -3.739 -0.689 -2.012 -3.046 -3.662 -4.121 -2.166 -0.928 -2.48 -4.65 -4.97 -5.031 -2.626
16.539195 1.48 6.679 5.713 4.01 1.223 -0.779 1.106 3.513 1.092 -0.897 -2.482 -3.559 3.736 0.373 -1.756 -2.88 -3.651 -0.602 -1.925 -2.959 -3.575 -4.034 -2.079 -0.84 -2.392 -4.562 -4.883 -4.943 -2.539
17.039412 1.568 6.766 5.8 4.097 1.311 -0.692 1.193 3.601 1.18 -0.81 -2.395 -3.472 3.823 0.46 -1.668 -2.793 -3.564 -0.514 -1.838 -2.872 -3.487 -3.947 -1.991 -0.753 -2.305 -4.475 -4.795 -4.856 -2.452
17.554757 1.655 6.854 5.888 4.185 1.398 -0.604 1.28 3.688 1.267 -0.723 -2.307 -3.384 3.911 0.548 -1.581 -2.706 -3.477 -0.427 -1.75 -2.784 -3.4 -3.859 -1.904 -0.666 -2.218 -4.388 -4.708 -4.769 -2.364
18.085689 1.743 6.941 5.975 4.272 1.486 -0.517 1.368 3.775 1.354 -0.635 -2.22 -3.297 3.998 0.635 -1.494 -2.618 -3.389 -0.339 -1.663 -2.697 -3.313 -3.772 -1.817 -0.578 -2.13 -4.3 -4.621 -4.681 -2.277
18.632678 1.83 7.029 6.063 4.36 1.573 -0.429 1.455 3.863 1.442 -0.548 -2.132 -3.209 4.086 0.723 -1.406 -2.531 -3.302 -0.252 -1.575 -2.609 -3.225 -3.684 -1.729 -0.491 -2.043 -4.213 -4.533 -4.594 -2.189
19.196211 1.918 7.116 6.15 4.447 1.661 -0.342 1.543 3.951 1.53 -0.46 -2.045 -3.122 4.173 0.81 -1.318 -2.443 -3.214 -0.164 -1.488 -2.522 -3.137 -3.597 -1.641 -0.403 -1.955 -4.125 -4.445 -4.506 -2.102
19.776787 2.005 7.204 6.238 4.535 1.748 -0.254 1.631 4.038 1.617 -0.372 -1.957 -3.034 4.261 0.898 -1.231 -2.355 -3.126 -0.077 -1.4 -2.434 -3.05 -3.509 -1.554 -0.315 -1.867 -4.038 -4.358 -4.418 -2.014
20.374923 2.093 7.291 6.326 4.623 1.836 -0.166 1.718 4.126 1.705 -0.285 -1.869 -2.946 4.349 0.986 -1.143 -2.268 -3.039 0.011 -1.312 -2.346 -2.962 -3.421 -1.466 -0.228 -1.78 -3.95 -4.27 -4.331 -1.926
20.991149 2.181 7.379 6.413 4.711 1.924 -0.078 1.806 4.214 1.793 -0.197 -1.782 -2.859 4.436 1.073 -1.055 -2.18 -2.951 0.099 -1.225 -2.259 -2.874 -3.333 -1.378 -0.14 -1.692 -3.862 -4.182 -4.243 -1.838
21.626011 2.269 7.467 6.501 4.798 2.012 0.009 1.894 4.302 1.881 -0.109 -1.694 -2.771 4.524 1.161 -0.968 -2.092 -2.863 0.187 -1.137 -2.171 -2.786 -3.246 -1.291 -0.052 -1.604 -3.774 -4.095 -4.155 -1.751
22.280075 2.357 7.555 6.589 4.886 2.099 0.097 1.982 4.389 1.968 -0.021 -1.606 -2.683 4.612 1.249 -0.88 -2.004 -2.775 0.274 -1.049 -2.083 -2.699 -3.158 -1.203 0.036 -1.516 -3.686 -4.007 -4.067 -1.663
22.953921 2.444 7.643 6.677 4.974 2.187 0.185 2.07 4.477 2.056 0.067 -1.518 -2.595 4.7 1.337 -0.792 -1.916 -2.687 0.362 -0.961 -1.995 -2.611 -3.07 -1.115 0.124 -1.428 -3.598 -3.919 -3.979 -1.575
23.648147 2.533 7.731 6.765 5.062 2.275 0.273 2.158 4.565 2.144 0.155 -1.43 -2.507 4.788 1.425 -0.704 -1.828 -2.599 0.45 -0.873 -1.907 -2.523 -2.982 -1.027 0.212 -1.34 -3.51 -3.831 -3.891 -1.487
24.363369 2.621 7.819 6.853 5.15 2.363 0.361 2.246 4.653 2.232 0.243 -1.342 -2.419 4.876 1.513 -0.616 -1.74 -2.511 0.538 -0.785 -1.819 -2.435 -2.894 -0.939 0.3 -1.252 -3.422 -3.743 -3.803 -1.399
25.100222 2.709 7.907 6.941 5.238 2.452 0.449 2.334 4.742 2.321 0.331 -1.254 -2.331 4.964 1.601 -0.527 -1.652 -2.423 0.627 -0.697 -1.731 -2.346 -2.806 -0.851 0.388 -1.164 -3.334 -3.654 -3.715 -1.311
25.859362 2.797 7.995 7.029 5.327 2.54 0.538 2.422 4.83 2.409 0.419 -1.166 -2.243 5.052 1.689 -0.439 -1.564 -2.335 0.715 -0.609 -1.643 -2.258 -2.717 -0.762 0.476 -1.076 -3.246 -3.566 -3.627 -1.222
26.64146 2.885 8.084 7.118 5.415 2.628 0.626 2.51 4.918 2.497 0.507 -1.077 -2.154 5.141 1.778 -0.351 -1.476 -2.247 0.803 -0.52 -1.554 -2.17 -2.629 -0.674 0.564 -0.988 -3.158 -3.478 -3.539 -1.134
27.447213 2.973 8.172 7.206 5.503 2.716 0.714 2.599 5.006 2.585 0.596 -0.989 -2.066 5.229 1.866 -0.263 -1.387 -2.158 0.891 -0.432 -1.466 -2.082 -2.541 -0.586 0.653 -0.899 -3.07 -3.39 -3.45 -1.046
28.277335 3.062 8.26 7.294 5.591 2.805 0.802 2.687 5.095 2.674 0.684 -0.901 -1.978 5.317 1.954 -0.174 -1.299 -2.07 0.98 -0.344 -1.378 -1.993 -2.453 -0.497 0.741 -0.811 -2.981 -3.301 -3.362 -0.958
29.132564 3.15 8.349 7.383 5.68 2.893 0.891 2.775 5.183 2.762 0.772 -0.812 -1.889 5.406 2.043 -0.086 -1.211 -1.982 1.068 -0.255 -1.289 -1.905 -2.364 -0.409 0.829 -0.723 -2.893 -3.213 -3.274 -0.869
30.013659 3.239 8.437 7.471 5.768 2.981 0.979 2.864 5.271 2.85 0.861 -0.724 -1.801 5.494 2.131 0.002 -1.122 -1.893 1.156 -0.167 -1.201 -1.817 -2.276 -0.321 0.918 -0.634 -2.804 -3.125 -3.185 -0.781
30.921401 3.327 8.525 7.56 5.857 3.07 1.068 2.952 5.36 2.939 0.949 -0.636 -1.712 5.583 2.22 0.091 -1.034 -1.805 1.245 -0.079 -1.112 -1.728 -2.187 -0.232 1.006 -0.546 -2.716 -3.036 -3.097 -0.692
31.856598 3.416 8.614 7.648 5.945 3.158 1.156 3.041 5.448 3.027 1.038 -0.547 -1.624 5.671 2.308 0.179 -0.945 -1.716 1.333 0.01 -1.024 -1.64 -2.099 -0.144 1.095 -0.457 -2.627 -2.948 -3.008 -0.604
32.820079 3.504 8.703 7.737 6.034 3.247 1.245 3.129 5.537 3.116 1.126 -0.458 -1.535 5.76 2.397 0.268 -0.857 -1.628 1.422 0.099 -0.935 -1.551 -2.01 -0.055 1.183 -0.369 -2.539 -2.859 -2.92 -0.515
33.8127 3.593 8.791 7.825 6.123 3.336 1.334 3.218 5.626 3.205 1.215 -0.37 -1.447 5.848 2.485 0.357 -0.768 -1.539 1.511 0.187 -0.847 -1.462 -1.922 0.034 1.272 -0.28 -2.45 -2.77 -2.831 -0.427
34.835342 3.681 8.88 7.914 6.211 3.424 1.422 3.307 5.714 3.293 1.304 -0.281 -1.358 5.937 2.574 0.445 -0.679 -1.45 1.599 0.276 -0.758 -1.374 -1.833 0.122 1.361 -0.191 -2.361 -2.682 -2.742 -0.338
35.888913 3.77 8.969 8.003 6.3 3.513 1.511 3.395 5.803 3.382 1.393 -0.192 -1.269 6.026 2.663 0.534 -0.591 -1.361 1.688 0.365 -0.669 -1.285 -1.744 0.211 1.449 -0.103 -2.273 -2.593 -2.654 -0.249
36.974349 3.859 9.057 8.092 6.389 3.602 1.6 3.484 5.892 3.471 1.481 -0.104 -1.18 6.115 2.752 0.623 -0.502 -1.273 1.777 0.453 -0.58 -1.196 -1.655 0.3 1.538 -0.014 -2.184 -2.504 -2.565 -0.16
38.092613 3.948 9.146 8.18 6.478 3.691 1.689 3.573 5.981 3.56 1.57 -0.015 -1.092 6.203 2.84 0.712 -0.413 -1.184 1.866 0.542 -0.492 -1.107 -1.567 0.389 1.627 0.075 -2.095 -2.415 -2.476 -0.071
39.244698 4.037 9.235 8.269 6.566 3.78 1.777 3.662 6.07 3.649 1.659 0.074 -1.003 6.292 2.929 0.8 -0.324 -1.095 1.955 0.631 -0.403 -1.018 -1.478 0.477 1.716 0.164 -2.006 -2.326 -2.387 0.017
