web/models/kne.last_good/8/villar_0.0630_0.4060_10.0000.dat
# %ECSV 1.0
# ---
# datatype:
# - {name: time, datatype: float64}
# - {name: swift_uvot_uvw2, datatype: float64}
# - {name: swift_uvot_uvm2, datatype: float64}
# - {name: swift_uvot_uvw1, datatype: float64}
# - {name: swift_uvot_U, datatype: float64}
# - {name: swift_uvot_B, datatype: float64}
# - {name: swift_uvot_V, datatype: float64}
# - {name: swift_uvot_W, datatype: float64}
# - {name: johnson_U, datatype: float64}
# - {name: johnson_B, datatype: float64}
# - {name: johnson_V, datatype: float64}
# - {name: johnson_R, datatype: float64}
# - {name: johnson_I, datatype: float64}
# - {name: sdss_u, datatype: float64}
# - {name: sdss_g, datatype: float64}
# - {name: sdss_r, datatype: float64}
# - {name: sdss_i, datatype: float64}
# - {name: sdss_z, datatype: float64}
# - {name: PS1_g, datatype: float64}
# - {name: PS1_r, datatype: float64}
# - {name: PS1_i, datatype: float64}
# - {name: PS1_z, datatype: float64}
# - {name: PS1_Y, datatype: float64}
# - {name: PS1_w, datatype: float64}
# - {name: ATLAS_c, datatype: float64}
# - {name: ATLAS_o, datatype: float64}
# - {name: ukirt_J, datatype: float64}
# - {name: ukirt_H, datatype: float64}
# - {name: ukirt_K, datatype: float64}
# - {name: Clear, datatype: float64}
# meta: !!omap
# - comment: [kappa = 10.0, type = villar, mass = 0.06299605249512866, velocity = 0.406, theta_obs = 0.0, tfloor = 2500.0]
# schema: astropy-2.0
time swift_uvot_uvw2 swift_uvot_uvm2 swift_uvot_uvw1 swift_uvot_U swift_uvot_B swift_uvot_V swift_uvot_W johnson_U johnson_B johnson_V johnson_R johnson_I sdss_u sdss_g sdss_r sdss_i sdss_z PS1_g PS1_r PS1_i PS1_z PS1_Y PS1_w ATLAS_c ATLAS_o ukirt_J ukirt_H ukirt_K Clear
[from data line 203]
0.423513 -16.335 -16.576 -16.787 -17.115 -17.135 -17.035 -16.84 -17.127 -17.132 -17.028 -16.833 -16.553 -17.127 -17.109 -16.933 -16.733 -16.511 -17.109 -16.942 -16.743 -16.579 -16.499 -16.928 -17.045 -16.848 -16.004 -15.548 -14.992 -16.946
0.436321 -16.241 -16.493 -16.722 -17.08 -17.117 -17.03 -16.793 -17.095 -17.115 -17.024 -16.837 -16.565 -17.095 -17.096 -16.934 -16.742 -16.525 -17.097 -16.943 -16.751 -16.59 -16.511 -16.926 -17.038 -16.852 -16.025 -15.573 -15.02 -16.942
0.449518 -16.142 -16.407 -16.654 -17.043 -17.098 -17.024 -16.745 -17.061 -17.096 -17.018 -16.841 -16.577 -17.061 -17.082 -16.933 -16.749 -16.537 -17.084 -16.943 -16.758 -16.601 -16.523 -16.924 -17.029 -16.855 -16.045 -15.597 -15.048 -16.937
0.463113 -16.04 -16.317 -16.583 -17.003 -17.077 -17.016 -16.695 -17.025 -17.074 -17.011 -16.843 -16.588 -17.024 -17.065 -16.932 -16.755 -16.549 -17.07 -16.941 -16.764 -16.611 -16.535 -16.92 -17.019 -16.857 -16.065 -15.621 -15.075 -16.931
0.47712 -15.933 -16.222 -16.508 -16.961 -17.053 -17.007 -16.643 -16.986 -17.051 -17.002 -16.844 -16.597 -16.984 -17.047 -16.929 -16.76 -16.56 -17.053 -16.938 -16.769 -16.621 -16.545 -16.915 -17.008 -16.858 -16.084 -15.644 -15.102 -16.923
0.49155 -15.823 -16.123 -16.43 -16.916 -17.028 -16.997 -16.589 -16.945 -17.026 -16.991 -16.844 -16.606 -16.942 -17.027 -16.925 -16.765 -16.57 -17.035 -16.934 -16.773 -16.629 -16.555 -16.908 -16.994 -16.857 -16.102 -15.667 -15.128 -16.914
0.506416 -15.708 -16.02 -16.348 -16.869 -17.0 -16.984 -16.533 -16.9 -16.999 -16.979 -16.843 -16.614 -16.897 -17.005 -16.92 -16.768 -16.58 -17.015 -16.928 -16.776 -16.637 -16.565 -16.9 -16.979 -16.855 -16.12 -15.69 -15.155 -16.904
0.521733 -15.589 -15.912 -16.262 -16.818 -16.971 -16.97 -16.475 -16.853 -16.969 -16.966 -16.84 -16.621 -16.849 -16.98 -16.913 -16.77 -16.588 -16.993 -16.921 -16.778 -16.644 -16.573 -16.89 -16.963 -16.852 -16.137 -15.712 -15.181 -16.892
0.537512 -15.466 -15.8 -16.173 -16.764 -16.938 -16.954 -16.415 -16.803 -16.937 -16.95 -16.836 -16.627 -16.798 -16.954 -16.904 -16.77 -16.595 -16.969 -16.912 -16.778 -16.649 -16.581 -16.879 -16.944 -16.847 -16.154 -15.733 -15.206 -16.879
0.553769 -15.338 -15.682 -16.08 -16.707 -16.904 -16.937 -16.353 -16.75 -16.903 -16.933 -16.831 -16.632 -16.744 -16.926 -16.894 -16.77 -16.602 -16.943 -16.902 -16.778 -16.654 -16.588 -16.867 -16.924 -16.841 -16.17 -15.755 -15.232 -16.864
0.570517 -15.206 -15.56 -15.983 -16.647 -16.867 -16.917 -16.289 -16.694 -16.866 -16.914 -16.825 -16.636 -16.687 -16.895 -16.883 -16.768 -16.607 -16.914 -16.891 -16.776 -16.658 -16.594 -16.853 -16.901 -16.834 -16.185 -15.775 -15.257 -16.847
0.587772 -15.07 -15.432 -15.881 -16.584 -16.827 -16.896 -16.223 -16.635 -16.827 -16.893 -16.816 -16.639 -16.627 -16.862 -16.869 -16.765 -16.611 -16.884 -16.877 -16.773 -16.661 -16.6 -16.837 -16.877 -16.825 -16.2 -15.795 -15.281 -16.829
0.605549 -14.929 -15.3 -15.776 -16.517 -16.785 -16.872 -16.155 -16.573 -16.785 -16.869 -16.807 -16.64 -16.563 -16.826 -16.854 -16.761 -16.614 -16.851 -16.862 -16.768 -16.662 -16.604 -16.82 -16.85 -16.814 -16.214 -15.815 -15.305 -16.809
0.623863 -14.784 -15.161 -15.666 -16.446 -16.74 -16.846 -16.085 -16.507 -16.74 -16.844 -16.795 -16.641 -16.496 -16.789 -16.837 -16.755 -16.616 -16.816 -16.845 -16.763 -16.663 -16.608 -16.8 -16.822 -16.802 -16.227 -15.834 -15.329 -16.787
0.642731 -14.634 -15.018 -15.552 -16.372 -16.692 -16.818 -16.012 -16.437 -16.693 -16.817 -16.783 -16.64 -16.426 -16.748 -16.819 -16.748 -16.617 -16.778 -16.827 -16.755 -16.662 -16.611 -16.779 -16.791 -16.788 -16.24 -15.853 -15.353 -16.764
0.66217 -14.479 -14.868 -15.433 -16.294 -16.641 -16.788 -15.938 -16.364 -16.642 -16.787 -16.768 -16.638 -16.351 -16.705 -16.798 -16.739 -16.617 -16.738 -16.806 -16.747 -16.66 -16.612 -16.756 -16.758 -16.773 -16.251 -15.871 -15.376 -16.739
0.682197 -14.321 -14.713 -15.31 -16.212 -16.588 -16.756 -15.861 -16.287 -16.589 -16.755 -16.752 -16.635 -16.273 -16.659 -16.775 -16.728 -16.616 -16.695 -16.783 -16.736 -16.657 -16.613 -16.732 -16.723 -16.756 -16.262 -15.888 -15.399 -16.712
0.70283 -14.158 -14.552 -15.182 -16.127 -16.531 -16.721 -15.782 -16.207 -16.532 -16.721 -16.734 -16.63 -16.191 -16.61 -16.751 -16.716 -16.613 -16.65 -16.759 -16.725 -16.652 -16.612 -16.705 -16.685 -16.736 -16.272 -15.905 -15.421 -16.683
0.724086 -13.99 -14.384 -15.05 -16.037 -16.471 -16.684 -15.7 -16.122 -16.473 -16.684 -16.714 -16.624 -16.105 -16.558 -16.724 -16.703 -16.609 -16.602 -16.732 -16.711 -16.646 -16.611 -16.676 -16.645 -16.715 -16.281 -15.921 -15.443 -16.652
0.745986 -13.819 -14.21 -14.912 -15.943 -16.407 -16.644 -15.617 -16.033 -16.41 -16.645 -16.692 -16.617 -16.014 -16.504 -16.695 -16.687 -16.603 -16.551 -16.703 -16.696 -16.639 -16.608 -16.646 -16.602 -16.692 -16.29 -15.937 -15.464 -16.619
0.768548 -13.644 -14.03 -14.77 -15.844 -16.34 -16.601 -15.531 -15.94 -16.343 -16.603 -16.668 -16.608 -15.92 -16.446 -16.664 -16.67 -16.596 -16.497 -16.672 -16.679 -16.631 -16.604 -16.613 -16.556 -16.668 -16.297 -15.952 -15.485 -16.584
0.791792 -13.465 -13.843 -14.623 -15.741 -16.27 -16.556 -15.442 -15.843 -16.274 -16.558 -16.642 -16.597 -15.821 -16.385 -16.63 -16.651 -16.588 -16.439 -16.639 -16.66 -16.62 -16.599 -16.578 -16.508 -16.64 -16.303 -15.966 -15.506 -16.547
0.815739 -13.283 -13.649 -14.47 -15.633 -16.196 -16.507 -15.351 -15.741 -16.2 -16.511 -16.614 -16.585 -15.717 -16.321 -16.594 -16.63 -16.578 -16.379 -16.603 -16.64 -16.609 -16.592 -16.54 -16.457 -16.611 -16.309 -15.98 -15.526 -16.508
0.840411 -13.099 -13.448 -14.312 -15.521 -16.118 -16.456 -15.258 -15.635 -16.123 -16.461 -16.584 -16.572 -15.609 -16.253 -16.555 -16.607 -16.566 -16.316 -16.565 -16.617 -16.595 -16.584 -16.501 -16.403 -16.58 -16.313 -15.993 -15.546 -16.467
0.865828 -12.912 -13.241 -14.149 -15.403 -16.036 -16.402 -15.162 -15.524 -16.042 -16.407 -16.552 -16.557 -15.496 -16.182 -16.514 -16.582 -16.553 -16.249 -16.524 -16.593 -16.58 -16.575 -16.459 -16.346 -16.546 -16.317 -16.005 -15.565 -16.424
0.892015 -12.723 -13.025 -13.981 -15.281 -15.951 -16.345 -15.064 -15.408 -15.957 -16.351 -16.517 -16.54 -15.378 -16.107 -16.47 -16.555 -16.538 -16.179 -16.481 -16.566 -16.564 -16.564 -16.415 -16.286 -16.51 -16.319 -16.016 -15.584 -16.378
0.918993 -12.533 -12.803 -13.807 -15.153 -15.861 -16.284 -14.963 -15.287 -15.869 -16.291 -16.48 -16.521 -15.254 -16.029 -16.424 -16.526 -16.522 -16.106 -16.435 -16.538 -16.545 -16.552 -16.368 -16.223 -16.472 -16.32 -16.027 -15.602 -16.33
0.946787 -12.344 -12.573 -13.628 -15.021 -15.767 -16.22 -14.859 -15.161 -15.776 -16.229 -16.44 -16.5 -15.126 -15.946 -16.375 -16.495 -16.503 -16.028 -16.386 -16.507 -16.525 -16.538 -16.319 -16.157 -16.431 -16.32 -16.037 -15.62 -16.28
0.975422 -12.155 -12.335 -13.444 -14.882 -15.669 -16.153 -14.753 -15.03 -15.678 -16.163 -16.398 -16.478 -14.992 -15.86 -16.322 -16.461 -16.483 -15.948 -16.335 -16.474 -16.503 -16.523 -16.267 -16.088 -16.388 -16.319 -16.046 -15.637 -16.228
1.004923 -11.968 -12.089 -13.254 -14.738 -15.567 -16.082 -14.644 -14.893 -15.577 -16.093 -16.354 -16.453 -14.853 -15.77 -16.267 -16.425 -16.461 -15.863 -16.28 -16.438 -16.479 -16.506 -16.212 -16.015 -16.341 -16.317 -16.054 -15.654 -16.173
1.035317 -11.784 -11.834 -13.058 -14.589 -15.459 -16.008 -14.532 -14.751 -15.471 -16.02 -16.307 -16.427 -14.708 -15.676 -16.209 -16.387 -16.437 -15.775 -16.222 -16.4 -16.452 -16.488 -16.155 -15.938 -16.293 -16.314 -16.062 -15.67 -16.116
1.066629 -11.605 -11.572 -12.857 -14.433 -15.348 -15.93 -14.417 -14.604 -15.36 -15.943 -16.257 -16.398 -14.557 -15.577 -16.147 -16.346 -16.411 -15.682 -16.162 -16.36 -16.424 -16.467 -16.095 -15.859 -16.241 -16.309 -16.069 -15.685 -16.057
1.098888 -11.431 -11.301 -12.651 -14.272 -15.231 -15.848 -14.299 -14.45 -15.245 -15.863 -16.204 -16.367 -14.401 -15.474 -16.082 -16.302 -16.383 -15.586 -16.098 -16.317 -16.394 -16.445 -16.032 -15.775 -16.187 -16.303 -16.074 -15.7 -15.995
1.132124 -11.265 -11.022 -12.438 -14.104 -15.11 -15.762 -14.179 -14.291 -15.125 -15.778 -16.148 -16.335 -14.238 -15.367 -16.014 -16.256 -16.353 -15.486 -16.03 -16.271 -16.361 -16.421 -15.967 -15.688 -16.129 -16.296 -16.079 -15.715 -15.93
1.166364 -11.108 -10.734 -12.221 -13.93 -14.983 -15.672 -14.055 -14.125 -15.0 -15.69 -16.09 -16.3 -14.069 -15.255 -15.942 -16.207 -16.321 -15.381 -15.96 -16.223 -16.327 -16.395 -15.898 -15.597 -16.069 -16.287 -16.083 -15.728 -15.863
1.20164 -10.959 -10.437 -11.998 -13.75 -14.851 -15.578 -13.928 -13.953 -14.87 -15.598 -16.028 -16.262 -13.893 -15.139 -15.867 -16.155 -16.286 -15.272 -15.886 -16.172 -16.29 -16.367 -15.827 -15.502 -16.006 -16.277 -16.086 -15.742 -15.794
1.237983 -10.821 -10.132 -11.77 -13.563 -14.714 -15.48 -13.798 -13.775 -14.735 -15.501 -15.964 -16.222 -13.711 -15.017 -15.788 -16.1 -16.249 -15.159 -15.808 -16.118 -16.25 -16.337 -15.752 -15.403 -15.939 -16.265 -16.088 -15.754 -15.722
1.275425 -10.694 -9.818 -11.536 -13.369 -14.572 -15.377 -13.666 -13.59 -14.595 -15.401 -15.896 -16.18 -13.522 -14.891 -15.706 -16.042 -16.21 -15.042 -15.727 -16.061 -16.208 -16.306 -15.674 -15.3 -15.869 -16.252 -16.088 -15.766 -15.648
1.313999 -10.577 -9.495 -11.297 -13.168 -14.424 -15.27 -13.529 -13.399 -14.449 -15.296 -15.825 -16.135 -13.327 -14.76 -15.619 -15.981 -16.168 -14.92 -15.642 -16.002 -16.164 -16.272 -15.593 -15.193 -15.796 -16.237 -16.088 -15.778 -15.571
1.35374 -10.471 -9.164 -11.054 -12.96 -14.27 -15.158 -13.39 -13.2 -14.297 -15.186 -15.75 -16.088 -13.124 -14.624 -15.529 -15.917 -16.123 -14.794 -15.554 -15.939 -16.117 -16.235 -15.509 -15.082 -15.72 -16.221 -16.087 -15.788 -15.492
1.394683 -10.375 -8.824 -10.805 -12.745 -14.111 -15.041 -13.247 -12.995 -14.14 -15.072 -15.672 -16.038 -12.914 -14.482 -15.434 -15.85 -16.077 -14.663 -15.461 -15.873 -16.067 -16.197 -15.422 -14.966 -15.64 -16.203 -16.085 -15.798 -15.41
1.436864 -10.289 -8.477 -10.551 -12.522 -13.945 -14.92 -13.101 -12.782 -13.977 -14.953 -15.591 -15.986 -12.696 -14.335 -15.335 -15.779 -16.027 -14.528 -15.364 -15.803 -16.014 -16.156 -15.331 -14.846 -15.556 -16.183 -16.081 -15.808 -15.326
1.480321 -10.211 -8.123 -10.293 -12.291 -13.774 -14.794 -12.951 -12.562 -13.809 -14.829 -15.506 -15.93 -12.471 -14.182 -15.232 -15.705 -15.974 -14.388 -15.264 -15.73 -15.959 -16.113 -15.236 -14.721 -15.469 -16.162 -16.077 -15.816 -15.239
1.525092 -10.141 -7.764 -10.031 -12.053 -13.596 -14.662 -12.798 -12.335 -13.634 -14.7 -15.417 -15.872 -12.238 -14.024 -15.125 -15.627 -15.919 -14.243 -15.159 -15.654 -15.901 -16.067 -15.138 -14.592 -15.378 -16.138 -16.071 -15.824 -15.15
1.571218 -10.077 -7.402 -9.763 -11.807 -13.412 -14.525 -12.641 -12.099 -13.453 -14.567 -15.325 -15.811 -11.998 -13.86 -15.013 -15.546 -15.861 -14.094 -15.05 -15.575 -15.839 -16.019 -15.037 -14.458 -15.283 -16.113 -16.064 -15.831 -15.058
1.618738 -10.018 -7.038 -9.492 -11.552 -13.221 -14.383 -12.481 -11.856 -13.265 -14.428 -15.229 -15.747 -11.749 -13.69 -14.897 -15.461 -15.8 -13.941 -14.937 -15.491 -15.775 -15.968 -14.932 -14.319 -15.184 -16.086 -16.055 -15.838 -14.965
1.667696 -9.964 -6.678 -9.217 -11.29 -13.023 -14.235 -12.317 -11.604 -13.071 -14.283 -15.128 -15.679 -11.491 -13.514 -14.775 -15.372 -15.736 -13.784 -14.819 -15.404 -15.707 -15.915 -14.823 -14.175 -15.081 -16.057 -16.046 -15.843 -14.868
1.718134 -9.914 -6.327 -8.938 -11.018 -12.819 -14.082 -12.149 -11.345 -12.871 -14.134 -15.024 -15.609 -11.225 -13.332 -14.649 -15.279 -15.668 -13.622 -14.697 -15.313 -15.637 -15.859 -14.71 -14.026 -14.974 -16.026 -16.035 -15.848 -14.77
1.770098 -9.867 -5.99 -8.654 -10.738 -12.607 -13.923 -11.978 -11.076 -12.664 -13.978 -14.916 -15.535 -10.95 -13.143 -14.518 -15.183 -15.597 -13.457 -14.57 -15.219 -15.562 -15.8 -14.593 -13.872 -14.863 -15.993 -16.023 -15.852 -14.67
1.823633 -9.822 -5.675 -8.367 -10.448 -12.389 -13.758 -11.803 -10.799 -12.449 -13.817 -14.803 -15.458 -10.666 -12.948 -14.382 -15.082 -15.523 -13.288 -14.439 -15.12 -15.485 -15.738 -14.472 -13.713 -14.748 -15.958 -16.009 -15.856 -14.567
1.878788 -9.779 -5.389 -8.077 -10.149 -12.162 -13.587 -11.624 -10.513 -12.228 -13.65 -14.686 -15.378 -10.373 -12.746 -14.241 -14.976 -15.446 -13.115 -14.303 -15.017 -15.404 -15.674 -14.347 -13.548 -14.628 -15.921 -15.994 -15.858 -14.462
1.93561 -9.737 -5.138 -7.782 -9.841 -11.929 -13.409 -11.441 -10.218 -11.999 -13.477 -14.565 -15.294 -10.07 -12.538 -14.094 -14.867 -15.365 -12.941 -14.162 -14.91 -15.319 -15.606 -14.218 -13.377 -14.504 -15.881 -15.977 -15.859 -14.356
1.994152 -9.697 -4.925 -7.484 -9.523 -11.687 -13.225 -11.254 -9.913 -11.763 -13.298 -14.439 -15.206 -9.757 -12.322 -13.941 -14.753 -15.28 -12.763 -14.017 -14.799 -15.231 -15.536 -14.085 -13.201 -14.375 -15.839 -15.959 -15.86 -14.248
2.054463 -9.657 -4.751 -7.181 -9.195 -11.437 -13.034 -11.064 -9.598 -11.52 -13.112 -14.309 -15.115 -9.435 -12.099 -13.783 -14.634 -15.192 -12.585 -13.867 -14.683 -15.139 -15.462 -13.947 -13.019 -14.241 -15.795 -15.939 -15.86 -14.139
2.116599 -9.617 -4.611 -6.875 -8.856 -11.179 -12.837 -10.87 -9.274 -11.268 -12.92 -14.173 -15.02 -9.102 -11.869 -13.619 -14.51 -15.1 -12.406 -13.712 -14.563 -15.043 -15.386 -13.805 -12.832 -14.103 -15.748 -15.918 -15.859 -14.028
2.180614 -9.578 -4.5 -6.565 -8.507 -10.913 -12.632 -10.672 -8.939 -11.009 -12.722 -14.033 -14.921 -8.758 -11.631 -13.449 -14.382 -15.003 -12.227 -13.552 -14.439 -14.943 -15.306 -13.658 -12.638 -13.959 -15.698 -15.895 -15.857 -13.916
2.246566 -9.54 -4.412 -6.25 -8.147 -10.638 -12.421 -10.471 -8.593 -10.741 -12.516 -13.888 -14.819 -8.403 -11.385 -13.273 -14.249 -14.903 -12.05 -13.388 -14.31 -14.839 -15.223 -13.506 -12.437 -13.811 -15.646 -15.87 -15.853 -13.804
2.314511 -9.501 -4.34 -5.93 -7.776 -10.354 -12.202 -10.267 -8.237 -10.465 -12.304 -13.738 -14.712 -8.038 -11.131 -13.091 -14.11 -14.799 -11.875 -13.219 -14.176 -14.731 -15.136 -13.349 -12.231 -13.657 -15.591 -15.843 -15.849 -13.691
2.384512 -9.462 -4.28 -5.605 -7.393 -10.061 -11.975 -10.059 -7.87 -10.18 -12.084 -13.583 -14.601 -7.66 -10.869 -12.902 -13.966 -14.69 -11.705 -13.046 -14.037 -14.618 -15.047 -13.187 -12.018 -13.498 -15.533 -15.815 -15.844 -13.577
2.45663 -9.423 -4.228 -5.276 -6.998 -9.758 -11.74 -9.848 -7.491 -9.886 -11.857 -13.422 -14.485 -7.271 -10.599 -12.706 -13.817 -14.577 -11.54 -12.869 -13.894 -14.502 -14.954 -13.02 -11.798 -13.333 -15.473 -15.784 -15.838 -13.464
2.530929 -9.372 -4.173 -5.139 -6.842 -9.629 -11.631 -9.746 -7.339 -9.76 -11.749 -13.334 -14.411 -7.116 -10.479 -12.608 -13.732 -14.503 -11.454 -12.777 -13.811 -14.427 -14.886 -12.931 -11.692 -13.244 -15.414 -15.735 -15.795 -13.391
2.607475 -9.315 -4.116 -5.082 -6.785 -9.572 -11.574 -9.69 -7.282 -9.703 -11.692 -13.277 -14.354 -7.059 -10.422 -12.551 -13.676 -14.446 -11.397 -12.72 -13.754 -14.37 -14.829 -12.874 -11.636 -13.188 -15.358 -15.678 -15.739 -13.334
2.686337 -9.258 -4.059 -5.025 -6.728 -9.515 -11.517 -9.633 -7.225 -9.646 -11.636 -13.22 -14.297 -7.002 -10.365 -12.494 -13.619 -14.39 -11.34 -12.663 -13.697 -14.313 -14.772 -12.817 -11.579 -13.131 -15.301 -15.621 -15.682 -13.277
2.767583 -9.201 -4.002 -4.968 -6.671 -9.458 -11.46 -9.576 -7.168 -9.589 -11.579 -13.163 -14.24 -6.945 -10.308 -12.437 -13.562 -14.333 -11.283 -12.606 -13.64 -14.256 -14.715 -12.76 -11.522 -13.074 -15.244 -15.564 -15.625 -13.22
2.851287 -9.144 -3.945 -4.911 -6.614 -9.401 -11.403 -9.519 -7.111 -9.532 -11.521 -13.106 -14.183 -6.888 -10.251 -12.38 -13.505 -14.275 -11.226 -12.549 -13.583 -14.199 -14.658 -12.703 -11.465 -13.017 -15.187 -15.507 -15.567 -13.163
2.937522 -9.087 -3.888 -4.854 -6.557 -9.344 -11.346 -9.461 -7.054 -9.475 -11.464 -13.049 -14.126 -6.831 -10.194 -12.323 -13.447 -14.218 -11.169 -12.492 -13.526 -14.142 -14.601 -12.646 -11.407 -12.959 -15.129 -15.45 -15.51 -13.106
3.026365 -9.029 -3.831 -4.797 -6.499 -9.286 -11.288 -9.404 -6.996 -9.417 -11.407 -12.992 -14.069 -6.774 -10.137 -12.265 -13.39 -14.161 -11.111 -12.435 -13.469 -14.084 -14.543 -12.588 -11.35 -12.902 -15.072 -15.392 -15.453 -13.048
