web/models/kne.last_good/8/villar_0.0630_0.3747_10.0000.dat
# %ECSV 1.0
# ---
# datatype:
# - {name: time, datatype: float64}
# - {name: swift_uvot_uvw2, datatype: float64}
# - {name: swift_uvot_uvm2, datatype: float64}
# - {name: swift_uvot_uvw1, datatype: float64}
# - {name: swift_uvot_U, datatype: float64}
# - {name: swift_uvot_B, datatype: float64}
# - {name: swift_uvot_V, datatype: float64}
# - {name: swift_uvot_W, datatype: float64}
# - {name: johnson_U, datatype: float64}
# - {name: johnson_B, datatype: float64}
# - {name: johnson_V, datatype: float64}
# - {name: johnson_R, datatype: float64}
# - {name: johnson_I, datatype: float64}
# - {name: sdss_u, datatype: float64}
# - {name: sdss_g, datatype: float64}
# - {name: sdss_r, datatype: float64}
# - {name: sdss_i, datatype: float64}
# - {name: sdss_z, datatype: float64}
# - {name: PS1_g, datatype: float64}
# - {name: PS1_r, datatype: float64}
# - {name: PS1_i, datatype: float64}
# - {name: PS1_z, datatype: float64}
# - {name: PS1_Y, datatype: float64}
# - {name: PS1_w, datatype: float64}
# - {name: ATLAS_c, datatype: float64}
# - {name: ATLAS_o, datatype: float64}
# - {name: ukirt_J, datatype: float64}
# - {name: ukirt_H, datatype: float64}
# - {name: ukirt_K, datatype: float64}
# - {name: Clear, datatype: float64}
# meta: !!omap
# - comment: [kappa = 10.0, type = villar, mass = 0.06299605249512866, velocity = 0.3746666666666667, theta_obs = 0.0, tfloor = 2500.0]
# schema: astropy-2.0
time swift_uvot_uvw2 swift_uvot_uvm2 swift_uvot_uvw1 swift_uvot_U swift_uvot_B swift_uvot_V swift_uvot_W johnson_U johnson_B johnson_V johnson_R johnson_I sdss_u sdss_g sdss_r sdss_i sdss_z PS1_g PS1_r PS1_i PS1_z PS1_Y PS1_w ATLAS_c ATLAS_o ukirt_J ukirt_H ukirt_K Clear
[from data line 343]
27.447213 -4.366 0.832 -0.133 -1.836 -4.623 -6.625 -4.741 -2.333 -4.754 -6.744 -8.328 -9.405 -2.11 -5.473 -7.602 -8.727 -9.498 -6.448 -7.771 -8.805 -9.421 -9.88 -7.925 -6.687 -8.239 -10.409 -10.729 -10.79 -8.385
28.277335 -4.296 0.903 -0.063 -1.766 -4.553 -6.555 -4.671 -2.263 -4.684 -6.673 -8.258 -9.335 -2.04 -5.403 -7.532 -8.657 -9.427 -6.378 -7.701 -8.735 -9.351 -9.81 -7.855 -6.617 -8.169 -10.339 -10.659 -10.72 -8.315
29.132564 -4.225 0.973 0.007 -1.696 -4.483 -6.485 -4.6 -2.193 -4.614 -6.603 -8.188 -9.265 -1.97 -5.333 -7.462 -8.586 -9.357 -6.308 -7.631 -8.665 -9.281 -9.74 -7.785 -6.546 -8.098 -10.268 -10.589 -10.649 -8.245
30.013659 -4.155 1.043 0.078 -1.625 -4.412 -6.414 -4.53 -2.122 -4.543 -6.533 -8.118 -9.194 -1.899 -5.262 -7.391 -8.516 -9.287 -6.237 -7.561 -8.594 -9.21 -9.669 -7.714 -6.476 -8.028 -10.198 -10.518 -10.579 -8.174
30.921401 -4.084 1.114 0.148 -1.555 -4.342 -6.344 -4.459 -2.052 -4.473 -6.462 -8.047 -9.124 -1.829 -5.192 -7.321 -8.445 -9.216 -6.167 -7.49 -8.524 -9.14 -9.599 -7.644 -6.405 -7.957 -10.127 -10.448 -10.508 -8.104
31.856598 -4.014 1.185 0.219 -1.484 -4.271 -6.273 -4.389 -1.981 -4.402 -6.391 -7.976 -9.053 -1.758 -5.121 -7.25 -8.375 -9.145 -6.096 -7.419 -8.453 -9.069 -9.528 -7.573 -6.335 -7.887 -10.057 -10.377 -10.438 -8.033
32.820079 -3.943 1.255 0.29 -1.413 -4.2 -6.202 -4.318 -1.91 -4.331 -6.321 -7.906 -8.982 -1.687 -5.05 -7.179 -8.304 -9.075 -6.025 -7.349 -8.382 -8.998 -9.457 -7.502 -6.264 -7.816 -9.986 -10.306 -10.367 -7.962
33.8127 -3.872 1.326 0.36 -1.342 -4.129 -6.131 -4.247 -1.839 -4.26 -6.25 -7.835 -8.911 -1.616 -4.979 -7.108 -8.233 -9.004 -5.954 -7.278 -8.312 -8.927 -9.386 -7.431 -6.193 -7.745 -9.915 -10.235 -10.296 -7.891
34.835342 -3.801 1.397 0.432 -1.271 -4.058 -6.06 -4.176 -1.768 -4.189 -6.179 -7.764 -8.84 -1.545 -4.908 -7.037 -8.162 -8.933 -5.883 -7.207 -8.24 -8.856 -9.315 -7.36 -6.122 -7.674 -9.844 -10.164 -10.225 -7.82
35.888913 -3.73 1.469 0.503 -1.2 -3.987 -5.989 -4.105 -1.697 -4.118 -6.108 -7.692 -8.769 -1.474 -4.837 -6.966 -8.091 -8.862 -5.812 -7.135 -8.169 -8.785 -9.244 -7.289 -6.051 -7.603 -9.773 -10.093 -10.154 -7.749
36.974349 -3.659 1.54 0.574 -1.129 -3.916 -5.918 -4.033 -1.626 -4.047 -6.036 -7.621 -8.698 -1.403 -4.766 -6.895 -8.019 -8.79 -5.741 -7.064 -8.098 -8.714 -9.173 -7.218 -5.979 -7.532 -9.702 -10.022 -10.082 -7.678
38.092613 -3.587 1.611 0.645 -1.058 -3.844 -5.847 -3.962 -1.554 -3.975 -5.965 -7.55 -8.627 -1.332 -4.695 -6.823 -7.948 -8.719 -5.669 -6.993 -8.027 -8.642 -9.102 -7.146 -5.908 -7.46 -9.63 -9.95 -10.011 -7.607
39.244698 -3.516 1.683 0.717 -0.986 -3.773 -5.775 -3.891 -1.483 -3.904 -5.894 -7.478 -8.555 -1.26 -4.623 -6.752 -7.877 -8.648 -5.598 -6.921 -7.955 -8.571 -9.03 -7.075 -5.837 -7.389 -9.559 -9.879 -9.94 -7.535
40.431627 -3.444 1.754 0.788 -0.915 -3.701 -5.704 -3.819 -1.411 -3.832 -5.822 -7.407 -8.484 -1.189 -4.552 -6.68 -7.805 -8.576 -5.526 -6.85 -7.884 -8.499 -8.959 -7.003 -5.765 -7.317 -9.487 -9.807 -9.868 -7.464
41.654454 -3.373 1.826 0.86 -0.843 -3.63 -5.632 -3.747 -1.34 -3.761 -5.75 -7.335 -8.412 -1.117 -4.48 -6.609 -7.733 -8.504 -5.455 -6.778 -7.812 -8.428 -8.887 -6.932 -5.693 -7.245 -9.415 -9.736 -9.796 -7.392
42.914265 -3.301 1.898 0.932 -0.771 -3.558 -5.56 -3.676 -1.268 -3.689 -5.678 -7.263 -8.34 -1.045 -4.408 -6.537 -7.662 -8.432 -5.383 -6.706 -7.74 -8.356 -8.815 -6.86 -5.622 -7.174 -9.344 -9.664 -9.725 -7.32
44.212178 -3.229 1.97 1.004 -0.699 -3.486 -5.488 -3.604 -1.196 -3.617 -5.607 -7.191 -8.268 -0.973 -4.336 -6.465 -7.59 -8.361 -5.311 -6.634 -7.668 -8.284 -8.743 -6.788 -5.55 -7.102 -9.272 -9.592 -9.653 -7.248
45.549345 -3.157 2.041 1.076 -0.627 -3.414 -5.416 -3.532 -1.124 -3.545 -5.535 -7.119 -8.196 -0.901 -4.264 -6.393 -7.518 -8.289 -5.239 -6.563 -7.596 -8.212 -8.671 -6.716 -5.478 -7.03 -9.2 -9.52 -9.581 -7.176
46.926954 -3.085 2.114 1.148 -0.555 -3.342 -5.344 -3.46 -1.052 -3.473 -5.463 -7.047 -8.124 -0.829 -4.192 -6.321 -7.446 -8.217 -5.167 -6.49 -7.524 -8.14 -8.599 -6.644 -5.406 -6.958 -9.128 -9.448 -9.509 -7.104
48.346227 -3.013 2.186 1.22 -0.483 -3.27 -5.272 -3.388 -0.98 -3.401 -5.39 -6.975 -8.052 -0.757 -4.12 -6.249 -7.374 -8.144 -5.095 -6.418 -7.452 -8.068 -8.527 -6.572 -5.333 -6.886 -9.056 -9.376 -9.436 -7.032
49.808426 -2.94 2.258 1.292 -0.411 -3.198 -5.2 -3.315 -0.908 -3.329 -5.318 -6.903 -7.98 -0.685 -4.048 -6.177 -7.301 -8.072 -5.023 -6.346 -7.38 -7.996 -8.455 -6.5 -5.261 -6.813 -8.983 -9.304 -9.364 -6.96
51.314848 -2.868 2.33 1.364 -0.338 -3.125 -5.127 -3.243 -0.835 -3.256 -5.246 -6.831 -7.907 -0.612 -3.975 -6.104 -7.229 -8.0 -4.95 -6.274 -7.307 -7.923 -8.382 -6.427 -5.189 -6.741 -8.911 -9.231 -9.292 -6.887
52.86683 -2.796 2.403 1.437 -0.266 -3.053 -5.055 -3.17 -0.763 -3.184 -5.173 -6.758 -7.835 -0.54 -3.903 -6.032 -7.156 -7.927 -4.878 -6.201 -7.235 -7.851 -8.31 -6.355 -5.116 -6.668 -8.839 -9.159 -9.219 -6.815
54.465752 -2.723 2.475 1.509 -0.193 -2.98 -4.982 -3.098 -0.69 -3.111 -5.101 -6.686 -7.762 -0.467 -3.83 -5.959 -7.084 -7.855 -4.805 -6.129 -7.162 -7.778 -8.237 -6.282 -5.044 -6.596 -8.766 -9.086 -9.147 -6.742
56.113031 -2.65 2.548 1.582 -0.121 -2.908 -4.91 -3.025 -0.618 -3.039 -5.028 -6.613 -7.69 -0.395 -3.758 -5.887 -7.011 -7.782 -4.733 -6.056 -7.09 -7.706 -8.165 -6.21 -4.971 -6.523 -8.693 -9.014 -9.074 -6.67
57.810132 -2.578 2.621 1.655 -0.048 -2.835 -4.837 -2.953 -0.545 -2.966 -4.955 -6.54 -7.617 -0.322 -3.685 -5.814 -6.939 -7.709 -4.66 -5.983 -7.017 -7.633 -8.092 -6.137 -4.899 -6.451 -8.621 -8.941 -9.001 -6.597
59.55856 -2.505 2.694 1.728 0.025 -2.762 -4.764 -2.88 -0.472 -2.893 -4.883 -6.467 -7.544 -0.249 -3.612 -5.741 -6.866 -7.637 -4.587 -5.91 -6.944 -7.56 -8.019 -6.064 -4.826 -6.378 -8.548 -8.868 -8.929 -6.524
61.359868 -2.432 2.766 1.801 0.098 -2.689 -4.691 -2.807 -0.399 -2.82 -4.81 -6.395 -7.471 -0.176 -3.539 -5.668 -6.793 -7.564 -4.514 -5.838 -6.871 -7.487 -7.946 -5.991 -4.753 -6.305 -8.475 -8.795 -8.856 -6.451
63.215655 -2.359 2.839 1.874 0.171 -2.616 -4.618 -2.734 -0.326 -2.747 -4.737 -6.322 -7.398 -0.103 -3.466 -5.595 -6.72 -7.491 -4.441 -5.765 -6.798 -7.414 -7.873 -5.918 -4.68 -6.232 -8.402 -8.722 -8.783 -6.378
65.127569 -2.286 2.912 1.947 0.244 -2.543 -4.545 -2.661 -0.253 -2.674 -4.664 -6.248 -7.325 -0.03 -3.393 -5.522 -6.647 -7.418 -4.368 -5.691 -6.725 -7.341 -7.8 -5.845 -4.607 -6.159 -8.329 -8.649 -8.71 -6.305
67.097308 -2.213 2.986 2.02 0.317 -2.47 -4.472 -2.588 -0.18 -2.601 -4.59 -6.175 -7.252 0.043 -3.32 -5.449 -6.574 -7.344 -4.295 -5.618 -6.652 -7.268 -7.727 -5.772 -4.534 -6.086 -8.256 -8.576 -8.637 -6.232
69.126621 -2.14 3.059 2.093 0.39 -2.397 -4.399 -2.514 -0.107 -2.528 -4.517 -6.102 -7.179 0.116 -3.247 -5.376 -6.5 -7.271 -4.222 -5.545 -6.579 -7.195 -7.654 -5.699 -4.46 -6.012 -8.182 -8.503 -8.563 -6.159
71.217308 -2.066 3.132 2.166 0.463 -2.323 -4.326 -2.441 -0.033 -2.454 -4.444 -6.029 -7.106 0.189 -3.174 -5.302 -6.427 -7.198 -4.148 -5.472 -6.506 -7.121 -7.581 -5.625 -4.387 -5.939 -8.109 -8.429 -8.49 -6.086
73.371227 -1.993 3.206 2.24 0.537 -2.25 -4.252 -2.368 0.04 -2.381 -4.371 -5.955 -7.032 0.263 -3.1 -5.229 -6.354 -7.125 -4.075 -5.398 -6.432 -7.048 -7.507 -5.552 -4.314 -5.866 -8.036 -8.356 -8.417 -6.012
75.59029 -1.919 3.279 2.313 0.61 -2.176 -4.179 -2.294 0.113 -2.308 -4.297 -5.882 -6.959 0.336 -3.027 -5.156 -6.28 -7.051 -4.002 -5.325 -6.359 -6.975 -7.434 -5.479 -4.24 -5.792 -7.962 -8.283 -8.343 -5.939
77.876467 -1.846 3.353 2.387 0.684 -2.103 -4.105 -2.221 0.187 -2.234 -4.224 -5.808 -6.885 0.41 -2.953 -5.082 -6.207 -6.978 -3.928 -5.251 -6.285 -6.901 -7.36 -5.405 -4.167 -5.719 -7.889 -8.209 -8.27 -5.865
80.231787 -1.772 3.426 2.46 0.757 -2.029 -4.032 -2.147 0.261 -2.16 -4.15 -5.735 -6.812 0.483 -2.88 -5.008 -6.133 -6.904 -3.854 -5.178 -6.212 -6.827 -7.287 -5.331 -4.093 -5.645 -7.815 -8.135 -8.196 -5.792
82.658343 -1.699 3.5 2.534 0.831 -1.956 -3.958 -2.073 0.334 -2.087 -4.076 -5.661 -6.738 0.557 -2.806 -4.935 -6.059 -6.83 -3.781 -5.104 -6.138 -6.754 -7.213 -5.258 -4.019 -5.571 -7.741 -8.062 -8.122 -5.718
85.158288 -1.625 3.574 2.608 0.905 -1.882 -3.884 -2.0 0.408 -2.013 -4.002 -5.587 -6.664 0.631 -2.732 -4.861 -5.986 -6.756 -3.707 -5.03 -6.064 -6.68 -7.139 -5.184 -3.946 -5.498 -7.668 -7.988 -8.049 -5.644
87.733843 -1.551 3.647 2.682 0.979 -1.808 -3.81 -1.926 0.482 -1.939 -3.929 -5.513 -6.59 0.705 -2.658 -4.787 -5.912 -6.683 -3.633 -4.957 -5.99 -6.606 -7.065 -5.11 -3.872 -5.424 -7.594 -7.914 -7.975 -5.57
90.387293 -1.477 3.721 2.755 1.053 -1.734 -3.736 -1.852 0.556 -1.865 -3.855 -5.44 -6.516 0.779 -2.584 -4.713 -5.838 -6.609 -3.559 -4.883 -5.916 -6.532 -6.991 -5.036 -3.798 -5.35 -7.52 -7.84 -7.901 -5.496
93.120995 -1.403 3.795 2.829 1.127 -1.66 -3.662 -1.778 0.63 -1.791 -3.781 -5.366 -6.442 0.853 -2.511 -4.639 -5.764 -6.535 -3.485 -4.809 -5.843 -6.458 -6.917 -4.962 -3.724 -5.276 -7.446 -7.766 -7.827 -5.422
95.937376 -1.329 3.869 2.904 1.201 -1.586 -3.588 -1.704 0.704 -1.717 -3.707 -5.292 -6.368 0.927 -2.436 -4.565 -5.69 -6.461 -3.411 -4.735 -5.768 -6.384 -6.843 -4.888 -3.65 -5.202 -7.372 -7.692 -7.753 -5.348
98.838937 -1.255 3.944 2.978 1.275 -1.512 -3.514 -1.63 0.778 -1.643 -3.633 -5.217 -6.294 1.001 -2.362 -4.491 -5.616 -6.387 -3.337 -4.66 -5.694 -6.31 -6.769 -4.814 -3.576 -5.128 -7.298 -7.618 -7.679 -5.274
101.828253 -1.181 4.018 3.052 1.349 -1.438 -3.44 -1.556 0.852 -1.569 -3.558 -5.143 -6.22 1.075 -2.288 -4.417 -5.542 -6.312 -3.263 -4.586 -5.62 -6.236 -6.695 -4.74 -3.502 -5.054 -7.224 -7.544 -7.605 -5.2
104.907979 -1.107 4.092 3.126 1.423 -1.364 -3.366 -1.481 0.926 -1.495 -3.484 -5.069 -6.146 1.149 -2.214 -4.343 -5.467 -6.238 -3.189 -4.512 -5.546 -6.162 -6.621 -4.666 -3.427 -4.979 -7.149 -7.47 -7.53 -5.126
108.080849 -1.032 4.166 3.2 1.498 -1.289 -3.291 -1.407 1.001 -1.42 -3.41 -4.995 -6.072 1.223 -2.14 -4.268 -5.393 -6.164 -3.114 -4.438 -5.472 -6.087 -6.547 -4.591 -3.353 -4.905 -7.075 -7.395 -7.456 -5.051
111.349681 -0.958 4.241 3.275 1.572 -1.215 -3.217 -1.333 1.075 -1.346 -3.335 -4.92 -5.997 1.298 -2.065 -4.194 -5.319 -6.089 -3.04 -4.363 -5.397 -6.013 -6.472 -4.517 -3.279 -4.831 -7.001 -7.321 -7.382 -4.977
114.717376 -0.883 4.315 3.349 1.646 -1.14 -3.143 -1.258 1.15 -1.271 -3.261 -4.846 -5.923 1.372 -1.991 -4.12 -5.244 -6.015 -2.965 -4.289 -5.323 -5.939 -6.398 -4.443 -3.204 -4.756 -6.926 -7.247 -7.307 -4.903
118.186925 -0.809 4.39 3.424 1.721 -1.066 -3.068 -1.184 1.224 -1.197 -3.187 -4.771 -5.848 1.447 -1.916 -4.045 -5.17 -5.941 -2.891 -4.214 -5.248 -5.864 -6.323 -4.368 -3.13 -4.682 -6.852 -7.172 -7.233 -4.828
121.761408 -0.734 4.464 3.498 1.795 -0.991 -2.994 -1.109 1.299 -1.122 -3.112 -4.697 -5.774 1.521 -1.842 -3.97 -5.095 -5.866 -2.816 -4.14 -5.174 -5.789 -6.249 -4.294 -3.055 -4.607 -6.777 -7.097 -7.158 -4.754
125.443999 -0.66 4.539 3.573 1.87 -0.917 -2.919 -1.034 1.373 -1.048 -3.037 -4.622 -5.699 1.596 -1.767 -3.896 -5.021 -5.791 -2.742 -4.065 -5.099 -5.715 -6.174 -4.219 -2.98 -4.533 -6.703 -7.023 -7.083 -4.679
129.237967 -0.585 4.613 3.648 1.945 -0.842 -2.844 -0.96 1.448 -0.973 -2.963 -4.548 -5.624 1.671 -1.692 -3.821 -4.946 -5.717 -2.667 -3.991 -5.024 -5.64 -6.099 -4.144 -2.906 -4.458 -6.628 -6.948 -7.009 -4.604
133.146681 -0.51 4.688 3.722 2.019 -0.767 -2.77 -0.885 1.523 -0.898 -2.888 -4.473 -5.55 1.745 -1.618 -3.746 -4.871 -5.642 -2.592 -3.916 -4.95 -5.565 -6.025 -4.069 -2.831 -4.383 -6.553 -6.873 -6.934 -4.53
137.173612 -0.435 4.763 3.797 2.094 -0.693 -2.695 -0.81 1.597 -0.824 -2.813 -4.398 -5.475 1.82 -1.543 -3.672 -4.796 -5.567 -2.518 -3.841 -4.875 -5.491 -5.95 -3.995 -2.756 -4.308 -6.478 -6.799 -6.859 -4.455
141.322334 -0.361 4.838 3.872 2.169 -0.618 -2.62 -0.735 1.672 -0.749 -2.738 -4.323 -5.4 1.895 -1.468 -3.597 -4.721 -5.492 -2.443 -3.766 -4.8 -5.416 -5.875 -3.92 -2.681 -4.233 -6.403 -6.724 -6.784 -4.38
145.596532 -0.286 4.913 3.947 2.244 -0.543 -2.545 -0.66 1.747 -0.674 -2.663 -4.248 -5.325 1.97 -1.393 -3.522 -4.647 -5.417 -2.368 -3.691 -4.725 -5.341 -5.8 -3.845 -2.606 -4.159 -6.329 -6.649 -6.709 -4.305
150.0 -0.211 4.988 4.022 2.319 -0.468 -2.47 -0.586 1.822 -0.599 -2.588 -4.173 -5.25 2.045 -1.318 -3.447 -4.572 -5.342 -2.293 -3.616 -4.65 -5.266 -5.725 -3.77 -2.531 -4.084 -6.254 -6.574 -6.634 -4.23
