web/models/kne.last_good/kappa_0.5_3.0.v1/16/villar_0.2686_0.3590_0.5000.dat
# %ECSV 1.0
# ---
# datatype:
# - {name: time, datatype: float64}
# - {name: swift_uvot_uvw2, datatype: float64}
# - {name: swift_uvot_uvm2, datatype: float64}
# - {name: swift_uvot_uvw1, datatype: float64}
# - {name: swift_uvot_U, datatype: float64}
# - {name: swift_uvot_B, datatype: float64}
# - {name: swift_uvot_V, datatype: float64}
# - {name: swift_uvot_W, datatype: float64}
# - {name: johnson_U, datatype: float64}
# - {name: johnson_B, datatype: float64}
# - {name: johnson_V, datatype: float64}
# - {name: johnson_R, datatype: float64}
# - {name: johnson_I, datatype: float64}
# - {name: sdss_u, datatype: float64}
# - {name: sdss_g, datatype: float64}
# - {name: sdss_r, datatype: float64}
# - {name: sdss_i, datatype: float64}
# - {name: sdss_z, datatype: float64}
# - {name: PS1_g, datatype: float64}
# - {name: PS1_r, datatype: float64}
# - {name: PS1_i, datatype: float64}
# - {name: PS1_z, datatype: float64}
# - {name: PS1_Y, datatype: float64}
# - {name: PS1_w, datatype: float64}
# - {name: ATLAS_c, datatype: float64}
# - {name: ATLAS_o, datatype: float64}
# - {name: ukirt_J, datatype: float64}
# - {name: ukirt_H, datatype: float64}
# - {name: ukirt_K, datatype: float64}
# - {name: Clear, datatype: float64}
# meta: !!omap
# - comment: [kappa = 0.5, type = villar, mass = 0.2685795883840597, velocity = 0.359, theta_obs = 0.0]
# schema: astropy-2.0
time swift_uvot_uvw2 swift_uvot_uvm2 swift_uvot_uvw1 swift_uvot_U swift_uvot_B swift_uvot_V swift_uvot_W johnson_U johnson_B johnson_V johnson_R johnson_I sdss_u sdss_g sdss_r sdss_i sdss_z PS1_g PS1_r PS1_i PS1_z PS1_Y PS1_w ATLAS_c ATLAS_o ukirt_J ukirt_H ukirt_K Clear
[from data line 278]
3.957158 -11.258 -7.482 -10.162 -12.246 -14.105 -15.413 -13.468 -12.583 -14.161 -15.468 -16.399 -17.013 -12.457 -14.638 -16.005 -16.664 -17.075 -14.939 -16.053 -16.698 -17.039 -17.269 -16.077 -15.362 -16.347 -17.465 -17.492 -17.319 -16.136
4.07684 -11.2 -7.144 -9.865 -11.947 -13.878 -15.24 -13.284 -12.296 -13.938 -15.299 -16.278 -16.928 -12.164 -14.434 -15.86 -16.555 -16.993 -14.759 -15.913 -16.591 -16.953 -17.199 -15.948 -15.194 -16.223 -17.423 -17.471 -17.315 -16.023
4.200141 -11.139 -6.82 -9.551 -11.625 -13.632 -15.051 -13.087 -11.988 -13.697 -15.114 -16.146 -16.834 -11.848 -14.214 -15.702 -16.435 -16.902 -14.567 -15.761 -16.474 -16.859 -17.121 -15.808 -15.012 -16.088 -17.374 -17.445 -17.307 -15.902
4.327172 -11.076 -6.52 -9.219 -11.278 -13.366 -14.846 -12.875 -11.655 -13.437 -14.914 -16.002 -16.73 -11.507 -13.975 -15.53 -16.303 -16.801 -14.362 -15.595 -16.344 -16.754 -17.034 -15.655 -14.814 -15.94 -17.317 -17.413 -17.296 -15.771
4.458044 -11.008 -6.254 -8.868 -10.904 -13.077 -14.622 -12.649 -11.296 -13.155 -14.696 -15.843 -16.615 -11.139 -13.716 -15.342 -16.158 -16.689 -14.143 -15.414 -16.202 -16.637 -16.938 -15.488 -14.6 -15.779 -17.253 -17.376 -17.279 -15.63
4.592874 -10.935 -6.024 -8.495 -10.5 -12.765 -14.379 -12.406 -10.908 -12.849 -14.458 -15.67 -16.488 -10.742 -13.435 -15.137 -15.999 -16.565 -13.91 -15.217 -16.046 -16.509 -16.83 -15.307 -14.367 -15.602 -17.181 -17.332 -17.258 -15.479
4.731783 -10.857 -5.831 -8.1 -10.064 -12.426 -14.113 -12.145 -10.488 -12.518 -14.2 -15.481 -16.347 -10.312 -13.129 -14.912 -15.823 -16.428 -13.665 -15.003 -15.875 -16.366 -16.711 -15.109 -14.113 -15.409 -17.098 -17.281 -17.232 -15.316
4.874892 -10.773 -5.668 -7.68 -9.591 -12.058 -13.824 -11.865 -10.033 -12.159 -13.918 -15.273 -16.192 -9.845 -12.798 -14.667 -15.631 -16.276 -13.407 -14.769 -15.686 -16.209 -16.579 -14.893 -13.837 -15.197 -17.006 -17.222 -17.2 -15.143
5.02233 -10.682 -5.527 -7.233 -9.077 -11.658 -13.508 -11.565 -9.539 -11.769 -13.61 -15.046 -16.021 -9.339 -12.436 -14.398 -15.418 -16.108 -13.138 -14.516 -15.48 -16.036 -16.433 -14.657 -13.537 -14.965 -16.902 -17.155 -17.161 -14.957
5.174227 -10.583 -5.399 -6.756 -8.52 -11.222 -13.162 -11.244 -9.003 -11.345 -13.273 -14.797 -15.832 -8.79 -12.043 -14.103 -15.185 -15.922 -12.86 -14.241 -15.252 -15.844 -16.271 -14.399 -13.21 -14.711 -16.785 -17.077 -17.116 -14.758
5.330718 -10.476 -5.276 -6.246 -7.914 -10.747 -12.783 -10.9 -8.419 -10.883 -12.905 -14.524 -15.623 -8.191 -11.614 -13.78 -14.927 -15.716 -12.577 -13.943 -15.003 -15.633 -16.092 -14.117 -12.852 -14.432 -16.654 -16.989 -17.062 -14.548
5.491942 -10.359 -5.15 -5.7 -7.254 -10.228 -12.368 -10.533 -7.783 -10.379 -12.503 -14.224 -15.393 -7.539 -11.145 -13.425 -14.644 -15.489 -12.293 -13.62 -14.728 -15.399 -15.894 -13.809 -12.462 -14.126 -16.507 -16.89 -17.0 -14.324
5.658042 -10.232 -5.019 -5.112 -6.534 -9.661 -11.913 -10.141 -7.088 -9.829 -12.061 -13.894 -15.138 -6.826 -10.631 -13.034 -14.331 -15.236 -12.011 -13.272 -14.427 -15.141 -15.676 -13.471 -12.035 -13.79 -16.343 -16.776 -16.928 -14.089
5.829166 -10.093 -4.878 -4.479 -5.746 -9.04 -11.412 -9.727 -6.328 -9.227 -11.576 -13.532 -14.856 -6.047 -10.069 -12.605 -13.985 -14.956 -11.736 -12.899 -14.096 -14.856 -15.435 -13.1 -11.566 -13.42 -16.159 -16.648 -16.845 -13.841
6.005465 -9.941 -4.726 -3.794 -4.883 -8.358 -10.861 -9.292 -5.495 -8.568 -11.043 -13.133 -14.544 -5.193 -9.451 -12.131 -13.602 -14.646 -11.471 -12.503 -13.734 -14.54 -15.169 -12.692 -11.052 -13.013 -15.952 -16.504 -16.75 -13.582
6.187096 -9.775 -4.559 -3.052 -3.935 -7.608 -10.253 -8.841 -4.581 -7.845 -10.456 -12.693 -14.199 -4.255 -8.772 -11.608 -13.179 -14.301 -11.216 -12.085 -13.336 -14.192 -14.876 -12.243 -10.487 -12.564 -15.721 -16.34 -16.641 -13.312
6.37422 -9.593 -4.377 -2.246 -2.893 -6.782 -9.581 -8.379 -3.574 -7.05 -9.808 -12.207 -13.816 -3.222 -8.024 -11.03 -12.709 -13.918 -10.968 -11.653 -12.902 -13.807 -14.554 -11.748 -9.864 -12.069 -15.462 -16.156 -16.517 -13.032
6.567004 -9.393 -4.177 -1.366 -1.744 -5.871 -8.837 -7.917 -2.464 -6.174 -9.092 -11.67 -13.39 -2.083 -7.197 -10.389 -12.187 -13.49 -10.723 -11.214 -12.429 -13.382 -14.2 -11.201 -9.177 -11.52 -15.171 -15.948 -16.375 -12.743
6.765619 -9.173 -3.957 -0.405 -0.473 -4.862 -8.011 -7.465 -1.236 -5.208 -8.3 -11.075 -12.917 -0.823 -6.282 -9.677 -11.605 -13.014 -10.474 -10.778 -11.919 -12.915 -13.813 -10.595 -8.416 -10.912 -14.844 -15.712 -16.214 -12.444
6.97024 -8.93 -3.714 0.65 0.935 -3.743 -7.093 -7.032 0.125 -4.139 -7.421 -10.415 -12.39 0.573 -5.267 -8.884 -10.957 -12.481 -10.214 -10.354 -11.375 -12.402 -13.392 -9.922 -7.573 -10.236 -14.477 -15.446 -16.03 -12.135
7.181051 -8.662 -3.447 1.809 2.499 -2.499 -6.069 -6.62 1.637 -2.953 -6.443 -9.681 -11.802 2.125 -4.138 -8.001 -10.232 -11.885 -9.936 -9.946 -10.803 -11.843 -12.937 -9.174 -6.635 -9.484 -14.062 -15.144 -15.82 -11.813
7.398237 -8.366 -3.15 3.088 4.243 -1.112 -4.924 -6.224 3.324 -1.635 -5.354 -8.864 -11.145 3.855 -2.879 -7.012 -9.42 -11.216 -9.635 -9.552 -10.217 -11.239 -12.449 -8.339 -5.589 -8.645 -13.594 -14.802 -15.58 -11.475
7.621991 -8.037 -2.821 4.505 6.193 0.44 -3.641 -5.833 5.209 -0.166 -4.137 -7.951 -10.409 5.79 -1.47 -5.903 -8.507 -10.464 -9.304 -9.161 -9.632 -10.599 -11.932 -7.404 -4.419 -7.707 -13.064 -14.413 -15.306 -11.116
7.852513 -7.67 -2.454 6.079 8.381 2.181 -2.199 -5.432 7.324 1.476 -2.774 -6.929 -9.584 7.959 0.111 -4.656 -7.479 -9.616 -8.936 -8.76 -9.062 -9.933 -11.389 -6.356 -3.107 -6.653 -12.463 -13.97 -14.993 -10.728
8.090007 -7.26 -2.044 7.836 10.843 4.14 -0.571 -5.004 9.704 3.318 -1.245 -5.782 -8.655 10.401 1.891 -3.25 -6.317 -8.658 -8.525 -8.333 -8.509 -9.259 -10.827 -5.175 -1.63 -5.467 -11.78 -13.465 -14.633 -10.305
8.334684 -6.8 -1.584 9.805 13.625 6.353 1.27 -4.536 12.391 5.392 0.478 -4.492 -7.607 13.158 3.903 -1.658 -5.001 -7.572 -8.065 -7.865 -7.961 -8.591 -10.245 -3.84 0.039 -4.128 -11.001 -12.888 -14.22 -9.837
8.586761 -6.281 -1.066 12.024 16.781 8.863 3.362 -4.015 15.439 7.734 2.423 -3.035 -6.423 16.284 6.184 0.151 -3.504 -6.338 -7.547 -7.344 -7.397 -7.929 -9.638 -2.327 1.932 -2.609 -10.11 -12.226 -13.743 -9.314
8.846461 -5.695 -0.48 14.537 20.376 11.721 5.746 -3.427 18.907 10.391 4.626 -1.385 -5.081 19.842 8.782 2.213 -1.796 -4.932 -6.961 -6.756 -6.789 -7.259 -8.995 -0.603 4.089 -0.881 -9.088 -11.464 -13.193 -8.726
9.114017 -5.029 0.187 17.4 24.488 14.989 8.475 -2.761 22.871 13.417 7.131 0.489 -3.555 23.908 11.753 4.573 0.161 -3.324 -6.295 -6.09 -6.115 -6.551 -8.296 1.368 6.555 1.095 -7.91 -10.586 -12.555 -8.059
9.389664 -4.268 0.947 20.678 29.214 18.743 11.612 -2.0 27.423 16.881 9.989 2.627 -1.813 28.576 15.166 7.287 2.411 -1.479 -5.534 -5.329 -5.351 -5.773 -7.52 3.633 9.389 3.364 -6.549 -9.569 -11.814 -7.298
9.673648 -3.395 1.82 24.455 34.672 23.076 15.235 -1.127 32.673 20.865 13.262 5.075 0.182 33.959 19.104 10.422 5.012 0.646 -4.661 -4.456 -4.478 -4.893 -6.639 6.247 12.663 5.982 -4.97 -8.388 -10.948 -6.425
9.966221 -2.908 2.308 25.543 36.109 24.28 16.292 -0.64 34.065 21.994 14.243 5.886 0.9 35.379 20.225 11.377 5.857 1.392 -4.174 -3.969 -3.99 -4.406 -6.152 7.095 13.647 6.83 -4.335 -7.835 -10.461 -5.937
10.267642 -2.508 2.708 25.943 36.509 24.68 16.692 -0.24 34.466 22.394 14.643 6.286 1.3 35.78 20.625 11.777 6.257 1.792 -3.774 -3.569 -3.59 -4.006 -5.751 7.495 14.047 7.23 -3.935 -7.435 -10.061 -5.537
10.57818 -2.083 3.132 26.367 36.933 25.105 17.116 0.185 34.89 22.819 15.068 6.711 1.724 36.204 21.05 12.202 6.682 2.217 -3.349 -3.144 -3.166 -3.581 -5.327 7.92 14.472 7.655 -3.51 -7.011 -9.636 -5.113
10.89811 -1.633 3.583 26.818 37.384 25.555 17.567 0.636 35.341 23.27 15.518 7.162 2.175 36.655 21.5 12.653 7.133 2.667 -2.898 -2.693 -2.715 -3.13 -4.876 8.371 14.922 8.106 -3.059 -6.56 -9.186 -4.662
11.227716 -1.154 4.061 27.296 37.862 26.034 18.046 1.114 35.819 23.748 15.997 7.64 2.653 37.133 21.979 13.131 7.611 3.146 -2.42 -2.215 -2.236 -2.652 -4.398 8.849 15.401 8.584 -2.581 -6.081 -8.707 -4.184
11.56729 -0.646 4.569 27.804 38.37 26.542 18.553 1.622 36.327 24.256 16.505 8.148 3.161 37.641 22.487 13.639 8.119 3.653 -1.912 -1.707 -1.729 -2.144 -3.89 9.357 15.909 9.092 -2.073 -5.574 -8.199 -3.676
11.917135 -0.107 5.108 28.343 38.909 27.081 19.092 2.161 36.866 24.795 17.044 8.687 3.7 38.18 23.026 14.178 8.658 4.192 -1.373 -1.168 -1.19 -1.605 -3.351 9.896 16.448 9.631 -1.534 -5.035 -7.661 -3.137
12.277561 0.465 5.68 28.915 39.481 27.653 19.664 2.733 37.438 25.367 17.616 9.259 4.272 38.752 23.598 14.75 9.23 4.764 -0.801 -0.596 -0.618 -1.033 -2.779 10.468 17.02 10.203 -0.962 -4.463 -7.088 -2.565
12.648887 1.072 6.288 29.522 40.088 28.26 20.272 3.34 38.045 25.974 18.223 9.866 4.879 39.359 24.205 15.357 9.837 5.372 -0.194 0.011 -0.01 -0.426 -2.172 11.075 17.627 10.81 -0.355 -3.855 -6.481 -1.958
13.031444 1.716 6.932 30.167 40.733 28.904 20.916 3.985 38.69 26.619 18.867 10.511 5.524 40.004 24.849 16.002 10.482 6.016 0.451 0.655 0.634 0.219 -1.527 11.72 18.271 11.454 0.29 -3.211 -5.837 -1.313
13.425571 2.4 7.616 30.851 41.417 29.588 21.6 4.669 39.374 27.303 19.551 11.195 6.208 40.688 25.533 16.686 11.166 6.7 1.135 1.34 1.318 0.903 -0.843 12.404 18.955 12.139 0.974 -2.527 -5.153 -0.629
13.831619 3.126 8.342 31.577 42.143 30.314 22.326 5.395 40.1 28.029 20.277 11.921 6.934 41.414 26.259 17.412 11.892 7.426 1.861 2.066 2.044 1.629 -0.117 13.13 19.681 12.865 1.7 -1.801 -4.427 0.097
14.249947 3.897 9.113 32.348 42.914 31.085 23.097 6.165 40.871 28.799 21.048 12.691 7.705 42.185 27.03 18.182 12.662 8.197 2.631 2.836 2.815 2.399 0.654 13.9 20.452 13.635 2.47 -1.03 -3.656 0.868
14.680926 4.715 9.931 33.166 43.732 31.903 23.915 6.983 41.688 29.617 21.866 13.509 8.523 43.003 27.848 19.0 13.48 9.015 3.449 3.654 3.633 3.217 1.471 14.718 21.27 14.453 3.288 -0.212 -2.838 1.686
15.124941 5.583 10.799 34.034 44.6 32.771 24.783 7.852 42.557 30.485 22.734 14.378 9.391 43.871 28.716 19.868 14.349 9.883 4.318 4.522 4.501 4.086 2.34 15.587 22.138 15.321 4.157 0.656 -1.97 2.554
15.582385 6.505 11.72 34.955 45.521 33.693 25.704 8.773 43.478 31.407 23.656 15.299 10.312 44.792 29.638 20.79 15.27 10.805 5.239 5.444 5.422 5.007 3.261 16.508 23.06 16.243 5.078 1.577 -1.048 3.475
16.053663 7.483 12.698 35.933 46.499 34.671 26.682 9.751 44.456 32.385 24.634 16.277 11.29 45.77 30.616 21.768 16.248 11.783 6.217 6.422 6.4 5.985 4.239 17.486 24.038 17.221 6.056 2.555 -0.07 4.453
16.539195 8.521 13.737 36.971 47.538 35.709 27.721 10.789 45.494 33.423 25.672 17.315 12.328 46.808 31.654 22.806 17.286 12.821 7.255 7.46 7.439 7.023 5.277 18.524 25.076 18.259 7.094 3.594 0.968 5.491
17.039412 9.623 14.838 38.073 48.639 36.811 28.822 11.891 46.596 34.525 26.774 18.417 13.43 47.91 32.756 23.908 18.388 13.923 8.357 8.562 8.54 8.125 6.379 19.626 26.178 19.361 8.196 4.695 2.07 6.593
17.554757 10.792 16.008 39.243 49.809 37.98 29.992 13.061 47.766 35.695 27.943 19.587 14.6 49.08 33.925 25.078 19.558 15.092 9.527 9.731 9.71 9.295 7.549 20.796 27.347 20.53 9.366 5.865 3.239 7.763
18.085689 12.034 17.249 40.484 51.05 39.222 31.233 14.302 49.007 36.936 29.185 20.828 15.841 50.321 35.167 26.319 20.799 16.333 10.768 10.973 10.951 10.536 8.79 22.037 28.589 21.772 10.607 7.106 4.481 9.004
18.632678 13.351 18.567 41.802 52.368 40.539 32.551 15.62 50.325 38.253 30.502 22.146 17.159 51.639 36.484 27.636 22.117 17.651 12.086 12.29 12.269 11.854 10.108 23.355 29.906 23.089 11.925 8.424 5.798 10.322
19.196211 14.75 19.965 43.2 53.766 41.938 33.949 17.018 51.723 39.652 31.901 23.544 18.557 53.037 37.883 29.035 23.515 19.05 13.484 13.689 13.667 13.252 11.506 24.753 31.305 24.488 13.323 9.822 7.197 11.72
19.776787 16.234 21.45 44.685 55.251 43.422 35.434 18.502 53.207 41.136 33.385 25.028 20.042 54.522 39.367 30.519 24.999 20.534 14.968 15.173 15.152 14.736 12.99 26.237 32.789 25.972 14.807 11.307 8.681 13.205
20.374923 17.81 23.025 46.26 56.826 44.998 37.009 20.078 54.783 42.712 34.96 26.604 21.617 56.097 40.943 32.095 26.575 22.109 16.544 16.749 16.727 16.312 14.566 27.813 34.364 27.548 16.383 12.882 10.256 14.78
20.991149 19.482 24.697 47.932 58.498 46.67 38.681 21.75 56.455 44.384 36.633 28.276 23.289 57.769 42.615 33.767 28.247 23.782 18.216 18.421 18.399 17.984 16.238 29.485 36.037 29.22 18.055 14.554 11.929 16.452
21.626011 21.257 26.472 49.707 60.273 48.445 40.456 23.525 58.23 46.159 38.408 30.051 25.064 59.544 44.39 35.542 30.022 25.556 19.991 20.196 20.174 19.759 18.013 31.26 37.812 30.995 19.83 16.329 13.704 18.227
22.280075 23.141 28.356 51.591 62.157 50.329 42.34 25.409 60.114 48.043 40.291 31.935 26.948 61.428 46.274 37.426 31.906 27.44 21.875 22.08 22.058 21.643 19.897 33.144 39.695 32.879 21.714 18.213 15.587 20.111
22.953921 25.14 30.356 53.591 64.157 52.328 44.34 27.408 62.114 50.042 42.291 33.935 28.948 63.428 48.273 39.425 33.906 29.44 23.874 24.079 24.058 23.642 21.897 35.144 41.695 34.878 23.713 20.213 17.587 22.111
23.648147 27.262 32.478 55.713 66.279 54.45 46.462 29.531 64.236 52.165 44.413 36.057 31.07 65.55 50.395 41.548 36.028 31.562 25.997 26.202 26.18 25.765 24.019 37.266 43.817 37.001 25.836 22.335 19.709 24.233
24.363369 29.515 34.731 57.966 68.532 56.703 48.715 31.784 66.489 54.417 46.666 38.31 33.323 67.803 52.648 43.8 38.281 33.815 28.25 28.454 28.433 28.017 26.272 39.519 46.07 39.253 28.088 24.588 21.962 26.486
25.100222 31.906 37.122 60.357 70.923 59.094 51.106 34.174 68.88 56.808 49.057 40.701 35.714 70.194 55.039 46.191 40.672 36.206 30.64 30.845 30.824 30.408 28.663 41.91 48.461 41.644 30.479 26.979 24.353 28.877
25.859362 34.444 39.66 62.894 73.461 61.632 53.644 36.712 71.417 59.346 51.595 43.238 38.251 72.731 57.577 48.729 43.209 38.744 33.178 33.383 33.362 32.946 31.2 44.447 50.999 44.182 33.017 29.517 26.891 31.414
26.64146 37.138 42.353 65.588 76.154 64.326 56.337 39.406 74.111 62.04 54.288 45.932 40.945 75.425 60.271 51.423 45.903 41.437 35.872 36.077 36.055 35.64 33.894 47.141 53.692 46.876 35.711 32.21 29.584 34.108
27.447213 39.997 45.212 68.447 79.013 67.185 59.196 42.265 76.97 64.899 57.148 48.791 43.804 78.284 63.13 54.282 48.762 44.296 38.731 38.936 38.914 38.499 36.753 50.0 56.551 49.735 38.57 35.069 32.443 36.967
28.277335 43.031 48.247 71.482 82.048 70.219 62.231 45.3 80.005 67.933 60.182 51.826 46.839 81.319 66.164 57.316 51.797 47.331 41.766 41.97 41.949 41.533 39.788 53.035 59.586 52.769 41.604 38.104 35.478 40.002
29.132564 46.252 51.468 74.703 85.269 73.44 65.452 48.52 83.226 71.154 63.403 55.046 50.06 84.54 69.385 60.537 55.017 50.552 44.986 45.191 45.17 44.754 43.009 56.255 62.807 55.99 44.825 41.325 38.699 43.223
30.013659 49.671 54.886 78.121 88.687 76.859 68.87 51.939 86.644 74.573 66.822 58.465 53.478 87.958 72.804 63.956 58.436 53.971 48.405 48.61 48.588 48.173 46.427 59.674 66.226 59.409 48.244 44.743 42.118 46.641
30.921401 53.299 58.515 81.75 92.316 80.487 72.499 55.568 90.273 78.202 70.45 62.094 57.107 91.587 76.432 67.585 62.065 57.599 52.034 52.239 52.217 51.802 50.056 63.303 69.854 63.037 51.873 48.372 45.746 50.27
31.856598 57.151 62.366 85.601 96.167 84.339 76.35 59.419 94.124 82.053 74.302 65.945 60.958 95.438 80.284 71.436 65.916 61.451 55.885 56.09 56.068 55.653 53.907 67.154 73.706 66.889 55.724 52.223 49.598 54.121
32.820079 61.239 66.454 89.689 100.255 88.427 80.438 63.507 98.212 86.141 78.39 70.033 65.046 99.526 84.372 75.524 70.004 65.539 59.973 60.178 60.156 59.741 57.995 71.242 77.794 70.977 59.812 56.311 53.686 58.209
33.8127 65.578 70.793 94.028 104.594 92.766 84.777 67.846 102.551 90.48 82.729 74.372 69.385 103.865 88.711 79.863 74.343 69.877 64.312 64.517 64.495 64.08 62.334 75.581 82.133 75.316 64.151 60.65 58.024 62.548
34.835342 70.183 75.399 98.633 109.2 97.371 89.383 72.451 107.156 95.085 87.334 78.977 73.99 108.47 93.316 84.468 78.948 74.483 68.917 69.122 69.101 68.685 66.939 80.186 86.738 79.921 68.756 65.256 62.63 67.154
