web/models/kne.last_good/kappa_0.5_3.0.v1/16/villar_0.0079_0.1397_3.0000.dat
# %ECSV 1.0
# ---
# datatype:
# - {name: time, datatype: float64}
# - {name: swift_uvot_uvw2, datatype: float64}
# - {name: swift_uvot_uvm2, datatype: float64}
# - {name: swift_uvot_uvw1, datatype: float64}
# - {name: swift_uvot_U, datatype: float64}
# - {name: swift_uvot_B, datatype: float64}
# - {name: swift_uvot_V, datatype: float64}
# - {name: swift_uvot_W, datatype: float64}
# - {name: johnson_U, datatype: float64}
# - {name: johnson_B, datatype: float64}
# - {name: johnson_V, datatype: float64}
# - {name: johnson_R, datatype: float64}
# - {name: johnson_I, datatype: float64}
# - {name: sdss_u, datatype: float64}
# - {name: sdss_g, datatype: float64}
# - {name: sdss_r, datatype: float64}
# - {name: sdss_i, datatype: float64}
# - {name: sdss_z, datatype: float64}
# - {name: PS1_g, datatype: float64}
# - {name: PS1_r, datatype: float64}
# - {name: PS1_i, datatype: float64}
# - {name: PS1_z, datatype: float64}
# - {name: PS1_Y, datatype: float64}
# - {name: PS1_w, datatype: float64}
# - {name: ATLAS_c, datatype: float64}
# - {name: ATLAS_o, datatype: float64}
# - {name: ukirt_J, datatype: float64}
# - {name: ukirt_H, datatype: float64}
# - {name: ukirt_K, datatype: float64}
# - {name: Clear, datatype: float64}
# meta: !!omap
# - comment: [kappa = 3.0, type = villar, mass = 0.00793700525986525, velocity = 0.13966666666666672, theta_obs = 0.0]
# schema: astropy-2.0
time swift_uvot_uvw2 swift_uvot_uvm2 swift_uvot_uvw1 swift_uvot_U swift_uvot_B swift_uvot_V swift_uvot_W johnson_U johnson_B johnson_V johnson_R johnson_I sdss_u sdss_g sdss_r sdss_i sdss_z PS1_g PS1_r PS1_i PS1_z PS1_Y PS1_w ATLAS_c ATLAS_o ukirt_J ukirt_H ukirt_K Clear
[from data line 78]
0.010217 -9.002 -8.952 -8.893 -8.672 -8.409 -8.097 -8.75 -8.635 -8.405 -8.087 -7.745 -7.336 -8.643 -8.31 -7.901 -7.583 -7.276 -8.294 -7.928 -7.616 -7.404 -7.366 -7.946 -8.151 -7.77 -6.647 -6.124 -5.514 -8.008
0.010526 -9.037 -8.991 -8.934 -8.718 -8.457 -8.146 -8.791 -8.681 -8.453 -8.137 -7.796 -7.388 -8.689 -8.359 -7.952 -7.635 -7.328 -8.342 -7.978 -7.667 -7.455 -7.416 -7.996 -8.2 -7.821 -6.7 -6.178 -5.568 -8.058
0.010845 -9.072 -9.029 -8.974 -8.763 -8.505 -8.196 -8.833 -8.727 -8.501 -8.186 -7.847 -7.44 -8.735 -8.407 -8.002 -7.686 -7.38 -8.391 -8.028 -7.718 -7.506 -7.465 -8.045 -8.249 -7.872 -6.753 -6.232 -5.622 -8.107
0.011173 -9.107 -9.067 -9.014 -8.808 -8.552 -8.246 -8.874 -8.773 -8.549 -8.236 -7.897 -7.492 -8.781 -8.456 -8.052 -7.737 -7.432 -8.439 -8.078 -7.769 -7.557 -7.515 -8.095 -8.299 -7.922 -6.806 -6.286 -5.676 -8.156
0.011511 -9.141 -9.105 -9.054 -8.853 -8.6 -8.295 -8.914 -8.818 -8.596 -8.285 -7.948 -7.544 -8.826 -8.504 -8.102 -7.789 -7.484 -8.487 -8.128 -7.819 -7.608 -7.564 -8.145 -8.347 -7.973 -6.859 -6.339 -5.73 -8.206
0.011859 -9.175 -9.143 -9.094 -8.898 -8.647 -8.344 -8.955 -8.863 -8.644 -8.334 -7.999 -7.596 -8.871 -8.552 -8.152 -7.84 -7.536 -8.535 -8.178 -7.87 -7.659 -7.614 -8.194 -8.396 -8.023 -6.912 -6.393 -5.784 -8.255
0.012217 -9.209 -9.18 -9.134 -8.943 -8.695 -8.393 -8.995 -8.909 -8.691 -8.384 -8.049 -7.647 -8.916 -8.6 -8.202 -7.891 -7.588 -8.583 -8.227 -7.92 -7.709 -7.663 -8.244 -8.445 -8.074 -6.965 -6.446 -5.838 -8.304
0.012587 -9.243 -9.217 -9.173 -8.988 -8.742 -8.442 -9.035 -8.954 -8.738 -8.433 -8.099 -7.699 -8.961 -8.647 -8.252 -7.942 -7.64 -8.63 -8.277 -7.971 -7.76 -7.712 -8.293 -8.494 -8.124 -7.018 -6.5 -5.892 -8.353
0.012968 -9.276 -9.254 -9.212 -9.032 -8.789 -8.491 -9.075 -8.998 -8.785 -8.482 -8.15 -7.75 -9.006 -8.695 -8.302 -7.992 -7.691 -8.678 -8.326 -8.021 -7.81 -7.762 -8.342 -8.542 -8.174 -7.07 -6.553 -5.946 -8.401
0.01336 -9.309 -9.29 -9.251 -9.076 -8.835 -8.54 -9.115 -9.043 -8.832 -8.53 -8.2 -7.802 -9.051 -8.743 -8.352 -8.043 -7.743 -8.726 -8.375 -8.071 -7.861 -7.811 -8.392 -8.59 -8.224 -7.123 -6.606 -6.0 -8.45
0.013764 -9.342 -9.327 -9.289 -9.12 -8.882 -8.589 -9.154 -9.088 -8.878 -8.579 -8.25 -7.853 -9.095 -8.79 -8.401 -8.094 -7.794 -8.773 -8.424 -8.122 -7.911 -7.86 -8.441 -8.639 -8.274 -7.176 -6.66 -6.054 -8.499
0.01418 -9.374 -9.363 -9.328 -9.164 -8.929 -8.637 -9.194 -9.132 -8.925 -8.628 -8.3 -7.904 -9.14 -8.837 -8.451 -8.144 -7.846 -8.82 -8.474 -8.172 -7.962 -7.909 -8.49 -8.687 -8.324 -7.228 -6.713 -6.108 -8.547
0.014609 -9.406 -9.398 -9.366 -9.208 -8.975 -8.686 -9.233 -9.176 -8.971 -8.676 -8.35 -7.955 -9.184 -8.884 -8.5 -8.195 -7.897 -8.867 -8.523 -8.222 -8.012 -7.958 -8.538 -8.735 -8.374 -7.281 -6.766 -6.161 -8.595
0.015051 -9.438 -9.434 -9.404 -9.251 -9.021 -8.734 -9.272 -9.22 -9.018 -8.724 -8.399 -8.006 -9.228 -8.931 -8.549 -8.245 -7.948 -8.914 -8.571 -8.272 -8.062 -8.007 -8.587 -8.783 -8.424 -7.333 -6.819 -6.215 -8.644
0.015506 -9.469 -9.469 -9.441 -9.295 -9.068 -8.782 -9.31 -9.264 -9.064 -8.773 -8.449 -8.057 -9.271 -8.978 -8.598 -8.296 -7.999 -8.961 -8.62 -8.321 -8.112 -8.056 -8.636 -8.83 -8.473 -7.386 -6.872 -6.269 -8.692
0.015975 -9.5 -9.503 -9.479 -9.338 -9.114 -8.83 -9.349 -9.308 -9.11 -8.821 -8.499 -8.108 -9.315 -9.025 -8.647 -8.346 -8.051 -9.008 -8.669 -8.371 -8.162 -8.105 -8.684 -8.878 -8.523 -7.438 -6.925 -6.322 -8.74
0.016458 -9.531 -9.538 -9.516 -9.381 -9.159 -8.878 -9.387 -9.351 -9.156 -8.869 -8.548 -8.159 -9.358 -9.071 -8.696 -8.396 -8.102 -9.055 -8.718 -8.421 -8.212 -8.154 -8.733 -8.926 -8.572 -7.49 -6.978 -6.376 -8.788
0.016956 -9.562 -9.572 -9.552 -9.424 -9.205 -8.926 -9.425 -9.394 -9.201 -8.917 -8.598 -8.21 -9.402 -9.118 -8.745 -8.446 -8.153 -9.101 -8.766 -8.471 -8.262 -8.203 -8.781 -8.973 -8.621 -7.543 -7.031 -6.429 -8.835
0.017469 -9.592 -9.606 -9.589 -9.466 -9.251 -8.974 -9.463 -9.437 -9.247 -8.965 -8.647 -8.26 -9.445 -9.164 -8.794 -8.496 -8.203 -9.147 -8.815 -8.52 -8.312 -8.252 -8.829 -9.02 -8.671 -7.595 -7.084 -6.483 -8.883
0.017997 -9.622 -9.64 -9.625 -9.509 -9.296 -9.022 -9.5 -9.48 -9.292 -9.012 -8.696 -8.311 -9.487 -9.21 -8.843 -8.546 -8.254 -9.194 -8.863 -8.57 -8.362 -8.301 -8.877 -9.067 -8.72 -7.647 -7.137 -6.536 -8.931
0.018541 -9.651 -9.673 -9.661 -9.551 -9.341 -9.069 -9.538 -9.523 -9.338 -9.06 -8.745 -8.362 -9.53 -9.256 -8.891 -8.596 -8.305 -9.24 -8.911 -8.619 -8.412 -8.35 -8.925 -9.114 -8.769 -7.699 -7.19 -6.59 -8.978
0.019102 -9.681 -9.706 -9.697 -9.593 -9.386 -9.117 -9.575 -9.566 -9.383 -9.107 -8.794 -8.412 -9.573 -9.302 -8.94 -8.646 -8.356 -9.286 -8.959 -8.668 -8.461 -8.398 -8.973 -9.161 -8.818 -7.751 -7.243 -6.643 -9.025
0.01968 -9.709 -9.738 -9.733 -9.635 -9.431 -9.164 -9.612 -9.608 -9.428 -9.155 -8.843 -8.462 -9.615 -9.348 -8.988 -8.695 -8.406 -9.332 -9.007 -8.718 -8.511 -8.447 -9.021 -9.208 -8.867 -7.803 -7.295 -6.696 -9.073
0.020275 -9.738 -9.771 -9.768 -9.676 -9.476 -9.211 -9.648 -9.65 -9.473 -9.202 -8.892 -8.513 -9.657 -9.394 -9.036 -8.745 -8.457 -9.377 -9.055 -8.767 -8.561 -8.496 -9.068 -9.255 -8.915 -7.855 -7.348 -6.75 -9.12
0.020888 -9.766 -9.803 -9.803 -9.718 -9.521 -9.258 -9.685 -9.692 -9.517 -9.249 -8.941 -8.563 -9.699 -9.439 -9.084 -8.794 -8.507 -9.423 -9.103 -8.816 -8.61 -8.544 -9.116 -9.301 -8.964 -7.907 -7.401 -6.803 -9.167
0.02152 -9.794 -9.835 -9.838 -9.759 -9.565 -9.305 -9.721 -9.734 -9.562 -9.296 -8.99 -8.613 -9.741 -9.485 -9.132 -8.844 -8.558 -9.468 -9.151 -8.865 -8.66 -8.593 -9.163 -9.348 -9.013 -7.959 -7.453 -6.856 -9.214
0.022171 -9.822 -9.866 -9.872 -9.8 -9.61 -9.352 -9.757 -9.776 -9.606 -9.343 -9.038 -8.663 -9.782 -9.53 -9.18 -8.893 -8.608 -9.514 -9.199 -8.914 -8.709 -8.642 -9.211 -9.394 -9.061 -8.01 -7.506 -6.909 -9.26
0.022841 -9.849 -9.897 -9.906 -9.841 -9.654 -9.399 -9.793 -9.817 -9.651 -9.39 -9.087 -8.713 -9.824 -9.575 -9.228 -8.942 -8.658 -9.559 -9.246 -8.963 -8.758 -8.69 -9.258 -9.44 -9.109 -8.062 -7.558 -6.963 -9.307
0.023532 -9.876 -9.928 -9.94 -9.882 -9.698 -9.445 -9.829 -9.859 -9.695 -9.436 -9.135 -8.763 -9.865 -9.62 -9.276 -8.991 -8.708 -9.604 -9.294 -9.011 -8.808 -8.738 -9.305 -9.486 -9.158 -8.114 -7.611 -7.016 -9.353
0.024244 -9.902 -9.958 -9.974 -9.922 -9.742 -9.492 -9.864 -9.9 -9.739 -9.483 -9.183 -8.813 -9.906 -9.665 -9.323 -9.04 -8.758 -9.649 -9.341 -9.06 -8.857 -8.787 -9.352 -9.532 -9.206 -8.165 -7.663 -7.069 -9.4
0.024977 -9.929 -9.989 -10.007 -9.963 -9.786 -9.538 -9.899 -9.941 -9.782 -9.529 -9.232 -8.863 -9.947 -9.709 -9.371 -9.089 -8.808 -9.694 -9.388 -9.109 -8.906 -8.835 -9.399 -9.578 -9.254 -8.217 -7.715 -7.122 -9.446
0.025733 -9.954 -10.018 -10.04 -10.003 -9.829 -9.585 -9.934 -9.981 -9.826 -9.576 -9.28 -8.913 -9.987 -9.754 -9.418 -9.138 -8.858 -9.739 -9.435 -9.157 -8.955 -8.884 -9.445 -9.624 -9.302 -8.268 -7.768 -7.175 -9.492
0.026511 -9.98 -10.048 -10.073 -10.043 -9.873 -9.631 -9.969 -10.022 -9.869 -9.622 -9.328 -8.962 -10.028 -9.798 -9.466 -9.187 -8.908 -9.783 -9.482 -9.206 -9.004 -8.932 -9.492 -9.669 -9.35 -8.32 -7.82 -7.228 -9.538
0.027313 -10.005 -10.077 -10.105 -10.082 -9.916 -9.677 -10.004 -10.062 -9.913 -9.668 -9.376 -9.012 -10.068 -9.842 -9.513 -9.236 -8.958 -9.827 -9.529 -9.254 -9.053 -8.98 -9.539 -9.715 -9.398 -8.371 -7.872 -7.281 -9.584
0.028139 -10.03 -10.106 -10.138 -10.122 -9.959 -9.723 -10.038 -10.102 -9.956 -9.714 -9.423 -9.061 -10.108 -9.886 -9.56 -9.284 -9.008 -9.872 -9.576 -9.302 -9.102 -9.028 -9.585 -9.76 -9.445 -8.422 -7.924 -7.333 -9.63
0.02899 -10.054 -10.134 -10.17 -10.161 -10.002 -9.768 -10.072 -10.142 -9.999 -9.76 -9.471 -9.111 -10.148 -9.93 -9.607 -9.333 -9.057 -9.916 -9.623 -9.351 -9.151 -9.077 -9.631 -9.805 -9.493 -8.474 -7.976 -7.386 -9.676
0.029867 -10.078 -10.162 -10.201 -10.2 -10.045 -9.814 -10.106 -10.182 -10.042 -9.805 -9.519 -9.16 -10.188 -9.974 -9.654 -9.381 -9.107 -9.96 -9.67 -9.399 -9.199 -9.125 -9.678 -9.85 -9.54 -8.525 -8.028 -7.439 -9.721
0.03077 -10.102 -10.19 -10.232 -10.239 -10.088 -9.859 -10.14 -10.221 -10.084 -9.851 -9.566 -9.209 -10.227 -10.018 -9.701 -9.43 -9.156 -10.004 -9.716 -9.447 -9.248 -9.173 -9.724 -9.895 -9.588 -8.576 -8.08 -7.492 -9.767
0.031701 -10.125 -10.217 -10.264 -10.278 -10.13 -9.905 -10.173 -10.261 -10.127 -9.896 -9.614 -9.258 -10.266 -10.061 -9.747 -9.478 -9.206 -10.047 -9.762 -9.495 -9.297 -9.221 -9.77 -9.94 -9.635 -8.627 -8.132 -7.545 -9.812
0.032659 -10.148 -10.244 -10.294 -10.316 -10.173 -9.95 -10.206 -10.3 -10.169 -9.941 -9.661 -9.307 -10.305 -10.105 -9.794 -9.526 -9.255 -10.091 -9.809 -9.543 -9.345 -9.269 -9.815 -9.985 -9.682 -8.678 -8.184 -7.597 -9.857
0.033647 -10.171 -10.271 -10.325 -10.354 -10.215 -9.995 -10.239 -10.339 -10.211 -9.987 -9.708 -9.356 -10.344 -10.148 -9.84 -9.574 -9.304 -10.134 -9.855 -9.59 -9.394 -9.317 -9.861 -10.029 -9.729 -8.729 -8.236 -7.65 -9.902
0.034665 -10.193 -10.297 -10.355 -10.392 -10.257 -10.04 -10.272 -10.377 -10.253 -10.032 -9.755 -9.405 -10.382 -10.191 -9.886 -9.622 -9.354 -10.178 -9.901 -9.638 -9.442 -9.365 -9.907 -10.073 -9.776 -8.78 -8.288 -7.703 -9.947
0.035713 -10.215 -10.323 -10.385 -10.43 -10.298 -10.085 -10.305 -10.416 -10.295 -10.076 -9.802 -9.454 -10.421 -10.234 -9.933 -9.67 -9.403 -10.221 -9.947 -9.686 -9.49 -9.413 -9.952 -10.118 -9.823 -8.831 -8.34 -7.755 -9.992
0.036793 -10.236 -10.349 -10.414 -10.467 -10.34 -10.13 -10.337 -10.454 -10.337 -10.121 -9.849 -9.503 -10.459 -10.276 -9.979 -9.718 -9.452 -10.264 -9.993 -9.733 -9.539 -9.46 -9.997 -10.162 -9.87 -8.881 -8.392 -7.808 -10.037
0.037906 -10.257 -10.374 -10.443 -10.505 -10.382 -10.174 -10.369 -10.492 -10.378 -10.166 -9.896 -9.552 -10.497 -10.319 -10.025 -9.766 -9.501 -10.306 -10.039 -9.781 -9.587 -9.508 -10.043 -10.206 -9.916 -8.932 -8.443 -7.86 -10.081
0.039052 -10.278 -10.399 -10.472 -10.542 -10.423 -10.219 -10.401 -10.53 -10.42 -10.21 -9.943 -9.6 -10.534 -10.361 -10.07 -9.813 -9.55 -10.349 -10.084 -9.828 -9.635 -9.556 -10.088 -10.249 -9.963 -8.983 -8.495 -7.913 -10.126
0.040234 -10.298 -10.423 -10.501 -10.579 -10.464 -10.263 -10.432 -10.567 -10.461 -10.255 -9.989 -9.649 -10.572 -10.403 -10.116 -9.861 -9.598 -10.392 -10.13 -9.875 -9.683 -9.603 -10.133 -10.293 -10.009 -9.034 -8.547 -7.965 -10.17
0.04145 -10.317 -10.447 -10.529 -10.615 -10.505 -10.307 -10.464 -10.605 -10.502 -10.299 -10.036 -9.697 -10.609 -10.445 -10.162 -9.908 -9.647 -10.434 -10.175 -9.922 -9.731 -9.651 -10.178 -10.337 -10.056 -9.084 -8.598 -8.017 -10.214
0.042704 -10.337 -10.471 -10.557 -10.651 -10.546 -10.351 -10.495 -10.642 -10.542 -10.343 -10.082 -9.745 -10.646 -10.487 -10.207 -9.955 -9.696 -10.476 -10.22 -9.969 -9.779 -9.699 -10.222 -10.38 -10.102 -9.135 -8.65 -8.07 -10.258
0.043996 -10.356 -10.494 -10.584 -10.687 -10.586 -10.395 -10.526 -10.679 -10.583 -10.387 -10.128 -9.794 -10.683 -10.529 -10.253 -10.003 -9.744 -10.518 -10.266 -10.016 -9.827 -9.746 -10.267 -10.423 -10.148 -9.185 -8.701 -8.122 -10.302
0.045326 -10.374 -10.517 -10.611 -10.723 -10.626 -10.439 -10.556 -10.715 -10.623 -10.431 -10.174 -9.842 -10.719 -10.57 -10.298 -10.05 -9.793 -10.56 -10.311 -10.063 -9.874 -9.794 -10.311 -10.466 -10.194 -9.235 -8.753 -8.174 -10.346
0.046697 -10.393 -10.539 -10.638 -10.759 -10.667 -10.482 -10.587 -10.752 -10.663 -10.474 -10.22 -9.89 -10.756 -10.612 -10.343 -10.097 -9.841 -10.602 -10.355 -10.11 -9.922 -9.841 -10.356 -10.509 -10.24 -9.286 -8.804 -8.227 -10.389
0.048109 -10.41 -10.562 -10.665 -10.794 -10.707 -10.526 -10.617 -10.788 -10.703 -10.518 -10.266 -9.938 -10.792 -10.653 -10.388 -10.144 -9.889 -10.643 -10.4 -10.157 -9.97 -9.888 -10.4 -10.552 -10.285 -9.336 -8.855 -8.279 -10.433
0.049564 -10.427 -10.583 -10.691 -10.829 -10.746 -10.569 -10.647 -10.824 -10.743 -10.561 -10.312 -9.986 -10.827 -10.694 -10.433 -10.19 -9.937 -10.684 -10.445 -10.203 -10.017 -9.936 -10.444 -10.594 -10.331 -9.386 -8.907 -8.331 -10.476
0.051063 -10.444 -10.604 -10.717 -10.864 -10.786 -10.612 -10.677 -10.859 -10.783 -10.604 -10.358 -10.034 -10.863 -10.735 -10.477 -10.237 -9.986 -10.726 -10.489 -10.25 -10.064 -9.983 -10.488 -10.637 -10.377 -9.436 -8.958 -8.383 -10.519
0.052608 -10.461 -10.625 -10.742 -10.899 -10.825 -10.655 -10.706 -10.895 -10.822 -10.647 -10.403 -10.081 -10.898 -10.775 -10.522 -10.284 -10.034 -10.767 -10.534 -10.296 -10.112 -10.03 -10.532 -10.679 -10.422 -9.486 -9.009 -8.435 -10.562
0.054199 -10.477 -10.645 -10.768 -10.933 -10.864 -10.698 -10.735 -10.93 -10.861 -10.69 -10.448 -10.129 -10.933 -10.816 -10.566 -10.33 -10.082 -10.807 -10.578 -10.342 -10.159 -10.077 -10.575 -10.721 -10.467 -9.536 -9.06 -8.487 -10.605
0.055838 -10.492 -10.665 -10.792 -10.967 -10.903 -10.741 -10.764 -10.965 -10.9 -10.733 -10.494 -10.176 -10.968 -10.856 -10.611 -10.376 -10.129 -10.848 -10.622 -10.388 -10.206 -10.124 -10.619 -10.763 -10.512 -9.586 -9.111 -8.539 -10.648
0.057527 -10.507 -10.685 -10.817 -11.001 -10.942 -10.783 -10.793 -10.999 -10.939 -10.775 -10.539 -10.224 -11.002 -10.896 -10.655 -10.423 -10.177 -10.889 -10.666 -10.434 -10.253 -10.171 -10.662 -10.805 -10.557 -9.636 -9.162 -8.591 -10.691
0.059267 -10.522 -10.704 -10.841 -11.034 -10.981 -10.825 -10.821 -11.034 -10.978 -10.818 -10.584 -10.271 -11.036 -10.936 -10.699 -10.469 -10.225 -10.929 -10.71 -10.48 -10.3 -10.218 -10.705 -10.846 -10.602 -9.686 -9.213 -8.643 -10.733
0.061059 -10.536 -10.722 -10.864 -11.067 -11.019 -10.868 -10.85 -11.068 -11.016 -10.86 -10.629 -10.318 -11.07 -10.976 -10.743 -10.515 -10.272 -10.969 -10.754 -10.526 -10.347 -10.265 -10.748 -10.888 -10.647 -9.736 -9.264 -8.695 -10.775
0.062906 -10.55 -10.74 -10.888 -11.1 -11.057 -10.91 -10.878 -11.102 -11.054 -10.902 -10.674 -10.365 -11.104 -11.015 -10.786 -10.561 -10.32 -11.009 -10.797 -10.572 -10.394 -10.312 -10.791 -10.929 -10.692 -9.786 -9.315 -8.747 -10.818
0.064808 -10.563 -10.758 -10.911 -11.133 -11.095 -10.951 -10.905 -11.135 -11.092 -10.944 -10.718 -10.413 -11.137 -11.054 -10.83 -10.607 -10.367 -11.048 -10.841 -10.618 -10.441 -10.358 -10.834 -10.97 -10.736 -9.835 -9.366 -8.799 -10.86
0.066769 -10.576 -10.775 -10.933 -11.165 -11.133 -10.993 -10.933 -11.168 -11.13 -10.986 -10.763 -10.459 -11.171 -11.093 -10.873 -10.652 -10.414 -11.088 -10.884 -10.663 -10.487 -10.405 -10.877 -11.011 -10.78 -9.885 -9.417 -8.851 -10.901
0.068788 -10.588 -10.792 -10.955 -11.197 -11.17 -11.035 -10.96 -11.201 -11.167 -11.027 -10.807 -10.506 -11.203 -11.132 -10.917 -10.698 -10.462 -11.127 -10.927 -10.708 -10.534 -10.452 -10.919 -11.052 -10.825 -9.934 -9.467 -8.903 -10.943
0.070868 -10.6 -10.808 -10.977 -11.229 -11.207 -11.076 -10.987 -11.234 -11.205 -11.069 -10.851 -10.553 -11.236 -11.171 -10.96 -10.743 -10.509 -11.166 -10.97 -10.754 -10.58 -10.498 -10.961 -11.092 -10.869 -9.984 -9.518 -8.954 -10.985
0.073012 -10.611 -10.824 -10.998 -11.261 -11.244 -11.117 -11.014 -11.266 -11.242 -11.11 -10.896 -10.6 -11.268 -11.209 -11.003 -10.789 -10.556 -11.205 -11.013 -10.799 -10.627 -10.545 -11.003 -11.132 -10.913 -10.033 -9.569 -9.006 -11.026
0.07522 -10.622 -10.839 -11.019 -11.292 -11.281 -11.158 -11.04 -11.299 -11.278 -11.151 -10.94 -10.646 -11.3 -11.248 -11.046 -10.834 -10.603 -11.244 -11.056 -10.844 -10.673 -10.591 -11.045 -11.173 -10.956 -10.082 -9.619 -9.058 -11.067
0.077495 -10.632 -10.854 -11.04 -11.323 -11.318 -11.199 -11.066 -11.33 -11.315 -11.192 -10.983 -10.693 -11.332 -11.286 -11.088 -10.879 -10.649 -11.283 -11.098 -10.889 -10.719 -10.637 -11.087 -11.213 -11.0 -10.131 -9.67 -9.109 -11.108
0.079839 -10.642 -10.868 -11.06 -11.353 -11.354 -11.239 -11.092 -11.362 -11.351 -11.233 -11.027 -10.739 -11.363 -11.323 -11.131 -10.924 -10.696 -11.321 -11.141 -10.934 -10.765 -10.683 -11.129 -11.252 -11.044 -10.181 -9.72 -9.161 -11.149
0.082253 -10.651 -10.882 -11.08 -11.383 -11.39 -11.28 -11.118 -11.393 -11.387 -11.273 -11.071 -10.785 -11.394 -11.361 -11.173 -10.969 -10.743 -11.359 -11.183 -10.978 -10.811 -10.73 -11.17 -11.292 -11.087 -10.23 -9.771 -9.212 -11.19
