web/models/grb/onaxis/27/grb_0.0000_1.9307_0.0158489.dat
# %ECSV 1.0
# ---
# datatype:
# - {name: time, datatype: float64}
# - {name: swift_uvot_uvw2, datatype: float64}
# - {name: swift_uvot_uvm2, datatype: float64}
# - {name: swift_uvot_uvw1, datatype: float64}
# - {name: swift_uvot_U, datatype: float64}
# - {name: swift_uvot_B, datatype: float64}
# - {name: swift_uvot_V, datatype: float64}
# - {name: swift_uvot_W, datatype: float64}
# - {name: johnson_U, datatype: float64}
# - {name: johnson_B, datatype: float64}
# - {name: johnson_V, datatype: float64}
# - {name: johnson_R, datatype: float64}
# - {name: johnson_I, datatype: float64}
# - {name: sdss_u, datatype: float64}
# - {name: sdss_g, datatype: float64}
# - {name: sdss_r, datatype: float64}
# - {name: sdss_i, datatype: float64}
# - {name: sdss_z, datatype: float64}
# - {name: PS1_g, datatype: float64}
# - {name: PS1_r, datatype: float64}
# - {name: PS1_i, datatype: float64}
# - {name: PS1_z, datatype: float64}
# - {name: PS1_Y, datatype: float64}
# - {name: PS1_w, datatype: float64}
# - {name: ATLAS_c, datatype: float64}
# - {name: ATLAS_o, datatype: float64}
# - {name: ukirt_J, datatype: float64}
# - {name: ukirt_H, datatype: float64}
# - {name: ukirt_K, datatype: float64}
# - {name: Clear, datatype: float64}
# meta: !!omap
# - comment: [E = 0.0008378552168254813, Eta0 = 8.02, GammaB = 12.0, dL = 0.012188, epsb = 6.760829753919819e-06, epse = 0.1, n = 0.01584893192461114,
#     p = 2.15, theta_obs = 0.0, xiN = 1.0, z = 0.0, type = grb, E_kiso = 1.9306977288832496]
# schema: astropy-2.0
time swift_uvot_uvw2 swift_uvot_uvm2 swift_uvot_uvw1 swift_uvot_U swift_uvot_B swift_uvot_V swift_uvot_W johnson_U johnson_B johnson_V johnson_R johnson_I sdss_u sdss_g sdss_r sdss_i sdss_z PS1_g PS1_r PS1_i PS1_z PS1_Y PS1_w ATLAS_c ATLAS_o ukirt_J ukirt_H ukirt_K Clear
[from data line 155]
0.4023 -3.361 -3.311 -3.386 -3.579 -3.722 -3.861 -3.5 -3.602 -3.724 -3.866 -4.006 -4.155 -3.597 -3.769 -3.941 -4.062 -4.172 -3.833 -3.976 -4.095 -4.194 -4.363 -3.939 -3.844 -3.996 -4.384 -4.554 -4.744 -4.029
0.412 -3.304 -3.255 -3.33 -3.523 -3.665 -3.804 -3.443 -3.545 -3.667 -3.809 -3.95 -4.098 -3.54 -3.712 -3.884 -4.005 -4.116 -3.776 -3.919 -4.039 -4.138 -4.306 -3.882 -3.787 -3.94 -4.328 -4.497 -4.687 -3.972
0.422 -3.25 -3.201 -3.275 -3.468 -3.611 -3.75 -3.389 -3.491 -3.613 -3.755 -3.896 -4.044 -3.486 -3.658 -3.83 -3.951 -4.062 -3.722 -3.865 -3.985 -4.084 -4.252 -3.828 -3.733 -3.886 -4.274 -4.443 -4.633 -3.918
0.4322 -3.196 -3.147 -3.221 -3.414 -3.557 -3.696 -3.335 -3.437 -3.559 -3.701 -3.842 -3.99 -3.432 -3.604 -3.776 -3.897 -4.008 -3.668 -3.811 -3.93 -4.029 -4.198 -3.774 -3.679 -3.832 -4.219 -4.389 -4.579 -3.864
0.4426 -3.142 -3.093 -3.167 -3.36 -3.503 -3.642 -3.281 -3.383 -3.505 -3.647 -3.788 -3.936 -3.378 -3.55 -3.722 -3.843 -3.953 -3.614 -3.757 -3.876 -3.975 -4.144 -3.72 -3.625 -3.777 -4.165 -4.335 -4.525 -3.81
0.4533 -3.088 -3.038 -3.113 -3.306 -3.449 -3.588 -3.227 -3.329 -3.451 -3.593 -3.733 -3.882 -3.324 -3.496 -3.668 -3.789 -3.899 -3.56 -3.703 -3.822 -3.921 -4.09 -3.666 -3.571 -3.723 -4.111 -4.281 -4.471 -3.756
0.4642 -3.034 -2.984 -3.059 -3.252 -3.395 -3.534 -3.173 -3.275 -3.397 -3.539 -3.679 -3.828 -3.27 -3.442 -3.614 -3.735 -3.845 -3.506 -3.648 -3.768 -3.867 -4.036 -3.612 -3.517 -3.669 -4.057 -4.227 -4.417 -3.702
0.4754 -2.98 -2.93 -3.005 -3.198 -3.341 -3.48 -3.119 -3.221 -3.343 -3.485 -3.625 -3.774 -3.216 -3.388 -3.56 -3.681 -3.791 -3.452 -3.594 -3.714 -3.813 -3.982 -3.558 -3.463 -3.615 -4.003 -4.173 -4.363 -3.648
0.4869 -2.926 -2.876 -2.951 -3.144 -3.287 -3.426 -3.065 -3.167 -3.289 -3.431 -3.571 -3.72 -3.162 -3.334 -3.506 -3.627 -3.737 -3.398 -3.54 -3.66 -3.759 -3.928 -3.504 -3.408 -3.561 -3.949 -4.119 -4.309 -3.594
0.4986 -2.872 -2.822 -2.897 -3.09 -3.233 -3.372 -3.011 -3.112 -3.235 -3.377 -3.517 -3.666 -3.107 -3.28 -3.452 -3.573 -3.683 -3.344 -3.486 -3.606 -3.705 -3.873 -3.45 -3.354 -3.507 -3.895 -4.065 -4.255 -3.54
0.5106 -2.818 -2.768 -2.843 -3.036 -3.178 -3.318 -2.957 -3.058 -3.181 -3.323 -3.463 -3.612 -3.053 -3.226 -3.398 -3.519 -3.629 -3.29 -3.432 -3.552 -3.651 -3.819 -3.396 -3.3 -3.453 -3.841 -4.01 -4.201 -3.486
0.523 -2.764 -2.715 -2.789 -2.982 -3.125 -3.264 -2.903 -3.005 -3.127 -3.269 -3.41 -3.558 -3.0 -3.172 -3.344 -3.465 -3.576 -3.236 -3.379 -3.498 -3.597 -3.766 -3.342 -3.247 -3.4 -3.787 -3.957 -4.147 -3.432
0.5356 -2.713 -2.664 -2.739 -2.932 -3.074 -3.213 -2.852 -2.954 -3.076 -3.218 -3.359 -3.507 -2.949 -3.122 -3.293 -3.414 -3.525 -3.185 -3.328 -3.448 -3.547 -3.715 -3.291 -3.196 -3.349 -3.737 -3.906 -4.096 -3.381
0.5485 -2.662 -2.613 -2.688 -2.881 -3.023 -3.162 -2.802 -2.903 -3.026 -3.167 -3.308 -3.457 -2.898 -3.071 -3.243 -3.363 -3.474 -3.134 -3.277 -3.397 -3.496 -3.664 -3.24 -3.145 -3.298 -3.686 -3.855 -4.046 -3.331
0.5617 -2.612 -2.562 -2.637 -2.83 -2.972 -3.112 -2.751 -2.852 -2.975 -3.117 -3.257 -3.406 -2.847 -3.02 -3.192 -3.312 -3.423 -3.084 -3.226 -3.346 -3.445 -3.613 -3.19 -3.094 -3.247 -3.635 -3.804 -3.995 -3.28
0.5753 -2.561 -2.511 -2.586 -2.779 -2.922 -3.061 -2.7 -2.802 -2.924 -3.066 -3.206 -3.355 -2.797 -2.969 -3.141 -3.262 -3.372 -3.033 -3.175 -3.295 -3.394 -3.563 -3.139 -3.044 -3.196 -3.584 -3.754 -3.944 -3.229
0.5891 -2.51 -2.461 -2.535 -2.728 -2.871 -3.01 -2.649 -2.751 -2.873 -3.015 -3.156 -3.304 -2.746 -2.918 -3.09 -3.211 -3.322 -2.982 -3.125 -3.245 -3.344 -3.512 -3.088 -2.993 -3.146 -3.534 -3.703 -3.893 -3.178
0.6034 -2.459 -2.41 -2.485 -2.678 -2.82 -2.959 -2.598 -2.7 -2.822 -2.964 -3.105 -3.253 -2.695 -2.868 -3.039 -3.16 -3.271 -2.931 -3.074 -3.194 -3.293 -3.461 -3.037 -2.942 -3.095 -3.483 -3.652 -3.842 -3.127
0.6179 -2.408 -2.359 -2.434 -2.627 -2.769 -2.908 -2.548 -2.649 -2.772 -2.914 -3.054 -3.203 -2.644 -2.817 -2.989 -3.109 -3.22 -2.881 -3.023 -3.143 -3.242 -3.41 -2.986 -2.891 -3.044 -3.432 -3.601 -3.792 -3.077
0.6328 -2.358 -2.308 -2.383 -2.576 -2.718 -2.858 -2.497 -2.598 -2.721 -2.863 -3.003 -3.152 -2.593 -2.766 -2.938 -3.059 -3.169 -2.83 -2.972 -3.092 -3.191 -3.359 -2.936 -2.84 -2.993 -3.381 -3.55 -3.741 -3.026
0.6481 -2.307 -2.257 -2.332 -2.525 -2.668 -2.807 -2.446 -2.548 -2.67 -2.812 -2.952 -3.101 -2.543 -2.715 -2.887 -3.008 -3.118 -2.779 -2.922 -3.041 -3.14 -3.309 -2.885 -2.79 -2.942 -3.33 -3.5 -3.69 -2.975
0.6637 -2.255 -2.205 -2.28 -2.473 -2.615 -2.754 -2.394 -2.495 -2.618 -2.76 -2.9 -3.049 -2.49 -2.663 -2.835 -2.955 -3.066 -2.727 -2.869 -2.989 -3.088 -3.256 -2.832 -2.737 -2.89 -3.278 -3.447 -3.638 -2.923
0.6797 -2.198 -2.148 -2.223 -2.416 -2.559 -2.698 -2.337 -2.439 -2.561 -2.703 -2.843 -2.992 -2.434 -2.606 -2.778 -2.899 -3.009 -2.67 -2.812 -2.932 -3.031 -3.2 -2.776 -2.681 -2.833 -3.221 -3.391 -3.581 -2.866
0.6961 -2.141 -2.092 -2.167 -2.359 -2.502 -2.641 -2.28 -2.382 -2.504 -2.646 -2.787 -2.935 -2.377 -2.549 -2.721 -2.842 -2.953 -2.613 -2.756 -2.876 -2.975 -3.143 -2.719 -2.624 -2.777 -3.165 -3.334 -3.524 -2.809
0.7129 -2.084 -2.035 -2.11 -2.303 -2.445 -2.584 -2.223 -2.325 -2.448 -2.589 -2.73 -2.878 -2.32 -2.493 -2.665 -2.785 -2.896 -2.556 -2.699 -2.819 -2.918 -3.086 -2.662 -2.567 -2.72 -3.108 -3.277 -3.468 -2.753
0.7301 -2.028 -1.978 -2.053 -2.246 -2.388 -2.528 -2.167 -2.268 -2.391 -2.533 -2.673 -2.822 -2.263 -2.436 -2.608 -2.729 -2.839 -2.5 -2.642 -2.762 -2.861 -3.029 -2.606 -2.51 -2.663 -3.051 -3.22 -3.411 -2.696
0.7477 -1.971 -1.922 -1.996 -2.189 -2.332 -2.471 -2.11 -2.212 -2.334 -2.476 -2.616 -2.765 -2.207 -2.379 -2.551 -2.672 -2.782 -2.443 -2.586 -2.705 -2.804 -2.973 -2.549 -2.454 -2.606 -2.994 -3.164 -3.354 -2.639
0.7658 -1.914 -1.865 -1.94 -2.133 -2.275 -2.414 -2.053 -2.155 -2.277 -2.419 -2.56 -2.708 -2.15 -2.323 -2.494 -2.615 -2.726 -2.386 -2.529 -2.649 -2.748 -2.916 -2.492 -2.397 -2.55 -2.938 -3.107 -3.297 -2.582
0.7842 -1.858 -1.808 -1.883 -2.076 -2.218 -2.357 -1.997 -2.098 -2.221 -2.363 -2.503 -2.652 -2.093 -2.266 -2.438 -2.558 -2.669 -2.33 -2.472 -2.592 -2.691 -2.859 -2.435 -2.34 -2.493 -2.881 -3.05 -3.241 -2.526
0.8032 -1.801 -1.751 -1.826 -2.019 -2.162 -2.301 -1.94 -2.042 -2.164 -2.306 -2.446 -2.595 -2.037 -2.209 -2.381 -2.502 -2.612 -2.273 -2.415 -2.535 -2.634 -2.803 -2.379 -2.284 -2.436 -2.824 -2.994 -3.184 -2.469
0.8225 -1.744 -1.695 -1.769 -1.962 -2.105 -2.244 -1.883 -1.985 -2.107 -2.249 -2.39 -2.538 -1.98 -2.152 -2.324 -2.445 -2.556 -2.216 -2.359 -2.479 -2.578 -2.746 -2.322 -2.227 -2.38 -2.768 -2.937 -3.127 -2.412
0.8424 -1.687 -1.637 -1.712 -1.905 -2.048 -2.187 -1.826 -1.928 -2.05 -2.192 -2.332 -2.481 -1.923 -2.095 -2.267 -2.388 -2.498 -2.159 -2.301 -2.421 -2.52 -2.689 -2.265 -2.17 -2.322 -2.71 -2.88 -3.07 -2.355
0.8627 -1.629 -1.579 -1.654 -1.847 -1.989 -2.129 -1.768 -1.869 -1.992 -2.134 -2.274 -2.423 -1.864 -2.037 -2.209 -2.33 -2.44 -2.101 -2.243 -2.363 -2.462 -2.63 -2.207 -2.111 -2.264 -2.652 -2.821 -3.012 -2.297
0.8835 -1.571 -1.521 -1.596 -1.789 -1.931 -2.07 -1.71 -1.811 -1.934 -2.076 -2.216 -2.365 -1.806 -1.979 -2.151 -2.271 -2.382 -2.043 -2.185 -2.305 -2.404 -2.572 -2.148 -2.053 -2.206 -2.594 -2.763 -2.954 -2.239
0.9048 -1.512 -1.463 -1.538 -1.731 -1.873 -2.012 -1.652 -1.753 -1.876 -2.018 -2.158 -2.307 -1.748 -1.921 -2.093 -2.213 -2.324 -1.985 -2.127 -2.247 -2.346 -2.514 -2.09 -1.995 -2.148 -2.536 -2.705 -2.896 -2.181
0.9266 -1.454 -1.405 -1.48 -1.673 -1.815 -1.954 -1.593 -1.695 -1.818 -1.959 -2.1 -2.248 -1.69 -1.863 -2.035 -2.155 -2.266 -1.926 -2.069 -2.189 -2.288 -2.456 -2.032 -1.937 -2.09 -2.478 -2.647 -2.838 -2.123
0.949 -1.396 -1.347 -1.422 -1.615 -1.757 -1.896 -1.535 -1.637 -1.759 -1.901 -2.042 -2.19 -1.632 -1.805 -1.976 -2.097 -2.208 -1.868 -2.011 -2.131 -2.23 -2.398 -1.974 -1.879 -2.032 -2.42 -2.589 -2.779 -2.064
0.9719 -1.338 -1.289 -1.364 -1.557 -1.699 -1.838 -1.477 -1.579 -1.701 -1.843 -1.984 -2.132 -1.574 -1.746 -1.918 -2.039 -2.15 -1.81 -1.953 -2.073 -2.172 -2.34 -1.916 -1.821 -1.974 -2.362 -2.531 -2.721 -2.006
0.9953 -1.28 -1.231 -1.305 -1.498 -1.641 -1.78 -1.419 -1.521 -1.643 -1.785 -1.926 -2.074 -1.516 -1.688 -1.86 -1.981 -2.092 -1.752 -1.895 -2.015 -2.114 -2.282 -1.858 -1.763 -1.916 -2.304 -2.473 -2.663 -1.948
1.0194 -1.222 -1.173 -1.247 -1.44 -1.583 -1.722 -1.361 -1.463 -1.585 -1.727 -1.867 -2.016 -1.458 -1.63 -1.802 -1.923 -2.033 -1.694 -1.837 -1.956 -2.055 -2.224 -1.8 -1.705 -1.857 -2.245 -2.415 -2.605 -1.89
1.0439 -1.164 -1.114 -1.189 -1.382 -1.525 -1.664 -1.303 -1.405 -1.527 -1.669 -1.809 -1.958 -1.4 -1.572 -1.744 -1.865 -1.975 -1.636 -1.778 -1.898 -1.997 -2.166 -1.742 -1.647 -1.799 -2.187 -2.357 -2.547 -1.832
1.0691 -1.104 -1.055 -1.13 -1.323 -1.465 -1.604 -1.244 -1.345 -1.468 -1.609 -1.75 -1.899 -1.34 -1.513 -1.685 -1.805 -1.916 -1.576 -1.719 -1.839 -1.938 -2.106 -1.682 -1.587 -1.74 -2.128 -2.297 -2.488 -1.773
1.0949 -1.044 -0.994 -1.069 -1.262 -1.405 -1.544 -1.183 -1.285 -1.407 -1.549 -1.689 -1.838 -1.28 -1.452 -1.624 -1.745 -1.855 -1.516 -1.659 -1.778 -1.877 -2.046 -1.622 -1.527 -1.679 -2.067 -2.237 -2.427 -1.712
1.1213 -0.983 -0.934 -1.009 -1.202 -1.344 -1.483 -1.122 -1.224 -1.347 -1.488 -1.629 -1.777 -1.219 -1.392 -1.564 -1.684 -1.795 -1.455 -1.598 -1.718 -1.817 -1.985 -1.561 -1.466 -1.619 -2.007 -2.176 -2.366 -1.652
1.1484 -0.923 -0.873 -0.948 -1.141 -1.284 -1.423 -1.062 -1.164 -1.286 -1.428 -1.568 -1.717 -1.159 -1.331 -1.503 -1.624 -1.734 -1.395 -1.537 -1.657 -1.756 -1.925 -1.501 -1.406 -1.558 -1.946 -2.116 -2.306 -1.591
1.1761 -0.862 -0.813 -0.888 -1.081 -1.223 -1.362 -1.001 -1.103 -1.226 -1.367 -1.508 -1.656 -1.098 -1.271 -1.442 -1.563 -1.674 -1.334 -1.477 -1.597 -1.696 -1.864 -1.44 -1.345 -1.498 -1.886 -2.055 -2.245 -1.53
1.2044 -0.802 -0.752 -0.827 -1.02 -1.163 -1.302 -0.941 -1.043 -1.165 -1.307 -1.447 -1.596 -1.038 -1.21 -1.382 -1.503 -1.613 -1.274 -1.416 -1.536 -1.635 -1.804 -1.38 -1.285 -1.437 -1.825 -1.995 -2.185 -1.47
1.2335 -0.741 -0.692 -0.767 -0.96 -1.102 -1.241 -0.88 -0.982 -1.104 -1.246 -1.387 -1.535 -0.977 -1.15 -1.321 -1.442 -1.553 -1.213 -1.356 -1.476 -1.575 -1.743 -1.319 -1.224 -1.377 -1.765 -1.934 -2.124 -1.409
1.2633 -0.681 -0.631 -0.706 -0.899 -1.042 -1.181 -0.82 -0.922 -1.044 -1.186 -1.326 -1.475 -0.917 -1.089 -1.261 -1.382 -1.492 -1.153 -1.295 -1.415 -1.514 -1.683 -1.259 -1.163 -1.316 -1.704 -1.874 -2.064 -1.349
1.2937 -0.62 -0.571 -0.646 -0.839 -0.981 -1.12 -0.759 -0.861 -0.983 -1.125 -1.266 -1.414 -0.856 -1.029 -1.2 -1.321 -1.432 -1.092 -1.235 -1.355 -1.454 -1.622 -1.198 -1.103 -1.256 -1.644 -1.813 -2.003 -1.288
1.3249 -0.56 -0.51 -0.585 -0.778 -0.921 -1.06 -0.699 -0.801 -0.923 -1.065 -1.205 -1.354 -0.795 -0.968 -1.14 -1.261 -1.371 -1.032 -1.174 -1.294 -1.393 -1.561 -1.138 -1.042 -1.195 -1.583 -1.753 -1.943 -1.228
1.3569 -0.501 -0.451 -0.526 -0.719 -0.862 -1.001 -0.64 -0.742 -0.864 -1.006 -1.146 -1.295 -0.736 -0.909 -1.081 -1.202 -1.312 -0.973 -1.115 -1.235 -1.334 -1.502 -1.079 -0.983 -1.136 -1.524 -1.694 -1.884 -1.169
1.3896 -0.442 -0.393 -0.468 -0.661 -0.803 -0.942 -0.582 -0.683 -0.806 -0.947 -1.088 -1.237 -0.678 -0.851 -1.023 -1.143 -1.254 -0.914 -1.057 -1.177 -1.276 -1.444 -1.02 -0.925 -1.078 -1.466 -1.635 -1.826 -1.111
1.4232 -0.384 -0.335 -0.41 -0.602 -0.745 -0.884 -0.523 -0.625 -0.747 -0.889 -1.03 -1.178 -0.62 -0.792 -0.964 -1.085 -1.196 -0.856 -0.999 -1.119 -1.218 -1.386 -0.962 -0.867 -1.02 -1.408 -1.577 -1.767 -1.052
1.4575 -0.326 -0.276 -0.351 -0.544 -0.687 -0.826 -0.465 -0.567 -0.689 -0.831 -0.971 -1.12 -0.562 -0.734 -0.906 -1.027 -1.137 -0.798 -0.94 -1.06 -1.159 -1.328 -0.904 -0.809 -0.961 -1.349 -1.519 -1.709 -0.994
1.4927 -0.267 -0.218 -0.293 -0.486 -0.628 -0.767 -0.407 -0.508 -0.631 -0.773 -0.913 -1.062 -0.503 -0.676 -0.848 -0.968 -1.079 -0.74 -0.882 -1.002 -1.101 -1.269 -0.845 -0.75 -0.903 -1.291 -1.46 -1.651 -0.936
1.5287 -0.209 -0.16 -0.235 -0.428 -0.57 -0.709 -0.348 -0.45 -0.572 -0.714 -0.855 -1.003 -0.445 -0.617 -0.789 -0.91 -1.021 -0.681 -0.824 -0.944 -1.043 -1.211 -0.787 -0.692 -0.845 -1.233 -1.402 -1.592 -0.877
1.5655 -0.151 -0.101 -0.176 -0.369 -0.512 -0.651 -0.29 -0.392 -0.514 -0.656 -0.796 -0.945 -0.387 -0.559 -0.731 -0.852 -0.962 -0.623 -0.765 -0.885 -0.984 -1.153 -0.729 -0.634 -0.786 -1.174 -1.344 -1.534 -0.819
1.6033 -0.093 -0.043 -0.118 -0.311 -0.453 -0.592 -0.232 -0.333 -0.456 -0.598 -0.738 -0.887 -0.328 -0.501 -0.673 -0.793 -0.904 -0.565 -0.707 -0.827 -0.926 -1.094 -0.67 -0.575 -0.728 -1.116 -1.285 -1.476 -0.761
1.642 -0.034 0.015 -0.06 -0.253 -0.395 -0.534 -0.173 -0.275 -0.397 -0.539 -0.68 -0.828 -0.27 -0.443 -0.614 -0.735 -0.846 -0.506 -0.649 -0.769 -0.868 -1.036 -0.612 -0.517 -0.67 -1.058 -1.227 -1.417 -0.702
1.6816 0.024 0.074 -0.001 -0.194 -0.337 -0.476 -0.115 -0.217 -0.339 -0.481 -0.621 -0.77 -0.212 -0.384 -0.556 -0.677 -0.787 -0.448 -0.591 -0.71 -0.809 -0.978 -0.554 -0.459 -0.611 -0.999 -1.169 -1.359 -0.644
1.7222 0.079 0.128 0.053 -0.14 -0.282 -0.421 -0.06 -0.162 -0.284 -0.426 -0.567 -0.715 -0.157 -0.33 -0.501 -0.622 -0.733 -0.393 -0.536 -0.656 -0.755 -0.923 -0.499 -0.404 -0.557 -0.945 -1.114 -1.304 -0.589
1.7637 0.133 0.182 0.107 -0.086 -0.228 -0.367 -0.007 -0.108 -0.231 -0.373 -0.513 -0.662 -0.103 -0.276 -0.448 -0.568 -0.679 -0.34 -0.482 -0.602 -0.701 -0.869 -0.445 -0.35 -0.503 -0.891 -1.06 -1.251 -0.536
1.8062 0.186 0.236 0.161 -0.032 -0.174 -0.314 0.047 -0.054 -0.177 -0.319 -0.459 -0.608 -0.049 -0.222 -0.394 -0.514 -0.625 -0.286 -0.428 -0.548 -0.647 -0.815 -0.392 -0.296 -0.449 -0.837 -1.006 -1.197 -0.482
1.8498 0.24 0.29 0.215 0.022 -0.121 -0.26 0.101 -0.001 -0.123 -0.265 -0.405 -0.554 0.005 -0.168 -0.34 -0.461 -0.571 -0.232 -0.374 -0.494 -0.593 -0.762 -0.338 -0.242 -0.395 -0.783 -0.953 -1.143 -0.428
1.8944 0.294 0.344 0.269 0.076 -0.067 -0.206 0.155 0.053 -0.069 -0.211 -0.351 -0.5 0.058 -0.114 -0.286 -0.407 -0.517 -0.178 -0.321 -0.44 -0.539 -0.708 -0.284 -0.189 -0.341 -0.729 -0.899 -1.089 -0.374
1.9401 0.348 0.397 0.323 0.13 -0.013 -0.152 0.209 0.107 -0.015 -0.157 -0.298 -0.446 0.112 -0.06 -0.232 -0.353 -0.464 -0.124 -0.267 -0.387 -0.486 -0.654 -0.23 -0.135 -0.288 -0.676 -0.845 -1.035 -0.32
1.9869 0.402 0.451 0.376 0.183 0.041 -0.098 0.263 0.161 0.039 -0.103 -0.244 -0.392 0.166 -0.007 -0.178 -0.299 -0.41 -0.07 -0.213 -0.333 -0.432 -0.6 -0.176 -0.081 -0.234 -0.622 -0.791 -0.981 -0.266
2.0349 0.456 0.505 0.43 0.237 0.095 -0.044 0.317 0.215 0.092 -0.049 -0.19 -0.338 0.22 0.047 -0.125 -0.245 -0.356 -0.016 -0.159 -0.279 -0.378 -0.546 -0.122 -0.027 -0.18 -0.568 -0.737 -0.928 -0.213
2.084 0.509 0.559 0.484 0.291 0.149 0.01 0.37 0.269 0.146 0.004 -0.136 -0.285 0.274 0.101 -0.071 -0.191 -0.302 0.037 -0.105 -0.225 -0.324 -0.492 -0.068 0.027 -0.126 -0.514 -0.683 -0.874 -0.159
2.1342 0.563 0.613 0.538 0.345 0.203 0.063 0.424 0.323 0.2 0.058 -0.082 -0.231 0.328 0.155 -0.017 -0.138 -0.248 0.091 -0.051 -0.171 -0.27 -0.438 -0.015 0.081 -0.072 -0.46 -0.629 -0.82 -0.105
2.1857 0.618 0.667 0.592 0.399 0.257 0.118 0.479 0.377 0.255 0.113 -0.028 -0.176 0.382 0.209 0.038 -0.083 -0.194 0.146 0.003 -0.117 -0.216 -0.384 0.04 0.135 -0.018 -0.406 -0.575 -0.765 -0.05
2.2384 0.672 0.722 0.647 0.454 0.311 0.172 0.533 0.431 0.309 0.167 0.027 -0.122 0.436 0.264 0.092 -0.029 -0.139 0.2 0.058 -0.062 -0.161 -0.33 0.094 0.189 0.037 -0.351 -0.521 -0.711 0.004
2.2924 0.727 0.776 0.701 0.508 0.366 0.227 0.588 0.486 0.363 0.222 0.081 -0.067 0.491 0.318 0.146 0.026 -0.085 0.255 0.112 -0.008 -0.107 -0.275 0.149 0.244 0.091 -0.297 -0.466 -0.656 0.059
2.3477 0.781 0.831 0.756 0.563 0.42 0.281 0.642 0.54 0.418 0.276 0.136 -0.013 0.545 0.373 0.201 0.08 -0.03 0.309 0.166 0.047 -0.052 -0.221 0.203 0.298 0.146 -0.242 -0.412 -0.602 0.113
2.4044 0.836 0.885 0.81 0.617 0.475 0.336 0.696 0.595 0.472 0.33 0.19 0.041 0.6 0.427 0.255 0.135 0.024 0.363 0.221 0.101 0.002 -0.166 0.258 0.353 0.2 -0.188 -0.357 -0.548 0.167
2.4624 0.89 0.939 0.865 0.672 0.529 0.39 0.751 0.649 0.527 0.385 0.244 0.096 0.654 0.482 0.31 0.189 0.078 0.418 0.275 0.156 0.056 -0.112 0.312 0.407 0.254 -0.133 -0.303 -0.493 0.222
2.5218 0.944 0.994 0.919 0.726 0.584 0.445 0.805 0.704 0.581 0.439 0.299 0.15 0.709 0.536 0.364 0.244 0.133 0.472 0.33 0.21 0.111 -0.057 0.367 0.462 0.309 -0.079 -0.248 -0.439 0.276
