web/models/grb/onaxis/27/grb_0.0000_71.9686_0.2511886.dat
# %ECSV 1.0
# ---
# datatype:
# - {name: time, datatype: float64}
# - {name: swift_uvot_uvw2, datatype: float64}
# - {name: swift_uvot_uvm2, datatype: float64}
# - {name: swift_uvot_uvw1, datatype: float64}
# - {name: swift_uvot_U, datatype: float64}
# - {name: swift_uvot_B, datatype: float64}
# - {name: swift_uvot_V, datatype: float64}
# - {name: swift_uvot_W, datatype: float64}
# - {name: johnson_U, datatype: float64}
# - {name: johnson_B, datatype: float64}
# - {name: johnson_V, datatype: float64}
# - {name: johnson_R, datatype: float64}
# - {name: johnson_I, datatype: float64}
# - {name: sdss_u, datatype: float64}
# - {name: sdss_g, datatype: float64}
# - {name: sdss_r, datatype: float64}
# - {name: sdss_i, datatype: float64}
# - {name: sdss_z, datatype: float64}
# - {name: PS1_g, datatype: float64}
# - {name: PS1_r, datatype: float64}
# - {name: PS1_i, datatype: float64}
# - {name: PS1_z, datatype: float64}
# - {name: PS1_Y, datatype: float64}
# - {name: PS1_w, datatype: float64}
# - {name: ATLAS_c, datatype: float64}
# - {name: ATLAS_o, datatype: float64}
# - {name: ukirt_J, datatype: float64}
# - {name: ukirt_H, datatype: float64}
# - {name: ukirt_K, datatype: float64}
# - {name: Clear, datatype: float64}
# meta: !!omap
# - comment: [E = 0.031231838447717777, Eta0 = 8.02, GammaB = 12.0, dL = 0.012188, epsb = 6.760829753919819e-06, epse = 0.1, n = 0.25118864315095824,
#     p = 2.15, theta_obs = 0.0, xiN = 1.0, z = 0.0, type = grb, E_kiso = 71.96856730011521]
# schema: astropy-2.0
time swift_uvot_uvw2 swift_uvot_uvm2 swift_uvot_uvw1 swift_uvot_U swift_uvot_B swift_uvot_V swift_uvot_W johnson_U johnson_B johnson_V johnson_R johnson_I sdss_u sdss_g sdss_r sdss_i sdss_z PS1_g PS1_r PS1_i PS1_z PS1_Y PS1_w ATLAS_c ATLAS_o ukirt_J ukirt_H ukirt_K Clear
[from data line 363]
57.2588 -0.084 -0.034 -0.109 -0.302 -0.444 -0.584 -0.223 -0.324 -0.447 -0.589 -0.729 -0.878 -0.319 -0.492 -0.664 -0.785 -0.895 -0.556 -0.698 -0.818 -0.917 -1.085 -0.662 -0.566 -0.719 -1.107 -1.276 -1.467 -0.752
58.6401 -0.048 0.002 -0.073 -0.266 -0.409 -0.548 -0.187 -0.289 -0.411 -0.553 -0.693 -0.842 -0.283 -0.456 -0.628 -0.749 -0.859 -0.52 -0.662 -0.782 -0.881 -1.049 -0.626 -0.53 -0.683 -1.071 -1.241 -1.431 -0.716
60.0546 -0.012 0.038 -0.037 -0.23 -0.373 -0.512 -0.151 -0.253 -0.375 -0.517 -0.657 -0.806 -0.248 -0.42 -0.592 -0.713 -0.823 -0.484 -0.626 -0.746 -0.845 -1.014 -0.59 -0.495 -0.647 -1.035 -1.205 -1.395 -0.68
61.5034 0.025 0.074 -0.001 -0.194 -0.336 -0.475 -0.114 -0.216 -0.339 -0.48 -0.621 -0.769 -0.211 -0.384 -0.555 -0.676 -0.787 -0.447 -0.59 -0.71 -0.809 -0.977 -0.553 -0.458 -0.611 -0.999 -1.168 -1.358 -0.643
62.987 0.061 0.111 0.036 -0.157 -0.3 -0.439 -0.078 -0.179 -0.302 -0.444 -0.584 -0.733 -0.174 -0.347 -0.519 -0.64 -0.75 -0.411 -0.553 -0.673 -0.772 -0.94 -0.517 -0.421 -0.574 -0.962 -1.132 -1.322 -0.607
64.5065 0.098 0.147 0.072 -0.121 -0.263 -0.402 -0.041 -0.143 -0.265 -0.407 -0.548 -0.696 -0.138 -0.31 -0.482 -0.603 -0.714 -0.374 -0.517 -0.637 -0.736 -0.904 -0.48 -0.385 -0.538 -0.926 -1.095 -1.285 -0.57
66.0626 0.134 0.184 0.109 -0.084 -0.226 -0.365 -0.005 -0.106 -0.229 -0.371 -0.511 -0.66 -0.101 -0.274 -0.446 -0.566 -0.677 -0.338 -0.48 -0.6 -0.699 -0.867 -0.443 -0.348 -0.501 -0.889 -1.058 -1.249 -0.534
67.6562 0.171 0.22 0.146 -0.047 -0.19 -0.329 0.032 -0.07 -0.192 -0.334 -0.475 -0.623 -0.065 -0.237 -0.409 -0.53 -0.64 -0.301 -0.444 -0.563 -0.662 -0.831 -0.407 -0.312 -0.464 -0.852 -1.022 -1.212 -0.497
69.2883 0.208 0.257 0.182 -0.011 -0.153 -0.292 0.068 -0.033 -0.156 -0.297 -0.438 -0.587 -0.028 -0.201 -0.373 -0.493 -0.604 -0.264 -0.407 -0.527 -0.626 -0.794 -0.37 -0.275 -0.428 -0.816 -0.985 -1.176 -0.461
70.9597 0.244 0.294 0.219 0.026 -0.117 -0.256 0.105 0.003 -0.119 -0.261 -0.401 -0.55 0.008 -0.164 -0.336 -0.457 -0.567 -0.228 -0.37 -0.49 -0.589 -0.758 -0.334 -0.239 -0.391 -0.779 -0.949 -1.139 -0.424
72.6715 0.281 0.33 0.255 0.062 -0.08 -0.219 0.142 0.04 -0.082 -0.224 -0.365 -0.513 0.045 -0.128 -0.299 -0.42 -0.531 -0.191 -0.334 -0.454 -0.553 -0.721 -0.297 -0.202 -0.355 -0.743 -0.912 -1.102 -0.387
74.4246 0.317 0.367 0.292 0.099 -0.043 -0.183 0.178 0.077 -0.046 -0.188 -0.328 -0.477 0.082 -0.091 -0.263 -0.384 -0.494 -0.155 -0.297 -0.417 -0.516 -0.684 -0.261 -0.165 -0.318 -0.706 -0.875 -1.066 -0.351
76.2199 0.354 0.403 0.328 0.135 -0.007 -0.146 0.215 0.113 -0.009 -0.151 -0.292 -0.44 0.118 -0.054 -0.226 -0.347 -0.458 -0.118 -0.261 -0.381 -0.48 -0.648 -0.224 -0.129 -0.282 -0.67 -0.839 -1.029 -0.314
78.0586 0.388 0.437 0.362 0.17 0.027 -0.112 0.249 0.147 0.025 -0.117 -0.258 -0.406 0.152 -0.02 -0.192 -0.313 -0.424 -0.084 -0.227 -0.347 -0.446 -0.614 -0.19 -0.095 -0.248 -0.636 -0.805 -0.995 -0.28
79.9416 0.422 0.471 0.396 0.204 0.061 -0.078 0.283 0.181 0.059 -0.083 -0.224 -0.372 0.186 0.014 -0.158 -0.279 -0.39 -0.05 -0.193 -0.313 -0.412 -0.58 -0.156 -0.061 -0.214 -0.602 -0.771 -0.961 -0.246
81.87 0.456 0.505 0.431 0.238 0.095 -0.044 0.317 0.215 0.093 -0.049 -0.19 -0.338 0.22 0.048 -0.124 -0.245 -0.356 -0.016 -0.159 -0.279 -0.378 -0.546 -0.122 -0.027 -0.18 -0.568 -0.737 -0.927 -0.212
83.845 0.49 0.539 0.465 0.272 0.129 -0.01 0.351 0.249 0.127 -0.015 -0.156 -0.304 0.254 0.082 -0.09 -0.211 -0.322 0.018 -0.125 -0.245 -0.344 -0.512 -0.088 0.007 -0.146 -0.534 -0.703 -0.893 -0.178
85.8676 0.524 0.573 0.499 0.306 0.163 0.024 0.385 0.283 0.161 0.019 -0.122 -0.27 0.288 0.116 -0.056 -0.177 -0.288 0.052 -0.091 -0.21 -0.31 -0.478 -0.054 0.041 -0.112 -0.499 -0.669 -0.859 -0.144
87.939 0.558 0.607 0.533 0.34 0.197 0.058 0.419 0.317 0.195 0.053 -0.088 -0.236 0.322 0.15 -0.022 -0.143 -0.254 0.086 -0.057 -0.176 -0.275 -0.444 -0.02 0.075 -0.078 -0.465 -0.635 -0.825 -0.11
90.0604 0.592 0.641 0.567 0.374 0.231 0.092 0.453 0.351 0.229 0.087 -0.054 -0.202 0.356 0.184 0.012 -0.109 -0.219 0.12 -0.023 -0.142 -0.241 -0.41 0.014 0.109 -0.043 -0.431 -0.601 -0.791 -0.076
92.2329 0.626 0.675 0.601 0.408 0.265 0.126 0.487 0.385 0.263 0.121 -0.02 -0.168 0.39 0.218 0.046 -0.075 -0.185 0.154 0.011 -0.108 -0.207 -0.376 0.048 0.143 -0.009 -0.397 -0.567 -0.757 -0.042
94.4579 0.66 0.709 0.635 0.442 0.299 0.16 0.521 0.419 0.297 0.155 0.015 -0.134 0.424 0.252 0.08 -0.041 -0.151 0.188 0.045 -0.074 -0.173 -0.342 0.082 0.177 0.025 -0.363 -0.533 -0.723 -0.008
96.7365 0.694 0.743 0.668 0.475 0.333 0.194 0.554 0.453 0.33 0.188 0.048 -0.101 0.458 0.285 0.113 -0.007 -0.118 0.221 0.079 -0.041 -0.14 -0.308 0.116 0.211 0.058 -0.33 -0.499 -0.69 0.025
99.0701 0.724 0.774 0.699 0.506 0.364 0.225 0.585 0.484 0.361 0.219 0.079 -0.07 0.489 0.316 0.144 0.024 -0.087 0.252 0.11 -0.01 -0.109 -0.277 0.147 0.242 0.089 -0.299 -0.468 -0.659 0.056
101.4599 0.755 0.805 0.73 0.537 0.395 0.255 0.616 0.515 0.392 0.25 0.11 -0.039 0.52 0.347 0.175 0.055 -0.056 0.283 0.141 0.021 -0.078 -0.246 0.177 0.273 0.12 -0.268 -0.437 -0.628 0.087
103.9075 0.786 0.836 0.761 0.568 0.426 0.286 0.647 0.546 0.423 0.281 0.141 -0.008 0.551 0.378 0.206 0.085 -0.025 0.314 0.172 0.052 -0.047 -0.215 0.208 0.304 0.151 -0.237 -0.406 -0.597 0.118
106.4141 0.817 0.867 0.792 0.599 0.456 0.317 0.678 0.576 0.454 0.312 0.172 0.023 0.581 0.409 0.237 0.116 0.006 0.345 0.203 0.083 -0.016 -0.185 0.239 0.335 0.182 -0.206 -0.376 -0.566 0.149
108.9811 0.848 0.898 0.823 0.63 0.487 0.348 0.709 0.607 0.485 0.343 0.203 0.054 0.612 0.44 0.268 0.147 0.037 0.376 0.233 0.114 0.015 -0.154 0.27 0.365 0.213 -0.175 -0.345 -0.535 0.18
111.6101 0.879 0.928 0.854 0.661 0.518 0.379 0.74 0.638 0.516 0.374 0.233 0.085 0.643 0.471 0.299 0.178 0.068 0.407 0.264 0.145 0.046 -0.123 0.301 0.396 0.244 -0.144 -0.314 -0.504 0.211
114.3025 0.91 0.959 0.885 0.692 0.549 0.41 0.771 0.669 0.547 0.405 0.264 0.116 0.674 0.502 0.33 0.209 0.098 0.438 0.295 0.175 0.076 -0.092 0.332 0.427 0.274 -0.114 -0.283 -0.473 0.242
117.0598 0.941 0.99 0.915 0.722 0.58 0.441 0.802 0.7 0.578 0.436 0.295 0.147 0.705 0.533 0.361 0.24 0.129 0.469 0.326 0.206 0.107 -0.061 0.363 0.458 0.305 -0.083 -0.252 -0.442 0.273
119.8836 0.972 1.021 0.946 0.753 0.611 0.472 0.833 0.731 0.609 0.467 0.326 0.178 0.736 0.563 0.392 0.271 0.16 0.5 0.357 0.237 0.138 -0.03 0.394 0.489 0.336 -0.052 -0.221 -0.411 0.304
122.7756 1.003 1.052 0.977 0.784 0.642 0.503 0.864 0.762 0.64 0.498 0.357 0.209 0.767 0.594 0.423 0.302 0.191 0.531 0.388 0.268 0.169 0.001 0.425 0.52 0.367 -0.021 -0.19 -0.38 0.335
125.7373 1.034 1.083 1.008 0.815 0.673 0.534 0.895 0.793 0.671 0.529 0.388 0.24 0.798 0.626 0.454 0.333 0.222 0.562 0.419 0.299 0.2 0.032 0.456 0.551 0.398 0.01 -0.159 -0.349 0.366
128.7705 1.065 1.114 1.04 0.847 0.704 0.565 0.926 0.824 0.702 0.56 0.419 0.271 0.829 0.657 0.485 0.364 0.253 0.593 0.45 0.33 0.231 0.063 0.487 0.582 0.429 0.041 -0.128 -0.318 0.397
131.8769 1.096 1.145 1.071 0.878 0.735 0.596 0.957 0.855 0.733 0.591 0.45 0.302 0.86 0.688 0.516 0.395 0.285 0.624 0.481 0.362 0.263 0.094 0.518 0.613 0.461 0.073 -0.097 -0.287 0.428
135.0582 1.127 1.177 1.102 0.909 0.766 0.627 0.988 0.886 0.764 0.622 0.482 0.333 0.891 0.719 0.547 0.426 0.316 0.655 0.512 0.393 0.294 0.125 0.549 0.644 0.492 0.104 -0.066 -0.256 0.459
138.3162 1.158 1.208 1.133 0.94 0.797 0.658 1.019 0.917 0.795 0.653 0.513 0.364 0.922 0.75 0.578 0.457 0.347 0.686 0.544 0.424 0.325 0.156 0.58 0.675 0.523 0.135 -0.035 -0.225 0.49
141.6528 1.189 1.239 1.164 0.971 0.828 0.689 1.05 0.949 0.826 0.684 0.544 0.395 0.954 0.781 0.609 0.488 0.378 0.717 0.575 0.455 0.356 0.188 0.611 0.707 0.554 0.166 -0.004 -0.194 0.521
145.0699 1.22 1.27 1.195 1.002 0.86 0.72 1.081 0.98 0.857 0.715 0.575 0.426 0.985 0.812 0.64 0.52 0.409 0.748 0.606 0.486 0.387 0.219 0.642 0.738 0.585 0.197 0.028 -0.163 0.552
148.5695 1.251 1.301 1.226 1.033 0.891 0.752 1.112 1.011 0.888 0.746 0.606 0.457 1.016 0.843 0.671 0.551 0.44 0.779 0.637 0.517 0.418 0.25 0.674 0.769 0.616 0.228 0.059 -0.132 0.583
152.1534 1.283 1.332 1.257 1.064 0.922 0.783 1.143 1.042 0.919 0.777 0.637 0.488 1.047 0.874 0.702 0.582 0.471 0.81 0.668 0.548 0.449 0.281 0.705 0.8 0.647 0.259 0.09 -0.101 0.614
155.8238 1.32 1.369 1.295 1.102 0.959 0.82 1.181 1.079 0.957 0.815 0.674 0.526 1.084 0.912 0.74 0.619 0.508 0.848 0.705 0.585 0.486 0.318 0.742 0.837 0.684 0.296 0.127 -0.063 0.652
159.5828 1.365 1.415 1.34 1.147 1.004 0.865 1.226 1.124 1.002 0.86 0.72 0.571 1.129 0.957 0.785 0.664 0.554 0.893 0.75 0.631 0.532 0.363 0.787 0.882 0.73 0.342 0.172 -0.018 0.697
163.4324 1.41 1.46 1.385 1.192 1.049 0.91 1.271 1.169 1.047 0.905 0.765 0.616 1.175 1.002 0.83 0.709 0.599 0.938 0.796 0.676 0.577 0.408 0.832 0.928 0.775 0.387 0.217 0.027 0.742
167.375 1.455 1.505 1.43 1.237 1.095 0.955 1.316 1.215 1.092 0.95 0.81 0.661 1.22 1.047 0.875 0.755 0.644 0.983 0.841 0.721 0.622 0.454 0.877 0.973 0.82 0.432 0.263 0.072 0.787
171.4126 1.501 1.55 1.475 1.282 1.14 1.001 1.361 1.26 1.137 0.995 0.855 0.706 1.265 1.092 0.92 0.8 0.689 1.028 0.886 0.766 0.667 0.499 0.923 1.018 0.865 0.477 0.308 0.117 0.832
175.5476 1.546 1.595 1.52 1.327 1.185 1.046 1.407 1.305 1.182 1.041 0.9 0.752 1.31 1.137 0.966 0.845 0.734 1.074 0.931 0.811 0.712 0.544 0.968 1.063 0.91 0.522 0.353 0.163 0.878
179.7823 1.591 1.64 1.565 1.372 1.23 1.091 1.452 1.35 1.228 1.086 0.945 0.797 1.355 1.183 1.011 0.89 0.779 1.119 0.976 0.856 0.757 0.589 1.013 1.108 0.955 0.567 0.398 0.208 0.923
184.1193 1.636 1.685 1.611 1.418 1.275 1.136 1.497 1.395 1.273 1.131 0.99 0.842 1.4 1.228 1.056 0.935 0.824 1.164 1.021 0.902 0.802 0.634 1.058 1.153 1.0 0.613 0.443 0.253 0.968
188.5608 1.681 1.731 1.656 1.463 1.32 1.181 1.542 1.44 1.318 1.176 1.036 0.887 1.445 1.273 1.101 0.98 0.87 1.209 1.066 0.947 0.848 0.679 1.103 1.198 1.046 0.658 0.488 0.298 1.013
193.1095 1.726 1.776 1.701 1.508 1.365 1.226 1.587 1.485 1.363 1.221 1.081 0.932 1.491 1.318 1.146 1.025 0.915 1.254 1.112 0.992 0.893 0.725 1.148 1.244 1.091 0.703 0.533 0.343 1.058
197.7679 1.787 1.836 1.761 1.569 1.426 1.287 1.648 1.546 1.424 1.282 1.141 0.993 1.551 1.379 1.207 1.086 0.975 1.315 1.172 1.052 0.953 0.785 1.209 1.304 1.151 0.763 0.594 0.404 1.119
202.5387 1.858 1.908 1.833 1.64 1.498 1.358 1.719 1.618 1.495 1.353 1.213 1.064 1.623 1.45 1.278 1.157 1.047 1.386 1.244 1.124 1.025 0.857 1.28 1.376 1.223 0.835 0.666 0.475 1.19
207.4245 1.93 1.979 1.904 1.711 1.569 1.43 1.791 1.689 1.567 1.425 1.284 1.136 1.694 1.521 1.35 1.229 1.118 1.458 1.315 1.195 1.096 0.928 1.352 1.447 1.294 0.906 0.737 0.547 1.262
212.4283 2.001 2.051 1.976 1.783 1.64 1.501 1.862 1.76 1.638 1.496 1.356 1.207 1.765 1.593 1.421 1.3 1.19 1.529 1.386 1.267 1.168 0.999 1.423 1.518 1.366 0.978 0.808 0.618 1.333
217.5527 2.072 2.122 2.047 1.854 1.712 1.573 1.933 1.832 1.709 1.567 1.427 1.278 1.837 1.664 1.492 1.372 1.261 1.6 1.458 1.338 1.239 1.071 1.495 1.59 1.437 1.049 0.88 0.689 1.404
222.8008 2.144 2.193 2.118 1.925 1.783 1.644 2.005 1.903 1.781 1.639 1.498 1.35 1.908 1.736 1.564 1.443 1.332 1.672 1.529 1.409 1.31 1.142 1.566 1.661 1.508 1.12 0.951 0.761 1.476
228.1754 2.215 2.265 2.19 1.997 1.854 1.715 2.076 1.974 1.852 1.71 1.57 1.421 1.98 1.807 1.635 1.514 1.404 1.743 1.601 1.481 1.382 1.213 1.637 1.733 1.58 1.192 1.022 0.832 1.547
233.6797 2.287 2.336 2.261 2.068 1.926 1.787 2.148 2.046 1.923 1.782 1.641 1.493 2.051 1.878 1.706 1.586 1.475 1.815 1.672 1.552 1.453 1.285 1.709 1.804 1.651 1.263 1.094 0.904 1.619
239.3168 2.358 2.407 2.333 2.14 1.997 1.858 2.219 2.117 1.995 1.853 1.712 1.564 2.122 1.95 1.778 1.657 1.547 1.886 1.743 1.624 1.525 1.356 1.78 1.875 1.723 1.335 1.165 0.975 1.69
245.0899 2.429 2.479 2.404 2.211 2.069 1.93 2.29 2.189 2.066 1.924 1.784 1.635 2.194 2.021 1.849 1.729 1.618 1.957 1.815 1.695 1.596 1.428 1.852 1.947 1.794 1.406 1.237 1.046 1.761
251.0022 2.526 2.575 2.5 2.308 2.165 2.026 2.387 2.285 2.163 2.021 1.88 1.732 2.29 2.118 1.946 1.825 1.714 2.054 1.911 1.791 1.692 1.524 1.948 2.043 1.89 1.502 1.333 1.143 1.858
257.0572 2.631 2.681 2.606 2.413 2.271 2.132 2.492 2.391 2.268 2.126 1.986 1.837 2.396 2.223 2.051 1.931 1.82 2.159 2.017 1.897 1.798 1.63 2.054 2.149 1.996 1.608 1.439 1.248 1.963
263.2582 2.737 2.787 2.712 2.519 2.376 2.237 2.598 2.496 2.374 2.232 2.092 1.943 2.501 2.329 2.157 2.036 1.926 2.265 2.122 2.003 1.904 1.735 2.159 2.254 2.102 1.714 1.544 1.354 2.069
269.6088 2.843 2.892 2.817 2.624 2.482 2.343 2.704 2.602 2.479 2.338 2.197 2.049 2.607 2.434 2.263 2.142 2.031 2.371 2.228 2.108 2.009 1.841 2.265 2.36 2.207 1.819 1.65 1.46 2.175
276.1126 2.948 2.998 2.923 2.73 2.587 2.448 2.809 2.708 2.585 2.443 2.303 2.154 2.713 2.54 2.368 2.247 2.137 2.476 2.334 2.214 2.115 1.947 2.37 2.466 2.313 1.925 1.755 1.565 2.28
282.7734 3.054 3.103 3.028 2.835 2.693 2.554 2.915 2.813 2.691 2.549 2.408 2.26 2.818 2.646 2.474 2.353 2.242 2.582 2.439 2.319 2.22 2.052 2.476 2.571 2.418 2.03 1.861 1.671 2.386
289.5947 3.159 3.209 3.134 2.941 2.799 2.66 3.02 2.919 2.796 2.654 2.514 2.365 2.924 2.751 2.579 2.459 2.348 2.687 2.545 2.425 2.326 2.158 2.582 2.677 2.524 2.136 1.967 1.776 2.491
296.5807 3.265 3.314 3.24 3.047 2.904 2.765 3.126 3.024 2.902 2.76 2.619 2.471 3.029 2.857 2.685 2.564 2.454 2.793 2.65 2.531 2.432 2.263 2.687 2.782 2.63 2.242 2.072 1.882 2.597
303.7351 3.371 3.42 3.345 3.152 3.01 2.871 3.232 3.13 3.007 2.866 2.725 2.577 3.135 2.962 2.79 2.67 2.559 2.899 2.756 2.636 2.537 2.369 2.793 2.888 2.735 2.347 2.178 1.987 2.702
311.0622 3.476 3.526 3.451 3.258 3.115 2.976 3.337 3.235 3.113 2.971 2.831 2.682 3.24 3.068 2.896 2.775 2.665 3.004 2.862 2.742 2.643 2.474 2.898 2.993 2.841 2.453 2.283 2.093 2.808
318.566 3.64 3.689 3.614 3.421 3.279 3.14 3.501 3.399 3.277 3.135 2.994 2.846 3.404 3.231 3.06 2.939 2.828 3.168 3.025 2.905 2.806 2.638 3.062 3.157 3.004 2.616 2.447 2.257 2.972
326.2508 3.811 3.861 3.786 3.593 3.451 3.312 3.672 3.571 3.448 3.306 3.166 3.017 3.576 3.403 3.231 3.111 3.0 3.339 3.197 3.077 2.978 2.81 3.234 3.329 3.176 2.788 2.619 2.428 3.143
334.121 3.983 4.033 3.958 3.765 3.622 3.483 3.844 3.742 3.62 3.478 3.338 3.189 3.747 3.575 3.403 3.282 3.172 3.511 3.368 3.249 3.15 2.981 3.405 3.5 3.348 2.96 2.79 2.6 3.315
342.181 4.155 4.204 4.129 3.936 3.794 3.655 4.016 3.914 3.792 3.65 3.509 3.361 3.919 3.746 3.575 3.454 3.343 3.683 3.54 3.42 3.321 3.153 3.577 3.672 3.519 3.131 2.962 2.772 3.487
350.4355 4.326 4.376 4.301 4.108 3.966 3.826 4.187 4.086 3.963 3.821 3.681 3.532 4.091 3.918 3.746 3.626 3.515 3.854 3.712 3.592 3.493 3.325 3.748 3.844 3.691 3.303 3.134 2.943 3.658
358.8891 4.498 4.547 4.473 4.28 4.137 3.998 4.359 4.257 4.135 3.993 3.853 3.704 4.262 4.09 3.918 3.797 3.687 4.026 3.883 3.764 3.665 3.496 3.92 4.015 3.863 3.475 3.305 3.115 3.83
367.5467 4.67 4.719 4.644 4.451 4.309 4.17 4.531 4.429 4.307 4.165 4.024 3.876 4.434 4.261 4.09 3.969 3.858 4.198 4.055 3.935 3.836 3.668 4.092 4.187 4.034 3.646 3.477 3.287 4.002
376.4131 4.841 4.891 4.816 4.623 4.481 4.341 4.702 4.601 4.478 4.336 4.196 4.047 4.606 4.433 4.261 4.141 4.03 4.369 4.227 4.107 4.008 3.84 4.263 4.359 4.206 3.818 3.649 3.458 4.173
385.4933 5.013 5.062 4.988 4.795 4.652 4.513 4.874 4.772 4.65 4.508 4.368 4.219 4.777 4.605 4.433 4.312 4.202 4.541 4.398 4.279 4.18 4.011 4.435 4.53 4.378 3.99 3.82 3.63 4.345
394.7926 5.188 5.237 5.163 4.97 4.827 4.688 5.049 4.947 4.825 4.683 4.542 4.394 4.952 4.78 4.608 4.487 4.377 4.716 4.573 4.454 4.355 4.186 4.61 4.705 4.553 4.165 3.995 3.805 4.52
404.3163 5.523 5.572 5.497 5.304 5.162 5.023 5.384 5.282 5.16 5.018 4.877 4.729 5.287 5.115 4.943 4.822 4.711 5.051 4.908 4.788 4.689 4.521 4.945 5.04 4.887 4.499 4.33 4.14 4.855
414.0697 5.858 5.907 5.832 5.639 5.497 5.358 5.719 5.617 5.494 5.353 5.212 5.064 5.622 5.449 5.278 5.157 5.046 5.386 5.243 5.123 5.024 4.856 5.28 5.375 5.222 4.834 4.665 4.475 5.19
424.0583 6.192 6.242 6.167 5.974 5.832 5.693 6.053 5.952 5.829 5.687 5.547 5.398 5.957 5.784 5.612 5.492 5.381 5.72 5.578 5.458 5.359 5.191 5.615 5.71 5.557 5.169 5.0 4.809 5.524
