web/models/grb/onaxis/27/grb_0.0000_13.8950_0.2511886.dat
# %ECSV 1.0
# ---
# datatype:
# - {name: time, datatype: float64}
# - {name: swift_uvot_uvw2, datatype: float64}
# - {name: swift_uvot_uvm2, datatype: float64}
# - {name: swift_uvot_uvw1, datatype: float64}
# - {name: swift_uvot_U, datatype: float64}
# - {name: swift_uvot_B, datatype: float64}
# - {name: swift_uvot_V, datatype: float64}
# - {name: swift_uvot_W, datatype: float64}
# - {name: johnson_U, datatype: float64}
# - {name: johnson_B, datatype: float64}
# - {name: johnson_V, datatype: float64}
# - {name: johnson_R, datatype: float64}
# - {name: johnson_I, datatype: float64}
# - {name: sdss_u, datatype: float64}
# - {name: sdss_g, datatype: float64}
# - {name: sdss_r, datatype: float64}
# - {name: sdss_i, datatype: float64}
# - {name: sdss_z, datatype: float64}
# - {name: PS1_g, datatype: float64}
# - {name: PS1_r, datatype: float64}
# - {name: PS1_i, datatype: float64}
# - {name: PS1_z, datatype: float64}
# - {name: PS1_Y, datatype: float64}
# - {name: PS1_w, datatype: float64}
# - {name: ATLAS_c, datatype: float64}
# - {name: ATLAS_o, datatype: float64}
# - {name: ukirt_J, datatype: float64}
# - {name: ukirt_H, datatype: float64}
# - {name: ukirt_K, datatype: float64}
# - {name: Clear, datatype: float64}
# meta: !!omap
# - comment: [E = 0.006029923955985727, Eta0 = 8.02, GammaB = 12.0, dL = 0.012188, epsb = 6.760829753919819e-06, epse = 0.1, n = 0.25118864315095824,
#     p = 2.15, theta_obs = 0.0, xiN = 1.0, z = 0.0, type = grb, E_kiso = 13.894954943731374]
# schema: astropy-2.0
time swift_uvot_uvw2 swift_uvot_uvm2 swift_uvot_uvw1 swift_uvot_U swift_uvot_B swift_uvot_V swift_uvot_W johnson_U johnson_B johnson_V johnson_R johnson_I sdss_u sdss_g sdss_r sdss_i sdss_z PS1_g PS1_r PS1_i PS1_z PS1_Y PS1_w ATLAS_c ATLAS_o ukirt_J ukirt_H ukirt_K Clear
[from data line 140]
0.2814 -8.091 -8.042 -8.116 -8.309 -8.452 -8.591 -8.23 -8.332 -8.454 -8.596 -8.737 -8.885 -8.327 -8.499 -8.671 -8.792 -8.902 -8.563 -8.706 -8.825 -8.924 -9.093 -8.669 -8.574 -8.726 -9.114 -9.284 -9.474 -8.759
0.2882 -8.034 -7.985 -8.06 -8.253 -8.395 -8.534 -8.173 -8.275 -8.397 -8.539 -8.68 -8.828 -8.27 -8.443 -8.614 -8.735 -8.846 -8.506 -8.649 -8.769 -8.868 -9.036 -8.612 -8.517 -8.67 -9.058 -9.227 -9.417 -8.702
0.2951 -7.978 -7.928 -8.003 -8.196 -8.338 -8.477 -8.117 -8.218 -8.341 -8.483 -8.623 -8.772 -8.213 -8.386 -8.558 -8.678 -8.789 -8.45 -8.592 -8.712 -8.811 -8.979 -8.555 -8.46 -8.613 -9.001 -9.17 -9.361 -8.646
0.3022 -7.921 -7.871 -7.946 -8.139 -8.282 -8.421 -8.06 -8.162 -8.284 -8.426 -8.566 -8.715 -8.156 -8.329 -8.501 -8.622 -8.732 -8.393 -8.535 -8.655 -8.754 -8.923 -8.499 -8.403 -8.556 -8.944 -9.114 -9.304 -8.589
0.3095 -7.864 -7.815 -7.889 -8.082 -8.225 -8.364 -8.003 -8.105 -8.227 -8.369 -8.51 -8.658 -8.1 -8.272 -8.444 -8.565 -8.676 -8.336 -8.479 -8.598 -8.697 -8.866 -8.442 -8.347 -8.5 -8.887 -9.057 -9.247 -8.532
0.317 -7.807 -7.758 -7.833 -8.026 -8.168 -8.307 -7.946 -8.048 -8.17 -8.312 -8.453 -8.601 -8.043 -8.216 -8.387 -8.508 -8.619 -8.279 -8.422 -8.542 -8.641 -8.809 -8.385 -8.29 -8.443 -8.831 -9.0 -9.19 -8.475
0.3247 -7.753 -7.704 -7.779 -7.972 -8.114 -8.253 -7.892 -7.994 -8.116 -8.258 -8.399 -8.547 -7.989 -8.162 -8.333 -8.454 -8.565 -8.225 -8.368 -8.488 -8.587 -8.755 -8.331 -8.236 -8.389 -8.777 -8.946 -9.136 -8.421
0.3325 -7.699 -7.65 -7.725 -7.918 -8.06 -8.199 -7.838 -7.94 -8.062 -8.204 -8.345 -8.493 -7.935 -8.108 -8.279 -8.4 -8.511 -8.171 -8.314 -8.434 -8.533 -8.701 -8.277 -8.182 -8.335 -8.723 -8.892 -9.082 -8.367
0.3405 -7.645 -7.596 -7.671 -7.864 -8.006 -8.145 -7.784 -7.886 -8.008 -8.15 -8.291 -8.439 -7.881 -8.053 -8.225 -8.346 -8.457 -8.117 -8.26 -8.38 -8.479 -8.647 -8.223 -8.128 -8.281 -8.669 -8.838 -9.028 -8.313
0.3487 -7.591 -7.542 -7.617 -7.809 -7.952 -8.091 -7.73 -7.832 -7.954 -8.096 -8.237 -8.385 -7.827 -7.999 -8.171 -8.292 -8.403 -8.063 -8.206 -8.326 -8.425 -8.593 -8.169 -8.074 -8.227 -8.615 -8.784 -8.974 -8.259
0.3571 -7.537 -7.488 -7.562 -7.755 -7.898 -8.037 -7.676 -7.778 -7.9 -8.042 -8.183 -8.331 -7.773 -7.945 -8.117 -8.238 -8.349 -8.009 -8.152 -8.272 -8.371 -8.539 -8.115 -8.02 -8.173 -8.561 -8.73 -8.92 -8.205
0.3657 -7.483 -7.434 -7.508 -7.701 -7.844 -7.983 -7.622 -7.724 -7.846 -7.988 -8.129 -8.277 -7.719 -7.891 -8.063 -8.184 -8.295 -7.955 -8.098 -8.217 -8.317 -8.485 -8.061 -7.966 -8.119 -8.506 -8.676 -8.866 -8.151
0.3746 -7.429 -7.38 -7.454 -7.647 -7.79 -7.929 -7.568 -7.67 -7.792 -7.934 -8.075 -8.223 -7.665 -7.837 -8.009 -8.13 -8.24 -7.901 -8.044 -8.163 -8.262 -8.431 -8.007 -7.912 -8.064 -8.452 -8.622 -8.812 -8.097
0.3836 -7.375 -7.326 -7.4 -7.593 -7.736 -7.875 -7.514 -7.616 -7.738 -7.88 -8.02 -8.169 -7.611 -7.783 -7.955 -8.076 -8.186 -7.847 -7.99 -8.109 -8.208 -8.377 -7.953 -7.858 -8.01 -8.398 -8.568 -8.758 -8.043
0.3929 -7.321 -7.271 -7.346 -7.539 -7.682 -7.821 -7.46 -7.562 -7.684 -7.826 -7.966 -8.115 -7.557 -7.729 -7.901 -8.022 -8.132 -7.793 -7.936 -8.055 -8.154 -8.323 -7.899 -7.804 -7.956 -8.344 -8.514 -8.704 -7.989
0.4023 -7.267 -7.218 -7.293 -7.486 -7.628 -7.767 -7.406 -7.508 -7.631 -7.772 -7.913 -8.061 -7.503 -7.676 -7.848 -7.968 -8.079 -7.739 -7.882 -8.002 -8.101 -8.269 -7.845 -7.75 -7.903 -8.291 -8.46 -8.65 -7.935
0.412 -7.217 -7.167 -7.242 -7.435 -7.577 -7.716 -7.356 -7.457 -7.58 -7.722 -7.862 -8.011 -7.452 -7.625 -7.797 -7.917 -8.028 -7.689 -7.831 -7.951 -8.05 -8.218 -7.794 -7.699 -7.852 -8.24 -8.409 -8.6 -7.885
0.422 -7.166 -7.116 -7.191 -7.384 -7.527 -7.666 -7.305 -7.407 -7.529 -7.671 -7.811 -7.96 -7.401 -7.574 -7.746 -7.867 -7.977 -7.638 -7.78 -7.9 -7.999 -8.168 -7.744 -7.648 -7.801 -8.189 -8.359 -8.549 -7.834
0.4322 -7.115 -7.066 -7.14 -7.333 -7.476 -7.615 -7.254 -7.356 -7.478 -7.62 -7.761 -7.909 -7.351 -7.523 -7.695 -7.816 -7.926 -7.587 -7.73 -7.849 -7.948 -8.117 -7.693 -7.598 -7.75 -8.138 -8.308 -8.498 -7.783
0.4426 -7.064 -7.015 -7.09 -7.283 -7.425 -7.564 -7.203 -7.305 -7.427 -7.569 -7.71 -7.858 -7.3 -7.472 -7.644 -7.765 -7.876 -7.536 -7.679 -7.799 -7.898 -8.066 -7.642 -7.547 -7.7 -8.088 -8.257 -8.447 -7.732
0.4533 -7.013 -6.964 -7.039 -7.232 -7.374 -7.513 -7.152 -7.254 -7.377 -7.518 -7.659 -7.807 -7.249 -7.422 -7.594 -7.714 -7.825 -7.485 -7.628 -7.748 -7.847 -8.015 -7.591 -7.496 -7.649 -8.037 -8.206 -8.397 -7.682
0.4642 -6.963 -6.913 -6.988 -7.181 -7.323 -7.462 -7.102 -7.203 -7.326 -7.468 -7.608 -7.757 -7.198 -7.371 -7.543 -7.663 -7.774 -7.435 -7.577 -7.697 -7.796 -7.964 -7.54 -7.445 -7.598 -7.986 -8.155 -8.346 -7.631
0.4754 -6.912 -6.862 -6.937 -7.13 -7.273 -7.412 -7.051 -7.153 -7.275 -7.417 -7.557 -7.706 -7.148 -7.32 -7.492 -7.613 -7.723 -7.384 -7.526 -7.646 -7.745 -7.914 -7.49 -7.395 -7.547 -7.935 -8.105 -8.295 -7.58
0.4869 -6.861 -6.812 -6.886 -7.079 -7.222 -7.361 -7.0 -7.102 -7.224 -7.366 -7.507 -7.655 -7.097 -7.269 -7.441 -7.562 -7.672 -7.333 -7.476 -7.595 -7.694 -7.863 -7.439 -7.344 -7.496 -7.884 -8.054 -8.244 -7.529
0.4986 -6.81 -6.761 -6.836 -7.029 -7.171 -7.31 -6.949 -7.051 -7.173 -7.315 -7.456 -7.604 -7.046 -7.219 -7.39 -7.511 -7.622 -7.282 -7.425 -7.545 -7.644 -7.812 -7.388 -7.293 -7.446 -7.834 -8.003 -8.193 -7.478
0.5106 -6.758 -6.708 -6.783 -6.976 -7.118 -7.258 -6.897 -6.998 -7.121 -7.263 -7.403 -7.552 -6.993 -7.166 -7.338 -7.458 -7.569 -7.23 -7.372 -7.492 -7.591 -7.759 -7.336 -7.24 -7.393 -7.781 -7.95 -8.141 -7.426
0.523 -6.701 -6.651 -6.726 -6.919 -7.062 -7.201 -6.84 -6.942 -7.064 -7.206 -7.346 -7.495 -6.937 -7.109 -7.281 -7.402 -7.512 -7.173 -7.316 -7.435 -7.534 -7.703 -7.279 -7.184 -7.336 -7.724 -7.894 -8.084 -7.369
0.5356 -6.644 -6.595 -6.67 -6.863 -7.005 -7.144 -6.783 -6.885 -7.007 -7.149 -7.29 -7.438 -6.88 -7.053 -7.224 -7.345 -7.456 -7.116 -7.259 -7.379 -7.478 -7.646 -7.222 -7.127 -7.28 -7.668 -7.837 -8.027 -7.312
0.5485 -6.588 -6.538 -6.613 -6.806 -6.948 -7.087 -6.727 -6.828 -6.951 -7.093 -7.233 -7.382 -6.823 -6.996 -7.168 -7.288 -7.399 -7.06 -7.202 -7.322 -7.421 -7.589 -7.165 -7.07 -7.223 -7.611 -7.78 -7.971 -7.256
0.5617 -6.531 -6.481 -6.556 -6.749 -6.892 -7.031 -6.67 -6.772 -6.894 -7.036 -7.176 -7.325 -6.766 -6.939 -7.111 -7.232 -7.342 -7.003 -7.145 -7.265 -7.364 -7.533 -7.109 -7.013 -7.166 -7.554 -7.724 -7.914 -7.199
0.5753 -6.474 -6.425 -6.499 -6.692 -6.835 -6.974 -6.613 -6.715 -6.837 -6.979 -7.12 -7.268 -6.71 -6.882 -7.054 -7.175 -7.286 -6.946 -7.089 -7.209 -7.308 -7.476 -7.052 -6.957 -7.11 -7.498 -7.667 -7.857 -7.142
0.5891 -6.417 -6.368 -6.443 -6.636 -6.778 -6.917 -6.556 -6.658 -6.781 -6.922 -7.063 -7.211 -6.653 -6.826 -6.997 -7.118 -7.229 -6.889 -7.032 -7.152 -7.251 -7.419 -6.995 -6.9 -7.053 -7.441 -7.61 -7.8 -7.085
0.6034 -6.361 -6.311 -6.386 -6.579 -6.721 -6.861 -6.5 -6.601 -6.724 -6.866 -7.006 -7.155 -6.596 -6.769 -6.941 -7.061 -7.172 -6.833 -6.975 -7.095 -7.194 -7.362 -6.939 -6.843 -6.996 -7.384 -7.553 -7.744 -7.029
0.6179 -6.304 -6.254 -6.329 -6.522 -6.665 -6.804 -6.443 -6.545 -6.667 -6.809 -6.949 -7.098 -6.54 -6.712 -6.884 -7.005 -7.115 -6.776 -6.919 -7.038 -7.137 -7.306 -6.882 -6.787 -6.939 -7.327 -7.497 -7.687 -6.972
0.6328 -6.247 -6.198 -6.273 -6.466 -6.608 -6.747 -6.386 -6.488 -6.61 -6.752 -6.893 -7.041 -6.483 -6.655 -6.827 -6.948 -7.059 -6.719 -6.862 -6.982 -7.081 -7.249 -6.825 -6.73 -6.883 -7.271 -7.44 -7.63 -6.915
0.6481 -6.19 -6.14 -6.215 -6.408 -6.551 -6.69 -6.329 -6.431 -6.553 -6.695 -6.835 -6.984 -6.426 -6.598 -6.77 -6.891 -7.001 -6.662 -6.804 -6.924 -7.023 -7.192 -6.768 -6.673 -6.825 -7.213 -7.383 -7.573 -6.858
0.6637 -6.132 -6.082 -6.157 -6.35 -6.493 -6.632 -6.271 -6.372 -6.495 -6.637 -6.777 -6.926 -6.367 -6.54 -6.712 -6.833 -6.943 -6.604 -6.746 -6.866 -6.965 -7.133 -6.71 -6.614 -6.767 -7.155 -7.325 -7.515 -6.8
0.6797 -6.074 -6.024 -6.099 -6.292 -6.434 -6.574 -6.213 -6.314 -6.437 -6.579 -6.719 -6.868 -6.309 -6.482 -6.654 -6.774 -6.885 -6.546 -6.688 -6.808 -6.907 -7.075 -6.652 -6.556 -6.709 -7.097 -7.266 -7.457 -6.742
0.6961 -6.016 -5.966 -6.041 -6.234 -6.376 -6.515 -6.155 -6.256 -6.379 -6.521 -6.661 -6.81 -6.251 -6.424 -6.596 -6.716 -6.827 -6.488 -6.63 -6.75 -6.849 -7.017 -6.593 -6.498 -6.651 -7.039 -7.208 -7.399 -6.684
0.7129 -5.957 -5.908 -5.983 -6.176 -6.318 -6.457 -6.097 -6.198 -6.321 -6.462 -6.603 -6.752 -6.193 -6.366 -6.538 -6.658 -6.769 -6.429 -6.572 -6.692 -6.791 -6.959 -6.535 -6.44 -6.593 -6.981 -7.15 -7.341 -6.626
0.7301 -5.899 -5.85 -5.925 -6.118 -6.26 -6.399 -6.038 -6.14 -6.262 -6.404 -6.545 -6.693 -6.135 -6.308 -6.479 -6.6 -6.711 -6.371 -6.514 -6.634 -6.733 -6.901 -6.477 -6.382 -6.535 -6.923 -7.092 -7.282 -6.567
0.7477 -5.841 -5.792 -5.867 -6.06 -6.202 -6.341 -5.98 -6.082 -6.204 -6.346 -6.487 -6.635 -6.077 -6.25 -6.421 -6.542 -6.653 -6.313 -6.456 -6.576 -6.675 -6.843 -6.419 -6.324 -6.477 -6.865 -7.034 -7.224 -6.509
0.7658 -5.783 -5.734 -5.809 -6.001 -6.144 -6.283 -5.922 -6.024 -6.146 -6.288 -6.429 -6.577 -6.019 -6.191 -6.363 -6.484 -6.595 -6.255 -6.398 -6.518 -6.617 -6.785 -6.361 -6.266 -6.419 -6.807 -6.976 -7.166 -6.451
0.7842 -5.725 -5.676 -5.75 -5.943 -6.086 -6.225 -5.864 -5.966 -6.088 -6.23 -6.371 -6.519 -5.961 -6.133 -6.305 -6.426 -6.536 -6.197 -6.34 -6.459 -6.558 -6.727 -6.303 -6.208 -6.36 -6.748 -6.918 -7.108 -6.393
0.8032 -5.667 -5.617 -5.692 -5.885 -6.028 -6.167 -5.806 -5.908 -6.03 -6.172 -6.312 -6.461 -5.903 -6.075 -6.247 -6.368 -6.478 -6.139 -6.282 -6.401 -6.5 -6.669 -6.245 -6.15 -6.302 -6.69 -6.86 -7.05 -6.335
0.8225 -5.607 -5.558 -5.633 -5.826 -5.968 -6.107 -5.746 -5.848 -5.971 -6.112 -6.253 -6.401 -5.843 -6.016 -6.188 -6.308 -6.419 -6.079 -6.222 -6.342 -6.441 -6.609 -6.185 -6.09 -6.243 -6.631 -6.8 -6.99 -6.275
0.8424 -5.547 -5.497 -5.572 -5.765 -5.908 -6.047 -5.686 -5.788 -5.91 -6.052 -6.192 -6.341 -5.783 -5.955 -6.127 -6.248 -6.358 -6.019 -6.161 -6.281 -6.38 -6.549 -6.125 -6.03 -6.182 -6.57 -6.74 -6.93 -6.215
0.8627 -5.486 -5.437 -5.512 -5.705 -5.847 -5.986 -5.625 -5.727 -5.85 -5.991 -6.132 -6.28 -5.722 -5.895 -6.066 -6.187 -6.298 -5.958 -6.101 -6.221 -6.32 -6.488 -6.064 -5.969 -6.122 -6.51 -6.679 -6.869 -6.154
0.8835 -5.426 -5.376 -5.451 -5.644 -5.787 -5.926 -5.565 -5.667 -5.789 -5.931 -6.071 -6.22 -5.662 -5.834 -6.006 -6.127 -6.237 -5.898 -6.04 -6.16 -6.259 -6.428 -6.004 -5.909 -6.061 -6.449 -6.619 -6.809 -6.094
0.9048 -5.365 -5.316 -5.391 -5.584 -5.726 -5.865 -5.504 -5.606 -5.728 -5.87 -6.011 -6.159 -5.601 -5.774 -5.945 -6.066 -6.177 -5.837 -5.98 -6.1 -6.199 -6.367 -5.943 -5.848 -6.001 -6.389 -6.558 -6.748 -6.033
0.9266 -5.305 -5.255 -5.33 -5.523 -5.666 -5.805 -5.444 -5.546 -5.668 -5.81 -5.95 -6.099 -5.54 -5.713 -5.885 -6.006 -6.116 -5.777 -5.919 -6.039 -6.138 -6.307 -5.883 -5.787 -5.94 -6.328 -6.498 -6.688 -5.973
0.949 -5.244 -5.195 -5.27 -5.463 -5.605 -5.744 -5.383 -5.485 -5.607 -5.749 -5.89 -6.038 -5.48 -5.653 -5.824 -5.945 -6.056 -5.716 -5.859 -5.979 -6.078 -6.246 -5.822 -5.727 -5.88 -6.268 -6.437 -6.627 -5.912
0.9719 -5.184 -5.134 -5.209 -5.402 -5.545 -5.684 -5.323 -5.424 -5.547 -5.689 -5.829 -5.978 -5.419 -5.592 -5.764 -5.885 -5.995 -5.656 -5.798 -5.918 -6.017 -6.185 -5.762 -5.666 -5.819 -6.207 -6.377 -6.567 -5.852
0.9953 -5.123 -5.074 -5.149 -5.342 -5.484 -5.623 -5.262 -5.364 -5.486 -5.628 -5.769 -5.917 -5.359 -5.532 -5.703 -5.824 -5.935 -5.595 -5.738 -5.858 -5.957 -6.125 -5.701 -5.606 -5.759 -6.147 -6.316 -6.506 -5.791
1.0194 -5.063 -5.013 -5.088 -5.281 -5.423 -5.563 -5.202 -5.303 -5.426 -5.568 -5.708 -5.857 -5.298 -5.471 -5.643 -5.764 -5.874 -5.535 -5.677 -5.797 -5.896 -6.064 -5.641 -5.545 -5.698 -6.086 -6.255 -6.446 -5.731
1.0439 -5.004 -4.954 -5.029 -5.222 -5.365 -5.504 -5.143 -5.245 -5.367 -5.509 -5.649 -5.798 -5.24 -5.412 -5.584 -5.705 -5.815 -5.476 -5.618 -5.738 -5.837 -6.006 -5.582 -5.486 -5.639 -6.027 -6.197 -6.387 -5.672
1.0691 -4.945 -4.896 -4.971 -5.164 -5.306 -5.445 -5.085 -5.186 -5.309 -5.451 -5.591 -5.74 -5.181 -5.354 -5.526 -5.646 -5.757 -5.418 -5.56 -5.68 -5.779 -5.947 -5.523 -5.428 -5.581 -5.969 -6.138 -6.329 -5.614
1.0949 -4.887 -4.838 -4.913 -5.106 -5.248 -5.387 -5.026 -5.128 -5.25 -5.392 -5.533 -5.681 -5.123 -5.295 -5.467 -5.588 -5.699 -5.359 -5.502 -5.622 -5.721 -5.889 -5.465 -5.37 -5.523 -5.911 -6.08 -6.27 -5.555
1.1213 -4.829 -4.779 -4.854 -5.047 -5.19 -5.329 -4.968 -5.07 -5.192 -5.334 -5.474 -5.623 -5.065 -5.237 -5.409 -5.53 -5.64 -5.301 -5.443 -5.563 -5.662 -5.831 -5.407 -5.312 -5.464 -5.852 -6.022 -6.212 -5.497
1.1484 -4.771 -4.721 -4.796 -4.989 -5.131 -5.27 -4.91 -5.011 -5.134 -5.276 -5.416 -5.565 -5.006 -5.179 -5.351 -5.471 -5.582 -5.243 -5.385 -5.505 -5.604 -5.772 -5.348 -5.253 -5.406 -5.794 -5.963 -6.154 -5.439
1.1761 -4.712 -4.663 -4.738 -4.931 -5.073 -5.212 -4.851 -4.953 -5.075 -5.217 -5.358 -5.506 -4.948 -5.121 -5.292 -5.413 -5.524 -5.184 -5.327 -5.447 -5.546 -5.714 -5.29 -5.195 -5.348 -5.736 -5.905 -6.095 -5.38
1.2044 -4.654 -4.604 -4.679 -4.872 -5.015 -5.154 -4.793 -4.895 -5.017 -5.159 -5.299 -5.448 -4.89 -5.062 -5.234 -5.355 -5.465 -5.126 -5.269 -5.388 -5.487 -5.656 -5.232 -5.137 -5.289 -5.677 -5.847 -6.037 -5.322
1.2335 -4.596 -4.546 -4.621 -4.814 -4.956 -5.095 -4.735 -4.836 -4.959 -5.101 -5.241 -5.39 -4.831 -5.004 -5.176 -5.296 -5.407 -5.068 -5.21 -5.33 -5.429 -5.597 -5.173 -5.078 -5.231 -5.619 -5.788 -5.979 -5.264
1.2633 -4.537 -4.488 -4.563 -4.756 -4.898 -5.037 -4.676 -4.778 -4.9 -5.042 -5.183 -5.331 -4.773 -4.946 -5.117 -5.238 -5.349 -5.009 -5.152 -5.272 -5.371 -5.539 -5.115 -5.02 -5.173 -5.561 -5.73 -5.92 -5.205
1.2937 -4.479 -4.43 -4.504 -4.697 -4.84 -4.979 -4.618 -4.72 -4.842 -4.984 -5.124 -5.273 -4.715 -4.887 -5.059 -5.18 -5.29 -4.951 -5.094 -5.213 -5.312 -5.481 -5.057 -4.962 -5.114 -5.502 -5.672 -5.862 -5.147
1.3249 -4.425 -4.375 -4.45 -4.643 -4.785 -4.924 -4.564 -4.665 -4.788 -4.93 -5.07 -5.219 -4.66 -4.833 -5.005 -5.125 -5.236 -4.897 -5.039 -5.159 -5.258 -5.426 -5.002 -4.907 -5.06 -5.448 -5.617 -5.808 -5.093
1.3569 -4.371 -4.321 -4.396 -4.589 -4.731 -4.871 -4.51 -4.611 -4.734 -4.876 -5.016 -5.165 -4.606 -4.779 -4.951 -5.072 -5.182 -4.843 -4.985 -5.105 -5.204 -5.372 -4.949 -4.853 -5.006 -5.394 -5.563 -5.754 -5.039
1.3896 -4.317 -4.267 -4.342 -4.535 -4.678 -4.817 -4.456 -4.558 -4.68 -4.822 -4.962 -5.111 -4.553 -4.725 -4.897 -5.018 -5.128 -4.789 -4.931 -5.051 -5.15 -5.319 -4.895 -4.8 -4.952 -5.34 -5.51 -5.7 -4.985
1.4232 -4.263 -4.214 -4.288 -4.481 -4.624 -4.763 -4.402 -4.504 -4.626 -4.768 -4.909 -5.057 -4.499 -4.671 -4.843 -4.964 -5.074 -4.735 -4.878 -4.997 -5.096 -5.265 -4.841 -4.746 -4.898 -5.286 -5.456 -5.646 -4.931
1.4575 -4.209 -4.16 -4.235 -4.428 -4.57 -4.709 -4.348 -4.45 -4.572 -4.714 -4.855 -5.003 -4.445 -4.617 -4.789 -4.91 -5.021 -4.681 -4.824 -4.944 -5.043 -5.211 -4.787 -4.692 -4.845 -5.233 -5.402 -5.592 -4.877
1.4927 -4.155 -4.106 -4.181 -4.374 -4.516 -4.655 -4.294 -4.396 -4.518 -4.66 -4.801 -4.949 -4.391 -4.564 -4.735 -4.856 -4.967 -4.627 -4.77 -4.89 -4.989 -5.157 -4.733 -4.638 -4.791 -5.179 -5.348 -5.538 -4.823
1.5287 -4.101 -4.052 -4.127 -4.32 -4.462 -4.601 -4.241 -4.342 -4.465 -4.607 -4.747 -4.896 -4.337 -4.51 -4.682 -4.802 -4.913 -4.574 -4.716 -4.836 -4.935 -5.103 -4.679 -4.584 -4.737 -5.125 -5.294 -5.485 -4.77
1.5655 -4.048 -3.998 -4.073 -4.266 -4.408 -4.548 -4.187 -4.288 -4.411 -4.553 -4.693 -4.842 -4.283 -4.456 -4.628 -4.748 -4.859 -4.52 -4.662 -4.782 -4.881 -5.049 -4.626 -4.53 -4.683 -5.071 -5.24 -5.431 -4.716
1.6033 -3.994 -3.944 -4.019 -4.212 -4.355 -4.494 -4.133 -4.235 -4.357 -4.499 -4.639 -4.788 -4.229 -4.402 -4.574 -4.695 -4.805 -4.466 -4.608 -4.728 -4.827 -4.996 -4.572 -4.476 -4.629 -5.017 -5.187 -5.377 -4.662
1.642 -3.94 -3.89 -3.965 -4.158 -4.301 -4.44 -4.079 -4.181 -4.303 -4.445 -4.585 -4.734 -4.176 -4.348 -4.52 -4.641 -4.751 -4.412 -4.555 -4.674 -4.773 -4.942 -4.518 -4.423 -4.575 -4.963 -5.133 -5.323 -4.608
1.6816 -3.885 -3.836 -3.911 -4.104 -4.246 -4.385 -4.025 -4.126 -4.249 -4.391 -4.531 -4.68 -4.121 -4.294 -4.466 -4.586 -4.697 -4.358 -4.5 -4.62 -4.719 -4.887 -4.463 -4.368 -4.521 -4.909 -5.078 -5.269 -4.554
