web/models/kne.last_good/kappa_1_10/1/villar_0.0182_0.3590_10.0000.dat
# %ECSV 1.0
# ---
# datatype:
# - {name: time, datatype: float64}
# - {name: swift_uvot_uvw2, datatype: float64}
# - {name: swift_uvot_uvm2, datatype: float64}
# - {name: swift_uvot_uvw1, datatype: float64}
# - {name: swift_uvot_U, datatype: float64}
# - {name: swift_uvot_B, datatype: float64}
# - {name: swift_uvot_V, datatype: float64}
# - {name: swift_uvot_W, datatype: float64}
# - {name: johnson_U, datatype: float64}
# - {name: johnson_B, datatype: float64}
# - {name: johnson_V, datatype: float64}
# - {name: johnson_R, datatype: float64}
# - {name: johnson_I, datatype: float64}
# - {name: sdss_u, datatype: float64}
# - {name: sdss_g, datatype: float64}
# - {name: sdss_r, datatype: float64}
# - {name: sdss_i, datatype: float64}
# - {name: sdss_z, datatype: float64}
# - {name: PS1_g, datatype: float64}
# - {name: PS1_r, datatype: float64}
# - {name: PS1_i, datatype: float64}
# - {name: PS1_z, datatype: float64}
# - {name: PS1_Y, datatype: float64}
# - {name: PS1_w, datatype: float64}
# - {name: ATLAS_c, datatype: float64}
# - {name: ATLAS_o, datatype: float64}
# - {name: ukirt_J, datatype: float64}
# - {name: ukirt_H, datatype: float64}
# - {name: ukirt_K, datatype: float64}
# - {name: Clear, datatype: float64}
# meta: !!omap
# - comment: [kappa = 10.0, type = villar, mass = 0.018176879801416274, velocity = 0.359, theta_obs = 0.0]
# schema: astropy-2.0
time swift_uvot_uvw2 swift_uvot_uvm2 swift_uvot_uvw1 swift_uvot_U swift_uvot_B swift_uvot_V swift_uvot_W johnson_U johnson_B johnson_V johnson_R johnson_I sdss_u sdss_g sdss_r sdss_i sdss_z PS1_g PS1_r PS1_i PS1_z PS1_Y PS1_w ATLAS_c ATLAS_o ukirt_J ukirt_H ukirt_K Clear
[from data line 78]
0.010217 -9.428 -9.548 -9.62 -9.688 -9.568 -9.363 -9.548 -9.675 -9.564 -9.354 -9.086 -8.743 -9.68 -9.506 -9.214 -8.956 -8.692 -9.493 -9.228 -8.971 -8.778 -8.699 -9.231 -9.393 -9.106 -8.125 -7.637 -7.054 -9.27
0.010526 -9.452 -9.576 -9.652 -9.727 -9.611 -9.409 -9.583 -9.716 -9.608 -9.4 -9.134 -8.793 -9.72 -9.55 -9.261 -9.005 -8.743 -9.538 -9.275 -9.02 -8.827 -8.748 -9.278 -9.439 -9.154 -8.177 -7.69 -7.108 -9.316
0.010845 -9.476 -9.604 -9.684 -9.766 -9.654 -9.455 -9.617 -9.755 -9.651 -9.447 -9.182 -8.843 -9.76 -9.594 -9.309 -9.054 -8.793 -9.582 -9.322 -9.069 -8.877 -8.797 -9.325 -9.485 -9.202 -8.229 -7.743 -7.161 -9.362
0.011173 -9.5 -9.632 -9.715 -9.805 -9.697 -9.501 -9.651 -9.795 -9.694 -9.493 -9.23 -8.893 -9.799 -9.638 -9.356 -9.103 -8.843 -9.627 -9.369 -9.117 -8.926 -8.846 -9.371 -9.53 -9.25 -8.281 -7.795 -7.215 -9.408
0.011511 -9.523 -9.659 -9.746 -9.844 -9.74 -9.546 -9.685 -9.834 -9.736 -9.538 -9.278 -8.942 -9.839 -9.682 -9.403 -9.152 -8.893 -9.671 -9.416 -9.166 -8.976 -8.895 -9.418 -9.575 -9.298 -8.332 -7.848 -7.268 -9.454
0.011859 -9.545 -9.685 -9.776 -9.882 -9.782 -9.592 -9.719 -9.873 -9.779 -9.584 -9.326 -8.992 -9.878 -9.725 -9.45 -9.201 -8.943 -9.715 -9.463 -9.214 -9.025 -8.944 -9.464 -9.62 -9.346 -8.384 -7.9 -7.322 -9.499
0.012217 -9.568 -9.711 -9.807 -9.92 -9.824 -9.637 -9.752 -9.912 -9.821 -9.629 -9.373 -9.041 -9.916 -9.769 -9.497 -9.249 -8.992 -9.758 -9.51 -9.262 -9.074 -8.993 -9.51 -9.665 -9.393 -8.436 -7.953 -7.375 -9.544
0.012587 -9.589 -9.737 -9.836 -9.958 -9.866 -9.683 -9.785 -9.951 -9.863 -9.675 -9.421 -9.091 -9.955 -9.812 -9.543 -9.297 -9.042 -9.802 -9.556 -9.311 -9.123 -9.042 -9.556 -9.709 -9.44 -8.487 -8.005 -7.428 -9.59
0.012968 -9.611 -9.762 -9.866 -9.996 -9.908 -9.728 -9.818 -9.989 -9.905 -9.72 -9.468 -9.14 -9.993 -9.855 -9.59 -9.346 -9.092 -9.845 -9.602 -9.359 -9.172 -9.091 -9.602 -9.754 -9.488 -8.538 -8.058 -7.481 -9.635
0.01336 -9.632 -9.787 -9.895 -10.033 -9.95 -9.773 -9.851 -10.027 -9.947 -9.765 -9.515 -9.189 -10.031 -9.897 -9.636 -9.394 -9.141 -9.888 -9.648 -9.407 -9.221 -9.139 -9.647 -9.798 -9.535 -8.59 -8.11 -7.535 -9.68
0.013764 -9.652 -9.812 -9.924 -10.07 -9.991 -9.817 -9.883 -10.065 -9.988 -9.809 -9.562 -9.238 -10.069 -9.94 -9.682 -9.442 -9.19 -9.931 -9.694 -9.454 -9.269 -9.188 -9.693 -9.842 -9.582 -8.641 -8.162 -7.588 -9.725
0.01418 -9.672 -9.835 -9.952 -10.107 -10.033 -9.862 -9.915 -10.103 -10.03 -9.854 -9.609 -9.287 -10.106 -9.982 -9.728 -9.49 -9.239 -9.974 -9.74 -9.502 -9.318 -9.236 -9.738 -9.886 -9.628 -8.692 -8.214 -7.641 -9.769
0.014609 -9.691 -9.859 -9.98 -10.143 -10.074 -9.906 -9.947 -10.14 -10.071 -9.898 -9.656 -9.336 -10.143 -10.025 -9.774 -9.537 -9.289 -10.016 -9.786 -9.55 -9.366 -9.284 -9.783 -9.929 -9.675 -8.743 -8.266 -7.694 -9.814
0.015051 -9.71 -9.882 -10.008 -10.18 -10.114 -9.95 -9.978 -10.177 -10.111 -9.943 -9.703 -9.385 -10.18 -10.067 -9.82 -9.585 -9.338 -10.059 -9.832 -9.597 -9.415 -9.333 -9.828 -9.973 -9.721 -8.794 -8.319 -7.746 -9.858
0.015506 -9.729 -9.905 -10.035 -10.215 -10.155 -9.994 -10.009 -10.214 -10.152 -9.987 -9.749 -9.433 -10.217 -10.108 -9.866 -9.633 -9.387 -10.101 -9.877 -9.644 -9.463 -9.381 -9.873 -10.016 -9.768 -8.845 -8.37 -7.799 -9.902
0.015975 -9.747 -9.927 -10.062 -10.251 -10.195 -10.038 -10.04 -10.25 -10.192 -10.031 -9.796 -9.482 -10.253 -10.15 -9.911 -9.68 -9.435 -10.143 -9.922 -9.692 -9.511 -9.429 -9.918 -10.059 -9.814 -8.896 -8.422 -7.852 -9.946
0.016458 -9.765 -9.949 -10.088 -10.286 -10.235 -10.082 -10.071 -10.286 -10.232 -10.075 -9.842 -9.53 -10.289 -10.191 -9.956 -9.727 -9.484 -10.184 -9.967 -9.739 -9.559 -9.477 -9.962 -10.102 -9.86 -8.946 -8.474 -7.905 -9.99
0.016956 -9.782 -9.97 -10.114 -10.321 -10.275 -10.126 -10.102 -10.322 -10.272 -10.118 -9.888 -9.579 -10.325 -10.232 -10.001 -9.774 -9.533 -10.226 -10.012 -9.786 -9.607 -9.525 -10.007 -10.145 -9.906 -8.997 -8.526 -7.958 -10.034
0.017469 -9.798 -9.991 -10.14 -10.356 -10.315 -10.169 -10.132 -10.358 -10.312 -10.162 -9.934 -9.627 -10.36 -10.273 -10.046 -9.822 -9.581 -10.267 -10.057 -9.833 -9.655 -9.573 -10.051 -10.188 -9.952 -9.048 -8.578 -8.01 -10.077
0.017997 -9.815 -10.011 -10.165 -10.391 -10.354 -10.212 -10.162 -10.393 -10.352 -10.205 -9.98 -9.675 -10.395 -10.314 -10.091 -9.868 -9.63 -10.308 -10.102 -9.879 -9.703 -9.621 -10.095 -10.23 -9.997 -9.098 -8.629 -8.063 -10.12
0.018541 -9.83 -10.031 -10.19 -10.425 -10.394 -10.255 -10.191 -10.428 -10.391 -10.248 -10.025 -9.723 -10.43 -10.355 -10.136 -9.915 -9.678 -10.349 -10.147 -9.926 -9.75 -9.668 -10.139 -10.273 -10.043 -9.149 -8.681 -8.115 -10.163
0.019102 -9.846 -10.05 -10.215 -10.459 -10.433 -10.298 -10.221 -10.463 -10.43 -10.291 -10.071 -9.771 -10.465 -10.395 -10.18 -9.962 -9.726 -10.39 -10.191 -9.972 -9.798 -9.716 -10.182 -10.315 -10.088 -9.199 -8.733 -8.168 -10.206
0.01968 -9.86 -10.069 -10.239 -10.492 -10.471 -10.341 -10.25 -10.497 -10.469 -10.333 -10.116 -9.818 -10.499 -10.435 -10.225 -10.008 -9.774 -10.431 -10.235 -10.019 -9.846 -9.763 -10.226 -10.357 -10.134 -9.249 -8.784 -8.22 -10.249
0.020275 -9.875 -10.088 -10.263 -10.526 -10.51 -10.383 -10.279 -10.532 -10.507 -10.376 -10.162 -9.866 -10.533 -10.475 -10.269 -10.055 -9.822 -10.471 -10.279 -10.065 -9.893 -9.811 -10.269 -10.398 -10.179 -9.3 -8.835 -8.273 -10.292
0.020888 -9.888 -10.106 -10.286 -10.559 -10.548 -10.425 -10.307 -10.566 -10.546 -10.418 -10.207 -9.914 -10.567 -10.515 -10.313 -10.101 -9.87 -10.511 -10.323 -10.111 -9.94 -9.858 -10.313 -10.44 -10.224 -9.35 -8.887 -8.325 -10.334
0.02152 -9.902 -10.123 -10.309 -10.591 -10.586 -10.467 -10.335 -10.599 -10.584 -10.46 -10.252 -9.961 -10.601 -10.554 -10.357 -10.147 -9.918 -10.551 -10.367 -10.157 -9.987 -9.906 -10.356 -10.481 -10.268 -9.4 -8.938 -8.377 -10.377
0.022171 -9.914 -10.14 -10.331 -10.624 -10.624 -10.509 -10.363 -10.633 -10.621 -10.502 -10.297 -10.008 -10.634 -10.593 -10.401 -10.193 -9.965 -10.591 -10.411 -10.203 -10.034 -9.953 -10.399 -10.522 -10.313 -9.45 -8.989 -8.43 -10.419
0.022841 -9.927 -10.157 -10.353 -10.656 -10.662 -10.551 -10.391 -10.666 -10.659 -10.544 -10.341 -10.055 -10.666 -10.632 -10.444 -10.239 -10.013 -10.63 -10.454 -10.249 -10.081 -10.0 -10.441 -10.563 -10.358 -9.5 -9.04 -8.482 -10.461
0.023532 -9.938 -10.173 -10.375 -10.687 -10.699 -10.593 -10.419 -10.698 -10.696 -10.586 -10.386 -10.102 -10.699 -10.671 -10.488 -10.285 -10.06 -10.67 -10.497 -10.294 -10.128 -10.047 -10.484 -10.604 -10.402 -9.549 -9.092 -8.534 -10.503
0.024244 -9.95 -10.188 -10.396 -10.719 -10.736 -10.634 -10.446 -10.731 -10.734 -10.627 -10.43 -10.149 -10.731 -10.71 -10.531 -10.33 -10.108 -10.709 -10.54 -10.34 -10.175 -10.094 -10.526 -10.644 -10.446 -9.599 -9.143 -8.586 -10.544
0.024977 -9.96 -10.203 -10.417 -10.75 -10.773 -10.675 -10.473 -10.763 -10.77 -10.668 -10.474 -10.196 -10.763 -10.748 -10.574 -10.376 -10.155 -10.748 -10.583 -10.385 -10.221 -10.141 -10.569 -10.685 -10.49 -9.649 -9.194 -8.638 -10.586
0.025733 -9.971 -10.218 -10.438 -10.781 -10.81 -10.716 -10.5 -10.795 -10.807 -10.71 -10.519 -10.243 -10.795 -10.786 -10.617 -10.421 -10.202 -10.786 -10.626 -10.431 -10.268 -10.187 -10.611 -10.725 -10.534 -9.698 -9.244 -8.69 -10.627
0.026511 -9.98 -10.232 -10.458 -10.811 -10.846 -10.757 -10.526 -10.826 -10.843 -10.75 -10.562 -10.29 -10.826 -10.824 -10.659 -10.466 -10.249 -10.825 -10.669 -10.476 -10.314 -10.234 -10.653 -10.765 -10.578 -9.748 -9.295 -8.742 -10.668
0.027313 -9.99 -10.245 -10.477 -10.841 -10.882 -10.797 -10.552 -10.857 -10.88 -10.791 -10.606 -10.336 -10.857 -10.862 -10.702 -10.512 -10.296 -10.863 -10.711 -10.521 -10.361 -10.281 -10.694 -10.805 -10.621 -9.797 -9.346 -8.794 -10.709
0.028139 -9.998 -10.258 -10.496 -10.871 -10.918 -10.838 -10.578 -10.888 -10.915 -10.831 -10.65 -10.382 -10.888 -10.899 -10.744 -10.556 -10.343 -10.901 -10.754 -10.565 -10.407 -10.327 -10.736 -10.844 -10.665 -9.847 -9.397 -8.846 -10.75
0.02899 -10.007 -10.27 -10.515 -10.901 -10.953 -10.878 -10.604 -10.919 -10.951 -10.872 -10.693 -10.429 -10.918 -10.937 -10.787 -10.601 -10.389 -10.939 -10.796 -10.61 -10.453 -10.374 -10.777 -10.883 -10.708 -9.896 -9.447 -8.898 -10.79
0.029867 -10.014 -10.282 -10.533 -10.93 -10.989 -10.918 -10.629 -10.949 -10.986 -10.912 -10.737 -10.475 -10.948 -10.973 -10.829 -10.646 -10.436 -10.976 -10.838 -10.655 -10.499 -10.42 -10.818 -10.923 -10.751 -9.945 -9.498 -8.949 -10.831
0.03077 -10.021 -10.293 -10.551 -10.958 -11.024 -10.958 -10.654 -10.979 -11.021 -10.952 -10.78 -10.521 -10.977 -11.01 -10.871 -10.69 -10.482 -11.014 -10.879 -10.699 -10.545 -10.466 -10.859 -10.961 -10.794 -9.994 -9.549 -9.001 -10.871
0.031701 -10.028 -10.304 -10.568 -10.987 -11.058 -10.997 -10.679 -11.008 -11.056 -10.991 -10.823 -10.567 -11.007 -11.047 -10.912 -10.735 -10.528 -11.051 -10.921 -10.743 -10.59 -10.512 -10.9 -11.0 -10.837 -10.043 -9.599 -9.053 -10.911
0.032659 -10.034 -10.314 -10.585 -11.015 -11.093 -11.036 -10.704 -11.037 -11.091 -11.031 -10.866 -10.612 -11.036 -11.083 -10.954 -10.779 -10.575 -11.088 -10.962 -10.787 -10.636 -10.558 -10.941 -11.039 -10.88 -10.092 -9.649 -9.104 -10.951
0.033647 -10.04 -10.324 -10.602 -11.042 -11.127 -11.076 -10.728 -11.066 -11.125 -11.07 -10.908 -10.658 -11.064 -11.119 -10.995 -10.823 -10.621 -11.124 -11.004 -10.831 -10.682 -10.604 -10.981 -11.077 -10.922 -10.141 -9.7 -9.156 -10.99
0.034665 -10.044 -10.333 -10.618 -11.07 -11.161 -11.114 -10.752 -11.095 -11.159 -11.109 -10.951 -10.704 -11.093 -11.154 -11.036 -10.867 -10.667 -11.161 -11.045 -10.875 -10.727 -10.65 -11.021 -11.115 -10.964 -10.19 -9.75 -9.207 -11.03
0.035713 -10.049 -10.342 -10.633 -11.097 -11.195 -11.153 -10.776 -11.123 -11.193 -11.148 -10.993 -10.749 -11.12 -11.19 -11.077 -10.911 -10.712 -11.197 -11.086 -10.919 -10.772 -10.696 -11.062 -11.153 -11.006 -10.238 -9.8 -9.259 -11.069
0.036793 -10.053 -10.349 -10.648 -11.123 -11.228 -11.192 -10.799 -11.151 -11.226 -11.186 -11.035 -10.794 -11.148 -11.225 -11.118 -10.954 -10.758 -11.232 -11.126 -10.963 -10.817 -10.742 -11.101 -11.19 -11.048 -10.287 -9.85 -9.31 -11.108
0.037906 -10.056 -10.357 -10.663 -11.15 -11.261 -11.23 -10.822 -11.178 -11.259 -11.225 -11.077 -10.839 -11.175 -11.26 -11.158 -10.998 -10.804 -11.268 -11.167 -11.006 -10.862 -10.787 -11.141 -11.228 -11.09 -10.335 -9.9 -9.362 -11.147
0.039052 -10.059 -10.364 -10.677 -11.175 -11.294 -11.268 -10.845 -11.205 -11.292 -11.263 -11.119 -10.884 -11.202 -11.295 -11.199 -11.041 -10.849 -11.303 -11.207 -11.049 -10.907 -10.833 -11.181 -11.265 -11.132 -10.384 -9.95 -9.413 -11.185
0.040234 -10.061 -10.37 -10.691 -11.201 -11.326 -11.306 -10.868 -11.232 -11.325 -11.301 -11.161 -10.929 -11.228 -11.329 -11.239 -11.084 -10.894 -11.339 -11.247 -11.092 -10.952 -10.878 -11.22 -11.302 -11.173 -10.432 -10.0 -9.464 -11.224
0.04145 -10.063 -10.375 -10.704 -11.226 -11.359 -11.343 -10.89 -11.258 -11.357 -11.338 -11.202 -10.974 -11.254 -11.363 -11.279 -11.127 -10.939 -11.373 -11.287 -11.135 -10.996 -10.923 -11.259 -11.338 -11.214 -10.48 -10.05 -9.515 -11.262
0.042704 -10.064 -10.38 -10.716 -11.251 -11.391 -11.381 -10.912 -11.284 -11.389 -11.376 -11.244 -11.019 -11.28 -11.397 -11.319 -11.17 -10.985 -11.408 -11.327 -11.178 -11.041 -10.968 -11.298 -11.375 -11.255 -10.529 -10.1 -9.566 -11.3
0.043996 -10.064 -10.385 -10.729 -11.275 -11.422 -11.418 -10.934 -11.31 -11.421 -11.413 -11.285 -11.063 -11.305 -11.431 -11.358 -11.213 -11.029 -11.442 -11.366 -11.221 -11.085 -11.013 -11.337 -11.411 -11.296 -10.577 -10.15 -9.617 -11.338
0.045326 -10.064 -10.388 -10.74 -11.299 -11.453 -11.455 -10.956 -11.335 -11.452 -11.45 -11.326 -11.107 -11.33 -11.464 -11.398 -11.255 -11.074 -11.476 -11.406 -11.263 -11.129 -11.058 -11.375 -11.447 -11.337 -10.625 -10.199 -9.669 -11.376
0.046697 -10.063 -10.391 -10.751 -11.322 -11.484 -11.491 -10.977 -11.36 -11.483 -11.487 -11.366 -11.151 -11.355 -11.497 -11.437 -11.298 -11.119 -11.51 -11.445 -11.306 -11.174 -11.103 -11.413 -11.482 -11.378 -10.672 -10.249 -9.719 -11.413
0.048109 -10.062 -10.394 -10.762 -11.345 -11.515 -11.528 -10.998 -11.384 -11.514 -11.523 -11.407 -11.195 -11.379 -11.53 -11.476 -11.34 -11.163 -11.544 -11.484 -11.348 -11.218 -11.148 -11.452 -11.518 -11.418 -10.72 -10.299 -9.77 -11.45
0.049564 -10.06 -10.396 -10.772 -11.368 -11.545 -11.564 -11.019 -11.408 -11.544 -11.559 -11.447 -11.239 -11.403 -11.562 -11.515 -11.382 -11.208 -11.577 -11.523 -11.39 -11.261 -11.192 -11.489 -11.553 -11.458 -10.768 -10.348 -9.821 -11.487
0.051063 -10.058 -10.397 -10.782 -11.39 -11.575 -11.6 -11.039 -11.432 -11.574 -11.595 -11.488 -11.283 -11.426 -11.594 -11.553 -11.424 -11.252 -11.61 -11.561 -11.431 -11.305 -11.237 -11.527 -11.588 -11.498 -10.815 -10.397 -9.872 -11.524
0.052608 -10.055 -10.397 -10.791 -11.412 -11.605 -11.635 -11.059 -11.455 -11.604 -11.631 -11.528 -11.327 -11.449 -11.626 -11.591 -11.466 -11.296 -11.642 -11.599 -11.473 -11.349 -11.281 -11.564 -11.623 -11.538 -10.863 -10.447 -9.923 -11.561
0.054199 -10.051 -10.397 -10.799 -11.434 -11.634 -11.671 -11.079 -11.478 -11.634 -11.667 -11.567 -11.37 -11.471 -11.658 -11.63 -11.507 -11.34 -11.675 -11.637 -11.515 -11.392 -11.325 -11.602 -11.657 -11.577 -10.91 -10.496 -9.974 -11.597
0.055838 -10.047 -10.396 -10.807 -11.455 -11.664 -11.706 -11.099 -11.5 -11.663 -11.702 -11.607 -11.413 -11.493 -11.689 -11.667 -11.548 -11.384 -11.707 -11.675 -11.556 -11.435 -11.369 -11.639 -11.691 -11.617 -10.958 -10.545 -10.024 -11.633
0.057527 -10.042 -10.395 -10.815 -11.475 -11.692 -11.741 -11.118 -11.522 -11.691 -11.737 -11.646 -11.457 -11.515 -11.72 -11.705 -11.589 -11.427 -11.739 -11.713 -11.597 -11.478 -11.413 -11.676 -11.725 -11.656 -11.005 -10.594 -10.075 -11.669
0.059267 -10.037 -10.393 -10.822 -11.495 -11.721 -11.775 -11.137 -11.544 -11.72 -11.772 -11.686 -11.5 -11.536 -11.75 -11.743 -11.63 -11.471 -11.77 -11.75 -11.638 -11.521 -11.457 -11.712 -11.759 -11.695 -11.052 -10.643 -10.125 -11.705
0.061059 -10.031 -10.39 -10.828 -11.515 -11.749 -11.809 -11.155 -11.565 -11.748 -11.806 -11.725 -11.542 -11.557 -11.781 -11.78 -11.671 -11.514 -11.801 -11.787 -11.679 -11.564 -11.501 -11.748 -11.792 -11.733 -11.099 -10.692 -10.176 -11.74
0.062906 -10.024 -10.386 -10.834 -11.534 -11.776 -11.843 -11.174 -11.585 -11.776 -11.84 -11.763 -11.585 -11.577 -11.81 -11.817 -11.712 -11.557 -11.832 -11.824 -11.719 -11.607 -11.544 -11.784 -11.825 -11.772 -11.146 -10.741 -10.226 -11.775
0.064808 -10.017 -10.382 -10.839 -11.553 -11.803 -11.877 -11.192 -11.605 -11.803 -11.874 -11.802 -11.628 -11.597 -11.84 -11.853 -11.752 -11.601 -11.863 -11.861 -11.76 -11.649 -11.588 -11.82 -11.858 -11.81 -11.193 -10.79 -10.277 -11.81
0.066769 -10.009 -10.377 -10.844 -11.571 -11.83 -11.911 -11.21 -11.625 -11.83 -11.908 -11.84 -11.67 -11.616 -11.869 -11.89 -11.792 -11.643 -11.893 -11.898 -11.8 -11.691 -11.631 -11.856 -11.89 -11.848 -11.239 -10.838 -10.327 -11.845
0.068788 -10.001 -10.372 -10.848 -11.589 -11.857 -11.944 -11.227 -11.645 -11.857 -11.941 -11.879 -11.712 -11.635 -11.898 -11.926 -11.832 -11.686 -11.923 -11.934 -11.84 -11.734 -11.675 -11.891 -11.922 -11.886 -11.286 -10.887 -10.377 -11.88
0.070868 -9.992 -10.365 -10.851 -11.606 -11.883 -11.977 -11.244 -11.663 -11.883 -11.974 -11.916 -11.754 -11.654 -11.927 -11.962 -11.872 -11.729 -11.952 -11.97 -11.88 -11.776 -11.718 -11.926 -11.954 -11.924 -11.332 -10.935 -10.427 -11.914
0.073012 -9.982 -10.358 -10.854 -11.623 -11.909 -12.009 -11.261 -11.682 -11.909 -12.007 -11.954 -11.796 -11.672 -11.955 -11.998 -11.912 -11.771 -11.982 -12.005 -11.919 -11.818 -11.761 -11.961 -11.986 -11.961 -11.379 -10.984 -10.477 -11.948
0.07522 -9.972 -10.35 -10.857 -11.639 -11.934 -12.042 -11.278 -11.7 -11.934 -12.04 -11.992 -11.838 -11.689 -11.983 -12.033 -11.951 -11.813 -12.01 -12.041 -11.959 -11.859 -11.803 -11.996 -12.017 -11.998 -11.425 -11.032 -10.528 -11.982
0.077495 -9.961 -10.342 -10.858 -11.655 -11.959 -12.074 -11.294 -11.717 -11.959 -12.072 -12.029 -11.879 -11.706 -12.011 -12.068 -11.991 -11.855 -12.039 -12.076 -11.998 -11.901 -11.846 -12.03 -12.048 -12.035 -11.471 -11.08 -10.578 -12.015
