web/models/kne.last_good/kappa_0.5_3.0.v2/15/villar_0.0012_0.3433_0.5000.dat
# %ECSV 1.0
# ---
# datatype:
# - {name: time, datatype: float64}
# - {name: swift_uvot_uvw2, datatype: float64}
# - {name: swift_uvot_uvm2, datatype: float64}
# - {name: swift_uvot_uvw1, datatype: float64}
# - {name: swift_uvot_U, datatype: float64}
# - {name: swift_uvot_B, datatype: float64}
# - {name: swift_uvot_V, datatype: float64}
# - {name: swift_uvot_W, datatype: float64}
# - {name: johnson_U, datatype: float64}
# - {name: johnson_B, datatype: float64}
# - {name: johnson_V, datatype: float64}
# - {name: johnson_R, datatype: float64}
# - {name: johnson_I, datatype: float64}
# - {name: sdss_u, datatype: float64}
# - {name: sdss_g, datatype: float64}
# - {name: sdss_r, datatype: float64}
# - {name: sdss_i, datatype: float64}
# - {name: sdss_z, datatype: float64}
# - {name: PS1_g, datatype: float64}
# - {name: PS1_r, datatype: float64}
# - {name: PS1_i, datatype: float64}
# - {name: PS1_z, datatype: float64}
# - {name: PS1_Y, datatype: float64}
# - {name: PS1_w, datatype: float64}
# - {name: ATLAS_c, datatype: float64}
# - {name: ATLAS_o, datatype: float64}
# - {name: ukirt_J, datatype: float64}
# - {name: ukirt_H, datatype: float64}
# - {name: ukirt_K, datatype: float64}
# - {name: Clear, datatype: float64}
# meta: !!omap
# - comment: [kappa = 0.5, type = villar, mass = 0.0012301715156502338, velocity = 0.3433333333333334, theta_obs = 0.0, tfloor = 2500.0]
# schema: astropy-2.0
time swift_uvot_uvw2 swift_uvot_uvm2 swift_uvot_uvw1 swift_uvot_U swift_uvot_B swift_uvot_V swift_uvot_W johnson_U johnson_B johnson_V johnson_R johnson_I sdss_u sdss_g sdss_r sdss_i sdss_z PS1_g PS1_r PS1_i PS1_z PS1_Y PS1_w ATLAS_c ATLAS_o ukirt_J ukirt_H ukirt_K Clear
[from data line 279]
4.07684 -2.481 2.718 1.752 0.049 -2.738 -4.74 -2.855 -0.448 -2.869 -4.858 -6.443 -7.52 -0.225 -3.588 -5.717 -6.841 -7.612 -4.563 -5.886 -6.92 -7.536 -7.995 -6.04 -4.801 -6.353 -8.523 -8.844 -8.904 -6.5
4.200141 -2.402 2.796 1.831 0.128 -2.659 -4.661 -2.777 -0.369 -2.79 -4.78 -6.365 -7.441 -0.146 -3.509 -5.638 -6.763 -7.534 -4.484 -5.808 -6.841 -7.457 -7.916 -5.961 -4.723 -6.275 -8.445 -8.765 -8.826 -6.421
4.327172 -2.323 2.875 1.909 0.206 -2.58 -4.583 -2.698 -0.29 -2.711 -4.701 -6.286 -7.363 -0.068 -3.431 -5.559 -6.684 -7.455 -4.405 -5.729 -6.763 -7.378 -7.838 -5.883 -4.644 -6.196 -8.366 -8.686 -8.747 -6.343
4.458044 -2.244 2.954 1.988 0.285 -2.502 -4.504 -2.619 -0.212 -2.633 -4.622 -6.207 -7.284 0.011 -3.352 -5.481 -6.605 -7.376 -4.327 -5.65 -6.684 -7.3 -7.759 -5.804 -4.565 -6.117 -8.287 -8.608 -8.668 -6.264
4.592874 -2.165 3.033 2.067 0.364 -2.422 -4.425 -2.54 -0.133 -2.553 -4.543 -6.128 -7.205 0.09 -3.273 -5.402 -6.526 -7.297 -4.247 -5.571 -6.605 -7.221 -7.68 -5.725 -4.486 -6.038 -8.208 -8.529 -8.589 -6.185
4.731783 -2.086 3.112 2.146 0.444 -2.343 -4.345 -2.461 -0.053 -2.474 -4.464 -6.049 -7.126 0.169 -3.194 -5.322 -6.447 -7.218 -4.168 -5.492 -6.526 -7.141 -7.601 -5.645 -4.407 -5.959 -8.129 -8.449 -8.51 -6.105
4.874892 -2.007 3.192 2.226 0.523 -2.264 -4.266 -2.382 0.026 -2.395 -4.385 -5.969 -7.046 0.249 -3.114 -5.243 -6.368 -7.139 -4.089 -5.412 -6.446 -7.062 -7.521 -5.566 -4.328 -5.88 -8.05 -8.37 -8.431 -6.026
5.02233 -1.927 3.271 2.305 0.602 -2.184 -4.187 -2.302 0.106 -2.315 -4.305 -5.89 -6.967 0.328 -3.035 -5.164 -6.288 -7.059 -4.009 -5.333 -6.367 -6.982 -7.442 -5.487 -4.248 -5.8 -7.97 -8.291 -8.351 -5.947
5.174227 -1.848 3.351 2.385 0.682 -2.105 -4.107 -2.223 0.185 -2.236 -4.225 -5.81 -6.887 0.408 -2.955 -5.084 -6.209 -6.979 -3.93 -5.253 -6.287 -6.903 -7.362 -5.407 -4.169 -5.721 -7.891 -8.211 -8.271 -5.867
5.330718 -1.768 3.431 2.465 0.762 -2.025 -4.027 -2.143 0.265 -2.156 -4.146 -5.73 -6.807 0.488 -2.875 -5.004 -6.129 -6.9 -3.85 -5.173 -6.207 -6.823 -7.282 -5.327 -4.089 -5.641 -7.811 -8.131 -8.192 -5.787
5.491942 -1.688 3.51 2.545 0.842 -1.945 -3.947 -2.063 0.345 -2.076 -4.066 -5.651 -6.727 0.568 -2.795 -4.924 -6.049 -6.82 -3.77 -5.094 -6.127 -6.743 -7.202 -5.247 -4.009 -5.561 -7.731 -8.051 -8.112 -5.707
5.658042 -1.608 3.591 2.625 0.922 -1.865 -3.867 -1.983 0.425 -1.996 -3.986 -5.57 -6.647 0.648 -2.715 -4.844 -5.969 -6.74 -3.69 -5.013 -6.047 -6.663 -7.122 -5.167 -3.929 -5.481 -7.651 -7.971 -8.032 -5.627
5.829166 -1.528 3.671 2.705 1.002 -1.785 -3.787 -1.903 0.505 -1.916 -3.905 -5.49 -6.567 0.728 -2.635 -4.764 -5.889 -6.659 -3.61 -4.933 -5.967 -6.583 -7.042 -5.087 -3.849 -5.401 -7.571 -7.891 -7.951 -5.547
6.005465 -1.447 3.751 2.785 1.082 -1.704 -3.707 -1.822 0.585 -1.835 -3.825 -5.41 -6.487 0.808 -2.555 -4.684 -5.808 -6.579 -3.529 -4.853 -5.887 -6.503 -6.962 -5.007 -3.768 -5.32 -7.49 -7.811 -7.871 -5.467
6.187096 -1.367 3.832 2.866 1.163 -1.624 -3.626 -1.742 0.666 -1.755 -3.745 -5.329 -6.406 0.889 -2.474 -4.603 -5.728 -6.499 -3.449 -4.772 -5.806 -6.422 -6.881 -4.926 -3.688 -5.24 -7.41 -7.73 -7.791 -5.386
6.37422 -1.286 3.912 2.946 1.243 -1.543 -3.546 -1.661 0.747 -1.674 -3.664 -5.249 -6.326 0.969 -2.394 -4.522 -5.647 -6.418 -3.368 -4.692 -5.726 -6.341 -6.801 -4.846 -3.607 -5.159 -7.329 -7.649 -7.71 -5.306
6.567004 -1.206 3.993 3.027 1.324 -1.463 -3.465 -1.58 0.827 -1.594 -3.583 -5.168 -6.245 1.05 -2.313 -4.442 -5.566 -6.337 -3.288 -4.611 -5.645 -6.261 -6.72 -4.765 -3.526 -5.078 -7.248 -7.569 -7.629 -5.225
6.765619 -1.125 4.074 3.108 1.405 -1.382 -3.384 -1.5 0.908 -1.513 -3.502 -5.087 -6.164 1.131 -2.232 -4.361 -5.486 -6.256 -3.207 -4.53 -5.564 -6.18 -6.639 -4.684 -3.446 -4.998 -7.168 -7.488 -7.549 -5.144
6.97024 -1.044 4.155 3.189 1.486 -1.301 -3.303 -1.419 0.989 -1.432 -3.421 -5.006 -6.083 1.212 -2.151 -4.28 -5.405 -6.175 -3.126 -4.449 -5.483 -6.099 -6.558 -4.603 -3.365 -4.917 -7.087 -7.407 -7.468 -5.063
7.181051 -0.963 4.236 3.27 1.567 -1.22 -3.222 -1.338 1.07 -1.351 -3.34 -4.925 -6.002 1.293 -2.07 -4.199 -5.324 -6.094 -3.045 -4.368 -5.402 -6.018 -6.477 -4.522 -3.283 -4.836 -7.006 -7.326 -7.386 -4.982
7.398237 -0.881 4.317 3.351 1.648 -1.139 -3.141 -1.256 1.151 -1.27 -3.259 -4.844 -5.921 1.374 -1.989 -4.118 -5.242 -6.013 -2.964 -4.287 -5.321 -5.937 -6.396 -4.441 -3.202 -4.754 -6.924 -7.245 -7.305 -4.901
7.621991 -0.8 4.398 3.432 1.73 -1.057 -3.059 -1.175 1.233 -1.188 -3.178 -4.763 -5.84 1.455 -1.908 -4.036 -5.161 -5.932 -2.882 -4.206 -5.24 -5.855 -6.314 -4.359 -3.121 -4.673 -6.843 -7.163 -7.224 -4.819
7.852513 -0.719 4.48 3.514 1.811 -0.976 -2.978 -1.094 1.314 -1.107 -3.096 -4.681 -5.758 1.537 -1.826 -3.955 -5.08 -5.85 -2.801 -4.124 -5.158 -5.774 -6.233 -4.278 -3.04 -4.592 -6.762 -7.082 -7.142 -4.738
8.090007 -0.637 4.561 3.595 1.893 -0.894 -2.896 -1.012 1.396 -1.025 -3.015 -4.6 -5.677 1.618 -1.745 -3.873 -4.998 -5.769 -2.719 -4.043 -5.077 -5.692 -6.152 -4.196 -2.958 -4.51 -6.68 -7.0 -7.061 -4.656
8.334684 -0.556 4.643 3.677 1.974 -0.813 -2.815 -0.93 1.477 -0.944 -2.933 -4.518 -5.595 1.7 -1.663 -3.792 -4.916 -5.687 -2.638 -3.961 -4.995 -5.611 -6.07 -4.115 -2.876 -4.428 -6.598 -6.919 -6.979 -4.575
8.586761 -0.474 4.725 3.759 2.056 -0.731 -2.733 -0.849 1.559 -0.862 -2.851 -4.436 -5.513 1.782 -1.581 -3.71 -4.835 -5.605 -2.556 -3.879 -4.913 -5.529 -5.988 -4.033 -2.795 -4.347 -6.517 -6.837 -6.898 -4.493
8.846461 -0.392 4.807 3.841 2.138 -0.649 -2.651 -0.767 1.641 -0.78 -2.77 -4.354 -5.431 1.864 -1.499 -3.628 -4.753 -5.524 -2.474 -3.797 -4.831 -5.447 -5.906 -3.951 -2.713 -4.265 -6.435 -6.755 -6.816 -4.411
9.114017 -0.31 4.889 3.923 2.22 -0.567 -2.569 -0.685 1.723 -0.698 -2.688 -4.272 -5.349 1.946 -1.417 -3.546 -4.671 -5.442 -2.392 -3.715 -4.749 -5.365 -5.824 -3.869 -2.631 -4.183 -6.353 -6.673 -6.734 -4.329
9.389664 -0.228 4.971 4.005 2.302 -0.485 -2.487 -0.603 1.805 -0.616 -2.606 -4.19 -5.267 2.028 -1.335 -3.464 -4.589 -5.36 -2.31 -3.633 -4.667 -5.283 -5.742 -3.787 -2.549 -4.101 -6.271 -6.591 -6.652 -4.247
9.673648 -0.146 5.053 4.087 2.384 -0.403 -2.405 -0.52 1.887 -0.534 -2.523 -4.108 -5.185 2.11 -1.253 -3.382 -4.507 -5.277 -2.228 -3.551 -4.585 -5.201 -5.66 -3.705 -2.466 -4.019 -6.189 -6.509 -6.569 -4.165
9.966221 -0.063 5.135 4.169 2.466 -0.32 -2.323 -0.438 1.969 -0.452 -2.441 -4.026 -5.103 2.192 -1.171 -3.3 -4.424 -5.195 -2.145 -3.469 -4.503 -5.119 -5.578 -3.623 -2.384 -3.936 -6.106 -6.427 -6.487 -4.083
10.267642 0.019 5.217 4.252 2.549 -0.238 -2.24 -0.356 2.052 -0.369 -2.359 -3.944 -5.02 2.275 -1.088 -3.217 -4.342 -5.113 -2.063 -3.387 -4.42 -5.036 -5.495 -3.54 -2.302 -3.854 -6.024 -6.344 -6.405 -4.0
10.57818 0.101 5.3 4.334 2.631 -0.156 -2.158 -0.273 2.134 -0.287 -2.276 -3.861 -4.938 2.357 -1.006 -3.135 -4.259 -5.03 -1.981 -3.304 -4.338 -4.954 -5.413 -3.458 -2.219 -3.771 -5.941 -6.262 -6.322 -3.918
10.89811 0.184 5.382 4.417 2.714 -0.073 -2.075 -0.191 2.217 -0.204 -2.194 -3.779 -4.855 2.44 -0.923 -3.052 -4.177 -4.948 -1.898 -3.222 -4.255 -4.871 -5.33 -3.375 -2.137 -3.689 -5.859 -6.179 -6.24 -3.835
11.227716 0.267 5.465 4.499 2.796 0.01 -1.993 -0.108 2.3 -0.121 -2.111 -3.696 -4.773 2.522 -0.841 -2.97 -4.094 -4.865 -1.815 -3.139 -4.173 -4.789 -5.248 -3.293 -2.054 -3.606 -5.776 -6.097 -6.157 -3.753
11.56729 0.349 5.548 4.582 2.879 0.092 -1.91 -0.025 2.382 -0.039 -2.028 -3.613 -4.69 2.605 -0.758 -2.887 -4.011 -4.782 -1.733 -3.056 -4.09 -4.706 -5.165 -3.21 -1.971 -3.523 -5.694 -6.014 -6.074 -3.67
11.917135 0.432 5.631 4.665 2.962 0.175 -1.827 0.057 2.465 0.044 -1.945 -3.53 -4.607 2.688 -0.675 -2.804 -3.929 -4.699 -1.65 -2.973 -4.007 -4.623 -5.082 -3.127 -1.889 -3.441 -5.611 -5.931 -5.992 -3.587
12.277561 0.515 5.714 4.748 3.045 0.258 -1.744 0.14 2.548 0.127 -1.863 -3.447 -4.524 2.771 -0.592 -2.721 -3.846 -4.617 -1.567 -2.89 -3.924 -4.54 -4.999 -3.044 -1.806 -3.358 -5.528 -5.848 -5.909 -3.504
12.648887 0.598 5.797 4.831 3.128 0.341 -1.661 0.223 2.631 0.21 -1.78 -3.364 -4.441 2.854 -0.509 -2.638 -3.763 -4.534 -1.484 -2.807 -3.841 -4.457 -4.916 -2.961 -1.723 -3.275 -5.445 -5.765 -5.826 -3.421
13.031444 0.681 5.88 4.914 3.211 0.424 -1.578 0.306 2.714 0.293 -1.696 -3.281 -4.358 2.937 -0.426 -2.555 -3.68 -4.45 -1.401 -2.724 -3.758 -4.374 -4.833 -2.878 -1.64 -3.192 -5.362 -5.682 -5.743 -3.338
13.425571 0.764 5.963 4.997 3.294 0.507 -1.495 0.39 2.797 0.376 -1.613 -3.198 -4.275 3.02 -0.343 -2.472 -3.596 -4.367 -1.318 -2.641 -3.675 -4.291 -4.75 -2.795 -1.556 -3.108 -5.278 -5.599 -5.659 -3.255
13.831619 0.848 6.046 5.08 3.377 0.591 -1.412 0.473 2.881 0.46 -1.53 -3.115 -4.192 3.103 -0.26 -2.389 -3.513 -4.284 -1.234 -2.558 -3.592 -4.207 -4.667 -2.712 -1.473 -3.025 -5.195 -5.516 -5.576 -3.172
14.249947 0.931 6.129 5.164 3.461 0.674 -1.328 0.556 2.964 0.543 -1.447 -3.032 -4.108 3.187 -0.176 -2.305 -3.43 -4.201 -1.151 -2.475 -3.508 -4.124 -4.583 -2.628 -1.39 -2.942 -5.112 -5.432 -5.493 -3.088
14.680926 1.014 6.213 5.247 3.544 0.757 -1.245 0.64 3.047 0.626 -1.363 -2.948 -4.025 3.27 -0.093 -2.222 -3.346 -4.117 -1.068 -2.391 -3.425 -4.041 -4.5 -2.545 -1.306 -2.858 -5.028 -5.349 -5.409 -3.005
15.124941 1.098 6.296 5.33 3.628 0.841 -1.161 0.723 3.131 0.71 -1.28 -2.865 -3.941 3.354 -0.01 -2.138 -3.263 -4.034 -0.984 -2.308 -3.342 -3.957 -4.416 -2.461 -1.223 -2.775 -4.945 -5.265 -5.326 -2.921
15.582385 1.181 6.38 5.414 3.711 0.924 -1.078 0.807 3.214 0.793 -1.196 -2.781 -3.858 3.437 0.074 -2.055 -3.179 -3.95 -0.901 -2.224 -3.258 -3.874 -4.333 -2.378 -1.139 -2.691 -4.861 -5.182 -5.242 -2.838
16.053663 1.265 6.464 5.498 3.795 1.008 -0.994 0.89 3.298 0.877 -1.113 -2.697 -3.774 3.521 0.158 -1.971 -3.096 -3.867 -0.817 -2.14 -3.174 -3.79 -4.249 -2.294 -1.056 -2.608 -4.778 -5.098 -5.159 -2.754
16.539195 1.349 6.547 5.581 3.879 1.092 -0.91 0.974 3.382 0.961 -1.029 -2.614 -3.691 3.604 0.241 -1.887 -3.012 -3.783 -0.733 -2.057 -3.091 -3.706 -4.165 -2.21 -0.972 -2.524 -4.694 -5.014 -5.075 -2.67
17.039412 1.433 6.631 5.665 3.962 1.176 -0.827 1.058 3.466 1.045 -0.945 -2.53 -3.607 3.688 0.325 -1.804 -2.928 -3.699 -0.649 -1.973 -3.007 -3.622 -4.082 -2.127 -0.888 -2.44 -4.61 -4.931 -4.991 -2.587
17.554757 1.517 6.715 5.749 4.046 1.259 -0.743 1.142 3.549 1.128 -0.861 -2.446 -3.523 3.772 0.409 -1.72 -2.844 -3.615 -0.566 -1.889 -2.923 -3.539 -3.998 -2.043 -0.804 -2.356 -4.526 -4.847 -4.907 -2.503
18.085689 1.6 6.799 5.833 4.13 1.343 -0.659 1.226 3.633 1.212 -0.777 -2.362 -3.439 3.856 0.493 -1.636 -2.76 -3.531 -0.482 -1.805 -2.839 -3.455 -3.914 -1.959 -0.72 -2.272 -4.442 -4.763 -4.823 -2.419
18.632678 1.684 6.883 5.917 4.214 1.427 -0.575 1.31 3.717 1.296 -0.693 -2.278 -3.355 3.94 0.577 -1.552 -2.676 -3.447 -0.398 -1.721 -2.755 -3.371 -3.83 -1.875 -0.636 -2.188 -4.358 -4.679 -4.739 -2.335
19.196211 1.769 6.967 6.001 4.298 1.511 -0.491 1.394 3.801 1.38 -0.609 -2.194 -3.271 4.024 0.661 -1.468 -2.592 -3.363 -0.314 -1.637 -2.671 -3.287 -3.746 -1.791 -0.552 -2.104 -4.274 -4.595 -4.655 -2.251
19.776787 1.853 7.051 6.085 4.382 1.596 -0.407 1.478 3.886 1.465 -0.525 -2.11 -3.187 4.108 0.745 -1.383 -2.508 -3.279 -0.229 -1.553 -2.587 -3.202 -3.662 -1.706 -0.468 -2.02 -4.19 -4.51 -4.571 -2.167
20.374923 1.937 7.135 6.169 4.467 1.68 -0.322 1.562 3.97 1.549 -0.441 -2.026 -3.102 4.193 0.829 -1.299 -2.424 -3.195 -0.145 -1.469 -2.503 -3.118 -3.577 -1.622 -0.384 -1.936 -4.106 -4.426 -4.487 -2.082
20.991149 2.021 7.22 6.254 4.551 1.764 -0.238 1.646 4.054 1.633 -0.356 -1.941 -3.018 4.277 0.914 -1.215 -2.34 -3.11 -0.061 -1.384 -2.418 -3.034 -3.493 -1.538 -0.3 -1.852 -4.022 -4.342 -4.403 -1.998
21.626011 2.106 7.304 6.338 4.635 1.848 -0.154 1.731 4.138 1.717 -0.272 -1.857 -2.934 4.361 0.998 -1.131 -2.255 -3.026 0.023 -1.3 -2.334 -2.95 -3.409 -1.454 -0.215 -1.767 -3.937 -4.258 -4.318 -1.914
22.280075 2.19 7.388 6.423 4.72 1.933 -0.069 1.815 4.223 1.802 -0.188 -1.773 -2.849 4.446 1.083 -1.046 -2.171 -2.942 0.108 -1.216 -2.249 -2.865 -3.324 -1.369 -0.131 -1.683 -3.853 -4.173 -4.234 -1.829
22.953921 2.274 7.473 6.507 4.804 2.017 0.015 1.9 4.307 1.886 -0.103 -1.688 -2.765 4.53 1.167 -0.962 -2.086 -2.857 0.192 -1.131 -2.165 -2.781 -3.24 -1.285 -0.046 -1.598 -3.768 -4.089 -4.149 -1.745
23.648147 2.359 7.557 6.592 4.889 2.102 0.1 1.984 4.392 1.971 -0.019 -1.604 -2.68 4.615 1.252 -0.877 -2.002 -2.773 0.277 -1.047 -2.08 -2.696 -3.155 -1.2 0.038 -1.514 -3.684 -4.004 -4.065 -1.66
24.363369 2.444 7.642 6.676 4.973 2.186 0.184 2.069 4.476 2.055 0.066 -1.519 -2.596 4.699 1.336 -0.793 -1.917 -2.688 0.361 -0.962 -1.996 -2.612 -3.071 -1.116 0.123 -1.429 -3.599 -3.92 -3.98 -1.576
25.100222 2.528 7.727 6.761 5.058 2.271 0.269 2.153 4.561 2.14 0.151 -1.434 -2.511 4.784 1.421 -0.708 -1.833 -2.603 0.446 -0.877 -1.911 -2.527 -2.986 -1.031 0.207 -1.345 -3.515 -3.835 -3.896 -1.491
25.859362 2.613 7.811 6.845 5.143 2.356 0.354 2.238 4.646 2.225 0.235 -1.35 -2.426 4.869 1.506 -0.623 -1.748 -2.519 0.531 -0.793 -1.826 -2.442 -2.901 -0.946 0.292 -1.26 -3.43 -3.75 -3.811 -1.406
26.64146 2.698 7.896 6.93 5.227 2.441 0.438 2.323 4.731 2.31 0.32 -1.265 -2.342 4.953 1.59 -0.538 -1.663 -2.434 0.616 -0.708 -1.742 -2.357 -2.817 -0.861 0.377 -1.175 -3.345 -3.665 -3.726 -1.322
27.447213 2.783 7.981 7.015 5.312 2.525 0.523 2.408 4.815 2.394 0.405 -1.18 -2.257 5.038 1.675 -0.454 -1.578 -2.349 0.7 -0.623 -1.657 -2.273 -2.732 -0.777 0.462 -1.09 -3.26 -3.581 -3.641 -1.237
28.277335 2.867 8.066 7.1 5.397 2.61 0.608 2.493 4.9 2.479 0.49 -1.095 -2.172 5.123 1.76 -0.369 -1.493 -2.264 0.785 -0.538 -1.572 -2.188 -2.647 -0.692 0.547 -1.005 -3.175 -3.496 -3.556 -1.152
29.132564 2.952 8.151 7.185 5.482 2.695 0.693 2.578 4.985 2.564 0.575 -1.01 -2.087 5.208 1.845 -0.284 -1.408 -2.179 0.87 -0.453 -1.487 -2.103 -2.562 -0.607 0.632 -0.92 -3.091 -3.411 -3.471 -1.067
30.013659 3.037 8.236 7.27 5.567 2.78 0.778 2.663 5.07 2.649 0.66 -0.925 -2.002 5.293 1.93 -0.199 -1.323 -2.094 0.955 -0.368 -1.402 -2.018 -2.477 -0.522 0.717 -0.835 -3.005 -3.326 -3.386 -0.982
30.921401 3.122 8.321 7.355 5.652 2.865 0.863 2.748 5.155 2.734 0.745 -0.84 -1.917 5.378 2.015 -0.114 -1.238 -2.009 1.04 -0.283 -1.317 -1.933 -2.392 -0.437 0.802 -0.75 -2.92 -3.241 -3.301 -0.897
31.856598 3.208 8.406 7.44 5.737 2.95 0.948 2.833 5.24 2.819 0.83 -0.755 -1.832 5.463 2.1 -0.029 -1.153 -1.924 1.125 -0.198 -1.232 -1.848 -2.307 -0.352 0.887 -0.665 -2.835 -3.156 -3.216 -0.812
32.820079 3.293 8.491 7.525 5.822 3.036 1.033 2.918 5.326 2.905 0.915 -0.67 -1.747 5.548 2.185 0.057 -1.068 -1.839 1.211 -0.113 -1.147 -1.762 -2.222 -0.266 0.972 -0.58 -2.75 -3.07 -3.131 -0.727
33.8127 3.378 8.576 7.611 5.908 3.121 1.119 3.003 5.411 2.99 1.0 -0.585 -1.661 5.634 2.271 0.142 -0.983 -1.754 1.296 -0.028 -1.061 -1.677 -2.136 -0.181 1.057 -0.495 -2.665 -2.985 -3.046 -0.641
34.835342 3.463 8.662 7.696 5.993 3.206 1.204 3.088 5.496 3.075 1.086 -0.499 -1.576 5.719 2.356 0.227 -0.898 -1.668 1.381 0.058 -0.976 -1.592 -2.051 -0.096 1.142 -0.41 -2.58 -2.9 -2.961 -0.556
35.888913 3.549 8.747 7.781 6.078 3.291 1.289 3.174 5.581 3.16 1.171 -0.414 -1.491 5.804 2.441 0.312 -0.812 -1.583 1.466 0.143 -0.891 -1.507 -1.966 -0.011 1.228 -0.324 -2.494 -2.815 -2.875 -0.471
36.974349 3.634 8.832 7.866 6.164 3.377 1.375 3.259 5.667 3.246 1.256 -0.329 -1.405 5.89 2.526 0.398 -0.727 -1.498 1.552 0.228 -0.806 -1.421 -1.88 0.075 1.313 -0.239 -2.409 -2.729 -2.79 -0.385
38.092613 3.719 8.918 7.952 6.249 3.462 1.46 3.345 5.752 3.331 1.342 -0.243 -1.32 5.975 2.612 0.483 -0.641 -1.412 1.637 0.314 -0.72 -1.336 -1.795 0.16 1.399 -0.153 -2.324 -2.644 -2.704 -0.3
39.244698 3.805 9.003 8.037 6.335 3.548 1.546 3.43 5.838 3.417 1.427 -0.158 -1.235 6.06 2.697 0.569 -0.556 -1.327 1.723 0.399 -0.635 -1.25 -1.71 0.246 1.484 -0.068 -2.238 -2.558 -2.619 -0.214
40.431627 3.89 9.089 8.123 6.42 3.633 1.631 3.516 5.923 3.502 1.513 -0.072 -1.149 6.146 2.783 0.654 -0.47 -1.241 1.808 0.485 -0.549 -1.165 -1.624 0.331 1.57 0.017 -2.153 -2.473 -2.533 -0.129
41.654454 3.976 9.174 8.208 6.506 3.719 1.717 3.601 6.009 3.588 1.598 0.013 -1.063 6.232 2.868 0.74 -0.385 -1.156 1.894 0.57 -0.464 -1.079 -1.538 0.417 1.655 0.103 -2.067 -2.387 -2.448 -0.043
