web/models/kne/6/Metzger_0.016214_0.435172_0.100000.dat
# %ECSV 0.9
# ---
# datatype:
# - {name: time, datatype: float64}
# - {name: sdss_u, datatype: float64}
# - {name: sdss_g, datatype: float64}
# - {name: sdss_r, datatype: float64}
# - {name: sdss_i, datatype: float64}
# - {name: sdss_z, datatype: float64}
# - {name: PS1_y, datatype: float64}
# - {name: ukirt_J, datatype: float64}
# - {name: ukirt_H, datatype: float64}
# - {name: ukirt_K, datatype: float64}
# - {name: johnson_U, datatype: float64}
# - {name: johnson_B, datatype: float64}
# - {name: johnson_V, datatype: float64}
# - {name: johnson_R, datatype: float64}
# - {name: johnson_I, datatype: float64}
# - {name: Clear, datatype: float64}
# meta: !!omap
# - comment: [vej = 0.43517241379310345, mej = 0.016213736300560038, Ye = 0.1, redshift = 0.0]
# schema: astropy-2.0
time sdss_u sdss_g sdss_r sdss_i sdss_z PS1_y ukirt_J ukirt_H ukirt_K johnson_U johnson_B johnson_V johnson_R johnson_I Clear
[from data line 202]
10.200000 56.624339 35.853481 22.861483 14.695893 9.766402 6.710393 0.616810 -4.625107 -7.906989 54.122828 41.619259 28.296025 21.292612 9.272849 22.345033
10.250000 57.020552 36.144689 23.086023 14.877858 9.922269 6.849872 0.722904 -4.548998 -7.850845 54.506467 41.939769 28.548581 21.509022 9.426082 22.566899
10.300000 57.416776 36.435919 23.310592 15.059854 10.078172 6.989388 0.829039 -4.472847 -7.794655 54.890118 42.260298 28.801162 21.725461 9.579351 22.788794
10.350000 57.813009 36.727169 23.535187 15.241882 10.234109 7.128940 0.935212 -4.396653 -7.738422 55.273779 42.580844 29.053767 21.941928 9.732654 23.010715
10.400000 58.209248 37.018436 23.759806 15.423939 10.390078 7.268526 1.041424 -4.320418 -7.682145 55.657448 42.901404 29.306393 22.158420 9.885989 23.232662
10.450000 58.605489 37.309718 23.984448 15.606024 10.546077 7.408144 1.147671 -4.244143 -7.625826 56.041120 43.221975 29.559039 22.374936 10.039355 23.454631
10.500000 59.001731 37.601013 24.209112 15.788135 10.702106 7.547794 1.253955 -4.167829 -7.569465 56.424794 43.542556 29.811702 22.591474 10.192752 23.676622
10.550000 59.397969 37.892318 24.433794 15.970271 10.858163 7.687473 1.360272 -4.091477 -7.513064 56.808467 43.863143 30.064381 22.808032 10.346176 23.898632
10.600000 59.794202 38.183632 24.658494 16.152430 11.014247 7.827182 1.466623 -4.015087 -7.456622 57.192136 44.183736 30.317073 23.024608 10.499627 24.120661
10.650000 60.190427 38.474952 24.883210 16.334610 11.170356 7.966918 1.573006 -3.938662 -7.400142 57.575798 44.504330 30.569778 23.241202 10.653104 24.342705
10.700000 60.586642 38.766277 25.107940 16.516811 11.326489 8.106680 1.679420 -3.862201 -7.343623 57.959452 44.824925 30.822493 23.457811 10.806605 24.564764
10.750000 60.982843 39.057605 25.332682 16.699030 11.482644 8.246468 1.785864 -3.785705 -7.287067 58.343095 45.145518 31.075215 23.674433 10.960130 24.786835
10.800000 61.379029 39.348933 25.557435 16.881267 11.638821 8.386279 1.892337 -3.709176 -7.230475 58.726724 45.466107 31.327945 23.891067 11.113676 25.008918
10.850000 61.775197 39.640260 25.782197 17.063520 11.795018 8.526113 1.998838 -3.632613 -7.173846 59.110337 45.786691 31.580679 24.107712 11.267242 25.231011
10.900000 62.171345 39.931584 26.006968 17.245787 11.951234 8.665969 2.105367 -3.556019 -7.117182 59.493932 46.107266 31.833417 24.324367 11.420829 25.453111
10.950000 62.567471 40.222902 26.231744 17.428068 12.107468 8.805845 2.211921 -3.479394 -7.060483 59.877507 46.427832 32.086156 24.541028 11.574433 25.675219
11.000000 62.963571 40.514215 26.456525 17.610361 12.263718 8.945741 2.318501 -3.402739 -7.003751 60.261059 46.748386 32.338895 24.757696 11.728054 25.897332
11.050000 63.359645 40.805518 26.681310 17.792665 12.419984 9.085655 2.425105 -3.326053 -6.946986 60.644587 47.068926 32.591632 24.974369 11.881692 26.119448
11.100000 63.755689 41.096812 26.906096 17.974979 12.576264 9.225587 2.531732 -3.249339 -6.890188 61.028087 47.389451 32.844366 25.191045 12.035344 26.341567
11.150000 64.151703 41.388094 27.130884 18.157301 12.732558 9.365534 2.638382 -3.172598 -6.833358 61.411559 47.709959 33.097096 25.407724 12.189010 26.563687
11.200000 64.547683 41.679363 27.355670 18.339630 12.888863 9.505497 2.745053 -3.095828 -6.776498 61.795000 48.030448 33.349820 25.624403 12.342689 26.785807
11.250000 64.943629 41.970617 27.580454 18.521966 13.045180 9.645475 2.851745 -3.019032 -6.719607 62.178408 48.350916 33.602536 25.841082 12.496379 27.007926
11.300000 65.339537 42.261854 27.805235 18.704306 13.201507 9.785466 2.958457 -2.942211 -6.662686 62.561782 48.671363 33.855244 26.057758 12.650080 27.230041
11.350000 65.735406 42.553073 28.030012 18.886651 13.357844 9.925469 3.065189 -2.865364 -6.605736 62.945119 48.991785 34.107941 26.274432 12.803791 27.452153
11.400000 66.131234 42.844273 28.254783 19.068998 13.514188 10.065484 3.171938 -2.788493 -6.548758 63.328418 49.312182 34.360627 26.491102 12.957510 27.674259
11.450000 66.527020 43.135452 28.479546 19.251348 13.670540 10.205509 3.278705 -2.711598 -6.491752 63.711677 49.632552 34.613300 26.707767 13.111238 27.896359
11.500000 66.922761 43.426609 28.704302 19.433698 13.826898 10.345545 3.385489 -2.634679 -6.434718 64.094895 49.952894 34.865959 26.924425 13.264972 28.118451
11.550000 67.318456 43.717743 28.929048 19.616047 13.983261 10.485589 3.492289 -2.557739 -6.377658 64.478068 50.273206 35.118602 27.141075 13.418712 28.340534
11.600000 67.714104 44.008851 29.153783 19.798396 14.139629 10.625641 3.599105 -2.480776 -6.320571 64.861197 50.593486 35.371229 27.357717 13.572457 28.562608
11.650000 68.109702 44.299933 29.378508 19.980742 14.296001 10.765700 3.705934 -2.403793 -6.263459 65.244279 50.913734 35.623838 27.574349 13.726206 28.784671
11.700000 68.505248 44.590987 29.603219 20.163086 14.452375 10.905766 3.812778 -2.326788 -6.206322 65.627313 51.233947 35.876428 27.790970 13.879959 29.006721
11.750000 68.900743 44.882013 29.827917 20.345425 14.608751 11.045837 3.919635 -2.249764 -6.149160 66.010297 51.554126 36.128999 28.007579 14.033714 29.228759
11.800000 69.296183 45.173009 30.052600 20.527760 14.765128 11.185914 4.026505 -2.172721 -6.091974 66.393230 51.874267 36.381548 28.224176 14.187471 29.450782
11.850000 69.691567 45.463973 30.277267 20.710088 14.921506 11.325994 4.133386 -2.095658 -6.034765 66.776110 52.194370 36.634075 28.440758 14.341229 29.672790
11.900000 70.086895 45.754905 30.501918 20.892410 15.077883 11.466077 4.240278 -2.018577 -5.977533 67.158936 52.514435 36.886578 28.657326 14.494987 29.894783
11.950000 70.482164 46.045804 30.726551 21.074725 15.234258 11.606164 4.347181 -1.941479 -5.920279 67.541707 52.834458 37.139058 28.873879 14.648744 30.116758
12.000000 70.877373 46.336668 30.951166 21.257031 15.390632 11.746252 4.454094 -1.864363 -5.863002 67.924421 53.154440 37.391512 29.090414 14.802499 30.338715
12.050000 71.272521 46.627497 31.175761 21.439328 15.547003 11.886341 4.561017 -1.787231 -5.805704 68.307076 53.474380 37.643940 29.306933 14.956253 30.560654
12.100000 71.667607 46.918288 31.400336 21.621615 15.703370 12.026431 4.667948 -1.710083 -5.748385 68.689673 53.794275 37.896340 29.523432 15.110004 30.782573
12.150000 72.062628 47.209042 31.624889 21.803892 15.859733 12.166521 4.774887 -1.632919 -5.691046 69.072208 54.114126 38.148713 29.739913 15.263751 31.004471
12.200000 72.457585 47.499758 31.849421 21.986157 16.016092 12.306610 4.881834 -1.555740 -5.633686 69.454682 54.433930 38.401056 29.956374 15.417494 31.226348
12.250000 72.852476 47.790433 32.073929 22.168410 16.172444 12.446698 4.988788 -1.478547 -5.576307 69.837093 54.753687 38.653370 30.172813 15.571233 31.448203
12.300000 73.247299 48.081068 32.298414 22.350650 16.328791 12.586783 5.095748 -1.401339 -5.518908 70.219439 55.073396 38.905652 30.389232 15.724965 31.670035
12.350000 73.642053 48.371661 32.522875 22.532876 16.485131 12.726866 5.202714 -1.324118 -5.461491 70.601720 55.393056 39.157903 30.605627 15.878692 31.891843
12.400000 74.036738 48.662212 32.747310 22.715089 16.641463 12.866946 5.309686 -1.246883 -5.404056 70.983935 55.712666 39.410122 30.822000 16.032411 32.113626
12.450000 74.431352 48.952719 32.971719 22.897286 16.797787 13.007022 5.416662 -1.169636 -5.346603 71.366083 56.032225 39.662307 31.038349 16.186124 32.335384
12.500000 74.825895 49.243183 33.196102 23.079468 16.954103 13.147094 5.523643 -1.092377 -5.289132 71.748161 56.351732 39.914458 31.254673 16.339828 32.557116
12.550000 75.220365 49.533601 33.420457 23.261634 17.110409 13.287160 5.630628 -1.015106 -5.231644 72.130171 56.671187 40.166574 31.470972 16.493524 32.778822
12.600000 75.614760 49.823973 33.644784 23.443783 17.266705 13.427221 5.737616 -0.937823 -5.174139 72.512110 56.990587 40.418655 31.687245 16.647210 33.000500
12.650000 76.009081 50.114299 33.869082 23.625914 17.422991 13.567276 5.844607 -0.860530 -5.116618 72.893977 57.309933 40.670699 31.903491 16.800887 33.222150
12.700000 76.403327 50.404577 34.093351 23.808028 17.579266 13.707325 5.951601 -0.783225 -5.059081 73.275773 57.629224 40.922707 32.119710 16.954554 33.443771
12.750000 76.797495 50.694807 34.317590 23.990123 17.735530 13.847367 6.058596 -0.705911 -5.001529 73.657494 57.948459 41.174676 32.335902 17.108210 33.665363
12.800000 77.191587 50.984988 34.541798 24.172199 17.891781 13.987401 6.165593 -0.628587 -4.943961 74.039142 58.267636 41.426608 32.552064 17.261854 33.886924
12.850000 77.585599 51.275120 34.765974 24.354255 18.048020 14.127427 6.272592 -0.551254 -4.886379 74.420715 58.586757 41.678500 32.768198 17.415487 34.108456
12.900000 77.979533 51.565201 34.990119 24.536291 18.204246 14.267444 6.379591 -0.473912 -4.828782 74.802212 58.905818 41.930353 32.984302 17.569108 34.329956
12.950000 78.373386 51.855231 35.214231 24.718307 18.360459 14.407453 6.486590 -0.396561 -4.771171 75.183633 59.224821 42.182165 33.200375 17.722715 34.551424
13.000000 78.767159 52.145210 35.438310 24.900301 18.516658 14.547452 6.593589 -0.319201 -4.713546 75.564976 59.543764 42.433937 33.416418 17.876310 34.772860
13.050000 79.160850 52.435136 35.662355 25.082273 18.672842 14.687441 6.700588 -0.241834 -4.655908 75.946241 59.862646 42.685667 33.632430 18.029891 34.994263
13.100000 79.554459 52.725010 35.886367 25.264224 18.829011 14.827420 6.807586 -0.164460 -4.598256 76.327428 60.181468 42.937355 33.848409 18.183458 35.215633
13.150000 79.947984 53.014830 36.110343 25.446151 18.985165 14.967389 6.914582 -0.087078 -4.540592 76.708534 60.500227 43.189001 34.064357 18.337010 35.436968
13.200000 80.341426 53.304596 36.334285 25.628056 19.141303 15.107346 7.021577 -0.009690 -4.482915 77.089561 60.818925 43.440603 34.280271 18.490547 35.658270
13.250000 80.734783 53.594308 36.558191 25.809937 19.297425 15.247292 7.128570 0.067706 -4.425226 77.470507 61.137559 43.692162 34.496152 18.644069 35.879536
13.300000 81.128056 53.883964 36.782060 25.991793 19.453531 15.387226 7.235561 0.145107 -4.367525 77.851371 61.456130 43.943676 34.711999 18.797575 36.100767
13.350000 81.521242 54.173564 37.005893 26.173626 19.609620 15.527147 7.342548 0.222514 -4.309813 78.232153 61.774636 44.195147 34.927812 18.951065 36.321962
13.400000 81.914342 54.463109 37.229689 26.355433 19.765691 15.667056 7.449533 0.299927 -4.252089 78.612852 62.093079 44.446571 35.143590 19.104538 36.543121
13.450000 82.307356 54.752596 37.453448 26.537216 19.921744 15.806952 7.556515 0.377345 -4.194355 78.993468 62.411456 44.697951 35.359333 19.257994 36.764244
13.500000 82.700281 55.042027 37.677169 26.718973 20.077780 15.946835 7.663492 0.454768 -4.136609 79.374000 62.729767 44.949284 35.575041 19.411433 36.985329
13.550000 83.093119 55.331400 37.900851 26.900703 20.233797 16.086704 7.770466 0.532195 -4.078853 79.754448 63.048012 45.200571 35.790712 19.564854 37.206376
13.600000 83.485868 55.620714 38.124494 27.082408 20.389795 16.226559 7.877435 0.609627 -4.021087 80.134810 63.366191 45.451811 36.006347 19.718257 37.427386
13.650000 83.878528 55.909970 38.348099 27.264085 20.545774 16.366399 7.984400 0.687063 -3.963311 80.515088 63.684302 45.703004 36.221946 19.871642 37.648357
13.700000 84.271098 56.199168 38.571663 27.445736 20.701734 16.506225 8.091359 0.764503 -3.905526 80.895279 64.002346 45.954149 36.437507 20.025008 37.869289
13.750000 84.663578 56.488305 38.795188 27.627359 20.857673 16.646036 8.198314 0.841946 -3.847731 81.275384 64.320322 46.205246 36.653030 20.178355 38.090182
13.800000 85.055967 56.777383 39.018673 27.808954 21.013593 16.785831 8.305263 0.919393 -3.789927 81.655401 64.638229 46.456294 36.868516 20.331683 38.311036
13.850000 85.448266 57.066401 39.242117 27.990522 21.169492 16.925611 8.412206 0.996843 -3.732114 82.035332 64.956068 46.707294 37.083964 20.484991 38.531850
13.900000 85.840473 57.355358 39.465520 28.172060 21.325371 17.065375 8.519143 1.074295 -3.674292 82.415175 65.273838 46.958244 37.299373 20.638279 38.752624
13.950000 86.232588 57.644255 39.688882 28.353571 21.481228 17.205123 8.626074 1.151750 -3.616462 82.794929 65.591538 47.209145 37.514743 20.791547 38.973357
14.000000 86.624611 57.933090 39.912202 28.535052 21.637065 17.344855 8.732998 1.229207 -3.558624 83.174595 65.909168 47.459996 37.730074 20.944795 39.194050
14.050000 87.016541 58.221863 40.135481 28.716504 21.792879 17.484569 8.839915 1.306667 -3.500778 83.554172 66.226728 47.710797 37.945366 21.098021 39.414701
14.100000 87.408378 58.510574 40.358717 28.897926 21.948672 17.624267 8.946826 1.384128 -3.442924 83.933660 66.544217 47.961547 38.160617 21.251227 39.635312
14.150000 87.800121 58.799224 40.581911 29.079318 22.104443 17.763948 9.053729 1.461590 -3.385062 84.313058 66.861635 48.212247 38.375829 21.404411 39.855880
14.200000 88.191771 59.087810 40.805062 29.260681 22.260191 17.903611 9.160624 1.539055 -3.327194 84.692366 67.178982 48.462895 38.591000 21.557574 40.076407
14.250000 88.583327 59.376334 41.028170 29.442013 22.415917 18.043256 9.267512 1.616520 -3.269318 85.071584 67.496257 48.713493 38.806131 21.710715 40.296891
14.300000 88.974789 59.664795 41.251235 29.623314 22.571620 18.182883 9.374391 1.693986 -3.211435 85.450711 67.813461 48.964038 39.021221 21.863834 40.517333
14.350000 89.366156 59.953192 41.474256 29.804585 22.727300 18.322493 9.481263 1.771453 -3.153546 85.829747 68.130593 49.214532 39.236270 22.016930 40.737732
14.400000 89.757427 60.241526 41.697233 29.985824 22.882957 18.462083 9.588126 1.848920 -3.095651 86.208692 68.447652 49.464974 39.451277 22.170004 40.958088
14.450000 90.148604 60.529796 41.920167 30.167033 23.038590 18.601656 9.694980 1.926387 -3.037749 86.587545 68.764638 49.715363 39.666243 22.323056 41.178401
14.500000 90.539685 60.818001 42.143056 30.348209 23.194199 18.741209 9.801825 2.003855 -2.979841 86.966307 69.081552 49.965700 39.881167 22.476084 41.398670
14.550000 90.930670 61.106143 42.365901 30.529354 23.349785 18.880743 9.908662 2.081323 -2.921927 87.344977 69.398392 50.215983 40.096050 22.629090 41.618896
14.600000 91.321560 61.394219 42.588701 30.710467 23.505346 19.020258 10.015489 2.158790 -2.864007 87.723554 69.715159 50.466214 40.310889 22.782072 41.839078
14.650000 91.712353 61.682231 42.811456 30.891548 23.660883 19.159754 10.122307 2.236257 -2.806082 88.102039 70.031853 50.716392 40.525687 22.935030 42.059216
14.700000 92.103050 61.970178 43.034167 31.072597 23.816396 19.299230 10.229115 2.313723 -2.748152 88.480432 70.348473 50.966516 40.740442 23.087965 42.279310
14.750000 92.493650 62.258060 43.256832 31.253613 23.971884 19.438687 10.335913 2.391188 -2.690216 88.858731 70.665018 51.216586 40.955154 23.240876 42.499359
14.800000 92.884154 62.545876 43.479451 31.434597 24.127347 19.578123 10.442701 2.468653 -2.632276 89.236938 70.981490 51.466603 41.169823 23.393762 42.719364
14.850000 93.274560 62.833627 43.702025 31.615547 24.282785 19.717539 10.549479 2.546116 -2.574330 89.615051 71.297888 51.716566 41.384449 23.546625 42.939323
14.900000 93.664869 63.121312 43.924553 31.796465 24.438198 19.856935 10.656247 2.623578 -2.516380 89.993071 71.614210 51.966475 41.599031 23.699463 43.159238
14.950000 94.055081 63.408932 44.147036 31.977349 24.593585 19.996310 10.763005 2.701038 -2.458426 90.370998 71.930459 52.216329 41.813570 23.852276 43.379108
15.000000 94.445196 63.696485 44.369472 32.158200 24.748947 20.135665 10.869751 2.778497 -2.400467 90.748830 72.246632 52.466129 42.028066 24.005065 43.598933
15.050000 94.835213 63.983972 44.591862 32.339018 24.904283 20.274999 10.976487 2.855954 -2.342504 91.126569 72.562731 52.715874 42.242517 24.157829 43.818712
15.100000 95.225132 64.271393 44.814206 32.519802 25.059593 20.414312 11.083212 2.933408 -2.284537 91.504214 72.878754 52.965564 42.456925 24.310568 44.038445
15.150000 95.614954 64.558747 45.036503 32.700552 25.214878 20.553604 11.189926 3.010861 -2.226567 91.881765 73.194703 53.215200 42.671289 24.463281 44.258133
