web/models/kne/6/Metzger_0.001535_0.305517_0.450000.dat
# %ECSV 0.9
# ---
# datatype:
# - {name: time, datatype: float64}
# - {name: sdss_u, datatype: float64}
# - {name: sdss_g, datatype: float64}
# - {name: sdss_r, datatype: float64}
# - {name: sdss_i, datatype: float64}
# - {name: sdss_z, datatype: float64}
# - {name: PS1_y, datatype: float64}
# - {name: ukirt_J, datatype: float64}
# - {name: ukirt_H, datatype: float64}
# - {name: ukirt_K, datatype: float64}
# - {name: johnson_U, datatype: float64}
# - {name: johnson_B, datatype: float64}
# - {name: johnson_V, datatype: float64}
# - {name: johnson_R, datatype: float64}
# - {name: johnson_I, datatype: float64}
# - {name: Clear, datatype: float64}
# meta: !!omap
# - comment: [vej = 0.30551724137931036, mej = 0.0015350971392881912, Ye = 0.45, redshift = 0.0]
# schema: astropy-2.0
time sdss_u sdss_g sdss_r sdss_i sdss_z PS1_y ukirt_J ukirt_H ukirt_K johnson_U johnson_B johnson_V johnson_R johnson_I Clear
[from data line 1926]
96.400000 nan nan 579.655299 469.938255 402.763779 360.618361 274.895479 198.131777 147.230799 nan nan 651.912104 558.694875 395.986669 572.760903
96.450000 nan nan 579.949357 470.178869 402.971635 360.805646 275.040858 198.239515 147.313477 nan nan 652.241328 558.978727 396.191219 573.051604
96.500000 nan nan 580.243408 470.419477 403.179487 360.992926 275.186233 198.347252 147.396153 nan nan 652.570544 559.262573 396.395764 573.342299
96.550000 nan nan 580.537451 470.660080 403.387334 361.180203 275.331605 198.454986 147.478828 nan nan 652.899753 559.546412 396.600304 573.632986
96.600000 nan nan 580.831488 470.900678 403.595176 361.367475 275.476974 198.562718 147.561501 nan nan 653.228953 559.830244 396.804840 573.923667
96.650000 nan nan 581.125518 471.141269 403.803014 361.554743 275.622339 198.670448 147.644173 nan nan 653.558146 560.114070 397.009371 574.214340
96.700000 nan nan 581.419541 471.381856 404.010846 361.742006 275.767702 198.778175 147.726843 nan nan 653.887331 560.397889 397.213897 574.505007
96.750000 nan nan 581.713557 471.622436 404.218674 361.929266 275.913061 198.885900 147.809512 nan nan 654.216509 560.681702 397.418419 574.795667
96.800000 nan nan 582.007566 471.863011 404.426497 362.116521 276.058417 198.993624 147.892179 nan nan 654.545678 560.965507 397.622936 575.086320
96.850000 nan nan 582.301568 472.103581 404.634316 362.303772 276.203771 199.101345 147.974845 nan nan 654.874840 561.249306 397.827448 575.376967
96.900000 nan nan 582.595563 472.344145 404.842130 362.491019 276.349121 199.209063 148.057509 nan nan 655.203993 561.533099 398.031956 575.667606
96.950000 nan nan 582.889552 472.584703 405.049939 362.678262 276.494467 199.316780 148.140171 nan nan 655.533139 561.816884 398.236459 575.958239
97.000000 nan nan 583.183533 472.825256 405.257743 362.865501 276.639811 199.424495 148.222832 nan nan 655.862277 562.100664 398.440957 576.248865
97.050000 nan nan 583.477508 473.065804 405.465543 363.052735 276.785152 199.532207 148.305492 nan nan 656.191408 562.384436 398.645451 576.539484
97.100000 nan nan 583.771475 473.306345 405.673338 363.239965 276.930489 199.639917 148.388149 nan nan 656.520530 562.668202 398.849940 576.830096
97.150000 nan nan 584.065436 473.546882 405.881128 363.427191 277.075823 199.747625 148.470806 nan nan 656.849645 562.951961 399.054425 577.120701
97.200000 nan nan 584.359390 473.787412 406.088914 363.614413 277.221155 199.855331 148.553460 nan nan 657.178752 563.235714 399.258905 577.411300
97.250000 nan nan 584.653337 474.027938 406.296694 363.801630 277.366483 199.963034 148.636114 nan nan 657.507852 563.519460 399.463380 577.701892
97.300000 nan nan 584.947277 474.268457 406.504471 363.988844 277.511808 200.070735 148.718765 nan nan 657.836943 563.803199 399.667851 577.992477
97.350000 nan nan 585.241210 474.508971 406.712242 364.176053 277.657129 200.178435 148.801415 nan nan 658.166027 564.086932 399.872317 578.283055
97.400000 nan nan 585.535137 474.749480 406.920009 364.363258 277.802448 200.286132 148.884064 nan nan 658.495103 564.370658 400.076778 578.573627
97.450000 nan nan 585.829056 474.989983 407.127771 364.550459 277.947764 200.393827 148.966711 nan nan 658.824171 564.654377 400.281235 578.864191
97.500000 nan nan 586.122969 475.230481 407.335528 364.737656 278.093076 200.501519 149.049357 nan nan 659.153232 564.938090 400.485687 579.154749
97.550000 nan nan 586.416875 475.470973 407.543281 364.924848 278.238386 200.609210 149.132001 nan nan 659.482284 565.221796 400.690135 579.445300
97.600000 nan nan 586.710774 475.711459 407.751029 365.112036 278.383692 200.716898 149.214643 nan nan 659.811329 565.505496 400.894578 579.735845
97.650000 nan nan 587.004666 475.951940 407.958772 365.299221 278.528995 200.824584 149.297284 nan nan 660.140367 565.789189 401.099016 580.026382
97.700000 nan nan 587.298551 476.192416 408.166510 365.486401 278.674295 200.932268 149.379923 nan nan 660.469396 566.072876 401.303450 580.316913
97.750000 nan nan 587.592430 476.432886 408.374244 365.673576 278.819592 201.039950 149.462561 nan nan 660.798418 566.356556 401.507879 580.607437
97.800000 nan nan 587.886301 476.673351 408.581974 365.860748 278.964886 201.147630 149.545198 nan nan 661.127432 566.640229 401.712304 580.897955
97.850000 nan nan 588.180166 476.913810 408.789698 366.047916 279.110176 201.255308 149.627832 nan nan 661.456439 566.923896 401.916724 581.188465
97.900000 nan nan 588.474024 477.154263 408.997418 366.235079 279.255464 201.362983 149.710466 nan nan 661.785438 567.207556 402.121140 581.478969
97.950000 nan nan 588.767875 477.394711 409.205133 366.422238 279.400748 201.470656 149.793097 nan nan 662.114429 567.491210 402.325551 581.769466
98.000000 nan nan 589.061719 477.635154 409.412844 366.609394 279.546030 201.578327 149.875727 nan nan 662.443412 567.774857 402.529957 582.059957
98.050000 nan nan 589.355557 477.875591 409.620550 366.796544 279.691308 201.685996 149.958356 nan nan 662.772387 568.058497 402.734359 582.350440
98.100000 nan nan 589.649387 478.116023 409.828251 366.983691 279.836583 201.793663 150.040983 nan nan 663.101355 568.342131 402.938756 582.640917
98.150000 nan nan 589.943211 478.356449 410.035948 367.170834 279.981855 201.901328 150.123609 nan nan 663.430316 568.625759 403.143148 582.931388
98.200000 nan nan 590.237028 478.596870 410.243640 367.357973 280.127124 202.008990 150.206233 nan nan 663.759268 568.909380 403.347537 583.221851
98.250000 nan nan 590.530839 478.837285 410.451327 367.545107 280.272390 202.116650 150.288855 nan nan 664.088213 569.192994 403.551920 583.512308
98.300000 nan nan 590.824642 479.077695 410.659010 367.732237 280.417653 202.224308 150.371476 nan nan 664.417150 569.476602 403.756299 583.802758
98.350000 nan nan 591.118439 479.318099 410.866688 367.919363 280.562913 202.331964 150.454096 nan nan 664.746080 569.760203 403.960673 584.093201
98.400000 nan nan 591.412229 479.558498 411.074361 368.106485 280.708170 202.439618 150.536714 nan nan 665.075002 570.043798 404.165043 584.383638
98.450000 nan nan 591.706012 479.798892 411.282030 368.293603 280.853423 202.547270 150.619330 nan nan 665.403916 570.327386 404.369408 584.674068
98.500000 nan nan 591.999788 480.039280 411.489694 368.480717 280.998674 202.654920 150.701945 nan nan 665.732823 570.610968 404.573769 584.964491
98.550000 nan nan 592.293558 480.279662 411.697354 368.667827 281.143921 202.762567 150.784559 nan nan 666.061722 570.894543 404.778125 585.254908
98.600000 nan nan 592.587321 480.520039 411.905009 368.854932 281.289165 202.870212 150.867171 nan nan 666.390613 571.178111 404.982477 585.545318
98.650000 nan nan 592.881077 480.760411 412.112659 369.042034 281.434407 202.977855 150.949781 nan nan 666.719497 571.461674 405.186824 585.835721
98.700000 nan nan 593.174826 481.000777 412.320305 369.229131 281.579645 203.085496 151.032390 nan nan 667.048373 571.745229 405.391166 586.126118
98.750000 nan nan 593.468568 481.241138 412.527946 369.416224 281.724880 203.193135 151.114997 nan nan 667.377241 572.028778 405.595504 586.416508
98.800000 nan nan 593.762304 481.481493 412.735582 369.603313 281.870112 203.300772 151.197603 nan nan 667.706102 572.312321 405.799838 586.706891
98.850000 nan nan 594.056033 481.721843 412.943214 369.790398 282.015341 203.408407 151.280207 nan nan 668.034956 572.595857 406.004167 586.997267
98.900000 nan nan 594.349756 481.962188 413.150841 369.977479 282.160567 203.516039 151.362810 nan nan 668.363801 572.879387 406.208491 587.287637
98.950000 nan nan 594.643471 482.202527 413.358464 370.164556 282.305790 203.623669 151.445411 nan nan 668.692639 573.162910 406.412811 587.578001
99.000000 nan nan 594.937180 482.442861 413.566082 370.351629 282.451010 203.731298 151.528011 nan nan 669.021470 573.446427 406.617126 587.868357
99.050000 nan nan 595.230882 482.683189 413.773695 370.538697 282.596226 203.838924 151.610609 nan nan 669.350292 573.729937 406.821437 588.158707
99.100000 nan nan 595.524578 482.923512 413.981304 370.725762 282.741440 203.946548 151.693206 nan nan 669.679108 574.013441 407.025744 588.449051
99.150000 nan nan 595.818266 483.163830 414.188908 370.912822 282.886651 204.054169 151.775801 nan nan 670.007915 574.296938 407.230045 588.739387
99.200000 nan nan 596.111948 483.404142 414.396507 371.099879 283.031858 204.161789 151.858395 nan nan 670.336715 574.580429 407.434343 589.029717
99.250000 nan nan 596.405624 483.644449 414.604102 371.286931 283.177063 204.269407 151.940987 nan nan 670.665508 574.863913 407.638636 589.320041
99.300000 nan nan 596.699292 483.884750 414.811693 371.473979 283.322264 204.377022 152.023578 nan nan 670.994293 575.147391 407.842924 589.610358
99.350000 nan nan 596.992954 484.125046 415.019279 371.661023 283.467463 204.484635 152.106167 nan nan 671.323070 575.430863 408.047208 589.900668
99.400000 nan nan 597.286609 484.365336 415.226860 371.848063 283.612658 204.592247 152.188755 nan nan 671.651840 575.714328 408.251487 590.190971
99.450000 nan nan 597.580257 484.605622 415.434437 372.035099 283.757850 204.699856 152.271341 nan nan 671.980602 575.997786 408.455762 590.481268
99.500000 nan nan 597.873899 484.845901 415.642009 372.222131 283.903040 204.807462 152.353925 nan nan 672.309357 576.281238 408.660032 590.771559
99.550000 nan nan 598.167534 485.086176 415.849576 372.409159 284.048226 204.915067 152.436508 nan nan 672.638104 576.564684 408.864298 591.061842
99.600000 nan nan 598.461163 485.326445 416.057139 372.596183 284.193409 205.022670 152.519090 nan nan 672.966843 576.848123 409.068559 591.352120
99.650000 nan nan 598.754784 485.566708 416.264697 372.783202 284.338589 205.130271 152.601670 nan nan 673.295576 577.131556 409.272816 591.642390
99.700000 nan nan 599.048399 485.806967 416.472251 372.970218 284.483767 205.237869 152.684249 nan nan 673.624300 577.414983 409.477068 591.932654
99.750000 nan nan 599.342008 486.047220 416.679801 373.157230 284.628941 205.345465 152.766826 nan nan 673.953017 577.698403 409.681316 592.222911
99.800000 nan nan 599.635610 486.287467 416.887345 373.344237 284.774112 205.453060 152.849402 nan nan 674.281726 577.981816 409.885559 592.513162
99.850000 nan nan 599.929205 486.527709 417.094885 373.531241 284.919280 205.560652 152.931976 nan nan 674.610428 578.265223 410.089798 592.803406
99.900000 nan nan 600.222793 486.767946 417.302421 373.718240 285.064445 205.668242 153.014548 nan nan 674.939123 578.548624 410.294033 593.093644
99.950000 nan nan 600.516375 487.008178 417.509952 373.905235 285.209607 205.775830 153.097119 nan nan 675.267810 578.832018 410.498263 593.383875
100.000000 nan nan 600.809950 487.248404 417.717478 374.092227 285.354766 205.883415 153.179689 nan nan 675.596489 579.115406 410.702488 593.674100
100.050000 nan nan 601.103518 487.488625 417.925000 374.279214 285.499922 205.990999 153.262257 nan nan 675.925161 579.398788 410.906709 593.964318
100.100000 nan nan 601.397080 487.728840 418.132518 374.466197 285.645074 206.098581 153.344824 nan nan 676.253825 579.682163 411.110926 594.254529
100.150000 nan nan 601.690635 487.969051 418.340031 374.653176 285.790224 206.206160 153.427389 nan nan 676.582482 579.965532 411.315138 594.544734
100.200000 nan nan 601.984184 488.209255 418.547539 374.840151 285.935371 206.313737 153.509953 nan nan 676.911132 580.248894 411.519345 594.834932
100.250000 nan nan 602.277726 488.449455 418.755043 375.027122 286.080515 206.421313 153.592515 nan nan 677.239774 580.532250 411.723549 595.125124
100.300000 nan nan 602.571261 488.689649 418.962542 375.214089 286.225656 206.528886 153.675075 nan nan 677.568408 580.815600 411.927747 595.415309
100.350000 nan nan 602.864790 488.929838 419.170037 375.401053 286.370794 206.636457 153.757635 nan nan 677.897035 581.098943 412.131942 595.705488
100.400000 nan nan 603.158312 489.170021 419.377527 375.588012 286.515928 206.744026 153.840192 nan nan 678.225655 581.382280 412.336131 595.995660
100.450000 nan nan 603.451827 489.410200 419.585012 375.774967 286.661060 206.851593 153.922748 nan nan 678.554267 581.665611 412.540317 596.285825
100.500000 nan nan 603.745336 489.650372 419.792494 375.961917 286.806189 206.959157 154.005303 nan nan 678.882871 581.948935 412.744498 596.575984
100.550000 nan nan 604.038838 489.890540 419.999970 376.148864 286.951315 207.066720 154.087856 nan nan 679.211469 582.232253 412.948674 596.866137
100.600000 nan nan 604.332334 490.130702 420.207442 376.335807 287.096438 207.174281 154.170408 nan nan 679.540058 582.515564 413.152846 597.156283
100.650000 nan nan 604.625823 490.370859 420.414910 376.522746 287.241557 207.281839 154.252958 nan nan 679.868641 582.798869 413.357014 597.446422
100.700000 nan nan 604.919305 490.611011 420.622373 376.709681 287.386674 207.389396 154.335507 nan nan 680.197215 583.082168 413.561177 597.736555
100.750000 nan nan 605.212781 490.851157 420.829832 376.896612 287.531788 207.496950 154.418054 nan nan 680.525783 583.365460 413.765336 598.026682
100.800000 nan nan 605.506250 491.091298 421.037286 377.083539 287.676899 207.604502 154.500600 nan nan 680.854343 583.648746 413.969490 598.316802
100.850000 nan nan 605.799713 491.331434 421.244735 377.270462 287.822006 207.712052 154.583144 nan nan 681.182895 583.932026 414.173640 598.606915
100.900000 nan nan 606.093169 491.571565 421.452180 377.457381 287.967111 207.819600 154.665687 nan nan 681.511440 584.215300 414.377786 598.897022
100.950000 nan nan 606.386619 491.811690 421.659621 377.644295 288.112213 207.927146 154.748228 nan nan 681.839978 584.498567 414.581927 599.187123
101.000000 nan nan 606.680062 492.051810 421.867057 377.831206 288.257312 208.034690 154.830768 nan nan 682.168508 584.781827 414.786064 599.477217
101.050000 nan nan 606.973498 492.291924 422.074489 378.018113 288.402408 208.142232 154.913307 nan nan 682.497031 585.065082 414.990196 599.767304
101.100000 nan nan 607.266928 492.532034 422.281916 378.205016 288.547500 208.249771 154.995843 nan nan 682.825547 585.348330 415.194324 600.057385
101.150000 nan nan 607.560351 492.772138 422.489338 378.391915 288.692590 208.357309 155.078379 nan nan 683.154055 585.631572 415.398447 600.347460
101.200000 nan nan 607.853768 493.012237 422.696756 378.578810 288.837677 208.464844 155.160913 nan nan 683.482555 585.914807 415.602566 600.637528
101.250000 nan nan 608.147178 493.252330 422.904170 378.765701 288.982761 208.572378 155.243445 nan nan 683.811049 586.198037 415.806681 600.927590
101.300000 nan nan 608.440582 493.492419 423.111579 378.952588 289.127842 208.679909 155.325976 nan nan 684.139534 586.481260 416.010791 601.217645
101.350000 nan nan 608.733979 493.732502 423.318984 379.139471 289.272920 208.787439 155.408505 nan nan 684.468013 586.764476 416.214897 601.507694
101.400000 nan nan 609.027369 493.972579 423.526384 379.326349 289.417995 208.894966 155.491033 nan nan 684.796484 587.047687 416.418999 601.797736
101.450000 nan nan 609.320753 494.212652 423.733780 379.513224 289.563067 209.002491 155.573560 nan nan 685.124948 587.330891 416.623096 602.087772
101.500000 nan nan 609.614131 494.452719 423.941171 379.700095 289.708136 209.110014 155.656085 nan nan 685.453404 587.614088 416.827188 602.377801
101.550000 nan nan 609.907502 494.692781 424.148558 379.886962 289.853202 209.217535 155.738609 nan nan 685.781853 587.897280 417.031277 602.667824
101.600000 nan nan 610.200866 494.932838 424.355940 380.073826 289.998265 209.325054 155.821131 nan nan 686.110295 588.180465 417.235360 602.957840
101.650000 nan nan 610.494224 495.172890 424.563318 380.260685 290.143325 209.432571 155.903651 nan nan 686.438729 588.463644 417.439440 603.247851
101.700000 nan nan 610.787576 495.412936 424.770692 380.447540 290.288382 209.540085 155.986170 nan nan 686.767156 588.746817 417.643515 603.537854
101.750000 nan nan 611.080921 495.652977 424.978061 380.634391 290.433436 209.647598 156.068688 nan nan 687.095576 589.029983 417.847586 603.827851
