web/models/kne/6/Metzger_0.002357_0.192069_0.450000.dat
# %ECSV 0.9
# ---
# datatype:
# - {name: time, datatype: float64}
# - {name: sdss_u, datatype: float64}
# - {name: sdss_g, datatype: float64}
# - {name: sdss_r, datatype: float64}
# - {name: sdss_i, datatype: float64}
# - {name: sdss_z, datatype: float64}
# - {name: PS1_y, datatype: float64}
# - {name: ukirt_J, datatype: float64}
# - {name: ukirt_H, datatype: float64}
# - {name: ukirt_K, datatype: float64}
# - {name: johnson_U, datatype: float64}
# - {name: johnson_B, datatype: float64}
# - {name: johnson_V, datatype: float64}
# - {name: johnson_R, datatype: float64}
# - {name: johnson_I, datatype: float64}
# - {name: Clear, datatype: float64}
# meta: !!omap
# - comment: [vej = 0.19206896551724137, mej = 0.0023565232270507863, Ye = 0.45, redshift = 0.0]
# schema: astropy-2.0
time sdss_u sdss_g sdss_r sdss_i sdss_z PS1_y ukirt_J ukirt_H ukirt_K johnson_U johnson_B johnson_V johnson_R johnson_I Clear
[from data line 1986]
99.400000 734.645737 538.058607 413.439522 333.986381 285.361872 254.865703 192.873583 137.424478 100.714728 711.090106 592.886795 465.782259 398.258080 280.457360 408.445852
99.450000 735.005099 538.324935 413.646781 334.155917 285.508288 254.997598 192.975899 137.500227 100.772788 711.438327 593.179084 466.014340 398.458136 280.601441 408.650742
99.500000 735.364452 538.591256 413.854036 334.325451 285.654700 255.129490 193.078213 137.575974 100.830847 711.786540 593.471367 466.246416 398.658188 280.745519 408.855628
99.550000 735.723798 538.857572 414.061286 334.494980 285.801109 255.261380 193.180525 137.651720 100.888905 712.134745 593.763643 466.478487 398.858235 280.889595 409.060509
99.600000 736.083136 539.123882 414.268532 334.664507 285.947515 255.393267 193.282835 137.727464 100.946962 712.482943 594.055913 466.710553 399.058278 281.033667 409.265386
99.650000 736.442466 539.390186 414.475773 334.834029 286.093919 255.525152 193.385144 137.803208 101.005018 712.831133 594.348177 466.942614 399.258317 281.177737 409.470259
99.700000 736.801788 539.656485 414.683011 335.003549 286.240319 255.657034 193.487450 137.878950 101.063074 713.179315 594.640434 467.174670 399.458352 281.321803 409.675127
99.750000 737.161102 539.922777 414.890243 335.173065 286.386717 255.788913 193.589755 137.954691 101.121129 713.527490 594.932685 467.406721 399.658383 281.465867 409.879991
99.800000 737.520408 540.189064 415.097472 335.342577 286.533112 255.920790 193.692057 138.030430 101.179182 713.875657 595.224929 467.638767 399.858409 281.609928 410.084851
99.850000 737.879706 540.455346 415.304696 335.512086 286.679503 256.052664 193.794358 138.106168 101.237235 714.223816 595.517167 467.870808 400.058432 281.753986 410.289706
99.900000 738.238996 540.721621 415.511916 335.681591 286.825892 256.184536 193.896657 138.181905 101.295288 714.571968 595.809399 468.102845 400.258450 281.898041 410.494557
99.950000 738.598279 540.987891 415.719131 335.851093 286.972278 256.316405 193.998954 138.257641 101.353339 714.920112 596.101624 468.334876 400.458464 282.042094 410.699404
100.000000 738.957553 541.254155 415.926342 336.020592 287.118661 256.448272 194.101249 138.333376 101.411389 715.268248 596.393843 468.566902 400.658473 282.186143 410.904246
100.050000 739.316819 541.520413 416.133549 336.190087 287.265041 256.580136 194.203542 138.409109 101.469439 715.616377 596.686056 468.798924 400.858479 282.330190 411.109085
100.100000 739.676078 541.786666 416.340751 336.359578 287.411418 256.711997 194.305833 138.484841 101.527488 715.964498 596.978262 469.030941 401.058480 282.474233 411.313919
100.150000 inf 542.052913 416.547949 336.529066 287.557792 256.843856 194.408123 138.560572 101.585536 716.312611 597.270462 469.262952 401.258477 282.618274 411.518748
100.200000 nan 542.319154 416.755143 336.698551 287.704164 256.975712 194.510411 138.636301 101.643583 716.660717 597.562656 469.494959 401.458470 282.762312 411.723574
100.250000 nan 542.585389 416.962332 336.868032 287.850532 257.107566 194.612696 138.712029 101.701629 717.008815 597.854843 469.726961 401.658459 282.906348 411.928395
100.300000 nan 542.851619 417.169517 337.037510 287.996898 257.239417 194.714980 138.787756 101.759675 717.356905 598.147024 469.958958 401.858444 283.050380 412.133212
100.350000 nan 543.117843 417.376698 337.206984 288.143260 257.371266 194.817262 138.863482 101.817719 717.704988 598.439199 470.190950 402.058425 283.194409 412.338024
100.400000 nan 543.384061 417.583874 337.376455 288.289620 257.503112 194.919542 138.939206 101.875763 718.053063 598.731367 470.422937 402.258401 283.338436 412.542832
100.450000 nan 543.650274 417.791046 337.545923 288.435976 257.634955 195.021820 139.014930 101.933806 718.401131 599.023530 470.654919 402.458373 283.482460 412.747636
100.500000 nan 543.916481 417.998214 337.715387 288.582330 257.766796 195.124097 139.090651 101.991848 718.749191 599.315685 470.886896 402.658341 283.626481 412.952436
100.550000 nan 544.182682 418.205377 337.884847 288.728681 257.898634 195.226371 139.166372 102.049889 719.097243 599.607835 471.118869 402.858305 283.770499 413.157231
100.600000 nan 544.448877 418.412536 338.054304 288.875029 258.030470 195.328644 139.242092 102.107929 719.445288 599.899978 471.350836 403.058265 283.914514 413.362023
100.650000 nan 544.715067 418.619691 338.223758 289.021374 258.162303 195.430914 139.317810 102.165969 719.793325 600.192115 471.582799 403.258221 284.058526 413.566810
100.700000 nan 544.981251 418.826842 338.393208 289.167717 258.294134 195.533183 139.393527 102.224008 720.141355 600.484246 471.814756 403.458172 284.202536 413.771592
100.750000 nan 545.247429 419.033988 338.562655 289.314056 258.425962 195.635450 139.469242 102.282045 720.489377 600.776370 472.046709 403.658119 284.346542 413.976371
100.800000 nan 545.513602 419.241130 338.732098 289.460393 258.557787 195.737715 139.544957 102.340082 720.837392 601.068488 472.278657 403.858063 284.490546 414.181145
100.850000 nan 545.779769 419.448267 338.901538 289.606726 258.689610 195.839978 139.620670 102.398119 721.185398 601.360600 472.510600 404.058002 284.634547 414.385915
100.900000 nan 546.045931 419.655400 339.070975 289.753057 258.821431 195.942240 139.696382 102.456154 721.533398 601.652705 472.742538 404.257937 284.778546 414.590681
100.950000 nan 546.312086 419.862529 339.240408 289.899385 258.953248 196.044499 139.772092 102.514188 721.881389 601.944804 472.974472 404.457867 284.922541 414.795442
101.000000 nan 546.578236 420.069654 339.409838 290.045710 259.085064 196.146757 139.847802 102.572222 722.229373 602.236897 473.206400 404.657794 285.066533 415.000199
101.050000 nan 546.844381 420.276774 339.579264 290.192032 259.216876 196.249013 139.923510 102.630255 722.577350 602.528984 473.438324 404.857716 285.210523 415.204952
101.100000 nan 547.110520 420.483890 339.748687 290.338351 259.348687 196.351267 139.999217 102.688287 722.925319 602.821064 473.670242 405.057635 285.354510 415.409701
101.150000 nan 547.376653 420.691002 339.918106 290.484667 259.480494 196.453519 140.074923 102.746318 723.273281 603.113139 473.902156 405.257549 285.498494 415.614445
101.200000 nan 547.642780 420.898110 340.087522 290.630980 259.612299 196.555769 140.150627 102.804348 723.621235 603.405207 474.134065 405.457459 285.642475 415.819186
101.250000 nan 547.908902 421.105213 340.256935 290.777291 259.744102 196.658017 140.226330 102.862378 723.969181 603.697268 474.365969 405.657365 285.786454 416.023922
101.300000 nan 548.175018 421.312312 340.426344 290.923599 259.875902 196.760264 140.302032 102.920406 724.317120 603.989324 474.597868 405.857267 285.930429 416.228653
101.350000 nan 548.441128 421.519406 340.595750 291.069903 260.007699 196.862508 140.377733 102.978434 724.665051 604.281373 474.829763 406.057165 286.074402 416.433381
101.400000 nan 548.707233 421.726497 340.765152 291.216205 260.139494 196.964751 140.453432 103.036461 725.012975 604.573416 475.061652 406.257059 286.218372 416.638104
101.450000 nan 548.973333 421.933583 340.934551 291.362504 260.271287 197.066992 140.529130 103.094487 725.360891 604.865452 475.293537 406.456948 286.362339 416.842823
101.500000 nan 549.239426 422.140664 341.103947 291.508800 260.403077 197.169231 140.604827 103.152513 725.708800 605.157483 475.525417 406.656834 286.506303 417.047538
101.550000 nan 549.505514 422.347742 341.273339 291.655094 260.534864 197.271468 140.680523 103.210537 726.056701 605.449507 475.757292 406.856715 286.650265 417.252249
101.600000 nan 549.771596 422.554815 341.442728 291.801384 260.666649 197.373704 140.756218 103.268561 726.404595 605.741525 475.989162 407.056593 286.794223 417.456956
101.650000 nan 550.037673 422.761884 341.612113 291.947672 260.798431 197.475937 140.831911 103.326583 726.752481 606.033537 476.221028 407.256466 286.938179 417.661658
101.700000 nan 550.303744 422.968949 341.781495 292.093956 260.930211 197.578169 140.907603 103.384605 727.100360 606.325543 476.452888 407.456335 287.082132 417.866356
101.750000 nan 550.569810 423.176009 341.950873 292.240238 261.061988 197.680398 140.983294 103.442626 727.448231 606.617542 476.684744 407.656200 287.226082 418.071050
101.800000 nan 550.835869 423.383066 342.120249 292.386517 261.193763 197.782626 141.058983 103.500647 727.796095 606.909535 476.916595 407.856061 287.370030 418.275739
101.850000 nan 551.101924 423.590118 342.289620 292.532793 261.325535 197.884853 141.134671 103.558666 728.143951 607.201522 477.148441 408.055918 287.513974 418.480425
101.900000 nan 551.367972 423.797165 342.458989 292.679066 261.457305 197.987077 141.210359 103.616685 728.491800 607.493503 477.380282 408.255770 287.657916 418.685106
101.950000 nan 551.634015 424.004209 342.628354 292.825337 261.589072 198.089299 141.286044 103.674703 728.839641 607.785477 477.612118 408.455619 287.801855 418.889783
102.000000 nan 551.900053 424.211248 342.797716 292.971604 261.720836 198.191520 141.361729 103.732720 729.187475 608.077446 477.843950 408.655464 287.945791 419.094456
102.050000 nan 552.166085 424.418283 342.967074 293.117869 261.852598 198.293738 141.437412 103.790736 729.535301 608.369408 478.075777 408.855304 288.089725 419.299125
102.100000 nan 552.432111 424.625314 343.136429 293.264131 261.984358 198.395955 141.513094 103.848751 729.883120 608.661364 478.307599 409.055141 288.233655 419.503789
102.150000 nan 552.698132 424.832340 343.305780 293.410390 262.116115 198.498170 141.588775 103.906765 730.230932 608.953314 478.539416 409.254973 288.377583 419.708450
102.200000 nan 552.964147 425.039363 343.475128 293.556646 262.247869 198.600384 141.664455 103.964779 730.578736 609.245258 478.771228 409.454801 288.521508 419.913106
102.250000 nan 553.230156 425.246381 343.644473 293.702899 262.379621 198.702595 141.740133 104.022792 730.926532 609.537195 479.003036 409.654625 288.665431 420.117758
102.300000 nan 553.496160 425.453394 343.813814 293.849150 262.511371 198.804804 141.815810 104.080804 731.274321 609.829126 479.234839 409.854446 288.809350 420.322405
102.350000 nan 553.762159 425.660404 343.983152 293.995397 262.643118 198.907012 141.891486 104.138815 731.622103 610.121051 479.466637 410.054262 288.953267 420.527049
102.400000 nan 554.028151 425.867409 344.152487 294.141642 262.774862 199.009218 141.967161 104.196825 731.969877 610.412970 479.698430 410.254074 289.097180 420.731689
102.450000 nan 554.294139 426.074410 344.321818 294.287884 262.906604 199.111422 142.042835 104.254835 732.317644 610.704883 479.930218 410.453882 289.241092 420.936324
102.500000 nan 554.560120 426.281407 344.491146 294.434123 263.038344 199.213624 142.118507 104.312843 732.665403 610.996790 480.162002 410.653686 289.385000 421.140955
102.550000 nan 554.826096 426.488400 344.660471 294.580359 263.170081 199.315824 142.194178 104.370851 733.013155 611.288690 480.393781 410.853485 289.528905 421.345582
102.600000 nan 555.092067 426.695388 344.829792 294.726593 263.301815 199.418023 142.269848 104.428858 733.360900 611.580585 480.625555 411.053281 289.672808 421.550205
102.650000 nan 555.358032 426.902373 344.999110 294.872823 263.433547 199.520220 142.345516 104.486864 733.708637 611.872473 480.857324 411.253073 289.816708 421.754823
102.700000 nan 555.623991 427.109353 345.168424 295.019051 263.565277 199.622414 142.421183 104.544870 734.056367 612.164355 481.089088 411.452861 289.960605 421.959438
102.750000 nan 555.889945 427.316329 345.337736 295.165276 263.697004 199.724607 142.496850 104.602874 734.404089 612.456231 481.320848 411.652644 290.104500 422.164048
102.800000 nan 556.155893 427.523300 345.507043 295.311498 263.828728 199.826799 142.572514 104.660878 734.751804 612.748101 481.552603 411.852424 290.248391 422.368654
102.850000 nan 556.421836 427.730268 345.676348 295.457717 263.960450 199.928988 142.648178 104.718881 735.099511 613.039965 481.784353 412.052199 290.392280 422.573256
102.900000 nan 556.687773 427.937231 345.845649 295.603934 264.092169 200.031176 142.723840 104.776883 735.447211 613.331822 482.016099 412.251971 290.536166 422.777854
102.950000 nan 556.953705 428.144190 346.014947 295.750147 264.223886 200.133361 142.799502 104.834884 735.794904 613.623674 482.247839 412.451738 290.680049 422.982448
103.000000 nan 557.219631 428.351145 346.184241 295.896358 264.355601 200.235545 142.875162 104.892884 736.142589 613.915519 482.479575 412.651502 290.823930 423.187037
103.050000 nan 557.485552 428.558095 346.353532 296.042566 264.487313 200.337727 142.950820 104.950884 736.490267 614.207358 482.711306 412.851261 290.967808 423.391623
103.100000 nan 557.751467 428.765042 346.522820 296.188771 264.619022 200.439907 143.026478 105.008883 736.837938 614.499191 482.943033 413.051017 291.111683 423.596204
103.150000 nan 558.017377 428.971984 346.692104 296.334973 264.750729 200.542086 143.102134 105.066881 737.185601 614.791018 483.174754 413.250768 291.255555 423.800781
103.200000 nan 558.283281 429.178922 346.861385 296.481173 264.882434 200.644262 143.177789 105.124878 737.533257 615.082839 483.406471 413.450515 291.399424 424.005354
103.250000 nan 558.549179 429.385856 347.030663 296.627370 265.014136 200.746437 143.253443 105.182874 737.880905 615.374654 483.638183 413.650259 291.543291 424.209923
103.300000 nan 558.815072 429.592786 347.199937 296.773564 265.145835 200.848610 143.329096 105.240870 738.228546 615.666462 483.869891 413.849998 291.687155 424.414488
103.350000 nan 559.080960 429.799711 347.369208 296.919755 265.277532 200.950781 143.404747 105.298864 738.576180 615.958265 484.101594 414.049733 291.831016 424.619048
103.400000 nan 559.346842 430.006632 347.538476 297.065943 265.409227 201.052950 143.480397 105.356858 738.923807 616.250061 484.333291 414.249464 291.974875 424.823605
103.450000 nan 559.612719 430.213550 347.707740 297.212128 265.540919 201.155118 143.556046 105.414851 739.271426 616.541852 484.564985 414.449192 292.118730 425.028157
103.500000 nan 559.878590 430.420463 347.877001 297.358311 265.672608 201.257284 143.631694 105.472843 739.619037 616.833636 484.796673 414.648915 292.262583 425.232705
103.550000 nan 560.144455 430.627371 348.046259 297.504491 265.804296 201.359448 143.707341 105.530834 inf 617.125414 485.028357 414.848634 292.406433 425.437249
103.600000 nan 560.410315 430.834276 348.215513 297.650668 265.935980 201.461610 143.782986 105.588825 nan 617.417187 485.260036 415.048349 292.550281 425.641789
103.650000 nan 560.676170 431.041176 348.384764 297.796842 266.067662 201.563770 143.858630 105.646815 nan 617.708953 485.491710 415.248061 292.694126 425.846325
103.700000 nan 560.942019 431.248073 348.554012 297.943014 266.199342 201.665928 143.934273 105.704804 nan 618.000713 485.723380 415.447768 292.837967 426.050857
103.750000 nan 561.207862 431.454965 348.723257 298.089182 266.331019 201.768085 144.009915 105.762792 nan 618.292467 485.955045 415.647471 292.981807 426.255385
103.800000 nan 561.473700 431.661853 348.892498 298.235348 266.462694 201.870240 144.085555 105.820779 nan 618.584215 486.186705 415.847170 293.125643 426.459908
103.850000 nan 561.739533 431.868737 349.061736 298.381511 266.594366 201.972393 144.161194 105.878765 nan 618.875956 486.418360 416.046865 293.269477 426.664428
103.900000 nan 562.005360 432.075616 349.230970 298.527672 266.726036 202.074544 144.236832 105.936751 nan 619.167692 486.650011 416.246557 293.413308 426.868943
103.950000 nan 562.271182 432.282492 349.400201 298.673829 266.857703 202.176693 144.312469 105.994736 nan 619.459422 486.881657 416.446244 293.557136 427.073455
104.000000 nan 562.536998 432.489363 349.569429 298.819984 266.989368 202.278841 144.388105 106.052720 nan 619.751146 487.113298 416.645927 293.700961 427.277962
104.050000 nan 562.802809 432.696231 349.738654 298.966136 267.121031 202.380987 144.463739 106.110703 nan 620.042863 487.344935 416.845606 293.844784 427.482465
