web/models/kne/6/Metzger_0.006880_0.435172_0.100000.dat
# %ECSV 0.9
# ---
# datatype:
# - {name: time, datatype: float64}
# - {name: sdss_u, datatype: float64}
# - {name: sdss_g, datatype: float64}
# - {name: sdss_r, datatype: float64}
# - {name: sdss_i, datatype: float64}
# - {name: sdss_z, datatype: float64}
# - {name: PS1_y, datatype: float64}
# - {name: ukirt_J, datatype: float64}
# - {name: ukirt_H, datatype: float64}
# - {name: ukirt_K, datatype: float64}
# - {name: johnson_U, datatype: float64}
# - {name: johnson_B, datatype: float64}
# - {name: johnson_V, datatype: float64}
# - {name: johnson_R, datatype: float64}
# - {name: johnson_I, datatype: float64}
# - {name: Clear, datatype: float64}
# meta: !!omap
# - comment: [vej = 0.43517241379310345, mej = 0.006880363458522626, Ye = 0.1, redshift = 0.0]
# schema: astropy-2.0
time sdss_u sdss_g sdss_r sdss_i sdss_z PS1_y ukirt_J ukirt_H ukirt_K johnson_U johnson_B johnson_V johnson_R johnson_I Clear
[from data line 1703]
85.250000 nan 547.326895 420.341396 339.377011 289.826200 258.748319 195.571191 139.057730 101.639333 723.639239 603.195170 473.678553 404.871378 284.828178 415.252813
85.300000 nan 547.641648 420.586345 339.577380 289.999245 258.904204 195.692121 139.147264 101.707963 724.050770 603.540604 473.952835 405.107814 284.998465 415.494962
85.350000 nan 547.956391 420.831286 339.777744 290.172286 259.060086 195.813048 139.236796 101.776592 724.462289 603.886027 474.227109 405.344243 285.168747 415.737103
85.400000 nan 548.271126 421.076220 339.978102 290.345321 259.215963 195.933972 139.326325 101.845219 724.873796 604.231440 474.501374 405.580665 285.339025 415.979237
85.450000 nan 548.585850 421.321147 340.178454 290.518352 259.371836 196.054893 139.415853 101.913845 725.285290 604.576842 474.775632 405.817080 285.509298 416.221365
85.500000 nan 548.900566 421.566066 340.378801 290.691378 259.527705 196.175811 139.505378 101.982469 725.696772 604.922235 475.049881 406.053488 285.679565 416.463485
85.550000 nan 549.215272 421.810979 340.579142 290.864399 259.683570 196.296726 139.594901 102.051092 726.108242 605.267617 475.324123 406.289890 285.849829 416.705598
85.600000 nan 549.529969 422.055885 340.779477 291.037415 259.839430 196.417637 139.684422 102.119713 726.519699 605.612988 475.598356 406.526285 286.020087 416.947705
85.650000 nan 549.844657 422.300783 340.979807 291.210427 259.995286 196.538545 139.773941 102.188333 726.931143 605.958350 475.872582 406.762673 286.190341 417.189804
85.700000 nan 550.159335 422.545675 341.180131 291.383434 260.151138 196.659451 139.863458 102.256951 727.342576 606.303701 476.146799 406.999054 286.360590 417.431897
85.750000 nan 550.474004 422.790559 341.380449 291.556436 260.306985 196.780353 139.952972 102.325568 727.753996 606.649042 476.421009 407.235428 286.530835 417.673982
85.800000 nan 550.788664 423.035436 341.580762 291.729433 260.462829 196.901251 140.042485 102.394183 728.165403 606.994372 476.695210 407.471796 286.701074 417.916060
85.850000 nan 551.103314 423.280306 341.781069 291.902425 260.618668 197.022147 140.131995 102.462797 728.576799 607.339692 476.969403 407.708156 286.871309 418.158132
85.900000 nan 551.417956 423.525170 341.981370 292.075413 260.774502 197.143040 140.221503 102.531410 728.988182 607.685003 477.243589 407.944510 287.041540 418.400196
85.950000 nan 551.732588 423.770026 342.181666 292.248396 260.930333 197.263929 140.311009 102.600020 729.399552 608.030302 477.517766 408.180858 287.211765 418.642254
86.000000 nan 552.047210 424.014875 342.381956 292.421374 261.086159 197.384816 140.400513 102.668630 729.810911 608.375592 477.791936 408.417198 287.381986 418.884304
86.050000 nan 552.361824 424.259717 342.582240 292.594347 261.241981 197.505699 140.490015 102.737238 730.222257 608.720871 478.066097 408.653532 287.552203 419.126348
86.100000 nan 552.676428 424.504552 342.782519 292.767316 261.397799 197.626579 140.579514 102.805844 730.633590 609.066141 478.340251 408.889858 287.722414 419.368384
86.150000 nan 552.991023 424.749380 342.982792 292.940279 261.553613 197.747456 140.669012 102.874449 731.044912 609.411400 478.614397 409.126179 287.892621 419.610414
86.200000 nan 553.305609 424.994201 343.183060 293.113238 261.709422 197.868330 140.758507 102.943053 731.456221 609.756649 478.888534 409.362492 288.062823 419.852437
86.250000 nan 553.620185 425.239015 343.383322 293.286193 261.865227 197.989201 140.848000 103.011655 731.867518 610.101887 479.162664 409.598798 288.233021 420.094453
86.300000 nan 553.934753 425.483822 343.583578 293.459142 262.021028 198.110069 140.937492 103.080256 732.278803 610.447116 479.436786 409.835098 288.403214 420.336462
86.350000 nan 554.249311 425.728621 343.783829 293.632087 262.176825 198.230933 141.026981 103.148855 732.690075 610.792334 479.710900 410.071391 288.573402 420.578464
86.400000 nan 554.563860 425.973414 343.984074 293.805027 262.332618 198.351795 141.116467 103.217453 733.101335 611.137542 479.985006 410.307678 288.743586 420.820459
86.450000 nan 554.878399 426.218200 344.184314 293.977962 262.488406 198.472653 141.205952 103.286049 733.512583 611.482740 480.259104 410.543957 288.913765 421.062447
86.500000 nan 555.192930 426.462979 344.384547 294.150893 262.644190 198.593508 141.295435 103.354644 733.923819 611.827928 480.533194 410.780230 289.083939 421.304428
86.550000 nan 555.507451 426.707751 344.584776 294.323818 262.799970 198.714360 141.384915 103.423237 734.335042 612.173106 480.807276 411.016496 289.254108 421.546402
86.600000 nan 555.821963 426.952516 344.784999 294.496740 262.955746 198.835209 141.474394 103.491829 734.746254 612.518273 481.081350 411.252756 289.424273 421.788370
86.650000 nan 556.136466 427.197274 344.985216 294.669656 263.111518 198.956055 141.563870 103.560419 735.157453 612.863431 481.355417 411.489009 289.594434 422.030330
86.700000 nan 556.450960 427.442025 345.185427 294.842567 263.267285 199.076898 141.653344 103.629008 735.568640 613.208578 481.629475 411.725255 289.764589 422.272284
86.750000 nan 556.765445 427.686769 345.385633 295.015474 263.423048 199.197738 141.742816 103.697595 735.979814 613.553715 481.903526 411.961494 289.934740 422.514231
86.800000 nan 557.079921 427.931506 345.585834 295.188376 263.578807 199.318574 141.832286 103.766181 736.390977 613.898842 482.177568 412.197727 290.104887 422.756171
86.850000 nan 557.394387 428.176236 345.786029 295.361274 263.734562 199.439408 141.921754 103.834766 736.802127 614.243959 482.451603 412.433953 290.275029 422.998104
86.900000 nan 557.708844 428.420959 345.986218 295.534167 263.890313 199.560238 142.011219 103.903349 737.213266 614.589066 482.725630 412.670172 290.445166 423.240030
86.950000 nan 558.023293 428.665675 346.186402 295.707055 264.046059 199.681066 142.100683 103.971931 737.624392 614.934163 482.999649 412.906384 290.615298 423.481949
87.000000 nan 558.337732 428.910384 346.386580 295.879938 264.201802 199.801890 142.190144 104.040511 738.035506 615.279250 483.273661 413.142590 290.785426 423.723862
87.050000 nan 558.652162 429.155087 346.586752 296.052816 264.357540 199.922711 142.279604 104.109089 738.446608 615.624327 483.547664 413.378789 290.955550 423.965767
87.100000 nan 558.966583 429.399782 346.786919 296.225690 264.513274 200.043529 142.369061 104.177667 inf 615.969393 483.821660 413.614982 291.125668 424.207666
87.150000 nan 559.280994 429.644470 346.987081 296.398560 264.669003 200.164344 142.458516 104.246242 nan 616.314450 484.095647 413.851168 291.295782 424.449558
87.200000 nan 559.595397 429.889152 347.187237 296.571424 264.824729 200.285156 142.547969 104.314817 nan 616.659497 484.369627 414.087347 291.465892 424.691443
87.250000 nan 559.909791 430.133827 347.387387 296.744284 264.980451 200.405965 142.637420 104.383390 nan 617.004533 484.643599 414.323520 291.635997 424.933321
87.300000 nan 560.224175 430.378494 347.587532 296.917139 265.136168 200.526771 142.726869 104.451961 nan 617.349560 484.917564 414.559686 291.806097 425.175193
87.350000 nan 560.538551 430.623155 347.787672 297.089990 265.291881 200.647574 142.816316 104.520531 nan 617.694576 485.191520 414.795845 291.976193 425.417057
87.400000 nan 560.852917 430.867809 347.987806 297.262835 265.447590 200.768374 142.905760 104.589100 nan 618.039583 485.465469 415.031998 292.146284 425.658915
87.450000 nan 561.167275 431.112456 348.187934 297.435676 265.603295 200.889170 142.995203 104.657667 nan 618.384579 485.739410 415.268144 292.316370 425.900766
87.500000 nan 561.481623 431.357096 348.388057 297.608513 265.758996 201.009964 143.084643 104.726232 nan 618.729566 486.013343 415.504283 292.486452 426.142610
87.550000 nan 561.795962 431.601729 348.588174 297.781345 265.914692 201.130754 143.174082 104.794796 nan 619.074543 486.287268 415.740416 292.656529 426.384448
87.600000 nan 562.110292 431.846355 348.788286 297.954172 266.070385 201.251542 143.263518 104.863359 nan 619.419509 486.561185 415.976542 292.826602 426.626278
87.650000 nan 562.424614 432.090975 348.988392 298.126994 266.226073 201.372326 143.352952 104.931920 nan 619.764466 486.835095 416.212661 292.996670 426.868102
87.700000 nan 562.738926 432.335587 349.188493 298.299812 266.381758 201.493107 143.442384 105.000480 nan 620.109412 487.108997 416.448774 293.166734 427.109919
87.750000 nan 563.053229 432.580193 349.388588 298.472625 266.537438 201.613886 143.531814 105.069039 nan 620.454349 487.382891 416.684881 293.336793 427.351729
87.800000 nan 563.367523 432.824792 349.588678 298.645433 266.693114 201.734661 143.621242 105.137596 nan 620.799276 487.656777 416.920980 293.506847 427.593533
87.850000 nan 563.681808 433.069384 349.788763 298.818237 266.848785 201.855433 143.710668 105.206151 nan 621.144192 487.930656 417.157073 293.676897 427.835329
87.900000 nan 563.996084 433.313969 349.988842 298.991036 267.004453 201.976202 143.800092 105.274705 nan 621.489099 488.204527 417.393160 293.846943 428.077119
87.950000 nan 564.310352 433.558547 350.188915 299.163831 267.160117 202.096968 143.889514 105.343258 nan 621.833996 488.478390 417.629240 294.016983 428.318902
88.000000 nan 564.624610 433.803119 350.388983 299.336621 267.315776 202.217731 143.978933 105.411809 nan 622.178883 488.752245 417.865313 294.187020 428.560679
88.050000 nan 564.938859 434.047683 350.589045 299.509406 267.471432 202.338491 144.068351 105.480359 nan 622.523760 489.026093 418.101380 294.357051 428.802448
88.100000 nan 565.253099 434.292241 350.789102 299.682187 267.627083 202.459248 144.157766 105.548907 nan 622.868627 489.299933 418.337440 294.527078 429.044211
88.150000 nan 565.567331 434.536792 350.989154 299.854963 267.782730 202.580002 144.247180 105.617454 nan 623.213485 489.573765 418.573494 294.697101 429.285967
88.200000 nan 565.881553 434.781336 351.189200 300.027734 267.938373 202.700753 144.336591 105.685999 nan 623.558332 489.847590 418.809541 294.867119 429.527717
88.250000 nan 566.195767 435.025874 351.389240 300.200501 268.094012 202.821501 144.426000 105.754543 nan 623.903170 490.121406 419.045581 295.037132 429.769460
88.300000 nan 566.509971 435.270404 351.589275 300.373263 268.249647 202.942246 144.515407 105.823086 nan 624.247997 490.395216 419.281615 295.207141 430.011196
88.350000 nan 566.824167 435.514928 351.789305 300.546021 268.405278 203.062988 144.604812 105.891627 nan 624.592815 490.669017 419.517643 295.377146 430.252925
88.400000 nan 567.138353 435.759445 351.989329 300.718774 268.560905 203.183726 144.694215 105.960167 nan 624.937623 490.942811 419.753664 295.547146 430.494647
88.450000 nan 567.452531 436.003955 352.189348 300.891522 268.716527 203.304462 144.783616 106.028705 nan 625.282421 491.216597 419.989678 295.717141 430.736363
88.500000 nan 567.766700 436.248458 352.389362 301.064266 268.872146 203.425195 144.873015 106.097242 nan 625.627209 491.490375 420.225686 295.887132 430.978072
88.550000 nan 568.080860 436.492955 352.589370 301.237005 269.027760 203.545925 144.962412 106.165777 nan 625.971988 491.764145 420.461687 296.057118 431.219775
88.600000 nan 568.395011 436.737444 352.789372 301.409739 269.183371 203.666651 145.051807 106.234311 nan 626.316756 492.037908 420.697682 296.227100 431.461470
88.650000 nan 568.709153 436.981927 352.989369 301.582469 269.338977 203.787375 145.141200 106.302844 nan 626.661515 492.311664 420.933670 296.397077 431.703159
88.700000 nan 569.023286 437.226403 353.189361 301.755194 269.494579 203.908096 145.230590 106.371375 nan 627.006264 492.585411 421.169652 296.567050 431.944842
88.750000 nan 569.337410 437.470873 353.389347 301.927915 269.650177 204.028813 145.319979 106.439905 nan 627.351003 492.859151 421.405627 296.737019 432.186517
88.800000 nan 569.651526 437.715336 353.589328 302.100631 269.805771 204.149528 145.409365 106.508433 nan 627.695732 493.132884 421.641596 296.906982 432.428186
88.850000 nan 569.965632 437.959791 353.789303 302.273343 269.961361 204.270240 145.498750 106.576960 nan 628.040452 493.406608 421.877558 297.076942 432.669849
88.900000 nan 570.279730 438.204241 353.989273 302.446050 270.116947 204.390948 145.588132 106.645485 nan 628.385161 493.680325 422.113514 297.246896 432.911504
88.950000 nan 570.593819 438.448683 354.189238 302.618752 270.272529 204.511654 145.677512 106.714009 nan 628.729861 493.954035 422.349463 297.416847 433.153153
89.000000 nan 570.907899 438.693119 354.389197 302.791450 270.428107 204.632357 145.766891 106.782532 nan 629.074551 494.227736 422.585406 297.586792 433.394796
89.050000 nan 571.221970 438.937548 354.589151 302.964143 270.583681 204.753056 145.856267 106.851053 nan 629.419232 494.501431 422.821342 297.756734 433.636431
89.100000 nan 571.536032 439.181970 354.789099 303.136832 270.739251 204.873753 145.945641 106.919573 nan 629.763902 494.775117 423.057272 297.926671 433.878060
89.150000 nan 571.850086 439.426385 354.989042 303.309516 270.894816 204.994447 146.035013 106.988091 nan 630.108563 495.048796 423.293195 298.096603 434.119683
89.200000 nan 572.164130 439.670794 355.188980 303.482195 271.050378 205.115137 146.124383 107.056608 nan 630.453214 495.322467 423.529112 298.266531 434.361298
89.250000 nan 572.478166 439.915196 355.388912 303.654870 271.205936 205.235825 146.213751 107.125123 nan 630.797856 495.596131 423.765022 298.436454 434.602907
89.300000 nan 572.792193 440.159591 355.588839 303.827541 271.361489 205.356510 146.303117 107.193637 nan 631.142487 495.869787 424.000926 298.606373 434.844510
89.350000 nan 573.106212 440.403980 355.788761 304.000207 271.517039 205.477191 146.392481 107.262150 nan 631.487109 496.143436 424.236824 298.776288 435.086106
89.400000 nan 573.420221 440.648362 355.988677 304.172868 271.672584 205.597870 146.481843 107.330661 nan 631.831721 496.417077 424.472715 298.946198 435.327695
89.450000 nan 573.734222 440.892737 356.188588 304.345525 271.828126 205.718546 146.571203 107.399171 nan 632.176324 496.690710 424.708600 299.116103 435.569278
89.500000 nan 574.048214 441.137105 356.388493 304.518177 271.983663 205.839219 146.660561 107.467679 nan 632.520917 496.964336 424.944478 299.286004 435.810854
89.550000 nan 574.362197 441.381467 356.588393 304.690825 272.139196 205.959888 146.749917 107.536186 nan 632.865500 497.237954 425.180349 299.455901 436.052423
89.600000 nan 574.676171 441.625822 356.788288 304.863468 272.294726 206.080555 146.839270 107.604692 nan 633.210073 497.511565 425.416215 299.625793 436.293986
89.650000 nan 574.990137 441.870171 356.988178 305.036107 272.450251 206.201219 146.928622 107.673196 nan 633.554637 497.785168 425.652074 299.795681 436.535542
89.700000 nan 575.304093 442.114513 357.188062 305.208741 272.605773 206.321880 147.017972 107.741699 nan 633.899191 498.058763 425.887926 299.965564 436.777092
89.750000 nan 575.618041 442.358848 357.387940 305.381371 272.761290 206.442538 147.107319 107.810200 nan 634.243735 498.332351 426.123772 300.135443 437.018635
89.800000 nan 575.931981 442.603176 357.587814 305.553996 272.916803 206.563193 147.196665 107.878700 nan 634.588270 498.605932 426.359612 300.305317 437.260171
89.850000 nan 576.245911 442.847498 357.787682 305.726616 273.072313 206.683845 147.286009 107.947199 nan 634.932795 498.879505 426.595445 300.475187 437.501701
89.900000 nan 576.559833 443.091813 357.987545 305.899232 273.227818 206.804494 147.375350 108.015696 nan 635.277311 499.153070 426.831272 300.645053 437.743224
89.950000 nan 576.873746 443.336122 358.187402 306.071844 273.383319 206.925140 147.464690 108.084191 nan 635.621816 499.426628 427.067092 300.814914 437.984741
90.000000 nan 577.187651 443.580423 358.387254 306.244451 273.538817 207.045783 147.554027 108.152686 nan 635.966313 499.700179 427.302906 300.984771 438.226251
90.050000 nan 577.501546 443.824719 358.587101 306.417053 273.694310 207.166423 147.643363 108.221179 nan 636.310799 499.973721 427.538714 301.154623 438.467755
