web/models/kne/6/Metzger_0.072671_0.386552_0.450000.dat
# %ECSV 0.9
# ---
# datatype:
# - {name: time, datatype: float64}
# - {name: sdss_u, datatype: float64}
# - {name: sdss_g, datatype: float64}
# - {name: sdss_r, datatype: float64}
# - {name: sdss_i, datatype: float64}
# - {name: sdss_z, datatype: float64}
# - {name: PS1_y, datatype: float64}
# - {name: ukirt_J, datatype: float64}
# - {name: ukirt_H, datatype: float64}
# - {name: ukirt_K, datatype: float64}
# - {name: johnson_U, datatype: float64}
# - {name: johnson_B, datatype: float64}
# - {name: johnson_V, datatype: float64}
# - {name: johnson_R, datatype: float64}
# - {name: johnson_I, datatype: float64}
# - {name: Clear, datatype: float64}
# meta: !!omap
# - comment: [vej = 0.38655172413793104, mej = 0.07267057954405587, Ye = 0.45, redshift = 0.0]
# schema: astropy-2.0
time sdss_u sdss_g sdss_r sdss_i sdss_z PS1_y ukirt_J ukirt_H ukirt_K johnson_U johnson_B johnson_V johnson_R johnson_I Clear
[from data line 399]
20.050000 77.763737 51.223402 34.568319 24.063401 17.700041 13.743573 5.815658 -1.073827 -5.452654 74.571328 58.599181 41.542171 32.552746 17.061741 33.904947
20.100000 78.005109 51.401079 34.705555 24.174811 17.795621 13.829212 5.881047 -1.026627 -5.417565 74.805072 58.794632 41.696401 32.685051 17.155723 34.040561
20.150000 78.246430 51.578722 34.842768 24.286205 17.891189 13.914842 5.946430 -0.979428 -5.382473 75.038768 58.990045 41.850604 32.817334 17.249694 34.176153
20.200000 78.487702 51.756331 34.979958 24.397582 17.986745 14.000461 6.011809 -0.932229 -5.347378 75.272416 59.185420 42.004779 32.949594 17.343652 34.311722
20.250000 78.728923 51.933907 35.117125 24.508943 18.082287 14.086070 6.077183 -0.885030 -5.312280 75.506016 59.380756 42.158927 33.081833 17.437598 34.447268
20.300000 78.970095 52.111449 35.254268 24.620287 18.177818 14.171670 6.142552 -0.837831 -5.277179 75.739568 59.576055 42.313047 33.214050 17.531532 34.582791
20.350000 79.211218 52.288958 35.391389 24.731614 18.273335 14.257259 6.207917 -0.790633 -5.242075 75.973072 59.771315 42.467139 33.346245 17.625453 34.718291
20.400000 79.452291 52.466434 35.528486 24.842925 18.368841 14.342839 6.273276 -0.743434 -5.206968 76.206530 59.966538 42.621204 33.478419 17.719363 34.853769
20.450000 79.693314 52.643877 35.665561 24.954219 18.464334 14.428408 6.338631 -0.696236 -5.171859 76.439940 60.161723 42.775243 33.610571 17.813261 34.989224
20.500000 79.934289 52.821286 35.802612 25.065498 18.559814 14.513968 6.403981 -0.649038 -5.136746 76.673303 60.356871 42.929254 33.742701 17.907147 35.124658
20.550000 80.175216 52.998663 35.939642 25.176760 18.655282 14.599518 6.469327 -0.601840 -5.101631 76.906619 60.551982 43.083238 33.874810 18.001021 35.260068
20.600000 80.416093 53.176008 36.076648 25.288005 18.750738 14.685058 6.534667 -0.554643 -5.066513 77.139888 60.747056 43.237195 34.006897 18.094883 35.395457
20.650000 80.656923 53.353319 36.213632 25.399235 18.846182 14.770589 6.600003 -0.507445 -5.031392 77.373111 60.942092 43.391126 34.138963 18.188733 35.530823
20.700000 80.897704 53.530599 36.350593 25.510448 18.941614 14.856109 6.665334 -0.460248 -4.996269 77.606288 61.137092 43.545030 34.271008 18.282571 35.666168
20.750000 81.138437 53.707846 36.487532 25.621646 19.037033 14.941620 6.730660 -0.413052 -4.961143 77.839419 61.332055 43.698907 34.403032 18.376398 35.801490
20.800000 81.379123 53.885061 36.624449 25.732828 19.132441 15.027122 6.795982 -0.365855 -4.926014 78.072504 61.526982 43.852758 34.535034 18.470213 35.936790
20.850000 81.619761 54.062244 36.761344 25.843993 19.227836 15.112614 6.861299 -0.318659 -4.890882 78.305543 61.721872 44.006583 34.667016 18.564017 36.072069
20.900000 81.860352 54.239394 36.898216 25.955143 19.323220 15.198096 6.926611 -0.271463 -4.855748 78.538537 61.916727 44.160381 34.798976 18.657808 36.207326
20.950000 82.100895 54.416514 37.035067 26.066277 19.418591 15.283568 6.991919 -0.224267 -4.820611 78.771485 62.111545 44.314153 34.930916 18.751589 36.342562
21.000000 82.341392 54.593601 37.171895 26.177395 19.513950 15.369031 7.057222 -0.177072 -4.785472 79.004389 62.306327 44.467900 35.062835 18.845357 36.477775
21.050000 82.581842 54.770657 37.308702 26.288498 19.609298 15.454485 7.122520 -0.129876 -4.750330 79.237247 62.501073 44.621620 35.194734 18.939114 36.612968
21.100000 82.822245 54.947681 37.445487 26.399585 19.704634 15.539929 7.187814 -0.082682 -4.715185 79.470060 62.695784 44.775314 35.326612 19.032860 36.748139
21.150000 83.062601 55.124675 37.582250 26.510657 19.799958 15.625363 7.253103 -0.035487 -4.680038 79.702829 62.890459 44.928983 35.458469 19.126594 36.883288
21.200000 83.302912 55.301637 37.718992 26.621713 19.895270 15.710789 7.318387 0.011707 -4.644888 79.935554 63.085098 45.082626 35.590306 19.220317 37.018417
21.250000 83.543176 55.478568 37.855712 26.732753 19.990570 15.796205 7.383667 0.058901 -4.609736 80.168234 63.279703 45.236244 35.722122 19.314029 37.153524
21.300000 83.783395 55.655468 37.992411 26.843778 20.085859 15.881611 7.448942 0.106095 -4.574581 80.400870 63.474272 45.389836 35.853918 19.407729 37.288610
21.350000 84.023567 55.832337 38.129088 26.954788 20.181136 15.967008 7.514213 0.153288 -4.539423 80.633462 63.668806 45.543403 35.985694 19.501418 37.423675
21.400000 84.263695 56.009175 38.265744 27.065783 20.276402 16.052396 7.579479 0.200481 -4.504263 80.866010 63.863306 45.696944 36.117450 19.595096 37.558720
21.450000 84.503776 56.185983 38.402379 27.176762 20.371656 16.137775 7.644740 0.247674 -4.469101 81.098515 64.057771 45.850461 36.249186 19.688762 37.693743
21.500000 84.743813 56.362761 38.538992 27.287726 20.466898 16.223144 7.709997 0.294866 -4.433936 81.330977 64.252201 46.003952 36.380902 19.782418 37.828746
21.550000 84.983805 56.539508 38.675585 27.398675 20.562130 16.308505 7.775250 0.342058 -4.398769 81.563395 64.446597 46.157418 36.512598 19.876062 37.963728
21.600000 85.223752 56.716224 38.812156 27.509609 20.657349 16.393856 7.840498 0.389249 -4.363599 81.795770 64.640958 46.310860 36.644274 19.969695 38.098689
21.650000 85.463654 56.892911 38.948707 27.620528 20.752557 16.479198 7.905741 0.436440 -4.328427 82.028102 64.835286 46.464277 36.775930 20.063317 38.233630
21.700000 85.703512 57.069568 39.085237 27.731432 20.847754 16.564530 7.970980 0.483631 -4.293253 82.260391 65.029579 46.617669 36.907566 20.156929 38.368551
21.750000 85.943325 57.246194 39.221746 27.842321 20.942940 16.649854 8.036214 0.530822 -4.258076 82.492638 65.223838 46.771036 37.039183 20.250529 38.503451
21.800000 86.183094 57.422791 39.358234 27.953195 21.038114 16.735169 8.101444 0.578012 -4.222897 82.724842 65.418064 46.924379 37.170780 20.344118 38.638330
21.850000 86.422819 57.599359 39.494702 28.064054 21.133277 16.820475 8.166669 0.625201 -4.187716 82.957004 65.612255 47.077697 37.302358 20.437697 38.773190
21.900000 86.662501 57.775896 39.631149 28.174899 21.228428 16.905771 8.231890 0.672391 -4.152532 83.189124 65.806414 47.230992 37.433917 20.531264 38.908029
21.950000 86.902139 57.952405 39.767576 28.285729 21.323569 16.991059 8.297107 0.719579 -4.117346 83.421202 66.000539 47.384262 37.565456 20.624821 39.042848
22.000000 87.141733 58.128884 39.903983 28.396544 21.418698 17.076338 8.362319 0.766768 -4.082157 83.653238 66.194630 47.537507 37.696975 20.718367 39.177647
22.050000 87.381284 58.305333 40.040369 28.507345 21.513817 17.161608 8.427527 0.813956 -4.046967 83.885233 66.388688 47.690729 37.828476 20.811902 39.312427
22.100000 87.620792 58.481754 40.176735 28.618131 21.608924 17.246869 8.492730 0.861143 -4.011774 84.117186 66.582714 47.843927 37.959957 20.905427 39.447186
22.150000 87.860257 58.658145 40.313080 28.728903 21.704020 17.332121 8.557929 0.908331 -3.976579 84.349098 66.776706 47.997101 38.091420 20.998940 39.581926
22.200000 88.099679 58.834508 40.449406 28.839660 21.799105 17.417364 8.623123 0.955517 -3.941382 84.580968 66.970666 48.150251 38.222863 21.092443 39.716645
22.250000 88.339058 59.010841 40.585712 28.950403 21.894180 17.502599 8.688313 1.002704 -3.906182 84.812798 67.164593 48.303377 38.354287 21.185936 39.851346
22.300000 88.578395 59.187147 40.721997 29.061131 21.989243 17.587825 8.753499 1.049890 -3.870980 85.044586 67.358487 48.456480 38.485693 21.279418 39.986026
22.350000 88.817689 59.363423 40.858263 29.171845 22.084296 17.673042 8.818680 1.097075 -3.835776 85.276334 67.552349 48.609559 38.617079 21.372889 40.120687
22.400000 89.056941 59.539671 40.994509 29.282545 22.179337 17.758250 8.883857 1.144260 -3.800570 85.508042 67.746179 48.762615 38.748447 21.466350 40.255329
22.450000 89.296152 59.715890 41.130735 29.393231 22.274368 17.843450 8.949030 1.191445 -3.765362 85.739709 67.939976 48.915647 38.879796 21.559801 40.389951
22.500000 89.535320 59.892082 41.266942 29.503902 22.369388 17.928641 9.014198 1.238629 -3.730152 85.971336 68.133741 49.068656 39.011127 21.653241 40.524554
22.550000 89.774446 60.068245 41.403129 29.614560 22.464397 18.013823 9.079362 1.285813 -3.694939 86.202922 68.327475 49.221642 39.142439 21.746671 40.659137
22.600000 90.013531 60.244380 41.539296 29.725203 22.559396 18.098997 9.144521 1.332996 -3.659725 86.434469 68.521176 49.374604 39.273733 21.840090 40.793702
22.650000 90.252575 60.420487 41.675444 29.835832 22.654384 18.184162 9.209677 1.380179 -3.624508 86.665976 68.714846 49.527544 39.405008 21.933499 40.928247
22.700000 90.491577 60.596566 41.811573 29.946448 22.749361 18.269319 9.274828 1.427361 -3.589290 86.897443 68.908484 49.680461 39.536264 22.026897 41.062773
22.750000 90.730538 60.772617 41.947682 30.057049 22.844328 18.354467 9.339974 1.474543 -3.554069 87.128871 69.102091 49.833355 39.667503 22.120286 41.197281
22.800000 90.969459 60.948640 42.083772 30.167637 22.939284 18.439607 9.405117 1.521724 -3.518846 87.360259 69.295666 49.986225 39.798723 22.213664 41.331769
22.850000 91.208338 61.124636 42.219843 30.278210 23.034229 18.524738 9.470255 1.568905 -3.483621 87.591608 69.489210 50.139074 39.929925 22.307032 41.466238
22.900000 91.447177 61.300605 42.355895 30.388770 23.129164 18.609860 9.535389 1.616085 -3.448394 87.822918 69.682722 50.291899 40.061109 22.400389 41.600689
22.950000 91.685975 61.476546 42.491927 30.499317 23.224089 18.694975 9.600519 1.663265 -3.413166 88.054189 69.876204 50.444702 40.192275 22.493737 41.735121
23.000000 91.924733 61.652460 42.627941 30.609849 23.319003 18.780081 9.665644 1.710444 -3.377935 88.285421 70.069655 50.597483 40.323423 22.587074 41.869534
23.050000 92.163450 61.828346 42.763936 30.720368 23.413907 18.865178 9.730765 1.757623 -3.342702 88.516614 70.263074 50.750241 40.454553 22.680402 42.003929
23.100000 92.402127 62.004206 42.899912 30.830873 23.508800 18.950267 9.795882 1.804801 -3.307467 88.747769 70.456464 50.902977 40.585665 22.773719 42.138305
23.150000 92.640765 62.180038 43.035869 30.941365 23.603683 19.035348 9.860995 1.851979 -3.272231 88.978886 70.649822 51.055691 40.716760 22.867027 42.272663
23.200000 92.879363 62.355844 43.171807 31.051843 23.698556 19.120421 9.926104 1.899156 -3.236992 89.209964 70.843150 51.208382 40.847836 22.960324 42.407002
23.250000 93.117921 62.531622 43.307727 31.162308 23.793418 19.205485 9.991208 1.946333 -3.201751 89.441004 71.036448 51.361051 40.978895 23.053611 42.541323
23.300000 93.356439 62.707374 43.443628 31.272759 23.888270 19.290541 10.056308 1.993509 -3.166509 89.672006 71.229715 51.513698 41.109936 23.146889 42.675626
23.350000 93.594918 62.883099 43.579510 31.383197 23.983112 19.375589 10.121404 2.040685 -3.131265 89.902970 71.422952 51.666324 41.240960 23.240156 42.809910
23.400000 93.833358 63.058798 43.715374 31.493622 24.077944 19.460628 10.186496 2.087860 -3.096018 90.133897 71.616159 51.818927 41.371966 23.333414 42.944176
23.450000 94.071758 63.234470 43.851220 31.604033 24.172766 19.545660 10.251584 2.135035 -3.060770 90.364786 71.809336 51.971509 41.502955 23.426662 43.078424
23.500000 94.310120 63.410116 43.987047 31.714431 24.267577 19.630683 10.316668 2.182209 -3.025520 90.595637 72.002483 52.124069 41.633927 23.519900 43.212655
23.550000 94.548443 63.585736 44.122856 31.824816 24.362379 19.715698 10.381747 2.229382 -2.990268 90.826451 72.195600 52.276607 41.764881 23.613128 43.346867
23.600000 94.786727 63.761329 44.258646 31.935188 24.457170 19.800705 10.446822 2.276555 -2.955015 91.057228 72.388688 52.429124 41.895818 23.706347 43.481061
23.650000 95.024973 63.936897 44.394419 32.045546 24.551951 19.885704 10.511894 2.323728 -2.919759 91.287968 72.581746 52.581619 42.026737 23.799556 43.615237
23.700000 95.263180 64.112438 44.530173 32.155892 24.646723 19.970695 10.576961 2.370900 -2.884502 91.518671 72.774774 52.734093 42.157640 23.892755 43.749396
23.750000 95.501349 64.287954 44.665909 32.266224 24.741484 20.055678 10.642024 2.418071 -2.849243 91.749337 72.967773 52.886545 42.288525 23.985944 43.883537
23.800000 95.739479 64.463443 44.801628 32.376544 24.836236 20.140653 10.707083 2.465242 -2.813982 91.979966 73.160743 53.038976 42.419393 24.079124 44.017660
23.850000 95.977572 64.638907 44.937328 32.486850 24.930977 20.225620 10.772138 2.512412 -2.778720 92.210559 73.353684 53.191386 42.550245 24.172294 44.151765
23.900000 96.215627 64.814345 45.073010 32.597144 25.025709 20.310579 10.837188 2.559582 -2.743455 92.441116 73.546596 53.343774 42.681079 24.265455 44.285853
23.950000 96.453644 64.989758 45.208675 32.707424 25.120431 20.395530 10.902235 2.606751 -2.708189 92.671636 73.739478 53.496142 42.811896 24.358606 44.419923
24.000000 96.691623 65.165145 45.344322 32.817692 25.215143 20.480473 10.967278 2.653919 -2.672921 92.902119 73.932332 53.648489 42.942697 24.451748 44.553976
24.050000 96.929565 65.340507 45.479951 32.927947 25.309845 20.565408 11.032316 2.701087 -2.637652 93.132567 74.125157 53.800814 43.073481 24.544880 44.688012
24.100000 97.167469 65.515843 45.615563 33.038189 25.404537 20.650335 11.097351 2.748254 -2.602380 93.362979 74.317953 53.953119 43.204248 24.638003 44.822030
24.150000 97.405336 65.691154 45.751156 33.148419 25.499220 20.735255 11.162382 2.795421 -2.567107 93.593355 74.510721 54.105403 43.334999 24.731116 44.956031
24.200000 97.643166 65.866440 45.886733 33.258636 25.593893 20.820166 11.227408 2.842587 -2.531833 93.823695 74.703460 54.257666 43.465733 24.824220 45.090015
24.250000 97.880959 66.041701 46.022292 33.368840 25.688557 20.905070 11.292431 2.889753 -2.496556 94.054000 74.896171 54.409909 43.596450 24.917315 45.223981
24.300000 98.118715 66.216937 46.157833 33.479032 25.783210 20.989966 11.357449 2.936918 -2.461278 94.284269 75.088854 54.562131 43.727151 25.010400 45.357930
24.350000 98.356435 66.392148 46.293357 33.589211 25.877855 21.074854 11.422464 2.984082 -2.425999 94.514503 75.281508 54.714332 43.857835 25.103476 45.491863
24.400000 98.594118 66.567334 46.428864 33.699377 25.972489 21.159735 11.487475 3.031246 -2.390718 94.744702 75.474134 54.866513 43.988503 25.196542 45.625778
24.450000 98.831764 66.742496 46.564354 33.809532 26.067114 21.244608 11.552481 3.078409 -2.355435 94.974866 75.666732 55.018674 44.119155 25.289600 45.759676
24.500000 99.069374 66.917633 46.699826 33.919673 26.161730 21.329473 11.617484 3.125571 -2.320150 95.204994 75.859303 55.170814 44.249790 25.382648 45.893558
24.550000 99.306947 67.092745 46.835281 34.029802 26.256335 21.414330 11.682482 3.172733 -2.284864 95.435088 76.051845 55.322934 44.380409 25.475687 46.027422
24.600000 99.544484 67.267833 46.970719 34.139919 26.350932 21.499180 11.747477 3.219894 -2.249576 95.665147 76.244360 55.475034 44.511012 25.568717 46.161270
24.650000 99.781986 67.442896 47.106140 34.250024 26.445519 21.584022 11.812468 3.267055 -2.214287 95.895171 76.436847 55.627114 44.641599 25.661737 46.295101
24.700000 100.019451 67.617935 47.241544 34.360116 26.540097 21.668857 11.877455 3.314215 -2.178996 96.125161 76.629306 55.779173 44.772170 25.754749 46.428916
24.750000 100.256881 67.792950 47.376931 34.470196 26.634665 21.753684 11.942438 3.361374 -2.143703 96.355117 76.821738 55.931213 44.902724 25.847751 46.562713
24.800000 100.494275 67.967941 47.512301 34.580264 26.729224 21.838503 12.007417 3.408533 -2.108409 96.585038 77.014143 56.083232 45.033263 25.940744 46.696494
24.850000 100.731633 68.142907 47.647655 34.690319 26.823773 21.923315 12.072392 3.455691 -2.073114 96.814925 77.206520 56.235232 45.163786 26.033728 46.830259
24.900000 100.968956 68.317850 47.782992 34.800363 26.918314 22.008119 12.137363 3.502849 -2.037817 97.044778 77.398870 56.387212 45.294292 26.126704 46.964007
24.950000 101.206244 68.492768 47.918311 34.910394 27.012844 22.092916 12.202331 3.550006 -2.002518 97.274597 77.591193 56.539172 45.424783 26.219670 47.097739
25.000000 101.443496 68.667663 48.053615 35.020413 27.107366 22.177706 12.267294 3.597162 -1.967218 97.504382 77.783489 56.691112 45.555259 26.312627 47.231454
