web/models/kne/6/mosfit_kn_0.033839_0.0300_10.0000.dat
# %ECSV 1.0
# ---
# datatype:
# - {name: time, datatype: float64}
# - {name: PS1_g, datatype: float64}
# - {name: PS1_i, datatype: float64}
# - {name: PS1_r, datatype: float64}
# - {name: PS1_w, datatype: float64}
# - {name: PS1_y, datatype: float64}
# - {name: PS1_z, datatype: float64}
# - {name: swift_uvot_B, datatype: float64}
# - {name: swift_uvot_U, datatype: float64}
# - {name: swift_uvot_uvm2, datatype: float64}
# - {name: swift_uvot_uvw1, datatype: float64}
# - {name: swift_uvot_uvw2, datatype: float64}
# - {name: swift_uvot_V, datatype: float64}
# - {name: johnson_B, datatype: float64}
# - {name: johnson_I, datatype: float64}
# - {name: johnson_R, datatype: float64}
# - {name: johnson_U, datatype: float64}
# - {name: johnson_V, datatype: float64}
# - {name: sdss_g, datatype: float64}
# - {name: sdss_i, datatype: float64}
# - {name: sdss_r, datatype: float64}
# - {name: sdss_u, datatype: float64}
# - {name: sdss_z, datatype: float64}
# - {name: ATLAS_c, datatype: float64}
# - {name: ATLAS_o, datatype: float64}
# - {name: ukirt_H, datatype: float64}
# - {name: ukirt_J, datatype: float64}
# - {name: ukirt_K, datatype: float64}
# - {name: Clear, datatype: float64}
# meta: !!omap
# - comment: [kappa = 10.0, type = rprocess, mass = 0.03383890769761434, velocity = 0.030000000000000023, theta_obs = 0.0, tfloor = 1000.0]
# schema: astropy-2.0
time PS1_g PS1_i PS1_r PS1_w PS1_y PS1_z swift_uvot_B swift_uvot_U swift_uvot_uvm2 swift_uvot_uvw1 swift_uvot_uvw2 swift_uvot_V johnson_B johnson_I johnson_R johnson_U johnson_V sdss_g sdss_i sdss_r sdss_u sdss_z ATLAS_c ATLAS_o ukirt_H ukirt_J ukirt_K Clear
[from data line 487]
29.338677354709418 0.6255114969942 -5.976427596621399 -3.4048772775314973 -4.578578185858309 -8.507077266178005 -7.508298408734682 3.2496528597939625 7.906352390385276 19.370332528771726 6.555374408607602 8.639147331942244 -1.0093050421977814 2.5449727215001476 -7.198706228783226 -4.763618764652684 7.209021181352043 -1.5509399962135515 1.2339623803635469 -5.916587763790897 -3.269542384791446 8.489147538946806 -7.868093533284846 -1.7738713686419416 -5.081604429921676 -11.851918614105406 -10.429532934086401 -12.68646825859985 -6.099737293318768
29.39879759519038 0.6658872333867194 -5.9504101285316935 -3.3731271771720372 -4.55165275087186 -8.4873269444312 -7.485934430156007 3.2957796384092832 7.964921618894998 19.445405612861425 6.5980578878988005 8.68391931059502 -0.971565103029726 2.588307312598768 -7.174729237541167 -4.735824912958678 7.265618531829688 -1.5154100645413824 1.2756395341346582 -5.890423692491922 -3.237250603117694 8.547243347685143 -7.846934049050258 -1.7398405507897508 -5.0546844628197185 -11.842170664043115 -10.41523197078538 -12.679989875026061 -6.077411818734024
29.458917835671343 0.7063549913639555 -5.924326047767909 -3.3413008653684173 -4.5246626816888025 -8.467521050365594 -7.463509867757523 3.3420090690513584 8.023617994212415 19.520613711291222 6.640824079061076 8.728787542812167 -0.9337363546533276 2.6317346210818253 -7.150689902539621 -4.707968014374118 7.322338012498911 -1.4798003153856396 1.3174108717139 -5.864192876840129 -3.2048809426803615 8.605465203402964 -7.8257178729029775 -1.7057311346949788 -5.027699807893651 -11.832386617102786 -10.400886280510518 -12.673481973279015 -6.0550329371760725
29.519038076152302 0.7469117150349902 -5.898177445029269 -3.309400821405788 -4.4976101298259685 -8.447661249126845 -7.441026562206012 3.388337705462935 8.082437239649671 19.595951452247807 6.683669764352942 8.773748680535501 -0.8958216778447196 2.675251372759831 -7.126590178989157 -4.680050306539887 7.379175467947981 -1.444113506454021 1.3592732476813296 -5.837897418518949 -3.1724359183231776 8.66380885348839 -7.804446774293119 -1.6715457485728713 -5.000652621869026 -11.82256746346244 -10.386497162439328 -12.666945321515824 -6.032602499319104
29.579158316633265 0.7875557010691381 -5.871965491899296 -3.2774284323002334 -4.470496299636899 -8.427748475931836 -7.418485545406401 3.434763627467711 8.141376979752817 19.671415867705665 6.72659315073366 8.818800861501735 -0.8578226806711101 2.7188557361147363 -7.10243116446832 -4.652073053196813 7.436128584708602 -1.4083511886418318 1.4012249084751005 -5.81153849565391 -3.139916936403715 8.722271932290031 -7.78312175000222 -1.6372858592206185 -4.973544114459898 -11.812713764992251 -10.37206535010492 -12.660380358135333 -6.010121547011966
29.639278557114228 0.8282752041144015 -5.845698186340265 -3.245393194671067 -4.443329421036211 -8.40778908885575 -7.395893857917866 3.481273584350565 8.200420719043109 19.746986198739155 6.769581901968351 8.863931200860296 -0.8197504246202251 2.762535180246615 -7.078220325189682 -4.624044734481381 7.493181372667308 -1.3725238654463265 1.4432537672036894 -5.785124145437628 -3.1073336350303293 8.780838060450247 -7.7617495336903275 -1.6029615519110862 -4.946382519753811 -11.802829264245405 -10.357595778071234 -12.653789969049177 -5.987597113890057
29.69939879759519 0.8690678100892235 -5.819377184129362 -3.2132970695838203 -4.416111193070726 -8.387784408466636 -7.373252958647676 3.5278648539524307 8.259565081052802 19.822658239677292 6.812633492368345 8.909137059788904 -0.7816071885090573 2.8062871210964917 -7.053959210025687 -4.595967119141229 7.550330550065432 -1.336633718274791 1.4853573391506458 -5.758656032373466 -3.074688003935524 8.839503879030932 -7.740331528304374 -1.5685749017257855 -4.9191695420659975 -11.792914748707942 -10.343089477941321 -12.647174765825058 -5.965030660630113
29.75951903807615 0.9099523579797797 -5.792989693017958 -3.181124854682409 -4.388828446578934 -8.367724277416038 -7.35055158875932 3.5745586941166154 8.318836573387447 19.898465431075124 6.855767705215321 8.954439125987484 -0.7433752432383337 2.850131617037213 -7.02963588877311 -4.567826705160496 7.607601780235072 -1.3006639826464703 1.527555009044601 -5.732121303830997 -3.0419646107013243 8.898295687979143 -7.718856994994017 -1.5341097440260043 -4.89189201992156 -11.782964273527623 -10.328538589500019 -12.640530179510916 -5.942410968639535
29.819639278557112 0.9509211857992739 -5.766540935331541 -3.1488827489208937 -4.3614865538036796 -8.347612848905062 -7.327794345815359 3.6213464613517745 8.378224441423487 19.974394255606274 6.898976495658999 8.999828997398907 -0.7050618067940321 2.894060489175288 -7.0052552379785835 -4.539629036525466 7.664984633959911 -1.264621520976623 1.5698388918262474 -5.705525208053253 -3.009169746333722 8.957202805557785 -7.697330334566281 -1.4995726589935998 -4.864555330136575 -11.772980287678044 -10.31394633895905 -12.633858100346396 -5.919742633463905
29.879759519038075 0.9919776864002117 -5.740028618293085 -3.1165680236539828 -4.3340831530172075 -8.327448305972762 -7.3049792123349455 3.668231985414775 8.437733474652873 20.050450779703826 6.942263424114703 9.045310405596126 -0.6666636901407167 2.9380773365256867 -6.980815123045253 -4.511371713614907 7.722483737824167 -1.2285033407044186 1.612212477897188 -5.6788654422256535 -2.9763006397223 9.0162299770172 -7.675749632246784 -1.4649607392162167 -4.837157116809401 -11.762961738291347 -10.299311327457977 -12.62715772385702 -5.8970236550375255
29.939879759519037 1.0331250288825977 -5.71345060087971 -3.084178130870008 -4.306616039648414 -8.307228951954055 -7.28210430414574 3.715218843563183 8.497368148256541 20.12664066820507 6.985631812587911 9.09088683541913 -0.6281779144617808 2.982185518387062 -6.9563135510607585 -4.483052499139906 7.780103413571904 -1.1923066497399557 1.6546790273292977 -5.652139856061442 -2.9433547029462837 9.075381635566604 -7.654113101010456 -1.4302712697304543 -4.809695181137137 -11.752907643042663 -10.28463224938619 -12.620428299890348 -5.874252168156406
30.0 1.0743581618822162 -5.686810330956593 -3.051717161208778 -4.279088758593872 -8.28695753052946 -7.259172657078974 3.7623013378201877 8.557121377650017 20.20295503647826 7.029076361594981 9.136552751156405 -0.5896092406896906 3.0263796387940682 -6.931753742945005 -4.454675059209763 7.837836787110362 -1.15603598234413 1.6972333414352114 -5.625351914822243 -2.910336087183243 9.134650741867159 -7.632423650194262 -1.3955085895739394 -4.782173072824634 -11.74281962383924 -10.269911238758985 -12.613671081996516 -5.851431208953066
