web/models/kne/6/mosfit_kn_0.004263_0.1867_10.0000.dat
# %ECSV 1.0
# ---
# datatype:
# - {name: time, datatype: float64}
# - {name: PS1_g, datatype: float64}
# - {name: PS1_i, datatype: float64}
# - {name: PS1_r, datatype: float64}
# - {name: PS1_w, datatype: float64}
# - {name: PS1_y, datatype: float64}
# - {name: PS1_z, datatype: float64}
# - {name: swift_uvot_B, datatype: float64}
# - {name: swift_uvot_U, datatype: float64}
# - {name: swift_uvot_uvm2, datatype: float64}
# - {name: swift_uvot_uvw1, datatype: float64}
# - {name: swift_uvot_uvw2, datatype: float64}
# - {name: swift_uvot_V, datatype: float64}
# - {name: johnson_B, datatype: float64}
# - {name: johnson_I, datatype: float64}
# - {name: johnson_R, datatype: float64}
# - {name: johnson_U, datatype: float64}
# - {name: johnson_V, datatype: float64}
# - {name: sdss_g, datatype: float64}
# - {name: sdss_i, datatype: float64}
# - {name: sdss_r, datatype: float64}
# - {name: sdss_u, datatype: float64}
# - {name: sdss_z, datatype: float64}
# - {name: ATLAS_c, datatype: float64}
# - {name: ATLAS_o, datatype: float64}
# - {name: ukirt_H, datatype: float64}
# - {name: ukirt_J, datatype: float64}
# - {name: ukirt_K, datatype: float64}
# - {name: Clear, datatype: float64}
# meta: !!omap
# - comment: [kappa = 10.0, type = rprocess, mass = 0.004263435211354371, velocity = 0.1866666666666667, theta_obs = 0.0, tfloor = 1000.0]
# schema: astropy-2.0
time PS1_g PS1_i PS1_r PS1_w PS1_y PS1_z swift_uvot_B swift_uvot_U swift_uvot_uvm2 swift_uvot_uvw1 swift_uvot_uvw2 swift_uvot_V johnson_B johnson_I johnson_R johnson_U johnson_V sdss_g sdss_i sdss_r sdss_u sdss_z ATLAS_c ATLAS_o ukirt_H ukirt_J ukirt_K Clear
[from data line 470]
28.316633266533064 12.398562262155295 3.5167334489560176 6.99180422699385 5.023880415489881 -0.0064565995692511535 1.411219365277887 15.938468838719782 22.597412936614695 36.486008240643876 18.56299546868925 21.076011975168903 10.35807895502608 14.734531521753592 1.963220142534067 4.933252909259067 21.56641175736295 9.403056619857326 13.211102363469749 3.597989401069004 7.2202928864902916 23.09851846678952 0.8377917532558854 8.970880796736509 4.518468272126714 -4.955443977484747 -2.8059546819950563 -6.315732657957918 2.7379863717285247
28.376753507014026 12.40619491436183 3.5243661011625527 6.999436879200385 5.031513067696416 0.0011760526372839308 1.4188520174844221 15.946101490926317 22.605045588821227 36.4936408928504 18.570628120895787 21.08364462737544 10.365711607232615 14.742164173960127 1.970852794740602 4.940885561465602 21.57404440956949 9.41068927206386 13.218735015676284 3.605622053275539 7.227925538696827 23.106151118996053 0.8454244054624205 8.978513448943044 4.5261009243332495 -4.947811325278212 -2.798322029788521 -6.308100005751383 2.7456190239350597
28.43687374749499 12.413818457726382 3.531989644527105 7.007060422564937 5.039136611060968 0.008799596001836107 1.4264755608489743 15.95372503429087 22.61266913218578 36.50126443621496 18.57825166426034 21.09126817073999 10.373335150597168 14.74978771732468 1.9784763381051542 4.948509104830154 21.58166795293404 9.41831281542843 13.226358559040836 3.613245596640091 7.235549082061379 23.113774662360605 0.8530479488269727 8.986136992307596 4.533724467697802 -4.94018778191366 -2.790698486423969 -6.300476462386831 2.753242567299612
28.49699398797595 12.42143290195397 3.5396040887546754 7.014674866792525 5.046751055288539 0.016414040229424387 1.4340900050765448 15.96133947851844 22.62028357641336 36.508878880442545 18.585866108487927 21.098882614967568 10.380949594824756 14.75740216155225 1.9860907823327425 4.9561235490577245 21.589282397161618 9.425927259656001 13.233973003268407 3.6208600408676794 7.243163526288967 23.121389106588186 0.8606623930545609 8.993751436535167 4.54133891192539 -4.932573337686072 -2.7830840421963807 -6.2928620181592425 2.7608570115272
28.557114228456914 12.429038256443103 3.547209443243826 7.022280221281658 5.054356409777672 0.024019394718557407 1.4416953595656956 15.96894483300759 22.6278889309025 36.516484234931674 18.59347146297706 21.106487969456705 10.388554949313889 14.765007516041383 1.9936961368218755 4.9637289035468575 21.59688775165075 9.433532614145134 13.24157835775754 3.6284653953568125 7.2507688807781 23.128994461077326 0.868267747543694 9.0013567910243 4.548944266414523 -4.924967983196939 -2.7754786877072477 -6.2852566636701095 2.768462366016333
28.617234468937873 12.436634528204475 3.5548057150051804 7.02987649304303 5.061952681539044 0.031615666479929416 1.4492916313270499 15.976541104768945 22.635485202663865 36.524080506693046 18.601067734738432 21.114084241218077 10.396151221075261 14.772603787802755 2.0012924085832298 4.9713251753082295 21.604484023412123 9.441128885906506 13.249174629518912 3.6360616671181845 7.258365152539472 23.13659073283869 0.875864019305066 9.008953062785672 4.556540538175895 -4.917371711435567 -2.7678824159458757 -6.2776603919087375 2.7760586377777052
28.677354709418836 12.4442217285171 3.5623929153178047 7.0374636933556545 5.069539881851668 0.03920286679255369 1.4568788316396741 15.984128305081569 22.64307240297649 36.53166770700566 18.60865493505104 21.121671441530697 10.403738421387885 14.780190988115379 2.008879608895854 4.978912375620854 21.612071223724747 9.44871608621913 13.256761829831536 3.6436488674308087 7.265952352852079 23.144177933151315 0.8834512196176902 9.016540263098296 4.564127738488519 -4.909784511122942 -2.7602952156332514 -6.270073191596113 2.7836458380903295
28.7374749498998 12.451799869586235 3.569971056386958 7.045041834424808 5.077118022920821 0.046781007861707025 1.4644569727088275 15.991706446150722 22.650650544045643 36.53924584807481 18.616233076120192 21.129249582599844 10.41131656245702 14.787769129184532 2.0164577499650074 4.986490516690007 21.619649364793894 9.456294227288284 13.26433997090069 3.6512270084999443 7.273530493921232 23.15175607422047 0.8910293606868258 9.02411840416745 4.571705879557655 -4.902206370053789 -2.752717074564098 -6.262495050526978 2.791223979159465
28.79759519038076 12.459368960933155 3.5775401477338598 7.05261092577171 5.084687114267723 0.05435009920860878 1.4720260640557292 15.999275537497624 22.658219635392545 36.546814939421715 18.623802167467094 21.136818673946753 10.41888565380394 14.795338220531434 2.024026841311909 4.994059608036909 21.627218456140803 9.463863318635186 13.271909062247591 3.658796099846864 7.281099585268134 23.15932516556737 0.8985984520337453 9.031687495514351 4.579274970904574 -4.894637278706887 -2.7451479832171963 -6.254925959180058 2.7987930705063846
28.857715430861724 12.466929014561323 3.585100201362028 7.060170979399878 5.092247167895891 0.061910152836777144 1.4795861176839153 16.00683559112581 22.665779689020724 36.5543749930499 18.63136222109528 21.14437872757492 10.426445707432109 14.802898274159602 2.0315868949400953 5.001619661665077 21.63477850976897 9.471423372263354 13.27946911587576 3.666356153475032 7.28865963889632 23.16688521919555 0.9061585056619137 9.03924754914252 4.586835024532743 -4.887077225078719 -2.737587929589028 -6.24736590555189 2.806353124134553
28.917835671342683 12.474480037981017 3.59265122478174 7.067722002819572 5.099798191315585 0.06946117625647119 1.4871371411036094 16.014386614545504 22.673330712440418 36.56192601646959 18.638913244514974 21.151929750994626 10.433996730851803 14.810449297579314 2.0391379183597893 5.009170685084771 21.642329533188665 9.478974395683048 13.287020139295453 3.6739071768947262 7.296210662316014 23.174436242615243 0.9137095290816077 9.046798572562214 4.594386047952437 -4.879526201659025 -2.730036906169334 -6.239814882132196 2.813904147554247
28.977955911823646 12.482022039208083 3.6001932260088054 7.075264004046655 5.107340192542669 0.07700317748355445 1.494679142330675 16.02192861577257 22.68087271366749 36.569468017696664 18.64645524574204 21.1594717522217 10.441538732078886 14.81799129880638 2.046679919586855 5.0167126863118545 21.649871534415738 9.486516396910131 13.294562140522537 3.6814491781217917 7.303752663543079 23.181978243842316 0.9212515303086732 9.054340573789297 4.601928049179502 -4.871984200431942 -2.7224949049422507 -6.23227288090513 2.8214461487813303
29.03807615230461 12.48955502780353 3.607726214604252 7.082796992642102 5.114873181138115 0.0845361660789834 1.5022121309261216 16.029461604368016 22.688405702262937 36.57700100629211 18.653988234337486 21.167004740817138 10.449071720674315 14.825524287401826 2.0542129081823015 5.024245674907301 21.657404523011188 9.494049385505578 13.302095129117983 3.6889821667172384 7.311285652138526 23.189511232437763 0.92878451890412 9.061873562384744 4.609461037774949 -4.864451211836495 -2.714961916346804 -6.2247398923096835 2.828979137376759
29.09819639278557 12.497079013411074 3.6152502002117792 7.090320978249629 5.1223971667456425 0.09206015168652826 1.5097361165336487 16.036985589975544 22.695929687870464 36.584524991899634 18.661512219945013 21.174528726424672 10.45659570628186 14.833048273009354 2.0617368937898286 5.031769660514828 21.664928508618722 9.501573371113105 13.30961911472551 3.6965061523247833 7.318809637746053 23.19703521804529 0.9363085045116648 9.06939754799227 4.616985023382494 -4.856927226228968 -2.707437930739277 -6.217215906702139 2.836503122984304
29.158316633266534 12.504594006080687 3.6227651928814097 7.097835970919242 5.129912159415255 0.09957514435614101 1.5172511092032792 16.044500582645174 22.703444680540088 36.59203998456926 18.669027212614644 21.182043719094295 10.464110698951473 14.840563265678984 2.069251886459459 5.039284653184459 21.672443501288335 9.509088363782718 13.317134107395123 3.704021144994396 7.326324630415684 23.204550210714913 0.9438234971812776 9.076912540661883 4.624500016052107 -4.849412233559355 -2.699922938069664 -6.209700914032526 2.844018115653917
29.218436873747493 12.512100017495946 3.630271204296651 7.105341982334501 5.137418170830514 0.1070811557714002 1.5247571206185206 16.052006594060416 22.710950691955336 36.59954599598452 18.676533224029903 21.189549730509544 10.471616710366732 14.848069277094226 2.0767578978747183 5.0467906645997 21.679949512703594 9.516594375197977 13.324640118810382 3.7115271564096552 7.333830641830943 23.212056222130162 0.9513295085965368 9.084418552077143 4.632006027467366 -4.841906222144096 -2.692416926654405 -6.202194902617267 2.851524127069176
29.278557114228455 12.519597057632392 3.637768244433097 7.112839022470947 5.1449152109669605 0.11457819590784624 1.5322541607549667 16.05950363419686 22.718447732091782 36.607043036120956 18.68403026416633 21.197046770645994 10.479113750503178 14.855566317230672 2.0842549380111466 5.054287704736146 21.68744655284004 9.524091415334423 13.332137158946828 3.7190241965461013 7.341327681967371 23.219553262266608 0.9588265487329828 9.091915592213589 4.639503067603812 -4.83440918200765 -2.684919886517959 -6.194697862480821 2.859021167205622
29.338677354709418 12.527085137804992 3.6452563246057146 7.120327102643564 5.152403291139578 0.12206627608046361 1.539742240927584 16.06699171436948 22.7259358122644 36.61453111629357 18.69151834433895 21.204534850818607 10.486601830675795 14.863054397403289 2.091743018183764 5.061775784908764 21.69493463301265 9.53157949550704 13.339625239119446 3.726512276718701 7.3488157621399885 23.227041342439225 0.9663146289055824 9.099403672386206 4.646991147776411 -4.826921101835032 -2.6774318063453415 -6.187209782308221 2.8665092473782394
29.39879759519038 12.534564269143367 3.6527354559440894 7.127806233981939 5.159882422477953 0.1295454074188207 1.547221372265959 16.074470845707854 22.733414943602774 36.62201024763195 18.698997475677324 21.212013982156975 10.494080962014152 14.870533528741664 2.099222149522139 5.0692549162471385 21.70241376435102 9.539058626845415 13.34710437045782 3.7339914080570757 7.356294893478363 23.2345204737776 0.9737937602439573 9.10688280372458 4.654470279114786 -4.819441970496658 -2.6699526750069666 -6.179730650969846 2.8739883787165965
29.458917835671343 12.542034459742695 3.6602056465434174 7.135276424581249 5.167352613077281 0.13701559801814867 1.5546915628652869 16.08194103630718 22.740885134202095 36.629480438231276 18.70646766627665 21.219484172756303 10.50155115261348 14.878003719340992 2.1066923401214668 5.0767251068464665 21.70988395495035 9.546528817444726 13.354574561057149 3.7414615986564037 7.363765084077691 23.24199066437692 0.9812639508432852 9.114352994323909 4.661940469714114 -4.811971779897347 -2.6624824844076564 -6.172260460370518 2.8814585693159245
29.519038076152302 12.549495719110162 3.6676669059108846 7.142737683948717 5.17481387244473 0.1444768573856159 1.562152822232754 16.08940229567465 22.748346393569562 36.636941697598736 18.71392892564412 21.22694543212377 10.509012411980947 14.885464978708459 2.114153599488934 5.084186366213934 21.71734521431781 9.553990076812193 13.362035820424598 3.748922858023871 7.371226343445159 23.249451923744388 0.9887252102107524 9.121814253691358 4.6694017290815815 -4.80451052052988 -2.6550212250401892 -6.164799201003051 2.8889198286833917
29.579158316633265 12.556948058942545 3.675119245743268 7.1501900237811 5.1822662122771135 0.15192919721799925 1.5696051620651374 16.096854635507032 22.755798733401946 36.64439403743112 18.721381265476502 21.234397771956154 10.51646475181333 14.892917318540842 2.1216059393213174 5.091638706046317 21.724797554150193 9.561442416644576 13.369488160256982 3.7563751978562543 7.378678683277542 23.25690426357677 0.9961775500431358 9.129266593523742 4.676854068913965 -4.797058180697497 -2.647568885207806 -6.157346861170668 2.896372168515775
29.639278557114228 12.564391488104611 3.682562674905334 7.157633452943184 5.189709641439197 0.15937262638006544 1.5770485912272036 16.1042980646691 22.763242162564012 36.65183746659319 18.72882469463857 21.24184120111822 10.523908180975397 14.900360747702909 2.1290493684833836 5.099082135208383 21.732240983312266 9.56888584580666 13.376931589419065 3.7638186270183205 7.386122112439608 23.264347692738838 1.003620979205202 9.136710022685826 4.684297498076031 -4.789614751535413 -2.640125456045722 -6.1499034320086015 2.9038155976778413
29.69939879759519 12.571826015026915 3.6899972018276195 7.165067979865469 5.197144168361483 0.1668071533023685 1.584483118149489 16.111732591591384 22.770676689486304 36.659271993515475 18.73625922156086 21.249275728040512 10.5313427078977 14.907795274625194 2.136483895405669 5.106516662130669 21.739675510234562 9.576320372728945 13.38436611634135 3.7712531539406235 7.3935566393618934 23.27178221966113 1.011055506127505 9.14414454960811 4.691732024998334 -4.7821802246131275 -2.6326909291234366 -6.142468905086298 2.9112501246001443
29.75951903807615 12.579251652681727 3.6974228394824493 7.172493617520281 5.204569806016313 0.17423279095718058 1.5919087558043188 16.119158229246214 22.778102327141127 36.66669763117031 18.743684859215684 21.256701365695335 10.538768345552512 14.915220912280024 2.1439095330604987 5.113942299785498 21.74710114788938 9.583746010383758 13.39179175399618 3.7786787915954356 7.400982277016723 23.279207857315953 1.0184811437823171 9.15157018726294 4.699157662653146 -4.7747545869583154 -2.6252652914686245 -6.135043267431486 2.9186757622549564
29.819639278557112 12.586668412226754 3.7048395990274763 7.179910377065326 5.2119865655613395 0.18164955050220755 1.5993255153493457 16.12657498879124 22.78551908668616 36.67411439071533 18.75110161876071 21.264118125240362 10.546185105097539 14.92263767182505 2.1513262926055257 5.121359059330525 21.754517907434412 9.591162769928802 13.399208513541208 3.7860955511404626 7.40839903656175 23.286624616860987 1.025897903327344 9.158986946807968 4.706574422198173 -4.767337827413271 -2.61784853192358 -6.127626507886459 2.9260925217999834
29.879759519038075 12.594076304053576 3.712247490854299 7.187318268892131 5.219394457388162 0.18905744232903032 1.6067334071761685 16.133982880618063 22.792926978512973 36.68152228254215 18.758509510587533 21.271526017067185 10.553592996924362 14.930045563651873 2.1587341844323484 5.128766951157348 21.761925799261224 9.598570661755607 13.406616405368013 3.7935034429672854 7.415806928388573 23.2940325086878 1.0333057951541669 9.16639483863479 4.713982314024996 -4.759929935586466 -2.610440640096775 -6.120218616059637 2.933500413626806
29.939879759519037 12.601475339937629 3.7196465267383516 7.194717304776184 5.226793493272197 0.19645647821308287 1.614132443060221 16.141381916502116 22.80032601439703 36.6889213184262 18.765908546471586 21.278925052951237 10.560992032808414 14.937444599535926 2.166133220316401 5.136165987041401 21.769324835145277 9.60596969763966 13.414015441252065 3.800902478851338 7.423205964272626 23.301431544571855 1.0407048310382194 9.173793874518825 4.7213813499090485 -4.752530899702413 -2.6030416042127222 -6.112819580175584 2.9408994495108587
30.0 12.608865528405406 3.727036715206129 7.202107493243961 5.234183681739992 0.20384666668086027 1.6215226315279985 16.148772104969893 22.807716202864803 36.696311506893984 18.773298734939363 21.286315241419015 10.568382221276192 14.944834788003703 2.1735234087841784 5.143556175509178 21.776715023613065 9.613359886107437 13.42140562971986 3.8082926673191153 7.430596152740403 23.30882173303963 1.0480950195059968 9.18118406298662 4.728771538376826 -4.745140711234636 -2.595651415744945 -6.105429391707807 2.948289637978636
