web/models/kne/6/mosfit_kn_0.007937_0.0770_10.0000.dat
# %ECSV 1.0
# ---
# datatype:
# - {name: time, datatype: float64}
# - {name: PS1_g, datatype: float64}
# - {name: PS1_i, datatype: float64}
# - {name: PS1_r, datatype: float64}
# - {name: PS1_w, datatype: float64}
# - {name: PS1_y, datatype: float64}
# - {name: PS1_z, datatype: float64}
# - {name: swift_uvot_B, datatype: float64}
# - {name: swift_uvot_U, datatype: float64}
# - {name: swift_uvot_uvm2, datatype: float64}
# - {name: swift_uvot_uvw1, datatype: float64}
# - {name: swift_uvot_uvw2, datatype: float64}
# - {name: swift_uvot_V, datatype: float64}
# - {name: johnson_B, datatype: float64}
# - {name: johnson_I, datatype: float64}
# - {name: johnson_R, datatype: float64}
# - {name: johnson_U, datatype: float64}
# - {name: johnson_V, datatype: float64}
# - {name: sdss_g, datatype: float64}
# - {name: sdss_i, datatype: float64}
# - {name: sdss_r, datatype: float64}
# - {name: sdss_u, datatype: float64}
# - {name: sdss_z, datatype: float64}
# - {name: ATLAS_c, datatype: float64}
# - {name: ATLAS_o, datatype: float64}
# - {name: ukirt_H, datatype: float64}
# - {name: ukirt_J, datatype: float64}
# - {name: ukirt_K, datatype: float64}
# - {name: Clear, datatype: float64}
# meta: !!omap
# - comment: [kappa = 10.0, type = rprocess, mass = 0.00793700525986525, velocity = 0.07700000000000001, theta_obs = 0.0, tfloor = 1000.0]
# schema: astropy-2.0
time PS1_g PS1_i PS1_r PS1_w PS1_y PS1_z swift_uvot_B swift_uvot_U swift_uvot_uvm2 swift_uvot_uvw1 swift_uvot_uvw2 swift_uvot_V johnson_B johnson_I johnson_R johnson_U johnson_V sdss_g sdss_i sdss_r sdss_u sdss_z ATLAS_c ATLAS_o ukirt_H ukirt_J ukirt_K Clear
[from data line 260]
15.691382765531062 8.386613415419681 -0.4952153977795959 2.979855380258236 1.0119315687542674 -4.018405446304865 -2.6007294814577264 11.926519991984168 18.58546408987909 32.47405939390826 14.551046621953638 17.06406312843329 6.346130108290466 10.722582675017978 -2.0487287042015465 0.9213040625234534 17.55446291062733 5.391107773121731 9.199153516734135 -0.4139594456666096 3.208344039754678 19.086569620053915 -3.174157093479728 4.9589319500008955 0.506519425391101 -8.96739282422036 -6.817903528730669 -10.327681504693532 -1.2739624750070888
15.751503006012024 8.397173576383068 -0.48465523681620937 2.9904155412216227 1.022491729717654 -4.007845285341478 -2.59016932049434 11.937080152947555 18.596024250842476 32.484619554871635 14.561606782917025 17.074623289396676 6.3566902692538525 10.733142835981365 -2.03816854323816 0.93186422348684 17.565023071590716 5.4016679340851 9.209713677697504 -0.40339928470322306 3.2189042007180646 19.097129781017284 -3.1635969325163416 4.969492110964264 0.5170795863544875 -8.956832663256973 -6.807343367767283 -10.317121343730145 -1.2634023140437023
15.811623246492985 8.407646327622427 -0.4741824855768506 3.000888292460999 1.0329644809570127 -3.9973725341021193 -2.579696569254981 11.947552904186914 18.606497002081834 32.495092306111005 14.572079534156384 17.085096040636035 6.367163020493211 10.743615587220724 -2.0276957919988012 0.9423369747261987 17.575495822830074 5.412140685324476 9.22018642893688 -0.3929265334638643 3.2293769519574234 19.10760253225666 -3.153124181276983 4.979964862203641 0.5275523375938462 -8.946359912017597 -6.796870616527924 -10.306648592490786 -1.2529295628043435
15.871743486973948 8.418032217758604 -0.4637965954406731 3.011274182597159 1.0433503710931902 -3.986986643965942 -2.5693106791188036 11.957938794323091 18.616882892218012 32.505478196247175 14.582465424292561 17.095481930772213 6.377548910629389 10.754001477356901 -2.0173099018626237 0.9527228648623762 17.585881712966252 5.422526575460636 9.23057231907304 -0.3825406433276868 3.239762842093601 19.117988422392838 -3.1427382911408053 4.990350752339818 0.5379382277300238 -8.935974021881437 -6.7864847263917465 -10.296262702354609 -1.242543672668166
15.931863727454909 8.428331960906785 -0.45349685229249204 3.02157392574534 1.0536501142413535 -3.9766869008177608 -2.5590109359706226 11.968238537471272 18.627182635366175 32.515777939395356 14.592765167440742 17.105781673920394 6.38784865377757 10.764301220505082 -2.0070101587144427 0.9630226080105573 17.596181456114433 5.432826318608817 9.240872062221221 -0.37224090017950573 3.250062585241782 19.128288165541 -3.1324385479926242 5.000650495487982 0.5482379708782048 -8.925674278733256 -6.776184983243565 -10.285962959206428 -1.232243929519985
15.991983967935871 8.438546580270625 -0.4432822329286523 3.0317885451091797 1.0638647336051932 -3.966472281453921 -2.548796316606783 11.978453156835112 18.637397254730015 32.52599255875919 14.602979786804582 17.115996293284233 6.3980632731414095 10.774515839868922 -1.996795539350603 0.973237227374397 17.606396075478273 5.443040937972657 9.251086681585061 -0.362026280815666 3.2602772046056216 19.13850278490484 -3.1222239286287845 5.010865114851821 0.5584525902420445 -8.915459659369416 -6.765970363879726 -10.275748339842588 -1.2220293101561452
16.052104208416832 8.448677823050357 -0.43315099014892056 3.0419197878889115 1.073995976384925 -3.9563410386741893 -2.538665073827051 11.988584399614844 18.647528497509747 32.53612380153893 14.613111029584314 17.126127536063965 6.408194515921141 10.784647082648636 -1.9866642965708712 0.983368470154111 17.616527318258004 5.4531721807523885 9.261217924364793 -0.35189503803593425 3.2704084473853534 19.148634027684572 -3.1120926858490527 5.020996357631553 0.5685838330217763 -8.905328416589684 -6.755839121099994 -10.265617097062856 -1.2118980673764135
16.112224448897795 8.458724839035625 -0.4231039741636522 3.0519668038741976 1.084042992370211 -3.946294022688921 -2.5286180578417827 11.998631415600112 18.657575513495033 32.54617081752421 14.623158045569582 17.136174552049233 6.41824153190641 10.794694098633922 -1.9766172805856028 0.9934154861393971 17.626574334243273 5.463219196737675 9.271264940350079 -0.3418480220506659 3.2804554633706218 19.15868104366986 -3.1020456698637844 5.031043373616839 0.5786308490070446 -8.895281400604398 -6.745792105114708 -10.255570081077588 -1.2018510513911451
16.172344689378757 8.468688420537998 -0.4131403926612798 3.0619303853765523 1.0940065738725835 -3.9363304411865485 -2.5186544763394103 12.008594997102485 18.667539094997405 32.55613439902657 14.633121627071954 17.146138133551606 6.428205113408782 10.804657680136295 -1.9666536990832304 1.0033790676417695 17.636537915745645 5.473182778240029 9.281228521852434 -0.33188444054829347 3.290419044872994 19.16864462517223 -3.092082088361412 5.041006955119212 0.5885944305094171 -8.885317819102044 -6.735828523612353 -10.245606499575215 -1.1918874698887727
16.23246492985972 8.478569729991658 -0.40325908320761883 3.071811694830213 1.1038878833262444 -3.9264491317328876 -2.5087731668857494 12.018476306556146 18.677420404451066 32.56601570848023 14.643002936525615 17.156019443005267 6.438086422862443 10.814538989589956 -1.9567723896295695 1.0132603770954305 17.646419225199306 5.48306408769369 9.291109831306095 -0.3220031310946325 3.300300354326655 19.178525934625892 -3.082200778907751 5.0508882645728725 0.598475739963078 -8.875436509648383 -6.725947214158692 -10.235725190121554 -1.1820061604351118
16.29258517034068 8.488370587110978 -0.39345822608829906 3.081612551949533 1.1136887404455464 -3.916648274613568 -2.4989723097664296 12.028277163675465 18.687221261570368 32.575816565599546 14.652803793644935 17.165820300124587 6.447887279981763 10.824339846709258 -1.9469715325102497 1.0230612342147325 17.656220082318626 5.49286494481301 9.300910688425414 -0.31220227397531275 3.310101211445975 19.188326791745194 -3.0723999217884312 5.0606891216921746 0.6082765970823978 -8.865635652529063 -6.7161463570393725 -10.225924333002235 -1.172205303315792
16.352705410821642 8.498090576602078 -0.38373823659719974 3.09133254144065 1.1234087299366635 -3.9069282851224507 -2.4892523202753303 12.037997153166565 18.696941251061485 32.585536555090655 14.662523783136034 17.175540289615686 6.45760726947288 10.834059836200375 -1.9372515430191504 1.0327812237058496 17.665940071809743 5.502584934304127 9.310630677916532 -0.3024822844841957 3.3198212009370742 19.19804678123631 -3.062679932297314 5.070409111183292 0.6179965865734971 -8.855915663037946 -6.706426367548255 -10.216204343511118 -1.162485313824675
16.412825651302605 8.507730309328263 -0.3740985038710143 3.1009722741668178 1.1330484626628312 -3.897288552396283 -2.479612587549145 12.04763688589275 18.706580983787653 32.595176287816834 14.67216351586222 17.18518002234187 6.467247002199048 10.843699568926542 -1.927611810292965 1.0424209564320173 17.67557980453591 5.512224667030295 9.3202704106427 -0.292842551758028 3.3294609336632597 19.20768651396248 -3.0530401995711465 5.080048843909459 0.6276363192996826 -8.846275930311778 -6.696786634822088 -10.20656461078495 -1.1528455810985072
16.472945891783567 8.517290564068887 -0.36453824913039057 3.1105325289074415 1.1426087174034727 -3.8877282976556593 -2.470052332808521 12.057197140633374 18.716141238528294 32.604736542557454 14.681723770602844 17.194740277082495 6.476807256939671 10.853259823667184 -1.9180515555523412 1.0519812111726587 17.685140059276534 5.5217849217709185 9.329830665383323 -0.28328229701740426 3.3390211884038834 19.21724676870312 -3.0434799448305228 5.089609098650101 0.6371965740403063 -8.836715675571154 -6.687226380081464 -10.197004356044326 -1.1432853263578835
16.53306613226453 8.52677281836609 -0.3550559948332044 3.1200147832046454 1.1520909717006589 -3.8782460433584554 -2.460570078511335 12.06667939493056 18.72562349282548 32.61421879685465 14.69120602490003 17.20422253137968 6.486289511236875 10.86274207796437 -1.908569301255155 1.061463465469845 17.69462231357374 5.5312671760681225 9.339312919680527 -0.2738000427202003 3.3485034427010696 19.226729023000306 -3.033997690533319 5.099091352947287 0.6466788283375102 -8.82723342127395 -6.67774412578426 -10.187522101747122 -1.1338030720606795
16.59318637274549 8.53617876387224 -0.3456500493270376 3.1294207287108122 1.1614969172068257 -3.8688400978523063 -2.451164133005168 12.076085340436727 18.735029438331647 32.62362474236082 14.700611970406197 17.213628476885848 6.495695456743024 10.872148023470537 -1.8991633557489882 1.0708694109760117 17.704028259079887 5.540673121574289 9.348718865186694 -0.26439409721405127 3.3579093882072364 19.236134968506473 -3.0245917450271698 5.108497298453454 0.6560847738436593 -8.817827475767784 -6.668338180278093 -10.178116156240973 -1.1243971265545305
16.65330661322645 8.54550772263062 -0.33632109056865644 3.1387496874691756 1.170825875965189 -3.859511139093925 -2.441835174246787 12.085414299195108 18.74435839709001 32.63295370111919 14.709940929164578 17.22295743564423 6.505024415501405 10.881476982228918 -1.889834396990607 1.0801983697343929 17.71335721783827 5.550002080332653 9.358047823945057 -0.25506513845567014 3.3672383469656175 19.245463927264836 -3.0152627862687886 5.117826257211817 0.6654137326020404 -8.80849851700942 -6.65900922151973 -10.168787197482592 -1.1150681677961494
16.713426853707414 8.554760445007688 -0.32706836819160756 3.1480024098462422 1.1800785983422557 -3.8502584167168585 -2.432582451869738 12.094667021572157 18.753611119467077 32.642206423496255 14.719193651541644 17.232210158021296 6.514277137878472 10.890729704605967 -1.8805816746135404 1.0894510921114418 17.722609940215335 5.559254802709719 9.367300546322124 -0.2458124160786035 3.376491069342684 19.254716649641903 -3.006010063891722 5.127078979588884 0.674666454979107 -8.799245794632354 -6.649756499142663 -10.159534475105525 -1.1058154454190827
16.773547094188377 8.563938032784257 -0.31789078041501995 3.157179997622812 1.1892561861188433 -3.8410808289402887 -2.4234048640931505 12.103844609348744 18.762788707243665 32.65138401127284 14.728371239318214 17.241387745797866 6.523454725655042 10.899907292382554 -1.8714040868369706 1.0986286798880294 17.731787527991905 5.568432390486307 9.376478134098711 -0.23663482830203364 3.385668657119254 19.26389423741849 -2.996832476115152 5.136256567365471 0.6838440427556769 -8.790068206855784 -6.640578911366093 -10.150356887328956 -1.0966378576425129
16.83366733466934 8.573042192897127 -0.30878662030215054 3.1662841577356815 1.198360346231695 -3.8319766688274193 -2.414300703980281 12.112948769461614 18.771892867356517 32.6604881713857 14.737475399431084 17.250491905910735 6.532558885767911 10.909011452495424 -1.8622999267241012 1.1077328400008988 17.740891688104774 5.5775365505991585 9.385582294211563 -0.22753066818916423 3.3947728172321234 19.272998397531342 -2.9877283160022827 5.145360727478323 0.6929482028685463 -8.780964046742914 -6.631474751253224 -10.141252727216086 -1.0875336975296435
16.8937875751503 8.582073670064698 -0.29975514313457907 3.1753156349032707 1.2073918233992842 -3.82294519165983 -2.4052692268127096 12.121980246629185 18.780924344524106 32.669519648553276 14.746506876598655 17.259523383078307 6.541590362935501 10.918042929662995 -1.8532684495565297 1.1167643171684702 17.749923165272364 5.586568027766748 9.394613771379152 -0.21849919102159276 3.403804294399695 19.28202987469893 -2.9786968388346935 5.154392204645912 0.7019796800361178 -8.771932569575325 -6.622443274085635 -10.132221250048497 -1.0785022203620542
16.95390781563126 8.591032641574081 -0.2907961716251961 3.184274606412636 1.2163507949086494 -3.813986220150465 -2.3963102553033266 12.130939218138568 18.78988331603347 32.678478620062656 14.755465848108038 17.26848235458769 6.550549334444866 10.92700190117236 -1.8443094780471467 1.1257232886778354 17.75888213678173 5.595526999276113 9.403572742888517 -0.2095402195122098 3.412763265909078 19.290988846208297 -2.9697378673253283 5.1633511761552775 0.7109386515455007 -8.76297359806596 -6.6134843025762695 -10.123262278539132 -1.069543248852689
17.014028056112224 8.599919963336031 -0.2819088498632638 3.193161928174586 1.2252381166705995 -3.805098898388515 -2.3874229335413943 12.1398265399005 18.79877063779542 32.6873659418246 14.764353169869988 17.27736967634964 6.559436656206816 10.93588922293431 -1.8354221562852144 1.1346106104397855 17.76776945854368 5.604414321038063 9.412460064650467 -0.20065289775025974 3.421650587671028 19.299876167970247 -2.9608505455633782 5.172238497917228 0.7198259733074508 -8.75408627630401 -6.6045969808143195 -10.114374956777182 -1.060655927090739
17.074148296593187 8.608736746183894 -0.2730920670153836 3.2019787110224485 1.2340548995184797 -3.7962821155406523 -2.378606150693514 12.14864332274838 18.8075874206433 32.696182724672475 14.77316995271785 17.286186459197502 6.568253439054678 10.94470600578219 -1.8266053734373342 1.1434273932876657 17.77658624139154 5.6132311038859255 9.421276847498348 -0.19183611490239727 3.4304673705188904 19.308692950818127 -2.9520337627155158 5.181055280765108 0.7286427561553133 -8.745269493456147 -6.595780197966457 -10.10555817392932 -1.0518391442428765
17.13426853707415 8.617484472339498 -0.26434434085979674 3.210726437178053 1.2428026256740665 -3.7875343893850477 -2.3698584245379273 12.157391048903968 18.816335146798888 32.70493045082806 14.781917678873437 17.29493418535309 6.577001165210283 10.953453731937778 -1.8178576472817474 1.1521751194432526 17.785333967547146 5.62197883004153 9.430024573653935 -0.18308838874679267 3.4392150966744772 19.317440676973714 -2.943286036559911 5.189803006920695 0.7373904823109179 -8.736521767300543 -6.587032471810852 -10.096810447773715 -1.043091418087272
17.19438877755511 8.626163398313054 -0.2556654148862414 3.2194053631516084 1.2514815516476219 -3.7788554634114924 -2.361179498564372 12.166069974877523 18.825014072772444 32.71360937680162 14.790596604846993 17.303613111326644 6.585680091183838 10.962132657911333 -1.809178721308192 1.160854045416808 17.7940128935207 5.6306577560150854 9.43870349962749 -0.17440946277323732 3.4478940226480326 19.32611960294727 -2.934607110586356 5.19848193289425 0.7460694082844732 -8.727842841326988 -6.578353545837297 -10.08813152180016 -1.0344124921137166
17.25450901803607 8.63477438992497 -0.2470544232743066 3.228016354763543 1.2600925432595567 -3.7702444717995576 -2.352568506952437 12.174680966489458 18.83362506438438 32.72222036841355 14.799207596458928 17.31222410293858 6.594291082795755 10.970743649523268 -1.8005677296962572 1.1694650370287427 17.802623885132636 5.63926874762702 9.447314491239425 -0.1657984711613203 3.4565050142599674 19.334730594559204 -2.925996118974439 5.207092924506185 0.7546803998963902 -8.719231849715053 -6.569742554225362 -10.079520530188242 -1.0258015005017995
17.314629258517034 8.643318334451582 -0.2385104787476955 3.2365602992901366 1.2686364877861678 -3.7617005272729642 -2.344024562425826 12.183224911016069 18.84216900891099 32.73076431294016 14.807751540985539 17.32076804746519 6.602835027322366 10.979287594049879 -1.792023785169646 1.1780089815553538 17.81116782965923 5.647812692153631 9.455858435766036 -0.15725452663470918 3.4650489587865785 19.343274539085815 -2.9174521744478277 5.215636869032796 0.7632243444230014 -8.71068790518846 -6.561198609698769 -10.070976585661631 -1.0172575559751884
