web/models/kne/6/mosfit_kn_0.041628_0.2023_0.5000.dat
# %ECSV 1.0
# ---
# datatype:
# - {name: time, datatype: float64}
# - {name: PS1_g, datatype: float64}
# - {name: PS1_i, datatype: float64}
# - {name: PS1_r, datatype: float64}
# - {name: PS1_w, datatype: float64}
# - {name: PS1_y, datatype: float64}
# - {name: PS1_z, datatype: float64}
# - {name: swift_uvot_B, datatype: float64}
# - {name: swift_uvot_U, datatype: float64}
# - {name: swift_uvot_uvm2, datatype: float64}
# - {name: swift_uvot_uvw1, datatype: float64}
# - {name: swift_uvot_uvw2, datatype: float64}
# - {name: swift_uvot_V, datatype: float64}
# - {name: johnson_B, datatype: float64}
# - {name: johnson_I, datatype: float64}
# - {name: johnson_R, datatype: float64}
# - {name: johnson_U, datatype: float64}
# - {name: johnson_V, datatype: float64}
# - {name: sdss_g, datatype: float64}
# - {name: sdss_i, datatype: float64}
# - {name: sdss_r, datatype: float64}
# - {name: sdss_u, datatype: float64}
# - {name: sdss_z, datatype: float64}
# - {name: ATLAS_c, datatype: float64}
# - {name: ATLAS_o, datatype: float64}
# - {name: ukirt_H, datatype: float64}
# - {name: ukirt_J, datatype: float64}
# - {name: ukirt_K, datatype: float64}
# - {name: Clear, datatype: float64}
# meta: !!omap
# - comment: [kappa = 0.5, type = rprocess, mass = 0.04162766037032262, velocity = 0.20233333333333337, theta_obs = 0.0, tfloor = 1000.0]
# schema: astropy-2.0
time PS1_g PS1_i PS1_r PS1_w PS1_y PS1_z swift_uvot_B swift_uvot_U swift_uvot_uvm2 swift_uvot_uvw1 swift_uvot_uvw2 swift_uvot_V johnson_B johnson_I johnson_R johnson_U johnson_V sdss_g sdss_i sdss_r sdss_u sdss_z ATLAS_c ATLAS_o ukirt_H ukirt_J ukirt_K Clear
[from data line 376]
22.665330661322646 7.876485262538377 -1.0053435506608999 2.46972722737695 0.5018034158729634 -4.528533599186169 -3.1108576343390304 11.416391839102864 18.075335936997785 31.963931241026952 14.040918469072334 16.553934975551986 5.836001955409162 10.212454522136674 -2.5588568570828505 0.41117590964214945 17.044334757746025 4.880979620240427 8.689025363852831 -0.9240875985479136 2.698215886873374 18.57644146717261 -3.684285246361032 4.4488037971195915 -0.003608727490203023 -9.477520977101646 -7.328031681611973 -10.837809657574835 -1.7840906278883928
22.725450901803605 7.88179072330248 -1.0000380898967975 2.4750326881410345 0.507108876637048 -4.523228138422066 -3.105552173574928 11.421697299866967 18.08064139776187 31.96923670179105 14.046223929836437 16.559240436316088 5.841307416173264 10.217759982900777 -2.553551396318748 0.41648137040625177 17.049640218510127 4.8862850810045115 8.694330824616916 -0.9187821377838112 2.7035213476374764 18.581746927936695 -3.6789797855969297 4.454109257883676 0.001696733273899298 -9.472215516337561 -7.322726220847871 -10.832504196810733 -1.7787851671242905
22.785571142284567 7.887082852855247 -0.9947459603440301 2.480324817693802 0.5124010061898332 -4.517936008869299 -3.1002600440221606 11.426989429419734 18.085933527314655 31.974528831343815 14.051516059389204 16.564532565868856 5.846599545726032 10.223052112453544 -2.5482592667659807 0.42177349995901925 17.054932348062895 4.891577210557279 8.699622954169683 -0.9134900082310438 2.708813477190244 18.587039057489463 -3.6736876560441623 4.4594013874364435 0.006988862826666775 -9.466923386784794 -7.3174340912951035 -10.827212067257966 -1.773493037571523
22.84569138276553 7.892361721116092 -0.9894670920832027 2.485603685954647 0.5176798744506605 -4.512657140608454 -3.0949811757613332 11.432268297680562 18.091212395575482 31.97980769960466 14.05679492765005 16.5698114341297 5.851878413986877 10.228330980714372 -2.5429803985051356 0.4270523682198466 17.06021121632374 4.896856078818124 8.704901822430529 -0.9082111399701986 2.714092345451089 18.592317925750308 -3.668408787783317 4.464680255697289 0.01226773108751189 -9.461644518523949 -7.312155223034258 -10.82193319899712 -1.7682141693106779
22.905811623246493 7.897627393899764 -0.9842014192995308 2.490869358738319 0.5229455472343325 -4.507391467824782 -3.0897155029776613 11.437533970464234 18.096478068359154 31.985073372388324 14.062060600433703 16.575077106913355 5.857144086770549 10.233596653498044 -2.5377147257214814 0.43231804100351856 17.065476889107412 4.902121751601796 8.7101674952142 -0.9029454671865267 2.719358018234743 18.59758359853398 -3.663143114999645 4.469945928480961 0.01753340387118385 -9.456378845740277 -7.306889550250586 -10.816667526213449 -1.762948496527006
22.965931863727455 7.902879940378078 -0.9789488728211992 2.4961219052166506 0.528198093712664 -4.502138921346468 -3.0844629564993298 11.442786516942565 18.101730614837486 31.990325918866656 14.067313146912035 16.580329653391686 5.862396633248863 10.238849199976375 -2.53246217924315 0.43757058748185007 17.070729435585744 4.907374298080128 8.715420041692532 -0.8976929207082129 2.7246105647130747 18.60283614501231 -3.6578905685213314 4.475198474959292 0.022785950349497597 -9.451126299261945 -7.301637003772255 -10.811414979735135 -1.7576959500486922
23.026052104208414 7.908119427654139 -0.9737093855451562 2.5013613924926936 0.5334375809887071 -4.496899434070407 -3.0792234692232867 11.448026004218608 18.10697010211353 31.995565406142706 14.072552634188096 16.58556914066773 5.8676361205249234 10.244088687252418 -2.527222691967107 0.44281007475789314 17.075968922861787 4.912613785356171 8.720659528968575 -0.8924534334321521 2.7298500519891356 18.608075632288354 -3.6526510812452706 4.480437962235335 0.028025437625558425 -9.445886811985902 -7.296397516496212 -10.806175492459074 -1.7524564627726313
23.086172344689377 7.913345922223645 -0.9684828909756327 2.5065878870621994 0.5386640755582128 -4.491672939500901 -3.073996974653763 11.453252498788132 18.112196596683034 32.000791900712215 14.077779128757602 16.590795635237253 5.872862615094429 10.249315181821924 -2.5219961973975833 0.4480365693273989 17.081195417431292 4.917840279925676 8.72588602353808 -0.8872269388626464 2.7350765465586413 18.61330212685786 -3.647424586675765 4.485664456804841 0.03325193219506417 -9.440660317416397 -7.291171021926706 -10.800948997889568 -1.7472299682031256
23.14629258517034 7.918559491087382 -0.9632693221118949 2.511801455925937 0.5438776444219506 -4.486459370637164 -3.0687834057900254 11.45846606765187 18.117410165546772 32.00600546957595 14.08299269762134 16.59600920410099 5.878076183958167 10.25452875068568 -2.5167826285338455 0.4532501381911367 17.08640898629503 4.923053848789414 8.731099592401819 -0.8820133699989086 2.740290115422379 18.618515695721598 -3.642211017812027 4.490878025668579 0.038465501058801976 -9.435446748552659 -7.285957453062968 -10.79573542902583 -1.7420163993393878
23.206412825651302 7.923760201811714 -0.9580686113875636 2.5170021666502684 0.5490783551462819 -4.481258659912832 -3.063582695065694 11.4636667783762 18.122610876271104 32.011206180300285 14.08819340834567 16.601209914825322 5.883276894682498 10.25972946141001 -2.5115819178095142 0.4584508489154857 17.09160969701936 4.9282545595137455 8.73630030312615 -0.8768126592745773 2.7454908261467104 18.62371640644593 -3.637010307087696 4.49607873639291 0.043666211783133235 -9.430246037828327 -7.280756742338637 -10.7905347183015 -1.7368156886150565
23.266533066132265 7.928948121423183 -0.9528806917761123 2.5221900862617375 0.5542662747577509 -4.476070740301363 -3.058394775454243 11.468854697987652 18.127798795882573 32.01639409991176 14.09338132795714 16.60639783443679 5.888464814293967 10.264917381021462 -2.506393998198045 0.463638768526937 17.09679761663083 4.9334424791252145 8.741488222737619 -0.8716247396631083 2.7506787457581794 18.6289043260574 -3.6318223874762268 4.501266656004379 0.04885413139460226 -9.425058118216858 -7.275568822727168 -10.78534679869003 -1.7316277690035875
23.326653306613224 7.934123313563166 -0.9477054996361112 2.5273652784017386 0.5594414668977521 -4.470895548161362 -3.0532195833142417 11.474029890127653 18.132973988022574 32.021569292051744 14.098556520097123 16.611573026576774 5.8936400064339685 10.270092573161463 -2.501218806058062 0.46881396066693815 17.10197280877083 4.938617671265216 8.74666341487762 -0.8664495475231071 2.755853937898163 18.6340795181974 -3.6266471953362256 4.50644184814438 0.05402932353458567 -9.419882926076857 -7.270393630587167 -10.780171606550029 -1.7264525768635863
23.386773547094187 7.939285841699348 -0.9425429714999289 2.532527806537903 0.5646039950339343 -4.465733020025198 -3.0480570551780595 11.479192418263835 18.138136516158756 32.02673182018792 14.103719048233305 16.616735554712957 5.898802534570133 10.275255101297645 -2.4960562779218796 0.4739764888031204 17.107135336906996 4.94378019940138 8.751825943013785 -0.8612870193869426 2.761016466034345 18.63924204633358 -3.621484667200061 4.511604376280562 0.0591918516707679 -9.414720397940693 -7.265231102451002 -10.775009078413865 -1.7212900487274219
23.44689378757515 7.944435771279217 -0.9373930419200605 2.5376777361177894 0.5697539246138028 -4.460583090445329 -3.042907125598191 11.484342347843704 18.143286445738624 32.0318817497678 14.108868977813174 16.621885484292825 5.903952464150001 10.280405030877514 -2.490906348342011 0.47912641838298886 17.112285266486882 4.948930128981266 8.75697587259367 -0.8561370898070741 2.7661663956142135 18.64439197591345 -3.6163347376201926 4.516754305860431 0.06434178125063639 -9.409570468360807 -7.260081172871116 -10.769859148833996 -1.7161401191475534
23.507014028056112 7.949573164160437 -0.9322556490388401 2.542815128998992 0.5748913174950232 -4.455445697564109 -3.0377697327169706 11.489479740724924 18.148423838619845 32.037019142649015 14.114006370694394 16.627022877174046 5.909089857031222 10.285542423758734 -2.4857689554607907 0.48426381126420925 17.117422659368085 4.954067521862469 8.762113265474891 -0.8509996969258538 2.771303788495434 18.64952936879467 -3.6111973447389722 4.521891698741651 0.06947917413185678 -9.404433075479604 -7.2549437799899135 -10.764721755952776 -1.711002726266333
23.567134268537075 7.954698085356178 -0.9271307278430996 2.5479400501947325 0.5800162386907637 -4.450320776368368 -3.03264481152123 11.494604661920665 18.153548759815585 32.04214406384476 14.119131291890135 16.632147798369786 5.914214778226962 10.290667344954475 -2.48064403426505 0.48938873245994974 17.122547580563825 4.9591924430582095 8.767238186670632 -0.8458747757301133 2.7764287096911744 18.65465428999041 -3.6060724235432318 4.527016619937392 0.07460409532759726 -9.399308154283863 -7.249818858794173 -10.759596834757035 -1.7058778050705925
23.627254509018034 7.959810597438324 -0.9220182157609536 2.5530525622768963 0.5851287507729097 -4.4452082642862045 -3.027532299439084 11.49971717400281 18.15866127189773 32.0472565759269 14.12424380397228 16.637260310451932 5.919327290309126 10.29577985703662 -2.475531522182904 0.49450124454209576 17.12766009264599 4.964304955140373 8.772350698752778 -0.8407622636479672 2.7815412217733204 18.659766802072557 -3.600959911461068 4.532129132019538 0.07971660740974329 -9.3941956422017 -7.244706346712009 -10.754484322674871 -1.7007652929884287
23.687374749498996 7.964910763991355 -0.9169180492079221 2.5581527288299277 0.5902289173259412 -4.440108097733191 -3.0224321328860526 11.504817340555842 18.163761438450763 32.05235674247994 14.129343970525312 16.642360477004964 5.92442745686214 10.300880023589652 -2.4704313556298727 0.49960141109512723 17.13276025919902 4.969405121693405 8.77745086530581 -0.8356620970949358 2.786641388326352 18.66486696862559 -3.5958597449080543 4.537229298572569 0.08481677396277476 -9.389095475648668 -7.239606180158978 -10.749384156121858 -1.695665126435415
23.74749498997996 7.969998647772432 -0.9118301654268635 2.5632406126109863 0.5953168011069998 -4.435020213952114 -3.017344249104994 11.5099052243369 18.16884932223182 32.057444626260995 14.13443185430637 16.647448360786022 5.929515340643216 10.305967907370711 -2.465343471848814 0.5046892948761859 17.13784814298008 4.974493005474463 8.782538749086868 -0.8305742133138594 2.7917292721074105 18.669954852406647 -3.590771861126978 4.542317182353628 0.08990465774385115 -9.38400759186761 -7.234518296377919 -10.744296272340781 -1.6905772426543386
23.80761523046092 7.9750743077701 -0.906754505429177 2.568316272608655 0.6003924611046685 -4.429944553954446 -3.0122685891073075 11.514980884334587 18.17392498222949 32.06252028625867 14.139507514304057 16.65252402078371 5.934591000640885 10.31104356736838 -2.4602678118511276 0.5097649548738545 17.142923802977748 4.979568665472132 8.787614409084537 -0.8254985533161907 2.796804932105097 18.675030512404316 -3.585696201129309 4.547392842351297 0.09498031774151983 -9.378931931869941 -7.22944263638025 -10.739220612343113 -1.68550158265667
23.867735470941884 7.980137806338856 -0.9016910068604211 2.573379771177411 0.6054559596734244 -4.42488105538569 -3.0072050905385517 11.520044382903343 18.178988480798246 32.06758378482743 14.144571012872813 16.657587519352465 5.939654499209641 10.316107065937153 -2.4552043132823718 0.5148284534426282 17.147987301546504 4.984632164040888 8.792677907653292 -0.8204350547474348 2.801868430673853 18.68009401097307 -3.5806327025605533 4.5524563409200525 0.1000438163102757 -9.373868433301185 -7.2243791378114945 -10.734157113774357 -1.680438084087914
23.927855711422843 7.985189203418397 -0.8966396097808982 2.5784311682569516 0.6105073567529651 -4.419829658306149 -3.0021536934590287 11.525095779982866 18.184039877877787 32.07263518190697 14.149622409952354 16.662638916431987 5.9447058962891814 10.321158463016676 -2.450152916202849 0.5198798505221511 17.153038698626045 4.989683561120429 8.797729304732833 -0.8153836576678941 2.8069198277533935 18.685145408052612 -3.5755813054810126 4.557507737999593 0.10509521338981642 -9.368817036221644 -7.219327740731954 -10.729105716694816 -1.6753866870083733
23.987975951903806 7.990228558555685 -0.8916002546435919 2.58347052339424 0.6155467118902536 -4.414790303168861 -2.9971143383217225 11.530135135120172 18.189079233015075 32.07767453704425 14.154661765089642 16.667678271569294 5.94974525142647 10.326197818153982 -2.4451135610655426 0.5249192056594396 17.158078053763333 4.994722916257717 8.802768659870122 -0.8103443025306056 2.811959182890682 18.6901847631899 -3.570541950343724 4.562547093136882 0.1101345685271049 -9.363777681084356 -7.214288385594665 -10.724066361557528 -1.6703473318710849
24.04809619238477 7.995255929879033 -0.8865728833202624 2.5884978947175874 0.6205740832136009 -4.409762931845513 -2.992086966998393 11.535162506443502 18.194106604338423 32.082701908367596 14.159689136412972 16.672705642892623 5.954772622749817 10.331225189477312 -2.440086189742213 0.5299465769827869 17.16310542508668 4.999750287581064 8.807796031193469 -0.8053169312072583 2.8169865542140116 18.69521213451325 -3.565514579020377 4.567574464460229 0.1151619398504522 -9.358750309761009 -7.209261014271318 -10.71903899023418 -1.6653199605477376
24.10821643286573 8.000271380433066 -0.8815574327662112 2.593513345271621 0.625589533767652 -4.40474748129148 -2.9870715164443418 11.540177956997553 18.199122054892474 32.08771735892164 14.164704586967023 16.677721093446674 5.959788073303851 10.336240640031363 -2.435070739188162 0.5349620275368381 17.168120875640714 5.004765738135098 8.812811481747502 -0.8003014806532249 2.8220020047680627 18.7002275850673 -3.5604991284663434 4.572589915014262 0.1201773904044856 -9.353734859206975 -7.204245563717285 -10.714023539680147 -1.6603045099937042
24.168336673346694 8.005274968696341 -0.8765538445029364 2.5985169335348957 0.6305931220309091 -4.399743893028205 -2.982067928181067 11.545181545260828 18.20412564315573 32.09272094718491 14.169708175230298 16.68272468170995 5.9647916615671255 10.34124422829462 -2.430067150924887 0.5399656158000952 17.17312446390399 5.009769326398373 8.817815070010777 -0.7952978923899501 2.8270055930313376 18.705231173330557 -3.5554955402030686 4.577593503277537 0.12518097866776046 -9.3487312709437 -7.19924197545401 -10.709019951416872 -1.6553009217304293
24.228456913827653 8.010266751674582 -0.8715620615246955 2.6035087165131543 0.6355849050091678 -4.394752110049964 -2.977076145202826 11.550173328239069 18.20911742613399 32.09771273016316 14.174699958208539 16.68771646468819 5.969783444545366 10.346236011272879 -2.425075367946646 0.5449573987783538 17.17811624688223 5.014761109376631 8.822806852989036 -0.7903061094117092 2.8319973760095785 18.710222956308815 -3.5505037572248277 4.582585286255796 0.13017276164600133 -9.343739487965442 -7.194250192475751 -10.704028168438631 -1.6503091387521884
24.288577154308616 8.015246789713562 -0.8665820234857158 2.6084887545521163 0.6405649430481297 -4.3897720720109845 -2.9720961071638463 11.555153366278049 18.21409746417295 32.10269276820213 14.179679996247518 16.69269650272717 5.974763482584346 10.35121604931184 -2.4200953299076664 0.5499374368173158 17.18309628492121 5.019741147415593 8.827786891027998 -0.7853260713727295 2.836977414048558 18.715202994347777 -3.545523719185848 4.587565324294758 0.13515279968498106 -9.33875944992648 -7.189270154436789 -10.699048130399651 -1.6453291007132087
