web/models/kne/6/mosfit_kn_0.014776_0.1083_3.6500.dat
# %ECSV 1.0
# ---
# datatype:
# - {name: time, datatype: float64}
# - {name: PS1_g, datatype: float64}
# - {name: PS1_i, datatype: float64}
# - {name: PS1_r, datatype: float64}
# - {name: PS1_w, datatype: float64}
# - {name: PS1_y, datatype: float64}
# - {name: PS1_z, datatype: float64}
# - {name: swift_uvot_B, datatype: float64}
# - {name: swift_uvot_U, datatype: float64}
# - {name: swift_uvot_uvm2, datatype: float64}
# - {name: swift_uvot_uvw1, datatype: float64}
# - {name: swift_uvot_uvw2, datatype: float64}
# - {name: swift_uvot_V, datatype: float64}
# - {name: johnson_B, datatype: float64}
# - {name: johnson_I, datatype: float64}
# - {name: johnson_R, datatype: float64}
# - {name: johnson_U, datatype: float64}
# - {name: johnson_V, datatype: float64}
# - {name: sdss_g, datatype: float64}
# - {name: sdss_i, datatype: float64}
# - {name: sdss_r, datatype: float64}
# - {name: sdss_u, datatype: float64}
# - {name: sdss_z, datatype: float64}
# - {name: ATLAS_c, datatype: float64}
# - {name: ATLAS_o, datatype: float64}
# - {name: ukirt_H, datatype: float64}
# - {name: ukirt_J, datatype: float64}
# - {name: ukirt_K, datatype: float64}
# - {name: Clear, datatype: float64}
# meta: !!omap
# - comment: [kappa = 3.65, type = rprocess, mass = 0.014775890654408853, velocity = 0.10833333333333334, theta_obs = 0.0, tfloor = 1000.0]
# schema: astropy-2.0
time PS1_g PS1_i PS1_r PS1_w PS1_y PS1_z swift_uvot_B swift_uvot_U swift_uvot_uvm2 swift_uvot_uvw1 swift_uvot_uvw2 swift_uvot_V johnson_B johnson_I johnson_R johnson_U johnson_V sdss_g sdss_i sdss_r sdss_u sdss_z ATLAS_c ATLAS_o ukirt_H ukirt_J ukirt_K Clear
[from data line 406]
24.468937875751504 8.827253891703926 -0.0545749214953517 3.4204958565424803 1.4525720450384938 -3.5777649700206204 -2.1600890051734822 12.367160468268413 19.026104566163315 32.9146998701925 14.991687098237882 17.504703604717534 6.78677058457471 11.163223151302223 -1.6080882279173023 1.3619445388076976 17.995103386911573 5.831748249405957 9.639793993018362 0.026681030617634605 3.6489845160389223 19.52721009633814 -2.733516617195484 5.399572426285122 0.9471599016753451 -8.526752347936116 -6.377263052446425 -9.887041028409287 -0.8333219987228446
24.529058116232463 8.831879107302552 -0.049949705896743524 3.4251210721411063 1.4571972606371197 -3.5731397544219945 -2.155463789574874 12.37178568386702 19.03072978176194 32.91932508579112 14.996312313836508 17.509328820316142 6.791395800173336 11.16784836690083 -1.6034630123186941 1.3665697544063058 17.9997286025102 5.836373465004583 9.644419208616988 0.03130624621626055 3.653609731637548 19.531835311936767 -2.728891401596858 5.404197641883748 0.9517851172739711 -8.52212713233749 -6.372637836847799 -9.882415812810661 -0.8286967831242187
24.589178356713425 8.83649262454119 -0.04533618865810496 3.429734589379745 1.4618107778757583 -3.568526237183356 -2.1508502723362355 12.37639920110566 19.03534329900058 32.92393860302976 15.000925831075147 17.51394233755478 6.796009317411975 11.17246188413947 -1.5988494950800556 1.3711832716449444 18.004342119748838 5.840986982243222 9.649032725855626 0.03591976345489911 3.6582232488761868 19.536448829175406 -2.7242778843582194 5.408811159122386 0.9563986345126096 -8.517513615098851 -6.368024319609161 -9.877802295572023 -0.8240832658855801
24.649298597194388 8.841094511046172 -0.04073430215312257 3.4343364758847272 1.4664126643807407 -3.5639243506783735 -2.146248385831253 12.381001087610642 19.039945185505562 32.92854048953475 15.00552771758013 17.518544224059763 6.800611203916957 11.177063770644452 -1.5942476085750732 1.3757851581499267 18.00894400625382 5.845588868748204 9.653634612360609 0.0405216499598815 3.662825135381169 19.541050715680388 -2.719675997853237 5.413413045627369 0.961000521017592 -8.512911728593869 -6.363422433104178 -9.87320040906704 -0.8194813793805977
24.70941883767535 8.845684832966327 -0.03614398023296772 3.438926797804882 1.4710029863008955 -3.5593340287582187 -2.1416580639110983 12.385591409530797 19.044535507425717 32.933130811454895 15.010118039500284 17.523134545979936 6.805201525837112 11.181654092564607 -1.5896572866549006 1.3803754800700816 18.013534328173975 5.850179190668359 9.658224934280764 0.04511197188003635 3.667415457301324 19.545641037600543 -2.715085675933082 5.418003367547524 0.9655908429377469 -8.508321406673714 -6.358832111184023 -9.868610087146886 -0.8148910574604429
24.769539078156313 8.850263642652312 -0.03156517054698327 3.4435056074908665 1.47558179598688 -3.5547552190722342 -2.137079254225114 12.390170219216799 19.0491143171117 32.93770962114088 15.014696849186269 17.52771335566592 6.809780335523096 11.186232902250591 -1.5850784769689161 1.384954289756066 18.01811313785996 5.854758000354344 9.662803743966748 0.0496907815660208 3.6719942669873085 19.550219847286527 -2.7105068662470977 5.422582177233508 0.9701696526237313 -8.50374259698773 -6.354253301498039 -9.864031277460901 -0.8103122477744584
24.829659318637272 8.854830998168843 -0.02699781503043397 3.448072963007416 1.4801491515034293 -3.550187863555685 -2.1325118987085645 12.39473757473333 19.05368167262825 32.942276976657425 15.0192642047028 17.53228071118245 6.814347691039646 11.19080025776714 -1.5805111214523846 1.3895216452726153 18.02268049337651 5.859325355870893 9.667371099483297 0.05425813708255234 3.67656162250384 19.554787202803077 -2.7059395107305484 5.427149532750057 0.9747370081402629 -8.49917524147118 -6.34968594598149 -9.859463921944352 -0.8057448922579091
24.889779559118235 8.859386978574246 -0.02244183462503102 3.452628943412801 1.4847051319088145 -3.5456318831502998 -2.1279559183031616 12.399293555138733 19.058237653033636 32.94683295706282 15.023820185108203 17.536836691587855 6.818903671445031 11.195356238172526 -1.5759551410469816 1.3940776256780005 18.027236473781894 5.863881336276278 9.671927079888682 0.058814117487955286 3.681117602909243 19.559343183208462 -2.701383530325163 5.431705513155443 0.9792929885456658 -8.494619261065795 -6.345129965576104 -9.854907941538967 -0.8011889118525239
24.949899799599198 8.86393164379287 -0.017897169406406732 3.4571736086314253 1.4892497971274388 -3.5410872179316755 -2.1234112530845373 12.403838220357358 19.06278231825226 32.95137762228144 15.028364850326827 17.54138135680648 6.823448336663655 11.199900903391168 -1.5714104758283574 1.3986222908966248 18.03178113900052 5.868426001494902 9.676471745107307 0.06335878270657958 3.6856622681278672 19.563887848427086 -2.696838865106539 5.436250178374067 0.9838376537642901 -8.49007459584717 -6.34058530035748 -9.850363276320342 -0.7966442466338997
25.01002004008016 8.868465045631098 -0.013363767568179696 3.46170701046967 1.4937831989656836 -3.5365538160934307 -2.1188778512463102 12.408371622195585 19.067315720090505 32.95591102411968 15.032898252165054 17.545914758644706 6.8279817385019 11.204434305229395 -1.5668770739901303 1.4031556927348696 18.036314540838763 5.872959403333147 9.681005146945552 0.06789218454480661 3.6901956699660943 19.56842125026533 -2.692305463268312 5.440783580212312 0.9883710556025171 -8.485541194008926 -6.336051898519235 -9.845829874482115 -0.7921108447956549
25.07014028056112 8.872987245751496 -0.008841567447781529 3.4662292105900505 1.498305399086064 -3.5320316159730503 -2.114355651125912 12.412893822315983 19.071837920210886 32.96043322424007 15.037420452285453 17.550436958765104 6.83250393862228 11.208956505349793 -1.5623548738697322 1.4076778928552678 18.040836740959143 5.8774816034535275 9.685527347065932 0.07241438466520478 3.6947178700864924 19.57294345038571 -2.6877832631479137 5.445305780332692 0.9928932557229153 -8.481018993888545 -6.331529698398855 -9.841307674361717 -0.7875886446752745
25.130260521042082 8.877498304011038 -0.0043305091882395175 3.4707402688495925 1.5028164573456237 -3.5275205577135083 -2.10984459286637 12.417404880575525 19.076348978470445 32.964944282499616 15.041931510544995 17.554948017024646 6.837014996881822 11.213467563609335 -1.5578438156101901 1.4121889511148098 18.045347799218685 5.88199266171307 9.690038405325492 0.07692544292474679 3.6992289283460345 19.57745450864527 -2.6832722048883717 5.449816838592252 0.9974043139824573 -8.476507935629003 -6.327018640139313 -9.836796616102175 -0.7830775864157324
25.190380761523045 8.881998280033194 0.0001694668339169425 3.4752402448717667 1.5073164333677802 -3.523020581691334 -2.1053446168442136 12.421904856597681 19.080848954492602 32.969444258521776 15.046431486567151 17.559447993046803 6.841514972903997 11.217967539631491 -1.5533438395880337 1.4166889271369663 18.04984777524086 5.886492637735244 9.694538381347648 0.08142541894690325 3.703728904368191 19.581954484667428 -2.6787722288662152 5.454316814614408 1.0019042900046138 -8.47200795960683 -6.322518664117139 -9.832296640080019 -0.778577610393576
25.250501002004007 8.886487414437081 0.004658601237803595 3.4797293792756534 1.5118055677716669 -3.5185314472874474 -2.100855482440327 12.426393991001568 19.08533808889649 32.97393339292566 15.050920620971038 17.56393712745069 6.846004107307883 11.222456674035378 -1.548854705184147 1.421178061540853 18.054336909644746 5.89098177213913 9.699027515751535 0.0859145533507899 3.7082180387720776 19.586443619071314 -2.674283094462311 5.458805949018295 1.0063934244085004 -8.467518825202943 -6.318029529713252 -9.827807505676114 -0.7740884759896716
25.31062124248497 8.890965364738399 0.009136551539103976 3.484207329576954 1.5162835180729672 -3.514053496986147 -2.0963775321390266 12.430871941302868 19.08981603919779 32.97841134322697 15.055398571272356 17.56841507775199 6.850482057609184 11.226934624336678 -1.5443767548828466 1.4256560118421533 18.058814859946047 5.895459722440431 9.703505466052835 0.09039250365210805 3.7126959890733957 19.590921569372615 -2.6698051441610104 5.463283899319595 1.0108713747098186 -8.463040874901642 -6.313551579411952 -9.823329555374814 -0.7696105256883712
25.37074148296593 8.895432417303244 0.01360360410396666 3.4886743821418165 1.52075057063783 -3.509586444421302 -2.091910479574164 12.435338993867731 19.09428309176265 32.98287839579182 15.0598656238372 17.572882130316852 6.8549491101740285 11.231401676901541 -1.539909702317984 1.430123064407016 18.06328191251091 5.8999267750052935 9.707972518617698 0.09485955621695297 3.7171630416382406 19.595388621937477 -2.6653380915961655 5.467750951884458 1.0153384272746635 -8.45857382233678 -6.309084526847089 -9.818862502809969 -0.7651434731235263
25.430861723446892 8.899888620965317 0.01805980776603988 3.493130585803872 1.5252067742999031 -3.505130240759229 -2.0874542759120907 12.439795197529804 19.098739295424725 32.987334599453895 15.064321827499274 17.577338333978926 6.859405313836102 11.235857880563614 -1.5354534986559107 1.4345792680690892 18.067738116172965 5.904382978667349 9.712428722279771 0.09931575987902619 3.721619245300314 19.59984482559955 -2.6608818879340923 5.472207155546531 1.0197946309367367 -8.454117618674724 -6.3046283231850335 -9.814406299147896 -0.760687269461453
25.490981963927855 8.904334030698973 0.022505217499695362 3.497575995537545 1.5296521840335586 -3.5006848310255556 -2.083008866178435 12.44424060726346 19.10318470515838 32.99178000918755 15.06876723723293 17.58178374371258 6.863850723569775 11.24030329029727 -1.5310080889222553 1.4390246778027447 18.072183525906638 5.908828388401022 9.716874132013427 0.10376116961268167 3.7260646550339693 19.604290235333206 -2.656436478200437 5.476652565280187 1.0242400406703922 -8.44967220894105 -6.30018291345136 -9.80996088941424 -0.7562418597277798
25.551102204408817 8.90876870261673 0.02693988941745218 3.502010667455284 1.5340868559513154 -3.4962501591078166 -2.0785741942606784 12.448675279181217 19.107619377076137 32.99621468110531 15.073201909150686 17.586218415630338 6.868285395487514 11.244737962215027 -1.5265734170044984 1.4434593497205015 18.076618197824377 5.913263060318761 9.721308803931183 0.10819584153043849 3.730499326951726 19.608724907250963 -2.65200180628268 5.4810872371979436 1.028674712588149 -8.445237537023312 -6.295748241533621 -9.805526217496483 -0.7518071878100407
25.61122244488978 8.913192695025991 0.03136388182671368 3.5064346598645457 1.5385108483605592 -3.491826166698555 -2.074150201851417 12.453099271590478 19.11204336948538 33.000638673514565 15.077625901559948 17.5906424080396 6.8727093878967755 11.249161954624288 -1.522149424595237 1.447883342129763 18.08104219023364 5.917687052728023 9.725732796340427 0.11261983393969999 3.7349233193609876 19.613148899660207 -2.6475778138734185 5.485511229607187 1.0330987049974105 -8.44081354461405 -6.29132424912436 -9.801102225087222 -0.7473831954007792
25.67134268537074 8.917606051239098 0.03577723803982025 3.5108480160776523 1.5429242045736835 -3.4874128104854485 -2.0697368456383103 12.457512627803585 19.116456725698505 33.00505202972768 15.082039257773054 17.595055764252706 6.877122744109882 11.253575310837395 -1.5177360683821304 1.4522966983428696 18.085455546446745 5.922100408941129 9.730146152553552 0.11703319015280655 3.739336675574094 19.61756225587333 -2.643164457660312 5.489924585820312 1.037512061210517 -8.436400188400944 -6.286910892911253 -9.796688868874115 -0.7429698391876727
25.7314629258517 8.922008831169421 0.04018001797014392 3.5152507960079937 1.5473269845040072 -3.483010030555107 -2.0653340657079866 12.461915407733908 19.12085950562883 33.009454809658 15.086442037703378 17.59945854418303 6.8815255240402236 11.257978090767718 -1.5133332884518067 1.4566994782731932 18.089858326377087 5.926503188871471 9.734548932483875 0.12143597008314799 3.743739455504418 19.621965035803655 -2.6387616777299705 5.494327365750635 1.0419148411408408 -8.431997408470602 -6.282508112980912 -9.792286088943774 -0.7385670592573312
25.791583166332664 8.926401097431604 0.0445722842323093 3.519643062270159 1.5517192507661726 -3.4786177642929417 -2.0609417994458212 12.466307673996074 19.125251771890994 33.01384707592017 15.090834303965543 17.603850810445195 6.885917790302389 11.262370357029884 -1.5089410221896413 1.4610917445353586 18.094250592639252 5.930895455133636 9.73894119874604 0.12582823634531337 3.7481317217665833 19.62635730206582 -2.634369411467805 5.498719632012801 1.046307107403024 -8.427605142208437 -6.278115846718746 -9.787893822681609 -0.7341747929951659
25.851703406813627 8.930782903553744 0.04895409035444942 3.5240248683922992 1.5561010568883127 -3.4742359581708016 -2.056559993323681 12.470689480118214 19.129633578013134 33.018228882042315 15.095216110087701 17.608232616567353 6.890299596424529 11.266752163152024 -1.5045592160675012 1.4654735506574987 18.098632398761392 5.935277261255776 9.74332300486818 0.1302100424674535 3.752513527888741 19.63073910818796 -2.629987605345665 5.503101438134941 1.050688913525164 -8.423223336086297 -6.273734040596606 -9.783512016559468 -0.7297929868730257
25.91182364729459 8.93515429771444 0.053325484515145405 3.528396262552995 1.5604724510490087 -3.4698645640101056 -2.052188599162985 12.47506087427891 19.13400497217383 33.022600276203015 15.099587504248397 17.61260401072805 6.894670990585225 11.27112355731272 -1.5001878219067875 1.4698449448181947 18.103003792922088 5.939648655416472 9.747694399028877 0.13458143662814948 3.756884922049437 19.635110502348656 -2.625616211184969 5.507472832295637 1.05506030768586 -8.4188519419256 -6.26936264643591 -9.779140622398772 -0.7254215927123298
25.97194388777555 8.939515335715349 0.05768652251607165 3.5327573005539215 1.564833489049935 -3.4655035260091793 -2.047827561162059 12.479421912279836 19.138366010174757 33.02696131420393 15.103948542249306 17.616965048728957 6.899032028586151 11.275484595313646 -1.495826783905879 1.474205982819121 18.107364830923014 5.9440096934173985 9.752055437029803 0.13894247462907572 3.7612459600503456 19.639471540349582 -2.6212551731840428 5.511833870296563 1.0594213456867685 -8.414490903924674 -6.265001608434984 -9.774779584397846 -0.7210605547114035
26.03206412825651 8.943866066543134 0.062037253343856236 3.5371080313816883 1.5691842198777017 -3.4611527951814125 -2.0434768303342743 12.48377264310762 19.142716741002523 33.031312045031704 15.10829927307709 17.621315779556742 6.903382759413918 11.279835326141413 -1.4914760530780944 1.4785567136468878 18.11171556175078 5.948360424245165 9.75640616785757 0.14329320545684254 3.76559669087813 19.64382227117735 -2.616904442356276 5.51618460112433 1.063772076514553 -8.410140173096908 -6.260650877607217 -9.77042885357008 -0.7167098238836367
26.092184368737474 8.948206543789023 0.06637773058974616 3.541448508627596 1.5735246971236094 -3.4568123179355226 -2.0391363530883844 12.48811312035351 19.14705721824843 33.0356525222776 15.11263975032298 17.625656256802632 6.907723236659808 11.28417580338732 -1.4871355758322045 1.4828971908927955 18.11605603899667 5.952700901491073 9.760746645103477 0.14763368270273247 3.76993716812402 19.648162748423257 -2.612563965110386 5.5205250783702375 1.068112553760443 -8.405799695851 -6.256310400361327 -9.76608837632419 -0.7123693466377468
