web/models/kne/6/mosfit_kn_0.003466_0.3433_3.6500.dat
# %ECSV 1.0
# ---
# datatype:
# - {name: time, datatype: float64}
# - {name: PS1_g, datatype: float64}
# - {name: PS1_i, datatype: float64}
# - {name: PS1_r, datatype: float64}
# - {name: PS1_w, datatype: float64}
# - {name: PS1_y, datatype: float64}
# - {name: PS1_z, datatype: float64}
# - {name: swift_uvot_B, datatype: float64}
# - {name: swift_uvot_U, datatype: float64}
# - {name: swift_uvot_uvm2, datatype: float64}
# - {name: swift_uvot_uvw1, datatype: float64}
# - {name: swift_uvot_uvw2, datatype: float64}
# - {name: swift_uvot_V, datatype: float64}
# - {name: johnson_B, datatype: float64}
# - {name: johnson_I, datatype: float64}
# - {name: johnson_R, datatype: float64}
# - {name: johnson_U, datatype: float64}
# - {name: johnson_V, datatype: float64}
# - {name: sdss_g, datatype: float64}
# - {name: sdss_i, datatype: float64}
# - {name: sdss_r, datatype: float64}
# - {name: sdss_u, datatype: float64}
# - {name: sdss_z, datatype: float64}
# - {name: ATLAS_c, datatype: float64}
# - {name: ATLAS_o, datatype: float64}
# - {name: ukirt_H, datatype: float64}
# - {name: ukirt_J, datatype: float64}
# - {name: ukirt_K, datatype: float64}
# - {name: Clear, datatype: float64}
# meta: !!omap
# - comment: [kappa = 3.65, type = rprocess, mass = 0.003465724215782086, velocity = 0.3433333333333334, theta_obs = 0.0, tfloor = 1000.0]
# schema: astropy-2.0
time PS1_g PS1_i PS1_r PS1_w PS1_y PS1_z swift_uvot_B swift_uvot_U swift_uvot_uvm2 swift_uvot_uvw1 swift_uvot_uvw2 swift_uvot_V johnson_B johnson_I johnson_R johnson_U johnson_V sdss_g sdss_i sdss_r sdss_u sdss_z ATLAS_c ATLAS_o ukirt_H ukirt_J ukirt_K Clear
[from data line 116]
7.034068136272545 10.206129635284285 1.3243008220850072 4.799371600122857 2.8314477886188705 -2.1988892264402615 -0.7812132615931233 13.746036211848772 20.404980309743692 34.293575613772866 16.37056284181824 18.883579348297893 8.16564632815507 12.542098894882582 -0.2292124843369434 2.7408202823880563 19.37397913049195 7.210623992986334 11.018669736598738 1.4055567741979935 5.027860259619281 20.906085839918518 -1.354640873615125 6.778448169865499 2.326035645255704 -7.14787660435574 -4.998387308866048 -8.508165284828928 0.5455537448575143
7.0941883767535066 10.230194907546704 1.3483660943474263 4.823436872385258 2.8555130608812895 -2.1748239541778425 -0.7571479893307043 13.77010148411119 20.429045582006104 34.31764088603527 16.39462811408066 18.907644620560312 8.189711600417489 12.566164167145 -0.20514721207452435 2.7648855546504754 19.39804440275435 7.234689265248735 11.04273500886114 1.4296220464604126 5.0519255318817 20.93015111218093 -1.330575601352706 6.8025134421279 2.350100917518123 -7.1238113320933385 -4.974322036603647 -8.48410001256651 0.5696190171199333
7.154308617234468 10.254121516883856 1.372292703684579 4.847363481722411 2.8794396702184244 -2.15089734484069 -0.7332213799935516 13.794028093448343 20.452972191343257 34.34156749537242 16.418554723417813 18.931571229897454 8.213638209754642 12.590090776482153 -0.18122060273737173 2.7888121639876102 19.421971012091504 7.258615874585888 11.066661618198292 1.4535486557975652 5.075852141218853 20.954077721518082 -1.3066489920155533 6.8264400514650525 2.3740275268552757 -7.099884722756186 -4.9503954272664945 -8.460173403229357 0.593545626457086
7.214428857715431 10.27791341952824 1.3960846063289623 4.871155384366794 2.9032315728628255 -2.1271054421963065 -0.7094294773491683 13.817819996092727 20.47676409398764 34.365359398016814 16.442346626062196 18.955363132541848 8.237430112399025 12.613882679126537 -0.15742870009298837 2.8126040666320113 19.445762914735894 7.282407777230271 11.090453520842676 1.4773405584419486 5.099644043863236 20.977869624162466 -1.28285708937117 6.850231954109454 2.397819429499659 -7.0760928201118025 -4.926603524622111 -8.436381500584973 0.6173375291014693
7.274549098196393 10.301574866589132 1.4197460533898543 4.894816831427704 2.9268930199237175 -2.1034439951353967 -0.6857680302882763 13.841481443153619 20.50042554104854 34.38902084507771 16.46600807312309 18.979024579602747 8.261091559459935 12.637544126187429 -0.13376725303209636 2.8362655136929034 19.46942436179679 7.306069224291181 11.114114967903586 1.5010020055028406 5.123305490924128 21.001531071223365 -1.259195642310278 6.873893401170346 2.421480876560551 -7.052431373050893 -4.902942077561201 -8.412720053524081 0.6409989761623791
7.3346693386773545 10.3251096256054 1.4432808124061047 4.9183515904439545 2.950427778939968 -2.0799092361191462 -0.6622332712720258 13.865016202169869 20.52396030006479 34.412555604093974 16.489542832139357 19.002559338618997 8.284626318476185 12.661078885203679 -0.1102324940158459 2.859800272709154 19.492959120813047 7.329603983307432 11.137649726919836 1.5245367645191088 5.1468402499403965 21.025065830239615 -1.2356608832940097 6.897428160186596 2.4450156355768193 -7.028896614034642 -4.879407318544951 -8.389185294507813 0.6645337351786296
7.394789579158316 10.34852143781995 1.4666926246206735 4.9417634026585056 2.9738395911545368 -2.0564974239045952 -0.638821459057457 13.888428014384438 20.547372112279348 34.43596741630852 16.512954644353908 19.02597115083356 8.308038130690736 12.684490697418248 -0.08682068180127711 2.8832120849237226 19.51637093302761 7.353015795521983 11.161061539134387 1.5479485767336598 5.1702520621549475 21.048477642454174 -1.2122490710794587 6.920839972401165 2.4684274477913704 -7.005484801820091 -4.8559955063304 -8.365773482293262 0.6879455473931806
7.454909819639278 10.371813882856724 1.4899850696574468 4.965055847695279 2.99713203619131 -2.033204978867822 -0.6155290140206837 13.911720459421211 20.57066455731612 34.459259861345295 16.53624708939068 19.049263595870332 8.33133057572751 12.707783142455021 -0.06352823676450381 2.906504529960496 19.539663378064382 7.376308240558756 11.18435398417116 1.5712410217704331 5.193544507191721 21.071770087490947 -1.1889566260426854 6.944132417437938 2.4917198928281437 -6.982192356783318 -4.832703061293627 -8.342481037256489 0.7112379924299539
7.51503006012024 10.394996615786738 1.5131678025874606 4.988238580625293 3.020314769121324 -2.010022245937808 -0.5923462810906699 13.934903192351225 20.59384729024614 34.48244259427532 16.559429822320695 19.072446328800346 8.354513308657523 12.730965875385035 -0.04034550383448998 2.9296872628905097 19.562846110994393 7.39949097348877 11.207536717101192 1.594423754700447 5.216727240121735 21.094952820420964 -1.1657738931126715 6.967315150367952 2.5149026257581575 -6.959009623853304 -4.809520328363613 -8.319298304326475 0.7344207253599677
7.575150300601202 10.41805767229226 1.536228859092983 5.011299637130815 3.0433758256268284 -1.9869611894322858 -0.5692852245851476 13.957964248856747 20.616908346751657 34.50550365078083 16.582490878826217 19.09550738530587 8.377574365163046 12.754026931890557 -0.017284447328967723 2.952748319396032 19.585907167499908 7.422552029994292 11.230597773606696 1.6174848112059692 5.239788296627257 21.118013876926483 -1.1427128366071493 6.9903762068734565 2.5379636822636797 -6.935948567347782 -4.7864592718580905 -8.296237247820953 0.75748178186549
7.635270541082164 10.441010235335213 1.5591814221359357 5.034252200173768 3.066328388669781 -1.964008626389333 -0.5463326615421948 13.9809168118997 20.639860909794614 34.52845621382378 16.60544344186917 19.11845994834881 8.400526928205998 12.776979494933492 0.005668115713985067 2.975700882438967 19.60885973054286 7.445504593037245 11.25355033664965 1.640437374248922 5.26274085967021 21.14096643996944 -1.1197602735641965 7.013328769916409 2.5609162453066325 -6.912996004304829 -4.763506708815138 -8.273284684778 0.7804343449084428
7.695390781563126 10.463856870574713 1.5820280573754353 5.057098835413285 3.0891750239092985 -1.9411619911498157 -0.5234860263026953 14.0037634471392 20.66270754503412 34.55130284906329 16.62829007710867 19.14130658358832 8.423373563445516 12.79982613017301 0.028514750953484658 2.9985475176784844 19.63170636578237 7.468351228276762 11.276396971889167 1.6632840094884216 5.285587494909709 21.163813075208946 -1.096913638324697 7.036175405155927 2.583762880546132 -6.890149369065312 -4.74066007357562 -8.2504380495385 0.8032809801479601
7.755511022044088 10.486600188087323 1.6047713748880277 5.0798421529258775 3.111918341421891 -1.9184186736372233 -0.5007427087901029 14.026506764651792 20.685450862546713 34.57404616657589 16.65103339462128 19.16404990110092 8.446116880958108 12.822569447685602 0.051258068466077056 3.0212908351910768 19.65444968329497 7.4910945457893545 11.299140289401759 1.6860273270010318 5.308330812422319 21.18655639272154 -1.0741703208120867 7.058918722668519 2.6065061980587423 -6.867406051552719 -4.717916756063028 -8.22769473202589 0.8260242976605525
7.8156312625250495 10.509242676074528 1.6274138628752333 5.102484640913083 3.1345608294090965 -1.8957761856500177 -0.47810022080289727 14.049149252639015 20.70809335053393 34.5966886545631 16.673675882608485 19.186692389088126 8.468759368945314 12.845211935672808 0.0739005564533004 3.0439333231782824 19.677092171282176 7.51373703377656 11.321782777388965 1.7086698149882373 5.330973300409525 21.209198880708744 -1.0515278328248812 7.081561210655725 2.629148686045948 -6.844763563565514 -4.695274268075822 -8.205052244038685 0.8486667856477581
7.875751503006012 10.53178698160238 1.6499581684031028 5.125028946440935 3.157105134936966 -1.873231880122166 -0.4555559152750277 14.071693558166867 20.73063765606178 34.61923296009095 16.696220188136337 19.20923669461599 8.491303674473166 12.867756241200677 0.09644486198115221 3.066477628706152 19.699636476810035 7.536281339304412 11.344327082916816 1.7312141205160891 5.353517605937377 21.231743186236606 -1.0289835272970294 7.104105516183594 2.6516929915737997 -6.822219258037662 -4.672729962547971 -8.182507938510833 0.8712110911756099
7.935871743486974 10.554235462101325 1.6724066489020473 5.147477426939879 3.1795536154359105 -1.8507833996232215 -0.43310743477608327 14.094142038665812 20.753086136560725 34.6416814405899 16.71866866863528 19.231685175114933 8.51375215497211 12.890204721699622 0.11889334248009664 3.0889261092050964 19.72208495730898 7.558729819803356 11.366775563415779 1.7536626010150336 5.375966086436321 21.25419166673555 -1.006535046798085 7.126553996682539 2.674141472072744 -6.7997707775387175 -4.650281482049026 -8.160059458011888 0.8936595716745543
7.995991983967936 10.576590482312724 1.694761669113447 5.169832447151297 3.2019086356473103 -1.8284283794118217 -0.4107524145646835 14.116497058877211 20.775441156772132 34.664036460801306 16.74102368884668 19.254040195326333 8.53610717518351 12.912559741911021 0.14124836269149643 3.111281129416496 19.74443997752038 7.581084840014774 11.389130583627178 1.7760176212264334 5.398321106647721 21.27654668694695 -0.9841800265866851 7.148909016893938 2.696496492284144 -6.7774157573273 -4.627926461837609 -8.137704437800489 0.9160145918859541
8.056112224448897 10.598854363943708 1.7170255507444132 5.192096328782263 3.2241725172782765 -1.8061644977808378 -0.3884885329337173 14.138760940508195 20.79770503840311 34.68630034243228 16.763287570477665 19.276304076957306 8.558371056814494 12.934823623541988 0.16351224432248035 3.1335450110474623 19.766703859151356 7.60334872164574 11.411394465258144 1.7982815028574173 5.420584988278705 21.298810568577924 -0.9619161449557012 7.171172898524905 2.718760373915128 -6.755151875696334 -4.605662580206642 -8.115440556169505 0.938278473516938
8.11623246492986 10.621029187571924 1.739200374372647 5.214271152410497 3.2463473409065102 -1.783989674152604 -0.36631370930548357 14.160935764136411 20.819879862031332 34.7084751660605 16.78546239410588 19.29847890058554 8.580545880442727 12.956998447170221 0.18568706795069634 3.155719834675696 19.788878682779583 7.625523545273974 11.433569288886378 1.820456326485651 5.442759811906921 21.320985392206158 -0.9397413213274675 7.193347722153138 2.740935197543344 -6.7329770520681 -4.583487756578409 -8.093265732541271 0.9604532971451718
8.176352705410821 10.643117088181029 1.7612882749817516 5.236359053019584 3.268435241515597 -1.7619017735435172 -0.344225808696379 14.183023664745516 20.84196776264043 34.730563066669596 16.807550294714986 19.320566801194627 8.602633781051814 12.979086347779326 0.20777496855980093 3.177807735284783 19.810966583388677 7.647611445883061 11.455657189495465 1.8425442270947379 5.4648477125160255 21.343073292815255 -0.9176534207183806 7.215435622762225 2.7630230981524484 -6.710889151459013 -4.561399855969322 -8.071177831932184 0.9825411977542586
8.236472945891784 10.665120015684746 1.7832912024854686 5.258361980523318 3.290438169019332 -1.7398988460398002 -0.32222288119266196 14.205026592249233 20.863970690144143 34.752565994173324 16.829553222218703 19.342569728698354 8.624636708555531 13.001089275283043 0.22977789606351795 3.1998106627885177 19.832969510892404 7.669614373386795 11.4776601169992 1.8645471545984549 5.4868506400197425 21.36507622031897 -0.8956504932146636 7.23743855026596 2.7850260256561654 -6.688886223955278 -4.539396928465587 -8.049174904428467 1.0045441252579757
8.296593186372744 10.687039796467719 1.8052109832684415 5.280281761306291 3.312357949802305 -1.7179790652568094 -0.300303100409689 14.226946373032206 20.885890470927126 34.7744857749563 16.851473003001676 19.364489509481334 8.646556489338522 13.023009056066016 0.2516976768464909 3.2217304435714906 19.854889291675377 7.691534154169768 11.499579897782173 1.8864669353814278 5.5087704208027155 21.386996001101952 -0.8737307124316906 7.259358331048933 2.8069458064391384 -6.6669664431723055 -4.517477147682614 -8.027255123645494 1.0264639060409664
8.356713426853707 10.708878326001035 1.8270495128017394 5.302120290839589 3.3341964793356027 -1.6961405357235115 -0.2784645708763911 14.248784902565522 20.907729000460424 34.79632430448961 16.87331153253499 19.386328039014632 8.66839501887182 13.044847585599314 0.2735362063798066 3.2435689731047885 19.876727821208682 7.713372683703066 11.52141842731547 1.9083054649147435 5.530608950336031 21.40883453063525 -0.851892182898375 7.281196860582231 2.828784335972454 -6.645127913639008 -4.495638618149316 -8.005416594112178 1.0483024355742643
8.41683366733467 10.730637252009405 1.8488084388101278 5.323879216847978 3.355955405343991 -1.6743816097151232 -0.25670564486800274 14.270543828573892 20.929487926468813 34.81808323049798 16.895070458543362 19.408086965023013 8.69015394488019 13.066606511607702 0.2952951323881772 3.265327899113177 19.898486747217063 7.735131609711455 11.543177353323859 1.930064390923114 5.552367876344402 21.43059345664364 -0.8301332568900044 7.302955786590619 2.8505432619808246 -6.623368987630619 -4.473879692140928 -7.983657668103808 1.0700613615826349
8.47695390781563 10.752318174396756 1.8704893611974605 5.34556013923531 3.3776363277313237 -1.6527006873277905 -0.23502472248067008 14.292224750961225 20.951168848856145 34.839764152885316 16.916751380930695 19.429767887410353 8.711834867267541 13.088287433995035 0.31697605477550983 3.2870088215005095 19.920167669604403 7.756812532098787 11.564858275711192 1.9517453133104645 5.574048798731734 21.45227437903097 -0.808452334502654 7.324636708977952 2.872224184368175 -6.6016880652432866 -4.452198769753595 -7.961976745716457 1.0917422839699853
8.537074148296593 10.773922729466037 1.8920939162667594 5.367164694304591 3.399240882800605 -1.6310961322585094 -0.21342016741137115 14.313829306030524 20.972773403925437 34.861368707954604 16.938355935999994 19.451372442479634 8.733439422336822 13.109891989064316 0.33858060984480876 3.3086133765697907 19.941772224673684 7.7784170871680685 11.586462830780473 1.9733498683797457 5.595653353801033 21.473878934100263 -0.7868477794333728 7.346241264047233 2.893828739437456 -6.580083510174005 -4.430594214684314 -7.940372190647176 1.1133468390392665
8.597194388777554 10.795452318059517 1.9136235048602224 5.388694282898072 3.4207704713940856 -1.6095665436650286 -0.19189057881790816 14.335358894623987 20.994302992518907 34.882898296548085 16.959885524593474 19.472902031073115 8.754969010930303 13.131421577657797 0.36011019843827174 3.3301429651632715 19.963301813267165 7.799946675761549 11.607992419373954 1.9948794569732264 5.617182942394514 21.495408522693733 -0.765318190839892 7.367770852640714 2.915358328030937 -6.558553921580525 -4.409064626090833 -7.9188426020536955 1.1348764276327472
8.657314629258517 10.816908347609253 1.935079534409958 5.410150312447808 3.4422265009438213 -1.588110514115293 -0.17043454926817247 14.356814924173722 21.015759022068643 34.904354326097824 16.98134155414321 19.494358060622854 8.776425040480039 13.152877607207532 0.38156622798800743 3.351598994713007 19.9847578428169 7.821402705311285 11.62944844892369 2.016335486522962 5.63863897194425 21.51686455224347 -0.7438621612901564 7.389226882190449 2.9368143575806727 -6.537097892030789 -4.387608596541098 -7.89738657250396 1.156332457182483
8.71743486973948 10.83829221052465 1.956463397325372 5.431534175363204 3.4636103638592353 -1.5667266511998967 -0.14905068635275853 14.378198787089136 21.03714288498405 34.92573818901323 17.002725417058606 19.515741923538258 8.797808903395435 13.174261470122946 0.4029500909034214 3.372982857628421 20.006141705732304 7.842786568226681 11.650832311839103 2.0377193494383583 5.660022834859646 21.538248415158876 -0.7224782983747602 7.410610745105863 2.958198220496069 -6.515714029115393 -4.366224733625701 -7.876002709588564 1.177716320097879
