web/models/kne/6/mosfit_kn_0.041628_0.4687_0.5000.dat
# %ECSV 1.0
# ---
# datatype:
# - {name: time, datatype: float64}
# - {name: PS1_g, datatype: float64}
# - {name: PS1_i, datatype: float64}
# - {name: PS1_r, datatype: float64}
# - {name: PS1_w, datatype: float64}
# - {name: PS1_y, datatype: float64}
# - {name: PS1_z, datatype: float64}
# - {name: swift_uvot_B, datatype: float64}
# - {name: swift_uvot_U, datatype: float64}
# - {name: swift_uvot_uvm2, datatype: float64}
# - {name: swift_uvot_uvw1, datatype: float64}
# - {name: swift_uvot_uvw2, datatype: float64}
# - {name: swift_uvot_V, datatype: float64}
# - {name: johnson_B, datatype: float64}
# - {name: johnson_I, datatype: float64}
# - {name: johnson_R, datatype: float64}
# - {name: johnson_U, datatype: float64}
# - {name: johnson_V, datatype: float64}
# - {name: sdss_g, datatype: float64}
# - {name: sdss_i, datatype: float64}
# - {name: sdss_r, datatype: float64}
# - {name: sdss_u, datatype: float64}
# - {name: sdss_z, datatype: float64}
# - {name: ATLAS_c, datatype: float64}
# - {name: ATLAS_o, datatype: float64}
# - {name: ukirt_H, datatype: float64}
# - {name: ukirt_J, datatype: float64}
# - {name: ukirt_K, datatype: float64}
# - {name: Clear, datatype: float64}
# meta: !!omap
# - comment: [kappa = 0.5, type = rprocess, mass = 0.04162766037032262, velocity = 0.4686666666666667, theta_obs = 0.0, tfloor = 1000.0]
# schema: astropy-2.0
time PS1_g PS1_i PS1_r PS1_w PS1_y PS1_z swift_uvot_B swift_uvot_U swift_uvot_uvm2 swift_uvot_uvw1 swift_uvot_uvw2 swift_uvot_V johnson_B johnson_I johnson_R johnson_U johnson_V sdss_g sdss_i sdss_r sdss_u sdss_z ATLAS_c ATLAS_o ukirt_H ukirt_J ukirt_K Clear
[from data line 319]
19.238476953907814 8.797739659073489 -0.08408915412578821 3.3909816239120616 1.423057812408075 -3.607279202651057 -2.1896032378039187 12.337646235637976 18.996590333532897 32.88518563756207 14.962172865607446 17.475189372087097 6.757256351944274 11.133708918671786 -1.6376024605477388 1.332430306177261 17.965589154281137 5.802234016775539 9.610279760387943 -0.0028332020128019053 3.6194702834084858 19.497695863707722 -2.7630308498259204 5.370058193654703 0.9176456690449086 -8.556266580566534 -6.406777285076862 -9.916555261039724 -0.8628362313532811
19.298597194388776 8.806153637045302 -0.0756751761539931 3.3993956018838567 1.4314717903798702 -3.598865224679244 -2.1811892598321236 12.346060213609771 19.005004311504692 32.893599615533866 14.970586843579241 17.483603350058893 6.7656703299160865 11.142122896643581 -1.6291884825759437 1.3408442841490562 17.97400313225295 5.810647994747334 9.618693738359738 0.005580775959010964 3.627884261380281 19.506109841679518 -2.7546168718541075 5.378472171626498 0.9260596470167215 -8.54785260259474 -6.398363307105049 -9.908141283067911 -0.8544222533814683
19.35871743486974 8.814554085814823 -0.06727472738447204 3.4077960506533778 1.4398722391493912 -3.590464775909723 -2.1727888110626026 12.354460662379292 19.013404760274213 32.90200006430339 14.978987292348762 17.492003798828414 6.774070778685608 11.150523345413102 -1.6207880338064227 1.3492447329185773 17.98240358102247 5.819048443516855 9.62709418712926 0.013981224728532027 3.636284710149802 19.51451029044904 -2.7462164230845865 5.386872620396019 0.9344600957862248 -8.539452153825218 -6.389962858335528 -9.89974083429839 -0.8460218046119472
19.4188376753507 8.822941151110673 -0.058887662088622506 3.4161831159492273 1.4482593044452408 -3.5820777106138735 -2.164401745766753 12.362847727675142 19.021791825570062 32.910387129599236 14.987374357644612 17.500390864124263 6.782457843981457 11.158910410708952 -1.6124009685105731 1.3576317982144268 17.99079064631832 5.827435508812704 9.635481252425109 0.022368290024381565 3.6446717754456515 19.522897355744888 -2.737829357788737 5.395259685691869 0.9428471610820921 -8.531065088529369 -6.381575793039678 -9.89135376900254 -0.8376347393160977
19.478957915831664 8.831314980972547 -0.05051383222673067 3.4245569458111014 1.4566331343071326 -3.5737038807519994 -2.156027915904861 12.371221557537034 19.030165655431954 32.91876095946112 14.995748187506504 17.508764693986155 6.790831673843331 11.167284240570844 -1.6040271386486813 1.3660056280763186 17.999164476180194 5.835809338674578 9.643855082287 0.030742119886255637 3.6530456053075433 19.53127118560678 -2.729455527926863 5.403633515553761 0.9512209909439662 -8.522691258667495 -6.373201963177804 -9.882979939140666 -0.8292609094542236
19.539078156312623 8.839675716018398 -0.04215309718087923 3.4329176808569706 1.464993869352984 -3.56534314570613 -2.1476671808590098 12.379582292582885 19.038526390477806 32.92712169450698 15.004108922552355 17.517125429032006 6.7991924088892 11.175644975616695 -1.5956664036028299 1.37436636312217 18.007525211226064 5.844170073720448 9.652215817332852 0.03910285493212484 3.6614063403533947 19.53963192065263 -2.7210947928809937 5.411994250599612 0.9595817259898176 -8.514330523621625 -6.364841228131935 -9.874619204094797 -0.8209001744083544
19.599198396793586 8.848023497085862 -0.03380531611343329 3.4412654619244165 1.47334165042043 -3.5569953646386843 -2.139319399791564 12.387930073650349 19.04687417154525 32.93546947557443 15.012456703619819 17.52547321009947 6.807540189956646 11.183992756684141 -1.5873186225353662 1.382714144189616 18.01587299229351 5.8525178547878935 9.660563598400298 0.04745063599957078 3.6697541214208584 19.547979701720077 -2.7127470118135477 5.420342031667058 0.9679295070572813 -8.50598274255418 -6.356493447064489 -9.866271423027351 -0.8125523933409085
19.65931863727455 8.856358461581308 -0.025470351617968845 3.449600426419863 1.4816766149158944 -3.5486604001432376 -2.1309844352960994 12.396265038145796 19.055209136040716 32.943804440069876 15.020791668115265 17.533808174594917 6.815875154452093 11.192327721179606 -1.5789836580399195 1.3910491086850805 18.024207956788956 5.86085281928334 9.668898562895762 0.05578560049501746 3.678089085916305 19.556314666215542 -2.704412047318101 5.4286769961625225 0.976264471552728 -8.497647778058733 -6.348158482569042 -9.857936458531904 -0.8042174288454618
19.71943887775551 8.864680744845277 -0.017148068354018164 3.4579227096838316 1.489998898179845 -3.540338116879269 -2.1226621520321487 12.404587321409746 19.063531419304667 32.95212672333385 15.029113951379234 17.542130457858885 6.8241974377160615 11.200650004443556 -1.5706613747759688 1.3993713919490312 18.032530240052925 5.869175102547309 9.677220846159713 0.0641078837589859 3.6864113691802736 19.564636949479493 -2.6960897640541326 5.436999279426473 0.9845867548166964 -8.489325494794764 -6.339836199305074 -9.849614175267936 -0.7958951455814933
19.779559118236474 8.87299047962463 -0.008838333574665569 3.4662324444631842 1.4983086329591977 -3.5320283820999165 -2.114352417252796 12.412897056189117 19.07184115408402 32.9604364581132 15.037423686158586 17.550440192638238 6.832507172495414 11.208959739222909 -1.5623516399965984 1.4076811267283837 18.040839974832277 5.877484837326661 9.685530580939066 0.0724176185383385 3.694721103959626 19.572946684258845 -2.68778002927478 5.445309014205826 0.992896489596049 -8.481015760015412 -6.331526464525721 -9.841304440488583 -0.7875854108021407
19.839679358717433 8.881287796592847 -0.0005410166064301336 3.474529761431402 1.5066059499274331 -3.523731065131699 -2.1060551002845607 12.421194373157334 19.080138471052255 32.96873377508142 15.045721003126804 17.558737509606456 6.840804489463632 11.217257056191144 -1.5540543230283808 1.4159784436966192 18.049137291800495 5.885782154294879 9.693827897907283 0.08071493550655617 3.703018420927844 19.58124400122708 -2.6794827123065623 5.453606331174061 1.0011938065642667 -8.472718443047194 -6.3232291475575035 -9.833007123520366 -0.7792880938339231
19.899799599198396 8.889572822760847 0.00774400956155219 3.482814787599402 1.5148909760954155 -3.515446038963699 -2.0977700741165783 12.429479399325317 19.088423497220237 32.97701880124942 15.054006029294786 17.567022535774438 6.849089515631632 11.225542082359127 -1.5457692968603984 1.4242634698646015 18.057422317968495 5.894067180462879 9.702112924075283 0.08899996167455626 3.711303447095826 19.589529027395063 -2.6711976861385622 5.461891357342044 1.0094788327322668 -8.464433416879194 -6.3149441213895035 -9.824722097352366 -0.771003067665923
19.95991983967936 8.897845685100574 0.016016871901278762 3.4910876499391286 1.523163838435142 -3.507173176623972 -2.0894972117768518 12.437752261665043 19.096696359559964 32.98529166358914 15.062278891634513 17.575295398114164 6.857362377971358 11.233814944698853 -1.5374964345206719 1.432536332204328 18.06569518030822 5.902340042802606 9.71038578641501 0.09727282401428283 3.7195763094355527 19.59780188973479 -2.6629248237988357 5.47016421968177 1.0177516950719934 -8.456160554539467 -6.306671259049777 -9.816449235012639 -0.7627302053261964
20.02004008016032 8.906106505643852 0.024277692444574228 3.499348470482424 1.5314246589784375 -3.4989123560806767 -2.0812363912335563 12.446013082208339 19.10495718010326 32.99355248413243 15.070539712177808 17.58355621865746 6.865623198514654 11.242075765242149 -1.5292356139773764 1.4407971527476235 18.073956000851517 5.910600863345901 9.718646606958306 0.10553364455756054 3.727837129978848 19.606062710278085 -2.654664003255558 5.478425040225066 1.026012515615271 -8.447899733996172 -6.298410438506481 -9.808188414469361 -0.7544693847829009
20.080160320641284 8.914355403824175 0.03252659062489727 3.5075973686627293 1.5396735571587428 -3.4906634579003715 -2.0729874930532333 12.454261980388662 19.113206078283564 33.00180138231274 15.078788610358131 17.591805116837783 6.873872096694959 11.250324663422472 -1.5209867157970534 1.4490460509279466 18.082204899031822 5.918849761526206 9.72689550513861 0.11378254273788357 3.7360860281591712 19.61431160845839 -2.646415105075235 5.486673938405371 1.034261413795594 -8.439650835815867 -6.290161540326176 -9.799939516289038 -0.7462204866025957
20.140280561122243 8.922592501482072 0.04076368828279442 3.5158344663206442 1.5479106548166577 -3.4824263602424566 -2.064750395395336 12.462499078046559 19.12144317594148 33.01003847997065 15.087025708016029 17.60004221449568 6.882109194352874 11.258561761080369 -1.5127496181391562 1.4572831485858437 18.090441996689737 5.927086859184121 9.735132602796526 0.12201964039579849 3.7443231258170684 19.622548706116305 -2.63817800741732 5.494911036063286 1.0424985114534913 -8.431413738157952 -6.281924442668261 -9.791702418631123 -0.7379833889446807
20.200400801603205 8.930817910219204 0.04898909701992693 3.524059875057759 1.5561360635537724 -3.474200951505342 -2.0565249866582036 12.470724486783691 19.129668584678594 33.01826388870777 15.095251116753161 17.608267623232813 6.890334603089989 11.266787169817501 -1.5045242094020237 1.4655085573229762 18.098667405426852 5.935312267921236 9.74335801153364 0.13024504913291324 3.752548534554201 19.63077411485342 -2.6299525986802053 5.5031364448004005 1.0507239201906238 -8.423188329420837 -6.2736990339311465 -9.783477009894009 -0.729757980207566
20.260521042084168 8.939031748480684 0.0572029352814063 3.5322737133192383 1.5643499018152696 -3.4659871132438624 -2.0483111483967242 12.47893832504517 19.13788242294009 33.02647772696926 15.10346495501464 17.616481461494292 6.898548441351468 11.27500100807898 -1.4963103711405443 1.4737223955844556 18.10688124368833 5.943526106182733 9.751571849795138 0.1384588873943926 3.7607623728156803 19.638987953114917 -2.621738760418726 5.511350283061898 1.0589377584521031 -8.414974491159358 -6.265485195669667 -9.77526317163253 -0.7215441419460866
20.32064128256513 8.947234125986565 0.06540531278728778 3.5404760908251376 1.572552279321151 -3.457784735737981 -2.0401087708908427 12.487140702551052 19.146084800445973 33.03468010447514 15.111667332520522 17.624683839000173 6.90675081885735 11.283203385584862 -1.4881079936346628 1.481924773090337 18.11508362119423 5.951728483688615 9.759774227301019 0.1466612649002741 3.7689647503215618 19.6471903306208 -2.6135363829128444 5.519552660567779 1.0671401359579846 -8.406772113653458 -6.257282818163768 -9.767060794126648 -0.7133417644402051
20.38076152304609 8.955425152233136 0.07359633903385898 3.548667117071691 1.5807433055677222 -3.4495937094914098 -2.0319177446442716 12.495331728797623 19.154275826692544 33.042871130721714 15.119858358767093 17.632874865246745 6.914941845103921 11.291394411831433 -1.4799169673880916 1.4901157993369083 18.123274647440784 5.959919509935186 9.76796525354759 0.1548522911468453 3.777155776568133 19.65538135686737 -2.605345356666273 5.52774368681435 1.0753311622045558 -8.398581087406887 -6.249091791917214 -9.758869767880077 -0.7051507381936339
20.440881763527052 8.96360493593841 0.08177612273913226 3.5568469007769643 1.5889230892729778 -3.4414139257861365 -2.0237379609389983 12.503511512502897 19.1624556103978 33.05105091442698 15.128038142472366 17.641054648952018 6.923121628809194 11.299574195536707 -1.4717371836828184 1.4982955830421638 18.131454431146057 5.968099293640441 9.776145037252846 0.16303207485211857 3.7853355602734062 19.663561140572625 -2.597165572961 5.535923470519606 1.083510945909829 -8.390401303701632 -6.240912008211941 -9.750689984174803 -0.6969709544883607
20.501002004008015 8.9717735824342 0.089944769234922 3.565015547272772 1.5970917357687853 -3.433245279290329 -2.0155693144432085 12.511680158998686 19.170624256893607 33.05921956092278 15.136206788968156 17.649223295447808 6.931290275305002 11.307742842032496 -1.4635685371870286 1.5064642295379713 18.139623077641865 5.976267940136249 9.784313683748653 0.1712007213479083 3.793504206769196 19.671729787068433 -2.5889969264651924 5.544092117015413 1.0916795924056188 -8.382232657205824 -6.232743361716134 -9.742521337678996 -0.6888023079925532
20.561122244488978 8.979931194857507 0.09810238165821161 3.5731731596960614 1.6052493481920749 -3.4250876668670394 -2.007411702019919 12.519837771421976 19.178781869316897 33.06737717334607 15.144364401391446 17.657380907871097 6.939447887728291 11.315900454455786 -1.455410924763739 1.514621841961261 18.147780690065154 5.9844255525595385 9.792471296171943 0.17935833377121568 3.8016618191924856 19.679887399491722 -2.580839314041903 5.552249729438703 1.0998372048289262 -8.374075044782535 -6.224585749292844 -9.734363725255706 -0.6806446955692635
20.62124248496994 8.988077870560893 0.10624905736161594 3.581319835399448 1.6133960238954792 -3.416940991163653 -1.9992650263165146 12.52798444712538 19.1869285450203 33.075523849049475 15.15251107709485 17.6655275835745 6.947594563431678 11.32404713015919 -1.4472642490603347 1.5227685176646653 18.15592736576854 5.992572228262925 9.800617971875347 0.18750500947460225 3.80980849489589 19.688034075195127 -2.5726926383385162 5.560396405142107 1.1079838805323128 -8.365928369079148 -6.2164390735894575 -9.72621704955232 -0.672498019865877
20.6813627254509 8.996213714376058 0.11438490117678057 3.5894556792146304 1.6215318677106438 -3.4088051473484704 -1.99112918250135 12.536120290940545 19.195064388835466 33.083659692864636 15.160646920910015 17.673663427389666 6.95573040724686 11.332182973974355 -1.43912840524517 1.53090436147983 18.164063209583723 6.000708072078107 9.808753815690512 0.19564085328976688 3.8179443387110545 19.69616991901029 -2.5645567945233516 5.568532248957272 1.1161197243474774 -8.357792525263966 -6.208303229774275 -9.718081205737155 -0.6643621760507123
20.741482965931862 9.004338820573654 0.12251000737435902 3.597580785412209 1.6296569739082223 -3.400680041150892 -1.9830040763037715 12.544245397138123 19.203189495033044 33.09178479906222 15.168772027107593 17.681788533587245 6.963855513444439 11.340308080171933 -1.4310032990475916 1.5390294676774083 18.172188315781302 6.008833178275686 9.81687892188809 0.2037659594873631 3.826069444908633 19.70429502520787 -2.5564316883257554 5.57665735515485 1.1242448305450559 -8.349667419066387 -6.200178123576697 -9.709956099539559 -0.6562370698531161
20.801603206412825 9.01245328797783 0.13062447477853567 3.6056952528163855 1.637771441312399 -3.3925655737467153 -1.9748896088995949 12.552359864542318 19.21130396243722 33.0998992664664 15.176886494511788 17.68990300099144 6.971969980848615 11.34842254757611 -1.4228888316433972 1.547143935081585 18.18030278318548 6.0169476456798625 9.824993389292267 0.21188042689153974 3.8341839123128274 19.712409492612046 -2.5483172209215788 5.584771822559027 1.1323592979492503 -8.34155295166221 -6.19206365617252 -9.701841632135382 -0.6481226024489395
20.861723446893787 9.020557210106688 0.1387283969073927 3.6137991749452425 1.645875363441256 -3.3844616516178583 -1.9667856867707378 12.560463786671175 19.21940788456609 33.108003188595255 15.184990416640645 17.698006923120296 6.980073902977472 11.356526469704967 -1.4147849095145402 1.555247857210442 18.188406705314335 6.0250515678087195 9.833097311421124 0.21998434902039676 3.8422878344416844 19.720513414740903 -2.5402132987927217 5.592875744687884 1.1404632200781073 -8.333449029533353 -6.183959734043663 -9.693737710006525 -0.6400186803200825
20.92184368737475 9.028650675836971 0.14682186263767605 3.621892640675526 1.6539688291715393 -3.376368185887575 -1.9586922210404545 12.568557252401458 19.22750135029636 33.11609665432554 15.193083882370928 17.70610038885058 6.988167368707756 11.36461993543525 -1.4066914437842568 1.5633413229407254 18.19650017104462 6.033145033539003 9.841190777151407 0.22807781475068012 3.850381300171968 19.728606880471187 -2.5321198330624384 5.600969210418167 1.1485566858083907 -8.32535556380307 -6.17586626831338 -9.685644244276242 -0.6319252145897991
