web/models/kne/6/mosfit_kn_0.002290_0.1553_0.5000.dat
# %ECSV 1.0
# ---
# datatype:
# - {name: time, datatype: float64}
# - {name: PS1_g, datatype: float64}
# - {name: PS1_i, datatype: float64}
# - {name: PS1_r, datatype: float64}
# - {name: PS1_w, datatype: float64}
# - {name: PS1_y, datatype: float64}
# - {name: PS1_z, datatype: float64}
# - {name: swift_uvot_B, datatype: float64}
# - {name: swift_uvot_U, datatype: float64}
# - {name: swift_uvot_uvm2, datatype: float64}
# - {name: swift_uvot_uvw1, datatype: float64}
# - {name: swift_uvot_uvw2, datatype: float64}
# - {name: swift_uvot_V, datatype: float64}
# - {name: johnson_B, datatype: float64}
# - {name: johnson_I, datatype: float64}
# - {name: johnson_R, datatype: float64}
# - {name: johnson_U, datatype: float64}
# - {name: johnson_V, datatype: float64}
# - {name: sdss_g, datatype: float64}
# - {name: sdss_i, datatype: float64}
# - {name: sdss_r, datatype: float64}
# - {name: sdss_u, datatype: float64}
# - {name: sdss_z, datatype: float64}
# - {name: ATLAS_c, datatype: float64}
# - {name: ATLAS_o, datatype: float64}
# - {name: ukirt_H, datatype: float64}
# - {name: ukirt_J, datatype: float64}
# - {name: ukirt_K, datatype: float64}
# - {name: Clear, datatype: float64}
# meta: !!omap
# - comment: [kappa = 0.5, type = rprocess, mass = 0.0022901433483143324, velocity = 0.15533333333333332, theta_obs = 0.0, tfloor = 1000.0]
# schema: astropy-2.0
time PS1_g PS1_i PS1_r PS1_w PS1_y PS1_z swift_uvot_B swift_uvot_U swift_uvot_uvm2 swift_uvot_uvw1 swift_uvot_uvw2 swift_uvot_V johnson_B johnson_I johnson_R johnson_U johnson_V sdss_g sdss_i sdss_r sdss_u sdss_z ATLAS_c ATLAS_o ukirt_H ukirt_J ukirt_K Clear
[from data line 29]
1.8036072144288577 -6.547967973890536 -10.011442746121375 -8.703057459951022 -8.943832377052736 -11.181231101580718 -10.740092357611353 -5.154865794185613 -3.1488824204694765 4.019400683207103 -1.609471429447566 0.3086037381986064 -7.551736038128667 -5.383558888430219 -10.806929987872273 -9.352527529502332 -3.4418265997383313 -7.729999586816995 -6.224802386904642 -9.985741746831778 -8.664356127466348 -2.45314721066185 -10.8772798796746 -7.64226087362923 -9.420859819689031 -12.410814851155488 -11.954783230667656 -12.564316916531178 -9.549906578347844
1.8637274549098195 -6.162404727940647 -9.777124252613074 -8.407641263130987 -8.684885497322057 -11.011478169712419 -10.544347228961648 -4.712017329798953 -2.5817119864233007 4.82889610696837 -1.1409399910767166 0.770872632529628 -7.200086755804034 -4.957070347144533 -10.592129431600227 -9.084097987366448 -2.893527802433813 -7.390608241468308 -5.8255719855058 -9.749728873584882 -8.365467927100827 -1.8927201264078164 -10.690473067745945 -7.314265868951768 -9.166082865121457 -12.338091432820269 -11.837704813844175 -12.522099270796152 -9.330030571189756
1.9238476953907815 -5.778912527783717 -9.543079424850927 -8.113213758337814 -8.427703869770955 -10.841407230935953 -10.34847335048699 -4.271621919212133 -2.0181271318999627 5.628495048135773 -0.6812164250351489 1.2256640715997738 -6.849654852801977 -4.533511676995147 -10.377493402085857 -8.817035399877089 -2.348580384016181 -7.052779431362965 -5.428555528053813 -9.514009988105592 -8.067476652201488 -1.3355722050336816 -10.503603001611417 -6.988364140344814 -8.912470455099779 -12.264586560196607 -11.720043115387087 -12.47905225910358 -9.112063040716869
1.9839679358717435 -5.396570918002137 -9.308759760028575 -7.819083535002935 -8.17157759217567 -10.670608426617125 -10.15200698368881 -3.832643756162276 -1.4567932166809425 6.4201535958755835 -0.2283977898128593 1.674927782838577 -6.499633289720362 -4.1118693350186355 -10.162514461733753 -8.550700434992475 -1.8057093580405525 -6.7157282708980555 -5.032801265894182 -9.278033187343002 -7.769688078999621 -0.7804088646066276 -10.316223675164302 -6.663725276870718 -8.659397003989167 -12.190069640423571 -11.601488819080659 -12.43499677878505 -8.895350916940625
2.0440881763527052 -5.0150139655787385 -9.073981684346695 -7.524999817606393 -7.916206303751938 -10.498958623179746 -9.954802234984754 -3.3946705850058043 -0.89715437482468 7.204739204558341 0.21861129220175401 2.1197838880184574 -6.149723498359443 -3.6917354193376046 -9.947026642160381 -8.284863406309093 -1.2643937909939607 -6.379165110978701 -4.637928939325633 -9.04161357277733 -7.471852269778765 -0.22670343986941788 -10.128196714421165 -6.340007269230412 -8.40663056598979 -12.114482965051712 -11.481957343311622 -12.389890993868134 -8.679607626024932
2.1042084168336674 -4.633965573845469 -8.838616720276082 -7.230780236327519 -7.661360857621986 -10.326377042798 -9.75676043432843 -2.9573910183268834 -0.3387839087469222 7.982935032173157 0.660680748136873 2.5611085106801714 -5.799706396026612 -3.2728006925231985 -9.73091531258784 -8.019358557831914 -0.7242366810370026 -6.042878326434395 -4.243651137979647 -8.804621692741161 -7.17378802610936 0.3259449595149455 -9.939429600639347 -6.016949253730974 -8.154000989279062 -12.037794854294804 -11.361397424644684 -12.343714050529824 -8.464613207259273
2.164328657314629 -4.2532198143858935 -8.602578983689053 -6.936295538493962 -7.406867665015344 -10.152815411909248 -9.55781927519162 -2.5205725224434614 0.2186434678814566 8.755282931072529 1.0985022940252525 2.999587386964674 -5.449424868119473 -2.85483282069491 -9.514105438811786 -7.75406947786155 -0.1849382005878052 -5.706716976393442 -3.849753006616261 -8.566970965970206 -6.875367560633983 0.8778385686144219 -9.749865066544672 -5.694353726499024 -7.901385904429858 -11.959993299182033 -11.239783166912572 -12.296460797779927 -8.250199577251092
2.224448897795591 -3.8722153664431147 -8.365539177771275 -6.641127323481673 -7.152304349617644 -9.978032012787228 -9.35770246171284 -2.0835818236000767 0.7759478185498205 9.522985540064962 1.533085462616111 3.436218428583843 -5.098387588823823 -2.4372153213634857 -9.296294115997068 -7.488615364976472 0.35428286853927526 -5.370208520117374 -3.4556540059221597 -8.328330129580035 -6.5761703931958415 1.429771736481893 -9.559239856004638 -5.371717032110528 -7.648408998873482 -11.880952069153475 -11.116938035309614 -12.248037346047338 -8.03598469172707
2.284569138276553 -3.4918706636978314 -8.128160911303048 -6.3460461751397546 -6.898306301154182 -9.80256863112377 -9.157002311621714 -1.647453496940613 1.3318742816018594 10.284469528489076 1.963720547477497 3.8702662777574273 -4.7474804216165305 -2.0209341763279416 -9.078106635296958 -7.223704034235834 0.8921946868742726 -5.034208683064329 -3.0622975553683496 -8.089366213236744 -6.276978512508187 1.9804831573472548 -9.368127454129649 -5.0498203300612055 -7.395741346333065 -11.80100792216592 -10.993294953172155 -12.198710314241284 -7.822509880537201
2.344689378757515 -3.1113538804910945 -7.889926175643733 -6.050411047659701 -6.644264288871291 -9.626032474161832 -8.955275887009169 -1.211249277144325 1.8876163943580695 11.041446394800008 2.3916079077895707 4.302910859535519 -4.395955711449287 -1.6050801207536873 -8.859063048905817 -6.9587501469259765 1.4299429695481325 -4.697997980350583 -2.668825006954272 -7.849558287274139 -5.977146064226879 2.531139927380881 -9.1761040322797 -4.7279280852769645 -7.1428108544989755 -11.71994481719407 -10.86855920452251 -12.148315777192218 -7.609233733766825
2.4048096192384767 -2.7306562987655347 -7.650868112254354 -5.754241478801809 -6.390158440670994 -9.448465233489607 -8.752562093953689 -0.7749585467148734 2.4432129427601623 11.794082715194488 2.8169831163912034 4.734361098919489 -4.043830991861566 -1.1896356357254272 -8.639198569584583 -6.693773500242497 1.9675533921798016 -4.361595283922843 -2.275225483445933 -7.608939579758065 -5.676695170621429 3.08176558440195 -8.983210009185534 -4.406020111781714 -6.889627717889404 -11.637803318007707 -10.74277389820672 -12.096889671364684 -7.396129966908855
2.464929859719439 -2.349753500739453 -7.411006771052513 -5.457542505446273 -6.135959509445552 -9.269897409075174 -8.548887802862737 -0.338552969803888 2.9987225695599484 12.542578218939045 3.2400675672484707 5.164809259763029 -3.691107657132922 -0.7745660591826324 -8.4185359010226 -6.428780076509171 2.505071716273093 -4.0250038084221424 -1.8814721081328933 -7.367530180005595 -5.375633255856176 3.632404317411364 -8.789474128935097 -4.084063552824109 -6.636189346830452 -11.554616908875984 -10.61597302028751 -12.04446227787402 -7.183165103659341
2.5250501002004007 -1.9686175030999742 -7.170357468172757 -5.160314576794303 -5.881637317080859 -9.090354956144644 -8.344275199187887 0.09799984646684196 3.554206992258706 13.287142700744955 3.6610607531839894 5.594423821746371 -3.3377823646916776 -0.35983276131237246 -8.197093072689398 -6.1637711783542075 3.042547446589061 -3.6882221247732057 -1.4875344861405715 -7.12534543988216 -5.073963068116409 4.183104275128766 -8.594920550721898 -3.7620233634771516 -6.38248914703313 -11.470415916793131 -10.488186607454233 -11.99106129409049 -6.970305722897354
2.5851703406813624 -1.5872205276067142 -6.928933506833239 -4.862556725509766 -5.627163240728503 -8.909861482036714 -8.138744201793369 0.5347321100819691 4.109725901702124 14.02798852899625 4.0801409111756115 6.023350528529271 -2.9838506489648013 0.05460275740101722 -7.974886000811018 -5.8987463607076345 3.5800288306473926 -3.3512476425471123 -1.0933825744374204 -6.882398707487258 -4.77168588714914 4.733912451420483 -8.399571181136398 -3.43986552297876 -6.128519338283098 -11.38522880176655 -10.359442457849857 -11.936712847404836 -6.757520513500435
2.6452905811623246 -1.2051297910856995 -6.686472012480706 -4.563939742944179 -5.372224261788805 -8.728221120218862 -7.932071850025331 0.972132953780499 4.665905696022747 14.766067697930808 4.497906703141137 6.452165319979791 -2.628927159291597 0.4692143331537541 -7.751672407221078 -5.633408114914229 4.118114531998376 -3.013713368944015 -0.6985695365085043 -6.638425748456882 -4.468470347980453 5.285439021496412 -8.203214803381513 -3.1172076344608612 -5.873985647407807 -11.298954480486481 -10.229597600965777 -11.881342837342553 -6.5445337467616405
2.7054108216432864 -0.8233903018189714 -6.443708682453408 -4.265325416062762 -5.117550795750425 -8.546028300459003 -7.7249112092126815 1.4090245273915591 5.221297817752557 15.499642306392275 4.913345594002223 6.879792606898466 -2.274010615130078 0.8828874737784316 -7.528142592565717 -5.368535021177004 4.65539092568698 -2.676576244456485 -0.3041699407647336 -6.394166064024596 -4.165191872677578 5.83623582042037 -8.006480752064729 -2.794942184239275 -5.619633808704219 -11.21195611188078 -10.099122117667035 -11.825235842565165 -6.331969647795201
2.7655310621242486 -0.44117618338143316 -6.200111135480935 -3.966064824343132 -4.862554318508963 -8.362872462822661 -7.516802001818803 1.8463394841716763 5.77707734967257 16.23038477248119 5.327457113560126 7.30721715802591 -1.9183451807863896 1.2965189975789355 -7.303802107727463 -5.103539348616953 5.192990218716822 -2.339114334503127 0.09066749738154911 -6.1490845459021415 -3.861195131145969 6.387458937406958 -7.808929837601841 -2.4723490876830034 -5.364890354251912 -11.124005343284045 -9.967705550854403 -11.768219128971447 -6.119315861797663
2.8256513026052104 -0.0585638205047978 -5.955756041651927 -3.666235812440881 -4.607283876046093 -8.178824815070662 -7.307818066095386 2.2839927573326237 6.333152348824278 16.958321169482012 5.740254369292099 7.73441387567075 -1.5620195160194263 1.710035502707164 -7.0787252909580465 -4.8384904530800315 5.7308159477449365 -2.0014138899387186 0.48586512599861464 -5.903258300328531 -3.5565611031070965 6.939007823799432 -7.610635466099129 -2.1494870580084324 -5.109816827134406 -11.035156706657306 -9.835411073093672 -11.710338566637224 -5.906610366786964
2.885771543086172 0.32442056498124927 -5.710684726102251 -3.3658747063939742 -4.351753714326936 -7.9939280622982345 -7.098001907709044 2.721955908221031 6.889500095680905 17.68356896555481 6.1517975954894055 8.161405297413978 -1.2050744279139216 2.1234177112366974 -6.852953285188646 -4.573419585910028 6.268839346081279 -1.663515101992805 0.881396845828597 -5.656728913449385 -3.251328696592637 7.490851225183643 -7.411640856634225 -1.8263720473829004 -4.8544385276481705 -10.945447478550248 -9.702279342228069 -11.651626565390972 -5.693861406162171
2.9458917835671343 0.7077721143657811 -5.464922720623253 -3.0649996086210507 -4.095963597664962 -7.808211909549048 -6.88738186345196 3.1602246454058127 7.446126817839982 18.406282873695826 6.562163785437605 8.588230935171573 -0.8475298554304914 2.536669375196339 -6.626512322977308 -4.308341119263546 6.807060221274231 -1.3254380255718854 1.277258464960802 -5.409522105053366 -2.9455183305588584 8.042987187628334 -7.211975547811562 -1.5030021008062988 -4.598764950510166 -10.85490682475468 -9.568340561521643 -11.592109168927854 -5.481065048273557
3.006012024048096 1.0914915822915638 -5.218490511798706 -2.7636231722780025 -3.839909855001924 -7.621701606398261 -6.675981554928239 3.5988010567938113 8.003045681038135 19.12662517855669 6.9714305821901235 9.014930953252907 -0.4893996736176767 2.949800313347733 -6.399423778552552 -4.0432641376637095 7.345485571775228 -0.9871967560442638 1.6734514910123188 -5.161658531231446 -2.639144874834063 8.595421183071661 -7.011664476364512 -1.1793709058926538 -4.342800962706104 -10.763560839662672 -9.433621128094847 -11.531809957637138 -5.268214683063217
3.066132264529058 1.4755821078534836 -4.971405808136922 -2.4617552690204825 -3.583587598094411 -7.434419772695922 -6.463821897818622 4.03768996465648 8.560272338161745 19.84475899568692 7.379673525532837 9.441543510098388 -0.13069476183902115 3.362822913203565 -6.17170629628606 -3.778194885994524 7.88412523894652 -0.6488023736598312 2.069979812360341 -4.913156062272872 -2.3322203504640093 9.148161659281406 -6.810729910265767 -0.855470545319168 -4.086549149742833 -10.671433634060373 -9.29814506531242 -11.470750895283624 -5.055302909100323
3.12625250501002 1.8600466475567146 -4.723685357311371 -2.159405119405342 -3.32699247056663 -7.246387868396393 -6.250922717433021 4.47689602608416 9.117821394822982 20.560842923168277 7.786963905873492 9.868102678798568 0.22857454431314675 3.775749360782821 -5.943377496876546 -3.5131387125222107 8.42298845283987 -0.3102652841719131 2.466847060874997 -4.664031608053865 -2.0247560881103865 9.701216500378802 -6.609192999309101 -0.53129367357025 -3.830011680941201 -10.578548212409194 -9.161935177407832 -11.40895301023585 -4.842323009498433
3.186372745490982 2.2449317420191406 -4.475315261805104 -1.8565460017988222 -3.0700899846052465 -7.0576026370410005 -6.037276635276871 4.916473111528718 9.67576801634376 21.275107919321353 8.193415153375394 10.294687092303484 0.5884396194351701 4.188638242206576 -5.7144262932242205 -3.248068706474368 8.96214347571722 0.028443750990965435 2.8641016520945506 -4.41427129101891 -1.7167269022160703 10.254654139268524 -6.407048849858441 -0.20679592774529354 -3.573159755921793 -10.48491267060207 -9.024994815648418 -11.346425779283036 -4.629242785163985
3.2464929859719436 2.6301200055302587 -4.226392116703561 -1.5532828826172285 -2.8129606341362923 -6.868148258279678 -5.822973324627263 5.356290164978653 10.233956195344547 21.98748934692669 8.598965460183408 10.721192710383583 0.9487781501781242 4.601373476091638 -5.484944568658206 -2.9830748383496024 9.501435019011318 0.367208610031702 3.2616232619271024 -4.163972257498667 -1.4082412502864727 10.808313996292824 -6.204385147858744 0.11792602157534304 -3.3160787876811426 -10.39058599087715 -8.887394773421205 -11.283217757791009 -4.416128267541239
3.306613226452906 3.015707239484904 -3.9768667042254613 -1.2495479158887335 -2.5555360387133064 -6.677992754972042 -5.6079739146705165 5.796456700424856 10.792529068751726 22.69829455278816 9.003773909537873 11.147747136095095 1.3096691224609522 5.014066061399319 -5.254888068324127 -2.718093066183596 10.040997874543105 0.70610394991679 3.65951088107348 -3.913085145453028 -1.0992321402180139 11.362332773894757 -6.001166782276588 0.4429581402061089 -3.0587046731804612 -10.295558640962772 -8.749115579838216 -11.219324705217717 -4.202918692572659
3.3667334669338675 3.4016789264700797 -3.7267639615321357 -0.9453617398044223 -2.2978252468069726 -6.487162756071072 -5.392304621122221 6.236957782574305 11.3514740925533 23.40762939287068 9.407881024711955 11.574354856674628 1.6710882493154486 5.4267093698166455 -5.02428162512513 -2.4531378896646787 10.580816347237636 1.0451067566654284 4.057749928015255 -3.6616351050393448 -0.7897223594978975 11.916693030628434 -5.7974207227575825 0.7682914051008538 -2.8010501340618355 -10.199855095423638 -8.61018290231067 -11.154768479351292 -3.989619496035264
3.4268537074148293 3.7880304013368615 -3.4761013496857807 -0.6407364707640362 -2.0398306129598787 -6.295678674710192 -5.17598491266309 6.677789613173592 11.910792044990668 24.115611112548688 9.811335227239262 12.00102945731366 2.0330210557504165 5.8393072080884565 -4.793143005396213 -2.188216004997508 11.120887942164888 1.3842034735983535 4.456335911180904 -3.4096397748899143 -0.47972601231698775 12.471390889990364 -5.593167424798864 1.0939249766949821 -2.5431206743476586 -10.103495826669631 -8.470617339158826 -11.089567787771697 -3.7762305308042166
