web/models/kne/6/villar_0.0079_0.4060_10.0000.dat
# %ECSV 1.0
# ---
# datatype:
# - {name: time, datatype: float64}
# - {name: swift_uvot_uvw2, datatype: float64}
# - {name: swift_uvot_uvm2, datatype: float64}
# - {name: swift_uvot_uvw1, datatype: float64}
# - {name: swift_uvot_U, datatype: float64}
# - {name: swift_uvot_B, datatype: float64}
# - {name: swift_uvot_V, datatype: float64}
# - {name: swift_uvot_W, datatype: float64}
# - {name: johnson_U, datatype: float64}
# - {name: johnson_B, datatype: float64}
# - {name: johnson_V, datatype: float64}
# - {name: johnson_R, datatype: float64}
# - {name: johnson_I, datatype: float64}
# - {name: sdss_u, datatype: float64}
# - {name: sdss_g, datatype: float64}
# - {name: sdss_r, datatype: float64}
# - {name: sdss_i, datatype: float64}
# - {name: sdss_z, datatype: float64}
# - {name: PS1_g, datatype: float64}
# - {name: PS1_r, datatype: float64}
# - {name: PS1_i, datatype: float64}
# - {name: PS1_z, datatype: float64}
# - {name: PS1_Y, datatype: float64}
# - {name: PS1_w, datatype: float64}
# - {name: ATLAS_c, datatype: float64}
# - {name: ATLAS_o, datatype: float64}
# - {name: ukirt_J, datatype: float64}
# - {name: ukirt_H, datatype: float64}
# - {name: ukirt_K, datatype: float64}
# - {name: Clear, datatype: float64}
# meta: !!omap
# - comment: [kappa = 10.0, type = villar, mass = 0.00793700525986525, velocity = 0.406, theta_obs = 0.0]
# schema: astropy-2.0
time swift_uvot_uvw2 swift_uvot_uvm2 swift_uvot_uvw1 swift_uvot_U swift_uvot_B swift_uvot_V swift_uvot_W johnson_U johnson_B johnson_V johnson_R johnson_I sdss_u sdss_g sdss_r sdss_i sdss_z PS1_g PS1_r PS1_i PS1_z PS1_Y PS1_w ATLAS_c ATLAS_o ukirt_J ukirt_H ukirt_K Clear
[from data line 361]
46.926954 267.988 270.848 268.403 266.346 264.69 263.537 265.437 266.045 264.646 263.494 262.701 262.189 266.151 264.225 263.029 262.471 262.137 263.983 262.991 262.442 262.162 261.976 262.996 263.602 262.745 261.857 261.891 262.112 262.977
48.346227 284.961 287.821 285.377 283.319 281.663 280.511 282.41 283.018 281.62 280.467 279.674 279.163 283.124 281.198 280.002 279.444 279.11 280.956 279.965 279.415 279.135 278.949 279.969 280.576 279.718 278.83 278.865 279.085 279.95
49.808426 302.977 305.837 303.392 301.335 299.679 298.526 300.426 301.034 299.635 298.482 297.69 297.178 301.14 299.214 298.018 297.459 297.125 298.972 297.98 297.431 297.151 296.965 297.985 298.591 297.734 296.846 296.88 297.101 297.966
51.314848 322.098 324.958 322.514 320.457 318.801 317.648 319.548 320.155 318.757 317.604 316.811 316.3 320.261 318.335 317.139 316.581 316.247 318.093 317.102 316.552 316.273 316.086 317.107 317.713 316.855 315.967 316.002 316.222 317.087
52.86683 342.394 345.254 342.81 340.752 339.096 337.944 339.843 340.451 339.053 337.9 337.107 336.596 340.557 338.631 337.435 336.877 336.543 338.389 337.398 336.848 336.568 336.382 337.402 338.009 337.151 336.263 336.298 336.518 337.383
54.465752 363.936 366.796 364.352 362.294 360.638 359.486 361.385 361.993 360.595 359.442 358.649 358.138 362.099 360.173 358.977 358.419 358.085 359.931 358.94 358.39 358.11 357.924 358.944 359.551 358.693 357.805 357.84 358.06 358.925
56.113031 386.801 389.661 387.217 385.159 383.503 382.35 384.25 384.858 383.459 382.307 381.514 381.002 384.964 383.038 381.842 381.284 380.95 382.796 381.805 381.255 380.975 380.789 381.809 382.415 381.558 380.67 380.704 380.925 381.79
57.810132 411.07 413.93 411.485 409.428 407.772 406.619 408.519 409.127 407.728 406.575 405.783 405.271 409.233 407.307 406.111 405.553 405.219 407.065 406.073 405.524 405.244 405.058 406.078 406.684 405.827 404.939 404.973 405.194 406.059
59.55856 436.829 439.689 437.244 435.187 433.531 432.378 434.278 434.886 433.487 432.334 431.542 431.03 434.992 433.066 431.87 431.312 430.977 432.824 431.832 431.283 431.003 430.817 431.837 432.443 431.586 430.698 430.732 430.953 431.818
61.359868 464.169 467.029 464.585 462.528 460.872 459.719 461.619 462.226 460.828 459.675 458.882 458.371 462.333 460.406 459.21 458.652 458.318 460.164 459.173 458.624 458.344 458.157 459.178 459.784 458.927 458.038 458.073 458.294 459.158
63.215655 493.189 496.049 493.604 491.547 489.891 488.738 490.638 491.246 489.847 488.695 487.902 487.39 491.352 489.426 488.23 487.672 487.338 489.184 488.192 487.643 487.363 487.177 488.197 488.803 487.946 487.058 487.092 487.313 488.178
65.127569 523.99 526.85 524.406 522.348 520.692 519.54 521.439 522.047 520.649 519.496 518.703 518.192 522.153 520.227 519.031 518.473 518.139 519.985 518.994 518.444 518.164 517.978 518.998 519.605 518.747 517.859 517.894 518.114 518.979
67.097308 556.683 559.543 557.098 555.041 553.385 552.232 554.132 554.74 553.341 552.189 551.396 550.884 554.846 552.92 551.724 551.166 550.832 552.678 551.686 551.137 550.857 550.671 551.691 552.297 551.44 550.552 550.586 550.807 551.672
69.126621 591.383 594.243 591.798 589.741 588.085 586.932 588.832 589.44 588.041 586.889 586.096 585.584 589.546 587.62 586.424 585.866 585.532 587.378 586.386 585.837 585.557 585.371 586.391 586.997 586.14 585.252 585.286 585.507 586.372
71.217308 628.214 631.074 628.629 626.572 624.916 623.763 625.663 626.271 624.872 623.719 622.927 622.415 626.377 624.451 623.255 622.697 622.362 624.209 623.217 622.668 622.388 622.202 623.222 623.828 622.971 622.083 622.117 622.338 623.203
73.371227 667.306 670.166 667.722 665.664 664.008 662.856 664.755 665.363 663.965 662.812 662.019 661.507 665.469 663.543 662.347 661.789 661.455 663.301 662.31 661.76 661.48 661.294 662.314 662.921 662.063 661.175 661.21 661.43 662.295
75.59029 708.799 711.659 709.214 707.157 705.501 704.348 706.248 706.856 705.457 704.304 703.512 703.0 706.962 705.036 703.84 703.282 702.948 704.794 703.802 703.253 702.973 702.787 703.807 704.413 703.556 702.668 702.702 702.923 703.788
77.876467 752.839 755.699 753.255 751.198 749.542 748.389 750.289 750.896 749.498 748.345 747.552 747.041 751.003 749.076 747.88 747.322 746.988 748.834 747.843 747.294 747.014 746.827 747.848 748.454 747.596 746.708 746.743 746.963 747.828
80.231787 nan nan nan nan nan nan nan nan nan nan nan nan nan nan nan nan nan nan nan nan nan nan nan nan nan nan nan nan nan
82.658343 nan nan nan nan nan nan nan nan nan nan nan nan nan nan nan nan nan nan nan nan nan nan nan nan nan nan nan nan nan
85.158288 nan nan nan nan nan nan nan nan nan nan nan nan nan nan nan nan nan nan nan nan nan nan nan nan nan nan nan nan nan
87.733843 nan nan nan nan nan nan nan nan nan nan nan nan nan nan nan nan nan nan nan nan nan nan nan nan nan nan nan nan nan
90.387293 nan nan nan nan nan nan nan nan nan nan nan nan nan nan nan nan nan nan nan nan nan nan nan nan nan nan nan nan nan
93.120995 nan nan nan nan nan nan nan nan nan nan nan nan nan nan nan nan nan nan nan nan nan nan nan nan nan nan nan nan nan
95.937376 nan nan nan nan nan nan nan nan nan nan nan nan nan nan nan nan nan nan nan nan nan nan nan nan nan nan nan nan nan
98.838937 nan nan nan nan nan nan nan nan nan nan nan nan nan nan nan nan nan nan nan nan nan nan nan nan nan nan nan nan nan
101.828253 nan nan nan nan nan nan nan nan nan nan nan nan nan nan nan nan nan nan nan nan nan nan nan nan nan nan nan nan nan
104.907979 nan nan nan nan nan nan nan nan nan nan nan nan nan nan nan nan nan nan nan nan nan nan nan nan nan nan nan nan nan
108.080849 nan nan nan nan nan nan nan nan nan nan nan nan nan nan nan nan nan nan nan nan nan nan nan nan nan nan nan nan nan
111.349681 nan nan nan nan nan nan nan nan nan nan nan nan nan nan nan nan nan nan nan nan nan nan nan nan nan nan nan nan nan
114.717376 nan nan nan nan nan nan nan nan nan nan nan nan nan nan nan nan nan nan nan nan nan nan nan nan nan nan nan nan nan
118.186925 nan nan nan nan nan nan nan nan nan nan nan nan nan nan nan nan nan nan nan nan nan nan nan nan nan nan nan nan nan
121.761408 nan nan nan nan nan nan nan nan nan nan nan nan nan nan nan nan nan nan nan nan nan nan nan nan nan nan nan nan nan
125.443999 nan nan nan nan nan nan nan nan nan nan nan nan nan nan nan nan nan nan nan nan nan nan nan nan nan nan nan nan nan
129.237967 nan nan nan nan nan nan nan nan nan nan nan nan nan nan nan nan nan nan nan nan nan nan nan nan nan nan nan nan nan
133.146681 nan nan nan nan nan nan nan nan nan nan nan nan nan nan nan nan nan nan nan nan nan nan nan nan nan nan nan nan nan
137.173612 nan nan nan nan nan nan nan nan nan nan nan nan nan nan nan nan nan nan nan nan nan nan nan nan nan nan nan nan nan
141.322334 nan nan nan nan nan nan nan nan nan nan nan nan nan nan nan nan nan nan nan nan nan nan nan nan nan nan nan nan nan
145.596532 nan nan nan nan nan nan nan nan nan nan nan nan nan nan nan nan nan nan nan nan nan nan nan nan nan nan nan nan nan
150.0 nan nan nan nan nan nan nan nan nan nan nan nan nan nan nan nan nan nan nan nan nan nan nan nan nan nan nan nan nan
