web/models/linear/98/-20_816_1_467.dat
# %ECSV 1.0
# ---
# datatype:
# - {name: time, datatype: float64}
# - {name: swift_uvot_uvw2, datatype: float64}
# - {name: swift_uvot_uvm2, datatype: float64}
# - {name: swift_uvot_uvw1, datatype: float64}
# - {name: swift_uvot_U, datatype: float64}
# - {name: swift_uvot_B, datatype: float64}
# - {name: swift_uvot_V, datatype: float64}
# - {name: swift_uvot_W, datatype: float64}
# - {name: johnson_U, datatype: float64}
# - {name: johnson_B, datatype: float64}
# - {name: johnson_V, datatype: float64}
# - {name: johnson_R, datatype: float64}
# - {name: johnson_I, datatype: float64}
# - {name: sdss_u, datatype: float64}
# - {name: sdss_g, datatype: float64}
# - {name: sdss_r, datatype: float64}
# - {name: sdss_i, datatype: float64}
# - {name: sdss_z, datatype: float64}
# - {name: PS1_g, datatype: float64}
# - {name: PS1_r, datatype: float64}
# - {name: PS1_i, datatype: float64}
# - {name: PS1_z, datatype: float64}
# - {name: PS1_Y, datatype: float64}
# - {name: PS1_w, datatype: float64}
# - {name: ATLAS_c, datatype: float64}
# - {name: ATLAS_o, datatype: float64}
# - {name: ukirt_J, datatype: float64}
# - {name: ukirt_H, datatype: float64}
# - {name: ukirt_K, datatype: float64}
# - {name: Clear, datatype: float64}
# meta: !!omap
# - comment: [M=-20.816326530612244, dM=1.4665405557509434]
# schema: astropy-2.0
time swift_uvot_uvw2 swift_uvot_uvm2 swift_uvot_uvw1 swift_uvot_U swift_uvot_B swift_uvot_V swift_uvot_W johnson_U johnson_B johnson_V johnson_R johnson_I sdss_u sdss_g sdss_r sdss_i sdss_z PS1_g PS1_r PS1_i PS1_z PS1_Y PS1_w ATLAS_c ATLAS_o ukirt_J ukirt_H ukirt_K Clear
[from data line 28]
2.1105527638190953 -17.721115307419296 -17.721115307419296 -17.721115307419296 -17.721115307419296 -17.721115307419296 -17.721115307419296 -17.721115307419296 -17.721115307419296 -17.721115307419296 -17.721115307419296 -17.721115307419296 -17.721115307419296 -17.721115307419296 -17.721115307419296 -17.721115307419296 -17.721115307419296 -17.721115307419296 -17.721115307419296 -17.721115307419296 -17.721115307419296 -17.721115307419296 -17.721115307419296 -17.721115307419296 -17.721115307419296 -17.721115307419296 -17.721115307419296 -17.721115307419296 -17.721115307419296 -17.721115307419296
2.185929648241206 -17.610572049448123 -17.610572049448123 -17.610572049448123 -17.610572049448123 -17.610572049448123 -17.610572049448123 -17.610572049448123 -17.610572049448123 -17.610572049448123 -17.610572049448123 -17.610572049448123 -17.610572049448123 -17.610572049448123 -17.610572049448123 -17.610572049448123 -17.610572049448123 -17.610572049448123 -17.610572049448123 -17.610572049448123 -17.610572049448123 -17.610572049448123 -17.610572049448123 -17.610572049448123 -17.610572049448123 -17.610572049448123 -17.610572049448123 -17.610572049448123 -17.610572049448123 -17.610572049448123
2.2613065326633164 -17.500028791476947 -17.500028791476947 -17.500028791476947 -17.500028791476947 -17.500028791476947 -17.500028791476947 -17.500028791476947 -17.500028791476947 -17.500028791476947 -17.500028791476947 -17.500028791476947 -17.500028791476947 -17.500028791476947 -17.500028791476947 -17.500028791476947 -17.500028791476947 -17.500028791476947 -17.500028791476947 -17.500028791476947 -17.500028791476947 -17.500028791476947 -17.500028791476947 -17.500028791476947 -17.500028791476947 -17.500028791476947 -17.500028791476947 -17.500028791476947 -17.500028791476947 -17.500028791476947
2.336683417085427 -17.38948553350577 -17.38948553350577 -17.38948553350577 -17.38948553350577 -17.38948553350577 -17.38948553350577 -17.38948553350577 -17.38948553350577 -17.38948553350577 -17.38948553350577 -17.38948553350577 -17.38948553350577 -17.38948553350577 -17.38948553350577 -17.38948553350577 -17.38948553350577 -17.38948553350577 -17.38948553350577 -17.38948553350577 -17.38948553350577 -17.38948553350577 -17.38948553350577 -17.38948553350577 -17.38948553350577 -17.38948553350577 -17.38948553350577 -17.38948553350577 -17.38948553350577 -17.38948553350577
2.4120603015075375 -17.278942275534593 -17.278942275534593 -17.278942275534593 -17.278942275534593 -17.278942275534593 -17.278942275534593 -17.278942275534593 -17.278942275534593 -17.278942275534593 -17.278942275534593 -17.278942275534593 -17.278942275534593 -17.278942275534593 -17.278942275534593 -17.278942275534593 -17.278942275534593 -17.278942275534593 -17.278942275534593 -17.278942275534593 -17.278942275534593 -17.278942275534593 -17.278942275534593 -17.278942275534593 -17.278942275534593 -17.278942275534593 -17.278942275534593 -17.278942275534593 -17.278942275534593 -17.278942275534593
2.487437185929648 -17.168399017563416 -17.168399017563416 -17.168399017563416 -17.168399017563416 -17.168399017563416 -17.168399017563416 -17.168399017563416 -17.168399017563416 -17.168399017563416 -17.168399017563416 -17.168399017563416 -17.168399017563416 -17.168399017563416 -17.168399017563416 -17.168399017563416 -17.168399017563416 -17.168399017563416 -17.168399017563416 -17.168399017563416 -17.168399017563416 -17.168399017563416 -17.168399017563416 -17.168399017563416 -17.168399017563416 -17.168399017563416 -17.168399017563416 -17.168399017563416 -17.168399017563416 -17.168399017563416
2.5628140703517586 -17.05785575959224 -17.05785575959224 -17.05785575959224 -17.05785575959224 -17.05785575959224 -17.05785575959224 -17.05785575959224 -17.05785575959224 -17.05785575959224 -17.05785575959224 -17.05785575959224 -17.05785575959224 -17.05785575959224 -17.05785575959224 -17.05785575959224 -17.05785575959224 -17.05785575959224 -17.05785575959224 -17.05785575959224 -17.05785575959224 -17.05785575959224 -17.05785575959224 -17.05785575959224 -17.05785575959224 -17.05785575959224 -17.05785575959224 -17.05785575959224 -17.05785575959224 -17.05785575959224
2.638190954773869 -16.947312501621063 -16.947312501621063 -16.947312501621063 -16.947312501621063 -16.947312501621063 -16.947312501621063 -16.947312501621063 -16.947312501621063 -16.947312501621063 -16.947312501621063 -16.947312501621063 -16.947312501621063 -16.947312501621063 -16.947312501621063 -16.947312501621063 -16.947312501621063 -16.947312501621063 -16.947312501621063 -16.947312501621063 -16.947312501621063 -16.947312501621063 -16.947312501621063 -16.947312501621063 -16.947312501621063 -16.947312501621063 -16.947312501621063 -16.947312501621063 -16.947312501621063 -16.947312501621063
2.7135678391959797 -16.836769243649886 -16.836769243649886 -16.836769243649886 -16.836769243649886 -16.836769243649886 -16.836769243649886 -16.836769243649886 -16.836769243649886 -16.836769243649886 -16.836769243649886 -16.836769243649886 -16.836769243649886 -16.836769243649886 -16.836769243649886 -16.836769243649886 -16.836769243649886 -16.836769243649886 -16.836769243649886 -16.836769243649886 -16.836769243649886 -16.836769243649886 -16.836769243649886 -16.836769243649886 -16.836769243649886 -16.836769243649886 -16.836769243649886 -16.836769243649886 -16.836769243649886 -16.836769243649886
2.78894472361809 -16.72622598567871 -16.72622598567871 -16.72622598567871 -16.72622598567871 -16.72622598567871 -16.72622598567871 -16.72622598567871 -16.72622598567871 -16.72622598567871 -16.72622598567871 -16.72622598567871 -16.72622598567871 -16.72622598567871 -16.72622598567871 -16.72622598567871 -16.72622598567871 -16.72622598567871 -16.72622598567871 -16.72622598567871 -16.72622598567871 -16.72622598567871 -16.72622598567871 -16.72622598567871 -16.72622598567871 -16.72622598567871 -16.72622598567871 -16.72622598567871 -16.72622598567871 -16.72622598567871
2.8643216080402008 -16.615682727707533 -16.615682727707533 -16.615682727707533 -16.615682727707533 -16.615682727707533 -16.615682727707533 -16.615682727707533 -16.615682727707533 -16.615682727707533 -16.615682727707533 -16.615682727707533 -16.615682727707533 -16.615682727707533 -16.615682727707533 -16.615682727707533 -16.615682727707533 -16.615682727707533 -16.615682727707533 -16.615682727707533 -16.615682727707533 -16.615682727707533 -16.615682727707533 -16.615682727707533 -16.615682727707533 -16.615682727707533 -16.615682727707533 -16.615682727707533 -16.615682727707533 -16.615682727707533
2.9396984924623113 -16.505139469736356 -16.505139469736356 -16.505139469736356 -16.505139469736356 -16.505139469736356 -16.505139469736356 -16.505139469736356 -16.505139469736356 -16.505139469736356 -16.505139469736356 -16.505139469736356 -16.505139469736356 -16.505139469736356 -16.505139469736356 -16.505139469736356 -16.505139469736356 -16.505139469736356 -16.505139469736356 -16.505139469736356 -16.505139469736356 -16.505139469736356 -16.505139469736356 -16.505139469736356 -16.505139469736356 -16.505139469736356 -16.505139469736356 -16.505139469736356 -16.505139469736356 -16.505139469736356
3.015075376884422 -16.39459621176518 -16.39459621176518 -16.39459621176518 -16.39459621176518 -16.39459621176518 -16.39459621176518 -16.39459621176518 -16.39459621176518 -16.39459621176518 -16.39459621176518 -16.39459621176518 -16.39459621176518 -16.39459621176518 -16.39459621176518 -16.39459621176518 -16.39459621176518 -16.39459621176518 -16.39459621176518 -16.39459621176518 -16.39459621176518 -16.39459621176518 -16.39459621176518 -16.39459621176518 -16.39459621176518 -16.39459621176518 -16.39459621176518 -16.39459621176518 -16.39459621176518 -16.39459621176518
3.0904522613065324 -16.284052953794003 -16.284052953794003 -16.284052953794003 -16.284052953794003 -16.284052953794003 -16.284052953794003 -16.284052953794003 -16.284052953794003 -16.284052953794003 -16.284052953794003 -16.284052953794003 -16.284052953794003 -16.284052953794003 -16.284052953794003 -16.284052953794003 -16.284052953794003 -16.284052953794003 -16.284052953794003 -16.284052953794003 -16.284052953794003 -16.284052953794003 -16.284052953794003 -16.284052953794003 -16.284052953794003 -16.284052953794003 -16.284052953794003 -16.284052953794003 -16.284052953794003 -16.284052953794003
3.165829145728643 -16.173509695822826 -16.173509695822826 -16.173509695822826 -16.173509695822826 -16.173509695822826 -16.173509695822826 -16.173509695822826 -16.173509695822826 -16.173509695822826 -16.173509695822826 -16.173509695822826 -16.173509695822826 -16.173509695822826 -16.173509695822826 -16.173509695822826 -16.173509695822826 -16.173509695822826 -16.173509695822826 -16.173509695822826 -16.173509695822826 -16.173509695822826 -16.173509695822826 -16.173509695822826 -16.173509695822826 -16.173509695822826 -16.173509695822826 -16.173509695822826 -16.173509695822826 -16.173509695822826
3.2412060301507535 -16.06296643785165 -16.06296643785165 -16.06296643785165 -16.06296643785165 -16.06296643785165 -16.06296643785165 -16.06296643785165 -16.06296643785165 -16.06296643785165 -16.06296643785165 -16.06296643785165 -16.06296643785165 -16.06296643785165 -16.06296643785165 -16.06296643785165 -16.06296643785165 -16.06296643785165 -16.06296643785165 -16.06296643785165 -16.06296643785165 -16.06296643785165 -16.06296643785165 -16.06296643785165 -16.06296643785165 -16.06296643785165 -16.06296643785165 -16.06296643785165 -16.06296643785165 -16.06296643785165
3.316582914572864 -15.952423179880473 -15.952423179880473 -15.952423179880473 -15.952423179880473 -15.952423179880473 -15.952423179880473 -15.952423179880473 -15.952423179880473 -15.952423179880473 -15.952423179880473 -15.952423179880473 -15.952423179880473 -15.952423179880473 -15.952423179880473 -15.952423179880473 -15.952423179880473 -15.952423179880473 -15.952423179880473 -15.952423179880473 -15.952423179880473 -15.952423179880473 -15.952423179880473 -15.952423179880473 -15.952423179880473 -15.952423179880473 -15.952423179880473 -15.952423179880473 -15.952423179880473 -15.952423179880473
3.3919597989949746 -15.841879921909296 -15.841879921909296 -15.841879921909296 -15.841879921909296 -15.841879921909296 -15.841879921909296 -15.841879921909296 -15.841879921909296 -15.841879921909296 -15.841879921909296 -15.841879921909296 -15.841879921909296 -15.841879921909296 -15.841879921909296 -15.841879921909296 -15.841879921909296 -15.841879921909296 -15.841879921909296 -15.841879921909296 -15.841879921909296 -15.841879921909296 -15.841879921909296 -15.841879921909296 -15.841879921909296 -15.841879921909296 -15.841879921909296 -15.841879921909296 -15.841879921909296 -15.841879921909296
3.467336683417085 -15.73133666393812 -15.73133666393812 -15.73133666393812 -15.73133666393812 -15.73133666393812 -15.73133666393812 -15.73133666393812 -15.73133666393812 -15.73133666393812 -15.73133666393812 -15.73133666393812 -15.73133666393812 -15.73133666393812 -15.73133666393812 -15.73133666393812 -15.73133666393812 -15.73133666393812 -15.73133666393812 -15.73133666393812 -15.73133666393812 -15.73133666393812 -15.73133666393812 -15.73133666393812 -15.73133666393812 -15.73133666393812 -15.73133666393812 -15.73133666393812 -15.73133666393812 -15.73133666393812
3.5427135678391957 -15.620793405966943 -15.620793405966943 -15.620793405966943 -15.620793405966943 -15.620793405966943 -15.620793405966943 -15.620793405966943 -15.620793405966943 -15.620793405966943 -15.620793405966943 -15.620793405966943 -15.620793405966943 -15.620793405966943 -15.620793405966943 -15.620793405966943 -15.620793405966943 -15.620793405966943 -15.620793405966943 -15.620793405966943 -15.620793405966943 -15.620793405966943 -15.620793405966943 -15.620793405966943 -15.620793405966943 -15.620793405966943 -15.620793405966943 -15.620793405966943 -15.620793405966943 -15.620793405966943
3.618090452261306 -15.510250147995766 -15.510250147995766 -15.510250147995766 -15.510250147995766 -15.510250147995766 -15.510250147995766 -15.510250147995766 -15.510250147995766 -15.510250147995766 -15.510250147995766 -15.510250147995766 -15.510250147995766 -15.510250147995766 -15.510250147995766 -15.510250147995766 -15.510250147995766 -15.510250147995766 -15.510250147995766 -15.510250147995766 -15.510250147995766 -15.510250147995766 -15.510250147995766 -15.510250147995766 -15.510250147995766 -15.510250147995766 -15.510250147995766 -15.510250147995766 -15.510250147995766 -15.510250147995766
3.6934673366834168 -15.39970689002459 -15.39970689002459 -15.39970689002459 -15.39970689002459 -15.39970689002459 -15.39970689002459 -15.39970689002459 -15.39970689002459 -15.39970689002459 -15.39970689002459 -15.39970689002459 -15.39970689002459 -15.39970689002459 -15.39970689002459 -15.39970689002459 -15.39970689002459 -15.39970689002459 -15.39970689002459 -15.39970689002459 -15.39970689002459 -15.39970689002459 -15.39970689002459 -15.39970689002459 -15.39970689002459 -15.39970689002459 -15.39970689002459 -15.39970689002459 -15.39970689002459 -15.39970689002459
3.7688442211055273 -15.289163632053413 -15.289163632053413 -15.289163632053413 -15.289163632053413 -15.289163632053413 -15.289163632053413 -15.289163632053413 -15.289163632053413 -15.289163632053413 -15.289163632053413 -15.289163632053413 -15.289163632053413 -15.289163632053413 -15.289163632053413 -15.289163632053413 -15.289163632053413 -15.289163632053413 -15.289163632053413 -15.289163632053413 -15.289163632053413 -15.289163632053413 -15.289163632053413 -15.289163632053413 -15.289163632053413 -15.289163632053413 -15.289163632053413 -15.289163632053413 -15.289163632053413 -15.289163632053413
3.844221105527638 -15.178620374082236 -15.178620374082236 -15.178620374082236 -15.178620374082236 -15.178620374082236 -15.178620374082236 -15.178620374082236 -15.178620374082236 -15.178620374082236 -15.178620374082236 -15.178620374082236 -15.178620374082236 -15.178620374082236 -15.178620374082236 -15.178620374082236 -15.178620374082236 -15.178620374082236 -15.178620374082236 -15.178620374082236 -15.178620374082236 -15.178620374082236 -15.178620374082236 -15.178620374082236 -15.178620374082236 -15.178620374082236 -15.178620374082236 -15.178620374082236 -15.178620374082236 -15.178620374082236
3.9195979899497484 -15.06807711611106 -15.06807711611106 -15.06807711611106 -15.06807711611106 -15.06807711611106 -15.06807711611106 -15.06807711611106 -15.06807711611106 -15.06807711611106 -15.06807711611106 -15.06807711611106 -15.06807711611106 -15.06807711611106 -15.06807711611106 -15.06807711611106 -15.06807711611106 -15.06807711611106 -15.06807711611106 -15.06807711611106 -15.06807711611106 -15.06807711611106 -15.06807711611106 -15.06807711611106 -15.06807711611106 -15.06807711611106 -15.06807711611106 -15.06807711611106 -15.06807711611106 -15.06807711611106
3.994974874371859 -14.957533858139882 -14.957533858139882 -14.957533858139882 -14.957533858139882 -14.957533858139882 -14.957533858139882 -14.957533858139882 -14.957533858139882 -14.957533858139882 -14.957533858139882 -14.957533858139882 -14.957533858139882 -14.957533858139882 -14.957533858139882 -14.957533858139882 -14.957533858139882 -14.957533858139882 -14.957533858139882 -14.957533858139882 -14.957533858139882 -14.957533858139882 -14.957533858139882 -14.957533858139882 -14.957533858139882 -14.957533858139882 -14.957533858139882 -14.957533858139882 -14.957533858139882 -14.957533858139882
