web/models/linear/98/-20_816_0_311.dat
# %ECSV 1.0
# ---
# datatype:
# - {name: time, datatype: float64}
# - {name: swift_uvot_uvw2, datatype: float64}
# - {name: swift_uvot_uvm2, datatype: float64}
# - {name: swift_uvot_uvw1, datatype: float64}
# - {name: swift_uvot_U, datatype: float64}
# - {name: swift_uvot_B, datatype: float64}
# - {name: swift_uvot_V, datatype: float64}
# - {name: swift_uvot_W, datatype: float64}
# - {name: johnson_U, datatype: float64}
# - {name: johnson_B, datatype: float64}
# - {name: johnson_V, datatype: float64}
# - {name: johnson_R, datatype: float64}
# - {name: johnson_I, datatype: float64}
# - {name: sdss_u, datatype: float64}
# - {name: sdss_g, datatype: float64}
# - {name: sdss_r, datatype: float64}
# - {name: sdss_i, datatype: float64}
# - {name: sdss_z, datatype: float64}
# - {name: PS1_g, datatype: float64}
# - {name: PS1_r, datatype: float64}
# - {name: PS1_i, datatype: float64}
# - {name: PS1_z, datatype: float64}
# - {name: PS1_Y, datatype: float64}
# - {name: PS1_w, datatype: float64}
# - {name: ATLAS_c, datatype: float64}
# - {name: ATLAS_o, datatype: float64}
# - {name: ukirt_J, datatype: float64}
# - {name: ukirt_H, datatype: float64}
# - {name: ukirt_K, datatype: float64}
# - {name: Clear, datatype: float64}
# meta: !!omap
# - comment: [M=-20.816326530612244, dM=0.3108955361862286]
# schema: astropy-2.0
time swift_uvot_uvw2 swift_uvot_uvm2 swift_uvot_uvw1 swift_uvot_U swift_uvot_B swift_uvot_V swift_uvot_W johnson_U johnson_B johnson_V johnson_R johnson_I sdss_u sdss_g sdss_r sdss_i sdss_z PS1_g PS1_r PS1_i PS1_z PS1_Y PS1_w ATLAS_c ATLAS_o ukirt_J ukirt_H ukirt_K Clear
[from data line 83]
6.256281407035175 -18.87127656804011 -18.87127656804011 -18.87127656804011 -18.87127656804011 -18.87127656804011 -18.87127656804011 -18.87127656804011 -18.87127656804011 -18.87127656804011 -18.87127656804011 -18.87127656804011 -18.87127656804011 -18.87127656804011 -18.87127656804011 -18.87127656804011 -18.87127656804011 -18.87127656804011 -18.87127656804011 -18.87127656804011 -18.87127656804011 -18.87127656804011 -18.87127656804011 -18.87127656804011 -18.87127656804011 -18.87127656804011 -18.87127656804011 -18.87127656804011 -18.87127656804011 -18.87127656804011
6.331658291457286 -18.84784223114165 -18.84784223114165 -18.84784223114165 -18.84784223114165 -18.84784223114165 -18.84784223114165 -18.84784223114165 -18.84784223114165 -18.84784223114165 -18.84784223114165 -18.84784223114165 -18.84784223114165 -18.84784223114165 -18.84784223114165 -18.84784223114165 -18.84784223114165 -18.84784223114165 -18.84784223114165 -18.84784223114165 -18.84784223114165 -18.84784223114165 -18.84784223114165 -18.84784223114165 -18.84784223114165 -18.84784223114165 -18.84784223114165 -18.84784223114165 -18.84784223114165 -18.84784223114165
6.407035175879397 -18.82440789424319 -18.82440789424319 -18.82440789424319 -18.82440789424319 -18.82440789424319 -18.82440789424319 -18.82440789424319 -18.82440789424319 -18.82440789424319 -18.82440789424319 -18.82440789424319 -18.82440789424319 -18.82440789424319 -18.82440789424319 -18.82440789424319 -18.82440789424319 -18.82440789424319 -18.82440789424319 -18.82440789424319 -18.82440789424319 -18.82440789424319 -18.82440789424319 -18.82440789424319 -18.82440789424319 -18.82440789424319 -18.82440789424319 -18.82440789424319 -18.82440789424319 -18.82440789424319
6.482412060301507 -18.800973557344733 -18.800973557344733 -18.800973557344733 -18.800973557344733 -18.800973557344733 -18.800973557344733 -18.800973557344733 -18.800973557344733 -18.800973557344733 -18.800973557344733 -18.800973557344733 -18.800973557344733 -18.800973557344733 -18.800973557344733 -18.800973557344733 -18.800973557344733 -18.800973557344733 -18.800973557344733 -18.800973557344733 -18.800973557344733 -18.800973557344733 -18.800973557344733 -18.800973557344733 -18.800973557344733 -18.800973557344733 -18.800973557344733 -18.800973557344733 -18.800973557344733 -18.800973557344733
6.557788944723617 -18.777539220446272 -18.777539220446272 -18.777539220446272 -18.777539220446272 -18.777539220446272 -18.777539220446272 -18.777539220446272 -18.777539220446272 -18.777539220446272 -18.777539220446272 -18.777539220446272 -18.777539220446272 -18.777539220446272 -18.777539220446272 -18.777539220446272 -18.777539220446272 -18.777539220446272 -18.777539220446272 -18.777539220446272 -18.777539220446272 -18.777539220446272 -18.777539220446272 -18.777539220446272 -18.777539220446272 -18.777539220446272 -18.777539220446272 -18.777539220446272 -18.777539220446272 -18.777539220446272
6.633165829145728 -18.754104883547814 -18.754104883547814 -18.754104883547814 -18.754104883547814 -18.754104883547814 -18.754104883547814 -18.754104883547814 -18.754104883547814 -18.754104883547814 -18.754104883547814 -18.754104883547814 -18.754104883547814 -18.754104883547814 -18.754104883547814 -18.754104883547814 -18.754104883547814 -18.754104883547814 -18.754104883547814 -18.754104883547814 -18.754104883547814 -18.754104883547814 -18.754104883547814 -18.754104883547814 -18.754104883547814 -18.754104883547814 -18.754104883547814 -18.754104883547814 -18.754104883547814 -18.754104883547814
6.708542713567839 -18.730670546649353 -18.730670546649353 -18.730670546649353 -18.730670546649353 -18.730670546649353 -18.730670546649353 -18.730670546649353 -18.730670546649353 -18.730670546649353 -18.730670546649353 -18.730670546649353 -18.730670546649353 -18.730670546649353 -18.730670546649353 -18.730670546649353 -18.730670546649353 -18.730670546649353 -18.730670546649353 -18.730670546649353 -18.730670546649353 -18.730670546649353 -18.730670546649353 -18.730670546649353 -18.730670546649353 -18.730670546649353 -18.730670546649353 -18.730670546649353 -18.730670546649353 -18.730670546649353
6.783919597989949 -18.707236209750896 -18.707236209750896 -18.707236209750896 -18.707236209750896 -18.707236209750896 -18.707236209750896 -18.707236209750896 -18.707236209750896 -18.707236209750896 -18.707236209750896 -18.707236209750896 -18.707236209750896 -18.707236209750896 -18.707236209750896 -18.707236209750896 -18.707236209750896 -18.707236209750896 -18.707236209750896 -18.707236209750896 -18.707236209750896 -18.707236209750896 -18.707236209750896 -18.707236209750896 -18.707236209750896 -18.707236209750896 -18.707236209750896 -18.707236209750896 -18.707236209750896 -18.707236209750896
6.859296482412059 -18.683801872852435 -18.683801872852435 -18.683801872852435 -18.683801872852435 -18.683801872852435 -18.683801872852435 -18.683801872852435 -18.683801872852435 -18.683801872852435 -18.683801872852435 -18.683801872852435 -18.683801872852435 -18.683801872852435 -18.683801872852435 -18.683801872852435 -18.683801872852435 -18.683801872852435 -18.683801872852435 -18.683801872852435 -18.683801872852435 -18.683801872852435 -18.683801872852435 -18.683801872852435 -18.683801872852435 -18.683801872852435 -18.683801872852435 -18.683801872852435 -18.683801872852435 -18.683801872852435
6.93467336683417 -18.660367535953974 -18.660367535953974 -18.660367535953974 -18.660367535953974 -18.660367535953974 -18.660367535953974 -18.660367535953974 -18.660367535953974 -18.660367535953974 -18.660367535953974 -18.660367535953974 -18.660367535953974 -18.660367535953974 -18.660367535953974 -18.660367535953974 -18.660367535953974 -18.660367535953974 -18.660367535953974 -18.660367535953974 -18.660367535953974 -18.660367535953974 -18.660367535953974 -18.660367535953974 -18.660367535953974 -18.660367535953974 -18.660367535953974 -18.660367535953974 -18.660367535953974 -18.660367535953974
7.010050251256281 -18.636933199055516 -18.636933199055516 -18.636933199055516 -18.636933199055516 -18.636933199055516 -18.636933199055516 -18.636933199055516 -18.636933199055516 -18.636933199055516 -18.636933199055516 -18.636933199055516 -18.636933199055516 -18.636933199055516 -18.636933199055516 -18.636933199055516 -18.636933199055516 -18.636933199055516 -18.636933199055516 -18.636933199055516 -18.636933199055516 -18.636933199055516 -18.636933199055516 -18.636933199055516 -18.636933199055516 -18.636933199055516 -18.636933199055516 -18.636933199055516 -18.636933199055516 -18.636933199055516
7.085427135678391 -18.61349886215706 -18.61349886215706 -18.61349886215706 -18.61349886215706 -18.61349886215706 -18.61349886215706 -18.61349886215706 -18.61349886215706 -18.61349886215706 -18.61349886215706 -18.61349886215706 -18.61349886215706 -18.61349886215706 -18.61349886215706 -18.61349886215706 -18.61349886215706 -18.61349886215706 -18.61349886215706 -18.61349886215706 -18.61349886215706 -18.61349886215706 -18.61349886215706 -18.61349886215706 -18.61349886215706 -18.61349886215706 -18.61349886215706 -18.61349886215706 -18.61349886215706 -18.61349886215706
7.160804020100501 -18.590064525258597 -18.590064525258597 -18.590064525258597 -18.590064525258597 -18.590064525258597 -18.590064525258597 -18.590064525258597 -18.590064525258597 -18.590064525258597 -18.590064525258597 -18.590064525258597 -18.590064525258597 -18.590064525258597 -18.590064525258597 -18.590064525258597 -18.590064525258597 -18.590064525258597 -18.590064525258597 -18.590064525258597 -18.590064525258597 -18.590064525258597 -18.590064525258597 -18.590064525258597 -18.590064525258597 -18.590064525258597 -18.590064525258597 -18.590064525258597 -18.590064525258597 -18.590064525258597
7.236180904522612 -18.566630188360136 -18.566630188360136 -18.566630188360136 -18.566630188360136 -18.566630188360136 -18.566630188360136 -18.566630188360136 -18.566630188360136 -18.566630188360136 -18.566630188360136 -18.566630188360136 -18.566630188360136 -18.566630188360136 -18.566630188360136 -18.566630188360136 -18.566630188360136 -18.566630188360136 -18.566630188360136 -18.566630188360136 -18.566630188360136 -18.566630188360136 -18.566630188360136 -18.566630188360136 -18.566630188360136 -18.566630188360136 -18.566630188360136 -18.566630188360136 -18.566630188360136 -18.566630188360136
7.311557788944723 -18.54319585146168 -18.54319585146168 -18.54319585146168 -18.54319585146168 -18.54319585146168 -18.54319585146168 -18.54319585146168 -18.54319585146168 -18.54319585146168 -18.54319585146168 -18.54319585146168 -18.54319585146168 -18.54319585146168 -18.54319585146168 -18.54319585146168 -18.54319585146168 -18.54319585146168 -18.54319585146168 -18.54319585146168 -18.54319585146168 -18.54319585146168 -18.54319585146168 -18.54319585146168 -18.54319585146168 -18.54319585146168 -18.54319585146168 -18.54319585146168 -18.54319585146168 -18.54319585146168
7.3869346733668335 -18.519761514563218 -18.519761514563218 -18.519761514563218 -18.519761514563218 -18.519761514563218 -18.519761514563218 -18.519761514563218 -18.519761514563218 -18.519761514563218 -18.519761514563218 -18.519761514563218 -18.519761514563218 -18.519761514563218 -18.519761514563218 -18.519761514563218 -18.519761514563218 -18.519761514563218 -18.519761514563218 -18.519761514563218 -18.519761514563218 -18.519761514563218 -18.519761514563218 -18.519761514563218 -18.519761514563218 -18.519761514563218 -18.519761514563218 -18.519761514563218 -18.519761514563218 -18.519761514563218
7.462311557788944 -18.49632717766476 -18.49632717766476 -18.49632717766476 -18.49632717766476 -18.49632717766476 -18.49632717766476 -18.49632717766476 -18.49632717766476 -18.49632717766476 -18.49632717766476 -18.49632717766476 -18.49632717766476 -18.49632717766476 -18.49632717766476 -18.49632717766476 -18.49632717766476 -18.49632717766476 -18.49632717766476 -18.49632717766476 -18.49632717766476 -18.49632717766476 -18.49632717766476 -18.49632717766476 -18.49632717766476 -18.49632717766476 -18.49632717766476 -18.49632717766476 -18.49632717766476 -18.49632717766476
7.537688442211055 -18.4728928407663 -18.4728928407663 -18.4728928407663 -18.4728928407663 -18.4728928407663 -18.4728928407663 -18.4728928407663 -18.4728928407663 -18.4728928407663 -18.4728928407663 -18.4728928407663 -18.4728928407663 -18.4728928407663 -18.4728928407663 -18.4728928407663 -18.4728928407663 -18.4728928407663 -18.4728928407663 -18.4728928407663 -18.4728928407663 -18.4728928407663 -18.4728928407663 -18.4728928407663 -18.4728928407663 -18.4728928407663 -18.4728928407663 -18.4728928407663 -18.4728928407663 -18.4728928407663
7.613065326633166 -18.44945850386784 -18.44945850386784 -18.44945850386784 -18.44945850386784 -18.44945850386784 -18.44945850386784 -18.44945850386784 -18.44945850386784 -18.44945850386784 -18.44945850386784 -18.44945850386784 -18.44945850386784 -18.44945850386784 -18.44945850386784 -18.44945850386784 -18.44945850386784 -18.44945850386784 -18.44945850386784 -18.44945850386784 -18.44945850386784 -18.44945850386784 -18.44945850386784 -18.44945850386784 -18.44945850386784 -18.44945850386784 -18.44945850386784 -18.44945850386784 -18.44945850386784 -18.44945850386784
7.688442211055276 -18.42602416696938 -18.42602416696938 -18.42602416696938 -18.42602416696938 -18.42602416696938 -18.42602416696938 -18.42602416696938 -18.42602416696938 -18.42602416696938 -18.42602416696938 -18.42602416696938 -18.42602416696938 -18.42602416696938 -18.42602416696938 -18.42602416696938 -18.42602416696938 -18.42602416696938 -18.42602416696938 -18.42602416696938 -18.42602416696938 -18.42602416696938 -18.42602416696938 -18.42602416696938 -18.42602416696938 -18.42602416696938 -18.42602416696938 -18.42602416696938 -18.42602416696938 -18.42602416696938
7.763819095477386 -18.402589830070923 -18.402589830070923 -18.402589830070923 -18.402589830070923 -18.402589830070923 -18.402589830070923 -18.402589830070923 -18.402589830070923 -18.402589830070923 -18.402589830070923 -18.402589830070923 -18.402589830070923 -18.402589830070923 -18.402589830070923 -18.402589830070923 -18.402589830070923 -18.402589830070923 -18.402589830070923 -18.402589830070923 -18.402589830070923 -18.402589830070923 -18.402589830070923 -18.402589830070923 -18.402589830070923 -18.402589830070923 -18.402589830070923 -18.402589830070923 -18.402589830070923 -18.402589830070923
7.839195979899497 -18.379155493172462 -18.379155493172462 -18.379155493172462 -18.379155493172462 -18.379155493172462 -18.379155493172462 -18.379155493172462 -18.379155493172462 -18.379155493172462 -18.379155493172462 -18.379155493172462 -18.379155493172462 -18.379155493172462 -18.379155493172462 -18.379155493172462 -18.379155493172462 -18.379155493172462 -18.379155493172462 -18.379155493172462 -18.379155493172462 -18.379155493172462 -18.379155493172462 -18.379155493172462 -18.379155493172462 -18.379155493172462 -18.379155493172462 -18.379155493172462 -18.379155493172462 -18.379155493172462
7.914572864321608 -18.355721156274 -18.355721156274 -18.355721156274 -18.355721156274 -18.355721156274 -18.355721156274 -18.355721156274 -18.355721156274 -18.355721156274 -18.355721156274 -18.355721156274 -18.355721156274 -18.355721156274 -18.355721156274 -18.355721156274 -18.355721156274 -18.355721156274 -18.355721156274 -18.355721156274 -18.355721156274 -18.355721156274 -18.355721156274 -18.355721156274 -18.355721156274 -18.355721156274 -18.355721156274 -18.355721156274 -18.355721156274 -18.355721156274
7.989949748743718 -18.332286819375543 -18.332286819375543 -18.332286819375543 -18.332286819375543 -18.332286819375543 -18.332286819375543 -18.332286819375543 -18.332286819375543 -18.332286819375543 -18.332286819375543 -18.332286819375543 -18.332286819375543 -18.332286819375543 -18.332286819375543 -18.332286819375543 -18.332286819375543 -18.332286819375543 -18.332286819375543 -18.332286819375543 -18.332286819375543 -18.332286819375543 -18.332286819375543 -18.332286819375543 -18.332286819375543 -18.332286819375543 -18.332286819375543 -18.332286819375543 -18.332286819375543 -18.332286819375543
8.065326633165828 -18.308852482477086 -18.308852482477086 -18.308852482477086 -18.308852482477086 -18.308852482477086 -18.308852482477086 -18.308852482477086 -18.308852482477086 -18.308852482477086 -18.308852482477086 -18.308852482477086 -18.308852482477086 -18.308852482477086 -18.308852482477086 -18.308852482477086 -18.308852482477086 -18.308852482477086 -18.308852482477086 -18.308852482477086 -18.308852482477086 -18.308852482477086 -18.308852482477086 -18.308852482477086 -18.308852482477086 -18.308852482477086 -18.308852482477086 -18.308852482477086 -18.308852482477086 -18.308852482477086
8.140703517587939 -18.285418145578625 -18.285418145578625 -18.285418145578625 -18.285418145578625 -18.285418145578625 -18.285418145578625 -18.285418145578625 -18.285418145578625 -18.285418145578625 -18.285418145578625 -18.285418145578625 -18.285418145578625 -18.285418145578625 -18.285418145578625 -18.285418145578625 -18.285418145578625 -18.285418145578625 -18.285418145578625 -18.285418145578625 -18.285418145578625 -18.285418145578625 -18.285418145578625 -18.285418145578625 -18.285418145578625 -18.285418145578625 -18.285418145578625 -18.285418145578625 -18.285418145578625 -18.285418145578625
