web/models/linear/98/-20_816_0_056.dat
# %ECSV 1.0
# ---
# datatype:
# - {name: time, datatype: float64}
# - {name: sdss_u, datatype: float64}
# - {name: sdss_g, datatype: float64}
# - {name: sdss_r, datatype: float64}
# - {name: sdss_i, datatype: float64}
# - {name: sdss_z, datatype: float64}
# - {name: Clear, datatype: float64}
# - {name: johnson_B, datatype: float64}
# - {name: johnson_V, datatype: float64}
# - {name: johnson_R, datatype: float64}
# - {name: johnson_I, datatype: float64}
# - {name: ukirt_J, datatype: float64}
# - {name: ukirt_H, datatype: float64}
# - {name: ukirt_K, datatype: float64}
# meta: !!omap
# - comment: [M=-20.816326530612244, dM=0.05643739198611264]
# schema: astropy-2.0
time sdss_u sdss_g sdss_r sdss_i sdss_z Clear johnson_B johnson_V johnson_R johnson_I ukirt_J ukirt_H ukirt_K
[from data line 176]
13.266331658291456 -20.067609370595473 -20.067609370595473 -20.067609370595473 -20.067609370595473 -20.067609370595473 -20.067609370595473 -20.067609370595473 -20.067609370595473 -20.067609370595473 -20.067609370595473 -20.067609370595473 -20.067609370595473 -20.067609370595473
13.341708542713567 -20.06335529582265 -20.06335529582265 -20.06335529582265 -20.06335529582265 -20.06335529582265 -20.06335529582265 -20.06335529582265 -20.06335529582265 -20.06335529582265 -20.06335529582265 -20.06335529582265 -20.06335529582265 -20.06335529582265
13.417085427135678 -20.05910122104983 -20.05910122104983 -20.05910122104983 -20.05910122104983 -20.05910122104983 -20.05910122104983 -20.05910122104983 -20.05910122104983 -20.05910122104983 -20.05910122104983 -20.05910122104983 -20.05910122104983 -20.05910122104983
13.492462311557787 -20.054847146277005 -20.054847146277005 -20.054847146277005 -20.054847146277005 -20.054847146277005 -20.054847146277005 -20.054847146277005 -20.054847146277005 -20.054847146277005 -20.054847146277005 -20.054847146277005 -20.054847146277005 -20.054847146277005
13.567839195979898 -20.05059307150418 -20.05059307150418 -20.05059307150418 -20.05059307150418 -20.05059307150418 -20.05059307150418 -20.05059307150418 -20.05059307150418 -20.05059307150418 -20.05059307150418 -20.05059307150418 -20.05059307150418 -20.05059307150418
13.64321608040201 -20.04633899673136 -20.04633899673136 -20.04633899673136 -20.04633899673136 -20.04633899673136 -20.04633899673136 -20.04633899673136 -20.04633899673136 -20.04633899673136 -20.04633899673136 -20.04633899673136 -20.04633899673136 -20.04633899673136
13.718592964824118 -20.042084921958537 -20.042084921958537 -20.042084921958537 -20.042084921958537 -20.042084921958537 -20.042084921958537 -20.042084921958537 -20.042084921958537 -20.042084921958537 -20.042084921958537 -20.042084921958537 -20.042084921958537 -20.042084921958537
13.79396984924623 -20.037830847185717 -20.037830847185717 -20.037830847185717 -20.037830847185717 -20.037830847185717 -20.037830847185717 -20.037830847185717 -20.037830847185717 -20.037830847185717 -20.037830847185717 -20.037830847185717 -20.037830847185717 -20.037830847185717
13.86934673366834 -20.033576772412893 -20.033576772412893 -20.033576772412893 -20.033576772412893 -20.033576772412893 -20.033576772412893 -20.033576772412893 -20.033576772412893 -20.033576772412893 -20.033576772412893 -20.033576772412893 -20.033576772412893 -20.033576772412893
13.944723618090451 -20.02932269764007 -20.02932269764007 -20.02932269764007 -20.02932269764007 -20.02932269764007 -20.02932269764007 -20.02932269764007 -20.02932269764007 -20.02932269764007 -20.02932269764007 -20.02932269764007 -20.02932269764007 -20.02932269764007
14.020100502512562 -20.02506862286725 -20.02506862286725 -20.02506862286725 -20.02506862286725 -20.02506862286725 -20.02506862286725 -20.02506862286725 -20.02506862286725 -20.02506862286725 -20.02506862286725 -20.02506862286725 -20.02506862286725 -20.02506862286725
14.095477386934672 -20.020814548094425 -20.020814548094425 -20.020814548094425 -20.020814548094425 -20.020814548094425 -20.020814548094425 -20.020814548094425 -20.020814548094425 -20.020814548094425 -20.020814548094425 -20.020814548094425 -20.020814548094425 -20.020814548094425
14.170854271356783 -20.016560473321604 -20.016560473321604 -20.016560473321604 -20.016560473321604 -20.016560473321604 -20.016560473321604 -20.016560473321604 -20.016560473321604 -20.016560473321604 -20.016560473321604 -20.016560473321604 -20.016560473321604 -20.016560473321604
14.246231155778894 -20.01230639854878 -20.01230639854878 -20.01230639854878 -20.01230639854878 -20.01230639854878 -20.01230639854878 -20.01230639854878 -20.01230639854878 -20.01230639854878 -20.01230639854878 -20.01230639854878 -20.01230639854878 -20.01230639854878
14.321608040201003 -20.008052323775956 -20.008052323775956 -20.008052323775956 -20.008052323775956 -20.008052323775956 -20.008052323775956 -20.008052323775956 -20.008052323775956 -20.008052323775956 -20.008052323775956 -20.008052323775956 -20.008052323775956 -20.008052323775956
14.396984924623114 -20.003798249003136 -20.003798249003136 -20.003798249003136 -20.003798249003136 -20.003798249003136 -20.003798249003136 -20.003798249003136 -20.003798249003136 -20.003798249003136 -20.003798249003136 -20.003798249003136 -20.003798249003136 -20.003798249003136
14.472361809045225 -19.999544174230312 -19.999544174230312 -19.999544174230312 -19.999544174230312 -19.999544174230312 -19.999544174230312 -19.999544174230312 -19.999544174230312 -19.999544174230312 -19.999544174230312 -19.999544174230312 -19.999544174230312 -19.999544174230312
14.547738693467336 -19.99529009945749 -19.99529009945749 -19.99529009945749 -19.99529009945749 -19.99529009945749 -19.99529009945749 -19.99529009945749 -19.99529009945749 -19.99529009945749 -19.99529009945749 -19.99529009945749 -19.99529009945749 -19.99529009945749
14.623115577889447 -19.991036024684668 -19.991036024684668 -19.991036024684668 -19.991036024684668 -19.991036024684668 -19.991036024684668 -19.991036024684668 -19.991036024684668 -19.991036024684668 -19.991036024684668 -19.991036024684668 -19.991036024684668 -19.991036024684668
14.698492462311556 -19.986781949911844 -19.986781949911844 -19.986781949911844 -19.986781949911844 -19.986781949911844 -19.986781949911844 -19.986781949911844 -19.986781949911844 -19.986781949911844 -19.986781949911844 -19.986781949911844 -19.986781949911844 -19.986781949911844
14.773869346733667 -19.982527875139024 -19.982527875139024 -19.982527875139024 -19.982527875139024 -19.982527875139024 -19.982527875139024 -19.982527875139024 -19.982527875139024 -19.982527875139024 -19.982527875139024 -19.982527875139024 -19.982527875139024 -19.982527875139024
14.849246231155778 -19.9782738003662 -19.9782738003662 -19.9782738003662 -19.9782738003662 -19.9782738003662 -19.9782738003662 -19.9782738003662 -19.9782738003662 -19.9782738003662 -19.9782738003662 -19.9782738003662 -19.9782738003662 -19.9782738003662
14.924623115577887 -19.974019725593376 -19.974019725593376 -19.974019725593376 -19.974019725593376 -19.974019725593376 -19.974019725593376 -19.974019725593376 -19.974019725593376 -19.974019725593376 -19.974019725593376 -19.974019725593376 -19.974019725593376 -19.974019725593376
15.0 -19.969765650820555 -19.969765650820555 -19.969765650820555 -19.969765650820555 -19.969765650820555 -19.969765650820555 -19.969765650820555 -19.969765650820555 -19.969765650820555 -19.969765650820555 -19.969765650820555 -19.969765650820555 -19.969765650820555
