web/models/kne.last_good/kappa_0.5_3.0.v2/13/villar_0.0079_0.2650_0.5000.dat
# %ECSV 1.0
# ---
# datatype:
# - {name: time, datatype: float64}
# - {name: swift_uvot_uvw2, datatype: float64}
# - {name: swift_uvot_uvm2, datatype: float64}
# - {name: swift_uvot_uvw1, datatype: float64}
# - {name: swift_uvot_U, datatype: float64}
# - {name: swift_uvot_B, datatype: float64}
# - {name: swift_uvot_V, datatype: float64}
# - {name: swift_uvot_W, datatype: float64}
# - {name: johnson_U, datatype: float64}
# - {name: johnson_B, datatype: float64}
# - {name: johnson_V, datatype: float64}
# - {name: johnson_R, datatype: float64}
# - {name: johnson_I, datatype: float64}
# - {name: sdss_u, datatype: float64}
# - {name: sdss_g, datatype: float64}
# - {name: sdss_r, datatype: float64}
# - {name: sdss_i, datatype: float64}
# - {name: sdss_z, datatype: float64}
# - {name: PS1_g, datatype: float64}
# - {name: PS1_r, datatype: float64}
# - {name: PS1_i, datatype: float64}
# - {name: PS1_z, datatype: float64}
# - {name: PS1_Y, datatype: float64}
# - {name: PS1_w, datatype: float64}
# - {name: ATLAS_c, datatype: float64}
# - {name: ATLAS_o, datatype: float64}
# - {name: ukirt_J, datatype: float64}
# - {name: ukirt_H, datatype: float64}
# - {name: ukirt_K, datatype: float64}
# - {name: Clear, datatype: float64}
# meta: !!omap
# - comment: [kappa = 0.5, type = villar, mass = 0.00793700525986525, velocity = 0.265, theta_obs = 0.0, tfloor = 2500.0]
# schema: astropy-2.0
time swift_uvot_uvw2 swift_uvot_uvm2 swift_uvot_uvw1 swift_uvot_U swift_uvot_B swift_uvot_V swift_uvot_W johnson_U johnson_B johnson_V johnson_R johnson_I sdss_u sdss_g sdss_r sdss_i sdss_z PS1_g PS1_r PS1_i PS1_z PS1_Y PS1_w ATLAS_c ATLAS_o ukirt_J ukirt_H ukirt_K Clear
[from data line 205]
0.449518 -12.89 -13.275 -13.815 -14.643 -14.968 -15.098 -14.284 -14.709 -14.968 -15.096 -15.065 -14.925 -14.697 -15.025 -15.1 -15.031 -14.902 -15.056 -15.108 -15.039 -14.947 -14.896 -15.06 -15.07 -15.071 -14.527 -14.141 -13.642 -15.044
0.463113 -12.734 -13.124 -13.695 -14.564 -14.916 -15.067 -14.208 -14.635 -14.917 -15.066 -15.05 -14.922 -14.621 -14.981 -15.079 -15.022 -14.902 -15.015 -15.087 -15.03 -14.944 -14.897 -15.037 -15.036 -15.054 -14.538 -14.159 -13.665 -15.019
0.47712 -12.574 -12.967 -13.57 -14.481 -14.861 -15.034 -14.13 -14.557 -14.863 -15.033 -15.033 -14.919 -14.542 -14.934 -15.055 -15.011 -14.9 -14.971 -15.063 -15.019 -14.941 -14.897 -15.011 -15.0 -15.037 -14.549 -14.176 -13.688 -14.991
0.49155 -12.409 -12.803 -13.441 -14.394 -14.803 -14.998 -14.05 -14.475 -14.805 -14.998 -15.014 -14.914 -14.459 -14.885 -15.03 -14.998 -14.896 -14.925 -15.038 -15.007 -14.936 -14.896 -14.984 -14.961 -15.017 -14.558 -14.193 -13.71 -14.961
0.506416 -12.24 -12.634 -13.307 -14.302 -14.742 -14.96 -13.968 -14.388 -14.744 -14.961 -14.994 -14.907 -14.371 -14.832 -15.002 -14.984 -14.892 -14.876 -15.011 -14.992 -14.929 -14.894 -14.954 -14.92 -14.995 -14.567 -14.209 -13.731 -14.93
0.521733 -12.067 -12.457 -13.167 -14.206 -14.677 -14.919 -13.883 -14.298 -14.68 -14.92 -14.971 -14.899 -14.279 -14.776 -14.972 -14.968 -14.885 -14.823 -14.981 -14.977 -14.921 -14.891 -14.923 -14.876 -14.971 -14.575 -14.224 -13.753 -14.896
0.537512 -11.89 -12.274 -13.023 -14.106 -14.609 -14.875 -13.796 -14.203 -14.612 -14.877 -14.946 -14.889 -14.183 -14.717 -14.94 -14.95 -14.878 -14.768 -14.949 -14.959 -14.912 -14.886 -14.889 -14.83 -14.945 -14.582 -14.238 -13.773 -14.86
0.553769 -11.709 -12.085 -12.873 -14.001 -14.537 -14.828 -13.706 -14.104 -14.541 -14.831 -14.919 -14.878 -14.082 -14.654 -14.905 -14.93 -14.869 -14.71 -14.915 -14.939 -14.901 -14.88 -14.853 -14.78 -14.917 -14.588 -14.252 -13.794 -14.822
0.570517 -11.525 -11.888 -12.718 -13.891 -14.461 -14.779 -13.613 -14.001 -14.466 -14.783 -14.89 -14.865 -13.976 -14.589 -14.868 -14.908 -14.858 -14.648 -14.878 -14.918 -14.889 -14.873 -14.814 -14.728 -14.887 -14.593 -14.266 -13.813 -14.782
0.587772 -11.338 -11.684 -12.558 -13.777 -14.382 -14.726 -13.519 -13.892 -14.387 -14.731 -14.859 -14.851 -13.865 -14.519 -14.828 -14.884 -14.846 -14.583 -14.838 -14.894 -14.874 -14.864 -14.774 -14.673 -14.855 -14.596 -14.278 -13.833 -14.74
0.605549 -11.149 -11.472 -12.392 -13.657 -14.298 -14.671 -13.421 -13.779 -14.304 -14.676 -14.825 -14.834 -13.75 -14.446 -14.786 -14.858 -14.831 -14.515 -14.796 -14.869 -14.858 -14.854 -14.73 -14.614 -14.82 -14.599 -14.29 -13.851 -14.695
0.623863 -10.958 -11.253 -12.22 -13.532 -14.211 -14.611 -13.321 -13.66 -14.217 -14.618 -14.789 -14.816 -13.629 -14.369 -14.741 -14.83 -14.816 -14.443 -14.751 -14.841 -14.841 -14.843 -14.685 -14.552 -14.782 -14.601 -14.3 -13.87 -14.648
0.642731 -10.766 -11.026 -12.043 -13.401 -14.119 -14.549 -13.218 -13.536 -14.126 -14.557 -14.751 -14.796 -13.503 -14.289 -14.692 -14.799 -14.798 -14.367 -14.704 -14.811 -14.821 -14.829 -14.636 -14.488 -14.742 -14.601 -14.31 -13.887 -14.599
0.66217 -10.574 -10.791 -11.861 -13.265 -14.022 -14.483 -13.112 -13.407 -14.031 -14.492 -14.71 -14.775 -13.372 -14.204 -14.641 -14.766 -14.778 -14.288 -14.653 -14.778 -14.799 -14.815 -14.585 -14.419 -14.7 -14.601 -14.32 -13.904 -14.547
0.682197 -10.383 -10.548 -11.672 -13.123 -13.921 -14.414 -13.003 -13.273 -13.931 -14.423 -14.666 -14.751 -13.234 -14.115 -14.587 -14.731 -14.757 -14.205 -14.6 -14.744 -14.776 -14.798 -14.532 -14.348 -14.655 -14.599 -14.328 -13.921 -14.493
0.70283 -10.194 -10.296 -11.478 -12.976 -13.816 -14.341 -12.891 -13.133 -13.826 -14.352 -14.62 -14.725 -13.091 -14.023 -14.53 -14.693 -14.734 -14.117 -14.543 -14.707 -14.75 -14.78 -14.475 -14.272 -14.607 -14.595 -14.336 -13.937 -14.436
0.724086 -10.009 -10.036 -11.278 -12.822 -13.705 -14.264 -12.776 -12.987 -13.717 -14.276 -14.571 -14.697 -12.943 -13.925 -14.469 -14.653 -14.708 -14.026 -14.483 -14.667 -14.723 -14.76 -14.416 -14.194 -14.556 -14.591 -14.342 -13.952 -14.377
0.745986 -9.829 -9.768 -11.072 -12.662 -13.59 -14.183 -12.659 -12.835 -13.603 -14.196 -14.518 -14.666 -12.788 -13.824 -14.405 -14.61 -14.68 -13.931 -14.42 -14.624 -14.693 -14.738 -14.354 -14.111 -14.502 -14.585 -14.348 -13.967 -14.315
0.768548 -9.655 -9.49 -10.86 -12.496 -13.47 -14.098 -12.538 -12.677 -13.484 -14.113 -14.463 -14.634 -12.626 -13.717 -14.338 -14.564 -14.651 -13.831 -14.353 -14.579 -14.661 -14.714 -14.288 -14.024 -14.445 -14.577 -14.352 -13.981 -14.251
0.791792 -9.488 -9.204 -10.643 -12.323 -13.344 -14.009 -12.414 -12.512 -13.36 -14.026 -14.405 -14.599 -12.459 -13.606 -14.267 -14.516 -14.618 -13.728 -14.283 -14.532 -14.626 -14.689 -14.22 -13.934 -14.386 -14.569 -14.356 -13.995 -14.184
0.815739 -9.33 -8.908 -10.42 -12.144 -13.213 -13.915 -12.287 -12.342 -13.231 -13.934 -14.344 -14.562 -12.284 -13.491 -14.192 -14.464 -14.584 -13.619 -14.21 -14.481 -14.589 -14.661 -14.149 -13.84 -14.323 -14.558 -14.359 -14.008 -14.115
0.840411 -9.183 -8.603 -10.191 -11.958 -13.077 -13.817 -12.156 -12.164 -13.096 -13.838 -14.28 -14.522 -12.103 -13.37 -14.113 -14.409 -14.547 -13.507 -14.133 -14.427 -14.55 -14.631 -14.074 -13.741 -14.256 -14.547 -14.361 -14.02 -14.043
0.865828 -9.045 -8.289 -9.956 -11.764 -12.935 -13.715 -12.022 -11.98 -12.956 -13.737 -14.212 -14.48 -11.915 -13.244 -14.031 -14.352 -14.508 -13.389 -14.052 -14.371 -14.508 -14.599 -13.996 -13.638 -14.186 -14.533 -14.361 -14.032 -13.968
0.892015 -8.919 -7.966 -9.716 -11.564 -12.787 -13.608 -11.885 -11.789 -12.811 -13.632 -14.141 -14.435 -11.719 -13.113 -13.945 -14.291 -14.466 -13.267 -13.967 -14.311 -14.463 -14.565 -13.915 -13.531 -14.113 -14.518 -14.361 -14.043 -13.891
0.918993 -8.804 -7.633 -9.471 -11.356 -12.634 -13.496 -11.744 -11.59 -12.659 -13.523 -14.066 -14.388 -11.517 -12.976 -13.854 -14.227 -14.421 -13.141 -13.878 -14.248 -14.416 -14.528 -13.831 -13.42 -14.037 -14.502 -14.359 -14.053 -13.81
0.946787 -8.7 -7.292 -9.22 -11.14 -12.474 -13.38 -11.6 -11.385 -12.502 -13.408 -13.988 -14.337 -11.307 -12.835 -13.759 -14.159 -14.374 -13.009 -13.785 -14.181 -14.366 -14.489 -13.743 -13.304 -13.956 -14.483 -14.356 -14.062 -13.728
0.975422 -8.605 -6.942 -8.963 -10.917 -12.308 -13.258 -11.452 -11.172 -12.339 -13.289 -13.906 -14.284 -11.089 -12.687 -13.66 -14.088 -14.324 -12.873 -13.688 -14.112 -14.313 -14.448 -13.651 -13.183 -13.872 -14.463 -14.352 -14.071 -13.642
1.004923 -8.52 -6.585 -8.702 -10.686 -12.136 -13.131 -11.301 -10.951 -12.169 -13.165 -13.821 -14.229 -10.863 -12.534 -13.557 -14.014 -14.271 -12.732 -13.587 -14.038 -14.257 -14.404 -13.556 -13.057 -13.784 -14.441 -14.347 -14.079 -13.554
1.035317 -8.444 -6.221 -8.436 -10.446 -11.957 -12.999 -11.146 -10.722 -11.993 -13.035 -13.731 -14.17 -10.629 -12.375 -13.449 -13.935 -14.215 -12.587 -13.481 -13.961 -14.198 -14.358 -13.457 -12.927 -13.693 -14.417 -14.341 -14.087 -13.464
1.066629 -8.374 -5.852 -8.165 -10.198 -11.772 -12.861 -10.987 -10.485 -11.811 -12.901 -13.638 -14.108 -10.386 -12.21 -13.336 -13.853 -14.156 -12.436 -13.371 -13.881 -14.136 -14.309 -13.354 -12.792 -13.597 -14.392 -14.333 -14.093 -13.371
1.098888 -8.31 -5.48 -7.89 -9.942 -11.579 -12.718 -10.824 -10.24 -11.622 -12.76 -13.54 -14.043 -10.136 -12.038 -13.218 -13.767 -14.094 -12.281 -13.257 -13.797 -14.071 -14.258 -13.248 -12.652 -13.497 -14.364 -14.324 -14.099 -13.275
1.132124 -8.252 -5.11 -7.61 -9.677 -11.38 -12.569 -10.657 -9.987 -11.426 -12.615 -13.439 -13.974 -9.876 -11.861 -13.096 -13.677 -14.029 -12.121 -13.138 -13.708 -14.002 -14.203 -13.137 -12.506 -13.393 -14.334 -14.313 -14.104 -13.177
1.166364 -8.198 -4.746 -7.326 -9.403 -11.174 -12.414 -10.487 -9.724 -11.224 -12.463 -13.333 -13.903 -9.608 -11.676 -12.968 -13.583 -13.961 -11.957 -13.014 -13.616 -13.931 -14.146 -13.023 -12.355 -13.285 -14.302 -14.302 -14.108 -13.076
1.20164 -8.147 -4.393 -7.037 -9.12 -10.96 -12.253 -10.312 -9.453 -11.014 -12.306 -13.223 -13.828 -9.33 -11.486 -12.836 -13.485 -13.889 -11.789 -12.886 -13.52 -13.855 -14.086 -12.904 -12.199 -13.172 -14.268 -14.288 -14.111 -12.973
1.237983 -8.099 -4.06 -6.745 -8.827 -10.738 -12.085 -10.134 -9.173 -10.797 -12.143 -13.109 -13.749 -9.043 -11.288 -12.698 -13.383 -13.813 -11.617 -12.752 -13.42 -13.776 -14.023 -12.782 -12.038 -13.055 -14.232 -14.274 -14.113 -12.868
1.275425 -8.053 -3.754 -6.448 -8.525 -10.509 -11.912 -9.952 -8.884 -10.573 -11.974 -12.99 -13.667 -8.746 -11.084 -12.554 -13.276 -13.734 -11.441 -12.614 -13.315 -13.694 -13.957 -12.654 -11.871 -12.933 -14.193 -14.258 -14.115 -12.761
1.313999 -8.009 -3.483 -6.148 -8.213 -10.273 -11.732 -9.766 -8.585 -10.342 -11.798 -12.867 -13.582 -8.44 -10.872 -12.405 -13.164 -13.652 -11.262 -12.471 -13.207 -13.608 -13.888 -12.523 -11.698 -12.807 -14.152 -14.24 -14.115 -12.652
1.35374 -7.966 -3.25 -5.844 -7.891 -10.028 -11.545 -9.575 -8.276 -10.102 -11.617 -12.739 -13.492 -8.123 -10.654 -12.25 -13.048 -13.565 -11.081 -12.323 -13.093 -13.517 -13.816 -12.387 -11.519 -12.676 -14.109 -14.221 -14.115 -12.541
1.394683 -7.924 -3.058 -5.535 -7.558 -9.774 -11.352 -9.381 -7.957 -9.855 -11.428 -12.606 -13.399 -7.796 -10.427 -12.09 -12.927 -13.475 -10.898 -12.17 -12.976 -13.423 -13.741 -12.247 -11.334 -12.54 -14.063 -14.2 -14.114 -12.429
1.436864 -7.882 -2.903 -5.223 -7.215 -9.513 -11.151 -9.183 -7.628 -9.6 -11.233 -12.468 -13.303 -7.458 -10.194 -11.923 -12.802 -13.381 -10.714 -12.013 -12.853 -13.326 -13.662 -12.102 -11.143 -12.399 -14.015 -14.177 -14.112 -12.315
1.480321 -7.841 -2.781 -4.906 -6.861 -9.242 -10.944 -8.981 -7.288 -9.336 -11.031 -12.326 -13.202 -7.11 -9.952 -11.75 -12.671 -13.283 -10.53 -11.85 -12.727 -13.224 -13.581 -11.952 -10.946 -12.253 -13.964 -14.153 -14.109 -12.2
1.525092 -7.8 -2.684 -4.585 -6.496 -8.963 -10.729 -8.776 -6.938 -9.064 -10.822 -12.178 -13.097 -6.75 -9.702 -11.571 -12.535 -13.181 -10.347 -11.683 -12.595 -13.117 -13.496 -11.797 -10.742 -12.101 -13.91 -14.127 -14.104 -12.084
1.571218 -7.759 -2.606 -4.259 -6.119 -8.675 -10.506 -8.567 -6.576 -8.784 -10.606 -12.025 -12.988 -6.379 -9.445 -11.386 -12.394 -13.074 -10.167 -11.511 -12.458 -13.007 -13.407 -11.637 -10.532 -11.945 -13.854 -14.099 -14.099 -11.968
1.618738 -7.719 -2.541 -3.929 -5.73 -8.377 -10.276 -8.355 -6.203 -8.494 -10.383 -11.867 -12.874 -5.996 -9.178 -11.193 -12.248 -12.963 -9.992 -11.334 -12.317 -12.892 -13.315 -11.473 -10.315 -11.783 -13.795 -14.069 -14.093 -11.851
1.667696 -7.678 -2.485 -3.593 -5.33 -8.07 -10.037 -8.139 -5.819 -8.196 -10.152 -11.703 -12.757 -5.601 -8.904 -10.994 -12.095 -12.848 -9.821 -11.154 -12.171 -12.773 -13.22 -11.303 -10.091 -11.615 -13.732 -14.037 -14.085 -11.734
1.718134 -7.628 -2.429 -3.395 -5.098 -7.885 -9.887 -8.003 -5.595 -8.016 -10.005 -11.59 -12.667 -5.372 -8.735 -10.864 -11.989 -12.759 -9.71 -11.033 -12.067 -12.683 -13.142 -11.187 -9.949 -11.501 -13.671 -13.991 -14.052 -11.647
1.770098 -7.569 -2.37 -3.336 -5.039 -7.826 -9.828 -7.944 -5.536 -7.957 -9.946 -11.531 -12.608 -5.313 -8.676 -10.805 -11.93 -12.7 -9.651 -10.974 -12.008 -12.624 -13.083 -11.128 -9.89 -11.442 -13.612 -13.932 -13.993 -11.588
1.823633 -7.51 -2.311 -3.277 -4.98 -7.767 -9.769 -7.885 -5.477 -7.898 -9.887 -11.472 -12.549 -5.254 -8.617 -10.746 -11.871 -12.641 -9.592 -10.915 -11.949 -12.565 -13.024 -11.069 -9.831 -11.383 -13.553 -13.873 -13.934 -11.529
1.878788 -7.451 -2.252 -3.218 -4.921 -7.708 -9.71 -7.826 -5.418 -7.839 -9.828 -11.413 -12.49 -5.195 -8.558 -10.687 -11.812 -12.582 -9.533 -10.856 -11.89 -12.506 -12.965 -11.01 -9.772 -11.324 -13.494 -13.814 -13.875 -11.47
1.93561 -7.392 -2.193 -3.159 -4.862 -7.649 -9.651 -7.767 -5.359 -7.78 -9.769 -11.354 -12.431 -5.136 -8.499 -10.628 -11.753 -12.523 -9.474 -10.797 -11.831 -12.447 -12.906 -10.951 -9.713 -11.265 -13.435 -13.755 -13.815 -11.411
1.994152 -7.333 -2.134 -3.1 -4.803 -7.59 -9.592 -7.707 -5.3 -7.721 -9.71 -11.295 -12.372 -5.077 -8.44 -10.569 -11.693 -12.464 -9.415 -10.738 -11.772 -12.388 -12.847 -10.892 -9.653 -11.205 -13.376 -13.696 -13.756 -11.352
2.054463 -7.273 -2.075 -3.041 -4.744 -7.531 -9.533 -7.648 -5.241 -7.662 -9.651 -11.236 -12.313 -5.018 -8.381 -10.51 -11.634 -12.405 -9.356 -10.679 -11.713 -12.329 -12.788 -10.833 -9.594 -11.146 -13.316 -13.637 -13.697 -11.293
2.116599 -7.214 -2.016 -2.982 -4.685 -7.471 -9.474 -7.589 -5.181 -7.602 -9.592 -11.177 -12.254 -4.959 -8.322 -10.45 -11.575 -12.346 -9.296 -10.62 -11.654 -12.269 -12.729 -10.773 -9.535 -11.087 -13.257 -13.577 -13.638 -11.234
2.180614 -7.155 -1.957 -2.922 -4.625 -7.412 -9.414 -7.53 -5.122 -7.543 -9.533 -11.118 -12.194 -4.899 -8.262 -10.391 -11.516 -12.287 -9.237 -10.561 -11.594 -12.21 -12.669 -10.714 -9.476 -11.028 -13.198 -13.518 -13.579 -11.174
2.246566 -7.096 -1.897 -2.863 -4.566 -7.353 -9.355 -7.47 -5.063 -7.484 -9.473 -11.058 -12.135 -4.84 -8.203 -10.332 -11.456 -12.227 -9.178 -10.501 -11.535 -12.151 -12.61 -10.655 -9.416 -10.968 -13.138 -13.459 -13.519 -11.115
2.314511 -7.036 -1.838 -2.804 -4.506 -7.293 -9.295 -7.411 -5.003 -7.424 -9.414 -10.999 -12.076 -4.781 -8.144 -10.272 -11.397 -12.168 -9.118 -10.442 -11.476 -12.091 -12.55 -10.595 -9.357 -10.909 -13.079 -13.399 -13.46 -11.055
2.384512 -6.977 -1.778 -2.744 -4.447 -7.234 -9.236 -7.351 -4.944 -7.365 -9.354 -10.939 -12.016 -4.721 -8.084 -10.213 -11.337 -12.108 -9.059 -10.382 -11.416 -12.032 -12.491 -10.536 -9.297 -10.849 -13.019 -13.34 -13.4 -10.996
2.45663 -6.917 -1.718 -2.684 -4.387 -7.174 -9.176 -7.292 -4.884 -7.305 -9.295 -10.879 -11.956 -4.661 -8.024 -10.153 -11.278 -12.049 -8.999 -10.322 -11.356 -11.972 -12.431 -10.476 -9.238 -10.79 -12.96 -13.28 -13.341 -10.936
2.530929 -6.857 -1.659 -2.625 -4.327 -7.114 -9.116 -7.232 -4.824 -7.245 -9.235 -10.82 -11.896 -4.601 -7.964 -10.093 -11.218 -11.989 -8.939 -10.263 -11.296 -11.912 -12.371 -10.416 -9.178 -10.73 -12.9 -13.22 -13.281 -10.876
2.607475 -6.797 -1.599 -2.565 -4.267 -7.054 -9.056 -7.172 -4.764 -7.185 -9.175 -10.76 -11.837 -4.542 -7.905 -10.033 -11.158 -11.929 -8.879 -10.203 -11.237 -11.852 -12.311 -10.356 -9.118 -10.67 -12.84 -13.16 -13.221 -10.816
2.686337 -6.737 -1.539 -2.504 -4.207 -6.994 -8.996 -7.112 -4.704 -7.125 -9.115 -10.7 -11.776 -4.481 -7.844 -9.973 -11.098 -11.869 -8.819 -10.143 -11.176 -11.792 -12.251 -10.296 -9.058 -10.61 -12.78 -13.1 -13.161 -10.756
2.767583 -6.677 -1.478 -2.444 -4.147 -6.934 -8.936 -7.052 -4.644 -7.065 -9.054 -10.639 -11.716 -4.421 -7.784 -9.913 -11.038 -11.808 -8.759 -10.082 -11.116 -11.732 -12.191 -10.236 -8.998 -10.55 -12.72 -13.04 -13.101 -10.696
2.851287 -6.616 -1.418 -2.384 -4.087 -6.873 -8.876 -6.991 -4.584 -7.005 -8.994 -10.579 -11.656 -4.361 -7.724 -9.853 -10.977 -11.748 -8.698 -10.022 -11.056 -11.672 -12.131 -10.176 -8.937 -10.489 -12.659 -12.98 -13.04 -10.636
2.937522 -6.556 -1.357 -2.323 -4.026 -6.813 -8.815 -6.931 -4.523 -6.944 -8.934 -10.518 -11.595 -4.3 -7.663 -9.792 -10.917 -11.688 -8.638 -9.961 -10.995 -11.611 -12.07 -10.115 -8.877 -10.429 -12.599 -12.919 -12.98 -10.575
3.026365 -6.495 -1.297 -2.263 -3.965 -6.752 -8.754 -6.87 -4.462 -6.883 -8.873 -10.458 -11.534 -4.239 -7.603 -9.731 -10.856 -11.627 -8.577 -9.901 -10.935 -11.55 -12.009 -10.054 -8.816 -10.368 -12.538 -12.858 -12.919 -10.514
3.117896 -6.434 -1.236 -2.202 -3.904 -6.691 -8.693 -6.809 -4.401 -6.822 -8.812 -10.397 -11.474 -4.179 -7.542 -9.67 -10.795 -11.566 -8.516 -9.84 -10.874 -11.489 -11.949 -9.993 -8.755 -10.307 -12.477 -12.797 -12.858 -10.453
3.212194 -6.373 -1.175 -2.141 -3.843 -6.63 -8.632 -6.748 -4.34 -6.761 -8.751 -10.336 -11.412 -4.117 -7.48 -9.609 -10.734 -11.505 -8.455 -9.779 -10.812 -11.428 -11.887 -9.932 -8.694 -10.246 -12.416 -12.736 -12.797 -10.392
3.309345 -6.312 -1.113 -2.079 -3.782 -6.569 -8.571 -6.687 -4.279 -6.7 -8.689 -10.274 -11.351 -4.056 -7.419 -9.548 -10.673 -11.443 -8.394 -9.717 -10.751 -11.367 -11.826 -9.871 -8.633 -10.185 -12.355 -12.675 -12.736 -10.331
