web/models/kne.last_good/kappa_0.5_3.0.v1/2/villar_0.0019_0.2337_0.5000.dat
# %ECSV 1.0
# ---
# datatype:
# - {name: time, datatype: float64}
# - {name: swift_uvot_uvw2, datatype: float64}
# - {name: swift_uvot_uvm2, datatype: float64}
# - {name: swift_uvot_uvw1, datatype: float64}
# - {name: swift_uvot_U, datatype: float64}
# - {name: swift_uvot_B, datatype: float64}
# - {name: swift_uvot_V, datatype: float64}
# - {name: swift_uvot_W, datatype: float64}
# - {name: johnson_U, datatype: float64}
# - {name: johnson_B, datatype: float64}
# - {name: johnson_V, datatype: float64}
# - {name: johnson_R, datatype: float64}
# - {name: johnson_I, datatype: float64}
# - {name: sdss_u, datatype: float64}
# - {name: sdss_g, datatype: float64}
# - {name: sdss_r, datatype: float64}
# - {name: sdss_i, datatype: float64}
# - {name: sdss_z, datatype: float64}
# - {name: PS1_g, datatype: float64}
# - {name: PS1_r, datatype: float64}
# - {name: PS1_i, datatype: float64}
# - {name: PS1_z, datatype: float64}
# - {name: PS1_Y, datatype: float64}
# - {name: PS1_w, datatype: float64}
# - {name: ATLAS_c, datatype: float64}
# - {name: ATLAS_o, datatype: float64}
# - {name: ukirt_J, datatype: float64}
# - {name: ukirt_H, datatype: float64}
# - {name: ukirt_K, datatype: float64}
# - {name: Clear, datatype: float64}
# meta: !!omap
# - comment: [kappa = 0.5, type = villar, mass = 0.001861645566637777, velocity = 0.2336666666666667, theta_obs = 0.0]
# schema: astropy-2.0
time swift_uvot_uvw2 swift_uvot_uvm2 swift_uvot_uvw1 swift_uvot_U swift_uvot_B swift_uvot_V swift_uvot_W johnson_U johnson_B johnson_V johnson_R johnson_I sdss_u sdss_g sdss_r sdss_i sdss_z PS1_g PS1_r PS1_i PS1_z PS1_Y PS1_w ATLAS_c ATLAS_o ukirt_J ukirt_H ukirt_K Clear
[from data line 292]
6.005465 217.177 222.393 245.628 256.194 244.365 236.377 219.446 254.151 242.08 234.328 225.972 220.985 255.465 240.31 231.463 225.943 221.477 215.912 216.117 216.095 215.68 213.934 227.181 233.732 226.915 215.751 212.25 209.624 214.148
6.187096 230.819 236.035 259.27 269.836 258.007 250.019 233.088 267.793 255.722 247.97 239.614 234.627 269.107 253.952 245.104 239.585 235.119 229.554 229.758 229.737 229.322 227.576 240.823 247.374 240.557 229.393 225.892 223.266 227.79
6.37422 245.299 250.514 273.749 284.315 272.487 264.498 247.567 282.272 270.201 262.45 254.093 249.106 283.586 268.432 259.584 254.064 249.599 244.033 244.238 244.216 243.801 242.055 255.302 261.854 255.037 243.872 240.371 237.746 242.269
6.567004 260.667 265.883 289.118 299.684 287.855 279.867 262.936 297.641 285.57 277.818 269.462 264.475 298.955 283.8 274.953 269.433 264.967 259.402 259.607 259.585 259.17 257.424 270.671 277.222 270.406 259.241 255.74 253.114 257.638
6.765619 276.98 282.195 305.43 315.996 304.168 296.179 279.248 313.953 301.882 294.131 285.774 280.787 315.267 300.113 291.265 285.745 281.28 275.714 275.919 275.897 275.482 273.736 286.983 293.535 286.718 275.553 272.052 269.427 273.95
6.97024 294.294 299.509 322.744 333.31 321.482 313.493 296.562 331.267 319.196 311.445 303.088 298.101 332.581 317.427 308.579 303.059 298.593 293.028 293.233 293.211 292.796 291.05 304.297 310.849 304.032 292.867 289.366 286.741 291.264
7.181051 312.671 317.886 341.121 351.687 339.859 331.87 314.939 349.644 337.573 329.822 321.465 316.478 350.958 335.804 326.956 321.436 316.971 311.405 311.61 311.588 311.173 309.427 322.674 329.226 322.409 311.244 307.743 305.118 309.641
7.398237 332.176 337.392 360.627 371.193 359.364 351.376 334.445 369.15 357.078 349.327 340.971 335.984 370.464 355.309 346.461 340.942 336.476 330.911 331.115 331.094 330.679 328.933 342.18 348.731 341.914 330.75 327.249 324.623 329.147
7.621991 352.879 358.095 381.33 391.896 380.067 372.079 355.148 389.853 377.782 370.03 361.674 356.687 391.167 376.012 367.165 361.645 357.179 351.614 351.819 351.797 351.382 349.636 362.883 369.434 362.618 351.453 347.952 345.326 349.85
7.852513 374.854 380.069 403.304 413.87 402.042 394.054 377.122 411.827 399.756 392.005 383.648 378.661 413.141 397.987 389.139 383.619 379.154 373.588 373.793 373.771 373.356 371.61 384.857 391.409 384.592 373.427 369.927 367.301 371.824
8.090007 398.178 403.393 426.628 437.194 425.366 417.377 400.446 435.151 423.08 415.329 406.972 401.985 436.465 421.311 412.463 406.943 402.477 396.912 397.117 397.095 396.68 394.934 408.181 414.732 407.916 396.751 393.25 390.624 395.148
8.334684 422.933 428.149 451.384 461.95 450.121 442.133 425.202 459.907 447.836 440.084 431.728 426.741 461.221 446.066 437.219 431.699 427.233 421.668 421.873 421.851 421.436 419.69 432.937 439.488 432.672 421.507 418.006 415.38 419.904
8.586761 449.209 454.425 477.66 488.226 476.397 468.409 451.478 486.183 474.112 466.36 458.004 453.017 487.497 472.342 463.495 457.975 453.509 447.944 448.149 448.127 447.712 445.966 459.213 465.764 458.948 447.783 444.282 441.656 446.18
8.846461 477.099 482.315 505.549 516.116 504.287 496.299 479.367 514.072 502.001 494.25 485.893 480.906 515.386 500.232 491.384 485.864 481.399 475.833 476.038 476.017 475.601 473.855 487.102 493.654 486.837 475.672 472.172 469.546 474.069
9.114017 506.701 511.916 535.151 545.717 533.889 525.901 508.969 543.674 531.603 523.852 515.495 510.508 544.988 529.834 520.986 515.466 511.001 505.435 505.64 505.618 505.203 503.457 516.704 523.256 516.439 505.274 501.774 499.148 503.671
9.389664 538.12 543.336 566.571 577.137 565.308 557.32 540.389 575.094 563.023 555.271 546.915 541.928 576.408 561.253 552.406 546.886 542.42 536.855 537.06 537.038 536.623 534.877 548.124 554.675 547.859 536.694 533.193 530.567 535.091
9.673648 571.469 576.685 599.92 610.486 598.657 590.669 573.738 608.443 596.372 588.62 580.264 575.277 609.757 594.602 585.754 580.235 575.769 570.204 570.408 570.387 569.972 568.226 581.473 588.024 581.207 570.043 566.542 563.916 568.44
9.966221 606.866 612.082 635.316 645.882 634.054 626.066 609.134 643.839 631.768 624.017 615.66 610.673 645.153 629.999 621.151 615.631 611.166 605.6 605.805 605.784 605.368 603.622 616.869 623.421 616.604 605.439 601.939 599.313 603.836
10.267642 644.436 649.652 672.886 683.453 671.624 663.636 646.704 681.409 669.338 661.587 653.23 648.243 682.723 667.569 658.721 653.201 648.736 643.17 643.375 643.354 642.938 641.192 654.439 660.991 654.174 643.009 639.509 636.883 641.406
10.57818 684.313 689.529 712.763 723.33 711.501 703.513 686.581 721.286 709.215 701.464 693.107 688.12 722.6 707.446 698.598 693.078 688.613 683.047 683.252 683.231 682.815 681.069 694.316 700.868 694.051 682.886 679.386 676.76 681.283
10.89811 726.638 731.854 755.089 765.655 753.826 745.838 728.907 763.612 751.541 743.789 735.433 730.446 764.926 749.771 740.924 735.404 730.938 725.373 725.578 725.556 725.141 723.395 736.642 743.193 736.377 725.212 721.711 719.085 723.609
11.227716 771.563 776.779 nan nan nan 796.377 773.831 nan nan 788.917 780.357 775.37 nan nan 785.866 780.328 775.863 770.297 770.502 770.481 770.065 768.319 781.566 788.194 781.301 770.136 766.636 764.01 768.534
11.56729 771.563 776.779 nan nan nan 796.377 773.831 nan nan 788.917 780.357 775.37 nan nan 785.866 780.328 775.863 770.297 770.502 770.481 770.065 768.319 781.566 788.194 781.301 770.136 766.636 764.01 768.534
11.917135 771.563 776.779 nan nan nan 796.377 773.831 nan nan 788.917 780.357 775.37 nan nan 785.866 780.328 775.863 770.297 770.502 770.481 770.065 768.319 781.566 788.194 781.301 770.136 766.636 764.01 768.534
12.277561 771.563 776.779 nan nan nan 796.377 773.831 nan nan 788.917 780.357 775.37 nan nan 785.866 780.328 775.863 770.297 770.502 770.481 770.065 768.319 781.566 788.194 781.301 770.136 766.636 764.01 768.534
12.648887 771.563 776.779 nan nan nan 796.377 773.831 nan nan 788.917 780.357 775.37 nan nan 785.866 780.328 775.863 770.297 770.502 770.481 770.065 768.319 781.566 788.194 781.301 770.136 766.636 764.01 768.534
13.031444 771.563 776.779 nan nan nan 796.377 773.831 nan nan 788.917 780.357 775.37 nan nan 785.866 780.328 775.863 770.297 770.502 770.481 770.065 768.319 781.566 788.194 781.301 770.136 766.636 764.01 768.534
13.425571 771.563 776.779 nan nan nan 796.377 773.831 nan nan 788.917 780.357 775.37 nan nan 785.866 780.328 775.863 770.297 770.502 770.481 770.065 768.319 781.566 788.194 781.301 770.136 766.636 764.01 768.534
13.831619 771.563 776.779 nan nan nan 796.377 773.831 nan nan 788.917 780.357 775.37 nan nan 785.866 780.328 775.863 770.297 770.502 770.481 770.065 768.319 781.566 788.194 781.301 770.136 766.636 764.01 768.534
14.249947 771.563 776.779 nan nan nan 796.377 773.831 nan nan 788.917 780.357 775.37 nan nan 785.866 780.328 775.863 770.297 770.502 770.481 770.065 768.319 781.566 788.194 781.301 770.136 766.636 764.01 768.534
14.680926 771.563 776.779 nan nan nan 796.377 773.831 nan nan 788.917 780.357 775.37 nan nan 785.866 780.328 775.863 770.297 770.502 770.481 770.065 768.319 781.566 788.194 781.301 770.136 766.636 764.01 768.534
15.124941 771.563 776.779 nan nan nan 796.377 773.831 nan nan 788.917 780.357 775.37 nan nan 785.866 780.328 775.863 770.297 770.502 770.481 770.065 768.319 781.566 788.194 781.301 770.136 766.636 764.01 768.534
15.582385 771.563 776.779 nan nan nan 796.377 773.831 nan nan 788.917 780.357 775.37 nan nan 785.866 780.328 775.863 770.297 770.502 770.481 770.065 768.319 781.566 788.194 781.301 770.136 766.636 764.01 768.534
16.053663 771.563 776.779 nan nan nan 796.377 773.831 nan nan 788.917 780.357 775.37 nan nan 785.866 780.328 775.863 770.297 770.502 770.481 770.065 768.319 781.566 788.194 781.301 770.136 766.636 764.01 768.534
16.539195 771.563 776.779 nan nan nan 796.377 773.831 nan nan 788.917 780.357 775.37 nan nan 785.866 780.328 775.863 770.297 770.502 770.481 770.065 768.319 781.566 788.194 781.301 770.136 766.636 764.01 768.534
17.039412 771.563 776.779 nan nan nan 796.377 773.831 nan nan 788.917 780.357 775.37 nan nan 785.866 780.328 775.863 770.297 770.502 770.481 770.065 768.319 781.566 788.194 781.301 770.136 766.636 764.01 768.534
17.554757 771.563 776.779 nan nan nan 796.377 773.831 nan nan 788.917 780.357 775.37 nan nan 785.866 780.328 775.863 770.297 770.502 770.481 770.065 768.319 781.566 788.194 781.301 770.136 766.636 764.01 768.534
18.085689 771.563 776.779 nan nan nan 796.377 773.831 nan nan 788.917 780.357 775.37 nan nan 785.866 780.328 775.863 770.297 770.502 770.481 770.065 768.319 781.566 788.194 781.301 770.136 766.636 764.01 768.534
18.632678 771.563 776.779 nan nan nan 796.377 773.831 nan nan 788.917 780.357 775.37 nan nan 785.866 780.328 775.863 770.297 770.502 770.481 770.065 768.319 781.566 788.194 781.301 770.136 766.636 764.01 768.534
19.196211 771.563 776.779 nan nan nan 796.377 773.831 nan nan 788.917 780.357 775.37 nan nan 785.866 780.328 775.863 770.297 770.502 770.481 770.065 768.319 781.566 788.194 781.301 770.136 766.636 764.01 768.534
19.776787 771.563 776.779 nan nan nan 796.377 773.831 nan nan 788.917 780.357 775.37 nan nan 785.866 780.328 775.863 770.297 770.502 770.481 770.065 768.319 781.566 788.194 781.301 770.136 766.636 764.01 768.534
20.374923 771.563 776.779 nan nan nan 796.377 773.831 nan nan 788.917 780.357 775.37 nan nan 785.866 780.328 775.863 770.297 770.502 770.481 770.065 768.319 781.566 788.194 781.301 770.136 766.636 764.01 768.534
20.991149 771.563 776.779 nan nan nan 796.377 773.831 nan nan 788.917 780.357 775.37 nan nan 785.866 780.328 775.863 770.297 770.502 770.481 770.065 768.319 781.566 788.194 781.301 770.136 766.636 764.01 768.534
21.626011 771.563 776.779 nan nan nan 796.377 773.831 nan nan 788.917 780.357 775.37 nan nan 785.866 780.328 775.863 770.297 770.502 770.481 770.065 768.319 781.566 788.194 781.301 770.136 766.636 764.01 768.534
22.280075 771.563 776.779 nan nan nan 796.377 773.831 nan nan 788.917 780.357 775.37 nan nan 785.866 780.328 775.863 770.297 770.502 770.481 770.065 768.319 781.566 788.194 781.301 770.136 766.636 764.01 768.534
22.953921 771.563 776.779 nan nan nan 796.377 773.831 nan nan 788.917 780.357 775.37 nan nan 785.866 780.328 775.863 770.297 770.502 770.481 770.065 768.319 781.566 788.194 781.301 770.136 766.636 764.01 768.534
23.648147 771.563 776.779 nan nan nan 796.377 773.831 nan nan 788.917 780.357 775.37 nan nan 785.866 780.328 775.863 770.297 770.502 770.481 770.065 768.319 781.566 788.194 781.301 770.136 766.636 764.01 768.534
24.363369 771.563 776.779 nan nan nan 796.377 773.831 nan nan 788.917 780.357 775.37 nan nan 785.866 780.328 775.863 770.297 770.502 770.481 770.065 768.319 781.566 788.194 781.301 770.136 766.636 764.01 768.534
25.100222 771.563 776.779 nan nan nan 796.377 773.831 nan nan 788.917 780.357 775.37 nan nan 785.866 780.328 775.863 770.297 770.502 770.481 770.065 768.319 781.566 788.194 781.301 770.136 766.636 764.01 768.534
25.859362 771.563 776.779 nan nan nan 796.377 773.831 nan nan 788.917 780.357 775.37 nan nan 785.866 780.328 775.863 770.297 770.502 770.481 770.065 768.319 781.566 788.194 781.301 770.136 766.636 764.01 768.534
26.64146 771.563 776.779 nan nan nan 796.377 773.831 nan nan 788.917 780.357 775.37 nan nan 785.866 780.328 775.863 770.297 770.502 770.481 770.065 768.319 781.566 788.194 781.301 770.136 766.636 764.01 768.534
27.447213 771.563 776.779 nan nan nan 796.377 773.831 nan nan 788.917 780.357 775.37 nan nan 785.866 780.328 775.863 770.297 770.502 770.481 770.065 768.319 781.566 788.194 781.301 770.136 766.636 764.01 768.534
28.277335 771.563 776.779 nan nan nan 796.377 773.831 nan nan 788.917 780.357 775.37 nan nan 785.866 780.328 775.863 770.297 770.502 770.481 770.065 768.319 781.566 788.194 781.301 770.136 766.636 764.01 768.534
29.132564 771.563 776.779 nan nan nan 796.377 773.831 nan nan 788.917 780.357 775.37 nan nan 785.866 780.328 775.863 770.297 770.502 770.481 770.065 768.319 781.566 788.194 781.301 770.136 766.636 764.01 768.534
30.013659 771.563 776.779 nan nan nan 796.377 773.831 nan nan 788.917 780.357 775.37 nan nan 785.866 780.328 775.863 770.297 770.502 770.481 770.065 768.319 781.566 788.194 781.301 770.136 766.636 764.01 768.534
30.921401 771.563 776.779 nan nan nan 796.377 773.831 nan nan 788.917 780.357 775.37 nan nan 785.866 780.328 775.863 770.297 770.502 770.481 770.065 768.319 781.566 788.194 781.301 770.136 766.636 764.01 768.534
31.856598 771.563 776.779 nan nan nan 796.377 773.831 nan nan 788.917 780.357 775.37 nan nan 785.866 780.328 775.863 770.297 770.502 770.481 770.065 768.319 781.566 788.194 781.301 770.136 766.636 764.01 768.534
32.820079 771.563 776.779 nan nan nan 796.377 773.831 nan nan 788.917 780.357 775.37 nan nan 785.866 780.328 775.863 770.297 770.502 770.481 770.065 768.319 781.566 788.194 781.301 770.136 766.636 764.01 768.534
33.8127 771.563 776.779 nan nan nan 796.377 773.831 nan nan 788.917 780.357 775.37 nan nan 785.866 780.328 775.863 770.297 770.502 770.481 770.065 768.319 781.566 788.194 781.301 770.136 766.636 764.01 768.534
34.835342 771.563 776.779 nan nan nan 796.377 773.831 nan nan 788.917 780.357 775.37 nan nan 785.866 780.328 775.863 770.297 770.502 770.481 770.065 768.319 781.566 788.194 781.301 770.136 766.636 764.01 768.534
35.888913 771.563 776.779 nan nan nan 796.377 773.831 nan nan 788.917 780.357 775.37 nan nan 785.866 780.328 775.863 770.297 770.502 770.481 770.065 768.319 781.566 788.194 781.301 770.136 766.636 764.01 768.534
36.974349 771.563 776.779 nan nan nan 796.377 773.831 nan nan 788.917 780.357 775.37 nan nan 785.866 780.328 775.863 770.297 770.502 770.481 770.065 768.319 781.566 788.194 781.301 770.136 766.636 764.01 768.534
38.092613 771.563 776.779 nan nan nan 796.377 773.831 nan nan 788.917 780.357 775.37 nan nan 785.866 780.328 775.863 770.297 770.502 770.481 770.065 768.319 781.566 788.194 781.301 770.136 766.636 764.01 768.534
39.244698 771.563 776.779 nan nan nan 796.377 773.831 nan nan 788.917 780.357 775.37 nan nan 785.866 780.328 775.863 770.297 770.502 770.481 770.065 768.319 781.566 788.194 781.301 770.136 766.636 764.01 768.534
40.431627 771.563 776.779 nan nan nan 796.377 773.831 nan nan 788.917 780.357 775.37 nan nan 785.866 780.328 775.863 770.297 770.502 770.481 770.065 768.319 781.566 788.194 781.301 770.136 766.636 764.01 768.534
41.654454 771.563 776.779 nan nan nan 796.377 773.831 nan nan 788.917 780.357 775.37 nan nan 785.866 780.328 775.863 770.297 770.502 770.481 770.065 768.319 781.566 788.194 781.301 770.136 766.636 764.01 768.534
42.914265 771.563 776.779 nan nan nan 796.377 773.831 nan nan 788.917 780.357 775.37 nan nan 785.866 780.328 775.863 770.297 770.502 770.481 770.065 768.319 781.566 788.194 781.301 770.136 766.636 764.01 768.534
44.212178 771.563 776.779 nan nan nan 796.377 773.831 nan nan 788.917 780.357 775.37 nan nan 785.866 780.328 775.863 770.297 770.502 770.481 770.065 768.319 781.566 788.194 781.301 770.136 766.636 764.01 768.534
45.549345 771.563 776.779 nan nan nan 796.377 773.831 nan nan 788.917 780.357 775.37 nan nan 785.866 780.328 775.863 770.297 770.502 770.481 770.065 768.319 781.566 788.194 781.301 770.136 766.636 764.01 768.534
46.926954 771.563 776.779 nan nan nan 796.377 773.831 nan nan 788.917 780.357 775.37 nan nan 785.866 780.328 775.863 770.297 770.502 770.481 770.065 768.319 781.566 788.194 781.301 770.136 766.636 764.01 768.534
48.346227 771.563 776.779 nan nan nan 796.377 773.831 nan nan 788.917 780.357 775.37 nan nan 785.866 780.328 775.863 770.297 770.502 770.481 770.065 768.319 781.566 788.194 781.301 770.136 766.636 764.01 768.534
49.808426 771.563 776.779 nan nan nan 796.377 773.831 nan nan 788.917 780.357 775.37 nan nan 785.866 780.328 775.863 770.297 770.502 770.481 770.065 768.319 781.566 788.194 781.301 770.136 766.636 764.01 768.534
