web/models/kne.last_good/kappa_0.5_3.0.v1/2/villar_0.1173_0.2493_3.0000.dat
# %ECSV 1.0
# ---
# datatype:
# - {name: time, datatype: float64}
# - {name: swift_uvot_uvw2, datatype: float64}
# - {name: swift_uvot_uvm2, datatype: float64}
# - {name: swift_uvot_uvw1, datatype: float64}
# - {name: swift_uvot_U, datatype: float64}
# - {name: swift_uvot_B, datatype: float64}
# - {name: swift_uvot_V, datatype: float64}
# - {name: swift_uvot_W, datatype: float64}
# - {name: johnson_U, datatype: float64}
# - {name: johnson_B, datatype: float64}
# - {name: johnson_V, datatype: float64}
# - {name: johnson_R, datatype: float64}
# - {name: johnson_I, datatype: float64}
# - {name: sdss_u, datatype: float64}
# - {name: sdss_g, datatype: float64}
# - {name: sdss_r, datatype: float64}
# - {name: sdss_i, datatype: float64}
# - {name: sdss_z, datatype: float64}
# - {name: PS1_g, datatype: float64}
# - {name: PS1_r, datatype: float64}
# - {name: PS1_i, datatype: float64}
# - {name: PS1_z, datatype: float64}
# - {name: PS1_Y, datatype: float64}
# - {name: PS1_w, datatype: float64}
# - {name: ATLAS_c, datatype: float64}
# - {name: ATLAS_o, datatype: float64}
# - {name: ukirt_J, datatype: float64}
# - {name: ukirt_H, datatype: float64}
# - {name: ukirt_K, datatype: float64}
# - {name: Clear, datatype: float64}
# meta: !!omap
# - comment: [kappa = 3.0, type = villar, mass = 0.11727632184323686, velocity = 0.24933333333333335, theta_obs = 0.0]
# schema: astropy-2.0
time swift_uvot_uvw2 swift_uvot_uvm2 swift_uvot_uvw1 swift_uvot_U swift_uvot_B swift_uvot_V swift_uvot_W johnson_U johnson_B johnson_V johnson_R johnson_I sdss_u sdss_g sdss_r sdss_i sdss_z PS1_g PS1_r PS1_i PS1_z PS1_Y PS1_w ATLAS_c ATLAS_o ukirt_J ukirt_H ukirt_K Clear
[from data line 77]
0.009917 -10.619 -10.519 -10.432 -10.143 -9.847 -9.511 -10.282 -10.1 -9.844 -9.501 -9.142 -8.718 -10.109 -9.741 -9.304 -8.973 -8.656 -9.726 -9.338 -9.015 -8.803 -8.79 -9.356 -9.571 -9.168 -8.012 -7.481 -6.864 -9.424
0.010217 -10.657 -10.56 -10.475 -10.19 -9.896 -9.561 -10.325 -10.148 -9.893 -9.551 -9.193 -8.771 -10.156 -9.79 -9.356 -9.025 -8.708 -9.775 -9.389 -9.067 -8.855 -8.839 -9.406 -9.621 -9.22 -8.065 -7.535 -6.918 -9.474
0.010526 -10.694 -10.601 -10.518 -10.237 -9.945 -9.612 -10.368 -10.195 -9.942 -9.602 -9.245 -8.823 -10.204 -9.84 -9.407 -9.077 -8.761 -9.824 -9.44 -9.118 -8.906 -8.888 -9.457 -9.671 -9.271 -8.119 -7.589 -6.973 -9.525
0.010845 -10.732 -10.642 -10.56 -10.284 -9.994 -9.662 -10.411 -10.242 -9.99 -9.652 -9.296 -8.875 -10.251 -9.889 -9.458 -9.129 -8.813 -9.874 -9.49 -9.169 -8.957 -8.938 -9.508 -9.721 -9.322 -8.172 -7.643 -7.027 -9.575
0.011173 -10.769 -10.682 -10.602 -10.33 -10.043 -9.712 -10.454 -10.289 -10.039 -9.702 -9.348 -8.928 -10.298 -9.938 -9.509 -9.18 -8.866 -9.923 -9.54 -9.22 -9.008 -8.987 -9.558 -9.771 -9.374 -8.225 -7.697 -7.082 -9.625
0.011511 -10.806 -10.723 -10.644 -10.377 -10.091 -9.762 -10.496 -10.336 -10.088 -9.752 -9.399 -8.98 -10.344 -9.987 -9.559 -9.232 -8.918 -9.972 -9.591 -9.271 -9.059 -9.036 -9.609 -9.82 -9.425 -8.279 -7.751 -7.136 -9.675
0.011859 -10.842 -10.763 -10.686 -10.423 -10.14 -9.813 -10.538 -10.382 -10.136 -9.802 -9.45 -9.032 -10.391 -10.036 -9.61 -9.284 -8.97 -10.02 -9.641 -9.322 -9.11 -9.086 -9.659 -9.87 -9.476 -8.332 -7.805 -7.19 -9.725
0.012217 -10.879 -10.802 -10.728 -10.469 -10.188 -9.862 -10.58 -10.429 -10.184 -9.852 -9.501 -9.084 -10.438 -10.085 -9.661 -9.335 -9.023 -10.069 -9.691 -9.373 -9.161 -9.135 -9.709 -9.92 -9.527 -8.385 -7.859 -7.244 -9.775
0.012587 -10.915 -10.842 -10.769 -10.515 -10.236 -9.912 -10.622 -10.475 -10.233 -9.902 -9.552 -9.136 -10.484 -10.134 -9.711 -9.387 -9.075 -10.118 -9.741 -9.424 -9.212 -9.184 -9.759 -9.969 -9.578 -8.438 -7.912 -7.298 -9.825
0.012968 -10.951 -10.881 -10.81 -10.561 -10.284 -9.962 -10.664 -10.522 -10.281 -9.952 -9.603 -9.188 -10.53 -10.182 -9.762 -9.438 -9.127 -10.166 -9.791 -9.475 -9.262 -9.233 -9.809 -10.019 -9.629 -8.491 -7.966 -7.352 -9.874
0.01336 -10.986 -10.92 -10.851 -10.607 -10.332 -10.012 -10.705 -10.568 -10.329 -10.002 -9.654 -9.24 -10.576 -10.231 -9.812 -9.49 -9.179 -10.215 -9.841 -9.525 -9.313 -9.282 -9.859 -10.068 -9.679 -8.544 -8.019 -7.406 -9.924
0.013764 -11.022 -10.959 -10.892 -10.652 -10.38 -10.061 -10.747 -10.614 -10.376 -10.051 -9.705 -9.292 -10.622 -10.279 -9.862 -9.541 -9.231 -10.263 -9.891 -9.576 -9.364 -9.332 -9.909 -10.117 -9.73 -8.597 -8.073 -7.46 -9.973
0.01418 -11.057 -10.998 -10.933 -10.698 -10.428 -10.111 -10.788 -10.659 -10.424 -10.101 -9.755 -9.344 -10.668 -10.328 -9.913 -9.592 -9.283 -10.311 -9.941 -9.627 -9.414 -9.381 -9.959 -10.166 -9.781 -8.65 -8.126 -7.514 -10.022
0.014609 -11.092 -11.036 -10.973 -10.743 -10.475 -10.16 -10.829 -10.705 -10.472 -10.15 -9.806 -9.395 -10.713 -10.376 -9.963 -9.643 -9.335 -10.359 -9.991 -9.677 -9.465 -9.43 -10.008 -10.215 -9.831 -8.703 -8.18 -7.568 -10.071
0.015051 -11.126 -11.074 -11.013 -10.788 -10.523 -10.209 -10.87 -10.751 -10.519 -10.199 -9.856 -9.447 -10.759 -10.424 -10.013 -9.694 -9.386 -10.407 -10.04 -9.728 -9.516 -9.479 -10.058 -10.264 -9.881 -8.756 -8.233 -7.622 -10.121
0.015506 -11.161 -11.112 -11.053 -10.833 -10.57 -10.258 -10.91 -10.796 -10.566 -10.248 -9.907 -9.498 -10.804 -10.472 -10.063 -9.745 -9.438 -10.455 -10.09 -9.778 -9.566 -9.528 -10.107 -10.312 -9.932 -8.809 -8.287 -7.676 -10.17
0.015975 -11.195 -11.149 -11.093 -10.878 -10.617 -10.307 -10.95 -10.841 -10.614 -10.298 -9.957 -9.55 -10.849 -10.52 -10.113 -9.796 -9.49 -10.503 -10.139 -9.828 -9.616 -9.577 -10.156 -10.361 -9.982 -8.861 -8.34 -7.73 -10.218
0.016458 -11.228 -11.186 -11.132 -10.922 -10.664 -10.356 -10.991 -10.886 -10.661 -10.346 -10.007 -9.601 -10.894 -10.567 -10.162 -9.847 -9.541 -10.55 -10.188 -9.878 -9.667 -9.625 -10.206 -10.41 -10.032 -8.914 -8.393 -7.784 -10.267
0.016956 -11.262 -11.223 -11.171 -10.967 -10.711 -10.405 -11.031 -10.931 -10.708 -10.395 -10.057 -9.652 -10.939 -10.615 -10.212 -9.897 -9.593 -10.598 -10.238 -9.929 -9.717 -9.674 -10.255 -10.458 -10.082 -8.967 -8.446 -7.837 -10.316
0.017469 -11.295 -11.26 -11.21 -11.011 -10.758 -10.454 -11.07 -10.976 -10.755 -10.444 -10.107 -9.704 -10.984 -10.662 -10.262 -9.948 -9.644 -10.645 -10.287 -9.979 -9.767 -9.723 -10.304 -10.506 -10.132 -9.019 -8.5 -7.891 -10.365
0.017997 -11.328 -11.297 -11.249 -11.055 -10.805 -10.502 -11.11 -11.02 -10.801 -10.493 -10.157 -9.755 -11.028 -10.71 -10.311 -9.999 -9.695 -10.693 -10.336 -10.029 -9.817 -9.772 -10.353 -10.554 -10.182 -9.072 -8.553 -7.945 -10.413
0.018541 -11.361 -11.333 -11.287 -11.099 -10.851 -10.551 -11.149 -11.065 -10.848 -10.541 -10.207 -9.806 -11.073 -10.757 -10.36 -10.049 -9.747 -10.74 -10.385 -10.079 -9.868 -9.821 -10.402 -10.603 -10.232 -9.124 -8.606 -7.998 -10.461
0.019102 -11.393 -11.369 -11.326 -11.143 -10.898 -10.599 -11.188 -11.109 -10.894 -10.59 -10.257 -9.857 -11.117 -10.804 -10.41 -10.1 -9.798 -10.787 -10.434 -10.129 -9.918 -9.87 -10.451 -10.651 -10.282 -9.177 -8.659 -8.052 -10.51
0.01968 -11.425 -11.405 -11.364 -11.186 -10.944 -10.648 -11.227 -11.153 -10.941 -10.638 -10.307 -9.908 -11.161 -10.851 -10.459 -10.15 -9.849 -10.834 -10.483 -10.178 -9.968 -9.918 -10.499 -10.698 -10.331 -9.229 -8.712 -8.105 -10.558
0.020275 -11.457 -11.44 -11.402 -11.23 -10.99 -10.696 -11.266 -11.197 -10.987 -10.686 -10.356 -9.959 -11.205 -10.898 -10.508 -10.2 -9.9 -10.881 -10.532 -10.228 -10.018 -9.967 -10.548 -10.746 -10.381 -9.281 -8.765 -8.159 -10.606
0.020888 -11.488 -11.475 -11.439 -11.273 -11.036 -10.744 -11.305 -11.241 -11.033 -10.734 -10.406 -10.01 -11.248 -10.945 -10.557 -10.25 -9.951 -10.928 -10.58 -10.278 -10.068 -10.016 -10.596 -10.794 -10.43 -9.333 -8.818 -8.212 -10.654
0.02152 -11.52 -11.51 -11.477 -11.316 -11.082 -10.792 -11.343 -11.284 -11.079 -10.783 -10.456 -10.06 -11.292 -10.991 -10.606 -10.3 -10.002 -10.974 -10.629 -10.327 -10.117 -10.064 -10.645 -10.841 -10.48 -9.386 -8.87 -8.266 -10.702
0.022171 -11.55 -11.545 -11.514 -11.359 -11.128 -10.84 -11.381 -11.328 -11.125 -10.83 -10.505 -10.111 -11.335 -11.038 -10.655 -10.351 -10.053 -11.021 -10.677 -10.377 -10.167 -10.113 -10.693 -10.889 -10.529 -9.438 -8.923 -8.319 -10.75
0.022841 -11.581 -11.579 -11.551 -11.402 -11.174 -10.888 -11.419 -11.371 -11.17 -10.878 -10.554 -10.162 -11.379 -11.084 -10.704 -10.4 -10.104 -11.067 -10.726 -10.426 -10.217 -10.162 -10.741 -10.936 -10.578 -9.49 -8.976 -8.372 -10.797
0.023532 -11.611 -11.613 -11.587 -11.445 -11.219 -10.936 -11.457 -11.414 -11.216 -10.926 -10.603 -10.212 -11.422 -11.13 -10.752 -10.45 -10.155 -11.114 -10.774 -10.476 -10.267 -10.21 -10.789 -10.983 -10.627 -9.542 -9.029 -8.426 -10.845
0.024244 -11.641 -11.647 -11.624 -11.487 -11.265 -10.983 -11.495 -11.457 -11.261 -10.974 -10.653 -10.263 -11.464 -11.177 -10.801 -10.5 -10.205 -11.16 -10.822 -10.525 -10.316 -10.259 -10.837 -11.03 -10.676 -9.594 -9.082 -8.479 -10.892
0.024977 -11.671 -11.68 -11.66 -11.529 -11.31 -11.031 -11.532 -11.5 -11.306 -11.021 -10.702 -10.313 -11.507 -11.223 -10.849 -10.55 -10.256 -11.206 -10.87 -10.574 -10.366 -10.307 -10.885 -11.077 -10.725 -9.646 -9.134 -8.532 -10.94
0.025733 -11.701 -11.714 -11.696 -11.572 -11.355 -11.078 -11.569 -11.543 -11.352 -11.069 -10.751 -10.364 -11.55 -11.268 -10.898 -10.6 -10.307 -11.252 -10.918 -10.624 -10.416 -10.356 -10.933 -11.124 -10.774 -9.698 -9.187 -8.585 -10.987
0.026511 -11.73 -11.746 -11.732 -11.613 -11.4 -11.125 -11.606 -11.585 -11.397 -11.116 -10.8 -10.414 -11.592 -11.314 -10.946 -10.649 -10.357 -11.298 -10.966 -10.673 -10.465 -10.404 -10.981 -11.171 -10.823 -9.75 -9.239 -8.639 -11.034
0.027313 -11.758 -11.779 -11.767 -11.655 -11.445 -11.172 -11.643 -11.627 -11.441 -11.163 -10.848 -10.464 -11.634 -11.36 -10.994 -10.699 -10.408 -11.343 -11.014 -10.722 -10.514 -10.453 -11.028 -11.218 -10.872 -9.801 -9.292 -8.692 -11.081
0.028139 -11.787 -11.811 -11.802 -11.697 -11.49 -11.22 -11.68 -11.669 -11.486 -11.21 -10.897 -10.514 -11.676 -11.405 -11.042 -10.748 -10.458 -11.389 -11.062 -10.771 -10.564 -10.501 -11.076 -11.264 -10.92 -9.853 -9.344 -8.745 -11.128
0.02899 -11.815 -11.843 -11.837 -11.738 -11.534 -11.266 -11.716 -11.711 -11.531 -11.257 -10.946 -10.564 -11.718 -11.451 -11.09 -10.797 -10.508 -11.434 -11.11 -10.82 -10.613 -10.549 -11.123 -11.311 -10.969 -9.905 -9.397 -8.798 -11.175
0.029867 -11.843 -11.875 -11.872 -11.779 -11.579 -11.313 -11.752 -11.753 -11.575 -11.304 -10.994 -10.614 -11.76 -11.496 -11.138 -10.847 -10.558 -11.48 -11.157 -10.869 -10.662 -10.598 -11.17 -11.357 -11.017 -9.956 -9.449 -8.851 -11.222
0.03077 -11.87 -11.907 -11.906 -11.82 -11.623 -11.36 -11.788 -11.795 -11.619 -11.351 -11.043 -10.664 -11.802 -11.541 -11.186 -10.896 -10.609 -11.525 -11.205 -10.917 -10.712 -10.646 -11.218 -11.403 -11.066 -10.008 -9.502 -8.904 -11.268
0.031701 -11.898 -11.938 -11.94 -11.861 -11.667 -11.407 -11.824 -11.836 -11.664 -11.398 -11.091 -10.714 -11.843 -11.586 -11.234 -10.945 -10.659 -11.57 -11.252 -10.966 -10.761 -10.694 -11.265 -11.449 -11.114 -10.06 -9.554 -8.957 -11.315
0.032659 -11.924 -11.969 -11.974 -11.902 -11.711 -11.453 -11.859 -11.877 -11.708 -11.444 -11.139 -10.764 -11.884 -11.631 -11.281 -10.994 -10.709 -11.615 -11.3 -11.015 -10.81 -10.742 -11.312 -11.495 -11.162 -10.111 -9.606 -9.01 -11.361
0.033647 -11.951 -11.999 -12.008 -11.942 -11.755 -11.5 -11.895 -11.918 -11.751 -11.491 -11.187 -10.814 -11.925 -11.676 -11.329 -11.043 -10.759 -11.66 -11.347 -11.063 -10.859 -10.791 -11.359 -11.541 -11.21 -10.162 -9.658 -9.063 -11.408
0.034665 -11.977 -12.029 -12.041 -11.983 -11.799 -11.546 -11.93 -11.959 -11.795 -11.537 -11.236 -10.864 -11.966 -11.72 -11.376 -11.092 -10.809 -11.705 -11.394 -11.112 -10.908 -10.839 -11.405 -11.587 -11.258 -10.214 -9.711 -9.116 -11.454
0.035713 -12.003 -12.059 -12.074 -12.023 -11.842 -11.592 -11.965 -12.0 -11.839 -11.583 -11.284 -10.913 -12.006 -11.765 -11.424 -11.141 -10.858 -11.749 -11.441 -11.16 -10.957 -10.887 -11.452 -11.633 -11.306 -10.265 -9.763 -9.169 -11.5
0.036793 -12.029 -12.089 -12.107 -12.063 -11.886 -11.638 -11.999 -12.04 -11.882 -11.629 -11.331 -10.963 -12.047 -11.809 -11.471 -11.189 -10.908 -11.794 -11.488 -11.209 -11.006 -10.935 -11.499 -11.678 -11.354 -10.317 -9.815 -9.221 -11.546
0.037906 -12.054 -12.118 -12.14 -12.102 -11.929 -11.684 -12.034 -12.081 -11.925 -11.675 -11.379 -11.012 -12.087 -11.853 -11.518 -11.238 -10.958 -11.838 -11.535 -11.257 -11.055 -10.983 -11.545 -11.723 -11.401 -10.368 -9.867 -9.274 -11.592
0.039052 -12.079 -12.147 -12.172 -12.142 -11.972 -11.73 -12.068 -12.121 -11.969 -11.721 -11.427 -11.061 -12.127 -11.897 -11.565 -11.286 -11.007 -11.882 -11.582 -11.305 -11.103 -11.031 -11.591 -11.769 -11.449 -10.419 -9.919 -9.327 -11.638
0.040234 -12.103 -12.175 -12.204 -12.181 -12.015 -11.776 -12.102 -12.161 -12.012 -11.767 -11.475 -11.111 -12.167 -11.941 -11.612 -11.335 -11.057 -11.926 -11.628 -11.353 -11.152 -11.079 -11.638 -11.814 -11.497 -10.47 -9.971 -9.38 -11.683
0.04145 -12.127 -12.203 -12.236 -12.22 -12.058 -11.821 -12.136 -12.201 -12.054 -11.812 -11.522 -11.16 -12.206 -11.985 -11.659 -11.383 -11.107 -11.97 -11.675 -11.401 -11.201 -11.127 -11.684 -11.859 -11.544 -10.521 -10.023 -9.432 -11.729
0.042704 -12.151 -12.231 -12.267 -12.259 -12.1 -11.867 -12.17 -12.24 -12.097 -11.858 -11.57 -11.209 -12.246 -12.029 -11.705 -11.431 -11.156 -12.014 -11.721 -11.449 -11.249 -11.175 -11.73 -11.904 -11.591 -10.572 -10.075 -9.485 -11.774
0.043996 -12.174 -12.259 -12.298 -12.298 -12.143 -11.912 -12.203 -12.279 -12.139 -11.903 -11.617 -11.258 -12.285 -12.072 -11.752 -11.48 -11.205 -12.058 -11.768 -11.497 -11.298 -11.223 -11.776 -11.948 -11.639 -10.623 -10.127 -9.538 -11.819
0.045326 -12.198 -12.286 -12.329 -12.336 -12.185 -11.957 -12.236 -12.319 -12.182 -11.948 -11.664 -11.307 -12.324 -12.115 -11.798 -11.528 -11.255 -12.101 -11.814 -11.545 -11.346 -11.271 -11.821 -11.993 -11.686 -10.674 -10.179 -9.59 -11.864
0.046697 -12.22 -12.313 -12.359 -12.374 -12.227 -12.002 -12.269 -12.357 -12.224 -11.994 -11.711 -11.356 -12.363 -12.158 -11.845 -11.576 -11.304 -12.145 -11.86 -11.592 -11.394 -11.319 -11.867 -12.037 -11.733 -10.725 -10.231 -9.643 -11.909
0.048109 -12.243 -12.339 -12.39 -12.412 -12.269 -12.047 -12.302 -12.396 -12.266 -12.039 -11.758 -11.405 -12.402 -12.201 -11.891 -11.624 -11.353 -12.188 -11.906 -11.64 -11.443 -11.366 -11.913 -12.082 -11.78 -10.776 -10.282 -9.695 -11.954
0.049564 -12.264 -12.365 -12.42 -12.45 -12.311 -12.092 -12.334 -12.435 -12.308 -12.083 -11.805 -11.454 -12.44 -12.244 -11.937 -11.672 -11.402 -12.231 -11.952 -11.688 -11.491 -11.414 -11.958 -12.126 -11.826 -10.827 -10.334 -9.748 -11.999
0.051063 -12.286 -12.391 -12.449 -12.488 -12.353 -12.137 -12.367 -12.473 -12.35 -12.128 -11.852 -11.503 -12.478 -12.287 -11.983 -11.719 -11.451 -12.274 -11.998 -11.735 -11.539 -11.462 -12.003 -12.17 -11.873 -10.877 -10.386 -9.8 -12.044
0.052608 -12.307 -12.417 -12.478 -12.525 -12.394 -12.181 -12.399 -12.511 -12.391 -12.173 -11.899 -11.551 -12.516 -12.33 -12.029 -11.767 -11.5 -12.317 -12.044 -11.782 -11.587 -11.509 -12.049 -12.214 -11.92 -10.928 -10.437 -9.853 -12.088
0.054199 -12.328 -12.442 -12.508 -12.562 -12.436 -12.226 -12.431 -12.549 -12.432 -12.217 -11.946 -11.6 -12.554 -12.372 -12.075 -11.814 -11.549 -12.359 -12.089 -11.83 -11.635 -11.557 -12.094 -12.258 -11.966 -10.979 -10.489 -9.905 -12.133
0.055838 -12.348 -12.466 -12.536 -12.599 -12.477 -12.27 -12.462 -12.587 -12.474 -12.262 -11.992 -11.648 -12.591 -12.414 -12.121 -11.862 -11.597 -12.402 -12.135 -11.877 -11.683 -11.605 -12.139 -12.301 -12.013 -11.029 -10.54 -9.957 -12.177
0.057527 -12.368 -12.491 -12.565 -12.636 -12.518 -12.314 -12.494 -12.624 -12.514 -12.306 -12.039 -11.697 -12.629 -12.456 -12.166 -11.909 -11.646 -12.444 -12.18 -11.924 -11.731 -11.652 -12.183 -12.345 -12.059 -11.08 -10.592 -10.01 -12.221
0.059267 -12.388 -12.514 -12.593 -12.672 -12.559 -12.358 -12.525 -12.661 -12.555 -12.35 -12.085 -11.745 -12.666 -12.498 -12.212 -11.957 -11.695 -12.487 -12.225 -11.971 -11.779 -11.7 -12.228 -12.388 -12.105 -11.13 -10.643 -10.062 -12.265
0.061059 -12.407 -12.538 -12.62 -12.708 -12.599 -12.402 -12.556 -12.698 -12.596 -12.394 -12.131 -11.793 -12.703 -12.54 -12.257 -12.004 -11.743 -12.529 -12.27 -12.018 -11.827 -11.747 -12.273 -12.431 -12.151 -11.181 -10.695 -10.114 -12.309
0.062906 -12.426 -12.561 -12.648 -12.744 -12.64 -12.446 -12.587 -12.735 -12.636 -12.438 -12.177 -11.841 -12.739 -12.581 -12.302 -12.051 -11.792 -12.57 -12.315 -12.065 -11.874 -11.794 -12.317 -12.474 -12.197 -11.231 -10.746 -10.167 -12.353
0.064808 -12.444 -12.584 -12.675 -12.78 -12.68 -12.49 -12.617 -12.771 -12.677 -12.481 -12.223 -11.889 -12.776 -12.623 -12.347 -12.098 -11.84 -12.612 -12.36 -12.112 -11.922 -11.842 -12.362 -12.517 -12.243 -11.281 -10.798 -10.219 -12.397
0.066769 -12.462 -12.606 -12.702 -12.816 -12.72 -12.533 -12.647 -12.808 -12.717 -12.525 -12.269 -11.937 -12.812 -12.664 -12.392 -12.145 -11.888 -12.654 -12.405 -12.158 -11.97 -11.889 -12.406 -12.56 -12.289 -11.331 -10.849 -10.271 -12.44
0.068788 -12.48 -12.628 -12.728 -12.851 -12.76 -12.576 -12.677 -12.844 -12.757 -12.568 -12.315 -11.985 -12.848 -12.705 -12.437 -12.192 -11.936 -12.695 -12.45 -12.205 -12.017 -11.936 -12.45 -12.603 -12.334 -11.382 -10.9 -10.323 -12.483
0.070868 -12.497 -12.65 -12.754 -12.886 -12.799 -12.62 -12.707 -12.88 -12.796 -12.612 -12.361 -12.033 -12.883 -12.746 -12.482 -12.238 -11.984 -12.736 -12.494 -12.251 -12.064 -11.983 -12.494 -12.645 -12.38 -11.432 -10.951 -10.375 -12.527
0.073012 -12.514 -12.671 -12.78 -12.921 -12.839 -12.663 -12.737 -12.915 -12.836 -12.655 -12.406 -12.081 -12.919 -12.787 -12.527 -12.285 -12.032 -12.777 -12.539 -12.298 -12.112 -12.03 -12.538 -12.688 -12.425 -11.482 -11.002 -10.427 -12.57
0.07522 -12.53 -12.691 -12.805 -12.955 -12.878 -12.705 -12.766 -12.95 -12.875 -12.698 -12.452 -12.128 -12.954 -12.827 -12.571 -12.331 -12.08 -12.818 -12.583 -12.344 -12.159 -12.077 -12.581 -12.73 -12.471 -11.532 -11.053 -10.479 -12.613
