web/models/kne.last_good/kappa_0.5_3.0.v1/2/villar_0.4064_0.2337_0.5000.dat
# %ECSV 1.0
# ---
# datatype:
# - {name: time, datatype: float64}
# - {name: swift_uvot_uvw2, datatype: float64}
# - {name: swift_uvot_uvm2, datatype: float64}
# - {name: swift_uvot_uvw1, datatype: float64}
# - {name: swift_uvot_U, datatype: float64}
# - {name: swift_uvot_B, datatype: float64}
# - {name: swift_uvot_V, datatype: float64}
# - {name: swift_uvot_W, datatype: float64}
# - {name: johnson_U, datatype: float64}
# - {name: johnson_B, datatype: float64}
# - {name: johnson_V, datatype: float64}
# - {name: johnson_R, datatype: float64}
# - {name: johnson_I, datatype: float64}
# - {name: sdss_u, datatype: float64}
# - {name: sdss_g, datatype: float64}
# - {name: sdss_r, datatype: float64}
# - {name: sdss_i, datatype: float64}
# - {name: sdss_z, datatype: float64}
# - {name: PS1_g, datatype: float64}
# - {name: PS1_r, datatype: float64}
# - {name: PS1_i, datatype: float64}
# - {name: PS1_z, datatype: float64}
# - {name: PS1_Y, datatype: float64}
# - {name: PS1_w, datatype: float64}
# - {name: ATLAS_c, datatype: float64}
# - {name: ATLAS_o, datatype: float64}
# - {name: ukirt_J, datatype: float64}
# - {name: ukirt_H, datatype: float64}
# - {name: ukirt_K, datatype: float64}
# - {name: Clear, datatype: float64}
# meta: !!omap
# - comment: [kappa = 0.5, type = villar, mass = 0.4064473885499596, velocity = 0.2336666666666667, theta_obs = 0.0]
# schema: astropy-2.0
time swift_uvot_uvw2 swift_uvot_uvm2 swift_uvot_uvw1 swift_uvot_U swift_uvot_B swift_uvot_V swift_uvot_W johnson_U johnson_B johnson_V johnson_R johnson_I sdss_u sdss_g sdss_r sdss_i sdss_z PS1_g PS1_r PS1_i PS1_z PS1_Y PS1_w ATLAS_c ATLAS_o ukirt_J ukirt_H ukirt_K Clear
[from data line 212]
0.553769 -15.257 -15.536 -15.806 -16.234 -16.311 -16.254 -15.924 -16.257 -16.309 -16.248 -16.083 -15.829 -16.255 -16.301 -16.171 -15.996 -15.791 -16.306 -16.18 -16.005 -15.853 -15.775 -16.158 -16.257 -16.097 -15.308 -14.866 -14.32 -16.168
0.570517 -15.255 -15.54 -15.817 -16.258 -16.342 -16.29 -15.943 -16.281 -16.34 -16.285 -16.123 -15.873 -16.279 -16.334 -16.21 -16.038 -15.835 -16.339 -16.218 -16.046 -15.896 -15.819 -16.196 -16.292 -16.137 -15.355 -14.914 -14.37 -16.205
0.587772 -15.253 -15.542 -15.827 -16.28 -16.372 -16.326 -15.962 -16.305 -16.37 -16.321 -16.163 -15.916 -16.303 -16.366 -16.248 -16.079 -15.879 -16.372 -16.257 -16.087 -15.939 -15.862 -16.233 -16.326 -16.176 -15.402 -14.963 -14.42 -16.241
0.605549 -15.25 -15.543 -15.837 -16.303 -16.402 -16.362 -15.981 -16.329 -16.4 -16.356 -16.202 -15.959 -16.327 -16.398 -16.286 -16.12 -15.922 -16.405 -16.295 -16.129 -15.982 -15.906 -16.27 -16.361 -16.216 -15.449 -15.011 -14.47 -16.278
0.623863 -15.246 -15.544 -15.846 -16.324 -16.432 -16.397 -15.999 -16.352 -16.43 -16.391 -16.242 -16.002 -16.349 -16.429 -16.324 -16.161 -15.966 -16.437 -16.332 -16.169 -16.025 -15.949 -16.307 -16.395 -16.255 -15.496 -15.06 -14.52 -16.313
0.642731 -15.242 -15.544 -15.854 -16.346 -16.461 -16.432 -16.017 -16.375 -16.459 -16.426 -16.281 -16.044 -16.372 -16.46 -16.361 -16.202 -16.009 -16.469 -16.37 -16.21 -16.067 -15.992 -16.344 -16.429 -16.294 -15.542 -15.108 -14.569 -16.349
0.66217 -15.236 -15.543 -15.861 -16.367 -16.489 -16.466 -16.035 -16.397 -16.487 -16.461 -16.32 -16.087 -16.394 -16.491 -16.399 -16.243 -16.052 -16.5 -16.407 -16.251 -16.109 -16.035 -16.38 -16.462 -16.332 -15.588 -15.156 -14.619 -16.384
0.682197 -15.23 -15.542 -15.868 -16.387 -16.517 -16.5 -16.052 -16.418 -16.516 -16.495 -16.358 -16.129 -16.415 -16.521 -16.435 -16.283 -16.094 -16.531 -16.444 -16.291 -16.152 -16.078 -16.416 -16.496 -16.371 -15.634 -15.204 -14.669 -16.419
0.70283 -15.223 -15.539 -15.874 -16.406 -16.545 -16.534 -16.068 -16.439 -16.544 -16.529 -16.397 -16.171 -16.436 -16.551 -16.472 -16.323 -16.137 -16.562 -16.48 -16.331 -16.193 -16.121 -16.451 -16.528 -16.409 -15.681 -15.252 -14.718 -16.454
0.724086 -15.215 -15.535 -15.879 -16.425 -16.572 -16.568 -16.085 -16.46 -16.571 -16.563 -16.435 -16.213 -16.456 -16.581 -16.508 -16.363 -16.179 -16.592 -16.516 -16.371 -16.235 -16.163 -16.487 -16.561 -16.446 -15.726 -15.3 -14.767 -16.488
0.745986 -15.206 -15.531 -15.884 -16.444 -16.599 -16.601 -16.1 -16.48 -16.598 -16.596 -16.473 -16.254 -16.475 -16.61 -16.544 -16.402 -16.221 -16.622 -16.552 -16.41 -16.277 -16.205 -16.522 -16.593 -16.484 -15.772 -15.347 -14.816 -16.522
0.768548 -15.197 -15.526 -15.888 -16.462 -16.626 -16.634 -16.116 -16.499 -16.624 -16.629 -16.51 -16.296 -16.494 -16.639 -16.58 -16.442 -16.263 -16.652 -16.588 -16.449 -16.318 -16.247 -16.556 -16.625 -16.521 -15.818 -15.395 -14.866 -16.556
0.791792 -15.186 -15.519 -15.891 -16.479 -16.651 -16.666 -16.131 -16.518 -16.65 -16.662 -16.547 -16.337 -16.513 -16.667 -16.615 -16.481 -16.305 -16.681 -16.623 -16.488 -16.359 -16.289 -16.591 -16.656 -16.558 -15.863 -15.442 -14.915 -16.589
0.815739 -15.175 -15.512 -15.893 -16.495 -16.677 -16.698 -16.145 -16.536 -16.676 -16.694 -16.584 -16.378 -16.531 -16.695 -16.65 -16.519 -16.346 -16.71 -16.658 -16.527 -16.4 -16.331 -16.625 -16.687 -16.595 -15.908 -15.489 -14.963 -16.622
0.840411 -15.162 -15.504 -15.894 -16.511 -16.702 -16.73 -16.159 -16.554 -16.701 -16.726 -16.621 -16.419 -16.548 -16.722 -16.685 -16.558 -16.388 -16.738 -16.693 -16.566 -16.44 -16.373 -16.658 -16.717 -16.631 -15.953 -15.537 -15.012 -16.655
0.865828 -15.149 -15.494 -15.895 -16.527 -16.726 -16.761 -16.172 -16.57 -16.725 -16.757 -16.657 -16.459 -16.564 -16.749 -16.719 -16.596 -16.429 -16.766 -16.727 -16.604 -16.481 -16.414 -16.692 -16.747 -16.667 -15.998 -15.584 -15.061 -16.687
0.892015 -15.135 -15.484 -15.894 -16.541 -16.75 -16.792 -16.185 -16.587 -16.749 -16.788 -16.693 -16.499 -16.58 -16.775 -16.753 -16.634 -16.469 -16.793 -16.761 -16.642 -16.521 -16.455 -16.725 -16.777 -16.702 -16.043 -15.63 -15.11 -16.719
0.918993 -15.119 -15.472 -15.893 -16.555 -16.773 -16.822 -16.198 -16.602 -16.772 -16.818 -16.728 -16.539 -16.595 -16.801 -16.787 -16.672 -16.51 -16.82 -16.795 -16.679 -16.561 -16.496 -16.757 -16.806 -16.738 -16.088 -15.677 -15.158 -16.751
0.946787 -15.103 -15.46 -15.891 -16.568 -16.796 -16.852 -16.209 -16.617 -16.795 -16.848 -16.764 -16.579 -16.609 -16.826 -16.82 -16.709 -16.55 -16.846 -16.828 -16.716 -16.6 -16.536 -16.789 -16.835 -16.772 -16.132 -15.724 -15.206 -16.782
0.975422 -15.086 -15.446 -15.888 -16.58 -16.818 -16.881 -16.221 -16.631 -16.817 -16.878 -16.798 -16.618 -16.623 -16.851 -16.853 -16.746 -16.59 -16.872 -16.86 -16.753 -16.639 -16.577 -16.821 -16.863 -16.807 -16.176 -15.77 -15.255 -16.813
1.004923 -15.067 -15.431 -15.884 -16.592 -16.839 -16.91 -16.231 -16.644 -16.839 -16.907 -16.833 -16.657 -16.636 -16.875 -16.885 -16.782 -16.63 -16.897 -16.893 -16.79 -16.678 -16.617 -16.852 -16.891 -16.841 -16.22 -15.816 -15.303 -16.843
1.035317 -15.048 -15.415 -15.879 -16.603 -16.86 -16.939 -16.241 -16.657 -16.859 -16.936 -16.867 -16.696 -16.648 -16.898 -16.917 -16.819 -16.669 -16.921 -16.925 -16.826 -16.717 -16.657 -16.883 -16.918 -16.875 -16.264 -15.862 -15.351 -16.873
1.066629 -15.027 -15.397 -15.873 -16.613 -16.88 -16.966 -16.251 -16.668 -16.88 -16.964 -16.901 -16.734 -16.659 -16.921 -16.948 -16.854 -16.708 -16.946 -16.956 -16.862 -16.756 -16.696 -16.914 -16.945 -16.908 -16.307 -15.908 -15.398 -16.902
1.098888 -15.005 -15.379 -15.866 -16.622 -16.899 -16.994 -16.26 -16.679 -16.899 -16.991 -16.934 -16.772 -16.67 -16.944 -16.979 -16.89 -16.747 -16.969 -16.987 -16.898 -16.794 -16.736 -16.944 -16.971 -16.941 -16.351 -15.954 -15.446 -16.931
1.132124 -14.982 -15.359 -15.858 -16.63 -16.918 -17.021 -16.268 -16.689 -16.918 -17.018 -16.967 -16.81 -16.679 -16.965 -17.01 -16.925 -16.785 -16.992 -17.018 -16.933 -16.831 -16.775 -16.973 -16.997 -16.974 -16.394 -15.999 -15.494 -16.96
1.166364 -14.958 -15.337 -15.848 -16.637 -16.936 -17.047 -16.276 -16.698 -16.937 -17.045 -16.999 -16.847 -16.688 -16.986 -17.04 -16.96 -16.823 -17.014 -17.048 -16.967 -16.869 -16.813 -17.002 -17.022 -17.006 -16.436 -16.045 -15.541 -16.988
1.20164 -14.932 -15.314 -15.838 -16.643 -16.954 -17.073 -16.283 -16.707 -16.954 -17.071 -17.031 -16.884 -16.696 -17.007 -17.069 -16.994 -16.861 -17.036 -17.077 -17.002 -16.906 -16.852 -17.031 -17.046 -17.037 -16.479 -16.09 -15.588 -17.015
1.237983 -14.905 -15.29 -15.826 -16.649 -16.97 -17.098 -16.289 -16.714 -16.971 -17.096 -17.063 -16.921 -16.702 -17.027 -17.098 -17.028 -16.898 -17.057 -17.106 -17.036 -16.942 -16.89 -17.059 -17.07 -17.068 -16.521 -16.135 -15.635 -17.042
1.275425 -14.877 -15.264 -15.813 -16.653 -16.986 -17.122 -16.295 -16.72 -16.987 -17.121 -17.094 -16.957 -16.708 -17.046 -17.127 -17.061 -16.935 -17.077 -17.135 -17.069 -16.979 -16.928 -17.087 -17.093 -17.099 -16.563 -16.18 -15.682 -17.069
1.313999 -14.848 -15.237 -15.799 -16.656 -17.001 -17.146 -16.3 -16.726 -17.002 -17.145 -17.124 -16.993 -16.713 -17.064 -17.155 -17.094 -16.972 -17.096 -17.163 -17.102 -17.015 -16.965 -17.113 -17.116 -17.129 -16.605 -16.224 -15.729 -17.095
1.35374 -14.817 -15.208 -15.784 -16.659 -17.015 -17.169 -16.304 -16.73 -17.016 -17.168 -17.154 -17.029 -16.717 -17.081 -17.182 -17.127 -17.008 -17.115 -17.19 -17.135 -17.05 -17.002 -17.14 -17.138 -17.159 -16.647 -16.268 -15.775 -17.12
1.394683 -14.785 -15.177 -15.767 -16.66 -17.028 -17.192 -16.307 -16.733 -17.029 -17.191 -17.184 -17.064 -16.72 -17.098 -17.209 -17.159 -17.044 -17.133 -17.217 -17.167 -17.085 -17.039 -17.166 -17.159 -17.188 -16.688 -16.312 -15.822 -17.145
1.436864 -14.752 -15.145 -15.749 -16.66 -17.041 -17.213 -16.309 -16.736 -17.042 -17.213 -17.213 -17.098 -16.721 -17.114 -17.235 -17.19 -17.079 -17.15 -17.243 -17.198 -17.12 -17.075 -17.191 -17.18 -17.216 -16.729 -16.356 -15.868 -17.169
1.480321 -14.717 -15.111 -15.73 -16.659 -17.052 -17.234 -16.311 -16.737 -17.054 -17.234 -17.241 -17.133 -16.722 -17.129 -17.26 -17.221 -17.114 -17.167 -17.268 -17.229 -17.154 -17.111 -17.215 -17.199 -17.244 -16.769 -16.4 -15.914 -17.193
1.525092 -14.68 -15.075 -15.709 -16.656 -17.063 -17.255 -16.312 -16.736 -17.064 -17.255 -17.269 -17.166 -16.721 -17.143 -17.285 -17.252 -17.149 -17.182 -17.293 -17.26 -17.188 -17.147 -17.239 -17.218 -17.271 -16.809 -16.443 -15.959 -17.216
1.571218 -14.642 -15.037 -15.686 -16.652 -17.072 -17.274 -16.312 -16.735 -17.074 -17.274 -17.296 -17.199 -16.719 -17.156 -17.309 -17.282 -17.183 -17.197 -17.317 -17.29 -17.221 -17.182 -17.262 -17.236 -17.298 -16.849 -16.486 -16.005 -17.238
1.618738 -14.603 -14.997 -15.662 -16.647 -17.08 -17.293 -16.311 -16.732 -17.082 -17.293 -17.322 -17.232 -16.715 -17.168 -17.332 -17.311 -17.216 -17.211 -17.341 -17.319 -17.254 -17.217 -17.285 -17.254 -17.324 -16.889 -16.529 -16.05 -17.259
1.667696 -14.561 -14.955 -15.636 -16.641 -17.087 -17.31 -16.309 -16.728 -17.09 -17.311 -17.348 -17.264 -16.711 -17.179 -17.355 -17.339 -17.249 -17.223 -17.363 -17.348 -17.286 -17.251 -17.307 -17.27 -17.349 -16.928 -16.571 -16.095 -17.28
1.718134 -14.518 -14.911 -15.608 -16.633 -17.094 -17.327 -16.306 -16.723 -17.096 -17.328 -17.373 -17.296 -16.704 -17.189 -17.377 -17.367 -17.282 -17.235 -17.385 -17.376 -17.318 -17.284 -17.328 -17.285 -17.374 -16.967 -16.613 -16.14 -17.3
1.770098 -14.474 -14.865 -15.579 -16.624 -17.098 -17.343 -16.302 -16.716 -17.101 -17.344 -17.397 -17.327 -16.697 -17.198 -17.398 -17.395 -17.314 -17.246 -17.406 -17.403 -17.349 -17.318 -17.348 -17.3 -17.397 -17.005 -16.655 -16.184 -17.319
1.823633 -14.428 -14.816 -15.548 -16.613 -17.102 -17.358 -16.297 -16.708 -17.105 -17.359 -17.421 -17.357 -16.688 -17.206 -17.418 -17.421 -17.345 -17.255 -17.426 -17.43 -17.379 -17.35 -17.367 -17.313 -17.42 -17.043 -16.696 -16.228 -17.338
1.878788 -14.379 -14.765 -15.515 -16.6 -17.104 -17.371 -16.29 -16.698 -17.108 -17.374 -17.443 -17.387 -16.677 -17.212 -17.437 -17.447 -17.376 -17.264 -17.446 -17.456 -17.409 -17.382 -17.386 -17.326 -17.442 -17.08 -16.737 -16.272 -17.355
1.93561 -14.33 -14.711 -15.48 -16.586 -17.105 -17.384 -16.283 -16.686 -17.109 -17.387 -17.465 -17.416 -16.664 -17.218 -17.455 -17.472 -17.406 -17.271 -17.464 -17.481 -17.438 -17.414 -17.403 -17.337 -17.464 -17.117 -16.778 -16.316 -17.372
1.994152 -14.278 -14.655 -15.443 -16.57 -17.105 -17.396 -16.274 -16.673 -17.109 -17.399 -17.486 -17.444 -16.65 -17.222 -17.472 -17.496 -17.435 -17.277 -17.481 -17.506 -17.467 -17.445 -17.42 -17.347 -17.484 -17.154 -16.818 -16.359 -17.387
2.054463 -14.224 -14.596 -15.403 -16.552 -17.103 -17.406 -16.264 -16.658 -17.107 -17.409 -17.506 -17.472 -16.634 -17.225 -17.489 -17.52 -17.464 -17.282 -17.498 -17.529 -17.495 -17.475 -17.435 -17.357 -17.504 -17.19 -16.858 -16.402 -17.402
2.116599 -14.169 -14.534 -15.362 -16.532 -17.1 -17.415 -16.253 -16.641 -17.104 -17.419 -17.525 -17.499 -16.616 -17.226 -17.504 -17.542 -17.491 -17.285 -17.513 -17.552 -17.522 -17.504 -17.45 -17.364 -17.522 -17.225 -16.897 -16.445 -17.416
2.180614 -14.111 -14.47 -15.318 -16.51 -17.095 -17.423 -16.24 -16.622 -17.099 -17.427 -17.543 -17.525 -16.596 -17.226 -17.518 -17.564 -17.519 -17.287 -17.527 -17.574 -17.548 -17.533 -17.463 -17.371 -17.54 -17.26 -16.936 -16.487 -17.428
2.246566 -14.052 -14.402 -15.271 -16.486 -17.088 -17.43 -16.226 -16.601 -17.093 -17.434 -17.56 -17.55 -16.574 -17.224 -17.53 -17.585 -17.545 -17.287 -17.54 -17.594 -17.573 -17.561 -17.476 -17.376 -17.556 -17.294 -16.975 -16.529 -17.44
2.314511 -13.99 -14.33 -15.222 -16.46 -17.079 -17.435 -16.21 -16.578 -17.085 -17.44 -17.576 -17.575 -16.55 -17.221 -17.542 -17.604 -17.57 -17.286 -17.552 -17.614 -17.598 -17.589 -17.487 -17.38 -17.571 -17.328 -17.013 -16.57 -17.45
2.384512 -13.926 -14.255 -15.171 -16.431 -17.069 -17.438 -16.193 -16.552 -17.075 -17.444 -17.591 -17.598 -16.524 -17.216 -17.552 -17.623 -17.595 -17.283 -17.562 -17.633 -17.621 -17.615 -17.497 -17.382 -17.585 -17.361 -17.05 -16.611 -17.459
2.45663 -13.861 -14.177 -15.116 -16.4 -17.056 -17.44 -16.174 -16.524 -17.063 -17.446 -17.604 -17.621 -16.495 -17.209 -17.561 -17.64 -17.618 -17.279 -17.571 -17.65 -17.644 -17.641 -17.505 -17.383 -17.598 -17.393 -17.087 -16.652 -17.467
2.530929 -13.793 -14.095 -15.058 -16.366 -17.042 -17.44 -16.153 -16.494 -17.049 -17.447 -17.616 -17.642 -16.463 -17.2 -17.568 -17.656 -17.641 -17.272 -17.579 -17.667 -17.666 -17.665 -17.512 -17.382 -17.61 -17.425 -17.124 -16.692 -17.474
2.607475 -13.724 -14.009 -14.998 -16.329 -17.025 -17.439 -16.13 -16.461 -17.032 -17.446 -17.627 -17.662 -16.429 -17.189 -17.574 -17.671 -17.663 -17.264 -17.585 -17.682 -17.686 -17.689 -17.518 -17.379 -17.62 -17.456 -17.159 -16.732 -17.479
2.686337 -13.652 -13.918 -14.934 -16.29 -17.006 -17.436 -16.105 -16.425 -17.014 -17.443 -17.637 -17.682 -16.392 -17.176 -17.579 -17.685 -17.683 -17.254 -17.589 -17.696 -17.706 -17.712 -17.522 -17.374 -17.628 -17.486 -17.195 -16.771 -17.482
2.767583 -13.578 -13.823 -14.867 -16.248 -16.985 -17.43 -16.079 -16.386 -16.993 -17.438 -17.645 -17.7 -16.352 -17.161 -17.581 -17.697 -17.702 -17.241 -17.592 -17.708 -17.724 -17.734 -17.525 -17.368 -17.635 -17.515 -17.229 -16.81 -17.485
2.851287 -13.503 -13.724 -14.796 -16.202 -16.961 -17.423 -16.05 -16.345 -16.969 -17.432 -17.651 -17.716 -16.309 -17.143 -17.582 -17.708 -17.72 -17.226 -17.593 -17.719 -17.741 -17.754 -17.526 -17.359 -17.641 -17.543 -17.263 -16.848 -17.485
2.937522 -13.425 -13.619 -14.721 -16.153 -16.934 -17.414 -16.019 -16.3 -16.943 -17.423 -17.655 -17.732 -16.262 -17.123 -17.581 -17.717 -17.737 -17.209 -17.592 -17.729 -17.756 -17.774 -17.525 -17.348 -17.645 -17.57 -17.296 -16.885 -17.484
3.026365 -13.346 -13.51 -14.642 -16.1 -16.904 -17.402 -15.985 -16.251 -16.914 -17.412 -17.658 -17.746 -16.212 -17.101 -17.577 -17.724 -17.752 -17.19 -17.59 -17.737 -17.77 -17.792 -17.522 -17.335 -17.646 -17.597 -17.328 -16.922 -17.48
3.117896 -13.265 -13.395 -14.56 -16.044 -16.872 -17.387 -15.949 -16.199 -16.882 -17.398 -17.659 -17.758 -16.158 -17.075 -17.572 -17.73 -17.766 -17.168 -17.585 -17.743 -17.783 -17.808 -17.517 -17.32 -17.646 -17.622 -17.359 -16.958 -17.475
3.212194 -13.182 -13.274 -14.472 -15.984 -16.836 -17.371 -15.91 -16.143 -16.847 -17.382 -17.658 -17.769 -16.101 -17.047 -17.564 -17.734 -17.778 -17.142 -17.577 -17.747 -17.794 -17.824 -17.51 -17.302 -17.644 -17.646 -17.39 -16.994 -17.468
3.309345 -13.098 -13.146 -14.38 -15.919 -16.797 -17.351 -15.868 -16.083 -16.809 -17.363 -17.654 -17.778 -16.039 -17.015 -17.554 -17.736 -17.789 -17.114 -17.568 -17.749 -17.803 -17.837 -17.501 -17.281 -17.64 -17.669 -17.419 -17.028 -17.459
3.409434 -13.013 -13.013 -14.284 -15.85 -16.754 -17.328 -15.824 -16.018 -16.766 -17.341 -17.649 -17.785 -15.972 -16.98 -17.542 -17.736 -17.798 -17.083 -17.556 -17.749 -17.811 -17.85 -17.489 -17.257 -17.633 -17.691 -17.448 -17.062 -17.447
3.51255 -12.927 -12.872 -14.182 -15.775 -16.707 -17.303 -15.776 -15.949 -16.72 -17.316 -17.641 -17.791 -15.901 -16.942 -17.526 -17.733 -17.805 -17.049 -17.541 -17.747 -17.816 -17.86 -17.475 -17.231 -17.624 -17.711 -17.475 -17.095 -17.433
3.618785 -12.841 -12.724 -14.074 -15.696 -16.656 -17.274 -15.724 -15.874 -16.67 -17.288 -17.63 -17.794 -15.825 -16.9 -17.508 -17.728 -17.81 -17.011 -17.523 -17.743 -17.82 -17.869 -17.458 -17.201 -17.613 -17.73 -17.501 -17.127 -17.417
3.728232 -12.754 -12.568 -13.961 -15.611 -16.601 -17.241 -15.669 -15.795 -16.616 -17.257 -17.617 -17.795 -15.743 -16.853 -17.487 -17.721 -17.813 -16.969 -17.502 -17.736 -17.821 -17.875 -17.438 -17.167 -17.598 -17.747 -17.526 -17.159 -17.398
3.84099 -12.667 -12.404 -13.842 -15.521 -16.541 -17.205 -15.61 -15.71 -16.557 -17.221 -17.601 -17.794 -15.656 -16.803 -17.462 -17.711 -17.813 -16.923 -17.478 -17.726 -17.82 -17.88 -17.416 -17.13 -17.581 -17.763 -17.55 -17.189 -17.376
