web/models/kne.last_good/kappa_0.5_3.0.v1/2/villar_0.0028_0.4060_3.0000.dat
# %ECSV 1.0
# ---
# datatype:
# - {name: time, datatype: float64}
# - {name: swift_uvot_uvw2, datatype: float64}
# - {name: swift_uvot_uvm2, datatype: float64}
# - {name: swift_uvot_uvw1, datatype: float64}
# - {name: swift_uvot_U, datatype: float64}
# - {name: swift_uvot_B, datatype: float64}
# - {name: swift_uvot_V, datatype: float64}
# - {name: swift_uvot_W, datatype: float64}
# - {name: johnson_U, datatype: float64}
# - {name: johnson_B, datatype: float64}
# - {name: johnson_V, datatype: float64}
# - {name: johnson_R, datatype: float64}
# - {name: johnson_I, datatype: float64}
# - {name: sdss_u, datatype: float64}
# - {name: sdss_g, datatype: float64}
# - {name: sdss_r, datatype: float64}
# - {name: sdss_i, datatype: float64}
# - {name: sdss_z, datatype: float64}
# - {name: PS1_g, datatype: float64}
# - {name: PS1_r, datatype: float64}
# - {name: PS1_i, datatype: float64}
# - {name: PS1_z, datatype: float64}
# - {name: PS1_Y, datatype: float64}
# - {name: PS1_w, datatype: float64}
# - {name: ATLAS_c, datatype: float64}
# - {name: ATLAS_o, datatype: float64}
# - {name: ukirt_J, datatype: float64}
# - {name: ukirt_H, datatype: float64}
# - {name: ukirt_K, datatype: float64}
# - {name: Clear, datatype: float64}
# meta: !!omap
# - comment: [kappa = 3.0, type = villar, mass = 0.0028172691138521437, velocity = 0.406, theta_obs = 0.0]
# schema: astropy-2.0
time swift_uvot_uvw2 swift_uvot_uvm2 swift_uvot_uvw1 swift_uvot_U swift_uvot_B swift_uvot_V swift_uvot_W johnson_U johnson_B johnson_V johnson_R johnson_I sdss_u sdss_g sdss_r sdss_i sdss_z PS1_g PS1_r PS1_i PS1_z PS1_Y PS1_w ATLAS_c ATLAS_o ukirt_J ukirt_H ukirt_K Clear
[from data line 148]
0.082253 -8.998 -9.388 -10.104 -11.151 -11.627 -11.873 -10.83 -11.244 -11.63 -11.874 -11.928 -11.859 -11.224 -11.727 -11.928 -11.926 -11.846 -11.775 -11.937 -11.935 -11.881 -11.85 -11.878 -11.83 -11.928 -11.538 -11.188 -10.717 -11.85
0.084741 -8.973 -9.362 -10.092 -11.155 -11.643 -11.898 -10.838 -11.25 -11.646 -11.899 -11.96 -11.896 -11.23 -11.746 -11.957 -11.96 -11.883 -11.796 -11.966 -11.969 -11.918 -11.889 -11.907 -11.854 -11.96 -11.581 -11.234 -10.766 -11.877
0.087304 -8.948 -9.335 -10.079 -11.158 -11.658 -11.922 -10.847 -11.255 -11.661 -11.924 -11.991 -11.933 -11.234 -11.765 -11.986 -11.994 -11.921 -11.816 -11.994 -12.003 -11.955 -11.927 -11.935 -11.877 -11.99 -11.624 -11.28 -10.814 -11.904
0.089944 -8.922 -9.306 -10.065 -11.161 -11.673 -11.946 -10.854 -11.26 -11.676 -11.948 -12.022 -11.969 -11.238 -11.783 -12.014 -12.027 -11.958 -11.835 -12.022 -12.036 -11.992 -11.966 -11.962 -11.899 -12.021 -11.666 -11.325 -10.862 -11.931
0.092665 -8.896 -9.276 -10.05 -11.162 -11.687 -11.969 -10.861 -11.263 -11.69 -11.971 -12.052 -12.006 -11.242 -11.8 -12.041 -12.061 -11.995 -11.854 -12.05 -12.07 -12.028 -12.004 -11.989 -11.921 -12.051 -11.709 -11.371 -10.91 -11.958
0.095467 -8.868 -9.245 -10.034 -11.163 -11.7 -11.991 -10.868 -11.266 -11.704 -11.994 -12.083 -12.042 -11.244 -11.817 -12.069 -12.093 -12.032 -11.872 -12.077 -12.102 -12.064 -12.042 -12.016 -11.943 -12.081 -11.752 -11.416 -10.958 -11.983
0.098355 -8.84 -9.213 -10.018 -11.163 -11.712 -12.014 -10.874 -11.269 -11.716 -12.017 -12.112 -12.077 -11.245 -11.833 -12.095 -12.126 -12.069 -11.89 -12.104 -12.135 -12.1 -12.08 -12.042 -11.964 -12.11 -11.794 -11.461 -11.005 -12.009
0.101329 -8.812 -9.18 -10.0 -11.162 -11.724 -12.035 -10.88 -11.27 -11.728 -12.039 -12.142 -12.113 -11.246 -11.849 -12.122 -12.158 -12.105 -11.907 -12.131 -12.167 -12.135 -12.117 -12.068 -11.985 -12.139 -11.836 -11.507 -11.053 -12.034
0.104394 -8.782 -9.145 -9.981 -11.161 -11.735 -12.056 -10.885 -11.271 -11.74 -12.06 -12.17 -12.148 -11.246 -11.864 -12.147 -12.189 -12.141 -11.923 -12.157 -12.199 -12.171 -12.154 -12.093 -12.005 -12.167 -11.877 -11.551 -11.1 -12.059
0.107551 -8.752 -9.109 -9.961 -11.158 -11.746 -12.077 -10.89 -11.27 -11.751 -12.081 -12.199 -12.182 -11.245 -11.878 -12.173 -12.22 -12.176 -11.939 -12.182 -12.23 -12.205 -12.191 -12.118 -12.024 -12.195 -11.919 -11.596 -11.147 -12.083
0.110804 -8.721 -9.072 -9.941 -11.154 -11.756 -12.097 -10.894 -11.269 -11.761 -12.101 -12.227 -12.217 -11.243 -11.892 -12.197 -12.251 -12.211 -11.955 -12.207 -12.261 -12.24 -12.228 -12.143 -12.043 -12.223 -11.96 -11.641 -11.195 -12.107
0.114155 -8.69 -9.033 -9.919 -11.15 -11.765 -12.116 -10.897 -11.267 -11.77 -12.121 -12.255 -12.251 -11.24 -11.905 -12.222 -12.282 -12.246 -11.969 -12.231 -12.292 -12.274 -12.264 -12.167 -12.062 -12.25 -12.001 -11.685 -11.242 -12.13
0.117608 -8.658 -8.993 -9.896 -11.144 -11.773 -12.135 -10.9 -11.264 -11.778 -12.14 -12.282 -12.284 -11.236 -11.917 -12.245 -12.312 -12.281 -11.983 -12.255 -12.322 -12.308 -12.3 -12.19 -12.079 -12.277 -12.042 -11.729 -11.289 -12.153
0.121165 -8.626 -8.952 -9.872 -11.138 -11.78 -12.153 -10.903 -11.26 -11.786 -12.159 -12.308 -12.318 -11.231 -11.928 -12.269 -12.341 -12.315 -11.997 -12.279 -12.351 -12.341 -12.335 -12.213 -12.097 -12.303 -12.083 -11.773 -11.335 -12.176
0.124829 -8.592 -8.909 -9.847 -11.131 -11.787 -12.171 -10.904 -11.255 -11.793 -12.176 -12.335 -12.351 -11.226 -11.939 -12.291 -12.37 -12.349 -12.009 -12.301 -12.381 -12.374 -12.371 -12.236 -12.113 -12.328 -12.123 -11.817 -11.382 -12.198
0.128605 -8.559 -8.864 -9.821 -11.122 -11.793 -12.187 -10.905 -11.249 -11.799 -12.194 -12.36 -12.383 -11.219 -11.949 -12.314 -12.399 -12.382 -12.021 -12.324 -12.409 -12.407 -12.406 -12.258 -12.129 -12.354 -12.163 -11.861 -11.428 -12.219
0.132494 -8.524 -8.818 -9.794 -11.113 -11.798 -12.204 -10.906 -11.242 -11.805 -12.21 -12.385 -12.415 -11.211 -11.959 -12.335 -12.427 -12.415 -12.032 -12.346 -12.438 -12.439 -12.44 -12.279 -12.144 -12.378 -12.203 -11.904 -11.475 -12.24
0.136502 -8.489 -8.771 -9.765 -11.102 -11.802 -12.219 -10.906 -11.234 -11.809 -12.226 -12.41 -12.447 -11.202 -11.967 -12.356 -12.455 -12.448 -12.043 -12.367 -12.466 -12.471 -12.475 -12.3 -12.159 -12.402 -12.243 -11.947 -11.521 -12.26
0.14063 -8.454 -8.722 -9.736 -11.09 -11.805 -12.234 -10.905 -11.225 -11.813 -12.241 -12.434 -12.478 -11.192 -11.975 -12.376 -12.482 -12.48 -12.052 -12.387 -12.493 -12.502 -12.509 -12.32 -12.173 -12.426 -12.282 -11.99 -11.567 -12.28
0.144883 -8.418 -8.671 -9.705 -11.078 -11.808 -12.248 -10.903 -11.215 -11.816 -12.256 -12.458 -12.509 -11.181 -11.982 -12.396 -12.509 -12.512 -12.061 -12.407 -12.52 -12.533 -12.542 -12.34 -12.186 -12.449 -12.321 -12.033 -11.613 -12.3
0.149265 -8.382 -8.618 -9.673 -11.064 -11.809 -12.261 -10.901 -11.204 -11.817 -12.27 -12.481 -12.54 -11.169 -11.988 -12.415 -12.535 -12.543 -12.069 -12.426 -12.546 -12.564 -12.575 -12.359 -12.198 -12.471 -12.36 -12.076 -11.658 -12.318
0.15378 -8.346 -8.564 -9.639 -11.048 -11.81 -12.274 -10.898 -11.192 -11.818 -12.283 -12.503 -12.57 -11.156 -11.993 -12.433 -12.561 -12.574 -12.076 -12.445 -12.572 -12.594 -12.608 -12.378 -12.21 -12.493 -12.398 -12.118 -11.704 -12.337
0.15843 -8.309 -8.508 -9.605 -11.032 -11.809 -12.286 -10.895 -11.178 -11.818 -12.295 -12.525 -12.599 -11.141 -11.997 -12.451 -12.586 -12.604 -12.083 -12.463 -12.598 -12.624 -12.64 -12.395 -12.221 -12.514 -12.436 -12.16 -11.749 -12.354
0.163222 -8.272 -8.451 -9.569 -11.014 -11.808 -12.297 -10.89 -11.163 -11.817 -12.306 -12.546 -12.628 -11.125 -12.001 -12.468 -12.61 -12.634 -12.088 -12.48 -12.622 -12.653 -12.672 -12.413 -12.231 -12.535 -12.474 -12.202 -11.794 -12.371
0.168159 -8.235 -8.391 -9.531 -10.995 -11.805 -12.307 -10.885 -11.147 -11.815 -12.317 -12.567 -12.657 -11.108 -12.003 -12.484 -12.634 -12.664 -12.093 -12.497 -12.646 -12.682 -12.704 -12.429 -12.24 -12.555 -12.511 -12.244 -11.839 -12.388
0.173245 -8.197 -8.329 -9.492 -10.975 -11.801 -12.316 -10.879 -11.13 -11.812 -12.327 -12.586 -12.685 -11.089 -12.004 -12.5 -12.657 -12.693 -12.097 -12.512 -12.67 -12.71 -12.735 -12.445 -12.248 -12.574 -12.548 -12.285 -11.884 -12.403
0.178484 -8.16 -8.266 -9.452 -10.953 -11.797 -12.324 -10.872 -11.111 -11.808 -12.335 -12.606 -12.712 -11.07 -12.005 -12.515 -12.68 -12.721 -12.099 -12.528 -12.693 -12.737 -12.765 -12.46 -12.256 -12.593 -12.585 -12.326 -11.928 -12.418
0.183882 -8.122 -8.2 -9.41 -10.93 -11.791 -12.332 -10.864 -11.091 -11.802 -12.343 -12.624 -12.739 -11.048 -12.004 -12.529 -12.702 -12.749 -12.101 -12.542 -12.715 -12.764 -12.796 -12.475 -12.263 -12.61 -12.621 -12.367 -11.972 -12.433
0.189444 -8.085 -8.132 -9.367 -10.906 -11.784 -12.338 -10.855 -11.069 -11.796 -12.35 -12.642 -12.766 -11.026 -12.002 -12.542 -12.723 -12.777 -12.102 -12.555 -12.737 -12.791 -12.825 -12.488 -12.268 -12.628 -12.657 -12.407 -12.016 -12.446
0.195173 -8.048 -8.062 -9.322 -10.879 -11.776 -12.344 -10.846 -11.046 -11.788 -12.357 -12.659 -12.791 -11.001 -12.0 -12.554 -12.744 -12.803 -12.101 -12.568 -12.758 -12.817 -12.854 -12.501 -12.273 -12.644 -12.692 -12.447 -12.06 -12.459
0.201076 -8.011 -7.99 -9.275 -10.852 -11.766 -12.348 -10.835 -11.022 -11.779 -12.362 -12.675 -12.816 -10.976 -11.996 -12.565 -12.764 -12.83 -12.1 -12.579 -12.778 -12.842 -12.883 -12.513 -12.277 -12.659 -12.727 -12.487 -12.104 -12.472
0.207158 -7.974 -7.916 -9.227 -10.822 -11.755 -12.352 -10.824 -10.996 -11.769 -12.366 -12.691 -12.841 -10.948 -11.99 -12.576 -12.783 -12.855 -12.097 -12.59 -12.797 -12.867 -12.911 -12.525 -12.28 -12.674 -12.762 -12.526 -12.147 -12.483
0.213423 -7.937 -7.839 -9.177 -10.791 -11.743 -12.354 -10.811 -10.968 -11.757 -12.369 -12.705 -12.865 -10.919 -11.984 -12.585 -12.802 -12.88 -12.094 -12.6 -12.816 -12.891 -12.938 -12.535 -12.281 -12.688 -12.796 -12.566 -12.19 -12.494
0.219878 -7.902 -7.76 -9.126 -10.759 -11.729 -12.355 -10.798 -10.939 -11.744 -12.37 -12.719 -12.888 -10.889 -11.976 -12.594 -12.819 -12.905 -12.089 -12.609 -12.834 -12.914 -12.965 -12.545 -12.282 -12.701 -12.83 -12.604 -12.233 -12.504
0.226528 -7.866 -7.678 -9.073 -10.724 -11.714 -12.355 -10.783 -10.908 -11.73 -12.371 -12.732 -12.911 -10.856 -11.967 -12.601 -12.836 -12.928 -12.083 -12.617 -12.851 -12.937 -12.991 -12.553 -12.282 -12.713 -12.863 -12.643 -12.275 -12.513
0.233379 -7.831 -7.593 -9.017 -10.688 -11.698 -12.354 -10.767 -10.875 -11.714 -12.371 -12.744 -12.932 -10.822 -11.957 -12.608 -12.852 -12.951 -12.075 -12.624 -12.867 -12.959 -13.017 -12.561 -12.28 -12.724 -12.896 -12.681 -12.317 -12.521
0.240437 -7.798 -7.506 -8.96 -10.649 -11.68 -12.352 -10.75 -10.84 -11.696 -12.369 -12.755 -12.953 -10.785 -11.945 -12.613 -12.867 -12.973 -12.066 -12.63 -12.883 -12.98 -13.042 -12.568 -12.277 -12.735 -12.928 -12.718 -12.359 -12.528
0.247709 -7.764 -7.416 -8.901 -10.609 -11.66 -12.348 -10.732 -10.803 -11.677 -12.366 -12.765 -12.974 -10.747 -11.932 -12.618 -12.881 -12.995 -12.056 -12.634 -12.897 -13.0 -13.066 -12.573 -12.273 -12.744 -12.96 -12.756 -12.401 -12.534
0.255201 -7.732 -7.323 -8.84 -10.566 -11.639 -12.343 -10.712 -10.765 -11.657 -12.362 -12.774 -12.993 -10.707 -11.917 -12.621 -12.894 -13.015 -12.045 -12.638 -12.911 -13.02 -13.089 -12.578 -12.267 -12.752 -12.991 -12.792 -12.442 -12.54
0.262919 -7.701 -7.227 -8.777 -10.522 -11.616 -12.336 -10.691 -10.724 -11.634 -12.356 -12.782 -13.011 -10.665 -11.9 -12.622 -12.906 -13.035 -12.032 -12.64 -12.923 -13.038 -13.112 -12.581 -12.26 -12.759 -13.022 -12.829 -12.483 -12.544
0.270871 -7.671 -7.128 -8.711 -10.475 -11.591 -12.328 -10.669 -10.681 -11.61 -12.349 -12.788 -13.029 -10.62 -11.882 -12.623 -12.917 -13.054 -12.017 -12.641 -12.935 -13.056 -13.134 -12.584 -12.252 -12.765 -13.052 -12.864 -12.523 -12.547
0.279064 -7.642 -7.026 -8.643 -10.426 -11.564 -12.319 -10.646 -10.635 -11.584 -12.34 -12.794 -13.046 -10.573 -11.863 -12.622 -12.927 -13.072 -12.001 -12.641 -12.945 -13.073 -13.155 -12.585 -12.242 -12.77 -13.081 -12.9 -12.564 -12.549
0.287504 -7.614 -6.921 -8.573 -10.374 -11.535 -12.308 -10.621 -10.588 -11.556 -12.33 -12.798 -13.062 -10.523 -11.841 -12.62 -12.936 -13.089 -11.983 -12.64 -12.954 -13.089 -13.175 -12.585 -12.231 -12.773 -13.11 -12.935 -12.603 -12.55
0.296199 -7.588 -6.811 -8.501 -10.32 -11.504 -12.295 -10.594 -10.538 -11.526 -12.318 -12.801 -13.076 -10.471 -11.818 -12.616 -12.944 -13.105 -11.963 -12.637 -12.962 -13.103 -13.194 -12.583 -12.218 -12.775 -13.137 -12.969 -12.643 -12.55
0.305157 -7.562 -6.699 -8.426 -10.263 -11.471 -12.281 -10.566 -10.485 -11.494 -12.304 -12.803 -13.09 -10.417 -11.792 -12.611 -12.95 -13.12 -11.942 -12.632 -12.969 -13.117 -13.213 -12.58 -12.204 -12.776 -13.165 -13.003 -12.682 -12.549
0.314387 -7.538 -6.582 -8.349 -10.203 -11.436 -12.264 -10.536 -10.43 -11.46 -12.289 -12.803 -13.103 -10.36 -11.765 -12.604 -12.955 -13.134 -11.919 -12.626 -12.975 -13.13 -13.23 -12.576 -12.187 -12.776 -13.191 -13.036 -12.72 -12.546
0.323895 -7.516 -6.462 -8.268 -10.14 -11.398 -12.246 -10.504 -10.371 -11.423 -12.272 -12.802 -13.114 -10.299 -11.735 -12.596 -12.959 -13.146 -11.893 -12.618 -12.979 -13.141 -13.247 -12.57 -12.169 -12.773 -13.217 -13.069 -12.758 -12.542
0.333691 -7.495 -6.338 -8.186 -10.075 -11.358 -12.226 -10.47 -10.31 -11.384 -12.252 -12.8 -13.124 -10.236 -11.703 -12.586 -12.961 -13.158 -11.866 -12.609 -12.982 -13.152 -13.262 -12.563 -12.149 -12.77 -13.242 -13.1 -12.796 -12.537
0.343783 -7.475 -6.209 -8.1 -10.006 -11.316 -12.203 -10.435 -10.246 -11.343 -12.231 -12.795 -13.133 -10.17 -11.669 -12.574 -12.962 -13.168 -11.837 -12.598 -12.983 -13.161 -13.276 -12.554 -12.127 -12.765 -13.265 -13.132 -12.833 -12.53
0.354181 -7.456 -6.076 -8.011 -9.934 -11.271 -12.179 -10.397 -10.179 -11.299 -12.208 -12.789 -13.141 -10.1 -11.632 -12.56 -12.961 -13.177 -11.805 -12.585 -12.983 -13.168 -13.289 -12.544 -12.103 -12.758 -13.288 -13.162 -12.869 -12.522
0.364893 -7.439 -5.939 -7.919 -9.858 -11.222 -12.152 -10.358 -10.108 -11.252 -12.182 -12.782 -13.147 -10.027 -11.593 -12.544 -12.959 -13.185 -11.771 -12.57 -12.981 -13.174 -13.301 -12.531 -12.076 -12.749 -13.31 -13.192 -12.905 -12.512
0.375929 -7.423 -5.798 -7.824 -9.778 -11.171 -12.123 -10.316 -10.033 -11.202 -12.154 -12.772 -13.152 -9.95 -11.551 -12.526 -12.955 -13.191 -11.734 -12.553 -12.977 -13.179 -13.311 -12.517 -12.048 -12.738 -13.331 -13.221 -12.94 -12.501
0.387298 -7.408 -5.651 -7.725 -9.695 -11.117 -12.091 -10.272 -9.955 -11.149 -12.124 -12.761 -13.155 -9.87 -11.506 -12.506 -12.949 -13.196 -11.695 -12.533 -12.972 -13.182 -13.32 -12.501 -12.017 -12.726 -13.351 -13.249 -12.975 -12.488
0.399012 -7.394 -5.5 -7.623 -9.608 -11.06 -12.056 -10.225 -9.873 -11.093 -12.09 -12.747 -13.156 -9.785 -11.458 -12.483 -12.941 -13.199 -11.654 -12.512 -12.964 -13.184 -13.328 -12.482 -11.983 -12.711 -13.37 -13.276 -13.009 -12.473
0.41108 -7.381 -5.344 -7.518 -9.516 -10.999 -12.019 -10.176 -9.787 -11.034 -12.054 -12.732 -13.156 -9.696 -11.407 -12.458 -12.931 -13.2 -11.609 -12.488 -12.955 -13.184 -13.334 -12.462 -11.947 -12.694 -13.388 -13.303 -13.042 -12.456
0.423513 -7.369 -5.183 -7.408 -9.42 -10.934 -11.979 -10.124 -9.696 -10.971 -12.016 -12.714 -13.154 -9.603 -11.353 -12.43 -12.918 -13.2 -11.562 -12.461 -12.944 -13.182 -13.338 -12.439 -11.907 -12.675 -13.404 -13.328 -13.075 -12.437
0.436321 -7.358 -5.017 -7.295 -9.319 -10.866 -11.935 -10.069 -9.601 -10.904 -11.974 -12.693 -13.15 -9.504 -11.295 -12.4 -12.904 -13.197 -11.511 -12.432 -12.93 -13.178 -13.341 -12.414 -11.865 -12.653 -13.419 -13.353 -13.107 -12.416
0.449518 -7.347 -4.847 -7.177 -9.213 -10.793 -11.888 -10.011 -9.501 -10.833 -11.928 -12.671 -13.144 -9.401 -11.234 -12.366 -12.887 -13.193 -11.457 -12.4 -12.914 -13.171 -13.342 -12.386 -11.82 -12.629 -13.433 -13.376 -13.138 -12.393
0.463113 -7.337 -4.671 -7.055 -9.101 -10.716 -11.838 -9.95 -9.395 -10.758 -11.88 -12.645 -13.136 -9.293 -11.168 -12.33 -12.868 -13.187 -11.4 -12.365 -12.896 -13.163 -13.341 -12.355 -11.771 -12.602 -13.445 -13.398 -13.168 -12.368
0.47712 -7.327 -4.491 -6.928 -8.984 -10.635 -11.784 -9.885 -9.285 -10.679 -11.827 -12.617 -13.126 -9.179 -11.098 -12.29 -12.846 -13.178 -11.339 -12.327 -12.874 -13.153 -13.338 -12.322 -11.719 -12.573 -13.455 -13.419 -13.197 -12.34
0.49155 -7.317 -4.307 -6.797 -8.861 -10.549 -11.726 -9.817 -9.168 -10.594 -11.771 -12.585 -13.113 -9.059 -11.024 -12.247 -12.821 -13.167 -11.275 -12.286 -12.85 -13.14 -13.333 -12.286 -11.663 -12.54 -13.464 -13.439 -13.225 -12.31
0.506416 -7.307 -4.12 -6.66 -8.732 -10.458 -11.664 -9.746 -9.045 -10.505 -11.711 -12.551 -13.097 -8.933 -10.946 -12.2 -12.793 -13.153 -11.206 -12.241 -12.823 -13.124 -13.325 -12.246 -11.603 -12.504 -13.471 -13.457 -13.252 -12.277
0.521733 -7.297 -3.93 -6.519 -8.596 -10.361 -11.597 -9.67 -8.916 -10.411 -11.646 -12.513 -13.079 -8.8 -10.862 -12.149 -12.762 -13.137 -11.134 -12.192 -12.793 -13.106 -13.315 -12.203 -11.538 -12.464 -13.476 -13.474 -13.278 -12.242
0.537512 -7.286 -3.738 -6.371 -8.452 -10.258 -11.525 -9.59 -8.78 -10.311 -11.577 -12.471 -13.058 -8.66 -10.773 -12.095 -12.727 -13.118 -11.057 -12.14 -12.76 -13.084 -13.303 -12.156 -11.47 -12.421 -13.479 -13.489 -13.303 -12.203
0.553769 -7.275 -3.547 -6.218 -8.301 -10.149 -11.449 -9.506 -8.636 -10.204 -11.503 -12.426 -13.034 -8.512 -10.678 -12.035 -12.689 -13.095 -10.975 -12.083 -12.723 -13.06 -13.288 -12.105 -11.396 -12.374 -13.48 -13.502 -13.327 -12.161
0.570517 -7.263 -3.356 -6.059 -8.142 -10.034 -11.367 -9.417 -8.485 -10.092 -11.423 -12.376 -13.007 -8.356 -10.578 -11.971 -12.647 -13.07 -10.889 -12.021 -12.682 -13.032 -13.27 -12.051 -11.317 -12.323 -13.478 -13.514 -13.349 -12.116
0.587772 -7.25 -3.169 -5.893 -7.974 -9.912 -11.279 -9.322 -8.325 -9.972 -11.338 -12.322 -12.976 -8.192 -10.47 -11.902 -12.6 -13.041 -10.798 -11.955 -12.637 -13.001 -13.248 -11.992 -11.233 -12.267 -13.474 -13.524 -13.37 -12.068
0.605549 -7.236 -2.988 -5.72 -7.797 -9.782 -11.185 -9.223 -8.156 -9.846 -11.247 -12.264 -12.941 -8.018 -10.357 -11.828 -12.549 -13.008 -10.702 -11.884 -12.587 -12.966 -13.224 -11.928 -11.144 -12.207 -13.468 -13.532 -13.389 -12.016
