web/models/kne.last_good/kappa_0.5_3.0.v1/2/villar_0.0630_0.0927_0.5000.dat
# %ECSV 1.0
# ---
# datatype:
# - {name: time, datatype: float64}
# - {name: swift_uvot_uvw2, datatype: float64}
# - {name: swift_uvot_uvm2, datatype: float64}
# - {name: swift_uvot_uvw1, datatype: float64}
# - {name: swift_uvot_U, datatype: float64}
# - {name: swift_uvot_B, datatype: float64}
# - {name: swift_uvot_V, datatype: float64}
# - {name: swift_uvot_W, datatype: float64}
# - {name: johnson_U, datatype: float64}
# - {name: johnson_B, datatype: float64}
# - {name: johnson_V, datatype: float64}
# - {name: johnson_R, datatype: float64}
# - {name: johnson_I, datatype: float64}
# - {name: sdss_u, datatype: float64}
# - {name: sdss_g, datatype: float64}
# - {name: sdss_r, datatype: float64}
# - {name: sdss_i, datatype: float64}
# - {name: sdss_z, datatype: float64}
# - {name: PS1_g, datatype: float64}
# - {name: PS1_r, datatype: float64}
# - {name: PS1_i, datatype: float64}
# - {name: PS1_z, datatype: float64}
# - {name: PS1_Y, datatype: float64}
# - {name: PS1_w, datatype: float64}
# - {name: ATLAS_c, datatype: float64}
# - {name: ATLAS_o, datatype: float64}
# - {name: ukirt_J, datatype: float64}
# - {name: ukirt_H, datatype: float64}
# - {name: ukirt_K, datatype: float64}
# - {name: Clear, datatype: float64}
# meta: !!omap
# - comment: [kappa = 0.5, type = villar, mass = 0.06299605249512866, velocity = 0.09266666666666673, theta_obs = 0.0]
# schema: astropy-2.0
time swift_uvot_uvw2 swift_uvot_uvm2 swift_uvot_uvw1 swift_uvot_U swift_uvot_B swift_uvot_V swift_uvot_W johnson_U johnson_B johnson_V johnson_R johnson_I sdss_u sdss_g sdss_r sdss_i sdss_z PS1_g PS1_r PS1_i PS1_z PS1_Y PS1_w ATLAS_c ATLAS_o ukirt_J ukirt_H ukirt_K Clear
[from data line 359]
44.212178 132.942 138.157 161.392 171.958 160.13 152.141 135.21 169.915 157.844 150.093 141.736 136.749 171.229 156.075 147.227 141.707 137.241 131.676 131.881 131.859 131.444 129.698 142.945 149.497 142.68 131.515 128.014 125.388 129.912
45.549345 141.607 146.822 170.057 180.623 168.795 160.806 143.875 178.58 166.509 158.758 150.401 145.414 179.894 164.74 155.892 150.372 145.907 140.341 140.546 140.524 140.109 138.363 151.61 158.162 151.345 140.18 136.679 134.054 138.577
46.926954 150.804 156.02 179.254 189.821 177.992 170.004 153.072 187.777 175.706 167.955 159.598 154.611 189.091 173.937 165.089 159.569 155.104 149.538 149.743 149.722 149.306 147.56 160.807 167.359 160.542 149.377 145.877 143.251 147.774
48.346227 160.566 165.782 189.016 199.582 187.754 179.766 162.834 197.539 185.468 177.717 169.36 164.373 198.853 183.699 174.851 169.331 164.866 159.3 159.505 159.484 159.068 157.322 170.569 177.121 170.304 159.139 155.639 153.013 157.536
49.808426 170.927 176.143 199.378 209.944 198.115 190.127 173.196 207.901 195.83 188.078 179.722 174.735 209.215 194.06 185.212 179.693 175.227 169.662 169.866 169.845 169.43 167.684 180.931 187.482 180.665 169.501 166.0 163.374 167.898
51.314848 181.925 187.14 210.375 220.941 209.113 201.125 184.193 218.898 206.827 199.076 190.719 185.732 220.212 205.058 196.21 190.69 186.225 180.659 180.864 180.842 180.427 178.681 191.928 198.48 191.663 180.498 176.998 174.372 178.895
52.86683 193.598 198.813 222.048 232.614 220.786 212.797 195.866 230.571 218.5 210.749 202.392 197.405 231.885 216.731 207.883 202.363 197.897 192.332 192.537 192.515 192.1 190.354 203.601 210.153 203.336 192.171 188.67 186.045 190.568
54.465752 205.987 211.203 234.438 245.004 233.175 225.187 208.256 242.961 230.89 223.138 214.782 209.795 244.275 229.12 220.273 214.753 210.287 204.722 204.926 204.905 204.49 202.744 215.991 222.542 215.725 204.561 201.06 198.434 202.958
56.113031 219.138 224.353 247.588 258.154 246.326 238.337 221.406 256.111 244.04 236.289 227.932 222.945 257.425 242.271 233.423 227.903 223.437 217.872 218.077 218.055 217.64 215.894 229.141 235.693 228.876 217.711 214.21 211.585 216.108
57.810132 233.096 238.311 261.546 272.112 260.284 252.295 235.364 270.069 257.998 250.246 241.89 236.903 271.383 256.229 247.381 241.861 237.395 231.83 232.035 232.013 231.598 229.852 243.099 249.65 242.834 231.669 228.168 225.542 230.066
59.55856 247.91 253.126 276.361 286.927 275.098 267.11 250.179 284.884 272.813 265.061 256.705 251.718 286.198 271.043 262.196 256.676 252.21 246.645 246.85 246.828 246.413 244.667 257.914 264.465 257.649 246.484 242.983 240.357 244.881
61.359868 263.635 268.851 292.086 302.652 290.823 282.835 265.903 300.609 288.537 280.786 272.429 267.443 301.923 286.768 277.92 272.4 267.935 262.369 262.574 262.553 262.137 260.392 273.638 280.19 273.373 262.208 258.708 256.082 260.606
63.215655 280.325 285.541 308.776 319.342 307.513 299.525 282.594 317.299 305.227 297.476 289.12 284.133 318.613 303.458 294.61 289.091 284.625 279.06 279.264 279.243 278.828 277.082 290.329 296.88 290.063 278.899 275.398 272.772 277.296
65.127569 298.04 303.256 326.491 337.057 325.228 317.24 300.309 335.014 322.942 315.191 306.835 301.848 336.328 321.173 312.325 306.806 302.34 296.775 296.979 296.958 296.543 294.797 308.044 314.595 307.778 296.614 293.113 290.487 295.011
67.097308 316.843 322.059 345.293 355.86 344.031 336.043 319.111 353.816 341.745 333.994 325.637 320.65 355.13 339.976 331.128 325.608 321.143 315.577 315.782 315.761 315.345 313.599 326.846 333.398 326.581 315.416 311.916 309.29 313.813
69.126621 336.8 342.016 365.251 375.817 363.988 356.0 339.069 373.774 361.702 353.951 345.595 340.608 375.088 359.933 351.085 345.566 341.1 335.535 335.739 335.718 335.303 333.557 346.804 353.355 346.538 335.374 331.873 329.247 333.771
71.217308 357.983 363.199 386.433 397.0 385.171 377.183 360.251 394.956 382.885 375.134 366.777 361.79 396.27 381.116 372.268 366.748 362.283 356.717 356.922 356.901 356.485 354.739 367.986 374.538 367.721 356.556 353.056 350.43 354.953
73.371227 380.466 385.682 408.917 419.483 407.654 399.666 382.735 417.44 405.369 397.617 389.261 384.274 418.754 403.599 394.752 389.232 384.766 379.201 379.406 379.384 378.969 377.223 390.47 397.021 390.204 379.04 375.539 372.913 377.437
75.59029 404.33 409.546 432.781 443.347 431.518 423.53 406.599 441.304 429.233 421.481 413.125 408.138 442.618 427.463 418.616 413.096 408.63 403.065 403.269 403.248 402.833 401.087 414.334 420.885 414.068 402.904 399.403 396.777 401.301
77.876467 429.66 434.875 458.11 468.676 456.848 448.859 431.928 466.633 454.562 446.811 438.454 433.467 467.947 452.793 443.945 438.425 433.959 428.394 428.599 428.577 428.162 426.416 439.663 446.215 439.398 428.233 424.732 422.107 426.63
80.231787 456.544 461.76 484.995 495.561 483.732 475.744 458.813 493.518 481.447 473.695 465.339 460.352 494.832 479.677 470.829 465.31 460.844 455.279 455.483 455.462 455.047 453.301 466.548 473.099 466.282 455.118 451.617 448.991 453.515
82.658343 485.08 490.295 513.53 524.096 512.268 504.279 487.348 522.053 509.982 502.231 493.874 488.887 523.367 508.213 499.365 493.845 489.379 483.814 484.019 483.997 483.582 481.836 495.083 501.635 494.818 483.653 480.152 477.527 482.05
85.158288 515.367 520.583 543.818 554.384 542.555 534.567 517.636 552.341 540.27 532.518 524.162 519.175 553.655 538.5 529.652 524.133 519.667 514.102 514.306 514.285 513.87 512.124 525.371 531.922 525.105 513.941 510.44 507.814 512.338
87.733843 547.515 552.73 575.965 586.531 574.703 566.714 549.783 584.488 572.417 564.666 556.309 551.322 585.802 570.648 561.8 556.28 551.814 546.249 546.454 546.432 546.017 544.271 557.518 564.07 557.253 546.088 542.587 539.961 544.485
90.387293 581.636 586.852 610.086 620.653 608.824 600.836 583.904 618.609 606.538 598.787 590.43 585.443 619.923 604.769 595.921 590.401 585.936 580.37 580.575 580.554 580.138 578.392 591.639 598.191 591.374 580.209 576.709 574.083 578.606
93.120995 617.852 623.068 646.303 656.869 645.04 637.052 620.121 654.826 642.755 635.003 626.647 621.66 656.14 640.985 632.138 626.618 622.152 616.587 616.792 616.77 616.355 614.609 627.856 634.407 627.591 616.426 612.925 610.299 614.823
95.937376 656.293 661.508 684.743 695.309 683.481 675.492 658.561 693.266 681.195 673.444 665.087 660.1 694.58 679.426 670.578 665.058 660.592 655.027 655.232 655.21 654.795 653.049 666.296 672.848 666.031 654.866 651.365 648.74 653.263
98.838937 697.093 702.309 725.544 736.11 724.281 716.293 699.362 734.067 721.996 714.244 705.888 700.901 735.381 720.226 711.379 705.859 701.393 695.828 696.032 696.011 695.596 693.85 707.097 713.648 706.831 695.667 692.166 689.54 694.064
101.828253 740.399 745.615 768.85 779.416 767.587 759.599 742.668 777.373 765.302 757.55 749.194 744.207 778.687 763.532 754.684 749.165 744.699 739.134 739.338 739.317 738.902 737.156 750.403 756.954 750.137 738.973 735.472 732.846 737.37
104.907979 786.364 791.58 nan nan nan nan 788.633 nan nan nan nan 792.795 nan nan nan nan nan 785.099 785.304 785.282 784.869 783.124 nan nan nan 784.912 781.437 778.811 783.335
108.080849 786.364 791.58 nan nan nan nan 788.633 nan nan nan nan 792.795 nan nan nan nan nan 785.099 785.304 785.282 784.869 783.124 nan nan nan 784.912 781.437 778.811 783.335
111.349681 786.364 791.58 nan nan nan nan 788.633 nan nan nan nan 792.795 nan nan nan nan nan 785.099 785.304 785.282 784.869 783.124 nan nan nan 784.912 781.437 778.811 783.335
114.717376 786.364 791.58 nan nan nan nan 788.633 nan nan nan nan 792.795 nan nan nan nan nan 785.099 785.304 785.282 784.869 783.124 nan nan nan 784.912 781.437 778.811 783.335
118.186925 786.364 791.58 nan nan nan nan 788.633 nan nan nan nan 792.795 nan nan nan nan nan 785.099 785.304 785.282 784.869 783.124 nan nan nan 784.912 781.437 778.811 783.335
121.761408 786.364 791.58 nan nan nan nan 788.633 nan nan nan nan 792.795 nan nan nan nan nan 785.099 785.304 785.282 784.869 783.124 nan nan nan 784.912 781.437 778.811 783.335
125.443999 786.364 791.58 nan nan nan nan 788.633 nan nan nan nan 792.795 nan nan nan nan nan 785.099 785.304 785.282 784.869 783.124 nan nan nan 784.912 781.437 778.811 783.335
129.237967 786.364 791.58 nan nan nan nan 788.633 nan nan nan nan 792.795 nan nan nan nan nan 785.099 785.304 785.282 784.869 783.124 nan nan nan 784.912 781.437 778.811 783.335
133.146681 786.364 791.58 nan nan nan nan 788.633 nan nan nan nan 792.795 nan nan nan nan nan 785.099 785.304 785.282 784.869 783.124 nan nan nan 784.912 781.437 778.811 783.335
137.173612 786.364 791.58 nan nan nan nan 788.633 nan nan nan nan 792.795 nan nan nan nan nan 785.099 785.304 785.282 784.869 783.124 nan nan nan 784.912 781.437 778.811 783.335
141.322334 786.364 791.58 nan nan nan nan 788.633 nan nan nan nan 792.795 nan nan nan nan nan 785.099 785.304 785.282 784.869 783.124 nan nan nan 784.912 781.437 778.811 783.335
145.596532 786.364 791.58 nan nan nan nan 788.633 nan nan nan nan 792.795 nan nan nan nan nan 785.099 785.304 785.282 784.869 783.124 nan nan nan 784.912 781.437 778.811 783.335
150.0 786.364 791.58 nan nan nan nan 788.633 nan nan nan nan 792.795 nan nan nan nan nan 785.099 785.304 785.282 784.869 783.124 nan nan nan 784.912 781.437 778.811 783.335
