web/models/linear/25/-14_204_0_001.dat
# %ECSV 1.0
# ---
# datatype:
# - {name: time, datatype: float64}
# - {name: sdss_u, datatype: float64}
# - {name: sdss_g, datatype: float64}
# - {name: sdss_r, datatype: float64}
# - {name: sdss_i, datatype: float64}
# - {name: sdss_z, datatype: float64}
# - {name: Clear, datatype: float64}
# - {name: johnson_B, datatype: float64}
# - {name: johnson_V, datatype: float64}
# - {name: johnson_R, datatype: float64}
# - {name: johnson_I, datatype: float64}
# - {name: ukirt_J, datatype: float64}
# - {name: ukirt_H, datatype: float64}
# - {name: ukirt_K, datatype: float64}
# meta: !!omap
# - comment: [M=-14.204081632653061, dM=0.001363753625603554]
# schema: astropy-2.0
time sdss_u sdss_g sdss_r sdss_i sdss_z Clear johnson_B johnson_V johnson_R johnson_I ukirt_J ukirt_H ukirt_K
[from data line 117]
8.819095477386934 -14.19205455922123 -14.19205455922123 -14.19205455922123 -14.19205455922123 -14.19205455922123 -14.19205455922123 -14.19205455922123 -14.19205455922123 -14.19205455922123 -14.19205455922123 -14.19205455922123 -14.19205455922123 -14.19205455922123
8.894472361809044 -14.191951763721812 -14.191951763721812 -14.191951763721812 -14.191951763721812 -14.191951763721812 -14.191951763721812 -14.191951763721812 -14.191951763721812 -14.191951763721812 -14.191951763721812 -14.191951763721812 -14.191951763721812 -14.191951763721812
8.969849246231155 -14.191848968222397 -14.191848968222397 -14.191848968222397 -14.191848968222397 -14.191848968222397 -14.191848968222397 -14.191848968222397 -14.191848968222397 -14.191848968222397 -14.191848968222397 -14.191848968222397 -14.191848968222397 -14.191848968222397
9.045226130653266 -14.19174617272298 -14.19174617272298 -14.19174617272298 -14.19174617272298 -14.19174617272298 -14.19174617272298 -14.19174617272298 -14.19174617272298 -14.19174617272298 -14.19174617272298 -14.19174617272298 -14.19174617272298 -14.19174617272298
9.120603015075377 -14.191643377223562 -14.191643377223562 -14.191643377223562 -14.191643377223562 -14.191643377223562 -14.191643377223562 -14.191643377223562 -14.191643377223562 -14.191643377223562 -14.191643377223562 -14.191643377223562 -14.191643377223562 -14.191643377223562
9.195979899497488 -14.191540581724144 -14.191540581724144 -14.191540581724144 -14.191540581724144 -14.191540581724144 -14.191540581724144 -14.191540581724144 -14.191540581724144 -14.191540581724144 -14.191540581724144 -14.191540581724144 -14.191540581724144 -14.191540581724144
9.271356783919597 -14.191437786224727 -14.191437786224727 -14.191437786224727 -14.191437786224727 -14.191437786224727 -14.191437786224727 -14.191437786224727 -14.191437786224727 -14.191437786224727 -14.191437786224727 -14.191437786224727 -14.191437786224727 -14.191437786224727
9.346733668341708 -14.19133499072531 -14.19133499072531 -14.19133499072531 -14.19133499072531 -14.19133499072531 -14.19133499072531 -14.19133499072531 -14.19133499072531 -14.19133499072531 -14.19133499072531 -14.19133499072531 -14.19133499072531 -14.19133499072531
9.422110552763819 -14.191232195225892 -14.191232195225892 -14.191232195225892 -14.191232195225892 -14.191232195225892 -14.191232195225892 -14.191232195225892 -14.191232195225892 -14.191232195225892 -14.191232195225892 -14.191232195225892 -14.191232195225892 -14.191232195225892
9.497487437185928 -14.191129399726474 -14.191129399726474 -14.191129399726474 -14.191129399726474 -14.191129399726474 -14.191129399726474 -14.191129399726474 -14.191129399726474 -14.191129399726474 -14.191129399726474 -14.191129399726474 -14.191129399726474 -14.191129399726474
9.572864321608039 -14.191026604227057 -14.191026604227057 -14.191026604227057 -14.191026604227057 -14.191026604227057 -14.191026604227057 -14.191026604227057 -14.191026604227057 -14.191026604227057 -14.191026604227057 -14.191026604227057 -14.191026604227057 -14.191026604227057
9.64824120603015 -14.19092380872764 -14.19092380872764 -14.19092380872764 -14.19092380872764 -14.19092380872764 -14.19092380872764 -14.19092380872764 -14.19092380872764 -14.19092380872764 -14.19092380872764 -14.19092380872764 -14.19092380872764 -14.19092380872764
9.72361809045226 -14.190821013228222 -14.190821013228222 -14.190821013228222 -14.190821013228222 -14.190821013228222 -14.190821013228222 -14.190821013228222 -14.190821013228222 -14.190821013228222 -14.190821013228222 -14.190821013228222 -14.190821013228222 -14.190821013228222
9.798994974874372 -14.190718217728804 -14.190718217728804 -14.190718217728804 -14.190718217728804 -14.190718217728804 -14.190718217728804 -14.190718217728804 -14.190718217728804 -14.190718217728804 -14.190718217728804 -14.190718217728804 -14.190718217728804 -14.190718217728804
9.874371859296481 -14.190615422229389 -14.190615422229389 -14.190615422229389 -14.190615422229389 -14.190615422229389 -14.190615422229389 -14.190615422229389 -14.190615422229389 -14.190615422229389 -14.190615422229389 -14.190615422229389 -14.190615422229389 -14.190615422229389
9.949748743718592 -14.190512626729971 -14.190512626729971 -14.190512626729971 -14.190512626729971 -14.190512626729971 -14.190512626729971 -14.190512626729971 -14.190512626729971 -14.190512626729971 -14.190512626729971 -14.190512626729971 -14.190512626729971 -14.190512626729971
10.025125628140703 -14.190409831230554 -14.190409831230554 -14.190409831230554 -14.190409831230554 -14.190409831230554 -14.190409831230554 -14.190409831230554 -14.190409831230554 -14.190409831230554 -14.190409831230554 -14.190409831230554 -14.190409831230554 -14.190409831230554
10.100502512562812 -14.190307035731136 -14.190307035731136 -14.190307035731136 -14.190307035731136 -14.190307035731136 -14.190307035731136 -14.190307035731136 -14.190307035731136 -14.190307035731136 -14.190307035731136 -14.190307035731136 -14.190307035731136 -14.190307035731136
10.175879396984923 -14.190204240231719 -14.190204240231719 -14.190204240231719 -14.190204240231719 -14.190204240231719 -14.190204240231719 -14.190204240231719 -14.190204240231719 -14.190204240231719 -14.190204240231719 -14.190204240231719 -14.190204240231719 -14.190204240231719
10.251256281407034 -14.190101444732301 -14.190101444732301 -14.190101444732301 -14.190101444732301 -14.190101444732301 -14.190101444732301 -14.190101444732301 -14.190101444732301 -14.190101444732301 -14.190101444732301 -14.190101444732301 -14.190101444732301 -14.190101444732301
10.326633165829145 -14.189998649232884 -14.189998649232884 -14.189998649232884 -14.189998649232884 -14.189998649232884 -14.189998649232884 -14.189998649232884 -14.189998649232884 -14.189998649232884 -14.189998649232884 -14.189998649232884 -14.189998649232884 -14.189998649232884
10.402010050251256 -14.189895853733466 -14.189895853733466 -14.189895853733466 -14.189895853733466 -14.189895853733466 -14.189895853733466 -14.189895853733466 -14.189895853733466 -14.189895853733466 -14.189895853733466 -14.189895853733466 -14.189895853733466 -14.189895853733466
10.477386934673365 -14.189793058234049 -14.189793058234049 -14.189793058234049 -14.189793058234049 -14.189793058234049 -14.189793058234049 -14.189793058234049 -14.189793058234049 -14.189793058234049 -14.189793058234049 -14.189793058234049 -14.189793058234049 -14.189793058234049
10.552763819095476 -14.189690262734631 -14.189690262734631 -14.189690262734631 -14.189690262734631 -14.189690262734631 -14.189690262734631 -14.189690262734631 -14.189690262734631 -14.189690262734631 -14.189690262734631 -14.189690262734631 -14.189690262734631 -14.189690262734631
10.628140703517587 -14.189587467235214 -14.189587467235214 -14.189587467235214 -14.189587467235214 -14.189587467235214 -14.189587467235214 -14.189587467235214 -14.189587467235214 -14.189587467235214 -14.189587467235214 -14.189587467235214 -14.189587467235214 -14.189587467235214
10.703517587939697 -14.189484671735796 -14.189484671735796 -14.189484671735796 -14.189484671735796 -14.189484671735796 -14.189484671735796 -14.189484671735796 -14.189484671735796 -14.189484671735796 -14.189484671735796 -14.189484671735796 -14.189484671735796 -14.189484671735796
10.778894472361808 -14.18938187623638 -14.18938187623638 -14.18938187623638 -14.18938187623638 -14.18938187623638 -14.18938187623638 -14.18938187623638 -14.18938187623638 -14.18938187623638 -14.18938187623638 -14.18938187623638 -14.18938187623638 -14.18938187623638
10.854271356783919 -14.189279080736963 -14.189279080736963 -14.189279080736963 -14.189279080736963 -14.189279080736963 -14.189279080736963 -14.189279080736963 -14.189279080736963 -14.189279080736963 -14.189279080736963 -14.189279080736963 -14.189279080736963 -14.189279080736963
10.92964824120603 -14.189176285237545 -14.189176285237545 -14.189176285237545 -14.189176285237545 -14.189176285237545 -14.189176285237545 -14.189176285237545 -14.189176285237545 -14.189176285237545 -14.189176285237545 -14.189176285237545 -14.189176285237545 -14.189176285237545
11.00502512562814 -14.189073489738128 -14.189073489738128 -14.189073489738128 -14.189073489738128 -14.189073489738128 -14.189073489738128 -14.189073489738128 -14.189073489738128 -14.189073489738128 -14.189073489738128 -14.189073489738128 -14.189073489738128 -14.189073489738128
11.08040201005025 -14.18897069423871 -14.18897069423871 -14.18897069423871 -14.18897069423871 -14.18897069423871 -14.18897069423871 -14.18897069423871 -14.18897069423871 -14.18897069423871 -14.18897069423871 -14.18897069423871 -14.18897069423871 -14.18897069423871
11.15577889447236 -14.188867898739293 -14.188867898739293 -14.188867898739293 -14.188867898739293 -14.188867898739293 -14.188867898739293 -14.188867898739293 -14.188867898739293 -14.188867898739293 -14.188867898739293 -14.188867898739293 -14.188867898739293 -14.188867898739293
11.231155778894472 -14.188765103239875 -14.188765103239875 -14.188765103239875 -14.188765103239875 -14.188765103239875 -14.188765103239875 -14.188765103239875 -14.188765103239875 -14.188765103239875 -14.188765103239875 -14.188765103239875 -14.188765103239875 -14.188765103239875
11.306532663316581 -14.188662307740458 -14.188662307740458 -14.188662307740458 -14.188662307740458 -14.188662307740458 -14.188662307740458 -14.188662307740458 -14.188662307740458 -14.188662307740458 -14.188662307740458 -14.188662307740458 -14.188662307740458 -14.188662307740458
11.381909547738692 -14.18855951224104 -14.18855951224104 -14.18855951224104 -14.18855951224104 -14.18855951224104 -14.18855951224104 -14.18855951224104 -14.18855951224104 -14.18855951224104 -14.18855951224104 -14.18855951224104 -14.18855951224104 -14.18855951224104
11.457286432160803 -14.188456716741623 -14.188456716741623 -14.188456716741623 -14.188456716741623 -14.188456716741623 -14.188456716741623 -14.188456716741623 -14.188456716741623 -14.188456716741623 -14.188456716741623 -14.188456716741623 -14.188456716741623 -14.188456716741623
11.532663316582914 -14.188353921242205 -14.188353921242205 -14.188353921242205 -14.188353921242205 -14.188353921242205 -14.188353921242205 -14.188353921242205 -14.188353921242205 -14.188353921242205 -14.188353921242205 -14.188353921242205 -14.188353921242205 -14.188353921242205
11.608040201005025 -14.188251125742788 -14.188251125742788 -14.188251125742788 -14.188251125742788 -14.188251125742788 -14.188251125742788 -14.188251125742788 -14.188251125742788 -14.188251125742788 -14.188251125742788 -14.188251125742788 -14.188251125742788 -14.188251125742788
11.683417085427134 -14.18814833024337 -14.18814833024337 -14.18814833024337 -14.18814833024337 -14.18814833024337 -14.18814833024337 -14.18814833024337 -14.18814833024337 -14.18814833024337 -14.18814833024337 -14.18814833024337 -14.18814833024337 -14.18814833024337
11.758793969849245 -14.188045534743955 -14.188045534743955 -14.188045534743955 -14.188045534743955 -14.188045534743955 -14.188045534743955 -14.188045534743955 -14.188045534743955 -14.188045534743955 -14.188045534743955 -14.188045534743955 -14.188045534743955 -14.188045534743955
11.834170854271356 -14.187942739244537 -14.187942739244537 -14.187942739244537 -14.187942739244537 -14.187942739244537 -14.187942739244537 -14.187942739244537 -14.187942739244537 -14.187942739244537 -14.187942739244537 -14.187942739244537 -14.187942739244537 -14.187942739244537
11.909547738693465 -14.18783994374512 -14.18783994374512 -14.18783994374512 -14.18783994374512 -14.18783994374512 -14.18783994374512 -14.18783994374512 -14.18783994374512 -14.18783994374512 -14.18783994374512 -14.18783994374512 -14.18783994374512 -14.18783994374512
11.984924623115576 -14.187737148245702 -14.187737148245702 -14.187737148245702 -14.187737148245702 -14.187737148245702 -14.187737148245702 -14.187737148245702 -14.187737148245702 -14.187737148245702 -14.187737148245702 -14.187737148245702 -14.187737148245702 -14.187737148245702
12.060301507537687 -14.187634352746285 -14.187634352746285 -14.187634352746285 -14.187634352746285 -14.187634352746285 -14.187634352746285 -14.187634352746285 -14.187634352746285 -14.187634352746285 -14.187634352746285 -14.187634352746285 -14.187634352746285 -14.187634352746285
12.135678391959798 -14.187531557246867 -14.187531557246867 -14.187531557246867 -14.187531557246867 -14.187531557246867 -14.187531557246867 -14.187531557246867 -14.187531557246867 -14.187531557246867 -14.187531557246867 -14.187531557246867 -14.187531557246867 -14.187531557246867
12.21105527638191 -14.18742876174745 -14.18742876174745 -14.18742876174745 -14.18742876174745 -14.18742876174745 -14.18742876174745 -14.18742876174745 -14.18742876174745 -14.18742876174745 -14.18742876174745 -14.18742876174745 -14.18742876174745 -14.18742876174745
12.286432160804019 -14.187325966248032 -14.187325966248032 -14.187325966248032 -14.187325966248032 -14.187325966248032 -14.187325966248032 -14.187325966248032 -14.187325966248032 -14.187325966248032 -14.187325966248032 -14.187325966248032 -14.187325966248032 -14.187325966248032
12.36180904522613 -14.187223170748615 -14.187223170748615 -14.187223170748615 -14.187223170748615 -14.187223170748615 -14.187223170748615 -14.187223170748615 -14.187223170748615 -14.187223170748615 -14.187223170748615 -14.187223170748615 -14.187223170748615 -14.187223170748615
12.43718592964824 -14.187120375249197 -14.187120375249197 -14.187120375249197 -14.187120375249197 -14.187120375249197 -14.187120375249197 -14.187120375249197 -14.187120375249197 -14.187120375249197 -14.187120375249197 -14.187120375249197 -14.187120375249197 -14.187120375249197
12.51256281407035 -14.18701757974978 -14.18701757974978 -14.18701757974978 -14.18701757974978 -14.18701757974978 -14.18701757974978 -14.18701757974978 -14.18701757974978 -14.18701757974978 -14.18701757974978 -14.18701757974978 -14.18701757974978 -14.18701757974978
12.58793969849246 -14.186914784250362 -14.186914784250362 -14.186914784250362 -14.186914784250362 -14.186914784250362 -14.186914784250362 -14.186914784250362 -14.186914784250362 -14.186914784250362 -14.186914784250362 -14.186914784250362 -14.186914784250362 -14.186914784250362
12.663316582914572 -14.186811988750947 -14.186811988750947 -14.186811988750947 -14.186811988750947 -14.186811988750947 -14.186811988750947 -14.186811988750947 -14.186811988750947 -14.186811988750947 -14.186811988750947 -14.186811988750947 -14.186811988750947 -14.186811988750947
12.738693467336683 -14.186709193251529 -14.186709193251529 -14.186709193251529 -14.186709193251529 -14.186709193251529 -14.186709193251529 -14.186709193251529 -14.186709193251529 -14.186709193251529 -14.186709193251529 -14.186709193251529 -14.186709193251529 -14.186709193251529
12.814070351758794 -14.186606397752112 -14.186606397752112 -14.186606397752112 -14.186606397752112 -14.186606397752112 -14.186606397752112 -14.186606397752112 -14.186606397752112 -14.186606397752112 -14.186606397752112 -14.186606397752112 -14.186606397752112 -14.186606397752112
12.889447236180903 -14.186503602252694 -14.186503602252694 -14.186503602252694 -14.186503602252694 -14.186503602252694 -14.186503602252694 -14.186503602252694 -14.186503602252694 -14.186503602252694 -14.186503602252694 -14.186503602252694 -14.186503602252694 -14.186503602252694
12.964824120603014 -14.186400806753277 -14.186400806753277 -14.186400806753277 -14.186400806753277 -14.186400806753277 -14.186400806753277 -14.186400806753277 -14.186400806753277 -14.186400806753277 -14.186400806753277 -14.186400806753277 -14.186400806753277 -14.186400806753277
13.040201005025125 -14.186298011253859 -14.186298011253859 -14.186298011253859 -14.186298011253859 -14.186298011253859 -14.186298011253859 -14.186298011253859 -14.186298011253859 -14.186298011253859 -14.186298011253859 -14.186298011253859 -14.186298011253859 -14.186298011253859
