web/models/linear/25/-14_204_0_009.dat
# %ECSV 1.0
# ---
# datatype:
# - {name: time, datatype: float64}
# - {name: sdss_u, datatype: float64}
# - {name: sdss_g, datatype: float64}
# - {name: sdss_r, datatype: float64}
# - {name: sdss_i, datatype: float64}
# - {name: sdss_z, datatype: float64}
# - {name: Clear, datatype: float64}
# - {name: johnson_B, datatype: float64}
# - {name: johnson_V, datatype: float64}
# - {name: johnson_R, datatype: float64}
# - {name: johnson_I, datatype: float64}
# - {name: ukirt_J, datatype: float64}
# - {name: ukirt_H, datatype: float64}
# - {name: ukirt_K, datatype: float64}
# meta: !!omap
# - comment: [M=-14.204081632653061, dM=0.008773066621237415]
# schema: astropy-2.0
time sdss_u sdss_g sdss_r sdss_i sdss_z Clear johnson_B johnson_V johnson_R johnson_I ukirt_J ukirt_H ukirt_K
[from data line 174]
13.115577889447234 -14.089017794052912 -14.089017794052912 -14.089017794052912 -14.089017794052912 -14.089017794052912 -14.089017794052912 -14.089017794052912 -14.089017794052912 -14.089017794052912 -14.089017794052912 -14.089017794052912 -14.089017794052912 -14.089017794052912
13.190954773869345 -14.088356507624175 -14.088356507624175 -14.088356507624175 -14.088356507624175 -14.088356507624175 -14.088356507624175 -14.088356507624175 -14.088356507624175 -14.088356507624175 -14.088356507624175 -14.088356507624175 -14.088356507624175 -14.088356507624175
13.266331658291456 -14.087695221195439 -14.087695221195439 -14.087695221195439 -14.087695221195439 -14.087695221195439 -14.087695221195439 -14.087695221195439 -14.087695221195439 -14.087695221195439 -14.087695221195439 -14.087695221195439 -14.087695221195439 -14.087695221195439
13.341708542713567 -14.087033934766703 -14.087033934766703 -14.087033934766703 -14.087033934766703 -14.087033934766703 -14.087033934766703 -14.087033934766703 -14.087033934766703 -14.087033934766703 -14.087033934766703 -14.087033934766703 -14.087033934766703 -14.087033934766703
13.417085427135678 -14.086372648337965 -14.086372648337965 -14.086372648337965 -14.086372648337965 -14.086372648337965 -14.086372648337965 -14.086372648337965 -14.086372648337965 -14.086372648337965 -14.086372648337965 -14.086372648337965 -14.086372648337965 -14.086372648337965
13.492462311557787 -14.08571136190923 -14.08571136190923 -14.08571136190923 -14.08571136190923 -14.08571136190923 -14.08571136190923 -14.08571136190923 -14.08571136190923 -14.08571136190923 -14.08571136190923 -14.08571136190923 -14.08571136190923 -14.08571136190923
13.567839195979898 -14.085050075480494 -14.085050075480494 -14.085050075480494 -14.085050075480494 -14.085050075480494 -14.085050075480494 -14.085050075480494 -14.085050075480494 -14.085050075480494 -14.085050075480494 -14.085050075480494 -14.085050075480494 -14.085050075480494
13.64321608040201 -14.084388789051756 -14.084388789051756 -14.084388789051756 -14.084388789051756 -14.084388789051756 -14.084388789051756 -14.084388789051756 -14.084388789051756 -14.084388789051756 -14.084388789051756 -14.084388789051756 -14.084388789051756 -14.084388789051756
13.718592964824118 -14.08372750262302 -14.08372750262302 -14.08372750262302 -14.08372750262302 -14.08372750262302 -14.08372750262302 -14.08372750262302 -14.08372750262302 -14.08372750262302 -14.08372750262302 -14.08372750262302 -14.08372750262302 -14.08372750262302
13.79396984924623 -14.083066216194284 -14.083066216194284 -14.083066216194284 -14.083066216194284 -14.083066216194284 -14.083066216194284 -14.083066216194284 -14.083066216194284 -14.083066216194284 -14.083066216194284 -14.083066216194284 -14.083066216194284 -14.083066216194284
13.86934673366834 -14.082404929765547 -14.082404929765547 -14.082404929765547 -14.082404929765547 -14.082404929765547 -14.082404929765547 -14.082404929765547 -14.082404929765547 -14.082404929765547 -14.082404929765547 -14.082404929765547 -14.082404929765547 -14.082404929765547
13.944723618090451 -14.08174364333681 -14.08174364333681 -14.08174364333681 -14.08174364333681 -14.08174364333681 -14.08174364333681 -14.08174364333681 -14.08174364333681 -14.08174364333681 -14.08174364333681 -14.08174364333681 -14.08174364333681 -14.08174364333681
14.020100502512562 -14.081082356908075 -14.081082356908075 -14.081082356908075 -14.081082356908075 -14.081082356908075 -14.081082356908075 -14.081082356908075 -14.081082356908075 -14.081082356908075 -14.081082356908075 -14.081082356908075 -14.081082356908075 -14.081082356908075
14.095477386934672 -14.080421070479337 -14.080421070479337 -14.080421070479337 -14.080421070479337 -14.080421070479337 -14.080421070479337 -14.080421070479337 -14.080421070479337 -14.080421070479337 -14.080421070479337 -14.080421070479337 -14.080421070479337 -14.080421070479337
14.170854271356783 -14.079759784050601 -14.079759784050601 -14.079759784050601 -14.079759784050601 -14.079759784050601 -14.079759784050601 -14.079759784050601 -14.079759784050601 -14.079759784050601 -14.079759784050601 -14.079759784050601 -14.079759784050601 -14.079759784050601
14.246231155778894 -14.079098497621864 -14.079098497621864 -14.079098497621864 -14.079098497621864 -14.079098497621864 -14.079098497621864 -14.079098497621864 -14.079098497621864 -14.079098497621864 -14.079098497621864 -14.079098497621864 -14.079098497621864 -14.079098497621864
14.321608040201003 -14.078437211193128 -14.078437211193128 -14.078437211193128 -14.078437211193128 -14.078437211193128 -14.078437211193128 -14.078437211193128 -14.078437211193128 -14.078437211193128 -14.078437211193128 -14.078437211193128 -14.078437211193128 -14.078437211193128
14.396984924623114 -14.077775924764392 -14.077775924764392 -14.077775924764392 -14.077775924764392 -14.077775924764392 -14.077775924764392 -14.077775924764392 -14.077775924764392 -14.077775924764392 -14.077775924764392 -14.077775924764392 -14.077775924764392 -14.077775924764392
14.472361809045225 -14.077114638335654 -14.077114638335654 -14.077114638335654 -14.077114638335654 -14.077114638335654 -14.077114638335654 -14.077114638335654 -14.077114638335654 -14.077114638335654 -14.077114638335654 -14.077114638335654 -14.077114638335654 -14.077114638335654
14.547738693467336 -14.076453351906919 -14.076453351906919 -14.076453351906919 -14.076453351906919 -14.076453351906919 -14.076453351906919 -14.076453351906919 -14.076453351906919 -14.076453351906919 -14.076453351906919 -14.076453351906919 -14.076453351906919 -14.076453351906919
14.623115577889447 -14.075792065478183 -14.075792065478183 -14.075792065478183 -14.075792065478183 -14.075792065478183 -14.075792065478183 -14.075792065478183 -14.075792065478183 -14.075792065478183 -14.075792065478183 -14.075792065478183 -14.075792065478183 -14.075792065478183
14.698492462311556 -14.075130779049445 -14.075130779049445 -14.075130779049445 -14.075130779049445 -14.075130779049445 -14.075130779049445 -14.075130779049445 -14.075130779049445 -14.075130779049445 -14.075130779049445 -14.075130779049445 -14.075130779049445 -14.075130779049445
14.773869346733667 -14.07446949262071 -14.07446949262071 -14.07446949262071 -14.07446949262071 -14.07446949262071 -14.07446949262071 -14.07446949262071 -14.07446949262071 -14.07446949262071 -14.07446949262071 -14.07446949262071 -14.07446949262071 -14.07446949262071
14.849246231155778 -14.073808206191973 -14.073808206191973 -14.073808206191973 -14.073808206191973 -14.073808206191973 -14.073808206191973 -14.073808206191973 -14.073808206191973 -14.073808206191973 -14.073808206191973 -14.073808206191973 -14.073808206191973 -14.073808206191973
14.924623115577887 -14.073146919763236 -14.073146919763236 -14.073146919763236 -14.073146919763236 -14.073146919763236 -14.073146919763236 -14.073146919763236 -14.073146919763236 -14.073146919763236 -14.073146919763236 -14.073146919763236 -14.073146919763236 -14.073146919763236
15.0 -14.0724856333345 -14.0724856333345 -14.0724856333345 -14.0724856333345 -14.0724856333345 -14.0724856333345 -14.0724856333345 -14.0724856333345 -14.0724856333345 -14.0724856333345 -14.0724856333345 -14.0724856333345 -14.0724856333345
