web/models/kne/19/Metzger_0.047339_0.289310_0.100000.dat
# %ECSV 0.9
# ---
# datatype:
# - {name: time, datatype: float64}
# - {name: sdss_u, datatype: float64}
# - {name: sdss_g, datatype: float64}
# - {name: sdss_r, datatype: float64}
# - {name: sdss_i, datatype: float64}
# - {name: sdss_z, datatype: float64}
# - {name: PS1_y, datatype: float64}
# - {name: ukirt_J, datatype: float64}
# - {name: ukirt_H, datatype: float64}
# - {name: ukirt_K, datatype: float64}
# - {name: johnson_U, datatype: float64}
# - {name: johnson_B, datatype: float64}
# - {name: johnson_V, datatype: float64}
# - {name: johnson_R, datatype: float64}
# - {name: johnson_I, datatype: float64}
# - {name: Clear, datatype: float64}
# meta: !!omap
# - comment: [vej = 0.2893103448275862, mej = 0.04733940132137338, Ye = 0.1, redshift = 0.0]
# schema: astropy-2.0
time sdss_u sdss_g sdss_r sdss_i sdss_z PS1_y ukirt_J ukirt_H ukirt_K johnson_U johnson_B johnson_V johnson_R johnson_I Clear
[from data line 604]
30.300000 114.388392 78.326343 55.625851 41.260201 32.530442 27.087892 16.132670 6.524105 0.334919 110.055751 88.359204 65.140119 52.873060 31.653256 54.720006
30.350000 114.618974 78.496487 55.757622 41.367466 32.622687 27.170704 16.196267 6.570443 0.369765 110.279095 88.546213 65.288015 53.000152 31.743985 54.850238
30.400000 114.849526 78.666610 55.889379 41.474721 32.714923 27.253509 16.259859 6.616779 0.404612 110.502411 88.733200 65.435894 53.127230 31.834705 54.980456
30.450000 115.080049 78.836713 56.021121 41.581965 32.807151 27.336307 16.323447 6.663113 0.439459 110.725698 88.920163 65.583756 53.254293 31.925417 55.110659
30.500000 115.310542 79.006795 56.152848 41.689197 32.899370 27.419098 16.387031 6.709446 0.474305 110.948957 89.107103 65.731601 53.381343 32.016121 55.240848
30.550000 115.541006 79.176857 56.284561 41.796419 32.991580 27.501881 16.450611 6.755777 0.509152 111.172188 89.294021 65.879429 53.508379 32.106816 55.371022
30.600000 115.771440 79.346899 56.416259 41.903630 33.083782 27.584657 16.514186 6.802106 0.543999 111.395390 89.480915 66.027240 53.635402 32.197503 55.501182
30.650000 116.001844 79.516920 56.547942 42.010830 33.175975 27.667426 16.577757 6.848433 0.578846 111.618563 89.667787 66.175034 53.762410 32.288181 55.631328
30.700000 116.232219 79.686921 56.679611 42.118019 33.268160 27.750188 16.641323 6.894759 0.613692 111.841708 89.854635 66.322811 53.889404 32.378850 55.761459
30.750000 116.462564 79.856901 56.811265 42.225197 33.360335 27.832942 16.704885 6.941083 0.648539 112.064825 90.041460 66.470570 54.016384 32.469512 55.891576
30.800000 116.692880 80.026860 56.942904 42.332364 33.452502 27.915689 16.768443 6.987405 0.683386 112.287912 90.228262 66.618312 54.143350 32.560164 56.021678
30.850000 116.923165 80.196799 57.074528 42.439520 33.544660 27.998429 16.831996 7.033725 0.718232 112.510972 90.415041 66.766037 54.270302 32.650808 56.151766
30.900000 117.153421 80.366718 57.206138 42.546665 33.636810 28.081161 16.895545 7.080043 0.753079 112.734002 90.601797 66.913745 54.397240 32.741444 56.281839
30.950000 117.383647 80.536616 57.337733 42.653798 33.728950 28.163886 16.959089 7.126360 0.787925 112.957004 90.788530 67.061436 54.524164 32.832071 56.411898
31.000000 117.613844 80.706493 57.469313 42.760921 33.821082 28.246603 17.022628 7.172674 0.822771 113.179977 90.975239 67.209109 54.651074 32.922689 56.541941
31.050000 117.844010 80.876349 57.600878 42.868032 33.913204 28.329313 17.086164 7.218987 0.857617 113.402921 91.161926 67.356765 54.777970 33.013299 56.671971
31.100000 118.074147 81.046185 57.732428 42.975133 34.005318 28.412016 17.149694 7.265298 0.892463 113.625837 91.348589 67.504404 54.904851 33.103900 56.801985
31.150000 118.304254 81.216000 57.863963 43.082222 34.097423 28.494711 17.213220 7.311606 0.927308 113.848723 91.535228 67.652025 55.031718 33.194492 56.931985
31.200000 118.534330 81.385794 57.995484 43.189299 34.189519 28.577398 17.276742 7.357913 0.962153 114.071582 91.721845 67.799629 55.158571 33.285076 57.061971
31.250000 118.764377 81.555568 58.126989 43.296366 34.281606 28.660078 17.340259 7.404218 0.996998 114.294411 91.908438 67.947215 55.285410 33.375651 57.191941
31.300000 118.994394 81.725320 58.258480 43.403422 34.373685 28.742751 17.403771 7.450521 1.031843 114.517211 92.095008 68.094785 55.412235 33.466217 57.321897
31.350000 119.224382 81.895052 58.389955 43.510466 34.465754 28.825416 17.467278 7.496822 1.066688 114.739983 92.281554 68.242336 55.539045 33.556774 57.451838
31.400000 119.454339 82.064764 58.521416 43.617499 34.557814 28.908073 17.530781 7.543120 1.101532 114.962725 92.468077 68.389871 55.665841 33.647323 57.581765
31.450000 119.684266 82.234454 58.652861 43.724520 34.649865 28.990723 17.594280 7.589417 1.136376 115.185439 92.654577 68.537388 55.792623 33.737863 57.711676
31.500000 119.914163 82.404124 58.784292 43.831530 34.741907 29.073365 17.657773 7.635712 1.171219 115.408124 92.841054 68.684887 55.919390 33.828394 57.841573
31.550000 120.144030 82.573772 58.915707 43.938529 34.833940 29.156000 17.721262 7.682004 1.206063 115.630780 93.027507 68.832369 56.046143 33.918916 57.971455
31.600000 120.373867 82.743400 59.047108 44.045517 34.925964 29.238627 17.784746 7.728295 1.240905 115.853407 93.213936 68.979833 56.172882 34.009430 58.101322
31.650000 120.603675 82.913007 59.178493 44.152493 35.017979 29.321246 17.848226 7.774583 1.275748 116.076005 93.400342 69.127280 56.299606 34.099934 58.231175
31.700000 120.833452 83.082593 59.309864 44.259458 35.109985 29.403858 17.911700 7.820869 1.310590 116.298574 93.586725 69.274710 56.426316 34.190430 58.361012
31.750000 121.063199 83.252158 59.441219 44.366412 35.201982 29.486462 17.975170 7.867153 1.345431 116.521114 93.773084 69.422122 56.553012 34.280917 58.490835
31.800000 121.292916 83.421703 59.572559 44.473354 35.293969 29.569058 18.038635 7.913435 1.380273 116.743626 93.959420 69.569516 56.679693 34.371395 58.620643
31.850000 121.522603 83.591226 59.703884 44.580284 35.385948 29.651646 18.102096 7.959714 1.415113 116.966108 94.145732 69.716893 56.806360 34.461864 58.750436
31.900000 121.752259 83.760728 59.835194 44.687204 35.477917 29.734227 18.165551 8.005992 1.449954 117.188561 94.332021 69.864252 56.933013 34.552324 58.880214
31.950000 121.981886 83.930210 59.966489 44.794112 35.569877 29.816800 18.229002 8.052267 1.484794 117.410986 94.518286 70.011594 57.059651 34.642775 59.009977
32.000000 122.211483 84.099670 60.097768 44.901008 35.661828 29.899366 18.292448 8.098540 1.519633 117.633381 94.704528 70.158918 57.186274 34.733217 59.139725
32.050000 122.441049 84.269110 60.229033 45.007893 35.753770 29.981923 18.355889 8.144811 1.554472 117.855747 94.890746 70.306224 57.312883 34.823651 59.269458
32.100000 122.670586 84.438528 60.360282 45.114766 35.845702 30.064473 18.419325 8.191079 1.589310 118.078084 95.076941 70.453513 57.439478 34.914075 59.399177
32.150000 122.900092 84.607926 60.491516 45.221628 35.937626 30.147015 18.482756 8.237345 1.624148 118.300393 95.263112 70.600784 57.566058 35.004490 59.528880
32.200000 123.129568 84.777302 60.622735 45.328479 36.029540 30.229549 18.546182 8.283609 1.658985 118.522672 95.449260 70.748038 57.692624 35.094897 59.658568
32.250000 123.359014 84.946658 60.753939 45.435318 36.121445 30.312076 18.609604 8.329871 1.693822 118.744922 95.635384 70.895274 57.819175 35.185294 59.788242
32.300000 123.588430 85.115993 60.885127 45.542145 36.213341 30.394594 18.673020 8.376130 1.728658 118.967143 95.821485 71.042492 57.945711 35.275682 59.917900
32.350000 123.817816 85.285306 61.016300 45.648961 36.305227 30.477105 18.736432 8.422387 1.763493 119.189335 96.007562 71.189693 58.072234 35.366062 60.047544
32.400000 124.047172 85.454599 61.147458 45.755766 36.397104 30.559608 18.799839 8.468642 1.798328 119.411498 96.193615 71.336876 58.198741 35.456432 60.177172
32.450000 124.276497 85.623870 61.278601 45.862559 36.488972 30.642103 18.863240 8.514894 1.833162 119.633632 96.379645 71.484041 58.325234 35.546793 60.306786
32.500000 124.505793 85.793121 61.409729 45.969340 36.580831 30.724590 18.926637 8.561144 1.867996 119.855737 96.565651 71.631189 58.451713 35.637145 60.436384
32.550000 124.735058 85.962350 61.540841 46.076110 36.672680 30.807070 18.990029 8.607392 1.902829 120.077813 96.751634 71.778319 58.578177 35.727489 60.565968
32.600000 124.964293 86.131559 61.671938 46.182868 36.764520 30.889541 19.053415 8.653637 1.937661 120.299860 96.937593 71.925431 58.704626 35.817823 60.695536
32.650000 125.193498 86.300746 61.803020 46.289615 36.856351 30.972005 19.116797 8.699879 1.972493 120.521878 97.123529 72.072526 58.831061 35.908148 60.825090
32.700000 125.422673 86.469912 61.934086 46.396350 36.948172 31.054460 19.180174 8.746120 2.007323 120.743867 97.309441 72.219603 58.957482 35.998463 60.954628
32.750000 125.651818 86.639058 62.065137 46.503073 37.039984 31.136908 19.243545 8.792358 2.042154 120.965827 97.495329 72.366662 59.083887 36.088770 61.084151
32.800000 125.880933 86.808182 62.196173 46.609785 37.131787 31.219348 19.306912 8.838593 2.076983 121.187758 97.681194 72.513703 59.210279 36.179068 61.213660
32.850000 126.110017 86.977285 62.327194 46.716486 37.223580 31.301780 19.370274 8.884826 2.111812 121.409659 97.867036 72.660727 59.336655 36.269356 61.343153
32.900000 126.339072 87.146368 62.458199 46.823174 37.315364 31.384204 19.433630 8.931057 2.146640 121.631532 98.052853 72.807733 59.463017 36.359636 61.472631
32.950000 126.568096 87.315429 62.589190 46.929851 37.407139 31.466620 19.496982 8.977285 2.181467 121.853376 98.238648 72.954722 59.589365 36.449906 61.602094
33.000000 126.797090 87.484469 62.720164 47.036517 37.498904 31.549028 19.560328 9.023510 2.216294 122.075191 98.424418 73.101693 59.715698 36.540167 61.731542
33.050000 127.026054 87.653488 62.851124 47.143171 37.590660 31.631428 19.623670 9.069733 2.251120 122.296976 98.610165 73.248646 59.842016 36.630419 61.860975
33.100000 127.254988 87.822486 62.982068 47.249813 37.682407 31.713820 19.687006 9.115954 2.285945 122.518733 98.795889 73.395581 59.968320 36.720662 61.990393
33.150000 127.483892 87.991463 63.112997 47.356444 37.774144 31.796204 19.750337 9.162172 2.320769 122.740461 98.981589 73.542498 60.094609 36.810896 62.119796
33.200000 127.712766 88.160419 63.243911 47.463063 37.865872 31.878581 19.813663 9.208387 2.355592 122.962159 99.167265 73.689398 60.220883 36.901120 62.249184
33.250000 127.941610 88.329354 63.374809 47.569670 37.957590 31.960949 19.876984 9.254601 2.390415 123.183829 99.352918 73.836281 60.347143 36.991335 62.378557
33.300000 128.170424 88.498268 63.505692 47.676266 38.049299 32.043309 19.940300 9.300811 2.425236 123.405470 99.538547 73.983145 60.473389 37.081542 62.507914
33.350000 128.399207 88.667161 63.636560 47.782850 38.140998 32.125661 20.003611 9.347019 2.460057 123.627081 99.724153 74.129992 60.599619 37.171739 62.637257
33.400000 128.627961 88.836033 63.767412 47.889422 38.232689 32.208006 20.066916 9.393224 2.494877 123.848664 99.909735 74.276821 60.725835 37.261927 62.766584
33.450000 128.856685 89.004884 63.898250 47.995983 38.324369 32.290342 20.130217 9.439427 2.529697 124.070218 100.095294 74.423632 60.852037 37.352105 62.895897
33.500000 129.085379 89.173713 64.029071 48.102532 38.416041 32.372670 20.193512 9.485627 2.564515 124.291743 100.280829 74.570426 60.978224 37.442275 63.025194
33.550000 129.314042 89.342522 64.159878 48.209069 38.507703 32.454990 20.256802 9.531825 2.599332 124.513239 100.466341 74.717202 61.104396 37.532435 63.154477
33.600000 129.542676 89.511310 64.290669 48.315595 38.599355 32.537302 20.320087 9.578020 2.634149 124.734706 100.651829 74.863960 61.230554 37.622586 63.283744
33.650000 129.771279 89.680077 64.421445 48.422109 38.690998 32.619607 20.383367 9.624212 2.668965 124.956144 100.837293 75.010701 61.356697 37.712728 63.412996
33.700000 129.999853 89.848823 64.552206 48.528612 38.782632 32.701903 20.446642 9.670402 2.703779 125.177554 101.022734 75.157423 61.482825 37.802860 63.542233
33.750000 130.228397 90.017548 64.682951 48.635102 38.874256 32.784191 20.509911 9.716589 2.738593 125.398934 101.208152 75.304129 61.608939 37.892984 63.671455
33.800000 130.456911 90.186251 64.813681 48.741582 38.965871 32.866471 20.573175 9.762774 2.773406 125.620285 101.393546 75.450816 61.735038 37.983098 63.800662
33.850000 130.685395 90.354934 64.944396 48.848049 39.057476 32.948743 20.636434 9.808956 2.808218 125.841608 101.578917 75.597486 61.861123 38.073203 63.929854
33.900000 130.913849 90.523596 65.075095 48.954505 39.149072 33.031007 20.699688 9.855135 2.843029 126.062902 101.764264 75.744138 61.987193 38.163299 64.059031
33.950000 131.142273 90.692237 65.205780 49.060949 39.240659 33.113263 20.762937 9.901311 2.877839 126.284167 101.949588 75.890773 62.113249 38.253385 64.188193
34.000000 131.370667 90.860857 65.336449 49.167382 39.332236 33.195511 20.826180 9.947485 2.912648 126.505403 102.134888 76.037389 62.239289 38.343463 64.317339
34.050000 131.599031 91.029456 65.467102 49.273802 39.423803 33.277750 20.889418 9.993657 2.947456 126.726611 102.320165 76.183989 62.365316 38.433531 64.446471
34.100000 131.827366 91.198034 65.597740 49.380211 39.515361 33.359982 20.952651 10.039825 2.982263 126.947789 102.505418 76.330570 62.491327 38.523590 64.575588
34.150000 132.055671 91.366592 65.728364 49.486609 39.606910 33.442206 21.015879 10.085991 3.017069 127.168939 102.690648 76.477134 62.617325 38.613640 64.704689
34.200000 132.283945 91.535128 65.858971 49.592995 39.698449 33.524421 21.079102 10.132154 3.051875 127.390060 102.875855 76.623680 62.743307 38.703680 64.833776
34.250000 132.512190 91.703643 65.989564 49.699369 39.789979 33.606629 21.142319 10.178315 3.086679 127.611153 103.061038 76.770209 62.869275 38.793711 64.962847
34.300000 132.740406 91.872138 66.120141 49.805732 39.881499 33.688829 21.205531 10.224473 3.121482 127.832216 103.246198 76.916720 62.995229 38.883733 65.091904
34.350000 132.968591 92.040611 66.250703 49.912082 39.973010 33.771020 21.268738 10.270628 3.156284 128.053251 103.431335 77.063213 63.121167 38.973746 65.220945
34.400000 133.196747 92.209064 66.381250 50.018422 40.064511 33.853203 21.331939 10.316780 3.191085 128.274258 103.616448 77.209689 63.247092 39.063750 65.349972
34.450000 133.424873 92.377496 66.511782 50.124749 40.156003 33.935379 21.395136 10.362930 3.225885 128.495235 103.801538 77.356147 63.373001 39.153744 65.478983
34.500000 133.652970 92.545907 66.642298 50.231065 40.247486 34.017546 21.458327 10.409077 3.260684 128.716184 103.986604 77.502587 63.498897 39.243729 65.607980
34.550000 133.881036 92.714297 66.772799 50.337369 40.338959 34.099705 21.521512 10.455221 3.295482 128.937105 104.171647 77.649010 63.624777 39.333705 65.736961
34.600000 134.109073 92.882666 66.903285 50.443662 40.430422 34.181856 21.584693 10.501362 3.330279 129.157997 104.356667 77.795415 63.750643 39.423672 65.865927
34.650000 134.337081 93.051015 67.033755 50.549943 40.521877 34.263999 21.647868 10.547501 3.365074 129.378860 104.541664 77.941803 63.876495 39.513629 65.994879
34.700000 134.565058 93.219343 67.164211 50.656212 40.613321 34.346134 21.711038 10.593637 3.399869 129.599694 104.726637 78.088173 64.002332 39.603577 66.123815
34.750000 134.793007 93.387649 67.294651 50.762470 40.704757 34.428261 21.774203 10.639770 3.434663 129.820500 104.911587 78.234526 64.128154 39.693516 66.252737
34.800000 135.020925 93.555936 67.425076 50.868716 40.796182 34.510380 21.837362 10.685900 3.469455 130.041278 105.096514 78.380861 64.253962 39.783446 66.381643
34.850000 135.248814 93.724201 67.555486 50.974950 40.887599 34.592490 21.900516 10.732028 3.504246 130.262027 105.281418 78.527179 64.379756 39.873366 66.510535
34.900000 135.476674 93.892446 67.685881 51.081173 40.979006 34.674593 21.963665 10.778153 3.539037 130.482748 105.466298 78.673479 64.505535 39.963278 66.639411
34.950000 135.704504 94.060669 67.816260 51.187384 41.070403 34.756688 22.026809 10.824275 3.573826 130.703440 105.651156 78.819761 64.631299 40.053180 66.768273
35.000000 135.932304 94.228873 67.946624 51.293584 41.161791 34.838774 22.089947 10.870394 3.608614 130.924104 105.835990 78.966026 64.757049 40.143072 66.897119
35.050000 136.160076 94.397055 68.076973 51.399772 41.253170 34.920853 22.153080 10.916511 3.643401 131.144739 106.020801 79.112274 64.882785 40.232956 67.025951
35.100000 136.387817 94.565217 68.207307 51.505948 41.344539 35.002923 22.216208 10.962624 3.678187 131.365346 106.205588 79.258504 65.008506 40.322830 67.154768
35.150000 136.615529 94.733358 68.337626 51.612113 41.435899 35.084985 22.279330 11.008735 3.712971 131.585924 106.390353 79.404717 65.134212 40.412696 67.283570
35.200000 136.843212 94.901478 68.467930 51.718266 41.527249 35.167039 22.342447 11.054843 3.747755 131.806475 106.575095 79.550912 65.259904 40.502552 67.412357
