web/models/kne/19/Metzger_0.212177_0.240690_0.450000.dat
# %ECSV 0.9
# ---
# datatype:
# - {name: time, datatype: float64}
# - {name: sdss_u, datatype: float64}
# - {name: sdss_g, datatype: float64}
# - {name: sdss_r, datatype: float64}
# - {name: sdss_i, datatype: float64}
# - {name: sdss_z, datatype: float64}
# - {name: PS1_y, datatype: float64}
# - {name: ukirt_J, datatype: float64}
# - {name: ukirt_H, datatype: float64}
# - {name: ukirt_K, datatype: float64}
# - {name: johnson_U, datatype: float64}
# - {name: johnson_B, datatype: float64}
# - {name: johnson_V, datatype: float64}
# - {name: johnson_R, datatype: float64}
# - {name: johnson_I, datatype: float64}
# - {name: Clear, datatype: float64}
# meta: !!omap
# - comment: [vej = 0.24068965517241378, mej = 0.2121769878034849, Ye = 0.45, redshift = 0.0]
# schema: astropy-2.0
time sdss_u sdss_g sdss_r sdss_i sdss_z PS1_y ukirt_J ukirt_H ukirt_K johnson_U johnson_B johnson_V johnson_R johnson_I Clear
[from data line 2435]
121.850000 307.010969 220.554537 165.858269 131.059401 109.805299 96.497550 69.520078 45.520580 29.749932 296.643565 244.650203 188.817877 159.203694 107.663796 163.669114
121.900000 307.140712 220.650563 165.932888 131.120349 109.857867 96.544855 69.556664 45.547538 29.770478 296.769271 244.755638 188.901492 159.275702 107.715518 163.742874
121.950000 307.270453 220.746588 166.007506 131.181296 109.910434 96.592160 69.593249 45.574495 29.791025 296.894974 244.861071 188.985105 159.347709 107.767239 163.816634
122.000000 307.400192 220.842611 166.082122 131.242241 109.963000 96.639465 69.629834 45.601452 29.811571 297.020675 244.966502 189.068717 159.419716 107.818960 163.890391
122.050000 307.529928 220.938632 166.156738 131.303187 110.015566 96.686769 69.666419 45.628408 29.832118 297.146374 245.071932 189.152327 159.491721 107.870680 163.964148
122.100000 307.659662 221.034652 166.231352 131.364131 110.068132 96.734072 69.703003 45.655365 29.852664 297.272071 245.177360 189.235937 159.563725 107.922400 164.037904
122.150000 307.789395 221.130670 166.305965 131.425074 110.120696 96.781375 69.739587 45.682321 29.873211 297.397766 245.282787 189.319545 159.635728 107.974118 164.111659
122.200000 307.919125 221.226687 166.380577 131.486017 110.173260 96.828677 69.776171 45.709278 29.893757 297.523459 245.388211 189.403152 159.707729 108.025837 164.185412
122.250000 308.048853 221.322703 166.455188 131.546959 110.225824 96.875979 69.812754 45.736234 29.914303 297.649150 245.493635 189.486758 159.779730 108.077554 164.259165
122.300000 308.178578 221.418717 166.529798 131.607899 110.278386 96.923280 69.849337 45.763189 29.934850 297.774839 245.599056 189.570362 159.851730 108.129271 164.332916
122.350000 308.308302 221.514729 166.604407 131.668840 110.330948 96.970581 69.885919 45.790145 29.955396 297.900525 245.704475 189.653965 159.923729 108.180987 164.406667
122.400000 308.438023 221.610740 166.679015 131.729779 110.383509 97.017881 69.922501 45.817101 29.975942 298.026210 245.809893 189.737567 159.995726 108.232703 164.480416
122.450000 308.567743 221.706749 166.753621 131.790717 110.436070 97.065180 69.959083 45.844056 29.996488 298.151893 245.915310 189.821167 160.067723 108.284418 164.554164
122.500000 308.697460 221.802757 166.828227 131.851655 110.488630 97.112479 69.995664 45.871011 30.017034 298.277573 246.020724 189.904767 160.139719 108.336132 164.627911
122.550000 308.827175 221.898763 166.902832 131.912592 110.541189 97.159777 70.032245 45.897966 30.037580 298.403251 246.126137 189.988365 160.211713 108.387845 164.701657
122.600000 308.956887 221.994768 166.977435 131.973527 110.593748 97.207075 70.068826 45.924921 30.058126 298.528927 246.231548 190.071961 160.283707 108.439558 164.775402
122.650000 309.086598 222.090771 167.052037 132.034463 110.646306 97.254372 70.105406 45.951876 30.078672 298.654602 246.336958 190.155557 160.355699 108.491271 164.849146
122.700000 309.216307 222.186773 167.126638 132.095397 110.698863 97.301668 70.141986 45.978830 30.099218 298.780274 246.442366 190.239151 160.427691 108.542982 164.922889
122.750000 309.346013 222.282773 167.201238 132.156330 110.751420 97.348964 70.178566 46.005784 30.119764 298.905944 246.547772 190.322744 160.499681 108.594693 164.996631
122.800000 309.475717 222.378772 167.275837 132.217263 110.803976 97.396260 70.215145 46.032739 30.140309 299.031612 246.653176 190.406336 160.571671 108.646403 165.070372
122.850000 309.605419 222.474770 167.350435 132.278195 110.856531 97.443555 70.251724 46.059693 30.160855 299.157278 246.758579 190.489926 160.643659 108.698113 165.144111
122.900000 309.735119 222.570765 167.425032 132.339126 110.909085 97.490849 70.288303 46.086646 30.181401 299.282941 246.863980 190.573515 160.715646 108.749822 165.217850
122.950000 309.864817 222.666760 167.499628 132.400056 110.961639 97.538143 70.324881 46.113600 30.201946 299.408603 246.969380 190.657103 160.787632 108.801530 165.291587
123.000000 309.994512 222.762752 167.574223 132.460985 111.014193 97.585436 70.361459 46.140553 30.222492 299.534263 247.074777 190.740690 160.859618 108.853238 165.365324
123.050000 310.124206 222.858744 167.648816 132.521914 111.066745 97.632729 70.398036 46.167507 30.243037 299.659920 247.180173 190.824275 160.931602 108.904945 165.439059
123.100000 310.253897 222.954734 167.723409 132.582841 111.119297 97.680021 70.434613 46.194460 30.263583 299.785576 247.285568 190.907859 161.003585 108.956652 165.512793
123.150000 310.383586 223.050722 167.798000 132.643768 111.171848 97.727312 70.471190 46.221413 30.284128 299.911229 247.390960 190.991442 161.075567 109.008357 165.586526
123.200000 310.513273 223.146709 167.872590 132.704694 111.224399 97.774603 70.507766 46.248365 30.304673 300.036881 247.496352 191.075024 161.147548 109.060063 165.660259
123.250000 310.642958 223.242694 167.947180 132.765619 111.276949 97.821893 70.544342 46.275318 30.325219 300.162530 247.601741 191.158604 161.219528 109.111767 165.733990
123.300000 310.772641 223.338678 168.021768 132.826544 111.329498 97.869183 70.580918 46.302270 30.345764 300.288177 247.707129 191.242183 161.291507 109.163471 165.807720
123.350000 310.902322 223.434660 168.096355 132.887467 111.382047 97.916472 70.617493 46.329222 30.366309 300.413823 247.812515 191.325761 161.363485 109.215174 165.881448
123.400000 311.032000 223.530641 168.170941 132.948390 111.434595 97.963761 70.654068 46.356174 30.386854 300.539466 247.917899 191.409337 161.435462 109.266877 165.955176
123.450000 311.161676 223.626620 168.245526 133.009312 111.487142 98.011049 70.690643 46.383126 30.407399 300.665107 248.023282 191.492913 161.507438 109.318578 166.028903
123.500000 311.291351 223.722598 168.320109 133.070233 111.539689 98.058337 70.727217 46.410078 30.427944 300.790746 248.128663 191.576487 161.579413 109.370280 166.102629
123.550000 311.421023 223.818575 168.394692 133.131153 111.592235 98.105624 70.763791 46.437029 30.448489 300.916383 248.234042 191.660060 161.651387 109.421980 166.176353
123.600000 311.550693 223.914549 168.469274 133.192072 111.644780 98.152910 70.800364 46.463981 30.469034 301.042018 248.339419 191.743631 161.723359 109.473680 166.250077
123.650000 311.680360 224.010523 168.543854 133.252991 111.697325 98.200196 70.836937 46.490932 30.489579 301.167651 248.444795 191.827201 161.795331 109.525379 166.323799
123.700000 311.810026 224.106495 168.618434 133.313909 111.749869 98.247481 70.873510 46.517883 30.510124 301.293281 248.550170 191.910770 161.867302 109.577078 166.397521
123.750000 311.939690 224.202465 168.693012 133.374826 111.802412 98.294766 70.910083 46.544834 30.530668 301.418910 248.655542 191.994338 161.939272 109.628776 166.471241
123.800000 312.069351 224.298434 168.767589 133.435742 111.854955 98.342050 70.946655 46.571784 30.551213 301.544537 248.760913 192.077905 162.011240 109.680473 166.544961
123.850000 312.199010 224.394401 168.842166 133.496657 111.907497 98.389334 70.983226 46.598735 30.571758 301.670162 248.866283 192.161470 162.083208 109.732170 166.618679
123.900000 312.328667 224.490367 168.916741 133.557572 111.960038 98.436617 71.019798 46.625685 30.592302 301.795784 248.971650 192.245034 162.155174 109.783866 166.692396
123.950000 312.458322 224.586332 168.991315 133.618485 112.012579 98.483899 71.056369 46.652635 30.612847 301.921405 249.077016 192.328597 162.227140 109.835562 166.766112
124.000000 312.587975 224.682295 169.065888 133.679398 112.065119 98.531181 71.092939 46.679585 30.633391 302.047023 249.182381 192.412158 162.299104 109.887256 166.839827
124.050000 312.717626 224.778256 169.140460 133.740310 112.117658 98.578463 71.129510 46.706535 30.653936 302.172640 249.287743 192.495719 162.371068 109.938951 166.913541
124.100000 312.847275 224.874216 169.215030 133.801221 112.170197 98.625743 71.166080 46.733484 30.674480 302.298254 249.393104 192.579278 162.443030 109.990644 166.987254
124.150000 312.976921 224.970175 169.289600 133.862132 112.222735 98.673024 71.202649 46.760434 30.695024 302.423866 249.498464 192.662836 162.514992 110.042337 167.060966
124.200000 313.106566 225.066132 169.364169 133.923041 112.275272 98.720303 71.239218 46.787383 30.715569 302.549477 249.603821 192.746392 162.586952 110.094029 167.134677
124.250000 313.236208 225.162087 169.438736 133.983950 112.327809 98.767582 71.275787 46.814332 30.736113 302.675085 249.709177 192.829947 162.658912 110.145721 167.208386
124.300000 313.365848 225.258042 169.513303 134.044858 112.380345 98.814861 71.312356 46.841281 30.756657 302.800691 249.814532 192.913501 162.730870 110.197412 167.282095
124.350000 313.495486 225.353994 169.587868 134.105765 112.432880 98.862139 71.348924 46.868230 30.777201 302.926296 249.919884 192.997054 162.802827 110.249102 167.355803
124.400000 313.625122 225.449945 169.662433 134.166672 112.485415 98.909416 71.385492 46.895178 30.797745 303.051898 250.025235 193.080606 162.874784 110.300791 167.429509
124.450000 313.754756 225.545895 169.736996 134.227577 112.537949 98.956693 71.422059 46.922127 30.818289 303.177498 250.130585 193.164156 162.946739 110.352480 167.503215
124.500000 313.884388 225.641843 169.811558 134.288482 112.590482 99.003970 71.458626 46.949075 30.838833 303.303096 250.235932 193.247705 163.018693 110.404169 167.576919
124.550000 314.014017 225.737790 169.886119 134.349386 112.643015 99.051245 71.495193 46.976023 30.859377 303.428692 250.341279 193.331253 163.090647 110.455857 167.650623
124.600000 314.143645 225.833735 169.960679 134.410289 112.695547 99.098521 71.531759 47.002971 30.879921 303.554286 250.446623 193.414800 163.162599 110.507544 167.724325
124.650000 314.273270 225.929679 170.035238 134.471191 112.748079 99.145795 71.568325 47.029918 30.900465 303.679878 250.551966 193.498345 163.234550 110.559230 167.798026
124.700000 314.402894 226.025621 170.109796 134.532092 112.800609 99.193069 71.604891 47.056866 30.921008 303.805468 250.657307 193.581889 163.306500 110.610916 167.871727
124.750000 314.532515 226.121562 170.184353 134.592993 112.853140 99.240343 71.641456 47.083813 30.941552 303.931056 250.762646 193.665432 163.378449 110.662601 167.945426
124.800000 314.662134 226.217501 170.258909 134.653893 112.905669 99.287616 71.678021 47.110760 30.962096 304.056642 250.867984 193.748973 163.450397 110.714285 168.019124
124.850000 314.791751 226.313439 170.333464 134.714792 112.958198 99.334888 71.714586 47.137707 30.982639 304.182226 250.973320 193.832514 163.522345 110.765969 168.092821
124.900000 314.921366 226.409375 170.408017 134.775690 113.010726 99.382160 71.751150 47.164654 31.003183 304.307807 251.078655 193.916053 163.594291 110.817653 168.166517
124.950000 315.050978 226.505310 170.482570 134.836587 113.063253 99.429431 71.787714 47.191600 31.023726 304.433387 251.183988 193.999591 163.666236 110.869335 168.240212
125.000000 315.180589 226.601244 170.557121 134.897484 113.115780 99.476702 71.824277 47.218547 31.044270 304.558965 251.289319 194.083128 163.738180 110.921017 168.313906
125.050000 315.310197 226.697176 170.631672 134.958379 113.168307 99.523972 71.860840 47.245493 31.064813 304.684541 251.394648 194.166663 163.810123 110.972698 168.387599
125.100000 315.439804 226.793106 170.706221 135.019274 113.220832 99.571242 71.897403 47.272439 31.085356 304.810114 251.499976 194.250197 163.882065 111.024379 168.461290
125.150000 315.569408 226.889035 170.780770 135.080168 113.273357 99.618511 71.933966 47.299385 31.105899 304.935686 251.605303 194.333730 163.954006 111.076059 168.534981
125.200000 315.699011 226.984963 170.855317 135.141062 113.325881 99.665780 71.970528 47.326331 31.126443 305.061256 251.710627 194.417262 164.025946 111.127738 168.608671
125.250000 315.828611 227.080889 170.929863 135.201954 113.378405 99.713047 72.007089 47.353276 31.146986 305.186823 251.815950 194.500792 164.097885 111.179417 168.682360
125.300000 315.958209 227.176813 171.004408 135.262846 113.430928 99.760315 72.043651 47.380222 31.167529 305.312389 251.921272 194.584322 164.169823 111.231095 168.756047
125.350000 316.087805 227.272736 171.078952 135.323737 113.483450 99.807582 72.080212 47.407167 31.188072 305.437953 252.026591 194.667850 164.241760 111.282773 168.829734
125.400000 316.217398 227.368658 171.153495 135.384627 113.535972 99.854848 72.116772 47.434112 31.208615 305.563514 252.131909 194.751376 164.313695 111.334450 168.903419
125.450000 316.346990 227.464578 171.228037 135.445516 113.588493 99.902114 72.153333 47.461057 31.229158 305.689074 252.237226 194.834902 164.385630 111.386126 168.977104
125.500000 316.476580 227.560497 171.302578 135.506404 113.641013 99.949379 72.189893 47.488002 31.249701 305.814631 252.342541 194.918426 164.457564 111.437801 169.050787
125.550000 316.606167 227.656414 171.377118 135.567292 113.693533 99.996644 72.226452 47.514946 31.270243 305.940187 252.447854 195.001949 164.529497 111.489476 169.124469
125.600000 316.735753 227.752330 171.451656 135.628179 113.746052 100.043908 72.263012 47.541890 31.290786 306.065740 252.553165 195.085471 164.601429 111.541151 169.198151
125.650000 316.865336 227.848245 171.526194 135.689065 113.798570 100.091171 72.299570 47.568835 31.311329 306.191292 252.658475 195.168992 164.673360 111.592824 169.271831
125.700000 316.994918 227.944158 171.600731 135.749950 113.851088 100.138434 72.336129 47.595779 31.331871 306.316841 252.763783 195.252511 164.745290 111.644497 169.345510
125.750000 317.124497 228.040069 171.675266 135.810834 113.903605 100.185697 72.372687 47.622722 31.352414 306.442389 252.869090 195.336029 164.817218 111.696170 169.419188
125.800000 317.254074 228.135979 171.749801 135.871718 113.956121 100.232959 72.409245 47.649666 31.372956 306.567934 252.974395 195.419546 164.889146 111.747841 169.492865
125.850000 317.383649 228.231887 171.824334 135.932601 114.008637 100.280220 72.445802 47.676610 31.393499 306.693478 253.079698 195.503062 164.961073 111.799512 169.566542
125.900000 317.513222 228.327795 171.898866 135.993483 114.061152 100.327481 72.482360 47.703553 31.414041 306.819019 253.185000 195.586577 165.032999 111.851183 169.640217
125.950000 317.642793 228.423700 171.973398 136.054364 114.113666 100.374741 72.518916 47.730496 31.434584 306.944559 253.290300 195.670090 165.104923 111.902853 169.713891
126.000000 317.772362 228.519604 172.047928 136.115244 114.166180 100.422000 72.555473 47.757439 31.455126 307.070096 253.395599 195.753602 165.176847 111.954522 169.787563
126.050000 317.901928 228.615507 172.122457 136.176124 114.218693 100.469260 72.592029 47.784382 31.475668 307.195632 253.500895 195.837113 165.248770 112.006191 169.861235
126.100000 318.031493 228.711408 172.196985 136.237002 114.271206 100.516518 72.628585 47.811324 31.496210 307.321165 253.606191 195.920622 165.320692 112.057858 169.934906
126.150000 318.161056 228.807308 172.271512 136.297880 114.323718 100.563776 72.665140 47.838267 31.516753 307.446696 253.711484 196.004131 165.392612 112.109526 170.008576
126.200000 318.290616 228.903206 172.346038 136.358758 114.376229 100.611034 72.701695 47.865209 31.537295 307.572226 253.816776 196.087638 165.464532 112.161192 170.082245
126.250000 318.420174 228.999103 172.420563 136.419634 114.428739 100.658291 72.738250 47.892151 31.557837 307.697753 253.922066 196.171144 165.536451 112.212858 170.155913
126.300000 318.549731 229.094999 172.495087 136.480509 114.481249 100.705547 72.774804 47.919093 31.578379 307.823279 254.027355 196.254648 165.608368 112.264524 170.229579
126.350000 318.679285 229.190893 172.569610 136.541384 114.533759 100.752803 72.811358 47.946035 31.598920 307.948802 254.132642 196.338152 165.680285 112.316189 170.303245
126.400000 318.808837 229.286785 172.644132 136.602258 114.586267 100.800058 72.847911 47.972976 31.619462 308.074324 254.237928 196.421654 165.752201 112.367853 170.376910
