web/models/kne/19/Metzger_0.005553_0.337931_0.450000.dat
# %ECSV 0.9
# ---
# datatype:
# - {name: time, datatype: float64}
# - {name: sdss_u, datatype: float64}
# - {name: sdss_g, datatype: float64}
# - {name: sdss_r, datatype: float64}
# - {name: sdss_i, datatype: float64}
# - {name: sdss_z, datatype: float64}
# - {name: PS1_y, datatype: float64}
# - {name: ukirt_J, datatype: float64}
# - {name: ukirt_H, datatype: float64}
# - {name: ukirt_K, datatype: float64}
# - {name: johnson_U, datatype: float64}
# - {name: johnson_B, datatype: float64}
# - {name: johnson_V, datatype: float64}
# - {name: johnson_R, datatype: float64}
# - {name: johnson_I, datatype: float64}
# - {name: Clear, datatype: float64}
# meta: !!omap
# - comment: [vej = 0.33793103448275863, mej = 0.00555320171962985, Ye = 0.45, redshift = 0.0]
# schema: astropy-2.0
time sdss_u sdss_g sdss_r sdss_i sdss_z PS1_y ukirt_J ukirt_H ukirt_K johnson_U johnson_B johnson_V johnson_R johnson_I Clear
[from data line 2600]
130.100000 nan nan 586.717451 475.563719 407.508640 364.810209 277.960782 200.185234 148.610570 nan nan 659.919615 565.482686 400.642635 579.732823
130.150000 nan nan 586.939169 475.745144 407.665367 364.951427 278.070404 200.266478 148.672920 nan nan 660.167847 565.696711 400.796869 579.952011
130.200000 nan nan 587.160884 475.926566 407.822092 365.092642 278.180025 200.347720 148.735268 nan nan 660.416075 565.910731 400.951100 580.171195
130.250000 nan nan 587.382595 476.107985 407.978814 365.233855 278.289643 200.428962 148.797616 nan nan 660.664299 566.124749 401.105330 580.390376
130.300000 nan nan 587.604302 476.289401 408.135534 365.375066 278.399260 200.510202 148.859963 nan nan 660.912519 566.338762 401.259556 580.609553
130.350000 nan nan 587.826006 476.470814 408.292252 365.516274 278.508876 200.591441 148.922309 nan nan 661.160734 566.552773 401.413781 580.828726
130.400000 nan nan 588.047706 476.652224 408.448966 365.657481 278.618490 200.672679 148.984654 nan nan 661.408946 566.766779 401.568003 581.047896
130.450000 nan nan 588.269403 476.833632 408.605679 365.798685 278.728102 200.753916 149.046999 nan nan 661.657153 566.980783 401.722222 581.267062
130.500000 nan nan 588.491096 477.015036 408.762389 365.939887 278.837713 200.835151 149.109343 nan nan 661.905357 567.194782 401.876439 581.486225
130.550000 nan nan 588.712785 477.196437 408.919096 366.081086 278.947322 200.916386 149.171686 nan nan 662.153556 567.408779 402.030654 581.705384
130.600000 nan nan 588.934471 477.377836 409.075801 366.222284 279.056929 200.997619 149.234028 nan nan 662.401751 567.622771 402.184866 581.924539
130.650000 nan nan 589.156153 477.559232 409.232504 366.363479 279.166535 201.078852 149.296369 nan nan 662.649942 567.836761 402.339076 582.143691
130.700000 nan nan 589.377832 477.740624 409.389204 366.504672 279.276139 201.160083 149.358710 nan nan 662.898129 568.050746 402.493283 582.362840
130.750000 nan nan 589.599506 477.922014 409.545901 366.645863 279.385741 201.241313 149.421050 nan nan 663.146312 568.264729 402.647488 582.581984
130.800000 nan nan 589.821178 478.103401 409.702596 366.787052 279.495342 201.322542 149.483388 nan nan 663.394491 568.478708 402.801690 582.801126
130.850000 nan nan 590.042845 478.284785 409.859289 366.928239 279.604941 201.403770 149.545727 nan nan 663.642666 568.692683 402.955890 583.020263
130.900000 nan nan 590.264509 478.466166 410.015979 367.069423 279.714538 201.484996 149.608064 nan nan 663.890837 568.906655 403.110088 583.239397
130.950000 nan nan 590.486170 478.647545 410.172667 367.210605 279.824134 201.566222 149.670401 nan nan 664.139003 569.120623 403.264283 583.458528
131.000000 nan nan 590.707826 478.828920 410.329352 367.351785 279.933728 201.647446 149.732736 nan nan 664.387166 569.334588 403.418476 583.677655
131.050000 nan nan 590.929480 479.010293 410.486035 367.492963 280.043321 201.728669 149.795071 nan nan 664.635324 569.548549 403.572666 583.896778
131.100000 nan nan 591.151129 479.191662 410.642715 367.634139 280.152912 201.809891 149.857405 nan nan 664.883479 569.762507 403.726854 584.115898
131.150000 nan nan 591.372775 479.373029 410.799393 367.775312 280.262501 201.891112 149.919739 nan nan 665.131629 569.976462 403.881040 584.335014
131.200000 nan nan 591.594417 479.554392 410.956068 367.916483 280.372089 201.972332 149.982071 nan nan 665.379775 570.190413 404.035223 584.554127
131.250000 nan nan 591.816056 479.735753 411.112741 368.057653 280.481675 202.053551 150.044403 nan nan 665.627917 570.404361 404.189404 584.773236
131.300000 nan nan 592.037691 479.917111 411.269412 368.198819 280.591259 202.134769 150.106734 nan nan 665.876055 570.618305 404.343582 584.992341
131.350000 nan nan 592.259323 480.098466 411.426080 368.339984 280.700842 202.215985 150.169064 nan nan 666.124189 570.832245 404.497758 585.211443
131.400000 nan nan 592.480951 480.279819 411.582745 368.481147 280.810423 202.297200 150.231394 nan nan 666.372319 571.046182 404.651931 585.430542
131.450000 nan nan 592.702575 480.461168 411.739408 368.622307 280.920003 202.378415 150.293722 nan nan 666.620445 571.260116 404.806102 585.649636
131.500000 nan nan 592.924196 480.642514 411.896069 368.763465 281.029581 202.459628 150.356050 nan nan 666.868567 571.474046 404.960271 585.868728
131.550000 nan nan 593.145813 480.823858 412.052727 368.904621 281.139157 202.540840 150.418377 nan nan 667.116685 571.687973 405.114437 586.087816
131.600000 nan nan 593.367427 481.005198 412.209383 369.045775 281.248732 202.622050 150.480703 nan nan 667.364798 571.901896 405.268601 586.306900
131.650000 nan nan 593.589037 481.186536 412.366036 369.186927 281.358305 202.703260 150.543029 nan nan 667.612908 572.115816 405.422762 586.525980
131.700000 nan nan 593.810643 481.367871 412.522687 369.328076 281.467876 202.784469 150.605353 nan nan 667.861014 572.329733 405.576921 586.745058
131.750000 nan nan 594.032246 481.549203 412.679335 369.469223 281.577446 202.865676 150.667677 nan nan 668.109115 572.543646 405.731078 586.964131
131.800000 nan nan 594.253845 481.730532 412.835981 369.610368 281.687014 202.946882 150.730000 nan nan 668.357213 572.757555 405.885232 587.183201
131.850000 nan nan 594.475441 481.911858 412.992625 369.751511 281.796581 203.028088 150.792322 nan nan 668.605306 572.971461 406.039384 587.402268
131.900000 nan nan 594.697033 482.093182 413.149266 369.892652 281.906146 203.109292 150.854644 nan nan 668.853396 573.185364 406.193534 587.621331
131.950000 nan nan 594.918621 482.274502 413.305904 370.033791 282.015709 203.190495 150.916964 nan nan 669.101481 573.399263 406.347681 587.840390
132.000000 nan nan 595.140206 482.455820 413.462541 370.174927 282.125271 203.271696 150.979284 nan nan 669.349562 573.613159 406.501825 588.059446
132.050000 nan nan 595.361787 482.637135 413.619174 370.316061 282.234831 203.352897 151.041603 nan nan 669.597640 573.827051 406.655967 588.278498
132.100000 nan nan 595.583365 482.818446 413.775806 370.457193 282.344390 203.434097 151.103922 nan nan 669.845713 574.040940 406.810107 588.497547
132.150000 nan nan 595.804939 482.999755 413.932435 370.598323 282.453946 203.515295 151.166239 nan nan 670.093782 574.254825 406.964245 588.716593
132.200000 nan nan 596.026510 483.181062 414.089061 370.739451 282.563502 203.596492 151.228556 nan nan 670.341847 574.468707 407.118380 588.935634
132.250000 nan nan 596.248077 483.362365 414.245685 370.880576 282.673055 203.677689 151.290872 nan nan 670.589908 574.682586 407.272512 589.154673
132.300000 nan nan 596.469640 483.543665 414.402306 371.021700 282.782607 203.758884 151.353187 nan nan 670.837966 574.896461 407.426642 589.373707
132.350000 nan nan 596.691200 483.724963 414.558926 371.162821 282.892158 203.840078 151.415501 nan nan 671.086019 575.110333 407.580770 589.592739
132.400000 nan nan 596.912757 483.906257 414.715542 371.303940 283.001706 203.921271 151.477815 nan nan 671.334068 575.324201 407.734896 589.811766
132.450000 nan nan 597.134309 484.087549 414.872156 371.445057 283.111254 204.002462 151.540127 nan nan 671.582113 575.538066 407.889019 590.030790
132.500000 nan nan 597.355859 484.268838 415.028768 371.586172 283.220799 204.083653 151.602439 nan nan 671.830154 575.751927 408.043140 590.249811
132.550000 nan nan 597.577404 484.450124 415.185378 371.727284 283.330343 204.164842 151.664750 nan nan 672.078191 575.965785 408.197258 590.468828
132.600000 nan nan 597.798946 484.631408 415.341985 371.868395 283.439886 204.246031 151.727061 nan nan 672.326224 576.179640 408.351374 590.687842
132.650000 nan nan 598.020485 484.812688 415.498589 372.009503 283.549426 204.327218 151.789370 nan nan 672.574253 576.393491 408.505487 590.906852
132.700000 nan nan 598.242020 484.993965 415.655191 372.150609 283.658965 204.408404 151.851679 nan nan 672.822278 576.607339 408.659598 591.125859
132.750000 nan nan 598.463551 485.175240 415.811791 372.291713 283.768503 204.489589 151.913987 nan nan 673.070299 576.821183 408.813707 591.344862
132.800000 nan nan 598.685079 485.356512 415.968388 372.432815 283.878039 204.570773 151.976294 nan nan 673.318315 577.035024 408.967814 591.563861
132.850000 nan nan 598.906604 485.537781 416.124983 372.573915 283.987573 204.651956 152.038601 nan nan 673.566328 577.248861 409.121918 591.782857
132.900000 nan nan 599.128124 485.719047 416.281575 372.715012 284.097106 204.733138 152.100906 nan nan 673.814337 577.462695 409.276019 592.001850
132.950000 nan nan 599.349642 485.900310 416.438165 372.856107 284.206637 204.814318 152.163211 nan nan 674.062342 577.676526 409.430118 592.220839
133.000000 nan nan 599.571155 486.081571 416.594753 372.997201 284.316166 204.895498 152.225515 nan nan 674.310343 577.890353 409.584215 592.439825
133.050000 nan nan 599.792665 486.262828 416.751338 373.138292 284.425694 204.976676 152.287818 nan nan 674.558340 578.104177 409.738310 592.658807
133.100000 nan nan 600.014172 486.444083 416.907921 373.279380 284.535221 205.057853 152.350121 nan nan 674.806333 578.317997 409.892402 592.877785
133.150000 nan nan 600.235675 486.625335 417.064501 373.420467 284.644745 205.139029 152.412423 nan nan 675.054322 578.531814 410.046492 593.096760
133.200000 nan nan 600.457175 486.806584 417.221079 373.561552 284.754268 205.220204 152.474724 nan nan 675.302307 578.745628 410.200579 593.315732
133.250000 nan nan 600.678670 486.987830 417.377654 373.702634 284.863790 205.301378 152.537024 nan nan 675.550288 578.959438 410.354664 593.534700
133.300000 nan nan 600.900163 487.169073 417.534228 373.843714 284.973310 205.382551 152.599323 nan nan 675.798264 579.173245 410.508747 593.753665
133.350000 nan nan 601.121652 487.350314 417.690798 373.984793 285.082828 205.463723 152.661622 nan nan 676.046237 579.387048 410.662827 593.972626
133.400000 nan nan 601.343137 487.531552 417.847366 374.125869 285.192345 205.544893 152.723919 nan nan 676.294206 579.600848 410.816905 594.191583
133.450000 nan nan 601.564619 487.712786 418.003932 374.266942 285.301860 205.626063 152.786216 nan nan 676.542171 579.814645 410.970980 594.410537
133.500000 nan nan 601.786097 487.894018 418.160496 374.408014 285.411373 205.707231 152.848513 nan nan 676.790132 580.028438 411.125053 594.629488
133.550000 nan nan 602.007572 488.075248 418.317057 374.549084 285.520885 205.788398 152.910808 nan nan 677.038089 580.242227 411.279124 594.848435
133.600000 nan nan 602.229043 488.256474 418.473615 374.690151 285.630395 205.869565 152.973103 nan nan 677.286042 580.456014 411.433193 595.067379
133.650000 nan nan 602.450511 488.437697 418.630171 374.831217 285.739904 205.950730 153.035397 nan nan 677.533991 580.669797 411.587259 595.286319
133.700000 nan nan 602.671975 488.618918 418.786725 374.972280 285.849411 206.031894 153.097690 nan nan 677.781936 580.883576 411.741322 595.505256
133.750000 nan nan 602.893436 488.800136 418.943277 375.113341 285.958916 206.113056 153.159982 nan nan 678.029877 581.097353 411.895384 595.724189
133.800000 nan nan 603.114893 488.981351 419.099826 375.254400 286.068420 206.194218 153.222273 nan nan 678.277814 581.311125 412.049443 595.943119
133.850000 nan nan 603.336347 489.162563 419.256372 375.395456 286.177923 206.275379 153.284564 nan nan 678.525747 581.524895 412.203499 596.162045
133.900000 nan nan 603.557797 489.343773 419.412916 375.536511 286.287423 206.356538 153.346854 nan nan 678.773677 581.738661 412.357554 596.380968
133.950000 nan nan 603.779244 489.524979 419.569458 375.677563 286.396923 206.437697 153.409143 nan nan 679.021602 581.952424 412.511605 596.599887
134.000000 nan nan 604.000687 489.706183 419.725998 375.818614 286.506420 206.518854 153.471432 nan nan 679.269523 582.166183 412.665655 596.818803
134.050000 nan nan 604.222126 489.887384 419.882535 375.959662 286.615916 206.600010 153.533719 nan nan 679.517440 582.379939 412.819702 597.037716
134.100000 nan nan 604.443563 490.068582 420.039069 376.100708 286.725410 206.681165 153.596006 nan nan 679.765353 582.593691 412.973747 597.256625
134.150000 nan nan 604.664995 490.249777 420.195601 376.241752 286.834903 206.762319 153.658292 nan nan 680.013263 582.807441 413.127790 597.475530
134.200000 nan nan 604.886424 490.430970 420.352131 376.382794 286.944394 206.843472 153.720577 nan nan 680.261168 583.021186 413.281830 597.694432
134.250000 nan nan 605.107850 490.612159 420.508659 376.523834 287.053884 206.924624 153.782862 nan nan 680.509069 583.234929 413.435867 597.913331
134.300000 nan nan 605.329272 490.793346 420.665184 376.664871 287.163372 207.005774 153.845146 nan nan 680.756967 583.448668 413.589903 598.132226
134.350000 nan nan 605.550690 490.974530 420.821706 376.805907 287.272858 207.086924 153.907429 nan nan 681.004860 583.662403 413.743936 598.351117
134.400000 nan nan 605.772106 491.155711 420.978226 376.946940 287.382343 207.168072 153.969711 nan nan 681.252750 583.876136 413.897967 598.570006
134.450000 nan nan 605.993517 491.336890 421.134744 377.087971 287.491826 207.249220 154.031992 nan nan 681.500635 584.089865 414.051995 598.788890
134.500000 nan nan 606.214925 491.518065 421.291260 377.229000 287.601308 207.330366 154.094273 nan nan 681.748517 584.303590 414.206021 599.007772
134.550000 nan nan 606.436330 491.699238 421.447773 377.370027 287.710788 207.411511 154.156553 nan nan 681.996395 584.517312 414.360045 599.226649
134.600000 nan nan 606.657731 491.880408 421.604283 377.511052 287.820267 207.492655 154.218832 nan nan 682.244268 584.731031 414.514066 599.445524
134.650000 nan nan 606.879128 492.061575 421.760792 377.652075 287.929743 207.573798 154.281110 nan nan 682.492138 584.944747 414.668085 599.664395
134.700000 nan nan 607.100523 492.242739 421.917298 377.793095 288.039219 207.654940 154.343387 nan nan 682.740004 585.158459 414.822102 599.883262
134.750000 nan nan 607.321913 492.423901 422.073801 377.934114 288.148693 207.736081 154.405664 nan nan 682.987866 585.372168 414.976116 600.102126
134.800000 nan nan 607.543300 492.605060 422.230302 378.075130 288.258165 207.817221 154.467940 nan nan 683.235724 585.585873 415.130128 600.320987
134.850000 nan nan 607.764684 492.786216 422.386801 378.216144 288.367635 207.898359 154.530215 nan nan 683.483578 585.799575 415.284138 600.539844
134.900000 nan nan 607.986064 492.967369 422.543297 378.357156 288.477104 207.979497 154.592490 nan nan 683.731428 586.013274 415.438145 600.758698
134.950000 nan nan 608.207441 493.148519 422.699791 378.498166 288.586572 208.060633 154.654763 nan nan 683.979274 586.226969 415.592150 600.977548
135.000000 nan nan 608.428814 493.329667 422.856283 378.639174 288.696038 208.141768 154.717036 nan nan 684.227116 586.440661 415.746153 601.196395
135.050000 nan nan 608.650184 493.510812 423.012772 378.780180 288.805502 208.222902 154.779308 nan nan 684.474955 586.654350 415.900153 601.415238
135.100000 nan nan 608.871550 493.691953 423.169259 378.921184 288.914965 208.304036 154.841579 nan nan 684.722789 586.868035 416.054151 601.634078
135.150000 nan nan 609.092913 493.873093 423.325744 379.062185 289.024426 208.385168 154.903850 nan nan 684.970620 587.081717 416.208147 601.852915
135.200000 nan nan 609.314272 494.054229 423.482226 379.203185 289.133885 208.466298 154.966120 nan nan 685.218446 587.295396 416.362140 602.071748
135.250000 nan nan 609.535628 494.235363 423.638706 379.344182 289.243343 208.547428 155.028389 nan nan 685.466269 587.509071 416.516131 602.290577
135.300000 nan nan 609.756980 494.416493 423.795183 379.485177 289.352800 208.628557 155.090657 nan nan 685.714087 587.722743 416.670120 602.509404
135.350000 nan nan 609.978329 494.597621 423.951658 379.626170 289.462254 208.709685 155.152924 nan nan 685.961902 587.936411 416.824106 602.728226
135.400000 nan nan 610.199674 494.778747 424.108131 379.767161 289.571708 208.790811 155.215191 nan nan 686.209713 588.150077 416.978090 602.947046
