web/models/kne/19/mosfit_kn_0.003466_0.4217_3.6500.dat
# %ECSV 1.0
# ---
# datatype:
# - {name: time, datatype: float64}
# - {name: PS1_g, datatype: float64}
# - {name: PS1_i, datatype: float64}
# - {name: PS1_r, datatype: float64}
# - {name: PS1_w, datatype: float64}
# - {name: PS1_y, datatype: float64}
# - {name: PS1_z, datatype: float64}
# - {name: swift_uvot_B, datatype: float64}
# - {name: swift_uvot_U, datatype: float64}
# - {name: swift_uvot_uvm2, datatype: float64}
# - {name: swift_uvot_uvw1, datatype: float64}
# - {name: swift_uvot_uvw2, datatype: float64}
# - {name: swift_uvot_V, datatype: float64}
# - {name: johnson_B, datatype: float64}
# - {name: johnson_I, datatype: float64}
# - {name: johnson_R, datatype: float64}
# - {name: johnson_U, datatype: float64}
# - {name: johnson_V, datatype: float64}
# - {name: sdss_g, datatype: float64}
# - {name: sdss_i, datatype: float64}
# - {name: sdss_r, datatype: float64}
# - {name: sdss_u, datatype: float64}
# - {name: sdss_z, datatype: float64}
# - {name: ATLAS_c, datatype: float64}
# - {name: ATLAS_o, datatype: float64}
# - {name: ukirt_H, datatype: float64}
# - {name: ukirt_J, datatype: float64}
# - {name: ukirt_K, datatype: float64}
# - {name: Clear, datatype: float64}
# meta: !!omap
# - comment: [kappa = 3.65, type = rprocess, mass = 0.003465724215782086, velocity = 0.4216666666666667, theta_obs = 0.0, tfloor = 1000.0]
# schema: astropy-2.0
time PS1_g PS1_i PS1_r PS1_w PS1_y PS1_z swift_uvot_B swift_uvot_U swift_uvot_uvm2 swift_uvot_uvw1 swift_uvot_uvw2 swift_uvot_V johnson_B johnson_I johnson_R johnson_U johnson_V sdss_g sdss_i sdss_r sdss_u sdss_z ATLAS_c ATLAS_o ukirt_H ukirt_J ukirt_K Clear
[from data line 146]
8.837675350701403 11.495909347751159 2.6140805345518636 6.089151312589713 4.121227501085727 -0.9091095139733874 0.5085664508737331 15.035815924315628 21.69476002221055 35.58335532623973 17.660342554285116 20.173359060764756 9.455426040621944 13.831878607349438 1.060567228129913 4.030599994854913 20.663758842958806 8.50040370545319 12.308449449065595 2.6953364866648677 6.317639972086155 22.195865552385374 -0.0648611611482508 8.068227882332355 3.6158153577225782 -5.858096891888883 -3.708607596399192 -7.218385572362054 1.8353334573243885
8.897795591182364 11.520324572798142 2.6384957595988645 6.113566537636714 4.145642726132728 -0.8846942889263865 0.532981675920734 15.060231149362629 21.71917524725755 35.60777055128672 17.6847577793321 20.197774285811757 9.479841265668945 13.856293832396439 1.0849824531769139 4.055015219901914 20.6881740680058 8.52481893050019 12.332864674112596 2.719751711711851 6.3420551971331385 22.220280777432375 -0.04044593610126768 8.092643107379356 3.6402305827695614 -5.8336816668418825 -3.684192371352191 -7.193970347315071 1.8597486823713894
8.957915831663327 11.544637547048513 2.662808733849218 6.137879511887068 4.169955700383081 -0.8603813146760331 0.5572946501710874 15.084544123612982 21.743488221507903 35.632083525537084 17.709070753582452 20.222087260062114 9.504154239919298 13.880606806646792 1.1092954274272673 4.079328194152267 20.71248704225616 8.549131904750544 12.35717764836295 2.744064685962222 6.366368171383492 22.24459375168273 -0.01613296185089652 8.11695608162971 3.6645435570199325 -5.809368692591529 -3.6598793971018377 -7.1696573730647 1.8840616566217427
9.018036072144287 11.568873251567044 2.6870444383677494 6.162115216405599 4.194191404901613 -0.8361456101575016 0.5815303546896189 15.108779828131514 21.767723926026434 35.656319230055615 17.733306458101 20.246322964580646 9.52838994443783 13.904842511165324 1.1335311319457988 4.1035638986707985 20.736722746774692 8.573367609269075 12.38141335288148 2.7683003904807535 6.390603875902041 22.26882945620126 0.008102742667634999 8.14119178614824 3.688779261538464 -5.785132988072998 -3.635643692583306 -7.1454216685461684 1.9082973611402743
9.07815631262525 11.59302991392682 2.711201100727525 6.186271878765375 4.218348067261388 -0.811988947797726 0.6056870170493944 15.132936490491307 21.79188058838621 35.680475892415394 17.757463120460777 20.270479626940418 9.552546606797605 13.9289991735251 1.157687794305592 4.127720561030574 20.760879409134468 8.597524271628851 12.405570015241256 2.792457052840529 6.414760538261817 22.292986118561036 0.03225940502741054 8.165348448508016 3.7129359238982396 -5.760976325713222 -3.6114870302235307 -7.121265006186393 1.9324540235000498
9.138276553106213 11.617106907147399 2.7352780939481036 6.210348871985953 4.242425060481967 -0.7879119545771474 0.6297640102699731 15.157013483711868 21.81595758160679 35.70455288563596 17.781540113681338 20.294556620161 9.576623600018184 13.953076166745678 1.181764787526153 4.151797554251153 20.784956402355036 8.62160126484943 12.429647008461835 2.8165340460611077 6.438837531482378 22.317063111781614 0.056336398247989194 8.189425441728595 3.7370129171188005 -5.736899332492643 -3.587410037002952 -7.097188012965814 1.9565310167206285
9.198396793587174 11.641104312330324 2.7592754991310287 6.2343462771688785 4.266422465664892 -0.7639145493942223 0.6537614154528981 15.181010888894793 21.839954986789714 35.72855029081889 17.805537518864263 20.318554025343925 9.60062100520111 13.977073571928603 1.205762192709078 4.175794959434078 20.80895380753797 8.645598670032355 12.45364441364476 2.8405314512440327 6.462834936665303 22.34106051696454 0.08033380343091423 8.21342284691152 3.7610103223017433 -5.712901927309718 -3.563412631820027 -7.073190607782889 1.9805284219035535
9.258517034068136 11.665022338333486 2.783193525134209 6.258264303172041 4.290340491668054 -0.7399965233910599 0.6776794414560783 15.204928914897973 21.863873012792887 35.75246831682205 17.829455544867443 20.342472051347094 9.624539031204272 14.000991597931783 1.2296802187122582 4.199712985437258 20.832871833541134 8.669516696035517 12.477562439647922 2.864449477247195 6.486752962668483 22.364978542967712 0.10425182943407663 8.237340872914682 3.7849283483049057 -5.688983901306556 -3.5394946058168646 -7.049272581779727 2.004446447906716
9.318637274549097 11.68886119679085 2.8070323835915723 6.282103161629422 4.3141793501254355 -0.7161576649336965 0.7015182999134417 15.228767773355337 21.887711871250257 35.77630717527943 17.853294403324806 20.366310909804458 9.648377889661635 14.024830456389147 1.2535190771696216 4.223551843894621 20.856710691998508 8.693355554492898 12.501401298105304 2.8882883357045586 6.510591821125846 22.388817401425072 0.12809068789144007 8.261179731372064 3.808767206762269 -5.665145042849175 -3.5156557473594834 -7.025433723322363 2.0282853063640793
9.37875751503006 11.712621347204646 2.8307925340053686 6.305863312043218 4.337939500539232 -0.6923975145199002 0.725278450327238 15.252527923769133 21.911472021664053 35.80006732569323 17.877054553738603 20.390071060218254 9.672138040075431 14.048590606802943 1.277279227583418 4.247311994308418 20.8804708424123 8.717115704906695 12.5251614485191 2.912048486118355 6.5343519715396425 22.41257755183888 0.15185083830523638 8.28493988178586 3.8325273571760654 -5.641384892435378 -3.491895596945687 -7.001673572908567 2.0520454567778756
9.438877755511022 11.736303152962826 2.8544743397635486 6.329545117801381 4.361621306297412 -0.6687157087617202 0.748960256085418 15.276209729527313 21.935153827422226 35.8237491314514 17.900736359496783 20.413752865976434 9.695819845833611 14.072272412561123 1.300961033341598 4.270993800066598 20.90415264817048 8.740797510664857 12.54884325427728 2.935730291876535 6.5580337772978226 22.436259357597052 0.1755326440634164 8.30862168754404 3.8562091629342454 -5.617703086677216 -3.468213791187525 -6.977991767150387 2.0757272625360557
9.498997995991983 11.759906872497066 2.8780780592977706 6.35314883733562 4.385225025831634 -0.6451119892274804 0.7725639756196401 15.299813449061553 21.958757546956456 35.84735285098564 17.924340079031023 20.437356585510667 9.719423565367851 14.095876132095345 1.3245647528758377 4.29459751960082 20.927756367704713 8.764401230199097 12.572446973811502 2.9593340114107747 6.581637496832062 22.45986307713128 0.19913636359765619 8.332225407078262 3.879812882468485 -5.594099367142976 -3.444610071653285 -6.954388047616147 2.0993309820702954
9.559118236472946 11.783432943050283 2.9016041298510054 6.376674907888837 4.408751096384869 -0.6215859186742634 0.7960900461728748 15.32333951961477 21.98228361750968 35.87087892153886 17.94786614958424 20.46088265606389 9.742949635921068 14.11940220264858 1.3480908234290547 4.3181235901540544 20.95128243825794 8.787927300752314 12.595973044364737 2.9828600819639917 6.605163567385279 22.483389147684505 0.22266243415087317 8.355751477631497 3.903338953021702 -5.570573296589759 -3.421084001100068 -6.93086197706293 2.1228570526235124
9.619238476953907 11.80688173128324 2.9250529180839635 6.4001236961217955 4.432199884617827 -0.5981371304413052 0.819538834405833 15.346788307847728 22.00573240574264 35.89432770977182 17.971314937817198 20.48433144429685 9.766398424154026 14.142850990881538 1.3715396116620129 4.341572378387013 20.974731226490896 8.81137608898529 12.619421832597695 3.00630887019695 6.6286123556182375 22.506837935917467 0.24611122238383132 8.379200265864455 3.9267877412546603 -5.5471245083567835 -3.39763521286711 -6.907413188829972 2.1463058408564706
9.67935871743487 11.83025350423339 2.9484246910341128 6.423495469071963 4.455571657567976 -0.5747653574911382 0.8429106073559822 15.370160080797877 22.029104178692798 35.91769948272197 17.994686710767347 20.50770321724701 9.789770197104193 14.166222763831687 1.3949113846121621 4.364944151337162 20.998102999441045 8.834747861935439 12.642793605547844 3.029680643147117 6.651984128568387 22.530209708867623 0.26948299533399833 8.402572038814604 3.9501595142048096 -5.523752735406634 -3.374263439916943 -6.884041415879805 2.1696776138066376
9.739478957915832 11.853548621678343 2.9717198084790653 6.446790586516915 4.4788667750129285 -0.5514702400461857 0.8662057248009347 15.39345519824283 22.05239929613775 35.940994600166924 18.0179818282123 20.53099833469196 9.813065314549146 14.18951788127664 1.4182065020571146 4.388239268782114 21.021398116885997 8.858042979380391 12.666088722992797 3.0529757605920516 6.675279246013339 22.553504826312576 0.29277811277893306 8.425867156259557 3.973454631649762 -5.500457617961682 -3.3509683224719904 -6.86074629843487 2.19297273125159
9.799599198396793 11.876767452264385 2.994938639065108 6.470009417102958 4.502085605598971 -0.5282514094601432 0.8894245553869773 15.416674028828872 22.075618126723793 35.96421343075296 18.041200658798342 20.554217165277993 9.836284145135188 14.212736711862682 1.4414253326431572 4.411458099368157 21.044616947472043 8.881261809966434 12.689307553578839 3.076194591178094 6.698498076599382 22.57672365689862 0.31599694336497564 8.4490859868456 3.9966734622358047 -5.477238787375639 -3.327749491885948 -6.837527467848828 2.216191561837615
9.859719438877756 11.899910284402448 3.0180814712031534 6.493152249241003 4.525228437737017 -0.5051085773220976 0.9125673875250229 15.439816860966918 22.09876095886184 35.98735626289102 18.064343490936405 20.57735999741605 9.859426977273234 14.235879544000728 1.4645681647812205 4.4346009315062025 21.067759779610096 8.90440464210448 12.712450385716885 3.0993374233161575 6.721640908737445 22.599866489036664 0.339139775503039 8.472228818983645 4.019816294373868 -5.454095955237594 -3.3046066597479022 -6.8143846357107645 2.2393343939756782
9.919839679358716 11.922977386832105 3.0411485736328103 6.51621935167066 4.548295540166674 -0.48204147489244065 0.9356344899546798 15.462883963396575 22.121828061291495 36.01042336532067 18.087410593366045 20.600427099845707 9.88249407970289 14.258946646430385 1.4876352672108597 4.457668033935859 21.090826882039742 8.927471744534136 12.735517488146542 3.1224045257458144 6.744708011167084 22.62293359146632 0.3622068779326959 8.495295921413302 4.042883396803525 -5.431028852807937 -3.2815395573182453 -6.7913175332811075 2.262401496405335
9.97995991983968 11.945969144172839 3.0641403309735615 6.539211109011394 4.571287297507425 -0.4590497175517072 0.958626247295431 15.485875720737326 22.144819818632236 36.03341512266141 18.110402350706796 20.623418857186447 9.905485837043624 14.281938403771136 1.510627024551611 4.480659791276611 21.113818639380487 8.95046350187487 12.758509245487275 3.145396283086548 6.7676997685078355 22.64592534880706 0.38519863527342935 8.518287678754035 4.065875154144258 -5.408037095467203 -3.258547799977512 -6.768325775940374 2.2853932537460686
10.040080160320642 11.968885853653859 3.087057040454564 6.562127818492414 4.594204006988427 -0.4361330080706871 0.9815429567764511 15.508792430218346 22.16773652811326 36.056331832142426 18.133319060187816 20.646335566667457 9.928402546524644 14.304855113252138 1.533543734032631 4.503576500757613 21.136735348861507 8.97338021135589 12.781425954968295 3.168312992567568 6.790616477988856 22.668842058288085 0.40811534475444944 8.541204388235055 4.0887918636252785 -5.385120385986183 -3.235631090496492 -6.745409066459354 2.3083099632270887
10.100200400801603 11.991727741648042 3.1098989284487644 6.584969706486596 4.617045894982628 -0.41329112007650437 1.0043848447706338 15.531634318212529 22.190578416107442 36.07917372013662 18.156160948182 20.66917745466165 9.951244434518827 14.327697001246339 1.5563856220268137 4.5264183887518135 21.159577236855696 8.99622209935009 12.804267842962496 3.1911548805617507 6.813458365983038 22.691683946282268 0.4309572327486322 8.564046276229256 4.111633751619461 -5.362278497992 -3.212789202502309 -6.722567178465171 2.3311518512212714
10.160320641282565 12.014495170955168 3.132666357755891 6.607737135793741 4.639813324289754 -0.3905236907693599 1.0271522740777606 15.554401747519655 22.213345845414576 36.101941149443746 18.178928377489125 20.691944883968784 9.974011863825972 14.350464430553465 1.5791530513339405 4.54918581805894 21.182344666162827 9.018989528657217 12.827035272269622 3.2139223098688774 6.836225795290165 22.7144513755894 0.4537246620557589 8.586813705536382 4.134401180926588 -5.339511068684856 -3.1900217731951646 -6.6997997491580445 2.353919280528416
10.220440881763526 12.037188444695719 3.1553596314964416 6.630430409534274 4.662506598030287 -0.36783041702882713 1.049845547818311 15.577095021260206 22.236039119155116 36.12463442318429 18.201621651229676 20.71463815770932 9.996705137566504 14.373157704293998 1.601846325074491 4.571879091799473 21.205037939903367 9.04168280239775 12.849728546010155 3.236615583609428 6.858919069030716 22.73714464932994 0.4764179357963094 8.609506979276915 4.1570944546671385 -5.316817794944323 -3.167328499454632 -6.677106475417494 2.3766125542689487
10.280561122244489 12.059807809470264 3.177978996270987 6.653049774308837 4.68512596280485 -0.34521105225426396 1.0724649125928565 15.599714386034751 22.258658483929672 36.147253787958846 18.22424101600422 20.737257522483873 10.019324502341068 14.395777069068561 1.6244656898490364 4.594498456574036 21.22765730467792 9.064302167172313 12.872347910784718 3.2592349483839733 6.881538433805261 22.759764014104498 0.4990373005708548 8.632126344051478 4.179713819441684 -5.29419843016976 -3.1447091346800686 -6.654487110642949 2.399231919043512
10.34068136272545 12.082353548132136 3.2005247349328414 6.675595512970691 4.707671701466705 -0.3226653135924096 1.0950106512547109 15.622260124696624 22.281204222591526 36.16979952662071 18.246786754666093 20.759803261145738 10.041870241002922 14.418322807730416 1.6470114285109085 4.6170441952358905 21.250203043339784 9.086847905834167 12.894893649446573 3.2817806870458455 6.904084172467133 22.782309752766352 0.521583039232727 8.654672082713333 4.202259558103556 -5.271652691507906 -3.1221633960182142 -6.6319413719810765 2.4217776577053662
10.400801603206412 12.104825990647665 3.222997177448388 6.69806795548622 4.730144143982251 -0.30019287107688086 1.1174830937702573 15.644732567212152 22.303676665107062 36.19227196913624 18.269259197181622 20.782275703661274 10.06434268351845 14.440795250245962 1.6694838710264372 4.639516637751437 21.272675485855324 9.109320348349696 12.91736609196212 3.304253129561374 6.926556614982662 22.804782195281888 0.5440554817482557 8.67714452522888 4.224732000619085 -5.249180248992377 -3.0996909535026855 -6.609468929465548 2.444250100220895
10.460921843687375 12.127225412694003 3.2453965994947254 6.720467377532557 4.752543566028589 -0.27779344903054337 1.1398825158165948 15.66713198925849 22.326076087153403 36.214671391182584 18.29165861922796 20.80467512570761 10.086742105564788 14.4631946722923 1.6918832930727747 4.6619160597977745 21.295074907901657 9.131719770396051 12.939765514008457 3.3266525516077117 6.948956037028999 22.82718161732823 0.5664549037945932 8.699543947275217 4.247131422665422 -5.226780826946022 -3.0772915314563485 -6.58706950741921 2.4666495222672324
10.521042084168336 12.149552035503035 3.26772322230374 6.74279400034159 4.774870188837603 -0.25546682622151096 1.1622091386256272 15.689458612067522 22.348402709962436 36.2369980139916 18.313985242036992 20.827001748516633 10.10906872837382 14.485521295101314 1.7142099158818072 4.684242682606789 21.317401530710683 9.154046393205066 12.962092136817471 3.348979174416744 6.971282659838032 22.84950824013726 0.5887815266036256 8.721870570084231 4.269458045474455 -5.204454204137007 -3.054964908647316 -6.564742884610178 2.488976145076265
