web/models/kne/19/mosfit_kn_0.006452_0.1867_0.5000.dat
# %ECSV 1.0
# ---
# datatype:
# - {name: time, datatype: float64}
# - {name: PS1_g, datatype: float64}
# - {name: PS1_i, datatype: float64}
# - {name: PS1_r, datatype: float64}
# - {name: PS1_w, datatype: float64}
# - {name: PS1_y, datatype: float64}
# - {name: PS1_z, datatype: float64}
# - {name: swift_uvot_B, datatype: float64}
# - {name: swift_uvot_U, datatype: float64}
# - {name: swift_uvot_uvm2, datatype: float64}
# - {name: swift_uvot_uvw1, datatype: float64}
# - {name: swift_uvot_uvw2, datatype: float64}
# - {name: swift_uvot_V, datatype: float64}
# - {name: johnson_B, datatype: float64}
# - {name: johnson_I, datatype: float64}
# - {name: johnson_R, datatype: float64}
# - {name: johnson_U, datatype: float64}
# - {name: johnson_V, datatype: float64}
# - {name: sdss_g, datatype: float64}
# - {name: sdss_i, datatype: float64}
# - {name: sdss_r, datatype: float64}
# - {name: sdss_u, datatype: float64}
# - {name: sdss_z, datatype: float64}
# - {name: ATLAS_c, datatype: float64}
# - {name: ATLAS_o, datatype: float64}
# - {name: ukirt_H, datatype: float64}
# - {name: ukirt_J, datatype: float64}
# - {name: ukirt_K, datatype: float64}
# - {name: Clear, datatype: float64}
# meta: !!omap
# - comment: [kappa = 0.5, type = rprocess, mass = 0.006451950121499907, velocity = 0.1866666666666667, theta_obs = 0.0, tfloor = 1000.0]
# schema: astropy-2.0
time PS1_g PS1_i PS1_r PS1_w PS1_y PS1_z swift_uvot_B swift_uvot_U swift_uvot_uvm2 swift_uvot_uvw1 swift_uvot_uvw2 swift_uvot_V johnson_B johnson_I johnson_R johnson_U johnson_V sdss_g sdss_i sdss_r sdss_u sdss_z ATLAS_c ATLAS_o ukirt_H ukirt_J ukirt_K Clear
[from data line 409]
24.649298597194388 10.97246309691231 2.090634283713033 5.565705061750865 3.5977812502468787 -1.4325557648122356 -0.014879799965097362 14.512369673476798 21.171313771371707 35.05990907540088 17.136896303446267 19.64991280992591 8.931979789783096 13.30843235651059 0.5371209772910825 3.5071537440160645 20.140312592119958 7.976957454614342 11.785003198226747 2.1718902358260195 5.794193721247307 21.672419301546533 -0.588307411987099 7.544781631493507 3.09236910688373 -6.381543142727732 -4.23205384723804 -7.7418318232009025 1.3118872064855402
24.70941883767535 10.979465796603609 2.097636983404314 5.572707761442164 3.6047839499381773 -1.425553065120937 -0.007877100273816495 14.519372373168078 21.178316471063 35.06691177509217 17.143899003137548 19.65691550961721 8.938982489474395 13.315435056201888 0.5441236769823634 3.514156443707363 20.147315291811246 7.983960154305641 11.792005897918045 2.178892935517318 5.801196420938588 21.679422001237825 -0.5813047122958004 7.551784331184805 3.099371806575011 -6.374540443036433 -4.225051147546742 -7.734829123509604 1.3188899061768389
24.769539078156313 10.986462584748136 2.1046337715488583 5.57970454958669 3.611780738082704 -1.4185562769764104 -0.0008803121292721983 14.526369161312623 21.185313259207533 35.07390856323671 17.150895791282093 19.663912297761744 8.945979277618921 13.322431844346433 0.5511204651269077 3.5211532318519074 20.154312079955783 7.990956942450167 11.799002686062572 2.1858897236618446 5.808193209083132 21.68641878938236 -0.5743079241512739 7.558781119329332 3.106368594719555 -6.367543654891906 -4.218054359402215 -7.727832335365077 1.3258866943213654
24.829659318637272 10.993453473068104 2.111624659868827 5.586695437906659 3.6187716264026726 -1.4115653886564417 0.006110576190696548 14.533360049632591 21.1923041475275 35.080899451556675 17.15788667960206 19.670903186081706 8.95297016593889 13.329422732666384 0.5581113534468765 3.5281441201718584 20.161302968275752 7.997947830770136 11.80599357438254 2.1928806119818134 5.815184097403101 21.693409677702327 -0.5673170358313051 7.565772007649301 3.113359483039524 -6.360552766571938 -4.211063471082246 -7.7208414470451086 1.3328775826413342
24.889779559118235 11.000438479033452 2.1186096658341746 5.593680443872007 3.62575663236802 -1.404580382691094 0.013095582156044117 14.540345055597939 21.19928915349285 35.08788445752202 17.16487168556741 19.677888192047053 8.959955171904237 13.336407738631731 0.565096359412224 3.535129126137206 20.1682879742411 8.004932836735483 11.812978580347888 2.199865617947161 5.822169103368449 21.700394683667675 -0.5603320298659575 7.572757013614648 3.1203444890048715 -6.35356776060659 -4.204078465116899 -7.713856441079761 1.3398625886066817
24.949899799599198 11.007417608690577 2.125588795491282 5.600659573529132 3.6327357620251455 -1.3976012530339688 0.02007471181315168 14.547324185255047 21.206268283149967 35.09486358717914 17.171850815224534 19.68486732170418 8.966934301561363 13.343386868288857 0.5720754890693316 3.5421082557943313 20.175267103898225 8.011911966392608 11.819957710005013 2.2068447476042863 5.829148233025556 21.707373813324793 -0.5533529002088322 7.579736143271774 3.127323618661997 -6.346588630949465 -4.197099335459773 -7.706877311422636 1.346841718263807
25.01002004008016 11.014390864162387 2.1325620509630916 5.607632829000941 3.639709017496955 -1.3906279975621594 0.02704796728496106 14.554297440726856 21.213241538621777 35.10183684265096 17.178824070696344 19.691840577175984 8.973907557033172 13.350360123760666 0.579048744541141 3.5490815112661407 20.182240359370034 8.018885221864418 11.826930965476823 2.2138180030760957 5.836121488497383 21.714347068796602 -0.5463796447370228 7.586709398743583 3.134296874133806 -6.339615375477655 -4.190126079987964 -7.699904055950826 1.3538149737356164
25.07014028056112 11.021358270139174 2.139529456939897 5.614600234977729 3.6466764234737425 -1.3836605915853717 0.03401537326176651 14.561264846703661 21.220208944598575 35.10880424862774 17.18579147667313 19.698807983152783 8.98087496300996 13.357327529737471 0.5860161505179464 3.556048917242946 20.189207765346822 8.025852627841205 11.83389837145361 2.2207854090528834 5.843088894474171 21.7213144747734 -0.5394122387602351 7.593676804720371 3.141264280110594 -6.332647969500868 -4.183158674011176 -7.692936649974039 1.3607823797124041
25.130260521042082 11.028319826101587 2.1464910129023096 5.621561790940142 3.653637979436155 -1.3766990356229591 0.04097692922417906 14.568226402666074 21.227170500560987 35.11576580459016 17.192753032635544 19.705769539115195 8.987836518972372 13.364289085699884 0.592977706480359 3.5630104732053587 20.196169321309235 8.032814183803618 11.840859927416023 2.227746965015296 5.850050450436584 21.728276030735813 -0.5324506827978226 7.600638360682783 3.1482258360730064 -6.325686413538455 -4.176197118048764 -7.685975094011626 1.3677439356748167
25.190380761523045 11.03527554402934 2.153446730830062 5.628517508867912 3.6605936973639253 -1.369743317695189 0.04793264715193146 14.575182120593826 21.234126218488747 35.12272152251792 17.199708750563296 19.71272525704296 8.994792236900143 13.371244803627636 0.5999334244081114 3.569966191133111 20.203125039236994 8.039769901731388 11.847815645343793 2.2347026829430483 5.857006168364336 21.735231748663573 -0.5254949648700524 7.607594078610553 3.155181554000759 -6.318730695610685 -4.169241400120994 -7.679019376083856 1.3746996536025868
25.250501002004007 11.042226819632788 2.1603980064335104 5.63546878447136 3.6675449729673737 -1.3627920420917405 0.0548839227553799 14.582133396197275 21.241077494092195 35.12967279812137 17.206660026166745 19.719676532646396 9.001743512503573 13.378196079231085 0.6068847000115598 3.5769174667365595 20.210076314840443 8.046721177334836 11.854766920947242 2.2416539585464967 5.863957443967784 21.74218302426702 -0.5185436892666218 7.614545354214002 3.1621328296042073 -6.311779420007237 -4.162290124517545 -7.672068100480425 1.3816509292060175
25.31062124248497 11.049169537062173 2.167340723862896 5.642411501900746 3.6744876903967594 -1.3558493246623549 0.06182664018476558 14.58907611362666 21.24802021152158 35.13661551555075 17.21360274359613 19.72661925007579 9.008686229932977 13.38513879666047 0.6138274174409455 3.583860184165945 20.21701903226983 8.053663894764222 11.861709638376627 2.2485966759758824 5.87090016139717 21.749125741696407 -0.5116009718372183 7.6214880716433875 3.169075547033593 -6.304836702577851 -4.1553474070881595 -7.665125383051022 1.388593646635421
25.37074148296593 11.056107772222976 2.174278959023681 5.649349737061531 3.6814259255575443 -1.34891108950157 0.06876487534555054 14.596014348787445 21.254958446682366 35.14355375071154 17.220540978756915 19.733557485236577 9.015624465093762 13.392077031821255 0.6207656526017304 3.59079841932673 20.223957267430624 8.060602129925007 11.868647873537412 2.255534911136685 5.877838396557955 21.75606397685719 -0.5046627366764334 7.628426306804172 3.1760137821943957 -6.297898467417066 -4.148409171927375 -7.658187147890237 1.395531881796206
25.430861723446892 11.063040230660697 2.1812114174614194 5.656282195499269 3.6883583839952827 -1.3419786310638315 0.07569733378328891 14.602946807225184 21.261890905120104 35.15048620914928 17.227473437194654 19.740489943674305 9.0225569235315 13.399009490258994 0.6276981110394688 3.5977308777644685 20.23088972586835 8.067534588362745 11.87558033197515 2.2624673695744058 5.884770854995693 21.76299643529493 -0.49773027823871274 7.635358765241911 3.1829462406321163 -6.290966008979328 -4.141476713489636 -7.651254689452516 1.4024643402339443
25.490981963927855 11.0699668912169 2.188138078017623 5.663208856055455 3.6952850445514684 -1.3350519705076458 0.08262399433949241 14.609873467781387 21.2688175656763 35.157412869705475 17.234400097750857 19.747416604230498 9.029483584087686 13.405936150815197 0.6346247715956723 3.6046575383206543 20.237816386424548 8.074461248918931 11.882506992531336 2.2693940301306093 5.891697515551897 21.769923095851127 -0.49080361768250924 7.6422854257980966 3.18987290118832 -6.284039348423142 -4.1345500529334505 -7.644328028896313 1.40939100079013
25.551102204408817 11.076887762622647 2.1950589494233697 5.670129727461202 3.702205915957233 -1.328131099101899 0.08954486574523912 14.616794339187134 21.275738437082047 35.16433374111123 17.241320969156604 19.754337475636255 9.036404455493432 13.412857022220944 0.641545643001419 3.6115784097264187 20.2447372578303 8.081382120324678 11.889427863937101 2.276314901536356 5.898618386957644 21.776843967256873 -0.48388274627676253 7.649206297203861 3.1967937725940665 -6.277118477017395 -4.127629181527704 -7.637407157490566 1.4163118721958767
25.61122244488978 11.083802855566613 2.201974042367336 5.677044820405168 3.7091210089011817 -1.3212160061579326 0.09645995868920565 14.6237094321311 21.28265353002601 35.171248834055184 17.24823606210057 19.761252568580215 9.043319548437399 13.419772115164893 0.6484607359453856 3.6184935026703675 20.25165235077426 8.088297213268644 11.89634295688105 2.2832299944803225 5.90553347990161 21.783759060200836 -0.476967653332796 7.65612139014781 3.203708865538033 -6.270203384073429 -4.120714088583737 -7.6304920645465995 1.4232269651398433
25.67134268537074 11.090712176551065 2.208883363351788 5.68395414138962 3.7160303298856334 -1.3143066851734808 0.10336927967365739 14.630618753115552 21.289562851010466 35.17815815503963 17.255145383085022 19.768161889564674 9.05022886942185 13.426681436149362 0.6553700569298373 3.625402823654837 20.258561671758713 8.095206534253096 11.903252277865501 2.2901393154647742 5.912442800886062 21.79066838118529 -0.47005833234834427 7.6630307111322615 3.2106181865224848 -6.263294063088977 -4.1138047675992855 -7.623582743562148 1.430136286124295
25.7314629258517 11.097615728054961 2.215786914855684 5.690857692893516 3.7229338813895296 -1.3074031336695846 0.1102728311775536 14.637522304619448 21.296466402514362 35.18506170654353 17.26204893458892 19.77506544106856 9.057132420925747 13.43358498765324 0.6622736084337335 3.6323063751587155 20.26546522326261 8.102110085756992 11.910155829369398 2.2970428669686704 5.919346352389958 21.797571932689188 -0.46315478084444806 7.669934262636158 3.217521738026381 -6.256390511585081 -4.106901216095389 -7.6166791920582515 1.4370398376281912
25.791583166332664 11.104513519601156 2.2226847064018607 5.6977554844397105 3.729831672935724 -1.3005053421233903 0.11717062272373013 14.644420096165643 21.303364194060556 35.19195949808972 17.268946726135113 19.781963232614753 9.064030212471941 13.440482779199435 0.6691713999799278 3.6392041667049098 20.272363014808803 8.109007877303187 11.917053620915592 2.3039406585148647 5.926244143936152 21.80446972423537 -0.45625698929825376 7.676832054182352 3.2244195295725753 -6.249492720038886 -4.100003424549195 -7.609781400512057 1.4439376291743855
25.851703406813627 11.111405548570481 2.2295767353712037 5.704647513409036 3.736723701905067 -1.293613313154065 0.12406265169307318 14.651312125134968 21.31025622302988 35.198851527059055 17.275838755104438 19.78885526158409 9.070922241441266 13.447374808168778 0.6760634289492531 3.646096195674253 20.279255043778136 8.115899906272512 11.923945649884917 2.31083268748419 5.933136172905478 21.811361753204707 -0.4493649603289285 7.683724083151695 3.2313115585419006 -6.242600691069561 -4.09311139557987 -7.602889371542732 1.4508296581437108
25.91182364729459 11.118291831269609 2.2364630180703315 5.711533796108164 3.743609984604177 -1.2867270304549372 0.130948934392201 14.658198407834096 21.31714250572901 35.20573780975818 17.282725037803566 19.795741544283217 9.077808524140394 13.454261090867906 0.6829497116483809 3.6529824783733806 20.286141326477257 8.12278618897164 11.930831932584045 2.317718970183318 5.9400224556046055 21.818248035903835 -0.44247867762980064 7.690610365850805 3.2381978412410284 -6.235714408370433 -4.086225112880742 -7.596003088843604 1.4577159408428386
25.97194388777555 11.1251723688512 2.2433435556519044 5.718414333689754 3.7504905221857676 -1.2798464928733466 0.13782947197377382 14.665078945415669 21.32402304331059 35.21261834733976 17.28960557538514 19.8026220818648 9.084689061721985 13.461141628449479 0.6898302492299537 3.6598630159549534 20.293021864058847 8.12966672655323 11.937712470165636 2.3245995077649084 5.946902993186178 21.825128573485415 -0.43559814004821007 7.697490903432396 3.245078378822619 -6.228833870788843 -4.079344575299151 -7.5891225512620135 1.4645964784244292
26.03206412825651 11.132047167750532 2.2502183545512544 5.725289132589104 3.7573653210851177 -1.2729716939739966 0.14470427087312387 14.671953744315019 21.33089784220994 35.21949314623911 17.29648037428449 19.809496880764147 9.091563860621335 13.468016427348829 0.6967050481293038 3.6667378148543035 20.29989666295819 8.13654152545258 11.944587269064986 2.3314743066642407 5.953777792085528 21.832003372384765 -0.4287233411488778 7.704365702331746 3.2519531777219512 -6.221959071889493 -4.072469776399801 -7.582247752362681 1.4714712773237792
26.092184368737474 11.138916230874756 2.2570874176754607 5.7321581957133105 3.764234384209324 -1.2661026308497902 0.1515733339973302 14.678822807439225 21.337766905334146 35.226362209363316 17.303349437408695 19.816365943888353 9.098432923745541 13.474885490473035 0.7035741112535101 3.67360687797851 20.306765726082396 8.143410588576787 11.951456332189192 2.338343369788465 5.960646855209735 21.83887243550897 -0.4218542780246537 7.711234765455952 3.2588222408461753 -6.215090008765286 -4.065600713275595 -7.575378689238457 1.4783403404479856
26.152304609218437 11.145779563420142 2.2639507502208644 5.7390215282586965 3.77109771675471 -1.2592392983044043 0.15843666654273392 14.685686139984629 21.344630237879542 35.233225541908716 17.3102127699541 19.82322927643375 9.105296256290927 13.481748823018439 0.7104374437989138 3.6804702105239135 20.31362905862779 8.150273921122173 11.958319664734578 2.3452067023338508 5.967510187755138 21.845735768054368 -0.41499094547926774 7.718098098001338 3.2656855733915613 -6.2082266762199 -4.058737380730209 -7.568515356693071 1.4852036729933715
26.2124248496994 11.152637172378554 2.270808359179277 5.745879137217109 3.7779553257131226 -1.2523816893459916 0.16529427550114661 14.692543748943041 21.351487846837955 35.24008315086713 17.31707037891251 19.830086885392163 9.11215386524934 13.488606431976851 0.7172950527573265 3.6873278194823262 20.320486667586202 8.157131530080585 11.96517727369299 2.3520643112922635 5.974367796713551 21.85259337701278 -0.40813333652085504 7.724955706959751 3.272543182349974 -6.201369067261488 -4.051879771771796 -7.5616577477346585 1.4920612819517842
26.27254509018036 11.159489061806767 2.2776602486074715 5.752731026645321 3.784807215141335 -1.2455297999177795 0.17214616492934098 14.699395638371236 21.358339736266156 35.246935040295334 17.323922268340723 19.836938774820364 9.119005754677552 13.495458321405046 0.7241469421855209 3.6941797089105206 20.327338557014414 8.163983419508797 11.972029163121203 2.3589162007204756 5.981219686141763 21.859445266440982 -0.4012814470926429 7.731807596387963 3.279395071778186 -6.1945171778332755 -4.045027882343584 -7.554805858306446 1.4989131713799964
26.33266533066132 11.16633523526108 2.2845064220618028 5.759577200099635 3.791653388595666 -1.238683626463466 0.17899233838367223 14.706241811825567 21.36518590972048 35.25378121374966 17.330768441795037 19.84378494827469 9.125851928131866 13.502304494859377 0.7309931156398521 3.701025882364852 20.334184730468735 8.170829592963129 11.978875336575534 2.365762374174789 5.988065859596077 21.866291439895306 -0.3944352736383294 7.738653769842294 3.2862412452324996 -6.187671004378944 -4.038181708889271 -7.547959684852133 1.5057593448343098
