web/models/kne/19/mosfit_kn_0.005245_0.1397_3.6500.dat
# %ECSV 1.0
# ---
# datatype:
# - {name: time, datatype: float64}
# - {name: PS1_g, datatype: float64}
# - {name: PS1_i, datatype: float64}
# - {name: PS1_r, datatype: float64}
# - {name: PS1_w, datatype: float64}
# - {name: PS1_y, datatype: float64}
# - {name: PS1_z, datatype: float64}
# - {name: swift_uvot_B, datatype: float64}
# - {name: swift_uvot_U, datatype: float64}
# - {name: swift_uvot_uvm2, datatype: float64}
# - {name: swift_uvot_uvw1, datatype: float64}
# - {name: swift_uvot_uvw2, datatype: float64}
# - {name: swift_uvot_V, datatype: float64}
# - {name: johnson_B, datatype: float64}
# - {name: johnson_I, datatype: float64}
# - {name: johnson_R, datatype: float64}
# - {name: johnson_U, datatype: float64}
# - {name: johnson_V, datatype: float64}
# - {name: sdss_g, datatype: float64}
# - {name: sdss_i, datatype: float64}
# - {name: sdss_r, datatype: float64}
# - {name: sdss_u, datatype: float64}
# - {name: sdss_z, datatype: float64}
# - {name: ATLAS_c, datatype: float64}
# - {name: ATLAS_o, datatype: float64}
# - {name: ukirt_H, datatype: float64}
# - {name: ukirt_J, datatype: float64}
# - {name: ukirt_K, datatype: float64}
# - {name: Clear, datatype: float64}
# meta: !!omap
# - comment: [kappa = 3.65, type = rprocess, mass = 0.005244756555828381, velocity = 0.13966666666666672, theta_obs = 0.0, tfloor = 1000.0]
# schema: astropy-2.0
time PS1_g PS1_i PS1_r PS1_w PS1_y PS1_z swift_uvot_B swift_uvot_U swift_uvot_uvm2 swift_uvot_uvw1 swift_uvot_uvw2 swift_uvot_V johnson_B johnson_I johnson_R johnson_U johnson_V sdss_g sdss_i sdss_r sdss_u sdss_z ATLAS_c ATLAS_o ukirt_H ukirt_J ukirt_K Clear
[from data line 115]
6.973947895791583 7.964187547489683 -0.9176412657096122 2.5574295123282376 0.589505700824251 -4.440831314234863 -3.0231553493877428 11.504094124054152 18.163038221949073 32.05163352597825 14.128620754023622 16.641637260503273 5.923704240360467 10.300156807087962 -2.471154572131563 0.4988781945934371 17.13203704269733 4.968681905191715 8.776727648804119 -0.8363853135966082 2.7859181718246617 18.6641437521239 -3.5965829614097267 4.536506082070879 0.08409355746110236 -9.389818692150358 -7.240329396660668 -10.75010737262353 -1.6963883429370874
7.034068136272545 7.98475448592848 -0.8970743272707971 2.577996450767035 0.6100726392630662 -4.420264375796066 -3.0025884109489276 11.524661062492967 18.183605160387888 32.07220046441705 14.149187692462437 16.66220419894209 5.944271178799265 10.320723745526777 -2.4505876336927477 0.5194451330322523 17.152603981136128 4.989248843630512 8.797294587242916 -0.8158183751578107 2.806485110263477 18.684710690562714 -3.5760160229709292 4.557073020509694 0.10466049589989979 -9.369251753711561 -7.2197624582218705 -10.729540434184733 -1.67582140449829
7.0941883767535066 8.004996758927412 -0.8768320542718833 2.5982387237659665 0.63031491226198 -4.400022102797134 -2.982346137950014 11.544903335491881 18.2038474333868 32.092442737415986 14.169429965461369 16.68244647194102 5.964513451798196 10.340966018525691 -2.430345360693816 0.539687406031166 17.17284625413506 5.009491116629444 8.817536860241848 -0.7955761021588792 2.8267273832624085 18.704952963561627 -3.5557737499719977 4.577315293508608 0.12490276889883134 -9.34900948071263 -7.199520185222939 -10.709298161185801 -1.6555791314993584
7.154308617234468 8.024929416057578 -0.8568993971416994 2.6181713808961504 0.6502475693921639 -4.38008944566695 -2.96241348081983 11.564835992622065 18.223780090516986 32.112375394546156 14.189362622591535 16.702379129071186 5.9844461089283625 10.360898675655875 -2.41041270356365 0.5596200631613499 17.192778911265243 5.0294237737596275 8.837469517372032 -0.7756434450287131 2.8466600403925746 18.72488562069181 -3.5358410928418316 4.597247950638792 0.14483542602899746 -9.329076823582445 -7.179587528092755 -10.689365504055635 -1.6356464743691923
7.214428857715431 8.04456339267169 -0.8372654205276042 2.6378053575102456 0.669881546006259 -4.360455469052855 -2.9427795042057348 11.58446996923616 18.24341406713108 32.13200937116025 14.20899659920563 16.72201310568528 6.004080085542475 10.38053265226997 -2.390778726949555 0.5792540397754451 17.21241288787934 5.049057750373723 8.857103493986127 -0.7560094684146001 2.8662940170066697 18.744519597305906 -3.5162071162277186 4.616881927252887 0.16446940264311039 -9.30944284696835 -7.15995355147866 -10.669731527441522 -1.6160124977550794
7.274549098196393 8.063912927640668 -0.8179158855586266 2.657154892479223 0.6892310809752367 -4.341105934083878 -2.923429969236757 11.603819504205138 18.26276360210006 32.15135890612924 14.228346134174625 16.741362640654277 6.023429620511453 10.399882187238948 -2.3714291919805595 0.5986035747444227 17.231762422848316 5.0684072853427 8.876453028955105 -0.7366599334456225 2.885643551975665 18.763869132274884 -3.496857581258741 4.636231462221865 0.183818937612088 -9.290093311999373 -7.140604016509682 -10.650381992472544 -1.5966629627861018
7.3346693386773545 8.082987928798353 -0.798840884400942 2.6762298936369078 0.7083060821329212 -4.322030932926193 -2.9043549680790726 11.622894505362822 18.281838603257743 32.17043390728693 14.24742113533231 16.760437641811944 6.042504621669138 10.418957188396632 -2.3523541908228927 0.6176785759021073 17.250837424006 5.087482286500385 8.89552803011279 -0.717584932287938 2.9047185531333497 18.78294413343257 -3.4777825801010565 4.655306463379549 0.20289393876977257 -9.271018310841688 -7.121529015351998 -10.63130699131486 -1.5775879616284172
7.394789579158316 8.101800235843388 -0.780028577355889 2.6950422006819608 0.7271183891779742 -4.303218625881158 -2.8855426610340196 11.641706812407875 18.300650910302796 32.189246214331966 14.266233442377345 16.779249948856997 6.061316928714173 10.437769495441685 -2.3335418837778397 0.6364908829471603 17.269649731051054 5.106294593545438 8.914340337157842 -0.6987726252429027 2.923530860178385 18.80175644047762 -3.4589702730560212 4.674118770424602 0.2217062458148078 -9.252206003796635 -7.102716708306945 -10.612494684269825 -1.558775654583382
7.454909819639278 8.120360133224729 -0.7614686799745485 2.7136020980632836 0.7456782865593148 -4.284658728499817 -2.866982763652679 11.660266709789216 18.319210807684136 32.2078061117133 14.284793339758686 16.797809846238337 6.079876826095513 10.456329392823026 -2.314981986396499 0.6550507803285008 17.288209628432377 5.124854490926761 8.932900234539165 -0.6802127278615622 2.9420907575597255 18.820316337858962 -3.4404103756746807 4.692678667805943 0.24026614319614836 -9.233646106415312 -7.084156810925622 -10.593934786888484 -1.5402157572020414
7.51503006012024 8.138678603772629 -0.7431502094266484 2.7319205686112014 0.7639967571072148 -4.266340257951899 -2.848664293104779 11.678585180337116 18.337529278232036 32.22612458226121 14.303111810306586 16.816128316786237 6.098195296643431 10.474647863370926 -2.296663515848599 0.6733692508764009 17.306528098980294 5.143172961474678 8.951218705087083 -0.6618942573136621 2.9604092281076255 18.838634808406862 -3.4220919051267806 4.710997138353843 0.2585846137440484 -9.215327635867395 -7.065838340377704 -10.575616316340584 -1.5218972866541414
7.575150300601202 8.156763088334742 -0.7250657248645354 2.7500050531732967 0.7820812416693101 -4.248255773389804 -2.830579808542666 11.696669664899229 18.355613762794132 32.24420906682331 14.321196294868699 16.83421280134835 6.1162797812055265 10.492732347933039 -2.278579031286486 0.691453735438514 17.32461258354239 5.161257446036774 8.969303189649178 -0.643809772751549 2.9784937126697386 18.856719292968958 -3.4040074205646675 4.729081622915938 0.2766690983061615 -9.1972431513053 -7.047753855815609 -10.557531831778471 -1.5038128020920283
7.635270541082164 8.174623152996041 -0.7072056602032362 2.767865117834596 0.7999413063306271 -4.230395708728505 -2.8127197438813667 11.714529729560528 18.37347382745545 32.26206913148462 14.339056359529998 16.85207286600965 6.134139845866826 10.510592412594338 -2.260718966625187 0.7093138000998132 17.34247264820369 5.179117510698073 8.987163254310495 -0.6259497080902499 2.996353777331038 18.874579357630275 -3.3861473559033684 4.746941687577255 0.2945291629674607 -9.179383086644 -7.02989379115431 -10.539671767117172 -1.485952737430729
7.695390781563126 8.192267933896442 -0.6895608793028352 2.7855098987350146 0.8175860872310281 -4.212750927828104 -2.7950749629809657 11.73217451046093 18.39111860835585 32.27971391238502 14.356701140430399 16.86971764691005 6.151784626767227 10.52823719349474 -2.243074185724786 0.7269585810002142 17.36011742910409 5.196762291598492 9.004808035210896 -0.6083049271898489 3.013998558231439 18.892224138530676 -3.3685025750029673 4.764586468477656 0.3121739438678617 -9.161738305743581 -7.012249010253891 -10.52202698621677 -1.468307956530328
7.755511022044088 8.209704343882418 -0.6721244693168593 2.8029463087209905 0.835022497217004 -4.195314517842128 -2.77763855299499 11.749610920446905 18.408555018341826 32.297150322370996 14.374137550416375 16.887154056896026 6.1692210367532025 10.545673603480715 -2.22563777573881 0.74439499098619 17.377553839090066 5.2141987015844675 9.022244445196872 -0.590868517203873 3.0314349682174146 18.90966054851665 -3.3510661650169915 4.782022878463632 0.3296103538538375 -9.144301895757605 -6.994812600267933 -10.504590576230795 -1.4508715465443522
7.8156312625250495 8.226940653804888 -0.6548881593943889 2.820182618643443 0.8522588071394566 -4.178078207919658 -2.7604022430725195 11.766847230369375 18.42579132826428 32.314386632293456 14.391373860338845 16.904390366818497 6.186457346675673 10.562909913403185 -2.2084014658163396 0.7616313009086604 17.394790149012536 5.23143501150692 9.039480755119325 -0.5736322072814026 3.048671278139885 18.926896858439104 -3.333829855094521 4.799259188386085 0.3468466637763079 -9.127065585835153 -6.977576290345462 -10.487354266308325 -1.4336352366218819
7.875751503006012 8.243983856532981 -0.6378449566663136 2.8372258213715362 0.8693020098675497 -4.1610350051915646 -2.743359040344444 11.78389043309745 18.44283453099237 32.33142983502155 14.408417063066938 16.92143356954659 6.203500549403766 10.57995311613126 -2.1913582630882464 0.7786745036367357 17.41183335174063 5.248478214235013 9.056523957847418 -0.5565890045533095 3.065714480867978 18.943940061167197 -3.316786652366428 4.816302391114178 0.363889866504401 -9.11002238310706 -6.960533087617369 -10.470311063580231 -1.4165920338937887
7.935871743486974 8.260840161299914 -0.6209886518993812 2.8540821261384686 0.886158314634482 -4.144178700424632 -2.7265027355775118 11.800746737864383 18.459690835759304 32.34828613978848 14.425273367833853 16.938289874313504 6.220356854170698 10.596809420898193 -2.174501958321332 0.7955308084036681 17.42868965650756 5.265334519001946 9.07338026261435 -0.5397326997863772 3.0825707856348927 18.96079636593413 -3.2999303475994957 4.83315869588111 0.38074617127133337 -9.093166078340127 -6.943676782850437 -10.453454758813299 -1.3997357291268564
7.995991983967936 8.277516646303518 -0.6043121668957596 2.8707586111420724 0.9028347996381036 -4.127502215421028 -2.70982625057389 11.817423222868005 18.476367320762925 32.3649626247921 14.441949852837475 16.954966359317126 6.237033339174302 10.613485905901815 -2.1578254733177102 0.8122072934072897 17.445366141511165 5.2820110040055495 9.090056747617972 -0.5230562147827733 3.0992472706385144 18.97747285093775 -3.283253862595892 4.849835180884732 0.3974226562749372 -9.076489593336523 -6.927000297846833 -10.436778273809695 -1.3830592441232525
8.056112224448897 8.294018318712695 -0.5878104944865825 2.8872602835512495 0.919336472047263 -4.111000543011851 -2.693324578164713 11.833924895277182 18.492868993172085 32.38146429720127 14.458451525246652 16.971468031726303 6.253535011583479 10.629987578310992 -2.141323800908533 0.8287089658164668 17.461867813920342 5.298512676414727 9.106558420027131 -0.5065545423735962 3.1157489430476915 18.99397452334691 -3.2667521901867147 4.866336853293891 0.41392432868411433 -9.059987920927346 -6.910498625437656 -10.420276601400518 -1.3665575717140754
8.11623246492986 8.310351231902224 -0.571477581297053 2.903593196740797 0.9356693852368103 -4.094667629822304 -2.6769916649751835 11.850257808466711 18.509201906361632 32.397797210390806 14.474784438436181 16.987800944915833 6.269867924773027 10.646320491500521 -2.1249908877190036 0.8450418790059964 17.47820072710989 5.314845589604274 9.122891333216678 -0.49022162918406664 3.132081856237221 19.010307436536458 -3.250419276997185 4.882669766483438 0.4302572418736439 -9.043655007737799 -6.894165712248109 -10.403943688210989 -1.3502246585245459
8.176352705410821 8.326520656728711 -0.5553081564705842 2.9197626215672656 0.9518388100632791 -4.078498204995835 -2.6608222401487147 11.86642723329318 18.5253713311881 32.413966635217285 14.490953863262668 17.00397036974232 6.2860373495994954 10.66248991632699 -2.108821462892535 0.8612113038324651 17.49437015193636 5.331015014430743 9.139060758043147 -0.4740522043575801 3.1482512810637076 19.026476861362926 -3.2342498521706986 4.898839191309907 0.4464266667001304 -9.02748558291133 -6.87799628742164 -10.387774263384502 -1.3340552336980593
8.236472945891784 8.342531418346955 -0.5392973948523228 2.935773383185527 0.9678495716815405 -4.0624874433775915 -2.6448114785304533 11.882437994911442 18.541382092806362 32.42997739683553 14.506964624880911 17.019981131360563 6.302048111217739 10.678500677945252 -2.0928107012742734 0.8772220654507266 17.510380913554602 5.347025776049004 9.155071519661409 -0.45804144273933645 3.164262042681951 19.042487622981188 -3.218239090552455 4.914849952928169 0.4624374283183741 -9.011474821293069 -6.861985525803378 -10.371763501766258 -1.3180444720798157
8.296593186372744 8.35838852235101 -0.5234402908482672 2.9516304871895827 0.9837066756855961 -4.046630339373518 -2.6289543745263977 11.898295098915497 18.557239196810418 32.44583450083959 14.522821728884967 17.03583823536462 6.3179052152218125 10.694357781949307 -2.0769535972702178 0.8930791694547822 17.526238017558676 5.36288288005306 9.170928623665464 -0.4421843387352631 3.180119146686007 19.058344726985244 -3.2023819865483816 4.930707056932224 0.4782945323224297 -8.995617717289013 -6.846128421799323 -10.355906397762185 -1.3021873680757423
8.356713426853707 8.374095821277301 -0.5077329919219764 2.9673377861158734 0.9994139746118869 -4.030923040447245 -2.613247075600107 11.914002397841788 18.57294649573671 32.46154179976588 14.538529027811258 17.05154553429091 6.3336125141480855 10.710065080875598 -2.061246298343927 0.9087864683810729 17.54194531648495 5.37859017897935 9.186635922591755 -0.4264770398089901 3.1958264456122976 19.074052025911534 -3.1866746876221086 4.946414355858515 0.49400183124872044 -8.979910418362723 -6.830421122873032 -10.340199098835912 -1.2864800691494693
8.41683366733467 8.389657984583572 -0.4921708286157056 2.982899949422144 1.0149761379181577 -4.015360877140957 -2.597684912293836 11.929564561148059 18.58850865904298 32.47710396307215 14.554091191117529 17.06710769759718 6.349174677454374 10.725627244181869 -2.0456841350376562 0.9243486316873437 17.557507479791237 5.394152342285621 9.202198085898026 -0.4109148765027193 3.2113886089185684 19.089614189217805 -3.171112524315838 4.961976519164786 0.5095639945549912 -8.964348255056452 -6.814858959566761 -10.324636935529641 -1.2709179058431985
8.47695390781563 8.405078882647423 -0.4767499305518541 2.9983208474859957 1.0303970359820092 -3.999939979077123 -2.5822640142299846 11.94498545921191 18.60392955710683 32.492524861136005 14.56951208918138 17.08252859566103 6.364595575518208 10.74104814224572 -2.0302632369738047 0.9397695297511952 17.57292837785507 5.409573240349473 9.217618983961877 -0.3954939784388678 3.22680950698242 19.105035087281657 -3.1556916262519863 4.977397417228637 0.5249848926188427 -8.9489273569926 -6.79943806150291 -10.30921603746579 -1.255497007779347
8.537074148296593 8.420362096951859 -0.4614667162474184 3.0136040617904314 1.0456802502864448 -3.9846567647726694 -2.566980799925549 11.960268673516346 18.619212771411267 32.50780807544044 14.584795303485816 17.097811809965467 6.379878789822661 10.756331356550156 -2.014980022669369 0.9550527440556309 17.588211592159524 5.424856454653908 9.232902198266313 -0.3802107641344321 3.2420927212868556 19.120318301586092 -3.140408411947533 4.992680631533073 0.5402681069232784 -8.933644142688165 -6.784154847198474 -10.293932823161336 -1.2402137934748936
8.597194388777554 8.435511371257931 -0.44631744194134626 3.0287533360965035 1.060829524592517 -3.969507490466615 -2.551831525619477 11.975417947822418 18.63436204571734 32.52295734974651 14.599944577791888 17.11296108427154 6.395028064128716 10.771480630856228 -1.9998307483632969 0.9702020183617031 17.60336086646558 5.440005728959981 9.248051472572385 -0.36506148982835995 3.2572419955929277 19.135467575892164 -3.1252591376414784 5.007829905839145 0.5554173812293506 -8.918494868382092 -6.769005572892402 -10.278783548855282 -1.2250645191688392
