web/models/kne/19/mosfit_kn_0.033839_0.2963_10.0000.dat
# %ECSV 1.0
# ---
# datatype:
# - {name: time, datatype: float64}
# - {name: PS1_g, datatype: float64}
# - {name: PS1_i, datatype: float64}
# - {name: PS1_r, datatype: float64}
# - {name: PS1_w, datatype: float64}
# - {name: PS1_y, datatype: float64}
# - {name: PS1_z, datatype: float64}
# - {name: swift_uvot_B, datatype: float64}
# - {name: swift_uvot_U, datatype: float64}
# - {name: swift_uvot_uvm2, datatype: float64}
# - {name: swift_uvot_uvw1, datatype: float64}
# - {name: swift_uvot_uvw2, datatype: float64}
# - {name: swift_uvot_V, datatype: float64}
# - {name: johnson_B, datatype: float64}
# - {name: johnson_I, datatype: float64}
# - {name: johnson_R, datatype: float64}
# - {name: johnson_U, datatype: float64}
# - {name: johnson_V, datatype: float64}
# - {name: sdss_g, datatype: float64}
# - {name: sdss_i, datatype: float64}
# - {name: sdss_r, datatype: float64}
# - {name: sdss_u, datatype: float64}
# - {name: sdss_z, datatype: float64}
# - {name: ATLAS_c, datatype: float64}
# - {name: ATLAS_o, datatype: float64}
# - {name: ukirt_H, datatype: float64}
# - {name: ukirt_J, datatype: float64}
# - {name: ukirt_K, datatype: float64}
# - {name: Clear, datatype: float64}
# meta: !!omap
# - comment: [kappa = 10.0, type = rprocess, mass = 0.03383890769761434, velocity = 0.29633333333333334, theta_obs = 0.0, tfloor = 1000.0]
# schema: astropy-2.0
time PS1_g PS1_i PS1_r PS1_w PS1_y PS1_z swift_uvot_B swift_uvot_U swift_uvot_uvm2 swift_uvot_uvw1 swift_uvot_uvw2 swift_uvot_V johnson_B johnson_I johnson_R johnson_U johnson_V sdss_g sdss_i sdss_r sdss_u sdss_z ATLAS_c ATLAS_o ukirt_H ukirt_J ukirt_K Clear
[from data line 378]
22.785571142284567 8.756471578328409 -0.1253572348708687 3.349713543166981 1.3817897316629946 -3.6485472833961197 -2.2308713185489992 12.296378154892896 18.955322252787816 32.84391755681699 14.920904784862365 17.433921291342017 6.715988271199211 11.092440837926706 -1.6788705412928193 1.2911622254321806 17.924321073536074 5.760965936030458 9.569011679642863 -0.04410128275788239 3.5782022026634053 19.456427782962642 -2.804298930571001 5.328790112909623 0.8763775882998281 -8.597534661311615 -6.448045365821924 -9.957823341784804 -0.9041043120983439
22.84569138276553 8.76362713665074 -0.11820167654855496 3.356869101489295 1.3889452899853083 -3.641391725073806 -2.2237157602266855 12.303533713215227 18.96247781111013 32.85107311513931 14.928060343184697 17.44107684966435 6.723143829521525 11.09959639624902 -1.6717149829704878 1.2983177837544944 17.931476631858388 5.768121494352772 9.576167237965176 -0.036945724435550886 3.5853577609857368 19.463583341284956 -2.7971433722486694 5.335945671231936 0.8835331466221596 -8.590379102989301 -6.440889807499611 -9.950667783462473 -0.8969487537760301
22.905811623246493 8.770757959374311 -0.11107085382496606 3.3639999242128837 1.3960761127088972 -3.634260902350217 -2.2165849375030966 12.310664535938798 18.96960863383372 32.85820393786289 14.935191165908268 17.44820767238792 6.730274652245114 11.106727218972608 -1.6645841602469167 1.3054486064780833 17.938607454581977 5.775252317076361 9.583298060688765 -0.029814901711979758 3.592488583709308 19.470714164008545 -2.7900125495250983 5.343076493955525 0.8906639693457308 -8.583248280265712 -6.433758984776022 -9.943536960738902 -0.8898179310524412
22.965931863727455 8.777864464577831 -0.10396434862146364 3.371106429416386 1.4031826179123996 -3.6271543971467146 -2.209478432299594 12.317771041142318 18.97671513903722 32.8653104430664 14.942297671111788 17.45531417759144 6.737381157448616 11.11383372417611 -1.6574776550433965 1.3125551116815857 17.94571395978548 5.782358822279863 9.590404565892268 -0.022708396508459572 3.599595088912828 19.477820669212047 -2.782906044321578 5.350182999159028 0.897770474549251 -8.57614177506221 -6.426652479572519 -9.936430455535382 -0.8827114258489388
23.026052104208414 8.784947008481296 -0.09688180471798091 3.378188973319869 1.4102651618158824 -3.620071853243232 -2.2023958883961114 12.324853585045783 18.983797682940704 32.87239298696988 14.949380215015253 17.462396721494905 6.744463701352099 11.120916268079593 -1.6503951111399315 1.3196376555850684 17.952796503688962 5.789441366183346 9.59748710979575 -0.015625852604976842 3.606677632816293 19.48490321311553 -2.7758235004180953 5.3572655430625105 0.9048530184527159 -8.569059231158727 -6.4195699356690366 -9.929347911631899 -0.8756288819454561
23.086172344689377 8.792005919267147 -0.08982289393212994 3.38524788410572 1.4173240726017333 -3.6130129424573987 -2.1953369776102605 12.331912495831634 18.990856593726555 32.87945189775573 14.956439125801104 17.469455632280756 6.751522612137932 11.127975178865444 -1.6433362003540806 1.3266965663709194 17.959855414474795 5.796500276969197 9.604546020581601 -0.008566941819143636 3.613736543602144 19.49196212390138 -2.768764589632262 5.364324453848361 0.9119119292385669 -8.562000320372876 -6.412511024883203 -9.922289000846066 -0.8685699711596229
23.14629258517034 8.799041478731198 -0.08278733446807962 3.3922834435697524 1.4243596320657659 -3.6059773829933484 -2.18830141814621 12.338948055295685 18.997892153190588 32.886487457219765 14.963474685265155 17.476491191744806 6.758558171601982 11.135010738329477 -1.6363006408900302 1.333732125834952 17.966890973938845 5.8035358364332295 9.611581580045634 -0.0015313823550933137 3.6207721030661943 19.498997683365413 -2.761729030168212 5.371360013312394 0.9189474887026172 -8.554964760908844 -6.405475465419153 -9.915253441382015 -0.8615344116955725
23.206412825651302 8.806054167986694 -0.07577464521258293 3.399296132825249 1.4313723213212626 -3.5989646937378517 -2.1812887288907135 12.345960744551181 19.004904842446084 32.89350014647527 14.970487374520651 17.483503881000303 6.765570860857479 11.142023427584991 -1.6292879516345335 1.3407448150904664 17.973903663194342 5.810548525688726 9.61859426930113 0.005481306900403382 3.627784792321691 19.50601037262091 -2.754716340912715 5.378372702567891 0.9259601779581139 -8.547952071653347 -6.398462776163656 -9.908240752126519 -0.8545217224400758
23.266533066132265 8.813044309140778 -0.0687845040584989 3.406286273979351 1.4383624624753644 -3.5919745525837676 -2.1742985877366294 12.352950885705265 19.011894983600186 32.90049028762936 14.977477515674735 17.490494022154387 6.772561002011563 11.149013568739075 -1.6222978104804495 1.3477349562445504 17.980893804348426 5.817538666842828 9.625584410455232 0.01247144805448741 3.634774933475775 19.51300051377501 -2.747726199758631 5.3853628437219925 0.932950319112198 -8.540961930499245 -6.391472635009572 -9.901250610972435 -0.8475315812859918
23.326653306613224 8.820012206047263 -0.06181660715201431 3.4132541708858355 1.445330359381849 -3.585006655677283 -2.167330690830145 12.35991878261175 19.01886288050667 32.90745818453584 14.98444541258122 17.49746191906087 6.7795288989180476 11.15598146564556 -1.615329913573965 1.354702853151035 17.98786170125493 5.8245065637493125 9.632552307361717 0.019439344960971994 3.6417428303822597 19.519968410681496 -2.7407583028521465 5.392330740628477 0.9399182160186825 -8.53399403359276 -6.38450473810307 -9.89428271406595 -0.8405636843795072
23.386773547094187 8.826958223765793 -0.054870589433502204 3.4202001886043476 1.452276377100361 -3.578060637958753 -2.1603846731116327 12.366864800330262 19.025808898225183 32.91440420225435 14.991391430299732 17.504407936779383 6.786474916636577 11.162927483364072 -1.6083838958554528 1.3616488708695471 17.99480771897344 5.831452581467825 9.639498325080229 0.026385362679501867 3.6486888481007718 19.52691442840001 -2.7338122851336166 5.399276758346989 0.9468642337371946 -8.527048015874248 -6.377558720384558 -9.88733669634742 -0.8336176666609774
23.44689378757515 8.833882709729828 -0.04794610346946726 3.4271246745683825 1.459200863064396 -3.5711361519947182 -2.153460187147598 12.373789286294315 19.032733384189218 32.9213286882184 14.998315916263785 17.511332422743436 6.793399402600612 11.169851969328107 -1.6014594098914001 1.368573356833582 18.001732204937476 5.83837706743186 9.646422811044264 0.03330984864353681 3.6556133340648245 19.533838914364043 -2.7268877991695817 5.406201244311024 0.9537887197012473 -8.520123529910213 -6.370634234420523 -9.880412210383385 -0.8266931806969424
23.507014028056112 8.840785918711322 -0.04104289448795484 3.434027883549877 1.4661040720458907 -3.5642329430132236 -2.1465569781660854 12.38069249527581 19.039636593170712 32.92823189719989 15.00521912524528 17.51823563172493 6.800302611582107 11.176755178309602 -1.5945562009099055 1.3754765658150767 18.00863541391897 5.845280276413354 9.653326020025759 0.04021305762503147 3.662516543046319 19.540742123345538 -2.719984590188087 5.413104453292519 0.960691928682742 -8.513220320928719 -6.363731025439028 -9.87350900140189 -0.8197899717154478
23.567134268537075 8.84766813342555 -0.03416067977374482 3.440910098264105 1.4729862867601184 -3.557350728298996 -2.1396747634518754 12.38757470999002 19.04651880788494 32.935114111914125 15.012101339959507 17.52511784643914 6.807184826296335 11.18363739302383 -1.5876739861956954 1.3823587805293045 18.015517628633198 5.852162491127582 9.660208234739986 0.04709527233925925 3.669398757760529 19.547624338059766 -2.7131023754738592 5.4199866680067466 0.9675741433969698 -8.506338106214491 -6.3568488107248005 -9.866626786687663 -0.81290775700122
23.627254509018034 8.85452975735637 -0.027299055842924247 3.4477717221949256 1.479847910690939 -3.550489104368175 -2.132813139521055 12.39443633392084 19.05338043181576 32.94197573584494 15.018962963890328 17.53197947036996 6.814046450227155 11.19049901695465 -1.5808123622648749 1.389220404460125 18.02237925256402 5.859024115058403 9.667069858670807 0.053956896270079824 3.6762603816913675 19.554485961990586 -2.7062407515430387 5.426848291937567 0.9744357673277904 -8.49947648228367 -6.34998718679398 -9.859765162756842 -0.8060461330703994
23.687374749498996 8.861371078373672 -0.0204577348256052 3.454613043212227 1.486689231708258 -3.543647783350874 -2.1259718185037357 12.40127765493816 19.06022175283308 32.948817056862254 15.025804284907629 17.53882079138728 6.820887771244457 11.19734033797197 -1.5739710412475558 1.3960617254774441 18.02922057358132 5.865865436075704 9.673911179688126 0.06079821728738111 3.6831017027086688 19.561327283007905 -2.6993994305257374 5.433689612954886 0.9812770883450916 -8.492635161266369 -6.343145865776679 -9.85292384173954 -0.7992048120530981
23.74749498997996 8.868192400541073 -0.013636412658222241 3.4614343653796276 1.493510553875641 -3.536826461183473 -2.1191504963363528 12.408098977105542 19.067043075000463 32.95563837902964 15.032625607075012 17.545642113554663 6.827709093411857 11.204161660139352 -1.5671497190801729 1.402883047644827 18.03604189574872 5.872686758243105 9.680732501855509 0.06761953945478183 3.6899230248760517 19.56814860517529 -2.6925781083583367 5.440510935122269 0.9880984105124924 -8.485813839098968 -6.336324543609278 -9.84610251957214 -0.7923834898856974
23.80761523046092 8.874993975690515 -0.006834837508762348 3.4682359405290875 1.500312129025101 -3.530024886034031 -2.112348921186893 12.414900552255002 19.073844650149923 32.962439954179096 15.039427182224472 17.552443688704123 6.8345106685612995 11.210963235288812 -1.560348143930713 1.409684622794287 18.04284347089818 5.8794883333925645 9.687534077004969 0.07442111460422396 3.6967246000255116 19.57495018032475 -2.6857765332088945 5.447312510271729 0.9948999856619345 -8.479012263949508 -6.329522968459818 -9.839300944422698 -0.7855819147362553
23.867735470941884 8.881776104653216 -5.270854607886122e-05 3.475018069491771 1.5070942579877844 -3.52324275707133 -2.1055667922242094 12.421682681217685 19.080626779112606 32.96922208314179 15.046209311187173 17.559225817666807 6.841292797524001 11.217745364251495 -1.5535660149680295 1.4164667517569705 18.049625599860864 5.886270462355248 9.694316205967652 0.08120324356692521 3.703506728988213 19.581732309287432 -2.6789944042461933 5.4540946392344125 1.0016821146246357 -8.472230134986825 -6.3227408394971345 -9.832518815459997 -0.778799785773554
23.927855711422843 8.88853900278713 0.0067101895878352025 3.481780967625685 1.5138571561216985 -3.5164798589374158 -2.0988038940902953 12.4284455793516 19.08738967724652 32.9759849812757 15.052972209321087 17.56598871580074 6.848055695657915 11.22450826238541 -1.5468031168341154 1.4232296498908845 18.056388497994778 5.893033360489162 9.701079104101566 0.08796614170083927 3.710269627122127 19.588495207421346 -2.672231506112279 5.460857537368327 1.0084450127585498 -8.465467236852911 -6.31597794136322 -9.825755917326083 -0.77203688763964
23.987975951903806 8.895283001713583 0.013454188514288035 3.488524966552138 1.5206011550481513 -3.509735860010963 -2.0920598951638425 12.435189578278052 19.094133676172973 32.982728980202154 15.05971620824754 17.572732714727174 6.854799694584368 11.231252261311862 -1.5400591179076626 1.4299736488173374 18.06313249692123 5.899777359415615 9.70782310302802 0.0947101406272921 3.7170136260485798 19.5952392063478 -2.6654875071858264 5.467601536294779 1.0151890116850026 -8.458723237926458 -6.309233942436768 -9.81901191839963 -0.7652928887131871
24.04809619238477 8.902008351663966 0.020179538464688562 3.4952503165025206 1.5273265049985518 -3.50301051006058 -2.085334545213442 12.441914928228453 19.100859026123356 32.98945433015253 15.066441558197923 17.579458064677574 6.86152504453475 11.237977611262263 -1.533333767957262 1.4366989987677379 18.069857846871614 5.906502709365998 9.714548452978402 0.10143549057767487 3.7237389759989625 19.60196455629818 -2.6587621572354436 5.474326886245162 1.0219143616353854 -8.451997887976075 -6.302508592486385 -9.812286568449247 -0.7585675387628044
24.10821643286573 8.908715323847591 0.02688651064829628 3.501957288686146 1.5340334771821595 -3.4963035378769547 -2.0786275730298343 12.448621900412078 19.10756599830698 32.99616130233616 15.073148530381548 17.5861650368612 6.868232016718376 11.24468458344587 -1.5266267957736366 1.4434059709513456 18.07656481905524 5.913209681549623 9.721255425162028 0.10814246276130035 3.730445948182588 19.608671528481807 -2.652055185051818 5.481033858428788 1.0286213338190109 -8.44529091579245 -6.295801620302759 -9.805579596265622 -0.7518605665791789
24.168336673346694 8.915404193463257 0.03357538026396156 3.5086461583018114 1.5407223467978248 -3.4896146682612894 -2.071938703414169 12.455310770027726 19.114254867922646 33.00285017195182 15.079837399997196 17.592853906476847 6.874920886334041 11.251373453061536 -1.519937926157989 1.4500948405670109 18.083253688670904 5.919898551165288 9.727944294777693 0.11483133237696563 3.7371348177982355 19.615360398097472 -2.645366315436153 5.487722728044453 1.0353102034346584 -8.438602046176785 -6.289112750687094 -9.798890726649956 -0.7451716969635136
24.228456913827653 8.922075236983762 0.040246423784466856 3.5153172018223167 1.5473933903183301 -3.482943624740784 -2.0652676598936637 12.461981813548249 19.120925911443152 33.00952121547233 15.086508443517719 17.59952494999737 6.8815919298545465 11.258044496582041 -1.513266882637466 1.4567658840875162 18.08992473219141 5.926569594685794 9.734615338298198 0.12150237589747093 3.7438058613187586 19.622031441617978 -2.6386952719156476 5.494393771564958 1.0419812469551815 -8.43193100265628 -6.282441707166589 -9.792219683129451 -0.7385006534430083
24.288577154308616 8.928728630272289 0.04689981707301172 3.5219705951108438 1.5540467836068572 -3.476290231452257 -2.058614266605119 12.468635206836776 19.12757930473168 33.016174608760856 15.093161836806246 17.606178343285897 6.888245323143074 11.264697889870586 -1.506613489348939 1.463419277376061 18.096578125479937 5.933222987974321 9.741268731586725 0.12815576918599803 3.7504592546072857 19.628684834906505 -2.6320418786271205 5.501047164853485 1.0486346402437086 -8.425277609367752 -6.275788313878062 -9.785566289840924 -0.7318472601544812
24.34869739478958 8.935364574980031 0.05353576178073638 3.528606539818586 1.5606827283145996 -3.4696542867445146 -2.051978321897394 12.4752711515445 19.13421524943942 33.022810553468595 15.09979778151397 17.612814287993622 6.894881267850816 11.27133383457831 -1.4999775446412142 1.4700552220837857 18.10321407018768 5.939858932682063 9.747904676294468 0.13479171389374045 3.7570951993150103 19.635320779614247 -2.625405933919378 5.507683109561228 1.055270584951451 -8.41864166466001 -6.269152369170319 -9.778930345133181 -0.7252113154467388
24.40881763527054 8.941983421306006 0.06015460810672835 3.5352253861445604 1.5673015746405916 -3.4630354404185404 -2.045359475571402 12.481889997870493 19.140834095765413 33.02942939979457 15.106416627839963 17.619433134319614 6.90150011417679 11.277952680904303 -1.4933586983152223 1.4766740684097777 18.109832916513653 5.946477779008037 9.754523522620442 0.14141056021971465 3.7637140456410023 19.64193962594024 -2.618787087593404 5.514301955887202 1.0618894312774252 -8.412022818334036 -6.262533522844345 -9.772311498807207 -0.7185924691207646
