web/models/kne/19/mosfit_kn_0.022361_0.4217_3.6500.dat
# %ECSV 1.0
# ---
# datatype:
# - {name: time, datatype: float64}
# - {name: PS1_g, datatype: float64}
# - {name: PS1_i, datatype: float64}
# - {name: PS1_r, datatype: float64}
# - {name: PS1_w, datatype: float64}
# - {name: PS1_y, datatype: float64}
# - {name: PS1_z, datatype: float64}
# - {name: swift_uvot_B, datatype: float64}
# - {name: swift_uvot_U, datatype: float64}
# - {name: swift_uvot_uvm2, datatype: float64}
# - {name: swift_uvot_uvw1, datatype: float64}
# - {name: swift_uvot_uvw2, datatype: float64}
# - {name: swift_uvot_V, datatype: float64}
# - {name: johnson_B, datatype: float64}
# - {name: johnson_I, datatype: float64}
# - {name: johnson_R, datatype: float64}
# - {name: johnson_U, datatype: float64}
# - {name: johnson_V, datatype: float64}
# - {name: sdss_g, datatype: float64}
# - {name: sdss_i, datatype: float64}
# - {name: sdss_r, datatype: float64}
# - {name: sdss_u, datatype: float64}
# - {name: sdss_z, datatype: float64}
# - {name: ATLAS_c, datatype: float64}
# - {name: ATLAS_o, datatype: float64}
# - {name: ukirt_H, datatype: float64}
# - {name: ukirt_J, datatype: float64}
# - {name: ukirt_K, datatype: float64}
# - {name: Clear, datatype: float64}
# meta: !!omap
# - comment: [kappa = 3.65, type = rprocess, mass = 0.022360679775100388, velocity = 0.4216666666666667, theta_obs = 0.0, tfloor = 1000.0]
# schema: astropy-2.0
time PS1_g PS1_i PS1_r PS1_w PS1_y PS1_z swift_uvot_B swift_uvot_U swift_uvot_uvm2 swift_uvot_uvw1 swift_uvot_uvw2 swift_uvot_V johnson_B johnson_I johnson_R johnson_U johnson_V sdss_g sdss_i sdss_r sdss_u sdss_z ATLAS_c ATLAS_o ukirt_H ukirt_J ukirt_K Clear
[from data line 320]
19.298597194388776 9.883122102025457 1.0012932888261794 4.476364066864029 2.5084402553600427 -2.5218967596990893 -1.1042207948519511 13.423028678589944 20.081972776484864 33.970568080514035 16.047555308559414 18.560571815039065 7.842638794896241 12.219091361623754 -0.5522200175957712 2.4178127491292285 19.050971597233104 6.887616459727506 10.69566220333991 1.0825492409391657 4.704852726360453 20.58307830665968 -1.6776484068739528 6.455440636606671 2.0030281119968762 -7.470884137614568 -5.321394842124876 -8.831172818087756 0.22254621159868648
19.35871743486974 9.892789366239612 1.0109605530403343 4.486031331078184 2.5181075195741975 -2.5122294954849345 -1.0945535306377963 13.432695942804099 20.09164004069902 33.98023534472819 16.05722257277357 18.57023907925322 7.852306059110396 12.228758625837909 -0.5425527533816163 2.4274800133433834 19.060638861447277 6.897283723941661 10.705329467554066 1.0922165051533206 4.714519990574608 20.592745570873845 -1.667981142659798 6.465107900820826 2.012695376211031 -7.461216873400413 -5.311727577910721 -8.821505553873601 0.23221347581284135
19.4188376753507 9.902443125195433 1.0206143119961375 4.495685090033987 2.5277612785300008 -2.5025757365291135 -1.084899771681993 13.44234970175992 20.101293799654822 33.989889103684 16.06687633172939 18.57989283820903 7.861959818066217 12.238412384793712 -0.5328989944257954 2.4371337722991866 19.07029262040308 6.906937482897464 10.714983226509869 1.1018702641091416 4.724173749530429 20.602399329829648 -1.658327383703977 6.474761659776629 2.022349135166852 -7.4515631144446095 -5.302073818954918 -8.81185179491778 0.24186723476866234
19.478957915831664 9.912083454757923 1.0302546415586278 4.505325419596478 2.537401608092491 -2.492935406966623 -1.0752594421195028 13.451990031322392 20.110934129217313 33.99952943324649 16.076516661291862 18.589533167771524 7.871600147628707 12.248052714356202 -0.5232586648633228 2.446774101861677 19.07993294996557 6.916577812459955 10.724623556072359 1.1115105936716319 4.733814079092902 20.61203965939214 -1.6486870541414866 6.484401989339119 2.0319894647293424 -7.441922784882119 -5.292433489392428 -8.80221146535529 0.2515075643311526
19.539078156312623 9.921710433974091 1.039881620774814 4.514952398812664 2.5470285873086773 -2.483308427750437 -1.0656324629033165 13.461617010538578 20.1205611084335 34.00915641246267 16.08614364050805 18.5991601469877 7.881227126844894 12.257679693572388 -0.5136316856471366 2.456401081077863 19.089559929181757 6.926204791676141 10.734250535288545 1.1211375728878004 4.743441058309088 20.621666638608325 -1.6390600749253181 6.494028968555305 2.041616443945511 -7.432295805665933 -5.282806510176242 -8.792584486139122 0.26113454354732113
19.599198396793586 9.931324135732282 1.049495322533005 4.524566100570855 2.5566422890668683 -2.4736947259922637 -1.0560187611451255 13.47123071229677 20.13017481019169 34.018770114220864 16.09575734226624 18.60877384874589 7.890840828603067 12.26729339533058 -0.5040179838889456 2.466014782836054 19.09917363093993 6.935818493434332 10.743864237046736 1.1307512746459913 4.753054760067279 20.631280340366516 -1.6294463731671271 6.503642670313496 2.051230145703702 -7.422682103907742 -5.273192808418051 -8.78297078438093 0.2707482453055121
19.65931863727455 9.94092462574331 1.059095812544033 4.534166590581883 2.5662427790778963 -2.464094235981218 -1.0464182711340975 13.480831202307797 20.139775300202718 34.02837060423189 16.105357832277267 18.61837433875692 7.900441318614113 12.276893885341607 -0.49441749387791756 2.475615272847082 19.108774120950976 6.94541898344536 10.753464727057764 1.1403517646570194 4.762655250078307 20.640880830377544 -1.6198458831560991 6.513243160324524 2.06083063571473 -7.413081613896714 -5.263592318407023 -8.773370294369903 0.2803487353165579
19.71943887775551 9.950511978880776 1.0686831656814988 4.543753943719349 2.575830132215362 -2.454506882843752 -1.0368309179966317 13.490418555445263 20.149362653340184 34.03795795736936 16.114945185414733 18.627961691894384 7.910028671751578 12.286481238479073 -0.48483014074045183 2.485202625984548 19.11836147408844 6.955006336582826 10.76305208019523 1.149939117794485 4.772242603215773 20.65046818351501 -1.6102585300186334 6.52283051346199 2.0704179888521956 -7.403494260759248 -5.254004965269557 -8.763782941232437 0.28993608845400587
19.779559118236474 9.960086270007444 1.078257456808167 4.553328234845999 2.5854044233420304 -2.4449325917171016 -1.0272566268699634 13.499992846571931 20.158936944466845 34.047532248496026 16.1245194765414 18.637535983021053 7.919602962878229 12.296055529605741 -0.47525584961378353 2.494776917111216 19.127935765215092 6.964580627709476 10.772626371321898 1.1595134089211534 4.781816894342441 20.66004247464167 -1.600684238891965 6.5324048045886585 2.079992279978864 -7.393919969632598 -5.244430674142906 -8.754208650105769 0.29951037958067417
19.839679358717433 9.969647563147035 1.0878187499477576 4.562889527985607 2.594965716481621 -2.4353712985774933 -1.017695333730373 13.509554139711522 20.168498237606443 34.057093541635616 16.134080769680992 18.647097276160654 7.929164256017837 12.305616822745332 -0.465694556474193 2.5043382102508067 19.1374970583547 6.9741419208490845 10.782187664461489 1.1690747020607617 4.791378187482032 20.66960376778127 -1.5911229457523568 6.541966097728249 2.0895535731184545 -7.384358676492989 -5.234869381003298 -8.74464735696616 0.30907167272028246
19.899799599198396 9.979195923003168 1.0973671098038906 4.57243788784174 2.604514076337754 -2.4258229387213603 -1.00814697387424 13.519102499567655 20.178046597462576 34.06664190149175 16.143629129537125 18.656645636016787 7.93871261587397 12.315165182601465 -0.45614619661806 2.5138865701069397 19.147045418210833 6.9836902807052175 10.791736024317622 1.1786230619168947 4.800926547338165 20.6791521276374 -1.5815745858962238 6.551514457584382 2.0991019329745875 -7.374810316636856 -5.225321021147165 -8.735098997110027 0.31862003257641547
19.95991983967936 9.988731417865147 1.1069026046658692 4.581973382703719 2.6140495711997325 -2.4162874438593995 -0.9986114790122613 13.528637994429634 20.187582092324554 34.07617739635373 16.153164624399103 18.666181130878755 7.948248110735931 12.324700677463444 -0.4466107017560814 2.5234220649689183 19.156580913072794 6.993225775567196 10.8012715191796 1.1881585567788555 4.810462042200143 20.68868762249938 -1.572039091034263 6.561049952446361 2.108637427836566 -7.365274821774878 -5.215785526285186 -8.725563502248066 0.3281555274383763
20.02004008016032 9.99825410113866 1.1164252879393821 4.591496065977214 2.6235722544732454 -2.4067647605858866 -0.9890887957387484 13.538160677703146 20.197104775598056 34.08570007962724 16.162687307672616 18.675703814152268 7.957770794009444 12.334223360736956 -0.4370880184825685 2.532944748242431 19.166103596346307 7.002748458840709 10.810794202453113 1.1976812400523684 4.819984725473656 20.698210305772882 -1.56251640776075 6.5705726357198735 2.118160111110079 -7.355752138501383 -5.206262843011691 -8.716040818974554 0.3376782107118892
20.080160320641284 10.007764036524414 1.1259352233251185 4.601006001362968 2.633082189858982 -2.3972548252001324 -0.979578860353012 13.547670613088883 20.206614710983803 34.09521001501299 16.17219724305837 18.68521374953801 7.967280729395198 12.343733296122693 -0.4275780830968321 2.5424546836281676 19.17561353173206 7.012258394226445 10.82030413783885 1.2071911754381226 4.82949466085941 20.70772024115863 -1.553006472374996 6.58008257110561 2.127670046495833 -7.3462422031156285 -5.196752907625937 -8.7065308835888 0.34718814609764337
20.140280561122243 10.01726128810482 1.1354324749055422 4.610503252943392 2.6425794414394055 -2.3877575736197088 -0.9700816087725883 13.557167864669307 20.216111962564227 34.1047072665934 16.181694494638776 18.69471100111844 7.976777980975622 12.353230547703117 -0.4180808315164084 2.5519519352085913 19.185110783312485 7.021755645806869 10.829801389419274 1.2166884270185463 4.838991912439816 20.717217492739053 -1.5435092207945722 6.589579822686034 2.137167298076239 -7.336744951535205 -5.187255656045513 -8.697033632008376 0.35668539767806706
20.200400801603205 10.026745910927648 1.1449170977283707 4.6199878757662205 2.652064064262234 -2.3782729507968803 -0.9605969859497598 13.566652487492135 20.225596585387056 34.114191889416226 16.191179117461605 18.704195623941256 7.986262603798433 12.362715170525945 -0.40859620869357993 2.56143655803142 19.194595406135313 7.0312402686296975 10.839286012242102 1.226173049841357 4.848476535262645 20.72670211556188 -1.5340245979717615 6.599064445508862 2.1466519208990675 -7.327260328712376 -5.177771033222685 -8.687549009185565 0.36617002050087777
20.260521042084168 10.036217961245875 1.1543891480465973 4.629459926084429 2.661536114580443 -2.3688009004786714 -0.9511249356315332 13.576124537810362 20.235068635705275 34.12366393973445 16.20065116777983 18.713667674259472 7.995734654116659 12.372187220844172 -0.3991241583753533 2.5709086083496286 19.204067456453522 7.040712318947906 10.84875806256031 1.2356451001595836 4.857948585580871 20.7361741658801 -1.5245525476535349 6.608536495827071 2.156123971217294 -7.3177882783941675 -5.168298982904476 -8.678076958867338 0.3756420708191044
20.32064128256513 10.04567749593086 1.163848682731583 4.638919460769415 2.6709956492654463 -2.3593413657936857 -0.9416654009465475 13.585584072495347 20.24452817039026 34.13312347441944 16.210110702464817 18.72312720894447 8.005194188801646 12.381646755529157 -0.3896646236903676 2.580368143034632 19.213526991138508 7.05017185363291 10.858217597245314 1.2451046348445693 4.867408120265857 20.745633700565087 -1.5150930129685491 6.617996030512074 2.16558350590228 -7.308328743709182 -5.15883944821949 -8.668617424182353 0.3851016055040901
20.38076152304609 10.055124562669384 1.173295749470089 4.648366527507939 2.6804427160039523 -2.349894299055162 -0.9322183342080415 13.595031139233853 20.253975237128774 34.142570541157944 16.219557769203323 18.732574275682982 8.01464125554017 12.391093822267663 -0.38021755695186155 2.589815209773138 19.222974057877032 7.059618920371416 10.86766466398382 1.2545517015830931 4.876855187004363 20.7550807673036 -1.5056459462300253 6.6274430972505805 2.1750305726408037 -7.298881676970658 -5.149392381480967 -8.659170357443829 0.3945486722426139
20.440881763527052 10.06455921360816 1.1827304004088823 4.657801178446732 2.6898773669427456 -2.3404596481163686 -0.9227836832692482 13.604465790172647 20.263409888067567 34.15200519209674 16.228992420142117 18.742008926621768 8.024075906478963 12.400528473206457 -0.3707829060130683 2.5992498607119314 19.232408708815825 7.069053571310209 10.877099314922614 1.2639863525218686 4.886289837943156 20.764515418242393 -1.4962112952912499 6.636877748189374 2.184465223579579 -7.289447026031865 -5.139957730542173 -8.649735706505053 0.4039833231813894
20.501002004008015 10.073981506979202 1.1921526937799065 4.667223471817756 2.6992996603137698 -2.3310373547453445 -0.913361389898224 13.613888083543689 20.27283218143859 34.161427485467776 16.23841471351316 18.7514312199928 8.033498199849987 12.40995076657748 -0.36136061264202635 2.6086721540829556 19.24183100218685 7.078475864681233 10.886521608293638 1.2734086458929106 4.895712131314198 20.773937711613417 -1.486789001920208 6.646300041560398 2.193887516950621 -7.2800247326608405 -5.130535437171149 -8.640313413134011 0.41340561655243135
20.561122244488978 10.083391490025146 1.2015626768258691 4.676633454863701 2.7087096433597146 -2.3216273716993996 -0.9039514068522614 13.623298066589633 20.282242164484543 34.17083746851372 16.247824696559103 18.760841203038755 8.042908182895932 12.419360749623443 -0.3519506295960815 2.6180821371289182 19.251240985232794 7.087885847727178 10.895931591339583 1.2828186289388555 4.905122114360143 20.78334769465937 -1.477379018874263 6.655710024606343 2.203297499996566 -7.270614749614896 -5.121125454125204 -8.630903430088066 0.4228155995983762
20.62124248496994 10.092789207056043 1.2109603938567481 4.686031171894598 2.7181073603906114 -2.312229654668503 -0.8945536898213824 13.632695783620512 20.291639881515433 34.1802351855446 16.257222413589982 18.77023892006964 8.052305899926829 12.428758466654322 -0.3425529125652025 2.6274798541597972 19.26063870226369 7.097283564758075 10.90532930837048 1.2922163459697522 4.914519831391022 20.79274541169026 -1.4679813018433663 6.6651077416372395 2.2126952170274627 -7.261217032583999 -5.1117277370943075 -8.62150571305717 0.432213316629273
20.6813627254509 10.102174709575458 1.2203458963761804 4.6954166744140124 2.727492862910026 -2.3028441521490883 -0.8851681873019501 13.642081286139945 20.30102538403486 34.18962068806403 16.266607916109415 18.779624422589055 8.061691402446243 12.438143969173755 -0.3331674100457702 2.6368653566792117 19.270024204783105 7.1066690672774895 10.914714810889894 1.3016018484891667 4.923905333910454 20.802130914209684 -1.4585957993239518 6.674493244156654 2.2220807195468772 -7.251831530064584 -5.102342234574893 -8.612120210537755 0.4415988191486875
20.741482965931862 10.111548038871963 1.2297192256726852 4.704790003710517 2.7368661922065485 -2.2934708228525835 -0.8757948580054453 13.65145461543645 20.31039871333136 34.19899401736053 16.27598124540592 18.78899775188557 8.071064731742748 12.44751729847026 -0.3237940807492654 2.6462386859757343 19.27939753407961 7.116042396573994 10.924088140186399 1.3109751777856715 4.933278663206959 20.811504243506185 -1.449222470027447 6.683866573453177 2.231454048843382 -7.24245820076808 -5.092968905278388 -8.60274688124125 0.4509721484451923
20.801603206412825 10.120909239956308 1.239080426757031 4.714151204794881 2.7462273932908943 -2.28410962176822 -0.8664336569210995 13.660815816520795 20.319759914415716 34.208355218444886 16.285342446490265 18.798358952969924 8.080425932827112 12.456878499554605 -0.3144328796649196 2.65559988706008 19.288758735163974 7.125403597658358 10.933449341270762 1.3203363788700173 4.942639864291305 20.82086544459054 -1.4398612689431012 6.693227774537522 2.240815249927728 -7.233096999683716 -5.083607704194025 -8.593385680156905 0.46033334952955585
20.861723446893787 10.130258362994269 1.2484295497949915 4.723500327832841 2.755576516328855 -2.274760498730277 -0.857084533883139 13.670164939558756 20.32910903745367 34.21770434148285 16.294691569528226 18.807708076007877 8.089775055865054 12.466227622592566 -0.3050837566269591 2.6649490100980406 19.298107858201917 7.134752720696318 10.942798464308723 1.3296855019079779 4.9519889873292655 20.830214567628495 -1.4305121459051406 6.702576897575483 2.2501643729656884 -7.2237478766457555 -5.074258581156082 -8.584036557118944 0.4696824725674986
20.92184368737475 10.139595447965402 1.2577666347661065 4.732837412803956 2.7649136012999698 -2.2654234137591445 -0.847747448912024 13.67950202452987 20.33844612242479 34.22704142645397 16.30402865449936 18.817045160979003 8.099112140836187 12.47556470756368 -0.2957466716558441 2.6742860950691556 19.30744494317305 7.144089805667433 10.952135549279838 1.3390225868791106 4.961326072300398 20.839551652599617 -1.421175060934008 6.711913982546598 2.259501457936821 -7.2144107916746405 -5.064921496184949 -8.574699472147811 0.47901955753863135
20.98196392785571 10.14892053310449 1.2670917199051956 4.7421624979430455 2.774238686439059 -2.2560983286200553 -0.8384223637729349 13.68882710966896 20.34777120756388 34.23636651159306 16.313353739638448 18.826370246118092 8.108437225975276 12.48488979270277 -0.2864215865167372 2.6836111802082447 19.31677002831214 7.1534148908065225 10.961460634418927 1.3483476720181997 4.970651157439487 20.848876737738706 -1.4118499757949188 6.721239067685687 2.2688265430759103 -7.205085706535551 -5.05559641104586 -8.565374387008722 0.4883446426777205
