web/models/kne/19/mosfit_kn_0.041628_0.3120_3.6500.dat
# %ECSV 1.0
# ---
# datatype:
# - {name: time, datatype: float64}
# - {name: PS1_g, datatype: float64}
# - {name: PS1_i, datatype: float64}
# - {name: PS1_r, datatype: float64}
# - {name: PS1_w, datatype: float64}
# - {name: PS1_y, datatype: float64}
# - {name: PS1_z, datatype: float64}
# - {name: swift_uvot_B, datatype: float64}
# - {name: swift_uvot_U, datatype: float64}
# - {name: swift_uvot_uvm2, datatype: float64}
# - {name: swift_uvot_uvw1, datatype: float64}
# - {name: swift_uvot_uvw2, datatype: float64}
# - {name: swift_uvot_V, datatype: float64}
# - {name: johnson_B, datatype: float64}
# - {name: johnson_I, datatype: float64}
# - {name: johnson_R, datatype: float64}
# - {name: johnson_U, datatype: float64}
# - {name: johnson_V, datatype: float64}
# - {name: sdss_g, datatype: float64}
# - {name: sdss_i, datatype: float64}
# - {name: sdss_r, datatype: float64}
# - {name: sdss_u, datatype: float64}
# - {name: sdss_z, datatype: float64}
# - {name: ATLAS_c, datatype: float64}
# - {name: ATLAS_o, datatype: float64}
# - {name: ukirt_H, datatype: float64}
# - {name: ukirt_J, datatype: float64}
# - {name: ukirt_K, datatype: float64}
# - {name: Clear, datatype: float64}
# meta: !!omap
# - comment: [kappa = 3.65, type = rprocess, mass = 0.04162766037032262, velocity = 0.312, theta_obs = 0.0, tfloor = 1000.0]
# schema: astropy-2.0
time PS1_g PS1_i PS1_r PS1_w PS1_y PS1_z swift_uvot_B swift_uvot_U swift_uvot_uvm2 swift_uvot_uvw1 swift_uvot_uvw2 swift_uvot_V johnson_B johnson_I johnson_R johnson_U johnson_V sdss_g sdss_i sdss_r sdss_u sdss_z ATLAS_c ATLAS_o ukirt_H ukirt_J ukirt_K Clear
[from data line 435]
26.2124248496994 8.832891116771702 -0.04893769642757562 3.4261330816102564 1.4582092701062699 -3.5721277449528444 -2.154451780105706 12.372797693336189 19.03174179123109 32.92033709526027 14.997324323305659 17.51034082978531 6.792407809642486 11.168860376369981 -1.6024510028495262 1.367581763875456 18.00074061197935 5.8373854744737335 9.645431218086138 0.03231825568541069 3.6546217411066984 19.532847321405917 -2.727879392127708 5.405209651352898 0.9527971267431212 -8.52111512286834 -6.371625827378649 -9.881403803341511 -0.8276847736550685
26.27254509018036 8.838566878848795 -0.0432619343505003 3.4318088436873495 1.463885032183363 -3.5664519828757513 -2.148776018028631 12.378473455413264 19.037417553308185 32.926012857337355 15.003000085382734 17.516016591862385 6.798083571719579 11.174536138447074 -1.596775240772451 1.373257525952549 18.006416374056442 5.8430612365508265 9.651106980163231 0.03799401776250377 3.6602975031837737 19.53852308348301 -2.7222036300506147 5.410885413429991 0.9584728888202143 -8.515439360791246 -6.365950065301556 -9.875728041264418 -0.8220090115779755
26.33266533066132 8.844233853686436 -0.037594959512841086 3.437475818524991 1.4695520070210044 -3.56078500803811 -2.1431090431909716 12.384140430250923 19.043084528145826 32.93167983217501 15.008667060220393 17.521683566700045 6.803750546557221 11.180203113284733 -1.5911082659347917 1.3789245007901905 18.012083348894084 5.848728211388468 9.656773955000872 0.04366099260014522 3.665964478021433 19.544190058320652 -2.7165366552129733 5.4165523882676325 0.9641398636578558 -8.509772385953605 -6.3602830904639145 -9.870061066426777 -0.816342036740334
26.392785571142284 8.849892110745241 -0.031936702454054 3.443134075583796 1.4752102640798093 -3.555126750979305 -2.1374507861321845 12.38979868730971 19.04874278520463 32.937338089233805 15.01432531727918 17.52734182375883 6.809408803616026 11.18586137034352 -1.5854500088760046 1.3845827578489953 18.01774160595289 5.854386468447273 9.662432212059677 0.04931924965895007 3.67162273508022 19.549848315379457 -2.7108783981541684 5.422210645326437 0.9697981207166606 -8.5041141288948 -6.35462483340511 -9.864402809367972 -0.8106837796815292
26.452905811623246 8.855541725707852 -0.026287087491443373 3.4487836905464064 1.48085987904242 -3.5494771360166943 -2.131801171169574 12.395448302272321 19.05439240016724 32.94298770419641 15.01997493224179 17.532991438721442 6.815058418578636 11.191510985306131 -1.579800393913394 1.390232372811606 18.0233912209155 5.8600360834098835 9.668081827022288 0.0549688646215607 3.6772723500428306 19.555497930342067 -2.705228783191558 5.427860260289048 0.9754477356792712 -8.49846451393219 -6.348975218442499 -9.858753194405361 -0.8050341647189185
26.51302605210421 8.861182776184027 -0.020646037015250585 3.454424741022599 1.4865009295186127 -3.5438360855405016 -2.126160120693381 12.401089352748514 19.060033450643434 32.948628754672605 15.025615982717984 17.538632489197635 6.820699469054829 11.197152035782324 -1.5741593434372012 1.3958734232877987 18.029032271391692 5.865677133886076 9.67372287749848 0.06060991509773572 3.6829134005190234 19.56113898081826 -2.699587732715365 5.433501310765241 0.9810887861554463 -8.492823463455997 -6.343334167966306 -9.853112143929168 -0.7993931142427257
26.573146292585168 8.866815328865147 -0.015013484334129856 3.46005729370372 1.4921334821997334 -3.538203532859381 -2.1205275680122604 12.406721905429634 19.065666003324555 32.954261307353725 15.031248535399104 17.544265041878756 6.82633202173595 11.202784588463444 -1.5685267907560805 1.4015059759689195 18.034664824072813 5.871309686567197 9.679355430179601 0.06624246777885645 3.688545953200144 19.56677153349938 -2.6939551800342443 5.4391338634463615 0.986721338836567 -8.487190910774876 -6.3377016152851855 -9.847479591248048 -0.793760561561605
26.63326653306613 8.8724394682942 -0.009389344905077479 3.4656814331327546 1.497757621628768 -3.532579393430346 -2.114903428583208 12.412346044858687 19.07129014275359 32.95988544678277 15.036872674828157 17.549889181307808 6.831956161164984 11.208408727892497 -1.562902651327028 1.4071301153979718 18.040288963501848 5.876933825996232 9.684979569608636 0.07186660720790883 3.6941700926291965 19.572395672928415 -2.6883310406052097 5.444758002875396 0.9923454782656194 -8.481566771345841 -6.332077475856151 -9.841855451819013 -0.7881364221325704
26.693386773547093 8.878055260383384 -0.0037735528158933107 3.4712972252219565 1.50337341371797 -3.5269636013411443 -2.109287636494024 12.417961836947871 19.07690593484279 32.965501238871965 15.04248846691734 17.555504973396992 6.837571953254186 11.214024519981681 -1.557286859237844 1.412745907487156 18.04590475559105 5.8825496180854335 9.690595361697838 0.077482399297093 3.6997858847183807 19.578011465017617 -2.6827152485160255 5.450373794964598 0.9979612703548035 -8.47595097925664 -6.326461683766949 -9.836239659729829 -0.7825206300433685
26.753507014028056 8.883662777807864 0.0018339646085863137 3.476904742646436 1.5089809311424496 -3.5213560839166647 -2.103680119069544 12.42356935437235 19.08251345226727 32.971108756296445 15.04809598434182 17.561112490821472 6.843179470678666 11.21963203740616 -1.5516793418133643 1.4183534249116356 18.05151227301553 5.888157135509913 9.696202879122318 0.08308991672157262 3.7053934021428603 19.583618982442097 -2.677107731091546 5.455981312389078 1.0035687877792832 -8.47034346183216 -6.320854166342469 -9.83063214230535 -0.7769131126189066
26.81362725450902 8.889262110649305 0.007433297450027965 3.4825040754878778 1.5145802639838912 -3.515756751075223 -2.0980807862281026 12.429168687213792 19.088112785108713 32.97670808913789 15.053695317183262 17.566711823662914 6.848778803520108 11.225231370247602 -1.5460800089719227 1.4239527577530773 18.05711160585697 5.893756468351355 9.70180221196376 0.08868924956301427 3.710992734984302 19.58921831528354 -2.671508398250104 5.461580645230519 1.0091681206207248 -8.464744128990718 -6.315254833501028 -9.825032809463908 -0.7713137797774472
26.873747494989978 8.89485331947606 0.013024506276764214 3.488095284314614 1.5201714728106275 -3.5101655422484868 -2.0924895774013663 12.434759896040529 19.09370399393545 32.98229929796463 15.059286526010016 17.57230303248965 6.854370012346844 11.230822579074339 -1.5404888001451864 1.4295439665798135 18.062702814683707 5.899347677178091 9.707393420790495 0.09428045838976828 3.716583943811056 19.594809524110275 -2.66591718942335 5.467171854057256 1.0147593294474788 -8.459152920163982 -6.309663624674291 -9.819441600637154 -0.765722570950711
26.93386773547094 8.900436479014111 0.01860766581483375 3.4936784438526836 1.525754632348697 -3.504582382710417 -2.086906417863297 12.440343055578598 19.09928715347352 32.98788245750269 15.064869685548068 17.57788619202772 6.859953171884913 11.236405738612408 -1.5349056406071169 1.435127126117883 18.068285974221777 5.904930836716161 9.712976580328565 0.09986361792783782 3.7221671033491077 19.600392683648344 -2.6603340298852807 5.472755013595325 1.0203424889855306 -8.453569760625912 -6.304080465136222 -9.813858441099084 -0.7601394114126414
26.993987975951903 8.906011655539476 0.024182842340199073 3.499253620378031 1.5313298088740446 -3.4990072061850697 -2.0813312413379315 12.445918232103963 19.104862329998866 32.99345763402805 15.070444862073433 17.583461368553085 6.865528348410261 11.241980915137773 -1.5293304640817516 1.4407023026432484 18.073861150747124 5.910506013241508 9.718551756853913 0.10543879445318538 3.727742279874473 19.605967860173692 -2.654758853359933 5.478330190120673 1.025917665510896 -8.447994584100565 -6.298505288610874 -9.808283264573737 -0.7545642348872938
27.054108216432866 8.911578914732328 0.029750101533050355 3.5048208795708824 1.5368970680669136 -3.4934399469922184 -2.07576398214508 12.451485491296815 19.110429589191735 32.9990248932209 15.076012121266285 17.589028627745936 6.871095607603112 11.247548174330625 -1.5237632048889003 1.4462695618360997 18.079428409939975 5.916073272434359 9.724119016046764 0.11100605364603666 3.7333095390673243 19.61153511936656 -2.649191594167082 5.483897449313542 1.0314849247037472 -8.442427324907714 -6.292938029418023 -9.802716005380885 -0.7489969756944426
27.11422845691383 8.917138335998462 0.035309522799167326 3.510380300837017 1.5424564893330306 -3.4878805257260836 -2.070204560878963 12.457044912562932 19.115989010457852 33.004584314487026 15.081571542532402 17.594588049012053 6.876655028869247 11.253107595596742 -1.5182037836227833 1.4518289831022166 18.08498783120611 5.921632693700494 9.729678437312899 0.1165654749121714 3.7388689603334413 19.617094540632678 -2.643632172900947 5.489456870579659 1.037044345969882 -8.436867903641579 -6.287378608151888 -9.79715658411475 -0.7434375544283078
27.174348697394787 8.922689971455817 0.040861158256522145 3.515931936294372 1.5480081247903854 -3.482328890268729 -2.0646529254216084 12.462596548020286 19.121540645915207 33.01013594994439 15.087123177989774 17.600139684469408 6.882206664326602 11.258659231054096 -1.5126521481654285 1.4573806185595715 18.090539466663465 5.927184329157849 9.735230072770253 0.12211711036952622 3.744420595790796 19.622646176090033 -2.6380805374435923 5.4950085060370135 1.0425959814272368 -8.431316268184224 -6.2818269726945335 -9.791604948657396 -0.737885918970953
27.23446893787575 8.928233896141915 0.046405082942637677 3.5214758609804875 1.553552049476501 -3.476784965582631 -2.059109000735493 12.468140472706402 19.127084570601323 33.01567987463049 15.092667102675872 17.605683609155523 6.8877505890126995 11.264203155740212 -1.507108223479313 1.462924543245687 18.096083391349563 5.9327282538439645 9.740773997456369 0.12766103505562398 3.7499645204769116 19.62819010077615 -2.6325366127574945 5.500552430723129 1.0481399061133345 -8.425772343498108 -6.276283048008418 -9.786061023971298 -0.7323419942848552
27.294589178356713 8.933770191540198 0.05194137834092061 3.5270121563787704 1.5590883448747839 -3.4712486701843304 -2.05357270533721 12.473676768104685 19.132620865999606 33.02121617002878 15.098203398074155 17.611219904553806 6.8932868844109825 11.269739451138495 -1.50157192808103 1.46846083864397 18.101619686747863 5.9382645492422474 9.746310292854652 0.13319733045390691 3.7555008158751946 19.63372639617443 -2.6270003173592116 5.506088726121412 1.0536762015116174 -8.420236048099826 -6.270746752610135 -9.780524728573015 -0.7268056988865723
27.354709418837675 8.939298910153735 0.05747009695445726 3.532540874992307 1.5646170634883205 -3.4657199515708115 -2.0480439867236733 12.479205486718222 19.138149584613142 33.02674488864231 15.103732116687691 17.616748623167343 6.898815603024519 11.275268169752032 -1.4960432094674934 1.4739895572575066 18.107148405361382 5.943793267855784 9.751839011468189 0.13872604906744357 3.7610295344887312 19.639255114787968 -2.621471598745675 5.511617444734949 1.059204920125154 -8.414707329486289 -6.265218033996598 -9.774996009959478 -0.7212769802730357
27.414829659318634 8.944820125965798 0.06299131276652048 3.5380620908043703 1.5701382793003837 -3.4601987357587483 -2.04252277091161 12.484726702530285 19.143670800425205 33.03226610445438 15.109253332499755 17.622269838979406 6.904336818836582 11.280789385564095 -1.4905219936554301 1.4795107730695698 18.112669621173445 5.949314483667847 9.757360227280252 0.1442472648795068 3.7665507503007944 19.64477633060003 -2.6159503829336117 5.517138660547012 1.0647261359372173 -8.409186113674226 -6.259696818184535 -9.769474794147415 -0.7157557644609724
27.474949899799597 8.950333893869153 0.06850508066987615 3.543575858707708 1.5756520472037394 -3.4546849678553926 -2.0370090030082544 12.49024047043364 19.14918456832856 33.03777987235773 15.11476710040311 17.627783606882762 6.909850586739938 11.28630315346745 -1.4850082257520745 1.4850245409729255 18.1181833890768 5.954828251571185 9.762873995183607 0.14976103278286246 3.77206451820415 19.650290098503387 -2.610436615030256 5.5226524284503675 1.070239903840573 -8.403672345770888 -6.254183050281197 -9.76396102624406 -0.7102419965576168
27.53507014028056 8.95584027567784 0.0740114624785626 3.5490822405164124 1.5811584290124259 -3.449178586046706 -2.031502621199568 12.495746852242327 19.154690950137248 33.04328625416642 15.120273482211797 17.63328998869145 6.9153569685486245 11.291809535276137 -1.479501843943388 1.490530922781612 18.123689770885505 5.9603346333798894 9.768380376992294 0.1552674145915489 3.7775709000128366 19.655796480312073 -2.6049302332215696 5.528158810259054 1.0757462856492594 -8.398165963962184 -6.248676668472493 -9.758454644435373 -0.7047356147489303
27.595190380761522 8.961339344038581 0.07951053083930404 3.554581308877154 1.5866574973731673 -3.443679517685947 -2.0260035528388265 12.501245920603068 19.16019001849799 33.04878532252716 15.125772550572538 17.63878905705219 6.920856036909384 11.297308603636878 -1.4740027755826466 1.4960299911423534 18.129188839246247 5.965833701740631 9.773879445353035 0.16076648295229035 3.783069968373578 19.661295548672815 -2.599431164860828 5.533657878619795 1.0812453540100009 -8.392666895601442 -6.243177600111752 -9.752955576074632 -0.6992365463881711
27.655310621242485 8.96683114877888 0.08500233557960257 3.5600731136174524 1.5921493021134658 -3.4381877129456484 -2.020511748098528 12.506737725343367 19.165681823238288 33.05427712726746 15.131264355312837 17.64428086179249 6.926347841649682 11.302800408377177 -1.468510970842348 1.5015217958826519 18.134680643986545 5.971325506480929 9.779371250093334 0.16625828769258888 3.7885617731138765 19.666787353413113 -2.5939393601205296 5.539149683360094 1.0867371587502994 -8.387175090861144 -6.237685795371453 -9.747463771334333 -0.6937447416478726
27.715430861723444 8.972315756956029 0.09048694375675126 3.5655577217945833 1.5976339102906145 -3.4327031047685175 -2.0150271399213793 12.512222333520516 19.171166431415436 33.0597617354446 15.136748963489985 17.649765469969637 6.931832449826813 11.308285016554326 -1.4630263626651994 1.5070064040598006 18.140165252163676 5.97681011465806 9.784855858270465 0.17174289586973757 3.7940463812910252 19.672271961590262 -2.588454751943381 5.544634291537225 1.092221766927448 -8.381690482684013 -6.232201187194322 -9.741979163157184 -0.6882601334707417
27.775551102204407 8.977793242679653 0.0959644294803752 3.5710352075182072 1.6031113960142207 -3.4272256190448935 -2.0095496541977553 12.51769981924414 19.176643917139042 33.06523922116822 15.14222644921361 17.65524295569326 6.937309935550437 11.31376250227795 -1.4575488769415754 1.5124838897834245 18.1456427378873 5.982287600381684 9.790333343994089 0.1772203815933615 3.799523867014649 19.677749447313868 -2.582977266219757 5.550111777260849 1.097699252651072 -8.376212996960389 -6.226723701470698 -9.73650167743356 -0.6827826477471177
27.83567134268537 8.983263657806031 0.10143484460675367 3.5765056226446035 1.608581811140617 -3.4217552039184973 -2.004079239071377 12.523170234370518 19.18211433226544 33.07070963629461 15.147696864339988 17.66071337081964 6.942780350676833 11.319232917404328 -1.452078461815197 1.517954304909803 18.151113153013696 5.9877580155080805 9.795803759120485 0.18269079671973998 3.8049942821410276 19.683219862440264 -2.5775068510933785 5.555582192387245 1.1031696677774505 -8.370742581833992 -6.221253286344302 -9.731031262307182 -0.6773122326207393
