web/models/kne/19/mosfit_kn_0.051209_0.5000_0.5000.dat
# %ECSV 1.0
# ---
# datatype:
# - {name: time, datatype: float64}
# - {name: PS1_g, datatype: float64}
# - {name: PS1_i, datatype: float64}
# - {name: PS1_r, datatype: float64}
# - {name: PS1_w, datatype: float64}
# - {name: PS1_y, datatype: float64}
# - {name: PS1_z, datatype: float64}
# - {name: swift_uvot_B, datatype: float64}
# - {name: swift_uvot_U, datatype: float64}
# - {name: swift_uvot_uvm2, datatype: float64}
# - {name: swift_uvot_uvw1, datatype: float64}
# - {name: swift_uvot_uvw2, datatype: float64}
# - {name: swift_uvot_V, datatype: float64}
# - {name: johnson_B, datatype: float64}
# - {name: johnson_I, datatype: float64}
# - {name: johnson_R, datatype: float64}
# - {name: johnson_U, datatype: float64}
# - {name: johnson_V, datatype: float64}
# - {name: sdss_g, datatype: float64}
# - {name: sdss_i, datatype: float64}
# - {name: sdss_r, datatype: float64}
# - {name: sdss_u, datatype: float64}
# - {name: sdss_z, datatype: float64}
# - {name: ATLAS_c, datatype: float64}
# - {name: ATLAS_o, datatype: float64}
# - {name: ukirt_H, datatype: float64}
# - {name: ukirt_J, datatype: float64}
# - {name: ukirt_K, datatype: float64}
# - {name: Clear, datatype: float64}
# meta: !!omap
# - comment: [kappa = 0.5, type = rprocess, mass = 0.051209162050732976, velocity = 0.5, theta_obs = 0.0, tfloor = 1000.0]
# schema: astropy-2.0
time PS1_g PS1_i PS1_r PS1_w PS1_y PS1_z swift_uvot_B swift_uvot_U swift_uvot_uvm2 swift_uvot_uvw1 swift_uvot_uvw2 swift_uvot_V johnson_B johnson_I johnson_R johnson_U johnson_V sdss_g sdss_i sdss_r sdss_u sdss_z ATLAS_c ATLAS_o ukirt_H ukirt_J ukirt_K Clear
[from data line 86]
5.2304609218436875 4.271457059671828 -4.248392997234021 -0.9159047214541616 -2.754858255427095 -7.614513803721756 -6.26378218212718 7.665897273709072 14.003860365845089 27.52696122245307 10.412782121106012 12.84722963704947 2.294170668867241 6.548018826054186 -5.748444271186638 -2.854373368458199 13.028707095138301 1.4130106886062979 5.052022858180312 -4.170260677547155 -0.702983043491141 14.519103654892334 -6.800248361192303 1.0092087518781767 -3.259535404512608 -12.307273078704258 -10.273508311422484 -13.583518016938035 -4.915149777118
5.290581162324649 4.588490442065289 -4.040127410581675 -0.6647637274253348 -2.5423870768425694 -7.453469928673844 -6.082637281726431 8.02664667712645 14.460955725157643 28.09441708172925 10.737187586790231 13.194933038088902 2.592184939338231 6.883149389561623 -5.556212207013501 -2.6389873944825952 13.469137311774507 1.6891479908987275 5.378684310199002 -3.961044591682832 -0.44718815186685745 14.972006606780788 -6.630087831361067 1.2765969386275344 -3.047268085369481 -12.223181077541215 -10.154645314601252 -13.524667478758799 -4.740269676199489
5.350701402805611 4.905442216040239 -3.8318088326455424 -0.4136504761272519 -2.3299686872408465 -7.292293046115166 -5.901371701969875 8.38725552027914 14.917880550943448 28.661094908978843 11.061128000529585 13.542414279731588 2.890167466611497 7.21796341883724 -5.363933932542891 -2.4238675508389855 13.909318072066473 1.9650078778567373 5.705234944140525 -3.7517868549447186 -0.19140605606914107 15.424696847204551 -6.459897467154292 1.5439087046661015 -2.835067855998563 -12.138896068279601 -10.035630159562013 -13.465603574880303 -4.565525418223615
5.410821643286573 5.222415776289662 -3.623370522731637 -0.1624832702746204 -2.117530937219261 -7.130932003237458 -5.719927830038021 8.74784105152293 15.374781797287866 29.227205150310077 11.384725790880097 13.889790656036102 3.1882130800309723 7.552573904704097 -5.171547579191183 -2.2089394454369087 14.349390967439167 2.2406801042074447 6.031781013676607 -3.5424204806869675 0.064445561630464 15.877319110456956 -6.289623158538813 1.8112332830487254 -2.622862638634871 -12.054390334591554 -9.916424380916967 -13.406305924463735 -4.390855236827491
5.4709418837675345 5.345172214194633 -3.536656599004644 -0.061585820966811866 -2.0295096324707806 -7.059846647529913 -5.642170682682774 8.88507879075912 15.544022888654041 29.4326181926832 11.50960542072859 14.022621927208242 3.304688907065418 7.68114147379293 -5.0901699054265945 -2.120137138701595 14.513021709402281 2.349666571896665 6.15771231550907 -3.4554006468916576 0.16690283852963006 16.045128418828867 -6.215598294704776 1.9174907487758475 -2.534921775833947 -12.008834025445408 -9.859344729955717 -13.36912270591858 -4.315403676232137
5.531062124248497 5.3710113217262645 -3.510817491473013 -0.035746713435163 -2.0036705249391495 -7.034007539998264 -5.616331575151143 8.910917898290752 15.569861996185672 29.458457300214842 11.535444528260221 14.048461034739873 3.330528014597067 7.7069805813245615 -5.064330797894963 -2.0942980311699637 14.53886081693393 2.375505679428314 6.1835514230407185 -3.4295615393600265 0.19274194606126116 16.070967526360498 -6.189759187173145 1.9433298563074786 -2.509082668302316 -11.982994917913759 -9.833505622424068 -13.343283598386948 -4.289564568700506
5.591182364729459 5.39654475282747 -3.485284060371807 -0.010213282333957352 -1.978137093837944 -7.008474108897076 -5.590798144049938 8.936451329391957 15.595395427286878 29.483990731316045 11.560977959361427 14.073994465841078 3.3560614456982547 7.732514012425767 -5.038797366793758 -2.068764600068758 14.564394248035118 2.4010391105295197 6.209084854141924 -3.404028108258821 0.2182753771624668 16.096500957461704 -6.164225756071939 1.9688632874086842 -2.4835492372011103 -11.957461486812553 -9.80797219132288 -13.317750167285743 -4.2640311375993
5.651302605210421 5.421782537989781 -3.4600462752094963 0.015024502828335784 -1.952899308675633 -6.983236323734765 -5.565560358887627 8.961689114554268 15.620633212449189 29.509228516478355 11.586215744523738 14.09923225100339 3.3812992308605656 7.757751797588078 -5.013559581631447 -2.043526814906447 14.589632033197429 2.4262768956918306 6.234322639304235 -3.37879032309651 0.2435131623247777 16.121738742624014 -6.1389879709096284 1.9941010725709951 -2.4583114520387994 -11.93222370165026 -9.78273440616057 -13.292512382123432 -4.238793352436989
5.7114228456913825 5.446733107394071 -3.4350957058052067 0.03997507223264307 -1.9279487392713435 -6.9582857543304755 -5.540609789483337 8.986639683958558 15.645583781853478 29.534179085882645 11.611166313928027 14.124182820407679 3.406249800264855 7.782702366992368 -4.988609012227157 -2.0185762455021576 14.614582602601718 2.45122746509612 6.2592732087085245 -3.3538397536922204 0.26846373172906723 16.146689312028304 -6.114037401505339 2.0190516419752846 -2.43336088263451 -11.907273132245953 -9.757783836756262 -13.267561812719142 -4.2138427830327
5.771543086172344 5.471404983977397 -3.410423829221898 0.06464694881595179 -1.9032768626880348 -6.933613877747149 -5.5159379129000286 9.011311560541866 15.670255658436787 29.558850962465964 11.635838190511354 14.148854696991005 3.4309216768481816 7.807374243575676 -4.963937135643831 -1.9939043689188487 14.639254479185045 2.475899341679429 6.283945085291833 -3.329167877108894 0.2931356083123937 16.171361188611613 -6.089365524922012 2.0437235185585934 -2.4086890060511834 -11.882601255662644 -9.733111960172954 -13.242889936135816 -4.189170906449373
5.831663326653306 5.495805762010306 -3.386023051188971 0.08904772684887874 -1.8788760846551078 -6.909213099714222 -5.491537134867102 9.035712338574793 15.694656436469714 29.583251740498884 11.660238968544263 14.173255475023915 3.4553224548811086 7.831775021608603 -4.939536357610922 -1.9695035908859218 14.663655257217972 2.5003001197123558 6.30834586332476 -3.3047670990759848 0.3175363863453029 16.19576196664454 -6.064964746889103 2.0681242965915203 -2.3842882280182742 -11.858200477629717 -9.708711182140027 -13.218489158102907 -4.164770128416446
5.891783567134269 5.519943309252309 -3.3618855039469864 0.11318527409086343 -1.8547385374131231 -6.885075552472237 -5.467399587625117 9.059849885816778 15.718793983711699 29.60738928774087 11.684376515786248 14.1973930222659 3.4794600021230933 7.855912568850588 -4.915398810368937 -1.945366043643937 14.687792804459956 2.5244376669543405 6.332483410566745 -3.2806295518339823 0.3416739335872876 16.219899513886524 -6.040827199647101 2.092261843833505 -2.3601506807762718 -11.834062930387732 -9.684573634898042 -13.194351610860904 -4.1406325811744615
5.95190380761523 5.543824081185136 -3.3380047320141415 0.13706604602369055 -1.830857765480296 -6.86119478053941 -5.443518815692272 9.083730657749623 15.742674755644526 29.631270059673703 11.708257287719093 14.221273794198744 3.5033407740559204 7.879793340783433 -4.891518038436092 -1.9214852717110922 14.711673576392784 2.5483184388871676 6.356364182499572 -3.256748779901155 0.3655547055201325 16.24378028581935 -6.016946427714274 2.116142615766332 -2.3362699088434447 -11.810182158454905 -9.660692862965215 -13.170470838928077 -4.116751809241634
6.012024048096192 5.567455269146073 -3.314373544053222 0.16069723398462799 -1.8072265775193586 -6.837563592578473 -5.419887627731352 9.10736184571056 15.766305943605463 29.65490124763464 11.73188847568003 14.244904982159682 3.526971962016858 7.9034245287443525 -4.867886850475155 -1.8978540837501725 14.735304764353721 2.571949626848105 6.3799953704605095 -3.2331175919402177 0.3891858934810699 16.26741147378029 -5.993315239753336 2.1397738037272696 -2.312638720882507 -11.786550970493968 -9.637061675004277 -13.14683965096714 -4.093120621280697
6.072144288577154 5.590842578581281 -3.2909862346179963 0.1840845434198357 -1.783839268084133 -6.814176283143265 -5.396500318296127 9.130749155145768 15.789693253040689 29.67828855706986 11.755275785115238 14.26829229159489 3.5503592714520655 7.926811838179578 -4.844499541039947 -1.874466774314947 14.758692073788929 2.5953369362833127 6.403382679895735 -3.20973028250501 0.41257320291627764 16.290798783215514 -5.9699279303181285 2.163161113162495 -2.2892514114472995 -11.76316366105876 -9.61367436556907 -13.123452341531932 -4.069733311845489
6.132264529058116 5.613992637540726 -3.2678361756585694 0.20723460237928037 -1.7606892091247062 -6.79102622418382 -5.3733502593367 9.153899214105195 15.812843312000116 29.701438616029282 11.778425844074665 14.291442350554316 3.57350933041151 7.949961897139005 -4.82134948208052 -1.8513167153555201 14.781842132748373 2.6184869952427574 6.426532738855162 -3.1865802235455654 0.43572326187570454 16.31394884217494 -5.946777871358684 2.186311172121922 -2.266101352487855 -11.740013602099316 -9.590524306609625 -13.100302282572487 -4.046583252886045
6.192384769539078 5.63691062512083 -3.2449181880784472 0.2301525899593848 -1.7377712215446017 -6.768108236603716 -5.350432271756578 9.176817201685317 15.83576129958022 29.724356603609397 11.801343831654787 14.314360338134438 3.5964273179916146 7.972879884719109 -4.798431494500398 -1.8283987277754157 14.804760120328478 2.641404982822862 6.449450726435266 -3.163662235965461 0.45864124945582674 16.336866829755046 -5.923859883778579 2.2092291597020264 -2.2431833649077504 -11.717095614519211 -9.56760631902952 -13.077384294992383 -4.02366526530594
6.25250501002004 5.659602517408011 -3.222226295791284 0.25284448224656586 -1.7150793292574207 -6.745416344316535 -5.3277403794694145 9.199509093972498 15.858453191867401 29.74704849589658 11.824035723941968 14.33705223042162 3.6191192102787957 7.99557177700629 -4.775739602213217 -1.8057068354882346 14.827452012615659 2.664096875110043 6.472142618722447 -3.14097034367828 0.4813331417430078 16.359558722042227 -5.901167991491398 2.2319210519892074 -2.2204914726205693 -11.69440372223203 -9.54491442674234 -13.054692402705202 -4.000973373018759
6.312625250501002 5.682081581363665 -3.19974723183563 0.27532354620221966 -1.6926002653017669 -6.722937280360881 -5.305261315513761 9.221988157928134 15.880932255823055 29.769527559852232 11.846514787897622 14.359531294377256 3.6415982742344495 8.018050840961944 -4.753260538257581 -1.7832277715325808 14.849931076571313 2.6865759390656967 6.494621682678101 -3.118491279722626 0.5038122056986616 16.38203778599788 -5.878688927535745 2.2544001159448612 -2.1980124086649155 -11.671924658276376 -9.522435362786686 -13.032213338749548 -3.9784943090631053
6.372745490981964 5.704333816954552 -3.177494996244725 0.29757578179310684 -1.6703480297108797 -6.700685044769994 -5.283009079922856 9.24424039351904 15.903184491413942 29.79177979544312 11.868767023488509 14.38178352996816 3.6638505098253367 8.04030307655285 -4.731008302666676 -1.7609755359416759 14.8721833121622 2.708828174656584 6.516873918268988 -3.096239044131739 0.5260644412895488 16.404290021588768 -5.856436691944857 2.2766523515357484 -2.1757601730740284 -11.649672422685489 -9.500183127195799 -13.00996110315866 -3.956242073472218
6.432865731462925 5.726375249278437 -3.155453563920858 0.31961721411699173 -1.6483065973869948 -6.678643612446109 -5.260967647598989 9.266281825842906 15.925225923737827 29.813821227766997 11.890808455812376 14.403824962292028 3.6858919421492216 8.062344508876716 -4.708966870342809 -1.7389341036178088 14.894224744486085 2.7308696069804688 6.538915350592873 -3.074197611807854 0.5481058736134159 16.426331453912653 -5.8343952596209725 2.2986937838596333 -2.1537187407501435 -11.627630990361604 -9.478141694871914 -12.987919670834776 -3.9342006411483332
6.492985971943887 5.748210649909957 -3.13361816328932 0.34145261474851196 -1.6264711967554568 -6.656808211814589 -5.239132246967451 9.288117226474444 15.947061324369365 29.835656628398535 11.912643856443914 14.425660362923566 3.707727342780742 8.084179909508254 -4.687131469711271 -1.7170987029862708 14.916060145117605 2.7527050076120068 6.560750751224411 -3.0523622111763338 0.5699412742449539 16.44816685454419 -5.812559858989452 2.3205291844911713 -2.1318833401186232 -11.605795589730084 -9.456306294240393 -12.966084270203256 -3.912365240516813
6.55310621242485 5.7698440338752555 -3.1119847793240396 0.3630859987138102 -1.6048378127901763 -6.635174827849291 -5.21749886300217 9.309750610439725 15.968694708334645 29.857290012363816 11.934277240409195 14.447293746888846 3.72936072674604 8.105813293473535 -4.66549808574599 -1.6954653190209903 14.937693529082903 2.7743383915772872 6.582384135189692 -3.0307288272110355 0.5915746582102344 16.46980023850947 -5.790926475024154 2.3421625684564518 -2.110249956153325 -11.584162205764786 -9.434672910275095 -12.944450886237957 -3.8907318565515148
6.613226452905812 5.791279779216172 -3.0905490339831054 0.3845217440547266 -1.5834020674492422 -6.613739082508374 -5.196063117661236 9.331186355780659 15.99013045367558 29.87872575770474 11.955712985750129 14.46872949222978 3.7507964720869564 8.127249038814469 -4.644062340405056 -1.6740295736800561 14.95912927442382 2.7957741369182036 6.603819880530626 -3.009293081870119 0.6130104035511685 16.491235983850405 -5.769490729683238 2.363598313797386 -2.0888142108124086 -11.56272646042387 -9.413237164934179 -12.923015140897041 -3.8692961112105984
6.673346693386773 5.812521830400126 -3.0693069827991692 0.40576379523868056 -1.562160016265306 -6.59249703132442 -5.1748210664773 9.352428406964595 16.011372504859516 29.899967808888686 11.976955036934065 14.489971543413716 3.7720385232709104 8.148491089998405 -4.62282028922112 -1.65278752249612 14.980371325607774 2.8170161881021576 6.625061931714562 -2.988051030686165 0.6342524547351047 16.51247803503434 -5.748248678499284 2.384840364981322 -2.0675721596284724 -11.541484409239915 -9.391995113750225 -12.901773089713087 -3.8480540600266444
6.733466933867735 5.833574098255383 -3.0482547149438943 0.4268160630939555 -1.541107748410031 -6.571444763469163 -5.153768798622025 9.37348067481987 16.03242477271479 29.92102007674396 11.99800730478934 14.511023811268991 3.7930907911261675 8.16954335785368 -4.601768021365845 -1.631735254640845 15.001423593463048 2.8380684559574325 6.646114199569837 -2.966998762830908 0.6553047225903796 16.533530302889616 -5.7271964106440265 2.405892632836597 -2.0465198917731975 -11.52043214138464 -9.37094284589495 -12.88072082185783 -3.8270017921713873
6.793587174348697 5.85444052718362 -3.0273882860156576 0.44768249202219224 -1.5202413194817943 -6.550578334540926 -5.132902369693788 9.394347103748107 16.053291201643027 29.941886505672198 12.018873733717577 14.531890240197228 3.8139572200544043 8.190409786781917 -4.580901592437608 -1.6108688257126083 15.022290022391267 2.8589348848856693 6.666980628498074 -2.9461323339026713 0.6761711515186164 16.554396731817853 -5.70632998171579 2.426759061764834 -2.0256534628449607 -11.499565712456404 -9.350076416966731 -12.859854392929593 -3.8061353632431505
6.853707414829659 5.875124464073149 -3.006704349126146 0.468366428911704 -1.4995573825922826 -6.529894397651397 -5.112218432804276 9.415031040637619 16.07397513853254 29.962570442561717 12.039557670607106 14.552574177086758 3.834641156943934 8.211093723671429 -4.560217655548079 -1.5901848888230965 15.042973959280797 2.879618821775181 6.6876645653875855 -2.9254483970131417 0.6968550884081459 16.575080668707365 -5.68564604482626 2.4474429986543456 -2.004969525955431 -11.478881775566892 -9.329392480077201 -12.839170456040064 -3.785451426353621
