web/models/kne/19/mosfit_kn_0.095333_0.4217_3.6500.dat
# %ECSV 1.0
# ---
# datatype:
# - {name: time, datatype: float64}
# - {name: PS1_g, datatype: float64}
# - {name: PS1_i, datatype: float64}
# - {name: PS1_r, datatype: float64}
# - {name: PS1_w, datatype: float64}
# - {name: PS1_y, datatype: float64}
# - {name: PS1_z, datatype: float64}
# - {name: swift_uvot_B, datatype: float64}
# - {name: swift_uvot_U, datatype: float64}
# - {name: swift_uvot_uvm2, datatype: float64}
# - {name: swift_uvot_uvw1, datatype: float64}
# - {name: swift_uvot_uvw2, datatype: float64}
# - {name: swift_uvot_V, datatype: float64}
# - {name: johnson_B, datatype: float64}
# - {name: johnson_I, datatype: float64}
# - {name: johnson_R, datatype: float64}
# - {name: johnson_U, datatype: float64}
# - {name: johnson_V, datatype: float64}
# - {name: sdss_g, datatype: float64}
# - {name: sdss_i, datatype: float64}
# - {name: sdss_r, datatype: float64}
# - {name: sdss_u, datatype: float64}
# - {name: sdss_z, datatype: float64}
# - {name: ATLAS_c, datatype: float64}
# - {name: ATLAS_o, datatype: float64}
# - {name: ukirt_H, datatype: float64}
# - {name: ukirt_J, datatype: float64}
# - {name: ukirt_K, datatype: float64}
# - {name: Clear, datatype: float64}
# meta: !!omap
# - comment: [kappa = 3.65, type = rprocess, mass = 0.09533330950298248, velocity = 0.4216666666666667, theta_obs = 0.0, tfloor = 1000.0]
# schema: astropy-2.0
time PS1_g PS1_i PS1_r PS1_w PS1_y PS1_z swift_uvot_B swift_uvot_U swift_uvot_uvm2 swift_uvot_uvw1 swift_uvot_uvw2 swift_uvot_V johnson_B johnson_I johnson_R johnson_U johnson_V sdss_g sdss_i sdss_r sdss_u sdss_z ATLAS_c ATLAS_o ukirt_H ukirt_J ukirt_K Clear
[from data line 464]
27.955911823647295 8.72703608748223 -0.15479272571704783 3.320278052320802 1.3523542408168154 -3.677982774242299 -2.2603068093951784 12.266942664046717 18.925886761941637 32.81448206597081 14.891469294016186 17.404485800495838 6.686552780353032 11.063005347080527 -1.7083060321389985 1.2617267345860015 17.894885582689895 5.731530445184279 9.539576188796683 -0.07353677360406152 3.548766711817226 19.426992292116463 -2.8337344214171623 5.2993546220634435 0.846942097453649 -8.626970152157794 -6.4774808566681035 -9.987258832630983 -0.933539802944523
28.016032064128254 8.733284017521648 -0.1485447956776298 3.32652598236022 1.3586021708562335 -3.6717348442028985 -2.2540588793557603 12.273190594086135 18.932134691981055 32.82072999601023 14.897717224055604 17.410733730535256 6.692800710392432 11.069253277119945 -1.7020581020995804 1.2679746646254195 17.901133512729295 5.737778375223697 9.545824118836101 -0.06728884356464349 3.555014641856644 19.43324022215588 -2.827486491377762 5.305602552102862 0.853190027493067 -8.620722222118376 -6.471232926628685 -9.981010902591565 -0.9272918729051227
28.076152304609217 8.739520773473366 -0.14230803972591133 3.3327627383119385 1.364838926807952 -3.66549808825118 -2.247822123404042 12.279427350037853 18.938371447932774 32.82696675196195 14.903953980007323 17.416970486486974 6.6990374663441505 11.075490033071663 -1.695821346147862 1.274211420577138 17.907370268681014 5.7440151311754155 9.55206087478782 -0.06105208761292502 3.5612513978083626 19.4394769781076 -2.8212497354260435 5.31183930805458 0.8594267834447855 -8.614485466166657 -6.464996170676985 -9.974774146639847 -0.9210551169534043
28.13627254509018 8.745746440627151 -0.13608237257212608 3.338988405465706 1.3710645939617194 -3.659272421097395 -2.2415964562502566 12.285653017191638 18.94459711508654 32.833192419115726 14.910179647161108 17.42319615364076 6.705263133497936 11.08171570022543 -1.6895956789940767 1.2804370877309055 17.9135959358348 5.750240798329183 9.558286541941587 -0.05482642045913977 3.567477064962148 19.445702645261367 -2.8150240682722583 5.3180649752083475 0.8656524505985708 -8.60825979901289 -6.4587705035231995 -9.968548479486062 -0.914829449799619
28.196392785571142 8.751961110061277 -0.12986770313800022 3.3452030748998496 1.377279263395863 -3.653057751663251 -2.2353817868161308 12.291867686625764 18.950811784520685 32.839407088549855 14.916394316595234 17.429410823074885 6.711477802932062 11.087930369659574 -1.6833810095599508 1.286651757165049 17.919810605268943 5.756455467763327 9.564501211375731 -0.048611751025013916 3.5736917343962737 19.45191731469551 -2.8088093988381324 5.324279644642491 0.8718671200326966 -8.602045129578746 -6.452555834089056 -9.962333810051936 -0.9086147803654931
28.256513026052104 8.758164845088814 -0.12366396811046343 3.3514068099273686 1.3834829984233998 -3.646854016635732 -2.229178051788594 12.298071421653301 18.95701551954822 32.845610823577395 14.92259805162277 17.435614558102422 6.717681537959598 11.094134104687111 -1.677177274532414 1.2928554921925859 17.92601434029646 5.762659202790846 9.570704946403268 -0.04240801599747712 3.5798954694238105 19.458121049723047 -2.8026056638105956 5.330483379670028 0.8780708550602334 -8.595841394551227 -6.446352099061537 -9.956130075024399 -0.9024110453379564
28.316633266533064 8.764357749246425 -0.11747106395286977 3.35759971408498 1.3896759025809935 -3.6406611124781207 -2.2229851476310003 12.304264325810895 18.963208423705815 32.85180372773499 14.928790955780364 17.441807462260016 6.72387444211721 11.100327008844705 -1.6709843703748204 1.2990483963501795 17.932207244454073 5.768852106948457 9.576897850560862 -0.0362151118398657 3.586088373581404 19.46431395388064 -2.796412759652984 5.336676283827622 0.8842637592178448 -8.589648490393616 -6.440159194903925 -9.949937170866788 -0.8962181411803449
28.376753507014026 8.770539882976252 -0.11128893022302577 3.363781847814824 1.3958580363108375 -3.6344789787482767 -2.2168030139011563 12.310446459540739 18.96939055743566 32.85798586146483 14.934973089510208 17.44798959598986 6.730056575847054 11.106509142574549 -1.6648022366449764 1.3052305300800235 17.938389378183917 5.775034240678301 9.583079984290706 -0.030032978110021702 3.592270507311248 19.470496087610485 -2.79023062592314 5.342858417557466 0.8904458929476711 -8.583466356663772 -6.433977061174081 -9.943755037136944 -0.8900360074505009
28.43687374749499 8.776711329726066 -0.10511748347321159 3.3699532945646204 1.402029483060634 -3.6283075319984803 -2.210631567151342 12.316617906290553 18.975562004185456 32.86415730821464 14.941144536260023 17.454161042739674 6.73622802259685 11.112680589324345 -1.6586307898951622 1.31140197682982 17.944560824933713 5.7812056874280975 9.589251431040502 -0.023861531360225285 3.5984419540610624 19.47666753436028 -2.784059179173344 5.349029864307262 0.8966173396974852 -8.577294909913975 -6.427805614424285 -9.937583590387147 -0.8838645607007045
28.49699398797595 8.782872188671345 -0.09895662452793275 3.376114153509917 1.4081903420059305 -3.6221466730532015 -2.2044707082060633 12.322778765235832 18.981722863130752 32.87031816715992 14.947305395205301 17.460321901684953 6.742388881542129 11.118841448269642 -1.6524699309498834 1.3175628357751166 17.95072168387901 5.787366546373394 9.595412289985799 -0.01770067241494644 3.604602813006341 19.482828393305578 -2.777898320228065 5.355190723252559 0.9027781986427641 -8.571134050968679 -6.421644755478988 -9.931422731441868 -0.8777037017554257
28.557114228456914 8.789022537381328 -0.09280627581794931 3.3822645022198827 1.4143406907158962 -3.615996324343218 -2.19832035949608 12.328929113945815 18.987873211840718 32.876468515869895 14.953455743915285 17.466472250394936 6.7485392302521126 11.124991796979625 -1.6463195822399 1.3237131844851 17.956872032588976 5.79351689508336 9.601562638695764 -0.011550323704963006 3.6107531617163247 19.488978742015544 -2.7717479715180815 5.361341071962524 0.9089285473527475 -8.564983702258713 -6.415494406769023 -9.925272382731885 -0.8715533530454422
28.617234468937873 8.7951624514597 -0.08666636173957798 3.388404416298254 1.4204806047942675 -3.6098564102648467 -2.1921804454177085 12.335069028024186 18.99401312591909 32.88260842994827 14.959595657993656 17.472612164473308 6.754679144330484 11.131131711057979 -1.6401796681615286 1.3298530985634536 17.963011946667347 5.799656809161731 9.607702552774136 -0.005410409626591672 3.616893075794696 19.495118656093915 -2.76560805743971 5.367480986040896 0.9150684614311189 -8.558843788180342 -6.409354492690651 -9.919132468653514 -0.8654134389670709
28.677354709418836 8.801292011150839 -0.08053680204843872 3.3945339759893933 1.4266101644854245 -3.6037268505737075 -2.1860508857265692 12.341198587715326 19.000142685610246 32.88873798963941 14.965725217684795 17.478741724164447 6.760808704021623 11.137261270749136 -1.6340501084703893 1.3359826582546106 17.969141506358486 5.80578636885287 9.613832112465275 0.0007191500645475912 3.6230226354858353 19.501248215785072 -2.759478497748571 5.373610545732053 0.9211980211222581 -8.552714228489203 -6.403224932999512 -9.913002908962374 -0.8592838792759316
28.7374749498998 8.807411280920245 -0.07441753227904968 3.4006532457588 1.4327294342548136 -3.5976075808043007 -2.17993161595718 12.347317857484715 19.006261955379635 32.89485725940881 14.971844487454185 17.484860993933836 6.76692797379103 11.143380540518525 -1.6279308387010003 1.3421019280239996 17.975260776127893 5.811905638622277 9.619951382234682 0.00683841983395439 3.6291419052552243 19.50736748555446 -2.753359227979164 5.379729815501442 0.9273172908916649 -8.546594958719796 -6.397105663230105 -9.906883639192968 -0.8531646095065248
28.79759519038076 8.81352035726401 -0.06830845593528423 3.4067623221025656 1.438838510598579 -3.591498504460535 -2.1738225396134148 12.35342693382848 19.0123710317234 32.90096633575258 14.977953563797968 17.4909700702776 6.773037050134795 11.14948961686229 -1.6218217623572349 1.348211004367765 17.98136985247166 5.818014714966043 9.626060458578447 0.012947496177719842 3.6352509815990075 19.513476561898226 -2.7472501516353987 5.385838891845207 0.9334263672354304 -8.54048588237603 -6.39099658688634 -9.900774562849202 -0.8470555331627594
28.857715430861724 8.81961930414045 -0.06220950905882816 3.412861268979004 1.4449374574750173 -3.585399557584097 -2.1677235927369587 12.359525880704936 19.01846997859984 32.90706528262902 14.984052510674406 17.497069017154057 6.779135997011234 11.155588563738728 -1.6157228154807788 1.3543099512442034 17.987468799348097 5.824113661842481 9.632159405454885 0.019046443054158146 3.641349928475446 19.519575508774665 -2.7411512047589603 5.3919378387216454 0.9395253141118687 -8.534386935499592 -6.384897640009902 -9.894675615972764 -0.8409565862863211
28.917835671342683 8.825708189826678 -0.05612062337259971 3.41895015466525 1.4510263431612636 -3.5793106718978507 -2.1616347070507302 12.365614766391165 19.024558864286085 32.91315416831526 14.990141396360634 17.503157902840286 6.78522488269748 11.161677449424975 -1.6096339297945503 1.3603988369304496 17.993557685034343 5.830202547528727 9.638248291141132 0.025135328740386598 3.6474388141616743 19.52566439446091 -2.735062319072732 5.398026724407892 0.9456141997980971 -8.528298049813346 -6.378808754323655 -9.888586730286535 -0.8348677006000749
28.977955911823646 8.831787112056695 -0.0500417011426002 3.4250290768952496 1.457105265391263 -3.573231749667851 -2.1555557848207307 12.371693688621164 19.030637786516085 32.919233090545255 14.996220318590634 17.509236825070285 6.791303804927479 11.167756371654974 -1.6035550075645508 1.3664777591604491 17.999636607264343 5.836281469758727 9.644327213371131 0.031214250970403867 3.6535177363916738 19.53174331669091 -2.7289833968427146 5.404105646637891 0.9516931220281144 -8.522219127583346 -6.372729832093656 -9.882507808056518 -0.8287887783700754
29.03807615230461 8.837856137246227 -0.043972675953067863 3.431098102084782 1.4631742905807954 -3.567162724478319 -2.1494867596311984 12.377762713810696 19.036706811705617 32.9253021157348 15.002289343780184 17.515305850259818 6.797372830117012 11.173825396844506 -1.5974859823750185 1.3725467843499815 18.005705632453875 5.842350494948259 9.650396238560663 0.03728327615993621 3.659586761581224 19.537812341880443 -2.7229143716531823 5.4101746718274235 0.9577621472176467 -8.516150102393814 -6.3666608069041235 -9.876438782866986 -0.822719753180543
29.09819639278557 8.843915343020523 -0.03791347017875424 3.4371573078590956 1.469233496355109 -3.561103518704005 -2.1434275538568848 12.38382191958501 19.04276601747993 32.9313613215091 15.00834854955448 17.52136505603413 6.803432035891325 11.17988460261882 -1.5914267766007049 1.378605990124295 18.01176483822819 5.848409700722573 9.656455444334977 0.04334248193423207 3.6656459673555197 19.543871547654756 -2.7168551658788864 5.416233877601737 0.9638213529919426 -8.5100908966195 -6.36060160112981 -9.87037957709269 -0.8166605474062472
29.158316633266534 8.849964797259826 -0.03186401593945121 3.4432067620983986 1.475282950594412 -3.555054064464702 -2.1373780996175817 12.389871373824313 19.048815471719234 32.937410775748404 15.014398003793783 17.527414510273434 6.809481490130628 11.185934056858123 -1.5853773223614018 1.384655444363598 18.01781429246749 5.854459154961876 9.66250489857428 0.049391936173552864 3.6716954215948228 19.54992100189406 -2.7108057116395656 5.42228333184104 0.9698708072312456 -8.504041442380197 -6.354552146890507 -9.864330122853369 -0.8106110931669264
29.218436873747493 8.856004567772455 -0.025824245426822046 3.4492465326110278 1.4813227211070412 -3.549014293952091 -2.1313383291049526 12.395911144336942 19.054855242231863 32.94345054626103 15.020437774306412 17.533454280786064 6.81552126064324 11.191973827370752 -1.5793375518487727 1.3906952148762273 18.02385406298012 5.860498925474505 9.66854466908691 0.05543170668616426 3.677735192107452 19.55596077240669 -2.7047659411269542 5.428323102353669 0.9759105777438748 -8.498001671867568 -6.348512376377878 -9.858290352340758 -0.804571322654315
29.278557114228455 8.8620347307711 -0.019794082428177262 3.455276695609655 1.487352884105686 -3.542984130953446 -2.125308166106308 12.401941307335587 19.060885405230508 32.94948070925967 15.026467937305057 17.53948444378471 6.821551423641885 11.198003990369397 -1.5733073888501279 1.396725377874872 18.029884225978748 5.866529088473132 9.674574832085536 0.061461869684809045 3.6837653551060967 19.561990935405333 -2.6987357781283094 5.434353265352296 0.9819407407425196 -8.491971508868941 -6.342482213379251 -9.852260189342113 -0.7985411596556702
29.338677354709418 8.86805536647918 -0.013773446720097837 3.461297331317752 1.4933735198137654 -3.536963495245349 -2.1192875303982284 12.407961943043667 19.066906040938587 32.95550134496776 15.032488573013136 17.545505079492788 6.827572059349982 11.204024626077477 -1.5672867531420485 1.4027460135829515 18.035904861686845 5.872549724181229 9.680595467793633 0.06748250539288847 3.689785990814176 19.568011571113413 -2.69271514242023 5.4403739010603935 0.987961376450599 -8.485950873160844 -6.3364615776711535 -9.846239553634033 -0.7925205239475908
29.39879759519038 8.87406651794807 -0.0077622952512079735 3.467308482786642 1.4993846712826553 -3.530952343776459 -2.1132763789293385 12.413973094512556 19.072917192407477 32.96151249643665 15.038499724482026 17.551516230961678 6.833583210818872 11.210035777546366 -1.5612756016731586 1.4087571650518413 18.041916013155735 5.878560875650119 9.686606619262523 0.07349365686177833 3.695797142283066 19.574022722582303 -2.68670399095134 5.446385052529283 0.9939725279194889 -8.479939721691954 -6.330450426202264 -9.840228402165144 -0.7865093724787009
29.458917835671343 8.880068277684838 -0.001760535514438999 3.473310242523411 1.5053864310194243 -3.52495058403969 -2.1072746191925695 12.419974854249325 19.078918952144246 32.967514256173416 15.044501484218795 17.557517990698447 6.839584970555641 11.216037537283135 -1.5552738419363896 1.4147589247886103 18.047917772892504 5.884562635386888 9.692608378999292 0.07949541659854731 3.701798902019835 19.58002448231907 -2.680702231214571 5.452386812266052 0.9999742876562578 -8.473937961955185 -6.324448666465495 -9.834226642428375 -0.7805076127419142
29.519038076152302 8.886060721613962 0.004231908414684682 3.4793026864525167 1.511378874948548 -3.518958140110584 -2.101282175263446 12.425967298178449 19.08491139607337 32.97350670010253 15.050493928147919 17.56351043462757 6.8455774144847465 11.222029981212259 -1.549281398007266 1.420751368717734 18.05391021682161 5.890555079315994 9.698600822928398 0.08548786052767099 3.7077913459489587 19.586016926248195 -2.6747097872854475 5.458379256195176 1.0059667315853815 -8.46794551802608 -6.318456222536389 -9.828234198499251 -0.7745151688128082
29.579158316633265 8.892043910965448 0.0102150977661708 3.4852858758040206 1.517362064300034 -3.512974950759098 -2.0952989859119597 12.431950487529935 19.090894585424856 32.97948988945403 15.056477117499405 17.569493623979056 6.851560603836233 11.228013170563745 -1.5432982086557798 1.4267345580692201 18.059893406173096 5.896538268667498 9.704584012279902 0.09147104987915711 3.7137745353004448 19.59200011559968 -2.6687265979339614 5.464362445546662 1.0119499209368676 -8.461962328674575 -6.312473033184885 -9.822251009147765 -0.7685319794613221
