web/models/kne/19/mosfit_kn_0.144270_0.3433_0.5000.dat
# %ECSV 1.0
# ---
# datatype:
# - {name: time, datatype: float64}
# - {name: PS1_g, datatype: float64}
# - {name: PS1_i, datatype: float64}
# - {name: PS1_r, datatype: float64}
# - {name: PS1_w, datatype: float64}
# - {name: PS1_y, datatype: float64}
# - {name: PS1_z, datatype: float64}
# - {name: swift_uvot_B, datatype: float64}
# - {name: swift_uvot_U, datatype: float64}
# - {name: swift_uvot_uvm2, datatype: float64}
# - {name: swift_uvot_uvw1, datatype: float64}
# - {name: swift_uvot_uvw2, datatype: float64}
# - {name: swift_uvot_V, datatype: float64}
# - {name: johnson_B, datatype: float64}
# - {name: johnson_I, datatype: float64}
# - {name: johnson_R, datatype: float64}
# - {name: johnson_U, datatype: float64}
# - {name: johnson_V, datatype: float64}
# - {name: sdss_g, datatype: float64}
# - {name: sdss_i, datatype: float64}
# - {name: sdss_r, datatype: float64}
# - {name: sdss_u, datatype: float64}
# - {name: sdss_z, datatype: float64}
# - {name: ATLAS_c, datatype: float64}
# - {name: ATLAS_o, datatype: float64}
# - {name: ukirt_H, datatype: float64}
# - {name: ukirt_J, datatype: float64}
# - {name: ukirt_K, datatype: float64}
# - {name: Clear, datatype: float64}
# meta: !!omap
# - comment: [kappa = 0.5, type = rprocess, mass = 0.1442699905917794, velocity = 0.3433333333333334, theta_obs = 0.0, tfloor = 1000.0]
# schema: astropy-2.0
time PS1_g PS1_i PS1_r PS1_w PS1_y PS1_z swift_uvot_B swift_uvot_U swift_uvot_uvm2 swift_uvot_uvw1 swift_uvot_uvw2 swift_uvot_V johnson_B johnson_I johnson_R johnson_U johnson_V sdss_g sdss_i sdss_r sdss_u sdss_z ATLAS_c ATLAS_o ukirt_H ukirt_J ukirt_K Clear
[from data line 375]
22.605210420841683 6.766277864860353 -2.1155509483389245 1.3595198296989075 -0.6084039818050613 -5.638740996864193 -4.221065032017055 10.30618444142484 16.96512853931976 30.853723843348927 12.93071107139431 15.443727577873961 4.725794557731137 9.10224712445865 -3.669064254760875 -0.6990314880358752 15.934127360068 3.7707722225623845 7.578817966174807 -2.0342949962259382 1.5880084891953494 17.466234069494586 -4.794492644039057 3.338596399441567 -1.1138161251682277 -10.587728374779688 -8.438239079289998 -11.94801705525286 -2.8942980255664175
22.665330661322646 6.773012877902378 -2.1088159352968994 1.3662548427409504 -0.6016689687630361 -5.632005983822168 -4.21433001897503 10.312919454466865 16.971863552361786 30.860458856390952 12.937446084436335 15.450462590915986 4.7325295707731625 9.108982137500675 -3.66232924171885 -0.69229647499385 15.940862373110026 3.7775072356044275 7.585552979216832 -2.027559983183913 1.5947435022373746 17.47296908253661 -4.7877576309970316 3.345331412483592 -1.1070811121262025 -10.580993361737645 -8.431504066247955 -11.941282042210835 -2.8875630125243923
22.725450901803605 6.779727680169501 -2.1021011330297767 1.3729696450080553 -0.5949541664959135 -5.6252911815550455 -4.207615216707907 10.319634256733988 16.978578354628908 30.86717365865808 12.944160886703457 15.457177393183109 4.739244373040285 9.115696939767798 -3.6556144394517274 -0.6855816727267274 15.947577175377148 3.7842220378715323 7.5922677814839545 -2.0208451809167904 1.6014583045044972 17.479683884803734 -4.781042828729909 3.3520462147507146 -1.10036630985908 -10.57427855947054 -8.42478926398085 -11.934567239943712 -2.8808482102572697
22.785571142284567 6.78642238422027 -2.0954064289790075 1.3796643490588245 -0.5882594624451443 -5.618596477504276 -4.200920512657138 10.326328960784757 16.985273058679677 30.873868362708837 12.950855590754227 15.463872097233878 4.745939077091054 9.122391643818567 -3.648919735400958 -0.6788869686759582 15.954271879427917 3.7909167419223015 7.598962485534706 -2.0141504768660212 1.6081530085552664 17.486378588854503 -4.77434812467914 3.358740918801484 -1.0936716058083107 -10.567583855419771 -8.418094559930081 -11.927872535892943 -2.8741535062065005
22.84569138276553 6.793097110602577 -2.0887317025967 1.386339075441132 -0.5815847360628368 -5.611921751121969 -4.194245786274831 10.333003687167064 16.991947785061985 30.880543089091145 12.957530317136534 15.470546823616186 4.752613803473362 9.129066370200874 -3.6422450090186507 -0.6722122422936507 15.960946605810225 3.797591468304609 7.6056372119170135 -2.0074757504837137 1.614827734937574 17.49305331523681 -4.767673398296832 3.3654156451837736 -1.0869968794260032 -10.560909129037464 -8.411419833547773 -11.921197809510636 -2.867478779824193
22.905811623246493 6.799751964794201 -2.0820768484050944 1.3929939296327554 -0.5749298818712312 -5.605266896930345 -4.187590932083225 10.33965854135867 16.99860263925359 30.88719794328276 12.96418517132814 15.477201677807791 4.759268657664985 9.13572122439248 -3.635590154827045 -0.6655573881020451 15.967601460001848 3.8042463224962324 7.612292066108637 -2.0008208962920904 1.6214825891291795 17.499708169428416 -4.761018544105209 3.372070499375397 -1.0803420252343798 -10.55425427484584 -8.40476497935615 -11.914542955319012 -2.8608239256325696
22.965931863727455 6.80638705387242 -2.075441759326857 1.3996290187109928 -0.5682947927929938 -5.598631807852108 -4.180955843004988 10.346293630436907 17.005237728331828 30.893833032360998 12.970820260406377 15.483836766886029 4.765903746743223 9.142356313470717 -3.6289550657488077 -0.6589222990238077 15.974236549080086 3.81088141157447 7.618927155186874 -1.9941858072138707 1.628117678207417 17.506343258506654 -4.754383455026989 3.3787055884536343 -1.0737069361561602 -10.547619185767603 -8.398129890277913 -11.907907866240793 -2.854188836554332
23.026052104208414 6.813002498003478 -2.0688263151957997 1.40624446284205 -0.5616793486619365 -5.592016363721051 -4.17434039887393 10.352909074567965 17.011853172462885 30.900448476492056 12.977435704537434 15.490452211017086 4.77251919087428 9.148971757601775 -3.6223396216177504 -0.6523068548927504 15.980851993211143 3.817496855705527 7.6255425993179315 -1.9875703630827957 1.6347331223384742 17.51295870263771 -4.747768010895914 3.3853210325846916 -1.067091492025103 -10.541003741636546 -8.391514446146855 -11.901292422109718 -2.847573392423275
23.086172344689377 6.8195984067565085 -2.062230406442769 1.412840371595081 -0.5550834399089055 -5.5854204549680375 -4.167744490120899 10.359504983320996 17.018449081215916 30.907044385245083 12.984031613290465 15.497048119770117 4.779115099627293 9.155567666354806 -3.6157437128647194 -0.6457109461397195 15.987447901964156 3.824092764458558 7.6321385080709625 -1.9809744543297825 1.6413290310915052 17.519554611390742 -4.741172102142901 3.3919169413377226 -1.060495583272072 -10.534407832883515 -8.384918537393842 -11.894696513356704 -2.8409774836702617
23.14629258517034 6.826174885013394 -2.055653928185901 1.4194168498519488 -0.5485069616520377 -5.578843976711152 -4.1611680118640315 10.366081461577863 17.025025559472784 30.913620863501965 12.990608091547351 15.503624598027002 4.785691577884179 9.162144144611673 -3.609167234607834 -0.6391344678828517 15.994024380221042 3.830669242715426 7.63871498632783 -1.974397976072897 1.6479055093483908 17.52613108964761 -4.734595623886015 3.3984934195945904 -1.0539191050151864 -10.527831354626647 -8.378342059136957 -11.888120035099819 -2.834401005413376
23.206412825651302 6.832732038992706 -2.0490967742065713 1.4259740038312607 -0.5419498076727081 -5.57228682273184 -4.154610857884702 10.372638615557193 17.031582713452114 30.92017801748128 12.997165245526663 15.510181752006314 4.7922487318634905 9.168701298591003 -3.602610080628522 -0.632577313903522 16.000581534200354 3.8372263966947378 7.64527214030716 -1.967840822093585 1.6544626633277026 17.53268824362694 -4.7280384699067035 3.40505057357392 -1.0473619510358745 -10.521274200647335 -8.371784905157645 -11.881562881120507 -2.8278438514340642
23.266533066132265 6.839269982297438 -2.0425588309018394 1.4325119471359926 -0.5354118643679939 -5.565748879427108 -4.14807291457997 10.379176558861925 17.038120656756828 30.926715960786 13.003703188831395 15.516719695311046 4.798786675168222 9.175239241895735 -3.59607213732379 -0.6260393705988079 16.007119477505086 3.8437643399994696 7.651810083611874 -1.9613028787888531 1.6610006066324345 17.539226186931653 -4.721500526601972 3.411588516878634 -1.0408240077311426 -10.514736257342603 -8.365246961852913 -11.875024937815775 -2.8213059081293324
23.326653306613224 6.845788818036986 -2.036039995162291 1.4390307828755589 -0.5288930286284277 -5.55923004368756 -4.1415540788404215 10.385695394601473 17.044639492496394 30.933234796525564 13.010222024570943 15.523238531050595 4.805305510907771 9.181758077635283 -3.5895533015842416 -0.6195205348592416 16.013638313244634 3.850283175739036 7.65832891935144 -1.9547840430493046 1.667519442371983 17.54574502267122 -4.714981690862423 3.4181073526182004 -1.034305171991594 -10.508217421603037 -8.358728126113347 -11.868506102076227 -2.814787072389784
23.386773547094187 6.852288646270122 -2.0295401669291557 1.4455306111086763 -0.5223932003952925 -5.5527302154544245 -4.135054250607286 10.392195222834609 17.05113932072953 30.939734624758696 13.016721852804078 15.52973835928373 4.811805339140906 9.188257905868419 -3.5830534733511064 -0.6130207066261064 16.02013814147777 3.8567830039721533 7.6648287475845756 -1.9482842148161694 1.6740192706051182 17.552244850904355 -4.708481862629288 3.4246071808513356 -1.027805343758459 -10.50171759336992 -8.35222829788023 -11.862006273843091 -2.8082872441566487
23.44689378757515 6.858769581199571 -2.0230592319997243 1.4520115460381255 -0.515912265465861 -5.546249280524975 -4.128573315677855 10.39867615776404 17.05762025565896 30.94621555968813 13.02320278773351 15.536219294213161 4.818286274070355 9.19473884079785 -3.576572538421675 -0.606539771696675 16.02661907640722 3.8632639389016026 7.671309682514007 -1.9418032798867202 1.6805002055345497 17.558725785833786 -4.702000927699839 3.431088115780767 -1.0213244088290097 -10.49523665844047 -8.34574736295078 -11.855525338913642 -2.8018063092271994
23.507014028056112 6.8652317293257425 -2.0165970838735348 1.458473694164315 -0.5094501173396715 -5.539787132398786 -4.122111167551665 10.40513830589023 17.06408240378515 30.95267770781432 13.0296649358597 15.542681442339351 4.824748422196545 9.20120098892404 -3.5701103902954854 -0.6000776235704854 16.033081224533408 3.869726087027792 7.6777718306401965 -1.9353411317605484 1.6869623536607392 17.565187933959976 -4.695538779573649 3.4375502639069566 -1.014862260702838 -10.48877451031428 -8.33928521482459 -11.849063190787453 -2.79534416110101
23.567134268537075 6.871675188693267 -2.0101536245060103 1.4649171535318217 -0.5030066579721648 -5.533343673031279 -4.115667708184141 10.411581765257754 17.070525863152657 30.959121167181838 13.036108395227224 15.549124901706875 4.8311918815640515 9.207644448291564 -3.563666930927961 -0.593634164202961 16.039524683900915 3.8761695463952988 7.684215290007703 -1.928897672393024 1.6934058130282637 17.571631393327483 -4.6890953202061425 3.4439937232744633 -1.0084188013353135 -10.482331050946774 -8.332841755457084 -11.842619731419946 -2.7889007017335032
23.627254509018034 6.8781000620467125 -2.0037287511525648 1.471342026885285 -0.4965817846187015 -5.526918799677816 -4.109242834830695 10.4180066386112 17.07695073650612 30.96554604053529 13.04253326858067 15.55554977506032 4.837616754917515 9.21406932164501 -3.5572420575745154 -0.5872092908495155 16.045949557254378 3.882594419748762 7.6906401633611665 -1.9224727990395785 1.6998306863817092 17.578056266680946 -4.682670446852697 3.4504185966279266 -1.001993927981868 -10.47590617759331 -8.32641688210362 -11.8361948580665 -2.78247582838004
23.687374749498996 6.884506454836341 -1.9973223583629363 1.4777484196748958 -0.490175391829073 -5.520512406888205 -4.102836442041067 10.424413031400828 17.08335712929575 30.97195243332492 13.048939661370298 15.56195616784995 4.844023147707126 9.220475714434638 -3.550835664784887 -0.5808028980598869 16.05235595004399 3.889000812538373 7.697046556150795 -1.91606640624995 1.7062370791713377 17.584462659470574 -4.676264054063068 3.456824989417555 -0.9955875351922394 -10.4694997848037 -8.32001048931401 -11.829788465276872 -2.776069435590429
23.74749498997996 6.890894469846032 -1.9909343433532634 1.4841364346845864 -0.4837873768194001 -5.514124391878514 -4.096448427031394 10.430801046410501 17.08974514430542 30.978340448334595 13.05532767637997 15.568344182859622 4.850411162716816 9.226863729444311 -3.544447649775214 -0.574414883050214 16.05874396505368 3.8953888275480635 7.703434571160468 -1.9096783912402593 1.7126250941810106 17.590850674480247 -4.669876039053378 3.463213004427228 -0.9891995201825488 -10.46311176979401 -8.313622474304319 -11.823400450267181 -2.7696814205807385
23.80761523046092 6.8972641995880934 -1.9845646136111839 1.490506164426666 -0.4774176470773206 -5.507754662136435 -4.090078697289314 10.43717077615258 17.0961148740475 30.98471017807667 13.06169740612205 15.574713912601702 4.856780892458878 9.23323345918639 -3.5380779200331345 -0.5680451533081345 16.06511369479576 3.901758557290143 7.709804300902547 -1.9033086614981976 1.71899482392309 17.597220404222327 -4.663506309311316 3.4695827341693075 -0.982829790440487 -10.45674204005193 -8.30725274456224 -11.81703072052512 -2.763311690838677
23.867735470941884 6.903615751217647 -1.9782130619816485 1.4968577160562013 -0.4710660954477852 -5.5014031105068995 -4.083727145659779 10.443522327782116 17.102466425677036 30.991061729706214 13.068048957751603 15.581065464231255 4.863132444088431 9.239585010815926 -3.5317263684035813 -0.5616936016785992 16.071465246425294 3.9081101089196784 7.716155852532083 -1.8969571098686444 1.7253463755526433 17.603571955851862 -4.657154757681763 3.475934285798843 -0.9764782388109339 -10.450390488422395 -8.300901192932704 -11.810679168895566 -2.7569601392091236
23.927855711422843 6.909949229088532 -1.9718795841107628 1.503191193927087 -0.46473261757689954 -5.495069632636014 -4.077393667788893 10.449855805653002 17.108799903547922 30.997395207577103 13.07438243562249 15.58739894210214 4.869465921959317 9.245918488686812 -3.5253928905326957 -0.5553601238077135 16.07779872429618 3.914443586790564 7.7224893304029685 -1.8906236319977587 1.731679853423529 17.609905433722748 -4.650821279810877 3.4822677636697286 -0.9701447609400482 -10.444057010551509 -8.294567715061818 -11.80434569102468 -2.750626661338238
23.987975951903806 6.916264726367842 -1.965564086831435 1.509506691206397 -0.4584171202975895 -5.488754135356704 -4.0710781705095656 10.45617130293233 17.115115400827232 31.003710704856406 13.0806979329018 15.59371443938145 4.875781419238627 9.25223398596614 -3.5190773932533856 -0.5490446265283857 16.08411422157549 3.920759084069874 7.7288048276822785 -1.8843081347184487 1.737995350702839 17.616220931002058 -4.644505782531567 3.4885832609490386 -0.9638292636607382 -10.437741513272199 -8.288252217782508 -11.79803019374537 -2.744311164058928
24.04809619238477 6.922562340294363 -1.9592664729049147 1.515804305132935 -0.45211950637105147 -5.482456521430166 -4.064780556583045 10.46246891685885 17.12141301475377 31.01000831878294 13.08699554682832 15.600012053307971 4.882079033165165 9.25853159989266 -3.5127797793268654 -0.5427470126018654 16.090411835502028 3.927056697996412 7.7351024416088165 -1.8780105207919284 1.7442929646293592 17.622518544928596 -4.638208168605047 3.4948808748755766 -0.9575316497342179 -10.43144389934566 -8.28195460385597 -11.79173257981885 -2.73801355013239
24.10821643286573 6.928842169562337 -1.9529866436369403 1.5220841344009095 -0.44583967710307704 -5.476176692162209 -4.058500727315071 10.468748746126824 17.127692844021745 31.016288148050915 13.093275376096294 15.606291882575945 4.888358862433122 9.264811429160634 -3.506499950058891 -0.536467183333891 16.096691664769985 3.9333365272643865 7.741382270876791 -1.871730691523954 1.7505727938973337 17.62879837419657 -4.6319283393370725 3.501160704143551 -0.9512518204662435 -10.425164070077686 -8.275674774587996 -11.785452750550876 -2.7317337208644332
24.168336673346694 6.9351043153070435 -1.9467244978922338 1.5283462801455983 -0.4395775313583705 -5.4699145464175025 -4.052238581570364 10.47501089187153 17.13395498976645 31.02255029379562 13.099537521841 15.612554028320652 4.894621008177828 9.27107357490534 -3.5002378043141844 -0.5302050375891845 16.10295381051469 3.9395986730090753 7.7476444166214975 -1.8654685457792475 1.7568349396420402 17.635060519941277 -4.625666193592366 3.5074228498882576 -0.9449896747215369 -10.418901924332998 -8.269412628843307 -11.77919060480617 -2.7254715751197267
24.228456913827653 6.94134886483134 -1.9404799483679547 1.5345908296698951 -0.4333329818340914 -5.463669996893206 -4.045994032046085 10.48125544139581 17.14019953929073 31.028794843319904 13.105782071365297 15.618798577844931 4.900865557702125 9.27731812442962 -3.4939932547899053 -0.5239604880649054 16.109198360038988 3.945843222533372 7.753888966145777 -1.8592239962549506 1.763079489166337 17.641305069465556 -4.619421644068069 3.5136673994125367 -0.9387451251972401 -10.4126573748087 -8.26316807931901 -11.772946055281873 -2.71922702559543
