web/models/kne/19/villar_0.0043_0.4060_1.0000.dat
# %ECSV 1.0
# ---
# datatype:
# - {name: time, datatype: float64}
# - {name: swift_uvot_uvw2, datatype: float64}
# - {name: swift_uvot_uvm2, datatype: float64}
# - {name: swift_uvot_uvw1, datatype: float64}
# - {name: swift_uvot_U, datatype: float64}
# - {name: swift_uvot_B, datatype: float64}
# - {name: swift_uvot_V, datatype: float64}
# - {name: swift_uvot_W, datatype: float64}
# - {name: johnson_U, datatype: float64}
# - {name: johnson_B, datatype: float64}
# - {name: johnson_V, datatype: float64}
# - {name: johnson_R, datatype: float64}
# - {name: johnson_I, datatype: float64}
# - {name: sdss_u, datatype: float64}
# - {name: sdss_g, datatype: float64}
# - {name: sdss_r, datatype: float64}
# - {name: sdss_i, datatype: float64}
# - {name: sdss_z, datatype: float64}
# - {name: PS1_g, datatype: float64}
# - {name: PS1_r, datatype: float64}
# - {name: PS1_i, datatype: float64}
# - {name: PS1_z, datatype: float64}
# - {name: PS1_Y, datatype: float64}
# - {name: PS1_w, datatype: float64}
# - {name: ATLAS_c, datatype: float64}
# - {name: ATLAS_o, datatype: float64}
# - {name: ukirt_J, datatype: float64}
# - {name: ukirt_H, datatype: float64}
# - {name: ukirt_K, datatype: float64}
# - {name: Clear, datatype: float64}
# meta: !!omap
# - comment: [kappa = 1.0, type = villar, mass = 0.004263435211354371, velocity = 0.406, theta_obs = 0.0]
# schema: astropy-2.0
time swift_uvot_uvw2 swift_uvot_uvm2 swift_uvot_uvw1 swift_uvot_U swift_uvot_B swift_uvot_V swift_uvot_W johnson_U johnson_B johnson_V johnson_R johnson_I sdss_u sdss_g sdss_r sdss_i sdss_z PS1_g PS1_r PS1_i PS1_z PS1_Y PS1_w ATLAS_c ATLAS_o ukirt_J ukirt_H ukirt_K Clear
[from data line 214]
0.587772 -7.686 -4.631 -7.134 -9.2 -10.897 -12.082 -10.171 -9.509 -10.943 -12.128 -12.948 -13.481 -9.399 -11.376 -12.607 -13.185 -13.535 -11.629 -12.646 -13.215 -13.507 -13.703 -12.647 -12.019 -12.902 -13.837 -13.815 -13.604 -12.673
0.605549 -7.638 -4.316 -6.893 -8.969 -10.724 -11.953 -10.028 -9.288 -10.774 -12.002 -12.862 -13.423 -9.172 -11.222 -12.502 -13.109 -13.48 -11.491 -12.544 -13.14 -13.45 -13.657 -12.553 -11.894 -12.814 -13.814 -13.809 -13.611 -12.59
0.623863 -7.59 -3.996 -6.639 -8.721 -10.538 -11.813 -9.876 -9.05 -10.591 -11.865 -12.767 -13.359 -8.929 -11.056 -12.387 -13.024 -13.419 -11.343 -12.432 -13.057 -13.385 -13.606 -12.45 -11.758 -12.716 -13.786 -13.799 -13.616 -12.499
0.642731 -7.54 -3.675 -6.371 -8.455 -10.336 -11.661 -9.712 -8.795 -10.393 -11.717 -12.662 -13.288 -8.668 -10.876 -12.261 -12.931 -13.35 -11.184 -12.311 -12.966 -13.313 -13.548 -12.338 -11.611 -12.609 -13.753 -13.786 -13.618 -12.402
0.66217 -7.488 -3.361 -6.088 -8.168 -10.119 -11.495 -9.537 -8.521 -10.18 -11.555 -12.548 -13.208 -8.387 -10.682 -12.124 -12.828 -13.274 -11.014 -12.178 -12.865 -13.233 -13.483 -12.216 -11.451 -12.493 -13.714 -13.768 -13.617 -12.296
0.682197 -7.433 -3.061 -5.789 -7.86 -9.884 -11.316 -9.35 -8.226 -9.95 -11.38 -12.423 -13.12 -8.085 -10.471 -11.974 -12.715 -13.188 -10.831 -12.033 -12.754 -13.144 -13.41 -12.083 -11.278 -12.365 -13.669 -13.745 -13.612 -12.181
0.70283 -7.375 -2.784 -5.473 -7.529 -9.63 -11.12 -9.149 -7.908 -9.702 -11.189 -12.287 -13.022 -7.759 -10.244 -11.81 -12.59 -13.094 -10.636 -11.876 -12.632 -13.045 -13.329 -11.938 -11.09 -12.225 -13.617 -13.717 -13.603 -12.058
0.724086 -7.312 -2.538 -5.138 -7.172 -9.355 -10.908 -8.934 -7.565 -9.433 -10.982 -12.137 -12.914 -7.407 -9.997 -11.632 -12.453 -12.988 -10.429 -11.704 -12.498 -12.936 -13.239 -11.781 -10.886 -12.072 -13.558 -13.684 -13.59 -11.926
0.745986 -7.246 -2.325 -4.784 -6.786 -9.058 -10.676 -8.703 -7.195 -9.142 -10.756 -11.973 -12.794 -7.028 -9.729 -11.437 -12.303 -12.872 -10.209 -11.518 -12.35 -12.815 -13.138 -11.609 -10.665 -11.905 -13.491 -13.644 -13.572 -11.783
0.768548 -7.174 -2.144 -4.408 -6.37 -8.735 -10.424 -8.456 -6.794 -8.828 -10.511 -11.794 -12.662 -6.618 -9.439 -11.224 -12.137 -12.743 -9.976 -11.315 -12.188 -12.681 -13.026 -11.421 -10.424 -11.722 -13.415 -13.598 -13.55 -11.63
0.791792 -7.096 -1.992 -4.008 -5.919 -8.385 -10.15 -8.191 -6.361 -8.486 -10.243 -11.598 -12.516 -6.174 -9.124 -10.992 -11.955 -12.6 -9.732 -11.094 -12.011 -12.533 -12.902 -11.217 -10.163 -11.521 -13.329 -13.544 -13.522 -11.467
0.815739 -7.011 -1.859 -3.583 -5.431 -8.005 -9.85 -7.907 -5.892 -8.116 -9.952 -11.383 -12.355 -5.693 -8.782 -10.737 -11.755 -12.442 -9.477 -10.855 -11.816 -12.37 -12.765 -10.995 -9.879 -11.302 -13.232 -13.483 -13.488 -11.292
0.840411 -6.92 -1.738 -3.13 -4.903 -7.592 -9.523 -7.602 -5.383 -7.714 -9.634 -11.148 -12.177 -5.171 -8.409 -10.459 -11.535 -12.267 -9.214 -10.595 -11.602 -12.19 -12.614 -10.751 -9.569 -11.063 -13.123 -13.412 -13.447 -11.105
0.865828 -6.82 -1.621 -2.646 -4.328 -7.143 -9.165 -7.277 -4.83 -7.276 -9.286 -10.891 -11.982 -4.604 -8.003 -10.154 -11.293 -12.074 -8.944 -10.313 -11.367 -11.992 -12.446 -10.486 -9.231 -10.8 -13.002 -13.331 -13.399 -10.906
0.892015 -6.712 -1.504 -2.128 -3.703 -6.652 -8.774 -6.929 -4.228 -6.8 -8.906 -10.609 -11.765 -3.986 -7.56 -9.82 -11.026 -11.861 -8.673 -10.009 -11.109 -11.772 -12.261 -10.195 -8.863 -10.512 -12.865 -13.239 -13.343 -10.695
0.918993 -6.593 -1.381 -1.572 -3.023 -6.117 -8.345 -6.559 -3.571 -6.281 -8.49 -10.299 -11.527 -3.314 -7.076 -9.453 -10.732 -11.625 -8.403 -9.68 -10.826 -11.531 -12.057 -9.878 -8.46 -10.196 -12.712 -13.135 -13.277 -10.472
0.946787 -6.464 -1.249 -0.973 -2.28 -5.532 -7.874 -6.166 -2.855 -5.714 -8.034 -9.959 -11.263 -2.579 -6.546 -9.049 -10.408 -11.363 -8.138 -9.328 -10.516 -11.264 -11.831 -9.529 -8.02 -9.85 -12.541 -13.017 -13.202 -10.238
0.975422 -6.323 -1.107 -0.327 -1.468 -4.891 -7.357 -5.753 -2.071 -5.095 -7.534 -9.585 -10.972 -1.775 -5.966 -8.605 -10.05 -11.073 -7.882 -8.953 -10.175 -10.969 -11.583 -9.147 -7.537 -9.468 -12.35 -12.884 -13.116 -9.993
1.004923 -6.168 -0.953 0.372 -0.578 -4.188 -6.788 -5.322 -1.213 -4.416 -6.984 -9.174 -10.65 -0.894 -5.329 -8.116 -9.655 -10.752 -7.634 -8.556 -9.803 -10.644 -11.31 -8.727 -7.008 -9.048 -12.136 -12.733 -13.017 -9.736
1.035317 -5.999 -0.783 1.13 0.398 -3.415 -6.16 -4.879 -0.27 -3.671 -6.378 -8.72 -10.293 0.073 -4.629 -7.576 -9.217 -10.395 -7.394 -8.144 -9.396 -10.285 -11.009 -8.264 -6.426 -8.585 -11.896 -12.564 -12.903 -9.47
1.066629 -5.813 -0.598 1.955 1.473 -2.564 -5.466 -4.432 0.768 -2.853 -5.71 -8.22 -9.898 1.137 -3.858 -6.979 -8.731 -9.999 -7.158 -7.721 -8.953 -9.889 -10.679 -7.754 -5.784 -8.074 -11.627 -12.372 -12.774 -9.195
1.098888 -5.609 -0.394 2.854 2.657 -1.624 -4.698 -3.99 1.912 -1.952 -4.973 -7.667 -9.459 2.312 -3.006 -6.317 -8.192 -9.557 -6.92 -7.297 -8.474 -9.453 -10.318 -7.191 -5.076 -7.509 -11.326 -12.156 -12.627 -8.911
1.132124 -5.385 -0.169 3.838 3.966 -0.584 -3.846 -3.563 3.177 -0.958 -4.156 -7.054 -8.971 3.61 -2.063 -5.582 -7.591 -9.065 -6.675 -6.881 -7.96 -8.975 -9.925 -6.567 -4.293 -6.882 -10.988 -11.912 -12.459 -8.617
1.166364 -5.137 0.078 4.918 5.416 0.568 -2.899 -3.154 4.579 0.142 -3.251 -6.375 -8.428 5.048 -1.017 -4.765 -6.922 -8.515 -6.415 -6.479 -7.416 -8.453 -9.498 -5.874 -3.424 -6.187 -10.607 -11.636 -12.269 -8.311
1.20164 -4.864 0.352 6.105 7.028 1.85 -1.843 -2.765 6.137 1.361 -2.245 -5.62 -7.822 6.647 0.146 -3.853 -6.174 -7.899 -6.135 -6.092 -6.852 -7.887 -9.039 -5.104 -2.458 -5.412 -10.178 -11.323 -12.051 -7.992
1.237983 -4.561 0.655 7.416 8.825 3.279 -0.663 -2.385 7.874 2.716 -1.124 -4.779 -7.146 8.429 1.443 -2.834 -5.336 -7.209 -5.829 -5.713 -6.281 -7.281 -8.55 -4.244 -1.382 -4.549 -9.694 -10.969 -11.803 -7.654
1.275425 -4.224 0.991 8.867 10.833 4.876 0.659 -2.002 9.815 4.226 0.128 -3.841 -6.389 10.421 2.894 -1.692 -4.395 -6.434 -5.491 -5.33 -5.717 -6.643 -8.035 -3.283 -0.178 -3.583 -9.147 -10.567 -11.519 -7.293
1.313999 -3.849 1.367 10.481 13.085 6.668 2.146 -1.602 11.992 5.914 1.529 -2.791 -5.54 12.655 4.521 -0.407 -3.335 -5.56 -5.115 -4.93 -5.17 -5.989 -7.497 -2.203 1.173 -2.499 -8.526 -10.11 -11.195 -6.901
1.35374 -3.429 1.786 12.283 15.62 8.685 3.822 -1.17 14.442 7.807 3.101 -1.613 -4.585 15.168 6.354 1.041 -2.139 -4.573 -4.695 -4.498 -4.635 -5.333 -6.941 -0.989 2.693 -1.279 -7.821 -9.588 -10.823 -6.471
1.394683 -2.958 2.257 14.303 18.483 10.962 5.718 -0.693 17.208 9.937 4.87 -0.288 -3.509 18.005 8.424 2.681 -0.783 -3.456 -4.224 -4.022 -4.098 -4.684 -6.364 0.384 4.41 0.099 -7.017 -8.992 -10.396 -5.994
1.436864 -2.428 2.788 16.581 21.731 13.545 7.87 -0.16 20.343 12.343 6.867 1.207 -2.294 21.221 10.771 4.542 0.758 -2.186 -3.693 -3.489 -3.533 -4.038 -5.759 1.941 6.358 1.661 -6.099 -8.309 -9.904 -5.46
1.480321 -1.827 3.388 19.162 25.43 16.484 10.323 0.441 23.911 15.072 9.129 2.9 -0.916 24.881 13.443 6.664 2.515 -0.74 -3.093 -2.888 -2.917 -3.372 -5.113 3.714 8.576 3.438 -5.045 -7.524 -9.336 -4.858
1.525092 -1.144 4.071 22.102 29.66 19.845 13.131 1.124 27.987 18.181 11.699 4.822 0.65 29.062 16.499 9.092 4.528 0.913 -2.41 -2.205 -2.229 -2.659 -4.405 5.741 11.112 5.469 -3.832 -6.619 -8.678 -4.174
1.571218 -0.365 4.851 25.471 34.521 23.706 16.357 1.904 32.667 21.738 14.629 7.015 2.436 33.861 20.007 11.882 6.843 2.808 -1.63 -1.426 -1.448 -1.866 -3.613 8.069 14.027 7.801 -2.431 -5.572 -7.914 -3.394
1.618738 0.462 5.678 28.912 39.479 27.65 19.662 2.73 37.435 25.364 17.613 9.256 4.269 38.749 23.595 14.747 9.227 4.762 -0.804 -0.599 -0.62 -1.036 -2.782 10.465 17.017 10.2 -0.965 -4.465 -7.091 -2.568
1.667696 0.838 6.054 29.288 39.854 28.026 20.038 3.106 37.811 25.74 17.989 9.632 4.645 39.125 23.971 15.123 9.603 5.138 -0.428 -0.223 -0.244 -0.66 -2.406 10.841 17.393 10.576 -0.589 -4.089 -6.715 -2.192
1.718134 1.237 6.453 29.687 40.254 28.425 20.437 3.505 38.21 26.139 18.388 10.031 5.044 39.524 24.37 15.522 10.002 5.537 -0.029 0.176 0.155 -0.261 -2.007 11.24 17.792 10.975 -0.19 -3.69 -6.316 -1.793
1.770098 1.66 6.876 30.111 40.677 28.848 20.86 3.929 38.634 26.563 18.811 10.455 5.468 39.948 24.793 15.946 10.426 5.96 0.395 0.6 0.578 0.163 -1.583 11.664 18.215 11.399 0.234 -3.267 -5.893 -1.369
1.823633 2.11 7.326 30.561 41.127 29.298 21.31 4.378 39.084 27.012 19.261 10.904 5.918 40.398 25.243 16.395 10.875 6.41 0.844 1.049 1.028 0.612 -1.133 12.113 18.665 11.848 0.683 -2.817 -5.443 -0.919
1.878788 2.587 7.803 31.038 41.604 29.775 21.787 4.856 39.561 27.49 19.738 11.382 6.395 40.875 25.72 16.872 11.353 6.887 1.322 1.526 1.505 1.09 -0.656 12.591 19.142 12.325 1.161 -2.34 -4.966 -0.442
1.93561 3.094 8.309 31.544 42.11 30.282 22.293 5.362 40.067 27.996 20.245 11.888 6.901 41.381 26.227 17.379 11.859 7.394 1.828 2.033 2.011 1.596 -0.15 13.097 19.649 12.832 1.667 -1.834 -4.459 0.064
1.994152 3.631 8.847 32.082 42.648 30.819 22.831 5.9 40.605 28.534 20.782 12.426 7.439 41.919 26.764 17.917 12.397 7.931 2.366 2.57 2.549 2.134 0.388 13.635 20.186 13.369 2.205 -1.296 -3.922 0.602
2.054463 4.202 9.418 32.652 43.219 31.39 23.402 6.47 41.175 29.104 21.353 12.996 8.009 42.489 27.335 18.487 12.967 8.502 2.936 3.141 3.12 2.704 0.958 14.205 20.757 13.94 2.775 -0.725 -3.351 1.172
2.116599 4.808 10.023 33.258 43.824 31.996 24.007 7.076 41.781 29.71 21.958 13.602 8.615 43.095 27.941 19.093 13.573 9.107 3.542 3.747 3.725 3.31 1.564 14.811 21.362 14.546 3.381 -0.12 -2.746 1.778
2.180614 5.45 10.666 33.901 44.467 32.638 24.65 7.719 42.424 30.353 22.601 14.245 9.258 43.738 28.583 19.736 14.216 9.75 4.185 4.39 4.368 3.953 2.207 15.454 22.005 15.189 4.024 0.523 -2.103 2.421
2.246566 6.133 11.348 34.583 45.149 33.321 25.332 8.401 43.106 31.035 23.284 14.927 9.94 44.42 29.266 20.418 14.898 10.432 4.867 5.072 5.05 4.635 2.889 16.136 22.688 15.871 4.706 1.205 -1.42 3.103
2.314511 6.857 12.073 35.307 45.873 34.045 26.057 9.125 43.83 31.759 24.008 15.651 10.664 45.144 29.99 21.142 15.622 11.157 5.591 5.796 5.775 5.359 3.613 16.86 23.412 16.595 5.43 1.93 -0.696 3.827
2.384512 7.626 12.841 36.076 46.642 34.814 26.825 9.894 44.599 32.528 24.776 16.42 11.433 45.913 30.759 21.911 16.391 11.925 6.36 6.565 6.543 6.128 4.382 17.629 24.18 17.364 6.199 2.698 0.072 4.596
2.45663 8.441 13.657 36.892 47.458 35.629 27.641 10.71 45.415 33.344 25.592 17.236 12.249 46.729 31.574 22.727 17.207 12.741 7.176 7.381 7.359 6.944 5.198 18.445 24.996 18.18 7.015 3.514 0.888 5.412
2.530929 9.307 14.523 37.758 48.324 36.495 28.507 11.576 46.281 34.21 26.458 18.102 13.115 47.595 32.44 23.593 18.073 13.607 8.042 8.246 8.225 7.81 6.064 19.311 25.862 19.045 7.881 4.38 1.754 6.278
2.607475 10.226 15.442 38.677 49.243 37.414 29.426 12.495 47.2 35.129 27.377 19.021 14.034 48.514 33.359 24.512 18.992 14.526 8.961 9.166 9.144 8.729 6.983 20.23 26.781 19.965 8.8 5.299 2.673 7.197
2.686337 11.202 16.418 39.653 50.219 38.39 30.402 13.47 48.176 36.104 28.353 19.996 15.01 49.49 34.335 25.487 19.967 15.502 9.936 10.141 10.12 9.704 7.959 21.205 27.757 20.94 9.775 6.275 3.649 8.173
2.767583 12.238 17.453 40.688 51.254 39.426 31.437 14.506 49.211 37.14 29.388 21.032 16.045 50.525 35.371 26.523 21.003 16.537 10.972 11.177 11.155 10.74 8.994 22.241 28.792 21.976 10.811 7.31 4.684 9.208
2.851287 13.337 18.552 41.787 52.353 40.525 32.536 15.605 50.31 38.239 30.488 22.131 17.144 51.624 36.47 27.622 22.102 17.636 12.071 12.276 12.254 11.839 10.093 23.34 29.891 23.075 11.91 8.409 5.783 10.307
2.937522 14.503 19.719 42.954 53.52 41.691 33.703 16.772 51.477 39.405 31.654 23.298 18.311 52.791 37.636 28.788 23.269 18.803 13.238 13.442 13.421 13.005 11.26 24.507 31.058 24.241 13.076 9.576 6.95 11.474
3.026365 15.741 20.957 44.192 54.758 42.929 34.941 18.01 52.715 40.644 32.892 24.536 19.549 54.029 38.874 30.026 24.507 20.041 14.476 14.68 14.659 14.244 12.498 25.745 32.296 25.479 14.315 10.814 8.188 12.712
3.117896 17.055 22.271 45.506 56.072 44.243 36.255 19.324 54.029 41.958 34.206 25.85 20.863 55.343 40.188 31.341 25.821 21.355 15.79 15.995 15.973 15.558 13.812 27.059 33.61 26.794 15.629 12.128 9.502 14.026
3.212194 18.45 23.666 46.901 57.467 45.638 37.65 20.719 55.424 43.353 35.601 27.245 22.258 56.738 41.583 32.736 27.216 22.75 17.185 17.39 17.368 16.953 15.207 28.454 35.005 28.189 17.024 13.523 10.897 15.421
3.309345 19.931 25.147 48.381 58.948 47.119 39.131 22.199 56.904 44.833 37.082 28.725 23.738 58.218 43.064 34.216 28.696 24.231 18.665 18.87 18.849 18.433 16.687 29.934 36.486 29.669 18.504 15.004 12.378 16.901
3.409434 21.502 26.718 49.953 60.519 48.69 40.702 23.771 58.476 46.405 38.653 30.297 25.31 59.79 44.635 35.788 30.268 25.802 20.237 20.442 20.42 20.005 18.259 31.506 38.057 31.241 20.076 16.575 13.949 18.473
3.51255 23.17 28.386 51.621 62.187 50.358 42.37 25.439 60.144 48.073 40.321 31.965 26.978 61.458 46.303 37.456 31.936 27.47 21.905 22.109 22.088 21.673 19.927 33.174 39.725 32.908 21.744 18.243 15.617 20.141
3.618785 24.941 30.156 53.391 63.957 52.129 44.14 27.209 61.914 49.843 42.092 33.735 28.748 63.228 48.074 39.226 33.706 29.24 23.675 23.88 23.858 23.443 21.697 34.944 41.496 34.679 23.514 20.013 17.388 21.911
3.728232 26.82 32.035 55.27 65.836 54.008 46.019 29.088 63.793 51.722 43.971 35.614 30.627 65.107 49.953 41.105 35.585 31.12 25.554 25.759 25.737 25.322 23.576 36.823 43.375 36.558 25.393 21.892 19.267 23.79
3.84099 28.814 34.03 57.265 67.831 56.002 48.014 31.083 65.788 53.716 45.965 37.609 32.622 67.102 51.947 43.099 37.58 33.114 27.549 27.753 27.732 27.317 25.571 38.818 45.369 38.552 27.388 23.887 21.261 25.785
3.957158 30.931 36.147 59.382 69.948 58.119 50.131 33.2 67.905 55.833 48.082 39.726 34.739 69.219 54.064 45.216 39.697 35.231 29.666 29.87 29.849 29.433 27.688 40.935 47.486 40.669 29.504 26.004 23.378 27.902
4.07684 33.178 38.394 61.629 72.195 60.366 52.378 35.446 70.151 58.08 50.329 41.972 36.986 71.465 56.311 47.463 41.943 37.478 31.912 32.117 32.096 31.68 29.934 43.181 49.733 42.916 31.751 28.251 25.625 30.149
4.200141 35.563 40.779 64.013 74.58 62.751 54.763 37.831 72.536 60.465 52.714 44.357 39.37 73.85 58.696 49.848 44.328 39.863 34.297 34.502 34.481 34.065 32.319 45.566 52.118 45.301 34.136 30.636 28.01 32.533
4.327172 38.094 43.31 66.545 77.111 65.282 57.294 40.363 75.068 62.996 55.245 46.889 41.902 76.382 61.227 52.379 46.86 42.394 36.829 37.033 37.012 36.597 34.851 48.098 54.649 47.832 36.668 33.167 30.541 35.065
4.458044 40.781 45.997 69.231 79.798 67.969 59.981 43.049 77.754 65.683 57.932 49.575 44.588 79.068 63.914 55.066 49.546 45.081 39.515 39.72 39.699 39.283 37.537 50.784 57.336 50.519 39.354 35.854 33.228 37.751
4.592874 43.633 48.848 72.083 82.649 70.821 62.832 45.901 80.606 68.535 60.784 52.427 47.44 81.92 66.766 57.918 52.398 47.932 42.367 42.572 42.55 42.135 40.389 53.636 60.188 53.371 42.206 38.705 36.08 40.603
4.731783 46.659 51.875 75.11 85.676 73.847 65.859 48.928 83.633 71.562 63.81 55.454 50.467 84.947 69.792 60.945 55.425 50.959 45.394 45.599 45.577 45.162 43.416 56.663 63.214 56.398 45.233 41.732 39.106 43.63
4.874892 49.872 55.088 78.323 88.889 77.06 69.072 52.141 86.846 74.774 67.023 58.667 53.68 88.16 73.005 64.157 58.638 54.172 48.607 48.811 48.79 48.375 46.629 59.876 66.427 59.61 48.445 44.945 42.319 46.843
5.02233 53.282 58.498 81.733 92.299 80.47 72.482 55.55 90.256 78.184 70.433 62.077 57.09 91.57 76.415 67.567 62.048 57.582 52.016 52.221 52.2 51.784 50.039 63.286 69.837 63.02 51.855 48.355 45.729 50.253
5.174227 56.901 62.117 85.352 95.918 84.089 76.101 59.17 93.875 81.804 74.052 65.696 60.709 95.189 80.034 71.187 65.667 61.201 55.636 55.841 55.819 55.404 53.658 66.905 73.456 66.64 55.475 51.974 49.348 53.872
5.330718 60.743 65.959 89.194 99.76 87.931 79.943 63.011 97.716 85.645 77.894 69.537 64.551 99.03 83.876 75.028 69.508 65.043 59.477 59.682 59.661 59.245 57.499 70.746 77.298 70.481 59.316 55.816 53.19 57.714
