web/models/kne/19/villar_0.0098_0.4843_1.0000.dat
# %ECSV 1.0
# ---
# datatype:
# - {name: time, datatype: float64}
# - {name: swift_uvot_uvw2, datatype: float64}
# - {name: swift_uvot_uvm2, datatype: float64}
# - {name: swift_uvot_uvw1, datatype: float64}
# - {name: swift_uvot_U, datatype: float64}
# - {name: swift_uvot_B, datatype: float64}
# - {name: swift_uvot_V, datatype: float64}
# - {name: swift_uvot_W, datatype: float64}
# - {name: johnson_U, datatype: float64}
# - {name: johnson_B, datatype: float64}
# - {name: johnson_V, datatype: float64}
# - {name: johnson_R, datatype: float64}
# - {name: johnson_I, datatype: float64}
# - {name: sdss_u, datatype: float64}
# - {name: sdss_g, datatype: float64}
# - {name: sdss_r, datatype: float64}
# - {name: sdss_i, datatype: float64}
# - {name: sdss_z, datatype: float64}
# - {name: PS1_g, datatype: float64}
# - {name: PS1_r, datatype: float64}
# - {name: PS1_i, datatype: float64}
# - {name: PS1_z, datatype: float64}
# - {name: PS1_Y, datatype: float64}
# - {name: PS1_w, datatype: float64}
# - {name: ATLAS_c, datatype: float64}
# - {name: ATLAS_o, datatype: float64}
# - {name: ukirt_J, datatype: float64}
# - {name: ukirt_H, datatype: float64}
# - {name: ukirt_K, datatype: float64}
# - {name: Clear, datatype: float64}
# meta: !!omap
# - comment: [kappa = 1.0, type = villar, mass = 0.009763877790252312, velocity = 0.48433333333333334, theta_obs = 0.0]
# schema: astropy-2.0
time swift_uvot_uvw2 swift_uvot_uvm2 swift_uvot_uvw1 swift_uvot_U swift_uvot_B swift_uvot_V swift_uvot_W johnson_U johnson_B johnson_V johnson_R johnson_I sdss_u sdss_g sdss_r sdss_i sdss_z PS1_g PS1_r PS1_i PS1_z PS1_Y PS1_w ATLAS_c ATLAS_o ukirt_J ukirt_H ukirt_K Clear
[from data line 212]
0.553769 -9.031 -7.938 -9.76 -11.638 -12.906 -13.761 -12.014 -11.871 -12.932 -13.787 -14.324 -14.641 -11.798 -13.246 -14.115 -14.483 -14.674 -13.406 -14.138 -14.503 -14.668 -14.775 -14.091 -13.685 -14.295 -14.749 -14.604 -14.296 -14.063
0.570517 -8.985 -7.754 -9.631 -11.532 -12.833 -13.714 -11.95 -11.771 -12.86 -13.742 -14.301 -14.634 -11.695 -13.184 -14.082 -14.466 -14.669 -13.35 -14.105 -14.486 -14.662 -14.775 -14.061 -13.638 -14.27 -14.762 -14.625 -14.325 -14.036
0.587772 -8.94 -7.562 -9.496 -11.418 -12.755 -13.663 -11.882 -11.663 -12.783 -13.692 -14.273 -14.624 -11.585 -13.117 -14.044 -14.445 -14.661 -13.289 -14.069 -14.467 -14.652 -14.773 -14.028 -13.587 -14.242 -14.772 -14.646 -14.353 -14.006
0.605549 -8.897 -7.36 -9.354 -11.297 -12.671 -13.607 -11.809 -11.549 -12.7 -13.637 -14.242 -14.612 -11.467 -13.044 -14.002 -14.421 -14.65 -13.223 -14.028 -14.443 -14.639 -14.767 -13.99 -13.531 -14.209 -14.78 -14.664 -14.379 -13.972
0.623863 -8.856 -7.148 -9.204 -11.169 -12.58 -13.545 -11.73 -11.427 -12.611 -13.577 -14.207 -14.596 -11.342 -12.965 -13.956 -14.393 -14.637 -13.152 -13.983 -14.416 -14.624 -14.759 -13.949 -13.471 -14.173 -14.786 -14.681 -14.405 -13.935
0.642731 -8.815 -6.926 -9.047 -11.031 -12.482 -13.478 -11.647 -11.296 -12.516 -13.512 -14.168 -14.577 -11.208 -12.881 -13.904 -14.361 -14.619 -13.076 -13.933 -14.385 -14.604 -14.748 -13.904 -13.405 -14.132 -14.79 -14.696 -14.428 -13.894
0.66217 -8.776 -6.693 -8.882 -10.885 -12.377 -13.405 -11.558 -11.157 -12.413 -13.441 -14.125 -14.554 -11.066 -12.789 -13.848 -14.325 -14.599 -12.993 -13.878 -14.35 -14.581 -14.734 -13.853 -13.333 -14.087 -14.791 -14.709 -14.451 -13.849
0.682197 -8.737 -6.449 -8.709 -10.729 -12.265 -13.326 -11.463 -11.009 -12.302 -13.363 -14.076 -14.527 -10.914 -12.691 -13.786 -14.285 -14.574 -12.904 -13.818 -14.31 -14.555 -14.716 -13.798 -13.255 -14.036 -14.789 -14.72 -14.472 -13.799
0.70283 -8.699 -6.195 -8.526 -10.562 -12.144 -13.239 -11.362 -10.85 -12.183 -13.279 -14.022 -14.496 -10.751 -12.584 -13.718 -14.239 -14.545 -12.808 -13.752 -14.266 -14.523 -14.694 -13.737 -13.171 -13.981 -14.785 -14.728 -14.491 -13.745
0.724086 -8.661 -5.929 -8.334 -10.384 -12.013 -13.145 -11.253 -10.681 -12.056 -13.188 -13.962 -14.46 -10.577 -12.47 -13.643 -14.188 -14.512 -12.705 -13.679 -14.216 -14.488 -14.668 -13.671 -13.079 -13.919 -14.777 -14.735 -14.508 -13.686
0.745986 -8.623 -5.655 -8.132 -10.194 -11.873 -13.044 -11.138 -10.5 -11.918 -13.089 -13.897 -14.42 -10.391 -12.346 -13.561 -14.131 -14.474 -12.594 -13.6 -14.16 -14.447 -14.638 -13.598 -12.98 -13.852 -14.766 -14.738 -14.523 -13.621
0.768548 -8.584 -5.371 -7.919 -9.991 -11.723 -12.933 -11.014 -10.306 -11.771 -12.981 -13.824 -14.374 -10.193 -12.213 -13.472 -14.068 -14.43 -12.475 -13.513 -14.098 -14.401 -14.603 -13.519 -12.873 -13.777 -14.751 -14.739 -14.536 -13.551
0.791792 -8.545 -5.082 -7.695 -9.774 -11.561 -12.813 -10.882 -10.098 -11.612 -12.864 -13.745 -14.323 -9.98 -12.069 -13.375 -13.998 -14.381 -12.347 -13.419 -14.03 -14.349 -14.563 -13.433 -12.756 -13.696 -14.732 -14.736 -14.546 -13.476
0.815739 -8.505 -4.79 -7.459 -9.541 -11.387 -12.683 -10.741 -9.876 -11.441 -12.737 -13.658 -14.265 -9.752 -11.914 -13.269 -13.921 -14.326 -12.21 -13.316 -13.954 -14.291 -14.518 -13.338 -12.631 -13.607 -14.709 -14.73 -14.554 -13.394
0.840411 -8.462 -4.499 -7.21 -9.292 -11.199 -12.543 -10.59 -9.638 -11.258 -12.6 -13.563 -14.201 -9.508 -11.747 -13.153 -13.836 -14.264 -12.064 -13.204 -13.871 -14.226 -14.466 -13.236 -12.494 -13.509 -14.681 -14.721 -14.56 -13.305
0.865828 -8.418 -4.216 -6.947 -9.025 -10.997 -12.39 -10.429 -9.382 -11.06 -12.451 -13.458 -14.129 -9.246 -11.567 -13.027 -13.742 -14.196 -11.907 -13.082 -13.779 -14.154 -14.409 -13.124 -12.347 -13.402 -14.647 -14.708 -14.562 -13.209
0.892015 -8.371 -3.947 -6.67 -8.739 -10.779 -12.224 -10.257 -9.107 -10.847 -12.289 -13.344 -14.049 -8.964 -11.372 -12.889 -13.639 -14.119 -11.739 -12.95 -13.678 -14.073 -14.344 -13.003 -12.188 -13.285 -14.609 -14.69 -14.561 -13.105
0.918993 -8.321 -3.7 -6.378 -8.431 -10.544 -12.044 -10.073 -8.812 -10.617 -12.114 -13.22 -13.961 -8.662 -11.162 -12.74 -13.525 -14.034 -11.561 -12.806 -13.567 -13.984 -14.271 -12.87 -12.015 -13.158 -14.564 -14.668 -14.557 -12.994
0.946787 -8.267 -3.478 -6.069 -8.1 -10.291 -11.849 -9.875 -8.495 -10.37 -11.924 -13.084 -13.864 -8.337 -10.935 -12.576 -13.401 -13.939 -11.371 -12.649 -13.446 -13.886 -14.191 -12.727 -11.828 -13.018 -14.513 -14.641 -14.549 -12.874
0.975422 -8.209 -3.286 -5.743 -7.745 -10.017 -11.637 -9.664 -8.153 -10.102 -11.717 -12.935 -13.757 -7.987 -10.69 -12.399 -13.265 -13.834 -11.17 -12.479 -13.312 -13.777 -14.101 -12.571 -11.626 -12.866 -14.454 -14.608 -14.537 -12.746
1.004923 -8.146 -3.122 -5.397 -7.361 -9.722 -11.407 -9.438 -7.785 -9.814 -11.493 -12.773 -13.638 -7.609 -10.424 -12.205 -13.115 -13.719 -10.958 -12.295 -13.166 -13.657 -14.001 -12.401 -11.406 -12.7 -14.388 -14.57 -14.52 -12.608
1.035317 -8.079 -2.982 -5.03 -6.948 -9.402 -11.157 -9.197 -7.388 -9.502 -11.25 -12.595 -13.507 -7.202 -10.136 -11.994 -12.951 -13.591 -10.735 -12.095 -13.006 -13.525 -13.891 -12.216 -11.168 -12.519 -14.313 -14.524 -14.499 -12.46
1.066629 -8.005 -2.86 -4.641 -6.502 -9.055 -10.885 -8.938 -6.959 -9.164 -10.985 -12.402 -13.363 -6.762 -9.824 -11.763 -12.77 -13.45 -10.502 -11.878 -12.83 -13.379 -13.769 -12.014 -10.91 -12.322 -14.228 -14.472 -14.472 -12.302
1.098888 -7.925 -2.749 -4.227 -6.019 -8.68 -10.588 -8.661 -6.495 -8.798 -10.697 -12.19 -13.205 -6.286 -9.486 -11.512 -12.573 -13.294 -10.261 -11.643 -12.638 -13.218 -13.634 -11.795 -10.63 -12.106 -14.133 -14.412 -14.439 -12.134
1.132124 -7.837 -2.643 -3.785 -5.497 -8.272 -10.265 -8.366 -5.992 -8.402 -10.383 -11.959 -13.03 -5.77 -9.118 -11.237 -12.356 -13.122 -10.014 -11.389 -12.428 -13.041 -13.485 -11.556 -10.325 -11.87 -14.026 -14.343 -14.4 -11.954
1.166364 -7.742 -2.537 -3.314 -4.931 -7.829 -9.913 -8.05 -5.447 -7.971 -10.041 -11.706 -12.838 -5.211 -8.718 -10.937 -12.118 -12.932 -9.763 -11.114 -12.197 -12.846 -13.321 -11.296 -9.993 -11.612 -13.907 -14.264 -14.354 -11.764
1.20164 -7.639 -2.428 -2.81 -4.317 -7.347 -9.528 -7.714 -4.855 -7.504 -9.667 -11.429 -12.626 -4.604 -8.283 -10.608 -11.856 -12.723 -9.512 -10.818 -11.945 -12.631 -13.141 -11.012 -9.632 -11.329 -13.774 -14.175 -14.3 -11.563
1.237983 -7.526 -2.312 -2.269 -3.648 -6.822 -9.107 -7.358 -4.211 -6.995 -9.259 -11.126 -12.392 -3.944 -7.808 -10.248 -11.568 -12.491 -9.264 -10.5 -11.668 -12.395 -12.941 -10.701 -9.238 -11.02 -13.624 -14.074 -14.237 -11.351
1.275425 -7.402 -2.187 -1.687 -2.921 -6.249 -8.646 -6.981 -3.509 -6.441 -8.813 -10.794 -12.135 -3.224 -7.29 -9.854 -11.251 -12.236 -9.022 -10.161 -11.366 -12.134 -12.722 -10.361 -8.807 -10.682 -13.458 -13.959 -14.165 -11.129
1.313999 -7.267 -2.052 -1.06 -2.127 -5.623 -8.141 -6.587 -2.743 -5.836 -8.325 -10.43 -11.852 -2.438 -6.724 -9.42 -10.902 -11.954 -8.786 -9.801 -11.035 -11.847 -12.482 -9.989 -8.337 -10.31 -13.272 -13.83 -14.082 -10.896
1.35374 -7.119 -1.904 -0.382 -1.259 -4.937 -7.586 -6.178 -1.905 -5.175 -7.789 -10.03 -11.539 -1.579 -6.103 -8.943 -10.517 -11.641 -8.559 -9.424 -10.674 -11.531 -12.217 -9.58 -7.821 -9.901 -13.064 -13.685 -13.987 -10.654
1.394683 -6.958 -1.742 0.353 -0.309 -4.186 -6.975 -5.76 -0.988 -4.451 -7.201 -9.59 -11.193 -0.637 -5.422 -8.419 -10.091 -11.295 -8.336 -9.032 -10.281 -11.184 -11.927 -9.132 -7.255 -9.452 -12.832 -13.521 -13.878 -10.402
1.436864 -6.78 -1.565 1.15 0.734 -3.36 -6.302 -5.339 0.019 -3.658 -6.553 -9.106 -10.81 0.396 -4.674 -7.839 -9.62 -10.911 -8.115 -8.633 -9.855 -10.802 -11.609 -8.638 -6.634 -8.957 -12.572 -13.337 -13.755 -10.142
1.480321 -6.586 -1.37 2.019 1.881 -2.45 -5.559 -4.924 1.127 -2.786 -5.84 -8.571 -10.387 1.533 -3.85 -7.199 -9.099 -10.484 -7.892 -8.234 -9.395 -10.382 -11.263 -8.094 -5.949 -8.411 -12.282 -13.129 -13.614 -9.873
1.525092 -6.371 -1.156 2.967 3.145 -1.446 -4.737 -4.523 2.349 -1.827 -5.052 -7.981 -9.917 2.787 -2.94 -6.49 -8.52 -10.01 -7.659 -7.843 -8.904 -9.923 -10.886 -7.492 -5.194 -7.807 -11.956 -12.895 -13.454 -9.594
1.571218 -6.136 -0.92 4.005 4.543 -0.336 -3.825 -4.139 3.7 -0.768 -4.181 -7.329 -9.395 4.173 -1.933 -5.704 -7.876 -9.482 -7.413 -7.464 -8.385 -9.423 -10.479 -6.826 -4.358 -7.139 -11.591 -12.631 -13.272 -9.304
1.618738 -5.875 -0.66 5.144 6.091 0.894 -2.811 -3.771 5.197 0.402 -3.215 -6.605 -8.815 5.709 -0.816 -4.829 -7.159 -8.892 -7.146 -7.098 -7.849 -8.882 -10.041 -6.088 -3.431 -6.396 -11.181 -12.332 -13.065 -9.001
1.667696 -5.588 -0.372 6.398 7.812 2.262 -1.682 -3.411 6.861 1.699 -2.143 -5.801 -8.169 7.416 0.425 -3.854 -6.358 -8.232 -6.855 -6.739 -7.305 -8.305 -9.575 -5.266 -2.401 -5.57 -10.719 -11.995 -12.83 -8.68
1.718134 -5.268 -0.053 7.784 9.73 3.788 -0.42 -3.048 8.715 3.141 -0.948 -4.906 -7.448 9.319 1.81 -2.764 -5.46 -7.493 -6.535 -6.375 -6.768 -7.697 -9.085 -4.349 -1.253 -4.649 -10.198 -11.614 -12.561 -8.337
1.770098 -4.913 0.302 9.32 11.874 5.493 0.994 -2.667 10.787 4.747 0.384 -3.908 -6.641 11.445 3.359 -1.543 -4.453 -6.664 -6.179 -5.995 -6.245 -7.073 -8.573 -3.323 0.032 -3.618 -9.61 -11.181 -12.255 -7.966
1.823633 -4.517 0.699 11.03 14.279 7.406 2.583 -2.258 13.111 6.543 1.875 -2.791 -5.737 13.829 5.097 -0.17 -3.32 -5.729 -5.783 -5.587 -5.733 -6.445 -8.042 -2.171 1.473 -2.462 -8.943 -10.688 -11.905 -7.559
1.878788 -4.073 1.142 12.942 16.986 9.559 4.375 -1.809 15.726 8.557 3.548 -1.539 -4.721 16.512 7.053 1.379 -2.04 -4.674 -5.339 -5.138 -5.22 -5.822 -7.493 -0.875 3.096 -1.161 -8.186 -10.128 -11.504 -7.109
1.93561 -3.575 1.641 15.088 20.045 11.99 6.401 -1.308 18.679 10.825 5.43 -0.131 -3.577 19.541 9.263 3.13 -0.59 -3.48 -4.841 -4.637 -4.685 -5.202 -6.918 0.59 4.929 0.309 -7.324 -9.487 -11.044 -6.607
1.994152 -3.013 2.203 17.511 23.514 14.748 8.701 -0.745 22.027 13.387 7.553 1.458 -2.284 22.975 11.77 5.119 1.057 -2.125 -4.278 -4.074 -4.105 -4.569 -6.307 2.252 7.009 1.975 -6.338 -8.754 -10.515 -6.043
2.054463 -2.376 2.84 20.26 27.466 17.888 11.323 -0.108 25.836 16.293 9.957 3.256 -0.82 26.882 14.624 7.387 2.936 -0.582 -3.641 -3.437 -3.461 -3.896 -5.641 4.144 9.378 3.872 -5.208 -7.912 -9.904 -5.406
2.116599 -1.651 3.564 23.394 31.988 21.478 14.323 0.617 30.19 19.605 12.688 5.298 0.843 31.347 17.887 9.981 5.088 1.181 -2.917 -2.712 -2.734 -3.155 -4.902 6.309 12.088 6.04 -3.908 -6.942 -9.197 -4.681
2.180614 -0.823 4.393 26.989 37.184 25.603 17.771 1.446 35.188 23.396 15.803 7.627 2.74 36.472 21.636 12.964 7.562 3.202 -2.088 -1.884 -1.905 -2.321 -4.067 8.797 15.203 8.531 -2.406 -5.819 -8.376 -3.852
2.246566 -0.35 4.866 28.1 38.667 26.838 18.85 1.918 36.623 24.552 16.801 8.444 3.457 37.937 22.783 13.935 8.415 3.95 -1.616 -1.411 -1.432 -1.848 -3.594 9.653 16.205 9.388 -1.777 -5.277 -7.903 -3.379
2.314511 0.027 5.243 28.478 39.044 27.215 19.227 2.296 37.001 24.929 17.178 8.822 3.835 38.315 23.16 14.312 8.793 4.327 -1.238 -1.034 -1.055 -1.47 -3.216 10.031 16.582 9.765 -1.4 -4.9 -7.526 -3.002
2.384512 0.428 5.643 28.878 39.444 27.616 19.627 2.696 37.401 25.33 17.578 9.222 4.235 38.715 23.561 14.713 9.193 4.727 -0.838 -0.633 -0.655 -1.07 -2.816 10.431 16.982 10.166 -0.999 -4.5 -7.126 -2.602
2.45663 0.852 6.068 29.303 39.869 28.04 20.052 3.121 37.826 25.755 18.003 9.647 4.66 39.14 23.985 15.138 9.618 5.152 -0.413 -0.208 -0.23 -0.645 -2.391 10.856 17.407 10.591 -0.574 -4.075 -6.701 -2.177
2.530929 1.304 6.519 29.754 40.32 28.492 20.503 3.572 38.277 26.206 18.455 10.098 5.111 39.591 24.437 15.589 10.069 5.603 0.038 0.243 0.221 -0.194 -1.94 11.307 17.858 11.042 -0.123 -3.624 -6.25 -1.726
2.607475 1.782 6.998 30.233 40.799 28.97 20.982 4.051 38.756 26.685 18.933 10.577 5.59 40.07 24.915 16.068 10.548 6.082 0.517 0.721 0.7 0.285 -1.461 11.786 18.337 11.52 0.356 -3.145 -5.771 -1.247
2.686337 2.29 7.506 30.741 41.307 29.478 21.49 4.559 39.264 27.193 19.441 11.085 6.098 40.578 25.423 16.576 11.056 6.59 1.025 1.23 1.208 0.793 -0.953 12.294 18.845 12.029 0.864 -2.637 -5.263 -0.739
2.767583 2.83 8.046 31.28 41.846 30.018 22.03 5.098 39.803 27.732 19.981 11.624 6.637 41.117 25.963 17.115 11.595 7.13 1.564 1.769 1.748 1.332 -0.414 12.833 19.385 12.568 1.403 -2.097 -4.723 -0.2
2.851287 3.402 8.618 31.853 42.419 30.59 22.602 5.671 40.376 28.305 20.553 12.197 7.21 41.69 26.535 17.688 12.168 7.702 2.137 2.342 2.32 1.905 0.159 13.406 19.957 13.14 1.976 -1.525 -4.151 0.373
2.937522 4.01 9.226 32.461 43.027 31.198 23.21 6.278 40.983 28.912 21.161 12.804 7.818 42.297 27.143 18.295 12.775 8.31 2.744 2.949 2.928 2.512 0.766 14.013 20.565 13.748 2.583 -0.917 -3.543 0.981
3.026365 4.655 9.871 33.105 43.672 31.843 23.855 6.923 41.628 29.557 21.806 13.449 8.462 42.942 27.788 18.94 13.42 8.955 3.389 3.594 3.573 3.157 1.411 14.658 21.21 14.393 3.228 -0.272 -2.898 1.626
3.117896 5.34 10.555 33.79 44.356 32.528 24.539 7.608 42.313 30.242 22.49 14.134 9.147 43.627 28.473 19.625 14.105 9.639 4.074 4.279 4.257 3.842 2.096 15.343 21.894 15.078 3.913 0.412 -2.214 2.31
3.212194 6.066 11.282 34.517 45.083 33.254 25.266 8.335 43.04 30.968 23.217 14.861 9.874 44.354 29.199 20.351 14.832 10.366 4.801 5.005 4.984 4.568 2.823 16.07 22.621 15.804 4.639 1.139 -1.487 3.037
3.309345 6.837 12.053 35.288 45.854 34.025 26.037 9.106 43.811 31.74 23.988 15.632 10.645 45.125 29.97 21.123 15.603 11.137 5.572 5.777 5.755 5.34 3.594 16.841 23.392 16.575 5.411 1.91 -0.716 3.808
3.409434 7.656 12.872 36.106 46.673 34.844 26.856 9.924 44.629 32.558 24.807 16.45 11.463 45.943 30.789 21.941 16.421 11.956 6.39 6.595 6.574 6.158 4.412 17.659 24.211 17.394 6.229 2.729 0.103 4.626
3.51255 8.525 13.74 36.975 47.541 35.713 27.724 10.793 45.498 33.427 25.676 17.319 12.332 46.812 31.658 22.81 17.29 12.825 7.259 7.464 7.442 7.027 5.281 18.528 25.08 18.263 7.098 3.597 0.972 5.495
3.618785 9.447 14.663 37.897 48.464 36.635 28.647 11.715 46.42 34.349 26.598 18.241 13.254 47.734 32.58 23.732 18.212 13.747 8.181 8.386 8.365 7.949 6.203 19.45 26.002 19.185 8.02 4.52 1.894 6.417
3.728232 10.426 15.641 38.876 49.442 37.614 29.625 12.694 47.399 35.328 27.577 19.22 14.233 48.713 33.559 24.711 19.191 14.726 9.16 9.365 9.343 8.928 7.182 20.429 26.981 20.164 8.999 5.498 2.873 7.396
3.84099 11.465 16.68 39.915 50.481 38.653 30.664 13.733 48.438 36.367 28.616 20.259 15.272 49.752 34.598 25.75 20.23 15.764 10.199 10.404 10.382 9.967 8.221 21.468 28.02 21.203 10.038 6.537 3.912 8.435
3.957158 12.567 17.783 41.018 51.584 39.755 31.767 14.836 49.541 37.47 29.718 21.362 16.375 50.855 35.7 26.853 21.333 16.867 11.302 11.507 11.485 11.07 9.324 22.571 29.122 22.306 11.141 7.64 5.014 9.538
4.07684 13.738 18.953 42.188 52.754 40.926 32.938 16.006 50.711 38.64 30.889 22.532 17.545 52.025 36.871 28.023 22.503 18.038 12.472 12.677 12.655 12.24 10.494 23.741 30.293 23.476 12.311 8.81 6.185 10.708
4.200141 14.98 20.196 43.431 53.997 42.168 34.18 17.248 51.954 39.882 32.131 23.774 18.788 53.268 38.113 29.265 23.745 19.28 13.714 13.919 13.898 13.482 11.737 24.983 31.535 24.718 13.553 10.053 7.427 11.951
4.327172 16.299 21.514 44.749 55.315 43.487 35.498 18.567 53.272 41.201 33.45 25.093 20.106 54.586 39.432 30.584 25.064 20.598 15.033 15.238 15.216 14.801 13.055 26.302 32.854 26.037 14.872 11.371 8.746 13.269
4.458044 17.698 22.914 46.149 56.715 44.886 36.898 19.967 54.672 42.6 34.849 26.493 21.506 55.986 40.831 31.983 26.464 21.998 16.433 16.637 16.616 16.201 14.455 27.702 34.253 27.436 16.272 12.771 10.145 14.669
4.592874 19.184 24.399 47.634 58.2 46.372 38.383 21.452 56.157 44.086 36.335 27.978 22.991 57.471 42.317 33.469 27.949 23.483 17.918 18.123 18.101 17.686 15.94 29.187 35.739 28.922 17.757 14.256 11.63 16.154
4.731783 20.76 25.976 49.211 59.777 47.948 39.96 23.029 57.734 45.663 37.911 29.555 24.568 59.048 43.893 35.046 29.526 25.06 19.495 19.699 19.678 19.263 17.517 30.764 37.315 30.498 19.334 15.833 13.207 17.731
4.874892 22.434 27.649 50.884 61.45 49.622 41.634 24.702 59.407 47.336 39.585 31.228 26.241 60.721 45.567 36.719 31.199 26.734 21.168 21.373 21.351 20.936 19.19 32.437 38.989 32.172 21.007 17.506 14.881 19.404
