web/models/kne.last_good/kappa_0.5_3.0.v1/6/villar_0.2686_0.2963_3.0000.dat
# %ECSV 1.0
# ---
# datatype:
# - {name: time, datatype: float64}
# - {name: swift_uvot_uvw2, datatype: float64}
# - {name: swift_uvot_uvm2, datatype: float64}
# - {name: swift_uvot_uvw1, datatype: float64}
# - {name: swift_uvot_U, datatype: float64}
# - {name: swift_uvot_B, datatype: float64}
# - {name: swift_uvot_V, datatype: float64}
# - {name: swift_uvot_W, datatype: float64}
# - {name: johnson_U, datatype: float64}
# - {name: johnson_B, datatype: float64}
# - {name: johnson_V, datatype: float64}
# - {name: johnson_R, datatype: float64}
# - {name: johnson_I, datatype: float64}
# - {name: sdss_u, datatype: float64}
# - {name: sdss_g, datatype: float64}
# - {name: sdss_r, datatype: float64}
# - {name: sdss_i, datatype: float64}
# - {name: sdss_z, datatype: float64}
# - {name: PS1_g, datatype: float64}
# - {name: PS1_r, datatype: float64}
# - {name: PS1_i, datatype: float64}
# - {name: PS1_z, datatype: float64}
# - {name: PS1_Y, datatype: float64}
# - {name: PS1_w, datatype: float64}
# - {name: ATLAS_c, datatype: float64}
# - {name: ATLAS_o, datatype: float64}
# - {name: ukirt_J, datatype: float64}
# - {name: ukirt_H, datatype: float64}
# - {name: ukirt_K, datatype: float64}
# - {name: Clear, datatype: float64}
# meta: !!omap
# - comment: [kappa = 3.0, type = villar, mass = 0.2685795883840597, velocity = 0.29633333333333334, theta_obs = 0.0]
# schema: astropy-2.0
time swift_uvot_uvw2 swift_uvot_uvm2 swift_uvot_uvw1 swift_uvot_U swift_uvot_B swift_uvot_V swift_uvot_W johnson_U johnson_B johnson_V johnson_R johnson_I sdss_u sdss_g sdss_r sdss_i sdss_z PS1_g PS1_r PS1_i PS1_z PS1_Y PS1_w ATLAS_c ATLAS_o ukirt_J ukirt_H ukirt_K Clear
[from data line 77]
0.009917 -11.115 -11.0 -10.906 -10.598 -10.293 -9.95 -10.754 -10.553 -10.29 -9.94 -9.577 -9.149 -10.563 -10.184 -9.741 -9.405 -9.086 -10.17 -9.777 -9.451 -9.24 -9.235 -9.794 -10.012 -9.603 -8.438 -7.905 -7.286 -9.864
0.010217 -11.153 -11.042 -10.949 -10.645 -10.343 -10.001 -10.798 -10.601 -10.339 -9.991 -9.628 -9.201 -10.61 -10.234 -9.792 -9.458 -9.138 -10.22 -9.828 -9.503 -9.291 -9.284 -9.845 -10.062 -9.655 -8.491 -7.959 -7.34 -9.915
0.010526 -11.192 -11.084 -10.992 -10.692 -10.392 -10.052 -10.841 -10.649 -10.388 -10.041 -9.68 -9.254 -10.658 -10.284 -9.843 -9.51 -9.191 -10.27 -9.879 -9.554 -9.343 -9.334 -9.896 -10.112 -9.706 -8.545 -8.013 -7.395 -9.965
0.010845 -11.23 -11.125 -11.036 -10.74 -10.441 -10.102 -10.885 -10.696 -10.437 -10.092 -9.732 -9.306 -10.705 -10.334 -9.895 -9.562 -9.244 -10.319 -9.929 -9.605 -9.394 -9.383 -9.947 -10.162 -9.758 -8.598 -8.067 -7.449 -10.016
0.011173 -11.268 -11.166 -11.078 -10.787 -10.49 -10.153 -10.928 -10.744 -10.486 -10.142 -9.783 -9.359 -10.753 -10.383 -9.946 -9.614 -9.296 -10.368 -9.98 -9.657 -9.445 -9.432 -9.997 -10.213 -9.809 -8.652 -8.121 -7.504 -10.066
0.011511 -11.305 -11.207 -11.121 -10.833 -10.539 -10.203 -10.971 -10.791 -10.535 -10.193 -9.834 -9.411 -10.8 -10.432 -9.997 -9.666 -9.349 -10.417 -10.03 -9.708 -9.496 -9.481 -10.048 -10.263 -9.861 -8.705 -8.175 -7.558 -10.116
0.011859 -11.343 -11.248 -11.163 -10.88 -10.588 -10.253 -11.014 -10.838 -10.584 -10.243 -9.886 -9.463 -10.847 -10.482 -10.048 -9.717 -9.401 -10.467 -10.081 -9.759 -9.547 -9.531 -10.098 -10.313 -9.912 -8.758 -8.229 -7.612 -10.166
0.012217 -11.38 -11.288 -11.206 -10.927 -10.636 -10.303 -11.056 -10.885 -10.632 -10.293 -9.937 -9.516 -10.894 -10.531 -10.099 -9.769 -9.453 -10.515 -10.131 -9.81 -9.598 -9.58 -10.149 -10.362 -9.963 -8.812 -8.283 -7.666 -10.216
0.012587 -11.417 -11.328 -11.248 -10.973 -10.685 -10.353 -11.099 -10.932 -10.681 -10.343 -9.988 -9.568 -10.94 -10.58 -10.149 -9.821 -9.506 -10.564 -10.182 -9.861 -9.649 -9.629 -10.199 -10.412 -10.014 -8.865 -8.337 -7.721 -10.266
0.012968 -11.453 -11.368 -11.289 -11.019 -10.733 -10.403 -11.141 -10.978 -10.729 -10.393 -10.039 -9.62 -10.987 -10.629 -10.2 -9.872 -9.558 -10.613 -10.232 -9.912 -9.7 -9.678 -10.249 -10.462 -10.065 -8.918 -8.39 -7.775 -10.316
0.01336 -11.49 -11.408 -11.331 -11.065 -10.781 -10.453 -11.183 -11.025 -10.778 -10.443 -10.09 -9.672 -11.033 -10.677 -10.251 -9.924 -9.61 -10.662 -10.282 -9.963 -9.75 -9.727 -10.299 -10.511 -10.116 -8.971 -8.444 -7.829 -10.366
0.013764 -11.526 -11.448 -11.372 -11.111 -10.829 -10.503 -11.225 -11.071 -10.826 -10.493 -10.141 -9.724 -11.08 -10.726 -10.301 -9.975 -9.662 -10.71 -10.332 -10.013 -9.801 -9.776 -10.35 -10.561 -10.167 -9.024 -8.497 -7.883 -10.415
0.01418 -11.562 -11.487 -11.413 -11.157 -10.878 -10.553 -11.266 -11.117 -10.874 -10.543 -10.192 -9.776 -11.126 -10.775 -10.351 -10.027 -9.714 -10.759 -10.382 -10.064 -9.852 -9.825 -10.399 -10.61 -10.218 -9.077 -8.551 -7.937 -10.465
0.014609 -11.597 -11.526 -11.454 -11.203 -10.925 -10.602 -11.308 -11.163 -10.922 -10.592 -10.243 -9.827 -11.172 -10.823 -10.402 -10.078 -9.766 -10.807 -10.432 -10.115 -9.902 -9.874 -10.449 -10.659 -10.268 -9.13 -8.605 -7.991 -10.514
0.015051 -11.633 -11.565 -11.495 -11.248 -10.973 -10.652 -11.349 -11.209 -10.969 -10.642 -10.293 -9.879 -11.218 -10.872 -10.452 -10.129 -9.818 -10.855 -10.481 -10.165 -9.953 -9.923 -10.499 -10.708 -10.319 -9.183 -8.658 -8.045 -10.564
0.015506 -11.668 -11.603 -11.536 -11.294 -11.021 -10.701 -11.39 -11.255 -11.017 -10.691 -10.344 -9.931 -11.263 -10.92 -10.502 -10.18 -9.87 -10.903 -10.531 -10.216 -10.003 -9.972 -10.549 -10.757 -10.37 -9.236 -8.711 -8.099 -10.613
0.015975 -11.702 -11.642 -11.576 -11.339 -11.068 -10.75 -11.431 -11.301 -11.065 -10.741 -10.395 -9.982 -11.309 -10.968 -10.552 -10.231 -9.922 -10.951 -10.581 -10.266 -10.054 -10.021 -10.598 -10.806 -10.42 -9.289 -8.765 -8.152 -10.662
0.016458 -11.737 -11.68 -11.616 -11.384 -11.116 -10.8 -11.472 -11.346 -11.112 -10.79 -10.445 -10.034 -11.354 -11.016 -10.602 -10.282 -9.973 -10.999 -10.63 -10.316 -10.104 -10.069 -10.648 -10.855 -10.47 -9.342 -8.818 -8.206 -10.711
0.016956 -11.771 -11.718 -11.656 -11.429 -11.163 -10.849 -11.512 -11.392 -11.159 -10.839 -10.495 -10.085 -11.4 -11.064 -10.652 -10.333 -10.025 -11.047 -10.68 -10.367 -10.155 -10.118 -10.697 -10.903 -10.521 -9.394 -8.871 -8.26 -10.76
0.017469 -11.805 -11.755 -11.696 -11.474 -11.21 -10.898 -11.553 -11.437 -11.207 -10.888 -10.546 -10.137 -11.445 -11.112 -10.702 -10.384 -10.077 -11.095 -10.729 -10.417 -10.205 -10.167 -10.746 -10.952 -10.571 -9.447 -8.925 -8.314 -10.809
0.017997 -11.839 -11.792 -11.735 -11.518 -11.257 -10.947 -11.593 -11.482 -11.254 -10.937 -10.596 -10.188 -11.49 -11.159 -10.752 -10.435 -10.128 -11.143 -10.778 -10.467 -10.255 -10.216 -10.796 -11.001 -10.621 -9.499 -8.978 -8.367 -10.858
0.018541 -11.873 -11.83 -11.774 -11.563 -11.304 -10.995 -11.633 -11.527 -11.301 -10.986 -10.646 -10.239 -11.535 -11.207 -10.801 -10.485 -10.179 -11.19 -10.828 -10.517 -10.305 -10.265 -10.845 -11.049 -10.671 -9.552 -9.031 -8.421 -10.906
0.019102 -11.906 -11.866 -11.813 -11.607 -11.351 -11.044 -11.672 -11.571 -11.347 -11.034 -10.696 -10.291 -11.579 -11.254 -10.851 -10.536 -10.231 -11.237 -10.877 -10.567 -10.356 -10.313 -10.894 -11.097 -10.721 -9.604 -9.084 -8.475 -10.955
0.01968 -11.939 -11.903 -11.852 -11.651 -11.398 -11.093 -11.712 -11.616 -11.394 -11.083 -10.746 -10.342 -11.624 -11.302 -10.9 -10.586 -10.282 -11.285 -10.926 -10.617 -10.406 -10.362 -10.943 -11.145 -10.771 -9.657 -9.137 -8.528 -11.004
0.020275 -11.972 -11.939 -11.891 -11.695 -11.444 -11.141 -11.751 -11.66 -11.441 -11.132 -10.796 -10.393 -11.668 -11.349 -10.95 -10.637 -10.333 -11.332 -10.975 -10.667 -10.456 -10.411 -10.992 -11.193 -10.821 -9.709 -9.19 -8.582 -11.052
0.020888 -12.004 -11.975 -11.929 -11.739 -11.491 -11.19 -11.791 -11.705 -11.487 -11.18 -10.846 -10.444 -11.712 -11.396 -10.999 -10.687 -10.385 -11.379 -11.024 -10.717 -10.506 -10.459 -11.04 -11.241 -10.87 -9.762 -9.243 -8.635 -11.1
0.02152 -12.036 -12.011 -11.967 -11.783 -11.537 -11.238 -11.83 -11.749 -11.533 -11.228 -10.895 -10.495 -11.757 -11.443 -11.048 -10.738 -10.436 -11.426 -11.072 -10.767 -10.556 -10.508 -11.089 -11.289 -10.92 -9.814 -9.296 -8.689 -11.148
0.022171 -12.068 -12.047 -12.005 -11.826 -11.583 -11.286 -11.868 -11.793 -11.58 -11.277 -10.945 -10.546 -11.8 -11.49 -11.097 -10.788 -10.487 -11.473 -11.121 -10.816 -10.606 -10.557 -11.138 -11.337 -10.969 -9.866 -9.349 -8.742 -11.196
0.022841 -12.1 -12.082 -12.043 -11.87 -11.629 -11.334 -11.907 -11.836 -11.626 -11.325 -10.994 -10.596 -11.844 -11.537 -11.146 -10.838 -10.538 -11.52 -11.17 -10.866 -10.655 -10.605 -11.186 -11.385 -11.019 -9.918 -9.402 -8.796 -11.244
0.023532 -12.131 -12.117 -12.08 -11.913 -11.675 -11.382 -11.945 -11.88 -11.672 -11.373 -11.044 -10.647 -11.888 -11.583 -11.195 -10.888 -10.589 -11.566 -11.218 -10.916 -10.705 -10.654 -11.234 -11.432 -11.068 -9.971 -9.455 -8.849 -11.292
0.024244 -12.162 -12.152 -12.118 -11.956 -11.721 -11.43 -11.984 -11.924 -11.717 -11.421 -11.093 -10.698 -11.931 -11.63 -11.244 -10.938 -10.64 -11.613 -11.267 -10.965 -10.755 -10.702 -11.283 -11.48 -11.117 -10.023 -9.507 -8.902 -11.34
0.024977 -12.193 -12.186 -12.154 -11.999 -11.767 -11.478 -12.022 -11.967 -11.763 -11.468 -11.143 -10.748 -11.974 -11.676 -11.293 -10.988 -10.69 -11.659 -11.315 -11.015 -10.805 -10.751 -11.331 -11.527 -11.167 -10.075 -9.56 -8.956 -11.388
0.025733 -12.223 -12.22 -12.191 -12.041 -11.812 -11.526 -12.06 -12.01 -11.809 -11.516 -11.192 -10.799 -12.018 -11.722 -11.341 -11.038 -10.741 -11.705 -11.363 -11.064 -10.854 -10.799 -11.379 -11.574 -11.216 -10.127 -9.613 -9.009 -11.435
0.026511 -12.253 -12.254 -12.228 -12.084 -11.858 -11.573 -12.097 -12.053 -11.854 -11.564 -11.241 -10.849 -12.06 -11.769 -11.39 -11.088 -10.792 -11.752 -11.412 -11.113 -10.904 -10.848 -11.427 -11.621 -11.265 -10.179 -9.665 -9.062 -11.483
0.027313 -12.283 -12.288 -12.264 -12.126 -11.903 -11.621 -12.135 -12.096 -11.899 -11.611 -11.29 -10.9 -12.103 -11.815 -11.438 -11.137 -10.842 -11.798 -11.46 -11.162 -10.954 -10.896 -11.475 -11.668 -11.314 -10.231 -9.718 -9.115 -11.53
0.028139 -12.313 -12.321 -12.3 -12.168 -11.948 -11.668 -12.172 -12.139 -11.944 -11.659 -11.339 -10.95 -12.146 -11.86 -11.487 -11.187 -10.893 -11.844 -11.508 -11.212 -11.003 -10.945 -11.523 -11.715 -11.363 -10.282 -9.771 -9.169 -11.577
0.02899 -12.342 -12.354 -12.336 -12.21 -11.993 -11.715 -12.209 -12.181 -11.989 -11.706 -11.388 -11.0 -12.188 -11.906 -11.535 -11.237 -10.943 -11.889 -11.556 -11.261 -11.053 -10.993 -11.57 -11.762 -11.411 -10.334 -9.823 -9.222 -11.625
0.029867 -12.371 -12.387 -12.371 -12.252 -12.038 -11.763 -12.246 -12.223 -12.034 -11.753 -11.437 -11.051 -12.231 -11.952 -11.583 -11.286 -10.994 -11.935 -11.604 -11.31 -11.102 -11.041 -11.618 -11.809 -11.46 -10.386 -9.876 -9.275 -11.672
0.03077 -12.399 -12.419 -12.407 -12.294 -12.083 -11.81 -12.282 -12.266 -12.079 -11.8 -11.485 -11.101 -12.273 -11.997 -11.631 -11.335 -11.044 -11.981 -11.651 -11.359 -11.151 -11.09 -11.665 -11.855 -11.509 -10.438 -9.928 -9.328 -11.719
0.031701 -12.428 -12.451 -12.442 -12.335 -12.127 -11.857 -12.319 -12.308 -12.124 -11.847 -11.534 -11.151 -12.315 -12.043 -11.679 -11.385 -11.094 -12.026 -11.699 -11.408 -11.201 -11.138 -11.713 -11.902 -11.557 -10.489 -9.98 -9.381 -11.765
0.032659 -12.456 -12.483 -12.476 -12.376 -12.172 -11.904 -12.355 -12.349 -12.168 -11.894 -11.582 -11.201 -12.356 -12.088 -11.727 -11.434 -11.145 -12.072 -11.747 -11.456 -11.25 -11.186 -11.76 -11.948 -11.606 -10.541 -10.033 -9.434 -11.812
0.033647 -12.483 -12.515 -12.511 -12.417 -12.216 -11.95 -12.391 -12.391 -12.213 -11.941 -11.631 -11.251 -12.398 -12.133 -11.775 -11.483 -11.195 -12.117 -11.794 -11.505 -11.299 -11.234 -11.807 -11.994 -11.654 -10.593 -10.085 -9.487 -11.859
0.034665 -12.511 -12.546 -12.545 -12.458 -12.26 -11.997 -12.427 -12.432 -12.257 -11.988 -11.679 -11.301 -12.439 -12.178 -11.823 -11.532 -11.245 -12.162 -11.842 -11.554 -11.348 -11.283 -11.854 -12.04 -11.702 -10.644 -10.137 -9.54 -11.905
0.035713 -12.538 -12.577 -12.579 -12.499 -12.304 -12.043 -12.462 -12.474 -12.301 -12.034 -11.727 -11.351 -12.48 -12.223 -11.87 -11.581 -11.295 -12.207 -11.889 -11.603 -11.397 -11.331 -11.901 -12.086 -11.75 -10.695 -10.19 -9.593 -11.952
0.036793 -12.564 -12.608 -12.613 -12.539 -12.348 -12.09 -12.498 -12.515 -12.345 -12.081 -11.776 -11.4 -12.521 -12.268 -11.918 -11.63 -11.345 -12.252 -11.936 -11.651 -11.446 -11.379 -11.948 -12.132 -11.798 -10.747 -10.242 -9.646 -11.998
0.037906 -12.591 -12.638 -12.646 -12.58 -12.392 -12.136 -12.533 -12.556 -12.388 -12.127 -11.824 -11.45 -12.562 -12.313 -11.965 -11.679 -11.395 -12.297 -11.983 -11.7 -11.495 -11.427 -11.995 -12.178 -11.846 -10.798 -10.294 -9.698 -12.044
0.039052 -12.617 -12.668 -12.679 -12.62 -12.436 -12.182 -12.568 -12.597 -12.432 -12.173 -11.872 -11.499 -12.603 -12.357 -12.013 -11.728 -11.445 -12.341 -12.03 -11.748 -11.544 -11.475 -12.042 -12.223 -11.894 -10.85 -10.346 -9.751 -12.09
0.040234 -12.642 -12.698 -12.712 -12.66 -12.479 -12.228 -12.603 -12.637 -12.475 -12.219 -11.92 -11.549 -12.643 -12.401 -12.06 -11.777 -11.494 -12.386 -12.077 -11.796 -11.593 -11.523 -12.088 -12.269 -11.942 -10.901 -10.398 -9.804 -12.136
0.04145 -12.668 -12.727 -12.745 -12.7 -12.522 -12.274 -12.637 -12.677 -12.519 -12.265 -11.967 -11.598 -12.684 -12.446 -12.107 -11.825 -11.544 -12.43 -12.124 -11.845 -11.642 -11.571 -12.135 -12.314 -11.99 -10.952 -10.45 -9.857 -12.182
0.042704 -12.693 -12.756 -12.777 -12.739 -12.565 -12.32 -12.671 -12.718 -12.562 -12.311 -12.015 -11.648 -12.724 -12.49 -12.154 -11.874 -11.594 -12.474 -12.171 -11.893 -11.69 -11.619 -12.181 -12.36 -12.037 -11.003 -10.502 -9.91 -12.228
0.043996 -12.717 -12.785 -12.81 -12.779 -12.608 -12.366 -12.706 -12.758 -12.605 -12.357 -12.063 -11.697 -12.764 -12.534 -12.201 -11.922 -11.643 -12.519 -12.218 -11.941 -11.739 -11.667 -12.227 -12.405 -12.085 -11.054 -10.554 -9.962 -12.274
0.045326 -12.742 -12.813 -12.841 -12.818 -12.651 -12.412 -12.739 -12.797 -12.648 -12.403 -12.11 -11.746 -12.803 -12.577 -12.248 -11.97 -11.693 -12.562 -12.264 -11.989 -11.788 -11.715 -12.273 -12.45 -12.132 -11.105 -10.606 -10.015 -12.319
0.046697 -12.765 -12.841 -12.873 -12.857 -12.694 -12.457 -12.773 -12.837 -12.691 -12.448 -12.158 -11.795 -12.843 -12.621 -12.294 -12.019 -11.742 -12.606 -12.311 -12.037 -11.836 -11.763 -12.319 -12.495 -12.18 -11.156 -10.658 -10.067 -12.365
0.048109 -12.789 -12.869 -12.904 -12.895 -12.736 -12.502 -12.807 -12.876 -12.733 -12.494 -12.205 -11.845 -12.882 -12.664 -12.341 -12.067 -11.791 -12.65 -12.357 -12.085 -11.885 -11.811 -12.365 -12.539 -12.227 -11.207 -10.71 -10.12 -12.41
0.049564 -12.812 -12.896 -12.935 -12.934 -12.779 -12.548 -12.84 -12.916 -12.775 -12.539 -12.252 -11.894 -12.921 -12.708 -12.387 -12.115 -11.841 -12.694 -12.403 -12.132 -11.933 -11.858 -12.411 -12.584 -12.274 -11.258 -10.762 -10.173 -12.455
0.051063 -12.835 -12.923 -12.966 -12.972 -12.821 -12.593 -12.873 -12.955 -12.818 -12.584 -12.3 -11.942 -12.96 -12.751 -12.434 -12.163 -11.89 -12.737 -12.449 -12.18 -11.981 -11.906 -12.457 -12.629 -12.321 -11.309 -10.814 -10.225 -12.5
0.052608 -12.858 -12.95 -12.996 -13.01 -12.863 -12.638 -12.906 -12.993 -12.86 -12.629 -12.347 -11.991 -12.999 -12.794 -12.48 -12.211 -11.939 -12.78 -12.495 -12.228 -12.03 -11.954 -12.502 -12.673 -12.368 -11.36 -10.865 -10.278 -12.545
0.054199 -12.88 -12.976 -13.026 -13.048 -12.905 -12.683 -12.938 -13.032 -12.902 -12.674 -12.394 -12.04 -13.037 -12.837 -12.526 -12.259 -11.988 -12.823 -12.541 -12.275 -12.078 -12.001 -12.548 -12.717 -12.415 -11.411 -10.917 -10.33 -12.59
0.055838 -12.901 -13.002 -13.056 -13.086 -12.947 -12.727 -12.971 -13.07 -12.943 -12.719 -12.44 -12.089 -13.076 -12.88 -12.572 -12.307 -12.037 -12.866 -12.587 -12.323 -12.126 -12.049 -12.593 -12.761 -12.462 -11.461 -10.969 -10.383 -12.634
0.057527 -12.923 -13.028 -13.085 -13.123 -12.988 -12.772 -13.003 -13.109 -12.985 -12.763 -12.487 -12.137 -13.114 -12.922 -12.618 -12.354 -12.086 -12.909 -12.633 -12.37 -12.174 -12.097 -12.638 -12.805 -12.508 -11.512 -11.02 -10.435 -12.679
0.059267 -12.944 -13.053 -13.114 -13.161 -13.03 -12.816 -13.035 -13.146 -13.026 -12.808 -12.534 -12.186 -13.152 -12.965 -12.664 -12.402 -12.135 -12.952 -12.678 -12.417 -12.222 -12.144 -12.684 -12.849 -12.555 -11.563 -11.072 -10.487 -12.723
0.061059 -12.964 -13.078 -13.143 -13.198 -13.071 -12.861 -13.066 -13.184 -13.067 -12.852 -12.58 -12.234 -13.189 -13.007 -12.71 -12.449 -12.183 -12.994 -12.724 -12.464 -12.27 -12.192 -12.729 -12.893 -12.601 -11.613 -11.123 -10.54 -12.768
0.062906 -12.984 -13.102 -13.172 -13.234 -13.112 -12.905 -13.098 -13.222 -13.108 -12.897 -12.627 -12.283 -13.227 -13.049 -12.755 -12.497 -12.232 -13.037 -12.769 -12.512 -12.318 -12.239 -12.773 -12.936 -12.647 -11.664 -11.175 -10.592 -12.812
0.064808 -13.004 -13.126 -13.2 -13.271 -13.153 -12.949 -13.129 -13.259 -13.149 -12.941 -12.673 -12.331 -13.264 -13.091 -12.801 -12.544 -12.281 -13.079 -12.815 -12.559 -12.366 -12.287 -12.818 -12.98 -12.694 -11.714 -11.226 -10.644 -12.856
0.066769 -13.024 -13.15 -13.228 -13.307 -13.193 -12.993 -13.16 -13.296 -13.19 -12.985 -12.719 -12.379 -13.301 -13.133 -12.846 -12.591 -12.329 -13.121 -12.86 -12.606 -12.414 -12.334 -12.863 -13.023 -12.74 -11.765 -11.278 -10.696 -12.9
0.068788 -13.043 -13.173 -13.255 -13.343 -13.234 -13.037 -13.191 -13.333 -13.231 -13.028 -12.766 -12.427 -13.337 -13.174 -12.892 -12.638 -12.377 -13.163 -12.905 -12.652 -12.461 -12.381 -12.907 -13.066 -12.786 -11.815 -11.329 -10.749 -12.944
0.070868 -13.061 -13.196 -13.283 -13.379 -13.274 -13.08 -13.221 -13.369 -13.271 -13.072 -12.812 -12.475 -13.374 -13.216 -12.937 -12.685 -12.426 -13.205 -12.95 -12.699 -12.509 -12.429 -12.952 -13.109 -12.832 -11.865 -11.38 -10.801 -12.987
