web/models/kne.last_good/kappa_0.5_3.0.v1/6/villar_0.3304_0.4843_0.5000.dat
# %ECSV 1.0
# ---
# datatype:
# - {name: time, datatype: float64}
# - {name: swift_uvot_uvw2, datatype: float64}
# - {name: swift_uvot_uvm2, datatype: float64}
# - {name: swift_uvot_uvw1, datatype: float64}
# - {name: swift_uvot_U, datatype: float64}
# - {name: swift_uvot_B, datatype: float64}
# - {name: swift_uvot_V, datatype: float64}
# - {name: swift_uvot_W, datatype: float64}
# - {name: johnson_U, datatype: float64}
# - {name: johnson_B, datatype: float64}
# - {name: johnson_V, datatype: float64}
# - {name: johnson_R, datatype: float64}
# - {name: johnson_I, datatype: float64}
# - {name: sdss_u, datatype: float64}
# - {name: sdss_g, datatype: float64}
# - {name: sdss_r, datatype: float64}
# - {name: sdss_i, datatype: float64}
# - {name: sdss_z, datatype: float64}
# - {name: PS1_g, datatype: float64}
# - {name: PS1_r, datatype: float64}
# - {name: PS1_i, datatype: float64}
# - {name: PS1_z, datatype: float64}
# - {name: PS1_Y, datatype: float64}
# - {name: PS1_w, datatype: float64}
# - {name: ATLAS_c, datatype: float64}
# - {name: ATLAS_o, datatype: float64}
# - {name: ukirt_J, datatype: float64}
# - {name: ukirt_H, datatype: float64}
# - {name: ukirt_K, datatype: float64}
# - {name: Clear, datatype: float64}
# meta: !!omap
# - comment: [kappa = 0.5, type = villar, mass = 0.33039895931513485, velocity = 0.48433333333333334, theta_obs = 0.0]
# schema: astropy-2.0
time swift_uvot_uvw2 swift_uvot_uvm2 swift_uvot_uvw1 swift_uvot_U swift_uvot_B swift_uvot_V swift_uvot_W johnson_U johnson_B johnson_V johnson_R johnson_I sdss_u sdss_g sdss_r sdss_i sdss_z PS1_g PS1_r PS1_i PS1_z PS1_Y PS1_w ATLAS_c ATLAS_o ukirt_J ukirt_H ukirt_K Clear
[from data line 75]
0.009344 -12.3 -12.154 -12.045 -11.699 -11.378 -11.021 -11.891 -11.652 -11.374 -11.011 -10.639 -10.203 -11.662 -11.265 -10.806 -10.464 -10.138 -11.253 -10.848 -10.517 -10.308 -10.323 -10.863 -11.086 -10.666 -9.482 -8.946 -8.323 -10.937
0.009626 -12.34 -12.197 -12.09 -11.748 -11.428 -11.073 -11.936 -11.701 -11.424 -11.062 -10.691 -10.256 -11.71 -11.315 -10.858 -10.516 -10.191 -11.303 -10.899 -10.569 -10.36 -10.372 -10.915 -11.137 -10.718 -9.536 -9.0 -8.377 -10.988
0.009917 -12.38 -12.24 -12.134 -11.796 -11.478 -11.124 -11.981 -11.749 -11.474 -11.114 -10.743 -10.309 -11.759 -11.365 -10.91 -10.569 -10.244 -11.353 -10.951 -10.621 -10.411 -10.422 -10.966 -11.188 -10.77 -9.59 -9.054 -8.432 -11.039
0.010217 -12.419 -12.283 -12.179 -11.844 -11.528 -11.175 -12.025 -11.798 -11.524 -11.165 -10.795 -10.361 -11.807 -11.416 -10.962 -10.621 -10.297 -11.403 -11.002 -10.672 -10.463 -10.471 -11.017 -11.239 -10.822 -9.644 -9.108 -8.486 -11.09
0.010526 -12.459 -12.326 -12.223 -11.892 -11.577 -11.226 -12.069 -11.846 -11.573 -11.216 -10.847 -10.414 -11.855 -11.466 -11.013 -10.673 -10.35 -11.453 -11.053 -10.724 -10.514 -10.52 -11.069 -11.289 -10.874 -9.697 -9.162 -8.541 -11.141
0.010845 -12.498 -12.368 -12.267 -11.94 -11.627 -11.277 -12.114 -11.894 -11.623 -11.267 -10.899 -10.467 -11.903 -11.516 -11.065 -10.726 -10.403 -11.503 -11.104 -10.775 -10.565 -10.569 -11.12 -11.34 -10.926 -9.751 -9.217 -8.595 -11.192
0.011173 -12.537 -12.411 -12.31 -11.987 -11.676 -11.328 -12.158 -11.942 -11.672 -11.317 -10.951 -10.519 -11.951 -11.566 -11.116 -10.778 -10.456 -11.552 -11.154 -10.827 -10.616 -10.618 -11.171 -11.39 -10.977 -9.805 -9.271 -8.65 -11.242
0.011511 -12.576 -12.453 -12.354 -12.035 -11.726 -11.379 -12.201 -11.99 -11.722 -11.368 -11.002 -10.572 -11.999 -11.615 -11.167 -10.83 -10.508 -11.602 -11.205 -10.878 -10.667 -10.667 -11.222 -11.441 -11.029 -9.858 -9.325 -8.704 -11.293
0.011859 -12.614 -12.494 -12.397 -12.082 -11.775 -11.429 -12.245 -12.038 -11.771 -11.419 -11.054 -10.624 -12.047 -11.665 -11.219 -10.882 -10.561 -11.651 -11.256 -10.929 -10.718 -10.716 -11.273 -11.491 -11.081 -9.912 -9.379 -8.759 -11.343
0.012217 -12.653 -12.536 -12.44 -12.129 -11.824 -11.48 -12.288 -12.085 -11.82 -11.469 -11.105 -10.677 -12.094 -11.715 -11.27 -10.934 -10.614 -11.701 -11.306 -10.98 -10.769 -10.765 -11.323 -11.541 -11.132 -9.965 -9.432 -8.813 -11.394
0.012587 -12.691 -12.577 -12.483 -12.176 -11.873 -11.53 -12.332 -12.132 -11.869 -11.52 -11.157 -10.729 -12.141 -11.764 -11.321 -10.986 -10.666 -11.75 -11.357 -11.032 -10.82 -10.814 -11.374 -11.591 -11.183 -10.018 -9.486 -8.867 -11.444
0.012968 -12.728 -12.618 -12.526 -12.223 -11.922 -11.58 -12.375 -12.18 -11.918 -11.57 -11.208 -10.782 -12.189 -11.813 -11.372 -11.038 -10.719 -11.799 -11.407 -11.083 -10.871 -10.863 -11.425 -11.641 -11.235 -10.072 -9.54 -8.921 -11.494
0.01336 -12.766 -12.659 -12.569 -12.27 -11.971 -11.631 -12.418 -12.227 -11.967 -11.621 -11.26 -10.834 -12.236 -11.863 -11.423 -11.089 -10.771 -11.848 -11.458 -11.134 -10.922 -10.912 -11.475 -11.691 -11.286 -10.125 -9.594 -8.975 -11.544
0.013764 -12.803 -12.7 -12.611 -12.317 -12.019 -11.681 -12.46 -12.274 -12.015 -11.671 -11.311 -10.886 -12.283 -11.912 -11.474 -11.141 -10.823 -11.897 -11.508 -11.185 -10.973 -10.961 -11.525 -11.741 -11.337 -10.178 -9.647 -9.03 -11.594
0.01418 -12.84 -12.741 -12.653 -12.363 -12.068 -11.731 -12.503 -12.321 -12.064 -11.721 -11.362 -10.938 -12.33 -11.961 -11.524 -11.193 -10.875 -11.946 -11.558 -11.235 -11.024 -11.01 -11.576 -11.791 -11.388 -10.231 -9.701 -9.084 -11.644
0.014609 -12.877 -12.781 -12.695 -12.41 -12.116 -11.781 -12.545 -12.367 -12.112 -11.771 -11.413 -10.99 -12.376 -12.01 -11.575 -11.244 -10.928 -11.995 -11.609 -11.286 -11.074 -11.059 -11.626 -11.84 -11.439 -10.284 -9.755 -9.138 -11.694
0.015051 -12.914 -12.821 -12.737 -12.456 -12.164 -11.831 -12.588 -12.414 -12.161 -11.821 -11.464 -11.042 -12.423 -12.059 -11.626 -11.296 -10.98 -12.044 -11.659 -11.337 -11.125 -11.108 -11.676 -11.89 -11.49 -10.338 -9.808 -9.192 -11.744
0.015506 -12.95 -12.861 -12.779 -12.502 -12.213 -11.881 -12.63 -12.461 -12.209 -11.87 -11.515 -11.094 -12.469 -12.107 -11.676 -11.347 -11.032 -12.092 -11.709 -11.388 -11.175 -11.156 -11.726 -11.939 -11.541 -10.391 -9.862 -9.246 -11.794
0.015975 -12.987 -12.9 -12.82 -12.548 -12.261 -11.93 -12.671 -12.507 -12.257 -11.92 -11.566 -11.146 -12.516 -12.156 -11.727 -11.398 -11.084 -12.141 -11.758 -11.438 -11.226 -11.205 -11.776 -11.989 -11.592 -10.443 -9.915 -9.3 -11.843
0.016458 -13.022 -12.94 -12.861 -12.594 -12.309 -11.98 -12.713 -12.553 -12.305 -11.97 -11.616 -11.198 -12.562 -12.205 -11.777 -11.45 -11.136 -12.189 -11.808 -11.489 -11.277 -11.254 -11.826 -12.038 -11.642 -10.496 -9.969 -9.353 -11.893
0.016956 -13.058 -12.979 -12.902 -12.64 -12.357 -12.029 -12.755 -12.599 -12.353 -12.019 -11.667 -11.249 -12.608 -12.253 -11.827 -11.501 -11.188 -12.237 -11.858 -11.539 -11.327 -11.303 -11.876 -12.087 -11.693 -10.549 -10.022 -9.407 -11.942
0.017469 -13.094 -13.018 -12.943 -12.685 -12.404 -12.079 -12.796 -12.645 -12.401 -12.069 -11.718 -11.301 -12.654 -12.301 -11.877 -11.552 -11.239 -12.285 -11.908 -11.59 -11.377 -11.351 -11.925 -12.136 -11.743 -10.602 -10.075 -9.461 -11.991
0.017997 -13.129 -13.056 -12.984 -12.73 -12.452 -12.128 -12.837 -12.691 -12.448 -12.118 -11.768 -11.352 -12.699 -12.35 -11.927 -11.603 -11.291 -12.333 -11.957 -11.64 -11.428 -11.4 -11.975 -12.185 -11.794 -10.655 -10.129 -9.515 -12.04
0.018541 -13.164 -13.095 -13.024 -12.776 -12.499 -12.177 -12.878 -12.736 -12.496 -12.167 -11.819 -11.404 -12.745 -12.398 -11.977 -11.654 -11.343 -12.381 -12.007 -11.69 -11.478 -11.449 -12.025 -12.234 -11.844 -10.707 -10.182 -9.569 -12.09
0.019102 -13.198 -13.133 -13.064 -12.821 -12.547 -12.227 -12.919 -12.782 -12.543 -12.217 -11.869 -11.455 -12.79 -12.446 -12.027 -11.705 -11.394 -12.429 -12.056 -11.741 -11.528 -11.497 -12.074 -12.283 -11.895 -10.76 -10.235 -9.622 -12.139
0.01968 -13.233 -13.171 -13.104 -12.866 -12.594 -12.276 -12.959 -12.827 -12.59 -12.266 -11.919 -11.507 -12.836 -12.494 -12.077 -11.756 -11.446 -12.477 -12.106 -11.791 -11.579 -11.546 -12.123 -12.331 -11.945 -10.813 -10.288 -9.676 -12.187
0.020275 -13.267 -13.209 -13.144 -12.91 -12.641 -12.325 -13.0 -12.872 -12.638 -12.315 -11.97 -11.558 -12.881 -12.541 -12.127 -11.807 -11.497 -12.525 -12.155 -11.841 -11.629 -11.595 -12.173 -12.38 -11.995 -10.865 -10.342 -9.73 -12.236
0.020888 -13.301 -13.246 -13.184 -12.955 -12.688 -12.374 -13.04 -12.917 -12.685 -12.364 -12.02 -11.609 -12.926 -12.589 -12.177 -11.857 -11.549 -12.572 -12.204 -11.891 -11.679 -11.643 -12.222 -12.428 -12.045 -10.918 -10.395 -9.783 -12.285
0.02152 -13.335 -13.283 -13.223 -13.0 -12.735 -12.422 -13.08 -12.962 -12.732 -12.412 -12.07 -11.661 -12.971 -12.637 -12.226 -11.908 -11.6 -12.62 -12.253 -11.941 -11.729 -11.692 -12.271 -12.477 -12.095 -10.97 -10.448 -9.837 -12.334
0.022171 -13.368 -13.32 -13.262 -13.044 -12.782 -12.471 -13.12 -13.007 -12.778 -12.461 -12.12 -11.712 -13.015 -12.684 -12.276 -11.958 -11.652 -12.667 -12.303 -11.991 -11.779 -11.74 -12.32 -12.525 -12.145 -11.023 -10.501 -9.89 -12.382
0.022841 -13.401 -13.357 -13.301 -13.088 -12.829 -12.52 -13.159 -13.052 -12.825 -12.51 -12.17 -11.763 -13.06 -12.731 -12.325 -12.009 -11.703 -12.715 -12.352 -12.041 -11.829 -11.789 -12.369 -12.573 -12.195 -11.075 -10.554 -9.944 -12.431
0.023532 -13.434 -13.393 -13.34 -13.132 -12.875 -12.568 -13.199 -13.096 -12.872 -12.558 -12.22 -11.814 -13.104 -12.779 -12.374 -12.059 -11.754 -12.762 -12.4 -12.091 -11.879 -11.837 -12.418 -12.621 -12.244 -11.127 -10.607 -9.997 -12.479
0.024244 -13.467 -13.43 -13.378 -13.176 -12.922 -12.616 -13.238 -13.141 -12.918 -12.607 -12.269 -11.865 -13.149 -12.826 -12.424 -12.11 -11.805 -12.809 -12.449 -12.141 -11.929 -11.886 -12.466 -12.669 -12.294 -11.18 -10.66 -10.051 -12.527
0.024977 -13.499 -13.466 -13.417 -13.22 -12.968 -12.665 -13.277 -13.185 -12.965 -12.655 -12.319 -11.916 -13.193 -12.873 -12.473 -12.16 -11.856 -12.856 -12.498 -12.19 -11.979 -11.934 -12.515 -12.717 -12.344 -11.232 -10.713 -10.104 -12.575
0.025733 -13.531 -13.501 -13.455 -13.263 -13.015 -12.713 -13.316 -13.229 -13.011 -12.703 -12.369 -11.967 -13.237 -12.92 -12.522 -12.21 -11.907 -12.903 -12.547 -12.24 -12.029 -11.983 -12.564 -12.765 -12.393 -11.284 -10.765 -10.158 -12.624
0.026511 -13.563 -13.537 -13.493 -13.307 -13.061 -12.761 -13.355 -13.273 -13.057 -12.751 -12.418 -12.017 -13.281 -12.966 -12.571 -12.26 -11.958 -12.949 -12.595 -12.29 -12.079 -12.031 -12.612 -12.812 -12.443 -11.336 -10.818 -10.211 -12.671
0.027313 -13.594 -13.572 -13.53 -13.35 -13.107 -12.809 -13.393 -13.316 -13.103 -12.799 -12.468 -12.068 -13.324 -13.013 -12.62 -12.31 -12.009 -12.996 -12.644 -12.339 -12.128 -12.079 -12.66 -12.86 -12.492 -11.388 -10.871 -10.264 -12.719
0.028139 -13.625 -13.607 -13.568 -13.393 -13.152 -12.857 -13.432 -13.36 -13.149 -12.847 -12.517 -12.119 -13.368 -13.06 -12.669 -12.36 -12.06 -13.043 -12.692 -12.389 -12.178 -12.128 -12.709 -12.907 -12.541 -11.44 -10.924 -10.317 -12.767
0.02899 -13.656 -13.642 -13.605 -13.436 -13.198 -12.905 -13.47 -13.403 -13.195 -12.895 -12.566 -12.169 -13.411 -13.106 -12.717 -12.41 -12.111 -13.089 -12.741 -12.438 -12.228 -12.176 -12.757 -12.955 -12.591 -11.492 -10.976 -10.371 -12.815
0.029867 -13.687 -13.676 -13.642 -13.479 -13.244 -12.953 -13.508 -13.447 -13.24 -12.943 -12.615 -12.22 -13.454 -13.152 -12.766 -12.46 -12.161 -13.135 -12.789 -12.487 -12.277 -12.225 -12.805 -13.002 -12.64 -11.544 -11.029 -10.424 -12.862
0.03077 -13.717 -13.71 -13.678 -13.521 -13.289 -13.0 -13.545 -13.49 -13.286 -12.991 -12.665 -12.27 -13.497 -13.199 -12.815 -12.51 -12.212 -13.182 -12.837 -12.537 -12.327 -12.273 -12.853 -13.049 -12.689 -11.596 -11.082 -10.477 -12.91
0.031701 -13.747 -13.744 -13.715 -13.564 -13.335 -13.048 -13.583 -13.533 -13.331 -13.038 -12.714 -12.321 -13.54 -13.245 -12.863 -12.56 -12.263 -13.228 -12.885 -12.586 -12.376 -12.321 -12.901 -13.096 -12.738 -11.648 -11.134 -10.53 -12.957
0.032659 -13.777 -13.778 -13.751 -13.606 -13.38 -13.095 -13.62 -13.576 -13.376 -13.086 -12.763 -12.371 -13.583 -13.291 -12.912 -12.609 -12.313 -13.274 -12.933 -12.635 -12.426 -12.369 -12.949 -13.143 -12.786 -11.7 -11.187 -10.583 -13.005
0.033647 -13.807 -13.811 -13.787 -13.648 -13.425 -13.143 -13.657 -13.618 -13.421 -13.133 -12.811 -12.421 -13.625 -13.336 -12.96 -12.659 -12.364 -13.32 -12.981 -12.684 -12.475 -12.418 -12.996 -13.19 -12.835 -11.752 -11.239 -10.636 -13.052
0.034665 -13.836 -13.844 -13.823 -13.69 -13.47 -13.19 -13.694 -13.661 -13.466 -13.18 -12.86 -12.471 -13.668 -13.382 -13.008 -12.708 -12.414 -13.365 -13.029 -12.733 -12.524 -12.466 -13.044 -13.237 -12.884 -11.803 -11.292 -10.689 -13.099
0.035713 -13.865 -13.877 -13.858 -13.732 -13.515 -13.237 -13.731 -13.703 -13.511 -13.227 -12.909 -12.522 -13.71 -13.428 -13.056 -12.758 -12.464 -13.411 -13.077 -12.782 -12.574 -12.514 -13.092 -13.283 -12.933 -11.855 -11.344 -10.742 -13.146
0.036793 -13.893 -13.909 -13.893 -13.774 -13.559 -13.284 -13.768 -13.745 -13.556 -13.274 -12.958 -12.572 -13.752 -13.473 -13.104 -12.807 -12.515 -13.457 -13.125 -12.831 -12.623 -12.562 -13.139 -13.33 -12.981 -11.907 -11.396 -10.795 -13.193
0.037906 -13.922 -13.941 -13.928 -13.815 -13.604 -13.331 -13.804 -13.787 -13.6 -13.321 -13.006 -12.622 -13.794 -13.519 -13.152 -12.856 -12.565 -13.502 -13.172 -12.88 -12.672 -12.61 -13.186 -13.376 -13.03 -11.958 -11.449 -10.848 -13.24
0.039052 -13.95 -13.973 -13.963 -13.856 -13.648 -13.378 -13.84 -13.829 -13.645 -13.368 -13.055 -12.672 -13.836 -13.564 -13.2 -12.905 -12.615 -13.547 -13.22 -12.928 -12.721 -12.659 -13.234 -13.422 -13.078 -12.01 -11.501 -10.901 -13.286
0.040234 -13.977 -14.005 -13.998 -13.897 -13.693 -13.424 -13.876 -13.87 -13.689 -13.415 -13.103 -12.721 -13.877 -13.609 -13.248 -12.955 -12.665 -13.592 -13.267 -12.977 -12.77 -12.707 -13.281 -13.469 -13.126 -12.061 -11.553 -10.954 -13.333
0.04145 -14.005 -14.036 -14.032 -13.938 -13.737 -13.471 -13.912 -13.912 -13.733 -13.462 -13.151 -12.771 -13.919 -13.654 -13.295 -13.004 -12.715 -13.638 -13.315 -13.026 -12.819 -12.755 -13.328 -13.515 -13.174 -12.113 -11.605 -11.007 -13.379
0.042704 -14.032 -14.067 -14.066 -13.979 -13.781 -13.517 -13.947 -13.953 -13.777 -13.508 -13.2 -12.821 -13.96 -13.699 -13.343 -13.053 -12.765 -13.682 -13.362 -13.074 -12.868 -12.803 -13.375 -13.561 -13.223 -12.164 -11.658 -11.06 -13.426
0.043996 -14.058 -14.098 -14.1 -14.019 -13.825 -13.564 -13.983 -13.994 -13.821 -13.555 -13.248 -12.871 -14.001 -13.743 -13.39 -13.101 -12.815 -13.727 -13.409 -13.123 -12.917 -12.851 -13.422 -13.606 -13.271 -12.216 -11.71 -11.113 -13.472
0.045326 -14.085 -14.128 -14.133 -14.06 -13.868 -13.61 -14.018 -14.035 -13.865 -13.601 -13.296 -12.92 -14.042 -13.788 -13.438 -13.15 -12.865 -13.772 -13.456 -13.171 -12.966 -12.899 -13.468 -13.652 -13.318 -12.267 -11.762 -11.166 -13.518
0.046697 -14.111 -14.158 -14.166 -14.1 -13.912 -13.656 -14.053 -14.076 -13.908 -13.647 -13.344 -12.97 -14.082 -13.832 -13.485 -13.199 -12.915 -13.817 -13.503 -13.219 -13.015 -12.947 -13.515 -13.698 -13.366 -12.318 -11.814 -11.218 -13.564
0.048109 -14.136 -14.188 -14.199 -14.14 -13.955 -13.702 -14.088 -14.116 -13.952 -13.693 -13.391 -13.019 -14.123 -13.877 -13.532 -13.248 -12.964 -13.861 -13.55 -13.268 -13.064 -12.995 -13.561 -13.743 -13.414 -12.369 -11.866 -11.271 -13.61
0.049564 -14.162 -14.217 -14.232 -14.179 -13.999 -13.748 -14.122 -14.157 -13.995 -13.739 -13.439 -13.069 -14.163 -13.921 -13.579 -13.296 -13.014 -13.905 -13.597 -13.316 -13.112 -13.043 -13.608 -13.789 -13.462 -12.42 -11.918 -11.324 -13.656
0.051063 -14.187 -14.246 -14.264 -14.219 -14.042 -13.794 -14.156 -14.197 -14.038 -13.785 -13.487 -13.118 -14.203 -13.965 -13.626 -13.345 -13.063 -13.95 -13.644 -13.364 -13.161 -13.091 -13.654 -13.834 -13.509 -12.472 -11.97 -11.376 -13.702
0.052608 -14.211 -14.275 -14.296 -14.258 -14.085 -13.839 -14.19 -14.237 -14.081 -13.831 -13.535 -13.167 -14.243 -14.009 -13.673 -13.393 -13.113 -13.994 -13.69 -13.412 -13.21 -13.138 -13.7 -13.879 -13.557 -12.523 -12.022 -11.429 -13.747
0.054199 -14.236 -14.303 -14.328 -14.297 -14.127 -13.885 -14.224 -14.277 -14.124 -13.876 -13.582 -13.216 -14.283 -14.053 -13.72 -13.441 -13.162 -14.038 -13.737 -13.46 -13.258 -13.186 -13.746 -13.924 -13.604 -12.574 -12.074 -11.482 -13.793
0.055838 -14.26 -14.331 -14.36 -14.336 -14.17 -13.93 -14.258 -14.316 -14.167 -13.922 -13.629 -13.265 -14.322 -14.096 -13.767 -13.49 -13.212 -14.081 -13.783 -13.508 -13.307 -13.234 -13.792 -13.969 -13.651 -12.625 -12.126 -11.534 -13.838
0.057527 -14.283 -14.359 -14.391 -14.375 -14.213 -13.976 -14.291 -14.356 -14.209 -13.967 -13.677 -13.314 -14.361 -14.14 -13.813 -13.538 -13.261 -14.125 -13.829 -13.556 -13.355 -13.282 -13.838 -14.013 -13.699 -12.676 -12.177 -11.587 -13.883
0.059267 -14.306 -14.386 -14.422 -14.414 -14.255 -14.021 -14.325 -14.395 -14.252 -14.012 -13.724 -13.363 -14.401 -14.183 -13.86 -13.586 -13.31 -14.169 -13.876 -13.603 -13.403 -13.329 -13.884 -14.058 -13.746 -12.726 -12.229 -11.639 -13.928
0.061059 -14.329 -14.414 -14.453 -14.452 -14.297 -14.066 -14.358 -14.434 -14.294 -14.057 -13.771 -13.412 -14.439 -14.226 -13.906 -13.634 -13.359 -14.212 -13.922 -13.651 -13.452 -13.377 -13.93 -14.102 -13.793 -12.777 -12.281 -11.692 -13.973
0.062906 -14.352 -14.44 -14.483 -14.49 -14.339 -14.111 -14.39 -14.472 -14.336 -14.102 -13.818 -13.461 -14.478 -14.269 -13.952 -13.682 -13.408 -14.255 -13.968 -13.699 -13.5 -13.425 -13.975 -14.147 -13.84 -12.828 -12.332 -11.744 -14.018
0.064808 -14.374 -14.467 -14.513 -14.528 -14.381 -14.156 -14.423 -14.511 -14.378 -14.147 -13.865 -13.51 -14.517 -14.312 -13.998 -13.729 -13.457 -14.298 -14.014 -13.746 -13.548 -13.472 -14.021 -14.191 -13.886 -12.879 -12.384 -11.796 -14.063
