web/models/kne.last_good/kappa_0.5_3.0.v1/6/villar_0.1775_0.0300_0.5000.dat
# %ECSV 1.0
# ---
# datatype:
# - {name: time, datatype: float64}
# - {name: swift_uvot_uvw2, datatype: float64}
# - {name: swift_uvot_uvm2, datatype: float64}
# - {name: swift_uvot_uvw1, datatype: float64}
# - {name: swift_uvot_U, datatype: float64}
# - {name: swift_uvot_B, datatype: float64}
# - {name: swift_uvot_V, datatype: float64}
# - {name: swift_uvot_W, datatype: float64}
# - {name: johnson_U, datatype: float64}
# - {name: johnson_B, datatype: float64}
# - {name: johnson_V, datatype: float64}
# - {name: johnson_R, datatype: float64}
# - {name: johnson_I, datatype: float64}
# - {name: sdss_u, datatype: float64}
# - {name: sdss_g, datatype: float64}
# - {name: sdss_r, datatype: float64}
# - {name: sdss_i, datatype: float64}
# - {name: sdss_z, datatype: float64}
# - {name: PS1_g, datatype: float64}
# - {name: PS1_r, datatype: float64}
# - {name: PS1_i, datatype: float64}
# - {name: PS1_z, datatype: float64}
# - {name: PS1_Y, datatype: float64}
# - {name: PS1_w, datatype: float64}
# - {name: ATLAS_c, datatype: float64}
# - {name: ATLAS_o, datatype: float64}
# - {name: ukirt_J, datatype: float64}
# - {name: ukirt_H, datatype: float64}
# - {name: ukirt_K, datatype: float64}
# - {name: Clear, datatype: float64}
# meta: !!omap
# - comment: [kappa = 0.5, type = villar, mass = 0.1774768329891343, velocity = 0.030000000000000027, theta_obs = 0.0]
# schema: astropy-2.0
time swift_uvot_uvw2 swift_uvot_uvm2 swift_uvot_uvw1 swift_uvot_U swift_uvot_B swift_uvot_V swift_uvot_W johnson_U johnson_B johnson_V johnson_R johnson_I sdss_u sdss_g sdss_r sdss_i sdss_z PS1_g PS1_r PS1_i PS1_z PS1_Y PS1_w ATLAS_c ATLAS_o ukirt_J ukirt_H ukirt_K Clear
[from data line 220]
0.70283 -14.299 -14.311 -14.292 -14.165 -13.947 -13.669 -14.165 -14.136 -13.944 -13.66 -13.341 -12.953 -14.143 -13.86 -13.488 -13.19 -12.896 -13.843 -13.509 -13.214 -13.006 -12.946 -13.524 -13.716 -13.365 -12.287 -11.776 -11.174 -13.578
0.724086 -14.325 -14.34 -14.325 -14.205 -13.99 -13.715 -14.199 -14.176 -13.987 -13.705 -13.388 -13.002 -14.183 -13.904 -13.535 -13.238 -12.945 -13.887 -13.555 -13.261 -13.054 -12.993 -13.57 -13.761 -13.412 -12.337 -11.827 -11.226 -13.624
0.745986 -14.35 -14.37 -14.357 -14.244 -14.033 -13.76 -14.233 -14.216 -14.029 -13.751 -13.435 -13.051 -14.223 -13.948 -13.581 -13.286 -12.994 -13.931 -13.602 -13.309 -13.101 -13.04 -13.616 -13.805 -13.459 -12.388 -11.878 -11.278 -13.669
0.768548 -14.375 -14.399 -14.389 -14.283 -14.076 -13.805 -14.267 -14.256 -14.072 -13.796 -13.483 -13.1 -14.263 -13.991 -13.628 -13.333 -13.043 -13.975 -13.648 -13.356 -13.149 -13.086 -13.661 -13.85 -13.506 -12.438 -11.929 -11.33 -13.714
0.791792 -14.399 -14.428 -14.421 -14.322 -14.118 -13.85 -14.3 -14.295 -14.115 -13.841 -13.53 -13.148 -14.302 -14.035 -13.674 -13.381 -13.092 -14.018 -13.694 -13.404 -13.197 -13.133 -13.707 -13.895 -13.553 -12.489 -11.981 -11.382 -13.759
0.815739 -14.423 -14.456 -14.453 -14.361 -14.161 -13.895 -14.333 -14.335 -14.157 -13.886 -13.576 -13.197 -14.342 -14.078 -13.72 -13.429 -13.141 -14.062 -13.739 -13.451 -13.245 -13.18 -13.752 -13.939 -13.599 -12.539 -12.032 -11.434 -13.804
0.840411 -14.447 -14.484 -14.484 -14.4 -14.203 -13.94 -14.366 -14.374 -14.199 -13.931 -13.623 -13.245 -14.381 -14.121 -13.766 -13.476 -13.189 -14.105 -13.785 -13.498 -13.292 -13.226 -13.798 -13.983 -13.646 -12.589 -12.083 -11.485 -13.849
0.865828 -14.47 -14.512 -14.515 -14.438 -14.245 -13.985 -14.399 -14.413 -14.241 -13.976 -13.67 -13.294 -14.42 -14.164 -13.812 -13.524 -13.238 -14.148 -13.831 -13.545 -13.34 -13.273 -13.843 -14.028 -13.693 -12.639 -12.134 -11.537 -13.893
0.892015 -14.493 -14.539 -14.546 -14.476 -14.287 -14.03 -14.431 -14.452 -14.283 -14.021 -13.716 -13.342 -14.458 -14.207 -13.858 -13.571 -13.287 -14.191 -13.876 -13.592 -13.387 -13.32 -13.888 -14.072 -13.739 -12.689 -12.185 -11.589 -13.938
0.918993 -14.516 -14.566 -14.576 -14.514 -14.328 -14.074 -14.464 -14.49 -14.325 -14.065 -13.763 -13.39 -14.497 -14.249 -13.904 -13.619 -13.335 -14.234 -13.922 -13.639 -13.435 -13.366 -13.933 -14.115 -13.785 -12.739 -12.236 -11.641 -13.982
0.946787 -14.538 -14.592 -14.606 -14.551 -14.37 -14.118 -14.496 -14.529 -14.366 -14.109 -13.809 -13.438 -14.535 -14.292 -13.949 -13.666 -13.383 -14.276 -13.967 -13.686 -13.482 -13.412 -13.978 -14.159 -13.832 -12.789 -12.287 -11.692 -14.026
0.975422 -14.559 -14.618 -14.635 -14.589 -14.411 -14.163 -14.527 -14.567 -14.407 -14.154 -13.855 -13.486 -14.573 -14.334 -13.995 -13.713 -13.431 -14.319 -14.012 -13.732 -13.529 -13.459 -14.023 -14.203 -13.878 -12.839 -12.338 -11.744 -14.07
1.004923 -14.58 -14.643 -14.665 -14.626 -14.452 -14.207 -14.559 -14.604 -14.448 -14.198 -13.901 -13.534 -14.611 -14.376 -14.04 -13.76 -13.48 -14.361 -14.057 -13.779 -13.576 -13.505 -14.067 -14.246 -13.924 -12.889 -12.388 -11.795 -14.114
1.035317 -14.601 -14.669 -14.694 -14.663 -14.493 -14.25 -14.59 -14.642 -14.489 -14.241 -13.947 -13.582 -14.648 -14.418 -14.085 -13.807 -13.528 -14.403 -14.102 -13.825 -13.624 -13.551 -14.112 -14.289 -13.969 -12.939 -12.439 -11.847 -14.158
1.066629 -14.621 -14.693 -14.722 -14.699 -14.533 -14.294 -14.62 -14.679 -14.53 -14.285 -13.993 -13.629 -14.685 -14.46 -14.13 -13.853 -13.576 -14.445 -14.147 -13.872 -13.67 -13.598 -14.156 -14.332 -14.015 -12.989 -12.49 -11.898 -14.202
1.098888 -14.641 -14.718 -14.75 -14.736 -14.574 -14.338 -14.651 -14.716 -14.57 -14.329 -14.039 -13.677 -14.722 -14.501 -14.175 -13.9 -13.623 -14.486 -14.191 -13.918 -13.717 -13.644 -14.2 -14.375 -14.061 -13.038 -12.54 -11.95 -14.245
1.132124 -14.66 -14.741 -14.778 -14.772 -14.614 -14.381 -14.681 -14.753 -14.611 -14.372 -14.084 -13.724 -14.759 -14.542 -14.22 -13.946 -13.671 -14.528 -14.236 -13.964 -13.764 -13.69 -14.244 -14.418 -14.106 -13.088 -12.591 -12.001 -14.288
1.166364 -14.679 -14.765 -14.805 -14.807 -14.654 -14.424 -14.711 -14.789 -14.651 -14.415 -14.13 -13.772 -14.795 -14.583 -14.264 -13.993 -13.719 -14.569 -14.28 -14.01 -13.811 -13.736 -14.288 -14.46 -14.151 -13.137 -12.641 -12.052 -14.331
1.20164 -14.697 -14.787 -14.832 -14.843 -14.694 -14.467 -14.741 -14.826 -14.69 -14.458 -14.175 -13.819 -14.831 -14.624 -14.309 -14.039 -13.766 -14.61 -14.324 -14.056 -13.857 -13.782 -14.331 -14.502 -14.196 -13.187 -12.692 -12.104 -14.374
1.237983 -14.715 -14.81 -14.859 -14.878 -14.733 -14.51 -14.77 -14.861 -14.73 -14.501 -14.22 -13.866 -14.867 -14.665 -14.353 -14.085 -13.814 -14.651 -14.368 -14.101 -13.904 -13.828 -14.375 -14.545 -14.241 -13.236 -12.742 -12.155 -14.417
1.275425 -14.732 -14.832 -14.885 -14.913 -14.772 -14.552 -14.799 -14.897 -14.769 -14.544 -14.265 -13.913 -14.902 -14.705 -14.397 -14.131 -13.861 -14.692 -14.412 -14.147 -13.95 -13.874 -14.418 -14.586 -14.286 -13.285 -12.792 -12.206 -14.46
1.313999 -14.749 -14.853 -14.91 -14.947 -14.812 -14.595 -14.827 -14.932 -14.808 -14.586 -14.31 -13.96 -14.937 -14.745 -14.441 -14.177 -13.908 -14.732 -14.456 -14.193 -13.997 -13.919 -14.461 -14.628 -14.331 -13.334 -12.842 -12.257 -14.502
1.35374 -14.765 -14.874 -14.935 -14.981 -14.85 -14.637 -14.856 -14.967 -14.847 -14.629 -14.354 -14.007 -14.972 -14.785 -14.485 -14.222 -13.955 -14.773 -14.499 -14.238 -14.043 -13.965 -14.504 -14.67 -14.375 -13.383 -12.892 -12.308 -14.544
1.394683 -14.78 -14.894 -14.96 -15.015 -14.889 -14.679 -14.883 -15.002 -14.885 -14.671 -14.399 -14.053 -15.007 -14.825 -14.528 -14.268 -14.002 -14.813 -14.542 -14.283 -14.089 -14.01 -14.547 -14.711 -14.42 -13.432 -12.942 -12.359 -14.586
1.436864 -14.795 -14.914 -14.984 -15.049 -14.927 -14.721 -14.911 -15.036 -14.924 -14.712 -14.443 -14.1 -15.041 -14.865 -14.572 -14.313 -14.049 -14.852 -14.586 -14.328 -14.135 -14.056 -14.589 -14.752 -14.464 -13.481 -12.992 -12.41 -14.628
1.480321 -14.809 -14.933 -15.008 -15.082 -14.965 -14.762 -14.938 -15.07 -14.962 -14.754 -14.487 -14.146 -15.075 -14.904 -14.615 -14.358 -14.095 -14.892 -14.628 -14.373 -14.18 -14.101 -14.632 -14.793 -14.508 -13.53 -13.042 -12.46 -14.669
1.525092 -14.823 -14.951 -15.031 -15.115 -15.003 -14.804 -14.965 -15.104 -14.999 -14.795 -14.531 -14.192 -15.108 -14.943 -14.658 -14.403 -14.142 -14.931 -14.671 -14.418 -14.226 -14.146 -14.674 -14.833 -14.552 -13.578 -13.092 -12.511 -14.711
1.571218 -14.836 -14.969 -15.054 -15.147 -15.04 -14.845 -14.991 -15.137 -15.037 -14.837 -14.575 -14.238 -15.141 -14.981 -14.701 -14.448 -14.188 -14.97 -14.714 -14.462 -14.272 -14.192 -14.716 -14.874 -14.595 -13.627 -13.142 -12.562 -14.752
1.618738 -14.849 -14.987 -15.076 -15.179 -15.077 -14.886 -15.017 -15.17 -15.074 -14.878 -14.619 -14.284 -15.174 -15.02 -14.743 -14.493 -14.235 -15.009 -14.756 -14.507 -14.317 -14.237 -14.758 -14.914 -14.639 -13.675 -13.191 -12.612 -14.793
1.667696 -14.86 -15.003 -15.098 -15.21 -15.114 -14.926 -15.043 -15.202 -15.111 -14.918 -14.662 -14.33 -15.206 -15.058 -14.785 -14.537 -14.281 -15.047 -14.798 -14.551 -14.362 -14.281 -14.799 -14.954 -14.682 -13.723 -13.241 -12.663 -14.833
1.718134 -14.871 -15.019 -15.119 -15.242 -15.15 -14.967 -15.068 -15.234 -15.147 -14.959 -14.705 -14.375 -15.238 -15.096 -14.828 -14.582 -14.326 -15.086 -14.84 -14.595 -14.407 -14.326 -14.84 -14.993 -14.725 -13.772 -13.29 -12.713 -14.874
1.770098 -14.882 -15.035 -15.14 -15.272 -15.186 -15.007 -15.093 -15.266 -15.183 -14.999 -14.748 -14.421 -15.27 -15.133 -14.87 -14.626 -14.372 -15.124 -14.882 -14.639 -14.452 -14.371 -14.881 -15.033 -14.767 -13.82 -13.339 -12.763 -14.914
1.823633 -14.892 -15.049 -15.16 -15.303 -15.222 -15.047 -15.118 -15.297 -15.219 -15.039 -14.791 -14.466 -15.301 -15.17 -14.911 -14.67 -14.418 -15.161 -14.923 -14.683 -14.497 -14.415 -14.922 -15.072 -14.81 -13.868 -13.389 -12.814 -14.954
1.878788 -14.9 -15.063 -15.179 -15.333 -15.258 -15.086 -15.142 -15.328 -15.255 -15.079 -14.833 -14.511 -15.332 -15.207 -14.953 -14.714 -14.463 -15.198 -14.965 -14.726 -14.542 -14.46 -14.962 -15.11 -14.852 -13.915 -13.438 -12.864 -14.994
1.93561 -14.909 -15.077 -15.198 -15.362 -15.293 -15.126 -15.165 -15.359 -15.29 -15.118 -14.876 -14.556 -15.362 -15.244 -14.994 -14.757 -14.508 -15.235 -15.006 -14.769 -14.586 -14.504 -15.003 -15.149 -14.895 -13.963 -13.487 -12.914 -15.033
1.994152 -14.916 -15.089 -15.216 -15.391 -15.327 -15.165 -15.188 -15.389 -15.324 -15.157 -14.918 -14.6 -15.392 -15.28 -15.035 -14.8 -14.553 -15.272 -15.046 -14.812 -14.63 -14.548 -15.043 -15.187 -14.936 -14.01 -13.535 -12.964 -15.072
2.054463 -14.922 -15.101 -15.234 -15.419 -15.362 -15.203 -15.211 -15.418 -15.359 -15.196 -14.96 -14.645 -15.421 -15.316 -15.075 -14.844 -14.598 -15.308 -15.087 -14.855 -14.674 -14.592 -15.082 -15.225 -14.978 -14.058 -13.584 -13.013 -15.111
2.116599 -14.928 -15.112 -15.25 -15.447 -15.396 -15.242 -15.233 -15.447 -15.393 -15.234 -15.001 -14.689 -15.45 -15.351 -15.116 -14.886 -14.643 -15.344 -15.127 -14.898 -14.718 -14.636 -15.122 -15.262 -15.019 -14.105 -13.633 -13.063 -15.149
2.180614 -14.933 -15.122 -15.266 -15.475 -15.429 -15.28 -15.254 -15.475 -15.426 -15.272 -15.042 -14.733 -15.478 -15.386 -15.156 -14.929 -14.687 -15.38 -15.167 -14.94 -14.762 -14.68 -15.161 -15.299 -15.06 -14.152 -13.681 -13.113 -15.188
2.246566 -14.937 -15.131 -15.282 -15.502 -15.462 -15.317 -15.275 -15.503 -15.459 -15.31 -15.083 -14.777 -15.506 -15.421 -15.196 -14.971 -14.732 -15.415 -15.206 -14.982 -14.805 -14.723 -15.2 -15.336 -15.101 -14.199 -13.729 -13.162 -15.226
2.314511 -14.94 -15.139 -15.296 -15.528 -15.495 -15.355 -15.296 -15.531 -15.492 -15.348 -15.124 -14.821 -15.533 -15.455 -15.235 -15.014 -14.776 -15.45 -15.246 -15.024 -14.848 -14.766 -15.238 -15.373 -15.142 -14.246 -13.778 -13.212 -15.263
2.384512 -14.942 -15.147 -15.31 -15.554 -15.527 -15.392 -15.316 -15.558 -15.524 -15.385 -15.165 -14.864 -15.56 -15.489 -15.274 -15.055 -14.819 -15.484 -15.285 -15.066 -14.891 -14.809 -15.276 -15.409 -15.182 -14.292 -13.826 -13.261 -15.3
2.45663 -14.943 -15.153 -15.323 -15.579 -15.559 -15.428 -15.335 -15.584 -15.556 -15.421 -15.205 -14.907 -15.586 -15.523 -15.313 -15.097 -14.863 -15.518 -15.323 -15.107 -14.934 -14.852 -15.314 -15.444 -15.222 -14.339 -13.873 -13.31 -15.337
2.530929 -14.943 -15.158 -15.336 -15.603 -15.59 -15.465 -15.354 -15.61 -15.587 -15.458 -15.245 -14.95 -15.611 -15.556 -15.351 -15.138 -14.906 -15.552 -15.362 -15.148 -14.977 -14.895 -15.351 -15.48 -15.262 -14.385 -13.921 -13.359 -15.374
2.607475 -14.942 -15.163 -15.347 -15.627 -15.62 -15.5 -15.372 -15.635 -15.618 -15.494 -15.284 -14.993 -15.636 -15.588 -15.389 -15.179 -14.949 -15.585 -15.4 -15.189 -15.019 -14.937 -15.389 -15.514 -15.301 -14.431 -13.969 -13.408 -15.41
2.686337 -14.94 -15.166 -15.357 -15.65 -15.651 -15.536 -15.39 -15.659 -15.648 -15.529 -15.323 -15.035 -15.66 -15.62 -15.427 -15.22 -14.992 -15.617 -15.437 -15.23 -15.061 -14.979 -15.425 -15.549 -15.34 -14.476 -14.016 -13.456 -15.445
2.767583 -14.937 -15.169 -15.367 -15.672 -15.68 -15.571 -15.407 -15.683 -15.678 -15.564 -15.362 -15.077 -15.684 -15.651 -15.465 -15.26 -15.035 -15.65 -15.474 -15.27 -15.103 -15.021 -15.462 -15.583 -15.378 -14.522 -14.063 -13.505 -15.481
2.851287 -14.933 -15.17 -15.376 -15.694 -15.709 -15.605 -15.423 -15.706 -15.707 -15.599 -15.4 -15.119 -15.706 -15.682 -15.501 -15.3 -15.077 -15.681 -15.511 -15.31 -15.144 -15.063 -15.497 -15.616 -15.416 -14.567 -14.11 -13.553 -15.516
2.937522 -14.927 -15.17 -15.383 -15.715 -15.738 -15.639 -15.438 -15.728 -15.735 -15.633 -15.438 -15.16 -15.728 -15.713 -15.538 -15.34 -15.119 -15.712 -15.548 -15.349 -15.185 -15.105 -15.533 -15.649 -15.454 -14.612 -14.157 -13.601 -15.55
3.026365 -14.921 -15.168 -15.39 -15.735 -15.765 -15.673 -15.453 -15.749 -15.763 -15.666 -15.476 -15.201 -15.749 -15.743 -15.574 -15.379 -15.16 -15.743 -15.583 -15.388 -15.226 -15.146 -15.568 -15.682 -15.492 -14.657 -14.204 -13.649 -15.584
3.117896 -14.912 -15.166 -15.395 -15.755 -15.793 -15.706 -15.467 -15.77 -15.79 -15.699 -15.513 -15.242 -15.77 -15.772 -15.61 -15.418 -15.201 -15.773 -15.619 -15.427 -15.267 -15.187 -15.602 -15.713 -15.529 -14.702 -14.25 -13.697 -15.617
3.212194 -14.903 -15.162 -15.4 -15.773 -15.819 -15.738 -15.481 -15.79 -15.817 -15.732 -15.55 -15.282 -15.789 -15.8 -15.645 -15.456 -15.242 -15.802 -15.654 -15.465 -15.307 -15.227 -15.636 -15.745 -15.565 -14.746 -14.296 -13.745 -15.65
3.309345 -14.892 -15.157 -15.403 -15.791 -15.845 -15.77 -15.493 -15.809 -15.842 -15.764 -15.586 -15.322 -15.808 -15.828 -15.679 -15.495 -15.283 -15.831 -15.688 -15.503 -15.347 -15.267 -15.67 -15.776 -15.601 -14.79 -14.342 -13.792 -15.683
3.409434 -14.88 -15.15 -15.405 -15.807 -15.87 -15.801 -15.505 -15.827 -15.867 -15.795 -15.622 -15.362 -15.826 -15.855 -15.714 -15.532 -15.323 -15.859 -15.722 -15.541 -15.386 -15.307 -15.703 -15.806 -15.637 -14.834 -14.388 -13.84 -15.715
3.51255 -14.866 -15.142 -15.405 -15.823 -15.894 -15.832 -15.515 -15.844 -15.892 -15.826 -15.658 -15.401 -15.843 -15.882 -15.747 -15.569 -15.363 -15.886 -15.756 -15.578 -15.425 -15.347 -15.735 -15.835 -15.672 -14.877 -14.433 -13.887 -15.746
3.618785 -14.85 -15.132 -15.405 -15.837 -15.917 -15.862 -15.525 -15.86 -15.915 -15.856 -15.692 -15.44 -15.858 -15.908 -15.78 -15.606 -15.402 -15.913 -15.789 -15.615 -15.464 -15.386 -15.767 -15.864 -15.706 -14.921 -14.478 -13.933 -15.776
3.728232 -14.833 -15.12 -15.403 -15.851 -15.94 -15.891 -15.534 -15.875 -15.938 -15.886 -15.727 -15.478 -15.873 -15.933 -15.812 -15.642 -15.441 -15.938 -15.821 -15.651 -15.502 -15.425 -15.798 -15.892 -15.74 -14.963 -14.523 -13.98 -15.807
3.84099 -14.814 -15.107 -15.399 -15.863 -15.961 -15.92 -15.542 -15.889 -15.959 -15.915 -15.76 -15.516 -15.887 -15.957 -15.844 -15.678 -15.48 -15.963 -15.853 -15.686 -15.539 -15.463 -15.829 -15.92 -15.774 -15.006 -14.568 -14.026 -15.836
3.957158 -14.793 -15.092 -15.394 -15.874 -15.982 -15.948 -15.549 -15.902 -15.98 -15.943 -15.793 -15.554 -15.899 -15.98 -15.875 -15.713 -15.518 -15.988 -15.884 -15.721 -15.577 -15.501 -15.858 -15.946 -15.806 -15.048 -14.612 -14.072 -15.865
4.07684 -14.771 -15.075 -15.387 -15.884 -16.002 -15.975 -15.555 -15.914 -16.0 -15.97 -15.826 -15.591 -15.911 -16.002 -15.906 -15.748 -15.555 -16.011 -15.914 -15.756 -15.613 -15.539 -15.888 -15.972 -15.838 -15.09 -14.656 -14.118 -15.893
4.200141 -14.746 -15.056 -15.379 -15.893 -16.021 -16.001 -15.559 -15.924 -16.019 -15.996 -15.858 -15.627 -15.921 -16.024 -15.935 -15.782 -15.592 -16.033 -15.944 -15.789 -15.649 -15.576 -15.916 -15.997 -15.87 -15.131 -14.7 -14.164 -15.92
4.327172 -14.719 -15.035 -15.369 -15.9 -16.038 -16.027 -15.563 -15.933 -16.036 -16.022 -15.889 -15.663 -15.929 -16.044 -15.964 -15.815 -15.629 -16.055 -15.972 -15.823 -15.685 -15.612 -15.944 -16.021 -15.901 -15.172 -14.743 -14.209 -15.946
4.458044 -14.69 -15.012 -15.357 -15.906 -16.055 -16.051 -15.565 -15.941 -16.053 -16.046 -15.919 -15.698 -15.937 -16.063 -15.992 -15.847 -15.664 -16.075 -16.0 -15.855 -15.72 -15.648 -15.97 -16.044 -15.931 -15.212 -14.786 -14.254 -15.972
4.592874 -14.659 -14.986 -15.343 -15.91 -16.07 -16.075 -15.566 -15.947 -16.068 -16.07 -15.949 -15.732 -15.942 -16.082 -16.02 -15.879 -15.7 -16.094 -16.027 -15.887 -15.755 -15.684 -15.996 -16.066 -15.96 -15.252 -14.828 -14.298 -15.996
4.731783 -14.626 -14.958 -15.327 -15.913 -16.084 -16.097 -15.565 -15.952 -16.082 -16.093 -15.977 -15.766 -15.946 -16.099 -16.046 -15.91 -15.734 -16.113 -16.054 -15.918 -15.788 -15.719 -16.021 -16.087 -15.988 -15.292 -14.87 -14.342 -16.02
4.874892 -14.589 -14.927 -15.309 -15.914 -16.096 -16.118 -15.563 -15.955 -16.095 -16.114 -16.005 -15.799 -15.949 -16.114 -16.071 -15.941 -15.768 -16.13 -16.079 -15.948 -15.821 -15.753 -16.045 -16.107 -16.015 -15.33 -14.912 -14.386 -16.043
5.02233 -14.551 -14.894 -15.289 -15.913 -16.107 -16.139 -15.56 -15.956 -16.106 -16.135 -16.032 -15.832 -15.95 -16.129 -16.096 -15.97 -15.801 -16.145 -16.103 -15.978 -15.854 -15.786 -16.068 -16.126 -16.042 -15.369 -14.953 -14.429 -16.064
