web/models/kne.last_good/kappa_0.5_3.0.v1/6/villar_0.1443_0.4373_3.0000.dat
# %ECSV 1.0
# ---
# datatype:
# - {name: time, datatype: float64}
# - {name: swift_uvot_uvw2, datatype: float64}
# - {name: swift_uvot_uvm2, datatype: float64}
# - {name: swift_uvot_uvw1, datatype: float64}
# - {name: swift_uvot_U, datatype: float64}
# - {name: swift_uvot_B, datatype: float64}
# - {name: swift_uvot_V, datatype: float64}
# - {name: swift_uvot_W, datatype: float64}
# - {name: johnson_U, datatype: float64}
# - {name: johnson_B, datatype: float64}
# - {name: johnson_V, datatype: float64}
# - {name: johnson_R, datatype: float64}
# - {name: johnson_I, datatype: float64}
# - {name: sdss_u, datatype: float64}
# - {name: sdss_g, datatype: float64}
# - {name: sdss_r, datatype: float64}
# - {name: sdss_i, datatype: float64}
# - {name: sdss_z, datatype: float64}
# - {name: PS1_g, datatype: float64}
# - {name: PS1_r, datatype: float64}
# - {name: PS1_i, datatype: float64}
# - {name: PS1_z, datatype: float64}
# - {name: PS1_Y, datatype: float64}
# - {name: PS1_w, datatype: float64}
# - {name: ATLAS_c, datatype: float64}
# - {name: ATLAS_o, datatype: float64}
# - {name: ukirt_J, datatype: float64}
# - {name: ukirt_H, datatype: float64}
# - {name: ukirt_K, datatype: float64}
# - {name: Clear, datatype: float64}
# meta: !!omap
# - comment: [kappa = 3.0, type = villar, mass = 0.1442699905917794, velocity = 0.43733333333333335, theta_obs = 0.0]
# schema: astropy-2.0
time swift_uvot_uvw2 swift_uvot_uvm2 swift_uvot_uvw1 swift_uvot_U swift_uvot_B swift_uvot_V swift_uvot_W johnson_U johnson_B johnson_V johnson_R johnson_I sdss_u sdss_g sdss_r sdss_i sdss_z PS1_g PS1_r PS1_i PS1_z PS1_Y PS1_w ATLAS_c ATLAS_o ukirt_J ukirt_H ukirt_K Clear
[from data line 77]
0.009917 -11.215 -11.188 -11.143 -10.956 -10.709 -10.409 -11.005 -10.921 -10.705 -10.399 -10.065 -9.664 -10.929 -10.614 -10.218 -9.907 -9.605 -10.597 -10.243 -9.937 -9.726 -9.679 -10.26 -10.46 -10.09 -8.983 -8.465 -7.857 -10.319
0.010217 -11.249 -11.225 -11.183 -11.001 -10.756 -10.458 -11.045 -10.967 -10.753 -10.448 -10.116 -9.716 -10.975 -10.662 -10.269 -9.959 -9.657 -10.645 -10.293 -9.988 -9.777 -9.728 -10.309 -10.509 -10.141 -9.036 -8.518 -7.911 -10.368
0.010526 -11.283 -11.263 -11.222 -11.045 -10.804 -10.507 -11.086 -11.012 -10.8 -10.498 -10.167 -9.768 -11.02 -10.71 -10.319 -10.01 -9.709 -10.693 -10.342 -10.038 -9.827 -9.778 -10.359 -10.558 -10.191 -9.089 -8.572 -7.965 -10.418
0.010845 -11.316 -11.3 -11.262 -11.09 -10.851 -10.556 -11.126 -11.057 -10.847 -10.547 -10.217 -9.82 -11.065 -10.758 -10.369 -10.061 -9.761 -10.741 -10.392 -10.089 -9.878 -9.828 -10.408 -10.607 -10.241 -9.142 -8.625 -8.02 -10.467
0.011173 -11.35 -11.337 -11.301 -11.135 -10.898 -10.605 -11.166 -11.102 -10.894 -10.596 -10.267 -9.871 -11.11 -10.806 -10.418 -10.112 -9.813 -10.789 -10.442 -10.139 -9.929 -9.877 -10.458 -10.655 -10.292 -9.195 -8.679 -8.074 -10.515
0.011511 -11.383 -11.373 -11.34 -11.179 -10.945 -10.654 -11.206 -11.147 -10.941 -10.645 -10.318 -9.923 -11.154 -10.854 -10.468 -10.163 -9.864 -10.837 -10.491 -10.19 -9.98 -9.927 -10.507 -10.704 -10.342 -9.248 -8.733 -8.128 -10.564
0.011859 -11.415 -11.409 -11.378 -11.223 -10.992 -10.703 -11.245 -11.191 -10.988 -10.694 -10.368 -9.974 -11.199 -10.901 -10.518 -10.213 -9.916 -10.884 -10.54 -10.24 -10.03 -9.976 -10.556 -10.752 -10.392 -9.3 -8.786 -8.182 -10.613
0.012217 -11.448 -11.445 -11.416 -11.267 -11.038 -10.752 -11.285 -11.236 -11.035 -10.742 -10.418 -10.025 -11.243 -10.948 -10.567 -10.264 -9.967 -10.931 -10.59 -10.29 -10.081 -10.025 -10.605 -10.8 -10.442 -9.353 -8.839 -8.236 -10.661
0.012587 -11.48 -11.481 -11.454 -11.311 -11.085 -10.8 -11.324 -11.28 -11.081 -10.791 -10.468 -10.077 -11.287 -10.996 -10.617 -10.315 -10.019 -10.979 -10.639 -10.34 -10.131 -10.075 -10.654 -10.848 -10.492 -9.406 -8.893 -8.289 -10.71
0.012968 -11.511 -11.516 -11.492 -11.354 -11.131 -10.849 -11.363 -11.324 -11.127 -10.839 -10.518 -10.128 -11.331 -11.043 -10.666 -10.365 -10.07 -11.026 -10.688 -10.39 -10.182 -10.124 -10.703 -10.896 -10.542 -9.458 -8.946 -8.343 -10.758
0.01336 -11.543 -11.551 -11.53 -11.397 -11.177 -10.897 -11.401 -11.368 -11.174 -10.888 -10.568 -10.179 -11.375 -11.089 -10.715 -10.416 -10.122 -11.073 -10.737 -10.44 -10.232 -10.173 -10.751 -10.944 -10.591 -9.511 -8.999 -8.397 -10.806
0.013764 -11.574 -11.586 -11.567 -11.441 -11.223 -10.945 -11.44 -11.411 -11.22 -10.936 -10.617 -10.23 -11.419 -11.136 -10.765 -10.466 -10.173 -11.119 -10.785 -10.49 -10.282 -10.223 -10.8 -10.992 -10.641 -9.563 -9.052 -8.451 -10.854
0.01418 -11.604 -11.62 -11.604 -11.484 -11.269 -10.993 -11.478 -11.455 -11.265 -10.984 -10.667 -10.281 -11.462 -11.183 -10.814 -10.516 -10.224 -11.166 -10.834 -10.54 -10.332 -10.272 -10.848 -11.039 -10.69 -9.616 -9.105 -8.504 -10.902
0.014609 -11.635 -11.654 -11.641 -11.526 -11.315 -11.041 -11.516 -11.498 -11.311 -11.032 -10.716 -10.332 -11.505 -11.229 -10.862 -10.566 -10.275 -11.213 -10.883 -10.59 -10.382 -10.321 -10.897 -11.087 -10.74 -9.668 -9.158 -8.558 -10.95
0.015051 -11.665 -11.688 -11.677 -11.569 -11.36 -11.089 -11.554 -11.541 -11.357 -11.08 -10.766 -10.382 -11.548 -11.276 -10.911 -10.616 -10.326 -11.259 -10.931 -10.64 -10.432 -10.37 -10.945 -11.134 -10.789 -9.72 -9.211 -8.612 -10.998
0.015506 -11.695 -11.721 -11.713 -11.611 -11.406 -11.137 -11.591 -11.584 -11.402 -11.127 -10.815 -10.433 -11.591 -11.322 -10.96 -10.666 -10.377 -11.305 -10.98 -10.689 -10.482 -10.419 -10.993 -11.181 -10.838 -9.773 -9.264 -8.665 -11.045
0.015975 -11.724 -11.754 -11.749 -11.653 -11.451 -11.184 -11.629 -11.627 -11.447 -11.175 -10.864 -10.484 -11.634 -11.368 -11.009 -10.716 -10.428 -11.352 -11.028 -10.739 -10.532 -10.468 -11.041 -11.228 -10.887 -9.825 -9.317 -8.719 -11.093
0.016458 -11.753 -11.787 -11.785 -11.695 -11.496 -11.232 -11.666 -11.669 -11.493 -11.223 -10.913 -10.534 -11.676 -11.414 -11.057 -10.766 -10.478 -11.398 -11.076 -10.788 -10.582 -10.517 -11.089 -11.275 -10.936 -9.877 -9.37 -8.772 -11.14
0.016956 -11.782 -11.82 -11.82 -11.737 -11.541 -11.279 -11.703 -11.712 -11.538 -11.27 -10.962 -10.585 -11.718 -11.46 -11.105 -10.816 -10.529 -11.443 -11.124 -10.837 -10.632 -10.566 -11.137 -11.322 -10.985 -9.929 -9.423 -8.826 -11.187
0.017469 -11.81 -11.852 -11.855 -11.779 -11.586 -11.326 -11.74 -11.754 -11.582 -11.317 -11.011 -10.635 -11.761 -11.505 -11.154 -10.865 -10.58 -11.489 -11.172 -10.887 -10.681 -10.614 -11.184 -11.369 -11.034 -9.981 -9.476 -8.879 -11.235
0.017997 -11.838 -11.884 -11.89 -11.82 -11.631 -11.373 -11.776 -11.796 -11.627 -11.364 -11.06 -10.685 -11.802 -11.551 -11.202 -10.915 -10.63 -11.535 -11.22 -10.936 -10.731 -10.663 -11.232 -11.415 -11.083 -10.033 -9.528 -8.932 -11.282
0.018541 -11.866 -11.915 -11.925 -11.861 -11.675 -11.42 -11.812 -11.838 -11.672 -11.411 -11.109 -10.736 -11.844 -11.596 -11.25 -10.964 -10.681 -11.58 -11.268 -10.985 -10.781 -10.712 -11.279 -11.462 -11.131 -10.085 -9.581 -8.986 -11.328
0.019102 -11.893 -11.946 -11.959 -11.902 -11.719 -11.467 -11.848 -11.879 -11.716 -11.458 -11.157 -10.786 -11.886 -11.641 -11.298 -11.014 -10.731 -11.626 -11.316 -11.034 -10.83 -10.761 -11.327 -11.508 -11.18 -10.137 -9.634 -9.039 -11.375
0.01968 -11.92 -11.977 -11.993 -11.943 -11.764 -11.514 -11.884 -11.921 -11.76 -11.505 -11.206 -10.836 -11.927 -11.686 -11.346 -11.063 -10.781 -11.671 -11.363 -11.083 -10.879 -10.809 -11.374 -11.554 -11.228 -10.188 -9.686 -9.092 -11.422
0.020275 -11.947 -12.008 -12.027 -11.984 -11.808 -11.561 -11.92 -11.962 -11.804 -11.552 -11.254 -10.886 -11.968 -11.731 -11.394 -11.112 -10.831 -11.716 -11.411 -11.131 -10.929 -10.858 -11.421 -11.6 -11.277 -10.24 -9.739 -9.145 -11.468
0.020888 -11.973 -12.038 -12.06 -12.024 -11.852 -11.607 -11.955 -12.003 -11.848 -11.598 -11.303 -10.936 -12.009 -11.776 -11.441 -11.161 -10.882 -11.761 -11.458 -11.18 -10.978 -10.907 -11.468 -11.646 -11.325 -10.292 -9.791 -9.198 -11.515
0.02152 -11.999 -12.068 -12.094 -12.064 -11.895 -11.653 -11.99 -12.044 -11.892 -11.645 -11.351 -10.986 -12.05 -11.821 -11.489 -11.21 -10.932 -11.806 -11.505 -11.229 -11.027 -10.955 -11.515 -11.692 -11.373 -10.343 -9.844 -9.251 -11.561
0.022171 -12.025 -12.097 -12.126 -12.104 -11.939 -11.7 -12.025 -12.084 -11.935 -11.691 -11.399 -11.035 -12.09 -11.865 -11.536 -11.259 -10.982 -11.85 -11.552 -11.277 -11.076 -11.004 -11.562 -11.738 -11.421 -10.395 -9.896 -9.305 -11.607
0.022841 -12.05 -12.127 -12.159 -12.144 -11.982 -11.746 -12.06 -12.125 -11.979 -11.737 -11.447 -11.085 -12.131 -11.909 -11.583 -11.308 -11.031 -11.895 -11.6 -11.326 -11.125 -11.052 -11.608 -11.783 -11.469 -10.446 -9.948 -9.358 -11.653
0.023532 -12.075 -12.156 -12.191 -12.184 -12.025 -11.792 -12.094 -12.165 -12.022 -11.783 -11.495 -11.135 -12.171 -11.954 -11.631 -11.357 -11.081 -11.939 -11.646 -11.374 -11.174 -11.1 -11.655 -11.829 -11.517 -10.498 -10.0 -9.411 -11.699
0.024244 -12.1 -12.184 -12.223 -12.223 -12.069 -11.838 -12.128 -12.205 -12.065 -11.829 -11.543 -11.184 -12.211 -11.998 -11.678 -11.405 -11.131 -11.983 -11.693 -11.423 -11.223 -11.149 -11.701 -11.874 -11.564 -10.549 -10.053 -9.464 -11.745
0.024977 -12.124 -12.212 -12.255 -12.262 -12.111 -11.883 -12.162 -12.245 -12.108 -11.875 -11.59 -11.233 -12.25 -12.041 -11.725 -11.454 -11.181 -12.027 -11.74 -11.471 -11.272 -11.197 -11.748 -11.919 -11.612 -10.6 -10.105 -9.516 -11.791
0.025733 -12.147 -12.24 -12.286 -12.301 -12.154 -11.929 -12.196 -12.284 -12.151 -11.92 -11.638 -11.283 -12.29 -12.085 -11.771 -11.502 -11.23 -12.071 -11.787 -11.519 -11.321 -11.245 -11.794 -11.964 -11.659 -10.652 -10.157 -9.569 -11.836
0.026511 -12.171 -12.267 -12.318 -12.34 -12.197 -11.974 -12.23 -12.324 -12.193 -11.966 -11.685 -11.332 -12.329 -12.129 -11.818 -11.551 -11.28 -12.115 -11.833 -11.567 -11.37 -11.293 -11.84 -12.009 -11.707 -10.703 -10.209 -9.622 -11.882
0.027313 -12.194 -12.295 -12.348 -12.378 -12.239 -12.02 -12.263 -12.363 -12.236 -12.011 -11.733 -11.381 -12.368 -12.172 -11.865 -11.599 -11.329 -12.159 -11.88 -11.615 -11.418 -11.342 -11.886 -12.054 -11.754 -10.754 -10.261 -9.675 -11.927
0.028139 -12.216 -12.321 -12.379 -12.417 -12.281 -12.065 -12.296 -12.402 -12.278 -12.056 -11.78 -11.43 -12.407 -12.215 -11.911 -11.647 -11.379 -12.202 -11.926 -11.663 -11.467 -11.39 -11.931 -12.098 -11.801 -10.805 -10.313 -9.728 -11.972
0.02899 -12.239 -12.348 -12.409 -12.455 -12.323 -12.11 -12.329 -12.44 -12.32 -12.101 -11.827 -11.479 -12.446 -12.258 -11.958 -11.695 -11.428 -12.246 -11.972 -11.711 -11.515 -11.438 -11.977 -12.143 -11.848 -10.856 -10.365 -9.78 -12.017
0.029867 -12.261 -12.374 -12.439 -12.492 -12.365 -12.155 -12.362 -12.479 -12.362 -12.146 -11.874 -11.528 -12.484 -12.301 -12.004 -11.743 -11.477 -12.289 -12.018 -11.758 -11.564 -11.486 -12.023 -12.187 -11.895 -10.907 -10.417 -9.833 -12.062
0.03077 -12.282 -12.399 -12.468 -12.53 -12.407 -12.2 -12.394 -12.517 -12.404 -12.191 -11.921 -11.577 -12.522 -12.344 -12.05 -11.791 -11.526 -12.332 -12.064 -11.806 -11.612 -11.534 -12.068 -12.231 -11.942 -10.958 -10.469 -9.886 -12.107
0.031701 -12.303 -12.424 -12.498 -12.567 -12.448 -12.244 -12.426 -12.555 -12.445 -12.236 -11.968 -11.626 -12.56 -12.387 -12.096 -11.839 -11.575 -12.375 -12.11 -11.853 -11.661 -11.581 -12.113 -12.275 -11.989 -11.009 -10.521 -9.938 -12.151
0.032659 -12.324 -12.449 -12.527 -12.604 -12.49 -12.289 -12.458 -12.593 -12.487 -12.281 -12.015 -11.674 -12.598 -12.429 -12.142 -11.886 -11.624 -12.417 -12.156 -11.901 -11.709 -11.629 -12.159 -12.319 -12.035 -11.059 -10.572 -9.991 -12.196
0.033647 -12.344 -12.474 -12.555 -12.641 -12.531 -12.333 -12.49 -12.631 -12.528 -12.325 -12.062 -11.723 -12.635 -12.471 -12.188 -11.934 -11.673 -12.46 -12.201 -11.948 -11.757 -11.677 -12.204 -12.363 -12.082 -11.11 -10.624 -10.043 -12.24
0.034665 -12.364 -12.498 -12.583 -12.678 -12.572 -12.377 -12.521 -12.668 -12.569 -12.369 -12.108 -11.772 -12.673 -12.514 -12.233 -11.982 -11.722 -12.502 -12.247 -11.995 -11.805 -11.725 -12.249 -12.406 -12.128 -11.161 -10.676 -10.096 -12.284
0.035713 -12.383 -12.522 -12.611 -12.714 -12.613 -12.422 -12.553 -12.705 -12.61 -12.413 -12.155 -11.82 -12.71 -12.555 -12.279 -12.029 -11.77 -12.545 -12.292 -12.043 -11.853 -11.773 -12.293 -12.45 -12.174 -11.211 -10.727 -10.148 -12.329
0.036793 -12.402 -12.545 -12.639 -12.75 -12.653 -12.465 -12.584 -12.742 -12.65 -12.457 -12.201 -11.868 -12.746 -12.597 -12.324 -12.076 -11.819 -12.587 -12.337 -12.09 -11.901 -11.82 -12.338 -12.493 -12.221 -11.262 -10.779 -10.201 -12.373
0.037906 -12.421 -12.568 -12.666 -12.786 -12.694 -12.509 -12.614 -12.779 -12.691 -12.501 -12.247 -11.917 -12.783 -12.639 -12.37 -12.123 -11.868 -12.629 -12.382 -12.137 -11.949 -11.868 -12.383 -12.536 -12.267 -11.312 -10.83 -10.253 -12.416
0.039052 -12.439 -12.59 -12.693 -12.822 -12.734 -12.553 -12.645 -12.815 -12.731 -12.545 -12.293 -11.965 -12.819 -12.68 -12.415 -12.17 -11.916 -12.67 -12.427 -12.183 -11.996 -11.915 -12.427 -12.579 -12.312 -11.363 -10.882 -10.305 -12.46
0.040234 -12.457 -12.612 -12.72 -12.857 -12.774 -12.596 -12.675 -12.852 -12.771 -12.588 -12.339 -12.013 -12.855 -12.721 -12.46 -12.217 -11.964 -12.712 -12.472 -12.23 -12.044 -11.963 -12.471 -12.622 -12.358 -11.413 -10.933 -10.358 -12.504
0.04145 -12.474 -12.634 -12.746 -12.892 -12.814 -12.64 -12.705 -12.887 -12.811 -12.632 -12.385 -12.061 -12.891 -12.762 -12.505 -12.264 -12.013 -12.753 -12.517 -12.277 -12.092 -12.01 -12.515 -12.664 -12.404 -11.463 -10.985 -10.41 -12.547
0.042704 -12.491 -12.655 -12.772 -12.927 -12.853 -12.683 -12.735 -12.923 -12.85 -12.675 -12.431 -12.109 -12.927 -12.803 -12.55 -12.311 -12.061 -12.795 -12.562 -12.323 -12.139 -12.057 -12.559 -12.707 -12.45 -11.514 -11.036 -10.462 -12.59
0.043996 -12.508 -12.676 -12.797 -12.962 -12.893 -12.726 -12.765 -12.959 -12.89 -12.718 -12.476 -12.156 -12.962 -12.844 -12.594 -12.358 -12.109 -12.836 -12.606 -12.37 -12.187 -12.105 -12.603 -12.749 -12.495 -11.564 -11.087 -10.514 -12.633
0.045326 -12.524 -12.696 -12.823 -12.996 -12.932 -12.769 -12.794 -12.994 -12.929 -12.761 -12.522 -12.204 -12.997 -12.885 -12.639 -12.404 -12.157 -12.877 -12.65 -12.416 -12.234 -12.152 -12.647 -12.791 -12.54 -11.614 -11.139 -10.567 -12.676
0.046697 -12.539 -12.716 -12.848 -13.03 -12.971 -12.812 -12.823 -13.029 -12.968 -12.804 -12.567 -12.252 -13.032 -12.925 -12.683 -12.451 -12.205 -12.917 -12.695 -12.462 -12.281 -12.199 -12.69 -12.833 -12.586 -11.664 -11.19 -10.619 -12.719
0.048109 -12.554 -12.736 -12.872 -13.064 -13.01 -12.854 -12.852 -13.063 -13.007 -12.847 -12.612 -12.299 -13.066 -12.965 -12.727 -12.497 -12.253 -12.958 -12.739 -12.509 -12.328 -12.246 -12.734 -12.875 -12.631 -11.714 -11.241 -10.671 -12.762
0.049564 -12.569 -12.755 -12.896 -13.098 -13.049 -12.897 -12.881 -13.098 -13.046 -12.889 -12.657 -12.347 -13.101 -13.005 -12.771 -12.543 -12.301 -12.998 -12.783 -12.555 -12.375 -12.293 -12.777 -12.917 -12.676 -11.764 -11.292 -10.723 -12.804
0.051063 -12.583 -12.773 -12.92 -13.131 -13.087 -12.939 -12.909 -13.132 -13.084 -12.931 -12.702 -12.394 -13.135 -13.045 -12.815 -12.589 -12.348 -13.038 -12.826 -12.601 -12.422 -12.34 -12.82 -12.958 -12.72 -11.814 -11.343 -10.775 -12.847
0.052608 -12.597 -12.792 -12.943 -13.164 -13.125 -12.981 -12.937 -13.166 -13.122 -12.974 -12.747 -12.441 -13.168 -13.084 -12.859 -12.635 -12.396 -13.078 -12.87 -12.646 -12.469 -12.387 -12.863 -13.0 -12.765 -11.863 -11.394 -10.827 -12.889
0.054199 -12.611 -12.809 -12.966 -13.197 -13.163 -13.023 -12.965 -13.2 -13.16 -13.016 -12.792 -12.488 -13.202 -13.124 -12.903 -12.681 -12.443 -13.118 -12.914 -12.692 -12.516 -12.434 -12.906 -13.041 -12.81 -11.913 -11.445 -10.879 -12.931
0.055838 -12.623 -12.827 -12.989 -13.229 -13.201 -13.065 -12.993 -13.233 -13.198 -13.057 -12.837 -12.535 -13.235 -13.163 -12.946 -12.727 -12.491 -13.158 -12.957 -12.738 -12.563 -12.481 -12.949 -13.082 -12.854 -11.963 -11.496 -10.931 -12.973
0.057527 -12.636 -12.843 -13.011 -13.261 -13.238 -13.106 -13.02 -13.266 -13.236 -13.099 -12.881 -12.582 -13.268 -13.202 -12.99 -12.773 -12.538 -13.197 -13.0 -12.783 -12.609 -12.527 -12.991 -13.123 -12.898 -12.012 -11.547 -10.982 -13.015
0.059267 -12.648 -12.86 -13.033 -13.293 -13.276 -13.148 -13.047 -13.299 -13.273 -13.141 -12.925 -12.629 -13.301 -13.24 -13.033 -12.818 -12.585 -13.236 -13.043 -12.829 -12.656 -12.574 -13.034 -13.163 -12.943 -12.062 -11.597 -11.034 -13.056
0.061059 -12.659 -12.876 -13.054 -13.325 -13.313 -13.189 -13.074 -13.331 -13.31 -13.182 -12.97 -12.676 -13.333 -13.279 -13.076 -12.864 -12.632 -13.275 -13.086 -12.874 -12.702 -12.621 -13.076 -13.204 -12.987 -12.111 -11.648 -11.086 -13.098
0.062906 -12.67 -12.891 -13.075 -13.356 -13.35 -13.23 -13.101 -13.364 -13.347 -13.223 -13.014 -12.722 -13.365 -13.317 -13.119 -12.909 -12.679 -13.314 -13.129 -12.919 -12.749 -12.667 -13.118 -13.244 -13.03 -12.161 -11.699 -11.138 -13.139
0.064808 -12.681 -12.906 -13.096 -13.387 -13.386 -13.271 -13.127 -13.395 -13.384 -13.264 -13.058 -12.769 -13.397 -13.355 -13.162 -12.954 -12.726 -13.353 -13.172 -12.964 -12.795 -12.713 -13.16 -13.284 -13.074 -12.21 -11.749 -11.189 -13.18
0.066769 -12.691 -12.92 -13.116 -13.417 -13.423 -13.312 -13.153 -13.427 -13.42 -13.305 -13.101 -12.815 -13.428 -13.393 -13.204 -12.999 -12.773 -13.391 -13.214 -13.009 -12.841 -12.76 -13.202 -13.324 -13.118 -12.259 -11.8 -11.241 -13.221
0.068788 -12.7 -12.934 -13.136 -13.448 -13.459 -13.352 -13.179 -13.458 -13.456 -13.345 -13.145 -12.862 -13.459 -13.431 -13.247 -13.044 -12.819 -13.43 -13.257 -13.054 -12.887 -12.806 -13.243 -13.363 -13.161 -12.308 -11.85 -11.293 -13.262
