web/models/linear/94/-20_449_0_077.dat
# %ECSV 1.0
# ---
# datatype:
# - {name: time, datatype: float64}
# - {name: swift_uvot_uvw2, datatype: float64}
# - {name: swift_uvot_uvm2, datatype: float64}
# - {name: swift_uvot_uvw1, datatype: float64}
# - {name: swift_uvot_U, datatype: float64}
# - {name: swift_uvot_B, datatype: float64}
# - {name: swift_uvot_V, datatype: float64}
# - {name: swift_uvot_W, datatype: float64}
# - {name: johnson_U, datatype: float64}
# - {name: johnson_B, datatype: float64}
# - {name: johnson_V, datatype: float64}
# - {name: johnson_R, datatype: float64}
# - {name: johnson_I, datatype: float64}
# - {name: sdss_u, datatype: float64}
# - {name: sdss_g, datatype: float64}
# - {name: sdss_r, datatype: float64}
# - {name: sdss_i, datatype: float64}
# - {name: sdss_z, datatype: float64}
# - {name: PS1_g, datatype: float64}
# - {name: PS1_r, datatype: float64}
# - {name: PS1_i, datatype: float64}
# - {name: PS1_z, datatype: float64}
# - {name: PS1_Y, datatype: float64}
# - {name: PS1_w, datatype: float64}
# - {name: ATLAS_c, datatype: float64}
# - {name: ATLAS_o, datatype: float64}
# - {name: ukirt_J, datatype: float64}
# - {name: ukirt_H, datatype: float64}
# - {name: ukirt_K, datatype: float64}
# - {name: Clear, datatype: float64}
# meta: !!omap
# - comment: [M=-20.448979591836736, dM=0.07696669794067013]
# schema: astropy-2.0
time swift_uvot_uvw2 swift_uvot_uvm2 swift_uvot_uvw1 swift_uvot_U swift_uvot_B swift_uvot_V swift_uvot_W johnson_U johnson_B johnson_V johnson_R johnson_I sdss_u sdss_g sdss_r sdss_i sdss_z PS1_g PS1_r PS1_i PS1_z PS1_Y PS1_w ATLAS_c ATLAS_o ukirt_J ukirt_H ukirt_K Clear
[from data line 164]
12.36180904522613 -19.497531969052574 -19.497531969052574 -19.497531969052574 -19.497531969052574 -19.497531969052574 -19.497531969052574 -19.497531969052574 -19.497531969052574 -19.497531969052574 -19.497531969052574 -19.497531969052574 -19.497531969052574 -19.497531969052574 -19.497531969052574 -19.497531969052574 -19.497531969052574 -19.497531969052574 -19.497531969052574 -19.497531969052574 -19.497531969052574 -19.497531969052574 -19.497531969052574 -19.497531969052574 -19.497531969052574 -19.497531969052574 -19.497531969052574 -19.497531969052574 -19.497531969052574 -19.497531969052574
12.43718592964824 -19.491730459157548 -19.491730459157548 -19.491730459157548 -19.491730459157548 -19.491730459157548 -19.491730459157548 -19.491730459157548 -19.491730459157548 -19.491730459157548 -19.491730459157548 -19.491730459157548 -19.491730459157548 -19.491730459157548 -19.491730459157548 -19.491730459157548 -19.491730459157548 -19.491730459157548 -19.491730459157548 -19.491730459157548 -19.491730459157548 -19.491730459157548 -19.491730459157548 -19.491730459157548 -19.491730459157548 -19.491730459157548 -19.491730459157548 -19.491730459157548 -19.491730459157548 -19.491730459157548
12.51256281407035 -19.485928949262522 -19.485928949262522 -19.485928949262522 -19.485928949262522 -19.485928949262522 -19.485928949262522 -19.485928949262522 -19.485928949262522 -19.485928949262522 -19.485928949262522 -19.485928949262522 -19.485928949262522 -19.485928949262522 -19.485928949262522 -19.485928949262522 -19.485928949262522 -19.485928949262522 -19.485928949262522 -19.485928949262522 -19.485928949262522 -19.485928949262522 -19.485928949262522 -19.485928949262522 -19.485928949262522 -19.485928949262522 -19.485928949262522 -19.485928949262522 -19.485928949262522 -19.485928949262522
12.58793969849246 -19.480127439367497 -19.480127439367497 -19.480127439367497 -19.480127439367497 -19.480127439367497 -19.480127439367497 -19.480127439367497 -19.480127439367497 -19.480127439367497 -19.480127439367497 -19.480127439367497 -19.480127439367497 -19.480127439367497 -19.480127439367497 -19.480127439367497 -19.480127439367497 -19.480127439367497 -19.480127439367497 -19.480127439367497 -19.480127439367497 -19.480127439367497 -19.480127439367497 -19.480127439367497 -19.480127439367497 -19.480127439367497 -19.480127439367497 -19.480127439367497 -19.480127439367497 -19.480127439367497
12.663316582914572 -19.47432592947247 -19.47432592947247 -19.47432592947247 -19.47432592947247 -19.47432592947247 -19.47432592947247 -19.47432592947247 -19.47432592947247 -19.47432592947247 -19.47432592947247 -19.47432592947247 -19.47432592947247 -19.47432592947247 -19.47432592947247 -19.47432592947247 -19.47432592947247 -19.47432592947247 -19.47432592947247 -19.47432592947247 -19.47432592947247 -19.47432592947247 -19.47432592947247 -19.47432592947247 -19.47432592947247 -19.47432592947247 -19.47432592947247 -19.47432592947247 -19.47432592947247 -19.47432592947247
12.738693467336683 -19.468524419577445 -19.468524419577445 -19.468524419577445 -19.468524419577445 -19.468524419577445 -19.468524419577445 -19.468524419577445 -19.468524419577445 -19.468524419577445 -19.468524419577445 -19.468524419577445 -19.468524419577445 -19.468524419577445 -19.468524419577445 -19.468524419577445 -19.468524419577445 -19.468524419577445 -19.468524419577445 -19.468524419577445 -19.468524419577445 -19.468524419577445 -19.468524419577445 -19.468524419577445 -19.468524419577445 -19.468524419577445 -19.468524419577445 -19.468524419577445 -19.468524419577445 -19.468524419577445
12.814070351758794 -19.46272290968242 -19.46272290968242 -19.46272290968242 -19.46272290968242 -19.46272290968242 -19.46272290968242 -19.46272290968242 -19.46272290968242 -19.46272290968242 -19.46272290968242 -19.46272290968242 -19.46272290968242 -19.46272290968242 -19.46272290968242 -19.46272290968242 -19.46272290968242 -19.46272290968242 -19.46272290968242 -19.46272290968242 -19.46272290968242 -19.46272290968242 -19.46272290968242 -19.46272290968242 -19.46272290968242 -19.46272290968242 -19.46272290968242 -19.46272290968242 -19.46272290968242 -19.46272290968242
12.889447236180903 -19.456921399787394 -19.456921399787394 -19.456921399787394 -19.456921399787394 -19.456921399787394 -19.456921399787394 -19.456921399787394 -19.456921399787394 -19.456921399787394 -19.456921399787394 -19.456921399787394 -19.456921399787394 -19.456921399787394 -19.456921399787394 -19.456921399787394 -19.456921399787394 -19.456921399787394 -19.456921399787394 -19.456921399787394 -19.456921399787394 -19.456921399787394 -19.456921399787394 -19.456921399787394 -19.456921399787394 -19.456921399787394 -19.456921399787394 -19.456921399787394 -19.456921399787394 -19.456921399787394
12.964824120603014 -19.451119889892368 -19.451119889892368 -19.451119889892368 -19.451119889892368 -19.451119889892368 -19.451119889892368 -19.451119889892368 -19.451119889892368 -19.451119889892368 -19.451119889892368 -19.451119889892368 -19.451119889892368 -19.451119889892368 -19.451119889892368 -19.451119889892368 -19.451119889892368 -19.451119889892368 -19.451119889892368 -19.451119889892368 -19.451119889892368 -19.451119889892368 -19.451119889892368 -19.451119889892368 -19.451119889892368 -19.451119889892368 -19.451119889892368 -19.451119889892368 -19.451119889892368 -19.451119889892368
13.040201005025125 -19.445318379997342 -19.445318379997342 -19.445318379997342 -19.445318379997342 -19.445318379997342 -19.445318379997342 -19.445318379997342 -19.445318379997342 -19.445318379997342 -19.445318379997342 -19.445318379997342 -19.445318379997342 -19.445318379997342 -19.445318379997342 -19.445318379997342 -19.445318379997342 -19.445318379997342 -19.445318379997342 -19.445318379997342 -19.445318379997342 -19.445318379997342 -19.445318379997342 -19.445318379997342 -19.445318379997342 -19.445318379997342 -19.445318379997342 -19.445318379997342 -19.445318379997342 -19.445318379997342
13.115577889447234 -19.43951687010232 -19.43951687010232 -19.43951687010232 -19.43951687010232 -19.43951687010232 -19.43951687010232 -19.43951687010232 -19.43951687010232 -19.43951687010232 -19.43951687010232 -19.43951687010232 -19.43951687010232 -19.43951687010232 -19.43951687010232 -19.43951687010232 -19.43951687010232 -19.43951687010232 -19.43951687010232 -19.43951687010232 -19.43951687010232 -19.43951687010232 -19.43951687010232 -19.43951687010232 -19.43951687010232 -19.43951687010232 -19.43951687010232 -19.43951687010232 -19.43951687010232 -19.43951687010232
13.190954773869345 -19.433715360207295 -19.433715360207295 -19.433715360207295 -19.433715360207295 -19.433715360207295 -19.433715360207295 -19.433715360207295 -19.433715360207295 -19.433715360207295 -19.433715360207295 -19.433715360207295 -19.433715360207295 -19.433715360207295 -19.433715360207295 -19.433715360207295 -19.433715360207295 -19.433715360207295 -19.433715360207295 -19.433715360207295 -19.433715360207295 -19.433715360207295 -19.433715360207295 -19.433715360207295 -19.433715360207295 -19.433715360207295 -19.433715360207295 -19.433715360207295 -19.433715360207295 -19.433715360207295
13.266331658291456 -19.42791385031227 -19.42791385031227 -19.42791385031227 -19.42791385031227 -19.42791385031227 -19.42791385031227 -19.42791385031227 -19.42791385031227 -19.42791385031227 -19.42791385031227 -19.42791385031227 -19.42791385031227 -19.42791385031227 -19.42791385031227 -19.42791385031227 -19.42791385031227 -19.42791385031227 -19.42791385031227 -19.42791385031227 -19.42791385031227 -19.42791385031227 -19.42791385031227 -19.42791385031227 -19.42791385031227 -19.42791385031227 -19.42791385031227 -19.42791385031227 -19.42791385031227 -19.42791385031227
13.341708542713567 -19.422112340417243 -19.422112340417243 -19.422112340417243 -19.422112340417243 -19.422112340417243 -19.422112340417243 -19.422112340417243 -19.422112340417243 -19.422112340417243 -19.422112340417243 -19.422112340417243 -19.422112340417243 -19.422112340417243 -19.422112340417243 -19.422112340417243 -19.422112340417243 -19.422112340417243 -19.422112340417243 -19.422112340417243 -19.422112340417243 -19.422112340417243 -19.422112340417243 -19.422112340417243 -19.422112340417243 -19.422112340417243 -19.422112340417243 -19.422112340417243 -19.422112340417243 -19.422112340417243
13.417085427135678 -19.416310830522217 -19.416310830522217 -19.416310830522217 -19.416310830522217 -19.416310830522217 -19.416310830522217 -19.416310830522217 -19.416310830522217 -19.416310830522217 -19.416310830522217 -19.416310830522217 -19.416310830522217 -19.416310830522217 -19.416310830522217 -19.416310830522217 -19.416310830522217 -19.416310830522217 -19.416310830522217 -19.416310830522217 -19.416310830522217 -19.416310830522217 -19.416310830522217 -19.416310830522217 -19.416310830522217 -19.416310830522217 -19.416310830522217 -19.416310830522217 -19.416310830522217 -19.416310830522217
13.492462311557787 -19.41050932062719 -19.41050932062719 -19.41050932062719 -19.41050932062719 -19.41050932062719 -19.41050932062719 -19.41050932062719 -19.41050932062719 -19.41050932062719 -19.41050932062719 -19.41050932062719 -19.41050932062719 -19.41050932062719 -19.41050932062719 -19.41050932062719 -19.41050932062719 -19.41050932062719 -19.41050932062719 -19.41050932062719 -19.41050932062719 -19.41050932062719 -19.41050932062719 -19.41050932062719 -19.41050932062719 -19.41050932062719 -19.41050932062719 -19.41050932062719 -19.41050932062719 -19.41050932062719
13.567839195979898 -19.404707810732166 -19.404707810732166 -19.404707810732166 -19.404707810732166 -19.404707810732166 -19.404707810732166 -19.404707810732166 -19.404707810732166 -19.404707810732166 -19.404707810732166 -19.404707810732166 -19.404707810732166 -19.404707810732166 -19.404707810732166 -19.404707810732166 -19.404707810732166 -19.404707810732166 -19.404707810732166 -19.404707810732166 -19.404707810732166 -19.404707810732166 -19.404707810732166 -19.404707810732166 -19.404707810732166 -19.404707810732166 -19.404707810732166 -19.404707810732166 -19.404707810732166 -19.404707810732166
13.64321608040201 -19.39890630083714 -19.39890630083714 -19.39890630083714 -19.39890630083714 -19.39890630083714 -19.39890630083714 -19.39890630083714 -19.39890630083714 -19.39890630083714 -19.39890630083714 -19.39890630083714 -19.39890630083714 -19.39890630083714 -19.39890630083714 -19.39890630083714 -19.39890630083714 -19.39890630083714 -19.39890630083714 -19.39890630083714 -19.39890630083714 -19.39890630083714 -19.39890630083714 -19.39890630083714 -19.39890630083714 -19.39890630083714 -19.39890630083714 -19.39890630083714 -19.39890630083714 -19.39890630083714
13.718592964824118 -19.393104790942115 -19.393104790942115 -19.393104790942115 -19.393104790942115 -19.393104790942115 -19.393104790942115 -19.393104790942115 -19.393104790942115 -19.393104790942115 -19.393104790942115 -19.393104790942115 -19.393104790942115 -19.393104790942115 -19.393104790942115 -19.393104790942115 -19.393104790942115 -19.393104790942115 -19.393104790942115 -19.393104790942115 -19.393104790942115 -19.393104790942115 -19.393104790942115 -19.393104790942115 -19.393104790942115 -19.393104790942115 -19.393104790942115 -19.393104790942115 -19.393104790942115 -19.393104790942115
13.79396984924623 -19.38730328104709 -19.38730328104709 -19.38730328104709 -19.38730328104709 -19.38730328104709 -19.38730328104709 -19.38730328104709 -19.38730328104709 -19.38730328104709 -19.38730328104709 -19.38730328104709 -19.38730328104709 -19.38730328104709 -19.38730328104709 -19.38730328104709 -19.38730328104709 -19.38730328104709 -19.38730328104709 -19.38730328104709 -19.38730328104709 -19.38730328104709 -19.38730328104709 -19.38730328104709 -19.38730328104709 -19.38730328104709 -19.38730328104709 -19.38730328104709 -19.38730328104709 -19.38730328104709
13.86934673366834 -19.381501771152063 -19.381501771152063 -19.381501771152063 -19.381501771152063 -19.381501771152063 -19.381501771152063 -19.381501771152063 -19.381501771152063 -19.381501771152063 -19.381501771152063 -19.381501771152063 -19.381501771152063 -19.381501771152063 -19.381501771152063 -19.381501771152063 -19.381501771152063 -19.381501771152063 -19.381501771152063 -19.381501771152063 -19.381501771152063 -19.381501771152063 -19.381501771152063 -19.381501771152063 -19.381501771152063 -19.381501771152063 -19.381501771152063 -19.381501771152063 -19.381501771152063 -19.381501771152063
13.944723618090451 -19.375700261257037 -19.375700261257037 -19.375700261257037 -19.375700261257037 -19.375700261257037 -19.375700261257037 -19.375700261257037 -19.375700261257037 -19.375700261257037 -19.375700261257037 -19.375700261257037 -19.375700261257037 -19.375700261257037 -19.375700261257037 -19.375700261257037 -19.375700261257037 -19.375700261257037 -19.375700261257037 -19.375700261257037 -19.375700261257037 -19.375700261257037 -19.375700261257037 -19.375700261257037 -19.375700261257037 -19.375700261257037 -19.375700261257037 -19.375700261257037 -19.375700261257037 -19.375700261257037
14.020100502512562 -19.369898751362015 -19.369898751362015 -19.369898751362015 -19.369898751362015 -19.369898751362015 -19.369898751362015 -19.369898751362015 -19.369898751362015 -19.369898751362015 -19.369898751362015 -19.369898751362015 -19.369898751362015 -19.369898751362015 -19.369898751362015 -19.369898751362015 -19.369898751362015 -19.369898751362015 -19.369898751362015 -19.369898751362015 -19.369898751362015 -19.369898751362015 -19.369898751362015 -19.369898751362015 -19.369898751362015 -19.369898751362015 -19.369898751362015 -19.369898751362015 -19.369898751362015 -19.369898751362015
14.095477386934672 -19.36409724146699 -19.36409724146699 -19.36409724146699 -19.36409724146699 -19.36409724146699 -19.36409724146699 -19.36409724146699 -19.36409724146699 -19.36409724146699 -19.36409724146699 -19.36409724146699 -19.36409724146699 -19.36409724146699 -19.36409724146699 -19.36409724146699 -19.36409724146699 -19.36409724146699 -19.36409724146699 -19.36409724146699 -19.36409724146699 -19.36409724146699 -19.36409724146699 -19.36409724146699 -19.36409724146699 -19.36409724146699 -19.36409724146699 -19.36409724146699 -19.36409724146699 -19.36409724146699
14.170854271356783 -19.358295731571964 -19.358295731571964 -19.358295731571964 -19.358295731571964 -19.358295731571964 -19.358295731571964 -19.358295731571964 -19.358295731571964 -19.358295731571964 -19.358295731571964 -19.358295731571964 -19.358295731571964 -19.358295731571964 -19.358295731571964 -19.358295731571964 -19.358295731571964 -19.358295731571964 -19.358295731571964 -19.358295731571964 -19.358295731571964 -19.358295731571964 -19.358295731571964 -19.358295731571964 -19.358295731571964 -19.358295731571964 -19.358295731571964 -19.358295731571964 -19.358295731571964 -19.358295731571964
14.246231155778894 -19.35249422167694 -19.35249422167694 -19.35249422167694 -19.35249422167694 -19.35249422167694 -19.35249422167694 -19.35249422167694 -19.35249422167694 -19.35249422167694 -19.35249422167694 -19.35249422167694 -19.35249422167694 -19.35249422167694 -19.35249422167694 -19.35249422167694 -19.35249422167694 -19.35249422167694 -19.35249422167694 -19.35249422167694 -19.35249422167694 -19.35249422167694 -19.35249422167694 -19.35249422167694 -19.35249422167694 -19.35249422167694 -19.35249422167694 -19.35249422167694 -19.35249422167694 -19.35249422167694
