web/models/linear/94/-20_449_0_311.dat
# %ECSV 1.0
# ---
# datatype:
# - {name: time, datatype: float64}
# - {name: sdss_u, datatype: float64}
# - {name: sdss_g, datatype: float64}
# - {name: sdss_r, datatype: float64}
# - {name: sdss_i, datatype: float64}
# - {name: sdss_z, datatype: float64}
# - {name: Clear, datatype: float64}
# - {name: johnson_B, datatype: float64}
# - {name: johnson_V, datatype: float64}
# - {name: johnson_R, datatype: float64}
# - {name: johnson_I, datatype: float64}
# - {name: ukirt_J, datatype: float64}
# - {name: ukirt_H, datatype: float64}
# - {name: ukirt_K, datatype: float64}
# meta: !!omap
# - comment: [M=-20.448979591836736, dM=0.3108955361862286]
# schema: astropy-2.0
time sdss_u sdss_g sdss_r sdss_i sdss_z Clear johnson_B johnson_V johnson_R johnson_I ukirt_J ukirt_H ukirt_K
[from data line 59]
4.447236180904522 -19.066353714827628 -19.066353714827628 -19.066353714827628 -19.066353714827628 -19.066353714827628 -19.066353714827628 -19.066353714827628 -19.066353714827628 -19.066353714827628 -19.066353714827628 -19.066353714827628 -19.066353714827628 -19.066353714827628
4.522613065326633 -19.04291937792917 -19.04291937792917 -19.04291937792917 -19.04291937792917 -19.04291937792917 -19.04291937792917 -19.04291937792917 -19.04291937792917 -19.04291937792917 -19.04291937792917 -19.04291937792917 -19.04291937792917 -19.04291937792917
4.597989949748744 -19.01948504103071 -19.01948504103071 -19.01948504103071 -19.01948504103071 -19.01948504103071 -19.01948504103071 -19.01948504103071 -19.01948504103071 -19.01948504103071 -19.01948504103071 -19.01948504103071 -19.01948504103071 -19.01948504103071
4.673366834170854 -18.99605070413225 -18.99605070413225 -18.99605070413225 -18.99605070413225 -18.99605070413225 -18.99605070413225 -18.99605070413225 -18.99605070413225 -18.99605070413225 -18.99605070413225 -18.99605070413225 -18.99605070413225 -18.99605070413225
4.748743718592964 -18.97261636723379 -18.97261636723379 -18.97261636723379 -18.97261636723379 -18.97261636723379 -18.97261636723379 -18.97261636723379 -18.97261636723379 -18.97261636723379 -18.97261636723379 -18.97261636723379 -18.97261636723379 -18.97261636723379
4.824120603015075 -18.949182030335333 -18.949182030335333 -18.949182030335333 -18.949182030335333 -18.949182030335333 -18.949182030335333 -18.949182030335333 -18.949182030335333 -18.949182030335333 -18.949182030335333 -18.949182030335333 -18.949182030335333 -18.949182030335333
4.899497487437186 -18.925747693436872 -18.925747693436872 -18.925747693436872 -18.925747693436872 -18.925747693436872 -18.925747693436872 -18.925747693436872 -18.925747693436872 -18.925747693436872 -18.925747693436872 -18.925747693436872 -18.925747693436872 -18.925747693436872
4.974874371859296 -18.902313356538414 -18.902313356538414 -18.902313356538414 -18.902313356538414 -18.902313356538414 -18.902313356538414 -18.902313356538414 -18.902313356538414 -18.902313356538414 -18.902313356538414 -18.902313356538414 -18.902313356538414 -18.902313356538414
5.050251256281406 -18.878879019639953 -18.878879019639953 -18.878879019639953 -18.878879019639953 -18.878879019639953 -18.878879019639953 -18.878879019639953 -18.878879019639953 -18.878879019639953 -18.878879019639953 -18.878879019639953 -18.878879019639953 -18.878879019639953
5.125628140703517 -18.855444682741492 -18.855444682741492 -18.855444682741492 -18.855444682741492 -18.855444682741492 -18.855444682741492 -18.855444682741492 -18.855444682741492 -18.855444682741492 -18.855444682741492 -18.855444682741492 -18.855444682741492 -18.855444682741492
5.201005025125628 -18.832010345843035 -18.832010345843035 -18.832010345843035 -18.832010345843035 -18.832010345843035 -18.832010345843035 -18.832010345843035 -18.832010345843035 -18.832010345843035 -18.832010345843035 -18.832010345843035 -18.832010345843035 -18.832010345843035
5.276381909547738 -18.808576008944573 -18.808576008944573 -18.808576008944573 -18.808576008944573 -18.808576008944573 -18.808576008944573 -18.808576008944573 -18.808576008944573 -18.808576008944573 -18.808576008944573 -18.808576008944573 -18.808576008944573 -18.808576008944573
5.351758793969848 -18.785141672046116 -18.785141672046116 -18.785141672046116 -18.785141672046116 -18.785141672046116 -18.785141672046116 -18.785141672046116 -18.785141672046116 -18.785141672046116 -18.785141672046116 -18.785141672046116 -18.785141672046116 -18.785141672046116
5.427135678391959 -18.761707335147655 -18.761707335147655 -18.761707335147655 -18.761707335147655 -18.761707335147655 -18.761707335147655 -18.761707335147655 -18.761707335147655 -18.761707335147655 -18.761707335147655 -18.761707335147655 -18.761707335147655 -18.761707335147655
5.50251256281407 -18.738272998249197 -18.738272998249197 -18.738272998249197 -18.738272998249197 -18.738272998249197 -18.738272998249197 -18.738272998249197 -18.738272998249197 -18.738272998249197 -18.738272998249197 -18.738272998249197 -18.738272998249197 -18.738272998249197
5.57788944723618 -18.714838661350736 -18.714838661350736 -18.714838661350736 -18.714838661350736 -18.714838661350736 -18.714838661350736 -18.714838661350736 -18.714838661350736 -18.714838661350736 -18.714838661350736 -18.714838661350736 -18.714838661350736 -18.714838661350736
5.6532663316582905 -18.69140432445228 -18.69140432445228 -18.69140432445228 -18.69140432445228 -18.69140432445228 -18.69140432445228 -18.69140432445228 -18.69140432445228 -18.69140432445228 -18.69140432445228 -18.69140432445228 -18.69140432445228 -18.69140432445228
5.7286432160804015 -18.667969987553818 -18.667969987553818 -18.667969987553818 -18.667969987553818 -18.667969987553818 -18.667969987553818 -18.667969987553818 -18.667969987553818 -18.667969987553818 -18.667969987553818 -18.667969987553818 -18.667969987553818 -18.667969987553818
5.8040201005025125 -18.64453565065536 -18.64453565065536 -18.64453565065536 -18.64453565065536 -18.64453565065536 -18.64453565065536 -18.64453565065536 -18.64453565065536 -18.64453565065536 -18.64453565065536 -18.64453565065536 -18.64453565065536 -18.64453565065536
5.879396984924623 -18.6211013137569 -18.6211013137569 -18.6211013137569 -18.6211013137569 -18.6211013137569 -18.6211013137569 -18.6211013137569 -18.6211013137569 -18.6211013137569 -18.6211013137569 -18.6211013137569 -18.6211013137569 -18.6211013137569
5.954773869346733 -18.59766697685844 -18.59766697685844 -18.59766697685844 -18.59766697685844 -18.59766697685844 -18.59766697685844 -18.59766697685844 -18.59766697685844 -18.59766697685844 -18.59766697685844 -18.59766697685844 -18.59766697685844 -18.59766697685844
6.030150753768844 -18.57423263995998 -18.57423263995998 -18.57423263995998 -18.57423263995998 -18.57423263995998 -18.57423263995998 -18.57423263995998 -18.57423263995998 -18.57423263995998 -18.57423263995998 -18.57423263995998 -18.57423263995998 -18.57423263995998
6.105527638190955 -18.55079830306152 -18.55079830306152 -18.55079830306152 -18.55079830306152 -18.55079830306152 -18.55079830306152 -18.55079830306152 -18.55079830306152 -18.55079830306152 -18.55079830306152 -18.55079830306152 -18.55079830306152 -18.55079830306152
6.180904522613065 -18.527363966163062 -18.527363966163062 -18.527363966163062 -18.527363966163062 -18.527363966163062 -18.527363966163062 -18.527363966163062 -18.527363966163062 -18.527363966163062 -18.527363966163062 -18.527363966163062 -18.527363966163062 -18.527363966163062
6.256281407035175 -18.5039296292646 -18.5039296292646 -18.5039296292646 -18.5039296292646 -18.5039296292646 -18.5039296292646 -18.5039296292646 -18.5039296292646 -18.5039296292646 -18.5039296292646 -18.5039296292646 -18.5039296292646 -18.5039296292646
6.331658291457286 -18.480495292366143 -18.480495292366143 -18.480495292366143 -18.480495292366143 -18.480495292366143 -18.480495292366143 -18.480495292366143 -18.480495292366143 -18.480495292366143 -18.480495292366143 -18.480495292366143 -18.480495292366143 -18.480495292366143
6.407035175879397 -18.457060955467682 -18.457060955467682 -18.457060955467682 -18.457060955467682 -18.457060955467682 -18.457060955467682 -18.457060955467682 -18.457060955467682 -18.457060955467682 -18.457060955467682 -18.457060955467682 -18.457060955467682 -18.457060955467682
6.482412060301507 -18.433626618569225 -18.433626618569225 -18.433626618569225 -18.433626618569225 -18.433626618569225 -18.433626618569225 -18.433626618569225 -18.433626618569225 -18.433626618569225 -18.433626618569225 -18.433626618569225 -18.433626618569225 -18.433626618569225
6.557788944723617 -18.410192281670763 -18.410192281670763 -18.410192281670763 -18.410192281670763 -18.410192281670763 -18.410192281670763 -18.410192281670763 -18.410192281670763 -18.410192281670763 -18.410192281670763 -18.410192281670763 -18.410192281670763 -18.410192281670763
6.633165829145728 -18.386757944772306 -18.386757944772306 -18.386757944772306 -18.386757944772306 -18.386757944772306 -18.386757944772306 -18.386757944772306 -18.386757944772306 -18.386757944772306 -18.386757944772306 -18.386757944772306 -18.386757944772306 -18.386757944772306
6.708542713567839 -18.363323607873845 -18.363323607873845 -18.363323607873845 -18.363323607873845 -18.363323607873845 -18.363323607873845 -18.363323607873845 -18.363323607873845 -18.363323607873845 -18.363323607873845 -18.363323607873845 -18.363323607873845 -18.363323607873845
6.783919597989949 -18.339889270975387 -18.339889270975387 -18.339889270975387 -18.339889270975387 -18.339889270975387 -18.339889270975387 -18.339889270975387 -18.339889270975387 -18.339889270975387 -18.339889270975387 -18.339889270975387 -18.339889270975387 -18.339889270975387
6.859296482412059 -18.316454934076926 -18.316454934076926 -18.316454934076926 -18.316454934076926 -18.316454934076926 -18.316454934076926 -18.316454934076926 -18.316454934076926 -18.316454934076926 -18.316454934076926 -18.316454934076926 -18.316454934076926 -18.316454934076926
6.93467336683417 -18.29302059717847 -18.29302059717847 -18.29302059717847 -18.29302059717847 -18.29302059717847 -18.29302059717847 -18.29302059717847 -18.29302059717847 -18.29302059717847 -18.29302059717847 -18.29302059717847 -18.29302059717847 -18.29302059717847
7.010050251256281 -18.269586260280008 -18.269586260280008 -18.269586260280008 -18.269586260280008 -18.269586260280008 -18.269586260280008 -18.269586260280008 -18.269586260280008 -18.269586260280008 -18.269586260280008 -18.269586260280008 -18.269586260280008 -18.269586260280008
7.085427135678391 -18.246151923381547 -18.246151923381547 -18.246151923381547 -18.246151923381547 -18.246151923381547 -18.246151923381547 -18.246151923381547 -18.246151923381547 -18.246151923381547 -18.246151923381547 -18.246151923381547 -18.246151923381547 -18.246151923381547
7.160804020100501 -18.22271758648309 -18.22271758648309 -18.22271758648309 -18.22271758648309 -18.22271758648309 -18.22271758648309 -18.22271758648309 -18.22271758648309 -18.22271758648309 -18.22271758648309 -18.22271758648309 -18.22271758648309 -18.22271758648309
7.236180904522612 -18.199283249584628 -18.199283249584628 -18.199283249584628 -18.199283249584628 -18.199283249584628 -18.199283249584628 -18.199283249584628 -18.199283249584628 -18.199283249584628 -18.199283249584628 -18.199283249584628 -18.199283249584628 -18.199283249584628
7.311557788944723 -18.17584891268617 -18.17584891268617 -18.17584891268617 -18.17584891268617 -18.17584891268617 -18.17584891268617 -18.17584891268617 -18.17584891268617 -18.17584891268617 -18.17584891268617 -18.17584891268617 -18.17584891268617 -18.17584891268617
7.3869346733668335 -18.15241457578771 -18.15241457578771 -18.15241457578771 -18.15241457578771 -18.15241457578771 -18.15241457578771 -18.15241457578771 -18.15241457578771 -18.15241457578771 -18.15241457578771 -18.15241457578771 -18.15241457578771 -18.15241457578771
7.462311557788944 -18.128980238889252 -18.128980238889252 -18.128980238889252 -18.128980238889252 -18.128980238889252 -18.128980238889252 -18.128980238889252 -18.128980238889252 -18.128980238889252 -18.128980238889252 -18.128980238889252 -18.128980238889252 -18.128980238889252
7.537688442211055 -18.10554590199079 -18.10554590199079 -18.10554590199079 -18.10554590199079 -18.10554590199079 -18.10554590199079 -18.10554590199079 -18.10554590199079 -18.10554590199079 -18.10554590199079 -18.10554590199079 -18.10554590199079 -18.10554590199079
7.613065326633166 -18.082111565092333 -18.082111565092333 -18.082111565092333 -18.082111565092333 -18.082111565092333 -18.082111565092333 -18.082111565092333 -18.082111565092333 -18.082111565092333 -18.082111565092333 -18.082111565092333 -18.082111565092333 -18.082111565092333
7.688442211055276 -18.058677228193872 -18.058677228193872 -18.058677228193872 -18.058677228193872 -18.058677228193872 -18.058677228193872 -18.058677228193872 -18.058677228193872 -18.058677228193872 -18.058677228193872 -18.058677228193872 -18.058677228193872 -18.058677228193872
7.763819095477386 -18.035242891295415 -18.035242891295415 -18.035242891295415 -18.035242891295415 -18.035242891295415 -18.035242891295415 -18.035242891295415 -18.035242891295415 -18.035242891295415 -18.035242891295415 -18.035242891295415 -18.035242891295415 -18.035242891295415
7.839195979899497 -18.011808554396953 -18.011808554396953 -18.011808554396953 -18.011808554396953 -18.011808554396953 -18.011808554396953 -18.011808554396953 -18.011808554396953 -18.011808554396953 -18.011808554396953 -18.011808554396953 -18.011808554396953 -18.011808554396953
7.914572864321608 -17.988374217498496 -17.988374217498496 -17.988374217498496 -17.988374217498496 -17.988374217498496 -17.988374217498496 -17.988374217498496 -17.988374217498496 -17.988374217498496 -17.988374217498496 -17.988374217498496 -17.988374217498496 -17.988374217498496
7.989949748743718 -17.964939880600035 -17.964939880600035 -17.964939880600035 -17.964939880600035 -17.964939880600035 -17.964939880600035 -17.964939880600035 -17.964939880600035 -17.964939880600035 -17.964939880600035 -17.964939880600035 -17.964939880600035 -17.964939880600035
8.065326633165828 -17.941505543701574 -17.941505543701574 -17.941505543701574 -17.941505543701574 -17.941505543701574 -17.941505543701574 -17.941505543701574 -17.941505543701574 -17.941505543701574 -17.941505543701574 -17.941505543701574 -17.941505543701574 -17.941505543701574
8.140703517587939 -17.918071206803116 -17.918071206803116 -17.918071206803116 -17.918071206803116 -17.918071206803116 -17.918071206803116 -17.918071206803116 -17.918071206803116 -17.918071206803116 -17.918071206803116 -17.918071206803116 -17.918071206803116 -17.918071206803116
8.21608040201005 -17.894636869904655 -17.894636869904655 -17.894636869904655 -17.894636869904655 -17.894636869904655 -17.894636869904655 -17.894636869904655 -17.894636869904655 -17.894636869904655 -17.894636869904655 -17.894636869904655 -17.894636869904655 -17.894636869904655
8.29145728643216 -17.871202533006198 -17.871202533006198 -17.871202533006198 -17.871202533006198 -17.871202533006198 -17.871202533006198 -17.871202533006198 -17.871202533006198 -17.871202533006198 -17.871202533006198 -17.871202533006198 -17.871202533006198 -17.871202533006198
8.36683417085427 -17.847768196107737 -17.847768196107737 -17.847768196107737 -17.847768196107737 -17.847768196107737 -17.847768196107737 -17.847768196107737 -17.847768196107737 -17.847768196107737 -17.847768196107737 -17.847768196107737 -17.847768196107737 -17.847768196107737
8.442211055276381 -17.82433385920928 -17.82433385920928 -17.82433385920928 -17.82433385920928 -17.82433385920928 -17.82433385920928 -17.82433385920928 -17.82433385920928 -17.82433385920928 -17.82433385920928 -17.82433385920928 -17.82433385920928 -17.82433385920928
8.517587939698492 -17.800899522310818 -17.800899522310818 -17.800899522310818 -17.800899522310818 -17.800899522310818 -17.800899522310818 -17.800899522310818 -17.800899522310818 -17.800899522310818 -17.800899522310818 -17.800899522310818 -17.800899522310818 -17.800899522310818
8.592964824120603 -17.77746518541236 -17.77746518541236 -17.77746518541236 -17.77746518541236 -17.77746518541236 -17.77746518541236 -17.77746518541236 -17.77746518541236 -17.77746518541236 -17.77746518541236 -17.77746518541236 -17.77746518541236 -17.77746518541236
8.668341708542712 -17.7540308485139 -17.7540308485139 -17.7540308485139 -17.7540308485139 -17.7540308485139 -17.7540308485139 -17.7540308485139 -17.7540308485139 -17.7540308485139 -17.7540308485139 -17.7540308485139 -17.7540308485139 -17.7540308485139
8.743718592964823 -17.730596511615442 -17.730596511615442 -17.730596511615442 -17.730596511615442 -17.730596511615442 -17.730596511615442 -17.730596511615442 -17.730596511615442 -17.730596511615442 -17.730596511615442 -17.730596511615442 -17.730596511615442 -17.730596511615442
