web/models/kne.last_good/kappa_1_10/30/villar_0.5000_0.1867_1.0000.dat
# %ECSV 1.0
# ---
# datatype:
# - {name: time, datatype: float64}
# - {name: swift_uvot_uvw2, datatype: float64}
# - {name: swift_uvot_uvm2, datatype: float64}
# - {name: swift_uvot_uvw1, datatype: float64}
# - {name: swift_uvot_U, datatype: float64}
# - {name: swift_uvot_B, datatype: float64}
# - {name: swift_uvot_V, datatype: float64}
# - {name: swift_uvot_W, datatype: float64}
# - {name: johnson_U, datatype: float64}
# - {name: johnson_B, datatype: float64}
# - {name: johnson_V, datatype: float64}
# - {name: johnson_R, datatype: float64}
# - {name: johnson_I, datatype: float64}
# - {name: sdss_u, datatype: float64}
# - {name: sdss_g, datatype: float64}
# - {name: sdss_r, datatype: float64}
# - {name: sdss_i, datatype: float64}
# - {name: sdss_z, datatype: float64}
# - {name: PS1_g, datatype: float64}
# - {name: PS1_r, datatype: float64}
# - {name: PS1_i, datatype: float64}
# - {name: PS1_z, datatype: float64}
# - {name: PS1_Y, datatype: float64}
# - {name: PS1_w, datatype: float64}
# - {name: ATLAS_c, datatype: float64}
# - {name: ATLAS_o, datatype: float64}
# - {name: ukirt_J, datatype: float64}
# - {name: ukirt_H, datatype: float64}
# - {name: ukirt_K, datatype: float64}
# - {name: Clear, datatype: float64}
# meta: !!omap
# - comment: [kappa = 1.0, type = villar, mass = 0.5000000000045836, velocity = 0.1866666666666667, theta_obs = 0.0]
# schema: astropy-2.0
time swift_uvot_uvw2 swift_uvot_uvm2 swift_uvot_uvw1 swift_uvot_U swift_uvot_B swift_uvot_V swift_uvot_W johnson_U johnson_B johnson_V johnson_R johnson_I sdss_u sdss_g sdss_r sdss_i sdss_z PS1_g PS1_r PS1_i PS1_z PS1_Y PS1_w ATLAS_c ATLAS_o ukirt_J ukirt_H ukirt_K Clear
[from data line 77]
0.009917 -11.183 -10.923 -10.771 -10.315 -9.942 -9.547 -10.616 -10.259 -9.938 -9.536 -9.137 -8.676 -10.269 -9.816 -9.314 -8.949 -8.608 -9.82 -9.384 -9.044 -8.854 -8.963 -9.383 -9.62 -9.165 -7.928 -7.378 -6.744 -9.466
0.010217 -11.227 -10.97 -10.819 -10.365 -9.993 -9.599 -10.664 -10.309 -9.99 -9.588 -9.19 -8.729 -10.319 -9.867 -9.367 -9.003 -8.661 -9.872 -9.436 -9.096 -8.905 -9.012 -9.435 -9.672 -9.218 -7.982 -7.433 -6.799 -9.519
0.010526 -11.27 -11.016 -10.867 -10.415 -10.045 -9.651 -10.711 -10.36 -10.041 -9.641 -9.243 -8.783 -10.37 -9.919 -9.42 -9.056 -8.715 -9.923 -9.488 -9.147 -8.956 -9.06 -9.488 -9.725 -9.271 -8.036 -7.487 -6.854 -9.571
0.010845 -11.314 -11.063 -10.914 -10.465 -10.096 -9.704 -10.759 -10.41 -10.092 -9.693 -9.296 -8.837 -10.42 -9.971 -9.473 -9.109 -8.769 -9.974 -9.54 -9.199 -9.008 -9.108 -9.54 -9.777 -9.324 -8.091 -7.542 -6.908 -9.623
0.011173 -11.357 -11.109 -10.962 -10.515 -10.147 -9.756 -10.806 -10.46 -10.144 -9.745 -9.348 -8.89 -10.471 -10.022 -9.525 -9.162 -8.822 -10.025 -9.592 -9.251 -9.059 -9.156 -9.592 -9.829 -9.377 -8.145 -7.596 -6.963 -9.675
0.011511 -11.4 -11.156 -11.009 -10.565 -10.199 -9.808 -10.853 -10.511 -10.195 -9.797 -9.401 -8.943 -10.521 -10.074 -9.578 -9.215 -8.876 -10.076 -9.643 -9.303 -9.11 -9.204 -9.645 -9.881 -9.43 -8.199 -7.65 -7.018 -9.727
0.011859 -11.443 -11.202 -11.056 -10.615 -10.25 -9.86 -10.9 -10.561 -10.246 -9.849 -9.454 -8.997 -10.571 -10.125 -9.63 -9.268 -8.929 -10.127 -9.695 -9.355 -9.161 -9.252 -9.697 -9.932 -9.483 -8.253 -7.705 -7.072 -9.779
0.012217 -11.486 -11.248 -11.103 -10.665 -10.301 -9.912 -10.947 -10.611 -10.297 -9.901 -9.507 -9.05 -10.621 -10.177 -9.683 -9.321 -8.982 -10.177 -9.746 -9.406 -9.212 -9.3 -9.749 -9.984 -9.535 -8.307 -7.759 -7.127 -9.831
0.012587 -11.528 -11.293 -11.15 -10.715 -10.352 -9.964 -10.994 -10.66 -10.348 -9.953 -9.559 -9.103 -10.671 -10.228 -9.735 -9.374 -9.036 -10.228 -9.798 -9.458 -9.263 -9.348 -9.801 -10.036 -9.588 -8.361 -7.813 -7.181 -9.883
0.012968 -11.57 -11.339 -11.197 -10.764 -10.403 -10.016 -11.041 -10.71 -10.399 -10.005 -9.612 -9.156 -10.72 -10.279 -9.787 -9.427 -9.089 -10.279 -9.849 -9.51 -9.314 -9.396 -9.853 -10.087 -9.64 -8.415 -7.868 -7.236 -9.935
0.01336 -11.613 -11.384 -11.243 -10.814 -10.453 -10.068 -11.087 -10.76 -10.45 -10.057 -9.664 -9.21 -10.77 -10.33 -9.839 -9.48 -9.142 -10.329 -9.9 -9.561 -9.364 -9.444 -9.905 -10.139 -9.693 -8.469 -7.922 -7.29 -9.986
0.013764 -11.655 -11.43 -11.29 -10.863 -10.504 -10.119 -11.134 -10.809 -10.5 -10.109 -9.717 -9.263 -10.819 -10.381 -9.892 -9.533 -9.195 -10.38 -9.952 -9.613 -9.415 -9.492 -9.957 -10.19 -9.745 -8.522 -7.976 -7.345 -10.038
0.01418 -11.697 -11.475 -11.336 -10.912 -10.555 -10.171 -11.18 -10.859 -10.551 -10.16 -9.769 -9.316 -10.869 -10.432 -9.944 -9.585 -9.249 -10.43 -10.003 -9.664 -9.466 -9.54 -10.009 -10.242 -9.797 -8.576 -8.03 -7.399 -10.089
0.014609 -11.738 -11.52 -11.382 -10.961 -10.605 -10.222 -11.226 -10.908 -10.601 -10.212 -9.821 -9.369 -10.918 -10.483 -9.996 -9.638 -9.302 -10.481 -10.054 -9.715 -9.517 -9.588 -10.06 -10.293 -9.85 -8.63 -8.084 -7.454 -10.141
0.015051 -11.78 -11.565 -11.428 -11.01 -10.656 -10.274 -11.272 -10.958 -10.652 -10.263 -9.874 -9.421 -10.968 -10.534 -10.048 -9.69 -9.355 -10.531 -10.105 -9.767 -9.567 -9.636 -10.112 -10.344 -9.902 -8.683 -8.138 -7.508 -10.192
0.015506 -11.821 -11.609 -11.474 -11.059 -10.706 -10.325 -11.318 -11.007 -10.702 -10.315 -9.926 -9.474 -11.017 -10.585 -10.1 -9.743 -9.408 -10.581 -10.156 -9.818 -9.618 -9.684 -10.164 -10.396 -9.954 -8.737 -8.192 -7.562 -10.243
0.015975 -11.862 -11.654 -11.52 -11.108 -10.756 -10.377 -11.364 -11.056 -10.752 -10.366 -9.978 -9.527 -11.066 -10.635 -10.151 -9.795 -9.461 -10.631 -10.207 -9.869 -9.669 -9.732 -10.215 -10.447 -10.006 -8.791 -8.246 -7.617 -10.295
0.016458 -11.903 -11.698 -11.565 -11.157 -10.806 -10.428 -11.409 -11.105 -10.803 -10.417 -10.03 -9.58 -11.115 -10.686 -10.203 -9.848 -9.513 -10.681 -10.258 -9.92 -9.719 -9.78 -10.267 -10.498 -10.058 -8.844 -8.3 -7.671 -10.346
0.016956 -11.944 -11.742 -11.611 -11.205 -10.856 -10.479 -11.455 -11.154 -10.853 -10.469 -10.082 -9.633 -11.163 -10.736 -10.255 -9.9 -9.566 -10.731 -10.309 -9.972 -9.77 -9.827 -10.318 -10.549 -10.11 -8.898 -8.354 -7.725 -10.397
0.017469 -11.985 -11.786 -11.656 -11.254 -10.906 -10.53 -11.5 -11.202 -10.903 -10.52 -10.134 -9.685 -11.212 -10.787 -10.306 -9.952 -9.619 -10.781 -10.36 -10.023 -9.821 -9.875 -10.369 -10.599 -10.162 -8.951 -8.408 -7.779 -10.448
0.017997 -12.026 -11.83 -11.701 -11.302 -10.956 -10.581 -11.545 -11.251 -10.953 -10.571 -10.186 -9.738 -11.261 -10.837 -10.358 -10.005 -9.672 -10.831 -10.411 -10.074 -9.871 -9.923 -10.42 -10.65 -10.214 -9.005 -8.462 -7.833 -10.499
0.018541 -12.066 -11.874 -11.746 -11.351 -11.006 -10.632 -11.59 -11.3 -11.002 -10.622 -10.237 -9.79 -11.309 -10.887 -10.41 -10.057 -9.724 -10.881 -10.461 -10.125 -9.922 -9.971 -10.472 -10.701 -10.265 -9.058 -8.515 -7.887 -10.55
0.019102 -12.106 -11.918 -11.791 -11.399 -11.056 -10.683 -11.635 -11.348 -11.052 -10.673 -10.289 -9.843 -11.358 -10.937 -10.461 -10.109 -9.777 -10.93 -10.512 -10.176 -9.972 -10.019 -10.523 -10.752 -10.317 -9.111 -8.569 -7.941 -10.6
0.01968 -12.146 -11.961 -11.835 -11.447 -11.106 -10.734 -11.68 -11.397 -11.102 -10.724 -10.341 -9.895 -11.406 -10.987 -10.512 -10.161 -9.83 -10.98 -10.563 -10.227 -10.023 -10.067 -10.574 -10.802 -10.369 -9.165 -8.623 -7.996 -10.651
0.020275 -12.186 -12.004 -11.88 -11.495 -11.155 -10.785 -11.725 -11.445 -11.151 -10.774 -10.393 -9.948 -11.454 -11.037 -10.564 -10.213 -9.882 -11.03 -10.613 -10.278 -10.073 -10.114 -10.625 -10.853 -10.42 -9.218 -8.676 -8.05 -10.702
0.020888 -12.226 -12.047 -11.924 -11.543 -11.205 -10.836 -11.769 -11.493 -11.201 -10.825 -10.444 -10.0 -11.503 -11.087 -10.615 -10.265 -9.935 -11.079 -10.664 -10.329 -10.123 -10.162 -10.676 -10.903 -10.472 -9.271 -8.73 -8.104 -10.752
0.02152 -12.265 -12.09 -11.969 -11.591 -11.254 -10.886 -11.813 -11.541 -11.25 -10.876 -10.496 -10.052 -11.551 -11.137 -10.666 -10.317 -9.987 -11.129 -10.714 -10.38 -10.174 -10.21 -10.726 -10.954 -10.523 -9.324 -8.784 -8.157 -10.803
0.022171 -12.305 -12.133 -12.013 -11.638 -11.303 -10.937 -11.858 -11.589 -11.3 -10.926 -10.547 -10.105 -11.599 -11.187 -10.717 -10.369 -10.039 -11.178 -10.765 -10.43 -10.224 -10.258 -10.777 -11.004 -10.575 -9.377 -8.837 -8.211 -10.853
0.022841 -12.344 -12.175 -12.057 -11.686 -11.353 -10.988 -11.902 -11.637 -11.349 -10.977 -10.599 -10.157 -11.646 -11.236 -10.768 -10.421 -10.092 -11.227 -10.815 -10.481 -10.275 -10.305 -10.828 -11.054 -10.626 -9.43 -8.891 -8.265 -10.904
0.023532 -12.383 -12.218 -12.1 -11.733 -11.402 -11.038 -11.946 -11.685 -11.398 -11.027 -10.65 -10.209 -11.694 -11.286 -10.819 -10.472 -10.144 -11.276 -10.865 -10.532 -10.325 -10.353 -10.879 -11.104 -10.677 -9.484 -8.944 -8.319 -10.954
0.024244 -12.421 -12.26 -12.144 -11.781 -11.451 -11.088 -11.989 -11.732 -11.447 -11.078 -10.701 -10.261 -11.742 -11.336 -10.87 -10.524 -10.196 -11.326 -10.915 -10.583 -10.375 -10.401 -10.929 -11.154 -10.729 -9.537 -8.998 -8.373 -11.004
0.024977 -12.46 -12.302 -12.188 -11.828 -11.5 -11.139 -12.033 -11.78 -11.496 -11.128 -10.752 -10.313 -11.789 -11.385 -10.921 -10.576 -10.248 -11.375 -10.966 -10.633 -10.425 -10.449 -10.98 -11.204 -10.78 -9.59 -9.051 -8.427 -11.054
0.025733 -12.498 -12.344 -12.231 -11.875 -11.549 -11.189 -12.076 -11.827 -11.545 -11.178 -10.804 -10.365 -11.837 -11.434 -10.972 -10.627 -10.301 -11.424 -11.016 -10.684 -10.476 -10.497 -11.03 -11.254 -10.831 -9.643 -9.105 -8.481 -11.105
0.026511 -12.537 -12.386 -12.274 -11.922 -11.598 -11.239 -12.12 -11.875 -11.594 -11.229 -10.855 -10.417 -11.884 -11.484 -11.023 -10.679 -10.353 -11.473 -11.066 -10.734 -10.526 -10.544 -11.081 -11.304 -10.882 -9.695 -9.158 -8.534 -11.155
0.027313 -12.575 -12.427 -12.317 -11.969 -11.646 -11.289 -12.163 -11.922 -11.643 -11.279 -10.906 -10.469 -11.931 -11.533 -11.074 -10.73 -10.405 -11.522 -11.116 -10.785 -10.576 -10.592 -11.131 -11.354 -10.933 -9.748 -9.211 -8.588 -11.205
0.028139 -12.613 -12.468 -12.36 -12.016 -11.695 -11.339 -12.206 -11.969 -11.691 -11.329 -10.957 -10.521 -11.978 -11.582 -11.124 -10.782 -10.457 -11.57 -11.166 -10.835 -10.626 -10.64 -11.181 -11.404 -10.984 -9.801 -9.265 -8.642 -11.254
0.02899 -12.65 -12.51 -12.403 -12.063 -11.744 -11.389 -12.249 -12.016 -11.74 -11.379 -11.008 -10.573 -12.025 -11.631 -11.175 -10.833 -10.509 -11.619 -11.216 -10.886 -10.676 -10.688 -11.231 -11.453 -11.035 -9.854 -9.318 -8.696 -11.304
0.029867 -12.688 -12.55 -12.445 -12.109 -11.792 -11.439 -12.292 -12.063 -11.788 -11.429 -11.059 -10.625 -12.072 -11.68 -11.225 -10.885 -10.561 -11.668 -11.266 -10.936 -10.726 -10.736 -11.281 -11.503 -11.086 -9.907 -9.371 -8.749 -11.354
0.03077 -12.725 -12.591 -12.488 -12.156 -11.84 -11.489 -12.334 -12.11 -11.837 -11.479 -11.11 -10.676 -12.119 -11.729 -11.276 -10.936 -10.612 -11.716 -11.316 -10.987 -10.777 -10.783 -11.331 -11.552 -11.136 -9.96 -9.424 -8.803 -11.404
0.031701 -12.762 -12.632 -12.53 -12.202 -11.889 -11.539 -12.377 -12.156 -11.885 -11.528 -11.16 -10.728 -12.166 -11.778 -11.326 -10.987 -10.664 -11.765 -11.365 -11.037 -10.827 -10.831 -11.381 -11.602 -11.187 -10.012 -9.478 -8.856 -11.453
0.032659 -12.799 -12.672 -12.572 -12.248 -11.937 -11.588 -12.419 -12.203 -11.933 -11.578 -11.211 -10.78 -12.212 -11.826 -11.377 -11.038 -10.716 -11.813 -11.415 -11.087 -10.877 -10.879 -11.431 -11.651 -11.238 -10.065 -9.531 -8.91 -11.503
0.033647 -12.836 -12.712 -12.614 -12.294 -11.985 -11.638 -12.461 -12.249 -11.981 -11.628 -11.262 -10.831 -12.259 -11.875 -11.427 -11.089 -10.768 -11.862 -11.465 -11.137 -10.927 -10.927 -11.481 -11.7 -11.288 -10.118 -9.584 -8.964 -11.552
0.034665 -12.872 -12.752 -12.655 -12.34 -12.033 -11.688 -12.503 -12.296 -12.029 -11.677 -11.312 -10.883 -12.305 -11.923 -11.477 -11.14 -10.82 -11.91 -11.514 -11.188 -10.977 -10.975 -11.531 -11.749 -11.339 -10.17 -9.637 -9.017 -11.602
0.035713 -12.909 -12.792 -12.697 -12.386 -12.081 -11.737 -12.545 -12.342 -12.077 -11.727 -11.363 -10.934 -12.351 -11.972 -11.527 -11.191 -10.871 -11.958 -11.564 -11.238 -11.027 -11.023 -11.581 -11.799 -11.389 -10.223 -9.69 -9.071 -11.651
0.036793 -12.945 -12.832 -12.738 -12.432 -12.129 -11.786 -12.587 -12.388 -12.125 -11.776 -11.413 -10.986 -12.397 -12.02 -11.577 -11.242 -10.923 -12.006 -11.613 -11.288 -11.077 -11.07 -11.63 -11.848 -11.44 -10.275 -9.743 -9.124 -11.7
0.037906 -12.98 -12.871 -12.78 -12.478 -12.177 -11.836 -12.628 -12.434 -12.173 -11.825 -11.464 -11.037 -12.443 -12.068 -11.627 -11.293 -10.974 -12.054 -11.663 -11.338 -11.126 -11.118 -11.68 -11.896 -11.49 -10.328 -9.796 -9.177 -11.749
0.039052 -13.016 -12.911 -12.821 -12.523 -12.224 -11.885 -12.67 -12.48 -12.22 -11.875 -11.514 -11.089 -12.489 -12.117 -11.677 -11.344 -11.026 -12.102 -11.712 -11.388 -11.176 -11.166 -11.729 -11.945 -11.54 -10.38 -9.849 -9.231 -11.799
0.040234 -13.052 -12.95 -12.861 -12.569 -12.272 -11.934 -12.711 -12.526 -12.268 -11.924 -11.564 -11.14 -12.535 -12.165 -11.727 -11.395 -11.077 -12.15 -11.761 -11.438 -11.226 -11.214 -11.779 -11.994 -11.591 -10.433 -9.902 -9.284 -11.848
0.04145 -13.087 -12.988 -12.902 -12.614 -12.319 -11.983 -12.752 -12.572 -12.316 -11.973 -11.615 -11.191 -12.58 -12.213 -11.777 -11.446 -11.129 -12.198 -11.811 -11.488 -11.276 -11.262 -11.828 -12.043 -11.641 -10.485 -9.955 -9.338 -11.896
0.042704 -13.122 -13.027 -12.943 -12.659 -12.367 -12.032 -12.793 -12.617 -12.363 -12.022 -11.665 -11.242 -12.626 -12.261 -11.827 -11.496 -11.18 -12.246 -11.86 -11.538 -11.326 -11.31 -11.877 -12.092 -11.691 -10.537 -10.008 -9.391 -11.945
0.043996 -13.157 -13.065 -12.983 -12.704 -12.414 -12.081 -12.833 -12.663 -12.41 -12.071 -11.715 -11.294 -12.671 -12.308 -11.876 -11.547 -11.231 -12.293 -11.909 -11.588 -11.376 -11.357 -11.927 -12.14 -11.741 -10.59 -10.061 -9.444 -11.994
0.045326 -13.191 -13.104 -13.023 -12.749 -12.461 -12.13 -12.874 -12.708 -12.457 -12.12 -11.765 -11.345 -12.717 -12.356 -11.926 -11.598 -11.283 -12.341 -11.958 -11.638 -11.425 -11.405 -11.976 -12.189 -11.791 -10.642 -10.114 -9.498 -12.043
0.046697 -13.226 -13.142 -13.063 -12.794 -12.508 -12.179 -12.914 -12.753 -12.504 -12.169 -11.815 -11.396 -12.762 -12.404 -11.976 -11.648 -11.334 -12.388 -12.007 -11.687 -11.475 -11.453 -12.025 -12.237 -11.841 -10.694 -10.166 -9.551 -12.091
0.048109 -13.26 -13.179 -13.103 -12.839 -12.555 -12.228 -12.955 -12.798 -12.551 -12.217 -11.865 -11.447 -12.807 -12.451 -12.025 -11.699 -11.385 -12.436 -12.056 -11.737 -11.525 -11.501 -12.074 -12.285 -11.891 -10.746 -10.219 -9.604 -12.14
0.049564 -13.294 -13.217 -13.142 -12.883 -12.602 -12.276 -12.995 -12.843 -12.598 -12.266 -11.915 -11.498 -12.852 -12.499 -12.074 -11.749 -11.436 -12.483 -12.105 -11.787 -11.574 -11.549 -12.123 -12.333 -11.94 -10.799 -10.272 -9.657 -12.189
0.051063 -13.327 -13.254 -13.182 -12.928 -12.649 -12.325 -13.035 -12.888 -12.645 -12.315 -11.965 -11.549 -12.896 -12.546 -12.124 -11.799 -11.487 -12.53 -12.154 -11.836 -11.624 -11.597 -12.172 -12.382 -11.99 -10.851 -10.325 -9.711 -12.237
0.052608 -13.361 -13.291 -13.221 -12.972 -12.695 -12.373 -13.074 -12.932 -12.692 -12.363 -12.014 -11.599 -12.941 -12.593 -12.173 -11.85 -11.538 -12.577 -12.203 -11.886 -11.674 -11.644 -12.22 -12.43 -12.04 -10.903 -10.377 -9.764 -12.285
0.054199 -13.394 -13.328 -13.26 -13.016 -12.742 -12.422 -13.114 -12.977 -12.738 -12.412 -12.064 -11.65 -12.985 -12.641 -12.222 -11.9 -11.589 -12.624 -12.251 -11.936 -11.723 -11.692 -12.269 -12.478 -12.089 -10.955 -10.43 -9.817 -12.333
0.055838 -13.427 -13.365 -13.299 -13.06 -12.788 -12.47 -13.153 -13.021 -12.785 -12.46 -12.114 -11.701 -13.03 -12.688 -12.271 -11.95 -11.64 -12.671 -12.3 -11.985 -11.773 -11.74 -12.318 -12.526 -12.139 -11.007 -10.483 -9.87 -12.382
0.057527 -13.46 -13.401 -13.337 -13.104 -12.835 -12.518 -13.193 -13.066 -12.831 -12.508 -12.163 -11.752 -13.074 -12.735 -12.32 -12.0 -11.691 -12.718 -12.349 -12.035 -11.822 -11.788 -12.366 -12.573 -12.188 -11.059 -10.535 -9.923 -12.43
0.059267 -13.492 -13.438 -13.376 -13.147 -12.881 -12.566 -13.232 -13.11 -12.877 -12.556 -12.213 -11.802 -13.118 -12.782 -12.369 -12.05 -11.742 -12.765 -12.397 -12.084 -11.872 -11.836 -12.415 -12.621 -12.238 -11.111 -10.588 -9.976 -12.478
0.061059 -13.525 -13.474 -13.414 -13.191 -12.927 -12.614 -13.271 -13.154 -12.923 -12.604 -12.262 -11.853 -13.162 -12.828 -12.418 -12.1 -11.793 -12.812 -12.446 -12.133 -11.921 -11.884 -12.463 -12.669 -12.287 -11.163 -10.64 -10.029 -12.526
0.062906 -13.557 -13.509 -13.452 -13.234 -12.973 -12.662 -13.309 -13.198 -12.969 -12.652 -12.311 -11.904 -13.206 -12.875 -12.467 -12.15 -11.843 -12.858 -12.494 -12.183 -11.971 -11.932 -12.511 -12.716 -12.336 -11.215 -10.693 -10.083 -12.573
0.064808 -13.588 -13.545 -13.49 -13.278 -13.019 -12.71 -13.348 -13.242 -13.015 -12.7 -12.361 -11.954 -13.25 -12.922 -12.516 -12.2 -11.894 -12.905 -12.542 -12.232 -12.02 -11.979 -12.56 -12.764 -12.386 -11.267 -10.745 -10.136 -12.621
0.066769 -13.62 -13.58 -13.527 -13.321 -13.065 -12.758 -13.386 -13.285 -13.061 -12.748 -12.41 -12.004 -13.293 -12.968 -12.565 -12.25 -11.945 -12.951 -12.59 -12.281 -12.069 -12.027 -12.608 -12.811 -12.435 -11.318 -10.798 -10.189 -12.669
0.068788 -13.651 -13.615 -13.565 -13.364 -13.111 -12.806 -13.424 -13.329 -13.107 -12.796 -12.459 -12.055 -13.337 -13.015 -12.613 -12.299 -11.995 -12.998 -12.639 -12.33 -12.119 -12.075 -12.656 -12.858 -12.484 -11.37 -10.85 -10.241 -12.716
0.070868 -13.682 -13.65 -13.602 -13.407 -13.156 -12.853 -13.462 -13.372 -13.152 -12.844 -12.508 -12.105 -13.38 -13.061 -12.662 -12.349 -12.046 -13.044 -12.687 -12.379 -12.168 -12.123 -12.704 -12.905 -12.533 -11.422 -10.903 -10.294 -12.764
0.073012 -13.713 -13.684 -13.639 -13.449 -13.202 -12.901 -13.5 -13.415 -13.198 -12.891 -12.557 -12.155 -13.423 -13.107 -12.71 -12.399 -12.096 -13.09 -12.735 -12.428 -12.217 -12.171 -12.752 -12.952 -12.582 -11.474 -10.955 -10.347 -12.811
