web/models/kne.last_good/kappa_1_10/30/villar_0.0052_0.4060_1.0000.dat
# %ECSV 1.0
# ---
# datatype:
# - {name: time, datatype: float64}
# - {name: swift_uvot_uvw2, datatype: float64}
# - {name: swift_uvot_uvm2, datatype: float64}
# - {name: swift_uvot_uvw1, datatype: float64}
# - {name: swift_uvot_U, datatype: float64}
# - {name: swift_uvot_B, datatype: float64}
# - {name: swift_uvot_V, datatype: float64}
# - {name: swift_uvot_W, datatype: float64}
# - {name: johnson_U, datatype: float64}
# - {name: johnson_B, datatype: float64}
# - {name: johnson_V, datatype: float64}
# - {name: johnson_R, datatype: float64}
# - {name: johnson_I, datatype: float64}
# - {name: sdss_u, datatype: float64}
# - {name: sdss_g, datatype: float64}
# - {name: sdss_r, datatype: float64}
# - {name: sdss_i, datatype: float64}
# - {name: sdss_z, datatype: float64}
# - {name: PS1_g, datatype: float64}
# - {name: PS1_r, datatype: float64}
# - {name: PS1_i, datatype: float64}
# - {name: PS1_z, datatype: float64}
# - {name: PS1_Y, datatype: float64}
# - {name: PS1_w, datatype: float64}
# - {name: ATLAS_c, datatype: float64}
# - {name: ATLAS_o, datatype: float64}
# - {name: ukirt_J, datatype: float64}
# - {name: ukirt_H, datatype: float64}
# - {name: ukirt_K, datatype: float64}
# - {name: Clear, datatype: float64}
# meta: !!omap
# - comment: [kappa = 1.0, type = villar, mass = 0.005244756555828381, velocity = 0.406, theta_obs = 0.0]
# schema: astropy-2.0
time swift_uvot_uvw2 swift_uvot_uvm2 swift_uvot_uvw1 swift_uvot_U swift_uvot_B swift_uvot_V swift_uvot_W johnson_U johnson_B johnson_V johnson_R johnson_I sdss_u sdss_g sdss_r sdss_i sdss_z PS1_g PS1_r PS1_i PS1_z PS1_Y PS1_w ATLAS_c ATLAS_o ukirt_J ukirt_H ukirt_K Clear
[from data line 214]
0.587772 -8.049 -5.798 -8.045 -10.062 -11.59 -12.645 -10.785 -10.341 -11.627 -12.683 -13.39 -13.837 -10.246 -12.014 -13.102 -13.597 -13.883 -12.225 -13.134 -13.623 -13.865 -14.024 -13.113 -12.574 -13.351 -14.095 -14.023 -13.773 -13.113
0.605549 -8.003 -5.521 -7.845 -9.879 -11.456 -12.548 -10.672 -10.167 -11.496 -12.588 -13.328 -13.799 -10.068 -11.895 -13.025 -13.544 -13.848 -12.118 -13.059 -13.57 -13.827 -13.996 -13.044 -12.479 -13.287 -14.085 -14.028 -13.789 -13.05
0.623863 -7.957 -5.231 -7.634 -9.684 -11.311 -12.443 -10.551 -9.98 -11.354 -12.485 -13.259 -13.756 -9.876 -11.767 -12.94 -13.484 -13.808 -12.002 -12.976 -13.512 -13.783 -13.964 -12.967 -12.376 -13.216 -14.072 -14.029 -13.802 -12.982
0.642731 -7.911 -4.93 -7.411 -9.474 -11.156 -12.328 -10.421 -9.78 -11.201 -12.373 -13.183 -13.708 -9.671 -11.629 -12.847 -13.418 -13.761 -11.878 -12.886 -13.447 -13.735 -13.926 -12.884 -12.264 -13.138 -14.055 -14.028 -13.813 -12.908
0.66217 -7.865 -4.619 -7.176 -9.249 -10.988 -12.203 -10.283 -9.565 -11.036 -12.251 -13.1 -13.653 -9.451 -11.48 -12.745 -13.344 -13.709 -11.744 -12.787 -13.375 -13.68 -13.884 -12.793 -12.143 -13.052 -14.034 -14.024 -13.822 -12.827
0.682197 -7.817 -4.303 -6.928 -9.008 -10.807 -12.068 -10.134 -9.334 -10.859 -12.119 -13.008 -13.592 -9.215 -11.319 -12.634 -13.263 -13.651 -11.6 -12.679 -13.295 -13.618 -13.835 -12.694 -12.012 -12.959 -14.008 -14.016 -13.828 -12.74
0.70283 -7.769 -3.984 -6.666 -8.75 -10.611 -11.921 -9.976 -9.087 -10.667 -11.976 -12.908 -13.523 -8.961 -11.145 -12.513 -13.173 -13.585 -11.446 -12.561 -13.208 -13.549 -13.78 -12.586 -11.869 -12.856 -13.977 -14.004 -13.831 -12.645
0.724086 -7.718 -3.669 -6.39 -8.472 -10.401 -11.761 -9.806 -8.821 -10.461 -11.82 -12.798 -13.447 -8.689 -10.956 -12.381 -13.074 -13.512 -11.281 -12.433 -13.111 -13.472 -13.718 -12.468 -11.715 -12.743 -13.94 -13.988 -13.831 -12.543
0.745986 -7.665 -3.366 -6.098 -8.173 -10.173 -11.587 -9.624 -8.534 -10.238 -11.65 -12.678 -13.362 -8.395 -10.753 -12.236 -12.965 -13.43 -11.103 -12.294 -13.004 -13.387 -13.648 -12.34 -11.547 -12.62 -13.898 -13.967 -13.828 -12.432
0.768548 -7.608 -3.083 -5.79 -7.851 -9.927 -11.399 -9.429 -8.226 -9.997 -11.466 -12.546 -13.269 -8.079 -10.532 -12.078 -12.846 -13.339 -10.914 -12.142 -12.886 -13.292 -13.57 -12.2 -11.366 -12.485 -13.849 -13.941 -13.821 -12.313
0.791792 -7.548 -2.828 -5.463 -7.505 -9.661 -11.193 -9.22 -7.893 -9.737 -11.266 -12.402 -13.165 -7.739 -10.294 -11.906 -12.714 -13.238 -10.712 -11.976 -12.757 -13.187 -13.484 -12.048 -11.169 -12.338 -13.793 -13.91 -13.81 -12.185
0.815739 -7.483 -2.606 -5.118 -7.131 -9.373 -10.97 -8.996 -7.535 -9.456 -11.048 -12.244 -13.05 -7.371 -10.035 -11.718 -12.569 -13.127 -10.498 -11.796 -12.616 -13.071 -13.387 -11.882 -10.955 -12.176 -13.729 -13.873 -13.794 -12.047
0.840411 -7.414 -2.417 -4.751 -6.728 -9.061 -10.727 -8.756 -7.147 -9.151 -10.811 -12.071 -12.923 -6.974 -9.754 -11.513 -12.41 -13.003 -10.271 -11.6 -12.46 -12.943 -13.28 -11.701 -10.723 -12.0 -13.657 -13.83 -13.774 -11.898
0.865828 -7.339 -2.257 -4.362 -6.292 -8.723 -10.462 -8.499 -6.728 -8.821 -10.553 -11.882 -12.783 -6.544 -9.45 -11.289 -12.235 -12.866 -10.032 -11.387 -12.289 -12.801 -13.162 -11.505 -10.47 -11.807 -13.575 -13.78 -13.748 -11.739
0.892015 -7.258 -2.119 -3.949 -5.82 -8.356 -10.173 -8.223 -6.274 -8.463 -10.271 -11.676 -12.629 -6.079 -9.119 -11.044 -12.042 -12.715 -9.782 -11.156 -12.101 -12.644 -13.03 -11.29 -10.196 -11.596 -13.483 -13.721 -13.717 -11.569
0.918993 -7.169 -1.996 -3.508 -5.309 -7.957 -9.857 -7.928 -5.782 -8.075 -9.965 -11.45 -12.458 -5.575 -8.759 -10.776 -11.831 -12.547 -9.523 -10.905 -11.895 -12.472 -12.885 -11.056 -9.897 -11.366 -13.379 -13.654 -13.679 -11.388
0.946787 -7.073 -1.879 -3.038 -4.754 -7.523 -9.513 -7.612 -5.248 -7.653 -9.63 -11.202 -12.27 -5.027 -8.368 -10.482 -11.598 -12.362 -9.257 -10.633 -11.67 -12.281 -12.724 -10.8 -9.571 -11.113 -13.263 -13.578 -13.634 -11.195
0.975422 -6.969 -1.764 -2.535 -4.151 -7.051 -9.136 -7.274 -4.667 -7.193 -9.264 -10.93 -12.063 -4.431 -7.941 -10.161 -11.342 -12.157 -8.988 -10.338 -11.422 -12.071 -12.547 -10.52 -9.216 -10.836 -13.133 -13.491 -13.581 -10.99
1.004923 -6.855 -1.644 -1.996 -3.495 -6.535 -8.723 -6.913 -4.034 -6.693 -8.863 -10.633 -11.834 -3.783 -7.474 -9.808 -11.06 -11.931 -8.718 -10.02 -11.15 -11.839 -12.351 -10.214 -8.829 -10.532 -12.987 -13.392 -13.52 -10.772
1.035317 -6.731 -1.517 -1.417 -2.779 -5.972 -8.271 -6.531 -3.344 -6.147 -8.425 -10.306 -11.581 -3.075 -6.965 -9.42 -10.749 -11.68 -8.453 -9.678 -10.851 -11.583 -12.135 -9.879 -8.405 -10.199 -12.824 -13.28 -13.449 -10.544
1.066629 -6.595 -1.38 -0.792 -1.997 -5.355 -7.774 -6.127 -2.59 -5.55 -7.944 -9.947 -11.302 -2.301 -6.407 -8.994 -10.406 -11.403 -8.195 -9.313 -10.524 -11.3 -11.897 -9.512 -7.941 -9.833 -12.642 -13.154 -13.367 -10.304
1.098888 -6.446 -1.231 -0.117 -1.141 -4.679 -7.227 -5.704 -1.764 -4.898 -7.416 -9.552 -10.993 -1.454 -5.795 -8.524 -10.027 -11.095 -7.945 -8.927 -10.166 -10.988 -11.634 -9.108 -7.432 -9.43 -12.438 -13.011 -13.274 -10.053
1.132124 -6.284 -1.068 0.615 -0.203 -3.937 -6.625 -5.268 -0.858 -4.182 -6.834 -9.117 -10.652 -0.525 -5.123 -8.007 -9.608 -10.754 -7.704 -8.521 -9.774 -10.644 -11.346 -8.665 -6.873 -8.986 -12.209 -12.85 -13.167 -9.792
1.166364 -6.106 -0.89 1.41 0.828 -3.12 -5.96 -4.823 0.137 -3.396 -6.194 -8.637 -10.274 0.496 -4.383 -7.435 -9.143 -10.375 -7.468 -8.104 -9.347 -10.265 -11.029 -8.176 -6.258 -8.496 -11.953 -12.668 -13.045 -9.521
1.20164 -5.91 -0.695 2.276 1.963 -2.22 -5.225 -4.38 1.234 -2.532 -5.488 -8.108 -9.854 1.622 -3.567 -6.802 -8.627 -9.954 -7.233 -7.681 -8.884 -9.847 -10.682 -7.636 -5.579 -7.955 -11.667 -12.462 -12.906 -9.242
1.237983 -5.695 -0.479 3.222 3.216 -1.225 -4.411 -3.948 2.445 -1.58 -4.706 -7.522 -9.388 2.865 -2.664 -6.099 -8.054 -9.484 -6.992 -7.263 -8.385 -9.388 -10.303 -7.039 -4.829 -7.356 -11.345 -12.231 -12.747 -8.953
1.275425 -5.458 -0.243 4.258 4.604 -0.123 -3.506 -3.534 3.786 -0.527 -3.841 -6.872 -8.87 4.24 -1.665 -5.319 -7.416 -8.96 -6.74 -6.856 -7.854 -8.885 -9.891 -6.377 -3.999 -6.691 -10.983 -11.969 -12.567 -8.653
1.313999 -5.197 0.019 5.396 6.143 1.101 -2.499 -3.139 5.274 0.638 -2.88 -6.152 -8.292 5.767 -0.554 -4.45 -6.703 -8.374 -6.47 -6.465 -7.299 -8.338 -9.447 -5.642 -3.077 -5.952 -10.576 -11.673 -12.361 -8.341
1.35374 -4.907 0.309 6.651 7.856 2.463 -1.375 -2.758 6.93 1.932 -1.811 -5.35 -7.648 7.467 0.682 -3.479 -5.906 -7.718 -6.176 -6.085 -6.731 -7.75 -8.971 -4.823 -2.051 -5.129 -10.117 -11.338 -12.127 -8.013
1.394683 -4.586 0.63 8.038 9.768 3.984 -0.117 -2.38 8.779 3.371 -0.618 -4.456 -6.928 9.364 2.063 -2.393 -5.011 -6.981 -5.853 -5.707 -6.165 -7.126 -8.468 -3.907 -0.904 -4.209 -9.598 -10.957 -11.859 -7.663
1.436864 -4.228 0.987 9.578 11.909 5.688 1.295 -1.99 10.849 4.978 0.715 -3.456 -6.12 11.487 3.611 -1.173 -4.006 -6.152 -5.494 -5.318 -5.613 -6.479 -7.941 -2.882 0.38 -3.179 -9.011 -10.525 -11.554 -7.286
1.480321 -3.829 1.386 11.293 14.315 7.602 2.884 -1.574 13.174 6.778 2.209 -2.337 -5.214 13.873 5.35 0.201 -2.872 -5.216 -5.095 -4.902 -5.076 -5.824 -7.394 -1.729 1.822 -2.021 -8.344 -10.033 -11.203 -6.874
1.525092 -3.382 1.834 13.213 17.028 9.76 4.679 -1.119 15.795 8.799 3.888 -1.079 -4.193 16.562 7.311 1.753 -1.589 -4.159 -4.648 -4.447 -4.544 -5.174 -6.828 -0.428 3.449 -0.715 -7.586 -9.471 -10.802 -6.419
1.571218 -2.879 2.337 15.372 20.1 12.202 6.714 -0.612 18.761 11.078 5.78 0.338 -3.042 19.604 9.53 3.512 -0.133 -2.959 -4.145 -3.941 -3.995 -4.53 -6.238 1.044 5.291 0.762 -6.72 -8.828 -10.34 -5.912
1.618738 -2.311 2.905 17.813 23.59 14.977 9.028 -0.043 22.129 13.658 7.92 1.939 -1.739 23.058 12.053 5.514 1.525 -1.594 -3.576 -3.372 -3.406 -3.878 -5.613 2.717 7.384 2.439 -5.728 -8.09 -9.807 -5.342
1.667696 -1.666 3.549 20.586 27.574 18.143 11.672 0.602 25.969 16.591 10.347 3.755 -0.261 26.998 14.931 7.8 3.419 -0.037 -2.932 -2.727 -2.753 -3.191 -4.936 4.626 9.773 4.352 -4.589 -7.241 -9.191 -4.696
1.718134 -0.932 4.284 23.755 32.141 21.77 14.703 1.336 30.368 19.939 13.109 5.822 1.423 31.509 18.228 10.422 5.594 1.746 -2.198 -1.993 -2.015 -2.438 -4.184 6.814 12.512 6.544 -3.275 -6.26 -8.476 -3.962
1.770098 -0.091 5.125 27.396 37.403 25.948 18.195 2.178 35.43 23.781 16.267 8.184 3.347 36.7 22.024 13.443 8.1 3.794 -1.356 -1.152 -1.173 -1.589 -3.336 9.334 15.666 9.067 -1.754 -5.123 -7.644 -3.12
1.823633 0.451 5.667 28.901 39.468 27.639 19.651 2.719 37.424 25.353 17.602 9.245 4.258 38.738 23.584 14.736 9.216 4.751 -0.815 -0.61 -0.631 -1.047 -2.793 10.454 17.006 10.189 -0.976 -4.476 -7.102 -2.578
1.878788 0.839 6.054 29.289 39.855 28.027 20.039 3.107 37.812 25.741 17.99 9.633 4.646 39.126 23.972 15.124 9.604 5.139 -0.427 -0.222 -0.244 -0.659 -2.405 10.842 17.394 10.577 -0.588 -4.088 -6.714 -2.191
1.93561 1.251 6.466 29.701 40.267 28.439 20.45 3.519 38.224 26.153 18.401 10.045 5.058 39.538 24.384 15.536 10.016 5.55 -0.015 0.19 0.168 -0.247 -1.993 11.254 17.805 10.989 -0.176 -3.677 -6.303 -1.779
1.994152 1.688 6.903 30.138 40.704 28.876 20.887 3.956 38.661 26.59 18.838 10.482 5.495 39.975 24.821 15.973 10.453 5.987 0.422 0.627 0.605 0.19 -1.556 11.691 18.242 11.426 0.261 -3.24 -5.866 -1.342
2.054463 2.151 7.367 30.602 41.168 29.339 21.351 4.42 39.125 27.054 19.302 10.946 5.959 40.439 25.284 16.437 10.917 6.451 0.886 1.09 1.069 0.654 -1.092 12.155 18.706 11.889 0.725 -2.776 -5.402 -0.878
2.116599 2.644 7.859 31.094 41.66 29.832 21.843 4.912 39.617 27.546 19.795 11.438 6.451 40.931 25.777 16.929 11.409 6.943 1.378 1.583 1.561 1.146 -0.6 12.647 19.199 12.382 1.217 -2.284 -4.909 -0.386
2.180614 3.166 8.382 31.617 42.183 30.354 22.366 5.435 40.14 28.068 20.317 11.961 6.974 41.454 26.299 17.451 11.932 7.466 1.901 2.105 2.084 1.669 -0.077 13.17 19.721 12.904 1.74 -1.761 -4.387 0.137
2.246566 3.721 8.936 32.171 42.737 30.909 22.921 5.989 40.694 28.623 20.872 12.515 7.528 42.008 26.854 18.006 12.486 8.021 2.455 2.66 2.638 2.223 0.477 13.724 20.276 13.459 2.294 -1.206 -3.832 0.691
2.314511 4.31 9.525 32.76 43.326 31.498 23.509 6.578 41.283 29.212 21.46 13.104 8.117 42.597 27.443 18.595 13.075 8.609 3.044 3.249 3.227 2.812 1.066 14.313 20.864 14.048 2.883 -0.618 -3.244 1.28
2.384512 4.934 10.15 33.385 43.951 32.122 24.134 7.203 41.908 29.837 22.085 13.729 8.742 43.222 28.067 19.22 13.7 9.234 3.669 3.874 3.852 3.437 1.691 14.938 21.489 14.673 3.508 0.007 -2.619 1.905
2.45663 5.598 10.813 34.048 44.614 32.786 24.797 7.866 42.571 30.5 22.749 14.392 9.405 43.885 28.731 19.883 14.363 9.897 4.332 4.537 4.515 4.1 2.354 15.601 22.152 15.336 4.171 0.67 -1.956 2.568
2.530929 6.302 11.517 34.752 45.318 33.49 25.501 8.57 43.275 31.204 23.452 15.096 10.109 44.589 29.435 20.587 15.067 10.601 5.036 5.241 5.219 4.804 3.058 16.305 22.856 16.04 4.875 1.374 -1.252 3.272
2.607475 7.049 12.264 35.499 46.065 34.237 26.248 9.317 44.022 31.951 24.2 15.843 10.856 45.336 30.182 21.334 15.814 11.348 5.783 5.988 5.966 5.551 3.805 17.052 23.604 16.787 5.622 2.121 -0.504 4.019
2.686337 7.842 13.057 36.292 46.858 35.03 27.041 10.11 44.815 32.744 24.993 16.636 11.649 46.129 30.975 22.127 16.607 12.142 6.576 6.781 6.759 6.344 4.598 17.845 24.397 17.58 6.415 2.914 0.289 4.812
2.767583 8.683 13.899 37.134 47.7 35.871 27.883 10.952 45.657 33.586 25.834 17.478 12.491 46.971 31.816 22.969 17.449 12.983 7.418 7.623 7.601 7.186 5.44 18.687 25.238 18.422 7.257 3.756 1.13 5.654
2.851287 9.577 14.792 38.027 48.593 36.765 28.777 11.845 46.55 34.479 26.728 18.371 13.384 47.864 32.71 23.862 18.342 13.877 8.311 8.516 8.495 8.079 6.333 19.58 26.132 19.315 8.15 4.65 2.024 6.547
2.937522 10.525 15.741 38.976 49.542 37.713 29.725 12.794 47.499 35.427 27.676 19.32 14.333 48.813 33.658 24.81 19.291 14.825 9.26 9.464 9.443 9.027 7.282 20.529 27.08 20.263 9.098 5.598 2.972 7.496
3.026365 11.532 16.747 39.982 50.548 38.72 30.731 13.8 48.505 36.434 28.683 20.326 15.339 49.819 34.665 25.817 20.297 15.831 10.266 10.471 10.449 10.034 8.288 21.535 28.087 21.27 10.105 6.604 3.978 8.502
3.117896 12.6 17.816 41.05 51.617 39.788 31.8 14.868 49.573 37.502 29.751 21.394 16.407 50.887 35.733 26.885 21.365 16.9 11.334 11.539 11.518 11.102 9.356 22.603 29.155 22.338 11.173 7.673 5.047 9.57
3.212194 13.734 18.949 42.184 52.75 40.922 32.934 16.002 50.707 38.636 30.885 22.528 17.541 52.021 36.867 28.019 22.499 18.034 12.468 12.673 12.651 12.236 10.49 23.737 30.289 23.472 12.307 8.807 6.181 10.704
3.309345 14.937 20.153 43.388 53.954 42.125 34.137 17.206 51.911 39.84 32.088 23.732 18.745 53.225 38.07 29.223 23.703 19.237 13.672 13.877 13.855 13.44 11.694 24.941 31.492 24.675 13.511 10.01 7.384 11.908
3.409434 16.215 21.43 44.665 55.231 43.403 35.415 18.483 53.188 41.117 33.366 25.009 20.022 54.502 39.348 30.5 24.98 20.515 14.949 15.154 15.132 14.717 12.971 26.218 32.77 25.953 14.788 11.287 8.662 13.185
3.51255 17.571 22.786 46.021 56.587 44.759 36.77 19.839 54.544 42.473 34.722 26.365 21.378 55.858 40.704 31.856 26.336 21.87 16.305 16.51 16.488 16.073 14.327 27.574 34.126 27.309 16.144 12.643 10.018 14.541
3.618785 19.01 24.225 47.46 58.026 46.198 38.209 21.278 55.983 43.912 36.161 27.804 22.817 57.297 42.143 33.295 27.775 23.31 17.744 17.949 17.927 17.512 15.766 29.013 35.565 28.748 17.583 14.082 11.457 15.98
3.728232 20.537 25.753 48.988 59.554 47.725 39.737 22.806 57.511 45.44 37.688 29.332 24.345 58.825 43.67 34.822 29.303 24.837 19.272 19.476 19.455 19.04 17.294 30.541 37.092 30.275 19.111 15.61 12.984 17.508
3.84099 22.159 27.374 50.609 61.175 49.347 41.358 24.427 59.132 47.061 39.309 30.953 25.966 60.446 45.292 36.444 30.924 26.458 20.893 21.098 21.076 20.661 18.915 32.162 38.713 31.897 20.732 17.231 14.605 19.129
3.957158 23.879 29.095 52.33 62.896 51.067 43.079 26.148 60.853 48.782 41.03 32.674 27.687 62.167 47.012 38.165 32.645 28.179 22.614 22.819 22.797 22.382 20.636 33.883 40.434 33.618 22.453 18.952 16.326 20.85
4.07684 25.706 30.922 54.156 64.722 52.894 44.906 27.974 62.679 50.608 42.857 34.5 29.513 63.993 48.839 39.991 34.471 30.006 24.44 24.645 24.624 24.208 22.462 35.709 42.261 35.444 24.279 20.779 18.153 22.676
4.200141 27.645 32.86 56.095 66.661 54.833 46.844 29.913 64.618 52.547 44.795 36.439 31.452 65.932 50.778 41.93 36.41 31.944 26.379 26.584 26.562 26.147 24.401 37.648 44.199 37.383 26.218 22.717 20.091 24.615
4.327172 29.702 34.918 58.153 68.719 56.89 48.902 31.971 66.676 54.604 46.853 38.497 33.51 67.99 52.835 43.987 38.468 34.002 28.437 28.641 28.62 28.205 26.459 39.706 46.257 39.44 28.276 24.775 22.149 26.673
4.458044 31.886 37.102 60.337 70.903 59.074 51.086 34.155 68.86 56.789 49.037 40.681 35.694 70.174 55.019 46.171 40.652 36.186 30.621 30.825 30.804 30.389 28.643 41.89 48.441 41.624 30.46 26.959 24.333 28.857
4.592874 34.204 39.42 62.655 73.221 61.392 53.404 36.473 71.178 59.107 51.355 42.999 38.012 72.492 57.337 48.49 42.97 38.504 32.939 33.144 33.122 32.707 30.961 44.208 50.759 43.943 32.778 29.277 26.651 31.175
4.731783 36.665 41.881 65.115 75.681 63.853 55.865 38.933 73.638 61.567 53.816 45.459 40.472 74.952 59.798 50.95 45.43 40.965 35.399 35.604 35.583 35.167 33.421 46.668 53.22 46.403 35.238 31.738 29.112 33.635
4.874892 39.276 44.492 67.727 78.293 66.464 58.476 41.545 76.25 64.179 56.427 48.071 43.084 77.564 62.409 53.562 48.042 43.576 38.011 38.216 38.194 37.779 36.033 49.28 55.831 49.015 37.85 34.349 31.723 36.247
5.02233 42.048 47.264 70.499 81.065 69.236 61.248 44.317 79.022 66.951 59.199 50.843 45.856 80.336 65.181 56.334 50.814 46.348 40.783 40.988 40.966 40.551 38.805 52.052 58.603 51.787 40.622 37.121 34.495 39.019
5.174227 44.99 50.206 73.441 84.007 72.179 64.19 47.259 81.964 69.893 62.141 53.785 48.798 83.278 68.124 59.276 53.756 49.29 43.725 43.93 43.908 43.493 41.747 54.994 61.545 54.729 43.564 40.063 37.437 41.961
