web/models/kne/22/Metzger_0.138217_0.500000_0.100000.dat
# %ECSV 0.9
# ---
# datatype:
# - {name: time, datatype: float64}
# - {name: sdss_u, datatype: float64}
# - {name: sdss_g, datatype: float64}
# - {name: sdss_r, datatype: float64}
# - {name: sdss_i, datatype: float64}
# - {name: sdss_z, datatype: float64}
# - {name: PS1_y, datatype: float64}
# - {name: ukirt_J, datatype: float64}
# - {name: ukirt_H, datatype: float64}
# - {name: ukirt_K, datatype: float64}
# - {name: johnson_U, datatype: float64}
# - {name: johnson_B, datatype: float64}
# - {name: johnson_V, datatype: float64}
# - {name: johnson_R, datatype: float64}
# - {name: johnson_I, datatype: float64}
# - {name: Clear, datatype: float64}
# meta: !!omap
# - comment: [vej = 0.5, mej = 0.13821730389118514, Ye = 0.1, redshift = 0.0]
# schema: astropy-2.0
time sdss_u sdss_g sdss_r sdss_i sdss_z PS1_y ukirt_J ukirt_H ukirt_K johnson_U johnson_B johnson_V johnson_R johnson_I Clear
[from data line 2487]
124.450000 527.723178 383.878788 292.746470 234.678726 199.162190 176.897735 131.674495 91.286936 64.605139 510.483526 423.988851 331.017320 281.648633 195.580912 289.095912
124.500000 527.936237 384.036632 292.869256 234.779123 199.248865 176.975791 131.734996 91.331669 64.639374 510.689974 424.162102 331.154837 281.767144 195.666201 289.217291
124.550000 528.149293 384.194471 292.992039 234.879518 199.335537 177.053846 131.795497 91.376401 64.673609 510.896417 424.335350 331.292352 281.885652 195.751489 289.338668
124.600000 528.362343 384.352308 293.114819 234.979911 199.422208 177.131900 131.855995 91.421133 64.707842 511.102856 424.508595 331.429864 282.004158 195.836774 289.460043
124.650000 528.575389 384.510141 293.237597 235.080303 199.508878 177.209952 131.916493 91.465864 64.742076 511.309290 424.681835 331.567373 282.122661 195.922058 289.581415
124.700000 528.788430 384.667971 293.360373 235.180692 199.595545 177.288002 131.976990 91.510594 64.776309 511.515719 424.855072 331.704879 282.241162 196.007341 289.702784
124.750000 529.001466 384.825797 293.483146 235.281079 199.682211 177.366052 132.037486 91.555323 64.810541 511.722144 425.028305 331.842382 282.359660 196.092622 289.824151
124.800000 529.214498 384.983620 293.605916 235.381464 199.768875 177.444099 132.097980 91.600052 64.844773 511.928565 425.201534 331.979882 282.478156 196.177901 289.945516
124.850000 529.427525 385.141439 293.728684 235.481847 199.855538 177.522145 132.158474 91.644780 64.879005 512.134981 425.374759 332.117380 282.596649 196.263178 290.066878
124.900000 529.640548 385.299255 293.851449 235.582228 199.942199 177.600190 132.218966 91.689508 64.913236 512.341392 425.547981 332.254874 282.715140 196.348454 290.188237
124.950000 529.853566 385.457068 293.974212 235.682607 200.028858 177.678233 132.279458 91.734234 64.947466 512.547799 425.721199 332.392366 282.833629 196.433728 290.309594
125.000000 530.066579 385.614878 294.096972 235.782984 200.115515 177.756274 132.339948 91.778960 64.981696 512.754202 425.894414 332.529854 282.952115 196.519000 290.430948
125.050000 530.279587 385.772684 294.219730 235.883359 200.202171 177.834314 132.400437 91.823686 65.015926 512.960600 426.067624 332.667340 283.070598 196.604271 290.552300
125.100000 530.492591 385.930487 294.342485 235.983732 200.288825 177.912353 132.460925 91.868410 65.050155 513.166993 426.240831 332.804823 283.189079 196.689540 290.673650
125.150000 530.705591 386.088286 294.465237 236.084102 200.375477 177.990390 132.521412 91.913134 65.084384 513.373382 426.414034 332.942303 283.307558 196.774807 290.794997
125.200000 530.918585 386.246082 294.587988 236.184471 200.462128 178.068426 132.581898 91.957857 65.118612 513.579767 426.587234 333.079780 283.426034 196.860073 290.916341
125.250000 531.131575 386.403875 294.710735 236.284838 200.548776 178.146460 132.642383 92.002579 65.152839 513.786147 426.760429 333.217255 283.544508 196.945337 291.037683
125.300000 531.344561 386.561664 294.833480 236.385203 200.635424 178.224492 132.702867 92.047301 65.187067 513.992522 426.933622 333.354726 283.662980 197.030600 291.159022
125.350000 531.557541 386.719450 294.956222 236.485566 200.722069 178.302523 132.763349 92.092022 65.221293 514.198893 427.106810 333.492194 283.781449 197.115860 291.280359
125.400000 531.770517 386.877233 295.078962 236.585927 200.808713 178.380553 132.823831 92.136742 65.255520 514.405260 427.279995 333.629660 283.899915 197.201120 291.401694
125.450000 531.983489 387.035012 295.201700 236.686286 200.895355 178.458581 132.884311 92.181461 65.289746 514.611622 427.453176 333.767123 284.018379 197.286377 291.523026
125.500000 532.196456 387.192788 295.324435 236.786643 200.981996 178.536608 132.944791 92.226180 65.323971 514.817980 427.626353 333.904583 284.136841 197.371633 291.644355
125.550000 532.409418 387.350561 295.447167 236.886997 201.068634 178.614633 133.005269 92.270898 65.358196 515.024333 427.799526 334.042040 284.255300 197.456887 291.765682
125.600000 532.622375 387.508330 295.569897 236.987350 201.155271 178.692657 133.065746 92.315616 65.392420 515.230682 427.972696 334.179494 284.373757 197.542139 291.887006
125.650000 532.835328 387.666096 295.692624 237.087701 201.241907 178.770679 133.126222 92.360332 65.426644 515.437026 428.145862 334.316945 284.492212 197.627390 292.008328
125.700000 533.048277 387.823858 295.815349 237.188050 201.328540 178.848700 133.186698 92.405048 65.460868 515.643366 428.319025 334.454394 284.610664 197.712639 292.129648
125.750000 533.261220 387.981618 295.938071 237.288397 201.415172 178.926719 133.247172 92.449763 65.495091 515.849701 428.492184 334.591839 284.729113 197.797887 292.250965
125.800000 533.474160 388.139374 296.060791 237.388741 201.501803 179.004736 133.307645 92.494478 65.529313 516.056032 428.665339 334.729282 284.847561 197.883133 292.372279
125.850000 533.687094 388.297126 296.183508 237.489084 201.588431 179.082753 133.368116 92.539192 65.563535 516.262359 428.838490 334.866722 284.966005 197.968377 292.493591
125.900000 533.900024 388.454876 296.306223 237.589425 201.675058 179.160767 133.428587 92.583905 65.597757 516.468681 429.011638 335.004159 285.084448 198.053620 292.614901
125.950000 534.112949 388.612622 296.428935 237.689764 201.761684 179.238781 133.489057 92.628617 65.631978 516.674998 429.184782 335.141593 285.202888 198.138860 292.736208
126.000000 534.325870 388.770364 296.551645 237.790101 201.848307 179.316793 133.549526 92.673329 65.666199 516.881311 429.357922 335.279024 285.321325 198.224100 292.857512
126.050000 534.538786 388.928104 296.674352 237.890436 201.934929 179.394803 133.609993 92.718040 65.700419 517.087620 429.531059 335.416453 285.439760 198.309337 292.978814
126.100000 534.751698 389.085840 296.797056 237.990768 202.021549 179.472812 133.670460 92.762750 65.734638 517.293924 429.704192 335.553879 285.558193 198.394573 293.100114
126.150000 534.964605 389.243572 296.919759 238.091099 202.108168 179.550819 133.730925 92.807459 65.768858 517.500224 429.877321 335.691301 285.676623 198.479808 293.221411
126.200000 535.177507 389.401302 297.042458 238.191428 202.194785 179.628825 133.791389 92.852168 65.803077 517.706519 430.050447 335.828721 285.795051 198.565040 293.342706
126.250000 535.390405 389.559028 297.165155 238.291755 202.281400 179.706829 133.851853 92.896876 65.837295 517.912810 430.223569 335.966138 285.913476 198.650271 293.463998
126.300000 535.603298 389.716750 297.287850 238.392080 202.368014 179.784832 133.912315 92.941584 65.871513 518.119097 430.396687 336.103552 286.031899 198.735501 293.585287
126.350000 535.816187 389.874470 297.410542 238.492403 202.454626 179.862834 133.972776 92.986290 65.905730 518.325379 430.569802 336.240964 286.150320 198.820729 293.706575
126.400000 536.029071 390.032186 297.533232 238.592724 202.541236 179.940834 134.033236 93.030996 65.939947 518.531656 430.742913 336.378372 286.268738 198.905955 293.827859
126.450000 536.241950 390.189899 297.655919 238.693042 202.627844 180.018832 134.093695 93.075701 65.974163 518.737930 430.916020 336.515778 286.387154 198.991179 293.949142
126.500000 536.454825 390.347608 297.778603 238.793359 202.714451 180.096829 134.154153 93.120406 66.008379 518.944198 431.089124 336.653181 286.505568 199.076402 294.070421
126.550000 536.667695 390.505314 297.901285 238.893674 202.801056 180.174825 134.214610 93.165110 66.042595 519.150463 431.262224 336.790581 286.623979 199.161623 294.191699
126.600000 536.880561 390.663017 298.023965 238.993987 202.887660 180.252819 134.275065 93.209813 66.076810 519.356723 431.435320 336.927978 286.742387 199.246843 294.312974
126.650000 537.093422 390.820717 298.146642 239.094298 202.974262 180.330812 134.335520 93.254515 66.111025 519.562978 431.608413 337.065372 286.860793 199.332061 294.434246
126.700000 537.306279 390.978413 298.269317 239.194607 203.060862 180.408803 134.395974 93.299217 66.145239 519.769229 431.781502 337.202764 286.979197 199.417277 294.555516
126.750000 537.519131 391.136106 298.391989 239.294914 203.147460 180.486792 134.456426 93.343918 66.179452 519.975476 431.954588 337.340153 287.097599 199.502492 294.676783
126.800000 537.731978 391.293796 298.514658 239.395219 203.234057 180.564781 134.516878 93.388618 66.213666 520.181718 432.127669 337.477539 287.215998 199.587705 294.798048
126.850000 537.944821 391.451483 298.637326 239.495522 203.320652 180.642767 134.577328 93.433318 66.247878 520.387956 432.300747 337.614922 287.334394 199.672916 294.919311
126.900000 538.157660 391.609166 298.759990 239.595823 203.407246 180.720753 134.637778 93.478017 66.282091 520.594190 432.473822 337.752302 287.452789 199.758126 295.040571
126.950000 538.370493 391.766845 298.882652 239.696122 203.493838 180.798736 134.698226 93.522715 66.316302 520.800419 432.646893 337.889679 287.571181 199.843334 295.161829
127.000000 538.583323 391.924522 299.005312 239.796420 203.580428 180.876719 134.758673 93.567413 66.350514 521.006644 432.819960 338.027054 287.689570 199.928540 295.283084
127.050000 538.796147 392.082195 299.127969 239.896715 203.667017 180.954700 134.819119 93.612109 66.384724 521.212864 432.993024 338.164425 287.807957 200.013745 295.404337
127.100000 539.008968 392.239865 299.250624 239.997008 203.753603 181.032679 134.879565 93.656806 66.418935 521.419080 433.166084 338.301794 287.926342 200.098949 295.525587
127.150000 539.221783 392.397532 299.373276 240.097299 203.840189 181.110657 134.940009 93.701501 66.453145 521.625292 433.339140 338.439160 288.044724 200.184150 295.646835
127.200000 539.434594 392.555195 299.495926 240.197588 203.926772 181.188634 135.000452 93.746196 66.487354 521.831499 433.512192 338.576524 288.163104 200.269350 295.768080
127.250000 539.647401 392.712856 299.618573 240.297876 204.013354 181.266609 135.060894 93.790890 66.521563 522.037701 433.685242 338.713884 288.281482 200.354549 295.889323
127.300000 539.860203 392.870513 299.741218 240.398161 204.099934 181.344582 135.121334 93.835583 66.555772 522.243900 433.858287 338.851242 288.399857 200.439745 296.010564
127.350000 540.073001 393.028166 299.863860 240.498444 204.186513 181.422554 135.181774 93.880275 66.589980 522.450094 434.031329 338.988597 288.518230 200.524940 296.131802
127.400000 540.285794 393.185816 299.986500 240.598726 204.273090 181.500525 135.242213 93.924967 66.624188 522.656283 434.204367 339.125949 288.636600 200.610134 296.253037
127.450000 540.498582 393.343464 300.109138 240.699005 204.359665 181.578494 135.302651 93.969658 66.658395 522.862469 434.377402 339.263298 288.754968 200.695326 296.374271
127.500000 540.711366 393.501107 300.231773 240.799282 204.446239 181.656462 135.363087 94.014349 66.692601 523.068650 434.550432 339.400644 288.873334 200.780516 296.495501
127.550000 540.924146 393.658748 300.354405 240.899558 204.532811 181.734428 135.423523 94.059039 66.726808 523.274826 434.723460 339.537988 288.991697 200.865705 296.616730
127.600000 541.136920 393.816385 300.477035 240.999831 204.619381 181.812393 135.483957 94.103728 66.761013 523.480998 434.896483 339.675329 289.110058 200.950892 296.737955
127.650000 541.349691 393.974019 300.599662 241.100103 204.705950 181.890356 135.544391 94.148416 66.795219 523.687166 435.069504 339.812667 289.228417 201.036077 296.859179
127.700000 541.562457 394.131650 300.722287 241.200372 204.792517 181.968318 135.604823 94.193104 66.829424 523.893330 435.242520 339.950002 289.346773 201.121261 296.980400
127.750000 541.775218 394.289277 300.844910 241.300640 204.879082 182.046279 135.665255 94.237791 66.863628 524.099489 435.415533 340.087334 289.465127 201.206443 297.101618
127.800000 541.987975 394.446902 300.967530 241.400906 204.965646 182.124238 135.725685 94.282477 66.897832 524.305643 435.588542 340.224664 289.583478 201.291624 297.222835
127.850000 542.200727 394.604523 301.090148 241.501169 205.052208 182.202195 135.786114 94.327163 66.932035 524.511794 435.761548 340.361991 289.701827 201.376802 297.344048
127.900000 542.413475 394.762140 301.212763 241.601431 205.138768 182.280151 135.846542 94.371847 66.966238 524.717940 435.934550 340.499315 289.820174 201.461980 297.465259
127.950000 542.626219 394.919755 301.335376 241.701691 205.225327 182.358106 135.906969 94.416532 67.000441 524.924081 436.107548 340.636636 289.938518 201.547155 297.586468
128.000000 542.838958 395.077366 301.457986 241.801949 205.311884 182.436059 135.967396 94.461215 67.034643 525.130219 436.280543 340.773955 290.056860 201.632329 297.707675
128.050000 543.051692 395.234974 301.580594 241.902205 205.398440 182.514011 136.027821 94.505898 67.068845 525.336352 436.453535 340.911270 290.175200 201.717502 297.828879
128.100000 543.264422 395.392579 301.703199 242.002459 205.484994 182.591961 136.088245 94.550580 67.103046 525.542480 436.626522 341.048583 290.293537 201.802673 297.950080
128.150000 543.477147 395.550180 301.825802 242.102711 205.571546 182.669910 136.148667 94.595261 67.137246 525.748604 436.799506 341.185893 290.411872 201.887842 298.071279
128.200000 543.689868 395.707778 301.948402 242.202961 205.658096 182.747858 136.209089 94.639942 67.171447 525.954724 436.972487 341.323200 290.530204 201.973010 298.192476
128.250000 543.902585 395.865373 302.071000 242.303209 205.744645 182.825804 136.269510 94.684622 67.205646 526.160840 437.145464 341.460505 290.648535 202.058176 298.313670
128.300000 544.115297 396.022965 302.193596 242.403455 205.831193 182.903748 136.329930 94.729301 67.239846 526.366951 437.318437 341.597807 290.766862 202.143340 298.434862
128.350000 544.328004 396.180554 302.316189 242.503699 205.917738 182.981691 136.390349 94.773980 67.274045 526.573058 437.491407 341.735105 290.885188 202.228503 298.556052
128.400000 544.540707 396.338139 302.438779 242.603941 206.004282 183.059633 136.450766 94.818658 67.308243 526.779161 437.664373 341.872402 291.003511 202.313664 298.677239
128.450000 544.753406 396.495721 302.561367 242.704182 206.090825 183.137573 136.511183 94.863335 67.342441 526.985259 437.837335 342.009695 291.121832 202.398824 298.798423
128.500000 544.966100 396.653300 302.683953 242.804420 206.177366 183.215512 136.571598 94.908012 67.376638 527.191353 438.010294 342.146986 291.240150 202.483982 298.919605
128.550000 545.178789 396.810875 302.806536 242.904656 206.263905 183.293449 136.632013 94.952687 67.410835 527.397443 438.183250 342.284273 291.358466 202.569138 299.040785
128.600000 545.391474 396.968448 302.929117 243.004891 206.350442 183.371385 136.692426 94.997363 67.445032 527.603528 438.356202 342.421558 291.476780 202.654293 299.161963
128.650000 545.604155 397.126017 303.051696 243.105123 206.436978 183.449319 136.752839 95.042037 67.479228 527.809609 438.529150 342.558841 291.595091 202.739446 299.283138
128.700000 545.816831 397.283583 303.174272 243.205354 206.523512 183.527252 136.813250 95.086711 67.513424 528.015686 438.702095 342.696120 291.713400 202.824598 299.404310
128.750000 546.029503 397.441145 303.296845 243.305583 206.610045 183.605184 136.873661 95.131384 67.547619 528.221758 438.875036 342.833397 291.831707 202.909748 299.525480
128.800000 546.242170 397.598705 303.419416 243.405809 206.696576 183.683114 136.934070 95.176056 67.581814 528.427826 439.047973 342.970671 291.950011 202.994896 299.646648
128.850000 546.454833 397.756261 303.541985 243.506034 206.783105 183.761043 136.994478 95.220728 67.616008 528.633890 439.220907 343.107942 292.068313 203.080043 299.767813
128.900000 546.667491 397.913814 303.664551 243.606257 206.869633 183.838970 137.054885 95.265399 67.650202 528.839949 439.393838 343.245211 292.186613 203.165188 299.888976
128.950000 546.880145 398.071364 303.787115 243.706478 206.956159 183.916896 137.115291 95.310069 67.684395 529.046004 439.566765 343.382476 292.304910 203.250332 300.010137
