web/models/kne/22/Metzger_0.020089_0.256897_0.450000.dat
# %ECSV 0.9
# ---
# datatype:
# - {name: time, datatype: float64}
# - {name: sdss_u, datatype: float64}
# - {name: sdss_g, datatype: float64}
# - {name: sdss_r, datatype: float64}
# - {name: sdss_i, datatype: float64}
# - {name: sdss_z, datatype: float64}
# - {name: PS1_y, datatype: float64}
# - {name: ukirt_J, datatype: float64}
# - {name: ukirt_H, datatype: float64}
# - {name: ukirt_K, datatype: float64}
# - {name: johnson_U, datatype: float64}
# - {name: johnson_B, datatype: float64}
# - {name: johnson_V, datatype: float64}
# - {name: johnson_R, datatype: float64}
# - {name: johnson_I, datatype: float64}
# - {name: Clear, datatype: float64}
# meta: !!omap
# - comment: [vej = 0.25689655172413794, mej = 0.02008866315339448, Ye = 0.45, redshift = 0.0]
# schema: astropy-2.0
time sdss_u sdss_g sdss_r sdss_i sdss_z PS1_y ukirt_J ukirt_H ukirt_K johnson_U johnson_B johnson_V johnson_R johnson_I Clear
[from data line 96]
4.900000 6.394396 -0.705752 -5.018113 -7.640693 -9.172657 -10.095056 -11.842465 -13.182549 -13.872534 5.529962 1.245145 -3.230948 -5.528529 -9.323234 -5.186433
4.950000 6.693884 -0.489253 -4.854303 -7.510533 -9.063121 -9.998471 -11.772245 -13.135907 -13.841354 5.819513 1.484803 -3.044997 -5.371146 -9.215780 -5.024738
5.000000 6.993469 -0.272625 -4.690346 -7.380211 -8.953415 -9.901711 -11.701841 -13.089080 -13.809996 6.109163 1.724581 -2.858906 -5.213611 -9.108156 -4.862892
5.050000 7.293133 -0.055882 -4.526250 -7.249737 -8.843549 -9.804784 -11.631262 -13.042073 -13.778465 6.398898 1.964463 -2.672687 -5.055935 -9.000369 -4.700908
5.100000 7.592862 0.160964 -4.362027 -7.119120 -8.733530 -9.707700 -11.560514 -12.994893 -13.746765 6.688702 2.204438 -2.486351 -4.898129 -8.892430 -4.538796
5.150000 7.892641 0.377901 -4.197687 -6.988370 -8.623368 -9.610466 -11.489604 -12.947545 -13.714901 6.978560 2.444493 -2.299908 -4.740203 -8.784346 -4.376566
5.200000 8.192456 0.594918 -4.033240 -6.857495 -8.513070 -9.513090 -11.418539 -12.900035 -13.682879 7.268460 2.684614 -2.113370 -4.582167 -8.676125 -4.214227
5.250000 8.492293 0.812002 -3.868695 -6.726503 -8.402644 -9.415579 -11.347325 -12.852369 -13.650702 7.558387 2.924792 -1.926747 -4.424030 -8.567776 -4.051790
5.300000 8.792140 1.029145 -3.704062 -6.595404 -8.292099 -9.317940 -11.275970 -12.804552 -13.618376 7.848330 3.165013 -1.740049 -4.265800 -8.459305 -3.889263
5.350000 9.091984 1.246335 -3.539349 -6.464204 -8.181440 -9.220180 -11.204479 -12.756589 -13.585904 8.138276 3.405268 -1.553283 -4.107486 -8.350720 -3.726654
5.400000 9.391813 1.463564 -3.374564 -6.332911 -8.070675 -9.122307 -11.132857 -12.708485 -13.553292 8.428214 3.645547 -1.366461 -3.949097 -8.242027 -3.563973
5.450000 9.691616 1.680821 -3.209716 -6.201532 -7.959811 -9.024325 -11.061111 -12.660245 -13.520541 8.718132 3.885839 -1.179589 -3.790640 -8.133234 -3.401227
5.500000 9.991383 1.898098 -3.044812 -6.070074 -7.848854 -8.926242 -10.989246 -12.611874 -13.487658 9.008020 4.126136 -0.992676 -3.632122 -8.024346 -3.238423
5.550000 10.291103 2.115387 -2.879859 -5.938544 -7.737810 -8.828063 -10.917268 -12.563376 -13.454645 9.297869 4.366427 -0.805731 -3.473551 -7.915370 -3.075570
5.600000 10.590766 2.332680 -2.714864 -5.806948 -7.626685 -8.729793 -10.845180 -12.514756 -13.421506 9.587669 4.606706 -0.618759 -3.314934 -7.806312 -2.912673
5.650000 10.890364 2.549968 -2.549835 -5.675292 -7.515485 -8.631439 -10.772988 -12.466017 -13.388245 9.877410 4.846963 -0.431769 -3.156278 -7.697177 -2.749739
5.700000 11.189886 2.767245 -2.384776 -5.543582 -7.404215 -8.533005 -10.700698 -12.417164 -13.354865 10.167083 5.087191 -0.244768 -2.997587 -7.587970 -2.586775
5.750000 11.489326 2.984503 -2.219696 -5.411823 -7.292880 -8.434496 -10.628312 -12.368200 -13.321370 10.456682 5.327382 -0.057761 -2.838869 -7.478697 -2.423787
5.800000 11.788675 3.201736 -2.054598 -5.280021 -7.181486 -8.335917 -10.555836 -12.319130 -13.287762 10.746197 5.567530 0.129245 -2.680130 -7.369363 -2.260781
5.850000 12.087924 3.418938 -1.889490 -5.148180 -7.070036 -8.237273 -10.483273 -12.269958 -13.254045 11.035621 5.807628 0.316244 -2.521374 -7.259972 -2.097762
5.900000 12.387068 3.636101 -1.724376 -5.016307 -6.958537 -8.138568 -10.410629 -12.220685 -13.220222 11.324948 6.047668 0.503231 -2.362608 -7.150529 -1.934736
5.950000 12.686099 3.853222 -1.559262 -4.884404 -6.846991 -8.039806 -10.337906 -12.171317 -13.186296 11.614170 6.287646 0.690199 -2.203835 -7.041038 -1.771707
6.000000 12.985010 4.070293 -1.394152 -4.752477 -6.735404 -7.940992 -10.265108 -12.121856 -13.152270 11.903281 6.527555 0.877144 -2.045061 -6.931504 -1.608681
6.050000 13.283796 4.287310 -1.229050 -4.620531 -6.623779 -7.842129 -10.192239 -12.072305 -13.118145 12.192275 6.767390 1.064062 -1.886291 -6.821931 -1.445662
6.100000 13.582451 4.504267 -1.063963 -4.488568 -6.512120 -7.743220 -10.119302 -12.022668 -13.083926 12.481146 7.007146 1.250946 -1.727529 -6.712322 -1.282655
6.150000 13.880968 4.721161 -0.898892 -4.356594 -6.400431 -7.644270 -10.046300 -11.972947 -13.049615 12.769889 7.246817 1.437794 -1.568778 -6.602680 -1.119663
6.200000 14.179343 4.937986 -0.733844 -4.224611 -6.288716 -7.545283 -9.973238 -11.923146 -13.015213 13.058498 7.486399 1.624600 -1.410044 -6.493011 -0.956692
6.250000 14.477571 5.154738 -0.568821 -4.092624 -6.176977 -7.446260 -9.900117 -11.873267 -12.980724 13.346969 7.725887 1.811361 -1.251329 -6.383316 -0.793743
6.300000 14.775646 5.371414 -0.403827 -3.960635 -6.065218 -7.347206 -9.826940 -11.823312 -12.946150 13.635297 7.965278 1.998072 -1.092638 -6.273600 -0.630823
6.350000 15.073566 5.588008 -0.238866 -3.828648 -5.953443 -7.248123 -9.753712 -11.773285 -12.911493 13.923478 8.204566 2.184731 -0.933973 -6.163865 -0.467932
6.400000 15.371325 5.804519 -0.073941 -3.696667 -5.841654 -7.149014 -9.680433 -11.723187 -12.876755 14.211507 8.443750 2.371333 -0.775339 -6.054114 -0.305076
6.450000 15.668919 6.020942 0.090945 -3.564693 -5.729854 -7.049883 -9.607108 -11.673022 -12.841939 14.499381 8.682824 2.557876 -0.616738 -5.944350 -0.142257
6.500000 15.966346 6.237273 0.255789 -3.432730 -5.618045 -6.950731 -9.533737 -11.622791 -12.807046 14.787097 8.921785 2.744356 -0.458172 -5.834576 0.020521
6.550000 16.263601 6.453511 0.420588 -3.300781 -5.506231 -6.851561 -9.460324 -11.572496 -12.772079 15.074650 9.160631 2.930771 -0.299646 -5.724795 0.183257
6.600000 16.560681 6.669651 0.585339 -3.168848 -5.394413 -6.752376 -9.386872 -11.522141 -12.737039 15.362037 9.399358 3.117117 -0.141161 -5.615008 0.345948
6.650000 16.857583 6.885692 0.750040 -3.036933 -5.282595 -6.653178 -9.313381 -11.471726 -12.701929 15.649256 9.637964 3.303393 0.017279 -5.505218 0.508590
6.700000 17.154305 7.101631 0.914689 -2.905040 -5.170778 -6.553969 -9.239855 -11.421255 -12.666749 15.936304 9.876445 3.489594 0.175673 -5.395428 0.671181
6.750000 17.450843 7.317464 1.079283 -2.773169 -5.058964 -6.454751 -9.166296 -11.370728 -12.631503 16.223178 10.114800 3.675720 0.334018 -5.285639 0.833720
6.800000 17.747196 7.533191 1.243820 -2.641323 -4.947157 -6.355527 -9.092704 -11.320148 -12.596191 16.509876 10.353026 3.861768 0.492312 -5.175854 0.996203
6.850000 18.043361 7.748809 1.408297 -2.509505 -4.835356 -6.256298 -9.019083 -11.269516 -12.560815 16.796396 10.591121 4.047736 0.650554 -5.066075 1.158630
6.900000 18.339336 7.964316 1.572714 -2.377715 -4.723565 -6.157066 -8.945434 -11.218835 -12.525377 17.082734 10.829083 4.233622 0.808740 -4.956303 1.320997
6.950000 18.635119 8.179709 1.737068 -2.245957 -4.611786 -6.057832 -8.871759 -11.168106 -12.489879 17.368891 11.066909 4.419424 0.966870 -4.846540 1.483304
7.000000 18.930709 8.394988 1.901357 -2.114231 -4.500019 -5.958600 -8.798060 -11.117330 -12.454321 17.654863 11.304599 4.605140 1.124941 -4.736788 1.645548
7.050000 19.226103 8.610151 2.065580 -1.982539 -4.388266 -5.859369 -8.724337 -11.066509 -12.418706 17.940649 11.542151 4.790769 1.282952 -4.627048 1.807728
7.100000 19.521300 8.825196 2.229735 -1.850882 -4.276530 -5.760143 -8.650593 -11.015645 -12.383035 18.226248 11.779563 4.976309 1.440902 -4.517323 1.969842
7.150000 19.816299 9.040121 2.393822 -1.719263 -4.164811 -5.660921 -8.576829 -10.964739 -12.347308 18.511658 12.016833 5.161759 1.598788 -4.407613 2.131889
7.200000 20.111098 9.254926 2.557838 -1.587682 -4.053111 -5.561706 -8.503047 -10.913793 -12.311528 18.796878 12.253961 5.347118 1.756611 -4.297920 2.293868
7.250000 20.405697 9.469609 2.721782 -1.456141 -3.941431 -5.462499 -8.429248 -10.862807 -12.275696 19.081907 12.490945 5.532384 1.914367 -4.188245 2.455777
7.300000 20.700095 9.684170 2.885653 -1.324641 -3.829773 -5.363301 -8.355432 -10.811784 -12.239813 19.366745 12.727785 5.717556 2.072057 -4.078589 2.617616
7.350000 20.994291 9.898607 3.049451 -1.193183 -3.718137 -5.264113 -8.281603 -10.760724 -12.203880 19.651389 12.964479 5.902633 2.229680 -3.968954 2.779382
7.400000 21.288283 10.112919 3.213173 -1.061768 -3.606525 -5.164937 -8.207759 -10.709628 -12.167899 19.935839 13.201026 6.087615 2.387233 -3.859341 2.941075
7.450000 21.582072 10.327106 3.376820 -0.930398 -3.494937 -5.065773 -8.133904 -10.658499 -12.131870 20.220096 13.437426 6.272499 2.544716 -3.749751 3.102695
7.500000 21.875656 10.541166 3.540390 -0.799072 -3.383376 -4.966623 -8.060037 -10.607336 -12.095794 20.504157 13.673678 6.457286 2.702129 -3.640185 3.264240
7.550000 22.169036 10.755099 3.703882 -0.667793 -3.271841 -4.867488 -7.986161 -10.556141 -12.059674 20.788024 13.909781 6.641975 2.859470 -3.530643 3.425709
7.600000 22.462211 10.968905 3.867296 -0.536560 -3.160334 -4.768368 -7.912275 -10.504916 -12.023509 21.071694 14.145736 6.826565 3.016739 -3.421127 3.587102
7.650000 22.755181 11.182583 4.030631 -0.405375 -3.048855 -4.669264 -7.838381 -10.453660 -11.987301 21.355168 14.381540 7.011055 3.173935 -3.311638 3.748417
7.700000 23.047945 11.396133 4.193886 -0.274239 -2.937405 -4.570178 -7.764480 -10.402376 -11.951050 21.638447 14.617195 7.195445 3.331057 -3.202175 3.909656
7.750000 23.340504 11.609553 4.357061 -0.143151 -2.825986 -4.471110 -7.690572 -10.351064 -11.914758 21.921529 14.852700 7.379735 3.488105 -3.092741 4.070816
7.800000 23.632857 11.822845 4.520156 -0.012114 -2.714597 -4.372061 -7.616659 -10.299724 -11.878426 22.204414 15.088054 7.563923 3.645078 -2.983336 4.231897
7.850000 23.925005 12.036007 4.683170 0.118874 -2.603240 -4.273031 -7.542742 -10.248359 -11.842054 22.487103 15.323257 7.748010 3.801976 -2.873960 4.392899
7.900000 24.216947 12.249039 4.846101 0.249810 -2.491914 -4.174021 -7.468820 -10.196968 -11.805644 22.769596 15.558310 7.931996 3.958799 -2.764615 4.553821
7.950000 24.508684 12.461942 5.008951 0.380696 -2.380622 -4.075032 -7.394896 -10.145552 -11.769195 23.051893 15.793212 8.115879 4.115545 -2.655300 4.714664
8.000000 24.800217 12.674715 5.171719 0.511529 -2.269362 -3.976065 -7.320969 -10.094113 -11.732710 23.333993 16.027963 8.299660 4.272215 -2.546016 4.875426
8.050000 25.091544 12.887358 5.334405 0.642310 -2.158136 -3.877119 -7.247040 -10.042651 -11.696189 23.615898 16.262563 8.483338 4.428808 -2.436764 5.036108
8.100000 25.382667 13.099871 5.497007 0.773039 -2.046944 -3.778196 -7.173110 -9.991167 -11.659632 23.897608 16.497012 8.666914 4.585324 -2.327544 5.196708
8.150000 25.673587 13.312254 5.659527 0.903715 -1.935786 -3.679296 -7.099179 -9.939662 -11.623040 24.179123 16.731311 8.850388 4.741763 -2.218357 5.357228
8.200000 25.964303 13.524507 5.821963 1.034337 -1.824664 -3.580420 -7.025249 -9.888135 -11.586414 24.460443 16.965460 9.033758 4.898124 -2.109203 5.517666
8.250000 26.254816 13.736630 5.984317 1.164907 -1.713577 -3.481567 -6.951319 -9.836589 -11.549755 24.741568 17.199458 9.217026 5.054408 -2.000083 5.678024
8.300000 26.545127 13.948624 6.146587 1.295422 -1.602525 -3.382739 -6.877391 -9.785023 -11.513064 25.022501 17.433307 9.400191 5.210615 -1.890996 5.838299
8.350000 26.835236 14.160489 6.308773 1.425883 -1.491510 -3.283935 -6.803464 -9.733438 -11.476340 25.303240 17.667006 9.583254 5.366743 -1.781944 5.998493
8.400000 27.125143 14.372224 6.470877 1.556290 -1.380531 -3.185157 -6.729539 -9.681834 -11.439585 25.583787 17.900556 9.766214 5.522794 -1.672926 6.158606
8.450000 27.414851 14.583831 6.632897 1.686643 -1.269588 -3.086403 -6.655617 -9.630214 -11.402800 25.864141 18.133957 9.949071 5.678767 -1.563943 6.318637
8.500000 27.704359 14.795309 6.794833 1.816941 -1.158683 -2.987676 -6.581698 -9.578575 -11.365984 26.144305 18.367210 10.131826 5.834662 -1.454995 6.478587
8.550000 27.993667 15.006659 6.956686 1.947184 -1.047814 -2.888974 -6.507783 -9.526921 -11.329139 26.424278 18.600315 10.314479 5.990480 -1.346082 6.638455
8.600000 28.282778 15.217881 7.118456 2.077373 -0.936982 -2.790299 -6.433871 -9.475250 -11.292265 26.704062 18.833272 10.497030 6.146219 -1.237204 6.798241
8.650000 28.571691 15.428976 7.280143 2.207508 -0.826188 -2.691650 -6.359964 -9.423564 -11.255363 26.983656 19.066082 10.679479 6.301881 -1.128363 6.957946
8.700000 28.860408 15.639943 7.441747 2.337587 -0.715432 -2.593028 -6.286061 -9.371862 -11.218433 27.263063 19.298746 10.861827 6.457465 -1.019557 7.117571
8.750000 29.148930 15.850784 7.603269 2.467611 -0.604713 -2.494433 -6.212163 -9.320146 -11.181476 27.542282 19.531264 11.044073 6.612972 -0.910787 7.277114
8.800000 29.437256 16.061499 7.764707 2.597581 -0.494032 -2.395865 -6.138271 -9.268416 -11.144491 27.821314 19.763637 11.226219 6.768402 -0.802053 7.436576
8.850000 29.725389 16.272088 7.926063 2.727496 -0.383388 -2.297325 -6.064384 -9.216672 -11.107481 28.100161 19.995865 11.408264 6.923754 -0.693355 7.595957
8.900000 30.013329 16.482552 8.087337 2.857356 -0.272783 -2.198811 -5.990503 -9.164914 -11.070445 28.378823 20.227949 11.590208 7.079029 -0.584693 7.755258
8.950000 30.301076 16.692892 8.248529 2.987161 -0.162216 -2.100325 -5.916628 -9.113144 -11.033383 28.657301 20.459889 11.772053 7.234228 -0.476068 7.914479
9.000000 30.588633 16.903107 8.409639 3.116912 -0.051687 -2.001867 -5.842760 -9.061361 -10.996297 28.935596 20.691687 11.953798 7.389350 -0.367480 8.073619
9.050000 30.876001 17.113198 8.570668 3.246608 0.058804 -1.903437 -5.768898 -9.009566 -10.959186 29.213709 20.923343 12.135444 7.544395 -0.258927 8.232680
9.100000 31.163179 17.323167 8.731615 3.376249 0.169257 -1.805034 -5.695044 -8.957759 -10.922051 29.491642 21.154857 12.316991 7.699365 -0.150412 8.391662
9.150000 31.450169 17.533013 8.892482 3.505836 0.279672 -1.706660 -5.621196 -8.905940 -10.884892 29.769394 21.386231 12.498440 7.854258 -0.041932 8.550564
9.200000 31.736973 17.742737 9.053268 3.635369 0.390048 -1.608313 -5.547356 -8.854111 -10.847711 30.046967 21.617464 12.679791 8.009076 0.066510 8.709387
9.250000 32.023591 17.952340 9.213973 3.764848 0.500387 -1.509995 -5.473523 -8.802270 -10.810506 30.324363 21.848559 12.861044 8.163819 0.174917 8.868131
9.300000 32.310024 18.161822 9.374599 3.894273 0.610687 -1.411704 -5.399699 -8.750419 -10.773279 30.601581 22.079514 13.042201 8.318487 0.283287 9.026797
9.350000 32.596273 18.371185 9.535145 4.023644 0.720949 -1.313442 -5.325882 -8.698558 -10.736031 30.878623 22.310332 13.223261 8.473080 0.391620 9.185385
9.400000 32.882340 18.580428 9.695612 4.152961 0.831174 -1.215208 -5.252073 -8.646687 -10.698760 31.155491 22.541014 13.404224 8.627599 0.499917 9.343896
9.450000 33.168226 18.789552 9.856000 4.282224 0.941360 -1.117002 -5.178272 -8.594806 -10.661468 31.432184 22.771559 13.585092 8.782043 0.608177 9.502329
9.500000 33.453932 18.998558 10.016309 4.411435 1.051509 -1.018824 -5.104480 -8.542916 -10.624156 31.708705 23.001968 13.765865 8.936414 0.716402 9.660685
9.550000 33.739458 19.207447 10.176540 4.540592 1.161619 -0.920674 -5.030696 -8.491017 -10.586822 31.985054 23.232243 13.946543 9.090712 0.824590 9.818965
9.600000 34.024807 19.416219 10.336694 4.669696 1.271693 -0.822553 -4.956920 -8.439109 -10.549468 32.261232 23.462384 14.127127 9.244936 0.932742 9.977168
9.650000 34.309978 19.624875 10.496770 4.798748 1.381728 -0.724459 -4.883154 -8.387192 -10.512095 32.537241 23.692393 14.307618 9.399088 1.040858 10.135295
9.700000 34.594974 19.833416 10.656769 4.927747 1.491726 -0.626393 -4.809396 -8.335267 -10.474701 32.813081 23.922269 14.488015 9.553168 1.148938 10.293348
9.750000 34.879795 20.041843 10.816691 5.056694 1.601687 -0.528356 -4.735648 -8.283333 -10.437289 33.088754 24.152013 14.668320 9.707175 1.256982 10.451325
9.800000 35.164443 20.250155 10.976538 5.185589 1.711611 -0.430346 -4.661908 -8.231392 -10.399857 33.364261 24.381628 14.848533 9.861111 1.364990 10.609227
9.850000 35.448919 20.458354 11.136308 5.314432 1.821497 -0.332365 -4.588177 -8.179443 -10.362406 33.639603 24.611112 15.028655 10.014976 1.472963 10.767055
9.900000 35.733223 20.666441 11.296004 5.443224 1.931346 -0.234411 -4.514456 -8.127487 -10.324937 33.914780 24.840468 15.208685 10.168771 1.580900 10.924810
