web/models/kne/22/Metzger_0.005553_0.386552_0.100000.dat
# %ECSV 0.9
# ---
# datatype:
# - {name: time, datatype: float64}
# - {name: sdss_u, datatype: float64}
# - {name: sdss_g, datatype: float64}
# - {name: sdss_r, datatype: float64}
# - {name: sdss_i, datatype: float64}
# - {name: sdss_z, datatype: float64}
# - {name: PS1_y, datatype: float64}
# - {name: ukirt_J, datatype: float64}
# - {name: ukirt_H, datatype: float64}
# - {name: ukirt_K, datatype: float64}
# - {name: johnson_U, datatype: float64}
# - {name: johnson_B, datatype: float64}
# - {name: johnson_V, datatype: float64}
# - {name: johnson_R, datatype: float64}
# - {name: johnson_I, datatype: float64}
# - {name: Clear, datatype: float64}
# meta: !!omap
# - comment: [vej = 0.38655172413793104, mej = 0.00555320171962985, Ye = 0.1, redshift = 0.0]
# schema: astropy-2.0
time sdss_u sdss_g sdss_r sdss_i sdss_z PS1_y ukirt_J ukirt_H ukirt_K johnson_U johnson_B johnson_V johnson_R johnson_I Clear
[from data line 2962]
148.200000 nan nan 717.628145 582.668742 500.022206 448.160444 342.644333 248.102663 185.365139 nan nan nan 691.847617 491.683211 709.148401
148.250000 nan nan 717.864782 582.862403 500.189525 448.311221 342.761411 248.189472 185.431797 nan nan nan 692.076047 491.847871 709.382339
148.300000 nan nan 718.101415 583.056060 500.356841 448.461995 342.878487 248.276281 185.498454 nan nan nan 692.304474 492.012528 709.616273
148.350000 nan nan 718.338044 583.249715 500.524155 448.612767 342.995561 248.363089 185.565110 nan nan nan 692.532897 492.177183 709.850203
148.400000 nan nan 718.574671 583.443367 500.691467 448.763537 343.112634 248.449895 185.631765 nan nan nan 692.761318 492.341835 710.084130
148.450000 nan nan 718.811293 583.637017 500.858776 448.914305 343.229705 248.536701 185.698420 nan nan nan 692.989735 492.506485 710.318054
148.500000 nan nan 719.047913 583.830663 501.026083 449.065070 343.346774 248.623505 185.765073 nan nan nan 693.218148 492.671133 710.551975
148.550000 nan nan 719.284529 584.024307 501.193388 449.215834 343.463842 248.710308 185.831726 nan nan nan 693.446559 492.835779 710.785892
148.600000 nan nan 719.521141 584.217948 501.360690 449.366595 343.580909 248.797110 185.898378 nan nan nan 693.674966 493.000422 711.019806
148.650000 nan nan 719.757750 584.411587 501.527990 449.517355 343.697974 248.883911 185.965030 nan nan nan 693.903369 493.165063 711.253716
148.700000 nan nan 719.994356 584.605222 501.695287 449.668112 343.815037 248.970711 186.031680 nan nan nan 694.131770 493.329702 711.487623
148.750000 nan nan 720.230958 584.798855 501.862582 449.818868 343.932099 249.057510 186.098330 nan nan nan 694.360167 493.494338 711.721526
148.800000 nan nan 720.467557 584.992485 502.029875 449.969621 344.049159 249.144307 186.164979 nan nan nan 694.588561 493.658972 711.955427
148.850000 nan nan 720.704153 585.186113 502.197166 450.120372 344.166218 249.231104 186.231627 nan nan nan 694.816951 493.823604 712.189324
148.900000 nan nan 720.940745 585.379737 502.364454 450.271121 344.283275 249.317899 186.298274 nan nan nan 695.045338 493.988234 712.423217
148.950000 nan nan 721.177333 585.573359 502.531740 450.421868 344.400330 249.404694 186.364921 nan nan nan 695.273722 494.152861 712.657107
149.000000 nan nan 721.413919 585.766978 502.699023 450.572612 344.517384 249.491487 186.431566 nan nan nan 695.502103 494.317486 712.890994
149.050000 nan nan 721.650500 585.960594 502.866304 450.723355 344.634436 249.578279 186.498211 nan nan nan 695.730481 494.482108 713.124877
149.100000 nan nan 721.887079 586.154208 503.033583 450.874096 344.751487 249.665070 186.564855 nan nan nan 695.958855 494.646729 713.358757
149.150000 nan nan 722.123654 586.347819 503.200859 451.024834 344.868536 249.751860 186.631499 nan nan nan 696.187226 494.811347 713.592634
149.200000 nan nan 722.360225 586.541427 503.368133 451.175571 344.985584 249.838649 186.698141 nan nan nan 696.415593 494.975962 713.826507
149.250000 nan nan 722.596793 586.735032 503.535405 451.326305 345.102630 249.925437 186.764783 nan nan nan 696.643957 495.140576 714.060377
149.300000 nan nan 722.833358 586.928635 503.702674 451.477037 345.219674 250.012223 186.831424 nan nan nan 696.872318 495.305187 714.294243
149.350000 nan nan 723.069919 587.122235 503.869941 451.627768 345.336717 250.099009 186.898064 nan nan nan 697.100676 495.469795 714.528106
149.400000 nan nan 723.306477 587.315832 504.037206 451.778496 345.453759 250.185793 186.964704 nan nan nan 697.329031 495.634402 714.761966
149.450000 nan nan 723.543032 587.509426 504.204468 451.929222 345.570798 250.272576 187.031342 nan nan nan 697.557382 495.799006 714.995823
149.500000 nan nan 723.779583 587.703018 504.371728 452.079946 345.687837 250.359359 187.097980 nan nan nan 697.785730 495.963608 715.229676
149.550000 nan nan 724.016131 587.896607 504.538986 452.230668 345.804873 250.446140 187.164617 nan nan nan 698.014074 496.128207 715.463525
149.600000 nan nan 724.252675 588.090193 504.706241 452.381387 345.921908 250.532920 187.231253 nan nan nan 698.242416 496.292805 715.697372
149.650000 nan nan 724.489216 588.283776 504.873494 452.532105 346.038942 250.619699 187.297889 nan nan nan 698.470754 496.457400 715.931215
149.700000 nan nan 724.725754 588.477357 505.040745 452.682821 346.155974 250.706476 187.364523 nan nan nan 698.699089 496.621992 716.165055
149.750000 nan nan 724.962288 588.670935 505.207993 452.833534 346.273004 250.793253 187.431157 nan nan nan 698.927420 496.786583 716.398891
149.800000 nan nan 725.198819 588.864510 505.375240 452.984246 346.390033 250.880029 187.497790 nan nan nan 699.155748 496.951171 716.632724
149.850000 nan nan 725.435346 589.058083 505.542483 453.134955 346.507060 250.966803 187.564423 nan nan nan 699.384073 497.115757 716.866553
149.900000 nan nan 725.671870 589.251653 505.709725 453.285662 346.624086 251.053577 187.631054 nan nan nan 699.612395 497.280340 717.100380
149.950000 nan nan 725.908391 589.445220 505.876964 453.436368 346.741110 251.140349 187.697685 nan nan nan 699.840714 497.444922 717.334203
150.000000 nan nan 726.144911 589.638787 506.044203 453.587073 346.858134 251.227121 187.764315 nan nan nan 700.069032 497.609503 717.568026
