web/models/kne/22/Metzger_0.013086_0.273103_0.100000.dat
# %ECSV 0.9
# ---
# datatype:
# - {name: time, datatype: float64}
# - {name: sdss_u, datatype: float64}
# - {name: sdss_g, datatype: float64}
# - {name: sdss_r, datatype: float64}
# - {name: sdss_i, datatype: float64}
# - {name: sdss_z, datatype: float64}
# - {name: PS1_y, datatype: float64}
# - {name: ukirt_J, datatype: float64}
# - {name: ukirt_H, datatype: float64}
# - {name: ukirt_K, datatype: float64}
# - {name: johnson_U, datatype: float64}
# - {name: johnson_B, datatype: float64}
# - {name: johnson_V, datatype: float64}
# - {name: johnson_R, datatype: float64}
# - {name: johnson_I, datatype: float64}
# - {name: Clear, datatype: float64}
# meta: !!omap
# - comment: [vej = 0.2731034482758621, mej = 0.013086248836806117, Ye = 0.1, redshift = 0.0]
# schema: astropy-2.0
time sdss_u sdss_g sdss_r sdss_i sdss_z PS1_y ukirt_J ukirt_H ukirt_K johnson_U johnson_B johnson_V johnson_R johnson_I Clear
[from data line 2645]
132.350000 nan 550.115790 422.526414 341.176379 291.389188 260.162862 196.683335 139.898265 102.299031 727.265362 606.249482 476.117334 406.982755 286.367304 417.413610
132.400000 nan 550.321413 422.686437 341.307281 291.502241 260.264705 196.762344 139.956765 102.343875 727.534205 606.475147 476.296519 407.137217 286.478555 417.571804
132.450000 nan 550.527032 422.846458 341.438182 291.615292 260.366547 196.841352 140.015263 102.388718 727.803044 606.700808 476.475701 407.291677 286.589804 417.729996
132.500000 nan 550.732649 423.006476 341.569080 291.728341 260.468388 196.920359 140.073761 102.433561 728.071878 606.926466 476.654881 407.446135 286.701052 417.888185
132.550000 nan 550.938262 423.166492 341.699976 291.841389 260.570227 196.999365 140.132258 102.478404 728.340708 607.152120 476.834058 407.600590 286.812298 418.046372
132.600000 nan 551.143872 423.326505 341.830870 291.954435 260.672064 197.078369 140.190754 102.523246 728.609534 607.377770 477.013232 407.755043 286.923542 418.204557
132.650000 nan 551.349478 423.486516 341.961763 292.067480 260.773900 197.157373 140.249250 102.568088 728.878355 607.603417 477.192403 407.909494 287.034785 418.362739
132.700000 nan 551.555081 423.646524 342.092653 292.180522 260.875735 197.236375 140.307745 102.612929 729.147172 607.829060 477.371571 408.063942 287.146026 418.520918
132.750000 nan 551.760681 423.806530 342.223541 292.293564 260.977568 197.315376 140.366239 102.657769 729.415985 608.054699 477.550736 408.218387 287.257266 418.679095
132.800000 nan 551.966278 423.966533 342.354428 292.406603 261.079400 197.394377 140.424733 102.702609 729.684793 608.280335 477.729899 408.372831 287.368503 418.837270
132.850000 nan 552.171871 424.126534 342.485312 292.519641 261.181230 197.473376 140.483225 102.747449 729.953597 608.505967 477.909059 408.527272 287.479739 418.995442
132.900000 nan 552.377461 424.286532 342.616194 292.632677 261.283059 197.552374 140.541717 102.792288 730.222396 608.731596 478.088215 408.681710 287.590974 419.153611
132.950000 nan 552.583048 424.446528 342.747075 292.745711 261.384886 197.631371 140.600209 102.837127 730.491191 608.957220 478.267370 408.836146 287.702207 419.311779
133.000000 nan 552.788631 424.606521 342.877953 292.858744 261.486712 197.710367 140.658699 102.881965 730.759982 609.182842 478.446521 408.990580 287.813438 419.469943
133.050000 nan 552.994211 424.766512 343.008829 292.971775 261.588536 197.789362 140.717189 102.926802 731.028768 609.408459 478.625669 409.145011 287.924667 419.628106
133.100000 nan 553.199788 424.926500 343.139704 293.084804 261.690359 197.868356 140.775678 102.971640 731.297550 609.634073 478.804815 409.299440 288.035895 419.786265
133.150000 nan 553.405362 425.086486 343.270576 293.197832 261.792180 197.947348 140.834167 103.016476 731.566327 609.859684 478.983958 409.453867 288.147122 419.944423
133.200000 nan 553.610932 425.246469 343.401447 293.310858 261.894000 198.026340 140.892654 103.061312 731.835100 610.085290 479.163098 409.608291 288.258346 420.102578
133.250000 nan 553.816499 425.406450 343.532315 293.423882 261.995818 198.105330 140.951141 103.106148 732.103869 610.310894 479.342235 409.762712 288.369569 420.260730
133.300000 nan 554.022063 425.566429 343.663182 293.536905 262.097635 198.184320 141.009628 103.150983 732.372633 610.536493 479.521369 409.917132 288.480791 420.418880
133.350000 nan 554.227623 425.726405 343.794046 293.649926 262.199450 198.263308 141.068113 103.195818 732.641393 610.762089 479.700501 410.071549 288.592010 420.577028
133.400000 nan 554.433180 425.886378 343.924909 293.762945 262.301264 198.342296 141.126598 103.240652 732.910149 610.987681 479.879630 410.225963 288.703228 420.735173
133.450000 nan 554.638734 426.046349 344.055769 293.875963 262.403077 198.421282 141.185082 103.285486 733.178900 611.213270 480.058756 410.380376 288.814445 420.893315
133.500000 nan 554.844285 426.206317 344.186628 293.988979 262.504888 198.500267 141.243565 103.330319 733.447647 611.438855 480.237879 410.534785 288.925660 421.051456
133.550000 nan 555.049833 426.366283 344.317485 294.101993 262.606697 198.579251 141.302048 103.375152 733.716390 611.664436 480.416999 410.689193 289.036873 421.209593
133.600000 nan 555.255377 426.526247 344.448339 294.215006 262.708505 198.658234 141.360530 103.419984 733.985128 611.890014 480.596117 410.843598 289.148084 421.367729
133.650000 nan 555.460918 426.686208 344.579192 294.328017 262.810312 198.737216 141.419011 103.464816 734.253862 612.115588 480.775231 410.998001 289.259294 421.525862
133.700000 nan 555.666455 426.846166 344.710043 294.441026 262.912117 198.816197 141.477491 103.509648 734.522591 612.341159 480.954343 411.152401 289.370503 421.683992
133.750000 nan 555.871990 427.006122 344.840891 294.554034 263.013921 198.895177 141.535971 103.554478 734.791316 612.566726 481.133452 411.306799 289.481709 421.842120
133.800000 nan 556.077521 427.166076 344.971738 294.667040 263.115723 198.974155 141.594450 103.599309 735.060037 612.792289 481.312559 411.461195 289.592914 422.000246
133.850000 nan 556.283049 427.326027 345.102583 294.780044 263.217523 199.053133 141.652929 103.644139 735.328753 613.017849 481.491662 411.615588 289.704118 422.158369
133.900000 nan 556.488573 427.485976 345.233426 294.893047 263.319323 199.132109 141.711406 103.688968 735.597465 613.243405 481.670763 411.769979 289.815319 422.316489
133.950000 nan 556.694095 427.645922 345.364267 295.006048 263.421120 199.211085 141.769883 103.733797 735.866173 613.468958 481.849861 411.924367 289.926520 422.474608
134.000000 nan 556.899613 427.805866 345.495106 295.119047 263.522917 199.290059 141.828359 103.778625 736.134877 613.694507 482.028956 412.078753 290.037718 422.632723
134.050000 nan 557.105128 427.965807 345.625943 295.232045 263.624712 199.369033 141.886835 103.823453 736.403576 613.920052 482.208048 412.233137 290.148915 422.790837
134.100000 nan 557.310639 428.125746 345.756778 295.345041 263.726505 199.448005 141.945309 103.868281 736.672270 614.145594 482.387138 412.387518 290.260110 422.948948
134.150000 nan 557.516148 428.285682 345.887611 295.458036 263.828297 199.526976 142.003783 103.913108 736.940961 614.371132 482.566224 412.541897 290.371304 423.107056
134.200000 nan 557.721653 428.445616 346.018442 295.571029 263.930087 199.605946 142.062257 103.957934 737.209647 614.596667 482.745308 412.696274 290.482496 423.265162
134.250000 nan 557.927155 428.605548 346.149271 295.684020 264.031876 199.684915 142.120729 104.002760 737.478329 614.822198 482.924389 412.850648 290.593686 423.423266
134.300000 nan 558.132653 428.765476 346.280098 295.797009 264.133664 199.763883 142.179201 104.047586 737.747006 615.047726 483.103468 413.005020 290.704875 423.581367
134.350000 nan 558.338149 428.925403 346.410923 295.909997 264.235450 199.842850 142.237672 104.092411 738.015679 615.273249 483.282543 413.159389 290.816062 423.739466
134.400000 nan 558.543641 429.085327 346.541746 296.022983 264.337235 199.921816 142.296143 104.137236 738.284348 615.498770 483.461616 413.313757 290.927248 423.897562
134.450000 nan 558.749130 429.245249 346.672568 296.135968 264.439018 200.000781 142.354612 104.182060 inf 615.724286 483.640686 413.468121 291.038432 424.055656
134.500000 nan 558.954616 429.405168 346.803387 296.248950 264.540799 200.079745 142.413081 104.226883 nan 615.949800 483.819753 413.622484 291.149614 424.213748
134.550000 nan 559.160098 429.565084 346.934204 296.361932 264.642580 200.158707 142.471549 104.271706 nan 616.175309 483.998818 413.776844 291.260795 424.371837
134.600000 nan 559.365577 429.724999 347.065020 296.474911 264.744358 200.237669 142.530017 104.316529 nan 616.400815 484.177880 413.931202 291.371974 424.529924
134.650000 nan 559.571053 429.884910 347.195833 296.587889 264.846136 200.316629 142.588484 104.361351 nan 616.626318 484.356938 414.085557 291.483151 424.688008
134.700000 nan 559.776526 430.044820 347.326645 296.700865 264.947912 200.395589 142.646950 104.406173 nan 616.851816 484.535994 414.239910 291.594327 424.846090
134.750000 nan 559.981996 430.204727 347.457454 296.813840 265.049686 200.474547 142.705415 104.450994 nan 617.077312 484.715048 414.394261 291.705501 425.004169
134.800000 nan 560.187462 430.364631 347.588262 296.926813 265.151459 200.553505 142.763880 104.495815 nan 617.302803 484.894098 414.548609 291.816674 425.162246
134.850000 nan 560.392925 430.524533 347.719068 297.039784 265.253230 200.632461 142.822344 104.540635 nan 617.528291 485.073146 414.702955 291.927845 425.320321
134.900000 nan 560.598385 430.684433 347.849871 297.152754 265.355001 200.711416 142.880807 104.585455 nan 617.753776 485.252191 414.857299 292.039014 425.478393
134.950000 nan 560.803842 430.844330 347.980673 297.265722 265.456769 200.790370 142.939270 104.630274 nan 617.979257 485.431233 415.011640 292.150182 425.636463
135.000000 nan 561.009295 431.004224 348.111473 297.378689 265.558536 200.869323 142.997732 104.675093 nan 618.204735 485.610273 415.165979 292.261348 425.794530
135.050000 nan 561.214745 431.164117 348.242271 297.491653 265.660302 200.948275 143.056193 104.719911 nan 618.430208 485.789310 415.320315 292.372513 425.952595
135.100000 nan 561.420192 431.324006 348.373067 297.604616 265.762066 201.027226 143.114653 104.764729 nan 618.655679 485.968343 415.474650 292.483676 426.110657
135.150000 nan 561.625636 431.483894 348.503861 297.717578 265.863829 201.106176 143.173113 104.809546 nan 618.881145 486.147375 415.628981 292.594837 426.268718
135.200000 nan 561.831076 431.643779 348.634653 297.830538 265.965590 201.185125 143.231572 104.854363 nan 619.106609 486.326403 415.783311 292.705997 426.426775
135.250000 nan 562.036514 431.803661 348.765443 297.943496 266.067350 201.264073 143.290030 104.899180 nan 619.332068 486.505429 415.937638 292.817155 426.584831
135.300000 nan 562.241948 431.963541 348.896231 298.056452 266.169109 201.343019 143.348488 104.943996 nan 619.557524 486.684452 416.091963 292.928311 426.742883
135.350000 nan 562.447379 432.123419 349.027017 298.169407 266.270866 201.421965 143.406945 104.988811 nan 619.782977 486.863472 416.246285 293.039466 426.900934
135.400000 nan 562.652807 432.283294 349.157801 298.282361 266.372621 201.500910 143.465401 105.033626 nan 620.008426 487.042489 416.400606 293.150619 427.058982
135.450000 nan 562.858231 432.443167 349.288584 298.395312 266.474375 201.579853 143.523856 105.078440 nan 620.233871 487.221504 416.554923 293.261771 427.217028
135.500000 nan 563.063652 432.603037 349.419364 298.508262 266.576128 201.658796 143.582311 105.123254 nan 620.459313 487.400515 416.709239 293.372921 427.375071
135.550000 nan 563.269070 432.762905 349.550142 298.621211 266.677879 201.737737 143.640765 105.168068 nan 620.684752 487.579525 416.863552 293.484070 427.533112
135.600000 nan 563.474485 432.922770 349.680919 298.734157 266.779629 201.816678 143.699218 105.212881 nan 620.910187 487.758531 417.017863 293.595216 427.691150
135.650000 nan 563.679897 433.082633 349.811694 298.847103 266.881377 201.895617 143.757671 105.257694 nan 621.135618 487.937534 417.172171 293.706362 427.849187
135.700000 nan 563.885306 433.242494 349.942466 298.960046 266.983124 201.974555 143.816123 105.302506 nan 621.361046 488.116535 417.326477 293.817505 428.007220
135.750000 nan 564.090711 433.402352 350.073237 299.072988 267.084870 202.053492 143.874574 105.347317 nan 621.586470 488.295533 417.480781 293.928647 428.165252
135.800000 nan 564.296113 433.562208 350.204006 299.185928 267.186614 202.132428 143.933024 105.392128 nan 621.811890 488.474529 417.635083 294.039788 428.323280
135.850000 nan 564.501512 433.722061 350.334773 299.298867 267.288356 202.211364 143.991474 105.436939 nan 622.037308 488.653521 417.789382 294.150927 428.481307
135.900000 nan 564.706908 433.881912 350.465537 299.411804 267.390098 202.290298 144.049923 105.481749 nan 622.262721 488.832511 417.943679 294.262064 428.639331
135.950000 nan 564.912300 434.041760 350.596300 299.524739 267.491837 202.369231 144.108372 105.526559 nan 622.488131 489.011498 418.097973 294.373200 428.797353
136.000000 nan 565.117689 434.201606 350.727062 299.637673 267.593575 202.448162 144.166819 105.571368 nan 622.713538 489.190482 418.252265 294.484334 428.955372
136.050000 nan 565.323076 434.361450 350.857821 299.750605 267.695312 202.527093 144.225266 105.616177 nan 622.938941 489.369464 418.406555 294.595466 429.113389
136.100000 nan 565.528458 434.521291 350.988578 299.863535 267.797048 202.606023 144.283712 105.660985 nan 623.164340 489.548443 418.560843 294.706597 429.271404
136.150000 nan 565.733838 434.681130 351.119333 299.976464 267.898782 202.684952 144.342158 105.705793 nan 623.389736 489.727419 418.715128 294.817726 429.429416
136.200000 nan 565.939215 434.840966 351.250086 300.089391 268.000514 202.763880 144.400603 105.750600 nan 623.615129 489.906392 418.869411 294.928854 429.587426
136.250000 nan 566.144588 435.000800 351.380838 300.202317 268.102245 202.842806 144.459047 105.795407 nan 623.840518 490.085363 419.023691 295.039980 429.745433
136.300000 nan 566.349958 435.160632 351.511587 300.315241 268.203975 202.921732 144.517490 105.840214 nan 624.065903 490.264331 419.177970 295.151104 429.903438
136.350000 nan 566.555325 435.320461 351.642335 300.428163 268.305703 203.000656 144.575933 105.885020 nan 624.291285 490.443296 419.332245 295.262227 430.061441
136.400000 nan 566.760689 435.480287 351.773081 300.541084 268.407430 203.079580 144.634375 105.929825 nan 624.516663 490.622259 419.486519 295.373349 430.219441
136.450000 nan 566.966050 435.640112 351.903824 300.654003 268.509155 203.158502 144.692816 105.974630 nan 624.742038 490.801218 419.640790 295.484468 430.377439
136.500000 nan 567.171407 435.799933 352.034566 300.766920 268.610879 203.237424 144.751257 106.019434 nan 624.967410 490.980175 419.795059 295.595586 430.535434
136.550000 nan 567.376762 435.959753 352.165306 300.879836 268.712601 203.316344 144.809697 106.064238 nan 625.192777 491.159129 419.949326 295.706703 430.693427
136.600000 nan 567.582113 436.119570 352.296044 300.992750 268.814322 203.395264 144.868136 106.109042 nan 625.418142 491.338081 420.103590 295.817818 430.851418
136.650000 nan 567.787461 436.279385 352.426780 301.105663 268.916042 203.474182 144.926574 106.153845 nan 625.643503 491.517030 420.257852 295.928931 431.009407
136.700000 nan 567.992806 436.439197 352.557514 301.218574 269.017760 203.553099 144.985012 106.198647 nan 625.868860 491.695976 420.412112 296.040043 431.167393
136.750000 nan 568.198147 436.599007 352.688246 301.331483 269.119477 203.632015 145.043449 106.243450 nan 626.094214 491.874919 420.566369 296.151153 431.325376
136.800000 nan 568.403486 436.758814 352.818977 301.444391 269.221192 203.710930 145.101885 106.288251 nan 626.319564 492.053860 420.720624 296.262262 431.483357
136.850000 nan 568.608821 436.918619 352.949705 301.557297 269.322906 203.789844 145.160321 106.333052 nan 626.544911 492.232798 420.874877 296.373369 431.641336
136.900000 nan 568.814153 437.078422 353.080432 301.670202 269.424619 203.868757 145.218756 106.377853 nan 626.770254 492.411733 421.029128 296.484474 431.799313
136.950000 nan 569.019482 437.238222 353.211156 301.783105 269.526330 203.947669 145.277190 106.422653 nan 626.995594 492.590665 421.183376 296.595578 431.957287
137.000000 nan 569.224808 437.398020 353.341879 301.896006 269.628039 204.026580 145.335624 106.467453 nan 627.220930 492.769595 421.337622 296.706680 432.115259
137.050000 nan 569.430131 437.557815 353.472599 302.008906 269.729747 204.105490 145.394057 106.512252 nan 627.446263 492.948522 421.491865 296.817781 432.273228
137.100000 nan 569.635450 437.717608 353.603318 302.121804 269.831454 204.184399 145.452489 106.557051 nan 627.671592 493.127446 421.646106 296.928880 432.431195
