web/models/kne/22/Metzger_0.016214_0.289310_0.450000.dat
# %ECSV 0.9
# ---
# datatype:
# - {name: time, datatype: float64}
# - {name: sdss_u, datatype: float64}
# - {name: sdss_g, datatype: float64}
# - {name: sdss_r, datatype: float64}
# - {name: sdss_i, datatype: float64}
# - {name: sdss_z, datatype: float64}
# - {name: PS1_y, datatype: float64}
# - {name: ukirt_J, datatype: float64}
# - {name: ukirt_H, datatype: float64}
# - {name: ukirt_K, datatype: float64}
# - {name: johnson_U, datatype: float64}
# - {name: johnson_B, datatype: float64}
# - {name: johnson_V, datatype: float64}
# - {name: johnson_R, datatype: float64}
# - {name: johnson_I, datatype: float64}
# - {name: Clear, datatype: float64}
# meta: !!omap
# - comment: [vej = 0.2893103448275862, mej = 0.016213736300560038, Ye = 0.45, redshift = 0.0]
# schema: astropy-2.0
time sdss_u sdss_g sdss_r sdss_i sdss_z PS1_y ukirt_J ukirt_H ukirt_K johnson_U johnson_B johnson_V johnson_R johnson_I Clear
[from data line 2095]
104.850000 583.897195 425.958107 325.876957 262.094289 223.074847 198.610590 148.906121 104.493592 75.131977 564.969693 470.001365 367.908306 313.687839 219.139954 321.867473
104.900000 584.170778 426.160810 326.034658 262.223251 223.186192 198.710873 148.983869 104.551099 75.176007 565.234788 470.223848 368.084917 313.840052 219.249522 322.023368
104.950000 584.444355 426.363509 326.192355 262.352210 223.297536 198.811155 149.061616 104.608605 75.220037 565.499878 470.446325 368.261525 313.992261 219.359087 322.179261
105.000000 584.717926 426.566203 326.350050 262.481166 223.408878 198.911434 149.139361 104.666110 75.264067 565.764962 470.668799 368.438130 314.144468 219.468650 322.335150
105.050000 584.991491 426.768894 326.507741 262.610120 223.520217 199.011712 149.217105 104.723615 75.308096 566.030040 470.891267 368.614731 314.296672 219.578212 322.491037
105.100000 585.265051 426.971580 326.665429 262.739071 223.631555 199.111988 149.294848 104.781118 75.352124 566.295112 471.113731 368.791328 314.448873 219.687771 322.646920
105.150000 585.538605 427.174262 326.823114 262.868020 223.742890 199.212262 149.372589 104.838621 75.396152 566.560179 471.336190 368.967922 314.601071 219.797328 322.802800
105.200000 585.812153 427.376940 326.980796 262.996966 223.854223 199.312535 149.450329 104.896123 75.440180 566.825241 471.558645 369.144512 314.753265 219.906884 322.958678
105.250000 586.085696 427.579614 327.138475 263.125910 223.965554 199.412805 149.528068 104.953624 75.484206 567.090296 471.781095 369.321099 314.905457 220.016437 323.114552
105.300000 586.359232 427.782283 327.296150 263.254852 224.076883 199.513074 149.605805 105.011124 75.528233 567.355347 472.003540 369.497682 315.057646 220.125988 323.270423
105.350000 586.632763 427.984949 327.453823 263.383791 224.188210 199.613341 149.683541 105.068624 75.572259 567.620391 472.225981 369.674261 315.209831 220.235537 323.426290
105.400000 586.906288 428.187610 327.611492 263.512727 224.299535 199.713606 149.761276 105.126122 75.616284 567.885430 472.448417 369.850837 315.362014 220.345084 323.582155
105.450000 587.179807 428.390267 327.769158 263.641661 224.410858 199.813869 149.839010 105.183620 75.660308 568.150464 472.670848 370.027410 315.514194 220.454629 323.738017
105.500000 587.453321 428.592920 327.926821 263.770593 224.522179 199.914130 149.916742 105.241117 75.704333 568.415492 472.893275 370.203979 315.666371 220.564172 323.893875
105.550000 587.726828 428.795569 328.084481 263.899522 224.633498 200.014390 149.994473 105.298612 75.748356 568.680514 473.115698 370.380544 315.818544 220.673713 324.049731
105.600000 588.000330 428.998213 328.242138 264.028448 224.744814 200.114648 150.072202 105.356108 75.792379 568.945531 473.338116 370.557106 315.970715 220.783252 324.205583
105.650000 588.273827 429.200854 328.399792 264.157372 224.856129 200.214904 150.149931 105.413602 75.836402 569.210542 473.560529 370.733664 316.122883 220.892789 324.361433
105.700000 588.547317 429.403490 328.557442 264.286294 224.967442 200.315158 150.227658 105.471095 75.880424 569.475548 473.782937 370.910218 316.275047 221.002324 324.517279
105.750000 588.820802 429.606123 328.715090 264.415213 225.078752 200.415410 150.305383 105.528588 75.924445 569.740548 474.005341 371.086769 316.427209 221.111857 324.673122
105.800000 589.094281 429.808751 328.872734 264.544130 225.190060 200.515661 150.383108 105.586080 75.968466 570.005542 474.227741 371.263317 316.579368 221.221388 324.828962
105.850000 589.367754 430.011375 329.030375 264.673044 225.301367 200.615909 150.460831 105.643571 76.012486 570.270531 474.450135 371.439861 316.731524 221.330916 324.984799
105.900000 589.641221 430.213994 329.188014 264.801956 225.412671 200.716156 150.538553 105.701061 76.056506 570.535515 474.672526 371.616401 316.883676 221.440443 325.140633
105.950000 589.914683 430.416610 329.345649 264.930865 225.523973 200.816401 150.616273 105.758550 76.100526 570.800492 474.894911 371.792938 317.035826 221.549968 325.296464
106.000000 590.188139 430.619222 329.503280 265.059772 225.635273 200.916644 150.693992 105.816038 76.144544 571.065465 475.117292 371.969472 317.187973 221.659491 325.452292
106.050000 590.461589 430.821829 329.660909 265.188677 225.746571 201.016886 150.771710 105.873526 76.188563 571.330432 475.339669 372.146001 317.340117 221.769012 325.608117
106.100000 590.735034 431.024432 329.818535 265.317578 225.857867 201.117125 150.849427 105.931013 76.232580 571.595393 475.562041 372.322528 317.492257 221.878530 325.763938
106.150000 591.008473 431.227032 329.976157 265.446478 225.969161 201.217363 150.927142 105.988498 76.276597 571.860349 475.784408 372.499050 317.644395 221.988047 325.919757
106.200000 591.281906 431.429627 330.133777 265.575375 226.080453 201.317599 151.004856 106.045983 76.320614 572.125299 476.006771 372.675570 317.796530 222.097562 326.075573
106.250000 591.555333 431.632218 330.291393 265.704270 226.191743 201.417834 151.082569 106.103468 76.364630 572.390243 476.229129 372.852085 317.948662 222.207074 326.231385
106.300000 591.828755 431.834805 330.449007 265.833162 226.303031 201.518066 151.160280 106.160951 76.408646 572.655183 476.451483 373.028598 318.100791 222.316585 326.387194
106.350000 592.102171 432.037387 330.606617 265.962051 226.414317 201.618297 151.237990 106.218433 76.452661 572.920116 476.673832 373.205106 318.252917 222.426094 326.543001
106.400000 592.375581 432.239966 330.764224 266.090939 226.525600 201.718525 151.315699 106.275915 76.496675 573.185044 476.896176 373.381611 318.405040 222.535600 326.698804
106.450000 592.648986 432.442540 330.921828 266.219824 226.636882 201.818752 151.393406 106.333396 76.540689 573.449967 477.118516 373.558113 318.557160 222.645105 326.854604
106.500000 592.922385 432.645111 331.079429 266.348706 226.748162 201.918978 151.471112 106.390876 76.584703 573.714884 477.340852 373.734611 318.709277 222.754608 327.010402
106.550000 593.195778 432.847677 331.237027 266.477586 226.859439 202.019201 151.548817 106.448355 76.628715 573.979796 477.563183 373.911106 318.861391 222.864108 327.166196
106.600000 593.469165 433.050239 331.394621 266.606463 226.970715 202.119423 151.626521 106.505833 76.672728 574.244702 477.785509 374.087597 319.013502 222.973607 327.321987
106.650000 593.742547 433.252798 331.552213 266.735338 227.081988 202.219642 151.704223 106.563311 76.716740 574.509602 478.007831 374.264084 319.165610 223.083104 327.477775
106.700000 594.015923 433.455352 331.709801 266.864211 227.193260 202.319860 151.781924 106.620788 76.760751 574.774498 478.230148 374.440568 319.317715 223.192598 327.633560
106.750000 594.289294 433.657901 331.867387 266.993081 227.304529 202.420077 151.859624 106.678263 76.804762 575.039387 478.452461 374.617049 319.469817 223.302091 327.789342
106.800000 594.562658 433.860447 332.024969 267.121949 227.415796 202.520291 151.937323 106.735738 76.848772 575.304271 478.674769 374.793526 319.621916 223.411581 327.945121
106.850000 594.836017 434.062989 332.182549 267.250814 227.527062 202.620504 152.015020 106.793212 76.892781 575.569150 478.897073 374.969999 319.774013 223.521070 328.100897
106.900000 595.109371 434.265527 332.340125 267.379677 227.638325 202.720714 152.092716 106.850686 76.936791 575.834023 479.119372 375.146469 319.926106 223.630557 328.256670
106.950000 595.382719 434.468060 332.497698 267.508537 227.749586 202.820923 152.170410 106.908158 76.980799 576.098891 479.341667 375.322936 320.078196 223.740041 328.412440
107.000000 595.656061 434.670590 332.655268 267.637395 227.860845 202.921131 152.248104 106.965630 77.024807 576.363753 479.563957 375.499399 320.230284 223.849524 328.568207
107.050000 595.929397 434.873115 332.812835 267.766251 227.972102 203.021336 152.325796 107.023101 77.068815 576.628610 479.786242 375.675858 320.382368 223.959004 328.723970
107.100000 596.202728 435.075637 332.970399 267.895104 228.083358 203.121540 152.403486 107.080571 77.112822 576.893461 480.008523 375.852314 320.534450 224.068483 328.879731
107.150000 596.476053 435.278154 333.127960 268.023955 228.194611 203.221742 152.481176 107.138040 77.156828 577.158307 480.230800 376.028767 320.686528 224.177959 329.035489
107.200000 596.749372 435.480667 333.285518 268.152803 228.305862 203.321942 152.558864 107.195508 77.200834 577.423147 480.453072 376.205216 320.838604 224.287434 329.191243
107.250000 597.022686 435.683176 333.443072 268.281649 228.417111 203.422140 152.636551 107.252975 77.244840 577.687982 480.675339 376.381662 320.990677 224.396907 329.346995
107.300000 597.295994 435.885681 333.600624 268.410492 228.528358 203.522337 152.714236 107.310442 77.288844 577.952811 480.897602 376.558104 321.142746 224.506377 329.502744
107.350000 597.569297 436.088182 333.758173 268.539333 228.639603 203.622531 152.791921 107.367908 77.332849 578.217635 481.119861 376.734542 321.294813 224.615846 329.658489
107.400000 597.842593 436.290679 333.915718 268.668172 228.750845 203.722724 152.869604 107.425373 77.376853 578.482454 481.342115 376.910977 321.446877 224.725313 329.814232
107.450000 598.115885 436.493172 334.073261 268.797008 228.862086 203.822915 152.947285 107.482837 77.420856 578.747267 481.564364 377.087409 321.598938 224.834777 329.969971
107.500000 598.389170 436.695661 334.230800 268.925841 228.973325 203.923105 153.024966 107.540300 77.464859 579.012074 481.786609 377.263837 321.750996 224.944240 330.125708
107.550000 598.662450 436.898145 334.388336 269.054673 229.084562 204.023292 153.102645 107.597763 77.508861 579.276877 482.008850 377.440262 321.903051 225.053701 330.281442
107.600000 598.935724 437.100626 334.545870 269.183502 229.195797 204.123478 153.180323 107.655224 77.552862 579.541673 482.231086 377.616683 322.055103 225.163159 330.437172
107.650000 599.208993 437.303103 334.703400 269.312328 229.307029 204.223662 153.258000 107.712685 77.596864 579.806465 482.453317 377.793101 322.207152 225.272616 330.592900
107.700000 599.482256 437.505575 334.860927 269.441152 229.418260 204.323845 153.335675 107.770145 77.640864 580.071250 482.675544 377.969515 322.359198 225.382071 330.748624
107.750000 599.755514 437.708044 335.018451 269.569974 229.529489 204.424025 153.413349 107.827604 77.684864 580.336031 482.897767 378.145926 322.511242 225.491523 330.904345
107.800000 600.028765 437.910508 335.175972 269.698793 229.640716 204.524204 153.491022 107.885063 77.728864 580.600806 483.119985 378.322333 322.663282 225.600974 331.060064
107.850000 600.302012 438.112969 335.333490 269.827610 229.751940 204.624381 153.568693 107.942520 77.772863 580.865575 483.342199 378.498737 322.815320 225.710423 331.215779
107.900000 600.575252 438.315425 335.491005 269.956424 229.863163 204.724556 153.646364 107.999977 77.816861 581.130340 483.564408 378.675137 322.967354 225.819870 331.371492
107.950000 600.848487 438.517878 335.648517 270.085236 229.974384 204.824729 153.724032 108.057433 77.860859 581.395098 483.786612 378.851534 323.119386 225.929315 331.527201
108.000000 601.121717 438.720326 335.806026 270.214046 230.085602 204.924901 153.801700 108.114888 77.904857 581.659852 484.008812 379.027928 323.271414 226.038757 331.682908
108.050000 601.394940 438.922770 335.963532 270.342853 230.196819 205.025071 153.879367 108.172342 77.948854 581.924599 484.231008 379.204318 323.423440 226.148198 331.838611
108.100000 601.668159 439.125211 336.121035 270.471658 230.308033 205.125239 153.957032 108.229795 77.992850 582.189342 484.453199 379.380704 323.575463 226.257637 331.994312
108.150000 601.941371 439.327647 336.278535 270.600460 230.419246 205.225405 154.034696 108.287248 78.036846 582.454079 484.675386 379.557087 323.727483 226.367074 332.150009
108.200000 602.214578 439.530079 336.436031 270.729260 230.530457 205.325570 154.112358 108.344699 78.080841 582.718811 484.897568 379.733467 323.879500 226.476509 332.305704
108.250000 602.487780 439.732507 336.593525 270.858058 230.641665 205.425732 154.190019 108.402150 78.124836 582.983537 485.119746 379.909843 324.031514 226.585942 332.461395
108.300000 602.760976 439.934932 336.751016 270.986853 230.752872 205.525893 154.267680 108.459600 78.168830 583.248258 485.341920 380.086216 324.183525 226.695373 332.617084
108.350000 603.034166 440.137352 336.908504 271.115646 230.864076 205.626053 154.345338 108.517050 78.212824 583.512973 485.564089 380.262585 324.335534 226.804802 332.772769
108.400000 603.307350 440.339768 337.065988 271.244436 230.975279 205.726210 154.422996 108.574498 78.256817 583.777684 485.786253 380.438951 324.487539 226.914229 332.928452
108.450000 603.580530 440.542180 337.223470 271.373224 231.086479 205.826366 154.500652 108.631946 78.300810 584.042388 486.008413 380.615314 324.639542 227.023654 333.084131
108.500000 603.853703 440.744588 337.380948 271.502010 231.197678 205.926520 154.578307 108.689392 78.344802 584.307088 486.230569 380.791673 324.791541 227.133077 333.239808
108.550000 604.126871 440.946992 337.538424 271.630793 231.308874 206.026672 154.655961 108.746838 78.388794 584.571782 486.452720 380.968028 324.943538 227.242498 333.395481
108.600000 604.400034 441.149392 337.695897 271.759574 231.420069 206.126822 154.733613 108.804283 78.432785 584.836470 486.674866 381.144380 325.095532 227.351918 333.551152
108.650000 604.673190 441.351788 337.853366 271.888352 231.531261 206.226971 154.811264 108.861728 78.476775 585.101153 486.897009 381.320729 325.247522 227.461335 333.706819
108.700000 604.946342 441.554180 338.010833 272.017128 231.642452 206.327118 154.888914 108.919171 78.520765 585.365831 487.119146 381.497074 325.399510 227.570750 333.862484
108.750000 605.219487 441.756568 338.168296 272.145902 231.753640 206.427263 154.966563 108.976614 78.564755 585.630504 487.341280 381.673416 325.551495 227.680163 334.018146
108.800000 605.492628 441.958953 338.325757 272.274673 231.864827 206.527406 155.044210 109.034056 78.608744 585.895171 487.563409 381.849754 325.703478 227.789575 334.173804
108.850000 605.765762 442.161333 338.483214 272.403442 231.976011 206.627548 155.121856 109.091497 78.652732 586.159832 487.785533 382.026089 325.855457 227.898984 334.329460
108.900000 606.038891 442.363709 338.640668 272.532209 232.087194 206.727688 155.199501 109.148937 78.696720 586.424489 488.007653 382.202421 326.007433 228.008391 334.485113
108.950000 606.312015 442.566081 338.798120 272.660973 232.198374 206.827826 155.277145 109.206376 78.740708 586.689140 488.229769 382.378749 326.159407 228.117797 334.640762
109.000000 606.585133 442.768449 338.955568 272.789734 232.309553 206.927962 155.354787 109.263815 78.784695 586.953786 488.451880 382.555074 326.311378 228.227200 334.796409
109.050000 606.858245 442.970813 339.113014 272.918494 232.420729 207.028097 155.432428 109.321252 78.828681 587.218426 488.673987 382.731395 326.463345 228.336602 334.952053
109.100000 607.131352 443.173173 339.270456 273.047251 232.531904 207.128230 155.510068 109.378689 78.872667 587.483061 488.896089 382.907713 326.615310 228.446001 335.107694
109.150000 607.404454 443.375529 339.427896 273.176005 232.643076 207.228361 155.587706 109.436125 78.916652 587.747690 489.118187 383.084027 326.767272 228.555399 335.263332
109.200000 607.677550 443.577881 339.585332 273.304758 232.754247 207.328490 155.665344 109.493560 78.960637 588.012315 489.340281 383.260338 326.919231 228.664795 335.418966
109.250000 607.950640 443.780230 339.742765 273.433507 232.865415 207.428618 155.742980 109.550995 79.004621 588.276934 489.562370 383.436646 327.071187 228.774188 335.574598
109.300000 608.223725 443.982574 339.900196 273.562255 232.976582 207.528744 155.820614 109.608429 79.048605 588.541547 489.784455 383.612950 327.223141 228.883580 335.730227
