web/models/kne/22/Metzger_0.002357_0.321724_0.100000.dat
# %ECSV 0.9
# ---
# datatype:
# - {name: time, datatype: float64}
# - {name: sdss_u, datatype: float64}
# - {name: sdss_g, datatype: float64}
# - {name: sdss_r, datatype: float64}
# - {name: sdss_i, datatype: float64}
# - {name: sdss_z, datatype: float64}
# - {name: PS1_y, datatype: float64}
# - {name: ukirt_J, datatype: float64}
# - {name: ukirt_H, datatype: float64}
# - {name: ukirt_K, datatype: float64}
# - {name: johnson_U, datatype: float64}
# - {name: johnson_B, datatype: float64}
# - {name: johnson_V, datatype: float64}
# - {name: johnson_R, datatype: float64}
# - {name: johnson_I, datatype: float64}
# - {name: Clear, datatype: float64}
# meta: !!omap
# - comment: [vej = 0.3217241379310345, mej = 0.0023565232270507863, Ye = 0.1, redshift = 0.0]
# schema: astropy-2.0
time sdss_u sdss_g sdss_r sdss_i sdss_z PS1_y ukirt_J ukirt_H ukirt_K johnson_U johnson_B johnson_V johnson_R johnson_I Clear
[from data line 961]
48.150000 480.860518 349.893424 266.936997 214.090560 181.774375 161.519716 120.390648 83.680408 59.446966 465.162932 386.410012 301.772154 256.836185 178.516168 263.614363
48.200000 481.348134 350.254602 267.217900 214.320197 181.972588 161.698196 120.528929 83.782583 59.525102 465.635407 386.806474 302.086791 257.107298 178.711210 263.892046
48.250000 481.835722 350.615760 267.498787 214.549822 182.170792 161.876668 120.667204 83.884754 59.603235 466.107854 387.202913 302.401410 257.378397 178.906241 264.169714
48.300000 482.323280 350.976898 267.779659 214.779434 182.368985 162.055130 120.805472 83.986921 59.681365 466.580274 387.599329 302.716011 257.649480 179.101262 264.447366
48.350000 482.810810 351.338015 268.060515 215.009034 182.567168 162.233583 120.943734 84.089083 59.759493 467.052666 387.995722 303.030594 257.920549 179.296274 264.725003
48.400000 483.298312 351.699111 268.341355 215.238621 182.765340 162.412027 121.081989 84.191241 59.837617 467.525030 388.392092 303.345160 258.191602 179.491275 265.002625
48.450000 483.785785 352.060186 268.622180 215.468196 182.963502 162.590462 121.220237 84.293395 59.915739 467.997367 388.788439 303.659708 258.462641 179.686266 265.280231
48.500000 484.273229 352.421242 268.902990 215.697759 183.161654 162.768888 121.358480 84.395545 59.993859 468.469676 389.184764 303.974239 258.733665 179.881247 265.557822
48.550000 484.760645 352.782276 269.183784 215.927310 183.359796 162.947305 121.496715 84.497690 60.071975 468.941958 389.581066 304.288752 259.004674 180.076218 265.835398
48.600000 485.248033 353.143290 269.464563 216.156849 183.557927 163.125713 121.634944 84.599831 60.150089 469.414212 389.977345 304.603247 259.275668 180.271179 266.112959
48.650000 485.735392 353.504284 269.745326 216.386375 183.756049 163.304112 121.773167 84.701968 60.228200 469.886439 390.373602 304.917725 259.546648 180.466130 266.390504
48.700000 486.222723 353.865257 270.026074 216.615889 183.954159 163.482502 121.911383 84.804100 60.306308 470.358639 390.769836 305.232186 259.817612 180.661070 266.668034
48.750000 486.710025 354.226210 270.306806 216.845391 184.152260 163.660882 122.049592 84.906229 60.384414 470.830811 391.166048 305.546628 260.088562 180.856001 266.945549
48.800000 487.197300 354.587143 270.587524 217.074881 184.350351 163.839254 122.187796 85.008353 60.462517 471.302956 391.562236 305.861054 260.359497 181.050922 267.223049
48.850000 487.684546 354.948055 270.868225 217.304358 184.548431 164.017617 122.325992 85.110473 60.540617 471.775073 391.958403 306.175462 260.630418 181.245833 267.500533
48.900000 488.171764 355.308947 271.148912 217.533824 184.746501 164.195971 122.464182 85.212589 60.618714 472.247164 392.354547 306.489852 260.901323 181.440733 267.778003
48.950000 488.658954 355.669819 271.429583 217.763277 184.944561 164.374316 122.602366 85.314700 60.696809 472.719227 392.750668 306.804226 261.172214 181.635624 268.055457
49.000000 489.146116 356.030670 271.710239 217.992719 185.142611 164.552653 122.740544 85.416808 60.774901 473.191263 393.146767 307.118582 261.443091 181.830505 268.332897
49.050000 489.633250 356.391501 271.990880 218.222148 185.340650 164.730980 122.878714 85.518911 60.852990 473.663272 393.542843 307.432920 261.713952 182.025376 268.610321
49.100000 490.120355 356.752312 272.271505 218.451565 185.538680 164.909298 123.016879 85.621010 60.931077 474.135254 393.938898 307.747241 261.984799 182.220237 268.887730
49.150000 490.607433 357.113103 272.552115 218.680970 185.736699 165.087607 123.155037 85.723104 61.009160 474.607209 394.334929 308.061545 262.255632 182.415088 269.165125
49.200000 491.094483 357.473873 272.832710 218.910363 185.934708 165.265908 123.293189 85.825195 61.087241 475.079137 394.730939 308.375832 262.526450 182.609929 269.442504
49.250000 491.581505 357.834624 273.113290 219.139744 186.132708 165.444200 123.431334 85.927281 61.165320 475.551037 395.126926 308.690101 262.797253 182.804760 269.719868
49.300000 492.068499 358.195354 273.393855 219.369113 186.330697 165.622482 123.569473 86.029363 61.243396 476.022911 395.522891 309.004353 263.068042 182.999582 269.997217
49.350000 492.555466 358.556065 273.674404 219.598470 186.528676 165.800756 123.707605 86.131442 61.321469 476.494759 395.918834 309.318588 263.338816 183.194393 270.274552
49.400000 493.042404 358.916755 273.954939 219.827815 186.726645 165.979021 123.845731 86.233515 61.399539 476.966579 396.314754 309.632806 263.609575 183.389195 270.551871
49.450000 493.529315 359.277426 274.235458 220.057148 186.924604 166.157278 123.983851 86.335585 61.477607 477.438372 396.710653 309.947006 263.880321 183.583987 270.829176
49.500000 494.016198 359.638076 274.515962 220.286469 187.122553 166.335525 124.121964 86.437651 61.555672 477.910139 397.106529 310.261190 264.151051 183.778769 271.106466
49.550000 494.503054 359.998706 274.796451 220.515779 187.320492 166.513764 124.260071 86.539712 61.633734 478.381879 397.502383 310.575356 264.421767 183.973541 271.383740
49.600000 494.989881 360.359317 275.076925 220.745076 187.518421 166.691994 124.398172 86.641769 61.711793 478.853592 397.898215 310.889505 264.692469 184.168303 271.661000
49.650000 495.476682 360.719907 275.357385 220.974361 187.716340 166.870215 124.536266 86.743822 61.789850 479.325279 398.294025 311.203637 264.963157 184.363056 271.938246
49.700000 495.963454 361.080478 275.637829 221.203635 187.914249 167.048427 124.674354 86.845871 61.867905 479.796938 398.689813 311.517753 265.233830 184.557798 272.215476
49.750000 496.450199 361.441029 275.918258 221.432896 188.112148 167.226630 124.812436 86.947916 61.945956 480.268572 399.085579 311.831851 265.504488 184.752531 272.492691
49.800000 496.936917 361.801560 276.198672 221.662146 188.310037 167.404825 124.950511 87.049957 62.024005 480.740179 399.481323 312.145932 265.775132 184.947255 272.769892
49.850000 497.423607 362.162071 276.479071 221.891384 188.507916 167.583011 125.088580 87.151993 62.102051 481.211759 399.877046 312.459996 266.045762 185.141968 273.047078
49.900000 497.910270 362.522563 276.759456 222.120610 188.705785 167.761188 125.226643 87.254026 62.180095 481.683313 400.272746 312.774043 266.316378 185.336672 273.324250
49.950000 498.396906 362.883035 277.039825 222.349825 188.903644 167.939357 125.364699 87.356054 62.258136 482.154840 400.668424 313.088073 266.586979 185.531366 273.601406
50.000000 498.883514 363.243487 277.320180 222.579027 189.101494 168.117517 125.502749 87.458078 62.336174 482.626341 401.064081 313.402087 266.857566 185.726050 273.878548
50.050000 499.370095 363.603919 277.600519 222.808218 189.299333 168.295668 125.640793 87.560098 62.414209 483.097815 401.459715 313.716083 267.128139 185.920725 274.155676
50.100000 499.856648 363.964332 277.880844 223.037397 189.497163 168.473810 125.778831 87.662114 62.492242 483.569263 401.855328 314.030063 267.398697 186.115390 274.432788
50.150000 500.343175 364.324725 278.161154 223.266564 189.694983 168.651944 125.916862 87.764126 62.570272 484.040685 402.250920 314.344025 267.669241 186.310045 274.709886
50.200000 500.829674 364.685098 278.441450 223.495720 189.892792 168.830069 126.054887 87.866134 62.648300 484.512081 402.646489 314.657971 267.939771 186.504691 274.986970
50.250000 501.316146 365.045452 278.721730 223.724864 190.090593 169.008186 126.192906 87.968138 62.726325 484.983450 403.042037 314.971900 268.210287 186.699327 275.264039
50.300000 501.802591 365.405786 279.001996 223.953996 190.288383 169.186293 126.330918 88.070137 62.804347 485.454793 403.437563 315.285813 268.480789 186.893953 275.541093
50.350000 502.289009 365.766101 279.282247 224.183116 190.486163 169.364393 126.468925 88.172133 62.882367 485.926110 403.833068 315.599708 268.751276 187.088570 275.818133
50.400000 502.775400 366.126397 279.562483 224.412225 190.683934 169.542483 126.606925 88.274124 62.960384 486.397401 404.228550 315.913587 269.021749 187.283177 276.095158
50.450000 503.261764 366.486672 279.842705 224.641322 190.881695 169.720565 126.744919 88.376112 63.038398 486.868666 404.624012 316.227449 269.292208 187.477774 276.372168
50.500000 503.748100 366.846929 280.122911 224.870407 191.079446 169.898638 126.882906 88.478095 63.116410 487.339904 405.019451 316.541295 269.562654 187.672362 276.649165
50.550000 504.234410 367.207166 280.403104 225.099481 191.277187 170.076703 127.020888 88.580074 63.194419 487.811117 405.414870 316.855123 269.833085 187.866941 276.926146
50.600000 504.720693 367.567383 280.683281 225.328543 191.474919 170.254759 127.158863 88.682049 63.272425 488.282304 405.810266 317.168936 270.103501 188.061509 277.203114
50.650000 505.206950 367.927581 280.963444 225.557594 191.672641 170.432807 127.296832 88.784020 63.350429 488.753464 406.205642 317.482731 270.373904 188.256069 277.480066
50.700000 505.693179 368.287760 281.243592 225.786633 191.870353 170.610846 127.434795 88.885987 63.428430 489.224599 406.600995 317.796510 270.644293 188.450618 277.757005
50.750000 506.179382 368.647919 281.523726 226.015661 192.068055 170.788876 127.572752 88.987950 63.506428 489.695708 406.996328 318.110272 270.914668 188.645159 278.033929
50.800000 506.665557 369.008060 281.803845 226.244676 192.265748 170.966898 127.710702 89.089909 63.584424 490.166791 407.391639 318.424018 271.185029 188.839689 278.310838
50.850000 507.151707 369.368180 282.083950 226.473681 192.463431 171.144912 127.848646 89.191864 63.662417 490.637848 407.786929 318.737747 271.455376 189.034210 278.587733
50.900000 507.637829 369.728282 282.364040 226.702674 192.661104 171.322917 127.986585 89.293815 63.740408 491.108879 408.182197 319.051460 271.725708 189.228722 278.864614
50.950000 508.123925 370.088364 282.644115 226.931655 192.858768 171.500913 128.124517 89.395762 63.818396 491.579885 408.577444 319.365156 271.996027 189.423224 279.141481
51.000000 508.609994 370.448428 282.924176 227.160625 193.056422 171.678901 128.262443 89.497705 63.896381 492.050865 408.972670 319.678836 272.266332 189.617717 279.418333
51.050000 509.096037 370.808472 283.204223 227.389583 193.254066 171.856880 128.400362 89.599644 63.974364 492.521819 409.367874 319.992499 272.536623 189.812200 279.695171
51.100000 509.582053 371.168496 283.484255 227.618530 193.451701 172.034851 128.538276 89.701579 64.052344 492.992747 409.763058 320.306146 272.806901 190.006674 279.971995
51.150000 510.068042 371.528502 283.764273 227.847466 193.649326 172.212814 128.676183 89.803509 64.130322 493.463650 410.158220 320.619776 273.077164 190.201138 280.248804
51.200000 510.554005 371.888489 284.044276 228.076390 193.846942 172.390768 128.814085 89.905436 64.208297 493.934528 410.553361 320.933390 273.347414 190.395593 280.525599
51.250000 511.039942 372.248456 284.324265 228.305302 194.044548 172.568713 128.951980 90.007359 64.286269 494.405379 410.948481 321.246988 273.617649 190.590039 280.802380
51.300000 511.525852 372.608405 284.604239 228.534203 194.242144 172.746650 129.089869 90.109278 64.364239 494.876206 411.343579 321.560569 273.887871 190.784475 281.079147
51.350000 512.011736 372.968334 284.884199 228.763093 194.439731 172.924579 129.227752 90.211192 64.442206 495.347006 411.738657 321.874134 274.158079 190.978902 281.355900
51.400000 512.497594 373.328245 285.164145 228.991972 194.637308 173.102499 129.365629 90.313103 64.520170 495.817782 412.133714 322.187683 274.428273 191.173319 281.632638
51.450000 512.983425 373.688136 285.444076 229.220839 194.834875 173.280411 129.503500 90.415010 64.598132 496.288532 412.528749 322.501215 274.698454 191.367727 281.909362
51.500000 513.469230 374.048009 285.723993 229.449694 195.032434 173.458315 129.641365 90.516913 64.676092 496.759256 412.923764 322.814731 274.968620 191.562126 282.186072
51.550000 513.955009 374.407862 286.003896 229.678539 195.229982 173.636210 129.779224 90.618812 64.754048 497.229955 413.318758 323.128231 275.238773 191.756515 282.462768
51.600000 514.440761 374.767697 286.283784 229.907372 195.427521 173.814096 129.917077 90.720706 64.832002 497.700629 413.713730 323.441715 275.508913 191.950895 282.739450
51.650000 514.926487 375.127513 286.563659 230.136193 195.625051 173.991975 130.054923 90.822597 64.909954 498.171277 414.108682 323.755182 275.779038 192.145266 283.016118
51.700000 515.412188 375.487310 286.843518 230.365004 195.822571 174.169845 130.192764 90.924484 64.987903 498.641901 414.503613 324.068634 276.049150 192.339627 283.292772
51.750000 515.897862 375.847088 287.123364 230.593803 196.020082 174.347706 130.330599 91.026367 65.065849 499.112499 414.898523 324.382069 276.319248 192.533979 283.569412
51.800000 516.383510 376.206847 287.403196 230.822591 196.217583 174.525560 130.468427 91.128246 65.143793 499.583072 415.293412 324.695488 276.589333 192.728322 283.846037
51.850000 516.869132 376.566588 287.683013 231.051367 196.415074 174.703405 130.606250 91.230121 65.221734 500.053619 415.688280 325.008891 276.859404 192.922656 284.122649
51.900000 517.354728 376.926309 287.962816 231.280133 196.612557 174.881241 130.744066 91.331992 65.299673 500.524142 416.083128 325.322277 277.129461 193.116980 284.399247
51.950000 517.840298 377.286012 288.242605 231.508887 196.810029 175.059070 130.881877 91.433859 65.377609 500.994639 416.477955 325.635648 277.399505 193.311295 284.675831
52.000000 518.325843 377.645697 288.522380 231.737630 197.007493 175.236890 131.019681 91.535722 65.455542 501.465112 416.872761 325.949002 277.669535 193.505601 284.952400
52.050000 518.811361 378.005362 288.802141 231.966361 197.204947 175.414702 131.157480 91.637582 65.533473 501.935559 417.267546 326.262341 277.939552 193.699897 285.228956
52.100000 519.296853 378.365009 289.081887 232.195082 197.402391 175.592505 131.295272 91.739437 65.611402 502.405981 417.662311 326.575664 278.209555 193.894184 285.505498
52.150000 519.782320 378.724637 289.361620 232.423791 197.599827 175.770300 131.433059 91.841288 65.689327 502.876379 418.057055 326.888970 278.479544 194.088462 285.782026
52.200000 520.267761 379.084247 289.641338 232.652490 197.797252 175.948087 131.570839 91.943136 65.767251 503.346751 418.451779 327.202261 278.749520 194.282731 286.058540
52.250000 520.753176 379.443838 289.921043 232.881177 197.994669 176.125866 131.708614 92.044979 65.845171 503.817099 418.846482 327.515535 279.019483 194.476991 286.335041
52.300000 521.238565 379.803411 290.200733 233.109853 198.192076 176.303636 131.846382 92.146819 65.923089 504.287421 419.241164 327.828794 279.289432 194.671242 286.611527
52.350000 521.723929 380.162965 290.480410 233.338517 198.389474 176.481399 131.984145 92.248654 66.001005 504.757719 419.635826 328.142037 279.559367 194.865483 286.888000
52.400000 522.209267 380.522500 290.760072 233.567171 198.586862 176.659153 132.121902 92.350486 66.078918 505.227992 420.030467 328.455263 279.829290 195.059715 287.164458
52.450000 522.694579 380.882017 291.039721 233.795814 198.784241 176.836899 132.259653 92.452314 66.156828 505.698241 420.425088 328.768474 280.099198 195.253938 287.440903
52.500000 523.179866 381.241515 291.319355 234.024445 198.981611 177.014636 132.397398 92.554138 66.234736 506.168464 420.819688 329.081669 280.369094 195.448152 287.717335
52.550000 523.665127 381.600995 291.598975 234.253066 199.178971 177.192366 132.535136 92.655958 66.312641 506.638663 421.214268 329.394849 280.638975 195.642357 287.993752
52.600000 524.150363 381.960457 291.878582 234.481675 199.376323 177.370087 132.672869 92.757774 66.390544 507.108837 421.608827 329.708012 280.908844 195.836553 288.270156
52.650000 524.635573 382.319900 292.158175 234.710274 199.573665 177.547800 132.810596 92.859586 66.468444 507.578986 422.003366 330.021160 281.178699 196.030739 288.546546
