web/models/kne/22/Metzger_0.038208_0.273103_0.100000.dat
# %ECSV 0.9
# ---
# datatype:
# - {name: time, datatype: float64}
# - {name: sdss_u, datatype: float64}
# - {name: sdss_g, datatype: float64}
# - {name: sdss_r, datatype: float64}
# - {name: sdss_i, datatype: float64}
# - {name: sdss_z, datatype: float64}
# - {name: PS1_y, datatype: float64}
# - {name: ukirt_J, datatype: float64}
# - {name: ukirt_H, datatype: float64}
# - {name: ukirt_K, datatype: float64}
# - {name: johnson_U, datatype: float64}
# - {name: johnson_B, datatype: float64}
# - {name: johnson_V, datatype: float64}
# - {name: johnson_R, datatype: float64}
# - {name: johnson_I, datatype: float64}
# - {name: Clear, datatype: float64}
# meta: !!omap
# - comment: [vej = 0.2731034482758621, mej = 0.038208046189546235, Ye = 0.1, redshift = 0.0]
# schema: astropy-2.0
time sdss_u sdss_g sdss_r sdss_i sdss_z PS1_y ukirt_J ukirt_H ukirt_K johnson_U johnson_B johnson_V johnson_R johnson_I Clear
[from data line 1840]
92.100000 394.565301 285.597917 216.609274 172.682976 145.834303 129.013204 94.878662 64.450797 44.400150 381.502195 315.975376 245.574857 208.211789 143.128035 213.846870
92.150000 394.781562 285.758056 216.733780 172.784727 145.922106 129.092248 94.939863 64.495971 44.434655 381.711736 316.151176 245.714337 208.331950 143.214430 213.969947
92.200000 394.997816 285.918190 216.858284 172.886475 146.009907 129.171290 95.001063 64.541145 44.469158 381.921270 316.326971 245.853813 208.452108 143.300824 214.093022
92.250000 395.214065 286.078320 216.982784 172.988221 146.097706 129.250331 95.062261 64.586318 44.503661 382.130798 316.502761 245.993286 208.572263 143.387215 214.216093
92.300000 395.430307 286.238445 217.107280 173.089964 146.185503 129.329369 95.123458 64.631490 44.538164 382.340320 316.678546 246.132754 208.692415 143.473604 214.339160
92.350000 395.646542 286.398566 217.231774 173.191705 146.273298 129.408406 95.184654 64.676661 44.572666 382.549836 316.854327 246.272219 208.812564 143.559990 214.462224
92.400000 395.862772 286.558683 217.356264 173.293443 146.361090 129.487441 95.245848 64.721831 44.607167 382.759346 317.030102 246.411680 208.932709 143.646375 214.585286
92.450000 396.078995 286.718795 217.480750 173.395179 146.448881 129.566473 95.307041 64.767001 44.641669 382.968850 317.205872 246.551137 209.052851 143.732758 214.708343
92.500000 396.295212 286.878903 217.605233 173.496911 146.536669 129.645504 95.368233 64.812170 44.676169 383.178348 317.381637 246.690591 209.172990 143.819138 214.831398
92.550000 396.511423 287.039006 217.729713 173.598642 146.624455 129.724533 95.429423 64.857337 44.710669 383.387839 317.557398 246.830040 209.293126 143.905516 214.954449
92.600000 396.727628 287.199105 217.854190 173.700369 146.712238 129.803561 95.490612 64.902504 44.745169 383.597325 317.733153 246.969486 209.413259 143.991892 215.077497
92.650000 396.943826 287.359199 217.978663 173.802094 146.800020 129.882586 95.551800 64.947671 44.779668 383.806805 317.908903 247.108928 209.533388 144.078266 215.200541
92.700000 397.160019 287.519289 218.103133 173.903817 146.887799 129.961609 95.612986 64.992836 44.814167 384.016279 318.084649 247.248367 209.653515 144.164638 215.323583
92.750000 397.376205 287.679374 218.227600 174.005536 146.975577 130.040631 95.674171 65.038001 44.848665 384.225747 318.260389 247.387801 209.773638 144.251008 215.446621
92.800000 397.592385 287.839455 218.352064 174.107254 147.063352 130.119650 95.735355 65.083164 44.883163 384.435209 318.436125 247.527232 209.893758 144.337376 215.569656
92.850000 397.808558 287.999532 218.476524 174.208968 147.151125 130.198668 95.796537 65.128327 44.917660 384.644665 318.611856 247.666659 210.013874 144.423741 215.692687
92.900000 398.024726 288.159604 218.600980 174.310680 147.238896 130.277684 95.857718 65.173489 44.952157 384.854115 318.787582 247.806082 210.133988 144.510105 215.815715
92.950000 398.240887 288.319672 218.725434 174.412389 147.326664 130.356698 95.918898 65.218651 44.986653 385.063559 318.963303 247.945501 210.254098 144.596466 215.938740
93.000000 398.457042 288.479735 218.849884 174.514096 147.414431 130.435710 95.980076 65.263811 45.021148 385.272997 319.139019 248.084917 210.374206 144.682826 216.061762
93.050000 398.673191 288.639794 218.974331 174.615801 147.502195 130.514720 96.041253 65.308971 45.055644 385.482430 319.314730 248.224329 210.494310 144.769183 216.184781
93.100000 398.889334 288.799848 219.098774 174.717502 147.589957 130.593728 96.102429 65.354130 45.090138 385.691856 319.490436 248.363737 210.614411 144.855538 216.307796
93.150000 399.105471 288.959898 219.223215 174.819201 147.677717 130.672735 96.163604 65.399288 45.124633 385.901276 319.666137 248.503141 210.734508 144.941891 216.430808
93.200000 399.321601 289.119944 219.347652 174.920898 147.765475 130.751739 96.224777 65.444445 45.159127 386.110690 319.841834 248.642541 210.854603 145.028241 216.553817
93.250000 399.537726 289.279985 219.472085 175.022592 147.853231 130.830742 96.285949 65.489601 45.193620 386.320099 320.017525 248.781938 210.974694 145.114590 216.676822
93.300000 399.753844 289.440022 219.596516 175.124283 147.940985 130.909743 96.347119 65.534757 45.228113 386.529501 320.193212 248.921331 211.094783 145.200937 216.799825
93.350000 399.969956 289.600055 219.720943 175.225972 148.028736 130.988742 96.408288 65.579911 45.262605 386.738898 320.368894 249.060721 211.214868 145.287281 216.922824
93.400000 400.186062 289.760083 219.845367 175.327658 148.116485 131.067739 96.469456 65.625065 45.297097 386.948288 320.544571 249.200106 211.334950 145.373624 217.045819
93.450000 400.402162 289.920106 219.969787 175.429341 148.204233 131.146734 96.530623 65.670218 45.331588 387.157673 320.720243 249.339488 211.455029 145.459964 217.168812
93.500000 400.618255 290.080126 220.094205 175.531022 148.291978 131.225728 96.591788 65.715371 45.366079 387.367052 320.895910 249.478866 211.575105 145.546302 217.291801
93.550000 400.834343 290.240141 220.218619 175.632701 148.379721 131.304719 96.652952 65.760522 45.400569 387.576425 321.071572 249.618240 211.695177 145.632638 217.414787
93.600000 401.050425 290.400151 220.343029 175.734377 148.467461 131.383709 96.714114 65.805673 45.435059 387.785792 321.247230 249.757611 211.815247 145.718972 217.537770
93.650000 401.266500 290.560158 220.467437 175.836050 148.555200 131.462696 96.775276 65.850823 45.469549 387.995153 321.422882 249.896978 211.935313 145.805304 217.660750
93.700000 401.482569 290.720159 220.591841 175.937721 148.642937 131.541682 96.836436 65.895972 45.504038 388.204508 321.598530 250.036341 212.055376 145.891634 217.783726
93.750000 401.698632 290.880157 220.716242 176.039389 148.730671 131.620666 96.897594 65.941120 45.538526 388.413857 321.774173 250.175700 212.175436 145.977962 217.906700
93.800000 401.914690 291.040150 220.840640 176.141055 148.818403 131.699649 96.958752 65.986267 45.573014 388.623201 321.949811 250.315056 212.295493 146.064288 218.029670
93.850000 402.130741 291.200139 220.965034 176.242718 148.906133 131.778629 97.019908 66.031414 45.607502 388.832538 322.125444 250.454408 212.415547 146.150611 218.152636
93.900000 402.346786 291.360123 221.089425 176.344378 148.993861 131.857607 97.081062 66.076560 45.641989 389.041870 322.301073 250.593756 212.535598 146.236933 218.275600
93.950000 402.562825 291.520103 221.213813 176.446036 149.081587 131.936584 97.142216 66.121704 45.676475 389.251196 322.476696 250.733101 212.655645 146.323252 218.398560
94.000000 402.778857 291.680079 221.338198 176.547692 149.169311 132.015559 97.203368 66.166849 45.710961 389.460516 322.652315 250.872442 212.775690 146.409570 218.521518
94.050000 402.994884 291.840051 221.462579 176.649345 149.257033 132.094532 97.264519 66.211992 45.745447 389.669830 322.827929 251.011779 212.895731 146.495885 218.644472
94.100000 403.210905 292.000018 221.586958 176.750995 149.344752 132.173503 97.325669 66.257135 45.779932 389.879138 323.003538 251.151112 213.015769 146.582198 218.767422
94.150000 403.426920 292.159981 221.711333 176.852643 149.432470 132.252472 97.386817 66.302276 45.814417 390.088441 323.179142 251.290442 213.135805 146.668510 218.890370
94.200000 403.642928 292.319939 221.835704 176.954288 149.520185 132.331440 97.447964 66.347417 45.848901 390.297737 323.354742 251.429768 213.255837 146.754819 219.013314
94.250000 403.858931 292.479893 221.960073 177.055931 149.607898 132.410405 97.509109 66.392557 45.883384 390.507028 323.530337 251.569091 213.375866 146.841126 219.136256
94.300000 404.074927 292.639843 222.084438 177.157571 149.695609 132.489369 97.570254 66.437697 45.917867 390.716313 323.705926 251.708409 213.495891 146.927431 219.259194
94.350000 404.290918 292.799788 222.208800 177.259209 149.783318 132.568331 97.631397 66.482835 45.952350 390.925592 323.881512 251.847724 213.615914 147.013734 219.382128
94.400000 404.506902 292.959729 222.333159 177.360844 149.871025 132.647291 97.692539 66.527973 45.986832 391.134865 324.057092 251.987036 213.735934 147.100034 219.505060
94.450000 404.722881 293.119666 222.457515 177.462477 149.958730 132.726249 97.753679 66.573110 46.021314 391.344132 324.232667 252.126343 213.855950 147.186333 219.627989
94.500000 404.938853 293.279599 222.581867 177.564107 150.046433 132.805205 97.814818 66.618246 46.055795 391.553394 324.408238 252.265647 213.975964 147.272630 219.750914
94.550000 405.154820 293.439527 222.706216 177.665734 150.134133 132.884160 97.875956 66.663381 46.090276 391.762650 324.583804 252.404947 214.095974 147.358925 219.873836
94.600000 405.370780 293.599451 222.830562 177.767359 150.221832 132.963113 97.937093 66.708516 46.124756 391.971900 324.759365 252.544244 214.215982 147.445217 219.996755
94.650000 405.586734 293.759371 222.954905 177.868982 150.309528 133.042063 97.998228 66.753649 46.159236 392.181144 324.934922 252.683537 214.335986 147.531508 220.119671
94.700000 405.802683 293.919286 223.079244 177.970602 150.397222 133.121012 98.059362 66.798782 46.193716 392.390383 325.110473 252.822826 214.455987 147.617796 220.242583
94.750000 406.018625 294.079197 223.203581 178.072219 150.484915 133.199960 98.120495 66.843914 46.228194 392.599615 325.286020 252.962112 214.575985 147.704083 220.365493
94.800000 406.234562 294.239104 223.327914 178.173834 150.572605 133.278905 98.181626 66.889045 46.262673 392.808842 325.461563 253.101394 214.695980 147.790367 220.488399
94.850000 406.450492 294.399006 223.452244 178.275447 150.660293 133.357849 98.242757 66.934176 46.297151 393.018063 325.637100 253.240672 214.815972 147.876649 220.611302
94.900000 406.666417 294.558905 223.576570 178.377057 150.747979 133.436790 98.303885 66.979306 46.331628 393.227278 325.812633 253.379947 214.935961 147.962930 220.734202
94.950000 406.882335 294.718798 223.700894 178.478664 150.835662 133.515730 98.365013 67.024435 46.366105 393.436488 325.988160 253.519218 215.055947 148.049208 220.857099
95.000000 407.098248 294.878688 223.825214 178.580269 150.923344 133.594668 98.426139 67.069563 46.400582 393.645692 326.163684 253.658485 215.175929 148.135484 220.979993
95.050000 407.314154 295.038574 223.949531 178.681871 151.011024 133.673605 98.487264 67.114690 46.435058 393.854890 326.339202 253.797749 215.295909 148.221758 221.102883
95.100000 407.530055 295.198455 224.073845 178.783471 151.098701 133.752539 98.548388 67.159816 46.469533 394.064082 326.514716 253.937009 215.415886 148.308031 221.225771
95.150000 407.745950 295.358332 224.198156 178.885069 151.186377 133.831472 98.609511 67.204942 46.504008 394.273269 326.690224 254.076265 215.535859 148.394301 221.348655
95.200000 407.961838 295.518204 224.322464 178.986664 151.274050 133.910403 98.670632 67.250067 46.538483 394.482449 326.865729 254.215518 215.655830 148.480569 221.471536
95.250000 408.177721 295.678073 224.446768 179.088256 151.361722 133.989332 98.731752 67.295191 46.572957 394.691624 327.041228 254.354767 215.775797 148.566835 221.594414
95.300000 408.393598 295.837937 224.571069 179.189846 151.449391 134.068259 98.792871 67.340314 46.607430 394.900794 327.216723 254.494013 215.895762 148.653099 221.717289
95.350000 408.609469 295.997796 224.695367 179.291433 151.537058 134.147184 98.853988 67.385437 46.641904 395.109957 327.392213 254.633255 216.015723 148.739361 221.840160
95.400000 408.825334 296.157652 224.819662 179.393018 151.624723 134.226108 98.915104 67.430559 46.676376 395.319115 327.567698 254.772493 216.135681 148.825621 221.963029
95.450000 409.041193 296.317503 224.943954 179.494601 151.712386 134.305029 98.976219 67.475680 46.710849 395.528267 327.743179 254.911728 216.255637 148.911879 222.085894
95.500000 409.257046 296.477351 225.068242 179.596181 151.800047 134.383949 99.037332 67.520800 46.745320 395.737414 327.918655 255.050959 216.375589 148.998134 222.208757
95.550000 409.472893 296.637194 225.192527 179.697758 151.887706 134.462868 99.098445 67.565919 46.779792 395.946554 328.094126 255.190186 216.495538 149.084388 222.331616
95.600000 409.688735 296.797032 225.316810 179.799333 151.975363 134.541784 99.159556 67.611038 46.814262 396.155689 328.269592 255.329410 216.615484 149.170640 222.454472
95.650000 409.904570 296.956867 225.441089 179.900906 152.063018 134.620698 99.220665 67.656155 46.848733 396.364818 328.445054 255.468630 216.735427 149.256890 222.577325
95.700000 410.120400 297.116697 225.565365 180.002476 152.150671 134.699611 99.281774 67.701272 46.883202 396.573942 328.620511 255.607847 216.855368 149.343138 222.700175
95.750000 410.336223 297.276523 225.689637 180.104043 152.238321 134.778522 99.342881 67.746389 46.917672 396.783060 328.795964 255.747060 216.975305 149.429383 222.823021
95.800000 410.552041 297.436345 225.813907 180.205608 152.325970 134.857431 99.403987 67.791504 46.952141 396.992172 328.971412 255.886269 217.095239 149.515627 222.945865
95.850000 410.767853 297.596162 225.938173 180.307171 152.413616 134.936339 99.465092 67.836619 46.986609 397.201279 329.146855 256.025475 217.215170 149.601869 223.068705
95.900000 410.983659 297.755976 226.062436 180.408731 152.501261 135.015244 99.526195 67.881732 47.021077 397.410380 329.322293 256.164677 217.335098 149.688109 223.191543
95.950000 411.199459 297.915785 226.186696 180.510289 152.588903 135.094148 99.587297 67.926845 47.055545 397.619475 329.497727 256.303876 217.455023 149.774346 223.314377
96.000000 411.415253 298.075590 226.310953 180.611844 152.676544 135.173050 99.648398 67.971958 47.090012 397.828564 329.673156 256.443071 217.574945 149.860582 223.437208
96.050000 411.631042 298.235391 226.435207 180.713397 152.764182 135.251950 99.709498 68.017069 47.124478 398.037648 329.848580 256.582262 217.694864 149.946816 223.560036
96.100000 411.846824 298.395187 226.559458 180.814947 152.851818 135.330848 99.770596 68.062180 47.158944 398.246726 330.024000 256.721450 217.814780 150.033047 223.682861
96.150000 412.062601 298.554980 226.683705 180.916495 152.939452 135.409745 99.831693 68.107290 47.193410 398.455799 330.199415 256.860634 217.934693 150.119277 223.805683
96.200000 412.278372 298.714768 226.807950 181.018040 153.027085 135.488640 99.892789 68.152399 47.227875 398.664866 330.374825 256.999815 218.054603 150.205505 223.928502
96.250000 412.494137 298.874552 226.932191 181.119583 153.114715 135.567533 99.953884 68.197507 47.262340 398.873927 330.550231 257.138992 218.174510 150.291730 224.051318
96.300000 412.709896 299.034332 227.056429 181.221124 153.202343 135.646424 100.014977 68.242615 47.296804 399.082982 330.725632 257.278166 218.294413 150.377954 224.174130
96.350000 412.925649 299.194107 227.180664 181.322661 153.289969 135.725314 100.076069 68.287721 47.331268 399.292032 330.901029 257.417336 218.414314 150.464176 224.296940
96.400000 413.141397 299.353879 227.304896 181.424197 153.377593 135.804201 100.137160 68.332827 47.365731 399.501077 331.076421 257.556502 218.534212 150.550395 224.419746
96.450000 413.357138 299.513646 227.429125 181.525730 153.465215 135.883087 100.198250 68.377932 47.400194 399.710115 331.251808 257.695665 218.654107 150.636613 224.542550
96.500000 413.572874 299.673409 227.553351 181.627261 153.552835 135.961971 100.259338 68.423037 47.434656 399.919148 331.427191 257.834824 218.773999 150.722829 224.665350
96.550000 413.788604 299.833168 227.677573 181.728789 153.640453 136.040854 100.320425 68.468140 47.469118 400.128176 331.602569 257.973980 218.893888 150.809042 224.788147
96.600000 414.004328 299.992923 227.801793 181.830315 153.728068 136.119734 100.381511 68.513243 47.503579 400.337198 331.777942 258.113132 219.013774 150.895254 224.910941
96.650000 414.220047 300.152674 227.926009 181.931838 153.815682 136.198613 100.442595 68.558345 47.538040 400.546214 331.953311 258.252281 219.133657 150.981464 225.033732
