web/models/kne/22/Metzger_0.047339_0.224483_0.100000.dat
# %ECSV 0.9
# ---
# datatype:
# - {name: time, datatype: float64}
# - {name: sdss_u, datatype: float64}
# - {name: sdss_g, datatype: float64}
# - {name: sdss_r, datatype: float64}
# - {name: sdss_i, datatype: float64}
# - {name: sdss_z, datatype: float64}
# - {name: PS1_y, datatype: float64}
# - {name: ukirt_J, datatype: float64}
# - {name: ukirt_H, datatype: float64}
# - {name: ukirt_K, datatype: float64}
# - {name: johnson_U, datatype: float64}
# - {name: johnson_B, datatype: float64}
# - {name: johnson_V, datatype: float64}
# - {name: johnson_R, datatype: float64}
# - {name: johnson_I, datatype: float64}
# - {name: Clear, datatype: float64}
# meta: !!omap
# - comment: [vej = 0.22448275862068964, mej = 0.04733940132137338, Ye = 0.1, redshift = 0.0]
# schema: astropy-2.0
time sdss_u sdss_g sdss_r sdss_i sdss_z PS1_y ukirt_J ukirt_H ukirt_K johnson_U johnson_B johnson_V johnson_R johnson_I Clear
[from data line 300]
15.100000 37.077672 21.454315 11.730504 5.652052 2.001851 -0.250772 -4.707773 -8.479741 -10.782990 35.192578 25.783656 15.791681 10.560178 1.637441 11.345137
15.150000 37.278885 21.601741 11.843781 5.743521 2.079952 -0.181066 -4.655167 -8.442495 -10.755968 35.387350 25.946092 15.919308 10.669291 1.714193 11.457044
15.200000 37.480254 21.749290 11.957159 5.835075 2.158131 -0.111287 -4.602500 -8.405197 -10.728901 35.582275 26.108660 16.047045 10.778501 1.791021 11.569051
15.250000 37.681779 21.896960 12.070636 5.926716 2.236387 -0.041436 -4.549772 -8.367847 -10.701789 35.777350 26.271359 16.174891 10.887809 1.867927 11.681157
15.300000 37.883459 22.044751 12.184212 6.018442 2.314721 0.028487 -4.496982 -8.330447 -10.674633 35.972577 26.434187 16.302845 10.997212 1.944908 11.793361
15.350000 38.085292 22.192661 12.297887 6.110253 2.393131 0.098481 -4.444132 -8.292995 -10.647431 36.167952 26.597145 16.430906 11.106712 2.021965 11.905662
15.400000 38.287277 22.340690 12.411659 6.202148 2.471616 0.168546 -4.391222 -8.255493 -10.620186 36.363476 26.760231 16.559074 11.216307 2.099097 12.018061
15.450000 38.489413 22.488838 12.525528 6.294127 2.550177 0.238681 -4.338252 -8.217940 -10.592897 36.559147 26.923444 16.687348 11.325996 2.176304 12.130555
15.500000 38.691699 22.637102 12.639494 6.386189 2.628813 0.308885 -4.285223 -8.180337 -10.565564 36.754964 27.086784 16.815727 11.435779 2.253584 12.243145
15.550000 38.366769 22.403836 12.464427 6.248288 2.513694 0.208072 -4.356893 -8.225831 -10.593632 36.441011 26.827938 16.616203 11.267809 2.140764 12.070412
15.600000 38.567565 22.551007 12.577550 6.339668 2.591746 0.277755 -4.304259 -8.188511 -10.566506 36.635385 26.990073 16.743634 11.376780 2.217472 12.182170
15.650000 38.768507 22.698291 12.690767 6.431129 2.669872 0.347506 -4.251568 -8.151142 -10.539338 36.829901 27.152331 16.871167 11.485843 2.294251 12.294020
15.700000 38.969593 22.845689 12.804077 6.522670 2.748070 0.417325 -4.198819 -8.113725 -10.512127 37.024558 27.314711 16.998801 11.594996 2.371102 12.405963
15.750000 39.170823 22.993199 12.917480 6.614291 2.826339 0.487210 -4.146013 -8.076260 -10.484874 37.219356 27.477212 17.126536 11.704239 2.448024 12.517998
15.800000 39.372196 23.140820 13.030974 6.705990 2.904680 0.557162 -4.093151 -8.038747 -10.457580 37.414292 27.639833 17.254371 11.813572 2.525016 12.630123
15.850000 39.573711 23.288552 13.144559 6.797769 2.983092 0.627180 -4.040232 -8.001187 -10.430244 37.609366 27.802573 17.382306 11.922993 2.602079 12.742339
15.900000 39.775367 23.436395 13.258235 6.889625 3.061575 0.697263 -3.987258 -7.963580 -10.402868 37.804577 27.965432 17.510339 12.032502 2.679211 12.854644
15.950000 39.977161 23.584346 13.372000 6.981559 3.140127 0.767412 -3.934229 -7.925927 -10.375450 37.999925 28.128409 17.638470 12.142099 2.756412 12.967038
16.000000 40.179095 23.732405 13.485855 7.073569 3.218748 0.837625 -3.881144 -7.888227 -10.347992 38.195407 28.291502 17.766698 12.251782 2.833682 13.079521
16.050000 40.381166 23.880572 13.599798 7.165656 3.297438 0.907902 -3.828005 -7.850481 -10.320493 38.391023 28.454711 17.895023 12.361552 2.911020 13.192091
16.100000 40.583373 24.028846 13.713828 7.257818 3.376197 0.978243 -3.774812 -7.812689 -10.292955 38.586771 28.618035 18.023443 12.471406 2.988425 13.304748
16.150000 40.785716 24.177225 13.827946 7.350056 3.455023 1.048647 -3.721565 -7.774852 -10.265377 38.782652 28.781474 18.151959 12.581346 3.065897 13.417492
16.200000 40.442522 23.930482 13.642440 7.203657 3.332595 0.941272 -3.798274 -7.824018 -10.296207 38.451008 28.507815 17.940720 12.403308 2.945889 13.234442
16.250000 40.643347 24.077746 13.755698 7.295198 3.410825 1.011143 -3.745433 -7.786472 -10.268843 38.645419 28.670026 18.068268 12.512419 3.022775 13.346336
16.300000 40.844303 24.225113 13.869041 7.386812 3.489120 1.081074 -3.692539 -7.748882 -10.241441 38.839958 28.832347 18.195908 12.621612 3.099726 13.458314
16.350000 41.045390 24.372582 13.982467 7.478498 3.567481 1.151067 -3.639594 -7.711248 -10.214000 39.034623 28.994778 18.323640 12.730887 3.176742 13.570375
16.400000 41.246605 24.520152 14.095977 7.570256 3.645906 1.221120 -3.586597 -7.673570 -10.186521 39.229415 29.157318 18.451462 12.840243 3.253821 13.682519
16.450000 41.447949 24.667822 14.209569 7.662085 3.724396 1.291233 -3.533549 -7.635849 -10.159004 39.424331 29.319966 18.579375 12.949680 3.330965 13.794744
16.500000 41.649420 24.815591 14.323243 7.753986 3.802950 1.361405 -3.480450 -7.598085 -10.131450 39.619371 29.482721 18.707376 13.059196 3.408171 13.907051
16.550000 41.851017 24.963459 14.436998 7.845956 3.881567 1.431637 -3.427300 -7.560279 -10.103858 39.814534 29.645583 18.835467 13.168792 3.485441 14.019438
16.600000 42.052739 25.111426 14.550835 7.937996 3.960248 1.501927 -3.374101 -7.522431 -10.076229 40.009819 29.808550 18.963645 13.278466 3.562772 14.131905
16.650000 42.254585 25.259489 14.664751 8.030105 4.038990 1.572276 -3.320852 -7.484540 -10.048563 40.205225 29.971621 19.091911 13.388218 3.640166 14.244452
16.700000 42.456554 25.407649 14.778746 8.122282 4.117795 1.642682 -3.267554 -7.446608 -10.020861 40.400750 30.134797 19.220263 13.498047 3.717620 14.357077
16.750000 42.658645 25.555904 14.892821 8.214528 4.196661 1.713145 -3.214207 -7.408635 -9.993123 40.596394 30.298075 19.348701 13.607953 3.795135 14.469780
16.800000 42.860857 25.704253 15.006973 8.306841 4.275587 1.783666 -3.160811 -7.370620 -9.965348 40.792156 30.461455 19.477223 13.717935 3.872711 14.582561
16.850000 43.063189 25.852697 15.121203 8.399221 4.354575 1.854243 -3.107368 -7.332565 -9.937538 40.988035 30.624937 19.605831 13.827993 3.950346 14.695418
16.900000 42.700074 25.591246 14.924299 8.243539 4.224159 1.739694 -3.189593 -7.385759 -9.971404 40.637094 30.335116 19.381803 13.638961 3.822481 14.501104
16.950000 42.900860 25.738553 15.037651 8.335207 4.302536 1.809724 -3.136566 -7.348004 -9.943816 40.831476 30.497346 19.509424 13.748172 3.899516 14.613094
17.000000 43.101762 25.885951 15.151079 8.426940 4.380972 1.879810 -3.083492 -7.310208 -9.916193 41.025971 30.659675 19.637126 13.857457 3.976610 14.725159
17.050000 43.302779 26.033438 15.264580 8.518738 4.459466 1.949949 -3.030371 -7.272374 -9.888535 41.220578 30.822100 19.764909 13.966814 4.053761 14.837298
17.100000 43.503910 26.181016 15.378156 8.610599 4.538017 2.020142 -2.977205 -7.234501 -9.860843 41.415296 30.984622 19.892773 14.076243 4.130969 14.949509
17.150000 43.705154 26.328681 15.491804 8.702523 4.616626 2.090389 -2.923992 -7.196589 -9.833117 41.610124 31.147239 20.020716 14.185743 4.208233 15.061793
17.200000 43.906510 26.476435 15.605526 8.794510 4.695292 2.160689 -2.870735 -7.158638 -9.805357 41.805061 31.309951 20.148739 14.295314 4.285554 15.174150
17.250000 44.107977 26.624276 15.719319 8.886560 4.774014 2.231041 -2.817433 -7.120649 -9.777564 42.000106 31.472756 20.276839 14.404955 4.362931 15.286577
17.300000 44.309554 26.772203 15.833183 8.978671 4.852791 2.301445 -2.764086 -7.082623 -9.749737 42.195258 31.635654 20.405018 14.514666 4.440362 15.399075
17.350000 44.511240 26.920216 15.947118 9.070843 4.931624 2.371901 -2.710694 -7.044559 -9.721878 42.390517 31.798645 20.533273 14.624445 4.517849 15.511643
17.400000 44.713035 27.068313 16.061123 9.163076 5.010512 2.442409 -2.657259 -7.006458 -9.693985 42.585881 31.961727 20.661604 14.734293 4.595389 15.624281
17.450000 44.914936 27.216494 16.175197 9.255369 5.089454 2.512967 -2.603781 -6.968320 -9.666060 42.781349 32.124899 20.790011 14.844208 4.672984 15.736987
17.500000 45.116943 27.364759 16.289341 9.347721 5.168450 2.583575 -2.550259 -6.930145 -9.638103 42.976921 32.288161 20.918493 14.954190 4.750632 15.849762
17.550000 45.319055 27.513106 16.403552 9.440133 5.247500 2.654233 -2.496695 -6.891934 -9.610114 43.172594 32.451511 21.047049 15.064239 4.828332 15.962604
17.600000 45.521271 27.661535 16.517831 9.532603 5.326603 2.724941 -2.443088 -6.853687 -9.582093 43.368370 32.614950 21.175679 15.174354 4.906085 16.075514
17.650000 45.136569 27.384140 16.308565 9.366847 5.187515 2.602601 -2.531311 -6.911267 -9.619272 42.996517 32.307610 20.937783 14.973396 4.769690 15.868980
17.700000 45.337211 27.531410 16.421949 9.458590 5.265994 2.672750 -2.478131 -6.873328 -9.591480 43.190768 32.469773 21.065407 15.082648 4.846830 15.981005
17.750000 45.537953 27.678759 16.535399 9.550390 5.344524 2.742947 -2.424909 -6.835354 -9.563657 43.385116 32.632022 21.193102 15.191963 4.924021 16.093095
17.800000 45.738795 27.826186 16.648913 9.642246 5.423105 2.813192 -2.371647 -6.797345 -9.535803 43.579562 32.794355 21.320867 15.301341 5.001262 16.205249
17.850000 45.939736 27.973691 16.762491 9.734158 5.501737 2.883484 -2.318345 -6.759302 -9.507919 43.774104 32.956772 21.448702 15.410782 5.078553 16.317466
17.900000 46.140774 28.121273 16.876133 9.826125 5.580419 2.953822 -2.265002 -6.721225 -9.480005 43.968740 33.119271 21.576606 15.520285 5.155893 16.429747
17.950000 46.341908 28.268931 16.989837 9.918147 5.659150 3.024207 -2.211619 -6.683113 -9.452060 44.163471 33.281851 21.704579 15.629849 5.233283 16.542090
18.000000 46.543139 28.416664 17.103604 10.010223 5.737930 3.094638 -2.158197 -6.644968 -9.424086 44.358295 33.444513 21.832619 15.739474 5.310721 16.654494
18.050000 46.744463 28.564471 17.217433 10.102352 5.816759 3.165114 -2.104736 -6.606790 -9.396083 44.553211 33.607255 21.960726 15.849160 5.388207 16.766960
18.100000 46.945882 28.712352 17.331323 10.194534 5.895636 3.235636 -2.051236 -6.568578 -9.368050 44.748218 33.770076 22.088900 15.958905 5.465741 16.879487
18.150000 47.147393 28.860307 17.445274 10.286770 5.974561 3.306202 -1.997698 -6.530334 -9.339988 44.943316 33.932975 22.217140 16.068709 5.543322 16.992074
18.200000 47.348996 29.008333 17.559285 10.379057 6.053533 3.376812 -1.944121 -6.492057 -9.311897 45.138503 34.095953 22.345445 16.178571 5.620950 17.104720
18.250000 47.550690 29.156432 17.673355 10.471396 6.132552 3.447466 -1.890507 -6.453748 -9.283778 45.333779 34.259007 22.473815 16.288492 5.698625 17.217426
18.300000 47.752474 29.304601 17.787484 10.563786 6.211618 3.518164 -1.836856 -6.415407 -9.255630 45.529143 34.422138 22.602248 16.398470 5.776345 17.330189
18.350000 47.954347 29.452841 17.901671 10.656227 6.290729 3.588905 -1.783167 -6.377034 -9.227454 45.724593 34.585344 22.730745 16.508505 5.854111 17.443011
18.400000 48.156308 29.601150 18.015916 10.748718 6.369886 3.659688 -1.729442 -6.338630 -9.199250 45.920129 34.748625 22.859304 16.618596 5.931922 17.555890
18.450000 47.748354 29.306572 17.793323 10.572095 6.221441 3.528938 -1.824145 -6.400956 -9.240021 45.525752 34.422410 22.606462 16.404781 5.786321 17.336184
18.500000 47.948714 29.453702 17.906656 10.663845 6.299962 3.599151 -1.770856 -6.362868 -9.212053 45.719737 34.584393 22.733997 16.513992 5.863506 17.448161
18.550000 48.149158 29.600898 18.020045 10.755643 6.378526 3.669405 -1.717531 -6.324750 -9.184058 45.913805 34.746449 22.861592 16.623258 5.940735 17.560194
18.600000 48.349687 29.748161 18.133489 10.847490 6.457135 3.739700 -1.664172 -6.286601 -9.156037 46.107955 34.908575 22.989248 16.732578 6.018007 17.672281
18.650000 48.550298 29.895489 18.246987 10.939384 6.535786 3.810035 -1.610777 -6.248422 -9.127988 46.302186 35.070773 23.116962 16.841951 6.095322 17.784423
18.700000 48.750991 30.042882 18.360539 11.031324 6.614481 3.880411 -1.557347 -6.210213 -9.099913 46.496496 35.233039 23.244735 16.951376 6.172679 17.896618
18.750000 48.951766 30.190339 18.474145 11.123312 6.693217 3.950826 -1.503883 -6.171975 -9.071812 46.690886 35.395375 23.372566 17.060854 6.250078 18.008866
18.800000 49.152620 30.337860 18.587803 11.215345 6.771996 4.021281 -1.450386 -6.133707 -9.043684 46.885354 35.557779 23.500454 17.170383 6.327519 18.121166
18.850000 49.353554 30.485444 18.701514 11.307425 6.850816 4.091775 -1.396854 -6.095411 -9.015531 47.079899 35.720250 23.628399 17.279963 6.405000 18.233518
18.900000 49.554566 30.633089 18.815277 11.399549 6.929677 4.162307 -1.343289 -6.057086 -8.987352 47.274521 35.882788 23.756400 17.389594 6.482523 18.345922
18.950000 49.755656 30.780796 18.929091 11.491718 7.008579 4.232877 -1.289691 -6.018732 -8.959148 47.469218 36.045392 23.884457 17.499275 6.560085 18.458377
19.000000 49.956823 30.928564 19.042956 11.583931 7.087522 4.303485 -1.236060 -5.980350 -8.930918 47.663990 36.208061 24.012568 17.609005 6.637688 18.570882
19.050000 50.158065 31.076392 19.156871 11.676188 7.166504 4.374131 -1.182397 -5.941940 -8.902664 47.858836 36.370794 24.140734 17.718784 6.715330 18.683436
19.100000 50.359383 31.224280 19.270835 11.768489 7.245525 4.444814 -1.128702 -5.903503 -8.874384 48.053755 36.533592 24.268954 17.828612 6.793011 18.796040
19.150000 50.560774 31.372226 19.384848 11.860832 7.324586 4.515533 -1.074975 -5.865037 -8.846080 48.248746 36.696452 24.397226 17.938488 6.870731 18.908692
19.200000 50.762238 31.520230 19.498910 11.953218 7.403686 4.586289 -1.021216 -5.826545 -8.817752 48.443809 36.859375 24.525552 18.048410 6.948489 19.021393
19.250000 50.963775 31.668292 19.613021 12.045645 7.482823 4.657081 -0.967426 -5.788026 -8.789400 48.638942 37.022359 24.653929 18.158380 7.026286 19.134141
19.300000 51.165383 31.816410 19.727178 12.138115 7.561999 4.727908 -0.913605 -5.749479 -8.761023 48.834144 37.185404 24.782358 18.268396 7.104119 19.246937
19.350000 51.367062 31.964585 19.841383 12.230625 7.641212 4.798771 -0.859753 -5.710907 -8.732623 49.029416 37.348509 24.910837 18.378458 7.181990 19.359779
19.400000 51.568811 32.112815 19.955633 12.323176 7.720463 4.869668 -0.805871 -5.672308 -8.704199 49.224756 37.511674 25.039367 18.488565 7.259898 19.472667
19.450000 51.770628 32.261100 20.069930 12.415767 7.799750 4.940600 -0.751959 -5.633683 -8.675752 49.420163 37.674897 25.167947 18.598718 7.337842 19.585600
19.500000 51.972514 32.409439 20.184273 12.508398 7.879073 5.011566 -0.698017 -5.595032 -8.647282 49.615636 37.838179 25.296575 18.708914 7.415822 19.698579
19.550000 52.174467 32.557832 20.298660 12.601069 7.958432 5.082566 -0.644046 -5.556356 -8.618789 49.811175 38.001518 25.425252 18.819154 7.493837 19.811602
19.600000 52.376486 32.706278 20.413091 12.693778 8.037827 5.153600 -0.590046 -5.517654 -8.590273 50.006779 38.164914 25.553977 18.929438 7.571888 19.924669
19.650000 52.578570 32.854776 20.527566 12.786526 8.117257 5.224666 -0.536016 -5.478927 -8.561734 50.202446 38.328365 25.682749 19.039764 7.649973 20.037780
19.700000 52.780720 33.003326 20.642085 12.879311 8.196722 5.295766 -0.481958 -5.440176 -8.533173 50.398177 38.491872 25.811569 19.150133 7.728093 20.150934
19.750000 52.982933 33.151926 20.756647 12.972135 8.276221 5.366897 -0.427872 -5.401399 -8.504590 50.593971 38.655434 25.940434 19.260543 7.806248 20.264130
19.800000 53.185210 33.300577 20.871251 13.064995 8.355754 5.438061 -0.373758 -5.362599 -8.475985 50.789825 38.819049 26.069346 19.370995 7.884435 20.377368
19.850000 53.387548 33.449278 20.985896 13.157893 8.435321 5.509257 -0.319616 -5.323774 -8.447359 50.985741 38.982718 26.198302 19.481488 7.962657 20.490648
19.900000 53.589949 33.598028 21.100583 13.250826 8.514921 5.580483 -0.265446 -5.284925 -8.418710 51.181716 39.146439 26.327303 19.592021 8.040911 20.603969
19.950000 53.792409 33.746826 21.215311 13.343796 8.594554 5.651741 -0.211250 -5.246053 -8.390040 51.377751 39.310212 26.456348 19.702594 8.119198 20.717330
20.000000 53.994930 33.895673 21.330079 13.436801 8.674220 5.723030 -0.157026 -5.207157 -8.361349 51.573844 39.474037 26.585437 19.813207 8.197517 20.830732
20.050000 54.197510 34.044567 21.444887 13.529841 8.753918 5.794349 -0.102776 -5.168237 -8.332637 51.769995 39.637912 26.714568 19.923858 8.275868 20.944173
20.100000 54.400148 34.193507 21.559735 13.622916 8.833647 5.865698 -0.048500 -5.129295 -8.303904 51.966203 39.801837 26.843742 20.034548 8.354250 21.057653
20.150000 54.602843 34.342494 21.674621 13.716026 8.913409 5.937076 0.005803 -5.090330 -8.275151 52.162466 39.965811 26.972959 20.145276 8.432664 21.171171
