web/models/kne/22/Metzger_0.138217_0.354138_0.100000.dat
# %ECSV 0.9
# ---
# datatype:
# - {name: time, datatype: float64}
# - {name: sdss_u, datatype: float64}
# - {name: sdss_g, datatype: float64}
# - {name: sdss_r, datatype: float64}
# - {name: sdss_i, datatype: float64}
# - {name: sdss_z, datatype: float64}
# - {name: PS1_y, datatype: float64}
# - {name: ukirt_J, datatype: float64}
# - {name: ukirt_H, datatype: float64}
# - {name: ukirt_K, datatype: float64}
# - {name: johnson_U, datatype: float64}
# - {name: johnson_B, datatype: float64}
# - {name: johnson_V, datatype: float64}
# - {name: johnson_R, datatype: float64}
# - {name: johnson_I, datatype: float64}
# - {name: Clear, datatype: float64}
# meta: !!omap
# - comment: [vej = 0.35413793103448277, mej = 0.13821730389118514, Ye = 0.1, redshift = 0.0]
# schema: astropy-2.0
time sdss_u sdss_g sdss_r sdss_i sdss_z PS1_y ukirt_J ukirt_H ukirt_K johnson_U johnson_B johnson_V johnson_R johnson_I Clear
[from data line 1764]
88.300000 304.996675 219.024467 164.635636 130.033104 108.899343 95.667169 68.843650 44.982430 29.303846 294.687257 242.985007 187.466051 158.018551 106.769989 162.458812
88.350000 305.178536 219.159071 164.740237 130.118544 108.973040 95.733489 68.894946 45.020231 29.332663 294.863459 243.132799 187.583261 158.119494 106.842500 162.562210
88.400000 305.360390 219.293671 164.844835 130.203982 109.046733 95.799808 68.946241 45.058032 29.361479 295.039655 243.280585 187.700466 158.220433 106.915008 162.665604
88.450000 305.542236 219.428265 164.949428 130.289416 109.120424 95.866124 68.997534 45.095831 29.390294 295.215843 243.428366 187.817667 158.321368 106.987513 162.768994
88.500000 305.724076 219.562855 165.054018 130.374848 109.194113 95.932438 69.048825 45.133629 29.419109 295.392024 243.576140 187.934863 158.422300 107.060016 162.872381
88.550000 305.905908 219.697439 165.158604 130.460276 109.267799 95.998750 69.100115 45.171427 29.447923 295.568198 243.723909 188.052055 158.523227 107.132517 162.975764
88.600000 306.087733 219.832018 165.263186 130.545702 109.341482 96.065060 69.151403 45.209223 29.476737 295.744366 243.871673 188.169242 158.624152 107.205015 163.079143
88.650000 306.269551 219.966592 165.367764 130.631124 109.415163 96.131367 69.202690 45.247019 29.505550 295.920526 244.019430 188.286425 158.725072 107.277511 163.182518
88.700000 306.451362 220.101161 165.472339 130.716543 109.488842 96.197672 69.253975 45.284813 29.534362 296.096680 244.167182 188.403604 158.825989 107.350004 163.285889
88.750000 306.633166 220.235724 165.576909 130.801960 109.562518 96.263976 69.305259 45.322607 29.563174 296.272827 244.314929 188.520779 158.926902 107.422495 163.389257
88.800000 306.814963 220.370283 165.681476 130.887373 109.636191 96.330276 69.356541 45.360399 29.591985 296.448966 244.462669 188.637949 159.027811 107.494983 163.492621
88.850000 306.996752 220.504836 165.786039 130.972783 109.709862 96.396575 69.407822 45.398191 29.620796 296.625099 244.610404 188.755114 159.128717 107.567469 163.595981
88.900000 307.178534 220.639385 165.890598 131.058191 109.783530 96.462871 69.459101 45.435981 29.649606 296.801225 244.758133 188.872275 159.229619 107.639952 163.699337
88.950000 307.360309 220.773928 165.995153 131.143595 109.857196 96.529166 69.510378 45.473771 29.678415 296.977344 244.905857 188.989432 159.330517 107.712433 163.802689
89.000000 307.542077 220.908466 166.099705 131.228996 109.930860 96.595458 69.561654 45.511560 29.707224 297.153456 245.053574 189.106585 159.431412 107.784912 163.906038
89.050000 307.723838 221.042999 166.204252 131.314395 110.004520 96.661748 69.612928 45.549347 29.736032 297.329562 245.201287 189.223733 159.532303 107.857388 164.009383
89.100000 307.905592 221.177527 166.308796 131.399790 110.078179 96.728035 69.664201 45.587134 29.764840 297.505660 245.348993 189.340877 159.633190 107.929861 164.112724
89.150000 308.087339 221.312050 166.413336 131.485182 110.151835 96.794321 69.715472 45.624920 29.793647 297.681752 245.496694 189.458016 159.734074 108.002332 164.216061
89.200000 308.269079 221.446567 166.517872 131.570571 110.225488 96.860604 69.766742 45.662704 29.822453 297.857837 245.644389 189.575151 159.834954 108.074801 164.319395
89.250000 308.450811 221.581080 166.622405 131.655958 110.299139 96.926885 69.818010 45.700488 29.851259 298.033915 245.792079 189.692282 159.935830 108.147267 164.422725
89.300000 308.632537 221.715587 166.726933 131.741341 110.372787 96.993164 69.869277 45.738271 29.880064 298.209986 245.939763 189.809408 160.036703 108.219731 164.526051
89.350000 308.814255 221.850090 166.831458 131.826721 110.446433 97.059441 69.920542 45.776053 29.908869 298.386050 246.087441 189.926530 160.137572 108.292192 164.629373
89.400000 308.995966 221.984587 166.935979 131.912098 110.520077 97.125715 69.971805 45.813833 29.937673 298.562107 246.235114 190.043648 160.238437 108.364651 164.732692
89.450000 309.177670 222.119080 167.040496 131.997473 110.593717 97.191988 70.023067 45.851613 29.966476 298.738158 246.382781 190.160761 160.339299 108.437107 164.836007
89.500000 309.359368 222.253567 167.145009 132.082844 110.667356 97.258258 70.074328 45.889392 29.995279 298.914202 246.530442 190.277870 160.440157 108.509561 164.939318
89.550000 309.541058 222.388049 167.249519 132.168212 110.740992 97.324526 70.125587 45.927170 30.024081 299.090239 246.678098 190.394975 160.541011 108.582013 165.042625
89.600000 309.722741 222.522526 167.354025 132.253578 110.814625 97.390792 70.176844 45.964947 30.052883 299.266269 246.825748 190.512076 160.641862 108.654462 165.145929
89.650000 309.904417 222.656998 167.458527 132.338940 110.888256 97.457056 70.228100 46.002723 30.081684 299.442292 246.973393 190.629172 160.742709 108.726909 165.249229
89.700000 310.086086 222.791465 167.563025 132.424300 110.961885 97.523317 70.279354 46.040498 30.110485 299.618309 247.121032 190.746263 160.843553 108.799353 165.352525
89.750000 310.267748 222.925928 167.667519 132.509656 111.035511 97.589576 70.330607 46.078272 30.139285 299.794318 247.268665 190.863351 160.944393 108.871795 165.455818
89.800000 310.449403 223.060385 167.772010 132.595009 111.109134 97.655834 70.381858 46.116045 30.168084 299.970321 247.416293 190.980434 161.045229 108.944234 165.559106
89.850000 310.631051 223.194836 167.876497 132.680360 111.182755 97.722089 70.433108 46.153817 30.196883 300.146318 247.563915 191.097513 161.146062 109.016671 165.662391
89.900000 310.812692 223.329283 167.980980 132.765708 111.256374 97.788342 70.484356 46.191588 30.225681 300.322307 247.711532 191.214588 161.246891 109.089106 165.765673
89.950000 310.994326 223.463725 168.085459 132.851052 111.329990 97.854592 70.535602 46.229358 30.254478 300.498290 247.859143 191.331658 161.347717 109.161538 165.868950
90.000000 311.175953 223.598162 168.189935 132.936394 111.403604 97.920841 70.586848 46.267128 30.283275 300.674266 248.006749 191.448724 161.448539 109.233968 165.972224
90.050000 311.357573 223.732594 168.294407 133.021732 111.477215 97.987087 70.638091 46.304896 30.312072 300.850235 248.154349 191.565786 161.549357 109.306395 166.075494
90.100000 311.539186 223.867021 168.398875 133.107068 111.550823 98.053331 70.689333 46.342663 30.340868 301.026197 248.301943 191.682843 161.650172 109.378820 166.178761
90.150000 311.720792 224.001443 168.503339 133.192401 111.624430 98.119574 70.740574 46.380429 30.369663 301.202153 248.449532 191.799896 161.750983 109.451242 166.282024
90.200000 311.902391 224.135860 168.607800 133.277731 111.698033 98.185814 70.791813 46.418195 30.398457 301.378102 248.597115 191.916945 161.851790 109.523662 166.385283
90.250000 312.083983 224.270272 168.712257 133.363058 111.771635 98.252051 70.843050 46.455959 30.427251 301.554044 248.744693 192.033990 161.952594 109.596080 166.488538
90.300000 312.265568 224.404679 168.816710 133.448381 111.845234 98.318287 70.894286 46.493723 30.456045 301.729979 248.892265 192.151030 162.053394 109.668495 166.591790
90.350000 312.447146 224.539080 168.921159 133.533702 111.918830 98.384520 70.945520 46.531485 30.484838 301.905908 249.039832 192.268066 162.154191 109.740908 166.695038
90.400000 312.628717 224.673477 169.025605 133.619020 111.992424 98.450752 70.996753 46.569247 30.513630 302.081830 249.187393 192.385098 162.254984 109.813319 166.798282
90.450000 312.810281 224.807869 169.130046 133.704336 112.066016 98.516981 71.047985 46.607007 30.542422 302.257746 249.334948 192.502125 162.355774 109.885727 166.901523
90.500000 312.991839 224.942256 169.234485 133.789648 112.139605 98.583208 71.099215 46.644767 30.571213 302.433654 249.482499 192.619149 162.456560 109.958132 167.004760
90.550000 313.173389 225.076638 169.338919 133.874957 112.213191 98.649433 71.150443 46.682525 30.600004 302.609556 249.630043 192.736168 162.557342 110.030536 167.107993
90.600000 313.354932 225.211015 169.443350 133.960263 112.286776 98.715656 71.201670 46.720283 30.628793 302.785451 249.777582 192.853183 162.658121 110.102936 167.211222
90.650000 313.536469 225.345387 169.547777 134.045567 112.360357 98.781876 71.252895 46.758040 30.657583 302.961340 249.925116 192.970193 162.758896 110.175335 167.314448
90.700000 313.717999 225.479754 169.652200 134.130867 112.433937 98.848095 71.304119 46.795796 30.686372 303.137222 250.072644 193.087200 162.859668 110.247731 167.417671
90.750000 313.899521 225.614117 169.756620 134.216165 112.507513 98.914311 71.355341 46.833550 30.715160 303.313097 250.220166 193.204202 162.960436 110.320125 167.520889
90.800000 314.081037 225.748474 169.861035 134.301459 112.581088 98.980526 71.406562 46.871304 30.743947 303.488965 250.367683 193.321199 163.061201 110.392516 167.624104
90.850000 314.262546 225.882826 169.965447 134.386751 112.654660 99.046738 71.457781 46.909057 30.772735 303.664827 250.515195 193.438193 163.161962 110.464905 167.727315
90.900000 314.444048 226.017173 170.069856 134.472040 112.728230 99.112948 71.508999 46.946809 30.801521 303.840683 250.662701 193.555183 163.262719 110.537291 167.830523
90.950000 314.625543 226.151516 170.174261 134.557326 112.801797 99.179156 71.560215 46.984560 30.830307 304.016531 250.810202 193.672168 163.363473 110.609676 167.933727
91.000000 314.807031 226.285853 170.278662 134.642609 112.875361 99.245361 71.611430 47.022310 30.859092 304.192373 250.957697 193.789149 163.464224 110.682057 168.036927
91.050000 314.988513 226.420186 170.383059 134.727889 112.948924 99.311565 71.662643 47.060059 30.887877 304.368208 251.105186 193.906125 163.564970 110.754437 168.140124
91.100000 315.169987 226.554513 170.487453 134.813166 113.022484 99.377767 71.713855 47.097808 30.916661 304.544037 251.252670 194.023098 163.665714 110.826814 168.243317
91.150000 315.351455 226.688836 170.591843 134.898440 113.096041 99.443966 71.765065 47.135555 30.945445 304.719859 251.400149 194.140066 163.766453 110.899189 168.346506
91.200000 315.532916 226.823154 170.696229 134.983711 113.169596 99.510163 71.816274 47.173301 30.974228 304.895674 251.547622 194.257030 163.867190 110.971561 168.449692
91.250000 315.714370 226.957466 170.800611 135.068980 113.243149 99.576358 71.867481 47.211046 31.003010 305.071483 251.695090 194.373990 163.967922 111.043931 168.552874
91.300000 315.895817 227.091774 170.904990 135.154245 113.316699 99.642552 71.918687 47.248791 31.031792 305.247285 251.842553 194.490946 164.068651 111.116298 168.656053
91.350000 316.077257 227.226077 171.009366 135.239508 113.390247 99.708742 71.969891 47.286534 31.060573 305.423081 251.990010 194.607898 164.169377 111.188663 168.759228
91.400000 316.258691 227.360376 171.113737 135.324768 113.463792 99.774931 72.021094 47.324277 31.089354 305.598870 252.137461 194.724845 164.270099 111.261026 168.862399
91.450000 316.440117 227.494669 171.218105 135.410025 113.537335 99.841118 72.072295 47.362018 31.118134 305.774652 252.284907 194.841788 164.370818 111.333387 168.965566
91.500000 316.621537 227.628957 171.322469 135.495279 113.610876 99.907303 72.123495 47.399759 31.146913 305.950428 252.432348 194.958727 164.471533 111.405745 169.068730
91.550000 316.802950 227.763241 171.426830 135.580530 113.684414 99.973485 72.174693 47.437499 31.175692 306.126197 252.579783 195.075662 164.572244 111.478101 169.171891
91.600000 316.984356 227.897519 171.531187 135.665778 113.757950 100.039666 72.225890 47.475237 31.204471 306.301960 252.727213 195.192593 164.672952 111.550454 169.275048
91.650000 317.165756 228.031793 171.635540 135.751023 113.831483 100.105844 72.277085 47.512975 31.233249 306.477716 252.874637 195.309519 164.773657 111.622805 169.378201
91.700000 317.347148 228.166062 171.739889 135.836266 113.905014 100.172020 72.328279 47.550712 31.262026 306.653465 253.022056 195.426442 164.874358 111.695154 169.481350
91.750000 317.528534 228.300326 171.844235 135.921505 113.978542 100.238194 72.379472 47.588448 31.290802 306.829208 253.169469 195.543360 164.975055 111.767500 169.584496
91.800000 317.709913 228.434585 171.948578 136.006742 114.052069 100.304366 72.430662 47.626183 31.319579 307.004945 253.316878 195.660274 165.075749 111.839844 169.687639
91.850000 317.891285 228.568839 172.052916 136.091976 114.125592 100.370536 72.481852 47.663917 31.348354 307.180675 253.464280 195.777183 165.176440 111.912186 169.790777
91.900000 318.072651 228.703088 172.157251 136.177207 114.199114 100.436704 72.533040 47.701650 31.377129 307.356398 253.611678 195.894089 165.277127 111.984525 169.893912
91.950000 318.254010 228.837333 172.261583 136.262435 114.272633 100.502870 72.584226 47.739382 31.405903 307.532115 253.759070 196.010991 165.377811 112.056862 169.997044
92.000000 318.435362 228.971572 172.365910 136.347660 114.346149 100.569033 72.635411 47.777113 31.434677 307.707825 253.906456 196.127888 165.478491 112.129197 170.100172
92.050000 318.616707 229.105807 172.470234 136.432883 114.419664 100.635195 72.686594 47.814844 31.463450 307.883529 254.053837 196.244781 165.579167 112.201529 170.203296
92.100000 318.798045 229.240037 172.574555 136.518102 114.493175 100.701354 72.737776 47.852573 31.492223 308.059226 254.201213 196.361670 165.679840 112.273859 170.306417
92.150000 318.979377 229.374262 172.678872 136.603319 114.566685 100.767512 72.788957 47.890301 31.520995 308.234916 254.348584 196.478555 165.780510 112.346187 170.409534
92.200000 319.160702 229.508483 172.783185 136.688533 114.640192 100.833667 72.840136 47.928029 31.549767 308.410601 254.495949 196.595436 165.881176 112.418512 170.512648
92.250000 319.342020 229.642698 172.887494 136.773744 114.713697 100.899820 72.891313 47.965756 31.578538 308.586278 254.643309 196.712313 165.981839 112.490835 170.615758
92.300000 319.523332 229.776909 172.991800 136.858952 114.787199 100.965972 72.942489 48.003481 31.607308 308.761949 254.790663 196.829185 166.082498 112.563156 170.718865
92.350000 319.704636 229.911115 173.096103 136.944157 114.860699 101.032121 72.993664 48.041206 31.636078 308.937614 254.938012 196.946054 166.183153 112.635474 170.821968
92.400000 319.885935 230.045316 173.200401 137.029360 114.934197 101.098268 73.044837 48.078930 31.664847 309.113272 255.085356 197.062918 166.283806 112.707790 170.925067
92.450000 320.067226 230.179512 173.304696 137.114559 115.007692 101.164413 73.096009 48.116652 31.693616 309.288924 255.232694 197.179778 166.384454 112.780103 171.028163
92.500000 320.248511 230.313703 173.408988 137.199756 115.081185 101.230555 73.147179 48.154374 31.722384 309.464569 255.380027 197.296635 166.485100 112.852415 171.131255
92.550000 320.429789 230.447890 173.513276 137.284950 115.154675 101.296696 73.198347 48.192095 31.751151 309.640208 255.527355 197.413487 166.585742 112.924724 171.234344
92.600000 320.611060 230.582072 173.617560 137.370141 115.228163 101.362835 73.249515 48.229815 31.779918 309.815840 255.674677 197.530334 166.686380 112.997031 171.337429
92.650000 320.792324 230.716249 173.721841 137.455329 115.301649 101.428972 73.300680 48.267534 31.808684 309.991466 255.821994 197.647178 166.787015 113.069335 171.440511
92.700000 320.973582 230.850421 173.826118 137.540515 115.375132 101.495106 73.351845 48.305253 31.837450 310.167085 255.969306 197.764018 166.887646 113.141637 171.543589
92.750000 321.154834 230.984588 173.930392 137.625698 115.448613 101.561239 73.403007 48.342970 31.866215 310.342698 256.116612 197.880854 166.988274 113.213937 171.646663
92.800000 321.336078 231.118751 174.034661 137.710877 115.522092 101.627369 73.454169 48.380686 31.894980 310.518305 256.263913 197.997685 167.088899 113.286234 171.749734
92.850000 321.517316 231.252909 174.138928 137.796054 115.595568 101.693498 73.505329 48.418402 31.923744 310.693905 256.411209 198.114512 167.189520 113.358529 171.852802
