web/models/kne/22/Metzger_0.005553_0.321724_0.100000.dat
# %ECSV 0.9
# ---
# datatype:
# - {name: time, datatype: float64}
# - {name: sdss_u, datatype: float64}
# - {name: sdss_g, datatype: float64}
# - {name: sdss_r, datatype: float64}
# - {name: sdss_i, datatype: float64}
# - {name: sdss_z, datatype: float64}
# - {name: PS1_y, datatype: float64}
# - {name: ukirt_J, datatype: float64}
# - {name: ukirt_H, datatype: float64}
# - {name: ukirt_K, datatype: float64}
# - {name: johnson_U, datatype: float64}
# - {name: johnson_B, datatype: float64}
# - {name: johnson_V, datatype: float64}
# - {name: johnson_R, datatype: float64}
# - {name: johnson_I, datatype: float64}
# - {name: Clear, datatype: float64}
# meta: !!omap
# - comment: [vej = 0.3217241379310345, mej = 0.00555320171962985, Ye = 0.1, redshift = 0.0]
# schema: astropy-2.0
time sdss_u sdss_g sdss_r sdss_i sdss_z PS1_y ukirt_J ukirt_H ukirt_K johnson_U johnson_B johnson_V johnson_R johnson_I Clear
[from data line 303]
15.250000 114.256786 78.555323 56.083770 41.864325 33.224181 27.837909 16.997331 7.491738 1.371109 109.967325 88.487561 65.501833 53.358898 32.356043 55.187108
15.300000 114.689106 78.874225 56.330663 42.065230 33.396899 27.992925 17.116287 7.578306 1.436113 110.386063 88.838113 65.778985 53.597008 32.525915 55.431111
15.350000 115.121263 79.193012 56.577470 42.266070 33.569563 28.147896 17.235214 7.664857 1.501110 110.804644 89.188536 66.056040 53.835038 32.695735 55.675032
15.400000 115.553258 79.511685 56.824194 42.466846 33.742175 28.302821 17.354109 7.751392 1.566099 111.223069 89.538832 66.332999 54.072988 32.865504 55.918870
15.450000 115.985092 79.830244 57.070834 42.667557 33.914735 28.457701 17.472976 7.837911 1.631081 111.641338 89.889001 66.609861 54.310858 33.035221 56.162625
15.500000 116.416765 80.148690 57.317391 42.868204 34.087242 28.612537 17.591812 7.924413 1.696055 112.059451 90.239043 66.886627 54.548648 33.204888 56.406299
15.550000 116.848278 80.467023 57.563865 43.068787 34.259697 28.767327 17.710618 8.010899 1.761022 112.477411 90.588960 67.163298 54.786359 33.374503 56.649891
15.600000 117.279632 80.785244 57.810257 43.269307 34.432100 28.922074 17.829395 8.097369 1.825982 112.895218 90.938751 67.439874 55.023992 33.544068 56.893402
15.650000 117.710829 81.103353 58.056567 43.469764 34.604452 29.076776 17.948143 8.183823 1.890935 113.312873 91.288418 67.716355 55.261546 33.713583 57.136832
15.700000 118.141868 81.421352 58.302795 43.670158 34.776753 29.231434 18.066861 8.270260 1.955880 113.730375 91.637962 67.992743 55.499022 33.883048 57.380182
15.750000 118.572752 81.739241 58.548942 43.870490 34.949002 29.386048 18.185550 8.356682 2.020818 114.147727 91.987382 68.269038 55.736421 34.052462 57.623452
15.800000 119.003479 82.057019 58.795009 44.070760 35.121201 29.540619 18.304210 8.443088 2.085749 114.564929 92.336680 68.545240 55.973742 34.221828 57.866642
15.850000 119.434052 82.374689 59.040995 44.270968 35.293350 29.695146 18.422841 8.529478 2.150672 114.981982 92.685855 68.821349 56.210987 34.391144 58.109753
15.900000 119.864471 82.692250 59.286902 44.471115 35.465448 29.849631 18.541444 8.615852 2.215589 115.398886 93.034910 69.097366 56.448156 34.560410 58.352786
15.950000 120.294737 83.009703 59.532729 44.671200 35.637496 30.004072 18.660018 8.702210 2.280498 115.815642 93.383844 69.373292 56.685248 34.729628 58.595740
16.000000 120.724850 83.327048 59.778477 44.871224 35.809495 30.158470 18.778563 8.788553 2.345400 116.232252 93.732658 69.649127 56.922265 34.898798 58.838617
16.050000 121.154812 83.644287 60.024147 45.071188 35.981444 30.312826 18.897080 8.874880 2.410295 116.648715 94.081352 69.924872 57.159207 35.067919 59.081416
16.100000 121.584624 83.961419 60.269738 45.271092 36.153344 30.467140 19.015569 8.961191 2.475183 117.065033 94.429928 70.200526 57.396074 35.236992 59.324138
16.150000 122.014285 84.278445 60.515252 45.470936 36.325195 30.621412 19.134030 9.047487 2.540064 117.481206 94.778386 70.476091 57.632867 35.406017 59.566783
16.200000 122.443797 84.595366 60.760688 45.670720 36.496997 30.775642 19.252463 9.133768 2.604937 117.897236 95.126726 70.751566 57.869586 35.574995 59.809352
16.250000 122.873161 84.912183 61.006047 45.870445 36.668751 30.929830 19.370868 9.220033 2.669804 118.313122 95.474950 71.026953 58.106231 35.743925 60.051845
16.300000 123.302377 85.228895 61.251329 46.070110 36.840457 31.083976 19.489245 9.306283 2.734664 118.728866 95.823057 71.302252 58.342803 35.912808 60.294262
16.350000 123.731447 85.545503 61.496535 46.269717 37.012114 31.238082 19.607595 9.392518 2.799516 119.144468 96.171048 71.577463 58.579301 36.081644 60.536604
16.400000 124.160370 85.862009 61.741666 46.469266 37.183724 31.392146 19.725917 9.478737 2.864362 119.559929 96.518924 71.852587 58.815728 36.250433 60.778872
16.450000 124.589149 86.178412 61.986720 46.668756 37.355286 31.546169 19.844212 9.564942 2.929200 119.975250 96.866686 72.127624 59.052082 36.419176 61.021065
16.500000 125.017782 86.494712 62.231700 46.868189 37.526801 31.700152 19.962480 9.651131 2.994032 120.390432 97.214334 72.402574 59.288364 36.587872 61.263184
16.550000 125.446272 86.810912 62.476605 47.067564 37.698268 31.854094 20.080721 9.737306 3.058857 120.805475 97.561868 72.677439 59.524575 36.756523 61.505230
16.600000 125.874619 87.127010 62.721436 47.266882 37.869689 32.007996 20.198935 9.823465 3.123675 121.220380 97.909290 72.952217 59.760715 36.925128 61.747202
16.650000 126.302823 87.443008 62.966193 47.466142 38.041064 32.161858 20.317122 9.909610 3.188485 121.635148 98.256599 73.226911 59.996784 37.093687 61.989101
16.700000 126.730886 87.758905 63.210876 47.665347 38.212392 32.315680 20.435283 9.995740 3.253290 122.049779 98.603797 73.501520 60.232783 37.262201 62.230928
16.750000 127.158808 88.074704 63.455486 47.864494 38.383674 32.469463 20.553417 10.081855 3.318087 122.464274 98.950884 73.776045 60.468712 37.430670 62.472683
16.800000 127.586591 88.390403 63.700023 48.063586 38.554910 32.623206 20.671525 10.167956 3.382877 122.878634 99.297861 74.050487 60.704571 37.599094 62.714366
16.850000 128.014233 88.706004 63.944488 48.262621 38.726100 32.776909 20.789606 10.254042 3.447661 123.292860 99.644728 74.324844 60.940361 37.767473 62.955978
16.900000 128.441737 89.021507 64.188881 48.461601 38.897245 32.930574 20.907661 10.340114 3.512438 123.706951 99.991485 74.599119 61.176082 37.935808 63.197518
16.950000 128.869103 89.336913 64.433202 48.660526 39.068345 33.084200 21.025691 10.426171 3.577208 124.120910 100.338134 74.873312 61.411735 38.104099 63.438988
17.000000 129.296332 89.652221 64.677452 48.859396 39.239399 33.237787 21.143694 10.512214 3.641971 124.534737 100.684675 75.147422 61.647319 38.272346 63.680388
17.050000 129.723425 89.967434 64.921630 49.058211 39.410409 33.391335 21.261672 10.598242 3.706728 124.948431 101.031108 75.421451 61.882836 38.440549 63.921718
17.100000 130.150381 90.282550 65.165738 49.256972 39.581375 33.544845 21.379624 10.684256 3.771478 125.361995 101.377434 75.695398 62.118285 38.608708 64.162978
17.150000 130.577203 90.597571 65.409776 49.455678 39.752296 33.698317 21.497550 10.770256 3.836221 125.775428 101.723653 75.969264 62.353666 38.776824 64.404168
17.200000 131.003890 90.912497 65.653744 49.654331 39.923173 33.851751 21.615451 10.856242 3.900958 126.188732 102.069767 76.243051 62.588981 38.944897 64.645290
17.250000 131.430443 91.227328 65.897643 49.852930 40.094006 34.005148 21.733327 10.942214 3.965688 126.601907 102.415775 76.516757 62.824229 39.112928 64.886344
17.300000 131.856864 91.542066 66.141472 50.051476 40.264795 34.158506 21.851178 11.028172 4.030412 127.014953 102.761678 76.790383 63.059412 39.280915 65.127329
17.350000 132.283152 91.856710 66.385232 50.249968 40.435541 34.311828 21.969003 11.114115 4.095129 127.427871 103.107477 77.063930 63.294528 39.448860 65.368246
17.400000 132.709308 92.171261 66.628924 50.448408 40.606244 34.465112 22.086804 11.200045 4.159839 127.840663 103.453172 77.337399 63.529579 39.616763 65.609096
17.450000 133.135334 92.485719 66.872548 50.646795 40.776904 34.618359 22.204580 11.285962 4.224543 128.253328 103.798763 77.610789 63.764564 39.784624 65.849879
17.500000 133.561229 92.800086 67.116104 50.845130 40.947521 34.771569 22.322331 11.371864 4.289241 128.665867 104.144252 77.884101 63.999485 39.952442 66.090594
17.550000 133.986994 93.114360 67.359592 51.043412 41.118095 34.924743 22.440058 11.457753 4.353932 129.078282 104.489639 78.157335 64.234341 40.120220 66.331244
17.600000 134.412630 93.428544 67.603013 51.241643 41.288627 35.077880 22.557760 11.543628 4.418616 129.490572 104.834924 78.430492 64.469134 40.287955 66.571827
17.650000 134.838138 93.742637 67.846368 51.439823 41.459117 35.230981 22.675438 11.629489 4.483294 129.902737 105.180108 78.703573 64.703862 40.455650 66.812344
17.700000 135.263518 94.056639 68.089656 51.637951 41.629565 35.384046 22.793091 11.715337 4.547966 130.314780 105.525191 78.976577 64.938526 40.623304 67.052796
17.750000 135.688772 94.370552 68.332878 51.836028 41.799971 35.537075 22.910721 11.801172 4.612632 130.726700 105.870174 79.249504 65.173128 40.790916 67.293182
17.800000 136.113899 94.684375 68.576034 52.034054 41.970335 35.690068 23.028326 11.886993 4.677291 131.138498 106.215057 79.522356 65.407666 40.958488 67.533504
17.850000 136.538900 94.998110 68.819125 52.232030 42.140658 35.843025 23.145908 11.972800 4.741943 131.550175 106.559841 79.795133 65.642142 41.126020 67.773761
17.900000 136.963775 95.311756 69.062150 52.429956 42.310940 35.995947 23.263466 12.058595 4.806590 131.961731 106.904526 80.067835 65.876556 41.293511 68.013954
17.950000 137.388527 95.625314 69.305111 52.627831 42.481181 36.148834 23.381001 12.144376 4.871230 132.373167 107.249113 80.340462 66.110907 41.460963 68.254083
18.000000 137.813154 95.938785 69.548007 52.825657 42.651382 36.301686 23.498511 12.230144 4.935864 132.784484 107.593603 80.613016 66.345197 41.628374 68.494149
18.050000 138.237659 96.252168 69.790839 53.023433 42.821542 36.454503 23.615999 12.315900 5.000492 133.195681 107.937995 80.885495 66.579425 41.795746 68.734151
18.100000 138.662040 96.565465 70.033607 53.221160 42.991661 36.607285 23.733463 12.401642 5.065113 133.606760 108.282291 81.157901 66.813593 41.963079 68.974090
18.150000 139.086300 96.878675 70.276312 53.418838 43.161740 36.760033 23.850904 12.487371 5.129729 134.017721 108.626490 81.430233 67.047699 42.130372 69.213967
18.200000 139.510438 97.191800 70.518953 53.616467 43.331780 36.912746 23.968322 12.573087 5.194338 134.428566 108.970593 81.702493 67.281745 42.297626 69.453782
18.250000 139.934455 97.504839 70.761531 53.814048 43.501779 37.065425 24.085716 12.658790 5.258941 134.839293 109.314602 81.974681 67.515731 42.464842 69.693534
18.300000 140.358352 97.817794 71.004047 54.011580 43.671739 37.218069 24.203088 12.744480 5.323538 135.249905 109.658515 82.246797 67.749657 42.632018 69.933224
18.350000 140.782129 98.130663 71.246501 54.209064 43.841660 37.370680 24.320438 12.830158 5.388129 135.660401 110.002334 82.518840 67.983524 42.799156 70.172854
18.400000 141.205788 98.443449 71.488892 54.406501 44.011541 37.523258 24.437764 12.915823 5.452713 136.070782 110.346059 82.790813 68.217331 42.966256 70.412422
18.450000 141.629328 98.756150 71.731222 54.603889 44.181384 37.675801 24.555068 13.001476 5.517292 136.481049 110.689691 83.062715 68.451079 43.133318 70.651929
18.500000 142.052750 99.068769 71.973490 54.801231 44.351187 37.828311 24.672350 13.087115 5.581865 136.891202 111.033230 83.334546 68.684769 43.300342 70.891376
18.550000 142.476055 99.381304 72.215698 54.998525 44.520952 37.980788 24.789609 13.172743 5.646432 137.301242 111.376676 83.606307 68.918400 43.467327 71.130762
18.600000 142.899243 99.693757 72.457844 55.195772 44.690679 38.133232 24.906846 13.258357 5.710992 137.711170 111.720030 83.877997 69.151972 43.634276 71.370089
18.650000 143.322315 100.006128 72.699930 55.392972 44.860367 38.285643 25.024061 13.343960 5.775547 138.120985 112.063293 84.149619 69.385487 43.801187 71.609356
18.700000 143.745271 100.318418 72.941956 55.590126 45.030017 38.438021 25.141254 13.429550 5.840096 138.530689 112.406464 84.421171 69.618945 43.968061 71.848563
18.750000 144.168112 100.630625 73.183922 55.787234 45.199630 38.590366 25.258425 13.515128 5.904639 138.940282 112.749545 84.692654 69.852345 44.134897 72.087712
18.800000 144.590839 100.942752 73.425828 55.984296 45.369204 38.742679 25.375574 13.600693 5.969177 139.349765 113.092535 84.964068 70.085688 44.301697 72.326802
18.850000 145.013452 101.254799 73.667675 56.181311 45.538741 38.894960 25.492701 13.686246 6.033708 139.759137 113.435436 85.235415 70.318974 44.468460 72.565833
18.900000 145.435952 101.566765 73.909462 56.378282 45.708241 39.047208 25.609807 13.771788 6.098233 140.168401 113.778247 85.506693 70.552204 44.635187 72.804806
18.950000 145.858339 101.878652 74.151191 56.575207 45.877704 39.199425 25.726891 13.857317 6.162753 140.577555 114.120969 85.777904 70.785377 44.801877 73.043721
19.000000 146.280614 102.190459 74.392862 56.772086 46.047129 39.351609 25.843954 13.942834 6.227267 140.986601 114.463603 86.049047 71.018495 44.968531 73.282578
19.050000 146.702777 102.502187 74.634474 56.968921 46.216518 39.503762 25.960996 14.028339 6.291775 141.395539 114.806148 86.320124 71.251557 45.135149 73.521378
19.100000 147.124828 102.813837 74.876029 57.165711 46.385870 39.655884 26.078016 14.113832 6.356278 141.804370 115.148606 86.591134 71.484563 45.301732 73.760121
19.150000 147.546770 103.125408 75.117525 57.362456 46.555186 39.807973 26.195015 14.199313 6.420774 142.213095 115.490977 86.862077 71.717514 45.468278 73.998807
19.200000 147.968601 103.436901 75.358965 57.559157 46.724465 39.960032 26.311993 14.284783 6.485265 142.621713 115.833261 87.132955 71.950411 45.634789 74.237437
19.250000 148.390322 103.748317 75.600347 57.755814 46.893708 40.112059 26.428950 14.370240 6.549751 143.030225 116.175458 87.403767 72.183253 45.801265 74.476010
19.300000 148.811935 104.059656 75.841672 57.952428 47.062915 40.264056 26.545887 14.455686 6.614230 143.438632 116.517569 87.674513 72.416040 45.967706 74.714527
19.350000 149.233438 104.370918 76.082941 58.148997 47.232087 40.416021 26.662802 14.541121 6.678704 143.846935 116.859595 87.945195 72.648773 46.134111 74.952989
19.400000 149.654834 104.682104 76.324153 58.345523 47.401222 40.567956 26.779697 14.626543 6.743173 144.255133 117.201535 88.215812 72.881453 46.300482 75.191394
19.450000 150.076123 104.993214 76.565309 58.542005 47.570323 40.719861 26.896572 14.711954 6.807636 144.663227 117.543391 88.486364 73.114078 46.466818 75.429745
19.500000 150.497304 105.304248 76.806410 58.738445 47.739388 40.871735 27.013426 14.797354 6.872093 145.071218 117.885162 88.756852 73.346651 46.633120 75.668041
19.550000 150.918379 105.615206 77.047455 58.934842 47.908417 41.023578 27.130259 14.882742 6.936545 145.479107 118.226849 89.027276 73.579170 46.799387 75.906281
19.600000 151.339348 105.926090 77.288445 59.131195 48.077412 41.175392 27.247073 14.968119 7.000991 145.886893 118.568453 89.297637 73.811636 46.965620 76.144468
19.650000 151.760211 106.236899 77.529380 59.327507 48.246372 41.327175 27.363866 15.053484 7.065432 146.294577 118.909973 89.567935 74.044050 47.131819 76.382600
19.700000 152.180970 106.547634 77.770260 59.523776 48.415298 41.478929 27.480639 15.138838 7.129867 146.702160 119.251410 89.838169 74.276412 47.297984 76.620678
19.750000 152.601624 106.858295 78.011085 59.720003 48.584188 41.630653 27.597392 15.224181 7.194297 147.109642 119.592765 90.108341 74.508721 47.464115 76.858703
19.800000 153.022174 107.168882 78.251856 59.916188 48.753045 41.782347 27.714125 15.309512 7.258721 147.517024 119.934038 90.378451 74.740978 47.630213 77.096674
19.850000 153.442620 107.479396 78.492573 60.112332 48.921867 41.934012 27.830838 15.394833 7.323140 147.924306 120.275229 90.648498 74.973184 47.796277 77.334591
19.900000 153.862963 107.789837 78.733237 60.308433 49.090655 42.085647 27.947532 15.480142 7.387554 148.331488 120.616339 90.918484 75.205338 47.962308 77.572456
19.950000 154.283204 108.100206 78.973847 60.504494 49.259410 42.237254 28.064206 15.565440 7.451962 148.738572 120.957368 91.188408 75.437441 48.128306 77.810268
20.000000 154.703342 108.410502 79.214404 60.700513 49.428130 42.388831 28.180860 15.650727 7.516365 149.145557 121.298317 91.458271 75.669493 48.294270 78.048028
20.050000 155.123379 108.720727 79.454907 60.896492 49.596818 42.540379 28.297495 15.736003 7.580762 149.552444 121.639185 91.728072 75.901495 48.460203 78.285735
20.100000 155.543315 109.030879 79.695358 61.092429 49.765471 42.691899 28.414110 15.821268 7.645154 149.959233 121.979973 91.997814 76.133446 48.626102 78.523390
