web/models/kne/22/mosfit_kn_0.051209_0.0300_10.0000.dat
# %ECSV 1.0
# ---
# datatype:
# - {name: time, datatype: float64}
# - {name: PS1_g, datatype: float64}
# - {name: PS1_i, datatype: float64}
# - {name: PS1_r, datatype: float64}
# - {name: PS1_w, datatype: float64}
# - {name: PS1_y, datatype: float64}
# - {name: PS1_z, datatype: float64}
# - {name: swift_uvot_B, datatype: float64}
# - {name: swift_uvot_U, datatype: float64}
# - {name: swift_uvot_uvm2, datatype: float64}
# - {name: swift_uvot_uvw1, datatype: float64}
# - {name: swift_uvot_uvw2, datatype: float64}
# - {name: swift_uvot_V, datatype: float64}
# - {name: johnson_B, datatype: float64}
# - {name: johnson_I, datatype: float64}
# - {name: johnson_R, datatype: float64}
# - {name: johnson_U, datatype: float64}
# - {name: johnson_V, datatype: float64}
# - {name: sdss_g, datatype: float64}
# - {name: sdss_i, datatype: float64}
# - {name: sdss_r, datatype: float64}
# - {name: sdss_u, datatype: float64}
# - {name: sdss_z, datatype: float64}
# - {name: ATLAS_c, datatype: float64}
# - {name: ATLAS_o, datatype: float64}
# - {name: ukirt_H, datatype: float64}
# - {name: ukirt_J, datatype: float64}
# - {name: ukirt_K, datatype: float64}
# - {name: Clear, datatype: float64}
# meta: !!omap
# - comment: [kappa = 10.0, type = rprocess, mass = 0.051209162050732976, velocity = 0.030000000000000023, theta_obs = 0.0, tfloor = 1000.0]
# schema: astropy-2.0
time PS1_g PS1_i PS1_r PS1_w PS1_y PS1_z swift_uvot_B swift_uvot_U swift_uvot_uvm2 swift_uvot_uvw1 swift_uvot_uvw2 swift_uvot_V johnson_B johnson_I johnson_R johnson_U johnson_V sdss_g sdss_i sdss_r sdss_u sdss_z ATLAS_c ATLAS_o ukirt_H ukirt_J ukirt_K Clear
[from data line 142]
8.597194388777554 -8.91616124951316 -11.528743320287749 -10.5634739718983 -10.626077669915404 -12.339489761140428 -12.041931684815612 -7.838849476144861 -6.526082574155261 -0.781926660194066 -4.593727776929271 -2.62835018909087 -9.719748810925452 -7.988010195872061 -12.216936662534572 -11.073974885763846 -6.711995320631711 -9.838002208950892 -8.669437464348135 -11.512538754547421 -10.541711953115112 -5.787272079434267 -12.132056525740413 -9.701505337904344 -11.065786678948992 -13.03839855642998 -12.824569143798888 -13.026940260379225 -11.025103260551727
8.657314629258517 -8.900534852761375 -11.523465285809635 -10.554033389065616 -10.61848943931766 -12.338526737511124 -12.03925332554828 -7.819455709341617 -6.498316828971209 -0.7362576721681817 -4.568667593133888 -2.603800934253669 -9.70666002626568 -7.969459139129217 -12.212936096600561 -11.066097457653516 -6.68554614028632 -9.825555348310642 -8.652886566190237 -11.507145953071092 -10.53209228216911 -5.760090024754145 -12.129917886141381 -9.689470956359632 -11.058827809487717 -13.043714465648788 -12.827024270308625 -13.034188584569309 -11.019890502461571
8.71743486973948 -8.884876656136669 -11.518129056129656 -10.544544880723254 -10.610857138366896 -12.337495979001343 -12.036510761572075 -7.800037821873423 -6.4705470067177195 -0.6906438977414124 -4.54365656534792 -2.5793070214589373 -9.69353028890491 -7.950884786980094 -12.208874790003847 -11.05817113554534 -6.659089031890854 -9.813067980132642 -8.636306089856465 -11.501695223694028 -10.52242447522266 -5.732900785954058 -12.127714462340613 -9.677399926994337 -11.051818182635582 -13.04895134373776 -12.82940537363629 -13.041354870756654 -11.014631399471
8.77755511022044 -8.869202362353477 -11.512745549249015 -10.53502129638673 -10.603192650496869 -12.33640638736535 -12.033713698777877 -7.780613279975014 -6.442794449863101 -0.645114858048788 -4.51871391275958 -2.5548870693763024 -9.680374157598852 -7.932304193294527 -12.204763062165444 -11.050208023392731 -6.632644738369191 -9.800554350835407 -8.619712166983025 -11.496197537997048 -10.512721470652533 -5.705725455432731 -12.125455703746244 -9.665306244568193 -11.044769466774689 -13.054115131496287 -12.831719745190407 -13.04844414549075 -11.00933669163732
8.837675350701403 -8.853487578117765 -11.507299062099055 -10.525443443287834 -10.595478252882184 -12.335245866166051 -12.030848608895557 -7.761154542943852 -6.415024589104021 -0.599620887279289 -4.493806633654174 -2.5305081702673458 -9.667169391993255 -7.913690510376185 -12.20058627684849 -11.042190226480308 -6.606179803794074 -9.78799274924217 -8.603079629003858 -11.49063709697515 -10.502963929533848 -5.6785299693627245 -12.123128530570213 -9.653168496996951 -11.03766452909765 -13.059198960668413 -12.833958135849757 -13.055451147810755 -11.00399061649922
8.897795591182364 -8.837757638573382 -11.501806887314565 -10.515831856237341 -10.587732922412094 -12.334028332010334 -12.027930753514102 -7.741689897606526 -6.387272225001404 -0.5542105848236849 -4.468966492331763 -2.5062013370428313 -9.653939387326684 -7.895071343755106 -12.196360725182142 -11.034137038286175 -6.57972801511357 -9.77540605363801 -8.586434531191216 -11.485031282991809 -10.493172532698143 -5.651348696191558 -12.120747777079224 -9.641009175868742 -11.030521937977777 -13.064211805272643 -12.83613177327952 -13.06238332698136 -10.998610255823245
8.957915831663327 -8.821994807707707 -11.496257719293794 -10.506172648535212 -10.57994384499283 -12.332745144979587 -12.024950434741601 -7.722199281798377 -6.359512094425153 -0.5088475101722372 -4.444169252161512 -2.4819423377811343 -9.640668004323675 -7.876427142185779 -12.19207588999198 -11.026035530798588 -6.553264934575413 -9.762778515118809 -8.569758564055316 -11.47936871954391 -10.483333285931273 -5.624156749514331 -12.118304076563309 -9.628812745207593 -11.023329327227653 -13.069148886210582 -12.838234120422543 -13.069237090629214 -10.993184240233003
9.018036072144287 -8.80620889921996 -11.490658530579836 -10.496473942100586 -10.572118527860663 -12.331402072622915 -12.021913901716985 -7.70269356475283 -6.331757371017961 -0.4635496545977018 -4.419426495746812 -2.4577422871506225 -9.627364388625612 -7.857768520845777 -12.187738385382449 -11.01789337403223 -6.526803383163131 -9.750119087606189 -8.55306179657319 -11.473656411176254 -10.47345436630355 -5.596967162001523 -12.115803523141775 -9.616587986353178 -11.016094104240146 -13.074014190959067 -12.840269977341999 -13.076015875304206 -10.987719381125185
9.07815631262525 -8.79039305658571 -11.485005217681756 -10.486730531521893 -10.56425217805284 -12.329996143538349 -12.018817734793856 -7.683164903153702 -6.303997986324408 -0.41830212949001844 -4.394728206183949 -2.4335910049750384 -9.614022379458522 -7.839087846687697 -12.183344442139152 -11.00970576459914 -6.500333649977385 -9.737421771769055 -8.536337127323499 -11.467890224279955 -10.46353052476638 -5.569770034925252 -12.113242836277784 -9.60432896504793 -11.008811701029053 -13.07880637647587 -12.842237260241747 -13.082718837383974 -10.982211485202633
9.138276553106213 -8.77455507348321 -11.47930339542528 -10.47694891444209 -10.556350798340333 -12.32853204404913 -12.015666991960181 -7.663621904984615 -6.276244317236248 -0.3731189835247788 -4.370083351702796 -2.409497041003273 -9.60064926464937 -7.820393527448818 -12.178899398476705 -11.001478848172283 -6.473865843353252 -9.724693704724368 -8.519592546094135 -11.462075798327476 -10.453568302648168 -5.542575641387177 -12.11062695348991 -9.592042672762169 -11.001488059619202 -13.083528751418728 -12.844139907031236 -13.089348858372565 -10.97666601190868
9.198396793587174 -8.758689530292472 -11.473549896450699 -10.467125022787176 -10.54841064680371 -12.327007530747185 -12.012459064224643 -7.644058345544958 -6.248488318988397 -0.3279882217310286 -4.345483831774928 -2.385452123974726 -9.587240196654811 -7.80167950858058 -12.174400359739732 -10.993208883749201 -6.447392212104816 -9.711930169786916 -8.502822433072303 -11.456209941379676 -10.44356359672756 -5.515376077531986 -12.107953378993717 -9.579724439664012 -10.994119630242292 -13.088180398601404 -12.845976397402248 -13.095905427572772 -10.971079705448936
9.258517034068136 -8.742794845782473 -11.467744093122665 -10.457257850671162 -10.540430808043002 -12.325422357938827 -12.009193555883666 -7.624472312104916 -6.220727310136276 -0.282905453263516 -4.320926547398152 -2.3614529242136792 -9.573793848949592 -7.782943940393107 -12.169846810399651 -10.984894994980003 -6.420910203292493 -9.699129889788692 -8.486025122914498 -11.450292015631494 -10.433515388736385 -5.488168730208685 -12.105221762215415 -9.567372981753817 -10.986705612376806 -13.092761608751944 -12.847746778871494 -13.102388998893487 -10.965451836992681
9.318637274549097 -8.726875282272886 -11.461889230831357 -10.447351058389138 -10.53241466554363 -12.323779328872515 -12.00587344823381 -7.604868456240022 -6.192966770259183 -0.23787783279655184 -4.296415944483787 -2.3375035558758337 -9.560314260024072 -7.764191371615844 -12.165241863462867 -10.97654066854971 -6.39442517507873 -9.686296826553098 -8.46920497011343 -11.444325278196121 -10.423427361883277 -5.460959038927555 -12.102435025381375 -9.554992167041476 -10.979249392897508 -13.097274517815832 -12.849453492859356 -13.108801500117407 -10.95978551777236
9.37875751503006 -8.71095124684853 -11.45599927317038 -10.437421209391857 -10.52437747777681 -12.322089692690472 -12.002511073547595 -7.58526956282931 -6.1652347117597905 -0.1929443418642789 -4.271977189766485 -2.3136285535796683 -9.546820300469562 -7.745444021811533 -12.16059867546375 -10.968161453728513 -6.367964331166071 -9.673449422980534 -8.452382959647338 -11.4383237647308 -10.41331620100376 -5.433774680718599 -12.09960515321244 -9.542600095643223 -10.971765936653437 -13.101726383623332 -12.851105618081798 -13.115148954618048 -10.954094463102937
9.438877755511022 -8.695009308716983 -11.450065699831757 -10.427457812098293 -10.516309583795191 -12.320346966516365 -11.99909913988817 -7.56566042207445 -6.137511950600327 -0.14807729015789572 -4.247591939705355 -2.2898095836204067 -9.533299754744792 -7.726687076932745 -12.155909329278415 -10.959747596839382 -6.341509117525678 -9.660575765701614 -8.435545222628011 -11.432278900774246 -10.403171331274095 -5.406596757086373 -12.096725108128172 -9.530185023097175 -10.964245918900755 -13.106113677960119 -12.852698280843134 -13.12142874319729 -10.948370120905757
9.498997995991983 -8.679039744901544 -11.444082443316805 -10.41745333247924 -10.508204056879968 -12.318546597228668 -11.995632492966113 -7.546029988631303 -6.109784482424114 -0.10325634018759455 -4.223246711157422 -2.2660331161508505 -9.519743806998441 -7.707909785542174 -12.151168205771238 -10.951292112556345 -6.315046000056725 -9.647667263446527 -8.418681710087963 -11.426184578588217 -10.3929851570566 -5.379411478199678 -12.093789924846465 -9.517738477709585 -10.956682671926625 -13.110434041573969 -12.854228123028014 -13.127639181515319 -10.942606385824174
9.559118236472946 -8.663045613116296 -11.43805191907429 -10.407410449744479 -10.500063373183739 -12.316690715689056 -11.992113378898015 -7.526381571846744 -6.082056141283569 -0.05848636005916941 -4.198944451539326 -2.242301817052382 -9.506155381224747 -7.689115386026163 -12.146377634752358 -10.942797564499351 -6.288578738534813 -9.634726787769841 -8.401795538370056 -11.420043221159535 -10.382760373628575 -5.352222658020764 -12.090801810392886 -9.505263255674379 -10.949078693363301 -13.11468916880141 -12.855697039240573 -13.133781826900462 -10.936805550582367
9.619238476953907 -8.64701897189411 -11.431969226563705 -10.397323043744056 -10.491881915493568 -12.314775680503391 -11.988537656422587 -7.5067061304475855 -6.054315423471035 -0.013750584380860964 -4.174674056984262 -2.218604519537116 -9.492527290718115 -7.670295082664897 -12.141533088633587 -10.934258290127634 -6.262096220968065 -9.6217473396279 -8.384878494842738 -11.41384989450465 -10.372490809473973 -5.325018971684443 -12.08775678093847 -9.492752456121174 -10.941428584077855 -13.118877242251974 -12.857102381673256 -13.139855423275877 -10.93096268072383
9.67935871743487 -8.630976955940266 -11.42584612216437 -10.387205041872303 -10.48367250066688 -12.312810978648194 -11.984915718674447 -7.487022788679179 -6.026585819596981 0.030918369214611552 -4.150456482230922 -2.1949616365207834 -9.478875394168071 -7.651467521085781 -12.136645648448134 -10.925687363540312 -6.235621264352062 -9.608744416084923 -8.367948196928605 -11.407616415227384 -10.362190494869523 -5.297823633935632 -12.084664937704321 -9.480221277559924 -10.933744928809688 -13.123004405657388 -12.858451819670334 -13.145865079248898 -10.925089295918546
9.739478957915832 -8.614900893994726 -11.419670560391726 -10.37704173497442 -10.475421616762564 -12.31078732753316 -11.981237183791116 -7.4673104585441505 -5.9988408708095875 0.0755583374407438 -4.12626696979574 -2.171348569368806 -9.465182637621911 -7.63261216935096 -12.131704088603367 -10.917071093576702 -6.209128254695575 -9.595701386262741 -8.350985381106621 -11.40133066449227 -10.351844603112657 -5.270610557056372 -12.081516248197328 -9.46765336021615 -10.926014620788749 -13.127065404503318 -12.859738263251506 -13.151806782867899 -10.91917341319725
9.799599198396793 -8.598804022138129 -11.413451694297674 -10.366843925410159 -10.467139203141489 -12.308712153651982 -11.977510168161327 -7.447583890669441 -5.971098644041515 0.12014434318705813 -4.1021214997512345 -2.1477808426276144 -9.451461293973395 -7.6137434101214865 -12.126717047992141 -10.908419630223804 -6.1826347491761275 -9.582630245413862 -8.334003650218378 -11.39500184116141 -10.341464015855202 -5.243397602256383 -12.07831860585772 -9.455060461274112 -10.918247436530955 -13.131065116518384 -12.860967753544797 -13.157684622031256 -10.913223978961089
9.859719438877756 -8.582677056689363 -11.407183702739001 -10.356604402001661 -10.458818645560495 -12.306581074080327 -11.973729717260717 -7.427832544082743 -5.943345792410355 0.16469569616525082 -4.078007365270313 -2.1242457397985457 -9.437702932067957 -7.594850988287693 -12.121679131985303 -10.899726289699078 -6.156127845153325 -9.569522780416191 -8.316993411481057 -11.388624085913985 -10.331041461893644 -5.216171621859047 -12.075067237226111 -9.44243449295854 -10.910436994164758 -13.135001248649585 -12.862137045683644 -13.163496947702987 -10.907235166648839
9.919839679358716 -8.566523203665675 -11.400869059704455 -10.346325938166672 -10.450462504023754 -12.304396241999367 -11.969898113802753 -7.408059908180756 -5.915586402800681 0.20920711539412284 -4.0539277872324675 -2.100746233334568 -9.42391060081783 -7.575938315775769 -12.116592718249628 -10.890993717126058 -6.129611543315036 -9.556381982769294 -8.299957937511966 -11.382199881243071 -10.320579732020896 -5.188936676659495 -12.071764381547716 -9.429778370696198 -10.902585865408039 -13.138875465944489 -12.863248028464438 -13.169245272053372 -10.90120933459131
9.97995991983968 -8.550347156507794 -11.39451122270005 -10.33601249388294 -10.442074424457832 -12.302160582281392 -11.966018496738187 -7.388271145682373 -5.887826645026717 0.25367038376124373 -4.0298878673857885 -2.0772871516226696 -9.410088716398743 -7.557010432737833 -12.111461104863583 -10.882225663951026 -6.1030918636922955 -9.54321217713211 -8.282902033546211 -11.375732698773326 -10.310082813194672 -5.161698883963144 -12.068413106963032 -9.41709631692822 -10.894697683110035 -13.142689893570479 -12.864303192940374 -13.174931470816345 -10.895149806680546
10.040080160320642 -8.534139239843377 -11.388104089601043 -10.325656531841023 -10.433647500738488 -12.29986947969861 -11.96208565945307 -7.3684552804635315 -5.860052645475378 0.298105506341952 -4.0058745016408 -2.053855407627981 -9.396228478671269 -7.53805666277707 -12.106278631077895 -10.873415141933364 -6.076555390167837 -9.530004791689633 -8.265815705003341 -11.369216396931137 -10.299543105070494 -5.1344445729322885 -12.065008395018193 -9.404379897707305 -10.8867657715526 -13.146442081212582 -12.865299102583341 -13.180553761514735 -10.889050496269927
10.100200400801603 -8.51790642799429 -11.38165262241916 -10.31526382914425 -10.425187046539062 -12.297527038219656 -11.95810404969695 -7.348620041249659 -5.832273770107257 0.34249974558198293 -3.981895715250942 -2.030458718575104 -9.382336397749846 -7.519084544664864 -12.101050002731768 -10.864567598153993 -6.050011240653188 -9.516766193969486 -8.2487061075404 -11.362655960481849 -10.288966426068757 -5.107183015243351 -12.061554581082632 -9.391635341301114 -10.878795389858471 -13.150134856226499 -12.866239168109528 -13.186114574599797 -10.88291621209521
10.160320641282565 -8.501647279968463 -11.375156182197337 -10.30483342797531 -10.416692194283197 -12.295132942777975 -11.954073224771431 -7.328763705527602 -5.804487648642116 0.3868568857780703 -3.9579488765422073 -2.007094316736285 -9.368411242738468 -7.500092413184664 -12.095774676326247 -10.85568218825043 -6.023457152163225 -9.503495197749315 -8.231571729270772 -11.35605074187211 -10.27835180698169 -5.079911895635085 -12.058051261665508 -9.378861462999808 -10.87078575803746 -13.153768362104683 -12.86712332499169 -13.191614193545698 -10.876746249878817
10.220440881763526 -8.485361919922667 -11.368615165025844 -10.29436561906488 -10.40816322203936 -12.292687691000879 -11.949993643323324 -7.308886310799646 -5.7766941011559325 0.4311776179238942 -3.934033351573198 -1.9837614059007644 -9.354453220511758 -7.481080316864052 -12.090453077280944 -10.846759233188454 -5.996892985033295 -9.490192019522448 -8.214412670950466 -11.349401134494954 -10.267699537000006 -5.052631060842092 -12.05449890616336 -9.366058455020774 -10.86273721400941 -13.157343228920693 -12.8679521440052 -13.197053287532155 -10.870540925708347
