web/models/kne/22/mosfit_kn_0.406447_0.1397_10.0000.dat
# %ECSV 1.0
# ---
# datatype:
# - {name: time, datatype: float64}
# - {name: PS1_g, datatype: float64}
# - {name: PS1_i, datatype: float64}
# - {name: PS1_r, datatype: float64}
# - {name: PS1_w, datatype: float64}
# - {name: PS1_y, datatype: float64}
# - {name: PS1_z, datatype: float64}
# - {name: swift_uvot_B, datatype: float64}
# - {name: swift_uvot_U, datatype: float64}
# - {name: swift_uvot_uvm2, datatype: float64}
# - {name: swift_uvot_uvw1, datatype: float64}
# - {name: swift_uvot_uvw2, datatype: float64}
# - {name: swift_uvot_V, datatype: float64}
# - {name: johnson_B, datatype: float64}
# - {name: johnson_I, datatype: float64}
# - {name: johnson_R, datatype: float64}
# - {name: johnson_U, datatype: float64}
# - {name: johnson_V, datatype: float64}
# - {name: sdss_g, datatype: float64}
# - {name: sdss_i, datatype: float64}
# - {name: sdss_r, datatype: float64}
# - {name: sdss_u, datatype: float64}
# - {name: sdss_z, datatype: float64}
# - {name: ATLAS_c, datatype: float64}
# - {name: ATLAS_o, datatype: float64}
# - {name: ukirt_H, datatype: float64}
# - {name: ukirt_J, datatype: float64}
# - {name: ukirt_K, datatype: float64}
# - {name: Clear, datatype: float64}
# meta: !!omap
# - comment: [kappa = 10.0, type = rprocess, mass = 0.4064473885499596, velocity = 0.13966666666666672, theta_obs = 0.0, tfloor = 1000.0]
# schema: astropy-2.0
time PS1_g PS1_i PS1_r PS1_w PS1_y PS1_z swift_uvot_B swift_uvot_U swift_uvot_uvm2 swift_uvot_uvw1 swift_uvot_uvw2 swift_uvot_V johnson_B johnson_I johnson_R johnson_U johnson_V sdss_g sdss_i sdss_r sdss_u sdss_z ATLAS_c ATLAS_o ukirt_H ukirt_J ukirt_K Clear
[from data line 226]
13.647294589178356 -14.8432887612603 -16.920574364820133 -16.170045758165656 -16.14944624758481 -17.51033935922475 -17.300261153008787 -13.95810819450815 -13.07679601959201 -8.276989118380133 -11.094452313198033 -9.121802053586364 -15.51179913014079 -14.067654752519964 -17.54370643052611 -16.60372304637453 -13.193809220885441 -15.599627049124843 -14.644196341860045 -16.910264224474876 -16.156631144786076 -12.30544133919965 -17.363557095173636 -15.44894460759295 -16.548836305559256 -17.891314227196787 -17.82214684919781 -17.78261395567911 -16.431082461670528
13.707414829659317 -14.878865336011202 -16.94731519191979 -16.200319829068413 -16.178569299144776 -17.53347298238742 -17.324816545702113 -13.996809427028857 -13.122596151260755 -8.338673311757749 -11.141014323951701 -9.168729212086028 -15.545080927479528 -14.105765879606714 -17.569390868653453 -16.632793801758982 -13.238456911622968 -15.63245120787865 -14.680555964493927 -16.937101527415628 -16.187027890123744 -12.350663365107764 -17.387687555922255 -15.481659163450168 -16.577152228127936 -17.909319375141695 -17.842482240376647 -17.799059981144097 -16.458363544092638
13.76753507014028 -14.914475821817117 -16.974063133275283 -16.230611296869917 -16.20771400292334 -17.556604226689156 -17.349373092397276 -14.035552480920554 -13.168459031067563 -8.400478050944788 -11.187695818075234 -9.215798993512529 -15.578387470535972 -14.143919060103144 -17.59507981517877 -16.66188036183491 -13.283163291861648 -15.665300139711531 -14.716951770366276 -16.963946206318887 -16.217441911316648 -12.395944978692466 -17.41181846584153 -15.514402439680453 -16.60548226788883 -17.927310694055297 -17.862808899734244 -17.81548898389317 -16.485663998270326
13.827655310621243 -14.950121019334563 -17.00081883933782 -16.260920864831974 -16.23688113767331 -17.579733701042848 -17.37393141631241 -14.074338194008977 -13.214385620100995 -8.462404657750508 -11.234498348204394 -9.263013483565356 -15.611719496832912 -14.182115137225576 -17.62077390938269 -16.69098342543767 -13.327929294507765 -15.69817458539166 -14.753384572629429 -16.990798912787533 -16.247873909238795 -12.441287114869866 -17.43595044623433 -15.547175224394056 -16.63382712007582 -17.945288752795832 -17.883127413648374 -17.83190152163678 -16.512984611168555
13.887775551102203 -14.98579944809924 -17.0275814526301 -16.29124741911939 -16.266069764608506 -17.602860821921134 -17.398490823919897 -14.113164849895956 -13.260373704381774 -8.524449887332167 -11.281420211918078 -9.310371483184404 -15.645075663966328 -14.22035245111433 -17.646472374961377 -16.720101979118198 -13.372752778293872 -15.731073245474628 -14.789852834822259 -17.01765878205606 -16.278322757038755 -12.486687584308118 -17.460082838718893 -15.579976274337817 -16.662185833622285 -17.963253375838676 -17.903437420565282 -17.848297543814 -16.540324612897663
13.947895791583166 -15.021507147628252 -17.054348476909453 -16.32158787095623 -16.295277074715635 -17.62598370961017 -17.423049190621853 -14.15202795573973 -13.30641761824035 -8.586605524657788 -11.328456143175334 -9.35786818626163 -15.678452369436783 -14.258626620202989 -17.672172897041325 -16.749233147594797 -13.417628260305118 -15.763992602990252 -14.8263524659896 -17.044523301425478 -16.308785341585246 -12.532140801930787 -17.484213593900257 -15.61280213637918 -16.690555667136184 -17.981203577070946 -17.923737527786727 -17.86467633666518 -16.56768153663208
14.008016032064127 -15.057245729004087 -17.08112109453955 -16.351943566821436 -16.324504452284945 -17.649103391116086 -17.4476076026642 -14.190929258841358 -13.352519456923684 -8.648874524227587 -11.375608827336325 -9.405506834972716 -15.711851089409887 -14.29693937767054 -17.69787661338673 -16.778378234101165 -13.462557771269996 -15.796934122319078 -14.86288511445398 -17.07139365745137 -16.339263011020204 -12.577648818901555 -17.508343782504756 -15.645654317719853 -16.718937896407073 -17.999140180732716 -17.944028651085695 -17.88103866358536 -16.595056716206393
14.06813627254509 -15.093013088390403 -17.107898033461115 -16.382312894961863 -16.353750482479246 -17.67221895271403 -17.472165003240168 -14.229866346941915 -13.398676144055415 -8.711252396521235 -11.422875628349 -9.453285288387082 -15.74526991399945 -14.335288379822412 -17.723582357641884 -16.807535753791456 -13.507538335034923 -15.829895946038713 -14.899448601992162 -17.09826856852155 -16.369754138106565 -12.623208598175992 -17.532472392410234 -15.678531016483497 -16.747331116448088 -18.017062799150715 -17.964310163256272 -17.89738429738074 -16.62244894692405
14.128256513026052 -15.12880668000518 -17.134677729014438 -16.412693891447443 -16.38301341436824 -17.695329248463185 -17.496720079628272 -14.268836313789503 -13.444883989792586 -8.773733765861852 -11.470253254843072 -9.501200739095758 -15.778706531162829 -14.37367079790786 -17.7492886884403 -16.83670388893874 -13.552566381670037 -15.862875821590306 -14.936040295258337 -17.12514645880436 -16.400256741598955 -12.668816499643132 -17.55659816247814 -15.711430035555924 -16.775733601901592 -18.03497089723162 -17.984581251209395 -17.913712889037484 -16.649856717691218
14.188376753507013 -15.164625492763495 -17.16145962907966 -16.443085813585103 -16.412292651246716 -17.718433932025466 -17.521272402622596 -14.307837972369477 -13.491141443233001 -8.836316335416651 -11.517740601020634 -9.54925259450857 -15.812160027699715 -14.412085487637277 -17.774995114598628 -16.865881972053433 -13.597640411972158 -15.895872868291699 -14.972659141879827 -17.152026770703355 -16.43077006870353 -12.714470987802624 -17.580720690017895 -15.744350543684327 -16.80414473313311 -18.05286443684025 -18.004841736335084 -17.93002449447268 -16.677279563216807
14.248496993987976 -15.200471250098495 -17.18824498588967 -16.473490094553398 -16.44158965794487 -17.741534083003927 -17.545823117937047 -14.34687319784712 -13.537450762748762 -8.899003298171987 -11.565340492668827 -9.597444257136928 -15.845631981457704 -14.450534306363924 -17.80070283859666 -16.89507138646806 -13.64276261415202 -15.92888864945351 -15.009306906361495 -17.17891076110149 -16.461295555011848 -12.760174274347627 -17.604841103002062 -15.777294145738914 -16.832565862418623 -18.07074426939353 -18.02509257322674 -17.946319896273955 -16.704718888749674
14.308617234468937 -15.236339342859768 -17.215030869941952 -16.503903126688755 -16.470901120659462 -17.76462747402098 -17.570369720014334 -14.385936775876289 -13.583805390719537 -8.961785142442395 -11.61304662304767 -9.645769859170649 -15.87911820144414 -14.489012160807334 -17.826409136942456 -16.924268762748007 -13.687926642248797 -15.96191906761774 -15.045978830259337 -17.205795481732427 -16.491829566569773 -12.805919898978342 -17.628956980201984 -15.810256802503577 -16.86099377161307 -18.08860917812799 -18.04533208567964 -17.96259818475963 -16.732171761625736
14.3687374749499 -15.272228935849075 -17.241816842635593 -16.534324305815744 -16.500226569602354 -17.787713846275945 -17.594911877552715 -14.425027718346676 -13.630204026299175 -9.024659929348896 -11.660858100757707 -9.69422902809415 -15.912617935256208 -14.527518100049996 -17.852113624230867 -16.953473562074734 -13.733131239129943 -15.99496339874612 -15.082674042703275 -17.232680489208025 -16.522371490269112 -12.851706572846453 -17.653068013482418 -15.843237836399098 -16.889427964190205 -18.10645917408811 -18.065560161801297 -17.97885945307456 -16.759637828993146
14.428857715430862 -15.30814505206381 -17.268606331265595 -16.564757689052243 -16.52956995834213 -17.810795997615454 -17.619452634297872 -14.464151595672494 -13.676653526586335 -9.087637486002777 -11.708782508537272 -9.742830017634518 -15.946135765191915 -14.56605760397402 -17.87781954440969 -16.98268964104261 -13.778383044119462 -16.028026154060925 -15.119397707317646 -17.259569227699902 -16.55292540063332 -12.897541030802095 -17.67717717551008 -15.876241792177375 -16.91787217055328 -18.124296179865627 -18.085779121287047 -17.99510535849169 -16.78712075523089
14.488977955911823 -15.344081239025176 -17.295395187296254 -16.595198200604155 -16.55892657432611 -17.83387073438007 -17.64398841914046 -14.503301132056176 -13.723144772569693 -9.150704602591556 -11.756810824159434 -9.791564195213528 -15.979665822562723 -14.60462355604259 -17.903523028660643 -17.011912243582554 -13.82367323206844 -16.06110158832571 -15.156143167201659 -17.286457523135024 -16.583486187738323 -12.943414294206548 -17.701281008555565 -15.909262983736578 -16.94632183834628 -18.142118368143475 -18.10598651596573 -18.011334488336153 -16.814616333991097
14.549098196392785 -15.38003771997042 -17.322183668120896 -16.62564607695618 -16.588296743427886 -17.8569383463452 -17.668519507434368 -14.542476525822494 -13.769677941687473 -9.213861473011512 -11.804943663663039 -9.84043273005032 -16.013208318760334 -14.643216167665262 -17.929224344394694 -17.041141622315827 -13.869001976582684 -16.094189922628367 -15.192910642057278 -17.31334563206234 -16.614054084111665 -12.989326528424048 -17.72537979378372 -15.942301675062467 -16.974777231727973 -18.159926089006056 -18.12618266822792 -18.02754721100319 -16.842124933480935
14.609218436873746 -15.416018643966538 -17.348974621004434 -16.656104677526535 -16.61768375970997 -17.88000117143575 -17.693048435702003 -14.581682369825383 -13.816258678219722 -9.277116183261093 -11.853187352723644 -9.889442619842054 -16.046767038636222 -14.681839960265467 -17.95492619064338 -17.070380975667458 -13.91437474238992 -16.127294885634452 -15.229704395580779 -17.340236415408743 -16.644632462590998 -13.035283274777996 -17.749476010669145 -15.97536163164433 -17.003241448071797 -18.177720975305537 -18.146369530772617 -18.043744945583025 -16.869649619810545
14.669338677354709 -15.452021966035954 -17.375766804200286 -16.686572432422118 -16.647086235869626 -17.903058313040745 -17.71757416985002 -14.620916323787256 -13.862884004176959 -9.340464380864905 -11.901539224686104 -9.938591706782457 -16.080340127163854 -14.720492655908245 -17.98062742707969 -17.099628852501933 -13.959788648415802 -16.16041467039627 -15.266522311224051 -17.36712862221033 -16.675219739143152 -13.081281594817256 -17.773568667335677 -16.008441094929946 -17.031713112953817 -18.19550263320488 -18.166546481162378 -18.059927450700425 -16.89718920536917
14.729458917835672 -15.48804904812867 -17.402561223538715 -16.71705048194953 -16.6765053598772 -17.92611065190309 -17.742097638061587 -14.660179861239293 -13.909555686025694 -9.403908561721778 -11.950001562618144 -9.98788288438416 -16.113928830640535 -14.759175716941492 -18.006329023572995 -17.128886357985095 -14.005245405592508 -16.19355051399072 -15.303365781920917 -17.39402326167106 -16.70581705505784 -13.127323215794995 -17.79765867958316 -16.041541344755235 -17.060193310496263 -18.213271781662744 -18.186714311526675 -18.07609539624298 -16.924744842993196
14.789579158316633 -15.524106326252696 -17.429362231826087 -16.74754400214301 -16.70594616176782 -17.949161716631092 -17.76662269112462 -14.699480134424203 -13.9562825547773 -9.467461429183682 -11.998584072710567 -10.037326643319084 -16.14753901209947 -14.797896176745361 -18.03203509287424 -17.158158405631802 -14.050753561752646 -16.226708186166828 -15.34024142734106 -17.4209247086978 -16.73642960942443 -13.173416810867202 -17.82174980501818 -16.0746681892795 -17.088686788135448 -18.23103080140306 -18.206875923439725 -18.092250815084633 -16.95232118087951
14.849699398797595 -15.560199875657634 -17.456173942081232 -16.778057880426633 -16.735413405204085 -17.972214846724714 -17.791152970590414 -14.738823890895596 -14.003072939544623 -9.531134975026156 -12.047295985773747 -10.086933020753793 -16.1811762034768 -14.83666067345592 -18.0577495228959 -17.1874496382321 -14.096321178065978 -16.25989313281593 -15.377155495614243 -17.447837097059313 -16.767062310686356 -13.219570558058145 -17.845845598253476 -16.10782711772039 -17.11719803346039 -18.248781957497787 -18.227034069394783 -18.108395646915 -16.97992262882586
14.909819639278556 -15.596340957618917 -17.483003887171602 -16.80860112781586 -16.764915789170693 -17.99527608847681 -17.815695104770395 -14.778223680689308 -14.049942388648251 -9.59495163585649 -12.096154183964423 -10.136719917460905 -16.214850652348975 -14.87548153988531 -18.08347941342608 -17.216768592003284 -14.141963301355489 -16.29311543112818 -15.414119576913645 -17.4747679994819 -16.797724212868612 -13.265799731518957 -17.869952518724475 -16.14102825145542 -17.145735279971923 -18.266529218471664 -18.247193660727454 -18.124533231174485 -17.00755718155012
14.969939879759519 -15.632560481375801 -17.50987255971415 -16.83919838074985 -16.794476915650254 -18.018361745760867 -17.840267040721685 -14.817714037782245 -14.096933798899727 -9.65897339996641 -12.14520448869143 -10.186734933495568 -16.24859047551403 -14.914392682733983 -18.109244035737817 -17.24613855510504 -14.187721443348675 -16.326402706819817 -15.451165500255577 -17.501738020849338 -16.82844007917975 -13.312146489471033 -17.894088033742914 -16.1742992587763 -17.174320953694053 -18.284283006368508 -18.267367788904174 -18.140672209234975 -17.035246405813993
15.03006012024048 -15.64422442741721 -17.520529048088598 -16.850256551491576 -16.805424004444376 -18.0286107590422 -17.850676129421377 -14.82973027622129 -14.109758170982971 -9.673633266685492 -12.158254373523647 -10.199890689125496 -16.259987106921436 -14.92634664692972 -18.119781615810446 -17.25706463100113 -14.20041290101641 -16.337750672409342 -15.462918475750396 -17.512405426163635 -16.8395109965501 -13.324901308334915 -17.904450141406922 -16.18564577028552 -17.1851625756541 -18.293957851872268 -18.277303264605216 -18.15017317930065 -17.045992049926895
15.090180360721442 -15.631449967414799 -17.515051041345817 -16.841869235505662 -16.797843612180046 -18.026084332033303 -17.846990120262127 -14.814403892448055 -14.08857880646627 -9.639163297480632 -12.135457963987637 -10.176336028069887 -16.24914798681755 -14.911471852740505 -18.115164978951068 -17.249634588778743 -14.180195974402558 -16.327264413926606 -15.449499196259424 -17.50684834378351 -16.831031219897774 -13.304225245300696 -17.901104560322967 -16.175171356527738 -17.178344384763502 -18.29559105974681 -18.277048273274854 -18.1530661256615 -17.0398716358695
15.150300601202405 -15.618654266043652 -17.509546677232866 -16.833457259829103 -16.79024359347471 -18.02353055402662 -17.843277005565827 -14.799056975260225 -14.067382730643061 -9.604692556533013 -12.11268356490736 -10.152823523027198 -16.238284715126376 -14.896577535514059 -18.110521805521167 -17.242180571621237 -14.159961229512305 -16.31675468955819 -15.436059060501783 -17.501264935586907 -16.822526514683602 -13.283531114135112 -17.89773203062195 -16.16467651018219 -17.17150224914482 -18.29719691369799 -18.27676586186417 -18.155931891035145 -17.033732948541385
15.210420841683366 -15.605841768015782 -17.504018976102014 -16.82502421564326 -16.782627353705877 -18.020951862577164 -17.839539452290758 -14.783694470942958 -14.04617602755117 -9.570229699232925 -12.089937470602425 -10.129359379870863 -16.22740136510209 -14.881668551719866 -18.105854945839603 -17.23470598187688 -14.139714565660412 -16.306225502303487 -15.422602639102791 -17.495658237542422 -16.81400049096565 -13.262824905208301 -17.89433515179674 -16.154165218688572 -17.164639448557057 -18.298777026777092 -18.27645801760891 -18.158771839357644 -17.02757909669449
