web/models/kne/22/mosfit_kn_0.144270_0.0927_3.6500.dat
# %ECSV 1.0
# ---
# datatype:
# - {name: time, datatype: float64}
# - {name: PS1_g, datatype: float64}
# - {name: PS1_i, datatype: float64}
# - {name: PS1_r, datatype: float64}
# - {name: PS1_w, datatype: float64}
# - {name: PS1_y, datatype: float64}
# - {name: PS1_z, datatype: float64}
# - {name: swift_uvot_B, datatype: float64}
# - {name: swift_uvot_U, datatype: float64}
# - {name: swift_uvot_uvm2, datatype: float64}
# - {name: swift_uvot_uvw1, datatype: float64}
# - {name: swift_uvot_uvw2, datatype: float64}
# - {name: swift_uvot_V, datatype: float64}
# - {name: johnson_B, datatype: float64}
# - {name: johnson_I, datatype: float64}
# - {name: johnson_R, datatype: float64}
# - {name: johnson_U, datatype: float64}
# - {name: johnson_V, datatype: float64}
# - {name: sdss_g, datatype: float64}
# - {name: sdss_i, datatype: float64}
# - {name: sdss_r, datatype: float64}
# - {name: sdss_u, datatype: float64}
# - {name: sdss_z, datatype: float64}
# - {name: ATLAS_c, datatype: float64}
# - {name: ATLAS_o, datatype: float64}
# - {name: ukirt_H, datatype: float64}
# - {name: ukirt_J, datatype: float64}
# - {name: ukirt_K, datatype: float64}
# - {name: Clear, datatype: float64}
# meta: !!omap
# - comment: [kappa = 3.65, type = rprocess, mass = 0.1442699905917794, velocity = 0.09266666666666673, theta_obs = 0.0, tfloor = 1000.0]
# schema: astropy-2.0
time PS1_g PS1_i PS1_r PS1_w PS1_y PS1_z swift_uvot_B swift_uvot_U swift_uvot_uvm2 swift_uvot_uvw1 swift_uvot_uvw2 swift_uvot_V johnson_B johnson_I johnson_R johnson_U johnson_V sdss_g sdss_i sdss_r sdss_u sdss_z ATLAS_c ATLAS_o ukirt_H ukirt_J ukirt_K Clear
[from data line 57]
3.4869739478957915 -12.253776388153739 -13.900820134801304 -13.32177434673298 -13.254521181695882 -14.316731283017194 -14.174933368968983 -11.51891179192009 -10.982735891888424 -6.96763355928477 -9.101176967320566 -7.177685015563643 -12.807923586729004 -11.602005134079882 -14.473228824022623 -13.699186532847147 -11.042917709173363 -12.87506976246254 -12.092697989324588 -13.89516827850274 -13.31376409966575 -10.181541542828487 -14.218212439053808 -12.72417354093486 -13.608304627725776 -14.452891623657747 -14.494846581752048 -14.270065374892782 -13.450458926109778
3.5470941883767533 -12.237844269427836 -13.902977923299584 -13.316747750765554 -13.251052066132978 -14.326120223642835 -14.18149251080914 -11.496735637196018 -10.946062641380632 -6.897495027324417 -9.057642793358198 -7.130556195813206 -12.796910855928811 -11.580849745711873 -14.477488873586044 -13.696431922603029 -11.008666070157435 -12.864862081527198 -12.075172081010876 -13.897131980362971 -13.308533620514247 -10.146195000494789 -14.225585496311943 -12.71375727574279 -13.607029694525625 -14.472365918382105 -14.509747554814536 -14.292582104080969 -13.450421774716297
3.6072144288577155 -12.22172500583012 -13.904797365322086 -13.311440390156264 -13.247325720829934 -14.335117626680027 -14.1876800317403 -11.474417887591006 -10.90936841937129 -6.827657181423528 -9.0143705993464 -7.08387157431272 -12.785659985953501 -11.55955195937539 -14.481395733174189 -13.69338551045071 -10.974370200824428 -12.854415012247527 -12.057471976323502 -13.898758790964365 -13.30302206274478 -10.110809926134579 -14.232582529125377 -12.703122794193593 -13.605453724961816 -14.491382913012652 -14.524220690470704 -14.3146225655979 -13.450114173138541
3.6673346693386772 -12.205439673302863 -13.906299298640548 -13.30587329240359 -13.243362025906062 -14.343743993706468 -14.1935165878645 -11.451979871218036 -10.872674653088605 -6.758140645073303 -8.971376728166103 -7.037641148791 -12.77419227356716 -11.538132922504548 -14.484970131982681 -13.690068116779567 -10.940051605979885 -12.843749717896669 -12.039618778129952 -13.900069556630736 -13.297250506457647 -10.075407923539075 -14.2392241228867 -12.69229069833667 -13.603597414333759 -14.509962447856209 -14.538286132083512 -14.336206396259728 -13.449555482149176
3.727454909819639 -12.188981556718907 -13.907485910125121 -13.300045197474653 -13.239159441316009 -14.35200484590382 -14.199006416819202 -11.42941195786997 -10.835964492807726 -6.688910954914234 -8.928636141580881 -6.9918321112661665 -12.762503689042887 -11.51658335341429 -14.488215216378386 -13.686479436550638 -10.905694729268653 -12.832862451847669 -12.021604992519386 -13.901066374308133 -13.291217637401811 -10.039972975737932 -14.24551486033014 -12.681256615527374 -13.60146108727184 -14.528114516106994 -14.551951847919591 -14.35734493490047 -13.448745410525564
3.787575150300601 -12.172346123430309 -13.908360509667546 -13.293956382806229 -13.234717950929564 -14.359906420206379 -14.204154629735513 -11.406707053417488 -10.799224479405414 -6.619939093180121 -8.886127950997409 -6.946416388811997 -12.750592076686857 -11.494896459949512 -14.491135138314412 -13.682620583038727 -10.871287255705433 -12.821751304009455 -12.00342540096516 -13.90175247493696 -13.28492368701733 -10.004492365004491 -14.25146015447499 -12.670018061207653 -13.599046406924344 -14.545849272512362 -14.565226218842733 -14.378049515373766 -13.447685022913785
3.847695390781563 -12.155555254975763 -13.90894352563297 -13.287627936673427 -13.230057524584478 -14.367468352195889 -14.208981192962522 -11.383887692963903 -10.762478239449642 -6.551250301210081 -8.843871605936524 -6.901408048650119 -12.738479174428765 -11.473094546196808 -14.493750085999093 -13.678512304457808 -10.83685271266851 -12.81043783850153 -11.985102018717075 -13.902148307736724 -13.278389804286572 -9.968989782025659 -14.257079853055767 -12.658596117209822 -13.596373909157382 -14.563185072685057 -14.578128184310335 -14.398338102595803 -13.446393596064876
3.9078156312625247 -12.138608389484915 -13.90924031639079 -13.281062941477959 -13.225180859152701 -14.374698175042084 -14.213492806938266 -11.360951407053854 -10.725718490107674 -6.482825387785971 -8.801853349052369 -6.85678694176865 -12.726166255993025 -11.451175345742403 -14.49606604175009 -13.674158287973903 -10.80238469625182 -12.798923496365793 -11.96663376729143 -13.902259172339875 -13.2716190442898 -9.933458531589316 -14.262380875538572 -12.646991707722375 -13.59344768048734 -14.5801323278798 -14.590666853366512 -14.418221972787675 -13.444874574205556
3.967935871743487 -12.1215183738971 -13.909264821718939 -13.274274978036882 -13.22010072293299 -14.381610072177669 -14.217703578606855 -11.337910805164714 -10.68895690209196 -6.414673036406085 -8.760080027704067 -6.812554491774975 -12.713666694867378 -11.42915139333358 -14.49809700733977 -13.669572107609824 -10.76789510995723 -12.787221600006065 -11.948033402753513 -13.902099001596167 -13.264625016084342 -9.897910520140467 -14.267377329362692 -12.635217686147637 -13.590281298672231 -14.5967054000174 -14.602856510434082 -14.437715537094283 -13.443140552400266
4.028056112224449 -12.10427150973766 -13.90901323423991 -13.267256373909309 -13.214809555389238 -14.3882040304314 -14.221612024905035 -11.314748885349577 -10.652168485164868 -6.346749189168491 -8.718519443923896 -6.768672051782353 -12.700969666964419 -11.407006142317012 -14.499840272254964 -13.664747223848039 -10.733360359783816 -12.775321689756021 -11.929286359101532 -13.901663886019122 -13.257399967404542 -9.862321608939801 -14.272068138431688 -12.623263109940854 -13.586868961965699 -14.612909442493912 -14.614699968168663 -14.456825506175866 -13.441185536781077
4.0881763527054105 -12.086911206409674 -13.908519176193632 -13.26004471862987 -13.209343089561045 -14.39450954698735 -14.225249279281762 -11.291512598128232 -10.615407983562193 -6.2791256127087385 -8.677224762001554 -6.725189207286956 -12.688116179952004 -11.384785825553635 -14.501328248110099 -13.659719823673672 -10.698833973438575 -12.763264217941595 -11.9104369151548 -13.900987558065054 -13.249981645685622 -9.826745999369244 -14.27648393888143 -12.611168027217037 -13.58324596248492 -14.628768005897307 -14.626223479086116 -14.47557362728453 -13.439042977721876
4.148296593186372 -12.069415091932392 -13.907772675686978 -13.252625169725398 -13.203686924103124 -14.400521470734393 -14.228608316571218 -11.268175384174494 -10.57863884592896 -6.211742182420539 -8.63615179879055 -6.682055385569047 -12.675087388910306 -11.36246450012614 -14.502552359753562 -13.65447653316486 -10.664281121076044 -12.751030829945725 -11.891461609667413 -13.900059916241698 -13.24235509488286 -9.79114815577205 -14.280618231965398 -12.598913629028292 -13.579399879299743 -14.644282558158977 -14.637425511289129 -14.493963364849767 -13.436700564566557
4.208416833667335 -12.051785327240143 -13.906779733443653 -13.24500226199154 -13.197845212155865 -14.406247185065482 -14.231695993882933 -11.244738188985448 -10.541858892195908 -6.144588884403073 -8.595293362854228 -6.63925841022451 -12.661886677771694 -11.340043223989657 -14.503519003340159 -13.649022259266125 -10.62970020456427 -12.73862500443334 -11.872362269647851 -13.898886923875242 -13.234524837924706 -9.755526301335067 -14.284478009885522 -12.586502991218964 -13.575335865034628 -14.659462283639805 -14.648314435344323 -14.512004443239624 -13.43416288084601
4.268537074148297 -12.03400826110629 -13.90553572624098 -13.237167834685373 -13.1918100189168 -14.411685555416902 -14.234509822323993 -11.221184326352038 -10.505044151931209 -6.077624504902029 -8.554619456671197 -6.596762942079732 -12.648502985751275 -11.317505749720528 -14.50422456602433 -13.643349899613828 -10.595068516446037 -12.726036030121149 -11.853124451293304 -13.897463863939912 -13.22648263493079 -9.719857220895829 -14.288061162749202 -12.573925024905979 -13.571047501100857 -14.674310822080617 -14.658891727460615 -14.529701942751155 -13.43142347464191
4.328657314629258 -12.016105616846282 -13.90405918344035 -13.229141748261597 -13.185600142279466 -14.416853668583958 -14.237067470240987 -11.1975367484851 -10.468220098547913 -6.0108796118758105 -8.514152571576101 -6.554587683660284 -12.634957367940498 -11.294874724210281 -14.504687149393487 -13.637478782363274 -10.560411175447133 -12.713284729392933 -11.833770164937931 -13.895809304148798 -13.218248418793692 -9.684166288954614 -14.291385171615598 -12.561200187848058 -13.566553779965655 -14.68884309794802 -14.66917329692924 -14.547070128707718 -13.428500207994247
4.38877755511022 -11.99806738718662 -13.902347530682118 -13.220918520592111 -13.179210227735751 -14.421751809956351 -14.239368114118705 -11.173782958716007 -10.431368235403262 -5.94432146464101 -8.473868893418004 -6.51270403634339 -12.621241963994489 -11.272138004354332 -14.504905006896049 -13.63140428868465 -10.525710730234376 -12.700363524107681 -11.814288751226059 -13.893920593232512 -13.209816644685421 -9.648435640488149 -14.294449522090176 -12.548320561293238 -13.561850639675015 -14.703063298651845 -14.679161563305366 -14.564114365591115 -13.42538892326953
4.448897795591182 -11.97990038619638 -13.900409127862758 -13.21250594833522 -13.172647583757264 -14.426388825103889 -14.241420422573032 -11.149929335167467 -10.394493665178874 -5.877951687479704 -8.433769672248381 -6.471109256056508 -12.60736416418234 -11.249301963569106 -14.504886633837312 -13.62513431256999 -10.490972548992545 -12.687279806476395 -11.79468689219851 -13.8918060778016 -13.201195119461655 -9.61267059757196 -14.297262919289118 -12.535293205145415 -13.556946040524505 -14.71698083236269 -14.688865682652937 -14.580844227614998 -13.422096962814631
4.509018036072144 -11.961616083392315 -13.89825525436649 -13.20391543862609 -13.165922946344786 -14.430775779170979 -14.243235558690426 -11.12598751801291 -10.357608148358874 -5.811781735543938 -8.393863188500141 -6.429807895359726 -12.593335551811357 -11.226378129845521 -14.50464324067892 -13.618680130872704 -10.456208427510695 -12.67404507792312 -11.774976078847779 -13.889477042703273 -13.192395282296037 -9.576883018899505 -14.299836482021728 -12.52212928937574 -13.551851181040213 -14.730606340367679 -14.698296492112915 -14.597270222891046 -13.41863475298883
4.569138276553106 -11.943199305255963 -13.895879460952933 -13.195137110402761 -13.159026824097726 -14.434909629670312 -14.244809153548363 -11.101939373168463 -10.32068651976143 -5.745769989768468 -8.354119258703783 -6.3887654263117035 -12.579143411325859 -11.203348824535716 -14.504169367251187 -13.612032918186003 -10.421394405533839 -12.660646983426156 -11.75514037060335 -13.886926947207634 -13.18340716706384 -9.541048439125461 -14.302166217938943 -12.508816181599194 -13.546557911317922 -14.743941476009162 -14.707453516229306 -14.613395423745581 -13.414994308303001
4.629258517034068 -11.924670736565073 -13.893298825127207 -13.186189528618328 -13.15197676001846 -14.438805863844095 -14.24615733250917 -11.077806948165875 -10.283753693654898 -5.679947315754251 -8.314560122702357 -6.34800091370526 -12.564807628425616 -11.180235773919879 -14.50348162063855 -13.60521066365828 -10.386554978872315 -12.647105163530002 -11.73520077574178 -13.884172911152763 -13.174249413144246 -9.505191630506644 -14.304268049835827 -12.495373197802149 -13.54108385821748 -14.756999365970152 -14.716350956862987 -14.629232236622512 -13.411192189874175
4.68937875751503 -11.906017879629278 -13.890508392238914 -13.177064773260092 -13.144765150215552 -14.44246246790689 -14.247276937161288 -11.05357518883925 -10.246788535457796 -5.614278344702 -8.27516014982887 -6.307484798811295 -12.550317835140216 -11.157024316119045 -14.502575900014183 -13.598206358427351 -10.351670056821575 -12.633409560932696 -11.715144133554318 -13.881209900914122 -13.164914027654273 -9.469292066898305 -14.306139144108272 -12.481790030349167 -13.535422594317197 -14.769782046136775 -14.724989014195645 -14.644783921235065 -13.407222087623794
4.749498997995992 -11.887246503555069 -13.88751513927371 -13.167769382823575 -13.137398126139122 -14.445886793156202 -14.248175183203404 -11.029249528870466 -10.209795484391808 -5.548764794252945 -8.235920476372218 -6.267214918918093 -12.535680256671188 -11.133719877831755 -14.50145928652094 -13.591026613796792 -10.316744288171808 -12.619566400211076 -11.694976110424466 -13.878044883235319 -13.15540755816265 -9.433354363181987 -14.307786743739435 -12.468072629915206 -13.529580779443187 -14.782297292937102 -14.733375274754755 -14.660058378827843 -13.403090149607273
4.809619238476953 -11.86836993822654 -13.884330918235186 -13.158315842576833 -13.129887446030217 -14.449089975566558 -14.248863500096789 -11.004843907506825 -10.172789643870122 -5.4834239103740705 -8.196853284529269 -6.227200410023176 -12.520907973512358 -11.110336217698066 -14.500143417437503 -13.583683628069274 -10.281792632986956 -12.605588626274978 -11.674710171303015 -13.874689729059693 -13.145742534753637 -9.397393617475576 -14.309222178168088 -12.454233649607929 -13.52357043352244 -14.794555123195213 -14.741520266976503 -14.675065281992888 -13.398807603495815
4.869739478957916 -11.849396592442236 -13.880964221972611 -13.148712654041006 -13.122241079014483 -14.452080428454774 -14.249350344131742 -10.980366793280194 -10.135779395191395 -5.418263397201069 -8.157963782197228 -6.187443395419287 -12.506009553738721 -11.086881723831915 -14.498636756876355 -13.576185824449507 -10.246823533190287 -12.591484749739832 -11.654354721900546 -13.871152933135651 -13.13592748295843 -9.361418309762026 -14.310453877763631 -12.44028132173435 -13.517399934318224 -14.80656373186013 -14.749432288468183 -14.689812754362366 -13.394382209665388
4.929859719438878 -11.830311792715662 -13.8774081933356 -13.13894987693157 -13.114449547374623 -14.45485437004784 -14.24963073346401 -10.955800841437242 -10.098741097789823 -5.353245020078375 -8.119224348231668 -6.14791286828526 -12.490972495352903 -11.063339482388365 -14.496933342384352 -13.568524232334493 -10.21181441786122 -12.577242608188824 -11.633894400698974 -13.86742755581162 -13.125952380256969 -9.325405406493452 -14.31147720533799 -12.426203293681759 -13.511060925597729 -14.818323599168984 -14.757109886743523 -14.704302565878924 -13.389805888293846
4.98997995991984 -11.811124198568912 -13.873671280473463 -13.129036082359438 -13.106520901979088 -14.457420058816037 -14.249713011833354 -10.931154867363635 -10.06168371887112 -5.288377660012265 -8.080641051053306 -6.108612078516526 -12.475805527070342 -11.039718218002225 -14.495041561803365 -13.560707314112197 -10.176774271823287 -12.562870864379201 -11.61333788994142 -13.863522050114945 -13.115825823310772 -9.289363945420632 -14.312300467586123 -12.412007972197365 -13.504561803433237 -14.829842618381988 -14.764561124184075 -14.718542494480536 -13.385086441438414
5.050100200400801 -11.791805913742088 -13.869737687638821 -13.118950673201173 -13.098435640168002 -14.459766538147 -14.249584325619367 -10.90639677535605 -10.024565424462573 -5.223597275945571 -8.042168124476241 -6.069492013022678 -12.460484016784036 -11.015986567639263 -14.49294703183898 -13.552716041953882 -10.141662883419873 -12.548345458839092 -11.592656224965125 -13.85942049068225 -13.105527069210403 -9.253252966862764 -14.312911366448215 -12.397671199618081 -13.497884526501682 -14.841116618564985 -14.771778749847522 -14.732530427726045 -13.38020668886271
