web/models/kne/22/mosfit_kn_0.007937_0.3903_3.6500.dat
# %ECSV 1.0
# ---
# datatype:
# - {name: time, datatype: float64}
# - {name: PS1_g, datatype: float64}
# - {name: PS1_i, datatype: float64}
# - {name: PS1_r, datatype: float64}
# - {name: PS1_w, datatype: float64}
# - {name: PS1_y, datatype: float64}
# - {name: PS1_z, datatype: float64}
# - {name: swift_uvot_B, datatype: float64}
# - {name: swift_uvot_U, datatype: float64}
# - {name: swift_uvot_uvm2, datatype: float64}
# - {name: swift_uvot_uvw1, datatype: float64}
# - {name: swift_uvot_uvw2, datatype: float64}
# - {name: swift_uvot_V, datatype: float64}
# - {name: johnson_B, datatype: float64}
# - {name: johnson_I, datatype: float64}
# - {name: johnson_R, datatype: float64}
# - {name: johnson_U, datatype: float64}
# - {name: johnson_V, datatype: float64}
# - {name: sdss_g, datatype: float64}
# - {name: sdss_i, datatype: float64}
# - {name: sdss_r, datatype: float64}
# - {name: sdss_u, datatype: float64}
# - {name: sdss_z, datatype: float64}
# - {name: ATLAS_c, datatype: float64}
# - {name: ATLAS_o, datatype: float64}
# - {name: ukirt_H, datatype: float64}
# - {name: ukirt_J, datatype: float64}
# - {name: ukirt_K, datatype: float64}
# - {name: Clear, datatype: float64}
# meta: !!omap
# - comment: [kappa = 3.65, type = rprocess, mass = 0.00793700525986525, velocity = 0.3903333333333333, theta_obs = 0.0, tfloor = 1000.0]
# schema: astropy-2.0
time PS1_g PS1_i PS1_r PS1_w PS1_y PS1_z swift_uvot_B swift_uvot_U swift_uvot_uvm2 swift_uvot_uvw1 swift_uvot_uvw2 swift_uvot_V johnson_B johnson_I johnson_R johnson_U johnson_V sdss_g sdss_i sdss_r sdss_u sdss_z ATLAS_c ATLAS_o ukirt_H ukirt_J ukirt_K Clear
[from data line 292]
17.615230460921843 11.45926580432807 2.577436991128792 6.052507769166642 4.084583957662655 -0.945753057396459 0.47192290745066146 14.999172380892556 21.658116478787477 35.54671178281665 17.623699010862026 20.136715517341678 9.418782497198855 13.795235063926366 1.0239236847068414 3.993956451431841 20.627115299535724 8.463760162030118 12.271805905642523 2.6586929432417783 6.280996428663066 22.159222008962303 -0.1015047045713402 8.031584338909283 3.579171814299489 -5.894740435311955 -3.7452511398222637 -7.255029115785144 1.798689913901299
17.675350701402806 11.472075974558535 2.590247161359258 6.06531793939709 4.097394127893121 -0.9329428871660106 0.4847330776811276 15.011982551123022 21.670926649017936 35.5595219530471 17.636509181092492 20.149525687572144 9.431592667429321 13.808045234156832 1.0367338549373075 4.006766621662307 20.63992546976619 8.476570332260566 12.28461607587299 2.6715031134722445 6.293806598893532 22.17203217919276 -0.08869453434087404 8.04439450913975 3.591981984529955 -5.881930265081507 -3.7324409695918153 -7.2422189455546775 1.8115000841317652
17.73547094188377 11.484861826907906 2.603033013708611 6.078103791746461 4.110179980242474 -0.9201570348166399 0.49751893003048053 15.024768403472375 21.683712501367296 35.57230780539647 17.649295033441845 20.162311539921507 9.444378519778692 13.820831086506185 1.0495197072866604 4.01955247401166 20.652711322115543 8.489356184609937 12.297401928222342 2.684288965821615 6.306592451242885 22.18481803154212 -0.07590868199150336 8.057180361489102 3.604767836879308 -5.869144412732136 -3.7196551172424446 -7.229433093205307 1.824285936481136
17.795591182364728 11.497623410943607 2.6157945977443298 6.09086537578218 4.122941564278193 -0.9073954507809212 0.5102805140661992 15.037529987508094 21.696474085403015 35.585069389432185 17.662056617477564 20.175073123957215 9.45714010381441 13.833592670541904 1.0622812913223791 4.032314058047379 20.665472906151265 8.502117768645656 12.310163512258061 2.697050549857316 6.319354035278604 22.19757961557784 -0.06314709795580242 8.069941945524821 3.6175294209150266 -5.856382828696417 -3.706893533206726 -7.216671509169606 1.8370475205168368
17.85571142284569 11.510362224705002 2.628533411505707 6.103604189543557 4.13568037803957 -0.8946566370195441 0.5230193278275763 15.050268801269471 21.709212899164392 35.597808203193566 17.67479543123894 20.187811937718603 9.469878917575787 13.846331484303281 1.0750201050837562 4.045052871808756 20.67821171991264 8.514856582407033 12.322902326019438 2.709789363618711 6.332092849039981 22.210318429339218 -0.05040828419440757 8.082680759286198 3.6302682346764037 -5.84364401493504 -3.694154719445349 -7.203932695408211 1.8497863342782317
17.915831663326653 11.523074703933052 2.6412458907337744 6.116316668771606 4.148392857267638 -0.8819441577914944 0.5357318070556438 15.062981280497539 21.72192537839245 35.61052068242163 17.68750791046701 20.20052441694666 9.482591396803837 13.859043963531349 1.0877325843118237 4.0577653510368235 20.69092419914071 8.527569061635083 12.335614805247506 2.7225018428467607 6.344805328268048 22.223030908567274 -0.037695804966357827 8.095393238514266 3.642980713904471 -5.83093153570699 -3.681442240217299 -7.191220216180161 1.8624988135062814
17.975951903807616 11.53576338761054 2.653934574411263 6.129005352449095 4.161081540945126 -0.8692554741140057 0.5484204907331325 15.075669964175027 21.734614062069937 35.62320936609912 17.700196594144497 20.21321310062415 9.495280080481326 13.871732647208837 1.1004212679893124 4.070454034714312 20.7036128828182 8.540257745312571 12.348303488924994 2.7351905265242493 6.357494011945537 22.235719592244763 -0.025007121288869172 8.108081922191754 3.65566939758196 -5.818242852029502 -3.6687535565398104 -7.178531532502673 1.87518749718377
18.036072144288575 11.54842815976954 2.666599346570262 6.141670124608094 4.1737463131041075 -0.8565907019550068 0.5610852628921315 15.088334736334026 21.747278834228936 35.63587413825811 17.712861366303496 20.225877872783148 9.507944852640325 13.884397419367836 1.1130860401483114 4.083118806873311 20.716277654977187 8.55292251747157 12.360968261083976 2.7478552986832483 6.370158784104536 22.248384364403762 -0.0123423491298702 8.120746694350736 3.668334169740959 -5.805578079870503 -3.6560887843808114 -7.165866760343674 1.887852269342769
18.096192384769537 11.56106898141319 2.679240168213912 6.154310946251762 4.1863871347477755 -0.8439498803113388 0.5737260845357817 15.100975557977677 21.759919655872597 35.64851495990177 17.725502187947146 20.238518694426805 9.520585674283993 13.897038241011487 1.1257268617919616 4.095759628516961 20.728918476620848 8.565563339115238 12.373609082727643 2.7604961203268985 6.382799605748186 22.261025186047423 0.0002984725137800126 8.133387515994404 3.680974991384609 -5.792937258226835 -3.6434479627371434 -7.153225938700023 1.900493090986437
18.1563126252505 11.573685854932343 2.6918570417330656 6.166927819770898 4.199004008266929 -0.8313330067922031 0.5863429580549351 15.11359243149683 21.772536529391743 35.661131833420924 17.7381190614663 20.25113556794595 9.533202547803128 13.90965511453064 1.138343735311115 4.108376502036115 20.741535350139998 8.578180212634374 12.386225956246797 2.773112993846052 6.39541647926734 22.27364205956657 0.012915346032933428 8.146004389513557 3.6935918649037625 -5.780320384707699 -3.630831089218008 -7.14060906518087 1.9131099645055727
18.216432865731463 11.58627880166998 2.704449988470703 6.179520766508553 4.211596955004566 -0.818740060054548 0.5989359047925724 15.126185378234467 21.785129476129388 35.67372478015856 17.750712008203937 20.26372851468359 9.545795494540766 13.922248061268277 1.1509366820487523 4.120969448773752 20.75412829687764 8.590773159372029 12.398818902984434 2.7857059405836893 6.408009426004977 22.286235006304214 0.025508292770570762 8.158597336251194 3.7061848116414 -5.767727437970044 -3.6182381424803527 -7.128016118443233 1.92570291124321
18.276553106212425 11.598847858390826 2.717019045191531 6.192089823229381 4.224166011725394 -0.8061710033337199 0.6115049615134005 15.138754434955295 21.797698532850216 35.68629383687939 17.763281064924783 20.276297571404424 9.558364551261612 13.934817117989105 1.1635057387695804 4.13353850549458 20.766697353598474 8.603342216092857 12.411387959705262 2.798274997304535 6.420578482725823 22.29880406302504 0.03807734949141661 8.171166392972022 3.7187538683622456 -5.755158381249216 -3.6056690857595246 -7.115447061722387 1.9382719679640559
18.336673346693384 11.611393064656834 2.729564251457557 6.204635029495407 4.23671121799142 -0.7936257970676941 0.6240501677794263 15.151299641221321 21.810243739116242 35.69883904314541 17.77582627119079 20.288842777670443 9.570909757527637 13.947362324255131 1.1760509450356063 4.146083711760606 20.779242559864493 8.615887422358883 12.423933165971288 2.810820203570543 6.433123688991831 22.311349269291068 0.05062255575742469 8.183711599238048 3.7312990746282537 -5.74261317498319 -3.5931238794934988 -7.102901855456379 1.950817174230064
18.396793587174347 11.62391446169547 2.742085648496193 6.217156426534025 4.249232615030056 -0.7811044000290757 0.6365715648180625 15.163821038259957 21.82276513615487 35.71136044018405 17.788347668229427 20.30136417470908 9.583431154566256 13.959883721293767 1.1885723420742424 4.158605108799242 20.791763956903125 8.628408819397519 12.436454563009924 2.8233416006091794 6.445645086030467 22.323870666329697 0.06314395279606089 8.196232996276684 3.74382047166689 -5.730091777944572 -3.5806024824548803 -7.090380458417743 1.9633385712687002
18.45691382765531 11.636412095050659 2.7545832818513816 6.229654059889214 4.261730248385227 -0.7686067666738872 0.649069198173251 15.176318671615146 21.83526276951006 35.723858073539226 17.800845301584616 20.313861808064257 9.595928787921444 13.972381354648938 1.201069975429431 4.171102742154413 20.804261590258307 8.64090645275269 12.448952196365095 2.835839233964368 6.4581427193856555 22.336368299684885 0.07564158615124938 8.208730629631855 3.7563181050220784 -5.717594144589383 -3.568104849099692 -7.077882825062554 1.9758362046238886
18.517034068136272 11.64888601279717 2.7670571995978754 6.242127977635725 4.274204166131739 -0.7561328489273755 0.6615431159197449 15.188792589361658 21.84773668725657 35.736331991285745 17.813319219331127 20.326335725810768 9.608402705667956 13.98485527239545 1.2135438931759426 4.1835766599009245 20.816735508004818 8.653380370499201 12.461426114111607 2.8483131517108795 6.470616637132167 22.348842217431386 0.08811550389776102 8.221204547378367 3.76879202276859 -5.705120226842872 -3.55563093135318 -7.065408907316042 1.9883101223704003
18.577154308617235 11.661336260263901 2.7795074470646064 6.254578225102456 4.28665441359847 -0.7436826014606446 0.6739933633864759 15.201242836828389 21.86018693472329 35.748782238752476 17.82576946679786 20.3387859732775 9.620852953134687 13.99730551986218 1.2259941406426735 4.1960269073676555 20.82918575547155 8.665830617965932 12.473876361578338 2.8607633991776105 6.483066884598898 22.361292464898117 0.10056575136449197 8.233654794845098 3.781242270235321 -5.692669979376141 -3.5431806838864492 -7.0529586598493115 2.0007603698371312
18.637274549098194 11.673762885556407 2.7919340723571118 6.267004850394962 4.299081038890975 -0.7312559761681392 0.6864199886789812 15.213669462120876 21.872613560015797 35.76120886404498 17.838196092090364 20.351212598570005 9.633279578427192 14.009732145154686 1.238420765935179 4.208453532660161 20.841612380764055 8.678257243258438 12.486302986870843 2.873190024470116 6.4954935098914035 22.373719090190622 0.11299237665699735 8.246081420137603 3.7936688955278264 -5.680243354083635 -3.530754058593944 -7.040532034556806 2.0131869951296366
18.697394789579157 11.686165933961519 2.8043371207622414 6.279407898800073 4.311484087296087 -0.7188529277630273 0.6988230370841109 15.226072510526006 21.88501660842092 35.773611912450086 17.850599140495476 20.363615646975127 9.645682626832304 14.022135193559816 1.2508238143402908 4.220856581065273 20.854015429169166 8.69066029166355 12.498706035275955 2.8855930728752277 6.507896558296515 22.386122138595745 0.1253954250621092 8.258484468542715 3.8060719439329382 -5.667840305678523 -3.518351010188832 -7.028128986151694 2.0255900435347485
18.75751503006012 11.698545450023854 2.8167166368245766 6.291787414862426 4.32386360335844 -0.7064734117006743 0.7112025531464461 15.238452026588341 21.89739612448326 35.78599142851243 17.86297865655781 20.37599516303747 9.658062142894657 14.034514709622151 1.263203330402626 4.233236097127626 20.866394945231512 8.703039807725903 12.511085551338308 2.8979725889375807 6.520276074358851 22.398501654658087 0.1377749411244622 8.270863984605068 3.8184514599952735 -5.65546078961617 -3.505971494126479 -7.015749470089341 2.0379695595971015
18.817635270541082 11.710901483447866 2.8290726702485713 6.304143448286421 4.336219636782435 -0.6941173782766796 0.7235585865704408 15.250808060012336 21.909752157907256 35.79834746193644 17.875334689981823 20.388351196461468 9.670418176318652 14.046870743046146 1.2755593638266207 4.24559213055162 20.878750978655514 8.715395841149897 12.523441584762303 2.9103286223615754 6.532632107782863 22.410857688082082 0.15013097454845692 8.283220018029063 3.830807493419286 -5.643104756192176 -3.4936154607024843 -7.0033934366653465 2.050325593021096
18.877755511022045 11.72323408458361 2.841405271384332 6.316476049422164 4.348552237918177 -0.6817847771409369 0.7358911877062013 15.263140661148096 21.92208475904301 35.810680063072176 17.887667291117566 20.400683797597207 9.682750777454395 14.059203344181888 1.2878919649623812 4.257924731687363 20.891083579791257 8.72772844228564 12.535774185898045 2.922661223497318 6.544964708918606 22.423190289217835 0.16246357568419967 8.295552619164805 3.8431400945550287 -5.630772155056433 -3.4812828595667415 -6.991060835529604 2.062658194156839
18.937875751503004 11.735543300004174 2.853714486804897 6.328785264842729 4.36086145333876 -0.6694755617203718 0.7482004031267664 15.275449876568661 21.934393974463575 35.822989278492756 17.89997650653813 20.412993013017783 9.69505999287496 14.071512559602471 1.3002011803829463 4.270233947107946 20.90339279521183 8.740037657706205 12.548083401318628 2.9349704389178832 6.557273924339171 22.4354995046384 0.17477279110476474 8.307861834585388 3.8554493099755938 -5.618462939635868 -3.4689736441461765 -6.978751620109039 2.074967409577404
18.997995991983966 11.74782917598348 2.8660003627842023 6.341071140822034 4.373147329318048 -0.6571896857410664 0.7604862791060718 15.287735752547967 21.946679850442877 35.83527515447205 17.912262382517437 20.42527888899708 9.707345868854265 14.083798435581777 1.3124870563622517 4.282519823087234 20.915678671191127 8.75232353368551 12.560369277297916 2.9472563148971886 6.569559800318476 22.447785380617702 0.18705866708407015 8.320147710564676 3.867735185954899 -5.606177063656562 -3.456687768166871 -6.966465744129733 2.0872532855567094
19.05811623246493 11.760091761796545 2.8782629485972677 6.3533337266351 4.385409915131131 -0.644927099928001 0.7727488649191372 15.299998338361032 21.958942436255946 35.84753774028513 17.924524968330502 20.437541474810153 9.71960845466733 14.096061021394842 1.324749642175317 4.294782408900317 20.9279412570042 8.764586119498576 12.572631863110999 2.959518900710254 6.581822386131542 22.46004796643077 0.19932125289713554 8.332410296377759 3.8799977717679646 -5.593914477843497 -3.4444251823538057 -6.954203158316668 2.099515871369775
19.118236472945892 11.772331104846536 2.890502291647241 6.365573069685091 4.397649258181104 -0.6326877568780098 0.7849882079691106 15.312237681411005 21.971181779305926 35.85977708333511 17.936764311380493 20.449780817860134 9.731847797717322 14.108300364444816 1.3369889852252905 4.30702175195029 20.940180600054184 8.776825462548567 12.584871206160972 2.971758243760245 6.594061729181533 22.472287309480752 0.21156059594712673 8.344649639427733 3.8922371148179558 -5.581675134793506 -3.4321858393038145 -6.941963815266677 2.111755214419766
19.178356713426854 11.784547252168647 2.9027184389693694 6.3777892170072015 4.409865405503233 -0.6204716095558993 0.7972043552912389 15.324453828733134 21.983397926628044 35.871993230657225 17.948980458702604 20.461996965182255 9.744063945039432 14.120516511766944 1.3492051325474188 4.3192378992724185 20.952396747376305 8.789041609870678 12.5970873534831 2.9839743910823557 6.606277876503643 22.48450345680287 0.22377674326923724 8.35686578674986 3.9044532621400663 -5.569458987471395 -3.419969691981704 -6.929747667944566 2.1239713617418765
19.238476953907814 11.796740255140925 2.91491144194163 6.38998221997948 4.422058408475493 -0.608278606583621 0.8093973582634995 15.336646831705394 21.995590929600315 35.8841862336295 17.961173461674882 20.474189968154523 9.75625694801171 14.132709514739204 1.3613981355196794 4.331430902244679 20.964589750348573 8.801234612842956 12.609280356455361 2.996167394054634 6.618470879475922 22.49669645977514 0.23596974624151557 8.369058789722121 3.9166462651123446 -5.557265984499117 -3.4077766890094257 -6.917554664972288 2.136164364714155
19.298597194388776 11.808910161012385 2.9270813478130897 6.4021521258509395 4.434228314346953 -0.5961087007121613 0.8215672641349592 15.348816737576854 22.007760835471775 35.896356139500945 17.973343367546324 20.486359874025982 9.76842685388317 14.144879420610664 1.373568041391139 4.343600808116139 20.976759656220032 8.813404518714416 12.621450262326821 3.0083372999260938 6.630640785347364 22.5088663656466 0.24813965211297528 8.381228695593581 3.9288161709838043 -5.545096078627657 -3.395606783137966 -6.905384759100828 2.1483342705856145
