web/models/kne/22/mosfit_kn_0.095333_0.2807_3.6500.dat
# %ECSV 1.0
# ---
# datatype:
# - {name: time, datatype: float64}
# - {name: PS1_g, datatype: float64}
# - {name: PS1_i, datatype: float64}
# - {name: PS1_r, datatype: float64}
# - {name: PS1_w, datatype: float64}
# - {name: PS1_y, datatype: float64}
# - {name: PS1_z, datatype: float64}
# - {name: swift_uvot_B, datatype: float64}
# - {name: swift_uvot_U, datatype: float64}
# - {name: swift_uvot_uvm2, datatype: float64}
# - {name: swift_uvot_uvw1, datatype: float64}
# - {name: swift_uvot_uvw2, datatype: float64}
# - {name: swift_uvot_V, datatype: float64}
# - {name: johnson_B, datatype: float64}
# - {name: johnson_I, datatype: float64}
# - {name: johnson_R, datatype: float64}
# - {name: johnson_U, datatype: float64}
# - {name: johnson_V, datatype: float64}
# - {name: sdss_g, datatype: float64}
# - {name: sdss_i, datatype: float64}
# - {name: sdss_r, datatype: float64}
# - {name: sdss_u, datatype: float64}
# - {name: sdss_z, datatype: float64}
# - {name: ATLAS_c, datatype: float64}
# - {name: ATLAS_o, datatype: float64}
# - {name: ukirt_H, datatype: float64}
# - {name: ukirt_J, datatype: float64}
# - {name: ukirt_K, datatype: float64}
# - {name: Clear, datatype: float64}
# meta: !!omap
# - comment: [kappa = 3.65, type = rprocess, mass = 0.09533330950298248, velocity = 0.2806666666666667, theta_obs = 0.0, tfloor = 1000.0]
# schema: astropy-2.0
time PS1_g PS1_i PS1_r PS1_w PS1_y PS1_z swift_uvot_B swift_uvot_U swift_uvot_uvm2 swift_uvot_uvw1 swift_uvot_uvw2 swift_uvot_V johnson_B johnson_I johnson_R johnson_U johnson_V sdss_g sdss_i sdss_r sdss_u sdss_z ATLAS_c ATLAS_o ukirt_H ukirt_J ukirt_K Clear
[from data line 491]
29.579158316633265 7.422819673269174 -1.459009139930103 2.016061638107729 0.04813782660374244 -4.982199188455372 -3.5645232236082336 10.962726249833661 17.621670347728564 31.510265651757738 13.587252879803131 16.100269386282783 5.382336366139959 9.758788932867454 -3.0125224463520537 -0.04248967962707151 16.590669168476822 4.427314030971206 8.23535977458361 -1.3777531878171168 2.244550297604171 18.12277587790339 -4.137950835630235 3.9951382078503705 -0.4572743167594062 -9.931186566370867 -7.7816972708811765 -11.291475246844039 -2.237756217157596
29.639278557114228 7.427278730266256 -1.4545500829330393 2.0205206951048105 0.05259688360082393 -4.97774013145829 -3.56006416661117 10.967185306830725 17.626129404725646 31.514724708754816 13.591711936800195 16.104728443279846 5.38679542313704 9.763247989864535 -3.00806338935499 -0.03803062262999002 16.595128225473903 4.4317730879682875 8.239818831580692 -1.3732941308200353 2.2490093546012346 18.12723493490047 -4.133491778633154 3.999597264847452 -0.45281525976232473 -9.926727509373785 -7.777238213884095 -11.287016189846957 -2.2332971601605145
29.69939879759519 7.431727820694327 -1.450100992504968 2.024969785532882 0.05704597402889533 -4.973291041030219 -3.5556150761830985 10.971634397258796 17.630578495153717 31.519173799182898 13.596161027228284 16.109177533707935 5.391244513565112 9.767697080292606 -3.003614298926901 -0.03358153220191862 16.599577315901975 4.436222178396359 8.244267922008763 -1.3688450403919639 2.253458445029324 18.131684025328543 -4.129042688205082 4.004046355275523 -0.44836616933425333 -9.922278418945714 -7.772789123456024 -11.282567099418886 -2.228848069732443
29.75951903807615 7.436167014554229 -1.4456617986450482 2.029408979392784 0.06148516788879732 -4.968851847170317 -3.5511758823231787 10.976073591118716 17.63501768901362 31.523612993042793 13.600600221088186 16.113616727567837 5.395683707425014 9.772136274152508 -2.999175105066999 -0.029142338342016627 16.604016509761877 4.440661372256261 8.248707115868665 -1.3644058465320619 2.257897638889226 18.136123219188445 -4.12460349434518 4.008485549135425 -0.44392697547435134 -9.917839225085812 -7.768349929596122 -11.278127905558984 -2.224408875872541
29.819639278557112 7.440596353414364 -1.4412324597849135 2.0338383182529185 0.06591450674894972 -4.964422508310182 -3.546746543463044 10.98050292997885 17.63944702787377 31.52804233190294 13.60502955994832 16.118046066427972 5.400113046285148 9.77656561301266 -2.994745766206864 -0.02471299948186423 16.60844584862201 4.4450907111163955 8.253136454728818 -1.3599765076719272 2.2623269777493604 18.140552558048597 -4.120174155485046 4.012914887995578 -0.4394976366142167 -9.913409886225677 -7.763920590735987 -11.27369856669885 -2.2199795370124065
29.879759519038075 7.445015893162115 -1.4368129200371627 2.038257858000687 0.07033404649670061 -4.960002968562414 -3.542327003715293 10.984922469726602 17.643866567621522 31.532461871650693 13.609449099696072 16.122465606175723 5.404532586032917 9.780985152760412 -2.9903262264591133 -0.02029345973411334 16.61286538836978 4.449510250864164 8.257555994476569 -1.3555569679241763 2.2667465174971113 18.144972097796348 -4.115754615737295 4.017334427743329 -0.4350780968664658 -9.908990346477909 -7.759501050988218 -11.269279026951098 -2.2155599972646556
29.939879759519037 7.449425693286003 -1.4324031199132747 2.042667658124575 0.07474384662058853 -4.9555931684385435 -3.5379172035914053 10.98933226985049 17.64827636774541 31.53687167177458 13.61385889981996 16.12687540629961 5.408942386156787 9.7853949528843 -2.9859164263352254 -0.01588365961022542 16.61727518849365 4.453920050988052 8.261965794600457 -1.3511471678002884 2.2711563176209992 18.149381897920236 -4.111344815613407 4.021744227867217 -0.4306682967425779 -9.90458054635402 -7.75509125086433 -11.26486922682721 -2.2111501971407677
30.0 7.453825784215269 -1.4280030289840084 2.0470677490538236 0.07914393754983706 -4.951193077509277 -3.533517112662139 10.993732360779756 17.65267645867466 31.541271762703833 13.618258990749226 16.131275497228877 5.413342477086053 9.789795043813566 -2.981516335405959 -0.011483568680959122 16.621675279422917 4.458320141917301 8.266365885529705 -1.3467470768710221 2.2755564085502655 18.153781988849484 -4.106944724684141 4.026144318796465 -0.4262682058133116 -9.900180455424772 -7.750691159935082 -11.260469135897944 -2.2067501062115014
