web/models/kne/22/mosfit_kn_0.268580_0.4373_10.0000.dat
# %ECSV 1.0
# ---
# datatype:
# - {name: time, datatype: float64}
# - {name: PS1_g, datatype: float64}
# - {name: PS1_i, datatype: float64}
# - {name: PS1_r, datatype: float64}
# - {name: PS1_w, datatype: float64}
# - {name: PS1_y, datatype: float64}
# - {name: PS1_z, datatype: float64}
# - {name: swift_uvot_B, datatype: float64}
# - {name: swift_uvot_U, datatype: float64}
# - {name: swift_uvot_uvm2, datatype: float64}
# - {name: swift_uvot_uvw1, datatype: float64}
# - {name: swift_uvot_uvw2, datatype: float64}
# - {name: swift_uvot_V, datatype: float64}
# - {name: johnson_B, datatype: float64}
# - {name: johnson_I, datatype: float64}
# - {name: johnson_R, datatype: float64}
# - {name: johnson_U, datatype: float64}
# - {name: johnson_V, datatype: float64}
# - {name: sdss_g, datatype: float64}
# - {name: sdss_i, datatype: float64}
# - {name: sdss_r, datatype: float64}
# - {name: sdss_u, datatype: float64}
# - {name: sdss_z, datatype: float64}
# - {name: ATLAS_c, datatype: float64}
# - {name: ATLAS_o, datatype: float64}
# - {name: ukirt_H, datatype: float64}
# - {name: ukirt_J, datatype: float64}
# - {name: ukirt_K, datatype: float64}
# - {name: Clear, datatype: float64}
# meta: !!omap
# - comment: [kappa = 10.0, type = rprocess, mass = 0.2685795883840597, velocity = 0.4373333333333333, theta_obs = 0.0, tfloor = 1000.0]
# schema: astropy-2.0
time PS1_g PS1_i PS1_r PS1_w PS1_y PS1_z swift_uvot_B swift_uvot_U swift_uvot_uvm2 swift_uvot_uvw1 swift_uvot_uvw2 swift_uvot_V johnson_B johnson_I johnson_R johnson_U johnson_V sdss_g sdss_i sdss_r sdss_u sdss_z ATLAS_c ATLAS_o ukirt_H ukirt_J ukirt_K Clear
[from data line 397]
23.927855711422843 -1.3538291055437846 -9.04104446546139 -6.037734458621937 -7.583484525840252 -12.045016419734296 -10.847709107883716 1.7059102039547092 7.309572801182629 19.96912056974933 4.716821185505076 6.983365705615988 -3.184399006242711 0.7768347171410956 -10.419292583744781 -7.712296659663374 6.4587076243962365 -3.907288344345969 -0.6474934579078528 -8.970513173092183 -5.859650983803011 7.855457138821933 -11.303540422674843 -4.2381918139039065 -8.087063030651898 -16.15015047380506 -14.382371997408983 -17.233668398019773 -9.460531314734109
23.987975951903806 -1.2611362663152192 -8.979642995843307 -5.963930347827109 -7.520596676226621 -11.997244018140485 -10.794186459433153 1.811179400572226 7.4423260534088875 20.135023055864206 4.812679924595589 7.085157811474417 -3.0972633804061305 0.8752544465690766 -10.36243712752536 -7.6480851164709245 6.586894232469376 -3.8258026158830356 -0.5519955259860687 -8.908816041403416 -5.78456575865518 7.987101511570707 -11.252938156464385 -4.159622509317273 -8.024202768252024 -16.124406579583287 -14.34664186928927 -17.215147077402953 -9.40813699104801
24.04809619238477 -1.1685173385989422 -8.918284477797602 -5.890183994013363 -7.457764693342757 -11.949499750065833 -10.74069633100411 1.916362673806099 7.574975453381256 20.300727574084977 4.908418049296728 7.186855757352429 -3.010192243685002 0.9735750378712777 -10.305622688174243 -7.583947977523622 6.714973459892526 -3.744399257626829 -0.45657539122093027 -8.847162906752946 -5.709537162116138 8.118640086887847 -11.202374061047635 -4.081119848863182 -7.961399309338155 -16.098673936950828 -14.310931834213852 -17.196631760942363 -9.355800391440372
24.10821643286573 -1.0773231691897855 -8.857889247927844 -5.817586270306645 -7.3959288148532565 -11.902516470506814 -10.688050749770728 2.0199360988316686 7.705618536271839 20.46387877719361 5.00264325465448 7.28698403649085 -2.924460200020367 1.0703676449948103 -10.24970694886279 -7.520843075789874 6.841105957804928 -3.664274242290106 -0.36262246315640567 -8.786478148883106 -5.635673806904631 8.248185732519016 -11.152619670886121 -4.003840035232269 -7.8995924923009575 -16.073382069385996 -14.275808881182018 -17.1784524922395 -9.304316869869442
24.168336673346694 -0.9584091473083767 -8.77860212311571 -5.722602626364903 -7.314804069366723 -11.8404836219268 -10.618730777452061 2.1547781751768627 7.8753023181184645 20.675303763300953 5.125396360137913 7.417377250365945 -2.8125685278511563 1.1964570703727835 -10.176186897071162 -7.438110228673865 7.004974755909917 -3.5596301748705246 -0.24016055362592326 -8.706819593200006 -5.539058416369951 8.416453062950957 -11.087031799785247 -3.9028379934368296 -7.818506562335532 -16.03926485950726 -14.229041306650155 -17.15348916700101 -9.236529094374522
24.228456913827653 -0.8566979201575009 -8.711026552707288 -5.641508896569789 -7.245659751396438 -11.787769537380584 -10.559737740194706 2.270210659552533 8.02076002021428 20.856643246319738 5.230360557507439 7.528962932086088 -2.7169017680677614 1.3043244588584952 -10.113582480545215 -7.367602935146807 7.145412865410268 -3.4702368121892997 -0.13539455973551995 -8.638925046409884 -5.456556074993006 8.560686525479664 -11.031264709486042 -3.8165649179561 -7.749396987630579 -16.010604046563316 -14.189481943068694 -17.132716030028444 -9.178889119937867
24.288577154308616 -0.7615952163117612 -8.647946016725498 -5.565749885423639 -7.181119418866455 -11.738628804897502 -10.504705452984027 2.3781853804582633 8.156910686601524 21.02639191352259 5.328469872645236 7.633317050831888 -2.6274653604679914 1.4051812812540516 -10.055168026100365 -7.301802790924275 7.276845950350761 -3.386710696885104 -0.03742748040188815 -8.575546115376653 -5.379473187057453 8.69568528128248 -10.979267910952224 -3.7359514062386445 -7.68489036402622 -15.984032297876972 -14.152685460017674 -17.113545464728737 -9.125153839720248
24.34869739478958 -0.6659487071373782 -8.584487834547474 -5.489550082507062 -7.116205267707922 -11.689181231713253 -10.44933443981602 2.4867709568318377 8.293827819976176 21.19702169100695 5.427095258871315 7.738251712822649 -2.537510787255404 1.5065914612546434 -9.99640276998224 -7.235640629987803 7.409012451607627 -3.302721745354142 0.06109702792899796 -8.511788805368461 -5.301940247210464 8.83144110335671 -10.926957190166657 -3.6548759009017218 -7.620011201234966 -15.957275567190262 -14.11565003997312 -17.094230100750988 -9.071113421347654
24.40881763527054 -0.5704890199904966 -8.52114988544498 -5.413499504026902 -7.051425630089785 -11.639823360982025 -10.394064080418115 2.5951431667225835 8.430482309291563 21.367260358080532 5.525484853802283 7.842969190803078 -2.447727572198393 1.6077826729098594 -9.937750655698327 -7.1696339123640245 7.540917558256702 -3.2189164298667423 0.15942750945301398 -8.448153166023467 -5.224556926899879 8.966933224337428 -10.874749845147367 -3.573963615226816 -7.555267597494026 -15.930566264687936 -14.078682448445983 -17.074948507711124 -9.01719756931847
24.468937875751504 -0.4761106036834306 -8.45854176040639 -5.338320418518805 -6.987402539057257 -11.591040817541742 -10.33943246824185 2.702293013440035 8.56561409654418 21.53555207776019 5.622719549721005 7.94649326357408 -2.35895996554816 1.7078101036135924 -9.879779655163816 -7.1044152126017694 7.671343486581879 -3.1360854801084566 0.2566440691766836 -8.385251415877377 -5.148057385438634 9.10091192516262 -10.823156634833406 -3.4939797816879548 -7.491281257513531 -15.90418899634853 -14.04215831430358 -17.055919348133465 -8.963931673392764
24.529058116232463 -0.35895642282820717 -8.380406280020551 -5.244749403802036 -6.907543987594451 -11.529883109594437 -10.271089512050757 2.835132635627983 8.732832034298106 21.743419419226587 5.743325813716211 8.07486508909301 -2.248691964857639 1.8318752840933212 -9.807342722184853 -7.023112850043288 7.832770422696907 -3.0331414221164694 0.3772822107213969 -8.306756424313892 -5.052861565776148 9.266708972260478 -10.758557410742515 -3.394512832600558 -7.411469372039097 -15.870554357973333 -13.996060740087566 -17.031311503416347 -8.897301190069964
24.589178356713425 -0.24874768192299612 -8.306995926334952 -5.15678537703355 -6.832523294968045 -11.472482254608565 -10.20691056457542 2.9601344094636497 8.890268162175836 21.93911644546257 5.8567345216596856 8.195638566237623 -2.144972871405291 1.9485747606418042 -9.739310121086906 -6.946755348367788 7.984733450324526 -2.936362629632751 0.49077491927491224 -8.233008138108762 -4.96336211383948 9.422800235178972 -10.697921408786861 -3.3009933328160734 -7.336494253219374 -15.839116365448934 -13.952867984633011 -17.0083888175424 -8.834772530072463
24.649298597194388 -0.15039414649997696 -8.241657472134456 -5.078392435687604 -6.7657520404036475 -11.421505515488768 -10.149851199061626 3.071760165193486 9.031003708336218 22.11411804304857 5.957913644893171 8.30345874764404 -2.052437988626619 2.052729492440402 -9.67879937628486 -6.878805262695622 8.120548976806912 -2.8500818244728494 0.5920733371432974 -8.167367425379126 -4.883589097151972 9.562325151188471 -10.644050854936129 -3.2176200937712984 -7.269765192320321 -15.811438028380223 -13.914642615714284 -16.98835205864803 -8.779222697399973
24.70941883767535 -0.051573095928318935 -8.17599360291938 -4.999620639933191 -6.698660468703199 -11.370263423075144 -10.09249897781027 3.1839106047378687 9.172398733691889 22.289869353942382 6.059529789355977 8.411775970734428 -1.9594571099612892 2.157355643812813 -9.617986695579763 -6.8105493472744465 8.256993640684883 -2.7634079127959916 0.6938505465987888 -8.101400886397805 -4.80342892623991 9.702500457548702 -10.589910810994922 -3.1338502996132434 -7.202717250206749 -15.78359912393745 -13.876210563608032 -16.968189239676402 -8.723413837581209
24.769539078156313 0.04708200452331113 -8.11043610785525 -4.920981507485376 -6.631688965356588 -11.319100021228383 -10.035235115264278 3.2958711530367504 9.313560743391669 22.465269635395043 6.160932852090326 8.519899082570298 -1.8666282376988732 2.261784441901358 -9.557274356369867 -6.7424351506719775 8.393205014364138 -2.676900596711069 0.795455083321368 -8.035542158319604 -4.723401582847124 9.842441026910098 -10.53586299412677 -3.0502258063497756 -7.135790562224322 -15.755801281697504 -13.83783792310627 -16.94805526536729 -8.667717695828436
24.829659318637272 0.14507688828864218 -8.045321963215262 -4.842874138720976 -6.565180960853603 -11.268283884449488 -9.978357204401753 3.4070842778242474 9.453793236839907 22.63946128926246 6.261616544970803 8.627289071465963 -1.7744180643391096 2.3654945232080986 -9.496976261116085 -6.674811295484411 8.528510230713085 -2.5909961671972477 0.8963786687263031 -7.97012964142489 -4.643912821339473 9.981456176476762 -10.48218959757449 -2.9671692872234523 -7.069328339835987 -15.72820189936278 -13.799732390134325 -16.928071052056538 -8.612423895787256
24.889779559118235 0.2555724297836548 -7.971680743745768 -4.75467266965131 -6.489990175525016 -11.210666443644524 -9.91394392415824 3.532395392150435 9.611641521434127 22.83530885795631 6.375077709685328 8.74830235992675 -1.6704024323217694 2.482371546380047 -9.428736213083273 -6.598392745581976 8.680825019682448 -2.4940786111130437 1.010155155542538 -7.896155047069779 -4.554160355820649 10.137935331769299 -10.421379400348343 -2.8734246818352283 -6.994190373621798 -15.69661190745229 -13.75636587843175 -16.905018258065404 -8.54981753049529
24.949899799599198 0.37887919282496796 -7.889299863895616 -4.656126892310883 -6.405904115446148 -11.146076949900081 -9.841805952596854 3.672154369536437 9.787545609959842 23.053332723650573 6.5016189444025585 8.883273237113741 -1.554286776288383 2.6127347230587676 -9.352357039935548 -6.512971691716481 8.850570942350735 -2.3858826676161877 1.1371032252456814 -7.813405274695615 -4.45388897659976 10.312313191099953 -10.353256583641262 -2.7687283535795792 -6.910164844931828 -15.6609313502404 -13.707606930533379 -16.878820165253853 -8.479724658732053
25.01002004008016 0.48047421172677574 -7.821711436155976 -4.575109677875435 -6.3369111089553165 -11.09326979180711 -9.78272505904604 3.7874198905818703 9.932855798386822 23.233580606150973 6.605855185175766 8.994547982236615 -1.4586634126331368 2.7201691656217224 -9.289758663713005 -6.442892141054888 8.990753427249672 -2.2968699788529507 1.2417222146441453 -7.745511378070162 -4.371435335480456 10.456350466593296 -10.29752323062592 -2.6826043455754167 -6.8412236486208045 -15.632150266743206 -13.667957980885175 -16.857919987405566 -8.422373740412716
25.07014028056112 0.5824224066875772 -7.753875812767177 -4.493806259484963 -6.267677612389964 -11.04025952593009 -9.723420176941335 3.903081012889861 10.078664771029704 23.41438158529132 6.710411097373896 9.1061949323649 -1.3627022256067647 2.8279532183968885 -9.226931404703091 -6.37258945280846 9.131408959123409 -2.207567326115531 1.3467022346894097 -7.677370300271971 -4.288688701657222 10.600878214734095 -10.241586560864402 -2.5961816861054565 -6.772043511535486 -15.603245182439998 -13.628150630522933 -16.836921811401467 -8.364831960629644
25.130260521042082 0.684470045871528 -7.685966021174391 -4.4124215316580795 -6.198379893110442 -10.98718407646258 -9.664044125558 4.01885152718818 10.224614967019487 23.59529592663988 6.8150270762281195 9.217937460869972 -1.2666428377222807 2.935819306140633 -9.164036441948397 -6.30224254028444 9.272192106776671 -2.1181986943561855 1.451782357623177 -7.609155800717229 -4.2058574003210225 10.74554184480327 -10.185591488480785 -2.509677326759938 -6.702800589966209 -15.574296933027135 -13.588291540447164 -16.815887733355655 -8.307247938359037
25.190380761523045 0.7861614906555836 -7.618292756303635 -4.331323378025473 -6.129334364489747 -10.934291145451844 -9.604871374270623 4.134217497449758 10.370064191607451 23.775534113403754 6.919237279031556 9.329278925143566 -1.1709155481629743 3.0432872647281033 -9.101363151591865 -6.232172180286491 9.41248264889414 -2.02916581948475 1.556494062009648 -7.541179867710799 -4.123315495797417 10.88970460773199 -10.129798089392494 -2.423480801647404 -6.633811065319897 -15.545450680312879 -13.548572234933365 -16.794929266254904 -8.249888233307257
25.250501002004007 0.8866916844591088 -7.551404965624773 -4.251161743649856 -6.061099945844575 -10.882018432819738 -9.54638693969228 4.248270890614884 10.513877644189815 23.953701449530083 7.022219081356056 9.439341963504098 -1.0762806492865564 3.1495091038004968 -9.03942276428242 -6.162944551015415 9.551184829588138 -1.9411779626692625 1.6600095740405685 -7.47399370978842 -4.041723879916219 11.032241450381068 -10.074665719990499 -2.3382802976798267 -6.565633410614229 -15.516962918274825 -13.509331110199215 -16.77424345140739 -8.193223438001258
25.31062124248497 1.0261353299064346 -7.457980995625704 -4.139584797150437 -5.965850567427626 -10.808583300873664 -9.46445272152367 4.406212518857363 10.712542802104057 24.19927926647404 7.164953872896156 9.59180881125151 -0.9448965461722673 3.296704629618197 -8.952770639773668 -6.066369231803848 9.742842816066773 -1.818929120236825 1.8035342902810925 -7.380163149562122 -3.928187393591678 11.229153245195711 -9.997332995727515 -2.2198156509485933 -6.4704639095072025 -15.476069524028656 -13.453727503634079 -16.744024407367114 -8.113820869233166
25.37074148296593 1.1314142757565548 -7.387842676933225 -4.055588274940085 -5.894331151211034 -10.753705927799189 -9.403083880882761 4.525616097364748 10.863054070632376 24.385551796881742 7.272698080383151 9.707019323416613 -0.8457683287221166 3.4078767702889006 -8.88780659502758 -5.993862735473788 9.887991400668017 -1.7268097669995595 1.9119275262924873 -7.309715567978845 -3.842691915868457 11.378320092354564 -9.939490449469606 -2.1305634788397576 -6.39900722848358 -15.446045690146693 -13.412470519176106 -16.722153020261047 -8.054418050482433
25.430861723446892 1.236739691023221 -7.3176665781188 -3.971553485102426 -5.8227845401112965 -10.698792336626841 -9.341675873143522 4.645069229897673 11.013632191111355 24.571847988042204 7.3804485224451 9.822267671112211 -0.7465921805980472 3.5190742996562956 -8.822808883842221 -5.921350795959193 10.033195105293771 -1.6346729042332495 2.020366238958431 -7.239231181696777 -3.757155538068435 11.527548609265601 -9.881620521888088 -2.0412749485539905 -6.3275248810459495 -15.415995730488557 -13.371184296812382 -16.700258787023113 -7.995004794765048
25.490981963927855 1.342472488459503 -7.247206694063184 -3.8871891192406416 -5.750960177076614 -10.64364638922779 -9.28001133191497 4.7649789791193955 11.164785944502782 24.758794010198915 7.488574362036271 9.93794726097876 -0.6470273498879145 3.630677298277756 -8.75754842983672 -5.84857980920899 10.178945079202293 -1.542200904865678 2.1292214937290233 -7.168462987474804 -3.671282061375276 11.677343102480382 -9.823517478687638 -1.9516415217886696 -6.255766532579887 -15.385804725671598 -13.329717217706365 -16.678253416018723 -7.935370220630915
25.551102204408817 1.4481122476284014 -7.176804294991612 -3.8028991809397183 -5.679205397707747 -10.588540236429846 -9.218391824881671 4.884780924512055 11.315809887025843 24.945523635000168 7.596564777531523 10.053512867614632 -0.5475464904908315 3.7421588737217664 -8.692343038219168 -5.775901447411685 10.324560218387411 -1.4498344778028003 2.2379787599853884 -7.0977536543106545 -3.5854823210945597 11.827004208444833 -9.765466863149719 -1.8620909161253962 -6.184079229762087 -15.355632160170543 -13.288279677151154 -16.656259422105833 -7.87580664815124
