web/models/kne/22/mosfit_kn_0.095333_0.1397_0.5000.dat
# %ECSV 1.0
# ---
# datatype:
# - {name: time, datatype: float64}
# - {name: PS1_g, datatype: float64}
# - {name: PS1_i, datatype: float64}
# - {name: PS1_r, datatype: float64}
# - {name: PS1_w, datatype: float64}
# - {name: PS1_y, datatype: float64}
# - {name: PS1_z, datatype: float64}
# - {name: swift_uvot_B, datatype: float64}
# - {name: swift_uvot_U, datatype: float64}
# - {name: swift_uvot_uvm2, datatype: float64}
# - {name: swift_uvot_uvw1, datatype: float64}
# - {name: swift_uvot_uvw2, datatype: float64}
# - {name: swift_uvot_V, datatype: float64}
# - {name: johnson_B, datatype: float64}
# - {name: johnson_I, datatype: float64}
# - {name: johnson_R, datatype: float64}
# - {name: johnson_U, datatype: float64}
# - {name: johnson_V, datatype: float64}
# - {name: sdss_g, datatype: float64}
# - {name: sdss_i, datatype: float64}
# - {name: sdss_r, datatype: float64}
# - {name: sdss_u, datatype: float64}
# - {name: sdss_z, datatype: float64}
# - {name: ATLAS_c, datatype: float64}
# - {name: ATLAS_o, datatype: float64}
# - {name: ukirt_H, datatype: float64}
# - {name: ukirt_J, datatype: float64}
# - {name: ukirt_K, datatype: float64}
# - {name: Clear, datatype: float64}
# meta: !!omap
# - comment: [kappa = 0.5, type = rprocess, mass = 0.09533330950298248, velocity = 0.13966666666666672, theta_obs = 0.0, tfloor = 1000.0]
# schema: astropy-2.0
time PS1_g PS1_i PS1_r PS1_w PS1_y PS1_z swift_uvot_B swift_uvot_U swift_uvot_uvm2 swift_uvot_uvw1 swift_uvot_uvw2 swift_uvot_V johnson_B johnson_I johnson_R johnson_U johnson_V sdss_g sdss_i sdss_r sdss_u sdss_z ATLAS_c ATLAS_o ukirt_H ukirt_J ukirt_K Clear
[from data line 113]
6.853707414829659 -10.496852653631503 -13.534152957563439 -12.397796812740296 -12.543144071836707 -14.52312114485581 -14.154502144330507 -9.26338026401859 -7.60586933779102 -1.1384204486540943 -5.83038509252928 -3.889369327978652 -11.402439672336843 -9.449616534664806 -14.275347358308707 -12.974982660082432 -7.845462009446724 -11.548786912216611 -10.212076295986083 -13.513220241418473 -12.368136525732698 -6.889740190828153 -14.267436963445377 -11.43307769787695 -13.004816722605685 -15.483449345778087 -15.150403198091809 -15.552843502023277 -13.04266489727775
6.913827655310621 -10.388541716849868 -13.46833157113343 -12.314836500228168 -12.469175247185316 -14.475245969539543 -14.099447963293024 -9.139279985129154 -7.447145025657278 -0.9086687346989946 -5.692042310667986 -3.7535509230229667 -11.30409827162347 -9.329510204615449 -14.214890646202278 -12.898983873453044 -7.692074479999633 -11.453457010351327 -10.099946710652468 -13.44692421544023 -12.28432458416485 -6.733148933446476 -14.214739226072037 -11.340237835476312 -12.932648731318341 -15.462124649839502 -15.116959034064639 -15.53977560496788 -12.979073673896853
6.973947895791583 -10.27955358640968 -13.40197253540067 -12.23127894441026 -12.39476046633861 -14.42691142313473 -14.043898914325634 -9.014421646236894 -7.287523090793755 -0.678037461909951 -5.553629673024236 -3.6176389531787687 -11.20507110535969 -9.208711738105254 -14.153924902280625 -12.822464708354914 -7.537802061816585 -11.357488714398619 -9.9871253505375 -13.380088761895994 -12.199901452641004 -6.575643782430056 -14.161568021042381 -11.246837662310849 -12.859975927725795 -15.440496083077143 -15.083138126728846 -15.526460469491086 -12.915126969635136
7.034068136272545 -10.169909105812529 -13.335090474580102 -12.147141463457505 -12.319914784228434 -14.378129220829567 -13.987867854923781 -8.888828510493553 -7.127031386586449 -0.44656935094391326 -5.415156181119958 -3.4816326527836092 -11.105377563657932 -9.087244474316417 -14.0924639746354 -12.74544220052131 -7.382672111022465 -11.260901512971147 -9.873633631881145 -13.312728591723033 -12.114884494175584 -6.417252461024336 -14.107936003593462 -11.152895666873643 -12.786814318171018 -15.418571044460855 -15.048949879171294 -15.512904245447723 -12.850838192322929
7.0941883767535066 -10.059653012907237 -13.267715962753428 -12.062460533431398 -12.244670577986785 -14.328923650304706 -13.931381571108421 -8.762550732111684 -6.965731172947365 -0.21435355836427572 -5.276659623760054 -3.345560234914909 -11.005059123522393 -8.965157827181653 -14.030536644798072 -12.667951175698555 -7.226744402596143 -11.163736374463829 -9.759517583204662 -13.24487445497386 -12.02931040408389 -6.258035735665501 -14.053869301166841 -11.058451243631087 -12.71319696927982 -15.396364449778797 -15.014413524136321 -15.499119011803264 -12.78623606558126
7.154308617234468 -9.948790619572492 -13.199853301422788 -11.977241051190006 -12.16903143425979 -14.279298285738715 -13.874443911143342 -8.635594157909587 -6.8036286921028655 0.018597697926272083 -5.1381293247563065 -3.2094028257216 -10.904120925156892 -8.8424581379908 -13.968147083359714 -12.58999703866871 -7.070025349588828 -11.065998866924643 -9.644782626177513 -13.176530682394638 -11.94318403561585 -6.09800002043432 -13.999371834859264 -10.963509141084238 -12.639128703509144 -15.373878718819928 -14.97953204985741 -15.485106902248267 -12.721323742531787
7.214428857715431 -9.837391516980478 -13.131549696379476 -11.891539447253798 -12.09304761226468 -14.229290527226421 -13.817096192482534 -8.508036945820347 -6.640820000652479 0.2521473431566408 -4.999632370268969 -3.073218753130561 -10.802627494253773 -8.719221892329742 -13.905339635670082 -12.51163306907933 -6.91260851023949 -10.967752322012066 -9.529500389769492 -13.107744748524741 -11.85656223741793 -5.937240541289643 -13.944483771327256 -10.868130406031415 -12.564660276502035 -15.351136546167755 -14.944334912674842 -15.470886081975122 -12.656145674546408
7.274549098196393 -9.725456832035508 -13.062806694987756 -11.805357288901952 -12.016719504152782 -14.178901778588084 -13.759339865133118 -8.37988028182129 -6.477305573264793 0.48629162660340075 -4.861152568919778 -2.9369849196514184 -10.700580191279176 -8.595450814563431 -13.842115883564656 -12.43286149315993 -6.754494721948074 -10.868998575465001 -9.413671987496635 -13.03851821460551 -11.769446523922849 -5.775758060641465 -13.889206694431007 -10.77231600449295 -12.489793442678323 -15.328138971895747 -14.908823367614994 -15.456457527849244 -12.590702098628501
7.3346693386773545 -9.613053763625885 -12.993669973554809 -11.718749132303738 -11.940095408288371 -14.128168239045422 -13.701214923808287 -8.251199691492037 -6.313178217298745 0.7208987532977469 -4.722753249808349 -2.8007571800927376 -10.598041459033471 -8.47121869443058 -13.7785187264383 -12.353733718298969 -6.595774415937889 -10.769798844268495 -9.297366585552869 -12.968897016720362 -11.681891882416462 -5.613644661803541 -13.83357946392529 -10.676124728437184 -12.414577146591057 -15.304907868169494 -14.87302588445173 -15.441838669205106 -12.525035594617417
7.394789579158316 -9.500180964673 -12.924139459038813 -11.631714579616208 -11.863173802748026 -14.07709003849142 -13.642721410731387 -8.121993616437255 -6.148435023040815 0.9559700928180321 -4.584415238270463 -2.664510614872316 -10.495010443893033 -8.346524508366041 -13.714548220634281 -12.27425006835767 -6.436445160878847 -10.670152760903429 -9.18058275140238 -12.898881086603016 -11.59389786256627 -5.450897802155001 -13.777602286982571 -10.579555280507247 -12.3390113040276 -15.281443452631379 -14.836942695948741 -15.427029779463036 -12.459144636808048
7.454909819639278 -9.386904439351156 -12.854260091633876 -11.544307266839517 -11.786001926569547 -14.02570280375011 -13.583898691706313 -7.992336289849905 -5.983167216267997 1.1913768104303886 -4.446199963097417 -2.528300350042517 -10.391548600685933 -8.221440655226381 -13.650246563721328 -12.194460968601845 -6.276595873805217 -10.570120495305167 -9.063388421649758 -12.828515619562388 -11.50551855130308 -5.287608062975586 -13.721313388949046 -10.482665263382458 -12.263143908254577 -15.257767169466906 -14.80060178541409 -15.412047874875723 -12.393070747259003
7.51503006012024 -9.273234687759917 -12.784039748548466 -11.45653631877753 -11.708586728555641 -13.974012940361451 -13.524753763263888 -7.8622395188927205 -5.817388511559507 1.427097756575841 -4.3081025650277205 -2.3921166275079773 -10.287666105353932 -8.095978970726033 -13.585621247177368 -12.114375491366449 -6.116240267014749 -10.469712342708595 -8.945794367271258 -12.757808541533855 -11.416763127573102 -5.123789384853463 -13.664719684724034 -10.385463651250753 -12.18698326319446 -15.233882940078708 -14.764008270385068 -15.396896103355393 -12.326819811724228
7.575150300601202 -9.159219970508339 -12.71351156784597 -11.368441168658006 -11.630962431878018 -13.922046778685537 -13.465315695932514 -7.731757617784406 -5.651165424950442 1.6630390652851164 -4.1701631897064395 -2.2559946155791297 -10.18340810747467 -7.9701924183860875 -13.520703407316248 -12.034030763066152 -5.955443295761544 -10.368972544150841 -8.827850250704277 -12.686793179419986 -11.327671371033219 -4.9595079617439985 -13.607849420288964 -10.287992394969887 -12.110564595611368 -15.209806576318648 -14.727182833528898 -15.381586969480344 -12.260421751219415
7.635270541082164 -9.044886243333714 -12.64269379702677 -11.280043362904113 -11.553147057681041 -13.86981891148885 -13.40560055777404 -7.600919820117272 -5.484533340738302 1.899150237705542 -4.03239561074372 -2.1199439123104145 -10.078799161256697 -7.844109609429392 -13.455510235240979 -11.953447273738355 -5.794239710355004 -10.26792529741934 -8.709582762255543 -12.615487886562953 -11.238265018863398 -4.794799211050318 -13.550718261246963 -10.19027388830514 -12.033907165345958 -15.18554684655182 -14.690136970979724 -15.366127395704899 -12.193892147956422
7.695390781563126 -8.930267882920901 -12.571610334973027 -11.19137121622904 -11.475164660766097 -13.817348393903917 -13.345629361021434 -7.469764852853632 -5.317539447870487 2.13536481482359 -3.8948237374514423 -1.9839845782950536 -9.973871655157122 -7.7177682919055215 -13.390064207890859 -11.872651732044083 -5.6326757205348805 -10.166602373143865 -8.59102726552683 -12.543916698727386 -11.148572651161377 -4.629710248846131 -13.493346641878894 -10.092337837985106 -11.957036201785609 -15.161115162890063 -14.652885656074409 -15.350526364720858 -12.127251867029223
7.755511022044088 -8.81540587188292 -12.50028952569913 -11.102458359370626 -11.397044000282754 -13.76465779369429 -13.285427010176551 -7.338338896439672 -5.150240207510244 2.3716039747074875 -3.7574793641608824 -1.8481449166123585 -9.868664142794074 -7.591213361070718 -13.324391957673082 -11.791675705087627 -5.470806538431969 -10.065041483359279 -8.472225927705619 -12.472108120986505 -11.058628227665288 -4.464297388734231 -13.43575874521397 -9.994219666205648 -11.87998160089979 -15.136525008479676 -14.615446594353168 -15.334794463259305 -12.060525871346144
7.8156312625250495 -8.700317376448599 -12.428743785691996 -11.013319305593878 -11.318796611201272 -13.711757120734802 -13.225004496430461 -7.206661335739702 -4.982658821219967 2.6078349586335543 -3.6203666332887248 -1.712426250717932 -9.763193144269568 -7.464463739981525 -13.258505204695325 -11.71053302206736 -5.308655099132224 -9.963258928102137 -8.3531963877304 -12.400074642440106 -10.968446414962845 -4.2985840424506705 -13.377965302232457 -9.895933960871162 -11.802756235079261 -15.111782360845464 -14.577827677212872 -15.318936353580701 -11.993723929046283
7.875751503006012 -8.585063712616599 -12.357015121058481 -10.924004037819124 -11.240465793537062 -13.658679734083794 -13.164398681091232 -7.074801274361749 -4.814880251981215 2.843940628764387 -3.4835414419975836 -1.5768815769823017 -9.65751614787677 -7.337586360584968 -13.192443357870982 -11.62927024614665 -5.146304281288121 -9.86131070056837 -8.234001753947187 -12.327858504781304 -10.878077709627778 -4.132654774168625 -13.320002021694783 -9.797533788858832 -11.725404406342879 -15.08690709173942 -14.540055015290514 -15.302967597298734 -11.926883709585958
7.935871743486974 -8.469640454674998 -12.285101512377494 -10.834509735644762 -11.16204745684307 -13.605424266649742 -13.103607949444012 -6.942753811495957 -4.646897576629332 3.0799301972892907 -3.346983398210916 -1.4414886149949555 -9.551629715053675 -7.210576569444779 -13.126204618683463 -11.547885087463847 -4.983747782611243 -9.75919368182481 -8.114637428511848 -12.25545768079268 -10.787519291821983 -3.966503200834417 -13.26186744024806 -9.699014828877992 -11.647923522271117 -15.06189837569735 -14.50212760752464 -15.286887477265621 -11.860001184924922
7.995991983967936 -8.354101910241294 -12.213040308071967 -10.744880767687182 -11.08357976158965 -13.552020416785808 -13.042665106583371 -6.810580186695488 -4.478786028668527 3.3157006614379165 -3.210740729182557 -1.306293473150809 -9.44558491033946 -7.0834935772710175 -13.059824027374269 -11.466418802706777 -4.821059038827997 -9.656957556611017 -7.995159301827197 -12.182909727793039 -10.696816010303252 -3.800204285967226 -13.20359332596956 -9.600423948992685 -11.570352804926358 -15.036773872376298 -14.464068692048604 -15.270709777833387 -11.793109432961408
8.056112224448897 -8.238468442884379 -12.140846123139628 -10.655134235477064 -11.005076404981171 -13.498479953088385 -12.981583091094269 -6.678303430004845 -4.310573408701028 3.5512143310237727 -3.074822555498677 -1.1713037767086152 -9.33940134211409 -6.956359622779992 -12.993315345066343 -11.384887409552313 -4.658265446471656 -9.5546214830758 -7.8755883061837295 -12.110229343904635 -10.605985183570628 -3.6337860441468273 -13.145192251775182 -9.501778383883401 -11.492707252680443 -15.011540557816915 -14.425887509972311 -15.254439879690176 -11.726220007679053
8.11623246492986 -8.122775536980598 -12.068543723177818 -10.56529939527957 -10.92656192601293 -13.444822660042401 -12.92038372286381 -6.545963608351829 -4.142308694926111 3.7864049384452665 -2.939255816249417 -1.0365451444114835 -9.23311268022027 -6.8292133450629 -12.9267018273801 -11.303318091771175 -4.495414954654564 -9.452218207743124 -7.755960946147251 -12.037441433225418 -10.515056417410538 -3.4672974696841052 -13.086685355192316 -9.403108514498495 -11.415012594787441 -14.986210166754073 -14.387599551165396 -15.238086882376239 -11.659353954352607
8.176352705410821 -8.007058272982572 -11.996157619778298 -10.47540518432875 -10.84806053483101 -13.391068129126769 -12.859088607579032 -6.41360034428634 -3.9740403340306862 4.021207370078341 -2.8040672443144206 -0.9020432901168394 -9.126752253884824 -6.702092893060691 -12.860006487388198 -11.221737677102183 -4.332554993682589 -9.349780104999928 -7.636313309972849 -11.964570643841466 -10.424059006193467 -3.3007870425796426 -13.028093554780789 -9.304444332424726 -11.337294230332251 -14.96079430764231 -14.3492201488608 -15.221659770009966 -11.592531995296902
8.236472945891784 -7.891325393327673 -11.92369465684644 -10.385459364312482 -10.769577526863348 -13.33722201295755 -12.797703905169477 -6.281223600843414 -3.8057799563773465 4.255606946024828 -2.669253718641684 -0.7677944576310511 -9.020328945734654 -6.575007759268384 -12.793235804094547 -11.140153434055293 -4.169697253544477 -9.24731585537854 -7.516654362137594 -11.891623858853002 -10.333000855906 -3.13426678347982 -12.969422854643753 -9.205792877566026 -11.25955878336173 -14.935296306706963 -14.31075376618688 -15.205161031126531 -11.525758255962
8.296593186372744 -7.775628243012616 -11.851190284043671 -10.295503953192586 -10.69114873092662 -13.283312549114239 -12.736260800715105 -6.148891335516363 -3.637598821095356 4.4895082675106375 -2.5348612722668302 -0.6338440927145181 -8.913891247254313 -6.448013674182821 -12.726423016142949 -11.058604136342247 -4.0069112986188955 -9.144872436035419 -7.397036940220225 -11.818636723274611 -10.241924496203136 -2.9678077830057426 -12.9107033967016 -9.107198243581767 -11.18184315049822 -14.909732893710942 -14.272222469565852 -15.188603635986391 -11.459063589714589
8.356713426853707 -7.659969769195438 -11.778647464260548 -10.205542048572429 -10.612775266876167 -13.229342336973993 -12.674762069602341 -6.016606992624168 -3.4695005023209013 4.722908215986618 -2.4008809310467245 -0.5001830454504339 -8.807442688616309 -6.321113762785981 -12.65957096490369 -10.977092672351471 -3.844200987935047 -9.042453291650768 -7.277464040601771 -11.745612217088208 -10.150833133621813 -2.80141408836311 -12.851937903331745 -9.008662391206936 -11.104149770659273 -14.884105579380563 -14.233628339248677 -15.171988637458982 -11.392448434371047
8.41683366733467 -7.544386126045399 -11.706091463737138 -10.11560345171425 -10.534482040251643 -13.175331587410692 -12.613230001623297 -5.88441142859062 -3.3015350611456817 4.955740896981717 -2.2673420158583464 -0.36684055072527455 -8.701017684568601 -6.194347172470533 -12.592703354027403 -10.895646467839015 -3.681615297824543 -8.940091712776661 -7.157972856628341 -11.672575745096996 -10.059756968268019 -2.6351358010601977 -12.793147914765814 -8.910216152076806 -11.026504666308394 -14.858426322787977 -14.19498718002444 -15.15532525469032 -11.32593403589393
