web/models/kne/22/mosfit_kn_0.406447_0.3747_10.0000.dat
# %ECSV 1.0
# ---
# datatype:
# - {name: time, datatype: float64}
# - {name: PS1_g, datatype: float64}
# - {name: PS1_i, datatype: float64}
# - {name: PS1_r, datatype: float64}
# - {name: PS1_w, datatype: float64}
# - {name: PS1_y, datatype: float64}
# - {name: PS1_z, datatype: float64}
# - {name: swift_uvot_B, datatype: float64}
# - {name: swift_uvot_U, datatype: float64}
# - {name: swift_uvot_uvm2, datatype: float64}
# - {name: swift_uvot_uvw1, datatype: float64}
# - {name: swift_uvot_uvw2, datatype: float64}
# - {name: swift_uvot_V, datatype: float64}
# - {name: johnson_B, datatype: float64}
# - {name: johnson_I, datatype: float64}
# - {name: johnson_R, datatype: float64}
# - {name: johnson_U, datatype: float64}
# - {name: johnson_V, datatype: float64}
# - {name: sdss_g, datatype: float64}
# - {name: sdss_i, datatype: float64}
# - {name: sdss_r, datatype: float64}
# - {name: sdss_u, datatype: float64}
# - {name: sdss_z, datatype: float64}
# - {name: ATLAS_c, datatype: float64}
# - {name: ATLAS_o, datatype: float64}
# - {name: ukirt_H, datatype: float64}
# - {name: ukirt_J, datatype: float64}
# - {name: ukirt_K, datatype: float64}
# - {name: Clear, datatype: float64}
# meta: !!omap
# - comment: [kappa = 10.0, type = rprocess, mass = 0.4064473885499596, velocity = 0.3746666666666667, theta_obs = 0.0, tfloor = 1000.0]
# schema: astropy-2.0
time PS1_g PS1_i PS1_r PS1_w PS1_y PS1_z swift_uvot_B swift_uvot_U swift_uvot_uvm2 swift_uvot_uvw1 swift_uvot_uvw2 swift_uvot_V johnson_B johnson_I johnson_R johnson_U johnson_V sdss_g sdss_i sdss_r sdss_u sdss_z ATLAS_c ATLAS_o ukirt_H ukirt_J ukirt_K Clear
[from data line 226]
13.647294589178356 -15.197980879366906 -17.8792447228971 -16.886342248943205 -16.961400074925503 -18.71865706141671 -18.409698588535495 -14.09562907436299 -12.727272809800407 -6.8645500837121025 -10.813993888347362 -8.852139338958644 -16.01836033507307 -14.25043879734947 -18.575929925882832 -17.407274568839732 -12.921914444925317 -16.140913351742455 -14.94511865224311 -17.862277982947177 -16.863379102547054 -11.992306026507222 -18.503420504674608 -16.007245809328747 -17.405191618933955 -19.459327092175172 -19.226467992945828 -19.46073015742847 -17.376262331246846
13.707414829659317 -15.168488923053047 -17.86287014144026 -16.86468840590333 -16.942167306546256 -18.707764530639075 -18.396624541252358 -14.061345163562564 -12.682365303802605 -6.797066715585099 -10.773025338747217 -8.81187564675161 -15.992062056655485 -14.217248804422717 -18.561180739270082 -17.38762825079886 -12.87867166517713 -16.115446775770913 -14.914453648252461 -17.8457577133441 -16.841492506587752 -11.948124592142015 -18.49103746541635 -15.982343957302039 -17.386713611807867 -19.456433862319603 -19.219928965835926 -19.46030288059134 -17.36007297815158
13.76753507014028 -15.126045874017393 -17.837877635653303 -16.832671895354903 -16.913392496541366 -18.690068528428903 -18.3760243343567 -14.012522452472684 -12.619406236510642 -6.704108573223134 -10.715450619955345 -8.755252294575374 -15.953861079181621 -14.169888872102824 -18.538352311930588 -17.358290041101647 -12.817926100132865 -16.07835750033679 -14.870449713162994 -17.820571334629562 -16.80916469094674 -11.88612749830213 -18.471358527592034 -15.946017921548776 -17.35893073114058 -19.449391146674447 -19.208030521630235 -19.456545452674302 -17.335356196889098
13.827655310621243 -15.1169399236543 -17.835007929012523 -16.827291823996244 -16.909176648105202 -18.689807318444416 -18.374724693338624 -14.001135313737773 -12.602966292762261 -6.676957517906835 -10.700974507206933 -8.741119732748292 -15.946269281190936 -14.159026560988938 -18.5362564592955 -17.35386921690302 -12.802276874959421 -16.07116444565555 -14.860785861230195 -17.81763232830814 -16.803672908591896 -11.870030243389635 -18.47038866998208 -15.939100922226253 -17.355066023472876 -19.45294024152385 -19.209842800232444 -19.461269908442645 -17.332593107198768
13.887775551102203 -15.099808300570334 -17.826793115362918 -16.81548740113044 -16.89904210827642 -18.685323109779013 -18.36875518360488 -13.980740769609074 -12.575346198221151 -6.634031044404288 -10.676198397628962 -8.716837929275506 -15.931300984951974 -14.139384338602511 -18.529148572394416 -17.343438294622164 -12.77578709522236 -16.05676762268098 -14.842856445382253 -17.809318413047492 -16.79170833579855 -11.842899145981356 -18.464891202064617 -15.925101818863094 -17.345430521066856 -19.453907039107424 -19.208324830617425 -19.463918474158174 -17.324538103830776
13.947895791583166 -15.056471921193051 -17.80115581575494 -16.782724362675978 -16.869611812104583 -18.66709378499408 -18.34757588199139 -13.930923626918894 -12.511183947159594 -6.5395175796547305 -10.617805986688005 -8.659436821090377 -15.89225283170035 -14.091067134064893 -18.50570996192784 -17.313408284727753 -12.713867442026913 -16.01885845610768 -14.797936223261061 -17.783484355985415 -16.758625944982555 -11.779704065989716 -18.444650624225414 -15.887992527313344 -17.316980254375594 -19.446507529025553 -19.195988400996917 -19.45986127906472 -17.299243597126672
14.008016032064127 -15.033426969433066 -17.788980990709167 -16.766172727013764 -16.855118945782248 -18.65947066576359 -18.338139824125417 -13.903895698413582 -12.475343772276215 -6.485057014110967 -10.58559107358338 -8.627836973236697 -15.87183774661706 -14.06496479959181 -18.494886501881986 -17.29853963222998 -12.679403952876022 -15.999145973682738 -14.773918339695058 -17.771188657589132 -16.74187720683083 -11.74445563091897 -18.435792258189245 -15.868778147456393 -17.30308240693649 -19.445542281240456 -19.191987877351533 -19.460951489875114 -17.287296096865248
14.06813627254509 -15.026058461723384 -17.78720646497785 -16.762145678490583 -16.85215490030714 -18.660039126880736 -18.337774965577935 -13.894476665104484 -12.461389185369942 -6.461526012519914 -10.573526160579476 -8.616090317851345 -15.865821494586402 -14.0560233978278 -18.49380771426028 -17.29538000368904 -12.666157649392417 -15.993492209256067 -14.766049084798993 -17.7693519186524 -16.737748438509463 -11.73080489706761 -18.435725035959027 -15.863382738985106 -17.300422544008374 -19.44953896298246 -19.194421600665788 -19.46600675924889 -17.285643518213334
14.128256513026052 -14.985583350880862 -17.763419597527133 -16.73163845736177 -16.824833031452275 -18.643244337551952 -18.318194461808908 -13.847881075654193 -12.40126048612801 -6.37285277583507 -10.519131240033932 -8.562651380207885 -15.829375965424354 -14.010857967439176 -18.472097611337272 -17.267465863524116 -12.608141193211654 -15.958131768071995 -14.724079889666921 -17.745379416312765 -16.706936603671476 -11.671579980937477 -18.41703384744715 -15.828801170401139 -17.27400000358596 -19.442979247477844 -19.183195387504206 -19.4626083294184 -17.262240404878852
14.188376753507013 -14.948534290213953 -17.741891592162453 -16.70385944082918 -16.800035509541615 -18.628222535322365 -18.30057992218782 -13.805135252877953 -12.345924797928127 -6.291001711163935 -10.469256906898607 -8.513674277557705 -15.796068574839783 -13.969449364775798 -18.45250273461596 -17.242105770125022 -12.554769031012675 -15.925838551944798 -14.685640933096362 -17.723678710063435 -16.678872721922797 -11.61708126911508 -18.400248295346024 -15.797243233672233 -17.250028073357058 -19.437487160190475 -19.173358090573327 -19.460060789124483 -17.241096027029954
14.248496993987976 -14.939873171439721 -17.73921466376322 -16.698772242521294 -16.7961026838098 -18.62805490020305 -18.299412173470575 -13.794276612837184 -12.330211250814447 -6.265073524882204 -10.455681842964673 -8.500447056536945 -15.788848507595993 -13.959108120839016 -18.450571544363463 -17.237953052260295 -12.539812277307878 -15.919010786372832 -14.676443856422576 -17.720935183795792 -16.673675292477537 -11.601689499429853 -18.399400647197393 -15.790701745112994 -17.246410789313504 -19.440996424183968 -19.17519074114484 -19.46470645253887 -17.23857385421317
14.308617234468937 -14.914617027592918 -17.725493656940365 -16.680404925984664 -16.779968118381383 -18.619172071140966 -18.288600779764135 -13.764782773393282 -12.291357749569087 -6.206543552926756 -10.421001698759866 -8.466440186655436 -15.76636769222236 -13.930614486933454 -18.438288673172025 -17.221389962160593 -12.50241718469135 -15.897288190951427 -14.650154474944213 -17.707085783429513 -16.655094865542015 -11.56345481580594 -18.389207036829163 -15.769535337319773 -17.230880146178915 -19.43920539839247 -19.17016583138693 -19.46510770755317 -17.225161865935465
14.3687374749499 -14.871192692679376 -17.69967944114878 -16.647496747672612 -16.75048773321075 -18.600747237550515 -18.267229822788913 -13.71488453055478 -12.227167177084777 -6.112347709857445 -10.363311481971067 -8.409784249691445 -15.727174118185456 -13.882250510069504 -18.41467163238913 -17.191243632663806 -12.440452120107796 -15.859257287538158 -14.605152433295423 -17.68107550721119 -16.62185974627633 -11.50020531650405 -18.36878114148485 -15.732364560550902 -17.20231085623798 -19.43161790447785 -19.157636166449716 -19.460871505589253 -17.199846508966488
14.428857715430862 -14.853243396510862 -17.690785000752243 -16.63495438783567 -16.7397168622046 -18.595653789354163 -18.26062064299924 -13.693604372708805 -12.198536514071723 -6.068304737053636 -10.338083440167445 -8.385090733535993 -15.71139730868196 -13.861762687780587 -18.406907717737468 -17.18012487203093 -12.412965328913536 -15.844080724634962 -14.586391756933814 -17.672080233149376 -16.60914852795095 -11.472056832250832 -18.362658802649552 -15.717635421828255 -17.192003377662317 -19.43210183327739 -19.155576488795294 -19.46308070350106 -17.191221265368863
14.488977955911823 -14.844235823179321 -17.687821876693395 -16.62955602714451 -16.735504411392004 -18.595228524993193 -18.259183241010746 -13.68237254404492 -12.182397343480407 -6.041883321621831 -10.324238253893103 -8.371603291148272 -15.703838854080285 -13.8510610736536 -18.404699552227203 -17.175678140213552 -12.397589566687117 -15.836923872352154 -14.576842501946636 -17.66904979058184 -16.60363716446655 -11.45623889110297 -18.361546726910074 -15.710779183984886 -17.188098351634995 -19.43540154900395 -19.15717734349558 -19.46753288630777 -17.188442619478952
14.549098196392785 -14.80034726023538 -17.661650894591165 -16.596246313788843 -16.705686360459584 -18.576499112056304 -18.237485514785536 -13.631960610666464 -12.117598114603183 -5.946972533148059 -10.266266741961125 -8.31468424330668 -15.664192925794922 -13.802209322611215 -18.380742855376308 -17.145163970889705 -12.335027286247701 -15.798459356328783 -14.531365898176016 -17.642681445626014 -16.569994908214234 -11.392378302293498 -18.340804179814754 -15.67320475547401 -17.15917269380629 -19.427599473408957 -19.144391358692996 -19.46311255876761 -17.162834347225964
14.609218436873746 -14.765180030650882 -17.64126248708532 -16.569902659963276 -16.68227281602272 -18.562320859898662 -18.220829568958994 -13.591347929344632 -12.06498128181888 -5.869270563478167 -10.219462274505933 -8.26876147078455 -15.632558880505105 -13.76290490465767 -18.362202980373194 -17.12115915880948 -12.284275506294115 -15.767815598650897 -14.494873740769396 -17.622128368857233 -16.543372378655334 -11.340541068083798 -18.324946780986444 -15.64331357612252 -17.136493640138255 -19.422545863987533 -19.135175756355345 -19.460883894269042 -17.142940260882558
14.669338677354709 -14.756095047870925 -17.638206513157737 -16.56441709540225 -16.677987160726246 -18.561799064936046 -18.219296552566266 -13.580040413661624 -12.048775834672316 -5.842840010444024 -10.205658317812905 -8.255318044811911 -15.624913762757153 -13.7521328889671 -18.35990151075559 -17.116629550251076 -12.268830684798122 -15.760575732264817 -14.485248179181838 -17.619005207375107 -16.537772657770518 -11.324652786036147 -18.323740001606 -15.63638335546063 -17.13250505887485 -19.425749005019362 -19.1366797808854 -19.46524054157942 -17.140092432638454
14.729458917835672 -14.7334746338203 -17.626134282407477 -16.54809391178123 -16.663769652656946 -18.554161602652837 -18.209889263763994 -13.553530038540266 -12.013694992486545 -5.7898812816643845 -10.174821053294725 -8.225112566157161 -15.604810417098857 -13.726561913800545 -18.349149891431768 -17.101981430170145 -12.235080307374108 -15.741183167447053 -14.461681878770332 -17.606815412279566 -16.5212492072342 -11.290125636844639 -18.314904143624435 -15.617536191554962 -17.11880375724574 -19.424632119761803 -19.132588454877766 -19.466143289231216 -17.12839337836762
14.789579158316633 -14.696956078640149 -17.604802069200503 -16.520641089732422 -16.63936252495091 -18.539216489271713 -18.192394726162924 -13.51140776223722 -11.959231058945239 -5.709704479397575 -10.126559853386201 -8.177762851075844 -15.571911079140357 -13.685797705063848 -18.329720208876196 -17.076945922333355 -12.182531188082894 -15.709311097781312 -14.423801286132552 -17.585313907544204 -16.493506847188648 -11.236456167589441 -18.29823376755206 -15.586457473409325 -17.095131946075277 -19.4190826265293 -19.12275280727874 -19.463504809211415 -17.107618497905506
14.849699398797595 -14.677186843936134 -17.594597925078013 -16.506581614982156 -16.627229894400397 -18.533036640159306 -18.184608292079805 -13.488107041764607 -11.928155352849288 -5.662449433583315 -10.099446947087127 -8.151224948732864 -15.554418601090784 -13.66335575855658 -18.320715114217247 -17.064412449550563 -12.15266112367636 -15.692468038459014 -14.403174033369837 -17.575003115952743 -16.47926427395591 -11.205879228611941 -18.29096731838291 -15.57011900807133 -17.08345772035127 -19.418825339475717 -19.119793590779377 -19.4650830270222 -17.09777749586017
14.909819639278556 -14.657675750686856 -17.584552022180286 -16.492720440650928 -16.615281891880755 -18.526974053471292 -18.176955267937878 -13.465099835795488 -11.897453132667497 -5.615748951010143 -10.072708432426634 -8.125055948164185 -15.53715835974555 -13.64120094481811 -18.311856302231046 -17.052063975605744 -12.123151652736006 -15.675852258324541 -14.382813776381767 -17.56485166486474 -16.465221355681 -11.175669335384395 -18.2838295242332 -15.554006265103268 -17.071959760179425 -19.41862705529285 -19.116919852098455 -19.466702601200684 -17.088100117755385
14.969939879759519 -14.614655128949519 -17.558847905724235 -16.460035785394336 -16.586113904083355 -18.50856007872455 -18.155629978697068 -13.41567922193325 -11.83395135534191 -5.523009669355228 -10.016566232928472 -8.06995653316083 -15.498250198518566 -13.593346446162457 -18.288325411052615 -17.022153592655897 -12.061831241118945 -15.638127840929082 -14.338239340458259 -17.53895441185808 -16.43220276566046 -11.11306511230838 -18.263448585673245 -15.517211665032136 -17.04360598931819 -19.410951005937328 -19.104344603697623 -19.46235622479248 -17.06309374125908
15.03006012024048 -14.574323891766205 -17.53491682168894 -16.42949294471201 -16.558921234619657 -18.491536539579396 -18.135847266083367 -13.36928206358164 -11.774214366822218 -5.4356196807513895 -9.963926887901096 -8.018305175438453 -15.461807311195319 -13.548440489085824 -18.26645427361414 -16.99424633192412 -12.004159294381022 -15.602811677298563 -14.296436187722321 -17.514840368761142 -16.40134195096323 -11.054174440372186 -18.244562326779086 -15.482787392690529 -17.01717366149465 -19.40410810242676 -19.09285645211744 -19.45867144457114 -17.03985138734664
15.090180360721442 -14.564398046658837 -17.531208846599355 -16.423278069004645 -16.55398148364645 -18.490448258866508 -18.13371240094167 -13.357055250013882 -11.75692898553569 -5.407859597930787 -9.949364608435936 -8.004117426488339 -15.45335402977867 -13.53678106908982 -18.263527733303288 -16.98903276360354 -11.987656619919058 -15.594787008037388 -14.285952205571721 -17.51106301684148 -16.395006085473494 -11.037208980566291 -18.24276786664786 -15.475103723353492 -17.01251946211949 -19.40688242433065 -19.09386825608573 -19.462644299954142 -17.036411600822472
15.150300601202405 -14.544089004901366 -17.520576880071506 -16.40874436577512 -16.541437698209176 -18.483894281885238 -18.1255290615354 -13.333163863969812 -11.725163717416223 -5.359802636148301 -9.921872283039477 -7.977207812981288 -15.435334991920701 -13.513774955433306 -18.25411241646056 -16.976059691326892 -11.957109264283094 -15.577436601478512 -14.264774426870197 -17.50032306541577 -16.38028360661682 -11.005940585639742 -18.235114888494586 -15.458287132641715 -17.000417135279715 -19.406342958908414 -19.090584263789765 -19.463971437514115 -17.026204725820904
15.210420841683366 -14.499534648318129 -17.493790243966654 -16.3747933800747 -16.511157367185856 -18.464597842596362 -18.103239341543862 -13.282028079409926 -11.659567596088714 -5.264327067820925 -9.864231307962132 -7.92063574420013 -15.394979549408198 -13.464271628482102 -18.22956113486094 -16.94498130632355 -11.8937485584505 -15.538313786175555 -14.218624730390683 -17.47333812658825 -16.34598451107113 -10.941253500091328 -18.213800777243154 -15.420154239669799 -16.970938050905318 -19.39809906571943 -19.07729662950503 -19.459158811044595 -17.000222904402875
