web/models/kne/22/mosfit_kn_0.012011_0.2650_10.0000.dat
# %ECSV 1.0
# ---
# datatype:
# - {name: time, datatype: float64}
# - {name: PS1_g, datatype: float64}
# - {name: PS1_i, datatype: float64}
# - {name: PS1_r, datatype: float64}
# - {name: PS1_w, datatype: float64}
# - {name: PS1_y, datatype: float64}
# - {name: PS1_z, datatype: float64}
# - {name: swift_uvot_B, datatype: float64}
# - {name: swift_uvot_U, datatype: float64}
# - {name: swift_uvot_uvm2, datatype: float64}
# - {name: swift_uvot_uvw1, datatype: float64}
# - {name: swift_uvot_uvw2, datatype: float64}
# - {name: swift_uvot_V, datatype: float64}
# - {name: johnson_B, datatype: float64}
# - {name: johnson_I, datatype: float64}
# - {name: johnson_R, datatype: float64}
# - {name: johnson_U, datatype: float64}
# - {name: johnson_V, datatype: float64}
# - {name: sdss_g, datatype: float64}
# - {name: sdss_i, datatype: float64}
# - {name: sdss_r, datatype: float64}
# - {name: sdss_u, datatype: float64}
# - {name: sdss_z, datatype: float64}
# - {name: ATLAS_c, datatype: float64}
# - {name: ATLAS_o, datatype: float64}
# - {name: ukirt_H, datatype: float64}
# - {name: ukirt_J, datatype: float64}
# - {name: ukirt_K, datatype: float64}
# - {name: Clear, datatype: float64}
# meta: !!omap
# - comment: [kappa = 10.0, type = rprocess, mass = 0.012011244339858356, velocity = 0.265, theta_obs = 0.0, tfloor = 1000.0]
# schema: astropy-2.0
time PS1_g PS1_i PS1_r PS1_w PS1_y PS1_z swift_uvot_B swift_uvot_U swift_uvot_uvm2 swift_uvot_uvw1 swift_uvot_uvw2 swift_uvot_V johnson_B johnson_I johnson_R johnson_U johnson_V sdss_g sdss_i sdss_r sdss_u sdss_z ATLAS_c ATLAS_o ukirt_H ukirt_J ukirt_K Clear
[from data line 86]
5.2304609218436875 0.9763676882471728 -6.053401861949386 -3.3112722485649826 -4.629961174735886 -8.770755882355594 -7.693939999276136 3.77204261912392 8.800520142872621 20.74761396507348 6.969502264546659 9.119558685849679 -0.7364024536289308 2.982067247781291 -7.336755144608072 -4.79050468169038 8.043767191204683 -1.3460594970359072 1.6235312466788798 -5.989250211530006 -3.1595046380362746 9.369072596627692 -8.090381176227215 -1.6129654209218636 -5.1331444858034025 -12.414350807618975 -10.856076958674484 -13.346638306127437 -6.289476475428781
5.290581162324649 1.215298910480982 -5.89876484757303 -3.123083993921334 -4.470618465679994 -8.652891452381546 -7.560663490331372 4.04480570093729 9.146777441921081 21.187090877403648 7.2196303492812675 9.383686797600209 -0.512698273251975 3.2375252358190703 -7.194216640197047 -4.6266833094535835 8.37815072410362 -1.1362860953299834 1.8700724150697567 -5.833777976341992 -2.968010639691361 9.712483478816871 -7.964510217291441 -1.4116634643095693 -4.973837024609757 -12.355510433467812 -10.770414919499805 -13.30712490233349 -6.157700508617019
5.350701402805611 1.457069218943623 -5.742074939649715 -2.932549126993873 -4.309283490772415 -8.53331107769801 -7.425515802176914 4.3207326551959016 9.49696219970825 21.630763872216423 7.472305630539822 9.650787194973077 -0.2862571150486673 3.4958237793159124 -7.049759069591764 -4.460947954311394 8.716294277813919 -0.9240814846363297 2.119517198438885 -5.676250047222222 -2.7741177814890428 10.059779246103684 -7.836899303572249 -1.2079362369584956 -4.812541033635878 -12.295553607390486 -10.6833726387857 -13.266696023989455 -6.024288524361072
5.410821643286573 1.7020427234147029 -5.583086822256238 -2.739375619718274 -4.145704389566376 -8.411820440429487 -7.2882808410198585 4.600234569457101 9.851590095394638 22.07928444886782 7.727907065864272 9.921259432883428 -0.0567367888066997 3.757346619992226 -6.9031545058132435 -4.2930456047415015 9.058694545378614 -0.7091282952573128 2.3722399706967146 -5.516420174343821 -2.5775292631579916 10.411470020058609 -7.707344852188633 -1.001472500703624 -4.64900551998344 -12.234368713943267 -10.59480123996259 -13.225266869176886 -5.889029250095472
5.4709418837675345 1.9499950641744768 -5.421955612402556 -2.5437466662576824 -3.980039952020036 -8.288543630813123 -7.149095329052226 4.883058558730839 10.210348663789581 22.532269914667303 7.9862013522451925 10.194858605269307 0.1756502630280529 4.021852551074879 -6.754548414694162 -4.123143603626763 9.40504667497504 -0.49163233950753704 2.628009660135948 -5.354444397794396 -2.378430948227024 10.767244139217667 -7.575979464979046 -0.792465374156599 -4.483390030536523 -12.172030732707276 -10.504798317350657 -13.182896053267326 -5.752060334994571
5.531062124248497 2.200944205204536 -5.258671496296419 -2.345649728084158 -3.8122797518007623 -8.16347355833095 -7.007950650517252 5.169225119140525 10.573266304097864 22.989764076712905 8.247207786891941 10.471605178434814 0.41091993188953707 4.289357797059715 -6.603932450262945 -3.9512360312823818 9.755375722577345 -0.2715840329610917 2.8868444858934694 -5.190313068631909 -2.176809935772628 11.12712815880192 -7.442797278599453 -0.5809002179948841 -4.315684905219612 -12.108537654820156 -10.413359853582767 -13.139582946321722 -5.613375583059952
5.591182364729459 2.455134846878888 -5.093070215852951 -2.1448891326589603 -3.6422553361375876 -8.036480181290901 -6.864701967081555 5.45901052355691 10.940690549885055 23.452207481405875 8.511180411806674 10.751767476060042 0.6493019320178802 4.56011878015692 -6.451154296533349 -3.777155696265589 10.110015390998608 -0.048772817942681373 3.1489958790498385 -5.023861408474204 -1.972467272768359 11.491465213043899 -7.307662902389289 -0.36656819509664373 -4.145722486168566 -12.04381533130803 -10.320386641928286 -13.095271430627447 -5.472834889123384
5.651302605210421 2.712312038419178 -4.925327701807181 -1.9416726879325452 -3.4701464430873052 -7.907704138206171 -6.719504372101461 5.752127316542869 11.312265467312717 23.919166137221023 8.77785598700859 11.03506734036564 0.8905547733647864 4.833862359783133 -6.296378757872843 -3.6010909846930277 10.46861886249366 0.17656851309567648 3.414201267141319 -4.855266368386371 -1.7656139369419144 11.859900484953325 -7.170726357392159 -0.14968839353135976 -3.9736831743759105 -11.977948204825635 -10.225988923066732 -13.05002723873496 -5.330593340671772
5.7114228456913825 2.972726236779639 -4.755275681048925 -1.7358000242185057 -3.2957806003106427 -7.777012103522143 -6.572209406520759 6.048858214936502 11.688346586190779 24.39109034818298 9.047494450162397 11.321779202871781 1.1349135982489387 5.110850864960664 -6.139449782942733 -3.422870784057797 10.83152744994316 0.40465528379645366 3.682717947191332 -4.684359158592528 -1.5560462124894947 12.232784960387217 -7.03184896816424 0.06995295533402057 -3.7993952536739783 -11.910860067136271 -10.130064883463897 -13.003792591816657 -5.1865075427576635
5.771543086172344 3.2362289040615977 -4.583017592798644 -1.5273929565344169 -3.1192632224636796 -7.6444870034382895 -6.422908233969533 6.349035782577638 12.068727569845912 24.867733135965214 9.319943506116832 11.611741328661772 1.3822371808274412 5.390924101751061 -5.980464574324556 -3.2426074670166587 11.198539048437642 0.6353490792153795 3.954392778698459 -4.511243920137513 -1.343887763947098 12.609912205216638 -6.891119955815999 0.2922280025098445 -3.622964769438912 -11.84260139485694 -10.032680010505482 -12.956607030611751 -5.040669471010268
5.831663326653306 3.502911782191802 -4.408493191469205 -1.3163792376647443 -2.9405323430669483 -7.510081439523315 -6.271547619637605 6.652763637715954 12.453540343511484 25.349267328303785 9.59529923774273 11.905054563808456 1.6326109292292543 5.674176254913817 -5.819367769594975 -3.0602427246917445 11.569778637212085 0.8687243103309885 4.229319751325065 -4.335860389642345 -1.1290650814409986 12.991411315524743 -6.748491310014995 0.5172146443030456 -3.444330425598867 -11.773146217260757 -9.933798913322816 -12.908451310056444 -4.893029377417051
5.891783567134269 3.7728698625231694 -4.231639967589178 -1.1026839788789289 -2.7595237683245877 -7.373746161362469 -6.118072280704858 6.960149039274616 12.842921385307626 25.83587096871919 9.873660885760227 12.201823182944388 1.8861233312218737 5.960704775753577 -5.656101909726071 -2.8757161342621744 11.945375503696479 1.104858017574595 4.50759616167856 -4.158146044258899 -0.9115019675949654 13.377415848778398 -6.603913191278892 0.7449935358702398 -3.263428684246321 -11.702467420984862 -9.833384744938732 -12.85930527529709 -4.743535741648106
5.95190380761523 4.045884000780884 -4.052609453232741 -0.886485917887363 -2.5763917442366413 -7.235602404584913 -5.962615849369328 7.270944865628754 13.236564562193074 26.32717535601652 10.15480490584821 12.501808548579053 2.1425663744468855 6.250275274749818 -5.490808958850418 -2.6891894026279433 12.32503115712668 1.343549483135418 4.788996213097114 -3.9782533313204027 -0.691380036204432 13.767620370405105 -6.4575151165344025 0.9753765849447049 -3.0804143023133967 -11.630637745094779 -9.731532491385318 -12.809225456539098 -4.5923215584982735
6.012024048096192 4.322278269475817 -3.8711829804256226 -0.6675251484921851 -2.390912706547965 -7.095476478214415 -5.804985160627023 7.585516757834555 13.634928946931897 26.823757090981854 10.439066282727527 12.805364932700837 2.4022447160212286 6.543227152247525 -5.323285961987 -2.500440096920305 12.709186570308304 1.5850780199129868 5.073852747115559 -3.795962914404978 -0.4684350583657171 14.162478307895974 -6.3091164954433765 1.2086404724714228 -2.8950644137949944 -11.557557036404747 -9.628108989267615 -12.75813551518622 -4.439200737101245
6.072144288577154 4.601721239139476 -3.6875885989735124 -0.4460710070098628 -2.203318778303398 -6.95355059907488 -5.645381427423892 7.903490917365507 14.037549983701805 27.325052880680087 10.726107090698296 13.11213131532083 2.6648442585940186 6.839207783288398 -5.153746134685352 -2.309708776903048 13.097390241050054 1.8291438653508354 5.3618244685305605 -3.611504086664006 -0.2429408066995542 14.56152711771269 -6.158910931500863 1.4445011659721096 -2.7076115391495392 -11.483333656274988 -9.523256300798424 -12.706119283063869 -4.284371835965306
6.132264529058116 4.8845491174205335 -3.5015992931926476 -0.22185375741775815 -2.013378010981679 -6.8096443507121585 -5.483604032722376 8.225246631662333 14.444903791649448 27.831659577717435 11.016274515866442 13.422475034542153 2.930681124336469 7.1385691050221 -4.981978769001812 -2.1167647426538254 13.490099444572746 2.0760366070760154 5.653256627628078 -3.424649155376116 -0.014623062430150213 14.96523702616086 -6.006710984774308 1.6832456940153584 -2.5178244011542184 -11.40786340788443 -9.416836016059891 -12.653097258930524 -4.127641881373911
6.192384769539078 5.170576909484144 -3.313343291737656 0.004975554070103527 -1.8212206025219047 -6.663860417533005 -5.3197660640999445 8.550575265981546 14.85673196036231 28.343268688890436 11.309381577923041 13.736194930166224 3.199579369909322 7.441113255121415 -4.80810406558498 -1.921744837644568 13.887061874963454 2.325585832642985 5.94795848369257 -3.2355271746531855 0.2163645981705642 15.373349893302724 -5.852626688213025 1.9247153586819898 -2.325833598704463 -11.331207941156814 -9.308928613399841 -12.599117328276053 -3.969123318785819
6.25250501002004 5.459843310444885 -3.122796335332687 0.23444650883371665 -1.6268212701286977 -6.516179955331474 -5.153845943007198 8.879520495074996 15.273091225452582 28.85996017390099 11.605470811423544 14.053333844499992 3.4715742041159166 7.746878384446415 -4.632100177010826 -1.724628055822646 14.288329648518186 2.577818491329789 6.245969299899059 -3.0441140741661243 0.4500522103000648 15.785920050254454 -5.696640430896522 2.168942790523012 -2.1316143287012856 -11.253357641460278 -9.199520560874033 -12.544172600319994 -3.808797457133597
6.312625250501002 5.752453099808186 -2.9298890802095556 0.4666420525704673 -1.430108864682449 -6.366548149220961 -4.985782227092219 9.21220051334896 15.694131444617625 29.381928159562552 11.904652239449831 14.374006590712153 3.7467632375684685 8.055972156081982 -4.453903279589176 -1.5253470239343805 14.69404472464025 2.832819556573283 6.547396252283146 -2.8503405260634196 0.6865240652889071 16.203094097217754 -5.538696950474975 2.4160171041004475 -1.9350959422373926 -11.174281769894028 -9.088570494568645 -12.488239931345289 -3.64660706553833
6.372745490981964 6.048237287292295 -2.734738840900661 0.7014241643619101 -1.2312021905662718 -6.2150590427089725 -4.815678431267187 9.548424733315784 16.11961644010563 29.90889255772275 12.206756570450263 14.698029720958306 4.024985505909437 8.368214120369078 -4.273623352317016 -1.3240265041368218 15.103976414147258 3.0904330729013934 6.852065022271763 -2.654324622256876 0.9256397324740107 16.624635960525733 -5.378897130732909 2.665793447169982 -1.7363975473712756 -11.09403676790757 -8.97615208684181 -12.431363128945472 -3.4826546970050565
6.432865731462925 6.33995066837203 -2.5418781448272476 0.9331926332106022 -1.0347311782933843 -6.065068193352499 -4.647392228505378 9.879857244936517 16.538801342831437 30.427396646860604 12.504383874905987 15.017400381385638 4.299467361242832 8.675919927970327 -4.095391451249198 -1.1253586845241983 15.507800163579695 3.3444450260740792 7.152490769686484 -2.4606221927142435 1.1616812927070264 17.039906873006263 -5.220819840527362 2.9122692029532438 -1.5401433216565508 -11.014055571267994 -8.864566275778303 -12.374344251741165 -3.3206252220547228
6.492985971943887 6.367006026192676 -2.514822787006601 0.9602479910312489 -1.0076758204727376 -6.03801283553187 -4.620336870684731 9.906912602757163 16.565856700652084 30.454452004681254 12.531439232726633 15.044455739206285 4.326522719063461 8.702975285790973 -4.0683360934285515 -1.0983033267035516 15.534855521400324 3.371500383894726 7.17954612750713 -2.4335668348936146 1.188736650527673 17.06696223082691 -5.193764482706733 2.9393245607738905 -1.513087963835904 -10.987000213447347 -8.837510917957674 -12.347288893920537 -3.293569864234094
6.55310621242485 6.394230919519437 -2.4875978936798404 0.9874728843580094 -0.9804509271459771 -6.010787942205091 -4.593111977357971 9.934137496083924 16.593081593978845 30.481676898008015 12.558664126053394 15.071680632533045 4.353747612390239 8.730200179117734 -4.041111200101791 -1.071078433376791 15.562080414727102 3.3987252772214864 7.206771020833891 -2.406341941566854 1.2159615438544336 17.09418712415367 -5.166539589379973 2.966549454100651 -1.4858630705091436 -10.959775320120587 -8.810286024630896 -12.320064000593776 -3.2663449709073333
6.613226452905812 6.421565911430562 -2.460262901768715 1.014807876269117 -0.9531159352348695 -5.983452950293984 -4.5657769854468455 9.96147248799505 16.620416585889952 30.509011889919126 12.58599911796452 15.09901562444417 4.381082604301347 8.757535171028842 -4.013776208190666 -1.0437434414656834 15.58941540663821 3.426060269132594 7.2341060127449985 -2.3790069496557287 1.243296535765559 17.121522116064778 -5.139204597468847 2.9938844460117586 -1.4585280785980181 -10.932440328209479 -8.782951032719788 -12.29272900868265 -3.239009978996208
6.673346693386773 6.449057816115591 -2.432770997083704 1.0422997809541457 -0.9256240305498409 -5.955961045608955 -4.538285080761835 9.98896439268006 16.64790849057498 30.536503794604148 12.61349102264953 15.126507529129182 4.4085745089863755 8.78502707571387 -3.9862843035056548 -1.0162515367806548 15.616907311323239 3.4535521738176227 7.261597917430027 -2.3515150449707 1.2707884404505698 17.149014020749807 -5.111712692783819 3.0213763506967872 -1.4310361739129895 -10.90494842352445 -8.75545912803476 -12.265237103997622 -3.2115180743111793
6.733466933867735 6.476645244800476 -2.405183568398801 1.0698872096390488 -0.8980366018649377 -5.928373616924052 -4.5106976520769315 10.016551821364963 16.675495919259884 30.56409122328905 12.641078451334433 15.154094957814085 4.436161937671279 8.812614504398773 -3.9586968748207516 -0.9886641080957517 15.644494740008142 3.481139602502526 7.28918534611493 -2.3239276162858147 1.298375869135473 17.17660144943471 -5.084125264098933 3.0489637793816904 -1.4034487452281041 -10.877360994839547 -8.727871699349857 -12.237649675312737 -3.183930645626276
6.793587174348697 6.504371166315099 -2.377457646884178 1.097613131153654 -0.8703106803503147 -5.900647695409447 -4.4829717305623085 10.044277742879586 16.703221840774507 30.591817144803667 12.668804372849056 15.181820879328708 4.463887859185884 8.840340425913396 -3.9309709533061286 -0.9609381865811286 15.672220661522747 3.508865524017131 7.316911267629536 -2.2962016947711916 1.326101790650096 17.204327370949315 -5.05639934258431 3.0766897008962957 -1.375722823713481 -10.849635073324942 -8.700145777835251 -12.209923753798114 -3.156204724111671
6.853707414829659 6.532181715851451 -2.3496470973478267 1.125423680690023 -0.8425001308139635 -5.872837145873078 -4.455161181025957 10.072088292415938 16.731032390310858 30.61962769434003 12.696614922385407 15.209631428865059 4.491698408722253 8.868150975449748 -3.9031604037697774 -0.9331276370447774 15.700031211059116 3.5366760735535 7.3447218171659046 -2.2683911452348404 1.3539123401864472 17.232137920485684 -5.028588793047959 3.1045002504326646 -1.3479122741771299 -10.821824523788573 -8.672335228298882 -12.182113204261762 -3.1283941745753197
