web/models/kne/22/mosfit_kn_0.500000_0.1083_3.6500.dat
# %ECSV 1.0
# ---
# datatype:
# - {name: time, datatype: float64}
# - {name: PS1_g, datatype: float64}
# - {name: PS1_i, datatype: float64}
# - {name: PS1_r, datatype: float64}
# - {name: PS1_w, datatype: float64}
# - {name: PS1_y, datatype: float64}
# - {name: PS1_z, datatype: float64}
# - {name: swift_uvot_B, datatype: float64}
# - {name: swift_uvot_U, datatype: float64}
# - {name: swift_uvot_uvm2, datatype: float64}
# - {name: swift_uvot_uvw1, datatype: float64}
# - {name: swift_uvot_uvw2, datatype: float64}
# - {name: swift_uvot_V, datatype: float64}
# - {name: johnson_B, datatype: float64}
# - {name: johnson_I, datatype: float64}
# - {name: johnson_R, datatype: float64}
# - {name: johnson_U, datatype: float64}
# - {name: johnson_V, datatype: float64}
# - {name: sdss_g, datatype: float64}
# - {name: sdss_i, datatype: float64}
# - {name: sdss_r, datatype: float64}
# - {name: sdss_u, datatype: float64}
# - {name: sdss_z, datatype: float64}
# - {name: ATLAS_c, datatype: float64}
# - {name: ATLAS_o, datatype: float64}
# - {name: ukirt_H, datatype: float64}
# - {name: ukirt_J, datatype: float64}
# - {name: ukirt_K, datatype: float64}
# - {name: Clear, datatype: float64}
# meta: !!omap
# - comment: [kappa = 3.65, type = rprocess, mass = 0.5000000000045836, velocity = 0.10833333333333334, theta_obs = 0.0, tfloor = 1000.0]
# schema: astropy-2.0
time PS1_g PS1_i PS1_r PS1_w PS1_y PS1_z swift_uvot_B swift_uvot_U swift_uvot_uvm2 swift_uvot_uvw1 swift_uvot_uvw2 swift_uvot_V johnson_B johnson_I johnson_R johnson_U johnson_V sdss_g sdss_i sdss_r sdss_u sdss_z ATLAS_c ATLAS_o ukirt_H ukirt_J ukirt_K Clear
[from data line 56]
3.4268537074148293 -13.018385806561543 -14.507418970754085 -13.991015320580491 -13.911764121410908 -14.86048922736913 -14.74324440981329 -12.337775217487767 -11.928221782474253 -8.207269783537686 -10.116202167190131 -8.231049254561288 -13.529132350811103 -12.412280782699877 -15.061584335782882 -14.348921007857431 -11.967116078667061 -13.589480147458024 -12.871213292054549 -14.503454936056048 -13.984699222016204 -11.115155392294014 -14.779517350202624 -13.441253824324786 -14.245253514850447 -14.909363686907394 -14.990885034170967 -14.700240583663911 -14.07840379552086
3.4869739478957915 -12.98496835885759 -14.49829113767576 -13.972271567216623 -13.894674281423196 -14.860983038149307 -14.739983406659807 -12.296051143499096 -11.867032100556383 -8.100644654717332 -10.043211711066622 -8.151320717891458 -13.502437380087937 -12.371838911790206 -15.055246781866753 -14.333136624498525 -11.9092150581215 -13.563803193623334 -12.835659954989662 -14.49406854697262 -13.965705147403948 -11.055824263690912 -14.777321302545019 -13.41506643262358 -14.23141795706588 -14.923180224051148 -14.998664025782878 -14.71806710033121 -14.065737180175457
3.5470941883767533 -12.952146228972428 -14.489333687932344 -13.953861510675978 -13.87795734157681 -14.861492689984779 -14.736796942318513 -12.255055903595366 -11.806912606972428 -7.995962755548514 -9.971887987351398 -8.073684159588325 -13.476201982851094 -12.332116756624941 -15.049035834738202 -14.317647946829243 -11.852320787417405 -13.538577514767239 -12.80073870153224 -14.484856740030487 -13.947045577845962 -10.997518812737326 -14.775185418678358 -13.389374895225572 -14.21784997504524 -14.936813325485808 -15.006349345076105 -14.73565148130623 -14.053394887193136
3.6072144288577155 -12.918469829537322 -14.479598629745194 -13.93463867353777 -13.860500427359277 -14.861268731912336 -14.732858086475815 -12.213168377964873 -11.745839901344706 -7.8902616926368045 -9.899965662065267 -7.99572936376347 -13.449115503082531 -12.291519732912274 -15.042061089732368 -14.301369655611193 -11.794477872377797 -13.512513506017266 -12.764955826352153 -14.474866188728317 -13.927568866561693 -10.938254108691474 -14.772304758798516 -13.362878866561925 -14.203504428966482 -14.949788514235408 -15.013341886189584 -14.75260206022561 -14.040355153060684
3.6673346693386772 -12.884043702115378 -14.469161428711352 -13.914690090670625 -13.84238845866017 -14.860375043630683 -14.72823523107115 -12.170502985240834 -11.683951411147149 -7.783733072654882 -9.827600348757493 -7.917616001607776 -13.421274431256027 -12.250160863990537 -15.034394669338706 -14.284385373831523 -11.73581985987352 -13.485706526674191 -12.728418413925429 -14.464172670813902 -13.907362326075745 -10.878165369262138 -14.768746464647755 -13.33567433430547 -14.18846257958906 -14.96215377608793 -15.019696817607143 -14.768962093257423 -14.026697548155465
3.727454909819639 -12.85178711771044 -14.459951903950543 -13.896338229055658 -13.825863978464792 -14.8603469335597 -14.724617929654613 -12.130319485748757 -11.625299497045951 -7.682265697181879 -9.759256482296248 -7.844023886875625 -13.395327506721852 -12.211245341434175 -15.027851805931178 -14.268894587671507 -11.680266261970466 -13.460762168415402 -12.694132842625425 -14.4547165989926 -13.888759258090548 -10.821231448462854 -14.766155947022561 -13.310381176222688 -14.174843415146654 -14.974895563921052 -15.026649406805477 -14.785552637211746 -14.014479129501645
3.787575150300601 -12.817370517969735 -14.449123399379857 -13.876148385397311 -13.807607752990645 -14.858928037689676 -14.719519101179497 -12.087778575958652 -11.563856293104582 -7.577074451150614 -9.688274448600325 -7.767943060633392 -13.367351674909262 -12.170015177020964 -15.019757272982208 -14.251646391778038 -11.621988784184182 -13.43382168164968 -12.657639010708976 -14.443635465516085 -13.868308881743694 -10.761535382122585 -14.76211208711005 -13.283117170418421 -14.159516253949622 -14.986578209309599 -15.032391924783342 -14.801185383803722 -14.000656837538266
3.847695390781563 -12.783104445510975 -14.438204080743873 -13.855959217225866 -13.78939505200238 -14.857334531523794 -14.714276905979169 -12.045460054298662 -11.502828296063683 -7.472817777230055 -9.618185850217689 -7.693073912744136 -13.339443608348518 -12.129007004467049 -15.011548617469359 -14.234382182362754 -11.564088897272395 -13.406947608608737 -12.621316338684956 -14.43246581381409 -13.847858428208966 -10.702225574795623 -14.757918132915151 -13.25595606449518 -14.144158820858266 -14.9979838107777 -15.037903251597944 -14.81651162602981 -13.986859196200676
3.9078156312625247 -12.749922117762953 -14.427814562070509 -13.836515746801776 -13.771940823713233 -14.856061403772554 -14.709435560768984 -12.004405530551782 -11.443507422452672 -7.371362338724803 -9.55038593232322 -7.620856858474848 -13.312452326052295 -12.089244289487805 -15.003809896616957 -14.217807189251605 -11.50781697097057 -13.380974688540766 -12.586125604505938 -14.421831628232127 -13.828156589040645 -10.644571564424918 -14.754104061065316 -13.229734604670966 -14.129450485317658 -15.009431577752622 -15.04358231810462 -14.831797524291515 -13.973740515669633
3.967935871743487 -12.71582126769733 -14.416640579473778 -13.816230597358512 -13.753715656784884 -14.854069119606272 -14.70384804076259 -11.96237541757376 -11.383102509881553 -7.268642846232985 -9.48181861302114 -7.548090205413093 -13.284562960035917 -12.0485261508091 -14.995306712724592 -14.200420314094544 -11.450474082896005 -13.354118579648054 -12.550003926398645 -14.41041127091328 -13.807608277038934 -10.585832859748372 -14.749553748567727 -13.202659916763846 -14.113946296790498 -15.020264995213882 -15.048598919968084 -14.846502127444461 -13.95990137886919
4.028056112224449 -12.682224816402847 -14.405625018815584 -13.796237543171923 -13.73580895790603 -14.852108040789247 -14.698340114307982 -11.920958811625006 -11.32358718133288 -7.167517588148214 -9.414624325473326 -7.476993654113272 -13.257068672631888 -12.008414097995107 -14.98692594564882 -14.183294517370985 -11.393969879293017 -13.327650718667295 -12.514416538415052 -14.399152793602763 -13.78735281978189 -10.527948404665803 -14.745071194294752 -13.176007427311003 -14.098679671989558 -15.03096534292142 -15.053556369600967 -14.861025514867572 -13.946338841846515
4.0881763527054105 -12.649587539965115 -14.395072652467942 -13.7769012681286 -13.718567969515192 -14.850422050150964 -14.69317959573905 -11.880663029095572 -11.265588852125319 -7.068886405177309 -9.349462342690984 -7.4082343721545065 -13.230384637131849 -11.969406149344358 -14.978954603443821 -14.166774776835826 -11.338912096268096 -13.301979005006855 -12.479831469551463 -14.388362600213096 -13.767756820417834 -10.471535404459686 -14.740917190571938 -13.150184418423692 -14.083982914456694 -15.041690649468716 -15.058651658576172 -14.8754997466618 -13.933369779072322
4.148296593186372 -12.61575847682126 -14.383570152274423 -13.75651518686201 -13.700354744893666 -14.847893657020865 -14.687133087049542 -11.839081498540171 -11.206109520336245 -6.968392768964356 -9.283090082781698 -7.338440722257204 -13.202559056333271 -11.929138593760364 -14.970065469723199 -14.149248412453314 -11.282401085167646 -13.275185336882538 -12.444032706431578 -14.376619426886297 -13.747105070450942 -10.413649033714218 -14.73589189436014 -13.123267082692802 -14.068304098350861 -15.051737350737163 -15.062993456888679 -14.88934629740944 -13.919498363461376
4.208416833667335 -12.581066564619974 -14.371338637366282 -13.73534329078364 -13.681423763619573 -14.844700801049715 -14.680395422010193 -11.796580348163783 -11.145601517918404 -6.866688389167169 -9.216002558905263 -7.268124460630418 -13.173891568792719 -11.887971572575701 -14.960467123653427 -14.130965964274022 -11.224874794733754 -13.24756461537154 -12.407358677969533 -14.364145552308276 -13.725662764097812 -10.354733744835638 -14.730185301864687 -13.095551510394401 -14.051884904471912 -15.061223237844438 -15.06672681837786 -14.902664852834045 -13.904958530209246
4.268537074148297 -12.548236076776806 -14.360178791574718 -13.715554111246817 -13.66384864418249 -14.842271916158527 -14.674541085911201 -11.756205430516033 -11.087851056897247 -6.769250490923311 -9.15224156809872 -7.201445935446497 -13.14685943632827 -11.848895596005317 -14.951851769743076 -14.113976644687895 -11.16999707595743 -13.221550711381036 -12.372615185116995 -14.352751640179413 -13.705609687239981 -10.298510736223001 -14.725329338477415 -13.069474049663548 -14.036697674472585 -15.071054034261323 -15.070994644643958 -14.916203091893346 -13.891642166704337
4.328657314629258 -12.513885725979783 -14.34786501663595 -13.694462004951191 -13.645059915034068 -14.838846620204205 -14.667627216480934 -11.714173414765884 -11.028148058898566 -6.669250472667037 -9.086766870078904 -7.133198493026821 -13.118391079074058 -11.808196311650029 -14.942129370082721 -14.095743816911359 -11.113211232099324 -13.194126133058822 -12.336318932880577 -14.340199619524991 -13.684246209494813 -10.240351714926081 -14.719434281202712 -13.042012855770437 -14.02030169678321 -15.080122250816782 -15.074393197192746 -14.929050954324746 -13.877206121210577
4.38877755511022 -12.479324075990395 -14.335264078829688 -13.673109721252459 -13.626054795474616 -14.835113573561465 -14.660412352891736 -11.671946688035401 -10.96830898130495 -6.569313665939858 -9.02151751889706 -7.065375584906061 -13.089676918702146 -11.767309671539245 -14.932114793797997 -14.077253189233325 -11.056275212573336 -13.166460569829804 -12.299817480931008 -14.32736103182858 -13.662620459827135 -10.182042055629843 -14.713238315046553 -13.014338762404467 -14.003645887179825 -15.088866474176289 -15.077474528439916 -14.941571431540497 -13.862560632629375
4.448897795591182 -12.447443111366958 -14.324287614877935 -13.653799862988869 -13.60902682992549 -14.832587683621163 -14.654567273114818 -11.632760174041962 -10.912355001648955 -6.475246465053693 -8.960730265757206 -7.002309799680816 -13.063349044833476 -11.729409913523575 -14.92360390292908 -14.060678727112059 -11.003080959737137 -13.141138687457977 -12.266089450187625 -14.31615814277059 -13.643047478094648 -10.127535414010662 -14.7083664606585 -12.989034557325478 -13.98882192838471 -15.098242458215744 -15.081448206079882 -14.95455096061505 -13.849702821215413
4.509018036072144 -12.412568860059494 -14.31119625584138 -13.632021939175107 -13.58967573686229 -14.82831142096451 -14.646827376550515 -11.590263941693586 -10.852384327516695 -6.375619008497131 -8.896051868985762 -6.935430035948173 -13.034247624393338 -11.688266092787568 -14.913085437936264 -14.041762980693175 -10.945982180335243 -13.113093678840462 -12.229289935607675 -14.302830634635182 -13.620992457598273 -10.069064102079679 -14.701644142093784 -12.96103460043236 -13.971734269797764 -15.10639368711869 -15.08395796009278 -14.966466389864957 -13.834717930376854
4.569138276553106 -12.37713781419572 -14.297600559624861 -13.609715731979293 -13.569852085438399 -14.823561612938896 -14.638600540090678 -11.547182888141869 -10.791784125176047 -6.275325698711447 -8.831069009057373 -6.868412700047152 -13.004589446224852 -11.64655262309854 -14.902072620766795 -14.022338013981017 -10.888256956848227 -13.084502831313534 -12.19192838744668 -14.288998008878107 -13.598405497671298 -10.00995791983426 -14.69444087690638 -12.9325160491166 -13.95414586893379 -15.11412729645835 -15.086024098371896 -14.977982713434626 -13.819292178025364
4.629258517034068 -12.342684998356983 -14.284516840273902 -13.588104615096412 -13.550718511611546 -14.819144066478316 -14.630775352426486 -11.50523405774073 -10.73268755029357 -6.177440812901785 -8.768009128096885 -6.803523905558343 -12.9757728483028 -11.605953770373144 -14.89152028073126 -14.00355845166133 -10.83197030859169 -13.0567389184384 -12.155585704121883 -14.275682216947558 -13.576516724923593 -9.95231483544071 -14.687620838656787 -12.904849053938907 -13.937167555836112 -15.121951679618913 -15.088290050804554 -14.989518184598383 -13.804482987421789
4.68937875751503 -12.308965862222276 -14.271787194753447 -13.56699632645368 -13.532089639463063 -14.81493538569616 -14.623214924435182 -11.46414307257998 -10.674750722844788 -6.081459708806938 -8.706492691515173 -6.74036260740904 -12.947576977240953 -11.566199991749237 -14.881280545222968 -13.98524285482311 -10.776790013776615 -13.029584901950349 -12.120009703915802 -14.26272442957206 -13.55513292109876 -9.89579741822153 -14.68105101224257 -12.877815297382575 -13.920624917113358 -15.129791480323465 -15.090658677970854 -15.001011943657703 -13.790121185220201
4.749498997995992 -12.275111988324525 -14.258841664461155 -13.545701903574976 -13.513309931640514 -14.810486399038698 -14.615422613826201 -11.422937003780184 -10.616761141997806 -5.985627012738866 -8.64524550572046 -6.677621833735653 -12.919212428265727 -11.526337046765537 -14.870818727778172 -13.966741633316275 -10.721542929300966 -13.002265958656023 -12.084305581801722 -14.249551453173073 -13.533561296874144 -9.83921366817377 -14.67424873304024 -12.850640714270583 -13.903893403831642 -15.13736794014418 -15.092773851054204 -15.012236887426765 -13.775611141973254
4.809619238476953 -12.24098206090181 -14.245589933344167 -13.52411073208243 -13.49427422796655 -14.805727359081526 -14.607320590846253 -11.381456690555797 -10.558518612926946 -5.889649703715405 -8.584056351752114 -6.615081211240547 -12.89055142892214 -11.486209003221223 -14.860050525339094 -13.947950932059918 -10.666035623215794 -12.974656829222633 -12.048327510974417 -14.236072421136168 -13.511690583032383 -9.782366930219712 -14.667138560490187 -12.82320007205728 -13.886873401361512 -15.144640334606795 -15.094581664614424 -15.02316110752181 -13.760857834208675
4.869739478957916 -12.20665475013428 -14.232086790622756 -13.502287200090883 -13.475043406858163 -14.800703203112242 -14.598957679791162 -11.339789282400645 -10.500129361537276 -5.793676769623047 -8.523032255919247 -6.552844159146222 -12.861666521963084 -11.44590143717695 -14.849027848206024 -13.928931903612842 -10.610371258600832 -12.946828830839683 -12.012156276774544 -14.22234238648814 -13.489585503427488 -9.725361927790637 -14.65976816506334 -12.795564219023099 -13.86962396805254 -15.151639576216912 -15.096119399965318 -15.033811272457685 -13.74591700401874
4.929859719438878 -12.173221185023735 -14.219055627765975 -13.4811017585292 -13.456440336559847 -14.79598722608836 -14.590966320381593 -11.299155844235013 -10.443109741955077 -5.699886381668054 -8.463724962290957 -6.4924751288710105 -12.83355319933457 -11.40661106154598 -14.838430153563735 -13.910505124292662 -10.556018224824204 -12.919758550829739 -11.97691558758411 -14.20908875611369 -13.468121573250382 -9.669690883931974 -14.652752349776978 -12.768705404757466 -13.852934266406258 -15.15872573249975 -15.09784399642994 -15.044482671504616 -13.731535008163096
4.98997995991984 -12.140276270951222 -14.206231836279422 -13.460233813914861 -13.438159751159304 -14.79137159018137 -14.583116372196852 -11.259102156275961 -10.386892757900217 -5.607455649381115 -8.405535807775397 -6.4333577310594805 -12.805843660145488 -11.36789238921024 -14.82800940697911 -13.892368466979647 -10.502428088144644 -12.893085006369452 -11.942187931724781 -14.196045400902406 -13.446976416552303 -9.614796521783813 -14.645867531301775 -12.742262792199561 -13.836513915801483 -15.165770977058429 -15.099591304408193 -15.055071726482561 -13.717434611978003
5.050100200400801 -12.107883800513815 -14.19366032652313 -13.43973596196534 -13.420249793995094 -14.786893100502905 -14.575447882769623 -11.219699052011595 -10.331564448118566 -5.516502404391715 -8.348539565342534 -6.375558775212017 -12.778597325203524 -11.329814584937385 -14.817808114017687 -13.874571536968674 -10.449684589589403 -12.86686635209646 -11.9080387962142 -14.183257446640418 -13.42620299914703 -9.560763995574852 -14.639152721101265 -12.716293240890728 -13.820410731708588 -15.1728001388569 -15.101391614187332 -15.065599581559075 -13.703659184378978
