web/models/kne/22/villar_0.0019_0.4687_10.0000.dat
# %ECSV 1.0
# ---
# datatype:
# - {name: time, datatype: float64}
# - {name: swift_uvot_uvw2, datatype: float64}
# - {name: swift_uvot_uvm2, datatype: float64}
# - {name: swift_uvot_uvw1, datatype: float64}
# - {name: swift_uvot_U, datatype: float64}
# - {name: swift_uvot_B, datatype: float64}
# - {name: swift_uvot_V, datatype: float64}
# - {name: swift_uvot_W, datatype: float64}
# - {name: johnson_U, datatype: float64}
# - {name: johnson_B, datatype: float64}
# - {name: johnson_V, datatype: float64}
# - {name: johnson_R, datatype: float64}
# - {name: johnson_I, datatype: float64}
# - {name: sdss_u, datatype: float64}
# - {name: sdss_g, datatype: float64}
# - {name: sdss_r, datatype: float64}
# - {name: sdss_i, datatype: float64}
# - {name: sdss_z, datatype: float64}
# - {name: PS1_g, datatype: float64}
# - {name: PS1_r, datatype: float64}
# - {name: PS1_i, datatype: float64}
# - {name: PS1_z, datatype: float64}
# - {name: PS1_Y, datatype: float64}
# - {name: PS1_w, datatype: float64}
# - {name: ATLAS_c, datatype: float64}
# - {name: ATLAS_o, datatype: float64}
# - {name: ukirt_J, datatype: float64}
# - {name: ukirt_H, datatype: float64}
# - {name: ukirt_K, datatype: float64}
# - {name: Clear, datatype: float64}
# meta: !!omap
# - comment: [kappa = 10.0, type = villar, mass = 0.001861645566637777, velocity = 0.4686666666666667, theta_obs = 0.0]
# schema: astropy-2.0
time swift_uvot_uvw2 swift_uvot_uvm2 swift_uvot_uvw1 swift_uvot_U swift_uvot_B swift_uvot_V swift_uvot_W johnson_U johnson_B johnson_V johnson_R johnson_I sdss_u sdss_g sdss_r sdss_i sdss_z PS1_g PS1_r PS1_i PS1_z PS1_Y PS1_w ATLAS_c ATLAS_o ukirt_J ukirt_H ukirt_K Clear
[from data line 295]
6.567004 19.519 22.379 19.935 17.878 16.221 15.069 16.969 17.576 16.178 15.025 14.232 13.721 17.682 15.756 14.56 14.002 13.668 15.514 14.523 13.973 13.694 13.507 14.528 15.134 14.276 13.388 13.423 13.643 14.508
6.765619 21.155 24.015 21.571 19.513 17.857 16.705 18.604 19.212 17.814 16.661 15.868 15.357 19.318 17.392 16.196 15.638 15.304 17.15 16.159 15.609 15.329 15.143 16.163 16.77 15.912 15.024 15.059 15.279 16.144
6.97024 22.892 25.752 23.307 21.25 19.594 18.441 20.341 20.948 19.55 18.397 17.604 17.093 21.055 19.129 17.932 17.374 17.04 18.886 17.895 17.346 17.066 16.879 17.9 18.506 17.649 16.76 16.795 17.016 17.881
7.181051 24.735 27.594 25.15 23.093 21.437 20.284 22.184 22.791 21.393 20.24 19.447 18.936 22.898 20.972 19.775 19.217 18.883 20.729 19.738 19.189 18.909 18.722 19.743 20.349 19.492 18.603 18.638 18.859 19.723
7.398237 26.691 29.551 27.106 25.049 23.393 22.24 24.14 24.748 23.349 22.196 21.404 20.892 24.854 22.928 21.732 21.173 20.839 22.686 21.694 21.145 20.865 20.678 21.699 22.305 21.448 20.559 20.594 20.815 21.68
7.621991 28.767 31.627 29.182 27.125 25.469 24.316 26.216 26.824 25.425 24.272 23.48 22.968 26.93 25.004 23.808 23.25 22.916 24.762 23.77 23.221 22.941 22.755 23.775 24.381 23.524 22.636 22.67 22.891 23.756
7.852513 30.971 33.831 31.386 29.329 27.673 26.52 28.42 29.027 27.629 26.476 25.683 25.172 29.134 27.208 26.011 25.453 25.119 26.966 25.974 25.425 25.145 24.958 25.979 26.585 25.728 24.839 24.874 25.095 25.96
8.090007 33.31 36.17 33.725 31.668 30.012 28.859 30.759 31.367 29.968 28.815 28.022 27.511 31.473 29.547 28.35 27.792 27.458 29.305 28.313 27.764 27.484 27.297 28.318 28.924 28.067 27.178 27.213 27.434 28.299
8.334684 35.792 38.652 36.208 34.15 32.494 31.342 33.241 33.849 32.451 31.298 30.505 29.994 33.955 32.029 30.833 30.275 29.941 31.787 30.796 30.246 29.966 29.78 30.8 31.407 30.549 29.661 29.696 29.916 30.781
8.586761 38.427 41.287 38.843 36.786 35.129 33.977 35.877 36.484 35.086 33.933 33.14 32.629 36.59 34.664 33.468 32.91 32.576 34.422 33.431 32.881 32.602 32.415 33.436 34.042 33.184 32.296 32.331 32.551 33.416
8.846461 41.224 44.084 41.64 39.582 37.926 36.774 38.673 39.281 37.883 36.73 35.937 35.426 39.387 37.461 36.265 35.707 35.373 37.219 36.228 35.678 35.398 35.212 36.232 36.839 35.981 35.093 35.128 35.348 36.213
9.114017 44.193 47.053 44.608 42.551 40.895 39.742 41.642 42.25 40.851 39.698 38.906 38.394 42.356 40.43 39.234 38.676 38.342 40.188 39.196 38.647 38.367 38.181 39.201 39.807 38.95 38.062 38.096 38.317 39.182
9.389664 47.344 50.204 47.759 45.702 44.046 42.893 44.793 45.401 44.002 42.849 42.057 41.545 45.507 43.581 42.385 41.827 41.492 43.339 42.347 41.798 41.518 41.332 42.352 42.958 42.101 41.213 41.247 41.468 42.333
9.673648 50.688 53.548 51.104 49.046 47.39 46.238 48.137 48.745 47.347 46.194 45.401 44.89 48.851 46.925 45.729 45.171 44.837 46.683 45.692 45.142 44.862 44.676 45.696 46.303 45.445 44.557 44.592 44.812 45.677
9.966221 54.238 57.098 54.653 52.596 50.94 49.787 51.687 52.295 50.896 49.744 48.951 48.439 52.401 50.475 49.279 48.721 48.387 50.233 49.241 48.692 48.412 48.226 49.246 49.852 48.995 48.107 48.141 48.362 49.227
10.267642 58.006 60.866 58.421 56.364 54.708 53.555 55.455 56.063 54.664 53.511 52.719 52.207 56.169 54.243 53.047 52.488 52.154 54.001 53.009 52.46 52.18 51.994 53.014 53.62 52.763 51.875 51.909 52.13 52.995
10.57818 62.005 64.865 62.42 60.363 58.707 57.554 59.454 60.062 58.663 57.51 56.718 56.206 60.168 58.242 57.046 56.488 56.153 58.0 57.008 56.459 56.179 55.993 57.013 57.619 56.762 55.874 55.908 56.129 56.994
10.89811 66.249 69.109 66.665 64.608 62.952 61.799 63.699 64.306 62.908 61.755 60.962 60.451 64.413 62.486 61.29 60.732 60.398 62.244 61.253 60.704 60.424 60.237 61.258 61.864 61.006 60.118 60.153 60.373 61.238
11.227716 70.755 73.615 71.17 69.113 67.457 66.304 68.204 68.812 67.413 66.26 65.468 64.956 68.918 66.992 65.796 65.237 64.903 66.75 65.758 65.209 64.929 64.743 65.763 66.369 65.512 64.623 64.658 64.879 65.744
11.56729 75.537 78.397 75.952 73.895 72.239 71.086 72.986 73.593 72.195 71.042 70.249 69.738 73.7 71.774 70.577 70.019 69.685 71.532 70.54 69.991 69.711 69.524 70.545 71.151 70.294 69.405 69.44 69.661 70.526
11.917135 80.612 83.472 81.028 78.97 77.314 76.162 78.061 78.669 77.27 76.118 75.325 74.813 78.775 76.849 75.653 75.095 74.761 76.607 75.616 75.066 74.786 74.6 75.62 76.226 75.369 74.481 74.515 74.736 75.601
12.277561 85.999 88.859 86.415 84.357 82.701 81.549 83.449 84.056 82.658 81.505 80.712 80.201 84.162 82.236 81.04 80.482 80.148 81.994 81.003 80.453 80.174 79.987 81.007 81.614 80.756 79.868 79.903 80.123 80.988
12.648887 91.717 94.577 92.133 90.075 88.419 87.267 89.166 89.774 88.376 87.223 86.43 85.919 89.88 87.954 86.758 86.2 85.866 87.712 86.721 86.171 85.891 85.705 86.725 87.332 86.474 85.586 85.621 85.841 86.706
13.031444 97.786 100.646 98.202 96.145 94.488 93.336 95.236 95.843 94.445 93.292 92.499 91.988 95.949 94.023 92.827 92.269 91.935 93.781 92.79 92.24 91.961 91.774 92.795 93.401 92.543 91.655 91.69 91.91 92.775
13.425571 104.228 107.088 104.644 102.586 100.93 99.777 101.677 102.285 100.886 99.734 98.941 98.429 102.391 100.465 99.269 98.711 98.377 100.223 99.232 98.682 98.402 98.216 99.236 99.842 98.985 98.097 98.131 98.352 99.217
13.831619 111.065 113.925 111.481 109.424 107.768 106.615 108.515 109.122 107.724 106.571 105.778 105.267 109.228 107.302 106.106 105.548 105.214 107.06 106.069 105.519 105.24 105.053 106.074 106.68 105.822 104.934 104.969 105.189 106.054
14.249947 118.323 121.182 118.738 116.681 115.025 113.872 115.772 116.379 114.981 113.828 113.035 112.524 116.486 114.56 113.363 112.805 112.471 114.317 113.326 112.777 112.497 112.31 113.331 113.937 113.08 112.191 112.226 112.447 113.311
14.680926 126.025 128.885 126.441 124.383 122.727 121.575 123.474 124.082 122.684 121.531 120.738 120.227 124.188 122.262 121.066 120.508 120.174 122.02 121.029 120.479 120.199 120.013 121.033 121.64 120.782 119.894 119.929 120.149 121.014
15.124941 134.201 137.061 134.616 132.559 130.903 129.75 131.65 132.258 130.859 129.707 128.914 128.402 132.364 130.438 129.242 128.684 128.35 130.196 129.204 128.655 128.375 128.189 129.209 129.815 128.958 128.07 128.104 128.325 129.19
15.582385 142.879 145.739 143.294 141.237 139.581 138.428 140.328 140.936 139.537 138.384 137.592 137.08 141.042 139.116 137.92 137.361 137.027 138.874 137.882 137.333 137.053 136.866 137.887 138.493 137.636 136.747 136.782 137.003 137.868
16.053663 152.089 154.949 152.505 150.447 148.791 147.639 149.538 150.146 148.748 147.595 146.802 146.291 150.252 148.326 147.13 146.572 146.238 148.084 147.093 146.543 146.263 146.077 147.097 147.704 146.846 145.958 145.993 146.213 147.078
16.539195 161.865 164.725 162.281 160.223 158.567 157.415 159.315 159.922 158.524 157.371 156.578 156.067 160.028 158.102 156.906 156.348 156.014 157.86 156.869 156.319 156.04 155.853 156.874 157.48 156.622 155.734 155.769 155.989 156.854
17.039412 172.242 175.102 172.657 170.6 168.944 167.791 169.691 170.299 168.9 167.747 166.955 166.443 170.405 168.479 167.283 166.725 166.39 168.237 167.245 166.696 166.416 166.23 167.25 167.856 166.999 166.111 166.145 166.366 167.231
17.554757 183.255 186.115 183.671 181.613 179.957 178.805 180.705 181.312 179.914 178.761 177.968 177.457 181.418 179.492 178.296 177.738 177.404 179.25 178.259 177.709 177.43 177.243 178.263 178.87 178.012 177.124 177.159 177.379 178.244
18.085689 194.945 197.805 195.361 193.303 191.647 190.494 192.394 193.002 191.603 190.451 189.658 189.146 193.108 191.182 189.986 189.428 189.094 190.94 189.949 189.399 189.119 188.933 189.953 190.559 189.702 188.814 188.848 189.069 189.934
18.632678 207.353 210.213 207.768 205.711 204.055 202.902 204.802 205.41 204.011 202.858 202.066 201.554 205.516 203.59 202.394 201.836 201.501 203.348 202.356 201.807 201.527 201.341 202.361 202.967 202.11 201.222 201.256 201.477 202.342
19.196211 220.522 223.382 220.938 218.88 217.224 216.072 217.971 218.579 217.181 216.028 215.235 214.724 218.685 216.759 215.563 215.005 214.671 216.517 215.526 214.976 214.696 214.51 215.53 216.137 215.279 214.391 214.426 214.646 215.511
19.776787 234.5 237.36 234.916 232.859 231.202 230.05 231.95 232.557 231.159 230.006 229.213 228.702 232.663 230.737 229.541 228.983 228.649 230.495 229.504 228.954 228.675 228.488 229.509 230.115 229.257 228.369 228.404 228.624 229.489
20.374923 249.337 252.197 249.752 247.695 246.039 244.886 246.786 247.394 245.995 244.842 244.05 243.538 247.5 245.574 244.378 243.82 243.485 245.332 244.34 243.791 243.511 243.325 244.345 244.951 244.094 243.206 243.24 243.461 244.326
20.991149 265.084 267.944 265.5 263.442 261.786 260.634 262.533 263.141 261.743 260.59 259.797 259.286 263.247 261.321 260.125 259.567 259.233 261.079 260.088 259.538 259.258 259.072 260.092 260.699 259.841 258.953 258.988 259.208 260.073
21.626011 281.799 284.659 282.214 280.157 278.501 277.348 279.248 279.856 278.457 277.304 276.512 276.0 279.962 278.036 276.84 276.281 275.947 277.794 276.802 276.253 275.973 275.786 276.807 277.413 276.556 275.667 275.702 275.923 276.788
22.280075 299.539 302.399 299.955 297.897 296.241 295.089 296.989 297.596 296.198 295.045 294.252 293.741 297.702 295.776 294.58 294.022 293.688 295.534 294.543 293.993 293.714 293.527 294.548 295.154 294.296 293.408 293.443 293.663 294.528
22.953921 318.369 321.229 318.785 316.728 315.072 313.919 315.819 316.426 315.028 313.875 313.082 312.571 316.532 314.606 313.41 312.852 312.518 314.364 313.373 312.823 312.544 312.357 313.378 313.984 313.126 312.238 312.273 312.493 313.358
23.648147 338.356 341.216 338.771 336.714 335.058 333.905 335.805 336.413 335.014 333.861 333.069 332.557 336.519 334.593 333.397 332.838 332.504 334.351 333.359 332.81 332.53 332.343 333.364 333.97 333.113 332.224 332.259 332.48 333.345
24.363369 359.569 362.429 359.985 357.927 356.271 355.119 357.018 357.626 356.228 355.075 354.282 353.77 357.732 355.806 354.61 354.052 353.718 355.564 354.573 354.023 353.743 353.557 354.577 355.184 354.326 353.438 353.473 353.693 354.558
25.100222 382.085 384.945 382.501 380.443 378.787 377.635 379.534 380.142 378.744 377.591 376.798 376.287 380.248 378.322 377.126 376.568 376.234 378.08 377.089 376.539 376.259 376.073 377.093 377.7 376.842 375.954 375.989 376.209 377.074
25.859362 405.984 408.844 406.399 404.342 402.686 401.533 403.433 404.041 402.642 401.489 400.697 400.185 404.147 402.221 401.025 400.467 400.133 401.979 400.987 400.438 400.158 399.972 400.992 401.598 400.741 399.853 399.887 400.108 400.973
26.64146 431.35 434.21 431.765 429.708 428.052 426.899 428.799 429.407 428.008 426.856 426.063 425.551 429.513 427.587 426.391 425.833 425.499 427.345 426.353 425.804 425.524 425.338 426.358 426.964 426.107 425.219 425.253 425.474 426.339
27.447213 458.274 461.134 458.689 456.632 454.976 453.823 455.723 456.331 454.932 453.779 452.987 452.475 456.437 454.511 453.315 452.756 452.422 454.269 453.277 452.728 452.448 452.261 453.282 453.888 453.031 452.142 452.177 452.398 453.263
28.277335 486.851 489.711 487.266 485.209 483.553 482.4 484.3 484.907 483.509 482.356 481.563 481.052 485.014 483.088 481.891 481.333 480.999 482.845 481.854 481.305 481.025 480.838 481.859 482.465 481.608 480.719 480.754 480.975 481.84
29.132564 517.182 520.042 517.598 515.54 513.884 512.732 514.631 515.239 513.841 512.688 511.895 511.383 515.345 513.419 512.223 511.665 511.331 513.177 512.186 511.636 511.356 511.17 512.19 512.796 511.939 511.051 511.085 511.306 512.171
30.013659 549.376 552.236 549.792 547.734 546.078 544.926 546.825 547.433 546.035 544.882 544.089 543.578 547.539 545.613 544.417 543.859 543.525 545.371 544.38 543.83 543.55 543.364 544.384 544.991 544.133 543.245 543.28 543.5 544.365
30.921401 583.547 586.407 583.963 581.905 580.249 579.096 580.996 581.604 580.205 579.053 578.26 577.748 581.71 579.784 578.588 578.03 577.696 579.542 578.551 578.001 577.721 577.535 578.555 579.161 578.304 577.416 577.45 577.671 578.536
31.856598 619.816 622.676 620.232 618.174 616.518 615.366 617.265 617.873 616.475 615.322 614.529 614.017 617.979 616.053 614.857 614.299 613.965 615.811 614.82 614.27 613.99 613.804 614.824 615.43 614.573 613.685 613.719 613.94 614.805
32.820079 658.312 661.172 658.728 656.67 655.014 653.862 655.761 656.369 654.971 653.818 653.025 652.514 656.475 654.549 653.353 652.795 652.461 654.307 653.316 652.766 652.486 652.3 653.32 653.927 653.069 652.181 652.216 652.436 653.301
33.8127 699.172 702.032 699.588 697.53 695.874 694.722 696.621 697.229 695.831 694.678 693.885 693.373 697.335 695.409 694.213 693.655 693.321 695.167 694.176 693.626 693.346 693.16 694.18 694.787 693.929 693.041 693.076 693.296 694.161
34.835342 742.541 745.401 742.956 740.899 739.243 738.09 739.99 740.598 739.199 738.047 737.254 736.742 740.704 738.778 737.582 737.024 736.69 738.536 737.544 736.995 736.715 736.529 737.549 738.155 737.298 736.41 736.444 736.665 737.53
35.888913 788.592 793.028 789.093 786.933 785.275 784.123 786.024 786.629 785.231 784.079 783.283 782.772 786.737 784.81 783.614 783.049 782.723 784.568 783.576 783.019 782.75 782.56 783.577 784.187 783.326 782.443 782.476 782.71 783.56
36.974349 nan nan nan nan nan nan nan nan nan nan nan nan nan nan nan nan nan nan nan nan nan nan nan nan nan nan nan nan nan
38.092613 nan nan nan nan nan nan nan nan nan nan nan nan nan nan nan nan nan nan nan nan nan nan nan nan nan nan nan nan nan
39.244698 nan nan nan nan nan nan nan nan nan nan nan nan nan nan nan nan nan nan nan nan nan nan nan nan nan nan nan nan nan
40.431627 nan nan nan nan nan nan nan nan nan nan nan nan nan nan nan nan nan nan nan nan nan nan nan nan nan nan nan nan nan
41.654454 nan nan nan nan nan nan nan nan nan nan nan nan nan nan nan nan nan nan nan nan nan nan nan nan nan nan nan nan nan
42.914265 nan nan nan nan nan nan nan nan nan nan nan nan nan nan nan nan nan nan nan nan nan nan nan nan nan nan nan nan nan
44.212178 nan nan nan nan nan nan nan nan nan nan nan nan nan nan nan nan nan nan nan nan nan nan nan nan nan nan nan nan nan
45.549345 nan nan nan nan nan nan nan nan nan nan nan nan nan nan nan nan nan nan nan nan nan nan nan nan nan nan nan nan nan
46.926954 nan nan nan nan nan nan nan nan nan nan nan nan nan nan nan nan nan nan nan nan nan nan nan nan nan nan nan nan nan
48.346227 nan nan nan nan nan nan nan nan nan nan nan nan nan nan nan nan nan nan nan nan nan nan nan nan nan nan nan nan nan
49.808426 nan nan nan nan nan nan nan nan nan nan nan nan nan nan nan nan nan nan nan nan nan nan nan nan nan nan nan nan nan
51.314848 nan nan nan nan nan nan nan nan nan nan nan nan nan nan nan nan nan nan nan nan nan nan nan nan nan nan nan nan nan
52.86683 nan nan nan nan nan nan nan nan nan nan nan nan nan nan nan nan nan nan nan nan nan nan nan nan nan nan nan nan nan
54.465752 nan nan nan nan nan nan nan nan nan nan nan nan nan nan nan nan nan nan nan nan nan nan nan nan nan nan nan nan nan
56.113031 nan nan nan nan nan nan nan nan nan nan nan nan nan nan nan nan nan nan nan nan nan nan nan nan nan nan nan nan nan
57.810132 nan nan nan nan nan nan nan nan nan nan nan nan nan nan nan nan nan nan nan nan nan nan nan nan nan nan nan nan nan
59.55856 nan nan nan nan nan nan nan nan nan nan nan nan nan nan nan nan nan nan nan nan nan nan nan nan nan nan nan nan nan
61.359868 nan nan nan nan nan nan nan nan nan nan nan nan nan nan nan nan nan nan nan nan nan nan nan nan nan nan nan nan nan
63.215655 nan nan nan nan nan nan nan nan nan nan nan nan nan nan nan nan nan nan nan nan nan nan nan nan nan nan nan nan nan
65.127569 nan nan nan nan nan nan nan nan nan nan nan nan nan nan nan nan nan nan nan nan nan nan nan nan nan nan nan nan nan
67.097308 nan nan nan nan nan nan nan nan nan nan nan nan nan nan nan nan nan nan nan nan nan nan nan nan nan nan nan nan nan
