web/models/kne/22/villar_0.0015_0.1240_1.0000.dat
# %ECSV 1.0
# ---
# datatype:
# - {name: time, datatype: float64}
# - {name: swift_uvot_uvw2, datatype: float64}
# - {name: swift_uvot_uvm2, datatype: float64}
# - {name: swift_uvot_uvw1, datatype: float64}
# - {name: swift_uvot_U, datatype: float64}
# - {name: swift_uvot_B, datatype: float64}
# - {name: swift_uvot_V, datatype: float64}
# - {name: swift_uvot_W, datatype: float64}
# - {name: johnson_U, datatype: float64}
# - {name: johnson_B, datatype: float64}
# - {name: johnson_V, datatype: float64}
# - {name: johnson_R, datatype: float64}
# - {name: johnson_I, datatype: float64}
# - {name: sdss_u, datatype: float64}
# - {name: sdss_g, datatype: float64}
# - {name: sdss_r, datatype: float64}
# - {name: sdss_i, datatype: float64}
# - {name: sdss_z, datatype: float64}
# - {name: PS1_g, datatype: float64}
# - {name: PS1_r, datatype: float64}
# - {name: PS1_i, datatype: float64}
# - {name: PS1_z, datatype: float64}
# - {name: PS1_Y, datatype: float64}
# - {name: PS1_w, datatype: float64}
# - {name: ATLAS_c, datatype: float64}
# - {name: ATLAS_o, datatype: float64}
# - {name: ukirt_J, datatype: float64}
# - {name: ukirt_H, datatype: float64}
# - {name: ukirt_K, datatype: float64}
# - {name: Clear, datatype: float64}
# meta: !!omap
# - comment: [kappa = 1.0, type = villar, mass = 0.001513321957917195, velocity = 0.124, theta_obs = 0.0]
# schema: astropy-2.0
time swift_uvot_uvw2 swift_uvot_uvm2 swift_uvot_uvw1 swift_uvot_U swift_uvot_B swift_uvot_V swift_uvot_W johnson_U johnson_B johnson_V johnson_R johnson_I sdss_u sdss_g sdss_r sdss_i sdss_z PS1_g PS1_r PS1_i PS1_z PS1_Y PS1_w ATLAS_c ATLAS_o ukirt_J ukirt_H ukirt_K Clear
[from data line 296]
6.765619 87.434 92.65 115.885 126.451 114.622 106.634 89.703 124.408 112.336 104.585 96.229 91.242 125.722 110.567 101.719 96.2 91.734 86.169 86.373 86.352 85.937 84.191 97.438 103.989 97.172 86.008 82.507 79.881 84.405
6.97024 93.086 98.301 121.536 132.102 120.274 112.285 95.354 130.059 117.988 110.237 101.88 96.893 131.373 116.219 107.371 101.851 97.385 91.82 92.025 92.003 91.588 89.842 103.089 109.641 102.824 91.659 88.158 85.532 90.056
7.181051 99.084 104.3 127.535 138.101 126.272 118.284 101.352 136.057 123.986 116.235 107.878 102.892 137.372 122.217 113.369 107.849 103.384 97.818 98.023 98.002 97.586 95.84 109.087 115.639 108.822 97.657 94.157 91.531 96.055
7.398237 105.451 110.666 133.901 144.467 132.639 124.65 107.719 142.424 130.353 122.602 114.245 109.258 143.738 128.584 119.736 114.216 109.751 104.185 104.39 104.368 103.953 102.207 115.454 122.006 115.189 104.024 100.523 97.898 102.421
7.621991 112.208 117.424 140.659 151.225 139.396 131.408 114.477 149.182 137.111 129.359 121.003 116.016 150.496 135.341 126.494 120.974 116.508 110.943 111.148 111.126 110.711 108.965 122.212 128.763 121.947 110.782 107.281 104.655 109.179
7.852513 119.381 124.597 147.832 158.398 146.569 138.581 121.649 156.355 144.283 136.532 128.175 123.189 157.669 142.514 133.666 128.147 123.681 118.115 118.32 118.299 117.883 116.138 129.384 135.936 129.119 117.954 114.454 111.828 116.352
8.090007 126.994 132.21 155.445 166.011 154.182 146.194 129.263 163.968 151.896 144.145 135.789 130.802 165.282 150.127 141.279 135.76 131.294 125.729 125.933 125.912 125.496 123.751 136.998 143.549 136.732 125.567 122.067 119.441 123.965
8.334684 135.075 140.29 163.525 174.091 162.263 154.274 137.343 172.048 159.977 152.226 143.869 138.882 173.362 158.208 149.36 143.84 139.374 133.809 134.014 133.992 133.577 131.831 145.078 151.63 144.813 133.648 130.147 127.522 132.045
8.586761 143.651 148.867 172.102 182.668 170.839 162.851 145.92 180.625 168.554 160.802 152.446 147.459 181.939 166.784 157.937 152.417 147.951 142.386 142.59 142.569 142.154 140.408 153.655 160.206 153.389 142.225 138.724 136.098 140.622
8.846461 152.755 157.97 181.205 191.771 179.943 171.954 155.023 189.728 177.657 169.906 161.549 156.562 191.042 175.888 167.04 161.52 157.054 151.489 151.694 151.672 151.257 149.511 162.758 169.31 162.493 151.328 147.827 145.202 149.725
9.114017 162.417 167.633 190.867 201.434 189.605 181.617 164.685 199.39 187.319 179.568 171.211 166.224 200.704 185.55 176.702 171.182 166.717 161.151 161.356 161.335 160.919 159.173 172.42 178.972 172.155 160.99 157.49 154.864 159.388
9.389664 172.673 177.888 201.123 211.689 199.861 191.872 174.941 209.646 197.575 189.824 181.467 176.48 210.96 195.806 186.958 181.438 176.972 171.407 171.612 171.59 171.175 169.429 182.676 189.227 182.411 171.246 167.745 165.119 169.643
9.673648 183.558 188.774 212.008 222.575 210.746 202.758 185.826 220.531 208.46 200.709 192.352 187.365 221.845 206.691 197.843 192.323 187.858 182.292 182.497 182.476 182.06 180.314 193.561 200.113 193.296 182.131 178.631 176.005 180.528
9.966221 195.112 200.327 223.562 234.128 222.3 214.311 197.38 232.085 220.014 212.263 203.906 198.919 233.399 218.245 209.397 203.877 199.411 193.846 194.051 194.029 193.614 191.868 205.115 211.667 204.85 193.685 190.184 187.558 192.082
10.267642 207.375 212.59 235.825 246.391 234.563 226.575 209.643 244.348 232.277 224.526 216.169 211.182 245.662 230.508 221.66 216.14 211.675 206.109 206.314 206.292 205.877 204.131 217.378 223.93 217.113 205.948 202.447 199.822 204.345
10.57818 220.391 225.607 248.841 259.408 247.579 239.591 222.659 257.364 245.293 237.542 229.185 224.198 258.678 243.524 234.676 229.156 224.691 219.125 219.33 219.309 218.893 217.147 230.394 236.946 230.129 218.964 215.464 212.838 217.362
10.89811 234.206 239.422 262.657 273.223 261.394 253.406 236.475 271.18 259.109 251.357 243.001 238.014 272.494 257.339 248.492 242.972 238.506 232.941 233.145 233.124 232.709 230.963 244.21 250.761 243.944 232.78 229.279 226.653 231.177
11.227716 248.87 254.086 277.321 287.887 276.058 268.07 251.138 285.844 273.772 266.021 257.664 252.678 287.158 272.003 263.155 257.635 253.17 247.604 247.809 247.788 247.372 245.627 258.873 265.425 258.608 247.443 243.943 241.317 245.841
11.56729 264.434 269.65 292.885 303.451 291.622 283.634 266.703 301.408 289.336 281.585 273.229 268.242 302.722 287.567 278.719 273.2 268.734 263.169 263.373 263.352 262.937 261.191 274.438 280.989 274.172 263.008 259.507 256.881 261.405
11.917135 280.954 286.17 309.404 319.971 308.142 300.154 283.222 317.927 305.856 298.105 289.748 284.761 319.241 304.087 295.239 289.719 285.254 279.688 279.893 279.872 279.456 277.71 290.957 297.509 290.692 279.527 276.027 273.401 277.925
12.277561 298.488 303.704 326.939 337.505 325.676 317.688 300.757 335.462 323.39 315.639 307.283 302.296 336.776 321.621 312.773 307.254 302.788 297.223 297.427 297.406 296.99 295.245 308.492 315.043 308.226 297.061 293.561 290.935 295.459
12.648887 317.099 322.315 345.549 356.116 344.287 336.299 319.367 354.072 342.001 334.25 325.893 320.906 355.386 340.232 331.384 325.864 321.399 315.833 316.038 316.017 315.601 313.855 327.102 333.654 326.837 315.672 312.172 309.546 314.07
13.031444 336.853 342.068 365.303 375.869 364.041 356.052 339.121 373.826 361.755 354.004 345.647 340.66 375.14 359.986 351.138 345.618 341.152 335.587 335.792 335.77 335.355 333.609 346.856 353.407 346.591 335.426 331.925 329.299 333.823
13.425571 357.819 363.035 386.27 396.836 385.007 377.019 360.087 394.793 382.721 374.97 366.613 361.627 396.107 380.952 372.104 366.585 362.119 356.553 356.758 356.737 356.321 354.576 367.822 374.374 367.557 356.392 352.892 350.266 354.79
13.831619 380.073 385.289 408.524 419.09 407.261 399.273 382.341 417.046 404.975 397.224 388.867 383.881 418.361 403.206 394.358 388.838 384.373 378.807 379.012 378.991 378.575 376.83 390.076 396.628 389.811 378.646 375.146 372.52 377.044
14.249947 403.693 408.909 432.144 442.71 430.881 422.893 405.962 440.667 428.596 420.844 412.488 407.501 441.981 426.826 417.979 412.459 407.993 402.428 402.633 402.611 402.196 400.45 413.697 420.248 413.432 402.267 398.766 396.14 400.664
14.680926 428.764 433.98 457.215 467.781 455.952 447.964 431.033 465.738 453.667 445.915 437.559 432.572 467.052 451.897 443.049 437.53 433.064 427.499 427.703 427.682 427.267 425.521 438.768 445.319 438.502 427.338 423.837 421.211 425.735
15.124941 455.374 460.59 483.825 494.391 482.562 474.574 457.643 492.348 480.277 472.525 464.169 459.182 493.662 478.507 469.66 464.14 459.674 454.109 454.314 454.292 453.877 452.131 465.378 471.929 465.113 453.948 450.447 447.821 452.345
15.582385 483.619 488.834 512.069 522.635 510.807 502.818 485.887 520.592 508.521 500.77 492.413 487.426 521.906 506.752 497.904 492.384 487.918 482.353 482.558 482.536 482.121 480.375 493.622 500.174 493.357 482.192 478.691 476.065 480.589
16.053663 513.597 518.813 542.048 552.614 540.785 532.797 515.865 550.571 538.499 530.748 522.391 517.405 551.885 536.73 527.882 522.362 517.897 512.331 512.536 512.515 512.099 510.354 523.6 530.152 523.335 512.17 508.67 506.044 510.568
16.539195 545.416 550.632 573.867 584.433 572.604 564.616 547.685 582.39 570.319 562.567 554.211 549.224 583.704 568.549 559.702 554.182 549.716 544.151 544.355 544.334 543.919 542.173 555.42 561.971 555.154 543.99 540.489 537.863 542.387
17.039412 579.189 584.405 607.64 618.206 606.377 598.389 581.458 616.163 604.092 596.34 587.984 582.997 617.477 602.322 593.475 587.955 583.489 577.924 578.129 578.107 577.692 575.946 589.193 595.744 588.927 577.763 574.262 571.636 576.16
17.554757 615.036 620.252 643.487 654.053 642.224 634.236 617.305 652.01 639.938 632.187 623.831 618.844 653.324 638.169 629.321 623.802 619.336 613.771 613.975 613.954 613.539 611.793 625.04 631.591 624.774 613.61 610.109 607.483 612.007
18.085689 653.084 658.3 681.535 692.101 680.272 672.284 655.353 690.058 677.986 670.235 661.879 656.892 691.372 676.217 667.369 661.85 657.384 651.819 652.023 652.002 651.586 649.841 663.088 669.639 662.822 651.657 648.157 645.531 650.055
18.632678 693.468 698.684 721.919 732.485 720.656 712.668 695.737 730.442 718.371 710.619 702.263 697.276 731.756 716.601 707.754 702.234 697.768 692.203 692.407 692.386 691.971 690.225 703.472 710.023 703.206 692.042 688.541 685.915 690.439
19.196211 736.332 741.548 764.783 775.349 763.52 755.532 738.601 773.306 761.235 753.483 745.127 740.14 774.62 759.465 750.617 745.098 740.632 735.067 735.271 735.25 734.835 733.089 746.336 752.887 746.07 734.906 731.405 728.779 733.303
19.776787 781.828 787.044 nan nan nan nan 784.097 nan nan nan 791.902 785.674 nan nan nan nan 786.234 780.563 780.767 780.746 780.331 778.585 nan nan nan 780.401 776.901 774.275 778.799
20.374923 nan nan nan nan nan nan nan nan nan nan nan nan nan nan nan nan nan nan nan nan nan nan nan nan nan nan nan nan nan
20.991149 nan nan nan nan nan nan nan nan nan nan nan nan nan nan nan nan nan nan nan nan nan nan nan nan nan nan nan nan nan
21.626011 nan nan nan nan nan nan nan nan nan nan nan nan nan nan nan nan nan nan nan nan nan nan nan nan nan nan nan nan nan
22.280075 nan nan nan nan nan nan nan nan nan nan nan nan nan nan nan nan nan nan nan nan nan nan nan nan nan nan nan nan nan
22.953921 nan nan nan nan nan nan nan nan nan nan nan nan nan nan nan nan nan nan nan nan nan nan nan nan nan nan nan nan nan
23.648147 nan nan nan nan nan nan nan nan nan nan nan nan nan nan nan nan nan nan nan nan nan nan nan nan nan nan nan nan nan
24.363369 nan nan nan nan nan nan nan nan nan nan nan nan nan nan nan nan nan nan nan nan nan nan nan nan nan nan nan nan nan
25.100222 nan nan nan nan nan nan nan nan nan nan nan nan nan nan nan nan nan nan nan nan nan nan nan nan nan nan nan nan nan
25.859362 nan nan nan nan nan nan nan nan nan nan nan nan nan nan nan nan nan nan nan nan nan nan nan nan nan nan nan nan nan
26.64146 nan nan nan nan nan nan nan nan nan nan nan nan nan nan nan nan nan nan nan nan nan nan nan nan nan nan nan nan nan
27.447213 nan nan nan nan nan nan nan nan nan nan nan nan nan nan nan nan nan nan nan nan nan nan nan nan nan nan nan nan nan
28.277335 nan nan nan nan nan nan nan nan nan nan nan nan nan nan nan nan nan nan nan nan nan nan nan nan nan nan nan nan nan
29.132564 nan nan nan nan nan nan nan nan nan nan nan nan nan nan nan nan nan nan nan nan nan nan nan nan nan nan nan nan nan
30.013659 nan nan nan nan nan nan nan nan nan nan nan nan nan nan nan nan nan nan nan nan nan nan nan nan nan nan nan nan nan
30.921401 nan nan nan nan nan nan nan nan nan nan nan nan nan nan nan nan nan nan nan nan nan nan nan nan nan nan nan nan nan
31.856598 nan nan nan nan nan nan nan nan nan nan nan nan nan nan nan nan nan nan nan nan nan nan nan nan nan nan nan nan nan
32.820079 nan nan nan nan nan nan nan nan nan nan nan nan nan nan nan nan nan nan nan nan nan nan nan nan nan nan nan nan nan
33.8127 nan nan nan nan nan nan nan nan nan nan nan nan nan nan nan nan nan nan nan nan nan nan nan nan nan nan nan nan nan
34.835342 nan nan nan nan nan nan nan nan nan nan nan nan nan nan nan nan nan nan nan nan nan nan nan nan nan nan nan nan nan
35.888913 nan nan nan nan nan nan nan nan nan nan nan nan nan nan nan nan nan nan nan nan nan nan nan nan nan nan nan nan nan
36.974349 nan nan nan nan nan nan nan nan nan nan nan nan nan nan nan nan nan nan nan nan nan nan nan nan nan nan nan nan nan
38.092613 nan nan nan nan nan nan nan nan nan nan nan nan nan nan nan nan nan nan nan nan nan nan nan nan nan nan nan nan nan
39.244698 nan nan nan nan nan nan nan nan nan nan nan nan nan nan nan nan nan nan nan nan nan nan nan nan nan nan nan nan nan
40.431627 nan nan nan nan nan nan nan nan nan nan nan nan nan nan nan nan nan nan nan nan nan nan nan nan nan nan nan nan nan
41.654454 nan nan nan nan nan nan nan nan nan nan nan nan nan nan nan nan nan nan nan nan nan nan nan nan nan nan nan nan nan
42.914265 nan nan nan nan nan nan nan nan nan nan nan nan nan nan nan nan nan nan nan nan nan nan nan nan nan nan nan nan nan
44.212178 nan nan nan nan nan nan nan nan nan nan nan nan nan nan nan nan nan nan nan nan nan nan nan nan nan nan nan nan nan
45.549345 nan nan nan nan nan nan nan nan nan nan nan nan nan nan nan nan nan nan nan nan nan nan nan nan nan nan nan nan nan
46.926954 nan nan nan nan nan nan nan nan nan nan nan nan nan nan nan nan nan nan nan nan nan nan nan nan nan nan nan nan nan
48.346227 nan nan nan nan nan nan nan nan nan nan nan nan nan nan nan nan nan nan nan nan nan nan nan nan nan nan nan nan nan
49.808426 nan nan nan nan nan nan nan nan nan nan nan nan nan nan nan nan nan nan nan nan nan nan nan nan nan nan nan nan nan
51.314848 nan nan nan nan nan nan nan nan nan nan nan nan nan nan nan nan nan nan nan nan nan nan nan nan nan nan nan nan nan
52.86683 nan nan nan nan nan nan nan nan nan nan nan nan nan nan nan nan nan nan nan nan nan nan nan nan nan nan nan nan nan
54.465752 nan nan nan nan nan nan nan nan nan nan nan nan nan nan nan nan nan nan nan nan nan nan nan nan nan nan nan nan nan
56.113031 nan nan nan nan nan nan nan nan nan nan nan nan nan nan nan nan nan nan nan nan nan nan nan nan nan nan nan nan nan
57.810132 nan nan nan nan nan nan nan nan nan nan nan nan nan nan nan nan nan nan nan nan nan nan nan nan nan nan nan nan nan
59.55856 nan nan nan nan nan nan nan nan nan nan nan nan nan nan nan nan nan nan nan nan nan nan nan nan nan nan nan nan nan
61.359868 nan nan nan nan nan nan nan nan nan nan nan nan nan nan nan nan nan nan nan nan nan nan nan nan nan nan nan nan nan
63.215655 nan nan nan nan nan nan nan nan nan nan nan nan nan nan nan nan nan nan nan nan nan nan nan nan nan nan nan nan nan
65.127569 nan nan nan nan nan nan nan nan nan nan nan nan nan nan nan nan nan nan nan nan nan nan nan nan nan nan nan nan nan
67.097308 nan nan nan nan nan nan nan nan nan nan nan nan nan nan nan nan nan nan nan nan nan nan nan nan nan nan nan nan nan
69.126621 nan nan nan nan nan nan nan nan nan nan nan nan nan nan nan nan nan nan nan nan nan nan nan nan nan nan nan nan nan
71.217308 nan nan nan nan nan nan nan nan nan nan nan nan nan nan nan nan nan nan nan nan nan nan nan nan nan nan nan nan nan
73.371227 nan nan nan nan nan nan nan nan nan nan nan nan nan nan nan nan nan nan nan nan nan nan nan nan nan nan nan nan nan
75.59029 nan nan nan nan nan nan nan nan nan nan nan nan nan nan nan nan nan nan nan nan nan nan nan nan nan nan nan nan nan
77.876467 nan nan nan nan nan nan nan nan nan nan nan nan nan nan nan nan nan nan nan nan nan nan nan nan nan nan nan nan nan
80.231787 nan nan nan nan nan nan nan nan nan nan nan nan nan nan nan nan nan nan nan nan nan nan nan nan nan nan nan nan nan
82.658343 nan nan nan nan nan nan nan nan nan nan nan nan nan nan nan nan nan nan nan nan nan nan nan nan nan nan nan nan nan
85.158288 nan nan nan nan nan nan nan nan nan nan nan nan nan nan nan nan nan nan nan nan nan nan nan nan nan nan nan nan nan
87.733843 nan nan nan nan nan nan nan nan nan nan nan nan nan nan nan nan nan nan nan nan nan nan nan nan nan nan nan nan nan
90.387293 nan nan nan nan nan nan nan nan nan nan nan nan nan nan nan nan nan nan nan nan nan nan nan nan nan nan nan nan nan
93.120995 nan nan nan nan nan nan nan nan nan nan nan nan nan nan nan nan nan nan nan nan nan nan nan nan nan nan nan nan nan
95.937376 nan nan nan nan nan nan nan nan nan nan nan nan nan nan nan nan nan nan nan nan nan nan nan nan nan nan nan nan nan
98.838937 nan nan nan nan nan nan nan nan nan nan nan nan nan nan nan nan nan nan nan nan nan nan nan nan nan nan nan nan nan
101.828253 nan nan nan nan nan nan nan nan nan nan nan nan nan nan nan nan nan nan nan nan nan nan nan nan nan nan nan nan nan
104.907979 nan nan nan nan nan nan nan nan nan nan nan nan nan nan nan nan nan nan nan nan nan nan nan nan nan nan nan nan nan
