web/models/kne.last_good/kappa_0.5_3.0.v1/15/villar_0.3304_0.2023_3.0000.dat
# %ECSV 1.0
# ---
# datatype:
# - {name: time, datatype: float64}
# - {name: swift_uvot_uvw2, datatype: float64}
# - {name: swift_uvot_uvm2, datatype: float64}
# - {name: swift_uvot_uvw1, datatype: float64}
# - {name: swift_uvot_U, datatype: float64}
# - {name: swift_uvot_B, datatype: float64}
# - {name: swift_uvot_V, datatype: float64}
# - {name: swift_uvot_W, datatype: float64}
# - {name: johnson_U, datatype: float64}
# - {name: johnson_B, datatype: float64}
# - {name: johnson_V, datatype: float64}
# - {name: johnson_R, datatype: float64}
# - {name: johnson_I, datatype: float64}
# - {name: sdss_u, datatype: float64}
# - {name: sdss_g, datatype: float64}
# - {name: sdss_r, datatype: float64}
# - {name: sdss_i, datatype: float64}
# - {name: sdss_z, datatype: float64}
# - {name: PS1_g, datatype: float64}
# - {name: PS1_r, datatype: float64}
# - {name: PS1_i, datatype: float64}
# - {name: PS1_z, datatype: float64}
# - {name: PS1_Y, datatype: float64}
# - {name: PS1_w, datatype: float64}
# - {name: ATLAS_c, datatype: float64}
# - {name: ATLAS_o, datatype: float64}
# - {name: ukirt_J, datatype: float64}
# - {name: ukirt_H, datatype: float64}
# - {name: ukirt_K, datatype: float64}
# - {name: Clear, datatype: float64}
# meta: !!omap
# - comment: [kappa = 3.0, type = villar, mass = 0.33039895931513485, velocity = 0.20233333333333337, theta_obs = 0.0]
# schema: astropy-2.0
time swift_uvot_uvw2 swift_uvot_uvm2 swift_uvot_uvw1 swift_uvot_U swift_uvot_B swift_uvot_V swift_uvot_W johnson_U johnson_B johnson_V johnson_R johnson_I sdss_u sdss_g sdss_r sdss_i sdss_z PS1_g PS1_r PS1_i PS1_z PS1_Y PS1_w ATLAS_c ATLAS_o ukirt_J ukirt_H ukirt_K Clear
[from data line 282]
4.458044 -11.538 -10.286 -12.171 -14.075 -15.382 -16.267 -14.5 -14.315 -15.409 -16.294 -16.856 -17.192 -14.239 -15.734 -16.636 -17.022 -17.227 -15.901 -16.66 -17.043 -17.22 -17.335 -16.616 -16.19 -16.826 -17.323 -17.188 -16.888 -16.592
4.592874 -11.52 -10.156 -12.084 -14.004 -15.338 -16.243 -14.463 -14.249 -15.366 -16.272 -16.851 -17.2 -14.171 -15.698 -16.623 -17.022 -17.237 -15.87 -16.647 -17.044 -17.228 -17.348 -16.606 -16.167 -16.819 -17.346 -17.219 -16.925 -16.584
4.731783 -11.503 -10.021 -11.994 -13.931 -15.291 -16.217 -14.425 -14.18 -15.32 -16.247 -16.844 -17.207 -14.099 -15.66 -16.608 -17.021 -17.245 -15.838 -16.633 -17.043 -17.235 -17.361 -16.595 -16.142 -16.812 -17.369 -17.249 -16.961 -16.575
4.874892 -11.488 -9.883 -11.902 -13.854 -15.242 -16.19 -14.385 -14.108 -15.273 -16.221 -16.836 -17.213 -14.025 -15.62 -16.591 -17.018 -17.253 -15.803 -16.618 -17.04 -17.241 -17.372 -16.582 -16.115 -16.802 -17.391 -17.279 -16.997 -16.565
5.02233 -11.474 -9.741 -11.807 -13.774 -15.191 -16.16 -14.343 -14.033 -15.222 -16.193 -16.826 -17.218 -13.948 -15.578 -16.573 -17.013 -17.259 -15.766 -16.6 -17.036 -17.245 -17.382 -16.567 -16.086 -16.792 -17.411 -17.308 -17.032 -16.554
5.174227 -11.462 -9.595 -11.709 -13.69 -15.136 -16.128 -14.299 -13.954 -15.169 -16.162 -16.815 -17.221 -13.867 -15.533 -16.552 -17.007 -17.263 -15.727 -16.581 -17.031 -17.248 -17.391 -16.551 -16.055 -16.779 -17.431 -17.336 -17.067 -16.541
5.330718 -11.45 -9.445 -11.608 -13.603 -15.079 -16.094 -14.253 -13.873 -15.114 -16.129 -16.802 -17.223 -13.782 -15.485 -16.53 -16.999 -17.266 -15.686 -16.56 -17.024 -17.25 -17.399 -16.533 -16.021 -16.765 -17.45 -17.363 -17.101 -16.526
5.491942 -11.44 -9.292 -11.504 -13.512 -15.019 -16.057 -14.205 -13.787 -15.055 -16.094 -16.787 -17.223 -13.695 -15.435 -16.506 -16.99 -17.268 -15.642 -16.536 -17.015 -17.25 -17.406 -16.513 -15.986 -16.748 -17.468 -17.39 -17.135 -16.51
5.658042 -11.431 -9.134 -11.397 -13.418 -14.956 -16.018 -14.155 -13.698 -14.993 -16.056 -16.769 -17.222 -13.603 -15.382 -16.479 -16.978 -17.268 -15.596 -16.511 -17.004 -17.249 -17.411 -16.491 -15.947 -16.73 -17.485 -17.416 -17.168 -16.493
5.829166 -11.423 -8.973 -11.287 -13.319 -14.889 -15.976 -14.102 -13.605 -14.928 -16.015 -16.75 -17.219 -13.507 -15.326 -16.45 -16.965 -17.267 -15.547 -16.483 -16.992 -17.246 -17.414 -16.467 -15.907 -16.71 -17.501 -17.441 -17.2 -16.473
6.005465 -11.415 -8.809 -11.173 -13.216 -14.819 -15.931 -14.047 -13.508 -14.86 -15.972 -16.729 -17.214 -13.407 -15.267 -16.418 -16.95 -17.264 -15.496 -16.453 -16.977 -17.241 -17.416 -16.441 -15.863 -16.687 -17.515 -17.465 -17.232 -16.452
6.187096 -11.408 -8.641 -11.056 -13.109 -14.745 -15.883 -13.989 -13.407 -14.788 -15.926 -16.706 -17.208 -13.302 -15.204 -16.384 -16.932 -17.259 -15.441 -16.42 -16.961 -17.235 -17.417 -16.413 -15.817 -16.662 -17.529 -17.488 -17.263 -16.429
6.37422 -11.402 -8.469 -10.936 -12.997 -14.668 -15.832 -13.928 -13.301 -14.713 -15.877 -16.68 -17.199 -13.193 -15.138 -16.347 -16.913 -17.253 -15.384 -16.385 -16.942 -17.226 -17.416 -16.383 -15.768 -16.635 -17.541 -17.511 -17.293 -16.404
6.567004 -11.395 -8.296 -10.811 -12.88 -14.587 -15.778 -13.865 -13.19 -14.633 -15.825 -16.652 -17.189 -13.079 -15.068 -16.307 -16.891 -17.244 -15.324 -16.347 -16.921 -17.216 -17.413 -16.349 -15.716 -16.605 -17.551 -17.532 -17.323 -16.377
6.765619 -11.389 -8.12 -10.683 -12.757 -14.501 -15.721 -13.799 -13.074 -14.55 -15.769 -16.621 -17.176 -12.96 -14.995 -16.265 -16.866 -17.233 -15.261 -16.306 -16.897 -17.203 -17.408 -16.314 -15.661 -16.573 -17.56 -17.552 -17.352 -16.348
6.97024 -11.383 -7.944 -10.551 -12.629 -14.411 -15.659 -13.729 -12.953 -14.462 -15.71 -16.587 -17.162 -12.835 -14.917 -16.218 -16.839 -17.22 -15.194 -16.262 -16.871 -17.188 -17.401 -16.275 -15.602 -16.538 -17.568 -17.571 -17.379 -16.317
7.181051 -11.377 -7.767 -10.414 -12.496 -14.316 -15.594 -13.656 -12.826 -14.369 -15.646 -16.55 -17.145 -12.704 -14.835 -16.169 -16.809 -17.205 -15.124 -16.215 -16.842 -17.171 -17.392 -16.234 -15.539 -16.5 -17.574 -17.588 -17.406 -16.284
7.398237 -11.37 -7.591 -10.272 -12.356 -14.216 -15.525 -13.58 -12.693 -14.272 -15.579 -16.511 -17.125 -12.567 -14.749 -16.116 -16.776 -17.187 -15.05 -16.164 -16.81 -17.151 -17.381 -16.189 -15.473 -16.458 -17.578 -17.604 -17.432 -16.248
7.621991 -11.363 -7.418 -10.126 -12.209 -14.111 -15.451 -13.499 -12.553 -14.169 -15.508 -16.468 -17.103 -12.424 -14.658 -16.059 -16.74 -17.167 -14.972 -16.11 -16.775 -17.128 -17.368 -16.141 -15.402 -16.414 -17.58 -17.619 -17.457 -16.209
7.852513 -11.355 -7.249 -9.975 -12.055 -14.0 -15.372 -13.415 -12.407 -14.061 -15.432 -16.421 -17.078 -12.274 -14.561 -15.998 -16.7 -17.143 -14.891 -16.052 -16.737 -17.103 -17.352 -16.09 -15.328 -16.366 -17.58 -17.633 -17.48 -16.168
8.090007 -11.347 -7.086 -9.818 -11.894 -13.883 -15.289 -13.327 -12.254 -13.947 -15.351 -16.371 -17.05 -12.116 -14.459 -15.933 -16.657 -17.117 -14.805 -15.99 -16.695 -17.074 -17.333 -16.034 -15.248 -16.314 -17.579 -17.644 -17.503 -16.124
8.334684 -11.337 -6.931 -9.656 -11.726 -13.76 -15.201 -13.234 -12.093 -13.827 -15.265 -16.317 -17.019 -11.951 -14.351 -15.863 -16.61 -17.088 -14.716 -15.924 -16.649 -17.043 -17.312 -15.975 -15.164 -16.258 -17.575 -17.654 -17.524 -16.077
8.586761 -11.327 -6.786 -9.488 -11.548 -13.63 -15.106 -13.136 -11.924 -13.701 -15.174 -16.258 -16.984 -11.777 -14.237 -15.789 -16.559 -17.055 -14.622 -15.852 -16.6 -17.008 -17.287 -15.912 -15.074 -16.197 -17.568 -17.662 -17.544 -16.027
8.846461 -11.315 -6.651 -9.313 -11.362 -13.493 -15.006 -13.034 -11.746 -13.567 -15.077 -16.195 -16.946 -11.594 -14.117 -15.709 -16.504 -17.019 -14.524 -15.777 -16.546 -16.969 -17.26 -15.844 -14.979 -16.132 -17.559 -17.669 -17.562 -15.973
9.114017 -11.302 -6.53 -9.132 -11.166 -13.348 -14.9 -12.926 -11.559 -13.426 -14.974 -16.128 -16.904 -11.402 -13.989 -15.623 -16.444 -16.979 -14.421 -15.696 -16.488 -16.926 -17.228 -15.772 -14.878 -16.063 -17.547 -17.673 -17.579 -15.916
9.389664 -11.287 -6.421 -8.944 -10.96 -13.195 -14.786 -12.813 -11.362 -13.277 -14.864 -16.055 -16.858 -11.199 -13.854 -15.532 -16.379 -16.934 -14.313 -15.609 -16.425 -16.879 -17.194 -15.694 -14.771 -15.988 -17.533 -17.675 -17.594 -15.856
9.673648 -11.27 -6.324 -8.748 -10.743 -13.033 -14.666 -12.693 -11.155 -13.119 -14.747 -15.977 -16.807 -10.986 -13.711 -15.434 -16.309 -16.885 -14.201 -15.517 -16.357 -16.827 -17.155 -15.611 -14.656 -15.907 -17.515 -17.674 -17.607 -15.792
9.966221 -11.252 -6.24 -8.544 -10.514 -12.861 -14.537 -12.568 -10.936 -12.952 -14.622 -15.893 -16.752 -10.761 -13.559 -15.33 -16.233 -16.832 -14.085 -15.418 -16.284 -16.771 -17.112 -15.522 -14.535 -15.821 -17.494 -17.671 -17.619 -15.724
10.267642 -11.231 -6.166 -8.331 -10.273 -12.68 -14.4 -12.435 -10.705 -12.776 -14.49 -15.802 -16.691 -10.524 -13.398 -15.218 -16.151 -16.773 -13.964 -15.313 -16.205 -16.71 -17.065 -15.427 -14.406 -15.728 -17.469 -17.666 -17.628 -15.652
10.57818 -11.208 -6.101 -8.109 -10.018 -12.487 -14.255 -12.296 -10.461 -12.589 -14.348 -15.705 -16.625 -10.273 -13.227 -15.098 -16.063 -16.709 -13.838 -15.201 -16.119 -16.642 -17.012 -15.325 -14.268 -15.629 -17.44 -17.657 -17.635 -15.575
10.89811 -11.182 -6.044 -7.876 -9.748 -12.283 -14.099 -12.149 -10.202 -12.39 -14.198 -15.601 -16.553 -10.007 -13.046 -14.97 -15.968 -16.639 -13.708 -15.082 -16.027 -16.569 -16.955 -15.215 -14.122 -15.522 -17.407 -17.645 -17.64 -15.495
11.227716 -11.153 -5.991 -7.633 -9.463 -12.067 -13.933 -11.995 -9.929 -12.18 -14.037 -15.489 -16.475 -9.727 -12.853 -14.832 -15.865 -16.563 -13.574 -14.954 -15.927 -16.49 -16.892 -15.098 -13.966 -15.407 -17.37 -17.63 -17.643 -15.409
11.56729 -11.121 -5.942 -7.379 -9.162 -11.836 -13.756 -11.832 -9.639 -11.956 -13.865 -15.369 -16.391 -9.429 -12.647 -14.685 -15.753 -16.48 -13.437 -14.819 -15.82 -16.404 -16.823 -14.973 -13.799 -15.284 -17.327 -17.611 -17.642 -15.319
11.917135 -11.086 -5.895 -7.112 -8.842 -11.591 -13.566 -11.66 -9.332 -11.719 -13.682 -15.24 -16.298 -9.114 -12.429 -14.528 -15.634 -16.39 -13.297 -14.674 -15.704 -16.31 -16.748 -14.839 -13.622 -15.152 -17.28 -17.588 -17.639 -15.223
12.277561 -11.048 -5.848 -6.831 -8.502 -11.331 -13.364 -11.479 -9.006 -11.466 -13.486 -15.101 -16.198 -8.779 -12.196 -14.358 -15.504 -16.291 -13.154 -14.52 -15.579 -16.208 -16.666 -14.695 -13.432 -15.009 -17.227 -17.561 -17.632 -15.123
12.648887 -11.005 -5.799 -6.535 -8.141 -11.053 -13.147 -11.289 -8.659 -11.197 -13.276 -14.951 -16.09 -8.422 -11.947 -14.177 -15.364 -16.184 -13.01 -14.357 -15.445 -16.097 -16.577 -14.54 -13.23 -14.856 -17.167 -17.529 -17.622 -15.017
13.031444 -10.959 -5.749 -6.224 -7.757 -10.757 -12.915 -11.089 -8.29 -10.91 -13.051 -14.791 -15.972 -8.043 -11.682 -13.982 -15.213 -16.068 -12.865 -14.183 -15.3 -15.978 -16.479 -14.374 -13.013 -14.692 -17.101 -17.492 -17.609 -14.906
13.425571 -10.908 -5.695 -5.895 -7.349 -10.44 -12.666 -10.878 -7.897 -10.604 -12.811 -14.618 -15.844 -7.64 -11.398 -13.772 -15.05 -15.942 -12.72 -13.999 -15.144 -15.848 -16.373 -14.196 -12.781 -14.515 -17.028 -17.449 -17.591 -14.789
13.831619 -10.852 -5.638 -5.548 -6.913 -10.102 -12.399 -10.657 -7.478 -10.277 -12.553 -14.431 -15.705 -7.209 -11.094 -13.547 -14.874 -15.804 -12.577 -13.804 -14.976 -15.707 -16.258 -14.005 -12.532 -14.325 -16.946 -17.401 -17.569 -14.667
14.249947 -10.79 -5.576 -5.179 -6.448 -9.74 -12.112 -10.426 -7.03 -9.928 -12.276 -14.231 -15.554 -6.749 -10.769 -13.304 -14.684 -15.655 -12.435 -13.598 -14.795 -15.554 -16.133 -13.799 -12.266 -14.119 -16.856 -17.346 -17.542 -14.539
14.680926 -10.723 -5.508 -4.789 -5.95 -9.353 -11.804 -10.186 -6.551 -9.554 -11.978 -14.014 -15.391 -6.257 -10.421 -13.043 -14.478 -15.492 -12.295 -13.381 -14.6 -15.388 -15.997 -13.577 -11.98 -13.898 -16.757 -17.284 -17.51 -14.405
15.124941 -10.65 -5.434 -4.374 -5.418 -8.937 -11.472 -9.935 -6.038 -9.153 -11.658 -13.781 -15.213 -5.73 -10.046 -12.761 -14.254 -15.315 -12.157 -13.154 -14.391 -15.209 -15.849 -13.338 -11.672 -13.659 -16.647 -17.214 -17.472 -14.266
15.582385 -10.57 -5.354 -3.933 -4.847 -8.491 -11.114 -9.676 -5.488 -8.723 -11.314 -13.529 -15.021 -5.165 -9.644 -12.457 -14.013 -15.123 -12.022 -12.917 -14.165 -15.014 -15.69 -13.081 -11.342 -13.402 -16.526 -17.135 -17.428 -14.121
16.053663 -10.482 -5.266 -3.462 -4.235 -8.011 -10.729 -9.411 -4.897 -8.262 -10.943 -13.257 -14.811 -4.559 -9.211 -12.128 -13.75 -14.914 -11.889 -12.67 -13.923 -14.803 -15.517 -12.802 -10.986 -13.123 -16.393 -17.047 -17.377 -13.971
16.539195 -10.387 -5.171 -2.96 -3.577 -7.494 -10.312 -9.14 -4.262 -7.765 -10.542 -12.962 -14.584 -3.907 -8.745 -11.773 -13.466 -14.686 -11.756 -12.417 -13.664 -14.575 -15.33 -12.502 -10.602 -12.822 -16.246 -16.949 -17.318 -13.815
17.039412 -10.282 -5.067 -2.423 -2.868 -6.936 -9.862 -8.867 -3.578 -7.231 -10.11 -12.643 -14.336 -3.205 -8.242 -11.388 -13.157 -14.437 -11.622 -12.159 -13.386 -14.328 -15.128 -12.177 -10.187 -12.496 -16.084 -16.84 -17.251 -13.653
17.554757 -10.169 -4.953 -1.847 -2.104 -6.335 -9.374 -8.594 -2.841 -6.655 -9.642 -12.298 -14.067 -2.447 -7.698 -10.971 -12.82 -14.166 -11.485 -11.898 -13.089 -14.06 -14.91 -11.824 -9.739 -12.143 -15.906 -16.718 -17.175 -13.485
18.085689 -10.045 -4.829 -1.23 -1.278 -5.684 -8.845 -8.324 -2.044 -6.032 -9.135 -11.923 -13.773 -1.629 -7.11 -10.517 -12.454 -13.869 -11.344 -11.638 -12.773 -13.771 -14.675 -11.442 -9.254 -11.759 -15.71 -16.583 -17.089 -13.312
18.632678 -9.909 -4.693 -0.566 -0.385 -4.979 -8.27 -8.06 -1.181 -5.359 -8.586 -11.516 -13.453 -0.743 -6.473 -10.025 -12.055 -13.546 -11.197 -11.38 -12.44 -13.459 -14.423 -11.027 -8.728 -11.342 -15.493 -16.432 -16.992 -13.131
19.196211 -9.761 -4.545 0.149 0.583 -4.214 -7.645 -7.802 -0.246 -4.63 -7.989 -11.074 -13.103 0.217 -5.78 -9.488 -11.619 -13.192 -11.04 -11.126 -12.089 -13.124 -14.152 -10.576 -8.156 -10.889 -15.254 -16.265 -16.883 -12.944
19.776787 -9.599 -4.383 0.921 1.634 -3.382 -6.964 -7.55 0.769 -3.84 -7.341 -10.592 -12.721 1.259 -5.028 -8.903 -11.143 -12.804 -10.873 -10.876 -11.724 -12.764 -13.864 -10.084 -7.535 -10.394 -14.991 -16.078 -16.759 -12.747
20.374923 -9.422 -4.206 1.756 2.778 -2.476 -6.221 -7.303 1.875 -2.98 -6.634 -10.067 -12.303 2.394 -4.207 -8.264 -10.622 -12.378 -10.692 -10.63 -11.349 -12.38 -13.557 -9.547 -6.857 -9.855 -14.699 -15.871 -16.621 -12.541
20.991149 -9.228 -4.012 2.66 4.025 -1.488 -5.408 -7.057 3.08 -2.044 -5.863 -9.494 -11.846 3.631 -3.312 -7.565 -10.05 -11.911 -10.496 -10.384 -10.969 -11.973 -13.232 -8.96 -6.117 -9.265 -14.377 -15.641 -16.465 -12.323
21.626011 -9.014 -3.799 3.642 5.388 -0.408 -4.517 -6.807 4.397 -1.023 -5.02 -8.867 -11.344 4.983 -2.333 -6.798 -9.422 -11.396 -10.281 -10.135 -10.587 -11.546 -12.891 -8.318 -5.308 -8.619 -14.02 -15.384 -16.289 -12.091
22.280075 -8.863 -3.648 3.875 5.662 -0.164 -4.294 -6.653 4.666 -0.786 -4.802 -8.672 -11.162 5.255 -2.1 -6.588 -9.227 -11.213 -10.13 -9.98 -10.421 -11.373 -12.727 -8.121 -5.093 -8.422 -13.854 -15.228 -16.142 -11.938
22.953921 -8.712 -3.496 4.026 5.813 -0.013 -4.143 -6.501 4.817 -0.635 -4.651 -8.52 -11.011 5.407 -1.949 -6.436 -9.076 -11.062 -9.979 -9.829 -10.269 -11.222 -12.576 -7.969 -4.942 -8.271 -13.702 -15.076 -15.991 -11.787
23.648147 -8.551 -3.335 4.187 5.974 0.148 -3.982 -6.34 4.978 -0.474 -4.49 -8.359 -10.85 5.568 -1.788 -6.275 -8.915 -10.901 -9.818 -9.668 -10.108 -11.061 -12.415 -7.808 -4.781 -8.11 -13.541 -14.915 -15.83 -11.626
24.363369 -8.38 -3.164 4.358 6.145 0.319 -3.811 -6.169 5.149 -0.303 -4.319 -8.188 -10.679 5.739 -1.617 -6.104 -8.743 -10.73 -9.647 -9.497 -9.937 -10.89 -12.244 -7.637 -4.61 -7.939 -13.37 -14.744 -15.659 -11.455
25.100222 -8.198 -2.983 4.54 6.327 0.501 -3.629 -5.988 5.331 -0.121 -4.137 -8.006 -10.497 5.921 -1.435 -5.922 -8.562 -10.548 -9.465 -9.315 -9.755 -10.708 -12.062 -7.456 -4.428 -7.757 -13.189 -14.563 -15.477 -11.273
25.859362 -8.005 -2.789 4.733 6.52 0.694 -3.436 -5.795 5.524 0.072 -3.944 -7.813 -10.304 6.114 -1.242 -5.729 -8.369 -10.355 -9.272 -9.122 -9.562 -10.515 -11.869 -7.262 -4.235 -7.564 -12.995 -14.37 -15.284 -11.08
26.64146 -7.8 -2.584 4.938 6.725 0.899 -3.231 -5.589 5.729 0.277 -3.739 -7.608 -10.099 6.319 -1.037 -5.524 -8.164 -10.15 -9.067 -8.917 -9.357 -10.31 -11.664 -7.057 -4.03 -7.359 -12.79 -14.164 -15.079 -10.875
27.447213 -7.582 -2.367 5.156 6.943 1.117 -3.013 -5.372 5.947 0.495 -3.521 -7.39 -9.881 6.537 -0.819 -5.306 -7.946 -9.932 -8.849 -8.699 -9.139 -10.092 -11.446 -6.839 -3.812 -7.141 -12.573 -13.947 -14.861 -10.657
28.277335 -7.351 -2.135 5.387 7.174 1.348 -2.781 -5.14 6.178 0.727 -3.29 -7.159 -9.649 6.768 -0.588 -5.075 -7.714 -9.701 -8.618 -8.468 -8.908 -9.861 -11.215 -6.608 -3.58 -6.91 -12.341 -13.715 -14.63 -10.426
29.132564 -7.105 -1.89 5.633 7.42 1.594 -2.536 -4.895 6.424 0.972 -3.044 -6.913 -9.404 7.014 -0.342 -4.829 -7.469 -9.455 -8.372 -8.222 -8.662 -9.615 -10.969 -6.362 -3.335 -6.664 -12.096 -13.47 -14.384 -10.18
30.013659 -6.844 -1.629 5.894 7.681 1.855 -2.275 -4.634 6.685 1.233 -2.783 -6.653 -9.143 7.274 -0.081 -4.569 -7.208 -9.194 -8.111 -7.961 -8.401 -9.354 -10.708 -6.102 -3.074 -6.403 -11.835 -13.209 -14.123 -9.919
30.921401 -6.567 -1.352 6.171 7.958 2.132 -1.998 -4.357 6.962 1.51 -2.506 -6.376 -8.866 7.551 0.196 -4.292 -6.931 -8.917 -7.834 -7.685 -8.125 -9.077 -10.431 -5.825 -2.797 -6.126 -11.558 -12.932 -13.846 -9.642
31.856598 -6.274 -1.058 6.464 8.252 2.426 -1.704 -4.063 7.256 1.804 -2.212 -6.082 -8.572 7.845 0.49 -3.998 -6.637 -8.623 -7.54 -7.391 -7.831 -8.783 -10.137 -5.531 -2.503 -5.832 -11.264 -12.638 -13.552 -9.348
32.820079 -5.961 -0.746 6.776 8.564 2.738 -1.392 -3.751 7.568 2.116 -1.9 -5.77 -8.26 8.157 0.802 -3.686 -6.325 -8.311 -7.228 -7.079 -7.519 -8.471 -9.825 -5.219 -2.191 -5.52 -10.952 -12.326 -13.24 -9.036
33.8127 -5.63 -0.415 7.108 8.895 3.069 -1.061 -3.42 7.899 2.447 -1.569 -5.438 -7.929 8.489 1.133 -3.354 -5.994 -7.98 -6.897 -6.747 -7.187 -8.14 -9.494 -4.888 -1.86 -5.189 -10.621 -11.995 -12.909 -8.705
