web/models/kne.last_good/kappa_0.5_3.0.v1/15/villar_0.0019_0.1867_0.5000.dat
# %ECSV 1.0
# ---
# datatype:
# - {name: time, datatype: float64}
# - {name: swift_uvot_uvw2, datatype: float64}
# - {name: swift_uvot_uvm2, datatype: float64}
# - {name: swift_uvot_uvw1, datatype: float64}
# - {name: swift_uvot_U, datatype: float64}
# - {name: swift_uvot_B, datatype: float64}
# - {name: swift_uvot_V, datatype: float64}
# - {name: swift_uvot_W, datatype: float64}
# - {name: johnson_U, datatype: float64}
# - {name: johnson_B, datatype: float64}
# - {name: johnson_V, datatype: float64}
# - {name: johnson_R, datatype: float64}
# - {name: johnson_I, datatype: float64}
# - {name: sdss_u, datatype: float64}
# - {name: sdss_g, datatype: float64}
# - {name: sdss_r, datatype: float64}
# - {name: sdss_i, datatype: float64}
# - {name: sdss_z, datatype: float64}
# - {name: PS1_g, datatype: float64}
# - {name: PS1_r, datatype: float64}
# - {name: PS1_i, datatype: float64}
# - {name: PS1_z, datatype: float64}
# - {name: PS1_Y, datatype: float64}
# - {name: PS1_w, datatype: float64}
# - {name: ATLAS_c, datatype: float64}
# - {name: ATLAS_o, datatype: float64}
# - {name: ukirt_J, datatype: float64}
# - {name: ukirt_H, datatype: float64}
# - {name: ukirt_K, datatype: float64}
# - {name: Clear, datatype: float64}
# meta: !!omap
# - comment: [kappa = 0.5, type = villar, mass = 0.001861645566637777, velocity = 0.1866666666666667, theta_obs = 0.0]
# schema: astropy-2.0
time swift_uvot_uvw2 swift_uvot_uvm2 swift_uvot_uvw1 swift_uvot_U swift_uvot_B swift_uvot_V swift_uvot_W johnson_U johnson_B johnson_V johnson_R johnson_I sdss_u sdss_g sdss_r sdss_i sdss_z PS1_g PS1_r PS1_i PS1_z PS1_Y PS1_w ATLAS_c ATLAS_o ukirt_J ukirt_H ukirt_K Clear
[from data line 293]
6.187096 183.385 188.601 211.836 222.402 210.573 202.585 185.653 220.359 208.287 200.536 192.179 187.193 221.673 206.518 197.67 192.15 187.685 182.119 182.324 182.303 181.887 180.142 193.388 199.94 193.123 181.958 178.458 175.832 180.356
6.37422 194.952 200.168 223.403 233.969 222.14 214.152 197.221 231.926 219.854 212.103 203.747 198.76 233.24 218.085 209.237 203.718 199.252 193.687 193.891 193.87 193.455 191.709 204.956 211.507 204.69 193.525 190.025 187.399 191.923
6.567004 207.23 212.445 235.68 246.246 234.418 226.429 209.498 244.203 232.132 224.38 216.024 211.037 245.517 230.363 221.515 215.995 211.529 205.964 206.169 206.147 205.732 203.986 217.233 223.784 216.968 205.803 202.302 199.676 204.2
6.765619 220.261 225.476 248.711 259.277 247.449 239.46 222.529 257.234 245.163 237.412 229.055 224.068 258.548 243.394 234.546 229.026 224.561 218.995 219.2 219.178 218.763 217.017 230.264 236.816 229.999 218.834 215.333 212.708 217.231
6.97024 234.092 239.308 262.543 273.109 261.28 253.292 236.361 271.066 258.994 251.243 242.887 237.9 272.38 257.225 248.377 242.858 238.392 232.827 233.031 233.01 232.594 230.849 244.096 250.647 243.83 232.665 229.165 226.539 231.063
7.181051 248.773 253.988 277.223 287.789 275.961 267.973 251.041 285.746 273.675 265.924 257.567 252.58 287.06 271.906 263.058 257.538 253.073 247.507 247.712 247.69 247.275 245.529 258.776 265.328 258.511 247.346 243.846 241.22 245.743
7.398237 264.355 269.571 292.805 303.372 291.543 283.555 266.623 301.328 289.257 281.506 273.149 268.162 302.642 287.488 278.64 273.12 268.655 263.089 263.294 263.273 262.857 261.111 274.358 280.91 274.093 262.928 259.428 256.802 261.326
7.621991 280.894 286.11 309.344 319.91 308.082 300.094 283.162 317.867 305.796 298.045 289.688 284.701 319.181 304.027 295.179 289.659 285.194 279.628 279.833 279.812 279.396 277.65 290.897 297.449 290.632 279.467 275.967 273.341 277.864
7.852513 298.448 303.664 326.899 337.465 325.636 317.648 300.717 335.422 323.351 315.599 307.243 302.256 336.736 321.581 312.734 307.214 302.748 297.183 297.388 297.366 296.951 295.205 308.452 315.003 308.186 297.022 293.521 290.895 295.419
8.090007 317.081 322.296 345.531 356.097 344.269 336.28 319.349 354.054 341.983 334.232 325.875 320.888 355.368 340.214 331.366 325.846 321.381 315.815 316.02 315.998 315.583 313.837 327.084 333.636 326.819 315.654 312.153 309.528 314.051
8.334684 336.857 342.073 365.308 375.874 364.045 356.057 339.126 373.831 361.759 354.008 345.652 340.665 375.145 359.99 351.142 345.623 341.157 335.592 335.796 335.775 335.36 333.614 346.861 353.412 346.595 335.431 331.93 329.304 333.828
8.586761 357.848 363.064 386.299 396.865 385.036 377.048 360.116 394.821 382.75 374.999 366.642 361.656 396.135 380.981 372.133 366.613 362.148 356.582 356.787 356.766 356.35 354.604 367.851 374.403 367.586 356.421 352.921 350.295 354.819
8.846461 380.128 385.343 408.578 419.144 407.316 399.327 382.396 417.101 405.03 397.279 388.922 383.935 418.415 403.261 394.413 388.893 384.428 378.862 379.067 379.045 378.63 376.884 390.131 396.683 389.866 378.701 375.2 372.575 377.098
9.114017 403.775 408.991 432.226 442.792 430.963 422.975 406.044 440.749 428.678 420.926 412.57 407.583 442.063 426.908 418.061 412.541 408.075 402.51 402.715 402.693 402.278 400.532 413.779 420.33 413.514 402.349 398.848 396.222 400.746
9.389664 428.875 434.091 457.326 467.892 456.063 448.075 431.144 465.849 453.778 446.026 437.67 432.683 467.163 452.008 443.161 437.641 433.175 427.61 427.814 427.793 427.378 425.632 438.879 445.43 438.613 427.449 423.948 421.322 425.846
9.673648 455.516 460.732 483.967 494.533 482.704 474.716 457.785 492.49 480.419 472.667 464.311 459.324 493.804 478.649 469.802 464.282 459.816 454.251 454.455 454.434 454.019 452.273 465.52 472.071 465.254 454.09 450.589 447.963 452.487
9.966221 483.793 489.009 512.244 522.81 510.981 502.993 486.062 520.767 508.695 500.944 492.588 487.601 522.081 506.926 498.078 492.559 488.093 482.528 482.732 482.711 482.296 480.55 493.797 500.348 493.531 482.367 478.866 476.24 480.764
10.267642 513.806 519.022 542.257 552.823 540.994 533.006 516.075 550.78 538.709 530.957 522.601 517.614 552.094 536.939 528.092 522.572 518.106 512.541 512.746 512.724 512.309 510.563 523.81 530.361 523.545 512.38 508.879 506.253 510.777
10.57818 545.662 550.878 574.113 584.679 572.85 564.862 547.931 582.636 570.565 562.813 554.457 549.47 583.95 568.795 559.948 554.428 549.962 544.397 544.602 544.58 544.165 542.419 555.666 562.217 555.401 544.236 540.735 538.109 542.633
10.89811 579.475 584.69 607.925 618.491 606.663 598.674 581.743 616.448 604.377 596.626 588.269 583.282 617.762 602.608 593.76 588.24 583.774 578.209 578.414 578.392 577.977 576.231 589.478 596.03 589.213 578.048 574.547 571.921 576.445
11.227716 615.363 620.579 643.813 654.38 642.551 634.563 617.631 652.336 640.265 632.514 624.157 619.17 653.65 638.496 629.648 624.128 619.663 614.097 614.302 614.281 613.865 612.119 625.366 631.918 625.101 613.936 610.436 607.81 612.333
11.56729 653.455 658.671 681.905 692.472 680.643 672.655 655.723 690.428 678.357 670.606 662.249 657.262 691.742 676.588 667.74 662.22 657.755 652.189 652.394 652.373 651.957 650.211 663.458 670.01 663.193 652.028 648.528 645.902 650.425
11.917135 693.886 699.102 722.336 732.903 721.074 713.086 696.154 730.859 718.788 711.037 702.68 697.693 732.173 717.019 708.171 702.651 698.186 692.62 692.825 692.804 692.388 690.642 703.889 710.441 703.624 692.459 688.959 686.333 690.856
12.277561 736.799 742.015 765.25 775.816 763.987 755.999 739.068 773.773 761.702 753.95 745.594 740.607 775.087 759.932 751.085 745.565 741.099 735.534 735.739 735.717 735.302 733.556 746.803 753.354 746.538 735.373 731.872 729.246 733.77
12.648887 782.348 787.564 nan nan nan nan 784.616 nan nan nan 793.006 786.224 nan nan nan nan 786.856 781.082 781.287 781.266 780.852 779.104 nan nan nan 780.921 777.421 774.795 779.319
13.031444 782.348 787.564 nan nan nan nan 784.616 nan nan nan 793.006 786.224 nan nan nan nan 786.856 781.082 781.287 781.266 780.852 779.104 nan nan nan 780.921 777.421 774.795 779.319
13.425571 782.348 787.564 nan nan nan nan 784.616 nan nan nan 793.006 786.224 nan nan nan nan 786.856 781.082 781.287 781.266 780.852 779.104 nan nan nan 780.921 777.421 774.795 779.319
13.831619 782.348 787.564 nan nan nan nan 784.616 nan nan nan 793.006 786.224 nan nan nan nan 786.856 781.082 781.287 781.266 780.852 779.104 nan nan nan 780.921 777.421 774.795 779.319
14.249947 782.348 787.564 nan nan nan nan 784.616 nan nan nan 793.006 786.224 nan nan nan nan 786.856 781.082 781.287 781.266 780.852 779.104 nan nan nan 780.921 777.421 774.795 779.319
14.680926 782.348 787.564 nan nan nan nan 784.616 nan nan nan 793.006 786.224 nan nan nan nan 786.856 781.082 781.287 781.266 780.852 779.104 nan nan nan 780.921 777.421 774.795 779.319
15.124941 782.348 787.564 nan nan nan nan 784.616 nan nan nan 793.006 786.224 nan nan nan nan 786.856 781.082 781.287 781.266 780.852 779.104 nan nan nan 780.921 777.421 774.795 779.319
15.582385 782.348 787.564 nan nan nan nan 784.616 nan nan nan 793.006 786.224 nan nan nan nan 786.856 781.082 781.287 781.266 780.852 779.104 nan nan nan 780.921 777.421 774.795 779.319
16.053663 782.348 787.564 nan nan nan nan 784.616 nan nan nan 793.006 786.224 nan nan nan nan 786.856 781.082 781.287 781.266 780.852 779.104 nan nan nan 780.921 777.421 774.795 779.319
16.539195 782.348 787.564 nan nan nan nan 784.616 nan nan nan 793.006 786.224 nan nan nan nan 786.856 781.082 781.287 781.266 780.852 779.104 nan nan nan 780.921 777.421 774.795 779.319
17.039412 782.348 787.564 nan nan nan nan 784.616 nan nan nan 793.006 786.224 nan nan nan nan 786.856 781.082 781.287 781.266 780.852 779.104 nan nan nan 780.921 777.421 774.795 779.319
17.554757 782.348 787.564 nan nan nan nan 784.616 nan nan nan 793.006 786.224 nan nan nan nan 786.856 781.082 781.287 781.266 780.852 779.104 nan nan nan 780.921 777.421 774.795 779.319
18.085689 782.348 787.564 nan nan nan nan 784.616 nan nan nan 793.006 786.224 nan nan nan nan 786.856 781.082 781.287 781.266 780.852 779.104 nan nan nan 780.921 777.421 774.795 779.319
18.632678 782.348 787.564 nan nan nan nan 784.616 nan nan nan 793.006 786.224 nan nan nan nan 786.856 781.082 781.287 781.266 780.852 779.104 nan nan nan 780.921 777.421 774.795 779.319
19.196211 782.348 787.564 nan nan nan nan 784.616 nan nan nan 793.006 786.224 nan nan nan nan 786.856 781.082 781.287 781.266 780.852 779.104 nan nan nan 780.921 777.421 774.795 779.319
19.776787 782.348 787.564 nan nan nan nan 784.616 nan nan nan 793.006 786.224 nan nan nan nan 786.856 781.082 781.287 781.266 780.852 779.104 nan nan nan 780.921 777.421 774.795 779.319
20.374923 782.348 787.564 nan nan nan nan 784.616 nan nan nan 793.006 786.224 nan nan nan nan 786.856 781.082 781.287 781.266 780.852 779.104 nan nan nan 780.921 777.421 774.795 779.319
20.991149 782.348 787.564 nan nan nan nan 784.616 nan nan nan 793.006 786.224 nan nan nan nan 786.856 781.082 781.287 781.266 780.852 779.104 nan nan nan 780.921 777.421 774.795 779.319
21.626011 782.348 787.564 nan nan nan nan 784.616 nan nan nan 793.006 786.224 nan nan nan nan 786.856 781.082 781.287 781.266 780.852 779.104 nan nan nan 780.921 777.421 774.795 779.319
22.280075 782.348 787.564 nan nan nan nan 784.616 nan nan nan 793.006 786.224 nan nan nan nan 786.856 781.082 781.287 781.266 780.852 779.104 nan nan nan 780.921 777.421 774.795 779.319
22.953921 782.348 787.564 nan nan nan nan 784.616 nan nan nan 793.006 786.224 nan nan nan nan 786.856 781.082 781.287 781.266 780.852 779.104 nan nan nan 780.921 777.421 774.795 779.319
23.648147 782.348 787.564 nan nan nan nan 784.616 nan nan nan 793.006 786.224 nan nan nan nan 786.856 781.082 781.287 781.266 780.852 779.104 nan nan nan 780.921 777.421 774.795 779.319
24.363369 782.348 787.564 nan nan nan nan 784.616 nan nan nan 793.006 786.224 nan nan nan nan 786.856 781.082 781.287 781.266 780.852 779.104 nan nan nan 780.921 777.421 774.795 779.319
25.100222 782.348 787.564 nan nan nan nan 784.616 nan nan nan 793.006 786.224 nan nan nan nan 786.856 781.082 781.287 781.266 780.852 779.104 nan nan nan 780.921 777.421 774.795 779.319
25.859362 782.348 787.564 nan nan nan nan 784.616 nan nan nan 793.006 786.224 nan nan nan nan 786.856 781.082 781.287 781.266 780.852 779.104 nan nan nan 780.921 777.421 774.795 779.319
26.64146 782.348 787.564 nan nan nan nan 784.616 nan nan nan 793.006 786.224 nan nan nan nan 786.856 781.082 781.287 781.266 780.852 779.104 nan nan nan 780.921 777.421 774.795 779.319
27.447213 782.348 787.564 nan nan nan nan 784.616 nan nan nan 793.006 786.224 nan nan nan nan 786.856 781.082 781.287 781.266 780.852 779.104 nan nan nan 780.921 777.421 774.795 779.319
28.277335 782.348 787.564 nan nan nan nan 784.616 nan nan nan 793.006 786.224 nan nan nan nan 786.856 781.082 781.287 781.266 780.852 779.104 nan nan nan 780.921 777.421 774.795 779.319
29.132564 782.348 787.564 nan nan nan nan 784.616 nan nan nan 793.006 786.224 nan nan nan nan 786.856 781.082 781.287 781.266 780.852 779.104 nan nan nan 780.921 777.421 774.795 779.319
30.013659 782.348 787.564 nan nan nan nan 784.616 nan nan nan 793.006 786.224 nan nan nan nan 786.856 781.082 781.287 781.266 780.852 779.104 nan nan nan 780.921 777.421 774.795 779.319
30.921401 782.348 787.564 nan nan nan nan 784.616 nan nan nan 793.006 786.224 nan nan nan nan 786.856 781.082 781.287 781.266 780.852 779.104 nan nan nan 780.921 777.421 774.795 779.319
31.856598 782.348 787.564 nan nan nan nan 784.616 nan nan nan 793.006 786.224 nan nan nan nan 786.856 781.082 781.287 781.266 780.852 779.104 nan nan nan 780.921 777.421 774.795 779.319
32.820079 782.348 787.564 nan nan nan nan 784.616 nan nan nan 793.006 786.224 nan nan nan nan 786.856 781.082 781.287 781.266 780.852 779.104 nan nan nan 780.921 777.421 774.795 779.319
33.8127 782.348 787.564 nan nan nan nan 784.616 nan nan nan 793.006 786.224 nan nan nan nan 786.856 781.082 781.287 781.266 780.852 779.104 nan nan nan 780.921 777.421 774.795 779.319
34.835342 782.348 787.564 nan nan nan nan 784.616 nan nan nan 793.006 786.224 nan nan nan nan 786.856 781.082 781.287 781.266 780.852 779.104 nan nan nan 780.921 777.421 774.795 779.319
35.888913 782.348 787.564 nan nan nan nan 784.616 nan nan nan 793.006 786.224 nan nan nan nan 786.856 781.082 781.287 781.266 780.852 779.104 nan nan nan 780.921 777.421 774.795 779.319
36.974349 782.348 787.564 nan nan nan nan 784.616 nan nan nan 793.006 786.224 nan nan nan nan 786.856 781.082 781.287 781.266 780.852 779.104 nan nan nan 780.921 777.421 774.795 779.319
38.092613 782.348 787.564 nan nan nan nan 784.616 nan nan nan 793.006 786.224 nan nan nan nan 786.856 781.082 781.287 781.266 780.852 779.104 nan nan nan 780.921 777.421 774.795 779.319
39.244698 782.348 787.564 nan nan nan nan 784.616 nan nan nan 793.006 786.224 nan nan nan nan 786.856 781.082 781.287 781.266 780.852 779.104 nan nan nan 780.921 777.421 774.795 779.319
40.431627 782.348 787.564 nan nan nan nan 784.616 nan nan nan 793.006 786.224 nan nan nan nan 786.856 781.082 781.287 781.266 780.852 779.104 nan nan nan 780.921 777.421 774.795 779.319
41.654454 782.348 787.564 nan nan nan nan 784.616 nan nan nan 793.006 786.224 nan nan nan nan 786.856 781.082 781.287 781.266 780.852 779.104 nan nan nan 780.921 777.421 774.795 779.319
42.914265 782.348 787.564 nan nan nan nan 784.616 nan nan nan 793.006 786.224 nan nan nan nan 786.856 781.082 781.287 781.266 780.852 779.104 nan nan nan 780.921 777.421 774.795 779.319
44.212178 782.348 787.564 nan nan nan nan 784.616 nan nan nan 793.006 786.224 nan nan nan nan 786.856 781.082 781.287 781.266 780.852 779.104 nan nan nan 780.921 777.421 774.795 779.319
45.549345 782.348 787.564 nan nan nan nan 784.616 nan nan nan 793.006 786.224 nan nan nan nan 786.856 781.082 781.287 781.266 780.852 779.104 nan nan nan 780.921 777.421 774.795 779.319
46.926954 782.348 787.564 nan nan nan nan 784.616 nan nan nan 793.006 786.224 nan nan nan nan 786.856 781.082 781.287 781.266 780.852 779.104 nan nan nan 780.921 777.421 774.795 779.319
48.346227 782.348 787.564 nan nan nan nan 784.616 nan nan nan 793.006 786.224 nan nan nan nan 786.856 781.082 781.287 781.266 780.852 779.104 nan nan nan 780.921 777.421 774.795 779.319
49.808426 782.348 787.564 nan nan nan nan 784.616 nan nan nan 793.006 786.224 nan nan nan nan 786.856 781.082 781.287 781.266 780.852 779.104 nan nan nan 780.921 777.421 774.795 779.319
51.314848 782.348 787.564 nan nan nan nan 784.616 nan nan nan 793.006 786.224 nan nan nan nan 786.856 781.082 781.287 781.266 780.852 779.104 nan nan nan 780.921 777.421 774.795 779.319
52.86683 782.348 787.564 nan nan nan nan 784.616 nan nan nan 793.006 786.224 nan nan nan nan 786.856 781.082 781.287 781.266 780.852 779.104 nan nan nan 780.921 777.421 774.795 779.319
54.465752 782.348 787.564 nan nan nan nan 784.616 nan nan nan 793.006 786.224 nan nan nan nan 786.856 781.082 781.287 781.266 780.852 779.104 nan nan nan 780.921 777.421 774.795 779.319
56.113031 782.348 787.564 nan nan nan nan 784.616 nan nan nan 793.006 786.224 nan nan nan nan 786.856 781.082 781.287 781.266 780.852 779.104 nan nan nan 780.921 777.421 774.795 779.319
57.810132 782.348 787.564 nan nan nan nan 784.616 nan nan nan 793.006 786.224 nan nan nan nan 786.856 781.082 781.287 781.266 780.852 779.104 nan nan nan 780.921 777.421 774.795 779.319
59.55856 782.348 787.564 nan nan nan nan 784.616 nan nan nan 793.006 786.224 nan nan nan nan 786.856 781.082 781.287 781.266 780.852 779.104 nan nan nan 780.921 777.421 774.795 779.319
61.359868 782.348 787.564 nan nan nan nan 784.616 nan nan nan 793.006 786.224 nan nan nan nan 786.856 781.082 781.287 781.266 780.852 779.104 nan nan nan 780.921 777.421 774.795 779.319
