web/models/kne.last_good/kappa_0.5_3.0.v1/15/villar_0.1443_0.4373_0.5000.dat
# %ECSV 1.0
# ---
# datatype:
# - {name: time, datatype: float64}
# - {name: swift_uvot_uvw2, datatype: float64}
# - {name: swift_uvot_uvm2, datatype: float64}
# - {name: swift_uvot_uvw1, datatype: float64}
# - {name: swift_uvot_U, datatype: float64}
# - {name: swift_uvot_B, datatype: float64}
# - {name: swift_uvot_V, datatype: float64}
# - {name: swift_uvot_W, datatype: float64}
# - {name: johnson_U, datatype: float64}
# - {name: johnson_B, datatype: float64}
# - {name: johnson_V, datatype: float64}
# - {name: johnson_R, datatype: float64}
# - {name: johnson_I, datatype: float64}
# - {name: sdss_u, datatype: float64}
# - {name: sdss_g, datatype: float64}
# - {name: sdss_r, datatype: float64}
# - {name: sdss_i, datatype: float64}
# - {name: sdss_z, datatype: float64}
# - {name: PS1_g, datatype: float64}
# - {name: PS1_r, datatype: float64}
# - {name: PS1_i, datatype: float64}
# - {name: PS1_z, datatype: float64}
# - {name: PS1_Y, datatype: float64}
# - {name: PS1_w, datatype: float64}
# - {name: ATLAS_c, datatype: float64}
# - {name: ATLAS_o, datatype: float64}
# - {name: ukirt_J, datatype: float64}
# - {name: ukirt_H, datatype: float64}
# - {name: ukirt_K, datatype: float64}
# - {name: Clear, datatype: float64}
# meta: !!omap
# - comment: [kappa = 0.5, type = villar, mass = 0.1442699905917794, velocity = 0.43733333333333335, theta_obs = 0.0]
# schema: astropy-2.0
time swift_uvot_uvw2 swift_uvot_uvm2 swift_uvot_uvw1 swift_uvot_U swift_uvot_B swift_uvot_V swift_uvot_W johnson_U johnson_B johnson_V johnson_R johnson_I sdss_u sdss_g sdss_r sdss_i sdss_z PS1_g PS1_r PS1_i PS1_z PS1_Y PS1_w ATLAS_c ATLAS_o ukirt_J ukirt_H ukirt_K Clear
[from data line 143]
0.070868 -13.907 -14.042 -14.128 -14.224 -14.119 -13.926 -14.067 -14.215 -14.116 -13.917 -13.657 -13.321 -14.219 -14.061 -13.782 -13.531 -13.271 -14.05 -13.795 -13.544 -13.354 -13.274 -13.797 -13.954 -13.677 -12.71 -12.226 -11.646 -13.833
0.073012 -13.925 -14.064 -14.155 -14.26 -14.16 -13.969 -14.097 -14.251 -14.156 -13.961 -13.703 -13.369 -14.255 -14.103 -13.827 -13.577 -13.319 -14.092 -13.84 -13.591 -13.402 -13.321 -13.841 -13.997 -13.723 -12.761 -12.277 -11.698 -13.876
0.07522 -13.942 -14.086 -14.181 -14.295 -14.199 -14.012 -14.127 -14.287 -14.196 -14.004 -13.749 -13.417 -14.291 -14.144 -13.872 -13.624 -13.367 -14.133 -13.885 -13.638 -13.449 -13.368 -13.885 -14.04 -13.768 -12.811 -12.328 -11.75 -13.92
0.077495 -13.96 -14.108 -14.208 -14.33 -14.239 -14.056 -14.157 -14.323 -14.236 -14.048 -13.794 -13.464 -14.327 -14.185 -13.917 -13.671 -13.416 -14.174 -13.929 -13.684 -13.496 -13.415 -13.929 -14.082 -13.814 -12.861 -12.379 -11.802 -13.963
0.079839 -13.976 -14.129 -14.233 -14.365 -14.279 -14.099 -14.186 -14.359 -14.275 -14.091 -13.84 -13.512 -14.363 -14.225 -13.961 -13.717 -13.463 -14.216 -13.974 -13.73 -13.544 -13.462 -13.973 -14.124 -13.859 -12.911 -12.43 -11.854 -14.006
0.082253 -13.993 -14.15 -14.259 -14.4 -14.318 -14.142 -14.216 -14.394 -14.315 -14.134 -13.885 -13.56 -14.398 -14.266 -14.006 -13.764 -13.511 -14.256 -14.018 -13.777 -13.591 -13.509 -14.017 -14.167 -13.904 -12.961 -12.481 -11.906 -14.049
0.084741 -14.009 -14.17 -14.284 -14.434 -14.357 -14.184 -14.245 -14.429 -14.354 -14.176 -13.93 -13.607 -14.433 -14.306 -14.05 -13.81 -13.559 -14.297 -14.062 -13.823 -13.638 -13.556 -14.06 -14.209 -13.949 -13.011 -12.532 -11.958 -14.092
0.087304 -14.024 -14.19 -14.309 -14.468 -14.396 -14.227 -14.273 -14.464 -14.393 -14.219 -13.976 -13.654 -14.467 -14.346 -14.094 -13.856 -13.607 -14.338 -14.106 -13.869 -13.685 -13.603 -14.103 -14.25 -13.994 -13.06 -12.583 -12.01 -14.134
0.089944 -14.039 -14.209 -14.333 -14.501 -14.435 -14.269 -14.302 -14.499 -14.431 -14.262 -14.021 -13.702 -14.502 -14.386 -14.138 -13.903 -13.655 -14.378 -14.15 -13.915 -13.732 -13.65 -14.147 -14.292 -14.039 -13.11 -12.634 -12.062 -14.177
0.092665 -14.054 -14.228 -14.357 -14.535 -14.473 -14.311 -14.33 -14.533 -14.47 -14.304 -14.066 -13.749 -14.536 -14.426 -14.182 -13.949 -13.702 -14.418 -14.194 -13.96 -13.779 -13.697 -14.19 -14.334 -14.084 -13.16 -12.685 -12.114 -14.219
0.095467 -14.068 -14.247 -14.381 -14.568 -14.511 -14.354 -14.358 -14.567 -14.508 -14.346 -14.11 -13.796 -14.57 -14.466 -14.226 -13.994 -13.749 -14.458 -14.237 -14.006 -13.825 -13.743 -14.233 -14.375 -14.129 -13.209 -12.736 -12.165 -14.261
0.098355 -14.081 -14.265 -14.404 -14.601 -14.549 -14.395 -14.386 -14.601 -14.546 -14.388 -14.155 -13.843 -14.603 -14.505 -14.269 -14.04 -13.797 -14.498 -14.281 -14.052 -13.872 -13.79 -14.276 -14.416 -14.173 -13.259 -12.787 -12.217 -14.303
0.101329 -14.095 -14.283 -14.427 -14.633 -14.587 -14.437 -14.414 -14.634 -14.584 -14.43 -14.2 -13.89 -14.637 -14.544 -14.313 -14.086 -13.844 -14.538 -14.324 -14.097 -13.919 -13.836 -14.318 -14.457 -14.218 -13.308 -12.837 -12.269 -14.345
0.104394 -14.107 -14.3 -14.449 -14.666 -14.625 -14.479 -14.441 -14.667 -14.622 -14.471 -14.244 -13.937 -14.67 -14.583 -14.356 -14.131 -13.891 -14.577 -14.367 -14.143 -13.965 -13.883 -14.361 -14.498 -14.262 -13.358 -12.888 -12.32 -14.387
0.107551 -14.119 -14.316 -14.471 -14.698 -14.662 -14.52 -14.468 -14.7 -14.659 -14.513 -14.288 -13.983 -14.703 -14.622 -14.399 -14.177 -13.938 -14.616 -14.41 -14.188 -14.011 -13.929 -14.403 -14.538 -14.306 -13.407 -12.938 -12.372 -14.428
0.110804 -14.131 -14.333 -14.493 -14.729 -14.699 -14.561 -14.495 -14.733 -14.696 -14.554 -14.332 -14.03 -14.735 -14.66 -14.442 -14.222 -13.985 -14.655 -14.453 -14.233 -14.058 -13.976 -14.445 -14.579 -14.35 -13.456 -12.989 -12.424 -14.47
0.114155 -14.142 -14.348 -14.514 -14.761 -14.736 -14.602 -14.521 -14.765 -14.733 -14.595 -14.376 -14.077 -14.767 -14.699 -14.485 -14.267 -14.032 -14.694 -14.496 -14.278 -14.104 -14.022 -14.487 -14.619 -14.394 -13.506 -13.039 -12.475 -14.511
0.117608 -14.153 -14.363 -14.535 -14.792 -14.773 -14.643 -14.548 -14.797 -14.77 -14.636 -14.42 -14.123 -14.799 -14.737 -14.528 -14.312 -14.079 -14.733 -14.538 -14.323 -14.15 -14.068 -14.529 -14.659 -14.437 -13.555 -13.09 -12.527 -14.552
0.121165 -14.163 -14.378 -14.555 -14.823 -14.809 -14.684 -14.573 -14.829 -14.806 -14.677 -14.464 -14.169 -14.831 -14.775 -14.571 -14.357 -14.125 -14.771 -14.581 -14.368 -14.196 -14.114 -14.571 -14.699 -14.481 -13.604 -13.14 -12.578 -14.593
0.124829 -14.173 -14.392 -14.575 -14.853 -14.845 -14.724 -14.599 -14.86 -14.843 -14.717 -14.507 -14.215 -14.862 -14.813 -14.613 -14.402 -14.172 -14.809 -14.623 -14.412 -14.242 -14.16 -14.612 -14.739 -14.524 -13.653 -13.191 -12.629 -14.634
0.128605 -14.182 -14.406 -14.595 -14.883 -14.881 -14.765 -14.625 -14.892 -14.879 -14.758 -14.551 -14.261 -14.893 -14.85 -14.655 -14.447 -14.218 -14.847 -14.665 -14.457 -14.288 -14.206 -14.654 -14.778 -14.567 -13.702 -13.241 -12.681 -14.674
0.132494 -14.191 -14.419 -14.614 -14.913 -14.917 -14.805 -14.65 -14.922 -14.914 -14.798 -14.594 -14.307 -14.923 -14.887 -14.697 -14.491 -14.265 -14.885 -14.707 -14.501 -14.333 -14.252 -14.695 -14.817 -14.61 -13.751 -13.291 -12.732 -14.715
0.136502 -14.199 -14.432 -14.633 -14.942 -14.952 -14.845 -14.675 -14.953 -14.95 -14.838 -14.637 -14.353 -14.954 -14.924 -14.739 -14.536 -14.311 -14.923 -14.749 -14.546 -14.379 -14.298 -14.736 -14.856 -14.653 -13.799 -13.341 -12.783 -14.755
0.14063 -14.206 -14.444 -14.651 -14.971 -14.987 -14.884 -14.699 -14.983 -14.985 -14.878 -14.68 -14.399 -14.984 -14.961 -14.781 -14.58 -14.357 -14.96 -14.791 -14.59 -14.424 -14.343 -14.777 -14.895 -14.696 -13.848 -13.391 -12.834 -14.795
0.144883 -14.213 -14.455 -14.669 -15.0 -15.022 -14.924 -14.724 -15.013 -15.02 -14.917 -14.723 -14.444 -15.013 -14.997 -14.823 -14.624 -14.403 -14.997 -14.832 -14.634 -14.47 -14.389 -14.817 -14.934 -14.739 -13.897 -13.441 -12.886 -14.835
0.149265 -14.22 -14.466 -14.686 -15.028 -15.057 -14.963 -14.748 -15.042 -15.055 -14.957 -14.766 -14.49 -15.042 -15.034 -14.864 -14.668 -14.449 -15.034 -14.873 -14.677 -14.515 -14.434 -14.858 -14.972 -14.781 -13.945 -13.491 -12.937 -14.874
0.15378 -14.225 -14.477 -14.703 -15.057 -15.091 -15.002 -14.771 -15.071 -15.089 -14.996 -14.808 -14.535 -15.071 -15.07 -14.905 -14.712 -14.495 -15.07 -14.914 -14.721 -14.56 -14.48 -14.898 -15.01 -14.823 -13.994 -13.541 -12.988 -14.914
0.15843 -14.231 -14.486 -14.719 -15.084 -15.125 -15.041 -14.795 -15.1 -15.123 -15.035 -14.85 -14.58 -15.1 -15.105 -14.946 -14.756 -14.54 -15.107 -14.955 -14.765 -14.605 -14.525 -14.938 -15.048 -14.865 -14.042 -13.591 -13.039 -14.953
0.163222 -14.235 -14.496 -14.735 -15.111 -15.159 -15.08 -14.818 -15.129 -15.157 -15.074 -14.892 -14.626 -15.128 -15.141 -14.987 -14.799 -14.586 -15.143 -14.996 -14.808 -14.65 -14.57 -14.978 -15.086 -14.907 -14.09 -13.641 -13.09 -14.992
0.168159 -14.24 -14.504 -14.75 -15.138 -15.193 -15.118 -14.841 -15.157 -15.19 -15.112 -14.934 -14.67 -15.156 -15.176 -15.027 -14.843 -14.631 -15.179 -15.036 -14.851 -14.695 -14.615 -15.018 -15.124 -14.949 -14.138 -13.69 -13.141 -15.031
0.173245 -14.243 -14.512 -14.765 -15.165 -15.226 -15.156 -14.863 -15.184 -15.224 -15.15 -14.976 -14.715 -15.183 -15.211 -15.068 -14.886 -14.676 -15.214 -15.077 -14.895 -14.739 -14.66 -15.057 -15.161 -14.991 -14.186 -13.74 -13.191 -15.069
0.178484 -14.246 -14.52 -14.78 -15.191 -15.259 -15.194 -14.886 -15.212 -15.257 -15.188 -15.018 -14.76 -15.211 -15.246 -15.108 -14.929 -14.721 -15.25 -15.117 -14.938 -14.784 -14.705 -15.097 -15.198 -15.032 -14.234 -13.789 -13.242 -15.108
0.183882 -14.248 -14.526 -14.794 -15.217 -15.291 -15.232 -14.908 -15.239 -15.289 -15.226 -15.059 -14.804 -15.237 -15.28 -15.148 -14.972 -14.766 -15.285 -15.157 -14.98 -14.828 -14.75 -15.136 -15.235 -15.073 -14.282 -13.839 -13.293 -15.146
0.189444 -14.25 -14.533 -14.807 -15.242 -15.324 -15.269 -14.929 -15.265 -15.321 -15.264 -15.101 -14.849 -15.264 -15.314 -15.188 -15.015 -14.811 -15.319 -15.197 -15.023 -14.872 -14.795 -15.175 -15.271 -15.114 -14.33 -13.888 -13.344 -15.184
0.195173 -14.251 -14.538 -14.82 -15.267 -15.355 -15.307 -14.951 -15.291 -15.353 -15.301 -15.142 -14.893 -15.289 -15.348 -15.228 -15.057 -14.856 -15.354 -15.236 -15.065 -14.916 -14.839 -15.213 -15.307 -15.155 -14.378 -13.937 -13.394 -15.222
0.201076 -14.252 -14.543 -14.832 -15.292 -15.387 -15.344 -14.972 -15.317 -15.385 -15.338 -15.182 -14.937 -15.315 -15.382 -15.267 -15.099 -14.9 -15.388 -15.275 -15.108 -14.96 -14.884 -15.252 -15.344 -15.196 -14.425 -13.987 -13.445 -15.259
0.207158 -14.252 -14.547 -14.844 -15.316 -15.418 -15.38 -14.992 -15.342 -15.416 -15.375 -15.223 -14.981 -15.34 -15.415 -15.306 -15.142 -14.945 -15.422 -15.314 -15.15 -15.004 -14.928 -15.29 -15.379 -15.236 -14.473 -14.036 -13.495 -15.297
0.213423 -14.251 -14.551 -14.855 -15.339 -15.449 -15.417 -15.013 -15.367 -15.447 -15.412 -15.264 -15.025 -15.365 -15.448 -15.345 -15.184 -14.989 -15.456 -15.353 -15.192 -15.048 -14.973 -15.328 -15.415 -15.276 -14.52 -14.085 -13.546 -15.334
0.219878 -14.249 -14.553 -14.866 -15.362 -15.48 -15.453 -15.033 -15.392 -15.478 -15.448 -15.304 -15.069 -15.389 -15.48 -15.384 -15.226 -15.033 -15.489 -15.392 -15.234 -15.091 -15.017 -15.366 -15.45 -15.316 -14.567 -14.134 -13.596 -15.371
0.226528 -14.247 -14.555 -14.876 -15.385 -15.51 -15.489 -15.052 -15.416 -15.508 -15.484 -15.344 -15.112 -15.413 -15.513 -15.422 -15.267 -15.077 -15.522 -15.43 -15.275 -15.135 -15.061 -15.403 -15.485 -15.356 -14.615 -14.183 -13.646 -15.407
0.233379 -14.244 -14.557 -14.885 -15.407 -15.54 -15.525 -15.072 -15.439 -15.538 -15.52 -15.384 -15.155 -15.436 -15.545 -15.46 -15.309 -15.121 -15.555 -15.469 -15.317 -15.178 -15.104 -15.44 -15.52 -15.396 -14.662 -14.232 -13.697 -15.444
0.240437 -14.241 -14.557 -14.894 -15.429 -15.57 -15.56 -15.091 -15.463 -15.568 -15.555 -15.423 -15.198 -15.459 -15.576 -15.498 -15.35 -15.164 -15.587 -15.506 -15.358 -15.221 -15.148 -15.477 -15.554 -15.435 -14.709 -14.28 -13.747 -15.48
0.247709 -14.236 -14.557 -14.902 -15.45 -15.599 -15.595 -15.109 -15.485 -15.597 -15.59 -15.463 -15.241 -15.481 -15.607 -15.536 -15.391 -15.208 -15.619 -15.544 -15.399 -15.264 -15.192 -15.514 -15.588 -15.474 -14.755 -14.329 -13.797 -15.516
0.255201 -14.231 -14.556 -14.91 -15.471 -15.628 -15.63 -15.128 -15.507 -15.626 -15.625 -15.502 -15.284 -15.503 -15.638 -15.574 -15.432 -15.251 -15.651 -15.582 -15.44 -15.306 -15.235 -15.551 -15.622 -15.513 -14.802 -14.377 -13.847 -15.551
0.262919 -14.226 -14.555 -14.917 -15.492 -15.656 -15.664 -15.146 -15.529 -15.655 -15.66 -15.541 -15.327 -15.524 -15.669 -15.611 -15.473 -15.294 -15.682 -15.619 -15.48 -15.349 -15.278 -15.587 -15.655 -15.552 -14.849 -14.426 -13.897 -15.586
0.270871 -14.219 -14.552 -14.923 -15.511 -15.684 -15.698 -15.163 -15.55 -15.683 -15.694 -15.579 -15.369 -15.545 -15.699 -15.648 -15.513 -15.337 -15.713 -15.656 -15.521 -15.391 -15.322 -15.623 -15.688 -15.59 -14.895 -14.474 -13.947 -15.622
0.279064 -14.212 -14.549 -14.929 -15.531 -15.711 -15.732 -15.18 -15.571 -15.71 -15.728 -15.618 -15.411 -15.566 -15.729 -15.684 -15.553 -15.38 -15.744 -15.692 -15.561 -15.433 -15.365 -15.659 -15.721 -15.628 -14.942 -14.522 -13.996 -15.656
0.287504 -14.204 -14.545 -14.934 -15.549 -15.739 -15.766 -15.197 -15.591 -15.737 -15.762 -15.656 -15.453 -15.585 -15.758 -15.721 -15.593 -15.422 -15.774 -15.729 -15.601 -15.475 -15.407 -15.694 -15.754 -15.666 -14.988 -14.571 -14.046 -15.691
0.296199 -14.195 -14.54 -14.938 -15.567 -15.765 -15.799 -15.214 -15.611 -15.764 -15.795 -15.694 -15.495 -15.605 -15.787 -15.757 -15.633 -15.465 -15.804 -15.765 -15.64 -15.517 -15.45 -15.729 -15.786 -15.704 -15.034 -14.619 -14.096 -15.725
0.305157 -14.186 -14.534 -14.942 -15.585 -15.792 -15.832 -15.23 -15.63 -15.791 -15.828 -15.732 -15.537 -15.624 -15.816 -15.793 -15.672 -15.507 -15.834 -15.8 -15.68 -15.559 -15.492 -15.764 -15.817 -15.741 -15.08 -14.667 -14.145 -15.759
0.314387 -14.175 -14.527 -14.945 -15.602 -15.817 -15.864 -15.245 -15.649 -15.816 -15.861 -15.769 -15.578 -15.642 -15.844 -15.828 -15.712 -15.549 -15.863 -15.836 -15.719 -15.6 -15.535 -15.799 -15.849 -15.778 -15.125 -14.714 -14.195 -15.793
0.323895 -14.164 -14.52 -14.947 -15.619 -15.843 -15.896 -15.26 -15.667 -15.842 -15.893 -15.806 -15.619 -15.659 -15.872 -15.863 -15.751 -15.591 -15.892 -15.871 -15.758 -15.641 -15.577 -15.833 -15.88 -15.815 -15.171 -14.762 -14.244 -15.826
0.333691 -14.152 -14.511 -14.948 -15.634 -15.868 -15.928 -15.275 -15.684 -15.867 -15.925 -15.843 -15.66 -15.676 -15.899 -15.898 -15.789 -15.632 -15.92 -15.906 -15.797 -15.682 -15.619 -15.867 -15.91 -15.852 -15.217 -14.81 -14.293 -15.859
0.343783 -14.139 -14.502 -14.949 -15.65 -15.892 -15.959 -15.289 -15.701 -15.891 -15.956 -15.879 -15.701 -15.693 -15.926 -15.933 -15.828 -15.674 -15.948 -15.94 -15.835 -15.723 -15.661 -15.9 -15.941 -15.888 -15.262 -14.857 -14.343 -15.891
0.354181 -14.126 -14.491 -14.949 -15.664 -15.916 -15.99 -15.303 -15.717 -15.915 -15.987 -15.916 -15.742 -15.709 -15.953 -15.967 -15.866 -15.715 -15.975 -15.975 -15.874 -15.763 -15.702 -15.934 -15.971 -15.924 -15.307 -14.904 -14.392 -15.924
0.364893 -14.111 -14.48 -14.948 -15.678 -15.939 -16.021 -15.317 -15.733 -15.939 -16.018 -15.952 -15.782 -15.724 -15.979 -16.001 -15.904 -15.756 -16.002 -16.008 -15.912 -15.803 -15.744 -15.967 -16.0 -15.959 -15.352 -14.952 -14.441 -15.956
0.375929 -14.095 -14.467 -14.946 -15.691 -15.962 -16.051 -15.33 -15.748 -15.962 -16.048 -15.987 -15.822 -15.738 -16.004 -16.034 -15.942 -15.796 -16.029 -16.042 -15.949 -15.843 -15.785 -15.999 -16.029 -15.995 -15.397 -14.999 -14.489 -15.987
0.387298 -14.079 -14.454 -14.944 -15.704 -15.984 -16.081 -15.342 -15.762 -15.984 -16.078 -16.022 -15.862 -15.752 -16.029 -16.067 -15.979 -15.837 -16.055 -16.075 -15.987 -15.883 -15.826 -16.031 -16.058 -16.029 -15.442 -15.046 -14.538 -16.019
0.399012 -14.062 -14.439 -14.94 -15.715 -16.006 -16.11 -15.354 -15.775 -16.006 -16.108 -16.057 -15.901 -15.765 -16.054 -16.1 -16.016 -15.877 -16.08 -16.108 -16.024 -15.923 -15.866 -16.063 -16.086 -16.064 -15.486 -15.092 -14.587 -16.049
0.41108 -14.043 -14.423 -14.936 -15.727 -16.027 -16.139 -15.365 -15.788 -16.027 -16.137 -16.092 -15.94 -15.778 -16.078 -16.132 -16.053 -15.917 -16.106 -16.14 -16.06 -15.962 -15.907 -16.095 -16.114 -16.098 -15.53 -15.139 -14.635 -16.08
0.423513 -14.024 -14.406 -14.93 -15.737 -16.048 -16.167 -15.376 -15.8 -16.048 -16.165 -16.126 -15.979 -15.789 -16.101 -16.164 -16.089 -15.956 -16.13 -16.172 -16.097 -16.001 -15.947 -16.126 -16.141 -16.132 -15.574 -15.185 -14.684 -16.11
0.436321 -14.004 -14.388 -14.924 -15.746 -16.068 -16.195 -15.387 -15.812 -16.068 -16.193 -16.16 -16.018 -15.8 -16.124 -16.196 -16.125 -15.995 -16.154 -16.203 -16.133 -16.04 -15.987 -16.156 -16.168 -16.166 -15.618 -15.232 -14.732 -16.14
0.449518 -13.982 -14.369 -14.917 -15.755 -16.087 -16.222 -15.397 -15.822 -16.088 -16.221 -16.193 -16.056 -15.81 -16.146 -16.227 -16.161 -16.034 -16.178 -16.235 -16.169 -16.078 -16.027 -16.186 -16.194 -16.199 -15.662 -15.278 -14.78 -16.169
0.463113 -13.96 -14.349 -14.909 -15.763 -16.106 -16.249 -15.406 -15.832 -16.106 -16.248 -16.226 -16.094 -15.819 -16.168 -16.257 -16.196 -16.073 -16.2 -16.265 -16.204 -16.116 -16.066 -16.216 -16.219 -16.231 -15.705 -15.324 -14.828 -16.198
0.47712 -13.937 -14.327 -14.9 -15.77 -16.124 -16.276 -15.415 -15.841 -16.125 -16.275 -16.259 -16.132 -15.828 -16.189 -16.288 -16.231 -16.112 -16.223 -16.295 -16.239 -16.154 -16.105 -16.246 -16.245 -16.264 -15.749 -15.37 -14.876 -16.226
0.49155 -13.912 -14.304 -14.889 -15.776 -16.141 -16.301 -15.423 -15.849 -16.142 -16.301 -16.291 -16.17 -15.836 -16.209 -16.317 -16.266 -16.15 -16.244 -16.325 -16.274 -16.191 -16.144 -16.274 -16.269 -16.295 -15.792 -15.415 -14.924 -16.254
0.506416 -13.886 -14.279 -14.878 -15.782 -16.158 -16.327 -15.43 -15.857 -16.159 -16.326 -16.323 -16.207 -15.842 -16.229 -16.347 -16.3 -16.187 -16.266 -16.354 -16.308 -16.228 -16.183 -16.303 -16.293 -16.327 -15.834 -15.461 -14.971 -16.281
