web/models/kne.last_good/kappa_1_10/8/villar_0.0035_0.4843_1.0000.dat
# %ECSV 1.0
# ---
# datatype:
# - {name: time, datatype: float64}
# - {name: swift_uvot_uvw2, datatype: float64}
# - {name: swift_uvot_uvm2, datatype: float64}
# - {name: swift_uvot_uvw1, datatype: float64}
# - {name: swift_uvot_U, datatype: float64}
# - {name: swift_uvot_B, datatype: float64}
# - {name: swift_uvot_V, datatype: float64}
# - {name: swift_uvot_W, datatype: float64}
# - {name: johnson_U, datatype: float64}
# - {name: johnson_B, datatype: float64}
# - {name: johnson_V, datatype: float64}
# - {name: johnson_R, datatype: float64}
# - {name: johnson_I, datatype: float64}
# - {name: sdss_u, datatype: float64}
# - {name: sdss_g, datatype: float64}
# - {name: sdss_r, datatype: float64}
# - {name: sdss_i, datatype: float64}
# - {name: sdss_z, datatype: float64}
# - {name: PS1_g, datatype: float64}
# - {name: PS1_r, datatype: float64}
# - {name: PS1_i, datatype: float64}
# - {name: PS1_z, datatype: float64}
# - {name: PS1_Y, datatype: float64}
# - {name: PS1_w, datatype: float64}
# - {name: ATLAS_c, datatype: float64}
# - {name: ATLAS_o, datatype: float64}
# - {name: ukirt_J, datatype: float64}
# - {name: ukirt_H, datatype: float64}
# - {name: ukirt_K, datatype: float64}
# - {name: Clear, datatype: float64}
# meta: !!omap
# - comment: [kappa = 1.0, type = villar, mass = 0.003465724215782086, velocity = 0.48433333333333334, theta_obs = 0.0]
# schema: astropy-2.0
time swift_uvot_uvw2 swift_uvot_uvm2 swift_uvot_uvw1 swift_uvot_U swift_uvot_B swift_uvot_V swift_uvot_W johnson_U johnson_B johnson_V johnson_R johnson_I sdss_u sdss_g sdss_r sdss_i sdss_z PS1_g PS1_r PS1_i PS1_z PS1_Y PS1_w ATLAS_c ATLAS_o ukirt_J ukirt_H ukirt_K Clear
[from data line 146]
0.077495 -10.229 -10.619 -11.189 -12.056 -12.408 -12.558 -11.7 -12.127 -12.409 -12.557 -12.54 -12.412 -12.114 -12.472 -12.569 -12.512 -12.392 -12.506 -12.577 -12.52 -12.434 -12.385 -12.527 -12.527 -12.545 -12.028 -11.648 -11.154 -12.508
0.079839 -10.209 -10.601 -11.183 -12.066 -12.428 -12.586 -11.712 -12.138 -12.429 -12.585 -12.574 -12.451 -12.125 -12.495 -12.601 -12.548 -12.431 -12.53 -12.609 -12.556 -12.473 -12.426 -12.558 -12.554 -12.579 -12.072 -11.695 -11.203 -12.538
0.082253 -10.189 -10.582 -11.176 -12.075 -12.447 -12.614 -11.723 -12.149 -12.448 -12.613 -12.608 -12.49 -12.135 -12.518 -12.632 -12.584 -12.471 -12.554 -12.64 -12.592 -12.512 -12.466 -12.589 -12.581 -12.612 -12.116 -11.742 -11.252 -12.568
0.084741 -10.168 -10.562 -11.168 -12.083 -12.466 -12.641 -11.733 -12.159 -12.468 -12.64 -12.641 -12.528 -12.144 -12.54 -12.663 -12.62 -12.51 -12.577 -12.671 -12.628 -12.55 -12.506 -12.619 -12.607 -12.645 -12.16 -11.788 -11.3 -12.597
0.087304 -10.146 -10.54 -11.16 -12.09 -12.484 -12.667 -11.743 -12.168 -12.486 -12.667 -12.674 -12.567 -12.153 -12.561 -12.694 -12.655 -12.548 -12.6 -12.702 -12.663 -12.588 -12.545 -12.649 -12.632 -12.678 -12.204 -11.834 -11.348 -12.626
0.089944 -10.123 -10.518 -11.15 -12.097 -12.502 -12.694 -11.752 -12.177 -12.504 -12.694 -12.707 -12.604 -12.161 -12.582 -12.724 -12.69 -12.587 -12.622 -12.732 -12.698 -12.626 -12.585 -12.678 -12.657 -12.71 -12.247 -11.88 -11.397 -12.654
0.092665 -10.099 -10.494 -11.139 -12.102 -12.519 -12.719 -11.761 -12.184 -12.521 -12.719 -12.739 -12.642 -12.168 -12.602 -12.753 -12.725 -12.625 -12.643 -12.761 -12.733 -12.664 -12.624 -12.707 -12.682 -12.742 -12.29 -11.926 -11.445 -12.682
0.095467 -10.074 -10.468 -11.128 -12.107 -12.535 -12.744 -11.769 -12.191 -12.537 -12.745 -12.771 -12.679 -12.174 -12.622 -12.782 -12.759 -12.663 -12.664 -12.791 -12.767 -12.701 -12.663 -12.735 -12.706 -12.773 -12.333 -11.972 -11.493 -12.71
0.098355 -10.048 -10.442 -11.115 -12.111 -12.551 -12.769 -11.776 -12.197 -12.553 -12.769 -12.802 -12.716 -12.18 -12.64 -12.811 -12.793 -12.7 -12.684 -12.819 -12.801 -12.738 -12.701 -12.763 -12.729 -12.804 -12.376 -12.018 -11.54 -12.737
0.101329 -10.02 -10.414 -11.101 -12.114 -12.566 -12.792 -11.783 -12.202 -12.568 -12.793 -12.833 -12.752 -12.184 -12.659 -12.839 -12.826 -12.738 -12.704 -12.847 -12.834 -12.774 -12.739 -12.791 -12.752 -12.834 -12.419 -12.063 -11.588 -12.764
0.104394 -9.992 -10.385 -11.086 -12.116 -12.58 -12.816 -11.79 -12.206 -12.582 -12.817 -12.864 -12.788 -12.187 -12.676 -12.867 -12.859 -12.775 -12.723 -12.875 -12.868 -12.81 -12.777 -12.818 -12.774 -12.864 -12.461 -12.108 -11.636 -12.79
0.107551 -9.963 -10.354 -11.07 -12.117 -12.593 -12.838 -11.795 -12.209 -12.596 -12.84 -12.894 -12.824 -12.19 -12.693 -12.894 -12.892 -12.811 -12.741 -12.902 -12.9 -12.846 -12.815 -12.844 -12.795 -12.894 -12.503 -12.153 -11.683 -12.815
0.110804 -9.933 -10.322 -11.053 -12.117 -12.605 -12.86 -11.8 -12.211 -12.608 -12.862 -12.923 -12.859 -12.191 -12.709 -12.92 -12.924 -12.847 -12.758 -12.929 -12.932 -12.882 -12.852 -12.87 -12.816 -12.923 -12.545 -12.198 -11.73 -12.84
0.114155 -9.901 -10.288 -11.034 -12.115 -12.617 -12.882 -11.804 -12.213 -12.62 -12.884 -12.952 -12.894 -12.192 -12.724 -12.946 -12.955 -12.883 -12.775 -12.955 -12.964 -12.917 -12.889 -12.895 -12.836 -12.951 -12.586 -12.242 -11.777 -12.865
0.117608 -9.869 -10.252 -11.014 -12.113 -12.628 -12.902 -11.808 -12.213 -12.631 -12.905 -12.98 -12.929 -12.191 -12.739 -12.972 -12.986 -12.918 -12.791 -12.98 -12.995 -12.951 -12.926 -12.92 -12.856 -12.979 -12.627 -12.287 -11.824 -12.889
0.121165 -9.835 -10.215 -10.993 -12.11 -12.638 -12.922 -11.811 -12.212 -12.641 -12.925 -13.008 -12.963 -12.19 -12.752 -12.996 -13.017 -12.953 -12.806 -13.005 -13.026 -12.985 -12.962 -12.944 -12.875 -13.007 -12.668 -12.331 -11.87 -12.912
0.124829 -9.801 -10.176 -10.971 -12.105 -12.647 -12.942 -11.813 -12.21 -12.65 -12.945 -13.035 -12.997 -12.187 -12.765 -13.02 -13.047 -12.987 -12.821 -13.029 -13.056 -13.019 -12.998 -12.968 -12.893 -13.033 -12.709 -12.375 -11.917 -12.935
0.128605 -9.765 -10.136 -10.947 -12.1 -12.654 -12.96 -11.814 -12.206 -12.659 -12.963 -13.062 -13.03 -12.183 -12.777 -13.044 -13.077 -13.021 -12.834 -13.053 -13.086 -13.052 -13.033 -12.99 -12.91 -13.06 -12.749 -12.418 -11.963 -12.957
0.132494 -9.727 -10.093 -10.921 -12.093 -12.661 -12.978 -11.814 -12.202 -12.666 -12.981 -13.088 -13.062 -12.177 -12.788 -13.066 -13.106 -13.055 -12.847 -13.076 -13.115 -13.085 -13.068 -13.013 -12.927 -13.085 -12.789 -12.461 -12.009 -12.979
0.136502 -9.689 -10.049 -10.895 -12.084 -12.667 -12.995 -11.814 -12.196 -12.672 -12.998 -13.114 -13.095 -12.171 -12.798 -13.088 -13.134 -13.088 -12.859 -13.098 -13.144 -13.118 -13.102 -13.034 -12.942 -13.11 -12.829 -12.505 -12.055 -12.999
0.14063 -9.65 -10.002 -10.866 -12.075 -12.672 -13.01 -11.812 -12.189 -12.677 -13.015 -13.138 -13.126 -12.163 -12.807 -13.11 -13.162 -13.121 -12.87 -13.119 -13.171 -13.149 -13.136 -13.055 -12.957 -13.134 -12.868 -12.547 -12.1 -13.019
0.144883 -9.609 -9.954 -10.836 -12.064 -12.676 -13.025 -11.81 -12.18 -12.681 -13.03 -13.162 -13.157 -12.153 -12.815 -13.13 -13.189 -13.153 -12.879 -13.14 -13.199 -13.18 -13.17 -13.075 -12.971 -13.158 -12.907 -12.59 -12.146 -13.039
0.149265 -9.567 -9.903 -10.804 -12.051 -12.678 -13.04 -11.806 -12.171 -12.684 -13.045 -13.186 -13.188 -12.143 -12.822 -13.15 -13.215 -13.184 -12.888 -13.159 -13.225 -13.211 -13.203 -13.094 -12.984 -13.181 -12.945 -12.632 -12.191 -13.058
0.15378 -9.524 -9.85 -10.771 -12.037 -12.68 -13.053 -11.802 -12.159 -12.686 -13.058 -13.208 -13.218 -12.13 -12.828 -13.168 -13.241 -13.215 -12.896 -13.178 -13.251 -13.241 -13.236 -13.113 -12.996 -13.203 -12.983 -12.674 -12.236 -13.075
0.15843 -9.48 -9.795 -10.736 -12.021 -12.68 -13.065 -11.796 -12.146 -12.686 -13.071 -13.23 -13.247 -12.117 -12.833 -13.186 -13.266 -13.245 -12.903 -13.196 -13.277 -13.271 -13.267 -13.131 -13.007 -13.224 -13.021 -12.715 -12.28 -13.092
0.163222 -9.434 -9.737 -10.698 -12.004 -12.678 -13.076 -11.79 -12.132 -12.685 -13.082 -13.251 -13.276 -12.101 -12.836 -13.203 -13.29 -13.275 -12.908 -13.214 -13.301 -13.299 -13.299 -13.147 -13.017 -13.244 -13.058 -12.756 -12.324 -13.109
0.168159 -9.387 -9.677 -10.659 -11.985 -12.676 -13.086 -11.782 -12.116 -12.683 -13.092 -13.271 -13.304 -12.084 -12.838 -13.219 -13.314 -13.304 -12.912 -13.23 -13.325 -13.327 -13.33 -13.163 -13.026 -13.264 -13.094 -12.797 -12.368 -13.124
0.173245 -9.339 -9.614 -10.618 -11.964 -12.672 -13.094 -11.773 -12.098 -12.679 -13.102 -13.29 -13.331 -12.065 -12.839 -13.234 -13.337 -13.332 -12.915 -13.245 -13.347 -13.355 -13.36 -13.178 -13.034 -13.282 -13.13 -12.837 -12.412 -13.138
0.178484 -9.29 -9.548 -10.575 -11.941 -12.666 -13.102 -11.763 -12.078 -12.674 -13.11 -13.308 -13.357 -12.044 -12.838 -13.248 -13.358 -13.359 -12.917 -13.259 -13.369 -13.381 -13.389 -13.192 -13.04 -13.3 -13.166 -12.877 -12.455 -13.152
0.183882 -9.24 -9.479 -10.529 -11.916 -12.659 -13.108 -11.751 -12.056 -12.667 -13.116 -13.326 -13.383 -12.021 -12.836 -13.261 -13.379 -13.386 -12.917 -13.272 -13.391 -13.407 -13.418 -13.205 -13.045 -13.316 -13.201 -12.917 -12.498 -13.164
0.189444 -9.188 -9.408 -10.481 -11.889 -12.65 -13.113 -11.738 -12.032 -12.658 -13.122 -13.342 -13.408 -11.996 -12.833 -13.272 -13.399 -13.412 -12.916 -13.284 -13.411 -13.432 -13.446 -13.216 -13.049 -13.332 -13.236 -12.956 -12.541 -13.175
0.195173 -9.135 -9.333 -10.431 -11.86 -12.639 -13.117 -11.724 -12.007 -12.648 -13.126 -13.357 -13.432 -11.969 -12.827 -13.283 -13.418 -13.437 -12.913 -13.294 -13.43 -13.456 -13.473 -13.227 -13.052 -13.346 -13.269 -12.994 -12.583 -13.186
0.201076 -9.082 -9.255 -10.378 -11.829 -12.626 -13.119 -11.708 -11.978 -12.636 -13.128 -13.371 -13.455 -11.94 -12.821 -13.292 -13.436 -13.461 -12.909 -13.304 -13.448 -13.48 -13.5 -13.236 -13.053 -13.359 -13.303 -13.032 -12.625 -13.195
0.207158 -9.027 -9.173 -10.323 -11.795 -12.612 -13.119 -11.691 -11.948 -12.622 -13.129 -13.383 -13.477 -11.908 -12.812 -13.299 -13.452 -13.485 -12.903 -13.312 -13.465 -13.502 -13.526 -13.244 -13.052 -13.371 -13.335 -13.07 -12.666 -13.203
0.213423 -8.971 -9.088 -10.265 -11.759 -12.595 -13.118 -11.671 -11.915 -12.606 -13.129 -13.395 -13.498 -11.874 -12.801 -13.306 -13.468 -13.507 -12.895 -13.318 -13.481 -13.523 -13.55 -13.251 -13.05 -13.382 -13.367 -13.106 -12.707 -13.209
0.219878 -8.915 -8.998 -10.203 -11.72 -12.577 -13.115 -11.65 -11.88 -12.588 -13.126 -13.405 -13.518 -11.837 -12.789 -13.31 -13.482 -13.528 -12.885 -13.323 -13.495 -13.544 -13.574 -13.256 -13.046 -13.391 -13.398 -13.143 -12.748 -13.214
0.226528 -8.857 -8.905 -10.139 -11.678 -12.556 -13.11 -11.627 -11.842 -12.568 -13.122 -13.414 -13.537 -11.798 -12.774 -13.314 -13.495 -13.548 -12.874 -13.327 -13.508 -13.563 -13.597 -13.26 -13.04 -13.399 -13.428 -13.179 -12.788 -13.218
0.233379 -8.799 -8.807 -10.072 -11.633 -12.533 -13.103 -11.603 -11.801 -12.545 -13.116 -13.421 -13.555 -11.755 -12.758 -13.315 -13.507 -13.567 -12.86 -13.329 -13.52 -13.581 -13.619 -13.263 -13.033 -13.406 -13.458 -13.214 -12.827 -13.221
0.240437 -8.741 -8.705 -10.001 -11.585 -12.507 -13.095 -11.576 -11.757 -12.52 -13.108 -13.427 -13.572 -11.71 -12.739 -13.315 -13.517 -13.585 -12.844 -13.329 -13.531 -13.597 -13.639 -13.263 -13.023 -13.411 -13.487 -13.248 -12.866 -13.221
0.247709 -8.681 -8.598 -9.927 -11.534 -12.478 -13.084 -11.547 -11.709 -12.492 -13.098 -13.431 -13.587 -11.661 -12.717 -13.313 -13.525 -13.602 -12.826 -13.327 -13.54 -13.613 -13.659 -13.262 -13.012 -13.414 -13.514 -13.282 -12.905 -13.22
0.255201 -8.622 -8.487 -9.849 -11.479 -12.447 -13.071 -11.515 -11.659 -12.461 -13.086 -13.433 -13.601 -11.609 -12.693 -13.308 -13.532 -13.617 -12.805 -13.324 -13.547 -13.626 -13.677 -13.259 -12.998 -13.415 -13.541 -13.315 -12.942 -13.218
0.262919 -8.563 -8.369 -9.767 -11.42 -12.413 -13.055 -11.481 -11.604 -12.428 -13.071 -13.433 -13.613 -11.553 -12.666 -13.302 -13.538 -13.63 -12.782 -13.318 -13.553 -13.639 -13.694 -13.254 -12.981 -13.414 -13.567 -13.347 -12.979 -13.213
0.270871 -8.503 -8.247 -9.681 -11.358 -12.375 -13.037 -11.445 -11.546 -12.391 -13.054 -13.431 -13.624 -11.493 -12.636 -13.294 -13.541 -13.643 -12.756 -13.31 -13.557 -13.65 -13.709 -13.247 -12.963 -13.412 -13.591 -13.378 -13.016 -13.207
0.279064 -8.444 -8.118 -9.591 -11.291 -12.335 -13.016 -11.406 -11.484 -12.351 -13.034 -13.428 -13.633 -11.429 -12.604 -13.283 -13.542 -13.653 -12.727 -13.3 -13.558 -13.659 -13.723 -13.238 -12.941 -13.407 -13.615 -13.408 -13.052 -13.199
0.287504 -8.385 -7.983 -9.496 -11.22 -12.29 -12.993 -11.364 -11.418 -12.308 -13.011 -13.422 -13.64 -11.361 -12.568 -13.269 -13.542 -13.662 -12.695 -13.287 -13.558 -13.667 -13.736 -13.226 -12.917 -13.4 -13.637 -13.437 -13.087 -13.188
0.296199 -8.326 -7.841 -9.396 -11.145 -12.242 -12.966 -11.319 -11.347 -12.261 -12.986 -13.414 -13.645 -11.288 -12.528 -13.253 -13.539 -13.669 -12.66 -13.271 -13.556 -13.672 -13.746 -13.213 -12.89 -13.391 -13.658 -13.466 -13.121 -13.175
0.305157 -8.269 -7.693 -9.292 -11.064 -12.19 -12.936 -11.27 -11.272 -12.21 -12.957 -13.403 -13.649 -11.21 -12.485 -13.235 -13.534 -13.674 -12.621 -13.253 -13.551 -13.676 -13.755 -13.196 -12.86 -13.379 -13.677 -13.493 -13.154 -13.16
0.314387 -8.212 -7.537 -9.182 -10.978 -12.134 -12.902 -11.218 -11.191 -12.155 -12.924 -13.389 -13.65 -11.127 -12.438 -13.213 -13.526 -13.677 -12.579 -13.232 -13.544 -13.677 -13.762 -13.177 -12.826 -13.364 -13.695 -13.519 -13.186 -13.142
0.323895 -8.157 -7.373 -9.066 -10.886 -12.073 -12.865 -11.163 -11.105 -12.095 -12.888 -13.373 -13.649 -11.038 -12.387 -13.187 -13.516 -13.678 -12.533 -13.208 -13.534 -13.676 -13.768 -13.154 -12.789 -13.347 -13.711 -13.544 -13.218 -13.122
0.333691 -8.103 -7.201 -8.945 -10.789 -12.007 -12.824 -11.104 -11.013 -12.031 -12.848 -13.354 -13.646 -10.944 -12.331 -13.159 -13.503 -13.676 -12.483 -13.18 -13.522 -13.673 -13.77 -13.129 -12.747 -13.326 -13.726 -13.567 -13.248 -13.098
0.343783 -8.05 -7.02 -8.817 -10.684 -11.936 -12.779 -11.04 -10.914 -11.961 -12.805 -13.331 -13.64 -10.843 -12.271 -13.127 -13.487 -13.672 -12.428 -13.149 -13.506 -13.667 -13.771 -13.1 -12.702 -13.303 -13.739 -13.589 -13.277 -13.072
0.354181 -7.998 -6.83 -8.683 -10.573 -11.86 -12.729 -10.973 -10.81 -11.886 -12.756 -13.305 -13.631 -10.735 -12.206 -13.09 -13.467 -13.665 -12.369 -13.114 -13.488 -13.658 -13.769 -13.068 -12.653 -13.275 -13.75 -13.609 -13.305 -13.042
0.364893 -7.949 -6.631 -8.541 -10.455 -11.778 -12.675 -10.9 -10.698 -11.805 -12.703 -13.275 -13.619 -10.62 -12.135 -13.05 -13.444 -13.655 -12.305 -13.074 -13.465 -13.647 -13.765 -13.032 -12.599 -13.244 -13.759 -13.628 -13.332 -13.009
0.375929 -7.9 -6.421 -8.393 -10.329 -11.689 -12.615 -10.823 -10.578 -11.718 -12.645 -13.242 -13.604 -10.498 -12.058 -13.005 -13.418 -13.642 -12.235 -13.031 -13.44 -13.632 -13.757 -12.992 -12.539 -13.209 -13.765 -13.646 -13.358 -12.973
0.387298 -7.853 -6.2 -8.236 -10.194 -11.594 -12.55 -10.74 -10.45 -11.625 -12.581 -13.204 -13.586 -10.367 -11.975 -12.955 -13.387 -13.626 -12.16 -12.982 -13.41 -13.614 -13.747 -12.947 -12.475 -13.169 -13.77 -13.661 -13.382 -12.932
0.399012 -7.808 -5.968 -8.072 -10.051 -11.491 -12.478 -10.652 -10.314 -11.524 -12.512 -13.161 -13.564 -10.227 -11.886 -12.9 -13.352 -13.606 -12.079 -12.929 -13.376 -13.592 -13.733 -12.898 -12.405 -13.125 -13.771 -13.674 -13.404 -12.887
0.41108 -7.763 -5.725 -7.899 -9.897 -11.38 -12.401 -10.557 -10.168 -11.415 -12.436 -13.114 -13.538 -10.077 -11.789 -12.84 -13.313 -13.583 -11.991 -12.87 -13.337 -13.566 -13.716 -12.844 -12.328 -13.076 -13.77 -13.685 -13.425 -12.838
0.423513 -7.72 -5.469 -7.716 -9.733 -11.262 -12.316 -10.457 -10.012 -11.299 -12.354 -13.061 -13.508 -9.918 -11.685 -12.773 -13.268 -13.555 -11.896 -12.805 -13.294 -13.536 -13.695 -12.784 -12.246 -13.022 -13.766 -13.694 -13.444 -12.784
0.436321 -7.677 -5.202 -7.524 -9.558 -11.134 -12.225 -10.349 -9.845 -11.173 -12.264 -13.003 -13.474 -9.747 -11.572 -12.7 -13.219 -13.523 -11.795 -12.734 -13.245 -13.501 -13.671 -12.719 -12.156 -12.962 -13.759 -13.701 -13.462 -12.726
0.449518 -7.635 -4.924 -7.322 -9.371 -10.996 -12.125 -10.234 -9.667 -11.038 -12.167 -12.939 -13.434 -9.564 -11.451 -12.621 -13.163 -13.485 -11.685 -12.657 -13.191 -13.462 -13.641 -12.648 -12.058 -12.896 -13.748 -13.705 -13.477 -12.662
0.463113 -7.592 -4.635 -7.109 -9.171 -10.848 -12.016 -10.111 -9.476 -10.893 -12.061 -12.868 -13.39 -9.368 -11.32 -12.533 -13.101 -13.443 -11.567 -12.571 -13.131 -13.417 -13.607 -12.57 -11.952 -12.823 -13.734 -13.706 -13.49 -12.592
0.47712 -7.55 -4.337 -6.884 -8.957 -10.688 -11.898 -9.979 -9.271 -10.736 -11.946 -12.79 -13.339 -9.158 -11.178 -12.437 -13.033 -13.395 -11.44 -12.479 -13.063 -13.366 -13.568 -12.484 -11.838 -12.743 -13.716 -13.704 -13.501 -12.517
0.49155 -7.506 -4.032 -6.648 -8.727 -10.516 -11.771 -9.839 -9.052 -10.568 -11.821 -12.704 -13.283 -8.933 -11.025 -12.333 -12.957 -13.341 -11.304 -12.377 -12.989 -13.309 -13.524 -12.391 -11.714 -12.655 -13.693 -13.698 -13.509 -12.435
0.506416 -7.461 -3.725 -6.398 -8.481 -10.331 -11.632 -9.688 -8.816 -10.386 -11.686 -12.61 -13.219 -8.692 -10.86 -12.219 -12.873 -13.281 -11.158 -12.267 -12.907 -13.245 -13.473 -12.29 -11.579 -12.558 -13.666 -13.689 -13.514 -12.346
0.521733 -7.414 -3.42 -6.135 -8.217 -10.131 -11.481 -9.528 -8.564 -10.191 -11.539 -12.507 -13.149 -8.433 -10.682 -12.095 -12.781 -13.213 -11.001 -12.146 -12.817 -13.174 -13.416 -12.179 -11.434 -12.453 -13.633 -13.676 -13.517 -12.25
0.537512 -7.365 -3.124 -5.857 -7.933 -9.916 -11.317 -9.356 -8.292 -9.98 -11.379 -12.394 -13.07 -8.155 -10.49 -11.959 -12.679 -13.137 -10.834 -12.015 -12.717 -13.095 -13.352 -12.059 -11.276 -12.337 -13.596 -13.659 -13.516 -12.146
0.553769 -7.312 -2.846 -5.563 -7.629 -9.684 -11.14 -9.171 -8.0 -9.752 -11.206 -12.271 -12.984 -7.855 -10.282 -11.811 -12.568 -13.053 -10.655 -11.873 -12.608 -13.007 -13.281 -11.928 -11.105 -12.211 -13.551 -13.637 -13.512 -12.035
