web/models/kne.last_good/kappa_1_10/8/villar_0.0028_0.2650_1.0000.dat
# %ECSV 1.0
# ---
# datatype:
# - {name: time, datatype: float64}
# - {name: swift_uvot_uvw2, datatype: float64}
# - {name: swift_uvot_uvm2, datatype: float64}
# - {name: swift_uvot_uvw1, datatype: float64}
# - {name: swift_uvot_U, datatype: float64}
# - {name: swift_uvot_B, datatype: float64}
# - {name: swift_uvot_V, datatype: float64}
# - {name: swift_uvot_W, datatype: float64}
# - {name: johnson_U, datatype: float64}
# - {name: johnson_B, datatype: float64}
# - {name: johnson_V, datatype: float64}
# - {name: johnson_R, datatype: float64}
# - {name: johnson_I, datatype: float64}
# - {name: sdss_u, datatype: float64}
# - {name: sdss_g, datatype: float64}
# - {name: sdss_r, datatype: float64}
# - {name: sdss_i, datatype: float64}
# - {name: sdss_z, datatype: float64}
# - {name: PS1_g, datatype: float64}
# - {name: PS1_r, datatype: float64}
# - {name: PS1_i, datatype: float64}
# - {name: PS1_z, datatype: float64}
# - {name: PS1_Y, datatype: float64}
# - {name: PS1_w, datatype: float64}
# - {name: ATLAS_c, datatype: float64}
# - {name: ATLAS_o, datatype: float64}
# - {name: ukirt_J, datatype: float64}
# - {name: ukirt_H, datatype: float64}
# - {name: ukirt_K, datatype: float64}
# - {name: Clear, datatype: float64}
# meta: !!omap
# - comment: [kappa = 1.0, type = villar, mass = 0.0028172691138521437, velocity = 0.265, theta_obs = 0.0]
# schema: astropy-2.0
time swift_uvot_uvw2 swift_uvot_uvm2 swift_uvot_uvw1 swift_uvot_U swift_uvot_B swift_uvot_V swift_uvot_W johnson_U johnson_B johnson_V johnson_R johnson_I sdss_u sdss_g sdss_r sdss_i sdss_z PS1_g PS1_r PS1_i PS1_z PS1_Y PS1_w ATLAS_c ATLAS_o ukirt_J ukirt_H ukirt_K Clear
[from data line 292]
6.005465 78.075 83.291 106.526 117.092 105.263 97.275 80.344 115.049 102.977 95.226 86.87 81.883 116.363 101.208 92.36 86.841 82.375 76.81 77.014 76.993 76.578 74.832 88.079 94.63 87.813 76.648 73.148 70.522 75.046
6.187096 83.187 88.402 111.637 122.203 110.375 102.387 85.455 120.16 108.089 100.338 91.981 86.994 121.474 106.32 97.472 91.952 87.487 81.921 82.126 82.104 81.689 79.943 93.19 99.742 92.925 81.76 78.26 75.634 80.157
6.37422 88.612 93.828 117.063 127.629 115.8 107.812 90.881 125.586 113.515 105.763 97.407 92.42 126.9 111.745 102.898 97.378 92.912 87.347 87.551 87.53 87.115 85.369 98.616 105.167 98.35 87.186 83.685 81.059 85.583
6.567004 94.371 99.587 122.822 133.388 121.559 113.571 96.639 131.344 119.273 111.522 103.165 98.179 132.659 117.504 108.656 103.136 98.671 93.105 93.31 93.289 92.873 91.127 104.374 110.926 104.109 92.944 89.444 86.818 91.342
6.765619 100.483 105.699 128.934 139.5 127.671 119.683 102.752 137.457 125.386 117.634 109.278 104.291 138.771 123.616 114.769 109.249 104.783 99.218 99.422 99.401 98.986 97.24 110.487 117.038 110.221 99.057 95.556 92.93 97.454
6.97024 106.971 112.187 135.421 145.988 134.159 126.171 109.239 143.944 131.873 124.122 115.765 110.778 145.258 130.104 121.256 115.736 111.271 105.705 105.91 105.889 105.473 103.727 116.974 123.526 116.709 105.544 102.044 99.418 103.941
7.181051 113.857 119.072 142.307 152.873 141.045 133.057 116.125 150.83 138.759 131.008 122.651 117.664 152.144 136.99 128.142 122.622 118.157 112.591 112.796 112.775 112.359 110.613 123.86 130.412 123.595 112.43 108.93 106.304 110.827
7.398237 121.166 126.381 149.616 160.182 148.354 140.365 123.434 158.139 146.068 138.317 129.96 124.973 159.453 144.299 135.451 129.931 125.465 119.9 120.105 120.083 119.668 117.922 131.169 137.721 130.904 119.739 116.238 113.612 118.136
7.621991 128.923 134.139 157.374 167.94 156.111 148.123 131.192 165.897 153.825 146.074 137.718 132.731 167.211 152.056 143.208 137.689 133.223 127.658 127.862 127.841 127.426 125.68 138.927 145.478 138.661 127.497 123.996 121.37 125.894
7.852513 137.157 142.373 165.608 176.174 164.345 156.357 139.425 174.131 162.059 154.308 145.951 140.965 175.445 160.29 151.442 145.923 141.457 135.891 136.096 136.075 135.659 133.914 147.16 153.712 146.895 135.73 132.23 129.604 134.128
8.090007 145.897 151.112 174.347 184.913 173.085 165.096 148.165 182.87 170.799 163.048 154.691 149.704 184.184 169.03 160.182 154.662 150.196 144.631 144.836 144.814 144.399 142.653 155.9 162.451 155.635 144.47 140.969 138.343 142.867
8.334684 155.173 160.388 183.623 194.189 182.361 174.372 157.441 192.146 180.075 172.324 163.967 158.98 193.46 178.306 169.458 163.938 159.473 153.907 154.112 154.09 153.675 151.929 165.176 171.728 164.911 153.746 150.245 147.62 152.143
8.586761 165.018 170.234 193.469 204.035 192.206 184.218 167.287 201.992 189.921 182.169 173.813 168.826 203.306 188.151 179.304 173.784 169.318 163.753 163.958 163.936 163.521 161.775 175.022 181.573 174.757 163.592 160.091 157.465 161.989
8.846461 175.469 180.684 203.919 214.485 202.657 194.668 177.737 212.442 200.371 192.62 184.263 179.276 213.756 198.602 189.754 184.234 179.768 174.203 174.408 174.386 173.971 172.225 185.472 192.024 185.207 174.042 170.541 167.916 172.439
9.114017 186.561 191.776 215.011 225.577 213.749 205.76 188.829 223.534 211.463 203.712 195.355 190.368 224.848 209.694 200.846 195.326 190.86 185.295 185.5 185.478 185.063 183.317 196.564 203.116 196.299 185.134 181.633 179.007 183.531
9.389664 198.334 203.549 226.784 237.35 225.522 217.533 200.602 235.307 223.236 215.485 207.128 202.141 236.621 221.467 212.619 207.099 202.633 197.068 197.273 197.251 196.836 195.09 208.337 214.889 208.072 196.907 193.406 190.781 195.304
9.673648 210.83 216.045 239.28 249.846 238.018 230.029 213.098 247.803 235.732 227.981 219.624 214.637 249.117 233.963 225.115 219.595 215.129 209.564 209.769 209.747 209.332 207.586 220.833 227.384 220.568 209.403 205.902 203.276 207.8
9.966221 224.093 229.308 252.543 263.109 251.281 243.293 226.361 261.066 248.995 241.244 232.887 227.9 262.38 247.226 238.378 232.858 228.393 222.827 223.032 223.01 222.595 220.849 234.096 240.648 233.831 222.666 219.166 216.54 221.063
10.267642 238.17 243.386 266.621 277.187 265.358 257.37 240.439 275.144 263.073 255.321 246.965 241.978 276.458 261.303 252.456 246.936 242.47 236.905 237.11 237.088 236.673 234.927 248.174 254.725 247.909 236.744 233.243 230.617 235.141
10.57818 253.112 258.328 281.563 292.129 280.3 272.312 255.381 290.086 278.015 270.263 261.907 256.92 291.4 276.245 267.398 261.878 257.412 251.847 252.052 252.03 251.615 249.869 263.116 269.667 262.851 251.686 248.185 245.559 250.083
10.89811 268.972 274.188 297.423 307.989 296.16 288.172 271.24 305.945 293.874 286.123 277.766 272.78 307.26 292.105 283.257 277.737 273.272 267.706 267.911 267.89 267.474 265.728 278.975 285.527 278.71 267.545 264.045 261.419 265.943
11.227716 285.805 291.021 314.256 324.822 312.993 305.005 288.074 322.779 310.708 302.956 294.6 289.613 324.093 308.938 300.091 294.571 290.105 284.54 284.745 284.723 284.308 282.562 295.809 302.36 295.544 284.379 280.878 278.252 282.776
11.56729 303.672 308.888 332.123 342.689 330.86 322.872 305.941 340.646 328.575 320.823 312.467 307.48 341.96 326.805 317.958 312.438 307.972 302.407 302.612 302.59 302.175 300.429 313.676 320.227 313.411 302.246 298.745 296.119 300.643
11.917135 322.636 327.852 351.087 361.653 349.824 341.836 324.905 359.61 347.539 339.787 331.431 326.444 360.924 345.769 336.922 331.402 326.936 321.371 321.576 321.554 321.139 319.393 332.64 339.191 332.375 321.21 317.709 315.083 319.607
12.277561 342.765 347.981 371.216 381.782 369.953 361.965 345.033 379.738 367.667 359.916 351.559 346.573 381.053 365.898 357.05 351.53 347.065 341.499 341.704 341.683 341.267 339.521 352.768 359.32 352.503 341.338 337.838 335.212 339.736
12.648887 364.13 369.345 392.58 403.146 391.318 383.329 366.398 401.103 389.032 381.28 372.924 367.937 402.417 387.263 378.415 372.895 368.429 362.864 363.069 363.047 362.632 360.886 374.133 380.684 373.868 362.703 359.202 356.576 361.1
13.031444 386.806 392.022 415.256 425.823 413.994 406.006 389.074 423.779 411.708 403.957 395.6 390.613 425.093 409.939 401.091 395.571 391.106 385.54 385.745 385.724 385.308 383.562 396.809 403.361 396.544 385.379 381.879 379.253 383.776
13.425571 410.875 416.09 439.325 449.891 438.063 430.074 413.143 447.848 435.777 428.026 419.669 414.682 449.162 434.008 425.16 419.64 415.174 409.609 409.814 409.792 409.377 407.631 420.878 427.43 420.613 409.448 405.947 403.322 407.845
13.831619 436.421 441.637 464.872 475.438 463.609 455.621 438.69 473.395 461.324 453.572 445.216 440.229 474.709 459.554 450.707 445.187 440.721 435.156 435.36 435.339 434.924 433.178 446.425 452.976 446.159 434.995 431.494 428.868 433.392
14.249947 463.537 468.752 491.987 502.553 490.725 482.736 465.805 500.51 488.439 480.688 472.331 467.344 501.824 486.67 477.822 472.302 467.836 462.271 462.476 462.454 462.039 460.293 473.54 480.092 473.275 462.11 458.609 455.983 460.507
14.680926 492.317 497.533 520.767 531.334 519.505 511.517 494.585 529.29 517.219 509.468 501.111 496.124 530.604 515.45 506.602 501.082 496.617 491.051 491.256 491.235 490.819 489.073 502.32 508.872 502.055 490.89 487.39 484.764 489.287
15.124941 522.864 528.08 551.315 561.881 550.052 542.064 525.133 559.838 547.767 540.015 531.659 526.672 561.152 545.997 537.15 531.63 527.164 521.599 521.804 521.782 521.367 519.621 532.868 539.419 532.603 521.438 517.937 515.311 519.835
15.582385 555.288 560.503 583.738 594.304 582.476 574.487 557.556 592.261 580.19 572.439 564.082 559.095 593.575 578.421 569.573 564.053 559.587 554.022 554.227 554.205 553.79 552.044 565.291 571.843 565.026 553.861 550.36 547.734 552.258
16.053663 589.702 594.917 618.152 628.718 616.89 608.901 591.97 626.675 614.604 606.853 598.496 593.509 627.989 612.835 603.987 598.467 594.002 588.436 588.641 588.619 588.204 586.458 599.705 606.257 599.44 588.275 584.774 582.149 586.672
16.539195 626.229 631.445 654.679 665.246 653.417 645.429 628.497 663.202 651.131 643.38 635.023 630.036 664.516 649.362 640.514 634.994 630.529 624.963 625.168 625.147 624.731 622.985 636.232 642.784 635.967 624.802 621.302 618.676 623.2
17.039412 664.999 670.215 693.45 704.016 692.187 684.199 667.268 701.973 689.901 682.15 673.794 668.807 703.287 688.132 679.284 673.765 669.299 663.734 663.938 663.917 663.501 661.756 675.003 681.554 674.737 663.572 660.072 657.446 661.97
17.554757 706.15 711.366 734.6 745.166 733.338 725.35 708.418 743.123 731.052 723.301 714.944 709.957 744.437 729.283 720.435 714.915 710.45 704.884 705.089 705.068 704.652 702.906 716.153 722.705 715.888 704.723 701.223 698.597 703.12
18.085689 749.827 755.043 778.278 788.908 777.015 769.027 752.096 786.811 774.73 766.978 758.622 753.635 788.159 772.96 764.113 758.593 754.127 748.562 748.767 748.745 748.33 746.584 759.831 766.382 759.566 748.401 744.9 742.274 746.798
18.632678 nan nan nan nan nan nan nan nan nan nan nan nan nan nan nan nan nan nan nan nan nan nan nan nan nan nan nan nan nan
19.196211 nan nan nan nan nan nan nan nan nan nan nan nan nan nan nan nan nan nan nan nan nan nan nan nan nan nan nan nan nan
19.776787 nan nan nan nan nan nan nan nan nan nan nan nan nan nan nan nan nan nan nan nan nan nan nan nan nan nan nan nan nan
20.374923 nan nan nan nan nan nan nan nan nan nan nan nan nan nan nan nan nan nan nan nan nan nan nan nan nan nan nan nan nan
20.991149 nan nan nan nan nan nan nan nan nan nan nan nan nan nan nan nan nan nan nan nan nan nan nan nan nan nan nan nan nan
21.626011 nan nan nan nan nan nan nan nan nan nan nan nan nan nan nan nan nan nan nan nan nan nan nan nan nan nan nan nan nan
22.280075 nan nan nan nan nan nan nan nan nan nan nan nan nan nan nan nan nan nan nan nan nan nan nan nan nan nan nan nan nan
22.953921 nan nan nan nan nan nan nan nan nan nan nan nan nan nan nan nan nan nan nan nan nan nan nan nan nan nan nan nan nan
23.648147 nan nan nan nan nan nan nan nan nan nan nan nan nan nan nan nan nan nan nan nan nan nan nan nan nan nan nan nan nan
24.363369 nan nan nan nan nan nan nan nan nan nan nan nan nan nan nan nan nan nan nan nan nan nan nan nan nan nan nan nan nan
25.100222 nan nan nan nan nan nan nan nan nan nan nan nan nan nan nan nan nan nan nan nan nan nan nan nan nan nan nan nan nan
25.859362 nan nan nan nan nan nan nan nan nan nan nan nan nan nan nan nan nan nan nan nan nan nan nan nan nan nan nan nan nan
26.64146 nan nan nan nan nan nan nan nan nan nan nan nan nan nan nan nan nan nan nan nan nan nan nan nan nan nan nan nan nan
27.447213 nan nan nan nan nan nan nan nan nan nan nan nan nan nan nan nan nan nan nan nan nan nan nan nan nan nan nan nan nan
28.277335 nan nan nan nan nan nan nan nan nan nan nan nan nan nan nan nan nan nan nan nan nan nan nan nan nan nan nan nan nan
29.132564 nan nan nan nan nan nan nan nan nan nan nan nan nan nan nan nan nan nan nan nan nan nan nan nan nan nan nan nan nan
30.013659 nan nan nan nan nan nan nan nan nan nan nan nan nan nan nan nan nan nan nan nan nan nan nan nan nan nan nan nan nan
30.921401 nan nan nan nan nan nan nan nan nan nan nan nan nan nan nan nan nan nan nan nan nan nan nan nan nan nan nan nan nan
31.856598 nan nan nan nan nan nan nan nan nan nan nan nan nan nan nan nan nan nan nan nan nan nan nan nan nan nan nan nan nan
32.820079 nan nan nan nan nan nan nan nan nan nan nan nan nan nan nan nan nan nan nan nan nan nan nan nan nan nan nan nan nan
33.8127 nan nan nan nan nan nan nan nan nan nan nan nan nan nan nan nan nan nan nan nan nan nan nan nan nan nan nan nan nan
34.835342 nan nan nan nan nan nan nan nan nan nan nan nan nan nan nan nan nan nan nan nan nan nan nan nan nan nan nan nan nan
35.888913 nan nan nan nan nan nan nan nan nan nan nan nan nan nan nan nan nan nan nan nan nan nan nan nan nan nan nan nan nan
36.974349 nan nan nan nan nan nan nan nan nan nan nan nan nan nan nan nan nan nan nan nan nan nan nan nan nan nan nan nan nan
38.092613 nan nan nan nan nan nan nan nan nan nan nan nan nan nan nan nan nan nan nan nan nan nan nan nan nan nan nan nan nan
39.244698 nan nan nan nan nan nan nan nan nan nan nan nan nan nan nan nan nan nan nan nan nan nan nan nan nan nan nan nan nan
40.431627 nan nan nan nan nan nan nan nan nan nan nan nan nan nan nan nan nan nan nan nan nan nan nan nan nan nan nan nan nan
41.654454 nan nan nan nan nan nan nan nan nan nan nan nan nan nan nan nan nan nan nan nan nan nan nan nan nan nan nan nan nan
42.914265 nan nan nan nan nan nan nan nan nan nan nan nan nan nan nan nan nan nan nan nan nan nan nan nan nan nan nan nan nan
44.212178 nan nan nan nan nan nan nan nan nan nan nan nan nan nan nan nan nan nan nan nan nan nan nan nan nan nan nan nan nan
45.549345 nan nan nan nan nan nan nan nan nan nan nan nan nan nan nan nan nan nan nan nan nan nan nan nan nan nan nan nan nan
46.926954 nan nan nan nan nan nan nan nan nan nan nan nan nan nan nan nan nan nan nan nan nan nan nan nan nan nan nan nan nan
48.346227 nan nan nan nan nan nan nan nan nan nan nan nan nan nan nan nan nan nan nan nan nan nan nan nan nan nan nan nan nan
49.808426 nan nan nan nan nan nan nan nan nan nan nan nan nan nan nan nan nan nan nan nan nan nan nan nan nan nan nan nan nan
51.314848 nan nan nan nan nan nan nan nan nan nan nan nan nan nan nan nan nan nan nan nan nan nan nan nan nan nan nan nan nan
52.86683 nan nan nan nan nan nan nan nan nan nan nan nan nan nan nan nan nan nan nan nan nan nan nan nan nan nan nan nan nan
54.465752 nan nan nan nan nan nan nan nan nan nan nan nan nan nan nan nan nan nan nan nan nan nan nan nan nan nan nan nan nan
56.113031 nan nan nan nan nan nan nan nan nan nan nan nan nan nan nan nan nan nan nan nan nan nan nan nan nan nan nan nan nan
57.810132 nan nan nan nan nan nan nan nan nan nan nan nan nan nan nan nan nan nan nan nan nan nan nan nan nan nan nan nan nan
59.55856 nan nan nan nan nan nan nan nan nan nan nan nan nan nan nan nan nan nan nan nan nan nan nan nan nan nan nan nan nan
61.359868 nan nan nan nan nan nan nan nan nan nan nan nan nan nan nan nan nan nan nan nan nan nan nan nan nan nan nan nan nan
63.215655 nan nan nan nan nan nan nan nan nan nan nan nan nan nan nan nan nan nan nan nan nan nan nan nan nan nan nan nan nan
65.127569 nan nan nan nan nan nan nan nan nan nan nan nan nan nan nan nan nan nan nan nan nan nan nan nan nan nan nan nan nan
67.097308 nan nan nan nan nan nan nan nan nan nan nan nan nan nan nan nan nan nan nan nan nan nan nan nan nan nan nan nan nan
69.126621 nan nan nan nan nan nan nan nan nan nan nan nan nan nan nan nan nan nan nan nan nan nan nan nan nan nan nan nan nan
71.217308 nan nan nan nan nan nan nan nan nan nan nan nan nan nan nan nan nan nan nan nan nan nan nan nan nan nan nan nan nan
73.371227 nan nan nan nan nan nan nan nan nan nan nan nan nan nan nan nan nan nan nan nan nan nan nan nan nan nan nan nan nan
75.59029 nan nan nan nan nan nan nan nan nan nan nan nan nan nan nan nan nan nan nan nan nan nan nan nan nan nan nan nan nan
77.876467 nan nan nan nan nan nan nan nan nan nan nan nan nan nan nan nan nan nan nan nan nan nan nan nan nan nan nan nan nan
80.231787 nan nan nan nan nan nan nan nan nan nan nan nan nan nan nan nan nan nan nan nan nan nan nan nan nan nan nan nan nan
82.658343 nan nan nan nan nan nan nan nan nan nan nan nan nan nan nan nan nan nan nan nan nan nan nan nan nan nan nan nan nan
85.158288 nan nan nan nan nan nan nan nan nan nan nan nan nan nan nan nan nan nan nan nan nan nan nan nan nan nan nan nan nan
87.733843 nan nan nan nan nan nan nan nan nan nan nan nan nan nan nan nan nan nan nan nan nan nan nan nan nan nan nan nan nan
90.387293 nan nan nan nan nan nan nan nan nan nan nan nan nan nan nan nan nan nan nan nan nan nan nan nan nan nan nan nan nan
93.120995 nan nan nan nan nan nan nan nan nan nan nan nan nan nan nan nan nan nan nan nan nan nan nan nan nan nan nan nan nan
