web/models/kne.last_good/kappa_1_10/8/villar_0.0098_0.2023_10.0000.dat
# %ECSV 1.0
# ---
# datatype:
# - {name: time, datatype: float64}
# - {name: swift_uvot_uvw2, datatype: float64}
# - {name: swift_uvot_uvm2, datatype: float64}
# - {name: swift_uvot_uvw1, datatype: float64}
# - {name: swift_uvot_U, datatype: float64}
# - {name: swift_uvot_B, datatype: float64}
# - {name: swift_uvot_V, datatype: float64}
# - {name: swift_uvot_W, datatype: float64}
# - {name: johnson_U, datatype: float64}
# - {name: johnson_B, datatype: float64}
# - {name: johnson_V, datatype: float64}
# - {name: johnson_R, datatype: float64}
# - {name: johnson_I, datatype: float64}
# - {name: sdss_u, datatype: float64}
# - {name: sdss_g, datatype: float64}
# - {name: sdss_r, datatype: float64}
# - {name: sdss_i, datatype: float64}
# - {name: sdss_z, datatype: float64}
# - {name: PS1_g, datatype: float64}
# - {name: PS1_r, datatype: float64}
# - {name: PS1_i, datatype: float64}
# - {name: PS1_z, datatype: float64}
# - {name: PS1_Y, datatype: float64}
# - {name: PS1_w, datatype: float64}
# - {name: ATLAS_c, datatype: float64}
# - {name: ATLAS_o, datatype: float64}
# - {name: ukirt_J, datatype: float64}
# - {name: ukirt_H, datatype: float64}
# - {name: ukirt_K, datatype: float64}
# - {name: Clear, datatype: float64}
# meta: !!omap
# - comment: [kappa = 10.0, type = villar, mass = 0.009763877790252312, velocity = 0.20233333333333337, theta_obs = 0.0]
# schema: astropy-2.0
time swift_uvot_uvw2 swift_uvot_uvm2 swift_uvot_uvw1 swift_uvot_U swift_uvot_B swift_uvot_V swift_uvot_W johnson_U johnson_B johnson_V johnson_R johnson_I sdss_u sdss_g sdss_r sdss_i sdss_z PS1_g PS1_r PS1_i PS1_z PS1_Y PS1_w ATLAS_c ATLAS_o ukirt_J ukirt_H ukirt_K Clear
[from data line 363]
49.808426 117.601 120.461 118.016 115.959 114.303 113.15 115.05 115.658 114.259 113.106 112.314 111.802 115.764 113.838 112.642 112.083 111.749 113.596 112.604 112.055 111.775 111.588 112.609 113.215 112.358 111.469 111.504 111.725 112.59
51.314848 125.347 128.207 125.763 123.705 122.049 120.896 122.796 123.404 122.005 120.853 120.06 119.548 123.51 121.584 120.388 119.83 119.496 121.342 120.351 119.801 119.521 119.335 120.355 120.961 120.104 119.216 119.25 119.471 120.336
52.86683 133.569 136.429 133.985 131.927 130.271 129.119 131.018 131.626 130.228 129.075 128.282 127.771 131.732 129.806 128.61 128.052 127.718 129.564 128.573 128.023 127.743 127.557 128.577 129.184 128.326 127.438 127.473 127.693 128.558
54.465752 142.296 145.156 142.712 140.654 138.998 137.846 139.745 140.353 138.955 137.802 137.009 136.497 140.459 138.533 137.337 136.779 136.445 138.291 137.3 136.75 136.47 136.284 137.304 137.91 137.053 136.165 136.199 136.42 137.285
56.113031 151.559 154.419 151.974 149.917 148.261 147.108 149.008 149.616 148.217 147.065 146.272 145.76 149.722 147.796 146.6 146.042 145.708 147.554 146.562 146.013 145.733 145.547 146.567 147.173 146.316 145.428 145.462 145.683 146.548
57.810132 161.391 164.251 161.806 159.749 158.093 156.94 158.84 159.447 158.049 156.896 156.103 155.592 159.554 157.628 156.431 155.873 155.539 157.385 156.394 155.845 155.565 155.378 156.399 157.005 156.148 155.259 155.294 155.515 156.38
59.55856 171.826 174.686 172.241 170.184 168.528 167.375 169.275 169.883 168.484 167.331 166.539 166.027 169.989 168.063 166.867 166.309 165.974 167.821 166.829 166.28 166.0 165.814 166.834 167.44 166.583 165.695 165.729 165.95 166.815
61.359868 182.902 185.762 183.317 181.26 179.604 178.451 180.351 180.959 179.56 178.407 177.615 177.103 181.065 179.139 177.943 177.385 177.051 178.897 177.905 177.356 177.076 176.89 177.91 178.516 177.659 176.771 176.805 177.026 177.891
63.215655 194.658 197.518 195.073 193.016 191.36 190.207 192.107 192.715 191.316 190.164 189.371 188.859 192.821 190.895 189.699 189.141 188.807 190.653 189.661 189.112 188.832 188.646 189.666 190.272 189.415 188.527 188.561 188.782 189.647
65.127569 207.136 209.996 207.551 205.494 203.838 202.685 204.585 205.193 203.794 202.642 201.849 201.337 205.299 203.373 202.177 201.619 201.285 203.131 202.139 201.59 201.31 201.124 202.144 202.75 201.893 201.005 201.039 201.26 202.125
67.097308 220.38 223.24 220.796 218.738 217.082 215.93 217.829 218.437 217.039 215.886 215.093 214.582 218.543 216.617 215.421 214.863 214.529 216.375 215.384 214.834 214.554 214.368 215.388 215.995 215.137 214.249 214.284 214.504 215.369
69.126621 234.438 237.298 234.853 232.796 231.14 229.987 231.887 232.495 231.096 229.943 229.151 228.639 232.601 230.675 229.479 228.92 228.586 230.433 229.441 228.892 228.612 228.426 229.446 230.052 229.195 228.306 228.341 228.562 229.427
71.217308 249.358 252.218 249.774 247.716 246.06 244.908 246.808 247.415 246.017 244.864 244.071 243.56 247.521 245.595 244.399 243.841 243.507 245.353 244.362 243.812 243.533 243.346 244.367 244.973 244.115 243.227 243.262 243.482 244.347
73.371227 265.195 268.055 265.611 263.553 261.897 260.745 262.644 263.252 261.853 260.701 259.908 259.396 263.358 261.432 260.236 259.678 259.344 261.19 260.199 259.649 259.369 259.183 260.203 260.809 259.952 259.064 259.098 259.319 260.184
75.59029 282.004 284.864 282.42 280.363 278.706 277.554 279.454 280.061 278.663 277.51 276.717 276.206 280.167 278.241 277.045 276.487 276.153 277.999 277.008 276.458 276.179 275.992 277.013 277.619 276.761 275.873 275.908 276.128 276.993
77.876467 299.846 302.706 300.261 298.204 296.548 295.395 297.295 297.903 296.504 295.351 294.559 294.047 298.009 296.083 294.887 294.328 293.994 295.841 294.849 294.3 294.02 293.834 294.854 295.46 294.603 293.715 293.749 293.97 294.835
80.231787 318.783 321.643 319.198 317.141 315.485 314.332 316.232 316.84 315.441 314.288 313.495 312.984 316.946 315.02 313.823 313.265 312.931 314.778 313.786 313.237 312.957 312.77 313.791 314.397 313.54 312.651 312.686 312.907 313.772
82.658343 338.882 341.742 339.298 337.24 335.584 334.432 336.331 336.939 335.541 334.388 333.595 333.084 337.045 335.119 333.923 333.365 333.031 334.877 333.886 333.336 333.056 332.87 333.89 334.497 333.639 332.751 332.786 333.006 333.871
85.158288 360.216 363.076 360.632 358.574 356.918 355.766 357.665 358.273 356.875 355.722 354.929 354.417 358.379 356.453 355.257 354.699 354.365 356.211 355.22 354.67 354.39 354.204 355.224 355.831 354.973 354.085 354.12 354.34 355.205
87.733843 382.86 385.72 383.275 381.218 379.562 378.409 380.309 380.917 379.518 378.366 377.573 377.061 381.023 379.097 377.901 377.343 377.009 378.855 377.863 377.314 377.034 376.848 377.868 378.474 377.617 376.729 376.763 376.984 377.849
90.387293 406.894 409.754 407.31 405.252 403.596 402.444 404.343 404.951 403.553 402.4 401.607 401.096 405.057 403.131 401.935 401.377 401.043 402.889 401.898 401.348 401.068 400.882 401.902 402.509 401.651 400.763 400.798 401.018 401.883
93.120995 432.404 435.264 432.82 430.762 429.106 427.954 429.853 430.461 429.063 427.91 427.117 426.606 430.567 428.641 427.445 426.887 426.553 428.399 427.408 426.858 426.578 426.392 427.412 428.019 427.161 426.273 426.308 426.528 427.393
95.937376 459.481 462.341 459.896 457.839 456.183 455.03 456.93 457.538 456.139 454.986 454.194 453.682 457.644 455.718 454.522 453.963 453.629 455.476 454.484 453.935 453.655 453.469 454.489 455.095 454.238 453.35 453.384 453.605 454.47
98.838937 488.22 491.08 488.635 486.578 484.922 483.769 485.669 486.277 484.878 483.725 482.933 482.421 486.383 484.457 483.261 482.702 482.368 484.215 483.223 482.674 482.394 482.208 483.228 483.834 482.977 482.089 482.123 482.344 483.209
101.828253 518.723 521.583 519.139 517.082 515.426 514.273 516.173 516.78 515.382 514.229 513.436 512.925 516.887 514.96 513.764 513.206 512.872 514.718 513.727 513.178 512.898 512.711 513.732 514.338 513.48 512.592 512.627 512.847 513.712
104.907979 551.1 553.96 551.516 549.458 547.802 546.65 548.549 549.157 547.758 546.606 545.813 545.301 549.263 547.337 546.141 545.583 545.249 547.095 546.104 545.554 545.274 545.088 546.108 546.714 545.857 544.969 545.003 545.224 546.089
108.080849 585.465 588.325 585.88 583.823 582.167 581.014 582.914 583.522 582.123 580.97 580.178 579.666 583.628 581.702 580.506 579.948 579.614 581.46 580.468 579.919 579.639 579.453 580.473 581.079 580.222 579.334 579.368 579.589 580.454
111.349681 621.94 624.8 622.355 620.298 618.642 617.489 619.389 619.997 618.598 617.445 616.653 616.141 620.103 618.177 616.981 616.423 616.088 617.935 616.943 616.394 616.114 615.928 616.948 617.554 616.697 615.809 615.843 616.064 616.929
114.717376 660.654 663.514 661.07 659.012 657.356 656.204 658.104 658.711 657.313 656.16 655.367 654.856 658.817 656.891 655.695 655.137 654.803 656.649 655.658 655.108 654.829 654.642 655.662 656.269 655.411 654.523 654.558 654.778 655.643
118.186925 701.746 704.606 702.161 700.104 698.448 697.295 699.195 699.803 698.404 697.252 696.459 695.947 699.909 697.983 696.787 696.229 695.895 697.741 696.749 696.2 695.92 695.734 696.754 697.36 696.503 695.615 695.649 695.87 696.735
121.761408 745.361 748.221 745.776 743.719 742.063 740.91 742.81 743.418 742.019 740.867 740.074 739.562 743.524 741.598 740.402 739.844 739.51 741.356 740.364 739.815 739.535 739.349 740.369 740.975 740.118 739.23 739.264 739.485 740.35
125.443999 792.067 797.32 793.346 nan 788.282 787.185 789.249 nan 788.297 787.164 786.664 786.15 nan 787.693 786.904 786.485 786.099 787.494 786.874 786.458 786.15 785.889 786.885 787.263 786.699 785.365 785.736 nan 786.872
129.237967 nan nan nan nan nan nan nan nan nan nan nan nan nan nan nan nan nan nan nan nan nan nan nan nan nan nan nan nan nan
133.146681 nan nan nan nan nan nan nan nan nan nan nan nan nan nan nan nan nan nan nan nan nan nan nan nan nan nan nan nan nan
137.173612 nan nan nan nan nan nan nan nan nan nan nan nan nan nan nan nan nan nan nan nan nan nan nan nan nan nan nan nan nan
141.322334 nan nan nan nan nan nan nan nan nan nan nan nan nan nan nan nan nan nan nan nan nan nan nan nan nan nan nan nan nan
145.596532 nan nan nan nan nan nan nan nan nan nan nan nan nan nan nan nan nan nan nan nan nan nan nan nan nan nan nan nan nan
150.0 nan nan nan nan nan nan nan nan nan nan nan nan nan nan nan nan nan nan nan nan nan nan nan nan nan nan nan nan nan
