web/models/kne.last_good/kappa_1_10/8/villar_0.4064_0.0770_10.0000.dat
# %ECSV 1.0
# ---
# datatype:
# - {name: time, datatype: float64}
# - {name: swift_uvot_uvw2, datatype: float64}
# - {name: swift_uvot_uvm2, datatype: float64}
# - {name: swift_uvot_uvw1, datatype: float64}
# - {name: swift_uvot_U, datatype: float64}
# - {name: swift_uvot_B, datatype: float64}
# - {name: swift_uvot_V, datatype: float64}
# - {name: swift_uvot_W, datatype: float64}
# - {name: johnson_U, datatype: float64}
# - {name: johnson_B, datatype: float64}
# - {name: johnson_V, datatype: float64}
# - {name: johnson_R, datatype: float64}
# - {name: johnson_I, datatype: float64}
# - {name: sdss_u, datatype: float64}
# - {name: sdss_g, datatype: float64}
# - {name: sdss_r, datatype: float64}
# - {name: sdss_i, datatype: float64}
# - {name: sdss_z, datatype: float64}
# - {name: PS1_g, datatype: float64}
# - {name: PS1_r, datatype: float64}
# - {name: PS1_i, datatype: float64}
# - {name: PS1_z, datatype: float64}
# - {name: PS1_Y, datatype: float64}
# - {name: PS1_w, datatype: float64}
# - {name: ATLAS_c, datatype: float64}
# - {name: ATLAS_o, datatype: float64}
# - {name: ukirt_J, datatype: float64}
# - {name: ukirt_H, datatype: float64}
# - {name: ukirt_K, datatype: float64}
# - {name: Clear, datatype: float64}
# meta: !!omap
# - comment: [kappa = 10.0, type = villar, mass = 0.4064473885499596, velocity = 0.07700000000000001, theta_obs = 0.0]
# schema: astropy-2.0
time swift_uvot_uvw2 swift_uvot_uvm2 swift_uvot_uvw1 swift_uvot_U swift_uvot_B swift_uvot_V swift_uvot_W johnson_U johnson_B johnson_V johnson_R johnson_I sdss_u sdss_g sdss_r sdss_i sdss_z PS1_g PS1_r PS1_i PS1_z PS1_Y PS1_w ATLAS_c ATLAS_o ukirt_J ukirt_H ukirt_K Clear
[from data line 78]
0.010217 -9.349 -9.085 -8.933 -8.473 -8.099 -7.702 -8.777 -8.417 -8.095 -7.692 -7.292 -6.83 -8.427 -7.972 -7.47 -7.104 -6.762 -7.978 -7.541 -7.2 -7.011 -7.124 -7.538 -7.776 -7.321 -6.082 -5.531 -4.897 -7.622
0.010526 -9.393 -9.132 -8.981 -8.523 -8.15 -7.755 -8.825 -8.467 -8.146 -7.744 -7.345 -6.884 -8.478 -8.024 -7.523 -7.157 -6.816 -8.029 -7.593 -7.252 -7.063 -7.172 -7.591 -7.829 -7.374 -6.136 -5.586 -4.952 -7.675
0.010845 -9.436 -9.179 -9.028 -8.573 -8.202 -7.807 -8.873 -8.518 -8.198 -7.796 -7.398 -6.938 -8.528 -8.076 -7.575 -7.211 -6.869 -8.08 -7.645 -7.304 -7.114 -7.22 -7.643 -7.881 -7.427 -6.19 -5.641 -5.007 -7.727
0.011173 -9.48 -9.225 -9.076 -8.624 -8.253 -7.86 -8.92 -8.568 -8.249 -7.849 -7.451 -6.991 -8.578 -8.127 -7.628 -7.264 -6.923 -8.131 -7.696 -7.356 -7.165 -7.269 -7.696 -7.933 -7.479 -6.244 -5.695 -5.061 -7.779
0.011511 -9.523 -9.272 -9.123 -8.674 -8.304 -7.912 -8.968 -8.618 -8.301 -7.901 -7.504 -7.044 -8.629 -8.179 -7.681 -7.317 -6.977 -8.182 -7.748 -7.408 -7.216 -7.317 -7.748 -7.985 -7.532 -6.299 -5.749 -5.116 -7.831
0.011859 -9.566 -9.318 -9.17 -8.724 -8.356 -7.964 -9.015 -8.669 -8.352 -7.953 -7.556 -7.098 -8.679 -8.231 -7.733 -7.37 -7.03 -8.233 -7.8 -7.459 -7.267 -7.365 -7.8 -8.037 -7.585 -6.353 -5.804 -5.171 -7.883
0.012217 -9.609 -9.364 -9.218 -8.774 -8.407 -8.016 -9.062 -8.719 -8.403 -8.005 -7.609 -7.151 -8.729 -8.282 -7.786 -7.423 -7.083 -8.284 -7.851 -7.511 -7.318 -7.413 -7.853 -8.089 -7.638 -6.407 -5.858 -5.225 -7.935
0.012587 -9.652 -9.41 -9.265 -8.823 -8.458 -8.068 -9.109 -8.769 -8.454 -8.057 -7.662 -7.204 -8.779 -8.333 -7.838 -7.476 -7.137 -8.335 -7.903 -7.563 -7.369 -7.461 -7.905 -8.14 -7.69 -6.461 -5.912 -5.28 -7.987
0.012968 -9.694 -9.456 -9.312 -8.873 -8.509 -8.12 -9.156 -8.819 -8.505 -8.109 -7.714 -7.258 -8.829 -8.385 -7.89 -7.529 -7.19 -8.385 -7.954 -7.614 -7.42 -7.509 -7.957 -8.192 -7.743 -6.514 -5.967 -5.334 -8.039
0.01336 -9.737 -9.502 -9.358 -8.923 -8.56 -8.172 -9.202 -8.868 -8.556 -8.161 -7.767 -7.311 -8.878 -8.436 -7.943 -7.582 -7.243 -8.436 -8.005 -7.666 -7.47 -7.556 -8.009 -8.244 -7.795 -6.568 -6.021 -5.389 -8.091
0.013764 -9.779 -9.547 -9.405 -8.972 -8.61 -8.223 -9.249 -8.918 -8.606 -8.213 -7.819 -7.364 -8.928 -8.487 -7.995 -7.635 -7.297 -8.487 -8.057 -7.717 -7.521 -7.604 -8.061 -8.295 -7.848 -6.622 -6.075 -5.443 -8.142
0.01418 -9.821 -9.593 -9.451 -9.021 -8.661 -8.275 -9.295 -8.968 -8.657 -8.264 -7.872 -7.417 -8.978 -8.538 -8.047 -7.687 -7.35 -8.537 -8.108 -7.769 -7.572 -7.652 -8.113 -8.347 -7.9 -6.676 -6.129 -5.498 -8.194
0.014609 -9.863 -9.638 -9.498 -9.071 -8.712 -8.327 -9.342 -9.017 -8.708 -8.316 -7.924 -7.47 -9.027 -8.589 -8.099 -7.74 -7.403 -8.587 -8.159 -7.82 -7.623 -7.7 -8.164 -8.398 -7.952 -6.73 -6.183 -5.552 -8.245
0.015051 -9.905 -9.683 -9.544 -9.12 -8.762 -8.378 -9.388 -9.067 -8.758 -8.368 -7.976 -7.523 -9.077 -8.64 -8.151 -7.793 -7.456 -8.638 -8.21 -7.871 -7.674 -7.748 -8.216 -8.449 -8.005 -6.783 -6.237 -5.607 -8.297
0.015506 -9.946 -9.728 -9.59 -9.169 -8.813 -8.43 -9.434 -9.116 -8.809 -8.419 -8.029 -7.576 -9.126 -8.69 -8.203 -7.845 -7.509 -8.688 -8.261 -7.923 -7.724 -7.796 -8.268 -8.501 -8.057 -6.837 -6.291 -5.661 -8.348
0.015975 -9.988 -9.772 -9.636 -9.218 -8.863 -8.481 -9.48 -9.165 -8.859 -8.471 -8.081 -7.629 -9.175 -8.741 -8.255 -7.898 -7.562 -8.738 -8.312 -7.974 -7.775 -7.844 -8.319 -8.552 -8.109 -6.891 -6.345 -5.715 -8.399
0.016458 -10.029 -9.817 -9.681 -9.267 -8.913 -8.533 -9.526 -9.214 -8.909 -8.522 -8.133 -7.682 -9.224 -8.792 -8.307 -7.95 -7.615 -8.788 -8.363 -8.025 -7.825 -7.891 -8.371 -8.603 -8.161 -6.944 -6.399 -5.769 -8.451
0.016956 -10.07 -9.861 -9.727 -9.315 -8.963 -8.584 -9.571 -9.263 -8.96 -8.573 -8.185 -7.734 -9.273 -8.842 -8.359 -8.003 -7.668 -8.838 -8.414 -8.076 -7.876 -7.939 -8.422 -8.654 -8.213 -6.998 -6.453 -5.824 -8.502
0.017469 -10.111 -9.906 -9.773 -9.364 -9.014 -8.635 -9.617 -9.312 -9.01 -8.624 -8.237 -7.787 -9.322 -8.893 -8.41 -8.055 -7.72 -8.888 -8.465 -8.128 -7.927 -7.987 -8.474 -8.705 -8.265 -7.051 -6.507 -5.878 -8.553
0.017997 -10.152 -9.95 -9.818 -9.413 -9.064 -8.686 -9.662 -9.361 -9.06 -8.676 -8.289 -7.84 -9.371 -8.943 -8.462 -8.107 -7.773 -8.938 -8.516 -8.179 -7.977 -8.035 -8.525 -8.756 -8.317 -7.105 -6.561 -5.932 -8.604
0.018541 -10.192 -9.994 -9.863 -9.461 -9.113 -8.737 -9.707 -9.41 -9.11 -8.727 -8.341 -7.892 -9.419 -8.994 -8.514 -8.159 -7.826 -8.988 -8.567 -8.23 -8.028 -8.082 -8.576 -8.806 -8.369 -7.158 -6.615 -5.986 -8.655
0.019102 -10.233 -10.038 -9.908 -9.509 -9.163 -8.788 -9.752 -9.458 -9.16 -8.778 -8.393 -7.945 -9.468 -9.044 -8.565 -8.212 -7.879 -9.038 -8.618 -8.281 -8.078 -8.13 -8.627 -8.857 -8.421 -7.211 -6.668 -6.04 -8.706
0.01968 -10.273 -10.081 -9.953 -9.558 -9.213 -8.839 -9.797 -9.507 -9.209 -8.829 -8.444 -7.997 -9.516 -9.094 -8.617 -8.264 -7.931 -9.088 -8.668 -8.332 -8.129 -8.178 -8.679 -8.908 -8.472 -7.265 -6.722 -6.094 -8.757
0.020275 -10.313 -10.125 -9.998 -9.606 -9.263 -8.89 -9.842 -9.555 -9.259 -8.88 -8.496 -8.05 -9.565 -9.144 -8.668 -8.316 -7.984 -9.137 -8.719 -8.383 -8.179 -8.226 -8.73 -8.958 -8.524 -7.318 -6.776 -6.148 -8.807
0.020888 -10.353 -10.168 -10.042 -9.654 -9.312 -8.941 -9.887 -9.603 -9.309 -8.93 -8.548 -8.102 -9.613 -9.194 -8.719 -8.368 -8.036 -9.187 -8.769 -8.434 -8.229 -8.273 -8.781 -9.009 -8.576 -7.371 -6.829 -6.202 -8.858
0.02152 -10.393 -10.211 -10.087 -9.702 -9.362 -8.992 -9.931 -9.652 -9.358 -8.981 -8.599 -8.155 -9.661 -9.244 -8.771 -8.42 -8.089 -9.236 -8.82 -8.485 -8.28 -8.321 -8.831 -9.059 -8.627 -7.425 -6.883 -6.256 -8.909
0.022171 -10.433 -10.254 -10.131 -9.75 -9.411 -9.042 -9.976 -9.7 -9.408 -9.032 -8.651 -8.207 -9.709 -9.294 -8.822 -8.472 -8.141 -9.286 -8.87 -8.535 -8.33 -8.369 -8.882 -9.11 -8.679 -7.478 -6.937 -6.31 -8.959
0.022841 -10.472 -10.297 -10.175 -9.797 -9.461 -9.093 -10.02 -9.748 -9.457 -9.083 -8.702 -8.259 -9.757 -9.344 -8.873 -8.524 -8.194 -9.335 -8.921 -8.586 -8.381 -8.417 -8.933 -9.16 -8.73 -7.531 -6.99 -6.364 -9.01
0.023532 -10.511 -10.34 -10.219 -9.845 -9.51 -9.144 -10.064 -9.796 -9.506 -9.133 -8.754 -8.311 -9.805 -9.393 -8.924 -8.576 -8.246 -9.385 -8.971 -8.637 -8.431 -8.464 -8.984 -9.21 -8.781 -7.584 -7.044 -6.418 -9.06
0.024244 -10.55 -10.382 -10.263 -9.893 -9.559 -9.194 -10.108 -9.843 -9.556 -9.184 -8.805 -8.364 -9.853 -9.443 -8.975 -8.627 -8.298 -9.434 -9.022 -8.688 -8.481 -8.512 -9.035 -9.261 -8.833 -7.637 -7.097 -6.472 -9.11
0.024977 -10.589 -10.424 -10.307 -9.94 -9.608 -9.245 -10.152 -9.891 -9.605 -9.234 -8.856 -8.416 -9.901 -9.493 -9.026 -8.679 -8.351 -9.483 -9.072 -8.738 -8.531 -8.56 -9.085 -9.311 -8.884 -7.69 -7.151 -6.526 -9.161
0.025733 -10.628 -10.467 -10.351 -9.987 -9.657 -9.295 -10.196 -9.939 -9.654 -9.284 -8.908 -8.468 -9.948 -9.542 -9.077 -8.731 -8.403 -9.532 -9.122 -8.789 -8.582 -8.608 -9.136 -9.361 -8.935 -7.743 -7.204 -6.58 -9.211
0.026511 -10.666 -10.508 -10.394 -10.034 -9.706 -9.345 -10.239 -9.986 -9.703 -9.335 -8.959 -8.52 -9.996 -9.591 -9.128 -8.782 -8.455 -9.581 -9.172 -8.84 -8.632 -8.655 -9.186 -9.411 -8.986 -7.796 -7.258 -6.633 -9.261
0.027313 -10.705 -10.55 -10.437 -10.082 -9.755 -9.395 -10.283 -10.034 -9.752 -9.385 -9.01 -8.572 -10.043 -9.641 -9.179 -8.834 -8.507 -9.63 -9.222 -8.89 -8.682 -8.703 -9.237 -9.461 -9.037 -7.849 -7.311 -6.687 -9.311
0.028139 -10.743 -10.592 -10.48 -10.129 -9.804 -9.446 -10.326 -10.081 -9.8 -9.435 -9.061 -8.624 -10.09 -9.69 -9.229 -8.885 -8.559 -9.679 -9.272 -8.941 -8.732 -8.751 -9.287 -9.51 -9.088 -7.902 -7.364 -6.741 -9.361
0.02899 -10.781 -10.633 -10.523 -10.175 -9.853 -9.496 -10.369 -10.128 -9.849 -9.485 -9.112 -8.676 -10.138 -9.739 -9.28 -8.937 -8.611 -9.728 -9.322 -8.991 -8.782 -8.799 -9.337 -9.56 -9.139 -7.955 -7.418 -6.795 -9.411
0.029867 -10.819 -10.675 -10.566 -10.222 -9.901 -9.546 -10.412 -10.175 -9.898 -9.535 -9.163 -8.727 -10.185 -9.788 -9.331 -8.988 -8.663 -9.777 -9.372 -9.042 -8.833 -8.846 -9.387 -9.61 -9.19 -8.008 -7.471 -6.848 -9.461
0.03077 -10.856 -10.716 -10.609 -10.269 -9.95 -9.596 -10.455 -10.222 -9.946 -9.585 -9.214 -8.779 -10.232 -9.837 -9.381 -9.04 -8.715 -9.825 -9.422 -9.092 -8.883 -8.894 -9.438 -9.659 -9.241 -8.06 -7.524 -6.902 -9.511
0.031701 -10.894 -10.757 -10.651 -10.315 -9.998 -9.645 -10.498 -10.269 -9.995 -9.635 -9.265 -8.831 -10.278 -9.886 -9.432 -9.091 -8.767 -9.874 -9.472 -9.142 -8.933 -8.942 -9.488 -9.709 -9.292 -8.113 -7.578 -6.956 -9.56
0.032659 -10.931 -10.797 -10.694 -10.362 -10.047 -9.695 -10.54 -10.316 -10.043 -9.685 -9.316 -8.883 -10.325 -9.935 -9.482 -9.142 -8.819 -9.922 -9.522 -9.193 -8.983 -8.99 -9.538 -9.758 -9.343 -8.166 -7.631 -7.009 -9.61
0.033647 -10.968 -10.838 -10.736 -10.408 -10.095 -9.745 -10.583 -10.363 -10.091 -9.735 -9.367 -8.934 -10.372 -9.984 -9.533 -9.193 -8.871 -9.971 -9.572 -9.243 -9.033 -9.037 -9.588 -9.808 -9.393 -8.219 -7.684 -7.063 -9.66
0.034665 -11.005 -10.878 -10.778 -10.454 -10.143 -9.795 -10.625 -10.409 -10.139 -9.784 -9.417 -8.986 -10.418 -10.032 -9.583 -9.244 -8.922 -10.019 -9.621 -9.293 -9.083 -9.085 -9.638 -9.857 -9.444 -8.271 -7.737 -7.116 -9.709
0.035713 -11.042 -10.918 -10.82 -10.501 -10.191 -9.844 -10.667 -10.456 -10.187 -9.834 -9.468 -9.038 -10.465 -10.081 -9.633 -9.296 -8.974 -10.068 -9.671 -9.344 -9.133 -9.133 -9.687 -9.906 -9.495 -8.324 -7.79 -7.17 -9.758
0.036793 -11.078 -10.958 -10.861 -10.546 -10.239 -9.894 -10.709 -10.502 -10.235 -9.883 -9.518 -9.089 -10.511 -10.129 -9.683 -9.347 -9.026 -10.116 -9.72 -9.394 -9.183 -9.181 -9.737 -9.956 -9.545 -8.376 -7.843 -7.223 -9.808
0.037906 -11.114 -10.998 -10.903 -10.592 -10.287 -9.943 -10.751 -10.548 -10.283 -9.933 -9.569 -9.141 -10.557 -10.178 -9.733 -9.398 -9.077 -10.164 -9.77 -9.444 -9.233 -9.229 -9.787 -10.005 -9.596 -8.429 -7.896 -7.277 -9.857
0.039052 -11.15 -11.038 -10.944 -10.638 -10.335 -9.992 -10.792 -10.594 -10.331 -9.982 -9.619 -9.192 -10.603 -10.226 -9.783 -9.449 -9.129 -10.212 -9.819 -9.494 -9.283 -9.276 -9.836 -10.054 -9.646 -8.481 -7.949 -7.33 -9.906
0.040234 -11.186 -11.077 -10.985 -10.684 -10.383 -10.042 -10.834 -10.64 -10.379 -10.032 -9.67 -9.243 -10.649 -10.274 -9.833 -9.499 -9.18 -10.26 -9.869 -9.544 -9.333 -9.324 -9.886 -10.103 -9.696 -8.534 -8.002 -7.384 -9.955
0.04145 -11.222 -11.116 -11.026 -10.729 -10.43 -10.091 -10.875 -10.686 -10.426 -10.081 -9.72 -9.295 -10.695 -10.323 -9.883 -9.55 -9.232 -10.308 -9.918 -9.594 -9.382 -9.372 -9.935 -10.151 -9.747 -8.586 -8.055 -7.437 -10.005
0.042704 -11.257 -11.155 -11.067 -10.775 -10.478 -10.14 -10.917 -10.732 -10.474 -10.13 -9.77 -9.346 -10.741 -10.371 -9.933 -9.601 -9.283 -10.356 -9.967 -9.644 -9.432 -9.42 -9.985 -10.2 -9.797 -8.639 -8.108 -7.491 -10.054
0.043996 -11.292 -11.194 -11.108 -10.82 -10.525 -10.189 -10.958 -10.777 -10.521 -10.179 -9.821 -9.397 -10.786 -10.419 -9.983 -9.652 -9.335 -10.404 -10.017 -9.694 -9.482 -9.468 -10.034 -10.249 -9.847 -8.691 -8.161 -7.544 -10.102
0.045326 -11.327 -11.233 -11.148 -10.865 -10.573 -10.238 -10.998 -10.823 -10.569 -10.228 -9.871 -9.448 -10.832 -10.467 -10.033 -9.702 -9.386 -10.451 -10.066 -9.744 -9.532 -9.515 -10.083 -10.297 -9.897 -8.744 -8.214 -7.597 -10.151
0.046697 -11.362 -11.271 -11.189 -10.91 -10.62 -10.287 -11.039 -10.868 -10.616 -10.277 -9.921 -9.5 -10.877 -10.514 -10.082 -9.753 -9.437 -10.499 -10.115 -9.794 -9.582 -9.563 -10.133 -10.346 -9.947 -8.796 -8.267 -7.651 -10.2
0.048109 -11.397 -11.309 -11.229 -10.955 -10.667 -10.336 -11.08 -10.914 -10.663 -10.326 -9.971 -9.551 -10.922 -10.562 -10.132 -9.804 -9.489 -10.547 -10.164 -9.844 -9.631 -9.611 -10.182 -10.394 -9.997 -8.848 -8.32 -7.704 -10.249
0.049564 -11.431 -11.347 -11.269 -11.0 -10.714 -10.385 -11.12 -10.959 -10.71 -10.375 -10.021 -9.602 -10.967 -10.61 -10.182 -9.854 -9.54 -10.594 -10.213 -9.893 -9.681 -9.659 -10.231 -10.443 -10.047 -8.9 -8.373 -7.757 -10.297
0.051063 -11.465 -11.385 -11.308 -11.044 -10.761 -10.433 -11.16 -11.004 -10.757 -10.423 -10.071 -9.653 -11.012 -10.657 -10.231 -9.905 -9.591 -10.642 -10.262 -9.943 -9.731 -9.707 -10.28 -10.491 -10.097 -8.953 -8.425 -7.81 -10.346
0.052608 -11.499 -11.423 -11.348 -11.089 -10.808 -10.482 -11.2 -11.049 -10.804 -10.472 -10.121 -9.704 -11.057 -10.705 -10.28 -9.955 -9.642 -10.689 -10.311 -9.993 -9.78 -9.755 -10.329 -10.539 -10.146 -9.005 -8.478 -7.864 -10.394
0.054199 -11.533 -11.46 -11.387 -11.133 -10.855 -10.531 -11.24 -11.094 -10.851 -10.521 -10.17 -9.755 -11.102 -10.752 -10.33 -10.005 -9.693 -10.736 -10.36 -10.042 -9.83 -9.803 -10.377 -10.588 -10.196 -9.057 -8.531 -7.917 -10.443
0.055838 -11.566 -11.497 -11.426 -11.178 -10.901 -10.579 -11.28 -11.138 -10.898 -10.569 -10.22 -9.805 -11.147 -10.799 -10.379 -10.056 -9.744 -10.783 -10.409 -10.092 -9.88 -9.85 -10.426 -10.636 -10.246 -9.109 -8.583 -7.97 -10.491
0.057527 -11.599 -11.534 -11.465 -11.222 -10.948 -10.627 -11.32 -11.183 -10.944 -10.618 -10.27 -9.856 -11.191 -10.847 -10.428 -10.106 -9.795 -10.83 -10.457 -10.142 -9.929 -9.898 -10.475 -10.684 -10.295 -9.161 -8.636 -8.023 -10.539
0.059267 -11.632 -11.571 -11.504 -11.266 -10.994 -10.676 -11.359 -11.227 -10.991 -10.666 -10.319 -9.907 -11.236 -10.894 -10.477 -10.156 -9.846 -10.877 -10.506 -10.191 -9.979 -9.946 -10.524 -10.731 -10.345 -9.213 -8.689 -8.076 -10.588
0.061059 -11.665 -11.607 -11.543 -11.31 -11.041 -10.724 -11.398 -11.271 -11.037 -10.714 -10.369 -9.958 -11.28 -10.941 -10.526 -10.206 -9.897 -10.924 -10.554 -10.24 -10.028 -9.994 -10.572 -10.779 -10.394 -9.265 -8.741 -8.129 -10.636
0.062906 -11.698 -11.643 -11.581 -11.353 -11.087 -10.772 -11.437 -11.316 -11.083 -10.762 -10.419 -10.008 -11.324 -10.987 -10.575 -10.256 -9.948 -10.971 -10.603 -10.29 -10.078 -10.042 -10.621 -10.827 -10.444 -9.317 -8.794 -8.182 -10.684
0.064808 -11.73 -11.679 -11.619 -11.397 -11.133 -10.82 -11.476 -11.36 -11.129 -10.81 -10.468 -10.059 -11.368 -11.034 -10.624 -10.306 -9.999 -11.018 -10.651 -10.339 -10.127 -10.09 -10.669 -10.875 -10.493 -9.369 -8.846 -8.236 -10.732
0.066769 -11.762 -11.715 -11.657 -11.44 -11.179 -10.868 -11.515 -11.404 -11.175 -10.858 -10.517 -10.11 -11.412 -11.081 -10.673 -10.356 -10.049 -11.064 -10.7 -10.389 -10.177 -10.137 -10.717 -10.922 -10.542 -9.421 -8.899 -8.289 -10.779
0.068788 -11.794 -11.75 -11.695 -11.484 -11.225 -10.916 -11.554 -11.447 -11.221 -10.906 -10.567 -10.16 -11.455 -11.128 -10.722 -10.406 -10.1 -11.111 -10.748 -10.438 -10.226 -10.185 -10.765 -10.97 -10.592 -9.473 -8.951 -8.342 -10.827
0.070868 -11.825 -11.786 -11.733 -11.527 -11.271 -10.964 -11.592 -11.491 -11.267 -10.954 -10.616 -10.211 -11.499 -11.174 -10.771 -10.456 -10.151 -11.157 -10.796 -10.487 -10.275 -10.233 -10.814 -11.017 -10.641 -9.524 -9.004 -8.395 -10.875
0.073012 -11.856 -11.821 -11.77 -11.57 -11.316 -11.012 -11.63 -11.534 -11.313 -11.002 -10.665 -10.261 -11.542 -11.22 -10.819 -10.505 -10.201 -11.203 -10.845 -10.536 -10.325 -10.281 -10.862 -11.064 -10.69 -9.576 -9.056 -8.448 -10.922
0.07522 -11.887 -11.855 -11.807 -11.613 -11.362 -11.059 -11.668 -11.578 -11.358 -11.05 -10.714 -10.311 -11.586 -11.267 -10.868 -10.555 -10.252 -11.25 -10.893 -10.585 -10.374 -10.329 -10.91 -11.111 -10.739 -9.628 -9.109 -8.501 -10.97
0.077495 -11.918 -11.89 -11.844 -11.655 -11.408 -11.107 -11.706 -11.621 -11.404 -11.097 -10.763 -10.362 -11.629 -11.313 -10.916 -10.605 -10.302 -11.296 -10.941 -10.634 -10.423 -10.377 -10.958 -11.158 -10.788 -9.68 -9.161 -8.553 -11.017
0.079839 -11.948 -11.924 -11.881 -11.698 -11.453 -11.154 -11.744 -11.664 -11.449 -11.145 -10.812 -10.412 -11.672 -11.359 -10.965 -10.654 -10.353 -11.342 -10.989 -10.683 -10.472 -10.424 -11.005 -11.205 -10.836 -9.731 -9.213 -8.606 -11.065
0.082253 -11.979 -11.958 -11.918 -11.74 -11.498 -11.202 -11.781 -11.707 -11.494 -11.192 -10.861 -10.462 -11.715 -11.405 -11.013 -10.704 -10.403 -11.388 -11.037 -10.732 -10.522 -10.472 -11.053 -11.252 -10.885 -9.783 -9.266 -8.659 -11.112
0.084741 -12.009 -11.992 -11.954 -11.783 -11.543 -11.249 -11.818 -11.75 -11.54 -11.239 -10.91 -10.512 -11.757 -11.451 -11.061 -10.753 -10.453 -11.434 -11.085 -10.781 -10.571 -10.52 -11.101 -11.299 -10.934 -9.834 -9.318 -8.712 -11.159
