web/models/kne/13/Metzger_0.010562_0.289310_0.100000.dat
# %ECSV 0.9
# ---
# datatype:
# - {name: time, datatype: float64}
# - {name: sdss_u, datatype: float64}
# - {name: sdss_g, datatype: float64}
# - {name: sdss_r, datatype: float64}
# - {name: sdss_i, datatype: float64}
# - {name: sdss_z, datatype: float64}
# - {name: PS1_y, datatype: float64}
# - {name: ukirt_J, datatype: float64}
# - {name: ukirt_H, datatype: float64}
# - {name: ukirt_K, datatype: float64}
# - {name: johnson_U, datatype: float64}
# - {name: johnson_B, datatype: float64}
# - {name: johnson_V, datatype: float64}
# - {name: johnson_R, datatype: float64}
# - {name: johnson_I, datatype: float64}
# - {name: Clear, datatype: float64}
# meta: !!omap
# - comment: [vej = 0.2893103448275862, mej = 0.010562026262441078, Ye = 0.1, redshift = 0.0]
# schema: astropy-2.0
time sdss_u sdss_g sdss_r sdss_i sdss_z PS1_y ukirt_J ukirt_H ukirt_K johnson_U johnson_B johnson_V johnson_R johnson_I Clear
[from data line 2655]
132.850000 nan 602.984861 463.688282 374.861765 320.491936 286.387746 217.045704 154.995014 113.889938 nan 664.264111 522.198830 446.716966 315.007441 458.105917
132.900000 nan 603.208364 463.862236 375.004077 320.614853 286.498483 217.131629 155.058654 113.938740 nan 664.509391 522.393606 446.884878 315.128399 458.277884
132.950000 nan 603.431863 464.036188 375.146386 320.737768 286.609218 217.217552 155.122292 113.987540 nan 664.754668 522.588378 447.052788 315.249357 458.449848
133.000000 nan 603.655359 464.210137 375.288694 320.860681 286.719951 217.303475 155.185929 114.036341 nan 664.999940 522.783148 447.220695 315.370312 458.621810
133.050000 nan 603.878851 464.384083 375.430999 320.983592 286.830683 217.389396 155.249566 114.085140 nan 665.245209 522.977915 447.388599 315.491265 458.793769
133.100000 nan 604.102340 464.558027 375.573302 321.106502 286.941414 217.475316 155.313202 114.133940 nan 665.490474 523.172678 447.556501 315.612217 458.965726
133.150000 nan 604.325825 464.731968 375.715603 321.229409 287.052142 217.561235 155.376837 114.182738 nan 665.735734 523.367439 447.724400 315.733166 459.137679
133.200000 nan 604.549306 464.905906 375.857902 321.352315 287.162869 217.647153 155.440471 114.231536 nan 665.980991 523.562196 447.892296 315.854114 459.309630
133.250000 nan 604.772784 465.079841 376.000198 321.475219 287.273594 217.733069 155.504105 114.280334 nan 666.226244 523.756950 448.060190 315.975061 459.481579
133.300000 nan 604.996258 465.253774 376.142493 321.598120 287.384318 217.818984 155.567737 114.329131 nan 666.471492 523.951701 448.228082 316.096005 459.653524
133.350000 nan 605.219729 465.427704 376.284785 321.721021 287.495040 217.904898 155.631369 114.377927 nan 666.716737 524.146449 448.395970 316.216947 459.825467
133.400000 nan 605.443196 465.601631 376.427075 321.843919 287.605761 217.990811 155.695000 114.426723 nan 666.961978 524.341194 448.563856 316.337888 459.997408
133.450000 nan 605.666659 465.775556 376.569363 321.966815 287.716479 218.076723 155.758630 114.475518 nan 667.207215 524.535936 448.731740 316.458827 460.169345
133.500000 nan 605.890119 465.949478 376.711648 322.089710 287.827197 218.162633 155.822260 114.524313 nan 667.452448 524.730675 448.899621 316.579764 460.341280
133.550000 nan 606.113576 466.123397 376.853932 322.212603 287.937912 218.248542 155.885888 114.573107 nan 667.697677 524.925411 449.067499 316.700700 460.513212
133.600000 nan 606.337028 466.297313 376.996213 322.335494 288.048626 218.334450 155.949516 114.621900 nan 667.942902 525.120143 449.235374 316.821633 460.685142
133.650000 nan 606.560478 466.471227 377.138493 322.458383 288.159338 218.420357 156.013143 114.670693 nan 668.188123 525.314873 449.403247 316.942565 460.857069
133.700000 nan 606.783923 466.645138 377.280770 322.581270 288.270049 218.506263 156.076769 114.719486 nan 668.433340 525.509600 449.571118 317.063495 461.028993
133.750000 nan 607.007365 466.819046 377.423044 322.704156 288.380758 218.592167 156.140395 114.768278 nan 668.678553 525.704323 449.738985 317.184423 461.200915
133.800000 nan 607.230804 466.992952 377.565317 322.827039 288.491466 218.678071 156.204019 114.817069 nan 668.923762 525.899043 449.906851 317.305349 461.372833
133.850000 nan 607.454239 467.166854 377.707588 322.949921 288.602171 218.763973 156.267643 114.865860 nan 669.168967 526.093761 450.074713 317.426274 461.544750
133.900000 nan 607.677670 467.340754 377.849856 323.072801 288.712876 218.849873 156.331266 114.914650 nan 669.414169 526.288475 450.242573 317.547196 461.716663
133.950000 nan 607.901098 467.514652 377.992122 323.195679 288.823578 218.935773 156.394888 114.963440 nan 669.659366 526.483186 450.410430 317.668117 461.888574
134.000000 nan 608.124522 467.688547 378.134386 323.318556 288.934279 219.021672 156.458509 115.012229 nan 669.904560 526.677894 450.578285 317.789037 462.060482
134.050000 nan 608.347943 467.862439 378.276648 323.441430 289.044979 219.107569 156.522130 115.061018 nan 670.149749 526.872599 450.746137 317.909954 462.232387
134.100000 nan 608.571360 468.036328 378.418908 323.564303 289.155676 219.193465 156.585749 115.109806 nan 670.394935 527.067301 450.913987 318.030869 462.404290
134.150000 nan 608.794773 468.210214 378.561165 323.687174 289.266372 219.279360 156.649368 115.158593 nan 670.640116 527.262000 451.081834 318.151783 462.576190
134.200000 nan 609.018183 468.384098 378.703421 323.810043 289.377067 219.365254 156.712986 115.207380 nan 670.885294 527.456696 451.249678 318.272695 462.748088
134.250000 nan 609.241590 468.557979 378.845674 323.932910 289.487760 219.451146 156.776603 115.256167 nan 671.130468 527.651389 451.417520 318.393605 462.919982
134.300000 nan 609.464993 468.731858 378.987925 324.055775 289.598451 219.537038 156.840220 115.304953 nan 671.375638 527.846079 451.585359 318.514514 463.091875
134.350000 nan 609.688392 468.905734 379.130174 324.178639 289.709141 219.622928 156.903836 115.353738 nan 671.620804 528.040765 451.753195 318.635420 463.263764
134.400000 nan 609.911788 469.079607 379.272421 324.301500 289.819829 219.708817 156.967450 115.402523 nan 671.865966 528.235449 451.921029 318.756325 463.435651
134.450000 nan 610.135180 469.253477 379.414665 324.424360 289.930515 219.794705 157.031064 115.451307 nan 672.111124 528.430129 452.088861 318.877228 463.607535
134.500000 nan 610.358569 469.427345 379.556908 324.547218 290.041200 219.880591 157.094678 115.500091 nan 672.356278 528.624807 452.256689 318.998129 463.779416
134.550000 nan 610.581954 469.601210 379.699148 324.670075 290.151883 219.966477 157.158290 115.548874 nan 672.601429 528.819481 452.424515 319.119029 463.951295
134.600000 nan 610.805335 469.775072 379.841386 324.792929 290.262565 220.052361 157.221902 115.597656 nan 672.846575 529.014153 452.592339 319.239927 464.123171
134.650000 nan 611.028714 469.948932 379.983622 324.915782 290.373245 220.138244 157.285513 115.646438 nan 673.091717 529.208821 452.760160 319.360823 464.295045
134.700000 nan 611.252088 470.122789 380.125856 325.038632 290.483923 220.224126 157.349123 115.695220 nan 673.336856 529.403487 452.927978 319.481717 464.466916
134.750000 nan 611.475459 470.296643 380.268088 325.161481 290.594600 220.310006 157.412732 115.744001 nan 673.581991 529.598149 453.095794 319.602609 464.638784
134.800000 nan 611.698827 470.470494 380.410317 325.284329 290.705275 220.395886 157.476340 115.792781 nan 673.827121 529.792808 453.263607 319.723499 464.810649
134.850000 nan 611.922191 470.644343 380.552545 325.407174 290.815949 220.481764 157.539948 115.841561 nan 674.072248 529.987464 453.431418 319.844388 464.982512
134.900000 nan 612.145551 470.818189 380.694770 325.530018 290.926621 220.567641 157.603555 115.890340 nan 674.317371 530.182117 453.599226 319.965275 465.154372
134.950000 nan 612.368908 470.992033 380.836993 325.652859 291.037291 220.653517 157.667161 115.939119 nan 674.562490 530.376768 453.767032 320.086160 465.326230
135.000000 nan 612.592261 471.165874 380.979214 325.775699 291.147960 220.739392 157.730766 115.987897 nan 674.807605 530.571415 453.934835 320.207044 465.498085
135.050000 nan 612.815611 471.339712 381.121433 325.898537 291.258627 220.825266 157.794370 116.036675 nan 675.052717 530.766059 454.102635 320.327926 465.669937
135.100000 nan 613.038957 471.513547 381.263650 326.021374 291.369292 220.911138 157.857974 116.085452 nan 675.297824 530.960700 454.270433 320.448805 465.841787
135.150000 nan 613.262300 471.687380 381.405864 326.144208 291.479956 220.997009 157.921577 116.134228 nan 675.542928 531.155338 454.438228 320.569683 466.013634
135.200000 nan 613.485639 471.861210 381.548077 326.267041 291.590619 221.082879 157.985179 116.183004 nan 675.788027 531.349973 454.606020 320.690560 466.185478
135.250000 nan 613.708975 472.035038 381.690287 326.389872 291.701280 221.168748 158.048780 116.231780 nan 676.033123 531.544605 454.773810 320.811434 466.357320
135.300000 nan 613.932307 472.208862 381.832495 326.512701 291.811939 221.254616 158.112380 116.280555 nan 676.278215 531.739233 454.941598 320.932307 466.529159
135.350000 nan 614.155636 472.382684 381.974701 326.635528 291.922596 221.340483 158.175980 116.329329 nan 676.523302 531.933859 455.109383 321.053178 466.700995
135.400000 nan 614.378961 472.556504 382.116905 326.758353 292.033252 221.426348 158.239579 116.378103 nan 676.768386 532.128482 455.277165 321.174047 466.872829
135.450000 nan 614.602283 472.730320 382.259107 326.881177 292.143906 221.512212 158.303177 116.426876 nan 677.013467 532.323102 455.444945 321.294915 467.044660
135.500000 nan 614.825601 472.904135 382.401306 327.003999 292.254559 221.598075 158.366774 116.475649 nan 677.258543 532.517719 455.612722 321.415780 467.216489
135.550000 nan 615.048916 473.077946 382.543504 327.126819 292.365210 221.683937 158.430371 116.524421 nan 677.503615 532.712333 455.780497 321.536644 467.388315
135.600000 nan 615.272227 473.251755 382.685699 327.249637 292.475860 221.769797 158.493966 116.573193 nan 677.748684 532.906943 455.948269 321.657507 467.560138
135.650000 nan 615.495535 473.425561 382.827892 327.372454 292.586508 221.855657 158.557561 116.621964 nan 677.993748 533.101551 456.116038 321.778367 467.731958
135.700000 nan 615.718839 473.599364 382.970083 327.495268 292.697154 221.941515 158.621155 116.670734 nan 678.238809 533.296156 456.283805 321.899226 467.903776
135.750000 nan 615.942139 473.773165 383.112272 327.618081 292.807799 222.027372 158.684748 116.719504 nan 678.483866 533.490757 456.451569 322.020082 468.075592
135.800000 nan 616.165437 473.946963 383.254459 327.740892 292.918442 222.113228 158.748341 116.768274 nan 678.728919 533.685356 456.619331 322.140937 468.247404
135.850000 nan 616.388730 474.120758 383.396644 327.863701 293.029084 222.199083 158.811932 116.817042 nan 678.973968 533.879952 456.787091 322.261791 468.419215
135.900000 nan 616.612020 474.294551 383.538826 327.986509 293.139724 222.284937 158.875523 116.865811 nan 679.219013 534.074544 456.954847 322.382642 468.591022
135.950000 nan 616.835307 474.468341 383.681007 328.109314 293.250362 222.370789 158.939113 116.914579 nan 679.464055 534.269134 457.122601 322.503492 468.762827
136.000000 nan 617.058590 474.642128 383.823185 328.232118 293.360999 222.456640 159.002703 116.963346 nan 679.709092 534.463721 457.290353 322.624340 468.934629
136.050000 nan 617.281870 474.815913 383.965361 328.354920 293.471634 222.542490 159.066291 117.012113 nan 679.954126 534.658304 457.458102 322.745186 469.106429
136.100000 nan 617.505146 474.989695 384.107536 328.477721 293.582268 222.628339 159.129879 117.060879 nan 680.199156 534.852885 457.625848 322.866031 469.278226
136.150000 nan 617.728419 475.163475 384.249708 328.600519 293.692900 222.714187 159.193466 117.109644 nan 680.444182 535.047463 457.793592 322.986874 469.450020
136.200000 nan 617.951688 475.337252 384.391877 328.723316 293.803530 222.800034 159.257052 117.158409 nan 680.689204 535.242037 457.961334 323.107715 469.621812
136.250000 nan 618.174954 475.511026 384.534045 328.846111 293.914159 222.885879 159.320637 117.207174 nan 680.934222 535.436609 458.129072 323.228554 469.793601
136.300000 nan 618.398216 475.684797 384.676211 328.968904 294.024786 222.971723 159.384221 117.255938 nan 681.179237 535.631177 458.296809 323.349391 469.965387
136.350000 nan 618.621475 475.858566 384.818374 329.091695 294.135412 223.057566 159.447805 117.304701 nan 681.424247 535.825743 458.464542 323.470227 470.137171
136.400000 nan 618.844730 476.032332 384.960536 329.214485 294.246036 223.143408 159.511388 117.353464 nan 681.669254 536.020306 458.632274 323.591061 470.308952
136.450000 nan 619.067982 476.206096 385.102695 329.337272 294.356659 223.229249 159.574970 117.402227 nan 681.914257 536.214865 458.800002 323.711893 470.480731
136.500000 nan 619.291230 476.379857 385.244852 329.460058 294.467280 223.315089 159.638552 117.450989 nan 682.159256 536.409422 458.967728 323.832723 470.652507
136.550000 nan 619.514475 476.553615 385.387007 329.582842 294.577899 223.400927 159.702132 117.499750 nan 682.404251 536.603975 459.135452 323.953552 470.824280
136.600000 nan 619.737716 476.727371 385.529160 329.705625 294.688517 223.486764 159.765712 117.548511 nan 682.649243 536.798526 459.303173 324.074379 470.996051
136.650000 nan 619.960954 476.901124 385.671311 329.828405 294.799133 223.572600 159.829291 117.597271 nan 682.894230 536.993074 459.470891 324.195204 471.167819
136.700000 nan 620.184188 477.074874 385.813459 329.951184 294.909748 223.658435 159.892869 117.646030 nan 683.139214 537.187618 459.638607 324.316028 471.339585
136.750000 nan 620.407419 477.248622 385.955606 330.073961 295.020361 223.744269 159.956446 117.694790 nan 683.384194 537.382160 459.806320 324.436849 471.511348
136.800000 nan 620.630647 477.422367 386.097751 330.196736 295.130972 223.830102 160.020023 117.743548 nan 683.629170 537.576699 459.974031 324.557669 471.683108
136.850000 nan 620.853871 477.596109 386.239893 330.319510 295.241582 223.915933 160.083599 117.792306 nan 683.874142 537.771234 460.141740 324.678487 471.854866
136.900000 nan 621.077091 477.769849 386.382033 330.442281 295.352190 224.001763 160.147174 117.841064 nan 684.119110 537.965767 460.309445 324.799304 472.026621
136.950000 nan 621.300308 477.943586 386.524171 330.565051 295.462797 224.087592 160.210748 117.889821 nan 684.364075 538.160297 460.477149 324.920119 472.198374
137.000000 nan 621.523522 478.117321 386.666307 330.687819 295.573402 224.173420 160.274321 117.938577 nan 684.609035 538.354823 460.644849 325.040931 472.370124
137.050000 nan 621.746732 478.291052 386.808441 330.810586 295.684006 224.259247 160.337894 117.987333 nan 684.853992 538.549347 460.812547 325.161743 472.541871
137.100000 nan 621.969939 478.464782 386.950573 330.933350 295.794608 224.345073 160.401466 118.036088 nan 685.098945 538.743868 460.980243 325.282552 472.713616
137.150000 nan 622.193142 478.638508 387.092703 331.056113 295.905208 224.430897 160.465037 118.084843 nan 685.343894 538.938386 461.147936 325.403360 472.885358
137.200000 nan 622.416342 478.812232 387.234831 331.178874 296.015807 224.516720 160.528607 118.133597 nan 685.588840 539.132901 461.315627 325.524166 473.057098
137.250000 nan 622.639538 478.985954 387.376956 331.301633 296.126404 224.602543 160.592177 118.182351 nan 685.833781 539.327412 461.483315 325.644970 473.228835
137.300000 nan 622.862731 479.159672 387.519080 331.424391 296.237000 224.688364 160.655745 118.231104 nan 686.078719 539.521921 461.651000 325.765772 473.400569
137.350000 nan 623.085920 479.333388 387.661201 331.547146 296.347594 224.774183 160.719313 118.279857 nan 686.323653 539.716427 461.818683 325.886573 473.572301
137.400000 nan 623.309106 479.507102 387.803320 331.669900 296.458187 224.860002 160.782880 118.328609 nan 686.568583 539.910930 461.986364 326.007372 473.744030
137.450000 nan 623.532289 479.680813 387.945437 331.792652 296.568778 224.945820 160.846447 118.377360 nan 686.813509 540.105430 462.154042 326.128169 473.915757
137.500000 nan 623.755468 479.854521 388.087553 331.915403 296.679367 225.031636 160.910012 118.426111 nan 687.058432 540.299927 462.321717 326.248965 474.087481
137.550000 nan 623.978643 480.028227 388.229666 332.038151 296.789955 225.117451 160.973577 118.474862 nan 687.303351 540.494421 462.489390 326.369759 474.259202
137.600000 nan 624.201816 480.201930 388.371776 332.160898 296.900541 225.203265 161.037141 118.523612 nan 687.548266 540.688912 462.657061 326.490551 474.430921
137.650000 nan 624.424984 480.375630 388.513885 332.283643 297.011126 225.289078 161.100704 118.572361 nan 687.793177 540.883400 462.824728 326.611341 474.602637
137.700000 nan 624.648150 480.549328 388.655992 332.406386 297.121709 225.374890 161.164267 118.621110 nan 688.038084 541.077885 462.992394 326.732129 474.774351
