web/models/kne/13/Metzger_0.002357_0.143448_0.450000.dat
# %ECSV 0.9
# ---
# datatype:
# - {name: time, datatype: float64}
# - {name: sdss_u, datatype: float64}
# - {name: sdss_g, datatype: float64}
# - {name: sdss_r, datatype: float64}
# - {name: sdss_i, datatype: float64}
# - {name: sdss_z, datatype: float64}
# - {name: PS1_y, datatype: float64}
# - {name: ukirt_J, datatype: float64}
# - {name: ukirt_H, datatype: float64}
# - {name: ukirt_K, datatype: float64}
# - {name: johnson_U, datatype: float64}
# - {name: johnson_B, datatype: float64}
# - {name: johnson_V, datatype: float64}
# - {name: johnson_R, datatype: float64}
# - {name: johnson_I, datatype: float64}
# - {name: Clear, datatype: float64}
# meta: !!omap
# - comment: [vej = 0.14344827586206896, mej = 0.0023565232270507863, Ye = 0.45, redshift = 0.0]
# schema: astropy-2.0
time sdss_u sdss_g sdss_r sdss_i sdss_z PS1_y ukirt_J ukirt_H ukirt_K johnson_U johnson_B johnson_V johnson_R johnson_I Clear
[from data line 884]
44.300000 282.067889 202.909312 152.846507 121.006672 101.566280 89.397529 64.740317 42.824840 28.441729 272.574408 224.968474 173.859030 146.756968 99.607869 150.843194
44.350000 282.388976 203.146893 153.031069 121.157376 101.696230 89.514446 64.830684 42.891361 28.492373 272.885495 225.229358 174.065872 146.935065 99.735725 151.025630
44.400000 282.710045 203.384461 153.215623 121.308072 101.826175 89.631358 64.921049 42.957880 28.543017 273.196565 225.490228 174.272703 147.113153 99.863574 151.208057
44.450000 283.031096 203.622017 153.400167 121.458762 101.956114 89.748266 65.011410 43.024398 28.593660 273.507618 225.751084 174.479524 147.291233 99.991418 151.390475
44.500000 283.352130 203.859561 153.584702 121.609445 102.086047 89.865168 65.101768 43.090914 28.644302 273.818653 226.011926 174.686335 147.469304 100.119257 151.572884
44.550000 283.673145 204.097092 153.769228 121.760120 102.215974 89.982066 65.192123 43.157429 28.694943 274.129672 226.272753 174.893135 147.647366 100.247090 151.755284
44.600000 283.994143 204.334610 153.953745 121.910789 102.345896 90.098959 65.282475 43.223941 28.745584 274.440673 226.533567 175.099924 147.825419 100.374917 151.937675
44.650000 284.315123 204.572116 154.138252 122.061451 102.475812 90.215847 65.372823 43.290453 28.796225 274.751657 226.794367 175.306703 148.003464 100.502739 152.120057
44.700000 284.636086 204.809610 154.322751 122.212106 102.605723 90.332731 65.463169 43.356962 28.846864 275.062624 227.055153 175.513471 148.181500 100.630556 152.302430
44.750000 284.957031 205.047091 154.507240 122.362753 102.735628 90.449609 65.553511 43.423470 28.897503 275.373574 227.315925 175.720229 148.359527 100.758367 152.484794
44.800000 285.277958 205.284560 154.691721 122.513394 102.865527 90.566483 65.643850 43.489977 28.948142 275.684507 227.576684 175.926976 148.537546 100.886172 152.667149
44.850000 285.598867 205.522016 154.876192 122.664028 102.995421 90.683352 65.734186 43.556481 28.998779 275.995423 227.837428 176.133713 148.715556 101.013972 152.849496
44.900000 285.919759 205.759460 155.060655 122.814655 103.125309 90.800216 65.824519 43.622984 29.049417 276.306322 228.098159 176.340439 148.893557 101.141767 153.031833
44.950000 286.240634 205.996892 155.245108 122.965276 103.255191 90.917075 65.914849 43.689486 29.100053 276.617204 228.358875 176.547155 149.071550 101.269556 153.214161
45.000000 286.561490 206.234311 155.429552 123.115889 103.385068 91.033930 66.005176 43.755985 29.150689 276.928069 228.619578 176.753861 149.249534 101.397339 153.396481
45.050000 286.882330 206.471718 155.613988 123.266495 103.514940 91.150780 66.095499 43.822484 29.201324 277.238917 228.880268 176.960556 149.427510 101.525117 153.578792
45.100000 287.203151 206.709113 155.798414 123.417095 103.644805 91.267625 66.185820 43.888980 29.251959 277.549748 229.140943 177.167241 149.605477 101.652890 153.761093
45.150000 287.523955 206.946495 155.982831 123.567687 103.774665 91.384465 66.276137 43.955475 29.302593 277.860563 229.401605 177.373915 149.783435 101.780657 153.943386
45.200000 287.844742 207.183866 156.167240 123.718273 103.904520 91.501300 66.366451 44.021968 29.353226 278.171360 229.662253 177.580580 149.961385 101.908419 154.125670
45.250000 288.165511 207.421223 156.351639 123.868852 104.034369 91.618131 66.456762 44.088460 29.403859 278.482141 229.922887 177.787233 150.139326 102.036175 154.307946
45.300000 288.486263 207.658569 156.536029 124.019424 104.164212 91.734957 66.547070 44.154950 29.454491 278.792905 230.183507 177.993877 150.317259 102.163926 154.490212
45.350000 288.806997 207.895902 156.720411 124.169989 104.294050 91.851778 66.637375 44.221438 29.505122 279.103652 230.444114 178.200510 150.495183 102.291671 154.672470
45.400000 289.127714 208.133224 156.904783 124.320547 104.423882 91.968594 66.727677 44.287925 29.555753 279.414382 230.704707 178.407132 150.673099 102.419411 154.854718
45.450000 289.448414 208.370533 157.089147 124.471099 104.553709 92.085406 66.817976 44.354410 29.606383 279.725096 230.965287 178.613745 150.851006 102.547146 155.036959
45.500000 289.769096 208.607829 157.273502 124.621644 104.683530 92.202213 66.908271 44.420894 29.657012 280.035793 231.225853 178.820347 151.028904 102.674875 155.219190
45.550000 290.089761 208.845114 157.457847 124.772181 104.813346 92.319015 66.998564 44.487375 29.707641 280.346473 231.486405 179.026939 151.206794 102.802599 155.401412
45.600000 290.410409 209.082387 157.642184 124.922713 104.943156 92.435813 67.088853 44.553856 29.758269 280.657136 231.746944 179.233520 151.384676 102.930317 155.583626
45.650000 290.731040 209.319647 157.826512 125.073237 105.072960 92.552605 67.179139 44.620334 29.808897 280.967783 232.007469 179.440092 151.562549 103.058030 155.765831
45.700000 291.051653 209.556895 158.010831 125.223754 105.202759 92.669393 67.269423 44.686811 29.859523 281.278413 232.267981 179.646653 151.740414 103.185737 155.948027
45.750000 291.372249 209.794131 158.195142 125.374265 105.332553 92.786177 67.359703 44.753287 29.910150 281.589027 232.528479 179.853204 151.918270 103.313440 156.130215
45.800000 291.692828 210.031355 158.379443 125.524769 105.462341 92.902955 67.449980 44.819760 29.960775 281.899624 232.788963 180.059745 152.096118 103.441136 156.312393
45.850000 292.013389 210.268567 158.563736 125.675266 105.592123 93.019729 67.540254 44.886232 30.011400 282.210204 233.049435 180.266275 152.273957 103.568828 156.494564
45.900000 292.333934 210.505767 158.748020 125.825756 105.721901 93.136499 67.630525 44.952703 30.062024 282.520768 233.309892 180.472795 152.451788 103.696514 156.676725
45.950000 292.654461 210.742955 158.932295 125.976240 105.851672 93.253263 67.720792 45.019172 30.112648 282.831316 233.570336 180.679306 152.629610 103.824195 156.858878
46.000000 292.974971 210.980131 159.116561 126.126717 105.981438 93.370023 67.811057 45.085639 30.163271 283.141846 233.830767 180.885806 152.807424 103.951870 157.041022
46.050000 293.295464 211.217295 159.300818 126.277187 106.111199 93.486778 67.901319 45.152105 30.213893 283.452361 234.091184 181.092295 152.985230 104.079540 157.223157
46.100000 293.615941 211.454446 159.485067 126.427651 106.240954 93.603528 67.991577 45.218569 30.264515 283.762859 234.351588 181.298775 153.163027 104.207205 157.405284
46.150000 293.936400 211.691586 159.669307 126.578107 106.370704 93.720274 68.081833 45.285031 30.315135 284.073340 234.611979 181.505245 153.340816 104.334864 157.587402
46.200000 294.256842 211.928714 159.853538 126.728557 106.500448 93.837015 68.172085 45.351492 30.365756 284.383805 234.872356 181.711704 153.518596 104.462518 157.769511
46.250000 294.577267 212.165830 160.037760 126.879001 106.630187 93.953752 68.262335 45.417951 30.416375 284.694254 235.132720 181.918154 153.696369 104.590167 157.951612
46.300000 294.897675 212.402934 160.221974 127.029437 106.759920 94.070484 68.352581 45.484408 30.466994 285.004686 235.393070 182.124593 153.874132 104.717810 158.133704
46.350000 295.218066 212.640026 160.406178 127.179867 106.889648 94.187211 68.442824 45.550864 30.517612 285.315103 235.653407 182.331022 154.051888 104.845448 158.315788
46.400000 295.538440 212.877106 160.590375 127.330290 107.019370 94.303933 68.533065 45.617318 30.568230 285.625502 235.913731 182.537441 154.229635 104.973081 158.497863
46.450000 295.858797 213.114175 160.774562 127.480707 107.149087 94.420651 68.623302 45.683771 30.618847 285.935886 236.174041 182.743851 154.407374 105.100708 158.679930
46.500000 296.179138 213.351231 160.958741 127.631117 107.278799 94.537364 68.713536 45.750222 30.669463 286.246253 236.434339 182.950250 154.585104 105.228330 158.861987
46.550000 296.499461 213.588276 161.142911 127.781520 107.408505 94.654073 68.803767 45.816672 30.720079 286.556604 236.694623 183.156639 154.762826 105.355947 159.044037
46.600000 296.819768 213.825308 161.327072 127.931917 107.538206 94.770777 68.893995 45.883119 30.770694 286.866938 236.954893 183.363018 154.940540 105.483559 159.226078
46.650000 297.140058 214.062329 161.511225 128.082306 107.667901 94.887476 68.984220 45.949565 30.821308 287.177257 237.215151 183.569387 155.118246 105.611165 159.408110
46.700000 297.460331 214.299338 161.695369 128.232690 107.797591 95.004171 69.074442 46.016010 30.871922 287.487559 237.475395 183.775746 155.295943 105.738766 159.590134
46.750000 297.780588 214.536335 161.879504 128.383066 107.927276 95.120861 69.164661 46.082453 30.922535 287.797845 237.735626 183.982095 155.473632 105.866362 159.772149
46.800000 298.100827 214.773321 162.063631 128.533437 108.056955 95.237547 69.254877 46.148894 30.973147 288.108115 237.995844 184.188434 155.651313 105.993952 159.954155
46.850000 298.421050 215.010295 162.247749 128.683800 108.186629 95.354227 69.345090 46.215334 31.023758 288.418368 238.256049 184.394764 155.828986 106.121537 160.136154
46.900000 298.741256 215.247257 162.431859 128.834157 108.316297 95.470904 69.435299 46.281772 31.074369 288.728606 238.516241 184.601083 156.006650 106.249117 160.318143
46.950000 299.061446 215.484207 162.615960 128.984507 108.445960 95.587575 69.525506 46.348209 31.124980 289.038827 238.776419 184.807392 156.184306 106.376692 160.500125
47.000000 299.381619 215.721145 162.800052 129.134851 108.575618 95.704242 69.615710 46.414643 31.175589 289.349033 239.036585 185.013692 156.361954 106.504261 160.682097
47.050000 299.701775 215.958072 162.984136 129.285188 108.705270 95.820905 69.705911 46.481077 31.226198 289.659222 239.296737 185.219981 156.539594 106.631826 160.864062
47.100000 300.021914 216.194987 163.168211 129.435518 108.834917 95.937563 69.796108 46.547508 31.276806 289.969396 239.556876 185.426261 156.717225 106.759385 161.046018
47.150000 300.342037 216.431890 163.352278 129.585842 108.964559 96.054216 69.886303 46.613938 31.327414 290.279553 239.817003 185.632531 156.894849 106.886939 161.227965
47.200000 300.662144 216.668782 163.536336 129.736160 109.094195 96.170865 69.976495 46.680367 31.378021 290.589694 240.077116 185.838791 157.072464 107.014487 161.409904
47.250000 300.982233 216.905662 163.720386 129.886470 109.223826 96.287509 70.066684 46.746794 31.428627 290.899820 240.337216 186.045041 157.250071 107.142030 161.591835
47.300000 301.302307 217.142531 163.904427 130.036775 109.353452 96.404149 70.156869 46.813219 31.479232 291.209929 240.597303 186.251281 157.427670 107.269569 161.773757
47.350000 301.622364 217.379387 164.088459 130.187072 109.483072 96.520784 70.247052 46.879642 31.529837 291.520023 240.857377 186.457512 157.605261 107.397102 161.955671
47.400000 301.942404 217.616233 164.272483 130.337364 109.612687 96.637414 70.337232 46.946064 31.580441 291.830101 241.117438 186.663732 157.782843 107.524629 162.137576
47.450000 302.262428 217.853066 164.456499 130.487648 109.742297 96.754040 70.427408 47.012485 31.631045 292.140162 241.377487 186.869943 157.960418 107.652152 162.319473
47.500000 302.582435 218.089888 164.640506 130.637926 109.871901 96.870662 70.517582 47.078903 31.681647 292.450208 241.637522 187.076144 158.137984 107.779669 162.501362
47.550000 302.902426 218.326699 164.824504 130.788198 110.001500 96.987278 70.607753 47.145320 31.732249 292.760238 241.897544 187.282336 158.315542 107.907182 162.683242
47.600000 303.222401 218.563498 165.008494 130.938463 110.131094 97.103891 70.697920 47.211736 31.782851 293.070252 242.157554 187.488517 158.493093 108.034689 162.865114
47.650000 303.542359 218.800285 165.192476 131.088722 110.260683 97.220498 70.788085 47.278150 31.833451 293.380251 242.417551 187.694689 158.670635 108.162190 163.046978
47.700000 303.862301 219.037061 165.376449 131.238974 110.390266 97.337102 70.878247 47.344562 31.884051 293.690233 242.677534 187.900851 158.848169 108.289687 163.228833
47.750000 304.182226 219.273825 165.560414 131.389220 110.519844 97.453700 70.968405 47.410973 31.934651 294.000200 242.937505 188.107003 159.025695 108.417179 163.410680
47.800000 304.502135 219.510578 165.744370 131.539459 110.649416 97.570295 71.058561 47.477382 31.985249 294.310151 243.197463 188.313146 159.203213 108.544665 163.592518
47.850000 304.822028 219.747319 165.928318 131.689692 110.778984 97.686884 71.148714 47.543790 32.035847 294.620087 243.457408 188.519279 159.380722 108.672146 163.774349
47.900000 305.141905 219.984049 166.112257 131.839918 110.908546 97.803470 71.238864 47.610195 32.086445 294.930006 243.717341 188.725402 159.558224 108.799622 163.956171
47.950000 305.461765 220.220768 166.296188 131.990138 111.038103 97.920050 71.329010 47.676600 32.137041 295.239910 243.977260 188.931515 159.735718 108.927093 164.137985
48.000000 305.781609 220.457475 166.480111 132.140351 111.167654 98.036626 71.419154 47.743002 32.187637 295.549799 244.237167 189.137619 159.913204 109.054559 164.319790
48.050000 306.101437 220.694170 166.664025 132.290558 111.297201 98.153198 71.509295 47.809403 32.238232 295.859671 244.497061 189.343713 160.090682 109.182020 164.501588
48.100000 306.421248 220.930854 166.847931 132.440759 111.426742 98.269765 71.599433 47.875803 32.288827 296.169529 244.756942 189.549798 160.268151 109.309476 164.683377
48.150000 306.741044 221.167527 167.031829 132.590953 111.556278 98.386328 71.689568 47.942201 32.339420 296.479370 245.016811 189.755873 160.445613 109.436926 164.865157
48.200000 307.060823 221.404189 167.215718 132.741140 111.685808 98.502886 71.779700 48.008597 32.390013 296.789196 245.276667 189.961938 160.623067 109.564371 165.046930
48.250000 307.380586 221.640839 167.399599 132.891322 111.815334 98.619440 71.869829 48.074992 32.440606 297.099006 245.536510 190.167993 160.800513 109.691812 165.228694
48.300000 307.700333 221.877477 167.583471 133.041497 111.944854 98.735989 71.959955 48.141385 32.491198 297.408801 245.796341 190.374039 160.977951 109.819247 165.410450
48.350000 308.020064 222.114105 167.767335 133.191665 112.074369 98.852534 72.050078 48.207776 32.541789 297.718580 246.056158 190.580076 161.155380 109.946677 165.592198
48.400000 308.339779 222.350721 167.951191 133.341827 112.203879 98.969074 72.140198 48.274166 32.592379 298.028344 246.315963 190.786103 161.332802 110.074102 165.773938
48.450000 308.659478 222.587325 168.135039 133.491983 112.333384 99.085610 72.230315 48.340554 32.642969 298.338092 246.575756 190.992120 161.510216 110.201522 165.955670
48.500000 308.979161 222.823919 168.318878 133.642132 112.462883 99.202142 72.320429 48.406941 32.693557 298.647825 246.835536 191.198128 161.687623 110.328937 166.137393
48.550000 309.298828 223.060501 168.502709 133.792275 112.592377 99.318669 72.410541 48.473326 32.744146 298.957542 247.095303 191.404126 161.865021 110.456346 166.319108
48.600000 309.618478 223.297072 168.686532 133.942412 112.721866 99.435191 72.500649 48.539710 32.794733 299.267244 247.355058 191.610115 162.042411 110.583751 166.500815
48.650000 309.938113 223.533631 168.870346 134.092542 112.851350 99.551709 72.590754 48.606092 32.845320 299.576931 247.614800 191.816094 162.219793 110.711151 166.682514
48.700000 310.257732 223.770180 169.054153 134.242666 112.980829 99.668223 72.680857 48.672472 32.895906 299.886602 247.874530 192.022063 162.397168 110.838545 166.864205
48.750000 310.577335 224.006717 169.237950 134.392784 113.110302 99.784732 72.770956 48.738850 32.946492 300.196257 248.134247 192.228024 162.574534 110.965935 167.045888
48.800000 310.896922 224.243242 169.421740 134.542895 113.239771 99.901237 72.861053 48.805228 32.997076 300.505898 248.393951 192.433974 162.751893 111.093319 167.227562
48.850000 311.216493 224.479757 169.605522 134.693000 113.369234 100.017737 72.951146 48.871603 33.047660 300.815523 248.653643 192.639915 162.929244 111.220699 167.409229
48.900000 311.536048 224.716261 169.789295 134.843098 113.498692 100.134233 73.041237 48.937977 33.098244 301.125133 248.913323 192.845847 163.106587 111.348073 167.590887
