web/models/kne/13/Metzger_0.008525_0.289310_0.450000.dat
# %ECSV 0.9
# ---
# datatype:
# - {name: time, datatype: float64}
# - {name: sdss_u, datatype: float64}
# - {name: sdss_g, datatype: float64}
# - {name: sdss_r, datatype: float64}
# - {name: sdss_i, datatype: float64}
# - {name: sdss_z, datatype: float64}
# - {name: PS1_y, datatype: float64}
# - {name: ukirt_J, datatype: float64}
# - {name: ukirt_H, datatype: float64}
# - {name: ukirt_K, datatype: float64}
# - {name: johnson_U, datatype: float64}
# - {name: johnson_B, datatype: float64}
# - {name: johnson_V, datatype: float64}
# - {name: johnson_R, datatype: float64}
# - {name: johnson_I, datatype: float64}
# - {name: Clear, datatype: float64}
# meta: !!omap
# - comment: [vej = 0.2893103448275862, mej = 0.008524704073694048, Ye = 0.45, redshift = 0.0]
# schema: astropy-2.0
time sdss_u sdss_g sdss_r sdss_i sdss_z PS1_y ukirt_J ukirt_H ukirt_K johnson_U johnson_B johnson_V johnson_R johnson_I Clear
[from data line 98]
5.000000 18.042620 7.858637 1.588326 -2.284644 -4.583016 -5.986700 -8.714333 -10.933208 -12.203565 16.808895 10.670094 4.198265 0.839144 -4.810960 1.341474
5.050000 18.439792 8.147720 1.808784 -2.108012 -4.433247 -5.853801 -8.615798 -10.865523 -12.156352 17.193123 10.989340 4.447561 1.051232 -4.663903 1.559179
5.100000 18.836789 8.436729 2.029230 -1.931352 -4.283425 -5.720833 -8.517162 -10.797710 -12.108996 17.577188 11.308484 4.696818 1.263318 -4.516790 1.776876
5.150000 19.233605 8.725658 2.249660 -1.754667 -4.133553 -5.587799 -8.418429 -10.729772 -12.061500 17.961085 11.627519 4.946033 1.475394 -4.369625 1.994558
5.200000 19.630236 9.014501 2.470069 -1.577962 -3.983636 -5.454705 -8.319603 -10.661713 -12.013869 18.344808 11.946441 5.195200 1.687458 -4.222412 2.212222
5.250000 20.026675 9.303255 2.690452 -1.401242 -3.833678 -5.321554 -8.220689 -10.593539 -11.966106 18.728352 12.265245 5.444314 1.899503 -4.075156 2.429863
5.300000 20.422920 9.591915 2.910805 -1.224510 -3.683684 -5.188351 -8.121691 -10.525252 -11.918216 19.111713 12.583927 5.693371 2.111527 -3.927862 2.647477
5.350000 20.818964 9.880476 3.131124 -1.047772 -3.533658 -5.055100 -8.022612 -10.456857 -11.870201 19.494886 12.902481 5.942367 2.323524 -3.780532 2.865059
5.400000 21.214804 10.168934 3.351406 -0.871030 -3.383604 -4.921805 -7.923457 -10.388357 -11.822065 19.877867 13.220905 6.191298 2.535492 -3.633171 3.082606
5.450000 21.610436 10.457287 3.571645 -0.694289 -3.233524 -4.788469 -7.824229 -10.319755 -11.773812 20.260652 13.539194 6.440160 2.747425 -3.485783 3.300113
5.500000 22.005856 10.745529 3.791839 -0.517552 -3.083424 -4.655096 -7.724931 -10.251056 -11.725444 20.643238 13.857345 6.688949 2.959321 -3.338372 3.517578
5.550000 22.401060 11.033657 4.011985 -0.340822 -2.933305 -4.521689 -7.625567 -10.182262 -11.676965 21.025620 14.175354 6.937663 3.171176 -3.190940 3.734997
5.600000 22.796045 11.321669 4.232078 -0.164103 -2.783172 -4.388252 -7.526140 -10.113377 -11.628378 21.407795 14.493217 7.186297 3.382986 -3.043490 3.952366
5.650000 23.190809 11.609560 4.452116 0.012602 -2.633028 -4.254787 -7.426654 -10.044403 -11.579685 21.789760 14.810931 7.434848 3.594750 -2.896027 4.169682
5.700000 23.585347 11.897329 4.672095 0.189290 -2.482875 -4.121298 -7.327111 -9.975344 -11.530890 22.171513 15.128495 7.683314 3.806462 -2.748553 4.386942
5.750000 23.979657 12.184971 4.892013 0.365958 -2.332717 -3.987788 -7.227514 -9.906203 -11.481996 22.553050 15.445903 7.931691 4.018122 -2.601071 4.604144
5.800000 24.373737 12.472485 5.111868 0.542603 -2.182556 -3.854259 -7.127866 -9.836982 -11.433004 22.934368 15.763155 8.179978 4.229725 -2.453584 4.821285
5.850000 24.767584 12.759868 5.331655 0.719223 -2.032395 -3.720715 -7.028170 -9.767684 -11.383918 23.315466 16.080247 8.428170 4.441270 -2.306094 5.038361
5.900000 25.161196 13.047117 5.551374 0.895815 -1.882237 -3.587157 -6.928429 -9.698312 -11.334740 23.696340 16.397177 8.676267 4.652754 -2.158604 5.255371
5.950000 25.554570 13.334230 5.771021 1.072377 -1.732083 -3.453588 -6.828644 -9.628868 -11.285472 24.076990 16.713943 8.924265 4.864173 -2.011117 5.472313
6.000000 25.947704 13.621205 5.990594 1.248907 -1.581938 -3.320011 -6.728819 -9.559355 -11.236118 24.457411 17.030542 9.172162 5.075528 -1.863634 5.689183
6.050000 26.340597 13.908040 6.210092 1.425401 -1.431802 -3.186427 -6.628955 -9.489775 -11.186679 24.837604 17.346973 9.419956 5.286813 -1.716159 5.905979
6.100000 26.733247 14.194732 6.429511 1.601859 -1.281677 -3.052840 -6.529056 -9.420130 -11.137158 25.217566 17.663233 9.667645 5.498029 -1.568693 6.122701
6.150000 27.125653 14.481281 6.648851 1.778277 -1.131567 -2.919251 -6.429123 -9.350423 -11.087556 25.597294 17.979322 9.915227 5.709173 -1.421239 6.339345
6.200000 27.517812 14.767684 6.868109 1.954654 -0.981473 -2.785663 -6.329158 -9.280656 -11.037876 25.976789 18.295237 10.162701 5.920243 -1.273798 6.555910
6.250000 27.909723 15.053940 7.087283 2.130989 -0.831396 -2.652076 -6.229163 -9.210830 -10.988120 26.356048 18.610976 10.410065 6.131237 -1.126372 6.772393
6.300000 28.301386 15.340047 7.306373 2.307279 -0.681340 -2.518494 -6.129140 -9.140949 -10.938291 26.735070 18.926539 10.657316 6.342153 -0.978963 6.988795
6.350000 28.692798 15.626004 7.525375 2.483523 -0.531304 -2.384917 -6.029092 -9.071013 -10.888389 27.113855 19.241924 10.904455 6.552991 -0.831574 7.205112
6.400000 29.083960 15.911810 7.744289 2.659719 -0.381292 -2.251348 -5.929020 -9.001025 -10.838416 27.492400 19.557130 11.151478 6.763748 -0.684205 7.421343
6.450000 29.474870 16.197463 7.963114 2.835865 -0.231305 -2.117789 -5.828925 -8.930987 -10.788376 27.870705 19.872155 11.398385 6.974423 -0.536859 7.637487
6.500000 29.865527 16.482962 8.181847 3.011961 -0.081344 -1.984240 -5.728810 -8.860900 -10.738269 28.248769 20.186999 11.645175 7.185014 -0.389536 7.853542
6.550000 30.255930 16.768306 8.400488 3.188004 0.068589 -1.850704 -5.628676 -8.790766 -10.688096 28.626592 20.501661 11.891846 7.395521 -0.242239 8.069508
6.600000 30.646079 17.053494 8.619036 3.363993 0.218493 -1.717182 -5.528525 -8.720586 -10.637861 29.004172 20.816139 12.138398 7.605942 -0.094968 8.285383
6.650000 31.035974 17.338526 8.837489 3.539928 0.368366 -1.583675 -5.428358 -8.650363 -10.587564 29.381509 21.130433 12.384829 7.816276 0.052274 8.501166
6.700000 31.425614 17.623399 9.055846 3.715806 0.518207 -1.450185 -5.328177 -8.580098 -10.537208 29.758603 21.444542 12.631138 8.026522 0.199487 8.716855
6.750000 31.814998 17.908115 9.274107 3.891627 0.668016 -1.316712 -5.227982 -8.509793 -10.486792 30.135453 21.758466 12.877324 8.236679 0.346670 8.932450
6.800000 32.204126 18.192672 9.492270 4.067390 0.817790 -1.183259 -5.127776 -8.439448 -10.436320 30.512059 22.072204 13.123388 8.446746 0.493820 9.147951
6.850000 32.592998 18.477069 9.710335 4.243094 0.967528 -1.049826 -5.027560 -8.369065 -10.385792 30.888420 22.385755 13.369327 8.656722 0.640938 9.363355
6.900000 32.981615 18.761305 9.928301 4.418737 1.117231 -0.916415 -4.927335 -8.298646 -10.335211 31.264537 22.699119 13.615141 8.866605 0.788021 9.578662
6.950000 33.369974 19.045381 10.146166 4.594319 1.266895 -0.783026 -4.827102 -8.228193 -10.284576 31.640409 23.012297 13.860829 9.076397 0.935069 9.793872
7.000000 33.758078 19.329296 10.363931 4.769839 1.416521 -0.649661 -4.726862 -8.157705 -10.233890 32.016036 23.325286 14.106392 9.286095 1.082082 10.008984
7.050000 34.145926 19.613050 10.581594 4.945296 1.566108 -0.516320 -4.626617 -8.087185 -10.183154 32.391418 23.638087 14.351828 9.495699 1.229057 10.223997
7.100000 34.533517 19.896642 10.799156 5.120689 1.715655 -0.383005 -4.526367 -8.016633 -10.132370 32.766555 23.950701 14.597137 9.705208 1.375994 10.438910
7.150000 34.920853 20.180072 11.016615 5.296018 1.865160 -0.249717 -4.426114 -7.946052 -10.081537 33.141448 24.263126 14.842319 9.914623 1.522893 10.653723
7.200000 35.307933 20.463339 11.233971 5.471281 2.014624 -0.116456 -4.325859 -7.875441 -10.030659 33.516097 24.575363 15.087372 10.123941 1.669752 10.868436
7.250000 35.694758 20.746444 11.451224 5.646479 2.164045 0.016778 -4.225602 -7.804803 -9.979735 33.890501 24.887412 15.332298 10.333163 1.816571 11.083047
7.300000 36.081327 21.029387 11.668373 5.821611 2.313422 0.149982 -4.125344 -7.734137 -9.928767 34.264661 25.199272 15.577095 10.542289 1.963349 11.297557
7.350000 36.467643 21.312167 11.885418 5.996676 2.462756 0.283156 -4.025087 -7.663446 -9.877755 34.638578 25.510944 15.821763 10.751318 2.110085 11.511966
7.400000 36.853704 21.594785 12.102358 6.171674 2.612045 0.416301 -3.924832 -7.592730 -9.826702 35.012252 25.822428 16.066302 10.960249 2.256778 11.726272
7.450000 37.239511 21.877239 12.319194 6.346603 2.761289 0.549414 -3.824578 -7.521990 -9.775608 35.385682 26.133724 16.310713 11.169083 2.403429 11.940475
7.500000 37.625065 22.159532 12.535925 6.521465 2.910487 0.682496 -3.724327 -7.451227 -9.724474 35.758871 26.444832 16.554994 11.377818 2.550037 12.154576
7.550000 38.010367 22.441662 12.752550 6.696257 3.059639 0.815545 -3.624080 -7.380441 -9.673301 36.131818 26.755753 16.799146 11.586455 2.696600 12.368575
7.600000 38.395417 22.723630 12.969070 6.870981 3.208744 0.948562 -3.523837 -7.309635 -9.622090 36.504524 27.066486 17.043168 11.794994 2.843119 12.582470
7.650000 38.780216 23.005435 13.185485 7.045635 3.357801 1.081545 -3.423599 -7.238808 -9.570842 36.876989 27.377033 17.287062 12.003435 2.989593 12.796261
7.700000 39.164765 23.287079 13.401793 7.220220 3.506811 1.214494 -3.323367 -7.167962 -9.519558 37.249215 27.687392 17.530826 12.211776 3.136021 13.009950
7.750000 39.549063 23.568561 13.617997 7.394734 3.655773 1.347409 -3.223141 -7.097097 -9.468238 37.621201 27.997566 17.774460 12.420019 3.282403 13.223534
7.800000 39.933113 23.849882 13.834094 7.569179 3.804687 1.480290 -3.122922 -7.026214 -9.416884 37.992949 28.307554 18.017966 12.628162 3.428739 13.437016
7.850000 40.316914 24.131042 14.050086 7.743552 3.953551 1.613134 -3.022711 -6.955313 -9.365496 38.364459 28.617356 18.261343 12.836207 3.575029 13.650394
7.900000 40.700469 24.412040 14.265971 7.917855 4.102367 1.745944 -2.922508 -6.884396 -9.314075 38.735732 28.926974 18.504591 13.044152 3.721271 13.863668
7.950000 41.083776 24.692879 14.481751 8.092088 4.251133 1.878717 -2.822313 -6.813463 -9.262622 39.106769 29.236407 18.747710 13.251999 3.867466 14.076838
8.000000 41.466839 24.973558 14.697426 8.266249 4.399849 2.011454 -2.722128 -6.742515 -9.211138 39.477571 29.545656 18.990700 13.459746 4.013614 14.289906
8.050000 41.849656 25.254077 14.912995 8.440339 4.548515 2.144154 -2.621952 -6.671553 -9.159623 39.848138 29.854722 19.233563 13.667394 4.159714 14.502869
8.100000 42.232230 25.534437 15.128458 8.614358 4.697131 2.276817 -2.521787 -6.600576 -9.108078 40.218472 30.163605 19.476297 13.874944 4.305765 14.715730
8.150000 42.614562 25.814638 15.343816 8.788306 4.845697 2.409443 -2.421632 -6.529586 -9.056504 40.588573 30.472306 19.718903 14.082394 4.451768 14.928487
8.200000 42.996651 26.094681 15.559069 8.962182 4.994212 2.542031 -2.321488 -6.458583 -9.004902 40.958443 30.780826 19.961382 14.289746 4.597723 15.141141
8.250000 43.378500 26.374566 15.774216 9.135987 5.142676 2.674582 -2.221356 -6.387568 -8.953271 41.328081 31.089165 20.203734 14.496999 4.743629 15.353692
8.300000 43.760110 26.654294 15.989259 9.309720 5.291089 2.807094 -2.121236 -6.316541 -8.901614 41.697491 31.397323 20.445959 14.704154 4.889487 15.566141
8.350000 44.141481 26.933866 16.204198 9.483382 5.439451 2.939568 -2.021127 -6.245503 -8.849929 42.066671 31.705302 20.688058 14.911210 5.035295 15.778487
8.400000 44.522614 27.213281 16.419032 9.656973 5.587762 3.072004 -1.921032 -6.174455 -8.798219 42.435624 32.013103 20.930031 15.118169 5.181054 15.990730
8.450000 44.903511 27.492541 16.633761 9.830492 5.736022 3.204401 -1.820949 -6.103396 -8.746483 42.804350 32.320725 21.171877 15.325029 5.326764 16.202872
8.500000 45.284173 27.771646 16.848387 10.003940 5.884230 3.336759 -1.720879 -6.032328 -8.694723 43.172850 32.628170 21.413599 15.531792 5.472424 16.414911
8.550000 45.664601 28.050597 17.062909 10.177317 6.032387 3.469078 -1.620824 -5.961250 -8.642938 43.541126 32.935439 21.655195 15.738458 5.618035 16.626850
8.600000 46.044796 28.329394 17.277328 10.350623 6.180493 3.601358 -1.520781 -5.890164 -8.591129 43.909178 33.242531 21.896667 15.945026 5.763597 16.838686
8.650000 46.424759 28.608038 17.491644 10.523857 6.328547 3.733599 -1.420754 -5.819069 -8.539297 44.277008 33.549449 22.138015 16.151497 5.909109 17.050422
8.700000 46.804491 28.886530 17.705857 10.697021 6.476550 3.865801 -1.320740 -5.747967 -8.487442 44.644617 33.856192 22.379240 16.357872 6.054572 17.262057
8.750000 47.183994 29.164870 17.919968 10.870114 6.624501 3.997963 -1.220741 -5.676857 -8.435565 45.012006 34.162762 22.620341 16.564150 6.199985 17.473592
8.800000 47.563269 29.443059 18.133977 11.043136 6.772400 4.130086 -1.120758 -5.605740 -8.383667 45.379175 34.469160 22.861320 16.770332 6.345348 17.685027
8.850000 47.942317 29.721098 18.347885 11.216087 6.920248 4.262169 -1.020789 -5.534616 -8.331747 45.746127 34.775386 23.102177 16.976419 6.490662 17.896362
8.900000 48.321139 29.998987 18.561691 11.388968 7.068045 4.394213 -0.920835 -5.463485 -8.279806 46.112862 35.081441 23.342912 17.182410 6.635926 18.107598
8.950000 48.699736 30.276727 18.775396 11.561779 7.215790 4.526217 -0.820898 -5.392349 -8.227845 46.479382 35.387325 23.583526 17.388307 6.781141 18.318734
9.000000 49.078110 30.554319 18.989000 11.734520 7.363484 4.658181 -0.720976 -5.321207 -8.175863 46.845687 35.693041 23.824020 17.594108 6.926307 18.529772
9.050000 49.456262 30.831763 19.202505 11.907191 7.511126 4.790106 -0.621069 -5.250059 -8.123863 47.211780 35.998589 24.064393 17.799815 7.071423 18.740712
9.100000 49.834193 31.109061 19.415910 12.079792 7.658718 4.921991 -0.521179 -5.178906 -8.071843 47.577660 36.303968 24.304647 18.005429 7.216489 18.951555
9.150000 50.211905 31.386213 19.629215 12.252324 7.806258 5.053837 -0.421305 -5.107749 -8.019804 47.943329 36.609182 24.544782 18.210948 7.361506 19.162299
9.200000 50.589398 31.663219 19.842422 12.424787 7.953747 5.185643 -0.321448 -5.036587 -7.967747 48.308789 36.914230 24.784799 18.416375 7.506475 19.372947
9.250000 50.966674 31.940081 20.055530 12.597181 8.101185 5.317409 -0.221607 -4.965421 -7.915672 48.674040 37.219113 25.024698 18.621709 7.651394 19.583498
9.300000 51.343734 32.216799 20.268540 12.769506 8.248573 5.449136 -0.121783 -4.894251 -7.863580 49.039085 37.523832 25.264480 18.826950 7.796263 19.793953
9.350000 51.720580 32.493375 20.481453 12.941762 8.395909 5.580823 -0.021976 -4.823078 -7.811470 49.403923 37.828388 25.504145 19.032099 7.941084 20.004313
9.400000 52.097213 32.769808 20.694269 13.113951 8.543195 5.712471 0.077815 -4.751901 -7.759344 49.768556 38.132782 25.743694 19.237157 8.085857 20.214577
9.450000 52.473633 33.046099 20.906988 13.286071 8.690431 5.844079 0.177589 -4.680721 -7.707201 50.132986 38.437016 25.983128 19.442124 8.230580 20.424746
9.500000 52.849843 33.322250 21.119611 13.458124 8.837616 5.975648 0.277345 -4.609537 -7.655041 50.497214 38.741088 26.222447 19.647000 8.375255 20.634821
9.550000 53.225843 33.598262 21.332138 13.630109 8.984751 6.107177 0.377084 -4.538352 -7.602866 50.861241 39.045002 26.461652 19.851785 8.519882 20.844802
9.600000 53.601635 33.874134 21.544571 13.802027 9.131837 6.238667 0.476806 -4.467164 -7.550675 51.225067 39.348757 26.700743 20.056481 8.664460 21.054690
9.650000 53.977221 34.149868 21.756908 13.973878 9.278872 6.370119 0.576511 -4.395973 -7.498469 51.588695 39.652355 26.939721 20.261088 8.808990 21.264484
9.700000 54.352600 34.425464 21.969151 14.145662 9.425857 6.501531 0.676198 -4.324781 -7.446248 51.952126 39.955797 27.178586 20.465605 8.953472 21.474187
9.750000 54.727776 34.700924 22.181300 14.317380 9.572793 6.632904 0.775868 -4.253586 -7.394013 52.315360 40.259083 27.417340 20.670034 9.097907 21.683797
9.800000 55.102748 34.976247 22.393357 14.489032 9.719680 6.764238 0.875520 -4.182390 -7.341762 52.678400 40.562214 27.655983 20.874375 9.242293 21.893315
9.850000 55.477519 35.251436 22.605320 14.660618 9.866518 6.895533 0.975155 -4.111193 -7.289498 53.041246 40.865192 27.894515 21.078628 9.386632 22.102743
9.900000 55.852089 35.526491 22.817191 14.832139 10.013306 7.026790 1.074772 -4.039994 -7.237220 53.403899 41.168016 28.132937 21.282794 9.530924 22.312080
9.950000 56.226460 35.801412 23.028971 15.003595 10.160046 7.158009 1.174371 -3.968794 -7.184928 53.766361 41.470689 28.371250 21.486874 9.675169 22.521327
10.000000 56.600633 36.076200 23.240659 15.174986 10.306737 7.289188 1.273953 -3.897593 -7.132623 54.128632 41.773211 28.609454 21.690867 9.819367 22.730484
10.050000 56.974610 36.350856 23.452256 15.346312 10.453380 7.420330 1.373517 -3.826392 -7.080305 54.490715 42.075584 28.847550 21.894774 9.963518 22.939552
