web/models/kne/13/mosfit_kn_0.033839_0.2807_0.5000.dat
# %ECSV 1.0
# ---
# datatype:
# - {name: time, datatype: float64}
# - {name: PS1_g, datatype: float64}
# - {name: PS1_i, datatype: float64}
# - {name: PS1_r, datatype: float64}
# - {name: PS1_w, datatype: float64}
# - {name: PS1_y, datatype: float64}
# - {name: PS1_z, datatype: float64}
# - {name: swift_uvot_B, datatype: float64}
# - {name: swift_uvot_U, datatype: float64}
# - {name: swift_uvot_uvm2, datatype: float64}
# - {name: swift_uvot_uvw1, datatype: float64}
# - {name: swift_uvot_uvw2, datatype: float64}
# - {name: swift_uvot_V, datatype: float64}
# - {name: johnson_B, datatype: float64}
# - {name: johnson_I, datatype: float64}
# - {name: johnson_R, datatype: float64}
# - {name: johnson_U, datatype: float64}
# - {name: johnson_V, datatype: float64}
# - {name: sdss_g, datatype: float64}
# - {name: sdss_i, datatype: float64}
# - {name: sdss_r, datatype: float64}
# - {name: sdss_u, datatype: float64}
# - {name: sdss_z, datatype: float64}
# - {name: ATLAS_c, datatype: float64}
# - {name: ATLAS_o, datatype: float64}
# - {name: ukirt_H, datatype: float64}
# - {name: ukirt_J, datatype: float64}
# - {name: ukirt_K, datatype: float64}
# - {name: Clear, datatype: float64}
# meta: !!omap
# - comment: [kappa = 0.5, type = rprocess, mass = 0.03383890769761434, velocity = 0.2806666666666667, theta_obs = 0.0, tfloor = 1000.0]
# schema: astropy-2.0
time PS1_g PS1_i PS1_r PS1_w PS1_y PS1_z swift_uvot_B swift_uvot_U swift_uvot_uvm2 swift_uvot_uvw1 swift_uvot_uvw2 swift_uvot_V johnson_B johnson_I johnson_R johnson_U johnson_V sdss_g sdss_i sdss_r sdss_u sdss_z ATLAS_c ATLAS_o ukirt_H ukirt_J ukirt_K Clear
[from data line 465]
28.016032064128254 9.267583686915444 0.38575487371616646 3.8608256517540163 1.8929018402500297 -3.1374351748091023 -1.719759209961964 12.80749026347993 19.466434361374844 33.355029665404025 15.4320168934494 17.945033399929052 7.227100379786228 11.60355294651374 -1.1677584327057842 1.8022743340192158 18.43543318212309 6.272078044617493 10.080123788229898 0.46701082582915276 4.08931431125044 19.967539891549677 -2.2931868219839657 5.839902221496658 1.3874896968868633 -8.08642255272458 -5.936933257234907 -9.44671123319777 -0.39299220351132647
28.076152304609217 9.27287378999674 0.3910449767974633 3.8661157548352953 1.8981919433313088 -3.1321450717278054 -1.7144691068806672 12.812780366561228 19.471724464456138 33.36031976848531 15.437306996530697 17.95032350301035 7.232390482867525 11.608843049595038 -1.1624683296244873 1.8075644371005126 18.44072328520439 6.277368147698772 10.085413891311177 0.4723009289104496 4.094604414331737 19.972829994630956 -2.287896718902669 5.845192324577937 1.3927797999681601 -8.0811324496433 -5.93164315415361 -9.441421130116472 -0.3877021004300296
28.13627254509018 9.27815794435542 0.39632913115614343 3.8713999091939932 1.9034760976900067 -3.1268609173691253 -1.709184952521987 12.818064520919908 19.47700861881483 33.365603922844 15.442591150889378 17.95560765736903 7.237674637226205 11.614127203953718 -1.1571841752658072 1.8128485914591927 18.446007439563086 6.28265230205747 10.090698045669875 0.47758508326912974 4.099888568690417 19.978114148989654 -2.2826125645439888 5.850476478936635 1.3980639543268403 -8.075848295284603 -5.926358999794912 -9.436136975757792 -0.3824179460713495
28.196392785571142 9.28343620020236 0.40160738700306453 3.8766781650409143 1.9087543535369278 -3.1215826615221864 -1.703906696675066 12.823342776766829 19.48228687466175 33.37088217869092 15.447869406736299 17.96088591321595 7.242952893073144 11.619405459800639 -1.151905919418886 1.8181268473061138 18.451285695410007 6.287930557904391 10.095976301516796 0.4828633391160686 4.1051668245373385 19.983392404836575 -2.27733430869705 5.855754734783556 1.4033422101737614 -8.070570039437682 -5.921080743947991 -9.430858719910853 -0.37713969022441063
28.256513026052104 9.288708605502336 0.40687979230304094 3.8819505703408907 1.9140267588369042 -3.11631025622221 -1.6986342913750718 12.828615182066823 19.487559279961737 33.3761545839909 15.453141812036293 17.966158318515944 7.248225298373121 11.624677865100615 -1.146633514118892 1.8233992526060903 18.456558100709984 6.293202963204368 10.101248706816772 0.488135744416045 4.110439229837333 19.98866481013655 -2.2720619033970735 5.861027140083532 1.4086146154737555 -8.065297634137705 -5.915808338648015 -9.425586314610877 -0.3718672849244342
28.316633266533064 9.293975207384193 0.4121463941849157 3.8872171722227478 1.919293360718779 -3.111043654340353 -1.6933676894932148 12.83388178394868 19.492825881843594 33.38142118587276 15.45840841391815 17.9714249203978 7.253491900254978 11.62994446698249 -1.141366912237035 1.828665854487965 18.46182470259184 6.298469565086225 10.10651530869863 0.49340234629790203 4.11570583171919 19.993931412018426 -2.2667953015152165 5.866293741965407 1.4138812173556126 -8.060031032255848 -5.910541736766158 -9.42031971272902 -0.3666006830425772
28.376753507014026 9.299236052555049 0.4174072393557715 3.8924780173936036 1.924554205889617 -3.1057828091694972 -1.688106844322359 12.839142629119536 19.498086727014446 33.38668203104362 15.463669259089006 17.976685765568657 7.258752745425833 11.635205312153346 -1.1361060670661791 1.833926699658803 18.467085547762697 6.303730410257081 10.111776153869485 0.4986631914687578 4.1209666768900455 19.999192257189264 -2.2615344563443607 5.871554587136245 1.4191420625264684 -8.054770187084992 -5.905280891595302 -9.415058867558164 -0.3613398378717214
28.43687374749499 9.30449118940965 0.42266237621037206 3.897733154248204 1.9298093427442176 -3.1005276723148967 -1.6828517074677585 12.844397765974136 19.503341863869046 33.39193716789822 15.468924395943606 17.981940902423258 7.264007882280434 11.640460449007946 -1.1308509302115786 1.8391818365134036 18.472340684617297 6.308985547111681 10.117031290724086 0.5039183283233584 4.126221813744646 20.004447394043865 -2.25627931948976 5.876809723990846 1.424397199381069 -8.049515050230392 -5.900025754740701 -9.409803730703564 -0.35608470101712086
28.49699398797595 9.309740665154038 0.4279118519547609 3.9029826299926107 1.9350588184886242 -3.095278196570508 -1.6776022317233696 12.849647241718525 19.50859133961344 33.39718664364262 15.474173871687995 17.987190378167647 7.269257358024823 11.645709924752335 -1.1256014544671897 1.8444313122578102 18.477590160361686 6.314235022856088 10.122280766468492 0.5091678040677472 4.131471289489035 20.00969686978827 -2.2510298437453713 5.882059199735252 1.4296466751254577 -8.044265574485985 -5.894776278996295 -9.404554254959175 -0.35083522527273203
28.557114228456914 9.314984525833356 0.43315571263407904 3.908226490671929 1.9403026791679423 -3.0900343358911897 -1.6723583710440515 12.854891102397843 19.513835200292764 33.402430504321934 15.479417732367313 17.992434238846965 7.274501218704141 11.650953785431653 -1.1203575937878716 1.8496751729371284 18.482834021041022 6.319478883535406 10.12752462714781 0.5144116647470653 4.136715150168353 20.01494073046759 -2.245785983066053 5.88730306041457 1.4348905358047759 -8.039021713806667 -5.889532418316977 -9.399310394279857 -0.3455913645934139
28.617234468937873 9.320222814640857 0.4383940014415799 3.913464779479412 1.9455409679754432 -3.084796047083689 -1.6671200822365506 12.860129391205344 19.519073489100258 33.407668793129425 15.484656021174814 17.997672527654466 7.279739507511642 11.656192074239154 -1.1151193049803707 1.8549134617446292 18.488072309848505 6.324717172342889 10.132762915955293 0.5196499535545662 4.141953438975854 20.02017901927509 -2.2405476942585523 5.8925413492220535 1.4401288246122768 -8.033783424999184 -5.8842941295094935 -9.394072105472356 -0.340353075785913
28.677354709418836 9.325455574906325 0.44362676170704773 3.9186975397448798 1.950773728240911 -3.079563286818221 -1.6618873219710828 12.865362151470812 19.524306249365722 33.4129015533949 15.489888781440282 18.002905287919933 7.28497226777711 11.661424834504622 -1.109886544714903 1.860146222010097 18.493305070113973 6.329949932608375 10.137995676220779 0.524882713820034 4.147186199241322 20.02541177954056 -2.2353149339930845 5.897774109487539 1.4453615848777446 -8.028550664733698 -5.879061369244026 -9.388839345206888 -0.3351203155204452
28.7374749498998 9.330682854204895 0.44885404100561743 3.9239248190434495 1.956001007539463 -3.0743360075196513 -1.656660042672513 12.870589430769382 19.529533528664295 33.41812883269346 15.495116060738852 18.008132567218503 7.290199547075679 11.666652113803174 -1.1046592654163332 1.865373501308649 18.498532349412542 6.3351772119069265 10.143222955519331 0.5301099931186037 4.152413478539891 20.03063905883911 -2.2300876546945148 5.903001388786091 1.4505888641763143 -8.023323385435146 -5.873834089945456 -9.383612065908318 -0.3298930362218755
28.79759519038076 9.3359046981114 0.45407588491210404 3.929146662949954 1.9612228514459673 -3.069114163613147 -1.6514381987660265 12.875811274675868 19.53475537257079 33.42335067659996 15.500337904645338 18.01335441112499 7.295421390982184 11.671873957709678 -1.0994374215098466 1.8705953452151534 18.503754193319047 6.340399055813431 10.148444799425835 0.5353318370251081 4.157635322446378 20.035860902745615 -2.2248658107880104 5.908223232692595 1.4558107080828186 -8.018101541528642 -5.868612246038952 -9.378390222001814 -0.3246711923153711
28.857715430861724 9.341121148531997 0.45929233533270164 3.9343631133705514 1.966439301866565 -3.0638977131925493 -1.646221748345429 12.881027725096466 19.539971822991387 33.428567127020564 15.505554355065954 18.018570861545605 7.300637841402781 11.677090408130276 -1.094220971089249 1.875811795635751 18.508970643739644 6.3456155062340285 10.153661249846433 0.5405482874457057 4.162851772866993 20.041077353166212 -2.219649360367413 5.913439683113193 1.4610271585034162 -8.012885091108044 -5.863395795618354 -9.373173771581216 -0.3194547418947735
28.917835671342683 9.34633224424525 0.4645034310459728 3.939574209083805 1.971650397579836 -3.058686617479296 -1.6410106526321577 12.886238820809737 19.545182918704647 33.43377822273382 15.510765450779207 18.02378195725886 7.305848937116035 11.682301503843547 -1.0890098753759778 1.8810228913490221 18.514181739452898 6.350826601947282 10.158872345559704 0.5457593831589591 4.168062868580247 20.046288448879483 -2.2144382646541594 5.918650778826464 1.4662382542166696 -8.007673995394791 -5.858184699905101 -9.367962675867963 -0.3142436461815201
28.977955911823646 9.351538028504116 0.4697092153048388 3.944779993342671 1.9768561818386843 -3.05348083322043 -1.6358048683732918 12.891444605068603 19.550388702963517 33.43898400699269 15.515971235038073 18.028987741517724 7.311054721374901 11.687507288102395 -1.0838040911171118 1.8862286756078703 18.519387523711764 6.356032386206148 10.164078129818552 0.5509651674178251 4.173268652839113 20.05149423313833 -2.2092324803952934 5.923856563085312 1.4714440384755356 -8.002468211135925 -5.852978915646235 -9.362756891609097 -0.30903786192265414
29.03807615230461 9.356738541454543 0.4749097282552661 3.949980506293098 1.9820566947891294 -3.0482803202700026 -1.6306043554228644 12.89664511801903 19.55558921591394 33.444184519943114 15.5211717479885 18.03418825446815 7.316255234325328 11.69270780105284 -1.0786035781666845 1.8914291885583154 18.52458803666219 6.361232899156575 10.16927864276898 0.5561656803682524 4.17846916578954 20.05669474608876 -2.204031967444866 5.92905707603574 1.476644551425963 -7.997267698185499 -5.847778402695807 -9.35755637865867 -0.3038373489722268
29.09819639278557 9.361933827543094 0.48010501434379904 3.955175792381649 1.9872519808776623 -3.043085034181452 -1.6254090693343315 12.901840404107581 19.560784502002484 33.449379806031665 15.526367034077051 18.039383540556702 7.321450520413879 11.697903087141373 -1.0734082920781338 1.8966244746468484 18.529783322750742 6.366428185245126 10.17447392885753 0.5613609664568031 4.183664451878091 20.06189003217731 -2.1988366813563154 5.93425236212429 1.4818398375145136 -7.992072412096948 -5.842583116607257 -9.352361092570119 -0.2986420628836761
29.158316633266534 9.367123931760553 0.4852951185612753 3.9603658965991073 1.9924420850951208 -3.0378949299639935 -1.6202189651168553 12.90703050832504 19.565974606219953 33.45456991024913 15.53155713829451 18.04457364477416 7.326640624631337 11.70309319135885 -1.0682181878606754 1.9018145788643246 18.5349734269682 6.371618289462584 10.179664033074989 0.5665510706742616 4.188854556095549 20.067080136394768 -2.193646577138857 5.939442466341749 1.4870299417319721 -7.9868823078794895 -5.837393012389798 -9.34717098835266 -0.29345195866621765
29.218436873747493 9.37230888660796 0.4904800734086834 3.9655508514465154 1.9976270399425289 -3.0327099751165854 -1.6150340102694472 12.912215463172448 19.57115956106736 33.459754865096535 15.536742093141918 18.04975859962157 7.331825579478745 11.708278146206258 -1.0630332330132672 1.906999533711715 18.54015838181561 6.3768032443099925 10.184848987922397 0.5717360255216697 4.194039510942957 20.072265091242176 -2.188461622291449 5.944627421189157 1.4922148965793802 -7.981697353032081 -5.83220805754239 -9.341986033505252 -0.28826700381880954
29.278557114228455 9.377488731701185 0.49565991850190727 3.970730696539757 2.0028068850357705 -3.0275301300233615 -1.6098541651762233 12.917395308265672 19.576339406160592 33.464934710189766 15.541921938235141 18.054938444714793 7.337005424571969 11.713457991299482 -1.0578533879200434 1.9121793788049566 18.545338226908832 6.381983089403234 10.190028833015639 0.5769158706148936 4.199219356036181 20.077444936335418 -2.183281777198225 5.949807266282399 1.4973947416726041 -7.97651750793884 -5.827028212449148 -9.336806188412028 -0.28308715872558565
29.338677354709418 9.382663513459306 0.5008347002600289 3.9759054782978787 2.007981666793892 -3.02235534826524 -1.6046793834181017 12.922570090023793 19.581514187918714 33.47010949194789 15.547096719993263 18.060113226472915 7.342180206330091 11.718632773057603 -1.0526786061619218 1.9173541605630782 18.55051300866697 6.387157871161356 10.19520361477376 0.5820906523730152 4.204394137794303 20.08261971809354 -2.1781069954401033 5.95498204804052 1.5025695234307257 -7.971342726180718 -5.821853430691027 -9.331631406653907 -0.27791237696746407
29.39879759519038 9.387833264225893 0.5060044510265982 3.981075229064448 2.0131514175604615 -3.017185597498653 -1.5995096326515323 12.92773984079038 19.58668393868529 33.475279242714464 15.55226647075985 18.0652829772395 7.347349957096678 11.723802523824173 -1.0475088553953347 1.9225239113296475 18.55568275943354 6.392327621927925 10.20037336554033 0.5872604031396023 4.20956388856089 20.08778946886011 -2.1729372446735162 5.96015179880709 1.5077392741973128 -7.966172975414149 -5.8166836799244575 -9.32646165588732 -0.27274262620087697
29.458917835671343 9.392998022365848 0.5111692091665709 3.9862399872044207 2.018316175700434 -3.01202083935868 -1.5943448745115596 12.932904598930335 19.591848696825256 33.480444000854426 15.557431228899805 18.070447735379457 7.352514715236651 11.728967281964145 -1.0423440972553797 1.9276886694696203 18.560847517573514 6.397492380067898 10.205538123680302 0.5924251612795572 4.214728646700845 20.09295422700008 -2.1677724865335612 5.965316556947062 1.5129040323372678 -7.961008217274176 -5.811518921784485 -9.321296897747365 -0.267577868060922
29.519038076152302 9.398157826617073 0.5163290134177956 3.9913997914556454 2.023475979951659 -3.006861035107473 -1.589185070260335 12.93806440318156 19.59700850107648 33.485603805105654 15.56259103315103 18.07560753963068 7.3576745194878574 11.73412708621537 -1.037184293004155 1.932848473720845 18.56600732182474 6.402652184319122 10.210697927931527 0.5975849655307819 4.2198884509520695 20.098114031251306 -2.1626126822823366 5.970476361198287 1.5180638365884924 -7.955848413022951 -5.80635911753326 -9.31613709349614 -0.26241806380969734
29.579158316633265 9.403312717916332 0.5214839047170372 3.996554682754887 2.0286308712509005 -3.0017061438082138 -1.5840301789610933 12.943219294480802 19.602163392375722 33.490758696404896 15.567745924450271 18.080762430929923 7.362829410787117 11.739281977514612 -1.0320294017049134 1.9380033650200865 18.57116221312398 6.407807075618364 10.215852819230768 0.6027398568300413 4.225043342251311 20.103268922550548 -2.157457790983077 5.975631252497529 1.523218727887734 -7.95069352172371 -5.801204226234018 -9.31098220219688 -0.25726317251043795
29.639278557114228 9.408462728932072 0.5266339157327948 4.001704693770627 2.0337808822666403 -2.996556132792474 -1.5788801679453357 12.94836930549656 19.607313403391473 33.49590870742065 15.572895935466029 18.08591244194568 7.367979421802857 11.744431988530351 -1.0268793906891558 1.9431533760358264 18.57631222413972 6.412957086634104 10.221002830246508 0.6078898678457811 4.230193353267069 20.108418933566288 -2.1523077799673374 5.980781263513268 1.5283687389034917 -7.94554351070797 -5.796054215218279 -9.30583219118114 -0.2521131614946981
29.69939879759519 9.413607895677263 0.5317790824779856 4.006849860515835 2.038926049011849 -2.991410966047283 -1.573735001200145 12.95351447224175 19.61245857013666 33.50105387416584 15.57804110221122 18.09105760869087 7.373124588548047 11.74957715527556 -1.021734223943965 1.9482985427810349 18.58145739088491 6.418102253379312 10.226147996991717 0.6130350345909719 4.2353385200122595 20.113564100311496 -2.1471626132221466 5.985926430258477 1.5335139056486824 -7.9403983439627615 -5.790909048473088 -9.30068702443595 -0.24696799474950737
