web/models/kne/13/mosfit_kn_0.001862_0.0927_10.0000.dat
# %ECSV 1.0
# ---
# datatype:
# - {name: time, datatype: float64}
# - {name: PS1_g, datatype: float64}
# - {name: PS1_i, datatype: float64}
# - {name: PS1_r, datatype: float64}
# - {name: PS1_w, datatype: float64}
# - {name: PS1_y, datatype: float64}
# - {name: PS1_z, datatype: float64}
# - {name: swift_uvot_B, datatype: float64}
# - {name: swift_uvot_U, datatype: float64}
# - {name: swift_uvot_uvm2, datatype: float64}
# - {name: swift_uvot_uvw1, datatype: float64}
# - {name: swift_uvot_uvw2, datatype: float64}
# - {name: swift_uvot_V, datatype: float64}
# - {name: johnson_B, datatype: float64}
# - {name: johnson_I, datatype: float64}
# - {name: johnson_R, datatype: float64}
# - {name: johnson_U, datatype: float64}
# - {name: johnson_V, datatype: float64}
# - {name: sdss_g, datatype: float64}
# - {name: sdss_i, datatype: float64}
# - {name: sdss_r, datatype: float64}
# - {name: sdss_u, datatype: float64}
# - {name: sdss_z, datatype: float64}
# - {name: ATLAS_c, datatype: float64}
# - {name: ATLAS_o, datatype: float64}
# - {name: ukirt_H, datatype: float64}
# - {name: ukirt_J, datatype: float64}
# - {name: ukirt_K, datatype: float64}
# - {name: Clear, datatype: float64}
# meta: !!omap
# - comment: [kappa = 10.0, type = rprocess, mass = 0.001861645566637777, velocity = 0.09266666666666673, theta_obs = 0.0, tfloor = 1000.0]
# schema: astropy-2.0
time PS1_g PS1_i PS1_r PS1_w PS1_y PS1_z swift_uvot_B swift_uvot_U swift_uvot_uvm2 swift_uvot_uvw1 swift_uvot_uvw2 swift_uvot_V johnson_B johnson_I johnson_R johnson_U johnson_V sdss_g sdss_i sdss_r sdss_u sdss_z ATLAS_c ATLAS_o ukirt_H ukirt_J ukirt_K Clear
[from data line 57]
3.4869739478957915 -4.677843055069584 -8.859944722425794 -7.261217228745576 -7.68564375593046 -10.337979422168395 -9.772309703228146 -3.0099869670866672 -0.41014453360684633 7.877774980834162 0.6076000956952403 2.508051284376155 -5.838804849160344 -3.3225155706854577 -9.749256275141331 -8.045306569780301 -0.7927759651397647 -6.079819835984865 -4.289577126724904 -8.82620133266883 -7.2048278856552095 0.2554597393691793 -9.95353248011142 -6.051813854890238 -8.177963250798612 -12.034520071834399 -11.364929220727545 -12.335700351357788 -8.482694668316899
3.5470941883767533 -4.467414731815893 -8.730637914910009 -7.099142513796863 -7.545807393009145 -10.243673115590735 -9.663794399899395 -2.7681695349993083 -0.10078420216867534 8.30833980915141 0.8507403559668174 2.7512655120151988 -5.645528550041921 -3.0911338276217255 -9.630706946936478 -7.899457064973963 -0.49356972298103974 -5.894357645435979 -4.071778030578841 -8.695989610478598 -7.04057116999822 0.5616876278868688 -9.850239103932807 -5.8738709897113495 -8.039244271075034 -11.993791409857673 -11.29968759725587 -12.312047066711125 -8.365223762151288
3.6072144288577155 -4.252992737816825 -8.598349410204378 -6.933682330209692 -7.403136995391275 -10.146856384685812 -9.55256338554527 -2.5218991641044317 0.21397648982187456 8.744717688202034 1.0971953709227837 2.998243426959292 -5.448359860525181 -2.855629664243495 -9.509342680718753 -7.750639696706732 -0.18910315269354816 -5.7052549173801 -3.8498898528698433 -8.562785959690284 -6.872864759198656 0.8733227671168642 -9.74434762112205 -5.692511152107986 -7.897607274704264 -11.95137907822067 -11.232383768645702 -12.28699851306441 -8.245353840549399
3.6673346693386772 -4.034537214107168 -8.463057791890254 -6.764808898029138 -7.2576104574854305 -10.047515115561474 -9.438599094949591 -2.2711289311879588 0.5342036093375315 9.186956933960847 1.34702470625971 3.2490634087210393 -5.247261331503233 -2.6159656348498435 -9.385145249175945 -7.598838985664689 0.12068505409900576 -5.512482678683612 -3.6238712407637763 -8.426568924290354 -6.701679388669088 1.1904296002376213 -9.635843807937459 -5.507703519042675 -7.753033588773892 -11.907281735548343 -11.163011006170576 -12.260557768670102 -8.123070966085777
3.727454909819639 -3.812052497283709 -8.324771131592197 -6.592529898642567 -7.109236908717307 -9.945658281594056 -9.321909638018262 -2.0158618998712106 0.8599009746706623 9.635022204801441 1.6002361560457605 3.5037515429455692 -5.0422367045397225 -2.37215240420872 -9.258123958517796 -7.444072081652505 0.43579568668284063 -5.316051873563123 -3.3937263941113294 -8.28734670979717 -6.527021666207755 1.5130107678579208 -9.524738223287574 -5.319455419826333 -7.6055356523149165 -11.861511294509091 -11.09158035989356 -12.23273798265758 -7.9983883761907215
3.787575150300601 -3.5855460476772727 -8.183499413188766 -6.416855444986087 -6.958027347601181 -9.84129618524122 -9.202504682021786 -1.7561048356623765 1.1910676550401613 10.088872579363578 1.8568324580189004 3.762328294908134 -4.83329271393026 -2.124204158093694 -9.128289856703724 -7.286358391191457 0.7562248292151242 -5.1159764397560865 -3.1594627683425003 -8.145129456976363 -6.348900686834842 1.8410640800076905 -9.411042952112929 -5.12777664382007 -7.455127838174818 -11.814080055895316 -11.018103723266515 -12.203552338310393 -7.871320812838469
3.847695390781563 -3.355003090840629 -8.039237461363413 -6.2377776641266 -6.803976629088382 -9.734426977444048 -9.080380506416521 -1.4918396081574692 1.527733513707137 10.548509184296751 2.1168395604487604 4.024837011473604 -4.620415429963043 -1.872111160350997 -8.99563977593391 -7.1257009153576805 1.081998359973635 -4.912250524965651 -2.9210649620226903 -7.99991207880506 -6.167307376496023 2.1746177604303973 -9.294757220246765 -4.932657482624769 -7.301808499394191 -11.764992777712829 -10.942583362202692 -12.173007901882967 -7.741868867938706
3.9078156312625247 -3.1203813528633795 -7.8919613716704085 -6.055266446060017 -6.647059823757662 -9.625033834702847 -8.955516868470976 -1.223017235017202 1.8699666307412424 11.01398473932585 2.3803121193194525 4.291349684729436 -4.403565294928147 -1.6158341234558053 -8.860153005044317 -6.962082458007431 1.4131791510137925 -4.704843778441512 -2.6784892974128915 -7.851670672816482 -5.982210176195402 2.5137378256870946 -9.175864401530092 -4.7340642362911645 -7.145556297395643 -11.714245055630117 -10.86500974471173 -12.141104399303531 -7.610015894688775
3.967935871743487 -2.881716705843349 -7.741699787600211 -5.869354582626745 -6.487307265896938 -9.513141326705625 -8.827939460903398 -0.9496769891064993 2.2177252946551107 11.485207405879724 2.6472166978385485 4.561848901811128 -4.182775788891171 -1.3554183515481848 -8.721857924120215 -6.795543302054779 1.7497234116470461 -4.493796285011109 -2.4317725964859704 -7.700434178144686 -5.793641203777273 2.8583812984213353 -9.054392121970647 -4.532030668507989 -6.986404986260588 -11.661856602659293 -10.785405380356943 -12.107860074481367 -7.475793177744947
4.028056112224449 -2.6389986837149415 -7.588449987921511 -5.68003748298004 -6.32471608597319 -9.398749091634677 -8.697646409541573 -0.6718060447228702 2.5710324131775764 11.96217306684003 2.917570052278578 4.836367368976045 -3.958037236143011 -1.0908591365798375 -8.580753556953972 -6.626089616057194 2.0916499759215657 -4.279106700815302 -2.180904003312456 -7.546200014101334 -5.601594782065735 3.2085691626791935 -8.930341512963675 -4.326550209674025 -6.824355264586934 -11.6078321223587 -10.703773250309359 -12.073281294522607 -7.3392030573657685
4.0881763527054105 -2.392228560466858 -7.432217061854622 -5.487319972898863 -6.159291504032431 -9.281862816167479 -8.5646425986479 -0.389404948372799 2.929894160580613 12.444857412934539 3.1913748264156365 5.114922973884411 -3.72935102754741 -0.8221645270614213 -8.436846197710352 -6.45373617927777 2.4389613421803946 -4.060784447101839 -1.925884783876839 -7.388973464637747 -5.406074795696654 3.5643056909639803 -8.803720250979872 -4.117626258292741 -6.659415905522774 -11.552179615257996 -10.620120909665347 -12.037376786521035 -7.200254813588796
4.148296593186372 -2.141472373184836 -7.273049779994185 -5.291259068065628 -5.991084317611772 -9.16252264088218 -8.428971142965196 -0.10254741743554446 3.2942256256319524 12.93311901319132 3.4685619885422097 5.397460024298489 -3.4967792733613594 -0.5494124025236007 -8.290182928807887 -6.27854515400814 2.7915715300099886 -3.8388972981241283 -1.6667829128053846 -7.228803736376861 -5.207138017342778 3.925504671898299 -8.674572787827532 -3.905317957046961 -6.491641171235827 -11.494927115393397 -10.53448255601882 -12.000170599906815 -7.0589970549475645
4.208416833667335 -1.886670728099169 -7.110912095811521 -5.091810618357133 -5.820056285426496 -9.040701488179224 -8.290600718058538 0.1888341686503992 3.6641174838281465 13.427049861181924 3.74919907383994 5.684060984229099 -3.260266873533671 -0.2725454229460172 -8.140731539948664 -6.100486738055218 3.149564866779311 -3.613400615600619 -1.4035372579873773 -7.065654784529691 -5.004738822146653 4.292253972600246 -8.542872066048606 -3.689575881136964 -6.320996482417023 -11.43606282639295 -10.446840048710103 -11.96165573907736 -6.91540123175832
4.268537074148297 -1.6279301585321626 -6.945880069165273 -4.88906426200959 -5.646286291005982 -8.916460916007463 -8.149598261453868 0.4846201735805778 4.039427470287809 13.926439726585574 4.033172006636878 5.974622549550524 -3.019914163115332 0.008315016123297603 -7.9885645462761365 -5.919652489765242 3.512799565946778 -3.384398898258085 -1.1362575436774236 -6.899603268916632 -4.798967123140727 4.664410237533172 -8.408685468287604 -3.470493704688664 -6.147564140433115 -11.375626915296342 -10.357243986221148 -11.92186526779327 -6.769539953852082
4.328657314629258 -1.365227332783423 -6.777941931831268 -4.683004885958937 -5.469761138984257 -8.789792884789431 -8.005953627756028 0.7848373248500173 4.420195170201602 14.431319841951066 4.320508023849854 6.2691845306808744 -2.7757000725951935 0.2931874758227477 -7.8336723658976934 -5.736038815335783 3.8813102271581523 -3.1518802661154206 -0.8649198235712063 -6.730637572418043 -4.589806793602236 5.042010424998207 -8.27200634956979 -3.2480527707408946 -5.971334524290253 -11.313618367250038 -10.265690804899792 -11.880800196711563 -6.6214061113123
4.38877755511022 -1.098652994122471 -6.607163070948179 -4.473709384391977 -5.290547950764033 -8.660750378116617 -7.859724327765871 1.0893835754369874 4.806299887540142 14.9415161528141 4.6111104470113595 6.567659117457062 -2.5277105552521677 0.5819678865665308 -7.676117468527891 -5.549725288375858 4.25497588181625 -2.915935343608493 -0.5896176153158628 -6.55882364359984 -4.3773349699290875 5.424932344953817 -8.132893041773368 -3.0223326494131264 -5.792378177851383 -11.250071874746117 -10.172224222789977 -11.83848899241365 -6.471061779021703
4.448897795591182 -0.8282082024992299 -6.433548179146076 -4.26118228811017 -5.108650301188096 -8.529338255451648 -7.710914578589065 1.398257948928937 5.1977464803233175 15.457021841829746 4.90497986511528 6.870056939643355 -2.275947706377875 0.8746487813238131 -7.515905591482045 -5.360725817013184 4.6337973200501 -2.6765744602335646 -0.3103521364741546 -6.384166431315759 -4.161555533955443 5.81317829367757 -7.9913527320707445 -2.793335358122455 -5.610702148656355 -11.184993639422414 -10.076850499420027 -11.794937936490866 -6.318514064656728
4.509018036072144 -0.5539756742266633 -6.257157238406368 -4.045494002303176 -4.924129108591764 -8.39560512449431 -7.559577104384019 1.7113672694510285 5.594424966253602 15.97768516861295 5.2020289388342 7.1762973370580205 -2.0204903504125165 1.1711351255465592 -7.35309408474497 -5.169113607368961 5.017663889709308 -2.433881283407435 -0.027208687226476513 -6.206726466609815 -3.942539183808602 6.2066365091062 -7.847439155116334 -2.56113311651859 -5.42637071150029 -11.118415416467682 -9.97960975873333 -11.750172910080925 -6.163819329971378
4.569138276553106 -0.27601290807670154 -6.078033184006895 -3.826694577071237 -4.737027246302716 -8.259586056068109 -7.405749656186895 2.0286467292289503 5.996260476325865 16.503404310358697 5.502198117043502 7.486326831213269 -1.7613938724844338 1.4713592358903111 -7.187724338899094 -4.9749431724367215 5.4064989801501255 -2.187916956843396 0.2597533709995403 -6.026547152650483 -3.7203360642138605 6.605229984715049 -7.7011916678814885 -2.3257761977903257 -5.2394300624638745 -11.050360838808027 -9.880531524548493 -11.704213374122075 -6.007018193335156
4.629258517034068 0.005584068790867036 -5.896245100159376 -3.6048651497589645 -4.547414440373778 -8.121336825174446 -7.249492951291696 2.3499879827153594 6.4031237792862505 17.034011927560964 5.80538725217405 7.800048739729434 -1.4987500225408936 1.7752123987139574 -7.019862125326447 -4.778296670853799 5.800173254312309 -1.9387771868866974 0.5504349991636204 -5.843698179678221 -3.495027912001536 7.00882768063547 -7.552671618620845 -2.0873478465344775 -5.049953164580572 -10.980865552522337 -9.779661292783926 -11.657087925370016 -5.848174147672669
4.68937875751503 0.2908480521374912 -5.7117747379166595 -3.3799828519434882 -4.355269623185425 -7.980843935246398 -7.090790972333423 2.675427965267322 6.815066282054918 17.56957660626076 6.111634516652664 8.117507880853779 -1.2325297673117432 2.0827242037762654 -6.849491637667945 -4.579162452731443 6.198732527912057 -1.6864424192692138 0.8448697351926882 -5.658161470789906 -3.266591077480534 7.417477772669923 -7.401866835265096 -1.8458202666930212 -4.857922158232011 -10.909924382134493 -9.676990747240113 -11.608793553315147 -5.687272555229992
4.749498997995992 0.5795743028879485 -5.52476497835249 -3.152216544265194 -4.160738459358004 -7.838221651319532 -6.929769289900047 3.0047355643442666 7.231805562581464 18.109743247917308 6.4207253051295865 8.438486540712727 -0.962927334989481 2.3936701064306614 -6.67674747476311 -4.377700762949169 6.601898946018181 -1.4311057076709741 1.1428466093037137 -5.470080893376146 -3.035196403620901 7.830897048268017 -7.248900734325261 -1.6013698797436504 -4.663485735496149 -10.837607059032822 -9.572610579593393 -11.559384904549253 -5.524441684467742
4.809619238476953 0.8717560676919689 -5.3352244552066 -2.9215752386027916 -3.9638272443652056 -7.6934777725819 -6.766435522800993 3.3379029979515353 7.653336977997469 18.654516803102997 6.73265722854909 8.762984888593405 -0.6899511932847638 2.7080379642725876 -6.501638857067081 -4.173927852974953 7.0096640131589965 -1.1727829090392003 1.4443584176971136 -5.2794653969175265 -2.800852718066036 8.249077946302581 -7.093783732239896 -1.3540025854087112 -4.466653193595018 -10.763920672703831 -9.466528830531418 -11.508868212842634 -5.359689998873236
4.869739478957916 1.167322703771525 -5.143205155366886 -2.688119489643004 -3.7645869908002716 -7.546654470850029 -6.6008353939470155 3.6748503657930067 8.07956592277499 19.20379064759549 7.047360537194436 9.090932179911558 -0.41366996990647636 3.025747515257318 -6.324215447547711 -3.9679059100425045 7.4219320347288935 -0.911547043308649 1.7493321796538197 -5.086367505679874 -2.5636211858613223 8.671923579069887 -6.936562715998296 -1.1037791149328058 -4.26747841248341 -10.688892394353429 -9.358780125455846 -11.45726510839056 -5.1930641639565245
4.929859719438878 1.46607535884689 -4.9488461800025085 -2.452013344757251 -3.5631583616904727 -7.397863079206388 -6.433091274658551 4.015353078791603 8.510217355872687 19.75723310147346 7.3646310416101635 9.422116344334746 -0.13427304955956818 3.346581976645733 -6.144608168635265 -3.759789129428122 7.838432518514676 -0.6475855552051233 2.057562957452941 -4.890927285832145 -2.3236680601548976 9.099157945014227 -6.777357805714903 -0.8508701899980942 -4.066104786342031 -10.612589878704862 -9.24945261671647 -11.404628310608514 -5.024687288153089
4.98997995991984 1.7679695152366826 -4.7521818854482945 -2.2132961974030074 -3.3595735542355243 -7.2471318237820626 -6.263233464754112 4.359360661736326 8.945232826731484 20.31479164893805 7.684429245287756 9.756494880471354 0.148195112651652 3.6704899397313855 -5.9628501349063 -3.549619654296497 8.259104969820566 -0.38094784591377473 2.3690046396809628 -4.693179541994379 -2.081033218018309 9.530720004022974 -6.616200987696832 -0.5953137347427884 -3.8625671526335914 -10.535031910055713 -9.138569956626215 -11.35097281038483 -4.854589410431522
5.050100200400801 2.0729494663364356 -4.5532542214838045 -1.9720164222754377 -3.153872487967977 -7.094494955637458 -6.0912989534907425 4.706810002195078 9.384537951328618 20.876396180799514 8.006704530931241 10.094012617408904 0.4336794360668314 3.997408333998212 -5.778981517262639 -3.337447311444522 8.683873501464479 -0.11169324947617662 2.6835995835903503 -4.493166712459686 -1.835765709031456 9.966532897489078 -6.453130623231349 -0.33715720018054895 -3.6569079352580403 -10.456240731897244 -9.02616040483993 -11.296316204863198 -4.682807042143544
5.110220440881763 2.380782106180348 -4.3522257409484055 -1.7283656011931114 -2.9462190435281777 -6.940082546400799 -5.917430913606019 5.057437819093779 9.827808680465981 21.441664711923888 8.331220949132945 10.434419406046441 0.7219577198031742 4.327085442071304 -5.593154966097603 -3.123448922192254 9.112420477285895 0.15996087697655062 3.0011075892112693 -4.291052416200785 -1.5880600155340119 10.406271989150184 -6.288286405491608 -0.07660018567433369 -3.4492933637893763 -10.37629471624079 -8.912326386410035 -11.240719226086354 -4.509482238635645
