web/models/kne/13/mosfit_kn_0.005245_0.1867_0.5000.dat
# %ECSV 1.0
# ---
# datatype:
# - {name: time, datatype: float64}
# - {name: PS1_g, datatype: float64}
# - {name: PS1_i, datatype: float64}
# - {name: PS1_r, datatype: float64}
# - {name: PS1_w, datatype: float64}
# - {name: PS1_y, datatype: float64}
# - {name: PS1_z, datatype: float64}
# - {name: swift_uvot_B, datatype: float64}
# - {name: swift_uvot_U, datatype: float64}
# - {name: swift_uvot_uvm2, datatype: float64}
# - {name: swift_uvot_uvw1, datatype: float64}
# - {name: swift_uvot_uvw2, datatype: float64}
# - {name: swift_uvot_V, datatype: float64}
# - {name: johnson_B, datatype: float64}
# - {name: johnson_I, datatype: float64}
# - {name: johnson_R, datatype: float64}
# - {name: johnson_U, datatype: float64}
# - {name: johnson_V, datatype: float64}
# - {name: sdss_g, datatype: float64}
# - {name: sdss_i, datatype: float64}
# - {name: sdss_r, datatype: float64}
# - {name: sdss_u, datatype: float64}
# - {name: sdss_z, datatype: float64}
# - {name: ATLAS_c, datatype: float64}
# - {name: ATLAS_o, datatype: float64}
# - {name: ukirt_H, datatype: float64}
# - {name: ukirt_J, datatype: float64}
# - {name: ukirt_K, datatype: float64}
# - {name: Clear, datatype: float64}
# meta: !!omap
# - comment: [kappa = 0.5, type = rprocess, mass = 0.005244756555828381, velocity = 0.1866666666666667, theta_obs = 0.0, tfloor = 1000.0]
# schema: astropy-2.0
time PS1_g PS1_i PS1_r PS1_w PS1_y PS1_z swift_uvot_B swift_uvot_U swift_uvot_uvm2 swift_uvot_uvw1 swift_uvot_uvw2 swift_uvot_V johnson_B johnson_I johnson_R johnson_U johnson_V sdss_g sdss_i sdss_r sdss_u sdss_z ATLAS_c ATLAS_o ukirt_H ukirt_J ukirt_K Clear
[from data line 262]
15.811623246492985 10.169633024791693 1.2878042115923982 4.762874989630248 2.7949511781262615 -2.2353858369328528 -0.8177098720857323 13.709539601356163 20.368483699251083 34.25707900328026 16.33406623132565 18.84708273780529 8.129149717662479 12.505602284389973 -0.2657090948295524 2.7043236718954473 19.33748251999934 7.174127382493725 10.98217312610613 1.3690601637054023 4.99136364912669 20.86958922942591 -1.3911374841077162 6.74195155937289 2.289539034763113 -7.184373214848349 -5.034883919358657 -8.54466189532152 0.5090571343649231
15.871743486973948 10.178615788915195 1.2967869757159178 4.77185775375375 2.8039339422497633 -2.226403072809351 -0.8087271079622127 13.718522365479682 20.377466463374596 34.26606176740376 16.343048995449152 18.856065501928793 8.13813248178598 12.514585048513474 -0.2567263307060328 2.713306436018949 19.346465284122843 7.183110146617227 10.991155890229631 1.3780429278289041 5.000346413250192 20.87857199354942 -1.3821547199842144 6.750934323496391 2.2985217988866147 -7.175390450724847 -5.025901155235156 -8.535679131198018 0.5180398984884249
15.931863727454909 10.187579312092474 1.3057504988931967 4.780821276931029 2.81289746542706 -2.217439549632072 -0.7997635847849338 13.727485888656961 20.386429986551875 34.275025290581056 16.35201251862643 18.865029025106082 8.14709600496326 12.523548571690771 -0.2477628075287539 2.722269959196246 19.35542880730012 7.192073669794506 11.000119413406928 1.387006451006183 5.009309936427471 20.8875355167267 -1.3731911968069355 6.759897846673688 2.3074853220638936 -7.166426927547568 -5.016937632057877 -8.526715608020739 0.5270034216657038
15.991983967935871 10.196523881085522 1.3146950678862268 4.789765845924077 2.82184203442009 -2.208494980639024 -0.7908190157919037 13.736430457649991 20.39537455554491 34.283969859574086 16.36095708761946 18.873973594099123 8.156040573956307 12.532493140683801 -0.23881823853572381 2.731214528189276 19.36437337629317 7.201018238787554 11.009063982399958 1.3959510199992309 5.018254505420501 20.896480085719737 -1.3642466278138876 6.768842415666718 2.3164298910569414 -7.15748235855452 -5.007993063064829 -8.517771039027691 0.5359479906587516
16.052104208416832 10.20544977314115 1.3236209599418736 4.798691737979706 2.830767926475719 -2.199569088583395 -0.781893123736257 13.745356349705638 20.404300447600548 34.29289575162972 16.369882979675108 18.882899486154752 8.164966466011936 12.54141903273943 -0.22989234648007706 2.740140420244905 19.3732992683488 7.209944130843183 11.017989874455587 1.4048769120548599 5.0271803974761475 20.905405977775374 -1.3553207357582586 6.777768307722347 2.3253557831125704 -7.148556466498891 -4.9990671710092 -8.508845146972062 0.5448738827143806
16.112224448897795 10.214357268206538 1.3325284550072602 4.80759923304511 2.8396754215411235 -2.1906615935180085 -0.7729856286708703 13.754263844771025 20.413207942665945 34.301803246695115 16.378790474740494 18.891806981220146 8.173873961077323 12.550326527804835 -0.22098485141469038 2.7490479153103093 19.382206763414185 7.218851625908587 11.026897369520992 1.4137844071202466 5.036087892541534 20.91431347284076 -1.346413240692872 6.786675802787752 2.334263278177957 -7.139648971433487 -4.990159675943795 -8.499937651906675 0.5537813777797673
16.172344689378757 10.223246633108225 1.3414178199089477 4.81648859794678 2.848564786442793 -2.181772228616321 -0.7640962637691828 13.763153209672712 20.422097307567626 34.3106926115968 16.387679839642182 18.900696346121823 8.18276332597901 12.559215892706522 -0.21209548651300292 2.757937280211979 19.391096128315873 7.227740990810257 11.035786734422661 1.422673772021934 5.044977257443222 20.92320283774245 -1.3375238757911845 6.795565167689421 2.3431526430796445 -7.130759606531817 -4.981270311042126 -8.491048287004988 0.5626707426814548
16.23246492985972 10.232118137365696 1.3502893241664005 4.82536010220425 2.8574362907002637 -2.1729007243588505 -0.7552247595117301 13.772024713930165 20.430968811825085 34.31956411585427 16.396551343899652 18.909567850379293 8.191634830236481 12.568087396963975 -0.20322398225555016 2.7668087844694496 19.399967632573343 7.236612495067727 11.044658238680132 1.4315452762794045 5.053848761700692 20.93207434199991 -1.328652371533714 6.804436671946892 2.352024147337115 -7.1218881022743465 -4.972398806784655 -8.482176782747517 0.5715422469389253
16.29258517034068 10.24097204243768 1.359143229238402 4.834214007276252 2.8662901957722653 -2.1640468192868667 -0.7463708544397285 13.780878619002166 20.439822716897076 34.32841802092626 16.405405248971636 18.918421755451288 8.200488735308465 12.576941302035976 -0.1943700771835486 2.775662689541451 19.408821537645327 7.245466400139729 11.053512143752133 1.4403991813513883 5.062702666772676 20.940928247071902 -1.3197984664617302 6.813290577018893 2.360878052409099 -7.113034197202345 -4.963544901712654 -8.473322877675534 0.5803961520109091
16.352705410821642 10.249808608262203 1.3679797950629258 4.843050573100758 2.875126761596789 -2.155210253462343 -0.7375342886152048 13.78971518482669 20.4486592827216 34.337254586750774 16.41424181479616 18.92725832127581 8.209325301132989 12.5857778678605 -0.18553351135902485 2.784499255365975 19.41765810346985 7.254302965964235 11.06234870957664 1.449235747175912 5.0715392325972 20.949764812896426 -1.3109619006372064 6.822127142843417 2.3697146182336226 -7.104197631377839 -4.954708335888148 -8.46448631185101 0.5892327178354329
16.412825651302605 10.258628079006726 1.376799265807449 4.851870043845281 2.8839462323412945 -2.1463907827178197 -0.7287148178706815 13.798534655571213 20.457478753466127 34.346074057495294 16.423061285540683 18.936077792020335 8.218144771877512 12.594597338605023 -0.17671404061450158 2.793318726110498 19.426477574214374 7.263122436708758 11.071168180321163 1.4580552179204354 5.080358703341723 20.958584283640953 -1.3021424298926831 6.830946613587923 2.378534088978146 -7.095378160633316 -4.945888865143624 -8.455666841106487 0.5980521885799561
16.472945891783567 10.267430702885179 1.3856018896859013 4.860672667723733 2.8927488562197645 -2.1375881588393675 -0.7199121939922293 13.807337279449666 20.46628137734458 34.354876681373746 16.431863909419135 18.944880415898787 8.226947395755964 12.603399962483476 -0.16791141673604937 2.8021213499889503 19.435280198092833 7.27192506058721 11.079970804199615 1.4668578417988876 5.089161327220175 20.967386907519405 -1.293339806014231 6.839749237466393 2.387336712856598 -7.0865755367548635 -4.937086241265172 -8.446864217228034 0.6068548124584083
16.53306613226453 10.276216728438143 1.3943879152388483 4.869458693276698 2.9015348817727116 -2.1288021332864027 -0.7111261684392822 13.816123305002613 20.475067402897533 34.3636627069267 16.440649934972082 18.95366644145174 8.235733421308929 12.612185988036423 -0.15912539118310232 2.8109073755418974 19.444066223645784 7.280711086140175 11.08875682975258 1.4756438673518524 5.097947352773122 20.97617293307236 -1.2845537804612661 6.84853526301934 2.396122738409563 -7.077789511201899 -4.928300215712207 -8.43807819167507 0.6156408380113731
16.59318637274549 10.28498639253204 1.4031575793327455 4.878228357370595 2.910304545866609 -2.1200324691925054 -0.702356504345385 13.824892969096528 20.48383706699144 34.372432371020615 16.449419599065997 18.96243610554564 8.244503085402826 12.62095565213032 -0.15035572708918732 2.8196770396357946 19.45283588773969 7.289480750234072 11.097526493846477 1.4844135314457496 5.106717016867037 20.984942597166267 -1.2757841163673689 6.857304927113237 2.40489240250346 -7.0690198471080015 -4.91953055161831 -8.429308527581172 0.6244105021052704
16.65330661322645 10.293739931072174 1.4119111178728971 4.886981895910747 2.9190580844067604 -2.111278930652354 -0.6936029658052334 13.833646507636661 20.492590605531582 34.381185909560756 16.45817313760613 18.971189644085793 8.253256623942978 12.629709190670471 -0.1416021885490535 2.8284305781759462 19.46158942627983 7.298234288774224 11.106280032386628 1.4931670699858834 5.115470555407171 20.993696135706408 -1.267030577827235 6.8660584656533885 2.413645941043594 -7.06026630856785 -4.9107770130781585 -8.420554989041038 0.633164040645422
16.713426853707414 10.302477566179018 1.420648752979723 4.895719531017573 2.927795719513586 -2.102541295545528 -0.6848653306984076 13.842384142743487 20.501328240638408 34.38992354466758 16.466910772712957 18.97992727919262 8.261994259049803 12.638446825777297 -0.1328645534422277 2.837168213282772 19.470327061386655 7.30697192388105 11.115017667493454 1.501904705092727 5.124208190513997 21.002433770813234 -1.2582929427203915 6.874796100760214 2.4223835761504198 -7.051528673461024 -4.902039377971333 -8.411817353934195 0.6419016757522478
16.773547094188377 10.311199525778942 1.429370712579665 4.904441490617497 2.9365176791135106 -2.0938193359456037 -0.6761433710984655 13.85110610234343 20.51005020023834 34.39864550426751 16.4756327323129 18.988649238792544 8.270716218649728 12.647168785377222 -0.12414259384228554 2.8458901728826964 19.47904902098659 7.315693883480974 11.123739627093379 1.5106266646926514 5.132930150113939 21.011155730413165 -1.249570983120467 6.883518060360139 2.431105535750362 -7.0428067138611 -4.893317418371408 -8.40309539433427 0.6506236353521722
16.83366733466934 10.319906028692927 1.4380772154936494 4.9131479935314815 2.945224182027495 -2.0851128330316193 -0.6674368681844811 13.859812605257414 20.518756703152327 34.407352007181494 16.484339235226884 18.997355741706524 8.279422721563712 12.655875288291206 -0.1154360909283012 2.8545966757966807 19.487755523900574 7.3244003863949585 11.132446130007363 1.5193331676066357 5.141636653027923 21.019862233327153 -1.2408644802064828 6.892224563274123 2.4398120386643463 -7.034100210947115 -4.884610915457424 -8.394388891420286 0.6593301382661565
16.8937875751503 10.328597295163124 1.446768481963847 4.921839260001679 2.9539154484977104 -2.0764215665614216 -0.6587456017142834 13.868503871727611 20.52744796962252 34.416043273651695 16.49303050169708 19.006047008176733 8.28811398803391 12.664566554761421 -0.10674482445810352 2.863287942266896 19.496446790370783 7.333091652865156 11.141137396477578 1.5280244340768334 5.150327919498121 21.028553499797347 -1.232173213736285 6.9009158297443385 2.448503305134544 -7.025408944476918 -4.875919648987226 -8.385697624950089 0.6680214047363542
16.95390781563126 10.337273535263307 1.4554447220640299 4.930515500101862 2.962591688597893 -2.067745326461239 -0.6500693616141007 13.877180111827794 20.536124209722708 34.424719513751874 16.501706741797264 19.014723248276916 8.296790228134093 12.673242794861604 -0.09806858435792076 2.871964182367079 19.505123030470962 7.341767892965339 11.149813636577743 1.5367006741770162 5.159004159598304 21.037229739897533 -1.2234969736361023 6.909592069844521 2.4571795452347267 -7.016732704376735 -4.8672434088870435 -8.377021384849906 0.6766976448365369
17.014028056112224 10.345934954829819 1.4641061416305412 4.939176919668373 2.9712531081644045 -2.0590839068947275 -0.6414079420475893 13.885841531394306 20.544785629289215 34.43338093331839 16.510368161363775 19.023384667843427 8.305451647700604 12.681904214428116 -0.08940716479140942 2.8806256019335903 19.513784450037477 7.35042931253185 11.158475056144272 1.5453620937435275 5.167665579164815 21.04589115946404 -1.214835554069591 6.918253489411033 2.465840964801238 -7.008071284810224 -4.858581989320532 -8.368359965283394 0.6853590644030483
17.074148296593187 10.35458175604024 1.4727529428409447 4.9478237208787945 2.979899909374808 -2.0504371056843063 -0.6327611408371858 13.894488332604709 20.55343243049963 34.4420277345288 16.51901496257418 19.032031469053837 8.314098448911025 12.690551015638519 -0.08076036358100591 2.889272403143994 19.522431251247887 7.3590761137422716 11.167121857354676 1.5540088949539488 5.176312380375219 21.054537960674455 -1.2061887528591697 6.926900290621436 2.4744877660116593 -6.999424483599802 -4.849935188110111 -8.359713164072973 0.6940058656134696
17.13426853707415 10.3632141422184 1.4813853290191048 4.956456107056955 2.988532295552968 -2.041804719506146 -0.6241287546590257 13.90312071878287 20.56206481667779 34.45066012070697 16.527647348752357 19.040663855232 8.322730835089185 12.69918340181668 -0.07212797740282806 2.897904789322154 19.531063637426048 7.367708499920432 11.175754243532836 1.5626412811321089 5.1849447665533965 21.063170346852615 -1.1975563666810096 6.935532676799596 2.4831201521898194 -6.990792097421642 -4.841302801931951 -8.351080777894813 0.7026382517916296
17.19438877755511 10.371832305812418 1.4900034926131411 4.965074270650973 2.9971504591469866 -2.0331865559121276 -0.6155105910649894 13.911738882376905 20.57068298027182 34.459278284300986 16.536265512346375 19.049282018826027 8.331348998683204 12.707801565410715 -0.06350981380880949 2.9065229529161902 19.539681801020066 7.37632666351445 11.184372407126855 1.5712594447261274 5.193562930147415 21.071788510446645 -1.188938203086991 6.944150840393615 2.491738315783838 -6.982173933827624 -4.832684638337932 -8.342462614300794 0.7112564153856482
17.25450901803607 10.380436434270823 1.4986076210715282 4.973678399109378 3.0057545876053915 -2.0245824274537227 -0.6069064626066023 13.920343010835293 20.579287108730213 34.467882412759394 16.54486964080478 19.057886147284425 8.339953127141609 12.716405693869103 -0.05490568535040463 2.9151270813745773 19.54828592947847 7.384930791972855 11.19297653558526 1.5798635731845323 5.20216705860582 21.08039263890504 -1.1803340746285862 6.95275496885202 2.500342444242243 -6.973569805369219 -4.824080509879527 -8.33385848584239 0.7198605438440531
17.314629258517034 10.38902672070142 1.5071979075021424 4.9822686855399745 3.0143448740360057 -2.0159921410231263 -0.5983161761759881 13.928933297265907 20.587877395160817 34.47647269918999 16.553459927235377 19.066476433715028 8.348543413572205 12.724995980299717 -0.04631539891980818 2.9237173678051915 19.556876215909078 7.3935210784034515 11.201566822015856 1.5884538596151287 5.210757345036416 21.088982925335642 -1.1717437881979897 6.961345255282634 2.5089327306728393 -6.964979518938622 -4.815490223448931 -8.325268199411793 0.7284508302746495
17.374749498997996 10.397603346814961 1.5157745336156836 4.990845311653516 3.022921500149529 -2.007415514909585 -0.5897395500624469 13.937509923379448 20.59645402127436 34.48504932530353 16.562036553348918 19.07505305982856 8.357120039685746 12.73357260641324 -0.03773877280626703 2.932293993918715 19.56545284202261 7.402097704516993 11.210143448129397 1.59703048572867 5.219333971149958 21.097559551449187 -1.1631671620844486 6.969921881396157 2.5175093567863804 -6.956402892825081 -4.80691359733539 -8.316691573298252 0.7370274563881907
17.43486973947896 10.406166489910742 1.524337676711447 4.999408454749297 3.03148464324531 -1.998852371813804 -0.5811764069666836 13.946073066475211 20.605017164370132 34.493612468399306 16.57059969644468 19.083616202924343 8.365683182781527 12.742135749509021 -0.029175629710503692 2.940857137014496 19.57401598511839 7.410660847612774 11.218706591225178 1.605593628824451 5.227897114245721 21.106122694544958 -1.1546040189886675 6.978485024491938 2.5260724998821615 -6.9478397497293 -4.798350454239609 -8.308128430202471 0.7455905994839718
17.494989979959918 10.414716325297455 1.53288751209816 5.00795829013601 3.0400344786320233 -1.990302536427091 -0.5726265715799705 13.954622901861924 20.613566999756845 34.50216230378603 16.579149531831412 19.092166038311053 8.37423301816824 12.750685584895734 -0.020625794323772872 2.949406972401209 19.582565820505103 7.419210682999487 11.227256426611891 1.614143464211164 5.236446949632452 21.11467252993167 -1.1460541836019544 6.987034859878651 2.5346223352688746 -6.939289914342587 -4.789800618852896 -8.299578594815758 0.7541404348706848
