web/models/kne/13/villar_0.0148_0.4373_1.0000.dat
# %ECSV 1.0
# ---
# datatype:
# - {name: time, datatype: float64}
# - {name: swift_uvot_uvw2, datatype: float64}
# - {name: swift_uvot_uvm2, datatype: float64}
# - {name: swift_uvot_uvw1, datatype: float64}
# - {name: swift_uvot_U, datatype: float64}
# - {name: swift_uvot_B, datatype: float64}
# - {name: swift_uvot_V, datatype: float64}
# - {name: swift_uvot_W, datatype: float64}
# - {name: johnson_U, datatype: float64}
# - {name: johnson_B, datatype: float64}
# - {name: johnson_V, datatype: float64}
# - {name: johnson_R, datatype: float64}
# - {name: johnson_I, datatype: float64}
# - {name: sdss_u, datatype: float64}
# - {name: sdss_g, datatype: float64}
# - {name: sdss_r, datatype: float64}
# - {name: sdss_i, datatype: float64}
# - {name: sdss_z, datatype: float64}
# - {name: PS1_g, datatype: float64}
# - {name: PS1_r, datatype: float64}
# - {name: PS1_i, datatype: float64}
# - {name: PS1_z, datatype: float64}
# - {name: PS1_Y, datatype: float64}
# - {name: PS1_w, datatype: float64}
# - {name: ATLAS_c, datatype: float64}
# - {name: ATLAS_o, datatype: float64}
# - {name: ukirt_J, datatype: float64}
# - {name: ukirt_H, datatype: float64}
# - {name: ukirt_K, datatype: float64}
# - {name: Clear, datatype: float64}
# meta: !!omap
# - comment: [kappa = 1.0, type = villar, mass = 0.014775890654408853, velocity = 0.43733333333333335, theta_obs = 0.0]
# schema: astropy-2.0
time swift_uvot_uvw2 swift_uvot_uvm2 swift_uvot_uvw1 swift_uvot_U swift_uvot_B swift_uvot_V swift_uvot_W johnson_U johnson_B johnson_V johnson_R johnson_I sdss_u sdss_g sdss_r sdss_i sdss_z PS1_g PS1_r PS1_i PS1_z PS1_Y PS1_w ATLAS_c ATLAS_o ukirt_J ukirt_H ukirt_K Clear
[from data line 77]
0.009917 -10.65 -10.684 -10.682 -10.593 -10.394 -10.13 -10.563 -10.567 -10.391 -10.121 -9.812 -9.433 -10.574 -10.312 -9.956 -9.665 -9.377 -10.296 -9.975 -9.687 -9.481 -9.415 -9.988 -10.174 -9.835 -8.776 -8.269 -7.671 -10.039
0.010217 -10.68 -10.718 -10.719 -10.636 -10.44 -10.178 -10.602 -10.611 -10.437 -10.169 -9.862 -9.484 -10.618 -10.359 -10.005 -9.715 -9.428 -10.343 -10.024 -9.737 -9.531 -9.465 -10.036 -10.221 -9.885 -8.829 -8.322 -7.725 -10.087
0.010526 -10.71 -10.752 -10.756 -10.679 -10.486 -10.226 -10.64 -10.654 -10.483 -10.217 -9.911 -9.535 -10.661 -10.405 -10.054 -9.766 -9.48 -10.389 -10.072 -9.787 -9.582 -9.515 -10.085 -10.269 -9.934 -8.881 -8.376 -7.779 -10.135
0.010845 -10.74 -10.785 -10.792 -10.721 -10.532 -10.274 -10.677 -10.697 -10.528 -10.265 -9.961 -9.586 -10.704 -10.452 -10.103 -9.816 -9.531 -10.436 -10.121 -9.837 -9.632 -9.564 -10.133 -10.316 -9.984 -8.934 -8.429 -7.833 -10.183
0.011173 -10.77 -10.818 -10.828 -10.764 -10.577 -10.322 -10.715 -10.74 -10.574 -10.313 -10.01 -9.637 -10.746 -10.498 -10.152 -9.866 -9.582 -10.482 -10.17 -9.886 -9.682 -9.614 -10.181 -10.364 -10.033 -8.986 -8.482 -7.887 -10.23
0.011511 -10.799 -10.851 -10.863 -10.806 -10.622 -10.37 -10.752 -10.783 -10.619 -10.361 -10.06 -9.688 -10.789 -10.544 -10.2 -9.916 -9.633 -10.528 -10.218 -9.936 -9.732 -9.663 -10.229 -10.411 -10.082 -9.038 -8.535 -7.941 -10.278
0.011859 -10.827 -10.883 -10.899 -10.848 -10.667 -10.417 -10.789 -10.825 -10.664 -10.408 -10.109 -9.739 -10.831 -10.59 -10.249 -9.966 -9.684 -10.574 -10.266 -9.986 -9.782 -9.712 -10.277 -10.458 -10.131 -9.091 -8.588 -7.994 -10.325
0.012217 -10.856 -10.915 -10.934 -10.889 -10.712 -10.465 -10.826 -10.867 -10.709 -10.456 -10.158 -9.789 -10.873 -10.636 -10.297 -10.016 -9.735 -10.62 -10.315 -10.035 -9.832 -9.762 -10.325 -10.505 -10.18 -9.143 -8.641 -8.048 -10.372
0.012587 -10.883 -10.947 -10.969 -10.931 -10.757 -10.512 -10.863 -10.909 -10.754 -10.503 -10.207 -9.84 -10.915 -10.681 -10.346 -10.065 -9.785 -10.666 -10.363 -10.084 -9.882 -9.811 -10.373 -10.551 -10.229 -9.195 -8.694 -8.101 -10.42
0.012968 -10.911 -10.978 -11.003 -10.972 -10.802 -10.559 -10.899 -10.951 -10.798 -10.55 -10.256 -9.89 -10.957 -10.727 -10.394 -10.115 -9.836 -10.712 -10.411 -10.134 -9.932 -9.86 -10.42 -10.598 -10.278 -9.247 -8.747 -8.155 -10.467
0.01336 -10.938 -11.009 -11.037 -11.013 -10.846 -10.606 -10.935 -10.992 -10.842 -10.597 -10.305 -9.94 -10.998 -10.772 -10.442 -10.165 -9.887 -10.757 -10.458 -10.183 -9.982 -9.909 -10.468 -10.644 -10.327 -9.299 -8.8 -8.208 -10.513
0.013764 -10.965 -11.04 -11.071 -11.053 -10.89 -10.653 -10.971 -11.034 -10.887 -10.644 -10.353 -9.991 -11.04 -10.817 -10.49 -10.214 -9.937 -10.802 -10.506 -10.232 -10.031 -9.958 -10.515 -10.69 -10.375 -9.351 -8.853 -8.262 -10.56
0.01418 -10.991 -11.07 -11.104 -11.094 -10.934 -10.699 -11.006 -11.075 -10.931 -10.691 -10.402 -10.041 -11.081 -10.862 -10.538 -10.263 -9.987 -10.847 -10.554 -10.281 -10.081 -10.007 -10.562 -10.737 -10.423 -9.403 -8.906 -8.315 -10.607
0.014609 -11.017 -11.1 -11.138 -11.134 -10.978 -10.746 -11.042 -11.116 -10.975 -10.737 -10.45 -10.091 -11.121 -10.907 -10.585 -10.312 -10.038 -10.892 -10.601 -10.33 -10.13 -10.056 -10.609 -10.782 -10.472 -9.455 -8.958 -8.369 -10.653
0.015051 -11.043 -11.129 -11.171 -11.174 -11.022 -10.792 -11.077 -11.156 -11.018 -10.784 -10.498 -10.141 -11.162 -10.951 -10.633 -10.362 -10.088 -10.937 -10.648 -10.379 -10.18 -10.105 -10.656 -10.828 -10.52 -9.507 -9.011 -8.422 -10.7
0.015506 -11.068 -11.158 -11.203 -11.214 -11.065 -10.838 -11.112 -11.197 -11.062 -10.83 -10.547 -10.19 -11.202 -10.996 -10.68 -10.411 -10.138 -10.982 -10.696 -10.427 -10.229 -10.153 -10.703 -10.874 -10.568 -9.558 -9.063 -8.475 -10.746
0.015975 -11.093 -11.187 -11.235 -11.254 -11.108 -10.885 -11.146 -11.237 -11.105 -10.876 -10.595 -10.24 -11.242 -11.04 -10.728 -10.459 -10.188 -11.026 -10.743 -10.476 -10.278 -10.202 -10.75 -10.919 -10.616 -9.61 -9.116 -8.528 -10.792
0.016458 -11.117 -11.216 -11.267 -11.293 -11.152 -10.931 -11.181 -11.277 -11.148 -10.922 -10.643 -10.29 -11.282 -11.084 -10.775 -10.508 -10.238 -11.071 -10.79 -10.524 -10.327 -10.251 -10.796 -10.965 -10.664 -9.661 -9.168 -8.582 -10.838
0.016956 -11.141 -11.244 -11.299 -11.332 -11.195 -10.976 -11.215 -11.317 -11.191 -10.968 -10.69 -10.339 -11.322 -11.128 -10.822 -10.557 -10.288 -11.115 -10.837 -10.573 -10.376 -10.299 -10.843 -11.01 -10.711 -9.713 -9.221 -8.635 -10.883
0.017469 -11.165 -11.271 -11.33 -11.371 -11.237 -11.022 -11.249 -11.356 -11.234 -11.014 -10.738 -10.389 -11.362 -11.172 -10.869 -10.605 -10.337 -11.159 -10.883 -10.621 -10.425 -10.348 -10.889 -11.055 -10.759 -9.764 -9.273 -8.688 -10.929
0.017997 -11.188 -11.298 -11.361 -11.41 -11.28 -11.068 -11.282 -11.396 -11.277 -11.059 -10.786 -10.438 -11.401 -11.215 -10.916 -10.654 -10.387 -11.203 -10.93 -10.669 -10.474 -10.396 -10.935 -11.1 -10.806 -9.816 -9.325 -8.741 -10.975
0.018541 -11.211 -11.325 -11.392 -11.448 -11.322 -11.113 -11.316 -11.435 -11.319 -11.105 -10.833 -10.488 -11.44 -11.259 -10.962 -10.702 -10.437 -11.246 -10.977 -10.717 -10.523 -10.445 -10.981 -11.145 -10.854 -9.867 -9.377 -8.794 -11.02
0.019102 -11.233 -11.352 -11.422 -11.486 -11.364 -11.158 -11.349 -11.474 -11.361 -11.15 -10.881 -10.537 -11.478 -11.302 -11.009 -10.75 -10.486 -11.29 -11.023 -10.765 -10.572 -10.493 -11.027 -11.189 -10.901 -9.918 -9.43 -8.847 -11.065
0.01968 -11.255 -11.378 -11.452 -11.524 -11.406 -11.203 -11.382 -11.512 -11.403 -11.195 -10.928 -10.586 -11.517 -11.345 -11.055 -10.799 -10.535 -11.333 -11.069 -10.813 -10.621 -10.541 -11.073 -11.234 -10.948 -9.969 -9.482 -8.9 -11.11
0.020275 -11.277 -11.403 -11.482 -11.562 -11.448 -11.248 -11.414 -11.551 -11.445 -11.24 -10.975 -10.635 -11.555 -11.388 -11.102 -10.847 -10.585 -11.376 -11.115 -10.861 -10.669 -10.59 -11.118 -11.278 -10.995 -10.02 -9.534 -8.952 -11.155
0.020888 -11.298 -11.429 -11.511 -11.599 -11.49 -11.293 -11.447 -11.589 -11.487 -11.285 -11.022 -10.684 -11.593 -11.431 -11.148 -10.895 -10.634 -11.419 -11.161 -10.909 -10.718 -10.638 -11.164 -11.322 -11.042 -10.071 -9.586 -9.005 -11.2
0.02152 -11.319 -11.453 -11.54 -11.636 -11.531 -11.338 -11.479 -11.627 -11.528 -11.329 -11.069 -10.733 -11.631 -11.473 -11.194 -10.942 -10.683 -11.462 -11.207 -10.956 -10.766 -10.686 -11.209 -11.366 -11.089 -10.122 -9.638 -9.058 -11.245
0.022171 -11.339 -11.478 -11.569 -11.673 -11.573 -11.382 -11.511 -11.664 -11.569 -11.374 -11.116 -10.781 -11.669 -11.516 -11.24 -10.99 -10.732 -11.505 -11.253 -11.004 -10.814 -10.734 -11.254 -11.41 -11.135 -10.173 -9.689 -9.111 -11.289
0.022841 -11.359 -11.502 -11.597 -11.71 -11.614 -11.426 -11.542 -11.702 -11.61 -11.418 -11.162 -10.83 -11.706 -11.558 -11.286 -11.038 -10.781 -11.547 -11.298 -11.051 -10.863 -10.782 -11.299 -11.454 -11.182 -10.224 -9.741 -9.163 -11.334
0.023532 -11.378 -11.526 -11.625 -11.746 -11.655 -11.471 -11.574 -11.739 -11.651 -11.463 -11.209 -10.879 -11.743 -11.6 -11.331 -11.085 -10.83 -11.59 -11.344 -11.098 -10.911 -10.83 -11.344 -11.497 -11.228 -10.275 -9.793 -9.216 -11.378
0.024244 -11.397 -11.549 -11.653 -11.783 -11.695 -11.515 -11.605 -11.776 -11.692 -11.507 -11.255 -10.927 -11.78 -11.642 -11.377 -11.133 -10.879 -11.632 -11.389 -11.146 -10.959 -10.878 -11.389 -11.54 -11.275 -10.325 -9.845 -9.268 -11.422
0.024977 -11.416 -11.572 -11.68 -11.818 -11.736 -11.558 -11.636 -11.813 -11.733 -11.551 -11.301 -10.975 -11.816 -11.683 -11.422 -11.18 -10.927 -11.674 -11.434 -11.193 -11.007 -10.925 -11.433 -11.584 -11.321 -10.376 -9.896 -9.321 -11.466
0.025733 -11.434 -11.594 -11.707 -11.854 -11.776 -11.602 -11.666 -11.849 -11.773 -11.594 -11.348 -11.024 -11.853 -11.725 -11.467 -11.227 -10.976 -11.716 -11.479 -11.24 -11.055 -10.973 -11.478 -11.627 -11.367 -10.427 -9.948 -9.373 -11.509
0.026511 -11.452 -11.616 -11.733 -11.889 -11.816 -11.646 -11.697 -11.885 -11.813 -11.638 -11.394 -11.072 -11.889 -11.766 -11.513 -11.274 -11.024 -11.757 -11.524 -11.287 -11.102 -11.021 -11.522 -11.67 -11.413 -10.477 -10.0 -9.426 -11.553
0.027313 -11.469 -11.637 -11.759 -11.924 -11.856 -11.689 -11.727 -11.921 -11.853 -11.681 -11.44 -11.12 -11.925 -11.807 -11.557 -11.321 -11.073 -11.799 -11.569 -11.333 -11.15 -11.068 -11.566 -11.712 -11.458 -10.527 -10.051 -9.478 -11.597
0.028139 -11.486 -11.658 -11.785 -11.959 -11.895 -11.732 -11.757 -11.957 -11.892 -11.725 -11.485 -11.168 -11.96 -11.848 -11.602 -11.368 -11.121 -11.84 -11.614 -11.38 -11.198 -11.116 -11.61 -11.755 -11.504 -10.578 -10.102 -9.531 -11.64
0.02899 -11.502 -11.679 -11.811 -11.994 -11.935 -11.775 -11.786 -11.992 -11.932 -11.768 -11.531 -11.216 -11.995 -11.889 -11.647 -11.415 -11.169 -11.881 -11.658 -11.426 -11.245 -11.163 -11.654 -11.797 -11.549 -10.628 -10.154 -9.583 -11.683
0.029867 -11.518 -11.699 -11.836 -12.028 -11.974 -11.818 -11.816 -12.027 -11.971 -11.811 -11.577 -11.263 -12.03 -11.929 -11.692 -11.461 -11.217 -11.922 -11.703 -11.473 -11.293 -11.21 -11.698 -11.839 -11.595 -10.678 -10.205 -9.635 -11.726
0.03077 -11.533 -11.719 -11.86 -12.062 -12.013 -11.861 -11.845 -12.062 -12.01 -11.854 -11.622 -11.311 -12.065 -11.969 -11.736 -11.508 -11.265 -11.963 -11.747 -11.519 -11.34 -11.258 -11.742 -11.881 -11.64 -10.728 -10.256 -9.687 -11.769
0.031701 -11.548 -11.738 -11.885 -12.096 -12.052 -11.904 -11.874 -12.097 -12.049 -11.896 -11.667 -11.359 -12.099 -12.009 -11.78 -11.554 -11.313 -12.003 -11.791 -11.565 -11.387 -11.305 -11.785 -11.923 -11.685 -10.778 -10.308 -9.74 -11.812
0.032659 -11.563 -11.757 -11.908 -12.129 -12.09 -11.946 -11.902 -12.131 -12.087 -11.939 -11.712 -11.406 -12.133 -12.049 -11.824 -11.6 -11.361 -12.043 -11.835 -11.611 -11.434 -11.352 -11.828 -11.965 -11.73 -10.828 -10.359 -9.792 -11.854
0.033647 -11.577 -11.775 -11.932 -12.162 -12.129 -11.988 -11.931 -12.165 -12.126 -11.981 -11.757 -11.453 -12.167 -12.089 -11.868 -11.646 -11.408 -12.084 -11.879 -11.657 -11.481 -11.399 -11.871 -12.006 -11.775 -10.878 -10.41 -9.844 -11.896
0.034665 -11.59 -11.793 -11.955 -12.195 -12.167 -12.03 -11.959 -12.199 -12.164 -12.023 -11.802 -11.501 -12.201 -12.128 -11.912 -11.692 -11.456 -12.123 -11.923 -11.703 -11.528 -11.446 -11.914 -12.047 -11.82 -10.928 -10.461 -9.896 -11.939
0.035713 -11.603 -11.81 -11.978 -12.228 -12.205 -12.072 -11.987 -12.232 -12.202 -12.065 -11.847 -11.548 -12.234 -12.168 -11.956 -11.738 -11.503 -12.163 -11.966 -11.749 -11.575 -11.493 -11.957 -12.088 -11.864 -10.978 -10.512 -9.948 -11.981
0.036793 -11.616 -11.827 -12.0 -12.26 -12.242 -12.114 -12.014 -12.265 -12.239 -12.107 -11.891 -11.595 -12.267 -12.207 -11.999 -11.784 -11.551 -12.203 -12.009 -11.794 -11.622 -11.54 -12.0 -12.129 -11.908 -11.027 -10.563 -10.0 -12.023
0.037906 -11.628 -11.844 -12.022 -12.292 -12.28 -12.155 -12.042 -12.298 -12.277 -12.148 -11.936 -11.642 -12.3 -12.246 -12.042 -11.83 -11.598 -12.242 -12.053 -11.84 -11.668 -11.587 -12.042 -12.17 -11.953 -11.077 -10.614 -10.052 -12.064
0.039052 -11.639 -11.86 -12.044 -12.323 -12.317 -12.197 -12.069 -12.331 -12.314 -12.19 -11.98 -11.689 -12.332 -12.284 -12.086 -11.875 -11.645 -12.281 -12.096 -11.885 -11.715 -11.633 -12.085 -12.211 -11.997 -11.127 -10.665 -10.104 -12.106
0.040234 -11.65 -11.875 -12.065 -12.355 -12.354 -12.238 -12.095 -12.363 -12.351 -12.231 -12.024 -11.735 -12.364 -12.323 -12.129 -11.921 -11.692 -12.32 -12.139 -11.93 -11.761 -11.68 -12.127 -12.251 -12.041 -11.176 -10.715 -10.155 -12.147
0.04145 -11.661 -11.89 -12.085 -12.385 -12.39 -12.279 -12.122 -12.395 -12.388 -12.272 -12.068 -11.782 -12.396 -12.361 -12.171 -11.966 -11.739 -12.359 -12.181 -11.976 -11.808 -11.726 -12.169 -12.291 -12.085 -11.225 -10.766 -10.207 -12.188
0.042704 -11.671 -11.904 -12.106 -12.416 -12.427 -12.319 -12.148 -12.427 -12.424 -12.313 -12.112 -11.828 -12.428 -12.399 -12.214 -12.011 -11.786 -12.397 -12.224 -12.021 -11.854 -11.773 -12.211 -12.331 -12.128 -11.275 -10.817 -10.259 -12.229
0.043996 -11.68 -11.918 -12.125 -12.446 -12.463 -12.36 -12.174 -12.458 -12.46 -12.353 -12.156 -11.875 -12.459 -12.436 -12.257 -12.056 -11.833 -12.435 -12.266 -12.065 -11.9 -11.819 -12.252 -12.371 -12.172 -11.324 -10.867 -10.31 -12.27
0.045326 -11.689 -11.931 -12.145 -12.476 -12.499 -12.4 -12.2 -12.489 -12.496 -12.394 -12.199 -11.921 -12.489 -12.474 -12.299 -12.101 -11.879 -12.473 -12.308 -12.11 -11.946 -11.865 -12.294 -12.41 -12.215 -11.373 -10.918 -10.362 -12.311
0.046697 -11.698 -11.944 -12.164 -12.506 -12.534 -12.44 -12.225 -12.52 -12.532 -12.434 -12.243 -11.967 -12.52 -12.511 -12.341 -12.145 -11.926 -12.511 -12.35 -12.155 -11.992 -11.911 -12.335 -12.449 -12.258 -11.422 -10.968 -10.414 -12.351
0.048109 -11.706 -11.956 -12.182 -12.535 -12.57 -12.48 -12.25 -12.55 -12.567 -12.474 -12.286 -12.013 -12.55 -12.548 -12.383 -12.19 -11.972 -12.549 -12.392 -12.199 -12.038 -11.958 -12.376 -12.489 -12.301 -11.471 -11.018 -10.465 -12.392
0.049564 -11.713 -11.968 -12.2 -12.564 -12.605 -12.52 -12.275 -12.58 -12.602 -12.514 -12.329 -12.059 -12.58 -12.585 -12.425 -12.234 -12.019 -12.586 -12.434 -12.243 -12.083 -12.004 -12.417 -12.527 -12.344 -11.52 -11.069 -10.517 -12.432
0.051063 -11.72 -11.979 -12.218 -12.593 -12.64 -12.56 -12.3 -12.61 -12.637 -12.553 -12.372 -12.105 -12.609 -12.621 -12.467 -12.279 -12.065 -12.623 -12.476 -12.288 -12.129 -12.049 -12.458 -12.566 -12.387 -11.569 -11.119 -10.568 -12.472
0.052608 -11.726 -11.99 -12.235 -12.621 -12.674 -12.599 -12.324 -12.639 -12.672 -12.593 -12.415 -12.15 -12.639 -12.658 -12.508 -12.323 -12.111 -12.66 -12.517 -12.332 -12.174 -12.095 -12.498 -12.605 -12.429 -11.618 -11.169 -10.619 -12.512
0.054199 -11.732 -12.0 -12.252 -12.649 -12.709 -12.638 -12.348 -12.668 -12.706 -12.632 -12.457 -12.196 -12.667 -12.694 -12.549 -12.367 -12.157 -12.697 -12.558 -12.375 -12.22 -12.141 -12.539 -12.643 -12.472 -11.666 -11.219 -10.671 -12.551
0.055838 -11.737 -12.009 -12.268 -12.677 -12.743 -12.677 -12.372 -12.697 -12.74 -12.671 -12.5 -12.241 -12.696 -12.729 -12.59 -12.411 -12.202 -12.733 -12.599 -12.419 -12.265 -12.187 -12.579 -12.681 -12.514 -11.715 -11.269 -10.722 -12.59
0.057527 -11.741 -12.018 -12.284 -12.704 -12.776 -12.716 -12.396 -12.725 -12.774 -12.71 -12.542 -12.286 -12.724 -12.765 -12.631 -12.454 -12.248 -12.769 -12.64 -12.463 -12.31 -12.232 -12.619 -12.719 -12.556 -11.763 -11.319 -10.773 -12.63
0.059267 -11.745 -12.027 -12.299 -12.73 -12.81 -12.754 -12.419 -12.753 -12.808 -12.748 -12.584 -12.332 -12.752 -12.8 -12.672 -12.498 -12.294 -12.805 -12.681 -12.506 -12.355 -12.277 -12.659 -12.756 -12.598 -11.812 -11.369 -10.824 -12.669
0.061059 -11.749 -12.034 -12.314 -12.757 -12.843 -12.792 -12.442 -12.781 -12.841 -12.787 -12.626 -12.376 -12.779 -12.835 -12.712 -12.541 -12.339 -12.841 -12.721 -12.549 -12.4 -12.323 -12.698 -12.794 -12.64 -11.86 -11.419 -10.876 -12.707
0.062906 -11.752 -12.041 -12.328 -12.783 -12.876 -12.83 -12.464 -12.808 -12.874 -12.825 -12.668 -12.421 -12.806 -12.87 -12.753 -12.584 -12.384 -12.876 -12.761 -12.593 -12.445 -12.368 -12.738 -12.831 -12.681 -11.908 -11.469 -10.927 -12.746
0.064808 -11.754 -12.048 -12.342 -12.808 -12.908 -12.868 -12.487 -12.835 -12.906 -12.863 -12.709 -12.466 -12.832 -12.904 -12.793 -12.627 -12.429 -12.911 -12.801 -12.636 -12.489 -12.413 -12.777 -12.867 -12.723 -11.956 -11.519 -10.978 -12.784
0.066769 -11.756 -12.054 -12.355 -12.834 -12.941 -12.906 -12.509 -12.861 -12.939 -12.9 -12.751 -12.511 -12.859 -12.938 -12.833 -12.67 -12.475 -12.946 -12.841 -12.678 -12.534 -12.458 -12.816 -12.904 -12.764 -12.004 -11.568 -11.029 -12.822
0.068788 -11.757 -12.059 -12.368 -12.859 -12.973 -12.943 -12.53 -12.887 -12.971 -12.938 -12.792 -12.555 -12.884 -12.972 -12.873 -12.713 -12.519 -12.98 -12.881 -12.721 -12.578 -12.503 -12.855 -12.94 -12.805 -12.052 -11.618 -11.079 -12.86
0.070868 -11.757 -12.064 -12.38 -12.883 -13.004 -12.98 -12.552 -12.913 -13.002 -12.975 -12.833 -12.599 -12.91 -13.006 -12.912 -12.755 -12.564 -13.015 -12.92 -12.764 -12.622 -12.548 -12.893 -12.977 -12.845 -12.1 -11.667 -11.13 -12.898
