web/models/kne/13/villar_0.0015_0.3277_1.0000.dat
# %ECSV 1.0
# ---
# datatype:
# - {name: time, datatype: float64}
# - {name: swift_uvot_uvw2, datatype: float64}
# - {name: swift_uvot_uvm2, datatype: float64}
# - {name: swift_uvot_uvw1, datatype: float64}
# - {name: swift_uvot_U, datatype: float64}
# - {name: swift_uvot_B, datatype: float64}
# - {name: swift_uvot_V, datatype: float64}
# - {name: swift_uvot_W, datatype: float64}
# - {name: johnson_U, datatype: float64}
# - {name: johnson_B, datatype: float64}
# - {name: johnson_V, datatype: float64}
# - {name: johnson_R, datatype: float64}
# - {name: johnson_I, datatype: float64}
# - {name: sdss_u, datatype: float64}
# - {name: sdss_g, datatype: float64}
# - {name: sdss_r, datatype: float64}
# - {name: sdss_i, datatype: float64}
# - {name: sdss_z, datatype: float64}
# - {name: PS1_g, datatype: float64}
# - {name: PS1_r, datatype: float64}
# - {name: PS1_i, datatype: float64}
# - {name: PS1_z, datatype: float64}
# - {name: PS1_Y, datatype: float64}
# - {name: PS1_w, datatype: float64}
# - {name: ATLAS_c, datatype: float64}
# - {name: ATLAS_o, datatype: float64}
# - {name: ukirt_J, datatype: float64}
# - {name: ukirt_H, datatype: float64}
# - {name: ukirt_K, datatype: float64}
# - {name: Clear, datatype: float64}
# meta: !!omap
# - comment: [kappa = 1.0, type = villar, mass = 0.001513321957917195, velocity = 0.32766666666666666, theta_obs = 0.0]
# schema: astropy-2.0
time swift_uvot_uvw2 swift_uvot_uvm2 swift_uvot_uvw1 swift_uvot_U swift_uvot_B swift_uvot_V swift_uvot_W johnson_U johnson_B johnson_V johnson_R johnson_I sdss_u sdss_g sdss_r sdss_i sdss_z PS1_g PS1_r PS1_i PS1_z PS1_Y PS1_w ATLAS_c ATLAS_o ukirt_J ukirt_H ukirt_K Clear
[from data line 148]
0.082253 -9.582 -9.971 -10.531 -11.384 -11.727 -11.87 -11.027 -11.454 -11.728 -11.869 -11.847 -11.715 -11.441 -11.789 -11.878 -11.817 -11.694 -11.822 -11.886 -11.825 -11.737 -11.687 -11.837 -11.841 -11.852 -11.326 -10.945 -10.449 -11.819
0.084741 -9.559 -9.949 -10.521 -11.392 -11.745 -11.897 -11.036 -11.463 -11.746 -11.896 -11.88 -11.753 -11.449 -11.81 -11.909 -11.852 -11.733 -11.844 -11.917 -11.86 -11.775 -11.726 -11.867 -11.866 -11.885 -11.37 -10.991 -10.497 -11.847
0.087304 -9.534 -9.926 -10.511 -11.398 -11.763 -11.923 -11.044 -11.471 -11.764 -11.922 -11.912 -11.791 -11.457 -11.831 -11.939 -11.887 -11.771 -11.866 -11.946 -11.895 -11.812 -11.765 -11.896 -11.891 -11.917 -11.413 -11.036 -10.545 -11.875
0.089944 -9.509 -9.902 -10.5 -11.403 -11.779 -11.948 -11.052 -11.478 -11.78 -11.947 -11.944 -11.828 -11.464 -11.851 -11.968 -11.921 -11.808 -11.887 -11.976 -11.929 -11.849 -11.804 -11.924 -11.915 -11.948 -11.455 -11.082 -10.592 -11.903
0.092665 -9.482 -9.876 -10.488 -11.408 -11.795 -11.973 -11.059 -11.485 -11.796 -11.972 -11.976 -11.864 -11.47 -11.87 -11.996 -11.955 -11.846 -11.907 -12.004 -11.963 -11.886 -11.842 -11.952 -11.938 -11.979 -11.498 -11.127 -10.64 -11.93
0.095467 -9.454 -9.849 -10.474 -11.411 -11.81 -11.997 -11.065 -11.49 -11.812 -11.997 -12.006 -11.901 -11.475 -11.888 -12.025 -11.988 -11.883 -11.927 -12.033 -11.996 -11.922 -11.88 -11.979 -11.961 -12.009 -11.54 -11.172 -10.687 -11.956
0.098355 -9.425 -9.82 -10.459 -11.413 -11.824 -12.02 -11.07 -11.495 -11.826 -12.02 -12.037 -11.937 -11.478 -11.906 -12.052 -12.021 -11.92 -11.946 -12.06 -12.029 -11.958 -11.918 -12.006 -11.983 -12.039 -11.582 -11.217 -10.734 -11.982
0.101329 -9.395 -9.789 -10.443 -11.415 -11.838 -12.043 -11.075 -11.498 -11.84 -12.043 -12.067 -11.972 -11.481 -11.923 -12.079 -12.053 -11.956 -11.964 -12.087 -12.062 -11.994 -11.955 -12.032 -12.005 -12.069 -11.624 -11.261 -10.781 -12.007
0.104394 -9.363 -9.757 -10.425 -11.415 -11.85 -12.065 -11.079 -11.5 -11.852 -12.065 -12.096 -12.007 -11.483 -11.939 -12.106 -12.085 -11.992 -11.982 -12.114 -12.093 -12.029 -11.992 -12.058 -12.025 -12.097 -11.665 -11.306 -10.828 -12.032
0.107551 -9.329 -9.723 -10.406 -11.414 -11.862 -12.086 -11.082 -11.501 -11.864 -12.087 -12.124 -12.042 -11.483 -11.954 -12.131 -12.117 -12.027 -11.998 -12.14 -12.125 -12.064 -12.028 -12.083 -12.045 -12.126 -11.706 -11.35 -10.874 -12.056
0.110804 -9.295 -9.688 -10.386 -11.411 -11.872 -12.106 -11.084 -11.501 -11.875 -12.107 -12.153 -12.076 -11.483 -11.968 -12.156 -12.147 -12.062 -12.014 -12.165 -12.156 -12.098 -12.065 -12.107 -12.065 -12.153 -11.747 -11.394 -10.92 -12.08
0.114155 -9.259 -9.65 -10.364 -11.408 -11.882 -12.126 -11.085 -11.5 -11.885 -12.127 -12.18 -12.11 -11.481 -11.981 -12.181 -12.178 -12.096 -12.029 -12.189 -12.186 -12.132 -12.1 -12.131 -12.083 -12.18 -11.787 -11.437 -10.966 -12.102
0.117608 -9.221 -9.61 -10.34 -11.403 -11.891 -12.145 -11.086 -11.497 -11.893 -12.147 -12.207 -12.143 -11.477 -11.994 -12.204 -12.207 -12.13 -12.043 -12.213 -12.216 -12.165 -12.135 -12.154 -12.101 -12.207 -11.827 -11.48 -11.012 -12.124
0.121165 -9.182 -9.569 -10.315 -11.396 -11.898 -12.163 -11.085 -11.494 -11.901 -12.165 -12.233 -12.175 -11.473 -12.005 -12.227 -12.236 -12.164 -12.056 -12.236 -12.245 -12.198 -12.17 -12.176 -12.117 -12.232 -11.867 -11.523 -11.058 -12.146
0.124829 -9.142 -9.525 -10.288 -11.389 -11.904 -12.18 -11.084 -11.488 -11.908 -12.182 -12.258 -12.207 -11.467 -12.016 -12.249 -12.265 -12.197 -12.068 -12.258 -12.273 -12.23 -12.204 -12.198 -12.133 -12.257 -11.906 -11.566 -11.103 -12.166
0.128605 -9.1 -9.479 -10.26 -11.38 -11.909 -12.196 -11.081 -11.482 -11.913 -12.199 -12.283 -12.239 -11.459 -12.025 -12.271 -12.292 -12.229 -12.079 -12.279 -12.301 -12.261 -12.238 -12.218 -12.148 -12.281 -11.945 -11.608 -11.148 -12.186
0.132494 -9.056 -9.431 -10.23 -11.369 -11.913 -12.211 -11.078 -11.474 -11.917 -12.214 -12.307 -12.27 -11.45 -12.033 -12.291 -12.319 -12.261 -12.089 -12.3 -12.328 -12.292 -12.271 -12.238 -12.162 -12.305 -11.984 -11.65 -11.193 -12.205
0.136502 -9.011 -9.38 -10.197 -11.356 -11.916 -12.225 -11.073 -11.464 -11.92 -12.229 -12.33 -12.3 -11.44 -12.04 -12.311 -12.345 -12.292 -12.098 -12.32 -12.355 -12.323 -12.304 -12.257 -12.175 -12.327 -12.022 -11.692 -11.238 -12.223
0.14063 -8.964 -9.327 -10.163 -11.342 -11.917 -12.238 -11.067 -11.452 -11.922 -12.242 -12.352 -12.329 -11.428 -12.046 -12.329 -12.371 -12.322 -12.105 -12.338 -12.38 -12.352 -12.336 -12.275 -12.187 -12.349 -12.059 -11.733 -11.282 -12.241
0.144883 -8.916 -9.272 -10.127 -11.327 -11.917 -12.25 -11.06 -11.439 -11.922 -12.254 -12.374 -12.358 -11.414 -12.05 -12.347 -12.396 -12.352 -12.112 -12.356 -12.405 -12.381 -12.367 -12.292 -12.197 -12.37 -12.096 -11.774 -11.326 -12.257
0.149265 -8.865 -9.213 -10.089 -11.309 -11.915 -12.261 -11.052 -11.425 -11.921 -12.265 -12.394 -12.386 -11.398 -12.053 -12.363 -12.419 -12.381 -12.117 -12.373 -12.429 -12.409 -12.398 -12.308 -12.207 -12.39 -12.133 -11.814 -11.369 -12.272
0.15378 -8.814 -9.152 -10.048 -11.289 -11.912 -12.27 -11.042 -11.408 -11.918 -12.275 -12.414 -12.414 -11.38 -12.055 -12.379 -12.442 -12.41 -12.12 -12.388 -12.452 -12.437 -12.428 -12.323 -12.215 -12.409 -12.169 -11.854 -11.413 -12.287
0.15843 -8.76 -9.088 -10.005 -11.268 -11.907 -12.278 -11.031 -11.389 -11.913 -12.284 -12.432 -12.44 -11.361 -12.055 -12.393 -12.464 -12.437 -12.123 -12.403 -12.475 -12.464 -12.458 -12.337 -12.222 -12.426 -12.204 -11.894 -11.455 -12.3
0.163222 -8.704 -9.02 -9.96 -11.244 -11.901 -12.285 -11.018 -11.368 -11.907 -12.291 -12.449 -12.466 -11.339 -12.053 -12.406 -12.485 -12.464 -12.123 -12.416 -12.496 -12.489 -12.486 -12.35 -12.227 -12.443 -12.239 -11.933 -11.498 -12.312
0.168159 -8.647 -8.949 -9.912 -11.218 -11.893 -12.29 -11.004 -11.346 -11.899 -12.297 -12.466 -12.491 -11.315 -12.05 -12.418 -12.505 -12.49 -12.123 -12.428 -12.516 -12.514 -12.514 -12.362 -12.232 -12.459 -12.273 -11.972 -11.54 -12.323
0.173245 -8.588 -8.875 -9.861 -11.189 -11.882 -12.294 -10.988 -11.32 -11.889 -12.301 -12.481 -12.515 -11.289 -12.045 -12.429 -12.524 -12.515 -12.12 -12.439 -12.535 -12.538 -12.541 -12.372 -12.234 -12.473 -12.307 -12.01 -11.582 -12.333
0.178484 -8.527 -8.798 -9.807 -11.158 -11.87 -12.296 -10.971 -11.293 -11.878 -12.304 -12.495 -12.538 -11.26 -12.039 -12.438 -12.542 -12.539 -12.116 -12.449 -12.553 -12.561 -12.567 -12.382 -12.235 -12.487 -12.339 -12.047 -11.623 -12.342
0.183882 -8.464 -8.716 -9.751 -11.125 -11.856 -12.297 -10.951 -11.263 -11.864 -12.305 -12.507 -12.559 -11.229 -12.03 -12.445 -12.559 -12.562 -12.11 -12.456 -12.57 -12.584 -12.592 -12.389 -12.235 -12.498 -12.371 -12.084 -11.664 -12.349
0.189444 -8.4 -8.63 -9.692 -11.089 -11.84 -12.296 -10.93 -11.23 -11.848 -12.304 -12.518 -12.58 -11.195 -12.02 -12.452 -12.574 -12.584 -12.102 -12.463 -12.585 -12.604 -12.617 -12.396 -12.232 -12.509 -12.403 -12.12 -11.704 -12.355
0.195173 -8.334 -8.54 -9.629 -11.05 -11.821 -12.293 -10.907 -11.194 -11.83 -12.302 -12.528 -12.6 -11.158 -12.007 -12.456 -12.588 -12.604 -12.092 -12.468 -12.6 -12.624 -12.64 -12.4 -12.228 -12.518 -12.433 -12.156 -11.744 -12.359
0.201076 -8.266 -8.446 -9.563 -11.007 -11.799 -12.288 -10.882 -11.156 -11.809 -12.297 -12.536 -12.618 -11.118 -11.992 -12.459 -12.6 -12.624 -12.08 -12.471 -12.612 -12.643 -12.662 -12.403 -12.222 -12.525 -12.463 -12.191 -11.783 -12.362
0.207158 -8.197 -8.347 -9.493 -10.962 -11.776 -12.28 -10.855 -11.114 -11.786 -12.291 -12.543 -12.635 -11.075 -11.975 -12.46 -12.611 -12.642 -12.065 -12.472 -12.624 -12.66 -12.683 -12.405 -12.214 -12.531 -12.492 -12.225 -11.821 -12.363
0.213423 -8.126 -8.243 -9.419 -10.913 -11.749 -12.271 -10.825 -11.069 -11.76 -12.282 -12.548 -12.651 -11.028 -11.955 -12.459 -12.621 -12.659 -12.048 -12.471 -12.633 -12.676 -12.703 -12.404 -12.203 -12.535 -12.519 -12.259 -11.859 -12.362
0.219878 -8.054 -8.134 -9.342 -10.86 -11.72 -12.259 -10.793 -11.021 -11.731 -12.271 -12.551 -12.665 -10.978 -11.932 -12.456 -12.628 -12.675 -12.029 -12.469 -12.641 -12.69 -12.721 -12.402 -12.19 -12.537 -12.546 -12.291 -11.897 -12.36
0.226528 -7.98 -8.019 -9.26 -10.804 -11.687 -12.245 -10.758 -10.969 -11.699 -12.257 -12.552 -12.678 -10.925 -11.907 -12.45 -12.634 -12.689 -12.007 -12.464 -12.648 -12.703 -12.738 -12.397 -12.175 -12.537 -12.572 -12.323 -11.933 -12.355
0.233379 -7.905 -7.898 -9.174 -10.743 -11.651 -12.228 -10.721 -10.913 -11.664 -12.241 -12.551 -12.689 -10.867 -11.879 -12.443 -12.638 -12.702 -11.982 -12.457 -12.652 -12.715 -12.754 -12.391 -12.157 -12.535 -12.596 -12.354 -11.969 -12.349
0.240437 -7.83 -7.771 -9.083 -10.679 -11.612 -12.209 -10.68 -10.852 -11.625 -12.222 -12.548 -12.698 -10.805 -11.847 -12.433 -12.64 -12.713 -11.954 -12.447 -12.655 -12.724 -12.768 -12.382 -12.137 -12.531 -12.62 -12.384 -12.005 -12.34
0.247709 -7.754 -7.638 -8.988 -10.609 -11.569 -12.186 -10.637 -10.787 -11.583 -12.201 -12.542 -12.706 -10.738 -11.812 -12.42 -12.64 -12.722 -11.923 -12.435 -12.655 -12.732 -12.781 -12.37 -12.113 -12.525 -12.642 -12.413 -12.039 -12.329
0.255201 -7.677 -7.497 -8.887 -10.535 -11.522 -12.16 -10.59 -10.718 -11.537 -12.176 -12.534 -12.711 -10.667 -11.773 -12.405 -12.638 -12.729 -11.888 -12.42 -12.653 -12.737 -12.791 -12.356 -12.086 -12.516 -12.662 -12.441 -12.072 -12.316
0.262919 -7.6 -7.349 -8.78 -10.455 -11.47 -12.131 -10.54 -10.643 -11.486 -12.147 -12.524 -12.715 -10.59 -11.731 -12.386 -12.633 -12.734 -11.85 -12.403 -12.648 -12.741 -12.8 -12.34 -12.056 -12.504 -12.681 -12.467 -12.105 -12.3
0.270871 -7.523 -7.193 -8.668 -10.37 -11.415 -12.098 -10.486 -10.563 -11.432 -12.116 -12.51 -12.716 -10.508 -11.684 -12.365 -12.625 -12.737 -11.808 -12.382 -12.641 -12.742 -12.807 -12.32 -12.023 -12.49 -12.699 -12.493 -12.137 -12.281
0.279064 -7.446 -7.028 -8.549 -10.279 -11.354 -12.061 -10.428 -10.478 -11.372 -12.08 -12.494 -12.715 -10.42 -11.634 -12.34 -12.615 -12.737 -11.762 -12.357 -12.632 -12.741 -12.812 -12.297 -11.985 -12.472 -12.715 -12.517 -12.167 -12.259
0.287504 -7.371 -6.855 -8.425 -10.181 -11.289 -12.02 -10.366 -10.386 -11.308 -12.04 -12.474 -12.711 -10.325 -11.578 -12.311 -12.602 -12.735 -11.711 -12.33 -12.619 -12.738 -12.814 -12.271 -11.944 -12.451 -12.729 -12.539 -12.197 -12.234
0.296199 -7.296 -6.672 -8.293 -10.077 -11.218 -11.975 -10.3 -10.287 -11.238 -11.996 -12.451 -12.704 -10.224 -11.517 -12.279 -12.585 -12.731 -11.656 -12.298 -12.603 -12.731 -12.814 -12.242 -11.898 -12.427 -12.741 -12.561 -12.225 -12.206
0.305157 -7.222 -6.479 -8.154 -9.965 -11.141 -11.925 -10.229 -10.182 -11.162 -11.947 -12.425 -12.695 -10.116 -11.451 -12.242 -12.565 -12.723 -11.596 -12.262 -12.584 -12.722 -12.811 -12.208 -11.848 -12.399 -12.751 -12.58 -12.252 -12.175
0.314387 -7.15 -6.275 -8.007 -9.846 -11.058 -11.869 -10.153 -10.069 -11.081 -11.893 -12.394 -12.682 -10.0 -11.379 -12.201 -12.542 -12.712 -11.53 -12.222 -12.561 -12.71 -12.806 -12.171 -11.792 -12.367 -12.759 -12.598 -12.278 -12.139
0.323895 -7.08 -6.059 -7.852 -9.718 -10.968 -11.809 -10.071 -9.948 -10.992 -11.834 -12.359 -12.667 -9.876 -11.302 -12.155 -12.514 -12.699 -11.458 -12.177 -12.534 -12.694 -12.797 -12.129 -11.732 -12.331 -12.764 -12.614 -12.302 -12.1
0.333691 -7.011 -5.832 -7.688 -9.581 -10.87 -11.742 -9.984 -9.818 -10.897 -11.769 -12.32 -12.647 -9.743 -11.217 -12.104 -12.482 -12.681 -11.381 -12.127 -12.503 -12.674 -12.786 -12.082 -11.665 -12.29 -12.767 -12.628 -12.324 -12.057
0.343783 -6.945 -5.591 -7.516 -9.434 -10.765 -11.669 -9.89 -9.678 -10.793 -11.698 -12.275 -12.623 -9.601 -11.125 -12.048 -12.446 -12.66 -11.297 -12.072 -12.467 -12.651 -12.771 -12.031 -11.593 -12.244 -12.768 -12.64 -12.345 -12.009
0.354181 -6.88 -5.337 -7.333 -9.277 -10.652 -11.589 -9.79 -9.529 -10.682 -11.62 -12.226 -12.596 -9.448 -11.026 -11.985 -12.405 -12.634 -11.206 -12.011 -12.427 -12.623 -12.752 -11.974 -11.514 -12.193 -12.765 -12.649 -12.365 -11.956
0.364893 -6.818 -5.069 -7.14 -9.109 -10.53 -11.502 -9.683 -9.369 -10.561 -11.534 -12.171 -12.564 -9.284 -10.918 -11.916 -12.358 -12.605 -11.107 -11.944 -12.381 -12.591 -12.729 -11.911 -11.428 -12.136 -12.759 -12.656 -12.382 -11.898
0.375929 -6.757 -4.786 -6.937 -8.929 -10.397 -11.407 -9.569 -9.197 -10.431 -11.441 -12.109 -12.526 -9.107 -10.801 -11.84 -12.306 -12.57 -11.0 -11.869 -12.33 -12.554 -12.701 -11.842 -11.334 -12.072 -12.75 -12.661 -12.397 -11.834
0.387298 -6.698 -4.488 -6.721 -8.735 -10.254 -11.303 -9.446 -9.012 -10.291 -11.34 -12.041 -12.484 -8.918 -10.675 -11.756 -12.247 -12.53 -10.885 -11.788 -12.272 -12.512 -12.669 -11.766 -11.231 -12.002 -12.737 -12.662 -12.41 -11.765
0.399012 -6.64 -4.176 -6.494 -8.527 -10.1 -11.189 -9.314 -8.814 -10.14 -11.229 -11.966 -12.436 -8.715 -10.538 -11.664 -12.181 -12.485 -10.76 -11.698 -12.208 -12.463 -12.632 -11.683 -11.12 -11.925 -12.72 -12.661 -12.421 -11.689
0.41108 -6.582 -3.848 -6.254 -8.304 -9.933 -11.066 -9.174 -8.601 -9.976 -11.108 -11.883 -12.381 -8.497 -10.39 -11.564 -12.109 -12.433 -10.625 -11.6 -12.137 -12.409 -12.589 -11.592 -11.0 -11.84 -12.698 -12.656 -12.429 -11.607
0.423513 -6.524 -3.508 -5.999 -8.064 -9.753 -10.931 -9.023 -8.371 -9.799 -10.977 -11.792 -12.32 -8.262 -10.229 -11.453 -12.028 -12.375 -10.48 -11.492 -12.057 -12.347 -12.541 -11.492 -10.868 -11.747 -12.672 -12.648 -12.435 -11.517
0.436321 -6.466 -3.157 -5.73 -7.806 -9.558 -10.785 -8.861 -8.124 -9.608 -10.834 -11.692 -12.252 -8.009 -10.055 -11.332 -11.939 -12.309 -10.324 -11.375 -11.97 -12.278 -12.485 -11.383 -10.726 -11.644 -12.641 -12.635 -12.437 -11.42
0.449518 -6.407 -2.799 -5.446 -7.528 -9.348 -10.625 -8.687 -7.858 -9.401 -10.678 -11.581 -12.175 -7.736 -9.867 -11.2 -11.84 -12.236 -10.155 -11.246 -11.873 -12.201 -12.423 -11.265 -10.571 -11.531 -12.604 -12.618 -12.436 -11.314
0.463113 -6.346 -2.443 -5.145 -7.228 -9.119 -10.451 -8.501 -7.571 -9.177 -10.508 -11.46 -12.09 -7.442 -9.663 -11.055 -11.73 -12.153 -9.974 -11.106 -11.765 -12.116 -12.353 -11.135 -10.402 -11.407 -12.561 -12.597 -12.432 -11.2
0.47712 -6.283 -2.096 -4.826 -6.905 -8.872 -10.262 -8.302 -7.261 -8.935 -10.323 -11.327 -11.995 -7.125 -9.441 -10.897 -11.61 -12.062 -9.779 -10.952 -11.647 -12.02 -12.274 -10.993 -10.219 -11.271 -12.511 -12.57 -12.423 -11.077
0.49155 -6.216 -1.769 -4.489 -6.556 -8.604 -10.055 -8.087 -6.926 -8.672 -10.121 -11.181 -11.89 -6.782 -9.2 -10.723 -11.477 -11.96 -9.57 -10.785 -11.517 -11.914 -12.186 -10.839 -10.019 -11.122 -12.454 -12.538 -12.411 -10.944
0.506416 -6.145 -1.473 -4.131 -6.179 -8.313 -9.829 -7.857 -6.564 -8.388 -9.901 -11.021 -11.774 -6.411 -8.939 -10.534 -11.33 -11.847 -9.347 -10.602 -11.373 -11.797 -12.088 -10.67 -9.803 -10.958 -12.389 -12.5 -12.394 -10.8
0.521733 -6.069 -1.216 -3.752 -5.77 -7.998 -9.583 -7.609 -6.171 -8.079 -9.66 -10.846 -11.645 -6.009 -8.654 -10.326 -11.169 -11.721 -9.109 -10.402 -11.215 -11.666 -11.979 -10.486 -9.567 -10.779 -12.315 -12.455 -12.372 -10.645
0.537512 -5.988 -0.999 -3.348 -5.328 -7.654 -9.314 -7.344 -5.746 -7.744 -9.398 -10.654 -11.502 -5.574 -8.345 -10.098 -10.991 -11.582 -8.857 -10.184 -11.041 -11.522 -11.858 -10.284 -9.31 -10.583 -12.231 -12.402 -12.344 -10.479
0.553769 -5.901 -0.818 -2.919 -4.848 -7.281 -9.02 -7.058 -5.285 -7.379 -9.112 -10.442 -11.344 -5.101 -8.008 -9.848 -10.795 -11.427 -8.591 -9.947 -10.849 -11.362 -11.723 -10.064 -9.029 -10.367 -12.137 -12.342 -12.311 -10.3
0.570517 -5.806 -0.663 -2.462 -4.327 -6.874 -8.699 -6.751 -4.783 -6.982 -8.798 -10.211 -11.169 -4.587 -7.641 -9.575 -10.579 -11.255 -8.313 -9.688 -10.638 -11.185 -11.573 -9.824 -8.723 -10.131 -12.03 -12.272 -12.27 -10.109
0.587772 -5.704 -0.525 -1.974 -3.759 -6.43 -8.346 -6.422 -4.236 -6.55 -8.455 -9.956 -10.976 -4.027 -7.24 -9.274 -10.34 -11.065 -8.025 -9.407 -10.406 -10.989 -11.408 -9.561 -8.389 -9.871 -11.91 -12.192 -12.223 -9.904
0.605549 -5.592 -0.394 -1.451 -3.141 -5.945 -7.96 -6.068 -3.641 -6.078 -8.08 -9.677 -10.762 -3.416 -6.801 -8.944 -10.077 -10.855 -7.73 -9.101 -10.151 -10.772 -11.224 -9.272 -8.024 -9.586 -11.776 -12.102 -12.167 -9.686
