web/models/kne/13/villar_0.0012_0.0927_1.0000.dat
# %ECSV 1.0
# ---
# datatype:
# - {name: time, datatype: float64}
# - {name: swift_uvot_uvw2, datatype: float64}
# - {name: swift_uvot_uvm2, datatype: float64}
# - {name: swift_uvot_uvw1, datatype: float64}
# - {name: swift_uvot_U, datatype: float64}
# - {name: swift_uvot_B, datatype: float64}
# - {name: swift_uvot_V, datatype: float64}
# - {name: swift_uvot_W, datatype: float64}
# - {name: johnson_U, datatype: float64}
# - {name: johnson_B, datatype: float64}
# - {name: johnson_V, datatype: float64}
# - {name: johnson_R, datatype: float64}
# - {name: johnson_I, datatype: float64}
# - {name: sdss_u, datatype: float64}
# - {name: sdss_g, datatype: float64}
# - {name: sdss_r, datatype: float64}
# - {name: sdss_i, datatype: float64}
# - {name: sdss_z, datatype: float64}
# - {name: PS1_g, datatype: float64}
# - {name: PS1_r, datatype: float64}
# - {name: PS1_i, datatype: float64}
# - {name: PS1_z, datatype: float64}
# - {name: PS1_Y, datatype: float64}
# - {name: PS1_w, datatype: float64}
# - {name: ATLAS_c, datatype: float64}
# - {name: ATLAS_o, datatype: float64}
# - {name: ukirt_J, datatype: float64}
# - {name: ukirt_H, datatype: float64}
# - {name: ukirt_K, datatype: float64}
# - {name: Clear, datatype: float64}
# meta: !!omap
# - comment: [kappa = 1.0, type = villar, mass = 0.0012301715156502338, velocity = 0.09266666666666673, theta_obs = 0.0]
# schema: astropy-2.0
time swift_uvot_uvw2 swift_uvot_uvm2 swift_uvot_uvw1 swift_uvot_U swift_uvot_B swift_uvot_V swift_uvot_W johnson_U johnson_B johnson_V johnson_R johnson_I sdss_u sdss_g sdss_r sdss_i sdss_z PS1_g PS1_r PS1_i PS1_z PS1_Y PS1_w ATLAS_c ATLAS_o ukirt_J ukirt_H ukirt_K Clear
[from data line 78]
0.010217 -8.306 -8.234 -8.161 -7.908 -7.63 -7.306 -8.015 -7.869 -7.626 -7.296 -6.947 -6.531 -7.877 -7.528 -7.106 -6.781 -6.47 -7.512 -7.136 -6.818 -6.606 -6.578 -7.153 -7.363 -6.972 -5.833 -5.307 -4.694 -7.219
0.010526 -8.342 -8.273 -8.203 -7.955 -7.679 -7.357 -8.057 -7.915 -7.675 -7.347 -6.998 -6.583 -7.924 -7.577 -7.156 -6.833 -6.522 -7.56 -7.186 -6.87 -6.657 -6.628 -7.204 -7.413 -7.023 -5.887 -5.361 -4.748 -7.269
0.010845 -8.378 -8.313 -8.244 -8.001 -7.727 -7.406 -8.099 -7.962 -7.723 -7.396 -7.049 -6.635 -7.97 -7.625 -7.207 -6.885 -6.574 -7.609 -7.236 -6.92 -6.708 -6.677 -7.254 -7.462 -7.074 -5.94 -5.415 -4.802 -7.318
0.011173 -8.414 -8.352 -8.286 -8.047 -7.775 -7.456 -8.14 -8.008 -7.771 -7.446 -7.1 -6.687 -8.016 -7.674 -7.258 -6.936 -6.626 -7.658 -7.286 -6.971 -6.759 -6.727 -7.304 -7.512 -7.125 -5.993 -5.469 -4.856 -7.368
0.011511 -8.45 -8.391 -8.327 -8.092 -7.823 -7.506 -8.182 -8.054 -7.819 -7.496 -7.151 -6.739 -8.063 -7.723 -7.308 -6.988 -6.679 -7.706 -7.336 -7.022 -6.81 -6.776 -7.354 -7.561 -7.176 -6.046 -5.522 -4.91 -7.418
0.011859 -8.485 -8.43 -8.367 -8.138 -7.871 -7.556 -8.223 -8.1 -7.867 -7.546 -7.202 -6.791 -8.108 -7.771 -7.358 -7.039 -6.731 -7.755 -7.386 -7.073 -6.861 -6.825 -7.404 -7.61 -7.227 -6.099 -5.576 -4.965 -7.467
0.012217 -8.52 -8.468 -8.408 -8.183 -7.919 -7.605 -8.264 -8.146 -7.915 -7.595 -7.252 -6.843 -8.154 -7.82 -7.409 -7.09 -6.783 -7.803 -7.436 -7.124 -6.912 -6.874 -7.454 -7.66 -7.277 -6.152 -5.63 -5.019 -7.516
0.012587 -8.555 -8.507 -8.448 -8.228 -7.966 -7.654 -8.305 -8.192 -7.962 -7.645 -7.303 -6.895 -8.2 -7.868 -7.459 -7.141 -6.834 -7.851 -7.486 -7.174 -6.962 -6.924 -7.503 -7.709 -7.328 -6.205 -5.683 -5.073 -7.566
0.012968 -8.59 -8.544 -8.488 -8.274 -8.014 -7.704 -8.346 -8.237 -8.01 -7.694 -7.353 -6.946 -8.245 -7.916 -7.509 -7.192 -6.886 -7.899 -7.536 -7.225 -7.013 -6.973 -7.553 -7.757 -7.378 -6.258 -5.737 -5.127 -7.615
0.01336 -8.624 -8.582 -8.528 -8.318 -8.061 -7.753 -8.386 -8.282 -8.057 -7.743 -7.404 -6.998 -8.29 -7.964 -7.559 -7.244 -6.938 -7.947 -7.585 -7.275 -7.063 -7.022 -7.602 -7.806 -7.429 -6.311 -5.79 -5.181 -7.664
0.013764 -8.658 -8.62 -8.567 -8.363 -8.108 -7.802 -8.427 -8.328 -8.104 -7.792 -7.454 -7.049 -8.336 -8.012 -7.609 -7.294 -6.99 -7.995 -7.635 -7.326 -7.114 -7.071 -7.652 -7.855 -7.479 -6.364 -5.843 -5.234 -7.713
0.01418 -8.691 -8.657 -8.607 -8.408 -8.155 -7.851 -8.467 -8.373 -8.151 -7.841 -7.504 -7.101 -8.381 -8.059 -7.659 -7.345 -7.041 -8.042 -7.684 -7.376 -7.164 -7.12 -7.701 -7.903 -7.529 -6.416 -5.897 -5.288 -7.762
0.014609 -8.725 -8.694 -8.646 -8.452 -8.202 -7.9 -8.507 -8.417 -8.198 -7.89 -7.555 -7.152 -8.425 -8.107 -7.708 -7.396 -7.093 -8.09 -7.733 -7.426 -7.215 -7.169 -7.75 -7.952 -7.579 -6.469 -5.95 -5.342 -7.81
0.015051 -8.758 -8.73 -8.685 -8.496 -8.249 -7.948 -8.546 -8.462 -8.245 -7.939 -7.605 -7.203 -8.47 -8.154 -7.758 -7.447 -7.144 -8.137 -7.782 -7.476 -7.265 -7.218 -7.799 -8.0 -7.629 -6.522 -6.003 -5.396 -7.859
0.015506 -8.79 -8.766 -8.723 -8.54 -8.296 -7.997 -8.586 -8.507 -8.292 -7.987 -7.655 -7.255 -8.514 -8.202 -7.807 -7.497 -7.196 -8.185 -7.832 -7.526 -7.315 -7.267 -7.848 -8.048 -7.679 -6.574 -6.056 -5.449 -7.907
0.015975 -8.823 -8.802 -8.762 -8.584 -8.342 -8.046 -8.625 -8.551 -8.338 -8.036 -7.705 -7.306 -8.559 -8.249 -7.857 -7.548 -7.247 -8.232 -7.881 -7.576 -7.366 -7.316 -7.897 -8.096 -7.729 -6.627 -6.11 -5.503 -7.956
0.016458 -8.855 -8.838 -8.8 -8.628 -8.388 -8.094 -8.664 -8.595 -8.385 -8.084 -7.754 -7.357 -8.603 -8.296 -7.906 -7.598 -7.298 -8.279 -7.93 -7.626 -7.416 -7.365 -7.946 -8.144 -7.779 -6.679 -6.163 -5.557 -8.004
0.016956 -8.887 -8.874 -8.838 -8.672 -8.435 -8.142 -8.703 -8.639 -8.431 -8.133 -7.804 -7.408 -8.647 -8.343 -7.955 -7.649 -7.349 -8.326 -7.978 -7.676 -7.466 -7.414 -7.994 -8.192 -7.828 -6.732 -6.216 -5.61 -8.052
0.017469 -8.918 -8.909 -8.875 -8.715 -8.481 -8.19 -8.742 -8.683 -8.477 -8.181 -7.854 -7.459 -8.69 -8.39 -8.004 -7.699 -7.4 -8.373 -8.027 -7.726 -7.516 -7.463 -8.043 -8.24 -7.878 -6.784 -6.269 -5.664 -8.1
0.017997 -8.95 -8.944 -8.913 -8.758 -8.527 -8.239 -8.78 -8.727 -8.523 -8.229 -7.903 -7.51 -8.734 -8.436 -8.053 -7.749 -7.451 -8.419 -8.076 -7.775 -7.566 -7.511 -8.091 -8.287 -7.927 -6.836 -6.322 -5.717 -8.148
0.018541 -8.981 -8.978 -8.95 -8.801 -8.573 -8.287 -8.818 -8.77 -8.569 -8.277 -7.953 -7.56 -8.777 -8.483 -8.102 -7.799 -7.502 -8.466 -8.124 -7.825 -7.616 -7.56 -8.14 -8.335 -7.977 -6.888 -6.375 -5.771 -8.196
0.019102 -9.011 -9.013 -8.987 -8.844 -8.618 -8.334 -8.856 -8.813 -8.615 -8.325 -8.002 -7.611 -8.821 -8.529 -8.151 -7.849 -7.553 -8.512 -8.173 -7.875 -7.665 -7.609 -8.188 -8.382 -8.026 -6.94 -6.427 -5.824 -8.244
0.01968 -9.042 -9.047 -9.024 -8.886 -8.664 -8.382 -8.894 -8.856 -8.66 -8.373 -8.051 -7.662 -8.864 -8.576 -8.2 -7.899 -7.604 -8.559 -8.221 -7.924 -7.715 -7.658 -8.236 -8.429 -8.075 -6.993 -6.48 -5.878 -8.291
0.020275 -9.072 -9.08 -9.06 -8.929 -8.709 -8.43 -8.932 -8.899 -8.706 -8.42 -8.101 -7.712 -8.907 -8.622 -8.248 -7.949 -7.655 -8.605 -8.269 -7.973 -7.765 -7.706 -8.284 -8.477 -8.124 -7.045 -6.533 -5.931 -8.339
0.020888 -9.101 -9.114 -9.096 -8.971 -8.755 -8.477 -8.969 -8.942 -8.751 -8.468 -8.15 -7.763 -8.949 -8.668 -8.297 -7.999 -7.706 -8.651 -8.318 -8.023 -7.815 -7.755 -8.332 -8.524 -8.173 -7.097 -6.586 -5.984 -8.386
0.02152 -9.131 -9.147 -9.132 -9.013 -8.8 -8.525 -9.006 -8.985 -8.796 -8.515 -8.199 -7.813 -8.992 -8.714 -8.345 -8.048 -7.756 -8.697 -8.366 -8.072 -7.864 -7.803 -8.38 -8.571 -8.222 -7.148 -6.638 -6.037 -8.434
0.022171 -9.16 -9.18 -9.168 -9.055 -8.845 -8.572 -9.043 -9.027 -8.841 -8.563 -8.248 -7.863 -9.034 -8.759 -8.393 -8.098 -7.807 -8.743 -8.414 -8.121 -7.914 -7.852 -8.428 -8.617 -8.271 -7.2 -6.691 -6.091 -8.481
0.022841 -9.188 -9.212 -9.203 -9.097 -8.889 -8.619 -9.08 -9.069 -8.886 -8.61 -8.296 -7.914 -9.076 -8.805 -8.442 -8.147 -7.857 -8.789 -8.462 -8.17 -7.963 -7.9 -8.475 -8.664 -8.32 -7.252 -6.743 -6.144 -8.528
0.023532 -9.217 -9.245 -9.238 -9.138 -8.934 -8.666 -9.117 -9.112 -8.931 -8.657 -8.345 -7.964 -9.118 -8.851 -8.49 -8.197 -7.907 -8.834 -8.509 -8.219 -8.013 -7.949 -8.523 -8.71 -8.368 -7.304 -6.796 -6.197 -8.575
0.024244 -9.245 -9.276 -9.273 -9.18 -8.979 -8.713 -9.153 -9.153 -8.975 -8.704 -8.394 -8.014 -9.16 -8.896 -8.538 -8.246 -7.958 -8.88 -8.557 -8.268 -8.062 -7.997 -8.57 -8.757 -8.417 -7.356 -6.848 -6.25 -8.622
0.024977 -9.272 -9.308 -9.307 -9.221 -9.023 -8.76 -9.189 -9.195 -9.02 -8.751 -8.442 -8.064 -9.202 -8.941 -8.586 -8.295 -8.008 -8.925 -8.605 -8.317 -8.111 -8.046 -8.617 -8.803 -8.465 -7.407 -6.901 -6.303 -8.668
0.025733 -9.3 -9.339 -9.342 -9.262 -9.067 -8.807 -9.225 -9.237 -9.064 -8.797 -8.491 -8.114 -9.243 -8.986 -8.633 -8.345 -8.058 -8.97 -8.652 -8.366 -8.16 -8.094 -8.664 -8.849 -8.514 -7.459 -6.953 -6.356 -8.715
0.026511 -9.327 -9.37 -9.376 -9.303 -9.111 -8.853 -9.261 -9.278 -9.108 -8.844 -8.539 -8.164 -9.285 -9.031 -8.681 -8.394 -8.108 -9.015 -8.699 -8.414 -8.21 -8.142 -8.711 -8.895 -8.562 -7.51 -7.005 -6.409 -8.761
0.027313 -9.353 -9.401 -9.409 -9.343 -9.155 -8.9 -9.296 -9.319 -9.152 -8.89 -8.587 -8.213 -9.326 -9.076 -8.729 -8.443 -8.158 -9.06 -8.747 -8.463 -8.259 -8.19 -8.758 -8.941 -8.61 -7.562 -7.058 -6.462 -8.808
0.028139 -9.38 -9.431 -9.443 -9.383 -9.199 -8.946 -9.331 -9.36 -9.196 -8.937 -8.635 -8.263 -9.366 -9.121 -8.776 -8.491 -8.208 -9.105 -8.794 -8.512 -8.308 -8.239 -8.805 -8.987 -8.658 -7.613 -7.11 -6.515 -8.854
0.02899 -9.406 -9.461 -9.476 -9.423 -9.243 -8.992 -9.366 -9.401 -9.239 -8.983 -8.683 -8.313 -9.407 -9.165 -8.823 -8.54 -8.258 -9.149 -8.841 -8.56 -8.357 -8.287 -8.852 -9.033 -8.706 -7.665 -7.162 -6.568 -8.9
0.029867 -9.431 -9.491 -9.509 -9.463 -9.286 -9.038 -9.401 -9.441 -9.283 -9.029 -8.731 -8.362 -9.447 -9.209 -8.871 -8.589 -8.308 -9.194 -8.888 -8.608 -8.405 -8.335 -8.899 -9.078 -8.754 -7.716 -7.214 -6.621 -8.946
0.03077 -9.456 -9.52 -9.541 -9.503 -9.329 -9.084 -9.435 -9.482 -9.326 -9.075 -8.779 -8.412 -9.488 -9.254 -8.918 -8.638 -8.357 -9.238 -8.935 -8.657 -8.454 -8.383 -8.945 -9.124 -8.801 -7.767 -7.266 -6.673 -8.992
0.031701 -9.481 -9.549 -9.574 -9.543 -9.372 -9.13 -9.47 -9.522 -9.369 -9.121 -8.827 -8.461 -9.528 -9.298 -8.965 -8.686 -8.407 -9.283 -8.982 -8.705 -8.503 -8.431 -8.991 -9.169 -8.849 -7.818 -7.318 -6.726 -9.038
0.032659 -9.506 -9.577 -9.606 -9.582 -9.415 -9.176 -9.504 -9.562 -9.412 -9.167 -8.874 -8.51 -9.568 -9.341 -9.012 -8.735 -8.457 -9.327 -9.028 -8.753 -8.552 -8.479 -9.038 -9.214 -8.896 -7.87 -7.37 -6.779 -9.083
0.033647 -9.53 -9.606 -9.637 -9.621 -9.458 -9.221 -9.537 -9.601 -9.455 -9.212 -8.922 -8.56 -9.607 -9.385 -9.059 -8.783 -8.506 -9.371 -9.075 -8.801 -8.6 -8.527 -9.084 -9.259 -8.944 -7.921 -7.422 -6.832 -9.129
0.034665 -9.554 -9.633 -9.669 -9.66 -9.501 -9.267 -9.571 -9.641 -9.497 -9.258 -8.969 -8.609 -9.647 -9.429 -9.105 -8.831 -8.556 -9.414 -9.121 -8.849 -8.649 -8.575 -9.13 -9.304 -8.991 -7.972 -7.474 -6.884 -9.174
0.035713 -9.577 -9.661 -9.7 -9.698 -9.543 -9.312 -9.604 -9.68 -9.54 -9.303 -9.017 -8.658 -9.686 -9.472 -9.152 -8.879 -8.605 -9.458 -9.167 -8.897 -8.697 -8.623 -9.176 -9.348 -9.038 -8.023 -7.526 -6.937 -9.219
0.036793 -9.6 -9.688 -9.73 -9.737 -9.585 -9.357 -9.637 -9.719 -9.582 -9.348 -9.064 -8.707 -9.725 -9.515 -9.198 -8.927 -8.654 -9.501 -9.214 -8.944 -8.746 -8.67 -9.221 -9.393 -9.085 -8.073 -7.578 -6.989 -9.264
0.037906 -9.622 -9.715 -9.761 -9.775 -9.628 -9.402 -9.67 -9.758 -9.624 -9.393 -9.111 -8.756 -9.763 -9.559 -9.245 -8.975 -8.703 -9.545 -9.26 -8.992 -8.794 -8.718 -9.267 -9.437 -9.132 -8.124 -7.63 -7.042 -9.309
0.039052 -9.645 -9.741 -9.791 -9.813 -9.669 -9.447 -9.703 -9.797 -9.666 -9.438 -9.158 -8.804 -9.802 -9.601 -9.291 -9.023 -8.752 -9.588 -9.306 -9.04 -8.842 -8.766 -9.312 -9.482 -9.179 -8.175 -7.681 -7.094 -9.354
0.040234 -9.666 -9.767 -9.821 -9.851 -9.711 -9.492 -9.735 -9.835 -9.708 -9.483 -9.205 -8.853 -9.84 -9.644 -9.337 -9.071 -8.801 -9.631 -9.352 -9.087 -8.89 -8.814 -9.358 -9.526 -9.226 -8.226 -7.733 -7.147 -9.399
0.04145 -9.688 -9.793 -9.85 -9.888 -9.753 -9.536 -9.767 -9.873 -9.749 -9.528 -9.252 -8.902 -9.878 -9.687 -9.383 -9.119 -8.85 -9.674 -9.397 -9.134 -8.938 -8.861 -9.403 -9.57 -9.273 -8.276 -7.785 -7.199 -9.443
0.042704 -9.709 -9.818 -9.879 -9.925 -9.794 -9.581 -9.799 -9.911 -9.791 -9.572 -9.298 -8.95 -9.916 -9.729 -9.429 -9.166 -8.899 -9.716 -9.443 -9.182 -8.986 -8.909 -9.448 -9.613 -9.319 -8.327 -7.836 -7.252 -9.488
0.043996 -9.729 -9.842 -9.908 -9.962 -9.835 -9.625 -9.831 -9.949 -9.832 -9.617 -9.345 -8.999 -9.954 -9.771 -9.474 -9.214 -8.948 -9.759 -9.488 -9.229 -9.034 -8.956 -9.493 -9.657 -9.365 -8.378 -7.888 -7.304 -9.532
0.045326 -9.749 -9.867 -9.936 -9.999 -9.876 -9.669 -9.862 -9.986 -9.873 -9.661 -9.391 -9.047 -9.991 -9.814 -9.52 -9.261 -8.996 -9.801 -9.534 -9.276 -9.082 -9.004 -9.538 -9.701 -9.412 -8.428 -7.939 -7.356 -9.576
0.046697 -9.769 -9.891 -9.965 -10.035 -9.917 -9.713 -9.894 -10.023 -9.914 -9.705 -9.437 -9.095 -10.028 -9.855 -9.565 -9.308 -9.045 -9.843 -9.579 -9.323 -9.13 -9.051 -9.582 -9.744 -9.458 -8.478 -7.991 -7.408 -9.62
0.048109 -9.788 -9.914 -9.992 -10.071 -9.958 -9.757 -9.924 -10.06 -9.954 -9.749 -9.484 -9.143 -10.065 -9.897 -9.611 -9.355 -9.093 -9.885 -9.624 -9.37 -9.178 -9.098 -9.627 -9.787 -9.504 -8.529 -8.042 -7.461 -9.664
0.049564 -9.807 -9.937 -10.02 -10.107 -9.998 -9.801 -9.955 -10.097 -9.995 -9.793 -9.53 -9.192 -10.101 -9.939 -9.656 -9.402 -9.142 -9.927 -9.669 -9.416 -9.225 -9.145 -9.671 -9.83 -9.55 -8.579 -8.093 -7.513 -9.708
0.051063 -9.825 -9.96 -10.047 -10.143 -10.038 -9.844 -9.985 -10.133 -10.035 -9.836 -9.576 -9.239 -10.138 -9.98 -9.701 -9.449 -9.19 -9.969 -9.714 -9.463 -9.273 -9.193 -9.716 -9.873 -9.596 -8.629 -8.144 -7.565 -9.751
0.052608 -9.843 -9.982 -10.073 -10.178 -10.078 -9.888 -10.015 -10.17 -10.075 -9.88 -9.621 -9.287 -10.174 -10.021 -9.746 -9.496 -9.238 -10.01 -9.759 -9.51 -9.32 -9.24 -9.76 -9.916 -9.641 -8.679 -8.196 -7.617 -9.795
0.054199 -9.86 -10.004 -10.1 -10.214 -10.118 -9.931 -10.045 -10.206 -10.115 -9.923 -9.667 -9.335 -10.21 -10.062 -9.79 -9.543 -9.286 -10.052 -9.803 -9.556 -9.367 -9.287 -9.804 -9.958 -9.687 -8.729 -8.247 -7.669 -9.838
0.055838 -9.877 -10.025 -10.125 -10.248 -10.157 -9.974 -10.075 -10.241 -10.154 -9.966 -9.713 -9.383 -10.245 -10.103 -9.835 -9.589 -9.334 -10.093 -9.847 -9.602 -9.415 -9.334 -9.847 -10.0 -9.732 -8.779 -8.298 -7.721 -9.881
0.057527 -9.894 -10.046 -10.151 -10.283 -10.197 -10.017 -10.104 -10.277 -10.193 -10.009 -9.758 -9.43 -10.28 -10.143 -9.879 -9.636 -9.382 -10.134 -9.892 -9.649 -9.462 -9.381 -9.891 -10.043 -9.777 -8.829 -8.349 -7.773 -9.924
0.059267 -9.91 -10.067 -10.176 -10.317 -10.236 -10.06 -10.133 -10.312 -10.233 -10.052 -9.803 -9.478 -10.315 -10.184 -9.924 -9.682 -9.43 -10.174 -9.936 -9.695 -9.509 -9.427 -9.935 -10.084 -9.822 -8.879 -8.4 -7.824 -9.967
0.061059 -9.925 -10.087 -10.201 -10.351 -10.275 -10.102 -10.162 -10.347 -10.271 -10.094 -9.848 -9.525 -10.35 -10.224 -9.968 -9.728 -9.477 -10.215 -9.98 -9.741 -9.556 -9.474 -9.978 -10.126 -9.867 -8.929 -8.451 -7.876 -10.009
0.062906 -9.94 -10.106 -10.225 -10.385 -10.313 -10.144 -10.19 -10.381 -10.31 -10.137 -9.893 -9.572 -10.384 -10.264 -10.012 -9.774 -9.525 -10.255 -10.024 -9.786 -9.603 -9.521 -10.021 -10.168 -9.912 -8.978 -8.501 -7.928 -10.052
0.064808 -9.954 -10.125 -10.249 -10.418 -10.352 -10.187 -10.218 -10.415 -10.348 -10.179 -9.938 -9.619 -10.418 -10.303 -10.056 -9.82 -9.572 -10.295 -10.067 -9.832 -9.649 -9.567 -10.064 -10.209 -9.957 -9.028 -8.552 -7.98 -10.094
0.066769 -9.968 -10.143 -10.272 -10.451 -10.39 -10.228 -10.246 -10.449 -10.387 -10.221 -9.983 -9.666 -10.452 -10.343 -10.099 -9.866 -9.619 -10.335 -10.111 -9.878 -9.696 -9.614 -10.107 -10.25 -10.001 -9.077 -8.603 -8.031 -10.136
0.068788 -9.982 -10.161 -10.296 -10.484 -10.428 -10.27 -10.274 -10.483 -10.425 -10.263 -10.027 -9.713 -10.486 -10.382 -10.143 -9.912 -9.667 -10.375 -10.154 -9.923 -9.742 -9.66 -10.15 -10.291 -10.046 -9.127 -8.653 -8.083 -10.178
0.070868 -9.995 -10.179 -10.318 -10.516 -10.465 -10.312 -10.301 -10.516 -10.462 -10.304 -10.072 -9.76 -10.519 -10.421 -10.186 -9.957 -9.714 -10.414 -10.197 -9.969 -9.789 -9.707 -10.192 -10.332 -10.09 -9.176 -8.704 -8.135 -10.22
0.073012 -10.007 -10.196 -10.34 -10.548 -10.503 -10.353 -10.328 -10.549 -10.5 -10.346 -10.116 -9.807 -10.552 -10.46 -10.229 -10.002 -9.761 -10.453 -10.24 -10.014 -9.835 -9.753 -10.234 -10.373 -10.134 -9.225 -8.754 -8.186 -10.261
0.07522 -10.019 -10.212 -10.362 -10.58 -10.54 -10.394 -10.355 -10.582 -10.537 -10.387 -10.16 -9.853 -10.584 -10.498 -10.272 -10.048 -9.808 -10.492 -10.283 -10.059 -9.881 -9.799 -10.276 -10.413 -10.178 -9.275 -8.805 -8.237 -10.302
0.077495 -10.03 -10.228 -10.383 -10.611 -10.577 -10.435 -10.381 -10.614 -10.574 -10.428 -10.204 -9.899 -10.616 -10.537 -10.315 -10.093 -9.854 -10.531 -10.326 -10.104 -9.927 -9.845 -10.318 -10.453 -10.221 -9.324 -8.855 -8.289 -10.344
0.079839 -10.041 -10.243 -10.404 -10.642 -10.613 -10.476 -10.407 -10.646 -10.61 -10.469 -10.248 -9.946 -10.648 -10.575 -10.358 -10.138 -9.901 -10.57 -10.368 -10.148 -9.973 -9.891 -10.36 -10.493 -10.265 -9.373 -8.905 -8.34 -10.385
0.082253 -10.051 -10.258 -10.424 -10.673 -10.649 -10.517 -10.433 -10.678 -10.647 -10.509 -10.291 -9.992 -10.68 -10.613 -10.4 -10.182 -9.947 -10.608 -10.41 -10.193 -10.019 -9.937 -10.402 -10.533 -10.308 -9.422 -8.956 -8.391 -10.425
0.084741 -10.06 -10.272 -10.444 -10.703 -10.685 -10.557 -10.458 -10.709 -10.683 -10.55 -10.334 -10.038 -10.711 -10.65 -10.442 -10.227 -9.994 -10.646 -10.452 -10.237 -10.065 -9.983 -10.443 -10.573 -10.352 -9.47 -9.006 -8.443 -10.466
0.087304 -10.069 -10.285 -10.463 -10.733 -10.721 -10.597 -10.483 -10.74 -10.718 -10.59 -10.378 -10.084 -10.741 -10.687 -10.484 -10.272 -10.04 -10.684 -10.494 -10.282 -10.11 -10.028 -10.484 -10.612 -10.395 -9.519 -9.056 -8.494 -10.506
