web/models/kne.last_good/13/villar_0.2183_0.1553_10.0000.dat
# %ECSV 1.0
# ---
# datatype:
# - {name: time, datatype: float64}
# - {name: swift_uvot_uvw2, datatype: float64}
# - {name: swift_uvot_uvm2, datatype: float64}
# - {name: swift_uvot_uvw1, datatype: float64}
# - {name: swift_uvot_U, datatype: float64}
# - {name: swift_uvot_B, datatype: float64}
# - {name: swift_uvot_V, datatype: float64}
# - {name: swift_uvot_W, datatype: float64}
# - {name: johnson_U, datatype: float64}
# - {name: johnson_B, datatype: float64}
# - {name: johnson_V, datatype: float64}
# - {name: johnson_R, datatype: float64}
# - {name: johnson_I, datatype: float64}
# - {name: sdss_u, datatype: float64}
# - {name: sdss_g, datatype: float64}
# - {name: sdss_r, datatype: float64}
# - {name: sdss_i, datatype: float64}
# - {name: sdss_z, datatype: float64}
# - {name: PS1_g, datatype: float64}
# - {name: PS1_r, datatype: float64}
# - {name: PS1_i, datatype: float64}
# - {name: PS1_z, datatype: float64}
# - {name: PS1_Y, datatype: float64}
# - {name: PS1_w, datatype: float64}
# - {name: ATLAS_c, datatype: float64}
# - {name: ATLAS_o, datatype: float64}
# - {name: ukirt_J, datatype: float64}
# - {name: ukirt_H, datatype: float64}
# - {name: ukirt_K, datatype: float64}
# - {name: Clear, datatype: float64}
# meta: !!omap
# - comment: [kappa = 10.0, type = villar, mass = 0.21832694463104688, velocity = 0.15533333333333332, theta_obs = 0.0, tfloor = 2500.0]
# schema: astropy-2.0
time swift_uvot_uvw2 swift_uvot_uvm2 swift_uvot_uvw1 swift_uvot_U swift_uvot_B swift_uvot_V swift_uvot_W johnson_U johnson_B johnson_V johnson_R johnson_I sdss_u sdss_g sdss_r sdss_i sdss_z PS1_g PS1_r PS1_i PS1_z PS1_Y PS1_w ATLAS_c ATLAS_o ukirt_J ukirt_H ukirt_K Clear
[from data line 137]
0.059267 -17.687 -16.485 -16.198 -15.539 -15.074 -14.608 -16.057 -15.467 -15.07 -14.596 -14.147 -13.64 -15.479 -14.925 -14.343 -13.937 -13.565 -15.363 -14.97 -14.77 -14.912 -15.656 -14.435 -14.699 -14.179 -12.839 -12.264 -11.608 -14.538
0.061059 -17.687 -16.513 -16.231 -15.573 -15.109 -14.643 -16.089 -15.502 -15.105 -14.632 -14.183 -13.676 -15.513 -14.96 -14.379 -13.973 -13.601 -15.379 -14.984 -14.778 -14.912 -15.647 -14.47 -14.734 -14.215 -12.876 -12.301 -11.645 -14.574
0.062906 -17.688 -16.541 -16.263 -15.607 -15.144 -14.679 -16.121 -15.536 -15.14 -14.667 -14.219 -13.713 -15.547 -14.995 -14.415 -14.009 -13.638 -15.397 -14.998 -14.787 -14.913 -15.639 -14.506 -14.77 -14.251 -12.913 -12.338 -11.683 -14.609
0.064808 -17.689 -16.57 -16.295 -15.641 -15.179 -14.714 -16.153 -15.57 -15.175 -14.703 -14.255 -13.749 -15.581 -15.03 -14.451 -14.046 -13.674 -15.414 -15.012 -14.797 -14.915 -15.63 -14.542 -14.805 -14.287 -12.95 -12.375 -11.72 -14.645
0.066769 -17.691 -16.598 -16.327 -15.675 -15.213 -14.75 -16.184 -15.604 -15.21 -14.738 -14.291 -13.786 -15.616 -15.065 -14.487 -14.082 -13.711 -15.433 -15.028 -14.807 -14.917 -15.623 -14.577 -14.84 -14.323 -12.987 -12.413 -11.757 -14.68
0.068788 -17.693 -16.627 -16.359 -15.709 -15.248 -14.785 -16.216 -15.638 -15.244 -14.773 -14.327 -13.822 -15.649 -15.1 -14.522 -14.118 -13.747 -15.451 -15.043 -14.818 -14.92 -15.615 -14.612 -14.876 -14.359 -13.024 -12.45 -11.795 -14.715
0.070868 -17.695 -16.655 -16.391 -15.742 -15.283 -14.82 -16.247 -15.672 -15.279 -14.809 -14.363 -13.858 -15.683 -15.135 -14.558 -14.154 -13.783 -15.47 -15.06 -14.83 -14.923 -15.608 -14.648 -14.911 -14.395 -13.061 -12.487 -11.832 -14.751
0.073012 -17.698 -16.683 -16.422 -15.776 -15.317 -14.856 -16.279 -15.705 -15.313 -14.844 -14.399 -13.895 -15.717 -15.169 -14.594 -14.19 -13.82 -15.49 -15.076 -14.842 -14.927 -15.601 -14.683 -14.946 -14.43 -13.098 -12.524 -11.87 -14.786
0.07522 -17.701 -16.711 -16.453 -15.809 -15.352 -14.891 -16.31 -15.739 -15.348 -14.879 -14.434 -13.931 -15.75 -15.204 -14.629 -14.226 -13.856 -15.51 -15.094 -14.855 -14.932 -15.594 -14.718 -14.981 -14.466 -13.135 -12.561 -11.907 -14.821
0.077495 -17.704 -16.739 -16.484 -15.842 -15.386 -14.926 -16.341 -15.772 -15.382 -14.914 -14.47 -13.967 -15.784 -15.238 -14.665 -14.262 -13.892 -15.53 -15.112 -14.868 -14.937 -15.588 -14.754 -15.016 -14.502 -13.171 -12.598 -11.944 -14.856
0.079839 -17.708 -16.767 -16.515 -15.876 -15.42 -14.961 -16.371 -15.806 -15.416 -14.949 -14.506 -14.003 -15.817 -15.273 -14.7 -14.298 -13.929 -15.551 -15.13 -14.882 -14.942 -15.582 -14.789 -15.05 -14.537 -13.208 -12.635 -11.981 -14.89
0.082253 -17.712 -16.795 -16.546 -15.909 -15.454 -14.996 -16.402 -15.839 -15.45 -14.984 -14.541 -14.039 -15.85 -15.307 -14.735 -14.333 -13.965 -15.572 -15.149 -14.896 -14.949 -15.577 -14.824 -15.085 -14.573 -13.245 -12.672 -12.019 -14.925
0.084741 -17.716 -16.823 -16.577 -15.942 -15.488 -15.031 -16.432 -15.872 -15.484 -15.019 -14.577 -14.075 -15.884 -15.342 -14.77 -14.369 -14.001 -15.594 -15.168 -14.911 -14.955 -15.572 -14.859 -15.12 -14.608 -13.281 -12.709 -12.056 -14.96
0.087304 -17.721 -16.85 -16.607 -15.974 -15.522 -15.065 -16.462 -15.905 -15.518 -15.054 -14.612 -14.111 -15.916 -15.376 -14.806 -14.405 -14.037 -15.616 -15.188 -14.927 -14.963 -15.567 -14.894 -15.154 -14.644 -13.318 -12.746 -12.093 -14.995
0.089944 -17.725 -16.878 -16.637 -16.007 -15.556 -15.1 -16.492 -15.938 -15.552 -15.089 -14.647 -14.147 -15.949 -15.41 -14.841 -14.44 -14.073 -15.638 -15.208 -14.943 -14.971 -15.562 -14.928 -15.189 -14.679 -13.355 -12.783 -12.13 -15.029
0.092665 -17.731 -16.905 -16.667 -16.04 -15.59 -15.135 -16.522 -15.971 -15.586 -15.123 -14.682 -14.183 -15.982 -15.444 -14.876 -14.476 -14.109 -15.661 -15.228 -14.959 -14.979 -15.559 -14.963 -15.223 -14.714 -13.391 -12.82 -12.168 -15.064
0.095467 -17.736 -16.932 -16.697 -16.072 -15.623 -15.169 -16.551 -16.003 -15.619 -15.158 -14.718 -14.219 -16.015 -15.478 -14.911 -14.511 -14.145 -15.683 -15.249 -14.976 -14.988 -15.555 -14.998 -15.257 -14.749 -13.428 -12.857 -12.205 -15.098
0.098355 -17.742 -16.959 -16.726 -16.104 -15.657 -15.204 -16.58 -16.036 -15.653 -15.192 -14.753 -14.254 -16.047 -15.511 -14.946 -14.547 -14.181 -15.707 -15.271 -14.994 -14.998 -15.552 -15.032 -15.292 -14.784 -13.464 -12.894 -12.242 -15.132
0.101329 -17.748 -16.986 -16.755 -16.136 -15.69 -15.238 -16.609 -16.068 -15.686 -15.226 -14.788 -14.29 -16.079 -15.545 -14.98 -14.582 -14.216 -15.73 -15.293 -15.012 -15.008 -15.549 -15.067 -15.326 -14.819 -13.501 -12.93 -12.279 -15.166
0.104394 -17.754 -17.013 -16.784 -16.168 -15.723 -15.272 -16.638 -16.1 -15.719 -15.261 -14.823 -14.326 -16.111 -15.579 -15.015 -14.618 -14.252 -15.754 -15.315 -15.03 -15.019 -15.547 -15.101 -15.36 -14.854 -13.537 -12.967 -12.316 -15.2
0.107551 -17.761 -17.039 -16.813 -16.2 -15.756 -15.306 -16.667 -16.132 -15.752 -15.295 -14.858 -14.361 -16.143 -15.612 -15.05 -14.653 -14.288 -15.778 -15.337 -15.049 -15.03 -15.545 -15.135 -15.393 -14.889 -13.573 -13.004 -12.353 -15.234
0.110804 -17.768 -17.065 -16.842 -16.231 -15.789 -15.34 -16.695 -16.164 -15.785 -15.329 -14.892 -14.397 -16.175 -15.645 -15.084 -14.688 -14.323 -15.802 -15.36 -15.069 -15.042 -15.544 -15.169 -15.427 -14.924 -13.61 -13.041 -12.39 -15.268
0.114155 -17.775 -17.091 -16.87 -16.263 -15.822 -15.374 -16.723 -16.195 -15.818 -15.363 -14.927 -14.432 -16.207 -15.679 -15.119 -14.723 -14.359 -15.827 -15.383 -15.089 -15.054 -15.543 -15.203 -15.461 -14.958 -13.646 -13.077 -12.427 -15.302
0.117608 -17.782 -17.117 -16.898 -16.294 -15.855 -15.408 -16.751 -16.227 -15.851 -15.397 -14.962 -14.468 -16.238 -15.712 -15.153 -14.758 -14.394 -15.852 -15.407 -15.109 -15.067 -15.543 -15.237 -15.494 -14.993 -13.682 -13.114 -12.464 -15.336
0.121165 -17.789 -17.142 -16.926 -16.325 -15.887 -15.442 -16.778 -16.258 -15.883 -15.43 -14.996 -14.503 -16.269 -15.745 -15.187 -14.793 -14.43 -15.877 -15.431 -15.13 -15.081 -15.543 -15.271 -15.528 -15.027 -13.718 -13.151 -12.501 -15.369
0.124829 -17.797 -17.168 -16.953 -16.356 -15.92 -15.475 -16.805 -16.289 -15.916 -15.464 -15.031 -14.538 -16.3 -15.777 -15.221 -14.828 -14.465 -15.902 -15.455 -15.151 -15.095 -15.544 -15.305 -15.561 -15.062 -13.755 -13.187 -12.538 -15.403
0.128605 -17.804 -17.193 -16.98 -16.387 -15.952 -15.509 -16.832 -16.32 -15.948 -15.497 -15.065 -14.573 -16.331 -15.81 -15.255 -14.863 -14.501 -15.927 -15.479 -15.173 -15.11 -15.545 -15.339 -15.594 -15.096 -13.791 -13.224 -12.575 -15.436
0.132494 -17.812 -17.217 -17.007 -16.417 -15.984 -15.542 -16.859 -16.351 -15.98 -15.531 -15.099 -14.609 -16.362 -15.842 -15.289 -14.897 -14.536 -15.952 -15.504 -15.195 -15.125 -15.547 -15.372 -15.627 -15.13 -13.827 -13.26 -12.612 -15.469
0.136502 -17.82 -17.242 -17.034 -16.447 -16.016 -15.575 -16.885 -16.382 -16.012 -15.564 -15.134 -14.644 -16.393 -15.875 -15.323 -14.932 -14.571 -15.978 -15.529 -15.217 -15.141 -15.549 -15.406 -15.66 -15.164 -13.863 -13.297 -12.649 -15.502
0.14063 -17.827 -17.266 -17.06 -16.477 -16.048 -15.609 -16.911 -16.412 -16.044 -15.597 -15.168 -14.679 -16.423 -15.907 -15.357 -14.966 -14.606 -16.004 -15.554 -15.24 -15.157 -15.551 -15.439 -15.693 -15.198 -13.899 -13.333 -12.686 -15.535
0.144883 -17.835 -17.29 -17.086 -16.507 -16.079 -15.642 -16.936 -16.442 -16.075 -15.63 -15.202 -14.713 -16.453 -15.939 -15.39 -15.001 -14.641 -16.03 -15.579 -15.263 -15.173 -15.555 -15.472 -15.726 -15.232 -13.935 -13.37 -12.723 -15.568
0.149265 -17.843 -17.313 -17.111 -16.537 -16.111 -15.674 -16.962 -16.472 -16.107 -15.663 -15.235 -14.748 -16.483 -15.971 -15.424 -15.035 -14.676 -16.056 -15.605 -15.286 -15.191 -15.558 -15.505 -15.758 -15.266 -13.97 -13.406 -12.759 -15.6
0.15378 -17.851 -17.336 -17.137 -16.566 -16.142 -15.707 -16.987 -16.502 -16.138 -15.696 -15.269 -14.783 -16.513 -16.003 -15.457 -15.069 -14.711 -16.082 -15.631 -15.31 -15.208 -15.563 -15.538 -15.791 -15.3 -14.006 -13.442 -12.796 -15.633
0.15843 -17.859 -17.359 -17.161 -16.595 -16.173 -15.74 -17.011 -16.531 -16.169 -15.728 -15.303 -14.817 -16.542 -16.034 -15.49 -15.103 -14.746 -16.108 -15.657 -15.334 -15.226 -15.567 -15.571 -15.823 -15.333 -14.042 -13.478 -12.833 -15.665
0.163222 -17.867 -17.381 -17.186 -16.624 -16.204 -15.772 -17.035 -16.56 -16.2 -15.761 -15.336 -14.852 -16.571 -16.066 -15.524 -15.137 -14.78 -16.134 -15.683 -15.358 -15.245 -15.573 -15.603 -15.855 -15.367 -14.078 -13.515 -12.87 -15.697
0.168159 -17.875 -17.403 -17.21 -16.653 -16.235 -15.804 -17.059 -16.589 -16.231 -15.793 -15.37 -14.886 -16.6 -16.097 -15.557 -15.171 -14.815 -16.16 -15.709 -15.382 -15.264 -15.579 -15.636 -15.887 -15.4 -14.113 -13.551 -12.906 -15.73
0.173245 -17.882 -17.425 -17.234 -16.681 -16.265 -15.837 -17.083 -16.618 -16.261 -15.825 -15.403 -14.921 -16.629 -16.128 -15.589 -15.205 -14.849 -16.187 -15.736 -15.407 -15.283 -15.585 -15.668 -15.918 -15.433 -14.149 -13.587 -12.943 -15.761
0.178484 -17.89 -17.446 -17.257 -16.709 -16.296 -15.869 -17.106 -16.647 -16.292 -15.857 -15.436 -14.955 -16.658 -16.159 -15.622 -15.239 -14.884 -16.213 -15.762 -15.432 -15.303 -15.592 -15.7 -15.95 -15.467 -14.184 -13.623 -12.98 -15.793
0.183882 -17.898 -17.467 -17.28 -16.737 -16.326 -15.9 -17.128 -16.675 -16.322 -15.889 -15.469 -14.989 -16.686 -16.19 -15.655 -15.272 -14.918 -16.239 -15.789 -15.457 -15.323 -15.599 -15.733 -15.981 -15.499 -14.22 -13.659 -13.016 -15.825
0.189444 -17.905 -17.487 -17.303 -16.765 -16.356 -15.932 -17.151 -16.703 -16.352 -15.921 -15.502 -15.023 -16.714 -16.22 -15.687 -15.306 -14.952 -16.266 -15.816 -15.483 -15.344 -15.607 -15.764 -16.013 -15.532 -14.255 -13.695 -13.053 -15.856
0.195173 -17.912 -17.507 -17.325 -16.792 -16.385 -15.964 -17.172 -16.731 -16.381 -15.952 -15.535 -15.057 -16.741 -16.25 -15.72 -15.339 -14.986 -16.292 -15.842 -15.509 -15.365 -15.616 -15.796 -16.044 -15.565 -14.29 -13.731 -13.089 -15.887
0.201076 -17.919 -17.526 -17.347 -16.819 -16.415 -15.995 -17.194 -16.758 -16.411 -15.984 -15.568 -15.091 -16.769 -16.28 -15.752 -15.373 -15.021 -16.318 -15.869 -15.534 -15.386 -15.625 -15.828 -16.075 -15.598 -14.326 -13.767 -13.126 -15.918
0.207158 -17.925 -17.545 -17.368 -16.846 -16.444 -16.026 -17.215 -16.785 -16.44 -16.015 -15.6 -15.125 -16.796 -16.31 -15.784 -15.406 -15.054 -16.345 -15.896 -15.56 -15.408 -15.634 -15.859 -16.105 -15.63 -14.361 -13.803 -13.162 -15.949
0.213423 -17.932 -17.564 -17.389 -16.872 -16.473 -16.057 -17.235 -16.812 -16.469 -16.046 -15.632 -15.158 -16.823 -16.34 -15.816 -15.439 -15.088 -16.371 -15.923 -15.587 -15.43 -15.645 -15.89 -16.136 -15.662 -14.396 -13.839 -13.198 -15.98
0.219878 -17.938 -17.582 -17.409 -16.899 -16.502 -16.088 -17.255 -16.839 -16.498 -16.077 -15.665 -15.192 -16.849 -16.369 -15.847 -15.471 -15.122 -16.397 -15.95 -15.613 -15.452 -15.655 -15.921 -16.166 -15.694 -14.431 -13.874 -13.235 -16.01
0.226528 -17.944 -17.599 -17.429 -16.924 -16.53 -16.118 -17.275 -16.865 -16.526 -16.107 -15.697 -15.225 -16.875 -16.398 -15.879 -15.504 -15.156 -16.423 -15.978 -15.639 -15.475 -15.666 -15.952 -16.196 -15.726 -14.466 -13.91 -13.271 -16.041
0.233379 -17.949 -17.616 -17.448 -16.95 -16.558 -16.149 -17.294 -16.891 -16.554 -16.138 -15.729 -15.259 -16.901 -16.427 -15.91 -15.537 -15.189 -16.449 -16.005 -15.666 -15.498 -15.678 -15.983 -16.226 -15.758 -14.5 -13.946 -13.307 -16.071
0.240437 -17.954 -17.632 -17.467 -16.975 -16.586 -16.179 -17.312 -16.916 -16.582 -16.168 -15.76 -15.292 -16.927 -16.456 -15.941 -15.569 -15.222 -16.475 -16.032 -15.693 -15.521 -15.69 -16.013 -16.255 -15.79 -14.535 -13.981 -13.343 -16.101
0.247709 -17.959 -17.647 -17.485 -16.999 -16.614 -16.209 -17.33 -16.941 -16.61 -16.198 -15.792 -15.325 -16.952 -16.484 -15.972 -15.601 -15.256 -16.501 -16.059 -15.719 -15.544 -15.703 -16.044 -16.285 -15.821 -14.57 -14.017 -13.38 -16.13
0.255201 -17.963 -17.662 -17.502 -17.024 -16.641 -16.239 -17.347 -16.966 -16.637 -16.228 -15.823 -15.358 -16.977 -16.513 -16.003 -15.634 -15.289 -16.526 -16.086 -15.746 -15.568 -15.716 -16.074 -16.314 -15.852 -14.605 -14.052 -13.416 -16.16
0.262919 -17.966 -17.677 -17.519 -17.048 -16.668 -16.268 -17.364 -16.991 -16.665 -16.257 -15.854 -15.39 -17.001 -16.541 -16.033 -15.666 -15.322 -16.552 -16.113 -15.773 -15.592 -15.729 -16.103 -16.343 -15.884 -14.639 -14.087 -13.452 -16.189
0.270871 -17.969 -17.69 -17.536 -17.071 -16.695 -16.297 -17.38 -17.015 -16.691 -16.286 -15.885 -15.423 -17.025 -16.568 -16.064 -15.697 -15.355 -16.577 -16.14 -15.8 -15.616 -15.743 -16.133 -16.372 -15.914 -14.673 -14.123 -13.488 -16.218
0.279064 -17.972 -17.703 -17.551 -17.094 -16.722 -16.326 -17.396 -17.039 -16.718 -16.316 -15.916 -15.456 -17.049 -16.595 -16.094 -15.729 -15.387 -16.602 -16.167 -15.827 -15.64 -15.757 -16.163 -16.4 -15.945 -14.708 -14.158 -13.524 -16.247
0.287504 -17.974 -17.716 -17.567 -17.117 -16.748 -16.355 -17.411 -17.062 -16.744 -16.344 -15.947 -15.488 -17.072 -16.622 -16.124 -15.76 -15.42 -16.627 -16.194 -15.854 -15.665 -15.772 -16.192 -16.428 -15.976 -14.742 -14.193 -13.56 -16.275
0.296199 -17.975 -17.727 -17.581 -17.139 -16.774 -16.384 -17.425 -17.085 -16.77 -16.373 -15.977 -15.52 -17.095 -16.649 -16.154 -15.792 -15.452 -16.652 -16.22 -15.881 -15.689 -15.788 -16.221 -16.456 -16.006 -14.776 -14.228 -13.595 -16.303
0.305157 -17.976 -17.738 -17.595 -17.161 -16.799 -16.412 -17.439 -17.107 -16.795 -16.401 -16.008 -15.552 -17.117 -16.676 -16.183 -15.823 -15.485 -16.677 -16.247 -15.908 -15.714 -15.803 -16.249 -16.484 -16.036 -14.81 -14.263 -13.631 -16.331
0.314387 -17.976 -17.748 -17.608 -17.183 -16.824 -16.44 -17.452 -17.129 -16.821 -16.429 -16.038 -15.584 -17.139 -16.702 -16.213 -15.854 -15.517 -16.701 -16.274 -15.935 -15.739 -15.819 -16.278 -16.511 -16.066 -14.844 -14.298 -13.667 -16.359
0.323895 -17.975 -17.757 -17.621 -17.204 -16.849 -16.468 -17.465 -17.151 -16.845 -16.457 -16.068 -15.616 -17.161 -16.728 -16.242 -15.885 -15.549 -16.725 -16.3 -15.962 -15.764 -15.836 -16.306 -16.538 -16.096 -14.878 -14.333 -13.703 -16.386
0.333691 -17.974 -17.766 -17.632 -17.224 -16.874 -16.495 -17.477 -17.172 -16.87 -16.485 -16.097 -15.647 -17.182 -16.753 -16.27 -15.915 -15.581 -16.749 -16.326 -15.989 -15.789 -15.853 -16.334 -16.565 -16.125 -14.912 -14.367 -13.738 -16.413
0.343783 -17.972 -17.773 -17.643 -17.244 -16.898 -16.522 -17.488 -17.193 -16.894 -16.512 -16.127 -15.679 -17.202 -16.778 -16.299 -15.946 -15.612 -16.773 -16.353 -16.016 -15.814 -15.87 -16.361 -16.591 -16.154 -14.945 -14.402 -13.774 -16.44
0.354181 -17.969 -17.78 -17.653 -17.263 -16.921 -16.549 -17.498 -17.213 -16.917 -16.539 -16.156 -15.71 -17.223 -16.803 -16.327 -15.976 -15.644 -16.796 -16.379 -16.043 -15.84 -15.887 -16.389 -16.617 -16.183 -14.979 -14.437 -13.809 -16.467
0.364893 -17.965 -17.785 -17.663 -17.282 -16.945 -16.576 -17.507 -17.232 -16.941 -16.565 -16.185 -15.741 -17.242 -16.827 -16.355 -16.006 -15.675 -16.819 -16.404 -16.07 -15.865 -15.905 -16.416 -16.643 -16.212 -15.012 -14.471 -13.845 -16.493
0.375929 -17.96 -17.79 -17.671 -17.301 -16.967 -16.602 -17.516 -17.252 -16.964 -16.592 -16.213 -15.772 -17.261 -16.851 -16.383 -16.035 -15.706 -16.842 -16.43 -16.096 -15.89 -15.923 -16.443 -16.669 -16.241 -15.045 -14.505 -13.88 -16.519
0.387298 -17.954 -17.794 -17.679 -17.318 -16.99 -16.628 -17.524 -17.27 -16.986 -16.618 -16.242 -15.802 -17.28 -16.875 -16.411 -16.065 -15.737 -16.865 -16.456 -16.123 -15.916 -15.942 -16.469 -16.694 -16.269 -15.078 -14.54 -13.915 -16.544
0.399012 -17.948 -17.797 -17.686 -17.335 -17.012 -16.654 -17.531 -17.288 -17.008 -16.643 -16.27 -15.833 -17.297 -16.898 -16.438 -16.094 -15.768 -16.887 -16.481 -16.15 -15.941 -15.961 -16.495 -16.719 -16.297 -15.111 -14.574 -13.951 -16.57
0.41108 -17.94 -17.798 -17.692 -17.352 -17.033 -16.679 -17.538 -17.305 -17.029 -16.669 -16.298 -15.863 -17.315 -16.921 -16.465 -16.123 -15.799 -16.909 -16.506 -16.176 -15.967 -15.979 -16.521 -16.743 -16.325 -15.144 -14.608 -13.986 -16.594
