web/models/kne.last_good/13/villar_0.0416_0.2337_10.0000.dat
# %ECSV 1.0
# ---
# datatype:
# - {name: time, datatype: float64}
# - {name: swift_uvot_uvw2, datatype: float64}
# - {name: swift_uvot_uvm2, datatype: float64}
# - {name: swift_uvot_uvw1, datatype: float64}
# - {name: swift_uvot_U, datatype: float64}
# - {name: swift_uvot_B, datatype: float64}
# - {name: swift_uvot_V, datatype: float64}
# - {name: swift_uvot_W, datatype: float64}
# - {name: johnson_U, datatype: float64}
# - {name: johnson_B, datatype: float64}
# - {name: johnson_V, datatype: float64}
# - {name: johnson_R, datatype: float64}
# - {name: johnson_I, datatype: float64}
# - {name: sdss_u, datatype: float64}
# - {name: sdss_g, datatype: float64}
# - {name: sdss_r, datatype: float64}
# - {name: sdss_i, datatype: float64}
# - {name: sdss_z, datatype: float64}
# - {name: PS1_g, datatype: float64}
# - {name: PS1_r, datatype: float64}
# - {name: PS1_i, datatype: float64}
# - {name: PS1_z, datatype: float64}
# - {name: PS1_Y, datatype: float64}
# - {name: PS1_w, datatype: float64}
# - {name: ATLAS_c, datatype: float64}
# - {name: ATLAS_o, datatype: float64}
# - {name: ukirt_J, datatype: float64}
# - {name: ukirt_H, datatype: float64}
# - {name: ukirt_K, datatype: float64}
# - {name: Clear, datatype: float64}
# meta: !!omap
# - comment: [kappa = 10.0, type = villar, mass = 0.04162766037032262, velocity = 0.2336666666666667, theta_obs = 0.0, tfloor = 2500.0]
# schema: astropy-2.0
time swift_uvot_uvw2 swift_uvot_uvm2 swift_uvot_uvw1 swift_uvot_U swift_uvot_B swift_uvot_V swift_uvot_W johnson_U johnson_B johnson_V johnson_R johnson_I sdss_u sdss_g sdss_r sdss_i sdss_z PS1_g PS1_r PS1_i PS1_z PS1_Y PS1_w ATLAS_c ATLAS_o ukirt_J ukirt_H ukirt_K Clear
[from data line 204]
0.436321 -16.183 -16.34 -16.45 -16.592 -16.51 -16.335 -16.407 -16.586 -16.507 -16.327 -16.078 -15.753 -16.59 -16.458 -16.199 -15.957 -15.705 -16.449 -16.211 -15.97 -15.784 -15.704 -16.21 -16.359 -16.098 -15.154 -14.675 -14.1 -16.242
0.449518 -16.114 -16.283 -16.406 -16.573 -16.505 -16.339 -16.375 -16.57 -16.502 -16.332 -16.09 -15.771 -16.573 -16.457 -16.208 -15.972 -15.724 -16.449 -16.22 -15.984 -15.801 -15.72 -16.217 -16.362 -16.109 -15.179 -14.703 -14.13 -16.247
0.463113 -16.042 -16.224 -16.36 -16.553 -16.499 -16.343 -16.34 -16.552 -16.496 -16.335 -16.101 -15.788 -16.555 -16.454 -16.216 -15.986 -15.742 -16.447 -16.228 -15.998 -15.818 -15.736 -16.223 -16.364 -16.119 -15.203 -14.73 -14.16 -16.251
0.47712 -15.967 -16.161 -16.311 -16.53 -16.49 -16.345 -16.304 -16.532 -16.488 -16.338 -16.111 -15.805 -16.534 -16.449 -16.223 -15.999 -15.759 -16.443 -16.234 -16.01 -15.833 -15.752 -16.228 -16.364 -16.129 -15.226 -14.757 -14.19 -16.254
0.49155 -15.889 -16.094 -16.26 -16.506 -16.481 -16.347 -16.267 -16.51 -16.478 -16.34 -16.121 -15.821 -16.512 -16.443 -16.23 -16.012 -15.776 -16.439 -16.24 -16.022 -15.848 -15.767 -16.232 -16.363 -16.138 -15.25 -14.783 -14.219 -16.256
0.506416 -15.807 -16.025 -16.205 -16.479 -16.469 -16.347 -16.227 -16.486 -16.467 -16.34 -16.129 -15.836 -16.488 -16.436 -16.235 -16.023 -15.792 -16.433 -16.245 -16.034 -15.863 -15.782 -16.235 -16.361 -16.146 -15.272 -14.81 -14.248 -16.257
0.521733 -15.721 -15.951 -16.148 -16.451 -16.457 -16.346 -16.186 -16.46 -16.454 -16.339 -16.136 -15.85 -16.461 -16.427 -16.239 -16.034 -15.808 -16.426 -16.249 -16.044 -15.877 -15.796 -16.236 -16.358 -16.153 -15.295 -14.835 -14.277 -16.256
0.537512 -15.632 -15.875 -16.088 -16.42 -16.442 -16.344 -16.143 -16.432 -16.439 -16.337 -16.143 -15.864 -16.433 -16.417 -16.242 -16.044 -15.823 -16.417 -16.252 -16.053 -15.89 -15.81 -16.237 -16.353 -16.158 -15.316 -14.861 -14.305 -16.255
0.553769 -15.54 -15.794 -16.025 -16.386 -16.426 -16.34 -16.098 -16.402 -16.423 -16.333 -16.148 -15.877 -16.402 -16.405 -16.244 -16.053 -15.837 -16.406 -16.253 -16.062 -15.902 -15.823 -16.236 -16.347 -16.163 -15.338 -14.886 -14.334 -16.252
0.570517 -15.443 -15.71 -15.958 -16.351 -16.407 -16.335 -16.052 -16.369 -16.405 -16.329 -16.152 -15.889 -16.368 -16.391 -16.245 -16.061 -15.85 -16.394 -16.254 -16.07 -15.914 -15.836 -16.235 -16.34 -16.167 -15.358 -14.911 -14.362 -16.248
0.587772 -15.343 -15.621 -15.889 -16.312 -16.387 -16.328 -16.003 -16.334 -16.385 -16.322 -16.155 -15.901 -16.333 -16.376 -16.244 -16.068 -15.863 -16.381 -16.253 -16.077 -15.925 -15.848 -16.232 -16.331 -16.169 -15.379 -14.935 -14.39 -16.243
0.605549 -15.239 -15.529 -15.816 -16.271 -16.365 -16.32 -15.953 -16.297 -16.363 -16.314 -16.158 -15.911 -16.295 -16.359 -16.242 -16.074 -15.874 -16.365 -16.251 -16.083 -15.935 -15.859 -16.227 -16.32 -16.171 -15.398 -14.959 -14.417 -16.236
0.623863 -15.131 -15.432 -15.739 -16.228 -16.341 -16.31 -15.9 -16.257 -16.339 -16.305 -16.158 -15.921 -16.254 -16.34 -16.239 -16.079 -15.885 -16.348 -16.248 -16.087 -15.944 -15.87 -16.222 -16.308 -16.171 -15.418 -14.983 -14.444 -16.228
0.642731 -15.019 -15.331 -15.66 -16.182 -16.314 -16.299 -15.846 -16.214 -16.313 -16.294 -16.158 -15.93 -16.21 -16.319 -16.235 -16.083 -15.895 -16.329 -16.243 -16.091 -15.952 -15.88 -16.215 -16.294 -16.17 -15.436 -15.006 -14.471 -16.219
0.66217 -14.902 -15.225 -15.576 -16.133 -16.286 -16.286 -15.79 -16.168 -16.284 -16.281 -16.156 -15.937 -16.164 -16.296 -16.229 -16.086 -15.904 -16.308 -16.237 -16.094 -15.96 -15.89 -16.206 -16.278 -16.168 -15.454 -15.029 -14.498 -16.208
0.682197 -14.782 -15.115 -15.489 -16.08 -16.255 -16.271 -15.732 -16.12 -16.254 -16.267 -16.154 -15.944 -16.115 -16.271 -16.221 -16.088 -15.912 -16.286 -16.229 -16.095 -15.967 -15.898 -16.196 -16.261 -16.164 -15.471 -15.051 -14.524 -16.196
0.70283 -14.657 -15.0 -15.398 -16.025 -16.222 -16.255 -15.672 -16.069 -16.221 -16.251 -16.149 -15.95 -16.062 -16.244 -16.212 -16.088 -15.92 -16.261 -16.22 -16.096 -15.972 -15.906 -16.185 -16.242 -16.159 -15.488 -15.073 -14.55 -16.182
0.724086 -14.527 -14.881 -15.303 -15.967 -16.186 -16.236 -15.609 -16.014 -16.186 -16.233 -16.144 -15.955 -16.007 -16.214 -16.202 -16.087 -15.926 -16.234 -16.21 -16.095 -15.977 -15.913 -16.172 -16.221 -16.153 -15.504 -15.094 -14.575 -16.166
0.745986 -14.394 -14.756 -15.204 -15.905 -16.148 -16.216 -15.545 -15.957 -16.148 -16.213 -16.136 -15.958 -15.949 -16.183 -16.19 -16.085 -15.931 -16.205 -16.197 -16.093 -15.98 -15.92 -16.157 -16.197 -16.145 -15.519 -15.115 -14.6 -16.149
0.768548 -14.256 -14.626 -15.101 -15.84 -16.107 -16.194 -15.479 -15.896 -16.107 -16.191 -16.128 -15.961 -15.887 -16.149 -16.176 -16.082 -15.935 -16.173 -16.183 -16.089 -15.983 -15.925 -16.141 -16.172 -16.135 -15.534 -15.135 -14.625 -16.131
0.791792 -14.113 -14.491 -14.994 -15.772 -16.064 -16.169 -15.41 -15.832 -16.064 -16.167 -16.118 -15.962 -15.822 -16.112 -16.16 -16.077 -15.938 -16.139 -16.168 -16.084 -15.984 -15.929 -16.123 -16.145 -16.124 -15.548 -15.155 -14.65 -16.11
0.815739 -13.966 -14.35 -14.882 -15.699 -16.018 -16.143 -15.34 -15.764 -16.018 -16.141 -16.106 -15.963 -15.753 -16.073 -16.142 -16.07 -15.94 -16.103 -16.15 -16.078 -15.984 -15.933 -16.103 -16.115 -16.112 -15.561 -15.174 -14.674 -16.088
0.840411 -13.815 -14.203 -14.766 -15.624 -15.969 -16.114 -15.267 -15.693 -15.969 -16.113 -16.092 -15.961 -15.68 -16.031 -16.123 -16.063 -15.94 -16.064 -16.131 -16.07 -15.983 -15.935 -16.081 -16.084 -16.097 -15.573 -15.192 -14.697 -16.064
0.865828 -13.659 -14.051 -14.645 -15.544 -15.916 -16.083 -15.192 -15.618 -15.917 -16.082 -16.077 -15.959 -15.604 -15.987 -16.101 -16.053 -15.94 -16.023 -16.109 -16.061 -15.981 -15.937 -16.058 -16.05 -16.081 -15.585 -15.211 -14.72 -16.038
0.892015 -13.499 -13.893 -14.52 -15.46 -15.861 -16.049 -15.114 -15.539 -15.863 -16.049 -16.06 -15.955 -15.524 -15.94 -16.078 -16.042 -15.938 -15.979 -16.086 -16.05 -15.977 -15.937 -16.032 -16.013 -16.063 -15.596 -15.228 -14.743 -16.01
0.918993 -13.334 -13.728 -14.39 -15.372 -15.803 -16.013 -15.035 -15.457 -15.805 -16.014 -16.041 -15.95 -15.44 -15.889 -16.052 -16.029 -15.934 -15.932 -16.06 -16.038 -15.972 -15.936 -16.005 -15.974 -16.043 -15.606 -15.245 -14.766 -15.981
0.946787 -13.166 -13.557 -14.255 -15.28 -15.741 -15.974 -14.953 -15.37 -15.743 -15.976 -16.02 -15.944 -15.351 -15.836 -16.024 -16.015 -15.929 -15.883 -16.033 -16.024 -15.966 -15.934 -15.975 -15.933 -16.021 -15.614 -15.261 -14.788 -15.949
0.975422 -12.993 -13.38 -14.115 -15.183 -15.675 -15.933 -14.868 -15.279 -15.679 -15.935 -15.998 -15.935 -15.259 -15.78 -15.994 -15.999 -15.923 -15.83 -16.003 -16.008 -15.958 -15.931 -15.943 -15.889 -15.997 -15.622 -15.276 -14.809 -15.915
1.004923 -12.817 -13.196 -13.97 -15.082 -15.607 -15.889 -14.782 -15.184 -15.61 -15.892 -15.973 -15.926 -15.162 -15.72 -15.962 -15.981 -15.916 -15.774 -15.971 -15.99 -15.949 -15.926 -15.909 -15.842 -15.971 -15.629 -15.291 -14.83 -15.879
1.035317 -12.638 -13.005 -13.82 -14.977 -15.534 -15.842 -14.692 -15.084 -15.538 -15.845 -15.946 -15.915 -15.06 -15.658 -15.927 -15.961 -15.907 -15.716 -15.936 -15.97 -15.938 -15.92 -15.873 -15.792 -15.943 -15.636 -15.305 -14.851 -15.842
1.066629 -12.455 -12.807 -13.665 -14.866 -15.458 -15.792 -14.6 -14.979 -15.463 -15.796 -15.917 -15.902 -14.953 -15.591 -15.889 -15.939 -15.896 -15.654 -15.899 -15.949 -15.925 -15.913 -15.835 -15.739 -15.913 -15.641 -15.319 -14.871 -15.801
1.098888 -12.27 -12.602 -13.504 -14.751 -15.378 -15.739 -14.506 -14.87 -15.383 -15.744 -15.885 -15.887 -14.842 -15.521 -15.849 -15.915 -15.883 -15.588 -15.859 -15.925 -15.911 -15.905 -15.794 -15.684 -15.88 -15.644 -15.331 -14.89 -15.759
1.132124 -12.082 -12.39 -13.337 -14.63 -15.294 -15.683 -14.409 -14.756 -15.3 -15.689 -15.851 -15.871 -14.726 -15.448 -15.806 -15.889 -15.869 -15.519 -15.817 -15.899 -15.895 -15.895 -15.75 -15.625 -15.845 -15.647 -15.343 -14.909 -15.714
1.166364 -11.894 -12.17 -13.166 -14.504 -15.205 -15.623 -14.309 -14.637 -15.213 -15.63 -15.815 -15.853 -14.604 -15.371 -15.761 -15.86 -15.853 -15.447 -15.772 -15.871 -15.877 -15.883 -15.705 -15.563 -15.807 -15.649 -15.354 -14.928 -15.667
1.20164 -11.705 -11.942 -12.988 -14.373 -15.113 -15.561 -14.206 -14.512 -15.121 -15.569 -15.776 -15.833 -14.477 -15.29 -15.712 -15.829 -15.836 -15.371 -15.724 -15.841 -15.857 -15.87 -15.656 -15.498 -15.767 -15.65 -15.364 -14.946 -15.618
1.237983 -11.516 -11.706 -12.805 -14.236 -15.016 -15.494 -14.101 -14.382 -15.025 -15.503 -15.735 -15.811 -14.345 -15.204 -15.661 -15.796 -15.816 -15.291 -15.673 -15.809 -15.836 -15.855 -15.605 -15.429 -15.724 -15.649 -15.374 -14.963 -15.566
1.275425 -11.329 -11.461 -12.617 -14.093 -14.914 -15.424 -13.992 -14.247 -14.924 -15.435 -15.691 -15.787 -14.207 -15.115 -15.606 -15.761 -15.794 -15.207 -15.619 -15.774 -15.812 -15.838 -15.551 -15.357 -15.679 -15.647 -15.382 -14.98 -15.512
1.313999 -11.145 -11.209 -12.422 -13.945 -14.808 -15.351 -13.881 -14.106 -14.819 -15.362 -15.644 -15.761 -14.063 -15.022 -15.548 -15.723 -15.771 -15.12 -15.562 -15.736 -15.786 -15.82 -15.494 -15.281 -15.631 -15.644 -15.39 -14.996 -15.456
1.35374 -10.965 -10.948 -12.222 -13.79 -14.697 -15.273 -13.766 -13.959 -14.709 -15.286 -15.595 -15.732 -13.913 -14.924 -15.487 -15.682 -15.745 -15.028 -15.502 -15.696 -15.759 -15.8 -15.435 -15.202 -15.58 -15.639 -15.397 -15.012 -15.396
1.394683 -10.79 -10.678 -12.016 -13.629 -14.581 -15.191 -13.649 -13.806 -14.595 -15.206 -15.543 -15.702 -13.757 -14.821 -15.423 -15.639 -15.717 -14.932 -15.438 -15.654 -15.728 -15.778 -15.372 -15.119 -15.525 -15.633 -15.402 -15.027 -15.335
1.436864 -10.622 -10.399 -11.804 -13.462 -14.459 -15.106 -13.528 -13.647 -14.475 -15.122 -15.487 -15.669 -13.595 -14.714 -15.355 -15.593 -15.687 -14.832 -15.371 -15.608 -15.696 -15.754 -15.307 -15.032 -15.468 -15.626 -15.407 -15.041 -15.27
1.480321 -10.462 -10.111 -11.586 -13.288 -14.333 -15.016 -13.404 -13.482 -14.35 -15.034 -15.429 -15.634 -13.426 -14.603 -15.283 -15.544 -15.655 -14.728 -15.301 -15.56 -15.661 -15.728 -15.238 -14.941 -15.408 -15.617 -15.411 -15.055 -15.203
1.525092 -10.311 -9.814 -11.363 -13.108 -14.201 -14.922 -13.277 -13.31 -14.22 -14.941 -15.367 -15.597 -13.25 -14.486 -15.208 -15.492 -15.62 -14.619 -15.226 -15.509 -15.624 -15.7 -15.167 -14.846 -15.344 -15.607 -15.414 -15.068 -15.134
1.571218 -10.17 -9.508 -11.133 -12.92 -14.064 -14.823 -13.147 -13.131 -14.084 -14.845 -15.302 -15.557 -13.068 -14.364 -15.129 -15.437 -15.583 -14.505 -15.149 -15.455 -15.584 -15.67 -15.092 -14.747 -15.278 -15.595 -15.415 -15.08 -15.062
1.618738 -10.039 -9.192 -10.898 -12.725 -13.921 -14.72 -13.013 -12.945 -13.943 -14.743 -15.234 -15.514 -12.878 -14.238 -15.046 -15.378 -15.543 -14.387 -15.067 -15.398 -15.542 -15.638 -15.013 -14.643 -15.207 -15.581 -15.416 -15.092 -14.987
1.667696 -9.92 -8.867 -10.658 -12.523 -13.772 -14.612 -12.875 -12.753 -13.796 -14.637 -15.162 -15.469 -12.681 -14.105 -14.958 -15.317 -15.501 -14.264 -14.981 -15.337 -15.497 -15.603 -14.932 -14.535 -15.133 -15.566 -15.415 -15.103 -14.909
1.718134 -9.811 -8.534 -10.412 -12.314 -13.617 -14.499 -12.734 -12.553 -13.644 -14.527 -15.087 -15.421 -12.477 -13.968 -14.867 -15.252 -15.456 -14.137 -14.892 -15.273 -15.449 -15.566 -14.847 -14.423 -15.056 -15.549 -15.414 -15.113 -14.829
1.770098 -9.712 -8.191 -10.161 -12.096 -13.456 -14.381 -12.59 -12.345 -13.485 -14.411 -15.008 -15.37 -12.265 -13.825 -14.771 -15.184 -15.408 -14.005 -14.798 -15.206 -15.399 -15.527 -14.758 -14.306 -14.975 -15.531 -15.411 -15.123 -14.746
1.823633 -9.623 -7.84 -9.904 -11.871 -13.289 -14.258 -12.442 -12.13 -13.32 -14.291 -14.925 -15.316 -12.045 -13.676 -14.671 -15.112 -15.357 -13.867 -14.7 -15.136 -15.345 -15.485 -14.666 -14.184 -14.89 -15.51 -15.407 -15.132 -14.66
1.878788 -9.542 -7.482 -9.642 -11.638 -13.115 -14.13 -12.29 -11.908 -13.149 -14.165 -14.839 -15.26 -11.817 -13.521 -14.567 -15.036 -15.304 -13.725 -14.598 -15.062 -15.289 -15.441 -14.57 -14.058 -14.801 -15.488 -15.401 -15.14 -14.572
1.93561 -9.47 -7.117 -9.376 -11.396 -12.934 -13.997 -12.134 -11.677 -12.972 -14.035 -14.748 -15.2 -11.581 -13.361 -14.457 -14.957 -15.247 -13.579 -14.491 -14.984 -15.229 -15.394 -14.47 -13.926 -14.709 -15.464 -15.395 -15.147 -14.481
1.994152 -9.403 -6.749 -9.104 -11.147 -12.747 -13.857 -11.974 -11.438 -12.788 -13.898 -14.654 -15.137 -11.337 -13.194 -14.343 -14.874 -15.187 -13.427 -14.38 -14.903 -15.166 -15.345 -14.366 -13.79 -14.612 -15.438 -15.387 -15.153 -14.387
2.054463 -9.343 -6.379 -8.828 -10.888 -12.553 -13.712 -11.811 -11.191 -12.597 -13.757 -14.555 -15.072 -11.084 -13.021 -14.225 -14.787 -15.125 -13.271 -14.264 -14.817 -15.1 -15.292 -14.259 -13.648 -14.511 -15.409 -15.377 -15.159 -14.291
2.116599 -9.287 -6.013 -8.548 -10.62 -12.352 -13.562 -11.644 -10.935 -12.4 -13.609 -14.453 -15.002 -10.822 -12.842 -14.101 -14.696 -15.059 -13.11 -14.144 -14.728 -15.031 -15.237 -14.147 -13.501 -14.406 -15.379 -15.367 -15.164 -14.193
2.180614 -9.235 -5.654 -8.263 -10.344 -12.143 -13.405 -11.472 -10.67 -12.195 -13.456 -14.346 -14.93 -10.551 -12.656 -13.972 -14.601 -14.989 -12.945 -14.019 -14.635 -14.958 -15.18 -14.032 -13.349 -14.296 -15.347 -15.355 -15.168 -14.092
2.246566 -9.185 -5.31 -7.974 -10.058 -11.927 -13.242 -11.297 -10.396 -11.983 -13.298 -14.235 -14.854 -10.27 -12.463 -13.837 -14.502 -14.916 -12.776 -13.889 -14.537 -14.881 -15.119 -13.912 -13.191 -14.182 -15.312 -15.341 -15.171 -13.989
2.314511 -9.139 -4.989 -7.682 -9.762 -11.703 -13.073 -11.118 -10.113 -11.764 -13.133 -14.119 -14.775 -9.98 -12.263 -13.698 -14.398 -14.84 -12.603 -13.755 -14.436 -14.801 -15.055 -13.788 -13.028 -14.064 -15.275 -15.326 -15.173 -13.883
2.384512 -9.094 -4.697 -7.385 -9.457 -11.472 -12.898 -10.935 -9.821 -11.538 -12.962 -13.999 -14.692 -9.681 -12.057 -13.553 -14.29 -14.76 -12.427 -13.615 -14.33 -14.718 -14.988 -13.66 -12.859 -13.941 -15.236 -15.309 -15.174 -13.776
2.45663 -9.05 -4.442 -7.084 -9.142 -11.233 -12.716 -10.748 -9.519 -11.304 -12.784 -13.875 -14.605 -9.371 -11.843 -13.402 -14.177 -14.676 -12.248 -13.471 -14.22 -14.63 -14.918 -13.527 -12.685 -13.813 -15.194 -15.291 -15.175 -13.666
2.530929 -9.008 -4.227 -6.779 -8.817 -10.986 -12.527 -10.557 -9.208 -11.063 -12.601 -13.745 -14.515 -9.052 -11.622 -13.246 -14.059 -14.589 -12.066 -13.321 -14.106 -14.539 -14.845 -13.39 -12.504 -13.681 -15.15 -15.272 -15.174 -13.556
2.607475 -8.966 -4.051 -6.47 -8.481 -10.73 -12.332 -10.362 -8.886 -10.813 -12.41 -13.611 -14.421 -8.722 -11.394 -13.083 -13.937 -14.498 -11.884 -13.167 -13.987 -14.444 -14.769 -13.249 -12.318 -13.543 -15.104 -15.25 -15.173 -13.443
2.686337 -8.925 -3.911 -6.158 -8.135 -10.466 -12.129 -10.163 -8.554 -10.556 -12.213 -13.472 -14.323 -8.381 -11.158 -12.915 -13.81 -14.402 -11.7 -13.008 -13.863 -14.345 -14.69 -13.103 -12.125 -13.401 -15.055 -15.227 -15.17 -13.329
2.767583 -8.885 -3.8 -5.841 -7.778 -10.193 -11.92 -9.961 -8.212 -10.29 -12.01 -13.328 -14.221 -8.03 -10.915 -12.741 -13.678 -14.303 -11.518 -12.845 -13.735 -14.242 -14.608 -12.952 -11.926 -13.254 -15.003 -15.203 -15.167 -13.215
2.851287 -8.844 -3.712 -5.519 -7.41 -9.912 -11.703 -9.755 -7.859 -10.016 -11.799 -13.179 -14.115 -7.667 -10.663 -12.56 -13.541 -14.2 -11.337 -12.677 -13.603 -14.135 -14.522 -12.796 -11.721 -13.101 -14.949 -15.176 -15.163 -13.099
2.937522 -8.804 -3.64 -5.193 -7.031 -9.622 -11.479 -9.546 -7.495 -9.734 -11.582 -13.025 -14.005 -7.294 -10.404 -12.373 -13.399 -14.093 -11.16 -12.504 -13.465 -14.024 -14.433 -12.635 -11.51 -12.944 -14.892 -15.148 -15.157 -12.983
3.026365 -8.764 -3.579 -4.863 -6.64 -9.322 -11.247 -9.334 -7.119 -9.443 -11.357 -12.866 -13.891 -6.908 -10.136 -12.18 -13.251 -13.981 -10.987 -12.327 -13.323 -13.908 -14.34 -12.47 -11.292 -12.781 -14.832 -15.118 -15.151 -12.868
3.117896 -8.724 -3.526 -4.527 -6.238 -9.014 -11.007 -9.12 -6.733 -9.143 -11.125 -12.701 -13.773 -6.511 -9.86 -11.979 -13.098 -13.865 -10.82 -12.146 -13.176 -13.789 -14.245 -12.299 -11.067 -12.612 -14.77 -15.086 -15.144 -12.752
