web/models/kne.last_good/kappa_0.5_3.0.v2/24/villar_0.0630_0.3433_3.0000.dat
# %ECSV 1.0
# ---
# datatype:
# - {name: time, datatype: float64}
# - {name: swift_uvot_uvw2, datatype: float64}
# - {name: swift_uvot_uvm2, datatype: float64}
# - {name: swift_uvot_uvw1, datatype: float64}
# - {name: swift_uvot_U, datatype: float64}
# - {name: swift_uvot_B, datatype: float64}
# - {name: swift_uvot_V, datatype: float64}
# - {name: swift_uvot_W, datatype: float64}
# - {name: johnson_U, datatype: float64}
# - {name: johnson_B, datatype: float64}
# - {name: johnson_V, datatype: float64}
# - {name: johnson_R, datatype: float64}
# - {name: johnson_I, datatype: float64}
# - {name: sdss_u, datatype: float64}
# - {name: sdss_g, datatype: float64}
# - {name: sdss_r, datatype: float64}
# - {name: sdss_i, datatype: float64}
# - {name: sdss_z, datatype: float64}
# - {name: PS1_g, datatype: float64}
# - {name: PS1_r, datatype: float64}
# - {name: PS1_i, datatype: float64}
# - {name: PS1_z, datatype: float64}
# - {name: PS1_Y, datatype: float64}
# - {name: PS1_w, datatype: float64}
# - {name: ATLAS_c, datatype: float64}
# - {name: ATLAS_o, datatype: float64}
# - {name: ukirt_J, datatype: float64}
# - {name: ukirt_H, datatype: float64}
# - {name: ukirt_K, datatype: float64}
# - {name: Clear, datatype: float64}
# meta: !!omap
# - comment: [kappa = 3.0, type = villar, mass = 0.06299605249512866, velocity = 0.3433333333333334, theta_obs = 0.0, tfloor = 2500.0]
# schema: astropy-2.0
time swift_uvot_uvw2 swift_uvot_uvm2 swift_uvot_uvw1 swift_uvot_U swift_uvot_B swift_uvot_V swift_uvot_W johnson_U johnson_B johnson_V johnson_R johnson_I sdss_u sdss_g sdss_r sdss_i sdss_z PS1_g PS1_r PS1_i PS1_z PS1_Y PS1_w ATLAS_c ATLAS_o ukirt_J ukirt_H ukirt_K Clear
[from data line 203]
0.423513 -16.554 -16.747 -16.896 -17.114 -17.073 -16.927 -16.889 -17.115 -17.07 -16.92 -16.692 -16.385 -17.118 -17.031 -16.805 -16.58 -16.34 -17.025 -16.816 -16.591 -16.414 -16.332 -16.809 -16.946 -16.71 -15.806 -15.336 -14.769 -16.836
0.436321 -16.475 -16.68 -16.844 -17.089 -17.063 -16.928 -16.85 -17.093 -17.06 -16.921 -16.701 -16.401 -17.095 -17.025 -16.81 -16.592 -16.356 -17.02 -16.821 -16.603 -16.428 -16.347 -16.813 -16.945 -16.718 -15.829 -15.363 -14.798 -16.837
0.449518 -16.392 -16.61 -16.789 -17.062 -17.051 -16.928 -16.81 -17.068 -17.048 -16.921 -16.709 -16.416 -17.07 -17.017 -16.815 -16.603 -16.372 -17.014 -16.826 -16.614 -16.443 -16.362 -16.815 -16.942 -16.726 -15.852 -15.389 -14.827 -16.838
0.463113 -16.306 -16.536 -16.731 -17.032 -17.038 -16.926 -16.768 -17.042 -17.035 -16.919 -16.716 -16.43 -17.043 -17.008 -16.819 -16.614 -16.387 -17.006 -16.829 -16.624 -16.456 -16.376 -16.816 -16.939 -16.732 -15.874 -15.414 -14.856 -16.837
0.47712 -16.216 -16.458 -16.67 -17.001 -17.022 -16.923 -16.725 -17.013 -17.02 -16.917 -16.722 -16.443 -17.014 -16.997 -16.822 -16.623 -16.402 -16.997 -16.831 -16.633 -16.469 -16.389 -16.817 -16.933 -16.738 -15.895 -15.44 -14.884 -16.835
0.49155 -16.123 -16.376 -16.606 -16.967 -17.005 -16.919 -16.679 -16.982 -17.003 -16.913 -16.727 -16.456 -16.982 -16.985 -16.823 -16.632 -16.416 -16.986 -16.833 -16.641 -16.481 -16.402 -16.816 -16.927 -16.742 -15.916 -15.464 -14.912 -16.832
0.506416 -16.025 -16.291 -16.539 -16.931 -16.987 -16.914 -16.632 -16.949 -16.984 -16.908 -16.731 -16.468 -16.948 -16.971 -16.824 -16.64 -16.429 -16.974 -16.833 -16.649 -16.492 -16.414 -16.814 -16.919 -16.746 -15.937 -15.489 -14.94 -16.827
0.521733 -15.924 -16.202 -16.469 -16.892 -16.966 -16.907 -16.583 -16.913 -16.964 -16.901 -16.734 -16.479 -16.912 -16.955 -16.823 -16.646 -16.441 -16.959 -16.832 -16.655 -16.503 -16.426 -16.81 -16.909 -16.748 -15.957 -15.513 -14.967 -16.821
0.537512 -15.819 -16.108 -16.395 -16.85 -16.943 -16.898 -16.531 -16.875 -16.941 -16.892 -16.735 -16.489 -16.873 -16.937 -16.82 -16.652 -16.452 -16.943 -16.829 -16.66 -16.512 -16.437 -16.805 -16.898 -16.749 -15.976 -15.537 -14.994 -16.814
0.553769 -15.709 -16.01 -16.318 -16.806 -16.918 -16.888 -16.478 -16.834 -16.917 -16.883 -16.736 -16.498 -16.832 -16.918 -16.817 -16.657 -16.463 -16.926 -16.825 -16.665 -16.521 -16.448 -16.799 -16.885 -16.749 -15.995 -15.56 -15.021 -16.806
0.570517 -15.596 -15.908 -16.237 -16.759 -16.891 -16.876 -16.423 -16.791 -16.89 -16.871 -16.735 -16.507 -16.787 -16.896 -16.812 -16.66 -16.472 -16.906 -16.82 -16.668 -16.529 -16.457 -16.792 -16.871 -16.747 -16.013 -15.583 -15.048 -16.796
0.587772 -15.478 -15.801 -16.152 -16.709 -16.862 -16.862 -16.366 -16.745 -16.861 -16.858 -16.733 -16.514 -16.74 -16.872 -16.805 -16.662 -16.481 -16.885 -16.813 -16.67 -16.536 -16.466 -16.783 -16.855 -16.744 -16.031 -15.605 -15.074 -16.784
0.605549 -15.356 -15.69 -16.064 -16.656 -16.831 -16.847 -16.307 -16.695 -16.829 -16.843 -16.73 -16.52 -16.69 -16.847 -16.797 -16.664 -16.489 -16.861 -16.805 -16.671 -16.543 -16.475 -16.772 -16.837 -16.74 -16.048 -15.627 -15.1 -16.772
0.623863 -15.23 -15.574 -15.972 -16.6 -16.797 -16.83 -16.246 -16.643 -16.796 -16.826 -16.725 -16.526 -16.637 -16.819 -16.788 -16.664 -16.495 -16.836 -16.796 -16.671 -16.548 -16.482 -16.76 -16.817 -16.735 -16.064 -15.649 -15.126 -16.757
0.642731 -15.099 -15.453 -15.876 -16.54 -16.76 -16.811 -16.183 -16.588 -16.76 -16.807 -16.719 -16.53 -16.581 -16.789 -16.777 -16.662 -16.501 -16.808 -16.784 -16.67 -16.552 -16.489 -16.747 -16.795 -16.728 -16.08 -15.67 -15.151 -16.741
0.66217 -14.964 -15.326 -15.775 -16.478 -16.722 -16.79 -16.118 -16.529 -16.721 -16.787 -16.711 -16.533 -16.521 -16.756 -16.764 -16.66 -16.506 -16.778 -16.772 -16.667 -16.555 -16.494 -16.731 -16.771 -16.719 -16.095 -15.69 -15.176 -16.723
0.682197 -14.824 -15.195 -15.671 -16.412 -16.68 -16.767 -16.05 -16.468 -16.68 -16.764 -16.702 -16.535 -16.458 -16.721 -16.749 -16.656 -16.509 -16.746 -16.757 -16.663 -16.557 -16.499 -16.714 -16.745 -16.709 -16.109 -15.71 -15.2 -16.704
0.70283 -14.68 -15.058 -15.562 -16.342 -16.636 -16.742 -15.981 -16.403 -16.636 -16.74 -16.691 -16.536 -16.392 -16.684 -16.733 -16.65 -16.512 -16.711 -16.741 -16.658 -16.558 -16.503 -16.696 -16.717 -16.697 -16.122 -15.729 -15.224 -16.683
0.724086 -14.532 -14.915 -15.449 -16.269 -16.588 -16.715 -15.909 -16.334 -16.589 -16.713 -16.678 -16.536 -16.322 -16.644 -16.715 -16.643 -16.513 -16.674 -16.722 -16.651 -16.558 -16.506 -16.675 -16.687 -16.684 -16.135 -15.748 -15.248 -16.66
0.745986 -14.378 -14.767 -15.332 -16.192 -16.538 -16.685 -15.835 -16.262 -16.539 -16.684 -16.664 -16.534 -16.249 -16.602 -16.694 -16.635 -16.513 -16.635 -16.702 -16.643 -16.556 -16.508 -16.653 -16.655 -16.669 -16.147 -15.766 -15.272 -16.635
0.768548 -14.221 -14.613 -15.21 -16.111 -16.485 -16.653 -15.759 -16.185 -16.486 -16.652 -16.648 -16.531 -16.171 -16.556 -16.672 -16.625 -16.512 -16.593 -16.68 -16.633 -16.553 -16.509 -16.629 -16.62 -16.652 -16.158 -15.784 -15.294 -16.609
0.791792 -14.059 -14.453 -15.083 -16.026 -16.429 -16.619 -15.681 -16.106 -16.431 -16.619 -16.631 -16.527 -16.09 -16.508 -16.648 -16.613 -16.509 -16.548 -16.656 -16.622 -16.549 -16.509 -16.602 -16.583 -16.634 -16.169 -15.801 -15.317 -16.58
0.815739 -13.893 -14.286 -14.951 -15.937 -16.369 -16.582 -15.6 -16.022 -16.372 -16.582 -16.611 -16.521 -16.005 -16.457 -16.622 -16.6 -16.506 -16.5 -16.63 -16.609 -16.544 -16.508 -16.574 -16.543 -16.613 -16.178 -15.818 -15.339 -16.55
0.840411 -13.723 -14.114 -14.815 -15.843 -16.307 -16.542 -15.517 -15.934 -16.309 -16.543 -16.59 -16.514 -15.915 -16.403 -16.593 -16.585 -16.5 -16.45 -16.602 -16.594 -16.537 -16.505 -16.544 -16.5 -16.59 -16.186 -15.834 -15.361 -16.518
0.865828 -13.548 -13.935 -14.673 -15.745 -16.24 -16.5 -15.431 -15.841 -16.243 -16.502 -16.566 -16.506 -15.821 -16.346 -16.562 -16.568 -16.494 -16.396 -16.571 -16.577 -16.528 -16.501 -16.511 -16.455 -16.566 -16.194 -15.849 -15.382 -16.483
0.892015 -13.371 -13.749 -14.526 -15.643 -16.17 -16.455 -15.344 -15.745 -16.174 -16.458 -16.541 -16.495 -15.723 -16.285 -16.529 -16.55 -16.485 -16.339 -16.538 -16.559 -16.518 -16.496 -16.477 -16.408 -16.539 -16.201 -15.863 -15.403 -16.446
0.918993 -13.189 -13.556 -14.375 -15.536 -16.097 -16.407 -15.253 -15.643 -16.101 -16.411 -16.513 -16.484 -15.619 -16.221 -16.493 -16.529 -16.476 -16.28 -16.503 -16.539 -16.507 -16.49 -16.44 -16.357 -16.51 -16.206 -15.877 -15.423 -16.408
0.946787 -13.005 -13.356 -14.218 -15.424 -16.02 -16.356 -15.16 -15.538 -16.024 -16.361 -16.483 -16.47 -15.512 -16.154 -16.455 -16.506 -16.464 -16.217 -16.465 -16.516 -16.494 -16.482 -16.4 -16.303 -16.479 -16.211 -15.89 -15.443 -16.367
0.975422 -12.819 -13.149 -14.055 -15.307 -15.938 -16.303 -15.065 -15.427 -15.944 -16.308 -16.451 -16.455 -15.399 -16.083 -16.414 -16.482 -16.452 -16.15 -16.424 -16.492 -16.479 -16.473 -16.359 -16.247 -16.446 -16.214 -15.902 -15.462 -16.324
1.004923 -12.63 -12.934 -13.887 -15.185 -15.853 -16.245 -14.967 -15.312 -15.859 -16.252 -16.417 -16.438 -15.281 -16.009 -16.371 -16.455 -16.437 -16.08 -16.381 -16.466 -16.462 -16.463 -16.315 -16.187 -16.41 -16.217 -15.914 -15.481 -16.278
1.035317 -12.44 -12.712 -13.714 -15.058 -15.763 -16.185 -14.866 -15.191 -15.771 -16.192 -16.38 -16.42 -15.158 -15.93 -16.324 -16.426 -16.42 -16.007 -16.335 -16.437 -16.444 -16.451 -16.268 -16.124 -16.372 -16.218 -15.925 -15.499 -16.231
1.066629 -12.251 -12.482 -13.535 -14.925 -15.67 -16.121 -14.762 -15.065 -15.678 -16.13 -16.34 -16.399 -15.03 -15.848 -16.275 -16.394 -16.402 -15.93 -16.286 -16.406 -16.424 -16.437 -16.219 -16.058 -16.331 -16.218 -15.934 -15.517 -16.181
1.098888 -12.061 -12.244 -13.35 -14.787 -15.572 -16.054 -14.656 -14.934 -15.581 -16.064 -16.298 -16.376 -14.896 -15.762 -16.223 -16.361 -16.382 -15.849 -16.235 -16.373 -16.402 -16.422 -16.167 -15.989 -16.287 -16.217 -15.944 -15.534 -16.128
1.132124 -11.874 -11.998 -13.16 -14.643 -15.469 -15.983 -14.546 -14.797 -15.479 -15.994 -16.254 -16.352 -14.757 -15.672 -16.167 -16.325 -16.36 -15.765 -16.18 -16.337 -16.377 -16.405 -16.112 -15.916 -16.241 -16.215 -15.952 -15.55 -16.073
1.166364 -11.689 -11.743 -12.964 -14.493 -15.362 -15.909 -14.434 -14.655 -15.373 -15.921 -16.206 -16.325 -14.612 -15.577 -16.109 -16.286 -16.336 -15.676 -16.122 -16.299 -16.351 -16.386 -16.055 -15.839 -16.192 -16.212 -15.959 -15.566 -16.016
1.20164 -11.509 -11.48 -12.763 -14.337 -15.25 -15.83 -14.319 -14.507 -15.262 -15.844 -16.156 -16.297 -14.461 -15.479 -16.047 -16.245 -16.31 -15.584 -16.061 -16.259 -16.323 -16.365 -15.995 -15.759 -16.141 -16.207 -15.966 -15.582 -15.956
1.237983 -11.335 -11.209 -12.555 -14.175 -15.133 -15.748 -14.201 -14.353 -15.147 -15.763 -16.103 -16.266 -14.304 -15.375 -15.982 -16.201 -16.281 -15.487 -15.997 -16.216 -16.292 -16.343 -15.932 -15.675 -16.086 -16.2 -15.971 -15.597 -15.894
1.275425 -11.167 -10.928 -12.342 -14.007 -15.01 -15.662 -14.079 -14.193 -15.026 -15.678 -16.047 -16.233 -14.14 -15.267 -15.913 -16.154 -16.251 -15.386 -15.93 -16.17 -16.259 -16.319 -15.866 -15.588 -16.028 -16.193 -15.976 -15.611 -15.829
1.313999 -11.008 -10.639 -12.124 -13.832 -14.883 -15.571 -13.955 -14.026 -14.9 -15.589 -15.988 -16.197 -13.97 -15.155 -15.841 -16.105 -16.218 -15.281 -15.858 -16.121 -16.224 -16.292 -15.797 -15.496 -15.967 -16.184 -15.979 -15.625 -15.762
1.35374 -10.859 -10.34 -11.899 -13.65 -14.751 -15.476 -13.827 -13.853 -14.769 -15.496 -15.926 -16.159 -13.794 -15.037 -15.765 -16.052 -16.183 -15.171 -15.784 -16.07 -16.187 -16.264 -15.724 -15.4 -15.903 -16.173 -15.982 -15.638 -15.692
1.394683 -10.719 -10.033 -11.669 -13.462 -14.612 -15.377 -13.696 -13.674 -14.633 -15.399 -15.861 -16.119 -13.61 -14.915 -15.685 -15.997 -16.145 -15.057 -15.705 -16.015 -16.147 -16.234 -15.649 -15.301 -15.836 -16.161 -15.983 -15.65 -15.619
1.436864 -10.59 -9.716 -11.434 -13.266 -14.469 -15.273 -13.562 -13.487 -14.491 -15.297 -15.792 -16.076 -13.42 -14.788 -15.602 -15.938 -16.105 -14.939 -15.623 -15.957 -16.104 -16.201 -15.57 -15.197 -15.765 -16.147 -15.984 -15.661 -15.544
1.480321 -10.472 -9.391 -11.193 -13.063 -14.319 -15.165 -13.425 -13.294 -14.344 -15.191 -15.72 -16.031 -13.222 -14.655 -15.514 -15.876 -16.063 -14.815 -15.537 -15.897 -16.059 -16.167 -15.488 -15.088 -15.691 -16.132 -15.983 -15.672 -15.466
1.525092 -10.365 -9.056 -10.947 -12.853 -14.164 -15.052 -13.284 -13.094 -14.191 -15.08 -15.644 -15.982 -13.017 -14.517 -15.423 -15.811 -16.018 -14.688 -15.448 -15.833 -16.011 -16.129 -15.403 -14.976 -15.614 -16.115 -15.982 -15.683 -15.386
1.571218 -10.268 -8.714 -10.695 -12.636 -14.003 -14.934 -13.139 -12.886 -14.032 -14.964 -15.565 -15.931 -12.805 -14.374 -15.327 -15.743 -15.97 -14.555 -15.354 -15.766 -15.96 -16.09 -15.314 -14.858 -15.532 -16.096 -15.979 -15.692 -15.303
1.618738 -10.181 -8.363 -10.439 -12.41 -13.835 -14.811 -12.991 -12.671 -13.867 -14.844 -15.483 -15.878 -12.585 -14.225 -15.227 -15.671 -15.919 -14.418 -15.256 -15.695 -15.906 -16.048 -15.222 -14.737 -15.447 -16.076 -15.975 -15.701 -15.217
1.667696 -10.102 -8.005 -10.178 -12.177 -13.661 -14.682 -12.839 -12.448 -13.696 -14.718 -15.396 -15.821 -12.357 -14.07 -15.122 -15.595 -15.866 -14.276 -15.153 -15.621 -15.85 -16.004 -15.126 -14.61 -15.359 -16.054 -15.969 -15.709 -15.129
1.718134 -10.03 -7.642 -9.912 -11.936 -13.481 -14.549 -12.684 -12.217 -13.519 -14.587 -15.306 -15.762 -12.121 -13.91 -15.013 -15.516 -15.809 -14.13 -15.047 -15.543 -15.79 -15.957 -15.027 -14.479 -15.266 -16.03 -15.963 -15.717 -15.038
1.770098 -9.965 -7.275 -9.641 -11.686 -13.294 -14.41 -12.525 -11.979 -13.335 -14.451 -15.212 -15.699 -11.877 -13.743 -14.899 -15.433 -15.749 -13.978 -14.936 -15.462 -15.728 -15.908 -14.923 -14.342 -15.169 -16.004 -15.955 -15.723 -14.945
1.823633 -9.906 -6.907 -9.367 -11.428 -13.1 -14.265 -12.362 -11.732 -13.145 -14.31 -15.114 -15.633 -11.624 -13.571 -14.78 -15.347 -15.687 -13.823 -14.821 -15.377 -15.662 -15.856 -14.816 -14.201 -15.069 -15.976 -15.946 -15.729 -14.85
1.878788 -9.851 -6.544 -9.088 -11.161 -12.899 -14.115 -12.195 -11.477 -12.948 -14.163 -15.011 -15.565 -11.363 -13.392 -14.657 -15.256 -15.621 -13.663 -14.701 -15.288 -15.593 -15.801 -14.705 -14.055 -14.964 -15.945 -15.935 -15.734 -14.752
1.93561 -9.8 -6.188 -8.804 -10.885 -12.692 -13.959 -12.025 -11.213 -12.744 -14.011 -14.905 -15.493 -11.093 -13.206 -14.528 -15.161 -15.552 -13.499 -14.576 -15.195 -15.52 -15.744 -14.59 -13.903 -14.855 -15.913 -15.924 -15.738 -14.652
1.994152 -9.751 -5.849 -8.517 -10.6 -12.477 -13.797 -11.851 -10.94 -12.533 -13.853 -14.795 -15.417 -10.813 -13.015 -14.395 -15.062 -15.48 -13.33 -14.447 -15.099 -15.444 -15.683 -14.471 -13.746 -14.742 -15.879 -15.91 -15.741 -14.549
2.054463 -9.706 -5.532 -8.226 -10.306 -12.254 -13.629 -11.673 -10.659 -12.315 -13.689 -14.68 -15.338 -10.525 -12.816 -14.256 -14.959 -15.404 -13.159 -14.313 -14.998 -15.365 -15.62 -14.348 -13.584 -14.624 -15.843 -15.896 -15.744 -14.445
2.116599 -9.662 -5.246 -7.931 -10.003 -12.024 -13.454 -11.491 -10.368 -12.09 -13.519 -14.561 -15.256 -10.227 -12.611 -14.112 -14.852 -15.325 -12.984 -14.175 -14.893 -15.282 -15.554 -14.221 -13.416 -14.502 -15.804 -15.879 -15.746 -14.338
2.180614 -9.619 -4.997 -7.633 -9.69 -11.786 -13.274 -11.305 -10.068 -11.858 -13.342 -14.437 -15.17 -9.919 -12.399 -13.962 -14.74 -15.242 -12.806 -14.031 -14.784 -15.196 -15.485 -14.089 -13.243 -14.375 -15.763 -15.862 -15.746 -14.23
2.246566 -9.577 -4.786 -7.33 -9.366 -11.541 -13.086 -11.116 -9.758 -11.618 -13.16 -14.308 -15.081 -9.601 -12.179 -13.807 -14.623 -15.155 -12.626 -13.883 -14.67 -15.105 -15.413 -13.953 -13.064 -14.244 -15.719 -15.843 -15.746 -14.12
2.314511 -9.537 -4.615 -7.024 -9.033 -11.287 -12.892 -10.922 -9.439 -11.37 -12.971 -14.175 -14.987 -9.274 -11.953 -13.646 -14.502 -15.065 -12.445 -13.73 -14.552 -15.011 -15.337 -13.813 -12.879 -14.108 -15.674 -15.822 -15.745 -14.009
2.384512 -9.497 -4.478 -6.714 -8.689 -11.025 -12.691 -10.726 -9.109 -11.115 -12.776 -14.038 -14.89 -8.935 -11.718 -13.479 -14.376 -14.97 -12.264 -13.573 -14.43 -14.913 -15.259 -13.668 -12.688 -13.966 -15.625 -15.799 -15.743 -13.896
2.45663 -9.457 -4.369 -6.399 -8.335 -10.754 -12.484 -10.525 -8.769 -10.851 -12.574 -13.895 -14.79 -8.587 -11.477 -13.306 -14.245 -14.872 -12.083 -13.411 -14.303 -14.811 -15.177 -13.518 -12.491 -13.82 -15.574 -15.775 -15.741 -13.783
2.530929 -9.417 -4.283 -6.08 -7.97 -10.475 -12.268 -10.321 -8.418 -10.579 -12.365 -13.747 -14.685 -8.227 -11.227 -13.127 -14.11 -14.77 -11.904 -13.244 -14.171 -14.705 -15.092 -13.364 -12.287 -13.669 -15.521 -15.749 -15.737 -13.669
2.607475 -9.378 -4.212 -5.757 -7.593 -10.187 -12.046 -10.114 -8.057 -10.299 -12.149 -13.595 -14.576 -7.856 -10.97 -12.941 -13.969 -14.664 -11.729 -13.073 -14.035 -14.595 -15.004 -13.204 -12.077 -13.513 -15.465 -15.722 -15.732 -13.554
2.686337 -9.338 -4.153 -5.429 -7.205 -9.89 -11.816 -9.904 -7.685 -10.01 -11.926 -13.437 -14.463 -7.473 -10.704 -12.75 -13.823 -14.553 -11.558 -12.898 -13.894 -14.48 -14.913 -13.04 -11.861 -13.351 -15.406 -15.692 -15.726 -13.44
2.767583 -9.299 -4.101 -5.096 -6.806 -9.583 -11.578 -9.691 -7.301 -9.713 -11.696 -13.274 -14.346 -7.079 -10.43 -12.551 -13.671 -14.438 -11.393 -12.718 -13.749 -14.362 -14.819 -12.871 -11.638 -13.185 -15.344 -15.661 -15.719 -13.325
2.851287 -9.243 -4.045 -5.01 -6.713 -9.5 -11.502 -9.618 -7.21 -9.631 -11.621 -13.206 -14.282 -6.987 -10.35 -12.479 -13.604 -14.375 -11.325 -12.649 -13.682 -14.298 -14.757 -12.802 -11.564 -13.116 -15.286 -15.606 -15.667 -13.262
2.937522 -9.186 -3.987 -4.953 -6.656 -9.443 -11.445 -9.56 -7.153 -9.574 -11.563 -13.148 -14.225 -6.93 -10.293 -12.422 -13.546 -14.317 -11.268 -12.591 -13.625 -14.241 -14.7 -12.745 -11.506 -13.059 -15.229 -15.549 -15.609 -13.205
3.026365 -9.128 -3.93 -4.896 -6.599 -9.385 -11.388 -9.503 -7.095 -9.516 -11.506 -13.091 -14.168 -6.873 -10.236 -12.365 -13.489 -14.26 -11.21 -12.534 -13.568 -14.184 -14.643 -12.688 -11.449 -13.001 -15.171 -15.492 -15.552 -13.148
