web/models/kne.last_good/kappa_0.5_3.0.v2/24/villar_0.0010_0.1240_3.0000.dat
# %ECSV 1.0
# ---
# datatype:
# - {name: time, datatype: float64}
# - {name: swift_uvot_uvw2, datatype: float64}
# - {name: swift_uvot_uvm2, datatype: float64}
# - {name: swift_uvot_uvw1, datatype: float64}
# - {name: swift_uvot_U, datatype: float64}
# - {name: swift_uvot_B, datatype: float64}
# - {name: swift_uvot_V, datatype: float64}
# - {name: swift_uvot_W, datatype: float64}
# - {name: johnson_U, datatype: float64}
# - {name: johnson_B, datatype: float64}
# - {name: johnson_V, datatype: float64}
# - {name: johnson_R, datatype: float64}
# - {name: johnson_I, datatype: float64}
# - {name: sdss_u, datatype: float64}
# - {name: sdss_g, datatype: float64}
# - {name: sdss_r, datatype: float64}
# - {name: sdss_i, datatype: float64}
# - {name: sdss_z, datatype: float64}
# - {name: PS1_g, datatype: float64}
# - {name: PS1_r, datatype: float64}
# - {name: PS1_i, datatype: float64}
# - {name: PS1_z, datatype: float64}
# - {name: PS1_Y, datatype: float64}
# - {name: PS1_w, datatype: float64}
# - {name: ATLAS_c, datatype: float64}
# - {name: ATLAS_o, datatype: float64}
# - {name: ukirt_J, datatype: float64}
# - {name: ukirt_H, datatype: float64}
# - {name: ukirt_K, datatype: float64}
# - {name: Clear, datatype: float64}
# meta: !!omap
# - comment: [kappa = 3.0, type = villar, mass = 0.001, velocity = 0.124, theta_obs = 0.0, tfloor = 2500.0]
# schema: astropy-2.0
time swift_uvot_uvw2 swift_uvot_uvm2 swift_uvot_uvw1 swift_uvot_U swift_uvot_B swift_uvot_V swift_uvot_W johnson_U johnson_B johnson_V johnson_R johnson_I sdss_u sdss_g sdss_r sdss_i sdss_z PS1_g PS1_r PS1_i PS1_z PS1_Y PS1_w ATLAS_c ATLAS_o ukirt_J ukirt_H ukirt_K Clear
[from data line 73]
0.008803 -13.977 -12.356 -11.998 -11.319 -10.845 -10.371 -11.859 -11.246 -10.841 -10.359 -9.906 -9.393 -11.257 -10.693 -10.104 -9.693 -9.317 -11.446 -11.101 -10.968 -11.208 -12.057 -10.197 -10.464 -9.938 -8.587 -8.009 -7.351 -10.303
0.009069 -13.972 -12.384 -12.032 -11.354 -10.88 -10.407 -11.893 -11.281 -10.877 -10.396 -9.942 -9.43 -11.293 -10.729 -10.14 -9.729 -9.354 -11.455 -11.106 -10.968 -11.202 -12.045 -10.233 -10.5 -9.974 -8.624 -8.046 -7.388 -10.339
0.009344 -13.968 -12.411 -12.066 -11.389 -10.916 -10.443 -11.926 -11.316 -10.912 -10.432 -9.979 -9.467 -11.328 -10.765 -10.176 -9.766 -9.391 -11.464 -11.112 -10.969 -11.197 -12.033 -10.27 -10.536 -10.011 -8.662 -8.084 -7.426 -10.375
0.009626 -13.963 -12.439 -12.1 -11.424 -10.952 -10.479 -11.96 -11.351 -10.948 -10.468 -10.015 -9.504 -11.363 -10.8 -10.213 -9.803 -9.428 -11.474 -11.118 -10.971 -11.192 -12.021 -10.306 -10.572 -10.047 -8.699 -8.121 -7.463 -10.411
0.009917 -13.959 -12.467 -12.134 -11.459 -10.987 -10.516 -11.993 -11.386 -10.984 -10.504 -10.051 -9.541 -11.398 -10.836 -10.249 -9.839 -9.465 -11.485 -11.125 -10.973 -11.187 -12.01 -10.342 -10.608 -10.084 -8.736 -8.158 -7.5 -10.447
0.010217 -13.956 -12.495 -12.167 -11.494 -11.023 -10.552 -12.027 -11.421 -11.019 -10.54 -10.088 -9.577 -11.433 -10.872 -10.285 -9.876 -9.501 -11.496 -11.133 -10.976 -11.183 -11.998 -10.378 -10.644 -10.12 -8.773 -8.195 -7.538 -10.483
0.010526 -13.953 -12.522 -12.201 -11.529 -11.058 -10.588 -12.06 -11.456 -11.055 -10.576 -10.124 -9.614 -11.468 -10.907 -10.322 -9.912 -9.538 -11.508 -11.141 -10.979 -11.179 -11.987 -10.414 -10.68 -10.156 -8.81 -8.233 -7.575 -10.519
0.010845 -13.95 -12.55 -12.234 -11.563 -11.094 -10.623 -12.093 -11.491 -11.09 -10.612 -10.16 -9.651 -11.503 -10.943 -10.358 -9.949 -9.575 -11.52 -11.15 -10.983 -11.176 -11.976 -10.45 -10.716 -10.193 -8.847 -8.27 -7.613 -10.555
0.011173 -13.947 -12.579 -12.267 -11.598 -11.129 -10.659 -12.126 -11.526 -11.125 -10.648 -10.197 -9.687 -11.538 -10.979 -10.394 -9.985 -9.611 -11.533 -11.159 -10.987 -11.173 -11.966 -10.486 -10.752 -10.229 -8.884 -8.307 -7.65 -10.591
0.011511 -13.945 -12.607 -12.3 -11.633 -11.164 -10.695 -12.159 -11.561 -11.161 -10.683 -10.233 -9.724 -11.572 -11.014 -10.43 -10.022 -9.648 -11.546 -11.169 -10.992 -11.17 -11.955 -10.522 -10.787 -10.265 -8.921 -8.344 -7.688 -10.626
0.011859 -13.944 -12.635 -12.333 -11.667 -11.2 -10.731 -12.192 -11.595 -11.196 -10.719 -10.269 -9.76 -11.607 -11.049 -10.466 -10.058 -9.685 -11.56 -11.18 -10.998 -11.168 -11.945 -10.558 -10.823 -10.301 -8.958 -8.382 -7.725 -10.662
0.012217 -13.942 -12.663 -12.366 -11.701 -11.235 -10.767 -12.224 -11.63 -11.231 -10.755 -10.305 -9.797 -11.641 -11.085 -10.502 -10.094 -9.721 -11.575 -11.191 -11.004 -11.167 -11.935 -10.593 -10.858 -10.337 -8.995 -8.419 -7.762 -10.698
0.012587 -13.941 -12.691 -12.398 -11.736 -11.27 -10.802 -12.257 -11.664 -11.266 -10.791 -10.341 -9.833 -11.676 -11.12 -10.538 -10.13 -9.758 -11.59 -11.203 -11.011 -11.166 -11.925 -10.629 -10.894 -10.373 -9.032 -8.456 -7.8 -10.733
0.012968 -13.941 -12.72 -12.431 -11.77 -11.305 -10.838 -12.289 -11.698 -11.301 -10.826 -10.377 -9.87 -11.71 -11.155 -10.573 -10.167 -9.794 -11.606 -11.215 -11.018 -11.165 -11.915 -10.665 -10.929 -10.409 -9.069 -8.493 -7.837 -10.769
0.01336 -13.941 -12.748 -12.463 -11.804 -11.339 -10.873 -12.321 -11.733 -11.336 -10.862 -10.413 -9.906 -11.744 -11.19 -10.609 -10.203 -9.831 -11.622 -11.228 -11.026 -11.165 -11.906 -10.7 -10.965 -10.445 -9.106 -8.53 -7.874 -10.804
0.013764 -13.941 -12.776 -12.495 -11.838 -11.374 -10.909 -12.353 -11.767 -11.37 -10.897 -10.449 -9.942 -11.778 -11.225 -10.645 -10.239 -9.867 -11.638 -11.242 -11.034 -11.166 -11.897 -10.736 -11.0 -10.481 -9.142 -8.567 -7.911 -10.839
0.01418 -13.941 -12.804 -12.527 -11.872 -11.409 -10.944 -12.385 -11.801 -11.405 -10.932 -10.485 -9.979 -11.812 -11.26 -10.681 -10.275 -9.903 -11.656 -11.256 -11.043 -11.167 -11.888 -10.771 -11.035 -10.517 -9.179 -8.604 -7.949 -10.875
0.014609 -13.942 -12.832 -12.559 -11.905 -11.444 -10.979 -12.417 -11.835 -11.44 -10.968 -10.521 -10.015 -11.846 -11.295 -10.716 -10.311 -9.94 -11.673 -11.27 -11.053 -11.168 -11.88 -10.807 -11.07 -10.553 -9.216 -8.641 -7.986 -10.91
0.015051 -13.943 -12.861 -12.591 -11.939 -11.478 -11.015 -12.448 -11.868 -11.474 -11.003 -10.556 -10.051 -11.88 -11.33 -10.752 -10.347 -9.976 -11.691 -11.285 -11.063 -11.17 -11.872 -10.842 -11.105 -10.588 -9.253 -8.678 -8.023 -10.945
0.015506 -13.945 -12.889 -12.622 -11.973 -11.513 -11.05 -12.479 -11.902 -11.509 -11.038 -10.592 -10.087 -11.914 -11.364 -10.787 -10.383 -10.012 -11.71 -11.301 -11.074 -11.173 -11.864 -10.877 -11.14 -10.624 -9.289 -8.715 -8.06 -10.98
0.015975 -13.947 -12.917 -12.654 -12.006 -11.547 -11.085 -12.51 -11.936 -11.543 -11.073 -10.628 -10.123 -11.947 -11.399 -10.823 -10.419 -10.048 -11.729 -11.317 -11.086 -11.176 -11.856 -10.912 -11.175 -10.659 -9.326 -8.752 -8.098 -11.015
0.016458 -13.949 -12.945 -12.685 -12.039 -11.581 -11.12 -12.541 -11.969 -11.577 -11.108 -10.663 -10.159 -11.981 -11.433 -10.858 -10.455 -10.085 -11.748 -11.334 -11.098 -11.18 -11.849 -10.947 -11.21 -10.695 -9.363 -8.789 -8.135 -11.05
0.016956 -13.952 -12.972 -12.716 -12.073 -11.615 -11.155 -12.572 -12.002 -11.612 -11.143 -10.699 -10.195 -12.014 -11.468 -10.893 -10.49 -10.121 -11.768 -11.351 -11.11 -11.184 -11.842 -10.983 -11.245 -10.73 -9.399 -8.826 -8.172 -11.085
0.017469 -13.955 -13.0 -12.747 -12.106 -11.649 -11.19 -12.603 -12.036 -11.646 -11.178 -10.734 -10.231 -12.047 -11.502 -10.929 -10.526 -10.157 -11.788 -11.369 -11.123 -11.189 -11.835 -11.017 -11.279 -10.766 -9.436 -8.863 -8.209 -11.119
0.017997 -13.959 -13.028 -12.777 -12.138 -11.683 -11.224 -12.633 -12.069 -11.68 -11.213 -10.769 -10.267 -12.08 -11.536 -10.964 -10.562 -10.193 -11.809 -11.387 -11.137 -11.194 -11.829 -11.052 -11.314 -10.801 -9.472 -8.9 -8.246 -11.154
0.018541 -13.962 -13.055 -12.808 -12.171 -11.717 -11.259 -12.663 -12.102 -11.713 -11.248 -10.805 -10.303 -12.113 -11.57 -10.999 -10.597 -10.229 -11.83 -11.405 -11.151 -11.2 -11.823 -11.087 -11.348 -10.836 -9.509 -8.936 -8.283 -11.189
0.019102 -13.966 -13.083 -12.838 -12.204 -11.751 -11.294 -12.693 -12.134 -11.747 -11.282 -10.84 -10.339 -12.146 -11.604 -11.034 -10.633 -10.264 -11.851 -11.425 -11.166 -11.207 -11.818 -11.122 -11.383 -10.872 -9.545 -8.973 -8.32 -11.223
0.01968 -13.971 -13.11 -12.868 -12.236 -11.785 -11.328 -12.723 -12.167 -11.781 -11.317 -10.875 -10.374 -12.179 -11.638 -11.069 -10.668 -10.3 -11.873 -11.444 -11.181 -11.214 -11.813 -11.156 -11.417 -10.907 -9.582 -9.01 -8.357 -11.257
0.020275 -13.975 -13.137 -12.898 -12.269 -11.818 -11.363 -12.752 -12.2 -11.814 -11.351 -10.91 -10.41 -12.211 -11.672 -11.103 -10.703 -10.336 -11.895 -11.464 -11.197 -11.222 -11.808 -11.191 -11.451 -10.942 -9.618 -9.047 -8.394 -11.292
0.020888 -13.98 -13.164 -12.927 -12.301 -11.851 -11.397 -12.782 -12.232 -11.848 -11.385 -10.945 -10.446 -12.243 -11.706 -11.138 -10.739 -10.372 -11.918 -11.485 -11.214 -11.23 -11.804 -11.225 -11.485 -10.977 -9.654 -9.083 -8.431 -11.326
0.02152 -13.985 -13.191 -12.956 -12.333 -11.885 -11.431 -12.811 -12.264 -11.881 -11.42 -10.98 -10.481 -12.276 -11.739 -11.173 -10.774 -10.407 -11.94 -11.505 -11.23 -11.239 -11.8 -11.26 -11.519 -11.011 -9.691 -9.12 -8.468 -11.36
0.022171 -13.991 -13.217 -12.985 -12.365 -11.918 -11.465 -12.84 -12.296 -11.914 -11.454 -11.015 -10.517 -12.308 -11.773 -11.207 -10.809 -10.443 -11.963 -11.527 -11.248 -11.248 -11.796 -11.294 -11.553 -11.046 -9.727 -9.156 -8.505 -11.394
0.022841 -13.996 -13.244 -13.014 -12.396 -11.951 -11.499 -12.868 -12.328 -11.947 -11.488 -11.05 -10.552 -12.34 -11.806 -11.242 -10.844 -10.478 -11.987 -11.548 -11.266 -11.258 -11.793 -11.328 -11.587 -11.081 -9.763 -9.193 -8.542 -11.428
0.023532 -14.002 -13.27 -13.043 -12.428 -11.984 -11.533 -12.896 -12.36 -11.98 -11.522 -11.084 -10.588 -12.371 -11.839 -11.276 -10.879 -10.514 -12.01 -11.57 -11.284 -11.269 -11.791 -11.362 -11.62 -11.116 -9.799 -9.229 -8.579 -11.461
0.024244 -14.008 -13.296 -13.071 -12.459 -12.016 -11.567 -12.924 -12.392 -12.013 -11.556 -11.119 -10.623 -12.403 -11.872 -11.311 -10.914 -10.549 -12.034 -11.592 -11.303 -11.28 -11.789 -11.396 -11.654 -11.15 -9.835 -9.266 -8.615 -11.495
0.024977 -14.015 -13.322 -13.099 -12.49 -12.049 -11.601 -12.952 -12.423 -12.045 -11.589 -11.153 -10.658 -12.434 -11.905 -11.345 -10.949 -10.585 -12.058 -11.615 -11.322 -11.291 -11.787 -11.43 -11.687 -11.184 -9.871 -9.302 -8.652 -11.529
0.025733 -14.021 -13.347 -13.127 -12.521 -12.081 -11.634 -12.98 -12.454 -12.078 -11.623 -11.188 -10.693 -12.465 -11.938 -11.379 -10.984 -10.62 -12.082 -11.638 -11.342 -11.304 -11.786 -11.464 -11.721 -11.219 -9.907 -9.339 -8.689 -11.562
0.026511 -14.028 -13.372 -13.154 -12.552 -12.114 -11.668 -13.007 -12.485 -12.11 -11.656 -11.222 -10.728 -12.496 -11.971 -11.413 -11.018 -10.655 -12.107 -11.661 -11.362 -11.317 -11.785 -11.497 -11.754 -11.253 -9.943 -9.375 -8.726 -11.595
0.027313 -14.034 -13.397 -13.182 -12.583 -12.146 -11.701 -13.034 -12.516 -12.142 -11.69 -11.256 -10.763 -12.527 -12.003 -11.447 -11.053 -10.69 -12.131 -11.685 -11.382 -11.33 -11.785 -11.531 -11.787 -11.287 -9.979 -9.411 -8.762 -11.628
0.028139 -14.041 -13.422 -13.209 -12.613 -12.178 -11.734 -13.06 -12.547 -12.174 -11.723 -11.29 -10.798 -12.558 -12.036 -11.48 -11.087 -10.725 -12.156 -11.709 -11.403 -11.344 -11.785 -11.564 -11.82 -11.321 -10.015 -9.448 -8.799 -11.661
0.02899 -14.048 -13.446 -13.235 -12.643 -12.21 -11.767 -13.087 -12.577 -12.206 -11.756 -11.324 -10.833 -12.588 -12.068 -11.514 -11.122 -10.76 -12.181 -11.733 -11.425 -11.358 -11.786 -11.597 -11.853 -11.355 -10.051 -9.484 -8.836 -11.694
0.029867 -14.055 -13.47 -13.261 -12.673 -12.241 -11.8 -13.113 -12.607 -12.237 -11.789 -11.358 -10.868 -12.619 -12.1 -11.548 -11.156 -10.795 -12.206 -11.757 -11.446 -11.373 -11.787 -11.63 -11.885 -11.389 -10.086 -9.52 -8.872 -11.727
0.03077 -14.063 -13.494 -13.287 -12.703 -12.273 -11.833 -13.138 -12.637 -12.269 -11.822 -11.392 -10.902 -12.649 -12.132 -11.581 -11.19 -10.83 -12.231 -11.782 -11.468 -11.388 -11.789 -11.663 -11.918 -11.423 -10.122 -9.556 -8.909 -11.759
0.031701 -14.07 -13.518 -13.313 -12.733 -12.304 -11.866 -13.163 -12.667 -12.3 -11.854 -11.425 -10.937 -12.678 -12.164 -11.614 -11.224 -10.864 -12.257 -11.807 -11.491 -11.404 -11.791 -11.696 -11.95 -11.456 -10.157 -9.592 -8.945 -11.792
0.032659 -14.077 -13.541 -13.338 -12.762 -12.335 -11.898 -13.188 -12.697 -12.331 -11.887 -11.459 -10.971 -12.708 -12.195 -11.647 -11.258 -10.899 -12.282 -11.832 -11.514 -11.421 -11.794 -11.729 -11.982 -11.49 -10.193 -9.628 -8.982 -11.824
0.033647 -14.084 -13.563 -13.363 -12.791 -12.366 -11.931 -13.213 -12.726 -12.362 -11.919 -11.492 -11.006 -12.737 -12.227 -11.68 -11.292 -10.933 -12.308 -11.857 -11.537 -11.437 -11.797 -11.761 -12.014 -11.523 -10.228 -9.664 -9.018 -11.856
0.034665 -14.091 -13.586 -13.387 -12.82 -12.397 -11.963 -13.237 -12.755 -12.393 -11.951 -11.526 -11.04 -12.766 -12.258 -11.713 -11.326 -10.968 -12.333 -11.882 -11.56 -11.455 -11.801 -11.794 -12.046 -11.556 -10.264 -9.7 -9.054 -11.888
0.035713 -14.098 -13.608 -13.412 -12.848 -12.427 -11.995 -13.261 -12.784 -12.423 -11.984 -11.559 -11.074 -12.795 -12.289 -11.746 -11.359 -11.002 -12.359 -11.908 -11.583 -11.473 -11.805 -11.826 -12.078 -11.589 -10.299 -9.736 -9.091 -11.92
0.036793 -14.105 -13.629 -13.435 -12.876 -12.457 -12.027 -13.284 -12.813 -12.454 -12.015 -11.592 -11.108 -12.824 -12.32 -11.779 -11.393 -11.036 -12.385 -11.933 -11.607 -11.491 -11.81 -11.858 -12.109 -11.622 -10.334 -9.772 -9.127 -11.952
0.037906 -14.112 -13.65 -13.459 -12.904 -12.488 -12.058 -13.307 -12.841 -12.484 -12.047 -11.625 -11.142 -12.852 -12.35 -11.811 -11.426 -11.07 -12.41 -11.959 -11.631 -11.509 -11.815 -11.89 -12.14 -11.655 -10.369 -9.808 -9.163 -11.983
0.039052 -14.119 -13.671 -13.481 -12.932 -12.517 -12.09 -13.33 -12.869 -12.514 -12.079 -11.657 -11.176 -12.88 -12.381 -11.843 -11.46 -11.104 -12.436 -11.985 -11.656 -11.528 -11.821 -11.922 -12.172 -11.688 -10.405 -9.843 -9.199 -12.015
0.040234 -14.126 -13.691 -13.504 -12.96 -12.547 -12.121 -13.352 -12.897 -12.543 -12.11 -11.69 -11.209 -12.908 -12.411 -11.875 -11.493 -11.138 -12.462 -12.011 -11.68 -11.548 -11.828 -11.953 -12.203 -11.72 -10.44 -9.879 -9.236 -12.046
0.04145 -14.132 -13.711 -13.526 -12.987 -12.577 -12.153 -13.374 -12.924 -12.573 -12.141 -11.722 -11.243 -12.935 -12.441 -11.907 -11.526 -11.172 -12.488 -12.037 -11.705 -11.568 -11.834 -11.985 -12.233 -11.752 -10.474 -9.914 -9.272 -12.077
0.042704 -14.138 -13.73 -13.547 -13.013 -12.606 -12.184 -13.395 -12.952 -12.602 -12.172 -11.755 -11.277 -12.962 -12.471 -11.939 -11.559 -11.206 -12.513 -12.064 -11.73 -11.588 -11.842 -12.016 -12.264 -11.785 -10.509 -9.95 -9.308 -12.107
0.043996 -14.144 -13.749 -13.569 -13.04 -12.635 -12.214 -13.416 -12.979 -12.631 -12.203 -11.787 -11.31 -12.989 -12.5 -11.971 -11.592 -11.239 -12.539 -12.09 -11.755 -11.608 -11.85 -12.047 -12.294 -11.817 -10.544 -9.985 -9.344 -12.138
0.045326 -14.15 -13.767 -13.589 -13.066 -12.663 -12.245 -13.436 -13.005 -12.659 -12.234 -11.819 -11.343 -13.016 -12.529 -12.002 -11.624 -11.273 -12.565 -12.116 -11.781 -11.629 -11.858 -12.078 -12.324 -11.849 -10.579 -10.021 -9.38 -12.168
0.046697 -14.156 -13.785 -13.609 -13.092 -12.692 -12.275 -13.456 -13.031 -12.688 -12.264 -11.851 -11.376 -13.042 -12.559 -12.034 -11.657 -11.306 -12.59 -12.143 -11.806 -11.65 -11.867 -12.109 -12.354 -11.88 -10.613 -10.056 -9.416 -12.198
0.048109 -14.161 -13.802 -13.629 -13.117 -12.72 -12.306 -13.475 -13.057 -12.716 -12.294 -11.882 -11.409 -13.068 -12.587 -12.065 -11.689 -11.339 -12.616 -12.169 -11.832 -11.672 -11.877 -12.139 -12.384 -11.912 -10.648 -10.091 -9.451 -12.228
0.049564 -14.165 -13.819 -13.648 -13.142 -12.748 -12.336 -13.494 -13.083 -12.744 -12.324 -11.914 -11.442 -13.093 -12.616 -12.096 -11.721 -11.372 -12.641 -12.195 -11.857 -11.693 -11.887 -12.169 -12.413 -11.943 -10.682 -10.126 -9.487 -12.258
0.051063 -14.17 -13.834 -13.666 -13.167 -12.775 -12.365 -13.512 -13.108 -12.771 -12.354 -11.945 -11.475 -13.119 -12.644 -12.126 -11.753 -11.405 -12.666 -12.222 -11.883 -11.715 -11.897 -12.199 -12.443 -11.974 -10.716 -10.161 -9.523 -12.287
0.052608 -14.173 -13.85 -13.684 -13.191 -12.802 -12.395 -13.53 -13.133 -12.799 -12.384 -11.976 -11.507 -13.143 -12.672 -12.157 -11.785 -11.438 -12.691 -12.248 -11.909 -11.738 -11.908 -12.229 -12.472 -12.005 -10.751 -10.196 -9.558 -12.317
0.054199 -14.177 -13.864 -13.701 -13.215 -12.829 -12.424 -13.547 -13.157 -12.826 -12.413 -12.007 -11.54 -13.168 -12.7 -12.187 -11.816 -11.471 -12.716 -12.274 -11.935 -11.76 -11.92 -12.259 -12.5 -12.036 -10.785 -10.231 -9.594 -12.346
0.055838 -14.18 -13.878 -13.718 -13.239 -12.856 -12.453 -13.563 -13.181 -12.852 -12.442 -12.038 -11.572 -13.192 -12.727 -12.217 -11.848 -11.503 -12.741 -12.301 -11.961 -11.783 -11.932 -12.288 -12.529 -12.067 -10.819 -10.266 -9.63 -12.374
0.057527 -14.182 -13.892 -13.734 -13.262 -12.882 -12.482 -13.579 -13.205 -12.879 -12.471 -12.068 -11.604 -13.215 -12.754 -12.247 -11.879 -11.535 -12.766 -12.327 -11.987 -11.806 -11.944 -12.317 -12.557 -12.097 -10.852 -10.301 -9.665 -12.403
0.059267 -14.184 -13.904 -13.749 -13.285 -12.908 -12.51 -13.594 -13.228 -12.905 -12.5 -12.098 -11.636 -13.239 -12.781 -12.277 -11.91 -11.568 -12.79 -12.353 -12.013 -11.829 -11.957 -12.346 -12.585 -12.127 -10.886 -10.335 -9.7 -12.431
0.061059 -14.185 -13.916 -13.764 -13.307 -12.934 -12.539 -13.609 -13.251 -12.93 -12.528 -12.129 -11.668 -13.261 -12.808 -12.306 -11.941 -11.6 -12.815 -12.379 -12.039 -11.853 -11.97 -12.375 -12.612 -12.157 -10.92 -10.37 -9.736 -12.459
0.062906 -14.186 -13.927 -13.778 -13.329 -12.959 -12.567 -13.623 -13.273 -12.955 -12.556 -12.158 -11.699 -13.284 -12.834 -12.335 -11.972 -11.631 -12.839 -12.405 -12.065 -11.876 -11.984 -12.403 -12.64 -12.187 -10.953 -10.404 -9.771 -12.486
