web/models/linear/80/-19_163_0_363.dat
# %ECSV 1.0
# ---
# datatype:
# - {name: time, datatype: float64}
# - {name: sdss_u, datatype: float64}
# - {name: sdss_g, datatype: float64}
# - {name: sdss_r, datatype: float64}
# - {name: sdss_i, datatype: float64}
# - {name: sdss_z, datatype: float64}
# - {name: Clear, datatype: float64}
# - {name: johnson_B, datatype: float64}
# - {name: johnson_V, datatype: float64}
# - {name: johnson_R, datatype: float64}
# - {name: johnson_I, datatype: float64}
# - {name: ukirt_J, datatype: float64}
# - {name: ukirt_H, datatype: float64}
# - {name: ukirt_K, datatype: float64}
# meta: !!omap
# - comment: [M=-19.163265306122447, dM=0.3630633792844572]
# schema: astropy-2.0
time sdss_u sdss_g sdss_r sdss_i sdss_z Clear johnson_B johnson_V johnson_R johnson_I ukirt_J ukirt_H ukirt_K
[from data line 176]
13.266331658291456 -14.346746103554775 -14.346746103554775 -14.346746103554775 -14.346746103554775 -14.346746103554775 -14.346746103554775 -14.346746103554775 -14.346746103554775 -14.346746103554775 -14.346746103554775 -14.346746103554775 -14.346746103554775 -14.346746103554775
13.341708542713567 -14.31937951717655 -14.31937951717655 -14.31937951717655 -14.31937951717655 -14.31937951717655 -14.31937951717655 -14.31937951717655 -14.31937951717655 -14.31937951717655 -14.31937951717655 -14.31937951717655 -14.31937951717655 -14.31937951717655
13.417085427135678 -14.292012930798323 -14.292012930798323 -14.292012930798323 -14.292012930798323 -14.292012930798323 -14.292012930798323 -14.292012930798323 -14.292012930798323 -14.292012930798323 -14.292012930798323 -14.292012930798323 -14.292012930798323 -14.292012930798323
13.492462311557787 -14.264646344420099 -14.264646344420099 -14.264646344420099 -14.264646344420099 -14.264646344420099 -14.264646344420099 -14.264646344420099 -14.264646344420099 -14.264646344420099 -14.264646344420099 -14.264646344420099 -14.264646344420099 -14.264646344420099
13.567839195979898 -14.237279758041872 -14.237279758041872 -14.237279758041872 -14.237279758041872 -14.237279758041872 -14.237279758041872 -14.237279758041872 -14.237279758041872 -14.237279758041872 -14.237279758041872 -14.237279758041872 -14.237279758041872 -14.237279758041872
13.64321608040201 -14.209913171663647 -14.209913171663647 -14.209913171663647 -14.209913171663647 -14.209913171663647 -14.209913171663647 -14.209913171663647 -14.209913171663647 -14.209913171663647 -14.209913171663647 -14.209913171663647 -14.209913171663647 -14.209913171663647
13.718592964824118 -14.182546585285422 -14.182546585285422 -14.182546585285422 -14.182546585285422 -14.182546585285422 -14.182546585285422 -14.182546585285422 -14.182546585285422 -14.182546585285422 -14.182546585285422 -14.182546585285422 -14.182546585285422 -14.182546585285422
13.79396984924623 -14.155179998907197 -14.155179998907197 -14.155179998907197 -14.155179998907197 -14.155179998907197 -14.155179998907197 -14.155179998907197 -14.155179998907197 -14.155179998907197 -14.155179998907197 -14.155179998907197 -14.155179998907197 -14.155179998907197
13.86934673366834 -14.12781341252897 -14.12781341252897 -14.12781341252897 -14.12781341252897 -14.12781341252897 -14.12781341252897 -14.12781341252897 -14.12781341252897 -14.12781341252897 -14.12781341252897 -14.12781341252897 -14.12781341252897 -14.12781341252897
13.944723618090451 -14.100446826150746 -14.100446826150746 -14.100446826150746 -14.100446826150746 -14.100446826150746 -14.100446826150746 -14.100446826150746 -14.100446826150746 -14.100446826150746 -14.100446826150746 -14.100446826150746 -14.100446826150746 -14.100446826150746
14.020100502512562 -14.07308023977252 -14.07308023977252 -14.07308023977252 -14.07308023977252 -14.07308023977252 -14.07308023977252 -14.07308023977252 -14.07308023977252 -14.07308023977252 -14.07308023977252 -14.07308023977252 -14.07308023977252 -14.07308023977252
14.095477386934672 -14.045713653394294 -14.045713653394294 -14.045713653394294 -14.045713653394294 -14.045713653394294 -14.045713653394294 -14.045713653394294 -14.045713653394294 -14.045713653394294 -14.045713653394294 -14.045713653394294 -14.045713653394294 -14.045713653394294
14.170854271356783 -14.01834706701607 -14.01834706701607 -14.01834706701607 -14.01834706701607 -14.01834706701607 -14.01834706701607 -14.01834706701607 -14.01834706701607 -14.01834706701607 -14.01834706701607 -14.01834706701607 -14.01834706701607 -14.01834706701607
14.246231155778894 -13.990980480637845 -13.990980480637845 -13.990980480637845 -13.990980480637845 -13.990980480637845 -13.990980480637845 -13.990980480637845 -13.990980480637845 -13.990980480637845 -13.990980480637845 -13.990980480637845 -13.990980480637845 -13.990980480637845
14.321608040201003 -13.96361389425962 -13.96361389425962 -13.96361389425962 -13.96361389425962 -13.96361389425962 -13.96361389425962 -13.96361389425962 -13.96361389425962 -13.96361389425962 -13.96361389425962 -13.96361389425962 -13.96361389425962 -13.96361389425962
14.396984924623114 -13.936247307881393 -13.936247307881393 -13.936247307881393 -13.936247307881393 -13.936247307881393 -13.936247307881393 -13.936247307881393 -13.936247307881393 -13.936247307881393 -13.936247307881393 -13.936247307881393 -13.936247307881393 -13.936247307881393
14.472361809045225 -13.908880721503166 -13.908880721503166 -13.908880721503166 -13.908880721503166 -13.908880721503166 -13.908880721503166 -13.908880721503166 -13.908880721503166 -13.908880721503166 -13.908880721503166 -13.908880721503166 -13.908880721503166 -13.908880721503166
14.547738693467336 -13.881514135124942 -13.881514135124942 -13.881514135124942 -13.881514135124942 -13.881514135124942 -13.881514135124942 -13.881514135124942 -13.881514135124942 -13.881514135124942 -13.881514135124942 -13.881514135124942 -13.881514135124942 -13.881514135124942
14.623115577889447 -13.854147548746717 -13.854147548746717 -13.854147548746717 -13.854147548746717 -13.854147548746717 -13.854147548746717 -13.854147548746717 -13.854147548746717 -13.854147548746717 -13.854147548746717 -13.854147548746717 -13.854147548746717 -13.854147548746717
14.698492462311556 -13.826780962368492 -13.826780962368492 -13.826780962368492 -13.826780962368492 -13.826780962368492 -13.826780962368492 -13.826780962368492 -13.826780962368492 -13.826780962368492 -13.826780962368492 -13.826780962368492 -13.826780962368492 -13.826780962368492
14.773869346733667 -13.799414375990267 -13.799414375990267 -13.799414375990267 -13.799414375990267 -13.799414375990267 -13.799414375990267 -13.799414375990267 -13.799414375990267 -13.799414375990267 -13.799414375990267 -13.799414375990267 -13.799414375990267 -13.799414375990267
14.849246231155778 -13.77204778961204 -13.77204778961204 -13.77204778961204 -13.77204778961204 -13.77204778961204 -13.77204778961204 -13.77204778961204 -13.77204778961204 -13.77204778961204 -13.77204778961204 -13.77204778961204 -13.77204778961204 -13.77204778961204
14.924623115577887 -13.744681203233815 -13.744681203233815 -13.744681203233815 -13.744681203233815 -13.744681203233815 -13.744681203233815 -13.744681203233815 -13.744681203233815 -13.744681203233815 -13.744681203233815 -13.744681203233815 -13.744681203233815 -13.744681203233815
15.0 -13.717314616855589 -13.717314616855589 -13.717314616855589 -13.717314616855589 -13.717314616855589 -13.717314616855589 -13.717314616855589 -13.717314616855589 -13.717314616855589 -13.717314616855589 -13.717314616855589 -13.717314616855589 -13.717314616855589
