web/models/linear/80/-19_163_1_256.dat
# %ECSV 1.0
# ---
# datatype:
# - {name: time, datatype: float64}
# - {name: swift_uvot_uvw2, datatype: float64}
# - {name: swift_uvot_uvm2, datatype: float64}
# - {name: swift_uvot_uvw1, datatype: float64}
# - {name: swift_uvot_U, datatype: float64}
# - {name: swift_uvot_B, datatype: float64}
# - {name: swift_uvot_V, datatype: float64}
# - {name: swift_uvot_W, datatype: float64}
# - {name: johnson_U, datatype: float64}
# - {name: johnson_B, datatype: float64}
# - {name: johnson_V, datatype: float64}
# - {name: johnson_R, datatype: float64}
# - {name: johnson_I, datatype: float64}
# - {name: sdss_u, datatype: float64}
# - {name: sdss_g, datatype: float64}
# - {name: sdss_r, datatype: float64}
# - {name: sdss_i, datatype: float64}
# - {name: sdss_z, datatype: float64}
# - {name: PS1_g, datatype: float64}
# - {name: PS1_r, datatype: float64}
# - {name: PS1_i, datatype: float64}
# - {name: PS1_z, datatype: float64}
# - {name: PS1_Y, datatype: float64}
# - {name: PS1_w, datatype: float64}
# - {name: ATLAS_c, datatype: float64}
# - {name: ATLAS_o, datatype: float64}
# - {name: ukirt_J, datatype: float64}
# - {name: ukirt_H, datatype: float64}
# - {name: ukirt_K, datatype: float64}
# - {name: Clear, datatype: float64}
# meta: !!omap
# - comment: [M=-19.163265306122447, dM=1.2558163076585405]
# schema: astropy-2.0
time swift_uvot_uvw2 swift_uvot_uvm2 swift_uvot_uvw1 swift_uvot_U swift_uvot_B swift_uvot_V swift_uvot_W johnson_U johnson_B johnson_V johnson_R johnson_I sdss_u sdss_g sdss_r sdss_i sdss_z PS1_g PS1_r PS1_i PS1_z PS1_Y PS1_w ATLAS_c ATLAS_o ukirt_J ukirt_H ukirt_K Clear
[from data line 166]
12.51256281407035 -3.4497848736110637 -3.4497848736110637 -3.4497848736110637 -3.4497848736110637 -3.4497848736110637 -3.4497848736110637 -3.4497848736110637 -3.4497848736110637 -3.4497848736110637 -3.4497848736110637 -3.4497848736110637 -3.4497848736110637 -3.4497848736110637 -3.4497848736110637 -3.4497848736110637 -3.4497848736110637 -3.4497848736110637 -3.4497848736110637 -3.4497848736110637 -3.4497848736110637 -3.4497848736110637 -3.4497848736110637 -3.4497848736110637 -3.4497848736110637 -3.4497848736110637 -3.4497848736110637 -3.4497848736110637 -3.4497848736110637 -3.4497848736110637
12.58793969849246 -3.3551253529332836 -3.3551253529332836 -3.3551253529332836 -3.3551253529332836 -3.3551253529332836 -3.3551253529332836 -3.3551253529332836 -3.3551253529332836 -3.3551253529332836 -3.3551253529332836 -3.3551253529332836 -3.3551253529332836 -3.3551253529332836 -3.3551253529332836 -3.3551253529332836 -3.3551253529332836 -3.3551253529332836 -3.3551253529332836 -3.3551253529332836 -3.3551253529332836 -3.3551253529332836 -3.3551253529332836 -3.3551253529332836 -3.3551253529332836 -3.3551253529332836 -3.3551253529332836 -3.3551253529332836 -3.3551253529332836 -3.3551253529332836
12.663316582914572 -3.2604658322555036 -3.2604658322555036 -3.2604658322555036 -3.2604658322555036 -3.2604658322555036 -3.2604658322555036 -3.2604658322555036 -3.2604658322555036 -3.2604658322555036 -3.2604658322555036 -3.2604658322555036 -3.2604658322555036 -3.2604658322555036 -3.2604658322555036 -3.2604658322555036 -3.2604658322555036 -3.2604658322555036 -3.2604658322555036 -3.2604658322555036 -3.2604658322555036 -3.2604658322555036 -3.2604658322555036 -3.2604658322555036 -3.2604658322555036 -3.2604658322555036 -3.2604658322555036 -3.2604658322555036 -3.2604658322555036 -3.2604658322555036
12.738693467336683 -3.1658063115777235 -3.1658063115777235 -3.1658063115777235 -3.1658063115777235 -3.1658063115777235 -3.1658063115777235 -3.1658063115777235 -3.1658063115777235 -3.1658063115777235 -3.1658063115777235 -3.1658063115777235 -3.1658063115777235 -3.1658063115777235 -3.1658063115777235 -3.1658063115777235 -3.1658063115777235 -3.1658063115777235 -3.1658063115777235 -3.1658063115777235 -3.1658063115777235 -3.1658063115777235 -3.1658063115777235 -3.1658063115777235 -3.1658063115777235 -3.1658063115777235 -3.1658063115777235 -3.1658063115777235 -3.1658063115777235 -3.1658063115777235
12.814070351758794 -3.0711467908999452 -3.0711467908999452 -3.0711467908999452 -3.0711467908999452 -3.0711467908999452 -3.0711467908999452 -3.0711467908999452 -3.0711467908999452 -3.0711467908999452 -3.0711467908999452 -3.0711467908999452 -3.0711467908999452 -3.0711467908999452 -3.0711467908999452 -3.0711467908999452 -3.0711467908999452 -3.0711467908999452 -3.0711467908999452 -3.0711467908999452 -3.0711467908999452 -3.0711467908999452 -3.0711467908999452 -3.0711467908999452 -3.0711467908999452 -3.0711467908999452 -3.0711467908999452 -3.0711467908999452 -3.0711467908999452 -3.0711467908999452
12.889447236180903 -2.976487270222165 -2.976487270222165 -2.976487270222165 -2.976487270222165 -2.976487270222165 -2.976487270222165 -2.976487270222165 -2.976487270222165 -2.976487270222165 -2.976487270222165 -2.976487270222165 -2.976487270222165 -2.976487270222165 -2.976487270222165 -2.976487270222165 -2.976487270222165 -2.976487270222165 -2.976487270222165 -2.976487270222165 -2.976487270222165 -2.976487270222165 -2.976487270222165 -2.976487270222165 -2.976487270222165 -2.976487270222165 -2.976487270222165 -2.976487270222165 -2.976487270222165 -2.976487270222165
12.964824120603014 -2.881827749544385 -2.881827749544385 -2.881827749544385 -2.881827749544385 -2.881827749544385 -2.881827749544385 -2.881827749544385 -2.881827749544385 -2.881827749544385 -2.881827749544385 -2.881827749544385 -2.881827749544385 -2.881827749544385 -2.881827749544385 -2.881827749544385 -2.881827749544385 -2.881827749544385 -2.881827749544385 -2.881827749544385 -2.881827749544385 -2.881827749544385 -2.881827749544385 -2.881827749544385 -2.881827749544385 -2.881827749544385 -2.881827749544385 -2.881827749544385 -2.881827749544385 -2.881827749544385
13.040201005025125 -2.787168228866605 -2.787168228866605 -2.787168228866605 -2.787168228866605 -2.787168228866605 -2.787168228866605 -2.787168228866605 -2.787168228866605 -2.787168228866605 -2.787168228866605 -2.787168228866605 -2.787168228866605 -2.787168228866605 -2.787168228866605 -2.787168228866605 -2.787168228866605 -2.787168228866605 -2.787168228866605 -2.787168228866605 -2.787168228866605 -2.787168228866605 -2.787168228866605 -2.787168228866605 -2.787168228866605 -2.787168228866605 -2.787168228866605 -2.787168228866605 -2.787168228866605 -2.787168228866605
13.115577889447234 -2.6925087081888286 -2.6925087081888286 -2.6925087081888286 -2.6925087081888286 -2.6925087081888286 -2.6925087081888286 -2.6925087081888286 -2.6925087081888286 -2.6925087081888286 -2.6925087081888286 -2.6925087081888286 -2.6925087081888286 -2.6925087081888286 -2.6925087081888286 -2.6925087081888286 -2.6925087081888286 -2.6925087081888286 -2.6925087081888286 -2.6925087081888286 -2.6925087081888286 -2.6925087081888286 -2.6925087081888286 -2.6925087081888286 -2.6925087081888286 -2.6925087081888286 -2.6925087081888286 -2.6925087081888286 -2.6925087081888286 -2.6925087081888286
13.190954773869345 -2.5978491875110485 -2.5978491875110485 -2.5978491875110485 -2.5978491875110485 -2.5978491875110485 -2.5978491875110485 -2.5978491875110485 -2.5978491875110485 -2.5978491875110485 -2.5978491875110485 -2.5978491875110485 -2.5978491875110485 -2.5978491875110485 -2.5978491875110485 -2.5978491875110485 -2.5978491875110485 -2.5978491875110485 -2.5978491875110485 -2.5978491875110485 -2.5978491875110485 -2.5978491875110485 -2.5978491875110485 -2.5978491875110485 -2.5978491875110485 -2.5978491875110485 -2.5978491875110485 -2.5978491875110485 -2.5978491875110485 -2.5978491875110485
13.266331658291456 -2.5031896668332685 -2.5031896668332685 -2.5031896668332685 -2.5031896668332685 -2.5031896668332685 -2.5031896668332685 -2.5031896668332685 -2.5031896668332685 -2.5031896668332685 -2.5031896668332685 -2.5031896668332685 -2.5031896668332685 -2.5031896668332685 -2.5031896668332685 -2.5031896668332685 -2.5031896668332685 -2.5031896668332685 -2.5031896668332685 -2.5031896668332685 -2.5031896668332685 -2.5031896668332685 -2.5031896668332685 -2.5031896668332685 -2.5031896668332685 -2.5031896668332685 -2.5031896668332685 -2.5031896668332685 -2.5031896668332685 -2.5031896668332685
13.341708542713567 -2.4085301461554884 -2.4085301461554884 -2.4085301461554884 -2.4085301461554884 -2.4085301461554884 -2.4085301461554884 -2.4085301461554884 -2.4085301461554884 -2.4085301461554884 -2.4085301461554884 -2.4085301461554884 -2.4085301461554884 -2.4085301461554884 -2.4085301461554884 -2.4085301461554884 -2.4085301461554884 -2.4085301461554884 -2.4085301461554884 -2.4085301461554884 -2.4085301461554884 -2.4085301461554884 -2.4085301461554884 -2.4085301461554884 -2.4085301461554884 -2.4085301461554884 -2.4085301461554884 -2.4085301461554884 -2.4085301461554884 -2.4085301461554884
13.417085427135678 -2.3138706254777084 -2.3138706254777084 -2.3138706254777084 -2.3138706254777084 -2.3138706254777084 -2.3138706254777084 -2.3138706254777084 -2.3138706254777084 -2.3138706254777084 -2.3138706254777084 -2.3138706254777084 -2.3138706254777084 -2.3138706254777084 -2.3138706254777084 -2.3138706254777084 -2.3138706254777084 -2.3138706254777084 -2.3138706254777084 -2.3138706254777084 -2.3138706254777084 -2.3138706254777084 -2.3138706254777084 -2.3138706254777084 -2.3138706254777084 -2.3138706254777084 -2.3138706254777084 -2.3138706254777084 -2.3138706254777084 -2.3138706254777084
13.492462311557787 -2.219211104799932 -2.219211104799932 -2.219211104799932 -2.219211104799932 -2.219211104799932 -2.219211104799932 -2.219211104799932 -2.219211104799932 -2.219211104799932 -2.219211104799932 -2.219211104799932 -2.219211104799932 -2.219211104799932 -2.219211104799932 -2.219211104799932 -2.219211104799932 -2.219211104799932 -2.219211104799932 -2.219211104799932 -2.219211104799932 -2.219211104799932 -2.219211104799932 -2.219211104799932 -2.219211104799932 -2.219211104799932 -2.219211104799932 -2.219211104799932 -2.219211104799932 -2.219211104799932
13.567839195979898 -2.124551584122152 -2.124551584122152 -2.124551584122152 -2.124551584122152 -2.124551584122152 -2.124551584122152 -2.124551584122152 -2.124551584122152 -2.124551584122152 -2.124551584122152 -2.124551584122152 -2.124551584122152 -2.124551584122152 -2.124551584122152 -2.124551584122152 -2.124551584122152 -2.124551584122152 -2.124551584122152 -2.124551584122152 -2.124551584122152 -2.124551584122152 -2.124551584122152 -2.124551584122152 -2.124551584122152 -2.124551584122152 -2.124551584122152 -2.124551584122152 -2.124551584122152 -2.124551584122152
13.64321608040201 -2.029892063444372 -2.029892063444372 -2.029892063444372 -2.029892063444372 -2.029892063444372 -2.029892063444372 -2.029892063444372 -2.029892063444372 -2.029892063444372 -2.029892063444372 -2.029892063444372 -2.029892063444372 -2.029892063444372 -2.029892063444372 -2.029892063444372 -2.029892063444372 -2.029892063444372 -2.029892063444372 -2.029892063444372 -2.029892063444372 -2.029892063444372 -2.029892063444372 -2.029892063444372 -2.029892063444372 -2.029892063444372 -2.029892063444372 -2.029892063444372 -2.029892063444372 -2.029892063444372
13.718592964824118 -1.9352325427665917 -1.9352325427665917 -1.9352325427665917 -1.9352325427665917 -1.9352325427665917 -1.9352325427665917 -1.9352325427665917 -1.9352325427665917 -1.9352325427665917 -1.9352325427665917 -1.9352325427665917 -1.9352325427665917 -1.9352325427665917 -1.9352325427665917 -1.9352325427665917 -1.9352325427665917 -1.9352325427665917 -1.9352325427665917 -1.9352325427665917 -1.9352325427665917 -1.9352325427665917 -1.9352325427665917 -1.9352325427665917 -1.9352325427665917 -1.9352325427665917 -1.9352325427665917 -1.9352325427665917 -1.9352325427665917 -1.9352325427665917
13.79396984924623 -1.8405730220888117 -1.8405730220888117 -1.8405730220888117 -1.8405730220888117 -1.8405730220888117 -1.8405730220888117 -1.8405730220888117 -1.8405730220888117 -1.8405730220888117 -1.8405730220888117 -1.8405730220888117 -1.8405730220888117 -1.8405730220888117 -1.8405730220888117 -1.8405730220888117 -1.8405730220888117 -1.8405730220888117 -1.8405730220888117 -1.8405730220888117 -1.8405730220888117 -1.8405730220888117 -1.8405730220888117 -1.8405730220888117 -1.8405730220888117 -1.8405730220888117 -1.8405730220888117 -1.8405730220888117 -1.8405730220888117 -1.8405730220888117
13.86934673366834 -1.7459135014110352 -1.7459135014110352 -1.7459135014110352 -1.7459135014110352 -1.7459135014110352 -1.7459135014110352 -1.7459135014110352 -1.7459135014110352 -1.7459135014110352 -1.7459135014110352 -1.7459135014110352 -1.7459135014110352 -1.7459135014110352 -1.7459135014110352 -1.7459135014110352 -1.7459135014110352 -1.7459135014110352 -1.7459135014110352 -1.7459135014110352 -1.7459135014110352 -1.7459135014110352 -1.7459135014110352 -1.7459135014110352 -1.7459135014110352 -1.7459135014110352 -1.7459135014110352 -1.7459135014110352 -1.7459135014110352 -1.7459135014110352
13.944723618090451 -1.6512539807332551 -1.6512539807332551 -1.6512539807332551 -1.6512539807332551 -1.6512539807332551 -1.6512539807332551 -1.6512539807332551 -1.6512539807332551 -1.6512539807332551 -1.6512539807332551 -1.6512539807332551 -1.6512539807332551 -1.6512539807332551 -1.6512539807332551 -1.6512539807332551 -1.6512539807332551 -1.6512539807332551 -1.6512539807332551 -1.6512539807332551 -1.6512539807332551 -1.6512539807332551 -1.6512539807332551 -1.6512539807332551 -1.6512539807332551 -1.6512539807332551 -1.6512539807332551 -1.6512539807332551 -1.6512539807332551 -1.6512539807332551
14.020100502512562 -1.556594460055475 -1.556594460055475 -1.556594460055475 -1.556594460055475 -1.556594460055475 -1.556594460055475 -1.556594460055475 -1.556594460055475 -1.556594460055475 -1.556594460055475 -1.556594460055475 -1.556594460055475 -1.556594460055475 -1.556594460055475 -1.556594460055475 -1.556594460055475 -1.556594460055475 -1.556594460055475 -1.556594460055475 -1.556594460055475 -1.556594460055475 -1.556594460055475 -1.556594460055475 -1.556594460055475 -1.556594460055475 -1.556594460055475 -1.556594460055475 -1.556594460055475 -1.556594460055475
14.095477386934672 -1.461934939377695 -1.461934939377695 -1.461934939377695 -1.461934939377695 -1.461934939377695 -1.461934939377695 -1.461934939377695 -1.461934939377695 -1.461934939377695 -1.461934939377695 -1.461934939377695 -1.461934939377695 -1.461934939377695 -1.461934939377695 -1.461934939377695 -1.461934939377695 -1.461934939377695 -1.461934939377695 -1.461934939377695 -1.461934939377695 -1.461934939377695 -1.461934939377695 -1.461934939377695 -1.461934939377695 -1.461934939377695 -1.461934939377695 -1.461934939377695 -1.461934939377695 -1.461934939377695
14.170854271356783 -1.367275418699915 -1.367275418699915 -1.367275418699915 -1.367275418699915 -1.367275418699915 -1.367275418699915 -1.367275418699915 -1.367275418699915 -1.367275418699915 -1.367275418699915 -1.367275418699915 -1.367275418699915 -1.367275418699915 -1.367275418699915 -1.367275418699915 -1.367275418699915 -1.367275418699915 -1.367275418699915 -1.367275418699915 -1.367275418699915 -1.367275418699915 -1.367275418699915 -1.367275418699915 -1.367275418699915 -1.367275418699915 -1.367275418699915 -1.367275418699915 -1.367275418699915 -1.367275418699915
14.246231155778894 -1.272615898022135 -1.272615898022135 -1.272615898022135 -1.272615898022135 -1.272615898022135 -1.272615898022135 -1.272615898022135 -1.272615898022135 -1.272615898022135 -1.272615898022135 -1.272615898022135 -1.272615898022135 -1.272615898022135 -1.272615898022135 -1.272615898022135 -1.272615898022135 -1.272615898022135 -1.272615898022135 -1.272615898022135 -1.272615898022135 -1.272615898022135 -1.272615898022135 -1.272615898022135 -1.272615898022135 -1.272615898022135 -1.272615898022135 -1.272615898022135 -1.272615898022135 -1.272615898022135
14.321608040201003 -1.1779563773443584 -1.1779563773443584 -1.1779563773443584 -1.1779563773443584 -1.1779563773443584 -1.1779563773443584 -1.1779563773443584 -1.1779563773443584 -1.1779563773443584 -1.1779563773443584 -1.1779563773443584 -1.1779563773443584 -1.1779563773443584 -1.1779563773443584 -1.1779563773443584 -1.1779563773443584 -1.1779563773443584 -1.1779563773443584 -1.1779563773443584 -1.1779563773443584 -1.1779563773443584 -1.1779563773443584 -1.1779563773443584 -1.1779563773443584 -1.1779563773443584 -1.1779563773443584 -1.1779563773443584 -1.1779563773443584 -1.1779563773443584
14.396984924623114 -1.0832968566665784 -1.0832968566665784 -1.0832968566665784 -1.0832968566665784 -1.0832968566665784 -1.0832968566665784 -1.0832968566665784 -1.0832968566665784 -1.0832968566665784 -1.0832968566665784 -1.0832968566665784 -1.0832968566665784 -1.0832968566665784 -1.0832968566665784 -1.0832968566665784 -1.0832968566665784 -1.0832968566665784 -1.0832968566665784 -1.0832968566665784 -1.0832968566665784 -1.0832968566665784 -1.0832968566665784 -1.0832968566665784 -1.0832968566665784 -1.0832968566665784 -1.0832968566665784 -1.0832968566665784 -1.0832968566665784 -1.0832968566665784
