web/models/kne.last_good/12/villar_0.0010_0.4217_10.0000.dat
# %ECSV 1.0
# ---
# datatype:
# - {name: time, datatype: float64}
# - {name: swift_uvot_uvw2, datatype: float64}
# - {name: swift_uvot_uvm2, datatype: float64}
# - {name: swift_uvot_uvw1, datatype: float64}
# - {name: swift_uvot_U, datatype: float64}
# - {name: swift_uvot_B, datatype: float64}
# - {name: swift_uvot_V, datatype: float64}
# - {name: swift_uvot_W, datatype: float64}
# - {name: johnson_U, datatype: float64}
# - {name: johnson_B, datatype: float64}
# - {name: johnson_V, datatype: float64}
# - {name: johnson_R, datatype: float64}
# - {name: johnson_I, datatype: float64}
# - {name: sdss_u, datatype: float64}
# - {name: sdss_g, datatype: float64}
# - {name: sdss_r, datatype: float64}
# - {name: sdss_i, datatype: float64}
# - {name: sdss_z, datatype: float64}
# - {name: PS1_g, datatype: float64}
# - {name: PS1_r, datatype: float64}
# - {name: PS1_i, datatype: float64}
# - {name: PS1_z, datatype: float64}
# - {name: PS1_Y, datatype: float64}
# - {name: PS1_w, datatype: float64}
# - {name: ATLAS_c, datatype: float64}
# - {name: ATLAS_o, datatype: float64}
# - {name: ukirt_J, datatype: float64}
# - {name: ukirt_H, datatype: float64}
# - {name: ukirt_K, datatype: float64}
# - {name: Clear, datatype: float64}
# meta: !!omap
# - comment: [kappa = 10.0, type = villar, mass = 0.001, velocity = 0.4216666666666667, theta_obs = 0.0, tfloor = 2500.0]
# schema: astropy-2.0
time swift_uvot_uvw2 swift_uvot_uvm2 swift_uvot_uvw1 swift_uvot_U swift_uvot_B swift_uvot_V swift_uvot_W johnson_U johnson_B johnson_V johnson_R johnson_I sdss_u sdss_g sdss_r sdss_i sdss_z PS1_g PS1_r PS1_i PS1_z PS1_Y PS1_w ATLAS_c ATLAS_o ukirt_J ukirt_H ukirt_K Clear
[from data line 279]
4.07684 -1.747 3.452 2.486 0.783 -2.004 -4.006 -2.122 0.286 -2.135 -4.124 -5.709 -6.786 0.509 -2.854 -4.983 -6.108 -6.878 -3.829 -5.152 -6.186 -6.802 -7.261 -5.306 -4.068 -5.62 -7.79 -8.11 -8.171 -5.766
4.200141 -1.664 3.535 2.569 0.866 -1.921 -3.923 -2.038 0.369 -2.052 -4.041 -5.626 -6.703 0.592 -2.771 -4.9 -6.024 -6.795 -3.746 -5.069 -6.103 -6.719 -7.178 -5.223 -3.984 -5.536 -7.706 -8.027 -8.087 -5.683
4.327172 -1.58 3.618 2.652 0.95 -1.837 -3.839 -1.955 0.453 -1.968 -3.958 -5.543 -6.62 0.675 -2.688 -4.816 -5.941 -6.712 -3.662 -4.986 -6.02 -6.635 -7.094 -5.139 -3.901 -5.453 -7.623 -7.943 -8.004 -5.599
4.458044 -1.497 3.702 2.736 1.033 -1.754 -3.756 -1.871 0.536 -1.885 -3.874 -5.459 -6.536 0.759 -2.604 -4.733 -5.857 -6.628 -3.579 -4.902 -5.936 -6.552 -7.011 -5.056 -3.817 -5.369 -7.54 -7.86 -7.92 -5.516
4.592874 -1.413 3.785 2.82 1.117 -1.67 -3.672 -1.788 0.62 -1.801 -3.791 -5.375 -6.452 0.843 -2.52 -4.649 -5.774 -6.545 -3.495 -4.819 -5.852 -6.468 -6.927 -4.972 -3.734 -5.286 -7.456 -7.776 -7.837 -5.432
4.731783 -1.329 3.869 2.903 1.201 -1.586 -3.588 -1.704 0.704 -1.717 -3.707 -5.292 -6.369 0.926 -2.437 -4.565 -5.69 -6.461 -3.411 -4.735 -5.769 -6.384 -6.843 -4.888 -3.65 -5.202 -7.372 -7.692 -7.753 -5.348
4.874892 -1.245 3.953 2.987 1.285 -1.502 -3.504 -1.62 0.788 -1.633 -3.623 -5.208 -6.285 1.01 -2.353 -4.481 -5.606 -6.377 -3.327 -4.651 -5.685 -6.3 -6.76 -4.804 -3.566 -5.118 -7.288 -7.608 -7.669 -5.265
5.02233 -1.161 4.037 3.071 1.369 -1.418 -3.42 -1.536 0.872 -1.549 -3.539 -5.124 -6.201 1.094 -2.269 -4.397 -5.522 -6.293 -3.243 -4.567 -5.601 -6.216 -6.675 -4.72 -3.482 -5.034 -7.204 -7.524 -7.585 -5.18
5.174227 -1.077 4.122 3.156 1.453 -1.334 -3.336 -1.452 0.956 -1.465 -3.455 -5.039 -6.116 1.179 -2.184 -4.313 -5.438 -6.209 -3.159 -4.482 -5.516 -6.132 -6.591 -4.636 -3.398 -4.95 -7.12 -7.44 -7.501 -5.096
5.330718 -0.993 4.206 3.24 1.537 -1.25 -3.252 -1.367 1.04 -1.381 -3.37 -4.955 -6.032 1.263 -2.1 -4.229 -5.353 -6.124 -3.075 -4.398 -5.432 -6.048 -6.507 -4.552 -3.313 -4.865 -7.035 -7.356 -7.416 -5.012
5.491942 -0.908 4.29 3.324 1.622 -1.165 -3.167 -1.283 1.125 -1.296 -3.286 -4.871 -5.948 1.347 -2.016 -4.144 -5.269 -6.04 -2.99 -4.314 -5.348 -5.963 -6.422 -4.467 -3.229 -4.781 -6.951 -7.271 -7.332 -4.927
5.658042 -0.824 4.375 3.409 1.706 -1.081 -3.083 -1.198 1.209 -1.212 -3.201 -4.786 -5.863 1.432 -1.931 -4.06 -5.184 -5.955 -2.906 -4.229 -5.263 -5.879 -6.338 -4.383 -3.144 -4.696 -6.866 -7.187 -7.247 -4.843
5.829166 -0.739 4.46 3.494 1.791 -0.996 -2.998 -1.114 1.294 -1.127 -3.117 -4.701 -5.778 1.517 -1.846 -3.975 -5.1 -5.871 -2.821 -4.144 -5.178 -5.794 -6.253 -4.298 -3.06 -4.612 -6.782 -7.102 -7.163 -4.758
6.005465 -0.654 4.544 3.579 1.876 -0.911 -2.913 -1.029 1.379 -1.042 -3.032 -4.617 -5.693 1.602 -1.761 -3.89 -5.015 -5.786 -2.736 -4.06 -5.093 -5.709 -6.168 -4.213 -2.975 -4.527 -6.697 -7.017 -7.078 -4.673
6.187096 -0.569 4.629 3.663 1.961 -0.826 -2.828 -0.944 1.464 -0.957 -2.947 -4.532 -5.609 1.686 -1.677 -3.805 -4.93 -5.701 -2.651 -3.975 -5.009 -5.624 -6.083 -4.128 -2.89 -4.442 -6.612 -6.932 -6.993 -4.588
6.37422 -0.484 4.714 3.748 2.046 -0.741 -2.743 -0.859 1.549 -0.872 -2.862 -4.447 -5.523 1.772 -1.591 -3.72 -4.845 -5.616 -2.566 -3.89 -4.924 -5.539 -5.998 -4.043 -2.805 -4.357 -6.527 -6.847 -6.908 -4.503
6.567004 -0.399 4.8 3.834 2.131 -0.656 -2.658 -0.774 1.634 -0.787 -2.777 -4.361 -5.438 1.857 -1.506 -3.635 -4.76 -5.531 -2.481 -3.804 -4.838 -5.454 -5.913 -3.958 -2.72 -4.272 -6.442 -6.762 -6.823 -4.418
6.765619 -0.314 4.885 3.919 2.216 -0.571 -2.573 -0.688 1.719 -0.702 -2.691 -4.276 -5.353 1.942 -1.421 -3.55 -4.674 -5.445 -2.396 -3.719 -4.753 -5.369 -5.828 -3.873 -2.634 -4.186 -6.357 -6.677 -6.737 -4.333
6.97024 -0.228 4.97 4.004 2.301 -0.485 -2.488 -0.603 1.805 -0.616 -2.606 -4.191 -5.268 2.027 -1.336 -3.464 -4.589 -5.36 -2.31 -3.634 -4.668 -5.283 -5.743 -3.787 -2.549 -4.101 -6.271 -6.591 -6.652 -4.248
7.181051 -0.143 5.056 4.09 2.387 -0.4 -2.402 -0.518 1.89 -0.531 -2.52 -4.105 -5.182 2.113 -1.25 -3.379 -4.504 -5.274 -2.225 -3.548 -4.582 -5.198 -5.657 -3.702 -2.464 -4.016 -6.186 -6.506 -6.567 -4.162
7.398237 -0.057 5.141 4.175 2.473 -0.314 -2.316 -0.432 1.976 -0.445 -2.435 -4.02 -5.097 2.198 -1.165 -3.293 -4.418 -5.189 -2.139 -3.463 -4.497 -5.112 -5.572 -3.616 -2.378 -3.93 -6.1 -6.42 -6.481 -4.076
7.621991 0.028 5.227 4.261 2.558 -0.229 -2.231 -0.346 2.061 -0.36 -2.349 -3.934 -5.011 2.284 -1.079 -3.208 -4.332 -5.103 -2.054 -3.377 -4.411 -5.027 -5.486 -3.531 -2.292 -3.844 -6.014 -6.335 -6.395 -3.991
7.852513 0.114 5.313 4.347 2.644 -0.143 -2.145 -0.261 2.147 -0.274 -2.263 -3.848 -4.925 2.37 -0.993 -3.122 -4.247 -5.017 -1.968 -3.291 -4.325 -4.941 -5.4 -3.445 -2.207 -3.759 -5.929 -6.249 -6.309 -3.905
8.090007 0.2 5.399 4.433 2.73 -0.057 -2.059 -0.175 2.233 -0.188 -2.178 -3.762 -4.839 2.456 -0.907 -3.036 -4.161 -4.932 -1.882 -3.205 -4.239 -4.855 -5.314 -3.359 -2.121 -3.673 -5.843 -6.163 -6.224 -3.819
8.334684 0.286 5.485 4.519 2.816 0.029 -1.973 -0.089 2.319 -0.102 -2.092 -3.676 -4.753 2.542 -0.821 -2.95 -4.075 -4.846 -1.796 -3.119 -4.153 -4.769 -5.228 -3.273 -2.035 -3.587 -5.757 -6.077 -6.138 -3.733
8.586761 0.372 5.571 4.605 2.902 0.115 -1.887 -0.003 2.405 -0.016 -2.005 -3.59 -4.667 2.628 -0.735 -2.864 -3.989 -4.759 -1.71 -3.033 -4.067 -4.683 -5.142 -3.187 -1.949 -3.501 -5.671 -5.991 -6.052 -3.647
8.846461 0.458 5.657 4.691 2.988 0.201 -1.801 0.084 2.491 0.07 -1.919 -3.504 -4.581 2.714 -0.649 -2.778 -3.902 -4.673 -1.624 -2.947 -3.981 -4.597 -5.056 -3.101 -1.862 -3.414 -5.584 -5.905 -5.965 -3.561
9.114017 0.545 5.743 4.777 3.074 0.288 -1.715 0.17 2.578 0.157 -1.833 -3.418 -4.495 2.8 -0.563 -2.691 -3.816 -4.587 -1.537 -2.861 -3.895 -4.51 -4.97 -3.015 -1.776 -3.328 -5.498 -5.818 -5.879 -3.475
9.389664 0.631 5.829 4.864 3.161 0.374 -1.628 0.256 2.664 0.243 -1.747 -3.331 -4.408 2.887 -0.476 -2.605 -3.73 -4.501 -1.451 -2.775 -3.808 -4.424 -4.883 -2.928 -1.69 -3.242 -5.412 -5.732 -5.793 -3.388
9.673648 0.717 5.916 4.95 3.247 0.46 -1.542 0.343 2.75 0.329 -1.66 -3.245 -4.322 2.973 -0.39 -2.519 -3.643 -4.414 -1.365 -2.688 -3.722 -4.338 -4.797 -2.842 -1.603 -3.155 -5.325 -5.646 -5.706 -3.302
9.966221 0.804 6.002 5.037 3.334 0.547 -1.455 0.429 2.837 0.416 -1.574 -3.159 -4.235 3.06 -0.303 -2.432 -3.557 -4.328 -1.278 -2.602 -3.635 -4.251 -4.71 -2.755 -1.517 -3.069 -5.239 -5.559 -5.62 -3.215
10.267642 0.891 6.089 5.123 3.42 0.634 -1.369 0.516 2.924 0.503 -1.487 -3.072 -4.149 3.146 -0.217 -2.346 -3.47 -4.241 -1.191 -2.515 -3.549 -4.165 -4.624 -2.669 -1.43 -2.982 -5.152 -5.473 -5.533 -3.129
10.57818 0.977 6.176 5.21 3.507 0.72 -1.282 0.603 3.01 0.589 -1.4 -2.985 -4.062 3.233 -0.13 -2.259 -3.384 -4.154 -1.105 -2.428 -3.462 -4.078 -4.537 -2.582 -1.343 -2.896 -5.066 -5.386 -5.446 -3.042
10.89811 1.064 6.263 5.297 3.594 0.807 -1.195 0.689 3.097 0.676 -1.314 -2.898 -3.975 3.32 -0.043 -2.172 -3.297 -4.068 -1.018 -2.341 -3.375 -3.991 -4.45 -2.495 -1.257 -2.809 -4.979 -5.299 -5.36 -2.955
11.227716 1.151 6.349 5.384 3.681 0.894 -1.108 0.776 3.184 0.763 -1.227 -2.812 -3.888 3.407 0.044 -2.085 -3.21 -3.981 -0.931 -2.255 -3.288 -3.904 -4.363 -2.408 -1.17 -2.722 -4.892 -5.212 -5.273 -2.868
11.56729 1.238 6.436 5.47 3.768 0.981 -1.021 0.863 3.271 0.85 -1.14 -2.725 -3.801 3.494 0.13 -1.998 -3.123 -3.894 -0.844 -2.168 -3.202 -3.817 -4.276 -2.321 -1.083 -2.635 -4.805 -5.125 -5.186 -2.781
11.917135 1.325 6.523 5.558 3.855 1.068 -0.934 0.95 3.358 0.937 -1.053 -2.638 -3.714 3.581 0.218 -1.911 -3.036 -3.807 -0.757 -2.081 -3.114 -3.73 -4.189 -2.234 -0.996 -2.548 -4.718 -5.038 -5.099 -2.694
12.277561 1.412 6.61 5.645 3.942 1.155 -0.847 1.037 3.445 1.024 -0.966 -2.55 -3.627 3.668 0.305 -1.824 -2.949 -3.72 -0.67 -1.993 -3.027 -3.643 -4.102 -2.147 -0.909 -2.461 -4.631 -4.951 -5.012 -2.607
12.648887 1.499 6.698 5.732 4.029 1.242 -0.76 1.124 3.532 1.111 -0.878 -2.463 -3.54 3.755 0.392 -1.737 -2.862 -3.632 -0.583 -1.906 -2.94 -3.556 -4.015 -2.06 -0.822 -2.374 -4.544 -4.864 -4.925 -2.52
13.031444 1.586 6.785 5.819 4.116 1.329 -0.673 1.212 3.619 1.198 -0.791 -2.376 -3.453 3.842 0.479 -1.65 -2.774 -3.545 -0.496 -1.819 -2.853 -3.469 -3.928 -1.973 -0.734 -2.286 -4.456 -4.777 -4.837 -2.433
13.425571 1.674 6.872 5.906 4.204 1.417 -0.585 1.299 3.707 1.286 -0.704 -2.289 -3.366 3.929 0.566 -1.562 -2.687 -3.458 -0.408 -1.732 -2.766 -3.381 -3.84 -1.885 -0.647 -2.199 -4.369 -4.689 -4.75 -2.345
13.831619 1.761 6.96 5.994 4.291 1.504 -0.498 1.386 3.794 1.373 -0.616 -2.201 -3.278 4.017 0.654 -1.475 -2.6 -3.37 -0.321 -1.644 -2.678 -3.294 -3.753 -1.798 -0.56 -2.112 -4.282 -4.602 -4.663 -2.258
14.249947 1.849 7.047 6.081 4.378 1.592 -0.411 1.474 3.882 1.461 -0.529 -2.114 -3.191 4.104 0.741 -1.387 -2.512 -3.283 -0.233 -1.557 -2.591 -3.206 -3.666 -1.71 -0.472 -2.024 -4.194 -4.514 -4.575 -2.171
14.680926 1.936 7.135 6.169 4.466 1.679 -0.323 1.561 3.969 1.548 -0.441 -2.026 -3.103 4.192 0.829 -1.3 -2.425 -3.195 -0.146 -1.469 -2.503 -3.119 -3.578 -1.623 -0.385 -1.937 -4.107 -4.427 -4.487 -2.083
15.124941 2.024 7.222 6.256 4.554 1.767 -0.235 1.649 4.057 1.636 -0.354 -1.939 -3.016 4.279 0.916 -1.212 -2.337 -3.108 -0.058 -1.382 -2.416 -3.031 -3.49 -1.535 -0.297 -1.849 -4.019 -4.339 -4.4 -1.995
15.582385 2.112 7.31 6.344 4.641 1.854 -0.148 1.737 4.144 1.723 -0.266 -1.851 -2.928 4.367 1.004 -1.125 -2.249 -3.02 0.029 -1.294 -2.328 -2.944 -3.403 -1.448 -0.209 -1.761 -3.931 -4.252 -4.312 -1.908
16.053663 2.199 7.398 6.432 4.729 1.942 -0.06 1.825 4.232 1.811 -0.178 -1.763 -2.84 4.455 1.092 -1.037 -2.162 -2.932 0.117 -1.206 -2.24 -2.856 -3.315 -1.36 -0.121 -1.674 -3.844 -4.164 -4.224 -1.82
16.539195 2.287 7.486 6.52 4.817 2.03 0.028 1.912 4.32 1.899 -0.091 -1.675 -2.752 4.543 1.18 -0.949 -2.074 -2.845 0.205 -1.118 -2.152 -2.768 -3.227 -1.272 -0.034 -1.586 -3.756 -4.076 -4.137 -1.732
17.039412 2.375 7.573 6.608 4.905 2.118 0.116 2.0 4.408 1.987 -0.003 -1.588 -2.664 4.631 1.268 -0.861 -1.986 -2.757 0.293 -1.031 -2.064 -2.68 -3.139 -1.184 0.054 -1.498 -3.668 -3.988 -4.049 -1.644
17.554757 2.463 7.661 6.696 4.993 2.206 0.204 2.088 4.496 2.075 0.085 -1.5 -2.576 4.719 1.356 -0.773 -1.898 -2.669 0.381 -0.943 -1.976 -2.592 -3.051 -1.096 0.142 -1.41 -3.58 -3.9 -3.961 -1.556
18.085689 2.551 7.749 6.784 5.081 2.294 0.292 2.176 4.584 2.163 0.173 -1.412 -2.488 4.807 1.444 -0.685 -1.81 -2.581 0.469 -0.855 -1.888 -2.504 -2.963 -1.008 0.23 -1.322 -3.492 -3.812 -3.873 -1.468
18.632678 2.639 7.838 6.872 5.169 2.382 0.38 2.264 4.672 2.251 0.261 -1.323 -2.4 4.895 1.532 -0.597 -1.722 -2.493 0.557 -0.766 -1.8 -2.416 -2.875 -0.92 0.318 -1.234 -3.404 -3.724 -3.785 -1.38
19.196211 2.727 7.926 6.96 5.257 2.47 0.468 2.352 4.76 2.339 0.35 -1.235 -2.312 4.983 1.62 -0.509 -1.634 -2.404 0.645 -0.678 -1.712 -2.328 -2.787 -0.832 0.406 -1.146 -3.316 -3.636 -3.697 -1.292
19.776787 2.815 8.014 7.048 5.345 2.558 0.556 2.441 4.848 2.427 0.438 -1.147 -2.224 5.071 1.708 -0.421 -1.545 -2.316 0.733 -0.59 -1.624 -2.24 -2.699 -0.744 0.495 -1.057 -3.227 -3.548 -3.608 -1.204
20.374923 2.904 8.102 7.136 5.433 2.647 0.644 2.529 4.937 2.516 0.526 -1.059 -2.136 5.159 1.796 -0.333 -1.457 -2.228 0.822 -0.502 -1.536 -2.151 -2.611 -0.656 0.583 -0.969 -3.139 -3.459 -3.52 -1.116
20.991149 2.992 8.19 7.225 5.522 2.735 0.733 2.617 5.025 2.604 0.614 -0.971 -2.047 5.248 1.885 -0.244 -1.369 -2.14 0.91 -0.414 -1.447 -2.063 -2.522 -0.567 0.671 -0.881 -3.051 -3.371 -3.432 -1.027
21.626011 3.08 8.279 7.313 5.61 2.823 0.821 2.706 5.113 2.692 0.703 -0.882 -1.959 5.336 1.973 -0.156 -1.28 -2.051 0.998 -0.325 -1.359 -1.975 -2.434 -0.479 0.76 -0.792 -2.963 -3.283 -3.343 -0.939
22.280075 3.169 8.367 7.401 5.699 2.912 0.91 2.794 5.202 2.781 0.791 -0.794 -1.871 5.424 2.061 -0.067 -1.192 -1.963 1.087 -0.237 -1.271 -1.886 -2.346 -0.39 0.848 -0.704 -2.874 -3.194 -3.255 -0.85
22.953921 3.257 8.456 7.49 5.787 3.0 0.998 2.882 5.29 2.869 0.88 -0.705 -1.782 5.513 2.15 0.021 -1.104 -1.874 1.175 -0.148 -1.182 -1.798 -2.257 -0.302 0.936 -0.616 -2.786 -3.106 -3.166 -0.762
23.648147 3.346 8.544 7.578 5.876 3.089 1.087 2.971 5.379 2.958 0.968 -0.617 -1.694 5.601 2.238 0.11 -1.015 -1.786 1.264 -0.06 -1.094 -1.709 -2.168 -0.213 1.025 -0.527 -2.697 -3.017 -3.078 -0.673
24.363369 3.434 8.633 7.667 5.964 3.177 1.175 3.06 5.467 3.046 1.057 -0.528 -1.605 5.69 2.327 0.198 -0.926 -1.697 1.352 0.029 -1.005 -1.621 -2.08 -0.125 1.114 -0.438 -2.608 -2.929 -2.989 -0.585
25.100222 3.523 8.722 7.756 6.053 3.266 1.264 3.148 5.556 3.135 1.145 -0.439 -1.516 5.779 2.416 0.287 -0.838 -1.609 1.441 0.118 -0.916 -1.532 -1.991 -0.036 1.202 -0.35 -2.52 -2.84 -2.901 -0.496
25.859362 3.612 8.81 7.844 6.142 3.355 1.353 3.237 5.645 3.224 1.234 -0.351 -1.428 5.867 2.504 0.376 -0.749 -1.52 1.53 0.206 -0.828 -1.443 -1.903 0.053 1.291 -0.261 -2.431 -2.751 -2.812 -0.407
26.64146 3.701 8.899 7.933 6.23 3.444 1.441 3.326 5.733 3.312 1.323 -0.262 -1.339 5.956 2.593 0.464 -0.66 -1.431 1.618 0.295 -0.739 -1.355 -1.814 0.141 1.38 -0.172 -2.342 -2.663 -2.723 -0.319
27.447213 3.789 8.988 8.022 6.319 3.532 1.53 3.415 5.822 3.401 1.412 -0.173 -1.25 6.045 2.682 0.553 -0.571 -1.342 1.707 0.384 -0.65 -1.266 -1.725 0.23 1.469 -0.083 -2.253 -2.574 -2.634 -0.23
28.277335 3.878 9.077 8.111 6.408 3.621 1.619 3.503 5.911 3.49 1.501 -0.084 -1.161 6.134 2.771 0.642 -0.483 -1.253 1.796 0.473 -0.561 -1.177 -1.636 0.319 1.557 0.005 -2.165 -2.485 -2.545 -0.141
29.132564 3.967 9.166 8.2 6.497 3.71 1.708 3.592 6.0 3.579 1.59 0.005 -1.072 6.223 2.86 0.731 -0.394 -1.164 1.885 0.562 -0.472 -1.088 -1.547 0.408 1.646 0.094 -2.076 -2.396 -2.457 -0.052
30.013659 4.056 9.255 8.289 6.586 3.799 1.797 3.681 6.089 3.668 1.678 0.094 -0.983 6.312 2.949 0.82 -0.305 -1.076 1.974 0.651 -0.383 -0.999 -1.458 0.497 1.735 0.183 -1.987 -2.307 -2.368 0.037
30.921401 4.145 9.344 8.378 6.675 3.888 1.886 3.77 6.178 3.757 1.768 0.183 -0.894 6.401 3.038 0.909 -0.216 -0.986 2.063 0.74 -0.294 -0.91 -1.369 0.586 1.824 0.272 -1.898 -2.218 -2.279 0.126
31.856598 4.234 9.433 8.467 6.764 3.977 1.975 3.859 6.267 3.846 1.857 0.272 -0.805 6.49 3.127 0.998 -0.127 -0.897 2.152 0.829 -0.205 -0.821 -1.28 0.675 1.913 0.361 -1.809 -2.129 -2.189 0.215
32.820079 4.323 9.522 8.556 6.853 4.066 2.064 3.949 6.356 3.935 1.946 0.361 -0.716 6.579 3.216 1.087 -0.037 -0.808 2.241 0.918 -0.116 -0.732 -1.191 0.764 2.003 0.451 -1.72 -2.04 -2.1 0.304
33.8127 4.413 9.611 8.645 6.942 4.155 2.153 4.038 6.445 4.024 2.035 0.45 -0.627 6.668 3.305 1.176 0.052 -0.719 2.33 1.007 -0.027 -0.643 -1.102 0.853 2.092 0.54 -1.63 -1.951 -2.011 0.393
34.835342 4.502 9.7 8.734 7.031 4.245 2.242 4.127 6.535 4.114 2.124 0.539 -0.538 6.757 3.394 1.266 0.141 -0.63 2.42 1.096 0.062 -0.553 -1.013 0.943 2.181 0.629 -1.541 -1.861 -1.922 0.482
35.888913 4.591 9.789 8.824 7.121 4.334 2.332 4.216 6.624 4.203 2.213 0.628 -0.448 6.847 3.484 1.355 0.23 -0.541 2.509 1.185 0.152 -0.464 -0.923 1.032 2.27 0.718 -1.452 -1.772 -1.833 0.572
36.974349 4.68 9.879 8.913 7.21 4.423 2.421 4.305 6.713 4.292 2.303 0.718 -0.359 6.936 3.573 1.444 0.319 -0.451 2.598 1.275 0.241 -0.375 -0.834 1.121 2.36 0.807 -1.363 -1.683 -1.743 0.661
38.092613 4.77 9.968 9.002 7.299 4.513 2.51 4.395 6.803 4.382 2.392 0.807 -0.27 7.025 3.662 1.533 0.409 -0.362 2.688 1.364 0.33 -0.285 -0.745 1.21 2.449 0.897 -1.273 -1.594 -1.654 0.75
39.244698 4.859 10.057 9.092 7.389 4.602 2.6 4.484 6.892 4.471 2.481 0.897 -0.18 7.115 3.752 1.623 0.498 -0.273 2.777 1.453 0.42 -0.196 -0.655 1.3 2.538 0.986 -1.184 -1.504 -1.565 0.84
40.431627 4.948 10.147 9.181 7.478 4.691 2.689 4.574 6.981 4.56 2.571 0.986 -0.091 7.204 3.841 1.712 0.588 -0.183 2.866 1.543 0.509 -0.107 -0.566 1.389 2.628 1.076 -1.094 -1.415 -1.475 0.929
41.654454 5.038 10.236 9.271 7.568 4.781 2.779 4.663 7.071 4.65 2.66 1.075 -0.001 7.294 3.931 1.802 0.677 -0.094 2.956 1.632 0.599 -0.017 -0.476 1.479 2.717 1.165 -1.005 -1.325 -1.386 1.019
42.914265 5.127 10.326 9.36 7.657 4.87 2.868 4.753 7.16 4.739 2.75 1.165 0.088 7.383 4.02 1.891 0.767 -0.004 3.045 1.722 0.688 0.072 -0.387 1.568 2.807 1.255 -0.915 -1.236 -1.296 1.108
