web/models/kne.last_good/12/villar_0.0182_0.0613_10.0000.dat
# %ECSV 1.0
# ---
# datatype:
# - {name: time, datatype: float64}
# - {name: swift_uvot_uvw2, datatype: float64}
# - {name: swift_uvot_uvm2, datatype: float64}
# - {name: swift_uvot_uvw1, datatype: float64}
# - {name: swift_uvot_U, datatype: float64}
# - {name: swift_uvot_B, datatype: float64}
# - {name: swift_uvot_V, datatype: float64}
# - {name: swift_uvot_W, datatype: float64}
# - {name: johnson_U, datatype: float64}
# - {name: johnson_B, datatype: float64}
# - {name: johnson_V, datatype: float64}
# - {name: johnson_R, datatype: float64}
# - {name: johnson_I, datatype: float64}
# - {name: sdss_u, datatype: float64}
# - {name: sdss_g, datatype: float64}
# - {name: sdss_r, datatype: float64}
# - {name: sdss_i, datatype: float64}
# - {name: sdss_z, datatype: float64}
# - {name: PS1_g, datatype: float64}
# - {name: PS1_r, datatype: float64}
# - {name: PS1_i, datatype: float64}
# - {name: PS1_z, datatype: float64}
# - {name: PS1_Y, datatype: float64}
# - {name: PS1_w, datatype: float64}
# - {name: ATLAS_c, datatype: float64}
# - {name: ATLAS_o, datatype: float64}
# - {name: ukirt_J, datatype: float64}
# - {name: ukirt_H, datatype: float64}
# - {name: ukirt_K, datatype: float64}
# - {name: Clear, datatype: float64}
# meta: !!omap
# - comment: [kappa = 10.0, type = villar, mass = 0.018176879801416274, velocity = 0.06133333333333335, theta_obs = 0.0, tfloor = 2500.0]
# schema: astropy-2.0
time swift_uvot_uvw2 swift_uvot_uvm2 swift_uvot_uvw1 swift_uvot_U swift_uvot_B swift_uvot_V swift_uvot_W johnson_U johnson_B johnson_V johnson_R johnson_I sdss_u sdss_g sdss_r sdss_i sdss_z PS1_g PS1_r PS1_i PS1_z PS1_Y PS1_w ATLAS_c ATLAS_o ukirt_J ukirt_H ukirt_K Clear
[from data line 277]
3.84099 -7.805 -4.863 -7.306 -9.364 -11.025 -12.181 -10.281 -9.666 -11.069 -12.225 -13.021 -13.535 -9.56 -11.492 -12.691 -13.252 -13.588 -11.741 -12.731 -13.282 -13.563 -13.755 -12.725 -12.116 -12.977 -13.87 -13.837 -13.617 -12.756
3.957158 -7.752 -4.508 -7.036 -9.107 -10.832 -12.037 -10.12 -9.42 -10.879 -12.084 -12.923 -13.47 -9.308 -11.32 -12.573 -13.166 -13.526 -11.587 -12.616 -13.197 -13.498 -13.703 -12.619 -11.976 -12.877 -13.842 -13.828 -13.624 -12.663
4.07684 -7.703 -4.16 -6.761 -8.841 -10.631 -11.887 -9.956 -9.165 -10.683 -11.938 -12.822 -13.401 -9.047 -11.141 -12.45 -13.075 -13.46 -11.428 -12.497 -13.109 -13.429 -13.649 -12.509 -11.83 -12.772 -13.813 -13.818 -13.629 -12.567
4.200141 -7.657 -3.824 -6.482 -8.565 -10.424 -11.731 -9.788 -8.902 -10.479 -11.786 -12.716 -13.329 -8.777 -10.956 -12.322 -12.981 -13.391 -11.266 -12.373 -13.016 -13.357 -13.592 -12.394 -11.679 -12.664 -13.781 -13.807 -13.634 -12.468
4.327172 -7.612 -3.509 -6.199 -8.28 -10.209 -11.569 -9.615 -8.629 -10.269 -11.627 -12.605 -13.254 -8.497 -10.764 -12.188 -12.882 -13.319 -11.099 -12.244 -12.92 -13.281 -13.532 -12.276 -11.523 -12.551 -13.747 -13.794 -13.638 -12.367
4.458044 -7.57 -3.22 -5.911 -7.986 -9.986 -11.401 -9.439 -8.347 -10.051 -11.463 -12.491 -13.176 -8.208 -10.566 -12.049 -12.779 -13.243 -10.929 -12.11 -12.819 -13.202 -13.469 -12.153 -11.36 -12.433 -13.711 -13.78 -13.641 -12.264
4.592874 -7.529 -2.964 -5.62 -7.682 -9.755 -11.226 -9.258 -8.056 -9.825 -11.293 -12.371 -13.093 -7.91 -10.36 -11.905 -12.671 -13.164 -10.756 -11.972 -12.714 -13.119 -13.403 -12.026 -11.193 -12.311 -13.672 -13.764 -13.643 -12.16
4.731783 -7.488 -2.746 -5.324 -7.367 -9.517 -11.044 -9.074 -7.755 -9.592 -11.116 -12.247 -13.007 -7.601 -10.147 -11.754 -12.558 -13.081 -10.581 -11.828 -12.604 -13.032 -13.334 -11.894 -11.019 -12.184 -13.631 -13.747 -13.644 -12.053
4.874892 -7.449 -2.566 -5.024 -7.043 -9.27 -10.856 -8.885 -7.444 -9.351 -10.933 -12.118 -12.917 -7.281 -9.927 -11.598 -12.441 -12.994 -10.403 -11.68 -12.49 -12.941 -13.261 -11.758 -10.839 -12.052 -13.588 -13.727 -13.645 -11.944
5.02233 -7.41 -2.42 -4.719 -6.707 -9.015 -10.66 -8.693 -7.122 -9.102 -10.743 -11.985 -12.824 -6.952 -9.699 -11.436 -12.319 -12.903 -10.225 -11.527 -12.372 -12.846 -13.186 -11.617 -10.653 -11.915 -13.542 -13.707 -13.644 -11.834
5.174227 -7.371 -2.305 -4.411 -6.361 -8.751 -10.458 -8.496 -6.79 -8.845 -10.546 -11.846 -12.726 -6.611 -9.463 -11.268 -12.192 -12.808 -10.047 -11.369 -12.248 -12.748 -13.107 -11.472 -10.461 -11.773 -13.493 -13.684 -13.642 -11.723
5.330718 -7.332 -2.213 -4.097 -6.004 -8.478 -10.248 -8.296 -6.447 -8.579 -10.342 -11.702 -12.624 -6.259 -9.219 -11.093 -12.06 -12.708 -9.87 -11.206 -12.12 -12.645 -13.024 -11.321 -10.262 -11.625 -13.441 -13.66 -13.639 -11.611
5.491942 -7.294 -2.138 -3.779 -5.636 -8.196 -10.031 -8.092 -6.094 -8.305 -10.131 -11.553 -12.518 -5.896 -8.968 -10.912 -11.923 -12.605 -9.695 -11.038 -11.988 -12.538 -12.939 -11.166 -10.057 -11.473 -13.387 -13.634 -13.635 -11.498
5.658042 -7.255 -2.076 -3.456 -5.255 -7.905 -9.806 -7.885 -5.729 -8.023 -9.913 -11.399 -12.408 -5.521 -8.707 -10.725 -11.78 -12.497 -9.524 -10.866 -11.85 -12.426 -12.85 -11.005 -9.846 -11.315 -13.33 -13.605 -13.63 -11.385
5.829166 -7.216 -2.023 -3.127 -4.863 -7.604 -9.573 -7.675 -5.352 -7.731 -9.688 -11.24 -12.294 -5.135 -8.439 -10.531 -11.632 -12.385 -9.358 -10.69 -11.708 -12.31 -12.758 -10.839 -9.627 -11.152 -13.27 -13.576 -13.624 -11.272
6.005465 -7.168 -1.97 -2.936 -4.638 -7.425 -9.427 -7.543 -5.135 -7.556 -9.546 -11.131 -12.207 -4.912 -8.276 -10.404 -11.529 -12.3 -9.25 -10.574 -11.608 -12.223 -12.682 -10.727 -9.489 -11.041 -13.211 -13.531 -13.592 -11.187
6.187096 -7.111 -1.913 -2.879 -4.582 -7.368 -9.371 -7.486 -5.078 -7.499 -9.489 -11.074 -12.151 -4.856 -8.219 -10.348 -11.472 -12.243 -9.193 -10.517 -11.551 -12.167 -12.626 -10.671 -9.432 -10.984 -13.154 -13.475 -13.535 -11.131
6.37422 -7.055 -1.856 -2.822 -4.525 -7.312 -9.314 -7.429 -5.022 -7.443 -9.432 -11.017 -12.094 -4.799 -8.162 -10.291 -11.415 -12.186 -9.137 -10.46 -11.494 -12.11 -12.569 -10.614 -9.375 -10.927 -13.098 -13.418 -13.478 -11.074
6.567004 -6.998 -1.799 -2.765 -4.468 -7.255 -9.257 -7.373 -4.965 -7.386 -9.375 -10.96 -12.037 -4.742 -8.105 -10.234 -11.359 -12.129 -9.08 -10.403 -11.437 -12.053 -12.512 -10.557 -9.319 -10.871 -13.041 -13.361 -13.422 -11.017
6.765619 -6.941 -1.743 -2.708 -4.411 -7.198 -9.2 -7.316 -4.908 -7.329 -9.319 -10.904 -11.98 -4.685 -8.048 -10.177 -11.302 -12.073 -9.023 -10.347 -11.38 -11.996 -12.455 -10.5 -9.262 -10.814 -12.984 -13.304 -13.365 -10.96
6.97024 -6.884 -1.686 -2.652 -4.354 -7.141 -9.143 -7.259 -4.851 -7.272 -9.262 -10.847 -11.924 -4.629 -7.992 -10.12 -11.245 -12.016 -8.966 -10.29 -11.324 -11.939 -12.399 -10.443 -9.205 -10.757 -12.927 -13.247 -13.308 -10.903
7.181051 -6.827 -1.629 -2.595 -4.298 -7.084 -9.087 -7.202 -4.795 -7.216 -9.205 -10.79 -11.867 -4.572 -7.935 -10.064 -11.188 -11.959 -8.909 -10.233 -11.267 -11.883 -12.342 -10.387 -9.148 -10.7 -12.87 -13.191 -13.251 -10.847
7.398237 -6.771 -1.572 -2.538 -4.241 -7.028 -9.03 -7.145 -4.738 -7.159 -9.148 -10.733 -11.81 -4.515 -7.878 -10.007 -11.131 -11.902 -8.853 -10.176 -11.21 -11.826 -12.285 -10.33 -9.091 -10.643 -12.814 -13.134 -13.194 -10.79
7.621991 -6.714 -1.515 -2.481 -4.184 -6.971 -8.973 -7.089 -4.681 -7.102 -9.092 -10.676 -11.753 -4.458 -7.821 -9.95 -11.075 -11.846 -8.796 -10.119 -11.153 -11.769 -12.228 -10.273 -9.035 -10.587 -12.757 -13.077 -13.138 -10.733
7.852513 -6.657 -1.459 -2.425 -4.128 -6.914 -8.917 -7.032 -4.624 -7.045 -9.035 -10.62 -11.697 -4.402 -7.765 -9.893 -11.018 -11.789 -8.739 -10.063 -11.097 -11.712 -12.172 -10.216 -8.978 -10.53 -12.7 -13.02 -13.081 -10.677
8.090007 -6.601 -1.402 -2.368 -4.071 -6.858 -8.86 -6.976 -4.568 -6.989 -8.978 -10.563 -11.64 -4.345 -7.708 -9.837 -10.962 -11.732 -8.683 -10.006 -11.04 -11.656 -12.115 -10.16 -8.922 -10.474 -12.644 -12.964 -13.024 -10.62
8.334684 -6.544 -1.346 -2.312 -4.015 -6.801 -8.803 -6.919 -4.511 -6.932 -8.922 -10.507 -11.584 -4.289 -7.652 -9.78 -10.905 -11.676 -8.626 -9.95 -10.984 -11.599 -12.059 -10.103 -8.865 -10.417 -12.587 -12.907 -12.968 -10.564
8.586761 -6.488 -1.289 -2.255 -3.958 -6.745 -8.747 -6.863 -4.455 -6.876 -8.866 -10.45 -11.527 -4.232 -7.595 -9.724 -10.849 -11.62 -8.57 -9.893 -10.927 -11.543 -12.002 -10.047 -8.809 -10.361 -12.531 -12.851 -12.912 -10.507
8.846461 -6.432 -1.233 -2.199 -3.902 -6.689 -8.691 -6.806 -4.399 -6.82 -8.809 -10.394 -11.471 -4.176 -7.539 -9.668 -10.792 -11.563 -8.514 -9.837 -10.871 -11.487 -11.946 -9.991 -8.752 -10.304 -12.475 -12.795 -12.855 -10.451
9.114017 -6.376 -1.177 -2.143 -3.846 -6.633 -8.635 -6.75 -4.343 -6.764 -8.753 -10.338 -11.415 -4.12 -7.483 -9.612 -10.736 -11.507 -8.458 -9.781 -10.815 -11.431 -11.89 -9.935 -8.696 -10.248 -12.418 -12.739 -12.799 -10.395
9.389664 -6.32 -1.121 -2.087 -3.79 -6.577 -8.579 -6.694 -4.287 -6.708 -8.697 -10.282 -11.359 -4.064 -7.427 -9.556 -10.68 -11.451 -8.402 -9.725 -10.759 -11.375 -11.834 -9.879 -8.64 -10.192 -12.362 -12.683 -12.743 -10.339
9.673648 -6.264 -1.065 -2.031 -3.734 -6.521 -8.523 -6.639 -4.231 -6.652 -8.642 -10.226 -11.303 -4.008 -7.371 -9.5 -10.625 -11.396 -8.346 -9.669 -10.703 -11.319 -11.778 -9.823 -8.585 -10.137 -12.307 -12.627 -12.688 -10.283
9.966221 -6.208 -1.01 -1.976 -3.679 -6.465 -8.467 -6.583 -4.175 -6.596 -8.586 -10.171 -11.248 -3.953 -7.316 -9.444 -10.569 -11.34 -8.29 -9.614 -10.648 -11.263 -11.723 -9.767 -8.529 -10.081 -12.251 -12.571 -12.632 -10.228
10.267642 -6.153 -0.954 -1.92 -3.623 -6.41 -8.412 -6.528 -4.12 -6.541 -8.531 -10.115 -11.192 -3.897 -7.26 -9.389 -10.514 -11.285 -8.235 -9.558 -10.592 -11.208 -11.667 -9.712 -8.474 -10.026 -12.196 -12.516 -12.577 -10.172
10.57818 -6.098 -0.899 -1.865 -3.568 -6.355 -8.357 -6.472 -4.065 -6.486 -8.475 -10.06 -11.137 -3.842 -7.205 -9.334 -10.459 -11.229 -8.18 -9.503 -10.537 -11.153 -11.612 -9.657 -8.418 -9.971 -12.141 -12.461 -12.521 -10.117
10.89811 -6.043 -0.844 -1.81 -3.513 -6.3 -8.302 -6.418 -4.01 -6.431 -8.42 -10.005 -11.082 -3.787 -7.15 -9.279 -10.404 -11.174 -8.125 -9.448 -10.482 -11.098 -11.557 -9.602 -8.364 -9.916 -12.086 -12.406 -12.466 -10.062
11.227716 -5.988 -0.79 -1.755 -3.458 -6.245 -8.247 -6.363 -3.955 -6.376 -8.366 -9.951 -11.027 -3.732 -7.095 -9.224 -10.349 -11.12 -8.07 -9.394 -10.427 -11.043 -11.502 -9.547 -8.309 -9.861 -12.031 -12.351 -12.412 -10.007
11.56729 -5.933 -0.735 -1.701 -3.404 -6.191 -8.193 -6.308 -3.901 -6.322 -8.311 -9.896 -10.973 -3.678 -7.041 -9.17 -10.294 -11.065 -8.016 -9.339 -10.373 -10.989 -11.448 -9.493 -8.254 -9.806 -11.976 -12.297 -12.357 -9.953
11.917135 -5.879 -0.681 -1.647 -3.349 -6.136 -8.138 -6.254 -3.846 -6.267 -8.257 -9.842 -10.919 -3.624 -6.987 -9.115 -10.24 -11.011 -7.961 -9.285 -10.319 -10.934 -11.394 -9.438 -8.2 -9.752 -11.922 -12.242 -12.303 -9.899
12.277561 -5.825 -0.627 -1.593 -3.295 -6.082 -8.084 -6.2 -3.792 -6.213 -8.203 -9.788 -10.865 -3.57 -6.933 -9.061 -10.186 -10.957 -7.907 -9.231 -10.265 -10.88 -11.34 -9.384 -8.146 -9.698 -11.868 -12.188 -12.249 -9.844
12.648887 -5.771 -0.573 -1.539 -3.242 -6.029 -8.031 -6.146 -3.739 -6.16 -8.149 -9.734 -10.811 -3.516 -6.879 -9.008 -10.132 -10.903 -7.854 -9.177 -10.211 -10.827 -11.286 -9.331 -8.092 -9.644 -11.814 -12.135 -12.195 -9.791
13.031444 -5.718 -0.52 -1.485 -3.188 -5.975 -7.977 -6.093 -3.685 -6.106 -8.096 -9.68 -10.757 -3.462 -6.825 -8.954 -10.079 -10.85 -7.8 -9.124 -10.157 -10.773 -11.232 -9.277 -8.039 -9.591 -11.761 -12.081 -12.142 -9.737
13.425571 -5.665 -0.466 -1.432 -3.135 -5.922 -7.924 -6.04 -3.632 -6.053 -8.042 -9.627 -10.704 -3.409 -6.772 -8.901 -10.026 -10.796 -7.747 -9.07 -10.104 -10.72 -11.179 -9.224 -7.986 -9.538 -11.708 -12.028 -12.088 -9.684
13.831619 -5.612 -0.413 -1.379 -3.082 -5.869 -7.871 -5.987 -3.579 -6.0 -7.989 -9.574 -10.651 -3.356 -6.719 -8.848 -9.973 -10.743 -7.694 -9.017 -10.051 -10.667 -11.126 -9.171 -7.933 -9.485 -11.655 -11.975 -12.035 -9.631
14.249947 -5.559 -0.361 -1.326 -3.029 -5.816 -7.818 -5.934 -3.526 -5.947 -7.937 -9.522 -10.598 -3.303 -6.666 -8.795 -9.92 -10.691 -7.641 -8.965 -9.998 -10.614 -11.073 -9.118 -7.88 -9.432 -11.602 -11.922 -11.983 -9.578
14.680926 -5.507 -0.308 -1.274 -2.977 -5.764 -7.766 -5.881 -3.474 -5.895 -7.884 -9.469 -10.546 -3.251 -6.614 -8.743 -9.867 -10.638 -7.589 -8.912 -9.946 -10.562 -11.021 -9.066 -7.827 -9.379 -11.549 -11.87 -11.93 -9.526
15.124941 -5.454 -0.256 -1.222 -2.925 -5.711 -7.714 -5.829 -3.421 -5.842 -7.832 -9.417 -10.494 -3.199 -6.562 -8.69 -9.815 -10.586 -7.536 -8.86 -9.894 -10.509 -10.969 -9.013 -7.775 -9.327 -11.497 -11.817 -11.878 -9.474
15.582385 -5.402 -0.204 -1.17 -2.873 -5.659 -7.662 -5.777 -3.369 -5.79 -7.78 -9.365 -10.442 -3.147 -6.51 -8.638 -9.763 -10.534 -7.484 -8.808 -9.842 -10.457 -10.917 -8.962 -7.723 -9.275 -11.445 -11.765 -11.826 -9.422
16.053663 -5.351 -0.152 -1.118 -2.821 -5.608 -7.61 -5.725 -3.318 -5.739 -7.728 -9.313 -10.39 -3.095 -6.458 -8.587 -9.711 -10.482 -7.433 -8.756 -9.79 -10.406 -10.865 -8.91 -7.671 -9.223 -11.393 -11.714 -11.774 -9.37
16.539195 -5.299 -0.101 -1.066 -2.769 -5.556 -7.558 -5.674 -3.266 -5.687 -7.677 -9.262 -10.338 -3.043 -6.406 -8.535 -9.66 -10.431 -7.381 -8.705 -9.738 -10.354 -10.813 -8.858 -7.62 -9.172 -11.342 -11.662 -11.723 -9.318
17.039412 -5.248 -0.049 -1.015 -2.718 -5.505 -7.507 -5.623 -3.215 -5.636 -7.625 -9.21 -10.287 -2.992 -6.355 -8.484 -9.609 -10.379 -7.33 -8.653 -9.687 -10.303 -10.762 -8.807 -7.569 -9.121 -11.291 -11.611 -11.671 -9.267
17.554757 -5.197 0.002 -0.964 -2.667 -5.454 -7.456 -5.571 -3.164 -5.585 -7.574 -9.159 -10.236 -2.941 -6.304 -8.433 -9.557 -10.328 -7.279 -8.602 -9.636 -10.252 -10.711 -8.756 -7.517 -9.069 -11.24 -11.56 -11.62 -9.216
18.085689 -5.146 0.053 -0.913 -2.616 -5.403 -7.405 -5.521 -3.113 -5.534 -7.523 -9.108 -10.185 -2.89 -6.253 -8.382 -9.507 -10.277 -7.228 -8.551 -9.585 -10.201 -10.66 -8.705 -7.467 -9.019 -11.189 -11.509 -11.569 -9.165
18.632678 -5.095 0.103 -0.862 -2.565 -5.352 -7.354 -5.47 -3.062 -5.483 -7.473 -9.058 -10.134 -2.839 -6.202 -8.331 -9.456 -10.227 -7.177 -8.501 -9.534 -10.15 -10.609 -8.654 -7.416 -8.968 -11.138 -11.458 -11.519 -9.114
19.196211 -5.044 0.154 -0.812 -2.515 -5.302 -7.304 -5.419 -3.012 -5.433 -7.422 -9.007 -10.084 -2.789 -6.152 -8.281 -9.405 -10.176 -7.127 -8.45 -9.484 -10.1 -10.559 -8.604 -7.365 -8.917 -11.087 -11.408 -11.468 -9.064
19.776787 -4.994 0.204 -0.762 -2.464 -5.251 -7.253 -5.369 -2.961 -5.382 -7.372 -8.957 -10.033 -2.738 -6.102 -8.23 -9.355 -10.126 -7.076 -8.4 -9.434 -10.049 -10.508 -8.553 -7.315 -8.867 -11.037 -11.357 -11.418 -9.013
20.374923 -4.944 0.255 -0.711 -2.414 -5.201 -7.203 -5.319 -2.911 -5.332 -7.322 -8.906 -9.983 -2.688 -6.051 -8.18 -9.305 -10.076 -7.026 -8.349 -9.383 -9.999 -10.458 -8.503 -7.265 -8.817 -10.987 -11.307 -11.368 -8.963
20.991149 -4.894 0.305 -0.661 -2.364 -5.151 -7.153 -5.269 -2.861 -5.282 -7.271 -8.856 -9.933 -2.638 -6.001 -8.13 -9.255 -10.025 -6.976 -8.299 -9.333 -9.949 -10.408 -8.453 -7.215 -8.767 -10.937 -11.257 -11.317 -8.913
21.626011 -4.844 0.355 -0.611 -2.314 -5.101 -7.103 -5.219 -2.811 -5.232 -7.221 -8.806 -9.883 -2.588 -5.951 -8.08 -9.205 -9.975 -6.926 -8.249 -9.283 -9.899 -10.358 -8.403 -7.165 -8.717 -10.887 -11.207 -11.268 -8.863
22.280075 -4.794 0.405 -0.561 -2.264 -5.051 -7.053 -5.169 -2.761 -5.182 -7.172 -8.756 -9.833 -2.538 -5.901 -8.03 -9.155 -9.926 -6.876 -8.199 -9.233 -9.849 -10.308 -8.353 -7.115 -8.667 -10.837 -11.157 -11.218 -8.813
22.953921 -4.744 0.454 -0.512 -2.214 -5.001 -7.003 -5.119 -2.711 -5.132 -7.122 -8.707 -9.783 -2.488 -5.852 -7.98 -9.105 -9.876 -6.826 -8.15 -9.184 -9.799 -10.258 -8.303 -7.065 -8.617 -10.787 -11.107 -11.168 -8.763
23.648147 -4.694 0.504 -0.462 -2.165 -4.951 -6.954 -5.069 -2.662 -5.082 -7.072 -8.657 -9.734 -2.439 -5.802 -7.931 -9.055 -9.826 -6.776 -8.1 -9.134 -9.75 -10.209 -8.254 -7.015 -8.567 -10.737 -11.058 -11.118 -8.714
24.363369 -4.645 0.554 -0.412 -2.115 -4.902 -6.904 -5.02 -2.612 -5.033 -7.022 -8.607 -9.684 -2.389 -5.752 -7.881 -9.006 -9.776 -6.727 -8.05 -9.084 -9.7 -10.159 -8.204 -6.966 -8.518 -10.688 -11.008 -11.069 -8.664
25.100222 -4.595 0.603 -0.363 -2.065 -4.852 -6.854 -4.97 -2.562 -4.983 -6.973 -8.558 -9.635 -2.34 -5.703 -7.831 -8.956 -9.727 -6.677 -8.001 -9.035 -9.65 -10.11 -8.154 -6.916 -8.468 -10.638 -10.958 -11.019 -8.614
25.859362 -4.546 0.653 -0.313 -2.016 -4.803 -6.805 -4.92 -2.513 -4.934 -6.923 -8.508 -9.585 -2.29 -5.653 -7.782 -8.907 -9.677 -6.628 -7.951 -8.985 -9.601 -10.06 -8.105 -6.866 -8.419 -10.589 -10.909 -10.969 -8.565
26.64146 -4.496 0.702 -0.264 -1.966 -4.753 -6.755 -4.871 -2.463 -4.884 -6.874 -8.459 -9.536 -2.241 -5.604 -7.732 -8.857 -9.628 -6.578 -7.902 -8.936 -9.551 -10.011 -8.055 -6.817 -8.369 -10.539 -10.859 -10.92 -8.515
27.447213 -4.447 0.752 -0.214 -1.917 -4.704 -6.706 -4.822 -2.414 -4.835 -6.824 -8.409 -9.486 -2.191 -5.554 -7.683 -8.808 -9.578 -6.529 -7.852 -8.886 -9.502 -9.961 -8.006 -6.768 -8.32 -10.49 -10.81 -10.87 -8.466
28.277335 -4.397 0.801 -0.165 -1.868 -4.654 -6.657 -4.772 -2.364 -4.785 -6.775 -8.36 -9.437 -2.142 -5.505 -7.633 -8.758 -9.529 -6.479 -7.803 -8.837 -9.452 -9.912 -7.956 -6.718 -8.27 -10.44 -10.76 -10.821 -8.417
29.132564 -4.348 0.851 -0.115 -1.818 -4.605 -6.607 -4.723 -2.315 -4.736 -6.726 -8.31 -9.387 -2.092 -5.455 -7.584 -8.709 -9.48 -6.43 -7.753 -8.787 -9.403 -9.862 -7.907 -6.669 -8.221 -10.391 -10.711 -10.772 -8.367
30.013659 -4.298 0.9 -0.066 -1.769 -4.555 -6.558 -4.673 -2.266 -4.686 -6.676 -8.261 -9.338 -2.043 -5.406 -7.535 -8.659 -9.43 -6.38 -7.704 -8.738 -9.354 -9.813 -7.858 -6.619 -8.171 -10.341 -10.662 -10.722 -8.318
30.921401 -4.249 0.949 -0.016 -1.719 -4.506 -6.508 -4.624 -2.216 -4.637 -6.627 -8.211 -9.288 -1.993 -5.356 -7.485 -8.61 -9.381 -6.331 -7.655 -8.688 -9.304 -9.763 -7.808 -6.57 -8.122 -10.292 -10.612 -10.673 -8.268
31.856598 -4.199 0.999 0.033 -1.67 -4.457 -6.459 -4.574 -2.167 -4.588 -6.577 -8.162 -9.239 -1.944 -5.307 -7.436 -8.56 -9.331 -6.282 -7.605 -8.639 -9.255 -9.714 -7.759 -6.52 -8.072 -10.242 -10.563 -10.623 -8.219
