web/models/kne.last_good/kappa_0.5_3.0.v2/35/villar_0.0148_0.1240_3.0000.dat
# %ECSV 1.0
# ---
# datatype:
# - {name: time, datatype: float64}
# - {name: swift_uvot_uvw2, datatype: float64}
# - {name: swift_uvot_uvm2, datatype: float64}
# - {name: swift_uvot_uvw1, datatype: float64}
# - {name: swift_uvot_U, datatype: float64}
# - {name: swift_uvot_B, datatype: float64}
# - {name: swift_uvot_V, datatype: float64}
# - {name: swift_uvot_W, datatype: float64}
# - {name: johnson_U, datatype: float64}
# - {name: johnson_B, datatype: float64}
# - {name: johnson_V, datatype: float64}
# - {name: johnson_R, datatype: float64}
# - {name: johnson_I, datatype: float64}
# - {name: sdss_u, datatype: float64}
# - {name: sdss_g, datatype: float64}
# - {name: sdss_r, datatype: float64}
# - {name: sdss_i, datatype: float64}
# - {name: sdss_z, datatype: float64}
# - {name: PS1_g, datatype: float64}
# - {name: PS1_r, datatype: float64}
# - {name: PS1_i, datatype: float64}
# - {name: PS1_z, datatype: float64}
# - {name: PS1_Y, datatype: float64}
# - {name: PS1_w, datatype: float64}
# - {name: ATLAS_c, datatype: float64}
# - {name: ATLAS_o, datatype: float64}
# - {name: ukirt_J, datatype: float64}
# - {name: ukirt_H, datatype: float64}
# - {name: ukirt_K, datatype: float64}
# - {name: Clear, datatype: float64}
# meta: !!omap
# - comment: [kappa = 3.0, type = villar, mass = 0.014775890654408853, velocity = 0.124, theta_obs = 0.0, tfloor = 2500.0]
# schema: astropy-2.0
time swift_uvot_uvw2 swift_uvot_uvm2 swift_uvot_uvw1 swift_uvot_U swift_uvot_B swift_uvot_V swift_uvot_W johnson_U johnson_B johnson_V johnson_R johnson_I sdss_u sdss_g sdss_r sdss_i sdss_z PS1_g PS1_r PS1_i PS1_z PS1_Y PS1_w ATLAS_c ATLAS_o ukirt_J ukirt_H ukirt_K Clear
[from data line 349]
32.820079 -3.376 1.823 0.857 -0.846 -3.633 -5.635 -3.751 -1.343 -3.764 -5.753 -7.338 -8.415 -1.12 -4.483 -6.612 -7.737 -8.507 -5.458 -6.781 -7.815 -8.431 -8.89 -6.935 -5.697 -7.249 -9.419 -9.739 -9.799 -7.395
33.8127 -3.319 1.879 0.914 -0.789 -3.576 -5.578 -3.694 -1.286 -3.707 -5.697 -7.281 -8.358 -1.063 -4.426 -6.555 -7.68 -8.451 -5.401 -6.724 -7.758 -8.374 -8.833 -6.878 -5.64 -7.192 -9.362 -9.682 -9.743 -7.338
34.835342 -3.262 1.936 0.97 -0.732 -3.519 -5.521 -3.637 -1.229 -3.65 -5.64 -7.225 -8.301 -1.006 -4.37 -6.498 -7.623 -8.394 -5.344 -6.668 -7.702 -8.317 -8.776 -6.821 -5.583 -7.135 -9.305 -9.625 -9.686 -7.281
35.888913 -3.205 1.993 1.027 -0.675 -3.462 -5.464 -3.58 -1.172 -3.593 -5.583 -7.168 -8.245 -0.95 -4.313 -6.441 -7.566 -8.337 -5.287 -6.611 -7.645 -8.26 -8.719 -6.764 -5.526 -7.078 -9.248 -9.568 -9.629 -7.224
36.974349 -3.148 2.05 1.084 -0.618 -3.405 -5.407 -3.523 -1.115 -3.536 -5.526 -7.111 -8.188 -0.893 -4.256 -6.384 -7.509 -8.28 -5.23 -6.554 -7.588 -8.203 -8.662 -6.707 -5.469 -7.021 -9.191 -9.511 -9.572 -7.167
38.092613 -3.091 2.107 1.141 -0.561 -3.348 -5.35 -3.466 -1.058 -3.479 -5.469 -7.054 -8.13 -0.835 -4.199 -6.327 -7.452 -8.223 -5.173 -6.497 -7.531 -8.146 -8.605 -6.65 -5.412 -6.964 -9.134 -9.454 -9.515 -7.11
39.244698 -3.034 2.165 1.199 -0.504 -3.291 -5.293 -3.409 -1.001 -3.422 -5.412 -6.996 -8.073 -0.778 -4.141 -6.27 -7.395 -8.166 -5.116 -6.439 -7.473 -8.089 -8.548 -6.593 -5.355 -6.907 -9.077 -9.397 -9.458 -7.053
40.431627 -2.977 2.222 1.256 -0.447 -3.234 -5.236 -3.351 -0.944 -3.365 -5.354 -6.939 -8.016 -0.721 -4.084 -6.213 -7.337 -8.108 -5.059 -6.382 -7.416 -8.032 -8.491 -6.536 -5.297 -6.849 -9.02 -9.34 -9.4 -6.996
41.654454 -2.919 2.279 1.313 -0.39 -3.176 -5.179 -3.294 -0.886 -3.307 -5.297 -6.882 -7.959 -0.664 -4.027 -6.155 -7.28 -8.051 -5.001 -6.325 -7.359 -7.974 -8.434 -6.479 -5.24 -6.792 -8.962 -9.282 -9.343 -6.939
42.914265 -2.862 2.337 1.371 -0.332 -3.119 -5.121 -3.237 -0.829 -3.25 -5.24 -6.824 -7.901 -0.606 -3.969 -6.098 -7.223 -7.994 -4.944 -6.267 -7.301 -7.917 -8.376 -6.421 -5.183 -6.735 -8.905 -9.225 -9.286 -6.881
44.212178 -2.804 2.394 1.428 -0.275 -3.061 -5.064 -3.179 -0.772 -3.193 -5.182 -6.767 -7.844 -0.549 -3.912 -6.041 -7.165 -7.936 -4.887 -6.21 -7.244 -7.86 -8.319 -6.364 -5.125 -6.677 -8.847 -9.168 -9.228 -6.824
45.549345 -2.747 2.452 1.486 -0.217 -3.004 -5.006 -3.122 -0.714 -3.135 -5.125 -6.709 -7.786 -0.491 -3.854 -5.983 -7.108 -7.879 -4.829 -6.152 -7.186 -7.802 -8.261 -6.306 -5.068 -6.62 -8.79 -9.11 -9.171 -6.766
46.926954 -2.689 2.509 1.543 -0.159 -2.946 -4.948 -3.064 -0.656 -3.077 -5.067 -6.652 -7.729 -0.434 -3.797 -5.925 -7.05 -7.821 -4.771 -6.095 -7.129 -7.744 -8.204 -6.248 -5.01 -6.562 -8.732 -9.052 -9.113 -6.708
48.346227 -2.631 2.567 1.601 -0.102 -2.889 -4.891 -3.006 -0.599 -3.02 -5.009 -6.594 -7.671 -0.376 -3.739 -5.868 -6.992 -7.763 -4.714 -6.037 -7.071 -7.687 -8.146 -6.191 -4.952 -6.504 -8.674 -8.995 -9.055 -6.651
49.808426 -2.574 2.625 1.659 -0.044 -2.831 -4.833 -2.948 -0.541 -2.962 -4.951 -6.536 -7.613 -0.318 -3.681 -5.81 -6.935 -7.705 -4.656 -5.979 -7.013 -7.629 -8.088 -6.133 -4.894 -6.447 -8.617 -8.937 -8.997 -6.593
51.314848 -2.516 2.683 1.717 0.014 -2.773 -4.775 -2.891 -0.483 -2.904 -4.893 -6.478 -7.555 -0.26 -3.623 -5.752 -6.877 -7.647 -4.598 -5.921 -6.955 -7.571 -8.03 -6.075 -4.837 -6.389 -8.559 -8.879 -8.94 -6.535
52.86683 -2.458 2.741 1.775 0.072 -2.715 -4.717 -2.833 -0.425 -2.846 -4.836 -6.42 -7.497 -0.202 -3.565 -5.694 -6.819 -7.59 -4.54 -5.863 -6.897 -7.513 -7.972 -6.017 -4.779 -6.331 -8.501 -8.821 -8.882 -6.477
54.465752 -2.4 2.799 1.833 0.13 -2.657 -4.659 -2.775 -0.367 -2.788 -4.778 -6.362 -7.439 -0.144 -3.507 -5.636 -6.761 -7.532 -4.482 -5.805 -6.839 -7.455 -7.914 -5.959 -4.721 -6.273 -8.443 -8.763 -8.824 -6.419
56.113031 -2.342 2.857 1.891 0.188 -2.599 -4.601 -2.717 -0.309 -2.73 -4.719 -6.304 -7.381 -0.086 -3.449 -5.578 -6.703 -7.473 -4.424 -5.747 -6.781 -7.397 -7.856 -5.901 -4.663 -6.215 -8.385 -8.705 -8.765 -6.361
57.810132 -2.284 2.915 1.949 0.246 -2.541 -4.543 -2.658 -0.251 -2.672 -4.661 -6.246 -7.323 -0.028 -3.391 -5.52 -6.644 -7.415 -4.366 -5.689 -6.723 -7.339 -7.798 -5.843 -4.604 -6.156 -8.326 -8.647 -8.707 -6.303
59.55856 -2.225 2.973 2.007 0.304 -2.482 -4.485 -2.6 -0.192 -2.613 -4.603 -6.188 -7.265 0.03 -3.333 -5.462 -6.586 -7.357 -4.307 -5.631 -6.665 -7.28 -7.74 -5.785 -4.546 -6.098 -8.268 -8.589 -8.649 -6.245
61.359868 -2.167 3.031 2.066 0.363 -2.424 -4.426 -2.542 -0.134 -2.555 -4.545 -6.13 -7.206 0.089 -3.274 -5.403 -6.528 -7.299 -4.249 -5.573 -6.606 -7.222 -7.681 -5.726 -4.488 -6.04 -8.21 -8.53 -8.591 -6.186
63.215655 -2.109 3.09 2.124 0.421 -2.366 -4.368 -2.483 -0.076 -2.497 -4.486 -6.071 -7.148 0.147 -3.216 -5.345 -6.469 -7.24 -4.191 -5.514 -6.548 -7.164 -7.623 -5.668 -4.429 -5.982 -8.152 -8.472 -8.532 -6.128
65.127569 -2.05 3.148 2.182 0.48 -2.307 -4.309 -2.425 -0.017 -2.438 -4.428 -6.013 -7.09 0.205 -3.158 -5.286 -6.411 -7.182 -4.132 -5.456 -6.49 -7.105 -7.565 -5.609 -4.371 -5.923 -8.093 -8.413 -8.474 -6.069
67.097308 -1.992 3.207 2.241 0.538 -2.249 -4.251 -2.367 0.041 -2.38 -4.369 -5.954 -7.031 0.264 -3.099 -5.228 -6.353 -7.123 -4.074 -5.397 -6.431 -7.047 -7.506 -5.551 -4.312 -5.865 -8.035 -8.355 -8.415 -6.011
69.126621 -1.933 3.265 2.299 0.597 -2.19 -4.192 -2.308 0.1 -2.321 -4.311 -5.896 -6.972 0.323 -3.041 -5.169 -6.294 -7.065 -4.015 -5.339 -6.373 -6.988 -7.447 -5.492 -4.254 -5.806 -7.976 -8.296 -8.357 -5.952
71.217308 -1.874 3.324 2.358 0.655 -2.132 -4.134 -2.249 0.158 -2.263 -4.252 -5.837 -6.914 0.381 -2.982 -5.111 -6.235 -7.006 -3.957 -5.28 -6.314 -6.93 -7.389 -5.434 -4.195 -5.747 -7.917 -8.238 -8.298 -5.894
73.371227 -1.816 3.383 2.417 0.714 -2.073 -4.075 -2.191 0.217 -2.204 -4.193 -5.778 -6.855 0.44 -2.923 -5.052 -6.177 -6.947 -3.898 -5.221 -6.255 -6.871 -7.33 -5.375 -4.137 -5.689 -7.859 -8.179 -8.239 -5.835
75.59029 -1.757 3.441 2.476 0.773 -2.014 -4.016 -2.132 0.276 -2.145 -4.135 -5.719 -6.796 0.499 -2.864 -4.993 -6.118 -6.889 -3.839 -5.162 -6.196 -6.812 -7.271 -5.316 -4.078 -5.63 -7.8 -8.12 -8.181 -5.776
77.876467 -1.698 3.5 2.534 0.832 -1.955 -3.957 -2.073 0.335 -2.086 -4.076 -5.661 -6.737 0.558 -2.806 -4.934 -6.059 -6.83 -3.78 -5.104 -6.138 -6.753 -7.212 -5.257 -4.019 -5.571 -7.741 -8.061 -8.122 -5.717
80.231787 -1.639 3.559 2.593 0.891 -1.896 -3.898 -2.014 0.394 -2.027 -4.017 -5.602 -6.679 0.616 -2.747 -4.875 -6.0 -6.771 -3.721 -5.045 -6.079 -6.694 -7.153 -5.198 -3.96 -5.512 -7.682 -8.002 -8.063 -5.658
82.658343 -1.58 3.618 2.652 0.95 -1.837 -3.839 -1.955 0.453 -1.968 -3.958 -5.543 -6.62 0.675 -2.688 -4.816 -5.941 -6.712 -3.662 -4.986 -6.02 -6.635 -7.095 -5.139 -3.901 -5.453 -7.623 -7.943 -8.004 -5.599
85.158288 -1.521 3.677 2.711 1.009 -1.778 -3.78 -1.896 0.512 -1.909 -3.899 -5.484 -6.561 0.734 -2.629 -4.757 -5.882 -6.653 -3.603 -4.927 -5.961 -6.576 -7.035 -5.08 -3.842 -5.394 -7.564 -7.884 -7.945 -5.54
87.733843 -1.462 3.736 2.771 1.068 -1.719 -3.721 -1.837 0.571 -1.85 -3.84 -5.425 -6.501 0.794 -2.569 -4.698 -5.823 -6.594 -3.544 -4.868 -5.901 -6.517 -6.976 -5.021 -3.783 -5.335 -7.505 -7.825 -7.886 -5.481
90.387293 -1.403 3.796 2.83 1.127 -1.66 -3.662 -1.778 0.63 -1.791 -3.781 -5.365 -6.442 0.853 -2.51 -4.639 -5.764 -6.535 -3.485 -4.808 -5.842 -6.458 -6.917 -4.962 -3.724 -5.276 -7.446 -7.766 -7.827 -5.422
93.120995 -1.344 3.855 2.889 1.186 -1.601 -3.603 -1.718 0.689 -1.732 -3.721 -5.306 -6.383 0.912 -2.451 -4.58 -5.704 -6.475 -3.426 -4.749 -5.783 -6.399 -6.858 -4.903 -3.664 -5.216 -7.387 -7.707 -7.767 -5.363
95.937376 -1.284 3.914 2.948 1.245 -1.541 -3.544 -1.659 0.749 -1.672 -3.662 -5.247 -6.324 0.971 -2.392 -4.52 -5.645 -6.416 -3.366 -4.69 -5.724 -6.339 -6.799 -4.844 -3.605 -5.157 -7.327 -7.647 -7.708 -5.304
98.838937 -1.225 3.973 3.008 1.305 -1.482 -3.484 -1.6 0.808 -1.613 -3.603 -5.187 -6.264 1.031 -2.332 -4.461 -5.586 -6.357 -3.307 -4.631 -5.664 -6.28 -6.739 -4.784 -3.546 -5.098 -7.268 -7.588 -7.649 -5.244
101.828253 -1.166 4.033 3.067 1.364 -1.423 -3.425 -1.54 0.867 -1.554 -3.543 -5.128 -6.205 1.09 -2.273 -4.402 -5.526 -6.297 -3.248 -4.571 -5.605 -6.221 -6.68 -4.725 -3.486 -5.038 -7.208 -7.529 -7.589 -5.185
104.907979 -1.106 4.092 3.127 1.424 -1.363 -3.365 -1.481 0.927 -1.494 -3.484 -5.069 -6.145 1.15 -2.213 -4.342 -5.467 -6.238 -3.188 -4.512 -5.545 -6.161 -6.62 -4.665 -3.427 -4.979 -7.149 -7.469 -7.53 -5.125
108.080849 -1.047 4.152 3.186 1.483 -1.304 -3.306 -1.421 0.986 -1.435 -3.424 -5.009 -6.086 1.209 -2.154 -4.283 -5.407 -6.178 -3.129 -4.452 -5.486 -6.102 -6.561 -4.606 -3.367 -4.919 -7.089 -7.41 -7.47 -5.066
111.349681 -0.987 4.212 3.246 1.543 -1.244 -3.246 -1.362 1.046 -1.375 -3.365 -4.949 -6.026 1.269 -2.094 -4.223 -5.348 -6.119 -3.069 -4.392 -5.426 -6.042 -6.501 -4.546 -3.308 -4.86 -7.03 -7.35 -7.411 -5.006
114.717376 -0.927 4.271 3.305 1.602 -1.184 -3.187 -1.302 1.106 -1.315 -3.305 -4.89 -5.967 1.328 -2.035 -4.163 -5.288 -6.059 -3.009 -4.333 -5.367 -5.982 -6.442 -4.486 -3.248 -4.8 -6.97 -7.29 -7.351 -4.947
118.186925 -0.868 4.331 3.365 1.662 -1.125 -3.127 -1.242 1.165 -1.256 -3.245 -4.83 -5.907 1.388 -1.975 -4.104 -5.228 -5.999 -2.95 -4.273 -5.307 -5.923 -6.382 -4.427 -3.188 -4.74 -6.91 -7.231 -7.291 -4.887
121.761408 -0.808 4.391 3.425 1.722 -1.065 -3.067 -1.183 1.225 -1.196 -3.185 -4.77 -5.847 1.448 -1.915 -4.044 -5.169 -5.939 -2.89 -4.213 -5.247 -5.863 -6.322 -4.367 -3.129 -4.681 -6.851 -7.171 -7.232 -4.827
125.443999 -0.748 4.451 3.485 1.782 -1.005 -3.007 -1.123 1.285 -1.136 -3.126 -4.71 -5.787 1.508 -1.855 -3.984 -5.109 -5.88 -2.83 -4.153 -5.187 -5.803 -6.262 -4.307 -3.069 -4.621 -6.791 -7.111 -7.172 -4.767
129.237967 -0.688 4.51 3.545 1.842 -0.945 -2.947 -1.063 1.345 -1.076 -3.066 -4.651 -5.727 1.568 -1.795 -3.924 -5.049 -5.82 -2.77 -4.094 -5.127 -5.743 -6.202 -4.247 -3.009 -4.561 -6.731 -7.051 -7.112 -4.707
133.146681 -0.628 4.57 3.604 1.902 -0.885 -2.887 -1.003 1.405 -1.016 -3.006 -4.591 -5.667 1.627 -1.736 -3.864 -4.989 -5.76 -2.71 -4.034 -5.068 -5.683 -6.142 -4.187 -2.949 -4.501 -6.671 -6.991 -7.052 -4.647
137.173612 -0.568 4.63 3.664 1.962 -0.825 -2.827 -0.943 1.465 -0.956 -2.946 -4.531 -5.608 1.687 -1.676 -3.804 -4.929 -5.7 -2.65 -3.974 -5.008 -5.623 -6.082 -4.127 -2.889 -4.441 -6.611 -6.931 -6.992 -4.587
141.322334 -0.508 4.69 3.724 2.022 -0.765 -2.767 -0.883 1.525 -0.896 -2.886 -4.471 -5.547 1.748 -1.615 -3.744 -4.869 -5.64 -2.59 -3.914 -4.948 -5.563 -6.022 -4.067 -2.829 -4.381 -6.551 -6.871 -6.932 -4.527
145.596532 -0.448 4.75 3.785 2.082 -0.705 -2.707 -0.823 1.585 -0.836 -2.826 -4.41 -5.487 1.808 -1.555 -3.684 -4.809 -5.58 -2.53 -3.854 -4.887 -5.503 -5.962 -4.007 -2.769 -4.321 -6.491 -6.811 -6.872 -4.467
150.0 -0.388 4.811 3.845 2.142 -0.645 -2.647 -0.763 1.645 -0.776 -2.765 -4.35 -5.427 1.868 -1.495 -3.624 -4.749 -5.519 -2.47 -3.793 -4.827 -5.443 -5.902 -3.947 -2.709 -4.261 -6.431 -6.751 -6.812 -4.407
