web/models/kne.last_good/kappa_0.5_3.0.v2/35/villar_0.0035_0.1553_3.0000.dat
# %ECSV 1.0
# ---
# datatype:
# - {name: time, datatype: float64}
# - {name: swift_uvot_uvw2, datatype: float64}
# - {name: swift_uvot_uvm2, datatype: float64}
# - {name: swift_uvot_uvw1, datatype: float64}
# - {name: swift_uvot_U, datatype: float64}
# - {name: swift_uvot_B, datatype: float64}
# - {name: swift_uvot_V, datatype: float64}
# - {name: swift_uvot_W, datatype: float64}
# - {name: johnson_U, datatype: float64}
# - {name: johnson_B, datatype: float64}
# - {name: johnson_V, datatype: float64}
# - {name: johnson_R, datatype: float64}
# - {name: johnson_I, datatype: float64}
# - {name: sdss_u, datatype: float64}
# - {name: sdss_g, datatype: float64}
# - {name: sdss_r, datatype: float64}
# - {name: sdss_i, datatype: float64}
# - {name: sdss_z, datatype: float64}
# - {name: PS1_g, datatype: float64}
# - {name: PS1_r, datatype: float64}
# - {name: PS1_i, datatype: float64}
# - {name: PS1_z, datatype: float64}
# - {name: PS1_Y, datatype: float64}
# - {name: PS1_w, datatype: float64}
# - {name: ATLAS_c, datatype: float64}
# - {name: ATLAS_o, datatype: float64}
# - {name: ukirt_J, datatype: float64}
# - {name: ukirt_H, datatype: float64}
# - {name: ukirt_K, datatype: float64}
# - {name: Clear, datatype: float64}
# meta: !!omap
# - comment: [kappa = 3.0, type = villar, mass = 0.003465724215782086, velocity = 0.15533333333333332, theta_obs = 0.0, tfloor = 2500.0]
# schema: astropy-2.0
time swift_uvot_uvw2 swift_uvot_uvm2 swift_uvot_uvw1 swift_uvot_U swift_uvot_B swift_uvot_V swift_uvot_W johnson_U johnson_B johnson_V johnson_R johnson_I sdss_u sdss_g sdss_r sdss_i sdss_z PS1_g PS1_r PS1_i PS1_z PS1_Y PS1_w ATLAS_c ATLAS_o ukirt_J ukirt_H ukirt_K Clear
[from data line 139]
0.062906 -15.172 -14.825 -14.655 -14.149 -13.755 -13.342 -14.501 -14.09 -13.751 -13.331 -12.921 -12.449 -14.1 -13.623 -13.103 -12.728 -12.379 -13.648 -13.202 -12.864 -12.7 -12.894 -13.176 -13.42 -12.95 -11.689 -11.133 -10.494 -13.265
0.064808 -15.176 -14.841 -14.673 -14.174 -13.782 -13.372 -14.519 -14.115 -13.778 -13.361 -12.952 -12.482 -14.125 -13.651 -13.133 -12.76 -12.412 -13.673 -13.229 -12.89 -12.722 -12.904 -13.206 -13.449 -12.981 -11.723 -11.168 -10.53 -13.294
0.066769 -15.18 -14.857 -14.691 -14.198 -13.809 -13.402 -14.536 -14.14 -13.805 -13.391 -12.983 -12.514 -14.15 -13.679 -13.164 -12.792 -12.445 -13.698 -13.255 -12.916 -12.745 -12.915 -13.236 -13.478 -13.012 -11.757 -11.203 -10.565 -13.323
0.068788 -15.184 -14.871 -14.708 -14.222 -13.836 -13.431 -14.553 -14.164 -13.832 -13.42 -13.014 -12.546 -14.174 -13.707 -13.194 -12.823 -12.477 -13.723 -13.281 -12.942 -12.767 -12.927 -13.266 -13.507 -13.043 -11.791 -11.238 -10.601 -13.352
0.070868 -15.186 -14.885 -14.725 -14.246 -13.863 -13.46 -14.57 -14.188 -13.859 -13.449 -13.044 -12.579 -14.198 -13.734 -13.224 -12.855 -12.51 -13.748 -13.307 -12.968 -12.79 -12.938 -13.295 -13.535 -13.074 -11.825 -11.273 -10.636 -13.381
0.073012 -15.189 -14.898 -14.741 -14.269 -13.889 -13.488 -14.585 -14.212 -13.885 -13.478 -13.075 -12.611 -14.222 -13.761 -13.254 -12.886 -12.542 -13.772 -13.333 -12.994 -12.813 -12.951 -13.324 -13.563 -13.104 -11.859 -11.307 -10.672 -13.409
0.07522 -15.19 -14.911 -14.756 -14.291 -13.915 -13.517 -14.601 -14.235 -13.911 -13.506 -13.105 -12.642 -14.245 -13.788 -13.283 -12.917 -12.574 -13.797 -13.36 -13.02 -12.836 -12.963 -13.353 -13.591 -13.134 -11.893 -11.342 -10.707 -13.437
0.077495 -15.191 -14.922 -14.771 -14.313 -13.94 -13.545 -14.615 -14.257 -13.937 -13.534 -13.135 -12.674 -14.268 -13.814 -13.313 -12.948 -12.606 -13.821 -13.386 -13.046 -12.859 -12.977 -13.381 -13.619 -13.164 -11.926 -11.376 -10.742 -13.465
0.079839 -15.192 -14.933 -14.784 -14.335 -13.966 -13.573 -14.629 -14.28 -13.962 -13.562 -13.165 -12.706 -14.29 -13.84 -13.342 -12.978 -12.638 -13.845 -13.411 -13.072 -12.882 -12.99 -13.409 -13.646 -13.194 -11.96 -11.411 -10.777 -13.493
0.082253 -15.191 -14.943 -14.798 -14.356 -13.99 -13.601 -14.642 -14.302 -13.987 -13.59 -13.194 -12.737 -14.312 -13.866 -13.371 -13.009 -12.669 -13.869 -13.437 -13.098 -12.906 -13.004 -13.437 -13.673 -13.223 -11.993 -11.445 -10.812 -13.52
0.084741 -15.19 -14.953 -14.81 -14.377 -14.015 -13.628 -14.654 -14.323 -14.011 -13.617 -13.224 -12.768 -14.333 -13.891 -13.399 -13.039 -12.701 -13.892 -13.463 -13.124 -12.93 -13.018 -13.465 -13.7 -13.252 -12.026 -11.479 -10.847 -13.547
0.087304 -15.189 -14.961 -14.822 -14.397 -14.039 -13.655 -14.666 -14.344 -14.035 -13.644 -13.253 -12.799 -14.354 -13.916 -13.427 -13.069 -12.732 -13.916 -13.488 -13.15 -12.953 -13.033 -13.493 -13.726 -13.281 -12.059 -11.513 -10.882 -13.574
0.089944 -15.186 -14.969 -14.833 -14.417 -14.063 -13.682 -14.677 -14.364 -14.059 -13.671 -13.282 -12.83 -14.374 -13.941 -13.456 -13.099 -12.763 -13.939 -13.514 -13.176 -12.977 -13.048 -13.52 -13.752 -13.31 -12.092 -11.547 -10.917 -13.6
0.092665 -15.183 -14.975 -14.843 -14.436 -14.086 -13.708 -14.687 -14.384 -14.082 -13.697 -13.31 -12.86 -14.394 -13.965 -13.483 -13.128 -12.794 -13.961 -13.539 -13.202 -13.001 -13.064 -13.546 -13.777 -13.338 -12.125 -11.581 -10.952 -13.626
0.095467 -15.178 -14.981 -14.852 -14.454 -14.108 -13.734 -14.696 -14.403 -14.105 -13.723 -13.338 -12.891 -14.413 -13.989 -13.511 -13.158 -12.825 -13.984 -13.564 -13.227 -13.025 -13.08 -13.573 -13.803 -13.366 -12.158 -11.615 -10.987 -13.652
0.098355 -15.173 -14.986 -14.86 -14.472 -14.131 -13.76 -14.705 -14.422 -14.127 -13.749 -13.366 -12.921 -14.431 -14.013 -13.538 -13.187 -12.855 -14.006 -13.589 -13.253 -13.05 -13.096 -13.599 -13.827 -13.394 -12.19 -11.648 -11.021 -13.677
0.101329 -15.167 -14.989 -14.868 -14.489 -14.153 -13.785 -14.712 -14.44 -14.149 -13.774 -13.394 -12.951 -14.449 -14.035 -13.565 -13.215 -12.885 -14.028 -13.613 -13.279 -13.074 -13.112 -13.625 -13.852 -13.422 -12.222 -11.682 -11.056 -13.702
0.104394 -15.159 -14.992 -14.874 -14.506 -14.174 -13.81 -14.719 -14.457 -14.17 -13.799 -13.421 -12.98 -14.467 -14.058 -13.591 -13.244 -12.915 -14.049 -13.637 -13.304 -13.098 -13.129 -13.65 -13.876 -13.449 -12.255 -11.715 -11.09 -13.726
0.107551 -15.151 -14.993 -14.88 -14.522 -14.195 -13.834 -14.725 -14.474 -14.191 -13.824 -13.449 -13.01 -14.483 -14.08 -13.617 -13.272 -12.945 -14.07 -13.662 -13.329 -13.122 -13.146 -13.675 -13.9 -13.476 -12.287 -11.748 -11.124 -13.75
0.110804 -15.141 -14.994 -14.884 -14.537 -14.215 -13.858 -14.73 -14.49 -14.211 -13.848 -13.475 -13.039 -14.499 -14.102 -13.643 -13.3 -12.975 -14.091 -13.685 -13.355 -13.146 -13.163 -13.7 -13.923 -13.502 -12.318 -11.782 -11.158 -13.774
0.114155 -15.131 -14.993 -14.887 -14.552 -14.235 -13.882 -14.734 -14.506 -14.231 -13.872 -13.502 -13.068 -14.515 -14.123 -13.668 -13.328 -13.004 -14.111 -13.709 -13.38 -13.17 -13.18 -13.724 -13.946 -13.529 -12.35 -11.814 -11.193 -13.797
0.117608 -15.119 -14.991 -14.89 -14.566 -14.254 -13.905 -14.737 -14.52 -14.25 -13.895 -13.528 -13.097 -14.53 -14.143 -13.694 -13.355 -13.033 -14.131 -13.732 -13.404 -13.194 -13.198 -13.748 -13.968 -13.555 -12.382 -11.847 -11.226 -13.82
0.121165 -15.105 -14.987 -14.891 -14.579 -14.273 -13.928 -14.739 -14.535 -14.269 -13.918 -13.554 -13.125 -14.544 -14.163 -13.718 -13.382 -13.062 -14.15 -13.755 -13.429 -13.218 -13.216 -13.772 -13.99 -13.58 -12.413 -11.88 -11.26 -13.843
0.124829 -15.091 -14.982 -14.891 -14.591 -14.291 -13.951 -14.74 -14.548 -14.287 -13.94 -13.579 -13.153 -14.557 -14.183 -13.743 -13.409 -13.09 -14.169 -13.778 -13.453 -13.242 -13.234 -13.795 -14.011 -13.605 -12.444 -11.913 -11.294 -13.865
0.128605 -15.075 -14.976 -14.89 -14.603 -14.308 -13.973 -14.74 -14.56 -14.305 -13.962 -13.604 -13.181 -14.569 -14.202 -13.766 -13.435 -13.118 -14.187 -13.8 -13.478 -13.266 -13.252 -13.818 -14.032 -13.63 -12.475 -11.945 -11.328 -13.886
0.132494 -15.057 -14.969 -14.888 -14.614 -14.325 -13.994 -14.739 -14.572 -14.321 -13.984 -13.629 -13.208 -14.581 -14.22 -13.79 -13.461 -13.146 -14.205 -13.822 -13.502 -13.29 -13.271 -13.84 -14.053 -13.655 -12.506 -11.977 -11.361 -13.907
0.136502 -15.038 -14.96 -14.884 -14.623 -14.341 -14.015 -14.737 -14.583 -14.338 -14.005 -13.653 -13.236 -14.592 -14.238 -13.813 -13.487 -13.174 -14.222 -13.844 -13.525 -13.313 -13.289 -13.861 -14.072 -13.679 -12.536 -12.009 -11.395 -13.928
0.14063 -15.018 -14.949 -14.88 -14.632 -14.357 -14.035 -14.733 -14.593 -14.353 -14.025 -13.677 -13.263 -14.602 -14.255 -13.835 -13.512 -13.201 -14.239 -13.865 -13.549 -13.337 -13.308 -13.883 -14.092 -13.702 -12.566 -12.041 -11.428 -13.948
0.144883 -14.996 -14.937 -14.873 -14.64 -14.372 -14.055 -14.729 -14.602 -14.368 -14.045 -13.7 -13.289 -14.611 -14.272 -13.858 -13.537 -13.228 -14.255 -13.886 -13.572 -13.36 -13.326 -13.903 -14.11 -13.726 -12.596 -12.073 -11.461 -13.967
0.149265 -14.972 -14.924 -14.866 -14.648 -14.386 -14.075 -14.723 -14.611 -14.382 -14.065 -13.723 -13.315 -14.619 -14.288 -13.879 -13.562 -13.255 -14.271 -13.906 -13.595 -13.383 -13.345 -13.923 -14.129 -13.748 -12.626 -12.104 -11.494 -13.986
0.15378 -14.946 -14.908 -14.857 -14.654 -14.399 -14.093 -14.716 -14.618 -14.395 -14.084 -13.746 -13.341 -14.626 -14.303 -13.9 -13.586 -13.282 -14.286 -13.926 -13.617 -13.406 -13.364 -13.943 -14.146 -13.771 -12.656 -12.136 -11.527 -14.005
0.15843 -14.919 -14.891 -14.846 -14.659 -14.412 -14.111 -14.708 -14.624 -14.408 -14.102 -13.768 -13.367 -14.632 -14.317 -13.921 -13.61 -13.308 -14.3 -13.946 -13.639 -13.428 -13.382 -13.962 -14.163 -13.793 -12.685 -12.167 -11.559 -14.022
0.163222 -14.889 -14.872 -14.834 -14.663 -14.423 -14.129 -14.699 -14.63 -14.42 -14.119 -13.79 -13.392 -14.637 -14.331 -13.941 -13.633 -13.333 -14.314 -13.965 -13.661 -13.451 -13.401 -13.981 -14.179 -13.814 -12.714 -12.198 -11.592 -14.039
0.168159 -14.858 -14.852 -14.821 -14.666 -14.434 -14.146 -14.688 -14.634 -14.431 -14.136 -13.811 -13.417 -14.642 -14.344 -13.961 -13.656 -13.359 -14.327 -13.983 -13.683 -13.473 -13.42 -13.999 -14.195 -13.835 -12.743 -12.229 -11.624 -14.056
0.173245 -14.824 -14.829 -14.805 -14.667 -14.444 -14.162 -14.676 -14.637 -14.441 -14.153 -13.831 -13.441 -14.645 -14.356 -13.98 -13.679 -13.384 -14.339 -14.001 -13.704 -13.495 -13.438 -14.016 -14.21 -13.855 -12.772 -12.259 -11.657 -14.072
0.178484 -14.789 -14.804 -14.788 -14.668 -14.453 -14.178 -14.663 -14.639 -14.45 -14.168 -13.851 -13.465 -14.646 -14.367 -13.998 -13.701 -13.408 -14.351 -14.019 -13.725 -13.517 -13.457 -14.033 -14.224 -13.875 -12.8 -12.29 -11.689 -14.087
0.183882 -14.751 -14.778 -14.77 -14.667 -14.462 -14.192 -14.648 -14.64 -14.458 -14.183 -13.871 -13.489 -14.647 -14.378 -14.016 -13.722 -13.432 -14.361 -14.035 -13.745 -13.538 -13.476 -14.049 -14.237 -13.894 -12.828 -12.32 -11.721 -14.102
0.189444 -14.711 -14.749 -14.749 -14.665 -14.469 -14.207 -14.631 -14.64 -14.465 -14.197 -13.89 -13.512 -14.647 -14.387 -14.033 -13.743 -13.456 -14.371 -14.052 -13.765 -13.559 -13.494 -14.064 -14.25 -13.913 -12.856 -12.35 -11.752 -14.115
0.195173 -14.669 -14.718 -14.727 -14.662 -14.475 -14.22 -14.614 -14.638 -14.472 -14.211 -13.908 -13.535 -14.645 -14.396 -14.049 -13.763 -13.479 -14.38 -14.067 -13.784 -13.58 -13.512 -14.079 -14.261 -13.931 -12.883 -12.379 -11.784 -14.128
0.201076 -14.625 -14.684 -14.702 -14.657 -14.48 -14.232 -14.595 -14.635 -14.477 -14.223 -13.926 -13.557 -14.642 -14.404 -14.065 -13.783 -13.502 -14.388 -14.082 -13.803 -13.6 -13.53 -14.093 -14.272 -13.948 -12.91 -12.409 -11.815 -14.141
0.207158 -14.577 -14.648 -14.676 -14.651 -14.484 -14.244 -14.574 -14.631 -14.481 -14.235 -13.943 -13.578 -14.637 -14.41 -14.08 -13.803 -13.525 -14.395 -14.097 -13.821 -13.62 -13.548 -14.106 -14.283 -13.965 -12.937 -12.438 -11.846 -14.152
0.213423 -14.528 -14.61 -14.648 -14.644 -14.487 -14.255 -14.552 -14.625 -14.484 -14.246 -13.959 -13.6 -14.631 -14.416 -14.094 -13.821 -13.547 -14.402 -14.11 -13.839 -13.64 -13.566 -14.118 -14.292 -13.981 -12.964 -12.467 -11.877 -14.163
0.219878 -14.475 -14.569 -14.617 -14.635 -14.489 -14.265 -14.528 -14.618 -14.486 -14.256 -13.975 -13.62 -14.624 -14.421 -14.108 -13.84 -13.568 -14.407 -14.123 -13.856 -13.659 -13.584 -14.13 -14.3 -13.996 -12.99 -12.496 -11.908 -14.173
0.226528 -14.42 -14.526 -14.585 -14.624 -14.49 -14.274 -14.503 -14.61 -14.487 -14.266 -13.99 -13.641 -14.615 -14.424 -14.121 -13.857 -13.589 -14.411 -14.136 -13.873 -13.677 -13.601 -14.141 -14.307 -14.011 -13.016 -12.524 -11.939 -14.182
0.233379 -14.362 -14.48 -14.55 -14.612 -14.489 -14.282 -14.476 -14.599 -14.486 -14.274 -14.004 -13.66 -14.604 -14.427 -14.133 -13.874 -13.609 -14.415 -14.147 -13.889 -13.696 -13.618 -14.151 -14.314 -14.025 -13.041 -12.552 -11.969 -14.19
0.240437 -14.302 -14.431 -14.512 -14.598 -14.488 -14.29 -14.447 -14.588 -14.484 -14.281 -14.018 -13.679 -14.592 -14.428 -14.144 -13.89 -13.629 -14.417 -14.158 -13.905 -13.713 -13.635 -14.16 -14.319 -14.038 -13.066 -12.58 -11.999 -14.197
0.247709 -14.238 -14.379 -14.473 -14.582 -14.484 -14.296 -14.417 -14.574 -14.481 -14.288 -14.031 -13.698 -14.578 -14.428 -14.154 -13.906 -13.649 -14.418 -14.167 -13.92 -13.731 -13.651 -14.168 -14.323 -14.05 -13.091 -12.608 -12.029 -14.203
0.255201 -14.171 -14.325 -14.43 -14.565 -14.48 -14.301 -14.385 -14.559 -14.477 -14.293 -14.043 -13.716 -14.563 -14.427 -14.164 -13.921 -13.667 -14.417 -14.176 -13.934 -13.747 -13.667 -14.175 -14.326 -14.062 -13.115 -12.635 -12.059 -14.209
0.262919 -14.101 -14.267 -14.386 -14.545 -14.474 -14.305 -14.351 -14.542 -14.471 -14.297 -14.054 -13.733 -14.545 -14.424 -14.172 -13.935 -13.685 -14.416 -14.184 -13.947 -13.764 -13.683 -14.182 -14.329 -14.073 -13.139 -12.662 -12.089 -14.213
0.270871 -14.027 -14.206 -14.338 -14.524 -14.466 -14.308 -14.315 -14.523 -14.463 -14.3 -14.064 -13.75 -14.526 -14.42 -14.18 -13.948 -13.703 -14.413 -14.191 -13.96 -13.779 -13.698 -14.187 -14.329 -14.083 -13.162 -12.689 -12.118 -14.216
0.279064 -13.951 -14.141 -14.288 -14.501 -14.457 -14.31 -14.278 -14.502 -14.454 -14.302 -14.074 -13.765 -14.504 -14.415 -14.186 -13.961 -13.72 -14.409 -14.198 -13.972 -13.794 -13.713 -14.191 -14.329 -14.092 -13.185 -12.715 -12.147 -14.218
0.287504 -13.87 -14.073 -14.235 -14.475 -14.447 -14.31 -14.239 -14.479 -14.444 -14.303 -14.082 -13.781 -14.481 -14.408 -14.192 -13.972 -13.736 -14.404 -14.203 -13.983 -13.808 -13.727 -14.194 -14.327 -14.1 -13.208 -12.741 -12.176 -14.219
0.296199 -13.787 -14.002 -14.179 -14.447 -14.434 -14.31 -14.198 -14.454 -14.432 -14.303 -14.09 -13.795 -14.456 -14.4 -14.196 -13.983 -13.751 -14.397 -14.207 -13.994 -13.822 -13.741 -14.196 -14.324 -14.107 -13.23 -12.766 -12.204 -14.219
0.305157 -13.699 -13.927 -14.121 -14.418 -14.42 -14.308 -14.155 -14.427 -14.418 -14.301 -14.096 -13.809 -14.428 -14.39 -14.2 -13.993 -13.766 -14.388 -14.21 -14.003 -13.835 -13.755 -14.197 -14.32 -14.113 -13.252 -12.792 -12.233 -14.218
0.314387 -13.608 -13.848 -14.059 -14.385 -14.405 -14.304 -14.111 -14.397 -14.402 -14.298 -14.102 -13.822 -14.398 -14.379 -14.202 -14.002 -13.78 -14.378 -14.212 -14.012 -13.848 -13.768 -14.197 -14.314 -14.118 -13.273 -12.817 -12.26 -14.215
0.323895 -13.514 -13.766 -13.994 -14.351 -14.387 -14.299 -14.064 -14.366 -14.385 -14.293 -14.106 -13.834 -14.366 -14.366 -14.203 -14.011 -13.794 -14.367 -14.212 -14.02 -13.859 -13.78 -14.196 -14.307 -14.121 -13.293 -12.841 -12.288 -14.212
0.333691 -13.415 -13.679 -13.925 -14.313 -14.368 -14.293 -14.016 -14.332 -14.365 -14.287 -14.109 -13.845 -14.331 -14.351 -14.203 -14.018 -13.806 -14.354 -14.212 -14.027 -13.87 -13.792 -14.193 -14.299 -14.124 -13.313 -12.865 -12.316 -14.207
0.343783 -13.312 -13.589 -13.854 -14.274 -14.346 -14.285 -13.966 -14.295 -14.344 -14.28 -14.112 -13.856 -14.294 -14.335 -14.201 -14.024 -13.818 -14.339 -14.21 -14.033 -13.88 -13.803 -14.189 -14.288 -14.126 -13.333 -12.889 -12.343 -14.2
0.354181 -13.205 -13.494 -13.779 -14.231 -14.323 -14.276 -13.913 -14.256 -14.321 -14.271 -14.113 -13.866 -14.254 -14.316 -14.198 -14.029 -13.829 -14.322 -14.207 -14.037 -13.889 -13.814 -14.183 -14.277 -14.126 -13.352 -12.912 -12.37 -14.192
0.364893 -13.094 -13.394 -13.7 -14.186 -14.297 -14.265 -13.859 -14.214 -14.295 -14.26 -14.113 -13.874 -14.211 -14.296 -14.194 -14.033 -13.838 -14.304 -14.202 -14.041 -13.897 -13.823 -14.176 -14.263 -14.125 -13.37 -12.935 -12.396 -14.183
0.375929 -12.979 -13.291 -13.618 -14.138 -14.269 -14.253 -13.803 -14.17 -14.267 -14.248 -14.111 -13.882 -14.166 -14.273 -14.188 -14.036 -13.848 -14.284 -14.196 -14.044 -13.905 -13.833 -14.168 -14.248 -14.123 -13.388 -12.957 -12.422 -14.172
0.387298 -12.859 -13.182 -13.532 -14.087 -14.239 -14.238 -13.744 -14.122 -14.238 -14.234 -14.108 -13.889 -14.118 -14.249 -14.181 -14.038 -13.856 -14.261 -14.189 -14.045 -13.911 -13.841 -14.158 -14.231 -14.12 -13.405 -12.979 -12.448 -14.16
0.399012 -12.735 -13.069 -13.442 -14.032 -14.207 -14.222 -13.684 -14.072 -14.205 -14.218 -14.104 -13.895 -14.067 -14.222 -14.172 -14.038 -13.863 -14.237 -14.18 -14.046 -13.917 -13.849 -14.147 -14.212 -14.115 -13.421 -13.001 -12.474 -14.147
0.41108 -12.607 -12.951 -13.348 -13.975 -14.172 -14.204 -13.621 -14.018 -14.171 -14.2 -14.099 -13.899 -14.012 -14.193 -14.162 -14.037 -13.869 -14.21 -14.17 -14.045 -13.921 -13.856 -14.134 -14.191 -14.109 -13.437 -13.022 -12.499 -14.131
0.423513 -12.474 -12.828 -13.25 -13.914 -14.134 -14.184 -13.557 -13.962 -14.133 -14.181 -14.092 -13.903 -13.955 -14.162 -14.15 -14.035 -13.874 -14.182 -14.158 -14.043 -13.925 -13.862 -14.12 -14.168 -14.101 -13.452 -13.042 -12.523 -14.114
0.436321 -12.337 -12.699 -13.148 -13.85 -14.094 -14.162 -13.49 -13.902 -14.093 -14.159 -14.083 -13.905 -13.894 -14.129 -14.136 -14.032 -13.878 -14.151 -14.144 -14.04 -13.927 -13.867 -14.104 -14.144 -14.091 -13.467 -13.062 -12.548 -14.096
0.449518 -12.195 -12.565 -13.042 -13.783 -14.051 -14.138 -13.421 -13.839 -14.051 -14.136 -14.073 -13.907 -13.83 -14.093 -14.121 -14.027 -13.881 -14.117 -14.128 -14.035 -13.929 -13.871 -14.086 -14.117 -14.081 -13.48 -13.082 -12.572 -14.075
