web/models/kne.last_good/kappa_0.5_3.0.v2/35/villar_0.1443_0.1867_3.0000.dat
# %ECSV 1.0
# ---
# datatype:
# - {name: time, datatype: float64}
# - {name: swift_uvot_uvw2, datatype: float64}
# - {name: swift_uvot_uvm2, datatype: float64}
# - {name: swift_uvot_uvw1, datatype: float64}
# - {name: swift_uvot_U, datatype: float64}
# - {name: swift_uvot_B, datatype: float64}
# - {name: swift_uvot_V, datatype: float64}
# - {name: swift_uvot_W, datatype: float64}
# - {name: johnson_U, datatype: float64}
# - {name: johnson_B, datatype: float64}
# - {name: johnson_V, datatype: float64}
# - {name: johnson_R, datatype: float64}
# - {name: johnson_I, datatype: float64}
# - {name: sdss_u, datatype: float64}
# - {name: sdss_g, datatype: float64}
# - {name: sdss_r, datatype: float64}
# - {name: sdss_i, datatype: float64}
# - {name: sdss_z, datatype: float64}
# - {name: PS1_g, datatype: float64}
# - {name: PS1_r, datatype: float64}
# - {name: PS1_i, datatype: float64}
# - {name: PS1_z, datatype: float64}
# - {name: PS1_Y, datatype: float64}
# - {name: PS1_w, datatype: float64}
# - {name: ATLAS_c, datatype: float64}
# - {name: ATLAS_o, datatype: float64}
# - {name: ukirt_J, datatype: float64}
# - {name: ukirt_H, datatype: float64}
# - {name: ukirt_K, datatype: float64}
# - {name: Clear, datatype: float64}
# meta: !!omap
# - comment: [kappa = 3.0, type = villar, mass = 0.1442699905917794, velocity = 0.1866666666666667, theta_obs = 0.0, tfloor = 2500.0]
# schema: astropy-2.0
time swift_uvot_uvw2 swift_uvot_uvm2 swift_uvot_uvw1 swift_uvot_U swift_uvot_B swift_uvot_V swift_uvot_W johnson_U johnson_B johnson_V johnson_R johnson_I sdss_u sdss_g sdss_r sdss_i sdss_z PS1_g PS1_r PS1_i PS1_z PS1_Y PS1_w ATLAS_c ATLAS_o ukirt_J ukirt_H ukirt_K Clear
[from data line 69]
0.007814 -18.085 -15.094 -13.971 -13.258 -12.769 -12.283 -13.835 -13.182 -12.765 -12.271 -11.809 -11.289 -13.194 -12.613 -12.01 -11.592 -11.211 -15.195 -14.965 -14.962 -15.352 -16.327 -12.108 -12.379 -11.842 -10.473 -9.89 -9.228 -12.217
0.00805 -18.071 -15.101 -14.007 -13.295 -12.806 -12.32 -13.871 -13.219 -12.802 -12.309 -11.846 -11.326 -13.231 -12.65 -12.048 -11.63 -11.249 -15.185 -14.953 -14.949 -15.338 -16.312 -12.145 -12.417 -11.879 -10.511 -9.928 -9.266 -12.255
0.008294 -18.057 -15.109 -14.044 -13.332 -12.843 -12.358 -13.908 -13.257 -12.839 -12.346 -11.884 -11.364 -13.268 -12.688 -12.085 -11.667 -11.287 -15.174 -14.941 -14.936 -15.324 -16.297 -12.183 -12.454 -11.917 -10.549 -9.966 -9.304 -12.292
0.008545 -18.044 -15.118 -14.081 -13.369 -12.881 -12.395 -13.945 -13.294 -12.877 -12.383 -11.921 -11.402 -13.305 -12.725 -12.123 -11.705 -11.324 -15.164 -14.93 -14.923 -15.31 -16.282 -12.22 -12.491 -11.954 -10.586 -10.004 -9.341 -12.329
0.008803 -18.03 -15.127 -14.117 -13.406 -12.918 -12.433 -13.981 -13.331 -12.914 -12.421 -11.959 -11.439 -13.343 -12.762 -12.16 -11.742 -11.362 -15.154 -14.918 -14.911 -15.296 -16.267 -12.258 -12.529 -11.992 -10.624 -10.041 -9.379 -12.367
0.009069 -18.017 -15.137 -14.154 -13.443 -12.955 -12.47 -14.018 -13.368 -12.951 -12.458 -11.996 -11.477 -13.38 -12.8 -12.198 -11.78 -11.399 -15.144 -14.907 -14.898 -15.282 -16.252 -12.295 -12.566 -12.029 -10.662 -10.079 -9.417 -12.404
0.009344 -18.003 -15.148 -14.191 -13.48 -12.992 -12.507 -14.055 -13.405 -12.988 -12.496 -12.034 -11.514 -13.417 -12.837 -12.235 -11.818 -11.437 -15.134 -14.896 -14.886 -15.268 -16.238 -12.332 -12.603 -12.067 -10.7 -10.117 -9.455 -12.442
0.009626 -17.99 -15.159 -14.227 -13.517 -13.029 -12.545 -14.091 -13.442 -13.026 -12.533 -12.071 -11.552 -13.454 -12.874 -12.273 -11.855 -11.475 -15.125 -14.885 -14.873 -15.254 -16.223 -12.37 -12.641 -12.104 -10.737 -10.155 -9.493 -12.479
0.009917 -17.977 -15.17 -14.264 -13.554 -13.067 -12.582 -14.127 -13.479 -13.063 -12.57 -12.109 -11.589 -13.491 -12.911 -12.31 -11.893 -11.512 -15.116 -14.875 -14.861 -15.241 -16.208 -12.407 -12.678 -12.142 -10.775 -10.192 -9.531 -12.516
0.010217 -17.964 -15.183 -14.3 -13.591 -13.104 -12.619 -14.164 -13.516 -13.1 -12.608 -12.146 -11.627 -13.528 -12.949 -12.347 -11.93 -11.55 -15.107 -14.864 -14.849 -15.227 -16.193 -12.444 -12.715 -12.179 -10.813 -10.23 -9.568 -12.554
0.010526 -17.951 -15.195 -14.337 -13.628 -13.141 -12.657 -14.2 -13.553 -13.137 -12.645 -12.184 -11.665 -13.565 -12.986 -12.385 -11.968 -11.587 -15.098 -14.854 -14.837 -15.213 -16.178 -12.482 -12.753 -12.217 -10.85 -10.268 -9.606 -12.591
0.010845 -17.938 -15.209 -14.373 -13.665 -13.178 -12.694 -14.237 -13.59 -13.174 -12.682 -12.221 -11.702 -13.602 -13.023 -12.422 -12.005 -11.625 -15.09 -14.844 -14.826 -15.2 -16.163 -12.519 -12.79 -12.254 -10.888 -10.306 -9.644 -12.628
0.011173 -17.925 -15.223 -14.409 -13.702 -13.215 -12.731 -14.273 -13.627 -13.211 -12.72 -12.259 -11.74 -13.639 -13.06 -12.459 -12.043 -11.663 -15.082 -14.835 -14.814 -15.187 -16.149 -12.556 -12.827 -12.292 -10.926 -10.343 -9.682 -12.665
0.011511 -17.912 -15.237 -14.446 -13.739 -13.252 -12.769 -14.309 -13.664 -13.248 -12.757 -12.296 -11.777 -13.675 -13.097 -12.497 -12.08 -11.7 -15.074 -14.825 -14.803 -15.173 -16.134 -12.594 -12.864 -12.329 -10.963 -10.381 -9.72 -12.703
0.011859 -17.9 -15.253 -14.482 -13.775 -13.289 -12.806 -14.345 -13.7 -13.285 -12.794 -12.333 -11.815 -13.712 -13.134 -12.534 -12.117 -11.738 -15.067 -14.816 -14.792 -15.16 -16.119 -12.631 -12.902 -12.366 -11.001 -10.419 -9.757 -12.74
0.012217 -17.887 -15.268 -14.518 -13.812 -13.326 -12.843 -14.382 -13.737 -13.323 -12.831 -12.371 -11.852 -13.749 -13.171 -12.571 -12.155 -11.775 -15.06 -14.807 -14.781 -15.147 -16.104 -12.668 -12.939 -12.404 -11.039 -10.457 -9.795 -12.777
0.012587 -17.875 -15.285 -14.554 -13.849 -13.363 -12.88 -14.418 -13.774 -13.36 -12.868 -12.408 -11.89 -13.786 -13.208 -12.609 -12.192 -11.813 -15.053 -14.798 -14.77 -15.134 -16.09 -12.705 -12.976 -12.441 -11.076 -10.494 -9.833 -12.814
0.012968 -17.863 -15.301 -14.591 -13.886 -13.4 -12.917 -14.454 -13.811 -13.397 -12.906 -12.445 -11.927 -13.823 -13.246 -12.646 -12.23 -11.85 -15.047 -14.79 -14.76 -15.121 -16.075 -12.743 -13.013 -12.478 -11.114 -10.532 -9.871 -12.851
0.01336 -17.851 -15.319 -14.627 -13.922 -13.437 -12.955 -14.49 -13.848 -13.433 -12.943 -12.483 -11.965 -13.859 -13.283 -12.683 -12.267 -11.888 -15.041 -14.782 -14.749 -15.109 -16.061 -12.78 -13.05 -12.516 -11.152 -10.57 -9.909 -12.888
0.013764 -17.839 -15.337 -14.663 -13.959 -13.474 -12.992 -14.526 -13.884 -13.47 -12.98 -12.52 -12.002 -13.896 -13.32 -12.721 -12.304 -11.925 -15.036 -14.774 -14.739 -15.096 -16.046 -12.817 -13.087 -12.553 -11.189 -10.608 -9.946 -12.925
0.01418 -17.828 -15.355 -14.699 -13.996 -13.511 -13.029 -14.562 -13.921 -13.507 -13.017 -12.557 -12.04 -13.933 -13.357 -12.758 -12.342 -11.963 -15.031 -14.767 -14.729 -15.084 -16.032 -12.854 -13.124 -12.59 -11.227 -10.645 -9.984 -12.963
0.014609 -17.816 -15.374 -14.735 -14.032 -13.548 -13.066 -14.598 -13.958 -13.544 -13.054 -12.595 -12.077 -13.969 -13.393 -12.795 -12.379 -12.0 -15.026 -14.76 -14.72 -15.072 -16.017 -12.891 -13.161 -12.627 -11.264 -10.683 -10.022 -13.0
0.015051 -17.805 -15.393 -14.771 -14.069 -13.585 -13.103 -14.633 -13.994 -13.581 -13.091 -12.632 -12.114 -14.006 -13.43 -12.832 -12.416 -12.037 -15.022 -14.753 -14.711 -15.059 -16.003 -12.928 -13.198 -12.665 -11.302 -10.721 -10.06 -13.037
0.015506 -17.794 -15.413 -14.806 -14.105 -13.622 -13.14 -14.669 -14.031 -13.618 -13.128 -12.669 -12.152 -14.042 -13.467 -12.869 -12.454 -12.075 -15.018 -14.747 -14.701 -15.047 -15.989 -12.965 -13.235 -12.702 -11.34 -10.758 -10.097 -13.074
0.015975 -17.783 -15.434 -14.842 -14.142 -13.658 -13.177 -14.705 -14.067 -13.655 -13.165 -12.706 -12.189 -14.079 -13.504 -12.906 -12.491 -12.112 -15.014 -14.741 -14.693 -15.036 -15.975 -13.003 -13.272 -12.739 -11.377 -10.796 -10.135 -13.111
0.016458 -17.772 -15.454 -14.878 -14.178 -13.695 -13.214 -14.741 -14.104 -13.691 -13.202 -12.743 -12.226 -14.115 -13.541 -12.944 -12.528 -12.15 -15.011 -14.735 -14.684 -15.024 -15.961 -13.04 -13.309 -12.776 -11.415 -10.834 -10.173 -13.148
0.016956 -17.762 -15.476 -14.914 -14.214 -13.732 -13.251 -14.776 -14.14 -13.728 -13.239 -12.781 -12.264 -14.152 -13.578 -12.981 -12.566 -12.187 -15.009 -14.73 -14.676 -15.013 -15.946 -13.077 -13.346 -12.813 -11.452 -10.871 -10.211 -13.185
0.017469 -17.751 -15.497 -14.949 -14.251 -13.769 -13.288 -14.812 -14.177 -13.765 -13.276 -12.818 -12.301 -14.188 -13.615 -13.018 -12.603 -12.224 -15.007 -14.725 -14.668 -15.001 -15.932 -13.114 -13.383 -12.851 -11.49 -10.909 -10.248 -13.221
0.017997 -17.741 -15.519 -14.985 -14.287 -13.805 -13.325 -14.847 -14.213 -13.801 -13.313 -12.855 -12.338 -14.225 -13.651 -13.055 -12.64 -12.262 -15.005 -14.72 -14.661 -14.99 -15.918 -13.151 -13.42 -12.888 -11.527 -10.946 -10.286 -13.258
0.018541 -17.731 -15.542 -15.02 -14.323 -13.842 -13.362 -14.883 -14.249 -13.838 -13.35 -12.892 -12.376 -14.261 -13.688 -13.092 -12.677 -12.299 -15.004 -14.716 -14.653 -14.979 -15.905 -13.187 -13.457 -12.925 -11.565 -10.984 -10.324 -13.295
0.019102 -17.721 -15.565 -15.056 -14.36 -13.878 -13.399 -14.918 -14.286 -13.875 -13.387 -12.929 -12.413 -14.297 -13.725 -13.129 -12.714 -12.336 -15.003 -14.713 -14.646 -14.969 -15.891 -13.224 -13.494 -12.962 -11.602 -11.022 -10.362 -13.332
0.01968 -17.712 -15.588 -15.091 -14.396 -13.915 -13.436 -14.953 -14.322 -13.911 -13.424 -12.966 -12.45 -14.334 -13.761 -13.166 -12.752 -12.374 -15.003 -14.71 -14.64 -14.958 -15.877 -13.261 -13.53 -12.999 -11.64 -11.059 -10.399 -13.369
0.020275 -17.703 -15.612 -15.126 -14.432 -13.951 -13.472 -14.988 -14.358 -13.948 -13.461 -13.003 -12.488 -14.37 -13.798 -13.203 -12.789 -12.411 -15.003 -14.707 -14.634 -14.948 -15.863 -13.298 -13.567 -13.036 -11.677 -11.097 -10.437 -13.406
0.020888 -17.694 -15.635 -15.162 -14.468 -13.988 -13.509 -15.024 -14.394 -13.984 -13.498 -13.04 -12.525 -14.406 -13.835 -13.24 -12.826 -12.448 -15.004 -14.705 -14.628 -14.938 -15.85 -13.335 -13.604 -13.073 -11.715 -11.135 -10.475 -13.442
0.02152 -17.685 -15.66 -15.197 -14.504 -14.024 -13.546 -15.059 -14.43 -14.021 -13.534 -13.077 -12.562 -14.442 -13.871 -13.277 -12.863 -12.485 -15.006 -14.703 -14.622 -14.928 -15.836 -13.372 -13.64 -13.11 -11.752 -11.172 -10.512 -13.479
0.022171 -17.676 -15.684 -15.232 -14.54 -14.061 -13.583 -15.094 -14.466 -14.057 -13.571 -13.114 -12.599 -14.478 -13.908 -13.314 -12.9 -12.523 -15.008 -14.702 -14.617 -14.919 -15.823 -13.409 -13.677 -13.147 -11.79 -11.21 -10.55 -13.516
0.022841 -17.668 -15.709 -15.267 -14.576 -14.097 -13.619 -15.129 -14.502 -14.093 -13.608 -13.151 -12.636 -14.514 -13.944 -13.35 -12.937 -12.56 -15.01 -14.701 -14.613 -14.909 -15.81 -13.445 -13.714 -13.184 -11.827 -11.247 -10.588 -13.552
0.023532 -17.66 -15.735 -15.302 -14.612 -14.133 -13.656 -15.163 -14.538 -14.13 -13.644 -13.188 -12.673 -14.55 -13.981 -13.387 -12.974 -12.597 -15.013 -14.701 -14.609 -14.9 -15.796 -13.482 -13.75 -13.221 -11.864 -11.285 -10.625 -13.589
0.024244 -17.652 -15.76 -15.337 -14.648 -14.17 -13.693 -15.198 -14.574 -14.166 -13.681 -13.225 -12.711 -14.586 -14.017 -13.424 -13.011 -12.634 -15.017 -14.701 -14.605 -14.892 -15.783 -13.519 -13.787 -13.257 -11.902 -11.322 -10.663 -13.626
0.024977 -17.645 -15.786 -15.372 -14.684 -14.206 -13.729 -15.233 -14.61 -14.202 -13.718 -13.262 -12.748 -14.622 -14.053 -13.461 -13.048 -12.671 -15.021 -14.702 -14.601 -14.883 -15.77 -13.555 -13.823 -13.294 -11.939 -11.36 -10.701 -13.662
0.025733 -17.638 -15.812 -15.406 -14.719 -14.242 -13.766 -15.267 -14.646 -14.238 -13.754 -13.299 -12.785 -14.658 -14.09 -13.497 -13.085 -12.708 -15.026 -14.703 -14.599 -14.875 -15.758 -13.592 -13.86 -13.331 -11.977 -11.397 -10.738 -13.699
0.026511 -17.631 -15.838 -15.441 -14.755 -14.278 -13.802 -15.302 -14.682 -14.275 -13.791 -13.335 -12.822 -14.693 -14.126 -13.534 -13.122 -12.746 -15.031 -14.705 -14.596 -14.867 -15.745 -13.628 -13.896 -13.368 -12.014 -11.435 -10.776 -13.735
0.027313 -17.625 -15.865 -15.475 -14.791 -14.314 -13.839 -15.336 -14.717 -14.311 -13.827 -13.372 -12.859 -14.729 -14.162 -13.571 -13.159 -12.783 -15.037 -14.708 -14.594 -14.86 -15.732 -13.665 -13.933 -13.405 -12.051 -11.472 -10.813 -13.771
0.028139 -17.618 -15.891 -15.51 -14.826 -14.35 -13.875 -15.371 -14.753 -14.347 -13.864 -13.409 -12.896 -14.765 -14.198 -13.607 -13.196 -12.82 -15.044 -14.711 -14.593 -14.853 -15.72 -13.701 -13.969 -13.441 -12.089 -11.51 -10.851 -13.808
0.02899 -17.613 -15.918 -15.544 -14.862 -14.386 -13.912 -15.405 -14.788 -14.383 -13.9 -13.446 -12.933 -14.8 -14.234 -13.644 -13.233 -12.857 -15.051 -14.714 -14.592 -14.846 -15.708 -13.738 -14.005 -13.478 -12.126 -11.547 -10.889 -13.844
0.029867 -17.607 -15.945 -15.578 -14.897 -14.422 -13.948 -15.439 -14.824 -14.419 -13.936 -13.482 -12.97 -14.836 -14.27 -13.681 -13.269 -12.894 -15.058 -14.718 -14.591 -14.839 -15.695 -13.774 -14.042 -13.515 -12.163 -11.585 -10.926 -13.88
0.03077 -17.602 -15.972 -15.613 -14.932 -14.458 -13.984 -15.473 -14.859 -14.455 -13.973 -13.519 -13.007 -14.871 -14.306 -13.717 -13.306 -12.931 -15.067 -14.723 -14.591 -14.833 -15.683 -13.811 -14.078 -13.551 -12.2 -11.622 -10.964 -13.917
0.031701 -17.597 -16.0 -15.647 -14.968 -14.494 -14.021 -15.507 -14.895 -14.49 -14.009 -13.555 -13.044 -14.906 -14.342 -13.754 -13.343 -12.968 -15.076 -14.728 -14.592 -14.827 -15.671 -13.847 -14.114 -13.588 -12.238 -11.659 -11.001 -13.953
0.032659 -17.592 -16.027 -15.681 -15.003 -14.53 -14.057 -15.541 -14.93 -14.526 -14.045 -13.592 -13.08 -14.942 -14.378 -13.79 -13.38 -13.004 -15.085 -14.734 -14.593 -14.822 -15.66 -13.883 -14.15 -13.624 -12.275 -11.697 -11.039 -13.989
0.033647 -17.588 -16.055 -15.714 -15.038 -14.566 -14.093 -15.574 -14.965 -14.562 -14.082 -13.629 -13.117 -14.977 -14.414 -13.826 -13.416 -13.041 -15.095 -14.74 -14.594 -14.817 -15.648 -13.92 -14.186 -13.661 -12.312 -11.734 -11.076 -14.025
0.034665 -17.584 -16.083 -15.748 -15.073 -14.601 -14.129 -15.608 -15.0 -14.598 -14.118 -13.665 -13.154 -15.012 -14.45 -13.863 -13.453 -13.078 -15.106 -14.747 -14.596 -14.812 -15.637 -13.956 -14.222 -13.697 -12.349 -11.772 -11.114 -14.061
0.035713 -17.581 -16.111 -15.782 -15.108 -14.637 -14.165 -15.641 -15.036 -14.633 -14.154 -13.702 -13.191 -15.047 -14.486 -13.899 -13.49 -13.115 -15.117 -14.755 -14.599 -14.808 -15.626 -13.992 -14.258 -13.734 -12.386 -11.809 -11.151 -14.097
0.036793 -17.578 -16.139 -15.815 -15.143 -14.672 -14.201 -15.675 -15.071 -14.669 -14.19 -13.738 -13.228 -15.082 -14.522 -13.935 -13.526 -13.152 -15.129 -14.763 -14.602 -14.804 -15.615 -14.028 -14.294 -13.77 -12.424 -11.846 -11.189 -14.133
0.037906 -17.575 -16.167 -15.849 -15.178 -14.708 -14.237 -15.708 -15.106 -14.704 -14.226 -13.774 -13.264 -15.117 -14.557 -13.972 -13.563 -13.189 -15.141 -14.772 -14.606 -14.801 -15.604 -14.064 -14.33 -13.807 -12.461 -11.884 -11.226 -14.169
0.039052 -17.573 -16.195 -15.882 -15.212 -14.743 -14.273 -15.741 -15.14 -14.74 -14.262 -13.811 -13.301 -15.152 -14.593 -14.008 -13.599 -13.225 -15.154 -14.781 -14.611 -14.798 -15.593 -14.1 -14.366 -13.843 -12.498 -11.921 -11.264 -14.205
0.040234 -17.571 -16.223 -15.915 -15.247 -14.779 -14.309 -15.774 -15.175 -14.775 -14.298 -13.847 -13.338 -15.187 -14.628 -14.044 -13.636 -13.262 -15.167 -14.791 -14.616 -14.796 -15.583 -14.136 -14.401 -13.879 -12.535 -11.958 -11.301 -14.241
0.04145 -17.569 -16.251 -15.948 -15.282 -14.814 -14.345 -15.807 -15.21 -14.81 -14.334 -13.883 -13.374 -15.221 -14.664 -14.08 -13.672 -13.299 -15.181 -14.802 -14.621 -14.794 -15.573 -14.172 -14.437 -13.915 -12.572 -11.995 -11.339 -14.276
0.042704 -17.568 -16.28 -15.981 -15.316 -14.849 -14.381 -15.84 -15.244 -14.845 -14.369 -13.919 -13.411 -15.256 -14.699 -14.116 -13.708 -13.335 -15.196 -14.813 -14.627 -14.792 -15.563 -14.208 -14.473 -13.952 -12.609 -12.033 -11.376 -14.312
0.043996 -17.567 -16.308 -16.014 -15.351 -14.884 -14.417 -15.872 -15.279 -14.881 -14.405 -13.956 -13.447 -15.291 -14.735 -14.152 -13.745 -13.372 -15.211 -14.825 -14.634 -14.791 -15.553 -14.244 -14.508 -13.988 -12.646 -12.07 -11.414 -14.348
0.045326 -17.566 -16.336 -16.046 -15.385 -14.919 -14.452 -15.905 -15.313 -14.916 -14.441 -13.992 -13.484 -15.325 -14.77 -14.188 -13.781 -13.409 -15.226 -14.837 -14.641 -14.791 -15.544 -14.279 -14.544 -14.024 -12.683 -12.107 -11.451 -14.383
0.046697 -17.566 -16.365 -16.079 -15.419 -14.954 -14.488 -15.937 -15.348 -14.951 -14.476 -14.028 -13.52 -15.359 -14.805 -14.224 -13.817 -13.445 -15.243 -14.85 -14.649 -14.791 -15.535 -14.315 -14.579 -14.06 -12.72 -12.144 -11.488 -14.419
0.048109 -17.567 -16.393 -16.111 -15.453 -14.989 -14.524 -15.969 -15.382 -14.986 -14.512 -14.064 -13.557 -15.394 -14.84 -14.26 -13.854 -13.482 -15.259 -14.863 -14.658 -14.791 -15.526 -14.351 -14.615 -14.096 -12.757 -12.181 -11.526 -14.454
0.049564 -17.567 -16.422 -16.143 -15.487 -15.024 -14.559 -16.001 -15.416 -15.02 -14.547 -14.1 -13.593 -15.428 -14.875 -14.296 -13.89 -13.518 -15.276 -14.877 -14.667 -14.792 -15.517 -14.386 -14.65 -14.132 -12.794 -12.219 -11.563 -14.49
0.051063 -17.568 -16.45 -16.175 -15.521 -15.059 -14.594 -16.033 -15.45 -15.055 -14.583 -14.136 -13.63 -15.462 -14.91 -14.331 -13.926 -13.555 -15.294 -14.892 -14.676 -14.794 -15.509 -14.422 -14.685 -14.168 -12.831 -12.256 -11.6 -14.525
0.052608 -17.57 -16.478 -16.207 -15.555 -15.094 -14.63 -16.064 -15.484 -15.09 -14.618 -14.171 -13.666 -15.496 -14.945 -14.367 -13.962 -13.591 -15.312 -14.907 -14.687 -14.796 -15.501 -14.457 -14.721 -14.203 -12.867 -12.293 -11.638 -14.56
0.054199 -17.571 -16.506 -16.239 -15.589 -15.128 -14.665 -16.096 -15.518 -15.124 -14.654 -14.207 -13.702 -15.529 -14.98 -14.403 -13.998 -13.627 -15.331 -14.923 -14.697 -14.799 -15.493 -14.493 -14.756 -14.239 -12.904 -12.33 -11.675 -14.595
0.055838 -17.573 -16.535 -16.27 -15.622 -15.163 -14.7 -16.127 -15.552 -15.159 -14.689 -14.243 -13.738 -15.563 -15.015 -14.438 -14.034 -13.664 -15.35 -14.939 -14.709 -14.802 -15.486 -14.528 -14.791 -14.275 -12.941 -12.367 -11.712 -14.631
