web/models/linear/20/-13_653_0_105.dat
# %ECSV 1.0
# ---
# datatype:
# - {name: time, datatype: float64}
# - {name: swift_uvot_uvw2, datatype: float64}
# - {name: swift_uvot_uvm2, datatype: float64}
# - {name: swift_uvot_uvw1, datatype: float64}
# - {name: swift_uvot_U, datatype: float64}
# - {name: swift_uvot_B, datatype: float64}
# - {name: swift_uvot_V, datatype: float64}
# - {name: swift_uvot_W, datatype: float64}
# - {name: johnson_U, datatype: float64}
# - {name: johnson_B, datatype: float64}
# - {name: johnson_V, datatype: float64}
# - {name: johnson_R, datatype: float64}
# - {name: johnson_I, datatype: float64}
# - {name: sdss_u, datatype: float64}
# - {name: sdss_g, datatype: float64}
# - {name: sdss_r, datatype: float64}
# - {name: sdss_i, datatype: float64}
# - {name: sdss_z, datatype: float64}
# - {name: PS1_g, datatype: float64}
# - {name: PS1_r, datatype: float64}
# - {name: PS1_i, datatype: float64}
# - {name: PS1_z, datatype: float64}
# - {name: PS1_Y, datatype: float64}
# - {name: PS1_w, datatype: float64}
# - {name: ATLAS_c, datatype: float64}
# - {name: ATLAS_o, datatype: float64}
# - {name: ukirt_J, datatype: float64}
# - {name: ukirt_H, datatype: float64}
# - {name: ukirt_K, datatype: float64}
# - {name: Clear, datatype: float64}
# meta: !!omap
# - comment: [M=-13.653061224489797, dM=0.10496361336732253]
# schema: astropy-2.0
time swift_uvot_uvw2 swift_uvot_uvm2 swift_uvot_uvw1 swift_uvot_U swift_uvot_B swift_uvot_V swift_uvot_W johnson_U johnson_B johnson_V johnson_R johnson_I sdss_u sdss_g sdss_r sdss_i sdss_z PS1_g PS1_r PS1_i PS1_z PS1_Y PS1_w ATLAS_c ATLAS_o ukirt_J ukirt_H ukirt_K Clear
[from data line 136]
10.251256281407034 -12.577052323638853 -12.577052323638853 -12.577052323638853 -12.577052323638853 -12.577052323638853 -12.577052323638853 -12.577052323638853 -12.577052323638853 -12.577052323638853 -12.577052323638853 -12.577052323638853 -12.577052323638853 -12.577052323638853 -12.577052323638853 -12.577052323638853 -12.577052323638853 -12.577052323638853 -12.577052323638853 -12.577052323638853 -12.577052323638853 -12.577052323638853 -12.577052323638853 -12.577052323638853 -12.577052323638853 -12.577052323638853 -12.577052323638853 -12.577052323638853 -12.577052323638853 -12.577052323638853
10.326633165829145 -12.569140493485536 -12.569140493485536 -12.569140493485536 -12.569140493485536 -12.569140493485536 -12.569140493485536 -12.569140493485536 -12.569140493485536 -12.569140493485536 -12.569140493485536 -12.569140493485536 -12.569140493485536 -12.569140493485536 -12.569140493485536 -12.569140493485536 -12.569140493485536 -12.569140493485536 -12.569140493485536 -12.569140493485536 -12.569140493485536 -12.569140493485536 -12.569140493485536 -12.569140493485536 -12.569140493485536 -12.569140493485536 -12.569140493485536 -12.569140493485536 -12.569140493485536 -12.569140493485536
10.402010050251256 -12.561228663332221 -12.561228663332221 -12.561228663332221 -12.561228663332221 -12.561228663332221 -12.561228663332221 -12.561228663332221 -12.561228663332221 -12.561228663332221 -12.561228663332221 -12.561228663332221 -12.561228663332221 -12.561228663332221 -12.561228663332221 -12.561228663332221 -12.561228663332221 -12.561228663332221 -12.561228663332221 -12.561228663332221 -12.561228663332221 -12.561228663332221 -12.561228663332221 -12.561228663332221 -12.561228663332221 -12.561228663332221 -12.561228663332221 -12.561228663332221 -12.561228663332221 -12.561228663332221
10.477386934673365 -12.553316833178904 -12.553316833178904 -12.553316833178904 -12.553316833178904 -12.553316833178904 -12.553316833178904 -12.553316833178904 -12.553316833178904 -12.553316833178904 -12.553316833178904 -12.553316833178904 -12.553316833178904 -12.553316833178904 -12.553316833178904 -12.553316833178904 -12.553316833178904 -12.553316833178904 -12.553316833178904 -12.553316833178904 -12.553316833178904 -12.553316833178904 -12.553316833178904 -12.553316833178904 -12.553316833178904 -12.553316833178904 -12.553316833178904 -12.553316833178904 -12.553316833178904 -12.553316833178904
10.552763819095476 -12.54540500302559 -12.54540500302559 -12.54540500302559 -12.54540500302559 -12.54540500302559 -12.54540500302559 -12.54540500302559 -12.54540500302559 -12.54540500302559 -12.54540500302559 -12.54540500302559 -12.54540500302559 -12.54540500302559 -12.54540500302559 -12.54540500302559 -12.54540500302559 -12.54540500302559 -12.54540500302559 -12.54540500302559 -12.54540500302559 -12.54540500302559 -12.54540500302559 -12.54540500302559 -12.54540500302559 -12.54540500302559 -12.54540500302559 -12.54540500302559 -12.54540500302559 -12.54540500302559
10.628140703517587 -12.537493172872274 -12.537493172872274 -12.537493172872274 -12.537493172872274 -12.537493172872274 -12.537493172872274 -12.537493172872274 -12.537493172872274 -12.537493172872274 -12.537493172872274 -12.537493172872274 -12.537493172872274 -12.537493172872274 -12.537493172872274 -12.537493172872274 -12.537493172872274 -12.537493172872274 -12.537493172872274 -12.537493172872274 -12.537493172872274 -12.537493172872274 -12.537493172872274 -12.537493172872274 -12.537493172872274 -12.537493172872274 -12.537493172872274 -12.537493172872274 -12.537493172872274 -12.537493172872274
10.703517587939697 -12.529581342718958 -12.529581342718958 -12.529581342718958 -12.529581342718958 -12.529581342718958 -12.529581342718958 -12.529581342718958 -12.529581342718958 -12.529581342718958 -12.529581342718958 -12.529581342718958 -12.529581342718958 -12.529581342718958 -12.529581342718958 -12.529581342718958 -12.529581342718958 -12.529581342718958 -12.529581342718958 -12.529581342718958 -12.529581342718958 -12.529581342718958 -12.529581342718958 -12.529581342718958 -12.529581342718958 -12.529581342718958 -12.529581342718958 -12.529581342718958 -12.529581342718958 -12.529581342718958
10.778894472361808 -12.521669512565643 -12.521669512565643 -12.521669512565643 -12.521669512565643 -12.521669512565643 -12.521669512565643 -12.521669512565643 -12.521669512565643 -12.521669512565643 -12.521669512565643 -12.521669512565643 -12.521669512565643 -12.521669512565643 -12.521669512565643 -12.521669512565643 -12.521669512565643 -12.521669512565643 -12.521669512565643 -12.521669512565643 -12.521669512565643 -12.521669512565643 -12.521669512565643 -12.521669512565643 -12.521669512565643 -12.521669512565643 -12.521669512565643 -12.521669512565643 -12.521669512565643 -12.521669512565643
10.854271356783919 -12.513757682412326 -12.513757682412326 -12.513757682412326 -12.513757682412326 -12.513757682412326 -12.513757682412326 -12.513757682412326 -12.513757682412326 -12.513757682412326 -12.513757682412326 -12.513757682412326 -12.513757682412326 -12.513757682412326 -12.513757682412326 -12.513757682412326 -12.513757682412326 -12.513757682412326 -12.513757682412326 -12.513757682412326 -12.513757682412326 -12.513757682412326 -12.513757682412326 -12.513757682412326 -12.513757682412326 -12.513757682412326 -12.513757682412326 -12.513757682412326 -12.513757682412326 -12.513757682412326
10.92964824120603 -12.50584585225901 -12.50584585225901 -12.50584585225901 -12.50584585225901 -12.50584585225901 -12.50584585225901 -12.50584585225901 -12.50584585225901 -12.50584585225901 -12.50584585225901 -12.50584585225901 -12.50584585225901 -12.50584585225901 -12.50584585225901 -12.50584585225901 -12.50584585225901 -12.50584585225901 -12.50584585225901 -12.50584585225901 -12.50584585225901 -12.50584585225901 -12.50584585225901 -12.50584585225901 -12.50584585225901 -12.50584585225901 -12.50584585225901 -12.50584585225901 -12.50584585225901 -12.50584585225901
11.00502512562814 -12.497934022105694 -12.497934022105694 -12.497934022105694 -12.497934022105694 -12.497934022105694 -12.497934022105694 -12.497934022105694 -12.497934022105694 -12.497934022105694 -12.497934022105694 -12.497934022105694 -12.497934022105694 -12.497934022105694 -12.497934022105694 -12.497934022105694 -12.497934022105694 -12.497934022105694 -12.497934022105694 -12.497934022105694 -12.497934022105694 -12.497934022105694 -12.497934022105694 -12.497934022105694 -12.497934022105694 -12.497934022105694 -12.497934022105694 -12.497934022105694 -12.497934022105694 -12.497934022105694
11.08040201005025 -12.490022191952379 -12.490022191952379 -12.490022191952379 -12.490022191952379 -12.490022191952379 -12.490022191952379 -12.490022191952379 -12.490022191952379 -12.490022191952379 -12.490022191952379 -12.490022191952379 -12.490022191952379 -12.490022191952379 -12.490022191952379 -12.490022191952379 -12.490022191952379 -12.490022191952379 -12.490022191952379 -12.490022191952379 -12.490022191952379 -12.490022191952379 -12.490022191952379 -12.490022191952379 -12.490022191952379 -12.490022191952379 -12.490022191952379 -12.490022191952379 -12.490022191952379 -12.490022191952379
11.15577889447236 -12.482110361799062 -12.482110361799062 -12.482110361799062 -12.482110361799062 -12.482110361799062 -12.482110361799062 -12.482110361799062 -12.482110361799062 -12.482110361799062 -12.482110361799062 -12.482110361799062 -12.482110361799062 -12.482110361799062 -12.482110361799062 -12.482110361799062 -12.482110361799062 -12.482110361799062 -12.482110361799062 -12.482110361799062 -12.482110361799062 -12.482110361799062 -12.482110361799062 -12.482110361799062 -12.482110361799062 -12.482110361799062 -12.482110361799062 -12.482110361799062 -12.482110361799062 -12.482110361799062
11.231155778894472 -12.474198531645747 -12.474198531645747 -12.474198531645747 -12.474198531645747 -12.474198531645747 -12.474198531645747 -12.474198531645747 -12.474198531645747 -12.474198531645747 -12.474198531645747 -12.474198531645747 -12.474198531645747 -12.474198531645747 -12.474198531645747 -12.474198531645747 -12.474198531645747 -12.474198531645747 -12.474198531645747 -12.474198531645747 -12.474198531645747 -12.474198531645747 -12.474198531645747 -12.474198531645747 -12.474198531645747 -12.474198531645747 -12.474198531645747 -12.474198531645747 -12.474198531645747 -12.474198531645747
11.306532663316581 -12.466286701492432 -12.466286701492432 -12.466286701492432 -12.466286701492432 -12.466286701492432 -12.466286701492432 -12.466286701492432 -12.466286701492432 -12.466286701492432 -12.466286701492432 -12.466286701492432 -12.466286701492432 -12.466286701492432 -12.466286701492432 -12.466286701492432 -12.466286701492432 -12.466286701492432 -12.466286701492432 -12.466286701492432 -12.466286701492432 -12.466286701492432 -12.466286701492432 -12.466286701492432 -12.466286701492432 -12.466286701492432 -12.466286701492432 -12.466286701492432 -12.466286701492432 -12.466286701492432
11.381909547738692 -12.458374871339116 -12.458374871339116 -12.458374871339116 -12.458374871339116 -12.458374871339116 -12.458374871339116 -12.458374871339116 -12.458374871339116 -12.458374871339116 -12.458374871339116 -12.458374871339116 -12.458374871339116 -12.458374871339116 -12.458374871339116 -12.458374871339116 -12.458374871339116 -12.458374871339116 -12.458374871339116 -12.458374871339116 -12.458374871339116 -12.458374871339116 -12.458374871339116 -12.458374871339116 -12.458374871339116 -12.458374871339116 -12.458374871339116 -12.458374871339116 -12.458374871339116 -12.458374871339116
11.457286432160803 -12.4504630411858 -12.4504630411858 -12.4504630411858 -12.4504630411858 -12.4504630411858 -12.4504630411858 -12.4504630411858 -12.4504630411858 -12.4504630411858 -12.4504630411858 -12.4504630411858 -12.4504630411858 -12.4504630411858 -12.4504630411858 -12.4504630411858 -12.4504630411858 -12.4504630411858 -12.4504630411858 -12.4504630411858 -12.4504630411858 -12.4504630411858 -12.4504630411858 -12.4504630411858 -12.4504630411858 -12.4504630411858 -12.4504630411858 -12.4504630411858 -12.4504630411858 -12.4504630411858
11.532663316582914 -12.442551211032484 -12.442551211032484 -12.442551211032484 -12.442551211032484 -12.442551211032484 -12.442551211032484 -12.442551211032484 -12.442551211032484 -12.442551211032484 -12.442551211032484 -12.442551211032484 -12.442551211032484 -12.442551211032484 -12.442551211032484 -12.442551211032484 -12.442551211032484 -12.442551211032484 -12.442551211032484 -12.442551211032484 -12.442551211032484 -12.442551211032484 -12.442551211032484 -12.442551211032484 -12.442551211032484 -12.442551211032484 -12.442551211032484 -12.442551211032484 -12.442551211032484 -12.442551211032484
11.608040201005025 -12.434639380879169 -12.434639380879169 -12.434639380879169 -12.434639380879169 -12.434639380879169 -12.434639380879169 -12.434639380879169 -12.434639380879169 -12.434639380879169 -12.434639380879169 -12.434639380879169 -12.434639380879169 -12.434639380879169 -12.434639380879169 -12.434639380879169 -12.434639380879169 -12.434639380879169 -12.434639380879169 -12.434639380879169 -12.434639380879169 -12.434639380879169 -12.434639380879169 -12.434639380879169 -12.434639380879169 -12.434639380879169 -12.434639380879169 -12.434639380879169 -12.434639380879169 -12.434639380879169
11.683417085427134 -12.426727550725852 -12.426727550725852 -12.426727550725852 -12.426727550725852 -12.426727550725852 -12.426727550725852 -12.426727550725852 -12.426727550725852 -12.426727550725852 -12.426727550725852 -12.426727550725852 -12.426727550725852 -12.426727550725852 -12.426727550725852 -12.426727550725852 -12.426727550725852 -12.426727550725852 -12.426727550725852 -12.426727550725852 -12.426727550725852 -12.426727550725852 -12.426727550725852 -12.426727550725852 -12.426727550725852 -12.426727550725852 -12.426727550725852 -12.426727550725852 -12.426727550725852 -12.426727550725852
11.758793969849245 -12.418815720572537 -12.418815720572537 -12.418815720572537 -12.418815720572537 -12.418815720572537 -12.418815720572537 -12.418815720572537 -12.418815720572537 -12.418815720572537 -12.418815720572537 -12.418815720572537 -12.418815720572537 -12.418815720572537 -12.418815720572537 -12.418815720572537 -12.418815720572537 -12.418815720572537 -12.418815720572537 -12.418815720572537 -12.418815720572537 -12.418815720572537 -12.418815720572537 -12.418815720572537 -12.418815720572537 -12.418815720572537 -12.418815720572537 -12.418815720572537 -12.418815720572537 -12.418815720572537
11.834170854271356 -12.41090389041922 -12.41090389041922 -12.41090389041922 -12.41090389041922 -12.41090389041922 -12.41090389041922 -12.41090389041922 -12.41090389041922 -12.41090389041922 -12.41090389041922 -12.41090389041922 -12.41090389041922 -12.41090389041922 -12.41090389041922 -12.41090389041922 -12.41090389041922 -12.41090389041922 -12.41090389041922 -12.41090389041922 -12.41090389041922 -12.41090389041922 -12.41090389041922 -12.41090389041922 -12.41090389041922 -12.41090389041922 -12.41090389041922 -12.41090389041922 -12.41090389041922 -12.41090389041922
11.909547738693465 -12.402992060265905 -12.402992060265905 -12.402992060265905 -12.402992060265905 -12.402992060265905 -12.402992060265905 -12.402992060265905 -12.402992060265905 -12.402992060265905 -12.402992060265905 -12.402992060265905 -12.402992060265905 -12.402992060265905 -12.402992060265905 -12.402992060265905 -12.402992060265905 -12.402992060265905 -12.402992060265905 -12.402992060265905 -12.402992060265905 -12.402992060265905 -12.402992060265905 -12.402992060265905 -12.402992060265905 -12.402992060265905 -12.402992060265905 -12.402992060265905 -12.402992060265905 -12.402992060265905
11.984924623115576 -12.39508023011259 -12.39508023011259 -12.39508023011259 -12.39508023011259 -12.39508023011259 -12.39508023011259 -12.39508023011259 -12.39508023011259 -12.39508023011259 -12.39508023011259 -12.39508023011259 -12.39508023011259 -12.39508023011259 -12.39508023011259 -12.39508023011259 -12.39508023011259 -12.39508023011259 -12.39508023011259 -12.39508023011259 -12.39508023011259 -12.39508023011259 -12.39508023011259 -12.39508023011259 -12.39508023011259 -12.39508023011259 -12.39508023011259 -12.39508023011259 -12.39508023011259 -12.39508023011259
12.060301507537687 -12.387168399959274 -12.387168399959274 -12.387168399959274 -12.387168399959274 -12.387168399959274 -12.387168399959274 -12.387168399959274 -12.387168399959274 -12.387168399959274 -12.387168399959274 -12.387168399959274 -12.387168399959274 -12.387168399959274 -12.387168399959274 -12.387168399959274 -12.387168399959274 -12.387168399959274 -12.387168399959274 -12.387168399959274 -12.387168399959274 -12.387168399959274 -12.387168399959274 -12.387168399959274 -12.387168399959274 -12.387168399959274 -12.387168399959274 -12.387168399959274 -12.387168399959274 -12.387168399959274
12.135678391959798 -12.379256569805959 -12.379256569805959 -12.379256569805959 -12.379256569805959 -12.379256569805959 -12.379256569805959 -12.379256569805959 -12.379256569805959 -12.379256569805959 -12.379256569805959 -12.379256569805959 -12.379256569805959 -12.379256569805959 -12.379256569805959 -12.379256569805959 -12.379256569805959 -12.379256569805959 -12.379256569805959 -12.379256569805959 -12.379256569805959 -12.379256569805959 -12.379256569805959 -12.379256569805959 -12.379256569805959 -12.379256569805959 -12.379256569805959 -12.379256569805959 -12.379256569805959 -12.379256569805959
