web/models/linear/20/-13_653_1_256.dat
# %ECSV 1.0
# ---
# datatype:
# - {name: time, datatype: float64}
# - {name: swift_uvot_uvw2, datatype: float64}
# - {name: swift_uvot_uvm2, datatype: float64}
# - {name: swift_uvot_uvw1, datatype: float64}
# - {name: swift_uvot_U, datatype: float64}
# - {name: swift_uvot_B, datatype: float64}
# - {name: swift_uvot_V, datatype: float64}
# - {name: swift_uvot_W, datatype: float64}
# - {name: johnson_U, datatype: float64}
# - {name: johnson_B, datatype: float64}
# - {name: johnson_V, datatype: float64}
# - {name: johnson_R, datatype: float64}
# - {name: johnson_I, datatype: float64}
# - {name: sdss_u, datatype: float64}
# - {name: sdss_g, datatype: float64}
# - {name: sdss_r, datatype: float64}
# - {name: sdss_i, datatype: float64}
# - {name: sdss_z, datatype: float64}
# - {name: PS1_g, datatype: float64}
# - {name: PS1_r, datatype: float64}
# - {name: PS1_i, datatype: float64}
# - {name: PS1_z, datatype: float64}
# - {name: PS1_Y, datatype: float64}
# - {name: PS1_w, datatype: float64}
# - {name: ATLAS_c, datatype: float64}
# - {name: ATLAS_o, datatype: float64}
# - {name: ukirt_J, datatype: float64}
# - {name: ukirt_H, datatype: float64}
# - {name: ukirt_K, datatype: float64}
# - {name: Clear, datatype: float64}
# meta: !!omap
# - comment: [M=-13.653061224489797, dM=1.2558163076585405]
# schema: astropy-2.0
time swift_uvot_uvw2 swift_uvot_uvm2 swift_uvot_uvw1 swift_uvot_U swift_uvot_B swift_uvot_V swift_uvot_W johnson_U johnson_B johnson_V johnson_R johnson_I sdss_u sdss_g sdss_r sdss_i sdss_z PS1_g PS1_r PS1_i PS1_z PS1_Y PS1_w ATLAS_c ATLAS_o ukirt_J ukirt_H ukirt_K Clear
[from data line 167]
12.58793969849246 2.155078728699367 2.155078728699367 2.155078728699367 2.155078728699367 2.155078728699367 2.155078728699367 2.155078728699367 2.155078728699367 2.155078728699367 2.155078728699367 2.155078728699367 2.155078728699367 2.155078728699367 2.155078728699367 2.155078728699367 2.155078728699367 2.155078728699367 2.155078728699367 2.155078728699367 2.155078728699367 2.155078728699367 2.155078728699367 2.155078728699367 2.155078728699367 2.155078728699367 2.155078728699367 2.155078728699367 2.155078728699367 2.155078728699367
12.663316582914572 2.249738249377147 2.249738249377147 2.249738249377147 2.249738249377147 2.249738249377147 2.249738249377147 2.249738249377147 2.249738249377147 2.249738249377147 2.249738249377147 2.249738249377147 2.249738249377147 2.249738249377147 2.249738249377147 2.249738249377147 2.249738249377147 2.249738249377147 2.249738249377147 2.249738249377147 2.249738249377147 2.249738249377147 2.249738249377147 2.249738249377147 2.249738249377147 2.249738249377147 2.249738249377147 2.249738249377147 2.249738249377147 2.249738249377147
12.738693467336683 2.344397770054927 2.344397770054927 2.344397770054927 2.344397770054927 2.344397770054927 2.344397770054927 2.344397770054927 2.344397770054927 2.344397770054927 2.344397770054927 2.344397770054927 2.344397770054927 2.344397770054927 2.344397770054927 2.344397770054927 2.344397770054927 2.344397770054927 2.344397770054927 2.344397770054927 2.344397770054927 2.344397770054927 2.344397770054927 2.344397770054927 2.344397770054927 2.344397770054927 2.344397770054927 2.344397770054927 2.344397770054927 2.344397770054927
12.814070351758794 2.4390572907327055 2.4390572907327055 2.4390572907327055 2.4390572907327055 2.4390572907327055 2.4390572907327055 2.4390572907327055 2.4390572907327055 2.4390572907327055 2.4390572907327055 2.4390572907327055 2.4390572907327055 2.4390572907327055 2.4390572907327055 2.4390572907327055 2.4390572907327055 2.4390572907327055 2.4390572907327055 2.4390572907327055 2.4390572907327055 2.4390572907327055 2.4390572907327055 2.4390572907327055 2.4390572907327055 2.4390572907327055 2.4390572907327055 2.4390572907327055 2.4390572907327055 2.4390572907327055
12.889447236180903 2.5337168114104855 2.5337168114104855 2.5337168114104855 2.5337168114104855 2.5337168114104855 2.5337168114104855 2.5337168114104855 2.5337168114104855 2.5337168114104855 2.5337168114104855 2.5337168114104855 2.5337168114104855 2.5337168114104855 2.5337168114104855 2.5337168114104855 2.5337168114104855 2.5337168114104855 2.5337168114104855 2.5337168114104855 2.5337168114104855 2.5337168114104855 2.5337168114104855 2.5337168114104855 2.5337168114104855 2.5337168114104855 2.5337168114104855 2.5337168114104855 2.5337168114104855 2.5337168114104855
12.964824120603014 2.6283763320882656 2.6283763320882656 2.6283763320882656 2.6283763320882656 2.6283763320882656 2.6283763320882656 2.6283763320882656 2.6283763320882656 2.6283763320882656 2.6283763320882656 2.6283763320882656 2.6283763320882656 2.6283763320882656 2.6283763320882656 2.6283763320882656 2.6283763320882656 2.6283763320882656 2.6283763320882656 2.6283763320882656 2.6283763320882656 2.6283763320882656 2.6283763320882656 2.6283763320882656 2.6283763320882656 2.6283763320882656 2.6283763320882656 2.6283763320882656 2.6283763320882656 2.6283763320882656
13.040201005025125 2.7230358527660457 2.7230358527660457 2.7230358527660457 2.7230358527660457 2.7230358527660457 2.7230358527660457 2.7230358527660457 2.7230358527660457 2.7230358527660457 2.7230358527660457 2.7230358527660457 2.7230358527660457 2.7230358527660457 2.7230358527660457 2.7230358527660457 2.7230358527660457 2.7230358527660457 2.7230358527660457 2.7230358527660457 2.7230358527660457 2.7230358527660457 2.7230358527660457 2.7230358527660457 2.7230358527660457 2.7230358527660457 2.7230358527660457 2.7230358527660457 2.7230358527660457 2.7230358527660457
13.115577889447234 2.817695373443822 2.817695373443822 2.817695373443822 2.817695373443822 2.817695373443822 2.817695373443822 2.817695373443822 2.817695373443822 2.817695373443822 2.817695373443822 2.817695373443822 2.817695373443822 2.817695373443822 2.817695373443822 2.817695373443822 2.817695373443822 2.817695373443822 2.817695373443822 2.817695373443822 2.817695373443822 2.817695373443822 2.817695373443822 2.817695373443822 2.817695373443822 2.817695373443822 2.817695373443822 2.817695373443822 2.817695373443822 2.817695373443822
13.190954773869345 2.912354894121602 2.912354894121602 2.912354894121602 2.912354894121602 2.912354894121602 2.912354894121602 2.912354894121602 2.912354894121602 2.912354894121602 2.912354894121602 2.912354894121602 2.912354894121602 2.912354894121602 2.912354894121602 2.912354894121602 2.912354894121602 2.912354894121602 2.912354894121602 2.912354894121602 2.912354894121602 2.912354894121602 2.912354894121602 2.912354894121602 2.912354894121602 2.912354894121602 2.912354894121602 2.912354894121602 2.912354894121602 2.912354894121602
13.266331658291456 3.0070144147993823 3.0070144147993823 3.0070144147993823 3.0070144147993823 3.0070144147993823 3.0070144147993823 3.0070144147993823 3.0070144147993823 3.0070144147993823 3.0070144147993823 3.0070144147993823 3.0070144147993823 3.0070144147993823 3.0070144147993823 3.0070144147993823 3.0070144147993823 3.0070144147993823 3.0070144147993823 3.0070144147993823 3.0070144147993823 3.0070144147993823 3.0070144147993823 3.0070144147993823 3.0070144147993823 3.0070144147993823 3.0070144147993823 3.0070144147993823 3.0070144147993823 3.0070144147993823
13.341708542713567 3.1016739354771623 3.1016739354771623 3.1016739354771623 3.1016739354771623 3.1016739354771623 3.1016739354771623 3.1016739354771623 3.1016739354771623 3.1016739354771623 3.1016739354771623 3.1016739354771623 3.1016739354771623 3.1016739354771623 3.1016739354771623 3.1016739354771623 3.1016739354771623 3.1016739354771623 3.1016739354771623 3.1016739354771623 3.1016739354771623 3.1016739354771623 3.1016739354771623 3.1016739354771623 3.1016739354771623 3.1016739354771623 3.1016739354771623 3.1016739354771623 3.1016739354771623 3.1016739354771623
13.417085427135678 3.1963334561549424 3.1963334561549424 3.1963334561549424 3.1963334561549424 3.1963334561549424 3.1963334561549424 3.1963334561549424 3.1963334561549424 3.1963334561549424 3.1963334561549424 3.1963334561549424 3.1963334561549424 3.1963334561549424 3.1963334561549424 3.1963334561549424 3.1963334561549424 3.1963334561549424 3.1963334561549424 3.1963334561549424 3.1963334561549424 3.1963334561549424 3.1963334561549424 3.1963334561549424 3.1963334561549424 3.1963334561549424 3.1963334561549424 3.1963334561549424 3.1963334561549424 3.1963334561549424
13.492462311557787 3.290992976832719 3.290992976832719 3.290992976832719 3.290992976832719 3.290992976832719 3.290992976832719 3.290992976832719 3.290992976832719 3.290992976832719 3.290992976832719 3.290992976832719 3.290992976832719 3.290992976832719 3.290992976832719 3.290992976832719 3.290992976832719 3.290992976832719 3.290992976832719 3.290992976832719 3.290992976832719 3.290992976832719 3.290992976832719 3.290992976832719 3.290992976832719 3.290992976832719 3.290992976832719 3.290992976832719 3.290992976832719 3.290992976832719
13.567839195979898 3.385652497510499 3.385652497510499 3.385652497510499 3.385652497510499 3.385652497510499 3.385652497510499 3.385652497510499 3.385652497510499 3.385652497510499 3.385652497510499 3.385652497510499 3.385652497510499 3.385652497510499 3.385652497510499 3.385652497510499 3.385652497510499 3.385652497510499 3.385652497510499 3.385652497510499 3.385652497510499 3.385652497510499 3.385652497510499 3.385652497510499 3.385652497510499 3.385652497510499 3.385652497510499 3.385652497510499 3.385652497510499 3.385652497510499
13.64321608040201 3.480312018188279 3.480312018188279 3.480312018188279 3.480312018188279 3.480312018188279 3.480312018188279 3.480312018188279 3.480312018188279 3.480312018188279 3.480312018188279 3.480312018188279 3.480312018188279 3.480312018188279 3.480312018188279 3.480312018188279 3.480312018188279 3.480312018188279 3.480312018188279 3.480312018188279 3.480312018188279 3.480312018188279 3.480312018188279 3.480312018188279 3.480312018188279 3.480312018188279 3.480312018188279 3.480312018188279 3.480312018188279 3.480312018188279
13.718592964824118 3.574971538866059 3.574971538866059 3.574971538866059 3.574971538866059 3.574971538866059 3.574971538866059 3.574971538866059 3.574971538866059 3.574971538866059 3.574971538866059 3.574971538866059 3.574971538866059 3.574971538866059 3.574971538866059 3.574971538866059 3.574971538866059 3.574971538866059 3.574971538866059 3.574971538866059 3.574971538866059 3.574971538866059 3.574971538866059 3.574971538866059 3.574971538866059 3.574971538866059 3.574971538866059 3.574971538866059 3.574971538866059 3.574971538866059
13.79396984924623 3.669631059543839 3.669631059543839 3.669631059543839 3.669631059543839 3.669631059543839 3.669631059543839 3.669631059543839 3.669631059543839 3.669631059543839 3.669631059543839 3.669631059543839 3.669631059543839 3.669631059543839 3.669631059543839 3.669631059543839 3.669631059543839 3.669631059543839 3.669631059543839 3.669631059543839 3.669631059543839 3.669631059543839 3.669631059543839 3.669631059543839 3.669631059543839 3.669631059543839 3.669631059543839 3.669631059543839 3.669631059543839 3.669631059543839
13.86934673366834 3.7642905802216156 3.7642905802216156 3.7642905802216156 3.7642905802216156 3.7642905802216156 3.7642905802216156 3.7642905802216156 3.7642905802216156 3.7642905802216156 3.7642905802216156 3.7642905802216156 3.7642905802216156 3.7642905802216156 3.7642905802216156 3.7642905802216156 3.7642905802216156 3.7642905802216156 3.7642905802216156 3.7642905802216156 3.7642905802216156 3.7642905802216156 3.7642905802216156 3.7642905802216156 3.7642905802216156 3.7642905802216156 3.7642905802216156 3.7642905802216156 3.7642905802216156 3.7642905802216156
13.944723618090451 3.8589501008993956 3.8589501008993956 3.8589501008993956 3.8589501008993956 3.8589501008993956 3.8589501008993956 3.8589501008993956 3.8589501008993956 3.8589501008993956 3.8589501008993956 3.8589501008993956 3.8589501008993956 3.8589501008993956 3.8589501008993956 3.8589501008993956 3.8589501008993956 3.8589501008993956 3.8589501008993956 3.8589501008993956 3.8589501008993956 3.8589501008993956 3.8589501008993956 3.8589501008993956 3.8589501008993956 3.8589501008993956 3.8589501008993956 3.8589501008993956 3.8589501008993956 3.8589501008993956
14.020100502512562 3.9536096215771757 3.9536096215771757 3.9536096215771757 3.9536096215771757 3.9536096215771757 3.9536096215771757 3.9536096215771757 3.9536096215771757 3.9536096215771757 3.9536096215771757 3.9536096215771757 3.9536096215771757 3.9536096215771757 3.9536096215771757 3.9536096215771757 3.9536096215771757 3.9536096215771757 3.9536096215771757 3.9536096215771757 3.9536096215771757 3.9536096215771757 3.9536096215771757 3.9536096215771757 3.9536096215771757 3.9536096215771757 3.9536096215771757 3.9536096215771757 3.9536096215771757 3.9536096215771757
14.095477386934672 4.048269142254956 4.048269142254956 4.048269142254956 4.048269142254956 4.048269142254956 4.048269142254956 4.048269142254956 4.048269142254956 4.048269142254956 4.048269142254956 4.048269142254956 4.048269142254956 4.048269142254956 4.048269142254956 4.048269142254956 4.048269142254956 4.048269142254956 4.048269142254956 4.048269142254956 4.048269142254956 4.048269142254956 4.048269142254956 4.048269142254956 4.048269142254956 4.048269142254956 4.048269142254956 4.048269142254956 4.048269142254956 4.048269142254956
14.170854271356783 4.142928662932736 4.142928662932736 4.142928662932736 4.142928662932736 4.142928662932736 4.142928662932736 4.142928662932736 4.142928662932736 4.142928662932736 4.142928662932736 4.142928662932736 4.142928662932736 4.142928662932736 4.142928662932736 4.142928662932736 4.142928662932736 4.142928662932736 4.142928662932736 4.142928662932736 4.142928662932736 4.142928662932736 4.142928662932736 4.142928662932736 4.142928662932736 4.142928662932736 4.142928662932736 4.142928662932736 4.142928662932736 4.142928662932736
14.246231155778894 4.237588183610516 4.237588183610516 4.237588183610516 4.237588183610516 4.237588183610516 4.237588183610516 4.237588183610516 4.237588183610516 4.237588183610516 4.237588183610516 4.237588183610516 4.237588183610516 4.237588183610516 4.237588183610516 4.237588183610516 4.237588183610516 4.237588183610516 4.237588183610516 4.237588183610516 4.237588183610516 4.237588183610516 4.237588183610516 4.237588183610516 4.237588183610516 4.237588183610516 4.237588183610516 4.237588183610516 4.237588183610516 4.237588183610516
14.321608040201003 4.332247704288292 4.332247704288292 4.332247704288292 4.332247704288292 4.332247704288292 4.332247704288292 4.332247704288292 4.332247704288292 4.332247704288292 4.332247704288292 4.332247704288292 4.332247704288292 4.332247704288292 4.332247704288292 4.332247704288292 4.332247704288292 4.332247704288292 4.332247704288292 4.332247704288292 4.332247704288292 4.332247704288292 4.332247704288292 4.332247704288292 4.332247704288292 4.332247704288292 4.332247704288292 4.332247704288292 4.332247704288292 4.332247704288292
14.396984924623114 4.426907224966072 4.426907224966072 4.426907224966072 4.426907224966072 4.426907224966072 4.426907224966072 4.426907224966072 4.426907224966072 4.426907224966072 4.426907224966072 4.426907224966072 4.426907224966072 4.426907224966072 4.426907224966072 4.426907224966072 4.426907224966072 4.426907224966072 4.426907224966072 4.426907224966072 4.426907224966072 4.426907224966072 4.426907224966072 4.426907224966072 4.426907224966072 4.426907224966072 4.426907224966072 4.426907224966072 4.426907224966072 4.426907224966072
14.472361809045225 4.521566745643852 4.521566745643852 4.521566745643852 4.521566745643852 4.521566745643852 4.521566745643852 4.521566745643852 4.521566745643852 4.521566745643852 4.521566745643852 4.521566745643852 4.521566745643852 4.521566745643852 4.521566745643852 4.521566745643852 4.521566745643852 4.521566745643852 4.521566745643852 4.521566745643852 4.521566745643852 4.521566745643852 4.521566745643852 4.521566745643852 4.521566745643852 4.521566745643852 4.521566745643852 4.521566745643852 4.521566745643852 4.521566745643852
14.547738693467336 4.6162262663216325 4.6162262663216325 4.6162262663216325 4.6162262663216325 4.6162262663216325 4.6162262663216325 4.6162262663216325 4.6162262663216325 4.6162262663216325 4.6162262663216325 4.6162262663216325 4.6162262663216325 4.6162262663216325 4.6162262663216325 4.6162262663216325 4.6162262663216325 4.6162262663216325 4.6162262663216325 4.6162262663216325 4.6162262663216325 4.6162262663216325 4.6162262663216325 4.6162262663216325 4.6162262663216325 4.6162262663216325 4.6162262663216325 4.6162262663216325 4.6162262663216325 4.6162262663216325
