web/models/linear/20/-13_653_0_195.dat
# %ECSV 1.0
# ---
# datatype:
# - {name: time, datatype: float64}
# - {name: sdss_u, datatype: float64}
# - {name: sdss_g, datatype: float64}
# - {name: sdss_r, datatype: float64}
# - {name: sdss_i, datatype: float64}
# - {name: sdss_z, datatype: float64}
# - {name: Clear, datatype: float64}
# - {name: johnson_B, datatype: float64}
# - {name: johnson_V, datatype: float64}
# - {name: johnson_R, datatype: float64}
# - {name: johnson_I, datatype: float64}
# - {name: ukirt_J, datatype: float64}
# - {name: ukirt_H, datatype: float64}
# - {name: ukirt_K, datatype: float64}
# meta: !!omap
# - comment: [M=-13.653061224489797, dM=0.19521384216045568]
# schema: astropy-2.0
time sdss_u sdss_g sdss_r sdss_i sdss_z Clear johnson_B johnson_V johnson_R johnson_I ukirt_J ukirt_H ukirt_K
0.0 -13.653061224489797 -13.653061224489797 -13.653061224489797 -13.653061224489797 -13.653061224489797 -13.653061224489797 -13.653061224489797 -13.653061224489797 -13.653061224489797 -13.653061224489797 -13.653061224489797 -13.653061224489797 -13.653061224489797
0.07537688442211055 -13.638346613271672 -13.638346613271672 -13.638346613271672 -13.638346613271672 -13.638346613271672 -13.638346613271672 -13.638346613271672 -13.638346613271672 -13.638346613271672 -13.638346613271672 -13.638346613271672 -13.638346613271672 -13.638346613271672
0.1507537688442211 -13.623632002053547 -13.623632002053547 -13.623632002053547 -13.623632002053547 -13.623632002053547 -13.623632002053547 -13.623632002053547 -13.623632002053547 -13.623632002053547 -13.623632002053547 -13.623632002053547 -13.623632002053547 -13.623632002053547
0.22613065326633164 -13.608917390835423 -13.608917390835423 -13.608917390835423 -13.608917390835423 -13.608917390835423 -13.608917390835423 -13.608917390835423 -13.608917390835423 -13.608917390835423 -13.608917390835423 -13.608917390835423 -13.608917390835423 -13.608917390835423
0.3015075376884422 -13.594202779617298 -13.594202779617298 -13.594202779617298 -13.594202779617298 -13.594202779617298 -13.594202779617298 -13.594202779617298 -13.594202779617298 -13.594202779617298 -13.594202779617298 -13.594202779617298 -13.594202779617298 -13.594202779617298
0.37688442211055273 -13.579488168399173 -13.579488168399173 -13.579488168399173 -13.579488168399173 -13.579488168399173 -13.579488168399173 -13.579488168399173 -13.579488168399173 -13.579488168399173 -13.579488168399173 -13.579488168399173 -13.579488168399173 -13.579488168399173
0.4522613065326633 -13.564773557181049 -13.564773557181049 -13.564773557181049 -13.564773557181049 -13.564773557181049 -13.564773557181049 -13.564773557181049 -13.564773557181049 -13.564773557181049 -13.564773557181049 -13.564773557181049 -13.564773557181049 -13.564773557181049
0.5276381909547738 -13.550058945962924 -13.550058945962924 -13.550058945962924 -13.550058945962924 -13.550058945962924 -13.550058945962924 -13.550058945962924 -13.550058945962924 -13.550058945962924 -13.550058945962924 -13.550058945962924 -13.550058945962924 -13.550058945962924
0.6030150753768844 -13.535344334744797 -13.535344334744797 -13.535344334744797 -13.535344334744797 -13.535344334744797 -13.535344334744797 -13.535344334744797 -13.535344334744797 -13.535344334744797 -13.535344334744797 -13.535344334744797 -13.535344334744797 -13.535344334744797
0.6783919597989949 -13.520629723526673 -13.520629723526673 -13.520629723526673 -13.520629723526673 -13.520629723526673 -13.520629723526673 -13.520629723526673 -13.520629723526673 -13.520629723526673 -13.520629723526673 -13.520629723526673 -13.520629723526673 -13.520629723526673
0.7537688442211055 -13.505915112308548 -13.505915112308548 -13.505915112308548 -13.505915112308548 -13.505915112308548 -13.505915112308548 -13.505915112308548 -13.505915112308548 -13.505915112308548 -13.505915112308548 -13.505915112308548 -13.505915112308548 -13.505915112308548
0.829145728643216 -13.491200501090423 -13.491200501090423 -13.491200501090423 -13.491200501090423 -13.491200501090423 -13.491200501090423 -13.491200501090423 -13.491200501090423 -13.491200501090423 -13.491200501090423 -13.491200501090423 -13.491200501090423 -13.491200501090423
0.9045226130653266 -13.476485889872299 -13.476485889872299 -13.476485889872299 -13.476485889872299 -13.476485889872299 -13.476485889872299 -13.476485889872299 -13.476485889872299 -13.476485889872299 -13.476485889872299 -13.476485889872299 -13.476485889872299 -13.476485889872299
0.9798994974874371 -13.461771278654174 -13.461771278654174 -13.461771278654174 -13.461771278654174 -13.461771278654174 -13.461771278654174 -13.461771278654174 -13.461771278654174 -13.461771278654174 -13.461771278654174 -13.461771278654174 -13.461771278654174 -13.461771278654174
1.0552763819095476 -13.44705666743605 -13.44705666743605 -13.44705666743605 -13.44705666743605 -13.44705666743605 -13.44705666743605 -13.44705666743605 -13.44705666743605 -13.44705666743605 -13.44705666743605 -13.44705666743605 -13.44705666743605 -13.44705666743605
1.1306532663316582 -13.432342056217925 -13.432342056217925 -13.432342056217925 -13.432342056217925 -13.432342056217925 -13.432342056217925 -13.432342056217925 -13.432342056217925 -13.432342056217925 -13.432342056217925 -13.432342056217925 -13.432342056217925 -13.432342056217925
1.2060301507537687 -13.4176274449998 -13.4176274449998 -13.4176274449998 -13.4176274449998 -13.4176274449998 -13.4176274449998 -13.4176274449998 -13.4176274449998 -13.4176274449998 -13.4176274449998 -13.4176274449998 -13.4176274449998 -13.4176274449998
1.2814070351758793 -13.402912833781675 -13.402912833781675 -13.402912833781675 -13.402912833781675 -13.402912833781675 -13.402912833781675 -13.402912833781675 -13.402912833781675 -13.402912833781675 -13.402912833781675 -13.402912833781675 -13.402912833781675 -13.402912833781675
1.3567839195979898 -13.38819822256355 -13.38819822256355 -13.38819822256355 -13.38819822256355 -13.38819822256355 -13.38819822256355 -13.38819822256355 -13.38819822256355 -13.38819822256355 -13.38819822256355 -13.38819822256355 -13.38819822256355 -13.38819822256355
1.4321608040201004 -13.373483611345426 -13.373483611345426 -13.373483611345426 -13.373483611345426 -13.373483611345426 -13.373483611345426 -13.373483611345426 -13.373483611345426 -13.373483611345426 -13.373483611345426 -13.373483611345426 -13.373483611345426 -13.373483611345426
1.507537688442211 -13.358769000127301 -13.358769000127301 -13.358769000127301 -13.358769000127301 -13.358769000127301 -13.358769000127301 -13.358769000127301 -13.358769000127301 -13.358769000127301 -13.358769000127301 -13.358769000127301 -13.358769000127301 -13.358769000127301
1.5829145728643215 -13.344054388909177 -13.344054388909177 -13.344054388909177 -13.344054388909177 -13.344054388909177 -13.344054388909177 -13.344054388909177 -13.344054388909177 -13.344054388909177 -13.344054388909177 -13.344054388909177 -13.344054388909177 -13.344054388909177
1.658291457286432 -13.32933977769105 -13.32933977769105 -13.32933977769105 -13.32933977769105 -13.32933977769105 -13.32933977769105 -13.32933977769105 -13.32933977769105 -13.32933977769105 -13.32933977769105 -13.32933977769105 -13.32933977769105 -13.32933977769105
1.7336683417085426 -13.314625166472926 -13.314625166472926 -13.314625166472926 -13.314625166472926 -13.314625166472926 -13.314625166472926 -13.314625166472926 -13.314625166472926 -13.314625166472926 -13.314625166472926 -13.314625166472926 -13.314625166472926 -13.314625166472926
1.809045226130653 -13.299910555254801 -13.299910555254801 -13.299910555254801 -13.299910555254801 -13.299910555254801 -13.299910555254801 -13.299910555254801 -13.299910555254801 -13.299910555254801 -13.299910555254801 -13.299910555254801 -13.299910555254801 -13.299910555254801
1.8844221105527637 -13.285195944036676 -13.285195944036676 -13.285195944036676 -13.285195944036676 -13.285195944036676 -13.285195944036676 -13.285195944036676 -13.285195944036676 -13.285195944036676 -13.285195944036676 -13.285195944036676 -13.285195944036676 -13.285195944036676
1.9597989949748742 -13.270481332818552 -13.270481332818552 -13.270481332818552 -13.270481332818552 -13.270481332818552 -13.270481332818552 -13.270481332818552 -13.270481332818552 -13.270481332818552 -13.270481332818552 -13.270481332818552 -13.270481332818552 -13.270481332818552
2.0351758793969847 -13.255766721600427 -13.255766721600427 -13.255766721600427 -13.255766721600427 -13.255766721600427 -13.255766721600427 -13.255766721600427 -13.255766721600427 -13.255766721600427 -13.255766721600427 -13.255766721600427 -13.255766721600427 -13.255766721600427
2.1105527638190953 -13.241052110382302 -13.241052110382302 -13.241052110382302 -13.241052110382302 -13.241052110382302 -13.241052110382302 -13.241052110382302 -13.241052110382302 -13.241052110382302 -13.241052110382302 -13.241052110382302 -13.241052110382302 -13.241052110382302
2.185929648241206 -13.226337499164178 -13.226337499164178 -13.226337499164178 -13.226337499164178 -13.226337499164178 -13.226337499164178 -13.226337499164178 -13.226337499164178 -13.226337499164178 -13.226337499164178 -13.226337499164178 -13.226337499164178 -13.226337499164178
2.2613065326633164 -13.211622887946053 -13.211622887946053 -13.211622887946053 -13.211622887946053 -13.211622887946053 -13.211622887946053 -13.211622887946053 -13.211622887946053 -13.211622887946053 -13.211622887946053 -13.211622887946053 -13.211622887946053 -13.211622887946053
2.336683417085427 -13.196908276727928 -13.196908276727928 -13.196908276727928 -13.196908276727928 -13.196908276727928 -13.196908276727928 -13.196908276727928 -13.196908276727928 -13.196908276727928 -13.196908276727928 -13.196908276727928 -13.196908276727928 -13.196908276727928
2.4120603015075375 -13.182193665509804 -13.182193665509804 -13.182193665509804 -13.182193665509804 -13.182193665509804 -13.182193665509804 -13.182193665509804 -13.182193665509804 -13.182193665509804 -13.182193665509804 -13.182193665509804 -13.182193665509804 -13.182193665509804
2.487437185929648 -13.167479054291679 -13.167479054291679 -13.167479054291679 -13.167479054291679 -13.167479054291679 -13.167479054291679 -13.167479054291679 -13.167479054291679 -13.167479054291679 -13.167479054291679 -13.167479054291679 -13.167479054291679 -13.167479054291679
2.5628140703517586 -13.152764443073554 -13.152764443073554 -13.152764443073554 -13.152764443073554 -13.152764443073554 -13.152764443073554 -13.152764443073554 -13.152764443073554 -13.152764443073554 -13.152764443073554 -13.152764443073554 -13.152764443073554 -13.152764443073554
2.638190954773869 -13.13804983185543 -13.13804983185543 -13.13804983185543 -13.13804983185543 -13.13804983185543 -13.13804983185543 -13.13804983185543 -13.13804983185543 -13.13804983185543 -13.13804983185543 -13.13804983185543 -13.13804983185543 -13.13804983185543
2.7135678391959797 -13.123335220637305 -13.123335220637305 -13.123335220637305 -13.123335220637305 -13.123335220637305 -13.123335220637305 -13.123335220637305 -13.123335220637305 -13.123335220637305 -13.123335220637305 -13.123335220637305 -13.123335220637305 -13.123335220637305
2.78894472361809 -13.108620609419178 -13.108620609419178 -13.108620609419178 -13.108620609419178 -13.108620609419178 -13.108620609419178 -13.108620609419178 -13.108620609419178 -13.108620609419178 -13.108620609419178 -13.108620609419178 -13.108620609419178 -13.108620609419178
2.8643216080402008 -13.093905998201054 -13.093905998201054 -13.093905998201054 -13.093905998201054 -13.093905998201054 -13.093905998201054 -13.093905998201054 -13.093905998201054 -13.093905998201054 -13.093905998201054 -13.093905998201054 -13.093905998201054 -13.093905998201054
2.9396984924623113 -13.079191386982929 -13.079191386982929 -13.079191386982929 -13.079191386982929 -13.079191386982929 -13.079191386982929 -13.079191386982929 -13.079191386982929 -13.079191386982929 -13.079191386982929 -13.079191386982929 -13.079191386982929 -13.079191386982929
3.015075376884422 -13.064476775764804 -13.064476775764804 -13.064476775764804 -13.064476775764804 -13.064476775764804 -13.064476775764804 -13.064476775764804 -13.064476775764804 -13.064476775764804 -13.064476775764804 -13.064476775764804 -13.064476775764804 -13.064476775764804
3.0904522613065324 -13.04976216454668 -13.04976216454668 -13.04976216454668 -13.04976216454668 -13.04976216454668 -13.04976216454668 -13.04976216454668 -13.04976216454668 -13.04976216454668 -13.04976216454668 -13.04976216454668 -13.04976216454668 -13.04976216454668
3.165829145728643 -13.035047553328555 -13.035047553328555 -13.035047553328555 -13.035047553328555 -13.035047553328555 -13.035047553328555 -13.035047553328555 -13.035047553328555 -13.035047553328555 -13.035047553328555 -13.035047553328555 -13.035047553328555 -13.035047553328555
3.2412060301507535 -13.02033294211043 -13.02033294211043 -13.02033294211043 -13.02033294211043 -13.02033294211043 -13.02033294211043 -13.02033294211043 -13.02033294211043 -13.02033294211043 -13.02033294211043 -13.02033294211043 -13.02033294211043 -13.02033294211043
3.316582914572864 -13.005618330892306 -13.005618330892306 -13.005618330892306 -13.005618330892306 -13.005618330892306 -13.005618330892306 -13.005618330892306 -13.005618330892306 -13.005618330892306 -13.005618330892306 -13.005618330892306 -13.005618330892306 -13.005618330892306
3.3919597989949746 -12.990903719674181 -12.990903719674181 -12.990903719674181 -12.990903719674181 -12.990903719674181 -12.990903719674181 -12.990903719674181 -12.990903719674181 -12.990903719674181 -12.990903719674181 -12.990903719674181 -12.990903719674181 -12.990903719674181
3.467336683417085 -12.976189108456056 -12.976189108456056 -12.976189108456056 -12.976189108456056 -12.976189108456056 -12.976189108456056 -12.976189108456056 -12.976189108456056 -12.976189108456056 -12.976189108456056 -12.976189108456056 -12.976189108456056 -12.976189108456056
3.5427135678391957 -12.961474497237932 -12.961474497237932 -12.961474497237932 -12.961474497237932 -12.961474497237932 -12.961474497237932 -12.961474497237932 -12.961474497237932 -12.961474497237932 -12.961474497237932 -12.961474497237932 -12.961474497237932 -12.961474497237932
3.618090452261306 -12.946759886019807 -12.946759886019807 -12.946759886019807 -12.946759886019807 -12.946759886019807 -12.946759886019807 -12.946759886019807 -12.946759886019807 -12.946759886019807 -12.946759886019807 -12.946759886019807 -12.946759886019807 -12.946759886019807
3.6934673366834168 -12.932045274801682 -12.932045274801682 -12.932045274801682 -12.932045274801682 -12.932045274801682 -12.932045274801682 -12.932045274801682 -12.932045274801682 -12.932045274801682 -12.932045274801682 -12.932045274801682 -12.932045274801682 -12.932045274801682
3.7688442211055273 -12.917330663583556 -12.917330663583556 -12.917330663583556 -12.917330663583556 -12.917330663583556 -12.917330663583556 -12.917330663583556 -12.917330663583556 -12.917330663583556 -12.917330663583556 -12.917330663583556 -12.917330663583556 -12.917330663583556
3.844221105527638 -12.902616052365431 -12.902616052365431 -12.902616052365431 -12.902616052365431 -12.902616052365431 -12.902616052365431 -12.902616052365431 -12.902616052365431 -12.902616052365431 -12.902616052365431 -12.902616052365431 -12.902616052365431 -12.902616052365431
3.9195979899497484 -12.887901441147307 -12.887901441147307 -12.887901441147307 -12.887901441147307 -12.887901441147307 -12.887901441147307 -12.887901441147307 -12.887901441147307 -12.887901441147307 -12.887901441147307 -12.887901441147307 -12.887901441147307 -12.887901441147307
3.994974874371859 -12.873186829929182 -12.873186829929182 -12.873186829929182 -12.873186829929182 -12.873186829929182 -12.873186829929182 -12.873186829929182 -12.873186829929182 -12.873186829929182 -12.873186829929182 -12.873186829929182 -12.873186829929182 -12.873186829929182
4.0703517587939695 -12.858472218711057 -12.858472218711057 -12.858472218711057 -12.858472218711057 -12.858472218711057 -12.858472218711057 -12.858472218711057 -12.858472218711057 -12.858472218711057 -12.858472218711057 -12.858472218711057 -12.858472218711057 -12.858472218711057
4.14572864321608 -12.843757607492932 -12.843757607492932 -12.843757607492932 -12.843757607492932 -12.843757607492932 -12.843757607492932 -12.843757607492932 -12.843757607492932 -12.843757607492932 -12.843757607492932 -12.843757607492932 -12.843757607492932 -12.843757607492932
4.221105527638191 -12.829042996274808 -12.829042996274808 -12.829042996274808 -12.829042996274808 -12.829042996274808 -12.829042996274808 -12.829042996274808 -12.829042996274808 -12.829042996274808 -12.829042996274808 -12.829042996274808 -12.829042996274808 -12.829042996274808
