web/models/grb/onaxis/24/grb_0.0000_0.1000_0.1000000.dat
# %ECSV 1.0
# ---
# datatype:
# - {name: time, datatype: float64}
# - {name: swift_uvot_uvw2, datatype: float64}
# - {name: swift_uvot_uvm2, datatype: float64}
# - {name: swift_uvot_uvw1, datatype: float64}
# - {name: swift_uvot_U, datatype: float64}
# - {name: swift_uvot_B, datatype: float64}
# - {name: swift_uvot_V, datatype: float64}
# - {name: swift_uvot_W, datatype: float64}
# - {name: johnson_U, datatype: float64}
# - {name: johnson_B, datatype: float64}
# - {name: johnson_V, datatype: float64}
# - {name: johnson_R, datatype: float64}
# - {name: johnson_I, datatype: float64}
# - {name: sdss_u, datatype: float64}
# - {name: sdss_g, datatype: float64}
# - {name: sdss_r, datatype: float64}
# - {name: sdss_i, datatype: float64}
# - {name: sdss_z, datatype: float64}
# - {name: PS1_g, datatype: float64}
# - {name: PS1_r, datatype: float64}
# - {name: PS1_i, datatype: float64}
# - {name: PS1_z, datatype: float64}
# - {name: PS1_Y, datatype: float64}
# - {name: PS1_w, datatype: float64}
# - {name: ATLAS_c, datatype: float64}
# - {name: ATLAS_o, datatype: float64}
# - {name: ukirt_J, datatype: float64}
# - {name: ukirt_H, datatype: float64}
# - {name: ukirt_K, datatype: float64}
# - {name: Clear, datatype: float64}
# meta: !!omap
# - comment: [E = 4.339649880409358e-05, Eta0 = 8.02, GammaB = 12.0, dL = 0.012188, epsb = 6.760829753919819e-06, epse = 0.1, n = 0.1,
#     p = 2.15, theta_obs = 0.0, xiN = 1.0, z = 0.0, type = grb, E_kiso = 0.1]
# schema: astropy-2.0
time swift_uvot_uvw2 swift_uvot_uvm2 swift_uvot_uvw1 swift_uvot_U swift_uvot_B swift_uvot_V swift_uvot_W johnson_U johnson_B johnson_V johnson_R johnson_I sdss_u sdss_g sdss_r sdss_i sdss_z PS1_g PS1_r PS1_i PS1_z PS1_Y PS1_w ATLAS_c ATLAS_o ukirt_J ukirt_H ukirt_K Clear
[from data line 78]
0.0642 -2.273 -2.223 -2.298 -2.491 -2.633 -2.773 -2.412 -2.513 -2.636 -2.778 -2.918 -3.067 -2.508 -2.681 -2.853 -2.974 -3.084 -2.745 -2.887 -3.007 -3.106 -3.274 -2.851 -2.755 -2.908 -3.296 -3.465 -3.656 -2.941
0.0657 -2.223 -2.174 -2.249 -2.442 -2.584 -2.723 -2.362 -2.464 -2.586 -2.728 -2.869 -3.017 -2.459 -2.632 -2.803 -2.924 -3.035 -2.695 -2.838 -2.958 -3.057 -3.225 -2.801 -2.706 -2.859 -3.247 -3.416 -3.606 -2.891
0.0673 -2.167 -2.117 -2.192 -2.385 -2.527 -2.666 -2.306 -2.407 -2.53 -2.672 -2.812 -2.961 -2.402 -2.575 -2.747 -2.867 -2.978 -2.639 -2.781 -2.901 -3.0 -3.168 -2.744 -2.649 -2.802 -3.19 -3.359 -3.55 -2.835
0.0689 -2.11 -2.06 -2.135 -2.328 -2.471 -2.61 -2.249 -2.351 -2.473 -2.615 -2.755 -2.904 -2.346 -2.518 -2.69 -2.811 -2.921 -2.582 -2.724 -2.844 -2.943 -3.112 -2.688 -2.593 -2.745 -3.133 -3.303 -3.493 -2.778
0.0706 -2.053 -2.004 -2.079 -2.271 -2.414 -2.553 -2.192 -2.294 -2.416 -2.558 -2.699 -2.847 -2.289 -2.461 -2.633 -2.754 -2.865 -2.525 -2.668 -2.788 -2.887 -3.055 -2.631 -2.536 -2.689 -3.077 -3.246 -3.436 -2.721
0.0723 -1.996 -1.947 -2.022 -2.215 -2.357 -2.496 -2.135 -2.237 -2.36 -2.501 -2.642 -2.79 -2.232 -2.405 -2.577 -2.697 -2.808 -2.468 -2.611 -2.731 -2.83 -2.998 -2.574 -2.479 -2.632 -3.02 -3.189 -3.379 -2.664
0.0741 -1.94 -1.89 -1.965 -2.158 -2.3 -2.44 -2.079 -2.18 -2.303 -2.445 -2.585 -2.734 -2.175 -2.348 -2.52 -2.64 -2.751 -2.412 -2.554 -2.674 -2.773 -2.941 -2.518 -2.422 -2.575 -2.963 -3.132 -3.323 -2.608
0.0758 -1.883 -1.833 -1.908 -2.101 -2.244 -2.383 -2.022 -2.124 -2.246 -2.388 -2.528 -2.677 -2.119 -2.291 -2.463 -2.584 -2.694 -2.355 -2.497 -2.617 -2.716 -2.885 -2.461 -2.366 -2.518 -2.906 -3.076 -3.266 -2.551
0.0777 -1.826 -1.777 -1.852 -2.044 -2.187 -2.326 -1.965 -2.067 -2.189 -2.331 -2.472 -2.62 -2.062 -2.234 -2.406 -2.527 -2.638 -2.298 -2.441 -2.561 -2.66 -2.828 -2.404 -2.309 -2.462 -2.85 -3.019 -3.209 -2.494
0.0795 -1.769 -1.72 -1.795 -1.988 -2.13 -2.269 -1.908 -2.01 -2.133 -2.274 -2.415 -2.563 -2.005 -2.178 -2.35 -2.47 -2.581 -2.241 -2.384 -2.504 -2.603 -2.771 -2.347 -2.252 -2.405 -2.793 -2.962 -3.153 -2.438
0.0815 -1.713 -1.663 -1.738 -1.931 -2.073 -2.213 -1.852 -1.953 -2.076 -2.218 -2.358 -2.507 -1.948 -2.121 -2.293 -2.413 -2.524 -2.185 -2.327 -2.447 -2.546 -2.714 -2.291 -2.195 -2.348 -2.736 -2.905 -3.096 -2.381
0.0834 -1.656 -1.607 -1.682 -1.875 -2.017 -2.156 -1.795 -1.897 -2.019 -2.161 -2.302 -2.45 -1.892 -2.065 -2.236 -2.357 -2.468 -2.128 -2.271 -2.391 -2.49 -2.658 -2.234 -2.139 -2.292 -2.68 -2.849 -3.039 -2.324
0.0854 -1.602 -1.553 -1.628 -1.821 -1.963 -2.102 -1.741 -1.843 -1.965 -2.107 -2.248 -2.396 -1.838 -2.011 -2.182 -2.303 -2.414 -2.074 -2.217 -2.337 -2.436 -2.604 -2.18 -2.085 -2.238 -2.626 -2.795 -2.985 -2.27
0.0875 -1.548 -1.499 -1.574 -1.767 -1.909 -2.048 -1.687 -1.789 -1.911 -2.053 -2.194 -2.342 -1.784 -1.956 -2.128 -2.249 -2.36 -2.02 -2.163 -2.283 -2.382 -2.55 -2.126 -2.031 -2.184 -2.572 -2.741 -2.931 -2.216
0.0896 -1.494 -1.445 -1.52 -1.712 -1.855 -1.994 -1.633 -1.735 -1.857 -1.999 -2.14 -2.288 -1.73 -1.902 -2.074 -2.195 -2.306 -1.966 -2.109 -2.229 -2.328 -2.496 -2.072 -1.977 -2.13 -2.518 -2.687 -2.877 -2.162
0.0918 -1.44 -1.391 -1.465 -1.658 -1.801 -1.94 -1.579 -1.681 -1.803 -1.945 -2.086 -2.234 -1.676 -1.848 -2.02 -2.141 -2.252 -1.912 -2.055 -2.175 -2.274 -2.442 -2.018 -1.923 -2.076 -2.464 -2.633 -2.823 -2.108
0.094 -1.386 -1.337 -1.411 -1.604 -1.747 -1.886 -1.525 -1.627 -1.749 -1.891 -2.032 -2.18 -1.622 -1.794 -1.966 -2.087 -2.198 -1.858 -2.001 -2.12 -2.219 -2.388 -1.964 -1.869 -2.022 -2.409 -2.579 -2.769 -2.054
0.0963 -1.332 -1.283 -1.357 -1.55 -1.693 -1.832 -1.471 -1.573 -1.695 -1.837 -1.978 -2.126 -1.568 -1.74 -1.912 -2.033 -2.143 -1.804 -1.947 -2.066 -2.165 -2.334 -1.91 -1.815 -1.967 -2.355 -2.525 -2.715 -2.0
0.0986 -1.278 -1.228 -1.303 -1.496 -1.639 -1.778 -1.417 -1.519 -1.641 -1.783 -1.923 -2.072 -1.514 -1.686 -1.858 -1.979 -2.089 -1.75 -1.893 -2.012 -2.111 -2.28 -1.856 -1.761 -1.913 -2.301 -2.471 -2.661 -1.946
0.101 -1.224 -1.174 -1.249 -1.442 -1.585 -1.724 -1.363 -1.465 -1.587 -1.729 -1.869 -2.018 -1.46 -1.632 -1.804 -1.925 -2.035 -1.696 -1.839 -1.958 -2.057 -2.226 -1.802 -1.707 -1.859 -2.247 -2.417 -2.607 -1.892
0.1034 -1.17 -1.12 -1.195 -1.388 -1.531 -1.67 -1.309 -1.411 -1.533 -1.675 -1.815 -1.964 -1.406 -1.578 -1.75 -1.871 -1.981 -1.642 -1.784 -1.904 -2.003 -2.172 -1.748 -1.653 -1.805 -2.193 -2.363 -2.553 -1.838
0.1059 -1.117 -1.067 -1.142 -1.335 -1.477 -1.617 -1.256 -1.357 -1.48 -1.622 -1.762 -1.911 -1.352 -1.525 -1.697 -1.818 -1.928 -1.589 -1.731 -1.851 -1.95 -2.118 -1.695 -1.599 -1.752 -2.14 -2.309 -2.5 -1.785
0.1084 -1.066 -1.016 -1.091 -1.284 -1.427 -1.566 -1.205 -1.307 -1.429 -1.571 -1.711 -1.86 -1.302 -1.474 -1.646 -1.767 -1.877 -1.538 -1.681 -1.8 -1.899 -2.068 -1.644 -1.549 -1.701 -2.089 -2.259 -2.449 -1.734
0.1111 -1.015 -0.966 -1.041 -1.233 -1.376 -1.515 -1.154 -1.256 -1.378 -1.52 -1.661 -1.809 -1.251 -1.423 -1.595 -1.716 -1.827 -1.487 -1.63 -1.75 -1.849 -2.017 -1.593 -1.498 -1.651 -2.039 -2.208 -2.398 -1.683
0.1137 -0.964 -0.915 -0.99 -1.183 -1.325 -1.464 -1.103 -1.205 -1.327 -1.469 -1.61 -1.758 -1.2 -1.373 -1.544 -1.665 -1.776 -1.436 -1.579 -1.699 -1.798 -1.966 -1.542 -1.447 -1.6 -1.988 -2.157 -2.347 -1.632
0.1165 -0.914 -0.864 -0.939 -1.132 -1.274 -1.413 -1.053 -1.154 -1.277 -1.419 -1.559 -1.708 -1.149 -1.322 -1.494 -1.614 -1.725 -1.386 -1.528 -1.648 -1.747 -1.915 -1.491 -1.396 -1.549 -1.937 -2.106 -2.297 -1.582
0.1193 -0.863 -0.813 -0.888 -1.081 -1.223 -1.363 -1.002 -1.103 -1.226 -1.368 -1.508 -1.657 -1.098 -1.271 -1.443 -1.564 -1.674 -1.335 -1.477 -1.597 -1.696 -1.864 -1.441 -1.345 -1.498 -1.886 -2.055 -2.246 -1.531
0.1222 -0.812 -0.762 -0.837 -1.03 -1.173 -1.312 -0.951 -1.053 -1.175 -1.317 -1.457 -1.606 -1.048 -1.22 -1.392 -1.513 -1.623 -1.284 -1.427 -1.546 -1.645 -1.814 -1.39 -1.295 -1.447 -1.835 -2.005 -2.195 -1.48
0.1251 -0.761 -0.712 -0.787 -0.979 -1.122 -1.261 -0.9 -1.002 -1.124 -1.266 -1.407 -1.555 -0.997 -1.169 -1.341 -1.462 -1.573 -1.233 -1.376 -1.496 -1.595 -1.763 -1.339 -1.244 -1.397 -1.785 -1.954 -2.144 -1.429
0.1281 -0.71 -0.661 -0.736 -0.929 -1.071 -1.21 -0.849 -0.951 -1.074 -1.215 -1.356 -1.504 -0.946 -1.119 -1.29 -1.411 -1.522 -1.182 -1.325 -1.445 -1.544 -1.712 -1.288 -1.193 -1.346 -1.734 -1.903 -2.093 -1.378
0.1312 -0.66 -0.61 -0.685 -0.878 -1.02 -1.159 -0.799 -0.9 -1.023 -1.165 -1.305 -1.454 -0.895 -1.068 -1.24 -1.36 -1.471 -1.132 -1.274 -1.394 -1.493 -1.661 -1.237 -1.142 -1.295 -1.683 -1.852 -2.043 -1.328
0.1344 -0.606 -0.557 -0.632 -0.825 -0.967 -1.106 -0.745 -0.847 -0.969 -1.111 -1.252 -1.4 -0.842 -1.015 -1.186 -1.307 -1.418 -1.078 -1.221 -1.341 -1.44 -1.608 -1.184 -1.089 -1.242 -1.63 -1.799 -1.989 -1.274
0.1376 -0.55 -0.5 -0.575 -0.768 -0.91 -1.049 -0.689 -0.79 -0.913 -1.055 -1.195 -1.344 -0.785 -0.958 -1.13 -1.25 -1.361 -1.022 -1.164 -1.284 -1.383 -1.551 -1.127 -1.032 -1.185 -1.573 -1.742 -1.933 -1.218
0.141 -0.493 -0.443 -0.518 -0.711 -0.854 -0.993 -0.632 -0.734 -0.856 -0.998 -1.138 -1.287 -0.729 -0.901 -1.073 -1.194 -1.304 -0.965 -1.107 -1.227 -1.326 -1.495 -1.071 -0.976 -1.128 -1.516 -1.686 -1.876 -1.161
0.1444 -0.436 -0.387 -0.462 -0.654 -0.797 -0.936 -0.575 -0.677 -0.799 -0.941 -1.082 -1.23 -0.672 -0.844 -1.016 -1.137 -1.248 -0.908 -1.051 -1.171 -1.27 -1.438 -1.014 -0.919 -1.072 -1.46 -1.629 -1.819 -1.104
0.1478 -0.379 -0.33 -0.405 -0.598 -0.74 -0.879 -0.518 -0.62 -0.743 -0.884 -1.025 -1.173 -0.615 -0.788 -0.96 -1.08 -1.191 -0.851 -0.994 -1.114 -1.213 -1.381 -0.957 -0.862 -1.015 -1.403 -1.572 -1.763 -1.048
0.1514 -0.323 -0.273 -0.348 -0.541 -0.683 -0.823 -0.462 -0.563 -0.686 -0.828 -0.968 -1.117 -0.558 -0.731 -0.903 -1.024 -1.134 -0.795 -0.937 -1.057 -1.156 -1.324 -0.901 -0.805 -0.958 -1.346 -1.515 -1.706 -0.991
0.1551 -0.266 -0.217 -0.291 -0.484 -0.627 -0.766 -0.405 -0.507 -0.629 -0.771 -0.911 -1.06 -0.502 -0.674 -0.846 -0.967 -1.077 -0.738 -0.881 -1.0 -1.099 -1.268 -0.844 -0.749 -0.901 -1.289 -1.459 -1.649 -0.934
0.1588 -0.209 -0.16 -0.235 -0.428 -0.57 -0.709 -0.348 -0.45 -0.572 -0.714 -0.855 -1.003 -0.445 -0.618 -0.789 -0.91 -1.021 -0.681 -0.824 -0.944 -1.043 -1.211 -0.787 -0.692 -0.845 -1.233 -1.402 -1.592 -0.877
0.1626 -0.153 -0.103 -0.178 -0.371 -0.513 -0.652 -0.292 -0.393 -0.516 -0.658 -0.798 -0.947 -0.388 -0.561 -0.733 -0.853 -0.964 -0.625 -0.767 -0.887 -0.986 -1.154 -0.73 -0.635 -0.788 -1.176 -1.345 -1.536 -0.821
0.1666 -0.096 -0.046 -0.121 -0.314 -0.457 -0.596 -0.235 -0.337 -0.459 -0.601 -0.741 -0.89 -0.332 -0.504 -0.676 -0.797 -0.907 -0.568 -0.71 -0.83 -0.929 -1.098 -0.674 -0.579 -0.731 -1.119 -1.289 -1.479 -0.764
0.1706 -0.038 0.011 -0.064 -0.257 -0.399 -0.538 -0.177 -0.279 -0.401 -0.543 -0.684 -0.832 -0.274 -0.447 -0.618 -0.739 -0.85 -0.51 -0.653 -0.773 -0.872 -1.04 -0.616 -0.521 -0.674 -1.062 -1.231 -1.421 -0.706
0.1747 0.02 0.069 -0.006 -0.199 -0.341 -0.48 -0.119 -0.221 -0.343 -0.485 -0.626 -0.774 -0.216 -0.389 -0.56 -0.681 -0.792 -0.452 -0.595 -0.715 -0.814 -0.982 -0.558 -0.463 -0.616 -1.004 -1.173 -1.363 -0.648
0.1789 0.078 0.127 0.052 -0.14 -0.283 -0.422 -0.061 -0.163 -0.285 -0.427 -0.568 -0.716 -0.158 -0.33 -0.502 -0.623 -0.734 -0.394 -0.537 -0.657 -0.756 -0.924 -0.5 -0.405 -0.558 -0.946 -1.115 -1.305 -0.59
0.1832 0.136 0.185 0.111 -0.082 -0.225 -0.364 -0.003 -0.105 -0.227 -0.369 -0.51 -0.658 -0.1 -0.272 -0.444 -0.565 -0.675 -0.336 -0.479 -0.598 -0.697 -0.866 -0.442 -0.347 -0.499 -0.887 -1.057 -1.247 -0.532
0.1876 0.194 0.244 0.169 -0.024 -0.167 -0.306 0.055 -0.047 -0.169 -0.311 -0.451 -0.6 -0.042 -0.214 -0.386 -0.507 -0.617 -0.278 -0.42 -0.54 -0.639 -0.808 -0.384 -0.289 -0.441 -0.829 -0.999 -1.189 -0.474
0.1922 0.252 0.302 0.227 0.034 -0.109 -0.248 0.113 0.011 -0.111 -0.253 -0.393 -0.542 0.017 -0.156 -0.328 -0.449 -0.559 -0.22 -0.362 -0.482 -0.581 -0.75 -0.326 -0.23 -0.383 -0.771 -0.941 -1.131 -0.416
0.1968 0.31 0.36 0.285 0.092 -0.05 -0.19 0.171 0.07 -0.053 -0.195 -0.335 -0.484 0.075 -0.098 -0.27 -0.391 -0.501 -0.162 -0.304 -0.424 -0.523 -0.691 -0.268 -0.172 -0.325 -0.713 -0.882 -1.073 -0.358
0.2015 0.368 0.418 0.343 0.15 0.008 -0.131 0.229 0.128 0.005 -0.137 -0.277 -0.426 0.133 -0.04 -0.212 -0.332 -0.443 -0.104 -0.246 -0.366 -0.465 -0.633 -0.209 -0.114 -0.267 -0.655 -0.824 -1.015 -0.3
0.2064 0.427 0.476 0.401 0.208 0.066 -0.073 0.287 0.186 0.063 -0.078 -0.219 -0.368 0.191 0.018 -0.154 -0.274 -0.385 -0.046 -0.188 -0.308 -0.407 -0.575 -0.151 -0.056 -0.209 -0.597 -0.766 -0.957 -0.242
0.2114 0.485 0.534 0.459 0.266 0.124 -0.015 0.346 0.244 0.121 -0.02 -0.161 -0.309 0.249 0.076 -0.095 -0.216 -0.327 0.013 -0.13 -0.25 -0.349 -0.517 -0.093 0.002 -0.151 -0.539 -0.708 -0.898 -0.183
0.2165 0.544 0.594 0.519 0.326 0.184 0.045 0.405 0.304 0.181 0.039 -0.101 -0.25 0.309 0.136 -0.036 -0.156 -0.267 0.072 -0.07 -0.19 -0.289 -0.457 -0.033 0.062 -0.091 -0.479 -0.648 -0.839 -0.124
0.2217 0.605 0.654 0.58 0.387 0.244 0.105 0.466 0.364 0.242 0.1 -0.041 -0.189 0.369 0.197 0.025 -0.096 -0.207 0.133 -0.01 -0.129 -0.228 -0.397 0.027 0.122 -0.03 -0.418 -0.588 -0.778 -0.063
0.2271 0.665 0.715 0.64 0.447 0.305 0.166 0.526 0.425 0.302 0.16 0.02 -0.129 0.43 0.257 0.085 -0.035 -0.146 0.193 0.051 -0.069 -0.168 -0.336 0.088 0.183 0.03 -0.358 -0.527 -0.718 -0.003
0.2325 0.726 0.775 0.701 0.508 0.365 0.226 0.587 0.485 0.363 0.221 0.08 -0.068 0.49 0.318 0.146 0.025 -0.085 0.254 0.111 -0.008 -0.107 -0.276 0.148 0.243 0.091 -0.297 -0.467 -0.657 0.058
0.2381 0.787 0.836 0.761 0.568 0.426 0.287 0.647 0.546 0.423 0.281 0.141 -0.008 0.551 0.378 0.206 0.086 -0.025 0.314 0.172 0.052 -0.047 -0.215 0.209 0.304 0.151 -0.237 -0.406 -0.597 0.118
0.2439 0.847 0.896 0.822 0.629 0.486 0.347 0.708 0.606 0.484 0.342 0.202 0.053 0.611 0.439 0.267 0.146 0.036 0.375 0.232 0.113 0.014 -0.155 0.269 0.364 0.212 -0.176 -0.346 -0.536 0.179
0.2498 0.908 0.957 0.882 0.689 0.547 0.408 0.768 0.667 0.544 0.403 0.262 0.113 0.672 0.499 0.327 0.207 0.096 0.436 0.293 0.173 0.074 -0.094 0.33 0.425 0.272 -0.116 -0.285 -0.476 0.239
0.2558 0.968 1.018 0.943 0.75 0.607 0.468 0.829 0.727 0.605 0.463 0.323 0.174 0.732 0.56 0.388 0.267 0.157 0.496 0.353 0.234 0.135 -0.034 0.39 0.485 0.333 -0.055 -0.225 -0.415 0.3
0.262 1.029 1.078 1.003 0.81 0.668 0.529 0.89 0.788 0.665 0.524 0.383 0.235 0.793 0.62 0.448 0.328 0.217 0.557 0.414 0.294 0.195 0.027 0.451 0.546 0.393 0.005 -0.164 -0.355 0.36
0.2683 1.089 1.139 1.064 0.871 0.728 0.589 0.95 0.848 0.726 0.584 0.444 0.295 0.853 0.681 0.509 0.388 0.278 0.617 0.475 0.355 0.256 0.087 0.511 0.606 0.454 0.066 -0.104 -0.294 0.421
0.2748 1.148 1.197 1.122 0.929 0.787 0.648 1.009 0.907 0.785 0.643 0.502 0.354 0.912 0.739 0.568 0.447 0.336 0.676 0.533 0.413 0.314 0.146 0.57 0.665 0.512 0.124 -0.045 -0.235 0.48
0.2814 1.206 1.256 1.181 0.988 0.845 0.706 1.067 0.965 0.843 0.701 0.561 0.412 0.97 0.798 0.626 0.505 0.395 0.734 0.591 0.472 0.373 0.204 0.628 0.723 0.571 0.183 0.013 -0.177 0.538
0.2882 1.264 1.314 1.239 1.046 0.904 0.765 1.125 1.024 0.901 0.759 0.619 0.47 1.029 0.856 0.684 0.564 0.453 0.792 0.65 0.53 0.431 0.263 0.687 0.782 0.629 0.241 0.072 -0.119 0.596
0.2951 1.323 1.372 1.297 1.104 0.962 0.823 1.184 1.082 0.96 0.818 0.677 0.529 1.087 0.914 0.743 0.622 0.511 0.851 0.708 0.588 0.489 0.321 0.745 0.84 0.687 0.299 0.13 -0.06 0.655
0.3022 1.381 1.43 1.356 1.163 1.02 0.881 1.242 1.14 1.018 0.876 0.736 0.587 1.145 0.973 0.801 0.68 0.57 0.909 0.766 0.647 0.548 0.379 0.803 0.898 0.746 0.358 0.188 -0.002 0.713
0.3095 1.439 1.489 1.414 1.221 1.079 0.939 1.3 1.199 1.076 0.934 0.794 0.645 1.204 1.031 0.859 0.739 0.628 0.967 0.825 0.705 0.606 0.438 0.861 0.957 0.804 0.416 0.247 0.056 0.771
0.317 1.498 1.547 1.472 1.279 1.137 0.998 1.359 1.257 1.135 0.993 0.852 0.704 1.262 1.089 0.918 0.797 0.686 1.026 0.883 0.763 0.664 0.496 0.92 1.015 0.862 0.474 0.305 0.115 0.83
0.3247 1.556 1.605 1.531 1.338 1.195 1.056 1.417 1.315 1.193 1.051 0.91 0.762 1.32 1.148 0.976 0.855 0.745 1.084 0.941 0.822 0.723 0.554 0.978 1.073 0.921 0.533 0.363 0.173 0.888
0.3325 1.614 1.664 1.589 1.396 1.254 1.114 1.475 1.374 1.251 1.109 0.969 0.82 1.379 1.206 1.034 0.913 0.803 1.142 1.0 0.88 0.781 0.613 1.036 1.132 0.979 0.591 0.422 0.231 0.946
0.3405 1.673 1.722 1.647 1.454 1.312 1.173 1.534 1.432 1.309 1.168 1.027 0.879 1.437 1.264 1.092 0.972 0.861 1.201 1.058 0.938 0.839 0.671 1.095 1.19 1.037 0.649 0.48 0.29 1.005
0.3487 1.727 1.776 1.701 1.508 1.366 1.227 1.587 1.486 1.363 1.221 1.081 0.932 1.491 1.318 1.146 1.026 0.915 1.254 1.112 0.992 0.893 0.725 1.149 1.244 1.091 0.703 0.534 0.343 1.058
0.3571 1.78 1.83 1.755 1.562 1.42 1.28 1.641 1.54 1.417 1.275 1.135 0.986 1.545 1.372 1.2 1.08 0.969 1.308 1.166 1.046 0.947 0.779 1.202 1.298 1.145 0.757 0.588 0.397 1.112
0.3657 1.834 1.884 1.809 1.616 1.473 1.334 1.695 1.593 1.471 1.329 1.189 1.04 1.598 1.426 1.254 1.133 1.023 1.362 1.22 1.1 1.001 0.832 1.256 1.352 1.199 0.811 0.641 0.451 1.166
0.3746 1.888 1.937 1.863 1.67 1.527 1.388 1.749 1.647 1.525 1.383 1.243 1.094 1.652 1.48 1.308 1.187 1.077 1.416 1.273 1.154 1.055 0.886 1.31 1.405 1.253 0.865 0.695 0.505 1.22
0.3836 1.942 1.991 1.916 1.724 1.581 1.442 1.803 1.701 1.579 1.437 1.296 1.148 1.706 1.534 1.362 1.241 1.13 1.47 1.327 1.207 1.108 0.94 1.364 1.459 1.306 0.918 0.749 0.559 1.274
0.3929 1.996 2.045 1.97 1.777 1.635 1.496 1.857 1.755 1.633 1.491 1.35 1.202 1.76 1.587 1.416 1.295 1.184 1.524 1.381 1.261 1.162 0.994 1.418 1.513 1.36 0.972 0.803 0.613 1.328
0.4023 2.05 2.099 2.024 1.831 1.689 1.55 1.91 1.809 1.686 1.545 1.404 1.255 1.814 1.641 1.469 1.349 1.238 1.578 1.435 1.315 1.216 1.048 1.472 1.567 1.414 1.026 0.857 0.666 1.381
0.412 2.103 2.153 2.078 1.885 1.743 1.604 1.964 1.863 1.74 1.598 1.458 1.309 1.868 1.695 1.523 1.403 1.292 1.631 1.489 1.369 1.27 1.102 1.526 1.621 1.468 1.08 0.911 0.72 1.435
0.422 2.157 2.207 2.132 1.939 1.797 1.657 2.018 1.917 1.794 1.652 1.512 1.363 1.922 1.749 1.577 1.456 1.346 1.685 1.543 1.423 1.324 1.156 1.579 1.675 1.522 1.134 0.965 0.774 1.489
