web/models/grb/onaxis/24/grb_0.0000_0.0720_0.0000063.dat
# %ECSV 1.0
# ---
# datatype:
# - {name: time, datatype: float64}
# - {name: swift_uvot_uvw2, datatype: float64}
# - {name: swift_uvot_uvm2, datatype: float64}
# - {name: swift_uvot_uvw1, datatype: float64}
# - {name: swift_uvot_U, datatype: float64}
# - {name: swift_uvot_B, datatype: float64}
# - {name: swift_uvot_V, datatype: float64}
# - {name: swift_uvot_W, datatype: float64}
# - {name: johnson_U, datatype: float64}
# - {name: johnson_B, datatype: float64}
# - {name: johnson_V, datatype: float64}
# - {name: johnson_R, datatype: float64}
# - {name: johnson_I, datatype: float64}
# - {name: sdss_u, datatype: float64}
# - {name: sdss_g, datatype: float64}
# - {name: sdss_r, datatype: float64}
# - {name: sdss_i, datatype: float64}
# - {name: sdss_z, datatype: float64}
# - {name: PS1_g, datatype: float64}
# - {name: PS1_r, datatype: float64}
# - {name: PS1_i, datatype: float64}
# - {name: PS1_z, datatype: float64}
# - {name: PS1_Y, datatype: float64}
# - {name: PS1_w, datatype: float64}
# - {name: ATLAS_c, datatype: float64}
# - {name: ATLAS_o, datatype: float64}
# - {name: ukirt_J, datatype: float64}
# - {name: ukirt_H, datatype: float64}
# - {name: ukirt_K, datatype: float64}
# - {name: Clear, datatype: float64}
# meta: !!omap
# - comment: [E = 3.1231838447717776e-05, Eta0 = 8.02, GammaB = 12.0, dL = 0.012188, epsb = 6.760829753919819e-06, epse = 0.1, n = 6.30957344480193e-06,
#     p = 2.15, theta_obs = 0.0, xiN = 1.0, z = 0.0, type = grb, E_kiso = 0.07196856730011521]
# schema: astropy-2.0
time swift_uvot_uvw2 swift_uvot_uvm2 swift_uvot_uvw1 swift_uvot_U swift_uvot_B swift_uvot_V swift_uvot_W johnson_U johnson_B johnson_V johnson_R johnson_I sdss_u sdss_g sdss_r sdss_i sdss_z PS1_g PS1_r PS1_i PS1_z PS1_Y PS1_w ATLAS_c ATLAS_o ukirt_J ukirt_H ukirt_K Clear
[from data line 90]
0.0854 4.181 4.231 4.156 3.963 3.821 3.681 4.042 3.941 3.818 3.676 3.536 3.387 3.946 3.773 3.601 3.481 3.37 3.709 3.567 3.447 3.348 3.18 3.603 3.699 3.546 3.158 2.989 2.798 3.513
0.0875 4.161 4.21 4.135 3.942 3.8 3.661 4.021 3.92 3.797 3.655 3.515 3.366 3.925 3.752 3.58 3.46 3.349 3.688 3.546 3.426 3.327 3.159 3.583 3.678 3.525 3.137 2.968 2.777 3.492
0.0896 4.153 4.202 4.127 3.934 3.792 3.653 4.013 3.912 3.789 3.647 3.507 3.358 3.917 3.744 3.572 3.452 3.341 3.68 3.538 3.418 3.319 3.151 3.575 3.67 3.517 3.129 2.96 2.769 3.484
0.0918 4.152 4.201 4.126 3.933 3.791 3.652 4.013 3.911 3.789 3.647 3.506 3.358 3.916 3.744 3.572 3.451 3.34 3.68 3.537 3.417 3.318 3.15 3.574 3.669 3.516 3.128 2.959 2.769 3.484
0.094 4.151 4.201 4.126 3.933 3.79 3.651 4.012 3.91 3.788 3.646 3.506 3.357 3.915 3.743 3.571 3.45 3.34 3.679 3.537 3.417 3.318 3.149 3.573 3.668 3.516 3.128 2.958 2.768 3.483
0.0963 4.15 4.2 4.125 3.932 3.79 3.651 4.011 3.91 3.787 3.645 3.505 3.356 3.915 3.742 3.57 3.45 3.339 3.678 3.536 3.416 3.317 3.149 3.573 3.668 3.515 3.127 2.958 2.767 3.482
0.0986 4.15 4.199 4.124 3.931 3.789 3.65 4.011 3.909 3.787 3.645 3.504 3.356 3.914 3.741 3.57 3.449 3.338 3.678 3.535 3.415 3.316 3.148 3.572 3.667 3.514 3.126 2.957 2.767 3.482
0.101 4.149 4.198 4.124 3.931 3.788 3.649 4.01 3.908 3.786 3.644 3.504 3.355 3.913 3.741 3.569 3.448 3.338 3.677 3.534 3.415 3.316 3.147 3.571 3.666 3.514 3.126 2.956 2.766 3.481
0.1034 4.148 4.198 4.123 3.93 3.788 3.648 4.009 3.908 3.785 3.643 3.503 3.354 3.913 3.74 3.568 3.448 3.337 3.676 3.534 3.414 3.315 3.147 3.57 3.666 3.513 3.125 2.956 2.765 3.48
0.1059 4.148 4.197 4.122 3.929 3.787 3.648 4.009 3.907 3.784 3.643 3.502 3.354 3.912 3.739 3.568 3.447 3.336 3.676 3.533 3.413 3.314 3.146 3.57 3.665 3.512 3.124 2.955 2.765 3.48
0.1084 4.147 4.196 4.122 3.929 3.786 3.647 4.008 3.906 3.784 3.642 3.501 3.353 3.911 3.739 3.567 3.446 3.335 3.675 3.532 3.413 3.314 3.145 3.569 3.664 3.511 3.124 2.954 2.764 3.479
0.1111 4.146 4.196 4.121 3.928 3.786 3.646 4.007 3.906 3.783 3.641 3.501 3.352 3.911 3.738 3.566 3.445 3.335 3.674 3.532 3.412 3.313 3.145 3.568 3.664 3.511 3.123 2.954 2.763 3.478
0.1137 4.148 4.197 4.122 3.93 3.787 3.648 4.009 3.907 3.785 3.643 3.502 3.354 3.912 3.74 3.568 3.447 3.336 3.676 3.533 3.413 3.314 3.146 3.57 3.665 3.512 3.124 2.955 2.765 3.48
0.1165 4.15 4.2 4.125 3.932 3.789 3.65 4.011 3.909 3.787 3.645 3.505 3.356 3.914 3.742 3.57 3.449 3.339 3.678 3.535 3.416 3.317 3.148 3.572 3.667 3.515 3.127 2.957 2.767 3.482
0.1193 4.152 4.202 4.127 3.934 3.792 3.652 4.013 3.912 3.789 3.647 3.507 3.358 3.917 3.744 3.572 3.452 3.341 3.68 3.538 3.418 3.319 3.151 3.574 3.67 3.517 3.129 2.96 2.769 3.484
0.1222 4.155 4.204 4.129 3.936 3.794 3.655 4.016 3.914 3.791 3.65 3.509 3.361 3.919 3.746 3.574 3.454 3.343 3.683 3.54 3.42 3.321 3.153 3.577 3.672 3.519 3.131 2.962 2.771 3.486
0.1251 4.157 4.206 4.131 3.938 3.796 3.657 4.018 3.916 3.794 3.652 3.511 3.363 3.921 3.749 3.577 3.456 3.345 3.685 3.542 3.422 3.323 3.155 3.579 3.674 3.521 3.133 2.964 2.774 3.489
0.1281 4.159 4.209 4.134 3.941 3.798 3.659 4.02 3.918 3.796 3.654 3.514 3.365 3.923 3.751 3.579 3.458 3.348 3.687 3.544 3.425 3.326 3.157 3.581 3.676 3.524 3.136 2.966 2.776 3.491
0.1312 4.161 4.211 4.136 3.943 3.801 3.661 4.022 3.921 3.798 3.656 3.516 3.367 3.926 3.753 3.581 3.46 3.35 3.689 3.547 3.427 3.328 3.16 3.583 3.679 3.526 3.138 2.969 2.778 3.493
0.1344 4.164 4.213 4.138 3.945 3.803 3.664 4.024 3.923 3.8 3.659 3.518 3.369 3.928 3.755 3.583 3.463 3.352 3.692 3.549 3.429 3.33 3.162 3.586 3.681 3.528 3.14 2.971 2.78 3.495
0.1376 4.166 4.215 4.14 3.947 3.805 3.666 4.027 3.925 3.803 3.661 3.52 3.372 3.93 3.758 3.586 3.465 3.354 3.694 3.551 3.431 3.332 3.164 3.588 3.683 3.53 3.142 2.973 2.783 3.498
0.141 4.168 4.217 4.143 3.95 3.807 3.668 4.029 3.927 3.805 3.663 3.523 3.374 3.932 3.76 3.588 3.467 3.357 3.696 3.553 3.434 3.335 3.166 3.59 3.685 3.533 3.145 2.975 2.785 3.5
0.1444 4.181 4.231 4.156 3.963 3.821 3.682 4.042 3.941 3.818 3.676 3.536 3.387 3.946 3.773 3.601 3.481 3.37 3.709 3.567 3.447 3.348 3.18 3.604 3.699 3.546 3.158 2.989 2.798 3.513
0.1478 4.196 4.245 4.17 3.977 3.835 3.696 4.057 3.955 3.833 3.691 3.55 3.402 3.96 3.788 3.616 3.495 3.384 3.724 3.581 3.461 3.362 3.194 3.618 3.713 3.56 3.172 3.003 2.813 3.528
0.1514 4.21 4.26 4.185 3.992 3.849 3.71 4.071 3.969 3.847 3.705 3.565 3.416 3.974 3.802 3.63 3.509 3.399 3.738 3.596 3.476 3.377 3.208 3.632 3.728 3.575 3.187 3.017 2.827 3.542
0.1551 4.225 4.274 4.199 4.006 3.864 3.725 4.085 3.984 3.861 3.72 3.579 3.43 3.989 3.816 3.644 3.524 3.413 3.753 3.61 3.49 3.391 3.223 3.647 3.742 3.589 3.201 3.032 2.841 3.556
0.1588 4.239 4.288 4.214 4.021 3.878 3.739 4.1 3.998 3.876 3.734 3.593 3.445 4.003 3.831 3.659 3.538 3.427 3.767 3.624 3.504 3.405 3.237 3.661 3.756 3.603 3.215 3.046 2.856 3.571
0.1626 4.253 4.303 4.228 4.035 3.893 3.753 4.114 4.013 3.89 3.748 3.608 3.459 4.018 3.845 3.673 3.552 3.442 3.781 3.639 3.519 3.42 3.252 3.675 3.771 3.618 3.23 3.061 2.87 3.585
0.1666 4.268 4.317 4.242 4.049 3.907 3.768 4.129 4.027 3.904 3.763 3.622 3.474 4.032 3.859 3.688 3.567 3.456 3.796 3.653 3.533 3.434 3.266 3.69 3.785 3.632 3.244 3.075 2.885 3.6
0.1706 4.282 4.331 4.257 4.064 3.921 3.782 4.143 4.041 3.919 3.777 3.637 3.488 4.046 3.874 3.702 3.581 3.471 3.81 3.667 3.548 3.449 3.28 3.704 3.799 3.647 3.259 3.089 2.899 3.614
0.1747 4.296 4.346 4.271 4.078 3.936 3.797 4.157 4.056 3.933 3.791 3.651 3.502 4.061 3.888 3.716 3.596 3.485 3.824 3.682 3.562 3.463 3.295 3.719 3.814 3.661 3.273 3.104 2.913 3.628
0.1789 4.31 4.359 4.285 4.092 3.949 3.81 4.171 4.069 3.947 3.805 3.665 3.516 4.074 3.902 3.73 3.609 3.499 3.838 3.695 3.576 3.477 3.308 3.732 3.827 3.675 3.287 3.117 2.927 3.642
0.1832 4.313 4.363 4.288 4.095 3.953 3.814 4.174 4.073 3.95 3.808 3.668 3.519 4.078 3.905 3.733 3.613 3.502 3.841 3.699 3.579 3.48 3.312 3.736 3.831 3.678 3.29 3.121 2.93 3.645
0.1876 4.317 4.366 4.291 4.098 3.956 3.817 4.178 4.076 3.954 3.812 3.671 3.523 4.081 3.909 3.737 3.616 3.505 3.845 3.702 3.582 3.483 3.315 3.739 3.834 3.681 3.293 3.124 2.934 3.649
0.1922 4.32 4.37 4.295 4.102 3.959 3.82 4.181 4.079 3.957 3.815 3.675 3.526 4.085 3.912 3.74 3.619 3.509 3.848 3.706 3.586 3.487 3.318 3.742 3.838 3.685 3.297 3.127 2.937 3.652
0.1968 4.324 4.373 4.298 4.105 3.963 3.824 4.185 4.083 3.96 3.819 3.678 3.53 4.088 3.915 3.743 3.623 3.512 3.852 3.709 3.589 3.49 3.322 3.746 3.841 3.688 3.3 3.131 2.941 3.656
0.2015 4.327 4.376 4.302 4.109 3.966 3.827 4.188 4.086 3.964 3.822 3.681 3.533 4.091 3.919 3.747 3.626 3.516 3.855 3.712 3.593 3.494 3.325 3.749 3.844 3.692 3.304 3.134 2.944 3.659
0.2064 4.33 4.38 4.305 4.112 3.97 3.831 4.191 4.09 3.967 3.825 3.685 3.536 4.095 3.922 3.75 3.63 3.519 3.858 3.716 3.596 3.497 3.329 3.753 3.848 3.695 3.307 3.138 2.947 3.662
0.2114 4.334 4.383 4.308 4.115 3.973 3.834 4.195 4.093 3.971 3.829 3.688 3.54 4.098 3.926 3.754 3.633 3.522 3.862 3.719 3.599 3.5 3.332 3.756 3.851 3.698 3.31 3.141 2.951 3.666
0.2165 4.337 4.387 4.312 4.119 3.976 3.837 4.198 4.096 3.974 3.832 3.692 3.543 4.101 3.929 3.757 3.636 3.526 3.865 3.723 3.603 3.504 3.335 3.759 3.855 3.702 3.314 3.144 2.954 3.669
0.2217 4.341 4.39 4.315 4.122 3.98 3.841 4.202 4.1 3.977 3.836 3.695 3.546 4.105 3.932 3.76 3.64 3.529 3.869 3.726 3.606 3.507 3.339 3.763 3.858 3.705 3.317 3.148 2.957 3.672
0.2271 4.343 4.393 4.318 4.125 3.982 3.843 4.204 4.102 3.98 3.838 3.698 3.549 4.108 3.935 3.763 3.642 3.532 3.871 3.729 3.609 3.51 3.341 3.765 3.861 3.708 3.32 3.15 2.96 3.675
0.2325 4.343 4.392 4.318 4.125 3.982 3.843 4.204 4.102 3.98 3.838 3.697 3.549 4.107 3.935 3.763 3.642 3.531 3.871 3.728 3.608 3.509 3.341 3.765 3.86 3.707 3.319 3.15 2.96 3.675
0.2381 4.343 4.392 4.317 4.124 3.982 3.843 4.204 4.102 3.979 3.838 3.697 3.549 4.107 3.934 3.763 3.642 3.531 3.871 3.728 3.608 3.509 3.341 3.765 3.86 3.707 3.319 3.15 2.96 3.675
0.2439 4.342 4.392 4.317 4.124 3.982 3.842 4.203 4.102 3.979 3.837 3.697 3.548 4.107 3.934 3.762 3.642 3.531 3.87 3.728 3.608 3.509 3.341 3.764 3.86 3.707 3.319 3.15 2.959 3.674
0.2498 4.342 4.392 4.317 4.124 3.981 3.842 4.203 4.101 3.979 3.837 3.697 3.548 4.106 3.934 3.762 3.641 3.531 3.87 3.727 3.608 3.509 3.34 3.764 3.859 3.707 3.319 3.149 2.959 3.674
0.2558 4.342 4.391 4.316 4.123 3.981 3.842 4.203 4.101 3.979 3.837 3.696 3.548 4.106 3.934 3.762 3.641 3.53 3.87 3.727 3.607 3.508 3.34 3.764 3.859 3.706 3.318 3.149 2.959 3.674
0.262 4.342 4.391 4.316 4.123 3.981 3.842 4.202 4.101 3.978 3.836 3.696 3.547 4.106 3.933 3.761 3.641 3.53 3.869 3.727 3.607 3.508 3.34 3.764 3.859 3.706 3.318 3.149 2.958 3.673
0.2683 4.341 4.391 4.316 4.123 3.98 3.841 4.202 4.1 3.978 3.836 3.696 3.547 4.106 3.933 3.761 3.64 3.53 3.869 3.727 3.607 3.508 3.34 3.763 3.859 3.706 3.318 3.148 2.958 3.673
0.2748 4.341 4.39 4.316 4.123 3.98 3.841 4.202 4.1 3.978 3.836 3.695 3.547 4.105 3.933 3.761 3.64 3.529 3.869 3.726 3.607 3.507 3.339 3.763 3.858 3.705 3.318 3.148 2.958 3.673
0.2814 4.341 4.39 4.315 4.122 3.98 3.841 4.202 4.1 3.977 3.836 3.695 3.547 4.105 3.932 3.761 3.64 3.529 3.869 3.726 3.606 3.507 3.339 3.763 3.858 3.705 3.317 3.148 2.958 3.673
0.2882 4.345 4.394 4.319 4.126 3.984 3.845 4.206 4.104 3.982 3.84 3.699 3.551 4.109 3.936 3.765 3.644 3.533 3.873 3.73 3.61 3.511 3.343 3.767 3.862 3.709 3.321 3.152 2.962 3.677
0.2951 4.357 4.406 4.331 4.138 3.996 3.857 4.218 4.116 3.994 3.852 3.711 3.563 4.121 3.949 3.777 3.656 3.545 3.885 3.742 3.622 3.523 3.355 3.779 3.874 3.721 3.333 3.164 2.974 3.689
0.3022 4.369 4.418 4.343 4.151 4.008 3.869 4.23 4.128 4.006 3.864 3.723 3.575 4.133 3.961 3.789 3.668 3.557 3.897 3.754 3.634 3.535 3.367 3.791 3.886 3.733 3.345 3.176 2.986 3.701
0.3095 4.381 4.43 4.356 4.163 4.02 3.881 4.242 4.14 4.018 3.876 3.735 3.587 4.145 3.973 3.801 3.68 3.569 3.909 3.766 3.647 3.548 3.379 3.803 3.898 3.745 3.358 3.188 2.998 3.713
0.317 4.393 4.443 4.368 4.175 4.032 3.893 4.254 4.152 4.03 3.888 3.748 3.599 4.157 3.985 3.813 3.692 3.582 3.921 3.778 3.659 3.56 3.391 3.815 3.91 3.758 3.37 3.2 3.01 3.725
0.3247 4.405 4.455 4.38 4.187 4.044 3.905 4.266 4.164 4.042 3.9 3.76 3.611 4.169 3.997 3.825 3.704 3.594 3.933 3.791 3.671 3.572 3.403 3.827 3.922 3.77 3.382 3.212 3.022 3.737
0.3325 4.417 4.467 4.392 4.199 4.056 3.917 4.278 4.176 4.054 3.912 3.772 3.623 4.182 4.009 3.837 3.716 3.606 3.945 3.803 3.683 3.584 3.415 3.839 3.935 3.782 3.394 3.224 3.034 3.749
0.3405 4.429 4.479 4.404 4.211 4.069 3.929 4.29 4.189 4.066 3.924 3.784 3.635 4.194 4.021 3.849 3.728 3.618 3.957 3.815 3.695 3.596 3.428 3.851 3.947 3.794 3.406 3.237 3.046 3.761
0.3487 4.441 4.491 4.416 4.223 4.081 3.941 4.302 4.201 4.078 3.936 3.796 3.647 4.206 4.033 3.861 3.741 3.63 3.969 3.827 3.707 3.608 3.44 3.864 3.959 3.806 3.418 3.249 3.058 3.773
0.3571 4.453 4.503 4.428 4.235 4.093 3.954 4.314 4.213 4.09 3.948 3.808 3.659 4.218 4.045 3.873 3.753 3.642 3.981 3.839 3.719 3.62 3.452 3.876 3.971 3.818 3.43 3.261 3.07 3.785
0.3657 4.469 4.518 4.444 4.251 4.108 3.969 4.33 4.228 4.106 3.964 3.823 3.675 4.233 4.061 3.889 3.768 3.657 3.997 3.854 3.734 3.635 3.467 3.891 3.986 3.833 3.445 3.276 3.086 3.801
0.3746 4.488 4.537 4.462 4.269 4.127 3.988 4.349 4.247 4.125 3.983 3.842 3.694 4.252 4.08 3.908 3.787 3.676 4.016 3.873 3.753 3.654 3.486 3.91 4.005 3.852 3.464 3.295 3.105 3.82
0.3836 4.507 4.556 4.481 4.288 4.146 4.007 4.368 4.266 4.144 4.002 3.861 3.713 4.271 4.098 3.927 3.806 3.695 4.035 3.892 3.772 3.673 3.505 3.929 4.024 3.871 3.483 3.314 3.124 3.839
0.3929 4.526 4.575 4.5 4.307 4.165 4.026 4.387 4.285 4.163 4.021 3.88 3.732 4.29 4.117 3.946 3.825 3.714 4.054 3.911 3.791 3.692 3.524 3.948 4.043 3.89 3.502 3.333 3.143 3.858
0.4023 4.545 4.594 4.519 4.326 4.184 4.045 4.406 4.304 4.181 4.04 3.899 3.751 4.309 4.136 3.964 3.844 3.733 4.073 3.93 3.81 3.711 3.543 3.967 4.062 3.909 3.521 3.352 3.161 3.876
0.412 4.564 4.613 4.538 4.345 4.203 4.064 4.424 4.323 4.2 4.058 3.918 3.769 4.328 4.155 3.983 3.863 3.752 4.091 3.949 3.829 3.73 3.562 3.986 4.081 3.928 3.54 3.371 3.18 3.895
0.422 4.582 4.632 4.557 4.364 4.222 4.083 4.443 4.342 4.219 4.077 3.937 3.788 4.347 4.174 4.002 3.882 3.771 4.11 3.968 3.848 3.749 3.581 4.005 4.1 3.947 3.559 3.39 3.199 3.914
0.4322 4.601 4.651 4.576 4.383 4.241 4.101 4.462 4.361 4.238 4.096 3.956 3.807 4.366 4.193 4.021 3.901 3.79 4.129 3.987 3.867 3.768 3.6 4.023 4.119 3.966 3.578 3.409 3.218 3.933
0.4426 4.62 4.67 4.595 4.402 4.26 4.12 4.481 4.38 4.257 4.115 3.975 3.826 4.385 4.212 4.04 3.919 3.809 4.148 4.006 3.886 3.787 3.619 4.042 4.138 3.985 3.597 3.428 3.237 3.952
0.4533 4.639 4.689 4.614 4.421 4.278 4.139 4.5 4.398 4.276 4.134 3.994 3.845 4.403 4.231 4.059 3.938 3.828 4.167 4.025 3.905 3.806 3.637 4.061 4.157 4.004 3.616 3.446 3.256 3.971
0.4642 4.659 4.709 4.634 4.441 4.299 4.16 4.52 4.419 4.296 4.154 4.014 3.865 4.424 4.251 4.079 3.959 3.848 4.187 4.045 3.925 3.826 3.658 4.082 4.177 4.024 3.636 3.467 3.276 3.991
0.4754 4.68 4.73 4.655 4.462 4.32 4.18 4.541 4.44 4.317 4.175 4.035 3.886 4.445 4.272 4.1 3.979 3.869 4.208 4.066 3.946 3.847 3.679 4.102 4.198 4.045 3.657 3.488 3.297 4.012
0.4869 4.701 4.751 4.676 4.483 4.34 4.201 4.562 4.46 4.338 4.196 4.056 3.907 4.466 4.293 4.121 4.0 3.89 4.229 4.087 3.967 3.868 3.699 4.123 4.219 4.066 3.678 3.508 3.318 4.033
0.4986 4.722 4.772 4.697 4.504 4.361 4.222 4.583 4.481 4.359 4.217 4.077 3.928 4.486 4.314 4.142 4.021 3.911 4.25 4.108 3.988 3.889 3.72 4.144 4.239 4.087 3.699 3.529 3.339 4.054
0.5106 4.743 4.792 4.718 4.525 4.382 4.243 4.604 4.502 4.38 4.238 4.098 3.949 4.507 4.335 4.163 4.042 3.932 4.271 4.128 4.009 3.91 3.741 4.165 4.26 4.108 3.72 3.55 3.36 4.075
0.523 4.764 4.813 4.739 4.546 4.403 4.264 4.625 4.523 4.401 4.259 4.118 3.97 4.528 4.356 4.184 4.063 3.952 4.292 4.149 4.029 3.93 3.762 4.186 4.281 4.128 3.74 3.571 3.381 4.096
0.5356 4.785 4.834 4.759 4.566 4.424 4.285 4.646 4.544 4.422 4.28 4.139 3.991 4.549 4.377 4.205 4.084 3.973 4.313 4.17 4.05 3.951 3.783 4.207 4.302 4.149 3.761 3.592 3.402 4.117
0.5485 4.806 4.855 4.78 4.587 4.445 4.306 4.667 4.565 4.443 4.301 4.16 4.012 4.57 4.397 4.226 4.105 3.994 4.334 4.191 4.071 3.972 3.804 4.228 4.323 4.17 3.782 3.613 3.423 4.138
0.5617 4.827 4.876 4.801 4.608 4.466 4.327 4.688 4.586 4.463 4.322 4.181 4.033 4.591 4.418 4.247 4.126 4.015 4.355 4.212 4.092 3.993 3.825 4.249 4.344 4.191 3.803 3.634 3.444 4.159
0.5753 4.848 4.897 4.822 4.629 4.487 4.348 4.708 4.607 4.484 4.343 4.202 4.053 4.612 4.439 4.267 4.147 4.036 4.376 4.233 4.113 4.014 3.846 4.27 4.365 4.212 3.824 3.655 3.464 4.179
0.5891 4.876 4.925 4.85 4.657 4.515 4.376 4.737 4.635 4.512 4.371 4.23 4.082 4.64 4.467 4.295 4.175 4.064 4.404 4.261 4.141 4.042 3.874 4.298 4.393 4.24 3.852 3.683 3.493 4.208
0.6034 4.906 4.955 4.88 4.687 4.545 4.406 4.767 4.665 4.543 4.401 4.26 4.112 4.67 4.497 4.326 4.205 4.094 4.434 4.291 4.171 4.072 3.904 4.328 4.423 4.27 3.882 3.713 3.523 4.238
0.6179 4.936 4.985 4.91 4.717 4.575 4.436 4.797 4.695 4.573 4.431 4.29 4.142 4.7 4.527 4.356 4.235 4.124 4.464 4.321 4.201 4.102 3.934 4.358 4.453 4.3 3.912 3.743 3.553 4.268
0.6328 4.966 5.015 4.94 4.748 4.605 4.466 4.827 4.725 4.603 4.461 4.32 4.172 4.73 4.558 4.386 4.265 4.154 4.494 4.351 4.231 4.132 3.964 4.388 4.483 4.33 3.942 3.773 3.583 4.298
0.6481 4.996 5.045 4.971 4.778 4.635 4.496 4.857 4.755 4.633 4.491 4.35 4.202 4.76 4.588 4.416 4.295 4.184 4.524 4.381 4.261 4.162 3.994 4.418 4.513 4.36 3.973 3.803 3.613 4.328
0.6637 5.026 5.075 5.001 4.808 4.665 4.526 4.887 4.785 4.663 4.521 4.38 4.232 4.79 4.618 4.446 4.325 4.215 4.554 4.411 4.292 4.193 4.024 4.448 4.543 4.391 4.003 3.833 3.643 4.358
0.6797 5.056 5.106 5.031 4.838 4.695 4.556 4.917 4.815 4.693 4.551 4.411 4.262 4.82 4.648 4.476 4.355 4.245 4.584 4.441 4.322 4.223 4.054 4.478 4.573 4.421 4.033 3.863 3.673 4.388
0.6961 5.086 5.136 5.061 4.868 4.725 4.586 4.947 4.845 4.723 4.581 4.441 4.292 4.85 4.678 4.506 4.385 4.275 4.614 4.472 4.352 4.253 4.084 4.508 4.603 4.451 4.063 3.893 3.703 4.418
