web/models/grb/onaxis/24/grb_0.0000_0.0268_0.1000000.dat
# %ECSV 1.0
# ---
# datatype:
# - {name: time, datatype: float64}
# - {name: swift_uvot_uvw2, datatype: float64}
# - {name: swift_uvot_uvm2, datatype: float64}
# - {name: swift_uvot_uvw1, datatype: float64}
# - {name: swift_uvot_U, datatype: float64}
# - {name: swift_uvot_B, datatype: float64}
# - {name: swift_uvot_V, datatype: float64}
# - {name: swift_uvot_W, datatype: float64}
# - {name: johnson_U, datatype: float64}
# - {name: johnson_B, datatype: float64}
# - {name: johnson_V, datatype: float64}
# - {name: johnson_R, datatype: float64}
# - {name: johnson_I, datatype: float64}
# - {name: sdss_u, datatype: float64}
# - {name: sdss_g, datatype: float64}
# - {name: sdss_r, datatype: float64}
# - {name: sdss_i, datatype: float64}
# - {name: sdss_z, datatype: float64}
# - {name: PS1_g, datatype: float64}
# - {name: PS1_r, datatype: float64}
# - {name: PS1_i, datatype: float64}
# - {name: PS1_z, datatype: float64}
# - {name: PS1_Y, datatype: float64}
# - {name: ukirt_J, datatype: float64}
# - {name: ukirt_H, datatype: float64}
# - {name: ukirt_K, datatype: float64}
# meta: !!omap
# - comment: [E = 1.164196048716035e-05, Eta0 = 8.02, GammaB = 12.0, dL = 0.012188, epsb = 6.760829753919819e-06, epse = 0.1, n = 0.1,
#     p = 2.15, theta_obs = 0.0, xiN = 1.0, z = 0.0, type = grb, E_kiso = 0.02682695795279726]
# schema: astropy-2.0
time swift_uvot_uvw2 swift_uvot_uvm2 swift_uvot_uvw1 swift_uvot_U swift_uvot_B swift_uvot_V swift_uvot_W johnson_U johnson_B johnson_V johnson_R johnson_I sdss_u sdss_g sdss_r sdss_i sdss_z PS1_g PS1_r PS1_i PS1_z PS1_Y ukirt_J ukirt_H ukirt_K
0.01 -2.755 -2.706 -2.781 -2.974 -3.116 -3.255 -2.895 -2.996 -3.119 -3.261 -3.401 -3.55 -2.991 -3.164 -3.336 -3.456 -3.567 -3.228 -3.37 -3.49 -3.589 -3.757 -3.779 -3.948 -4.139
0.0102 -2.743 -2.694 -2.769 -2.962 -3.104 -3.243 -2.882 -2.984 -3.107 -3.248 -3.389 -3.537 -2.979 -3.152 -3.324 -3.444 -3.555 -3.215 -3.358 -3.478 -3.577 -3.745 -3.767 -3.936 -4.127
0.0105 -2.728 -2.678 -2.753 -2.946 -3.088 -3.228 -2.867 -2.968 -3.091 -3.233 -3.373 -3.522 -2.963 -3.136 -3.308 -3.429 -3.539 -3.2 -3.342 -3.462 -3.561 -3.729 -3.751 -3.92 -4.111
0.0107 -2.709 -2.659 -2.734 -2.927 -3.07 -3.209 -2.848 -2.95 -3.072 -3.214 -3.354 -3.503 -2.944 -3.117 -3.289 -3.41 -3.52 -3.181 -3.323 -3.443 -3.542 -3.711 -3.732 -3.902 -4.092
0.011 -2.69 -2.64 -2.715 -2.908 -3.051 -3.19 -2.829 -2.931 -3.053 -3.195 -3.335 -3.484 -2.926 -3.098 -3.27 -3.391 -3.501 -3.162 -3.304 -3.424 -3.523 -3.692 -3.713 -3.883 -4.073
0.0113 -2.671 -2.621 -2.696 -2.889 -3.032 -3.171 -2.81 -2.912 -3.034 -3.176 -3.316 -3.465 -2.907 -3.079 -3.251 -3.372 -3.482 -3.143 -3.286 -3.405 -3.504 -3.673 -3.694 -3.864 -4.054
0.0115 -2.652 -2.603 -2.677 -2.87 -3.013 -3.152 -2.791 -2.893 -3.015 -3.157 -3.298 -3.446 -2.888 -3.06 -3.232 -3.353 -3.463 -3.124 -3.267 -3.386 -3.485 -3.654 -3.675 -3.845 -4.035
0.0118 -2.633 -2.584 -2.658 -2.851 -2.994 -3.133 -2.772 -2.874 -2.996 -3.138 -3.279 -3.427 -2.869 -3.041 -3.213 -3.334 -3.445 -3.105 -3.248 -3.368 -3.467 -3.635 -3.657 -3.826 -4.016
0.0121 -2.614 -2.565 -2.64 -2.833 -2.975 -3.114 -2.753 -2.855 -2.977 -3.119 -3.26 -3.408 -2.85 -3.022 -3.194 -3.315 -3.426 -3.086 -3.229 -3.349 -3.448 -3.616 -3.638 -3.807 -3.997
0.0124 -2.595 -2.546 -2.621 -2.814 -2.956 -3.095 -2.734 -2.836 -2.958 -3.1 -3.241 -3.389 -2.831 -3.004 -3.175 -3.296 -3.407 -3.067 -3.21 -3.33 -3.429 -3.597 -3.619 -3.788 -3.978
0.0127 -2.576 -2.527 -2.602 -2.795 -2.937 -3.076 -2.715 -2.817 -2.94 -3.081 -3.222 -3.37 -2.812 -2.985 -3.156 -3.277 -3.388 -3.048 -3.191 -3.311 -3.41 -3.578 -3.6 -3.769 -3.959
0.013 -2.557 -2.508 -2.583 -2.776 -2.918 -3.057 -2.696 -2.798 -2.921 -3.062 -3.203 -3.352 -2.793 -2.966 -3.138 -3.258 -3.369 -3.029 -3.172 -3.292 -3.391 -3.559 -3.581 -3.75 -3.941
0.0133 -2.537 -2.488 -2.563 -2.756 -2.898 -3.037 -2.676 -2.778 -2.9 -3.042 -3.183 -3.331 -2.773 -2.945 -3.117 -3.238 -3.349 -3.009 -3.152 -3.272 -3.371 -3.539 -3.561 -3.73 -3.92
0.0136 -2.516 -2.467 -2.542 -2.735 -2.877 -3.016 -2.655 -2.757 -2.879 -3.021 -3.162 -3.31 -2.752 -2.925 -3.096 -3.217 -3.328 -2.988 -3.131 -3.251 -3.35 -3.518 -3.54 -3.709 -3.899
0.014 -2.495 -2.446 -2.521 -2.714 -2.856 -2.995 -2.634 -2.736 -2.859 -3.0 -3.141 -3.289 -2.731 -2.904 -3.075 -3.196 -3.307 -2.967 -3.11 -3.23 -3.329 -3.497 -3.519 -3.688 -3.878
0.0143 -2.474 -2.425 -2.5 -2.693 -2.835 -2.974 -2.614 -2.715 -2.838 -2.979 -3.12 -3.269 -2.71 -2.883 -3.055 -3.175 -3.286 -2.946 -3.089 -3.209 -3.308 -3.476 -3.498 -3.667 -3.858
0.0146 -2.454 -2.404 -2.479 -2.672 -2.814 -2.953 -2.593 -2.694 -2.817 -2.959 -3.099 -3.248 -2.689 -2.862 -3.034 -3.154 -3.265 -2.926 -3.068 -3.188 -3.287 -3.455 -3.477 -3.646 -3.837
0.015 -2.433 -2.383 -2.458 -2.651 -2.793 -2.933 -2.572 -2.673 -2.796 -2.938 -3.078 -3.227 -2.668 -2.841 -3.013 -3.133 -3.244 -2.905 -3.047 -3.167 -3.266 -3.434 -3.456 -3.625 -3.816
0.0154 -2.412 -2.362 -2.437 -2.63 -2.772 -2.912 -2.551 -2.652 -2.775 -2.917 -3.057 -3.206 -2.647 -2.82 -2.992 -3.113 -3.223 -2.884 -3.026 -3.146 -3.245 -3.413 -3.435 -3.604 -3.795
0.0157 -2.391 -2.341 -2.416 -2.609 -2.752 -2.891 -2.53 -2.632 -2.754 -2.896 -3.036 -3.185 -2.627 -2.799 -2.971 -3.092 -3.202 -2.863 -3.005 -3.125 -3.224 -3.393 -3.414 -3.584 -3.774
0.0161 -2.37 -2.32 -2.395 -2.588 -2.731 -2.87 -2.509 -2.611 -2.733 -2.875 -3.015 -3.164 -2.606 -2.778 -2.95 -3.071 -3.181 -2.842 -2.985 -3.104 -3.203 -3.372 -3.393 -3.563 -3.753
0.0165 -2.349 -2.3 -2.374 -2.567 -2.71 -2.849 -2.488 -2.59 -2.712 -2.854 -2.995 -3.143 -2.585 -2.757 -2.929 -3.05 -3.16 -2.821 -2.964 -3.083 -3.182 -3.351 -3.372 -3.542 -3.732
0.0169 -2.321 -2.271 -2.346 -2.539 -2.681 -2.82 -2.46 -2.561 -2.684 -2.826 -2.966 -3.115 -2.556 -2.729 -2.901 -3.021 -3.132 -2.793 -2.935 -3.055 -3.154 -3.322 -3.344 -3.513 -3.704
0.0173 -2.291 -2.241 -2.316 -2.509 -2.651 -2.79 -2.43 -2.531 -2.654 -2.796 -2.936 -3.085 -2.526 -2.699 -2.871 -2.991 -3.102 -2.763 -2.905 -3.025 -3.124 -3.292 -3.314 -3.483 -3.674
0.0177 -2.26 -2.211 -2.286 -2.479 -2.621 -2.76 -2.4 -2.501 -2.624 -2.765 -2.906 -3.055 -2.496 -2.669 -2.841 -2.961 -3.072 -2.732 -2.875 -2.995 -3.094 -3.262 -3.284 -3.453 -3.644
0.0181 -2.23 -2.181 -2.256 -2.449 -2.591 -2.73 -2.369 -2.471 -2.594 -2.735 -2.876 -3.024 -2.466 -2.639 -2.81 -2.931 -3.042 -2.702 -2.845 -2.965 -3.064 -3.232 -3.254 -3.423 -3.613
0.0186 -2.2 -2.151 -2.226 -2.419 -2.561 -2.7 -2.339 -2.441 -2.563 -2.705 -2.846 -2.994 -2.436 -2.609 -2.78 -2.901 -3.012 -2.672 -2.815 -2.935 -3.034 -3.202 -3.224 -3.393 -3.583
0.019 -2.17 -2.121 -2.196 -2.389 -2.531 -2.67 -2.309 -2.411 -2.533 -2.675 -2.816 -2.964 -2.406 -2.578 -2.75 -2.871 -2.982 -2.642 -2.785 -2.905 -3.004 -3.172 -3.194 -3.363 -3.553
0.0195 -2.14 -2.091 -2.166 -2.358 -2.501 -2.64 -2.279 -2.381 -2.503 -2.645 -2.786 -2.934 -2.376 -2.548 -2.72 -2.841 -2.952 -2.612 -2.755 -2.875 -2.974 -3.142 -3.164 -3.333 -3.523
0.02 -2.11 -2.061 -2.135 -2.328 -2.471 -2.61 -2.249 -2.351 -2.473 -2.615 -2.756 -2.904 -2.346 -2.518 -2.69 -2.811 -2.922 -2.582 -2.725 -2.844 -2.944 -3.112 -3.133 -3.303 -3.493
0.0204 -2.08 -2.031 -2.105 -2.298 -2.441 -2.58 -2.219 -2.321 -2.443 -2.585 -2.725 -2.874 -2.316 -2.488 -2.66 -2.781 -2.891 -2.552 -2.695 -2.814 -2.913 -3.082 -3.103 -3.273 -3.463
0.0209 -2.05 -2.0 -2.075 -2.268 -2.411 -2.55 -2.189 -2.291 -2.413 -2.555 -2.695 -2.844 -2.286 -2.458 -2.63 -2.751 -2.861 -2.522 -2.664 -2.784 -2.883 -3.052 -3.073 -3.243 -3.433
0.0214 -2.012 -1.963 -2.038 -2.231 -2.373 -2.512 -2.151 -2.253 -2.375 -2.517 -2.658 -2.806 -2.248 -2.42 -2.592 -2.713 -2.824 -2.484 -2.627 -2.747 -2.846 -3.014 -3.036 -3.205 -3.395
0.022 -1.974 -1.925 -2.0 -2.193 -2.335 -2.474 -2.113 -2.215 -2.337 -2.479 -2.62 -2.768 -2.21 -2.382 -2.554 -2.675 -2.786 -2.446 -2.589 -2.709 -2.808 -2.976 -2.998 -3.167 -3.357
0.0225 -1.936 -1.887 -1.962 -2.154 -2.297 -2.436 -2.075 -2.177 -2.299 -2.441 -2.582 -2.73 -2.172 -2.344 -2.516 -2.637 -2.748 -2.408 -2.551 -2.671 -2.77 -2.938 -2.96 -3.129 -3.319
0.023 -1.898 -1.849 -1.924 -2.116 -2.259 -2.398 -2.037 -2.139 -2.261 -2.403 -2.544 -2.692 -2.134 -2.306 -2.478 -2.599 -2.71 -2.37 -2.513 -2.633 -2.732 -2.9 -2.922 -3.091 -3.281
0.0236 -1.86 -1.811 -1.885 -2.078 -2.221 -2.36 -1.999 -2.101 -2.223 -2.365 -2.506 -2.654 -2.096 -2.268 -2.44 -2.561 -2.672 -2.332 -2.475 -2.595 -2.694 -2.862 -2.884 -3.053 -3.243
0.0242 -1.822 -1.773 -1.847 -2.04 -2.183 -2.322 -1.961 -2.063 -2.185 -2.327 -2.468 -2.616 -2.058 -2.23 -2.402 -2.523 -2.634 -2.294 -2.437 -2.557 -2.656 -2.824 -2.846 -3.015 -3.205
0.0247 -1.784 -1.735 -1.809 -2.002 -2.145 -2.284 -1.923 -2.025 -2.147 -2.289 -2.43 -2.578 -2.02 -2.192 -2.364 -2.485 -2.596 -2.256 -2.399 -2.518 -2.618 -2.786 -2.807 -2.977 -3.167
0.0253 -1.746 -1.697 -1.771 -1.964 -2.107 -2.246 -1.885 -1.987 -2.109 -2.251 -2.392 -2.54 -1.982 -2.154 -2.326 -2.447 -2.558 -2.218 -2.361 -2.48 -2.579 -2.748 -2.769 -2.939 -3.129
0.0259 -1.708 -1.659 -1.733 -1.926 -2.069 -2.208 -1.847 -1.949 -2.071 -2.213 -2.354 -2.502 -1.944 -2.116 -2.288 -2.409 -2.519 -2.18 -2.323 -2.442 -2.541 -2.71 -2.731 -2.901 -3.091
0.0266 -1.67 -1.62 -1.695 -1.888 -2.031 -2.17 -1.809 -1.911 -2.033 -2.175 -2.315 -2.464 -1.906 -2.078 -2.25 -2.371 -2.481 -2.142 -2.284 -2.404 -2.503 -2.672 -2.693 -2.863 -3.053
0.0272 -1.63 -1.581 -1.655 -1.848 -1.991 -2.13 -1.769 -1.871 -1.993 -2.135 -2.276 -2.424 -1.866 -2.038 -2.21 -2.331 -2.441 -2.102 -2.245 -2.364 -2.463 -2.632 -2.653 -2.823 -3.013
0.0279 -1.59 -1.541 -1.616 -1.809 -1.951 -2.09 -1.729 -1.831 -1.953 -2.095 -2.236 -2.384 -1.826 -1.998 -2.17 -2.291 -2.402 -2.062 -2.205 -2.325 -2.424 -2.592 -2.614 -2.783 -2.973
0.0285 -1.55 -1.501 -1.576 -1.769 -1.911 -2.05 -1.689 -1.791 -1.914 -2.055 -2.196 -2.344 -1.786 -1.959 -2.131 -2.251 -2.362 -2.022 -2.165 -2.285 -2.384 -2.552 -2.574 -2.743 -2.933
0.0292 -1.511 -1.461 -1.536 -1.729 -1.871 -2.01 -1.65 -1.751 -1.874 -2.016 -2.156 -2.305 -1.746 -1.919 -2.091 -2.211 -2.322 -1.983 -2.125 -2.245 -2.344 -2.512 -2.534 -2.703 -2.894
0.0299 -1.471 -1.421 -1.496 -1.689 -1.832 -1.971 -1.61 -1.711 -1.834 -1.976 -2.116 -2.265 -1.706 -1.879 -2.051 -2.172 -2.282 -1.943 -2.085 -2.205 -2.304 -2.472 -2.494 -2.664 -2.854
0.0307 -1.431 -1.381 -1.456 -1.649 -1.792 -1.931 -1.57 -1.672 -1.794 -1.936 -2.076 -2.225 -1.667 -1.839 -2.011 -2.132 -2.242 -1.903 -2.046 -2.165 -2.264 -2.433 -2.454 -2.624 -2.814
0.0314 -1.391 -1.342 -1.417 -1.609 -1.752 -1.891 -1.53 -1.632 -1.754 -1.896 -2.037 -2.185 -1.627 -1.799 -1.971 -2.092 -2.203 -1.863 -2.006 -2.126 -2.225 -2.393 -2.415 -2.584 -2.774
0.0322 -1.351 -1.302 -1.377 -1.57 -1.712 -1.851 -1.49 -1.592 -1.714 -1.856 -1.997 -2.145 -1.587 -1.76 -1.931 -2.052 -2.163 -1.823 -1.966 -2.086 -2.185 -2.353 -2.375 -2.544 -2.734
0.0329 -1.311 -1.262 -1.337 -1.53 -1.672 -1.811 -1.451 -1.552 -1.675 -1.817 -1.957 -2.106 -1.547 -1.72 -1.892 -2.012 -2.123 -1.784 -1.926 -2.046 -2.145 -2.313 -2.335 -2.504 -2.695
0.0337 -1.269 -1.22 -1.295 -1.488 -1.63 -1.769 -1.408 -1.51 -1.632 -1.774 -1.915 -2.063 -1.505 -1.678 -1.849 -1.97 -2.081 -1.741 -1.884 -2.004 -2.103 -2.271 -2.293 -2.462 -2.652
0.0345 -1.22 -1.17 -1.245 -1.438 -1.581 -1.72 -1.359 -1.461 -1.583 -1.725 -1.865 -2.014 -1.456 -1.628 -1.8 -1.921 -2.031 -1.692 -1.834 -1.954 -2.053 -2.222 -2.243 -2.413 -2.603
0.0354 -1.17 -1.121 -1.196 -1.389 -1.531 -1.67 -1.31 -1.411 -1.534 -1.675 -1.816 -1.965 -1.406 -1.579 -1.751 -1.871 -1.982 -1.642 -1.785 -1.905 -2.004 -2.172 -2.194 -2.363 -2.554
0.0362 -1.121 -1.072 -1.146 -1.339 -1.482 -1.621 -1.26 -1.362 -1.484 -1.626 -1.767 -1.915 -1.357 -1.529 -1.701 -1.822 -1.932 -1.593 -1.736 -1.855 -1.954 -2.123 -2.144 -2.314 -2.504
0.0371 -1.072 -1.022 -1.097 -1.29 -1.432 -1.571 -1.211 -1.312 -1.435 -1.577 -1.717 -1.866 -1.307 -1.48 -1.652 -1.772 -1.883 -1.544 -1.686 -1.806 -1.905 -2.073 -2.095 -2.264 -2.455
0.038 -1.022 -0.973 -1.048 -1.24 -1.383 -1.522 -1.161 -1.263 -1.385 -1.527 -1.668 -1.816 -1.258 -1.43 -1.602 -1.723 -1.834 -1.494 -1.637 -1.757 -1.856 -2.024 -2.046 -2.215 -2.405
0.0389 -0.973 -0.923 -0.998 -1.191 -1.333 -1.473 -1.112 -1.213 -1.336 -1.478 -1.618 -1.767 -1.208 -1.381 -1.553 -1.674 -1.784 -1.445 -1.587 -1.707 -1.806 -1.974 -1.996 -2.165 -2.356
0.0398 -0.923 -0.874 -0.949 -1.142 -1.284 -1.423 -1.062 -1.164 -1.286 -1.428 -1.569 -1.717 -1.159 -1.332 -1.503 -1.624 -1.735 -1.395 -1.538 -1.658 -1.757 -1.925 -1.947 -2.116 -2.306
0.0408 -0.874 -0.824 -0.899 -1.092 -1.235 -1.374 -1.013 -1.115 -1.237 -1.379 -1.519 -1.668 -1.11 -1.282 -1.454 -1.575 -1.685 -1.346 -1.488 -1.608 -1.707 -1.876 -1.897 -2.067 -2.257
0.0418 -0.824 -0.775 -0.85 -1.043 -1.185 -1.324 -0.963 -1.065 -1.188 -1.329 -1.47 -1.618 -1.06 -1.233 -1.405 -1.525 -1.636 -1.296 -1.439 -1.559 -1.658 -1.826 -1.848 -2.017 -2.207
0.0428 -0.772 -0.723 -0.798 -0.99 -1.133 -1.272 -0.911 -1.013 -1.135 -1.277 -1.418 -1.566 -1.008 -1.18 -1.352 -1.473 -1.584 -1.244 -1.387 -1.507 -1.606 -1.774 -1.796 -1.965 -2.155
0.0438 -0.715 -0.666 -0.741 -0.934 -1.076 -1.215 -0.854 -0.956 -1.079 -1.22 -1.361 -1.509 -0.951 -1.124 -1.295 -1.416 -1.527 -1.187 -1.33 -1.45 -1.549 -1.717 -1.739 -1.908 -2.098
0.0449 -0.659 -0.609 -0.684 -0.877 -1.019 -1.159 -0.798 -0.899 -1.022 -1.164 -1.304 -1.453 -0.894 -1.067 -1.239 -1.359 -1.47 -1.131 -1.273 -1.393 -1.492 -1.66 -1.682 -1.851 -2.042
0.046 -0.602 -0.552 -0.627 -0.82 -0.963 -1.102 -0.741 -0.843 -0.965 -1.107 -1.247 -1.396 -0.838 -1.01 -1.182 -1.303 -1.413 -1.074 -1.216 -1.336 -1.435 -1.604 -1.625 -1.795 -1.985
0.0471 -0.545 -0.496 -0.571 -0.763 -0.906 -1.045 -0.684 -0.786 -0.908 -1.05 -1.191 -1.339 -0.781 -0.953 -1.125 -1.246 -1.357 -1.017 -1.16 -1.28 -1.379 -1.547 -1.569 -1.738 -1.928
0.0482 -0.488 -0.439 -0.514 -0.707 -0.849 -0.988 -0.627 -0.729 -0.852 -0.993 -1.134 -1.282 -0.724 -0.897 -1.069 -1.189 -1.3 -0.96 -1.103 -1.223 -1.322 -1.49 -1.512 -1.681 -1.871
0.0494 -0.432 -0.382 -0.457 -0.65 -0.792 -0.932 -0.571 -0.672 -0.795 -0.937 -1.077 -1.226 -0.667 -0.84 -1.012 -1.132 -1.243 -0.904 -1.046 -1.166 -1.265 -1.433 -1.455 -1.624 -1.815
0.0506 -0.375 -0.325 -0.4 -0.593 -0.736 -0.875 -0.514 -0.616 -0.738 -0.88 -1.02 -1.169 -0.611 -0.783 -0.955 -1.076 -1.186 -0.847 -0.99 -1.109 -1.208 -1.377 -1.398 -1.568 -1.758
0.0518 -0.318 -0.269 -0.344 -0.537 -0.679 -0.818 -0.457 -0.559 -0.681 -0.823 -0.964 -1.112 -0.554 -0.726 -0.898 -1.019 -1.13 -0.79 -0.933 -1.053 -1.152 -1.32 -1.342 -1.511 -1.701
0.053 -0.261 -0.212 -0.287 -0.48 -0.622 -0.761 -0.4 -0.502 -0.625 -0.766 -0.907 -1.055 -0.497 -0.67 -0.842 -0.962 -1.073 -0.733 -0.876 -0.996 -1.095 -1.263 -1.285 -1.454 -1.645
0.0543 -0.206 -0.157 -0.231 -0.424 -0.567 -0.706 -0.345 -0.447 -0.569 -0.711 -0.852 -1.0 -0.442 -0.614 -0.786 -0.907 -1.018 -0.678 -0.821 -0.941 -1.04 -1.208 -1.23 -1.399 -1.589
0.0556 -0.152 -0.103 -0.177 -0.37 -0.513 -0.652 -0.291 -0.393 -0.515 -0.657 -0.798 -0.946 -0.388 -0.56 -0.732 -0.853 -0.964 -0.624 -0.767 -0.886 -0.986 -1.154 -1.175 -1.345 -1.535
0.057 -0.098 -0.049 -0.123 -0.316 -0.459 -0.598 -0.237 -0.339 -0.461 -0.603 -0.744 -0.892 -0.334 -0.506 -0.678 -0.799 -0.909 -0.57 -0.713 -0.832 -0.931 -1.1 -1.121 -1.291 -1.481
0.0584 -0.044 0.005 -0.069 -0.262 -0.405 -0.544 -0.183 -0.285 -0.407 -0.549 -0.689 -0.838 -0.28 -0.452 -0.624 -0.745 -0.855 -0.516 -0.659 -0.778 -0.877 -1.046 -1.067 -1.237 -1.427
0.0598 0.01 0.06 -0.015 -0.208 -0.351 -0.49 -0.129 -0.231 -0.353 -0.495 -0.635 -0.784 -0.226 -0.398 -0.57 -0.691 -0.801 -0.462 -0.605 -0.724 -0.823 -0.992 -1.013 -1.183 -1.373
0.0612 0.064 0.114 0.039 -0.154 -0.297 -0.436 -0.075 -0.177 -0.299 -0.441 -0.581 -0.73 -0.172 -0.344 -0.516 -0.637 -0.747 -0.408 -0.55 -0.67 -0.769 -0.938 -0.959 -1.129 -1.319
0.0627 0.118 0.168 0.093 -0.1 -0.243 -0.382 -0.021 -0.123 -0.245 -0.387 -0.527 -0.676 -0.118 -0.29 -0.462 -0.583 -0.693 -0.354 -0.496 -0.616 -0.715 -0.884 -0.905 -1.075 -1.265
0.0642 0.172 0.222 0.147 -0.046 -0.189 -0.328 0.033 -0.069 -0.191 -0.333 -0.473 -0.622 -0.063 -0.236 -0.408 -0.529 -0.639 -0.3 -0.442 -0.562 -0.661 -0.829 -0.851 -1.021 -1.211
0.0657 0.226 0.276 0.201 0.008 -0.134 -0.274 0.087 -0.014 -0.137 -0.279 -0.419 -0.568 -0.009 -0.182 -0.354 -0.475 -0.585 -0.246 -0.388 -0.508 -0.607 -0.775 -0.797 -0.966 -1.157
0.0673 0.28 0.33 0.255 0.062 -0.08 -0.22 0.141 0.04 -0.083 -0.225 -0.365 -0.514 0.045 -0.128 -0.3 -0.421 -0.531 -0.192 -0.334 -0.454 -0.553 -0.721 -0.743 -0.912 -1.103
0.0689 0.332 0.382 0.307 0.114 -0.029 -0.168 0.193 0.091 -0.031 -0.173 -0.313 -0.462 0.096 -0.076 -0.248 -0.369 -0.479 -0.14 -0.282 -0.402 -0.501 -0.67 -0.691 -0.861 -1.051
0.0706 0.383 0.432 0.358 0.165 0.022 -0.117 0.244 0.142 0.02 -0.122 -0.263 -0.411 0.147 -0.025 -0.197 -0.318 -0.429 -0.089 -0.232 -0.351 -0.45 -0.619 -0.64 -0.81 -1.0
0.0723 0.434 0.483 0.408 0.215 0.073 -0.066 0.295 0.193 0.071 -0.071 -0.212 -0.36 0.198 0.025 -0.146 -0.267 -0.378 -0.038 -0.181 -0.301 -0.4 -0.568 -0.59 -0.759 -0.949
0.0741 0.485 0.534 0.459 0.266 0.124 -0.015 0.345 0.244 0.121 -0.02 -0.161 -0.31 0.249 0.076 -0.096 -0.216 -0.327 0.013 -0.13 -0.25 -0.349 -0.517 -0.539 -0.708 -0.899
0.0758 0.535 0.585 0.51 0.317 0.175 0.035 0.396 0.295 0.172 0.03 -0.11 -0.259 0.3 0.127 -0.045 -0.165 -0.276 0.063 -0.079 -0.199 -0.298 -0.466 -0.488 -0.657 -0.848
0.0777 0.586 0.636 0.561 0.368 0.225 0.086 0.447 0.345 0.223 0.081 -0.059 -0.208 0.35 0.178 0.006 -0.115 -0.225 0.114 -0.028 -0.148 -0.247 -0.416 -0.437 -0.607 -0.797
0.0795 0.637 0.686 0.612 0.419 0.276 0.137 0.498 0.396 0.274 0.132 -0.009 -0.157 0.401 0.229 0.057 -0.064 -0.175 0.165 0.022 -0.097 -0.197 -0.365 -0.386 -0.556 -0.746
0.0815 0.688 0.737 0.662 0.469 0.327 0.188 0.549 0.447 0.325 0.183 0.042 -0.106 0.452 0.279 0.108 -0.013 -0.124 0.216 0.073 -0.047 -0.146 -0.314 -0.336 -0.505 -0.695
0.0834 0.739 0.788 0.713 0.52 0.378 0.239 0.599 0.498 0.375 0.233 0.093 -0.056 0.503 0.33 0.158 0.038 -0.073 0.266 0.124 0.004 -0.095 -0.263 -0.285 -0.454 -0.645
