web/models/grb/onaxis/24/grb_0.0000_0.3728_3.9810717.dat
# %ECSV 1.0
# ---
# datatype:
# - {name: time, datatype: float64}
# - {name: swift_uvot_uvw2, datatype: float64}
# - {name: swift_uvot_uvm2, datatype: float64}
# - {name: swift_uvot_uvw1, datatype: float64}
# - {name: swift_uvot_U, datatype: float64}
# - {name: swift_uvot_B, datatype: float64}
# - {name: swift_uvot_V, datatype: float64}
# - {name: swift_uvot_W, datatype: float64}
# - {name: johnson_U, datatype: float64}
# - {name: johnson_B, datatype: float64}
# - {name: johnson_V, datatype: float64}
# - {name: johnson_R, datatype: float64}
# - {name: johnson_I, datatype: float64}
# - {name: sdss_u, datatype: float64}
# - {name: sdss_g, datatype: float64}
# - {name: sdss_r, datatype: float64}
# - {name: sdss_i, datatype: float64}
# - {name: sdss_z, datatype: float64}
# - {name: PS1_g, datatype: float64}
# - {name: PS1_r, datatype: float64}
# - {name: PS1_i, datatype: float64}
# - {name: PS1_z, datatype: float64}
# - {name: PS1_Y, datatype: float64}
# - {name: ukirt_J, datatype: float64}
# - {name: ukirt_H, datatype: float64}
# - {name: ukirt_K, datatype: float64}
# meta: !!omap
# - comment: [E = 0.000161764516425794, Eta0 = 8.02, GammaB = 12.0, dL = 0.012188, epsb = 6.760829753919819e-06, epse = 0.1, n = 3.981071705534969,
#     p = 2.15, theta_obs = 0.0, xiN = 1.0, z = 0.0, type = grb, E_kiso = 0.372759372031494]
# schema: astropy-2.0
time swift_uvot_uvw2 swift_uvot_uvm2 swift_uvot_uvw1 swift_uvot_U swift_uvot_B swift_uvot_V swift_uvot_W johnson_U johnson_B johnson_V johnson_R johnson_I sdss_u sdss_g sdss_r sdss_i sdss_z PS1_g PS1_r PS1_i PS1_z PS1_Y ukirt_J ukirt_H ukirt_K
[from data line 379]
83.845 24.356 24.406 24.331 24.138 23.995 23.856 24.217 24.115 23.993 23.851 23.711 23.562 24.121 23.948 23.776 23.655 23.545 23.884 23.742 23.622 23.523 23.355 23.333 23.163 22.973
85.8676 24.691 24.741 24.666 24.473 24.33 24.191 24.552 24.45 24.328 24.186 24.046 23.897 24.455 24.283 24.111 23.99 23.88 24.219 24.076 23.957 23.858 23.689 23.668 23.498 23.308
87.939 25.026 25.075 25.0 24.808 24.665 24.526 24.887 24.785 24.663 24.521 24.38 24.232 24.79 24.618 24.446 24.325 24.214 24.554 24.411 24.291 24.192 24.024 24.002 23.833 23.643
90.0604 25.361 25.41 25.335 25.142 25.0 24.861 25.222 25.12 24.998 24.856 24.715 24.567 25.125 24.952 24.781 24.66 24.549 24.889 24.746 24.626 24.527 24.359 24.337 24.168 23.978
92.2329 25.696 25.745 25.67 25.477 25.335 25.196 25.556 25.455 25.332 25.19 25.05 24.901 25.46 25.287 25.115 24.995 24.884 25.223 25.081 24.961 24.862 24.694 24.672 24.503 24.312
94.4579 26.03 26.08 26.005 25.812 25.67 25.53 25.891 25.79 25.667 25.525 25.385 25.236 25.795 25.622 25.45 25.33 25.219 25.558 25.416 25.296 25.197 25.029 25.007 24.838 24.647
96.7365 26.365 26.415 26.34 26.147 26.004 25.865 26.226 26.124 26.002 25.86 25.72 25.571 26.129 25.957 25.785 25.664 25.554 25.893 25.751 25.631 25.532 25.363 25.342 25.172 24.982
99.0701 26.7 26.749 26.675 26.482 26.339 26.2 26.561 26.459 26.337 26.195 26.054 25.906 26.464 26.292 26.12 25.999 25.889 26.228 26.085 25.966 25.867 25.698 25.677 25.507 25.317
101.4599 27.035 27.084 27.009 26.816 26.674 26.535 26.896 26.794 26.672 26.53 26.389 26.241 26.799 26.627 26.455 26.334 26.223 26.563 26.42 26.3 26.201 26.033 26.011 25.842 25.652
103.9075 27.37 27.419 27.344 27.151 27.009 26.87 27.231 27.129 27.007 26.865 26.724 26.576 27.134 26.961 26.79 26.669 26.558 26.898 26.755 26.635 26.536 26.368 26.346 26.177 25.987
106.4141 27.705 27.754 27.679 27.486 27.344 27.205 27.565 27.464 27.341 27.199 27.059 26.91 27.469 27.296 27.124 27.004 26.893 27.232 27.09 26.97 26.871 26.703 26.681 26.512 26.321
108.9811 28.039 28.089 28.014 27.821 27.679 27.539 27.9 27.799 27.676 27.534 27.394 27.245 27.804 27.631 27.459 27.338 27.228 27.567 27.425 27.305 27.206 27.038 27.016 26.847 26.656
111.6101 28.374 28.424 28.349 28.156 28.013 27.874 28.235 28.133 28.011 27.869 27.729 27.58 28.138 27.966 27.794 27.673 27.563 27.902 27.76 27.64 27.541 27.372 27.351 27.181 26.991
114.3025 28.709 28.758 28.684 28.491 28.348 28.209 28.57 28.468 28.346 28.204 28.063 27.915 28.473 28.301 28.129 28.008 27.898 28.237 28.094 27.975 27.876 27.707 27.686 27.516 27.326
117.0598 29.044 29.093 29.018 28.825 28.683 28.544 28.905 28.803 28.681 28.539 28.398 28.25 28.808 28.636 28.464 28.343 28.232 28.572 28.429 28.309 28.21 28.042 28.02 27.851 27.661
119.8836 29.379 29.428 29.353 29.16 29.018 28.879 29.24 29.138 29.015 28.874 28.733 28.585 29.143 28.97 28.798 28.678 28.567 28.907 28.764 28.644 28.545 28.377 28.355 28.186 27.996
122.7756 29.713 29.763 29.688 29.495 29.353 29.214 29.574 29.473 29.35 29.208 29.068 28.919 29.478 29.305 29.133 29.013 28.902 29.241 29.099 28.979 28.88 28.712 28.69 28.521 28.33
125.7373 30.048 30.098 30.023 29.83 29.688 29.548 29.909 29.808 29.685 29.543 29.403 29.254 29.813 29.64 29.468 29.347 29.237 29.576 29.434 29.314 29.215 29.047 29.025 28.856 28.665
128.7705 30.383 30.433 30.358 30.165 30.022 29.883 30.244 30.142 30.02 29.878 29.738 29.589 30.147 29.975 29.803 29.682 29.572 29.911 29.769 29.649 29.55 29.381 29.36 29.19 29.0
131.8769 30.718 30.767 30.693 30.5 30.357 30.218 30.579 30.477 30.355 30.213 30.072 29.924 30.482 30.31 30.138 30.017 29.906 30.246 30.103 29.984 29.884 29.716 29.695 29.525 29.335
135.0582 31.053 31.102 31.027 30.834 30.692 30.553 30.914 30.812 30.69 30.548 30.407 30.259 30.817 30.644 30.473 30.352 30.241 30.581 30.438 30.318 30.219 30.051 30.029 29.86 29.67
138.3162 31.388 31.437 31.362 31.169 31.027 30.888 31.249 31.147 31.024 30.883 30.742 30.594 31.152 30.979 30.807 30.687 30.576 30.916 30.773 30.653 30.554 30.386 30.364 30.195 30.004
141.6528 31.722 31.772 31.697 31.504 31.362 31.223 31.583 31.482 31.359 31.217 31.077 30.928 31.487 31.314 31.142 31.022 30.911 31.25 31.108 30.988 30.889 30.721 30.699 30.53 30.339
145.0699 32.057 32.107 32.032 31.839 31.696 31.557 31.918 31.817 31.694 31.552 31.412 31.263 31.822 31.649 31.477 31.356 31.246 31.585 31.443 31.323 31.224 31.056 31.034 30.864 30.674
148.5695 32.392 32.442 32.367 32.174 32.031 31.892 32.253 32.151 32.029 31.887 31.747 31.598 32.156 31.984 31.812 31.691 31.581 31.92 31.777 31.658 31.559 31.39 31.369 31.199 31.009
152.1534 32.727 32.776 32.702 32.509 32.366 32.227 32.588 32.486 32.364 32.222 32.081 31.933 32.491 32.319 32.147 32.026 31.915 32.255 32.112 31.992 31.893 31.725 31.703 31.534 31.344
155.8238 33.062 33.111 33.036 32.843 32.701 32.562 32.923 32.821 32.699 32.557 32.416 32.268 32.826 32.653 32.482 32.361 32.25 32.59 32.447 32.327 32.228 32.06 32.038 31.869 31.679
159.5828 33.397 33.446 33.371 33.178 33.036 32.897 33.257 33.156 33.033 32.892 32.751 32.602 33.161 32.988 32.816 32.696 32.585 32.925 32.782 32.662 32.563 32.395 32.373 32.204 32.013
163.4324 33.731 33.781 33.706 33.513 33.371 33.231 33.592 33.491 33.368 33.226 33.086 32.937 33.496 33.323 33.151 33.031 32.92 33.259 33.117 32.997 32.898 32.73 32.708 32.539 32.348
167.375 34.066 34.116 34.041 33.848 33.705 33.566 33.927 33.825 33.703 33.561 33.421 33.272 33.831 33.658 33.486 33.365 33.255 33.594 33.452 33.332 33.233 33.064 33.043 32.873 32.683
171.4126 34.401 34.45 34.376 34.183 34.04 33.901 34.262 34.16 34.038 33.896 33.756 33.607 34.165 33.993 33.821 33.7 33.59 33.929 33.786 33.667 33.568 33.399 33.378 33.208 33.018
175.5476 34.736 34.785 34.71 34.518 34.375 34.236 34.597 34.495 34.373 34.231 34.09 33.942 34.5 34.328 34.156 34.035 33.924 34.264 34.121 34.001 33.902 33.734 33.712 33.543 33.353
179.7823 35.071 35.12 35.045 34.852 34.71 34.571 34.932 34.83 34.708 34.566 34.425 34.277 34.835 34.662 34.491 34.37 34.259 34.599 34.456 34.336 34.237 34.069 34.047 33.878 33.688
184.1193 35.406 35.455 35.38 35.187 35.045 34.906 35.266 35.165 35.042 34.9 34.76 34.611 35.17 34.997 34.825 34.705 34.594 34.933 34.791 34.671 34.572 34.404 34.382 34.213 34.022
188.5608 35.74 35.79 35.715 35.522 35.38 35.24 35.601 35.5 35.377 35.235 35.095 34.946 35.505 35.332 35.16 35.04 34.929 35.268 35.126 35.006 34.907 34.739 34.717 34.548 34.357
193.1095 36.075 36.125 36.05 35.857 35.714 35.575 35.936 35.834 35.712 35.57 35.43 35.281 35.839 35.667 35.495 35.374 35.264 35.603 35.461 35.341 35.242 35.073 35.052 34.882 34.692
197.7679 36.41 36.459 36.385 36.192 36.049 35.91 36.271 36.169 36.047 35.905 35.764 35.616 36.174 36.002 35.83 35.709 35.599 35.938 35.795 35.676 35.577 35.408 35.387 35.217 35.027
202.5387 36.745 36.794 36.719 36.526 36.384 36.245 36.606 36.504 36.382 36.24 36.099 35.951 36.509 36.337 36.165 36.044 35.933 36.273 36.13 36.01 35.911 35.743 35.721 35.552 35.362
207.4245 37.08 37.129 37.054 36.861 36.719 36.58 36.941 36.839 36.716 36.575 36.434 36.286 36.844 36.671 36.5 36.379 36.268 36.608 36.465 36.345 36.246 36.078 36.056 35.887 35.697
212.4283 37.414 37.464 37.389 37.196 37.054 36.915 37.275 37.174 37.051 36.909 36.769 36.62 37.179 37.006 36.834 36.714 36.603 36.942 36.8 36.68 36.581 36.413 36.391 36.222 36.031
217.5527 37.749 37.799 37.724 37.531 37.389 37.249 37.61 37.509 37.386 37.244 37.104 36.955 37.514 37.341 37.169 37.048 36.938 37.277 37.135 37.015 36.916 36.748 36.726 36.557 36.366
222.8008 38.084 38.134 38.059 37.866 37.723 37.584 37.945 37.843 37.721 37.579 37.439 37.29 37.848 37.676 37.504 37.383 37.273 37.612 37.47 37.35 37.251 37.082 37.061 36.891 36.701
228.1754 38.419 38.468 38.394 38.201 38.058 37.919 38.28 38.178 38.056 37.914 37.773 37.625 38.183 38.011 37.839 37.718 37.607 37.947 37.804 37.685 37.585 37.417 37.396 37.226 37.036
233.6797 38.754 38.803 38.728 38.535 38.393 38.254 38.615 38.513 38.391 38.249 38.108 37.96 38.518 38.345 38.174 38.053 37.942 38.282 38.139 38.019 37.92 37.752 37.73 37.561 37.371
239.3168 39.089 39.138 39.063 38.87 38.728 38.589 38.95 38.848 38.725 38.584 38.443 38.295 38.853 38.68 38.508 38.388 38.277 38.617 38.474 38.354 38.255 38.087 38.065 37.896 37.706
245.0899 39.423 39.473 39.398 39.205 39.063 38.924 39.284 39.183 39.06 38.918 38.778 38.629 39.188 39.015 38.843 38.723 38.612 38.951 38.809 38.689 38.59 38.422 38.4 38.231 38.04
251.0022 39.758 39.808 39.733 39.54 39.398 39.258 39.619 39.518 39.395 39.253 39.113 38.964 39.523 39.35 39.178 39.057 38.947 39.286 39.144 39.024 38.925 38.757 38.735 38.566 38.375
257.0572 40.093 40.143 40.068 39.875 39.732 39.593 39.954 39.852 39.73 39.588 39.448 39.299 39.857 39.685 39.513 39.392 39.282 39.621 39.478 39.359 39.26 39.091 39.07 38.9 38.71
263.2582 40.428 40.477 40.403 40.21 40.067 39.928 40.289 40.187 40.065 39.923 39.782 39.634 40.192 40.02 39.848 39.727 39.616 39.956 39.813 39.693 39.594 39.426 39.404 39.235 39.045
269.6088 40.763 40.812 40.737 40.544 40.402 40.263 40.624 40.522 40.4 40.258 40.117 39.969 40.527 40.354 40.183 40.062 39.951 40.291 40.148 40.028 39.929 39.761 39.739 39.57 39.38
276.1126 41.098 41.147 41.072 40.879 40.737 40.598 40.958 40.857 40.734 40.593 40.452 40.303 40.862 40.689 40.517 40.397 40.286 40.626 40.483 40.363 40.264 40.096 40.074 39.905 39.714
282.7734 41.432 41.482 41.407 41.214 41.072 40.933 41.293 41.192 41.069 40.927 40.787 40.638 41.197 41.024 40.852 40.732 40.621 40.96 40.818 40.698 40.599 40.431 40.409 40.24 40.049
289.5947 41.767 41.817 41.742 41.549 41.406 41.267 41.628 41.526 41.404 41.262 41.122 40.973 41.532 41.359 41.187 41.066 40.956 41.295 41.153 41.033 40.934 40.765 40.744 40.574 40.384
296.5807 42.102 42.152 42.077 41.884 41.741 41.602 41.963 41.861 41.739 41.597 41.457 41.308 41.866 41.694 41.522 41.401 41.291 41.63 41.487 41.368 41.269 41.1 41.079 40.909 40.719
303.7351 42.437 42.486 42.411 42.219 42.076 41.937 42.298 42.196 42.074 41.932 41.791 41.643 42.201 42.029 41.857 41.736 41.625 41.965 41.822 41.702 41.603 41.435 41.413 41.244 41.054
311.0622 42.772 42.821 42.746 42.553 42.411 42.272 42.633 42.531 42.409 42.267 42.126 41.978 42.536 42.363 42.192 42.071 41.96 42.3 42.157 42.037 41.938 41.77 41.748 41.579 41.389
318.566 43.107 43.156 43.081 42.888 42.746 42.607 42.967 42.866 42.743 42.601 42.461 42.312 42.871 42.698 42.526 42.406 42.295 42.634 42.492 42.372 42.273 42.105 42.083 41.914 41.723
326.2508 43.441 43.491 43.416 43.223 43.081 42.941 43.302 43.201 43.078 42.936 42.796 42.647 43.206 43.033 42.861 42.741 42.63 42.969 42.827 42.707 42.608 42.44 42.418 42.249 42.058
334.121 43.776 43.826 43.751 43.558 43.415 43.276 43.637 43.535 43.413 43.271 43.131 42.982 43.54 43.368 43.196 43.075 42.965 43.304 43.162 43.042 42.943 42.774 42.753 42.583 42.393
342.181 44.111 44.16 44.086 43.893 43.75 43.611 43.972 43.87 43.748 43.606 43.465 43.317 43.875 43.703 43.531 43.41 43.3 43.639 43.496 43.377 43.278 43.109 43.088 42.918 42.728
350.4355 44.446 44.495 44.42 44.227 44.085 43.946 44.307 44.205 44.083 43.941 43.8 43.652 44.21 44.038 43.866 43.745 43.634 43.974 43.831 43.711 43.612 43.444 43.422 43.253 43.063
358.8891 44.781 44.83 44.755 44.562 44.42 44.281 44.642 44.54 44.418 44.276 44.135 43.987 44.545 44.372 44.201 44.08 43.969 44.309 44.166 44.046 43.947 43.779 43.757 43.588 43.398
367.5467 45.115 45.165 45.09 44.897 44.755 44.616 44.976 44.875 44.752 44.61 44.47 44.321 44.88 44.707 44.535 44.415 44.304 44.643 44.501 44.381 44.282 44.114 44.092 43.923 43.732
376.4131 45.45 45.5 45.425 45.232 45.09 44.95 45.311 45.21 45.087 44.945 44.805 44.656 45.215 45.042 44.87 44.749 44.639 44.978 44.836 44.716 44.617 44.449 44.427 44.258 44.067
385.4933 45.785 45.835 45.76 45.567 45.424 45.285 45.646 45.544 45.422 45.28 45.14 44.991 45.549 45.377 45.205 45.084 44.974 45.313 45.171 45.051 44.952 44.783 44.762 44.592 44.402
394.7926 46.12 46.169 46.095 45.902 45.759 45.62 45.981 45.879 45.757 45.615 45.474 45.326 45.884 45.712 45.54 45.419 45.309 45.648 45.505 45.386 45.287 45.118 45.097 44.927 44.737
404.3163 46.455 46.504 46.429 46.236 46.094 45.955 46.316 46.214 46.092 45.95 45.809 45.661 46.219 46.047 45.875 45.754 45.643 45.983 45.84 45.72 45.621 45.453 45.431 45.262 45.072
414.0697 46.79 46.839 46.764 46.571 46.429 46.29 46.651 46.549 46.426 46.285 46.144 45.996 46.554 46.381 46.209 46.089 45.978 46.318 46.175 46.055 45.956 45.788 45.766 45.597 45.407
424.0583 47.124 47.174 47.099 46.906 46.764 46.625 46.985 46.884 46.761 46.619 46.479 46.33 46.889 46.716 46.544 46.424 46.313 46.652 46.51 46.39 46.291 46.123 46.101 45.932 45.741
434.2879 47.459 47.509 47.434 47.241 47.099 46.959 47.32 47.219 47.096 46.954 46.814 46.665 47.224 47.051 46.879 46.758 46.648 46.987 46.845 46.725 46.626 46.458 46.436 46.267 46.076
444.7643 47.794 47.844 47.769 47.576 47.433 47.294 47.655 47.553 47.431 47.289 47.149 47.0 47.558 47.386 47.214 47.093 46.983 47.322 47.18 47.06 46.961 46.792 46.771 46.601 46.411
455.4934 48.129 48.178 48.104 47.911 47.768 47.629 47.99 47.888 47.766 47.624 47.483 47.335 47.893 47.721 47.549 47.428 47.317 47.657 47.514 47.395 47.295 47.127 47.106 46.936 46.746
466.4814 48.464 48.513 48.438 48.245 48.103 47.964 48.325 48.223 48.101 47.959 47.818 47.67 48.228 48.055 47.884 47.763 47.652 47.992 47.849 47.729 47.63 47.462 47.44 47.271 47.081
477.7344 48.799 48.848 48.773 48.58 48.438 48.299 48.66 48.558 48.435 48.294 48.153 48.005 48.563 48.39 48.218 48.098 47.987 48.327 48.184 48.064 47.965 47.797 47.775 47.606 47.415
489.2588 49.133 49.183 49.108 48.915 48.773 48.634 48.994 48.893 48.77 48.628 48.488 48.339 48.898 48.725 48.553 48.433 48.322 48.661 48.519 48.399 48.3 48.132 48.11 47.941 47.75
501.0613 49.468 49.518 49.443 49.25 49.107 48.968 49.329 49.228 49.105 48.963 48.823 48.674 49.233 49.06 48.888 48.767 48.657 48.996 48.854 48.734 48.635 48.467 48.445 48.275 48.085
513.1485 49.803 49.853 49.778 49.585 49.442 49.303 49.664 49.562 49.44 49.298 49.158 49.009 49.567 49.395 49.223 49.102 48.992 49.331 49.188 49.069 48.97 48.801 48.78 48.61 48.42
525.5272 50.138 50.187 50.113 49.92 49.777 49.638 49.999 49.897 49.775 49.633 49.492 49.344 49.902 49.73 49.558 49.437 49.326 49.666 49.523 49.403 49.304 49.136 49.114 48.945 48.755
538.2046 50.473 50.522 50.447 50.254 50.112 49.973 50.334 50.232 50.11 49.968 49.827 49.679 50.237 50.064 49.893 49.772 49.661 50.001 49.858 49.738 49.639 49.471 49.449 49.28 49.09
551.1878 50.808 50.857 50.782 50.589 50.447 50.308 50.668 50.567 50.444 50.303 50.162 50.013 50.572 50.399 50.227 50.107 49.996 50.336 50.193 50.073 49.974 49.806 49.784 49.615 49.424
564.4842 51.142 51.192 51.117 50.924 50.782 50.642 51.003 50.902 50.779 50.637 50.497 50.348 50.907 50.734 50.562 50.442 50.331 50.67 50.528 50.408 50.309 50.141 50.119 49.95 49.759
578.1013 51.477 51.527 51.452 51.259 51.116 50.977 51.338 51.236 51.114 50.972 50.832 50.683 51.242 51.069 50.897 50.776 50.666 51.005 50.863 50.743 50.644 50.475 50.454 50.284 50.094
592.0469 51.812 51.861 51.787 51.594 51.451 51.312 51.673 51.571 51.449 51.307 51.167 51.018 51.576 51.404 51.232 51.111 51.001 51.34 51.197 51.078 50.979 50.81 50.789 50.619 50.429
606.329 52.147 52.196 52.121 51.929 51.786 51.647 52.008 51.906 51.784 51.642 51.501 51.353 51.911 51.739 51.567 51.446 51.335 51.675 51.532 51.412 51.313 51.145 51.123 50.954 50.764
620.9555 52.482 52.531 52.456 52.263 52.121 51.982 52.343 52.241 52.119 51.977 51.836 51.688 52.246 52.073 51.902 51.781 51.67 52.01 51.867 51.747 51.648 51.48 51.458 51.289 51.099
635.9349 52.817 52.866 52.791 52.598 52.456 52.317 52.677 52.576 52.453 52.311 52.171 52.022 52.581 52.408 52.236 52.116 52.005 52.344 52.202 52.082 51.983 51.815 51.793 51.624 51.433
651.2757 53.151 53.201 53.126 52.933 52.791 52.651 53.012 52.911 52.788 52.646 52.506 52.357 52.916 52.743 52.571 52.451 52.34 52.679 52.537 52.417 52.318 52.15 52.128 51.959 51.768
