web/models/grb/onaxis/24/grb_0.0000_37.2759_0.0000100.dat
# %ECSV 1.0
# ---
# datatype:
# - {name: time, datatype: float64}
# - {name: swift_uvot_uvw2, datatype: float64}
# - {name: swift_uvot_uvm2, datatype: float64}
# - {name: swift_uvot_uvw1, datatype: float64}
# - {name: swift_uvot_U, datatype: float64}
# - {name: swift_uvot_B, datatype: float64}
# - {name: swift_uvot_V, datatype: float64}
# - {name: swift_uvot_W, datatype: float64}
# - {name: johnson_U, datatype: float64}
# - {name: johnson_B, datatype: float64}
# - {name: johnson_V, datatype: float64}
# - {name: johnson_R, datatype: float64}
# - {name: johnson_I, datatype: float64}
# - {name: sdss_u, datatype: float64}
# - {name: sdss_g, datatype: float64}
# - {name: sdss_r, datatype: float64}
# - {name: sdss_i, datatype: float64}
# - {name: sdss_z, datatype: float64}
# - {name: PS1_g, datatype: float64}
# - {name: PS1_r, datatype: float64}
# - {name: PS1_i, datatype: float64}
# - {name: PS1_z, datatype: float64}
# - {name: PS1_Y, datatype: float64}
# - {name: ukirt_J, datatype: float64}
# - {name: ukirt_H, datatype: float64}
# - {name: ukirt_K, datatype: float64}
# meta: !!omap
# - comment: [E = 0.016176451642579408, Eta0 = 8.02, GammaB = 12.0, dL = 0.012188, epsb = 6.760829753919819e-06, epse = 0.1, n = 1e-05,
#     p = 2.15, theta_obs = 0.0, xiN = 1.0, z = 0.0, type = grb, E_kiso = 37.27593720314942]
# schema: astropy-2.0
time swift_uvot_uvw2 swift_uvot_uvm2 swift_uvot_uvw1 swift_uvot_U swift_uvot_B swift_uvot_V swift_uvot_W johnson_U johnson_B johnson_V johnson_R johnson_I sdss_u sdss_g sdss_r sdss_i sdss_z PS1_g PS1_r PS1_i PS1_z PS1_Y ukirt_J ukirt_H ukirt_K
[from data line 269]
6.0917 -1.728 -1.679 -1.753 -1.946 -2.089 -2.228 -1.867 -1.969 -2.091 -2.233 -2.374 -2.522 -1.964 -2.136 -2.308 -2.429 -2.539 -2.2 -2.343 -2.462 -2.561 -2.73 -2.751 -2.921 -3.111
6.2386 -1.69 -1.641 -1.715 -1.908 -2.051 -2.19 -1.829 -1.931 -2.053 -2.195 -2.335 -2.484 -1.926 -2.098 -2.27 -2.391 -2.501 -2.162 -2.305 -2.424 -2.523 -2.692 -2.713 -2.883 -3.073
6.3891 -1.652 -1.602 -1.677 -1.87 -2.013 -2.152 -1.791 -1.892 -2.015 -2.157 -2.297 -2.446 -1.887 -2.06 -2.232 -2.353 -2.463 -2.124 -2.266 -2.386 -2.485 -2.653 -2.675 -2.845 -3.035
6.5433 -1.612 -1.562 -1.637 -1.83 -1.973 -2.112 -1.751 -1.853 -1.975 -2.117 -2.257 -2.406 -1.848 -2.02 -2.192 -2.313 -2.423 -2.084 -2.227 -2.346 -2.445 -2.614 -2.635 -2.805 -2.995
6.7011 -1.572 -1.523 -1.598 -1.79 -1.933 -2.072 -1.711 -1.813 -1.935 -2.077 -2.218 -2.366 -1.808 -1.98 -2.152 -2.273 -2.384 -2.044 -2.187 -2.307 -2.406 -2.574 -2.596 -2.765 -2.955
6.8627 -1.532 -1.483 -1.558 -1.751 -1.893 -2.032 -1.671 -1.773 -1.895 -2.037 -2.178 -2.326 -1.768 -1.941 -2.112 -2.233 -2.344 -2.004 -2.147 -2.267 -2.366 -2.534 -2.556 -2.725 -2.915
7.0283 -1.493 -1.443 -1.518 -1.711 -1.853 -1.992 -1.632 -1.733 -1.856 -1.998 -2.138 -2.287 -1.728 -1.901 -2.073 -2.193 -2.304 -1.965 -2.107 -2.227 -2.326 -2.494 -2.516 -2.685 -2.876
7.1978 -1.453 -1.403 -1.478 -1.671 -1.813 -1.953 -1.592 -1.693 -1.816 -1.958 -2.098 -2.247 -1.688 -1.861 -2.033 -2.154 -2.264 -1.925 -2.067 -2.187 -2.286 -2.454 -2.476 -2.645 -2.836
7.3715 -1.413 -1.363 -1.438 -1.631 -1.774 -1.913 -1.552 -1.654 -1.776 -1.918 -2.058 -2.207 -1.649 -1.821 -1.993 -2.114 -2.224 -1.885 -2.027 -2.147 -2.246 -2.415 -2.436 -2.606 -2.796
7.5493 -1.373 -1.324 -1.398 -1.591 -1.734 -1.873 -1.512 -1.614 -1.736 -1.878 -2.019 -2.167 -1.609 -1.781 -1.953 -2.074 -2.185 -1.845 -1.988 -2.108 -2.207 -2.375 -2.396 -2.566 -2.756
7.7314 -1.333 -1.284 -1.359 -1.552 -1.694 -1.833 -1.472 -1.574 -1.696 -1.838 -1.979 -2.127 -1.569 -1.742 -1.913 -2.034 -2.145 -1.805 -1.948 -2.068 -2.167 -2.335 -2.357 -2.526 -2.716
7.9179 -1.293 -1.244 -1.319 -1.512 -1.654 -1.793 -1.433 -1.534 -1.657 -1.798 -1.939 -2.088 -1.529 -1.702 -1.874 -1.994 -2.105 -1.765 -1.908 -2.028 -2.127 -2.295 -2.317 -2.486 -2.677
8.1089 -1.251 -1.202 -1.277 -1.47 -1.612 -1.751 -1.39 -1.492 -1.614 -1.756 -1.897 -2.045 -1.487 -1.659 -1.831 -1.952 -2.063 -1.723 -1.866 -1.986 -2.085 -2.253 -2.275 -2.444 -2.634
8.3045 -1.202 -1.152 -1.227 -1.42 -1.563 -1.702 -1.341 -1.443 -1.565 -1.707 -1.847 -1.996 -1.437 -1.61 -1.782 -1.903 -2.013 -1.674 -1.816 -1.936 -2.035 -2.204 -2.225 -2.395 -2.585
8.5049 -1.152 -1.103 -1.178 -1.371 -1.513 -1.652 -1.291 -1.393 -1.516 -1.657 -1.798 -1.946 -1.388 -1.561 -1.732 -1.853 -1.964 -1.624 -1.767 -1.887 -1.986 -2.154 -2.176 -2.345 -2.535
8.71 -1.103 -1.053 -1.128 -1.321 -1.464 -1.603 -1.242 -1.344 -1.466 -1.608 -1.748 -1.897 -1.339 -1.511 -1.683 -1.804 -1.914 -1.575 -1.718 -1.837 -1.936 -2.105 -2.126 -2.296 -2.486
8.9201 -1.053 -1.004 -1.079 -1.272 -1.414 -1.553 -1.193 -1.294 -1.417 -1.559 -1.699 -1.848 -1.289 -1.462 -1.634 -1.754 -1.865 -1.526 -1.668 -1.788 -1.887 -2.055 -2.077 -2.246 -2.437
9.1353 -1.004 -0.955 -1.029 -1.222 -1.365 -1.504 -1.143 -1.245 -1.367 -1.509 -1.65 -1.798 -1.24 -1.412 -1.584 -1.705 -1.816 -1.476 -1.619 -1.738 -1.837 -2.006 -2.027 -2.197 -2.387
9.3557 -0.955 -0.905 -0.98 -1.173 -1.315 -1.454 -1.094 -1.195 -1.318 -1.46 -1.6 -1.749 -1.19 -1.363 -1.535 -1.655 -1.766 -1.427 -1.569 -1.689 -1.788 -1.956 -1.978 -2.147 -2.338
9.5814 -0.905 -0.856 -0.931 -1.124 -1.266 -1.405 -1.044 -1.146 -1.268 -1.41 -1.551 -1.699 -1.141 -1.313 -1.485 -1.606 -1.717 -1.377 -1.52 -1.64 -1.739 -1.907 -1.929 -2.098 -2.288
9.8125 -0.856 -0.806 -0.881 -1.074 -1.216 -1.356 -0.995 -1.096 -1.219 -1.361 -1.501 -1.65 -1.091 -1.264 -1.436 -1.557 -1.667 -1.328 -1.47 -1.59 -1.689 -1.857 -1.879 -2.048 -2.239
10.0492 -0.806 -0.757 -0.832 -1.025 -1.167 -1.306 -0.945 -1.047 -1.169 -1.311 -1.452 -1.6 -1.042 -1.215 -1.386 -1.507 -1.618 -1.278 -1.421 -1.541 -1.64 -1.808 -1.83 -1.999 -2.189
10.2917 -0.754 -0.705 -0.779 -0.972 -1.115 -1.254 -0.893 -0.995 -1.117 -1.259 -1.399 -1.548 -0.99 -1.162 -1.334 -1.455 -1.565 -1.226 -1.369 -1.488 -1.587 -1.756 -1.777 -1.947 -2.137
10.5399 -0.697 -0.648 -0.723 -0.916 -1.058 -1.197 -0.836 -0.938 -1.06 -1.202 -1.343 -1.491 -0.933 -1.106 -1.277 -1.398 -1.509 -1.169 -1.312 -1.432 -1.531 -1.699 -1.721 -1.89 -2.08
10.7942 -0.64 -0.591 -0.666 -0.859 -1.001 -1.14 -0.78 -0.881 -1.004 -1.146 -1.286 -1.435 -0.876 -1.049 -1.221 -1.341 -1.452 -1.113 -1.255 -1.375 -1.474 -1.642 -1.664 -1.833 -2.024
11.0546 -0.584 -0.534 -0.609 -0.802 -0.945 -1.084 -0.723 -0.824 -0.947 -1.089 -1.229 -1.378 -0.819 -0.992 -1.164 -1.285 -1.395 -1.056 -1.198 -1.318 -1.417 -1.585 -1.607 -1.777 -1.967
11.3212 -0.527 -0.478 -0.552 -0.745 -0.888 -1.027 -0.666 -0.768 -0.89 -1.032 -1.173 -1.321 -0.763 -0.935 -1.107 -1.228 -1.338 -0.999 -1.142 -1.261 -1.36 -1.529 -1.55 -1.72 -1.91
11.5943 -0.47 -0.421 -0.496 -0.689 -0.831 -0.97 -0.609 -0.711 -0.833 -0.975 -1.116 -1.264 -0.706 -0.879 -1.05 -1.171 -1.282 -0.942 -1.085 -1.205 -1.304 -1.472 -1.494 -1.663 -1.853
11.874 -0.414 -0.364 -0.439 -0.632 -0.774 -0.913 -0.553 -0.654 -0.777 -0.919 -1.059 -1.208 -0.649 -0.822 -0.994 -1.114 -1.225 -0.886 -1.028 -1.148 -1.247 -1.415 -1.437 -1.606 -1.797
12.1605 -0.357 -0.307 -0.382 -0.575 -0.718 -0.857 -0.496 -0.598 -0.72 -0.862 -1.002 -1.151 -0.592 -0.765 -0.937 -1.058 -1.168 -0.829 -0.971 -1.091 -1.19 -1.358 -1.38 -1.55 -1.74
12.4538 -0.3 -0.251 -0.325 -0.518 -0.661 -0.8 -0.439 -0.541 -0.663 -0.805 -0.946 -1.094 -0.536 -0.708 -0.88 -1.001 -1.111 -0.772 -0.915 -1.034 -1.133 -1.302 -1.323 -1.493 -1.683
12.7542 -0.243 -0.194 -0.269 -0.462 -0.604 -0.743 -0.382 -0.484 -0.606 -0.748 -0.889 -1.037 -0.479 -0.652 -0.823 -0.944 -1.055 -0.715 -0.858 -0.978 -1.077 -1.245 -1.267 -1.436 -1.626
13.0619 -0.188 -0.139 -0.213 -0.406 -0.549 -0.688 -0.327 -0.429 -0.551 -0.693 -0.833 -0.982 -0.424 -0.596 -0.768 -0.889 -0.999 -0.66 -0.803 -0.922 -1.021 -1.19 -1.211 -1.381 -1.571
13.377 -0.134 -0.084 -0.159 -0.352 -0.495 -0.634 -0.273 -0.375 -0.497 -0.639 -0.779 -0.928 -0.37 -0.542 -0.714 -0.835 -0.945 -0.606 -0.749 -0.868 -0.967 -1.136 -1.157 -1.327 -1.517
13.6997 -0.08 -0.03 -0.105 -0.298 -0.441 -0.58 -0.219 -0.321 -0.443 -0.585 -0.725 -0.874 -0.316 -0.488 -0.66 -0.781 -0.891 -0.552 -0.694 -0.814 -0.913 -1.082 -1.103 -1.273 -1.463
14.0302 -0.026 0.024 -0.051 -0.244 -0.387 -0.526 -0.165 -0.267 -0.389 -0.531 -0.671 -0.82 -0.262 -0.434 -0.606 -0.727 -0.837 -0.498 -0.64 -0.76 -0.859 -1.028 -1.049 -1.219 -1.409
14.3686 0.028 0.078 0.003 -0.19 -0.333 -0.472 -0.111 -0.213 -0.335 -0.477 -0.617 -0.766 -0.207 -0.38 -0.552 -0.673 -0.783 -0.444 -0.586 -0.706 -0.805 -0.974 -0.995 -1.165 -1.355
14.7153 0.082 0.132 0.057 -0.136 -0.279 -0.418 -0.057 -0.158 -0.281 -0.423 -0.563 -0.712 -0.153 -0.326 -0.498 -0.619 -0.729 -0.39 -0.532 -0.652 -0.751 -0.919 -0.941 -1.111 -1.301
15.0702 0.136 0.186 0.111 -0.082 -0.224 -0.364 -0.003 -0.104 -0.227 -0.369 -0.509 -0.658 -0.099 -0.272 -0.444 -0.565 -0.675 -0.336 -0.478 -0.598 -0.697 -0.865 -0.887 -1.056 -1.247
15.4338 0.19 0.24 0.165 -0.028 -0.17 -0.31 0.051 -0.05 -0.173 -0.315 -0.455 -0.604 -0.045 -0.218 -0.39 -0.51 -0.621 -0.282 -0.424 -0.544 -0.643 -0.811 -0.833 -1.002 -1.193
15.8061 0.244 0.294 0.219 0.026 -0.116 -0.255 0.105 0.004 -0.119 -0.261 -0.401 -0.55 0.009 -0.164 -0.336 -0.456 -0.567 -0.228 -0.37 -0.49 -0.589 -0.757 -0.779 -0.948 -1.139
16.1874 0.298 0.348 0.273 0.08 -0.062 -0.201 0.159 0.058 -0.065 -0.207 -0.347 -0.496 0.063 -0.11 -0.282 -0.402 -0.513 -0.174 -0.316 -0.436 -0.535 -0.703 -0.725 -0.894 -1.085
16.5779 0.35 0.4 0.325 0.132 -0.01 -0.15 0.211 0.11 -0.013 -0.155 -0.295 -0.444 0.115 -0.058 -0.23 -0.351 -0.461 -0.122 -0.264 -0.384 -0.483 -0.651 -0.673 -0.842 -1.033
16.9778 0.401 0.451 0.376 0.183 0.04 -0.099 0.262 0.16 0.038 -0.104 -0.244 -0.393 0.165 -0.007 -0.179 -0.3 -0.41 -0.071 -0.214 -0.333 -0.432 -0.601 -0.622 -0.792 -0.982
17.3873 0.452 0.501 0.426 0.234 0.091 -0.048 0.313 0.211 0.089 -0.053 -0.194 -0.342 0.216 0.044 -0.128 -0.249 -0.36 -0.02 -0.163 -0.283 -0.382 -0.55 -0.572 -0.741 -0.931
17.8068 0.503 0.552 0.477 0.284 0.142 0.003 0.364 0.262 0.139 -0.002 -0.143 -0.291 0.267 0.094 -0.077 -0.198 -0.309 0.031 -0.112 -0.232 -0.331 -0.499 -0.521 -0.69 -0.88
18.2363 0.553 0.603 0.528 0.335 0.193 0.054 0.414 0.313 0.19 0.048 -0.092 -0.241 0.318 0.145 -0.027 -0.147 -0.258 0.081 -0.061 -0.181 -0.28 -0.448 -0.47 -0.639 -0.83
18.6762 0.604 0.654 0.579 0.386 0.243 0.104 0.465 0.364 0.241 0.099 -0.041 -0.19 0.369 0.196 0.024 -0.097 -0.207 0.132 -0.01 -0.13 -0.229 -0.397 -0.419 -0.589 -0.779
19.1268 0.655 0.704 0.63 0.437 0.294 0.155 0.516 0.414 0.292 0.15 0.01 -0.139 0.419 0.247 0.075 -0.046 -0.156 0.183 0.04 -0.079 -0.178 -0.347 -0.368 -0.538 -0.728
19.5882 0.706 0.755 0.68 0.487 0.345 0.206 0.567 0.465 0.343 0.201 0.06 -0.088 0.47 0.298 0.126 0.005 -0.106 0.234 0.091 -0.029 -0.128 -0.296 -0.318 -0.487 -0.677
20.0607 0.757 0.806 0.731 0.538 0.396 0.257 0.618 0.516 0.393 0.252 0.111 -0.037 0.521 0.348 0.176 0.056 -0.055 0.285 0.142 0.022 -0.077 -0.245 -0.267 -0.436 -0.626
20.5446 0.807 0.857 0.782 0.589 0.447 0.308 0.668 0.567 0.444 0.302 0.162 0.013 0.572 0.399 0.227 0.107 -0.004 0.335 0.193 0.073 -0.026 -0.194 -0.216 -0.385 -0.576
21.0402 0.863 0.913 0.838 0.645 0.502 0.363 0.724 0.622 0.5 0.358 0.218 0.069 0.627 0.455 0.283 0.162 0.052 0.391 0.248 0.129 0.03 -0.139 -0.16 -0.33 -0.52
21.5478 0.92 0.969 0.894 0.701 0.559 0.42 0.781 0.679 0.557 0.415 0.274 0.126 0.684 0.512 0.34 0.219 0.108 0.448 0.305 0.185 0.086 -0.082 -0.104 -0.273 -0.463
22.0676 0.977 1.026 0.951 0.758 0.616 0.477 0.837 0.736 0.613 0.471 0.331 0.182 0.741 0.568 0.396 0.276 0.165 0.504 0.362 0.242 0.143 -0.025 -0.047 -0.216 -0.407
22.5999 1.033 1.083 1.008 0.815 0.672 0.533 0.894 0.793 0.67 0.528 0.388 0.239 0.798 0.625 0.453 0.332 0.222 0.561 0.419 0.299 0.2 0.032 0.01 -0.16 -0.35
23.1451 1.09 1.139 1.065 0.872 0.729 0.59 0.951 0.849 0.727 0.585 0.444 0.296 0.854 0.682 0.51 0.389 0.278 0.618 0.475 0.356 0.256 0.088 0.067 -0.103 -0.293
23.7034 1.147 1.196 1.121 0.928 0.786 0.647 1.008 0.906 0.784 0.642 0.501 0.353 0.911 0.738 0.567 0.446 0.335 0.675 0.532 0.412 0.313 0.145 0.123 -0.046 -0.236
24.2752 1.203 1.253 1.178 0.985 0.843 0.704 1.064 0.963 0.84 0.698 0.558 0.409 0.968 0.795 0.623 0.503 0.392 0.731 0.589 0.469 0.37 0.202 0.18 0.011 -0.18
24.8608 1.26 1.31 1.235 1.042 0.899 0.76 1.121 1.019 0.897 0.755 0.615 0.466 1.024 0.852 0.68 0.559 0.449 0.788 0.646 0.526 0.427 0.258 0.237 0.067 -0.123
25.4606 1.317 1.366 1.291 1.098 0.956 0.817 1.178 1.076 0.954 0.812 0.671 0.523 1.081 0.909 0.737 0.616 0.505 0.845 0.702 0.582 0.483 0.315 0.293 0.124 -0.066
26.0748 1.374 1.423 1.348 1.155 1.013 0.874 1.234 1.133 1.01 0.869 0.728 0.579 1.138 0.965 0.793 0.673 0.562 0.902 0.759 0.639 0.54 0.372 0.35 0.181 -0.01
26.7038 1.432 1.481 1.406 1.213 1.071 0.932 1.293 1.191 1.068 0.927 0.786 0.638 1.196 1.023 0.851 0.731 0.62 0.96 0.817 0.697 0.598 0.43 0.408 0.239 0.048
27.3479 1.49 1.539 1.464 1.271 1.129 0.99 1.351 1.249 1.127 0.985 0.844 0.696 1.254 1.081 0.91 0.789 0.678 1.018 0.875 0.755 0.656 0.488 0.466 0.297 0.107
28.0077 1.548 1.597 1.522 1.329 1.187 1.048 1.409 1.307 1.185 1.043 0.902 0.754 1.312 1.14 0.968 0.847 0.736 1.076 0.933 0.813 0.714 0.546 0.524 0.355 0.165
28.6833 1.606 1.655 1.581 1.388 1.245 1.106 1.467 1.365 1.243 1.101 0.96 0.812 1.37 1.198 1.026 0.905 0.794 1.134 0.991 0.871 0.772 0.604 0.582 0.413 0.223
29.3752 1.664 1.713 1.639 1.446 1.303 1.164 1.525 1.423 1.301 1.159 1.019 0.87 1.428 1.256 1.084 0.963 0.853 1.192 1.049 0.93 0.831 0.662 0.641 0.471 0.281
30.0838 1.722 1.772 1.697 1.504 1.361 1.222 1.583 1.481 1.359 1.217 1.077 0.928 1.486 1.314 1.142 1.021 0.911 1.25 1.108 0.988 0.889 0.72 0.699 0.529 0.339
30.8096 1.78 1.83 1.755 1.562 1.419 1.28 1.641 1.54 1.417 1.275 1.135 0.986 1.545 1.372 1.2 1.079 0.969 1.308 1.166 1.046 0.947 0.779 0.757 0.587 0.397
31.5528 1.838 1.888 1.813 1.62 1.478 1.338 1.699 1.598 1.475 1.333 1.193 1.044 1.603 1.43 1.258 1.138 1.027 1.366 1.224 1.104 1.005 0.837 0.815 0.646 0.455
32.3139 1.896 1.946 1.871 1.678 1.536 1.397 1.757 1.656 1.533 1.391 1.251 1.102 1.661 1.488 1.316 1.196 1.085 1.424 1.282 1.162 1.063 0.895 0.873 0.704 0.513
33.0935 1.955 2.004 1.929 1.736 1.594 1.455 1.816 1.714 1.592 1.45 1.309 1.161 1.719 1.547 1.375 1.254 1.143 1.483 1.34 1.22 1.121 0.953 0.931 0.762 0.572
33.8918 2.015 2.065 1.99 1.797 1.655 1.515 1.876 1.775 1.652 1.51 1.37 1.221 1.78 1.607 1.435 1.315 1.204 1.543 1.401 1.281 1.182 1.014 0.992 0.823 0.632
34.7093 2.076 2.125 2.05 1.858 1.715 1.576 1.937 1.835 1.713 1.571 1.43 1.282 1.84 1.668 1.496 1.375 1.264 1.604 1.461 1.341 1.242 1.074 1.052 0.883 0.693
35.5466 2.136 2.186 2.111 1.918 1.776 1.637 1.997 1.896 1.773 1.631 1.491 1.342 1.901 1.728 1.556 1.436 1.325 1.664 1.522 1.402 1.303 1.135 1.113 0.944 0.753
36.4041 2.197 2.246 2.172 1.979 1.836 1.697 2.058 1.956 1.834 1.692 1.551 1.403 1.961 1.789 1.617 1.496 1.385 1.725 1.582 1.462 1.363 1.195 1.173 1.004 0.814
37.2823 2.257 2.307 2.232 2.039 1.897 1.758 2.118 2.017 1.894 1.752 1.612 1.463 2.022 1.849 1.677 1.557 1.446 1.785 1.643 1.523 1.424 1.256 1.234 1.065 0.874
38.1817 2.318 2.367 2.293 2.1 1.957 1.818 2.179 2.077 1.955 1.813 1.672 1.524 2.082 1.91 1.738 1.617 1.506 1.846 1.703 1.584 1.484 1.316 1.295 1.125 0.935
39.1028 2.378 2.428 2.353 2.16 2.018 1.879 2.239 2.138 2.015 1.873 1.733 1.584 2.143 1.97 1.798 1.678 1.567 1.906 1.764 1.644 1.545 1.377 1.355 1.186 0.995
40.046 2.439 2.488 2.414 2.221 2.078 1.939 2.3 2.198 2.076 1.934 1.793 1.645 2.203 2.031 1.859 1.738 1.628 1.967 1.824 1.705 1.606 1.437 1.416 1.246 1.056
41.0121 2.5 2.549 2.474 2.281 2.139 2.0 2.36 2.259 2.136 1.994 1.854 1.705 2.264 2.091 1.919 1.799 1.688 2.027 1.885 1.765 1.666 1.498 1.476 1.307 1.116
42.0014 2.559 2.609 2.534 2.341 2.199 2.06 2.42 2.319 2.196 2.054 1.914 1.765 2.324 2.151 1.979 1.859 1.748 2.087 1.945 1.825 1.726 1.558 1.536 1.367 1.176
43.0146 2.618 2.667 2.592 2.399 2.257 2.118 2.479 2.377 2.255 2.113 1.972 1.824 2.382 2.209 2.038 1.917 1.806 2.146 2.003 1.883 1.784 1.616 1.594 1.425 1.235
44.0523 2.676 2.726 2.651 2.458 2.315 2.176 2.537 2.435 2.313 2.171 2.031 1.882 2.44 2.268 2.096 1.975 1.865 2.204 2.061 1.942 1.843 1.674 1.653 1.483 1.293
45.1149 2.734 2.784 2.709 2.516 2.374 2.235 2.595 2.494 2.371 2.229 2.089 1.94 2.499 2.326 2.154 2.034 1.923 2.262 2.12 2.0 1.901 1.733 1.711 1.542 1.351
46.2033 2.793 2.842 2.767 2.574 2.432 2.293 2.654 2.552 2.43 2.288 2.147 1.999 2.557 2.384 2.213 2.092 1.981 2.321 2.178 2.058 1.959 1.791 1.769 1.6 1.41
47.3178 2.851 2.9 2.826 2.633 2.49 2.351 2.712 2.61 2.488 2.346 2.206 2.057 2.615 2.443 2.271 2.15 2.04 2.379 2.236 2.117 2.018 1.849 1.828 1.658 1.468
48.4593 2.909 2.959 2.884 2.691 2.549 2.409 2.77 2.669 2.546 2.404 2.264 2.115 2.674 2.501 2.329 2.209 2.098 2.437 2.295 2.175 2.076 1.908 1.886 1.717 1.526
49.6283 2.968 3.017 2.942 2.749 2.607 2.468 2.829 2.727 2.605 2.463 2.322 2.174 2.732 2.559 2.388 2.267 2.156 2.496 2.353 2.233 2.134 1.966 1.944 1.775 1.585
50.8255 3.026 3.075 3.001 2.808 2.665 2.526 2.887 2.785 2.663 2.521 2.38 2.232 2.79 2.618 2.446 2.325 2.215 2.554 2.411 2.292 2.193 2.024 2.003 1.833 1.643
52.0515 3.084 3.134 3.059 2.866 2.724 2.584 2.945 2.844 2.721 2.579 2.439 2.29 2.849 2.676 2.504 2.383 2.273 2.612 2.47 2.35 2.251 2.083 2.061 1.892 1.701
53.3072 3.141 3.19 3.115 2.923 2.78 2.641 3.002 2.9 2.778 2.636 2.495 2.347 2.905 2.733 2.561 2.44 2.329 2.669 2.526 2.406 2.307 2.139 2.117 1.948 1.758
54.5931 3.195 3.244 3.169 2.976 2.834 2.695 3.056 2.954 2.832 2.69 2.549 2.401 2.959 2.786 2.615 2.494 2.383 2.723 2.58 2.46 2.361 2.193 2.171 2.002 1.812
55.9101 3.249 3.298 3.223 3.03 2.888 2.749 3.109 3.008 2.885 2.744 2.603 2.454 3.013 2.84 2.668 2.548 2.437 2.777 2.634 2.514 2.415 2.247 2.225 2.056 1.865
