web/models/grb/onaxis/24/grb_0.0000_37.2759_0.0015849.dat
# %ECSV 1.0
# ---
# datatype:
# - {name: time, datatype: float64}
# - {name: swift_uvot_uvw2, datatype: float64}
# - {name: swift_uvot_uvm2, datatype: float64}
# - {name: swift_uvot_uvw1, datatype: float64}
# - {name: swift_uvot_U, datatype: float64}
# - {name: swift_uvot_B, datatype: float64}
# - {name: swift_uvot_V, datatype: float64}
# - {name: swift_uvot_W, datatype: float64}
# - {name: johnson_U, datatype: float64}
# - {name: johnson_B, datatype: float64}
# - {name: johnson_V, datatype: float64}
# - {name: johnson_R, datatype: float64}
# - {name: johnson_I, datatype: float64}
# - {name: sdss_u, datatype: float64}
# - {name: sdss_g, datatype: float64}
# - {name: sdss_r, datatype: float64}
# - {name: sdss_i, datatype: float64}
# - {name: sdss_z, datatype: float64}
# - {name: PS1_g, datatype: float64}
# - {name: PS1_r, datatype: float64}
# - {name: PS1_i, datatype: float64}
# - {name: PS1_z, datatype: float64}
# - {name: PS1_Y, datatype: float64}
# - {name: PS1_w, datatype: float64}
# - {name: ATLAS_c, datatype: float64}
# - {name: ATLAS_o, datatype: float64}
# - {name: ukirt_J, datatype: float64}
# - {name: ukirt_H, datatype: float64}
# - {name: ukirt_K, datatype: float64}
# - {name: Clear, datatype: float64}
# meta: !!omap
# - comment: [E = 0.016176451642579408, Eta0 = 8.02, GammaB = 12.0, dL = 0.012188, epsb = 6.760829753919819e-06, epse = 0.1, n = 0.001584893192461114,
#     p = 2.15, theta_obs = 0.0, xiN = 1.0, z = 0.0, type = grb, E_kiso = 37.27593720314942]
# schema: astropy-2.0
time swift_uvot_uvw2 swift_uvot_uvm2 swift_uvot_uvw1 swift_uvot_U swift_uvot_B swift_uvot_V swift_uvot_W johnson_U johnson_B johnson_V johnson_R johnson_I sdss_u sdss_g sdss_r sdss_i sdss_z PS1_g PS1_r PS1_i PS1_z PS1_Y PS1_w ATLAS_c ATLAS_o ukirt_J ukirt_H ukirt_K Clear
[from data line 310]
16.1874 -0.066 -0.016 -0.091 -0.284 -0.427 -0.566 -0.205 -0.307 -0.429 -0.571 -0.711 -0.86 -0.301 -0.474 -0.646 -0.767 -0.877 -0.538 -0.68 -0.8 -0.899 -1.068 -0.644 -0.548 -0.701 -1.089 -1.259 -1.449 -0.734
16.5779 -0.014 0.035 -0.04 -0.233 -0.375 -0.514 -0.153 -0.255 -0.377 -0.519 -0.66 -0.808 -0.25 -0.422 -0.594 -0.715 -0.826 -0.486 -0.629 -0.749 -0.848 -1.016 -0.592 -0.497 -0.65 -1.038 -1.207 -1.397 -0.682
16.9778 0.037 0.087 0.012 -0.181 -0.323 -0.462 -0.102 -0.203 -0.326 -0.468 -0.608 -0.757 -0.198 -0.371 -0.543 -0.663 -0.774 -0.435 -0.577 -0.697 -0.796 -0.964 -0.54 -0.445 -0.598 -0.986 -1.155 -1.346 -0.631
17.3873 0.089 0.139 0.064 -0.129 -0.272 -0.411 -0.05 -0.152 -0.274 -0.416 -0.556 -0.705 -0.147 -0.319 -0.491 -0.612 -0.722 -0.383 -0.526 -0.645 -0.744 -0.913 -0.489 -0.394 -0.546 -0.934 -1.104 -1.294 -0.579
17.8068 0.141 0.19 0.115 -0.078 -0.22 -0.359 0.002 -0.1 -0.222 -0.364 -0.505 -0.653 -0.095 -0.268 -0.439 -0.56 -0.671 -0.331 -0.474 -0.594 -0.693 -0.861 -0.437 -0.342 -0.495 -0.883 -1.052 -1.242 -0.527
18.2363 0.192 0.242 0.167 -0.026 -0.168 -0.308 0.053 -0.048 -0.171 -0.313 -0.453 -0.602 -0.043 -0.216 -0.388 -0.509 -0.619 -0.28 -0.422 -0.542 -0.641 -0.809 -0.386 -0.29 -0.443 -0.831 -1.0 -1.191 -0.476
18.6762 0.244 0.293 0.219 0.026 -0.117 -0.256 0.105 0.003 -0.119 -0.261 -0.402 -0.55 0.008 -0.164 -0.336 -0.457 -0.568 -0.228 -0.371 -0.49 -0.59 -0.758 -0.334 -0.239 -0.392 -0.779 -0.949 -1.139 -0.424
19.1268 0.296 0.345 0.27 0.077 -0.065 -0.204 0.156 0.055 -0.068 -0.209 -0.35 -0.499 0.06 -0.113 -0.285 -0.405 -0.516 -0.176 -0.319 -0.439 -0.538 -0.706 -0.282 -0.187 -0.34 -0.728 -0.897 -1.088 -0.373
19.5882 0.347 0.397 0.322 0.129 -0.014 -0.153 0.208 0.106 -0.016 -0.158 -0.298 -0.447 0.111 -0.061 -0.233 -0.354 -0.464 -0.125 -0.267 -0.387 -0.486 -0.655 -0.231 -0.136 -0.288 -0.676 -0.846 -1.036 -0.321
20.0607 0.397 0.447 0.372 0.179 0.037 -0.103 0.258 0.157 0.034 -0.108 -0.248 -0.397 0.162 -0.011 -0.183 -0.304 -0.414 -0.075 -0.217 -0.337 -0.436 -0.604 -0.181 -0.085 -0.238 -0.626 -0.795 -0.986 -0.271
20.5446 0.447 0.496 0.421 0.228 0.086 -0.053 0.308 0.206 0.084 -0.058 -0.199 -0.347 0.211 0.038 -0.133 -0.254 -0.365 -0.025 -0.168 -0.288 -0.387 -0.555 -0.131 -0.036 -0.189 -0.577 -0.746 -0.936 -0.221
21.0402 0.496 0.546 0.471 0.278 0.135 -0.004 0.357 0.255 0.133 -0.009 -0.149 -0.298 0.26 0.088 -0.084 -0.205 -0.315 0.024 -0.119 -0.238 -0.337 -0.506 -0.082 0.013 -0.139 -0.527 -0.697 -0.887 -0.172
21.5478 0.545 0.595 0.52 0.327 0.185 0.046 0.406 0.305 0.182 0.04 -0.1 -0.249 0.31 0.137 -0.035 -0.155 -0.266 0.073 -0.069 -0.189 -0.288 -0.456 -0.032 0.063 -0.09 -0.478 -0.647 -0.838 -0.123
22.0676 0.595 0.644 0.569 0.376 0.234 0.095 0.456 0.354 0.232 0.09 -0.051 -0.199 0.359 0.187 0.015 -0.106 -0.217 0.123 -0.02 -0.14 -0.239 -0.407 0.017 0.112 -0.041 -0.429 -0.598 -0.788 -0.073
22.5999 0.644 0.694 0.619 0.426 0.283 0.144 0.505 0.403 0.281 0.139 -0.001 -0.15 0.408 0.236 0.064 -0.057 -0.167 0.172 0.03 -0.09 -0.189 -0.358 0.066 0.162 0.009 -0.379 -0.549 -0.739 -0.024
23.1451 0.694 0.743 0.668 0.475 0.333 0.194 0.554 0.453 0.33 0.189 0.048 -0.101 0.458 0.285 0.113 -0.007 -0.118 0.222 0.079 -0.041 -0.14 -0.308 0.116 0.211 0.058 -0.33 -0.499 -0.69 0.025
23.7034 0.743 0.792 0.718 0.525 0.382 0.243 0.604 0.502 0.38 0.238 0.097 -0.051 0.507 0.335 0.163 0.042 -0.069 0.271 0.128 0.009 -0.091 -0.259 0.165 0.26 0.107 -0.28 -0.45 -0.64 0.075
24.2752 0.792 0.842 0.767 0.574 0.432 0.292 0.653 0.552 0.429 0.287 0.147 -0.002 0.557 0.384 0.212 0.091 -0.019 0.32 0.178 0.058 -0.041 -0.209 0.214 0.31 0.157 -0.231 -0.4 -0.591 0.124
24.8608 0.842 0.891 0.816 0.623 0.481 0.342 0.703 0.601 0.479 0.337 0.196 0.048 0.606 0.433 0.262 0.141 0.03 0.37 0.227 0.107 0.008 -0.16 0.264 0.359 0.206 -0.182 -0.351 -0.541 0.174
25.4606 0.892 0.941 0.866 0.673 0.531 0.392 0.753 0.651 0.528 0.387 0.246 0.097 0.656 0.483 0.311 0.191 0.08 0.42 0.277 0.157 0.058 -0.11 0.314 0.409 0.256 -0.132 -0.301 -0.492 0.223
26.0748 0.942 0.991 0.916 0.723 0.581 0.442 0.803 0.701 0.578 0.437 0.296 0.147 0.706 0.533 0.361 0.241 0.13 0.47 0.327 0.207 0.108 -0.06 0.364 0.459 0.306 -0.082 -0.251 -0.442 0.273
26.7038 0.992 1.041 0.966 0.773 0.631 0.492 0.853 0.751 0.628 0.487 0.346 0.198 0.756 0.583 0.411 0.291 0.18 0.52 0.377 0.257 0.158 -0.01 0.414 0.509 0.356 -0.032 -0.201 -0.392 0.323
27.3479 1.042 1.091 1.016 0.823 0.681 0.542 0.903 0.801 0.678 0.537 0.396 0.248 0.806 0.633 0.461 0.341 0.23 0.57 0.427 0.307 0.208 0.04 0.464 0.559 0.406 0.018 -0.151 -0.342 0.373
28.0077 1.092 1.141 1.066 0.873 0.731 0.592 0.953 0.851 0.728 0.587 0.446 0.298 0.856 0.683 0.511 0.391 0.28 0.62 0.477 0.357 0.258 0.09 0.514 0.609 0.456 0.068 -0.101 -0.291 0.424
28.6833 1.142 1.191 1.116 0.923 0.781 0.642 1.003 0.901 0.778 0.637 0.496 0.348 0.906 0.733 0.561 0.441 0.33 0.67 0.527 0.407 0.308 0.14 0.564 0.659 0.506 0.118 -0.051 -0.241 0.474
29.3752 1.192 1.241 1.166 0.973 0.831 0.692 1.053 0.951 0.828 0.687 0.546 0.398 0.956 0.783 0.611 0.491 0.38 0.72 0.577 0.457 0.358 0.19 0.614 0.709 0.556 0.168 -0.001 -0.191 0.524
30.0838 1.242 1.291 1.216 1.023 0.881 0.742 1.103 1.001 0.878 0.737 0.596 0.448 1.006 0.833 0.661 0.541 0.43 0.77 0.627 0.507 0.408 0.24 0.664 0.759 0.606 0.218 0.049 -0.141 0.574
30.8096 1.292 1.341 1.266 1.073 0.931 0.792 1.153 1.051 0.928 0.787 0.646 0.498 1.056 0.883 0.712 0.591 0.48 0.82 0.677 0.557 0.458 0.29 0.714 0.809 0.656 0.268 0.099 -0.091 0.624
31.5528 1.342 1.391 1.316 1.123 0.981 0.842 1.203 1.101 0.978 0.837 0.696 0.548 1.106 0.933 0.762 0.641 0.53 0.87 0.727 0.607 0.508 0.34 0.764 0.859 0.706 0.318 0.149 -0.041 0.674
32.3139 1.389 1.438 1.363 1.17 1.028 0.889 1.249 1.148 1.025 0.884 0.743 0.594 1.153 0.98 0.808 0.688 0.577 0.917 0.774 0.654 0.555 0.387 0.811 0.906 0.753 0.365 0.196 0.005 0.72
33.0935 1.435 1.485 1.41 1.217 1.075 0.935 1.296 1.195 1.072 0.93 0.79 0.641 1.2 1.027 0.855 0.735 0.624 0.963 0.821 0.701 0.602 0.434 0.857 0.953 0.8 0.412 0.243 0.052 0.767
33.8918 1.482 1.532 1.457 1.264 1.121 0.982 1.343 1.241 1.119 0.977 0.837 0.688 1.246 1.074 0.902 0.781 0.671 1.01 0.868 0.748 0.649 0.48 0.904 0.999 0.847 0.459 0.289 0.099 0.814
34.7093 1.529 1.578 1.503 1.311 1.168 1.029 1.39 1.288 1.166 1.024 0.883 0.735 1.293 1.121 0.949 0.828 0.717 1.057 0.914 0.794 0.695 0.527 0.951 1.046 0.893 0.505 0.336 0.146 0.861
35.5466 1.576 1.625 1.55 1.357 1.215 1.076 1.437 1.335 1.212 1.071 0.93 0.782 1.34 1.167 0.996 0.875 0.764 1.104 0.961 0.841 0.742 0.574 0.998 1.093 0.94 0.552 0.383 0.193 0.908
36.4041 1.622 1.672 1.597 1.404 1.262 1.123 1.483 1.382 1.259 1.117 0.977 0.828 1.387 1.214 1.042 0.922 0.811 1.15 1.008 0.888 0.789 0.621 1.045 1.14 0.987 0.599 0.43 0.239 0.954
37.2823 1.669 1.719 1.644 1.451 1.308 1.169 1.53 1.428 1.306 1.164 1.024 0.875 1.433 1.261 1.089 0.968 0.858 1.197 1.055 0.935 0.836 0.667 1.091 1.186 1.034 0.646 0.476 0.286 1.001
38.1817 1.716 1.765 1.691 1.498 1.355 1.216 1.577 1.475 1.353 1.211 1.07 0.922 1.48 1.308 1.136 1.015 0.904 1.244 1.101 0.982 0.882 0.714 1.138 1.233 1.08 0.693 0.523 0.333 1.048
39.1028 1.763 1.812 1.737 1.544 1.402 1.263 1.624 1.522 1.4 1.258 1.117 0.969 1.527 1.354 1.183 1.062 0.951 1.291 1.148 1.028 0.929 0.761 1.185 1.28 1.127 0.739 0.57 0.38 1.095
40.046 1.809 1.859 1.784 1.591 1.449 1.31 1.67 1.569 1.446 1.304 1.164 1.015 1.574 1.401 1.229 1.109 0.998 1.337 1.195 1.075 0.976 0.808 1.232 1.327 1.174 0.786 0.617 0.426 1.141
41.0121 1.855 1.905 1.83 1.637 1.495 1.355 1.716 1.615 1.492 1.35 1.21 1.061 1.62 1.447 1.275 1.155 1.044 1.383 1.241 1.121 1.022 0.854 1.277 1.373 1.22 0.832 0.663 0.472 1.187
42.0014 1.901 1.951 1.876 1.683 1.541 1.401 1.762 1.661 1.538 1.396 1.256 1.107 1.666 1.493 1.321 1.2 1.09 1.429 1.287 1.167 1.068 0.9 1.323 1.419 1.266 0.878 0.709 0.518 1.233
43.0146 1.947 1.997 1.922 1.729 1.586 1.447 1.808 1.707 1.584 1.442 1.302 1.153 1.712 1.539 1.367 1.246 1.136 1.475 1.333 1.213 1.114 0.946 1.369 1.465 1.312 0.924 0.754 0.564 1.279
44.0523 1.993 2.043 1.968 1.775 1.632 1.493 1.854 1.752 1.63 1.488 1.348 1.199 1.758 1.585 1.413 1.292 1.182 1.521 1.379 1.259 1.16 0.991 1.415 1.511 1.358 0.97 0.8 0.61 1.325
45.1149 2.039 2.089 2.014 1.821 1.678 1.539 1.9 1.798 1.676 1.534 1.394 1.245 1.803 1.631 1.459 1.338 1.228 1.567 1.425 1.305 1.206 1.037 1.461 1.556 1.404 1.016 0.846 0.656 1.371
46.2033 2.085 2.135 2.06 1.867 1.724 1.585 1.946 1.844 1.722 1.58 1.44 1.291 1.849 1.677 1.505 1.384 1.274 1.613 1.471 1.351 1.252 1.083 1.507 1.602 1.45 1.062 0.892 0.702 1.417
47.3178 2.131 2.181 2.106 1.913 1.77 1.631 1.992 1.89 1.768 1.626 1.486 1.337 1.895 1.723 1.551 1.43 1.32 1.659 1.516 1.397 1.298 1.129 1.553 1.648 1.496 1.108 0.938 0.748 1.463
48.4593 2.177 2.226 2.152 1.959 1.816 1.677 2.038 1.936 1.814 1.672 1.531 1.383 1.941 1.769 1.597 1.476 1.366 1.705 1.562 1.443 1.344 1.175 1.599 1.694 1.542 1.154 0.984 0.794 1.509
49.6283 2.223 2.272 2.198 2.005 1.862 1.723 2.084 1.982 1.86 1.718 1.577 1.429 1.987 1.815 1.643 1.522 1.411 1.751 1.608 1.489 1.39 1.221 1.645 1.74 1.587 1.2 1.03 0.84 1.555
50.8255 2.268 2.318 2.243 2.05 1.907 1.768 2.129 2.027 1.905 1.763 1.623 1.474 2.032 1.86 1.688 1.567 1.457 1.796 1.654 1.534 1.435 1.266 1.69 1.785 1.633 1.245 1.075 0.885 1.6
52.0515 2.311 2.36 2.286 2.093 1.95 1.811 2.172 2.07 1.948 1.806 1.665 1.517 2.075 1.903 1.731 1.61 1.499 1.839 1.696 1.576 1.477 1.309 1.733 1.828 1.675 1.287 1.118 0.928 1.643
53.3072 2.354 2.403 2.328 2.135 1.993 1.854 2.215 2.113 1.991 1.849 1.708 1.56 2.118 1.945 1.774 1.653 1.542 1.882 1.739 1.619 1.52 1.352 1.776 1.871 1.718 1.33 1.161 0.971 1.686
54.5931 2.396 2.446 2.371 2.178 2.036 1.897 2.257 2.156 2.033 1.891 1.751 1.602 2.161 1.988 1.816 1.696 1.585 1.924 1.782 1.662 1.563 1.395 1.819 1.914 1.761 1.373 1.204 1.013 1.728
55.9101 2.439 2.489 2.414 2.221 2.078 1.939 2.3 2.198 2.076 1.934 1.794 1.645 2.203 2.031 1.859 1.738 1.628 1.967 1.825 1.705 1.606 1.437 1.861 1.957 1.804 1.416 1.246 1.056 1.771
57.2588 2.482 2.531 2.457 2.264 2.121 1.982 2.343 2.241 2.119 1.977 1.836 1.688 2.246 2.074 1.902 1.781 1.67 2.01 1.867 1.748 1.648 1.48 1.904 1.999 1.846 1.459 1.289 1.099 1.814
58.6401 2.525 2.574 2.499 2.306 2.164 2.025 2.386 2.284 2.162 2.02 1.879 1.731 2.289 2.116 1.945 1.824 1.713 2.053 1.91 1.79 1.691 1.523 1.947 2.042 1.889 1.501 1.332 1.142 1.857
60.0546 2.567 2.617 2.542 2.349 2.207 2.068 2.428 2.327 2.204 2.062 1.922 1.773 2.332 2.159 1.987 1.867 1.756 2.095 1.953 1.833 1.734 1.566 1.99 2.085 1.932 1.544 1.375 1.184 1.899
61.5034 2.61 2.66 2.585 2.392 2.249 2.11 2.471 2.369 2.247 2.105 1.965 1.816 2.375 2.202 2.03 1.909 1.799 2.138 1.996 1.876 1.777 1.608 2.032 2.128 1.975 1.587 1.417 1.227 1.942
62.987 2.653 2.702 2.628 2.435 2.292 2.153 2.514 2.412 2.29 2.148 2.007 1.859 2.417 2.245 2.073 1.952 1.842 2.181 2.038 1.919 1.82 1.651 2.075 2.17 2.018 1.63 1.46 1.27 1.985
64.5065 2.697 2.746 2.671 2.478 2.336 2.197 2.557 2.456 2.333 2.191 2.051 1.902 2.461 2.288 2.116 1.996 1.885 2.224 2.082 1.962 1.863 1.695 2.119 2.214 2.061 1.673 1.504 1.313 2.028
66.0626 2.741 2.791 2.716 2.523 2.381 2.242 2.602 2.501 2.378 2.236 2.096 1.947 2.506 2.333 2.161 2.041 1.93 2.269 2.127 2.007 1.908 1.74 2.164 2.259 2.106 1.718 1.549 1.358 2.073
67.6562 2.786 2.836 2.761 2.568 2.425 2.286 2.647 2.546 2.423 2.281 2.141 1.992 2.551 2.378 2.206 2.085 1.975 2.314 2.172 2.052 1.953 1.785 2.208 2.304 2.151 1.763 1.593 1.403 2.118
69.2883 2.831 2.881 2.806 2.613 2.47 2.331 2.692 2.59 2.468 2.326 2.186 2.037 2.595 2.423 2.251 2.13 2.02 2.359 2.216 2.097 1.998 1.829 2.253 2.348 2.196 1.808 1.638 1.448 2.163
70.9597 2.876 2.925 2.851 2.658 2.515 2.376 2.737 2.635 2.513 2.371 2.23 2.082 2.64 2.468 2.296 2.175 2.064 2.404 2.261 2.142 2.043 1.874 2.298 2.393 2.24 1.853 1.683 1.493 2.208
72.6715 2.921 2.97 2.895 2.702 2.56 2.421 2.782 2.68 2.558 2.416 2.275 2.127 2.685 2.513 2.341 2.22 2.109 2.449 2.306 2.186 2.087 1.919 2.343 2.438 2.285 1.897 1.728 1.538 2.253
74.4246 2.966 3.015 2.94 2.747 2.605 2.466 2.827 2.725 2.603 2.461 2.32 2.172 2.73 2.557 2.386 2.265 2.154 2.494 2.351 2.231 2.132 1.964 2.388 2.483 2.33 1.942 1.773 1.583 2.298
76.2199 3.011 3.06 2.985 2.792 2.65 2.511 2.871 2.77 2.647 2.505 2.365 2.216 2.775 2.602 2.43 2.31 2.199 2.538 2.396 2.276 2.177 2.009 2.433 2.528 2.375 1.987 1.818 1.627 2.342
78.0586 3.055 3.105 3.03 2.837 2.695 2.556 2.916 2.815 2.692 2.55 2.41 2.261 2.82 2.647 2.475 2.355 2.244 2.583 2.441 2.321 2.222 2.054 2.478 2.573 2.42 2.032 1.863 1.672 2.387
79.9416 3.1 3.15 3.075 2.882 2.739 2.6 2.961 2.86 2.737 2.595 2.455 2.306 2.865 2.692 2.52 2.399 2.289 2.628 2.486 2.366 2.267 2.099 2.522 2.618 2.465 2.077 1.907 1.717 2.432
81.87 3.143 3.193 3.118 2.925 2.782 2.643 3.004 2.902 2.78 2.638 2.498 2.349 2.907 2.735 2.563 2.442 2.332 2.671 2.528 2.409 2.31 2.141 2.565 2.66 2.508 2.12 1.95 1.76 2.475
83.845 3.184 3.234 3.159 2.966 2.823 2.684 3.045 2.943 2.821 2.679 2.539 2.39 2.948 2.776 2.604 2.483 2.373 2.712 2.569 2.45 2.351 2.182 2.606 2.701 2.549 2.161 1.991 1.801 2.516
85.8676 3.225 3.275 3.2 3.007 2.864 2.725 3.086 2.984 2.862 2.72 2.58 2.431 2.989 2.817 2.645 2.524 2.414 2.753 2.611 2.491 2.392 2.223 2.647 2.742 2.59 2.202 2.032 1.842 2.557
87.939 3.266 3.316 3.241 3.048 2.905 2.766 3.127 3.025 2.903 2.761 2.621 2.472 3.03 2.858 2.686 2.565 2.455 2.794 2.652 2.532 2.433 2.264 2.688 2.783 2.631 2.243 2.073 1.883 2.598
90.0604 3.307 3.357 3.282 3.089 2.946 2.807 3.168 3.066 2.944 2.802 2.662 2.513 3.071 2.899 2.727 2.606 2.496 2.835 2.693 2.573 2.474 2.305 2.729 2.824 2.672 2.284 2.114 1.924 2.639
92.2329 3.348 3.398 3.323 3.13 2.987 2.848 3.209 3.107 2.985 2.843 2.703 2.554 3.112 2.94 2.768 2.647 2.537 2.876 2.734 2.614 2.515 2.346 2.77 2.865 2.713 2.325 2.155 1.965 2.68
94.4579 3.389 3.439 3.364 3.171 3.028 2.889 3.25 3.148 3.026 2.884 2.744 2.595 3.153 2.981 2.809 2.688 2.578 2.917 2.775 2.655 2.556 2.387 2.811 2.906 2.754 2.366 2.196 2.006 2.721
96.7365 3.43 3.48 3.405 3.212 3.069 2.93 3.291 3.189 3.067 2.925 2.785 2.636 3.194 3.022 2.85 2.729 2.619 2.958 2.816 2.696 2.597 2.428 2.852 2.947 2.795 2.407 2.237 2.047 2.762
99.0701 3.471 3.521 3.446 3.253 3.11 2.971 3.332 3.23 3.108 2.966 2.826 2.677 3.235 3.063 2.891 2.77 2.66 2.999 2.857 2.737 2.638 2.469 2.893 2.988 2.836 2.448 2.278 2.088 2.803
101.4599 3.512 3.562 3.487 3.294 3.151 3.012 3.373 3.271 3.149 3.007 2.867 2.718 3.276 3.104 2.932 2.811 2.701 3.04 2.898 2.778 2.679 2.51 2.934 3.029 2.877 2.489 2.319 2.129 2.844
103.9075 3.551 3.601 3.526 3.333 3.191 3.052 3.412 3.311 3.188 3.046 2.906 2.757 3.316 3.143 2.971 2.851 2.74 3.079 2.937 2.817 2.718 2.55 2.974 3.069 2.916 2.528 2.359 2.168 2.883
106.4141 3.59 3.639 3.565 3.372 3.229 3.09 3.451 3.349 3.227 3.085 2.944 2.796 3.354 3.182 3.01 2.889 2.778 3.118 2.975 2.855 2.756 2.588 3.012 3.107 2.954 2.566 2.397 2.207 2.922
108.9811 3.628 3.678 3.603 3.41 3.268 3.128 3.489 3.388 3.265 3.123 2.983 2.834 3.393 3.22 3.048 2.928 2.817 3.156 3.014 2.894 2.795 2.627 3.05 3.146 2.993 2.605 2.436 2.245 2.96
111.6101 3.667 3.716 3.641 3.448 3.306 3.167 3.528 3.426 3.304 3.162 3.021 2.873 3.431 3.258 3.087 2.966 2.855 3.195 3.052 2.932 2.833 2.665 3.089 3.184 3.031 2.643 2.474 2.284 2.999
114.3025 3.705 3.755 3.68 3.487 3.344 3.205 3.566 3.464 3.342 3.2 3.06 2.911 3.47 3.297 3.125 3.004 2.894 3.233 3.091 2.971 2.872 2.703 3.127 3.223 3.07 2.682 2.512 2.322 3.037
117.0598 3.744 3.793 3.718 3.525 3.383 3.244 3.605 3.503 3.38 3.239 3.098 2.95 3.508 3.335 3.164 3.043 2.932 3.272 3.129 3.009 2.91 2.742 3.166 3.261 3.108 2.72 2.551 2.361 3.076
119.8836 3.782 3.832 3.757 3.564 3.421 3.282 3.643 3.541 3.419 3.277 3.137 2.988 3.546 3.374 3.202 3.081 2.971 3.31 3.167 3.048 2.949 2.78 3.204 3.299 3.147 2.759 2.589 2.399 3.114
122.7756 3.821 3.87 3.795 3.602 3.46 3.321 3.681 3.58 3.457 3.315 3.175 3.026 3.585 3.412 3.24 3.12 3.009 3.348 3.206 3.086 2.987 2.819 3.243 3.338 3.185 2.797 2.628 2.437 3.152
