web/models/grb/onaxis/24/grb_0.0000_19.3070_0.0000010.dat
# %ECSV 1.0
# ---
# datatype:
# - {name: time, datatype: float64}
# - {name: swift_uvot_uvw2, datatype: float64}
# - {name: swift_uvot_uvm2, datatype: float64}
# - {name: swift_uvot_uvw1, datatype: float64}
# - {name: swift_uvot_U, datatype: float64}
# - {name: swift_uvot_B, datatype: float64}
# - {name: swift_uvot_V, datatype: float64}
# - {name: swift_uvot_W, datatype: float64}
# - {name: johnson_U, datatype: float64}
# - {name: johnson_B, datatype: float64}
# - {name: johnson_V, datatype: float64}
# - {name: johnson_R, datatype: float64}
# - {name: johnson_I, datatype: float64}
# - {name: sdss_u, datatype: float64}
# - {name: sdss_g, datatype: float64}
# - {name: sdss_r, datatype: float64}
# - {name: sdss_i, datatype: float64}
# - {name: sdss_z, datatype: float64}
# - {name: PS1_g, datatype: float64}
# - {name: PS1_r, datatype: float64}
# - {name: PS1_i, datatype: float64}
# - {name: PS1_z, datatype: float64}
# - {name: PS1_Y, datatype: float64}
# - {name: ukirt_J, datatype: float64}
# - {name: ukirt_H, datatype: float64}
# - {name: ukirt_K, datatype: float64}
# meta: !!omap
# - comment: [E = 0.008378552168254812, Eta0 = 8.02, GammaB = 12.0, dL = 0.012188, epsb = 6.760829753919819e-06, epse = 0.1, n = 1e-06,
#     p = 2.15, theta_obs = 0.0, xiN = 1.0, z = 0.0, type = grb, E_kiso = 19.306977288832496]
# schema: astropy-2.0
time swift_uvot_uvw2 swift_uvot_uvm2 swift_uvot_uvw1 swift_uvot_U swift_uvot_B swift_uvot_V swift_uvot_W johnson_U johnson_B johnson_V johnson_R johnson_I sdss_u sdss_g sdss_r sdss_i sdss_z PS1_g PS1_r PS1_i PS1_z PS1_Y ukirt_J ukirt_H ukirt_K
[from data line 270]
6.2386 0.268 0.318 0.243 0.05 -0.092 -0.232 0.129 0.028 -0.095 -0.237 -0.377 -0.526 0.033 -0.14 -0.312 -0.432 -0.543 -0.204 -0.346 -0.466 -0.565 -0.733 -0.755 -0.924 -1.115
6.3891 0.289 0.339 0.264 0.071 -0.071 -0.211 0.15 0.049 -0.074 -0.216 -0.356 -0.505 0.054 -0.119 -0.291 -0.412 -0.522 -0.183 -0.325 -0.445 -0.544 -0.712 -0.734 -0.903 -1.094
6.5433 0.31 0.36 0.285 0.092 -0.051 -0.19 0.171 0.069 -0.053 -0.195 -0.335 -0.484 0.074 -0.098 -0.27 -0.391 -0.501 -0.162 -0.304 -0.424 -0.523 -0.692 -0.713 -0.883 -1.073
6.7011 0.331 0.381 0.306 0.113 -0.03 -0.169 0.192 0.09 -0.032 -0.174 -0.314 -0.463 0.095 -0.077 -0.249 -0.37 -0.48 -0.141 -0.284 -0.403 -0.502 -0.671 -0.692 -0.862 -1.052
6.8627 0.352 0.401 0.327 0.134 -0.009 -0.148 0.213 0.111 -0.011 -0.153 -0.294 -0.442 0.116 -0.056 -0.228 -0.349 -0.459 -0.12 -0.263 -0.382 -0.481 -0.65 -0.671 -0.841 -1.031
7.0283 0.38 0.43 0.355 0.162 0.02 -0.119 0.241 0.14 0.017 -0.125 -0.265 -0.414 0.145 -0.028 -0.2 -0.32 -0.431 -0.092 -0.234 -0.354 -0.453 -0.621 -0.643 -0.812 -1.003
7.1978 0.411 0.46 0.385 0.192 0.05 -0.089 0.271 0.17 0.047 -0.094 -0.235 -0.384 0.175 0.002 -0.17 -0.29 -0.401 -0.062 -0.204 -0.324 -0.423 -0.591 -0.613 -0.782 -0.973
7.3715 0.441 0.49 0.415 0.222 0.08 -0.059 0.302 0.2 0.077 -0.064 -0.205 -0.353 0.205 0.032 -0.14 -0.26 -0.371 -0.031 -0.174 -0.294 -0.393 -0.561 -0.583 -0.752 -0.942
7.5493 0.471 0.52 0.445 0.252 0.11 -0.029 0.332 0.23 0.108 -0.034 -0.175 -0.323 0.235 0.062 -0.109 -0.23 -0.341 -0.001 -0.144 -0.264 -0.363 -0.531 -0.553 -0.722 -0.912
7.7314 0.501 0.55 0.475 0.282 0.14 0.001 0.362 0.26 0.138 -0.004 -0.145 -0.293 0.265 0.092 -0.079 -0.2 -0.311 0.029 -0.114 -0.234 -0.333 -0.501 -0.523 -0.692 -0.882
7.9179 0.531 0.58 0.505 0.313 0.17 0.031 0.392 0.29 0.168 0.026 -0.115 -0.263 0.295 0.123 -0.049 -0.17 -0.281 0.059 -0.084 -0.204 -0.303 -0.471 -0.493 -0.662 -0.852
8.1089 0.561 0.61 0.536 0.343 0.2 0.061 0.422 0.32 0.198 0.056 -0.085 -0.233 0.325 0.153 -0.019 -0.14 -0.251 0.089 -0.054 -0.174 -0.273 -0.441 -0.463 -0.632 -0.822
8.3045 0.591 0.64 0.566 0.373 0.23 0.091 0.452 0.35 0.228 0.086 -0.055 -0.203 0.355 0.183 0.011 -0.11 -0.22 0.119 -0.024 -0.143 -0.242 -0.411 -0.432 -0.602 -0.792
8.5049 0.621 0.671 0.596 0.403 0.26 0.121 0.482 0.38 0.258 0.116 -0.024 -0.173 0.385 0.213 0.041 -0.08 -0.19 0.149 0.006 -0.113 -0.212 -0.381 -0.402 -0.572 -0.762
8.71 0.651 0.701 0.626 0.433 0.29 0.151 0.512 0.41 0.288 0.146 0.006 -0.143 0.415 0.243 0.071 -0.05 -0.16 0.179 0.037 -0.083 -0.182 -0.351 -0.372 -0.542 -0.732
8.9201 0.689 0.738 0.664 0.471 0.328 0.189 0.55 0.448 0.326 0.184 0.043 -0.105 0.453 0.281 0.109 -0.012 -0.123 0.217 0.074 -0.046 -0.145 -0.313 -0.335 -0.504 -0.694
9.1353 0.727 0.776 0.702 0.509 0.366 0.227 0.588 0.486 0.364 0.222 0.081 -0.067 0.491 0.319 0.147 0.026 -0.085 0.255 0.112 -0.008 -0.107 -0.275 -0.297 -0.466 -0.656
9.3557 0.765 0.814 0.74 0.547 0.404 0.265 0.626 0.524 0.402 0.26 0.119 -0.029 0.529 0.357 0.185 0.064 -0.047 0.293 0.15 0.031 -0.069 -0.237 -0.258 -0.428 -0.618
9.5814 0.803 0.852 0.778 0.585 0.442 0.303 0.664 0.562 0.44 0.298 0.157 0.009 0.567 0.395 0.223 0.102 -0.009 0.331 0.188 0.069 -0.03 -0.199 -0.22 -0.39 -0.58
9.8125 0.841 0.89 0.816 0.623 0.48 0.341 0.702 0.6 0.478 0.336 0.195 0.047 0.605 0.433 0.261 0.14 0.03 0.369 0.226 0.107 0.008 -0.161 -0.182 -0.352 -0.542
10.0492 0.879 0.928 0.854 0.661 0.518 0.379 0.74 0.638 0.516 0.374 0.233 0.085 0.643 0.471 0.299 0.178 0.068 0.407 0.264 0.145 0.046 -0.123 -0.144 -0.314 -0.504
10.2917 0.917 0.966 0.892 0.699 0.556 0.417 0.778 0.676 0.554 0.412 0.272 0.123 0.681 0.509 0.337 0.216 0.106 0.445 0.302 0.183 0.084 -0.085 -0.106 -0.276 -0.466
10.5399 0.955 1.005 0.93 0.737 0.594 0.455 0.816 0.714 0.592 0.45 0.31 0.161 0.719 0.547 0.375 0.254 0.144 0.483 0.34 0.221 0.122 -0.047 -0.068 -0.238 -0.428
10.7942 0.993 1.043 0.968 0.775 0.632 0.493 0.854 0.752 0.63 0.488 0.348 0.199 0.757 0.585 0.413 0.292 0.182 0.521 0.378 0.259 0.16 -0.009 -0.03 -0.2 -0.39
11.0546 1.031 1.081 1.006 0.813 0.671 0.531 0.892 0.791 0.668 0.526 0.386 0.237 0.796 0.623 0.451 0.33 0.22 0.559 0.417 0.297 0.198 0.03 0.008 -0.161 -0.352
11.3212 1.071 1.121 1.046 0.853 0.71 0.571 0.932 0.83 0.708 0.566 0.426 0.277 0.835 0.663 0.491 0.37 0.26 0.599 0.456 0.337 0.238 0.069 0.048 -0.122 -0.312
11.5943 1.111 1.16 1.086 0.893 0.75 0.611 0.972 0.87 0.748 0.606 0.465 0.317 0.875 0.703 0.531 0.41 0.299 0.639 0.496 0.376 0.277 0.109 0.087 -0.082 -0.272
11.874 1.151 1.2 1.125 0.932 0.79 0.651 1.012 0.91 0.788 0.646 0.505 0.357 0.915 0.742 0.571 0.45 0.339 0.679 0.536 0.416 0.317 0.149 0.127 -0.042 -0.232
12.1605 1.191 1.24 1.165 0.972 0.83 0.691 1.051 0.95 0.827 0.686 0.545 0.396 0.955 0.782 0.61 0.49 0.379 0.719 0.576 0.456 0.357 0.189 0.167 -0.002 -0.193
12.4538 1.23 1.28 1.205 1.012 0.87 0.73 1.091 0.99 0.867 0.725 0.585 0.436 0.995 0.822 0.65 0.53 0.419 0.758 0.616 0.496 0.397 0.229 0.207 0.038 -0.153
12.7542 1.27 1.32 1.245 1.052 0.909 0.77 1.131 1.029 0.907 0.765 0.625 0.476 1.034 0.862 0.69 0.569 0.459 0.798 0.656 0.536 0.437 0.268 0.247 0.077 -0.113
13.0619 1.31 1.359 1.285 1.092 0.949 0.81 1.171 1.069 0.947 0.805 0.664 0.516 1.074 0.902 0.73 0.609 0.499 0.838 0.695 0.576 0.477 0.308 0.287 0.117 -0.073
13.377 1.35 1.399 1.324 1.131 0.989 0.85 1.211 1.109 0.987 0.845 0.704 0.556 1.114 0.942 0.77 0.649 0.538 0.878 0.735 0.615 0.516 0.348 0.326 0.157 -0.033
13.6997 1.39 1.439 1.364 1.171 1.029 0.89 1.251 1.149 1.026 0.885 0.744 0.596 1.154 0.981 0.809 0.689 0.578 0.918 0.775 0.655 0.556 0.388 0.366 0.197 0.007
14.0302 1.432 1.481 1.406 1.214 1.071 0.932 1.293 1.191 1.069 0.927 0.786 0.638 1.196 1.024 0.852 0.731 0.62 0.96 0.817 0.697 0.598 0.43 0.408 0.239 0.049
14.3686 1.481 1.531 1.456 1.263 1.121 0.981 1.342 1.241 1.118 0.976 0.836 0.687 1.246 1.073 0.901 0.78 0.67 1.009 0.867 0.747 0.648 0.48 0.458 0.289 0.098
14.7153 1.531 1.58 1.505 1.312 1.17 1.031 1.392 1.29 1.168 1.026 0.885 0.737 1.295 1.122 0.951 0.83 0.719 1.059 0.916 0.796 0.697 0.529 0.507 0.338 0.148
15.0702 1.58 1.63 1.555 1.362 1.219 1.08 1.441 1.339 1.217 1.075 0.935 0.786 1.344 1.172 1.0 0.879 0.769 1.108 0.966 0.846 0.747 0.578 0.557 0.387 0.197
15.4338 1.63 1.679 1.604 1.411 1.269 1.13 1.491 1.389 1.266 1.125 0.984 0.836 1.394 1.221 1.049 0.929 0.818 1.158 1.015 0.895 0.796 0.628 0.606 0.437 0.246
15.8061 1.679 1.728 1.654 1.461 1.318 1.179 1.54 1.438 1.316 1.174 1.034 0.885 1.443 1.271 1.099 0.978 0.868 1.207 1.064 0.945 0.846 0.677 0.656 0.486 0.296
16.1874 1.728 1.778 1.703 1.51 1.368 1.229 1.589 1.488 1.365 1.223 1.083 0.934 1.493 1.32 1.148 1.028 0.917 1.256 1.114 0.994 0.895 0.727 0.705 0.536 0.345
16.5779 1.778 1.827 1.752 1.56 1.417 1.278 1.639 1.537 1.415 1.273 1.132 0.984 1.542 1.37 1.198 1.077 0.966 1.306 1.163 1.043 0.944 0.776 0.754 0.585 0.395
16.9778 1.827 1.877 1.802 1.609 1.467 1.327 1.688 1.587 1.464 1.322 1.182 1.033 1.592 1.419 1.247 1.126 1.016 1.355 1.213 1.093 0.994 0.826 0.804 0.635 0.444
17.3873 1.877 1.926 1.851 1.658 1.516 1.377 1.738 1.636 1.514 1.372 1.231 1.083 1.641 1.468 1.297 1.176 1.065 1.405 1.262 1.142 1.043 0.875 0.853 0.684 0.494
17.8068 1.929 1.979 1.904 1.711 1.568 1.429 1.79 1.688 1.566 1.424 1.284 1.135 1.693 1.521 1.349 1.228 1.118 1.457 1.314 1.195 1.096 0.927 0.906 0.736 0.546
18.2363 1.986 2.035 1.96 1.767 1.625 1.486 1.847 1.745 1.623 1.481 1.34 1.192 1.75 1.578 1.406 1.285 1.174 1.514 1.371 1.251 1.152 0.984 0.962 0.793 0.603
18.6762 2.043 2.092 2.017 1.824 1.682 1.543 1.903 1.802 1.679 1.538 1.397 1.248 1.807 1.634 1.462 1.342 1.231 1.571 1.428 1.308 1.209 1.041 1.019 0.85 0.659
19.1268 2.099 2.149 2.074 1.881 1.739 1.599 1.96 1.859 1.736 1.594 1.454 1.305 1.864 1.691 1.519 1.398 1.288 1.627 1.485 1.365 1.266 1.098 1.076 0.907 0.716
19.5882 2.156 2.206 2.131 1.938 1.795 1.656 2.017 1.915 1.793 1.651 1.511 1.362 1.92 1.748 1.576 1.455 1.345 1.684 1.541 1.422 1.323 1.154 1.133 0.963 0.773
20.0607 2.213 2.262 2.187 1.994 1.852 1.713 2.074 1.972 1.85 1.708 1.567 1.419 1.977 1.805 1.633 1.512 1.401 1.741 1.598 1.478 1.379 1.211 1.189 1.02 0.83
20.5446 2.27 2.319 2.244 2.051 1.909 1.77 2.13 2.029 1.906 1.765 1.624 1.475 2.034 1.861 1.689 1.569 1.458 1.798 1.655 1.535 1.436 1.268 1.246 1.077 0.886
21.0402 2.326 2.376 2.301 2.108 1.966 1.826 2.187 2.086 1.963 1.821 1.681 1.532 2.091 1.918 1.746 1.625 1.515 1.854 1.712 1.592 1.493 1.325 1.303 1.134 0.943
21.5478 2.383 2.432 2.358 2.165 2.022 1.883 2.244 2.142 2.02 1.878 1.738 1.589 2.147 1.975 1.803 1.682 1.572 1.911 1.768 1.649 1.55 1.381 1.36 1.19 1.0
22.0676 2.44 2.489 2.414 2.221 2.079 1.94 2.301 2.199 2.077 1.935 1.794 1.646 2.204 2.031 1.86 1.739 1.628 1.968 1.825 1.705 1.606 1.438 1.416 1.247 1.057
22.5999 2.495 2.545 2.47 2.277 2.134 1.995 2.356 2.254 2.132 1.99 1.85 1.701 2.259 2.087 1.915 1.794 1.684 2.023 1.88 1.761 1.662 1.493 1.472 1.302 1.112
23.1451 2.549 2.599 2.524 2.331 2.188 2.049 2.41 2.308 2.186 2.044 1.904 1.755 2.313 2.141 1.969 1.848 1.738 2.077 1.935 1.815 1.716 1.547 1.526 1.356 1.166
23.7034 2.603 2.653 2.578 2.385 2.242 2.103 2.464 2.362 2.24 2.098 1.958 1.809 2.367 2.195 2.023 1.902 1.792 2.131 1.989 1.869 1.77 1.601 1.58 1.41 1.22
24.2752 2.657 2.707 2.632 2.439 2.296 2.157 2.518 2.416 2.294 2.152 2.012 1.863 2.422 2.249 2.077 1.956 1.846 2.185 2.043 1.923 1.824 1.655 1.634 1.464 1.274
24.8608 2.711 2.761 2.686 2.493 2.351 2.211 2.572 2.471 2.348 2.206 2.066 1.917 2.476 2.303 2.131 2.01 1.9 2.239 2.097 1.977 1.878 1.71 1.688 1.519 1.328
25.4606 2.765 2.815 2.74 2.547 2.405 2.265 2.626 2.525 2.402 2.26 2.12 1.971 2.53 2.357 2.185 2.064 1.954 2.293 2.151 2.031 1.932 1.764 1.742 1.573 1.382
26.0748 2.819 2.869 2.794 2.601 2.459 2.319 2.68 2.579 2.456 2.314 2.174 2.025 2.584 2.411 2.239 2.119 2.008 2.347 2.205 2.085 1.986 1.818 1.796 1.627 1.436
26.7038 2.873 2.923 2.848 2.655 2.513 2.374 2.734 2.633 2.51 2.368 2.228 2.079 2.638 2.465 2.293 2.173 2.062 2.401 2.259 2.139 2.04 1.872 1.85 1.681 1.49
27.3479 2.927 2.977 2.902 2.709 2.567 2.428 2.788 2.687 2.564 2.422 2.282 2.133 2.692 2.519 2.347 2.227 2.116 2.455 2.313 2.193 2.094 1.926 1.904 1.735 1.544
28.0077 2.982 3.031 2.956 2.763 2.621 2.482 2.842 2.741 2.618 2.476 2.336 2.187 2.746 2.573 2.401 2.281 2.17 2.509 2.367 2.247 2.148 1.98 1.958 1.789 1.598
28.6833 3.033 3.083 3.008 2.815 2.673 2.533 2.894 2.793 2.67 2.528 2.388 2.239 2.798 2.625 2.453 2.333 2.222 2.561 2.419 2.299 2.2 2.032 2.01 1.841 1.65
29.3752 3.084 3.134 3.059 2.866 2.723 2.584 2.945 2.843 2.721 2.579 2.439 2.29 2.848 2.676 2.504 2.383 2.273 2.612 2.47 2.35 2.251 2.082 2.061 1.891 1.701
30.0838 3.135 3.184 3.11 2.917 2.774 2.635 2.996 2.894 2.772 2.63 2.489 2.341 2.899 2.727 2.555 2.434 2.323 2.663 2.52 2.4 2.301 2.133 2.111 1.942 1.752
30.8096 3.186 3.235 3.16 2.967 2.825 2.686 3.047 2.945 2.823 2.681 2.54 2.392 2.95 2.777 2.606 2.485 2.374 2.714 2.571 2.451 2.352 2.184 2.162 1.993 1.803
31.5528 3.237 3.286 3.211 3.018 2.876 2.737 3.097 2.996 2.873 2.731 2.591 2.442 3.001 2.828 2.656 2.536 2.425 2.764 2.622 2.502 2.403 2.235 2.213 2.044 1.853
32.3139 3.287 3.337 3.262 3.069 2.927 2.787 3.148 3.047 2.924 2.782 2.642 2.493 3.052 2.879 2.707 2.586 2.476 2.815 2.673 2.553 2.454 2.286 2.264 2.095 1.904
33.0935 3.338 3.388 3.313 3.12 2.977 2.838 3.199 3.097 2.975 2.833 2.693 2.544 3.102 2.93 2.758 2.637 2.527 2.866 2.723 2.604 2.505 2.336 2.315 2.145 1.955
33.8918 3.389 3.438 3.363 3.171 3.028 2.889 3.25 3.148 3.026 2.884 2.743 2.595 3.153 2.981 2.809 2.688 2.577 2.917 2.774 2.654 2.555 2.387 2.365 2.196 2.006
34.7093 3.44 3.489 3.414 3.221 3.079 2.94 3.301 3.199 3.077 2.935 2.794 2.646 3.204 3.031 2.86 2.739 2.628 2.968 2.825 2.705 2.606 2.438 2.416 2.247 2.057
35.5466 3.49 3.54 3.465 3.272 3.13 2.991 3.351 3.25 3.127 2.985 2.845 2.696 3.255 3.082 2.91 2.79 2.679 3.018 2.876 2.756 2.657 2.489 2.467 2.298 2.107
36.4041 3.546 3.596 3.521 3.328 3.185 3.046 3.407 3.305 3.183 3.041 2.901 2.752 3.31 3.138 2.966 2.845 2.735 3.074 2.932 2.812 2.713 2.544 2.523 2.353 2.163
37.2823 3.603 3.652 3.577 3.385 3.242 3.103 3.464 3.362 3.24 3.098 2.957 2.809 3.367 3.195 3.023 2.902 2.791 3.131 2.988 2.868 2.769 2.601 2.579 2.41 2.22
38.1817 3.66 3.709 3.634 3.441 3.299 3.16 3.521 3.419 3.296 3.155 3.014 2.865 3.424 3.251 3.079 2.959 2.848 3.188 3.045 2.925 2.826 2.658 2.636 2.467 2.276
39.1028 3.716 3.766 3.691 3.498 3.356 3.216 3.577 3.476 3.353 3.211 3.071 2.922 3.481 3.308 3.136 3.015 2.905 3.244 3.102 2.982 2.883 2.715 2.693 2.524 2.333
40.046 3.773 3.822 3.748 3.555 3.412 3.273 3.634 3.532 3.41 3.268 3.128 2.979 3.537 3.365 3.193 3.072 2.962 3.301 3.158 3.039 2.94 2.771 2.75 2.58 2.39
41.0121 3.83 3.879 3.804 3.611 3.469 3.33 3.691 3.589 3.467 3.325 3.184 3.036 3.594 3.421 3.25 3.129 3.018 3.358 3.215 3.095 2.996 2.828 2.806 2.637 2.447
42.0014 3.886 3.936 3.861 3.668 3.526 3.387 3.747 3.646 3.523 3.381 3.241 3.092 3.651 3.478 3.306 3.186 3.075 3.414 3.272 3.152 3.053 2.885 2.863 2.694 2.503
43.0146 3.943 3.993 3.918 3.725 3.582 3.443 3.804 3.702 3.58 3.438 3.298 3.149 3.707 3.535 3.363 3.242 3.132 3.471 3.329 3.209 3.11 2.941 2.92 2.75 2.56
44.0523 4.0 4.049 3.974 3.782 3.639 3.5 3.861 3.759 3.637 3.495 3.354 3.206 3.764 3.592 3.42 3.299 3.188 3.528 3.385 3.265 3.166 2.998 2.976 2.807 2.617
45.1149 4.057 4.106 4.031 3.838 3.696 3.557 3.918 3.816 3.693 3.552 3.411 3.263 3.821 3.648 3.476 3.356 3.245 3.585 3.442 3.322 3.223 3.055 3.033 2.864 2.673
46.2033 4.115 4.164 4.089 3.896 3.754 3.615 3.976 3.874 3.752 3.61 3.469 3.321 3.879 3.706 3.535 3.414 3.303 3.643 3.5 3.38 3.281 3.113 3.091 2.922 2.732
47.3178 4.173 4.222 4.147 3.954 3.812 3.673 4.034 3.932 3.81 3.668 3.527 3.379 3.937 3.764 3.593 3.472 3.361 3.701 3.558 3.438 3.339 3.171 3.149 2.98 2.79
48.4593 4.231 4.28 4.205 4.013 3.87 3.731 4.092 3.99 3.868 3.726 3.585 3.437 3.995 3.823 3.651 3.53 3.419 3.759 3.616 3.496 3.397 3.229 3.207 3.038 2.848
49.6283 4.289 4.338 4.264 4.071 3.928 3.789 4.15 4.048 3.926 3.784 3.643 3.495 4.053 3.881 3.709 3.588 3.478 3.817 3.674 3.555 3.456 3.287 3.266 3.096 2.906
50.8255 4.347 4.397 4.322 4.129 3.986 3.847 4.208 4.106 3.984 3.842 3.702 3.553 4.111 3.939 3.767 3.646 3.536 3.875 3.732 3.613 3.514 3.345 3.324 3.154 2.964
52.0515 4.405 4.455 4.38 4.187 4.044 3.905 4.266 4.164 4.042 3.9 3.76 3.611 4.17 3.997 3.825 3.704 3.594 3.933 3.791 3.671 3.572 3.403 3.382 3.212 3.022
53.3072 4.463 4.513 4.438 4.245 4.103 3.963 4.324 4.223 4.1 3.958 3.818 3.669 4.228 4.055 3.883 3.762 3.652 3.991 3.849 3.729 3.63 3.462 3.44 3.271 3.08
54.5931 4.521 4.571 4.496 4.303 4.161 4.022 4.382 4.281 4.158 4.016 3.876 3.727 4.286 4.113 3.941 3.821 3.71 4.049 3.907 3.787 3.688 3.52 3.498 3.329 3.138
55.9101 4.58 4.629 4.554 4.361 4.219 4.08 4.44 4.339 4.216 4.074 3.934 3.785 4.344 4.171 3.999 3.879 3.768 4.107 3.965 3.845 3.746 3.578 3.556 3.387 3.196
57.2588 4.638 4.687 4.613 4.42 4.277 4.138 4.499 4.397 4.275 4.133 3.992 3.844 4.402 4.23 4.058 3.937 3.826 4.166 4.023 3.903 3.804 3.636 3.614 3.445 3.255
58.6401 4.698 4.748 4.673 4.48 4.338 4.199 4.559 4.458 4.335 4.193 4.053 3.904 4.463 4.29 4.118 3.998 3.887 4.226 4.084 3.964 3.865 3.697 3.675 3.506 3.315
60.0546 4.759 4.808 4.734 4.541 4.398 4.259 4.62 4.518 4.396 4.254 4.113 3.965 4.523 4.351 4.179 4.058 3.947 4.287 4.144 4.025 3.925 3.757 3.736 3.566 3.376
61.5034 4.819 4.869 4.794 4.601 4.459 4.32 4.68 4.579 4.456 4.314 4.174 4.025 4.584 4.411 4.239 4.119 4.008 4.347 4.205 4.085 3.986 3.818 3.796 3.627 3.436
62.987 4.88 4.929 4.855 4.662 4.519 4.38 4.741 4.639 4.517 4.375 4.234 4.086 4.644 4.472 4.3 4.179 4.069 4.408 4.265 4.146 4.047 3.878 3.857 3.687 3.497
64.5065 4.94 4.99 4.915 4.722 4.58 4.441 4.801 4.7 4.577 4.435 4.295 4.146 4.705 4.532 4.36 4.24 4.129 4.468 4.326 4.206 4.107 3.939 3.917 3.748 3.557
66.0626 5.001 5.05 4.976 4.783 4.64 4.501 4.862 4.76 4.638 4.496 4.355 4.207 4.765 4.593 4.421 4.3 4.19 4.529 4.386 4.267 4.168 3.999 3.978 3.808 3.618
67.6562 5.062 5.111 5.036 4.843 4.701 4.562 4.922 4.821 4.698 4.556 4.416 4.267 4.826 4.653 4.481 4.361 4.25 4.589 4.447 4.327 4.228 4.06 4.038 3.869 3.678
