web/models/grb/onaxis/24/grb_0.0000_3.7276_6.3095734.dat
# %ECSV 1.0
# ---
# datatype:
# - {name: time, datatype: float64}
# - {name: swift_uvot_uvw2, datatype: float64}
# - {name: swift_uvot_uvm2, datatype: float64}
# - {name: swift_uvot_uvw1, datatype: float64}
# - {name: swift_uvot_U, datatype: float64}
# - {name: swift_uvot_B, datatype: float64}
# - {name: swift_uvot_V, datatype: float64}
# - {name: swift_uvot_W, datatype: float64}
# - {name: johnson_U, datatype: float64}
# - {name: johnson_B, datatype: float64}
# - {name: johnson_V, datatype: float64}
# - {name: johnson_R, datatype: float64}
# - {name: johnson_I, datatype: float64}
# - {name: sdss_u, datatype: float64}
# - {name: sdss_g, datatype: float64}
# - {name: sdss_r, datatype: float64}
# - {name: sdss_i, datatype: float64}
# - {name: sdss_z, datatype: float64}
# - {name: PS1_g, datatype: float64}
# - {name: PS1_r, datatype: float64}
# - {name: PS1_i, datatype: float64}
# - {name: PS1_z, datatype: float64}
# - {name: PS1_Y, datatype: float64}
# - {name: PS1_w, datatype: float64}
# - {name: ATLAS_c, datatype: float64}
# - {name: ATLAS_o, datatype: float64}
# - {name: ukirt_J, datatype: float64}
# - {name: ukirt_H, datatype: float64}
# - {name: ukirt_K, datatype: float64}
# - {name: Clear, datatype: float64}
# meta: !!omap
# - comment: [E = 0.0016176451642579408, Eta0 = 8.02, GammaB = 12.0, dL = 0.012188, epsb = 6.760829753919819e-06, epse = 0.1, n = 6.30957344480193,
#     p = 2.15, theta_obs = 0.0, xiN = 1.0, z = 0.0, type = grb, E_kiso = 3.7275937203149416]
# schema: astropy-2.0
time swift_uvot_uvw2 swift_uvot_uvm2 swift_uvot_uvw1 swift_uvot_U swift_uvot_B swift_uvot_V swift_uvot_W johnson_U johnson_B johnson_V johnson_R johnson_I sdss_u sdss_g sdss_r sdss_i sdss_z PS1_g PS1_r PS1_i PS1_z PS1_Y PS1_w ATLAS_c ATLAS_o ukirt_J ukirt_H ukirt_K Clear
[from data line 144]
0.3095 -5.619 -5.569 -5.644 -5.837 -5.98 -6.119 -5.758 -5.859 -5.982 -6.124 -6.264 -6.413 -5.854 -6.027 -6.199 -6.32 -6.43 -6.091 -6.233 -6.353 -6.452 -6.62 -6.197 -6.101 -6.254 -6.642 -6.812 -7.002 -6.287
0.317 -5.565 -5.515 -5.59 -5.783 -5.926 -6.065 -5.704 -5.806 -5.928 -6.07 -6.21 -6.359 -5.801 -5.973 -6.145 -6.266 -6.376 -6.037 -6.18 -6.299 -6.398 -6.567 -6.143 -6.048 -6.2 -6.588 -6.758 -6.948 -6.233
0.3247 -5.511 -5.462 -5.536 -5.729 -5.872 -6.011 -5.65 -5.752 -5.874 -6.016 -6.157 -6.305 -5.747 -5.919 -6.091 -6.212 -6.323 -5.983 -6.126 -6.245 -6.345 -6.513 -6.089 -5.994 -6.147 -6.534 -6.704 -6.894 -6.179
0.3325 -5.457 -5.408 -5.483 -5.676 -5.818 -5.957 -5.596 -5.698 -5.82 -5.962 -6.103 -6.251 -5.693 -5.866 -6.037 -6.158 -6.269 -5.929 -6.072 -6.192 -6.291 -6.459 -6.035 -5.94 -6.093 -6.481 -6.65 -6.84 -6.125
0.3405 -5.403 -5.354 -5.429 -5.622 -5.764 -5.903 -5.542 -5.644 -5.767 -5.908 -6.049 -6.197 -5.639 -5.812 -5.984 -6.104 -6.215 -5.875 -6.018 -6.138 -6.237 -6.405 -5.981 -5.886 -6.039 -6.427 -6.596 -6.786 -6.071
0.3487 -5.35 -5.3 -5.375 -5.568 -5.71 -5.849 -5.489 -5.59 -5.713 -5.855 -5.995 -6.144 -5.585 -5.758 -5.93 -6.05 -6.161 -5.822 -5.964 -6.084 -6.183 -6.351 -5.927 -5.832 -5.985 -6.373 -6.542 -6.733 -6.018
0.3571 -5.296 -5.246 -5.321 -5.514 -5.656 -5.796 -5.435 -5.536 -5.659 -5.801 -5.941 -6.09 -5.531 -5.704 -5.876 -5.997 -6.107 -5.768 -5.91 -6.03 -6.129 -6.297 -5.874 -5.778 -5.931 -6.319 -6.488 -6.679 -5.964
0.3657 -5.242 -5.192 -5.267 -5.46 -5.602 -5.741 -5.381 -5.482 -5.605 -5.747 -5.887 -6.036 -5.477 -5.65 -5.822 -5.942 -6.053 -5.714 -5.856 -5.976 -6.075 -6.243 -5.819 -5.724 -5.877 -6.265 -6.434 -6.625 -5.91
0.3746 -5.187 -5.138 -5.212 -5.405 -5.548 -5.687 -5.326 -5.428 -5.55 -5.692 -5.833 -5.981 -5.423 -5.595 -5.767 -5.888 -5.999 -5.659 -5.802 -5.922 -6.021 -6.189 -5.765 -5.67 -5.823 -6.211 -6.38 -6.57 -5.855
0.3836 -5.133 -5.083 -5.158 -5.351 -5.493 -5.633 -5.272 -5.373 -5.496 -5.638 -5.778 -5.927 -5.368 -5.541 -5.713 -5.833 -5.944 -5.605 -5.747 -5.867 -5.966 -6.134 -5.711 -5.615 -5.768 -6.156 -6.325 -6.516 -5.801
0.3929 -5.078 -5.029 -5.104 -5.297 -5.439 -5.578 -5.217 -5.319 -5.441 -5.583 -5.724 -5.872 -5.314 -5.486 -5.658 -5.779 -5.89 -5.55 -5.693 -5.813 -5.912 -6.08 -5.656 -5.561 -5.714 -6.102 -6.271 -6.461 -5.746
0.4023 -5.024 -4.974 -5.049 -5.242 -5.385 -5.524 -5.163 -5.264 -5.387 -5.529 -5.669 -5.818 -5.259 -5.432 -5.604 -5.725 -5.835 -5.496 -5.638 -5.758 -5.857 -6.025 -5.602 -5.506 -5.659 -6.047 -6.217 -6.407 -5.692
0.412 -4.969 -4.92 -4.995 -5.188 -5.33 -5.469 -5.108 -5.21 -5.332 -5.474 -5.615 -5.763 -5.205 -5.378 -5.549 -5.67 -5.781 -5.441 -5.584 -5.704 -5.803 -5.971 -5.547 -5.452 -5.605 -5.993 -6.162 -6.352 -5.637
0.422 -4.915 -4.865 -4.94 -5.133 -5.276 -5.415 -5.054 -5.156 -5.278 -5.42 -5.56 -5.709 -5.151 -5.323 -5.495 -5.616 -5.726 -5.387 -5.529 -5.649 -5.748 -5.917 -5.493 -5.398 -5.55 -5.938 -6.108 -6.298 -5.583
0.4322 -4.86 -4.811 -4.886 -5.079 -5.221 -5.36 -4.999 -5.101 -5.224 -5.365 -5.506 -5.654 -5.096 -5.269 -5.441 -5.561 -5.672 -5.332 -5.475 -5.595 -5.694 -5.862 -5.438 -5.343 -5.496 -5.884 -6.053 -6.244 -5.529
0.4426 -4.806 -4.757 -4.831 -5.024 -5.167 -5.306 -4.945 -5.047 -5.169 -5.311 -5.451 -5.6 -5.042 -5.214 -5.386 -5.507 -5.617 -5.278 -5.421 -5.54 -5.639 -5.808 -5.384 -5.289 -5.441 -5.829 -5.999 -6.189 -5.474
0.4533 -4.752 -4.702 -4.777 -4.97 -5.112 -5.251 -4.891 -4.992 -5.115 -5.257 -5.397 -5.546 -4.987 -5.16 -5.332 -5.452 -5.563 -5.224 -5.366 -5.486 -5.585 -5.753 -5.329 -5.234 -5.387 -5.775 -5.944 -6.135 -5.42
0.4642 -4.699 -4.649 -4.724 -4.917 -5.06 -5.199 -4.838 -4.94 -5.062 -5.204 -5.344 -5.493 -4.935 -5.107 -5.279 -5.4 -5.51 -5.171 -5.313 -5.433 -5.532 -5.701 -5.277 -5.182 -5.334 -5.722 -5.892 -6.082 -5.367
0.4754 -4.647 -4.598 -4.673 -4.866 -5.008 -5.147 -4.786 -4.888 -5.01 -5.152 -5.293 -5.441 -4.883 -5.056 -5.227 -5.348 -5.459 -5.119 -5.262 -5.382 -5.481 -5.649 -5.225 -5.13 -5.283 -5.671 -5.84 -6.03 -5.315
0.4869 -4.596 -4.546 -4.621 -4.814 -4.956 -5.096 -4.735 -4.836 -4.959 -5.101 -5.241 -5.39 -4.831 -5.004 -5.176 -5.296 -5.407 -5.068 -5.21 -5.33 -5.429 -5.597 -5.174 -5.078 -5.231 -5.619 -5.788 -5.979 -5.264
0.4986 -4.544 -4.495 -4.569 -4.762 -4.905 -5.044 -4.683 -4.785 -4.907 -5.049 -5.19 -5.338 -4.78 -4.952 -5.124 -5.245 -5.355 -5.016 -5.159 -5.278 -5.377 -5.546 -5.122 -5.027 -5.179 -5.567 -5.737 -5.927 -5.212
0.5106 -4.492 -4.443 -4.518 -4.711 -4.853 -4.992 -4.631 -4.733 -4.856 -4.997 -5.138 -5.286 -4.728 -4.901 -5.073 -5.193 -5.304 -4.964 -5.107 -5.227 -5.326 -5.494 -5.07 -4.975 -5.128 -5.516 -5.685 -5.875 -5.16
0.523 -4.441 -4.391 -4.466 -4.659 -4.802 -4.941 -4.58 -4.682 -4.804 -4.946 -5.086 -5.235 -4.676 -4.849 -5.021 -5.142 -5.252 -4.913 -5.055 -5.175 -5.274 -5.442 -5.019 -4.923 -5.076 -5.464 -5.634 -5.824 -5.109
0.5356 -4.389 -4.34 -4.415 -4.607 -4.75 -4.889 -4.528 -4.63 -4.752 -4.894 -5.035 -5.183 -4.625 -4.797 -4.969 -5.09 -5.201 -4.861 -5.004 -5.124 -5.223 -5.391 -4.967 -4.872 -5.025 -5.413 -5.582 -5.772 -5.057
0.5485 -4.338 -4.288 -4.363 -4.556 -4.698 -4.837 -4.477 -4.578 -4.701 -4.843 -4.983 -5.132 -4.573 -4.746 -4.918 -5.038 -5.149 -4.81 -4.952 -5.072 -5.171 -5.339 -4.915 -4.82 -4.973 -5.361 -5.53 -5.721 -5.006
0.5617 -4.286 -4.236 -4.311 -4.504 -4.647 -4.786 -4.425 -4.527 -4.649 -4.791 -4.931 -5.08 -4.522 -4.694 -4.866 -4.987 -5.097 -4.758 -4.901 -5.02 -5.119 -5.288 -4.864 -4.769 -4.921 -5.309 -5.479 -5.669 -4.954
0.5753 -4.234 -4.185 -4.26 -4.453 -4.595 -4.734 -4.373 -4.475 -4.597 -4.739 -4.88 -5.028 -4.47 -4.643 -4.814 -4.935 -5.046 -4.706 -4.849 -4.969 -5.068 -5.236 -4.812 -4.717 -4.87 -5.258 -5.427 -5.617 -4.902
0.5891 -4.184 -4.135 -4.21 -4.403 -4.545 -4.684 -4.323 -4.425 -4.548 -4.689 -4.83 -4.979 -4.42 -4.593 -4.765 -4.885 -4.996 -4.656 -4.799 -4.919 -5.018 -5.186 -4.762 -4.667 -4.82 -5.208 -5.377 -5.568 -4.853
0.6034 -4.135 -4.086 -4.16 -4.353 -4.496 -4.635 -4.274 -4.376 -4.498 -4.64 -4.781 -4.929 -4.371 -4.543 -4.715 -4.836 -4.947 -4.607 -4.75 -4.869 -4.969 -5.137 -4.713 -4.618 -4.771 -5.158 -5.328 -5.518 -4.803
0.6179 -4.086 -4.036 -4.111 -4.304 -4.446 -4.586 -4.225 -4.326 -4.449 -4.591 -4.731 -4.88 -4.321 -4.494 -4.666 -4.786 -4.897 -4.558 -4.7 -4.82 -4.919 -5.087 -4.664 -4.568 -4.721 -5.109 -5.278 -5.469 -4.754
0.6328 -4.036 -3.987 -4.062 -4.255 -4.397 -4.536 -4.175 -4.277 -4.399 -4.541 -4.682 -4.83 -4.272 -4.445 -4.616 -4.737 -4.848 -4.508 -4.651 -4.771 -4.87 -5.038 -4.614 -4.519 -4.672 -5.06 -5.229 -5.419 -4.704
0.6481 -3.987 -3.937 -4.012 -4.205 -4.348 -4.487 -4.126 -4.228 -4.35 -4.492 -4.632 -4.781 -4.223 -4.395 -4.567 -4.688 -4.798 -4.459 -4.602 -4.721 -4.82 -4.989 -4.565 -4.47 -4.622 -5.01 -5.18 -5.37 -4.655
0.6637 -3.938 -3.888 -3.963 -4.156 -4.298 -4.437 -4.077 -4.178 -4.301 -4.443 -4.583 -4.732 -4.173 -4.346 -4.518 -4.638 -4.749 -4.41 -4.552 -4.672 -4.771 -4.939 -4.515 -4.42 -4.573 -4.961 -5.13 -5.321 -4.606
0.6797 -3.888 -3.839 -3.914 -4.107 -4.249 -4.388 -4.027 -4.129 -4.251 -4.393 -4.534 -4.682 -4.124 -4.296 -4.468 -4.589 -4.7 -4.36 -4.503 -4.623 -4.722 -4.89 -4.466 -4.371 -4.524 -4.912 -5.081 -5.271 -4.556
0.6961 -3.839 -3.789 -3.864 -4.057 -4.2 -4.339 -3.978 -4.08 -4.202 -4.344 -4.484 -4.633 -4.074 -4.247 -4.419 -4.54 -4.65 -4.311 -4.453 -4.573 -4.672 -4.841 -4.417 -4.321 -4.474 -4.862 -5.032 -5.222 -4.507
0.7129 -3.789 -3.74 -3.815 -4.008 -4.15 -4.289 -3.928 -4.03 -4.153 -4.294 -4.435 -4.583 -4.025 -4.198 -4.37 -4.49 -4.601 -4.261 -4.404 -4.524 -4.623 -4.791 -4.367 -4.272 -4.425 -4.813 -4.982 -5.173 -4.458
0.7301 -3.74 -3.691 -3.765 -3.958 -4.101 -4.24 -3.879 -3.981 -4.103 -4.245 -4.386 -4.534 -3.976 -4.148 -4.32 -4.441 -4.552 -4.212 -4.355 -4.474 -4.573 -4.742 -4.318 -4.223 -4.376 -4.763 -4.933 -5.123 -4.408
0.7477 -3.69 -3.641 -3.715 -3.908 -4.051 -4.19 -3.829 -3.931 -4.053 -4.195 -4.336 -4.484 -3.926 -4.098 -4.27 -4.391 -4.502 -4.162 -4.305 -4.425 -4.524 -4.692 -4.268 -4.173 -4.326 -4.714 -4.883 -5.073 -4.358
0.7658 -3.64 -3.591 -3.665 -3.858 -4.001 -4.14 -3.779 -3.881 -4.003 -4.145 -4.286 -4.434 -3.876 -4.048 -4.22 -4.341 -4.452 -4.112 -4.255 -4.375 -4.474 -4.642 -4.218 -4.123 -4.276 -4.663 -4.833 -5.023 -4.308
0.7842 -3.59 -3.541 -3.615 -3.808 -3.951 -4.09 -3.729 -3.831 -3.953 -4.095 -4.236 -4.384 -3.826 -3.998 -4.17 -4.291 -4.402 -4.062 -4.205 -4.324 -4.424 -4.592 -4.168 -4.073 -4.226 -4.613 -4.783 -4.973 -4.258
0.8032 -3.54 -3.491 -3.565 -3.758 -3.901 -4.04 -3.679 -3.781 -3.903 -4.045 -4.186 -4.334 -3.776 -3.948 -4.12 -4.241 -4.352 -4.012 -4.155 -4.274 -4.374 -4.542 -4.118 -4.023 -4.176 -4.563 -4.733 -4.923 -4.208
0.8225 -3.49 -3.441 -3.515 -3.708 -3.851 -3.99 -3.629 -3.731 -3.853 -3.995 -4.136 -4.284 -3.726 -3.898 -4.07 -4.191 -4.302 -3.962 -4.105 -4.224 -4.324 -4.492 -4.068 -3.973 -4.126 -4.513 -4.683 -4.873 -4.158
0.8424 -3.44 -3.391 -3.465 -3.658 -3.801 -3.94 -3.579 -3.681 -3.803 -3.945 -4.086 -4.234 -3.676 -3.848 -4.02 -4.141 -4.252 -3.912 -4.055 -4.174 -4.273 -4.442 -4.018 -3.923 -4.076 -4.463 -4.633 -4.823 -4.108
0.8627 -3.39 -3.341 -3.415 -3.608 -3.751 -3.89 -3.529 -3.631 -3.753 -3.895 -4.036 -4.184 -3.626 -3.798 -3.97 -4.091 -4.202 -3.862 -4.005 -4.124 -4.223 -4.392 -3.968 -3.873 -4.025 -4.413 -4.583 -4.773 -4.058
0.8835 -3.34 -3.291 -3.365 -3.558 -3.701 -3.84 -3.479 -3.581 -3.703 -3.845 -3.986 -4.134 -3.576 -3.748 -3.92 -4.041 -4.151 -3.812 -3.955 -4.074 -4.173 -4.342 -3.918 -3.823 -3.975 -4.363 -4.533 -4.723 -4.008
0.9048 -3.29 -3.241 -3.315 -3.508 -3.651 -3.79 -3.429 -3.531 -3.653 -3.795 -3.936 -4.084 -3.526 -3.698 -3.87 -3.991 -4.101 -3.762 -3.905 -4.024 -4.123 -4.292 -3.868 -3.773 -3.925 -4.313 -4.483 -4.673 -3.958
0.9266 -3.24 -3.191 -3.266 -3.459 -3.601 -3.74 -3.379 -3.481 -3.603 -3.745 -3.886 -4.034 -3.476 -3.649 -3.82 -3.941 -4.052 -3.712 -3.855 -3.975 -4.074 -4.242 -3.818 -3.723 -3.876 -4.264 -4.433 -4.623 -3.908
0.949 -3.193 -3.144 -3.219 -3.412 -3.554 -3.693 -3.333 -3.434 -3.557 -3.698 -3.839 -3.988 -3.429 -3.602 -3.774 -3.894 -4.005 -3.665 -3.808 -3.928 -4.027 -4.195 -3.771 -3.676 -3.829 -4.217 -4.386 -4.577 -3.862
0.9719 -3.147 -3.097 -3.172 -3.365 -3.507 -3.647 -3.286 -3.387 -3.51 -3.652 -3.792 -3.941 -3.382 -3.555 -3.727 -3.848 -3.958 -3.619 -3.761 -3.881 -3.98 -4.148 -3.725 -3.629 -3.782 -4.17 -4.339 -4.53 -3.815
0.9953 -3.1 -3.05 -3.125 -3.318 -3.461 -3.6 -3.239 -3.341 -3.463 -3.605 -3.745 -3.894 -3.336 -3.508 -3.68 -3.801 -3.911 -3.572 -3.715 -3.834 -3.933 -4.102 -3.678 -3.583 -3.735 -4.123 -4.293 -4.483 -3.768
1.0194 -3.053 -3.004 -3.079 -3.272 -3.414 -3.553 -3.192 -3.294 -3.416 -3.558 -3.699 -3.847 -3.289 -3.461 -3.633 -3.754 -3.865 -3.525 -3.668 -3.788 -3.887 -4.055 -3.631 -3.536 -3.689 -4.077 -4.246 -4.436 -3.721
1.0439 -3.006 -2.957 -3.032 -3.225 -3.367 -3.506 -3.145 -3.247 -3.37 -3.511 -3.652 -3.8 -3.242 -3.415 -3.587 -3.707 -3.818 -3.478 -3.621 -3.741 -3.84 -4.008 -3.584 -3.489 -3.642 -4.03 -4.199 -4.389 -3.675
1.0691 -2.96 -2.91 -2.985 -3.178 -3.32 -3.46 -3.099 -3.2 -3.323 -3.465 -3.605 -3.754 -3.195 -3.368 -3.54 -3.66 -3.771 -3.432 -3.574 -3.694 -3.793 -3.961 -3.538 -3.442 -3.595 -3.983 -4.152 -4.343 -3.628
1.0949 -2.913 -2.863 -2.938 -3.131 -3.274 -3.413 -3.052 -3.154 -3.276 -3.418 -3.558 -3.707 -3.149 -3.321 -3.493 -3.614 -3.724 -3.385 -3.527 -3.647 -3.746 -3.915 -3.491 -3.396 -3.548 -3.936 -4.106 -4.296 -3.581
1.1213 -2.866 -2.817 -2.891 -3.084 -3.227 -3.366 -3.005 -3.107 -3.229 -3.371 -3.512 -3.66 -3.102 -3.274 -3.446 -3.567 -3.678 -3.338 -3.481 -3.601 -3.7 -3.868 -3.444 -3.349 -3.502 -3.89 -4.059 -4.249 -3.534
1.1484 -2.819 -2.77 -2.845 -3.038 -3.18 -3.319 -2.958 -3.06 -3.182 -3.324 -3.465 -3.613 -3.055 -3.228 -3.399 -3.52 -3.631 -3.291 -3.434 -3.554 -3.653 -3.821 -3.397 -3.302 -3.455 -3.843 -4.012 -4.202 -3.487
1.1761 -2.773 -2.723 -2.798 -2.991 -3.133 -3.273 -2.912 -3.013 -3.136 -3.278 -3.418 -3.567 -3.008 -3.181 -3.353 -3.474 -3.584 -3.245 -3.387 -3.507 -3.606 -3.774 -3.351 -3.255 -3.408 -3.796 -3.965 -4.156 -3.441
1.2044 -2.727 -2.677 -2.752 -2.945 -3.088 -3.227 -2.866 -2.968 -3.09 -3.232 -3.372 -3.521 -2.962 -3.135 -3.307 -3.428 -3.538 -3.199 -3.341 -3.461 -3.56 -3.729 -3.305 -3.209 -3.362 -3.75 -3.92 -4.11 -3.395
1.2335 -2.681 -2.631 -2.706 -2.899 -3.042 -3.181 -2.82 -2.922 -3.044 -3.186 -3.326 -3.475 -2.917 -3.089 -3.261 -3.382 -3.492 -3.153 -3.295 -3.415 -3.514 -3.683 -3.259 -3.164 -3.316 -3.704 -3.874 -4.064 -3.349
1.2633 -2.635 -2.585 -2.66 -2.853 -2.996 -3.135 -2.774 -2.876 -2.998 -3.14 -3.28 -3.429 -2.871 -3.043 -3.215 -3.336 -3.446 -3.107 -3.249 -3.369 -3.468 -3.637 -3.213 -3.118 -3.27 -3.658 -3.828 -4.018 -3.303
1.2937 -2.589 -2.539 -2.614 -2.807 -2.95 -3.089 -2.728 -2.83 -2.952 -3.094 -3.234 -3.383 -2.825 -2.997 -3.169 -3.29 -3.4 -3.061 -3.204 -3.323 -3.422 -3.591 -3.167 -3.072 -3.224 -3.612 -3.782 -3.972 -3.257
1.3249 -2.543 -2.494 -2.568 -2.761 -2.904 -3.043 -2.682 -2.784 -2.906 -3.048 -3.188 -3.337 -2.779 -2.951 -3.123 -3.244 -3.354 -3.015 -3.158 -3.277 -3.376 -3.545 -3.121 -3.026 -3.178 -3.566 -3.736 -3.926 -3.211
1.3569 -2.497 -2.448 -2.522 -2.715 -2.858 -2.997 -2.636 -2.738 -2.86 -3.002 -3.143 -3.291 -2.733 -2.905 -3.077 -3.198 -3.308 -2.969 -3.112 -3.231 -3.33 -3.499 -3.075 -2.98 -3.132 -3.52 -3.69 -3.88 -3.165
1.3896 -2.451 -2.402 -2.476 -2.669 -2.812 -2.951 -2.59 -2.692 -2.814 -2.956 -3.097 -3.245 -2.687 -2.859 -3.031 -3.152 -3.263 -2.923 -3.066 -3.185 -3.285 -3.453 -3.029 -2.934 -3.087 -3.474 -3.644 -3.834 -3.119
1.4232 -2.405 -2.356 -2.431 -2.623 -2.766 -2.905 -2.544 -2.646 -2.768 -2.91 -3.051 -3.199 -2.641 -2.813 -2.985 -3.106 -3.217 -2.877 -3.02 -3.14 -3.239 -3.407 -2.983 -2.888 -3.041 -3.429 -3.598 -3.788 -3.073
1.4575 -2.359 -2.31 -2.385 -2.578 -2.72 -2.859 -2.498 -2.6 -2.722 -2.864 -3.005 -3.153 -2.595 -2.767 -2.939 -3.06 -3.171 -2.831 -2.974 -3.094 -3.193 -3.361 -2.937 -2.842 -2.995 -3.383 -3.552 -3.742 -3.027
1.4927 -2.314 -2.265 -2.34 -2.533 -2.675 -2.814 -2.453 -2.555 -2.677 -2.819 -2.96 -3.108 -2.55 -2.723 -2.894 -3.015 -3.126 -2.786 -2.929 -3.049 -3.148 -3.316 -2.892 -2.797 -2.95 -3.338 -3.507 -3.697 -2.982
1.5287 -2.272 -2.222 -2.297 -2.49 -2.632 -2.771 -2.411 -2.512 -2.635 -2.777 -2.917 -3.066 -2.507 -2.68 -2.852 -2.972 -3.083 -2.744 -2.886 -3.006 -3.105 -3.273 -2.849 -2.754 -2.907 -3.295 -3.464 -3.655 -2.94
1.5655 -2.229 -2.179 -2.254 -2.447 -2.59 -2.729 -2.368 -2.47 -2.592 -2.734 -2.874 -3.023 -2.465 -2.637 -2.809 -2.93 -3.04 -2.701 -2.843 -2.963 -3.062 -3.231 -2.807 -2.712 -2.864 -3.252 -3.422 -3.612 -2.897
1.6033 -2.186 -2.137 -2.211 -2.404 -2.547 -2.686 -2.325 -2.427 -2.549 -2.691 -2.832 -2.98 -2.422 -2.594 -2.766 -2.887 -2.998 -2.658 -2.801 -2.92 -3.02 -3.188 -2.764 -2.669 -2.822 -3.209 -3.379 -3.569 -2.854
1.642 -2.143 -2.094 -2.169 -2.362 -2.504 -2.643 -2.282 -2.384 -2.506 -2.648 -2.789 -2.937 -2.379 -2.552 -2.723 -2.844 -2.955 -2.615 -2.758 -2.878 -2.977 -3.145 -2.721 -2.626 -2.779 -3.167 -3.336 -3.526 -2.811
1.6816 -2.101 -2.051 -2.126 -2.319 -2.461 -2.6 -2.24 -2.341 -2.464 -2.606 -2.746 -2.895 -2.336 -2.509 -2.681 -2.801 -2.912 -2.573 -2.715 -2.835 -2.934 -3.102 -2.678 -2.583 -2.736 -3.124 -3.293 -3.484 -2.769
1.7222 -2.058 -2.008 -2.083 -2.276 -2.419 -2.558 -2.197 -2.299 -2.421 -2.563 -2.703 -2.852 -2.293 -2.466 -2.638 -2.759 -2.869 -2.53 -2.672 -2.792 -2.891 -3.06 -2.636 -2.54 -2.693 -3.081 -3.251 -3.441 -2.726
1.7637 -2.015 -1.966 -2.04 -2.233 -2.376 -2.515 -2.154 -2.256 -2.378 -2.52 -2.661 -2.809 -2.251 -2.423 -2.595 -2.716 -2.827 -2.487 -2.63 -2.749 -2.848 -3.017 -2.593 -2.498 -2.651 -3.038 -3.208 -3.398 -2.683
1.8062 -1.972 -1.923 -1.998 -2.191 -2.333 -2.472 -2.111 -2.213 -2.335 -2.477 -2.618 -2.766 -2.208 -2.381 -2.552 -2.673 -2.784 -2.444 -2.587 -2.707 -2.806 -2.974 -2.55 -2.455 -2.608 -2.996 -3.165 -3.355 -2.64
1.8498 -1.93 -1.88 -1.955 -2.148 -2.29 -2.429 -2.069 -2.17 -2.293 -2.435 -2.575 -2.724 -2.165 -2.338 -2.51 -2.63 -2.741 -2.402 -2.544 -2.664 -2.763 -2.931 -2.507 -2.412 -2.565 -2.953 -3.122 -3.313 -2.598
1.8944 -1.886 -1.836 -1.911 -2.104 -2.246 -2.386 -2.025 -2.126 -2.249 -2.391 -2.531 -2.68 -2.121 -2.294 -2.466 -2.587 -2.697 -2.358 -2.5 -2.62 -2.719 -2.887 -2.464 -2.368 -2.521 -2.909 -3.078 -3.269 -2.554
