web/models/linear/96/-20_633_0_921.dat
# %ECSV 1.0
# ---
# datatype:
# - {name: time, datatype: float64}
# - {name: swift_uvot_uvw2, datatype: float64}
# - {name: swift_uvot_uvm2, datatype: float64}
# - {name: swift_uvot_uvw1, datatype: float64}
# - {name: swift_uvot_U, datatype: float64}
# - {name: swift_uvot_B, datatype: float64}
# - {name: swift_uvot_V, datatype: float64}
# - {name: swift_uvot_W, datatype: float64}
# - {name: johnson_U, datatype: float64}
# - {name: johnson_B, datatype: float64}
# - {name: johnson_V, datatype: float64}
# - {name: johnson_R, datatype: float64}
# - {name: johnson_I, datatype: float64}
# - {name: sdss_u, datatype: float64}
# - {name: sdss_g, datatype: float64}
# - {name: sdss_r, datatype: float64}
# - {name: sdss_i, datatype: float64}
# - {name: sdss_z, datatype: float64}
# - {name: PS1_g, datatype: float64}
# - {name: PS1_r, datatype: float64}
# - {name: PS1_i, datatype: float64}
# - {name: PS1_z, datatype: float64}
# - {name: PS1_Y, datatype: float64}
# - {name: PS1_w, datatype: float64}
# - {name: ATLAS_c, datatype: float64}
# - {name: ATLAS_o, datatype: float64}
# - {name: ukirt_J, datatype: float64}
# - {name: ukirt_H, datatype: float64}
# - {name: ukirt_K, datatype: float64}
# - {name: Clear, datatype: float64}
# meta: !!omap
# - comment: [M=-20.632653061224488, dM=0.9208527728773267]
# schema: astropy-2.0
time swift_uvot_uvw2 swift_uvot_uvm2 swift_uvot_uvw1 swift_uvot_U swift_uvot_B swift_uvot_V swift_uvot_W johnson_U johnson_B johnson_V johnson_R johnson_I sdss_u sdss_g sdss_r sdss_i sdss_z PS1_g PS1_r PS1_i PS1_z PS1_Y PS1_w ATLAS_c ATLAS_o ukirt_J ukirt_H ukirt_K Clear
0.0 -20.632653061224488 -20.632653061224488 -20.632653061224488 -20.632653061224488 -20.632653061224488 -20.632653061224488 -20.632653061224488 -20.632653061224488 -20.632653061224488 -20.632653061224488 -20.632653061224488 -20.632653061224488 -20.632653061224488 -20.632653061224488 -20.632653061224488 -20.632653061224488 -20.632653061224488 -20.632653061224488 -20.632653061224488 -20.632653061224488 -20.632653061224488 -20.632653061224488 -20.632653061224488 -20.632653061224488 -20.632653061224488 -20.632653061224488 -20.632653061224488 -20.632653061224488 -20.632653061224488
0.07537688442211055 -20.563242048193533 -20.563242048193533 -20.563242048193533 -20.563242048193533 -20.563242048193533 -20.563242048193533 -20.563242048193533 -20.563242048193533 -20.563242048193533 -20.563242048193533 -20.563242048193533 -20.563242048193533 -20.563242048193533 -20.563242048193533 -20.563242048193533 -20.563242048193533 -20.563242048193533 -20.563242048193533 -20.563242048193533 -20.563242048193533 -20.563242048193533 -20.563242048193533 -20.563242048193533 -20.563242048193533 -20.563242048193533 -20.563242048193533 -20.563242048193533 -20.563242048193533 -20.563242048193533
0.1507537688442211 -20.49383103516258 -20.49383103516258 -20.49383103516258 -20.49383103516258 -20.49383103516258 -20.49383103516258 -20.49383103516258 -20.49383103516258 -20.49383103516258 -20.49383103516258 -20.49383103516258 -20.49383103516258 -20.49383103516258 -20.49383103516258 -20.49383103516258 -20.49383103516258 -20.49383103516258 -20.49383103516258 -20.49383103516258 -20.49383103516258 -20.49383103516258 -20.49383103516258 -20.49383103516258 -20.49383103516258 -20.49383103516258 -20.49383103516258 -20.49383103516258 -20.49383103516258 -20.49383103516258
0.22613065326633164 -20.424420022131624 -20.424420022131624 -20.424420022131624 -20.424420022131624 -20.424420022131624 -20.424420022131624 -20.424420022131624 -20.424420022131624 -20.424420022131624 -20.424420022131624 -20.424420022131624 -20.424420022131624 -20.424420022131624 -20.424420022131624 -20.424420022131624 -20.424420022131624 -20.424420022131624 -20.424420022131624 -20.424420022131624 -20.424420022131624 -20.424420022131624 -20.424420022131624 -20.424420022131624 -20.424420022131624 -20.424420022131624 -20.424420022131624 -20.424420022131624 -20.424420022131624 -20.424420022131624
0.3015075376884422 -20.35500900910067 -20.35500900910067 -20.35500900910067 -20.35500900910067 -20.35500900910067 -20.35500900910067 -20.35500900910067 -20.35500900910067 -20.35500900910067 -20.35500900910067 -20.35500900910067 -20.35500900910067 -20.35500900910067 -20.35500900910067 -20.35500900910067 -20.35500900910067 -20.35500900910067 -20.35500900910067 -20.35500900910067 -20.35500900910067 -20.35500900910067 -20.35500900910067 -20.35500900910067 -20.35500900910067 -20.35500900910067 -20.35500900910067 -20.35500900910067 -20.35500900910067 -20.35500900910067
0.37688442211055273 -20.28559799606972 -20.28559799606972 -20.28559799606972 -20.28559799606972 -20.28559799606972 -20.28559799606972 -20.28559799606972 -20.28559799606972 -20.28559799606972 -20.28559799606972 -20.28559799606972 -20.28559799606972 -20.28559799606972 -20.28559799606972 -20.28559799606972 -20.28559799606972 -20.28559799606972 -20.28559799606972 -20.28559799606972 -20.28559799606972 -20.28559799606972 -20.28559799606972 -20.28559799606972 -20.28559799606972 -20.28559799606972 -20.28559799606972 -20.28559799606972 -20.28559799606972 -20.28559799606972
0.4522613065326633 -20.216186983038764 -20.216186983038764 -20.216186983038764 -20.216186983038764 -20.216186983038764 -20.216186983038764 -20.216186983038764 -20.216186983038764 -20.216186983038764 -20.216186983038764 -20.216186983038764 -20.216186983038764 -20.216186983038764 -20.216186983038764 -20.216186983038764 -20.216186983038764 -20.216186983038764 -20.216186983038764 -20.216186983038764 -20.216186983038764 -20.216186983038764 -20.216186983038764 -20.216186983038764 -20.216186983038764 -20.216186983038764 -20.216186983038764 -20.216186983038764 -20.216186983038764 -20.216186983038764
0.5276381909547738 -20.14677597000781 -20.14677597000781 -20.14677597000781 -20.14677597000781 -20.14677597000781 -20.14677597000781 -20.14677597000781 -20.14677597000781 -20.14677597000781 -20.14677597000781 -20.14677597000781 -20.14677597000781 -20.14677597000781 -20.14677597000781 -20.14677597000781 -20.14677597000781 -20.14677597000781 -20.14677597000781 -20.14677597000781 -20.14677597000781 -20.14677597000781 -20.14677597000781 -20.14677597000781 -20.14677597000781 -20.14677597000781 -20.14677597000781 -20.14677597000781 -20.14677597000781 -20.14677597000781
0.6030150753768844 -20.077364956976854 -20.077364956976854 -20.077364956976854 -20.077364956976854 -20.077364956976854 -20.077364956976854 -20.077364956976854 -20.077364956976854 -20.077364956976854 -20.077364956976854 -20.077364956976854 -20.077364956976854 -20.077364956976854 -20.077364956976854 -20.077364956976854 -20.077364956976854 -20.077364956976854 -20.077364956976854 -20.077364956976854 -20.077364956976854 -20.077364956976854 -20.077364956976854 -20.077364956976854 -20.077364956976854 -20.077364956976854 -20.077364956976854 -20.077364956976854 -20.077364956976854 -20.077364956976854
0.6783919597989949 -20.0079539439459 -20.0079539439459 -20.0079539439459 -20.0079539439459 -20.0079539439459 -20.0079539439459 -20.0079539439459 -20.0079539439459 -20.0079539439459 -20.0079539439459 -20.0079539439459 -20.0079539439459 -20.0079539439459 -20.0079539439459 -20.0079539439459 -20.0079539439459 -20.0079539439459 -20.0079539439459 -20.0079539439459 -20.0079539439459 -20.0079539439459 -20.0079539439459 -20.0079539439459 -20.0079539439459 -20.0079539439459 -20.0079539439459 -20.0079539439459 -20.0079539439459 -20.0079539439459
0.7537688442211055 -19.938542930914945 -19.938542930914945 -19.938542930914945 -19.938542930914945 -19.938542930914945 -19.938542930914945 -19.938542930914945 -19.938542930914945 -19.938542930914945 -19.938542930914945 -19.938542930914945 -19.938542930914945 -19.938542930914945 -19.938542930914945 -19.938542930914945 -19.938542930914945 -19.938542930914945 -19.938542930914945 -19.938542930914945 -19.938542930914945 -19.938542930914945 -19.938542930914945 -19.938542930914945 -19.938542930914945 -19.938542930914945 -19.938542930914945 -19.938542930914945 -19.938542930914945 -19.938542930914945
0.829145728643216 -19.86913191788399 -19.86913191788399 -19.86913191788399 -19.86913191788399 -19.86913191788399 -19.86913191788399 -19.86913191788399 -19.86913191788399 -19.86913191788399 -19.86913191788399 -19.86913191788399 -19.86913191788399 -19.86913191788399 -19.86913191788399 -19.86913191788399 -19.86913191788399 -19.86913191788399 -19.86913191788399 -19.86913191788399 -19.86913191788399 -19.86913191788399 -19.86913191788399 -19.86913191788399 -19.86913191788399 -19.86913191788399 -19.86913191788399 -19.86913191788399 -19.86913191788399 -19.86913191788399
0.9045226130653266 -19.799720904853036 -19.799720904853036 -19.799720904853036 -19.799720904853036 -19.799720904853036 -19.799720904853036 -19.799720904853036 -19.799720904853036 -19.799720904853036 -19.799720904853036 -19.799720904853036 -19.799720904853036 -19.799720904853036 -19.799720904853036 -19.799720904853036 -19.799720904853036 -19.799720904853036 -19.799720904853036 -19.799720904853036 -19.799720904853036 -19.799720904853036 -19.799720904853036 -19.799720904853036 -19.799720904853036 -19.799720904853036 -19.799720904853036 -19.799720904853036 -19.799720904853036 -19.799720904853036
0.9798994974874371 -19.73030989182208 -19.73030989182208 -19.73030989182208 -19.73030989182208 -19.73030989182208 -19.73030989182208 -19.73030989182208 -19.73030989182208 -19.73030989182208 -19.73030989182208 -19.73030989182208 -19.73030989182208 -19.73030989182208 -19.73030989182208 -19.73030989182208 -19.73030989182208 -19.73030989182208 -19.73030989182208 -19.73030989182208 -19.73030989182208 -19.73030989182208 -19.73030989182208 -19.73030989182208 -19.73030989182208 -19.73030989182208 -19.73030989182208 -19.73030989182208 -19.73030989182208 -19.73030989182208
1.0552763819095476 -19.66089887879113 -19.66089887879113 -19.66089887879113 -19.66089887879113 -19.66089887879113 -19.66089887879113 -19.66089887879113 -19.66089887879113 -19.66089887879113 -19.66089887879113 -19.66089887879113 -19.66089887879113 -19.66089887879113 -19.66089887879113 -19.66089887879113 -19.66089887879113 -19.66089887879113 -19.66089887879113 -19.66089887879113 -19.66089887879113 -19.66089887879113 -19.66089887879113 -19.66089887879113 -19.66089887879113 -19.66089887879113 -19.66089887879113 -19.66089887879113 -19.66089887879113 -19.66089887879113
1.1306532663316582 -19.591487865760175 -19.591487865760175 -19.591487865760175 -19.591487865760175 -19.591487865760175 -19.591487865760175 -19.591487865760175 -19.591487865760175 -19.591487865760175 -19.591487865760175 -19.591487865760175 -19.591487865760175 -19.591487865760175 -19.591487865760175 -19.591487865760175 -19.591487865760175 -19.591487865760175 -19.591487865760175 -19.591487865760175 -19.591487865760175 -19.591487865760175 -19.591487865760175 -19.591487865760175 -19.591487865760175 -19.591487865760175 -19.591487865760175 -19.591487865760175 -19.591487865760175 -19.591487865760175
1.2060301507537687 -19.52207685272922 -19.52207685272922 -19.52207685272922 -19.52207685272922 -19.52207685272922 -19.52207685272922 -19.52207685272922 -19.52207685272922 -19.52207685272922 -19.52207685272922 -19.52207685272922 -19.52207685272922 -19.52207685272922 -19.52207685272922 -19.52207685272922 -19.52207685272922 -19.52207685272922 -19.52207685272922 -19.52207685272922 -19.52207685272922 -19.52207685272922 -19.52207685272922 -19.52207685272922 -19.52207685272922 -19.52207685272922 -19.52207685272922 -19.52207685272922 -19.52207685272922 -19.52207685272922
1.2814070351758793 -19.452665839698266 -19.452665839698266 -19.452665839698266 -19.452665839698266 -19.452665839698266 -19.452665839698266 -19.452665839698266 -19.452665839698266 -19.452665839698266 -19.452665839698266 -19.452665839698266 -19.452665839698266 -19.452665839698266 -19.452665839698266 -19.452665839698266 -19.452665839698266 -19.452665839698266 -19.452665839698266 -19.452665839698266 -19.452665839698266 -19.452665839698266 -19.452665839698266 -19.452665839698266 -19.452665839698266 -19.452665839698266 -19.452665839698266 -19.452665839698266 -19.452665839698266 -19.452665839698266
1.3567839195979898 -19.38325482666731 -19.38325482666731 -19.38325482666731 -19.38325482666731 -19.38325482666731 -19.38325482666731 -19.38325482666731 -19.38325482666731 -19.38325482666731 -19.38325482666731 -19.38325482666731 -19.38325482666731 -19.38325482666731 -19.38325482666731 -19.38325482666731 -19.38325482666731 -19.38325482666731 -19.38325482666731 -19.38325482666731 -19.38325482666731 -19.38325482666731 -19.38325482666731 -19.38325482666731 -19.38325482666731 -19.38325482666731 -19.38325482666731 -19.38325482666731 -19.38325482666731 -19.38325482666731
1.4321608040201004 -19.313843813636357 -19.313843813636357 -19.313843813636357 -19.313843813636357 -19.313843813636357 -19.313843813636357 -19.313843813636357 -19.313843813636357 -19.313843813636357 -19.313843813636357 -19.313843813636357 -19.313843813636357 -19.313843813636357 -19.313843813636357 -19.313843813636357 -19.313843813636357 -19.313843813636357 -19.313843813636357 -19.313843813636357 -19.313843813636357 -19.313843813636357 -19.313843813636357 -19.313843813636357 -19.313843813636357 -19.313843813636357 -19.313843813636357 -19.313843813636357 -19.313843813636357 -19.313843813636357
1.507537688442211 -19.244432800605402 -19.244432800605402 -19.244432800605402 -19.244432800605402 -19.244432800605402 -19.244432800605402 -19.244432800605402 -19.244432800605402 -19.244432800605402 -19.244432800605402 -19.244432800605402 -19.244432800605402 -19.244432800605402 -19.244432800605402 -19.244432800605402 -19.244432800605402 -19.244432800605402 -19.244432800605402 -19.244432800605402 -19.244432800605402 -19.244432800605402 -19.244432800605402 -19.244432800605402 -19.244432800605402 -19.244432800605402 -19.244432800605402 -19.244432800605402 -19.244432800605402 -19.244432800605402
1.5829145728643215 -19.175021787574448 -19.175021787574448 -19.175021787574448 -19.175021787574448 -19.175021787574448 -19.175021787574448 -19.175021787574448 -19.175021787574448 -19.175021787574448 -19.175021787574448 -19.175021787574448 -19.175021787574448 -19.175021787574448 -19.175021787574448 -19.175021787574448 -19.175021787574448 -19.175021787574448 -19.175021787574448 -19.175021787574448 -19.175021787574448 -19.175021787574448 -19.175021787574448 -19.175021787574448 -19.175021787574448 -19.175021787574448 -19.175021787574448 -19.175021787574448 -19.175021787574448 -19.175021787574448
1.658291457286432 -19.105610774543493 -19.105610774543493 -19.105610774543493 -19.105610774543493 -19.105610774543493 -19.105610774543493 -19.105610774543493 -19.105610774543493 -19.105610774543493 -19.105610774543493 -19.105610774543493 -19.105610774543493 -19.105610774543493 -19.105610774543493 -19.105610774543493 -19.105610774543493 -19.105610774543493 -19.105610774543493 -19.105610774543493 -19.105610774543493 -19.105610774543493 -19.105610774543493 -19.105610774543493 -19.105610774543493 -19.105610774543493 -19.105610774543493 -19.105610774543493 -19.105610774543493 -19.105610774543493
1.7336683417085426 -19.036199761512542 -19.036199761512542 -19.036199761512542 -19.036199761512542 -19.036199761512542 -19.036199761512542 -19.036199761512542 -19.036199761512542 -19.036199761512542 -19.036199761512542 -19.036199761512542 -19.036199761512542 -19.036199761512542 -19.036199761512542 -19.036199761512542 -19.036199761512542 -19.036199761512542 -19.036199761512542 -19.036199761512542 -19.036199761512542 -19.036199761512542 -19.036199761512542 -19.036199761512542 -19.036199761512542 -19.036199761512542 -19.036199761512542 -19.036199761512542 -19.036199761512542 -19.036199761512542
1.809045226130653 -18.966788748481587 -18.966788748481587 -18.966788748481587 -18.966788748481587 -18.966788748481587 -18.966788748481587 -18.966788748481587 -18.966788748481587 -18.966788748481587 -18.966788748481587 -18.966788748481587 -18.966788748481587 -18.966788748481587 -18.966788748481587 -18.966788748481587 -18.966788748481587 -18.966788748481587 -18.966788748481587 -18.966788748481587 -18.966788748481587 -18.966788748481587 -18.966788748481587 -18.966788748481587 -18.966788748481587 -18.966788748481587 -18.966788748481587 -18.966788748481587 -18.966788748481587 -18.966788748481587
1.8844221105527637 -18.897377735450632 -18.897377735450632 -18.897377735450632 -18.897377735450632 -18.897377735450632 -18.897377735450632 -18.897377735450632 -18.897377735450632 -18.897377735450632 -18.897377735450632 -18.897377735450632 -18.897377735450632 -18.897377735450632 -18.897377735450632 -18.897377735450632 -18.897377735450632 -18.897377735450632 -18.897377735450632 -18.897377735450632 -18.897377735450632 -18.897377735450632 -18.897377735450632 -18.897377735450632 -18.897377735450632 -18.897377735450632 -18.897377735450632 -18.897377735450632 -18.897377735450632 -18.897377735450632
1.9597989949748742 -18.827966722419678 -18.827966722419678 -18.827966722419678 -18.827966722419678 -18.827966722419678 -18.827966722419678 -18.827966722419678 -18.827966722419678 -18.827966722419678 -18.827966722419678 -18.827966722419678 -18.827966722419678 -18.827966722419678 -18.827966722419678 -18.827966722419678 -18.827966722419678 -18.827966722419678 -18.827966722419678 -18.827966722419678 -18.827966722419678 -18.827966722419678 -18.827966722419678 -18.827966722419678 -18.827966722419678 -18.827966722419678 -18.827966722419678 -18.827966722419678 -18.827966722419678 -18.827966722419678
