web/models/linear/96/-20_633_0_495.dat
# %ECSV 1.0
# ---
# datatype:
# - {name: time, datatype: float64}
# - {name: swift_uvot_uvw2, datatype: float64}
# - {name: swift_uvot_uvm2, datatype: float64}
# - {name: swift_uvot_uvw1, datatype: float64}
# - {name: swift_uvot_U, datatype: float64}
# - {name: swift_uvot_B, datatype: float64}
# - {name: swift_uvot_V, datatype: float64}
# - {name: swift_uvot_W, datatype: float64}
# - {name: johnson_U, datatype: float64}
# - {name: johnson_B, datatype: float64}
# - {name: johnson_V, datatype: float64}
# - {name: johnson_R, datatype: float64}
# - {name: johnson_I, datatype: float64}
# - {name: sdss_u, datatype: float64}
# - {name: sdss_g, datatype: float64}
# - {name: sdss_r, datatype: float64}
# - {name: sdss_i, datatype: float64}
# - {name: sdss_z, datatype: float64}
# - {name: PS1_g, datatype: float64}
# - {name: PS1_r, datatype: float64}
# - {name: PS1_i, datatype: float64}
# - {name: PS1_z, datatype: float64}
# - {name: PS1_Y, datatype: float64}
# - {name: PS1_w, datatype: float64}
# - {name: ATLAS_c, datatype: float64}
# - {name: ATLAS_o, datatype: float64}
# - {name: ukirt_J, datatype: float64}
# - {name: ukirt_H, datatype: float64}
# - {name: ukirt_K, datatype: float64}
# - {name: Clear, datatype: float64}
# meta: !!omap
# - comment: [M=-20.632653061224488, dM=0.4951289998230568]
# schema: astropy-2.0
time swift_uvot_uvw2 swift_uvot_uvm2 swift_uvot_uvw1 swift_uvot_U swift_uvot_B swift_uvot_V swift_uvot_W johnson_U johnson_B johnson_V johnson_R johnson_I sdss_u sdss_g sdss_r sdss_i sdss_z PS1_g PS1_r PS1_i PS1_z PS1_Y PS1_w ATLAS_c ATLAS_o ukirt_J ukirt_H ukirt_K Clear
[from data line 82]
6.180904522613065 -17.572307986941272 -17.572307986941272 -17.572307986941272 -17.572307986941272 -17.572307986941272 -17.572307986941272 -17.572307986941272 -17.572307986941272 -17.572307986941272 -17.572307986941272 -17.572307986941272 -17.572307986941272 -17.572307986941272 -17.572307986941272 -17.572307986941272 -17.572307986941272 -17.572307986941272 -17.572307986941272 -17.572307986941272 -17.572307986941272 -17.572307986941272 -17.572307986941272 -17.572307986941272 -17.572307986941272 -17.572307986941272 -17.572307986941272 -17.572307986941272 -17.572307986941272 -17.572307986941272
6.256281407035175 -17.534986705547574 -17.534986705547574 -17.534986705547574 -17.534986705547574 -17.534986705547574 -17.534986705547574 -17.534986705547574 -17.534986705547574 -17.534986705547574 -17.534986705547574 -17.534986705547574 -17.534986705547574 -17.534986705547574 -17.534986705547574 -17.534986705547574 -17.534986705547574 -17.534986705547574 -17.534986705547574 -17.534986705547574 -17.534986705547574 -17.534986705547574 -17.534986705547574 -17.534986705547574 -17.534986705547574 -17.534986705547574 -17.534986705547574 -17.534986705547574 -17.534986705547574 -17.534986705547574
6.331658291457286 -17.497665424153876 -17.497665424153876 -17.497665424153876 -17.497665424153876 -17.497665424153876 -17.497665424153876 -17.497665424153876 -17.497665424153876 -17.497665424153876 -17.497665424153876 -17.497665424153876 -17.497665424153876 -17.497665424153876 -17.497665424153876 -17.497665424153876 -17.497665424153876 -17.497665424153876 -17.497665424153876 -17.497665424153876 -17.497665424153876 -17.497665424153876 -17.497665424153876 -17.497665424153876 -17.497665424153876 -17.497665424153876 -17.497665424153876 -17.497665424153876 -17.497665424153876 -17.497665424153876
6.407035175879397 -17.460344142760178 -17.460344142760178 -17.460344142760178 -17.460344142760178 -17.460344142760178 -17.460344142760178 -17.460344142760178 -17.460344142760178 -17.460344142760178 -17.460344142760178 -17.460344142760178 -17.460344142760178 -17.460344142760178 -17.460344142760178 -17.460344142760178 -17.460344142760178 -17.460344142760178 -17.460344142760178 -17.460344142760178 -17.460344142760178 -17.460344142760178 -17.460344142760178 -17.460344142760178 -17.460344142760178 -17.460344142760178 -17.460344142760178 -17.460344142760178 -17.460344142760178 -17.460344142760178
6.482412060301507 -17.423022861366483 -17.423022861366483 -17.423022861366483 -17.423022861366483 -17.423022861366483 -17.423022861366483 -17.423022861366483 -17.423022861366483 -17.423022861366483 -17.423022861366483 -17.423022861366483 -17.423022861366483 -17.423022861366483 -17.423022861366483 -17.423022861366483 -17.423022861366483 -17.423022861366483 -17.423022861366483 -17.423022861366483 -17.423022861366483 -17.423022861366483 -17.423022861366483 -17.423022861366483 -17.423022861366483 -17.423022861366483 -17.423022861366483 -17.423022861366483 -17.423022861366483 -17.423022861366483
6.557788944723617 -17.385701579972785 -17.385701579972785 -17.385701579972785 -17.385701579972785 -17.385701579972785 -17.385701579972785 -17.385701579972785 -17.385701579972785 -17.385701579972785 -17.385701579972785 -17.385701579972785 -17.385701579972785 -17.385701579972785 -17.385701579972785 -17.385701579972785 -17.385701579972785 -17.385701579972785 -17.385701579972785 -17.385701579972785 -17.385701579972785 -17.385701579972785 -17.385701579972785 -17.385701579972785 -17.385701579972785 -17.385701579972785 -17.385701579972785 -17.385701579972785 -17.385701579972785 -17.385701579972785
6.633165829145728 -17.348380298579087 -17.348380298579087 -17.348380298579087 -17.348380298579087 -17.348380298579087 -17.348380298579087 -17.348380298579087 -17.348380298579087 -17.348380298579087 -17.348380298579087 -17.348380298579087 -17.348380298579087 -17.348380298579087 -17.348380298579087 -17.348380298579087 -17.348380298579087 -17.348380298579087 -17.348380298579087 -17.348380298579087 -17.348380298579087 -17.348380298579087 -17.348380298579087 -17.348380298579087 -17.348380298579087 -17.348380298579087 -17.348380298579087 -17.348380298579087 -17.348380298579087 -17.348380298579087
6.708542713567839 -17.31105901718539 -17.31105901718539 -17.31105901718539 -17.31105901718539 -17.31105901718539 -17.31105901718539 -17.31105901718539 -17.31105901718539 -17.31105901718539 -17.31105901718539 -17.31105901718539 -17.31105901718539 -17.31105901718539 -17.31105901718539 -17.31105901718539 -17.31105901718539 -17.31105901718539 -17.31105901718539 -17.31105901718539 -17.31105901718539 -17.31105901718539 -17.31105901718539 -17.31105901718539 -17.31105901718539 -17.31105901718539 -17.31105901718539 -17.31105901718539 -17.31105901718539 -17.31105901718539
6.783919597989949 -17.27373773579169 -17.27373773579169 -17.27373773579169 -17.27373773579169 -17.27373773579169 -17.27373773579169 -17.27373773579169 -17.27373773579169 -17.27373773579169 -17.27373773579169 -17.27373773579169 -17.27373773579169 -17.27373773579169 -17.27373773579169 -17.27373773579169 -17.27373773579169 -17.27373773579169 -17.27373773579169 -17.27373773579169 -17.27373773579169 -17.27373773579169 -17.27373773579169 -17.27373773579169 -17.27373773579169 -17.27373773579169 -17.27373773579169 -17.27373773579169 -17.27373773579169 -17.27373773579169
6.859296482412059 -17.236416454397993 -17.236416454397993 -17.236416454397993 -17.236416454397993 -17.236416454397993 -17.236416454397993 -17.236416454397993 -17.236416454397993 -17.236416454397993 -17.236416454397993 -17.236416454397993 -17.236416454397993 -17.236416454397993 -17.236416454397993 -17.236416454397993 -17.236416454397993 -17.236416454397993 -17.236416454397993 -17.236416454397993 -17.236416454397993 -17.236416454397993 -17.236416454397993 -17.236416454397993 -17.236416454397993 -17.236416454397993 -17.236416454397993 -17.236416454397993 -17.236416454397993 -17.236416454397993
6.93467336683417 -17.199095173004295 -17.199095173004295 -17.199095173004295 -17.199095173004295 -17.199095173004295 -17.199095173004295 -17.199095173004295 -17.199095173004295 -17.199095173004295 -17.199095173004295 -17.199095173004295 -17.199095173004295 -17.199095173004295 -17.199095173004295 -17.199095173004295 -17.199095173004295 -17.199095173004295 -17.199095173004295 -17.199095173004295 -17.199095173004295 -17.199095173004295 -17.199095173004295 -17.199095173004295 -17.199095173004295 -17.199095173004295 -17.199095173004295 -17.199095173004295 -17.199095173004295 -17.199095173004295
7.010050251256281 -17.161773891610597 -17.161773891610597 -17.161773891610597 -17.161773891610597 -17.161773891610597 -17.161773891610597 -17.161773891610597 -17.161773891610597 -17.161773891610597 -17.161773891610597 -17.161773891610597 -17.161773891610597 -17.161773891610597 -17.161773891610597 -17.161773891610597 -17.161773891610597 -17.161773891610597 -17.161773891610597 -17.161773891610597 -17.161773891610597 -17.161773891610597 -17.161773891610597 -17.161773891610597 -17.161773891610597 -17.161773891610597 -17.161773891610597 -17.161773891610597 -17.161773891610597 -17.161773891610597
7.085427135678391 -17.1244526102169 -17.1244526102169 -17.1244526102169 -17.1244526102169 -17.1244526102169 -17.1244526102169 -17.1244526102169 -17.1244526102169 -17.1244526102169 -17.1244526102169 -17.1244526102169 -17.1244526102169 -17.1244526102169 -17.1244526102169 -17.1244526102169 -17.1244526102169 -17.1244526102169 -17.1244526102169 -17.1244526102169 -17.1244526102169 -17.1244526102169 -17.1244526102169 -17.1244526102169 -17.1244526102169 -17.1244526102169 -17.1244526102169 -17.1244526102169 -17.1244526102169 -17.1244526102169
7.160804020100501 -17.0871313288232 -17.0871313288232 -17.0871313288232 -17.0871313288232 -17.0871313288232 -17.0871313288232 -17.0871313288232 -17.0871313288232 -17.0871313288232 -17.0871313288232 -17.0871313288232 -17.0871313288232 -17.0871313288232 -17.0871313288232 -17.0871313288232 -17.0871313288232 -17.0871313288232 -17.0871313288232 -17.0871313288232 -17.0871313288232 -17.0871313288232 -17.0871313288232 -17.0871313288232 -17.0871313288232 -17.0871313288232 -17.0871313288232 -17.0871313288232 -17.0871313288232 -17.0871313288232
7.236180904522612 -17.049810047429503 -17.049810047429503 -17.049810047429503 -17.049810047429503 -17.049810047429503 -17.049810047429503 -17.049810047429503 -17.049810047429503 -17.049810047429503 -17.049810047429503 -17.049810047429503 -17.049810047429503 -17.049810047429503 -17.049810047429503 -17.049810047429503 -17.049810047429503 -17.049810047429503 -17.049810047429503 -17.049810047429503 -17.049810047429503 -17.049810047429503 -17.049810047429503 -17.049810047429503 -17.049810047429503 -17.049810047429503 -17.049810047429503 -17.049810047429503 -17.049810047429503 -17.049810047429503
7.311557788944723 -17.01248876603581 -17.01248876603581 -17.01248876603581 -17.01248876603581 -17.01248876603581 -17.01248876603581 -17.01248876603581 -17.01248876603581 -17.01248876603581 -17.01248876603581 -17.01248876603581 -17.01248876603581 -17.01248876603581 -17.01248876603581 -17.01248876603581 -17.01248876603581 -17.01248876603581 -17.01248876603581 -17.01248876603581 -17.01248876603581 -17.01248876603581 -17.01248876603581 -17.01248876603581 -17.01248876603581 -17.01248876603581 -17.01248876603581 -17.01248876603581 -17.01248876603581 -17.01248876603581
7.3869346733668335 -16.97516748464211 -16.97516748464211 -16.97516748464211 -16.97516748464211 -16.97516748464211 -16.97516748464211 -16.97516748464211 -16.97516748464211 -16.97516748464211 -16.97516748464211 -16.97516748464211 -16.97516748464211 -16.97516748464211 -16.97516748464211 -16.97516748464211 -16.97516748464211 -16.97516748464211 -16.97516748464211 -16.97516748464211 -16.97516748464211 -16.97516748464211 -16.97516748464211 -16.97516748464211 -16.97516748464211 -16.97516748464211 -16.97516748464211 -16.97516748464211 -16.97516748464211 -16.97516748464211
7.462311557788944 -16.937846203248412 -16.937846203248412 -16.937846203248412 -16.937846203248412 -16.937846203248412 -16.937846203248412 -16.937846203248412 -16.937846203248412 -16.937846203248412 -16.937846203248412 -16.937846203248412 -16.937846203248412 -16.937846203248412 -16.937846203248412 -16.937846203248412 -16.937846203248412 -16.937846203248412 -16.937846203248412 -16.937846203248412 -16.937846203248412 -16.937846203248412 -16.937846203248412 -16.937846203248412 -16.937846203248412 -16.937846203248412 -16.937846203248412 -16.937846203248412 -16.937846203248412 -16.937846203248412
7.537688442211055 -16.900524921854714 -16.900524921854714 -16.900524921854714 -16.900524921854714 -16.900524921854714 -16.900524921854714 -16.900524921854714 -16.900524921854714 -16.900524921854714 -16.900524921854714 -16.900524921854714 -16.900524921854714 -16.900524921854714 -16.900524921854714 -16.900524921854714 -16.900524921854714 -16.900524921854714 -16.900524921854714 -16.900524921854714 -16.900524921854714 -16.900524921854714 -16.900524921854714 -16.900524921854714 -16.900524921854714 -16.900524921854714 -16.900524921854714 -16.900524921854714 -16.900524921854714 -16.900524921854714
7.613065326633166 -16.863203640461016 -16.863203640461016 -16.863203640461016 -16.863203640461016 -16.863203640461016 -16.863203640461016 -16.863203640461016 -16.863203640461016 -16.863203640461016 -16.863203640461016 -16.863203640461016 -16.863203640461016 -16.863203640461016 -16.863203640461016 -16.863203640461016 -16.863203640461016 -16.863203640461016 -16.863203640461016 -16.863203640461016 -16.863203640461016 -16.863203640461016 -16.863203640461016 -16.863203640461016 -16.863203640461016 -16.863203640461016 -16.863203640461016 -16.863203640461016 -16.863203640461016 -16.863203640461016
7.688442211055276 -16.825882359067318 -16.825882359067318 -16.825882359067318 -16.825882359067318 -16.825882359067318 -16.825882359067318 -16.825882359067318 -16.825882359067318 -16.825882359067318 -16.825882359067318 -16.825882359067318 -16.825882359067318 -16.825882359067318 -16.825882359067318 -16.825882359067318 -16.825882359067318 -16.825882359067318 -16.825882359067318 -16.825882359067318 -16.825882359067318 -16.825882359067318 -16.825882359067318 -16.825882359067318 -16.825882359067318 -16.825882359067318 -16.825882359067318 -16.825882359067318 -16.825882359067318 -16.825882359067318
7.763819095477386 -16.78856107767362 -16.78856107767362 -16.78856107767362 -16.78856107767362 -16.78856107767362 -16.78856107767362 -16.78856107767362 -16.78856107767362 -16.78856107767362 -16.78856107767362 -16.78856107767362 -16.78856107767362 -16.78856107767362 -16.78856107767362 -16.78856107767362 -16.78856107767362 -16.78856107767362 -16.78856107767362 -16.78856107767362 -16.78856107767362 -16.78856107767362 -16.78856107767362 -16.78856107767362 -16.78856107767362 -16.78856107767362 -16.78856107767362 -16.78856107767362 -16.78856107767362 -16.78856107767362
7.839195979899497 -16.751239796279922 -16.751239796279922 -16.751239796279922 -16.751239796279922 -16.751239796279922 -16.751239796279922 -16.751239796279922 -16.751239796279922 -16.751239796279922 -16.751239796279922 -16.751239796279922 -16.751239796279922 -16.751239796279922 -16.751239796279922 -16.751239796279922 -16.751239796279922 -16.751239796279922 -16.751239796279922 -16.751239796279922 -16.751239796279922 -16.751239796279922 -16.751239796279922 -16.751239796279922 -16.751239796279922 -16.751239796279922 -16.751239796279922 -16.751239796279922 -16.751239796279922 -16.751239796279922
7.914572864321608 -16.713918514886224 -16.713918514886224 -16.713918514886224 -16.713918514886224 -16.713918514886224 -16.713918514886224 -16.713918514886224 -16.713918514886224 -16.713918514886224 -16.713918514886224 -16.713918514886224 -16.713918514886224 -16.713918514886224 -16.713918514886224 -16.713918514886224 -16.713918514886224 -16.713918514886224 -16.713918514886224 -16.713918514886224 -16.713918514886224 -16.713918514886224 -16.713918514886224 -16.713918514886224 -16.713918514886224 -16.713918514886224 -16.713918514886224 -16.713918514886224 -16.713918514886224 -16.713918514886224
7.989949748743718 -16.676597233492526 -16.676597233492526 -16.676597233492526 -16.676597233492526 -16.676597233492526 -16.676597233492526 -16.676597233492526 -16.676597233492526 -16.676597233492526 -16.676597233492526 -16.676597233492526 -16.676597233492526 -16.676597233492526 -16.676597233492526 -16.676597233492526 -16.676597233492526 -16.676597233492526 -16.676597233492526 -16.676597233492526 -16.676597233492526 -16.676597233492526 -16.676597233492526 -16.676597233492526 -16.676597233492526 -16.676597233492526 -16.676597233492526 -16.676597233492526 -16.676597233492526 -16.676597233492526
8.065326633165828 -16.639275952098828 -16.639275952098828 -16.639275952098828 -16.639275952098828 -16.639275952098828 -16.639275952098828 -16.639275952098828 -16.639275952098828 -16.639275952098828 -16.639275952098828 -16.639275952098828 -16.639275952098828 -16.639275952098828 -16.639275952098828 -16.639275952098828 -16.639275952098828 -16.639275952098828 -16.639275952098828 -16.639275952098828 -16.639275952098828 -16.639275952098828 -16.639275952098828 -16.639275952098828 -16.639275952098828 -16.639275952098828 -16.639275952098828 -16.639275952098828 -16.639275952098828 -16.639275952098828
