web/models/linear/96/-20_633_0_167.dat
# %ECSV 1.0
# ---
# datatype:
# - {name: time, datatype: float64}
# - {name: swift_uvot_uvw2, datatype: float64}
# - {name: swift_uvot_uvm2, datatype: float64}
# - {name: swift_uvot_uvw1, datatype: float64}
# - {name: swift_uvot_U, datatype: float64}
# - {name: swift_uvot_B, datatype: float64}
# - {name: swift_uvot_V, datatype: float64}
# - {name: swift_uvot_W, datatype: float64}
# - {name: johnson_U, datatype: float64}
# - {name: johnson_B, datatype: float64}
# - {name: johnson_V, datatype: float64}
# - {name: johnson_R, datatype: float64}
# - {name: johnson_I, datatype: float64}
# - {name: sdss_u, datatype: float64}
# - {name: sdss_g, datatype: float64}
# - {name: sdss_r, datatype: float64}
# - {name: sdss_i, datatype: float64}
# - {name: sdss_z, datatype: float64}
# - {name: PS1_g, datatype: float64}
# - {name: PS1_r, datatype: float64}
# - {name: PS1_i, datatype: float64}
# - {name: PS1_z, datatype: float64}
# - {name: PS1_Y, datatype: float64}
# - {name: PS1_w, datatype: float64}
# - {name: ATLAS_c, datatype: float64}
# - {name: ATLAS_o, datatype: float64}
# - {name: ukirt_J, datatype: float64}
# - {name: ukirt_H, datatype: float64}
# - {name: ukirt_K, datatype: float64}
# - {name: Clear, datatype: float64}
# meta: !!omap
# - comment: [M=-20.632653061224488, dM=0.1671639597721523]
# schema: astropy-2.0
time swift_uvot_uvw2 swift_uvot_uvm2 swift_uvot_uvw1 swift_uvot_U swift_uvot_B swift_uvot_V swift_uvot_W johnson_U johnson_B johnson_V johnson_R johnson_I sdss_u sdss_g sdss_r sdss_i sdss_z PS1_g PS1_r PS1_i PS1_z PS1_Y PS1_w ATLAS_c ATLAS_o ukirt_J ukirt_H ukirt_K Clear
[from data line 163]
12.286432160804019 -18.578804409752568 -18.578804409752568 -18.578804409752568 -18.578804409752568 -18.578804409752568 -18.578804409752568 -18.578804409752568 -18.578804409752568 -18.578804409752568 -18.578804409752568 -18.578804409752568 -18.578804409752568 -18.578804409752568 -18.578804409752568 -18.578804409752568 -18.578804409752568 -18.578804409752568 -18.578804409752568 -18.578804409752568 -18.578804409752568 -18.578804409752568 -18.578804409752568 -18.578804409752568 -18.578804409752568 -18.578804409752568 -18.578804409752568 -18.578804409752568 -18.578804409752568 -18.578804409752568
12.36180904522613 -18.56620411127728 -18.56620411127728 -18.56620411127728 -18.56620411127728 -18.56620411127728 -18.56620411127728 -18.56620411127728 -18.56620411127728 -18.56620411127728 -18.56620411127728 -18.56620411127728 -18.56620411127728 -18.56620411127728 -18.56620411127728 -18.56620411127728 -18.56620411127728 -18.56620411127728 -18.56620411127728 -18.56620411127728 -18.56620411127728 -18.56620411127728 -18.56620411127728 -18.56620411127728 -18.56620411127728 -18.56620411127728 -18.56620411127728 -18.56620411127728 -18.56620411127728 -18.56620411127728
12.43718592964824 -18.553603812801992 -18.553603812801992 -18.553603812801992 -18.553603812801992 -18.553603812801992 -18.553603812801992 -18.553603812801992 -18.553603812801992 -18.553603812801992 -18.553603812801992 -18.553603812801992 -18.553603812801992 -18.553603812801992 -18.553603812801992 -18.553603812801992 -18.553603812801992 -18.553603812801992 -18.553603812801992 -18.553603812801992 -18.553603812801992 -18.553603812801992 -18.553603812801992 -18.553603812801992 -18.553603812801992 -18.553603812801992 -18.553603812801992 -18.553603812801992 -18.553603812801992 -18.553603812801992
12.51256281407035 -18.541003514326704 -18.541003514326704 -18.541003514326704 -18.541003514326704 -18.541003514326704 -18.541003514326704 -18.541003514326704 -18.541003514326704 -18.541003514326704 -18.541003514326704 -18.541003514326704 -18.541003514326704 -18.541003514326704 -18.541003514326704 -18.541003514326704 -18.541003514326704 -18.541003514326704 -18.541003514326704 -18.541003514326704 -18.541003514326704 -18.541003514326704 -18.541003514326704 -18.541003514326704 -18.541003514326704 -18.541003514326704 -18.541003514326704 -18.541003514326704 -18.541003514326704 -18.541003514326704
12.58793969849246 -18.528403215851416 -18.528403215851416 -18.528403215851416 -18.528403215851416 -18.528403215851416 -18.528403215851416 -18.528403215851416 -18.528403215851416 -18.528403215851416 -18.528403215851416 -18.528403215851416 -18.528403215851416 -18.528403215851416 -18.528403215851416 -18.528403215851416 -18.528403215851416 -18.528403215851416 -18.528403215851416 -18.528403215851416 -18.528403215851416 -18.528403215851416 -18.528403215851416 -18.528403215851416 -18.528403215851416 -18.528403215851416 -18.528403215851416 -18.528403215851416 -18.528403215851416 -18.528403215851416
12.663316582914572 -18.515802917376128 -18.515802917376128 -18.515802917376128 -18.515802917376128 -18.515802917376128 -18.515802917376128 -18.515802917376128 -18.515802917376128 -18.515802917376128 -18.515802917376128 -18.515802917376128 -18.515802917376128 -18.515802917376128 -18.515802917376128 -18.515802917376128 -18.515802917376128 -18.515802917376128 -18.515802917376128 -18.515802917376128 -18.515802917376128 -18.515802917376128 -18.515802917376128 -18.515802917376128 -18.515802917376128 -18.515802917376128 -18.515802917376128 -18.515802917376128 -18.515802917376128 -18.515802917376128
12.738693467336683 -18.50320261890084 -18.50320261890084 -18.50320261890084 -18.50320261890084 -18.50320261890084 -18.50320261890084 -18.50320261890084 -18.50320261890084 -18.50320261890084 -18.50320261890084 -18.50320261890084 -18.50320261890084 -18.50320261890084 -18.50320261890084 -18.50320261890084 -18.50320261890084 -18.50320261890084 -18.50320261890084 -18.50320261890084 -18.50320261890084 -18.50320261890084 -18.50320261890084 -18.50320261890084 -18.50320261890084 -18.50320261890084 -18.50320261890084 -18.50320261890084 -18.50320261890084 -18.50320261890084
12.814070351758794 -18.490602320425552 -18.490602320425552 -18.490602320425552 -18.490602320425552 -18.490602320425552 -18.490602320425552 -18.490602320425552 -18.490602320425552 -18.490602320425552 -18.490602320425552 -18.490602320425552 -18.490602320425552 -18.490602320425552 -18.490602320425552 -18.490602320425552 -18.490602320425552 -18.490602320425552 -18.490602320425552 -18.490602320425552 -18.490602320425552 -18.490602320425552 -18.490602320425552 -18.490602320425552 -18.490602320425552 -18.490602320425552 -18.490602320425552 -18.490602320425552 -18.490602320425552 -18.490602320425552
12.889447236180903 -18.478002021950264 -18.478002021950264 -18.478002021950264 -18.478002021950264 -18.478002021950264 -18.478002021950264 -18.478002021950264 -18.478002021950264 -18.478002021950264 -18.478002021950264 -18.478002021950264 -18.478002021950264 -18.478002021950264 -18.478002021950264 -18.478002021950264 -18.478002021950264 -18.478002021950264 -18.478002021950264 -18.478002021950264 -18.478002021950264 -18.478002021950264 -18.478002021950264 -18.478002021950264 -18.478002021950264 -18.478002021950264 -18.478002021950264 -18.478002021950264 -18.478002021950264 -18.478002021950264
12.964824120603014 -18.465401723474976 -18.465401723474976 -18.465401723474976 -18.465401723474976 -18.465401723474976 -18.465401723474976 -18.465401723474976 -18.465401723474976 -18.465401723474976 -18.465401723474976 -18.465401723474976 -18.465401723474976 -18.465401723474976 -18.465401723474976 -18.465401723474976 -18.465401723474976 -18.465401723474976 -18.465401723474976 -18.465401723474976 -18.465401723474976 -18.465401723474976 -18.465401723474976 -18.465401723474976 -18.465401723474976 -18.465401723474976 -18.465401723474976 -18.465401723474976 -18.465401723474976 -18.465401723474976
13.040201005025125 -18.452801424999688 -18.452801424999688 -18.452801424999688 -18.452801424999688 -18.452801424999688 -18.452801424999688 -18.452801424999688 -18.452801424999688 -18.452801424999688 -18.452801424999688 -18.452801424999688 -18.452801424999688 -18.452801424999688 -18.452801424999688 -18.452801424999688 -18.452801424999688 -18.452801424999688 -18.452801424999688 -18.452801424999688 -18.452801424999688 -18.452801424999688 -18.452801424999688 -18.452801424999688 -18.452801424999688 -18.452801424999688 -18.452801424999688 -18.452801424999688 -18.452801424999688 -18.452801424999688
13.115577889447234 -18.4402011265244 -18.4402011265244 -18.4402011265244 -18.4402011265244 -18.4402011265244 -18.4402011265244 -18.4402011265244 -18.4402011265244 -18.4402011265244 -18.4402011265244 -18.4402011265244 -18.4402011265244 -18.4402011265244 -18.4402011265244 -18.4402011265244 -18.4402011265244 -18.4402011265244 -18.4402011265244 -18.4402011265244 -18.4402011265244 -18.4402011265244 -18.4402011265244 -18.4402011265244 -18.4402011265244 -18.4402011265244 -18.4402011265244 -18.4402011265244 -18.4402011265244 -18.4402011265244
13.190954773869345 -18.427600828049112 -18.427600828049112 -18.427600828049112 -18.427600828049112 -18.427600828049112 -18.427600828049112 -18.427600828049112 -18.427600828049112 -18.427600828049112 -18.427600828049112 -18.427600828049112 -18.427600828049112 -18.427600828049112 -18.427600828049112 -18.427600828049112 -18.427600828049112 -18.427600828049112 -18.427600828049112 -18.427600828049112 -18.427600828049112 -18.427600828049112 -18.427600828049112 -18.427600828049112 -18.427600828049112 -18.427600828049112 -18.427600828049112 -18.427600828049112 -18.427600828049112 -18.427600828049112
13.266331658291456 -18.415000529573824 -18.415000529573824 -18.415000529573824 -18.415000529573824 -18.415000529573824 -18.415000529573824 -18.415000529573824 -18.415000529573824 -18.415000529573824 -18.415000529573824 -18.415000529573824 -18.415000529573824 -18.415000529573824 -18.415000529573824 -18.415000529573824 -18.415000529573824 -18.415000529573824 -18.415000529573824 -18.415000529573824 -18.415000529573824 -18.415000529573824 -18.415000529573824 -18.415000529573824 -18.415000529573824 -18.415000529573824 -18.415000529573824 -18.415000529573824 -18.415000529573824 -18.415000529573824
13.341708542713567 -18.402400231098536 -18.402400231098536 -18.402400231098536 -18.402400231098536 -18.402400231098536 -18.402400231098536 -18.402400231098536 -18.402400231098536 -18.402400231098536 -18.402400231098536 -18.402400231098536 -18.402400231098536 -18.402400231098536 -18.402400231098536 -18.402400231098536 -18.402400231098536 -18.402400231098536 -18.402400231098536 -18.402400231098536 -18.402400231098536 -18.402400231098536 -18.402400231098536 -18.402400231098536 -18.402400231098536 -18.402400231098536 -18.402400231098536 -18.402400231098536 -18.402400231098536 -18.402400231098536
13.417085427135678 -18.389799932623248 -18.389799932623248 -18.389799932623248 -18.389799932623248 -18.389799932623248 -18.389799932623248 -18.389799932623248 -18.389799932623248 -18.389799932623248 -18.389799932623248 -18.389799932623248 -18.389799932623248 -18.389799932623248 -18.389799932623248 -18.389799932623248 -18.389799932623248 -18.389799932623248 -18.389799932623248 -18.389799932623248 -18.389799932623248 -18.389799932623248 -18.389799932623248 -18.389799932623248 -18.389799932623248 -18.389799932623248 -18.389799932623248 -18.389799932623248 -18.389799932623248 -18.389799932623248
13.492462311557787 -18.37719963414796 -18.37719963414796 -18.37719963414796 -18.37719963414796 -18.37719963414796 -18.37719963414796 -18.37719963414796 -18.37719963414796 -18.37719963414796 -18.37719963414796 -18.37719963414796 -18.37719963414796 -18.37719963414796 -18.37719963414796 -18.37719963414796 -18.37719963414796 -18.37719963414796 -18.37719963414796 -18.37719963414796 -18.37719963414796 -18.37719963414796 -18.37719963414796 -18.37719963414796 -18.37719963414796 -18.37719963414796 -18.37719963414796 -18.37719963414796 -18.37719963414796 -18.37719963414796
13.567839195979898 -18.364599335672672 -18.364599335672672 -18.364599335672672 -18.364599335672672 -18.364599335672672 -18.364599335672672 -18.364599335672672 -18.364599335672672 -18.364599335672672 -18.364599335672672 -18.364599335672672 -18.364599335672672 -18.364599335672672 -18.364599335672672 -18.364599335672672 -18.364599335672672 -18.364599335672672 -18.364599335672672 -18.364599335672672 -18.364599335672672 -18.364599335672672 -18.364599335672672 -18.364599335672672 -18.364599335672672 -18.364599335672672 -18.364599335672672 -18.364599335672672 -18.364599335672672 -18.364599335672672
13.64321608040201 -18.351999037197384 -18.351999037197384 -18.351999037197384 -18.351999037197384 -18.351999037197384 -18.351999037197384 -18.351999037197384 -18.351999037197384 -18.351999037197384 -18.351999037197384 -18.351999037197384 -18.351999037197384 -18.351999037197384 -18.351999037197384 -18.351999037197384 -18.351999037197384 -18.351999037197384 -18.351999037197384 -18.351999037197384 -18.351999037197384 -18.351999037197384 -18.351999037197384 -18.351999037197384 -18.351999037197384 -18.351999037197384 -18.351999037197384 -18.351999037197384 -18.351999037197384 -18.351999037197384
13.718592964824118 -18.339398738722096 -18.339398738722096 -18.339398738722096 -18.339398738722096 -18.339398738722096 -18.339398738722096 -18.339398738722096 -18.339398738722096 -18.339398738722096 -18.339398738722096 -18.339398738722096 -18.339398738722096 -18.339398738722096 -18.339398738722096 -18.339398738722096 -18.339398738722096 -18.339398738722096 -18.339398738722096 -18.339398738722096 -18.339398738722096 -18.339398738722096 -18.339398738722096 -18.339398738722096 -18.339398738722096 -18.339398738722096 -18.339398738722096 -18.339398738722096 -18.339398738722096 -18.339398738722096
13.79396984924623 -18.32679844024681 -18.32679844024681 -18.32679844024681 -18.32679844024681 -18.32679844024681 -18.32679844024681 -18.32679844024681 -18.32679844024681 -18.32679844024681 -18.32679844024681 -18.32679844024681 -18.32679844024681 -18.32679844024681 -18.32679844024681 -18.32679844024681 -18.32679844024681 -18.32679844024681 -18.32679844024681 -18.32679844024681 -18.32679844024681 -18.32679844024681 -18.32679844024681 -18.32679844024681 -18.32679844024681 -18.32679844024681 -18.32679844024681 -18.32679844024681 -18.32679844024681 -18.32679844024681
13.86934673366834 -18.31419814177152 -18.31419814177152 -18.31419814177152 -18.31419814177152 -18.31419814177152 -18.31419814177152 -18.31419814177152 -18.31419814177152 -18.31419814177152 -18.31419814177152 -18.31419814177152 -18.31419814177152 -18.31419814177152 -18.31419814177152 -18.31419814177152 -18.31419814177152 -18.31419814177152 -18.31419814177152 -18.31419814177152 -18.31419814177152 -18.31419814177152 -18.31419814177152 -18.31419814177152 -18.31419814177152 -18.31419814177152 -18.31419814177152 -18.31419814177152 -18.31419814177152 -18.31419814177152
13.944723618090451 -18.301597843296236 -18.301597843296236 -18.301597843296236 -18.301597843296236 -18.301597843296236 -18.301597843296236 -18.301597843296236 -18.301597843296236 -18.301597843296236 -18.301597843296236 -18.301597843296236 -18.301597843296236 -18.301597843296236 -18.301597843296236 -18.301597843296236 -18.301597843296236 -18.301597843296236 -18.301597843296236 -18.301597843296236 -18.301597843296236 -18.301597843296236 -18.301597843296236 -18.301597843296236 -18.301597843296236 -18.301597843296236 -18.301597843296236 -18.301597843296236 -18.301597843296236 -18.301597843296236
14.020100502512562 -18.288997544820944 -18.288997544820944 -18.288997544820944 -18.288997544820944 -18.288997544820944 -18.288997544820944 -18.288997544820944 -18.288997544820944 -18.288997544820944 -18.288997544820944 -18.288997544820944 -18.288997544820944 -18.288997544820944 -18.288997544820944 -18.288997544820944 -18.288997544820944 -18.288997544820944 -18.288997544820944 -18.288997544820944 -18.288997544820944 -18.288997544820944 -18.288997544820944 -18.288997544820944 -18.288997544820944 -18.288997544820944 -18.288997544820944 -18.288997544820944 -18.288997544820944 -18.288997544820944
14.095477386934672 -18.27639724634566 -18.27639724634566 -18.27639724634566 -18.27639724634566 -18.27639724634566 -18.27639724634566 -18.27639724634566 -18.27639724634566 -18.27639724634566 -18.27639724634566 -18.27639724634566 -18.27639724634566 -18.27639724634566 -18.27639724634566 -18.27639724634566 -18.27639724634566 -18.27639724634566 -18.27639724634566 -18.27639724634566 -18.27639724634566 -18.27639724634566 -18.27639724634566 -18.27639724634566 -18.27639724634566 -18.27639724634566 -18.27639724634566 -18.27639724634566 -18.27639724634566 -18.27639724634566
14.170854271356783 -18.26379694787037 -18.26379694787037 -18.26379694787037 -18.26379694787037 -18.26379694787037 -18.26379694787037 -18.26379694787037 -18.26379694787037 -18.26379694787037 -18.26379694787037 -18.26379694787037 -18.26379694787037 -18.26379694787037 -18.26379694787037 -18.26379694787037 -18.26379694787037 -18.26379694787037 -18.26379694787037 -18.26379694787037 -18.26379694787037 -18.26379694787037 -18.26379694787037 -18.26379694787037 -18.26379694787037 -18.26379694787037 -18.26379694787037 -18.26379694787037 -18.26379694787037 -18.26379694787037
