web/models/linear/96/-20_633_0_077.dat
# %ECSV 1.0
# ---
# datatype:
# - {name: time, datatype: float64}
# - {name: swift_uvot_uvw2, datatype: float64}
# - {name: swift_uvot_uvm2, datatype: float64}
# - {name: swift_uvot_uvw1, datatype: float64}
# - {name: swift_uvot_U, datatype: float64}
# - {name: swift_uvot_B, datatype: float64}
# - {name: swift_uvot_V, datatype: float64}
# - {name: swift_uvot_W, datatype: float64}
# - {name: johnson_U, datatype: float64}
# - {name: johnson_B, datatype: float64}
# - {name: johnson_V, datatype: float64}
# - {name: johnson_R, datatype: float64}
# - {name: johnson_I, datatype: float64}
# - {name: sdss_u, datatype: float64}
# - {name: sdss_g, datatype: float64}
# - {name: sdss_r, datatype: float64}
# - {name: sdss_i, datatype: float64}
# - {name: sdss_z, datatype: float64}
# - {name: PS1_g, datatype: float64}
# - {name: PS1_r, datatype: float64}
# - {name: PS1_i, datatype: float64}
# - {name: PS1_z, datatype: float64}
# - {name: PS1_Y, datatype: float64}
# - {name: PS1_w, datatype: float64}
# - {name: ATLAS_c, datatype: float64}
# - {name: ATLAS_o, datatype: float64}
# - {name: ukirt_J, datatype: float64}
# - {name: ukirt_H, datatype: float64}
# - {name: ukirt_K, datatype: float64}
# - {name: Clear, datatype: float64}
# meta: !!omap
# - comment: [M=-20.632653061224488, dM=0.07696669794067013]
# schema: astropy-2.0
time swift_uvot_uvw2 swift_uvot_uvm2 swift_uvot_uvw1 swift_uvot_U swift_uvot_B swift_uvot_V swift_uvot_W johnson_U johnson_B johnson_V johnson_R johnson_I sdss_u sdss_g sdss_r sdss_i sdss_z PS1_g PS1_r PS1_i PS1_z PS1_Y PS1_w ATLAS_c ATLAS_o ukirt_J ukirt_H ukirt_K Clear
[from data line 28]
2.1105527638190953 -20.470210784163775 -20.470210784163775 -20.470210784163775 -20.470210784163775 -20.470210784163775 -20.470210784163775 -20.470210784163775 -20.470210784163775 -20.470210784163775 -20.470210784163775 -20.470210784163775 -20.470210784163775 -20.470210784163775 -20.470210784163775 -20.470210784163775 -20.470210784163775 -20.470210784163775 -20.470210784163775 -20.470210784163775 -20.470210784163775 -20.470210784163775 -20.470210784163775 -20.470210784163775 -20.470210784163775 -20.470210784163775 -20.470210784163775 -20.470210784163775 -20.470210784163775 -20.470210784163775
2.185929648241206 -20.464409274268753 -20.464409274268753 -20.464409274268753 -20.464409274268753 -20.464409274268753 -20.464409274268753 -20.464409274268753 -20.464409274268753 -20.464409274268753 -20.464409274268753 -20.464409274268753 -20.464409274268753 -20.464409274268753 -20.464409274268753 -20.464409274268753 -20.464409274268753 -20.464409274268753 -20.464409274268753 -20.464409274268753 -20.464409274268753 -20.464409274268753 -20.464409274268753 -20.464409274268753 -20.464409274268753 -20.464409274268753 -20.464409274268753 -20.464409274268753 -20.464409274268753 -20.464409274268753
2.2613065326633164 -20.458607764373728 -20.458607764373728 -20.458607764373728 -20.458607764373728 -20.458607764373728 -20.458607764373728 -20.458607764373728 -20.458607764373728 -20.458607764373728 -20.458607764373728 -20.458607764373728 -20.458607764373728 -20.458607764373728 -20.458607764373728 -20.458607764373728 -20.458607764373728 -20.458607764373728 -20.458607764373728 -20.458607764373728 -20.458607764373728 -20.458607764373728 -20.458607764373728 -20.458607764373728 -20.458607764373728 -20.458607764373728 -20.458607764373728 -20.458607764373728 -20.458607764373728 -20.458607764373728
2.336683417085427 -20.452806254478702 -20.452806254478702 -20.452806254478702 -20.452806254478702 -20.452806254478702 -20.452806254478702 -20.452806254478702 -20.452806254478702 -20.452806254478702 -20.452806254478702 -20.452806254478702 -20.452806254478702 -20.452806254478702 -20.452806254478702 -20.452806254478702 -20.452806254478702 -20.452806254478702 -20.452806254478702 -20.452806254478702 -20.452806254478702 -20.452806254478702 -20.452806254478702 -20.452806254478702 -20.452806254478702 -20.452806254478702 -20.452806254478702 -20.452806254478702 -20.452806254478702 -20.452806254478702
2.4120603015075375 -20.447004744583676 -20.447004744583676 -20.447004744583676 -20.447004744583676 -20.447004744583676 -20.447004744583676 -20.447004744583676 -20.447004744583676 -20.447004744583676 -20.447004744583676 -20.447004744583676 -20.447004744583676 -20.447004744583676 -20.447004744583676 -20.447004744583676 -20.447004744583676 -20.447004744583676 -20.447004744583676 -20.447004744583676 -20.447004744583676 -20.447004744583676 -20.447004744583676 -20.447004744583676 -20.447004744583676 -20.447004744583676 -20.447004744583676 -20.447004744583676 -20.447004744583676 -20.447004744583676
2.487437185929648 -20.44120323468865 -20.44120323468865 -20.44120323468865 -20.44120323468865 -20.44120323468865 -20.44120323468865 -20.44120323468865 -20.44120323468865 -20.44120323468865 -20.44120323468865 -20.44120323468865 -20.44120323468865 -20.44120323468865 -20.44120323468865 -20.44120323468865 -20.44120323468865 -20.44120323468865 -20.44120323468865 -20.44120323468865 -20.44120323468865 -20.44120323468865 -20.44120323468865 -20.44120323468865 -20.44120323468865 -20.44120323468865 -20.44120323468865 -20.44120323468865 -20.44120323468865 -20.44120323468865
2.5628140703517586 -20.435401724793625 -20.435401724793625 -20.435401724793625 -20.435401724793625 -20.435401724793625 -20.435401724793625 -20.435401724793625 -20.435401724793625 -20.435401724793625 -20.435401724793625 -20.435401724793625 -20.435401724793625 -20.435401724793625 -20.435401724793625 -20.435401724793625 -20.435401724793625 -20.435401724793625 -20.435401724793625 -20.435401724793625 -20.435401724793625 -20.435401724793625 -20.435401724793625 -20.435401724793625 -20.435401724793625 -20.435401724793625 -20.435401724793625 -20.435401724793625 -20.435401724793625 -20.435401724793625
2.638190954773869 -20.4296002148986 -20.4296002148986 -20.4296002148986 -20.4296002148986 -20.4296002148986 -20.4296002148986 -20.4296002148986 -20.4296002148986 -20.4296002148986 -20.4296002148986 -20.4296002148986 -20.4296002148986 -20.4296002148986 -20.4296002148986 -20.4296002148986 -20.4296002148986 -20.4296002148986 -20.4296002148986 -20.4296002148986 -20.4296002148986 -20.4296002148986 -20.4296002148986 -20.4296002148986 -20.4296002148986 -20.4296002148986 -20.4296002148986 -20.4296002148986 -20.4296002148986 -20.4296002148986
2.7135678391959797 -20.423798705003573 -20.423798705003573 -20.423798705003573 -20.423798705003573 -20.423798705003573 -20.423798705003573 -20.423798705003573 -20.423798705003573 -20.423798705003573 -20.423798705003573 -20.423798705003573 -20.423798705003573 -20.423798705003573 -20.423798705003573 -20.423798705003573 -20.423798705003573 -20.423798705003573 -20.423798705003573 -20.423798705003573 -20.423798705003573 -20.423798705003573 -20.423798705003573 -20.423798705003573 -20.423798705003573 -20.423798705003573 -20.423798705003573 -20.423798705003573 -20.423798705003573 -20.423798705003573
2.78894472361809 -20.417997195108548 -20.417997195108548 -20.417997195108548 -20.417997195108548 -20.417997195108548 -20.417997195108548 -20.417997195108548 -20.417997195108548 -20.417997195108548 -20.417997195108548 -20.417997195108548 -20.417997195108548 -20.417997195108548 -20.417997195108548 -20.417997195108548 -20.417997195108548 -20.417997195108548 -20.417997195108548 -20.417997195108548 -20.417997195108548 -20.417997195108548 -20.417997195108548 -20.417997195108548 -20.417997195108548 -20.417997195108548 -20.417997195108548 -20.417997195108548 -20.417997195108548 -20.417997195108548
2.8643216080402008 -20.412195685213522 -20.412195685213522 -20.412195685213522 -20.412195685213522 -20.412195685213522 -20.412195685213522 -20.412195685213522 -20.412195685213522 -20.412195685213522 -20.412195685213522 -20.412195685213522 -20.412195685213522 -20.412195685213522 -20.412195685213522 -20.412195685213522 -20.412195685213522 -20.412195685213522 -20.412195685213522 -20.412195685213522 -20.412195685213522 -20.412195685213522 -20.412195685213522 -20.412195685213522 -20.412195685213522 -20.412195685213522 -20.412195685213522 -20.412195685213522 -20.412195685213522 -20.412195685213522
2.9396984924623113 -20.406394175318496 -20.406394175318496 -20.406394175318496 -20.406394175318496 -20.406394175318496 -20.406394175318496 -20.406394175318496 -20.406394175318496 -20.406394175318496 -20.406394175318496 -20.406394175318496 -20.406394175318496 -20.406394175318496 -20.406394175318496 -20.406394175318496 -20.406394175318496 -20.406394175318496 -20.406394175318496 -20.406394175318496 -20.406394175318496 -20.406394175318496 -20.406394175318496 -20.406394175318496 -20.406394175318496 -20.406394175318496 -20.406394175318496 -20.406394175318496 -20.406394175318496 -20.406394175318496
3.015075376884422 -20.400592665423474 -20.400592665423474 -20.400592665423474 -20.400592665423474 -20.400592665423474 -20.400592665423474 -20.400592665423474 -20.400592665423474 -20.400592665423474 -20.400592665423474 -20.400592665423474 -20.400592665423474 -20.400592665423474 -20.400592665423474 -20.400592665423474 -20.400592665423474 -20.400592665423474 -20.400592665423474 -20.400592665423474 -20.400592665423474 -20.400592665423474 -20.400592665423474 -20.400592665423474 -20.400592665423474 -20.400592665423474 -20.400592665423474 -20.400592665423474 -20.400592665423474 -20.400592665423474
3.0904522613065324 -20.39479115552845 -20.39479115552845 -20.39479115552845 -20.39479115552845 -20.39479115552845 -20.39479115552845 -20.39479115552845 -20.39479115552845 -20.39479115552845 -20.39479115552845 -20.39479115552845 -20.39479115552845 -20.39479115552845 -20.39479115552845 -20.39479115552845 -20.39479115552845 -20.39479115552845 -20.39479115552845 -20.39479115552845 -20.39479115552845 -20.39479115552845 -20.39479115552845 -20.39479115552845 -20.39479115552845 -20.39479115552845 -20.39479115552845 -20.39479115552845 -20.39479115552845 -20.39479115552845
3.165829145728643 -20.388989645633423 -20.388989645633423 -20.388989645633423 -20.388989645633423 -20.388989645633423 -20.388989645633423 -20.388989645633423 -20.388989645633423 -20.388989645633423 -20.388989645633423 -20.388989645633423 -20.388989645633423 -20.388989645633423 -20.388989645633423 -20.388989645633423 -20.388989645633423 -20.388989645633423 -20.388989645633423 -20.388989645633423 -20.388989645633423 -20.388989645633423 -20.388989645633423 -20.388989645633423 -20.388989645633423 -20.388989645633423 -20.388989645633423 -20.388989645633423 -20.388989645633423 -20.388989645633423
3.2412060301507535 -20.383188135738397 -20.383188135738397 -20.383188135738397 -20.383188135738397 -20.383188135738397 -20.383188135738397 -20.383188135738397 -20.383188135738397 -20.383188135738397 -20.383188135738397 -20.383188135738397 -20.383188135738397 -20.383188135738397 -20.383188135738397 -20.383188135738397 -20.383188135738397 -20.383188135738397 -20.383188135738397 -20.383188135738397 -20.383188135738397 -20.383188135738397 -20.383188135738397 -20.383188135738397 -20.383188135738397 -20.383188135738397 -20.383188135738397 -20.383188135738397 -20.383188135738397 -20.383188135738397
3.316582914572864 -20.37738662584337 -20.37738662584337 -20.37738662584337 -20.37738662584337 -20.37738662584337 -20.37738662584337 -20.37738662584337 -20.37738662584337 -20.37738662584337 -20.37738662584337 -20.37738662584337 -20.37738662584337 -20.37738662584337 -20.37738662584337 -20.37738662584337 -20.37738662584337 -20.37738662584337 -20.37738662584337 -20.37738662584337 -20.37738662584337 -20.37738662584337 -20.37738662584337 -20.37738662584337 -20.37738662584337 -20.37738662584337 -20.37738662584337 -20.37738662584337 -20.37738662584337 -20.37738662584337
3.3919597989949746 -20.371585115948346 -20.371585115948346 -20.371585115948346 -20.371585115948346 -20.371585115948346 -20.371585115948346 -20.371585115948346 -20.371585115948346 -20.371585115948346 -20.371585115948346 -20.371585115948346 -20.371585115948346 -20.371585115948346 -20.371585115948346 -20.371585115948346 -20.371585115948346 -20.371585115948346 -20.371585115948346 -20.371585115948346 -20.371585115948346 -20.371585115948346 -20.371585115948346 -20.371585115948346 -20.371585115948346 -20.371585115948346 -20.371585115948346 -20.371585115948346 -20.371585115948346 -20.371585115948346
3.467336683417085 -20.36578360605332 -20.36578360605332 -20.36578360605332 -20.36578360605332 -20.36578360605332 -20.36578360605332 -20.36578360605332 -20.36578360605332 -20.36578360605332 -20.36578360605332 -20.36578360605332 -20.36578360605332 -20.36578360605332 -20.36578360605332 -20.36578360605332 -20.36578360605332 -20.36578360605332 -20.36578360605332 -20.36578360605332 -20.36578360605332 -20.36578360605332 -20.36578360605332 -20.36578360605332 -20.36578360605332 -20.36578360605332 -20.36578360605332 -20.36578360605332 -20.36578360605332 -20.36578360605332
3.5427135678391957 -20.359982096158294 -20.359982096158294 -20.359982096158294 -20.359982096158294 -20.359982096158294 -20.359982096158294 -20.359982096158294 -20.359982096158294 -20.359982096158294 -20.359982096158294 -20.359982096158294 -20.359982096158294 -20.359982096158294 -20.359982096158294 -20.359982096158294 -20.359982096158294 -20.359982096158294 -20.359982096158294 -20.359982096158294 -20.359982096158294 -20.359982096158294 -20.359982096158294 -20.359982096158294 -20.359982096158294 -20.359982096158294 -20.359982096158294 -20.359982096158294 -20.359982096158294 -20.359982096158294
3.618090452261306 -20.35418058626327 -20.35418058626327 -20.35418058626327 -20.35418058626327 -20.35418058626327 -20.35418058626327 -20.35418058626327 -20.35418058626327 -20.35418058626327 -20.35418058626327 -20.35418058626327 -20.35418058626327 -20.35418058626327 -20.35418058626327 -20.35418058626327 -20.35418058626327 -20.35418058626327 -20.35418058626327 -20.35418058626327 -20.35418058626327 -20.35418058626327 -20.35418058626327 -20.35418058626327 -20.35418058626327 -20.35418058626327 -20.35418058626327 -20.35418058626327 -20.35418058626327 -20.35418058626327
3.6934673366834168 -20.348379076368243 -20.348379076368243 -20.348379076368243 -20.348379076368243 -20.348379076368243 -20.348379076368243 -20.348379076368243 -20.348379076368243 -20.348379076368243 -20.348379076368243 -20.348379076368243 -20.348379076368243 -20.348379076368243 -20.348379076368243 -20.348379076368243 -20.348379076368243 -20.348379076368243 -20.348379076368243 -20.348379076368243 -20.348379076368243 -20.348379076368243 -20.348379076368243 -20.348379076368243 -20.348379076368243 -20.348379076368243 -20.348379076368243 -20.348379076368243 -20.348379076368243 -20.348379076368243
3.7688442211055273 -20.342577566473217 -20.342577566473217 -20.342577566473217 -20.342577566473217 -20.342577566473217 -20.342577566473217 -20.342577566473217 -20.342577566473217 -20.342577566473217 -20.342577566473217 -20.342577566473217 -20.342577566473217 -20.342577566473217 -20.342577566473217 -20.342577566473217 -20.342577566473217 -20.342577566473217 -20.342577566473217 -20.342577566473217 -20.342577566473217 -20.342577566473217 -20.342577566473217 -20.342577566473217 -20.342577566473217 -20.342577566473217 -20.342577566473217 -20.342577566473217 -20.342577566473217 -20.342577566473217
3.844221105527638 -20.336776056578195 -20.336776056578195 -20.336776056578195 -20.336776056578195 -20.336776056578195 -20.336776056578195 -20.336776056578195 -20.336776056578195 -20.336776056578195 -20.336776056578195 -20.336776056578195 -20.336776056578195 -20.336776056578195 -20.336776056578195 -20.336776056578195 -20.336776056578195 -20.336776056578195 -20.336776056578195 -20.336776056578195 -20.336776056578195 -20.336776056578195 -20.336776056578195 -20.336776056578195 -20.336776056578195 -20.336776056578195 -20.336776056578195 -20.336776056578195 -20.336776056578195 -20.336776056578195
3.9195979899497484 -20.33097454668317 -20.33097454668317 -20.33097454668317 -20.33097454668317 -20.33097454668317 -20.33097454668317 -20.33097454668317 -20.33097454668317 -20.33097454668317 -20.33097454668317 -20.33097454668317 -20.33097454668317 -20.33097454668317 -20.33097454668317 -20.33097454668317 -20.33097454668317 -20.33097454668317 -20.33097454668317 -20.33097454668317 -20.33097454668317 -20.33097454668317 -20.33097454668317 -20.33097454668317 -20.33097454668317 -20.33097454668317 -20.33097454668317 -20.33097454668317 -20.33097454668317 -20.33097454668317
3.994974874371859 -20.325173036788144 -20.325173036788144 -20.325173036788144 -20.325173036788144 -20.325173036788144 -20.325173036788144 -20.325173036788144 -20.325173036788144 -20.325173036788144 -20.325173036788144 -20.325173036788144 -20.325173036788144 -20.325173036788144 -20.325173036788144 -20.325173036788144 -20.325173036788144 -20.325173036788144 -20.325173036788144 -20.325173036788144 -20.325173036788144 -20.325173036788144 -20.325173036788144 -20.325173036788144 -20.325173036788144 -20.325173036788144 -20.325173036788144 -20.325173036788144 -20.325173036788144 -20.325173036788144
