web/models/linear/96/-20_633_2_000.dat
# %ECSV 1.0
# ---
# datatype:
# - {name: time, datatype: float64}
# - {name: sdss_u, datatype: float64}
# - {name: sdss_g, datatype: float64}
# - {name: sdss_r, datatype: float64}
# - {name: sdss_i, datatype: float64}
# - {name: sdss_z, datatype: float64}
# - {name: Clear, datatype: float64}
# - {name: johnson_B, datatype: float64}
# - {name: johnson_V, datatype: float64}
# - {name: johnson_R, datatype: float64}
# - {name: johnson_I, datatype: float64}
# - {name: ukirt_J, datatype: float64}
# - {name: ukirt_H, datatype: float64}
# - {name: ukirt_K, datatype: float64}
# meta: !!omap
# - comment: [M=-20.632653061224488, dM=2.0]
# schema: astropy-2.0
time sdss_u sdss_g sdss_r sdss_i sdss_z Clear johnson_B johnson_V johnson_R johnson_I ukirt_J ukirt_H ukirt_K
[from data line 179]
13.492462311557787 6.3522715618910865 6.3522715618910865 6.3522715618910865 6.3522715618910865 6.3522715618910865 6.3522715618910865 6.3522715618910865 6.3522715618910865 6.3522715618910865 6.3522715618910865 6.3522715618910865 6.3522715618910865 6.3522715618910865
13.567839195979898 6.5030253307353085 6.5030253307353085 6.5030253307353085 6.5030253307353085 6.5030253307353085 6.5030253307353085 6.5030253307353085 6.5030253307353085 6.5030253307353085 6.5030253307353085 6.5030253307353085 6.5030253307353085 6.5030253307353085
13.64321608040201 6.6537790995795305 6.6537790995795305 6.6537790995795305 6.6537790995795305 6.6537790995795305 6.6537790995795305 6.6537790995795305 6.6537790995795305 6.6537790995795305 6.6537790995795305 6.6537790995795305 6.6537790995795305 6.6537790995795305
13.718592964824118 6.804532868423749 6.804532868423749 6.804532868423749 6.804532868423749 6.804532868423749 6.804532868423749 6.804532868423749 6.804532868423749 6.804532868423749 6.804532868423749 6.804532868423749 6.804532868423749 6.804532868423749
13.79396984924623 6.955286637267971 6.955286637267971 6.955286637267971 6.955286637267971 6.955286637267971 6.955286637267971 6.955286637267971 6.955286637267971 6.955286637267971 6.955286637267971 6.955286637267971 6.955286637267971 6.955286637267971
13.86934673366834 7.106040406112193 7.106040406112193 7.106040406112193 7.106040406112193 7.106040406112193 7.106040406112193 7.106040406112193 7.106040406112193 7.106040406112193 7.106040406112193 7.106040406112193 7.106040406112193 7.106040406112193
13.944723618090451 7.256794174956415 7.256794174956415 7.256794174956415 7.256794174956415 7.256794174956415 7.256794174956415 7.256794174956415 7.256794174956415 7.256794174956415 7.256794174956415 7.256794174956415 7.256794174956415 7.256794174956415
14.020100502512562 7.407547943800637 7.407547943800637 7.407547943800637 7.407547943800637 7.407547943800637 7.407547943800637 7.407547943800637 7.407547943800637 7.407547943800637 7.407547943800637 7.407547943800637 7.407547943800637 7.407547943800637
14.095477386934672 7.558301712644855 7.558301712644855 7.558301712644855 7.558301712644855 7.558301712644855 7.558301712644855 7.558301712644855 7.558301712644855 7.558301712644855 7.558301712644855 7.558301712644855 7.558301712644855 7.558301712644855
14.170854271356783 7.709055481489077 7.709055481489077 7.709055481489077 7.709055481489077 7.709055481489077 7.709055481489077 7.709055481489077 7.709055481489077 7.709055481489077 7.709055481489077 7.709055481489077 7.709055481489077 7.709055481489077
14.246231155778894 7.859809250333299 7.859809250333299 7.859809250333299 7.859809250333299 7.859809250333299 7.859809250333299 7.859809250333299 7.859809250333299 7.859809250333299 7.859809250333299 7.859809250333299 7.859809250333299 7.859809250333299
14.321608040201003 8.010563019177518 8.010563019177518 8.010563019177518 8.010563019177518 8.010563019177518 8.010563019177518 8.010563019177518 8.010563019177518 8.010563019177518 8.010563019177518 8.010563019177518 8.010563019177518 8.010563019177518
14.396984924623114 8.16131678802174 8.16131678802174 8.16131678802174 8.16131678802174 8.16131678802174 8.16131678802174 8.16131678802174 8.16131678802174 8.16131678802174 8.16131678802174 8.16131678802174 8.16131678802174 8.16131678802174
14.472361809045225 8.312070556865962 8.312070556865962 8.312070556865962 8.312070556865962 8.312070556865962 8.312070556865962 8.312070556865962 8.312070556865962 8.312070556865962 8.312070556865962 8.312070556865962 8.312070556865962 8.312070556865962
14.547738693467336 8.462824325710184 8.462824325710184 8.462824325710184 8.462824325710184 8.462824325710184 8.462824325710184 8.462824325710184 8.462824325710184 8.462824325710184 8.462824325710184 8.462824325710184 8.462824325710184 8.462824325710184
14.623115577889447 8.613578094554406 8.613578094554406 8.613578094554406 8.613578094554406 8.613578094554406 8.613578094554406 8.613578094554406 8.613578094554406 8.613578094554406 8.613578094554406 8.613578094554406 8.613578094554406 8.613578094554406
14.698492462311556 8.764331863398624 8.764331863398624 8.764331863398624 8.764331863398624 8.764331863398624 8.764331863398624 8.764331863398624 8.764331863398624 8.764331863398624 8.764331863398624 8.764331863398624 8.764331863398624 8.764331863398624
14.773869346733667 8.915085632242846 8.915085632242846 8.915085632242846 8.915085632242846 8.915085632242846 8.915085632242846 8.915085632242846 8.915085632242846 8.915085632242846 8.915085632242846 8.915085632242846 8.915085632242846 8.915085632242846
14.849246231155778 9.065839401087068 9.065839401087068 9.065839401087068 9.065839401087068 9.065839401087068 9.065839401087068 9.065839401087068 9.065839401087068 9.065839401087068 9.065839401087068 9.065839401087068 9.065839401087068 9.065839401087068
14.924623115577887 9.216593169931286 9.216593169931286 9.216593169931286 9.216593169931286 9.216593169931286 9.216593169931286 9.216593169931286 9.216593169931286 9.216593169931286 9.216593169931286 9.216593169931286 9.216593169931286 9.216593169931286
15.0 9.367346938775512 9.367346938775512 9.367346938775512 9.367346938775512 9.367346938775512 9.367346938775512 9.367346938775512 9.367346938775512 9.367346938775512 9.367346938775512 9.367346938775512 9.367346938775512 9.367346938775512
