web/models/linear/96/-20_633_0_048.dat
# %ECSV 1.0
# ---
# datatype:
# - {name: time, datatype: float64}
# - {name: sdss_u, datatype: float64}
# - {name: sdss_g, datatype: float64}
# - {name: sdss_r, datatype: float64}
# - {name: sdss_i, datatype: float64}
# - {name: sdss_z, datatype: float64}
# - {name: Clear, datatype: float64}
# - {name: johnson_B, datatype: float64}
# - {name: johnson_V, datatype: float64}
# - {name: johnson_R, datatype: float64}
# - {name: johnson_I, datatype: float64}
# - {name: ukirt_J, datatype: float64}
# - {name: ukirt_H, datatype: float64}
# - {name: ukirt_K, datatype: float64}
# meta: !!omap
# - comment: [M=-20.632653061224488, dM=0.04832801721026124]
# schema: astropy-2.0
time sdss_u sdss_g sdss_r sdss_i sdss_z Clear johnson_B johnson_V johnson_R johnson_I ukirt_J ukirt_H ukirt_K
0.0 -20.632653061224488 -20.632653061224488 -20.632653061224488 -20.632653061224488 -20.632653061224488 -20.632653061224488 -20.632653061224488 -20.632653061224488 -20.632653061224488 -20.632653061224488 -20.632653061224488 -20.632653061224488 -20.632653061224488
0.07537688442211055 -20.62901024585688 -20.62901024585688 -20.62901024585688 -20.62901024585688 -20.62901024585688 -20.62901024585688 -20.62901024585688 -20.62901024585688 -20.62901024585688 -20.62901024585688 -20.62901024585688 -20.62901024585688 -20.62901024585688
0.1507537688442211 -20.625367430489273 -20.625367430489273 -20.625367430489273 -20.625367430489273 -20.625367430489273 -20.625367430489273 -20.625367430489273 -20.625367430489273 -20.625367430489273 -20.625367430489273 -20.625367430489273 -20.625367430489273 -20.625367430489273
0.22613065326633164 -20.621724615121664 -20.621724615121664 -20.621724615121664 -20.621724615121664 -20.621724615121664 -20.621724615121664 -20.621724615121664 -20.621724615121664 -20.621724615121664 -20.621724615121664 -20.621724615121664 -20.621724615121664 -20.621724615121664
0.3015075376884422 -20.61808179975406 -20.61808179975406 -20.61808179975406 -20.61808179975406 -20.61808179975406 -20.61808179975406 -20.61808179975406 -20.61808179975406 -20.61808179975406 -20.61808179975406 -20.61808179975406 -20.61808179975406 -20.61808179975406
0.37688442211055273 -20.61443898438645 -20.61443898438645 -20.61443898438645 -20.61443898438645 -20.61443898438645 -20.61443898438645 -20.61443898438645 -20.61443898438645 -20.61443898438645 -20.61443898438645 -20.61443898438645 -20.61443898438645 -20.61443898438645
0.4522613065326633 -20.610796169018844 -20.610796169018844 -20.610796169018844 -20.610796169018844 -20.610796169018844 -20.610796169018844 -20.610796169018844 -20.610796169018844 -20.610796169018844 -20.610796169018844 -20.610796169018844 -20.610796169018844 -20.610796169018844
0.5276381909547738 -20.607153353651235 -20.607153353651235 -20.607153353651235 -20.607153353651235 -20.607153353651235 -20.607153353651235 -20.607153353651235 -20.607153353651235 -20.607153353651235 -20.607153353651235 -20.607153353651235 -20.607153353651235 -20.607153353651235
0.6030150753768844 -20.603510538283626 -20.603510538283626 -20.603510538283626 -20.603510538283626 -20.603510538283626 -20.603510538283626 -20.603510538283626 -20.603510538283626 -20.603510538283626 -20.603510538283626 -20.603510538283626 -20.603510538283626 -20.603510538283626
0.6783919597989949 -20.59986772291602 -20.59986772291602 -20.59986772291602 -20.59986772291602 -20.59986772291602 -20.59986772291602 -20.59986772291602 -20.59986772291602 -20.59986772291602 -20.59986772291602 -20.59986772291602 -20.59986772291602 -20.59986772291602
0.7537688442211055 -20.59622490754841 -20.59622490754841 -20.59622490754841 -20.59622490754841 -20.59622490754841 -20.59622490754841 -20.59622490754841 -20.59622490754841 -20.59622490754841 -20.59622490754841 -20.59622490754841 -20.59622490754841 -20.59622490754841
0.829145728643216 -20.592582092180805 -20.592582092180805 -20.592582092180805 -20.592582092180805 -20.592582092180805 -20.592582092180805 -20.592582092180805 -20.592582092180805 -20.592582092180805 -20.592582092180805 -20.592582092180805 -20.592582092180805 -20.592582092180805
0.9045226130653266 -20.588939276813196 -20.588939276813196 -20.588939276813196 -20.588939276813196 -20.588939276813196 -20.588939276813196 -20.588939276813196 -20.588939276813196 -20.588939276813196 -20.588939276813196 -20.588939276813196 -20.588939276813196 -20.588939276813196
0.9798994974874371 -20.585296461445587 -20.585296461445587 -20.585296461445587 -20.585296461445587 -20.585296461445587 -20.585296461445587 -20.585296461445587 -20.585296461445587 -20.585296461445587 -20.585296461445587 -20.585296461445587 -20.585296461445587 -20.585296461445587
1.0552763819095476 -20.58165364607798 -20.58165364607798 -20.58165364607798 -20.58165364607798 -20.58165364607798 -20.58165364607798 -20.58165364607798 -20.58165364607798 -20.58165364607798 -20.58165364607798 -20.58165364607798 -20.58165364607798 -20.58165364607798
1.1306532663316582 -20.578010830710372 -20.578010830710372 -20.578010830710372 -20.578010830710372 -20.578010830710372 -20.578010830710372 -20.578010830710372 -20.578010830710372 -20.578010830710372 -20.578010830710372 -20.578010830710372 -20.578010830710372 -20.578010830710372
1.2060301507537687 -20.574368015342767 -20.574368015342767 -20.574368015342767 -20.574368015342767 -20.574368015342767 -20.574368015342767 -20.574368015342767 -20.574368015342767 -20.574368015342767 -20.574368015342767 -20.574368015342767 -20.574368015342767 -20.574368015342767
1.2814070351758793 -20.570725199975158 -20.570725199975158 -20.570725199975158 -20.570725199975158 -20.570725199975158 -20.570725199975158 -20.570725199975158 -20.570725199975158 -20.570725199975158 -20.570725199975158 -20.570725199975158 -20.570725199975158 -20.570725199975158
1.3567839195979898 -20.567082384607552 -20.567082384607552 -20.567082384607552 -20.567082384607552 -20.567082384607552 -20.567082384607552 -20.567082384607552 -20.567082384607552 -20.567082384607552 -20.567082384607552 -20.567082384607552 -20.567082384607552 -20.567082384607552
1.4321608040201004 -20.563439569239943 -20.563439569239943 -20.563439569239943 -20.563439569239943 -20.563439569239943 -20.563439569239943 -20.563439569239943 -20.563439569239943 -20.563439569239943 -20.563439569239943 -20.563439569239943 -20.563439569239943 -20.563439569239943
1.507537688442211 -20.559796753872334 -20.559796753872334 -20.559796753872334 -20.559796753872334 -20.559796753872334 -20.559796753872334 -20.559796753872334 -20.559796753872334 -20.559796753872334 -20.559796753872334 -20.559796753872334 -20.559796753872334 -20.559796753872334
1.5829145728643215 -20.55615393850473 -20.55615393850473 -20.55615393850473 -20.55615393850473 -20.55615393850473 -20.55615393850473 -20.55615393850473 -20.55615393850473 -20.55615393850473 -20.55615393850473 -20.55615393850473 -20.55615393850473 -20.55615393850473
1.658291457286432 -20.55251112313712 -20.55251112313712 -20.55251112313712 -20.55251112313712 -20.55251112313712 -20.55251112313712 -20.55251112313712 -20.55251112313712 -20.55251112313712 -20.55251112313712 -20.55251112313712 -20.55251112313712 -20.55251112313712
1.7336683417085426 -20.548868307769514 -20.548868307769514 -20.548868307769514 -20.548868307769514 -20.548868307769514 -20.548868307769514 -20.548868307769514 -20.548868307769514 -20.548868307769514 -20.548868307769514 -20.548868307769514 -20.548868307769514 -20.548868307769514
1.809045226130653 -20.545225492401904 -20.545225492401904 -20.545225492401904 -20.545225492401904 -20.545225492401904 -20.545225492401904 -20.545225492401904 -20.545225492401904 -20.545225492401904 -20.545225492401904 -20.545225492401904 -20.545225492401904 -20.545225492401904
1.8844221105527637 -20.5415826770343 -20.5415826770343 -20.5415826770343 -20.5415826770343 -20.5415826770343 -20.5415826770343 -20.5415826770343 -20.5415826770343 -20.5415826770343 -20.5415826770343 -20.5415826770343 -20.5415826770343 -20.5415826770343
1.9597989949748742 -20.53793986166669 -20.53793986166669 -20.53793986166669 -20.53793986166669 -20.53793986166669 -20.53793986166669 -20.53793986166669 -20.53793986166669 -20.53793986166669 -20.53793986166669 -20.53793986166669 -20.53793986166669 -20.53793986166669
2.0351758793969847 -20.53429704629908 -20.53429704629908 -20.53429704629908 -20.53429704629908 -20.53429704629908 -20.53429704629908 -20.53429704629908 -20.53429704629908 -20.53429704629908 -20.53429704629908 -20.53429704629908 -20.53429704629908 -20.53429704629908
2.1105527638190953 -20.530654230931475 -20.530654230931475 -20.530654230931475 -20.530654230931475 -20.530654230931475 -20.530654230931475 -20.530654230931475 -20.530654230931475 -20.530654230931475 -20.530654230931475 -20.530654230931475 -20.530654230931475 -20.530654230931475
2.185929648241206 -20.527011415563866 -20.527011415563866 -20.527011415563866 -20.527011415563866 -20.527011415563866 -20.527011415563866 -20.527011415563866 -20.527011415563866 -20.527011415563866 -20.527011415563866 -20.527011415563866 -20.527011415563866 -20.527011415563866
2.2613065326633164 -20.52336860019626 -20.52336860019626 -20.52336860019626 -20.52336860019626 -20.52336860019626 -20.52336860019626 -20.52336860019626 -20.52336860019626 -20.52336860019626 -20.52336860019626 -20.52336860019626 -20.52336860019626 -20.52336860019626
2.336683417085427 -20.51972578482865 -20.51972578482865 -20.51972578482865 -20.51972578482865 -20.51972578482865 -20.51972578482865 -20.51972578482865 -20.51972578482865 -20.51972578482865 -20.51972578482865 -20.51972578482865 -20.51972578482865 -20.51972578482865
2.4120603015075375 -20.516082969461046 -20.516082969461046 -20.516082969461046 -20.516082969461046 -20.516082969461046 -20.516082969461046 -20.516082969461046 -20.516082969461046 -20.516082969461046 -20.516082969461046 -20.516082969461046 -20.516082969461046 -20.516082969461046
2.487437185929648 -20.512440154093436 -20.512440154093436 -20.512440154093436 -20.512440154093436 -20.512440154093436 -20.512440154093436 -20.512440154093436 -20.512440154093436 -20.512440154093436 -20.512440154093436 -20.512440154093436 -20.512440154093436 -20.512440154093436
2.5628140703517586 -20.508797338725827 -20.508797338725827 -20.508797338725827 -20.508797338725827 -20.508797338725827 -20.508797338725827 -20.508797338725827 -20.508797338725827 -20.508797338725827 -20.508797338725827 -20.508797338725827 -20.508797338725827 -20.508797338725827
2.638190954773869 -20.50515452335822 -20.50515452335822 -20.50515452335822 -20.50515452335822 -20.50515452335822 -20.50515452335822 -20.50515452335822 -20.50515452335822 -20.50515452335822 -20.50515452335822 -20.50515452335822 -20.50515452335822 -20.50515452335822
2.7135678391959797 -20.501511707990613 -20.501511707990613 -20.501511707990613 -20.501511707990613 -20.501511707990613 -20.501511707990613 -20.501511707990613 -20.501511707990613 -20.501511707990613 -20.501511707990613 -20.501511707990613 -20.501511707990613 -20.501511707990613
2.78894472361809 -20.497868892623007 -20.497868892623007 -20.497868892623007 -20.497868892623007 -20.497868892623007 -20.497868892623007 -20.497868892623007 -20.497868892623007 -20.497868892623007 -20.497868892623007 -20.497868892623007 -20.497868892623007 -20.497868892623007
2.8643216080402008 -20.494226077255398 -20.494226077255398 -20.494226077255398 -20.494226077255398 -20.494226077255398 -20.494226077255398 -20.494226077255398 -20.494226077255398 -20.494226077255398 -20.494226077255398 -20.494226077255398 -20.494226077255398 -20.494226077255398
2.9396984924623113 -20.49058326188779 -20.49058326188779 -20.49058326188779 -20.49058326188779 -20.49058326188779 -20.49058326188779 -20.49058326188779 -20.49058326188779 -20.49058326188779 -20.49058326188779 -20.49058326188779 -20.49058326188779 -20.49058326188779
3.015075376884422 -20.486940446520183 -20.486940446520183 -20.486940446520183 -20.486940446520183 -20.486940446520183 -20.486940446520183 -20.486940446520183 -20.486940446520183 -20.486940446520183 -20.486940446520183 -20.486940446520183 -20.486940446520183 -20.486940446520183
3.0904522613065324 -20.483297631152574 -20.483297631152574 -20.483297631152574 -20.483297631152574 -20.483297631152574 -20.483297631152574 -20.483297631152574 -20.483297631152574 -20.483297631152574 -20.483297631152574 -20.483297631152574 -20.483297631152574 -20.483297631152574
3.165829145728643 -20.47965481578497 -20.47965481578497 -20.47965481578497 -20.47965481578497 -20.47965481578497 -20.47965481578497 -20.47965481578497 -20.47965481578497 -20.47965481578497 -20.47965481578497 -20.47965481578497 -20.47965481578497 -20.47965481578497
3.2412060301507535 -20.47601200041736 -20.47601200041736 -20.47601200041736 -20.47601200041736 -20.47601200041736 -20.47601200041736 -20.47601200041736 -20.47601200041736 -20.47601200041736 -20.47601200041736 -20.47601200041736 -20.47601200041736 -20.47601200041736
3.316582914572864 -20.472369185049754 -20.472369185049754 -20.472369185049754 -20.472369185049754 -20.472369185049754 -20.472369185049754 -20.472369185049754 -20.472369185049754 -20.472369185049754 -20.472369185049754 -20.472369185049754 -20.472369185049754 -20.472369185049754
3.3919597989949746 -20.468726369682145 -20.468726369682145 -20.468726369682145 -20.468726369682145 -20.468726369682145 -20.468726369682145 -20.468726369682145 -20.468726369682145 -20.468726369682145 -20.468726369682145 -20.468726369682145 -20.468726369682145 -20.468726369682145
3.467336683417085 -20.465083554314536 -20.465083554314536 -20.465083554314536 -20.465083554314536 -20.465083554314536 -20.465083554314536 -20.465083554314536 -20.465083554314536 -20.465083554314536 -20.465083554314536 -20.465083554314536 -20.465083554314536 -20.465083554314536
3.5427135678391957 -20.46144073894693 -20.46144073894693 -20.46144073894693 -20.46144073894693 -20.46144073894693 -20.46144073894693 -20.46144073894693 -20.46144073894693 -20.46144073894693 -20.46144073894693 -20.46144073894693 -20.46144073894693 -20.46144073894693
3.618090452261306 -20.45779792357932 -20.45779792357932 -20.45779792357932 -20.45779792357932 -20.45779792357932 -20.45779792357932 -20.45779792357932 -20.45779792357932 -20.45779792357932 -20.45779792357932 -20.45779792357932 -20.45779792357932 -20.45779792357932
3.6934673366834168 -20.454155108211715 -20.454155108211715 -20.454155108211715 -20.454155108211715 -20.454155108211715 -20.454155108211715 -20.454155108211715 -20.454155108211715 -20.454155108211715 -20.454155108211715 -20.454155108211715 -20.454155108211715 -20.454155108211715
3.7688442211055273 -20.450512292844106 -20.450512292844106 -20.450512292844106 -20.450512292844106 -20.450512292844106 -20.450512292844106 -20.450512292844106 -20.450512292844106 -20.450512292844106 -20.450512292844106 -20.450512292844106 -20.450512292844106 -20.450512292844106
3.844221105527638 -20.4468694774765 -20.4468694774765 -20.4468694774765 -20.4468694774765 -20.4468694774765 -20.4468694774765 -20.4468694774765 -20.4468694774765 -20.4468694774765 -20.4468694774765 -20.4468694774765 -20.4468694774765 -20.4468694774765
3.9195979899497484 -20.44322666210889 -20.44322666210889 -20.44322666210889 -20.44322666210889 -20.44322666210889 -20.44322666210889 -20.44322666210889 -20.44322666210889 -20.44322666210889 -20.44322666210889 -20.44322666210889 -20.44322666210889 -20.44322666210889
3.994974874371859 -20.439583846741282 -20.439583846741282 -20.439583846741282 -20.439583846741282 -20.439583846741282 -20.439583846741282 -20.439583846741282 -20.439583846741282 -20.439583846741282 -20.439583846741282 -20.439583846741282 -20.439583846741282 -20.439583846741282
4.0703517587939695 -20.435941031373677 -20.435941031373677 -20.435941031373677 -20.435941031373677 -20.435941031373677 -20.435941031373677 -20.435941031373677 -20.435941031373677 -20.435941031373677 -20.435941031373677 -20.435941031373677 -20.435941031373677 -20.435941031373677
4.14572864321608 -20.432298216006068 -20.432298216006068 -20.432298216006068 -20.432298216006068 -20.432298216006068 -20.432298216006068 -20.432298216006068 -20.432298216006068 -20.432298216006068 -20.432298216006068 -20.432298216006068 -20.432298216006068 -20.432298216006068
4.221105527638191 -20.428655400638462 -20.428655400638462 -20.428655400638462 -20.428655400638462 -20.428655400638462 -20.428655400638462 -20.428655400638462 -20.428655400638462 -20.428655400638462 -20.428655400638462 -20.428655400638462 -20.428655400638462 -20.428655400638462
4.296482412060302 -20.425012585270853 -20.425012585270853 -20.425012585270853 -20.425012585270853 -20.425012585270853 -20.425012585270853 -20.425012585270853 -20.425012585270853 -20.425012585270853 -20.425012585270853 -20.425012585270853 -20.425012585270853 -20.425012585270853
