web/models/linear/96/-20_633_0_123.dat
# %ECSV 1.0
# ---
# datatype:
# - {name: time, datatype: float64}
# - {name: swift_uvot_uvw2, datatype: float64}
# - {name: swift_uvot_uvm2, datatype: float64}
# - {name: swift_uvot_uvw1, datatype: float64}
# - {name: swift_uvot_U, datatype: float64}
# - {name: swift_uvot_B, datatype: float64}
# - {name: swift_uvot_V, datatype: float64}
# - {name: swift_uvot_W, datatype: float64}
# - {name: johnson_U, datatype: float64}
# - {name: johnson_B, datatype: float64}
# - {name: johnson_V, datatype: float64}
# - {name: johnson_R, datatype: float64}
# - {name: johnson_I, datatype: float64}
# - {name: sdss_u, datatype: float64}
# - {name: sdss_g, datatype: float64}
# - {name: sdss_r, datatype: float64}
# - {name: sdss_i, datatype: float64}
# - {name: sdss_z, datatype: float64}
# - {name: PS1_g, datatype: float64}
# - {name: PS1_r, datatype: float64}
# - {name: PS1_i, datatype: float64}
# - {name: PS1_z, datatype: float64}
# - {name: PS1_Y, datatype: float64}
# - {name: PS1_w, datatype: float64}
# - {name: ATLAS_c, datatype: float64}
# - {name: ATLAS_o, datatype: float64}
# - {name: ukirt_J, datatype: float64}
# - {name: ukirt_H, datatype: float64}
# - {name: ukirt_K, datatype: float64}
# - {name: Clear, datatype: float64}
# meta: !!omap
# - comment: [M=-20.632653061224488, dM=0.12257636323289027]
# schema: astropy-2.0
time swift_uvot_uvw2 swift_uvot_uvm2 swift_uvot_uvw1 swift_uvot_U swift_uvot_B swift_uvot_V swift_uvot_W johnson_U johnson_B johnson_V johnson_R johnson_I sdss_u sdss_g sdss_r sdss_i sdss_z PS1_g PS1_r PS1_i PS1_z PS1_Y PS1_w ATLAS_c ATLAS_o ukirt_J ukirt_H ukirt_K Clear
[from data line 164]
12.36180904522613 -19.117387465481222 -19.117387465481222 -19.117387465481222 -19.117387465481222 -19.117387465481222 -19.117387465481222 -19.117387465481222 -19.117387465481222 -19.117387465481222 -19.117387465481222 -19.117387465481222 -19.117387465481222 -19.117387465481222 -19.117387465481222 -19.117387465481222 -19.117387465481222 -19.117387465481222 -19.117387465481222 -19.117387465481222 -19.117387465481222 -19.117387465481222 -19.117387465481222 -19.117387465481222 -19.117387465481222 -19.117387465481222 -19.117387465481222 -19.117387465481222 -19.117387465481222 -19.117387465481222
12.43718592964824 -19.108148041116934 -19.108148041116934 -19.108148041116934 -19.108148041116934 -19.108148041116934 -19.108148041116934 -19.108148041116934 -19.108148041116934 -19.108148041116934 -19.108148041116934 -19.108148041116934 -19.108148041116934 -19.108148041116934 -19.108148041116934 -19.108148041116934 -19.108148041116934 -19.108148041116934 -19.108148041116934 -19.108148041116934 -19.108148041116934 -19.108148041116934 -19.108148041116934 -19.108148041116934 -19.108148041116934 -19.108148041116934 -19.108148041116934 -19.108148041116934 -19.108148041116934 -19.108148041116934
12.51256281407035 -19.098908616752645 -19.098908616752645 -19.098908616752645 -19.098908616752645 -19.098908616752645 -19.098908616752645 -19.098908616752645 -19.098908616752645 -19.098908616752645 -19.098908616752645 -19.098908616752645 -19.098908616752645 -19.098908616752645 -19.098908616752645 -19.098908616752645 -19.098908616752645 -19.098908616752645 -19.098908616752645 -19.098908616752645 -19.098908616752645 -19.098908616752645 -19.098908616752645 -19.098908616752645 -19.098908616752645 -19.098908616752645 -19.098908616752645 -19.098908616752645 -19.098908616752645 -19.098908616752645
12.58793969849246 -19.089669192388357 -19.089669192388357 -19.089669192388357 -19.089669192388357 -19.089669192388357 -19.089669192388357 -19.089669192388357 -19.089669192388357 -19.089669192388357 -19.089669192388357 -19.089669192388357 -19.089669192388357 -19.089669192388357 -19.089669192388357 -19.089669192388357 -19.089669192388357 -19.089669192388357 -19.089669192388357 -19.089669192388357 -19.089669192388357 -19.089669192388357 -19.089669192388357 -19.089669192388357 -19.089669192388357 -19.089669192388357 -19.089669192388357 -19.089669192388357 -19.089669192388357 -19.089669192388357
12.663316582914572 -19.080429768024068 -19.080429768024068 -19.080429768024068 -19.080429768024068 -19.080429768024068 -19.080429768024068 -19.080429768024068 -19.080429768024068 -19.080429768024068 -19.080429768024068 -19.080429768024068 -19.080429768024068 -19.080429768024068 -19.080429768024068 -19.080429768024068 -19.080429768024068 -19.080429768024068 -19.080429768024068 -19.080429768024068 -19.080429768024068 -19.080429768024068 -19.080429768024068 -19.080429768024068 -19.080429768024068 -19.080429768024068 -19.080429768024068 -19.080429768024068 -19.080429768024068 -19.080429768024068
12.738693467336683 -19.07119034365978 -19.07119034365978 -19.07119034365978 -19.07119034365978 -19.07119034365978 -19.07119034365978 -19.07119034365978 -19.07119034365978 -19.07119034365978 -19.07119034365978 -19.07119034365978 -19.07119034365978 -19.07119034365978 -19.07119034365978 -19.07119034365978 -19.07119034365978 -19.07119034365978 -19.07119034365978 -19.07119034365978 -19.07119034365978 -19.07119034365978 -19.07119034365978 -19.07119034365978 -19.07119034365978 -19.07119034365978 -19.07119034365978 -19.07119034365978 -19.07119034365978 -19.07119034365978
12.814070351758794 -19.06195091929549 -19.06195091929549 -19.06195091929549 -19.06195091929549 -19.06195091929549 -19.06195091929549 -19.06195091929549 -19.06195091929549 -19.06195091929549 -19.06195091929549 -19.06195091929549 -19.06195091929549 -19.06195091929549 -19.06195091929549 -19.06195091929549 -19.06195091929549 -19.06195091929549 -19.06195091929549 -19.06195091929549 -19.06195091929549 -19.06195091929549 -19.06195091929549 -19.06195091929549 -19.06195091929549 -19.06195091929549 -19.06195091929549 -19.06195091929549 -19.06195091929549 -19.06195091929549
12.889447236180903 -19.052711494931206 -19.052711494931206 -19.052711494931206 -19.052711494931206 -19.052711494931206 -19.052711494931206 -19.052711494931206 -19.052711494931206 -19.052711494931206 -19.052711494931206 -19.052711494931206 -19.052711494931206 -19.052711494931206 -19.052711494931206 -19.052711494931206 -19.052711494931206 -19.052711494931206 -19.052711494931206 -19.052711494931206 -19.052711494931206 -19.052711494931206 -19.052711494931206 -19.052711494931206 -19.052711494931206 -19.052711494931206 -19.052711494931206 -19.052711494931206 -19.052711494931206 -19.052711494931206
12.964824120603014 -19.043472070566917 -19.043472070566917 -19.043472070566917 -19.043472070566917 -19.043472070566917 -19.043472070566917 -19.043472070566917 -19.043472070566917 -19.043472070566917 -19.043472070566917 -19.043472070566917 -19.043472070566917 -19.043472070566917 -19.043472070566917 -19.043472070566917 -19.043472070566917 -19.043472070566917 -19.043472070566917 -19.043472070566917 -19.043472070566917 -19.043472070566917 -19.043472070566917 -19.043472070566917 -19.043472070566917 -19.043472070566917 -19.043472070566917 -19.043472070566917 -19.043472070566917 -19.043472070566917
13.040201005025125 -19.03423264620263 -19.03423264620263 -19.03423264620263 -19.03423264620263 -19.03423264620263 -19.03423264620263 -19.03423264620263 -19.03423264620263 -19.03423264620263 -19.03423264620263 -19.03423264620263 -19.03423264620263 -19.03423264620263 -19.03423264620263 -19.03423264620263 -19.03423264620263 -19.03423264620263 -19.03423264620263 -19.03423264620263 -19.03423264620263 -19.03423264620263 -19.03423264620263 -19.03423264620263 -19.03423264620263 -19.03423264620263 -19.03423264620263 -19.03423264620263 -19.03423264620263 -19.03423264620263
13.115577889447234 -19.02499322183834 -19.02499322183834 -19.02499322183834 -19.02499322183834 -19.02499322183834 -19.02499322183834 -19.02499322183834 -19.02499322183834 -19.02499322183834 -19.02499322183834 -19.02499322183834 -19.02499322183834 -19.02499322183834 -19.02499322183834 -19.02499322183834 -19.02499322183834 -19.02499322183834 -19.02499322183834 -19.02499322183834 -19.02499322183834 -19.02499322183834 -19.02499322183834 -19.02499322183834 -19.02499322183834 -19.02499322183834 -19.02499322183834 -19.02499322183834 -19.02499322183834 -19.02499322183834
13.190954773869345 -19.01575379747405 -19.01575379747405 -19.01575379747405 -19.01575379747405 -19.01575379747405 -19.01575379747405 -19.01575379747405 -19.01575379747405 -19.01575379747405 -19.01575379747405 -19.01575379747405 -19.01575379747405 -19.01575379747405 -19.01575379747405 -19.01575379747405 -19.01575379747405 -19.01575379747405 -19.01575379747405 -19.01575379747405 -19.01575379747405 -19.01575379747405 -19.01575379747405 -19.01575379747405 -19.01575379747405 -19.01575379747405 -19.01575379747405 -19.01575379747405 -19.01575379747405 -19.01575379747405
13.266331658291456 -19.006514373109763 -19.006514373109763 -19.006514373109763 -19.006514373109763 -19.006514373109763 -19.006514373109763 -19.006514373109763 -19.006514373109763 -19.006514373109763 -19.006514373109763 -19.006514373109763 -19.006514373109763 -19.006514373109763 -19.006514373109763 -19.006514373109763 -19.006514373109763 -19.006514373109763 -19.006514373109763 -19.006514373109763 -19.006514373109763 -19.006514373109763 -19.006514373109763 -19.006514373109763 -19.006514373109763 -19.006514373109763 -19.006514373109763 -19.006514373109763 -19.006514373109763 -19.006514373109763
13.341708542713567 -18.997274948745474 -18.997274948745474 -18.997274948745474 -18.997274948745474 -18.997274948745474 -18.997274948745474 -18.997274948745474 -18.997274948745474 -18.997274948745474 -18.997274948745474 -18.997274948745474 -18.997274948745474 -18.997274948745474 -18.997274948745474 -18.997274948745474 -18.997274948745474 -18.997274948745474 -18.997274948745474 -18.997274948745474 -18.997274948745474 -18.997274948745474 -18.997274948745474 -18.997274948745474 -18.997274948745474 -18.997274948745474 -18.997274948745474 -18.997274948745474 -18.997274948745474 -18.997274948745474
13.417085427135678 -18.988035524381186 -18.988035524381186 -18.988035524381186 -18.988035524381186 -18.988035524381186 -18.988035524381186 -18.988035524381186 -18.988035524381186 -18.988035524381186 -18.988035524381186 -18.988035524381186 -18.988035524381186 -18.988035524381186 -18.988035524381186 -18.988035524381186 -18.988035524381186 -18.988035524381186 -18.988035524381186 -18.988035524381186 -18.988035524381186 -18.988035524381186 -18.988035524381186 -18.988035524381186 -18.988035524381186 -18.988035524381186 -18.988035524381186 -18.988035524381186 -18.988035524381186 -18.988035524381186
13.492462311557787 -18.978796100016897 -18.978796100016897 -18.978796100016897 -18.978796100016897 -18.978796100016897 -18.978796100016897 -18.978796100016897 -18.978796100016897 -18.978796100016897 -18.978796100016897 -18.978796100016897 -18.978796100016897 -18.978796100016897 -18.978796100016897 -18.978796100016897 -18.978796100016897 -18.978796100016897 -18.978796100016897 -18.978796100016897 -18.978796100016897 -18.978796100016897 -18.978796100016897 -18.978796100016897 -18.978796100016897 -18.978796100016897 -18.978796100016897 -18.978796100016897 -18.978796100016897 -18.978796100016897
13.567839195979898 -18.969556675652612 -18.969556675652612 -18.969556675652612 -18.969556675652612 -18.969556675652612 -18.969556675652612 -18.969556675652612 -18.969556675652612 -18.969556675652612 -18.969556675652612 -18.969556675652612 -18.969556675652612 -18.969556675652612 -18.969556675652612 -18.969556675652612 -18.969556675652612 -18.969556675652612 -18.969556675652612 -18.969556675652612 -18.969556675652612 -18.969556675652612 -18.969556675652612 -18.969556675652612 -18.969556675652612 -18.969556675652612 -18.969556675652612 -18.969556675652612 -18.969556675652612 -18.969556675652612
13.64321608040201 -18.960317251288323 -18.960317251288323 -18.960317251288323 -18.960317251288323 -18.960317251288323 -18.960317251288323 -18.960317251288323 -18.960317251288323 -18.960317251288323 -18.960317251288323 -18.960317251288323 -18.960317251288323 -18.960317251288323 -18.960317251288323 -18.960317251288323 -18.960317251288323 -18.960317251288323 -18.960317251288323 -18.960317251288323 -18.960317251288323 -18.960317251288323 -18.960317251288323 -18.960317251288323 -18.960317251288323 -18.960317251288323 -18.960317251288323 -18.960317251288323 -18.960317251288323 -18.960317251288323
13.718592964824118 -18.951077826924035 -18.951077826924035 -18.951077826924035 -18.951077826924035 -18.951077826924035 -18.951077826924035 -18.951077826924035 -18.951077826924035 -18.951077826924035 -18.951077826924035 -18.951077826924035 -18.951077826924035 -18.951077826924035 -18.951077826924035 -18.951077826924035 -18.951077826924035 -18.951077826924035 -18.951077826924035 -18.951077826924035 -18.951077826924035 -18.951077826924035 -18.951077826924035 -18.951077826924035 -18.951077826924035 -18.951077826924035 -18.951077826924035 -18.951077826924035 -18.951077826924035 -18.951077826924035
13.79396984924623 -18.941838402559746 -18.941838402559746 -18.941838402559746 -18.941838402559746 -18.941838402559746 -18.941838402559746 -18.941838402559746 -18.941838402559746 -18.941838402559746 -18.941838402559746 -18.941838402559746 -18.941838402559746 -18.941838402559746 -18.941838402559746 -18.941838402559746 -18.941838402559746 -18.941838402559746 -18.941838402559746 -18.941838402559746 -18.941838402559746 -18.941838402559746 -18.941838402559746 -18.941838402559746 -18.941838402559746 -18.941838402559746 -18.941838402559746 -18.941838402559746 -18.941838402559746 -18.941838402559746
13.86934673366834 -18.932598978195458 -18.932598978195458 -18.932598978195458 -18.932598978195458 -18.932598978195458 -18.932598978195458 -18.932598978195458 -18.932598978195458 -18.932598978195458 -18.932598978195458 -18.932598978195458 -18.932598978195458 -18.932598978195458 -18.932598978195458 -18.932598978195458 -18.932598978195458 -18.932598978195458 -18.932598978195458 -18.932598978195458 -18.932598978195458 -18.932598978195458 -18.932598978195458 -18.932598978195458 -18.932598978195458 -18.932598978195458 -18.932598978195458 -18.932598978195458 -18.932598978195458 -18.932598978195458
13.944723618090451 -18.92335955383117 -18.92335955383117 -18.92335955383117 -18.92335955383117 -18.92335955383117 -18.92335955383117 -18.92335955383117 -18.92335955383117 -18.92335955383117 -18.92335955383117 -18.92335955383117 -18.92335955383117 -18.92335955383117 -18.92335955383117 -18.92335955383117 -18.92335955383117 -18.92335955383117 -18.92335955383117 -18.92335955383117 -18.92335955383117 -18.92335955383117 -18.92335955383117 -18.92335955383117 -18.92335955383117 -18.92335955383117 -18.92335955383117 -18.92335955383117 -18.92335955383117 -18.92335955383117
14.020100502512562 -18.91412012946688 -18.91412012946688 -18.91412012946688 -18.91412012946688 -18.91412012946688 -18.91412012946688 -18.91412012946688 -18.91412012946688 -18.91412012946688 -18.91412012946688 -18.91412012946688 -18.91412012946688 -18.91412012946688 -18.91412012946688 -18.91412012946688 -18.91412012946688 -18.91412012946688 -18.91412012946688 -18.91412012946688 -18.91412012946688 -18.91412012946688 -18.91412012946688 -18.91412012946688 -18.91412012946688 -18.91412012946688 -18.91412012946688 -18.91412012946688 -18.91412012946688 -18.91412012946688
14.095477386934672 -18.90488070510259 -18.90488070510259 -18.90488070510259 -18.90488070510259 -18.90488070510259 -18.90488070510259 -18.90488070510259 -18.90488070510259 -18.90488070510259 -18.90488070510259 -18.90488070510259 -18.90488070510259 -18.90488070510259 -18.90488070510259 -18.90488070510259 -18.90488070510259 -18.90488070510259 -18.90488070510259 -18.90488070510259 -18.90488070510259 -18.90488070510259 -18.90488070510259 -18.90488070510259 -18.90488070510259 -18.90488070510259 -18.90488070510259 -18.90488070510259 -18.90488070510259 -18.90488070510259
14.170854271356783 -18.895641280738303 -18.895641280738303 -18.895641280738303 -18.895641280738303 -18.895641280738303 -18.895641280738303 -18.895641280738303 -18.895641280738303 -18.895641280738303 -18.895641280738303 -18.895641280738303 -18.895641280738303 -18.895641280738303 -18.895641280738303 -18.895641280738303 -18.895641280738303 -18.895641280738303 -18.895641280738303 -18.895641280738303 -18.895641280738303 -18.895641280738303 -18.895641280738303 -18.895641280738303 -18.895641280738303 -18.895641280738303 -18.895641280738303 -18.895641280738303 -18.895641280738303 -18.895641280738303
14.246231155778894 -18.886401856374015 -18.886401856374015 -18.886401856374015 -18.886401856374015 -18.886401856374015 -18.886401856374015 -18.886401856374015 -18.886401856374015 -18.886401856374015 -18.886401856374015 -18.886401856374015 -18.886401856374015 -18.886401856374015 -18.886401856374015 -18.886401856374015 -18.886401856374015 -18.886401856374015 -18.886401856374015 -18.886401856374015 -18.886401856374015 -18.886401856374015 -18.886401856374015 -18.886401856374015 -18.886401856374015 -18.886401856374015 -18.886401856374015 -18.886401856374015 -18.886401856374015 -18.886401856374015
