web/models/linear/33/-14_939_0_004.dat
# %ECSV 1.0
# ---
# datatype:
# - {name: time, datatype: float64}
# - {name: sdss_u, datatype: float64}
# - {name: sdss_g, datatype: float64}
# - {name: sdss_r, datatype: float64}
# - {name: sdss_i, datatype: float64}
# - {name: sdss_z, datatype: float64}
# - {name: Clear, datatype: float64}
# - {name: johnson_B, datatype: float64}
# - {name: johnson_V, datatype: float64}
# - {name: johnson_R, datatype: float64}
# - {name: johnson_I, datatype: float64}
# - {name: ukirt_J, datatype: float64}
# - {name: ukirt_H, datatype: float64}
# - {name: ukirt_K, datatype: float64}
# meta: !!omap
# - comment: [M=-14.938775510204081, dM=0.004039351362401992]
# schema: astropy-2.0
time sdss_u sdss_g sdss_r sdss_i sdss_z Clear johnson_B johnson_V johnson_R johnson_I ukirt_J ukirt_H ukirt_K
[from data line 59]
4.447236180904522 -14.920811560677821 -14.920811560677821 -14.920811560677821 -14.920811560677821 -14.920811560677821 -14.920811560677821 -14.920811560677821 -14.920811560677821 -14.920811560677821 -14.920811560677821 -14.920811560677821 -14.920811560677821 -14.920811560677821
4.522613065326633 -14.920507086957038 -14.920507086957038 -14.920507086957038 -14.920507086957038 -14.920507086957038 -14.920507086957038 -14.920507086957038 -14.920507086957038 -14.920507086957038 -14.920507086957038 -14.920507086957038 -14.920507086957038 -14.920507086957038
4.597989949748744 -14.920202613236253 -14.920202613236253 -14.920202613236253 -14.920202613236253 -14.920202613236253 -14.920202613236253 -14.920202613236253 -14.920202613236253 -14.920202613236253 -14.920202613236253 -14.920202613236253 -14.920202613236253 -14.920202613236253
4.673366834170854 -14.91989813951547 -14.91989813951547 -14.91989813951547 -14.91989813951547 -14.91989813951547 -14.91989813951547 -14.91989813951547 -14.91989813951547 -14.91989813951547 -14.91989813951547 -14.91989813951547 -14.91989813951547 -14.91989813951547
4.748743718592964 -14.919593665794684 -14.919593665794684 -14.919593665794684 -14.919593665794684 -14.919593665794684 -14.919593665794684 -14.919593665794684 -14.919593665794684 -14.919593665794684 -14.919593665794684 -14.919593665794684 -14.919593665794684 -14.919593665794684
4.824120603015075 -14.9192891920739 -14.9192891920739 -14.9192891920739 -14.9192891920739 -14.9192891920739 -14.9192891920739 -14.9192891920739 -14.9192891920739 -14.9192891920739 -14.9192891920739 -14.9192891920739 -14.9192891920739 -14.9192891920739
4.899497487437186 -14.918984718353117 -14.918984718353117 -14.918984718353117 -14.918984718353117 -14.918984718353117 -14.918984718353117 -14.918984718353117 -14.918984718353117 -14.918984718353117 -14.918984718353117 -14.918984718353117 -14.918984718353117 -14.918984718353117
4.974874371859296 -14.918680244632332 -14.918680244632332 -14.918680244632332 -14.918680244632332 -14.918680244632332 -14.918680244632332 -14.918680244632332 -14.918680244632332 -14.918680244632332 -14.918680244632332 -14.918680244632332 -14.918680244632332 -14.918680244632332
5.050251256281406 -14.918375770911549 -14.918375770911549 -14.918375770911549 -14.918375770911549 -14.918375770911549 -14.918375770911549 -14.918375770911549 -14.918375770911549 -14.918375770911549 -14.918375770911549 -14.918375770911549 -14.918375770911549 -14.918375770911549
5.125628140703517 -14.918071297190764 -14.918071297190764 -14.918071297190764 -14.918071297190764 -14.918071297190764 -14.918071297190764 -14.918071297190764 -14.918071297190764 -14.918071297190764 -14.918071297190764 -14.918071297190764 -14.918071297190764 -14.918071297190764
5.201005025125628 -14.91776682346998 -14.91776682346998 -14.91776682346998 -14.91776682346998 -14.91776682346998 -14.91776682346998 -14.91776682346998 -14.91776682346998 -14.91776682346998 -14.91776682346998 -14.91776682346998 -14.91776682346998 -14.91776682346998
5.276381909547738 -14.917462349749197 -14.917462349749197 -14.917462349749197 -14.917462349749197 -14.917462349749197 -14.917462349749197 -14.917462349749197 -14.917462349749197 -14.917462349749197 -14.917462349749197 -14.917462349749197 -14.917462349749197 -14.917462349749197
5.351758793969848 -14.917157876028412 -14.917157876028412 -14.917157876028412 -14.917157876028412 -14.917157876028412 -14.917157876028412 -14.917157876028412 -14.917157876028412 -14.917157876028412 -14.917157876028412 -14.917157876028412 -14.917157876028412 -14.917157876028412
5.427135678391959 -14.916853402307629 -14.916853402307629 -14.916853402307629 -14.916853402307629 -14.916853402307629 -14.916853402307629 -14.916853402307629 -14.916853402307629 -14.916853402307629 -14.916853402307629 -14.916853402307629 -14.916853402307629 -14.916853402307629
5.50251256281407 -14.916548928586844 -14.916548928586844 -14.916548928586844 -14.916548928586844 -14.916548928586844 -14.916548928586844 -14.916548928586844 -14.916548928586844 -14.916548928586844 -14.916548928586844 -14.916548928586844 -14.916548928586844 -14.916548928586844
5.57788944723618 -14.91624445486606 -14.91624445486606 -14.91624445486606 -14.91624445486606 -14.91624445486606 -14.91624445486606 -14.91624445486606 -14.91624445486606 -14.91624445486606 -14.91624445486606 -14.91624445486606 -14.91624445486606 -14.91624445486606
5.6532663316582905 -14.915939981145277 -14.915939981145277 -14.915939981145277 -14.915939981145277 -14.915939981145277 -14.915939981145277 -14.915939981145277 -14.915939981145277 -14.915939981145277 -14.915939981145277 -14.915939981145277 -14.915939981145277 -14.915939981145277
5.7286432160804015 -14.915635507424492 -14.915635507424492 -14.915635507424492 -14.915635507424492 -14.915635507424492 -14.915635507424492 -14.915635507424492 -14.915635507424492 -14.915635507424492 -14.915635507424492 -14.915635507424492 -14.915635507424492 -14.915635507424492
5.8040201005025125 -14.915331033703708 -14.915331033703708 -14.915331033703708 -14.915331033703708 -14.915331033703708 -14.915331033703708 -14.915331033703708 -14.915331033703708 -14.915331033703708 -14.915331033703708 -14.915331033703708 -14.915331033703708 -14.915331033703708
5.879396984924623 -14.915026559982923 -14.915026559982923 -14.915026559982923 -14.915026559982923 -14.915026559982923 -14.915026559982923 -14.915026559982923 -14.915026559982923 -14.915026559982923 -14.915026559982923 -14.915026559982923 -14.915026559982923 -14.915026559982923
5.954773869346733 -14.91472208626214 -14.91472208626214 -14.91472208626214 -14.91472208626214 -14.91472208626214 -14.91472208626214 -14.91472208626214 -14.91472208626214 -14.91472208626214 -14.91472208626214 -14.91472208626214 -14.91472208626214 -14.91472208626214
6.030150753768844 -14.914417612541357 -14.914417612541357 -14.914417612541357 -14.914417612541357 -14.914417612541357 -14.914417612541357 -14.914417612541357 -14.914417612541357 -14.914417612541357 -14.914417612541357 -14.914417612541357 -14.914417612541357 -14.914417612541357
6.105527638190955 -14.914113138820571 -14.914113138820571 -14.914113138820571 -14.914113138820571 -14.914113138820571 -14.914113138820571 -14.914113138820571 -14.914113138820571 -14.914113138820571 -14.914113138820571 -14.914113138820571 -14.914113138820571 -14.914113138820571
6.180904522613065 -14.913808665099788 -14.913808665099788 -14.913808665099788 -14.913808665099788 -14.913808665099788 -14.913808665099788 -14.913808665099788 -14.913808665099788 -14.913808665099788 -14.913808665099788 -14.913808665099788 -14.913808665099788 -14.913808665099788
6.256281407035175 -14.913504191379003 -14.913504191379003 -14.913504191379003 -14.913504191379003 -14.913504191379003 -14.913504191379003 -14.913504191379003 -14.913504191379003 -14.913504191379003 -14.913504191379003 -14.913504191379003 -14.913504191379003 -14.913504191379003
6.331658291457286 -14.91319971765822 -14.91319971765822 -14.91319971765822 -14.91319971765822 -14.91319971765822 -14.91319971765822 -14.91319971765822 -14.91319971765822 -14.91319971765822 -14.91319971765822 -14.91319971765822 -14.91319971765822 -14.91319971765822
6.407035175879397 -14.912895243937436 -14.912895243937436 -14.912895243937436 -14.912895243937436 -14.912895243937436 -14.912895243937436 -14.912895243937436 -14.912895243937436 -14.912895243937436 -14.912895243937436 -14.912895243937436 -14.912895243937436 -14.912895243937436
6.482412060301507 -14.912590770216651 -14.912590770216651 -14.912590770216651 -14.912590770216651 -14.912590770216651 -14.912590770216651 -14.912590770216651 -14.912590770216651 -14.912590770216651 -14.912590770216651 -14.912590770216651 -14.912590770216651 -14.912590770216651
6.557788944723617 -14.912286296495868 -14.912286296495868 -14.912286296495868 -14.912286296495868 -14.912286296495868 -14.912286296495868 -14.912286296495868 -14.912286296495868 -14.912286296495868 -14.912286296495868 -14.912286296495868 -14.912286296495868 -14.912286296495868
6.633165829145728 -14.911981822775083 -14.911981822775083 -14.911981822775083 -14.911981822775083 -14.911981822775083 -14.911981822775083 -14.911981822775083 -14.911981822775083 -14.911981822775083 -14.911981822775083 -14.911981822775083 -14.911981822775083 -14.911981822775083
6.708542713567839 -14.9116773490543 -14.9116773490543 -14.9116773490543 -14.9116773490543 -14.9116773490543 -14.9116773490543 -14.9116773490543 -14.9116773490543 -14.9116773490543 -14.9116773490543 -14.9116773490543 -14.9116773490543 -14.9116773490543
6.783919597989949 -14.911372875333514 -14.911372875333514 -14.911372875333514 -14.911372875333514 -14.911372875333514 -14.911372875333514 -14.911372875333514 -14.911372875333514 -14.911372875333514 -14.911372875333514 -14.911372875333514 -14.911372875333514 -14.911372875333514
6.859296482412059 -14.91106840161273 -14.91106840161273 -14.91106840161273 -14.91106840161273 -14.91106840161273 -14.91106840161273 -14.91106840161273 -14.91106840161273 -14.91106840161273 -14.91106840161273 -14.91106840161273 -14.91106840161273 -14.91106840161273
6.93467336683417 -14.910763927891947 -14.910763927891947 -14.910763927891947 -14.910763927891947 -14.910763927891947 -14.910763927891947 -14.910763927891947 -14.910763927891947 -14.910763927891947 -14.910763927891947 -14.910763927891947 -14.910763927891947 -14.910763927891947
7.010050251256281 -14.910459454171162 -14.910459454171162 -14.910459454171162 -14.910459454171162 -14.910459454171162 -14.910459454171162 -14.910459454171162 -14.910459454171162 -14.910459454171162 -14.910459454171162 -14.910459454171162 -14.910459454171162 -14.910459454171162
7.085427135678391 -14.910154980450379 -14.910154980450379 -14.910154980450379 -14.910154980450379 -14.910154980450379 -14.910154980450379 -14.910154980450379 -14.910154980450379 -14.910154980450379 -14.910154980450379 -14.910154980450379 -14.910154980450379 -14.910154980450379
7.160804020100501 -14.909850506729594 -14.909850506729594 -14.909850506729594 -14.909850506729594 -14.909850506729594 -14.909850506729594 -14.909850506729594 -14.909850506729594 -14.909850506729594 -14.909850506729594 -14.909850506729594 -14.909850506729594 -14.909850506729594
7.236180904522612 -14.90954603300881 -14.90954603300881 -14.90954603300881 -14.90954603300881 -14.90954603300881 -14.90954603300881 -14.90954603300881 -14.90954603300881 -14.90954603300881 -14.90954603300881 -14.90954603300881 -14.90954603300881 -14.90954603300881
7.311557788944723 -14.909241559288027 -14.909241559288027 -14.909241559288027 -14.909241559288027 -14.909241559288027 -14.909241559288027 -14.909241559288027 -14.909241559288027 -14.909241559288027 -14.909241559288027 -14.909241559288027 -14.909241559288027 -14.909241559288027
7.3869346733668335 -14.908937085567242 -14.908937085567242 -14.908937085567242 -14.908937085567242 -14.908937085567242 -14.908937085567242 -14.908937085567242 -14.908937085567242 -14.908937085567242 -14.908937085567242 -14.908937085567242 -14.908937085567242 -14.908937085567242
7.462311557788944 -14.908632611846459 -14.908632611846459 -14.908632611846459 -14.908632611846459 -14.908632611846459 -14.908632611846459 -14.908632611846459 -14.908632611846459 -14.908632611846459 -14.908632611846459 -14.908632611846459 -14.908632611846459 -14.908632611846459
7.537688442211055 -14.908328138125674 -14.908328138125674 -14.908328138125674 -14.908328138125674 -14.908328138125674 -14.908328138125674 -14.908328138125674 -14.908328138125674 -14.908328138125674 -14.908328138125674 -14.908328138125674 -14.908328138125674 -14.908328138125674
7.613065326633166 -14.90802366440489 -14.90802366440489 -14.90802366440489 -14.90802366440489 -14.90802366440489 -14.90802366440489 -14.90802366440489 -14.90802366440489 -14.90802366440489 -14.90802366440489 -14.90802366440489 -14.90802366440489 -14.90802366440489
7.688442211055276 -14.907719190684107 -14.907719190684107 -14.907719190684107 -14.907719190684107 -14.907719190684107 -14.907719190684107 -14.907719190684107 -14.907719190684107 -14.907719190684107 -14.907719190684107 -14.907719190684107 -14.907719190684107 -14.907719190684107
7.763819095477386 -14.907414716963322 -14.907414716963322 -14.907414716963322 -14.907414716963322 -14.907414716963322 -14.907414716963322 -14.907414716963322 -14.907414716963322 -14.907414716963322 -14.907414716963322 -14.907414716963322 -14.907414716963322 -14.907414716963322
7.839195979899497 -14.907110243242538 -14.907110243242538 -14.907110243242538 -14.907110243242538 -14.907110243242538 -14.907110243242538 -14.907110243242538 -14.907110243242538 -14.907110243242538 -14.907110243242538 -14.907110243242538 -14.907110243242538 -14.907110243242538
7.914572864321608 -14.906805769521753 -14.906805769521753 -14.906805769521753 -14.906805769521753 -14.906805769521753 -14.906805769521753 -14.906805769521753 -14.906805769521753 -14.906805769521753 -14.906805769521753 -14.906805769521753 -14.906805769521753 -14.906805769521753
7.989949748743718 -14.90650129580097 -14.90650129580097 -14.90650129580097 -14.90650129580097 -14.90650129580097 -14.90650129580097 -14.90650129580097 -14.90650129580097 -14.90650129580097 -14.90650129580097 -14.90650129580097 -14.90650129580097 -14.90650129580097
8.065326633165828 -14.906196822080187 -14.906196822080187 -14.906196822080187 -14.906196822080187 -14.906196822080187 -14.906196822080187 -14.906196822080187 -14.906196822080187 -14.906196822080187 -14.906196822080187 -14.906196822080187 -14.906196822080187 -14.906196822080187
8.140703517587939 -14.905892348359401 -14.905892348359401 -14.905892348359401 -14.905892348359401 -14.905892348359401 -14.905892348359401 -14.905892348359401 -14.905892348359401 -14.905892348359401 -14.905892348359401 -14.905892348359401 -14.905892348359401 -14.905892348359401
8.21608040201005 -14.905587874638618 -14.905587874638618 -14.905587874638618 -14.905587874638618 -14.905587874638618 -14.905587874638618 -14.905587874638618 -14.905587874638618 -14.905587874638618 -14.905587874638618 -14.905587874638618 -14.905587874638618 -14.905587874638618
8.29145728643216 -14.905283400917833 -14.905283400917833 -14.905283400917833 -14.905283400917833 -14.905283400917833 -14.905283400917833 -14.905283400917833 -14.905283400917833 -14.905283400917833 -14.905283400917833 -14.905283400917833 -14.905283400917833 -14.905283400917833
8.36683417085427 -14.90497892719705 -14.90497892719705 -14.90497892719705 -14.90497892719705 -14.90497892719705 -14.90497892719705 -14.90497892719705 -14.90497892719705 -14.90497892719705 -14.90497892719705 -14.90497892719705 -14.90497892719705 -14.90497892719705
8.442211055276381 -14.904674453476266 -14.904674453476266 -14.904674453476266 -14.904674453476266 -14.904674453476266 -14.904674453476266 -14.904674453476266 -14.904674453476266 -14.904674453476266 -14.904674453476266 -14.904674453476266 -14.904674453476266 -14.904674453476266
8.517587939698492 -14.904369979755481 -14.904369979755481 -14.904369979755481 -14.904369979755481 -14.904369979755481 -14.904369979755481 -14.904369979755481 -14.904369979755481 -14.904369979755481 -14.904369979755481 -14.904369979755481 -14.904369979755481 -14.904369979755481
8.592964824120603 -14.904065506034698 -14.904065506034698 -14.904065506034698 -14.904065506034698 -14.904065506034698 -14.904065506034698 -14.904065506034698 -14.904065506034698 -14.904065506034698 -14.904065506034698 -14.904065506034698 -14.904065506034698 -14.904065506034698
8.668341708542712 -14.903761032313913 -14.903761032313913 -14.903761032313913 -14.903761032313913 -14.903761032313913 -14.903761032313913 -14.903761032313913 -14.903761032313913 -14.903761032313913 -14.903761032313913 -14.903761032313913 -14.903761032313913 -14.903761032313913
