web/models/linear/33/-14_939_0_035.dat
# %ECSV 1.0
# ---
# datatype:
# - {name: time, datatype: float64}
# - {name: swift_uvot_uvw2, datatype: float64}
# - {name: swift_uvot_uvm2, datatype: float64}
# - {name: swift_uvot_uvw1, datatype: float64}
# - {name: swift_uvot_U, datatype: float64}
# - {name: swift_uvot_B, datatype: float64}
# - {name: swift_uvot_V, datatype: float64}
# - {name: swift_uvot_W, datatype: float64}
# - {name: johnson_U, datatype: float64}
# - {name: johnson_B, datatype: float64}
# - {name: johnson_V, datatype: float64}
# - {name: johnson_R, datatype: float64}
# - {name: johnson_I, datatype: float64}
# - {name: sdss_u, datatype: float64}
# - {name: sdss_g, datatype: float64}
# - {name: sdss_r, datatype: float64}
# - {name: sdss_i, datatype: float64}
# - {name: sdss_z, datatype: float64}
# - {name: PS1_g, datatype: float64}
# - {name: PS1_r, datatype: float64}
# - {name: PS1_i, datatype: float64}
# - {name: PS1_z, datatype: float64}
# - {name: PS1_Y, datatype: float64}
# - {name: PS1_w, datatype: float64}
# - {name: ATLAS_c, datatype: float64}
# - {name: ATLAS_o, datatype: float64}
# - {name: ukirt_J, datatype: float64}
# - {name: ukirt_H, datatype: float64}
# - {name: ukirt_K, datatype: float64}
# - {name: Clear, datatype: float64}
# meta: !!omap
# - comment: [M=-14.938775510204081, dM=0.035437498608938814]
# schema: astropy-2.0
time swift_uvot_uvw2 swift_uvot_uvm2 swift_uvot_uvw1 swift_uvot_U swift_uvot_B swift_uvot_V swift_uvot_W johnson_U johnson_B johnson_V johnson_R johnson_I sdss_u sdss_g sdss_r sdss_i sdss_z PS1_g PS1_r PS1_i PS1_z PS1_Y PS1_w ATLAS_c ATLAS_o ukirt_J ukirt_H ukirt_K Clear
[from data line 82]
6.180904522613065 -14.719739714781998 -14.719739714781998 -14.719739714781998 -14.719739714781998 -14.719739714781998 -14.719739714781998 -14.719739714781998 -14.719739714781998 -14.719739714781998 -14.719739714781998 -14.719739714781998 -14.719739714781998 -14.719739714781998 -14.719739714781998 -14.719739714781998 -14.719739714781998 -14.719739714781998 -14.719739714781998 -14.719739714781998 -14.719739714781998 -14.719739714781998 -14.719739714781998 -14.719739714781998 -14.719739714781998 -14.719739714781998 -14.719739714781998 -14.719739714781998 -14.719739714781998 -14.719739714781998
6.256281407035175 -14.717068546545143 -14.717068546545143 -14.717068546545143 -14.717068546545143 -14.717068546545143 -14.717068546545143 -14.717068546545143 -14.717068546545143 -14.717068546545143 -14.717068546545143 -14.717068546545143 -14.717068546545143 -14.717068546545143 -14.717068546545143 -14.717068546545143 -14.717068546545143 -14.717068546545143 -14.717068546545143 -14.717068546545143 -14.717068546545143 -14.717068546545143 -14.717068546545143 -14.717068546545143 -14.717068546545143 -14.717068546545143 -14.717068546545143 -14.717068546545143 -14.717068546545143 -14.717068546545143
6.331658291457286 -14.714397378308288 -14.714397378308288 -14.714397378308288 -14.714397378308288 -14.714397378308288 -14.714397378308288 -14.714397378308288 -14.714397378308288 -14.714397378308288 -14.714397378308288 -14.714397378308288 -14.714397378308288 -14.714397378308288 -14.714397378308288 -14.714397378308288 -14.714397378308288 -14.714397378308288 -14.714397378308288 -14.714397378308288 -14.714397378308288 -14.714397378308288 -14.714397378308288 -14.714397378308288 -14.714397378308288 -14.714397378308288 -14.714397378308288 -14.714397378308288 -14.714397378308288 -14.714397378308288
6.407035175879397 -14.711726210071433 -14.711726210071433 -14.711726210071433 -14.711726210071433 -14.711726210071433 -14.711726210071433 -14.711726210071433 -14.711726210071433 -14.711726210071433 -14.711726210071433 -14.711726210071433 -14.711726210071433 -14.711726210071433 -14.711726210071433 -14.711726210071433 -14.711726210071433 -14.711726210071433 -14.711726210071433 -14.711726210071433 -14.711726210071433 -14.711726210071433 -14.711726210071433 -14.711726210071433 -14.711726210071433 -14.711726210071433 -14.711726210071433 -14.711726210071433 -14.711726210071433 -14.711726210071433
6.482412060301507 -14.709055041834578 -14.709055041834578 -14.709055041834578 -14.709055041834578 -14.709055041834578 -14.709055041834578 -14.709055041834578 -14.709055041834578 -14.709055041834578 -14.709055041834578 -14.709055041834578 -14.709055041834578 -14.709055041834578 -14.709055041834578 -14.709055041834578 -14.709055041834578 -14.709055041834578 -14.709055041834578 -14.709055041834578 -14.709055041834578 -14.709055041834578 -14.709055041834578 -14.709055041834578 -14.709055041834578 -14.709055041834578 -14.709055041834578 -14.709055041834578 -14.709055041834578 -14.709055041834578
6.557788944723617 -14.706383873597725 -14.706383873597725 -14.706383873597725 -14.706383873597725 -14.706383873597725 -14.706383873597725 -14.706383873597725 -14.706383873597725 -14.706383873597725 -14.706383873597725 -14.706383873597725 -14.706383873597725 -14.706383873597725 -14.706383873597725 -14.706383873597725 -14.706383873597725 -14.706383873597725 -14.706383873597725 -14.706383873597725 -14.706383873597725 -14.706383873597725 -14.706383873597725 -14.706383873597725 -14.706383873597725 -14.706383873597725 -14.706383873597725 -14.706383873597725 -14.706383873597725 -14.706383873597725
6.633165829145728 -14.70371270536087 -14.70371270536087 -14.70371270536087 -14.70371270536087 -14.70371270536087 -14.70371270536087 -14.70371270536087 -14.70371270536087 -14.70371270536087 -14.70371270536087 -14.70371270536087 -14.70371270536087 -14.70371270536087 -14.70371270536087 -14.70371270536087 -14.70371270536087 -14.70371270536087 -14.70371270536087 -14.70371270536087 -14.70371270536087 -14.70371270536087 -14.70371270536087 -14.70371270536087 -14.70371270536087 -14.70371270536087 -14.70371270536087 -14.70371270536087 -14.70371270536087 -14.70371270536087
6.708542713567839 -14.701041537124015 -14.701041537124015 -14.701041537124015 -14.701041537124015 -14.701041537124015 -14.701041537124015 -14.701041537124015 -14.701041537124015 -14.701041537124015 -14.701041537124015 -14.701041537124015 -14.701041537124015 -14.701041537124015 -14.701041537124015 -14.701041537124015 -14.701041537124015 -14.701041537124015 -14.701041537124015 -14.701041537124015 -14.701041537124015 -14.701041537124015 -14.701041537124015 -14.701041537124015 -14.701041537124015 -14.701041537124015 -14.701041537124015 -14.701041537124015 -14.701041537124015 -14.701041537124015
6.783919597989949 -14.69837036888716 -14.69837036888716 -14.69837036888716 -14.69837036888716 -14.69837036888716 -14.69837036888716 -14.69837036888716 -14.69837036888716 -14.69837036888716 -14.69837036888716 -14.69837036888716 -14.69837036888716 -14.69837036888716 -14.69837036888716 -14.69837036888716 -14.69837036888716 -14.69837036888716 -14.69837036888716 -14.69837036888716 -14.69837036888716 -14.69837036888716 -14.69837036888716 -14.69837036888716 -14.69837036888716 -14.69837036888716 -14.69837036888716 -14.69837036888716 -14.69837036888716 -14.69837036888716
6.859296482412059 -14.695699200650305 -14.695699200650305 -14.695699200650305 -14.695699200650305 -14.695699200650305 -14.695699200650305 -14.695699200650305 -14.695699200650305 -14.695699200650305 -14.695699200650305 -14.695699200650305 -14.695699200650305 -14.695699200650305 -14.695699200650305 -14.695699200650305 -14.695699200650305 -14.695699200650305 -14.695699200650305 -14.695699200650305 -14.695699200650305 -14.695699200650305 -14.695699200650305 -14.695699200650305 -14.695699200650305 -14.695699200650305 -14.695699200650305 -14.695699200650305 -14.695699200650305 -14.695699200650305
6.93467336683417 -14.69302803241345 -14.69302803241345 -14.69302803241345 -14.69302803241345 -14.69302803241345 -14.69302803241345 -14.69302803241345 -14.69302803241345 -14.69302803241345 -14.69302803241345 -14.69302803241345 -14.69302803241345 -14.69302803241345 -14.69302803241345 -14.69302803241345 -14.69302803241345 -14.69302803241345 -14.69302803241345 -14.69302803241345 -14.69302803241345 -14.69302803241345 -14.69302803241345 -14.69302803241345 -14.69302803241345 -14.69302803241345 -14.69302803241345 -14.69302803241345 -14.69302803241345 -14.69302803241345
7.010050251256281 -14.690356864176596 -14.690356864176596 -14.690356864176596 -14.690356864176596 -14.690356864176596 -14.690356864176596 -14.690356864176596 -14.690356864176596 -14.690356864176596 -14.690356864176596 -14.690356864176596 -14.690356864176596 -14.690356864176596 -14.690356864176596 -14.690356864176596 -14.690356864176596 -14.690356864176596 -14.690356864176596 -14.690356864176596 -14.690356864176596 -14.690356864176596 -14.690356864176596 -14.690356864176596 -14.690356864176596 -14.690356864176596 -14.690356864176596 -14.690356864176596 -14.690356864176596 -14.690356864176596
7.085427135678391 -14.687685695939741 -14.687685695939741 -14.687685695939741 -14.687685695939741 -14.687685695939741 -14.687685695939741 -14.687685695939741 -14.687685695939741 -14.687685695939741 -14.687685695939741 -14.687685695939741 -14.687685695939741 -14.687685695939741 -14.687685695939741 -14.687685695939741 -14.687685695939741 -14.687685695939741 -14.687685695939741 -14.687685695939741 -14.687685695939741 -14.687685695939741 -14.687685695939741 -14.687685695939741 -14.687685695939741 -14.687685695939741 -14.687685695939741 -14.687685695939741 -14.687685695939741 -14.687685695939741
7.160804020100501 -14.685014527702887 -14.685014527702887 -14.685014527702887 -14.685014527702887 -14.685014527702887 -14.685014527702887 -14.685014527702887 -14.685014527702887 -14.685014527702887 -14.685014527702887 -14.685014527702887 -14.685014527702887 -14.685014527702887 -14.685014527702887 -14.685014527702887 -14.685014527702887 -14.685014527702887 -14.685014527702887 -14.685014527702887 -14.685014527702887 -14.685014527702887 -14.685014527702887 -14.685014527702887 -14.685014527702887 -14.685014527702887 -14.685014527702887 -14.685014527702887 -14.685014527702887 -14.685014527702887
7.236180904522612 -14.682343359466032 -14.682343359466032 -14.682343359466032 -14.682343359466032 -14.682343359466032 -14.682343359466032 -14.682343359466032 -14.682343359466032 -14.682343359466032 -14.682343359466032 -14.682343359466032 -14.682343359466032 -14.682343359466032 -14.682343359466032 -14.682343359466032 -14.682343359466032 -14.682343359466032 -14.682343359466032 -14.682343359466032 -14.682343359466032 -14.682343359466032 -14.682343359466032 -14.682343359466032 -14.682343359466032 -14.682343359466032 -14.682343359466032 -14.682343359466032 -14.682343359466032 -14.682343359466032
7.311557788944723 -14.679672191229177 -14.679672191229177 -14.679672191229177 -14.679672191229177 -14.679672191229177 -14.679672191229177 -14.679672191229177 -14.679672191229177 -14.679672191229177 -14.679672191229177 -14.679672191229177 -14.679672191229177 -14.679672191229177 -14.679672191229177 -14.679672191229177 -14.679672191229177 -14.679672191229177 -14.679672191229177 -14.679672191229177 -14.679672191229177 -14.679672191229177 -14.679672191229177 -14.679672191229177 -14.679672191229177 -14.679672191229177 -14.679672191229177 -14.679672191229177 -14.679672191229177 -14.679672191229177
7.3869346733668335 -14.677001022992322 -14.677001022992322 -14.677001022992322 -14.677001022992322 -14.677001022992322 -14.677001022992322 -14.677001022992322 -14.677001022992322 -14.677001022992322 -14.677001022992322 -14.677001022992322 -14.677001022992322 -14.677001022992322 -14.677001022992322 -14.677001022992322 -14.677001022992322 -14.677001022992322 -14.677001022992322 -14.677001022992322 -14.677001022992322 -14.677001022992322 -14.677001022992322 -14.677001022992322 -14.677001022992322 -14.677001022992322 -14.677001022992322 -14.677001022992322 -14.677001022992322 -14.677001022992322
7.462311557788944 -14.674329854755468 -14.674329854755468 -14.674329854755468 -14.674329854755468 -14.674329854755468 -14.674329854755468 -14.674329854755468 -14.674329854755468 -14.674329854755468 -14.674329854755468 -14.674329854755468 -14.674329854755468 -14.674329854755468 -14.674329854755468 -14.674329854755468 -14.674329854755468 -14.674329854755468 -14.674329854755468 -14.674329854755468 -14.674329854755468 -14.674329854755468 -14.674329854755468 -14.674329854755468 -14.674329854755468 -14.674329854755468 -14.674329854755468 -14.674329854755468 -14.674329854755468 -14.674329854755468
7.537688442211055 -14.671658686518613 -14.671658686518613 -14.671658686518613 -14.671658686518613 -14.671658686518613 -14.671658686518613 -14.671658686518613 -14.671658686518613 -14.671658686518613 -14.671658686518613 -14.671658686518613 -14.671658686518613 -14.671658686518613 -14.671658686518613 -14.671658686518613 -14.671658686518613 -14.671658686518613 -14.671658686518613 -14.671658686518613 -14.671658686518613 -14.671658686518613 -14.671658686518613 -14.671658686518613 -14.671658686518613 -14.671658686518613 -14.671658686518613 -14.671658686518613 -14.671658686518613 -14.671658686518613
7.613065326633166 -14.668987518281758 -14.668987518281758 -14.668987518281758 -14.668987518281758 -14.668987518281758 -14.668987518281758 -14.668987518281758 -14.668987518281758 -14.668987518281758 -14.668987518281758 -14.668987518281758 -14.668987518281758 -14.668987518281758 -14.668987518281758 -14.668987518281758 -14.668987518281758 -14.668987518281758 -14.668987518281758 -14.668987518281758 -14.668987518281758 -14.668987518281758 -14.668987518281758 -14.668987518281758 -14.668987518281758 -14.668987518281758 -14.668987518281758 -14.668987518281758 -14.668987518281758 -14.668987518281758
7.688442211055276 -14.666316350044903 -14.666316350044903 -14.666316350044903 -14.666316350044903 -14.666316350044903 -14.666316350044903 -14.666316350044903 -14.666316350044903 -14.666316350044903 -14.666316350044903 -14.666316350044903 -14.666316350044903 -14.666316350044903 -14.666316350044903 -14.666316350044903 -14.666316350044903 -14.666316350044903 -14.666316350044903 -14.666316350044903 -14.666316350044903 -14.666316350044903 -14.666316350044903 -14.666316350044903 -14.666316350044903 -14.666316350044903 -14.666316350044903 -14.666316350044903 -14.666316350044903 -14.666316350044903
7.763819095477386 -14.663645181808048 -14.663645181808048 -14.663645181808048 -14.663645181808048 -14.663645181808048 -14.663645181808048 -14.663645181808048 -14.663645181808048 -14.663645181808048 -14.663645181808048 -14.663645181808048 -14.663645181808048 -14.663645181808048 -14.663645181808048 -14.663645181808048 -14.663645181808048 -14.663645181808048 -14.663645181808048 -14.663645181808048 -14.663645181808048 -14.663645181808048 -14.663645181808048 -14.663645181808048 -14.663645181808048 -14.663645181808048 -14.663645181808048 -14.663645181808048 -14.663645181808048 -14.663645181808048
7.839195979899497 -14.660974013571193 -14.660974013571193 -14.660974013571193 -14.660974013571193 -14.660974013571193 -14.660974013571193 -14.660974013571193 -14.660974013571193 -14.660974013571193 -14.660974013571193 -14.660974013571193 -14.660974013571193 -14.660974013571193 -14.660974013571193 -14.660974013571193 -14.660974013571193 -14.660974013571193 -14.660974013571193 -14.660974013571193 -14.660974013571193 -14.660974013571193 -14.660974013571193 -14.660974013571193 -14.660974013571193 -14.660974013571193 -14.660974013571193 -14.660974013571193 -14.660974013571193 -14.660974013571193
7.914572864321608 -14.65830284533434 -14.65830284533434 -14.65830284533434 -14.65830284533434 -14.65830284533434 -14.65830284533434 -14.65830284533434 -14.65830284533434 -14.65830284533434 -14.65830284533434 -14.65830284533434 -14.65830284533434 -14.65830284533434 -14.65830284533434 -14.65830284533434 -14.65830284533434 -14.65830284533434 -14.65830284533434 -14.65830284533434 -14.65830284533434 -14.65830284533434 -14.65830284533434 -14.65830284533434 -14.65830284533434 -14.65830284533434 -14.65830284533434 -14.65830284533434 -14.65830284533434 -14.65830284533434
7.989949748743718 -14.655631677097485 -14.655631677097485 -14.655631677097485 -14.655631677097485 -14.655631677097485 -14.655631677097485 -14.655631677097485 -14.655631677097485 -14.655631677097485 -14.655631677097485 -14.655631677097485 -14.655631677097485 -14.655631677097485 -14.655631677097485 -14.655631677097485 -14.655631677097485 -14.655631677097485 -14.655631677097485 -14.655631677097485 -14.655631677097485 -14.655631677097485 -14.655631677097485 -14.655631677097485 -14.655631677097485 -14.655631677097485 -14.655631677097485 -14.655631677097485 -14.655631677097485 -14.655631677097485
