web/models/linear/33/-14_939_0_016.dat
# %ECSV 1.0
# ---
# datatype:
# - {name: time, datatype: float64}
# - {name: swift_uvot_uvw2, datatype: float64}
# - {name: swift_uvot_uvm2, datatype: float64}
# - {name: swift_uvot_uvw1, datatype: float64}
# - {name: swift_uvot_U, datatype: float64}
# - {name: swift_uvot_B, datatype: float64}
# - {name: swift_uvot_V, datatype: float64}
# - {name: swift_uvot_W, datatype: float64}
# - {name: johnson_U, datatype: float64}
# - {name: johnson_B, datatype: float64}
# - {name: johnson_V, datatype: float64}
# - {name: johnson_R, datatype: float64}
# - {name: johnson_I, datatype: float64}
# - {name: sdss_u, datatype: float64}
# - {name: sdss_g, datatype: float64}
# - {name: sdss_r, datatype: float64}
# - {name: sdss_i, datatype: float64}
# - {name: sdss_z, datatype: float64}
# - {name: PS1_g, datatype: float64}
# - {name: PS1_r, datatype: float64}
# - {name: PS1_i, datatype: float64}
# - {name: PS1_z, datatype: float64}
# - {name: PS1_Y, datatype: float64}
# - {name: PS1_w, datatype: float64}
# - {name: ATLAS_c, datatype: float64}
# - {name: ATLAS_o, datatype: float64}
# - {name: ukirt_J, datatype: float64}
# - {name: ukirt_H, datatype: float64}
# - {name: ukirt_K, datatype: float64}
# - {name: Clear, datatype: float64}
# meta: !!omap
# - comment: [M=-14.938775510204081, dM=0.01631635942893885]
# schema: astropy-2.0
time swift_uvot_uvw2 swift_uvot_uvm2 swift_uvot_uvw1 swift_uvot_U swift_uvot_B swift_uvot_V swift_uvot_W johnson_U johnson_B johnson_V johnson_R johnson_I sdss_u sdss_g sdss_r sdss_i sdss_z PS1_g PS1_r PS1_i PS1_z PS1_Y PS1_w ATLAS_c ATLAS_o ukirt_J ukirt_H ukirt_K Clear
0.0 -14.938775510204081 -14.938775510204081 -14.938775510204081 -14.938775510204081 -14.938775510204081 -14.938775510204081 -14.938775510204081 -14.938775510204081 -14.938775510204081 -14.938775510204081 -14.938775510204081 -14.938775510204081 -14.938775510204081 -14.938775510204081 -14.938775510204081 -14.938775510204081 -14.938775510204081 -14.938775510204081 -14.938775510204081 -14.938775510204081 -14.938775510204081 -14.938775510204081 -14.938775510204081 -14.938775510204081 -14.938775510204081 -14.938775510204081 -14.938775510204081 -14.938775510204081 -14.938775510204081
0.07537688442211055 -14.937545633865216 -14.937545633865216 -14.937545633865216 -14.937545633865216 -14.937545633865216 -14.937545633865216 -14.937545633865216 -14.937545633865216 -14.937545633865216 -14.937545633865216 -14.937545633865216 -14.937545633865216 -14.937545633865216 -14.937545633865216 -14.937545633865216 -14.937545633865216 -14.937545633865216 -14.937545633865216 -14.937545633865216 -14.937545633865216 -14.937545633865216 -14.937545633865216 -14.937545633865216 -14.937545633865216 -14.937545633865216 -14.937545633865216 -14.937545633865216 -14.937545633865216 -14.937545633865216
0.1507537688442211 -14.936315757526351 -14.936315757526351 -14.936315757526351 -14.936315757526351 -14.936315757526351 -14.936315757526351 -14.936315757526351 -14.936315757526351 -14.936315757526351 -14.936315757526351 -14.936315757526351 -14.936315757526351 -14.936315757526351 -14.936315757526351 -14.936315757526351 -14.936315757526351 -14.936315757526351 -14.936315757526351 -14.936315757526351 -14.936315757526351 -14.936315757526351 -14.936315757526351 -14.936315757526351 -14.936315757526351 -14.936315757526351 -14.936315757526351 -14.936315757526351 -14.936315757526351 -14.936315757526351
0.22613065326633164 -14.935085881187486 -14.935085881187486 -14.935085881187486 -14.935085881187486 -14.935085881187486 -14.935085881187486 -14.935085881187486 -14.935085881187486 -14.935085881187486 -14.935085881187486 -14.935085881187486 -14.935085881187486 -14.935085881187486 -14.935085881187486 -14.935085881187486 -14.935085881187486 -14.935085881187486 -14.935085881187486 -14.935085881187486 -14.935085881187486 -14.935085881187486 -14.935085881187486 -14.935085881187486 -14.935085881187486 -14.935085881187486 -14.935085881187486 -14.935085881187486 -14.935085881187486 -14.935085881187486
0.3015075376884422 -14.933856004848622 -14.933856004848622 -14.933856004848622 -14.933856004848622 -14.933856004848622 -14.933856004848622 -14.933856004848622 -14.933856004848622 -14.933856004848622 -14.933856004848622 -14.933856004848622 -14.933856004848622 -14.933856004848622 -14.933856004848622 -14.933856004848622 -14.933856004848622 -14.933856004848622 -14.933856004848622 -14.933856004848622 -14.933856004848622 -14.933856004848622 -14.933856004848622 -14.933856004848622 -14.933856004848622 -14.933856004848622 -14.933856004848622 -14.933856004848622 -14.933856004848622 -14.933856004848622
0.37688442211055273 -14.932626128509758 -14.932626128509758 -14.932626128509758 -14.932626128509758 -14.932626128509758 -14.932626128509758 -14.932626128509758 -14.932626128509758 -14.932626128509758 -14.932626128509758 -14.932626128509758 -14.932626128509758 -14.932626128509758 -14.932626128509758 -14.932626128509758 -14.932626128509758 -14.932626128509758 -14.932626128509758 -14.932626128509758 -14.932626128509758 -14.932626128509758 -14.932626128509758 -14.932626128509758 -14.932626128509758 -14.932626128509758 -14.932626128509758 -14.932626128509758 -14.932626128509758 -14.932626128509758
0.4522613065326633 -14.931396252170893 -14.931396252170893 -14.931396252170893 -14.931396252170893 -14.931396252170893 -14.931396252170893 -14.931396252170893 -14.931396252170893 -14.931396252170893 -14.931396252170893 -14.931396252170893 -14.931396252170893 -14.931396252170893 -14.931396252170893 -14.931396252170893 -14.931396252170893 -14.931396252170893 -14.931396252170893 -14.931396252170893 -14.931396252170893 -14.931396252170893 -14.931396252170893 -14.931396252170893 -14.931396252170893 -14.931396252170893 -14.931396252170893 -14.931396252170893 -14.931396252170893 -14.931396252170893
0.5276381909547738 -14.930166375832028 -14.930166375832028 -14.930166375832028 -14.930166375832028 -14.930166375832028 -14.930166375832028 -14.930166375832028 -14.930166375832028 -14.930166375832028 -14.930166375832028 -14.930166375832028 -14.930166375832028 -14.930166375832028 -14.930166375832028 -14.930166375832028 -14.930166375832028 -14.930166375832028 -14.930166375832028 -14.930166375832028 -14.930166375832028 -14.930166375832028 -14.930166375832028 -14.930166375832028 -14.930166375832028 -14.930166375832028 -14.930166375832028 -14.930166375832028 -14.930166375832028 -14.930166375832028
0.6030150753768844 -14.928936499493163 -14.928936499493163 -14.928936499493163 -14.928936499493163 -14.928936499493163 -14.928936499493163 -14.928936499493163 -14.928936499493163 -14.928936499493163 -14.928936499493163 -14.928936499493163 -14.928936499493163 -14.928936499493163 -14.928936499493163 -14.928936499493163 -14.928936499493163 -14.928936499493163 -14.928936499493163 -14.928936499493163 -14.928936499493163 -14.928936499493163 -14.928936499493163 -14.928936499493163 -14.928936499493163 -14.928936499493163 -14.928936499493163 -14.928936499493163 -14.928936499493163 -14.928936499493163
0.6783919597989949 -14.927706623154299 -14.927706623154299 -14.927706623154299 -14.927706623154299 -14.927706623154299 -14.927706623154299 -14.927706623154299 -14.927706623154299 -14.927706623154299 -14.927706623154299 -14.927706623154299 -14.927706623154299 -14.927706623154299 -14.927706623154299 -14.927706623154299 -14.927706623154299 -14.927706623154299 -14.927706623154299 -14.927706623154299 -14.927706623154299 -14.927706623154299 -14.927706623154299 -14.927706623154299 -14.927706623154299 -14.927706623154299 -14.927706623154299 -14.927706623154299 -14.927706623154299 -14.927706623154299
0.7537688442211055 -14.926476746815434 -14.926476746815434 -14.926476746815434 -14.926476746815434 -14.926476746815434 -14.926476746815434 -14.926476746815434 -14.926476746815434 -14.926476746815434 -14.926476746815434 -14.926476746815434 -14.926476746815434 -14.926476746815434 -14.926476746815434 -14.926476746815434 -14.926476746815434 -14.926476746815434 -14.926476746815434 -14.926476746815434 -14.926476746815434 -14.926476746815434 -14.926476746815434 -14.926476746815434 -14.926476746815434 -14.926476746815434 -14.926476746815434 -14.926476746815434 -14.926476746815434 -14.926476746815434
0.829145728643216 -14.925246870476569 -14.925246870476569 -14.925246870476569 -14.925246870476569 -14.925246870476569 -14.925246870476569 -14.925246870476569 -14.925246870476569 -14.925246870476569 -14.925246870476569 -14.925246870476569 -14.925246870476569 -14.925246870476569 -14.925246870476569 -14.925246870476569 -14.925246870476569 -14.925246870476569 -14.925246870476569 -14.925246870476569 -14.925246870476569 -14.925246870476569 -14.925246870476569 -14.925246870476569 -14.925246870476569 -14.925246870476569 -14.925246870476569 -14.925246870476569 -14.925246870476569 -14.925246870476569
0.9045226130653266 -14.924016994137704 -14.924016994137704 -14.924016994137704 -14.924016994137704 -14.924016994137704 -14.924016994137704 -14.924016994137704 -14.924016994137704 -14.924016994137704 -14.924016994137704 -14.924016994137704 -14.924016994137704 -14.924016994137704 -14.924016994137704 -14.924016994137704 -14.924016994137704 -14.924016994137704 -14.924016994137704 -14.924016994137704 -14.924016994137704 -14.924016994137704 -14.924016994137704 -14.924016994137704 -14.924016994137704 -14.924016994137704 -14.924016994137704 -14.924016994137704 -14.924016994137704 -14.924016994137704
0.9798994974874371 -14.92278711779884 -14.92278711779884 -14.92278711779884 -14.92278711779884 -14.92278711779884 -14.92278711779884 -14.92278711779884 -14.92278711779884 -14.92278711779884 -14.92278711779884 -14.92278711779884 -14.92278711779884 -14.92278711779884 -14.92278711779884 -14.92278711779884 -14.92278711779884 -14.92278711779884 -14.92278711779884 -14.92278711779884 -14.92278711779884 -14.92278711779884 -14.92278711779884 -14.92278711779884 -14.92278711779884 -14.92278711779884 -14.92278711779884 -14.92278711779884 -14.92278711779884 -14.92278711779884
1.0552763819095476 -14.921557241459976 -14.921557241459976 -14.921557241459976 -14.921557241459976 -14.921557241459976 -14.921557241459976 -14.921557241459976 -14.921557241459976 -14.921557241459976 -14.921557241459976 -14.921557241459976 -14.921557241459976 -14.921557241459976 -14.921557241459976 -14.921557241459976 -14.921557241459976 -14.921557241459976 -14.921557241459976 -14.921557241459976 -14.921557241459976 -14.921557241459976 -14.921557241459976 -14.921557241459976 -14.921557241459976 -14.921557241459976 -14.921557241459976 -14.921557241459976 -14.921557241459976 -14.921557241459976
1.1306532663316582 -14.92032736512111 -14.92032736512111 -14.92032736512111 -14.92032736512111 -14.92032736512111 -14.92032736512111 -14.92032736512111 -14.92032736512111 -14.92032736512111 -14.92032736512111 -14.92032736512111 -14.92032736512111 -14.92032736512111 -14.92032736512111 -14.92032736512111 -14.92032736512111 -14.92032736512111 -14.92032736512111 -14.92032736512111 -14.92032736512111 -14.92032736512111 -14.92032736512111 -14.92032736512111 -14.92032736512111 -14.92032736512111 -14.92032736512111 -14.92032736512111 -14.92032736512111 -14.92032736512111
1.2060301507537687 -14.919097488782246 -14.919097488782246 -14.919097488782246 -14.919097488782246 -14.919097488782246 -14.919097488782246 -14.919097488782246 -14.919097488782246 -14.919097488782246 -14.919097488782246 -14.919097488782246 -14.919097488782246 -14.919097488782246 -14.919097488782246 -14.919097488782246 -14.919097488782246 -14.919097488782246 -14.919097488782246 -14.919097488782246 -14.919097488782246 -14.919097488782246 -14.919097488782246 -14.919097488782246 -14.919097488782246 -14.919097488782246 -14.919097488782246 -14.919097488782246 -14.919097488782246 -14.919097488782246
1.2814070351758793 -14.91786761244338 -14.91786761244338 -14.91786761244338 -14.91786761244338 -14.91786761244338 -14.91786761244338 -14.91786761244338 -14.91786761244338 -14.91786761244338 -14.91786761244338 -14.91786761244338 -14.91786761244338 -14.91786761244338 -14.91786761244338 -14.91786761244338 -14.91786761244338 -14.91786761244338 -14.91786761244338 -14.91786761244338 -14.91786761244338 -14.91786761244338 -14.91786761244338 -14.91786761244338 -14.91786761244338 -14.91786761244338 -14.91786761244338 -14.91786761244338 -14.91786761244338 -14.91786761244338
1.3567839195979898 -14.916637736104516 -14.916637736104516 -14.916637736104516 -14.916637736104516 -14.916637736104516 -14.916637736104516 -14.916637736104516 -14.916637736104516 -14.916637736104516 -14.916637736104516 -14.916637736104516 -14.916637736104516 -14.916637736104516 -14.916637736104516 -14.916637736104516 -14.916637736104516 -14.916637736104516 -14.916637736104516 -14.916637736104516 -14.916637736104516 -14.916637736104516 -14.916637736104516 -14.916637736104516 -14.916637736104516 -14.916637736104516 -14.916637736104516 -14.916637736104516 -14.916637736104516 -14.916637736104516
1.4321608040201004 -14.91540785976565 -14.91540785976565 -14.91540785976565 -14.91540785976565 -14.91540785976565 -14.91540785976565 -14.91540785976565 -14.91540785976565 -14.91540785976565 -14.91540785976565 -14.91540785976565 -14.91540785976565 -14.91540785976565 -14.91540785976565 -14.91540785976565 -14.91540785976565 -14.91540785976565 -14.91540785976565 -14.91540785976565 -14.91540785976565 -14.91540785976565 -14.91540785976565 -14.91540785976565 -14.91540785976565 -14.91540785976565 -14.91540785976565 -14.91540785976565 -14.91540785976565 -14.91540785976565
1.507537688442211 -14.914177983426786 -14.914177983426786 -14.914177983426786 -14.914177983426786 -14.914177983426786 -14.914177983426786 -14.914177983426786 -14.914177983426786 -14.914177983426786 -14.914177983426786 -14.914177983426786 -14.914177983426786 -14.914177983426786 -14.914177983426786 -14.914177983426786 -14.914177983426786 -14.914177983426786 -14.914177983426786 -14.914177983426786 -14.914177983426786 -14.914177983426786 -14.914177983426786 -14.914177983426786 -14.914177983426786 -14.914177983426786 -14.914177983426786 -14.914177983426786 -14.914177983426786 -14.914177983426786
1.5829145728643215 -14.912948107087923 -14.912948107087923 -14.912948107087923 -14.912948107087923 -14.912948107087923 -14.912948107087923 -14.912948107087923 -14.912948107087923 -14.912948107087923 -14.912948107087923 -14.912948107087923 -14.912948107087923 -14.912948107087923 -14.912948107087923 -14.912948107087923 -14.912948107087923 -14.912948107087923 -14.912948107087923 -14.912948107087923 -14.912948107087923 -14.912948107087923 -14.912948107087923 -14.912948107087923 -14.912948107087923 -14.912948107087923 -14.912948107087923 -14.912948107087923 -14.912948107087923 -14.912948107087923
1.658291457286432 -14.911718230749058 -14.911718230749058 -14.911718230749058 -14.911718230749058 -14.911718230749058 -14.911718230749058 -14.911718230749058 -14.911718230749058 -14.911718230749058 -14.911718230749058 -14.911718230749058 -14.911718230749058 -14.911718230749058 -14.911718230749058 -14.911718230749058 -14.911718230749058 -14.911718230749058 -14.911718230749058 -14.911718230749058 -14.911718230749058 -14.911718230749058 -14.911718230749058 -14.911718230749058 -14.911718230749058 -14.911718230749058 -14.911718230749058 -14.911718230749058 -14.911718230749058 -14.911718230749058
1.7336683417085426 -14.910488354410193 -14.910488354410193 -14.910488354410193 -14.910488354410193 -14.910488354410193 -14.910488354410193 -14.910488354410193 -14.910488354410193 -14.910488354410193 -14.910488354410193 -14.910488354410193 -14.910488354410193 -14.910488354410193 -14.910488354410193 -14.910488354410193 -14.910488354410193 -14.910488354410193 -14.910488354410193 -14.910488354410193 -14.910488354410193 -14.910488354410193 -14.910488354410193 -14.910488354410193 -14.910488354410193 -14.910488354410193 -14.910488354410193 -14.910488354410193 -14.910488354410193 -14.910488354410193
1.809045226130653 -14.909258478071328 -14.909258478071328 -14.909258478071328 -14.909258478071328 -14.909258478071328 -14.909258478071328 -14.909258478071328 -14.909258478071328 -14.909258478071328 -14.909258478071328 -14.909258478071328 -14.909258478071328 -14.909258478071328 -14.909258478071328 -14.909258478071328 -14.909258478071328 -14.909258478071328 -14.909258478071328 -14.909258478071328 -14.909258478071328 -14.909258478071328 -14.909258478071328 -14.909258478071328 -14.909258478071328 -14.909258478071328 -14.909258478071328 -14.909258478071328 -14.909258478071328 -14.909258478071328
1.8844221105527637 -14.908028601732463 -14.908028601732463 -14.908028601732463 -14.908028601732463 -14.908028601732463 -14.908028601732463 -14.908028601732463 -14.908028601732463 -14.908028601732463 -14.908028601732463 -14.908028601732463 -14.908028601732463 -14.908028601732463 -14.908028601732463 -14.908028601732463 -14.908028601732463 -14.908028601732463 -14.908028601732463 -14.908028601732463 -14.908028601732463 -14.908028601732463 -14.908028601732463 -14.908028601732463 -14.908028601732463 -14.908028601732463 -14.908028601732463 -14.908028601732463 -14.908028601732463 -14.908028601732463
