web/models/linear/23/-14_020_0_041.dat
# %ECSV 1.0
# ---
# datatype:
# - {name: time, datatype: float64}
# - {name: swift_uvot_uvw2, datatype: float64}
# - {name: swift_uvot_uvm2, datatype: float64}
# - {name: swift_uvot_uvw1, datatype: float64}
# - {name: swift_uvot_U, datatype: float64}
# - {name: swift_uvot_B, datatype: float64}
# - {name: swift_uvot_V, datatype: float64}
# - {name: swift_uvot_W, datatype: float64}
# - {name: johnson_U, datatype: float64}
# - {name: johnson_B, datatype: float64}
# - {name: johnson_V, datatype: float64}
# - {name: johnson_R, datatype: float64}
# - {name: johnson_I, datatype: float64}
# - {name: sdss_u, datatype: float64}
# - {name: sdss_g, datatype: float64}
# - {name: sdss_r, datatype: float64}
# - {name: sdss_i, datatype: float64}
# - {name: sdss_z, datatype: float64}
# - {name: PS1_g, datatype: float64}
# - {name: PS1_r, datatype: float64}
# - {name: PS1_i, datatype: float64}
# - {name: PS1_z, datatype: float64}
# - {name: PS1_Y, datatype: float64}
# - {name: PS1_w, datatype: float64}
# - {name: ATLAS_c, datatype: float64}
# - {name: ATLAS_o, datatype: float64}
# - {name: ukirt_J, datatype: float64}
# - {name: ukirt_H, datatype: float64}
# - {name: ukirt_K, datatype: float64}
# - {name: Clear, datatype: float64}
# meta: !!omap
# - comment: [M=-14.020408163265307, dM=0.04138386210422373]
# schema: astropy-2.0
time swift_uvot_uvw2 swift_uvot_uvm2 swift_uvot_uvw1 swift_uvot_U swift_uvot_B swift_uvot_V swift_uvot_W johnson_U johnson_B johnson_V johnson_R johnson_I sdss_u sdss_g sdss_r sdss_i sdss_z PS1_g PS1_r PS1_i PS1_z PS1_Y PS1_w ATLAS_c ATLAS_o ukirt_J ukirt_H ukirt_K Clear
[from data line 109]
8.21608040201005 -13.680395024871308 -13.680395024871308 -13.680395024871308 -13.680395024871308 -13.680395024871308 -13.680395024871308 -13.680395024871308 -13.680395024871308 -13.680395024871308 -13.680395024871308 -13.680395024871308 -13.680395024871308 -13.680395024871308 -13.680395024871308 -13.680395024871308 -13.680395024871308 -13.680395024871308 -13.680395024871308 -13.680395024871308 -13.680395024871308 -13.680395024871308 -13.680395024871308 -13.680395024871308 -13.680395024871308 -13.680395024871308 -13.680395024871308 -13.680395024871308 -13.680395024871308 -13.680395024871308
8.29145728643216 -13.677275638280538 -13.677275638280538 -13.677275638280538 -13.677275638280538 -13.677275638280538 -13.677275638280538 -13.677275638280538 -13.677275638280538 -13.677275638280538 -13.677275638280538 -13.677275638280538 -13.677275638280538 -13.677275638280538 -13.677275638280538 -13.677275638280538 -13.677275638280538 -13.677275638280538 -13.677275638280538 -13.677275638280538 -13.677275638280538 -13.677275638280538 -13.677275638280538 -13.677275638280538 -13.677275638280538 -13.677275638280538 -13.677275638280538 -13.677275638280538 -13.677275638280538 -13.677275638280538
8.36683417085427 -13.674156251689766 -13.674156251689766 -13.674156251689766 -13.674156251689766 -13.674156251689766 -13.674156251689766 -13.674156251689766 -13.674156251689766 -13.674156251689766 -13.674156251689766 -13.674156251689766 -13.674156251689766 -13.674156251689766 -13.674156251689766 -13.674156251689766 -13.674156251689766 -13.674156251689766 -13.674156251689766 -13.674156251689766 -13.674156251689766 -13.674156251689766 -13.674156251689766 -13.674156251689766 -13.674156251689766 -13.674156251689766 -13.674156251689766 -13.674156251689766 -13.674156251689766 -13.674156251689766
8.442211055276381 -13.671036865098996 -13.671036865098996 -13.671036865098996 -13.671036865098996 -13.671036865098996 -13.671036865098996 -13.671036865098996 -13.671036865098996 -13.671036865098996 -13.671036865098996 -13.671036865098996 -13.671036865098996 -13.671036865098996 -13.671036865098996 -13.671036865098996 -13.671036865098996 -13.671036865098996 -13.671036865098996 -13.671036865098996 -13.671036865098996 -13.671036865098996 -13.671036865098996 -13.671036865098996 -13.671036865098996 -13.671036865098996 -13.671036865098996 -13.671036865098996 -13.671036865098996 -13.671036865098996
8.517587939698492 -13.667917478508226 -13.667917478508226 -13.667917478508226 -13.667917478508226 -13.667917478508226 -13.667917478508226 -13.667917478508226 -13.667917478508226 -13.667917478508226 -13.667917478508226 -13.667917478508226 -13.667917478508226 -13.667917478508226 -13.667917478508226 -13.667917478508226 -13.667917478508226 -13.667917478508226 -13.667917478508226 -13.667917478508226 -13.667917478508226 -13.667917478508226 -13.667917478508226 -13.667917478508226 -13.667917478508226 -13.667917478508226 -13.667917478508226 -13.667917478508226 -13.667917478508226 -13.667917478508226
8.592964824120603 -13.664798091917454 -13.664798091917454 -13.664798091917454 -13.664798091917454 -13.664798091917454 -13.664798091917454 -13.664798091917454 -13.664798091917454 -13.664798091917454 -13.664798091917454 -13.664798091917454 -13.664798091917454 -13.664798091917454 -13.664798091917454 -13.664798091917454 -13.664798091917454 -13.664798091917454 -13.664798091917454 -13.664798091917454 -13.664798091917454 -13.664798091917454 -13.664798091917454 -13.664798091917454 -13.664798091917454 -13.664798091917454 -13.664798091917454 -13.664798091917454 -13.664798091917454 -13.664798091917454
8.668341708542712 -13.661678705326684 -13.661678705326684 -13.661678705326684 -13.661678705326684 -13.661678705326684 -13.661678705326684 -13.661678705326684 -13.661678705326684 -13.661678705326684 -13.661678705326684 -13.661678705326684 -13.661678705326684 -13.661678705326684 -13.661678705326684 -13.661678705326684 -13.661678705326684 -13.661678705326684 -13.661678705326684 -13.661678705326684 -13.661678705326684 -13.661678705326684 -13.661678705326684 -13.661678705326684 -13.661678705326684 -13.661678705326684 -13.661678705326684 -13.661678705326684 -13.661678705326684 -13.661678705326684
8.743718592964823 -13.658559318735913 -13.658559318735913 -13.658559318735913 -13.658559318735913 -13.658559318735913 -13.658559318735913 -13.658559318735913 -13.658559318735913 -13.658559318735913 -13.658559318735913 -13.658559318735913 -13.658559318735913 -13.658559318735913 -13.658559318735913 -13.658559318735913 -13.658559318735913 -13.658559318735913 -13.658559318735913 -13.658559318735913 -13.658559318735913 -13.658559318735913 -13.658559318735913 -13.658559318735913 -13.658559318735913 -13.658559318735913 -13.658559318735913 -13.658559318735913 -13.658559318735913 -13.658559318735913
8.819095477386934 -13.655439932145143 -13.655439932145143 -13.655439932145143 -13.655439932145143 -13.655439932145143 -13.655439932145143 -13.655439932145143 -13.655439932145143 -13.655439932145143 -13.655439932145143 -13.655439932145143 -13.655439932145143 -13.655439932145143 -13.655439932145143 -13.655439932145143 -13.655439932145143 -13.655439932145143 -13.655439932145143 -13.655439932145143 -13.655439932145143 -13.655439932145143 -13.655439932145143 -13.655439932145143 -13.655439932145143 -13.655439932145143 -13.655439932145143 -13.655439932145143 -13.655439932145143 -13.655439932145143
8.894472361809044 -13.652320545554373 -13.652320545554373 -13.652320545554373 -13.652320545554373 -13.652320545554373 -13.652320545554373 -13.652320545554373 -13.652320545554373 -13.652320545554373 -13.652320545554373 -13.652320545554373 -13.652320545554373 -13.652320545554373 -13.652320545554373 -13.652320545554373 -13.652320545554373 -13.652320545554373 -13.652320545554373 -13.652320545554373 -13.652320545554373 -13.652320545554373 -13.652320545554373 -13.652320545554373 -13.652320545554373 -13.652320545554373 -13.652320545554373 -13.652320545554373 -13.652320545554373 -13.652320545554373
8.969849246231155 -13.649201158963601 -13.649201158963601 -13.649201158963601 -13.649201158963601 -13.649201158963601 -13.649201158963601 -13.649201158963601 -13.649201158963601 -13.649201158963601 -13.649201158963601 -13.649201158963601 -13.649201158963601 -13.649201158963601 -13.649201158963601 -13.649201158963601 -13.649201158963601 -13.649201158963601 -13.649201158963601 -13.649201158963601 -13.649201158963601 -13.649201158963601 -13.649201158963601 -13.649201158963601 -13.649201158963601 -13.649201158963601 -13.649201158963601 -13.649201158963601 -13.649201158963601 -13.649201158963601
9.045226130653266 -13.646081772372831 -13.646081772372831 -13.646081772372831 -13.646081772372831 -13.646081772372831 -13.646081772372831 -13.646081772372831 -13.646081772372831 -13.646081772372831 -13.646081772372831 -13.646081772372831 -13.646081772372831 -13.646081772372831 -13.646081772372831 -13.646081772372831 -13.646081772372831 -13.646081772372831 -13.646081772372831 -13.646081772372831 -13.646081772372831 -13.646081772372831 -13.646081772372831 -13.646081772372831 -13.646081772372831 -13.646081772372831 -13.646081772372831 -13.646081772372831 -13.646081772372831 -13.646081772372831
9.120603015075377 -13.64296238578206 -13.64296238578206 -13.64296238578206 -13.64296238578206 -13.64296238578206 -13.64296238578206 -13.64296238578206 -13.64296238578206 -13.64296238578206 -13.64296238578206 -13.64296238578206 -13.64296238578206 -13.64296238578206 -13.64296238578206 -13.64296238578206 -13.64296238578206 -13.64296238578206 -13.64296238578206 -13.64296238578206 -13.64296238578206 -13.64296238578206 -13.64296238578206 -13.64296238578206 -13.64296238578206 -13.64296238578206 -13.64296238578206 -13.64296238578206 -13.64296238578206 -13.64296238578206
9.195979899497488 -13.63984299919129 -13.63984299919129 -13.63984299919129 -13.63984299919129 -13.63984299919129 -13.63984299919129 -13.63984299919129 -13.63984299919129 -13.63984299919129 -13.63984299919129 -13.63984299919129 -13.63984299919129 -13.63984299919129 -13.63984299919129 -13.63984299919129 -13.63984299919129 -13.63984299919129 -13.63984299919129 -13.63984299919129 -13.63984299919129 -13.63984299919129 -13.63984299919129 -13.63984299919129 -13.63984299919129 -13.63984299919129 -13.63984299919129 -13.63984299919129 -13.63984299919129 -13.63984299919129
9.271356783919597 -13.63672361260052 -13.63672361260052 -13.63672361260052 -13.63672361260052 -13.63672361260052 -13.63672361260052 -13.63672361260052 -13.63672361260052 -13.63672361260052 -13.63672361260052 -13.63672361260052 -13.63672361260052 -13.63672361260052 -13.63672361260052 -13.63672361260052 -13.63672361260052 -13.63672361260052 -13.63672361260052 -13.63672361260052 -13.63672361260052 -13.63672361260052 -13.63672361260052 -13.63672361260052 -13.63672361260052 -13.63672361260052 -13.63672361260052 -13.63672361260052 -13.63672361260052 -13.63672361260052
9.346733668341708 -13.633604226009748 -13.633604226009748 -13.633604226009748 -13.633604226009748 -13.633604226009748 -13.633604226009748 -13.633604226009748 -13.633604226009748 -13.633604226009748 -13.633604226009748 -13.633604226009748 -13.633604226009748 -13.633604226009748 -13.633604226009748 -13.633604226009748 -13.633604226009748 -13.633604226009748 -13.633604226009748 -13.633604226009748 -13.633604226009748 -13.633604226009748 -13.633604226009748 -13.633604226009748 -13.633604226009748 -13.633604226009748 -13.633604226009748 -13.633604226009748 -13.633604226009748 -13.633604226009748
9.422110552763819 -13.630484839418978 -13.630484839418978 -13.630484839418978 -13.630484839418978 -13.630484839418978 -13.630484839418978 -13.630484839418978 -13.630484839418978 -13.630484839418978 -13.630484839418978 -13.630484839418978 -13.630484839418978 -13.630484839418978 -13.630484839418978 -13.630484839418978 -13.630484839418978 -13.630484839418978 -13.630484839418978 -13.630484839418978 -13.630484839418978 -13.630484839418978 -13.630484839418978 -13.630484839418978 -13.630484839418978 -13.630484839418978 -13.630484839418978 -13.630484839418978 -13.630484839418978 -13.630484839418978
9.497487437185928 -13.627365452828208 -13.627365452828208 -13.627365452828208 -13.627365452828208 -13.627365452828208 -13.627365452828208 -13.627365452828208 -13.627365452828208 -13.627365452828208 -13.627365452828208 -13.627365452828208 -13.627365452828208 -13.627365452828208 -13.627365452828208 -13.627365452828208 -13.627365452828208 -13.627365452828208 -13.627365452828208 -13.627365452828208 -13.627365452828208 -13.627365452828208 -13.627365452828208 -13.627365452828208 -13.627365452828208 -13.627365452828208 -13.627365452828208 -13.627365452828208 -13.627365452828208 -13.627365452828208
9.572864321608039 -13.624246066237436 -13.624246066237436 -13.624246066237436 -13.624246066237436 -13.624246066237436 -13.624246066237436 -13.624246066237436 -13.624246066237436 -13.624246066237436 -13.624246066237436 -13.624246066237436 -13.624246066237436 -13.624246066237436 -13.624246066237436 -13.624246066237436 -13.624246066237436 -13.624246066237436 -13.624246066237436 -13.624246066237436 -13.624246066237436 -13.624246066237436 -13.624246066237436 -13.624246066237436 -13.624246066237436 -13.624246066237436 -13.624246066237436 -13.624246066237436 -13.624246066237436 -13.624246066237436
9.64824120603015 -13.621126679646666 -13.621126679646666 -13.621126679646666 -13.621126679646666 -13.621126679646666 -13.621126679646666 -13.621126679646666 -13.621126679646666 -13.621126679646666 -13.621126679646666 -13.621126679646666 -13.621126679646666 -13.621126679646666 -13.621126679646666 -13.621126679646666 -13.621126679646666 -13.621126679646666 -13.621126679646666 -13.621126679646666 -13.621126679646666 -13.621126679646666 -13.621126679646666 -13.621126679646666 -13.621126679646666 -13.621126679646666 -13.621126679646666 -13.621126679646666 -13.621126679646666 -13.621126679646666
9.72361809045226 -13.618007293055895 -13.618007293055895 -13.618007293055895 -13.618007293055895 -13.618007293055895 -13.618007293055895 -13.618007293055895 -13.618007293055895 -13.618007293055895 -13.618007293055895 -13.618007293055895 -13.618007293055895 -13.618007293055895 -13.618007293055895 -13.618007293055895 -13.618007293055895 -13.618007293055895 -13.618007293055895 -13.618007293055895 -13.618007293055895 -13.618007293055895 -13.618007293055895 -13.618007293055895 -13.618007293055895 -13.618007293055895 -13.618007293055895 -13.618007293055895 -13.618007293055895 -13.618007293055895
9.798994974874372 -13.614887906465125 -13.614887906465125 -13.614887906465125 -13.614887906465125 -13.614887906465125 -13.614887906465125 -13.614887906465125 -13.614887906465125 -13.614887906465125 -13.614887906465125 -13.614887906465125 -13.614887906465125 -13.614887906465125 -13.614887906465125 -13.614887906465125 -13.614887906465125 -13.614887906465125 -13.614887906465125 -13.614887906465125 -13.614887906465125 -13.614887906465125 -13.614887906465125 -13.614887906465125 -13.614887906465125 -13.614887906465125 -13.614887906465125 -13.614887906465125 -13.614887906465125 -13.614887906465125
9.874371859296481 -13.611768519874355 -13.611768519874355 -13.611768519874355 -13.611768519874355 -13.611768519874355 -13.611768519874355 -13.611768519874355 -13.611768519874355 -13.611768519874355 -13.611768519874355 -13.611768519874355 -13.611768519874355 -13.611768519874355 -13.611768519874355 -13.611768519874355 -13.611768519874355 -13.611768519874355 -13.611768519874355 -13.611768519874355 -13.611768519874355 -13.611768519874355 -13.611768519874355 -13.611768519874355 -13.611768519874355 -13.611768519874355 -13.611768519874355 -13.611768519874355 -13.611768519874355 -13.611768519874355
9.949748743718592 -13.608649133283583 -13.608649133283583 -13.608649133283583 -13.608649133283583 -13.608649133283583 -13.608649133283583 -13.608649133283583 -13.608649133283583 -13.608649133283583 -13.608649133283583 -13.608649133283583 -13.608649133283583 -13.608649133283583 -13.608649133283583 -13.608649133283583 -13.608649133283583 -13.608649133283583 -13.608649133283583 -13.608649133283583 -13.608649133283583 -13.608649133283583 -13.608649133283583 -13.608649133283583 -13.608649133283583 -13.608649133283583 -13.608649133283583 -13.608649133283583 -13.608649133283583 -13.608649133283583
10.025125628140703 -13.605529746692813 -13.605529746692813 -13.605529746692813 -13.605529746692813 -13.605529746692813 -13.605529746692813 -13.605529746692813 -13.605529746692813 -13.605529746692813 -13.605529746692813 -13.605529746692813 -13.605529746692813 -13.605529746692813 -13.605529746692813 -13.605529746692813 -13.605529746692813 -13.605529746692813 -13.605529746692813 -13.605529746692813 -13.605529746692813 -13.605529746692813 -13.605529746692813 -13.605529746692813 -13.605529746692813 -13.605529746692813 -13.605529746692813 -13.605529746692813 -13.605529746692813 -13.605529746692813
10.100502512562812 -13.602410360102041 -13.602410360102041 -13.602410360102041 -13.602410360102041 -13.602410360102041 -13.602410360102041 -13.602410360102041 -13.602410360102041 -13.602410360102041 -13.602410360102041 -13.602410360102041 -13.602410360102041 -13.602410360102041 -13.602410360102041 -13.602410360102041 -13.602410360102041 -13.602410360102041 -13.602410360102041 -13.602410360102041 -13.602410360102041 -13.602410360102041 -13.602410360102041 -13.602410360102041 -13.602410360102041 -13.602410360102041 -13.602410360102041 -13.602410360102041 -13.602410360102041 -13.602410360102041
