web/models/linear/5/-12_367_0_009.dat
# %ECSV 1.0
# ---
# datatype:
# - {name: time, datatype: float64}
# - {name: swift_uvot_uvw2, datatype: float64}
# - {name: swift_uvot_uvm2, datatype: float64}
# - {name: swift_uvot_uvw1, datatype: float64}
# - {name: swift_uvot_U, datatype: float64}
# - {name: swift_uvot_B, datatype: float64}
# - {name: swift_uvot_V, datatype: float64}
# - {name: swift_uvot_W, datatype: float64}
# - {name: johnson_U, datatype: float64}
# - {name: johnson_B, datatype: float64}
# - {name: johnson_V, datatype: float64}
# - {name: johnson_R, datatype: float64}
# - {name: johnson_I, datatype: float64}
# - {name: sdss_u, datatype: float64}
# - {name: sdss_g, datatype: float64}
# - {name: sdss_r, datatype: float64}
# - {name: sdss_i, datatype: float64}
# - {name: sdss_z, datatype: float64}
# - {name: PS1_g, datatype: float64}
# - {name: PS1_r, datatype: float64}
# - {name: PS1_i, datatype: float64}
# - {name: PS1_z, datatype: float64}
# - {name: PS1_Y, datatype: float64}
# - {name: PS1_w, datatype: float64}
# - {name: ATLAS_c, datatype: float64}
# - {name: ATLAS_o, datatype: float64}
# - {name: ukirt_J, datatype: float64}
# - {name: ukirt_H, datatype: float64}
# - {name: ukirt_K, datatype: float64}
# - {name: Clear, datatype: float64}
# meta: !!omap
# - comment: [M=-12.36734693877551, dM=0.008773066621237415]
# schema: astropy-2.0
time swift_uvot_uvw2 swift_uvot_uvm2 swift_uvot_uvw1 swift_uvot_U swift_uvot_B swift_uvot_V swift_uvot_W johnson_U johnson_B johnson_V johnson_R johnson_I sdss_u sdss_g sdss_r sdss_i sdss_z PS1_g PS1_r PS1_i PS1_z PS1_Y PS1_w ATLAS_c ATLAS_o ukirt_J ukirt_H ukirt_K Clear
0.0 -12.36734693877551 -12.36734693877551 -12.36734693877551 -12.36734693877551 -12.36734693877551 -12.36734693877551 -12.36734693877551 -12.36734693877551 -12.36734693877551 -12.36734693877551 -12.36734693877551 -12.36734693877551 -12.36734693877551 -12.36734693877551 -12.36734693877551 -12.36734693877551 -12.36734693877551 -12.36734693877551 -12.36734693877551 -12.36734693877551 -12.36734693877551 -12.36734693877551 -12.36734693877551 -12.36734693877551 -12.36734693877551 -12.36734693877551 -12.36734693877551 -12.36734693877551 -12.36734693877551
0.07537688442211055 -12.366685652346774 -12.366685652346774 -12.366685652346774 -12.366685652346774 -12.366685652346774 -12.366685652346774 -12.366685652346774 -12.366685652346774 -12.366685652346774 -12.366685652346774 -12.366685652346774 -12.366685652346774 -12.366685652346774 -12.366685652346774 -12.366685652346774 -12.366685652346774 -12.366685652346774 -12.366685652346774 -12.366685652346774 -12.366685652346774 -12.366685652346774 -12.366685652346774 -12.366685652346774 -12.366685652346774 -12.366685652346774 -12.366685652346774 -12.366685652346774 -12.366685652346774 -12.366685652346774
0.1507537688442211 -12.366024365918037 -12.366024365918037 -12.366024365918037 -12.366024365918037 -12.366024365918037 -12.366024365918037 -12.366024365918037 -12.366024365918037 -12.366024365918037 -12.366024365918037 -12.366024365918037 -12.366024365918037 -12.366024365918037 -12.366024365918037 -12.366024365918037 -12.366024365918037 -12.366024365918037 -12.366024365918037 -12.366024365918037 -12.366024365918037 -12.366024365918037 -12.366024365918037 -12.366024365918037 -12.366024365918037 -12.366024365918037 -12.366024365918037 -12.366024365918037 -12.366024365918037 -12.366024365918037
0.22613065326633164 -12.3653630794893 -12.3653630794893 -12.3653630794893 -12.3653630794893 -12.3653630794893 -12.3653630794893 -12.3653630794893 -12.3653630794893 -12.3653630794893 -12.3653630794893 -12.3653630794893 -12.3653630794893 -12.3653630794893 -12.3653630794893 -12.3653630794893 -12.3653630794893 -12.3653630794893 -12.3653630794893 -12.3653630794893 -12.3653630794893 -12.3653630794893 -12.3653630794893 -12.3653630794893 -12.3653630794893 -12.3653630794893 -12.3653630794893 -12.3653630794893 -12.3653630794893 -12.3653630794893
0.3015075376884422 -12.364701793060565 -12.364701793060565 -12.364701793060565 -12.364701793060565 -12.364701793060565 -12.364701793060565 -12.364701793060565 -12.364701793060565 -12.364701793060565 -12.364701793060565 -12.364701793060565 -12.364701793060565 -12.364701793060565 -12.364701793060565 -12.364701793060565 -12.364701793060565 -12.364701793060565 -12.364701793060565 -12.364701793060565 -12.364701793060565 -12.364701793060565 -12.364701793060565 -12.364701793060565 -12.364701793060565 -12.364701793060565 -12.364701793060565 -12.364701793060565 -12.364701793060565 -12.364701793060565
0.37688442211055273 -12.364040506631827 -12.364040506631827 -12.364040506631827 -12.364040506631827 -12.364040506631827 -12.364040506631827 -12.364040506631827 -12.364040506631827 -12.364040506631827 -12.364040506631827 -12.364040506631827 -12.364040506631827 -12.364040506631827 -12.364040506631827 -12.364040506631827 -12.364040506631827 -12.364040506631827 -12.364040506631827 -12.364040506631827 -12.364040506631827 -12.364040506631827 -12.364040506631827 -12.364040506631827 -12.364040506631827 -12.364040506631827 -12.364040506631827 -12.364040506631827 -12.364040506631827 -12.364040506631827
0.4522613065326633 -12.363379220203091 -12.363379220203091 -12.363379220203091 -12.363379220203091 -12.363379220203091 -12.363379220203091 -12.363379220203091 -12.363379220203091 -12.363379220203091 -12.363379220203091 -12.363379220203091 -12.363379220203091 -12.363379220203091 -12.363379220203091 -12.363379220203091 -12.363379220203091 -12.363379220203091 -12.363379220203091 -12.363379220203091 -12.363379220203091 -12.363379220203091 -12.363379220203091 -12.363379220203091 -12.363379220203091 -12.363379220203091 -12.363379220203091 -12.363379220203091 -12.363379220203091 -12.363379220203091
0.5276381909547738 -12.362717933774356 -12.362717933774356 -12.362717933774356 -12.362717933774356 -12.362717933774356 -12.362717933774356 -12.362717933774356 -12.362717933774356 -12.362717933774356 -12.362717933774356 -12.362717933774356 -12.362717933774356 -12.362717933774356 -12.362717933774356 -12.362717933774356 -12.362717933774356 -12.362717933774356 -12.362717933774356 -12.362717933774356 -12.362717933774356 -12.362717933774356 -12.362717933774356 -12.362717933774356 -12.362717933774356 -12.362717933774356 -12.362717933774356 -12.362717933774356 -12.362717933774356 -12.362717933774356
0.6030150753768844 -12.362056647345618 -12.362056647345618 -12.362056647345618 -12.362056647345618 -12.362056647345618 -12.362056647345618 -12.362056647345618 -12.362056647345618 -12.362056647345618 -12.362056647345618 -12.362056647345618 -12.362056647345618 -12.362056647345618 -12.362056647345618 -12.362056647345618 -12.362056647345618 -12.362056647345618 -12.362056647345618 -12.362056647345618 -12.362056647345618 -12.362056647345618 -12.362056647345618 -12.362056647345618 -12.362056647345618 -12.362056647345618 -12.362056647345618 -12.362056647345618 -12.362056647345618 -12.362056647345618
0.6783919597989949 -12.361395360916882 -12.361395360916882 -12.361395360916882 -12.361395360916882 -12.361395360916882 -12.361395360916882 -12.361395360916882 -12.361395360916882 -12.361395360916882 -12.361395360916882 -12.361395360916882 -12.361395360916882 -12.361395360916882 -12.361395360916882 -12.361395360916882 -12.361395360916882 -12.361395360916882 -12.361395360916882 -12.361395360916882 -12.361395360916882 -12.361395360916882 -12.361395360916882 -12.361395360916882 -12.361395360916882 -12.361395360916882 -12.361395360916882 -12.361395360916882 -12.361395360916882 -12.361395360916882
0.7537688442211055 -12.360734074488144 -12.360734074488144 -12.360734074488144 -12.360734074488144 -12.360734074488144 -12.360734074488144 -12.360734074488144 -12.360734074488144 -12.360734074488144 -12.360734074488144 -12.360734074488144 -12.360734074488144 -12.360734074488144 -12.360734074488144 -12.360734074488144 -12.360734074488144 -12.360734074488144 -12.360734074488144 -12.360734074488144 -12.360734074488144 -12.360734074488144 -12.360734074488144 -12.360734074488144 -12.360734074488144 -12.360734074488144 -12.360734074488144 -12.360734074488144 -12.360734074488144 -12.360734074488144
0.829145728643216 -12.360072788059409 -12.360072788059409 -12.360072788059409 -12.360072788059409 -12.360072788059409 -12.360072788059409 -12.360072788059409 -12.360072788059409 -12.360072788059409 -12.360072788059409 -12.360072788059409 -12.360072788059409 -12.360072788059409 -12.360072788059409 -12.360072788059409 -12.360072788059409 -12.360072788059409 -12.360072788059409 -12.360072788059409 -12.360072788059409 -12.360072788059409 -12.360072788059409 -12.360072788059409 -12.360072788059409 -12.360072788059409 -12.360072788059409 -12.360072788059409 -12.360072788059409 -12.360072788059409
0.9045226130653266 -12.359411501630673 -12.359411501630673 -12.359411501630673 -12.359411501630673 -12.359411501630673 -12.359411501630673 -12.359411501630673 -12.359411501630673 -12.359411501630673 -12.359411501630673 -12.359411501630673 -12.359411501630673 -12.359411501630673 -12.359411501630673 -12.359411501630673 -12.359411501630673 -12.359411501630673 -12.359411501630673 -12.359411501630673 -12.359411501630673 -12.359411501630673 -12.359411501630673 -12.359411501630673 -12.359411501630673 -12.359411501630673 -12.359411501630673 -12.359411501630673 -12.359411501630673 -12.359411501630673
0.9798994974874371 -12.358750215201935 -12.358750215201935 -12.358750215201935 -12.358750215201935 -12.358750215201935 -12.358750215201935 -12.358750215201935 -12.358750215201935 -12.358750215201935 -12.358750215201935 -12.358750215201935 -12.358750215201935 -12.358750215201935 -12.358750215201935 -12.358750215201935 -12.358750215201935 -12.358750215201935 -12.358750215201935 -12.358750215201935 -12.358750215201935 -12.358750215201935 -12.358750215201935 -12.358750215201935 -12.358750215201935 -12.358750215201935 -12.358750215201935 -12.358750215201935 -12.358750215201935 -12.358750215201935
1.0552763819095476 -12.3580889287732 -12.3580889287732 -12.3580889287732 -12.3580889287732 -12.3580889287732 -12.3580889287732 -12.3580889287732 -12.3580889287732 -12.3580889287732 -12.3580889287732 -12.3580889287732 -12.3580889287732 -12.3580889287732 -12.3580889287732 -12.3580889287732 -12.3580889287732 -12.3580889287732 -12.3580889287732 -12.3580889287732 -12.3580889287732 -12.3580889287732 -12.3580889287732 -12.3580889287732 -12.3580889287732 -12.3580889287732 -12.3580889287732 -12.3580889287732 -12.3580889287732 -12.3580889287732
1.1306532663316582 -12.357427642344463 -12.357427642344463 -12.357427642344463 -12.357427642344463 -12.357427642344463 -12.357427642344463 -12.357427642344463 -12.357427642344463 -12.357427642344463 -12.357427642344463 -12.357427642344463 -12.357427642344463 -12.357427642344463 -12.357427642344463 -12.357427642344463 -12.357427642344463 -12.357427642344463 -12.357427642344463 -12.357427642344463 -12.357427642344463 -12.357427642344463 -12.357427642344463 -12.357427642344463 -12.357427642344463 -12.357427642344463 -12.357427642344463 -12.357427642344463 -12.357427642344463 -12.357427642344463
1.2060301507537687 -12.356766355915726 -12.356766355915726 -12.356766355915726 -12.356766355915726 -12.356766355915726 -12.356766355915726 -12.356766355915726 -12.356766355915726 -12.356766355915726 -12.356766355915726 -12.356766355915726 -12.356766355915726 -12.356766355915726 -12.356766355915726 -12.356766355915726 -12.356766355915726 -12.356766355915726 -12.356766355915726 -12.356766355915726 -12.356766355915726 -12.356766355915726 -12.356766355915726 -12.356766355915726 -12.356766355915726 -12.356766355915726 -12.356766355915726 -12.356766355915726 -12.356766355915726 -12.356766355915726
1.2814070351758793 -12.35610506948699 -12.35610506948699 -12.35610506948699 -12.35610506948699 -12.35610506948699 -12.35610506948699 -12.35610506948699 -12.35610506948699 -12.35610506948699 -12.35610506948699 -12.35610506948699 -12.35610506948699 -12.35610506948699 -12.35610506948699 -12.35610506948699 -12.35610506948699 -12.35610506948699 -12.35610506948699 -12.35610506948699 -12.35610506948699 -12.35610506948699 -12.35610506948699 -12.35610506948699 -12.35610506948699 -12.35610506948699 -12.35610506948699 -12.35610506948699 -12.35610506948699 -12.35610506948699
1.3567839195979898 -12.355443783058254 -12.355443783058254 -12.355443783058254 -12.355443783058254 -12.355443783058254 -12.355443783058254 -12.355443783058254 -12.355443783058254 -12.355443783058254 -12.355443783058254 -12.355443783058254 -12.355443783058254 -12.355443783058254 -12.355443783058254 -12.355443783058254 -12.355443783058254 -12.355443783058254 -12.355443783058254 -12.355443783058254 -12.355443783058254 -12.355443783058254 -12.355443783058254 -12.355443783058254 -12.355443783058254 -12.355443783058254 -12.355443783058254 -12.355443783058254 -12.355443783058254 -12.355443783058254
1.4321608040201004 -12.354782496629516 -12.354782496629516 -12.354782496629516 -12.354782496629516 -12.354782496629516 -12.354782496629516 -12.354782496629516 -12.354782496629516 -12.354782496629516 -12.354782496629516 -12.354782496629516 -12.354782496629516 -12.354782496629516 -12.354782496629516 -12.354782496629516 -12.354782496629516 -12.354782496629516 -12.354782496629516 -12.354782496629516 -12.354782496629516 -12.354782496629516 -12.354782496629516 -12.354782496629516 -12.354782496629516 -12.354782496629516 -12.354782496629516 -12.354782496629516 -12.354782496629516 -12.354782496629516
1.507537688442211 -12.35412121020078 -12.35412121020078 -12.35412121020078 -12.35412121020078 -12.35412121020078 -12.35412121020078 -12.35412121020078 -12.35412121020078 -12.35412121020078 -12.35412121020078 -12.35412121020078 -12.35412121020078 -12.35412121020078 -12.35412121020078 -12.35412121020078 -12.35412121020078 -12.35412121020078 -12.35412121020078 -12.35412121020078 -12.35412121020078 -12.35412121020078 -12.35412121020078 -12.35412121020078 -12.35412121020078 -12.35412121020078 -12.35412121020078 -12.35412121020078 -12.35412121020078 -12.35412121020078
1.5829145728643215 -12.353459923772045 -12.353459923772045 -12.353459923772045 -12.353459923772045 -12.353459923772045 -12.353459923772045 -12.353459923772045 -12.353459923772045 -12.353459923772045 -12.353459923772045 -12.353459923772045 -12.353459923772045 -12.353459923772045 -12.353459923772045 -12.353459923772045 -12.353459923772045 -12.353459923772045 -12.353459923772045 -12.353459923772045 -12.353459923772045 -12.353459923772045 -12.353459923772045 -12.353459923772045 -12.353459923772045 -12.353459923772045 -12.353459923772045 -12.353459923772045 -12.353459923772045 -12.353459923772045
1.658291457286432 -12.352798637343307 -12.352798637343307 -12.352798637343307 -12.352798637343307 -12.352798637343307 -12.352798637343307 -12.352798637343307 -12.352798637343307 -12.352798637343307 -12.352798637343307 -12.352798637343307 -12.352798637343307 -12.352798637343307 -12.352798637343307 -12.352798637343307 -12.352798637343307 -12.352798637343307 -12.352798637343307 -12.352798637343307 -12.352798637343307 -12.352798637343307 -12.352798637343307 -12.352798637343307 -12.352798637343307 -12.352798637343307 -12.352798637343307 -12.352798637343307 -12.352798637343307 -12.352798637343307
1.7336683417085426 -12.352137350914571 -12.352137350914571 -12.352137350914571 -12.352137350914571 -12.352137350914571 -12.352137350914571 -12.352137350914571 -12.352137350914571 -12.352137350914571 -12.352137350914571 -12.352137350914571 -12.352137350914571 -12.352137350914571 -12.352137350914571 -12.352137350914571 -12.352137350914571 -12.352137350914571 -12.352137350914571 -12.352137350914571 -12.352137350914571 -12.352137350914571 -12.352137350914571 -12.352137350914571 -12.352137350914571 -12.352137350914571 -12.352137350914571 -12.352137350914571 -12.352137350914571 -12.352137350914571
1.809045226130653 -12.351476064485835 -12.351476064485835 -12.351476064485835 -12.351476064485835 -12.351476064485835 -12.351476064485835 -12.351476064485835 -12.351476064485835 -12.351476064485835 -12.351476064485835 -12.351476064485835 -12.351476064485835 -12.351476064485835 -12.351476064485835 -12.351476064485835 -12.351476064485835 -12.351476064485835 -12.351476064485835 -12.351476064485835 -12.351476064485835 -12.351476064485835 -12.351476064485835 -12.351476064485835 -12.351476064485835 -12.351476064485835 -12.351476064485835 -12.351476064485835 -12.351476064485835 -12.351476064485835
1.8844221105527637 -12.350814778057098 -12.350814778057098 -12.350814778057098 -12.350814778057098 -12.350814778057098 -12.350814778057098 -12.350814778057098 -12.350814778057098 -12.350814778057098 -12.350814778057098 -12.350814778057098 -12.350814778057098 -12.350814778057098 -12.350814778057098 -12.350814778057098 -12.350814778057098 -12.350814778057098 -12.350814778057098 -12.350814778057098 -12.350814778057098 -12.350814778057098 -12.350814778057098 -12.350814778057098 -12.350814778057098 -12.350814778057098 -12.350814778057098 -12.350814778057098 -12.350814778057098 -12.350814778057098
1.9597989949748742 -12.350153491628362 -12.350153491628362 -12.350153491628362 -12.350153491628362 -12.350153491628362 -12.350153491628362 -12.350153491628362 -12.350153491628362 -12.350153491628362 -12.350153491628362 -12.350153491628362 -12.350153491628362 -12.350153491628362 -12.350153491628362 -12.350153491628362 -12.350153491628362 -12.350153491628362 -12.350153491628362 -12.350153491628362 -12.350153491628362 -12.350153491628362 -12.350153491628362 -12.350153491628362 -12.350153491628362 -12.350153491628362 -12.350153491628362 -12.350153491628362 -12.350153491628362 -12.350153491628362
