web/models/kne.last_good/kappa_0.5_3.0.v1/34/villar_0.0052_0.4530_3.0000.dat
# %ECSV 1.0
# ---
# datatype:
# - {name: time, datatype: float64}
# - {name: swift_uvot_uvw2, datatype: float64}
# - {name: swift_uvot_uvm2, datatype: float64}
# - {name: swift_uvot_uvw1, datatype: float64}
# - {name: swift_uvot_U, datatype: float64}
# - {name: swift_uvot_B, datatype: float64}
# - {name: swift_uvot_V, datatype: float64}
# - {name: swift_uvot_W, datatype: float64}
# - {name: johnson_U, datatype: float64}
# - {name: johnson_B, datatype: float64}
# - {name: johnson_V, datatype: float64}
# - {name: johnson_R, datatype: float64}
# - {name: johnson_I, datatype: float64}
# - {name: sdss_u, datatype: float64}
# - {name: sdss_g, datatype: float64}
# - {name: sdss_r, datatype: float64}
# - {name: sdss_i, datatype: float64}
# - {name: sdss_z, datatype: float64}
# - {name: PS1_g, datatype: float64}
# - {name: PS1_r, datatype: float64}
# - {name: PS1_i, datatype: float64}
# - {name: PS1_z, datatype: float64}
# - {name: PS1_Y, datatype: float64}
# - {name: PS1_w, datatype: float64}
# - {name: ATLAS_c, datatype: float64}
# - {name: ATLAS_o, datatype: float64}
# - {name: ukirt_J, datatype: float64}
# - {name: ukirt_H, datatype: float64}
# - {name: ukirt_K, datatype: float64}
# - {name: Clear, datatype: float64}
# meta: !!omap
# - comment: [kappa = 3.0, type = villar, mass = 0.005244756555828381, velocity = 0.453, theta_obs = 0.0]
# schema: astropy-2.0
time swift_uvot_uvw2 swift_uvot_uvm2 swift_uvot_uvw1 swift_uvot_U swift_uvot_B swift_uvot_V swift_uvot_W johnson_U johnson_B johnson_V johnson_R johnson_I sdss_u sdss_g sdss_r sdss_i sdss_z PS1_g PS1_r PS1_i PS1_z PS1_Y PS1_w ATLAS_c ATLAS_o ukirt_J ukirt_H ukirt_K Clear
[from data line 147]
0.079839 -9.643 -10.038 -10.682 -11.642 -12.057 -12.256 -11.3 -11.724 -12.059 -12.256 -12.275 -12.177 -11.708 -12.14 -12.29 -12.26 -12.16 -12.181 -12.298 -12.268 -12.199 -12.159 -12.243 -12.219 -12.278 -11.825 -11.46 -10.978 -12.219
0.082253 -9.623 -10.018 -10.675 -11.651 -12.077 -12.284 -11.312 -11.734 -12.078 -12.284 -12.309 -12.216 -11.718 -12.162 -12.321 -12.296 -12.2 -12.204 -12.329 -12.305 -12.238 -12.199 -12.274 -12.245 -12.311 -11.869 -11.507 -11.027 -12.249
0.084741 -9.603 -9.998 -10.667 -11.658 -12.095 -12.311 -11.323 -11.744 -12.097 -12.311 -12.343 -12.255 -11.727 -12.184 -12.352 -12.332 -12.239 -12.227 -12.36 -12.341 -12.277 -12.24 -12.304 -12.271 -12.344 -11.913 -11.554 -11.076 -12.278
0.087304 -9.583 -9.976 -10.659 -11.666 -12.114 -12.337 -11.334 -11.753 -12.116 -12.338 -12.376 -12.293 -11.736 -12.206 -12.383 -12.368 -12.278 -12.25 -12.391 -12.376 -12.315 -12.28 -12.334 -12.297 -12.377 -11.957 -11.601 -11.125 -12.308
0.089944 -9.561 -9.954 -10.65 -11.672 -12.131 -12.364 -11.345 -11.762 -12.134 -12.365 -12.409 -12.331 -11.744 -12.227 -12.413 -12.403 -12.317 -12.272 -12.421 -12.412 -12.353 -12.32 -12.364 -12.322 -12.41 -12.001 -11.647 -11.174 -12.337
0.092665 -9.539 -9.931 -10.64 -11.678 -12.149 -12.39 -11.355 -11.77 -12.151 -12.391 -12.441 -12.369 -11.751 -12.247 -12.443 -12.438 -12.356 -12.294 -12.451 -12.447 -12.391 -12.359 -12.393 -12.347 -12.442 -12.045 -11.694 -11.222 -12.365
0.095467 -9.516 -9.906 -10.629 -11.684 -12.165 -12.415 -11.364 -11.777 -12.168 -12.417 -12.474 -12.407 -11.758 -12.267 -12.473 -12.473 -12.394 -12.316 -12.481 -12.482 -12.429 -12.399 -12.422 -12.372 -12.474 -12.089 -11.74 -11.271 -12.393
0.098355 -9.493 -9.881 -10.618 -11.688 -12.182 -12.44 -11.374 -11.784 -12.185 -12.442 -12.506 -12.444 -11.763 -12.286 -12.502 -12.507 -12.432 -12.336 -12.51 -12.516 -12.467 -12.438 -12.451 -12.396 -12.505 -12.132 -11.786 -11.319 -12.421
0.101329 -9.469 -9.854 -10.605 -11.692 -12.197 -12.465 -11.382 -11.79 -12.2 -12.467 -12.537 -12.481 -11.769 -12.305 -12.531 -12.541 -12.47 -12.357 -12.539 -12.55 -12.504 -12.477 -12.479 -12.419 -12.536 -12.175 -11.832 -11.368 -12.449
0.104394 -9.444 -9.827 -10.592 -11.695 -12.212 -12.489 -11.391 -11.795 -12.216 -12.491 -12.569 -12.518 -11.773 -12.324 -12.559 -12.575 -12.508 -12.377 -12.568 -12.584 -12.541 -12.516 -12.507 -12.442 -12.567 -12.218 -11.878 -11.416 -12.476
0.107551 -9.419 -9.798 -10.578 -11.697 -12.227 -12.513 -11.399 -11.799 -12.23 -12.515 -12.599 -12.555 -11.777 -12.342 -12.587 -12.609 -12.545 -12.396 -12.596 -12.618 -12.578 -12.554 -12.535 -12.465 -12.598 -12.261 -11.924 -11.464 -12.503
0.110804 -9.393 -9.768 -10.563 -11.699 -12.24 -12.536 -11.406 -11.803 -12.244 -12.539 -12.63 -12.591 -11.78 -12.359 -12.615 -12.642 -12.582 -12.415 -12.624 -12.651 -12.614 -12.592 -12.562 -12.487 -12.628 -12.304 -11.97 -11.512 -12.529
0.114155 -9.366 -9.737 -10.547 -11.699 -12.253 -12.559 -11.413 -11.806 -12.258 -12.562 -12.66 -12.627 -11.782 -12.376 -12.642 -12.674 -12.619 -12.433 -12.651 -12.684 -12.65 -12.631 -12.589 -12.509 -12.658 -12.346 -12.015 -11.56 -12.555
0.117608 -9.339 -9.705 -10.531 -11.699 -12.266 -12.581 -11.42 -11.808 -12.27 -12.584 -12.69 -12.663 -11.784 -12.392 -12.669 -12.707 -12.656 -12.451 -12.678 -12.716 -12.686 -12.668 -12.615 -12.53 -12.687 -12.389 -12.061 -11.608 -12.581
0.121165 -9.311 -9.672 -10.513 -11.699 -12.278 -12.602 -11.426 -11.809 -12.283 -12.606 -12.719 -12.699 -11.784 -12.408 -12.695 -12.739 -12.692 -12.468 -12.704 -12.748 -12.722 -12.706 -12.641 -12.551 -12.716 -12.431 -12.106 -11.656 -12.606
0.124829 -9.282 -9.637 -10.495 -11.697 -12.289 -12.624 -11.431 -11.81 -12.294 -12.628 -12.748 -12.734 -11.784 -12.423 -12.721 -12.771 -12.728 -12.484 -12.73 -12.78 -12.757 -12.743 -12.666 -12.571 -12.744 -12.473 -12.151 -11.703 -12.631
0.128605 -9.253 -9.601 -10.475 -11.694 -12.3 -12.644 -11.436 -11.81 -12.305 -12.649 -12.777 -12.769 -11.783 -12.437 -12.746 -12.802 -12.763 -12.5 -12.756 -12.812 -12.792 -12.78 -12.691 -12.59 -12.773 -12.514 -12.196 -11.751 -12.656
0.132494 -9.223 -9.564 -10.455 -11.691 -12.31 -12.664 -11.441 -11.809 -12.315 -12.669 -12.805 -12.803 -11.781 -12.451 -12.771 -12.833 -12.799 -12.516 -12.781 -12.843 -12.826 -12.817 -12.716 -12.609 -12.8 -12.556 -12.241 -11.798 -12.68
0.136502 -9.193 -9.526 -10.433 -11.687 -12.319 -12.684 -11.445 -11.807 -12.324 -12.689 -12.833 -12.837 -11.779 -12.464 -12.796 -12.863 -12.834 -12.531 -12.805 -12.874 -12.861 -12.853 -12.74 -12.628 -12.827 -12.597 -12.285 -11.845 -12.703
0.14063 -9.162 -9.486 -10.411 -11.681 -12.327 -12.703 -11.448 -11.804 -12.333 -12.708 -12.86 -12.871 -11.775 -12.476 -12.82 -12.894 -12.868 -12.545 -12.83 -12.904 -12.895 -12.889 -12.764 -12.646 -12.854 -12.638 -12.33 -11.892 -12.726
0.144883 -9.131 -9.445 -10.388 -11.675 -12.335 -12.721 -11.451 -11.8 -12.341 -12.727 -12.887 -12.905 -11.771 -12.488 -12.843 -12.923 -12.903 -12.558 -12.853 -12.934 -12.928 -12.925 -12.787 -12.663 -12.881 -12.679 -12.374 -11.939 -12.749
0.149265 -9.099 -9.403 -10.363 -11.668 -12.342 -12.739 -11.453 -11.796 -12.348 -12.745 -12.913 -12.938 -11.765 -12.499 -12.866 -12.953 -12.937 -12.571 -12.876 -12.963 -12.961 -12.961 -12.81 -12.68 -12.907 -12.719 -12.418 -11.986 -12.771
0.15378 -9.067 -9.359 -10.338 -11.66 -12.348 -12.756 -11.455 -11.79 -12.355 -12.762 -12.939 -12.971 -11.759 -12.509 -12.888 -12.982 -12.97 -12.583 -12.899 -12.992 -12.994 -12.996 -12.832 -12.696 -12.932 -12.76 -12.462 -12.033 -12.793
0.15843 -9.034 -9.313 -10.311 -11.651 -12.353 -12.772 -11.456 -11.784 -12.361 -12.779 -12.965 -13.003 -11.751 -12.519 -12.91 -13.01 -13.004 -12.595 -12.921 -13.021 -13.027 -13.031 -12.854 -12.712 -12.957 -12.8 -12.505 -12.079 -12.814
0.163222 -9.001 -9.267 -10.283 -11.641 -12.358 -12.788 -11.457 -11.776 -12.365 -12.796 -12.99 -13.035 -11.743 -12.528 -12.931 -13.038 -13.037 -12.606 -12.942 -13.049 -13.059 -13.066 -12.875 -12.727 -12.981 -12.84 -12.549 -12.125 -12.835
0.168159 -8.968 -9.218 -10.255 -11.63 -12.362 -12.803 -11.457 -11.768 -12.37 -12.811 -13.014 -13.067 -11.733 -12.536 -12.952 -13.066 -13.069 -12.616 -12.963 -13.077 -13.091 -13.1 -12.896 -12.741 -13.005 -12.879 -12.592 -12.172 -12.856
0.173245 -8.934 -9.168 -10.225 -11.617 -12.364 -12.818 -11.456 -11.758 -12.373 -12.826 -13.038 -13.098 -11.723 -12.543 -12.972 -13.093 -13.101 -12.625 -12.983 -13.104 -13.122 -13.134 -12.916 -12.754 -13.029 -12.918 -12.635 -12.218 -12.875
0.178484 -8.9 -9.117 -10.194 -11.604 -12.366 -12.831 -11.455 -11.747 -12.375 -12.84 -13.061 -13.129 -11.711 -12.55 -12.991 -13.119 -13.133 -12.634 -13.003 -13.131 -13.153 -13.167 -12.936 -12.767 -13.051 -12.957 -12.678 -12.264 -12.895
0.183882 -8.866 -9.064 -10.161 -11.59 -12.367 -12.845 -11.453 -11.736 -12.377 -12.854 -13.084 -13.159 -11.699 -12.556 -13.01 -13.145 -13.164 -12.641 -13.022 -13.157 -13.183 -13.2 -12.955 -12.779 -13.074 -12.996 -12.72 -12.309 -12.913
0.189444 -8.831 -9.009 -10.128 -11.574 -12.368 -12.857 -11.45 -11.723 -12.377 -12.866 -13.106 -13.189 -11.685 -12.561 -13.029 -13.171 -13.195 -12.648 -13.04 -13.183 -13.214 -13.233 -12.973 -12.791 -13.095 -13.034 -12.763 -12.355 -12.932
0.195173 -8.797 -8.953 -10.093 -11.557 -12.367 -12.868 -11.446 -11.709 -12.377 -12.878 -13.128 -13.218 -11.67 -12.565 -13.046 -13.196 -13.225 -12.654 -13.058 -13.208 -13.243 -13.265 -12.991 -12.802 -13.116 -13.073 -12.805 -12.4 -12.949
0.201076 -8.762 -8.895 -10.057 -11.539 -12.365 -12.879 -11.442 -11.694 -12.375 -12.89 -13.149 -13.247 -11.653 -12.568 -13.063 -13.22 -13.255 -12.66 -13.075 -13.233 -13.272 -13.297 -13.008 -12.812 -13.137 -13.11 -12.847 -12.446 -12.966
0.207158 -8.727 -8.835 -10.019 -11.52 -12.362 -12.889 -11.437 -11.677 -12.373 -12.9 -13.17 -13.276 -11.636 -12.57 -13.079 -13.244 -13.285 -12.664 -13.092 -13.257 -13.301 -13.329 -13.025 -12.821 -13.157 -13.148 -12.889 -12.491 -12.983
0.213423 -8.692 -8.773 -9.981 -11.499 -12.358 -12.898 -11.432 -11.66 -12.37 -12.91 -13.189 -13.304 -11.617 -12.571 -13.094 -13.267 -13.314 -12.668 -13.107 -13.28 -13.329 -13.36 -13.04 -12.829 -13.176 -13.185 -12.93 -12.535 -12.998
0.219878 -8.658 -8.709 -9.94 -11.477 -12.353 -12.906 -11.425 -11.641 -12.365 -12.918 -13.209 -13.331 -11.597 -12.571 -13.109 -13.29 -13.342 -12.67 -13.122 -13.303 -13.357 -13.391 -13.056 -12.836 -13.194 -13.222 -12.971 -12.58 -13.014
0.226528 -8.623 -8.643 -9.899 -11.454 -12.347 -12.914 -11.418 -11.62 -12.36 -12.926 -13.227 -13.358 -11.575 -12.57 -13.123 -13.312 -13.37 -12.672 -13.137 -13.325 -13.384 -13.421 -13.07 -12.843 -13.212 -13.258 -13.012 -12.624 -13.028
0.233379 -8.589 -8.575 -9.856 -11.429 -12.34 -12.92 -11.409 -11.599 -12.353 -12.933 -13.245 -13.385 -11.553 -12.569 -13.136 -13.333 -13.398 -12.673 -13.15 -13.347 -13.41 -13.45 -13.084 -12.849 -13.229 -13.294 -13.053 -12.669 -13.042
0.240437 -8.555 -8.505 -9.811 -11.403 -12.332 -12.925 -11.4 -11.575 -12.345 -12.939 -13.262 -13.41 -11.528 -12.566 -13.148 -13.354 -13.425 -12.672 -13.163 -13.368 -13.436 -13.479 -13.097 -12.854 -13.246 -13.33 -13.093 -12.713 -13.055
0.247709 -8.522 -8.433 -9.765 -11.375 -12.322 -12.93 -11.39 -11.551 -12.336 -12.944 -13.278 -13.436 -11.502 -12.562 -13.16 -13.374 -13.451 -12.671 -13.174 -13.388 -13.462 -13.508 -13.109 -12.857 -13.261 -13.365 -13.133 -12.756 -13.068
0.255201 -8.489 -8.359 -9.718 -11.345 -12.311 -12.933 -11.379 -11.525 -12.326 -12.948 -13.294 -13.46 -11.475 -12.557 -13.17 -13.393 -13.476 -12.668 -13.185 -13.408 -13.486 -13.536 -13.12 -12.86 -13.276 -13.4 -13.172 -12.8 -13.079
0.262919 -8.457 -8.282 -9.668 -11.314 -12.299 -12.936 -11.367 -11.497 -12.314 -12.951 -13.308 -13.484 -11.446 -12.55 -13.18 -13.411 -13.502 -12.665 -13.195 -13.426 -13.51 -13.564 -13.131 -12.862 -13.29 -13.434 -13.212 -12.843 -13.09
0.270871 -8.425 -8.203 -9.618 -11.282 -12.286 -12.937 -11.355 -11.468 -12.301 -12.953 -13.322 -13.508 -11.415 -12.543 -13.188 -13.429 -13.526 -12.66 -13.204 -13.444 -13.534 -13.591 -13.141 -12.863 -13.303 -13.468 -13.251 -12.886 -13.1
0.279064 -8.394 -8.122 -9.565 -11.247 -12.271 -12.937 -11.341 -11.437 -12.287 -12.954 -13.335 -13.53 -11.383 -12.534 -13.196 -13.446 -13.55 -12.654 -13.212 -13.462 -13.557 -13.617 -13.15 -12.862 -13.316 -13.501 -13.289 -12.929 -13.11
0.287504 -8.364 -8.038 -9.511 -11.211 -12.254 -12.936 -11.325 -11.404 -12.271 -12.954 -13.347 -13.552 -11.349 -12.523 -13.203 -13.462 -13.573 -12.647 -13.219 -13.478 -13.579 -13.643 -13.158 -12.861 -13.327 -13.534 -13.328 -12.971 -13.118
0.296199 -8.334 -7.951 -9.454 -11.173 -12.236 -12.934 -11.309 -11.37 -12.254 -12.952 -13.359 -13.573 -11.313 -12.512 -13.208 -13.477 -13.595 -12.638 -13.225 -13.494 -13.6 -13.668 -13.165 -12.858 -13.337 -13.567 -13.365 -13.013 -13.126
0.305157 -8.306 -7.862 -9.396 -11.133 -12.217 -12.93 -11.292 -11.333 -12.235 -12.949 -13.369 -13.594 -11.275 -12.499 -13.213 -13.492 -13.617 -12.629 -13.23 -13.508 -13.621 -13.692 -13.171 -12.854 -13.347 -13.599 -13.403 -13.055 -13.133
0.314387 -8.278 -7.77 -9.336 -11.091 -12.196 -12.925 -11.273 -11.295 -12.215 -12.945 -13.378 -13.614 -11.235 -12.484 -13.216 -13.505 -13.638 -12.617 -13.234 -13.522 -13.64 -13.716 -13.176 -12.849 -13.355 -13.63 -13.44 -13.097 -13.139
0.323895 -8.252 -7.675 -9.274 -11.047 -12.173 -12.919 -11.253 -11.255 -12.193 -12.94 -13.386 -13.632 -11.193 -12.468 -13.218 -13.517 -13.658 -12.605 -13.237 -13.535 -13.659 -13.739 -13.179 -12.843 -13.363 -13.661 -13.477 -13.138 -13.143
0.333691 -8.227 -7.577 -9.21 -11.0 -12.149 -12.912 -11.232 -11.212 -12.169 -12.933 -13.393 -13.65 -11.149 -12.451 -13.219 -13.529 -13.677 -12.591 -13.238 -13.547 -13.677 -13.761 -13.182 -12.835 -13.369 -13.691 -13.513 -13.179 -13.147
0.343783 -8.203 -7.476 -9.144 -10.952 -12.123 -12.903 -11.21 -11.167 -12.144 -12.925 -13.399 -13.667 -11.102 -12.431 -13.218 -13.539 -13.695 -12.575 -13.238 -13.557 -13.695 -13.783 -13.184 -12.826 -13.374 -13.721 -13.548 -13.219 -13.15
0.354181 -8.18 -7.372 -9.076 -10.901 -12.094 -12.892 -11.186 -11.121 -12.117 -12.915 -13.404 -13.684 -11.054 -12.41 -13.217 -13.548 -13.713 -12.558 -13.237 -13.567 -13.711 -13.803 -13.184 -12.815 -13.378 -13.75 -13.584 -13.259 -13.152
0.364893 -8.159 -7.265 -9.005 -10.847 -12.064 -12.88 -11.16 -11.071 -12.087 -12.904 -13.408 -13.699 -11.003 -12.388 -13.214 -13.557 -13.729 -12.539 -13.235 -13.576 -13.726 -13.823 -13.184 -12.803 -13.381 -13.778 -13.618 -13.299 -13.153
0.375929 -8.138 -7.154 -8.932 -10.791 -12.032 -12.866 -11.133 -11.019 -12.056 -12.891 -13.41 -13.713 -10.949 -12.363 -13.209 -13.563 -13.744 -12.518 -13.231 -13.583 -13.74 -13.842 -13.181 -12.789 -13.382 -13.806 -13.653 -13.338 -13.152
0.387298 -8.12 -7.039 -8.857 -10.733 -11.998 -12.85 -11.105 -10.965 -12.023 -12.876 -13.411 -13.726 -10.893 -12.336 -13.203 -13.569 -13.759 -12.496 -13.225 -13.589 -13.753 -13.86 -13.178 -12.773 -13.382 -13.833 -13.686 -13.377 -13.15
0.399012 -8.102 -6.921 -8.779 -10.671 -11.961 -12.833 -11.074 -10.908 -11.987 -12.86 -13.41 -13.738 -10.834 -12.308 -13.195 -13.573 -13.772 -12.472 -13.218 -13.594 -13.765 -13.877 -13.173 -12.756 -13.381 -13.859 -13.719 -13.416 -13.148
0.41108 -8.086 -6.799 -8.698 -10.607 -11.922 -12.813 -11.042 -10.848 -11.949 -12.841 -13.409 -13.749 -10.772 -12.277 -13.186 -13.576 -13.784 -12.445 -13.21 -13.597 -13.776 -13.893 -13.167 -12.737 -13.378 -13.884 -13.752 -13.454 -13.143
0.423513 -8.07 -6.674 -8.615 -10.54 -11.881 -12.792 -11.009 -10.785 -11.909 -12.821 -13.405 -13.758 -10.707 -12.243 -13.174 -13.578 -13.795 -12.417 -13.199 -13.599 -13.786 -13.908 -13.159 -12.716 -13.373 -13.908 -13.783 -13.491 -13.138
0.436321 -8.057 -6.544 -8.528 -10.469 -11.837 -12.768 -10.973 -10.719 -11.866 -12.799 -13.4 -13.767 -10.638 -12.208 -13.161 -13.578 -13.805 -12.387 -13.187 -13.6 -13.794 -13.921 -13.149 -12.693 -13.367 -13.932 -13.814 -13.528 -13.131
0.449518 -8.044 -6.41 -8.439 -10.395 -11.79 -12.742 -10.935 -10.65 -11.821 -12.774 -13.393 -13.774 -10.567 -12.17 -13.146 -13.576 -13.813 -12.354 -13.173 -13.599 -13.801 -13.934 -13.138 -12.668 -13.359 -13.955 -13.845 -13.565 -13.122
0.463113 -8.032 -6.272 -8.347 -10.317 -11.74 -12.714 -10.895 -10.578 -11.772 -12.747 -13.385 -13.779 -10.492 -12.129 -13.13 -13.573 -13.82 -12.319 -13.157 -13.596 -13.807 -13.945 -13.125 -12.64 -13.35 -13.976 -13.874 -13.6 -13.112
0.47712 -8.021 -6.129 -8.252 -10.236 -11.688 -12.684 -10.853 -10.501 -11.721 -12.718 -13.375 -13.783 -10.413 -12.086 -13.11 -13.568 -13.826 -12.281 -13.139 -13.592 -13.811 -13.955 -13.11 -12.61 -13.338 -13.997 -13.903 -13.636 -13.1
0.49155 -8.012 -5.983 -8.153 -10.151 -11.632 -12.651 -10.808 -10.421 -11.667 -12.686 -13.362 -13.786 -10.331 -12.04 -13.089 -13.561 -13.83 -12.241 -13.119 -13.585 -13.813 -13.963 -13.093 -12.578 -13.325 -14.016 -13.931 -13.67 -13.087
0.506416 -8.003 -5.831 -8.051 -10.062 -11.573 -12.615 -10.761 -10.337 -11.609 -12.652 -13.348 -13.787 -10.244 -11.991 -13.065 -13.552 -13.832 -12.199 -13.096 -13.577 -13.814 -13.97 -13.074 -12.544 -13.309 -14.035 -13.958 -13.704 -13.072
0.521733 -7.994 -5.676 -7.946 -9.968 -11.511 -12.576 -10.712 -10.249 -11.548 -12.615 -13.331 -13.786 -10.153 -11.938 -13.039 -13.541 -13.833 -12.153 -13.072 -13.567 -13.813 -13.976 -13.052 -12.506 -13.292 -14.052 -13.984 -13.737 -13.054
0.537512 -7.987 -5.515 -7.836 -9.87 -11.444 -12.535 -10.659 -10.157 -11.484 -12.574 -13.313 -13.783 -10.058 -11.883 -13.01 -13.528 -13.832 -12.105 -13.044 -13.555 -13.81 -13.98 -13.029 -12.466 -13.272 -14.068 -14.009 -13.77 -13.035
0.553769 -7.979 -5.351 -7.723 -9.767 -11.374 -12.49 -10.604 -10.06 -11.416 -12.531 -13.291 -13.778 -9.958 -11.824 -12.979 -13.513 -13.829 -12.054 -13.014 -13.54 -13.806 -13.982 -13.003 -12.423 -13.249 -14.082 -14.034 -13.802 -13.014
0.570517 -7.972 -5.183 -7.605 -9.659 -11.3 -12.442 -10.546 -9.958 -11.343 -12.485 -13.268 -13.772 -9.853 -11.761 -12.944 -13.495 -13.824 -11.999 -12.981 -13.523 -13.799 -13.982 -12.974 -12.376 -13.224 -14.096 -14.057 -13.833 -12.991
