web/models/kne.last_good/kappa_0.5_3.0.v1/34/villar_0.0630_0.5000_0.5000.dat
# %ECSV 1.0
# ---
# datatype:
# - {name: time, datatype: float64}
# - {name: swift_uvot_uvw2, datatype: float64}
# - {name: swift_uvot_uvm2, datatype: float64}
# - {name: swift_uvot_uvw1, datatype: float64}
# - {name: swift_uvot_U, datatype: float64}
# - {name: swift_uvot_B, datatype: float64}
# - {name: swift_uvot_V, datatype: float64}
# - {name: swift_uvot_W, datatype: float64}
# - {name: johnson_U, datatype: float64}
# - {name: johnson_B, datatype: float64}
# - {name: johnson_V, datatype: float64}
# - {name: johnson_R, datatype: float64}
# - {name: johnson_I, datatype: float64}
# - {name: sdss_u, datatype: float64}
# - {name: sdss_g, datatype: float64}
# - {name: sdss_r, datatype: float64}
# - {name: sdss_i, datatype: float64}
# - {name: sdss_z, datatype: float64}
# - {name: PS1_g, datatype: float64}
# - {name: PS1_r, datatype: float64}
# - {name: PS1_i, datatype: float64}
# - {name: PS1_z, datatype: float64}
# - {name: PS1_Y, datatype: float64}
# - {name: PS1_w, datatype: float64}
# - {name: ATLAS_c, datatype: float64}
# - {name: ATLAS_o, datatype: float64}
# - {name: ukirt_J, datatype: float64}
# - {name: ukirt_H, datatype: float64}
# - {name: ukirt_K, datatype: float64}
# - {name: Clear, datatype: float64}
# meta: !!omap
# - comment: [kappa = 0.5, type = villar, mass = 0.06299605249512866, velocity = 0.5, theta_obs = 0.0]
# schema: astropy-2.0
time swift_uvot_uvw2 swift_uvot_uvm2 swift_uvot_uvw1 swift_uvot_U swift_uvot_B swift_uvot_V swift_uvot_W johnson_U johnson_B johnson_V johnson_R johnson_I sdss_u sdss_g sdss_r sdss_i sdss_z PS1_g PS1_r PS1_i PS1_z PS1_Y PS1_w ATLAS_c ATLAS_o ukirt_J ukirt_H ukirt_K Clear
[from data line 76]
0.009626 -11.716 -11.658 -11.594 -11.36 -11.091 -10.775 -11.449 -11.322 -11.088 -10.765 -10.42 -10.009 -11.331 -10.991 -10.577 -10.257 -9.948 -10.975 -10.605 -10.291 -10.079 -10.045 -10.623 -10.83 -10.445 -9.316 -8.792 -8.18 -10.686
0.009917 -11.752 -11.697 -11.635 -11.406 -11.14 -10.825 -11.491 -11.369 -11.136 -10.815 -10.471 -10.061 -11.377 -11.04 -10.628 -10.309 -10.0 -11.024 -10.656 -10.342 -10.13 -10.094 -10.673 -10.88 -10.496 -9.369 -8.846 -8.235 -10.736
0.010217 -11.788 -11.736 -11.676 -11.452 -11.188 -10.875 -11.533 -11.415 -11.184 -10.865 -10.522 -10.113 -11.423 -11.089 -10.678 -10.36 -10.053 -11.072 -10.706 -10.393 -10.181 -10.144 -10.723 -10.929 -10.547 -9.422 -8.9 -8.289 -10.786
0.010526 -11.823 -11.775 -11.717 -11.498 -11.236 -10.924 -11.574 -11.461 -11.232 -10.915 -10.573 -10.165 -11.469 -11.138 -10.729 -10.412 -10.105 -11.121 -10.756 -10.444 -10.232 -10.194 -10.773 -10.978 -10.598 -9.476 -8.954 -8.343 -10.836
0.010845 -11.858 -11.813 -11.757 -11.543 -11.284 -10.974 -11.615 -11.507 -11.28 -10.964 -10.624 -10.217 -11.515 -11.186 -10.779 -10.463 -10.157 -11.169 -10.806 -10.495 -10.283 -10.243 -10.823 -11.028 -10.649 -9.529 -9.007 -8.397 -10.885
0.011173 -11.893 -11.852 -11.798 -11.589 -11.331 -11.024 -11.656 -11.553 -11.328 -11.014 -10.675 -10.269 -11.561 -11.234 -10.83 -10.514 -10.209 -11.217 -10.856 -10.546 -10.334 -10.293 -10.873 -11.077 -10.7 -9.582 -9.061 -8.452 -10.934
0.011511 -11.928 -11.89 -11.838 -11.634 -11.379 -11.073 -11.697 -11.598 -11.375 -11.063 -10.725 -10.321 -11.606 -11.282 -10.88 -10.566 -10.261 -11.266 -10.906 -10.597 -10.385 -10.342 -10.923 -11.126 -10.75 -9.635 -9.115 -8.506 -10.984
0.011859 -11.962 -11.927 -11.878 -11.679 -11.426 -11.122 -11.738 -11.644 -11.423 -11.112 -10.776 -10.372 -11.652 -11.331 -10.93 -10.617 -10.313 -11.314 -10.955 -10.647 -10.436 -10.392 -10.972 -11.175 -10.801 -9.688 -9.168 -8.56 -11.033
0.012217 -11.996 -11.965 -11.917 -11.724 -11.474 -11.171 -11.778 -11.689 -11.47 -11.162 -10.826 -10.424 -11.697 -11.378 -10.98 -10.668 -10.364 -11.362 -11.005 -10.698 -10.486 -10.441 -11.022 -11.223 -10.851 -9.741 -9.222 -8.614 -11.082
0.012587 -12.03 -12.002 -11.957 -11.768 -11.521 -11.22 -11.818 -11.734 -11.517 -11.211 -10.877 -10.475 -11.742 -11.426 -11.03 -10.719 -10.416 -11.409 -11.054 -10.748 -10.537 -10.49 -11.071 -11.272 -10.901 -9.794 -9.275 -8.668 -11.131
0.012968 -12.063 -12.039 -11.996 -11.813 -11.568 -11.269 -11.858 -11.779 -11.564 -11.26 -10.927 -10.527 -11.787 -11.474 -11.08 -10.77 -10.468 -11.457 -11.104 -10.799 -10.588 -10.54 -11.12 -11.32 -10.952 -9.846 -9.329 -8.722 -11.18
0.01336 -12.096 -12.076 -12.035 -11.857 -11.615 -11.318 -11.898 -11.824 -11.611 -11.309 -10.977 -10.578 -11.831 -11.522 -11.129 -10.82 -10.519 -11.505 -11.153 -10.849 -10.638 -10.589 -11.17 -11.369 -11.002 -9.899 -9.382 -8.776 -11.228
0.013764 -12.129 -12.112 -12.073 -11.901 -11.662 -11.367 -11.938 -11.868 -11.658 -11.357 -11.027 -10.63 -11.876 -11.569 -11.179 -10.871 -10.571 -11.552 -11.202 -10.899 -10.688 -10.638 -11.219 -11.417 -11.052 -9.952 -9.435 -8.829 -11.277
0.01418 -12.161 -12.148 -12.112 -11.945 -11.708 -11.416 -11.977 -11.913 -11.704 -11.406 -11.077 -10.681 -11.92 -11.616 -11.228 -10.922 -10.622 -11.599 -11.252 -10.949 -10.739 -10.687 -11.268 -11.465 -11.102 -10.004 -9.489 -8.883 -11.325
0.014609 -12.194 -12.184 -12.15 -11.989 -11.755 -11.464 -12.016 -11.957 -11.751 -11.454 -11.127 -10.732 -11.964 -11.663 -11.278 -10.972 -10.674 -11.646 -11.301 -10.999 -10.789 -10.736 -11.317 -11.513 -11.151 -10.057 -9.542 -8.937 -11.374
0.015051 -12.225 -12.219 -12.188 -12.032 -11.801 -11.512 -12.055 -12.001 -11.797 -11.503 -11.177 -10.783 -12.008 -11.71 -11.327 -11.023 -10.725 -11.693 -11.35 -11.049 -10.839 -10.785 -11.365 -11.561 -11.201 -10.11 -9.595 -8.991 -11.422
0.015506 -12.257 -12.254 -12.226 -12.076 -11.847 -11.561 -12.094 -12.045 -11.843 -11.551 -11.227 -10.834 -12.052 -11.757 -11.376 -11.073 -10.776 -11.74 -11.398 -11.099 -10.89 -10.834 -11.414 -11.609 -11.251 -10.162 -9.648 -9.044 -11.47
0.015975 -12.288 -12.289 -12.263 -12.119 -11.893 -11.609 -12.132 -12.089 -11.89 -11.599 -11.276 -10.885 -12.096 -11.804 -11.425 -11.123 -10.827 -11.787 -11.447 -11.149 -10.94 -10.883 -11.462 -11.657 -11.3 -10.214 -9.701 -9.098 -11.518
0.016458 -12.319 -12.324 -12.3 -12.162 -11.939 -11.657 -12.171 -12.132 -11.935 -11.647 -11.326 -10.936 -12.139 -11.851 -11.474 -11.173 -10.878 -11.834 -11.496 -11.199 -10.99 -10.932 -11.511 -11.704 -11.35 -10.267 -9.754 -9.151 -11.566
0.016956 -12.35 -12.358 -12.337 -12.205 -11.985 -11.705 -12.209 -12.175 -11.981 -11.695 -11.375 -10.987 -12.183 -11.897 -11.523 -11.224 -10.929 -11.88 -11.544 -11.248 -11.04 -10.981 -11.559 -11.752 -11.399 -10.319 -9.807 -9.205 -11.614
0.017469 -12.38 -12.392 -12.374 -12.248 -12.03 -11.753 -12.247 -12.219 -12.027 -11.743 -11.425 -11.038 -12.226 -11.944 -11.572 -11.274 -10.98 -11.927 -11.593 -11.298 -11.09 -11.03 -11.607 -11.799 -11.449 -10.371 -9.86 -9.258 -11.662
0.017997 -12.41 -12.426 -12.41 -12.29 -12.076 -11.8 -12.284 -12.262 -12.072 -11.791 -11.474 -11.088 -12.269 -11.99 -11.621 -11.324 -11.031 -11.973 -11.641 -11.347 -11.139 -11.079 -11.656 -11.846 -11.498 -10.423 -9.913 -9.312 -11.709
0.018541 -12.44 -12.459 -12.446 -12.333 -12.121 -11.848 -12.322 -12.304 -12.118 -11.839 -11.523 -11.139 -12.312 -12.036 -11.669 -11.373 -11.082 -12.019 -11.69 -11.397 -11.189 -11.128 -11.704 -11.893 -11.547 -10.475 -9.966 -9.365 -11.757
0.019102 -12.469 -12.492 -12.482 -12.375 -12.166 -11.895 -12.359 -12.347 -12.163 -11.886 -11.572 -11.189 -12.354 -12.082 -11.718 -11.423 -11.133 -12.065 -11.738 -11.446 -11.239 -11.176 -11.751 -11.94 -11.596 -10.527 -10.018 -9.419 -11.804
0.01968 -12.498 -12.525 -12.518 -12.417 -12.212 -11.943 -12.396 -12.39 -12.208 -11.934 -11.621 -11.24 -12.397 -12.128 -11.766 -11.473 -11.183 -12.111 -11.786 -11.495 -11.289 -11.225 -11.799 -11.987 -11.645 -10.579 -10.071 -9.472 -11.851
0.020275 -12.527 -12.558 -12.553 -12.458 -12.256 -11.99 -12.433 -12.432 -12.253 -11.981 -11.67 -11.29 -12.439 -12.173 -11.815 -11.522 -11.234 -12.157 -11.834 -11.545 -11.338 -11.274 -11.847 -12.034 -11.693 -10.631 -10.124 -9.525 -11.899
0.020888 -12.555 -12.59 -12.588 -12.5 -12.301 -12.037 -12.47 -12.474 -12.298 -12.028 -11.719 -11.34 -12.481 -12.219 -11.863 -11.572 -11.284 -12.203 -11.882 -11.594 -11.388 -11.322 -11.895 -12.081 -11.742 -10.683 -10.176 -9.579 -11.946
0.02152 -12.584 -12.622 -12.623 -12.541 -12.346 -12.084 -12.506 -12.516 -12.342 -12.075 -11.768 -11.39 -12.523 -12.264 -11.911 -11.621 -11.335 -12.248 -11.93 -11.643 -11.437 -11.371 -11.942 -12.127 -11.791 -10.735 -10.229 -9.632 -11.993
0.022171 -12.611 -12.653 -12.658 -12.583 -12.39 -12.131 -12.542 -12.558 -12.387 -12.122 -11.816 -11.441 -12.564 -12.31 -11.959 -11.671 -11.385 -12.294 -11.977 -11.692 -11.487 -11.42 -11.989 -12.174 -11.839 -10.787 -10.282 -9.685 -12.039
0.022841 -12.639 -12.685 -12.692 -12.623 -12.435 -12.178 -12.578 -12.599 -12.431 -12.169 -11.865 -11.491 -12.606 -12.355 -12.007 -11.72 -11.435 -12.339 -12.025 -11.741 -11.536 -11.468 -12.037 -12.22 -11.888 -10.838 -10.334 -9.738 -12.086
0.023532 -12.666 -12.716 -12.726 -12.664 -12.479 -12.225 -12.614 -12.641 -12.475 -12.216 -11.913 -11.541 -12.647 -12.4 -12.054 -11.769 -11.486 -12.384 -12.072 -11.789 -11.585 -11.517 -12.084 -12.266 -11.936 -10.89 -10.387 -9.791 -12.133
0.024244 -12.692 -12.746 -12.76 -12.705 -12.523 -12.271 -12.649 -12.682 -12.519 -12.262 -11.962 -11.591 -12.688 -12.445 -12.102 -11.818 -11.536 -12.429 -12.12 -11.838 -11.635 -11.565 -12.131 -12.312 -11.984 -10.942 -10.439 -9.844 -12.179
0.024977 -12.719 -12.777 -12.793 -12.745 -12.567 -12.318 -12.685 -12.723 -12.563 -12.309 -12.01 -11.64 -12.729 -12.489 -12.15 -11.867 -11.586 -12.474 -12.167 -11.887 -11.684 -11.613 -12.178 -12.358 -12.032 -10.993 -10.491 -9.897 -12.225
0.025733 -12.745 -12.807 -12.827 -12.785 -12.61 -12.364 -12.72 -12.764 -12.607 -12.355 -12.058 -11.69 -12.77 -12.534 -12.197 -11.916 -11.636 -12.519 -12.214 -11.935 -11.733 -11.662 -12.225 -12.404 -12.08 -11.045 -10.544 -9.95 -12.272
0.026511 -12.77 -12.836 -12.86 -12.825 -12.654 -12.41 -12.755 -12.804 -12.65 -12.401 -12.106 -11.74 -12.81 -12.578 -12.244 -11.965 -11.686 -12.563 -12.261 -11.984 -11.782 -11.71 -12.271 -12.449 -12.128 -11.096 -10.596 -10.003 -12.318
0.027313 -12.796 -12.866 -12.892 -12.865 -12.697 -12.456 -12.789 -12.845 -12.694 -12.447 -12.154 -11.789 -12.851 -12.623 -12.292 -12.014 -11.735 -12.608 -12.308 -12.032 -11.831 -11.758 -12.318 -12.495 -12.176 -11.148 -10.648 -10.056 -12.364
0.028139 -12.821 -12.894 -12.925 -12.905 -12.74 -12.502 -12.824 -12.885 -12.737 -12.493 -12.202 -11.839 -12.891 -12.667 -12.339 -12.062 -11.785 -12.652 -12.355 -12.081 -11.88 -11.807 -12.364 -12.54 -12.224 -11.199 -10.7 -10.109 -12.41
0.02899 -12.845 -12.923 -12.957 -12.944 -12.783 -12.548 -12.858 -12.925 -12.78 -12.539 -12.25 -11.888 -12.931 -12.711 -12.386 -12.111 -11.835 -12.696 -12.402 -12.129 -11.929 -11.855 -12.411 -12.585 -12.272 -11.25 -10.752 -10.162 -12.455
0.029867 -12.869 -12.951 -12.988 -12.983 -12.826 -12.594 -12.892 -12.965 -12.823 -12.585 -12.297 -11.938 -12.97 -12.755 -12.433 -12.16 -11.884 -12.74 -12.449 -12.177 -11.977 -11.903 -12.457 -12.63 -12.319 -11.301 -10.805 -10.215 -12.501
0.03077 -12.893 -12.979 -13.02 -13.022 -12.869 -12.639 -12.926 -13.004 -12.866 -12.63 -12.345 -11.987 -13.01 -12.798 -12.48 -12.208 -11.934 -12.784 -12.495 -12.225 -12.026 -11.951 -12.503 -12.675 -12.366 -11.353 -10.857 -10.268 -12.546
0.031701 -12.917 -13.007 -13.051 -13.061 -12.912 -12.685 -12.959 -13.044 -12.908 -12.676 -12.392 -12.036 -13.049 -12.842 -12.526 -12.256 -11.983 -12.828 -12.542 -12.273 -12.075 -11.999 -12.549 -12.72 -12.414 -11.404 -10.909 -10.32 -12.592
0.032659 -12.94 -13.034 -13.082 -13.1 -12.954 -12.73 -12.993 -13.083 -12.951 -12.721 -12.44 -12.085 -13.088 -12.885 -12.573 -12.304 -12.033 -12.872 -12.588 -12.321 -12.123 -12.047 -12.595 -12.765 -12.461 -11.455 -10.961 -10.373 -12.637
0.033647 -12.963 -13.061 -13.112 -13.138 -12.996 -12.775 -13.026 -13.122 -12.993 -12.766 -12.487 -12.134 -13.127 -12.929 -12.619 -12.353 -12.082 -12.915 -12.634 -12.369 -12.172 -12.095 -12.641 -12.809 -12.508 -11.506 -11.012 -10.426 -12.682
0.034665 -12.985 -13.087 -13.143 -13.176 -13.038 -12.82 -13.059 -13.161 -13.035 -12.812 -12.534 -12.183 -13.166 -12.972 -12.666 -12.401 -12.131 -12.959 -12.68 -12.417 -12.22 -12.143 -12.686 -12.854 -12.555 -11.557 -11.064 -10.478 -12.727
0.035713 -13.007 -13.114 -13.173 -13.214 -13.08 -12.865 -13.091 -13.199 -13.077 -12.857 -12.581 -12.232 -13.204 -13.015 -12.712 -12.448 -12.18 -13.002 -12.726 -12.464 -12.269 -12.191 -12.732 -12.898 -12.602 -11.608 -11.116 -10.531 -12.772
0.036793 -13.029 -13.139 -13.202 -13.251 -13.122 -12.91 -13.124 -13.238 -13.119 -12.901 -12.628 -12.281 -13.243 -13.057 -12.758 -12.496 -12.23 -13.045 -12.772 -12.512 -12.317 -12.239 -12.777 -12.942 -12.649 -11.658 -11.168 -10.584 -12.817
0.037906 -13.05 -13.165 -13.232 -13.289 -13.163 -12.954 -13.156 -13.276 -13.16 -12.946 -12.675 -12.33 -13.281 -13.1 -12.804 -12.544 -12.279 -13.088 -12.818 -12.559 -12.365 -12.287 -12.822 -12.986 -12.696 -11.709 -11.22 -10.636 -12.861
0.039052 -13.071 -13.19 -13.261 -13.326 -13.205 -12.999 -13.188 -13.314 -13.201 -12.991 -12.722 -12.378 -13.318 -13.142 -12.85 -12.592 -12.327 -13.13 -12.864 -12.607 -12.413 -12.334 -12.868 -13.03 -12.742 -11.76 -11.271 -10.689 -12.906
0.040234 -13.091 -13.214 -13.289 -13.363 -13.246 -13.043 -13.219 -13.351 -13.243 -13.035 -12.768 -12.427 -13.356 -13.185 -12.896 -12.639 -12.376 -13.173 -12.909 -12.654 -12.461 -12.382 -12.913 -13.074 -12.789 -11.81 -11.323 -10.741 -12.95
0.04145 -13.111 -13.239 -13.318 -13.4 -13.287 -13.088 -13.251 -13.389 -13.284 -13.079 -12.815 -12.475 -13.393 -13.227 -12.941 -12.687 -12.425 -13.215 -12.955 -12.701 -12.509 -12.43 -12.958 -13.117 -12.835 -11.861 -11.375 -10.793 -12.995
0.042704 -13.131 -13.262 -13.346 -13.436 -13.328 -13.132 -13.282 -13.426 -13.325 -13.123 -12.861 -12.524 -13.43 -13.269 -12.987 -12.734 -12.474 -13.258 -13.0 -12.748 -12.557 -12.477 -13.002 -13.161 -12.881 -11.912 -11.426 -10.846 -13.039
0.043996 -13.15 -13.286 -13.374 -13.472 -13.368 -13.176 -13.313 -13.463 -13.365 -13.167 -12.907 -12.572 -13.467 -13.311 -13.032 -12.781 -12.522 -13.3 -13.045 -12.795 -12.605 -12.525 -13.047 -13.204 -12.927 -11.962 -11.478 -10.898 -13.083
0.045326 -13.168 -13.309 -13.401 -13.508 -13.409 -13.219 -13.344 -13.5 -13.406 -13.211 -12.954 -12.62 -13.504 -13.352 -13.078 -12.828 -12.571 -13.342 -13.09 -12.842 -12.653 -12.572 -13.092 -13.247 -12.973 -12.012 -11.529 -10.95 -13.126
0.046697 -13.187 -13.331 -13.428 -13.544 -13.449 -13.263 -13.374 -13.536 -13.446 -13.255 -13.0 -12.668 -13.54 -13.394 -13.123 -12.875 -12.619 -13.383 -13.135 -12.889 -12.7 -12.62 -13.136 -13.29 -13.019 -12.063 -11.58 -11.003 -13.17
0.048109 -13.205 -13.354 -13.455 -13.579 -13.489 -13.306 -13.405 -13.572 -13.486 -13.298 -13.046 -12.716 -13.576 -13.435 -13.168 -12.922 -12.667 -13.425 -13.18 -12.936 -12.748 -12.667 -13.18 -13.333 -13.065 -12.113 -11.632 -11.055 -13.214
0.049564 -13.222 -13.376 -13.481 -13.615 -13.529 -13.35 -13.435 -13.608 -13.526 -13.342 -13.091 -12.764 -13.612 -13.476 -13.213 -12.969 -12.716 -13.466 -13.225 -12.982 -12.796 -12.714 -13.224 -13.375 -13.111 -12.163 -11.683 -11.107 -13.257
0.051063 -13.239 -13.397 -13.507 -13.649 -13.569 -13.393 -13.465 -13.644 -13.566 -13.385 -13.137 -12.812 -13.648 -13.517 -13.257 -13.016 -12.764 -13.508 -13.27 -13.029 -12.843 -12.762 -13.268 -13.418 -13.156 -12.213 -11.734 -11.159 -13.3
0.052608 -13.256 -13.418 -13.533 -13.684 -13.608 -13.436 -13.494 -13.68 -13.605 -13.428 -13.183 -12.86 -13.683 -13.558 -13.302 -13.063 -12.812 -13.549 -13.314 -13.075 -12.89 -12.809 -13.312 -13.46 -13.202 -12.264 -11.786 -11.211 -13.343
0.054199 -13.272 -13.438 -13.558 -13.719 -13.647 -13.479 -13.523 -13.715 -13.644 -13.471 -13.228 -12.907 -13.718 -13.598 -13.347 -13.109 -12.86 -13.59 -13.358 -13.121 -12.938 -12.856 -13.356 -13.502 -13.247 -12.314 -11.837 -11.264 -13.386
0.055838 -13.288 -13.459 -13.583 -13.753 -13.686 -13.522 -13.553 -13.75 -13.683 -13.514 -13.273 -12.955 -13.753 -13.638 -13.391 -13.156 -12.908 -13.63 -13.403 -13.168 -12.985 -12.903 -13.399 -13.544 -13.292 -12.364 -11.888 -11.316 -13.429
0.057527 -13.303 -13.478 -13.607 -13.787 -13.725 -13.564 -13.581 -13.785 -13.722 -13.557 -13.319 -13.002 -13.788 -13.679 -13.435 -13.202 -12.955 -13.671 -13.447 -13.214 -13.032 -12.95 -13.443 -13.586 -13.337 -12.414 -11.939 -11.368 -13.472
0.059267 -13.318 -13.497 -13.632 -13.82 -13.764 -13.607 -13.61 -13.819 -13.761 -13.599 -13.364 -13.05 -13.822 -13.718 -13.479 -13.248 -13.003 -13.711 -13.491 -13.26 -13.079 -12.997 -13.486 -13.628 -13.382 -12.463 -11.99 -11.42 -13.514
0.061059 -13.332 -13.516 -13.656 -13.854 -13.802 -13.649 -13.638 -13.853 -13.799 -13.641 -13.409 -13.097 -13.856 -13.758 -13.523 -13.294 -13.051 -13.751 -13.534 -13.306 -13.126 -13.044 -13.529 -13.669 -13.427 -12.513 -12.041 -11.471 -13.557
0.062906 -13.346 -13.535 -13.679 -13.887 -13.841 -13.691 -13.666 -13.887 -13.838 -13.684 -13.454 -13.144 -13.89 -13.798 -13.567 -13.34 -13.098 -13.791 -13.578 -13.351 -13.173 -13.091 -13.572 -13.711 -13.472 -12.563 -12.092 -11.523 -13.599
0.064808 -13.36 -13.552 -13.702 -13.919 -13.879 -13.733 -13.694 -13.921 -13.876 -13.726 -13.498 -13.191 -13.923 -13.837 -13.611 -13.386 -13.146 -13.831 -13.621 -13.397 -13.22 -13.137 -13.615 -13.752 -13.516 -12.612 -12.143 -11.575 -13.641
0.066769 -13.373 -13.57 -13.725 -13.952 -13.916 -13.775 -13.722 -13.954 -13.913 -13.767 -13.543 -13.238 -13.957 -13.876 -13.654 -13.432 -13.193 -13.871 -13.665 -13.443 -13.266 -13.184 -13.658 -13.793 -13.56 -12.662 -12.193 -11.627 -13.683
