web/models/kne.last_good/kappa_0.5_3.0.v1/34/villar_0.0338_0.4217_0.5000.dat
# %ECSV 1.0
# ---
# datatype:
# - {name: time, datatype: float64}
# - {name: swift_uvot_uvw2, datatype: float64}
# - {name: swift_uvot_uvm2, datatype: float64}
# - {name: swift_uvot_uvw1, datatype: float64}
# - {name: swift_uvot_U, datatype: float64}
# - {name: swift_uvot_B, datatype: float64}
# - {name: swift_uvot_V, datatype: float64}
# - {name: swift_uvot_W, datatype: float64}
# - {name: johnson_U, datatype: float64}
# - {name: johnson_B, datatype: float64}
# - {name: johnson_V, datatype: float64}
# - {name: johnson_R, datatype: float64}
# - {name: johnson_I, datatype: float64}
# - {name: sdss_u, datatype: float64}
# - {name: sdss_g, datatype: float64}
# - {name: sdss_r, datatype: float64}
# - {name: sdss_i, datatype: float64}
# - {name: sdss_z, datatype: float64}
# - {name: PS1_g, datatype: float64}
# - {name: PS1_r, datatype: float64}
# - {name: PS1_i, datatype: float64}
# - {name: PS1_z, datatype: float64}
# - {name: PS1_Y, datatype: float64}
# - {name: PS1_w, datatype: float64}
# - {name: ATLAS_c, datatype: float64}
# - {name: ATLAS_o, datatype: float64}
# - {name: ukirt_J, datatype: float64}
# - {name: ukirt_H, datatype: float64}
# - {name: ukirt_K, datatype: float64}
# - {name: Clear, datatype: float64}
# meta: !!omap
# - comment: [kappa = 0.5, type = villar, mass = 0.03383890769761434, velocity = 0.4216666666666667, theta_obs = 0.0]
# schema: astropy-2.0
time swift_uvot_uvw2 swift_uvot_uvm2 swift_uvot_uvw1 swift_uvot_U swift_uvot_B swift_uvot_V swift_uvot_W johnson_U johnson_B johnson_V johnson_R johnson_I sdss_u sdss_g sdss_r sdss_i sdss_z PS1_g PS1_r PS1_i PS1_z PS1_Y PS1_w ATLAS_c ATLAS_o ukirt_J ukirt_H ukirt_K Clear
[from data line 144]
0.073012 -12.952 -13.17 -13.35 -13.624 -13.614 -13.491 -13.372 -13.631 -13.611 -13.484 -13.273 -12.979 -13.632 -13.58 -13.379 -13.167 -12.936 -13.577 -13.389 -13.177 -13.006 -12.924 -13.378 -13.505 -13.289 -12.416 -11.953 -11.391 -13.4
0.07522 -12.962 -13.185 -13.371 -13.654 -13.65 -13.532 -13.398 -13.662 -13.647 -13.525 -13.316 -13.026 -13.664 -13.618 -13.421 -13.212 -12.983 -13.615 -13.431 -13.222 -13.052 -12.97 -13.42 -13.545 -13.333 -12.465 -12.003 -11.443 -13.441
0.077495 -12.972 -13.198 -13.391 -13.685 -13.686 -13.572 -13.424 -13.694 -13.683 -13.565 -13.36 -13.072 -13.695 -13.656 -13.464 -13.257 -13.029 -13.653 -13.474 -13.267 -13.098 -13.016 -13.462 -13.585 -13.376 -12.514 -12.054 -11.494 -13.482
0.079839 -12.981 -13.212 -13.41 -13.715 -13.722 -13.612 -13.449 -13.725 -13.719 -13.606 -13.403 -13.118 -13.726 -13.693 -13.506 -13.301 -13.076 -13.691 -13.516 -13.311 -13.144 -13.062 -13.503 -13.624 -13.42 -12.563 -12.104 -11.546 -13.522
0.082253 -12.989 -13.225 -13.429 -13.744 -13.758 -13.652 -13.474 -13.755 -13.755 -13.646 -13.447 -13.164 -13.756 -13.73 -13.548 -13.346 -13.122 -13.729 -13.558 -13.355 -13.19 -13.108 -13.544 -13.663 -13.463 -12.612 -12.154 -11.597 -13.563
0.084741 -12.997 -13.237 -13.447 -13.774 -13.793 -13.692 -13.499 -13.786 -13.79 -13.686 -13.49 -13.21 -13.786 -13.767 -13.59 -13.39 -13.168 -13.766 -13.599 -13.4 -13.235 -13.154 -13.585 -13.702 -13.505 -12.661 -12.204 -11.648 -13.603
0.087304 -13.004 -13.249 -13.465 -13.802 -13.828 -13.732 -13.524 -13.816 -13.825 -13.725 -13.533 -13.256 -13.816 -13.804 -13.631 -13.435 -13.214 -13.804 -13.641 -13.444 -13.281 -13.2 -13.626 -13.741 -13.548 -12.709 -12.255 -11.7 -13.643
0.089944 -13.011 -13.26 -13.483 -13.831 -13.863 -13.771 -13.548 -13.845 -13.86 -13.765 -13.575 -13.301 -13.845 -13.84 -13.673 -13.479 -13.26 -13.841 -13.682 -13.488 -13.326 -13.246 -13.666 -13.78 -13.591 -12.758 -12.305 -11.751 -13.682
0.092665 -13.017 -13.271 -13.5 -13.859 -13.897 -13.811 -13.572 -13.875 -13.895 -13.804 -13.618 -13.347 -13.875 -13.876 -13.714 -13.523 -13.306 -13.877 -13.724 -13.532 -13.371 -13.291 -13.707 -13.818 -13.633 -12.806 -12.355 -11.802 -13.722
0.095467 -13.023 -13.281 -13.517 -13.887 -13.931 -13.85 -13.596 -13.904 -13.929 -13.843 -13.66 -13.392 -13.903 -13.912 -13.755 -13.566 -13.352 -13.914 -13.765 -13.575 -13.416 -13.337 -13.747 -13.856 -13.675 -12.855 -12.404 -11.853 -13.761
0.098355 -13.028 -13.29 -13.533 -13.915 -13.965 -13.888 -13.619 -13.932 -13.963 -13.882 -13.703 -13.437 -13.932 -13.948 -13.796 -13.61 -13.397 -13.95 -13.805 -13.619 -13.461 -13.382 -13.787 -13.894 -13.718 -12.903 -12.454 -11.904 -13.801
0.101329 -13.032 -13.299 -13.548 -13.942 -13.999 -13.927 -13.642 -13.961 -13.997 -13.921 -13.745 -13.482 -13.96 -13.983 -13.837 -13.654 -13.443 -13.986 -13.846 -13.662 -13.506 -13.427 -13.827 -13.932 -13.759 -12.952 -12.504 -11.955 -13.84
0.104394 -13.036 -13.307 -13.564 -13.968 -14.032 -13.965 -13.665 -13.988 -14.03 -13.959 -13.787 -13.527 -13.987 -14.018 -13.878 -13.697 -13.488 -14.022 -13.887 -13.706 -13.551 -13.472 -13.867 -13.969 -13.801 -13.0 -12.554 -12.006 -13.878
0.107551 -13.039 -13.315 -13.578 -13.995 -14.065 -14.003 -13.688 -14.016 -14.063 -13.997 -13.828 -13.572 -14.015 -14.053 -13.918 -13.74 -13.533 -14.057 -13.927 -13.749 -13.596 -13.517 -13.906 -14.006 -13.843 -13.048 -12.603 -12.057 -13.917
0.110804 -13.042 -13.322 -13.592 -14.021 -14.098 -14.041 -13.71 -14.043 -14.096 -14.035 -13.87 -13.617 -14.041 -14.088 -13.958 -13.783 -13.579 -14.093 -13.967 -13.792 -13.64 -13.562 -13.945 -14.043 -13.884 -13.096 -12.653 -12.108 -13.955
0.114155 -13.044 -13.328 -13.606 -14.046 -14.131 -14.079 -13.732 -14.07 -14.128 -14.073 -13.911 -13.661 -14.068 -14.122 -13.998 -13.826 -13.623 -14.127 -14.007 -13.834 -13.684 -13.607 -13.984 -14.08 -13.925 -13.144 -12.702 -12.158 -13.993
0.117608 -13.045 -13.334 -13.619 -14.071 -14.163 -14.116 -13.753 -14.096 -14.161 -14.11 -13.953 -13.705 -14.094 -14.156 -14.038 -13.869 -13.668 -14.162 -14.046 -13.877 -13.729 -13.652 -14.023 -14.116 -13.966 -13.191 -12.752 -12.209 -14.031
0.121165 -13.046 -13.339 -13.631 -14.096 -14.194 -14.153 -13.775 -14.122 -14.192 -14.148 -13.993 -13.75 -14.12 -14.19 -14.077 -13.911 -13.713 -14.196 -14.086 -13.919 -13.773 -13.696 -14.062 -14.153 -14.007 -13.239 -12.801 -12.26 -14.069
0.124829 -13.046 -13.343 -13.643 -14.12 -14.226 -14.19 -13.795 -14.147 -14.224 -14.185 -14.034 -13.794 -14.145 -14.223 -14.117 -13.953 -13.757 -14.23 -14.125 -13.962 -13.817 -13.741 -14.1 -14.188 -14.047 -13.287 -12.85 -12.31 -14.106
0.128605 -13.046 -13.347 -13.655 -14.144 -14.257 -14.227 -13.816 -14.172 -14.255 -14.221 -14.075 -13.837 -14.17 -14.256 -14.156 -13.996 -13.802 -14.264 -14.164 -14.004 -13.86 -13.785 -14.138 -14.224 -14.088 -13.334 -12.9 -12.361 -14.144
0.132494 -13.044 -13.35 -13.666 -14.167 -14.288 -14.263 -13.836 -14.197 -14.286 -14.258 -14.115 -13.881 -14.194 -14.289 -14.194 -14.038 -13.846 -14.298 -14.203 -14.046 -13.904 -13.829 -14.176 -14.259 -14.128 -13.382 -12.949 -12.411 -14.181
0.136502 -13.042 -13.352 -13.676 -14.19 -14.318 -14.299 -13.856 -14.221 -14.316 -14.294 -14.155 -13.925 -14.218 -14.321 -14.233 -14.079 -13.89 -14.331 -14.241 -14.087 -13.947 -13.874 -14.214 -14.294 -14.168 -13.429 -12.998 -12.462 -14.217
0.14063 -13.04 -13.354 -13.685 -14.212 -14.348 -14.335 -13.876 -14.245 -14.346 -14.33 -14.195 -13.968 -14.241 -14.353 -14.271 -14.121 -13.934 -14.364 -14.279 -14.129 -13.991 -13.917 -14.251 -14.329 -14.207 -13.476 -13.046 -12.512 -14.254
0.144883 -13.036 -13.355 -13.694 -14.234 -14.377 -14.37 -13.895 -14.268 -14.376 -14.365 -14.235 -14.011 -14.264 -14.385 -14.309 -14.162 -13.978 -14.396 -14.317 -14.17 -14.034 -13.961 -14.288 -14.364 -14.247 -13.523 -13.095 -12.562 -14.29
0.149265 -13.032 -13.354 -13.703 -14.256 -14.407 -14.405 -13.914 -14.291 -14.405 -14.4 -14.274 -14.054 -14.287 -14.416 -14.347 -14.203 -14.021 -14.428 -14.355 -14.211 -14.077 -14.005 -14.325 -14.398 -14.286 -13.57 -13.144 -12.612 -14.326
0.15378 -13.027 -13.354 -13.71 -14.276 -14.435 -14.44 -13.932 -14.313 -14.434 -14.435 -14.314 -14.097 -14.308 -14.447 -14.385 -14.244 -14.064 -14.46 -14.393 -14.252 -14.119 -14.048 -14.362 -14.432 -14.325 -13.617 -13.193 -12.662 -14.362
0.15843 -13.022 -13.352 -13.718 -14.297 -14.464 -14.474 -13.95 -14.335 -14.463 -14.47 -14.353 -14.14 -14.33 -14.478 -14.422 -14.285 -14.108 -14.491 -14.43 -14.293 -14.162 -14.092 -14.398 -14.465 -14.363 -13.663 -13.241 -12.712 -14.397
0.163222 -13.015 -13.35 -13.724 -14.317 -14.492 -14.509 -13.968 -14.356 -14.491 -14.504 -14.391 -14.182 -14.351 -14.508 -14.459 -14.325 -14.15 -14.522 -14.467 -14.333 -14.204 -14.135 -14.434 -14.498 -14.402 -13.71 -13.289 -12.762 -14.432
0.168159 -13.008 -13.346 -13.73 -14.336 -14.519 -14.542 -13.985 -14.377 -14.518 -14.538 -14.43 -14.225 -14.371 -14.538 -14.496 -14.366 -14.193 -14.553 -14.503 -14.373 -14.246 -14.178 -14.47 -14.531 -14.44 -13.756 -13.338 -12.812 -14.467
0.173245 -13.0 -13.342 -13.735 -14.355 -14.547 -14.576 -14.002 -14.397 -14.546 -14.572 -14.468 -14.267 -14.391 -14.567 -14.532 -14.406 -14.236 -14.583 -14.54 -14.413 -14.288 -14.221 -14.505 -14.563 -14.478 -13.802 -13.386 -12.862 -14.501
0.178484 -12.991 -13.337 -13.739 -14.373 -14.573 -14.609 -14.018 -14.417 -14.572 -14.605 -14.506 -14.308 -14.41 -14.596 -14.568 -14.445 -14.278 -14.613 -14.576 -14.453 -14.33 -14.263 -14.54 -14.596 -14.516 -13.848 -13.434 -12.912 -14.536
0.183882 -12.982 -13.331 -13.743 -14.39 -14.6 -14.642 -14.034 -14.436 -14.599 -14.638 -14.543 -14.35 -14.429 -14.625 -14.604 -14.485 -14.32 -14.643 -14.612 -14.492 -14.372 -14.306 -14.575 -14.627 -14.553 -13.894 -13.482 -12.961 -14.57
0.189444 -12.971 -13.325 -13.745 -14.407 -14.625 -14.674 -14.05 -14.454 -14.625 -14.671 -14.581 -14.391 -14.447 -14.653 -14.639 -14.524 -14.362 -14.672 -14.647 -14.532 -14.413 -14.348 -14.61 -14.659 -14.59 -13.94 -13.53 -13.011 -14.603
0.195173 -12.96 -13.317 -13.747 -14.423 -14.651 -14.706 -14.065 -14.472 -14.65 -14.703 -14.618 -14.433 -14.465 -14.681 -14.674 -14.563 -14.404 -14.701 -14.682 -14.571 -14.454 -14.39 -14.644 -14.69 -14.627 -13.986 -13.577 -13.06 -14.636
0.201076 -12.948 -13.308 -13.749 -14.439 -14.675 -14.738 -14.08 -14.489 -14.675 -14.735 -14.655 -14.474 -14.482 -14.708 -14.709 -14.602 -14.446 -14.729 -14.717 -14.609 -14.495 -14.432 -14.678 -14.72 -14.663 -14.031 -13.625 -13.109 -14.669
0.207158 -12.935 -13.298 -13.749 -14.454 -14.7 -14.769 -14.094 -14.506 -14.699 -14.766 -14.691 -14.514 -14.498 -14.735 -14.744 -14.64 -14.487 -14.757 -14.751 -14.648 -14.536 -14.474 -14.711 -14.75 -14.699 -14.076 -13.672 -13.158 -14.702
0.213423 -12.921 -13.287 -13.749 -14.469 -14.723 -14.8 -14.108 -14.522 -14.723 -14.797 -14.727 -14.555 -14.513 -14.761 -14.778 -14.678 -14.528 -14.784 -14.785 -14.686 -14.576 -14.515 -14.744 -14.78 -14.735 -14.122 -13.72 -13.207 -14.734
0.219878 -12.906 -13.276 -13.747 -14.482 -14.747 -14.831 -14.121 -14.537 -14.746 -14.828 -14.763 -14.595 -14.528 -14.787 -14.811 -14.716 -14.569 -14.811 -14.819 -14.724 -14.616 -14.557 -14.777 -14.809 -14.771 -14.167 -13.767 -13.256 -14.766
0.226528 -12.89 -13.263 -13.745 -14.495 -14.769 -14.861 -14.134 -14.552 -14.769 -14.858 -14.798 -14.635 -14.543 -14.812 -14.845 -14.754 -14.609 -14.837 -14.852 -14.761 -14.656 -14.598 -14.809 -14.838 -14.806 -14.211 -13.814 -13.305 -14.797
0.233379 -12.873 -13.249 -13.742 -14.507 -14.791 -14.89 -14.146 -14.566 -14.791 -14.888 -14.834 -14.674 -14.556 -14.837 -14.878 -14.791 -14.649 -14.863 -14.885 -14.798 -14.696 -14.639 -14.841 -14.867 -14.84 -14.256 -13.861 -13.354 -14.828
0.240437 -12.855 -13.233 -13.738 -14.519 -14.813 -14.919 -14.157 -14.579 -14.813 -14.917 -14.868 -14.714 -14.569 -14.861 -14.91 -14.828 -14.689 -14.888 -14.918 -14.835 -14.735 -14.679 -14.873 -14.895 -14.875 -14.3 -13.907 -13.402 -14.859
0.247709 -12.836 -13.217 -13.733 -14.529 -14.833 -14.948 -14.168 -14.592 -14.834 -14.946 -14.903 -14.753 -14.581 -14.885 -14.942 -14.864 -14.729 -14.913 -14.95 -14.872 -14.774 -14.719 -14.904 -14.922 -14.909 -14.344 -13.954 -13.451 -14.889
0.255201 -12.816 -13.199 -13.727 -14.539 -14.854 -14.976 -14.179 -14.603 -14.854 -14.974 -14.937 -14.792 -14.592 -14.908 -14.974 -14.9 -14.768 -14.937 -14.982 -14.908 -14.813 -14.76 -14.935 -14.949 -14.942 -14.388 -14.0 -13.499 -14.919
0.262919 -12.795 -13.18 -13.72 -14.548 -14.873 -15.003 -14.189 -14.614 -14.874 -15.001 -14.97 -14.83 -14.602 -14.93 -15.005 -14.936 -14.807 -14.961 -15.013 -14.944 -14.851 -14.799 -14.965 -14.975 -14.976 -14.432 -14.046 -13.547 -14.948
0.270871 -12.773 -13.16 -13.712 -14.556 -14.892 -15.03 -14.198 -14.624 -14.892 -15.029 -15.003 -14.868 -14.612 -14.952 -15.036 -14.971 -14.846 -14.984 -15.044 -14.979 -14.889 -14.839 -14.995 -15.001 -15.008 -14.475 -14.092 -13.595 -14.977
0.279064 -12.749 -13.139 -13.703 -14.563 -14.91 -15.056 -14.207 -14.633 -14.911 -15.055 -15.036 -14.906 -14.62 -14.973 -15.066 -15.006 -14.885 -15.006 -15.074 -15.014 -14.927 -14.878 -15.024 -15.026 -15.041 -14.519 -14.138 -13.643 -15.006
0.287504 -12.725 -13.116 -13.693 -14.57 -14.927 -15.082 -14.215 -14.641 -14.928 -15.081 -15.068 -14.943 -14.628 -14.994 -15.096 -15.041 -14.923 -15.028 -15.103 -15.049 -14.965 -14.917 -15.053 -15.051 -15.072 -14.562 -14.184 -13.691 -15.033
0.296199 -12.699 -13.091 -13.682 -14.575 -14.944 -15.107 -14.222 -14.649 -14.945 -15.107 -15.1 -14.98 -14.635 -15.013 -15.125 -15.075 -14.96 -15.049 -15.133 -15.083 -15.002 -14.955 -15.082 -15.075 -15.104 -14.604 -14.229 -13.738 -15.061
0.305157 -12.672 -13.065 -13.669 -14.579 -14.96 -15.132 -14.229 -14.655 -14.961 -15.131 -15.131 -15.017 -14.64 -15.032 -15.153 -15.109 -14.998 -15.069 -15.161 -15.117 -15.038 -14.994 -15.109 -15.098 -15.135 -14.647 -14.274 -13.786 -15.088
0.314387 -12.644 -13.038 -13.655 -14.582 -14.975 -15.156 -14.235 -14.66 -14.976 -15.156 -15.162 -15.053 -14.645 -15.051 -15.182 -15.142 -15.035 -15.089 -15.189 -15.15 -15.075 -15.031 -15.137 -15.121 -15.165 -14.689 -14.319 -13.833 -15.114
0.323895 -12.614 -13.009 -13.64 -14.584 -14.989 -15.179 -14.24 -14.664 -14.99 -15.179 -15.192 -15.089 -14.649 -15.068 -15.209 -15.175 -15.071 -15.108 -15.217 -15.183 -15.11 -15.069 -15.163 -15.143 -15.195 -14.731 -14.364 -13.88 -15.14
0.333691 -12.583 -12.978 -13.623 -14.585 -15.002 -15.202 -14.244 -14.667 -15.004 -15.202 -15.222 -15.124 -14.651 -15.085 -15.236 -15.207 -15.107 -15.126 -15.244 -15.215 -15.146 -15.106 -15.189 -15.164 -15.224 -14.772 -14.408 -13.926 -15.165
0.343783 -12.55 -12.945 -13.605 -14.585 -15.014 -15.223 -14.247 -14.669 -15.016 -15.224 -15.251 -15.159 -14.653 -15.101 -15.262 -15.239 -15.143 -15.143 -15.27 -15.247 -15.181 -15.143 -15.215 -15.185 -15.253 -14.814 -14.452 -13.973 -15.189
0.354181 -12.516 -12.911 -13.586 -14.584 -15.025 -15.244 -14.25 -14.67 -15.028 -15.245 -15.279 -15.193 -14.653 -15.115 -15.287 -15.27 -15.178 -15.159 -15.296 -15.278 -15.215 -15.179 -15.239 -15.205 -15.281 -14.854 -14.496 -14.019 -15.213
0.364893 -12.481 -12.874 -13.565 -14.581 -15.036 -15.265 -14.252 -14.67 -15.038 -15.266 -15.307 -15.227 -14.652 -15.129 -15.312 -15.3 -15.213 -15.175 -15.321 -15.309 -15.249 -15.215 -15.263 -15.224 -15.308 -14.895 -14.54 -14.065 -15.236
0.375929 -12.444 -12.836 -13.542 -14.577 -15.045 -15.284 -14.252 -14.668 -15.047 -15.285 -15.334 -15.261 -14.649 -15.142 -15.336 -15.33 -15.247 -15.189 -15.345 -15.339 -15.283 -15.25 -15.287 -15.242 -15.335 -14.935 -14.583 -14.111 -15.259
0.387298 -12.406 -12.796 -13.518 -14.572 -15.053 -15.302 -14.252 -14.665 -15.056 -15.304 -15.36 -15.293 -14.645 -15.154 -15.36 -15.36 -15.281 -15.203 -15.368 -15.368 -15.316 -15.285 -15.309 -15.259 -15.361 -14.975 -14.626 -14.157 -15.28
0.399012 -12.365 -12.753 -13.492 -14.565 -15.06 -15.32 -14.251 -14.661 -15.063 -15.322 -15.386 -15.326 -14.64 -15.165 -15.382 -15.388 -15.314 -15.215 -15.391 -15.397 -15.348 -15.319 -15.331 -15.275 -15.386 -15.014 -14.669 -14.202 -15.301
0.41108 -12.324 -12.708 -13.464 -14.556 -15.066 -15.336 -14.248 -14.655 -15.069 -15.339 -15.411 -15.357 -14.633 -15.175 -15.404 -15.416 -15.346 -15.227 -15.412 -15.425 -15.38 -15.353 -15.352 -15.29 -15.41 -15.053 -14.711 -14.247 -15.321
0.423513 -12.28 -12.661 -13.434 -14.546 -15.07 -15.352 -14.245 -14.647 -15.074 -15.354 -15.435 -15.388 -14.625 -15.184 -15.424 -15.443 -15.378 -15.237 -15.433 -15.452 -15.411 -15.387 -15.372 -15.305 -15.434 -15.092 -14.753 -14.292 -15.341
0.436321 -12.235 -12.611 -13.403 -14.534 -15.073 -15.366 -14.24 -14.638 -15.077 -15.369 -15.459 -15.419 -14.615 -15.191 -15.444 -15.47 -15.409 -15.246 -15.453 -15.479 -15.441 -15.419 -15.391 -15.318 -15.457 -15.13 -14.795 -14.337 -15.359
0.449518 -12.188 -12.559 -13.369 -14.521 -15.075 -15.38 -14.234 -14.627 -15.079 -15.383 -15.481 -15.448 -14.604 -15.197 -15.463 -15.495 -15.44 -15.254 -15.472 -15.505 -15.471 -15.451 -15.41 -15.33 -15.479 -15.167 -14.836 -14.381 -15.376
0.463113 -12.139 -12.504 -13.333 -14.505 -15.075 -15.392 -14.227 -14.615 -15.079 -15.395 -15.503 -15.477 -14.59 -15.202 -15.481 -15.52 -15.47 -15.261 -15.49 -15.53 -15.5 -15.483 -15.427 -15.341 -15.5 -15.204 -14.877 -14.425 -15.393
0.47712 -12.088 -12.446 -13.295 -14.488 -15.074 -15.403 -14.219 -14.6 -15.078 -15.407 -15.523 -15.505 -14.575 -15.205 -15.497 -15.544 -15.499 -15.266 -15.507 -15.554 -15.528 -15.514 -15.443 -15.35 -15.52 -15.241 -14.917 -14.468 -15.408
0.49155 -12.035 -12.385 -13.254 -14.469 -15.071 -15.412 -14.209 -14.584 -15.076 -15.417 -15.543 -15.533 -14.557 -15.207 -15.513 -15.567 -15.527 -15.27 -15.523 -15.577 -15.556 -15.544 -15.458 -15.359 -15.539 -15.277 -14.957 -14.511 -15.423
0.506416 -11.98 -12.321 -13.211 -14.447 -15.066 -15.42 -14.197 -14.565 -15.071 -15.425 -15.561 -15.559 -14.538 -15.207 -15.527 -15.589 -15.555 -15.272 -15.537 -15.599 -15.582 -15.573 -15.472 -15.366 -15.556 -15.312 -14.997 -14.554 -15.436
0.521733 -11.923 -12.253 -13.166 -14.423 -15.059 -15.427 -14.184 -14.544 -15.065 -15.432 -15.579 -15.585 -14.516 -15.206 -15.54 -15.61 -15.581 -15.273 -15.55 -15.62 -15.608 -15.601 -15.485 -15.371 -15.573 -15.347 -15.035 -14.596 -15.448
