web/models/kne.last_good/kappa_0.5_3.0.v1/34/villar_0.0120_0.1867_3.0000.dat
# %ECSV 1.0
# ---
# datatype:
# - {name: time, datatype: float64}
# - {name: swift_uvot_uvw2, datatype: float64}
# - {name: swift_uvot_uvm2, datatype: float64}
# - {name: swift_uvot_uvw1, datatype: float64}
# - {name: swift_uvot_U, datatype: float64}
# - {name: swift_uvot_B, datatype: float64}
# - {name: swift_uvot_V, datatype: float64}
# - {name: swift_uvot_W, datatype: float64}
# - {name: johnson_U, datatype: float64}
# - {name: johnson_B, datatype: float64}
# - {name: johnson_V, datatype: float64}
# - {name: johnson_R, datatype: float64}
# - {name: johnson_I, datatype: float64}
# - {name: sdss_u, datatype: float64}
# - {name: sdss_g, datatype: float64}
# - {name: sdss_r, datatype: float64}
# - {name: sdss_i, datatype: float64}
# - {name: sdss_z, datatype: float64}
# - {name: PS1_g, datatype: float64}
# - {name: PS1_r, datatype: float64}
# - {name: PS1_i, datatype: float64}
# - {name: PS1_z, datatype: float64}
# - {name: PS1_Y, datatype: float64}
# - {name: PS1_w, datatype: float64}
# - {name: ATLAS_c, datatype: float64}
# - {name: ATLAS_o, datatype: float64}
# - {name: ukirt_J, datatype: float64}
# - {name: ukirt_H, datatype: float64}
# - {name: ukirt_K, datatype: float64}
# - {name: Clear, datatype: float64}
# meta: !!omap
# - comment: [kappa = 3.0, type = villar, mass = 0.012011244339858356, velocity = 0.1866666666666667, theta_obs = 0.0]
# schema: astropy-2.0
time swift_uvot_uvw2 swift_uvot_uvm2 swift_uvot_uvw1 swift_uvot_U swift_uvot_B swift_uvot_V swift_uvot_W johnson_U johnson_B johnson_V johnson_R johnson_I sdss_u sdss_g sdss_r sdss_i sdss_z PS1_g PS1_r PS1_i PS1_z PS1_Y PS1_w ATLAS_c ATLAS_o ukirt_J ukirt_H ukirt_K Clear
0.001 nan nan nan nan nan nan nan nan nan nan nan nan nan nan nan nan nan nan nan nan nan nan nan nan nan nan nan nan nan
0.00103 -3.812 -3.854 -3.858 -3.782 -3.589 -3.33 -3.742 -3.757 -3.585 -3.321 -3.015 -2.639 -3.763 -3.508 -3.157 -2.869 -2.583 -3.492 -3.176 -2.89 -2.685 -2.618 -3.188 -3.372 -3.038 -1.985 -1.479 -0.883 -3.238
0.001061 -4.496 -4.471 -4.427 -4.243 -3.998 -3.699 -4.29 -4.209 -3.994 -3.689 -3.356 -2.956 -4.217 -3.904 -3.509 -3.198 -2.897 -3.887 -3.533 -3.227 -3.016 -2.969 -3.55 -3.75 -3.381 -2.275 -1.757 -1.15 -3.609
0.001094 -4.872 -4.812 -4.746 -4.51 -4.24 -3.922 -4.602 -4.472 -4.236 -3.912 -3.566 -3.154 -4.48 -4.139 -3.724 -3.403 -3.093 -4.123 -3.752 -3.438 -3.226 -3.192 -3.77 -3.977 -3.592 -2.461 -1.937 -1.324 -3.834
0.001127 -5.135 -5.051 -4.973 -4.704 -4.419 -4.09 -4.824 -4.663 -4.415 -4.079 -3.726 -3.307 -4.672 -4.314 -3.886 -3.559 -3.245 -4.299 -3.918 -3.598 -3.386 -3.364 -3.936 -4.148 -3.752 -2.605 -2.078 -1.462 -4.002
0.001161 -5.339 -5.239 -5.151 -4.861 -4.565 -4.228 -5.001 -4.818 -4.561 -4.217 -3.858 -3.434 -4.827 -4.458 -4.021 -3.689 -3.372 -4.443 -4.055 -3.732 -3.52 -3.507 -4.072 -4.288 -3.885 -2.728 -2.197 -1.58 -4.141
0.001196 -5.508 -5.394 -5.301 -4.994 -4.69 -4.348 -5.149 -4.95 -4.687 -4.337 -3.974 -3.547 -4.959 -4.582 -4.139 -3.803 -3.484 -4.568 -4.175 -3.849 -3.638 -3.632 -4.192 -4.409 -4.001 -2.836 -2.304 -1.685 -4.262
0.001232 -5.653 -5.53 -5.431 -5.112 -4.803 -4.456 -5.278 -5.067 -4.799 -4.445 -4.079 -3.649 -5.076 -4.692 -4.244 -3.907 -3.585 -4.679 -4.282 -3.955 -3.744 -3.744 -4.299 -4.518 -4.106 -2.935 -2.402 -1.781 -4.37
0.001269 -5.781 -5.65 -5.547 -5.219 -4.905 -4.555 -5.394 -5.173 -4.901 -4.544 -4.176 -3.744 -5.182 -4.794 -4.342 -4.003 -3.68 -4.781 -4.381 -4.053 -3.842 -3.848 -4.397 -4.618 -4.203 -3.027 -2.493 -1.871 -4.469
0.001308 -5.897 -5.759 -5.654 -5.318 -5.0 -4.647 -5.5 -5.271 -4.996 -4.637 -4.267 -3.832 -5.28 -4.888 -4.433 -4.092 -3.768 -4.876 -4.474 -4.144 -3.934 -3.944 -4.489 -4.711 -4.293 -3.114 -2.579 -1.957 -4.562
0.001347 -6.003 -5.86 -5.752 -5.41 -5.09 -4.734 -5.599 -5.363 -5.086 -4.724 -4.352 -3.917 -5.372 -4.977 -4.52 -4.178 -3.853 -4.965 -4.561 -4.231 -4.021 -4.034 -4.576 -4.799 -4.379 -3.197 -2.661 -2.038 -4.65
0.001388 -6.102 -5.955 -5.845 -5.497 -5.175 -4.818 -5.691 -5.45 -5.171 -4.807 -4.434 -3.998 -5.459 -5.061 -4.602 -4.259 -3.933 -5.05 -4.644 -4.313 -4.104 -4.12 -4.659 -4.882 -4.461 -3.277 -2.74 -2.117 -4.733
0.00143 -6.194 -6.043 -5.932 -5.58 -5.256 -4.897 -5.778 -5.533 -5.252 -4.887 -4.513 -4.076 -5.542 -5.142 -4.681 -4.337 -4.011 -5.131 -4.724 -4.393 -4.184 -4.203 -4.739 -4.962 -4.54 -3.354 -2.817 -2.193 -4.813
0.001473 -6.281 -6.128 -6.015 -5.66 -5.334 -4.975 -5.861 -5.612 -5.33 -4.964 -4.589 -4.151 -5.622 -5.22 -4.758 -4.413 -4.087 -5.209 -4.801 -4.469 -4.261 -4.282 -4.816 -5.04 -4.617 -3.429 -2.891 -2.267 -4.89
0.001518 -6.364 -6.208 -6.094 -5.737 -5.41 -5.049 -5.94 -5.689 -5.406 -5.039 -4.663 -4.225 -5.698 -5.295 -4.832 -4.487 -4.16 -5.285 -4.876 -4.544 -4.336 -4.358 -4.89 -5.115 -4.691 -3.502 -2.963 -2.339 -4.965
0.001564 -6.444 -6.285 -6.171 -5.811 -5.483 -5.122 -6.016 -5.763 -5.479 -5.111 -4.736 -4.296 -5.773 -5.368 -4.905 -4.559 -4.232 -5.358 -4.949 -4.616 -4.409 -4.432 -4.963 -5.187 -4.763 -3.573 -3.034 -2.41 -5.038
0.001611 -6.519 -6.36 -6.245 -5.884 -5.555 -5.193 -6.09 -5.835 -5.551 -5.182 -4.806 -4.367 -5.845 -5.439 -4.975 -4.629 -4.302 -5.429 -5.02 -4.687 -4.48 -4.504 -5.034 -5.258 -4.833 -3.642 -3.104 -2.479 -5.109
0.00166 -6.593 -6.432 -6.316 -5.954 -5.624 -5.262 -6.162 -5.905 -5.621 -5.252 -4.875 -4.435 -5.915 -5.509 -5.044 -4.698 -4.37 -5.499 -5.089 -4.756 -4.549 -4.574 -5.103 -5.328 -4.903 -3.711 -3.172 -2.548 -5.178
0.00171 -6.663 -6.502 -6.386 -6.023 -5.693 -5.33 -6.231 -5.974 -5.689 -5.32 -4.943 -4.503 -5.984 -5.577 -5.112 -4.766 -4.438 -5.567 -5.157 -4.824 -4.617 -4.643 -5.171 -5.396 -4.97 -3.778 -3.239 -2.615 -5.246
0.001761 -6.732 -6.57 -6.454 -6.09 -5.76 -5.397 -6.299 -6.041 -5.756 -5.386 -5.01 -4.57 -6.051 -5.644 -5.179 -4.833 -4.504 -5.634 -5.224 -4.891 -4.684 -4.71 -5.238 -5.463 -5.037 -3.845 -3.306 -2.681 -5.313
0.001815 -6.798 -6.636 -6.52 -6.156 -5.826 -5.463 -6.365 -6.107 -5.822 -5.452 -5.075 -4.635 -6.117 -5.71 -5.245 -4.898 -4.57 -5.7 -5.29 -4.957 -4.749 -4.776 -5.303 -5.529 -5.103 -3.91 -3.371 -2.747 -5.379
0.00187 -6.863 -6.701 -6.585 -6.221 -5.89 -5.527 -6.43 -6.172 -5.887 -5.517 -5.14 -4.7 -6.181 -5.775 -5.309 -4.963 -4.635 -5.765 -5.355 -5.021 -4.814 -4.841 -5.368 -5.593 -5.167 -3.975 -3.436 -2.811 -5.443
0.001926 -6.926 -6.764 -6.648 -6.284 -5.954 -5.591 -6.493 -6.236 -5.95 -5.581 -5.204 -4.764 -6.245 -5.839 -5.373 -5.027 -4.699 -5.829 -5.418 -5.085 -4.878 -4.904 -5.432 -5.657 -5.231 -4.039 -3.5 -2.875 -5.507
0.001984 -6.988 -6.827 -6.711 -6.347 -6.017 -5.654 -6.556 -6.298 -6.013 -5.644 -5.267 -4.827 -6.308 -5.902 -5.436 -5.09 -4.762 -5.892 -5.481 -5.148 -4.941 -4.967 -5.495 -5.72 -5.295 -4.102 -3.564 -2.939 -5.57
0.002044 -7.049 -6.888 -6.772 -6.409 -6.079 -5.717 -6.617 -6.36 -6.075 -5.706 -5.33 -4.89 -6.37 -5.964 -5.499 -5.153 -4.825 -5.954 -5.544 -5.211 -5.004 -5.029 -5.558 -5.783 -5.357 -4.165 -3.626 -3.002 -5.633
0.002106 -7.108 -6.947 -6.832 -6.47 -6.141 -5.778 -6.677 -6.421 -6.137 -5.768 -5.392 -4.952 -6.431 -6.025 -5.561 -5.215 -4.887 -6.015 -5.605 -5.273 -5.065 -5.09 -5.619 -5.844 -5.419 -4.227 -3.689 -3.064 -5.694
0.00217 -7.166 -7.006 -6.891 -6.53 -6.201 -5.839 -6.737 -6.482 -6.197 -5.829 -5.453 -5.013 -6.491 -6.086 -5.622 -5.276 -4.948 -6.076 -5.666 -5.334 -5.126 -5.151 -5.68 -5.905 -5.48 -4.289 -3.751 -3.126 -5.755
0.002236 -7.223 -7.064 -6.95 -6.59 -6.261 -5.9 -6.795 -6.541 -6.258 -5.889 -5.514 -5.074 -6.551 -6.146 -5.682 -5.337 -5.009 -6.136 -5.727 -5.394 -5.187 -5.21 -5.741 -5.966 -5.541 -4.35 -3.812 -3.188 -5.816
0.002303 -7.279 -7.122 -7.007 -6.649 -6.321 -5.96 -6.853 -6.6 -6.317 -5.949 -5.574 -5.135 -6.61 -6.206 -5.743 -5.397 -5.07 -6.196 -5.787 -5.454 -5.247 -5.27 -5.801 -6.025 -5.601 -4.411 -3.873 -3.249 -5.876
0.002373 -7.334 -7.178 -7.064 -6.707 -6.38 -6.019 -6.91 -6.659 -6.376 -6.009 -5.634 -5.195 -6.668 -6.265 -5.802 -5.457 -5.13 -6.255 -5.846 -5.514 -5.306 -5.328 -5.86 -6.085 -5.661 -4.472 -3.934 -3.309 -5.935
0.002445 -7.388 -7.234 -7.121 -6.765 -6.438 -6.078 -6.966 -6.717 -6.434 -6.068 -5.693 -5.255 -6.726 -6.324 -5.862 -5.517 -5.19 -6.313 -5.905 -5.573 -5.365 -5.386 -5.919 -6.144 -5.72 -4.532 -3.994 -3.37 -5.994
0.002519 -7.442 -7.289 -7.176 -6.822 -6.496 -6.137 -7.022 -6.774 -6.492 -6.126 -5.752 -5.314 -6.784 -6.382 -5.92 -5.576 -5.249 -6.371 -5.964 -5.632 -5.424 -5.444 -5.978 -6.202 -5.779 -4.591 -4.054 -3.43 -6.052
0.002595 -7.495 -7.343 -7.231 -6.879 -6.554 -6.195 -7.077 -6.831 -6.55 -6.185 -5.81 -5.373 -6.84 -6.44 -5.979 -5.635 -5.308 -6.429 -6.022 -5.69 -5.482 -5.501 -6.036 -6.26 -5.838 -4.651 -4.113 -3.49 -6.111
0.002673 -7.547 -7.397 -7.286 -6.935 -6.611 -6.253 -7.131 -6.887 -6.607 -6.242 -5.869 -5.431 -6.897 -6.497 -6.037 -5.693 -5.367 -6.486 -6.08 -5.748 -5.54 -5.557 -6.094 -6.318 -5.896 -4.71 -4.173 -3.549 -6.168
0.002754 -7.598 -7.45 -7.339 -6.991 -6.668 -6.31 -7.185 -6.943 -6.664 -6.3 -5.927 -5.49 -6.953 -6.554 -6.094 -5.751 -5.425 -6.543 -6.137 -5.806 -5.597 -5.614 -6.152 -6.375 -5.954 -4.769 -4.232 -3.608 -6.226
0.002837 -7.649 -7.502 -7.393 -7.046 -6.724 -6.367 -7.239 -6.999 -6.72 -6.357 -5.984 -5.548 -7.008 -6.61 -6.152 -5.809 -5.483 -6.599 -6.194 -5.863 -5.654 -5.669 -6.209 -6.432 -6.011 -4.827 -4.29 -3.667 -6.283
0.002923 -7.699 -7.554 -7.446 -7.101 -6.78 -6.424 -7.292 -7.054 -6.776 -6.414 -6.041 -5.606 -7.063 -6.667 -6.209 -5.866 -5.541 -6.655 -6.251 -5.92 -5.711 -5.725 -6.266 -6.488 -6.068 -4.885 -4.349 -3.726 -6.339
0.003012 -7.748 -7.606 -7.498 -7.156 -6.836 -6.48 -7.344 -7.109 -6.832 -6.47 -6.098 -5.663 -7.118 -6.723 -6.266 -5.924 -5.599 -6.711 -6.307 -5.977 -5.767 -5.78 -6.322 -6.544 -6.125 -4.944 -4.407 -3.785 -6.395
0.003103 -7.797 -7.657 -7.55 -7.21 -6.891 -6.536 -7.396 -7.163 -6.887 -6.526 -6.155 -5.72 -7.172 -6.778 -6.322 -5.98 -5.656 -6.766 -6.363 -6.033 -5.824 -5.835 -6.379 -6.6 -6.182 -5.001 -4.465 -3.843 -6.452
0.003196 -7.846 -7.707 -7.601 -7.264 -6.946 -6.592 -7.448 -7.217 -6.942 -6.582 -6.211 -5.777 -7.227 -6.833 -6.378 -6.037 -5.713 -6.821 -6.419 -6.089 -5.88 -5.89 -6.434 -6.656 -6.238 -5.059 -4.523 -3.901 -6.507
0.003293 -7.894 -7.757 -7.652 -7.317 -7.001 -6.648 -7.499 -7.271 -6.997 -6.638 -6.268 -5.834 -7.28 -6.888 -6.434 -6.094 -5.77 -6.876 -6.474 -6.145 -5.935 -5.944 -6.49 -6.711 -6.295 -5.116 -4.581 -3.959 -6.563
0.003393 -7.941 -7.807 -7.703 -7.37 -7.055 -6.703 -7.55 -7.324 -7.051 -6.693 -6.324 -5.89 -7.334 -6.943 -6.49 -6.15 -5.826 -6.931 -6.53 -6.201 -5.991 -5.998 -6.546 -6.767 -6.351 -5.173 -4.638 -4.017 -6.618
0.003495 -7.988 -7.856 -7.753 -7.423 -7.109 -6.758 -7.6 -7.378 -7.105 -6.748 -6.379 -5.947 -7.387 -6.998 -6.546 -6.206 -5.883 -6.985 -6.585 -6.256 -6.046 -6.052 -6.601 -6.821 -6.406 -5.23 -4.695 -4.074 -6.673
0.003601 -8.035 -7.905 -7.803 -7.476 -7.163 -6.813 -7.65 -7.43 -7.159 -6.803 -6.435 -6.003 -7.44 -7.052 -6.601 -6.262 -5.939 -7.039 -6.64 -6.311 -6.101 -6.105 -6.656 -6.876 -6.462 -5.287 -4.753 -4.131 -6.728
0.00371 -8.081 -7.953 -7.852 -7.528 -7.217 -6.868 -7.7 -7.483 -7.213 -6.857 -6.49 -6.059 -7.492 -7.106 -6.656 -6.317 -5.995 -7.093 -6.694 -6.366 -6.156 -6.159 -6.711 -6.93 -6.517 -5.344 -4.81 -4.189 -6.782
0.003822 -8.126 -8.001 -7.902 -7.58 -7.27 -6.922 -7.749 -7.535 -7.266 -6.912 -6.545 -6.115 -7.544 -7.159 -6.711 -6.373 -6.051 -7.146 -6.749 -6.421 -6.211 -6.212 -6.765 -6.985 -6.572 -5.4 -4.866 -4.246 -6.837
0.003938 -8.171 -8.049 -7.95 -7.632 -7.323 -6.976 -7.798 -7.587 -7.319 -6.966 -6.6 -6.17 -7.596 -7.213 -6.765 -6.428 -6.107 -7.2 -6.803 -6.476 -6.265 -6.265 -6.819 -7.038 -6.627 -5.457 -4.923 -4.303 -6.891
0.004057 -8.216 -8.096 -7.999 -7.683 -7.376 -7.03 -7.846 -7.639 -7.372 -7.02 -6.655 -6.225 -7.648 -7.266 -6.82 -6.483 -6.162 -7.253 -6.857 -6.53 -6.319 -6.318 -6.874 -7.092 -6.682 -5.513 -4.979 -4.359 -6.944
0.00418 -8.26 -8.143 -8.047 -7.735 -7.429 -7.084 -7.895 -7.69 -7.425 -7.074 -6.709 -6.281 -7.699 -7.319 -6.874 -6.538 -6.217 -7.305 -6.911 -6.585 -6.373 -6.37 -6.928 -7.146 -6.736 -5.569 -5.036 -4.416 -6.998
0.004306 -8.304 -8.189 -8.095 -7.786 -7.481 -7.138 -7.943 -7.741 -7.477 -7.127 -6.764 -6.336 -7.751 -7.372 -6.928 -6.593 -6.273 -7.358 -6.964 -6.639 -6.427 -6.423 -6.981 -7.199 -6.79 -5.625 -5.092 -4.473 -7.052
0.004436 -8.348 -8.236 -8.142 -7.836 -7.533 -7.191 -7.99 -7.792 -7.53 -7.181 -6.818 -6.391 -7.801 -7.425 -6.982 -6.647 -6.328 -7.411 -7.018 -6.693 -6.481 -6.475 -7.035 -7.252 -6.845 -5.68 -5.148 -4.529 -7.105
0.00457 -8.391 -8.281 -8.189 -7.887 -7.585 -7.244 -8.038 -7.843 -7.582 -7.234 -6.872 -6.445 -7.852 -7.477 -7.036 -6.702 -6.382 -7.463 -7.071 -6.746 -6.535 -6.527 -7.088 -7.305 -6.898 -5.736 -5.204 -4.585 -7.158
0.004709 -8.434 -8.327 -8.236 -7.937 -7.637 -7.297 -8.085 -7.894 -7.633 -7.287 -6.926 -6.5 -7.903 -7.529 -7.089 -6.756 -6.437 -7.515 -7.124 -6.8 -6.588 -6.579 -7.142 -7.358 -6.952 -5.791 -5.26 -4.642 -7.211
0.004851 -8.476 -8.372 -8.283 -7.987 -7.689 -7.35 -8.132 -7.944 -7.685 -7.34 -6.98 -6.555 -7.953 -7.581 -7.143 -6.81 -6.492 -7.567 -7.177 -6.854 -6.642 -6.631 -7.195 -7.41 -7.006 -5.847 -5.316 -4.698 -7.264
0.004998 -8.518 -8.417 -8.329 -8.037 -7.74 -7.403 -8.178 -7.994 -7.737 -7.393 -7.033 -6.609 -8.003 -7.633 -7.196 -6.864 -6.546 -7.619 -7.23 -6.907 -6.695 -6.682 -7.247 -7.463 -7.06 -5.902 -5.371 -4.754 -7.316
0.005149 -8.56 -8.461 -8.375 -8.086 -7.792 -7.455 -8.225 -8.044 -7.788 -7.445 -7.087 -6.663 -8.053 -7.685 -7.249 -6.918 -6.601 -7.67 -7.283 -6.96 -6.748 -6.734 -7.3 -7.515 -7.113 -5.957 -5.427 -4.81 -7.369
0.005305 -8.601 -8.506 -8.421 -8.136 -7.843 -7.508 -8.271 -8.094 -7.839 -7.498 -7.14 -6.717 -8.102 -7.736 -7.302 -6.971 -6.655 -7.721 -7.335 -7.013 -6.801 -6.785 -7.353 -7.567 -7.166 -6.012 -5.482 -4.865 -7.421
0.005465 -8.643 -8.55 -8.466 -8.185 -7.894 -7.56 -8.316 -8.143 -7.89 -7.55 -7.193 -6.771 -8.152 -7.788 -7.355 -7.025 -6.709 -7.773 -7.388 -7.066 -6.854 -6.837 -7.405 -7.619 -7.219 -6.067 -5.538 -4.921 -7.473
0.00563 -8.683 -8.593 -8.511 -8.234 -7.944 -7.612 -8.362 -8.192 -7.94 -7.602 -7.246 -6.825 -8.201 -7.839 -7.407 -7.078 -6.763 -7.824 -7.44 -7.119 -6.907 -6.888 -7.458 -7.671 -7.272 -6.122 -5.593 -4.977 -7.525
0.005801 -8.724 -8.636 -8.556 -8.283 -7.995 -7.664 -8.407 -8.241 -7.991 -7.654 -7.299 -6.879 -8.25 -7.89 -7.46 -7.132 -6.817 -7.874 -7.492 -7.172 -6.959 -6.939 -7.51 -7.722 -7.325 -6.176 -5.648 -5.032 -7.577
0.005976 -8.764 -8.679 -8.601 -8.331 -8.045 -7.716 -8.452 -8.29 -8.041 -7.706 -7.352 -6.932 -8.299 -7.941 -7.512 -7.185 -6.871 -7.925 -7.544 -7.224 -7.012 -6.99 -7.562 -7.774 -7.378 -6.231 -5.703 -5.088 -7.628
0.006157 -8.803 -8.722 -8.645 -8.379 -8.095 -7.767 -8.497 -8.339 -8.092 -7.757 -7.404 -6.986 -8.347 -7.991 -7.565 -7.238 -6.924 -7.976 -7.596 -7.277 -7.064 -7.041 -7.613 -7.825 -7.43 -6.285 -5.758 -5.143 -7.68
0.006343 -8.843 -8.764 -8.689 -8.428 -8.145 -7.819 -8.541 -8.387 -8.142 -7.809 -7.457 -7.039 -8.396 -8.042 -7.617 -7.291 -6.978 -8.026 -7.648 -7.329 -7.117 -7.092 -7.665 -7.876 -7.483 -6.34 -5.813 -5.198 -7.731
0.006535 -8.882 -8.807 -8.733 -8.475 -8.195 -7.87 -8.585 -8.435 -8.192 -7.86 -7.509 -7.093 -8.444 -8.092 -7.669 -7.344 -7.031 -8.076 -7.699 -7.381 -7.169 -7.142 -7.717 -7.927 -7.535 -6.394 -5.868 -5.253 -7.782
0.006732 -8.921 -8.848 -8.776 -8.523 -8.245 -7.921 -8.629 -8.484 -8.241 -7.911 -7.561 -7.146 -8.492 -8.143 -7.721 -7.396 -7.084 -8.126 -7.751 -7.433 -7.221 -7.193 -7.768 -7.978 -7.587 -6.448 -5.922 -5.308 -7.834
0.006936 -8.959 -8.89 -8.819 -8.571 -8.294 -7.972 -8.673 -8.531 -8.291 -7.962 -7.614 -7.199 -8.54 -8.193 -7.772 -7.449 -7.138 -8.176 -7.802 -7.485 -7.273 -7.244 -7.82 -8.029 -7.639 -6.502 -5.977 -5.363 -7.884
0.007146 -8.997 -8.931 -8.862 -8.618 -8.344 -8.023 -8.717 -8.579 -8.34 -8.013 -7.666 -7.252 -8.588 -8.243 -7.824 -7.501 -7.191 -8.226 -7.853 -7.537 -7.325 -7.294 -7.871 -8.079 -7.691 -6.556 -6.031 -5.418 -7.935
0.007362 -9.035 -8.972 -8.905 -8.665 -8.393 -8.074 -8.76 -8.627 -8.389 -8.064 -7.717 -7.305 -8.635 -8.292 -7.875 -7.554 -7.244 -8.276 -7.904 -7.589 -7.377 -7.345 -7.922 -8.13 -7.743 -6.61 -6.086 -5.473 -7.986
0.007585 -9.073 -9.013 -8.948 -8.712 -8.442 -8.125 -8.803 -8.674 -8.438 -8.115 -7.769 -7.357 -8.682 -8.342 -7.927 -7.606 -7.297 -8.325 -7.955 -7.641 -7.429 -7.395 -7.973 -8.18 -7.795 -6.664 -6.14 -5.528 -8.036
0.007814 -9.11 -9.053 -8.99 -8.759 -8.491 -8.175 -8.846 -8.721 -8.487 -8.165 -7.821 -7.41 -8.729 -8.391 -7.978 -7.658 -7.35 -8.375 -8.006 -7.692 -7.48 -7.445 -8.024 -8.23 -7.846 -6.718 -6.195 -5.583 -8.087
0.00805 -9.147 -9.093 -9.032 -8.806 -8.54 -8.226 -8.888 -8.768 -8.536 -8.216 -7.872 -7.463 -8.776 -8.441 -8.029 -7.71 -7.402 -8.424 -8.057 -7.744 -7.532 -7.495 -8.074 -8.28 -7.898 -6.772 -6.249 -5.638 -8.137
0.008294 -9.183 -9.133 -9.074 -8.852 -8.588 -8.276 -8.931 -8.815 -8.585 -8.266 -7.924 -7.515 -8.823 -8.49 -8.08 -7.762 -7.455 -8.473 -8.107 -7.795 -7.583 -7.545 -8.125 -8.33 -7.949 -6.825 -6.303 -5.692 -8.187
0.008545 -9.219 -9.173 -9.115 -8.898 -8.637 -8.326 -8.973 -8.861 -8.633 -8.316 -7.975 -7.568 -8.87 -8.539 -8.131 -7.814 -7.507 -8.522 -8.158 -7.847 -7.635 -7.595 -8.175 -8.38 -8.0 -6.879 -6.357 -5.747 -8.237
0.008803 -9.255 -9.212 -9.156 -8.944 -8.685 -8.376 -9.015 -8.908 -8.682 -8.366 -8.027 -7.62 -8.916 -8.588 -8.182 -7.866 -7.56 -8.571 -8.208 -7.898 -7.686 -7.645 -8.226 -8.43 -8.052 -6.932 -6.411 -5.801 -8.287
0.009069 -9.291 -9.251 -9.197 -8.99 -8.733 -8.426 -9.056 -8.954 -8.73 -8.416 -8.078 -7.672 -8.962 -8.637 -8.233 -7.918 -7.612 -8.62 -8.259 -7.949 -7.737 -7.695 -8.276 -8.479 -8.103 -6.986 -6.465 -5.856 -8.337
0.009344 -9.326 -9.289 -9.238 -9.036 -8.781 -8.476 -9.098 -9.0 -8.778 -8.466 -8.129 -7.724 -9.008 -8.685 -8.283 -7.969 -7.665 -8.668 -8.309 -8.0 -7.788 -7.745 -8.326 -8.529 -8.154 -7.039 -6.519 -5.91 -8.387
0.009626 -9.361 -9.328 -9.279 -9.081 -8.829 -8.526 -9.139 -9.046 -8.826 -8.516 -8.18 -7.776 -9.054 -8.734 -8.334 -8.021 -7.717 -8.717 -8.359 -8.051 -7.84 -7.795 -8.376 -8.578 -8.204 -7.092 -6.573 -5.964 -8.436
