web/models/kne.last_good/kappa_0.5_3.0.v1/34/villar_0.0630_0.4373_0.5000.dat
# %ECSV 1.0
# ---
# datatype:
# - {name: time, datatype: float64}
# - {name: swift_uvot_uvw2, datatype: float64}
# - {name: swift_uvot_uvm2, datatype: float64}
# - {name: swift_uvot_uvw1, datatype: float64}
# - {name: swift_uvot_U, datatype: float64}
# - {name: swift_uvot_B, datatype: float64}
# - {name: swift_uvot_V, datatype: float64}
# - {name: swift_uvot_W, datatype: float64}
# - {name: johnson_U, datatype: float64}
# - {name: johnson_B, datatype: float64}
# - {name: johnson_V, datatype: float64}
# - {name: johnson_R, datatype: float64}
# - {name: johnson_I, datatype: float64}
# - {name: sdss_u, datatype: float64}
# - {name: sdss_g, datatype: float64}
# - {name: sdss_r, datatype: float64}
# - {name: sdss_i, datatype: float64}
# - {name: sdss_z, datatype: float64}
# - {name: PS1_g, datatype: float64}
# - {name: PS1_r, datatype: float64}
# - {name: PS1_i, datatype: float64}
# - {name: PS1_z, datatype: float64}
# - {name: PS1_Y, datatype: float64}
# - {name: PS1_w, datatype: float64}
# - {name: ATLAS_c, datatype: float64}
# - {name: ATLAS_o, datatype: float64}
# - {name: ukirt_J, datatype: float64}
# - {name: ukirt_H, datatype: float64}
# - {name: ukirt_K, datatype: float64}
# - {name: Clear, datatype: float64}
# meta: !!omap
# - comment: [kappa = 0.5, type = villar, mass = 0.06299605249512866, velocity = 0.43733333333333335, theta_obs = 0.0]
# schema: astropy-2.0
time swift_uvot_uvw2 swift_uvot_uvm2 swift_uvot_uvw1 swift_uvot_U swift_uvot_B swift_uvot_V swift_uvot_W johnson_U johnson_B johnson_V johnson_R johnson_I sdss_u sdss_g sdss_r sdss_i sdss_z PS1_g PS1_r PS1_i PS1_z PS1_Y PS1_w ATLAS_c ATLAS_o ukirt_J ukirt_H ukirt_K Clear
[from data line 144]
0.073012 -13.393 -13.58 -13.723 -13.928 -13.88 -13.73 -13.709 -13.928 -13.878 -13.722 -13.492 -13.182 -13.931 -13.837 -13.605 -13.378 -13.136 -13.831 -13.616 -13.389 -13.21 -13.128 -13.611 -13.75 -13.51 -12.6 -12.128 -11.559 -13.638
0.07522 -13.406 -13.597 -13.746 -13.96 -13.918 -13.772 -13.737 -13.962 -13.915 -13.764 -13.536 -13.229 -13.964 -13.877 -13.649 -13.424 -13.183 -13.87 -13.66 -13.435 -13.257 -13.175 -13.653 -13.791 -13.554 -12.649 -12.179 -11.611 -13.68
0.077495 -13.419 -13.615 -13.768 -13.993 -13.956 -13.813 -13.764 -13.995 -13.953 -13.806 -13.581 -13.276 -13.997 -13.916 -13.692 -13.469 -13.23 -13.91 -13.703 -13.48 -13.304 -13.221 -13.696 -13.832 -13.598 -12.699 -12.23 -11.663 -13.721
0.079839 -13.431 -13.631 -13.79 -14.025 -13.993 -13.855 -13.791 -14.028 -13.991 -13.848 -13.625 -13.322 -14.03 -13.954 -13.736 -13.515 -13.277 -13.949 -13.746 -13.526 -13.35 -13.268 -13.738 -13.872 -13.643 -12.748 -12.28 -11.715 -13.763
0.082253 -13.443 -13.648 -13.812 -14.057 -14.031 -13.896 -13.818 -14.061 -14.028 -13.889 -13.669 -13.369 -14.063 -13.993 -13.779 -13.56 -13.324 -13.988 -13.789 -13.571 -13.396 -13.314 -13.781 -13.913 -13.687 -12.798 -12.331 -11.766 -13.805
0.084741 -13.454 -13.664 -13.834 -14.088 -14.068 -13.937 -13.845 -14.093 -14.065 -13.93 -13.713 -13.416 -14.095 -14.032 -13.822 -13.605 -13.371 -14.027 -13.832 -13.616 -13.443 -13.361 -13.823 -13.953 -13.731 -12.847 -12.382 -11.818 -13.846
0.087304 -13.465 -13.679 -13.854 -14.119 -14.104 -13.978 -13.871 -14.125 -14.102 -13.971 -13.757 -13.462 -14.127 -14.07 -13.864 -13.651 -13.418 -14.066 -13.875 -13.661 -13.489 -13.407 -13.865 -13.993 -13.774 -12.896 -12.432 -11.87 -13.887
0.089944 -13.475 -13.694 -13.875 -14.15 -14.141 -14.019 -13.897 -14.157 -14.138 -14.012 -13.801 -13.508 -14.159 -14.108 -13.907 -13.696 -13.465 -14.104 -13.917 -13.706 -13.535 -13.453 -13.907 -14.033 -13.818 -12.945 -12.483 -11.921 -13.928
0.092665 -13.485 -13.708 -13.895 -14.181 -14.177 -14.06 -13.923 -14.189 -14.175 -14.053 -13.845 -13.555 -14.19 -14.146 -13.95 -13.741 -13.512 -14.143 -13.96 -13.751 -13.581 -13.499 -13.948 -14.073 -13.861 -12.994 -12.533 -11.973 -13.969
0.095467 -13.494 -13.722 -13.915 -14.211 -14.213 -14.1 -13.949 -14.22 -14.211 -14.093 -13.888 -13.601 -14.221 -14.183 -13.992 -13.785 -13.558 -14.181 -14.002 -13.795 -13.627 -13.545 -13.99 -14.113 -13.905 -13.043 -12.583 -12.024 -14.01
0.098355 -13.503 -13.735 -13.934 -14.241 -14.249 -14.14 -13.974 -14.251 -14.246 -14.133 -13.932 -13.647 -14.252 -14.22 -14.034 -13.83 -13.604 -14.219 -14.044 -13.84 -13.673 -13.591 -14.031 -14.152 -13.948 -13.092 -12.634 -12.075 -14.05
0.101329 -13.511 -13.748 -13.953 -14.27 -14.284 -14.18 -13.999 -14.281 -14.282 -14.173 -13.975 -13.693 -14.282 -14.257 -14.076 -13.874 -13.651 -14.256 -14.086 -13.884 -13.718 -13.637 -14.072 -14.191 -13.991 -13.141 -12.684 -12.127 -14.09
0.104394 -13.519 -13.76 -13.971 -14.299 -14.32 -14.22 -14.024 -14.312 -14.317 -14.213 -14.018 -13.739 -14.312 -14.294 -14.118 -13.919 -13.697 -14.294 -14.127 -13.928 -13.764 -13.683 -14.113 -14.23 -14.034 -13.19 -12.734 -12.178 -14.13
0.107551 -13.526 -13.771 -13.989 -14.328 -14.355 -14.259 -14.049 -14.342 -14.352 -14.253 -14.061 -13.784 -14.342 -14.331 -14.159 -13.963 -13.743 -14.331 -14.169 -13.972 -13.809 -13.729 -14.154 -14.269 -14.076 -13.238 -12.784 -12.229 -14.17
0.110804 -13.533 -13.782 -14.007 -14.357 -14.389 -14.299 -14.073 -14.371 -14.387 -14.292 -14.104 -13.83 -14.371 -14.367 -14.201 -14.007 -13.789 -14.368 -14.21 -14.016 -13.855 -13.774 -14.194 -14.307 -14.119 -13.287 -12.834 -12.28 -14.21
0.114155 -13.539 -13.793 -14.023 -14.385 -14.424 -14.338 -14.097 -14.4 -14.421 -14.332 -14.146 -13.875 -14.4 -14.403 -14.242 -14.051 -13.835 -14.404 -14.251 -14.06 -13.9 -13.82 -14.235 -14.345 -14.161 -13.336 -12.884 -12.332 -14.25
0.117608 -13.544 -13.803 -14.04 -14.413 -14.458 -14.377 -14.12 -14.429 -14.456 -14.371 -14.188 -13.92 -14.429 -14.439 -14.283 -14.095 -13.88 -14.441 -14.292 -14.104 -13.945 -13.865 -14.275 -14.384 -14.203 -13.384 -12.934 -12.383 -14.289
0.121165 -13.549 -13.812 -14.056 -14.44 -14.492 -14.416 -14.144 -14.458 -14.49 -14.41 -14.231 -13.966 -14.457 -14.475 -14.324 -14.138 -13.926 -14.477 -14.333 -14.147 -13.99 -13.911 -14.315 -14.421 -14.245 -13.432 -12.984 -12.434 -14.328
0.124829 -13.553 -13.821 -14.072 -14.467 -14.525 -14.454 -14.167 -14.486 -14.523 -14.448 -14.273 -14.011 -14.485 -14.51 -14.365 -14.182 -13.972 -14.513 -14.374 -14.191 -14.035 -13.956 -14.355 -14.459 -14.287 -13.481 -13.034 -12.485 -14.367
0.128605 -13.557 -13.829 -14.087 -14.494 -14.559 -14.492 -14.19 -14.514 -14.557 -14.487 -14.315 -14.056 -14.513 -14.545 -14.405 -14.225 -14.017 -14.549 -14.414 -14.234 -14.079 -14.001 -14.394 -14.496 -14.329 -13.529 -13.083 -12.536 -14.406
0.132494 -13.56 -13.837 -14.101 -14.52 -14.592 -14.531 -14.212 -14.541 -14.59 -14.525 -14.356 -14.1 -14.54 -14.58 -14.446 -14.268 -14.062 -14.584 -14.455 -14.277 -14.124 -14.046 -14.434 -14.534 -14.37 -13.577 -13.133 -12.586 -14.444
0.136502 -13.563 -13.844 -14.115 -14.546 -14.624 -14.568 -14.234 -14.568 -14.622 -14.563 -14.398 -14.145 -14.567 -14.614 -14.486 -14.311 -14.107 -14.619 -14.495 -14.32 -14.169 -14.091 -14.473 -14.57 -14.412 -13.625 -13.182 -12.637 -14.483
0.14063 -13.565 -13.85 -14.129 -14.571 -14.657 -14.606 -14.256 -14.595 -14.655 -14.6 -14.439 -14.189 -14.593 -14.649 -14.526 -14.354 -14.152 -14.654 -14.534 -14.363 -14.213 -14.136 -14.512 -14.607 -14.453 -13.673 -13.232 -12.688 -14.521
0.144883 -13.566 -13.856 -14.142 -14.596 -14.689 -14.643 -14.278 -14.621 -14.687 -14.638 -14.48 -14.234 -14.619 -14.683 -14.565 -14.397 -14.197 -14.689 -14.574 -14.405 -14.257 -14.18 -14.551 -14.643 -14.494 -13.721 -13.281 -12.739 -14.559
0.149265 -13.567 -13.861 -14.154 -14.621 -14.721 -14.68 -14.299 -14.647 -14.719 -14.675 -14.521 -14.278 -14.645 -14.716 -14.605 -14.439 -14.241 -14.723 -14.613 -14.448 -14.301 -14.225 -14.589 -14.68 -14.535 -13.768 -13.331 -12.789 -14.596
0.15378 -13.567 -13.865 -14.166 -14.645 -14.752 -14.717 -14.32 -14.673 -14.75 -14.712 -14.562 -14.322 -14.67 -14.75 -14.644 -14.482 -14.286 -14.757 -14.653 -14.49 -14.345 -14.269 -14.627 -14.715 -14.575 -13.816 -13.38 -12.84 -14.634
0.15843 -13.566 -13.868 -14.178 -14.669 -14.783 -14.754 -14.34 -14.698 -14.781 -14.748 -14.603 -14.366 -14.695 -14.783 -14.683 -14.524 -14.33 -14.791 -14.692 -14.532 -14.389 -14.314 -14.666 -14.751 -14.615 -13.863 -13.429 -12.891 -14.671
0.163222 -13.565 -13.871 -14.188 -14.692 -14.814 -14.79 -14.361 -14.722 -14.812 -14.785 -14.643 -14.41 -14.719 -14.815 -14.722 -14.566 -14.374 -14.824 -14.73 -14.574 -14.432 -14.358 -14.703 -14.786 -14.656 -13.911 -13.478 -12.941 -14.708
0.168159 -13.563 -13.874 -14.199 -14.715 -14.844 -14.826 -14.381 -14.746 -14.842 -14.821 -14.683 -14.453 -14.743 -14.848 -14.761 -14.607 -14.419 -14.857 -14.769 -14.615 -14.476 -14.402 -14.741 -14.821 -14.695 -13.958 -13.527 -12.991 -14.745
0.173245 -13.56 -13.875 -14.208 -14.737 -14.874 -14.862 -14.4 -14.77 -14.872 -14.857 -14.723 -14.497 -14.766 -14.88 -14.799 -14.649 -14.462 -14.89 -14.807 -14.657 -14.519 -14.446 -14.778 -14.856 -14.735 -14.005 -13.576 -13.042 -14.781
0.178484 -13.557 -13.876 -14.217 -14.759 -14.904 -14.897 -14.419 -14.793 -14.902 -14.892 -14.763 -14.54 -14.789 -14.911 -14.837 -14.69 -14.506 -14.923 -14.845 -14.698 -14.562 -14.49 -14.816 -14.891 -14.775 -14.052 -13.625 -13.092 -14.817
0.183882 -13.553 -13.876 -14.226 -14.781 -14.933 -14.932 -14.438 -14.816 -14.932 -14.928 -14.802 -14.583 -14.812 -14.943 -14.875 -14.732 -14.55 -14.955 -14.883 -14.739 -14.605 -14.534 -14.853 -14.925 -14.814 -14.099 -13.673 -13.142 -14.853
0.189444 -13.548 -13.875 -14.233 -14.802 -14.962 -14.967 -14.457 -14.838 -14.96 -14.963 -14.842 -14.626 -14.834 -14.974 -14.912 -14.773 -14.593 -14.987 -14.92 -14.78 -14.648 -14.577 -14.889 -14.959 -14.853 -14.146 -13.722 -13.192 -14.889
0.195173 -13.543 -13.874 -14.241 -14.822 -14.99 -15.002 -14.475 -14.86 -14.989 -14.997 -14.881 -14.669 -14.855 -15.005 -14.95 -14.813 -14.636 -15.018 -14.958 -14.821 -14.691 -14.621 -14.926 -14.992 -14.892 -14.193 -13.771 -13.242 -14.925
0.201076 -13.537 -13.872 -14.247 -14.842 -15.018 -15.036 -14.493 -14.882 -15.017 -15.032 -14.919 -14.711 -14.876 -15.035 -14.987 -14.854 -14.679 -15.049 -14.995 -14.861 -14.733 -14.664 -14.962 -15.025 -14.93 -14.239 -13.819 -13.292 -14.96
0.207158 -13.53 -13.868 -14.253 -14.861 -15.046 -15.07 -14.51 -14.903 -15.045 -15.066 -14.958 -14.753 -14.897 -15.065 -15.024 -14.894 -14.722 -15.08 -15.031 -14.902 -14.775 -14.707 -14.997 -15.058 -14.968 -14.286 -13.867 -13.342 -14.995
0.213423 -13.522 -13.865 -14.258 -14.88 -15.073 -15.104 -14.527 -14.923 -15.072 -15.1 -14.996 -14.795 -14.917 -15.094 -15.06 -14.934 -14.765 -15.111 -15.068 -14.942 -14.817 -14.75 -15.033 -15.091 -15.006 -14.332 -13.916 -13.392 -15.029
0.219878 -13.513 -13.86 -14.263 -14.898 -15.1 -15.137 -14.544 -14.943 -15.099 -15.133 -15.034 -14.837 -14.936 -15.123 -15.096 -14.974 -14.807 -15.141 -15.104 -14.982 -14.859 -14.793 -15.068 -15.123 -15.044 -14.378 -13.964 -13.442 -15.064
0.226528 -13.504 -13.854 -14.267 -14.916 -15.127 -15.17 -14.56 -14.962 -15.126 -15.166 -15.072 -14.879 -14.955 -15.152 -15.132 -15.014 -14.85 -15.17 -15.14 -15.021 -14.901 -14.835 -15.103 -15.155 -15.081 -14.424 -14.012 -13.491 -15.098
0.233379 -13.494 -13.848 -14.27 -14.933 -15.153 -15.202 -14.576 -14.981 -15.152 -15.199 -15.109 -14.921 -14.973 -15.181 -15.168 -15.053 -14.892 -15.2 -15.175 -15.061 -14.942 -14.878 -15.138 -15.187 -15.119 -14.47 -14.06 -13.541 -15.131
0.240437 -13.483 -13.84 -14.272 -14.95 -15.178 -15.235 -14.591 -14.999 -15.177 -15.231 -15.147 -14.962 -14.991 -15.208 -15.203 -15.092 -14.933 -15.228 -15.211 -15.1 -14.984 -14.92 -15.172 -15.218 -15.156 -14.516 -14.107 -13.59 -15.165
0.247709 -13.471 -13.832 -14.274 -14.966 -15.203 -15.266 -14.606 -15.016 -15.202 -15.263 -15.184 -15.003 -15.008 -15.236 -15.238 -15.131 -14.975 -15.257 -15.246 -15.138 -15.025 -14.962 -15.206 -15.248 -15.192 -14.561 -14.155 -13.64 -15.198
0.255201 -13.459 -13.822 -14.274 -14.981 -15.227 -15.298 -14.621 -15.033 -15.227 -15.295 -15.22 -15.044 -15.025 -15.263 -15.273 -15.169 -15.016 -15.285 -15.28 -15.177 -15.065 -15.004 -15.24 -15.279 -15.228 -14.607 -14.203 -13.689 -15.231
0.262919 -13.445 -13.812 -14.274 -14.996 -15.251 -15.329 -14.635 -15.049 -15.251 -15.326 -15.256 -15.084 -15.041 -15.289 -15.307 -15.208 -15.058 -15.312 -15.314 -15.215 -15.106 -15.045 -15.273 -15.309 -15.264 -14.652 -14.25 -13.738 -15.263
0.270871 -13.431 -13.801 -14.274 -15.01 -15.275 -15.36 -14.648 -15.065 -15.275 -15.357 -15.292 -15.125 -15.056 -15.315 -15.341 -15.246 -15.099 -15.339 -15.348 -15.253 -15.146 -15.087 -15.306 -15.338 -15.3 -14.697 -14.297 -13.787 -15.295
0.279064 -13.415 -13.788 -14.272 -15.023 -15.298 -15.39 -14.661 -15.08 -15.298 -15.387 -15.328 -15.165 -15.07 -15.341 -15.374 -15.283 -15.139 -15.366 -15.382 -15.291 -15.186 -15.128 -15.339 -15.367 -15.335 -14.742 -14.344 -13.836 -15.327
0.287504 -13.399 -13.775 -14.269 -15.035 -15.32 -15.42 -14.674 -15.094 -15.32 -15.417 -15.363 -15.205 -15.084 -15.366 -15.407 -15.321 -15.18 -15.392 -15.415 -15.328 -15.226 -15.169 -15.371 -15.396 -15.37 -14.786 -14.391 -13.885 -15.358
0.296199 -13.382 -13.76 -14.266 -15.047 -15.342 -15.449 -14.686 -15.108 -15.342 -15.447 -15.398 -15.244 -15.098 -15.391 -15.44 -15.358 -15.22 -15.418 -15.448 -15.366 -15.266 -15.21 -15.403 -15.424 -15.405 -14.831 -14.438 -13.933 -15.389
0.305157 -13.364 -13.745 -14.262 -15.058 -15.363 -15.478 -14.698 -15.121 -15.363 -15.476 -15.433 -15.283 -15.11 -15.415 -15.473 -15.395 -15.26 -15.443 -15.48 -15.402 -15.305 -15.25 -15.435 -15.452 -15.439 -14.875 -14.485 -13.982 -15.419
0.314387 -13.345 -13.728 -14.256 -15.069 -15.384 -15.506 -14.709 -15.133 -15.384 -15.504 -15.467 -15.322 -15.122 -15.438 -15.505 -15.431 -15.299 -15.468 -15.512 -15.439 -15.344 -15.291 -15.466 -15.479 -15.473 -14.919 -14.531 -14.03 -15.45
0.323895 -13.324 -13.71 -14.25 -15.078 -15.404 -15.534 -14.719 -15.144 -15.404 -15.532 -15.501 -15.361 -15.132 -15.461 -15.536 -15.467 -15.339 -15.492 -15.544 -15.475 -15.383 -15.331 -15.496 -15.506 -15.507 -14.963 -14.578 -14.079 -15.479
0.333691 -13.303 -13.69 -14.243 -15.087 -15.423 -15.561 -14.729 -15.155 -15.424 -15.56 -15.535 -15.4 -15.143 -15.483 -15.567 -15.503 -15.378 -15.515 -15.575 -15.511 -15.421 -15.37 -15.526 -15.532 -15.54 -15.007 -14.624 -14.127 -15.509
0.343783 -13.281 -13.67 -14.235 -15.095 -15.442 -15.588 -14.738 -15.165 -15.442 -15.587 -15.568 -15.438 -15.152 -15.505 -15.598 -15.538 -15.416 -15.538 -15.606 -15.546 -15.459 -15.41 -15.556 -15.558 -15.572 -15.051 -14.67 -14.175 -15.537
0.354181 -13.257 -13.648 -14.225 -15.102 -15.46 -15.614 -14.747 -15.174 -15.46 -15.614 -15.6 -15.475 -15.16 -15.526 -15.628 -15.573 -15.455 -15.56 -15.636 -15.581 -15.497 -15.449 -15.586 -15.583 -15.605 -15.094 -14.716 -14.223 -15.566
0.364893 -13.233 -13.625 -14.215 -15.108 -15.477 -15.64 -14.755 -15.182 -15.478 -15.639 -15.632 -15.513 -15.168 -15.546 -15.658 -15.608 -15.493 -15.582 -15.665 -15.616 -15.534 -15.488 -15.614 -15.608 -15.636 -15.137 -14.761 -14.271 -15.594
0.375929 -13.207 -13.6 -14.203 -15.113 -15.493 -15.665 -14.763 -15.189 -15.494 -15.665 -15.664 -15.55 -15.174 -15.566 -15.687 -15.642 -15.531 -15.603 -15.695 -15.65 -15.571 -15.526 -15.643 -15.632 -15.668 -15.18 -14.807 -14.318 -15.621
0.387298 -13.18 -13.574 -14.191 -15.117 -15.509 -15.69 -14.769 -15.195 -15.51 -15.69 -15.695 -15.586 -15.18 -15.585 -15.715 -15.676 -15.568 -15.623 -15.723 -15.684 -15.608 -15.565 -15.67 -15.655 -15.699 -15.222 -14.852 -14.366 -15.648
0.399012 -13.152 -13.546 -14.177 -15.12 -15.524 -15.714 -14.775 -15.2 -15.525 -15.714 -15.726 -15.623 -15.184 -15.603 -15.743 -15.709 -15.605 -15.643 -15.751 -15.717 -15.644 -15.603 -15.698 -15.678 -15.729 -15.264 -14.897 -14.413 -15.674
0.41108 -13.122 -13.517 -14.161 -15.122 -15.538 -15.737 -14.781 -15.204 -15.54 -15.737 -15.756 -15.658 -15.188 -15.621 -15.771 -15.742 -15.642 -15.661 -15.779 -15.75 -15.68 -15.64 -15.724 -15.7 -15.759 -15.306 -14.942 -14.46 -15.7
0.423513 -13.092 -13.486 -14.145 -15.123 -15.551 -15.76 -14.785 -15.207 -15.553 -15.76 -15.786 -15.694 -15.191 -15.637 -15.798 -15.774 -15.678 -15.679 -15.806 -15.782 -15.716 -15.677 -15.75 -15.721 -15.788 -15.348 -14.986 -14.507 -15.725
0.436321 -13.059 -13.454 -14.127 -15.123 -15.563 -15.781 -14.789 -15.209 -15.566 -15.782 -15.815 -15.729 -15.192 -15.653 -15.824 -15.806 -15.713 -15.697 -15.832 -15.814 -15.751 -15.714 -15.776 -15.742 -15.817 -15.389 -15.031 -14.554 -15.75
0.449518 -13.026 -13.42 -14.108 -15.122 -15.575 -15.802 -14.792 -15.21 -15.577 -15.803 -15.844 -15.763 -15.192 -15.668 -15.85 -15.837 -15.749 -15.713 -15.858 -15.845 -15.785 -15.751 -15.801 -15.762 -15.845 -15.43 -15.075 -14.6 -15.774
0.463113 -12.991 -13.383 -14.087 -15.119 -15.585 -15.823 -14.794 -15.21 -15.588 -15.824 -15.872 -15.797 -15.191 -15.682 -15.874 -15.868 -15.784 -15.729 -15.883 -15.876 -15.819 -15.787 -15.825 -15.781 -15.872 -15.471 -15.119 -14.646 -15.797
0.47712 -12.955 -13.345 -14.065 -15.115 -15.595 -15.842 -14.795 -15.209 -15.597 -15.844 -15.899 -15.831 -15.189 -15.695 -15.899 -15.898 -15.818 -15.744 -15.907 -15.906 -15.853 -15.822 -15.849 -15.799 -15.899 -15.511 -15.162 -14.692 -15.82
0.49155 -12.917 -13.305 -14.041 -15.11 -15.603 -15.861 -14.795 -15.206 -15.606 -15.863 -15.926 -15.864 -15.186 -15.707 -15.922 -15.927 -15.852 -15.757 -15.931 -15.936 -15.886 -15.857 -15.871 -15.816 -15.925 -15.551 -15.205 -14.738 -15.842
0.506416 -12.878 -13.263 -14.016 -15.104 -15.61 -15.879 -14.795 -15.202 -15.613 -15.881 -15.952 -15.896 -15.181 -15.719 -15.945 -15.956 -15.885 -15.77 -15.953 -15.965 -15.919 -15.892 -15.893 -15.833 -15.951 -15.591 -15.248 -14.784 -15.863
