web/models/kne.last_good/kappa_0.5_3.0.v1/34/villar_0.0182_0.3120_0.5000.dat
# %ECSV 1.0
# ---
# datatype:
# - {name: time, datatype: float64}
# - {name: swift_uvot_uvw2, datatype: float64}
# - {name: swift_uvot_uvm2, datatype: float64}
# - {name: swift_uvot_uvw1, datatype: float64}
# - {name: swift_uvot_U, datatype: float64}
# - {name: swift_uvot_B, datatype: float64}
# - {name: swift_uvot_V, datatype: float64}
# - {name: swift_uvot_W, datatype: float64}
# - {name: johnson_U, datatype: float64}
# - {name: johnson_B, datatype: float64}
# - {name: johnson_V, datatype: float64}
# - {name: johnson_R, datatype: float64}
# - {name: johnson_I, datatype: float64}
# - {name: sdss_u, datatype: float64}
# - {name: sdss_g, datatype: float64}
# - {name: sdss_r, datatype: float64}
# - {name: sdss_i, datatype: float64}
# - {name: sdss_z, datatype: float64}
# - {name: PS1_g, datatype: float64}
# - {name: PS1_r, datatype: float64}
# - {name: PS1_i, datatype: float64}
# - {name: PS1_z, datatype: float64}
# - {name: PS1_Y, datatype: float64}
# - {name: PS1_w, datatype: float64}
# - {name: ATLAS_c, datatype: float64}
# - {name: ATLAS_o, datatype: float64}
# - {name: ukirt_J, datatype: float64}
# - {name: ukirt_H, datatype: float64}
# - {name: ukirt_K, datatype: float64}
# - {name: Clear, datatype: float64}
# meta: !!omap
# - comment: [kappa = 0.5, type = villar, mass = 0.018176879801416274, velocity = 0.312, theta_obs = 0.0]
# schema: astropy-2.0
time swift_uvot_uvw2 swift_uvot_uvm2 swift_uvot_uvw1 swift_uvot_U swift_uvot_B swift_uvot_V swift_uvot_W johnson_U johnson_B johnson_V johnson_R johnson_I sdss_u sdss_g sdss_r sdss_i sdss_z PS1_g PS1_r PS1_i PS1_z PS1_Y PS1_w ATLAS_c ATLAS_o ukirt_J ukirt_H ukirt_K Clear
[from data line 146]
0.077495 -12.504 -12.716 -12.888 -13.147 -13.129 -13.0 -12.902 -13.152 -13.126 -12.993 -12.777 -12.481 -13.154 -13.093 -12.885 -12.67 -12.437 -13.089 -12.895 -12.68 -12.508 -12.426 -12.886 -13.016 -12.794 -11.913 -11.448 -10.885 -12.909
0.079839 -12.514 -12.73 -12.908 -13.177 -13.165 -13.041 -12.927 -13.184 -13.162 -13.034 -12.821 -12.527 -13.186 -13.131 -12.928 -12.715 -12.483 -13.127 -12.938 -12.725 -12.554 -12.472 -12.928 -13.055 -12.838 -11.962 -11.499 -10.936 -12.95
0.082253 -12.524 -12.744 -12.928 -13.208 -13.201 -13.081 -12.953 -13.215 -13.198 -13.074 -12.864 -12.573 -13.217 -13.169 -12.97 -12.76 -12.53 -13.165 -12.98 -12.77 -12.599 -12.518 -12.969 -13.095 -12.881 -12.011 -11.549 -10.988 -12.99
0.084741 -12.533 -12.758 -12.947 -13.238 -13.237 -13.121 -12.978 -13.246 -13.234 -13.114 -12.908 -12.619 -13.247 -13.206 -13.012 -12.804 -12.576 -13.203 -13.022 -12.814 -12.645 -12.563 -13.01 -13.134 -12.924 -12.06 -11.599 -11.039 -13.031
0.087304 -12.541 -12.77 -12.966 -13.267 -13.272 -13.161 -13.003 -13.277 -13.27 -13.154 -12.951 -12.665 -13.278 -13.243 -13.054 -12.849 -12.622 -13.241 -13.064 -12.858 -12.691 -12.609 -13.051 -13.173 -12.967 -12.109 -11.649 -11.09 -13.071
0.089944 -12.549 -12.783 -12.985 -13.296 -13.308 -13.201 -13.028 -13.307 -13.305 -13.194 -12.994 -12.71 -13.308 -13.28 -13.096 -12.893 -12.668 -13.278 -13.106 -12.903 -12.736 -12.655 -13.092 -13.212 -13.01 -12.157 -11.699 -11.142 -13.111
0.092665 -12.556 -12.794 -13.003 -13.325 -13.343 -13.24 -13.052 -13.337 -13.34 -13.234 -13.037 -12.756 -13.338 -13.316 -13.137 -12.937 -12.714 -13.315 -13.147 -12.947 -12.781 -12.7 -13.133 -13.251 -13.053 -12.206 -11.749 -11.193 -13.151
0.095467 -12.562 -12.806 -13.02 -13.354 -13.377 -13.28 -13.076 -13.367 -13.375 -13.273 -13.079 -12.802 -13.367 -13.353 -13.179 -12.981 -12.76 -13.352 -13.188 -12.99 -12.827 -12.746 -13.173 -13.289 -13.095 -12.254 -11.799 -11.244 -13.19
0.098355 -12.568 -12.816 -13.037 -13.382 -13.412 -13.319 -13.1 -13.396 -13.409 -13.312 -13.122 -12.847 -13.396 -13.389 -13.22 -13.025 -12.806 -13.389 -13.229 -13.034 -12.872 -12.791 -13.214 -13.328 -13.137 -12.303 -11.849 -11.295 -13.23
0.101329 -12.574 -12.826 -13.053 -13.41 -13.446 -13.358 -13.124 -13.425 -13.443 -13.351 -13.164 -12.892 -13.425 -13.425 -13.261 -13.069 -12.851 -13.425 -13.27 -13.078 -12.917 -12.837 -13.254 -13.366 -13.18 -12.351 -11.899 -11.346 -13.269
0.104394 -12.579 -12.835 -13.069 -13.437 -13.48 -13.396 -13.147 -13.453 -13.477 -13.39 -13.206 -12.937 -13.453 -13.46 -13.302 -13.112 -12.897 -13.461 -13.311 -13.121 -12.962 -12.882 -13.294 -13.403 -13.221 -12.399 -11.948 -11.397 -13.308
0.107551 -12.583 -12.844 -13.085 -13.464 -13.513 -13.435 -13.169 -13.481 -13.511 -13.429 -13.248 -12.982 -13.481 -13.495 -13.342 -13.155 -12.942 -13.497 -13.351 -13.164 -13.006 -12.927 -13.333 -13.441 -13.263 -12.447 -11.998 -11.447 -13.347
0.110804 -12.586 -12.852 -13.1 -13.49 -13.546 -13.473 -13.192 -13.509 -13.544 -13.467 -13.29 -13.027 -13.508 -13.53 -13.383 -13.198 -12.987 -13.533 -13.392 -13.207 -13.051 -12.972 -13.373 -13.478 -13.305 -12.495 -12.048 -11.498 -13.385
0.114155 -12.589 -12.859 -13.114 -13.516 -13.579 -13.511 -13.214 -13.536 -13.577 -13.505 -13.332 -13.071 -13.535 -13.565 -13.423 -13.241 -13.032 -13.568 -13.432 -13.25 -13.095 -13.017 -13.412 -13.515 -13.346 -12.543 -12.097 -11.549 -13.424
0.117608 -12.591 -12.866 -13.128 -13.542 -13.611 -13.548 -13.236 -13.563 -13.609 -13.542 -13.373 -13.116 -13.562 -13.599 -13.463 -13.284 -13.077 -13.603 -13.472 -13.293 -13.139 -13.061 -13.451 -13.552 -13.387 -12.591 -12.146 -11.6 -13.462
0.121165 -12.593 -12.872 -13.141 -13.567 -13.644 -13.586 -13.257 -13.589 -13.641 -13.58 -13.414 -13.16 -13.588 -13.633 -13.502 -13.327 -13.122 -13.638 -13.511 -13.335 -13.184 -13.106 -13.49 -13.588 -13.428 -12.639 -12.196 -11.65 -13.5
0.124829 -12.593 -12.877 -13.154 -13.592 -13.675 -13.623 -13.278 -13.615 -13.673 -13.617 -13.455 -13.204 -13.614 -13.667 -13.542 -13.369 -13.166 -13.672 -13.55 -13.378 -13.227 -13.15 -13.528 -13.624 -13.469 -12.686 -12.245 -11.701 -13.537
0.128605 -12.593 -12.882 -13.166 -13.616 -13.707 -13.66 -13.299 -13.641 -13.705 -13.654 -13.496 -13.248 -13.639 -13.7 -13.581 -13.412 -13.211 -13.706 -13.59 -13.42 -13.271 -13.194 -13.566 -13.66 -13.509 -12.734 -12.294 -11.751 -13.575
0.132494 -12.593 -12.885 -13.177 -13.64 -13.738 -13.696 -13.319 -13.666 -13.736 -13.691 -13.536 -13.292 -13.664 -13.733 -13.62 -13.454 -13.255 -13.74 -13.628 -13.462 -13.315 -13.239 -13.604 -13.696 -13.549 -12.781 -12.343 -11.801 -13.612
0.136502 -12.591 -12.888 -13.188 -13.663 -13.768 -13.732 -13.339 -13.691 -13.767 -13.727 -13.576 -13.335 -13.688 -13.766 -13.659 -13.495 -13.299 -13.773 -13.667 -13.504 -13.358 -13.283 -13.642 -13.731 -13.589 -12.828 -12.392 -11.852 -13.649
0.14063 -12.589 -12.891 -13.198 -13.686 -13.799 -13.768 -13.359 -13.715 -13.797 -13.763 -13.616 -13.379 -13.712 -13.798 -13.697 -13.537 -13.343 -13.806 -13.705 -13.545 -13.402 -13.326 -13.68 -13.766 -13.629 -12.875 -12.44 -11.902 -13.685
0.144883 -12.586 -12.892 -13.207 -13.708 -13.829 -13.804 -13.378 -13.738 -13.827 -13.799 -13.656 -13.422 -13.735 -13.83 -13.735 -13.578 -13.387 -13.839 -13.744 -13.586 -13.445 -13.37 -13.717 -13.8 -13.668 -12.922 -12.489 -11.952 -13.722
0.149265 -12.583 -12.893 -13.216 -13.73 -13.858 -13.839 -13.396 -13.761 -13.856 -13.834 -13.695 -13.465 -13.758 -13.861 -13.773 -13.619 -13.43 -13.871 -13.781 -13.627 -13.487 -13.414 -13.754 -13.835 -13.708 -12.969 -12.538 -12.002 -13.758
0.15378 -12.578 -12.893 -13.224 -13.751 -13.887 -13.874 -13.415 -13.784 -13.886 -13.869 -13.735 -13.508 -13.78 -13.893 -13.811 -13.66 -13.473 -13.903 -13.819 -13.668 -13.53 -13.457 -13.79 -13.869 -13.747 -13.016 -12.586 -12.052 -13.793
0.15843 -12.573 -12.892 -13.232 -13.772 -13.916 -13.909 -13.433 -13.806 -13.914 -13.904 -13.774 -13.55 -13.802 -13.923 -13.848 -13.701 -13.517 -13.935 -13.856 -13.709 -13.573 -13.5 -13.827 -13.902 -13.785 -13.062 -12.635 -12.102 -13.829
0.163222 -12.567 -12.89 -13.238 -13.792 -13.944 -13.943 -13.45 -13.828 -13.943 -13.938 -13.812 -13.593 -13.823 -13.954 -13.885 -13.742 -13.559 -13.966 -13.893 -13.749 -13.615 -13.543 -13.863 -13.935 -13.824 -13.109 -12.683 -12.151 -13.864
0.168159 -12.56 -12.887 -13.244 -13.812 -13.972 -13.977 -13.467 -13.849 -13.97 -13.972 -13.851 -13.635 -13.844 -13.984 -13.922 -13.782 -13.602 -13.997 -13.93 -13.789 -13.657 -13.586 -13.899 -13.968 -13.862 -13.155 -12.731 -12.201 -13.899
0.173245 -12.552 -12.883 -13.25 -13.831 -13.999 -14.01 -13.484 -13.869 -13.998 -14.006 -13.889 -13.677 -13.864 -14.013 -13.958 -13.822 -13.645 -14.027 -13.966 -13.829 -13.699 -13.629 -13.934 -14.001 -13.9 -13.201 -12.779 -12.25 -13.933
0.178484 -12.543 -12.878 -13.254 -13.849 -14.026 -14.044 -13.5 -13.889 -14.025 -14.039 -13.927 -13.719 -13.884 -14.042 -13.994 -13.861 -13.687 -14.057 -14.002 -13.869 -13.741 -13.671 -13.969 -14.033 -13.937 -13.247 -12.827 -12.3 -13.967
0.183882 -12.534 -12.873 -13.258 -13.867 -14.052 -14.076 -13.515 -13.908 -14.051 -14.072 -13.964 -13.76 -13.902 -14.071 -14.03 -13.901 -13.729 -14.086 -14.038 -13.908 -13.782 -13.714 -14.004 -14.065 -13.975 -13.292 -12.874 -12.349 -14.001
0.189444 -12.523 -12.866 -13.261 -13.884 -14.078 -14.109 -13.531 -13.927 -14.077 -14.105 -14.002 -13.801 -13.921 -14.099 -14.065 -13.94 -13.771 -14.115 -14.073 -13.947 -13.823 -13.756 -14.038 -14.096 -14.012 -13.338 -12.922 -12.398 -14.034
0.195173 -12.512 -12.858 -13.263 -13.9 -14.103 -14.141 -13.545 -13.945 -14.102 -14.137 -14.039 -13.842 -13.938 -14.127 -14.1 -13.979 -13.812 -14.144 -14.108 -13.986 -13.864 -13.798 -14.072 -14.127 -14.048 -13.383 -12.969 -12.448 -14.067
0.201076 -12.499 -12.85 -13.264 -13.916 -14.128 -14.172 -13.559 -13.962 -14.127 -14.168 -14.075 -13.883 -13.955 -14.154 -14.135 -14.017 -13.853 -14.172 -14.143 -14.025 -13.905 -13.839 -14.106 -14.157 -14.085 -13.429 -13.017 -12.496 -14.1
0.207158 -12.485 -12.84 -13.264 -13.931 -14.152 -14.203 -13.573 -13.978 -14.151 -14.2 -14.111 -13.923 -13.971 -14.18 -14.169 -14.055 -13.894 -14.2 -14.177 -14.063 -13.945 -13.881 -14.139 -14.187 -14.12 -13.474 -13.064 -12.545 -14.132
0.213423 -12.471 -12.829 -13.263 -13.945 -14.175 -14.234 -13.586 -13.994 -14.175 -14.23 -14.147 -13.964 -13.987 -14.206 -14.203 -14.093 -13.935 -14.227 -14.211 -14.101 -13.985 -13.922 -14.172 -14.217 -14.156 -13.518 -13.111 -12.594 -14.164
0.219878 -12.455 -12.817 -13.261 -13.958 -14.198 -14.264 -13.598 -14.009 -14.198 -14.261 -14.183 -14.003 -14.001 -14.232 -14.236 -14.131 -13.976 -14.253 -14.244 -14.138 -14.025 -13.963 -14.204 -14.246 -14.191 -13.563 -13.158 -12.643 -14.196
0.226528 -12.438 -12.803 -13.259 -13.971 -14.221 -14.294 -13.61 -14.023 -14.22 -14.291 -14.218 -14.043 -14.015 -14.257 -14.269 -14.168 -14.016 -14.279 -14.277 -14.175 -14.065 -14.003 -14.236 -14.274 -14.226 -13.607 -13.204 -12.691 -14.227
0.233379 -12.42 -12.789 -13.255 -13.983 -14.242 -14.323 -13.621 -14.037 -14.242 -14.32 -14.253 -14.082 -14.028 -14.281 -14.302 -14.205 -14.056 -14.305 -14.31 -14.212 -14.104 -14.044 -14.268 -14.302 -14.26 -13.652 -13.251 -12.739 -14.257
0.240437 -12.401 -12.773 -13.25 -13.993 -14.263 -14.351 -13.632 -14.05 -14.263 -14.349 -14.287 -14.121 -14.04 -14.305 -14.334 -14.241 -14.095 -14.33 -14.342 -14.249 -14.143 -14.084 -14.299 -14.33 -14.294 -13.695 -13.297 -12.788 -14.287
0.247709 -12.381 -12.755 -13.245 -14.004 -14.283 -14.379 -13.642 -14.062 -14.283 -14.377 -14.321 -14.16 -14.052 -14.328 -14.366 -14.277 -14.134 -14.354 -14.373 -14.285 -14.181 -14.123 -14.33 -14.356 -14.328 -13.739 -13.343 -12.835 -14.317
0.255201 -12.359 -12.737 -13.238 -14.013 -14.303 -14.407 -13.651 -14.072 -14.303 -14.405 -14.354 -14.198 -14.062 -14.351 -14.397 -14.313 -14.173 -14.377 -14.404 -14.32 -14.219 -14.163 -14.36 -14.383 -14.361 -13.783 -13.389 -12.883 -14.346
0.262919 -12.337 -12.717 -13.229 -14.021 -14.322 -14.434 -13.66 -14.083 -14.322 -14.432 -14.387 -14.236 -14.072 -14.372 -14.427 -14.348 -14.212 -14.4 -14.435 -14.356 -14.257 -14.202 -14.39 -14.408 -14.393 -13.826 -13.434 -12.931 -14.375
0.270871 -12.312 -12.695 -13.22 -14.028 -14.34 -14.46 -13.668 -14.092 -14.34 -14.458 -14.419 -14.273 -14.08 -14.393 -14.457 -14.383 -14.25 -14.423 -14.465 -14.39 -14.295 -14.241 -14.419 -14.433 -14.425 -13.869 -13.48 -12.978 -14.403
0.279064 -12.287 -12.672 -13.209 -14.034 -14.357 -14.486 -13.675 -14.1 -14.357 -14.484 -14.451 -14.31 -14.088 -14.414 -14.487 -14.417 -14.288 -14.444 -14.495 -14.425 -14.332 -14.279 -14.447 -14.458 -14.457 -13.911 -13.525 -13.026 -14.43
0.287504 -12.26 -12.647 -13.198 -14.039 -14.373 -14.511 -13.681 -14.107 -14.374 -14.509 -14.483 -14.347 -14.094 -14.433 -14.516 -14.451 -14.325 -14.465 -14.523 -14.458 -14.368 -14.318 -14.475 -14.482 -14.488 -13.954 -13.57 -13.073 -14.457
0.296199 -12.232 -12.621 -13.184 -14.043 -14.389 -14.535 -13.686 -14.113 -14.39 -14.534 -14.514 -14.383 -14.1 -14.452 -14.544 -14.484 -14.362 -14.485 -14.552 -14.492 -14.405 -14.355 -14.502 -14.505 -14.518 -13.996 -13.615 -13.12 -14.484
0.305157 -12.202 -12.592 -13.17 -14.046 -14.403 -14.558 -13.691 -14.118 -14.404 -14.557 -14.544 -14.419 -14.104 -14.47 -14.572 -14.517 -14.398 -14.504 -14.579 -14.525 -14.44 -14.393 -14.529 -14.527 -14.548 -14.037 -13.659 -13.166 -14.509
0.314387 -12.17 -12.562 -13.153 -14.047 -14.417 -14.581 -13.695 -14.121 -14.418 -14.58 -14.574 -14.454 -14.107 -14.487 -14.599 -14.549 -14.434 -14.522 -14.606 -14.557 -14.476 -14.429 -14.555 -14.548 -14.578 -14.079 -13.703 -13.213 -14.534
0.323895 -12.137 -12.531 -13.136 -14.048 -14.43 -14.603 -13.698 -14.124 -14.431 -14.602 -14.603 -14.489 -14.109 -14.503 -14.625 -14.581 -14.47 -14.54 -14.633 -14.589 -14.511 -14.466 -14.581 -14.569 -14.606 -14.12 -13.747 -13.259 -14.559
0.333691 -12.102 -12.497 -13.116 -14.047 -14.441 -14.624 -13.699 -14.125 -14.442 -14.624 -14.631 -14.523 -14.11 -14.518 -14.65 -14.612 -14.505 -14.556 -14.658 -14.62 -14.545 -14.502 -14.605 -14.589 -14.634 -14.16 -13.791 -13.305 -14.582
0.343783 -12.066 -12.461 -13.095 -14.044 -14.451 -14.644 -13.7 -14.125 -14.453 -14.644 -14.659 -14.557 -14.109 -14.532 -14.675 -14.642 -14.539 -14.572 -14.683 -14.65 -14.579 -14.537 -14.629 -14.608 -14.661 -14.2 -13.834 -13.351 -14.605
0.354181 -12.028 -12.423 -13.073 -14.04 -14.461 -14.663 -13.7 -14.123 -14.463 -14.664 -14.686 -14.59 -14.107 -14.545 -14.699 -14.672 -14.573 -14.586 -14.707 -14.68 -14.612 -14.573 -14.652 -14.626 -14.688 -14.24 -13.877 -13.396 -14.627
0.364893 -11.987 -12.382 -13.048 -14.035 -14.469 -14.682 -13.699 -14.12 -14.471 -14.682 -14.712 -14.622 -14.103 -14.557 -14.722 -14.701 -14.607 -14.6 -14.73 -14.709 -14.644 -14.607 -14.675 -14.643 -14.714 -14.28 -13.92 -13.441 -14.649
0.375929 -11.945 -12.339 -13.021 -14.028 -14.476 -14.699 -13.696 -14.116 -14.478 -14.7 -14.737 -14.654 -14.098 -14.567 -14.744 -14.729 -14.64 -14.612 -14.753 -14.738 -14.676 -14.641 -14.696 -14.659 -14.739 -14.319 -13.962 -13.486 -14.669
0.387298 -11.901 -12.294 -12.993 -14.019 -14.481 -14.715 -13.692 -14.109 -14.484 -14.717 -14.762 -14.686 -14.091 -14.577 -14.766 -14.757 -14.672 -14.623 -14.774 -14.765 -14.708 -14.674 -14.716 -14.674 -14.763 -14.357 -14.004 -13.531 -14.689
0.399012 -11.855 -12.246 -12.962 -14.009 -14.485 -14.731 -13.687 -14.101 -14.488 -14.732 -14.786 -14.716 -14.082 -14.585 -14.786 -14.784 -14.703 -14.633 -14.794 -14.792 -14.738 -14.707 -14.736 -14.687 -14.786 -14.395 -14.045 -13.575 -14.707
0.41108 -11.807 -12.196 -12.929 -13.996 -14.488 -14.744 -13.681 -14.092 -14.491 -14.746 -14.808 -14.746 -14.072 -14.592 -14.805 -14.81 -14.734 -14.641 -14.814 -14.818 -14.768 -14.739 -14.755 -14.7 -14.808 -14.432 -14.086 -13.619 -14.725
0.423513 -11.757 -12.142 -12.894 -13.982 -14.489 -14.757 -13.673 -14.08 -14.492 -14.759 -14.83 -14.775 -14.059 -14.597 -14.823 -14.835 -14.764 -14.649 -14.832 -14.843 -14.797 -14.77 -14.772 -14.711 -14.829 -14.469 -14.127 -13.662 -14.741
0.436321 -11.704 -12.085 -12.857 -13.966 -14.488 -14.769 -13.664 -14.067 -14.492 -14.771 -14.851 -14.803 -14.045 -14.601 -14.841 -14.859 -14.793 -14.655 -14.849 -14.868 -14.826 -14.801 -14.788 -14.722 -14.85 -14.506 -14.167 -13.705 -14.757
0.449518 -11.649 -12.026 -12.817 -13.948 -14.486 -14.779 -13.653 -14.051 -14.49 -14.782 -14.871 -14.831 -14.028 -14.604 -14.856 -14.882 -14.821 -14.659 -14.865 -14.891 -14.853 -14.831 -14.804 -14.73 -14.869 -14.541 -14.206 -13.748 -14.771
0.463113 -11.592 -11.963 -12.774 -13.927 -14.482 -14.787 -13.641 -14.033 -14.486 -14.791 -14.889 -14.857 -14.01 -14.604 -14.871 -14.904 -14.849 -14.661 -14.88 -14.913 -14.88 -14.86 -14.818 -14.737 -14.887 -14.576 -14.245 -13.79 -14.784
0.47712 -11.532 -11.896 -12.728 -13.904 -14.476 -14.794 -13.627 -14.013 -14.48 -14.798 -14.907 -14.882 -13.989 -14.603 -14.884 -14.925 -14.875 -14.662 -14.893 -14.934 -14.905 -14.888 -14.83 -14.743 -14.903 -14.611 -14.284 -13.832 -14.796
0.49155 -11.469 -11.826 -12.68 -13.878 -14.468 -14.8 -13.611 -13.991 -14.472 -14.804 -14.923 -14.907 -13.965 -14.6 -14.896 -14.945 -14.901 -14.662 -14.905 -14.954 -14.93 -14.916 -14.842 -14.747 -14.919 -14.644 -14.322 -13.873 -14.806
0.506416 -11.404 -11.751 -12.628 -13.85 -14.457 -14.803 -13.593 -13.966 -14.463 -14.808 -14.937 -14.93 -13.939 -14.595 -14.906 -14.963 -14.925 -14.659 -14.916 -14.973 -14.953 -14.942 -14.851 -14.749 -14.933 -14.677 -14.359 -13.914 -14.815
0.521733 -11.336 -11.673 -12.573 -13.819 -14.445 -14.805 -13.573 -13.938 -14.45 -14.81 -14.951 -14.953 -13.91 -14.588 -14.915 -14.98 -14.949 -14.654 -14.925 -14.99 -14.976 -14.968 -14.86 -14.75 -14.946 -14.709 -14.396 -13.955 -14.823
0.537512 -11.266 -11.59 -12.515 -13.784 -14.43 -14.805 -13.551 -13.907 -14.436 -14.811 -14.963 -14.974 -13.878 -14.579 -14.922 -14.996 -14.971 -14.648 -14.932 -15.006 -14.997 -14.992 -14.867 -14.749 -14.957 -14.74 -14.432 -13.994 -14.829
