web/models/kne.last_good/kappa_0.5_3.0.v1/34/villar_0.0035_0.0300_0.5000.dat
# %ECSV 1.0
# ---
# datatype:
# - {name: time, datatype: float64}
# - {name: swift_uvot_uvw2, datatype: float64}
# - {name: swift_uvot_uvm2, datatype: float64}
# - {name: swift_uvot_uvw1, datatype: float64}
# - {name: swift_uvot_U, datatype: float64}
# - {name: swift_uvot_B, datatype: float64}
# - {name: swift_uvot_V, datatype: float64}
# - {name: swift_uvot_W, datatype: float64}
# - {name: johnson_U, datatype: float64}
# - {name: johnson_B, datatype: float64}
# - {name: johnson_V, datatype: float64}
# - {name: johnson_R, datatype: float64}
# - {name: johnson_I, datatype: float64}
# - {name: sdss_u, datatype: float64}
# - {name: sdss_g, datatype: float64}
# - {name: sdss_r, datatype: float64}
# - {name: sdss_i, datatype: float64}
# - {name: sdss_z, datatype: float64}
# - {name: PS1_g, datatype: float64}
# - {name: PS1_r, datatype: float64}
# - {name: PS1_i, datatype: float64}
# - {name: PS1_z, datatype: float64}
# - {name: PS1_Y, datatype: float64}
# - {name: PS1_w, datatype: float64}
# - {name: ATLAS_c, datatype: float64}
# - {name: ATLAS_o, datatype: float64}
# - {name: ukirt_J, datatype: float64}
# - {name: ukirt_H, datatype: float64}
# - {name: ukirt_K, datatype: float64}
# - {name: Clear, datatype: float64}
# meta: !!omap
# - comment: [kappa = 0.5, type = villar, mass = 0.003465724215782086, velocity = 0.030000000000000027, theta_obs = 0.0]
# schema: astropy-2.0
time swift_uvot_uvw2 swift_uvot_uvm2 swift_uvot_uvw1 swift_uvot_U swift_uvot_B swift_uvot_V swift_uvot_W johnson_U johnson_B johnson_V johnson_R johnson_I sdss_u sdss_g sdss_r sdss_i sdss_z PS1_g PS1_r PS1_i PS1_z PS1_Y PS1_w ATLAS_c ATLAS_o ukirt_J ukirt_H ukirt_K Clear
[from data line 367]
56.113031 777.164 782.38 nan nan nan nan 779.433 nan nan nan 785.984 780.972 nan nan nan 785.96 781.464 775.899 776.104 776.082 775.667 773.921 787.207 nan 786.948 775.738 772.237 769.611 774.135
57.810132 777.164 782.38 nan nan nan nan 779.433 nan nan nan 785.984 780.972 nan nan nan 785.96 781.464 775.899 776.104 776.082 775.667 773.921 787.207 nan 786.948 775.738 772.237 769.611 774.135
59.55856 777.164 782.38 nan nan nan nan 779.433 nan nan nan 785.984 780.972 nan nan nan 785.96 781.464 775.899 776.104 776.082 775.667 773.921 787.207 nan 786.948 775.738 772.237 769.611 774.135
61.359868 777.164 782.38 nan nan nan nan 779.433 nan nan nan 785.984 780.972 nan nan nan 785.96 781.464 775.899 776.104 776.082 775.667 773.921 787.207 nan 786.948 775.738 772.237 769.611 774.135
63.215655 777.164 782.38 nan nan nan nan 779.433 nan nan nan 785.984 780.972 nan nan nan 785.96 781.464 775.899 776.104 776.082 775.667 773.921 787.207 nan 786.948 775.738 772.237 769.611 774.135
65.127569 777.164 782.38 nan nan nan nan 779.433 nan nan nan 785.984 780.972 nan nan nan 785.96 781.464 775.899 776.104 776.082 775.667 773.921 787.207 nan 786.948 775.738 772.237 769.611 774.135
67.097308 777.164 782.38 nan nan nan nan 779.433 nan nan nan 785.984 780.972 nan nan nan 785.96 781.464 775.899 776.104 776.082 775.667 773.921 787.207 nan 786.948 775.738 772.237 769.611 774.135
69.126621 777.164 782.38 nan nan nan nan 779.433 nan nan nan 785.984 780.972 nan nan nan 785.96 781.464 775.899 776.104 776.082 775.667 773.921 787.207 nan 786.948 775.738 772.237 769.611 774.135
71.217308 777.164 782.38 nan nan nan nan 779.433 nan nan nan 785.984 780.972 nan nan nan 785.96 781.464 775.899 776.104 776.082 775.667 773.921 787.207 nan 786.948 775.738 772.237 769.611 774.135
73.371227 777.164 782.38 nan nan nan nan 779.433 nan nan nan 785.984 780.972 nan nan nan 785.96 781.464 775.899 776.104 776.082 775.667 773.921 787.207 nan 786.948 775.738 772.237 769.611 774.135
75.59029 777.164 782.38 nan nan nan nan 779.433 nan nan nan 785.984 780.972 nan nan nan 785.96 781.464 775.899 776.104 776.082 775.667 773.921 787.207 nan 786.948 775.738 772.237 769.611 774.135
77.876467 777.164 782.38 nan nan nan nan 779.433 nan nan nan 785.984 780.972 nan nan nan 785.96 781.464 775.899 776.104 776.082 775.667 773.921 787.207 nan 786.948 775.738 772.237 769.611 774.135
80.231787 777.164 782.38 nan nan nan nan 779.433 nan nan nan 785.984 780.972 nan nan nan 785.96 781.464 775.899 776.104 776.082 775.667 773.921 787.207 nan 786.948 775.738 772.237 769.611 774.135
82.658343 777.164 782.38 nan nan nan nan 779.433 nan nan nan 785.984 780.972 nan nan nan 785.96 781.464 775.899 776.104 776.082 775.667 773.921 787.207 nan 786.948 775.738 772.237 769.611 774.135
85.158288 777.164 782.38 nan nan nan nan 779.433 nan nan nan 785.984 780.972 nan nan nan 785.96 781.464 775.899 776.104 776.082 775.667 773.921 787.207 nan 786.948 775.738 772.237 769.611 774.135
87.733843 777.164 782.38 nan nan nan nan 779.433 nan nan nan 785.984 780.972 nan nan nan 785.96 781.464 775.899 776.104 776.082 775.667 773.921 787.207 nan 786.948 775.738 772.237 769.611 774.135
90.387293 777.164 782.38 nan nan nan nan 779.433 nan nan nan 785.984 780.972 nan nan nan 785.96 781.464 775.899 776.104 776.082 775.667 773.921 787.207 nan 786.948 775.738 772.237 769.611 774.135
93.120995 777.164 782.38 nan nan nan nan 779.433 nan nan nan 785.984 780.972 nan nan nan 785.96 781.464 775.899 776.104 776.082 775.667 773.921 787.207 nan 786.948 775.738 772.237 769.611 774.135
95.937376 777.164 782.38 nan nan nan nan 779.433 nan nan nan 785.984 780.972 nan nan nan 785.96 781.464 775.899 776.104 776.082 775.667 773.921 787.207 nan 786.948 775.738 772.237 769.611 774.135
98.838937 777.164 782.38 nan nan nan nan 779.433 nan nan nan 785.984 780.972 nan nan nan 785.96 781.464 775.899 776.104 776.082 775.667 773.921 787.207 nan 786.948 775.738 772.237 769.611 774.135
101.828253 777.164 782.38 nan nan nan nan 779.433 nan nan nan 785.984 780.972 nan nan nan 785.96 781.464 775.899 776.104 776.082 775.667 773.921 787.207 nan 786.948 775.738 772.237 769.611 774.135
104.907979 777.164 782.38 nan nan nan nan 779.433 nan nan nan 785.984 780.972 nan nan nan 785.96 781.464 775.899 776.104 776.082 775.667 773.921 787.207 nan 786.948 775.738 772.237 769.611 774.135
108.080849 777.164 782.38 nan nan nan nan 779.433 nan nan nan 785.984 780.972 nan nan nan 785.96 781.464 775.899 776.104 776.082 775.667 773.921 787.207 nan 786.948 775.738 772.237 769.611 774.135
111.349681 777.164 782.38 nan nan nan nan 779.433 nan nan nan 785.984 780.972 nan nan nan 785.96 781.464 775.899 776.104 776.082 775.667 773.921 787.207 nan 786.948 775.738 772.237 769.611 774.135
114.717376 777.164 782.38 nan nan nan nan 779.433 nan nan nan 785.984 780.972 nan nan nan 785.96 781.464 775.899 776.104 776.082 775.667 773.921 787.207 nan 786.948 775.738 772.237 769.611 774.135
118.186925 777.164 782.38 nan nan nan nan 779.433 nan nan nan 785.984 780.972 nan nan nan 785.96 781.464 775.899 776.104 776.082 775.667 773.921 787.207 nan 786.948 775.738 772.237 769.611 774.135
121.761408 777.164 782.38 nan nan nan nan 779.433 nan nan nan 785.984 780.972 nan nan nan 785.96 781.464 775.899 776.104 776.082 775.667 773.921 787.207 nan 786.948 775.738 772.237 769.611 774.135
125.443999 777.164 782.38 nan nan nan nan 779.433 nan nan nan 785.984 780.972 nan nan nan 785.96 781.464 775.899 776.104 776.082 775.667 773.921 787.207 nan 786.948 775.738 772.237 769.611 774.135
129.237967 777.164 782.38 nan nan nan nan 779.433 nan nan nan 785.984 780.972 nan nan nan 785.96 781.464 775.899 776.104 776.082 775.667 773.921 787.207 nan 786.948 775.738 772.237 769.611 774.135
133.146681 777.164 782.38 nan nan nan nan 779.433 nan nan nan 785.984 780.972 nan nan nan 785.96 781.464 775.899 776.104 776.082 775.667 773.921 787.207 nan 786.948 775.738 772.237 769.611 774.135
137.173612 777.164 782.38 nan nan nan nan 779.433 nan nan nan 785.984 780.972 nan nan nan 785.96 781.464 775.899 776.104 776.082 775.667 773.921 787.207 nan 786.948 775.738 772.237 769.611 774.135
141.322334 777.164 782.38 nan nan nan nan 779.433 nan nan nan 785.984 780.972 nan nan nan 785.96 781.464 775.899 776.104 776.082 775.667 773.921 787.207 nan 786.948 775.738 772.237 769.611 774.135
145.596532 777.164 782.38 nan nan nan nan 779.433 nan nan nan 785.984 780.972 nan nan nan 785.96 781.464 775.899 776.104 776.082 775.667 773.921 787.207 nan 786.948 775.738 772.237 769.611 774.135
150.0 777.164 782.38 nan nan nan nan 779.433 nan nan nan 785.984 780.972 nan nan nan 785.96 781.464 775.899 776.104 776.082 775.667 773.921 787.207 nan 786.948 775.738 772.237 769.611 774.135
