web/models/kne.last_good/kappa_1_10/10/villar_0.0630_0.2963_10.0000.dat
# %ECSV 1.0
# ---
# datatype:
# - {name: time, datatype: float64}
# - {name: swift_uvot_uvw2, datatype: float64}
# - {name: swift_uvot_uvm2, datatype: float64}
# - {name: swift_uvot_uvw1, datatype: float64}
# - {name: swift_uvot_U, datatype: float64}
# - {name: swift_uvot_B, datatype: float64}
# - {name: swift_uvot_V, datatype: float64}
# - {name: swift_uvot_W, datatype: float64}
# - {name: johnson_U, datatype: float64}
# - {name: johnson_B, datatype: float64}
# - {name: johnson_V, datatype: float64}
# - {name: johnson_R, datatype: float64}
# - {name: johnson_I, datatype: float64}
# - {name: sdss_u, datatype: float64}
# - {name: sdss_g, datatype: float64}
# - {name: sdss_r, datatype: float64}
# - {name: sdss_i, datatype: float64}
# - {name: sdss_z, datatype: float64}
# - {name: PS1_g, datatype: float64}
# - {name: PS1_r, datatype: float64}
# - {name: PS1_i, datatype: float64}
# - {name: PS1_z, datatype: float64}
# - {name: PS1_Y, datatype: float64}
# - {name: PS1_w, datatype: float64}
# - {name: ATLAS_c, datatype: float64}
# - {name: ATLAS_o, datatype: float64}
# - {name: ukirt_J, datatype: float64}
# - {name: ukirt_H, datatype: float64}
# - {name: ukirt_K, datatype: float64}
# - {name: Clear, datatype: float64}
# meta: !!omap
# - comment: [kappa = 10.0, type = villar, mass = 0.06299605249512866, velocity = 0.29633333333333334, theta_obs = 0.0]
# schema: astropy-2.0
time swift_uvot_uvw2 swift_uvot_uvm2 swift_uvot_uvw1 swift_uvot_U swift_uvot_B swift_uvot_V swift_uvot_W johnson_U johnson_B johnson_V johnson_R johnson_I sdss_u sdss_g sdss_r sdss_i sdss_z PS1_g PS1_r PS1_i PS1_z PS1_Y PS1_w ATLAS_c ATLAS_o ukirt_J ukirt_H ukirt_K Clear
[from data line 214]
0.587772 -10.012 -10.104 -11.302 -12.813 -13.665 -14.2 -12.739 -12.972 -13.676 -14.211 -14.486 -14.597 -12.93 -13.876 -14.393 -14.563 -14.607 -13.972 -14.406 -14.576 -14.623 -14.652 -14.339 -14.131 -14.473 -14.475 -14.218 -13.822 -14.297
0.605549 -9.982 -10.046 -11.267 -12.795 -13.664 -14.211 -12.736 -12.957 -13.675 -14.222 -14.508 -14.627 -12.914 -13.879 -14.41 -14.587 -14.637 -13.977 -14.424 -14.6 -14.652 -14.684 -14.357 -14.141 -14.494 -14.513 -14.26 -13.867 -14.315
0.623863 -9.952 -9.987 -11.231 -12.777 -13.661 -14.221 -12.732 -12.942 -13.673 -14.233 -14.529 -14.656 -12.897 -13.882 -14.427 -14.612 -14.667 -13.982 -14.44 -14.625 -14.681 -14.716 -14.374 -14.151 -14.514 -14.55 -14.302 -13.913 -14.332
0.642731 -9.922 -9.927 -11.194 -12.757 -13.658 -14.23 -12.728 -12.925 -13.671 -14.243 -14.549 -14.684 -12.879 -13.884 -14.443 -14.635 -14.697 -13.986 -14.457 -14.649 -14.71 -14.748 -14.39 -14.16 -14.534 -14.588 -14.344 -13.958 -14.348
0.66217 -9.893 -9.865 -11.155 -12.736 -13.654 -14.239 -12.723 -12.907 -13.667 -14.253 -14.569 -14.712 -12.86 -13.885 -14.458 -14.659 -14.726 -13.99 -14.472 -14.672 -14.738 -14.779 -14.406 -14.168 -14.553 -14.625 -14.386 -14.003 -14.364
0.682197 -9.864 -9.801 -11.116 -12.714 -13.649 -14.248 -12.718 -12.888 -13.663 -14.262 -14.588 -14.74 -12.84 -13.885 -14.473 -14.681 -14.754 -13.992 -14.487 -14.695 -14.766 -14.81 -14.422 -14.176 -14.572 -14.662 -14.427 -14.048 -14.38
0.70283 -9.836 -9.736 -11.076 -12.691 -13.643 -14.255 -12.711 -12.868 -13.657 -14.27 -14.607 -14.767 -12.819 -13.884 -14.487 -14.703 -14.782 -13.994 -14.502 -14.718 -14.793 -14.841 -14.437 -14.182 -14.59 -14.699 -14.468 -14.093 -14.395
0.724086 -9.809 -9.669 -11.034 -12.666 -13.636 -14.262 -12.705 -12.846 -13.651 -14.277 -14.625 -14.794 -12.796 -13.883 -14.5 -14.725 -14.81 -13.996 -14.515 -14.74 -14.82 -14.871 -14.451 -14.189 -14.607 -14.735 -14.51 -14.138 -14.41
0.745986 -9.783 -9.601 -10.992 -12.641 -13.629 -14.268 -12.697 -12.824 -13.644 -14.284 -14.643 -14.82 -12.773 -13.881 -14.513 -14.746 -14.838 -13.996 -14.529 -14.761 -14.846 -14.9 -14.465 -14.194 -14.624 -14.772 -14.55 -14.182 -14.424
0.768548 -9.757 -9.531 -10.948 -12.614 -13.62 -14.273 -12.689 -12.801 -13.636 -14.289 -14.66 -14.846 -12.748 -13.878 -14.525 -14.767 -14.865 -13.995 -14.541 -14.782 -14.872 -14.93 -14.478 -14.199 -14.641 -14.807 -14.591 -14.227 -14.437
0.791792 -9.733 -9.459 -10.903 -12.586 -13.61 -14.277 -12.68 -12.776 -13.627 -14.294 -14.676 -14.872 -12.722 -13.874 -14.537 -14.787 -14.891 -13.994 -14.553 -14.803 -14.898 -14.959 -14.49 -14.203 -14.656 -14.843 -14.631 -14.271 -14.451
0.815739 -9.709 -9.385 -10.857 -12.557 -13.6 -14.281 -12.671 -12.75 -13.617 -14.299 -14.692 -14.896 -12.695 -13.869 -14.547 -14.807 -14.917 -13.992 -14.564 -14.823 -14.923 -14.987 -14.502 -14.206 -14.671 -14.878 -14.671 -14.315 -14.463
0.840411 -9.687 -9.31 -10.81 -12.527 -13.588 -14.284 -12.661 -12.723 -13.606 -14.302 -14.707 -14.921 -12.666 -13.863 -14.557 -14.826 -14.943 -13.989 -14.574 -14.842 -14.948 -15.015 -14.514 -14.208 -14.686 -14.913 -14.711 -14.359 -14.475
0.865828 -9.666 -9.233 -10.762 -12.495 -13.575 -14.286 -12.65 -12.695 -13.594 -14.305 -14.722 -14.945 -12.637 -13.856 -14.566 -14.844 -14.968 -13.985 -14.584 -14.86 -14.972 -15.043 -14.524 -14.21 -14.7 -14.948 -14.751 -14.402 -14.486
0.892015 -9.645 -9.154 -10.712 -12.462 -13.562 -14.287 -12.638 -12.665 -13.58 -14.306 -14.736 -14.968 -12.605 -13.848 -14.575 -14.862 -14.992 -13.98 -14.593 -14.878 -14.995 -15.07 -14.534 -14.211 -14.713 -14.982 -14.79 -14.446 -14.497
0.918993 -9.626 -9.074 -10.661 -12.428 -13.547 -14.287 -12.626 -12.634 -13.566 -14.307 -14.749 -14.991 -12.573 -13.839 -14.583 -14.879 -15.016 -13.975 -14.601 -14.896 -15.018 -15.097 -14.544 -14.211 -14.725 -15.016 -14.829 -14.489 -14.507
0.946787 -9.609 -8.991 -10.609 -12.392 -13.531 -14.286 -12.613 -12.602 -13.551 -14.307 -14.761 -15.014 -12.539 -13.83 -14.59 -14.895 -15.04 -13.968 -14.609 -14.913 -15.041 -15.123 -14.552 -14.21 -14.737 -15.049 -14.868 -14.532 -14.517
0.975422 -9.592 -8.907 -10.556 -12.355 -13.514 -14.285 -12.599 -12.568 -13.535 -14.306 -14.773 -15.036 -12.504 -13.819 -14.596 -14.911 -15.063 -13.96 -14.615 -14.929 -15.063 -15.149 -14.56 -14.208 -14.748 -15.082 -14.907 -14.575 -14.526
1.004923 -9.577 -8.821 -10.502 -12.316 -13.495 -14.282 -12.584 -12.533 -13.517 -14.305 -14.785 -15.057 -12.468 -13.807 -14.601 -14.926 -15.085 -13.952 -14.621 -14.944 -15.084 -15.174 -14.567 -14.205 -14.759 -15.115 -14.945 -14.618 -14.534
1.035317 -9.564 -8.733 -10.446 -12.276 -13.476 -14.278 -12.569 -12.497 -13.498 -14.302 -14.795 -15.078 -12.43 -13.794 -14.606 -14.941 -15.107 -13.942 -14.626 -14.959 -15.105 -15.199 -14.574 -14.202 -14.768 -15.147 -14.983 -14.66 -14.542
1.066629 -9.552 -8.642 -10.389 -12.234 -13.455 -14.274 -12.552 -12.459 -13.479 -14.298 -14.805 -15.098 -12.39 -13.78 -14.609 -14.954 -15.128 -13.932 -14.631 -14.973 -15.125 -15.223 -14.58 -14.197 -14.777 -15.179 -15.021 -14.702 -14.549
1.098888 -9.541 -8.55 -10.331 -12.191 -13.433 -14.268 -12.535 -12.42 -13.458 -14.294 -14.814 -15.117 -12.349 -13.765 -14.612 -14.967 -15.149 -13.92 -14.634 -14.987 -15.145 -15.247 -14.585 -14.192 -14.786 -15.211 -15.058 -14.744 -14.556
1.132124 -9.531 -8.456 -10.271 -12.147 -13.41 -14.262 -12.517 -12.379 -13.435 -14.288 -14.822 -15.136 -12.306 -13.749 -14.614 -14.98 -15.169 -13.908 -14.636 -15.0 -15.164 -15.27 -14.589 -14.185 -14.793 -15.242 -15.095 -14.786 -14.561
1.166364 -9.523 -8.36 -10.21 -12.1 -13.386 -14.254 -12.498 -12.336 -13.412 -14.281 -14.829 -15.155 -12.262 -13.731 -14.615 -14.991 -15.188 -13.894 -14.638 -15.012 -15.182 -15.293 -14.592 -14.178 -14.799 -15.273 -15.132 -14.828 -14.567
1.20164 -9.517 -8.262 -10.148 -12.052 -13.36 -14.246 -12.478 -12.292 -13.387 -14.273 -14.836 -15.172 -12.216 -13.712 -14.615 -15.002 -15.207 -13.88 -14.639 -15.023 -15.2 -15.315 -14.595 -14.169 -14.805 -15.303 -15.169 -14.869 -14.571
1.237983 -9.511 -8.162 -10.085 -12.003 -13.333 -14.236 -12.458 -12.247 -13.361 -14.264 -14.841 -15.189 -12.169 -13.692 -14.614 -15.012 -15.226 -13.864 -14.639 -15.033 -15.217 -15.336 -14.597 -14.16 -14.81 -15.333 -15.205 -14.91 -14.575
1.275425 -9.507 -8.059 -10.02 -11.952 -13.304 -14.225 -12.436 -12.199 -13.333 -14.254 -14.846 -15.206 -12.12 -13.671 -14.612 -15.021 -15.243 -13.847 -14.637 -15.043 -15.233 -15.357 -14.598 -14.149 -14.814 -15.362 -15.241 -14.951 -14.578
1.313999 -9.505 -7.955 -9.953 -11.898 -13.275 -14.213 -12.413 -12.15 -13.304 -14.243 -14.85 -15.221 -12.069 -13.649 -14.609 -15.03 -15.26 -13.829 -14.635 -15.052 -15.249 -15.377 -14.598 -14.137 -14.817 -15.391 -15.276 -14.992 -14.58
1.35374 -9.503 -7.849 -9.886 -11.844 -13.243 -14.199 -12.39 -12.1 -13.274 -14.231 -14.854 -15.236 -12.016 -13.625 -14.605 -15.037 -15.276 -13.81 -14.632 -15.06 -15.264 -15.397 -14.597 -14.125 -14.819 -15.42 -15.311 -15.032 -14.582
1.394683 -9.503 -7.74 -9.816 -11.787 -13.21 -14.185 -12.365 -12.047 -13.242 -14.218 -14.856 -15.25 -11.962 -13.6 -14.6 -15.044 -15.292 -13.789 -14.628 -15.067 -15.278 -15.416 -14.595 -14.111 -14.821 -15.448 -15.346 -15.072 -14.583
1.436864 -9.504 -7.63 -9.746 -11.728 -13.176 -14.169 -12.34 -11.993 -13.209 -14.203 -14.857 -15.264 -11.905 -13.573 -14.594 -15.05 -15.306 -13.768 -14.623 -15.073 -15.291 -15.435 -14.593 -14.096 -14.821 -15.475 -15.38 -15.112 -14.583
1.480321 -9.506 -7.517 -9.674 -11.668 -13.14 -14.152 -12.313 -11.937 -13.174 -14.187 -14.857 -15.277 -11.847 -13.545 -14.587 -15.054 -15.32 -13.745 -14.617 -15.079 -15.304 -15.452 -14.589 -14.079 -14.82 -15.502 -15.414 -15.151 -14.582
1.525092 -9.509 -7.403 -9.601 -11.605 -13.103 -14.134 -12.285 -11.878 -13.138 -14.17 -14.857 -15.288 -11.786 -13.516 -14.579 -15.058 -15.333 -13.721 -14.609 -15.083 -15.316 -15.469 -14.585 -14.062 -14.819 -15.529 -15.448 -15.191 -14.581
1.571218 -9.513 -7.287 -9.526 -11.541 -13.063 -14.114 -12.256 -11.818 -13.1 -14.151 -14.855 -15.3 -11.724 -13.485 -14.569 -15.061 -15.346 -13.695 -14.601 -15.087 -15.327 -15.486 -14.579 -14.043 -14.816 -15.554 -15.481 -15.23 -14.578
1.618738 -9.517 -7.169 -9.449 -11.474 -13.022 -14.093 -12.226 -11.756 -13.061 -14.132 -14.852 -15.31 -11.66 -13.452 -14.558 -15.063 -15.357 -13.669 -14.591 -15.089 -15.337 -15.501 -14.573 -14.023 -14.812 -15.58 -15.514 -15.268 -14.575
1.667696 -9.523 -7.05 -9.371 -11.405 -12.98 -14.071 -12.195 -11.692 -13.019 -14.11 -14.849 -15.319 -11.593 -13.418 -14.546 -15.064 -15.368 -13.641 -14.58 -15.091 -15.347 -15.516 -14.565 -14.002 -14.808 -15.604 -15.546 -15.307 -14.572
1.718134 -9.529 -6.929 -9.292 -11.334 -12.936 -14.047 -12.163 -11.626 -12.976 -14.088 -14.844 -15.328 -11.525 -13.383 -14.533 -15.064 -15.378 -13.611 -14.568 -15.092 -15.355 -15.53 -14.556 -13.979 -14.802 -15.628 -15.578 -15.345 -14.567
1.770098 -9.536 -6.807 -9.211 -11.261 -12.889 -14.021 -12.129 -11.557 -12.932 -14.064 -14.838 -15.336 -11.454 -13.346 -14.519 -15.063 -15.387 -13.581 -14.555 -15.091 -15.363 -15.543 -14.546 -13.955 -14.795 -15.652 -15.609 -15.382 -14.561
1.823633 -9.544 -6.684 -9.128 -11.185 -12.841 -13.994 -12.094 -11.487 -12.885 -14.038 -14.831 -15.342 -11.381 -13.307 -14.503 -15.061 -15.395 -13.549 -14.54 -15.09 -15.369 -15.556 -14.535 -13.929 -14.787 -15.675 -15.64 -15.42 -14.555
1.878788 -9.556 -6.696 -9.14 -11.198 -12.854 -14.006 -12.107 -11.499 -12.897 -14.05 -14.843 -15.354 -11.393 -13.319 -14.515 -15.073 -15.407 -13.561 -14.552 -15.102 -15.382 -15.568 -14.548 -13.941 -14.799 -15.687 -15.652 -15.432 -14.567
1.93561 -9.568 -6.708 -9.152 -11.209 -12.865 -14.018 -12.118 -11.511 -12.909 -14.062 -14.855 -15.366 -11.405 -13.331 -14.527 -15.085 -15.419 -13.573 -14.564 -15.114 -15.393 -15.58 -14.559 -13.953 -14.811 -15.699 -15.664 -15.444 -14.579
1.994152 -9.579 -6.719 -9.164 -11.221 -12.877 -14.03 -12.13 -11.522 -12.921 -14.074 -14.866 -15.378 -11.416 -13.342 -14.538 -15.096 -15.431 -13.584 -14.576 -15.125 -15.405 -15.591 -14.571 -13.965 -14.822 -15.71 -15.676 -15.455 -14.59
2.054463 -9.59 -6.73 -9.175 -11.232 -12.888 -14.041 -12.141 -11.534 -12.932 -14.085 -14.878 -15.389 -11.427 -13.353 -14.55 -15.108 -15.442 -13.595 -14.587 -15.136 -15.416 -15.603 -14.582 -13.976 -14.833 -15.722 -15.687 -15.466 -14.601
2.116599 -9.601 -6.741 -9.186 -11.243 -12.899 -14.052 -12.152 -11.544 -12.943 -14.096 -14.888 -15.4 -11.438 -13.364 -14.56 -15.119 -15.453 -13.606 -14.598 -15.147 -15.427 -15.614 -14.593 -13.987 -14.844 -15.733 -15.698 -15.477 -14.612
2.180614 -9.612 -6.752 -9.197 -11.254 -12.91 -14.063 -12.163 -11.555 -12.954 -14.106 -14.899 -15.411 -11.449 -13.375 -14.571 -15.129 -15.463 -13.617 -14.609 -15.158 -15.438 -15.624 -14.604 -13.998 -14.855 -15.743 -15.709 -15.488 -14.623
2.246566 -9.622 -6.762 -9.207 -11.264 -12.92 -14.073 -12.173 -11.565 -12.964 -14.117 -14.909 -15.421 -11.459 -13.385 -14.581 -15.139 -15.474 -13.627 -14.619 -15.168 -15.448 -15.634 -14.614 -14.008 -14.865 -15.753 -15.719 -15.498 -14.633
2.314511 -9.632 -6.772 -9.217 -11.274 -12.93 -14.083 -12.183 -11.575 -12.974 -14.127 -14.919 -15.431 -11.469 -13.395 -14.591 -15.149 -15.484 -13.637 -14.629 -15.178 -15.458 -15.644 -14.624 -14.018 -14.875 -15.763 -15.729 -15.508 -14.643
2.384512 -9.642 -6.782 -9.226 -11.284 -12.94 -14.092 -12.193 -11.585 -12.983 -14.136 -14.929 -15.44 -11.479 -13.405 -14.601 -15.159 -15.493 -13.647 -14.638 -15.188 -15.468 -15.654 -14.634 -14.027 -14.885 -15.773 -15.738 -15.518 -14.653
2.45663 -9.651 -6.791 -9.235 -11.293 -12.949 -14.102 -12.202 -11.594 -12.993 -14.145 -14.938 -15.45 -11.488 -13.414 -14.61 -15.168 -15.502 -13.656 -14.647 -15.197 -15.477 -15.663 -14.643 -14.037 -14.894 -15.782 -15.748 -15.527 -14.662
2.530929 -9.66 -6.8 -9.244 -11.302 -12.958 -14.11 -12.211 -11.603 -13.001 -14.154 -14.947 -15.458 -11.497 -13.423 -14.619 -15.177 -15.511 -13.665 -14.656 -15.206 -15.486 -15.672 -14.652 -14.045 -14.903 -15.791 -15.756 -15.536 -14.671
2.607475 -9.668 -6.808 -9.253 -11.31 -12.966 -14.119 -12.219 -11.611 -13.01 -14.163 -14.955 -15.467 -11.505 -13.431 -14.627 -15.185 -15.519 -13.673 -14.665 -15.214 -15.494 -15.68 -14.66 -14.054 -14.911 -15.799 -15.765 -15.544 -14.679
2.686337 -9.676 -6.816 -9.261 -11.318 -12.974 -14.127 -12.227 -11.619 -13.018 -14.171 -14.963 -15.475 -11.513 -13.439 -14.635 -15.193 -15.527 -13.681 -14.673 -15.222 -15.502 -15.688 -14.668 -14.062 -14.919 -15.807 -15.773 -15.552 -14.687
2.767583 -9.684 -6.824 -9.268 -11.325 -12.982 -14.134 -12.234 -11.627 -13.025 -14.178 -14.971 -15.482 -11.521 -13.447 -14.643 -15.201 -15.535 -13.689 -14.68 -15.23 -15.509 -15.696 -14.675 -14.069 -14.927 -15.815 -15.78 -15.56 -14.695
2.851287 -9.691 -6.831 -9.275 -11.333 -12.989 -14.141 -12.242 -11.634 -13.032 -14.185 -14.978 -15.489 -11.528 -13.454 -14.65 -15.208 -15.542 -13.696 -14.687 -15.237 -15.517 -15.703 -14.683 -14.076 -14.934 -15.822 -15.787 -15.567 -14.702
2.937522 -9.697 -6.837 -9.282 -11.339 -12.995 -14.148 -12.248 -11.64 -13.039 -14.192 -14.984 -15.496 -11.534 -13.46 -14.656 -15.215 -15.549 -13.702 -14.694 -15.243 -15.523 -15.71 -14.689 -14.083 -14.94 -15.829 -15.794 -15.573 -14.708
3.026365 -9.703 -6.844 -9.288 -11.345 -13.001 -14.154 -12.254 -11.647 -13.045 -14.198 -14.991 -15.502 -11.54 -13.466 -14.663 -15.221 -15.555 -13.709 -14.7 -15.249 -15.529 -15.716 -14.695 -14.089 -14.946 -15.835 -15.8 -15.579 -14.715
3.117896 -9.709 -6.849 -9.294 -11.351 -13.007 -14.16 -12.26 -11.652 -13.051 -14.203 -14.996 -15.508 -11.546 -13.472 -14.668 -15.226 -15.56 -13.714 -14.706 -15.255 -15.535 -15.721 -14.701 -14.095 -14.952 -15.84 -15.806 -15.585 -14.72
3.212194 -9.714 -6.854 -9.299 -11.356 -13.012 -14.165 -12.265 -11.657 -13.056 -14.209 -15.001 -15.513 -11.551 -13.477 -14.673 -15.231 -15.565 -13.719 -14.711 -15.26 -15.54 -15.726 -14.706 -14.1 -14.957 -15.845 -15.811 -15.59 -14.725
3.309345 -9.719 -6.859 -9.303 -11.36 -13.016 -14.169 -12.269 -11.662 -13.06 -14.213 -15.006 -15.517 -11.556 -13.482 -14.678 -15.236 -15.57 -13.724 -14.715 -15.265 -15.544 -15.731 -14.71 -14.104 -14.962 -15.85 -15.815 -15.595 -14.73
3.409434 -9.723 -6.863 -9.307 -11.364 -13.02 -14.173 -12.273 -11.666 -13.064 -14.217 -15.01 -15.521 -11.559 -13.485 -14.682 -15.24 -15.574 -13.728 -14.719 -15.268 -15.548 -15.735 -14.714 -14.108 -14.965 -15.854 -15.819 -15.598 -14.734
3.51255 -9.726 -6.866 -9.31 -11.368 -13.024 -14.176 -12.277 -11.669 -13.067 -14.22 -15.013 -15.524 -11.563 -13.489 -14.685 -15.243 -15.577 -13.731 -14.722 -15.272 -15.552 -15.738 -14.718 -14.111 -14.969 -15.857 -15.822 -15.602 -14.737
3.618785 -9.728 -6.868 -9.313 -11.37 -13.026 -14.179 -12.279 -11.672 -13.07 -14.223 -15.016 -15.527 -11.565 -13.491 -14.688 -15.246 -15.58 -13.733 -14.725 -15.274 -15.554 -15.741 -14.72 -14.114 -14.971 -15.86 -15.825 -15.604 -14.739
3.728232 -9.73 -6.87 -9.315 -11.372 -13.028 -14.181 -12.281 -11.673 -13.072 -14.225 -15.017 -15.529 -11.567 -13.493 -14.689 -15.248 -15.582 -13.735 -14.727 -15.276 -15.556 -15.743 -14.722 -14.116 -14.973 -15.862 -15.827 -15.606 -14.741
3.84099 -9.732 -6.872 -9.316 -11.373 -13.029 -14.182 -12.282 -11.675 -13.073 -14.226 -15.019 -15.53 -11.568 -13.495 -14.691 -15.249 -15.583 -13.737 -14.728 -15.277 -15.557 -15.744 -14.723 -14.117 -14.975 -15.863 -15.828 -15.608 -14.743
3.957158 -9.732 -6.872 -9.317 -11.374 -13.03 -14.183 -12.283 -11.675 -13.074 -14.226 -15.019 -15.531 -11.569 -13.495 -14.691 -15.249 -15.583 -13.737 -14.729 -15.278 -15.558 -15.744 -14.724 -14.118 -14.975 -15.863 -15.829 -15.608 -14.743
4.07684 -9.732 -6.872 -9.316 -11.374 -13.03 -14.182 -12.282 -11.675 -13.073 -14.226 -15.019 -15.53 -11.569 -13.495 -14.691 -15.249 -15.583 -13.737 -14.728 -15.278 -15.557 -15.744 -14.723 -14.117 -14.975 -15.863 -15.828 -15.608 -14.743
4.200141 -9.73 -6.871 -9.315 -11.372 -13.028 -14.181 -12.281 -11.674 -13.072 -14.225 -15.018 -15.529 -11.567 -13.493 -14.69 -15.248 -15.582 -13.736 -14.727 -15.276 -15.556 -15.743 -14.722 -14.116 -14.973 -15.862 -15.827 -15.606 -14.742
4.327172 -9.728 -6.868 -9.313 -11.37 -13.026 -14.179 -12.279 -11.672 -13.07 -14.223 -15.016 -15.527 -11.565 -13.491 -14.688 -15.246 -15.58 -13.734 -14.725 -15.274 -15.554 -15.741 -14.72 -14.114 -14.971 -15.86 -15.825 -15.604 -14.739
