web/models/kne.last_good/kappa_1_10/10/villar_0.2183_0.1867_1.0000.dat
# %ECSV 1.0
# ---
# datatype:
# - {name: time, datatype: float64}
# - {name: swift_uvot_uvw2, datatype: float64}
# - {name: swift_uvot_uvm2, datatype: float64}
# - {name: swift_uvot_uvw1, datatype: float64}
# - {name: swift_uvot_U, datatype: float64}
# - {name: swift_uvot_B, datatype: float64}
# - {name: swift_uvot_V, datatype: float64}
# - {name: swift_uvot_W, datatype: float64}
# - {name: johnson_U, datatype: float64}
# - {name: johnson_B, datatype: float64}
# - {name: johnson_V, datatype: float64}
# - {name: johnson_R, datatype: float64}
# - {name: johnson_I, datatype: float64}
# - {name: sdss_u, datatype: float64}
# - {name: sdss_g, datatype: float64}
# - {name: sdss_r, datatype: float64}
# - {name: sdss_i, datatype: float64}
# - {name: sdss_z, datatype: float64}
# - {name: PS1_g, datatype: float64}
# - {name: PS1_r, datatype: float64}
# - {name: PS1_i, datatype: float64}
# - {name: PS1_z, datatype: float64}
# - {name: PS1_Y, datatype: float64}
# - {name: PS1_w, datatype: float64}
# - {name: ATLAS_c, datatype: float64}
# - {name: ATLAS_o, datatype: float64}
# - {name: ukirt_J, datatype: float64}
# - {name: ukirt_H, datatype: float64}
# - {name: ukirt_K, datatype: float64}
# - {name: Clear, datatype: float64}
# meta: !!omap
# - comment: [kappa = 1.0, type = villar, mass = 0.21832694463104688, velocity = 0.1866666666666667, theta_obs = 0.0]
# schema: astropy-2.0
time swift_uvot_uvw2 swift_uvot_uvm2 swift_uvot_uvw1 swift_uvot_U swift_uvot_B swift_uvot_V swift_uvot_W johnson_U johnson_B johnson_V johnson_R johnson_I sdss_u sdss_g sdss_r sdss_i sdss_z PS1_g PS1_r PS1_i PS1_z PS1_Y PS1_w ATLAS_c ATLAS_o ukirt_J ukirt_H ukirt_K Clear
[from data line 355]
39.244698 23.304 28.52 51.755 62.321 50.492 42.504 25.573 60.278 48.206 40.455 32.099 27.112 61.592 46.437 37.589 32.07 27.604 22.039 22.243 22.222 21.807 20.061 33.308 39.859 33.042 21.878 18.377 15.751 20.275
40.431627 25.288 30.504 53.739 64.305 52.476 44.488 27.557 62.262 50.191 42.439 34.083 29.096 63.576 48.421 39.574 34.054 29.588 24.023 24.228 24.206 23.791 22.045 35.292 41.843 35.026 23.862 20.361 17.735 22.259
41.654454 27.394 32.61 55.845 66.411 54.582 46.594 29.663 64.368 52.297 44.545 36.189 31.202 65.682 50.527 41.68 36.16 31.694 26.129 26.333 26.312 25.897 24.151 37.398 43.949 37.132 25.968 22.467 19.841 24.365
42.914265 29.63 34.845 58.08 68.646 56.818 48.829 31.898 66.603 54.532 46.781 38.424 33.437 67.917 52.763 43.915 38.395 33.929 28.364 28.569 28.547 28.132 26.386 39.633 46.185 39.368 28.203 24.702 22.076 26.6
44.212178 32.002 37.218 60.453 71.019 59.19 51.202 34.271 68.976 56.904 49.153 40.797 35.81 70.29 55.135 46.287 40.768 36.302 30.737 30.941 30.92 30.505 28.759 42.006 48.557 41.74 30.575 27.075 24.449 28.973
45.549345 34.52 39.736 62.971 73.537 61.708 53.72 36.789 71.494 59.423 51.671 43.315 38.328 72.808 57.653 48.806 43.286 38.82 33.255 33.46 33.438 33.023 31.277 44.524 51.075 44.259 33.094 29.593 26.967 31.491
46.926954 37.193 42.409 65.644 76.21 64.381 56.393 39.462 74.167 62.096 54.344 45.988 41.001 75.481 60.326 51.478 45.959 41.493 35.928 36.132 36.111 35.696 33.95 47.197 53.748 46.931 35.767 32.266 29.64 34.164
48.346227 40.03 45.246 68.481 79.047 67.218 59.23 42.299 77.004 64.932 57.181 48.825 43.838 78.318 63.163 54.315 48.796 44.33 38.765 38.969 38.948 38.533 36.787 50.034 56.585 49.768 38.604 35.103 32.477 37.001
49.808426 43.041 48.257 71.492 82.058 70.229 62.241 45.31 80.015 67.944 60.192 51.836 46.849 81.329 66.174 57.327 51.807 47.341 41.776 41.981 41.959 41.544 39.798 53.045 59.596 52.78 41.615 38.114 35.488 40.012
51.314848 46.237 51.453 74.688 85.254 73.425 65.437 48.506 83.211 71.14 63.388 55.032 50.045 84.525 69.37 60.523 55.003 50.537 44.972 45.177 45.155 44.74 42.994 56.241 62.792 55.976 44.811 41.31 38.684 43.208
52.86683 49.63 54.845 78.08 88.646 76.818 68.829 51.898 86.603 74.532 66.781 58.424 53.437 87.917 72.763 63.915 58.395 53.93 48.364 48.569 48.547 48.132 46.386 59.633 66.185 59.368 48.203 44.702 42.077 46.6
54.465752 53.23 58.446 81.681 92.247 80.418 72.43 55.499 90.204 78.133 70.381 62.025 57.038 91.518 76.363 67.516 61.996 57.53 51.965 52.17 52.148 51.733 49.987 63.234 69.785 62.969 51.804 48.303 45.677 50.201
56.113031 57.052 62.268 85.503 96.069 84.24 76.252 59.32 94.026 81.954 74.203 65.847 60.86 95.34 80.185 71.337 65.818 61.352 55.786 55.991 55.97 55.554 53.809 67.056 73.607 66.79 55.625 52.125 49.499 54.023
57.810132 61.108 66.324 89.559 100.125 88.296 80.308 63.377 98.082 86.011 78.259 69.903 64.916 99.396 84.241 75.394 69.874 65.408 59.843 60.048 60.026 59.611 57.865 71.112 77.663 70.847 59.682 56.181 53.555 58.079
59.55856 65.414 70.63 93.864 104.431 92.602 84.614 67.682 102.387 90.316 82.565 74.208 69.221 103.701 88.547 79.699 74.179 69.714 64.148 64.353 64.332 63.916 62.17 75.417 81.969 75.152 63.987 60.487 57.861 62.384
61.359868 69.984 75.199 98.434 109.0 97.172 89.183 72.252 106.957 94.886 87.135 78.778 73.791 108.271 93.117 84.269 78.749 74.284 68.718 68.923 68.901 68.486 66.74 79.987 86.539 79.722 68.557 65.056 62.431 66.954
63.215655 74.834 80.05 103.285 113.851 102.022 94.034 77.103 111.808 99.736 91.985 83.629 78.642 113.122 97.967 89.119 83.6 79.134 73.569 73.773 73.752 73.337 71.591 84.838 91.389 84.572 73.407 69.907 67.281 71.805
65.127569 79.982 85.198 108.433 118.999 107.17 99.182 82.251 116.956 104.885 97.133 88.777 83.79 118.27 103.115 94.268 88.748 84.282 78.717 78.922 78.9 78.485 76.739 89.986 96.537 89.721 78.556 75.055 72.429 76.953
67.097308 85.447 90.662 113.897 124.463 112.635 104.647 87.715 122.42 110.349 102.598 94.241 89.254 123.734 108.58 99.732 94.212 89.747 84.181 84.386 84.364 83.949 82.203 95.45 102.002 95.185 84.02 80.519 77.894 82.417
69.126621 91.247 96.462 119.697 130.263 118.435 110.446 93.515 128.22 116.149 108.398 100.041 95.054 129.534 114.38 105.532 100.012 95.547 89.981 90.186 90.164 89.749 88.003 101.25 107.802 100.985 89.82 86.319 83.694 88.217
71.217308 97.403 102.618 125.853 136.419 124.591 116.602 99.671 134.376 122.305 114.554 106.197 101.21 135.69 120.536 111.688 106.168 101.703 96.137 96.342 96.32 95.905 94.159 107.406 113.958 107.141 95.976 92.475 89.85 94.373
73.371227 103.937 109.152 132.387 142.953 131.125 123.136 106.205 140.91 128.839 121.088 112.731 107.744 142.224 127.07 118.222 112.702 108.237 102.671 102.876 102.854 102.439 100.693 113.94 120.492 113.675 102.51 99.009 96.384 100.907
75.59029 110.872 116.088 139.323 149.889 138.06 130.072 113.14 147.845 135.774 128.023 119.666 114.68 149.159 134.005 125.157 119.637 115.172 109.606 109.811 109.79 109.374 107.628 120.875 127.427 120.61 109.445 105.945 103.319 107.843
77.876467 118.233 123.449 146.684 157.25 145.421 137.433 120.502 155.207 143.135 135.384 127.028 122.041 156.521 141.366 132.518 126.999 122.533 116.968 117.172 117.151 116.735 114.99 128.237 134.788 127.971 116.806 113.306 110.68 115.204
80.231787 126.046 131.262 154.497 165.063 153.234 145.246 128.315 163.02 150.948 143.197 134.841 129.854 164.334 149.179 140.331 134.812 130.346 124.781 124.985 124.964 124.549 122.803 136.05 142.601 135.784 124.62 121.119 118.493 123.017
82.658343 134.339 139.555 162.79 173.356 161.527 153.539 136.607 171.313 159.241 151.49 143.133 138.147 172.627 157.472 148.624 143.104 138.639 133.073 133.278 133.257 132.841 131.096 144.342 150.894 144.077 132.912 129.412 126.786 131.31
85.158288 143.141 148.357 171.592 182.158 170.329 162.341 145.409 180.115 168.043 160.292 151.936 146.949 181.429 166.274 157.426 151.907 147.441 141.875 142.08 142.059 141.643 139.898 153.145 159.696 152.879 141.714 138.214 135.588 140.112
87.733843 152.484 157.699 180.934 191.5 179.672 171.683 154.752 189.457 177.386 169.635 161.278 156.291 190.771 175.617 166.769 161.249 156.783 151.218 151.423 151.401 150.986 149.24 162.487 169.039 162.222 151.057 147.556 144.93 149.454
90.387293 162.4 167.615 190.85 201.416 189.588 181.6 164.668 199.373 187.302 179.551 171.194 166.207 200.687 185.533 176.685 171.165 166.7 161.134 161.339 161.317 160.902 159.156 172.403 178.955 172.138 160.973 157.473 154.847 159.37
93.120995 172.925 178.141 201.375 211.942 200.113 192.125 175.193 209.898 197.827 190.076 181.719 176.732 211.212 196.058 187.21 181.69 177.225 171.659 171.864 171.843 171.427 169.681 182.928 189.48 182.663 171.498 167.998 165.372 169.895
95.937376 184.096 189.312 212.547 223.113 211.284 203.296 186.365 221.07 208.999 201.247 192.891 187.904 222.384 207.229 198.381 192.862 188.396 182.831 183.035 183.014 182.599 180.853 194.1 200.651 193.834 182.67 179.169 176.543 181.067
98.838937 195.954 201.169 224.404 234.97 223.142 215.153 198.222 232.927 220.856 213.105 204.748 199.761 234.241 219.087 210.239 204.719 200.253 194.688 194.893 194.871 194.456 192.71 205.957 212.508 205.692 194.527 191.026 188.4 192.924
101.828253 208.539 213.755 236.989 247.556 235.727 227.739 210.807 245.512 233.441 225.69 217.333 212.346 246.826 231.672 222.824 217.304 212.839 207.273 207.478 207.457 207.041 205.295 218.542 225.094 218.277 207.112 203.612 200.986 205.509
104.907979 221.897 227.113 250.348 260.914 249.085 241.097 224.166 258.871 246.799 239.048 230.692 225.705 260.185 245.03 236.182 230.663 226.197 220.632 220.836 220.815 220.399 218.654 231.901 238.452 231.635 220.47 216.97 214.344 218.868
108.080849 236.076 241.291 264.526 275.092 263.264 255.275 238.344 273.049 260.978 253.226 244.87 239.883 274.363 259.209 250.361 244.841 240.375 234.81 235.015 234.993 234.578 232.832 246.079 252.63 245.814 234.649 231.148 228.522 233.046
111.349681 251.125 256.34 279.575 290.141 278.313 270.324 253.393 288.098 276.027 268.276 259.919 254.932 289.412 274.258 265.41 259.89 255.424 249.859 250.064 250.042 249.627 247.881 261.128 267.679 260.863 249.698 246.197 243.571 248.095
114.717376 267.098 272.313 295.548 306.114 294.286 286.297 269.366 304.071 292.0 284.249 275.892 270.905 305.385 290.231 281.383 275.863 271.397 265.832 266.037 266.015 265.6 263.854 277.101 283.653 276.836 265.671 262.17 259.544 264.068
118.186925 284.051 289.267 312.502 323.068 311.24 303.251 286.32 321.025 308.954 301.202 292.846 287.859 322.339 307.185 298.337 292.817 288.351 282.786 282.991 282.969 282.554 280.808 294.055 300.606 293.79 282.625 279.124 276.498 281.022
121.761408 302.046 307.262 330.497 341.063 329.234 321.246 304.315 339.02 326.949 319.197 310.841 305.854 340.334 325.179 316.332 310.812 306.346 300.781 300.986 300.964 300.549 298.803 312.05 318.601 311.785 300.62 297.119 294.493 299.017
125.443999 321.146 326.362 349.597 360.163 348.334 340.346 323.415 358.12 346.049 338.297 329.941 324.954 359.434 344.279 335.431 329.912 325.446 319.881 320.085 320.064 319.649 317.903 331.15 337.701 330.884 319.72 316.219 313.593 318.117
129.237967 341.419 346.635 369.869 380.435 368.607 360.619 343.687 378.392 366.321 358.57 350.213 345.226 379.706 364.552 355.704 350.184 345.719 340.153 340.358 340.337 339.921 338.175 351.422 357.974 351.157 339.992 336.492 333.866 338.389
133.146681 362.936 368.152 391.387 401.953 390.124 382.136 365.205 399.91 387.839 380.087 371.731 366.744 401.224 386.069 377.222 371.702 367.236 361.671 361.875 361.854 361.439 359.693 372.94 379.491 372.674 361.51 358.009 355.383 359.907
137.173612 385.775 390.991 414.226 424.792 412.963 404.975 388.043 422.748 410.677 402.926 394.569 389.583 424.063 408.908 400.06 394.54 390.075 384.509 384.714 384.693 384.277 382.531 395.778 402.33 395.513 384.348 380.848 378.222 382.746
141.322334 410.016 415.232 438.467 449.033 437.204 429.216 412.284 446.99 434.918 427.167 418.811 413.824 448.304 433.149 424.301 418.782 414.316 408.75 408.955 408.934 408.518 406.773 420.02 426.571 419.754 408.589 405.089 402.463 406.987
145.596532 435.746 440.961 464.196 474.762 462.934 454.945 438.014 472.719 460.648 452.897 444.54 439.553 474.033 458.879 450.031 444.511 440.045 434.48 434.685 434.663 434.248 432.502 445.749 452.301 445.484 434.319 430.818 428.193 432.716
150.0 463.055 468.271 491.506 502.072 490.243 482.255 465.323 500.029 487.957 480.206 471.849 466.863 501.343 486.188 477.34 471.82 467.355 461.789 461.994 461.973 461.557 459.812 473.058 479.61 472.793 461.628 458.128 455.502 460.026
