web/models/kne.last_good/kappa_1_10/10/villar_0.0012_0.0927_10.0000.dat
# %ECSV 1.0
# ---
# datatype:
# - {name: time, datatype: float64}
# - {name: swift_uvot_uvw2, datatype: float64}
# - {name: swift_uvot_uvm2, datatype: float64}
# - {name: swift_uvot_uvw1, datatype: float64}
# - {name: swift_uvot_U, datatype: float64}
# - {name: swift_uvot_B, datatype: float64}
# - {name: swift_uvot_V, datatype: float64}
# - {name: swift_uvot_W, datatype: float64}
# - {name: johnson_U, datatype: float64}
# - {name: johnson_B, datatype: float64}
# - {name: johnson_V, datatype: float64}
# - {name: johnson_R, datatype: float64}
# - {name: johnson_I, datatype: float64}
# - {name: sdss_u, datatype: float64}
# - {name: sdss_g, datatype: float64}
# - {name: sdss_r, datatype: float64}
# - {name: sdss_i, datatype: float64}
# - {name: sdss_z, datatype: float64}
# - {name: PS1_g, datatype: float64}
# - {name: PS1_r, datatype: float64}
# - {name: PS1_i, datatype: float64}
# - {name: PS1_z, datatype: float64}
# - {name: PS1_Y, datatype: float64}
# - {name: PS1_w, datatype: float64}
# - {name: ATLAS_c, datatype: float64}
# - {name: ATLAS_o, datatype: float64}
# - {name: ukirt_J, datatype: float64}
# - {name: ukirt_H, datatype: float64}
# - {name: ukirt_K, datatype: float64}
# - {name: Clear, datatype: float64}
# meta: !!omap
# - comment: [kappa = 10.0, type = villar, mass = 0.0012301715156502338, velocity = 0.09266666666666673, theta_obs = 0.0]
# schema: astropy-2.0
time swift_uvot_uvw2 swift_uvot_uvm2 swift_uvot_uvw1 swift_uvot_U swift_uvot_B swift_uvot_V swift_uvot_W johnson_U johnson_B johnson_V johnson_R johnson_I sdss_u sdss_g sdss_r sdss_i sdss_z PS1_g PS1_r PS1_i PS1_z PS1_Y PS1_w ATLAS_c ATLAS_o ukirt_J ukirt_H ukirt_K Clear
[from data line 224]
0.791792 -6.339 -5.386 -7.151 -9.005 -10.237 -11.064 -9.336 -9.231 -10.261 -11.089 -11.603 -11.902 -9.161 -10.565 -11.404 -11.755 -11.933 -10.719 -11.426 -11.774 -11.929 -12.029 -11.376 -10.988 -11.575 -11.99 -11.835 -11.519 -11.346
0.815739 -6.316 -5.264 -7.07 -8.941 -10.199 -11.046 -9.304 -9.172 -10.223 -11.071 -11.601 -11.913 -9.1 -10.535 -11.395 -11.758 -11.945 -10.693 -11.418 -11.778 -11.94 -12.045 -11.37 -10.969 -11.573 -12.015 -11.867 -11.557 -11.342
0.840411 -6.294 -5.139 -6.986 -8.875 -10.158 -11.025 -9.27 -9.11 -10.184 -11.052 -11.598 -11.923 -9.036 -10.503 -11.385 -11.76 -11.957 -10.665 -11.408 -11.78 -11.95 -12.06 -11.362 -10.948 -11.569 -12.04 -11.899 -11.594 -11.336
0.865828 -6.273 -5.009 -6.899 -8.805 -10.115 -11.002 -9.234 -9.045 -10.142 -11.03 -11.594 -11.931 -8.969 -10.468 -11.372 -11.76 -11.967 -10.635 -11.396 -11.781 -11.959 -12.074 -11.353 -10.926 -11.563 -12.064 -11.93 -11.631 -11.329
0.892015 -6.254 -4.875 -6.809 -8.732 -10.069 -10.977 -9.196 -8.977 -10.097 -11.006 -11.587 -11.939 -8.898 -10.43 -11.358 -11.759 -11.975 -10.603 -11.383 -11.781 -11.966 -12.087 -11.342 -10.901 -11.556 -12.086 -11.96 -11.667 -11.32
0.918993 -6.237 -4.737 -6.716 -8.655 -10.02 -10.949 -9.155 -8.905 -10.049 -10.98 -11.579 -11.944 -8.824 -10.391 -11.342 -11.756 -11.983 -10.569 -11.367 -11.778 -11.972 -12.098 -11.329 -10.874 -11.547 -12.108 -11.99 -11.703 -11.31
0.946787 -6.22 -4.594 -6.62 -8.575 -9.968 -10.92 -9.113 -8.83 -9.999 -10.951 -11.569 -11.949 -8.747 -10.348 -11.323 -11.752 -11.988 -10.531 -11.35 -11.774 -11.976 -12.108 -11.314 -10.845 -11.535 -12.129 -12.018 -11.738 -11.298
0.975422 -6.205 -4.446 -6.521 -8.491 -9.913 -10.887 -9.068 -8.751 -9.945 -10.92 -11.557 -11.952 -8.665 -10.303 -11.302 -11.745 -11.993 -10.492 -11.33 -11.769 -11.979 -12.117 -11.297 -10.813 -11.522 -12.148 -12.046 -11.772 -11.285
1.004923 -6.19 -4.294 -6.418 -8.403 -9.855 -10.852 -9.021 -8.668 -9.889 -10.886 -11.544 -11.953 -8.58 -10.254 -11.279 -11.737 -11.995 -10.449 -11.308 -11.761 -11.98 -12.124 -11.279 -10.779 -11.507 -12.167 -12.073 -11.806 -11.269
1.035317 -6.177 -4.137 -6.311 -8.31 -9.794 -10.814 -8.971 -8.581 -9.828 -10.85 -11.527 -11.952 -8.49 -10.202 -11.254 -11.727 -11.996 -10.404 -11.284 -11.751 -11.98 -12.13 -11.258 -10.742 -11.49 -12.184 -12.1 -11.839 -11.252
1.066629 -6.165 -3.974 -6.201 -8.213 -9.728 -10.773 -8.918 -8.489 -9.765 -10.81 -11.509 -11.95 -8.396 -10.147 -11.225 -11.714 -11.996 -10.356 -11.257 -11.739 -11.977 -12.134 -11.234 -10.702 -11.47 -12.2 -12.125 -11.872 -11.233
1.098888 -6.153 -3.808 -6.087 -8.111 -9.659 -10.729 -8.863 -8.393 -9.697 -10.768 -11.488 -11.946 -8.297 -10.089 -11.194 -11.699 -11.993 -10.305 -11.227 -11.725 -11.973 -12.137 -11.209 -10.659 -11.448 -12.215 -12.149 -11.903 -11.211
1.132124 -6.142 -3.636 -5.968 -8.004 -9.586 -10.682 -8.804 -8.292 -9.626 -10.722 -11.465 -11.939 -8.193 -10.027 -11.161 -11.682 -11.988 -10.251 -11.195 -11.709 -11.967 -12.137 -11.18 -10.613 -11.424 -12.228 -12.172 -11.934 -11.188
1.166364 -6.131 -3.459 -5.845 -7.892 -9.508 -10.631 -8.743 -8.186 -9.55 -10.673 -11.439 -11.931 -8.084 -9.961 -11.124 -11.662 -11.982 -10.193 -11.159 -11.69 -11.958 -12.136 -11.149 -10.564 -11.396 -12.24 -12.194 -11.964 -11.162
1.20164 -6.121 -3.278 -5.718 -7.774 -9.426 -10.576 -8.678 -8.075 -9.47 -10.62 -11.41 -11.92 -7.969 -9.89 -11.083 -11.64 -11.972 -10.132 -11.121 -11.668 -11.947 -12.133 -11.115 -10.511 -11.366 -12.25 -12.215 -11.993 -11.134
1.237983 -6.116 -3.256 -5.7 -7.758 -9.414 -10.566 -8.667 -8.059 -9.457 -10.61 -11.403 -11.914 -7.953 -9.879 -11.075 -11.633 -11.967 -10.121 -11.112 -11.662 -11.942 -12.128 -11.108 -10.501 -11.359 -12.247 -12.212 -11.992 -11.127
1.275425 -6.11 -3.25 -5.694 -7.752 -9.408 -10.56 -8.661 -8.053 -9.451 -10.604 -11.397 -11.908 -7.947 -9.873 -11.069 -11.627 -11.961 -10.115 -11.106 -11.656 -11.936 -12.122 -11.102 -10.495 -11.353 -12.241 -12.206 -11.986 -11.121
1.313999 -6.102 -3.243 -5.687 -7.744 -9.4 -10.553 -8.653 -8.046 -9.444 -10.597 -11.39 -11.901 -7.939 -9.865 -11.062 -11.62 -11.954 -10.108 -11.099 -11.648 -11.928 -12.115 -11.094 -10.488 -11.345 -12.234 -12.199 -11.978 -11.114
1.35374 -6.094 -3.234 -5.678 -7.736 -9.392 -10.544 -8.645 -8.037 -9.435 -10.588 -11.381 -11.892 -7.931 -9.857 -11.053 -11.611 -11.945 -10.099 -11.09 -11.64 -11.92 -12.106 -11.086 -10.479 -11.337 -12.225 -12.19 -11.97 -11.105
1.394683 -6.084 -3.224 -5.668 -7.726 -9.382 -10.534 -8.634 -8.027 -9.425 -10.578 -11.371 -11.882 -7.921 -9.847 -11.043 -11.601 -11.935 -10.089 -11.08 -11.63 -11.909 -12.096 -11.075 -10.469 -11.327 -12.215 -12.18 -11.96 -11.095
1.436864 -6.072 -3.212 -5.657 -7.714 -9.37 -10.523 -8.623 -8.015 -9.414 -10.566 -11.359 -11.871 -7.909 -9.835 -11.031 -11.589 -11.923 -10.077 -11.069 -11.618 -11.898 -12.084 -11.064 -10.458 -11.315 -12.203 -12.169 -11.948 -11.083
1.480321 -6.059 -3.199 -5.643 -7.701 -9.357 -10.509 -8.61 -8.002 -9.4 -10.553 -11.346 -11.857 -7.896 -9.822 -11.018 -11.576 -11.91 -10.064 -11.055 -11.605 -11.885 -12.071 -11.051 -10.444 -11.302 -12.19 -12.155 -11.935 -11.07
1.525092 -6.044 -3.184 -5.628 -7.686 -9.342 -10.494 -8.595 -7.987 -9.385 -10.538 -11.331 -11.843 -7.881 -9.807 -11.003 -11.561 -11.895 -10.049 -11.04 -11.59 -11.87 -12.056 -11.036 -10.43 -11.287 -12.175 -12.141 -11.92 -11.055
1.571218 -6.027 -3.167 -5.612 -7.669 -9.325 -10.478 -8.578 -7.97 -9.369 -10.522 -11.314 -11.826 -7.864 -9.79 -10.986 -11.544 -11.878 -10.032 -11.024 -11.573 -11.853 -12.039 -11.019 -10.413 -11.27 -12.158 -12.124 -11.903 -11.038
1.618738 -6.009 -3.149 -5.593 -7.65 -9.306 -10.459 -8.559 -7.952 -9.35 -10.503 -11.296 -11.807 -7.845 -9.772 -10.968 -11.526 -11.86 -10.014 -11.005 -11.554 -11.834 -12.021 -11.0 -10.394 -11.252 -12.14 -12.105 -11.885 -11.02
1.667696 -5.988 -3.128 -5.572 -7.63 -9.286 -10.439 -8.539 -7.931 -9.33 -10.482 -11.275 -11.787 -7.825 -9.751 -10.947 -11.505 -11.839 -9.993 -10.984 -11.534 -11.814 -12.0 -10.98 -10.374 -11.231 -12.119 -12.085 -11.864 -10.999
1.718134 -5.965 -3.105 -5.55 -7.607 -9.263 -10.416 -8.516 -7.908 -9.307 -10.46 -11.252 -11.764 -7.802 -9.728 -10.924 -11.482 -11.817 -9.97 -10.962 -11.511 -11.791 -11.977 -10.957 -10.351 -11.208 -12.096 -12.062 -11.841 -10.976
1.770098 -5.94 -3.08 -5.525 -7.582 -9.238 -10.391 -8.491 -7.883 -9.282 -10.435 -11.227 -11.739 -7.777 -9.703 -10.899 -11.458 -11.792 -9.945 -10.937 -11.486 -11.766 -11.953 -10.932 -10.326 -11.183 -12.072 -12.037 -11.816 -10.951
1.823633 -5.913 -3.053 -5.498 -7.555 -9.211 -10.364 -8.464 -7.856 -9.255 -10.408 -11.2 -11.712 -7.75 -9.676 -10.872 -11.43 -11.764 -9.918 -10.91 -11.459 -11.739 -11.925 -10.905 -10.299 -11.156 -12.044 -12.01 -11.789 -10.924
1.878788 -5.883 -3.023 -5.468 -7.525 -9.181 -10.334 -8.434 -7.826 -9.225 -10.378 -11.171 -11.682 -7.72 -9.646 -10.843 -11.401 -11.735 -9.888 -10.88 -11.429 -11.709 -11.896 -10.875 -10.269 -11.126 -12.015 -11.98 -11.759 -10.894
1.93561 -5.851 -2.991 -5.436 -7.493 -9.149 -10.302 -8.402 -7.794 -9.193 -10.345 -11.138 -11.65 -7.688 -9.614 -10.81 -11.368 -11.702 -9.856 -10.848 -11.397 -11.677 -11.863 -10.843 -10.237 -11.094 -11.982 -11.948 -11.727 -10.862
1.994152 -5.816 -2.956 -5.401 -7.458 -9.114 -10.267 -8.367 -7.759 -9.158 -10.31 -11.103 -11.615 -7.653 -9.579 -10.775 -11.333 -11.667 -9.821 -10.813 -11.362 -11.642 -11.828 -10.808 -10.202 -11.059 -11.947 -11.913 -11.692 -10.827
2.054463 -5.778 -2.918 -5.363 -7.42 -9.076 -10.229 -8.329 -7.721 -9.12 -10.272 -11.065 -11.577 -7.615 -9.541 -10.737 -11.295 -11.629 -9.783 -10.775 -11.324 -11.604 -11.79 -10.77 -10.164 -11.021 -11.909 -11.875 -11.654 -10.789
2.116599 -5.737 -2.877 -5.321 -7.379 -9.035 -10.188 -8.288 -7.68 -9.079 -10.231 -11.024 -11.536 -7.574 -9.5 -10.696 -11.254 -11.588 -9.742 -10.734 -11.283 -11.563 -11.749 -10.729 -10.123 -10.98 -11.868 -11.834 -11.613 -10.748
2.180614 -5.693 -2.833 -5.277 -7.334 -8.991 -10.143 -8.243 -7.636 -9.034 -10.187 -10.98 -11.491 -7.53 -9.456 -10.652 -11.21 -11.544 -9.698 -10.689 -11.239 -11.518 -11.705 -10.684 -10.078 -10.936 -11.824 -11.789 -11.569 -10.704
2.246566 -5.645 -2.785 -5.229 -7.287 -8.943 -10.096 -8.196 -7.588 -8.987 -10.139 -10.932 -11.444 -7.482 -9.408 -10.604 -11.162 -11.496 -9.65 -10.641 -11.191 -11.471 -11.657 -10.637 -10.031 -10.888 -11.776 -11.742 -11.521 -10.656
2.314511 -5.594 -2.734 -5.178 -7.235 -8.891 -10.044 -8.144 -7.537 -8.935 -10.088 -10.881 -11.392 -7.43 -9.357 -10.553 -11.111 -11.445 -9.599 -10.59 -11.139 -11.419 -11.606 -10.585 -9.979 -10.837 -11.725 -11.69 -11.47 -10.605
2.384512 -5.538 -2.678 -5.123 -7.18 -8.836 -9.989 -8.089 -7.481 -8.88 -10.033 -10.826 -11.337 -7.375 -9.301 -10.498 -11.056 -11.39 -9.543 -10.535 -11.084 -11.364 -11.551 -10.53 -9.924 -10.781 -11.67 -11.635 -11.414 -10.549
2.45663 -5.479 -2.619 -5.064 -7.121 -8.777 -9.93 -8.03 -7.422 -8.821 -9.974 -10.766 -11.278 -7.316 -9.242 -10.438 -10.996 -11.331 -9.484 -10.476 -11.025 -11.305 -11.491 -10.471 -9.865 -10.722 -11.61 -11.576 -11.355 -10.49
2.530929 -5.416 -2.556 -5.0 -7.058 -8.714 -9.866 -7.966 -7.359 -8.757 -9.91 -10.703 -11.214 -7.253 -9.179 -10.375 -10.933 -11.267 -9.421 -10.412 -10.962 -11.241 -11.428 -10.407 -9.801 -10.659 -11.547 -11.512 -11.292 -10.427
2.607475 -5.348 -2.488 -4.932 -6.99 -8.646 -9.798 -7.898 -7.291 -8.689 -9.842 -10.635 -11.146 -7.185 -9.111 -10.307 -10.865 -11.199 -9.353 -10.344 -10.894 -11.173 -11.36 -10.339 -9.733 -10.591 -11.479 -11.444 -11.224 -10.359
2.686337 -5.275 -2.415 -4.859 -6.917 -8.573 -9.726 -7.826 -7.218 -8.617 -9.769 -10.562 -11.074 -7.112 -9.038 -10.234 -10.792 -11.126 -9.28 -10.271 -10.821 -11.101 -11.287 -10.267 -9.661 -10.518 -11.406 -11.372 -11.151 -10.286
2.767583 -5.197 -2.337 -4.782 -6.839 -8.495 -9.648 -7.748 -7.14 -8.539 -9.691 -10.484 -10.996 -7.034 -8.96 -10.156 -10.714 -11.048 -9.202 -10.194 -10.743 -11.023 -11.209 -10.189 -9.583 -10.44 -11.328 -11.294 -11.073 -10.208
2.851287 -5.114 -2.254 -4.698 -6.756 -8.412 -9.565 -7.665 -7.057 -8.456 -9.608 -10.401 -10.913 -6.951 -8.877 -10.073 -10.631 -10.965 -9.119 -10.11 -10.66 -10.94 -11.126 -10.106 -9.5 -10.357 -11.245 -11.211 -10.99 -10.125
2.937522 -5.025 -2.165 -4.61 -6.667 -8.323 -9.476 -7.576 -6.968 -8.367 -9.52 -10.312 -10.824 -6.862 -8.788 -9.984 -10.542 -10.877 -9.03 -10.022 -10.571 -10.851 -11.037 -10.017 -9.411 -10.268 -11.156 -11.122 -10.901 -10.036
3.026365 -4.93 -2.07 -4.515 -6.572 -8.228 -9.381 -7.481 -6.874 -8.272 -9.425 -10.218 -10.729 -6.767 -8.693 -9.89 -10.448 -10.782 -8.936 -9.927 -10.476 -10.756 -10.943 -9.922 -9.316 -10.173 -11.062 -11.027 -10.806 -9.941
3.117896 -4.829 -1.969 -4.414 -6.471 -8.127 -9.28 -7.38 -6.772 -8.171 -9.324 -10.117 -10.628 -6.666 -8.592 -9.789 -10.347 -10.681 -8.834 -9.826 -10.375 -10.655 -10.842 -9.821 -9.215 -10.072 -10.961 -10.926 -10.705 -9.84
3.212194 -4.722 -1.862 -4.306 -6.364 -8.02 -9.172 -7.273 -6.665 -8.063 -9.216 -10.009 -10.52 -6.559 -8.485 -9.681 -10.239 -10.573 -8.727 -9.718 -10.268 -10.548 -10.734 -9.714 -9.107 -9.965 -10.853 -10.818 -10.598 -9.733
3.309345 -4.607 -1.747 -4.192 -6.249 -7.905 -9.058 -7.158 -6.55 -7.949 -9.101 -9.894 -10.406 -6.444 -8.37 -9.566 -10.124 -10.458 -8.612 -9.604 -10.153 -10.433 -10.619 -9.599 -8.993 -9.85 -10.738 -10.704 -10.483 -9.618
3.409434 -4.485 -1.625 -4.069 -6.127 -7.783 -8.935 -7.036 -6.428 -7.826 -8.979 -9.772 -10.284 -6.322 -8.248 -9.444 -10.002 -10.336 -8.49 -9.481 -10.031 -10.311 -10.497 -9.477 -8.871 -9.728 -10.616 -10.582 -10.361 -9.496
3.51255 -4.355 -1.495 -3.939 -5.997 -7.653 -8.805 -6.906 -6.298 -7.696 -8.849 -9.642 -10.154 -6.192 -8.118 -9.314 -9.872 -10.206 -8.36 -9.351 -9.901 -10.181 -10.367 -9.347 -8.74 -9.598 -10.486 -10.451 -10.231 -9.366
3.618785 -4.216 -1.357 -3.801 -5.858 -7.514 -8.667 -6.767 -6.16 -7.558 -8.711 -9.504 -10.015 -6.053 -7.979 -9.176 -9.734 -10.068 -8.222 -9.213 -9.762 -10.042 -10.229 -9.208 -8.602 -9.459 -10.348 -10.313 -10.092 -9.228
3.728232 -4.069 -1.209 -3.654 -5.711 -7.367 -8.52 -6.62 -6.012 -7.411 -8.564 -9.356 -9.868 -5.906 -7.832 -9.028 -9.587 -9.921 -8.074 -9.066 -9.615 -9.895 -10.082 -9.061 -8.455 -9.312 -10.201 -10.166 -9.945 -9.08
3.84099 -3.913 -1.053 -3.497 -5.555 -7.211 -8.363 -6.464 -5.856 -7.254 -8.407 -9.2 -9.712 -5.75 -7.676 -8.872 -9.43 -9.764 -7.918 -8.909 -9.459 -9.739 -9.925 -8.905 -8.299 -9.156 -10.044 -10.01 -9.789 -8.924
3.957158 -3.747 -0.887 -3.331 -5.388 -7.044 -8.197 -6.297 -5.69 -7.088 -8.241 -9.034 -9.545 -5.583 -7.51 -8.706 -9.264 -9.598 -7.752 -8.743 -9.292 -9.572 -9.759 -8.738 -8.132 -8.989 -9.878 -9.843 -9.622 -8.758
4.07684 -3.57 -0.71 -3.154 -5.212 -6.868 -8.02 -6.121 -5.513 -6.911 -8.064 -8.857 -9.368 -5.407 -7.333 -8.529 -9.087 -9.421 -7.575 -8.566 -9.116 -9.396 -9.582 -8.562 -7.955 -8.813 -9.701 -9.666 -9.446 -8.581
4.200141 -3.382 -0.522 -2.966 -5.024 -6.68 -7.833 -5.933 -5.325 -6.724 -7.876 -8.669 -9.181 -5.219 -7.145 -8.341 -8.899 -9.233 -7.387 -8.378 -8.928 -9.208 -9.394 -8.374 -7.768 -8.625 -9.513 -9.479 -9.258 -8.393
4.327172 -3.182 -0.322 -2.767 -4.824 -6.48 -7.633 -5.733 -5.125 -6.524 -7.677 -8.469 -8.981 -5.019 -6.945 -8.141 -8.7 -9.034 -7.187 -8.179 -8.728 -9.008 -9.195 -8.174 -7.568 -8.425 -9.314 -9.279 -9.058 -8.193
4.458044 -2.97 -0.11 -2.555 -4.612 -6.268 -7.421 -5.521 -4.913 -6.312 -7.465 -8.257 -8.769 -4.807 -6.733 -7.929 -8.488 -8.822 -6.975 -7.967 -8.516 -8.796 -8.983 -7.962 -7.356 -8.213 -9.102 -9.067 -8.846 -7.981
4.592874 -2.745 0.115 -2.33 -4.387 -6.043 -7.196 -5.296 -4.688 -6.087 -7.24 -8.032 -8.544 -4.582 -6.508 -7.704 -8.262 -8.597 -6.75 -7.742 -8.291 -8.571 -8.757 -7.737 -7.131 -7.988 -8.876 -8.842 -8.621 -7.756
4.731783 -2.506 0.354 -2.091 -4.148 -5.804 -6.957 -5.057 -4.449 -5.848 -7.001 -7.793 -8.305 -4.343 -6.269 -7.465 -8.023 -8.358 -6.511 -7.503 -8.052 -8.332 -8.518 -7.498 -6.892 -7.749 -8.637 -8.603 -8.382 -7.517
4.874892 -2.252 0.608 -1.837 -3.894 -5.55 -6.703 -4.803 -4.195 -5.594 -6.747 -7.539 -8.051 -4.089 -6.015 -7.211 -7.77 -8.104 -6.257 -7.249 -7.798 -8.078 -8.265 -7.244 -6.638 -7.495 -8.384 -8.349 -8.128 -7.263
5.02233 -1.983 0.877 -1.567 -3.625 -5.281 -6.433 -4.534 -3.926 -5.324 -6.477 -7.27 -7.782 -3.82 -5.746 -6.942 -7.5 -7.834 -5.988 -6.979 -7.529 -7.809 -7.995 -6.975 -6.368 -7.226 -8.114 -8.079 -7.859 -6.994
5.174227 -1.697 1.163 -1.281 -3.339 -4.995 -6.147 -4.248 -3.64 -5.038 -6.191 -6.984 -7.495 -3.534 -5.46 -6.656 -7.214 -7.548 -5.702 -6.693 -7.243 -7.523 -7.709 -6.689 -6.082 -6.94 -7.828 -7.793 -7.573 -6.708
5.330718 -1.393 1.467 -0.978 -3.035 -4.691 -5.844 -3.944 -3.336 -4.735 -5.887 -6.68 -7.192 -3.23 -5.156 -6.352 -6.91 -7.244 -5.398 -6.39 -6.939 -7.219 -7.405 -6.385 -5.779 -6.636 -7.524 -7.49 -7.269 -6.404
5.491942 -1.071 1.789 -0.655 -2.712 -4.368 -5.521 -3.621 -3.014 -4.412 -5.565 -6.358 -6.869 -2.907 -4.834 -6.03 -6.588 -6.922 -5.076 -6.067 -6.616 -6.896 -7.083 -6.062 -5.456 -6.313 -7.202 -7.167 -6.946 -6.082
5.658042 -0.728 2.132 -0.313 -2.37 -4.026 -5.179 -3.279 -2.671 -4.07 -5.223 -6.015 -6.527 -2.565 -4.491 -5.687 -6.245 -6.58 -4.733 -5.725 -6.274 -6.554 -6.74 -5.72 -5.114 -5.971 -6.859 -6.825 -6.604 -5.739
5.829166 -0.365 2.495 0.05 -2.007 -3.663 -4.816 -2.916 -2.308 -3.707 -4.859 -5.652 -6.164 -2.202 -4.128 -5.324 -5.882 -6.216 -4.37 -5.362 -5.911 -6.191 -6.377 -5.357 -4.751 -5.608 -6.496 -6.462 -6.241 -5.376
6.005465 0.021 2.881 0.436 -1.621 -3.277 -4.43 -2.53 -1.922 -3.321 -4.474 -5.266 -5.778 -1.816 -3.742 -4.938 -5.497 -5.831 -3.984 -4.976 -5.525 -5.805 -5.991 -4.971 -4.365 -5.222 -6.111 -6.076 -5.855 -4.99
6.187096 0.43 3.29 0.845 -1.212 -2.868 -4.021 -2.121 -1.513 -2.912 -4.064 -4.857 -5.369 -1.407 -3.333 -4.529 -5.087 -5.421 -3.575 -4.567 -5.116 -5.396 -5.582 -4.562 -3.956 -4.813 -5.701 -5.667 -5.446 -4.581
6.37422 0.864 3.724 1.28 -0.777 -2.433 -3.586 -1.686 -1.079 -2.477 -3.63 -4.423 -4.934 -0.972 -2.898 -4.095 -4.653 -4.987 -3.141 -4.132 -4.681 -4.961 -5.148 -4.127 -3.521 -4.378 -5.267 -5.232 -5.011 -4.147
6.567004 1.326 4.186 1.741 -0.316 -1.972 -3.125 -1.225 -0.617 -2.016 -3.169 -3.961 -4.473 -0.511 -2.437 -3.633 -4.192 -4.526 -2.679 -3.671 -4.22 -4.5 -4.687 -3.666 -3.06 -3.917 -4.806 -4.771 -4.55 -3.685
