web/models/kne.last_good/kappa_1_10/10/villar_0.0512_0.1710_10.0000.dat
# %ECSV 1.0
# ---
# datatype:
# - {name: time, datatype: float64}
# - {name: swift_uvot_uvw2, datatype: float64}
# - {name: swift_uvot_uvm2, datatype: float64}
# - {name: swift_uvot_uvw1, datatype: float64}
# - {name: swift_uvot_U, datatype: float64}
# - {name: swift_uvot_B, datatype: float64}
# - {name: swift_uvot_V, datatype: float64}
# - {name: swift_uvot_W, datatype: float64}
# - {name: johnson_U, datatype: float64}
# - {name: johnson_B, datatype: float64}
# - {name: johnson_V, datatype: float64}
# - {name: johnson_R, datatype: float64}
# - {name: johnson_I, datatype: float64}
# - {name: sdss_u, datatype: float64}
# - {name: sdss_g, datatype: float64}
# - {name: sdss_r, datatype: float64}
# - {name: sdss_i, datatype: float64}
# - {name: sdss_z, datatype: float64}
# - {name: PS1_g, datatype: float64}
# - {name: PS1_r, datatype: float64}
# - {name: PS1_i, datatype: float64}
# - {name: PS1_z, datatype: float64}
# - {name: PS1_Y, datatype: float64}
# - {name: PS1_w, datatype: float64}
# - {name: ATLAS_c, datatype: float64}
# - {name: ATLAS_o, datatype: float64}
# - {name: ukirt_J, datatype: float64}
# - {name: ukirt_H, datatype: float64}
# - {name: ukirt_K, datatype: float64}
# - {name: Clear, datatype: float64}
# meta: !!omap
# - comment: [kappa = 10.0, type = villar, mass = 0.051209162050732976, velocity = 0.17100000000000004, theta_obs = 0.0]
# schema: astropy-2.0
time swift_uvot_uvw2 swift_uvot_uvm2 swift_uvot_uvw1 swift_uvot_U swift_uvot_B swift_uvot_V swift_uvot_W johnson_U johnson_B johnson_V johnson_R johnson_I sdss_u sdss_g sdss_r sdss_i sdss_z PS1_g PS1_r PS1_i PS1_z PS1_Y PS1_w ATLAS_c ATLAS_o ukirt_J ukirt_H ukirt_K Clear
[from data line 217]
0.642731 -10.503 -10.841 -11.738 -12.98 -13.603 -13.962 -12.733 -13.099 -13.609 -13.967 -14.106 -14.106 -13.071 -13.746 -14.07 -14.134 -14.102 -13.812 -14.08 -14.144 -14.129 -14.12 -14.015 -13.907 -14.101 -13.861 -13.547 -13.105 -13.979
0.66217 -10.474 -10.803 -11.717 -12.976 -13.613 -13.982 -12.737 -13.097 -13.619 -13.987 -14.134 -14.14 -13.069 -13.759 -14.095 -14.165 -14.137 -13.827 -14.105 -14.175 -14.164 -14.157 -14.04 -13.925 -14.128 -13.903 -13.592 -13.153 -14.002
0.682197 -10.444 -10.765 -11.695 -12.971 -13.622 -14.001 -12.741 -13.095 -13.628 -14.007 -14.161 -14.174 -13.066 -13.772 -14.119 -14.196 -14.172 -13.841 -14.13 -14.206 -14.198 -14.194 -14.064 -13.944 -14.155 -13.944 -13.636 -13.2 -14.026
0.70283 -10.414 -10.725 -11.673 -12.966 -13.63 -14.02 -12.745 -13.092 -13.637 -14.026 -14.188 -14.208 -13.062 -13.785 -14.143 -14.226 -14.207 -13.855 -14.154 -14.236 -14.232 -14.23 -14.087 -13.962 -14.182 -13.985 -13.681 -13.247 -14.049
0.724086 -10.383 -10.683 -11.65 -12.96 -13.638 -14.038 -12.748 -13.088 -13.644 -14.044 -14.215 -14.242 -13.057 -13.796 -14.167 -14.256 -14.241 -13.869 -14.177 -14.266 -14.265 -14.266 -14.111 -13.979 -14.208 -14.026 -13.725 -13.294 -14.072
0.745986 -10.353 -10.641 -11.625 -12.953 -13.645 -14.056 -12.751 -13.083 -13.652 -14.062 -14.242 -14.275 -13.052 -13.807 -14.19 -14.285 -14.275 -13.882 -14.2 -14.296 -14.299 -14.301 -14.134 -13.996 -14.234 -14.066 -13.769 -13.341 -14.094
0.768548 -10.322 -10.597 -11.6 -12.945 -13.651 -14.073 -12.753 -13.078 -13.658 -14.08 -14.268 -14.308 -13.045 -13.818 -14.212 -14.314 -14.309 -13.894 -14.223 -14.325 -14.332 -14.337 -14.156 -14.012 -14.26 -14.107 -13.813 -13.388 -14.116
0.791792 -10.29 -10.552 -11.574 -12.936 -13.656 -14.089 -12.754 -13.072 -13.664 -14.097 -14.293 -14.34 -13.038 -13.828 -14.234 -14.342 -14.342 -13.906 -14.245 -14.354 -14.364 -14.372 -14.178 -14.028 -14.285 -14.147 -13.857 -13.435 -14.138
0.815739 -10.259 -10.506 -11.547 -12.926 -13.661 -14.106 -12.756 -13.064 -13.669 -14.114 -14.319 -14.373 -13.03 -13.837 -14.256 -14.371 -14.375 -13.917 -14.267 -14.382 -14.397 -14.406 -14.199 -14.043 -14.309 -14.187 -13.901 -13.481 -14.159
0.840411 -10.227 -10.459 -11.519 -12.915 -13.665 -14.121 -12.756 -13.056 -13.674 -14.129 -14.343 -14.405 -13.021 -13.845 -14.276 -14.398 -14.408 -13.927 -14.288 -14.41 -14.429 -14.441 -14.22 -14.058 -14.334 -14.227 -13.944 -13.528 -14.18
0.865828 -10.196 -10.41 -11.49 -12.904 -13.669 -14.136 -12.756 -13.047 -13.677 -14.145 -14.368 -14.436 -13.011 -13.853 -14.297 -14.426 -14.441 -13.937 -14.309 -14.438 -14.461 -14.475 -14.241 -14.072 -14.357 -14.266 -13.988 -13.574 -14.2
0.892015 -10.164 -10.359 -11.46 -12.891 -13.671 -14.15 -12.756 -13.037 -13.68 -14.159 -14.391 -14.467 -13.0 -13.86 -14.317 -14.453 -14.473 -13.946 -14.329 -14.465 -14.492 -14.509 -14.261 -14.085 -14.381 -14.306 -14.031 -13.62 -14.22
0.918993 -10.132 -10.308 -11.429 -12.877 -13.673 -14.164 -12.755 -13.027 -13.683 -14.174 -14.415 -14.498 -12.988 -13.867 -14.336 -14.479 -14.504 -13.955 -14.348 -14.491 -14.523 -14.543 -14.281 -14.098 -14.403 -14.345 -14.074 -13.666 -14.239
0.946787 -10.101 -10.255 -11.397 -12.863 -13.674 -14.177 -12.754 -13.015 -13.684 -14.187 -14.438 -14.529 -12.976 -13.872 -14.355 -14.505 -14.536 -13.963 -14.367 -14.518 -14.553 -14.576 -14.3 -14.11 -14.426 -14.384 -14.117 -13.712 -14.258
0.975422 -10.069 -10.2 -11.364 -12.847 -13.674 -14.189 -12.752 -13.002 -13.685 -14.2 -14.46 -14.559 -12.962 -13.877 -14.373 -14.531 -14.567 -13.97 -14.386 -14.544 -14.584 -14.609 -14.319 -14.122 -14.448 -14.422 -14.159 -13.758 -14.277
1.004923 -10.038 -10.144 -11.33 -12.831 -13.674 -14.201 -12.749 -12.988 -13.685 -14.212 -14.482 -14.588 -12.947 -13.882 -14.391 -14.556 -14.597 -13.976 -14.404 -14.569 -14.613 -14.642 -14.337 -14.133 -14.469 -14.461 -14.202 -13.804 -14.295
1.035317 -10.007 -10.087 -11.295 -12.813 -13.672 -14.212 -12.746 -12.974 -13.684 -14.224 -14.503 -14.618 -12.931 -13.885 -14.408 -14.581 -14.628 -13.982 -14.421 -14.594 -14.643 -14.674 -14.354 -14.143 -14.49 -14.499 -14.244 -13.849 -14.312
1.066629 -9.976 -10.028 -11.259 -12.795 -13.67 -14.222 -12.742 -12.958 -13.682 -14.235 -14.524 -14.647 -12.914 -13.888 -14.425 -14.605 -14.658 -13.987 -14.438 -14.619 -14.672 -14.706 -14.371 -14.153 -14.51 -14.536 -14.286 -13.895 -14.329
1.098888 -9.945 -9.968 -11.222 -12.775 -13.667 -14.232 -12.737 -12.941 -13.679 -14.245 -14.545 -14.675 -12.896 -13.89 -14.441 -14.629 -14.687 -13.991 -14.455 -14.642 -14.701 -14.737 -14.388 -14.162 -14.53 -14.574 -14.328 -13.94 -14.346
1.132124 -9.915 -9.906 -11.183 -12.754 -13.663 -14.241 -12.732 -12.923 -13.676 -14.254 -14.564 -14.703 -12.877 -13.891 -14.456 -14.652 -14.716 -13.994 -14.47 -14.666 -14.729 -14.768 -14.404 -14.17 -14.549 -14.611 -14.369 -13.985 -14.362
1.166364 -9.886 -9.842 -11.144 -12.732 -13.658 -14.249 -12.727 -12.904 -13.671 -14.263 -14.584 -14.731 -12.857 -13.891 -14.471 -14.675 -14.745 -13.997 -14.485 -14.689 -14.756 -14.799 -14.419 -14.177 -14.568 -14.648 -14.411 -14.03 -14.378
1.20164 -9.857 -9.777 -11.103 -12.709 -13.652 -14.257 -12.72 -12.884 -13.666 -14.271 -14.602 -14.758 -12.836 -13.89 -14.485 -14.697 -14.773 -13.999 -14.5 -14.711 -14.784 -14.83 -14.434 -14.184 -14.586 -14.685 -14.452 -14.075 -14.393
1.237983 -9.829 -9.71 -11.062 -12.684 -13.645 -14.263 -12.713 -12.863 -13.659 -14.278 -14.621 -14.785 -12.813 -13.889 -14.498 -14.719 -14.801 -14.0 -14.513 -14.733 -14.811 -14.86 -14.448 -14.19 -14.603 -14.721 -14.493 -14.119 -14.407
1.275425 -9.801 -9.641 -11.019 -12.659 -13.637 -14.269 -12.706 -12.84 -13.652 -14.285 -14.638 -14.811 -12.79 -13.887 -14.511 -14.74 -14.828 -14.0 -14.526 -14.755 -14.837 -14.889 -14.462 -14.196 -14.62 -14.757 -14.534 -14.164 -14.421
1.313999 -9.774 -9.571 -10.975 -12.632 -13.629 -14.274 -12.697 -12.817 -13.644 -14.29 -14.655 -14.837 -12.765 -13.883 -14.523 -14.76 -14.855 -14.0 -14.539 -14.776 -14.863 -14.919 -14.475 -14.2 -14.636 -14.793 -14.574 -14.208 -14.435
1.35374 -9.749 -9.499 -10.929 -12.604 -13.619 -14.279 -12.688 -12.792 -13.635 -14.295 -14.671 -14.862 -12.739 -13.879 -14.534 -14.78 -14.881 -13.998 -14.55 -14.796 -14.888 -14.947 -14.488 -14.204 -14.652 -14.828 -14.614 -14.252 -14.447
1.394683 -9.724 -9.425 -10.883 -12.575 -13.608 -14.282 -12.678 -12.766 -13.624 -14.299 -14.687 -14.887 -12.711 -13.874 -14.545 -14.8 -14.907 -13.996 -14.561 -14.816 -14.913 -14.976 -14.499 -14.207 -14.667 -14.864 -14.654 -14.296 -14.46
1.436864 -9.7 -9.349 -10.835 -12.544 -13.596 -14.285 -12.668 -12.738 -13.613 -14.303 -14.702 -14.911 -12.682 -13.868 -14.555 -14.818 -14.932 -13.993 -14.572 -14.835 -14.938 -15.004 -14.51 -14.209 -14.681 -14.898 -14.694 -14.339 -14.471
1.480321 -9.677 -9.271 -10.786 -12.512 -13.583 -14.286 -12.656 -12.71 -13.601 -14.305 -14.716 -14.935 -12.652 -13.861 -14.564 -14.837 -14.957 -13.988 -14.581 -14.853 -14.962 -15.031 -14.521 -14.211 -14.695 -14.933 -14.734 -14.383 -14.482
1.525092 -9.655 -9.192 -10.736 -12.478 -13.569 -14.287 -12.644 -12.68 -13.587 -14.306 -14.73 -14.958 -12.621 -13.853 -14.572 -14.854 -14.982 -13.983 -14.59 -14.871 -14.985 -15.058 -14.53 -14.211 -14.708 -14.967 -14.773 -14.426 -14.493
1.571218 -9.635 -9.11 -10.684 -12.443 -13.553 -14.287 -12.631 -12.648 -13.573 -14.307 -14.743 -14.981 -12.588 -13.843 -14.579 -14.871 -15.005 -13.977 -14.598 -14.888 -15.008 -15.084 -14.539 -14.211 -14.72 -15.0 -14.812 -14.469 -14.503
1.618738 -9.615 -9.027 -10.631 -12.407 -13.537 -14.286 -12.618 -12.615 -13.557 -14.307 -14.755 -15.003 -12.553 -13.833 -14.586 -14.887 -15.029 -13.97 -14.605 -14.905 -15.03 -15.11 -14.548 -14.209 -14.731 -15.034 -14.85 -14.512 -14.512
1.667696 -9.597 -8.941 -10.577 -12.369 -13.519 -14.284 -12.603 -12.581 -13.54 -14.305 -14.767 -15.025 -12.517 -13.822 -14.592 -14.902 -15.051 -13.962 -14.611 -14.92 -15.052 -15.136 -14.555 -14.207 -14.742 -15.066 -14.889 -14.555 -14.52
1.718134 -9.581 -8.854 -10.522 -12.329 -13.5 -14.28 -12.588 -12.545 -13.522 -14.303 -14.777 -15.045 -12.48 -13.809 -14.596 -14.917 -15.073 -13.953 -14.616 -14.935 -15.073 -15.161 -14.562 -14.204 -14.752 -15.099 -14.927 -14.597 -14.528
1.770098 -9.565 -8.764 -10.465 -12.288 -13.48 -14.276 -12.571 -12.508 -13.502 -14.299 -14.787 -15.066 -12.441 -13.796 -14.6 -14.931 -15.095 -13.943 -14.621 -14.95 -15.093 -15.185 -14.568 -14.199 -14.761 -15.131 -14.964 -14.64 -14.535
1.823633 -9.551 -8.672 -10.406 -12.246 -13.459 -14.271 -12.554 -12.469 -13.482 -14.295 -14.796 -15.085 -12.4 -13.781 -14.603 -14.944 -15.115 -13.931 -14.624 -14.963 -15.113 -15.209 -14.573 -14.194 -14.769 -15.163 -15.002 -14.682 -14.542
1.878788 -9.539 -8.578 -10.346 -12.201 -13.436 -14.265 -12.536 -12.428 -13.46 -14.29 -14.805 -15.104 -12.358 -13.765 -14.605 -14.957 -15.136 -13.919 -14.627 -14.976 -15.132 -15.232 -14.577 -14.188 -14.777 -15.194 -15.039 -14.723 -14.548
1.93561 -9.527 -8.482 -10.285 -12.155 -13.411 -14.257 -12.516 -12.386 -13.436 -14.283 -14.812 -15.123 -12.314 -13.747 -14.606 -14.968 -15.155 -13.905 -14.629 -14.988 -15.15 -15.255 -14.581 -14.18 -14.783 -15.224 -15.076 -14.765 -14.553
1.994152 -9.518 -8.383 -10.222 -12.107 -13.386 -14.249 -12.496 -12.342 -13.411 -14.275 -14.819 -15.14 -12.269 -13.729 -14.607 -14.979 -15.174 -13.891 -14.629 -15.0 -15.168 -15.277 -14.583 -14.172 -14.789 -15.255 -15.112 -14.806 -14.557
2.054463 -9.509 -8.283 -10.158 -12.058 -13.359 -14.239 -12.475 -12.296 -13.385 -14.266 -14.824 -15.157 -12.221 -13.709 -14.606 -14.989 -15.192 -13.875 -14.629 -15.01 -15.185 -15.298 -14.585 -14.162 -14.794 -15.284 -15.148 -14.847 -14.56
2.116599 -9.502 -8.179 -10.092 -12.006 -13.33 -14.228 -12.453 -12.249 -13.357 -14.256 -14.829 -15.174 -12.172 -13.687 -14.604 -14.998 -15.21 -13.858 -14.628 -15.02 -15.201 -15.319 -14.586 -14.152 -14.798 -15.314 -15.184 -14.888 -14.563
2.180614 -9.496 -8.074 -10.024 -11.953 -13.3 -14.215 -12.429 -12.2 -13.328 -14.245 -14.833 -15.189 -12.12 -13.664 -14.6 -15.007 -15.226 -13.839 -14.625 -15.028 -15.217 -15.339 -14.585 -14.14 -14.801 -15.342 -15.219 -14.928 -14.565
2.246566 -9.491 -7.966 -9.955 -11.897 -13.268 -14.202 -12.405 -12.148 -13.297 -14.232 -14.836 -15.204 -12.067 -13.64 -14.596 -15.014 -15.242 -13.819 -14.622 -15.036 -15.231 -15.359 -14.584 -14.126 -14.803 -15.371 -15.254 -14.968 -14.566
2.314511 -9.488 -7.856 -9.884 -11.84 -13.234 -14.187 -12.379 -12.095 -13.265 -14.218 -14.837 -15.217 -12.012 -13.614 -14.591 -15.02 -15.257 -13.798 -14.617 -15.043 -15.245 -15.377 -14.582 -14.112 -14.803 -15.398 -15.288 -15.008 -14.566
2.384512 -9.486 -7.743 -9.812 -11.78 -13.199 -14.17 -12.352 -12.04 -13.231 -14.203 -14.838 -15.23 -11.954 -13.587 -14.584 -15.025 -15.271 -13.776 -14.612 -15.048 -15.258 -15.395 -14.579 -14.096 -14.803 -15.425 -15.322 -15.047 -14.565
2.45663 -9.484 -7.628 -9.738 -11.718 -13.162 -14.153 -12.324 -11.982 -13.195 -14.186 -14.838 -15.243 -11.895 -13.558 -14.576 -15.03 -15.285 -13.752 -14.604 -15.053 -15.27 -15.413 -14.574 -14.079 -14.802 -15.452 -15.356 -15.087 -14.564
2.530929 -9.484 -7.511 -9.662 -11.654 -13.123 -14.133 -12.295 -11.923 -13.158 -14.168 -14.836 -15.254 -11.833 -13.528 -14.567 -15.033 -15.297 -13.727 -14.596 -15.057 -15.281 -15.429 -14.569 -14.06 -14.799 -15.478 -15.389 -15.125 -14.561
2.607475 -9.485 -7.391 -9.584 -11.588 -13.083 -14.112 -12.264 -11.861 -13.118 -14.148 -14.834 -15.264 -11.769 -13.495 -14.556 -15.035 -15.309 -13.7 -14.587 -15.06 -15.292 -15.444 -14.562 -14.04 -14.796 -15.503 -15.421 -15.164 -14.558
2.686337 -9.487 -7.269 -9.505 -11.519 -13.04 -14.09 -12.232 -11.797 -13.077 -14.127 -14.83 -15.273 -11.702 -13.461 -14.544 -15.036 -15.32 -13.671 -14.576 -15.061 -15.301 -15.459 -14.554 -14.019 -14.791 -15.527 -15.454 -15.202 -14.553
2.767583 -9.489 -7.144 -9.423 -11.448 -12.996 -14.066 -12.199 -11.73 -13.034 -14.104 -14.825 -15.282 -11.633 -13.425 -14.531 -15.036 -15.329 -13.642 -14.563 -15.062 -15.309 -15.473 -14.545 -13.996 -14.785 -15.551 -15.485 -15.24 -14.548
2.851287 -9.493 -7.018 -9.34 -11.374 -12.949 -14.04 -12.164 -11.661 -12.988 -14.08 -14.818 -15.289 -11.562 -13.388 -14.516 -15.034 -15.338 -13.61 -14.55 -15.061 -15.317 -15.486 -14.534 -13.971 -14.777 -15.574 -15.516 -15.277 -14.541
2.937522 -9.497 -6.889 -9.254 -11.297 -12.9 -14.012 -12.128 -11.589 -12.941 -14.053 -14.811 -15.295 -11.488 -13.348 -14.499 -15.031 -15.346 -13.577 -14.534 -15.059 -15.323 -15.498 -14.523 -13.945 -14.768 -15.597 -15.547 -15.314 -14.534
3.026365 -9.501 -6.759 -9.167 -11.218 -12.849 -13.983 -12.09 -11.515 -12.891 -14.025 -14.801 -15.301 -11.411 -13.306 -14.481 -15.027 -15.352 -13.542 -14.518 -15.055 -15.328 -15.509 -14.51 -13.917 -14.758 -15.619 -15.577 -15.35 -14.525
3.117896 -9.507 -6.647 -9.091 -11.149 -12.805 -13.957 -12.058 -11.45 -12.848 -14.001 -14.794 -15.305 -11.344 -13.27 -14.466 -15.024 -15.358 -13.512 -14.503 -15.053 -15.333 -15.519 -14.499 -13.892 -14.75 -15.638 -15.603 -15.383 -14.518
3.212194 -9.516 -6.656 -9.101 -11.158 -12.814 -13.967 -12.067 -11.459 -12.858 -14.011 -14.803 -15.315 -11.353 -13.279 -14.475 -15.034 -15.368 -13.521 -14.513 -15.062 -15.342 -15.529 -14.508 -13.902 -14.759 -15.648 -15.613 -15.392 -14.527
3.309345 -9.525 -6.665 -9.11 -11.167 -12.823 -13.976 -12.076 -11.469 -12.867 -14.02 -14.813 -15.324 -11.362 -13.288 -14.485 -15.043 -15.377 -13.531 -14.522 -15.071 -15.351 -15.538 -14.517 -13.911 -14.768 -15.657 -15.622 -15.401 -14.536
3.409434 -9.534 -6.674 -9.119 -11.176 -12.832 -13.985 -12.085 -11.477 -12.876 -14.028 -14.821 -15.333 -11.371 -13.297 -14.493 -15.051 -15.385 -13.539 -14.531 -15.08 -15.36 -15.546 -14.526 -13.92 -14.777 -15.665 -15.631 -15.41 -14.545
3.51255 -9.542 -6.682 -9.127 -11.184 -12.84 -13.993 -12.093 -11.485 -12.884 -14.037 -14.829 -15.341 -11.379 -13.305 -14.501 -15.059 -15.394 -13.547 -14.539 -15.088 -15.368 -15.554 -14.534 -13.928 -14.785 -15.673 -15.639 -15.418 -14.553
3.618785 -9.55 -6.69 -9.134 -11.192 -12.848 -14.0 -12.101 -11.493 -12.891 -14.044 -14.837 -15.348 -11.387 -13.313 -14.509 -15.067 -15.401 -13.555 -14.546 -15.096 -15.376 -15.562 -14.542 -13.935 -14.793 -15.681 -15.646 -15.426 -14.561
3.728232 -9.557 -6.697 -9.141 -11.199 -12.855 -14.007 -12.108 -11.5 -12.898 -14.051 -14.844 -15.356 -11.394 -13.32 -14.516 -15.074 -15.408 -13.562 -14.553 -15.103 -15.383 -15.569 -14.549 -13.943 -14.8 -15.688 -15.654 -15.433 -14.568
3.84099 -9.563 -6.703 -9.148 -11.205 -12.861 -14.014 -12.114 -11.506 -12.905 -14.058 -14.85 -15.362 -11.4 -13.326 -14.522 -15.081 -15.415 -13.568 -14.56 -15.109 -15.389 -15.576 -14.555 -13.949 -14.806 -15.695 -15.66 -15.439 -14.574
3.957158 -9.569 -6.709 -9.154 -11.211 -12.867 -14.02 -12.12 -11.512 -12.911 -14.064 -14.856 -15.368 -11.406 -13.332 -14.528 -15.086 -15.421 -13.574 -14.566 -15.115 -15.395 -15.581 -14.561 -13.955 -14.812 -15.7 -15.666 -15.445 -14.58
4.07684 -9.574 -6.715 -9.159 -11.216 -12.872 -14.025 -12.125 -11.518 -12.916 -14.069 -14.862 -15.373 -11.411 -13.337 -14.534 -15.092 -15.426 -13.58 -14.571 -15.12 -15.4 -15.587 -14.566 -13.96 -14.817 -15.706 -15.671 -15.45 -14.586
4.200141 -9.579 -6.719 -9.164 -11.221 -12.877 -14.03 -12.13 -11.522 -12.921 -14.074 -14.866 -15.378 -11.416 -13.342 -14.538 -15.096 -15.43 -13.584 -14.576 -15.125 -15.405 -15.591 -14.571 -13.965 -14.822 -15.71 -15.676 -15.455 -14.59
4.327172 -9.583 -6.723 -9.168 -11.225 -12.881 -14.034 -12.134 -11.526 -12.925 -14.077 -14.87 -15.382 -11.42 -13.346 -14.542 -15.1 -15.434 -13.588 -14.58 -15.129 -15.409 -15.595 -14.575 -13.969 -14.826 -15.714 -15.68 -15.459 -14.594
4.458044 -9.586 -6.726 -9.171 -11.228 -12.884 -14.037 -12.137 -11.529 -12.928 -14.081 -14.873 -15.385 -11.423 -13.349 -14.545 -15.103 -15.438 -13.591 -14.583 -15.132 -15.412 -15.598 -14.578 -13.972 -14.829 -15.717 -15.683 -15.462 -14.597
