web/models/linear/61/-17_510_0_002.dat
# %ECSV 1.0
# ---
# datatype:
# - {name: time, datatype: float64}
# - {name: sdss_u, datatype: float64}
# - {name: sdss_g, datatype: float64}
# - {name: sdss_r, datatype: float64}
# - {name: sdss_i, datatype: float64}
# - {name: sdss_z, datatype: float64}
# - {name: Clear, datatype: float64}
# - {name: johnson_B, datatype: float64}
# - {name: johnson_V, datatype: float64}
# - {name: johnson_R, datatype: float64}
# - {name: johnson_I, datatype: float64}
# - {name: ukirt_J, datatype: float64}
# - {name: ukirt_H, datatype: float64}
# - {name: ukirt_K, datatype: float64}
# meta: !!omap
# - comment: [M=-17.510204081632654, dM=0.0021718998507771624]
# schema: astropy-2.0
time sdss_u sdss_g sdss_r sdss_i sdss_z Clear johnson_B johnson_V johnson_R johnson_I ukirt_J ukirt_H ukirt_K
[from data line 118]
8.894472361809044 -17.4908861784373 -17.4908861784373 -17.4908861784373 -17.4908861784373 -17.4908861784373 -17.4908861784373 -17.4908861784373 -17.4908861784373 -17.4908861784373 -17.4908861784373 -17.4908861784373 -17.4908861784373 -17.4908861784373
8.969849246231155 -17.490722467393272 -17.490722467393272 -17.490722467393272 -17.490722467393272 -17.490722467393272 -17.490722467393272 -17.490722467393272 -17.490722467393272 -17.490722467393272 -17.490722467393272 -17.490722467393272 -17.490722467393272 -17.490722467393272
9.045226130653266 -17.49055875634924 -17.49055875634924 -17.49055875634924 -17.49055875634924 -17.49055875634924 -17.49055875634924 -17.49055875634924 -17.49055875634924 -17.49055875634924 -17.49055875634924 -17.49055875634924 -17.49055875634924 -17.49055875634924
9.120603015075377 -17.490395045305213 -17.490395045305213 -17.490395045305213 -17.490395045305213 -17.490395045305213 -17.490395045305213 -17.490395045305213 -17.490395045305213 -17.490395045305213 -17.490395045305213 -17.490395045305213 -17.490395045305213 -17.490395045305213
9.195979899497488 -17.490231334261185 -17.490231334261185 -17.490231334261185 -17.490231334261185 -17.490231334261185 -17.490231334261185 -17.490231334261185 -17.490231334261185 -17.490231334261185 -17.490231334261185 -17.490231334261185 -17.490231334261185 -17.490231334261185
9.271356783919597 -17.490067623217158 -17.490067623217158 -17.490067623217158 -17.490067623217158 -17.490067623217158 -17.490067623217158 -17.490067623217158 -17.490067623217158 -17.490067623217158 -17.490067623217158 -17.490067623217158 -17.490067623217158 -17.490067623217158
9.346733668341708 -17.48990391217313 -17.48990391217313 -17.48990391217313 -17.48990391217313 -17.48990391217313 -17.48990391217313 -17.48990391217313 -17.48990391217313 -17.48990391217313 -17.48990391217313 -17.48990391217313 -17.48990391217313 -17.48990391217313
9.422110552763819 -17.489740201129102 -17.489740201129102 -17.489740201129102 -17.489740201129102 -17.489740201129102 -17.489740201129102 -17.489740201129102 -17.489740201129102 -17.489740201129102 -17.489740201129102 -17.489740201129102 -17.489740201129102 -17.489740201129102
9.497487437185928 -17.48957649008507 -17.48957649008507 -17.48957649008507 -17.48957649008507 -17.48957649008507 -17.48957649008507 -17.48957649008507 -17.48957649008507 -17.48957649008507 -17.48957649008507 -17.48957649008507 -17.48957649008507 -17.48957649008507
9.572864321608039 -17.489412779041043 -17.489412779041043 -17.489412779041043 -17.489412779041043 -17.489412779041043 -17.489412779041043 -17.489412779041043 -17.489412779041043 -17.489412779041043 -17.489412779041043 -17.489412779041043 -17.489412779041043 -17.489412779041043
9.64824120603015 -17.489249067997015 -17.489249067997015 -17.489249067997015 -17.489249067997015 -17.489249067997015 -17.489249067997015 -17.489249067997015 -17.489249067997015 -17.489249067997015 -17.489249067997015 -17.489249067997015 -17.489249067997015 -17.489249067997015
9.72361809045226 -17.489085356952987 -17.489085356952987 -17.489085356952987 -17.489085356952987 -17.489085356952987 -17.489085356952987 -17.489085356952987 -17.489085356952987 -17.489085356952987 -17.489085356952987 -17.489085356952987 -17.489085356952987 -17.489085356952987
9.798994974874372 -17.48892164590896 -17.48892164590896 -17.48892164590896 -17.48892164590896 -17.48892164590896 -17.48892164590896 -17.48892164590896 -17.48892164590896 -17.48892164590896 -17.48892164590896 -17.48892164590896 -17.48892164590896 -17.48892164590896
9.874371859296481 -17.488757934864932 -17.488757934864932 -17.488757934864932 -17.488757934864932 -17.488757934864932 -17.488757934864932 -17.488757934864932 -17.488757934864932 -17.488757934864932 -17.488757934864932 -17.488757934864932 -17.488757934864932 -17.488757934864932
9.949748743718592 -17.4885942238209 -17.4885942238209 -17.4885942238209 -17.4885942238209 -17.4885942238209 -17.4885942238209 -17.4885942238209 -17.4885942238209 -17.4885942238209 -17.4885942238209 -17.4885942238209 -17.4885942238209 -17.4885942238209
10.025125628140703 -17.488430512776873 -17.488430512776873 -17.488430512776873 -17.488430512776873 -17.488430512776873 -17.488430512776873 -17.488430512776873 -17.488430512776873 -17.488430512776873 -17.488430512776873 -17.488430512776873 -17.488430512776873 -17.488430512776873
10.100502512562812 -17.488266801732845 -17.488266801732845 -17.488266801732845 -17.488266801732845 -17.488266801732845 -17.488266801732845 -17.488266801732845 -17.488266801732845 -17.488266801732845 -17.488266801732845 -17.488266801732845 -17.488266801732845 -17.488266801732845
10.175879396984923 -17.488103090688817 -17.488103090688817 -17.488103090688817 -17.488103090688817 -17.488103090688817 -17.488103090688817 -17.488103090688817 -17.488103090688817 -17.488103090688817 -17.488103090688817 -17.488103090688817 -17.488103090688817 -17.488103090688817
10.251256281407034 -17.48793937964479 -17.48793937964479 -17.48793937964479 -17.48793937964479 -17.48793937964479 -17.48793937964479 -17.48793937964479 -17.48793937964479 -17.48793937964479 -17.48793937964479 -17.48793937964479 -17.48793937964479 -17.48793937964479
10.326633165829145 -17.487775668600758 -17.487775668600758 -17.487775668600758 -17.487775668600758 -17.487775668600758 -17.487775668600758 -17.487775668600758 -17.487775668600758 -17.487775668600758 -17.487775668600758 -17.487775668600758 -17.487775668600758 -17.487775668600758
10.402010050251256 -17.48761195755673 -17.48761195755673 -17.48761195755673 -17.48761195755673 -17.48761195755673 -17.48761195755673 -17.48761195755673 -17.48761195755673 -17.48761195755673 -17.48761195755673 -17.48761195755673 -17.48761195755673 -17.48761195755673
10.477386934673365 -17.487448246512702 -17.487448246512702 -17.487448246512702 -17.487448246512702 -17.487448246512702 -17.487448246512702 -17.487448246512702 -17.487448246512702 -17.487448246512702 -17.487448246512702 -17.487448246512702 -17.487448246512702 -17.487448246512702
10.552763819095476 -17.487284535468675 -17.487284535468675 -17.487284535468675 -17.487284535468675 -17.487284535468675 -17.487284535468675 -17.487284535468675 -17.487284535468675 -17.487284535468675 -17.487284535468675 -17.487284535468675 -17.487284535468675 -17.487284535468675
10.628140703517587 -17.487120824424647 -17.487120824424647 -17.487120824424647 -17.487120824424647 -17.487120824424647 -17.487120824424647 -17.487120824424647 -17.487120824424647 -17.487120824424647 -17.487120824424647 -17.487120824424647 -17.487120824424647 -17.487120824424647
10.703517587939697 -17.48695711338062 -17.48695711338062 -17.48695711338062 -17.48695711338062 -17.48695711338062 -17.48695711338062 -17.48695711338062 -17.48695711338062 -17.48695711338062 -17.48695711338062 -17.48695711338062 -17.48695711338062 -17.48695711338062
10.778894472361808 -17.486793402336588 -17.486793402336588 -17.486793402336588 -17.486793402336588 -17.486793402336588 -17.486793402336588 -17.486793402336588 -17.486793402336588 -17.486793402336588 -17.486793402336588 -17.486793402336588 -17.486793402336588 -17.486793402336588
10.854271356783919 -17.48662969129256 -17.48662969129256 -17.48662969129256 -17.48662969129256 -17.48662969129256 -17.48662969129256 -17.48662969129256 -17.48662969129256 -17.48662969129256 -17.48662969129256 -17.48662969129256 -17.48662969129256 -17.48662969129256
10.92964824120603 -17.486465980248532 -17.486465980248532 -17.486465980248532 -17.486465980248532 -17.486465980248532 -17.486465980248532 -17.486465980248532 -17.486465980248532 -17.486465980248532 -17.486465980248532 -17.486465980248532 -17.486465980248532 -17.486465980248532
11.00502512562814 -17.486302269204504 -17.486302269204504 -17.486302269204504 -17.486302269204504 -17.486302269204504 -17.486302269204504 -17.486302269204504 -17.486302269204504 -17.486302269204504 -17.486302269204504 -17.486302269204504 -17.486302269204504 -17.486302269204504
11.08040201005025 -17.486138558160476 -17.486138558160476 -17.486138558160476 -17.486138558160476 -17.486138558160476 -17.486138558160476 -17.486138558160476 -17.486138558160476 -17.486138558160476 -17.486138558160476 -17.486138558160476 -17.486138558160476 -17.486138558160476
11.15577889447236 -17.485974847116445 -17.485974847116445 -17.485974847116445 -17.485974847116445 -17.485974847116445 -17.485974847116445 -17.485974847116445 -17.485974847116445 -17.485974847116445 -17.485974847116445 -17.485974847116445 -17.485974847116445 -17.485974847116445
11.231155778894472 -17.485811136072417 -17.485811136072417 -17.485811136072417 -17.485811136072417 -17.485811136072417 -17.485811136072417 -17.485811136072417 -17.485811136072417 -17.485811136072417 -17.485811136072417 -17.485811136072417 -17.485811136072417 -17.485811136072417
11.306532663316581 -17.48564742502839 -17.48564742502839 -17.48564742502839 -17.48564742502839 -17.48564742502839 -17.48564742502839 -17.48564742502839 -17.48564742502839 -17.48564742502839 -17.48564742502839 -17.48564742502839 -17.48564742502839 -17.48564742502839
11.381909547738692 -17.48548371398436 -17.48548371398436 -17.48548371398436 -17.48548371398436 -17.48548371398436 -17.48548371398436 -17.48548371398436 -17.48548371398436 -17.48548371398436 -17.48548371398436 -17.48548371398436 -17.48548371398436 -17.48548371398436
11.457286432160803 -17.485320002940334 -17.485320002940334 -17.485320002940334 -17.485320002940334 -17.485320002940334 -17.485320002940334 -17.485320002940334 -17.485320002940334 -17.485320002940334 -17.485320002940334 -17.485320002940334 -17.485320002940334 -17.485320002940334
11.532663316582914 -17.485156291896306 -17.485156291896306 -17.485156291896306 -17.485156291896306 -17.485156291896306 -17.485156291896306 -17.485156291896306 -17.485156291896306 -17.485156291896306 -17.485156291896306 -17.485156291896306 -17.485156291896306 -17.485156291896306
11.608040201005025 -17.484992580852275 -17.484992580852275 -17.484992580852275 -17.484992580852275 -17.484992580852275 -17.484992580852275 -17.484992580852275 -17.484992580852275 -17.484992580852275 -17.484992580852275 -17.484992580852275 -17.484992580852275 -17.484992580852275
11.683417085427134 -17.484828869808247 -17.484828869808247 -17.484828869808247 -17.484828869808247 -17.484828869808247 -17.484828869808247 -17.484828869808247 -17.484828869808247 -17.484828869808247 -17.484828869808247 -17.484828869808247 -17.484828869808247 -17.484828869808247
11.758793969849245 -17.48466515876422 -17.48466515876422 -17.48466515876422 -17.48466515876422 -17.48466515876422 -17.48466515876422 -17.48466515876422 -17.48466515876422 -17.48466515876422 -17.48466515876422 -17.48466515876422 -17.48466515876422 -17.48466515876422
11.834170854271356 -17.48450144772019 -17.48450144772019 -17.48450144772019 -17.48450144772019 -17.48450144772019 -17.48450144772019 -17.48450144772019 -17.48450144772019 -17.48450144772019 -17.48450144772019 -17.48450144772019 -17.48450144772019 -17.48450144772019
11.909547738693465 -17.484337736676164 -17.484337736676164 -17.484337736676164 -17.484337736676164 -17.484337736676164 -17.484337736676164 -17.484337736676164 -17.484337736676164 -17.484337736676164 -17.484337736676164 -17.484337736676164 -17.484337736676164 -17.484337736676164
11.984924623115576 -17.484174025632132 -17.484174025632132 -17.484174025632132 -17.484174025632132 -17.484174025632132 -17.484174025632132 -17.484174025632132 -17.484174025632132 -17.484174025632132 -17.484174025632132 -17.484174025632132 -17.484174025632132 -17.484174025632132
12.060301507537687 -17.484010314588105 -17.484010314588105 -17.484010314588105 -17.484010314588105 -17.484010314588105 -17.484010314588105 -17.484010314588105 -17.484010314588105 -17.484010314588105 -17.484010314588105 -17.484010314588105 -17.484010314588105 -17.484010314588105
12.135678391959798 -17.483846603544077 -17.483846603544077 -17.483846603544077 -17.483846603544077 -17.483846603544077 -17.483846603544077 -17.483846603544077 -17.483846603544077 -17.483846603544077 -17.483846603544077 -17.483846603544077 -17.483846603544077 -17.483846603544077
12.21105527638191 -17.48368289250005 -17.48368289250005 -17.48368289250005 -17.48368289250005 -17.48368289250005 -17.48368289250005 -17.48368289250005 -17.48368289250005 -17.48368289250005 -17.48368289250005 -17.48368289250005 -17.48368289250005 -17.48368289250005
12.286432160804019 -17.48351918145602 -17.48351918145602 -17.48351918145602 -17.48351918145602 -17.48351918145602 -17.48351918145602 -17.48351918145602 -17.48351918145602 -17.48351918145602 -17.48351918145602 -17.48351918145602 -17.48351918145602 -17.48351918145602
12.36180904522613 -17.483355470411993 -17.483355470411993 -17.483355470411993 -17.483355470411993 -17.483355470411993 -17.483355470411993 -17.483355470411993 -17.483355470411993 -17.483355470411993 -17.483355470411993 -17.483355470411993 -17.483355470411993 -17.483355470411993
12.43718592964824 -17.483191759367962 -17.483191759367962 -17.483191759367962 -17.483191759367962 -17.483191759367962 -17.483191759367962 -17.483191759367962 -17.483191759367962 -17.483191759367962 -17.483191759367962 -17.483191759367962 -17.483191759367962 -17.483191759367962
12.51256281407035 -17.483028048323934 -17.483028048323934 -17.483028048323934 -17.483028048323934 -17.483028048323934 -17.483028048323934 -17.483028048323934 -17.483028048323934 -17.483028048323934 -17.483028048323934 -17.483028048323934 -17.483028048323934 -17.483028048323934
12.58793969849246 -17.482864337279906 -17.482864337279906 -17.482864337279906 -17.482864337279906 -17.482864337279906 -17.482864337279906 -17.482864337279906 -17.482864337279906 -17.482864337279906 -17.482864337279906 -17.482864337279906 -17.482864337279906 -17.482864337279906
12.663316582914572 -17.48270062623588 -17.48270062623588 -17.48270062623588 -17.48270062623588 -17.48270062623588 -17.48270062623588 -17.48270062623588 -17.48270062623588 -17.48270062623588 -17.48270062623588 -17.48270062623588 -17.48270062623588 -17.48270062623588
12.738693467336683 -17.48253691519185 -17.48253691519185 -17.48253691519185 -17.48253691519185 -17.48253691519185 -17.48253691519185 -17.48253691519185 -17.48253691519185 -17.48253691519185 -17.48253691519185 -17.48253691519185 -17.48253691519185 -17.48253691519185
12.814070351758794 -17.482373204147823 -17.482373204147823 -17.482373204147823 -17.482373204147823 -17.482373204147823 -17.482373204147823 -17.482373204147823 -17.482373204147823 -17.482373204147823 -17.482373204147823 -17.482373204147823 -17.482373204147823 -17.482373204147823
12.889447236180903 -17.48220949310379 -17.48220949310379 -17.48220949310379 -17.48220949310379 -17.48220949310379 -17.48220949310379 -17.48220949310379 -17.48220949310379 -17.48220949310379 -17.48220949310379 -17.48220949310379 -17.48220949310379 -17.48220949310379
12.964824120603014 -17.482045782059764 -17.482045782059764 -17.482045782059764 -17.482045782059764 -17.482045782059764 -17.482045782059764 -17.482045782059764 -17.482045782059764 -17.482045782059764 -17.482045782059764 -17.482045782059764 -17.482045782059764 -17.482045782059764
13.040201005025125 -17.481882071015736 -17.481882071015736 -17.481882071015736 -17.481882071015736 -17.481882071015736 -17.481882071015736 -17.481882071015736 -17.481882071015736 -17.481882071015736 -17.481882071015736 -17.481882071015736 -17.481882071015736 -17.481882071015736
13.115577889447234 -17.48171835997171 -17.48171835997171 -17.48171835997171 -17.48171835997171 -17.48171835997171 -17.48171835997171 -17.48171835997171 -17.48171835997171 -17.48171835997171 -17.48171835997171 -17.48171835997171 -17.48171835997171 -17.48171835997171
