web/models/grb/offaxis/8/grb_0.2967_0.1000_0.0251189.dat
# %ECSV 1.0
# ---
# datatype:
# - {name: time, datatype: float64}
# - {name: swift_uvot_uvw2, datatype: float64}
# - {name: swift_uvot_uvm2, datatype: float64}
# - {name: swift_uvot_uvw1, datatype: float64}
# - {name: swift_uvot_U, datatype: float64}
# - {name: swift_uvot_B, datatype: float64}
# - {name: swift_uvot_V, datatype: float64}
# - {name: swift_uvot_W, datatype: float64}
# - {name: johnson_U, datatype: float64}
# - {name: johnson_B, datatype: float64}
# - {name: johnson_V, datatype: float64}
# - {name: johnson_R, datatype: float64}
# - {name: johnson_I, datatype: float64}
# - {name: sdss_u, datatype: float64}
# - {name: sdss_g, datatype: float64}
# - {name: sdss_r, datatype: float64}
# - {name: sdss_i, datatype: float64}
# - {name: sdss_z, datatype: float64}
# - {name: PS1_g, datatype: float64}
# - {name: PS1_r, datatype: float64}
# - {name: PS1_i, datatype: float64}
# - {name: PS1_z, datatype: float64}
# - {name: PS1_Y, datatype: float64}
# - {name: PS1_w, datatype: float64}
# - {name: ATLAS_c, datatype: float64}
# - {name: ATLAS_o, datatype: float64}
# - {name: ukirt_J, datatype: float64}
# - {name: ukirt_H, datatype: float64}
# - {name: ukirt_K, datatype: float64}
# - {name: Clear, datatype: float64}
# meta: !!omap
# - comment: [E = 4.339649880409358e-05, Eta0 = 8.02, GammaB = 12.0, dL = 0.012188, epsb = 6.760829753919819e-06, epse = 0.1, n = 0.025118864315095822,
#     p = 2.15, theta_obs = 0.29670597283903605, xiN = 1.0, z = 0.0, type = grb, E_kiso = 0.1]
# schema: astropy-2.0
time swift_uvot_uvw2 swift_uvot_uvm2 swift_uvot_uvw1 swift_uvot_U swift_uvot_B swift_uvot_V swift_uvot_W johnson_U johnson_B johnson_V johnson_R johnson_I sdss_u sdss_g sdss_r sdss_i sdss_z PS1_g PS1_r PS1_i PS1_z PS1_Y PS1_w ATLAS_c ATLAS_o ukirt_J ukirt_H ukirt_K Clear
0.01 6.449 6.498 6.423 6.23 6.088 5.949 6.309 6.208 6.085 5.944 5.803 5.654 6.213 6.04 5.868 5.748 5.637 5.977 5.834 5.714 5.615 5.447 5.871 5.966 5.813 5.425 5.256 5.065 5.78
0.0102 6.411 6.46 6.386 6.193 6.05 5.911 6.272 6.17 6.048 5.906 5.765 5.617 6.175 6.003 5.831 5.71 5.6 5.939 5.796 5.677 5.578 5.409 5.833 5.928 5.776 5.388 5.218 5.028 5.743
0.0105 6.373 6.423 6.348 6.155 6.013 5.874 6.234 6.133 6.01 5.868 5.728 5.579 6.138 5.965 5.793 5.673 5.562 5.901 5.759 5.639 5.54 5.372 5.796 5.891 5.738 5.35 5.181 4.99 5.705
0.0107 6.336 6.385 6.311 6.118 5.975 5.836 6.197 6.095 5.973 5.831 5.69 5.542 6.1 5.928 5.756 5.635 5.524 5.864 5.721 5.601 5.502 5.334 5.758 5.853 5.7 5.312 5.143 4.953 5.668
0.011 6.298 6.348 6.273 6.08 5.938 5.798 6.159 6.058 5.935 5.793 5.653 5.504 6.063 5.89 5.718 5.598 5.487 5.826 5.684 5.564 5.465 5.297 5.72 5.816 5.663 5.275 5.106 4.915 5.63
0.0113 6.261 6.31 6.235 6.042 5.9 5.761 6.122 6.02 5.898 5.756 5.615 5.467 6.025 5.853 5.681 5.56 5.449 5.789 5.646 5.526 5.427 5.259 5.683 5.778 5.625 5.237 5.068 4.878 5.593
0.0115 6.223 6.273 6.198 6.005 5.862 5.723 6.084 5.983 5.86 5.718 5.578 5.429 5.988 5.815 5.643 5.522 5.412 5.751 5.609 5.489 5.39 5.222 5.645 5.741 5.588 5.2 5.03 4.84 5.555
0.0118 6.186 6.235 6.16 5.967 5.825 5.686 6.047 5.945 5.823 5.681 5.54 5.392 5.95 5.777 5.606 5.485 5.374 5.714 5.571 5.451 5.352 5.184 5.608 5.703 5.55 5.162 4.993 4.803 5.518
0.0121 6.148 6.198 6.123 5.93 5.787 5.648 6.009 5.907 5.785 5.643 5.503 5.354 5.912 5.74 5.568 5.447 5.337 5.676 5.534 5.414 5.315 5.146 5.57 5.665 5.513 5.125 4.955 4.765 5.48
0.0124 6.111 6.16 6.085 5.892 5.75 5.611 5.972 5.87 5.747 5.606 5.465 5.317 5.875 5.702 5.53 5.41 5.299 5.639 5.496 5.376 5.277 5.109 5.533 5.628 5.475 5.087 4.918 4.727 5.442
0.0127 6.077 6.127 6.052 5.859 5.717 5.578 5.938 5.837 5.714 5.572 5.432 5.283 5.842 5.669 5.497 5.377 5.266 5.605 5.463 5.343 5.244 5.076 5.5 5.595 5.442 5.054 4.885 4.694 5.409
0.013 6.051 6.101 6.026 5.833 5.691 5.551 5.912 5.811 5.688 5.546 5.406 5.257 5.816 5.643 5.471 5.35 5.24 5.579 5.437 5.317 5.218 5.05 5.473 5.569 5.416 5.028 4.859 4.668 5.383
0.0133 6.025 6.075 6.0 5.807 5.664 5.525 5.886 5.784 5.662 5.52 5.38 5.231 5.79 5.617 5.445 5.324 5.214 5.553 5.411 5.291 5.192 5.024 5.447 5.543 5.39 5.002 4.832 4.642 5.357
0.0136 5.999 6.049 5.974 5.781 5.638 5.499 5.86 5.758 5.636 5.494 5.354 5.205 5.763 5.591 5.419 5.298 5.188 5.527 5.385 5.265 5.166 4.997 5.421 5.516 5.364 4.976 4.806 4.616 5.331
0.014 5.973 6.022 5.948 5.755 5.612 5.473 5.834 5.732 5.61 5.468 5.328 5.179 5.737 5.565 5.393 5.272 5.162 5.501 5.358 5.239 5.14 4.971 5.395 5.49 5.338 4.95 4.78 4.59 5.305
0.0143 5.947 5.996 5.922 5.729 5.586 5.447 5.808 5.706 5.584 5.442 5.301 5.153 5.711 5.539 5.367 5.246 5.135 5.475 5.332 5.212 5.113 4.945 5.369 5.464 5.311 4.923 4.754 4.564 5.279
0.0146 5.921 5.97 5.895 5.702 5.56 5.421 5.782 5.68 5.558 5.416 5.275 5.127 5.685 5.513 5.341 5.22 5.109 5.449 5.306 5.186 5.087 4.919 5.343 5.438 5.285 4.897 4.728 4.538 5.253
0.015 5.895 5.944 5.869 5.676 5.534 5.395 5.756 5.654 5.532 5.39 5.249 5.101 5.659 5.486 5.315 5.194 5.083 5.423 5.28 5.16 5.061 4.893 5.317 5.412 5.259 4.871 4.702 4.512 5.227
0.0154 5.869 5.918 5.843 5.65 5.508 5.369 5.73 5.628 5.505 5.364 5.223 5.075 5.633 5.46 5.288 5.168 5.057 5.397 5.254 5.134 5.035 4.867 5.291 5.386 5.233 4.845 4.676 4.486 5.201
0.0157 5.843 5.892 5.817 5.624 5.482 5.343 5.703 5.602 5.479 5.337 5.197 5.048 5.607 5.434 5.262 5.142 5.031 5.37 5.228 5.108 5.009 4.841 5.265 5.36 5.207 4.819 4.65 4.459 5.174
0.0161 5.817 5.866 5.792 5.599 5.456 5.317 5.678 5.576 5.454 5.312 5.171 5.023 5.581 5.409 5.237 5.116 5.005 5.345 5.202 5.083 4.983 4.815 5.239 5.334 5.181 4.794 4.624 4.434 5.149
0.0165 5.792 5.841 5.766 5.574 5.431 5.292 5.653 5.551 5.429 5.287 5.146 4.998 5.556 5.384 5.212 5.091 4.98 5.32 5.177 5.057 4.958 4.79 5.214 5.309 5.156 4.768 4.599 4.409 5.124
0.0169 5.767 5.816 5.741 5.548 5.406 5.267 5.628 5.526 5.404 5.262 5.121 4.973 5.531 5.359 5.187 5.066 4.955 5.295 5.152 5.032 4.933 4.765 5.189 5.284 5.131 4.743 4.574 4.384 5.099
0.0173 5.742 5.791 5.716 5.523 5.381 5.242 5.603 5.501 5.379 5.237 5.096 4.948 5.506 5.333 5.162 5.041 4.93 5.27 5.127 5.007 4.908 4.74 5.164 5.259 5.106 4.718 4.549 4.359 5.074
0.0177 5.717 5.766 5.691 5.498 5.356 5.217 5.578 5.476 5.353 5.212 5.071 4.923 5.481 5.308 5.136 5.016 4.905 5.245 5.102 4.982 4.883 4.715 5.139 5.234 5.081 4.693 4.524 4.334 5.049
0.0181 5.692 5.741 5.666 5.473 5.331 5.192 5.552 5.451 5.328 5.187 5.046 4.897 5.456 5.283 5.111 4.991 4.88 5.22 5.077 4.957 4.858 4.69 5.114 5.209 5.056 4.668 4.499 4.308 5.023
0.0186 5.666 5.716 5.641 5.448 5.306 5.167 5.527 5.426 5.303 5.161 5.021 4.872 5.431 5.258 5.086 4.966 4.855 5.194 5.052 4.932 4.833 4.665 5.089 5.184 5.031 4.643 4.474 4.283 4.998
0.019 5.641 5.691 5.616 5.423 5.281 5.141 5.502 5.401 5.278 5.136 4.996 4.847 5.406 5.233 5.061 4.941 4.83 5.169 5.027 4.907 4.808 4.64 5.064 5.159 5.006 4.618 4.449 4.258 4.973
0.0195 5.616 5.666 5.591 5.398 5.256 5.116 5.477 5.376 5.253 5.111 4.971 4.822 5.381 5.208 5.036 4.915 4.805 5.144 5.002 4.882 4.783 4.615 5.038 5.134 4.981 4.593 4.424 4.233 4.948
0.02 5.591 5.641 5.566 5.373 5.23 5.091 5.452 5.35 5.228 5.086 4.946 4.797 5.356 5.183 5.011 4.89 4.78 5.119 4.977 4.857 4.758 4.589 5.013 5.109 4.956 4.568 4.398 4.208 4.923
0.0204 5.566 5.616 5.541 5.348 5.205 5.066 5.427 5.326 5.203 5.061 4.921 4.772 5.331 5.158 4.986 4.865 4.755 5.094 4.952 4.832 4.733 4.565 4.988 5.084 4.931 4.543 4.373 4.183 4.898
0.0209 5.541 5.591 5.516 5.323 5.181 5.041 5.402 5.301 5.178 5.036 4.896 4.747 5.306 5.133 4.961 4.841 4.73 5.069 4.927 4.807 4.708 4.54 4.963 5.059 4.906 4.518 4.349 4.158 4.873
0.0214 5.516 5.566 5.491 5.298 5.156 5.017 5.377 5.276 5.153 5.011 4.871 4.722 5.281 5.108 4.936 4.816 4.705 5.044 4.902 4.782 4.683 4.515 4.939 5.034 4.881 4.493 4.324 4.133 4.848
0.022 5.492 5.541 5.466 5.273 5.131 4.992 5.352 5.251 5.128 4.986 4.846 4.697 5.256 5.083 4.911 4.791 4.68 5.019 4.877 4.757 4.658 4.49 4.914 5.009 4.856 4.468 4.299 4.108 4.823
0.0225 5.467 5.516 5.441 5.248 5.106 4.967 5.328 5.226 5.103 4.962 4.821 4.673 5.231 5.058 4.886 4.766 4.655 4.995 4.852 4.732 4.633 4.465 4.889 4.984 4.831 4.443 4.274 4.083 4.798
0.023 5.442 5.491 5.416 5.223 5.081 4.942 5.303 5.201 5.079 4.937 4.796 4.648 5.206 5.033 4.862 4.741 4.63 4.97 4.827 4.707 4.608 4.44 4.864 4.959 4.806 4.418 4.249 4.059 4.774
0.0236 5.417 5.466 5.391 5.198 5.056 4.917 5.278 5.176 5.054 4.912 4.771 4.623 5.181 5.008 4.837 4.716 4.605 4.945 4.802 4.682 4.583 4.415 4.839 4.934 4.781 4.393 4.224 4.034 4.749
0.0242 5.392 5.441 5.366 5.174 5.031 4.892 5.253 5.151 5.029 4.887 4.746 4.598 5.156 4.984 4.812 4.691 4.58 4.92 4.777 4.657 4.558 4.39 4.814 4.909 4.756 4.368 4.199 4.009 4.724
0.0247 5.367 5.416 5.342 5.149 5.006 4.867 5.228 5.126 5.004 4.862 4.721 4.573 5.131 4.959 4.787 4.666 4.555 4.895 4.752 4.633 4.533 4.365 4.789 4.884 4.731 4.344 4.174 3.984 4.699
0.0253 5.342 5.391 5.317 5.124 4.981 4.842 5.203 5.101 4.979 4.837 4.697 4.548 5.106 4.934 4.762 4.641 4.531 4.87 4.727 4.608 4.509 4.34 4.764 4.859 4.707 4.319 4.149 3.959 4.674
0.0259 5.321 5.37 5.295 5.103 4.96 4.821 5.182 5.08 4.958 4.816 4.675 4.527 5.085 4.913 4.741 4.62 4.509 4.849 4.706 4.586 4.487 4.319 4.743 4.838 4.685 4.297 4.128 3.938 4.653
0.0266 5.301 5.35 5.275 5.082 4.94 4.801 5.162 5.06 4.937 4.796 4.655 4.507 5.065 4.892 4.72 4.6 4.489 4.829 4.686 4.566 4.467 4.299 4.723 4.818 4.665 4.277 4.108 3.918 4.633
0.0272 5.28 5.33 5.255 5.062 4.92 4.78 5.141 5.04 4.917 4.775 4.635 4.486 5.045 4.872 4.7 4.58 4.469 4.808 4.666 4.546 4.447 4.279 4.702 4.798 4.645 4.257 4.088 3.897 4.612
0.0279 5.26 5.31 5.235 5.042 4.899 4.76 5.121 5.019 4.897 4.755 4.615 4.466 5.024 4.852 4.68 4.559 4.449 4.788 4.645 4.526 4.427 4.258 4.682 4.777 4.625 4.237 4.067 3.877 4.592
0.0285 5.24 5.289 5.214 5.021 4.879 4.74 5.101 4.999 4.877 4.735 4.594 4.446 5.004 4.832 4.66 4.539 4.428 4.768 4.625 4.505 4.406 4.238 4.662 4.757 4.604 4.216 4.047 3.857 4.572
0.0292 5.22 5.269 5.194 5.001 4.859 4.72 5.08 4.979 4.856 4.715 4.574 4.425 4.984 4.811 4.639 4.519 4.408 4.748 4.605 4.485 4.386 4.218 4.642 4.737 4.584 4.196 4.027 3.836 4.551
0.0299 5.199 5.249 5.174 4.981 4.839 4.699 5.06 4.959 4.836 4.694 4.554 4.405 4.964 4.791 4.619 4.498 4.388 4.727 4.585 4.465 4.366 4.198 4.621 4.717 4.564 4.176 4.007 3.816 4.531
0.0307 5.179 5.228 5.154 4.961 4.818 4.679 5.04 4.938 4.816 4.674 4.534 4.385 4.943 4.771 4.599 4.478 4.368 4.707 4.564 4.445 4.346 4.177 4.601 4.696 4.544 4.156 3.986 3.796 4.511
0.0314 5.159 5.208 5.133 4.94 4.798 4.659 5.02 4.918 4.796 4.654 4.513 4.365 4.923 4.75 4.579 4.458 4.347 4.687 4.544 4.424 4.325 4.157 4.581 4.676 4.523 4.135 3.966 3.776 4.491
0.0322 5.139 5.188 5.113 4.92 4.778 4.639 4.999 4.898 4.775 4.633 4.493 4.344 4.903 4.73 4.558 4.438 4.327 4.666 4.524 4.404 4.305 4.137 4.561 4.656 4.503 4.115 3.946 3.755 4.47
0.0329 5.122 5.172 5.097 4.904 4.762 4.623 4.983 4.882 4.759 4.617 4.477 4.328 4.887 4.714 4.542 4.422 4.311 4.65 4.508 4.388 4.289 4.121 4.545 4.64 4.487 4.099 3.93 3.739 4.454
0.0337 5.107 5.156 5.081 4.888 4.746 4.607 4.967 4.866 4.743 4.602 4.461 4.312 4.871 4.698 4.526 4.406 4.295 4.635 4.492 4.372 4.273 4.105 4.529 4.624 4.471 4.083 3.914 3.723 4.438
0.0345 5.091 5.14 5.065 4.872 4.73 4.591 4.952 4.85 4.728 4.586 4.445 4.297 4.855 4.682 4.511 4.39 4.279 4.619 4.476 4.356 4.257 4.089 4.513 4.608 4.455 4.067 3.898 3.708 4.423
0.0354 5.075 5.124 5.049 4.856 4.714 4.575 4.936 4.834 4.712 4.57 4.429 4.281 4.839 4.667 4.495 4.374 4.263 4.603 4.46 4.34 4.241 4.073 4.497 4.592 4.439 4.051 3.882 3.692 4.407
0.0362 5.059 5.108 5.034 4.841 4.698 4.559 4.92 4.818 4.696 4.554 4.413 4.265 4.823 4.651 4.479 4.358 4.247 4.587 4.444 4.324 4.225 4.057 4.481 4.576 4.423 4.035 3.866 3.676 4.391
0.0371 5.043 5.092 5.018 4.825 4.682 4.543 4.904 4.802 4.68 4.538 4.398 4.249 4.807 4.635 4.463 4.342 4.232 4.571 4.428 4.309 4.21 4.041 4.465 4.56 4.408 4.02 3.85 3.66 4.375
0.038 5.027 5.077 5.002 4.809 4.666 4.527 4.888 4.786 4.664 4.522 4.382 4.233 4.791 4.619 4.447 4.326 4.216 4.555 4.413 4.293 4.194 4.025 4.449 4.544 4.392 4.004 3.834 3.644 4.359
0.0389 5.011 5.061 4.986 4.793 4.651 4.511 4.872 4.771 4.648 4.506 4.366 4.217 4.776 4.603 4.431 4.31 4.2 4.539 4.397 4.277 4.178 4.01 4.433 4.529 4.376 3.988 3.819 3.628 4.343
0.0398 4.995 5.045 4.97 4.777 4.635 4.496 4.856 4.755 4.632 4.49 4.35 4.201 4.76 4.587 4.415 4.295 4.184 4.523 4.381 4.261 4.162 3.994 4.418 4.513 4.36 3.972 3.803 3.612 4.327
0.0408 4.98 5.029 4.954 4.761 4.619 4.48 4.841 4.739 4.617 4.475 4.334 4.186 4.744 4.571 4.4 4.279 4.168 4.508 4.365 4.245 4.146 3.978 4.402 4.497 4.344 3.956 3.787 3.597 4.312
0.0418 4.965 5.015 4.94 4.747 4.605 4.465 4.826 4.725 4.602 4.46 4.32 4.171 4.73 4.557 4.385 4.265 4.154 4.493 4.351 4.231 4.132 3.964 4.387 4.483 4.33 3.942 3.773 3.582 4.297
0.0428 4.951 5.0 4.926 4.733 4.59 4.451 4.812 4.71 4.588 4.446 4.305 4.157 4.715 4.543 4.371 4.25 4.14 4.479 4.336 4.217 4.118 3.949 4.373 4.468 4.316 3.928 3.758 3.568 4.283
0.0438 4.937 4.986 4.911 4.718 4.576 4.437 4.798 4.696 4.573 4.432 4.291 4.143 4.701 4.528 4.357 4.236 4.125 4.465 4.322 4.202 4.103 3.935 4.359 4.454 4.301 3.913 3.744 3.554 4.269
0.0449 4.922 4.972 4.897 4.704 4.562 4.422 4.783 4.682 4.559 4.417 4.277 4.128 4.687 4.514 4.342 4.221 4.111 4.45 4.308 4.188 4.089 3.921 4.344 4.44 4.287 3.899 3.73 3.539 4.254
0.046 4.908 4.957 4.883 4.69 4.547 4.408 4.769 4.667 4.545 4.403 4.262 4.114 4.672 4.5 4.328 4.207 4.097 4.436 4.293 4.174 4.075 3.906 4.33 4.425 4.273 3.885 3.715 3.525 4.24
0.0471 4.894 4.943 4.868 4.675 4.533 4.394 4.755 4.653 4.53 4.389 4.248 4.1 4.658 4.485 4.314 4.193 4.082 4.422 4.279 4.159 4.06 3.892 4.316 4.411 4.258 3.87 3.701 3.511 4.226
0.0482 4.879 4.929 4.854 4.661 4.519 4.379 4.74 4.639 4.516 4.374 4.234 4.085 4.644 4.471 4.299 4.178 4.068 4.407 4.265 4.145 4.046 3.878 4.301 4.397 4.244 3.856 3.687 3.496 4.211
0.0494 4.865 4.914 4.84 4.647 4.504 4.365 4.726 4.624 4.502 4.36 4.219 4.071 4.629 4.457 4.285 4.164 4.053 4.393 4.25 4.131 4.032 3.863 4.287 4.382 4.229 3.842 3.672 3.482 4.197
0.0506 4.851 4.9 4.825 4.632 4.49 4.351 4.712 4.61 4.487 4.346 4.205 4.057 4.615 4.442 4.27 4.15 4.039 4.379 4.236 4.116 4.017 3.849 4.273 4.368 4.215 3.827 3.658 3.468 4.183
0.0518 4.837 4.886 4.812 4.619 4.476 4.337 4.698 4.596 4.474 4.332 4.191 4.043 4.601 4.429 4.257 4.136 4.025 4.365 4.222 4.102 4.003 3.835 4.259 4.354 4.201 3.813 3.644 3.454 4.169
0.053 4.825 4.875 4.8 4.607 4.464 4.325 4.686 4.584 4.462 4.32 4.18 4.031 4.589 4.417 4.245 4.124 4.014 4.353 4.211 4.091 3.992 3.823 4.247 4.342 4.19 3.802 3.632 3.442 4.157
0.0543 4.813 4.863 4.788 4.595 4.453 4.314 4.674 4.573 4.45 4.308 4.168 4.019 4.578 4.405 4.233 4.113 4.002 4.341 4.199 4.079 3.98 3.812 4.236 4.331 4.178 3.79 3.621 3.43 4.145
0.0556 4.802 4.851 4.776 4.583 4.441 4.302 4.663 4.561 4.439 4.297 4.156 4.008 4.566 4.393 4.222 4.101 3.99 4.33 4.187 4.067 3.968 3.8 4.224 4.319 4.166 3.778 3.609 3.419 4.134
0.057 4.79 4.839 4.765 4.572 4.429 4.29 4.651 4.549 4.427 4.285 4.144 3.996 4.554 4.382 4.21 4.089 3.978 4.318 4.175 4.056 3.957 3.788 4.212 4.307 4.154 3.767 3.597 3.407 4.122
0.0584 4.778 4.828 4.753 4.56 4.417 4.278 4.639 4.537 4.415 4.273 4.133 3.984 4.543 4.37 4.198 4.077 3.967 4.306 4.164 4.044 3.945 3.777 4.2 4.296 4.143 3.755 3.585 3.395 4.11
0.0598 4.767 4.816 4.741 4.548 4.406 4.267 4.627 4.526 4.403 4.261 4.121 3.972 4.531 4.358 4.186 4.066 3.955 4.294 4.152 4.032 3.933 3.765 4.189 4.284 4.131 3.743 3.574 3.383 4.098
0.0612 4.755 4.804 4.729 4.536 4.394 4.255 4.616 4.514 4.392 4.25 4.109 3.961 4.519 4.346 4.175 4.054 3.943 4.283 4.14 4.02 3.921 3.753 4.177 4.272 4.119 3.731 3.562 3.372 4.087
0.0627 4.743 4.792 4.718 4.525 4.382 4.243 4.604 4.502 4.38 4.238 4.098 3.949 4.507 4.335 4.163 4.042 3.932 4.271 4.128 4.009 3.91 3.741 4.165 4.26 4.108 3.72 3.55 3.36 4.075
0.0642 4.731 4.781 4.706 4.513 4.371 4.231 4.592 4.491 4.368 4.226 4.086 3.937 4.496 4.323 4.151 4.03 3.92 4.259 4.117 3.997 3.898 3.73 4.153 4.249 4.096 3.708 3.539 3.348 4.063
0.0657 4.719 4.768 4.694 4.501 4.358 4.219 4.58 4.478 4.356 4.214 4.074 3.925 4.483 4.311 4.139 4.018 3.908 4.247 4.104 3.985 3.886 3.717 4.141 4.236 4.084 3.696 3.526 3.336 4.051
0.0673 4.706 4.755 4.681 4.488 4.345 4.206 4.567 4.465 4.343 4.201 4.06 3.912 4.47 4.298 4.126 4.005 3.895 4.234 4.091 3.972 3.873 3.704 4.128 4.223 4.071 3.683 3.513 3.323 4.038
0.0689 4.693 4.742 4.668 4.475 4.332 4.193 4.554 4.452 4.33 4.188 4.047 3.899 4.457 4.285 4.113 3.992 3.881 4.221 4.078 3.958 3.859 3.691 4.115 4.21 4.057 3.669 3.5 3.31 4.025
0.0706 4.68 4.729 4.654 4.461 4.319 4.18 4.541 4.439 4.317 4.175 4.034 3.886 4.444 4.272 4.1 3.979 3.868 4.208 4.065 3.945 3.846 3.678 4.102 4.197 4.044 3.656 3.487 3.297 4.012
0.0723 4.667 4.716 4.641 4.448 4.306 4.167 4.528 4.426 4.304 4.162 4.021 3.873 4.431 4.258 4.087 3.966 3.855 4.195 4.052 3.932 3.833 3.665 4.089 4.184 4.031 3.643 3.474 3.284 3.999
0.0741 4.654 4.703 4.628 4.435 4.293 4.154 4.515 4.413 4.291 4.149 4.008 3.86 4.418 4.245 4.074 3.953 3.842 4.182 4.039 3.919 3.82 3.652 4.076 4.171 4.018 3.63 3.461 3.271 3.986
0.0758 4.641 4.69 4.615 4.422 4.28 4.141 4.502 4.4 4.277 4.136 3.995 3.847 4.405 4.232 4.061 3.94 3.829 4.169 4.026 3.906 3.807 3.639 4.063 4.158 4.005 3.617 3.448 3.258 3.973
0.0777 4.628 4.677 4.602 4.409 4.267 4.128 4.488 4.387 4.264 4.123 3.982 3.833 4.392 4.219 4.047 3.927 3.816 4.156 4.013 3.893 3.794 3.626 4.05 4.145 3.992 3.604 3.435 3.244 3.959
0.0795 4.615 4.664 4.589 4.396 4.254 4.115 4.475 4.374 4.251 4.109 3.969 3.82 4.379 4.206 4.034 3.914 3.803 4.142 4.0 3.88 3.781 3.613 4.037 4.132 3.979 3.591 3.422 3.231 3.946
0.0815 4.601 4.651 4.576 4.383 4.241 4.102 4.462 4.361 4.238 4.096 3.956 3.807 4.366 4.193 4.021 3.901 3.79 4.129 3.987 3.867 3.768 3.6 4.024 4.119 3.966 3.578 3.409 3.218 3.933
