web/models/grb/offaxis/8/grb_0.2967_0.3728_0.0000251.dat
# %ECSV 1.0
# ---
# datatype:
# - {name: time, datatype: float64}
# - {name: swift_uvot_uvw2, datatype: float64}
# - {name: swift_uvot_uvm2, datatype: float64}
# - {name: swift_uvot_uvw1, datatype: float64}
# - {name: swift_uvot_U, datatype: float64}
# - {name: swift_uvot_B, datatype: float64}
# - {name: swift_uvot_V, datatype: float64}
# - {name: swift_uvot_W, datatype: float64}
# - {name: johnson_U, datatype: float64}
# - {name: johnson_B, datatype: float64}
# - {name: johnson_V, datatype: float64}
# - {name: johnson_R, datatype: float64}
# - {name: johnson_I, datatype: float64}
# - {name: sdss_u, datatype: float64}
# - {name: sdss_g, datatype: float64}
# - {name: sdss_r, datatype: float64}
# - {name: sdss_i, datatype: float64}
# - {name: sdss_z, datatype: float64}
# - {name: PS1_g, datatype: float64}
# - {name: PS1_r, datatype: float64}
# - {name: PS1_i, datatype: float64}
# - {name: PS1_z, datatype: float64}
# - {name: PS1_Y, datatype: float64}
# - {name: ukirt_J, datatype: float64}
# - {name: ukirt_H, datatype: float64}
# - {name: ukirt_K, datatype: float64}
# meta: !!omap
# - comment: [E = 0.000161764516425794, Eta0 = 8.02, GammaB = 12.0, dL = 0.012188, epsb = 6.760829753919819e-06, epse = 0.1, n = 2.5118864315095822e-05,
#     p = 2.15, theta_obs = 0.29670597283903605, xiN = 1.0, z = 0.0, type = grb, E_kiso = 0.372759372031494]
# schema: astropy-2.0
time swift_uvot_uvw2 swift_uvot_uvm2 swift_uvot_uvw1 swift_uvot_U swift_uvot_B swift_uvot_V swift_uvot_W johnson_U johnson_B johnson_V johnson_R johnson_I sdss_u sdss_g sdss_r sdss_i sdss_z PS1_g PS1_r PS1_i PS1_z PS1_Y ukirt_J ukirt_H ukirt_K
[from data line 190]
0.9266 9.244 9.294 9.219 9.026 8.883 8.744 9.105 9.003 8.881 8.739 8.599 8.45 9.008 8.836 8.664 8.543 8.433 8.772 8.63 8.51 8.411 8.242 8.221 8.051 7.861
0.949 9.232 9.282 9.207 9.014 8.872 8.733 9.093 8.992 8.869 8.727 8.587 8.438 8.997 8.824 8.652 8.532 8.421 8.76 8.618 8.498 8.399 8.231 8.209 8.04 7.849
0.9719 9.221 9.27 9.195 9.002 8.86 8.721 9.082 8.98 8.858 8.716 8.575 8.427 8.985 8.812 8.641 8.52 8.409 8.749 8.606 8.486 8.387 8.219 8.197 8.028 7.838
0.9953 9.209 9.258 9.184 8.991 8.848 8.709 9.07 8.968 8.846 8.704 8.563 8.415 8.973 8.801 8.629 8.508 8.397 8.737 8.594 8.475 8.375 8.207 8.186 8.016 7.826
1.0194 9.197 9.246 9.171 8.978 8.836 8.697 9.058 8.956 8.834 8.692 8.551 8.403 8.961 8.788 8.617 8.496 8.385 8.725 8.582 8.462 8.363 8.195 8.173 8.004 7.814
1.0439 9.184 9.233 9.158 8.965 8.823 8.684 9.045 8.943 8.82 8.679 8.538 8.39 8.948 8.775 8.603 8.483 8.372 8.712 8.569 8.449 8.35 8.182 8.16 7.991 7.801
1.0691 9.171 9.22 9.145 8.952 8.81 8.671 9.031 8.93 8.807 8.666 8.525 8.376 8.935 8.762 8.59 8.47 8.359 8.699 8.556 8.436 8.337 8.169 8.147 7.978 7.787
1.0949 9.157 9.207 9.132 8.939 8.797 8.658 9.018 8.917 8.794 8.652 8.512 8.363 8.922 8.749 8.577 8.457 8.346 8.685 8.543 8.423 8.324 8.156 8.134 7.965 7.774
1.1213 9.144 9.194 9.119 8.926 8.784 8.645 9.005 8.904 8.781 8.639 8.499 8.35 8.909 8.736 8.564 8.444 8.333 8.672 8.53 8.41 8.311 8.143 8.121 7.952 7.761
1.1484 9.131 9.181 9.106 8.913 8.771 8.631 8.992 8.891 8.768 8.626 8.486 8.337 8.896 8.723 8.551 8.431 8.32 8.659 8.517 8.397 8.298 8.13 8.108 7.939 7.748
1.1761 9.118 9.168 9.093 8.9 8.758 8.618 8.979 8.878 8.755 8.613 8.473 8.324 8.883 8.71 8.538 8.417 8.307 8.646 8.504 8.384 8.285 8.117 8.095 7.926 7.735
1.2044 9.105 9.155 9.08 8.887 8.744 8.605 8.966 8.864 8.742 8.6 8.46 8.311 8.87 8.697 8.525 8.404 8.294 8.633 8.491 8.371 8.272 8.103 8.082 7.912 7.722
1.2335 9.092 9.142 9.067 8.874 8.731 8.592 8.953 8.851 8.729 8.587 8.447 8.298 8.856 8.684 8.512 8.391 8.281 8.62 8.478 8.358 8.259 8.09 8.069 7.899 7.709
1.2633 9.079 9.129 9.054 8.861 8.718 8.579 8.94 8.838 8.716 8.574 8.434 8.285 8.843 8.671 8.499 8.378 8.268 8.607 8.464 8.345 8.246 8.077 8.056 7.886 7.696
1.2937 9.064 9.114 9.039 8.846 8.703 8.564 8.925 8.823 8.701 8.559 8.419 8.27 8.828 8.656 8.484 8.363 8.253 8.592 8.45 8.33 8.231 8.062 8.041 7.871 7.681
1.3249 9.048 9.097 9.022 8.829 8.687 8.548 8.908 8.807 8.684 8.542 8.402 8.253 8.812 8.639 8.467 8.347 8.236 8.575 8.433 8.313 8.214 8.046 8.024 7.855 7.664
1.3569 9.031 9.08 9.005 8.813 8.67 8.531 8.892 8.79 8.668 8.526 8.385 8.237 8.795 8.623 8.451 8.33 8.219 8.559 8.416 8.296 8.197 8.029 8.007 7.838 7.648
1.3896 9.014 9.064 8.989 8.796 8.654 8.514 8.875 8.774 8.651 8.509 8.369 8.22 8.779 8.606 8.434 8.313 8.203 8.542 8.4 8.28 8.181 8.013 7.991 7.822 7.631
1.4232 8.998 9.047 8.972 8.779 8.637 8.498 8.859 8.757 8.634 8.493 8.352 8.204 8.762 8.589 8.418 8.297 8.186 8.526 8.383 8.263 8.164 7.996 7.974 7.805 7.615
1.4575 8.981 9.03 8.956 8.763 8.62 8.481 8.842 8.74 8.618 8.476 8.336 8.187 8.745 8.573 8.401 8.28 8.17 8.509 8.366 8.247 8.148 7.979 7.958 7.788 7.598
1.4927 8.964 9.014 8.939 8.746 8.604 8.465 8.825 8.724 8.601 8.459 8.319 8.17 8.729 8.556 8.384 8.264 8.153 8.492 8.35 8.23 8.131 7.963 7.941 7.772 7.581
1.5287 8.948 8.997 8.922 8.729 8.587 8.448 8.809 8.707 8.585 8.443 8.302 8.154 8.712 8.54 8.368 8.247 8.136 8.476 8.333 8.213 8.114 7.946 7.924 7.755 7.565
1.5655 8.931 8.981 8.906 8.713 8.57 8.431 8.792 8.69 8.568 8.426 8.286 8.137 8.695 8.523 8.351 8.23 8.12 8.459 8.317 8.197 8.098 7.929 7.908 7.738 7.548
1.6033 8.915 8.964 8.889 8.696 8.554 8.415 8.775 8.674 8.551 8.41 8.269 8.12 8.679 8.506 8.334 8.214 8.103 8.443 8.3 8.18 8.081 7.913 7.891 7.722 7.531
1.642 8.9 8.95 8.875 8.682 8.539 8.4 8.761 8.659 8.537 8.395 8.255 8.106 8.664 8.492 8.32 8.199 8.089 8.428 8.286 8.166 8.067 7.898 7.877 7.707 7.517
1.6816 8.887 8.936 8.861 8.668 8.526 8.387 8.748 8.646 8.524 8.382 8.241 8.093 8.651 8.478 8.307 8.186 8.075 8.415 8.272 8.152 8.053 7.885 7.863 7.694 7.504
1.7222 8.873 8.923 8.848 8.655 8.513 8.373 8.734 8.633 8.51 8.368 8.228 8.079 8.638 8.465 8.293 8.173 8.062 8.401 8.259 8.139 8.04 7.872 7.85 7.681 7.49
1.7637 8.86 8.909 8.835 8.642 8.499 8.36 8.721 8.619 8.497 8.355 8.214 8.066 8.624 8.452 8.28 8.159 8.049 8.388 8.245 8.126 8.027 7.858 7.837 7.667 7.477
1.8062 8.847 8.896 8.821 8.628 8.486 8.347 8.708 8.606 8.483 8.342 8.201 8.053 8.611 8.438 8.266 8.146 8.035 8.375 8.232 8.112 8.013 7.845 7.823 7.654 7.464
1.8498 8.833 8.883 8.808 8.615 8.472 8.333 8.694 8.593 8.47 8.328 8.188 8.039 8.598 8.425 8.253 8.132 8.022 8.361 8.219 8.099 8.0 7.832 7.81 7.64 7.45
1.8944 8.82 8.869 8.794 8.602 8.459 8.32 8.681 8.579 8.457 8.315 8.174 8.026 8.584 8.412 8.24 8.119 8.008 8.348 8.205 8.085 7.986 7.818 7.796 7.627 7.437
1.9401 8.807 8.856 8.781 8.588 8.446 8.307 8.667 8.566 8.443 8.301 8.161 8.012 8.571 8.398 8.226 8.106 7.995 8.334 8.192 8.072 7.973 7.805 7.783 7.614 7.423
1.9869 8.793 8.843 8.768 8.575 8.432 8.293 8.654 8.552 8.43 8.288 8.148 7.999 8.557 8.385 8.213 8.092 7.982 8.321 8.179 8.059 7.96 7.791 7.77 7.6 7.41
2.0349 8.78 8.829 8.754 8.561 8.419 8.28 8.641 8.539 8.417 8.275 8.134 7.986 8.544 8.371 8.2 8.079 7.968 8.308 8.165 8.045 7.946 7.778 7.756 7.587 7.397
2.084 8.764 8.814 8.739 8.546 8.403 8.264 8.625 8.523 8.401 8.259 8.119 7.97 8.528 8.356 8.184 8.063 7.953 8.292 8.15 8.03 7.931 7.762 7.741 7.571 7.381
2.1342 8.748 8.798 8.723 8.53 8.387 8.248 8.609 8.507 8.385 8.243 8.103 7.954 8.512 8.34 8.168 8.047 7.937 8.276 8.133 8.014 7.915 7.746 7.725 7.555 7.365
2.1857 8.732 8.781 8.707 8.514 8.371 8.232 8.593 8.491 8.369 8.227 8.086 7.938 8.496 8.324 8.152 8.031 7.92 8.26 8.117 7.998 7.899 7.73 7.709 7.539 7.349
2.2384 8.716 8.765 8.69 8.498 8.355 8.216 8.577 8.475 8.353 8.211 8.07 7.922 8.48 8.308 8.136 8.015 7.904 8.244 8.101 7.981 7.882 7.714 7.692 7.523 7.333
2.2924 8.7 8.749 8.674 8.481 8.339 8.2 8.561 8.459 8.337 8.195 8.054 7.906 8.464 8.291 8.12 7.999 7.888 8.228 8.085 7.965 7.866 7.698 7.676 7.507 7.317
2.3477 8.684 8.733 8.658 8.465 8.323 8.184 8.545 8.443 8.321 8.179 8.038 7.89 8.448 8.275 8.104 7.983 7.872 8.212 8.069 7.949 7.85 7.682 7.66 7.491 7.301
2.4044 8.668 8.717 8.642 8.449 8.307 8.168 8.528 8.427 8.304 8.163 8.022 7.873 8.432 8.259 8.087 7.967 7.856 8.196 8.053 7.933 7.834 7.666 7.644 7.475 7.284
2.4624 8.651 8.701 8.626 8.433 8.291 8.152 8.512 8.411 8.288 8.146 8.006 7.857 8.416 8.243 8.071 7.951 7.84 8.179 8.037 7.917 7.818 7.65 7.628 7.459 7.268
2.5218 8.635 8.685 8.61 8.417 8.275 8.135 8.496 8.395 8.272 8.13 7.99 7.841 8.4 8.227 8.055 7.935 7.824 8.163 8.021 7.901 7.802 7.634 7.612 7.443 7.252
2.5826 8.619 8.669 8.594 8.401 8.259 8.119 8.48 8.379 8.256 8.114 7.974 7.825 8.384 8.211 8.039 7.918 7.808 8.147 8.005 7.885 7.786 7.618 7.596 7.427 7.236
2.6449 8.607 8.656 8.581 8.388 8.246 8.107 8.468 8.366 8.243 8.102 7.961 7.813 8.371 8.198 8.026 7.906 7.795 8.135 7.992 7.872 7.773 7.605 7.583 7.414 7.223
2.7087 8.594 8.644 8.569 8.376 8.233 8.094 8.455 8.353 8.231 8.089 7.949 7.8 8.358 8.186 8.014 7.893 7.783 8.122 7.979 7.86 7.761 7.592 7.571 7.401 7.211
2.7741 8.582 8.631 8.556 8.363 8.221 8.082 8.442 8.341 8.218 8.077 7.936 7.787 8.346 8.173 8.001 7.881 7.77 8.11 7.967 7.847 7.748 7.58 7.558 7.389 7.198
2.841 8.569 8.619 8.544 8.351 8.208 8.069 8.43 8.328 8.206 8.064 7.924 7.775 8.333 8.161 7.989 7.868 7.758 8.097 7.954 7.835 7.736 7.567 7.546 7.376 7.186
2.9095 8.557 8.606 8.531 8.338 8.196 8.057 8.417 8.316 8.193 8.051 7.911 7.762 8.321 8.148 7.976 7.856 7.745 8.084 7.942 7.822 7.723 7.555 7.533 7.364 7.173
2.9797 8.544 8.593 8.519 8.326 8.183 8.044 8.405 8.303 8.181 8.039 7.898 7.75 8.308 8.136 7.964 7.843 7.733 8.072 7.929 7.81 7.711 7.542 7.521 7.351 7.161
3.0516 8.532 8.581 8.506 8.313 8.171 8.032 8.392 8.291 8.168 8.026 7.886 7.737 8.296 8.123 7.951 7.831 7.72 8.059 7.917 7.797 7.698 7.53 7.508 7.339 7.148
3.1252 8.519 8.568 8.494 8.301 8.158 8.019 8.38 8.278 8.156 8.014 7.873 7.725 8.283 8.111 7.939 7.818 7.708 8.047 7.904 7.785 7.686 7.517 7.496 7.326 7.136
3.2006 8.506 8.556 8.481 8.288 8.146 8.007 8.367 8.266 8.143 8.001 7.861 7.712 8.271 8.098 7.926 7.806 7.695 8.034 7.892 7.772 7.673 7.505 7.483 7.314 7.123
3.2778 8.494 8.544 8.469 8.276 8.134 7.995 8.355 8.254 8.131 7.989 7.849 7.7 8.259 8.086 7.914 7.794 7.683 8.022 7.88 7.76 7.661 7.493 7.471 7.302 7.111
3.3569 8.487 8.537 8.462 8.269 8.127 7.987 8.348 8.247 8.124 7.982 7.842 7.693 8.252 8.079 7.907 7.786 7.676 8.015 7.873 7.753 7.654 7.486 7.464 7.295 7.104
3.4378 8.48 8.53 8.455 8.262 8.119 7.98 8.341 8.239 8.117 7.975 7.835 7.686 8.244 8.072 7.9 7.779 7.669 8.008 7.865 7.746 7.647 7.478 7.457 7.287 7.097
3.5208 8.473 8.522 8.447 8.254 8.112 7.973 8.334 8.232 8.11 7.968 7.827 7.679 8.237 8.065 7.893 7.772 7.661 8.001 7.858 7.738 7.639 7.471 7.449 7.28 7.09
3.6057 8.466 8.515 8.44 8.247 8.105 7.966 8.327 8.225 8.102 7.961 7.82 7.672 8.23 8.057 7.885 7.765 7.654 7.994 7.851 7.731 7.632 7.464 7.442 7.273 7.083
3.6927 8.458 8.508 8.433 8.24 8.098 7.959 8.319 8.218 8.095 7.953 7.813 7.664 8.223 8.05 7.878 7.758 7.647 7.986 7.844 7.724 7.625 7.457 7.435 7.266 7.075
3.7818 8.451 8.501 8.426 8.233 8.09 7.951 8.312 8.21 8.088 7.946 7.806 7.657 8.216 8.043 7.871 7.75 7.64 7.979 7.837 7.717 7.618 7.449 7.428 7.258 7.068
3.873 8.444 8.493 8.419 8.226 8.083 7.944 8.305 8.203 8.081 7.939 7.798 7.65 8.208 8.036 7.864 7.743 7.633 7.972 7.829 7.71 7.611 7.442 7.421 7.251 7.061
3.9664 8.437 8.486 8.411 8.218 8.076 7.937 8.298 8.196 8.074 7.932 7.791 7.643 8.201 8.028 7.857 7.736 7.625 7.965 7.822 7.702 7.603 7.435 7.413 7.244 7.054
4.0621 8.43 8.479 8.404 8.211 8.069 7.93 8.29 8.189 8.066 7.925 7.784 7.635 8.194 8.021 7.849 7.729 7.618 7.958 7.815 7.695 7.596 7.428 7.406 7.237 7.046
4.1601 8.421 8.471 8.396 8.203 8.06 7.921 8.282 8.18 8.058 7.916 7.776 7.627 8.185 8.013 7.841 7.72 7.61 7.949 7.807 7.687 7.588 7.419 7.398 7.228 7.038
4.2604 8.409 8.458 8.383 8.191 8.048 7.909 8.27 8.168 8.046 7.904 7.763 7.615 8.173 8.001 7.829 7.708 7.597 7.937 7.794 7.674 7.575 7.407 7.385 7.216 7.026
4.3632 8.397 8.446 8.371 8.178 8.036 7.897 8.258 8.156 8.033 7.892 7.751 7.603 8.161 7.988 7.816 7.696 7.585 7.925 7.782 7.662 7.563 7.395 7.373 7.204 7.014
4.4685 8.384 8.434 8.359 8.166 8.024 7.884 8.245 8.144 8.021 7.879 7.739 7.59 8.149 7.976 7.804 7.684 7.573 7.912 7.77 7.65 7.551 7.383 7.361 7.192 7.001
4.5763 8.372 8.422 8.347 8.154 8.011 7.872 8.233 8.131 8.009 7.867 7.727 7.578 8.136 7.964 7.792 7.671 7.561 7.9 7.758 7.638 7.539 7.37 7.349 7.179 6.989
4.6867 8.36 8.409 8.334 8.142 7.999 7.86 8.221 8.119 7.997 7.855 7.714 7.566 8.124 7.952 7.78 7.659 7.548 7.888 7.745 7.625 7.526 7.358 7.336 7.167 6.977
4.7997 8.348 8.397 8.322 8.129 7.987 7.848 8.209 8.107 7.984 7.843 7.702 7.554 8.112 7.939 7.768 7.647 7.536 7.876 7.733 7.613 7.514 7.346 7.324 7.155 6.965
4.9155 8.335 8.385 8.31 8.117 7.975 7.836 8.196 8.095 7.972 7.83 7.69 7.541 8.1 7.927 7.755 7.635 7.524 7.863 7.721 7.601 7.502 7.334 7.312 7.143 6.952
5.0341 8.323 8.373 8.298 8.105 7.962 7.823 8.184 8.082 7.96 7.818 7.678 7.529 8.087 7.915 7.743 7.622 7.512 7.851 7.709 7.589 7.49 7.321 7.3 7.13 6.94
5.1555 8.311 8.36 8.285 8.093 7.95 7.811 8.172 8.07 7.948 7.806 7.665 7.517 8.075 7.903 7.731 7.61 7.499 7.839 7.696 7.576 7.477 7.309 7.287 7.118 6.928
5.2799 8.301 8.35 8.275 8.082 7.94 7.801 8.162 8.06 7.937 7.796 7.655 7.507 8.065 7.892 7.72 7.6 7.489 7.829 7.686 7.566 7.467 7.299 7.277 7.108 6.918
5.4072 8.294 8.343 8.268 8.075 7.933 7.794 8.154 8.053 7.93 7.788 7.648 7.499 8.058 7.885 7.713 7.593 7.482 7.821 7.679 7.559 7.46 7.292 7.27 7.101 6.91
5.5377 8.286 8.336 8.261 8.068 7.926 7.787 8.147 8.046 7.923 7.781 7.641 7.492 8.051 7.878 7.706 7.586 7.475 7.814 7.672 7.552 7.453 7.285 7.263 7.094 6.903
5.6713 8.279 8.329 8.254 8.061 7.919 7.779 8.14 8.039 7.916 7.774 7.634 7.485 8.044 7.871 7.699 7.578 7.468 7.807 7.665 7.545 7.446 7.278 7.256 7.087 6.896
5.8081 8.272 8.322 8.247 8.054 7.911 7.772 8.133 8.031 7.909 7.767 7.627 7.478 8.036 7.864 7.692 7.571 7.461 7.8 7.658 7.538 7.439 7.27 7.249 7.079 6.889
5.9482 8.265 8.314 8.24 8.047 7.904 7.765 8.126 8.024 7.902 7.76 7.62 7.471 8.029 7.857 7.685 7.564 7.454 7.793 7.65 7.531 7.432 7.263 7.242 7.072 6.882
6.0917 8.258 8.307 8.233 8.04 7.897 7.758 8.119 8.017 7.895 7.753 7.612 7.464 8.022 7.85 7.678 7.557 7.446 7.786 7.643 7.523 7.424 7.256 7.234 7.065 6.875
6.2386 8.251 8.3 8.225 8.032 7.89 7.751 8.112 8.01 7.888 7.746 7.605 7.457 8.015 7.842 7.671 7.55 7.439 7.779 7.636 7.516 7.417 7.249 7.227 7.058 6.868
6.3891 8.244 8.293 8.218 8.025 7.883 7.744 8.105 8.003 7.88 7.739 7.598 7.45 8.008 7.835 7.664 7.543 7.432 7.772 7.629 7.509 7.41 7.242 7.22 7.051 6.861
6.5433 8.237 8.286 8.211 8.018 7.876 7.737 8.097 7.996 7.873 7.731 7.591 7.442 8.001 7.828 7.656 7.536 7.425 7.764 7.622 7.502 7.403 7.235 7.213 7.044 6.853
6.7011 8.232 8.281 8.206 8.013 7.871 7.732 8.093 7.991 7.869 7.727 7.586 7.438 7.996 7.824 7.652 7.531 7.42 7.76 7.617 7.497 7.398 7.23 7.208 7.039 6.849
6.8627 8.229 8.279 8.204 8.011 7.869 7.729 8.09 7.989 7.866 7.724 7.584 7.435 7.994 7.821 7.649 7.528 7.418 7.757 7.615 7.495 7.396 7.228 7.206 7.037 6.846
7.0283 8.227 8.276 8.201 8.008 7.866 7.727 8.088 7.986 7.864 7.722 7.581 7.433 7.991 7.818 7.647 7.526 7.415 7.755 7.612 7.492 7.393 7.225 7.203 7.034 6.844
7.1978 8.224 8.274 8.199 8.006 7.863 7.724 8.085 7.983 7.861 7.719 7.579 7.43 7.988 7.816 7.644 7.523 7.413 7.752 7.61 7.49 7.391 7.222 7.201 7.031 6.841
7.3715 8.222 8.271 8.196 8.003 7.861 7.722 8.083 7.981 7.858 7.717 7.576 7.428 7.986 7.813 7.641 7.521 7.41 7.75 7.607 7.487 7.388 7.22 7.198 7.029 6.839
7.5493 8.219 8.269 8.194 8.001 7.858 7.719 8.08 7.978 7.856 7.714 7.574 7.425 7.983 7.811 7.639 7.518 7.408 7.747 7.604 7.485 7.386 7.217 7.196 7.026 6.836
7.7314 8.217 8.266 8.191 7.998 7.856 7.717 8.077 7.976 7.853 7.711 7.571 7.422 7.981 7.808 7.636 7.516 7.405 7.744 7.602 7.482 7.383 7.215 7.193 7.024 6.833
7.9179 8.214 8.263 8.189 7.996 7.853 7.714 8.075 7.973 7.851 7.709 7.568 7.42 7.978 7.806 7.634 7.513 7.402 7.742 7.599 7.48 7.381 7.212 7.191 7.021 6.831
8.1089 8.211 8.261 8.186 7.993 7.851 7.712 8.072 7.971 7.848 7.706 7.566 7.417 7.976 7.803 7.631 7.511 7.4 7.739 7.597 7.477 7.378 7.21 7.188 7.019 6.828
8.3045 8.209 8.258 8.183 7.991 7.848 7.709 8.07 7.968 7.846 7.704 7.563 7.415 7.973 7.801 7.629 7.508 7.397 7.737 7.594 7.474 7.375 7.207 7.185 7.016 6.826
8.5049 8.188 8.237 8.162 7.969 7.827 7.688 8.049 7.947 7.825 7.683 7.542 7.394 7.952 7.78 7.608 7.487 7.376 7.716 7.573 7.453 7.354 7.186 7.164 6.995 6.805
8.71 8.158 8.207 8.133 7.94 7.797 7.658 8.019 7.917 7.795 7.653 7.512 7.364 7.922 7.75 7.578 7.457 7.346 7.686 7.543 7.423 7.324 7.156 7.134 6.965 6.775
8.9201 8.128 8.177 8.103 7.91 7.767 7.628 7.989 7.887 7.765 7.623 7.482 7.334 7.892 7.72 7.548 7.427 7.316 7.656 7.513 7.394 7.294 7.126 7.105 6.935 6.745
9.1353 8.098 8.147 8.073 7.88 7.737 7.598 7.959 7.857 7.735 7.593 7.452 7.304 7.862 7.69 7.518 7.397 7.287 7.626 7.483 7.364 7.265 7.096 7.075 6.905 6.715
9.3557 8.068 8.118 8.043 7.85 7.707 7.568 7.929 7.827 7.705 7.563 7.423 7.274 7.832 7.66 7.488 7.367 7.257 7.596 7.453 7.334 7.235 7.066 7.045 6.875 6.685
9.5814 8.038 8.088 8.013 7.82 7.677 7.538 7.899 7.797 7.675 7.533 7.393 7.244 7.802 7.63 7.458 7.337 7.227 7.566 7.423 7.304 7.205 7.036 7.015 6.845 6.655
9.8125 8.008 8.058 7.983 7.79 7.647 7.508 7.869 7.767 7.645 7.503 7.363 7.214 7.772 7.6 7.428 7.307 7.197 7.536 7.394 7.274 7.175 7.006 6.985 6.815 6.625
10.0492 7.978 8.028 7.953 7.76 7.617 7.478 7.839 7.737 7.615 7.473 7.333 7.184 7.742 7.57 7.398 7.277 7.167 7.506 7.364 7.244 7.145 6.976 6.955 6.785 6.595
10.2917 7.948 7.998 7.923 7.73 7.587 7.448 7.809 7.708 7.585 7.443 7.303 7.154 7.713 7.54 7.368 7.247 7.137 7.476 7.334 7.214 7.115 6.947 6.925 6.755 6.565
10.5399 7.918 7.968 7.893 7.7 7.558 7.418 7.779 7.678 7.555 7.413 7.273 7.124 7.683 7.51 7.338 7.217 7.107 7.446 7.304 7.184 7.085 6.917 6.895 6.726 6.535
