web/models/grb/offaxis/8/grb_0.2967_0.3728_0.1584893.dat
# %ECSV 1.0
# ---
# datatype:
# - {name: time, datatype: float64}
# - {name: swift_uvot_uvw2, datatype: float64}
# - {name: swift_uvot_uvm2, datatype: float64}
# - {name: swift_uvot_uvw1, datatype: float64}
# - {name: swift_uvot_U, datatype: float64}
# - {name: swift_uvot_B, datatype: float64}
# - {name: swift_uvot_V, datatype: float64}
# - {name: swift_uvot_W, datatype: float64}
# - {name: johnson_U, datatype: float64}
# - {name: johnson_B, datatype: float64}
# - {name: johnson_V, datatype: float64}
# - {name: johnson_R, datatype: float64}
# - {name: johnson_I, datatype: float64}
# - {name: sdss_u, datatype: float64}
# - {name: sdss_g, datatype: float64}
# - {name: sdss_r, datatype: float64}
# - {name: sdss_i, datatype: float64}
# - {name: sdss_z, datatype: float64}
# - {name: PS1_g, datatype: float64}
# - {name: PS1_r, datatype: float64}
# - {name: PS1_i, datatype: float64}
# - {name: PS1_z, datatype: float64}
# - {name: PS1_Y, datatype: float64}
# - {name: PS1_w, datatype: float64}
# - {name: ATLAS_c, datatype: float64}
# - {name: ATLAS_o, datatype: float64}
# - {name: ukirt_J, datatype: float64}
# - {name: ukirt_H, datatype: float64}
# - {name: ukirt_K, datatype: float64}
# - {name: Clear, datatype: float64}
# meta: !!omap
# - comment: [E = 0.000161764516425794, Eta0 = 8.02, GammaB = 12.0, dL = 0.012188, epsb = 6.760829753919819e-06, epse = 0.1, n = 0.15848931924611143,
#     p = 2.15, theta_obs = 0.29670597283903605, xiN = 1.0, z = 0.0, type = grb, E_kiso = 0.372759372031494]
# schema: astropy-2.0
time swift_uvot_uvw2 swift_uvot_uvm2 swift_uvot_uvw1 swift_uvot_U swift_uvot_B swift_uvot_V swift_uvot_W johnson_U johnson_B johnson_V johnson_R johnson_I sdss_u sdss_g sdss_r sdss_i sdss_z PS1_g PS1_r PS1_i PS1_z PS1_Y PS1_w ATLAS_c ATLAS_o ukirt_J ukirt_H ukirt_K Clear
[from data line 354]
46.2033 8.222 8.271 8.196 8.003 7.861 7.722 8.083 7.981 7.858 7.717 7.576 7.428 7.986 7.813 7.641 7.521 7.41 7.75 7.607 7.487 7.388 7.22 7.644 7.739 7.586 7.198 7.029 6.839 7.554
47.3178 8.289 8.339 8.264 8.071 7.928 7.789 8.15 8.048 7.926 7.784 7.644 7.495 8.053 7.881 7.709 7.588 7.478 7.817 7.675 7.555 7.456 7.287 7.711 7.806 7.654 7.266 7.096 6.906 7.621
48.4593 8.357 8.406 8.331 8.138 7.996 7.857 8.218 8.116 7.994 7.852 7.711 7.563 8.121 7.948 7.777 7.656 7.545 7.885 7.742 7.622 7.523 7.355 7.779 7.874 7.721 7.333 7.164 6.974 7.689
49.6283 8.424 8.474 8.399 8.206 8.063 7.924 8.285 8.184 8.061 7.919 7.779 7.63 8.189 8.016 7.844 7.723 7.613 7.952 7.81 7.69 7.591 7.423 7.846 7.942 7.789 7.401 7.231 7.041 7.756
50.8255 8.522 8.571 8.497 8.304 8.161 8.022 8.383 8.281 8.159 8.017 7.876 7.728 8.286 8.114 7.942 7.821 7.71 8.05 7.907 7.788 7.689 7.52 7.944 8.039 7.886 7.499 7.329 7.139 7.854
52.0515 8.623 8.673 8.598 8.405 8.263 8.123 8.484 8.383 8.26 8.118 7.978 7.829 8.388 8.215 8.043 7.922 7.812 8.151 8.009 7.889 7.79 7.622 8.045 8.141 7.988 7.6 7.431 7.24 7.955
53.3072 8.725 8.774 8.699 8.506 8.364 8.225 8.586 8.484 8.361 8.22 8.079 7.931 8.489 8.316 8.144 8.024 7.913 8.253 8.11 7.99 7.891 7.723 8.147 8.242 8.089 7.701 7.532 7.342 8.057
54.5931 8.826 8.875 8.801 8.608 8.465 8.326 8.687 8.585 8.463 8.321 8.18 8.032 8.59 8.418 8.246 8.125 8.014 8.354 8.211 8.092 7.992 7.824 8.248 8.343 8.19 7.803 7.633 7.443 8.158
55.9101 8.927 8.977 8.902 8.709 8.567 8.427 8.788 8.687 8.564 8.422 8.282 8.133 8.692 8.519 8.347 8.226 8.116 8.455 8.313 8.193 8.094 7.926 8.349 8.445 8.292 7.904 7.735 7.544 8.259
57.2588 9.029 9.078 9.003 8.81 8.668 8.529 8.89 8.788 8.665 8.524 8.383 8.235 8.793 8.62 8.448 8.328 8.217 8.557 8.414 8.294 8.195 8.027 8.451 8.546 8.393 8.005 7.836 7.646 8.361
58.6401 9.13 9.179 9.105 8.912 8.769 8.63 8.991 8.889 8.767 8.625 8.484 8.336 8.894 8.722 8.55 8.429 8.318 8.658 8.515 8.396 8.296 8.128 8.552 8.647 8.494 8.107 7.937 7.747 8.462
60.0546 9.231 9.281 9.206 9.013 8.871 8.731 9.092 8.991 8.868 8.726 8.586 8.437 8.996 8.823 8.651 8.53 8.42 8.759 8.617 8.497 8.398 8.23 8.653 8.749 8.596 8.208 8.039 7.848 8.563
61.5034 9.333 9.382 9.307 9.114 8.972 8.833 9.194 9.092 8.969 8.828 8.687 8.539 9.097 8.924 8.752 8.632 8.521 8.861 8.718 8.598 8.499 8.331 8.755 8.85 8.697 8.309 8.14 7.95 8.665
62.987 9.436 9.486 9.411 9.218 9.075 8.936 9.297 9.195 9.073 8.931 8.791 8.642 9.2 9.028 8.856 8.735 8.625 8.964 8.822 8.702 8.603 8.434 8.858 8.954 8.801 8.413 8.243 8.053 8.768
64.5065 9.6 9.65 9.575 9.382 9.239 9.1 9.461 9.359 9.237 9.095 8.955 8.806 9.364 9.192 9.02 8.899 8.789 9.128 8.986 8.866 8.767 8.598 9.022 9.118 8.965 8.577 8.407 8.217 8.932
66.0626 9.764 9.814 9.739 9.546 9.403 9.264 9.625 9.523 9.401 9.259 9.119 8.97 9.529 9.356 9.184 9.063 8.953 9.292 9.15 9.03 8.931 8.762 9.186 9.282 9.129 8.741 8.571 8.381 9.096
67.6562 9.928 9.978 9.903 9.71 9.567 9.428 9.789 9.687 9.565 9.423 9.283 9.134 9.693 9.52 9.348 9.227 9.117 9.456 9.314 9.194 9.095 8.926 9.35 9.446 9.293 8.905 8.735 8.545 9.26
69.2883 10.092 10.142 10.067 9.874 9.731 9.592 9.953 9.851 9.729 9.587 9.447 9.298 9.857 9.684 9.512 9.391 9.281 9.62 9.478 9.358 9.259 9.09 9.514 9.61 9.457 9.069 8.899 8.709 9.424
70.9597 10.256 10.306 10.231 10.038 9.895 9.756 10.117 10.015 9.893 9.751 9.611 9.462 10.021 9.848 9.676 9.555 9.445 9.784 9.642 9.522 9.423 9.254 9.678 9.774 9.621 9.233 9.063 8.873 9.588
72.6715 10.42 10.47 10.395 10.202 10.059 9.92 10.281 10.179 10.057 9.915 9.775 9.626 10.185 10.012 9.84 9.719 9.609 9.948 9.806 9.686 9.587 9.419 9.842 9.938 9.785 9.397 9.227 9.037 9.752
74.4246 10.584 10.634 10.559 10.366 10.223 10.084 10.445 10.343 10.221 10.079 9.939 9.79 10.349 10.176 10.004 9.883 9.773 10.112 9.97 9.85 9.751 9.583 10.006 10.102 9.949 9.561 9.391 9.201 9.916
76.2199 10.748 10.798 10.723 10.53 10.387 10.248 10.609 10.508 10.385 10.243 10.103 9.954 10.513 10.34 10.168 10.047 9.937 10.276 10.134 10.014 9.915 9.747 10.17 10.266 10.113 9.725 9.555 9.365 10.08
78.0586 10.912 10.962 10.887 10.694 10.551 10.412 10.773 10.672 10.549 10.407 10.267 10.118 10.677 10.504 10.332 10.211 10.101 10.44 10.298 10.178 10.079 9.911 10.334 10.43 10.277 9.889 9.719 9.529 10.244
79.9416 11.103 11.152 11.078 10.885 10.742 10.603 10.964 10.862 10.74 10.598 10.457 10.309 10.867 10.695 10.523 10.402 10.292 10.631 10.488 10.369 10.27 10.101 10.525 10.62 10.468 10.08 9.91 9.72 10.435
81.87 11.417 11.466 11.391 11.198 11.056 10.917 11.278 11.176 11.053 10.912 10.771 10.622 11.181 11.008 10.836 10.716 10.605 10.945 10.802 10.682 10.583 10.415 10.839 10.934 10.781 10.393 10.224 10.033 10.748
83.845 11.73 11.78 11.705 11.512 11.369 11.23 11.591 11.489 11.367 11.225 11.085 10.936 11.494 11.322 11.15 11.029 10.919 11.258 11.116 10.996 10.897 10.728 11.152 11.247 11.095 10.707 10.537 10.347 11.062
85.8676 12.044 12.093 12.018 11.825 11.683 11.544 11.905 11.803 11.681 11.539 11.398 11.25 11.808 11.635 11.464 11.343 11.232 11.572 11.429 11.309 11.21 11.042 11.466 11.561 11.408 11.02 10.851 10.661 11.376
87.939 12.357 12.407 12.332 12.139 11.997 11.857 12.218 12.117 11.994 11.852 11.712 11.563 12.122 11.949 11.777 11.656 11.546 11.885 11.743 11.623 11.524 11.356 11.779 11.875 11.722 11.334 11.165 10.974 11.689
90.0604 12.671 12.72 12.645 12.453 12.31 12.171 12.532 12.43 12.308 12.166 12.025 11.877 12.435 12.263 12.091 11.97 11.859 12.199 12.056 11.936 11.837 11.669 12.093 12.188 12.035 11.647 11.478 11.288 12.003
92.2329 12.984 13.034 12.959 12.766 12.624 12.485 12.845 12.744 12.621 12.479 12.339 12.19 12.749 12.576 12.404 12.284 12.173 12.512 12.37 12.25 12.151 11.983 12.407 12.502 12.349 11.961 11.792 11.601 12.316
94.4579 13.298 13.347 13.273 13.08 12.937 12.798 13.159 13.057 12.935 12.793 12.652 12.504 13.062 12.89 12.718 12.597 12.487 12.826 12.683 12.564 12.465 12.296 12.72 12.815 12.663 12.275 12.105 11.915 12.63
96.7365 13.612 13.661 13.586 13.393 13.251 13.112 13.472 13.371 13.248 13.107 12.966 12.817 13.376 13.203 13.031 12.911 12.8 13.14 12.997 12.877 12.778 12.61 13.034 13.129 12.976 12.588 12.419 12.228 12.943
99.0701 13.925 13.975 13.9 13.707 13.564 13.425 13.786 13.684 13.562 13.42 13.28 13.131 13.689 13.517 13.345 13.224 13.114 13.453 13.311 13.191 13.092 12.923 13.347 13.442 13.29 12.902 12.732 12.542 13.257
101.4599 14.239 14.288 14.213 14.02 13.878 13.739 14.1 13.998 13.876 13.734 13.593 13.445 14.003 13.83 13.659 13.538 13.427 13.767 13.624 13.504 13.405 13.237 13.661 13.756 13.603 13.215 13.046 12.856 13.571
103.9075 14.552 14.602 14.527 14.334 14.191 14.052 14.413 14.312 14.189 14.047 13.907 13.758 14.317 14.144 13.972 13.851 13.741 14.08 13.938 13.818 13.719 13.551 13.974 14.07 13.917 13.529 13.359 13.169 13.884
106.4141 14.866 14.915 14.84 14.647 14.505 14.366 14.727 14.625 14.503 14.361 14.22 14.072 14.63 14.458 14.286 14.165 14.054 14.394 14.251 14.131 14.032 13.864 14.288 14.383 14.23 13.842 13.673 13.483 14.198
108.9811 15.179 15.229 15.154 14.961 14.819 14.68 15.04 14.939 14.816 14.674 14.534 14.385 14.944 14.771 14.599 14.479 14.368 14.707 14.565 14.445 14.346 14.178 14.602 14.697 14.544 14.156 13.987 13.796 14.511
111.6101 15.493 15.542 15.468 15.275 15.132 14.993 15.354 15.252 15.13 14.988 14.847 14.699 15.257 15.085 14.913 14.792 14.681 15.021 14.878 14.759 14.659 14.491 14.915 15.01 14.857 14.47 14.3 14.11 14.825
114.3025 15.807 15.856 15.781 15.588 15.446 15.307 15.667 15.566 15.443 15.301 15.161 15.012 15.571 15.398 15.226 15.106 14.995 15.334 15.192 15.072 14.973 14.805 15.229 15.324 15.171 14.783 14.614 14.423 15.138
117.0598 16.12 16.17 16.095 15.902 15.759 15.62 15.981 15.879 15.757 15.615 15.475 15.326 15.884 15.712 15.54 15.419 15.309 15.648 15.505 15.386 15.287 15.118 15.542 15.637 15.485 15.097 14.927 14.737 15.452
119.8836 16.434 16.483 16.408 16.215 16.073 15.934 16.295 16.193 16.07 15.929 15.788 15.64 16.198 16.025 15.854 15.733 15.622 15.962 15.819 15.699 15.6 15.432 15.856 15.951 15.798 15.41 15.241 15.051 15.766
122.7756 16.747 16.797 16.722 16.529 16.386 16.247 16.608 16.506 16.384 16.242 16.102 15.953 16.512 16.339 16.167 16.046 15.936 16.275 16.133 16.013 15.914 15.745 16.169 16.265 16.112 15.724 15.554 15.364 16.079
125.7373 17.061 17.11 17.035 16.842 16.7 16.561 16.922 16.82 16.698 16.556 16.415 16.267 16.825 16.653 16.481 16.36 16.249 16.589 16.446 16.326 16.227 16.059 16.483 16.578 16.425 16.037 15.868 15.678 16.393
128.7705 17.374 17.424 17.349 17.156 17.014 16.874 17.235 17.134 17.011 16.869 16.729 16.58 17.139 16.966 16.794 16.674 16.563 16.902 16.76 16.64 16.541 16.373 16.796 16.892 16.739 16.351 16.182 15.991 16.706
131.8769 17.688 17.737 17.663 17.47 17.327 17.188 17.549 17.447 17.325 17.183 17.042 16.894 17.452 17.28 17.108 16.987 16.876 17.216 17.073 16.953 16.854 16.686 17.11 17.205 17.052 16.664 16.495 16.305 17.02
135.0582 18.001 18.051 17.976 17.783 17.641 17.502 17.862 17.761 17.638 17.496 17.356 17.207 17.766 17.593 17.421 17.301 17.19 17.529 17.387 17.267 17.168 17.0 17.424 17.519 17.366 16.978 16.809 16.618 17.333
138.3162 18.315 18.365 18.29 18.097 17.954 17.815 18.176 18.074 17.952 17.81 17.67 17.521 18.079 17.907 17.735 17.614 17.504 17.843 17.7 17.581 17.482 17.313 17.737 17.832 17.68 17.292 17.122 16.932 17.647
141.6528 18.629 18.678 18.603 18.41 18.268 18.129 18.49 18.388 18.265 18.124 17.983 17.835 18.393 18.22 18.048 17.928 17.817 18.157 18.014 17.894 17.795 17.627 18.051 18.146 17.993 17.605 17.436 17.246 17.961
145.0699 18.942 18.992 18.917 18.724 18.581 18.442 18.803 18.701 18.579 18.437 18.297 18.148 18.706 18.534 18.362 18.241 18.131 18.47 18.328 18.208 18.109 17.94 18.364 18.46 18.307 17.919 17.749 17.559 18.274
148.5695 19.256 19.305 19.23 19.037 18.895 18.756 19.117 19.015 18.893 18.751 18.61 18.462 19.02 18.847 18.676 18.555 18.444 18.784 18.641 18.521 18.422 18.254 18.678 18.773 18.62 18.232 18.063 17.873 18.588
152.1534 19.569 19.619 19.544 19.351 19.209 19.069 19.43 19.329 19.206 19.064 18.924 18.775 19.334 19.161 18.989 18.868 18.758 19.097 18.955 18.835 18.736 18.568 18.991 19.087 18.934 18.546 18.377 18.186 18.901
155.8238 19.883 19.932 19.858 19.665 19.522 19.383 19.744 19.642 19.52 19.378 19.237 19.089 19.647 19.475 19.303 19.182 19.071 19.411 19.268 19.148 19.049 18.881 19.305 19.4 19.247 18.859 18.69 18.5 19.215
159.5828 20.196 20.246 20.171 19.978 19.836 19.697 20.057 19.956 19.833 19.691 19.551 19.402 19.961 19.788 19.616 19.496 19.385 19.724 19.582 19.462 19.363 19.195 19.619 19.714 19.561 19.173 19.004 18.813 19.528
163.4324 20.51 20.559 20.485 20.292 20.149 20.01 20.371 20.269 20.147 20.005 19.865 19.716 20.274 20.102 19.93 19.809 19.699 20.038 19.895 19.776 19.677 19.508 19.932 20.027 19.875 19.487 19.317 19.127 19.842
167.375 20.824 20.873 20.798 20.605 20.463 20.324 20.685 20.583 20.46 20.319 20.178 20.03 20.588 20.415 20.243 20.123 20.012 20.352 20.209 20.089 19.99 19.822 20.246 20.341 20.188 19.8 19.631 19.44 20.155
171.4126 21.137 21.187 21.112 20.919 20.776 20.637 20.998 20.896 20.774 20.632 20.492 20.343 20.901 20.729 20.557 20.436 20.326 20.665 20.523 20.403 20.304 20.135 20.559 20.654 20.502 20.114 19.944 19.754 20.469
175.5476 21.451 21.5 21.425 21.232 21.09 20.951 21.312 21.21 21.088 20.946 20.805 20.657 21.215 21.042 20.871 20.75 20.639 20.979 20.836 20.716 20.617 20.449 20.873 20.968 20.815 20.427 20.258 20.068 20.783
179.7823 21.764 21.814 21.739 21.546 21.404 21.264 21.625 21.524 21.401 21.259 21.119 20.97 21.529 21.356 21.184 21.063 20.953 21.292 21.15 21.03 20.931 20.763 21.186 21.282 21.129 20.741 20.572 20.381 21.096
184.1193 22.078 22.127 22.052 21.86 21.717 21.578 21.939 21.837 21.715 21.573 21.432 21.284 21.842 21.67 21.498 21.377 21.266 21.606 21.463 21.343 21.244 21.076 21.5 21.595 21.442 21.054 20.885 20.695 21.41
188.5608 22.391 22.441 22.366 22.173 22.031 21.892 22.252 22.151 22.028 21.886 21.746 21.597 22.156 21.983 21.811 21.691 21.58 21.919 21.777 21.657 21.558 21.39 21.814 21.909 21.756 21.368 21.199 21.008 21.723
193.1095 22.705 22.754 22.68 22.487 22.344 22.205 22.566 22.464 22.342 22.2 22.059 21.911 22.469 22.297 22.125 22.004 21.894 22.233 22.09 21.971 21.872 21.703 22.127 22.222 22.07 21.682 21.512 21.322 22.037
197.7679 23.019 23.068 22.993 22.8 22.658 22.519 22.879 22.778 22.655 22.514 22.373 22.224 22.783 22.61 22.438 22.318 22.207 22.547 22.404 22.284 22.185 22.017 22.441 22.536 22.383 21.995 21.826 21.635 22.35
202.5387 23.332 23.382 23.307 23.114 22.971 22.832 23.193 23.091 22.969 22.827 22.687 22.538 23.096 22.924 22.752 22.631 22.521 22.86 22.718 22.598 22.499 22.33 22.754 22.849 22.697 22.309 22.139 21.949 22.664
207.4245 23.646 23.695 23.62 23.427 23.285 23.146 23.507 23.405 23.283 23.141 23.0 22.852 23.41 23.237 23.066 22.945 22.834 23.174 23.031 22.911 22.812 22.644 23.068 23.163 23.01 22.622 22.453 22.263 22.978
212.4283 23.959 24.009 23.934 23.741 23.599 23.459 23.82 23.719 23.596 23.454 23.314 23.165 23.724 23.551 23.379 23.258 23.148 23.487 23.345 23.225 23.126 22.958 23.381 23.477 23.324 22.936 22.767 22.576 23.291
217.5527 24.273 24.322 24.247 24.054 23.912 23.773 24.134 24.032 23.91 23.768 23.627 23.479 24.037 23.865 23.693 23.572 23.461 23.801 23.658 23.538 23.439 23.271 23.695 23.79 23.637 23.249 23.08 22.89 23.605
222.8008 24.586 24.636 24.561 24.368 24.226 24.087 24.447 24.346 24.223 24.081 23.941 23.792 24.351 24.178 24.006 23.886 23.775 24.114 23.972 23.852 23.753 23.585 24.009 24.104 23.951 23.563 23.394 23.203 23.918
228.1754 24.9 24.949 24.875 24.682 24.539 24.4 24.761 24.659 24.537 24.395 24.254 24.106 24.664 24.492 24.32 24.199 24.089 24.428 24.285 24.166 24.067 23.898 24.322 24.417 24.265 23.877 23.707 23.517 24.232
233.6797 25.214 25.263 25.188 24.995 24.853 24.714 25.074 24.973 24.85 24.709 24.568 24.419 24.978 24.805 24.633 24.513 24.402 24.742 24.599 24.479 24.38 24.212 24.636 24.731 24.578 24.19 24.021 23.83 24.545
239.3168 25.527 25.577 25.502 25.309 25.166 25.027 25.388 25.286 25.164 25.022 24.882 24.733 25.291 25.119 24.947 24.826 24.716 25.055 24.913 24.793 24.694 24.525 24.949 25.044 24.892 24.504 24.334 24.144 24.859
245.0899 25.841 25.89 25.815 25.622 25.48 25.341 25.702 25.6 25.478 25.336 25.195 25.047 25.605 25.432 25.261 25.14 25.029 25.369 25.226 25.106 25.007 24.839 25.263 25.358 25.205 24.817 24.648 24.458 25.173
251.0022 26.154 26.204 26.129 25.936 25.793 25.654 26.015 25.914 25.791 25.649 25.509 25.36 25.919 25.746 25.574 25.453 25.343 25.682 25.54 25.42 25.321 25.153 25.576 25.672 25.519 25.131 24.961 24.771 25.486
257.0572 26.468 26.517 26.442 26.249 26.107 25.968 26.329 26.227 26.105 25.963 25.822 25.674 26.232 26.06 25.888 25.767 25.656 25.996 25.853 25.733 25.634 25.466 25.89 25.985 25.832 25.444 25.275 25.085 25.8
263.2582 26.781 26.831 26.756 26.563 26.421 26.281 26.642 26.541 26.418 26.276 26.136 25.987 26.546 26.373 26.201 26.081 25.97 26.309 26.167 26.047 25.948 25.78 26.204 26.299 26.146 25.758 25.589 25.398 26.113
269.6088 27.095 27.144 27.07 26.877 26.734 26.595 26.956 26.854 26.732 26.59 26.449 26.301 26.859 26.687 26.515 26.394 26.283 26.623 26.48 26.361 26.261 26.093 26.517 26.612 26.459 26.072 25.902 25.712 26.427
276.1126 27.409 27.458 27.383 27.19 27.048 26.909 27.269 27.168 27.045 26.903 26.763 26.614 27.173 27.0 26.828 26.708 26.597 26.936 26.794 26.674 26.575 26.407 26.831 26.926 26.773 26.385 26.216 26.025 26.74
282.7734 27.722 27.772 27.697 27.504 27.361 27.222 27.583 27.481 27.359 27.217 27.077 26.928 27.486 27.314 27.142 27.021 26.911 27.25 27.107 26.988 26.889 26.72 27.144 27.239 27.087 26.699 26.529 26.339 27.054
289.5947 28.036 28.085 28.01 27.817 27.675 27.536 27.897 27.795 27.672 27.531 27.39 27.242 27.8 27.627 27.456 27.335 27.224 27.564 27.421 27.301 27.202 27.034 27.458 27.553 27.4 27.012 26.843 26.653 27.368
296.5807 28.349 28.399 28.324 28.131 27.988 27.849 28.21 28.108 27.986 27.844 27.704 27.555 28.114 27.941 27.769 27.648 27.538 27.877 27.735 27.615 27.516 27.347 27.771 27.867 27.714 27.326 27.156 26.966 27.681
