web/models/grb/offaxis/8/grb_0.2967_193.0698_0.0039811.dat
# %ECSV 1.0
# ---
# datatype:
# - {name: time, datatype: float64}
# - {name: swift_uvot_uvw2, datatype: float64}
# - {name: swift_uvot_uvm2, datatype: float64}
# - {name: swift_uvot_uvw1, datatype: float64}
# - {name: swift_uvot_U, datatype: float64}
# - {name: swift_uvot_B, datatype: float64}
# - {name: swift_uvot_V, datatype: float64}
# - {name: swift_uvot_W, datatype: float64}
# - {name: johnson_U, datatype: float64}
# - {name: johnson_B, datatype: float64}
# - {name: johnson_V, datatype: float64}
# - {name: johnson_R, datatype: float64}
# - {name: johnson_I, datatype: float64}
# - {name: sdss_u, datatype: float64}
# - {name: sdss_g, datatype: float64}
# - {name: sdss_r, datatype: float64}
# - {name: sdss_i, datatype: float64}
# - {name: sdss_z, datatype: float64}
# - {name: PS1_g, datatype: float64}
# - {name: PS1_r, datatype: float64}
# - {name: PS1_i, datatype: float64}
# - {name: PS1_z, datatype: float64}
# - {name: PS1_Y, datatype: float64}
# - {name: PS1_w, datatype: float64}
# - {name: ATLAS_c, datatype: float64}
# - {name: ATLAS_o, datatype: float64}
# - {name: ukirt_J, datatype: float64}
# - {name: ukirt_H, datatype: float64}
# - {name: ukirt_K, datatype: float64}
# - {name: Clear, datatype: float64}
# meta: !!omap
# - comment: [E = 0.08378552168254812, Eta0 = 8.02, GammaB = 12.0, dL = 0.012188, epsb = 6.760829753919819e-06, epse = 0.1, n = 0.003981071705534973,
#     p = 2.15, theta_obs = 0.29670597283903605, xiN = 1.0, z = 0.0, type = grb, E_kiso = 193.06977288832496]
# schema: astropy-2.0
time swift_uvot_uvw2 swift_uvot_uvm2 swift_uvot_uvw1 swift_uvot_U swift_uvot_B swift_uvot_V swift_uvot_W johnson_U johnson_B johnson_V johnson_R johnson_I sdss_u sdss_g sdss_r sdss_i sdss_z PS1_g PS1_r PS1_i PS1_z PS1_Y PS1_w ATLAS_c ATLAS_o ukirt_J ukirt_H ukirt_K Clear
[from data line 254]
4.2604 -2.553 -2.504 -2.579 -2.772 -2.914 -3.053 -2.693 -2.794 -2.917 -3.058 -3.199 -3.348 -2.789 -2.962 -3.134 -3.254 -3.365 -3.025 -3.168 -3.288 -3.387 -3.555 -3.131 -3.036 -3.189 -3.577 -3.746 -3.937 -3.222
4.3632 -2.566 -2.516 -2.591 -2.784 -2.927 -3.066 -2.705 -2.807 -2.929 -3.071 -3.211 -3.36 -2.802 -2.974 -3.146 -3.267 -3.377 -3.038 -3.181 -3.3 -3.399 -3.568 -3.144 -3.049 -3.201 -3.589 -3.759 -3.949 -3.234
4.4685 -2.578 -2.529 -2.604 -2.797 -2.939 -3.078 -2.718 -2.819 -2.942 -3.083 -3.224 -3.373 -2.814 -2.987 -3.159 -3.279 -3.39 -3.051 -3.193 -3.313 -3.412 -3.58 -3.156 -3.061 -3.214 -3.602 -3.771 -3.962 -3.247
4.5763 -2.591 -2.542 -2.616 -2.809 -2.952 -3.091 -2.73 -2.832 -2.954 -3.096 -3.236 -3.385 -2.827 -2.999 -3.171 -3.292 -3.402 -3.063 -3.206 -3.325 -3.424 -3.593 -3.169 -3.074 -3.226 -3.614 -3.784 -3.974 -3.259
4.6867 -2.603 -2.554 -2.629 -2.822 -2.964 -3.103 -2.743 -2.844 -2.967 -3.109 -3.249 -3.398 -2.839 -3.012 -3.184 -3.304 -3.415 -3.076 -3.218 -3.338 -3.437 -3.605 -3.181 -3.086 -3.239 -3.627 -3.796 -3.987 -3.272
4.7997 -2.616 -2.567 -2.641 -2.834 -2.977 -3.116 -2.755 -2.857 -2.979 -3.121 -3.262 -3.41 -2.852 -3.024 -3.196 -3.317 -3.427 -3.088 -3.231 -3.35 -3.449 -3.618 -3.194 -3.099 -3.251 -3.639 -3.809 -3.999 -3.284
4.9155 -2.626 -2.576 -2.651 -2.844 -2.986 -3.126 -2.765 -2.866 -2.989 -3.131 -3.271 -3.42 -2.861 -3.034 -3.206 -3.326 -3.437 -3.098 -3.24 -3.36 -3.459 -3.627 -3.204 -3.108 -3.261 -3.649 -3.818 -4.009 -3.294
5.0341 -2.633 -2.583 -2.658 -2.851 -2.994 -3.133 -2.772 -2.874 -2.996 -3.138 -3.278 -3.427 -2.869 -3.041 -3.213 -3.334 -3.444 -3.105 -3.247 -3.367 -3.466 -3.635 -3.211 -3.116 -3.268 -3.656 -3.826 -4.016 -3.301
5.1555 -2.64 -2.591 -2.665 -2.858 -3.001 -3.14 -2.779 -2.881 -3.003 -3.145 -3.286 -3.434 -2.876 -3.048 -3.22 -3.341 -3.452 -3.112 -3.255 -3.375 -3.474 -3.642 -3.218 -3.123 -3.276 -3.664 -3.833 -4.023 -3.308
5.2799 -2.647 -2.598 -2.673 -2.866 -3.008 -3.147 -2.786 -2.888 -3.01 -3.152 -3.293 -3.441 -2.883 -3.056 -3.227 -3.348 -3.459 -3.119 -3.262 -3.382 -3.481 -3.649 -3.225 -3.13 -3.283 -3.671 -3.84 -4.03 -3.315
5.4072 -2.655 -2.605 -2.68 -2.873 -3.015 -3.154 -2.794 -2.895 -3.018 -3.16 -3.3 -3.449 -2.89 -3.063 -3.235 -3.355 -3.466 -3.127 -3.269 -3.389 -3.488 -3.656 -3.232 -3.137 -3.29 -3.678 -3.847 -4.038 -3.323
5.5377 -2.662 -2.612 -2.687 -2.88 -3.022 -3.162 -2.801 -2.902 -3.025 -3.167 -3.307 -3.456 -2.897 -3.07 -3.242 -3.363 -3.473 -3.134 -3.276 -3.396 -3.495 -3.663 -3.24 -3.144 -3.297 -3.685 -3.854 -4.045 -3.33
5.6713 -2.669 -2.619 -2.694 -2.887 -3.03 -3.169 -2.808 -2.91 -3.032 -3.174 -3.314 -3.463 -2.905 -3.077 -3.249 -3.37 -3.48 -3.141 -3.284 -3.403 -3.502 -3.671 -3.247 -3.152 -3.304 -3.692 -3.862 -4.052 -3.337
5.8081 -2.676 -2.627 -2.702 -2.894 -3.037 -3.176 -2.815 -2.917 -3.039 -3.181 -3.322 -3.47 -2.912 -3.084 -3.256 -3.377 -3.488 -3.148 -3.291 -3.411 -3.51 -3.678 -3.254 -3.159 -3.312 -3.7 -3.869 -4.059 -3.344
5.9482 -2.683 -2.634 -2.709 -2.902 -3.044 -3.183 -2.822 -2.924 -3.047 -3.188 -3.329 -3.477 -2.919 -3.092 -3.263 -3.384 -3.495 -3.155 -3.298 -3.418 -3.517 -3.685 -3.261 -3.166 -3.319 -3.707 -3.876 -4.066 -3.351
6.0917 -2.691 -2.641 -2.716 -2.909 -3.051 -3.19 -2.83 -2.931 -3.054 -3.196 -3.336 -3.485 -2.926 -3.099 -3.271 -3.391 -3.502 -3.163 -3.305 -3.425 -3.524 -3.692 -3.268 -3.173 -3.326 -3.714 -3.883 -4.074 -3.359
6.2386 -2.701 -2.652 -2.727 -2.92 -3.062 -3.201 -2.84 -2.942 -3.064 -3.206 -3.347 -3.495 -2.937 -3.11 -3.281 -3.402 -3.513 -3.173 -3.316 -3.436 -3.535 -3.703 -3.279 -3.184 -3.337 -3.725 -3.894 -4.084 -3.369
6.3891 -2.713 -2.664 -2.739 -2.932 -3.074 -3.213 -2.853 -2.954 -3.077 -3.219 -3.359 -3.508 -2.949 -3.122 -3.294 -3.414 -3.525 -3.186 -3.328 -3.448 -3.547 -3.715 -3.291 -3.196 -3.349 -3.737 -3.906 -4.097 -3.382
6.5433 -2.726 -2.676 -2.751 -2.944 -3.086 -3.226 -2.865 -2.966 -3.089 -3.231 -3.371 -3.52 -2.961 -3.134 -3.306 -3.427 -3.537 -3.198 -3.34 -3.46 -3.559 -3.727 -3.304 -3.208 -3.361 -3.749 -3.918 -4.109 -3.394
6.7011 -2.738 -2.689 -2.763 -2.956 -3.099 -3.238 -2.877 -2.979 -3.101 -3.243 -3.383 -3.532 -2.974 -3.146 -3.318 -3.439 -3.549 -3.21 -3.353 -3.472 -3.571 -3.74 -3.316 -3.221 -3.373 -3.761 -3.931 -4.121 -3.406
6.8627 -2.75 -2.701 -2.776 -2.969 -3.111 -3.25 -2.889 -2.991 -3.113 -3.255 -3.396 -3.544 -2.986 -3.159 -3.33 -3.451 -3.562 -3.222 -3.365 -3.485 -3.584 -3.752 -3.328 -3.233 -3.386 -3.774 -3.943 -4.133 -3.418
7.0283 -2.762 -2.713 -2.788 -2.981 -3.123 -3.262 -2.902 -3.003 -3.126 -3.268 -3.408 -3.557 -2.998 -3.171 -3.343 -3.463 -3.574 -3.235 -3.377 -3.497 -3.596 -3.764 -3.34 -3.245 -3.398 -3.786 -3.955 -4.146 -3.431
7.1978 -2.775 -2.725 -2.8 -2.993 -3.135 -3.275 -2.914 -3.015 -3.138 -3.28 -3.42 -3.569 -3.01 -3.183 -3.355 -3.476 -3.586 -3.247 -3.389 -3.509 -3.608 -3.776 -3.353 -3.257 -3.41 -3.798 -3.967 -4.158 -3.443
7.3715 -2.787 -2.738 -2.812 -3.005 -3.148 -3.287 -2.926 -3.028 -3.15 -3.292 -3.432 -3.581 -3.023 -3.195 -3.367 -3.488 -3.598 -3.259 -3.402 -3.521 -3.62 -3.789 -3.365 -3.27 -3.422 -3.81 -3.98 -4.17 -3.455
7.5493 -2.799 -2.75 -2.825 -3.018 -3.16 -3.299 -2.938 -3.04 -3.162 -3.304 -3.445 -3.593 -3.035 -3.208 -3.379 -3.5 -3.611 -3.271 -3.414 -3.534 -3.633 -3.801 -3.377 -3.282 -3.435 -3.823 -3.992 -4.182 -3.467
7.7314 -2.811 -2.762 -2.837 -3.03 -3.172 -3.311 -2.951 -3.052 -3.175 -3.317 -3.457 -3.606 -3.047 -3.22 -3.392 -3.512 -3.623 -3.284 -3.426 -3.546 -3.645 -3.813 -3.389 -3.294 -3.447 -3.835 -4.004 -4.195 -3.48
7.9179 -2.819 -2.77 -2.845 -3.038 -3.18 -3.319 -2.959 -3.06 -3.183 -3.325 -3.465 -3.614 -3.055 -3.228 -3.4 -3.52 -3.631 -3.292 -3.434 -3.554 -3.653 -3.821 -3.397 -3.302 -3.455 -3.843 -4.012 -4.203 -3.488
8.1089 -2.827 -2.777 -2.852 -3.045 -3.187 -3.326 -2.966 -3.067 -3.19 -3.332 -3.472 -3.621 -3.062 -3.235 -3.407 -3.527 -3.638 -3.299 -3.441 -3.561 -3.66 -3.828 -3.404 -3.309 -3.462 -3.85 -4.019 -4.21 -3.495
8.3045 -2.834 -2.784 -2.859 -3.052 -3.194 -3.334 -2.973 -3.074 -3.197 -3.339 -3.479 -3.628 -3.069 -3.242 -3.414 -3.535 -3.645 -3.306 -3.448 -3.568 -3.667 -3.835 -3.412 -3.316 -3.469 -3.857 -4.026 -4.217 -3.502
8.5049 -2.841 -2.791 -2.866 -3.059 -3.202 -3.341 -2.98 -3.082 -3.204 -3.346 -3.486 -3.635 -3.077 -3.249 -3.421 -3.542 -3.652 -3.313 -3.455 -3.575 -3.674 -3.843 -3.419 -3.324 -3.476 -3.864 -4.034 -4.224 -3.509
8.71 -2.848 -2.799 -2.873 -3.066 -3.209 -3.348 -2.987 -3.089 -3.211 -3.353 -3.493 -3.642 -3.084 -3.256 -3.428 -3.549 -3.659 -3.32 -3.463 -3.582 -3.681 -3.85 -3.426 -3.331 -3.483 -3.871 -4.041 -4.231 -3.516
8.9201 -2.855 -2.806 -2.88 -3.073 -3.216 -3.355 -2.994 -3.096 -3.218 -3.36 -3.501 -3.649 -3.091 -3.263 -3.435 -3.556 -3.667 -3.327 -3.47 -3.59 -3.689 -3.857 -3.433 -3.338 -3.491 -3.879 -4.048 -4.238 -3.523
9.1353 -2.862 -2.813 -2.888 -3.081 -3.223 -3.362 -3.001 -3.103 -3.225 -3.367 -3.508 -3.656 -3.098 -3.27 -3.442 -3.563 -3.674 -3.334 -3.477 -3.597 -3.696 -3.864 -3.44 -3.345 -3.498 -3.886 -4.055 -4.245 -3.53
9.3557 -2.869 -2.82 -2.895 -3.088 -3.23 -3.369 -3.008 -3.11 -3.232 -3.374 -3.515 -3.663 -3.105 -3.278 -3.449 -3.57 -3.681 -3.341 -3.484 -3.604 -3.703 -3.871 -3.447 -3.352 -3.505 -3.893 -4.062 -4.252 -3.537
9.5814 -2.876 -2.827 -2.902 -3.095 -3.237 -3.376 -3.016 -3.117 -3.24 -3.381 -3.522 -3.671 -3.112 -3.285 -3.457 -3.577 -3.688 -3.348 -3.491 -3.611 -3.71 -3.878 -3.454 -3.359 -3.512 -3.9 -4.069 -4.26 -3.545
9.8125 -2.884 -2.834 -2.909 -3.102 -3.244 -3.383 -3.023 -3.124 -3.247 -3.389 -3.529 -3.678 -3.119 -3.292 -3.464 -3.584 -3.695 -3.356 -3.498 -3.618 -3.717 -3.885 -3.461 -3.366 -3.519 -3.907 -4.076 -4.267 -3.552
10.0492 -2.886 -2.837 -2.912 -3.105 -3.247 -3.386 -3.025 -3.127 -3.249 -3.391 -3.532 -3.68 -3.122 -3.295 -3.466 -3.587 -3.698 -3.358 -3.501 -3.621 -3.72 -3.888 -3.464 -3.369 -3.522 -3.91 -4.079 -4.269 -3.554
10.2917 -2.889 -2.839 -2.914 -3.107 -3.25 -3.389 -3.028 -3.13 -3.252 -3.394 -3.534 -3.683 -3.125 -3.297 -3.469 -3.59 -3.7 -3.361 -3.503 -3.623 -3.722 -3.891 -3.467 -3.371 -3.524 -3.912 -4.082 -4.272 -3.557
10.5399 -2.891 -2.842 -2.917 -3.11 -3.252 -3.391 -3.03 -3.132 -3.255 -3.396 -3.537 -3.685 -3.127 -3.3 -3.471 -3.592 -3.703 -3.363 -3.506 -3.626 -3.725 -3.893 -3.469 -3.374 -3.527 -3.915 -4.084 -4.274 -3.559
10.7942 -2.894 -2.844 -2.919 -3.112 -3.255 -3.394 -3.033 -3.135 -3.257 -3.399 -3.539 -3.688 -3.13 -3.302 -3.474 -3.595 -3.705 -3.366 -3.509 -3.628 -3.727 -3.896 -3.472 -3.377 -3.529 -3.917 -4.087 -4.277 -3.562
11.0546 -2.896 -2.847 -2.922 -3.115 -3.257 -3.396 -3.036 -3.137 -3.26 -3.401 -3.542 -3.691 -3.132 -3.305 -3.477 -3.597 -3.708 -3.369 -3.511 -3.631 -3.73 -3.898 -3.474 -3.379 -3.532 -3.92 -4.089 -4.28 -3.565
11.3212 -2.899 -2.85 -2.924 -3.117 -3.26 -3.399 -3.038 -3.14 -3.262 -3.404 -3.545 -3.693 -3.135 -3.307 -3.479 -3.6 -3.71 -3.371 -3.514 -3.633 -3.732 -3.901 -3.477 -3.382 -3.534 -3.922 -4.092 -4.282 -3.567
11.5943 -2.902 -2.852 -2.927 -3.12 -3.262 -3.401 -3.041 -3.142 -3.265 -3.407 -3.547 -3.696 -3.137 -3.31 -3.482 -3.602 -3.713 -3.374 -3.516 -3.636 -3.735 -3.903 -3.479 -3.384 -3.537 -3.925 -4.094 -4.285 -3.57
11.874 -2.904 -2.855 -2.93 -3.122 -3.265 -3.404 -3.043 -3.145 -3.267 -3.409 -3.55 -3.698 -3.14 -3.312 -3.484 -3.605 -3.716 -3.376 -3.519 -3.639 -3.738 -3.906 -3.482 -3.387 -3.54 -3.928 -4.097 -4.287 -3.572
12.1605 -2.907 -2.857 -2.932 -3.125 -3.267 -3.407 -3.046 -3.147 -3.27 -3.412 -3.552 -3.701 -3.142 -3.315 -3.487 -3.608 -3.718 -3.379 -3.521 -3.641 -3.74 -3.908 -3.485 -3.389 -3.542 -3.93 -4.099 -4.29 -3.575
12.4538 -2.912 -2.863 -2.938 -3.131 -3.273 -3.412 -3.051 -3.153 -3.276 -3.417 -3.558 -3.706 -3.148 -3.321 -3.492 -3.613 -3.724 -3.384 -3.527 -3.647 -3.746 -3.914 -3.49 -3.395 -3.548 -3.936 -4.105 -4.295 -3.58
12.7542 -2.942 -2.893 -2.968 -3.161 -3.303 -3.442 -3.081 -3.183 -3.305 -3.447 -3.588 -3.736 -3.178 -3.351 -3.522 -3.643 -3.754 -3.414 -3.557 -3.677 -3.776 -3.944 -3.52 -3.425 -3.578 -3.966 -4.135 -4.325 -3.61
13.0619 -2.972 -2.923 -2.998 -3.191 -3.333 -3.472 -3.111 -3.213 -3.335 -3.477 -3.618 -3.766 -3.208 -3.381 -3.552 -3.673 -3.784 -3.444 -3.587 -3.707 -3.806 -3.974 -3.55 -3.455 -3.608 -3.996 -4.165 -4.355 -3.64
13.377 -3.002 -2.953 -3.028 -3.221 -3.363 -3.502 -3.141 -3.243 -3.365 -3.507 -3.648 -3.796 -3.238 -3.41 -3.582 -3.703 -3.814 -3.474 -3.617 -3.737 -3.836 -4.004 -3.58 -3.485 -3.638 -4.026 -4.195 -4.385 -3.67
13.6997 -3.032 -2.983 -3.058 -3.251 -3.393 -3.532 -3.171 -3.273 -3.395 -3.537 -3.678 -3.826 -3.268 -3.44 -3.612 -3.733 -3.844 -3.504 -3.647 -3.767 -3.866 -4.034 -3.61 -3.515 -3.668 -4.056 -4.225 -4.415 -3.7
14.0302 -3.062 -3.013 -3.087 -3.28 -3.423 -3.562 -3.201 -3.303 -3.425 -3.567 -3.708 -3.856 -3.298 -3.47 -3.642 -3.763 -3.874 -3.534 -3.677 -3.797 -3.896 -4.064 -3.64 -3.545 -3.698 -4.086 -4.255 -4.445 -3.73
14.3686 -3.092 -3.043 -3.117 -3.31 -3.453 -3.592 -3.231 -3.333 -3.455 -3.597 -3.738 -3.886 -3.328 -3.5 -3.672 -3.793 -3.904 -3.564 -3.707 -3.826 -3.926 -4.094 -3.67 -3.575 -3.728 -4.115 -4.285 -4.475 -3.76
14.7153 -3.122 -3.073 -3.147 -3.34 -3.483 -3.622 -3.261 -3.363 -3.485 -3.627 -3.768 -3.916 -3.358 -3.53 -3.702 -3.823 -3.933 -3.594 -3.737 -3.856 -3.955 -4.124 -3.7 -3.605 -3.757 -4.145 -4.315 -4.505 -3.79
15.0702 -3.152 -3.102 -3.177 -3.37 -3.513 -3.652 -3.291 -3.393 -3.515 -3.657 -3.797 -3.946 -3.388 -3.56 -3.732 -3.853 -3.963 -3.624 -3.767 -3.886 -3.985 -4.154 -3.73 -3.635 -3.787 -4.175 -4.345 -4.535 -3.82
15.4338 -3.182 -3.132 -3.207 -3.4 -3.543 -3.682 -3.321 -3.423 -3.545 -3.687 -3.827 -3.976 -3.418 -3.59 -3.762 -3.883 -3.993 -3.654 -3.797 -3.916 -4.015 -4.184 -3.76 -3.665 -3.817 -4.205 -4.375 -4.565 -3.85
15.8061 -3.204 -3.155 -3.229 -3.422 -3.565 -3.704 -3.343 -3.445 -3.567 -3.709 -3.85 -3.998 -3.44 -3.612 -3.784 -3.905 -4.015 -3.676 -3.819 -3.938 -4.037 -4.206 -3.782 -3.687 -3.839 -4.227 -4.397 -4.587 -3.872
16.1874 -3.203 -3.154 -3.229 -3.422 -3.564 -3.703 -3.343 -3.444 -3.567 -3.708 -3.849 -3.998 -3.439 -3.612 -3.784 -3.904 -4.015 -3.675 -3.818 -3.938 -4.037 -4.205 -3.781 -3.686 -3.839 -4.227 -4.396 -4.587 -3.872
16.5779 -3.203 -3.153 -3.228 -3.421 -3.564 -3.703 -3.342 -3.444 -3.566 -3.708 -3.848 -3.997 -3.439 -3.611 -3.783 -3.904 -4.014 -3.675 -3.818 -3.937 -4.036 -4.205 -3.781 -3.686 -3.838 -4.226 -4.396 -4.586 -3.871
16.9778 -3.202 -3.153 -3.228 -3.421 -3.563 -3.702 -3.341 -3.443 -3.566 -3.707 -3.848 -3.996 -3.438 -3.611 -3.783 -3.903 -4.014 -3.674 -3.817 -3.937 -4.036 -4.204 -3.78 -3.685 -3.838 -4.226 -4.395 -4.585 -3.87
17.3873 -3.202 -3.152 -3.227 -3.42 -3.563 -3.702 -3.341 -3.443 -3.565 -3.707 -3.847 -3.996 -3.438 -3.61 -3.782 -3.903 -4.013 -3.674 -3.816 -3.936 -4.035 -4.204 -3.78 -3.685 -3.837 -4.225 -4.395 -4.585 -3.87
17.8068 -3.201 -3.152 -3.227 -3.42 -3.562 -3.701 -3.34 -3.442 -3.564 -3.706 -3.847 -3.995 -3.437 -3.61 -3.781 -3.902 -4.013 -3.673 -3.816 -3.936 -4.035 -4.203 -3.779 -3.684 -3.837 -4.225 -4.394 -4.584 -3.869
18.2363 -3.201 -3.151 -3.226 -3.419 -3.562 -3.701 -3.34 -3.441 -3.564 -3.706 -3.846 -3.995 -3.436 -3.609 -3.781 -3.902 -4.012 -3.673 -3.815 -3.935 -4.034 -4.202 -3.779 -3.683 -3.836 -4.224 -4.394 -4.584 -3.869
18.6762 -3.2 -3.151 -3.226 -3.419 -3.561 -3.7 -3.339 -3.441 -3.563 -3.705 -3.846 -3.994 -3.436 -3.608 -3.78 -3.901 -4.012 -3.672 -3.815 -3.935 -4.034 -4.202 -3.778 -3.683 -3.836 -4.224 -4.393 -4.583 -3.868
19.1268 -3.2 -3.15 -3.225 -3.418 -3.56 -3.7 -3.339 -3.44 -3.563 -3.705 -3.845 -3.994 -3.435 -3.608 -3.78 -3.9 -4.011 -3.672 -3.814 -3.934 -4.033 -4.201 -3.778 -3.682 -3.835 -4.223 -4.392 -4.583 -3.868
19.5882 -3.199 -3.15 -3.225 -3.417 -3.56 -3.699 -3.338 -3.44 -3.562 -3.704 -3.845 -3.993 -3.435 -3.607 -3.779 -3.9 -4.011 -3.671 -3.814 -3.934 -4.033 -4.201 -3.777 -3.682 -3.835 -4.223 -4.392 -4.582 -3.867
20.0607 -3.198 -3.148 -3.223 -3.416 -3.559 -3.698 -3.337 -3.439 -3.561 -3.703 -3.843 -3.992 -3.434 -3.606 -3.778 -3.899 -4.009 -3.67 -3.812 -3.932 -4.031 -4.2 -3.776 -3.681 -3.833 -4.221 -4.391 -4.581 -3.866
20.5446 -3.196 -3.146 -3.221 -3.414 -3.556 -3.695 -3.335 -3.436 -3.559 -3.701 -3.841 -3.99 -3.431 -3.604 -3.776 -3.896 -4.007 -3.668 -3.81 -3.93 -4.029 -4.197 -3.773 -3.678 -3.831 -4.219 -4.388 -4.579 -3.864
21.0402 -3.193 -3.144 -3.219 -3.412 -3.554 -3.693 -3.332 -3.434 -3.556 -3.698 -3.839 -3.987 -3.429 -3.601 -3.773 -3.894 -4.005 -3.665 -3.808 -3.928 -4.027 -4.195 -3.771 -3.676 -3.829 -4.217 -4.386 -4.576 -3.861
21.5478 -3.191 -3.141 -3.216 -3.409 -3.552 -3.691 -3.33 -3.432 -3.554 -3.696 -3.836 -3.985 -3.427 -3.599 -3.771 -3.892 -4.002 -3.663 -3.805 -3.925 -4.024 -4.193 -3.769 -3.674 -3.826 -4.214 -4.384 -4.574 -3.859
22.0676 -3.188 -3.139 -3.214 -3.407 -3.549 -3.688 -3.328 -3.429 -3.552 -3.694 -3.834 -3.983 -3.424 -3.597 -3.769 -3.889 -4.0 -3.661 -3.803 -3.923 -4.022 -4.19 -3.766 -3.671 -3.824 -4.212 -4.381 -4.572 -3.857
22.5999 -3.186 -3.137 -3.212 -3.404 -3.547 -3.686 -3.325 -3.427 -3.549 -3.691 -3.832 -3.98 -3.422 -3.594 -3.766 -3.887 -3.998 -3.658 -3.801 -3.921 -4.02 -4.188 -3.764 -3.669 -3.822 -4.21 -4.379 -4.569 -3.854
23.1451 -3.184 -3.134 -3.209 -3.402 -3.545 -3.684 -3.323 -3.425 -3.547 -3.689 -3.829 -3.978 -3.42 -3.592 -3.764 -3.885 -3.995 -3.656 -3.798 -3.918 -4.017 -4.186 -3.762 -3.666 -3.819 -4.207 -4.377 -4.567 -3.852
23.7034 -3.181 -3.132 -3.207 -3.4 -3.542 -3.681 -3.321 -3.422 -3.545 -3.686 -3.827 -3.976 -3.417 -3.59 -3.762 -3.882 -3.993 -3.653 -3.796 -3.916 -4.015 -4.183 -3.759 -3.664 -3.817 -4.205 -4.374 -4.565 -3.85
24.2752 -3.179 -3.13 -3.205 -3.397 -3.54 -3.679 -3.318 -3.42 -3.542 -3.684 -3.825 -3.973 -3.415 -3.587 -3.759 -3.88 -3.991 -3.651 -3.794 -3.914 -4.013 -4.181 -3.757 -3.662 -3.815 -4.203 -4.372 -4.562 -3.847
24.8608 -3.177 -3.127 -3.202 -3.395 -3.538 -3.677 -3.316 -3.418 -3.54 -3.682 -3.822 -3.971 -3.412 -3.585 -3.757 -3.878 -3.988 -3.649 -3.791 -3.911 -4.01 -4.178 -3.755 -3.659 -3.812 -4.2 -4.37 -4.56 -3.845
25.4606 -3.177 -3.127 -3.202 -3.395 -3.537 -3.677 -3.316 -3.417 -3.54 -3.682 -3.822 -3.971 -3.412 -3.585 -3.757 -3.877 -3.988 -3.649 -3.791 -3.911 -4.01 -4.178 -3.755 -3.659 -3.812 -4.2 -4.369 -4.56 -3.845
