web/models/grb/offaxis/8/grb_0.2967_719.6857_0.6309573.dat
# %ECSV 1.0
# ---
# datatype:
# - {name: time, datatype: float64}
# - {name: swift_uvot_uvw2, datatype: float64}
# - {name: swift_uvot_uvm2, datatype: float64}
# - {name: swift_uvot_uvw1, datatype: float64}
# - {name: swift_uvot_U, datatype: float64}
# - {name: swift_uvot_B, datatype: float64}
# - {name: swift_uvot_V, datatype: float64}
# - {name: swift_uvot_W, datatype: float64}
# - {name: johnson_U, datatype: float64}
# - {name: johnson_B, datatype: float64}
# - {name: johnson_V, datatype: float64}
# - {name: johnson_R, datatype: float64}
# - {name: johnson_I, datatype: float64}
# - {name: sdss_u, datatype: float64}
# - {name: sdss_g, datatype: float64}
# - {name: sdss_r, datatype: float64}
# - {name: sdss_i, datatype: float64}
# - {name: sdss_z, datatype: float64}
# - {name: PS1_g, datatype: float64}
# - {name: PS1_r, datatype: float64}
# - {name: PS1_i, datatype: float64}
# - {name: PS1_z, datatype: float64}
# - {name: PS1_Y, datatype: float64}
# - {name: ukirt_J, datatype: float64}
# - {name: ukirt_H, datatype: float64}
# - {name: ukirt_K, datatype: float64}
# meta: !!omap
# - comment: [E = 0.31231838447717747, Eta0 = 8.02, GammaB = 12.0, dL = 0.012188, epsb = 6.760829753919819e-06, epse = 0.1, n = 0.630957344480193,
#     p = 2.15, theta_obs = 0.29670597283903605, xiN = 1.0, z = 0.0, type = grb, E_kiso = 719.6856730011514]
# schema: astropy-2.0
time swift_uvot_uvw2 swift_uvot_uvm2 swift_uvot_uvw1 swift_uvot_U swift_uvot_B swift_uvot_V swift_uvot_W johnson_U johnson_B johnson_V johnson_R johnson_I sdss_u sdss_g sdss_r sdss_i sdss_z PS1_g PS1_r PS1_i PS1_z PS1_Y ukirt_J ukirt_H ukirt_K
[from data line 92]
0.0896 -6.397 -6.347 -6.422 -6.615 -6.758 -6.897 -6.536 -6.638 -6.76 -6.902 -7.042 -7.191 -6.633 -6.805 -6.977 -7.098 -7.208 -6.869 -7.011 -7.131 -7.23 -7.399 -7.42 -7.59 -7.78
0.0918 -6.423 -6.374 -6.448 -6.641 -6.784 -6.923 -6.562 -6.664 -6.786 -6.928 -7.069 -7.217 -6.659 -6.831 -7.003 -7.124 -7.234 -6.895 -7.038 -7.157 -7.256 -7.425 -7.446 -7.616 -7.806
0.094 -6.449 -6.4 -6.474 -6.667 -6.81 -6.949 -6.588 -6.69 -6.812 -6.954 -7.095 -7.243 -6.685 -6.857 -7.029 -7.15 -7.261 -6.921 -7.064 -7.184 -7.283 -7.451 -7.473 -7.642 -7.832
0.0963 -6.475 -6.426 -6.501 -6.694 -6.836 -6.975 -6.614 -6.716 -6.838 -6.98 -7.121 -7.269 -6.711 -6.883 -7.055 -7.176 -7.287 -6.947 -7.09 -7.21 -7.309 -7.477 -7.499 -7.668 -7.858
0.0986 -6.501 -6.452 -6.527 -6.72 -6.862 -7.001 -6.64 -6.742 -6.864 -7.006 -7.147 -7.295 -6.737 -6.91 -7.081 -7.202 -7.313 -6.973 -7.116 -7.236 -7.335 -7.503 -7.525 -7.694 -7.884
0.101 -6.527 -6.478 -6.553 -6.746 -6.888 -7.027 -6.666 -6.768 -6.891 -7.032 -7.173 -7.321 -6.763 -6.936 -7.108 -7.228 -7.339 -6.999 -7.142 -7.262 -7.361 -7.529 -7.551 -7.72 -7.911
0.1034 -6.553 -6.504 -6.579 -6.772 -6.914 -7.053 -6.693 -6.794 -6.917 -7.059 -7.199 -7.348 -6.789 -6.962 -7.134 -7.254 -7.365 -7.026 -7.168 -7.288 -7.387 -7.555 -7.577 -7.746 -7.937
0.1059 -6.579 -6.53 -6.605 -6.798 -6.94 -7.079 -6.718 -6.82 -6.942 -7.084 -7.225 -7.373 -6.815 -6.987 -7.159 -7.28 -7.391 -7.051 -7.194 -7.314 -7.413 -7.581 -7.603 -7.772 -7.962
0.1084 -6.604 -6.555 -6.63 -6.823 -6.965 -7.104 -6.743 -6.845 -6.967 -7.109 -7.25 -7.398 -6.84 -7.013 -7.184 -7.305 -7.416 -7.076 -7.219 -7.339 -7.438 -7.606 -7.628 -7.797 -7.987
0.1111 -6.629 -6.58 -6.655 -6.848 -6.99 -7.129 -6.768 -6.87 -6.993 -7.134 -7.275 -7.423 -6.865 -7.038 -7.209 -7.33 -7.441 -7.101 -7.244 -7.364 -7.463 -7.631 -7.653 -7.822 -8.012
0.1137 -6.654 -6.605 -6.68 -6.873 -7.015 -7.154 -6.794 -6.895 -7.018 -7.159 -7.3 -7.449 -6.89 -7.063 -7.235 -7.355 -7.466 -7.126 -7.269 -7.389 -7.488 -7.656 -7.678 -7.847 -8.038
0.1165 -6.68 -6.63 -6.705 -6.898 -7.04 -7.179 -6.819 -6.92 -7.043 -7.185 -7.325 -7.474 -6.915 -7.088 -7.26 -7.38 -7.491 -7.152 -7.294 -7.414 -7.513 -7.681 -7.703 -7.872 -8.063
0.1193 -6.705 -6.655 -6.73 -6.923 -7.065 -7.204 -6.844 -6.945 -7.068 -7.21 -7.35 -7.499 -6.94 -7.113 -7.285 -7.405 -7.516 -7.177 -7.319 -7.439 -7.538 -7.706 -7.728 -7.897 -8.088
0.1222 -6.73 -6.68 -6.755 -6.948 -7.09 -7.23 -6.869 -6.97 -7.093 -7.235 -7.375 -7.524 -6.965 -7.138 -7.31 -7.431 -7.541 -7.202 -7.344 -7.464 -7.563 -7.731 -7.753 -7.922 -8.113
0.1251 -6.755 -6.705 -6.78 -6.973 -7.116 -7.255 -6.894 -6.995 -7.118 -7.26 -7.4 -7.549 -6.99 -7.163 -7.335 -7.456 -7.566 -7.227 -7.369 -7.489 -7.588 -7.756 -7.778 -7.948 -8.138
0.1281 -6.78 -6.73 -6.805 -6.998 -7.141 -7.28 -6.919 -7.021 -7.143 -7.285 -7.425 -7.574 -7.016 -7.188 -7.36 -7.481 -7.591 -7.252 -7.394 -7.514 -7.613 -7.782 -7.803 -7.973 -8.163
0.1312 -6.805 -6.755 -6.83 -7.023 -7.166 -7.305 -6.944 -7.046 -7.168 -7.31 -7.45 -7.599 -7.041 -7.213 -7.385 -7.506 -7.616 -7.277 -7.42 -7.539 -7.638 -7.807 -7.828 -7.998 -8.188
0.1344 -6.83 -6.78 -6.855 -7.048 -7.191 -7.33 -6.969 -7.071 -7.193 -7.335 -7.475 -7.624 -7.066 -7.238 -7.41 -7.531 -7.641 -7.302 -7.445 -7.564 -7.663 -7.832 -7.853 -8.023 -8.213
0.1376 -6.855 -6.805 -6.88 -7.073 -7.216 -7.355 -6.994 -7.096 -7.218 -7.36 -7.5 -7.649 -7.091 -7.263 -7.435 -7.556 -7.666 -7.327 -7.469 -7.589 -7.688 -7.857 -7.878 -8.048 -8.238
0.141 -6.88 -6.83 -6.905 -7.098 -7.241 -7.38 -7.019 -7.12 -7.243 -7.385 -7.525 -7.674 -7.115 -7.288 -7.46 -7.581 -7.691 -7.352 -7.494 -7.614 -7.713 -7.881 -7.903 -8.072 -8.263
0.1444 -6.905 -6.855 -6.93 -7.123 -7.265 -7.405 -7.044 -7.145 -7.268 -7.41 -7.55 -7.699 -7.14 -7.313 -7.485 -7.605 -7.716 -7.377 -7.519 -7.639 -7.738 -7.906 -7.928 -8.097 -8.288
0.1478 -6.93 -6.88 -6.955 -7.148 -7.29 -7.429 -7.069 -7.17 -7.293 -7.435 -7.575 -7.724 -7.165 -7.338 -7.51 -7.63 -7.741 -7.402 -7.544 -7.664 -7.763 -7.931 -7.953 -8.122 -8.313
0.1514 -6.954 -6.905 -6.98 -7.173 -7.315 -7.454 -7.094 -7.195 -7.318 -7.46 -7.6 -7.749 -7.19 -7.363 -7.535 -7.655 -7.766 -7.427 -7.569 -7.689 -7.788 -7.956 -7.978 -8.147 -8.338
0.1551 -6.979 -6.93 -7.005 -7.198 -7.34 -7.479 -7.118 -7.22 -7.343 -7.484 -7.625 -7.773 -7.215 -7.388 -7.56 -7.68 -7.791 -7.451 -7.594 -7.714 -7.813 -7.981 -8.003 -8.172 -8.363
0.1588 -7.004 -6.955 -7.03 -7.223 -7.365 -7.504 -7.143 -7.245 -7.367 -7.509 -7.65 -7.798 -7.24 -7.413 -7.584 -7.705 -7.816 -7.476 -7.619 -7.739 -7.838 -8.006 -8.028 -8.197 -8.387
0.1626 -7.029 -6.98 -7.055 -7.248 -7.39 -7.529 -7.168 -7.27 -7.392 -7.534 -7.675 -7.823 -7.265 -7.438 -7.609 -7.73 -7.841 -7.501 -7.644 -7.764 -7.863 -8.031 -8.053 -8.222 -8.412
0.1666 -7.054 -7.005 -7.08 -7.272 -7.415 -7.554 -7.193 -7.295 -7.417 -7.559 -7.7 -7.848 -7.29 -7.462 -7.634 -7.755 -7.866 -7.526 -7.669 -7.789 -7.888 -8.056 -8.078 -8.247 -8.437
0.1706 -7.076 -7.026 -7.101 -7.294 -7.437 -7.576 -7.215 -7.317 -7.439 -7.581 -7.721 -7.87 -7.312 -7.484 -7.656 -7.777 -7.887 -7.548 -7.69 -7.81 -7.909 -8.078 -8.099 -8.269 -8.459
0.1747 -7.096 -7.047 -7.121 -7.314 -7.457 -7.596 -7.235 -7.337 -7.459 -7.601 -7.742 -7.89 -7.332 -7.504 -7.676 -7.797 -7.908 -7.568 -7.711 -7.831 -7.93 -8.098 -8.12 -8.289 -8.479
0.1789 -7.116 -7.067 -7.142 -7.335 -7.477 -7.616 -7.255 -7.357 -7.48 -7.621 -7.762 -7.91 -7.352 -7.525 -7.696 -7.817 -7.928 -7.588 -7.731 -7.851 -7.95 -8.118 -8.14 -8.309 -8.499
0.1832 -7.137 -7.087 -7.162 -7.355 -7.497 -7.637 -7.276 -7.377 -7.5 -7.642 -7.782 -7.931 -7.372 -7.545 -7.717 -7.837 -7.948 -7.609 -7.751 -7.871 -7.97 -8.138 -8.16 -8.329 -8.52
0.1876 -7.157 -7.107 -7.182 -7.375 -7.518 -7.657 -7.296 -7.398 -7.52 -7.662 -7.802 -7.951 -7.393 -7.565 -7.737 -7.858 -7.968 -7.629 -7.771 -7.891 -7.99 -8.159 -8.18 -8.35 -8.54
0.1922 -7.177 -7.128 -7.203 -7.395 -7.538 -7.677 -7.316 -7.418 -7.54 -7.682 -7.823 -7.971 -7.413 -7.585 -7.757 -7.878 -7.989 -7.649 -7.792 -7.912 -8.011 -8.179 -8.201 -8.37 -8.56
0.1968 -7.197 -7.148 -7.223 -7.416 -7.558 -7.697 -7.336 -7.438 -7.561 -7.702 -7.843 -7.992 -7.433 -7.606 -7.778 -7.898 -8.009 -7.669 -7.812 -7.932 -8.031 -8.199 -8.221 -8.39 -8.581
0.2015 -7.218 -7.168 -7.243 -7.436 -7.578 -7.718 -7.357 -7.458 -7.581 -7.723 -7.863 -8.012 -7.453 -7.626 -7.798 -7.919 -8.029 -7.69 -7.832 -7.952 -8.051 -8.219 -8.241 -8.41 -8.601
0.2064 -7.238 -7.188 -7.263 -7.456 -7.599 -7.738 -7.377 -7.479 -7.601 -7.743 -7.883 -8.032 -7.474 -7.646 -7.818 -7.939 -8.049 -7.71 -7.853 -7.972 -8.071 -8.24 -8.261 -8.431 -8.621
0.2114 -7.258 -7.209 -7.284 -7.477 -7.619 -7.758 -7.397 -7.499 -7.621 -7.763 -7.904 -8.052 -7.494 -7.666 -7.838 -7.959 -8.07 -7.73 -7.873 -7.993 -8.092 -8.26 -8.282 -8.451 -8.641
0.2165 -7.275 -7.225 -7.3 -7.493 -7.636 -7.775 -7.414 -7.516 -7.638 -7.78 -7.92 -8.069 -7.511 -7.683 -7.855 -7.976 -8.086 -7.747 -7.889 -8.009 -8.108 -8.277 -8.298 -8.468 -8.658
0.2217 -7.291 -7.241 -7.316 -7.509 -7.651 -7.791 -7.43 -7.531 -7.654 -7.796 -7.936 -8.085 -7.526 -7.699 -7.871 -7.992 -8.102 -7.763 -7.905 -8.025 -8.124 -8.292 -8.314 -8.483 -8.674
0.2271 -7.307 -7.257 -7.332 -7.525 -7.667 -7.806 -7.446 -7.547 -7.67 -7.812 -7.952 -8.101 -7.542 -7.715 -7.887 -8.007 -8.118 -7.779 -7.921 -8.041 -8.14 -8.308 -8.33 -8.499 -8.69
0.2325 -7.322 -7.273 -7.348 -7.541 -7.683 -7.822 -7.462 -7.563 -7.686 -7.827 -7.968 -8.117 -7.558 -7.731 -7.903 -8.023 -8.134 -7.794 -7.937 -8.057 -8.156 -8.324 -8.346 -8.515 -8.706
0.2381 -7.338 -7.289 -7.364 -7.557 -7.699 -7.838 -7.477 -7.579 -7.701 -7.843 -7.984 -8.132 -7.574 -7.747 -7.918 -8.039 -8.15 -7.81 -7.953 -8.073 -8.172 -8.34 -8.362 -8.531 -8.721
0.2439 -7.354 -7.305 -7.38 -7.573 -7.715 -7.854 -7.493 -7.595 -7.717 -7.859 -8.0 -8.148 -7.59 -7.762 -7.934 -8.055 -8.166 -7.826 -7.969 -8.089 -8.188 -8.356 -8.378 -8.547 -8.737
0.2498 -7.37 -7.321 -7.395 -7.588 -7.731 -7.87 -7.509 -7.611 -7.733 -7.875 -8.016 -8.164 -7.606 -7.778 -7.95 -8.071 -8.182 -7.842 -7.985 -8.105 -8.204 -8.372 -8.394 -8.563 -8.753
0.2558 -7.386 -7.336 -7.411 -7.604 -7.747 -7.886 -7.525 -7.627 -7.749 -7.891 -8.031 -8.18 -7.622 -7.794 -7.966 -8.087 -8.197 -7.858 -8.001 -8.12 -8.219 -8.388 -8.409 -8.579 -8.769
0.262 -7.402 -7.352 -7.427 -7.62 -7.763 -7.902 -7.541 -7.643 -7.765 -7.907 -8.047 -8.196 -7.638 -7.81 -7.982 -8.103 -8.213 -7.874 -8.016 -8.136 -8.235 -8.404 -8.425 -8.595 -8.785
0.2683 -7.418 -7.368 -7.443 -7.636 -7.778 -7.918 -7.557 -7.658 -7.781 -7.923 -8.063 -8.212 -7.653 -7.826 -7.998 -8.119 -8.229 -7.89 -8.032 -8.152 -8.251 -8.419 -8.441 -8.61 -8.801
0.2748 -7.432 -7.383 -7.457 -7.65 -7.793 -7.932 -7.571 -7.673 -7.795 -7.937 -8.078 -8.226 -7.668 -7.84 -8.012 -8.133 -8.244 -7.904 -8.047 -8.167 -8.266 -8.434 -8.456 -8.625 -8.815
0.2814 -7.446 -7.397 -7.472 -7.665 -7.807 -7.946 -7.585 -7.687 -7.81 -7.951 -8.092 -8.241 -7.682 -7.855 -8.027 -8.147 -8.258 -7.918 -8.061 -8.181 -8.28 -8.448 -8.47 -8.639 -8.83
0.2882 -7.461 -7.411 -7.486 -7.679 -7.822 -7.961 -7.6 -7.701 -7.824 -7.966 -8.106 -8.255 -7.696 -7.869 -8.041 -8.162 -8.272 -7.933 -8.075 -8.195 -8.294 -8.462 -8.484 -8.654 -8.844
0.2951 -7.475 -7.426 -7.5 -7.693 -7.836 -7.975 -7.614 -7.716 -7.838 -7.98 -8.121 -8.269 -7.711 -7.883 -8.055 -8.176 -8.287 -7.947 -8.09 -8.21 -8.309 -8.477 -8.499 -8.668 -8.858
0.3022 -7.489 -7.44 -7.515 -7.708 -7.85 -7.989 -7.629 -7.73 -7.853 -7.994 -8.135 -8.284 -7.725 -7.898 -8.07 -8.19 -8.301 -7.961 -8.104 -8.224 -8.323 -8.491 -8.513 -8.682 -8.873
0.3095 -7.504 -7.454 -7.529 -7.722 -7.865 -8.004 -7.643 -7.745 -7.867 -8.009 -8.149 -8.298 -7.739 -7.912 -8.084 -8.205 -8.315 -7.976 -8.118 -8.238 -8.337 -8.505 -8.527 -8.697 -8.887
0.317 -7.518 -7.469 -7.544 -7.736 -7.879 -8.018 -7.657 -7.759 -7.881 -8.023 -8.164 -8.312 -7.754 -7.926 -8.098 -8.219 -8.33 -7.99 -8.133 -8.253 -8.352 -8.52 -8.542 -8.711 -8.901
0.3247 -7.532 -7.483 -7.558 -7.751 -7.893 -8.032 -7.672 -7.773 -7.896 -8.037 -8.178 -8.327 -7.768 -7.941 -8.113 -8.233 -8.344 -8.004 -8.147 -8.267 -8.366 -8.534 -8.556 -8.725 -8.916
0.3325 -7.547 -7.497 -7.572 -7.765 -7.908 -8.047 -7.686 -7.788 -7.91 -8.052 -8.192 -8.341 -7.782 -7.955 -8.127 -8.248 -8.358 -8.019 -8.161 -8.281 -8.38 -8.549 -8.57 -8.74 -8.93
0.3405 -7.561 -7.511 -7.586 -7.779 -7.922 -8.061 -7.7 -7.802 -7.924 -8.066 -8.206 -8.355 -7.797 -7.969 -8.141 -8.262 -8.372 -8.033 -8.175 -8.295 -8.394 -8.563 -8.584 -8.754 -8.944
0.3487 -7.573 -7.523 -7.598 -7.791 -7.933 -8.072 -7.712 -7.813 -7.936 -8.078 -8.218 -8.367 -7.808 -7.981 -8.153 -8.273 -8.384 -8.045 -8.187 -8.307 -8.406 -8.574 -8.596 -8.765 -8.956
0.3571 -7.584 -7.535 -7.61 -7.803 -7.945 -8.084 -7.723 -7.825 -7.947 -8.089 -8.23 -8.378 -7.82 -7.993 -8.164 -8.285 -8.396 -8.056 -8.199 -8.319 -8.418 -8.586 -8.608 -8.777 -8.967
0.3657 -7.596 -7.547 -7.621 -7.814 -7.957 -8.096 -7.735 -7.837 -7.959 -8.101 -8.242 -8.39 -7.832 -8.004 -8.176 -8.297 -8.407 -8.068 -8.211 -8.33 -8.429 -8.598 -8.619 -8.789 -8.979
0.3746 -7.608 -7.558 -7.633 -7.826 -7.969 -8.108 -7.747 -7.848 -7.971 -8.113 -8.253 -8.402 -7.843 -8.016 -8.188 -8.309 -8.419 -8.08 -8.222 -8.342 -8.441 -8.609 -8.631 -8.801 -8.991
0.3836 -7.619 -7.57 -7.645 -7.838 -7.98 -8.119 -7.759 -7.86 -7.983 -8.125 -8.265 -8.414 -7.855 -8.028 -8.2 -8.32 -8.431 -8.092 -8.234 -8.354 -8.453 -8.621 -8.643 -8.812 -9.003
0.3929 -7.631 -7.582 -7.657 -7.85 -7.992 -8.131 -7.77 -7.872 -7.994 -8.136 -8.277 -8.425 -7.867 -8.04 -8.211 -8.332 -8.443 -8.103 -8.246 -8.366 -8.465 -8.633 -8.655 -8.824 -9.014
0.4023 -7.643 -7.594 -7.668 -7.861 -8.004 -8.143 -7.782 -7.884 -8.006 -8.148 -8.288 -8.437 -7.879 -8.051 -8.223 -8.344 -8.454 -8.115 -8.258 -8.377 -8.476 -8.645 -8.666 -8.836 -9.026
0.412 -7.655 -7.605 -7.68 -7.873 -8.015 -8.155 -7.794 -7.895 -8.018 -8.16 -8.3 -8.449 -7.89 -8.063 -8.235 -8.356 -8.466 -8.127 -8.269 -8.389 -8.488 -8.656 -8.678 -8.847 -9.038
0.422 -7.666 -7.617 -7.692 -7.885 -8.027 -8.166 -7.806 -7.907 -8.03 -8.171 -8.312 -8.461 -7.902 -8.075 -8.247 -8.367 -8.478 -8.138 -8.281 -8.401 -8.5 -8.668 -8.69 -8.859 -9.05
0.4322 -7.679 -7.629 -7.704 -7.897 -8.039 -8.178 -7.818 -7.919 -8.042 -8.184 -8.324 -8.473 -7.914 -8.087 -8.259 -8.379 -8.49 -8.151 -8.293 -8.413 -8.512 -8.68 -8.702 -8.871 -9.062
0.4426 -7.692 -7.642 -7.717 -7.91 -8.052 -8.191 -7.831 -7.932 -8.055 -8.197 -8.337 -8.486 -7.927 -8.1 -8.272 -8.392 -8.503 -8.164 -8.306 -8.426 -8.525 -8.693 -8.715 -8.884 -9.075
0.4533 -7.705 -7.655 -7.73 -7.923 -8.065 -8.205 -7.844 -7.945 -8.068 -8.21 -8.35 -8.499 -7.94 -8.113 -8.285 -8.405 -8.516 -8.177 -8.319 -8.439 -8.538 -8.706 -8.728 -8.897 -9.088
0.4642 -7.718 -7.668 -7.743 -7.936 -8.078 -8.218 -7.857 -7.958 -8.081 -8.223 -8.363 -8.512 -7.953 -8.126 -8.298 -8.419 -8.529 -8.19 -8.332 -8.452 -8.551 -8.719 -8.741 -8.91 -9.101
0.4754 -7.731 -7.681 -7.756 -7.949 -8.092 -8.231 -7.87 -7.972 -8.094 -8.236 -8.376 -8.525 -7.966 -8.139 -8.311 -8.432 -8.542 -8.203 -8.345 -8.465 -8.564 -8.733 -8.754 -8.924 -9.114
0.4869 -7.744 -7.694 -7.769 -7.962 -8.105 -8.244 -7.883 -7.985 -8.107 -8.249 -8.389 -8.538 -7.98 -8.152 -8.324 -8.445 -8.555 -8.216 -8.358 -8.478 -8.577 -8.746 -8.767 -8.937 -9.127
0.4986 -7.757 -7.707 -7.782 -7.975 -8.118 -8.257 -7.896 -7.998 -8.12 -8.262 -8.402 -8.551 -7.993 -8.165 -8.337 -8.458 -8.568 -8.229 -8.372 -8.491 -8.59 -8.759 -8.78 -8.95 -9.14
0.5106 -7.77 -7.721 -7.795 -7.988 -8.131 -8.27 -7.909 -8.011 -8.133 -8.275 -8.416 -8.564 -8.006 -8.178 -8.35 -8.471 -8.581 -8.242 -8.385 -8.504 -8.603 -8.772 -8.793 -8.963 -9.153
0.523 -7.783 -7.734 -7.808 -8.001 -8.144 -8.283 -7.922 -8.024 -8.146 -8.288 -8.429 -8.577 -8.019 -8.191 -8.363 -8.484 -8.595 -8.255 -8.398 -8.517 -8.617 -8.785 -8.806 -8.976 -9.166
0.5356 -7.796 -7.747 -7.822 -8.014 -8.157 -8.296 -7.935 -8.037 -8.159 -8.301 -8.442 -8.59 -8.032 -8.204 -8.376 -8.497 -8.608 -8.268 -8.411 -8.531 -8.63 -8.798 -8.82 -8.989 -9.179
0.5485 -7.811 -7.761 -7.836 -8.029 -8.171 -8.311 -7.95 -8.051 -8.174 -8.316 -8.456 -8.605 -8.046 -8.219 -8.391 -8.511 -8.622 -8.283 -8.425 -8.545 -8.644 -8.812 -8.834 -9.003 -9.194
0.5617 -7.827 -7.778 -7.853 -8.046 -8.188 -8.327 -7.966 -8.068 -8.19 -8.332 -8.473 -8.621 -8.063 -8.236 -8.407 -8.528 -8.639 -8.299 -8.442 -8.562 -8.661 -8.829 -8.851 -9.02 -9.21
0.5753 -7.844 -7.794 -7.869 -8.062 -8.205 -8.344 -7.983 -8.085 -8.207 -8.349 -8.489 -8.638 -8.08 -8.252 -8.424 -8.545 -8.655 -8.316 -8.458 -8.578 -8.677 -8.846 -8.867 -9.037 -9.227
0.5891 -7.861 -7.811 -7.886 -8.079 -8.221 -8.36 -8.0 -8.101 -8.224 -8.366 -8.506 -8.655 -8.096 -8.269 -8.441 -8.561 -8.672 -8.333 -8.475 -8.595 -8.694 -8.862 -8.884 -9.053 -9.244
0.6034 -7.877 -7.828 -7.903 -8.095 -8.238 -8.377 -8.016 -8.118 -8.24 -8.382 -8.523 -8.671 -8.113 -8.285 -8.457 -8.578 -8.689 -8.349 -8.492 -8.612 -8.711 -8.879 -8.901 -9.07 -9.26
0.6179 -7.894 -7.844 -7.919 -8.112 -8.255 -8.394 -8.033 -8.134 -8.257 -8.399 -8.539 -8.688 -8.129 -8.302 -8.474 -8.595 -8.705 -8.366 -8.508 -8.628 -8.727 -8.895 -8.917 -9.087 -9.277
0.6328 -7.91 -7.861 -7.936 -8.129 -8.271 -8.41 -8.049 -8.151 -8.274 -8.415 -8.556 -8.704 -8.146 -8.319 -8.49 -8.611 -8.722 -8.382 -8.525 -8.645 -8.744 -8.912 -8.934 -9.103 -9.293
0.6481 -7.927 -7.878 -7.952 -8.145 -8.288 -8.427 -8.066 -8.168 -8.29 -8.432 -8.572 -8.721 -8.163 -8.335 -8.507 -8.628 -8.738 -8.399 -8.542 -8.661 -8.76 -8.929 -8.95 -9.12 -9.31
0.6637 -7.944 -7.894 -7.969 -8.162 -8.304 -8.443 -8.083 -8.184 -8.307 -8.449 -8.589 -8.738 -8.179 -8.352 -8.524 -8.644 -8.755 -8.416 -8.558 -8.678 -8.777 -8.945 -8.967 -9.136 -9.327
0.6797 -7.96 -7.911 -7.986 -8.179 -8.321 -8.46 -8.099 -8.201 -8.323 -8.465 -8.606 -8.754 -8.196 -8.369 -8.54 -8.661 -8.772 -8.432 -8.575 -8.695 -8.794 -8.962 -8.984 -9.153 -9.343
0.6961 -7.975 -7.926 -8.0 -8.193 -8.336 -8.475 -8.114 -8.216 -8.338 -8.48 -8.621 -8.769 -8.211 -8.383 -8.555 -8.676 -8.787 -8.447 -8.59 -8.709 -8.809 -8.977 -8.998 -9.168 -9.358
0.7129 -7.988 -7.939 -8.014 -8.207 -8.349 -8.488 -8.127 -8.229 -8.352 -8.493 -8.634 -8.783 -8.224 -8.397 -8.569 -8.689 -8.8 -8.46 -8.603 -8.723 -8.822 -8.99 -9.012 -9.181 -9.372
