web/models/linear/65/-17_878_0_035.dat
# %ECSV 1.0
# ---
# datatype:
# - {name: time, datatype: float64}
# - {name: swift_uvot_uvw2, datatype: float64}
# - {name: swift_uvot_uvm2, datatype: float64}
# - {name: swift_uvot_uvw1, datatype: float64}
# - {name: swift_uvot_U, datatype: float64}
# - {name: swift_uvot_B, datatype: float64}
# - {name: swift_uvot_V, datatype: float64}
# - {name: swift_uvot_W, datatype: float64}
# - {name: johnson_U, datatype: float64}
# - {name: johnson_B, datatype: float64}
# - {name: johnson_V, datatype: float64}
# - {name: johnson_R, datatype: float64}
# - {name: johnson_I, datatype: float64}
# - {name: sdss_u, datatype: float64}
# - {name: sdss_g, datatype: float64}
# - {name: sdss_r, datatype: float64}
# - {name: sdss_i, datatype: float64}
# - {name: sdss_z, datatype: float64}
# - {name: PS1_g, datatype: float64}
# - {name: PS1_r, datatype: float64}
# - {name: PS1_i, datatype: float64}
# - {name: PS1_z, datatype: float64}
# - {name: PS1_Y, datatype: float64}
# - {name: PS1_w, datatype: float64}
# - {name: ATLAS_c, datatype: float64}
# - {name: ATLAS_o, datatype: float64}
# - {name: ukirt_J, datatype: float64}
# - {name: ukirt_H, datatype: float64}
# - {name: ukirt_K, datatype: float64}
# - {name: Clear, datatype: float64}
# meta: !!omap
# - comment: [M=-17.877551020408163, dM=0.035437498608938814]
# schema: astropy-2.0
time swift_uvot_uvw2 swift_uvot_uvm2 swift_uvot_uvw1 swift_uvot_U swift_uvot_B swift_uvot_V swift_uvot_W johnson_U johnson_B johnson_V johnson_R johnson_I sdss_u sdss_g sdss_r sdss_i sdss_z PS1_g PS1_r PS1_i PS1_z PS1_Y PS1_w ATLAS_c ATLAS_o ukirt_J ukirt_H ukirt_K Clear
[from data line 55]
4.14572864321608 -17.730636767381156 -17.730636767381156 -17.730636767381156 -17.730636767381156 -17.730636767381156 -17.730636767381156 -17.730636767381156 -17.730636767381156 -17.730636767381156 -17.730636767381156 -17.730636767381156 -17.730636767381156 -17.730636767381156 -17.730636767381156 -17.730636767381156 -17.730636767381156 -17.730636767381156 -17.730636767381156 -17.730636767381156 -17.730636767381156 -17.730636767381156 -17.730636767381156 -17.730636767381156 -17.730636767381156 -17.730636767381156 -17.730636767381156 -17.730636767381156 -17.730636767381156 -17.730636767381156
4.221105527638191 -17.7279655991443 -17.7279655991443 -17.7279655991443 -17.7279655991443 -17.7279655991443 -17.7279655991443 -17.7279655991443 -17.7279655991443 -17.7279655991443 -17.7279655991443 -17.7279655991443 -17.7279655991443 -17.7279655991443 -17.7279655991443 -17.7279655991443 -17.7279655991443 -17.7279655991443 -17.7279655991443 -17.7279655991443 -17.7279655991443 -17.7279655991443 -17.7279655991443 -17.7279655991443 -17.7279655991443 -17.7279655991443 -17.7279655991443 -17.7279655991443 -17.7279655991443 -17.7279655991443
4.296482412060302 -17.725294430907446 -17.725294430907446 -17.725294430907446 -17.725294430907446 -17.725294430907446 -17.725294430907446 -17.725294430907446 -17.725294430907446 -17.725294430907446 -17.725294430907446 -17.725294430907446 -17.725294430907446 -17.725294430907446 -17.725294430907446 -17.725294430907446 -17.725294430907446 -17.725294430907446 -17.725294430907446 -17.725294430907446 -17.725294430907446 -17.725294430907446 -17.725294430907446 -17.725294430907446 -17.725294430907446 -17.725294430907446 -17.725294430907446 -17.725294430907446 -17.725294430907446 -17.725294430907446
4.371859296482412 -17.72262326267059 -17.72262326267059 -17.72262326267059 -17.72262326267059 -17.72262326267059 -17.72262326267059 -17.72262326267059 -17.72262326267059 -17.72262326267059 -17.72262326267059 -17.72262326267059 -17.72262326267059 -17.72262326267059 -17.72262326267059 -17.72262326267059 -17.72262326267059 -17.72262326267059 -17.72262326267059 -17.72262326267059 -17.72262326267059 -17.72262326267059 -17.72262326267059 -17.72262326267059 -17.72262326267059 -17.72262326267059 -17.72262326267059 -17.72262326267059 -17.72262326267059 -17.72262326267059
4.447236180904522 -17.719952094433737 -17.719952094433737 -17.719952094433737 -17.719952094433737 -17.719952094433737 -17.719952094433737 -17.719952094433737 -17.719952094433737 -17.719952094433737 -17.719952094433737 -17.719952094433737 -17.719952094433737 -17.719952094433737 -17.719952094433737 -17.719952094433737 -17.719952094433737 -17.719952094433737 -17.719952094433737 -17.719952094433737 -17.719952094433737 -17.719952094433737 -17.719952094433737 -17.719952094433737 -17.719952094433737 -17.719952094433737 -17.719952094433737 -17.719952094433737 -17.719952094433737 -17.719952094433737
4.522613065326633 -17.71728092619688 -17.71728092619688 -17.71728092619688 -17.71728092619688 -17.71728092619688 -17.71728092619688 -17.71728092619688 -17.71728092619688 -17.71728092619688 -17.71728092619688 -17.71728092619688 -17.71728092619688 -17.71728092619688 -17.71728092619688 -17.71728092619688 -17.71728092619688 -17.71728092619688 -17.71728092619688 -17.71728092619688 -17.71728092619688 -17.71728092619688 -17.71728092619688 -17.71728092619688 -17.71728092619688 -17.71728092619688 -17.71728092619688 -17.71728092619688 -17.71728092619688 -17.71728092619688
4.597989949748744 -17.714609757960027 -17.714609757960027 -17.714609757960027 -17.714609757960027 -17.714609757960027 -17.714609757960027 -17.714609757960027 -17.714609757960027 -17.714609757960027 -17.714609757960027 -17.714609757960027 -17.714609757960027 -17.714609757960027 -17.714609757960027 -17.714609757960027 -17.714609757960027 -17.714609757960027 -17.714609757960027 -17.714609757960027 -17.714609757960027 -17.714609757960027 -17.714609757960027 -17.714609757960027 -17.714609757960027 -17.714609757960027 -17.714609757960027 -17.714609757960027 -17.714609757960027 -17.714609757960027
4.673366834170854 -17.71193858972317 -17.71193858972317 -17.71193858972317 -17.71193858972317 -17.71193858972317 -17.71193858972317 -17.71193858972317 -17.71193858972317 -17.71193858972317 -17.71193858972317 -17.71193858972317 -17.71193858972317 -17.71193858972317 -17.71193858972317 -17.71193858972317 -17.71193858972317 -17.71193858972317 -17.71193858972317 -17.71193858972317 -17.71193858972317 -17.71193858972317 -17.71193858972317 -17.71193858972317 -17.71193858972317 -17.71193858972317 -17.71193858972317 -17.71193858972317 -17.71193858972317 -17.71193858972317
4.748743718592964 -17.709267421486317 -17.709267421486317 -17.709267421486317 -17.709267421486317 -17.709267421486317 -17.709267421486317 -17.709267421486317 -17.709267421486317 -17.709267421486317 -17.709267421486317 -17.709267421486317 -17.709267421486317 -17.709267421486317 -17.709267421486317 -17.709267421486317 -17.709267421486317 -17.709267421486317 -17.709267421486317 -17.709267421486317 -17.709267421486317 -17.709267421486317 -17.709267421486317 -17.709267421486317 -17.709267421486317 -17.709267421486317 -17.709267421486317 -17.709267421486317 -17.709267421486317 -17.709267421486317
4.824120603015075 -17.70659625324946 -17.70659625324946 -17.70659625324946 -17.70659625324946 -17.70659625324946 -17.70659625324946 -17.70659625324946 -17.70659625324946 -17.70659625324946 -17.70659625324946 -17.70659625324946 -17.70659625324946 -17.70659625324946 -17.70659625324946 -17.70659625324946 -17.70659625324946 -17.70659625324946 -17.70659625324946 -17.70659625324946 -17.70659625324946 -17.70659625324946 -17.70659625324946 -17.70659625324946 -17.70659625324946 -17.70659625324946 -17.70659625324946 -17.70659625324946 -17.70659625324946 -17.70659625324946
4.899497487437186 -17.703925085012607 -17.703925085012607 -17.703925085012607 -17.703925085012607 -17.703925085012607 -17.703925085012607 -17.703925085012607 -17.703925085012607 -17.703925085012607 -17.703925085012607 -17.703925085012607 -17.703925085012607 -17.703925085012607 -17.703925085012607 -17.703925085012607 -17.703925085012607 -17.703925085012607 -17.703925085012607 -17.703925085012607 -17.703925085012607 -17.703925085012607 -17.703925085012607 -17.703925085012607 -17.703925085012607 -17.703925085012607 -17.703925085012607 -17.703925085012607 -17.703925085012607 -17.703925085012607
4.974874371859296 -17.701253916775755 -17.701253916775755 -17.701253916775755 -17.701253916775755 -17.701253916775755 -17.701253916775755 -17.701253916775755 -17.701253916775755 -17.701253916775755 -17.701253916775755 -17.701253916775755 -17.701253916775755 -17.701253916775755 -17.701253916775755 -17.701253916775755 -17.701253916775755 -17.701253916775755 -17.701253916775755 -17.701253916775755 -17.701253916775755 -17.701253916775755 -17.701253916775755 -17.701253916775755 -17.701253916775755 -17.701253916775755 -17.701253916775755 -17.701253916775755 -17.701253916775755 -17.701253916775755
5.050251256281406 -17.6985827485389 -17.6985827485389 -17.6985827485389 -17.6985827485389 -17.6985827485389 -17.6985827485389 -17.6985827485389 -17.6985827485389 -17.6985827485389 -17.6985827485389 -17.6985827485389 -17.6985827485389 -17.6985827485389 -17.6985827485389 -17.6985827485389 -17.6985827485389 -17.6985827485389 -17.6985827485389 -17.6985827485389 -17.6985827485389 -17.6985827485389 -17.6985827485389 -17.6985827485389 -17.6985827485389 -17.6985827485389 -17.6985827485389 -17.6985827485389 -17.6985827485389 -17.6985827485389
5.125628140703517 -17.695911580302045 -17.695911580302045 -17.695911580302045 -17.695911580302045 -17.695911580302045 -17.695911580302045 -17.695911580302045 -17.695911580302045 -17.695911580302045 -17.695911580302045 -17.695911580302045 -17.695911580302045 -17.695911580302045 -17.695911580302045 -17.695911580302045 -17.695911580302045 -17.695911580302045 -17.695911580302045 -17.695911580302045 -17.695911580302045 -17.695911580302045 -17.695911580302045 -17.695911580302045 -17.695911580302045 -17.695911580302045 -17.695911580302045 -17.695911580302045 -17.695911580302045 -17.695911580302045
5.201005025125628 -17.69324041206519 -17.69324041206519 -17.69324041206519 -17.69324041206519 -17.69324041206519 -17.69324041206519 -17.69324041206519 -17.69324041206519 -17.69324041206519 -17.69324041206519 -17.69324041206519 -17.69324041206519 -17.69324041206519 -17.69324041206519 -17.69324041206519 -17.69324041206519 -17.69324041206519 -17.69324041206519 -17.69324041206519 -17.69324041206519 -17.69324041206519 -17.69324041206519 -17.69324041206519 -17.69324041206519 -17.69324041206519 -17.69324041206519 -17.69324041206519 -17.69324041206519 -17.69324041206519
5.276381909547738 -17.690569243828335 -17.690569243828335 -17.690569243828335 -17.690569243828335 -17.690569243828335 -17.690569243828335 -17.690569243828335 -17.690569243828335 -17.690569243828335 -17.690569243828335 -17.690569243828335 -17.690569243828335 -17.690569243828335 -17.690569243828335 -17.690569243828335 -17.690569243828335 -17.690569243828335 -17.690569243828335 -17.690569243828335 -17.690569243828335 -17.690569243828335 -17.690569243828335 -17.690569243828335 -17.690569243828335 -17.690569243828335 -17.690569243828335 -17.690569243828335 -17.690569243828335 -17.690569243828335
5.351758793969848 -17.68789807559148 -17.68789807559148 -17.68789807559148 -17.68789807559148 -17.68789807559148 -17.68789807559148 -17.68789807559148 -17.68789807559148 -17.68789807559148 -17.68789807559148 -17.68789807559148 -17.68789807559148 -17.68789807559148 -17.68789807559148 -17.68789807559148 -17.68789807559148 -17.68789807559148 -17.68789807559148 -17.68789807559148 -17.68789807559148 -17.68789807559148 -17.68789807559148 -17.68789807559148 -17.68789807559148 -17.68789807559148 -17.68789807559148 -17.68789807559148 -17.68789807559148 -17.68789807559148
5.427135678391959 -17.685226907354625 -17.685226907354625 -17.685226907354625 -17.685226907354625 -17.685226907354625 -17.685226907354625 -17.685226907354625 -17.685226907354625 -17.685226907354625 -17.685226907354625 -17.685226907354625 -17.685226907354625 -17.685226907354625 -17.685226907354625 -17.685226907354625 -17.685226907354625 -17.685226907354625 -17.685226907354625 -17.685226907354625 -17.685226907354625 -17.685226907354625 -17.685226907354625 -17.685226907354625 -17.685226907354625 -17.685226907354625 -17.685226907354625 -17.685226907354625 -17.685226907354625 -17.685226907354625
5.50251256281407 -17.68255573911777 -17.68255573911777 -17.68255573911777 -17.68255573911777 -17.68255573911777 -17.68255573911777 -17.68255573911777 -17.68255573911777 -17.68255573911777 -17.68255573911777 -17.68255573911777 -17.68255573911777 -17.68255573911777 -17.68255573911777 -17.68255573911777 -17.68255573911777 -17.68255573911777 -17.68255573911777 -17.68255573911777 -17.68255573911777 -17.68255573911777 -17.68255573911777 -17.68255573911777 -17.68255573911777 -17.68255573911777 -17.68255573911777 -17.68255573911777 -17.68255573911777 -17.68255573911777
5.57788944723618 -17.679884570880915 -17.679884570880915 -17.679884570880915 -17.679884570880915 -17.679884570880915 -17.679884570880915 -17.679884570880915 -17.679884570880915 -17.679884570880915 -17.679884570880915 -17.679884570880915 -17.679884570880915 -17.679884570880915 -17.679884570880915 -17.679884570880915 -17.679884570880915 -17.679884570880915 -17.679884570880915 -17.679884570880915 -17.679884570880915 -17.679884570880915 -17.679884570880915 -17.679884570880915 -17.679884570880915 -17.679884570880915 -17.679884570880915 -17.679884570880915 -17.679884570880915 -17.679884570880915
5.6532663316582905 -17.67721340264406 -17.67721340264406 -17.67721340264406 -17.67721340264406 -17.67721340264406 -17.67721340264406 -17.67721340264406 -17.67721340264406 -17.67721340264406 -17.67721340264406 -17.67721340264406 -17.67721340264406 -17.67721340264406 -17.67721340264406 -17.67721340264406 -17.67721340264406 -17.67721340264406 -17.67721340264406 -17.67721340264406 -17.67721340264406 -17.67721340264406 -17.67721340264406 -17.67721340264406 -17.67721340264406 -17.67721340264406 -17.67721340264406 -17.67721340264406 -17.67721340264406 -17.67721340264406
5.7286432160804015 -17.674542234407205 -17.674542234407205 -17.674542234407205 -17.674542234407205 -17.674542234407205 -17.674542234407205 -17.674542234407205 -17.674542234407205 -17.674542234407205 -17.674542234407205 -17.674542234407205 -17.674542234407205 -17.674542234407205 -17.674542234407205 -17.674542234407205 -17.674542234407205 -17.674542234407205 -17.674542234407205 -17.674542234407205 -17.674542234407205 -17.674542234407205 -17.674542234407205 -17.674542234407205 -17.674542234407205 -17.674542234407205 -17.674542234407205 -17.674542234407205 -17.674542234407205 -17.674542234407205
5.8040201005025125 -17.67187106617035 -17.67187106617035 -17.67187106617035 -17.67187106617035 -17.67187106617035 -17.67187106617035 -17.67187106617035 -17.67187106617035 -17.67187106617035 -17.67187106617035 -17.67187106617035 -17.67187106617035 -17.67187106617035 -17.67187106617035 -17.67187106617035 -17.67187106617035 -17.67187106617035 -17.67187106617035 -17.67187106617035 -17.67187106617035 -17.67187106617035 -17.67187106617035 -17.67187106617035 -17.67187106617035 -17.67187106617035 -17.67187106617035 -17.67187106617035 -17.67187106617035 -17.67187106617035
5.879396984924623 -17.6691998979335 -17.6691998979335 -17.6691998979335 -17.6691998979335 -17.6691998979335 -17.6691998979335 -17.6691998979335 -17.6691998979335 -17.6691998979335 -17.6691998979335 -17.6691998979335 -17.6691998979335 -17.6691998979335 -17.6691998979335 -17.6691998979335 -17.6691998979335 -17.6691998979335 -17.6691998979335 -17.6691998979335 -17.6691998979335 -17.6691998979335 -17.6691998979335 -17.6691998979335 -17.6691998979335 -17.6691998979335 -17.6691998979335 -17.6691998979335 -17.6691998979335 -17.6691998979335
5.954773869346733 -17.666528729696644 -17.666528729696644 -17.666528729696644 -17.666528729696644 -17.666528729696644 -17.666528729696644 -17.666528729696644 -17.666528729696644 -17.666528729696644 -17.666528729696644 -17.666528729696644 -17.666528729696644 -17.666528729696644 -17.666528729696644 -17.666528729696644 -17.666528729696644 -17.666528729696644 -17.666528729696644 -17.666528729696644 -17.666528729696644 -17.666528729696644 -17.666528729696644 -17.666528729696644 -17.666528729696644 -17.666528729696644 -17.666528729696644 -17.666528729696644 -17.666528729696644 -17.666528729696644
6.030150753768844 -17.66385756145979 -17.66385756145979 -17.66385756145979 -17.66385756145979 -17.66385756145979 -17.66385756145979 -17.66385756145979 -17.66385756145979 -17.66385756145979 -17.66385756145979 -17.66385756145979 -17.66385756145979 -17.66385756145979 -17.66385756145979 -17.66385756145979 -17.66385756145979 -17.66385756145979 -17.66385756145979 -17.66385756145979 -17.66385756145979 -17.66385756145979 -17.66385756145979 -17.66385756145979 -17.66385756145979 -17.66385756145979 -17.66385756145979 -17.66385756145979 -17.66385756145979 -17.66385756145979
