web/models/linear/65/-17_878_0_030.dat
# %ECSV 1.0
# ---
# datatype:
# - {name: time, datatype: float64}
# - {name: swift_uvot_uvw2, datatype: float64}
# - {name: swift_uvot_uvm2, datatype: float64}
# - {name: swift_uvot_uvw1, datatype: float64}
# - {name: swift_uvot_U, datatype: float64}
# - {name: swift_uvot_B, datatype: float64}
# - {name: swift_uvot_V, datatype: float64}
# - {name: swift_uvot_W, datatype: float64}
# - {name: johnson_U, datatype: float64}
# - {name: johnson_B, datatype: float64}
# - {name: johnson_V, datatype: float64}
# - {name: johnson_R, datatype: float64}
# - {name: johnson_I, datatype: float64}
# - {name: sdss_u, datatype: float64}
# - {name: sdss_g, datatype: float64}
# - {name: sdss_r, datatype: float64}
# - {name: sdss_i, datatype: float64}
# - {name: sdss_z, datatype: float64}
# - {name: PS1_g, datatype: float64}
# - {name: PS1_r, datatype: float64}
# - {name: PS1_i, datatype: float64}
# - {name: PS1_z, datatype: float64}
# - {name: PS1_Y, datatype: float64}
# - {name: PS1_w, datatype: float64}
# - {name: ATLAS_c, datatype: float64}
# - {name: ATLAS_o, datatype: float64}
# - {name: ukirt_J, datatype: float64}
# - {name: ukirt_H, datatype: float64}
# - {name: ukirt_K, datatype: float64}
# - {name: Clear, datatype: float64}
# meta: !!omap
# - comment: [M=-17.877551020408163, dM=0.030345556064724315]
# schema: astropy-2.0
time swift_uvot_uvw2 swift_uvot_uvm2 swift_uvot_uvw1 swift_uvot_U swift_uvot_B swift_uvot_V swift_uvot_W johnson_U johnson_B johnson_V johnson_R johnson_I sdss_u sdss_g sdss_r sdss_i sdss_z PS1_g PS1_r PS1_i PS1_z PS1_Y PS1_w ATLAS_c ATLAS_o ukirt_J ukirt_H ukirt_K Clear
[from data line 137]
10.326633165829145 -17.564183594714653 -17.564183594714653 -17.564183594714653 -17.564183594714653 -17.564183594714653 -17.564183594714653 -17.564183594714653 -17.564183594714653 -17.564183594714653 -17.564183594714653 -17.564183594714653 -17.564183594714653 -17.564183594714653 -17.564183594714653 -17.564183594714653 -17.564183594714653 -17.564183594714653 -17.564183594714653 -17.564183594714653 -17.564183594714653 -17.564183594714653 -17.564183594714653 -17.564183594714653 -17.564183594714653 -17.564183594714653 -17.564183594714653 -17.564183594714653 -17.564183594714653 -17.564183594714653
10.402010050251256 -17.561896241242437 -17.561896241242437 -17.561896241242437 -17.561896241242437 -17.561896241242437 -17.561896241242437 -17.561896241242437 -17.561896241242437 -17.561896241242437 -17.561896241242437 -17.561896241242437 -17.561896241242437 -17.561896241242437 -17.561896241242437 -17.561896241242437 -17.561896241242437 -17.561896241242437 -17.561896241242437 -17.561896241242437 -17.561896241242437 -17.561896241242437 -17.561896241242437 -17.561896241242437 -17.561896241242437 -17.561896241242437 -17.561896241242437 -17.561896241242437 -17.561896241242437 -17.561896241242437
10.477386934673365 -17.55960888777022 -17.55960888777022 -17.55960888777022 -17.55960888777022 -17.55960888777022 -17.55960888777022 -17.55960888777022 -17.55960888777022 -17.55960888777022 -17.55960888777022 -17.55960888777022 -17.55960888777022 -17.55960888777022 -17.55960888777022 -17.55960888777022 -17.55960888777022 -17.55960888777022 -17.55960888777022 -17.55960888777022 -17.55960888777022 -17.55960888777022 -17.55960888777022 -17.55960888777022 -17.55960888777022 -17.55960888777022 -17.55960888777022 -17.55960888777022 -17.55960888777022 -17.55960888777022
10.552763819095476 -17.557321534298005 -17.557321534298005 -17.557321534298005 -17.557321534298005 -17.557321534298005 -17.557321534298005 -17.557321534298005 -17.557321534298005 -17.557321534298005 -17.557321534298005 -17.557321534298005 -17.557321534298005 -17.557321534298005 -17.557321534298005 -17.557321534298005 -17.557321534298005 -17.557321534298005 -17.557321534298005 -17.557321534298005 -17.557321534298005 -17.557321534298005 -17.557321534298005 -17.557321534298005 -17.557321534298005 -17.557321534298005 -17.557321534298005 -17.557321534298005 -17.557321534298005 -17.557321534298005
10.628140703517587 -17.555034180825793 -17.555034180825793 -17.555034180825793 -17.555034180825793 -17.555034180825793 -17.555034180825793 -17.555034180825793 -17.555034180825793 -17.555034180825793 -17.555034180825793 -17.555034180825793 -17.555034180825793 -17.555034180825793 -17.555034180825793 -17.555034180825793 -17.555034180825793 -17.555034180825793 -17.555034180825793 -17.555034180825793 -17.555034180825793 -17.555034180825793 -17.555034180825793 -17.555034180825793 -17.555034180825793 -17.555034180825793 -17.555034180825793 -17.555034180825793 -17.555034180825793 -17.555034180825793
10.703517587939697 -17.552746827353577 -17.552746827353577 -17.552746827353577 -17.552746827353577 -17.552746827353577 -17.552746827353577 -17.552746827353577 -17.552746827353577 -17.552746827353577 -17.552746827353577 -17.552746827353577 -17.552746827353577 -17.552746827353577 -17.552746827353577 -17.552746827353577 -17.552746827353577 -17.552746827353577 -17.552746827353577 -17.552746827353577 -17.552746827353577 -17.552746827353577 -17.552746827353577 -17.552746827353577 -17.552746827353577 -17.552746827353577 -17.552746827353577 -17.552746827353577 -17.552746827353577 -17.552746827353577
10.778894472361808 -17.55045947388136 -17.55045947388136 -17.55045947388136 -17.55045947388136 -17.55045947388136 -17.55045947388136 -17.55045947388136 -17.55045947388136 -17.55045947388136 -17.55045947388136 -17.55045947388136 -17.55045947388136 -17.55045947388136 -17.55045947388136 -17.55045947388136 -17.55045947388136 -17.55045947388136 -17.55045947388136 -17.55045947388136 -17.55045947388136 -17.55045947388136 -17.55045947388136 -17.55045947388136 -17.55045947388136 -17.55045947388136 -17.55045947388136 -17.55045947388136 -17.55045947388136 -17.55045947388136
10.854271356783919 -17.548172120409145 -17.548172120409145 -17.548172120409145 -17.548172120409145 -17.548172120409145 -17.548172120409145 -17.548172120409145 -17.548172120409145 -17.548172120409145 -17.548172120409145 -17.548172120409145 -17.548172120409145 -17.548172120409145 -17.548172120409145 -17.548172120409145 -17.548172120409145 -17.548172120409145 -17.548172120409145 -17.548172120409145 -17.548172120409145 -17.548172120409145 -17.548172120409145 -17.548172120409145 -17.548172120409145 -17.548172120409145 -17.548172120409145 -17.548172120409145 -17.548172120409145 -17.548172120409145
10.92964824120603 -17.54588476693693 -17.54588476693693 -17.54588476693693 -17.54588476693693 -17.54588476693693 -17.54588476693693 -17.54588476693693 -17.54588476693693 -17.54588476693693 -17.54588476693693 -17.54588476693693 -17.54588476693693 -17.54588476693693 -17.54588476693693 -17.54588476693693 -17.54588476693693 -17.54588476693693 -17.54588476693693 -17.54588476693693 -17.54588476693693 -17.54588476693693 -17.54588476693693 -17.54588476693693 -17.54588476693693 -17.54588476693693 -17.54588476693693 -17.54588476693693 -17.54588476693693 -17.54588476693693
11.00502512562814 -17.543597413464713 -17.543597413464713 -17.543597413464713 -17.543597413464713 -17.543597413464713 -17.543597413464713 -17.543597413464713 -17.543597413464713 -17.543597413464713 -17.543597413464713 -17.543597413464713 -17.543597413464713 -17.543597413464713 -17.543597413464713 -17.543597413464713 -17.543597413464713 -17.543597413464713 -17.543597413464713 -17.543597413464713 -17.543597413464713 -17.543597413464713 -17.543597413464713 -17.543597413464713 -17.543597413464713 -17.543597413464713 -17.543597413464713 -17.543597413464713 -17.543597413464713 -17.543597413464713
11.08040201005025 -17.541310059992497 -17.541310059992497 -17.541310059992497 -17.541310059992497 -17.541310059992497 -17.541310059992497 -17.541310059992497 -17.541310059992497 -17.541310059992497 -17.541310059992497 -17.541310059992497 -17.541310059992497 -17.541310059992497 -17.541310059992497 -17.541310059992497 -17.541310059992497 -17.541310059992497 -17.541310059992497 -17.541310059992497 -17.541310059992497 -17.541310059992497 -17.541310059992497 -17.541310059992497 -17.541310059992497 -17.541310059992497 -17.541310059992497 -17.541310059992497 -17.541310059992497 -17.541310059992497
11.15577889447236 -17.539022706520285 -17.539022706520285 -17.539022706520285 -17.539022706520285 -17.539022706520285 -17.539022706520285 -17.539022706520285 -17.539022706520285 -17.539022706520285 -17.539022706520285 -17.539022706520285 -17.539022706520285 -17.539022706520285 -17.539022706520285 -17.539022706520285 -17.539022706520285 -17.539022706520285 -17.539022706520285 -17.539022706520285 -17.539022706520285 -17.539022706520285 -17.539022706520285 -17.539022706520285 -17.539022706520285 -17.539022706520285 -17.539022706520285 -17.539022706520285 -17.539022706520285 -17.539022706520285
11.231155778894472 -17.53673535304807 -17.53673535304807 -17.53673535304807 -17.53673535304807 -17.53673535304807 -17.53673535304807 -17.53673535304807 -17.53673535304807 -17.53673535304807 -17.53673535304807 -17.53673535304807 -17.53673535304807 -17.53673535304807 -17.53673535304807 -17.53673535304807 -17.53673535304807 -17.53673535304807 -17.53673535304807 -17.53673535304807 -17.53673535304807 -17.53673535304807 -17.53673535304807 -17.53673535304807 -17.53673535304807 -17.53673535304807 -17.53673535304807 -17.53673535304807 -17.53673535304807 -17.53673535304807
11.306532663316581 -17.534447999575853 -17.534447999575853 -17.534447999575853 -17.534447999575853 -17.534447999575853 -17.534447999575853 -17.534447999575853 -17.534447999575853 -17.534447999575853 -17.534447999575853 -17.534447999575853 -17.534447999575853 -17.534447999575853 -17.534447999575853 -17.534447999575853 -17.534447999575853 -17.534447999575853 -17.534447999575853 -17.534447999575853 -17.534447999575853 -17.534447999575853 -17.534447999575853 -17.534447999575853 -17.534447999575853 -17.534447999575853 -17.534447999575853 -17.534447999575853 -17.534447999575853 -17.534447999575853
11.381909547738692 -17.532160646103637 -17.532160646103637 -17.532160646103637 -17.532160646103637 -17.532160646103637 -17.532160646103637 -17.532160646103637 -17.532160646103637 -17.532160646103637 -17.532160646103637 -17.532160646103637 -17.532160646103637 -17.532160646103637 -17.532160646103637 -17.532160646103637 -17.532160646103637 -17.532160646103637 -17.532160646103637 -17.532160646103637 -17.532160646103637 -17.532160646103637 -17.532160646103637 -17.532160646103637 -17.532160646103637 -17.532160646103637 -17.532160646103637 -17.532160646103637 -17.532160646103637 -17.532160646103637
11.457286432160803 -17.52987329263142 -17.52987329263142 -17.52987329263142 -17.52987329263142 -17.52987329263142 -17.52987329263142 -17.52987329263142 -17.52987329263142 -17.52987329263142 -17.52987329263142 -17.52987329263142 -17.52987329263142 -17.52987329263142 -17.52987329263142 -17.52987329263142 -17.52987329263142 -17.52987329263142 -17.52987329263142 -17.52987329263142 -17.52987329263142 -17.52987329263142 -17.52987329263142 -17.52987329263142 -17.52987329263142 -17.52987329263142 -17.52987329263142 -17.52987329263142 -17.52987329263142 -17.52987329263142
11.532663316582914 -17.527585939159206 -17.527585939159206 -17.527585939159206 -17.527585939159206 -17.527585939159206 -17.527585939159206 -17.527585939159206 -17.527585939159206 -17.527585939159206 -17.527585939159206 -17.527585939159206 -17.527585939159206 -17.527585939159206 -17.527585939159206 -17.527585939159206 -17.527585939159206 -17.527585939159206 -17.527585939159206 -17.527585939159206 -17.527585939159206 -17.527585939159206 -17.527585939159206 -17.527585939159206 -17.527585939159206 -17.527585939159206 -17.527585939159206 -17.527585939159206 -17.527585939159206 -17.527585939159206
11.608040201005025 -17.52529858568699 -17.52529858568699 -17.52529858568699 -17.52529858568699 -17.52529858568699 -17.52529858568699 -17.52529858568699 -17.52529858568699 -17.52529858568699 -17.52529858568699 -17.52529858568699 -17.52529858568699 -17.52529858568699 -17.52529858568699 -17.52529858568699 -17.52529858568699 -17.52529858568699 -17.52529858568699 -17.52529858568699 -17.52529858568699 -17.52529858568699 -17.52529858568699 -17.52529858568699 -17.52529858568699 -17.52529858568699 -17.52529858568699 -17.52529858568699 -17.52529858568699 -17.52529858568699
11.683417085427134 -17.523011232214774 -17.523011232214774 -17.523011232214774 -17.523011232214774 -17.523011232214774 -17.523011232214774 -17.523011232214774 -17.523011232214774 -17.523011232214774 -17.523011232214774 -17.523011232214774 -17.523011232214774 -17.523011232214774 -17.523011232214774 -17.523011232214774 -17.523011232214774 -17.523011232214774 -17.523011232214774 -17.523011232214774 -17.523011232214774 -17.523011232214774 -17.523011232214774 -17.523011232214774 -17.523011232214774 -17.523011232214774 -17.523011232214774 -17.523011232214774 -17.523011232214774 -17.523011232214774
11.758793969849245 -17.52072387874256 -17.52072387874256 -17.52072387874256 -17.52072387874256 -17.52072387874256 -17.52072387874256 -17.52072387874256 -17.52072387874256 -17.52072387874256 -17.52072387874256 -17.52072387874256 -17.52072387874256 -17.52072387874256 -17.52072387874256 -17.52072387874256 -17.52072387874256 -17.52072387874256 -17.52072387874256 -17.52072387874256 -17.52072387874256 -17.52072387874256 -17.52072387874256 -17.52072387874256 -17.52072387874256 -17.52072387874256 -17.52072387874256 -17.52072387874256 -17.52072387874256 -17.52072387874256
11.834170854271356 -17.518436525270346 -17.518436525270346 -17.518436525270346 -17.518436525270346 -17.518436525270346 -17.518436525270346 -17.518436525270346 -17.518436525270346 -17.518436525270346 -17.518436525270346 -17.518436525270346 -17.518436525270346 -17.518436525270346 -17.518436525270346 -17.518436525270346 -17.518436525270346 -17.518436525270346 -17.518436525270346 -17.518436525270346 -17.518436525270346 -17.518436525270346 -17.518436525270346 -17.518436525270346 -17.518436525270346 -17.518436525270346 -17.518436525270346 -17.518436525270346 -17.518436525270346 -17.518436525270346
11.909547738693465 -17.51614917179813 -17.51614917179813 -17.51614917179813 -17.51614917179813 -17.51614917179813 -17.51614917179813 -17.51614917179813 -17.51614917179813 -17.51614917179813 -17.51614917179813 -17.51614917179813 -17.51614917179813 -17.51614917179813 -17.51614917179813 -17.51614917179813 -17.51614917179813 -17.51614917179813 -17.51614917179813 -17.51614917179813 -17.51614917179813 -17.51614917179813 -17.51614917179813 -17.51614917179813 -17.51614917179813 -17.51614917179813 -17.51614917179813 -17.51614917179813 -17.51614917179813 -17.51614917179813
11.984924623115576 -17.513861818325914 -17.513861818325914 -17.513861818325914 -17.513861818325914 -17.513861818325914 -17.513861818325914 -17.513861818325914 -17.513861818325914 -17.513861818325914 -17.513861818325914 -17.513861818325914 -17.513861818325914 -17.513861818325914 -17.513861818325914 -17.513861818325914 -17.513861818325914 -17.513861818325914 -17.513861818325914 -17.513861818325914 -17.513861818325914 -17.513861818325914 -17.513861818325914 -17.513861818325914 -17.513861818325914 -17.513861818325914 -17.513861818325914 -17.513861818325914 -17.513861818325914 -17.513861818325914
12.060301507537687 -17.511574464853698 -17.511574464853698 -17.511574464853698 -17.511574464853698 -17.511574464853698 -17.511574464853698 -17.511574464853698 -17.511574464853698 -17.511574464853698 -17.511574464853698 -17.511574464853698 -17.511574464853698 -17.511574464853698 -17.511574464853698 -17.511574464853698 -17.511574464853698 -17.511574464853698 -17.511574464853698 -17.511574464853698 -17.511574464853698 -17.511574464853698 -17.511574464853698 -17.511574464853698 -17.511574464853698 -17.511574464853698 -17.511574464853698 -17.511574464853698 -17.511574464853698 -17.511574464853698
12.135678391959798 -17.509287111381482 -17.509287111381482 -17.509287111381482 -17.509287111381482 -17.509287111381482 -17.509287111381482 -17.509287111381482 -17.509287111381482 -17.509287111381482 -17.509287111381482 -17.509287111381482 -17.509287111381482 -17.509287111381482 -17.509287111381482 -17.509287111381482 -17.509287111381482 -17.509287111381482 -17.509287111381482 -17.509287111381482 -17.509287111381482 -17.509287111381482 -17.509287111381482 -17.509287111381482 -17.509287111381482 -17.509287111381482 -17.509287111381482 -17.509287111381482 -17.509287111381482 -17.509287111381482
12.21105527638191 -17.506999757909266 -17.506999757909266 -17.506999757909266 -17.506999757909266 -17.506999757909266 -17.506999757909266 -17.506999757909266 -17.506999757909266 -17.506999757909266 -17.506999757909266 -17.506999757909266 -17.506999757909266 -17.506999757909266 -17.506999757909266 -17.506999757909266 -17.506999757909266 -17.506999757909266 -17.506999757909266 -17.506999757909266 -17.506999757909266 -17.506999757909266 -17.506999757909266 -17.506999757909266 -17.506999757909266 -17.506999757909266 -17.506999757909266 -17.506999757909266 -17.506999757909266 -17.506999757909266
