web/models/linear/65/-17_878_0_010.dat
# %ECSV 1.0
# ---
# datatype:
# - {name: time, datatype: float64}
# - {name: sdss_u, datatype: float64}
# - {name: sdss_g, datatype: float64}
# - {name: sdss_r, datatype: float64}
# - {name: sdss_i, datatype: float64}
# - {name: sdss_z, datatype: float64}
# - {name: Clear, datatype: float64}
# - {name: johnson_B, datatype: float64}
# - {name: johnson_V, datatype: float64}
# - {name: johnson_R, datatype: float64}
# - {name: johnson_I, datatype: float64}
# - {name: ukirt_J, datatype: float64}
# - {name: ukirt_H, datatype: float64}
# - {name: ukirt_K, datatype: float64}
# meta: !!omap
# - comment: [M=-17.877551020408163, dM=0.010245175126239792]
# schema: astropy-2.0
time sdss_u sdss_g sdss_r sdss_i sdss_z Clear johnson_B johnson_V johnson_R johnson_I ukirt_J ukirt_H ukirt_K
[from data line 118]
8.894472361809044 -17.78642559340593 -17.78642559340593 -17.78642559340593 -17.78642559340593 -17.78642559340593 -17.78642559340593 -17.78642559340593 -17.78642559340593 -17.78642559340593 -17.78642559340593 -17.78642559340593 -17.78642559340593 -17.78642559340593
8.969849246231155 -17.785653344024553 -17.785653344024553 -17.785653344024553 -17.785653344024553 -17.785653344024553 -17.785653344024553 -17.785653344024553 -17.785653344024553 -17.785653344024553 -17.785653344024553 -17.785653344024553 -17.785653344024553 -17.785653344024553
9.045226130653266 -17.78488109464318 -17.78488109464318 -17.78488109464318 -17.78488109464318 -17.78488109464318 -17.78488109464318 -17.78488109464318 -17.78488109464318 -17.78488109464318 -17.78488109464318 -17.78488109464318 -17.78488109464318 -17.78488109464318
9.120603015075377 -17.784108845261805 -17.784108845261805 -17.784108845261805 -17.784108845261805 -17.784108845261805 -17.784108845261805 -17.784108845261805 -17.784108845261805 -17.784108845261805 -17.784108845261805 -17.784108845261805 -17.784108845261805 -17.784108845261805
9.195979899497488 -17.78333659588043 -17.78333659588043 -17.78333659588043 -17.78333659588043 -17.78333659588043 -17.78333659588043 -17.78333659588043 -17.78333659588043 -17.78333659588043 -17.78333659588043 -17.78333659588043 -17.78333659588043 -17.78333659588043
9.271356783919597 -17.782564346499054 -17.782564346499054 -17.782564346499054 -17.782564346499054 -17.782564346499054 -17.782564346499054 -17.782564346499054 -17.782564346499054 -17.782564346499054 -17.782564346499054 -17.782564346499054 -17.782564346499054 -17.782564346499054
9.346733668341708 -17.78179209711768 -17.78179209711768 -17.78179209711768 -17.78179209711768 -17.78179209711768 -17.78179209711768 -17.78179209711768 -17.78179209711768 -17.78179209711768 -17.78179209711768 -17.78179209711768 -17.78179209711768 -17.78179209711768
9.422110552763819 -17.781019847736307 -17.781019847736307 -17.781019847736307 -17.781019847736307 -17.781019847736307 -17.781019847736307 -17.781019847736307 -17.781019847736307 -17.781019847736307 -17.781019847736307 -17.781019847736307 -17.781019847736307 -17.781019847736307
9.497487437185928 -17.78024759835493 -17.78024759835493 -17.78024759835493 -17.78024759835493 -17.78024759835493 -17.78024759835493 -17.78024759835493 -17.78024759835493 -17.78024759835493 -17.78024759835493 -17.78024759835493 -17.78024759835493 -17.78024759835493
9.572864321608039 -17.779475348973556 -17.779475348973556 -17.779475348973556 -17.779475348973556 -17.779475348973556 -17.779475348973556 -17.779475348973556 -17.779475348973556 -17.779475348973556 -17.779475348973556 -17.779475348973556 -17.779475348973556 -17.779475348973556
9.64824120603015 -17.77870309959218 -17.77870309959218 -17.77870309959218 -17.77870309959218 -17.77870309959218 -17.77870309959218 -17.77870309959218 -17.77870309959218 -17.77870309959218 -17.77870309959218 -17.77870309959218 -17.77870309959218 -17.77870309959218
9.72361809045226 -17.777930850210804 -17.777930850210804 -17.777930850210804 -17.777930850210804 -17.777930850210804 -17.777930850210804 -17.777930850210804 -17.777930850210804 -17.777930850210804 -17.777930850210804 -17.777930850210804 -17.777930850210804 -17.777930850210804
9.798994974874372 -17.77715860082943 -17.77715860082943 -17.77715860082943 -17.77715860082943 -17.77715860082943 -17.77715860082943 -17.77715860082943 -17.77715860082943 -17.77715860082943 -17.77715860082943 -17.77715860082943 -17.77715860082943 -17.77715860082943
9.874371859296481 -17.776386351448057 -17.776386351448057 -17.776386351448057 -17.776386351448057 -17.776386351448057 -17.776386351448057 -17.776386351448057 -17.776386351448057 -17.776386351448057 -17.776386351448057 -17.776386351448057 -17.776386351448057 -17.776386351448057
9.949748743718592 -17.775614102066683 -17.775614102066683 -17.775614102066683 -17.775614102066683 -17.775614102066683 -17.775614102066683 -17.775614102066683 -17.775614102066683 -17.775614102066683 -17.775614102066683 -17.775614102066683 -17.775614102066683 -17.775614102066683
10.025125628140703 -17.774841852685306 -17.774841852685306 -17.774841852685306 -17.774841852685306 -17.774841852685306 -17.774841852685306 -17.774841852685306 -17.774841852685306 -17.774841852685306 -17.774841852685306 -17.774841852685306 -17.774841852685306 -17.774841852685306
10.100502512562812 -17.774069603303932 -17.774069603303932 -17.774069603303932 -17.774069603303932 -17.774069603303932 -17.774069603303932 -17.774069603303932 -17.774069603303932 -17.774069603303932 -17.774069603303932 -17.774069603303932 -17.774069603303932 -17.774069603303932
10.175879396984923 -17.77329735392256 -17.77329735392256 -17.77329735392256 -17.77329735392256 -17.77329735392256 -17.77329735392256 -17.77329735392256 -17.77329735392256 -17.77329735392256 -17.77329735392256 -17.77329735392256 -17.77329735392256 -17.77329735392256
10.251256281407034 -17.77252510454118 -17.77252510454118 -17.77252510454118 -17.77252510454118 -17.77252510454118 -17.77252510454118 -17.77252510454118 -17.77252510454118 -17.77252510454118 -17.77252510454118 -17.77252510454118 -17.77252510454118 -17.77252510454118
10.326633165829145 -17.771752855159807 -17.771752855159807 -17.771752855159807 -17.771752855159807 -17.771752855159807 -17.771752855159807 -17.771752855159807 -17.771752855159807 -17.771752855159807 -17.771752855159807 -17.771752855159807 -17.771752855159807 -17.771752855159807
10.402010050251256 -17.770980605778433 -17.770980605778433 -17.770980605778433 -17.770980605778433 -17.770980605778433 -17.770980605778433 -17.770980605778433 -17.770980605778433 -17.770980605778433 -17.770980605778433 -17.770980605778433 -17.770980605778433 -17.770980605778433
10.477386934673365 -17.770208356397056 -17.770208356397056 -17.770208356397056 -17.770208356397056 -17.770208356397056 -17.770208356397056 -17.770208356397056 -17.770208356397056 -17.770208356397056 -17.770208356397056 -17.770208356397056 -17.770208356397056 -17.770208356397056
10.552763819095476 -17.769436107015682 -17.769436107015682 -17.769436107015682 -17.769436107015682 -17.769436107015682 -17.769436107015682 -17.769436107015682 -17.769436107015682 -17.769436107015682 -17.769436107015682 -17.769436107015682 -17.769436107015682 -17.769436107015682
10.628140703517587 -17.76866385763431 -17.76866385763431 -17.76866385763431 -17.76866385763431 -17.76866385763431 -17.76866385763431 -17.76866385763431 -17.76866385763431 -17.76866385763431 -17.76866385763431 -17.76866385763431 -17.76866385763431 -17.76866385763431
10.703517587939697 -17.76789160825293 -17.76789160825293 -17.76789160825293 -17.76789160825293 -17.76789160825293 -17.76789160825293 -17.76789160825293 -17.76789160825293 -17.76789160825293 -17.76789160825293 -17.76789160825293 -17.76789160825293 -17.76789160825293
10.778894472361808 -17.767119358871557 -17.767119358871557 -17.767119358871557 -17.767119358871557 -17.767119358871557 -17.767119358871557 -17.767119358871557 -17.767119358871557 -17.767119358871557 -17.767119358871557 -17.767119358871557 -17.767119358871557 -17.767119358871557
10.854271356783919 -17.766347109490184 -17.766347109490184 -17.766347109490184 -17.766347109490184 -17.766347109490184 -17.766347109490184 -17.766347109490184 -17.766347109490184 -17.766347109490184 -17.766347109490184 -17.766347109490184 -17.766347109490184 -17.766347109490184
10.92964824120603 -17.76557486010881 -17.76557486010881 -17.76557486010881 -17.76557486010881 -17.76557486010881 -17.76557486010881 -17.76557486010881 -17.76557486010881 -17.76557486010881 -17.76557486010881 -17.76557486010881 -17.76557486010881 -17.76557486010881
11.00502512562814 -17.764802610727433 -17.764802610727433 -17.764802610727433 -17.764802610727433 -17.764802610727433 -17.764802610727433 -17.764802610727433 -17.764802610727433 -17.764802610727433 -17.764802610727433 -17.764802610727433 -17.764802610727433 -17.764802610727433
11.08040201005025 -17.76403036134606 -17.76403036134606 -17.76403036134606 -17.76403036134606 -17.76403036134606 -17.76403036134606 -17.76403036134606 -17.76403036134606 -17.76403036134606 -17.76403036134606 -17.76403036134606 -17.76403036134606 -17.76403036134606
11.15577889447236 -17.763258111964685 -17.763258111964685 -17.763258111964685 -17.763258111964685 -17.763258111964685 -17.763258111964685 -17.763258111964685 -17.763258111964685 -17.763258111964685 -17.763258111964685 -17.763258111964685 -17.763258111964685 -17.763258111964685
11.231155778894472 -17.762485862583308 -17.762485862583308 -17.762485862583308 -17.762485862583308 -17.762485862583308 -17.762485862583308 -17.762485862583308 -17.762485862583308 -17.762485862583308 -17.762485862583308 -17.762485862583308 -17.762485862583308 -17.762485862583308
11.306532663316581 -17.761713613201934 -17.761713613201934 -17.761713613201934 -17.761713613201934 -17.761713613201934 -17.761713613201934 -17.761713613201934 -17.761713613201934 -17.761713613201934 -17.761713613201934 -17.761713613201934 -17.761713613201934 -17.761713613201934
11.381909547738692 -17.76094136382056 -17.76094136382056 -17.76094136382056 -17.76094136382056 -17.76094136382056 -17.76094136382056 -17.76094136382056 -17.76094136382056 -17.76094136382056 -17.76094136382056 -17.76094136382056 -17.76094136382056 -17.76094136382056
11.457286432160803 -17.760169114439183 -17.760169114439183 -17.760169114439183 -17.760169114439183 -17.760169114439183 -17.760169114439183 -17.760169114439183 -17.760169114439183 -17.760169114439183 -17.760169114439183 -17.760169114439183 -17.760169114439183 -17.760169114439183
11.532663316582914 -17.75939686505781 -17.75939686505781 -17.75939686505781 -17.75939686505781 -17.75939686505781 -17.75939686505781 -17.75939686505781 -17.75939686505781 -17.75939686505781 -17.75939686505781 -17.75939686505781 -17.75939686505781 -17.75939686505781
11.608040201005025 -17.758624615676435 -17.758624615676435 -17.758624615676435 -17.758624615676435 -17.758624615676435 -17.758624615676435 -17.758624615676435 -17.758624615676435 -17.758624615676435 -17.758624615676435 -17.758624615676435 -17.758624615676435 -17.758624615676435
11.683417085427134 -17.757852366295058 -17.757852366295058 -17.757852366295058 -17.757852366295058 -17.757852366295058 -17.757852366295058 -17.757852366295058 -17.757852366295058 -17.757852366295058 -17.757852366295058 -17.757852366295058 -17.757852366295058 -17.757852366295058
11.758793969849245 -17.757080116913684 -17.757080116913684 -17.757080116913684 -17.757080116913684 -17.757080116913684 -17.757080116913684 -17.757080116913684 -17.757080116913684 -17.757080116913684 -17.757080116913684 -17.757080116913684 -17.757080116913684 -17.757080116913684
11.834170854271356 -17.75630786753231 -17.75630786753231 -17.75630786753231 -17.75630786753231 -17.75630786753231 -17.75630786753231 -17.75630786753231 -17.75630786753231 -17.75630786753231 -17.75630786753231 -17.75630786753231 -17.75630786753231 -17.75630786753231
11.909547738693465 -17.755535618150937 -17.755535618150937 -17.755535618150937 -17.755535618150937 -17.755535618150937 -17.755535618150937 -17.755535618150937 -17.755535618150937 -17.755535618150937 -17.755535618150937 -17.755535618150937 -17.755535618150937 -17.755535618150937
11.984924623115576 -17.75476336876956 -17.75476336876956 -17.75476336876956 -17.75476336876956 -17.75476336876956 -17.75476336876956 -17.75476336876956 -17.75476336876956 -17.75476336876956 -17.75476336876956 -17.75476336876956 -17.75476336876956 -17.75476336876956
12.060301507537687 -17.753991119388186 -17.753991119388186 -17.753991119388186 -17.753991119388186 -17.753991119388186 -17.753991119388186 -17.753991119388186 -17.753991119388186 -17.753991119388186 -17.753991119388186 -17.753991119388186 -17.753991119388186 -17.753991119388186
12.135678391959798 -17.753218870006812 -17.753218870006812 -17.753218870006812 -17.753218870006812 -17.753218870006812 -17.753218870006812 -17.753218870006812 -17.753218870006812 -17.753218870006812 -17.753218870006812 -17.753218870006812 -17.753218870006812 -17.753218870006812
12.21105527638191 -17.752446620625435 -17.752446620625435 -17.752446620625435 -17.752446620625435 -17.752446620625435 -17.752446620625435 -17.752446620625435 -17.752446620625435 -17.752446620625435 -17.752446620625435 -17.752446620625435 -17.752446620625435 -17.752446620625435
12.286432160804019 -17.75167437124406 -17.75167437124406 -17.75167437124406 -17.75167437124406 -17.75167437124406 -17.75167437124406 -17.75167437124406 -17.75167437124406 -17.75167437124406 -17.75167437124406 -17.75167437124406 -17.75167437124406 -17.75167437124406
12.36180904522613 -17.750902121862687 -17.750902121862687 -17.750902121862687 -17.750902121862687 -17.750902121862687 -17.750902121862687 -17.750902121862687 -17.750902121862687 -17.750902121862687 -17.750902121862687 -17.750902121862687 -17.750902121862687 -17.750902121862687
12.43718592964824 -17.75012987248131 -17.75012987248131 -17.75012987248131 -17.75012987248131 -17.75012987248131 -17.75012987248131 -17.75012987248131 -17.75012987248131 -17.75012987248131 -17.75012987248131 -17.75012987248131 -17.75012987248131 -17.75012987248131
12.51256281407035 -17.749357623099936 -17.749357623099936 -17.749357623099936 -17.749357623099936 -17.749357623099936 -17.749357623099936 -17.749357623099936 -17.749357623099936 -17.749357623099936 -17.749357623099936 -17.749357623099936 -17.749357623099936 -17.749357623099936
12.58793969849246 -17.748585373718562 -17.748585373718562 -17.748585373718562 -17.748585373718562 -17.748585373718562 -17.748585373718562 -17.748585373718562 -17.748585373718562 -17.748585373718562 -17.748585373718562 -17.748585373718562 -17.748585373718562 -17.748585373718562
12.663316582914572 -17.747813124337185 -17.747813124337185 -17.747813124337185 -17.747813124337185 -17.747813124337185 -17.747813124337185 -17.747813124337185 -17.747813124337185 -17.747813124337185 -17.747813124337185 -17.747813124337185 -17.747813124337185 -17.747813124337185
12.738693467336683 -17.74704087495581 -17.74704087495581 -17.74704087495581 -17.74704087495581 -17.74704087495581 -17.74704087495581 -17.74704087495581 -17.74704087495581 -17.74704087495581 -17.74704087495581 -17.74704087495581 -17.74704087495581 -17.74704087495581
12.814070351758794 -17.746268625574437 -17.746268625574437 -17.746268625574437 -17.746268625574437 -17.746268625574437 -17.746268625574437 -17.746268625574437 -17.746268625574437 -17.746268625574437 -17.746268625574437 -17.746268625574437 -17.746268625574437 -17.746268625574437
12.889447236180903 -17.745496376193064 -17.745496376193064 -17.745496376193064 -17.745496376193064 -17.745496376193064 -17.745496376193064 -17.745496376193064 -17.745496376193064 -17.745496376193064 -17.745496376193064 -17.745496376193064 -17.745496376193064 -17.745496376193064
12.964824120603014 -17.744724126811686 -17.744724126811686 -17.744724126811686 -17.744724126811686 -17.744724126811686 -17.744724126811686 -17.744724126811686 -17.744724126811686 -17.744724126811686 -17.744724126811686 -17.744724126811686 -17.744724126811686 -17.744724126811686
13.040201005025125 -17.743951877430312 -17.743951877430312 -17.743951877430312 -17.743951877430312 -17.743951877430312 -17.743951877430312 -17.743951877430312 -17.743951877430312 -17.743951877430312 -17.743951877430312 -17.743951877430312 -17.743951877430312 -17.743951877430312
13.115577889447234 -17.74317962804894 -17.74317962804894 -17.74317962804894 -17.74317962804894 -17.74317962804894 -17.74317962804894 -17.74317962804894 -17.74317962804894 -17.74317962804894 -17.74317962804894 -17.74317962804894 -17.74317962804894 -17.74317962804894
