web/models/linear/92/-20_265_2_000.dat
# %ECSV 1.0
# ---
# datatype:
# - {name: time, datatype: float64}
# - {name: sdss_u, datatype: float64}
# - {name: sdss_g, datatype: float64}
# - {name: sdss_r, datatype: float64}
# - {name: sdss_i, datatype: float64}
# - {name: sdss_z, datatype: float64}
# - {name: Clear, datatype: float64}
# - {name: johnson_B, datatype: float64}
# - {name: johnson_V, datatype: float64}
# - {name: johnson_R, datatype: float64}
# - {name: johnson_I, datatype: float64}
# - {name: ukirt_J, datatype: float64}
# - {name: ukirt_H, datatype: float64}
# - {name: ukirt_K, datatype: float64}
# meta: !!omap
# - comment: [M=-20.26530612244898, dM=2.0]
# schema: astropy-2.0
time sdss_u sdss_g sdss_r sdss_i sdss_z Clear johnson_B johnson_V johnson_R johnson_I ukirt_J ukirt_H ukirt_K
[from data line 179]
13.492462311557787 6.719618500666595 6.719618500666595 6.719618500666595 6.719618500666595 6.719618500666595 6.719618500666595 6.719618500666595 6.719618500666595 6.719618500666595 6.719618500666595 6.719618500666595 6.719618500666595 6.719618500666595
13.567839195979898 6.870372269510817 6.870372269510817 6.870372269510817 6.870372269510817 6.870372269510817 6.870372269510817 6.870372269510817 6.870372269510817 6.870372269510817 6.870372269510817 6.870372269510817 6.870372269510817 6.870372269510817
13.64321608040201 7.021126038355039 7.021126038355039 7.021126038355039 7.021126038355039 7.021126038355039 7.021126038355039 7.021126038355039 7.021126038355039 7.021126038355039 7.021126038355039 7.021126038355039 7.021126038355039 7.021126038355039
13.718592964824118 7.171879807199257 7.171879807199257 7.171879807199257 7.171879807199257 7.171879807199257 7.171879807199257 7.171879807199257 7.171879807199257 7.171879807199257 7.171879807199257 7.171879807199257 7.171879807199257 7.171879807199257
13.79396984924623 7.322633576043479 7.322633576043479 7.322633576043479 7.322633576043479 7.322633576043479 7.322633576043479 7.322633576043479 7.322633576043479 7.322633576043479 7.322633576043479 7.322633576043479 7.322633576043479 7.322633576043479
13.86934673366834 7.473387344887701 7.473387344887701 7.473387344887701 7.473387344887701 7.473387344887701 7.473387344887701 7.473387344887701 7.473387344887701 7.473387344887701 7.473387344887701 7.473387344887701 7.473387344887701 7.473387344887701
13.944723618090451 7.624141113731923 7.624141113731923 7.624141113731923 7.624141113731923 7.624141113731923 7.624141113731923 7.624141113731923 7.624141113731923 7.624141113731923 7.624141113731923 7.624141113731923 7.624141113731923 7.624141113731923
14.020100502512562 7.774894882576145 7.774894882576145 7.774894882576145 7.774894882576145 7.774894882576145 7.774894882576145 7.774894882576145 7.774894882576145 7.774894882576145 7.774894882576145 7.774894882576145 7.774894882576145 7.774894882576145
14.095477386934672 7.925648651420364 7.925648651420364 7.925648651420364 7.925648651420364 7.925648651420364 7.925648651420364 7.925648651420364 7.925648651420364 7.925648651420364 7.925648651420364 7.925648651420364 7.925648651420364 7.925648651420364
14.170854271356783 8.076402420264586 8.076402420264586 8.076402420264586 8.076402420264586 8.076402420264586 8.076402420264586 8.076402420264586 8.076402420264586 8.076402420264586 8.076402420264586 8.076402420264586 8.076402420264586 8.076402420264586
14.246231155778894 8.227156189108808 8.227156189108808 8.227156189108808 8.227156189108808 8.227156189108808 8.227156189108808 8.227156189108808 8.227156189108808 8.227156189108808 8.227156189108808 8.227156189108808 8.227156189108808 8.227156189108808
14.321608040201003 8.377909957953026 8.377909957953026 8.377909957953026 8.377909957953026 8.377909957953026 8.377909957953026 8.377909957953026 8.377909957953026 8.377909957953026 8.377909957953026 8.377909957953026 8.377909957953026 8.377909957953026
14.396984924623114 8.528663726797248 8.528663726797248 8.528663726797248 8.528663726797248 8.528663726797248 8.528663726797248 8.528663726797248 8.528663726797248 8.528663726797248 8.528663726797248 8.528663726797248 8.528663726797248 8.528663726797248
14.472361809045225 8.67941749564147 8.67941749564147 8.67941749564147 8.67941749564147 8.67941749564147 8.67941749564147 8.67941749564147 8.67941749564147 8.67941749564147 8.67941749564147 8.67941749564147 8.67941749564147 8.67941749564147
14.547738693467336 8.830171264485692 8.830171264485692 8.830171264485692 8.830171264485692 8.830171264485692 8.830171264485692 8.830171264485692 8.830171264485692 8.830171264485692 8.830171264485692 8.830171264485692 8.830171264485692 8.830171264485692
14.623115577889447 8.980925033329914 8.980925033329914 8.980925033329914 8.980925033329914 8.980925033329914 8.980925033329914 8.980925033329914 8.980925033329914 8.980925033329914 8.980925033329914 8.980925033329914 8.980925033329914 8.980925033329914
14.698492462311556 9.131678802174132 9.131678802174132 9.131678802174132 9.131678802174132 9.131678802174132 9.131678802174132 9.131678802174132 9.131678802174132 9.131678802174132 9.131678802174132 9.131678802174132 9.131678802174132 9.131678802174132
14.773869346733667 9.282432571018354 9.282432571018354 9.282432571018354 9.282432571018354 9.282432571018354 9.282432571018354 9.282432571018354 9.282432571018354 9.282432571018354 9.282432571018354 9.282432571018354 9.282432571018354 9.282432571018354
14.849246231155778 9.433186339862576 9.433186339862576 9.433186339862576 9.433186339862576 9.433186339862576 9.433186339862576 9.433186339862576 9.433186339862576 9.433186339862576 9.433186339862576 9.433186339862576 9.433186339862576 9.433186339862576
14.924623115577887 9.583940108706795 9.583940108706795 9.583940108706795 9.583940108706795 9.583940108706795 9.583940108706795 9.583940108706795 9.583940108706795 9.583940108706795 9.583940108706795 9.583940108706795 9.583940108706795 9.583940108706795
15.0 9.73469387755102 9.73469387755102 9.73469387755102 9.73469387755102 9.73469387755102 9.73469387755102 9.73469387755102 9.73469387755102 9.73469387755102 9.73469387755102 9.73469387755102 9.73469387755102 9.73469387755102
