web/models/linear/92/-20_265_0_578.dat
# %ECSV 1.0
# ---
# datatype:
# - {name: time, datatype: float64}
# - {name: swift_uvot_uvw2, datatype: float64}
# - {name: swift_uvot_uvm2, datatype: float64}
# - {name: swift_uvot_uvw1, datatype: float64}
# - {name: swift_uvot_U, datatype: float64}
# - {name: swift_uvot_B, datatype: float64}
# - {name: swift_uvot_V, datatype: float64}
# - {name: swift_uvot_W, datatype: float64}
# - {name: johnson_U, datatype: float64}
# - {name: johnson_B, datatype: float64}
# - {name: johnson_V, datatype: float64}
# - {name: johnson_R, datatype: float64}
# - {name: johnson_I, datatype: float64}
# - {name: sdss_u, datatype: float64}
# - {name: sdss_g, datatype: float64}
# - {name: sdss_r, datatype: float64}
# - {name: sdss_i, datatype: float64}
# - {name: sdss_z, datatype: float64}
# - {name: PS1_g, datatype: float64}
# - {name: PS1_r, datatype: float64}
# - {name: PS1_i, datatype: float64}
# - {name: PS1_z, datatype: float64}
# - {name: PS1_Y, datatype: float64}
# - {name: PS1_w, datatype: float64}
# - {name: ATLAS_c, datatype: float64}
# - {name: ATLAS_o, datatype: float64}
# - {name: ukirt_J, datatype: float64}
# - {name: ukirt_H, datatype: float64}
# - {name: ukirt_K, datatype: float64}
# - {name: Clear, datatype: float64}
# meta: !!omap
# - comment: [M=-20.26530612244898, dM=0.5782109645659659]
# schema: astropy-2.0
time swift_uvot_uvw2 swift_uvot_uvm2 swift_uvot_uvw1 swift_uvot_U swift_uvot_B swift_uvot_V swift_uvot_W johnson_U johnson_B johnson_V johnson_R johnson_I sdss_u sdss_g sdss_r sdss_i sdss_z PS1_g PS1_r PS1_i PS1_z PS1_Y PS1_w ATLAS_c ATLAS_o ukirt_J ukirt_H ukirt_K Clear
[from data line 136]
10.251256281407034 -14.337917339963703 -14.337917339963703 -14.337917339963703 -14.337917339963703 -14.337917339963703 -14.337917339963703 -14.337917339963703 -14.337917339963703 -14.337917339963703 -14.337917339963703 -14.337917339963703 -14.337917339963703 -14.337917339963703 -14.337917339963703 -14.337917339963703 -14.337917339963703 -14.337917339963703 -14.337917339963703 -14.337917339963703 -14.337917339963703 -14.337917339963703 -14.337917339963703 -14.337917339963703 -14.337917339963703 -14.337917339963703 -14.337917339963703 -14.337917339963703 -14.337917339963703 -14.337917339963703
10.326633165829145 -14.294333598916015 -14.294333598916015 -14.294333598916015 -14.294333598916015 -14.294333598916015 -14.294333598916015 -14.294333598916015 -14.294333598916015 -14.294333598916015 -14.294333598916015 -14.294333598916015 -14.294333598916015 -14.294333598916015 -14.294333598916015 -14.294333598916015 -14.294333598916015 -14.294333598916015 -14.294333598916015 -14.294333598916015 -14.294333598916015 -14.294333598916015 -14.294333598916015 -14.294333598916015 -14.294333598916015 -14.294333598916015 -14.294333598916015 -14.294333598916015 -14.294333598916015 -14.294333598916015
10.402010050251256 -14.250749857868328 -14.250749857868328 -14.250749857868328 -14.250749857868328 -14.250749857868328 -14.250749857868328 -14.250749857868328 -14.250749857868328 -14.250749857868328 -14.250749857868328 -14.250749857868328 -14.250749857868328 -14.250749857868328 -14.250749857868328 -14.250749857868328 -14.250749857868328 -14.250749857868328 -14.250749857868328 -14.250749857868328 -14.250749857868328 -14.250749857868328 -14.250749857868328 -14.250749857868328 -14.250749857868328 -14.250749857868328 -14.250749857868328 -14.250749857868328 -14.250749857868328 -14.250749857868328
10.477386934673365 -14.207166116820645 -14.207166116820645 -14.207166116820645 -14.207166116820645 -14.207166116820645 -14.207166116820645 -14.207166116820645 -14.207166116820645 -14.207166116820645 -14.207166116820645 -14.207166116820645 -14.207166116820645 -14.207166116820645 -14.207166116820645 -14.207166116820645 -14.207166116820645 -14.207166116820645 -14.207166116820645 -14.207166116820645 -14.207166116820645 -14.207166116820645 -14.207166116820645 -14.207166116820645 -14.207166116820645 -14.207166116820645 -14.207166116820645 -14.207166116820645 -14.207166116820645 -14.207166116820645
10.552763819095476 -14.163582375772958 -14.163582375772958 -14.163582375772958 -14.163582375772958 -14.163582375772958 -14.163582375772958 -14.163582375772958 -14.163582375772958 -14.163582375772958 -14.163582375772958 -14.163582375772958 -14.163582375772958 -14.163582375772958 -14.163582375772958 -14.163582375772958 -14.163582375772958 -14.163582375772958 -14.163582375772958 -14.163582375772958 -14.163582375772958 -14.163582375772958 -14.163582375772958 -14.163582375772958 -14.163582375772958 -14.163582375772958 -14.163582375772958 -14.163582375772958 -14.163582375772958 -14.163582375772958
10.628140703517587 -14.119998634725272 -14.119998634725272 -14.119998634725272 -14.119998634725272 -14.119998634725272 -14.119998634725272 -14.119998634725272 -14.119998634725272 -14.119998634725272 -14.119998634725272 -14.119998634725272 -14.119998634725272 -14.119998634725272 -14.119998634725272 -14.119998634725272 -14.119998634725272 -14.119998634725272 -14.119998634725272 -14.119998634725272 -14.119998634725272 -14.119998634725272 -14.119998634725272 -14.119998634725272 -14.119998634725272 -14.119998634725272 -14.119998634725272 -14.119998634725272 -14.119998634725272 -14.119998634725272
10.703517587939697 -14.076414893677587 -14.076414893677587 -14.076414893677587 -14.076414893677587 -14.076414893677587 -14.076414893677587 -14.076414893677587 -14.076414893677587 -14.076414893677587 -14.076414893677587 -14.076414893677587 -14.076414893677587 -14.076414893677587 -14.076414893677587 -14.076414893677587 -14.076414893677587 -14.076414893677587 -14.076414893677587 -14.076414893677587 -14.076414893677587 -14.076414893677587 -14.076414893677587 -14.076414893677587 -14.076414893677587 -14.076414893677587 -14.076414893677587 -14.076414893677587 -14.076414893677587 -14.076414893677587
10.778894472361808 -14.032831152629901 -14.032831152629901 -14.032831152629901 -14.032831152629901 -14.032831152629901 -14.032831152629901 -14.032831152629901 -14.032831152629901 -14.032831152629901 -14.032831152629901 -14.032831152629901 -14.032831152629901 -14.032831152629901 -14.032831152629901 -14.032831152629901 -14.032831152629901 -14.032831152629901 -14.032831152629901 -14.032831152629901 -14.032831152629901 -14.032831152629901 -14.032831152629901 -14.032831152629901 -14.032831152629901 -14.032831152629901 -14.032831152629901 -14.032831152629901 -14.032831152629901 -14.032831152629901
10.854271356783919 -13.989247411582216 -13.989247411582216 -13.989247411582216 -13.989247411582216 -13.989247411582216 -13.989247411582216 -13.989247411582216 -13.989247411582216 -13.989247411582216 -13.989247411582216 -13.989247411582216 -13.989247411582216 -13.989247411582216 -13.989247411582216 -13.989247411582216 -13.989247411582216 -13.989247411582216 -13.989247411582216 -13.989247411582216 -13.989247411582216 -13.989247411582216 -13.989247411582216 -13.989247411582216 -13.989247411582216 -13.989247411582216 -13.989247411582216 -13.989247411582216 -13.989247411582216 -13.989247411582216
10.92964824120603 -13.945663670534529 -13.945663670534529 -13.945663670534529 -13.945663670534529 -13.945663670534529 -13.945663670534529 -13.945663670534529 -13.945663670534529 -13.945663670534529 -13.945663670534529 -13.945663670534529 -13.945663670534529 -13.945663670534529 -13.945663670534529 -13.945663670534529 -13.945663670534529 -13.945663670534529 -13.945663670534529 -13.945663670534529 -13.945663670534529 -13.945663670534529 -13.945663670534529 -13.945663670534529 -13.945663670534529 -13.945663670534529 -13.945663670534529 -13.945663670534529 -13.945663670534529 -13.945663670534529
11.00502512562814 -13.902079929486842 -13.902079929486842 -13.902079929486842 -13.902079929486842 -13.902079929486842 -13.902079929486842 -13.902079929486842 -13.902079929486842 -13.902079929486842 -13.902079929486842 -13.902079929486842 -13.902079929486842 -13.902079929486842 -13.902079929486842 -13.902079929486842 -13.902079929486842 -13.902079929486842 -13.902079929486842 -13.902079929486842 -13.902079929486842 -13.902079929486842 -13.902079929486842 -13.902079929486842 -13.902079929486842 -13.902079929486842 -13.902079929486842 -13.902079929486842 -13.902079929486842 -13.902079929486842
11.08040201005025 -13.858496188439158 -13.858496188439158 -13.858496188439158 -13.858496188439158 -13.858496188439158 -13.858496188439158 -13.858496188439158 -13.858496188439158 -13.858496188439158 -13.858496188439158 -13.858496188439158 -13.858496188439158 -13.858496188439158 -13.858496188439158 -13.858496188439158 -13.858496188439158 -13.858496188439158 -13.858496188439158 -13.858496188439158 -13.858496188439158 -13.858496188439158 -13.858496188439158 -13.858496188439158 -13.858496188439158 -13.858496188439158 -13.858496188439158 -13.858496188439158 -13.858496188439158 -13.858496188439158
11.15577889447236 -13.814912447391471 -13.814912447391471 -13.814912447391471 -13.814912447391471 -13.814912447391471 -13.814912447391471 -13.814912447391471 -13.814912447391471 -13.814912447391471 -13.814912447391471 -13.814912447391471 -13.814912447391471 -13.814912447391471 -13.814912447391471 -13.814912447391471 -13.814912447391471 -13.814912447391471 -13.814912447391471 -13.814912447391471 -13.814912447391471 -13.814912447391471 -13.814912447391471 -13.814912447391471 -13.814912447391471 -13.814912447391471 -13.814912447391471 -13.814912447391471 -13.814912447391471 -13.814912447391471
11.231155778894472 -13.771328706343786 -13.771328706343786 -13.771328706343786 -13.771328706343786 -13.771328706343786 -13.771328706343786 -13.771328706343786 -13.771328706343786 -13.771328706343786 -13.771328706343786 -13.771328706343786 -13.771328706343786 -13.771328706343786 -13.771328706343786 -13.771328706343786 -13.771328706343786 -13.771328706343786 -13.771328706343786 -13.771328706343786 -13.771328706343786 -13.771328706343786 -13.771328706343786 -13.771328706343786 -13.771328706343786 -13.771328706343786 -13.771328706343786 -13.771328706343786 -13.771328706343786 -13.771328706343786
11.306532663316581 -13.7277449652961 -13.7277449652961 -13.7277449652961 -13.7277449652961 -13.7277449652961 -13.7277449652961 -13.7277449652961 -13.7277449652961 -13.7277449652961 -13.7277449652961 -13.7277449652961 -13.7277449652961 -13.7277449652961 -13.7277449652961 -13.7277449652961 -13.7277449652961 -13.7277449652961 -13.7277449652961 -13.7277449652961 -13.7277449652961 -13.7277449652961 -13.7277449652961 -13.7277449652961 -13.7277449652961 -13.7277449652961 -13.7277449652961 -13.7277449652961 -13.7277449652961 -13.7277449652961
11.381909547738692 -13.684161224248413 -13.684161224248413 -13.684161224248413 -13.684161224248413 -13.684161224248413 -13.684161224248413 -13.684161224248413 -13.684161224248413 -13.684161224248413 -13.684161224248413 -13.684161224248413 -13.684161224248413 -13.684161224248413 -13.684161224248413 -13.684161224248413 -13.684161224248413 -13.684161224248413 -13.684161224248413 -13.684161224248413 -13.684161224248413 -13.684161224248413 -13.684161224248413 -13.684161224248413 -13.684161224248413 -13.684161224248413 -13.684161224248413 -13.684161224248413 -13.684161224248413 -13.684161224248413
11.457286432160803 -13.640577483200728 -13.640577483200728 -13.640577483200728 -13.640577483200728 -13.640577483200728 -13.640577483200728 -13.640577483200728 -13.640577483200728 -13.640577483200728 -13.640577483200728 -13.640577483200728 -13.640577483200728 -13.640577483200728 -13.640577483200728 -13.640577483200728 -13.640577483200728 -13.640577483200728 -13.640577483200728 -13.640577483200728 -13.640577483200728 -13.640577483200728 -13.640577483200728 -13.640577483200728 -13.640577483200728 -13.640577483200728 -13.640577483200728 -13.640577483200728 -13.640577483200728 -13.640577483200728
11.532663316582914 -13.596993742153042 -13.596993742153042 -13.596993742153042 -13.596993742153042 -13.596993742153042 -13.596993742153042 -13.596993742153042 -13.596993742153042 -13.596993742153042 -13.596993742153042 -13.596993742153042 -13.596993742153042 -13.596993742153042 -13.596993742153042 -13.596993742153042 -13.596993742153042 -13.596993742153042 -13.596993742153042 -13.596993742153042 -13.596993742153042 -13.596993742153042 -13.596993742153042 -13.596993742153042 -13.596993742153042 -13.596993742153042 -13.596993742153042 -13.596993742153042 -13.596993742153042 -13.596993742153042
11.608040201005025 -13.553410001105355 -13.553410001105355 -13.553410001105355 -13.553410001105355 -13.553410001105355 -13.553410001105355 -13.553410001105355 -13.553410001105355 -13.553410001105355 -13.553410001105355 -13.553410001105355 -13.553410001105355 -13.553410001105355 -13.553410001105355 -13.553410001105355 -13.553410001105355 -13.553410001105355 -13.553410001105355 -13.553410001105355 -13.553410001105355 -13.553410001105355 -13.553410001105355 -13.553410001105355 -13.553410001105355 -13.553410001105355 -13.553410001105355 -13.553410001105355 -13.553410001105355 -13.553410001105355
11.683417085427134 -13.509826260057672 -13.509826260057672 -13.509826260057672 -13.509826260057672 -13.509826260057672 -13.509826260057672 -13.509826260057672 -13.509826260057672 -13.509826260057672 -13.509826260057672 -13.509826260057672 -13.509826260057672 -13.509826260057672 -13.509826260057672 -13.509826260057672 -13.509826260057672 -13.509826260057672 -13.509826260057672 -13.509826260057672 -13.509826260057672 -13.509826260057672 -13.509826260057672 -13.509826260057672 -13.509826260057672 -13.509826260057672 -13.509826260057672 -13.509826260057672 -13.509826260057672 -13.509826260057672
11.758793969849245 -13.466242519009985 -13.466242519009985 -13.466242519009985 -13.466242519009985 -13.466242519009985 -13.466242519009985 -13.466242519009985 -13.466242519009985 -13.466242519009985 -13.466242519009985 -13.466242519009985 -13.466242519009985 -13.466242519009985 -13.466242519009985 -13.466242519009985 -13.466242519009985 -13.466242519009985 -13.466242519009985 -13.466242519009985 -13.466242519009985 -13.466242519009985 -13.466242519009985 -13.466242519009985 -13.466242519009985 -13.466242519009985 -13.466242519009985 -13.466242519009985 -13.466242519009985 -13.466242519009985
11.834170854271356 -13.422658777962297 -13.422658777962297 -13.422658777962297 -13.422658777962297 -13.422658777962297 -13.422658777962297 -13.422658777962297 -13.422658777962297 -13.422658777962297 -13.422658777962297 -13.422658777962297 -13.422658777962297 -13.422658777962297 -13.422658777962297 -13.422658777962297 -13.422658777962297 -13.422658777962297 -13.422658777962297 -13.422658777962297 -13.422658777962297 -13.422658777962297 -13.422658777962297 -13.422658777962297 -13.422658777962297 -13.422658777962297 -13.422658777962297 -13.422658777962297 -13.422658777962297 -13.422658777962297
11.909547738693465 -13.379075036914614 -13.379075036914614 -13.379075036914614 -13.379075036914614 -13.379075036914614 -13.379075036914614 -13.379075036914614 -13.379075036914614 -13.379075036914614 -13.379075036914614 -13.379075036914614 -13.379075036914614 -13.379075036914614 -13.379075036914614 -13.379075036914614 -13.379075036914614 -13.379075036914614 -13.379075036914614 -13.379075036914614 -13.379075036914614 -13.379075036914614 -13.379075036914614 -13.379075036914614 -13.379075036914614 -13.379075036914614 -13.379075036914614 -13.379075036914614 -13.379075036914614 -13.379075036914614
11.984924623115576 -13.335491295866927 -13.335491295866927 -13.335491295866927 -13.335491295866927 -13.335491295866927 -13.335491295866927 -13.335491295866927 -13.335491295866927 -13.335491295866927 -13.335491295866927 -13.335491295866927 -13.335491295866927 -13.335491295866927 -13.335491295866927 -13.335491295866927 -13.335491295866927 -13.335491295866927 -13.335491295866927 -13.335491295866927 -13.335491295866927 -13.335491295866927 -13.335491295866927 -13.335491295866927 -13.335491295866927 -13.335491295866927 -13.335491295866927 -13.335491295866927 -13.335491295866927 -13.335491295866927
12.060301507537687 -13.291907554819241 -13.291907554819241 -13.291907554819241 -13.291907554819241 -13.291907554819241 -13.291907554819241 -13.291907554819241 -13.291907554819241 -13.291907554819241 -13.291907554819241 -13.291907554819241 -13.291907554819241 -13.291907554819241 -13.291907554819241 -13.291907554819241 -13.291907554819241 -13.291907554819241 -13.291907554819241 -13.291907554819241 -13.291907554819241 -13.291907554819241 -13.291907554819241 -13.291907554819241 -13.291907554819241 -13.291907554819241 -13.291907554819241 -13.291907554819241 -13.291907554819241 -13.291907554819241
12.135678391959798 -13.248323813771556 -13.248323813771556 -13.248323813771556 -13.248323813771556 -13.248323813771556 -13.248323813771556 -13.248323813771556 -13.248323813771556 -13.248323813771556 -13.248323813771556 -13.248323813771556 -13.248323813771556 -13.248323813771556 -13.248323813771556 -13.248323813771556 -13.248323813771556 -13.248323813771556 -13.248323813771556 -13.248323813771556 -13.248323813771556 -13.248323813771556 -13.248323813771556 -13.248323813771556 -13.248323813771556 -13.248323813771556 -13.248323813771556 -13.248323813771556 -13.248323813771556 -13.248323813771556
