web/models/linear/92/-20_265_0_495.dat
# %ECSV 1.0
# ---
# datatype:
# - {name: time, datatype: float64}
# - {name: swift_uvot_uvw2, datatype: float64}
# - {name: swift_uvot_uvm2, datatype: float64}
# - {name: swift_uvot_uvw1, datatype: float64}
# - {name: swift_uvot_U, datatype: float64}
# - {name: swift_uvot_B, datatype: float64}
# - {name: swift_uvot_V, datatype: float64}
# - {name: swift_uvot_W, datatype: float64}
# - {name: johnson_U, datatype: float64}
# - {name: johnson_B, datatype: float64}
# - {name: johnson_V, datatype: float64}
# - {name: johnson_R, datatype: float64}
# - {name: johnson_I, datatype: float64}
# - {name: sdss_u, datatype: float64}
# - {name: sdss_g, datatype: float64}
# - {name: sdss_r, datatype: float64}
# - {name: sdss_i, datatype: float64}
# - {name: sdss_z, datatype: float64}
# - {name: PS1_g, datatype: float64}
# - {name: PS1_r, datatype: float64}
# - {name: PS1_i, datatype: float64}
# - {name: PS1_z, datatype: float64}
# - {name: PS1_Y, datatype: float64}
# - {name: PS1_w, datatype: float64}
# - {name: ATLAS_c, datatype: float64}
# - {name: ATLAS_o, datatype: float64}
# - {name: ukirt_J, datatype: float64}
# - {name: ukirt_H, datatype: float64}
# - {name: ukirt_K, datatype: float64}
# - {name: Clear, datatype: float64}
# meta: !!omap
# - comment: [M=-20.26530612244898, dM=0.4951289998230568]
# schema: astropy-2.0
time swift_uvot_uvw2 swift_uvot_uvm2 swift_uvot_uvw1 swift_uvot_U swift_uvot_B swift_uvot_V swift_uvot_W johnson_U johnson_B johnson_V johnson_R johnson_I sdss_u sdss_g sdss_r sdss_i sdss_z PS1_g PS1_r PS1_i PS1_z PS1_Y PS1_w ATLAS_c ATLAS_o ukirt_J ukirt_H ukirt_K Clear
[from data line 110]
8.29145728643216 -16.15996516914223 -16.15996516914223 -16.15996516914223 -16.15996516914223 -16.15996516914223 -16.15996516914223 -16.15996516914223 -16.15996516914223 -16.15996516914223 -16.15996516914223 -16.15996516914223 -16.15996516914223 -16.15996516914223 -16.15996516914223 -16.15996516914223 -16.15996516914223 -16.15996516914223 -16.15996516914223 -16.15996516914223 -16.15996516914223 -16.15996516914223 -16.15996516914223 -16.15996516914223 -16.15996516914223 -16.15996516914223 -16.15996516914223 -16.15996516914223 -16.15996516914223 -16.15996516914223
8.36683417085427 -16.12264388774853 -16.12264388774853 -16.12264388774853 -16.12264388774853 -16.12264388774853 -16.12264388774853 -16.12264388774853 -16.12264388774853 -16.12264388774853 -16.12264388774853 -16.12264388774853 -16.12264388774853 -16.12264388774853 -16.12264388774853 -16.12264388774853 -16.12264388774853 -16.12264388774853 -16.12264388774853 -16.12264388774853 -16.12264388774853 -16.12264388774853 -16.12264388774853 -16.12264388774853 -16.12264388774853 -16.12264388774853 -16.12264388774853 -16.12264388774853 -16.12264388774853 -16.12264388774853
8.442211055276381 -16.085322606354833 -16.085322606354833 -16.085322606354833 -16.085322606354833 -16.085322606354833 -16.085322606354833 -16.085322606354833 -16.085322606354833 -16.085322606354833 -16.085322606354833 -16.085322606354833 -16.085322606354833 -16.085322606354833 -16.085322606354833 -16.085322606354833 -16.085322606354833 -16.085322606354833 -16.085322606354833 -16.085322606354833 -16.085322606354833 -16.085322606354833 -16.085322606354833 -16.085322606354833 -16.085322606354833 -16.085322606354833 -16.085322606354833 -16.085322606354833 -16.085322606354833 -16.085322606354833
8.517587939698492 -16.048001324961135 -16.048001324961135 -16.048001324961135 -16.048001324961135 -16.048001324961135 -16.048001324961135 -16.048001324961135 -16.048001324961135 -16.048001324961135 -16.048001324961135 -16.048001324961135 -16.048001324961135 -16.048001324961135 -16.048001324961135 -16.048001324961135 -16.048001324961135 -16.048001324961135 -16.048001324961135 -16.048001324961135 -16.048001324961135 -16.048001324961135 -16.048001324961135 -16.048001324961135 -16.048001324961135 -16.048001324961135 -16.048001324961135 -16.048001324961135 -16.048001324961135 -16.048001324961135
8.592964824120603 -16.010680043567437 -16.010680043567437 -16.010680043567437 -16.010680043567437 -16.010680043567437 -16.010680043567437 -16.010680043567437 -16.010680043567437 -16.010680043567437 -16.010680043567437 -16.010680043567437 -16.010680043567437 -16.010680043567437 -16.010680043567437 -16.010680043567437 -16.010680043567437 -16.010680043567437 -16.010680043567437 -16.010680043567437 -16.010680043567437 -16.010680043567437 -16.010680043567437 -16.010680043567437 -16.010680043567437 -16.010680043567437 -16.010680043567437 -16.010680043567437 -16.010680043567437 -16.010680043567437
8.668341708542712 -15.973358762173739 -15.973358762173739 -15.973358762173739 -15.973358762173739 -15.973358762173739 -15.973358762173739 -15.973358762173739 -15.973358762173739 -15.973358762173739 -15.973358762173739 -15.973358762173739 -15.973358762173739 -15.973358762173739 -15.973358762173739 -15.973358762173739 -15.973358762173739 -15.973358762173739 -15.973358762173739 -15.973358762173739 -15.973358762173739 -15.973358762173739 -15.973358762173739 -15.973358762173739 -15.973358762173739 -15.973358762173739 -15.973358762173739 -15.973358762173739 -15.973358762173739 -15.973358762173739
8.743718592964823 -15.93603748078004 -15.93603748078004 -15.93603748078004 -15.93603748078004 -15.93603748078004 -15.93603748078004 -15.93603748078004 -15.93603748078004 -15.93603748078004 -15.93603748078004 -15.93603748078004 -15.93603748078004 -15.93603748078004 -15.93603748078004 -15.93603748078004 -15.93603748078004 -15.93603748078004 -15.93603748078004 -15.93603748078004 -15.93603748078004 -15.93603748078004 -15.93603748078004 -15.93603748078004 -15.93603748078004 -15.93603748078004 -15.93603748078004 -15.93603748078004 -15.93603748078004 -15.93603748078004
8.819095477386934 -15.898716199386342 -15.898716199386342 -15.898716199386342 -15.898716199386342 -15.898716199386342 -15.898716199386342 -15.898716199386342 -15.898716199386342 -15.898716199386342 -15.898716199386342 -15.898716199386342 -15.898716199386342 -15.898716199386342 -15.898716199386342 -15.898716199386342 -15.898716199386342 -15.898716199386342 -15.898716199386342 -15.898716199386342 -15.898716199386342 -15.898716199386342 -15.898716199386342 -15.898716199386342 -15.898716199386342 -15.898716199386342 -15.898716199386342 -15.898716199386342 -15.898716199386342 -15.898716199386342
8.894472361809044 -15.861394917992646 -15.861394917992646 -15.861394917992646 -15.861394917992646 -15.861394917992646 -15.861394917992646 -15.861394917992646 -15.861394917992646 -15.861394917992646 -15.861394917992646 -15.861394917992646 -15.861394917992646 -15.861394917992646 -15.861394917992646 -15.861394917992646 -15.861394917992646 -15.861394917992646 -15.861394917992646 -15.861394917992646 -15.861394917992646 -15.861394917992646 -15.861394917992646 -15.861394917992646 -15.861394917992646 -15.861394917992646 -15.861394917992646 -15.861394917992646 -15.861394917992646 -15.861394917992646
8.969849246231155 -15.824073636598948 -15.824073636598948 -15.824073636598948 -15.824073636598948 -15.824073636598948 -15.824073636598948 -15.824073636598948 -15.824073636598948 -15.824073636598948 -15.824073636598948 -15.824073636598948 -15.824073636598948 -15.824073636598948 -15.824073636598948 -15.824073636598948 -15.824073636598948 -15.824073636598948 -15.824073636598948 -15.824073636598948 -15.824073636598948 -15.824073636598948 -15.824073636598948 -15.824073636598948 -15.824073636598948 -15.824073636598948 -15.824073636598948 -15.824073636598948 -15.824073636598948 -15.824073636598948
9.045226130653266 -15.78675235520525 -15.78675235520525 -15.78675235520525 -15.78675235520525 -15.78675235520525 -15.78675235520525 -15.78675235520525 -15.78675235520525 -15.78675235520525 -15.78675235520525 -15.78675235520525 -15.78675235520525 -15.78675235520525 -15.78675235520525 -15.78675235520525 -15.78675235520525 -15.78675235520525 -15.78675235520525 -15.78675235520525 -15.78675235520525 -15.78675235520525 -15.78675235520525 -15.78675235520525 -15.78675235520525 -15.78675235520525 -15.78675235520525 -15.78675235520525 -15.78675235520525 -15.78675235520525
9.120603015075377 -15.749431073811552 -15.749431073811552 -15.749431073811552 -15.749431073811552 -15.749431073811552 -15.749431073811552 -15.749431073811552 -15.749431073811552 -15.749431073811552 -15.749431073811552 -15.749431073811552 -15.749431073811552 -15.749431073811552 -15.749431073811552 -15.749431073811552 -15.749431073811552 -15.749431073811552 -15.749431073811552 -15.749431073811552 -15.749431073811552 -15.749431073811552 -15.749431073811552 -15.749431073811552 -15.749431073811552 -15.749431073811552 -15.749431073811552 -15.749431073811552 -15.749431073811552 -15.749431073811552
9.195979899497488 -15.712109792417854 -15.712109792417854 -15.712109792417854 -15.712109792417854 -15.712109792417854 -15.712109792417854 -15.712109792417854 -15.712109792417854 -15.712109792417854 -15.712109792417854 -15.712109792417854 -15.712109792417854 -15.712109792417854 -15.712109792417854 -15.712109792417854 -15.712109792417854 -15.712109792417854 -15.712109792417854 -15.712109792417854 -15.712109792417854 -15.712109792417854 -15.712109792417854 -15.712109792417854 -15.712109792417854 -15.712109792417854 -15.712109792417854 -15.712109792417854 -15.712109792417854 -15.712109792417854
9.271356783919597 -15.674788511024158 -15.674788511024158 -15.674788511024158 -15.674788511024158 -15.674788511024158 -15.674788511024158 -15.674788511024158 -15.674788511024158 -15.674788511024158 -15.674788511024158 -15.674788511024158 -15.674788511024158 -15.674788511024158 -15.674788511024158 -15.674788511024158 -15.674788511024158 -15.674788511024158 -15.674788511024158 -15.674788511024158 -15.674788511024158 -15.674788511024158 -15.674788511024158 -15.674788511024158 -15.674788511024158 -15.674788511024158 -15.674788511024158 -15.674788511024158 -15.674788511024158 -15.674788511024158
9.346733668341708 -15.63746722963046 -15.63746722963046 -15.63746722963046 -15.63746722963046 -15.63746722963046 -15.63746722963046 -15.63746722963046 -15.63746722963046 -15.63746722963046 -15.63746722963046 -15.63746722963046 -15.63746722963046 -15.63746722963046 -15.63746722963046 -15.63746722963046 -15.63746722963046 -15.63746722963046 -15.63746722963046 -15.63746722963046 -15.63746722963046 -15.63746722963046 -15.63746722963046 -15.63746722963046 -15.63746722963046 -15.63746722963046 -15.63746722963046 -15.63746722963046 -15.63746722963046 -15.63746722963046
9.422110552763819 -15.600145948236761 -15.600145948236761 -15.600145948236761 -15.600145948236761 -15.600145948236761 -15.600145948236761 -15.600145948236761 -15.600145948236761 -15.600145948236761 -15.600145948236761 -15.600145948236761 -15.600145948236761 -15.600145948236761 -15.600145948236761 -15.600145948236761 -15.600145948236761 -15.600145948236761 -15.600145948236761 -15.600145948236761 -15.600145948236761 -15.600145948236761 -15.600145948236761 -15.600145948236761 -15.600145948236761 -15.600145948236761 -15.600145948236761 -15.600145948236761 -15.600145948236761 -15.600145948236761
9.497487437185928 -15.562824666843063 -15.562824666843063 -15.562824666843063 -15.562824666843063 -15.562824666843063 -15.562824666843063 -15.562824666843063 -15.562824666843063 -15.562824666843063 -15.562824666843063 -15.562824666843063 -15.562824666843063 -15.562824666843063 -15.562824666843063 -15.562824666843063 -15.562824666843063 -15.562824666843063 -15.562824666843063 -15.562824666843063 -15.562824666843063 -15.562824666843063 -15.562824666843063 -15.562824666843063 -15.562824666843063 -15.562824666843063 -15.562824666843063 -15.562824666843063 -15.562824666843063 -15.562824666843063
9.572864321608039 -15.525503385449365 -15.525503385449365 -15.525503385449365 -15.525503385449365 -15.525503385449365 -15.525503385449365 -15.525503385449365 -15.525503385449365 -15.525503385449365 -15.525503385449365 -15.525503385449365 -15.525503385449365 -15.525503385449365 -15.525503385449365 -15.525503385449365 -15.525503385449365 -15.525503385449365 -15.525503385449365 -15.525503385449365 -15.525503385449365 -15.525503385449365 -15.525503385449365 -15.525503385449365 -15.525503385449365 -15.525503385449365 -15.525503385449365 -15.525503385449365 -15.525503385449365 -15.525503385449365
9.64824120603015 -15.488182104055667 -15.488182104055667 -15.488182104055667 -15.488182104055667 -15.488182104055667 -15.488182104055667 -15.488182104055667 -15.488182104055667 -15.488182104055667 -15.488182104055667 -15.488182104055667 -15.488182104055667 -15.488182104055667 -15.488182104055667 -15.488182104055667 -15.488182104055667 -15.488182104055667 -15.488182104055667 -15.488182104055667 -15.488182104055667 -15.488182104055667 -15.488182104055667 -15.488182104055667 -15.488182104055667 -15.488182104055667 -15.488182104055667 -15.488182104055667 -15.488182104055667 -15.488182104055667
9.72361809045226 -15.45086082266197 -15.45086082266197 -15.45086082266197 -15.45086082266197 -15.45086082266197 -15.45086082266197 -15.45086082266197 -15.45086082266197 -15.45086082266197 -15.45086082266197 -15.45086082266197 -15.45086082266197 -15.45086082266197 -15.45086082266197 -15.45086082266197 -15.45086082266197 -15.45086082266197 -15.45086082266197 -15.45086082266197 -15.45086082266197 -15.45086082266197 -15.45086082266197 -15.45086082266197 -15.45086082266197 -15.45086082266197 -15.45086082266197 -15.45086082266197 -15.45086082266197 -15.45086082266197
9.798994974874372 -15.413539541268271 -15.413539541268271 -15.413539541268271 -15.413539541268271 -15.413539541268271 -15.413539541268271 -15.413539541268271 -15.413539541268271 -15.413539541268271 -15.413539541268271 -15.413539541268271 -15.413539541268271 -15.413539541268271 -15.413539541268271 -15.413539541268271 -15.413539541268271 -15.413539541268271 -15.413539541268271 -15.413539541268271 -15.413539541268271 -15.413539541268271 -15.413539541268271 -15.413539541268271 -15.413539541268271 -15.413539541268271 -15.413539541268271 -15.413539541268271 -15.413539541268271 -15.413539541268271
9.874371859296481 -15.376218259874575 -15.376218259874575 -15.376218259874575 -15.376218259874575 -15.376218259874575 -15.376218259874575 -15.376218259874575 -15.376218259874575 -15.376218259874575 -15.376218259874575 -15.376218259874575 -15.376218259874575 -15.376218259874575 -15.376218259874575 -15.376218259874575 -15.376218259874575 -15.376218259874575 -15.376218259874575 -15.376218259874575 -15.376218259874575 -15.376218259874575 -15.376218259874575 -15.376218259874575 -15.376218259874575 -15.376218259874575 -15.376218259874575 -15.376218259874575 -15.376218259874575 -15.376218259874575
9.949748743718592 -15.338896978480877 -15.338896978480877 -15.338896978480877 -15.338896978480877 -15.338896978480877 -15.338896978480877 -15.338896978480877 -15.338896978480877 -15.338896978480877 -15.338896978480877 -15.338896978480877 -15.338896978480877 -15.338896978480877 -15.338896978480877 -15.338896978480877 -15.338896978480877 -15.338896978480877 -15.338896978480877 -15.338896978480877 -15.338896978480877 -15.338896978480877 -15.338896978480877 -15.338896978480877 -15.338896978480877 -15.338896978480877 -15.338896978480877 -15.338896978480877 -15.338896978480877 -15.338896978480877
10.025125628140703 -15.30157569708718 -15.30157569708718 -15.30157569708718 -15.30157569708718 -15.30157569708718 -15.30157569708718 -15.30157569708718 -15.30157569708718 -15.30157569708718 -15.30157569708718 -15.30157569708718 -15.30157569708718 -15.30157569708718 -15.30157569708718 -15.30157569708718 -15.30157569708718 -15.30157569708718 -15.30157569708718 -15.30157569708718 -15.30157569708718 -15.30157569708718 -15.30157569708718 -15.30157569708718 -15.30157569708718 -15.30157569708718 -15.30157569708718 -15.30157569708718 -15.30157569708718 -15.30157569708718
10.100502512562812 -15.264254415693483 -15.264254415693483 -15.264254415693483 -15.264254415693483 -15.264254415693483 -15.264254415693483 -15.264254415693483 -15.264254415693483 -15.264254415693483 -15.264254415693483 -15.264254415693483 -15.264254415693483 -15.264254415693483 -15.264254415693483 -15.264254415693483 -15.264254415693483 -15.264254415693483 -15.264254415693483 -15.264254415693483 -15.264254415693483 -15.264254415693483 -15.264254415693483 -15.264254415693483 -15.264254415693483 -15.264254415693483 -15.264254415693483 -15.264254415693483 -15.264254415693483 -15.264254415693483
10.175879396984923 -15.226933134299784 -15.226933134299784 -15.226933134299784 -15.226933134299784 -15.226933134299784 -15.226933134299784 -15.226933134299784 -15.226933134299784 -15.226933134299784 -15.226933134299784 -15.226933134299784 -15.226933134299784 -15.226933134299784 -15.226933134299784 -15.226933134299784 -15.226933134299784 -15.226933134299784 -15.226933134299784 -15.226933134299784 -15.226933134299784 -15.226933134299784 -15.226933134299784 -15.226933134299784 -15.226933134299784 -15.226933134299784 -15.226933134299784 -15.226933134299784 -15.226933134299784 -15.226933134299784
