web/models/linear/92/-20_265_0_789.dat
# %ECSV 1.0
# ---
# datatype:
# - {name: time, datatype: float64}
# - {name: sdss_u, datatype: float64}
# - {name: sdss_g, datatype: float64}
# - {name: sdss_r, datatype: float64}
# - {name: sdss_i, datatype: float64}
# - {name: sdss_z, datatype: float64}
# - {name: Clear, datatype: float64}
# - {name: johnson_B, datatype: float64}
# - {name: johnson_V, datatype: float64}
# - {name: johnson_R, datatype: float64}
# - {name: johnson_I, datatype: float64}
# - {name: ukirt_J, datatype: float64}
# - {name: ukirt_H, datatype: float64}
# - {name: ukirt_K, datatype: float64}
# meta: !!omap
# - comment: [M=-20.26530612244898, dM=0.7885372992905649]
# schema: astropy-2.0
time sdss_u sdss_g sdss_r sdss_i sdss_z Clear johnson_B johnson_V johnson_R johnson_I ukirt_J ukirt_H ukirt_K
0.0 -20.26530612244898 -20.26530612244898 -20.26530612244898 -20.26530612244898 -20.26530612244898 -20.26530612244898 -20.26530612244898 -20.26530612244898 -20.26530612244898 -20.26530612244898 -20.26530612244898 -20.26530612244898 -20.26530612244898
0.07537688442211055 -20.205868637577833 -20.205868637577833 -20.205868637577833 -20.205868637577833 -20.205868637577833 -20.205868637577833 -20.205868637577833 -20.205868637577833 -20.205868637577833 -20.205868637577833 -20.205868637577833 -20.205868637577833 -20.205868637577833
0.1507537688442211 -20.146431152706683 -20.146431152706683 -20.146431152706683 -20.146431152706683 -20.146431152706683 -20.146431152706683 -20.146431152706683 -20.146431152706683 -20.146431152706683 -20.146431152706683 -20.146431152706683 -20.146431152706683 -20.146431152706683
0.22613065326633164 -20.086993667835536 -20.086993667835536 -20.086993667835536 -20.086993667835536 -20.086993667835536 -20.086993667835536 -20.086993667835536 -20.086993667835536 -20.086993667835536 -20.086993667835536 -20.086993667835536 -20.086993667835536 -20.086993667835536
0.3015075376884422 -20.027556182964386 -20.027556182964386 -20.027556182964386 -20.027556182964386 -20.027556182964386 -20.027556182964386 -20.027556182964386 -20.027556182964386 -20.027556182964386 -20.027556182964386 -20.027556182964386 -20.027556182964386 -20.027556182964386
0.37688442211055273 -19.96811869809324 -19.96811869809324 -19.96811869809324 -19.96811869809324 -19.96811869809324 -19.96811869809324 -19.96811869809324 -19.96811869809324 -19.96811869809324 -19.96811869809324 -19.96811869809324 -19.96811869809324 -19.96811869809324
0.4522613065326633 -19.908681213222092 -19.908681213222092 -19.908681213222092 -19.908681213222092 -19.908681213222092 -19.908681213222092 -19.908681213222092 -19.908681213222092 -19.908681213222092 -19.908681213222092 -19.908681213222092 -19.908681213222092 -19.908681213222092
0.5276381909547738 -19.84924372835094 -19.84924372835094 -19.84924372835094 -19.84924372835094 -19.84924372835094 -19.84924372835094 -19.84924372835094 -19.84924372835094 -19.84924372835094 -19.84924372835094 -19.84924372835094 -19.84924372835094 -19.84924372835094
0.6030150753768844 -19.789806243479795 -19.789806243479795 -19.789806243479795 -19.789806243479795 -19.789806243479795 -19.789806243479795 -19.789806243479795 -19.789806243479795 -19.789806243479795 -19.789806243479795 -19.789806243479795 -19.789806243479795 -19.789806243479795
0.6783919597989949 -19.73036875860865 -19.73036875860865 -19.73036875860865 -19.73036875860865 -19.73036875860865 -19.73036875860865 -19.73036875860865 -19.73036875860865 -19.73036875860865 -19.73036875860865 -19.73036875860865 -19.73036875860865 -19.73036875860865
0.7537688442211055 -19.670931273737498 -19.670931273737498 -19.670931273737498 -19.670931273737498 -19.670931273737498 -19.670931273737498 -19.670931273737498 -19.670931273737498 -19.670931273737498 -19.670931273737498 -19.670931273737498 -19.670931273737498 -19.670931273737498
0.829145728643216 -19.61149378886635 -19.61149378886635 -19.61149378886635 -19.61149378886635 -19.61149378886635 -19.61149378886635 -19.61149378886635 -19.61149378886635 -19.61149378886635 -19.61149378886635 -19.61149378886635 -19.61149378886635 -19.61149378886635
0.9045226130653266 -19.5520563039952 -19.5520563039952 -19.5520563039952 -19.5520563039952 -19.5520563039952 -19.5520563039952 -19.5520563039952 -19.5520563039952 -19.5520563039952 -19.5520563039952 -19.5520563039952 -19.5520563039952 -19.5520563039952
0.9798994974874371 -19.492618819124054 -19.492618819124054 -19.492618819124054 -19.492618819124054 -19.492618819124054 -19.492618819124054 -19.492618819124054 -19.492618819124054 -19.492618819124054 -19.492618819124054 -19.492618819124054 -19.492618819124054 -19.492618819124054
1.0552763819095476 -19.433181334252907 -19.433181334252907 -19.433181334252907 -19.433181334252907 -19.433181334252907 -19.433181334252907 -19.433181334252907 -19.433181334252907 -19.433181334252907 -19.433181334252907 -19.433181334252907 -19.433181334252907 -19.433181334252907
1.1306532663316582 -19.373743849381757 -19.373743849381757 -19.373743849381757 -19.373743849381757 -19.373743849381757 -19.373743849381757 -19.373743849381757 -19.373743849381757 -19.373743849381757 -19.373743849381757 -19.373743849381757 -19.373743849381757 -19.373743849381757
1.2060301507537687 -19.31430636451061 -19.31430636451061 -19.31430636451061 -19.31430636451061 -19.31430636451061 -19.31430636451061 -19.31430636451061 -19.31430636451061 -19.31430636451061 -19.31430636451061 -19.31430636451061 -19.31430636451061 -19.31430636451061
1.2814070351758793 -19.25486887963946 -19.25486887963946 -19.25486887963946 -19.25486887963946 -19.25486887963946 -19.25486887963946 -19.25486887963946 -19.25486887963946 -19.25486887963946 -19.25486887963946 -19.25486887963946 -19.25486887963946 -19.25486887963946
1.3567839195979898 -19.195431394768313 -19.195431394768313 -19.195431394768313 -19.195431394768313 -19.195431394768313 -19.195431394768313 -19.195431394768313 -19.195431394768313 -19.195431394768313 -19.195431394768313 -19.195431394768313 -19.195431394768313 -19.195431394768313
1.4321608040201004 -19.135993909897167 -19.135993909897167 -19.135993909897167 -19.135993909897167 -19.135993909897167 -19.135993909897167 -19.135993909897167 -19.135993909897167 -19.135993909897167 -19.135993909897167 -19.135993909897167 -19.135993909897167 -19.135993909897167
1.507537688442211 -19.076556425026016 -19.076556425026016 -19.076556425026016 -19.076556425026016 -19.076556425026016 -19.076556425026016 -19.076556425026016 -19.076556425026016 -19.076556425026016 -19.076556425026016 -19.076556425026016 -19.076556425026016 -19.076556425026016
1.5829145728643215 -19.01711894015487 -19.01711894015487 -19.01711894015487 -19.01711894015487 -19.01711894015487 -19.01711894015487 -19.01711894015487 -19.01711894015487 -19.01711894015487 -19.01711894015487 -19.01711894015487 -19.01711894015487 -19.01711894015487
1.658291457286432 -18.957681455283723 -18.957681455283723 -18.957681455283723 -18.957681455283723 -18.957681455283723 -18.957681455283723 -18.957681455283723 -18.957681455283723 -18.957681455283723 -18.957681455283723 -18.957681455283723 -18.957681455283723 -18.957681455283723
1.7336683417085426 -18.898243970412572 -18.898243970412572 -18.898243970412572 -18.898243970412572 -18.898243970412572 -18.898243970412572 -18.898243970412572 -18.898243970412572 -18.898243970412572 -18.898243970412572 -18.898243970412572 -18.898243970412572 -18.898243970412572
1.809045226130653 -18.838806485541426 -18.838806485541426 -18.838806485541426 -18.838806485541426 -18.838806485541426 -18.838806485541426 -18.838806485541426 -18.838806485541426 -18.838806485541426 -18.838806485541426 -18.838806485541426 -18.838806485541426 -18.838806485541426
1.8844221105527637 -18.77936900067028 -18.77936900067028 -18.77936900067028 -18.77936900067028 -18.77936900067028 -18.77936900067028 -18.77936900067028 -18.77936900067028 -18.77936900067028 -18.77936900067028 -18.77936900067028 -18.77936900067028 -18.77936900067028
1.9597989949748742 -18.71993151579913 -18.71993151579913 -18.71993151579913 -18.71993151579913 -18.71993151579913 -18.71993151579913 -18.71993151579913 -18.71993151579913 -18.71993151579913 -18.71993151579913 -18.71993151579913 -18.71993151579913 -18.71993151579913
2.0351758793969847 -18.660494030927982 -18.660494030927982 -18.660494030927982 -18.660494030927982 -18.660494030927982 -18.660494030927982 -18.660494030927982 -18.660494030927982 -18.660494030927982 -18.660494030927982 -18.660494030927982 -18.660494030927982 -18.660494030927982
2.1105527638190953 -18.60105654605683 -18.60105654605683 -18.60105654605683 -18.60105654605683 -18.60105654605683 -18.60105654605683 -18.60105654605683 -18.60105654605683 -18.60105654605683 -18.60105654605683 -18.60105654605683 -18.60105654605683 -18.60105654605683
2.185929648241206 -18.541619061185685 -18.541619061185685 -18.541619061185685 -18.541619061185685 -18.541619061185685 -18.541619061185685 -18.541619061185685 -18.541619061185685 -18.541619061185685 -18.541619061185685 -18.541619061185685 -18.541619061185685 -18.541619061185685
2.2613065326633164 -18.482181576314538 -18.482181576314538 -18.482181576314538 -18.482181576314538 -18.482181576314538 -18.482181576314538 -18.482181576314538 -18.482181576314538 -18.482181576314538 -18.482181576314538 -18.482181576314538 -18.482181576314538 -18.482181576314538
2.336683417085427 -18.422744091443388 -18.422744091443388 -18.422744091443388 -18.422744091443388 -18.422744091443388 -18.422744091443388 -18.422744091443388 -18.422744091443388 -18.422744091443388 -18.422744091443388 -18.422744091443388 -18.422744091443388 -18.422744091443388
2.4120603015075375 -18.36330660657224 -18.36330660657224 -18.36330660657224 -18.36330660657224 -18.36330660657224 -18.36330660657224 -18.36330660657224 -18.36330660657224 -18.36330660657224 -18.36330660657224 -18.36330660657224 -18.36330660657224 -18.36330660657224
2.487437185929648 -18.30386912170109 -18.30386912170109 -18.30386912170109 -18.30386912170109 -18.30386912170109 -18.30386912170109 -18.30386912170109 -18.30386912170109 -18.30386912170109 -18.30386912170109 -18.30386912170109 -18.30386912170109 -18.30386912170109
2.5628140703517586 -18.244431636829944 -18.244431636829944 -18.244431636829944 -18.244431636829944 -18.244431636829944 -18.244431636829944 -18.244431636829944 -18.244431636829944 -18.244431636829944 -18.244431636829944 -18.244431636829944 -18.244431636829944 -18.244431636829944
2.638190954773869 -18.184994151958797 -18.184994151958797 -18.184994151958797 -18.184994151958797 -18.184994151958797 -18.184994151958797 -18.184994151958797 -18.184994151958797 -18.184994151958797 -18.184994151958797 -18.184994151958797 -18.184994151958797 -18.184994151958797
2.7135678391959797 -18.125556667087647 -18.125556667087647 -18.125556667087647 -18.125556667087647 -18.125556667087647 -18.125556667087647 -18.125556667087647 -18.125556667087647 -18.125556667087647 -18.125556667087647 -18.125556667087647 -18.125556667087647 -18.125556667087647
2.78894472361809 -18.0661191822165 -18.0661191822165 -18.0661191822165 -18.0661191822165 -18.0661191822165 -18.0661191822165 -18.0661191822165 -18.0661191822165 -18.0661191822165 -18.0661191822165 -18.0661191822165 -18.0661191822165 -18.0661191822165
2.8643216080402008 -18.00668169734535 -18.00668169734535 -18.00668169734535 -18.00668169734535 -18.00668169734535 -18.00668169734535 -18.00668169734535 -18.00668169734535 -18.00668169734535 -18.00668169734535 -18.00668169734535 -18.00668169734535 -18.00668169734535
2.9396984924623113 -17.947244212474203 -17.947244212474203 -17.947244212474203 -17.947244212474203 -17.947244212474203 -17.947244212474203 -17.947244212474203 -17.947244212474203 -17.947244212474203 -17.947244212474203 -17.947244212474203 -17.947244212474203 -17.947244212474203
3.015075376884422 -17.887806727603056 -17.887806727603056 -17.887806727603056 -17.887806727603056 -17.887806727603056 -17.887806727603056 -17.887806727603056 -17.887806727603056 -17.887806727603056 -17.887806727603056 -17.887806727603056 -17.887806727603056 -17.887806727603056
3.0904522613065324 -17.828369242731906 -17.828369242731906 -17.828369242731906 -17.828369242731906 -17.828369242731906 -17.828369242731906 -17.828369242731906 -17.828369242731906 -17.828369242731906 -17.828369242731906 -17.828369242731906 -17.828369242731906 -17.828369242731906
3.165829145728643 -17.76893175786076 -17.76893175786076 -17.76893175786076 -17.76893175786076 -17.76893175786076 -17.76893175786076 -17.76893175786076 -17.76893175786076 -17.76893175786076 -17.76893175786076 -17.76893175786076 -17.76893175786076 -17.76893175786076
3.2412060301507535 -17.709494272989613 -17.709494272989613 -17.709494272989613 -17.709494272989613 -17.709494272989613 -17.709494272989613 -17.709494272989613 -17.709494272989613 -17.709494272989613 -17.709494272989613 -17.709494272989613 -17.709494272989613 -17.709494272989613
3.316582914572864 -17.650056788118462 -17.650056788118462 -17.650056788118462 -17.650056788118462 -17.650056788118462 -17.650056788118462 -17.650056788118462 -17.650056788118462 -17.650056788118462 -17.650056788118462 -17.650056788118462 -17.650056788118462 -17.650056788118462
3.3919597989949746 -17.590619303247315 -17.590619303247315 -17.590619303247315 -17.590619303247315 -17.590619303247315 -17.590619303247315 -17.590619303247315 -17.590619303247315 -17.590619303247315 -17.590619303247315 -17.590619303247315 -17.590619303247315 -17.590619303247315
3.467336683417085 -17.53118181837617 -17.53118181837617 -17.53118181837617 -17.53118181837617 -17.53118181837617 -17.53118181837617 -17.53118181837617 -17.53118181837617 -17.53118181837617 -17.53118181837617 -17.53118181837617 -17.53118181837617 -17.53118181837617
3.5427135678391957 -17.47174433350502 -17.47174433350502 -17.47174433350502 -17.47174433350502 -17.47174433350502 -17.47174433350502 -17.47174433350502 -17.47174433350502 -17.47174433350502 -17.47174433350502 -17.47174433350502 -17.47174433350502 -17.47174433350502
3.618090452261306 -17.41230684863387 -17.41230684863387 -17.41230684863387 -17.41230684863387 -17.41230684863387 -17.41230684863387 -17.41230684863387 -17.41230684863387 -17.41230684863387 -17.41230684863387 -17.41230684863387 -17.41230684863387 -17.41230684863387
3.6934673366834168 -17.35286936376272 -17.35286936376272 -17.35286936376272 -17.35286936376272 -17.35286936376272 -17.35286936376272 -17.35286936376272 -17.35286936376272 -17.35286936376272 -17.35286936376272 -17.35286936376272 -17.35286936376272 -17.35286936376272
3.7688442211055273 -17.293431878891575 -17.293431878891575 -17.293431878891575 -17.293431878891575 -17.293431878891575 -17.293431878891575 -17.293431878891575 -17.293431878891575 -17.293431878891575 -17.293431878891575 -17.293431878891575 -17.293431878891575 -17.293431878891575
3.844221105527638 -17.233994394020428 -17.233994394020428 -17.233994394020428 -17.233994394020428 -17.233994394020428 -17.233994394020428 -17.233994394020428 -17.233994394020428 -17.233994394020428 -17.233994394020428 -17.233994394020428 -17.233994394020428 -17.233994394020428
3.9195979899497484 -17.174556909149278 -17.174556909149278 -17.174556909149278 -17.174556909149278 -17.174556909149278 -17.174556909149278 -17.174556909149278 -17.174556909149278 -17.174556909149278 -17.174556909149278 -17.174556909149278 -17.174556909149278 -17.174556909149278
3.994974874371859 -17.11511942427813 -17.11511942427813 -17.11511942427813 -17.11511942427813 -17.11511942427813 -17.11511942427813 -17.11511942427813 -17.11511942427813 -17.11511942427813 -17.11511942427813 -17.11511942427813 -17.11511942427813 -17.11511942427813
4.0703517587939695 -17.05568193940698 -17.05568193940698 -17.05568193940698 -17.05568193940698 -17.05568193940698 -17.05568193940698 -17.05568193940698 -17.05568193940698 -17.05568193940698 -17.05568193940698 -17.05568193940698 -17.05568193940698 -17.05568193940698
4.14572864321608 -16.996244454535834 -16.996244454535834 -16.996244454535834 -16.996244454535834 -16.996244454535834 -16.996244454535834 -16.996244454535834 -16.996244454535834 -16.996244454535834 -16.996244454535834 -16.996244454535834 -16.996244454535834 -16.996244454535834
4.221105527638191 -16.936806969664687 -16.936806969664687 -16.936806969664687 -16.936806969664687 -16.936806969664687 -16.936806969664687 -16.936806969664687 -16.936806969664687 -16.936806969664687 -16.936806969664687 -16.936806969664687 -16.936806969664687 -16.936806969664687
4.296482412060302 -16.877369484793537 -16.877369484793537 -16.877369484793537 -16.877369484793537 -16.877369484793537 -16.877369484793537 -16.877369484793537 -16.877369484793537 -16.877369484793537 -16.877369484793537 -16.877369484793537 -16.877369484793537 -16.877369484793537
