web/models/kne.last_good/kappa_0.5_3.0.v1/18/villar_0.0275_0.1083_3.0000.dat
# %ECSV 1.0
# ---
# datatype:
# - {name: time, datatype: float64}
# - {name: swift_uvot_uvw2, datatype: float64}
# - {name: swift_uvot_uvm2, datatype: float64}
# - {name: swift_uvot_uvw1, datatype: float64}
# - {name: swift_uvot_U, datatype: float64}
# - {name: swift_uvot_B, datatype: float64}
# - {name: swift_uvot_V, datatype: float64}
# - {name: swift_uvot_W, datatype: float64}
# - {name: johnson_U, datatype: float64}
# - {name: johnson_B, datatype: float64}
# - {name: johnson_V, datatype: float64}
# - {name: johnson_R, datatype: float64}
# - {name: johnson_I, datatype: float64}
# - {name: sdss_u, datatype: float64}
# - {name: sdss_g, datatype: float64}
# - {name: sdss_r, datatype: float64}
# - {name: sdss_i, datatype: float64}
# - {name: sdss_z, datatype: float64}
# - {name: PS1_g, datatype: float64}
# - {name: PS1_r, datatype: float64}
# - {name: PS1_i, datatype: float64}
# - {name: PS1_z, datatype: float64}
# - {name: PS1_Y, datatype: float64}
# - {name: PS1_w, datatype: float64}
# - {name: ATLAS_c, datatype: float64}
# - {name: ATLAS_o, datatype: float64}
# - {name: ukirt_J, datatype: float64}
# - {name: ukirt_H, datatype: float64}
# - {name: ukirt_K, datatype: float64}
# - {name: Clear, datatype: float64}
# meta: !!omap
# - comment: [kappa = 3.0, type = villar, mass = 0.027507471329904786, velocity = 0.10833333333333334, theta_obs = 0.0]
# schema: astropy-2.0
time swift_uvot_uvw2 swift_uvot_uvm2 swift_uvot_uvw1 swift_uvot_U swift_uvot_B swift_uvot_V swift_uvot_W johnson_U johnson_B johnson_V johnson_R johnson_I sdss_u sdss_g sdss_r sdss_i sdss_z PS1_g PS1_r PS1_i PS1_z PS1_Y PS1_w ATLAS_c ATLAS_o ukirt_J ukirt_H ukirt_K Clear
[from data line 78]
0.010217 -9.247 -9.1 -8.991 -8.645 -8.323 -7.966 -8.837 -8.598 -8.319 -7.956 -7.583 -7.147 -8.607 -8.21 -7.751 -7.408 -7.083 -8.198 -7.793 -7.462 -7.253 -7.268 -7.808 -8.031 -7.61 -6.427 -5.89 -5.267 -7.882
0.010526 -9.287 -9.144 -9.036 -8.693 -8.373 -8.017 -8.882 -8.646 -8.369 -8.007 -7.635 -7.2 -8.655 -8.26 -7.803 -7.461 -7.136 -8.248 -7.844 -7.514 -7.305 -7.317 -7.859 -8.082 -7.662 -6.48 -5.944 -5.321 -7.933
0.010845 -9.326 -9.186 -9.08 -8.741 -8.423 -8.069 -8.926 -8.694 -8.419 -8.058 -7.687 -7.253 -8.704 -8.31 -7.854 -7.513 -7.189 -8.298 -7.895 -7.565 -7.356 -7.367 -7.911 -8.132 -7.714 -6.534 -5.998 -5.376 -7.984
0.011173 -9.366 -9.229 -9.124 -8.789 -8.472 -8.119 -8.971 -8.743 -8.468 -8.109 -7.739 -7.305 -8.752 -8.36 -7.906 -7.565 -7.241 -8.348 -7.946 -7.617 -7.407 -7.416 -7.962 -8.183 -7.766 -6.588 -6.052 -5.43 -8.034
0.011511 -9.405 -9.271 -9.168 -8.837 -8.522 -8.17 -9.015 -8.791 -8.518 -8.16 -7.791 -7.358 -8.8 -8.41 -7.957 -7.617 -7.294 -8.397 -7.997 -7.668 -7.458 -7.465 -8.013 -8.234 -7.818 -6.641 -6.106 -5.485 -8.085
0.011859 -9.444 -9.314 -9.212 -8.884 -8.571 -8.221 -9.059 -8.839 -8.567 -8.211 -7.843 -7.411 -8.848 -8.46 -8.009 -7.67 -7.347 -8.447 -8.048 -7.719 -7.509 -7.514 -8.064 -8.284 -7.87 -6.695 -6.16 -5.539 -8.136
0.012217 -9.483 -9.356 -9.255 -8.932 -8.62 -8.272 -9.102 -8.886 -8.617 -8.261 -7.894 -7.463 -8.896 -8.51 -8.06 -7.722 -7.4 -8.497 -8.098 -7.771 -7.56 -7.562 -8.115 -8.334 -7.921 -6.748 -6.214 -5.593 -8.186
0.012587 -9.521 -9.398 -9.299 -8.979 -8.67 -8.322 -9.146 -8.934 -8.666 -8.312 -7.946 -7.516 -8.943 -8.559 -8.111 -7.774 -7.452 -8.546 -8.149 -7.822 -7.611 -7.611 -8.166 -8.385 -7.973 -6.802 -6.268 -5.648 -8.237
0.012968 -9.559 -9.439 -9.342 -9.026 -8.719 -8.373 -9.189 -8.982 -8.715 -8.363 -7.997 -7.568 -8.991 -8.609 -8.162 -7.826 -7.505 -8.595 -8.2 -7.873 -7.662 -7.66 -8.216 -8.435 -8.024 -6.855 -6.322 -5.702 -8.287
0.01336 -9.597 -9.48 -9.385 -9.073 -8.768 -8.423 -9.233 -9.029 -8.764 -8.413 -8.049 -7.62 -9.038 -8.658 -8.213 -7.877 -7.557 -8.645 -8.25 -7.924 -7.713 -7.709 -8.267 -8.485 -8.075 -6.908 -6.376 -5.756 -8.337
0.013764 -9.635 -9.522 -9.428 -9.12 -8.816 -8.474 -9.276 -9.076 -8.813 -8.463 -8.1 -7.673 -9.085 -8.708 -8.264 -7.929 -7.609 -8.694 -8.301 -7.975 -7.764 -7.758 -8.317 -8.535 -8.127 -6.962 -6.429 -5.81 -8.388
0.01418 -9.673 -9.563 -9.47 -9.167 -8.865 -8.524 -9.319 -9.123 -8.861 -8.514 -8.152 -7.725 -9.132 -8.757 -8.315 -7.981 -7.662 -8.743 -8.351 -8.026 -7.814 -7.807 -8.368 -8.585 -8.178 -7.015 -6.483 -5.864 -8.438
0.014609 -9.71 -9.603 -9.513 -9.214 -8.914 -8.574 -9.361 -9.17 -8.91 -8.564 -8.203 -7.777 -9.179 -8.806 -8.366 -8.033 -7.714 -8.792 -8.401 -8.077 -7.865 -7.856 -8.418 -8.635 -8.229 -7.068 -6.537 -5.918 -8.488
0.015051 -9.747 -9.644 -9.555 -9.26 -8.962 -8.624 -9.404 -9.217 -8.959 -8.614 -8.254 -7.829 -9.226 -8.855 -8.417 -8.084 -7.766 -8.84 -8.451 -8.128 -7.916 -7.904 -8.469 -8.684 -8.28 -7.121 -6.59 -5.972 -8.538
0.015506 -9.784 -9.684 -9.597 -9.307 -9.011 -8.674 -9.446 -9.264 -9.007 -8.664 -8.305 -7.881 -9.273 -8.904 -8.467 -8.136 -7.818 -8.889 -8.501 -8.178 -7.967 -7.953 -8.519 -8.734 -8.331 -7.174 -6.644 -6.026 -8.587
0.015975 -9.821 -9.724 -9.639 -9.353 -9.059 -8.724 -9.489 -9.311 -9.055 -8.714 -8.356 -7.933 -9.319 -8.953 -8.518 -8.187 -7.87 -8.938 -8.551 -8.229 -8.017 -8.002 -8.569 -8.783 -8.382 -7.227 -6.698 -6.08 -8.637
0.016458 -9.857 -9.764 -9.68 -9.399 -9.107 -8.774 -9.531 -9.357 -9.104 -8.764 -8.407 -7.985 -9.366 -9.002 -8.568 -8.239 -7.922 -8.986 -8.601 -8.28 -8.068 -8.05 -8.619 -8.833 -8.433 -7.28 -6.751 -6.134 -8.687
0.016956 -9.894 -9.804 -9.722 -9.445 -9.155 -8.823 -9.573 -9.403 -9.152 -8.813 -8.458 -8.037 -9.412 -9.05 -8.619 -8.29 -7.974 -9.035 -8.651 -8.33 -8.118 -8.099 -8.669 -8.882 -8.484 -7.333 -6.804 -6.188 -8.736
0.017469 -9.93 -9.843 -9.763 -9.491 -9.203 -8.873 -9.614 -9.45 -9.2 -8.863 -8.508 -8.088 -9.458 -9.099 -8.669 -8.341 -8.026 -9.083 -8.701 -8.381 -8.169 -8.148 -8.719 -8.931 -8.534 -7.386 -6.858 -6.242 -8.786
0.017997 -9.965 -9.882 -9.804 -9.537 -9.251 -8.922 -9.656 -9.496 -9.248 -8.912 -8.559 -8.14 -9.504 -9.147 -8.719 -8.392 -8.078 -9.132 -8.751 -8.431 -8.219 -8.196 -8.769 -8.981 -8.585 -7.439 -6.911 -6.296 -8.835
0.018541 -10.001 -9.921 -9.845 -9.582 -9.299 -8.972 -9.697 -9.542 -9.295 -8.962 -8.61 -8.192 -9.55 -9.196 -8.77 -8.443 -8.13 -9.18 -8.801 -8.482 -8.269 -8.245 -8.818 -9.03 -8.635 -7.492 -6.965 -6.35 -8.884
0.019102 -10.036 -9.96 -9.886 -9.627 -9.347 -9.021 -9.738 -9.587 -9.343 -9.011 -8.66 -8.243 -9.596 -9.244 -8.82 -8.494 -8.182 -9.228 -8.85 -8.532 -8.32 -8.294 -8.868 -9.079 -8.686 -7.544 -7.018 -6.403 -8.934
0.01968 -10.071 -9.999 -9.926 -9.673 -9.394 -9.071 -9.779 -9.633 -9.391 -9.061 -8.711 -8.295 -9.642 -9.292 -8.87 -8.545 -8.233 -9.276 -8.9 -8.582 -8.37 -8.342 -8.917 -9.127 -8.736 -7.597 -7.071 -6.457 -8.983
0.020275 -10.106 -10.037 -9.966 -9.718 -9.442 -9.12 -9.82 -9.679 -9.438 -9.11 -8.761 -8.346 -9.687 -9.34 -8.92 -8.596 -8.285 -9.324 -8.949 -8.633 -8.42 -8.391 -8.967 -9.176 -8.786 -7.65 -7.124 -6.511 -9.032
0.020888 -10.14 -10.075 -10.007 -9.763 -9.489 -9.169 -9.861 -9.724 -9.485 -9.159 -8.811 -8.398 -9.732 -9.388 -8.969 -8.647 -8.337 -9.371 -8.999 -8.683 -8.471 -8.439 -9.016 -9.225 -8.837 -7.702 -7.177 -6.564 -9.081
0.02152 -10.175 -10.113 -10.046 -9.808 -9.536 -9.218 -9.901 -9.769 -9.533 -9.208 -8.861 -8.449 -9.778 -9.436 -9.019 -8.698 -8.388 -9.419 -9.048 -8.733 -8.521 -8.488 -9.065 -9.273 -8.887 -7.755 -7.231 -6.618 -9.13
0.022171 -10.209 -10.15 -10.086 -9.852 -9.583 -9.267 -9.941 -9.814 -9.58 -9.257 -8.912 -8.5 -9.823 -9.483 -9.069 -8.749 -8.439 -9.467 -9.097 -8.783 -8.571 -8.537 -9.115 -9.322 -8.937 -7.807 -7.284 -6.672 -9.178
0.022841 -10.243 -10.188 -10.126 -9.897 -9.63 -9.315 -9.982 -9.859 -9.627 -9.306 -8.962 -8.551 -9.868 -9.531 -9.119 -8.799 -8.491 -9.514 -9.146 -8.833 -8.621 -8.585 -9.164 -9.37 -8.987 -7.86 -7.337 -6.725 -9.227
0.023532 -10.276 -10.225 -10.165 -9.941 -9.677 -9.364 -10.021 -9.904 -9.673 -9.354 -9.012 -8.603 -9.912 -9.578 -9.168 -8.85 -8.542 -9.562 -9.195 -8.883 -8.671 -8.634 -9.213 -9.419 -9.037 -7.912 -7.39 -6.779 -9.275
0.024244 -10.309 -10.262 -10.204 -9.986 -9.724 -9.413 -10.061 -9.949 -9.72 -9.403 -9.062 -8.654 -9.957 -9.626 -9.217 -8.9 -8.593 -9.609 -9.244 -8.933 -8.721 -8.682 -9.262 -9.467 -9.087 -7.965 -7.443 -6.832 -9.324
0.024977 -10.342 -10.298 -10.243 -10.03 -9.771 -9.461 -10.101 -9.993 -9.767 -9.451 -9.111 -8.705 -10.002 -9.673 -9.267 -8.951 -8.645 -9.656 -9.293 -8.983 -8.771 -8.73 -9.311 -9.515 -9.136 -8.017 -7.496 -6.886 -9.372
0.025733 -10.375 -10.335 -10.281 -10.074 -9.817 -9.51 -10.14 -10.038 -9.813 -9.5 -9.161 -8.756 -10.046 -9.72 -9.316 -9.001 -8.696 -9.703 -9.342 -9.033 -8.821 -8.779 -9.359 -9.563 -9.186 -8.069 -7.549 -6.939 -9.421
0.026511 -10.408 -10.371 -10.32 -10.118 -9.863 -9.558 -10.179 -10.082 -9.86 -9.548 -9.211 -8.807 -10.09 -9.767 -9.365 -9.051 -8.747 -9.75 -9.391 -9.082 -8.871 -8.827 -9.408 -9.611 -9.236 -8.121 -7.601 -6.993 -9.469
0.027313 -10.44 -10.407 -10.358 -10.161 -9.91 -9.606 -10.218 -10.126 -9.906 -9.597 -9.261 -8.857 -10.134 -9.814 -9.414 -9.102 -8.798 -9.797 -9.44 -9.132 -8.921 -8.876 -9.457 -9.659 -9.285 -8.174 -7.654 -7.046 -9.517
0.028139 -10.472 -10.442 -10.396 -10.205 -9.956 -9.654 -10.257 -10.17 -9.952 -9.645 -9.31 -8.908 -10.178 -9.861 -9.463 -9.152 -8.849 -9.844 -9.488 -9.181 -8.97 -8.924 -9.505 -9.706 -9.335 -8.226 -7.707 -7.099 -9.565
0.02899 -10.503 -10.478 -10.434 -10.248 -10.002 -9.703 -10.296 -10.214 -9.998 -9.693 -9.36 -8.959 -10.222 -9.908 -9.512 -9.202 -8.9 -9.891 -9.537 -9.231 -9.02 -8.973 -9.553 -9.754 -9.384 -8.278 -7.76 -7.153 -9.613
0.029867 -10.535 -10.513 -10.471 -10.291 -10.048 -9.751 -10.334 -10.258 -10.044 -9.741 -9.409 -9.01 -10.265 -9.954 -9.561 -9.252 -8.951 -9.937 -9.585 -9.281 -9.07 -9.021 -9.602 -9.801 -9.433 -8.33 -7.813 -7.206 -9.661
0.03077 -10.566 -10.548 -10.508 -10.334 -10.094 -9.798 -10.372 -10.301 -10.09 -9.789 -9.458 -9.06 -10.309 -10.001 -9.61 -9.302 -9.001 -9.984 -9.634 -9.33 -9.119 -9.069 -9.65 -9.849 -9.483 -8.382 -7.865 -7.259 -9.708
0.031701 -10.597 -10.582 -10.545 -10.377 -10.139 -9.846 -10.41 -10.344 -10.136 -9.837 -9.508 -9.111 -10.352 -10.047 -9.659 -9.352 -9.052 -10.03 -9.682 -9.379 -9.169 -9.118 -9.698 -9.896 -9.532 -8.434 -7.918 -7.312 -9.756
0.032659 -10.627 -10.617 -10.582 -10.42 -10.185 -9.894 -10.448 -10.388 -10.181 -9.884 -9.557 -9.161 -10.395 -10.093 -9.707 -9.401 -9.103 -10.076 -9.73 -9.429 -9.218 -9.166 -9.746 -9.943 -9.581 -8.486 -7.97 -7.365 -9.804
0.033647 -10.658 -10.651 -10.619 -10.462 -10.23 -9.941 -10.486 -10.431 -10.227 -9.932 -9.606 -9.212 -10.438 -10.14 -9.756 -9.451 -9.153 -10.123 -9.778 -9.478 -9.268 -9.214 -9.794 -9.99 -9.63 -8.538 -8.023 -7.419 -9.851
0.034665 -10.688 -10.684 -10.655 -10.505 -10.276 -9.989 -10.523 -10.474 -10.272 -9.979 -9.655 -9.262 -10.481 -10.186 -9.804 -9.501 -9.204 -10.169 -9.827 -9.527 -9.317 -9.262 -9.842 -10.037 -9.679 -8.59 -8.076 -7.472 -9.898
0.035713 -10.717 -10.718 -10.691 -10.547 -10.321 -10.036 -10.561 -10.516 -10.317 -10.027 -9.704 -9.312 -10.524 -10.232 -9.853 -9.55 -9.255 -10.215 -9.875 -9.576 -9.367 -9.311 -9.89 -10.084 -9.728 -8.641 -8.128 -7.525 -9.946
0.036793 -10.747 -10.751 -10.727 -10.589 -10.366 -10.084 -10.598 -10.559 -10.362 -10.074 -9.753 -9.363 -10.566 -10.277 -9.901 -9.6 -9.305 -10.261 -9.922 -9.625 -9.416 -9.359 -9.938 -10.131 -9.776 -8.693 -8.181 -7.578 -9.993
0.037906 -10.776 -10.784 -10.763 -10.631 -10.411 -10.131 -10.635 -10.601 -10.407 -10.121 -9.801 -9.413 -10.609 -10.323 -9.949 -9.649 -9.355 -10.306 -9.97 -9.674 -9.466 -9.407 -9.985 -10.178 -9.825 -8.745 -8.233 -7.631 -10.04
0.039052 -10.805 -10.817 -10.798 -10.673 -10.456 -10.178 -10.671 -10.644 -10.452 -10.168 -9.85 -9.463 -10.651 -10.369 -9.997 -9.699 -9.406 -10.352 -10.018 -9.723 -9.515 -9.455 -10.033 -10.224 -9.874 -8.796 -8.285 -7.684 -10.087
0.040234 -10.833 -10.849 -10.834 -10.714 -10.5 -10.225 -10.708 -10.686 -10.497 -10.215 -9.899 -9.513 -10.693 -10.414 -10.045 -9.748 -9.456 -10.397 -10.066 -9.772 -9.564 -9.503 -10.08 -10.271 -9.922 -8.848 -8.338 -7.737 -10.134
0.04145 -10.861 -10.881 -10.869 -10.756 -10.545 -10.272 -10.744 -10.728 -10.541 -10.262 -9.947 -9.563 -10.735 -10.459 -10.093 -9.797 -9.506 -10.443 -10.113 -9.821 -9.613 -9.552 -10.127 -10.317 -9.971 -8.9 -8.39 -7.79 -10.181
0.042704 -10.889 -10.913 -10.903 -10.797 -10.589 -10.318 -10.78 -10.769 -10.585 -10.309 -9.996 -9.613 -10.776 -10.505 -10.141 -9.847 -9.556 -10.488 -10.161 -9.869 -9.662 -9.6 -10.175 -10.363 -10.019 -8.951 -8.442 -7.843 -10.227
0.043996 -10.917 -10.945 -10.938 -10.838 -10.633 -10.365 -10.816 -10.811 -10.63 -10.356 -10.044 -9.663 -10.818 -10.55 -10.189 -9.896 -9.606 -10.533 -10.208 -9.918 -9.711 -9.648 -10.222 -10.41 -10.067 -9.003 -8.495 -7.896 -10.274
0.045326 -10.944 -10.976 -10.972 -10.879 -10.677 -10.412 -10.852 -10.852 -10.674 -10.402 -10.092 -9.712 -10.859 -10.595 -10.236 -9.945 -9.656 -10.578 -10.256 -9.967 -9.76 -9.696 -10.269 -10.456 -10.115 -9.054 -8.547 -7.948 -10.32
0.046697 -10.971 -11.007 -11.006 -10.919 -10.721 -10.458 -10.888 -10.894 -10.718 -10.449 -10.14 -9.762 -10.9 -10.639 -10.284 -9.994 -9.706 -10.623 -10.303 -10.015 -9.809 -9.744 -10.316 -10.501 -10.164 -9.105 -8.599 -8.001 -10.367
0.048109 -10.998 -11.037 -11.04 -10.96 -10.765 -10.505 -10.923 -10.935 -10.762 -10.495 -10.189 -9.812 -10.941 -10.684 -10.331 -10.042 -9.756 -10.668 -10.35 -10.064 -9.858 -9.792 -10.362 -10.547 -10.212 -9.157 -8.651 -8.054 -10.413
0.049564 -11.024 -11.068 -11.073 -11.0 -10.809 -10.551 -10.958 -10.975 -10.805 -10.542 -10.237 -9.861 -10.982 -10.729 -10.379 -10.091 -9.806 -10.713 -10.397 -10.112 -9.907 -9.84 -10.409 -10.593 -10.259 -9.208 -8.703 -8.107 -10.459
0.051063 -11.05 -11.098 -11.106 -11.04 -10.852 -10.597 -10.993 -11.016 -10.849 -10.588 -10.285 -9.911 -11.023 -10.773 -10.426 -10.14 -9.856 -10.757 -10.444 -10.16 -9.956 -9.888 -10.456 -10.639 -10.307 -9.259 -8.755 -8.16 -10.505
0.052608 -11.076 -11.127 -11.139 -11.08 -10.896 -10.643 -11.028 -11.057 -10.892 -10.634 -10.332 -9.96 -11.063 -10.817 -10.473 -10.189 -9.905 -10.802 -10.491 -10.209 -10.005 -9.936 -10.502 -10.684 -10.355 -9.311 -8.807 -8.212 -10.551
0.054199 -11.101 -11.157 -11.172 -11.12 -10.939 -10.689 -11.062 -11.097 -10.936 -10.68 -10.38 -10.01 -11.103 -10.862 -10.52 -10.237 -9.955 -10.846 -10.538 -10.257 -10.053 -9.984 -10.549 -10.729 -10.403 -9.362 -8.859 -8.265 -10.597
0.055838 -11.126 -11.186 -11.204 -11.159 -10.982 -10.735 -11.096 -11.137 -10.979 -10.726 -10.428 -10.059 -11.143 -10.906 -10.567 -10.286 -10.005 -10.89 -10.584 -10.305 -10.102 -10.031 -10.595 -10.775 -10.45 -9.413 -8.911 -8.318 -10.642
0.057527 -11.151 -11.214 -11.236 -11.199 -11.025 -10.78 -11.13 -11.177 -11.022 -10.771 -10.475 -10.108 -11.183 -10.95 -10.614 -10.334 -10.054 -10.934 -10.631 -10.353 -10.151 -10.079 -10.641 -10.82 -10.498 -9.464 -8.963 -8.37 -10.688
0.059267 -11.175 -11.243 -11.268 -11.238 -11.068 -10.826 -11.164 -11.217 -11.065 -10.817 -10.523 -10.157 -11.223 -10.993 -10.661 -10.382 -10.103 -10.978 -10.678 -10.401 -10.199 -10.127 -10.687 -10.865 -10.545 -9.515 -9.015 -8.423 -10.733
0.061059 -11.199 -11.271 -11.3 -11.277 -11.111 -10.871 -11.198 -11.257 -11.107 -10.862 -10.57 -10.207 -11.263 -11.037 -10.708 -10.431 -10.153 -11.022 -10.724 -10.449 -10.248 -10.175 -10.733 -10.909 -10.592 -9.566 -9.067 -8.475 -10.779
0.062906 -11.222 -11.299 -11.331 -11.316 -11.153 -10.917 -11.231 -11.296 -11.15 -10.908 -10.618 -10.256 -11.302 -11.08 -10.754 -10.479 -10.202 -11.066 -10.77 -10.497 -10.296 -10.223 -10.779 -10.954 -10.64 -9.617 -9.119 -8.528 -10.824
0.064808 -11.246 -11.326 -11.362 -11.354 -11.196 -10.962 -11.265 -11.335 -11.192 -10.953 -10.665 -10.304 -11.341 -11.124 -10.801 -10.527 -10.251 -11.109 -10.817 -10.544 -10.344 -10.27 -10.825 -10.999 -10.687 -9.668 -9.17 -8.58 -10.869
0.066769 -11.269 -11.353 -11.392 -11.392 -11.238 -11.007 -11.298 -11.374 -11.234 -10.998 -10.712 -10.353 -11.38 -11.167 -10.847 -10.575 -10.3 -11.153 -10.863 -10.592 -10.393 -10.318 -10.871 -11.043 -10.734 -9.718 -9.222 -8.633 -10.914
0.068788 -11.291 -11.38 -11.423 -11.43 -11.28 -11.052 -11.33 -11.413 -11.276 -11.043 -10.759 -10.402 -11.419 -11.21 -10.893 -10.623 -10.349 -11.196 -10.909 -10.64 -10.441 -10.366 -10.916 -11.088 -10.781 -9.769 -9.274 -8.685 -10.959
0.070868 -11.313 -11.406 -11.453 -11.468 -11.322 -11.097 -11.363 -11.452 -11.318 -11.088 -10.806 -10.451 -11.457 -11.253 -10.939 -10.67 -10.398 -11.239 -10.955 -10.687 -10.489 -10.413 -10.962 -11.132 -10.827 -9.82 -9.325 -8.738 -11.004
0.073012 -11.335 -11.432 -11.483 -11.506 -11.363 -11.141 -11.395 -11.49 -11.36 -11.133 -10.853 -10.5 -11.495 -11.296 -10.985 -10.718 -10.447 -11.282 -11.0 -10.735 -10.537 -10.461 -11.007 -11.176 -10.874 -9.871 -9.377 -8.79 -11.049
0.07522 -11.357 -11.458 -11.512 -11.544 -11.405 -11.186 -11.427 -11.528 -11.402 -11.178 -10.9 -10.548 -11.533 -11.338 -11.031 -10.766 -10.496 -11.325 -11.046 -10.782 -10.585 -10.508 -11.052 -11.22 -10.921 -9.921 -9.429 -8.843 -11.093
0.077495 -11.378 -11.483 -11.542 -11.581 -11.446 -11.231 -11.459 -11.566 -11.443 -11.222 -10.946 -10.597 -11.571 -11.381 -11.077 -10.813 -10.545 -11.368 -11.092 -10.829 -10.633 -10.556 -11.097 -11.264 -10.967 -9.972 -9.48 -8.895 -11.138
0.079839 -11.398 -11.508 -11.57 -11.618 -11.488 -11.275 -11.491 -11.604 -11.484 -11.266 -10.993 -10.645 -11.609 -11.423 -11.123 -10.861 -10.594 -11.41 -11.137 -10.876 -10.681 -10.603 -11.142 -11.307 -11.014 -10.022 -9.532 -8.947 -11.182
0.082253 -11.419 -11.533 -11.599 -11.655 -11.529 -11.319 -11.523 -11.641 -11.525 -11.311 -11.039 -10.694 -11.646 -11.465 -11.169 -10.908 -10.642 -11.453 -11.183 -10.923 -10.729 -10.651 -11.187 -11.351 -11.06 -10.073 -9.583 -8.999 -11.226
