web/models/kne.last_good/kappa_0.5_3.0.v1/18/villar_0.0065_0.2337_0.5000.dat
# %ECSV 1.0
# ---
# datatype:
# - {name: time, datatype: float64}
# - {name: swift_uvot_uvw2, datatype: float64}
# - {name: swift_uvot_uvm2, datatype: float64}
# - {name: swift_uvot_uvw1, datatype: float64}
# - {name: swift_uvot_U, datatype: float64}
# - {name: swift_uvot_B, datatype: float64}
# - {name: swift_uvot_V, datatype: float64}
# - {name: swift_uvot_W, datatype: float64}
# - {name: johnson_U, datatype: float64}
# - {name: johnson_B, datatype: float64}
# - {name: johnson_V, datatype: float64}
# - {name: johnson_R, datatype: float64}
# - {name: johnson_I, datatype: float64}
# - {name: sdss_u, datatype: float64}
# - {name: sdss_g, datatype: float64}
# - {name: sdss_r, datatype: float64}
# - {name: sdss_i, datatype: float64}
# - {name: sdss_z, datatype: float64}
# - {name: PS1_g, datatype: float64}
# - {name: PS1_r, datatype: float64}
# - {name: PS1_i, datatype: float64}
# - {name: PS1_z, datatype: float64}
# - {name: PS1_Y, datatype: float64}
# - {name: PS1_w, datatype: float64}
# - {name: ATLAS_c, datatype: float64}
# - {name: ATLAS_o, datatype: float64}
# - {name: ukirt_J, datatype: float64}
# - {name: ukirt_H, datatype: float64}
# - {name: ukirt_K, datatype: float64}
# - {name: Clear, datatype: float64}
# meta: !!omap
# - comment: [kappa = 0.5, type = villar, mass = 0.006451950121499907, velocity = 0.2336666666666667, theta_obs = 0.0]
# schema: astropy-2.0
time swift_uvot_uvw2 swift_uvot_uvm2 swift_uvot_uvw1 swift_uvot_U swift_uvot_B swift_uvot_V swift_uvot_W johnson_U johnson_B johnson_V johnson_R johnson_I sdss_u sdss_g sdss_r sdss_i sdss_z PS1_g PS1_r PS1_i PS1_z PS1_Y PS1_w ATLAS_c ATLAS_o ukirt_J ukirt_H ukirt_K Clear
[from data line 363]
49.808426 777.027 782.243 nan nan nan nan 779.295 nan nan nan 785.843 780.834 nan nan nan 785.819 781.327 775.761 775.966 775.945 775.529 773.783 787.068 nan 786.808 775.6 772.1 769.474 773.997
51.314848 777.027 782.243 nan nan nan nan 779.295 nan nan nan 785.843 780.834 nan nan nan 785.819 781.327 775.761 775.966 775.945 775.529 773.783 787.068 nan 786.808 775.6 772.1 769.474 773.997
52.86683 777.027 782.243 nan nan nan nan 779.295 nan nan nan 785.843 780.834 nan nan nan 785.819 781.327 775.761 775.966 775.945 775.529 773.783 787.068 nan 786.808 775.6 772.1 769.474 773.997
54.465752 777.027 782.243 nan nan nan nan 779.295 nan nan nan 785.843 780.834 nan nan nan 785.819 781.327 775.761 775.966 775.945 775.529 773.783 787.068 nan 786.808 775.6 772.1 769.474 773.997
56.113031 777.027 782.243 nan nan nan nan 779.295 nan nan nan 785.843 780.834 nan nan nan 785.819 781.327 775.761 775.966 775.945 775.529 773.783 787.068 nan 786.808 775.6 772.1 769.474 773.997
57.810132 777.027 782.243 nan nan nan nan 779.295 nan nan nan 785.843 780.834 nan nan nan 785.819 781.327 775.761 775.966 775.945 775.529 773.783 787.068 nan 786.808 775.6 772.1 769.474 773.997
59.55856 777.027 782.243 nan nan nan nan 779.295 nan nan nan 785.843 780.834 nan nan nan 785.819 781.327 775.761 775.966 775.945 775.529 773.783 787.068 nan 786.808 775.6 772.1 769.474 773.997
61.359868 777.027 782.243 nan nan nan nan 779.295 nan nan nan 785.843 780.834 nan nan nan 785.819 781.327 775.761 775.966 775.945 775.529 773.783 787.068 nan 786.808 775.6 772.1 769.474 773.997
63.215655 777.027 782.243 nan nan nan nan 779.295 nan nan nan 785.843 780.834 nan nan nan 785.819 781.327 775.761 775.966 775.945 775.529 773.783 787.068 nan 786.808 775.6 772.1 769.474 773.997
65.127569 777.027 782.243 nan nan nan nan 779.295 nan nan nan 785.843 780.834 nan nan nan 785.819 781.327 775.761 775.966 775.945 775.529 773.783 787.068 nan 786.808 775.6 772.1 769.474 773.997
67.097308 777.027 782.243 nan nan nan nan 779.295 nan nan nan 785.843 780.834 nan nan nan 785.819 781.327 775.761 775.966 775.945 775.529 773.783 787.068 nan 786.808 775.6 772.1 769.474 773.997
69.126621 777.027 782.243 nan nan nan nan 779.295 nan nan nan 785.843 780.834 nan nan nan 785.819 781.327 775.761 775.966 775.945 775.529 773.783 787.068 nan 786.808 775.6 772.1 769.474 773.997
71.217308 777.027 782.243 nan nan nan nan 779.295 nan nan nan 785.843 780.834 nan nan nan 785.819 781.327 775.761 775.966 775.945 775.529 773.783 787.068 nan 786.808 775.6 772.1 769.474 773.997
73.371227 777.027 782.243 nan nan nan nan 779.295 nan nan nan 785.843 780.834 nan nan nan 785.819 781.327 775.761 775.966 775.945 775.529 773.783 787.068 nan 786.808 775.6 772.1 769.474 773.997
75.59029 777.027 782.243 nan nan nan nan 779.295 nan nan nan 785.843 780.834 nan nan nan 785.819 781.327 775.761 775.966 775.945 775.529 773.783 787.068 nan 786.808 775.6 772.1 769.474 773.997
77.876467 777.027 782.243 nan nan nan nan 779.295 nan nan nan 785.843 780.834 nan nan nan 785.819 781.327 775.761 775.966 775.945 775.529 773.783 787.068 nan 786.808 775.6 772.1 769.474 773.997
80.231787 777.027 782.243 nan nan nan nan 779.295 nan nan nan 785.843 780.834 nan nan nan 785.819 781.327 775.761 775.966 775.945 775.529 773.783 787.068 nan 786.808 775.6 772.1 769.474 773.997
82.658343 777.027 782.243 nan nan nan nan 779.295 nan nan nan 785.843 780.834 nan nan nan 785.819 781.327 775.761 775.966 775.945 775.529 773.783 787.068 nan 786.808 775.6 772.1 769.474 773.997
85.158288 777.027 782.243 nan nan nan nan 779.295 nan nan nan 785.843 780.834 nan nan nan 785.819 781.327 775.761 775.966 775.945 775.529 773.783 787.068 nan 786.808 775.6 772.1 769.474 773.997
87.733843 777.027 782.243 nan nan nan nan 779.295 nan nan nan 785.843 780.834 nan nan nan 785.819 781.327 775.761 775.966 775.945 775.529 773.783 787.068 nan 786.808 775.6 772.1 769.474 773.997
90.387293 777.027 782.243 nan nan nan nan 779.295 nan nan nan 785.843 780.834 nan nan nan 785.819 781.327 775.761 775.966 775.945 775.529 773.783 787.068 nan 786.808 775.6 772.1 769.474 773.997
93.120995 777.027 782.243 nan nan nan nan 779.295 nan nan nan 785.843 780.834 nan nan nan 785.819 781.327 775.761 775.966 775.945 775.529 773.783 787.068 nan 786.808 775.6 772.1 769.474 773.997
95.937376 777.027 782.243 nan nan nan nan 779.295 nan nan nan 785.843 780.834 nan nan nan 785.819 781.327 775.761 775.966 775.945 775.529 773.783 787.068 nan 786.808 775.6 772.1 769.474 773.997
98.838937 777.027 782.243 nan nan nan nan 779.295 nan nan nan 785.843 780.834 nan nan nan 785.819 781.327 775.761 775.966 775.945 775.529 773.783 787.068 nan 786.808 775.6 772.1 769.474 773.997
101.828253 777.027 782.243 nan nan nan nan 779.295 nan nan nan 785.843 780.834 nan nan nan 785.819 781.327 775.761 775.966 775.945 775.529 773.783 787.068 nan 786.808 775.6 772.1 769.474 773.997
104.907979 777.027 782.243 nan nan nan nan 779.295 nan nan nan 785.843 780.834 nan nan nan 785.819 781.327 775.761 775.966 775.945 775.529 773.783 787.068 nan 786.808 775.6 772.1 769.474 773.997
108.080849 777.027 782.243 nan nan nan nan 779.295 nan nan nan 785.843 780.834 nan nan nan 785.819 781.327 775.761 775.966 775.945 775.529 773.783 787.068 nan 786.808 775.6 772.1 769.474 773.997
111.349681 777.027 782.243 nan nan nan nan 779.295 nan nan nan 785.843 780.834 nan nan nan 785.819 781.327 775.761 775.966 775.945 775.529 773.783 787.068 nan 786.808 775.6 772.1 769.474 773.997
114.717376 777.027 782.243 nan nan nan nan 779.295 nan nan nan 785.843 780.834 nan nan nan 785.819 781.327 775.761 775.966 775.945 775.529 773.783 787.068 nan 786.808 775.6 772.1 769.474 773.997
118.186925 777.027 782.243 nan nan nan nan 779.295 nan nan nan 785.843 780.834 nan nan nan 785.819 781.327 775.761 775.966 775.945 775.529 773.783 787.068 nan 786.808 775.6 772.1 769.474 773.997
121.761408 777.027 782.243 nan nan nan nan 779.295 nan nan nan 785.843 780.834 nan nan nan 785.819 781.327 775.761 775.966 775.945 775.529 773.783 787.068 nan 786.808 775.6 772.1 769.474 773.997
125.443999 777.027 782.243 nan nan nan nan 779.295 nan nan nan 785.843 780.834 nan nan nan 785.819 781.327 775.761 775.966 775.945 775.529 773.783 787.068 nan 786.808 775.6 772.1 769.474 773.997
129.237967 777.027 782.243 nan nan nan nan 779.295 nan nan nan 785.843 780.834 nan nan nan 785.819 781.327 775.761 775.966 775.945 775.529 773.783 787.068 nan 786.808 775.6 772.1 769.474 773.997
133.146681 777.027 782.243 nan nan nan nan 779.295 nan nan nan 785.843 780.834 nan nan nan 785.819 781.327 775.761 775.966 775.945 775.529 773.783 787.068 nan 786.808 775.6 772.1 769.474 773.997
137.173612 777.027 782.243 nan nan nan nan 779.295 nan nan nan 785.843 780.834 nan nan nan 785.819 781.327 775.761 775.966 775.945 775.529 773.783 787.068 nan 786.808 775.6 772.1 769.474 773.997
141.322334 777.027 782.243 nan nan nan nan 779.295 nan nan nan 785.843 780.834 nan nan nan 785.819 781.327 775.761 775.966 775.945 775.529 773.783 787.068 nan 786.808 775.6 772.1 769.474 773.997
145.596532 777.027 782.243 nan nan nan nan 779.295 nan nan nan 785.843 780.834 nan nan nan 785.819 781.327 775.761 775.966 775.945 775.529 773.783 787.068 nan 786.808 775.6 772.1 769.474 773.997
150.0 777.027 782.243 nan nan nan nan 779.295 nan nan nan 785.843 780.834 nan nan nan 785.819 781.327 775.761 775.966 775.945 775.529 773.783 787.068 nan 786.808 775.6 772.1 769.474 773.997
