web/models/kne.last_good/kappa_0.5_3.0.v1/18/villar_0.4064_0.4217_3.0000.dat
# %ECSV 1.0
# ---
# datatype:
# - {name: time, datatype: float64}
# - {name: swift_uvot_uvw2, datatype: float64}
# - {name: swift_uvot_uvm2, datatype: float64}
# - {name: swift_uvot_uvw1, datatype: float64}
# - {name: swift_uvot_U, datatype: float64}
# - {name: swift_uvot_B, datatype: float64}
# - {name: swift_uvot_V, datatype: float64}
# - {name: swift_uvot_W, datatype: float64}
# - {name: johnson_U, datatype: float64}
# - {name: johnson_B, datatype: float64}
# - {name: johnson_V, datatype: float64}
# - {name: johnson_R, datatype: float64}
# - {name: johnson_I, datatype: float64}
# - {name: sdss_u, datatype: float64}
# - {name: sdss_g, datatype: float64}
# - {name: sdss_r, datatype: float64}
# - {name: sdss_i, datatype: float64}
# - {name: sdss_z, datatype: float64}
# - {name: PS1_g, datatype: float64}
# - {name: PS1_r, datatype: float64}
# - {name: PS1_i, datatype: float64}
# - {name: PS1_z, datatype: float64}
# - {name: PS1_Y, datatype: float64}
# - {name: PS1_w, datatype: float64}
# - {name: ATLAS_c, datatype: float64}
# - {name: ATLAS_o, datatype: float64}
# - {name: ukirt_J, datatype: float64}
# - {name: ukirt_H, datatype: float64}
# - {name: ukirt_K, datatype: float64}
# - {name: Clear, datatype: float64}
# meta: !!omap
# - comment: [kappa = 3.0, type = villar, mass = 0.4064473885499596, velocity = 0.4216666666666667, theta_obs = 0.0]
# schema: astropy-2.0
time swift_uvot_uvw2 swift_uvot_uvm2 swift_uvot_uvw1 swift_uvot_U swift_uvot_B swift_uvot_V swift_uvot_W johnson_U johnson_B johnson_V johnson_R johnson_I sdss_u sdss_g sdss_r sdss_i sdss_z PS1_g PS1_r PS1_i PS1_z PS1_Y PS1_w ATLAS_c ATLAS_o ukirt_J ukirt_H ukirt_K Clear
[from data line 279]
4.07684 -11.628 -7.751 -10.449 -12.532 -14.417 -15.744 -13.795 -12.874 -14.474 -15.8 -16.748 -17.375 -12.746 -14.958 -16.345 -17.017 -17.438 -15.267 -16.395 -17.052 -17.4 -17.636 -16.423 -15.694 -16.695 -17.842 -17.876 -17.709 -16.487
4.200141 -11.631 -7.612 -10.329 -12.411 -14.332 -15.687 -13.733 -12.759 -14.392 -15.745 -16.718 -17.363 -12.628 -14.886 -16.303 -16.993 -17.428 -15.207 -16.356 -17.029 -17.388 -17.632 -16.389 -15.64 -16.663 -17.852 -17.897 -17.739 -16.462
4.327172 -11.633 -7.477 -10.207 -12.286 -14.244 -15.627 -13.668 -12.64 -14.306 -15.687 -16.686 -17.35 -12.505 -14.81 -16.259 -16.967 -17.416 -15.145 -16.313 -17.004 -17.375 -17.627 -16.353 -15.583 -16.63 -17.86 -17.917 -17.768 -16.434
4.458044 -11.635 -7.348 -10.081 -12.156 -14.152 -15.564 -13.601 -12.517 -14.217 -15.626 -16.651 -17.334 -12.378 -14.731 -16.211 -16.939 -17.402 -15.08 -16.268 -16.977 -17.359 -17.619 -16.314 -15.524 -16.594 -17.868 -17.936 -17.796 -16.405
4.592874 -11.636 -7.226 -9.951 -12.02 -14.056 -15.497 -13.531 -12.388 -14.123 -15.562 -16.614 -17.317 -12.245 -14.648 -16.161 -16.908 -17.386 -15.013 -16.221 -16.947 -17.341 -17.61 -16.273 -15.461 -16.555 -17.873 -17.953 -17.823 -16.374
4.731783 -11.637 -7.112 -9.818 -11.88 -13.956 -15.427 -13.458 -12.254 -14.026 -15.495 -16.575 -17.297 -12.108 -14.561 -16.107 -16.874 -17.368 -14.943 -16.17 -16.915 -17.321 -17.599 -16.229 -15.394 -16.514 -17.878 -17.97 -17.85 -16.342
4.874892 -11.637 -7.006 -9.681 -11.733 -13.851 -15.353 -13.381 -12.115 -13.924 -15.423 -16.532 -17.276 -11.964 -14.47 -16.05 -16.838 -17.348 -14.87 -16.117 -16.88 -17.299 -17.586 -16.182 -15.325 -16.47 -17.88 -17.986 -17.875 -16.307
5.02233 -11.636 -6.91 -9.541 -11.581 -13.741 -15.276 -13.302 -11.97 -13.817 -15.348 -16.486 -17.251 -11.815 -14.374 -15.99 -16.799 -17.325 -14.795 -16.06 -16.843 -17.274 -17.571 -16.133 -15.251 -16.422 -17.882 -18.0 -17.9 -16.27
5.174227 -11.635 -6.823 -9.396 -11.423 -13.626 -15.194 -13.22 -11.82 -13.706 -15.269 -16.438 -17.225 -11.66 -14.275 -15.926 -16.757 -17.3 -14.717 -16.0 -16.802 -17.246 -17.554 -16.08 -15.174 -16.372 -17.881 -18.013 -17.924 -16.231
5.330718 -11.633 -6.746 -9.247 -11.258 -13.506 -15.107 -13.134 -11.662 -13.589 -15.186 -16.386 -17.195 -11.498 -14.17 -15.858 -16.712 -17.272 -14.636 -15.937 -16.759 -17.216 -17.534 -16.024 -15.093 -16.318 -17.878 -18.024 -17.947 -16.19
5.491942 -11.629 -6.678 -9.093 -11.086 -13.38 -15.016 -13.044 -11.498 -13.467 -15.098 -16.331 -17.163 -11.329 -14.06 -15.787 -16.663 -17.242 -14.553 -15.87 -16.712 -17.183 -17.512 -15.964 -15.007 -16.261 -17.873 -18.034 -17.968 -16.147
5.658042 -11.624 -6.618 -8.934 -10.906 -13.248 -14.92 -12.95 -11.327 -13.339 -15.005 -16.272 -17.128 -11.153 -13.945 -15.711 -16.611 -17.208 -14.467 -15.799 -16.662 -17.147 -17.487 -15.901 -14.917 -16.2 -17.867 -18.043 -17.989 -16.101
5.829166 -11.619 -6.567 -8.769 -10.719 -13.11 -14.819 -12.853 -11.148 -13.205 -14.907 -16.209 -17.09 -10.969 -13.823 -15.63 -16.555 -17.171 -14.378 -15.723 -16.608 -17.108 -17.46 -15.834 -14.822 -16.135 -17.858 -18.05 -18.008 -16.053
6.005465 -11.611 -6.522 -8.6 -10.524 -12.966 -14.712 -12.751 -10.962 -13.065 -14.804 -16.142 -17.048 -10.777 -13.696 -15.544 -16.495 -17.131 -14.286 -15.644 -16.55 -17.066 -17.429 -15.763 -14.722 -16.066 -17.846 -18.054 -18.026 -16.002
6.187096 -11.602 -6.483 -8.424 -10.319 -12.814 -14.6 -12.645 -10.766 -12.917 -14.695 -16.07 -17.003 -10.576 -13.563 -15.454 -16.431 -17.087 -14.192 -15.56 -16.488 -17.019 -17.395 -15.688 -14.617 -15.993 -17.832 -18.057 -18.042 -15.949
6.37422 -11.592 -6.448 -8.242 -10.105 -12.655 -14.481 -12.533 -10.562 -12.763 -14.581 -15.994 -16.954 -10.365 -13.422 -15.358 -16.362 -17.04 -14.096 -15.471 -16.422 -16.969 -17.358 -15.607 -14.506 -15.914 -17.816 -18.058 -18.057 -15.893
6.567004 -11.58 -6.418 -8.053 -9.882 -12.487 -14.355 -12.417 -10.348 -12.601 -14.459 -15.913 -16.901 -10.145 -13.274 -15.256 -16.289 -16.988 -13.998 -15.378 -16.351 -16.915 -17.318 -15.522 -14.388 -15.831 -17.796 -18.057 -18.07 -15.834
6.765619 -11.566 -6.389 -7.857 -9.647 -12.311 -14.222 -12.296 -10.123 -12.43 -14.331 -15.827 -16.843 -9.914 -13.118 -15.147 -16.21 -16.933 -13.897 -15.279 -16.276 -16.856 -17.274 -15.432 -14.264 -15.742 -17.774 -18.053 -18.082 -15.772
6.97024 -11.55 -6.362 -7.653 -9.401 -12.126 -14.082 -12.17 -9.888 -12.251 -14.195 -15.735 -16.781 -9.672 -12.954 -15.033 -16.126 -16.872 -13.795 -15.175 -16.195 -16.793 -17.225 -15.336 -14.133 -15.648 -17.748 -18.047 -18.092 -15.707
7.181051 -11.532 -6.336 -7.441 -9.143 -11.931 -13.933 -12.037 -9.64 -12.062 -14.052 -15.637 -16.714 -9.418 -12.781 -14.911 -16.036 -16.807 -13.691 -15.064 -16.108 -16.725 -17.173 -15.234 -13.995 -15.547 -17.718 -18.039 -18.099 -15.639
7.398237 -11.511 -6.309 -7.22 -8.872 -11.725 -13.776 -11.899 -9.381 -11.863 -13.9 -15.533 -16.642 -9.15 -12.599 -14.781 -15.939 -16.736 -13.587 -14.948 -16.016 -16.651 -17.116 -15.125 -13.849 -15.44 -17.685 -18.027 -18.105 -15.567
7.621991 -11.488 -6.282 -6.989 -8.588 -11.509 -13.61 -11.755 -9.107 -11.654 -13.739 -15.422 -16.565 -8.869 -12.406 -14.643 -15.836 -16.66 -13.481 -14.826 -15.917 -16.572 -17.054 -15.01 -13.694 -15.326 -17.648 -18.012 -18.108 -15.492
7.852513 -11.462 -6.253 -6.748 -8.288 -11.28 -13.433 -11.604 -8.819 -11.433 -13.569 -15.303 -16.481 -8.573 -12.202 -14.497 -15.725 -16.577 -13.376 -14.697 -15.811 -16.487 -16.987 -14.887 -13.53 -15.205 -17.606 -17.994 -18.109 -15.414
8.090007 -11.434 -6.222 -6.496 -7.972 -11.038 -13.246 -11.447 -8.516 -11.199 -13.388 -15.177 -16.391 -8.261 -11.987 -14.341 -15.607 -16.488 -13.271 -14.561 -15.698 -16.395 -16.914 -14.757 -13.356 -15.075 -17.56 -17.973 -18.108 -15.333
8.334684 -11.402 -6.189 -6.232 -7.639 -10.783 -13.047 -11.283 -8.196 -10.953 -13.196 -15.042 -16.294 -7.933 -11.759 -14.176 -15.48 -16.392 -13.166 -14.418 -15.578 -16.296 -16.836 -14.618 -13.172 -14.937 -17.508 -17.948 -18.103 -15.247
8.586761 -11.367 -6.153 -5.955 -7.287 -10.513 -12.836 -11.113 -7.858 -10.692 -12.993 -14.898 -16.189 -7.585 -11.518 -13.999 -15.345 -16.289 -13.062 -14.268 -15.449 -16.19 -16.751 -14.47 -12.976 -14.79 -17.452 -17.918 -18.096 -15.158
8.846461 -11.328 -6.113 -5.665 -6.916 -10.226 -12.611 -10.936 -7.501 -10.416 -12.776 -14.744 -16.077 -7.218 -11.261 -13.811 -15.199 -16.177 -12.96 -14.111 -15.312 -16.076 -16.659 -14.312 -12.768 -14.632 -17.389 -17.884 -18.085 -15.066
9.114017 -11.285 -6.07 -5.359 -6.523 -9.923 -12.372 -10.752 -7.123 -10.123 -12.546 -14.58 -15.956 -6.829 -10.99 -13.61 -15.043 -16.057 -12.859 -13.947 -15.166 -15.953 -16.561 -14.143 -12.547 -14.464 -17.32 -17.846 -18.071 -14.969
9.389664 -11.239 -6.023 -5.037 -6.107 -9.601 -12.117 -10.562 -6.722 -9.813 -12.301 -14.405 -15.825 -6.418 -10.701 -13.396 -14.876 -15.927 -12.759 -13.776 -15.009 -15.821 -16.455 -13.963 -12.312 -14.285 -17.244 -17.802 -18.053 -14.869
9.673648 -11.188 -5.972 -4.698 -5.665 -9.258 -11.846 -10.366 -6.297 -9.484 -12.04 -14.217 -15.685 -5.981 -10.394 -13.167 -14.697 -15.787 -12.661 -13.598 -14.843 -15.679 -16.34 -13.771 -12.062 -14.092 -17.161 -17.753 -18.031 -14.765
9.966221 -11.132 -5.916 -4.339 -5.197 -8.894 -11.556 -10.165 -5.846 -9.134 -11.761 -14.016 -15.534 -5.517 -10.067 -12.922 -14.504 -15.636 -12.564 -13.413 -14.665 -15.526 -16.217 -13.565 -11.795 -13.887 -17.07 -17.697 -18.005 -14.657
10.267642 -11.07 -5.855 -3.961 -4.699 -8.506 -11.246 -9.959 -5.367 -8.762 -11.464 -13.801 -15.371 -5.024 -9.718 -12.659 -14.297 -15.473 -12.468 -13.223 -14.475 -15.362 -16.085 -13.345 -11.51 -13.666 -16.97 -17.635 -17.973 -14.545
10.57818 -11.004 -5.788 -3.56 -4.169 -8.092 -10.915 -9.75 -4.856 -8.365 -11.146 -13.57 -15.195 -4.5 -9.346 -12.379 -14.075 -15.297 -12.371 -13.028 -14.274 -15.186 -15.943 -13.11 -11.206 -13.43 -16.861 -17.566 -17.937 -14.429
10.89811 -10.931 -5.715 -3.134 -3.605 -7.651 -10.561 -9.539 -4.311 -7.942 -10.806 -13.323 -15.006 -3.94 -8.949 -12.077 -13.835 -15.107 -12.274 -12.829 -14.059 -14.997 -15.79 -12.857 -10.881 -13.177 -16.741 -17.489 -17.894 -14.309
11.227716 -10.852 -5.636 -2.683 -3.002 -7.179 -10.181 -9.327 -3.73 -7.491 -10.442 -13.058 -14.801 -3.343 -8.524 -11.754 -13.577 -14.901 -12.175 -12.628 -13.832 -14.794 -15.627 -12.586 -10.533 -12.905 -16.61 -17.404 -17.846 -14.185
11.56729 -10.765 -5.549 -2.203 -2.358 -6.674 -9.773 -9.116 -3.109 -7.008 -10.052 -12.772 -14.58 -2.705 -8.069 -11.407 -13.299 -14.678 -12.073 -12.425 -13.591 -14.576 -15.452 -12.295 -10.16 -12.613 -16.467 -17.309 -17.791 -14.056
11.917135 -10.671 -5.455 -1.692 -1.67 -6.133 -9.335 -8.907 -2.445 -6.492 -9.633 -12.465 -14.342 -2.023 -7.581 -11.033 -12.999 -14.438 -11.966 -12.223 -13.337 -14.342 -15.264 -11.982 -9.759 -12.298 -16.311 -17.205 -17.728 -13.923
12.277561 -10.568 -5.353 -1.146 -0.931 -5.553 -8.864 -8.702 -1.732 -5.938 -9.183 -12.135 -14.084 -1.291 -7.057 -10.63 -12.675 -14.177 -11.854 -12.023 -13.07 -14.092 -15.064 -11.644 -9.329 -11.959 -16.14 -17.089 -17.657 -13.784
12.648887 -10.456 -5.241 -0.564 -0.139 -4.929 -8.356 -8.5 -0.967 -5.345 -8.699 -11.779 -13.805 -0.505 -6.493 -10.196 -12.324 -13.894 -11.736 -11.824 -12.791 -13.825 -14.852 -11.281 -8.865 -11.594 -15.953 -16.961 -17.577 -13.64
13.031444 -10.335 -5.119 0.059 0.713 -4.257 -7.808 -8.302 -0.145 -4.706 -8.178 -11.395 -13.503 0.34 -5.887 -9.727 -11.945 -13.587 -11.609 -11.628 -12.501 -13.54 -14.625 -10.888 -8.366 -11.2 -15.748 -16.819 -17.487 -13.489
13.425571 -10.202 -4.986 0.726 1.63 -3.534 -7.217 -8.107 0.741 -4.02 -7.616 -10.98 -13.175 1.249 -5.232 -9.22 -11.533 -13.253 -11.473 -11.434 -12.202 -13.237 -14.385 -10.464 -7.828 -10.773 -15.523 -16.663 -17.387 -13.331
13.831619 -10.057 -4.842 1.442 2.619 -2.752 -6.576 -7.912 1.697 -3.28 -7.008 -10.531 -12.82 2.231 -4.526 -8.671 -11.087 -12.89 -11.326 -11.24 -11.897 -12.917 -14.132 -10.005 -7.246 -10.312 -15.277 -16.491 -17.274 -13.165
14.249947 -9.9 -4.684 2.213 3.688 -1.907 -5.883 -7.716 2.73 -2.48 -6.351 -10.045 -12.434 3.291 -3.761 -8.075 -10.602 -12.495 -11.167 -11.044 -11.588 -12.58 -13.866 -9.507 -6.615 -9.811 -15.008 -16.3 -17.148 -12.989
14.680926 -9.731 -4.515 3.007 4.795 -1.031 -5.161 -7.52 3.798 -1.653 -5.669 -9.539 -12.029 4.388 -2.967 -7.455 -10.094 -12.08 -10.997 -10.848 -11.288 -12.24 -13.595 -8.988 -5.96 -9.289 -14.721 -16.095 -17.009 -12.805
15.124941 -9.62 -4.405 3.118 4.905 -0.921 -5.051 -7.41 3.909 -1.543 -5.559 -9.428 -11.919 4.499 -2.857 -7.344 -9.984 -11.97 -10.887 -10.737 -11.177 -12.13 -13.484 -8.878 -5.85 -9.179 -14.611 -15.985 -16.899 -12.695
15.582385 -9.503 -4.287 3.235 5.022 -0.804 -4.933 -7.292 4.026 -1.425 -5.442 -9.311 -11.801 4.616 -2.74 -7.227 -9.866 -11.853 -10.77 -10.62 -11.06 -12.013 -13.367 -8.76 -5.732 -9.062 -14.493 -15.867 -16.782 -12.578
16.053663 -9.378 -4.162 3.36 5.147 -0.679 -4.808 -7.167 4.151 -1.3 -5.317 -9.186 -11.676 4.741 -2.615 -7.102 -9.741 -11.728 -10.645 -10.495 -10.935 -11.888 -13.242 -8.635 -5.607 -8.937 -14.368 -15.742 -16.657 -12.453
16.539195 -9.245 -4.029 3.493 5.28 -0.546 -4.675 -7.034 4.284 -1.168 -5.184 -9.053 -11.543 4.874 -2.482 -6.969 -9.608 -11.595 -10.512 -10.362 -10.802 -11.755 -13.109 -8.502 -5.475 -8.804 -14.235 -15.609 -16.524 -12.32
17.039412 -9.104 -3.888 3.634 5.422 -0.404 -4.534 -6.893 4.425 -1.026 -5.042 -8.912 -11.402 5.015 -2.34 -6.828 -9.467 -11.453 -10.37 -10.221 -10.661 -11.613 -12.968 -8.361 -5.333 -8.662 -14.094 -15.468 -16.382 -12.178
17.554757 -8.953 -3.738 3.785 5.572 -0.254 -4.384 -6.743 4.576 -0.876 -4.892 -8.762 -11.252 5.165 -2.19 -6.678 -9.317 -11.303 -10.22 -10.07 -10.51 -11.463 -12.817 -8.211 -5.183 -8.512 -13.944 -15.318 -16.232 -12.028
18.085689 -8.794 -3.578 3.944 5.731 -0.095 -4.224 -6.583 4.735 -0.716 -4.732 -8.602 -11.092 5.325 -2.03 -6.518 -9.157 -11.143 -10.06 -9.911 -10.351 -11.303 -12.658 -8.051 -5.023 -8.352 -13.784 -15.158 -16.072 -11.869
18.632678 -8.624 -3.408 4.114 5.901 0.075 -4.055 -6.413 4.905 -0.547 -4.563 -8.432 -10.923 5.495 -1.861 -6.348 -8.988 -10.974 -9.891 -9.741 -10.181 -11.134 -12.488 -7.881 -4.854 -8.183 -13.614 -14.988 -15.903 -11.699
19.196211 -8.444 -3.228 4.294 6.081 0.255 -3.874 -6.233 5.085 -0.366 -4.383 -8.252 -10.742 5.675 -1.681 -6.168 -8.807 -10.794 -9.711 -9.561 -10.001 -10.954 -12.308 -7.701 -4.673 -8.003 -13.434 -14.808 -15.723 -11.519
19.776787 -8.252 -3.037 4.486 6.273 0.447 -3.683 -6.042 5.277 -0.175 -4.191 -8.06 -10.551 5.866 -1.489 -5.976 -8.616 -10.602 -9.519 -9.369 -9.809 -10.762 -12.116 -7.51 -4.482 -7.811 -13.243 -14.617 -15.531 -11.327
20.374923 -8.049 -2.833 4.689 6.476 0.65 -3.479 -5.838 5.48 0.028 -3.988 -7.857 -10.348 6.07 -1.286 -5.773 -8.412 -10.399 -9.316 -9.166 -9.606 -10.559 -11.913 -7.306 -4.279 -7.608 -13.039 -14.413 -15.328 -11.124
20.991149 -7.833 -2.617 4.905 6.692 0.866 -3.264 -5.622 5.696 0.244 -3.772 -7.641 -10.132 6.286 -1.07 -5.557 -8.197 -10.183 -9.1 -8.95 -9.39 -10.343 -11.697 -7.09 -4.063 -7.392 -12.823 -14.197 -15.112 -10.908
21.626011 -7.604 -2.388 5.134 6.921 1.095 -3.034 -5.393 5.925 0.474 -3.542 -7.412 -9.902 6.515 -0.84 -5.328 -7.967 -9.954 -8.87 -8.721 -9.161 -10.114 -11.468 -6.861 -3.833 -7.162 -12.594 -13.968 -14.883 -10.679
22.280075 -7.36 -2.145 5.378 7.165 1.339 -2.791 -5.15 6.169 0.717 -3.299 -7.168 -9.659 6.759 -0.597 -5.084 -7.724 -9.71 -8.627 -8.477 -8.917 -9.87 -11.224 -6.618 -3.59 -6.919 -12.351 -13.725 -14.639 -10.435
22.953921 -7.102 -1.886 5.636 7.423 1.597 -2.532 -4.891 6.427 0.976 -3.041 -6.91 -9.4 7.017 -0.339 -4.826 -7.465 -9.452 -8.369 -8.219 -8.659 -9.612 -10.966 -6.359 -3.331 -6.661 -12.092 -13.466 -14.381 -10.177
23.648147 -6.827 -1.612 5.911 7.698 1.872 -2.258 -4.617 6.702 1.25 -2.766 -6.636 -9.126 7.291 -0.064 -4.552 -7.191 -9.177 -8.094 -7.945 -8.385 -9.337 -10.691 -6.085 -3.057 -6.386 -11.818 -13.192 -14.106 -9.902
24.363369 -6.536 -1.32 6.202 7.989 2.163 -1.967 -4.326 6.993 1.541 -2.475 -6.344 -8.835 7.583 0.227 -4.26 -6.9 -8.886 -7.803 -7.653 -8.093 -9.046 -10.4 -5.793 -2.766 -6.095 -11.526 -12.901 -13.815 -9.611
25.100222 -6.227 -1.011 6.511 8.298 2.472 -1.657 -4.016 7.302 1.85 -2.166 -6.035 -8.525 7.892 0.536 -3.951 -6.59 -8.577 -7.494 -7.344 -7.784 -8.737 -10.091 -5.484 -2.457 -5.786 -11.217 -12.591 -13.506 -9.302
25.859362 -5.899 -0.683 6.839 8.626 2.8 -1.329 -3.688 7.63 2.179 -1.837 -5.707 -8.197 8.22 0.865 -3.623 -6.262 -8.248 -7.165 -7.016 -7.456 -8.408 -9.763 -5.156 -2.128 -5.457 -10.889 -12.263 -13.177 -8.974
26.64146 -5.55 -0.335 7.188 8.975 3.149 -0.981 -3.34 7.979 2.527 -1.489 -5.358 -7.849 8.568 1.213 -3.274 -5.914 -7.9 -6.817 -6.667 -7.107 -8.06 -9.414 -4.808 -1.78 -5.109 -10.541 -11.915 -12.829 -8.625
27.447213 -5.18 0.035 7.558 9.345 3.519 -0.611 -2.97 8.349 2.897 -1.119 -4.989 -7.479 8.938 1.583 -2.905 -5.544 -7.53 -6.447 -6.298 -6.738 -7.69 -9.044 -4.438 -1.41 -4.739 -10.171 -11.545 -12.459 -8.255
28.277335 -4.788 0.428 7.95 9.737 3.911 -0.218 -2.577 8.741 3.289 -0.727 -4.596 -7.087 9.331 1.975 -2.512 -5.151 -7.138 -6.055 -5.905 -6.345 -7.298 -8.652 -4.045 -1.018 -4.347 -9.778 -11.152 -12.067 -7.863
29.132564 -4.371 0.844 8.367 10.154 4.328 0.198 -2.161 9.158 3.706 -0.31 -4.179 -6.67 9.747 2.392 -2.096 -4.735 -6.721 -5.638 -5.488 -5.928 -6.881 -8.235 -3.629 -0.601 -3.93 -9.362 -10.736 -11.65 -7.446
30.013659 -3.929 1.287 8.809 10.596 4.77 0.64 -1.719 9.6 4.148 0.132 -3.737 -6.228 10.19 2.834 -1.653 -4.293 -6.279 -5.196 -5.046 -5.486 -6.439 -7.793 -3.186 -0.159 -3.488 -8.919 -10.294 -11.208 -7.004
30.921401 -3.46 1.756 9.278 11.065 5.239 1.11 -1.249 10.069 4.618 0.602 -3.268 -5.758 10.659 3.304 -1.184 -3.823 -5.81 -4.726 -4.577 -5.017 -5.97 -7.324 -2.717 0.311 -3.018 -8.45 -9.824 -10.739 -6.535
31.856598 -2.962 2.254 9.776 11.564 5.738 1.608 -0.751 10.568 5.116 1.1 -2.77 -5.26 11.157 3.802 -0.686 -3.325 -5.311 -4.228 -4.079 -4.519 -5.471 -6.825 -2.219 0.809 -2.52 -7.952 -9.326 -10.24 -6.036
