web/models/kne.last_good/kappa_0.5_3.0.v1/18/villar_0.0012_0.4373_0.5000.dat
# %ECSV 1.0
# ---
# datatype:
# - {name: time, datatype: float64}
# - {name: swift_uvot_uvw2, datatype: float64}
# - {name: swift_uvot_uvm2, datatype: float64}
# - {name: swift_uvot_uvw1, datatype: float64}
# - {name: swift_uvot_U, datatype: float64}
# - {name: swift_uvot_B, datatype: float64}
# - {name: swift_uvot_V, datatype: float64}
# - {name: swift_uvot_W, datatype: float64}
# - {name: johnson_U, datatype: float64}
# - {name: johnson_B, datatype: float64}
# - {name: johnson_V, datatype: float64}
# - {name: johnson_R, datatype: float64}
# - {name: johnson_I, datatype: float64}
# - {name: sdss_u, datatype: float64}
# - {name: sdss_g, datatype: float64}
# - {name: sdss_r, datatype: float64}
# - {name: sdss_i, datatype: float64}
# - {name: sdss_z, datatype: float64}
# - {name: PS1_g, datatype: float64}
# - {name: PS1_r, datatype: float64}
# - {name: PS1_i, datatype: float64}
# - {name: PS1_z, datatype: float64}
# - {name: PS1_Y, datatype: float64}
# - {name: PS1_w, datatype: float64}
# - {name: ATLAS_c, datatype: float64}
# - {name: ATLAS_o, datatype: float64}
# - {name: ukirt_J, datatype: float64}
# - {name: ukirt_H, datatype: float64}
# - {name: ukirt_K, datatype: float64}
# - {name: Clear, datatype: float64}
# meta: !!omap
# - comment: [kappa = 0.5, type = villar, mass = 0.0012301715156502338, velocity = 0.43733333333333335, theta_obs = 0.0]
# schema: astropy-2.0
time swift_uvot_uvw2 swift_uvot_uvm2 swift_uvot_uvw1 swift_uvot_U swift_uvot_B swift_uvot_V swift_uvot_W johnson_U johnson_B johnson_V johnson_R johnson_I sdss_u sdss_g sdss_r sdss_i sdss_z PS1_g PS1_r PS1_i PS1_z PS1_Y PS1_w ATLAS_c ATLAS_o ukirt_J ukirt_H ukirt_K Clear
[from data line 78]
0.010217 -9.662 -9.8 -9.891 -9.994 -9.893 -9.702 -9.832 -9.985 -9.89 -9.694 -9.435 -9.101 -9.99 -9.836 -9.56 -9.31 -9.052 -9.825 -9.573 -9.324 -9.134 -9.054 -9.574 -9.73 -9.455 -8.493 -8.009 -7.43 -9.609
0.010526 -9.684 -9.827 -9.921 -10.033 -9.935 -9.748 -9.866 -10.024 -9.932 -9.74 -9.483 -9.151 -10.028 -9.879 -9.607 -9.358 -9.101 -9.869 -9.619 -9.372 -9.183 -9.102 -9.62 -9.775 -9.503 -8.544 -8.061 -7.483 -9.655
0.010845 -9.706 -9.853 -9.951 -10.07 -9.978 -9.793 -9.899 -10.063 -9.974 -9.785 -9.531 -9.2 -10.067 -9.923 -9.653 -9.407 -9.151 -9.912 -9.666 -9.42 -9.232 -9.151 -9.666 -9.82 -9.55 -8.596 -8.114 -7.536 -9.7
0.011173 -9.727 -9.878 -9.98 -10.108 -10.02 -9.838 -9.932 -10.101 -10.016 -9.83 -9.578 -9.249 -10.105 -9.966 -9.7 -9.455 -9.201 -9.956 -9.712 -9.468 -9.281 -9.2 -9.712 -9.864 -9.597 -8.647 -8.166 -7.59 -9.745
0.011511 -9.748 -9.903 -10.01 -10.145 -10.061 -9.883 -9.964 -10.139 -10.058 -9.875 -9.625 -9.298 -10.143 -10.008 -9.746 -9.503 -9.25 -9.999 -9.758 -9.516 -9.33 -9.248 -9.758 -9.908 -9.644 -8.698 -8.218 -7.643 -9.79
0.011859 -9.769 -9.927 -10.038 -10.183 -10.103 -9.928 -9.997 -10.177 -10.1 -9.92 -9.672 -9.347 -10.181 -10.051 -9.792 -9.551 -9.299 -10.042 -9.804 -9.564 -9.379 -9.297 -9.803 -9.952 -9.691 -8.75 -8.271 -7.696 -9.835
0.012217 -9.789 -9.951 -10.067 -10.219 -10.144 -9.972 -10.029 -10.215 -10.141 -9.964 -9.719 -9.396 -10.218 -10.093 -9.838 -9.599 -9.349 -10.085 -9.85 -9.612 -9.427 -9.345 -9.848 -9.996 -9.738 -8.801 -8.323 -7.749 -9.88
0.012587 -9.808 -9.975 -10.095 -10.256 -10.185 -10.017 -10.06 -10.252 -10.182 -10.009 -9.766 -9.445 -10.255 -10.136 -9.884 -9.647 -9.398 -10.127 -9.896 -9.659 -9.476 -9.394 -9.893 -10.04 -9.785 -8.852 -8.375 -7.802 -9.924
0.012968 -9.827 -9.998 -10.122 -10.292 -10.226 -10.061 -10.092 -10.289 -10.222 -10.053 -9.812 -9.494 -10.292 -10.177 -9.93 -9.695 -9.447 -10.169 -9.942 -9.707 -9.524 -9.442 -9.938 -10.083 -9.831 -8.903 -8.427 -7.855 -9.968
0.01336 -9.845 -10.02 -10.149 -10.328 -10.266 -10.105 -10.123 -10.326 -10.263 -10.097 -9.859 -9.542 -10.329 -10.219 -9.975 -9.742 -9.496 -10.211 -9.987 -9.754 -9.572 -9.49 -9.983 -10.127 -9.877 -8.953 -8.479 -7.907 -10.012
0.013764 -9.863 -10.042 -10.176 -10.363 -10.306 -10.148 -10.154 -10.362 -10.303 -10.141 -9.905 -9.591 -10.365 -10.261 -10.021 -9.789 -9.544 -10.253 -10.032 -9.801 -9.62 -9.538 -10.028 -10.17 -9.924 -9.004 -8.531 -7.96 -10.056
0.01418 -9.881 -10.064 -10.202 -10.398 -10.346 -10.192 -10.184 -10.398 -10.343 -10.184 -9.951 -9.639 -10.401 -10.302 -10.066 -9.836 -9.593 -10.295 -10.077 -9.848 -9.668 -9.586 -10.072 -10.213 -9.969 -9.055 -8.582 -8.013 -10.1
0.014609 -9.897 -10.085 -10.228 -10.433 -10.386 -10.235 -10.214 -10.434 -10.383 -10.228 -9.997 -9.687 -10.436 -10.343 -10.111 -9.883 -9.641 -10.336 -10.122 -9.895 -9.716 -9.634 -10.116 -10.255 -10.015 -9.105 -8.634 -8.065 -10.143
0.015051 -9.914 -10.105 -10.253 -10.468 -10.425 -10.279 -10.244 -10.469 -10.422 -10.271 -10.043 -9.735 -10.472 -10.384 -10.156 -9.93 -9.69 -10.377 -10.167 -9.941 -9.764 -9.681 -10.16 -10.298 -10.061 -9.156 -8.686 -8.118 -10.187
0.015506 -9.929 -10.125 -10.278 -10.502 -10.465 -10.322 -10.274 -10.504 -10.462 -10.314 -10.089 -9.783 -10.506 -10.424 -10.2 -9.977 -9.738 -10.418 -10.211 -9.988 -9.811 -9.729 -10.204 -10.34 -10.106 -9.206 -8.737 -8.17 -10.23
0.015975 -9.945 -10.144 -10.303 -10.536 -10.504 -10.364 -10.303 -10.539 -10.501 -10.357 -10.134 -9.831 -10.541 -10.464 -10.245 -10.024 -9.786 -10.459 -10.255 -10.034 -9.859 -9.777 -10.248 -10.382 -10.152 -9.256 -8.789 -8.223 -10.273
0.016458 -9.959 -10.163 -10.327 -10.569 -10.542 -10.407 -10.332 -10.573 -10.539 -10.4 -10.179 -9.879 -10.575 -10.504 -10.289 -10.07 -9.834 -10.499 -10.3 -10.081 -9.906 -9.824 -10.291 -10.424 -10.197 -9.307 -8.84 -8.275 -10.315
0.016956 -9.973 -10.182 -10.35 -10.602 -10.581 -10.449 -10.36 -10.607 -10.578 -10.442 -10.225 -9.926 -10.609 -10.544 -10.333 -10.116 -9.882 -10.54 -10.343 -10.127 -9.953 -9.871 -10.334 -10.465 -10.242 -9.357 -8.891 -8.327 -10.358
0.017469 -9.987 -10.199 -10.373 -10.635 -10.619 -10.491 -10.389 -10.641 -10.616 -10.484 -10.27 -9.974 -10.643 -10.584 -10.377 -10.162 -9.93 -10.58 -10.387 -10.173 -10.0 -9.918 -10.378 -10.507 -10.287 -9.407 -8.942 -8.38 -10.4
0.017997 -10.0 -10.217 -10.396 -10.668 -10.657 -10.533 -10.417 -10.675 -10.654 -10.526 -10.314 -10.021 -10.676 -10.623 -10.421 -10.208 -9.977 -10.619 -10.431 -10.219 -10.047 -9.966 -10.42 -10.548 -10.331 -9.457 -8.994 -8.432 -10.442
0.018541 -10.012 -10.233 -10.418 -10.7 -10.694 -10.575 -10.444 -10.708 -10.692 -10.568 -10.359 -10.068 -10.709 -10.662 -10.464 -10.254 -10.025 -10.659 -10.474 -10.264 -10.094 -10.012 -10.463 -10.589 -10.376 -9.506 -9.045 -8.484 -10.484
0.019102 -10.024 -10.249 -10.44 -10.732 -10.732 -10.616 -10.472 -10.74 -10.729 -10.609 -10.403 -10.115 -10.741 -10.701 -10.507 -10.3 -10.072 -10.698 -10.517 -10.31 -10.141 -10.059 -10.506 -10.629 -10.42 -9.556 -9.096 -8.536 -10.526
0.01968 -10.035 -10.265 -10.461 -10.763 -10.769 -10.658 -10.499 -10.773 -10.766 -10.651 -10.448 -10.162 -10.774 -10.739 -10.551 -10.345 -10.119 -10.737 -10.56 -10.355 -10.188 -10.106 -10.548 -10.67 -10.464 -9.606 -9.146 -8.588 -10.567
0.020275 -10.046 -10.28 -10.482 -10.794 -10.805 -10.699 -10.525 -10.805 -10.803 -10.692 -10.492 -10.208 -10.805 -10.777 -10.594 -10.391 -10.166 -10.776 -10.603 -10.4 -10.234 -10.153 -10.59 -10.71 -10.508 -9.655 -9.197 -8.64 -10.609
0.020888 -10.056 -10.294 -10.502 -10.825 -10.842 -10.739 -10.552 -10.836 -10.839 -10.733 -10.536 -10.255 -10.837 -10.815 -10.636 -10.436 -10.213 -10.814 -10.646 -10.445 -10.28 -10.199 -10.632 -10.75 -10.552 -9.704 -9.248 -8.691 -10.65
0.02152 -10.065 -10.308 -10.522 -10.855 -10.878 -10.78 -10.578 -10.868 -10.875 -10.773 -10.579 -10.301 -10.868 -10.853 -10.679 -10.481 -10.26 -10.853 -10.688 -10.49 -10.326 -10.246 -10.673 -10.79 -10.595 -9.754 -9.298 -8.743 -10.691
0.022171 -10.074 -10.321 -10.541 -10.885 -10.914 -10.82 -10.603 -10.898 -10.911 -10.814 -10.623 -10.347 -10.899 -10.891 -10.721 -10.526 -10.306 -10.891 -10.73 -10.535 -10.372 -10.292 -10.715 -10.829 -10.638 -9.803 -9.349 -8.795 -10.731
0.022841 -10.082 -10.333 -10.56 -10.914 -10.949 -10.86 -10.629 -10.929 -10.947 -10.854 -10.666 -10.394 -10.929 -10.928 -10.763 -10.57 -10.353 -10.928 -10.772 -10.579 -10.418 -10.338 -10.756 -10.868 -10.682 -9.852 -9.399 -8.846 -10.772
0.023532 -10.09 -10.345 -10.578 -10.943 -10.984 -10.9 -10.654 -10.959 -10.982 -10.894 -10.709 -10.439 -10.959 -10.964 -10.805 -10.615 -10.399 -10.966 -10.814 -10.624 -10.464 -10.384 -10.797 -10.907 -10.724 -9.901 -9.45 -8.898 -10.812
0.024244 -10.096 -10.356 -10.596 -10.972 -11.019 -10.94 -10.678 -10.989 -11.017 -10.933 -10.752 -10.485 -10.988 -11.001 -10.847 -10.659 -10.445 -11.003 -10.856 -10.668 -10.51 -10.43 -10.838 -10.946 -10.767 -9.95 -9.5 -8.949 -10.852
0.024977 -10.103 -10.367 -10.613 -11.0 -11.054 -10.979 -10.703 -11.018 -11.051 -10.973 -10.795 -10.531 -11.017 -11.037 -10.888 -10.703 -10.491 -11.04 -10.897 -10.712 -10.555 -10.476 -10.878 -10.984 -10.81 -9.998 -9.55 -9.001 -10.891
0.025733 -10.108 -10.377 -10.629 -11.028 -11.088 -11.018 -10.726 -11.047 -11.086 -11.012 -10.838 -10.576 -11.046 -11.073 -10.929 -10.747 -10.537 -11.076 -10.938 -10.756 -10.6 -10.521 -10.919 -11.023 -10.852 -10.047 -9.6 -9.052 -10.931
0.026511 -10.113 -10.386 -10.645 -11.055 -11.122 -11.057 -10.75 -11.075 -11.12 -11.051 -10.88 -10.622 -11.074 -11.109 -10.97 -10.791 -10.583 -11.112 -10.979 -10.799 -10.645 -10.567 -10.959 -11.06 -10.894 -10.096 -9.65 -9.103 -10.97
0.027313 -10.117 -10.394 -10.66 -11.082 -11.155 -11.095 -10.773 -11.103 -11.153 -11.089 -10.922 -10.667 -11.102 -11.144 -11.011 -10.834 -10.628 -11.148 -11.02 -10.843 -10.69 -10.612 -10.999 -11.098 -10.936 -10.144 -9.7 -9.154 -11.009
0.028139 -10.12 -10.402 -10.675 -11.108 -11.188 -11.133 -10.796 -11.131 -11.186 -11.128 -10.964 -10.712 -11.129 -11.179 -11.051 -10.878 -10.674 -11.184 -11.06 -10.886 -10.735 -10.658 -11.038 -11.135 -10.978 -10.192 -9.75 -9.205 -11.048
0.02899 -10.123 -10.409 -10.689 -11.134 -11.221 -11.171 -10.818 -11.158 -11.219 -11.166 -11.005 -10.756 -11.156 -11.213 -11.092 -10.921 -10.719 -11.219 -11.1 -10.929 -10.78 -10.703 -11.078 -11.172 -11.019 -10.24 -9.8 -9.256 -11.086
0.029867 -10.125 -10.415 -10.703 -11.16 -11.254 -11.209 -10.84 -11.185 -11.252 -11.203 -11.047 -10.801 -11.183 -11.248 -11.132 -10.964 -10.764 -11.254 -11.14 -10.972 -10.824 -10.748 -11.117 -11.209 -11.06 -10.288 -9.849 -9.307 -11.124
0.03077 -10.126 -10.421 -10.716 -11.185 -11.286 -11.246 -10.862 -11.211 -11.284 -11.241 -11.088 -10.845 -11.209 -11.282 -11.171 -11.006 -10.809 -11.289 -11.18 -11.014 -10.868 -10.792 -11.155 -11.245 -11.101 -10.336 -9.899 -9.358 -11.162
0.031701 -10.127 -10.425 -10.728 -11.209 -11.317 -11.283 -10.883 -11.237 -11.315 -11.278 -11.129 -10.889 -11.234 -11.315 -11.211 -11.049 -10.853 -11.323 -11.219 -11.057 -10.912 -10.837 -11.194 -11.281 -11.142 -10.384 -9.948 -9.408 -11.2
0.032659 -10.126 -10.429 -10.74 -11.233 -11.348 -11.32 -10.904 -11.262 -11.347 -11.315 -11.17 -10.933 -11.259 -11.348 -11.25 -11.091 -10.898 -11.357 -11.258 -11.099 -10.956 -10.881 -11.232 -11.317 -11.182 -10.431 -9.997 -9.459 -11.237
0.033647 -10.125 -10.432 -10.751 -11.256 -11.379 -11.356 -10.924 -11.287 -11.377 -11.351 -11.21 -10.977 -11.283 -11.381 -11.289 -11.133 -10.942 -11.39 -11.297 -11.141 -11.0 -10.926 -11.27 -11.353 -11.222 -10.479 -10.046 -9.51 -11.274
0.034665 -10.123 -10.435 -10.761 -11.279 -11.41 -11.392 -10.944 -11.311 -11.408 -11.387 -11.25 -11.021 -11.307 -11.413 -11.327 -11.175 -10.986 -11.423 -11.336 -11.183 -11.043 -10.97 -11.308 -11.388 -11.262 -10.526 -10.095 -9.56 -11.311
0.035713 -10.121 -10.436 -10.77 -11.301 -11.44 -11.428 -10.964 -11.334 -11.438 -11.423 -11.29 -11.064 -11.331 -11.445 -11.366 -11.216 -11.03 -11.456 -11.374 -11.224 -11.087 -11.014 -11.345 -11.422 -11.302 -10.573 -10.144 -9.61 -11.348
0.036793 -10.117 -10.437 -10.779 -11.323 -11.469 -11.463 -10.983 -11.358 -11.467 -11.459 -11.33 -11.107 -11.353 -11.477 -11.404 -11.258 -11.074 -11.489 -11.412 -11.265 -11.13 -11.057 -11.382 -11.457 -11.341 -10.62 -10.193 -9.661 -11.384
0.037906 -10.113 -10.436 -10.787 -11.344 -11.498 -11.498 -11.002 -11.38 -11.497 -11.494 -11.369 -11.15 -11.376 -11.508 -11.441 -11.299 -11.117 -11.521 -11.449 -11.306 -11.172 -11.101 -11.419 -11.491 -11.38 -10.667 -10.242 -9.711 -11.419
0.039052 -10.107 -10.435 -10.795 -11.365 -11.527 -11.533 -11.02 -11.402 -11.525 -11.529 -11.408 -11.193 -11.397 -11.539 -11.479 -11.339 -11.16 -11.552 -11.487 -11.347 -11.215 -11.144 -11.455 -11.524 -11.419 -10.714 -10.29 -9.761 -11.455
0.040234 -10.101 -10.433 -10.801 -11.385 -11.555 -11.567 -11.037 -11.423 -11.553 -11.563 -11.447 -11.235 -11.418 -11.569 -11.516 -11.38 -11.203 -11.583 -11.524 -11.388 -11.257 -11.188 -11.491 -11.557 -11.458 -10.76 -10.339 -9.81 -11.49
0.04145 -10.094 -10.43 -10.807 -11.404 -11.582 -11.601 -11.055 -11.444 -11.581 -11.597 -11.485 -11.278 -11.439 -11.599 -11.552 -11.42 -11.246 -11.614 -11.56 -11.428 -11.3 -11.231 -11.527 -11.59 -11.496 -10.806 -10.387 -9.86 -11.525
0.042704 -10.086 -10.425 -10.812 -11.423 -11.609 -11.635 -11.071 -11.464 -11.608 -11.63 -11.523 -11.32 -11.459 -11.628 -11.589 -11.46 -11.288 -11.644 -11.597 -11.468 -11.341 -11.273 -11.562 -11.623 -11.534 -10.853 -10.435 -9.91 -11.559
0.043996 -10.077 -10.42 -10.816 -11.441 -11.636 -11.668 -11.087 -11.484 -11.635 -11.664 -11.561 -11.361 -11.478 -11.657 -11.625 -11.5 -11.331 -11.674 -11.632 -11.507 -11.383 -11.316 -11.597 -11.655 -11.571 -10.899 -10.483 -9.959 -11.593
0.045326 -10.067 -10.414 -10.819 -11.458 -11.662 -11.7 -11.103 -11.503 -11.661 -11.696 -11.599 -11.403 -11.496 -11.686 -11.66 -11.539 -11.373 -11.703 -11.668 -11.546 -11.424 -11.358 -11.632 -11.686 -11.608 -10.944 -10.531 -10.009 -11.627
0.046697 -10.055 -10.406 -10.821 -11.475 -11.687 -11.732 -11.118 -11.521 -11.686 -11.729 -11.636 -11.444 -11.514 -11.714 -11.695 -11.578 -11.414 -11.732 -11.703 -11.585 -11.466 -11.4 -11.666 -11.717 -11.645 -10.99 -10.578 -10.058 -11.66
0.048109 -10.043 -10.398 -10.823 -11.49 -11.712 -11.764 -11.132 -11.538 -11.711 -11.76 -11.672 -11.485 -11.531 -11.741 -11.73 -11.616 -11.456 -11.76 -11.738 -11.624 -11.506 -11.442 -11.7 -11.748 -11.682 -11.035 -10.626 -10.107 -11.693
0.049564 -10.03 -10.388 -10.823 -11.505 -11.736 -11.795 -11.146 -11.555 -11.736 -11.792 -11.709 -11.525 -11.547 -11.768 -11.764 -11.655 -11.497 -11.788 -11.772 -11.662 -11.547 -11.484 -11.733 -11.778 -11.718 -11.08 -10.673 -10.156 -11.726
0.051063 -10.016 -10.377 -10.822 -11.52 -11.76 -11.826 -11.16 -11.571 -11.759 -11.823 -11.745 -11.566 -11.563 -11.794 -11.798 -11.693 -11.538 -11.815 -11.806 -11.7 -11.587 -11.525 -11.766 -11.807 -11.753 -11.125 -10.72 -10.205 -11.758
0.052608 -10.0 -10.365 -10.821 -11.533 -11.783 -11.856 -11.172 -11.586 -11.782 -11.853 -11.78 -11.606 -11.577 -11.819 -11.832 -11.73 -11.578 -11.842 -11.84 -11.738 -11.627 -11.566 -11.799 -11.837 -11.788 -11.17 -10.767 -10.254 -11.789
0.054199 -9.983 -10.351 -10.818 -11.546 -11.805 -11.886 -11.184 -11.6 -11.805 -11.883 -11.815 -11.645 -11.591 -11.844 -11.865 -11.768 -11.619 -11.868 -11.873 -11.775 -11.667 -11.607 -11.831 -11.865 -11.823 -11.214 -10.814 -10.302 -11.82
0.055838 -9.965 -10.337 -10.814 -11.557 -11.827 -11.915 -11.196 -11.613 -11.827 -11.912 -11.85 -11.684 -11.604 -11.869 -11.897 -11.804 -11.659 -11.893 -11.905 -11.812 -11.706 -11.647 -11.863 -11.893 -11.858 -11.259 -10.86 -10.351 -11.851
0.057527 -9.946 -10.32 -10.809 -11.568 -11.848 -11.943 -11.206 -11.626 -11.848 -11.941 -11.884 -11.723 -11.616 -11.892 -11.929 -11.841 -11.698 -11.918 -11.937 -11.848 -11.745 -11.687 -11.894 -11.92 -11.892 -11.303 -10.906 -10.399 -11.881
0.059267 -9.926 -10.303 -10.803 -11.578 -11.868 -11.971 -11.216 -11.637 -11.868 -11.969 -11.918 -11.762 -11.627 -11.915 -11.961 -11.877 -11.737 -11.942 -11.969 -11.884 -11.783 -11.727 -11.924 -11.947 -11.925 -11.346 -10.952 -10.447 -11.911
0.061059 -9.904 -10.284 -10.796 -11.587 -11.887 -11.999 -11.225 -11.648 -11.887 -11.996 -11.951 -11.8 -11.637 -11.937 -11.992 -11.912 -11.776 -11.965 -12.0 -11.92 -11.821 -11.766 -11.954 -11.973 -11.958 -11.39 -10.998 -10.495 -11.94
0.062906 -9.881 -10.263 -10.787 -11.594 -11.906 -12.025 -11.234 -11.658 -11.906 -12.023 -11.984 -11.838 -11.647 -11.959 -12.022 -11.947 -11.814 -11.988 -12.03 -11.955 -11.859 -11.805 -11.984 -11.999 -11.99 -11.433 -11.044 -10.542 -11.968
0.064808 -9.856 -10.241 -10.778 -11.601 -11.923 -12.051 -11.242 -11.666 -11.924 -12.049 -12.017 -11.875 -11.655 -11.98 -12.052 -11.982 -11.852 -12.01 -12.06 -11.99 -11.897 -11.844 -12.013 -12.024 -12.022 -11.476 -11.089 -10.59 -11.996
0.066769 -9.83 -10.217 -10.766 -11.607 -11.94 -12.076 -11.248 -11.674 -11.941 -12.075 -12.048 -11.912 -11.662 -12.0 -12.081 -12.016 -11.89 -12.031 -12.089 -12.024 -11.933 -11.882 -12.041 -12.048 -12.053 -11.518 -11.134 -10.637 -12.023
0.068788 -9.802 -10.191 -10.754 -11.611 -11.956 -12.101 -11.254 -11.68 -11.957 -12.1 -12.079 -11.948 -11.668 -12.019 -12.11 -12.05 -11.927 -12.051 -12.118 -12.057 -11.97 -11.92 -12.068 -12.071 -12.084 -11.56 -11.179 -10.684 -12.05
0.070868 -9.773 -10.164 -10.739 -11.614 -11.971 -12.125 -11.259 -11.686 -11.972 -12.124 -12.11 -11.984 -11.672 -12.037 -12.138 -12.083 -11.964 -12.071 -12.146 -12.09 -12.006 -11.958 -12.095 -12.093 -12.114 -11.602 -11.224 -10.731 -12.076
0.073012 -9.742 -10.134 -10.724 -11.616 -11.985 -12.148 -11.263 -11.69 -11.986 -12.147 -12.14 -12.02 -11.676 -12.054 -12.165 -12.115 -12.0 -12.089 -12.173 -12.123 -12.041 -11.995 -12.122 -12.115 -12.144 -11.644 -11.268 -10.777 -12.101
0.07522 -9.709 -10.103 -10.706 -11.617 -11.997 -12.17 -11.266 -11.693 -11.999 -12.169 -12.169 -12.055 -11.678 -12.07 -12.191 -12.147 -12.036 -12.107 -12.199 -12.155 -12.076 -12.032 -12.147 -12.136 -12.173 -11.685 -11.312 -10.824 -12.126
