web/models/kne.last_good/kappa_0.5_3.0.v1/18/villar_0.0023_0.3590_0.5000.dat
# %ECSV 1.0
# ---
# datatype:
# - {name: time, datatype: float64}
# - {name: swift_uvot_uvw2, datatype: float64}
# - {name: swift_uvot_uvm2, datatype: float64}
# - {name: swift_uvot_uvw1, datatype: float64}
# - {name: swift_uvot_U, datatype: float64}
# - {name: swift_uvot_B, datatype: float64}
# - {name: swift_uvot_V, datatype: float64}
# - {name: swift_uvot_W, datatype: float64}
# - {name: johnson_U, datatype: float64}
# - {name: johnson_B, datatype: float64}
# - {name: johnson_V, datatype: float64}
# - {name: johnson_R, datatype: float64}
# - {name: johnson_I, datatype: float64}
# - {name: sdss_u, datatype: float64}
# - {name: sdss_g, datatype: float64}
# - {name: sdss_r, datatype: float64}
# - {name: sdss_i, datatype: float64}
# - {name: sdss_z, datatype: float64}
# - {name: PS1_g, datatype: float64}
# - {name: PS1_r, datatype: float64}
# - {name: PS1_i, datatype: float64}
# - {name: PS1_z, datatype: float64}
# - {name: PS1_Y, datatype: float64}
# - {name: PS1_w, datatype: float64}
# - {name: ATLAS_c, datatype: float64}
# - {name: ATLAS_o, datatype: float64}
# - {name: ukirt_J, datatype: float64}
# - {name: ukirt_H, datatype: float64}
# - {name: ukirt_K, datatype: float64}
# - {name: Clear, datatype: float64}
# meta: !!omap
# - comment: [kappa = 0.5, type = villar, mass = 0.0022901433483143324, velocity = 0.359, theta_obs = 0.0]
# schema: astropy-2.0
time swift_uvot_uvw2 swift_uvot_uvm2 swift_uvot_uvw1 swift_uvot_U swift_uvot_B swift_uvot_V swift_uvot_W johnson_U johnson_B johnson_V johnson_R johnson_I sdss_u sdss_g sdss_r sdss_i sdss_z PS1_g PS1_r PS1_i PS1_z PS1_Y PS1_w ATLAS_c ATLAS_o ukirt_J ukirt_H ukirt_K Clear
[from data line 77]
0.009917 -9.91 -9.976 -10.0 -9.967 -9.796 -9.553 -9.895 -9.946 -9.792 -9.544 -9.249 -8.883 -9.952 -9.721 -9.387 -9.108 -8.829 -9.706 -9.404 -9.127 -8.925 -8.853 -9.414 -9.592 -9.271 -8.24 -7.739 -7.147 -9.46
0.010217 -9.938 -10.008 -10.035 -10.009 -9.841 -9.6 -9.932 -9.988 -9.837 -9.591 -9.298 -8.933 -9.994 -9.766 -9.436 -9.158 -8.88 -9.752 -9.452 -9.176 -8.975 -8.902 -9.462 -9.638 -9.32 -8.292 -7.793 -7.201 -9.508
0.010526 -9.965 -10.039 -10.069 -10.05 -9.885 -9.647 -9.969 -10.03 -9.882 -9.638 -9.347 -8.984 -10.036 -9.812 -9.484 -9.208 -8.93 -9.797 -9.5 -9.226 -9.025 -8.952 -9.509 -9.685 -9.369 -8.344 -7.846 -7.254 -9.555
0.010845 -9.993 -10.07 -10.104 -10.091 -9.93 -9.694 -10.005 -10.072 -9.926 -9.685 -9.396 -9.034 -10.077 -9.857 -9.532 -9.257 -8.981 -9.843 -9.548 -9.275 -9.075 -9.001 -9.557 -9.732 -9.418 -8.396 -7.899 -7.308 -9.602
0.011173 -10.019 -10.101 -10.137 -10.132 -9.974 -9.741 -10.041 -10.113 -9.971 -9.732 -9.445 -9.085 -10.119 -9.903 -9.58 -9.307 -9.032 -9.888 -9.596 -9.324 -9.125 -9.05 -9.604 -9.778 -9.466 -8.448 -7.951 -7.362 -9.649
0.011511 -10.046 -10.131 -10.171 -10.172 -10.018 -9.788 -10.077 -10.154 -10.015 -9.779 -9.493 -9.135 -10.16 -9.948 -9.628 -9.356 -9.082 -9.933 -9.644 -9.373 -9.174 -9.099 -9.652 -9.824 -9.515 -8.5 -8.004 -7.415 -9.695
0.011859 -10.072 -10.161 -10.204 -10.212 -10.062 -9.834 -10.112 -10.195 -10.059 -9.826 -9.542 -9.185 -10.201 -9.992 -9.676 -9.405 -9.132 -9.978 -9.691 -9.422 -9.224 -9.148 -9.699 -9.87 -9.563 -8.552 -8.057 -7.469 -9.742
0.012217 -10.097 -10.19 -10.237 -10.253 -10.106 -9.881 -10.147 -10.236 -10.102 -9.872 -9.59 -9.235 -10.241 -10.037 -9.724 -9.455 -9.183 -10.023 -9.739 -9.471 -9.273 -9.197 -9.746 -9.916 -9.612 -8.604 -8.11 -7.522 -9.788
0.012587 -10.122 -10.219 -10.27 -10.292 -10.149 -9.927 -10.182 -10.276 -10.146 -9.919 -9.638 -9.285 -10.281 -10.081 -9.771 -9.504 -9.233 -10.068 -9.786 -9.52 -9.323 -9.246 -9.793 -9.962 -9.66 -8.656 -8.162 -7.575 -9.834
0.012968 -10.147 -10.248 -10.302 -10.332 -10.193 -9.973 -10.217 -10.316 -10.189 -9.965 -9.686 -9.335 -10.322 -10.126 -9.818 -9.553 -9.283 -10.112 -9.833 -9.569 -9.372 -9.295 -9.839 -10.007 -9.708 -8.708 -8.215 -7.629 -9.88
0.01336 -10.171 -10.276 -10.334 -10.371 -10.236 -10.019 -10.251 -10.356 -10.232 -10.011 -9.734 -9.385 -10.361 -10.17 -9.866 -9.601 -9.333 -10.157 -9.88 -9.617 -9.421 -9.344 -9.886 -10.053 -9.755 -8.759 -8.267 -7.682 -9.926
0.013764 -10.195 -10.304 -10.365 -10.41 -10.279 -10.065 -10.285 -10.396 -10.275 -10.057 -9.782 -9.434 -10.401 -10.214 -9.913 -9.65 -9.383 -10.201 -9.927 -9.666 -9.47 -9.393 -9.932 -10.098 -9.803 -8.811 -8.32 -7.735 -9.972
0.01418 -10.219 -10.331 -10.396 -10.449 -10.321 -10.111 -10.319 -10.435 -10.318 -10.102 -9.83 -9.484 -10.44 -10.257 -9.96 -9.699 -9.432 -10.245 -9.974 -9.714 -9.519 -9.441 -9.978 -10.143 -9.851 -8.862 -8.372 -7.788 -10.018
0.014609 -10.242 -10.358 -10.427 -10.487 -10.364 -10.156 -10.352 -10.475 -10.361 -10.148 -9.878 -9.533 -10.479 -10.301 -10.006 -9.747 -9.482 -10.289 -10.02 -9.762 -9.568 -9.49 -10.025 -10.188 -9.898 -8.913 -8.424 -7.841 -10.063
0.015051 -10.264 -10.385 -10.457 -10.526 -10.406 -10.201 -10.386 -10.514 -10.403 -10.193 -9.925 -9.582 -10.518 -10.344 -10.053 -9.795 -9.532 -10.332 -10.067 -9.81 -9.617 -9.538 -10.07 -10.232 -9.945 -8.965 -8.477 -7.894 -10.109
0.015506 -10.286 -10.411 -10.487 -10.564 -10.448 -10.247 -10.418 -10.552 -10.445 -10.238 -9.972 -9.631 -10.557 -10.387 -10.1 -9.844 -9.581 -10.376 -10.113 -9.858 -9.666 -9.586 -10.116 -10.277 -9.993 -9.016 -8.529 -7.947 -10.154
0.015975 -10.308 -10.437 -10.517 -10.601 -10.49 -10.292 -10.451 -10.591 -10.487 -10.283 -10.02 -9.681 -10.595 -10.43 -10.146 -9.892 -9.63 -10.419 -10.159 -9.906 -9.714 -9.635 -10.162 -10.321 -10.04 -9.067 -8.581 -8.0 -10.199
0.016458 -10.329 -10.462 -10.547 -10.639 -10.532 -10.336 -10.484 -10.629 -10.529 -10.328 -10.067 -9.73 -10.633 -10.473 -10.192 -9.94 -9.68 -10.462 -10.205 -9.954 -9.763 -9.683 -10.207 -10.365 -10.087 -9.118 -8.633 -8.053 -10.243
0.016956 -10.35 -10.487 -10.575 -10.676 -10.573 -10.381 -10.516 -10.667 -10.57 -10.373 -10.113 -9.778 -10.671 -10.516 -10.238 -9.988 -9.729 -10.505 -10.251 -10.001 -9.811 -9.731 -10.253 -10.409 -10.133 -9.169 -8.685 -8.106 -10.288
0.017469 -10.37 -10.511 -10.604 -10.713 -10.614 -10.426 -10.548 -10.704 -10.611 -10.417 -10.16 -9.827 -10.709 -10.558 -10.284 -10.035 -9.778 -10.547 -10.297 -10.049 -9.86 -9.779 -10.298 -10.453 -10.18 -9.22 -8.737 -8.158 -10.333
0.017997 -10.39 -10.535 -10.632 -10.75 -10.655 -10.47 -10.579 -10.742 -10.652 -10.462 -10.207 -9.876 -10.746 -10.6 -10.33 -10.083 -9.827 -10.59 -10.343 -10.096 -9.908 -9.827 -10.343 -10.497 -10.226 -9.271 -8.789 -8.211 -10.377
0.018541 -10.409 -10.559 -10.66 -10.786 -10.696 -10.514 -10.611 -10.779 -10.693 -10.506 -10.253 -9.924 -10.783 -10.642 -10.375 -10.13 -9.876 -10.632 -10.388 -10.143 -9.956 -9.875 -10.388 -10.54 -10.273 -9.321 -8.84 -8.264 -10.421
0.019102 -10.428 -10.582 -10.688 -10.822 -10.737 -10.558 -10.642 -10.816 -10.734 -10.55 -10.3 -9.973 -10.82 -10.684 -10.421 -10.178 -9.924 -10.674 -10.433 -10.191 -10.004 -9.923 -10.432 -10.583 -10.319 -9.372 -8.892 -8.316 -10.465
0.01968 -10.446 -10.604 -10.715 -10.858 -10.777 -10.602 -10.672 -10.852 -10.774 -10.594 -10.346 -10.021 -10.856 -10.725 -10.466 -10.225 -9.973 -10.716 -10.478 -10.238 -10.052 -9.971 -10.477 -10.627 -10.365 -9.423 -8.944 -8.369 -10.509
0.020275 -10.464 -10.626 -10.741 -10.893 -10.817 -10.645 -10.703 -10.889 -10.814 -10.638 -10.392 -10.069 -10.892 -10.767 -10.511 -10.272 -10.021 -10.758 -10.523 -10.284 -10.1 -10.018 -10.521 -10.669 -10.411 -9.473 -8.995 -8.421 -10.553
0.020888 -10.481 -10.648 -10.767 -10.928 -10.857 -10.689 -10.733 -10.925 -10.854 -10.681 -10.438 -10.117 -10.928 -10.808 -10.556 -10.319 -10.07 -10.799 -10.568 -10.331 -10.148 -10.066 -10.566 -10.712 -10.457 -9.524 -9.047 -8.473 -10.596
0.02152 -10.498 -10.669 -10.793 -10.963 -10.897 -10.732 -10.763 -10.96 -10.894 -10.724 -10.484 -10.165 -10.963 -10.849 -10.601 -10.366 -10.118 -10.841 -10.613 -10.378 -10.195 -10.113 -10.61 -10.755 -10.502 -9.574 -9.098 -8.526 -10.639
0.022171 -10.515 -10.69 -10.819 -10.998 -10.936 -10.775 -10.793 -10.996 -10.933 -10.767 -10.529 -10.213 -10.999 -10.889 -10.646 -10.413 -10.166 -10.882 -10.657 -10.424 -10.243 -10.161 -10.653 -10.797 -10.548 -9.624 -9.149 -8.578 -10.683
0.022841 -10.53 -10.71 -10.844 -11.032 -10.975 -10.818 -10.822 -11.031 -10.972 -10.81 -10.575 -10.261 -11.034 -10.93 -10.69 -10.459 -10.214 -10.922 -10.702 -10.471 -10.29 -10.208 -10.697 -10.839 -10.593 -9.674 -9.201 -8.63 -10.726
0.023532 -10.546 -10.729 -10.868 -11.066 -11.014 -10.861 -10.851 -11.066 -11.011 -10.853 -10.62 -10.308 -11.068 -10.97 -10.735 -10.505 -10.262 -10.963 -10.746 -10.517 -10.337 -10.255 -10.741 -10.881 -10.638 -9.724 -9.252 -8.682 -10.768
0.024244 -10.561 -10.749 -10.893 -11.099 -11.053 -10.903 -10.88 -11.1 -11.05 -10.896 -10.665 -10.356 -11.103 -11.01 -10.779 -10.552 -10.31 -11.004 -10.79 -10.563 -10.384 -10.302 -10.784 -10.923 -10.683 -9.774 -9.303 -8.735 -10.811
0.024977 -10.575 -10.767 -10.916 -11.133 -11.091 -10.945 -10.908 -11.134 -11.088 -10.938 -10.71 -10.403 -11.137 -11.05 -10.823 -10.598 -10.358 -11.044 -10.834 -10.609 -10.431 -10.349 -10.827 -10.964 -10.728 -9.824 -9.354 -8.787 -10.853
0.025733 -10.589 -10.785 -10.94 -11.166 -11.13 -10.987 -10.936 -11.168 -11.127 -10.98 -10.755 -10.45 -11.17 -11.089 -10.867 -10.644 -10.405 -11.084 -10.877 -10.655 -10.478 -10.396 -10.87 -11.006 -10.773 -9.874 -9.405 -8.839 -10.896
0.026511 -10.602 -10.803 -10.962 -11.198 -11.167 -11.029 -10.964 -11.202 -11.165 -11.022 -10.8 -10.497 -11.204 -11.129 -10.91 -10.69 -10.453 -11.123 -10.921 -10.701 -10.525 -10.443 -10.913 -11.047 -10.817 -9.924 -9.456 -8.891 -10.938
0.027313 -10.614 -10.82 -10.985 -11.23 -11.205 -11.071 -10.992 -11.235 -11.202 -11.064 -10.845 -10.544 -11.237 -11.168 -10.954 -10.735 -10.5 -11.163 -10.964 -10.746 -10.572 -10.49 -10.956 -11.088 -10.862 -9.973 -9.507 -8.942 -10.98
0.028139 -10.626 -10.836 -11.007 -11.262 -11.243 -11.112 -11.019 -11.268 -11.24 -11.105 -10.889 -10.591 -11.269 -11.207 -10.997 -10.781 -10.547 -11.202 -11.007 -10.792 -10.618 -10.536 -10.998 -11.128 -10.906 -10.023 -9.558 -8.994 -11.021
0.02899 -10.638 -10.852 -11.028 -11.294 -11.28 -11.154 -11.046 -11.3 -11.277 -11.147 -10.933 -10.638 -11.302 -11.245 -11.04 -10.826 -10.594 -11.241 -11.05 -10.837 -10.665 -10.583 -11.04 -11.169 -10.95 -10.072 -9.608 -9.046 -11.063
0.029867 -10.649 -10.868 -11.049 -11.325 -11.316 -11.195 -11.072 -11.332 -11.314 -11.188 -10.977 -10.685 -11.334 -11.283 -11.083 -10.872 -10.641 -11.28 -11.093 -10.882 -10.711 -10.629 -11.082 -11.209 -10.994 -10.122 -9.659 -9.098 -11.104
0.03077 -10.659 -10.882 -11.07 -11.356 -11.353 -11.236 -11.099 -11.364 -11.35 -11.229 -11.021 -10.731 -11.366 -11.321 -11.126 -10.917 -10.688 -11.319 -11.136 -10.927 -10.757 -10.676 -11.124 -11.249 -11.038 -10.171 -9.71 -9.149 -11.145
0.031701 -10.669 -10.897 -11.09 -11.387 -11.389 -11.276 -11.125 -11.396 -11.387 -11.269 -11.065 -10.777 -11.397 -11.359 -11.168 -10.962 -10.735 -11.357 -11.178 -10.972 -10.803 -10.722 -11.166 -11.289 -11.081 -10.22 -9.76 -9.201 -11.186
0.032659 -10.678 -10.91 -11.11 -11.417 -11.425 -11.317 -11.15 -11.427 -11.423 -11.31 -11.108 -10.824 -11.428 -11.397 -11.211 -11.007 -10.781 -11.395 -11.22 -11.016 -10.849 -10.768 -11.207 -11.328 -11.124 -10.269 -9.81 -9.252 -11.226
0.033647 -10.687 -10.923 -11.129 -11.446 -11.461 -11.357 -11.175 -11.458 -11.458 -11.35 -11.152 -10.87 -11.458 -11.434 -11.253 -11.051 -10.828 -11.433 -11.262 -11.061 -10.895 -10.814 -11.249 -11.368 -11.168 -10.318 -9.861 -9.304 -11.267
0.034665 -10.695 -10.936 -11.147 -11.476 -11.496 -11.397 -11.2 -11.488 -11.494 -11.39 -11.195 -10.915 -11.489 -11.471 -11.295 -11.096 -10.874 -11.47 -11.304 -11.105 -10.941 -10.86 -11.29 -11.407 -11.211 -10.367 -9.911 -9.355 -11.307
0.035713 -10.702 -10.947 -11.165 -11.505 -11.531 -11.436 -11.225 -11.518 -11.529 -11.43 -11.238 -10.961 -11.518 -11.508 -11.336 -11.14 -10.92 -11.508 -11.346 -11.149 -10.986 -10.906 -11.33 -11.445 -11.253 -10.416 -9.961 -9.406 -11.347
0.036793 -10.709 -10.959 -11.183 -11.533 -11.566 -11.476 -11.249 -11.548 -11.564 -11.469 -11.28 -11.007 -11.548 -11.544 -11.378 -11.184 -10.966 -11.544 -11.387 -11.193 -11.032 -10.951 -11.371 -11.484 -11.296 -10.464 -10.011 -9.458 -11.387
0.037906 -10.715 -10.969 -11.2 -11.561 -11.601 -11.515 -11.273 -11.577 -11.598 -11.508 -11.323 -11.052 -11.577 -11.58 -11.419 -11.228 -11.012 -11.581 -11.428 -11.237 -11.077 -10.997 -11.411 -11.522 -11.338 -10.513 -10.061 -9.509 -11.426
0.039052 -10.72 -10.979 -11.216 -11.589 -11.635 -11.554 -11.297 -11.606 -11.632 -11.547 -11.365 -11.097 -11.605 -11.616 -11.46 -11.272 -11.057 -11.618 -11.469 -11.281 -11.122 -11.042 -11.452 -11.56 -11.38 -10.561 -10.111 -9.56 -11.466
0.040234 -10.725 -10.988 -11.232 -11.616 -11.668 -11.592 -11.32 -11.634 -11.666 -11.586 -11.407 -11.143 -11.634 -11.651 -11.501 -11.315 -11.103 -11.654 -11.51 -11.324 -11.167 -11.087 -11.491 -11.598 -11.422 -10.609 -10.161 -9.611 -11.505
0.04145 -10.729 -10.996 -11.247 -11.643 -11.702 -11.631 -11.343 -11.662 -11.7 -11.625 -11.449 -11.187 -11.661 -11.687 -11.542 -11.359 -11.148 -11.689 -11.55 -11.367 -11.211 -11.133 -11.531 -11.635 -11.464 -10.658 -10.21 -9.662 -11.544
0.042704 -10.732 -11.004 -11.262 -11.669 -11.735 -11.669 -11.365 -11.69 -11.733 -11.663 -11.491 -11.232 -11.689 -11.721 -11.582 -11.402 -11.193 -11.725 -11.591 -11.41 -11.256 -11.178 -11.571 -11.673 -11.505 -10.706 -10.26 -9.712 -11.582
0.043996 -10.735 -11.011 -11.276 -11.695 -11.768 -11.707 -11.387 -11.717 -11.765 -11.701 -11.533 -11.277 -11.715 -11.756 -11.622 -11.445 -11.238 -11.76 -11.631 -11.453 -11.3 -11.222 -11.61 -11.71 -11.547 -10.753 -10.309 -9.763 -11.62
0.045326 -10.736 -11.017 -11.29 -11.721 -11.8 -11.744 -11.409 -11.743 -11.798 -11.738 -11.574 -11.321 -11.742 -11.79 -11.662 -11.487 -11.283 -11.795 -11.67 -11.496 -11.345 -11.267 -11.649 -11.746 -11.588 -10.801 -10.359 -9.814 -11.658
0.046697 -10.738 -11.023 -11.302 -11.746 -11.832 -11.781 -11.43 -11.77 -11.83 -11.776 -11.615 -11.365 -11.768 -11.824 -11.701 -11.53 -11.328 -11.829 -11.71 -11.538 -11.389 -11.312 -11.687 -11.782 -11.629 -10.849 -10.408 -9.864 -11.696
0.048109 -10.738 -11.028 -11.315 -11.77 -11.863 -11.818 -11.451 -11.795 -11.861 -11.813 -11.656 -11.409 -11.793 -11.857 -11.741 -11.572 -11.373 -11.864 -11.749 -11.581 -11.433 -11.356 -11.726 -11.818 -11.669 -10.897 -10.457 -9.915 -11.734
0.049564 -10.737 -11.032 -11.326 -11.794 -11.895 -11.855 -11.472 -11.82 -11.893 -11.849 -11.696 -11.453 -11.818 -11.89 -11.78 -11.614 -11.417 -11.897 -11.788 -11.623 -11.476 -11.4 -11.764 -11.854 -11.709 -10.944 -10.506 -9.965 -11.771
0.051063 -10.736 -11.035 -11.337 -11.817 -11.925 -11.891 -11.492 -11.845 -11.923 -11.886 -11.737 -11.497 -11.842 -11.923 -11.819 -11.656 -11.461 -11.931 -11.827 -11.664 -11.52 -11.444 -11.802 -11.889 -11.75 -10.991 -10.555 -10.016 -11.808
0.052608 -10.734 -11.037 -11.347 -11.84 -11.956 -11.927 -11.512 -11.869 -11.954 -11.922 -11.777 -11.54 -11.866 -11.956 -11.857 -11.698 -11.505 -11.964 -11.865 -11.706 -11.563 -11.488 -11.839 -11.924 -11.789 -11.038 -10.604 -10.066 -11.844
0.054199 -10.731 -11.039 -11.357 -11.863 -11.986 -11.963 -11.531 -11.893 -11.984 -11.958 -11.816 -11.584 -11.89 -11.987 -11.895 -11.739 -11.549 -11.997 -11.903 -11.747 -11.606 -11.532 -11.876 -11.959 -11.829 -11.085 -10.653 -10.116 -11.881
0.055838 -10.728 -11.039 -11.366 -11.884 -12.015 -11.998 -11.549 -11.916 -12.013 -11.993 -11.856 -11.627 -11.913 -12.019 -11.933 -11.781 -11.592 -12.029 -11.941 -11.789 -11.649 -11.576 -11.913 -11.993 -11.868 -11.132 -10.701 -10.166 -11.917
0.057527 -10.723 -11.039 -11.374 -11.906 -12.044 -12.033 -11.568 -11.939 -12.042 -12.028 -11.895 -11.669 -11.935 -12.05 -11.971 -11.821 -11.635 -12.061 -11.979 -11.829 -11.692 -11.619 -11.95 -12.027 -11.907 -11.179 -10.75 -10.216 -11.952
0.059267 -10.718 -11.038 -11.381 -11.926 -12.073 -12.068 -11.586 -11.961 -12.071 -12.063 -11.934 -11.712 -11.956 -12.081 -12.008 -11.862 -11.678 -12.092 -12.016 -11.87 -11.734 -11.662 -11.986 -12.061 -11.946 -11.225 -10.798 -10.266 -11.988
0.061059 -10.711 -11.036 -11.388 -11.946 -12.101 -12.102 -11.603 -11.982 -12.099 -12.097 -11.973 -11.754 -11.978 -12.111 -12.045 -11.903 -11.721 -12.123 -12.053 -11.91 -11.777 -11.705 -12.022 -12.094 -11.984 -11.272 -10.846 -10.316 -12.023
0.062906 -10.704 -11.032 -11.393 -11.965 -12.128 -12.135 -11.62 -12.003 -12.127 -12.131 -12.011 -11.797 -11.998 -12.141 -12.081 -11.943 -11.764 -12.154 -12.089 -11.95 -11.819 -11.748 -12.058 -12.127 -12.022 -11.318 -10.895 -10.365 -12.058
0.064808 -10.696 -11.028 -11.398 -11.984 -12.155 -12.169 -11.636 -12.023 -12.154 -12.165 -12.049 -11.838 -12.018 -12.17 -12.118 -11.982 -11.806 -12.184 -12.126 -11.99 -11.86 -11.791 -12.093 -12.159 -12.06 -11.364 -10.942 -10.415 -12.092
0.066769 -10.687 -11.023 -11.402 -12.002 -12.182 -12.202 -11.652 -12.042 -12.181 -12.198 -12.087 -11.88 -12.037 -12.199 -12.154 -12.022 -11.848 -12.214 -12.161 -12.03 -11.902 -11.833 -12.128 -12.191 -12.097 -11.41 -10.99 -10.464 -12.126
0.068788 -10.676 -11.017 -11.405 -12.019 -12.208 -12.234 -11.667 -12.061 -12.207 -12.23 -12.124 -11.921 -12.055 -12.227 -12.189 -12.061 -11.89 -12.243 -12.197 -12.069 -11.943 -11.875 -12.163 -12.222 -12.134 -11.455 -11.038 -10.513 -12.159
0.070868 -10.665 -11.01 -11.408 -12.036 -12.233 -12.266 -11.682 -12.079 -12.232 -12.263 -12.161 -11.962 -12.073 -12.255 -12.224 -12.1 -11.932 -12.272 -12.232 -12.108 -11.984 -11.917 -12.197 -12.253 -12.171 -11.501 -11.085 -10.562 -12.193
0.073012 -10.653 -11.001 -11.409 -12.052 -12.258 -12.298 -11.696 -12.097 -12.257 -12.294 -12.198 -12.003 -12.09 -12.282 -12.259 -12.139 -11.973 -12.3 -12.267 -12.146 -12.025 -11.959 -12.23 -12.284 -12.207 -11.546 -11.133 -10.611 -12.225
