web/models/linear/78/-18_980_1_075.dat
# %ECSV 1.0
# ---
# datatype:
# - {name: time, datatype: float64}
# - {name: swift_uvot_uvw2, datatype: float64}
# - {name: swift_uvot_uvm2, datatype: float64}
# - {name: swift_uvot_uvw1, datatype: float64}
# - {name: swift_uvot_U, datatype: float64}
# - {name: swift_uvot_B, datatype: float64}
# - {name: swift_uvot_V, datatype: float64}
# - {name: swift_uvot_W, datatype: float64}
# - {name: johnson_U, datatype: float64}
# - {name: johnson_B, datatype: float64}
# - {name: johnson_V, datatype: float64}
# - {name: johnson_R, datatype: float64}
# - {name: johnson_I, datatype: float64}
# - {name: sdss_u, datatype: float64}
# - {name: sdss_g, datatype: float64}
# - {name: sdss_r, datatype: float64}
# - {name: sdss_i, datatype: float64}
# - {name: sdss_z, datatype: float64}
# - {name: PS1_g, datatype: float64}
# - {name: PS1_r, datatype: float64}
# - {name: PS1_i, datatype: float64}
# - {name: PS1_z, datatype: float64}
# - {name: PS1_Y, datatype: float64}
# - {name: PS1_w, datatype: float64}
# - {name: ATLAS_c, datatype: float64}
# - {name: ATLAS_o, datatype: float64}
# - {name: ukirt_J, datatype: float64}
# - {name: ukirt_H, datatype: float64}
# - {name: ukirt_K, datatype: float64}
# - {name: Clear, datatype: float64}
# meta: !!omap
# - comment: [M=-18.979591836734695, dM=1.0753706008311428]
# schema: astropy-2.0
time swift_uvot_uvw2 swift_uvot_uvm2 swift_uvot_uvw1 swift_uvot_U swift_uvot_B swift_uvot_V swift_uvot_W johnson_U johnson_B johnson_V johnson_R johnson_I sdss_u sdss_g sdss_r sdss_i sdss_z PS1_g PS1_r PS1_i PS1_z PS1_Y PS1_w ATLAS_c ATLAS_o ukirt_J ukirt_H ukirt_K Clear
[from data line 137]
10.326633165829145 -7.8746341246342 -7.8746341246342 -7.8746341246342 -7.8746341246342 -7.8746341246342 -7.8746341246342 -7.8746341246342 -7.8746341246342 -7.8746341246342 -7.8746341246342 -7.8746341246342 -7.8746341246342 -7.8746341246342 -7.8746341246342 -7.8746341246342 -7.8746341246342 -7.8746341246342 -7.8746341246342 -7.8746341246342 -7.8746341246342 -7.8746341246342 -7.8746341246342 -7.8746341246342 -7.8746341246342 -7.8746341246342 -7.8746341246342 -7.8746341246342 -7.8746341246342 -7.8746341246342
10.402010050251256 -7.7935760391444155 -7.7935760391444155 -7.7935760391444155 -7.7935760391444155 -7.7935760391444155 -7.7935760391444155 -7.7935760391444155 -7.7935760391444155 -7.7935760391444155 -7.7935760391444155 -7.7935760391444155 -7.7935760391444155 -7.7935760391444155 -7.7935760391444155 -7.7935760391444155 -7.7935760391444155 -7.7935760391444155 -7.7935760391444155 -7.7935760391444155 -7.7935760391444155 -7.7935760391444155 -7.7935760391444155 -7.7935760391444155 -7.7935760391444155 -7.7935760391444155 -7.7935760391444155 -7.7935760391444155 -7.7935760391444155 -7.7935760391444155
10.477386934673365 -7.712517953654633 -7.712517953654633 -7.712517953654633 -7.712517953654633 -7.712517953654633 -7.712517953654633 -7.712517953654633 -7.712517953654633 -7.712517953654633 -7.712517953654633 -7.712517953654633 -7.712517953654633 -7.712517953654633 -7.712517953654633 -7.712517953654633 -7.712517953654633 -7.712517953654633 -7.712517953654633 -7.712517953654633 -7.712517953654633 -7.712517953654633 -7.712517953654633 -7.712517953654633 -7.712517953654633 -7.712517953654633 -7.712517953654633 -7.712517953654633 -7.712517953654633 -7.712517953654633
10.552763819095476 -7.631459868164848 -7.631459868164848 -7.631459868164848 -7.631459868164848 -7.631459868164848 -7.631459868164848 -7.631459868164848 -7.631459868164848 -7.631459868164848 -7.631459868164848 -7.631459868164848 -7.631459868164848 -7.631459868164848 -7.631459868164848 -7.631459868164848 -7.631459868164848 -7.631459868164848 -7.631459868164848 -7.631459868164848 -7.631459868164848 -7.631459868164848 -7.631459868164848 -7.631459868164848 -7.631459868164848 -7.631459868164848 -7.631459868164848 -7.631459868164848 -7.631459868164848 -7.631459868164848
10.628140703517587 -7.550401782675063 -7.550401782675063 -7.550401782675063 -7.550401782675063 -7.550401782675063 -7.550401782675063 -7.550401782675063 -7.550401782675063 -7.550401782675063 -7.550401782675063 -7.550401782675063 -7.550401782675063 -7.550401782675063 -7.550401782675063 -7.550401782675063 -7.550401782675063 -7.550401782675063 -7.550401782675063 -7.550401782675063 -7.550401782675063 -7.550401782675063 -7.550401782675063 -7.550401782675063 -7.550401782675063 -7.550401782675063 -7.550401782675063 -7.550401782675063 -7.550401782675063 -7.550401782675063
10.703517587939697 -7.469343697185279 -7.469343697185279 -7.469343697185279 -7.469343697185279 -7.469343697185279 -7.469343697185279 -7.469343697185279 -7.469343697185279 -7.469343697185279 -7.469343697185279 -7.469343697185279 -7.469343697185279 -7.469343697185279 -7.469343697185279 -7.469343697185279 -7.469343697185279 -7.469343697185279 -7.469343697185279 -7.469343697185279 -7.469343697185279 -7.469343697185279 -7.469343697185279 -7.469343697185279 -7.469343697185279 -7.469343697185279 -7.469343697185279 -7.469343697185279 -7.469343697185279 -7.469343697185279
10.778894472361808 -7.388285611695494 -7.388285611695494 -7.388285611695494 -7.388285611695494 -7.388285611695494 -7.388285611695494 -7.388285611695494 -7.388285611695494 -7.388285611695494 -7.388285611695494 -7.388285611695494 -7.388285611695494 -7.388285611695494 -7.388285611695494 -7.388285611695494 -7.388285611695494 -7.388285611695494 -7.388285611695494 -7.388285611695494 -7.388285611695494 -7.388285611695494 -7.388285611695494 -7.388285611695494 -7.388285611695494 -7.388285611695494 -7.388285611695494 -7.388285611695494 -7.388285611695494 -7.388285611695494
10.854271356783919 -7.307227526205709 -7.307227526205709 -7.307227526205709 -7.307227526205709 -7.307227526205709 -7.307227526205709 -7.307227526205709 -7.307227526205709 -7.307227526205709 -7.307227526205709 -7.307227526205709 -7.307227526205709 -7.307227526205709 -7.307227526205709 -7.307227526205709 -7.307227526205709 -7.307227526205709 -7.307227526205709 -7.307227526205709 -7.307227526205709 -7.307227526205709 -7.307227526205709 -7.307227526205709 -7.307227526205709 -7.307227526205709 -7.307227526205709 -7.307227526205709 -7.307227526205709 -7.307227526205709
10.92964824120603 -7.226169440715925 -7.226169440715925 -7.226169440715925 -7.226169440715925 -7.226169440715925 -7.226169440715925 -7.226169440715925 -7.226169440715925 -7.226169440715925 -7.226169440715925 -7.226169440715925 -7.226169440715925 -7.226169440715925 -7.226169440715925 -7.226169440715925 -7.226169440715925 -7.226169440715925 -7.226169440715925 -7.226169440715925 -7.226169440715925 -7.226169440715925 -7.226169440715925 -7.226169440715925 -7.226169440715925 -7.226169440715925 -7.226169440715925 -7.226169440715925 -7.226169440715925 -7.226169440715925
11.00502512562814 -7.145111355226138 -7.145111355226138 -7.145111355226138 -7.145111355226138 -7.145111355226138 -7.145111355226138 -7.145111355226138 -7.145111355226138 -7.145111355226138 -7.145111355226138 -7.145111355226138 -7.145111355226138 -7.145111355226138 -7.145111355226138 -7.145111355226138 -7.145111355226138 -7.145111355226138 -7.145111355226138 -7.145111355226138 -7.145111355226138 -7.145111355226138 -7.145111355226138 -7.145111355226138 -7.145111355226138 -7.145111355226138 -7.145111355226138 -7.145111355226138 -7.145111355226138 -7.145111355226138
11.08040201005025 -7.064053269736355 -7.064053269736355 -7.064053269736355 -7.064053269736355 -7.064053269736355 -7.064053269736355 -7.064053269736355 -7.064053269736355 -7.064053269736355 -7.064053269736355 -7.064053269736355 -7.064053269736355 -7.064053269736355 -7.064053269736355 -7.064053269736355 -7.064053269736355 -7.064053269736355 -7.064053269736355 -7.064053269736355 -7.064053269736355 -7.064053269736355 -7.064053269736355 -7.064053269736355 -7.064053269736355 -7.064053269736355 -7.064053269736355 -7.064053269736355 -7.064053269736355 -7.064053269736355
11.15577889447236 -6.982995184246571 -6.982995184246571 -6.982995184246571 -6.982995184246571 -6.982995184246571 -6.982995184246571 -6.982995184246571 -6.982995184246571 -6.982995184246571 -6.982995184246571 -6.982995184246571 -6.982995184246571 -6.982995184246571 -6.982995184246571 -6.982995184246571 -6.982995184246571 -6.982995184246571 -6.982995184246571 -6.982995184246571 -6.982995184246571 -6.982995184246571 -6.982995184246571 -6.982995184246571 -6.982995184246571 -6.982995184246571 -6.982995184246571 -6.982995184246571 -6.982995184246571 -6.982995184246571
11.231155778894472 -6.901937098756786 -6.901937098756786 -6.901937098756786 -6.901937098756786 -6.901937098756786 -6.901937098756786 -6.901937098756786 -6.901937098756786 -6.901937098756786 -6.901937098756786 -6.901937098756786 -6.901937098756786 -6.901937098756786 -6.901937098756786 -6.901937098756786 -6.901937098756786 -6.901937098756786 -6.901937098756786 -6.901937098756786 -6.901937098756786 -6.901937098756786 -6.901937098756786 -6.901937098756786 -6.901937098756786 -6.901937098756786 -6.901937098756786 -6.901937098756786 -6.901937098756786 -6.901937098756786
11.306532663316581 -6.820879013267003 -6.820879013267003 -6.820879013267003 -6.820879013267003 -6.820879013267003 -6.820879013267003 -6.820879013267003 -6.820879013267003 -6.820879013267003 -6.820879013267003 -6.820879013267003 -6.820879013267003 -6.820879013267003 -6.820879013267003 -6.820879013267003 -6.820879013267003 -6.820879013267003 -6.820879013267003 -6.820879013267003 -6.820879013267003 -6.820879013267003 -6.820879013267003 -6.820879013267003 -6.820879013267003 -6.820879013267003 -6.820879013267003 -6.820879013267003 -6.820879013267003 -6.820879013267003
11.381909547738692 -6.739820927777217 -6.739820927777217 -6.739820927777217 -6.739820927777217 -6.739820927777217 -6.739820927777217 -6.739820927777217 -6.739820927777217 -6.739820927777217 -6.739820927777217 -6.739820927777217 -6.739820927777217 -6.739820927777217 -6.739820927777217 -6.739820927777217 -6.739820927777217 -6.739820927777217 -6.739820927777217 -6.739820927777217 -6.739820927777217 -6.739820927777217 -6.739820927777217 -6.739820927777217 -6.739820927777217 -6.739820927777217 -6.739820927777217 -6.739820927777217 -6.739820927777217 -6.739820927777217
11.457286432160803 -6.658762842287432 -6.658762842287432 -6.658762842287432 -6.658762842287432 -6.658762842287432 -6.658762842287432 -6.658762842287432 -6.658762842287432 -6.658762842287432 -6.658762842287432 -6.658762842287432 -6.658762842287432 -6.658762842287432 -6.658762842287432 -6.658762842287432 -6.658762842287432 -6.658762842287432 -6.658762842287432 -6.658762842287432 -6.658762842287432 -6.658762842287432 -6.658762842287432 -6.658762842287432 -6.658762842287432 -6.658762842287432 -6.658762842287432 -6.658762842287432 -6.658762842287432 -6.658762842287432
11.532663316582914 -6.577704756797647 -6.577704756797647 -6.577704756797647 -6.577704756797647 -6.577704756797647 -6.577704756797647 -6.577704756797647 -6.577704756797647 -6.577704756797647 -6.577704756797647 -6.577704756797647 -6.577704756797647 -6.577704756797647 -6.577704756797647 -6.577704756797647 -6.577704756797647 -6.577704756797647 -6.577704756797647 -6.577704756797647 -6.577704756797647 -6.577704756797647 -6.577704756797647 -6.577704756797647 -6.577704756797647 -6.577704756797647 -6.577704756797647 -6.577704756797647 -6.577704756797647 -6.577704756797647
11.608040201005025 -6.496646671307863 -6.496646671307863 -6.496646671307863 -6.496646671307863 -6.496646671307863 -6.496646671307863 -6.496646671307863 -6.496646671307863 -6.496646671307863 -6.496646671307863 -6.496646671307863 -6.496646671307863 -6.496646671307863 -6.496646671307863 -6.496646671307863 -6.496646671307863 -6.496646671307863 -6.496646671307863 -6.496646671307863 -6.496646671307863 -6.496646671307863 -6.496646671307863 -6.496646671307863 -6.496646671307863 -6.496646671307863 -6.496646671307863 -6.496646671307863 -6.496646671307863 -6.496646671307863
11.683417085427134 -6.415588585818078 -6.415588585818078 -6.415588585818078 -6.415588585818078 -6.415588585818078 -6.415588585818078 -6.415588585818078 -6.415588585818078 -6.415588585818078 -6.415588585818078 -6.415588585818078 -6.415588585818078 -6.415588585818078 -6.415588585818078 -6.415588585818078 -6.415588585818078 -6.415588585818078 -6.415588585818078 -6.415588585818078 -6.415588585818078 -6.415588585818078 -6.415588585818078 -6.415588585818078 -6.415588585818078 -6.415588585818078 -6.415588585818078 -6.415588585818078 -6.415588585818078 -6.415588585818078
11.758793969849245 -6.3345305003282935 -6.3345305003282935 -6.3345305003282935 -6.3345305003282935 -6.3345305003282935 -6.3345305003282935 -6.3345305003282935 -6.3345305003282935 -6.3345305003282935 -6.3345305003282935 -6.3345305003282935 -6.3345305003282935 -6.3345305003282935 -6.3345305003282935 -6.3345305003282935 -6.3345305003282935 -6.3345305003282935 -6.3345305003282935 -6.3345305003282935 -6.3345305003282935 -6.3345305003282935 -6.3345305003282935 -6.3345305003282935 -6.3345305003282935 -6.3345305003282935 -6.3345305003282935 -6.3345305003282935 -6.3345305003282935 -6.3345305003282935
11.834170854271356 -6.253472414838509 -6.253472414838509 -6.253472414838509 -6.253472414838509 -6.253472414838509 -6.253472414838509 -6.253472414838509 -6.253472414838509 -6.253472414838509 -6.253472414838509 -6.253472414838509 -6.253472414838509 -6.253472414838509 -6.253472414838509 -6.253472414838509 -6.253472414838509 -6.253472414838509 -6.253472414838509 -6.253472414838509 -6.253472414838509 -6.253472414838509 -6.253472414838509 -6.253472414838509 -6.253472414838509 -6.253472414838509 -6.253472414838509 -6.253472414838509 -6.253472414838509 -6.253472414838509
11.909547738693465 -6.172414329348726 -6.172414329348726 -6.172414329348726 -6.172414329348726 -6.172414329348726 -6.172414329348726 -6.172414329348726 -6.172414329348726 -6.172414329348726 -6.172414329348726 -6.172414329348726 -6.172414329348726 -6.172414329348726 -6.172414329348726 -6.172414329348726 -6.172414329348726 -6.172414329348726 -6.172414329348726 -6.172414329348726 -6.172414329348726 -6.172414329348726 -6.172414329348726 -6.172414329348726 -6.172414329348726 -6.172414329348726 -6.172414329348726 -6.172414329348726 -6.172414329348726 -6.172414329348726
11.984924623115576 -6.0913562438589395 -6.0913562438589395 -6.0913562438589395 -6.0913562438589395 -6.0913562438589395 -6.0913562438589395 -6.0913562438589395 -6.0913562438589395 -6.0913562438589395 -6.0913562438589395 -6.0913562438589395 -6.0913562438589395 -6.0913562438589395 -6.0913562438589395 -6.0913562438589395 -6.0913562438589395 -6.0913562438589395 -6.0913562438589395 -6.0913562438589395 -6.0913562438589395 -6.0913562438589395 -6.0913562438589395 -6.0913562438589395 -6.0913562438589395 -6.0913562438589395 -6.0913562438589395 -6.0913562438589395 -6.0913562438589395 -6.0913562438589395
12.060301507537687 -6.010298158369155 -6.010298158369155 -6.010298158369155 -6.010298158369155 -6.010298158369155 -6.010298158369155 -6.010298158369155 -6.010298158369155 -6.010298158369155 -6.010298158369155 -6.010298158369155 -6.010298158369155 -6.010298158369155 -6.010298158369155 -6.010298158369155 -6.010298158369155 -6.010298158369155 -6.010298158369155 -6.010298158369155 -6.010298158369155 -6.010298158369155 -6.010298158369155 -6.010298158369155 -6.010298158369155 -6.010298158369155 -6.010298158369155 -6.010298158369155 -6.010298158369155 -6.010298158369155
12.135678391959798 -5.92924007287937 -5.92924007287937 -5.92924007287937 -5.92924007287937 -5.92924007287937 -5.92924007287937 -5.92924007287937 -5.92924007287937 -5.92924007287937 -5.92924007287937 -5.92924007287937 -5.92924007287937 -5.92924007287937 -5.92924007287937 -5.92924007287937 -5.92924007287937 -5.92924007287937 -5.92924007287937 -5.92924007287937 -5.92924007287937 -5.92924007287937 -5.92924007287937 -5.92924007287937 -5.92924007287937 -5.92924007287937 -5.92924007287937 -5.92924007287937 -5.92924007287937 -5.92924007287937
12.21105527638191 -5.8481819873895855 -5.8481819873895855 -5.8481819873895855 -5.8481819873895855 -5.8481819873895855 -5.8481819873895855 -5.8481819873895855 -5.8481819873895855 -5.8481819873895855 -5.8481819873895855 -5.8481819873895855 -5.8481819873895855 -5.8481819873895855 -5.8481819873895855 -5.8481819873895855 -5.8481819873895855 -5.8481819873895855 -5.8481819873895855 -5.8481819873895855 -5.8481819873895855 -5.8481819873895855 -5.8481819873895855 -5.8481819873895855 -5.8481819873895855 -5.8481819873895855 -5.8481819873895855 -5.8481819873895855 -5.8481819873895855 -5.8481819873895855
12.286432160804019 -5.767123901899801 -5.767123901899801 -5.767123901899801 -5.767123901899801 -5.767123901899801 -5.767123901899801 -5.767123901899801 -5.767123901899801 -5.767123901899801 -5.767123901899801 -5.767123901899801 -5.767123901899801 -5.767123901899801 -5.767123901899801 -5.767123901899801 -5.767123901899801 -5.767123901899801 -5.767123901899801 -5.767123901899801 -5.767123901899801 -5.767123901899801 -5.767123901899801 -5.767123901899801 -5.767123901899801 -5.767123901899801 -5.767123901899801 -5.767123901899801 -5.767123901899801 -5.767123901899801
