web/models/linear/78/-18_980_0_228.dat
# %ECSV 1.0
# ---
# datatype:
# - {name: time, datatype: float64}
# - {name: sdss_u, datatype: float64}
# - {name: sdss_g, datatype: float64}
# - {name: sdss_r, datatype: float64}
# - {name: sdss_i, datatype: float64}
# - {name: sdss_z, datatype: float64}
# - {name: Clear, datatype: float64}
# - {name: johnson_B, datatype: float64}
# - {name: johnson_V, datatype: float64}
# - {name: johnson_R, datatype: float64}
# - {name: johnson_I, datatype: float64}
# - {name: ukirt_J, datatype: float64}
# - {name: ukirt_H, datatype: float64}
# - {name: ukirt_K, datatype: float64}
# meta: !!omap
# - comment: [M=-18.979591836734695, dM=0.22797045620951936]
# schema: astropy-2.0
time sdss_u sdss_g sdss_r sdss_i sdss_z Clear johnson_B johnson_V johnson_R johnson_I ukirt_J ukirt_H ukirt_K
[from data line 59]
4.447236180904522 -17.96575337570241 -17.96575337570241 -17.96575337570241 -17.96575337570241 -17.96575337570241 -17.96575337570241 -17.96575337570241 -17.96575337570241 -17.96575337570241 -17.96575337570241 -17.96575337570241 -17.96575337570241 -17.96575337570241
4.522613065326633 -17.94856967297305 -17.94856967297305 -17.94856967297305 -17.94856967297305 -17.94856967297305 -17.94856967297305 -17.94856967297305 -17.94856967297305 -17.94856967297305 -17.94856967297305 -17.94856967297305 -17.94856967297305 -17.94856967297305
4.597989949748744 -17.93138597024369 -17.93138597024369 -17.93138597024369 -17.93138597024369 -17.93138597024369 -17.93138597024369 -17.93138597024369 -17.93138597024369 -17.93138597024369 -17.93138597024369 -17.93138597024369 -17.93138597024369 -17.93138597024369
4.673366834170854 -17.914202267514327 -17.914202267514327 -17.914202267514327 -17.914202267514327 -17.914202267514327 -17.914202267514327 -17.914202267514327 -17.914202267514327 -17.914202267514327 -17.914202267514327 -17.914202267514327 -17.914202267514327 -17.914202267514327
4.748743718592964 -17.897018564784968 -17.897018564784968 -17.897018564784968 -17.897018564784968 -17.897018564784968 -17.897018564784968 -17.897018564784968 -17.897018564784968 -17.897018564784968 -17.897018564784968 -17.897018564784968 -17.897018564784968 -17.897018564784968
4.824120603015075 -17.879834862055606 -17.879834862055606 -17.879834862055606 -17.879834862055606 -17.879834862055606 -17.879834862055606 -17.879834862055606 -17.879834862055606 -17.879834862055606 -17.879834862055606 -17.879834862055606 -17.879834862055606 -17.879834862055606
4.899497487437186 -17.862651159326244 -17.862651159326244 -17.862651159326244 -17.862651159326244 -17.862651159326244 -17.862651159326244 -17.862651159326244 -17.862651159326244 -17.862651159326244 -17.862651159326244 -17.862651159326244 -17.862651159326244 -17.862651159326244
4.974874371859296 -17.845467456596886 -17.845467456596886 -17.845467456596886 -17.845467456596886 -17.845467456596886 -17.845467456596886 -17.845467456596886 -17.845467456596886 -17.845467456596886 -17.845467456596886 -17.845467456596886 -17.845467456596886 -17.845467456596886
5.050251256281406 -17.828283753867524 -17.828283753867524 -17.828283753867524 -17.828283753867524 -17.828283753867524 -17.828283753867524 -17.828283753867524 -17.828283753867524 -17.828283753867524 -17.828283753867524 -17.828283753867524 -17.828283753867524 -17.828283753867524
5.125628140703517 -17.811100051138162 -17.811100051138162 -17.811100051138162 -17.811100051138162 -17.811100051138162 -17.811100051138162 -17.811100051138162 -17.811100051138162 -17.811100051138162 -17.811100051138162 -17.811100051138162 -17.811100051138162 -17.811100051138162
5.201005025125628 -17.793916348408803 -17.793916348408803 -17.793916348408803 -17.793916348408803 -17.793916348408803 -17.793916348408803 -17.793916348408803 -17.793916348408803 -17.793916348408803 -17.793916348408803 -17.793916348408803 -17.793916348408803 -17.793916348408803
5.276381909547738 -17.77673264567944 -17.77673264567944 -17.77673264567944 -17.77673264567944 -17.77673264567944 -17.77673264567944 -17.77673264567944 -17.77673264567944 -17.77673264567944 -17.77673264567944 -17.77673264567944 -17.77673264567944 -17.77673264567944
5.351758793969848 -17.759548942950083 -17.759548942950083 -17.759548942950083 -17.759548942950083 -17.759548942950083 -17.759548942950083 -17.759548942950083 -17.759548942950083 -17.759548942950083 -17.759548942950083 -17.759548942950083 -17.759548942950083 -17.759548942950083
5.427135678391959 -17.74236524022072 -17.74236524022072 -17.74236524022072 -17.74236524022072 -17.74236524022072 -17.74236524022072 -17.74236524022072 -17.74236524022072 -17.74236524022072 -17.74236524022072 -17.74236524022072 -17.74236524022072 -17.74236524022072
5.50251256281407 -17.72518153749136 -17.72518153749136 -17.72518153749136 -17.72518153749136 -17.72518153749136 -17.72518153749136 -17.72518153749136 -17.72518153749136 -17.72518153749136 -17.72518153749136 -17.72518153749136 -17.72518153749136 -17.72518153749136
5.57788944723618 -17.707997834762 -17.707997834762 -17.707997834762 -17.707997834762 -17.707997834762 -17.707997834762 -17.707997834762 -17.707997834762 -17.707997834762 -17.707997834762 -17.707997834762 -17.707997834762 -17.707997834762
5.6532663316582905 -17.69081413203264 -17.69081413203264 -17.69081413203264 -17.69081413203264 -17.69081413203264 -17.69081413203264 -17.69081413203264 -17.69081413203264 -17.69081413203264 -17.69081413203264 -17.69081413203264 -17.69081413203264 -17.69081413203264
5.7286432160804015 -17.673630429303277 -17.673630429303277 -17.673630429303277 -17.673630429303277 -17.673630429303277 -17.673630429303277 -17.673630429303277 -17.673630429303277 -17.673630429303277 -17.673630429303277 -17.673630429303277 -17.673630429303277 -17.673630429303277
5.8040201005025125 -17.65644672657392 -17.65644672657392 -17.65644672657392 -17.65644672657392 -17.65644672657392 -17.65644672657392 -17.65644672657392 -17.65644672657392 -17.65644672657392 -17.65644672657392 -17.65644672657392 -17.65644672657392 -17.65644672657392
5.879396984924623 -17.639263023844556 -17.639263023844556 -17.639263023844556 -17.639263023844556 -17.639263023844556 -17.639263023844556 -17.639263023844556 -17.639263023844556 -17.639263023844556 -17.639263023844556 -17.639263023844556 -17.639263023844556 -17.639263023844556
5.954773869346733 -17.622079321115194 -17.622079321115194 -17.622079321115194 -17.622079321115194 -17.622079321115194 -17.622079321115194 -17.622079321115194 -17.622079321115194 -17.622079321115194 -17.622079321115194 -17.622079321115194 -17.622079321115194 -17.622079321115194
6.030150753768844 -17.604895618385836 -17.604895618385836 -17.604895618385836 -17.604895618385836 -17.604895618385836 -17.604895618385836 -17.604895618385836 -17.604895618385836 -17.604895618385836 -17.604895618385836 -17.604895618385836 -17.604895618385836 -17.604895618385836
6.105527638190955 -17.587711915656474 -17.587711915656474 -17.587711915656474 -17.587711915656474 -17.587711915656474 -17.587711915656474 -17.587711915656474 -17.587711915656474 -17.587711915656474 -17.587711915656474 -17.587711915656474 -17.587711915656474 -17.587711915656474
6.180904522613065 -17.570528212927112 -17.570528212927112 -17.570528212927112 -17.570528212927112 -17.570528212927112 -17.570528212927112 -17.570528212927112 -17.570528212927112 -17.570528212927112 -17.570528212927112 -17.570528212927112 -17.570528212927112 -17.570528212927112
6.256281407035175 -17.553344510197753 -17.553344510197753 -17.553344510197753 -17.553344510197753 -17.553344510197753 -17.553344510197753 -17.553344510197753 -17.553344510197753 -17.553344510197753 -17.553344510197753 -17.553344510197753 -17.553344510197753 -17.553344510197753
6.331658291457286 -17.53616080746839 -17.53616080746839 -17.53616080746839 -17.53616080746839 -17.53616080746839 -17.53616080746839 -17.53616080746839 -17.53616080746839 -17.53616080746839 -17.53616080746839 -17.53616080746839 -17.53616080746839 -17.53616080746839
6.407035175879397 -17.51897710473903 -17.51897710473903 -17.51897710473903 -17.51897710473903 -17.51897710473903 -17.51897710473903 -17.51897710473903 -17.51897710473903 -17.51897710473903 -17.51897710473903 -17.51897710473903 -17.51897710473903 -17.51897710473903
6.482412060301507 -17.50179340200967 -17.50179340200967 -17.50179340200967 -17.50179340200967 -17.50179340200967 -17.50179340200967 -17.50179340200967 -17.50179340200967 -17.50179340200967 -17.50179340200967 -17.50179340200967 -17.50179340200967 -17.50179340200967
6.557788944723617 -17.48460969928031 -17.48460969928031 -17.48460969928031 -17.48460969928031 -17.48460969928031 -17.48460969928031 -17.48460969928031 -17.48460969928031 -17.48460969928031 -17.48460969928031 -17.48460969928031 -17.48460969928031 -17.48460969928031
6.633165829145728 -17.467425996550947 -17.467425996550947 -17.467425996550947 -17.467425996550947 -17.467425996550947 -17.467425996550947 -17.467425996550947 -17.467425996550947 -17.467425996550947 -17.467425996550947 -17.467425996550947 -17.467425996550947 -17.467425996550947
6.708542713567839 -17.45024229382159 -17.45024229382159 -17.45024229382159 -17.45024229382159 -17.45024229382159 -17.45024229382159 -17.45024229382159 -17.45024229382159 -17.45024229382159 -17.45024229382159 -17.45024229382159 -17.45024229382159 -17.45024229382159
6.783919597989949 -17.433058591092227 -17.433058591092227 -17.433058591092227 -17.433058591092227 -17.433058591092227 -17.433058591092227 -17.433058591092227 -17.433058591092227 -17.433058591092227 -17.433058591092227 -17.433058591092227 -17.433058591092227 -17.433058591092227
6.859296482412059 -17.415874888362865 -17.415874888362865 -17.415874888362865 -17.415874888362865 -17.415874888362865 -17.415874888362865 -17.415874888362865 -17.415874888362865 -17.415874888362865 -17.415874888362865 -17.415874888362865 -17.415874888362865 -17.415874888362865
6.93467336683417 -17.398691185633506 -17.398691185633506 -17.398691185633506 -17.398691185633506 -17.398691185633506 -17.398691185633506 -17.398691185633506 -17.398691185633506 -17.398691185633506 -17.398691185633506 -17.398691185633506 -17.398691185633506 -17.398691185633506
7.010050251256281 -17.381507482904144 -17.381507482904144 -17.381507482904144 -17.381507482904144 -17.381507482904144 -17.381507482904144 -17.381507482904144 -17.381507482904144 -17.381507482904144 -17.381507482904144 -17.381507482904144 -17.381507482904144 -17.381507482904144
7.085427135678391 -17.364323780174786 -17.364323780174786 -17.364323780174786 -17.364323780174786 -17.364323780174786 -17.364323780174786 -17.364323780174786 -17.364323780174786 -17.364323780174786 -17.364323780174786 -17.364323780174786 -17.364323780174786 -17.364323780174786
7.160804020100501 -17.347140077445424 -17.347140077445424 -17.347140077445424 -17.347140077445424 -17.347140077445424 -17.347140077445424 -17.347140077445424 -17.347140077445424 -17.347140077445424 -17.347140077445424 -17.347140077445424 -17.347140077445424 -17.347140077445424
7.236180904522612 -17.329956374716062 -17.329956374716062 -17.329956374716062 -17.329956374716062 -17.329956374716062 -17.329956374716062 -17.329956374716062 -17.329956374716062 -17.329956374716062 -17.329956374716062 -17.329956374716062 -17.329956374716062 -17.329956374716062
7.311557788944723 -17.3127726719867 -17.3127726719867 -17.3127726719867 -17.3127726719867 -17.3127726719867 -17.3127726719867 -17.3127726719867 -17.3127726719867 -17.3127726719867 -17.3127726719867 -17.3127726719867 -17.3127726719867 -17.3127726719867
7.3869346733668335 -17.29558896925734 -17.29558896925734 -17.29558896925734 -17.29558896925734 -17.29558896925734 -17.29558896925734 -17.29558896925734 -17.29558896925734 -17.29558896925734 -17.29558896925734 -17.29558896925734 -17.29558896925734 -17.29558896925734
7.462311557788944 -17.27840526652798 -17.27840526652798 -17.27840526652798 -17.27840526652798 -17.27840526652798 -17.27840526652798 -17.27840526652798 -17.27840526652798 -17.27840526652798 -17.27840526652798 -17.27840526652798 -17.27840526652798 -17.27840526652798
7.537688442211055 -17.26122156379862 -17.26122156379862 -17.26122156379862 -17.26122156379862 -17.26122156379862 -17.26122156379862 -17.26122156379862 -17.26122156379862 -17.26122156379862 -17.26122156379862 -17.26122156379862 -17.26122156379862 -17.26122156379862
7.613065326633166 -17.24403786106926 -17.24403786106926 -17.24403786106926 -17.24403786106926 -17.24403786106926 -17.24403786106926 -17.24403786106926 -17.24403786106926 -17.24403786106926 -17.24403786106926 -17.24403786106926 -17.24403786106926 -17.24403786106926
7.688442211055276 -17.226854158339897 -17.226854158339897 -17.226854158339897 -17.226854158339897 -17.226854158339897 -17.226854158339897 -17.226854158339897 -17.226854158339897 -17.226854158339897 -17.226854158339897 -17.226854158339897 -17.226854158339897 -17.226854158339897
7.763819095477386 -17.20967045561054 -17.20967045561054 -17.20967045561054 -17.20967045561054 -17.20967045561054 -17.20967045561054 -17.20967045561054 -17.20967045561054 -17.20967045561054 -17.20967045561054 -17.20967045561054 -17.20967045561054 -17.20967045561054
7.839195979899497 -17.192486752881177 -17.192486752881177 -17.192486752881177 -17.192486752881177 -17.192486752881177 -17.192486752881177 -17.192486752881177 -17.192486752881177 -17.192486752881177 -17.192486752881177 -17.192486752881177 -17.192486752881177 -17.192486752881177
7.914572864321608 -17.175303050151815 -17.175303050151815 -17.175303050151815 -17.175303050151815 -17.175303050151815 -17.175303050151815 -17.175303050151815 -17.175303050151815 -17.175303050151815 -17.175303050151815 -17.175303050151815 -17.175303050151815 -17.175303050151815
7.989949748743718 -17.158119347422456 -17.158119347422456 -17.158119347422456 -17.158119347422456 -17.158119347422456 -17.158119347422456 -17.158119347422456 -17.158119347422456 -17.158119347422456 -17.158119347422456 -17.158119347422456 -17.158119347422456 -17.158119347422456
8.065326633165828 -17.140935644693094 -17.140935644693094 -17.140935644693094 -17.140935644693094 -17.140935644693094 -17.140935644693094 -17.140935644693094 -17.140935644693094 -17.140935644693094 -17.140935644693094 -17.140935644693094 -17.140935644693094 -17.140935644693094
8.140703517587939 -17.123751941963732 -17.123751941963732 -17.123751941963732 -17.123751941963732 -17.123751941963732 -17.123751941963732 -17.123751941963732 -17.123751941963732 -17.123751941963732 -17.123751941963732 -17.123751941963732 -17.123751941963732 -17.123751941963732
8.21608040201005 -17.106568239234374 -17.106568239234374 -17.106568239234374 -17.106568239234374 -17.106568239234374 -17.106568239234374 -17.106568239234374 -17.106568239234374 -17.106568239234374 -17.106568239234374 -17.106568239234374 -17.106568239234374 -17.106568239234374
8.29145728643216 -17.089384536505012 -17.089384536505012 -17.089384536505012 -17.089384536505012 -17.089384536505012 -17.089384536505012 -17.089384536505012 -17.089384536505012 -17.089384536505012 -17.089384536505012 -17.089384536505012 -17.089384536505012 -17.089384536505012
8.36683417085427 -17.07220083377565 -17.07220083377565 -17.07220083377565 -17.07220083377565 -17.07220083377565 -17.07220083377565 -17.07220083377565 -17.07220083377565 -17.07220083377565 -17.07220083377565 -17.07220083377565 -17.07220083377565 -17.07220083377565
8.442211055276381 -17.05501713104629 -17.05501713104629 -17.05501713104629 -17.05501713104629 -17.05501713104629 -17.05501713104629 -17.05501713104629 -17.05501713104629 -17.05501713104629 -17.05501713104629 -17.05501713104629 -17.05501713104629 -17.05501713104629
8.517587939698492 -17.03783342831693 -17.03783342831693 -17.03783342831693 -17.03783342831693 -17.03783342831693 -17.03783342831693 -17.03783342831693 -17.03783342831693 -17.03783342831693 -17.03783342831693 -17.03783342831693 -17.03783342831693 -17.03783342831693
8.592964824120603 -17.020649725587568 -17.020649725587568 -17.020649725587568 -17.020649725587568 -17.020649725587568 -17.020649725587568 -17.020649725587568 -17.020649725587568 -17.020649725587568 -17.020649725587568 -17.020649725587568 -17.020649725587568 -17.020649725587568
8.668341708542712 -17.00346602285821 -17.00346602285821 -17.00346602285821 -17.00346602285821 -17.00346602285821 -17.00346602285821 -17.00346602285821 -17.00346602285821 -17.00346602285821 -17.00346602285821 -17.00346602285821 -17.00346602285821 -17.00346602285821
8.743718592964823 -16.986282320128847 -16.986282320128847 -16.986282320128847 -16.986282320128847 -16.986282320128847 -16.986282320128847 -16.986282320128847 -16.986282320128847 -16.986282320128847 -16.986282320128847 -16.986282320128847 -16.986282320128847 -16.986282320128847
