web/models/linear/66/-17_878_0_090.dat
# %ECSV 1.0
# ---
# datatype:
# - {name: time, datatype: float64}
# - {name: sdss_u, datatype: float64}
# - {name: sdss_g, datatype: float64}
# - {name: sdss_r, datatype: float64}
# - {name: sdss_i, datatype: float64}
# - {name: sdss_z, datatype: float64}
# - {name: Clear, datatype: float64}
# - {name: johnson_B, datatype: float64}
# - {name: johnson_V, datatype: float64}
# - {name: johnson_R, datatype: float64}
# - {name: johnson_I, datatype: float64}
# - {name: ukirt_J, datatype: float64}
# - {name: ukirt_H, datatype: float64}
# - {name: ukirt_K, datatype: float64}
# meta: !!omap
# - comment: [M=-17.877551020408163, dM=0.08988160392874614]
# schema: astropy-2.0
time sdss_u sdss_g sdss_r sdss_i sdss_z Clear johnson_B johnson_V johnson_R johnson_I ukirt_J ukirt_H ukirt_K
0.0 -17.877551020408163 -17.877551020408163 -17.877551020408163 -17.877551020408163 -17.877551020408163 -17.877551020408163 -17.877551020408163 -17.877551020408163 -17.877551020408163 -17.877551020408163 -17.877551020408163 -17.877551020408163 -17.877551020408163
0.07537688442211055 -17.87077602513715 -17.87077602513715 -17.87077602513715 -17.87077602513715 -17.87077602513715 -17.87077602513715 -17.87077602513715 -17.87077602513715 -17.87077602513715 -17.87077602513715 -17.87077602513715 -17.87077602513715 -17.87077602513715
0.1507537688442211 -17.86400102986614 -17.86400102986614 -17.86400102986614 -17.86400102986614 -17.86400102986614 -17.86400102986614 -17.86400102986614 -17.86400102986614 -17.86400102986614 -17.86400102986614 -17.86400102986614 -17.86400102986614 -17.86400102986614
0.22613065326633164 -17.85722603459513 -17.85722603459513 -17.85722603459513 -17.85722603459513 -17.85722603459513 -17.85722603459513 -17.85722603459513 -17.85722603459513 -17.85722603459513 -17.85722603459513 -17.85722603459513 -17.85722603459513 -17.85722603459513
0.3015075376884422 -17.850451039324117 -17.850451039324117 -17.850451039324117 -17.850451039324117 -17.850451039324117 -17.850451039324117 -17.850451039324117 -17.850451039324117 -17.850451039324117 -17.850451039324117 -17.850451039324117 -17.850451039324117 -17.850451039324117
0.37688442211055273 -17.843676044053108 -17.843676044053108 -17.843676044053108 -17.843676044053108 -17.843676044053108 -17.843676044053108 -17.843676044053108 -17.843676044053108 -17.843676044053108 -17.843676044053108 -17.843676044053108 -17.843676044053108 -17.843676044053108
0.4522613065326633 -17.836901048782096 -17.836901048782096 -17.836901048782096 -17.836901048782096 -17.836901048782096 -17.836901048782096 -17.836901048782096 -17.836901048782096 -17.836901048782096 -17.836901048782096 -17.836901048782096 -17.836901048782096 -17.836901048782096
0.5276381909547738 -17.830126053511087 -17.830126053511087 -17.830126053511087 -17.830126053511087 -17.830126053511087 -17.830126053511087 -17.830126053511087 -17.830126053511087 -17.830126053511087 -17.830126053511087 -17.830126053511087 -17.830126053511087 -17.830126053511087
0.6030150753768844 -17.823351058240075 -17.823351058240075 -17.823351058240075 -17.823351058240075 -17.823351058240075 -17.823351058240075 -17.823351058240075 -17.823351058240075 -17.823351058240075 -17.823351058240075 -17.823351058240075 -17.823351058240075 -17.823351058240075
0.6783919597989949 -17.816576062969062 -17.816576062969062 -17.816576062969062 -17.816576062969062 -17.816576062969062 -17.816576062969062 -17.816576062969062 -17.816576062969062 -17.816576062969062 -17.816576062969062 -17.816576062969062 -17.816576062969062 -17.816576062969062
0.7537688442211055 -17.809801067698054 -17.809801067698054 -17.809801067698054 -17.809801067698054 -17.809801067698054 -17.809801067698054 -17.809801067698054 -17.809801067698054 -17.809801067698054 -17.809801067698054 -17.809801067698054 -17.809801067698054 -17.809801067698054
0.829145728643216 -17.80302607242704 -17.80302607242704 -17.80302607242704 -17.80302607242704 -17.80302607242704 -17.80302607242704 -17.80302607242704 -17.80302607242704 -17.80302607242704 -17.80302607242704 -17.80302607242704 -17.80302607242704 -17.80302607242704
0.9045226130653266 -17.79625107715603 -17.79625107715603 -17.79625107715603 -17.79625107715603 -17.79625107715603 -17.79625107715603 -17.79625107715603 -17.79625107715603 -17.79625107715603 -17.79625107715603 -17.79625107715603 -17.79625107715603 -17.79625107715603
0.9798994974874371 -17.78947608188502 -17.78947608188502 -17.78947608188502 -17.78947608188502 -17.78947608188502 -17.78947608188502 -17.78947608188502 -17.78947608188502 -17.78947608188502 -17.78947608188502 -17.78947608188502 -17.78947608188502 -17.78947608188502
1.0552763819095476 -17.782701086614008 -17.782701086614008 -17.782701086614008 -17.782701086614008 -17.782701086614008 -17.782701086614008 -17.782701086614008 -17.782701086614008 -17.782701086614008 -17.782701086614008 -17.782701086614008 -17.782701086614008 -17.782701086614008
1.1306532663316582 -17.775926091343 -17.775926091343 -17.775926091343 -17.775926091343 -17.775926091343 -17.775926091343 -17.775926091343 -17.775926091343 -17.775926091343 -17.775926091343 -17.775926091343 -17.775926091343 -17.775926091343
1.2060301507537687 -17.769151096071987 -17.769151096071987 -17.769151096071987 -17.769151096071987 -17.769151096071987 -17.769151096071987 -17.769151096071987 -17.769151096071987 -17.769151096071987 -17.769151096071987 -17.769151096071987 -17.769151096071987 -17.769151096071987
1.2814070351758793 -17.762376100800974 -17.762376100800974 -17.762376100800974 -17.762376100800974 -17.762376100800974 -17.762376100800974 -17.762376100800974 -17.762376100800974 -17.762376100800974 -17.762376100800974 -17.762376100800974 -17.762376100800974 -17.762376100800974
1.3567839195979898 -17.755601105529966 -17.755601105529966 -17.755601105529966 -17.755601105529966 -17.755601105529966 -17.755601105529966 -17.755601105529966 -17.755601105529966 -17.755601105529966 -17.755601105529966 -17.755601105529966 -17.755601105529966 -17.755601105529966
1.4321608040201004 -17.748826110258953 -17.748826110258953 -17.748826110258953 -17.748826110258953 -17.748826110258953 -17.748826110258953 -17.748826110258953 -17.748826110258953 -17.748826110258953 -17.748826110258953 -17.748826110258953 -17.748826110258953 -17.748826110258953
1.507537688442211 -17.74205111498794 -17.74205111498794 -17.74205111498794 -17.74205111498794 -17.74205111498794 -17.74205111498794 -17.74205111498794 -17.74205111498794 -17.74205111498794 -17.74205111498794 -17.74205111498794 -17.74205111498794 -17.74205111498794
1.5829145728643215 -17.735276119716932 -17.735276119716932 -17.735276119716932 -17.735276119716932 -17.735276119716932 -17.735276119716932 -17.735276119716932 -17.735276119716932 -17.735276119716932 -17.735276119716932 -17.735276119716932 -17.735276119716932 -17.735276119716932
1.658291457286432 -17.72850112444592 -17.72850112444592 -17.72850112444592 -17.72850112444592 -17.72850112444592 -17.72850112444592 -17.72850112444592 -17.72850112444592 -17.72850112444592 -17.72850112444592 -17.72850112444592 -17.72850112444592 -17.72850112444592
1.7336683417085426 -17.72172612917491 -17.72172612917491 -17.72172612917491 -17.72172612917491 -17.72172612917491 -17.72172612917491 -17.72172612917491 -17.72172612917491 -17.72172612917491 -17.72172612917491 -17.72172612917491 -17.72172612917491 -17.72172612917491
1.809045226130653 -17.7149511339039 -17.7149511339039 -17.7149511339039 -17.7149511339039 -17.7149511339039 -17.7149511339039 -17.7149511339039 -17.7149511339039 -17.7149511339039 -17.7149511339039 -17.7149511339039 -17.7149511339039 -17.7149511339039
1.8844221105527637 -17.708176138632886 -17.708176138632886 -17.708176138632886 -17.708176138632886 -17.708176138632886 -17.708176138632886 -17.708176138632886 -17.708176138632886 -17.708176138632886 -17.708176138632886 -17.708176138632886 -17.708176138632886 -17.708176138632886
1.9597989949748742 -17.701401143361878 -17.701401143361878 -17.701401143361878 -17.701401143361878 -17.701401143361878 -17.701401143361878 -17.701401143361878 -17.701401143361878 -17.701401143361878 -17.701401143361878 -17.701401143361878 -17.701401143361878 -17.701401143361878
2.0351758793969847 -17.694626148090865 -17.694626148090865 -17.694626148090865 -17.694626148090865 -17.694626148090865 -17.694626148090865 -17.694626148090865 -17.694626148090865 -17.694626148090865 -17.694626148090865 -17.694626148090865 -17.694626148090865 -17.694626148090865
2.1105527638190953 -17.687851152819853 -17.687851152819853 -17.687851152819853 -17.687851152819853 -17.687851152819853 -17.687851152819853 -17.687851152819853 -17.687851152819853 -17.687851152819853 -17.687851152819853 -17.687851152819853 -17.687851152819853 -17.687851152819853
2.185929648241206 -17.681076157548844 -17.681076157548844 -17.681076157548844 -17.681076157548844 -17.681076157548844 -17.681076157548844 -17.681076157548844 -17.681076157548844 -17.681076157548844 -17.681076157548844 -17.681076157548844 -17.681076157548844 -17.681076157548844
2.2613065326633164 -17.674301162277832 -17.674301162277832 -17.674301162277832 -17.674301162277832 -17.674301162277832 -17.674301162277832 -17.674301162277832 -17.674301162277832 -17.674301162277832 -17.674301162277832 -17.674301162277832 -17.674301162277832 -17.674301162277832
2.336683417085427 -17.66752616700682 -17.66752616700682 -17.66752616700682 -17.66752616700682 -17.66752616700682 -17.66752616700682 -17.66752616700682 -17.66752616700682 -17.66752616700682 -17.66752616700682 -17.66752616700682 -17.66752616700682 -17.66752616700682
2.4120603015075375 -17.66075117173581 -17.66075117173581 -17.66075117173581 -17.66075117173581 -17.66075117173581 -17.66075117173581 -17.66075117173581 -17.66075117173581 -17.66075117173581 -17.66075117173581 -17.66075117173581 -17.66075117173581 -17.66075117173581
2.487437185929648 -17.6539761764648 -17.6539761764648 -17.6539761764648 -17.6539761764648 -17.6539761764648 -17.6539761764648 -17.6539761764648 -17.6539761764648 -17.6539761764648 -17.6539761764648 -17.6539761764648 -17.6539761764648 -17.6539761764648
2.5628140703517586 -17.64720118119379 -17.64720118119379 -17.64720118119379 -17.64720118119379 -17.64720118119379 -17.64720118119379 -17.64720118119379 -17.64720118119379 -17.64720118119379 -17.64720118119379 -17.64720118119379 -17.64720118119379 -17.64720118119379
2.638190954773869 -17.640426185922777 -17.640426185922777 -17.640426185922777 -17.640426185922777 -17.640426185922777 -17.640426185922777 -17.640426185922777 -17.640426185922777 -17.640426185922777 -17.640426185922777 -17.640426185922777 -17.640426185922777 -17.640426185922777
2.7135678391959797 -17.633651190651765 -17.633651190651765 -17.633651190651765 -17.633651190651765 -17.633651190651765 -17.633651190651765 -17.633651190651765 -17.633651190651765 -17.633651190651765 -17.633651190651765 -17.633651190651765 -17.633651190651765 -17.633651190651765
2.78894472361809 -17.626876195380756 -17.626876195380756 -17.626876195380756 -17.626876195380756 -17.626876195380756 -17.626876195380756 -17.626876195380756 -17.626876195380756 -17.626876195380756 -17.626876195380756 -17.626876195380756 -17.626876195380756 -17.626876195380756
2.8643216080402008 -17.620101200109744 -17.620101200109744 -17.620101200109744 -17.620101200109744 -17.620101200109744 -17.620101200109744 -17.620101200109744 -17.620101200109744 -17.620101200109744 -17.620101200109744 -17.620101200109744 -17.620101200109744 -17.620101200109744
2.9396984924623113 -17.61332620483873 -17.61332620483873 -17.61332620483873 -17.61332620483873 -17.61332620483873 -17.61332620483873 -17.61332620483873 -17.61332620483873 -17.61332620483873 -17.61332620483873 -17.61332620483873 -17.61332620483873 -17.61332620483873
3.015075376884422 -17.606551209567723 -17.606551209567723 -17.606551209567723 -17.606551209567723 -17.606551209567723 -17.606551209567723 -17.606551209567723 -17.606551209567723 -17.606551209567723 -17.606551209567723 -17.606551209567723 -17.606551209567723 -17.606551209567723
3.0904522613065324 -17.59977621429671 -17.59977621429671 -17.59977621429671 -17.59977621429671 -17.59977621429671 -17.59977621429671 -17.59977621429671 -17.59977621429671 -17.59977621429671 -17.59977621429671 -17.59977621429671 -17.59977621429671 -17.59977621429671
3.165829145728643 -17.5930012190257 -17.5930012190257 -17.5930012190257 -17.5930012190257 -17.5930012190257 -17.5930012190257 -17.5930012190257 -17.5930012190257 -17.5930012190257 -17.5930012190257 -17.5930012190257 -17.5930012190257 -17.5930012190257
3.2412060301507535 -17.58622622375469 -17.58622622375469 -17.58622622375469 -17.58622622375469 -17.58622622375469 -17.58622622375469 -17.58622622375469 -17.58622622375469 -17.58622622375469 -17.58622622375469 -17.58622622375469 -17.58622622375469 -17.58622622375469
3.316582914572864 -17.579451228483677 -17.579451228483677 -17.579451228483677 -17.579451228483677 -17.579451228483677 -17.579451228483677 -17.579451228483677 -17.579451228483677 -17.579451228483677 -17.579451228483677 -17.579451228483677 -17.579451228483677 -17.579451228483677
3.3919597989949746 -17.57267623321267 -17.57267623321267 -17.57267623321267 -17.57267623321267 -17.57267623321267 -17.57267623321267 -17.57267623321267 -17.57267623321267 -17.57267623321267 -17.57267623321267 -17.57267623321267 -17.57267623321267 -17.57267623321267
3.467336683417085 -17.565901237941656 -17.565901237941656 -17.565901237941656 -17.565901237941656 -17.565901237941656 -17.565901237941656 -17.565901237941656 -17.565901237941656 -17.565901237941656 -17.565901237941656 -17.565901237941656 -17.565901237941656 -17.565901237941656
3.5427135678391957 -17.559126242670644 -17.559126242670644 -17.559126242670644 -17.559126242670644 -17.559126242670644 -17.559126242670644 -17.559126242670644 -17.559126242670644 -17.559126242670644 -17.559126242670644 -17.559126242670644 -17.559126242670644 -17.559126242670644
3.618090452261306 -17.552351247399635 -17.552351247399635 -17.552351247399635 -17.552351247399635 -17.552351247399635 -17.552351247399635 -17.552351247399635 -17.552351247399635 -17.552351247399635 -17.552351247399635 -17.552351247399635 -17.552351247399635 -17.552351247399635
3.6934673366834168 -17.545576252128622 -17.545576252128622 -17.545576252128622 -17.545576252128622 -17.545576252128622 -17.545576252128622 -17.545576252128622 -17.545576252128622 -17.545576252128622 -17.545576252128622 -17.545576252128622 -17.545576252128622 -17.545576252128622
3.7688442211055273 -17.53880125685761 -17.53880125685761 -17.53880125685761 -17.53880125685761 -17.53880125685761 -17.53880125685761 -17.53880125685761 -17.53880125685761 -17.53880125685761 -17.53880125685761 -17.53880125685761 -17.53880125685761 -17.53880125685761
3.844221105527638 -17.5320262615866 -17.5320262615866 -17.5320262615866 -17.5320262615866 -17.5320262615866 -17.5320262615866 -17.5320262615866 -17.5320262615866 -17.5320262615866 -17.5320262615866 -17.5320262615866 -17.5320262615866 -17.5320262615866
3.9195979899497484 -17.52525126631559 -17.52525126631559 -17.52525126631559 -17.52525126631559 -17.52525126631559 -17.52525126631559 -17.52525126631559 -17.52525126631559 -17.52525126631559 -17.52525126631559 -17.52525126631559 -17.52525126631559 -17.52525126631559
3.994974874371859 -17.51847627104458 -17.51847627104458 -17.51847627104458 -17.51847627104458 -17.51847627104458 -17.51847627104458 -17.51847627104458 -17.51847627104458 -17.51847627104458 -17.51847627104458 -17.51847627104458 -17.51847627104458 -17.51847627104458
4.0703517587939695 -17.511701275773568 -17.511701275773568 -17.511701275773568 -17.511701275773568 -17.511701275773568 -17.511701275773568 -17.511701275773568 -17.511701275773568 -17.511701275773568 -17.511701275773568 -17.511701275773568 -17.511701275773568 -17.511701275773568
4.14572864321608 -17.504926280502556 -17.504926280502556 -17.504926280502556 -17.504926280502556 -17.504926280502556 -17.504926280502556 -17.504926280502556 -17.504926280502556 -17.504926280502556 -17.504926280502556 -17.504926280502556 -17.504926280502556 -17.504926280502556
4.221105527638191 -17.498151285231547 -17.498151285231547 -17.498151285231547 -17.498151285231547 -17.498151285231547 -17.498151285231547 -17.498151285231547 -17.498151285231547 -17.498151285231547 -17.498151285231547 -17.498151285231547 -17.498151285231547 -17.498151285231547
4.296482412060302 -17.491376289960535 -17.491376289960535 -17.491376289960535 -17.491376289960535 -17.491376289960535 -17.491376289960535 -17.491376289960535 -17.491376289960535 -17.491376289960535 -17.491376289960535 -17.491376289960535 -17.491376289960535 -17.491376289960535
