web/models/linear/66/-17_878_0_311.dat
# %ECSV 1.0
# ---
# datatype:
# - {name: time, datatype: float64}
# - {name: sdss_u, datatype: float64}
# - {name: sdss_g, datatype: float64}
# - {name: sdss_r, datatype: float64}
# - {name: sdss_i, datatype: float64}
# - {name: sdss_z, datatype: float64}
# - {name: Clear, datatype: float64}
# - {name: johnson_B, datatype: float64}
# - {name: johnson_V, datatype: float64}
# - {name: johnson_R, datatype: float64}
# - {name: johnson_I, datatype: float64}
# - {name: ukirt_J, datatype: float64}
# - {name: ukirt_H, datatype: float64}
# - {name: ukirt_K, datatype: float64}
# meta: !!omap
# - comment: [M=-17.877551020408163, dM=0.3108955361862286]
# schema: astropy-2.0
time sdss_u sdss_g sdss_r sdss_i sdss_z Clear johnson_B johnson_V johnson_R johnson_I ukirt_J ukirt_H ukirt_K
0.0 -17.877551020408163 -17.877551020408163 -17.877551020408163 -17.877551020408163 -17.877551020408163 -17.877551020408163 -17.877551020408163 -17.877551020408163 -17.877551020408163 -17.877551020408163 -17.877551020408163 -17.877551020408163 -17.877551020408163
0.07537688442211055 -17.8541166835097 -17.8541166835097 -17.8541166835097 -17.8541166835097 -17.8541166835097 -17.8541166835097 -17.8541166835097 -17.8541166835097 -17.8541166835097 -17.8541166835097 -17.8541166835097 -17.8541166835097 -17.8541166835097
0.1507537688442211 -17.830682346611244 -17.830682346611244 -17.830682346611244 -17.830682346611244 -17.830682346611244 -17.830682346611244 -17.830682346611244 -17.830682346611244 -17.830682346611244 -17.830682346611244 -17.830682346611244 -17.830682346611244 -17.830682346611244
0.22613065326633164 -17.807248009712783 -17.807248009712783 -17.807248009712783 -17.807248009712783 -17.807248009712783 -17.807248009712783 -17.807248009712783 -17.807248009712783 -17.807248009712783 -17.807248009712783 -17.807248009712783 -17.807248009712783 -17.807248009712783
0.3015075376884422 -17.783813672814325 -17.783813672814325 -17.783813672814325 -17.783813672814325 -17.783813672814325 -17.783813672814325 -17.783813672814325 -17.783813672814325 -17.783813672814325 -17.783813672814325 -17.783813672814325 -17.783813672814325 -17.783813672814325
0.37688442211055273 -17.760379335915864 -17.760379335915864 -17.760379335915864 -17.760379335915864 -17.760379335915864 -17.760379335915864 -17.760379335915864 -17.760379335915864 -17.760379335915864 -17.760379335915864 -17.760379335915864 -17.760379335915864 -17.760379335915864
0.4522613065326633 -17.736944999017407 -17.736944999017407 -17.736944999017407 -17.736944999017407 -17.736944999017407 -17.736944999017407 -17.736944999017407 -17.736944999017407 -17.736944999017407 -17.736944999017407 -17.736944999017407 -17.736944999017407 -17.736944999017407
0.5276381909547738 -17.713510662118946 -17.713510662118946 -17.713510662118946 -17.713510662118946 -17.713510662118946 -17.713510662118946 -17.713510662118946 -17.713510662118946 -17.713510662118946 -17.713510662118946 -17.713510662118946 -17.713510662118946 -17.713510662118946
0.6030150753768844 -17.69007632522049 -17.69007632522049 -17.69007632522049 -17.69007632522049 -17.69007632522049 -17.69007632522049 -17.69007632522049 -17.69007632522049 -17.69007632522049 -17.69007632522049 -17.69007632522049 -17.69007632522049 -17.69007632522049
0.6783919597989949 -17.666641988322027 -17.666641988322027 -17.666641988322027 -17.666641988322027 -17.666641988322027 -17.666641988322027 -17.666641988322027 -17.666641988322027 -17.666641988322027 -17.666641988322027 -17.666641988322027 -17.666641988322027 -17.666641988322027
0.7537688442211055 -17.64320765142357 -17.64320765142357 -17.64320765142357 -17.64320765142357 -17.64320765142357 -17.64320765142357 -17.64320765142357 -17.64320765142357 -17.64320765142357 -17.64320765142357 -17.64320765142357 -17.64320765142357 -17.64320765142357
0.829145728643216 -17.61977331452511 -17.61977331452511 -17.61977331452511 -17.61977331452511 -17.61977331452511 -17.61977331452511 -17.61977331452511 -17.61977331452511 -17.61977331452511 -17.61977331452511 -17.61977331452511 -17.61977331452511 -17.61977331452511
0.9045226130653266 -17.59633897762665 -17.59633897762665 -17.59633897762665 -17.59633897762665 -17.59633897762665 -17.59633897762665 -17.59633897762665 -17.59633897762665 -17.59633897762665 -17.59633897762665 -17.59633897762665 -17.59633897762665 -17.59633897762665
0.9798994974874371 -17.57290464072819 -17.57290464072819 -17.57290464072819 -17.57290464072819 -17.57290464072819 -17.57290464072819 -17.57290464072819 -17.57290464072819 -17.57290464072819 -17.57290464072819 -17.57290464072819 -17.57290464072819 -17.57290464072819
1.0552763819095476 -17.54947030382973 -17.54947030382973 -17.54947030382973 -17.54947030382973 -17.54947030382973 -17.54947030382973 -17.54947030382973 -17.54947030382973 -17.54947030382973 -17.54947030382973 -17.54947030382973 -17.54947030382973 -17.54947030382973
1.1306532663316582 -17.52603596693127 -17.52603596693127 -17.52603596693127 -17.52603596693127 -17.52603596693127 -17.52603596693127 -17.52603596693127 -17.52603596693127 -17.52603596693127 -17.52603596693127 -17.52603596693127 -17.52603596693127 -17.52603596693127
1.2060301507537687 -17.50260163003281 -17.50260163003281 -17.50260163003281 -17.50260163003281 -17.50260163003281 -17.50260163003281 -17.50260163003281 -17.50260163003281 -17.50260163003281 -17.50260163003281 -17.50260163003281 -17.50260163003281 -17.50260163003281
1.2814070351758793 -17.479167293134353 -17.479167293134353 -17.479167293134353 -17.479167293134353 -17.479167293134353 -17.479167293134353 -17.479167293134353 -17.479167293134353 -17.479167293134353 -17.479167293134353 -17.479167293134353 -17.479167293134353 -17.479167293134353
1.3567839195979898 -17.45573295623589 -17.45573295623589 -17.45573295623589 -17.45573295623589 -17.45573295623589 -17.45573295623589 -17.45573295623589 -17.45573295623589 -17.45573295623589 -17.45573295623589 -17.45573295623589 -17.45573295623589 -17.45573295623589
1.4321608040201004 -17.432298619337434 -17.432298619337434 -17.432298619337434 -17.432298619337434 -17.432298619337434 -17.432298619337434 -17.432298619337434 -17.432298619337434 -17.432298619337434 -17.432298619337434 -17.432298619337434 -17.432298619337434 -17.432298619337434
1.507537688442211 -17.408864282438973 -17.408864282438973 -17.408864282438973 -17.408864282438973 -17.408864282438973 -17.408864282438973 -17.408864282438973 -17.408864282438973 -17.408864282438973 -17.408864282438973 -17.408864282438973 -17.408864282438973 -17.408864282438973
1.5829145728643215 -17.385429945540515 -17.385429945540515 -17.385429945540515 -17.385429945540515 -17.385429945540515 -17.385429945540515 -17.385429945540515 -17.385429945540515 -17.385429945540515 -17.385429945540515 -17.385429945540515 -17.385429945540515 -17.385429945540515
1.658291457286432 -17.361995608642054 -17.361995608642054 -17.361995608642054 -17.361995608642054 -17.361995608642054 -17.361995608642054 -17.361995608642054 -17.361995608642054 -17.361995608642054 -17.361995608642054 -17.361995608642054 -17.361995608642054 -17.361995608642054
1.7336683417085426 -17.338561271743597 -17.338561271743597 -17.338561271743597 -17.338561271743597 -17.338561271743597 -17.338561271743597 -17.338561271743597 -17.338561271743597 -17.338561271743597 -17.338561271743597 -17.338561271743597 -17.338561271743597 -17.338561271743597
1.809045226130653 -17.315126934845136 -17.315126934845136 -17.315126934845136 -17.315126934845136 -17.315126934845136 -17.315126934845136 -17.315126934845136 -17.315126934845136 -17.315126934845136 -17.315126934845136 -17.315126934845136 -17.315126934845136 -17.315126934845136
1.8844221105527637 -17.29169259794668 -17.29169259794668 -17.29169259794668 -17.29169259794668 -17.29169259794668 -17.29169259794668 -17.29169259794668 -17.29169259794668 -17.29169259794668 -17.29169259794668 -17.29169259794668 -17.29169259794668 -17.29169259794668
1.9597989949748742 -17.268258261048217 -17.268258261048217 -17.268258261048217 -17.268258261048217 -17.268258261048217 -17.268258261048217 -17.268258261048217 -17.268258261048217 -17.268258261048217 -17.268258261048217 -17.268258261048217 -17.268258261048217 -17.268258261048217
2.0351758793969847 -17.244823924149756 -17.244823924149756 -17.244823924149756 -17.244823924149756 -17.244823924149756 -17.244823924149756 -17.244823924149756 -17.244823924149756 -17.244823924149756 -17.244823924149756 -17.244823924149756 -17.244823924149756 -17.244823924149756
2.1105527638190953 -17.2213895872513 -17.2213895872513 -17.2213895872513 -17.2213895872513 -17.2213895872513 -17.2213895872513 -17.2213895872513 -17.2213895872513 -17.2213895872513 -17.2213895872513 -17.2213895872513 -17.2213895872513 -17.2213895872513
2.185929648241206 -17.197955250352837 -17.197955250352837 -17.197955250352837 -17.197955250352837 -17.197955250352837 -17.197955250352837 -17.197955250352837 -17.197955250352837 -17.197955250352837 -17.197955250352837 -17.197955250352837 -17.197955250352837 -17.197955250352837
2.2613065326633164 -17.17452091345438 -17.17452091345438 -17.17452091345438 -17.17452091345438 -17.17452091345438 -17.17452091345438 -17.17452091345438 -17.17452091345438 -17.17452091345438 -17.17452091345438 -17.17452091345438 -17.17452091345438 -17.17452091345438
2.336683417085427 -17.15108657655592 -17.15108657655592 -17.15108657655592 -17.15108657655592 -17.15108657655592 -17.15108657655592 -17.15108657655592 -17.15108657655592 -17.15108657655592 -17.15108657655592 -17.15108657655592 -17.15108657655592 -17.15108657655592
2.4120603015075375 -17.12765223965746 -17.12765223965746 -17.12765223965746 -17.12765223965746 -17.12765223965746 -17.12765223965746 -17.12765223965746 -17.12765223965746 -17.12765223965746 -17.12765223965746 -17.12765223965746 -17.12765223965746 -17.12765223965746
2.487437185929648 -17.104217902759 -17.104217902759 -17.104217902759 -17.104217902759 -17.104217902759 -17.104217902759 -17.104217902759 -17.104217902759 -17.104217902759 -17.104217902759 -17.104217902759 -17.104217902759 -17.104217902759
2.5628140703517586 -17.080783565860543 -17.080783565860543 -17.080783565860543 -17.080783565860543 -17.080783565860543 -17.080783565860543 -17.080783565860543 -17.080783565860543 -17.080783565860543 -17.080783565860543 -17.080783565860543 -17.080783565860543 -17.080783565860543
2.638190954773869 -17.05734922896208 -17.05734922896208 -17.05734922896208 -17.05734922896208 -17.05734922896208 -17.05734922896208 -17.05734922896208 -17.05734922896208 -17.05734922896208 -17.05734922896208 -17.05734922896208 -17.05734922896208 -17.05734922896208
2.7135678391959797 -17.033914892063624 -17.033914892063624 -17.033914892063624 -17.033914892063624 -17.033914892063624 -17.033914892063624 -17.033914892063624 -17.033914892063624 -17.033914892063624 -17.033914892063624 -17.033914892063624 -17.033914892063624 -17.033914892063624
2.78894472361809 -17.010480555165163 -17.010480555165163 -17.010480555165163 -17.010480555165163 -17.010480555165163 -17.010480555165163 -17.010480555165163 -17.010480555165163 -17.010480555165163 -17.010480555165163 -17.010480555165163 -17.010480555165163 -17.010480555165163
2.8643216080402008 -16.987046218266705 -16.987046218266705 -16.987046218266705 -16.987046218266705 -16.987046218266705 -16.987046218266705 -16.987046218266705 -16.987046218266705 -16.987046218266705 -16.987046218266705 -16.987046218266705 -16.987046218266705 -16.987046218266705
2.9396984924623113 -16.963611881368244 -16.963611881368244 -16.963611881368244 -16.963611881368244 -16.963611881368244 -16.963611881368244 -16.963611881368244 -16.963611881368244 -16.963611881368244 -16.963611881368244 -16.963611881368244 -16.963611881368244 -16.963611881368244
3.015075376884422 -16.940177544469783 -16.940177544469783 -16.940177544469783 -16.940177544469783 -16.940177544469783 -16.940177544469783 -16.940177544469783 -16.940177544469783 -16.940177544469783 -16.940177544469783 -16.940177544469783 -16.940177544469783 -16.940177544469783
3.0904522613065324 -16.916743207571326 -16.916743207571326 -16.916743207571326 -16.916743207571326 -16.916743207571326 -16.916743207571326 -16.916743207571326 -16.916743207571326 -16.916743207571326 -16.916743207571326 -16.916743207571326 -16.916743207571326 -16.916743207571326
3.165829145728643 -16.893308870672865 -16.893308870672865 -16.893308870672865 -16.893308870672865 -16.893308870672865 -16.893308870672865 -16.893308870672865 -16.893308870672865 -16.893308870672865 -16.893308870672865 -16.893308870672865 -16.893308870672865 -16.893308870672865
3.2412060301507535 -16.869874533774407 -16.869874533774407 -16.869874533774407 -16.869874533774407 -16.869874533774407 -16.869874533774407 -16.869874533774407 -16.869874533774407 -16.869874533774407 -16.869874533774407 -16.869874533774407 -16.869874533774407 -16.869874533774407
3.316582914572864 -16.846440196875946 -16.846440196875946 -16.846440196875946 -16.846440196875946 -16.846440196875946 -16.846440196875946 -16.846440196875946 -16.846440196875946 -16.846440196875946 -16.846440196875946 -16.846440196875946 -16.846440196875946 -16.846440196875946
3.3919597989949746 -16.82300585997749 -16.82300585997749 -16.82300585997749 -16.82300585997749 -16.82300585997749 -16.82300585997749 -16.82300585997749 -16.82300585997749 -16.82300585997749 -16.82300585997749 -16.82300585997749 -16.82300585997749 -16.82300585997749
3.467336683417085 -16.799571523079027 -16.799571523079027 -16.799571523079027 -16.799571523079027 -16.799571523079027 -16.799571523079027 -16.799571523079027 -16.799571523079027 -16.799571523079027 -16.799571523079027 -16.799571523079027 -16.799571523079027 -16.799571523079027
3.5427135678391957 -16.77613718618057 -16.77613718618057 -16.77613718618057 -16.77613718618057 -16.77613718618057 -16.77613718618057 -16.77613718618057 -16.77613718618057 -16.77613718618057 -16.77613718618057 -16.77613718618057 -16.77613718618057 -16.77613718618057
3.618090452261306 -16.75270284928211 -16.75270284928211 -16.75270284928211 -16.75270284928211 -16.75270284928211 -16.75270284928211 -16.75270284928211 -16.75270284928211 -16.75270284928211 -16.75270284928211 -16.75270284928211 -16.75270284928211 -16.75270284928211
3.6934673366834168 -16.72926851238365 -16.72926851238365 -16.72926851238365 -16.72926851238365 -16.72926851238365 -16.72926851238365 -16.72926851238365 -16.72926851238365 -16.72926851238365 -16.72926851238365 -16.72926851238365 -16.72926851238365 -16.72926851238365
3.7688442211055273 -16.70583417548519 -16.70583417548519 -16.70583417548519 -16.70583417548519 -16.70583417548519 -16.70583417548519 -16.70583417548519 -16.70583417548519 -16.70583417548519 -16.70583417548519 -16.70583417548519 -16.70583417548519 -16.70583417548519
3.844221105527638 -16.682399838586733 -16.682399838586733 -16.682399838586733 -16.682399838586733 -16.682399838586733 -16.682399838586733 -16.682399838586733 -16.682399838586733 -16.682399838586733 -16.682399838586733 -16.682399838586733 -16.682399838586733 -16.682399838586733
3.9195979899497484 -16.65896550168827 -16.65896550168827 -16.65896550168827 -16.65896550168827 -16.65896550168827 -16.65896550168827 -16.65896550168827 -16.65896550168827 -16.65896550168827 -16.65896550168827 -16.65896550168827 -16.65896550168827 -16.65896550168827
3.994974874371859 -16.63553116478981 -16.63553116478981 -16.63553116478981 -16.63553116478981 -16.63553116478981 -16.63553116478981 -16.63553116478981 -16.63553116478981 -16.63553116478981 -16.63553116478981 -16.63553116478981 -16.63553116478981 -16.63553116478981
4.0703517587939695 -16.612096827891353 -16.612096827891353 -16.612096827891353 -16.612096827891353 -16.612096827891353 -16.612096827891353 -16.612096827891353 -16.612096827891353 -16.612096827891353 -16.612096827891353 -16.612096827891353 -16.612096827891353 -16.612096827891353
4.14572864321608 -16.588662490992892 -16.588662490992892 -16.588662490992892 -16.588662490992892 -16.588662490992892 -16.588662490992892 -16.588662490992892 -16.588662490992892 -16.588662490992892 -16.588662490992892 -16.588662490992892 -16.588662490992892 -16.588662490992892
4.221105527638191 -16.565228154094434 -16.565228154094434 -16.565228154094434 -16.565228154094434 -16.565228154094434 -16.565228154094434 -16.565228154094434 -16.565228154094434 -16.565228154094434 -16.565228154094434 -16.565228154094434 -16.565228154094434 -16.565228154094434
4.296482412060302 -16.541793817195973 -16.541793817195973 -16.541793817195973 -16.541793817195973 -16.541793817195973 -16.541793817195973 -16.541793817195973 -16.541793817195973 -16.541793817195973 -16.541793817195973 -16.541793817195973 -16.541793817195973 -16.541793817195973
