web/models/grb/offaxis/5/grb_0.2967_26.8270_0.0000100.dat
# %ECSV 1.0
# ---
# datatype:
# - {name: time, datatype: float64}
# - {name: swift_uvot_uvw2, datatype: float64}
# - {name: swift_uvot_uvm2, datatype: float64}
# - {name: swift_uvot_uvw1, datatype: float64}
# - {name: swift_uvot_U, datatype: float64}
# - {name: swift_uvot_B, datatype: float64}
# - {name: swift_uvot_V, datatype: float64}
# - {name: swift_uvot_W, datatype: float64}
# - {name: johnson_U, datatype: float64}
# - {name: johnson_B, datatype: float64}
# - {name: johnson_V, datatype: float64}
# - {name: johnson_R, datatype: float64}
# - {name: johnson_I, datatype: float64}
# - {name: sdss_u, datatype: float64}
# - {name: sdss_g, datatype: float64}
# - {name: sdss_r, datatype: float64}
# - {name: sdss_i, datatype: float64}
# - {name: sdss_z, datatype: float64}
# - {name: PS1_g, datatype: float64}
# - {name: PS1_r, datatype: float64}
# - {name: PS1_i, datatype: float64}
# - {name: PS1_z, datatype: float64}
# - {name: PS1_Y, datatype: float64}
# - {name: ukirt_J, datatype: float64}
# - {name: ukirt_H, datatype: float64}
# - {name: ukirt_K, datatype: float64}
# meta: !!omap
# - comment: [E = 0.011641960487160343, Eta0 = 8.02, GammaB = 12.0, dL = 0.012188, epsb = 6.760829753919819e-06, epse = 0.1, n = 1e-05,
#     p = 2.15, theta_obs = 0.29670597283903605, xiN = 1.0, z = 0.0, type = grb, E_kiso = 26.826957952797247]
# schema: astropy-2.0
time swift_uvot_uvw2 swift_uvot_uvm2 swift_uvot_uvw1 swift_uvot_U swift_uvot_B swift_uvot_V swift_uvot_W johnson_U johnson_B johnson_V johnson_R johnson_I sdss_u sdss_g sdss_r sdss_i sdss_z PS1_g PS1_r PS1_i PS1_z PS1_Y ukirt_J ukirt_H ukirt_K
0.01 nan nan nan nan nan nan nan nan nan nan nan nan nan nan nan nan nan nan nan nan nan nan nan nan nan
0.0102 nan nan nan nan nan nan nan nan nan nan nan nan nan nan nan nan nan nan nan nan nan nan nan nan nan
0.0105 nan nan nan nan nan nan nan nan nan nan nan nan nan nan nan nan nan nan nan nan nan nan nan nan nan
0.0107 nan nan nan nan nan nan nan nan nan nan nan nan nan nan nan nan nan nan nan nan nan nan nan nan nan
0.011 nan nan nan nan nan nan nan nan nan nan nan nan nan nan nan nan nan nan nan nan nan nan nan nan nan
0.0113 nan nan nan nan nan nan nan nan nan nan nan nan nan nan nan nan nan nan nan nan nan nan nan nan nan
0.0115 nan nan nan nan nan nan nan nan nan nan nan nan nan nan nan nan nan nan nan nan nan nan nan nan nan
0.0118 nan nan nan nan nan nan nan nan nan nan nan nan nan nan nan nan nan nan nan nan nan nan nan nan nan
0.0121 nan nan nan nan nan nan nan nan nan nan nan nan nan nan nan nan nan nan nan nan nan nan nan nan nan
0.0124 nan nan nan nan nan nan nan nan nan nan nan nan nan nan nan nan nan nan nan nan nan nan nan nan nan
0.0127 nan nan nan nan nan nan nan nan nan nan nan nan nan nan nan nan nan nan nan nan nan nan nan nan nan
0.013 nan nan nan nan nan nan nan nan nan nan nan nan nan nan nan nan nan nan nan nan nan nan nan nan nan
0.0133 nan nan nan nan nan nan nan nan nan nan nan nan nan nan nan nan nan nan nan nan nan nan nan nan nan
0.0136 nan nan nan nan nan nan nan nan nan nan nan nan nan nan nan nan nan nan nan nan nan nan nan nan nan
0.014 nan nan nan nan nan nan nan nan nan nan nan nan nan nan nan nan nan nan nan nan nan nan nan nan nan
0.0143 nan nan nan nan nan nan nan nan nan nan nan nan nan nan nan nan nan nan nan nan nan nan nan nan nan
0.0146 nan nan nan nan nan nan nan nan nan nan nan nan nan nan nan nan nan nan nan nan nan nan nan nan nan
0.015 nan nan nan nan nan nan nan nan nan nan nan nan nan nan nan nan nan nan nan nan nan nan nan nan nan
0.0154 nan nan nan nan nan nan nan nan nan nan nan nan nan nan nan nan nan nan nan nan nan nan nan nan nan
0.0157 nan nan nan nan nan nan nan nan nan nan nan nan nan nan nan nan nan nan nan nan nan nan nan nan nan
0.0161 nan nan nan nan nan nan nan nan nan nan nan nan nan nan nan nan nan nan nan nan nan nan nan nan nan
0.0165 nan nan nan nan nan nan nan nan nan nan nan nan nan nan nan nan nan nan nan nan nan nan nan nan nan
0.0169 nan nan nan nan nan nan nan nan nan nan nan nan nan nan nan nan nan nan nan nan nan nan nan nan nan
0.0173 nan nan nan nan nan nan nan nan nan nan nan nan nan nan nan nan nan nan nan nan nan nan nan nan nan
0.0177 nan nan nan nan nan nan nan nan nan nan nan nan nan nan nan nan nan nan nan nan nan nan nan nan nan
0.0181 nan nan nan nan nan nan nan nan nan nan nan nan nan nan nan nan nan nan nan nan nan nan nan nan nan
0.0186 nan nan nan nan nan nan nan nan nan nan nan nan nan nan nan nan nan nan nan nan nan nan nan nan nan
0.019 nan nan nan nan nan nan nan nan nan nan nan nan nan nan nan nan nan nan nan nan nan nan nan nan nan
0.0195 nan nan nan nan nan nan nan nan nan nan nan nan nan nan nan nan nan nan nan nan nan nan nan nan nan
0.02 nan nan nan nan nan nan nan nan nan nan nan nan nan nan nan nan nan nan nan nan nan nan nan nan nan
0.0204 nan nan nan nan nan nan nan nan nan nan nan nan nan nan nan nan nan nan nan nan nan nan nan nan nan
0.0209 nan nan nan nan nan nan nan nan nan nan nan nan nan nan nan nan nan nan nan nan nan nan nan nan nan
0.0214 nan nan nan nan nan nan nan nan nan nan nan nan nan nan nan nan nan nan nan nan nan nan nan nan nan
0.022 nan nan nan nan nan nan nan nan nan nan nan nan nan nan nan nan nan nan nan nan nan nan nan nan nan
0.0225 nan nan nan nan nan nan nan nan nan nan nan nan nan nan nan nan nan nan nan nan nan nan nan nan nan
0.023 nan nan nan nan nan nan nan nan nan nan nan nan nan nan nan nan nan nan nan nan nan nan nan nan nan
0.0236 nan nan nan nan nan nan nan nan nan nan nan nan nan nan nan nan nan nan nan nan nan nan nan nan nan
0.0242 nan nan nan nan nan nan nan nan nan nan nan nan nan nan nan nan nan nan nan nan nan nan nan nan nan
0.0247 nan nan nan nan nan nan nan nan nan nan nan nan nan nan nan nan nan nan nan nan nan nan nan nan nan
0.0253 nan nan nan nan nan nan nan nan nan nan nan nan nan nan nan nan nan nan nan nan nan nan nan nan nan
0.0259 nan nan nan nan nan nan nan nan nan nan nan nan nan nan nan nan nan nan nan nan nan nan nan nan nan
0.0266 nan nan nan nan nan nan nan nan nan nan nan nan nan nan nan nan nan nan nan nan nan nan nan nan nan
0.0272 nan nan nan nan nan nan nan nan nan nan nan nan nan nan nan nan nan nan nan nan nan nan nan nan nan
0.0279 nan nan nan nan nan nan nan nan nan nan nan nan nan nan nan nan nan nan nan nan nan nan nan nan nan
0.0285 nan nan nan nan nan nan nan nan nan nan nan nan nan nan nan nan nan nan nan nan nan nan nan nan nan
0.0292 nan nan nan nan nan nan nan nan nan nan nan nan nan nan nan nan nan nan nan nan nan nan nan nan nan
0.0299 nan nan nan nan nan nan nan nan nan nan nan nan nan nan nan nan nan nan nan nan nan nan nan nan nan
0.0307 nan nan nan nan nan nan nan nan nan nan nan nan nan nan nan nan nan nan nan nan nan nan nan nan nan
0.0314 nan nan nan nan nan nan nan nan nan nan nan nan nan nan nan nan nan nan nan nan nan nan nan nan nan
0.0322 nan nan nan nan nan nan nan nan nan nan nan nan nan nan nan nan nan nan nan nan nan nan nan nan nan
0.0329 nan nan nan nan nan nan nan nan nan nan nan nan nan nan nan nan nan nan nan nan nan nan nan nan nan
0.0337 nan nan nan nan nan nan nan nan nan nan nan nan nan nan nan nan nan nan nan nan nan nan nan nan nan
0.0345 nan nan nan nan nan nan nan nan nan nan nan nan nan nan nan nan nan nan nan nan nan nan nan nan nan
0.0354 nan nan nan nan nan nan nan nan nan nan nan nan nan nan nan nan nan nan nan nan nan nan nan nan nan
0.0362 nan nan nan nan nan nan nan nan nan nan nan nan nan nan nan nan nan nan nan nan nan nan nan nan nan
0.0371 nan nan nan nan nan nan nan nan nan nan nan nan nan nan nan nan nan nan nan nan nan nan nan nan nan
0.038 nan nan nan nan nan nan nan nan nan nan nan nan nan nan nan nan nan nan nan nan nan nan nan nan nan
0.0389 nan nan nan nan nan nan nan nan nan nan nan nan nan nan nan nan nan nan nan nan nan nan nan nan nan
0.0398 nan nan nan nan nan nan nan nan nan nan nan nan nan nan nan nan nan nan nan nan nan nan nan nan nan
0.0408 nan nan nan nan nan nan nan nan nan nan nan nan nan nan nan nan nan nan nan nan nan nan nan nan nan
0.0418 nan nan nan nan nan nan nan nan nan nan nan nan nan nan nan nan nan nan nan nan nan nan nan nan nan
0.0428 nan nan nan nan nan nan nan nan nan nan nan nan nan nan nan nan nan nan nan nan nan nan nan nan nan
0.0438 nan nan nan nan nan nan nan nan nan nan nan nan nan nan nan nan nan nan nan nan nan nan nan nan nan
0.0449 nan nan nan nan nan nan nan nan nan nan nan nan nan nan nan nan nan nan nan nan nan nan nan nan nan
0.046 nan nan nan nan nan nan nan nan nan nan nan nan nan nan nan nan nan nan nan nan nan nan nan nan nan
0.0471 nan nan nan nan nan nan nan nan nan nan nan nan nan nan nan nan nan nan nan nan nan nan nan nan nan
0.0482 nan nan nan nan nan nan nan nan nan nan nan nan nan nan nan nan nan nan nan nan nan nan nan nan nan
0.0494 nan nan nan nan nan nan nan nan nan nan nan nan nan nan nan nan nan nan nan nan nan nan nan nan nan
0.0506 nan nan nan nan nan nan nan nan nan nan nan nan nan nan nan nan nan nan nan nan nan nan nan nan nan
0.0518 nan nan nan nan nan nan nan nan nan nan nan nan nan nan nan nan nan nan nan nan nan nan nan nan nan
0.053 nan nan nan nan nan nan nan nan nan nan nan nan nan nan nan nan nan nan nan nan nan nan nan nan nan
0.0543 nan nan nan nan nan nan nan nan nan nan nan nan nan nan nan nan nan nan nan nan nan nan nan nan nan
0.0556 nan nan nan nan nan nan nan nan nan nan nan nan nan nan nan nan nan nan nan nan nan nan nan nan nan
0.057 nan nan nan nan nan nan nan nan nan nan nan nan nan nan nan nan nan nan nan nan nan nan nan nan nan
0.0584 nan nan nan nan nan nan nan nan nan nan nan nan nan nan nan nan nan nan nan nan nan nan nan nan nan
0.0598 nan nan nan nan nan nan nan nan nan nan nan nan nan nan nan nan nan nan nan nan nan nan nan nan nan
0.0612 nan nan nan nan nan nan nan nan nan nan nan nan nan nan nan nan nan nan nan nan nan nan nan nan nan
0.0627 nan nan nan nan nan nan nan nan nan nan nan nan nan nan nan nan nan nan nan nan nan nan nan nan nan
0.0642 nan nan nan nan nan nan nan nan nan nan nan nan nan nan nan nan nan nan nan nan nan nan nan nan nan
0.0657 nan nan nan nan nan nan nan nan nan nan nan nan nan nan nan nan nan nan nan nan nan nan nan nan nan
0.0673 22.621 22.67 22.595 22.402 22.26 22.121 22.482 22.38 22.257 22.116 21.975 21.827 22.385 22.212 22.04 21.92 21.809 22.149 22.006 21.886 21.787 21.619 21.597 21.428 21.238
0.0689 22.057 22.107 22.032 21.839 21.696 21.557 21.918 21.816 21.694 21.552 21.412 21.263 21.822 21.649 21.477 21.356 21.246 21.585 21.443 21.323 21.224 21.055 21.034 20.864 20.674
0.0706 21.494 21.543 21.468 21.275 21.133 20.994 21.355 21.253 21.131 20.989 20.848 20.7 21.258 21.086 20.914 20.793 20.682 21.022 20.879 20.759 20.66 20.492 20.47 20.301 20.111
0.0723 20.93 20.98 20.905 20.712 20.57 20.431 20.791 20.69 20.567 20.425 20.285 20.136 20.695 20.522 20.35 20.23 20.119 20.458 20.316 20.196 20.097 19.929 19.907 19.738 19.547
0.0741 20.367 20.416 20.342 20.149 20.006 19.867 20.228 20.126 20.004 19.862 19.721 19.573 20.131 19.959 19.787 19.666 19.556 19.895 19.752 19.633 19.534 19.365 19.344 19.174 18.984
0.0758 19.804 19.853 19.778 19.585 19.443 19.304 19.665 19.563 19.44 19.299 19.158 19.01 19.568 19.395 19.223 19.103 18.992 19.332 19.189 19.069 18.97 18.802 18.78 18.611 18.42
0.0777 19.24 19.29 19.215 19.022 18.879 18.74 19.101 18.999 18.877 18.735 18.595 18.446 19.004 18.832 18.66 18.539 18.429 18.768 18.626 18.506 18.407 18.238 18.217 18.047 17.857
0.0795 18.677 18.726 18.651 18.458 18.316 18.177 18.538 18.436 18.314 18.172 18.031 17.883 18.441 18.268 18.097 17.976 17.865 18.205 18.062 17.942 17.843 17.675 17.653 17.484 17.294
0.0815 18.113 18.163 18.088 17.895 17.753 17.613 17.974 17.873 17.75 17.608 17.468 17.319 17.878 17.705 17.533 17.413 17.302 17.641 17.499 17.379 17.28 17.112 17.09 16.921 16.73
0.0834 17.55 17.599 17.525 17.332 17.189 17.05 17.411 17.309 17.187 17.045 16.904 16.756 17.314 17.142 16.97 16.849 16.739 17.078 16.935 16.816 16.717 16.548 16.527 16.357 16.167
0.0854 17.379 17.428 17.353 17.16 17.018 16.879 17.24 17.138 17.016 16.874 16.733 16.585 17.143 16.97 16.799 16.678 16.567 16.907 16.764 16.644 16.545 16.377 16.355 16.186 15.996
0.0875 17.235 17.284 17.209 17.016 16.874 16.735 17.095 16.994 16.871 16.729 16.589 16.44 16.999 16.826 16.654 16.534 16.423 16.762 16.62 16.5 16.401 16.233 16.211 16.042 15.851
0.0896 17.09 17.14 17.065 16.872 16.729 16.59 16.951 16.849 16.727 16.585 16.445 16.296 16.855 16.682 16.51 16.389 16.279 16.618 16.476 16.356 16.257 16.088 16.067 15.897 15.707
0.0918 16.946 16.995 16.921 16.728 16.585 16.446 16.807 16.705 16.583 16.441 16.3 16.152 16.71 16.538 16.366 16.245 16.134 16.474 16.331 16.211 16.112 15.944 15.923 15.753 15.563
0.094 16.802 16.851 16.776 16.583 16.441 16.302 16.663 16.561 16.438 16.297 16.156 16.008 16.566 16.393 16.222 16.101 15.99 16.33 16.187 16.067 15.968 15.8 15.778 15.609 15.419
0.0963 16.657 16.707 16.632 16.439 16.297 16.157 16.518 16.417 16.294 16.152 16.012 15.863 16.422 16.249 16.077 15.957 15.846 16.185 16.043 15.923 15.824 15.656 15.634 15.465 15.274
0.0986 16.513 16.563 16.488 16.295 16.152 16.013 16.374 16.272 16.15 16.008 15.868 15.719 16.277 16.105 15.933 15.812 15.702 16.041 15.898 15.779 15.68 15.511 15.49 15.32 15.13
0.101 16.369 16.418 16.343 16.15 16.008 15.869 16.23 16.128 16.006 15.864 15.723 15.575 16.133 15.961 15.789 15.668 15.557 15.897 15.754 15.634 15.535 15.367 15.345 15.176 14.986
0.1034 16.225 16.274 16.199 16.006 15.864 15.725 16.085 15.984 15.861 15.719 15.579 15.43 15.989 15.816 15.644 15.524 15.413 15.752 15.61 15.49 15.391 15.223 15.201 15.032 14.841
0.1059 16.105 16.154 16.079 15.886 15.744 15.605 15.965 15.864 15.741 15.599 15.459 15.31 15.869 15.696 15.524 15.404 15.293 15.632 15.49 15.37 15.271 15.103 15.081 14.912 14.721
0.1084 16.048 16.098 16.023 15.83 15.687 15.548 15.909 15.807 15.685 15.543 15.403 15.254 15.812 15.64 15.468 15.347 15.237 15.576 15.434 15.314 15.215 15.046 15.025 14.855 14.665
0.1111 15.992 16.041 15.966 15.773 15.631 15.492 15.853 15.751 15.629 15.487 15.346 15.198 15.756 15.583 15.412 15.291 15.18 15.52 15.377 15.257 15.158 14.99 14.968 14.799 14.609
0.1137 15.935 15.985 15.91 15.717 15.575 15.436 15.796 15.695 15.572 15.43 15.29 15.141 15.7 15.527 15.355 15.235 15.124 15.463 15.321 15.201 15.102 14.934 14.912 14.743 14.552
0.1165 15.879 15.928 15.854 15.661 15.518 15.379 15.74 15.638 15.516 15.374 15.233 15.085 15.643 15.471 15.299 15.178 15.068 15.407 15.264 15.145 15.046 14.877 14.856 14.686 14.496
0.1193 15.823 15.872 15.797 15.604 15.462 15.323 15.684 15.582 15.459 15.318 15.177 15.029 15.587 15.414 15.243 15.122 15.011 15.351 15.208 15.088 14.989 14.821 14.799 14.63 14.44
0.1222 15.766 15.816 15.741 15.548 15.406 15.266 15.627 15.526 15.403 15.261 15.121 14.972 15.531 15.358 15.186 15.065 14.955 15.294 15.152 15.032 14.933 14.765 14.743 14.574 14.383
0.1251 15.71 15.759 15.685 15.492 15.349 15.21 15.571 15.469 15.347 15.205 15.064 14.916 15.474 15.302 15.13 15.009 14.898 15.238 15.095 14.975 14.876 14.708 14.686 14.517 14.327
0.1281 15.654 15.703 15.628 15.435 15.293 15.154 15.514 15.413 15.29 15.148 15.008 14.859 15.418 15.245 15.073 14.953 14.842 15.181 15.039 14.919 14.82 14.652 14.63 14.461 14.27
0.1312 15.597 15.647 15.572 15.379 15.236 15.097 15.458 15.356 15.234 15.092 14.952 14.803 15.361 15.189 15.017 14.896 14.786 15.125 14.983 14.863 14.764 14.595 14.574 14.404 14.214
0.1344 15.529 15.579 15.504 15.311 15.169 15.029 15.39 15.289 15.166 15.024 14.884 14.735 15.294 15.121 14.949 14.828 14.718 15.057 14.915 14.795 14.696 14.528 14.506 14.337 14.146
0.1376 15.446 15.495 15.42 15.227 15.085 14.946 15.306 15.205 15.082 14.941 14.8 14.651 15.21 15.037 14.865 14.745 14.634 14.974 14.831 14.711 14.612 14.444 14.422 14.253 14.062
0.141 15.362 15.411 15.336 15.143 15.001 14.862 15.223 15.121 14.999 14.857 14.716 14.568 15.126 14.954 14.782 14.661 14.55 14.89 14.747 14.627 14.528 14.36 14.338 14.169 13.979
0.1444 15.278 15.328 15.253 15.06 14.917 14.778 15.139 15.037 14.915 14.773 14.633 14.484 15.042 14.87 14.698 14.577 14.467 14.806 14.663 14.544 14.445 14.276 14.255 14.085 13.895
0.1478 15.194 15.244 15.169 14.976 14.834 14.694 15.055 14.954 14.831 14.689 14.549 14.4 14.959 14.786 14.614 14.493 14.383 14.722 14.58 14.46 14.361 14.193 14.171 14.002 13.811
0.1514 15.111 15.16 15.085 14.892 14.75 14.611 14.971 14.87 14.747 14.606 14.465 14.316 14.875 14.702 14.53 14.41 14.299 14.639 14.496 14.376 14.277 14.109 14.087 13.918 13.727
0.1551 15.027 15.076 15.001 14.808 14.666 14.527 14.888 14.786 14.664 14.522 14.381 14.233 14.791 14.619 14.447 14.326 14.215 14.555 14.412 14.292 14.193 14.025 14.003 13.834 13.644
0.1588 14.943 14.993 14.918 14.725 14.582 14.443 14.804 14.702 14.58 14.438 14.298 14.149 14.707 14.535 14.363 14.242 14.132 14.471 14.328 14.209 14.11 13.941 13.92 13.75 13.56
0.1626 14.859 14.909 14.834 14.641 14.499 14.359 14.72 14.619 14.496 14.354 14.214 14.065 14.624 14.451 14.279 14.158 14.048 14.387 14.245 14.125 14.026 13.858 13.836 13.667 13.476
0.1666 14.776 14.825 14.75 14.557 14.415 14.276 14.636 14.535 14.412 14.271 14.13 13.981 14.54 14.367 14.195 14.075 13.964 14.304 14.161 14.041 13.942 13.774 13.752 13.583 13.392
0.1706 14.562 14.611 14.536 14.343 14.201 14.062 14.422 14.321 14.198 14.057 13.916 13.767 14.326 14.153 13.981 13.861 13.75 14.09 13.947 13.827 13.728 13.56 13.538 13.369 13.178
0.1747 14.246 14.296 14.221 14.028 13.885 13.746 14.107 14.005 13.883 13.741 13.601 13.452 14.01 13.838 13.666 13.545 13.435 13.774 13.631 13.512 13.413 13.244 13.223 13.053 12.863
