web/models/grb/offaxis/5/grb_0.2967_100.0000_0.2511886.dat
# %ECSV 1.0
# ---
# datatype:
# - {name: time, datatype: float64}
# - {name: swift_uvot_uvw2, datatype: float64}
# - {name: swift_uvot_uvm2, datatype: float64}
# - {name: swift_uvot_uvw1, datatype: float64}
# - {name: swift_uvot_U, datatype: float64}
# - {name: swift_uvot_B, datatype: float64}
# - {name: swift_uvot_V, datatype: float64}
# - {name: swift_uvot_W, datatype: float64}
# - {name: johnson_U, datatype: float64}
# - {name: johnson_B, datatype: float64}
# - {name: johnson_V, datatype: float64}
# - {name: johnson_R, datatype: float64}
# - {name: johnson_I, datatype: float64}
# - {name: sdss_u, datatype: float64}
# - {name: sdss_g, datatype: float64}
# - {name: sdss_r, datatype: float64}
# - {name: sdss_i, datatype: float64}
# - {name: sdss_z, datatype: float64}
# - {name: PS1_g, datatype: float64}
# - {name: PS1_r, datatype: float64}
# - {name: PS1_i, datatype: float64}
# - {name: PS1_z, datatype: float64}
# - {name: PS1_Y, datatype: float64}
# - {name: PS1_w, datatype: float64}
# - {name: ATLAS_c, datatype: float64}
# - {name: ATLAS_o, datatype: float64}
# - {name: ukirt_J, datatype: float64}
# - {name: ukirt_H, datatype: float64}
# - {name: ukirt_K, datatype: float64}
# - {name: Clear, datatype: float64}
# meta: !!omap
# - comment: [E = 0.043396498804093575, Eta0 = 8.02, GammaB = 12.0, dL = 0.012188, epsb = 6.760829753919819e-06, epse = 0.1, n = 0.25118864315095824,
#     p = 2.15, theta_obs = 0.29670597283903605, xiN = 1.0, z = 0.0, type = grb, E_kiso = 100.0]
# schema: astropy-2.0
time swift_uvot_uvw2 swift_uvot_uvm2 swift_uvot_uvw1 swift_uvot_U swift_uvot_B swift_uvot_V swift_uvot_W johnson_U johnson_B johnson_V johnson_R johnson_I sdss_u sdss_g sdss_r sdss_i sdss_z PS1_g PS1_r PS1_i PS1_z PS1_Y PS1_w ATLAS_c ATLAS_o ukirt_J ukirt_H ukirt_K Clear
0.01 3.121 3.17 3.096 2.903 2.76 2.621 2.982 2.88 2.758 2.616 2.476 2.327 2.885 2.713 2.541 2.42 2.31 2.649 2.506 2.387 2.288 2.119 2.543 2.638 2.486 2.098 1.928 1.738 2.453
0.0102 2.806 2.855 2.78 2.587 2.445 2.306 2.666 2.565 2.442 2.301 2.16 2.011 2.57 2.397 2.225 2.105 1.994 2.334 2.191 2.071 1.972 1.804 2.228 2.323 2.17 1.782 1.613 1.422 2.137
0.0105 2.49 2.54 2.465 2.272 2.129 1.99 2.351 2.249 2.127 1.985 1.845 1.696 2.254 2.082 1.91 1.789 1.679 2.018 1.875 1.756 1.657 1.488 1.912 2.007 1.855 1.467 1.297 1.107 1.822
0.0107 2.175 2.224 2.149 1.956 1.814 1.675 2.036 1.934 1.811 1.67 1.529 1.381 1.939 1.766 1.594 1.474 1.363 1.703 1.56 1.44 1.341 1.173 1.597 1.692 1.539 1.151 0.982 0.791 1.506
0.011 1.859 1.909 1.834 1.641 1.498 1.359 1.72 1.618 1.496 1.354 1.214 1.065 1.623 1.451 1.279 1.158 1.048 1.387 1.245 1.125 1.026 0.857 1.281 1.376 1.224 0.836 0.666 0.476 1.191
0.0113 1.544 1.593 1.518 1.325 1.183 1.044 1.405 1.303 1.18 1.039 0.898 0.75 1.308 1.135 0.964 0.843 0.732 1.072 0.929 0.809 0.71 0.542 0.966 1.061 0.908 0.52 0.351 0.161 0.876
0.0115 1.404 1.453 1.378 1.185 1.043 0.904 1.265 1.163 1.041 0.899 0.758 0.61 1.168 0.995 0.824 0.703 0.592 0.932 0.789 0.669 0.57 0.402 0.826 0.921 0.768 0.38 0.211 0.021 0.736
0.0118 1.267 1.316 1.241 1.049 0.906 0.767 1.128 1.026 0.904 0.762 0.621 0.473 1.031 0.859 0.687 0.566 0.455 0.795 0.652 0.532 0.433 0.265 0.689 0.784 0.631 0.243 0.074 -0.116 0.599
0.0121 1.13 1.179 1.105 0.912 0.769 0.63 0.991 0.889 0.767 0.625 0.485 0.336 0.894 0.722 0.55 0.429 0.319 0.658 0.515 0.396 0.297 0.128 0.552 0.647 0.495 0.107 -0.063 -0.253 0.462
0.0124 0.993 1.043 0.968 0.775 0.632 0.493 0.854 0.752 0.63 0.488 0.348 0.199 0.757 0.585 0.413 0.292 0.182 0.521 0.379 0.259 0.16 -0.009 0.415 0.51 0.358 -0.03 -0.2 -0.39 0.325
0.0127 0.856 0.906 0.831 0.638 0.496 0.356 0.717 0.616 0.493 0.351 0.211 0.062 0.621 0.448 0.276 0.156 0.045 0.384 0.242 0.122 0.023 -0.145 0.278 0.374 0.221 -0.167 -0.336 -0.527 0.188
0.013 0.72 0.769 0.694 0.501 0.359 0.22 0.58 0.479 0.356 0.214 0.074 -0.075 0.484 0.311 0.139 0.019 -0.092 0.247 0.105 -0.015 -0.114 -0.282 0.142 0.237 0.084 -0.304 -0.473 -0.664 0.051
0.0133 0.583 0.632 0.557 0.364 0.222 0.083 0.444 0.342 0.22 0.078 -0.063 -0.211 0.347 0.174 0.003 -0.118 -0.229 0.111 -0.032 -0.152 -0.251 -0.419 0.005 0.1 -0.053 -0.441 -0.61 -0.8 -0.085
0.0136 0.446 0.495 0.42 0.227 0.085 -0.054 0.307 0.205 0.083 -0.059 -0.2 -0.348 0.21 0.038 -0.134 -0.255 -0.366 -0.026 -0.169 -0.289 -0.388 -0.556 -0.132 -0.037 -0.19 -0.578 -0.747 -0.937 -0.222
0.014 0.309 0.358 0.284 0.091 -0.052 -0.191 0.17 0.068 -0.054 -0.196 -0.337 -0.485 0.073 -0.099 -0.271 -0.392 -0.502 -0.163 -0.306 -0.425 -0.524 -0.693 -0.269 -0.174 -0.326 -0.714 -0.884 -1.074 -0.359
0.0143 0.179 0.229 0.154 -0.039 -0.181 -0.321 0.04 -0.061 -0.184 -0.326 -0.466 -0.615 -0.056 -0.229 -0.401 -0.522 -0.632 -0.293 -0.435 -0.555 -0.654 -0.822 -0.399 -0.303 -0.456 -0.844 -1.013 -1.204 -0.489
0.0146 0.099 0.148 0.074 -0.119 -0.262 -0.401 -0.04 -0.142 -0.264 -0.406 -0.546 -0.695 -0.137 -0.309 -0.481 -0.602 -0.712 -0.373 -0.516 -0.635 -0.734 -0.903 -0.479 -0.384 -0.536 -0.924 -1.094 -1.284 -0.569
0.015 0.019 0.068 -0.007 -0.2 -0.342 -0.481 -0.12 -0.222 -0.344 -0.486 -0.627 -0.775 -0.217 -0.389 -0.561 -0.682 -0.793 -0.453 -0.596 -0.716 -0.815 -0.983 -0.559 -0.464 -0.617 -1.005 -1.174 -1.364 -0.649
0.0154 -0.061 -0.012 -0.087 -0.28 -0.422 -0.561 -0.2 -0.302 -0.425 -0.566 -0.707 -0.855 -0.297 -0.47 -0.642 -0.762 -0.873 -0.533 -0.676 -0.796 -0.895 -1.063 -0.639 -0.544 -0.697 -1.085 -1.254 -1.445 -0.73
0.0157 -0.142 -0.092 -0.167 -0.36 -0.502 -0.642 -0.281 -0.382 -0.505 -0.647 -0.787 -0.936 -0.377 -0.55 -0.722 -0.842 -0.953 -0.614 -0.756 -0.876 -0.975 -1.143 -0.72 -0.624 -0.777 -1.165 -1.334 -1.525 -0.81
0.0161 -0.222 -0.172 -0.247 -0.44 -0.583 -0.722 -0.361 -0.463 -0.585 -0.727 -0.867 -1.016 -0.458 -0.63 -0.802 -0.923 -1.033 -0.694 -0.836 -0.956 -1.055 -1.224 -0.8 -0.705 -0.857 -1.245 -1.415 -1.605 -0.89
0.0165 -0.302 -0.253 -0.327 -0.52 -0.663 -0.802 -0.441 -0.543 -0.665 -0.807 -0.948 -1.096 -0.538 -0.71 -0.882 -1.003 -1.114 -0.774 -0.917 -1.037 -1.136 -1.304 -0.88 -0.785 -0.938 -1.326 -1.495 -1.685 -0.97
0.0169 -0.382 -0.333 -0.408 -0.601 -0.743 -0.882 -0.521 -0.623 -0.745 -0.887 -1.028 -1.176 -0.618 -0.791 -0.962 -1.083 -1.194 -0.854 -0.997 -1.117 -1.216 -1.384 -0.96 -0.865 -1.018 -1.406 -1.575 -1.765 -1.05
0.0173 -0.463 -0.413 -0.488 -0.681 -0.823 -0.962 -0.602 -0.703 -0.826 -0.968 -1.108 -1.257 -0.698 -0.871 -1.043 -1.163 -1.274 -0.935 -1.077 -1.197 -1.296 -1.464 -1.04 -0.945 -1.098 -1.486 -1.655 -1.846 -1.131
0.0177 -0.543 -0.493 -0.568 -0.761 -0.904 -1.043 -0.682 -0.783 -0.906 -1.048 -1.188 -1.337 -0.778 -0.951 -1.123 -1.244 -1.354 -1.015 -1.157 -1.277 -1.376 -1.544 -1.121 -1.025 -1.178 -1.566 -1.736 -1.926 -1.211
0.0181 -0.616 -0.567 -0.642 -0.835 -0.977 -1.116 -0.755 -0.857 -0.979 -1.121 -1.262 -1.41 -0.852 -1.025 -1.196 -1.317 -1.428 -1.088 -1.231 -1.351 -1.45 -1.618 -1.194 -1.099 -1.252 -1.64 -1.809 -1.999 -1.284
0.0186 -0.672 -0.622 -0.697 -0.89 -1.032 -1.172 -0.811 -0.912 -1.035 -1.177 -1.317 -1.466 -0.907 -1.08 -1.252 -1.372 -1.483 -1.144 -1.286 -1.406 -1.505 -1.673 -1.25 -1.154 -1.307 -1.695 -1.864 -2.055 -1.34
0.019 -0.727 -0.678 -0.752 -0.945 -1.088 -1.227 -0.866 -0.968 -1.09 -1.232 -1.373 -1.521 -0.963 -1.135 -1.307 -1.428 -1.538 -1.199 -1.342 -1.461 -1.56 -1.729 -1.305 -1.21 -1.362 -1.75 -1.92 -2.11 -1.395
0.0195 -0.782 -0.733 -0.808 -1.001 -1.143 -1.282 -0.921 -1.023 -1.145 -1.287 -1.428 -1.576 -1.018 -1.191 -1.362 -1.483 -1.594 -1.254 -1.397 -1.517 -1.616 -1.784 -1.36 -1.265 -1.418 -1.806 -1.975 -2.165 -1.45
0.02 -0.838 -0.788 -0.863 -1.056 -1.198 -1.338 -0.977 -1.078 -1.201 -1.343 -1.483 -1.632 -1.073 -1.246 -1.418 -1.539 -1.649 -1.31 -1.452 -1.572 -1.671 -1.839 -1.416 -1.32 -1.473 -1.861 -2.03 -2.221 -1.506
0.0204 -0.893 -0.844 -0.918 -1.111 -1.254 -1.393 -1.032 -1.134 -1.256 -1.398 -1.539 -1.687 -1.129 -1.301 -1.473 -1.594 -1.704 -1.365 -1.508 -1.627 -1.726 -1.895 -1.471 -1.376 -1.528 -1.916 -2.086 -2.276 -1.561
0.0209 -0.948 -0.899 -0.974 -1.167 -1.309 -1.448 -1.087 -1.189 -1.312 -1.453 -1.594 -1.742 -1.184 -1.357 -1.529 -1.649 -1.76 -1.42 -1.563 -1.683 -1.782 -1.95 -1.526 -1.431 -1.584 -1.972 -2.141 -2.331 -1.616
0.0214 -1.004 -0.954 -1.029 -1.222 -1.364 -1.504 -1.143 -1.244 -1.367 -1.509 -1.649 -1.798 -1.239 -1.412 -1.584 -1.705 -1.815 -1.476 -1.618 -1.738 -1.837 -2.005 -1.582 -1.486 -1.639 -2.027 -2.196 -2.387 -1.672
0.022 -1.059 -1.01 -1.084 -1.277 -1.42 -1.559 -1.198 -1.3 -1.422 -1.564 -1.705 -1.853 -1.295 -1.467 -1.639 -1.76 -1.871 -1.531 -1.674 -1.793 -1.893 -2.061 -1.637 -1.542 -1.695 -2.082 -2.252 -2.442 -1.727
0.0225 -1.114 -1.065 -1.14 -1.333 -1.475 -1.614 -1.253 -1.355 -1.478 -1.619 -1.76 -1.908 -1.35 -1.523 -1.695 -1.815 -1.926 -1.586 -1.729 -1.849 -1.948 -2.116 -1.692 -1.597 -1.75 -2.138 -2.307 -2.498 -1.783
0.023 -1.179 -1.129 -1.204 -1.397 -1.54 -1.679 -1.318 -1.42 -1.542 -1.684 -1.824 -1.973 -1.415 -1.587 -1.759 -1.88 -1.99 -1.651 -1.793 -1.913 -2.012 -2.181 -1.757 -1.662 -1.814 -2.202 -2.372 -2.562 -1.847
0.0236 -1.256 -1.207 -1.282 -1.475 -1.617 -1.756 -1.396 -1.497 -1.62 -1.761 -1.902 -2.051 -1.492 -1.665 -1.837 -1.957 -2.068 -1.728 -1.871 -1.991 -2.09 -2.258 -1.834 -1.739 -1.892 -2.28 -2.449 -2.64 -1.925
0.0242 -1.334 -1.285 -1.359 -1.552 -1.695 -1.834 -1.473 -1.575 -1.697 -1.839 -1.979 -2.128 -1.57 -1.742 -1.914 -2.035 -2.145 -1.806 -1.949 -2.068 -2.167 -2.336 -1.912 -1.817 -1.969 -2.357 -2.527 -2.717 -2.002
0.0247 -1.411 -1.362 -1.437 -1.63 -1.772 -1.911 -1.551 -1.652 -1.775 -1.917 -2.057 -2.206 -1.647 -1.82 -1.992 -2.112 -2.223 -1.884 -2.026 -2.146 -2.245 -2.413 -1.989 -1.894 -2.047 -2.435 -2.604 -2.795 -2.08
0.0253 -1.489 -1.44 -1.514 -1.707 -1.85 -1.989 -1.628 -1.73 -1.852 -1.994 -2.135 -2.283 -1.725 -1.897 -2.069 -2.19 -2.3 -1.961 -2.104 -2.223 -2.322 -2.491 -2.067 -1.972 -2.124 -2.512 -2.682 -2.872 -2.157
0.0259 -1.567 -1.517 -1.592 -1.785 -1.927 -2.066 -1.706 -1.807 -1.93 -2.072 -2.212 -2.361 -1.802 -1.975 -2.147 -2.267 -2.378 -2.039 -2.181 -2.301 -2.4 -2.568 -2.144 -2.049 -2.202 -2.59 -2.759 -2.95 -2.235
0.0266 -1.644 -1.595 -1.669 -1.862 -2.005 -2.144 -1.783 -1.885 -2.007 -2.149 -2.29 -2.438 -1.88 -2.052 -2.224 -2.345 -2.456 -2.116 -2.259 -2.379 -2.478 -2.646 -2.222 -2.127 -2.28 -2.668 -2.837 -3.027 -2.312
0.0272 -1.722 -1.672 -1.747 -1.94 -2.082 -2.222 -1.861 -1.962 -2.085 -2.227 -2.367 -2.516 -1.957 -2.13 -2.302 -2.422 -2.533 -2.194 -2.336 -2.456 -2.555 -2.723 -2.299 -2.204 -2.357 -2.745 -2.914 -3.105 -2.39
0.0279 -1.799 -1.75 -1.825 -2.018 -2.16 -2.299 -1.938 -2.04 -2.162 -2.304 -2.445 -2.593 -2.035 -2.207 -2.379 -2.5 -2.611 -2.271 -2.414 -2.534 -2.633 -2.801 -2.377 -2.282 -2.435 -2.823 -2.992 -3.182 -2.467
0.0285 -1.877 -1.827 -1.902 -2.095 -2.237 -2.377 -2.016 -2.117 -2.24 -2.382 -2.522 -2.671 -2.112 -2.285 -2.457 -2.578 -2.688 -2.349 -2.491 -2.611 -2.71 -2.878 -2.455 -2.359 -2.512 -2.9 -3.069 -3.26 -2.545
0.0292 -1.948 -1.899 -1.974 -2.167 -2.309 -2.448 -2.087 -2.189 -2.311 -2.453 -2.594 -2.742 -2.184 -2.357 -2.528 -2.649 -2.76 -2.42 -2.563 -2.683 -2.782 -2.95 -2.526 -2.431 -2.584 -2.972 -3.141 -3.331 -2.616
0.0299 -2.015 -1.966 -2.04 -2.233 -2.376 -2.515 -2.154 -2.256 -2.378 -2.52 -2.661 -2.809 -2.251 -2.423 -2.595 -2.716 -2.827 -2.487 -2.63 -2.749 -2.849 -3.017 -2.593 -2.498 -2.651 -3.038 -3.208 -3.398 -2.683
0.0307 -2.082 -2.032 -2.107 -2.3 -2.443 -2.582 -2.221 -2.323 -2.445 -2.587 -2.727 -2.876 -2.318 -2.49 -2.662 -2.783 -2.893 -2.554 -2.696 -2.816 -2.915 -3.084 -2.66 -2.565 -2.717 -3.105 -3.275 -3.465 -2.75
0.0314 -2.149 -2.099 -2.174 -2.367 -2.509 -2.649 -2.288 -2.389 -2.512 -2.654 -2.794 -2.943 -2.384 -2.557 -2.729 -2.849 -2.96 -2.621 -2.763 -2.883 -2.982 -3.15 -2.727 -2.631 -2.784 -3.172 -3.341 -3.532 -2.817
0.0322 -2.215 -2.166 -2.241 -2.434 -2.576 -2.715 -2.355 -2.456 -2.579 -2.72 -2.861 -3.01 -2.451 -2.624 -2.796 -2.916 -3.027 -2.688 -2.83 -2.95 -3.049 -3.217 -2.793 -2.698 -2.851 -3.239 -3.408 -3.599 -2.884
0.0329 -2.282 -2.233 -2.308 -2.501 -2.643 -2.782 -2.421 -2.523 -2.645 -2.787 -2.928 -3.076 -2.518 -2.691 -2.862 -2.983 -3.094 -2.754 -2.897 -3.017 -3.116 -3.284 -2.86 -2.765 -2.918 -3.306 -3.475 -3.665 -2.95
0.0337 -2.349 -2.3 -2.374 -2.567 -2.71 -2.849 -2.488 -2.59 -2.712 -2.854 -2.995 -3.143 -2.585 -2.757 -2.929 -3.05 -3.161 -2.821 -2.964 -3.083 -3.183 -3.351 -2.927 -2.832 -2.985 -3.372 -3.542 -3.732 -3.017
0.0345 -2.416 -2.366 -2.441 -2.634 -2.777 -2.916 -2.555 -2.657 -2.779 -2.921 -3.061 -3.21 -2.652 -2.824 -2.996 -3.117 -3.227 -2.888 -3.03 -3.15 -3.249 -3.418 -2.994 -2.899 -3.051 -3.439 -3.609 -3.799 -3.084
0.0354 -2.483 -2.433 -2.508 -2.701 -2.843 -2.983 -2.622 -2.723 -2.846 -2.988 -3.128 -3.277 -2.718 -2.891 -3.063 -3.183 -3.294 -2.955 -3.097 -3.217 -3.316 -3.484 -3.061 -2.965 -3.118 -3.506 -3.675 -3.866 -3.151
0.0362 -2.549 -2.5 -2.575 -2.768 -2.91 -3.049 -2.689 -2.79 -2.913 -3.054 -3.195 -3.344 -2.785 -2.958 -3.13 -3.25 -3.361 -3.021 -3.164 -3.284 -3.383 -3.551 -3.127 -3.032 -3.185 -3.573 -3.742 -3.933 -3.218
0.0371 -2.601 -2.551 -2.626 -2.819 -2.962 -3.101 -2.74 -2.842 -2.964 -3.106 -3.246 -3.395 -2.837 -3.009 -3.181 -3.302 -3.412 -3.073 -3.216 -3.335 -3.434 -3.603 -3.179 -3.084 -3.236 -3.624 -3.794 -3.984 -3.269
0.038 -2.646 -2.596 -2.671 -2.864 -3.006 -3.146 -2.785 -2.886 -3.009 -3.151 -3.291 -3.44 -2.881 -3.054 -3.226 -3.347 -3.457 -3.118 -3.26 -3.38 -3.479 -3.647 -3.224 -3.128 -3.281 -3.669 -3.838 -4.029 -3.314
0.0389 -2.69 -2.641 -2.716 -2.909 -3.051 -3.19 -2.83 -2.931 -3.054 -3.196 -3.336 -3.485 -2.926 -3.099 -3.271 -3.391 -3.502 -3.163 -3.305 -3.425 -3.524 -3.692 -3.268 -3.173 -3.326 -3.714 -3.883 -4.074 -3.359
0.0398 -2.735 -2.686 -2.761 -2.954 -3.096 -3.235 -2.874 -2.976 -3.098 -3.24 -3.381 -3.529 -2.971 -3.144 -3.315 -3.436 -3.547 -3.207 -3.35 -3.47 -3.569 -3.737 -3.313 -3.218 -3.371 -3.759 -3.928 -4.118 -3.403
0.0408 -2.78 -2.731 -2.805 -2.998 -3.141 -3.28 -2.919 -3.021 -3.143 -3.285 -3.426 -3.574 -3.016 -3.188 -3.36 -3.481 -3.592 -3.252 -3.395 -3.515 -3.614 -3.782 -3.358 -3.263 -3.416 -3.804 -3.973 -4.163 -3.448
0.0418 -2.825 -2.775 -2.85 -3.043 -3.186 -3.325 -2.964 -3.066 -3.188 -3.33 -3.47 -3.619 -3.061 -3.233 -3.405 -3.526 -3.636 -3.297 -3.439 -3.559 -3.658 -3.827 -3.403 -3.308 -3.46 -3.848 -4.018 -4.208 -3.493
0.0428 -2.87 -2.82 -2.895 -3.088 -3.23 -3.37 -3.009 -3.11 -3.233 -3.375 -3.515 -3.664 -3.105 -3.278 -3.45 -3.571 -3.681 -3.342 -3.484 -3.604 -3.703 -3.871 -3.448 -3.352 -3.505 -3.893 -4.062 -4.253 -3.538
0.0438 -2.914 -2.865 -2.94 -3.133 -3.275 -3.414 -3.054 -3.155 -3.278 -3.42 -3.56 -3.709 -3.15 -3.323 -3.495 -3.615 -3.726 -3.387 -3.529 -3.649 -3.748 -3.916 -3.492 -3.397 -3.55 -3.938 -4.107 -4.298 -3.583
0.0449 -2.959 -2.91 -2.985 -3.178 -3.32 -3.459 -3.098 -3.2 -3.322 -3.464 -3.605 -3.753 -3.195 -3.368 -3.539 -3.66 -3.771 -3.431 -3.574 -3.694 -3.793 -3.961 -3.537 -3.442 -3.595 -3.983 -4.152 -4.342 -3.627
0.046 -3.004 -2.955 -3.029 -3.222 -3.365 -3.504 -3.143 -3.245 -3.367 -3.509 -3.65 -3.798 -3.24 -3.412 -3.584 -3.705 -3.816 -3.476 -3.619 -3.738 -3.838 -4.006 -3.582 -3.487 -3.64 -4.027 -4.197 -4.387 -3.672
0.0471 -3.043 -2.993 -3.068 -3.261 -3.404 -3.543 -3.182 -3.284 -3.406 -3.548 -3.688 -3.837 -3.278 -3.451 -3.623 -3.744 -3.854 -3.515 -3.657 -3.777 -3.876 -4.044 -3.621 -3.525 -3.678 -4.066 -4.236 -4.426 -3.711
0.0482 -3.08 -3.031 -3.106 -3.299 -3.441 -3.58 -3.219 -3.321 -3.443 -3.585 -3.726 -3.874 -3.316 -3.489 -3.66 -3.781 -3.892 -3.552 -3.695 -3.815 -3.914 -4.082 -3.658 -3.563 -3.716 -4.104 -4.273 -4.463 -3.748
0.0494 -3.118 -3.068 -3.143 -3.336 -3.479 -3.618 -3.257 -3.359 -3.481 -3.623 -3.763 -3.912 -3.354 -3.526 -3.698 -3.819 -3.929 -3.59 -3.732 -3.852 -3.951 -4.12 -3.696 -3.601 -3.753 -4.141 -4.311 -4.501 -3.786
0.0506 -3.155 -3.106 -3.181 -3.374 -3.516 -3.655 -3.294 -3.396 -3.519 -3.66 -3.801 -3.95 -3.391 -3.564 -3.736 -3.856 -3.967 -3.627 -3.77 -3.89 -3.989 -4.157 -3.733 -3.638 -3.791 -4.179 -4.348 -4.539 -3.824
0.0518 -3.193 -3.144 -3.218 -3.411 -3.554 -3.693 -3.332 -3.434 -3.556 -3.698 -3.838 -3.987 -3.429 -3.601 -3.773 -3.894 -4.004 -3.665 -3.808 -3.927 -4.026 -4.195 -3.771 -3.676 -3.828 -4.216 -4.386 -4.576 -3.861
0.053 -3.231 -3.181 -3.256 -3.449 -3.591 -3.73 -3.37 -3.471 -3.594 -3.736 -3.876 -4.025 -3.466 -3.639 -3.811 -3.931 -4.042 -3.703 -3.845 -3.965 -4.064 -4.232 -3.808 -3.713 -3.866 -4.254 -4.423 -4.614 -3.899
0.0543 -3.268 -3.219 -3.293 -3.486 -3.629 -3.768 -3.407 -3.509 -3.631 -3.773 -3.914 -4.062 -3.504 -3.676 -3.848 -3.969 -4.08 -3.74 -3.883 -4.003 -4.102 -4.27 -3.846 -3.751 -3.904 -4.292 -4.461 -4.651 -3.936
0.0556 -3.306 -3.256 -3.331 -3.524 -3.666 -3.806 -3.445 -3.546 -3.669 -3.811 -3.951 -4.1 -3.541 -3.714 -3.886 -4.006 -4.117 -3.778 -3.92 -4.04 -4.139 -4.307 -3.884 -3.788 -3.941 -4.329 -4.498 -4.689 -3.974
0.057 -3.343 -3.294 -3.369 -3.562 -3.704 -3.843 -3.482 -3.584 -3.706 -3.848 -3.989 -4.137 -3.579 -3.751 -3.923 -4.044 -4.155 -3.815 -3.958 -4.078 -4.177 -4.345 -3.921 -3.826 -3.979 -4.367 -4.536 -4.726 -4.011
0.0584 -3.381 -3.331 -3.406 -3.599 -3.741 -3.881 -3.52 -3.621 -3.744 -3.886 -4.026 -4.175 -3.616 -3.789 -3.961 -4.082 -4.192 -3.853 -3.995 -4.115 -4.214 -4.382 -3.959 -3.863 -4.016 -4.404 -4.573 -4.764 -4.049
0.0598 -3.407 -3.358 -3.432 -3.625 -3.768 -3.907 -3.546 -3.648 -3.77 -3.912 -4.053 -4.201 -3.643 -3.815 -3.987 -4.108 -4.218 -3.879 -4.022 -4.141 -4.24 -4.409 -3.985 -3.89 -4.042 -4.43 -4.6 -4.79 -4.075
0.0612 -3.433 -3.384 -3.459 -3.651 -3.794 -3.933 -3.572 -3.674 -3.796 -3.938 -4.079 -4.227 -3.669 -3.841 -4.013 -4.134 -4.245 -3.905 -4.048 -4.168 -4.267 -4.435 -4.011 -3.916 -4.069 -4.457 -4.626 -4.816 -4.101
0.0627 -3.459 -3.41 -3.485 -3.678 -3.82 -3.959 -3.598 -3.7 -3.822 -3.964 -4.105 -4.253 -3.695 -3.868 -4.039 -4.16 -4.271 -3.931 -4.074 -4.194 -4.293 -4.461 -4.037 -3.942 -4.095 -4.483 -4.652 -4.842 -4.127
0.0642 -3.485 -3.436 -3.511 -3.704 -3.846 -3.985 -3.624 -3.726 -3.848 -3.99 -4.131 -4.279 -3.721 -3.894 -4.065 -4.186 -4.297 -3.957 -4.1 -4.22 -4.319 -4.487 -4.063 -3.968 -4.121 -4.509 -4.678 -4.868 -4.153
