web/models/grb/offaxis/5/grb_0.2967_138.9495_0.0100000.dat
# %ECSV 1.0
# ---
# datatype:
# - {name: time, datatype: float64}
# - {name: swift_uvot_uvw2, datatype: float64}
# - {name: swift_uvot_uvm2, datatype: float64}
# - {name: swift_uvot_uvw1, datatype: float64}
# - {name: swift_uvot_U, datatype: float64}
# - {name: swift_uvot_B, datatype: float64}
# - {name: swift_uvot_V, datatype: float64}
# - {name: swift_uvot_W, datatype: float64}
# - {name: johnson_U, datatype: float64}
# - {name: johnson_B, datatype: float64}
# - {name: johnson_V, datatype: float64}
# - {name: johnson_R, datatype: float64}
# - {name: johnson_I, datatype: float64}
# - {name: sdss_u, datatype: float64}
# - {name: sdss_g, datatype: float64}
# - {name: sdss_r, datatype: float64}
# - {name: sdss_i, datatype: float64}
# - {name: sdss_z, datatype: float64}
# - {name: PS1_g, datatype: float64}
# - {name: PS1_r, datatype: float64}
# - {name: PS1_i, datatype: float64}
# - {name: PS1_z, datatype: float64}
# - {name: PS1_Y, datatype: float64}
# - {name: PS1_w, datatype: float64}
# - {name: ATLAS_c, datatype: float64}
# - {name: ATLAS_o, datatype: float64}
# - {name: ukirt_J, datatype: float64}
# - {name: ukirt_H, datatype: float64}
# - {name: ukirt_K, datatype: float64}
# - {name: Clear, datatype: float64}
# meta: !!omap
# - comment: [E = 0.06029923955985733, Eta0 = 8.02, GammaB = 12.0, dL = 0.012188, epsb = 6.760829753919819e-06, epse = 0.1, n = 0.01,
#     p = 2.15, theta_obs = 0.29670597283903605, xiN = 1.0, z = 0.0, type = grb, E_kiso = 138.9495494373139]
# schema: astropy-2.0
time swift_uvot_uvw2 swift_uvot_uvm2 swift_uvot_uvw1 swift_uvot_U swift_uvot_B swift_uvot_V swift_uvot_W johnson_U johnson_B johnson_V johnson_R johnson_I sdss_u sdss_g sdss_r sdss_i sdss_z PS1_g PS1_r PS1_i PS1_z PS1_Y PS1_w ATLAS_c ATLAS_o ukirt_J ukirt_H ukirt_K Clear
[from data line 324]
22.5999 -3.499 -3.449 -3.524 -3.717 -3.859 -3.998 -3.638 -3.739 -3.862 -4.004 -4.144 -4.293 -3.734 -3.907 -4.079 -4.199 -4.31 -3.971 -4.113 -4.233 -4.332 -4.5 -4.076 -3.981 -4.134 -4.522 -4.691 -4.882 -4.167
23.1451 -3.459 -3.41 -3.485 -3.678 -3.82 -3.959 -3.598 -3.7 -3.822 -3.964 -4.105 -4.253 -3.695 -3.867 -4.039 -4.16 -4.271 -3.931 -4.074 -4.194 -4.293 -4.461 -4.037 -3.942 -4.095 -4.483 -4.652 -4.842 -4.127
23.7034 -3.42 -3.37 -3.445 -3.638 -3.781 -3.92 -3.559 -3.661 -3.783 -3.925 -4.065 -4.214 -3.656 -3.828 -4.0 -4.121 -4.231 -3.892 -4.034 -4.154 -4.253 -4.422 -3.998 -3.903 -4.055 -4.443 -4.613 -4.803 -4.088
24.2752 -3.381 -3.331 -3.406 -3.599 -3.741 -3.88 -3.52 -3.621 -3.744 -3.886 -4.026 -4.175 -3.616 -3.789 -3.961 -4.081 -4.192 -3.853 -3.995 -4.115 -4.214 -4.382 -3.958 -3.863 -4.016 -4.404 -4.573 -4.764 -4.049
24.8608 -3.341 -3.292 -3.367 -3.56 -3.702 -3.841 -3.48 -3.582 -3.704 -3.846 -3.987 -4.135 -3.577 -3.75 -3.921 -4.042 -4.153 -3.813 -3.956 -4.076 -4.175 -4.343 -3.919 -3.824 -3.977 -4.365 -4.534 -4.724 -4.009
25.4606 -3.302 -3.252 -3.327 -3.52 -3.663 -3.802 -3.441 -3.543 -3.665 -3.807 -3.947 -4.096 -3.538 -3.71 -3.882 -4.003 -4.113 -3.774 -3.917 -4.036 -4.135 -4.304 -3.88 -3.785 -3.937 -4.325 -4.495 -4.685 -3.97
26.0748 -3.263 -3.213 -3.288 -3.481 -3.623 -3.762 -3.402 -3.503 -3.626 -3.768 -3.908 -4.057 -3.498 -3.671 -3.843 -3.963 -4.074 -3.735 -3.877 -3.997 -4.096 -4.264 -3.84 -3.745 -3.898 -4.286 -4.455 -4.646 -3.931
26.7038 -3.216 -3.167 -3.241 -3.434 -3.577 -3.716 -3.355 -3.457 -3.579 -3.721 -3.862 -4.01 -3.452 -3.624 -3.796 -3.917 -4.028 -3.688 -3.831 -3.95 -4.049 -4.218 -3.794 -3.699 -3.852 -4.239 -4.409 -4.599 -3.884
27.3479 -3.153 -3.104 -3.179 -3.372 -3.514 -3.653 -3.292 -3.394 -3.517 -3.658 -3.799 -3.947 -3.389 -3.562 -3.733 -3.854 -3.965 -3.625 -3.768 -3.888 -3.987 -4.155 -3.731 -3.636 -3.789 -4.177 -4.346 -4.536 -3.821
28.0077 -3.091 -3.041 -3.116 -3.309 -3.451 -3.591 -3.23 -3.331 -3.454 -3.596 -3.736 -3.885 -3.326 -3.499 -3.671 -3.792 -3.902 -3.563 -3.705 -3.825 -3.924 -4.092 -3.669 -3.573 -3.726 -4.114 -4.283 -4.474 -3.759
28.6833 -3.028 -2.979 -3.053 -3.246 -3.389 -3.528 -3.167 -3.269 -3.391 -3.533 -3.674 -3.822 -3.264 -3.436 -3.608 -3.729 -3.839 -3.5 -3.643 -3.762 -3.861 -4.03 -3.606 -3.511 -3.663 -4.051 -4.221 -4.411 -3.696
29.3752 -2.965 -2.916 -2.991 -3.184 -3.326 -3.465 -3.104 -3.206 -3.328 -3.47 -3.611 -3.759 -3.201 -3.374 -3.545 -3.666 -3.777 -3.437 -3.58 -3.7 -3.799 -3.967 -3.543 -3.448 -3.601 -3.989 -4.158 -4.348 -3.633
30.0838 -2.903 -2.853 -2.928 -3.121 -3.263 -3.403 -3.042 -3.143 -3.266 -3.408 -3.548 -3.697 -3.138 -3.311 -3.483 -3.603 -3.714 -3.375 -3.517 -3.637 -3.736 -3.904 -3.481 -3.385 -3.538 -3.926 -4.095 -4.286 -3.571
30.8096 -2.84 -2.791 -2.865 -3.058 -3.201 -3.34 -2.979 -3.081 -3.203 -3.345 -3.486 -3.634 -3.076 -3.248 -3.42 -3.541 -3.651 -3.312 -3.455 -3.574 -3.673 -3.842 -3.418 -3.323 -3.475 -3.863 -4.033 -4.223 -3.508
31.5528 -2.777 -2.728 -2.803 -2.996 -3.138 -3.277 -2.916 -3.018 -3.14 -3.282 -3.423 -3.571 -3.013 -3.186 -3.357 -3.478 -3.589 -3.249 -3.392 -3.512 -3.611 -3.779 -3.355 -3.26 -3.413 -3.801 -3.97 -4.16 -3.445
32.3139 -2.715 -2.665 -2.74 -2.933 -3.075 -3.215 -2.854 -2.955 -3.078 -3.22 -3.36 -3.509 -2.95 -3.123 -3.295 -3.415 -3.526 -3.187 -3.329 -3.449 -3.548 -3.716 -3.293 -3.197 -3.35 -3.738 -3.907 -4.098 -3.383
33.0935 -2.652 -2.603 -2.677 -2.87 -3.013 -3.152 -2.791 -2.893 -3.015 -3.157 -3.297 -3.446 -2.888 -3.06 -3.232 -3.353 -3.463 -3.124 -3.267 -3.386 -3.485 -3.654 -3.23 -3.135 -3.287 -3.675 -3.845 -4.035 -3.32
33.8918 -2.585 -2.536 -2.611 -2.804 -2.946 -3.085 -2.724 -2.826 -2.948 -3.09 -3.231 -3.379 -2.821 -2.993 -3.165 -3.286 -3.397 -3.057 -3.2 -3.32 -3.419 -3.587 -3.163 -3.068 -3.221 -3.609 -3.778 -3.968 -3.253
34.7093 -2.513 -2.464 -2.539 -2.732 -2.874 -3.013 -2.653 -2.754 -2.877 -3.018 -3.159 -3.308 -2.749 -2.922 -3.094 -3.214 -3.325 -2.985 -3.128 -3.248 -3.347 -3.515 -3.091 -2.996 -3.149 -3.537 -3.706 -3.897 -3.182
35.5466 -2.442 -2.392 -2.467 -2.66 -2.802 -2.942 -2.581 -2.682 -2.805 -2.947 -3.087 -3.236 -2.677 -2.85 -3.022 -3.143 -3.253 -2.914 -3.056 -3.176 -3.275 -3.443 -3.02 -2.924 -3.077 -3.465 -3.634 -3.825 -3.11
36.4041 -2.37 -2.321 -2.395 -2.588 -2.731 -2.87 -2.509 -2.611 -2.733 -2.875 -3.016 -3.164 -2.606 -2.778 -2.95 -3.071 -3.181 -2.842 -2.985 -3.104 -3.203 -3.372 -2.948 -2.853 -3.005 -3.393 -3.563 -3.753 -3.038
37.2823 -2.298 -2.249 -2.324 -2.517 -2.659 -2.798 -2.437 -2.539 -2.661 -2.803 -2.944 -3.092 -2.534 -2.707 -2.878 -2.999 -3.11 -2.77 -2.913 -3.033 -3.132 -3.3 -2.876 -2.781 -2.934 -3.322 -3.491 -3.681 -2.966
38.1817 -2.227 -2.177 -2.252 -2.445 -2.587 -2.726 -2.366 -2.467 -2.59 -2.732 -2.872 -3.021 -2.462 -2.635 -2.807 -2.927 -3.038 -2.699 -2.841 -2.961 -3.06 -3.228 -2.804 -2.709 -2.862 -3.25 -3.419 -3.61 -2.895
39.1028 -2.155 -2.105 -2.18 -2.373 -2.516 -2.655 -2.294 -2.396 -2.518 -2.66 -2.8 -2.949 -2.39 -2.563 -2.735 -2.856 -2.966 -2.627 -2.769 -2.889 -2.988 -3.157 -2.733 -2.637 -2.79 -3.178 -3.348 -3.538 -2.823
40.046 -2.083 -2.034 -2.108 -2.301 -2.444 -2.583 -2.222 -2.324 -2.446 -2.588 -2.729 -2.877 -2.319 -2.491 -2.663 -2.784 -2.895 -2.555 -2.698 -2.817 -2.917 -3.085 -2.661 -2.566 -2.719 -3.106 -3.276 -3.466 -2.751
41.0121 -2.011 -1.962 -2.037 -2.23 -2.372 -2.511 -2.15 -2.252 -2.374 -2.516 -2.657 -2.805 -2.247 -2.42 -2.591 -2.712 -2.823 -2.483 -2.626 -2.746 -2.845 -3.013 -2.589 -2.494 -2.647 -3.035 -3.204 -3.394 -2.679
42.0014 -1.94 -1.89 -1.965 -2.158 -2.3 -2.439 -2.079 -2.18 -2.303 -2.445 -2.585 -2.734 -2.175 -2.348 -2.52 -2.64 -2.751 -2.412 -2.554 -2.674 -2.773 -2.941 -2.517 -2.422 -2.575 -2.963 -3.132 -3.323 -2.608
43.0146 -1.867 -1.818 -1.893 -2.086 -2.228 -2.367 -2.006 -2.108 -2.231 -2.372 -2.513 -2.661 -2.103 -2.276 -2.448 -2.568 -2.679 -2.339 -2.482 -2.602 -2.701 -2.869 -2.445 -2.35 -2.503 -2.891 -3.06 -3.25 -2.535
44.0523 -1.795 -1.745 -1.82 -2.013 -2.156 -2.295 -1.934 -2.036 -2.158 -2.3 -2.44 -2.589 -2.031 -2.203 -2.375 -2.496 -2.606 -2.267 -2.409 -2.529 -2.628 -2.797 -2.373 -2.278 -2.43 -2.818 -2.988 -3.178 -2.463
45.1149 -1.722 -1.673 -1.748 -1.941 -2.083 -2.222 -1.861 -1.963 -2.085 -2.227 -2.368 -2.516 -1.958 -2.131 -2.302 -2.423 -2.534 -2.194 -2.337 -2.457 -2.556 -2.724 -2.3 -2.205 -2.358 -2.746 -2.915 -3.105 -2.39
46.2033 -1.65 -1.6 -1.675 -1.868 -2.011 -2.15 -1.789 -1.891 -2.013 -2.155 -2.295 -2.444 -1.886 -2.058 -2.23 -2.351 -2.461 -2.122 -2.264 -2.384 -2.483 -2.652 -2.228 -2.132 -2.285 -2.673 -2.843 -3.033 -2.318
47.3178 -1.577 -1.528 -1.603 -1.796 -1.938 -2.077 -1.716 -1.818 -1.94 -2.082 -2.223 -2.371 -1.813 -1.986 -2.157 -2.278 -2.389 -2.049 -2.192 -2.312 -2.411 -2.579 -2.155 -2.06 -2.213 -2.601 -2.77 -2.96 -2.245
48.4593 -1.505 -1.455 -1.53 -1.723 -1.866 -2.005 -1.644 -1.745 -1.868 -2.01 -2.15 -2.299 -1.74 -1.913 -2.085 -2.206 -2.316 -1.977 -2.119 -2.239 -2.338 -2.506 -2.083 -1.987 -2.14 -2.528 -2.698 -2.888 -2.173
49.6283 -1.432 -1.383 -1.458 -1.651 -1.793 -1.932 -1.571 -1.673 -1.795 -1.937 -2.078 -2.226 -1.668 -1.841 -2.012 -2.133 -2.244 -1.904 -2.047 -2.167 -2.266 -2.434 -2.01 -1.915 -2.068 -2.456 -2.625 -2.815 -2.1
50.8255 -1.36 -1.31 -1.385 -1.578 -1.72 -1.86 -1.499 -1.6 -1.723 -1.865 -2.005 -2.154 -1.595 -1.768 -1.94 -2.061 -2.171 -1.832 -1.974 -2.094 -2.193 -2.361 -1.938 -1.842 -1.995 -2.383 -2.552 -2.743 -2.028
52.0515 -1.287 -1.238 -1.313 -1.506 -1.648 -1.787 -1.426 -1.528 -1.65 -1.792 -1.933 -2.081 -1.523 -1.695 -1.867 -1.988 -2.099 -1.759 -1.902 -2.022 -2.121 -2.289 -1.865 -1.77 -1.923 -2.311 -2.48 -2.67 -1.955
53.3072 -1.215 -1.165 -1.24 -1.433 -1.575 -1.715 -1.354 -1.455 -1.578 -1.72 -1.86 -2.009 -1.45 -1.623 -1.795 -1.915 -2.026 -1.687 -1.829 -1.949 -2.048 -2.216 -1.793 -1.697 -1.85 -2.238 -2.407 -2.598 -1.883
54.5931 -1.147 -1.098 -1.173 -1.365 -1.508 -1.647 -1.286 -1.388 -1.51 -1.652 -1.793 -1.941 -1.383 -1.555 -1.727 -1.848 -1.959 -1.619 -1.762 -1.882 -1.981 -2.149 -1.725 -1.63 -1.783 -2.171 -2.34 -2.53 -1.815
55.9101 -1.081 -1.032 -1.107 -1.3 -1.442 -1.581 -1.22 -1.322 -1.445 -1.586 -1.727 -1.875 -1.317 -1.49 -1.662 -1.782 -1.893 -1.553 -1.696 -1.816 -1.915 -2.083 -1.659 -1.564 -1.717 -2.105 -2.274 -2.465 -1.75
57.2588 -1.016 -0.966 -1.041 -1.234 -1.376 -1.516 -1.155 -1.256 -1.379 -1.521 -1.661 -1.81 -1.251 -1.424 -1.596 -1.717 -1.827 -1.488 -1.63 -1.75 -1.849 -2.017 -1.594 -1.498 -1.651 -2.039 -2.208 -2.399 -1.684
58.6401 -0.95 -0.901 -0.975 -1.168 -1.311 -1.45 -1.089 -1.191 -1.313 -1.455 -1.595 -1.744 -1.186 -1.358 -1.53 -1.651 -1.761 -1.422 -1.565 -1.684 -1.783 -1.952 -1.528 -1.433 -1.585 -1.973 -2.143 -2.333 -1.618
60.0546 -0.884 -0.835 -0.91 -1.103 -1.245 -1.384 -1.023 -1.125 -1.247 -1.389 -1.53 -1.678 -1.12 -1.293 -1.464 -1.585 -1.696 -1.356 -1.499 -1.619 -1.718 -1.886 -1.462 -1.367 -1.52 -1.908 -2.077 -2.267 -1.552
61.5034 -0.819 -0.769 -0.844 -1.037 -1.179 -1.318 -0.958 -1.059 -1.182 -1.324 -1.464 -1.613 -1.054 -1.227 -1.399 -1.519 -1.63 -1.291 -1.433 -1.553 -1.652 -1.82 -1.396 -1.301 -1.454 -1.842 -2.011 -2.202 -1.487
62.987 -0.753 -0.703 -0.778 -0.971 -1.114 -1.253 -0.892 -0.994 -1.116 -1.258 -1.398 -1.547 -0.989 -1.161 -1.333 -1.454 -1.564 -1.225 -1.367 -1.487 -1.586 -1.755 -1.331 -1.235 -1.388 -1.776 -1.946 -2.136 -1.421
64.5065 -0.687 -0.638 -0.712 -0.905 -1.048 -1.187 -0.826 -0.928 -1.05 -1.192 -1.333 -1.481 -0.923 -1.095 -1.267 -1.388 -1.499 -1.159 -1.302 -1.422 -1.521 -1.689 -1.265 -1.17 -1.323 -1.711 -1.88 -2.07 -1.355
66.0626 -0.621 -0.572 -0.647 -0.84 -0.982 -1.121 -0.76 -0.862 -0.985 -1.126 -1.267 -1.415 -0.857 -1.03 -1.202 -1.322 -1.433 -1.093 -1.236 -1.356 -1.455 -1.623 -1.199 -1.104 -1.257 -1.645 -1.814 -2.004 -1.289
67.6562 -0.556 -0.506 -0.581 -0.774 -0.916 -1.056 -0.695 -0.796 -0.919 -1.061 -1.201 -1.35 -0.791 -0.964 -1.136 -1.256 -1.367 -1.028 -1.17 -1.29 -1.389 -1.557 -1.134 -1.038 -1.191 -1.579 -1.748 -1.939 -1.224
69.2883 -0.498 -0.449 -0.524 -0.717 -0.859 -0.998 -0.638 -0.739 -0.862 -1.003 -1.144 -1.293 -0.734 -0.907 -1.079 -1.199 -1.31 -0.97 -1.113 -1.233 -1.332 -1.5 -1.076 -0.981 -1.134 -1.522 -1.691 -1.882 -1.167
70.9597 -0.442 -0.393 -0.468 -0.661 -0.803 -0.942 -0.581 -0.683 -0.806 -0.947 -1.088 -1.236 -0.678 -0.851 -1.022 -1.143 -1.254 -0.914 -1.057 -1.177 -1.276 -1.444 -1.02 -0.925 -1.078 -1.466 -1.635 -1.825 -1.11
72.6715 -0.386 -0.337 -0.412 -0.605 -0.747 -0.886 -0.525 -0.627 -0.749 -0.891 -1.032 -1.18 -0.622 -0.795 -0.966 -1.087 -1.198 -0.858 -1.001 -1.121 -1.22 -1.388 -0.964 -0.869 -1.022 -1.41 -1.579 -1.769 -1.054
74.4246 -0.33 -0.281 -0.356 -0.549 -0.691 -0.83 -0.469 -0.571 -0.693 -0.835 -0.976 -1.124 -0.566 -0.738 -0.91 -1.031 -1.142 -0.802 -0.945 -1.065 -1.164 -1.332 -0.908 -0.813 -0.966 -1.354 -1.523 -1.713 -0.998
76.2199 -0.274 -0.225 -0.299 -0.492 -0.635 -0.774 -0.413 -0.515 -0.637 -0.779 -0.92 -1.068 -0.51 -0.682 -0.854 -0.975 -1.086 -0.746 -0.889 -1.009 -1.108 -1.276 -0.852 -0.757 -0.91 -1.298 -1.467 -1.657 -0.942
78.0586 -0.218 -0.169 -0.243 -0.436 -0.579 -0.718 -0.357 -0.459 -0.581 -0.723 -0.864 -1.012 -0.454 -0.626 -0.798 -0.919 -1.029 -0.69 -0.833 -0.952 -1.051 -1.22 -0.796 -0.701 -0.853 -1.241 -1.411 -1.601 -0.886
79.9416 -0.162 -0.112 -0.187 -0.38 -0.523 -0.662 -0.301 -0.403 -0.525 -0.667 -0.807 -0.956 -0.398 -0.57 -0.742 -0.863 -0.973 -0.634 -0.777 -0.896 -0.995 -1.164 -0.74 -0.645 -0.797 -1.185 -1.355 -1.545 -0.83
81.87 -0.106 -0.056 -0.131 -0.324 -0.467 -0.606 -0.245 -0.347 -0.469 -0.611 -0.751 -0.9 -0.342 -0.514 -0.686 -0.807 -0.917 -0.578 -0.72 -0.84 -0.939 -1.108 -0.684 -0.589 -0.741 -1.129 -1.299 -1.489 -0.774
83.845 -0.05 -0.0 -0.075 -0.268 -0.411 -0.55 -0.189 -0.29 -0.413 -0.555 -0.695 -0.844 -0.285 -0.458 -0.63 -0.751 -0.861 -0.522 -0.664 -0.784 -0.883 -1.051 -0.628 -0.532 -0.685 -1.073 -1.243 -1.433 -0.718
85.8676 0.006 0.056 -0.019 -0.212 -0.354 -0.494 -0.133 -0.234 -0.357 -0.499 -0.639 -0.788 -0.229 -0.402 -0.574 -0.695 -0.805 -0.466 -0.608 -0.728 -0.827 -0.995 -0.572 -0.476 -0.629 -1.017 -1.186 -1.377 -0.662
87.939 0.061 0.11 0.035 -0.158 -0.3 -0.439 -0.079 -0.18 -0.303 -0.445 -0.585 -0.734 -0.175 -0.348 -0.52 -0.64 -0.751 -0.412 -0.554 -0.674 -0.773 -0.941 -0.517 -0.422 -0.575 -0.963 -1.132 -1.323 -0.608
90.0604 0.115 0.164 0.089 -0.104 -0.246 -0.385 -0.024 -0.126 -0.248 -0.39 -0.531 -0.679 -0.121 -0.294 -0.465 -0.586 -0.697 -0.357 -0.5 -0.62 -0.719 -0.887 -0.463 -0.368 -0.521 -0.909 -1.078 -1.268 -0.553
92.2329 0.169 0.218 0.144 -0.049 -0.192 -0.331 0.03 -0.072 -0.194 -0.336 -0.477 -0.625 -0.067 -0.239 -0.411 -0.532 -0.643 -0.303 -0.446 -0.565 -0.664 -0.833 -0.409 -0.314 -0.466 -0.854 -1.024 -1.214 -0.499
94.4579 0.223 0.273 0.198 0.005 -0.138 -0.277 0.084 -0.018 -0.14 -0.282 -0.422 -0.571 -0.013 -0.185 -0.357 -0.478 -0.588 -0.249 -0.391 -0.511 -0.61 -0.779 -0.355 -0.259 -0.412 -0.8 -0.97 -1.16 -0.445
96.7365 0.277 0.327 0.252 0.059 -0.083 -0.222 0.138 0.037 -0.086 -0.228 -0.368 -0.517 0.042 -0.131 -0.303 -0.423 -0.534 -0.195 -0.337 -0.457 -0.556 -0.724 -0.3 -0.205 -0.358 -0.746 -0.915 -1.106 -0.391
99.0701 0.332 0.381 0.306 0.113 -0.029 -0.168 0.193 0.091 -0.032 -0.173 -0.314 -0.462 0.096 -0.077 -0.248 -0.369 -0.48 -0.14 -0.283 -0.403 -0.502 -0.67 -0.246 -0.151 -0.304 -0.692 -0.861 -1.051 -0.336
101.4599 0.386 0.435 0.36 0.168 0.025 -0.114 0.247 0.145 0.023 -0.119 -0.26 -0.408 0.15 -0.022 -0.194 -0.315 -0.426 -0.086 -0.229 -0.349 -0.448 -0.616 -0.192 -0.097 -0.25 -0.638 -0.807 -0.997 -0.282
103.9075 0.44 0.49 0.415 0.222 0.079 -0.06 0.301 0.199 0.077 -0.065 -0.205 -0.354 0.204 0.032 -0.14 -0.261 -0.371 -0.032 -0.175 -0.294 -0.393 -0.562 -0.138 -0.043 -0.195 -0.583 -0.753 -0.943 -0.228
106.4141 0.494 0.544 0.469 0.276 0.134 -0.006 0.355 0.254 0.131 -0.011 -0.151 -0.3 0.259 0.086 -0.086 -0.206 -0.317 0.022 -0.12 -0.24 -0.339 -0.507 -0.084 0.012 -0.141 -0.529 -0.698 -0.889 -0.174
108.9811 0.548 0.597 0.522 0.329 0.187 0.048 0.409 0.307 0.184 0.043 -0.098 -0.246 0.312 0.139 -0.032 -0.153 -0.264 0.076 -0.067 -0.187 -0.286 -0.454 -0.03 0.065 -0.088 -0.476 -0.645 -0.835 -0.12
111.6101 0.597 0.646 0.571 0.378 0.236 0.097 0.457 0.356 0.233 0.091 -0.049 -0.198 0.361 0.188 0.016 -0.104 -0.215 0.124 -0.018 -0.138 -0.237 -0.405 0.019 0.114 -0.039 -0.427 -0.596 -0.787 -0.072
114.3025 0.645 0.695 0.62 0.427 0.285 0.145 0.506 0.405 0.282 0.14 -0.0 -0.149 0.41 0.237 0.065 -0.055 -0.166 0.173 0.031 -0.089 -0.188 -0.356 0.067 0.163 0.01 -0.378 -0.547 -0.738 -0.023
117.0598 0.694 0.744 0.669 0.476 0.333 0.194 0.555 0.453 0.331 0.189 0.049 -0.1 0.459 0.286 0.114 -0.007 -0.117 0.222 0.08 -0.04 -0.139 -0.307 0.116 0.212 0.059 -0.329 -0.499 -0.689 0.026
119.8836 0.743 0.793 0.718 0.525 0.382 0.243 0.604 0.502 0.38 0.238 0.098 -0.051 0.507 0.335 0.163 0.042 -0.068 0.271 0.128 0.009 -0.09 -0.259 0.165 0.26 0.108 -0.28 -0.45 -0.64 0.075
122.7756 0.792 0.841 0.767 0.574 0.431 0.292 0.653 0.551 0.429 0.287 0.146 -0.002 0.556 0.384 0.212 0.091 -0.02 0.32 0.177 0.058 -0.042 -0.21 0.214 0.309 0.156 -0.231 -0.401 -0.591 0.124
125.7373 0.841 0.89 0.815 0.622 0.48 0.341 0.702 0.6 0.478 0.336 0.195 0.047 0.605 0.433 0.261 0.14 0.029 0.369 0.226 0.106 0.007 -0.161 0.263 0.358 0.205 -0.183 -0.352 -0.542 0.173
128.7705 0.89 0.939 0.864 0.671 0.529 0.39 0.751 0.649 0.526 0.385 0.244 0.096 0.654 0.481 0.31 0.189 0.078 0.418 0.275 0.155 0.056 -0.112 0.312 0.407 0.254 -0.134 -0.303 -0.493 0.222
131.8769 0.939 0.988 0.913 0.72 0.578 0.439 0.799 0.698 0.575 0.433 0.293 0.144 0.703 0.53 0.358 0.238 0.127 0.466 0.324 0.204 0.105 -0.063 0.361 0.456 0.303 -0.085 -0.254 -0.445 0.27
135.0582 0.987 1.037 0.962 0.769 0.627 0.487 0.848 0.747 0.624 0.482 0.342 0.193 0.752 0.579 0.407 0.287 0.176 0.515 0.373 0.253 0.154 -0.014 0.41 0.505 0.352 -0.036 -0.205 -0.396 0.319
138.3162 1.035 1.084 1.01 0.817 0.674 0.535 0.896 0.794 0.672 0.53 0.389 0.241 0.799 0.627 0.455 0.334 0.223 0.563 0.42 0.301 0.202 0.033 0.457 0.552 0.4 0.012 -0.158 -0.348 0.367
