web/models/grb/offaxis/5/grb_0.2967_1.3895_0.0006310.dat
# %ECSV 1.0
# ---
# datatype:
# - {name: time, datatype: float64}
# - {name: swift_uvot_uvw2, datatype: float64}
# - {name: swift_uvot_uvm2, datatype: float64}
# - {name: swift_uvot_uvw1, datatype: float64}
# - {name: swift_uvot_U, datatype: float64}
# - {name: swift_uvot_B, datatype: float64}
# - {name: swift_uvot_V, datatype: float64}
# - {name: swift_uvot_W, datatype: float64}
# - {name: johnson_U, datatype: float64}
# - {name: johnson_B, datatype: float64}
# - {name: johnson_V, datatype: float64}
# - {name: johnson_R, datatype: float64}
# - {name: johnson_I, datatype: float64}
# - {name: sdss_u, datatype: float64}
# - {name: sdss_g, datatype: float64}
# - {name: sdss_r, datatype: float64}
# - {name: sdss_i, datatype: float64}
# - {name: sdss_z, datatype: float64}
# - {name: PS1_g, datatype: float64}
# - {name: PS1_r, datatype: float64}
# - {name: PS1_i, datatype: float64}
# - {name: PS1_z, datatype: float64}
# - {name: PS1_Y, datatype: float64}
# - {name: ukirt_J, datatype: float64}
# - {name: ukirt_H, datatype: float64}
# - {name: ukirt_K, datatype: float64}
# meta: !!omap
# - comment: [E = 0.0006029923955985727, Eta0 = 8.02, GammaB = 12.0, dL = 0.012188, epsb = 6.760829753919819e-06, epse = 0.1, n = 0.000630957344480193,
#     p = 2.15, theta_obs = 0.29670597283903605, xiN = 1.0, z = 0.0, type = grb, E_kiso = 1.3894954943731375]
# schema: astropy-2.0
time swift_uvot_uvw2 swift_uvot_uvm2 swift_uvot_uvw1 swift_uvot_U swift_uvot_B swift_uvot_V swift_uvot_W johnson_U johnson_B johnson_V johnson_R johnson_I sdss_u sdss_g sdss_r sdss_i sdss_z PS1_g PS1_r PS1_i PS1_z PS1_Y ukirt_J ukirt_H ukirt_K
[from data line 306]
14.7153 4.194 4.244 4.169 3.976 3.833 3.694 4.055 3.953 3.831 3.689 3.549 3.4 3.958 3.786 3.614 3.493 3.383 3.722 3.579 3.46 3.361 3.192 3.171 3.001 2.811
15.0702 4.257 4.306 4.231 4.038 3.896 3.757 4.118 4.016 3.894 3.752 3.611 3.463 4.021 3.848 3.677 3.556 3.445 3.785 3.642 3.522 3.423 3.255 3.233 3.064 2.874
15.4338 4.319 4.369 4.294 4.101 3.959 3.82 4.18 4.079 3.956 3.814 3.674 3.525 4.084 3.911 3.739 3.619 3.508 3.847 3.705 3.585 3.486 3.318 3.296 3.127 2.936
15.8061 4.382 4.432 4.357 4.164 4.021 3.882 4.243 4.141 4.019 3.877 3.737 3.588 4.146 3.974 3.802 3.681 3.571 3.91 3.767 3.648 3.549 3.38 3.359 3.189 2.999
16.1874 4.445 4.494 4.419 4.226 4.084 3.945 4.306 4.204 4.082 3.94 3.799 3.651 4.209 4.036 3.865 3.744 3.633 3.973 3.83 3.71 3.611 3.443 3.421 3.252 3.062
16.5779 4.507 4.557 4.482 4.289 4.147 4.008 4.368 4.267 4.144 4.002 3.862 3.713 4.272 4.099 3.927 3.807 3.696 4.035 3.893 3.773 3.674 3.506 3.484 3.315 3.124
16.9778 4.57 4.62 4.545 4.352 4.209 4.07 4.431 4.329 4.207 4.065 3.925 3.776 4.334 4.162 3.99 3.869 3.759 4.098 3.956 3.836 3.737 3.568 3.547 3.377 3.187
17.3873 4.633 4.682 4.607 4.414 4.272 4.133 4.494 4.392 4.27 4.128 3.987 3.839 4.397 4.225 4.053 3.932 3.821 4.161 4.018 3.898 3.799 3.631 3.609 3.44 3.25
17.8068 4.695 4.745 4.67 4.477 4.335 4.196 4.556 4.455 4.332 4.19 4.05 3.901 4.46 4.287 4.115 3.995 3.884 4.223 4.081 3.961 3.862 3.694 3.672 3.503 3.312
18.2363 4.76 4.81 4.735 4.542 4.399 4.26 4.621 4.519 4.397 4.255 4.115 3.966 4.524 4.352 4.18 4.059 3.949 4.288 4.145 4.026 3.927 3.758 3.737 3.567 3.377
18.6762 4.832 4.881 4.806 4.613 4.471 4.332 4.693 4.591 4.469 4.327 4.186 4.038 4.596 4.424 4.252 4.131 4.02 4.36 4.217 4.097 3.998 3.83 3.808 3.639 3.449
19.1268 4.904 4.953 4.878 4.685 4.543 4.404 4.764 4.663 4.54 4.398 4.258 4.109 4.668 4.495 4.323 4.203 4.092 4.431 4.289 4.169 4.07 3.902 3.88 3.711 3.52
19.5882 4.975 5.025 4.95 4.757 4.614 4.475 4.836 4.735 4.612 4.47 4.33 4.181 4.74 4.567 4.395 4.274 4.164 4.503 4.361 4.241 4.142 3.974 3.952 3.782 3.592
20.0607 5.047 5.096 5.022 4.829 4.686 4.547 4.908 4.806 4.684 4.542 4.401 4.253 4.811 4.639 4.467 4.346 4.236 4.575 4.432 4.313 4.214 4.045 4.024 3.854 3.664
20.5446 5.119 5.168 5.093 4.9 4.758 4.619 4.98 4.878 4.756 4.614 4.473 4.325 4.883 4.71 4.539 4.418 4.307 4.647 4.504 4.384 4.285 4.117 4.095 3.926 3.736
21.0402 5.19 5.24 5.165 4.972 4.83 4.691 5.051 4.95 4.827 4.685 4.545 4.396 4.955 4.782 4.61 4.49 4.379 4.718 4.576 4.456 4.357 4.189 4.167 3.998 3.807
21.5478 5.262 5.312 5.237 5.044 4.901 4.762 5.123 5.021 4.899 4.757 4.617 4.468 5.026 4.854 4.682 4.561 4.451 4.79 4.648 4.528 4.429 4.26 4.239 4.069 3.879
22.0676 5.334 5.383 5.309 5.116 4.973 4.834 5.195 5.093 4.971 4.829 4.688 4.54 5.098 4.926 4.754 4.633 4.522 4.862 4.719 4.599 4.5 4.332 4.31 4.141 3.951
22.5999 5.406 5.455 5.38 5.187 5.045 4.906 5.267 5.165 5.042 4.901 4.76 4.612 5.17 4.997 4.826 4.705 4.594 4.934 4.791 4.671 4.572 4.404 4.382 4.213 4.023
23.1451 5.478 5.527 5.452 5.259 5.117 4.978 5.339 5.237 5.114 4.973 4.832 4.684 5.242 5.069 4.898 4.777 4.666 5.006 4.863 4.743 4.644 4.476 4.454 4.285 4.095
23.7034 5.55 5.6 5.525 5.332 5.189 5.05 5.411 5.309 5.187 5.045 4.905 4.756 5.314 5.142 4.97 4.849 4.739 5.078 4.936 4.816 4.717 4.548 4.527 4.357 4.167
24.2752 5.623 5.672 5.597 5.404 5.262 5.123 5.484 5.382 5.26 5.118 4.977 4.829 5.387 5.214 5.043 4.922 4.811 5.151 5.008 4.888 4.789 4.621 4.599 4.43 4.24
24.8608 5.695 5.745 5.67 5.477 5.334 5.195 5.556 5.455 5.332 5.19 5.05 4.901 5.46 5.287 5.115 4.994 4.884 5.223 5.081 4.961 4.862 4.694 4.672 4.502 4.312
25.4606 5.768 5.817 5.742 5.549 5.407 5.268 5.629 5.527 5.405 5.263 5.122 4.974 5.532 5.359 5.188 5.067 4.956 5.296 5.153 5.033 4.934 4.766 4.744 4.575 4.385
26.0748 5.84 5.89 5.815 5.622 5.48 5.34 5.701 5.6 5.477 5.335 5.195 5.046 5.605 5.432 5.26 5.139 5.029 5.368 5.226 5.106 5.007 4.839 4.817 4.648 4.457
26.7038 5.913 5.962 5.887 5.694 5.552 5.413 5.774 5.672 5.55 5.408 5.267 5.119 5.677 5.505 5.333 5.212 5.101 5.441 5.298 5.178 5.079 4.911 4.889 4.72 4.53
27.3479 5.985 6.035 5.96 5.767 5.625 5.485 5.846 5.745 5.622 5.48 5.34 5.191 5.75 5.577 5.405 5.285 5.174 5.513 5.371 5.251 5.152 4.984 4.962 4.793 4.602
28.0077 6.058 6.107 6.033 5.84 5.697 5.558 5.919 5.817 5.695 5.553 5.412 5.264 5.822 5.65 5.478 5.357 5.246 5.586 5.443 5.323 5.224 5.056 5.034 4.865 4.675
28.6833 6.13 6.18 6.105 5.912 5.77 5.631 5.991 5.89 5.767 5.625 5.485 5.336 5.895 5.722 5.55 5.43 5.319 5.658 5.516 5.396 5.297 5.129 5.107 4.938 4.747
29.3752 6.2 6.249 6.174 5.981 5.839 5.7 6.06 5.959 5.836 5.695 5.554 5.405 5.964 5.791 5.619 5.499 5.388 5.728 5.585 5.465 5.366 5.198 5.176 5.007 4.816
30.0838 6.265 6.315 6.24 6.047 5.905 5.765 6.126 6.025 5.902 5.76 5.62 5.471 6.03 5.857 5.685 5.564 5.454 5.793 5.651 5.531 5.432 5.264 5.242 5.073 4.882
30.8096 6.331 6.38 6.306 6.113 5.97 5.831 6.192 6.09 5.968 5.826 5.685 5.537 6.095 5.923 5.751 5.63 5.52 5.859 5.716 5.597 5.498 5.329 5.308 5.138 4.948
31.5528 6.397 6.446 6.371 6.178 6.036 5.897 6.258 6.156 6.034 5.892 5.751 5.603 6.161 5.988 5.817 5.696 5.585 5.925 5.782 5.662 5.563 5.395 5.373 5.204 5.014
32.3139 6.462 6.512 6.437 6.244 6.102 5.963 6.323 6.222 6.099 5.957 5.817 5.668 6.227 6.054 5.882 5.762 5.651 5.99 5.848 5.728 5.629 5.461 5.439 5.27 5.079
33.0935 6.528 6.578 6.503 6.31 6.167 6.028 6.389 6.287 6.165 6.023 5.883 5.734 6.292 6.12 5.948 5.827 5.717 6.056 5.914 5.794 5.695 5.526 5.505 5.335 5.145
33.8918 6.594 6.643 6.568 6.376 6.233 6.094 6.455 6.353 6.231 6.089 5.948 5.8 6.358 6.186 6.014 5.893 5.782 6.122 5.979 5.859 5.76 5.592 5.57 5.401 5.211
34.7093 6.66 6.709 6.634 6.441 6.299 6.16 6.521 6.419 6.296 6.155 6.014 5.866 6.424 6.251 6.079 5.959 5.848 6.188 6.045 5.925 5.826 5.658 5.636 5.467 5.276
35.5466 6.725 6.775 6.7 6.507 6.365 6.225 6.586 6.485 6.362 6.22 6.08 5.931 6.49 6.317 6.145 6.024 5.914 6.253 6.111 5.991 5.892 5.724 5.702 5.533 5.342
36.4041 6.791 6.84 6.766 6.573 6.43 6.291 6.652 6.55 6.428 6.286 6.146 5.997 6.555 6.383 6.211 6.09 5.98 6.319 6.176 6.057 5.958 5.789 5.768 5.598 5.408
37.2823 6.851 6.9 6.825 6.632 6.49 6.351 6.712 6.61 6.487 6.346 6.205 6.056 6.615 6.442 6.27 6.15 6.039 6.379 6.236 6.116 6.017 5.849 5.827 5.658 5.467
38.1817 6.907 6.956 6.881 6.688 6.546 6.407 6.768 6.666 6.544 6.402 6.261 6.113 6.671 6.498 6.327 6.206 6.095 6.435 6.292 6.172 6.073 5.905 5.883 5.714 5.524
39.1028 6.963 7.012 6.937 6.744 6.602 6.463 6.824 6.722 6.6 6.458 6.317 6.169 6.727 6.554 6.383 6.262 6.151 6.491 6.348 6.228 6.129 5.961 5.939 5.77 5.58
40.046 7.019 7.068 6.993 6.8 6.658 6.519 6.88 6.778 6.656 6.514 6.373 6.225 6.783 6.611 6.439 6.318 6.207 6.547 6.404 6.284 6.185 6.017 5.995 5.826 5.636
41.0121 7.075 7.124 7.05 6.857 6.714 6.575 6.936 6.834 6.712 6.57 6.429 6.281 6.839 6.667 6.495 6.374 6.263 6.603 6.46 6.34 6.241 6.073 6.051 5.882 5.692
42.0014 7.131 7.18 7.106 6.913 6.77 6.631 6.992 6.89 6.768 6.626 6.485 6.337 6.895 6.723 6.551 6.43 6.32 6.659 6.516 6.397 6.298 6.129 6.108 5.938 5.748
43.0146 7.187 7.237 7.162 6.969 6.826 6.687 7.048 6.946 6.824 6.682 6.542 6.393 6.951 6.779 6.607 6.486 6.376 6.715 6.572 6.453 6.354 6.185 6.164 5.994 5.804
44.0523 7.243 7.293 7.218 7.025 6.882 6.743 7.104 7.002 6.88 6.738 6.598 6.449 7.007 6.835 6.663 6.542 6.432 6.771 6.629 6.509 6.41 6.241 6.22 6.05 5.86
45.1149 7.299 7.349 7.274 7.081 6.939 6.799 7.16 7.059 6.936 6.794 6.654 6.505 7.064 6.891 6.719 6.598 6.488 6.827 6.685 6.565 6.466 6.298 6.276 6.107 5.916
46.2033 7.355 7.405 7.33 7.137 6.995 6.855 7.216 7.115 6.992 6.85 6.71 6.561 7.12 6.947 6.775 6.655 6.544 6.883 6.741 6.621 6.522 6.354 6.332 6.163 5.972
47.3178 7.41 7.459 7.385 7.192 7.049 6.91 7.271 7.169 7.047 6.905 6.764 6.616 7.174 7.002 6.83 6.709 6.599 6.938 6.795 6.676 6.577 6.408 6.387 6.217 6.027
48.4593 7.464 7.514 7.439 7.246 7.103 6.964 7.325 7.223 7.101 6.959 6.819 6.67 7.228 7.056 6.884 6.763 6.653 6.992 6.85 6.73 6.631 6.462 6.441 6.271 6.081
49.6283 7.518 7.568 7.493 7.3 7.158 7.019 7.379 7.278 7.155 7.013 6.873 6.724 7.283 7.11 6.938 6.818 6.707 7.046 6.904 6.784 6.685 6.517 6.495 6.326 6.135
50.8255 7.573 7.622 7.547 7.354 7.212 7.073 7.434 7.332 7.209 7.068 6.927 6.779 7.337 7.164 6.993 6.872 6.761 7.101 6.958 6.838 6.739 6.571 6.549 6.38 6.19
52.0515 7.627 7.676 7.601 7.409 7.266 7.127 7.488 7.386 7.264 7.122 6.981 6.833 7.391 7.219 7.047 6.926 6.815 7.155 7.012 6.892 6.793 6.625 6.603 6.434 6.244
53.3072 7.681 7.731 7.656 7.463 7.32 7.181 7.542 7.44 7.318 7.176 7.036 6.887 7.445 7.273 7.101 6.98 6.87 7.209 7.067 6.947 6.848 6.679 6.658 6.488 6.298
54.5931 7.735 7.785 7.71 7.517 7.375 7.235 7.596 7.495 7.372 7.23 7.09 6.941 7.5 7.327 7.155 7.035 6.924 7.263 7.121 7.001 6.902 6.734 6.712 6.543 6.352
55.9101 7.79 7.839 7.764 7.571 7.429 7.29 7.65 7.549 7.426 7.285 7.144 6.995 7.554 7.381 7.209 7.089 6.978 7.318 7.175 7.055 6.956 6.788 6.766 6.597 6.406
57.2588 7.844 7.893 7.818 7.625 7.483 7.344 7.705 7.603 7.481 7.339 7.198 7.05 7.608 7.436 7.264 7.143 7.032 7.372 7.229 7.109 7.01 6.842 6.82 6.651 6.461
58.6401 7.898 7.947 7.873 7.68 7.537 7.398 7.759 7.657 7.535 7.393 7.252 7.104 7.662 7.49 7.318 7.197 7.087 7.426 7.283 7.164 7.065 6.896 6.875 6.705 6.515
60.0546 7.947 7.997 7.922 7.729 7.587 7.447 7.808 7.707 7.584 7.442 7.302 7.153 7.712 7.539 7.367 7.246 7.136 7.475 7.333 7.213 7.114 6.946 6.924 6.755 6.564
61.5034 7.996 8.046 7.971 7.778 7.635 7.496 7.857 7.755 7.633 7.491 7.351 7.202 7.76 7.588 7.416 7.295 7.185 7.524 7.382 7.262 7.163 6.994 6.973 6.803 6.613
62.987 8.045 8.094 8.02 7.827 7.684 7.545 7.906 7.804 7.682 7.54 7.399 7.251 7.809 7.637 7.465 7.344 7.234 7.573 7.43 7.311 7.212 7.043 7.022 6.852 6.662
64.5065 8.094 8.143 8.068 7.875 7.733 7.594 7.955 7.853 7.731 7.589 7.448 7.3 7.858 7.686 7.514 7.393 7.282 7.622 7.479 7.359 7.26 7.092 7.07 6.901 6.711
66.0626 8.143 8.192 8.117 7.924 7.782 7.643 8.004 7.902 7.78 7.638 7.497 7.349 7.907 7.734 7.563 7.442 7.331 7.671 7.528 7.408 7.309 7.141 7.119 6.95 6.76
67.6562 8.192 8.241 8.166 7.973 7.831 7.692 8.052 7.951 7.828 7.687 7.546 7.397 7.956 7.783 7.611 7.491 7.38 7.72 7.577 7.457 7.358 7.19 7.168 6.999 6.808
69.2883 8.24 8.29 8.215 8.022 7.88 7.741 8.101 8.0 7.877 7.735 7.595 7.446 8.005 7.832 7.66 7.54 7.429 7.768 7.626 7.506 7.407 7.239 7.217 7.048 6.857
70.9597 8.289 8.339 8.264 8.071 7.929 7.789 8.15 8.049 7.926 7.784 7.644 7.495 8.054 7.881 7.709 7.588 7.478 7.817 7.675 7.555 7.456 7.288 7.266 7.097 6.906
72.6715 8.338 8.388 8.313 8.12 7.977 7.838 8.199 8.097 7.975 7.833 7.693 7.544 8.102 7.93 7.758 7.637 7.527 7.866 7.724 7.604 7.505 7.336 7.315 7.145 6.955
74.4246 8.387 8.436 8.361 8.168 8.026 7.887 8.248 8.146 8.024 7.882 7.741 7.593 8.151 7.978 7.807 7.686 7.575 7.915 7.772 7.652 7.553 7.385 7.363 7.194 7.004
76.2199 8.431 8.481 8.406 8.213 8.071 7.932 8.292 8.191 8.068 7.926 7.786 7.637 8.196 8.023 7.851 7.731 7.62 7.959 7.817 7.697 7.598 7.43 7.408 7.239 7.048
78.0586 8.476 8.526 8.451 8.258 8.116 7.976 8.337 8.236 8.113 7.971 7.831 7.682 8.241 8.068 7.896 7.775 7.665 8.004 7.862 7.742 7.643 7.475 7.453 7.284 7.093
79.9416 8.521 8.571 8.496 8.303 8.16 8.021 8.382 8.28 8.158 8.016 7.876 7.727 8.285 8.113 7.941 7.82 7.71 8.049 7.906 7.787 7.688 7.519 7.498 7.328 7.138
81.87 8.566 8.615 8.54 8.348 8.205 8.066 8.427 8.325 8.203 8.061 7.92 7.772 8.33 8.158 7.986 7.865 7.754 8.094 7.951 7.831 7.732 7.564 7.542 7.373 7.183
83.845 8.611 8.66 8.585 8.392 8.25 8.111 8.472 8.37 8.247 8.106 7.965 7.817 8.375 8.202 8.031 7.91 7.799 8.139 7.996 7.876 7.777 7.609 7.587 7.418 7.228
85.8676 8.655 8.705 8.63 8.437 8.295 8.156 8.516 8.415 8.292 8.15 8.01 7.861 8.42 8.247 8.075 7.955 7.844 8.183 8.041 7.921 7.822 7.654 7.632 7.463 7.272
87.939 8.7 8.75 8.675 8.482 8.339 8.2 8.561 8.46 8.337 8.195 8.055 7.906 8.465 8.292 8.12 7.999 7.889 8.228 8.086 7.966 7.867 7.699 7.677 7.507 7.317
90.0604 8.745 8.794 8.72 8.527 8.384 8.245 8.606 8.504 8.382 8.24 8.1 7.951 8.509 8.337 8.165 8.044 7.934 8.273 8.13 8.011 7.912 7.743 7.722 7.552 7.362
92.2329 8.79 8.839 8.764 8.571 8.429 8.29 8.651 8.549 8.427 8.285 8.144 7.996 8.554 8.382 8.21 8.089 7.978 8.318 8.175 8.055 7.956 7.788 7.766 7.597 7.407
94.4579 8.834 8.884 8.809 8.616 8.473 8.334 8.695 8.593 8.471 8.329 8.189 8.04 8.598 8.426 8.254 8.133 8.023 8.362 8.22 8.1 8.001 7.832 7.811 7.641 7.451
96.7365 8.877 8.926 8.851 8.658 8.516 8.377 8.738 8.636 8.514 8.372 8.231 8.083 8.641 8.469 8.297 8.176 8.065 8.405 8.262 8.142 8.043 7.875 7.853 7.684 7.494
99.0701 8.919 8.969 8.894 8.701 8.559 8.42 8.78 8.679 8.556 8.414 8.274 8.125 8.684 8.511 8.339 8.219 8.108 8.447 8.305 8.185 8.086 7.918 7.896 7.727 7.536
101.4599 8.962 9.012 8.937 8.744 8.601 8.462 8.823 8.721 8.599 8.457 8.317 8.168 8.726 8.554 8.382 8.261 8.151 8.49 8.347 8.228 8.129 7.96 7.939 7.769 7.579
103.9075 9.005 9.054 8.979 8.786 8.644 8.505 8.866 8.764 8.642 8.5 8.359 8.211 8.769 8.596 8.425 8.304 8.193 8.533 8.39 8.27 8.171 8.003 7.981 7.812 7.622
106.4141 9.047 9.097 9.022 8.829 8.687 8.547 8.908 8.807 8.684 8.542 8.402 8.253 8.812 8.639 8.467 8.347 8.236 8.575 8.433 8.313 8.214 8.046 8.024 7.855 7.664
108.9811 9.09 9.139 9.065 8.872 8.729 8.59 8.951 8.849 8.727 8.585 8.444 8.296 8.854 8.682 8.51 8.389 8.279 8.618 8.475 8.356 8.257 8.088 8.067 7.897 7.707
111.6101 9.133 9.182 9.107 8.914 8.772 8.633 8.994 8.892 8.769 8.628 8.487 8.339 8.897 8.724 8.553 8.432 8.321 8.661 8.518 8.398 8.299 8.131 8.109 7.94 7.75
114.3025 9.175 9.225 9.15 8.957 8.815 8.675 9.036 8.935 8.812 8.67 8.53 8.381 8.94 8.767 8.595 8.474 8.364 8.703 8.561 8.441 8.342 8.174 8.152 7.983 7.792
117.0598 9.218 9.267 9.193 9.0 8.857 8.718 9.079 8.977 8.855 8.713 8.572 8.424 8.982 8.81 8.638 8.517 8.406 8.746 8.603 8.483 8.384 8.216 8.194 8.025 7.835
119.8836 9.26 9.309 9.234 9.042 8.899 8.76 9.121 9.019 8.897 8.755 8.614 8.466 9.024 8.852 8.68 8.559 8.448 8.788 8.645 8.525 8.426 8.258 8.236 8.067 7.877
122.7756 9.301 9.35 9.275 9.082 8.94 8.801 9.162 9.06 8.937 8.796 8.655 8.507 9.065 8.892 8.72 8.6 8.489 8.829 8.686 8.566 8.467 8.299 8.277 8.108 7.918
125.7373 9.341 9.391 9.316 9.123 8.981 8.841 9.202 9.101 8.978 8.836 8.696 8.547 9.106 8.933 8.761 8.641 8.53 8.869 8.727 8.607 8.508 8.34 8.318 8.149 7.958
128.7705 9.382 9.432 9.357 9.164 9.021 8.882 9.243 9.141 9.019 8.877 8.737 8.588 9.146 8.974 8.802 8.681 8.571 8.91 8.768 8.648 8.549 8.38 8.359 8.189 7.999
131.8769 9.423 9.472 9.397 9.205 9.062 8.923 9.284 9.182 9.06 8.918 8.777 8.629 9.187 9.015 8.843 8.722 8.611 8.951 8.808 8.688 8.589 8.421 8.399 8.23 8.04
135.0582 9.464 9.513 9.438 9.245 9.103 8.964 9.325 9.223 9.1 8.959 8.818 8.67 9.228 9.055 8.883 8.763 8.652 8.992 8.849 8.729 8.63 8.462 8.44 8.271 8.081
138.3162 9.504 9.554 9.479 9.286 9.144 9.004 9.365 9.264 9.141 8.999 8.859 8.71 9.269 9.096 8.924 8.804 8.693 9.032 8.89 8.77 8.671 8.503 8.481 8.312 8.121
141.6528 9.545 9.595 9.52 9.327 9.184 9.045 9.406 9.304 9.182 9.04 8.9 8.751 9.309 9.137 8.965 8.844 8.734 9.073 8.931 8.811 8.712 8.543 8.522 8.352 8.162
145.0699 9.586 9.635 9.56 9.368 9.225 9.086 9.447 9.345 9.223 9.081 8.94 8.792 9.35 9.178 9.006 8.885 8.774 9.114 8.971 8.851 8.752 8.584 8.562 8.393 8.203
148.5695 9.627 9.676 9.601 9.408 9.266 9.127 9.488 9.386 9.263 9.122 8.981 8.833 9.391 9.218 9.046 8.926 8.815 9.155 9.012 8.892 8.793 8.625 8.603 8.434 8.243
152.1534 9.665 9.715 9.64 9.447 9.304 9.165 9.526 9.424 9.302 9.16 9.02 8.871 9.429 9.257 9.085 8.964 8.854 9.193 9.051 8.931 8.832 8.663 8.642 8.472 8.282
155.8238 9.701 9.751 9.676 9.483 9.341 9.202 9.562 9.461 9.338 9.196 9.056 8.907 9.466 9.293 9.121 9.001 8.89 9.229 9.087 8.967 8.868 8.7 8.678 8.509 8.318
159.5828 9.738 9.787 9.712 9.519 9.377 9.238 9.599 9.497 9.375 9.233 9.092 8.944 9.502 9.329 9.158 9.037 8.926 9.266 9.123 9.003 8.904 8.736 8.714 8.545 8.355
163.4324 9.774 9.824 9.749 9.556 9.413 9.274 9.635 9.533 9.411 9.269 9.129 8.98 9.538 9.366 9.194 9.073 8.963 9.302 9.159 9.04 8.941 8.772 8.751 8.581 8.391
