web/models/grb/offaxis/5/grb_0.2967_1.3895_1.5848932.dat
# %ECSV 1.0
# ---
# datatype:
# - {name: time, datatype: float64}
# - {name: swift_uvot_uvw2, datatype: float64}
# - {name: swift_uvot_uvm2, datatype: float64}
# - {name: swift_uvot_uvw1, datatype: float64}
# - {name: swift_uvot_U, datatype: float64}
# - {name: swift_uvot_B, datatype: float64}
# - {name: swift_uvot_V, datatype: float64}
# - {name: swift_uvot_W, datatype: float64}
# - {name: johnson_U, datatype: float64}
# - {name: johnson_B, datatype: float64}
# - {name: johnson_V, datatype: float64}
# - {name: johnson_R, datatype: float64}
# - {name: johnson_I, datatype: float64}
# - {name: sdss_u, datatype: float64}
# - {name: sdss_g, datatype: float64}
# - {name: sdss_r, datatype: float64}
# - {name: sdss_i, datatype: float64}
# - {name: sdss_z, datatype: float64}
# - {name: PS1_g, datatype: float64}
# - {name: PS1_r, datatype: float64}
# - {name: PS1_i, datatype: float64}
# - {name: PS1_z, datatype: float64}
# - {name: PS1_Y, datatype: float64}
# - {name: PS1_w, datatype: float64}
# - {name: ATLAS_c, datatype: float64}
# - {name: ATLAS_o, datatype: float64}
# - {name: ukirt_J, datatype: float64}
# - {name: ukirt_H, datatype: float64}
# - {name: ukirt_K, datatype: float64}
# - {name: Clear, datatype: float64}
# meta: !!omap
# - comment: [E = 0.0006029923955985727, Eta0 = 8.02, GammaB = 12.0, dL = 0.012188, epsb = 6.760829753919819e-06, epse = 0.1, n = 1.584893192461114,
#     p = 2.15, theta_obs = 0.29670597283903605, xiN = 1.0, z = 0.0, type = grb, E_kiso = 1.3894954943731375]
# schema: astropy-2.0
time swift_uvot_uvw2 swift_uvot_uvm2 swift_uvot_uvw1 swift_uvot_U swift_uvot_B swift_uvot_V swift_uvot_W johnson_U johnson_B johnson_V johnson_R johnson_I sdss_u sdss_g sdss_r sdss_i sdss_z PS1_g PS1_r PS1_i PS1_z PS1_Y PS1_w ATLAS_c ATLAS_o ukirt_J ukirt_H ukirt_K Clear
[from data line 78]
0.0642 -1.981 -1.931 -2.006 -2.199 -2.341 -2.48 -2.12 -2.221 -2.344 -2.486 -2.626 -2.775 -2.216 -2.389 -2.561 -2.681 -2.792 -2.453 -2.595 -2.715 -2.814 -2.982 -2.558 -2.463 -2.616 -3.004 -3.173 -3.364 -2.649
0.0657 -1.994 -1.944 -2.019 -2.212 -2.355 -2.494 -2.133 -2.235 -2.357 -2.499 -2.639 -2.788 -2.23 -2.402 -2.574 -2.695 -2.805 -2.466 -2.609 -2.728 -2.827 -2.996 -2.572 -2.477 -2.629 -3.017 -3.187 -3.377 -2.662
0.0673 -2.007 -1.958 -2.033 -2.226 -2.368 -2.507 -2.146 -2.248 -2.37 -2.512 -2.653 -2.801 -2.243 -2.416 -2.587 -2.708 -2.819 -2.479 -2.622 -2.742 -2.841 -3.009 -2.585 -2.49 -2.643 -3.031 -3.2 -3.39 -2.675
0.0689 -2.021 -1.971 -2.046 -2.239 -2.381 -2.521 -2.16 -2.261 -2.384 -2.526 -2.666 -2.815 -2.256 -2.429 -2.601 -2.722 -2.832 -2.493 -2.635 -2.755 -2.854 -3.022 -2.599 -2.503 -2.656 -3.044 -3.213 -3.404 -2.689
0.0706 -2.034 -1.985 -2.059 -2.252 -2.395 -2.534 -2.173 -2.275 -2.397 -2.539 -2.68 -2.828 -2.27 -2.442 -2.614 -2.735 -2.846 -2.506 -2.649 -2.768 -2.868 -3.036 -2.612 -2.517 -2.67 -3.057 -3.227 -3.417 -2.702
0.0723 -2.047 -1.998 -2.073 -2.266 -2.408 -2.547 -2.186 -2.288 -2.411 -2.552 -2.693 -2.842 -2.283 -2.456 -2.628 -2.748 -2.859 -2.519 -2.662 -2.782 -2.881 -3.049 -2.625 -2.53 -2.683 -3.071 -3.24 -3.431 -2.716
0.0741 -2.061 -2.011 -2.086 -2.279 -2.422 -2.561 -2.2 -2.302 -2.424 -2.566 -2.706 -2.855 -2.296 -2.469 -2.641 -2.762 -2.872 -2.533 -2.675 -2.795 -2.894 -3.063 -2.639 -2.543 -2.696 -3.084 -3.254 -3.444 -2.729
0.0758 -2.074 -2.025 -2.1 -2.293 -2.435 -2.574 -2.213 -2.315 -2.437 -2.579 -2.72 -2.868 -2.31 -2.482 -2.654 -2.775 -2.886 -2.546 -2.689 -2.809 -2.908 -3.076 -2.652 -2.557 -2.71 -3.098 -3.267 -3.457 -2.742
0.0777 -2.088 -2.038 -2.113 -2.306 -2.448 -2.587 -2.227 -2.328 -2.451 -2.593 -2.733 -2.882 -2.323 -2.496 -2.668 -2.788 -2.899 -2.56 -2.702 -2.822 -2.921 -3.089 -2.665 -2.57 -2.723 -3.111 -3.28 -3.471 -2.756
0.0795 -2.101 -2.051 -2.126 -2.319 -2.462 -2.601 -2.24 -2.342 -2.464 -2.606 -2.746 -2.895 -2.337 -2.509 -2.681 -2.802 -2.912 -2.573 -2.716 -2.835 -2.934 -3.103 -2.679 -2.584 -2.736 -3.124 -3.294 -3.484 -2.769
0.0815 -2.117 -2.067 -2.142 -2.335 -2.478 -2.617 -2.256 -2.358 -2.48 -2.622 -2.762 -2.911 -2.353 -2.525 -2.697 -2.818 -2.928 -2.589 -2.732 -2.851 -2.95 -3.119 -2.695 -2.6 -2.752 -3.14 -3.31 -3.5 -2.785
0.0834 -2.133 -2.084 -2.158 -2.351 -2.494 -2.633 -2.272 -2.374 -2.496 -2.638 -2.779 -2.927 -2.369 -2.541 -2.713 -2.834 -2.945 -2.605 -2.748 -2.867 -2.966 -3.135 -2.711 -2.616 -2.769 -3.156 -3.326 -3.516 -2.801
0.0854 -2.149 -2.1 -2.175 -2.367 -2.51 -2.649 -2.288 -2.39 -2.512 -2.654 -2.795 -2.943 -2.385 -2.557 -2.729 -2.85 -2.961 -2.621 -2.764 -2.884 -2.983 -3.151 -2.727 -2.632 -2.785 -3.173 -3.342 -3.532 -2.817
0.0875 -2.165 -2.116 -2.191 -2.384 -2.526 -2.665 -2.304 -2.406 -2.528 -2.67 -2.811 -2.959 -2.401 -2.574 -2.745 -2.866 -2.977 -2.637 -2.78 -2.9 -2.999 -3.167 -2.743 -2.648 -2.801 -3.189 -3.358 -3.548 -2.833
0.0896 -2.181 -2.132 -2.207 -2.4 -2.542 -2.681 -2.32 -2.422 -2.544 -2.686 -2.827 -2.975 -2.417 -2.59 -2.761 -2.882 -2.993 -2.653 -2.796 -2.916 -3.015 -3.183 -2.759 -2.664 -2.817 -3.205 -3.374 -3.564 -2.849
0.0918 -2.197 -2.148 -2.223 -2.416 -2.558 -2.697 -2.337 -2.438 -2.561 -2.702 -2.843 -2.992 -2.433 -2.606 -2.778 -2.898 -3.009 -2.669 -2.812 -2.932 -3.031 -3.199 -2.775 -2.68 -2.833 -3.221 -3.39 -3.581 -2.866
0.094 -2.214 -2.164 -2.239 -2.432 -2.574 -2.713 -2.353 -2.454 -2.577 -2.719 -2.859 -3.008 -2.449 -2.622 -2.794 -2.914 -3.025 -2.686 -2.828 -2.948 -3.047 -3.215 -2.791 -2.696 -2.849 -3.237 -3.406 -3.597 -2.882
0.0963 -2.23 -2.18 -2.255 -2.448 -2.59 -2.73 -2.369 -2.47 -2.593 -2.735 -2.875 -3.024 -2.465 -2.638 -2.81 -2.93 -3.041 -2.702 -2.844 -2.964 -3.063 -3.231 -2.808 -2.712 -2.865 -3.253 -3.422 -3.613 -2.898
0.0986 -2.246 -2.196 -2.271 -2.464 -2.606 -2.746 -2.385 -2.486 -2.609 -2.751 -2.891 -3.04 -2.481 -2.654 -2.826 -2.947 -3.057 -2.718 -2.86 -2.98 -3.079 -3.247 -2.824 -2.728 -2.881 -3.269 -3.438 -3.629 -2.914
0.101 -2.261 -2.212 -2.287 -2.48 -2.622 -2.761 -2.4 -2.502 -2.625 -2.766 -2.907 -3.056 -2.497 -2.67 -2.842 -2.962 -3.073 -2.733 -2.876 -2.996 -3.095 -3.263 -2.839 -2.744 -2.897 -3.285 -3.454 -3.645 -2.93
0.1034 -2.274 -2.224 -2.299 -2.492 -2.635 -2.774 -2.413 -2.515 -2.637 -2.779 -2.919 -3.068 -2.51 -2.682 -2.854 -2.975 -3.085 -2.746 -2.889 -3.008 -3.107 -3.276 -2.852 -2.757 -2.909 -3.297 -3.467 -3.657 -2.942
0.1059 -2.286 -2.237 -2.312 -2.505 -2.647 -2.786 -2.426 -2.527 -2.65 -2.791 -2.932 -3.081 -2.522 -2.695 -2.867 -2.987 -3.098 -2.758 -2.901 -3.021 -3.12 -3.288 -2.864 -2.769 -2.922 -3.31 -3.479 -3.67 -2.955
0.1084 -2.299 -2.25 -2.324 -2.517 -2.66 -2.799 -2.438 -2.54 -2.662 -2.804 -2.944 -3.093 -2.535 -2.707 -2.879 -3.0 -3.11 -2.771 -2.914 -3.033 -3.132 -3.301 -2.877 -2.782 -2.934 -3.322 -3.492 -3.682 -2.967
0.1111 -2.311 -2.262 -2.337 -2.53 -2.672 -2.811 -2.451 -2.552 -2.675 -2.817 -2.957 -3.106 -2.547 -2.72 -2.892 -3.012 -3.123 -2.784 -2.926 -3.046 -3.145 -3.313 -2.889 -2.794 -2.947 -3.335 -3.504 -3.695 -2.98
0.1137 -2.324 -2.275 -2.349 -2.542 -2.685 -2.824 -2.463 -2.565 -2.687 -2.829 -2.97 -3.118 -2.56 -2.732 -2.904 -3.025 -3.135 -2.796 -2.939 -3.058 -3.157 -3.326 -2.902 -2.807 -2.959 -3.347 -3.517 -3.707 -2.992
0.1165 -2.337 -2.287 -2.362 -2.555 -2.697 -2.836 -2.476 -2.577 -2.7 -2.842 -2.982 -3.131 -2.572 -2.745 -2.917 -3.037 -3.148 -2.809 -2.951 -3.071 -3.17 -3.338 -2.914 -2.819 -2.972 -3.36 -3.529 -3.72 -3.005
0.1193 -2.349 -2.3 -2.374 -2.567 -2.71 -2.849 -2.488 -2.59 -2.712 -2.854 -2.995 -3.143 -2.585 -2.757 -2.929 -3.05 -3.161 -2.821 -2.964 -3.083 -3.182 -3.351 -2.927 -2.832 -2.985 -3.372 -3.542 -3.732 -3.017
0.1222 -2.362 -2.312 -2.387 -2.58 -2.722 -2.861 -2.501 -2.602 -2.725 -2.867 -3.007 -3.156 -2.597 -2.77 -2.942 -3.062 -3.173 -2.834 -2.976 -3.096 -3.195 -3.363 -2.939 -2.844 -2.997 -3.385 -3.554 -3.745 -3.03
0.1251 -2.374 -2.325 -2.399 -2.592 -2.735 -2.874 -2.513 -2.615 -2.737 -2.879 -3.02 -3.168 -2.61 -2.782 -2.954 -3.075 -3.186 -2.846 -2.989 -3.109 -3.208 -3.376 -2.952 -2.857 -3.01 -3.398 -3.567 -3.757 -3.042
0.1281 -2.385 -2.336 -2.411 -2.604 -2.746 -2.885 -2.524 -2.626 -2.748 -2.89 -3.031 -3.179 -2.621 -2.794 -2.965 -3.086 -3.197 -2.857 -3.0 -3.12 -3.219 -3.387 -2.963 -2.868 -3.021 -3.409 -3.578 -3.768 -3.053
0.1312 -2.392 -2.343 -2.418 -2.611 -2.753 -2.892 -2.532 -2.633 -2.756 -2.897 -3.038 -3.187 -2.628 -2.801 -2.973 -3.093 -3.204 -2.864 -3.007 -3.127 -3.226 -3.394 -2.97 -2.875 -3.028 -3.416 -3.585 -3.776 -3.061
0.1344 -2.4 -2.35 -2.425 -2.618 -2.76 -2.9 -2.539 -2.64 -2.763 -2.905 -3.045 -3.194 -2.635 -2.808 -2.98 -3.1 -3.211 -2.872 -3.014 -3.134 -3.233 -3.401 -2.978 -2.882 -3.035 -3.423 -3.592 -3.783 -3.068
0.1376 -2.407 -2.357 -2.432 -2.625 -2.768 -2.907 -2.546 -2.648 -2.77 -2.912 -3.052 -3.201 -2.643 -2.815 -2.987 -3.108 -3.218 -2.879 -3.021 -3.141 -3.24 -3.409 -2.985 -2.89 -3.042 -3.43 -3.6 -3.79 -3.075
0.141 -2.414 -2.365 -2.439 -2.632 -2.775 -2.914 -2.553 -2.655 -2.777 -2.919 -3.06 -3.208 -2.65 -2.822 -2.994 -3.115 -3.226 -2.886 -3.029 -3.149 -3.248 -3.416 -2.992 -2.897 -3.05 -3.438 -3.607 -3.797 -3.082
0.1444 -2.421 -2.372 -2.447 -2.64 -2.782 -2.921 -2.56 -2.662 -2.784 -2.926 -3.067 -3.215 -2.657 -2.83 -3.001 -3.122 -3.233 -2.893 -3.036 -3.156 -3.255 -3.423 -2.999 -2.904 -3.057 -3.445 -3.614 -3.804 -3.089
0.1478 -2.428 -2.379 -2.454 -2.647 -2.789 -2.928 -2.568 -2.669 -2.792 -2.934 -3.074 -3.223 -2.664 -2.837 -3.009 -3.129 -3.24 -2.901 -3.043 -3.163 -3.262 -3.43 -3.006 -2.911 -3.064 -3.452 -3.621 -3.812 -3.097
0.1514 -2.436 -2.386 -2.461 -2.654 -2.796 -2.936 -2.575 -2.676 -2.799 -2.941 -3.081 -3.23 -2.671 -2.844 -3.016 -3.137 -3.247 -2.908 -3.05 -3.17 -3.269 -3.437 -3.014 -2.918 -3.071 -3.459 -3.628 -3.819 -3.104
0.1551 -2.443 -2.393 -2.468 -2.661 -2.804 -2.943 -2.582 -2.684 -2.806 -2.948 -3.088 -3.237 -2.679 -2.851 -3.023 -3.144 -3.254 -2.915 -3.058 -3.177 -3.276 -3.445 -3.021 -2.926 -3.078 -3.466 -3.636 -3.826 -3.111
0.1588 -2.45 -2.401 -2.476 -2.668 -2.811 -2.95 -2.589 -2.691 -2.813 -2.955 -3.096 -3.244 -2.686 -2.858 -3.03 -3.151 -3.262 -2.922 -3.065 -3.185 -3.284 -3.452 -3.028 -2.933 -3.086 -3.474 -3.643 -3.833 -3.118
0.1626 -2.459 -2.41 -2.485 -2.678 -2.82 -2.959 -2.598 -2.7 -2.823 -2.964 -3.105 -3.253 -2.695 -2.868 -3.04 -3.16 -3.271 -2.931 -3.074 -3.194 -3.293 -3.461 -3.037 -2.942 -3.095 -3.483 -3.652 -3.842 -3.127
0.1666 -2.472 -2.422 -2.497 -2.69 -2.832 -2.972 -2.611 -2.712 -2.835 -2.977 -3.117 -3.266 -2.707 -2.88 -3.052 -3.172 -3.283 -2.944 -3.086 -3.206 -3.305 -3.473 -3.049 -2.954 -3.107 -3.495 -3.664 -3.855 -3.14
0.1706 -2.484 -2.434 -2.509 -2.702 -2.845 -2.984 -2.623 -2.725 -2.847 -2.989 -3.129 -3.278 -2.72 -2.892 -3.064 -3.185 -3.295 -2.956 -3.098 -3.218 -3.317 -3.486 -3.062 -2.967 -3.119 -3.507 -3.677 -3.867 -3.152
0.1747 -2.496 -2.447 -2.522 -2.714 -2.857 -2.996 -2.635 -2.737 -2.859 -3.001 -3.142 -3.29 -2.732 -2.904 -3.076 -3.197 -3.308 -2.968 -3.111 -3.231 -3.33 -3.498 -3.074 -2.979 -3.132 -3.52 -3.689 -3.879 -3.164
0.1789 -2.508 -2.459 -2.534 -2.727 -2.869 -3.008 -2.647 -2.749 -2.872 -3.013 -3.154 -3.302 -2.744 -2.917 -3.088 -3.209 -3.32 -2.98 -3.123 -3.243 -3.342 -3.51 -3.086 -2.991 -3.144 -3.532 -3.701 -3.891 -3.176
0.1832 -2.521 -2.471 -2.546 -2.739 -2.881 -3.02 -2.66 -2.761 -2.884 -3.026 -3.166 -3.315 -2.756 -2.929 -3.101 -3.221 -3.332 -2.993 -3.135 -3.255 -3.354 -3.522 -3.098 -3.003 -3.156 -3.544 -3.713 -3.904 -3.189
0.1876 -2.533 -2.483 -2.558 -2.751 -2.894 -3.033 -2.672 -2.774 -2.896 -3.038 -3.178 -3.327 -2.769 -2.941 -3.113 -3.234 -3.344 -3.005 -3.147 -3.267 -3.366 -3.535 -3.111 -3.016 -3.168 -3.556 -3.726 -3.916 -3.201
0.1922 -2.545 -2.496 -2.571 -2.763 -2.906 -3.045 -2.684 -2.786 -2.908 -3.05 -3.191 -3.339 -2.781 -2.953 -3.125 -3.246 -3.357 -3.017 -3.16 -3.28 -3.379 -3.547 -3.123 -3.028 -3.181 -3.569 -3.738 -3.928 -3.213
0.1968 -2.557 -2.508 -2.583 -2.776 -2.918 -3.057 -2.696 -2.798 -2.921 -3.062 -3.203 -3.351 -2.793 -2.966 -3.137 -3.258 -3.369 -3.029 -3.172 -3.292 -3.391 -3.559 -3.135 -3.04 -3.193 -3.581 -3.75 -3.94 -3.225
0.2015 -2.57 -2.52 -2.595 -2.788 -2.93 -3.069 -2.709 -2.81 -2.933 -3.075 -3.215 -3.364 -2.805 -2.978 -3.15 -3.27 -3.381 -3.042 -3.184 -3.304 -3.403 -3.571 -3.147 -3.052 -3.205 -3.593 -3.762 -3.953 -3.238
0.2064 -2.579 -2.53 -2.604 -2.797 -2.94 -3.079 -2.718 -2.82 -2.942 -3.084 -3.225 -3.373 -2.815 -2.987 -3.159 -3.28 -3.391 -3.051 -3.194 -3.313 -3.413 -3.581 -3.157 -3.062 -3.215 -3.602 -3.772 -3.962 -3.247
0.2114 -2.586 -2.537 -2.612 -2.805 -2.947 -3.086 -2.725 -2.827 -2.949 -3.091 -3.232 -3.38 -2.822 -2.994 -3.166 -3.287 -3.398 -3.058 -3.201 -3.321 -3.42 -3.588 -3.164 -3.069 -3.222 -3.61 -3.779 -3.969 -3.254
0.2165 -2.593 -2.544 -2.619 -2.812 -2.954 -3.093 -2.732 -2.834 -2.956 -3.098 -3.239 -3.387 -2.829 -3.002 -3.173 -3.294 -3.405 -3.065 -3.208 -3.328 -3.427 -3.595 -3.171 -3.076 -3.229 -3.617 -3.786 -3.976 -3.261
0.2217 -2.6 -2.551 -2.626 -2.819 -2.961 -3.1 -2.74 -2.841 -2.964 -3.105 -3.246 -3.395 -2.836 -3.009 -3.181 -3.301 -3.412 -3.072 -3.215 -3.335 -3.434 -3.602 -3.178 -3.083 -3.236 -3.624 -3.793 -3.984 -3.269
0.2271 -2.608 -2.558 -2.633 -2.826 -2.968 -3.107 -2.747 -2.848 -2.971 -3.113 -3.253 -3.402 -2.843 -3.016 -3.188 -3.308 -3.419 -3.08 -3.222 -3.342 -3.441 -3.609 -3.185 -3.09 -3.243 -3.631 -3.8 -3.991 -3.276
0.2325 -2.615 -2.565 -2.64 -2.833 -2.975 -3.115 -2.754 -2.855 -2.978 -3.12 -3.26 -3.409 -2.85 -3.023 -3.195 -3.316 -3.426 -3.087 -3.229 -3.349 -3.448 -3.616 -3.193 -3.097 -3.25 -3.638 -3.807 -3.998 -3.283
0.2381 -2.622 -2.572 -2.647 -2.84 -2.983 -3.122 -2.761 -2.863 -2.985 -3.127 -3.267 -3.416 -2.857 -3.03 -3.202 -3.323 -3.433 -3.094 -3.236 -3.356 -3.455 -3.624 -3.2 -3.104 -3.257 -3.645 -3.815 -4.005 -3.29
0.2439 -2.629 -2.579 -2.654 -2.847 -2.99 -3.129 -2.768 -2.87 -2.992 -3.134 -3.274 -3.423 -2.865 -3.037 -3.209 -3.33 -3.44 -3.101 -3.244 -3.363 -3.462 -3.631 -3.207 -3.112 -3.264 -3.652 -3.822 -4.012 -3.297
0.2498 -2.636 -2.587 -2.661 -2.854 -2.997 -3.136 -2.775 -2.877 -2.999 -3.141 -3.282 -3.43 -2.872 -3.044 -3.216 -3.337 -3.448 -3.108 -3.251 -3.37 -3.469 -3.638 -3.214 -3.119 -3.272 -3.659 -3.829 -4.019 -3.304
0.2558 -2.643 -2.594 -2.669 -2.862 -3.004 -3.143 -2.782 -2.884 -3.006 -3.148 -3.289 -3.437 -2.879 -3.051 -3.223 -3.344 -3.455 -3.115 -3.258 -3.378 -3.477 -3.645 -3.221 -3.126 -3.279 -3.667 -3.836 -4.026 -3.311
0.262 -2.647 -2.598 -2.673 -2.865 -3.008 -3.147 -2.786 -2.888 -3.01 -3.152 -3.293 -3.441 -2.883 -3.055 -3.227 -3.348 -3.459 -3.119 -3.262 -3.382 -3.481 -3.649 -3.225 -3.13 -3.283 -3.671 -3.84 -4.03 -3.315
0.2683 -2.65 -2.6 -2.675 -2.868 -3.01 -3.15 -2.789 -2.89 -3.013 -3.155 -3.295 -3.444 -2.885 -3.058 -3.23 -3.351 -3.461 -3.122 -3.264 -3.384 -3.483 -3.651 -3.228 -3.132 -3.285 -3.673 -3.842 -4.033 -3.318
0.2748 -2.652 -2.603 -2.678 -2.871 -3.013 -3.152 -2.791 -2.893 -3.015 -3.157 -3.298 -3.446 -2.888 -3.061 -3.232 -3.353 -3.464 -3.124 -3.267 -3.387 -3.486 -3.654 -3.23 -3.135 -3.288 -3.676 -3.845 -4.035 -3.32
0.2814 -2.655 -2.605 -2.68 -2.873 -3.016 -3.155 -2.794 -2.896 -3.018 -3.16 -3.3 -3.449 -2.89 -3.063 -3.235 -3.356 -3.466 -3.127 -3.269 -3.389 -3.488 -3.657 -3.233 -3.137 -3.29 -3.678 -3.848 -4.038 -3.323
0.2882 -2.657 -2.608 -2.683 -2.876 -3.018 -3.157 -2.796 -2.898 -3.021 -3.162 -3.303 -3.451 -2.893 -3.066 -3.237 -3.358 -3.469 -3.129 -3.272 -3.392 -3.491 -3.659 -3.235 -3.14 -3.293 -3.681 -3.85 -4.04 -3.325
0.2951 -2.66 -2.61 -2.685 -2.878 -3.021 -3.16 -2.799 -2.901 -3.023 -3.165 -3.305 -3.454 -2.896 -3.068 -3.24 -3.361 -3.471 -3.132 -3.275 -3.394 -3.493 -3.662 -3.238 -3.143 -3.295 -3.683 -3.853 -4.043 -3.328
0.3022 -2.662 -2.613 -2.688 -2.881 -3.023 -3.162 -2.802 -2.903 -3.026 -3.167 -3.308 -3.457 -2.898 -3.071 -3.243 -3.363 -3.474 -3.134 -3.277 -3.397 -3.496 -3.664 -3.24 -3.145 -3.298 -3.686 -3.855 -4.046 -3.331
0.3095 -2.665 -2.616 -2.69 -2.883 -3.026 -3.165 -2.804 -2.906 -3.028 -3.17 -3.311 -3.459 -2.901 -3.073 -3.245 -3.366 -3.476 -3.137 -3.28 -3.399 -3.498 -3.667 -3.243 -3.148 -3.3 -3.688 -3.858 -4.048 -3.333
0.317 -2.668 -2.618 -2.693 -2.886 -3.028 -3.167 -2.807 -2.908 -3.031 -3.173 -3.313 -3.462 -2.903 -3.076 -3.248 -3.368 -3.479 -3.14 -3.282 -3.402 -3.501 -3.669 -3.245 -3.15 -3.303 -3.691 -3.86 -4.051 -3.336
0.3247 -2.67 -2.621 -2.695 -2.888 -3.031 -3.17 -2.809 -2.911 -3.033 -3.175 -3.316 -3.464 -2.906 -3.078 -3.25 -3.371 -3.482 -3.142 -3.285 -3.405 -3.504 -3.672 -3.248 -3.153 -3.306 -3.694 -3.863 -4.053 -3.338
0.3325 -2.695 -2.646 -2.721 -2.914 -3.056 -3.195 -2.835 -2.936 -3.059 -3.2 -3.341 -3.49 -2.931 -3.104 -3.276 -3.396 -3.507 -3.167 -3.31 -3.43 -3.529 -3.697 -3.273 -3.178 -3.331 -3.719 -3.888 -4.079 -3.364
0.3405 -2.725 -2.676 -2.751 -2.944 -3.086 -3.225 -2.864 -2.966 -3.089 -3.23 -3.371 -3.519 -2.961 -3.134 -3.306 -3.426 -3.537 -3.197 -3.34 -3.46 -3.559 -3.727 -3.303 -3.208 -3.361 -3.749 -3.918 -4.108 -3.393
0.3487 -2.755 -2.706 -2.781 -2.974 -3.116 -3.255 -2.894 -2.996 -3.118 -3.26 -3.401 -3.549 -2.991 -3.164 -3.335 -3.456 -3.567 -3.227 -3.37 -3.49 -3.589 -3.757 -3.333 -3.238 -3.391 -3.779 -3.948 -4.138 -3.423
0.3571 -2.785 -2.736 -2.811 -3.004 -3.146 -3.285 -2.924 -3.026 -3.148 -3.29 -3.431 -3.579 -3.021 -3.194 -3.365 -3.486 -3.597 -3.257 -3.4 -3.52 -3.619 -3.787 -3.363 -3.268 -3.421 -3.809 -3.978 -4.168 -3.453
0.3657 -2.815 -2.766 -2.841 -3.034 -3.176 -3.315 -2.954 -3.056 -3.178 -3.32 -3.461 -3.609 -3.051 -3.224 -3.395 -3.516 -3.627 -3.287 -3.43 -3.55 -3.649 -3.817 -3.393 -3.298 -3.451 -3.839 -4.008 -4.198 -3.483
0.3746 -2.845 -2.796 -2.871 -3.064 -3.206 -3.345 -2.984 -3.086 -3.208 -3.35 -3.491 -3.639 -3.081 -3.253 -3.425 -3.546 -3.657 -3.317 -3.46 -3.58 -3.679 -3.847 -3.423 -3.328 -3.481 -3.869 -4.038 -4.228 -3.513
0.3836 -2.875 -2.826 -2.901 -3.093 -3.236 -3.375 -3.014 -3.116 -3.238 -3.38 -3.521 -3.669 -3.111 -3.283 -3.455 -3.576 -3.687 -3.347 -3.49 -3.61 -3.709 -3.877 -3.453 -3.358 -3.511 -3.899 -4.068 -4.258 -3.543
