web/models/grb/offaxis/5/grb_0.2967_19.3070_0.0001585.dat
# %ECSV 1.0
# ---
# datatype:
# - {name: time, datatype: float64}
# - {name: swift_uvot_uvw2, datatype: float64}
# - {name: swift_uvot_uvm2, datatype: float64}
# - {name: swift_uvot_uvw1, datatype: float64}
# - {name: swift_uvot_U, datatype: float64}
# - {name: swift_uvot_B, datatype: float64}
# - {name: swift_uvot_V, datatype: float64}
# - {name: swift_uvot_W, datatype: float64}
# - {name: johnson_U, datatype: float64}
# - {name: johnson_B, datatype: float64}
# - {name: johnson_V, datatype: float64}
# - {name: johnson_R, datatype: float64}
# - {name: johnson_I, datatype: float64}
# - {name: sdss_u, datatype: float64}
# - {name: sdss_g, datatype: float64}
# - {name: sdss_r, datatype: float64}
# - {name: sdss_i, datatype: float64}
# - {name: sdss_z, datatype: float64}
# - {name: PS1_g, datatype: float64}
# - {name: PS1_r, datatype: float64}
# - {name: PS1_i, datatype: float64}
# - {name: PS1_z, datatype: float64}
# - {name: PS1_Y, datatype: float64}
# - {name: ukirt_J, datatype: float64}
# - {name: ukirt_H, datatype: float64}
# - {name: ukirt_K, datatype: float64}
# meta: !!omap
# - comment: [E = 0.008378552168254812, Eta0 = 8.02, GammaB = 12.0, dL = 0.012188, epsb = 6.760829753919819e-06, epse = 0.1, n = 0.00015848931924611142,
#     p = 2.15, theta_obs = 0.29670597283903605, xiN = 1.0, z = 0.0, type = grb, E_kiso = 19.306977288832496]
# schema: astropy-2.0
time swift_uvot_uvw2 swift_uvot_uvm2 swift_uvot_uvw1 swift_uvot_U swift_uvot_B swift_uvot_V swift_uvot_W johnson_U johnson_B johnson_V johnson_R johnson_I sdss_u sdss_g sdss_r sdss_i sdss_z PS1_g PS1_r PS1_i PS1_z PS1_Y ukirt_J ukirt_H ukirt_K
[from data line 212]
1.5655 3.474 3.523 3.448 3.255 3.113 2.974 3.335 3.233 3.111 2.969 2.828 2.68 3.238 3.066 2.894 2.773 2.662 3.002 2.859 2.739 2.64 2.472 2.45 2.281 2.091
1.6033 3.46 3.509 3.434 3.241 3.099 2.96 3.32 3.219 3.096 2.954 2.814 2.665 3.224 3.051 2.879 2.759 2.648 2.987 2.845 2.725 2.626 2.458 2.436 2.267 2.076
1.642 3.447 3.497 3.422 3.229 3.087 2.947 3.308 3.207 3.084 2.942 2.802 2.653 3.212 3.039 2.867 2.746 2.636 2.975 2.833 2.713 2.614 2.446 2.424 2.255 2.064
1.6816 3.436 3.485 3.41 3.217 3.075 2.936 3.296 3.195 3.072 2.93 2.79 2.641 3.2 3.027 2.855 2.735 2.624 2.963 2.821 2.701 2.602 2.434 2.412 2.243 2.052
1.7222 3.424 3.473 3.398 3.205 3.063 2.924 3.285 3.183 3.061 2.919 2.778 2.63 3.188 3.016 2.844 2.723 2.612 2.952 2.809 2.689 2.59 2.422 2.4 2.231 2.041
1.7637 3.412 3.462 3.387 3.194 3.051 2.912 3.273 3.171 3.049 2.907 2.767 2.618 3.176 3.004 2.832 2.711 2.601 2.94 2.797 2.678 2.579 2.41 2.389 2.219 2.029
1.8062 3.4 3.45 3.375 3.182 3.04 2.9 3.261 3.16 3.037 2.895 2.755 2.606 3.165 2.992 2.82 2.699 2.589 2.928 2.786 2.666 2.567 2.399 2.377 2.208 2.017
1.8498 3.389 3.438 3.363 3.17 3.028 2.889 3.25 3.148 3.025 2.884 2.743 2.595 3.153 2.98 2.808 2.688 2.577 2.917 2.774 2.654 2.555 2.387 2.365 2.196 2.005
1.8944 3.377 3.426 3.351 3.159 3.016 2.877 3.238 3.136 3.014 2.872 2.731 2.583 3.141 2.969 2.797 2.676 2.565 2.905 2.762 2.642 2.543 2.375 2.353 2.184 1.994
1.9401 3.365 3.415 3.34 3.147 3.004 2.865 3.226 3.124 3.002 2.86 2.72 2.571 3.129 2.957 2.785 2.664 2.554 2.893 2.751 2.631 2.532 2.363 2.342 2.172 1.982
1.9869 3.353 3.403 3.328 3.135 2.993 2.854 3.214 3.113 2.99 2.848 2.708 2.559 3.118 2.945 2.773 2.653 2.542 2.881 2.739 2.619 2.52 2.352 2.33 2.161 1.97
2.0349 3.342 3.391 3.316 3.123 2.981 2.842 3.203 3.101 2.978 2.837 2.696 2.548 3.106 2.933 2.762 2.641 2.53 2.87 2.727 2.607 2.508 2.34 2.318 2.149 1.959
2.084 3.329 3.378 3.303 3.11 2.968 2.829 3.19 3.088 2.965 2.824 2.683 2.535 3.093 2.92 2.749 2.628 2.517 2.857 2.714 2.594 2.495 2.327 2.305 2.136 1.946
2.1342 3.316 3.365 3.29 3.097 2.955 2.816 3.177 3.075 2.952 2.811 2.67 2.521 3.08 2.907 2.735 2.615 2.504 2.844 2.701 2.581 2.482 2.314 2.292 2.123 1.932
2.1857 3.303 3.352 3.277 3.084 2.942 2.803 3.163 3.062 2.939 2.797 2.657 2.508 3.067 2.894 2.722 2.602 2.491 2.83 2.688 2.568 2.469 2.301 2.279 2.11 1.919
2.2384 3.289 3.339 3.264 3.071 2.929 2.79 3.15 3.049 2.926 2.784 2.644 2.495 3.054 2.881 2.709 2.589 2.478 2.817 2.675 2.555 2.456 2.288 2.266 2.097 1.906
2.2924 3.276 3.326 3.251 3.058 2.916 2.776 3.137 3.036 2.913 2.771 2.631 2.482 3.041 2.868 2.696 2.576 2.465 2.804 2.662 2.542 2.443 2.275 2.253 2.084 1.893
2.3477 3.263 3.313 3.238 3.045 2.903 2.763 3.124 3.023 2.9 2.758 2.618 2.469 3.028 2.855 2.683 2.562 2.452 2.791 2.649 2.529 2.43 2.262 2.24 2.071 1.88
2.4044 3.25 3.3 3.225 3.032 2.889 2.75 3.111 3.01 2.887 2.745 2.605 2.456 3.015 2.842 2.67 2.549 2.439 2.778 2.636 2.516 2.417 2.249 2.227 2.057 1.867
2.4624 3.237 3.287 3.212 3.019 2.876 2.737 3.098 2.996 2.874 2.732 2.592 2.443 3.001 2.829 2.657 2.536 2.426 2.765 2.623 2.503 2.404 2.235 2.214 2.044 1.854
2.5218 3.224 3.274 3.199 3.006 2.863 2.724 3.085 2.983 2.861 2.719 2.579 2.43 2.988 2.816 2.644 2.523 2.413 2.752 2.609 2.49 2.391 2.222 2.201 2.031 1.841
2.5826 3.211 3.26 3.185 2.992 2.85 2.711 3.072 2.97 2.848 2.706 2.565 2.417 2.975 2.802 2.631 2.51 2.399 2.739 2.596 2.476 2.377 2.209 2.187 2.018 1.828
2.6449 3.194 3.244 3.169 2.976 2.833 2.694 3.055 2.953 2.831 2.689 2.549 2.4 2.958 2.786 2.614 2.493 2.383 2.722 2.579 2.46 2.361 2.192 2.171 2.001 1.811
2.7087 3.177 3.227 3.152 2.959 2.817 2.678 3.038 2.937 2.814 2.672 2.532 2.383 2.942 2.769 2.597 2.477 2.366 2.705 2.563 2.443 2.344 2.176 2.154 1.985 1.794
2.7741 3.161 3.21 3.135 2.943 2.8 2.661 3.022 2.92 2.798 2.656 2.515 2.367 2.925 2.753 2.581 2.46 2.349 2.689 2.546 2.426 2.327 2.159 2.137 1.968 1.778
2.841 3.144 3.194 3.119 2.926 2.783 2.644 3.005 2.904 2.781 2.639 2.499 2.35 2.909 2.736 2.564 2.443 2.333 2.672 2.53 2.41 2.311 2.143 2.121 1.951 1.761
2.9095 3.128 3.177 3.102 2.909 2.767 2.628 2.989 2.887 2.764 2.623 2.482 2.334 2.892 2.719 2.547 2.427 2.316 2.656 2.513 2.393 2.294 2.126 2.104 1.935 1.745
2.9797 3.111 3.16 3.086 2.893 2.75 2.611 2.972 2.87 2.748 2.606 2.465 2.317 2.875 2.703 2.531 2.41 2.3 2.639 2.496 2.377 2.278 2.109 2.088 1.918 1.728
3.0516 3.094 3.144 3.069 2.876 2.734 2.595 2.955 2.854 2.731 2.589 2.449 2.3 2.859 2.686 2.514 2.394 2.283 2.622 2.48 2.36 2.261 2.093 2.071 1.902 1.711
3.1252 3.078 3.127 3.052 2.859 2.717 2.578 2.939 2.837 2.715 2.573 2.432 2.284 2.842 2.669 2.498 2.377 2.266 2.606 2.463 2.343 2.244 2.076 2.054 1.885 1.695
3.2006 3.061 3.111 3.036 2.843 2.7 2.561 2.922 2.82 2.698 2.556 2.416 2.267 2.825 2.653 2.481 2.36 2.25 2.589 2.447 2.327 2.228 2.059 2.038 1.868 1.678
3.2778 3.045 3.095 3.02 2.827 2.685 2.545 2.906 2.805 2.682 2.54 2.4 2.251 2.81 2.637 2.465 2.344 2.234 2.573 2.431 2.311 2.212 2.044 2.022 1.853 1.662
3.3569 3.032 3.081 3.007 2.814 2.671 2.532 2.893 2.791 2.669 2.527 2.386 2.238 2.796 2.624 2.452 2.331 2.22 2.56 2.417 2.297 2.198 2.03 2.008 1.839 1.649
3.4378 3.019 3.068 2.993 2.8 2.658 2.519 2.879 2.778 2.655 2.514 2.373 2.224 2.783 2.61 2.438 2.318 2.207 2.546 2.404 2.284 2.185 2.017 1.995 1.826 1.635
3.5208 3.005 3.055 2.98 2.787 2.644 2.505 2.866 2.764 2.642 2.5 2.36 2.211 2.769 2.597 2.425 2.304 2.194 2.533 2.391 2.271 2.172 2.003 1.982 1.812 1.622
3.6057 2.992 3.041 2.966 2.773 2.631 2.492 2.853 2.751 2.629 2.487 2.346 2.198 2.756 2.584 2.412 2.291 2.18 2.52 2.377 2.257 2.158 1.99 1.968 1.799 1.609
3.6927 2.978 3.028 2.953 2.76 2.618 2.479 2.839 2.738 2.615 2.473 2.333 2.184 2.743 2.57 2.398 2.278 2.167 2.506 2.364 2.244 2.145 1.977 1.955 1.786 1.595
3.7818 2.965 3.014 2.94 2.747 2.604 2.465 2.826 2.724 2.602 2.46 2.32 2.171 2.729 2.557 2.385 2.264 2.154 2.493 2.35 2.231 2.132 1.963 1.942 1.772 1.582
3.873 2.952 3.001 2.926 2.733 2.591 2.452 2.813 2.711 2.589 2.447 2.306 2.158 2.716 2.543 2.372 2.251 2.14 2.48 2.337 2.217 2.118 1.95 1.928 1.759 1.569
3.9664 2.938 2.988 2.913 2.72 2.578 2.438 2.799 2.698 2.575 2.433 2.293 2.144 2.703 2.53 2.358 2.237 2.127 2.466 2.324 2.204 2.105 1.937 1.915 1.746 1.555
4.0621 2.925 2.974 2.9 2.707 2.564 2.425 2.786 2.684 2.562 2.42 2.279 2.131 2.689 2.517 2.345 2.224 2.113 2.453 2.31 2.19 2.091 1.923 1.901 1.732 1.542
4.1601 2.911 2.96 2.885 2.692 2.55 2.411 2.771 2.67 2.547 2.405 2.265 2.116 2.675 2.502 2.33 2.21 2.099 2.438 2.296 2.176 2.077 1.909 1.887 1.718 1.527
4.2604 2.894 2.944 2.869 2.676 2.534 2.395 2.755 2.654 2.531 2.389 2.249 2.1 2.659 2.486 2.314 2.194 2.083 2.422 2.28 2.16 2.061 1.893 1.871 1.702 1.511
4.3632 2.878 2.928 2.853 2.66 2.518 2.378 2.739 2.638 2.515 2.373 2.233 2.084 2.643 2.47 2.298 2.177 2.067 2.406 2.264 2.144 2.045 1.877 1.855 1.686 1.495
4.4685 2.862 2.912 2.837 2.644 2.501 2.362 2.723 2.621 2.499 2.357 2.217 2.068 2.627 2.454 2.282 2.161 2.051 2.39 2.248 2.128 2.029 1.86 1.839 1.669 1.479
4.5763 2.846 2.896 2.821 2.628 2.485 2.346 2.707 2.605 2.483 2.341 2.201 2.052 2.61 2.438 2.266 2.145 2.035 2.374 2.232 2.112 2.013 1.844 1.823 1.653 1.463
4.6867 2.83 2.879 2.805 2.612 2.469 2.33 2.691 2.589 2.467 2.325 2.185 2.036 2.594 2.422 2.25 2.129 2.019 2.358 2.215 2.096 1.997 1.828 1.807 1.637 1.447
4.7997 2.814 2.863 2.789 2.596 2.453 2.314 2.675 2.573 2.451 2.309 2.168 2.02 2.578 2.406 2.234 2.113 2.002 2.342 2.199 2.079 1.98 1.812 1.79 1.621 1.431
4.9155 2.798 2.847 2.772 2.579 2.437 2.298 2.659 2.557 2.435 2.293 2.152 2.004 2.562 2.39 2.218 2.097 1.986 2.326 2.183 2.063 1.964 1.796 1.774 1.605 1.415
5.0341 2.782 2.831 2.756 2.563 2.421 2.282 2.643 2.541 2.419 2.277 2.136 1.988 2.546 2.373 2.202 2.081 1.97 2.31 2.167 2.047 1.948 1.78 1.758 1.589 1.399
5.1555 2.766 2.815 2.74 2.547 2.405 2.266 2.627 2.525 2.402 2.261 2.12 1.972 2.53 2.357 2.185 2.065 1.954 2.294 2.151 2.031 1.932 1.764 1.742 1.573 1.383
5.2799 2.751 2.801 2.726 2.533 2.391 2.252 2.612 2.511 2.388 2.246 2.106 1.957 2.516 2.343 2.171 2.051 1.94 2.279 2.137 2.017 1.918 1.75 1.728 1.559 1.368
5.4072 2.739 2.788 2.713 2.521 2.378 2.239 2.6 2.498 2.376 2.234 2.093 1.945 2.503 2.331 2.159 2.038 1.927 2.267 2.124 2.004 1.905 1.737 1.715 1.546 1.356
5.5377 2.726 2.776 2.701 2.508 2.366 2.226 2.587 2.486 2.363 2.221 2.081 1.932 2.491 2.318 2.146 2.026 1.915 2.254 2.112 1.992 1.893 1.725 1.703 1.534 1.343
5.6713 2.714 2.763 2.688 2.495 2.353 2.214 2.575 2.473 2.351 2.209 2.068 1.92 2.478 2.306 2.134 2.013 1.902 2.242 2.099 1.979 1.88 1.712 1.69 1.521 1.331
5.8081 2.701 2.751 2.676 2.483 2.341 2.201 2.562 2.461 2.338 2.196 2.056 1.907 2.466 2.293 2.121 2.0 1.89 2.229 2.087 1.967 1.868 1.7 1.678 1.509 1.318
5.9482 2.689 2.738 2.663 2.47 2.328 2.189 2.55 2.448 2.326 2.184 2.043 1.895 2.453 2.281 2.109 1.988 1.877 2.217 2.074 1.954 1.855 1.687 1.665 1.496 1.306
6.0917 2.676 2.726 2.651 2.458 2.316 2.176 2.537 2.436 2.313 2.171 2.031 1.882 2.441 2.268 2.096 1.975 1.865 2.204 2.062 1.942 1.843 1.675 1.653 1.484 1.293
6.2386 2.664 2.713 2.638 2.445 2.303 2.164 2.525 2.423 2.301 2.159 2.018 1.87 2.428 2.255 2.084 1.963 1.852 2.192 2.049 1.929 1.83 1.662 1.64 1.471 1.281
6.3891 2.651 2.701 2.626 2.433 2.29 2.151 2.512 2.411 2.288 2.146 2.006 1.857 2.416 2.243 2.071 1.95 1.84 2.179 2.037 1.917 1.818 1.65 1.628 1.458 1.268
6.5433 2.639 2.688 2.613 2.42 2.278 2.139 2.5 2.398 2.276 2.134 1.993 1.845 2.403 2.23 2.059 1.938 1.827 2.167 2.024 1.904 1.805 1.637 1.615 1.446 1.256
6.7011 2.63 2.679 2.604 2.411 2.269 2.13 2.491 2.389 2.267 2.125 1.984 1.836 2.394 2.221 2.05 1.929 1.818 2.158 2.015 1.895 1.796 1.628 1.606 1.437 1.247
6.8627 2.623 2.672 2.597 2.404 2.262 2.123 2.483 2.382 2.259 2.117 1.977 1.828 2.387 2.214 2.042 1.922 1.811 2.15 2.008 1.888 1.789 1.621 1.599 1.43 1.239
7.0283 2.615 2.665 2.59 2.397 2.255 2.115 2.476 2.375 2.252 2.11 1.97 1.821 2.38 2.207 2.035 1.914 1.804 2.143 2.001 1.881 1.782 1.614 1.592 1.423 1.232
7.1978 2.608 2.658 2.583 2.39 2.247 2.108 2.469 2.367 2.245 2.103 1.963 1.814 2.372 2.2 2.028 1.907 1.797 2.136 1.993 1.874 1.775 1.606 1.585 1.415 1.225
7.3715 2.601 2.65 2.575 2.383 2.24 2.101 2.462 2.36 2.238 2.096 1.955 1.807 2.365 2.193 2.021 1.9 1.789 2.129 1.986 1.866 1.767 1.599 1.577 1.408 1.218
7.5493 2.594 2.643 2.568 2.375 2.233 2.094 2.455 2.353 2.23 2.089 1.948 1.8 2.358 2.185 2.014 1.893 1.782 2.122 1.979 1.859 1.76 1.592 1.57 1.401 1.211
7.7314 2.586 2.636 2.561 2.368 2.226 2.087 2.447 2.346 2.223 2.081 1.941 1.792 2.351 2.178 2.006 1.886 1.775 2.114 1.972 1.852 1.753 1.585 1.563 1.394 1.203
7.9179 2.579 2.629 2.554 2.361 2.218 2.079 2.44 2.338 2.216 2.074 1.934 1.785 2.344 2.171 1.999 1.878 1.768 2.107 1.965 1.845 1.746 1.578 1.556 1.386 1.196
8.1089 2.572 2.621 2.547 2.354 2.211 2.072 2.433 2.331 2.209 2.067 1.927 1.778 2.336 2.164 1.992 1.871 1.761 2.1 1.957 1.838 1.739 1.57 1.549 1.379 1.189
8.3045 2.565 2.614 2.539 2.346 2.204 2.065 2.426 2.324 2.202 2.06 1.919 1.771 2.329 2.157 1.985 1.864 1.753 2.093 1.95 1.83 1.731 1.563 1.541 1.372 1.182
8.5049 2.554 2.603 2.528 2.335 2.193 2.054 2.414 2.313 2.19 2.049 1.908 1.759 2.318 2.145 1.973 1.853 1.742 2.081 1.939 1.819 1.72 1.552 1.53 1.361 1.17
8.71 2.541 2.591 2.516 2.323 2.181 2.041 2.402 2.301 2.178 2.036 1.896 1.747 2.306 2.133 1.961 1.84 1.73 2.069 1.927 1.807 1.708 1.54 1.518 1.349 1.158
8.9201 2.529 2.578 2.504 2.311 2.168 2.029 2.39 2.288 2.166 2.024 1.884 1.735 2.293 2.121 1.949 1.828 1.718 2.057 1.914 1.795 1.696 1.527 1.506 1.336 1.146
9.1353 2.517 2.566 2.491 2.298 2.156 2.017 2.378 2.276 2.154 2.012 1.871 1.723 2.281 2.109 1.937 1.816 1.705 2.045 1.902 1.782 1.683 1.515 1.493 1.324 1.134
9.3557 2.505 2.554 2.479 2.286 2.144 2.005 2.365 2.264 2.141 2.0 1.859 1.71 2.269 2.096 1.924 1.804 1.693 2.033 1.89 1.77 1.671 1.503 1.481 1.312 1.121
9.5814 2.492 2.542 2.467 2.274 2.132 1.992 2.353 2.252 2.129 1.987 1.847 1.698 2.257 2.084 1.912 1.791 1.681 2.02 1.878 1.758 1.659 1.491 1.469 1.3 1.109
9.8125 2.48 2.53 2.455 2.262 2.119 1.98 2.341 2.239 2.117 1.975 1.835 1.686 2.244 2.072 1.9 1.779 1.669 2.008 1.865 1.746 1.647 1.478 1.457 1.287 1.097
10.0492 2.468 2.517 2.442 2.249 2.107 1.968 2.329 2.227 2.105 1.963 1.822 1.674 2.232 2.06 1.888 1.767 1.656 1.996 1.853 1.733 1.634 1.466 1.444 1.275 1.085
10.2917 2.456 2.505 2.43 2.237 2.095 1.956 2.316 2.215 2.092 1.951 1.81 1.661 2.22 2.047 1.875 1.755 1.644 1.984 1.841 1.721 1.622 1.454 1.432 1.263 1.072
10.5399 2.443 2.493 2.418 2.225 2.083 1.943 2.304 2.203 2.08 1.938 1.798 1.649 2.208 2.035 1.863 1.742 1.632 1.971 1.829 1.709 1.61 1.442 1.42 1.251 1.06
10.7942 2.436 2.485 2.411 2.218 2.075 1.936 2.297 2.195 2.073 1.931 1.79 1.642 2.2 2.028 1.856 1.735 1.624 1.964 1.821 1.701 1.602 1.434 1.412 1.243 1.053
11.0546 2.429 2.478 2.403 2.21 2.068 1.929 2.29 2.188 2.066 1.924 1.783 1.635 2.193 2.021 1.849 1.728 1.617 1.957 1.814 1.694 1.595 1.427 1.405 1.236 1.046
11.3212 2.422 2.471 2.396 2.203 2.061 1.922 2.283 2.181 2.059 1.917 1.776 1.628 2.186 2.013 1.842 1.721 1.61 1.95 1.807 1.687 1.588 1.42 1.398 1.229 1.039
11.5943 2.415 2.464 2.389 2.196 2.054 1.915 2.275 2.174 2.051 1.91 1.769 1.62 2.179 2.006 1.834 1.714 1.603 1.943 1.8 1.68 1.581 1.413 1.391 1.222 1.031
11.874 2.407 2.457 2.382 2.189 2.047 1.908 2.268 2.167 2.044 1.902 1.762 1.613 2.172 1.999 1.827 1.707 1.596 1.935 1.793 1.673 1.574 1.406 1.384 1.215 1.024
12.1605 2.4 2.45 2.375 2.182 2.04 1.9 2.261 2.16 2.037 1.895 1.755 1.606 2.165 1.992 1.82 1.699 1.589 1.928 1.786 1.666 1.567 1.399 1.377 1.208 1.017
12.4538 2.393 2.443 2.368 2.175 2.032 1.893 2.254 2.152 2.03 1.888 1.748 1.599 2.157 1.985 1.813 1.692 1.582 1.921 1.779 1.659 1.56 1.391 1.37 1.2 1.01
12.7542 2.386 2.436 2.361 2.168 2.025 1.886 2.247 2.145 2.023 1.881 1.741 1.592 2.15 1.978 1.806 1.685 1.575 1.914 1.771 1.652 1.553 1.384 1.363 1.193 1.003
13.0619 2.379 2.428 2.354 2.161 2.018 1.879 2.24 2.138 2.016 1.874 1.733 1.585 2.143 1.971 1.799 1.678 1.567 1.907 1.764 1.645 1.545 1.377 1.356 1.186 0.996
13.377 2.372 2.422 2.347 2.154 2.011 1.872 2.233 2.132 2.009 1.867 1.727 1.578 2.137 1.964 1.792 1.671 1.561 1.9 1.758 1.638 1.539 1.371 1.349 1.179 0.989
13.6997 2.37 2.419 2.344 2.151 2.009 1.87 2.231 2.129 2.007 1.865 1.724 1.576 2.134 1.961 1.79 1.669 1.558 1.898 1.755 1.635 1.536 1.368 1.346 1.177 0.987
14.0302 2.367 2.417 2.342 2.149 2.006 1.867 2.228 2.126 2.004 1.862 1.722 1.573 2.131 1.959 1.787 1.666 1.556 1.895 1.753 1.633 1.534 1.365 1.344 1.174 0.984
14.3686 2.365 2.414 2.339 2.146 2.004 1.865 2.226 2.124 2.001 1.86 1.719 1.57 2.129 1.956 1.784 1.664 1.553 1.893 1.75 1.63 1.531 1.363 1.341 1.172 0.981
14.7153 2.362 2.411 2.337 2.144 2.001 1.862 2.223 2.121 1.999 1.857 1.717 1.568 2.126 1.954 1.782 1.661 1.551 1.89 1.747 1.628 1.529 1.36 1.339 1.169 0.979
15.0702 2.359 2.409 2.334 2.141 1.999 1.86 2.22 2.119 1.996 1.854 1.714 1.565 2.124 1.951 1.779 1.659 1.548 1.887 1.745 1.625 1.526 1.358 1.336 1.167 0.976
15.4338 2.357 2.406 2.332 2.139 1.996 1.857 2.218 2.116 1.994 1.852 1.711 1.563 2.121 1.949 1.777 1.656 1.545 1.885 1.742 1.622 1.523 1.355 1.333 1.164 0.974
15.8061 2.354 2.404 2.329 2.136 1.994 1.854 2.215 2.114 1.991 1.849 1.709 1.56 2.119 1.946 1.774 1.654 1.543 1.882 1.74 1.62 1.521 1.353 1.331 1.162 0.971
16.1874 2.352 2.401 2.326 2.133 1.991 1.852 2.213 2.111 1.989 1.847 1.706 1.558 2.116 1.944 1.772 1.651 1.54 1.88 1.737 1.617 1.518 1.35 1.328 1.159 0.969
16.5779 2.349 2.399 2.324 2.131 1.989 1.849 2.21 2.109 1.986 1.844 1.704 1.555 2.114 1.941 1.769 1.648 1.538 1.877 1.735 1.615 1.516 1.348 1.326 1.157 0.966
16.9778 2.34 2.39 2.315 2.122 1.98 1.84 2.201 2.1 1.977 1.835 1.695 1.546 2.105 1.932 1.76 1.639 1.529 1.868 1.726 1.606 1.507 1.339 1.317 1.148 0.957
17.3873 2.31 2.36 2.285 2.092 1.95 1.81 2.171 2.07 1.947 1.805 1.665 1.516 2.075 1.902 1.73 1.61 1.499 1.838 1.696 1.576 1.477 1.309 1.287 1.118 0.927
17.8068 2.28 2.33 2.255 2.062 1.92 1.781 2.141 2.04 1.917 1.775 1.635 1.486 2.045 1.872 1.7 1.58 1.469 1.808 1.666 1.546 1.447 1.279 1.257 1.088 0.897
