web/models/grb/offaxis/5/grb_0.2967_37.2759_0.0630957.dat
# %ECSV 1.0
# ---
# datatype:
# - {name: time, datatype: float64}
# - {name: swift_uvot_uvw2, datatype: float64}
# - {name: swift_uvot_uvm2, datatype: float64}
# - {name: swift_uvot_uvw1, datatype: float64}
# - {name: swift_uvot_U, datatype: float64}
# - {name: swift_uvot_B, datatype: float64}
# - {name: swift_uvot_V, datatype: float64}
# - {name: swift_uvot_W, datatype: float64}
# - {name: johnson_U, datatype: float64}
# - {name: johnson_B, datatype: float64}
# - {name: johnson_V, datatype: float64}
# - {name: johnson_R, datatype: float64}
# - {name: johnson_I, datatype: float64}
# - {name: sdss_u, datatype: float64}
# - {name: sdss_g, datatype: float64}
# - {name: sdss_r, datatype: float64}
# - {name: sdss_i, datatype: float64}
# - {name: sdss_z, datatype: float64}
# - {name: PS1_g, datatype: float64}
# - {name: PS1_r, datatype: float64}
# - {name: PS1_i, datatype: float64}
# - {name: PS1_z, datatype: float64}
# - {name: PS1_Y, datatype: float64}
# - {name: ukirt_J, datatype: float64}
# - {name: ukirt_H, datatype: float64}
# - {name: ukirt_K, datatype: float64}
# meta: !!omap
# - comment: [E = 0.016176451642579408, Eta0 = 8.02, GammaB = 12.0, dL = 0.012188, epsb = 6.760829753919819e-06, epse = 0.1, n = 0.0630957344480193,
#     p = 2.15, theta_obs = 0.29670597283903605, xiN = 1.0, z = 0.0, type = grb, E_kiso = 37.27593720314942]
# schema: astropy-2.0
time swift_uvot_uvw2 swift_uvot_uvm2 swift_uvot_uvw1 swift_uvot_U swift_uvot_B swift_uvot_V swift_uvot_W johnson_U johnson_B johnson_V johnson_R johnson_I sdss_u sdss_g sdss_r sdss_i sdss_z PS1_g PS1_r PS1_i PS1_z PS1_Y ukirt_J ukirt_H ukirt_K
0.01 6.957 7.007 6.932 6.739 6.597 6.458 6.818 6.717 6.594 6.452 6.312 6.163 6.722 6.549 6.377 6.257 6.146 6.485 6.343 6.223 6.124 5.956 5.934 5.765 5.574
0.0102 6.8 6.849 6.774 6.581 6.439 6.3 6.661 6.559 6.436 6.295 6.154 6.006 6.564 6.391 6.22 6.099 5.988 6.328 6.185 6.065 5.966 5.798 5.776 5.607 5.417
0.0105 6.484 6.534 6.459 6.266 6.123 5.984 6.345 6.243 6.121 5.979 5.839 5.69 6.248 6.076 5.904 5.783 5.673 6.012 5.87 5.75 5.651 5.482 5.461 5.291 5.101
0.0107 6.169 6.218 6.143 5.95 5.808 5.669 6.03 5.928 5.806 5.664 5.523 5.375 5.933 5.76 5.589 5.468 5.357 5.697 5.554 5.434 5.335 5.167 5.145 4.976 4.786
0.011 5.853 5.903 5.828 5.635 5.492 5.353 5.714 5.612 5.49 5.348 5.208 5.059 5.618 5.445 5.273 5.152 5.042 5.381 5.239 5.119 5.02 4.851 4.83 4.66 4.47
0.0113 5.538 5.587 5.512 5.319 5.177 5.038 5.399 5.297 5.175 5.033 4.892 4.744 5.302 5.129 4.958 4.837 4.726 5.066 4.923 4.803 4.704 4.536 4.514 4.345 4.155
0.0115 5.222 5.272 5.197 5.004 4.861 4.722 5.083 4.982 4.859 4.717 4.577 4.428 4.987 4.814 4.642 4.521 4.411 4.75 4.608 4.488 4.389 4.221 4.199 4.029 3.839
0.0118 4.907 4.956 4.881 4.688 4.546 4.407 4.768 4.666 4.544 4.402 4.261 4.113 4.671 4.498 4.327 4.206 4.095 4.435 4.292 4.172 4.073 3.905 3.883 3.714 3.524
0.0121 4.591 4.641 4.566 4.373 4.231 4.091 4.452 4.351 4.228 4.086 3.946 3.797 4.356 4.183 4.011 3.89 3.78 4.119 3.977 3.857 3.758 3.59 3.568 3.399 3.208
0.0124 4.276 4.325 4.25 4.057 3.915 3.776 4.137 4.035 3.913 3.771 3.63 3.482 4.04 3.868 3.696 3.575 3.464 3.804 3.661 3.541 3.442 3.274 3.252 3.083 2.893
0.0127 3.96 4.01 3.935 3.742 3.6 3.46 3.821 3.72 3.597 3.455 3.315 3.166 3.725 3.552 3.38 3.259 3.149 3.488 3.346 3.226 3.127 2.959 2.937 2.768 2.577
0.013 3.728 3.777 3.702 3.509 3.367 3.228 3.588 3.487 3.364 3.222 3.082 2.933 3.492 3.319 3.147 3.027 2.916 3.255 3.113 2.993 2.894 2.726 2.704 2.535 2.344
0.0133 3.591 3.64 3.565 3.372 3.23 3.091 3.452 3.35 3.228 3.086 2.945 2.797 3.355 3.182 3.011 2.89 2.779 3.119 2.976 2.856 2.757 2.589 2.567 2.398 2.208
0.0136 3.454 3.503 3.428 3.235 3.093 2.954 3.315 3.213 3.091 2.949 2.808 2.66 3.218 3.046 2.874 2.753 2.642 2.982 2.839 2.719 2.62 2.452 2.43 2.261 2.071
0.014 3.317 3.366 3.292 3.099 2.956 2.817 3.178 3.076 2.954 2.812 2.671 2.523 3.081 2.909 2.737 2.616 2.506 2.845 2.702 2.583 2.484 2.315 2.294 2.124 1.934
0.0143 3.18 3.23 3.155 2.962 2.819 2.68 3.041 2.939 2.817 2.675 2.535 2.386 2.944 2.772 2.6 2.479 2.369 2.708 2.566 2.446 2.347 2.178 2.157 1.987 1.797
0.0146 3.043 3.093 3.018 2.825 2.683 2.543 2.904 2.803 2.68 2.538 2.398 2.249 2.808 2.635 2.463 2.342 2.232 2.571 2.429 2.309 2.21 2.042 2.02 1.851 1.66
0.015 2.906 2.956 2.881 2.688 2.546 2.407 2.767 2.666 2.543 2.401 2.261 2.112 2.671 2.498 2.326 2.206 2.095 2.434 2.292 2.172 2.073 1.905 1.883 1.714 1.523
0.0154 2.77 2.819 2.744 2.551 2.409 2.27 2.631 2.529 2.406 2.265 2.124 1.976 2.534 2.361 2.19 2.069 1.958 2.298 2.155 2.035 1.936 1.768 1.746 1.577 1.387
0.0157 2.633 2.682 2.607 2.414 2.272 2.133 2.494 2.392 2.27 2.128 1.987 1.839 2.397 2.225 2.053 1.932 1.821 2.161 2.018 1.898 1.799 1.631 1.609 1.44 1.25
0.0161 2.496 2.545 2.471 2.278 2.135 1.996 2.357 2.255 2.133 1.991 1.85 1.702 2.26 2.088 1.916 1.795 1.684 2.024 1.881 1.762 1.663 1.494 1.473 1.303 1.113
0.0165 2.393 2.443 2.368 2.175 2.033 1.894 2.254 2.153 2.03 1.888 1.748 1.599 2.158 1.985 1.813 1.693 1.582 1.921 1.779 1.659 1.56 1.392 1.37 1.201 1.01
0.0169 2.313 2.363 2.288 2.095 1.952 1.813 2.174 2.072 1.95 1.808 1.668 1.519 2.077 1.905 1.733 1.612 1.502 1.841 1.699 1.579 1.48 1.311 1.29 1.12 0.93
0.0173 2.233 2.282 2.208 2.015 1.872 1.733 2.094 1.992 1.87 1.728 1.587 1.439 1.997 1.825 1.653 1.532 1.422 1.761 1.618 1.499 1.4 1.231 1.21 1.04 0.85
0.0177 2.153 2.202 2.127 1.934 1.792 1.653 2.014 1.912 1.79 1.648 1.507 1.359 1.917 1.744 1.573 1.452 1.341 1.681 1.538 1.418 1.319 1.151 1.129 0.96 0.77
0.0181 2.073 2.122 2.047 1.854 1.712 1.573 1.933 1.832 1.709 1.567 1.427 1.278 1.837 1.664 1.492 1.372 1.261 1.6 1.458 1.338 1.239 1.071 1.049 0.88 0.689
0.0186 1.992 2.042 1.967 1.774 1.632 1.492 1.853 1.752 1.629 1.487 1.347 1.198 1.757 1.584 1.412 1.291 1.181 1.52 1.378 1.258 1.159 0.991 0.969 0.8 0.609
0.019 1.912 1.962 1.887 1.694 1.551 1.412 1.773 1.671 1.549 1.407 1.267 1.118 1.676 1.504 1.332 1.211 1.101 1.44 1.297 1.178 1.079 0.91 0.889 0.719 0.529
0.0195 1.832 1.881 1.806 1.614 1.471 1.332 1.693 1.591 1.469 1.327 1.186 1.038 1.596 1.424 1.252 1.131 1.02 1.36 1.217 1.097 0.998 0.83 0.808 0.639 0.449
0.02 1.752 1.801 1.726 1.533 1.391 1.252 1.613 1.511 1.388 1.247 1.106 0.958 1.516 1.343 1.172 1.051 0.94 1.28 1.137 1.017 0.918 0.75 0.728 0.559 0.369
0.0204 1.671 1.721 1.646 1.453 1.311 1.172 1.532 1.431 1.308 1.166 1.026 0.877 1.436 1.263 1.091 0.971 0.86 1.199 1.057 0.937 0.838 0.67 0.648 0.479 0.288
0.0209 1.61 1.659 1.584 1.391 1.249 1.11 1.471 1.369 1.247 1.105 0.964 0.816 1.374 1.202 1.03 0.909 0.798 1.138 0.995 0.875 0.776 0.608 0.586 0.417 0.227
0.0214 1.554 1.604 1.529 1.336 1.194 1.055 1.415 1.314 1.191 1.049 0.909 0.76 1.319 1.146 0.974 0.854 0.743 1.082 0.94 0.82 0.721 0.553 0.531 0.362 0.171
0.022 1.499 1.549 1.474 1.281 1.138 0.999 1.36 1.258 1.136 0.994 0.854 0.705 1.263 1.091 0.919 0.798 0.688 1.027 0.885 0.765 0.666 0.497 0.476 0.306 0.116
0.0225 1.444 1.493 1.418 1.225 1.083 0.944 1.305 1.203 1.081 0.939 0.798 0.65 1.208 1.035 0.864 0.743 0.632 0.972 0.829 0.709 0.61 0.442 0.42 0.251 0.061
0.023 1.388 1.438 1.363 1.17 1.028 0.889 1.249 1.148 1.025 0.883 0.743 0.594 1.153 0.98 0.808 0.688 0.577 0.916 0.774 0.654 0.555 0.387 0.365 0.196 0.005
0.0236 1.333 1.383 1.308 1.115 0.972 0.833 1.194 1.092 0.97 0.828 0.688 0.539 1.097 0.925 0.753 0.632 0.522 0.861 0.718 0.599 0.5 0.331 0.31 0.14 -0.05
0.0242 1.278 1.327 1.252 1.059 0.917 0.778 1.139 1.037 0.915 0.773 0.632 0.484 1.042 0.869 0.698 0.577 0.466 0.806 0.663 0.543 0.444 0.276 0.254 0.085 -0.105
0.0247 1.222 1.272 1.197 1.004 0.862 0.723 1.083 0.982 0.859 0.717 0.577 0.428 0.987 0.814 0.642 0.522 0.411 0.75 0.608 0.488 0.389 0.221 0.199 0.03 -0.161
0.0253 1.167 1.216 1.142 0.949 0.806 0.667 1.028 0.926 0.804 0.662 0.522 0.373 0.931 0.759 0.587 0.466 0.356 0.695 0.552 0.433 0.334 0.165 0.144 -0.026 -0.216
0.0259 1.112 1.161 1.086 0.893 0.751 0.612 0.973 0.871 0.749 0.607 0.466 0.318 0.876 0.703 0.532 0.411 0.3 0.64 0.497 0.377 0.278 0.11 0.088 -0.081 -0.271
0.0266 1.037 1.086 1.011 0.818 0.676 0.537 0.897 0.796 0.673 0.532 0.391 0.242 0.801 0.628 0.456 0.336 0.225 0.565 0.422 0.302 0.203 0.035 0.013 -0.156 -0.347
0.0272 0.959 1.008 0.934 0.741 0.598 0.459 0.82 0.718 0.596 0.454 0.314 0.165 0.723 0.551 0.379 0.258 0.148 0.487 0.344 0.225 0.126 -0.043 -0.064 -0.234 -0.424
0.0279 0.882 0.931 0.856 0.663 0.521 0.382 0.742 0.641 0.518 0.376 0.236 0.087 0.646 0.473 0.301 0.181 0.07 0.409 0.267 0.147 0.048 -0.12 -0.142 -0.311 -0.502
0.0285 0.804 0.853 0.779 0.586 0.443 0.304 0.665 0.563 0.441 0.299 0.158 0.01 0.568 0.396 0.224 0.103 -0.008 0.332 0.189 0.07 -0.029 -0.198 -0.219 -0.389 -0.579
0.0292 0.726 0.776 0.701 0.508 0.366 0.227 0.587 0.486 0.363 0.221 0.081 -0.068 0.491 0.318 0.146 0.026 -0.085 0.254 0.112 -0.008 -0.107 -0.275 -0.297 -0.466 -0.657
0.0299 0.649 0.698 0.624 0.431 0.288 0.149 0.51 0.408 0.286 0.144 0.003 -0.145 0.413 0.241 0.069 -0.052 -0.163 0.177 0.034 -0.086 -0.185 -0.353 -0.375 -0.544 -0.734
0.0307 0.571 0.621 0.546 0.353 0.211 0.071 0.432 0.331 0.208 0.066 -0.074 -0.223 0.336 0.163 -0.009 -0.129 -0.24 0.099 -0.043 -0.163 -0.262 -0.43 -0.452 -0.621 -0.812
0.0314 0.494 0.543 0.468 0.275 0.133 -0.006 0.355 0.253 0.131 -0.011 -0.152 -0.3 0.258 0.086 -0.086 -0.207 -0.318 0.022 -0.121 -0.241 -0.34 -0.508 -0.53 -0.699 -0.889
0.0322 0.416 0.466 0.391 0.198 0.056 -0.084 0.277 0.176 0.053 -0.089 -0.229 -0.378 0.181 0.008 -0.164 -0.285 -0.395 -0.056 -0.198 -0.318 -0.417 -0.585 -0.607 -0.776 -0.967
0.0329 0.339 0.389 0.314 0.121 -0.022 -0.161 0.2 0.098 -0.024 -0.166 -0.306 -0.455 0.103 -0.069 -0.241 -0.362 -0.472 -0.133 -0.275 -0.395 -0.494 -0.663 -0.684 -0.854 -1.044
0.0337 0.272 0.322 0.247 0.054 -0.088 -0.228 0.133 0.032 -0.091 -0.233 -0.373 -0.522 0.037 -0.136 -0.308 -0.428 -0.539 -0.2 -0.342 -0.462 -0.561 -0.729 -0.751 -0.92 -1.111
0.0345 0.206 0.255 0.18 -0.013 -0.155 -0.294 0.066 -0.035 -0.158 -0.299 -0.44 -0.589 -0.03 -0.203 -0.375 -0.495 -0.606 -0.266 -0.409 -0.529 -0.628 -0.796 -0.818 -0.987 -1.178
0.0354 0.139 0.188 0.113 -0.08 -0.222 -0.361 -0.0 -0.102 -0.224 -0.366 -0.507 -0.655 -0.097 -0.27 -0.441 -0.562 -0.673 -0.333 -0.476 -0.596 -0.695 -0.863 -0.885 -1.054 -1.244
0.0362 0.072 0.121 0.047 -0.146 -0.289 -0.428 -0.067 -0.169 -0.291 -0.433 -0.574 -0.722 -0.164 -0.336 -0.508 -0.629 -0.74 -0.4 -0.543 -0.662 -0.762 -0.93 -0.951 -1.121 -1.311
0.0371 0.005 0.055 -0.02 -0.213 -0.356 -0.495 -0.134 -0.236 -0.358 -0.5 -0.64 -0.789 -0.231 -0.403 -0.575 -0.696 -0.806 -0.467 -0.609 -0.729 -0.828 -0.997 -1.018 -1.188 -1.378
0.038 -0.062 -0.012 -0.087 -0.28 -0.422 -0.562 -0.201 -0.302 -0.425 -0.567 -0.707 -0.856 -0.297 -0.47 -0.642 -0.762 -0.873 -0.534 -0.676 -0.796 -0.895 -1.063 -1.085 -1.254 -1.445
0.0389 -0.128 -0.079 -0.154 -0.347 -0.489 -0.628 -0.268 -0.369 -0.492 -0.633 -0.774 -0.923 -0.364 -0.537 -0.709 -0.829 -0.94 -0.6 -0.743 -0.863 -0.962 -1.13 -1.152 -1.321 -1.512
0.0398 -0.195 -0.146 -0.221 -0.414 -0.556 -0.695 -0.334 -0.436 -0.558 -0.7 -0.841 -0.989 -0.431 -0.604 -0.775 -0.896 -1.007 -0.667 -0.81 -0.93 -1.029 -1.197 -1.219 -1.388 -1.578
0.0408 -0.262 -0.213 -0.287 -0.48 -0.623 -0.762 -0.401 -0.503 -0.625 -0.767 -0.908 -1.056 -0.498 -0.67 -0.842 -0.963 -1.074 -0.734 -0.877 -0.996 -1.096 -1.264 -1.285 -1.455 -1.645
0.0418 -0.325 -0.275 -0.35 -0.543 -0.686 -0.825 -0.464 -0.566 -0.688 -0.83 -0.97 -1.119 -0.561 -0.733 -0.905 -1.026 -1.136 -0.797 -0.94 -1.059 -1.158 -1.327 -1.348 -1.518 -1.708
0.0428 -0.37 -0.32 -0.395 -0.588 -0.73 -0.87 -0.509 -0.61 -0.733 -0.875 -1.015 -1.164 -0.605 -0.778 -0.95 -1.071 -1.181 -0.842 -0.984 -1.104 -1.203 -1.371 -1.393 -1.562 -1.753
0.0438 -0.415 -0.365 -0.44 -0.633 -0.775 -0.914 -0.554 -0.655 -0.778 -0.92 -1.06 -1.209 -0.65 -0.823 -0.995 -1.115 -1.226 -0.887 -1.029 -1.149 -1.248 -1.416 -1.438 -1.607 -1.798
0.0449 -0.459 -0.41 -0.485 -0.678 -0.82 -0.959 -0.598 -0.7 -0.822 -0.964 -1.105 -1.253 -0.695 -0.868 -1.039 -1.16 -1.271 -0.931 -1.074 -1.194 -1.293 -1.461 -1.483 -1.652 -1.842
0.046 -0.504 -0.455 -0.53 -0.722 -0.865 -1.004 -0.643 -0.745 -0.867 -1.009 -1.15 -1.298 -0.74 -0.912 -1.084 -1.205 -1.316 -0.976 -1.119 -1.239 -1.338 -1.506 -1.528 -1.697 -1.887
0.0471 -0.549 -0.499 -0.574 -0.767 -0.91 -1.049 -0.688 -0.79 -0.912 -1.054 -1.194 -1.343 -0.785 -0.957 -1.129 -1.25 -1.36 -1.021 -1.164 -1.283 -1.382 -1.551 -1.572 -1.742 -1.932
0.0482 -0.594 -0.544 -0.619 -0.812 -0.954 -1.094 -0.733 -0.834 -0.957 -1.099 -1.239 -1.388 -0.829 -1.002 -1.174 -1.295 -1.405 -1.066 -1.208 -1.328 -1.427 -1.595 -1.617 -1.786 -1.977
0.0494 -0.638 -0.589 -0.664 -0.857 -0.999 -1.138 -0.778 -0.879 -1.002 -1.144 -1.284 -1.433 -0.874 -1.047 -1.219 -1.339 -1.45 -1.111 -1.253 -1.373 -1.472 -1.64 -1.662 -1.831 -2.022
0.0506 -0.683 -0.634 -0.709 -0.902 -1.044 -1.183 -0.822 -0.924 -1.046 -1.188 -1.329 -1.477 -0.919 -1.092 -1.263 -1.384 -1.495 -1.155 -1.298 -1.418 -1.517 -1.685 -1.707 -1.876 -2.066
0.0518 -0.728 -0.679 -0.753 -0.946 -1.089 -1.228 -0.867 -0.969 -1.091 -1.233 -1.374 -1.522 -0.964 -1.136 -1.308 -1.429 -1.54 -1.2 -1.343 -1.463 -1.562 -1.73 -1.752 -1.921 -2.111
0.053 -0.771 -0.721 -0.796 -0.989 -1.131 -1.27 -0.91 -1.011 -1.134 -1.276 -1.416 -1.565 -1.006 -1.179 -1.351 -1.471 -1.582 -1.243 -1.385 -1.505 -1.604 -1.772 -1.794 -1.963 -2.154
0.0543 -0.808 -0.759 -0.834 -1.026 -1.169 -1.308 -0.947 -1.049 -1.171 -1.313 -1.454 -1.602 -1.044 -1.216 -1.388 -1.509 -1.62 -1.28 -1.423 -1.543 -1.642 -1.81 -1.832 -2.001 -2.191
0.0556 -0.846 -0.796 -0.871 -1.064 -1.206 -1.346 -0.985 -1.086 -1.209 -1.351 -1.491 -1.64 -1.081 -1.254 -1.426 -1.547 -1.657 -1.318 -1.46 -1.58 -1.679 -1.847 -1.869 -2.038 -2.229
0.057 -0.883 -0.834 -0.909 -1.102 -1.244 -1.383 -1.022 -1.124 -1.246 -1.388 -1.529 -1.677 -1.119 -1.292 -1.463 -1.584 -1.695 -1.355 -1.498 -1.618 -1.717 -1.885 -1.907 -2.076 -2.266
0.0584 -0.921 -0.871 -0.946 -1.139 -1.282 -1.421 -1.06 -1.162 -1.284 -1.426 -1.566 -1.715 -1.156 -1.329 -1.501 -1.622 -1.732 -1.393 -1.535 -1.655 -1.754 -1.922 -1.944 -2.114 -2.304
0.0598 -0.958 -0.909 -0.984 -1.177 -1.319 -1.458 -1.097 -1.199 -1.321 -1.463 -1.604 -1.752 -1.194 -1.367 -1.538 -1.659 -1.77 -1.43 -1.573 -1.693 -1.792 -1.96 -1.982 -2.151 -2.341
0.0612 -0.996 -0.946 -1.021 -1.214 -1.357 -1.496 -1.135 -1.237 -1.359 -1.501 -1.641 -1.79 -1.232 -1.404 -1.576 -1.697 -1.807 -1.468 -1.61 -1.73 -1.829 -1.998 -2.019 -2.189 -2.379
0.0627 -1.033 -0.984 -1.059 -1.252 -1.394 -1.533 -1.173 -1.274 -1.397 -1.538 -1.679 -1.828 -1.269 -1.442 -1.614 -1.734 -1.845 -1.505 -1.648 -1.768 -1.867 -2.035 -2.057 -2.226 -2.417
0.0642 -1.071 -1.022 -1.096 -1.289 -1.432 -1.571 -1.21 -1.312 -1.434 -1.576 -1.716 -1.865 -1.307 -1.479 -1.651 -1.772 -1.882 -1.543 -1.686 -1.805 -1.904 -2.073 -2.094 -2.264 -2.454
0.0657 -1.109 -1.059 -1.134 -1.327 -1.469 -1.608 -1.248 -1.349 -1.472 -1.614 -1.754 -1.903 -1.344 -1.517 -1.689 -1.809 -1.92 -1.581 -1.723 -1.843 -1.942 -2.11 -2.132 -2.301 -2.492
0.0673 -1.141 -1.091 -1.166 -1.359 -1.502 -1.641 -1.28 -1.382 -1.504 -1.646 -1.786 -1.935 -1.376 -1.549 -1.721 -1.842 -1.952 -1.613 -1.755 -1.875 -1.974 -2.142 -2.164 -2.334 -2.524
0.0689 -1.167 -1.117 -1.192 -1.385 -1.528 -1.667 -1.306 -1.408 -1.53 -1.672 -1.812 -1.961 -1.403 -1.575 -1.747 -1.868 -1.978 -1.639 -1.781 -1.901 -2.0 -2.169 -2.19 -2.36 -2.55
0.0706 -1.193 -1.144 -1.218 -1.411 -1.554 -1.693 -1.332 -1.434 -1.556 -1.698 -1.838 -1.987 -1.429 -1.601 -1.773 -1.894 -2.004 -1.665 -1.808 -1.927 -2.026 -2.195 -2.216 -2.386 -2.576
0.0723 -1.219 -1.17 -1.244 -1.437 -1.58 -1.719 -1.358 -1.46 -1.582 -1.724 -1.865 -2.013 -1.455 -1.627 -1.799 -1.92 -2.031 -1.691 -1.834 -1.954 -2.053 -2.221 -2.243 -2.412 -2.602
0.0741 -1.245 -1.196 -1.271 -1.464 -1.606 -1.745 -1.384 -1.486 -1.608 -1.75 -1.891 -2.039 -1.481 -1.653 -1.825 -1.946 -2.057 -1.717 -1.86 -1.98 -2.079 -2.247 -2.269 -2.438 -2.628
0.0758 -1.271 -1.222 -1.297 -1.49 -1.632 -1.771 -1.41 -1.512 -1.634 -1.776 -1.917 -2.065 -1.507 -1.68 -1.851 -1.972 -2.083 -1.743 -1.886 -2.006 -2.105 -2.273 -2.295 -2.464 -2.654
0.0777 -1.297 -1.248 -1.323 -1.516 -1.658 -1.797 -1.436 -1.538 -1.661 -1.802 -1.943 -2.091 -1.533 -1.706 -1.878 -1.998 -2.109 -1.769 -1.912 -2.032 -2.131 -2.299 -2.321 -2.49 -2.68
0.0795 -1.323 -1.274 -1.349 -1.542 -1.684 -1.823 -1.463 -1.564 -1.687 -1.829 -1.969 -2.118 -1.559 -1.732 -1.904 -2.024 -2.135 -1.796 -1.938 -2.058 -2.157 -2.325 -2.347 -2.516 -2.707
0.0815 -1.35 -1.3 -1.375 -1.568 -1.71 -1.849 -1.489 -1.59 -1.713 -1.855 -1.995 -2.144 -1.585 -1.758 -1.93 -2.05 -2.161 -1.822 -1.964 -2.084 -2.183 -2.351 -2.373 -2.542 -2.733
0.0834 -1.376 -1.326 -1.401 -1.594 -1.736 -1.876 -1.515 -1.616 -1.739 -1.881 -2.021 -2.17 -1.611 -1.784 -1.956 -2.077 -2.187 -1.848 -1.99 -2.11 -2.209 -2.377 -2.399 -2.568 -2.759
0.0854 -1.401 -1.352 -1.427 -1.62 -1.762 -1.901 -1.54 -1.642 -1.764 -1.906 -2.047 -2.195 -1.637 -1.809 -1.981 -2.102 -2.213 -1.873 -2.016 -2.136 -2.235 -2.403 -2.425 -2.594 -2.784
0.0875 -1.426 -1.377 -1.452 -1.645 -1.787 -1.926 -1.565 -1.667 -1.789 -1.931 -2.072 -2.22 -1.662 -1.835 -2.006 -2.127 -2.238 -1.898 -2.041 -2.161 -2.26 -2.428 -2.45 -2.619 -2.809
0.0896 -1.451 -1.402 -1.477 -1.67 -1.812 -1.951 -1.59 -1.692 -1.814 -1.956 -2.097 -2.245 -1.687 -1.86 -2.031 -2.152 -2.263 -1.923 -2.066 -2.186 -2.285 -2.453 -2.475 -2.644 -2.834
0.0918 -1.476 -1.427 -1.502 -1.695 -1.837 -1.976 -1.615 -1.717 -1.84 -1.981 -2.122 -2.27 -1.712 -1.885 -2.057 -2.177 -2.288 -1.948 -2.091 -2.211 -2.31 -2.478 -2.5 -2.669 -2.86
0.094 -1.501 -1.452 -1.527 -1.72 -1.862 -2.001 -1.641 -1.742 -1.865 -2.007 -2.147 -2.296 -1.737 -1.91 -2.082 -2.202 -2.313 -1.974 -2.116 -2.236 -2.335 -2.503 -2.525 -2.694 -2.885
