web/models/linear/29/-14_571_0_022.dat
# %ECSV 1.0
# ---
# datatype:
# - {name: time, datatype: float64}
# - {name: swift_uvot_uvw2, datatype: float64}
# - {name: swift_uvot_uvm2, datatype: float64}
# - {name: swift_uvot_uvw1, datatype: float64}
# - {name: swift_uvot_U, datatype: float64}
# - {name: swift_uvot_B, datatype: float64}
# - {name: swift_uvot_V, datatype: float64}
# - {name: swift_uvot_W, datatype: float64}
# - {name: johnson_U, datatype: float64}
# - {name: johnson_B, datatype: float64}
# - {name: johnson_V, datatype: float64}
# - {name: johnson_R, datatype: float64}
# - {name: johnson_I, datatype: float64}
# - {name: sdss_u, datatype: float64}
# - {name: sdss_g, datatype: float64}
# - {name: sdss_r, datatype: float64}
# - {name: sdss_i, datatype: float64}
# - {name: sdss_z, datatype: float64}
# - {name: PS1_g, datatype: float64}
# - {name: PS1_r, datatype: float64}
# - {name: PS1_i, datatype: float64}
# - {name: PS1_z, datatype: float64}
# - {name: PS1_Y, datatype: float64}
# - {name: PS1_w, datatype: float64}
# - {name: ATLAS_c, datatype: float64}
# - {name: ATLAS_o, datatype: float64}
# - {name: ukirt_J, datatype: float64}
# - {name: ukirt_H, datatype: float64}
# - {name: ukirt_K, datatype: float64}
# - {name: Clear, datatype: float64}
# meta: !!omap
# - comment: [M=-14.571428571428571, dM=0.022251494327866092]
# schema: astropy-2.0
time swift_uvot_uvw2 swift_uvot_uvm2 swift_uvot_uvw1 swift_uvot_U swift_uvot_B swift_uvot_V swift_uvot_W johnson_U johnson_B johnson_V johnson_R johnson_I sdss_u sdss_g sdss_r sdss_i sdss_z PS1_g PS1_r PS1_i PS1_z PS1_Y PS1_w ATLAS_c ATLAS_o ukirt_J ukirt_H ukirt_K Clear
[from data line 81]
6.105527638190955 -14.435571457818735 -14.435571457818735 -14.435571457818735 -14.435571457818735 -14.435571457818735 -14.435571457818735 -14.435571457818735 -14.435571457818735 -14.435571457818735 -14.435571457818735 -14.435571457818735 -14.435571457818735 -14.435571457818735 -14.435571457818735 -14.435571457818735 -14.435571457818735 -14.435571457818735 -14.435571457818735 -14.435571457818735 -14.435571457818735 -14.435571457818735 -14.435571457818735 -14.435571457818735 -14.435571457818735 -14.435571457818735 -14.435571457818735 -14.435571457818735 -14.435571457818735 -14.435571457818735
6.180904522613065 -14.433894209502565 -14.433894209502565 -14.433894209502565 -14.433894209502565 -14.433894209502565 -14.433894209502565 -14.433894209502565 -14.433894209502565 -14.433894209502565 -14.433894209502565 -14.433894209502565 -14.433894209502565 -14.433894209502565 -14.433894209502565 -14.433894209502565 -14.433894209502565 -14.433894209502565 -14.433894209502565 -14.433894209502565 -14.433894209502565 -14.433894209502565 -14.433894209502565 -14.433894209502565 -14.433894209502565 -14.433894209502565 -14.433894209502565 -14.433894209502565 -14.433894209502565 -14.433894209502565
6.256281407035175 -14.432216961186393 -14.432216961186393 -14.432216961186393 -14.432216961186393 -14.432216961186393 -14.432216961186393 -14.432216961186393 -14.432216961186393 -14.432216961186393 -14.432216961186393 -14.432216961186393 -14.432216961186393 -14.432216961186393 -14.432216961186393 -14.432216961186393 -14.432216961186393 -14.432216961186393 -14.432216961186393 -14.432216961186393 -14.432216961186393 -14.432216961186393 -14.432216961186393 -14.432216961186393 -14.432216961186393 -14.432216961186393 -14.432216961186393 -14.432216961186393 -14.432216961186393 -14.432216961186393
6.331658291457286 -14.430539712870223 -14.430539712870223 -14.430539712870223 -14.430539712870223 -14.430539712870223 -14.430539712870223 -14.430539712870223 -14.430539712870223 -14.430539712870223 -14.430539712870223 -14.430539712870223 -14.430539712870223 -14.430539712870223 -14.430539712870223 -14.430539712870223 -14.430539712870223 -14.430539712870223 -14.430539712870223 -14.430539712870223 -14.430539712870223 -14.430539712870223 -14.430539712870223 -14.430539712870223 -14.430539712870223 -14.430539712870223 -14.430539712870223 -14.430539712870223 -14.430539712870223 -14.430539712870223
6.407035175879397 -14.428862464554053 -14.428862464554053 -14.428862464554053 -14.428862464554053 -14.428862464554053 -14.428862464554053 -14.428862464554053 -14.428862464554053 -14.428862464554053 -14.428862464554053 -14.428862464554053 -14.428862464554053 -14.428862464554053 -14.428862464554053 -14.428862464554053 -14.428862464554053 -14.428862464554053 -14.428862464554053 -14.428862464554053 -14.428862464554053 -14.428862464554053 -14.428862464554053 -14.428862464554053 -14.428862464554053 -14.428862464554053 -14.428862464554053 -14.428862464554053 -14.428862464554053 -14.428862464554053
6.482412060301507 -14.42718521623788 -14.42718521623788 -14.42718521623788 -14.42718521623788 -14.42718521623788 -14.42718521623788 -14.42718521623788 -14.42718521623788 -14.42718521623788 -14.42718521623788 -14.42718521623788 -14.42718521623788 -14.42718521623788 -14.42718521623788 -14.42718521623788 -14.42718521623788 -14.42718521623788 -14.42718521623788 -14.42718521623788 -14.42718521623788 -14.42718521623788 -14.42718521623788 -14.42718521623788 -14.42718521623788 -14.42718521623788 -14.42718521623788 -14.42718521623788 -14.42718521623788 -14.42718521623788
6.557788944723617 -14.42550796792171 -14.42550796792171 -14.42550796792171 -14.42550796792171 -14.42550796792171 -14.42550796792171 -14.42550796792171 -14.42550796792171 -14.42550796792171 -14.42550796792171 -14.42550796792171 -14.42550796792171 -14.42550796792171 -14.42550796792171 -14.42550796792171 -14.42550796792171 -14.42550796792171 -14.42550796792171 -14.42550796792171 -14.42550796792171 -14.42550796792171 -14.42550796792171 -14.42550796792171 -14.42550796792171 -14.42550796792171 -14.42550796792171 -14.42550796792171 -14.42550796792171 -14.42550796792171
6.633165829145728 -14.42383071960554 -14.42383071960554 -14.42383071960554 -14.42383071960554 -14.42383071960554 -14.42383071960554 -14.42383071960554 -14.42383071960554 -14.42383071960554 -14.42383071960554 -14.42383071960554 -14.42383071960554 -14.42383071960554 -14.42383071960554 -14.42383071960554 -14.42383071960554 -14.42383071960554 -14.42383071960554 -14.42383071960554 -14.42383071960554 -14.42383071960554 -14.42383071960554 -14.42383071960554 -14.42383071960554 -14.42383071960554 -14.42383071960554 -14.42383071960554 -14.42383071960554 -14.42383071960554
6.708542713567839 -14.422153471289368 -14.422153471289368 -14.422153471289368 -14.422153471289368 -14.422153471289368 -14.422153471289368 -14.422153471289368 -14.422153471289368 -14.422153471289368 -14.422153471289368 -14.422153471289368 -14.422153471289368 -14.422153471289368 -14.422153471289368 -14.422153471289368 -14.422153471289368 -14.422153471289368 -14.422153471289368 -14.422153471289368 -14.422153471289368 -14.422153471289368 -14.422153471289368 -14.422153471289368 -14.422153471289368 -14.422153471289368 -14.422153471289368 -14.422153471289368 -14.422153471289368 -14.422153471289368
6.783919597989949 -14.420476222973198 -14.420476222973198 -14.420476222973198 -14.420476222973198 -14.420476222973198 -14.420476222973198 -14.420476222973198 -14.420476222973198 -14.420476222973198 -14.420476222973198 -14.420476222973198 -14.420476222973198 -14.420476222973198 -14.420476222973198 -14.420476222973198 -14.420476222973198 -14.420476222973198 -14.420476222973198 -14.420476222973198 -14.420476222973198 -14.420476222973198 -14.420476222973198 -14.420476222973198 -14.420476222973198 -14.420476222973198 -14.420476222973198 -14.420476222973198 -14.420476222973198 -14.420476222973198
6.859296482412059 -14.418798974657028 -14.418798974657028 -14.418798974657028 -14.418798974657028 -14.418798974657028 -14.418798974657028 -14.418798974657028 -14.418798974657028 -14.418798974657028 -14.418798974657028 -14.418798974657028 -14.418798974657028 -14.418798974657028 -14.418798974657028 -14.418798974657028 -14.418798974657028 -14.418798974657028 -14.418798974657028 -14.418798974657028 -14.418798974657028 -14.418798974657028 -14.418798974657028 -14.418798974657028 -14.418798974657028 -14.418798974657028 -14.418798974657028 -14.418798974657028 -14.418798974657028 -14.418798974657028
6.93467336683417 -14.417121726340856 -14.417121726340856 -14.417121726340856 -14.417121726340856 -14.417121726340856 -14.417121726340856 -14.417121726340856 -14.417121726340856 -14.417121726340856 -14.417121726340856 -14.417121726340856 -14.417121726340856 -14.417121726340856 -14.417121726340856 -14.417121726340856 -14.417121726340856 -14.417121726340856 -14.417121726340856 -14.417121726340856 -14.417121726340856 -14.417121726340856 -14.417121726340856 -14.417121726340856 -14.417121726340856 -14.417121726340856 -14.417121726340856 -14.417121726340856 -14.417121726340856 -14.417121726340856
7.010050251256281 -14.415444478024686 -14.415444478024686 -14.415444478024686 -14.415444478024686 -14.415444478024686 -14.415444478024686 -14.415444478024686 -14.415444478024686 -14.415444478024686 -14.415444478024686 -14.415444478024686 -14.415444478024686 -14.415444478024686 -14.415444478024686 -14.415444478024686 -14.415444478024686 -14.415444478024686 -14.415444478024686 -14.415444478024686 -14.415444478024686 -14.415444478024686 -14.415444478024686 -14.415444478024686 -14.415444478024686 -14.415444478024686 -14.415444478024686 -14.415444478024686 -14.415444478024686 -14.415444478024686
7.085427135678391 -14.413767229708515 -14.413767229708515 -14.413767229708515 -14.413767229708515 -14.413767229708515 -14.413767229708515 -14.413767229708515 -14.413767229708515 -14.413767229708515 -14.413767229708515 -14.413767229708515 -14.413767229708515 -14.413767229708515 -14.413767229708515 -14.413767229708515 -14.413767229708515 -14.413767229708515 -14.413767229708515 -14.413767229708515 -14.413767229708515 -14.413767229708515 -14.413767229708515 -14.413767229708515 -14.413767229708515 -14.413767229708515 -14.413767229708515 -14.413767229708515 -14.413767229708515 -14.413767229708515
7.160804020100501 -14.412089981392343 -14.412089981392343 -14.412089981392343 -14.412089981392343 -14.412089981392343 -14.412089981392343 -14.412089981392343 -14.412089981392343 -14.412089981392343 -14.412089981392343 -14.412089981392343 -14.412089981392343 -14.412089981392343 -14.412089981392343 -14.412089981392343 -14.412089981392343 -14.412089981392343 -14.412089981392343 -14.412089981392343 -14.412089981392343 -14.412089981392343 -14.412089981392343 -14.412089981392343 -14.412089981392343 -14.412089981392343 -14.412089981392343 -14.412089981392343 -14.412089981392343 -14.412089981392343
7.236180904522612 -14.410412733076173 -14.410412733076173 -14.410412733076173 -14.410412733076173 -14.410412733076173 -14.410412733076173 -14.410412733076173 -14.410412733076173 -14.410412733076173 -14.410412733076173 -14.410412733076173 -14.410412733076173 -14.410412733076173 -14.410412733076173 -14.410412733076173 -14.410412733076173 -14.410412733076173 -14.410412733076173 -14.410412733076173 -14.410412733076173 -14.410412733076173 -14.410412733076173 -14.410412733076173 -14.410412733076173 -14.410412733076173 -14.410412733076173 -14.410412733076173 -14.410412733076173 -14.410412733076173
7.311557788944723 -14.408735484760003 -14.408735484760003 -14.408735484760003 -14.408735484760003 -14.408735484760003 -14.408735484760003 -14.408735484760003 -14.408735484760003 -14.408735484760003 -14.408735484760003 -14.408735484760003 -14.408735484760003 -14.408735484760003 -14.408735484760003 -14.408735484760003 -14.408735484760003 -14.408735484760003 -14.408735484760003 -14.408735484760003 -14.408735484760003 -14.408735484760003 -14.408735484760003 -14.408735484760003 -14.408735484760003 -14.408735484760003 -14.408735484760003 -14.408735484760003 -14.408735484760003 -14.408735484760003
7.3869346733668335 -14.40705823644383 -14.40705823644383 -14.40705823644383 -14.40705823644383 -14.40705823644383 -14.40705823644383 -14.40705823644383 -14.40705823644383 -14.40705823644383 -14.40705823644383 -14.40705823644383 -14.40705823644383 -14.40705823644383 -14.40705823644383 -14.40705823644383 -14.40705823644383 -14.40705823644383 -14.40705823644383 -14.40705823644383 -14.40705823644383 -14.40705823644383 -14.40705823644383 -14.40705823644383 -14.40705823644383 -14.40705823644383 -14.40705823644383 -14.40705823644383 -14.40705823644383 -14.40705823644383
7.462311557788944 -14.40538098812766 -14.40538098812766 -14.40538098812766 -14.40538098812766 -14.40538098812766 -14.40538098812766 -14.40538098812766 -14.40538098812766 -14.40538098812766 -14.40538098812766 -14.40538098812766 -14.40538098812766 -14.40538098812766 -14.40538098812766 -14.40538098812766 -14.40538098812766 -14.40538098812766 -14.40538098812766 -14.40538098812766 -14.40538098812766 -14.40538098812766 -14.40538098812766 -14.40538098812766 -14.40538098812766 -14.40538098812766 -14.40538098812766 -14.40538098812766 -14.40538098812766 -14.40538098812766
7.537688442211055 -14.40370373981149 -14.40370373981149 -14.40370373981149 -14.40370373981149 -14.40370373981149 -14.40370373981149 -14.40370373981149 -14.40370373981149 -14.40370373981149 -14.40370373981149 -14.40370373981149 -14.40370373981149 -14.40370373981149 -14.40370373981149 -14.40370373981149 -14.40370373981149 -14.40370373981149 -14.40370373981149 -14.40370373981149 -14.40370373981149 -14.40370373981149 -14.40370373981149 -14.40370373981149 -14.40370373981149 -14.40370373981149 -14.40370373981149 -14.40370373981149 -14.40370373981149 -14.40370373981149
7.613065326633166 -14.402026491495318 -14.402026491495318 -14.402026491495318 -14.402026491495318 -14.402026491495318 -14.402026491495318 -14.402026491495318 -14.402026491495318 -14.402026491495318 -14.402026491495318 -14.402026491495318 -14.402026491495318 -14.402026491495318 -14.402026491495318 -14.402026491495318 -14.402026491495318 -14.402026491495318 -14.402026491495318 -14.402026491495318 -14.402026491495318 -14.402026491495318 -14.402026491495318 -14.402026491495318 -14.402026491495318 -14.402026491495318 -14.402026491495318 -14.402026491495318 -14.402026491495318 -14.402026491495318
7.688442211055276 -14.400349243179148 -14.400349243179148 -14.400349243179148 -14.400349243179148 -14.400349243179148 -14.400349243179148 -14.400349243179148 -14.400349243179148 -14.400349243179148 -14.400349243179148 -14.400349243179148 -14.400349243179148 -14.400349243179148 -14.400349243179148 -14.400349243179148 -14.400349243179148 -14.400349243179148 -14.400349243179148 -14.400349243179148 -14.400349243179148 -14.400349243179148 -14.400349243179148 -14.400349243179148 -14.400349243179148 -14.400349243179148 -14.400349243179148 -14.400349243179148 -14.400349243179148 -14.400349243179148
7.763819095477386 -14.398671994862978 -14.398671994862978 -14.398671994862978 -14.398671994862978 -14.398671994862978 -14.398671994862978 -14.398671994862978 -14.398671994862978 -14.398671994862978 -14.398671994862978 -14.398671994862978 -14.398671994862978 -14.398671994862978 -14.398671994862978 -14.398671994862978 -14.398671994862978 -14.398671994862978 -14.398671994862978 -14.398671994862978 -14.398671994862978 -14.398671994862978 -14.398671994862978 -14.398671994862978 -14.398671994862978 -14.398671994862978 -14.398671994862978 -14.398671994862978 -14.398671994862978 -14.398671994862978
7.839195979899497 -14.396994746546806 -14.396994746546806 -14.396994746546806 -14.396994746546806 -14.396994746546806 -14.396994746546806 -14.396994746546806 -14.396994746546806 -14.396994746546806 -14.396994746546806 -14.396994746546806 -14.396994746546806 -14.396994746546806 -14.396994746546806 -14.396994746546806 -14.396994746546806 -14.396994746546806 -14.396994746546806 -14.396994746546806 -14.396994746546806 -14.396994746546806 -14.396994746546806 -14.396994746546806 -14.396994746546806 -14.396994746546806 -14.396994746546806 -14.396994746546806 -14.396994746546806 -14.396994746546806
7.914572864321608 -14.395317498230636 -14.395317498230636 -14.395317498230636 -14.395317498230636 -14.395317498230636 -14.395317498230636 -14.395317498230636 -14.395317498230636 -14.395317498230636 -14.395317498230636 -14.395317498230636 -14.395317498230636 -14.395317498230636 -14.395317498230636 -14.395317498230636 -14.395317498230636 -14.395317498230636 -14.395317498230636 -14.395317498230636 -14.395317498230636 -14.395317498230636 -14.395317498230636 -14.395317498230636 -14.395317498230636 -14.395317498230636 -14.395317498230636 -14.395317498230636 -14.395317498230636 -14.395317498230636
7.989949748743718 -14.393640249914466 -14.393640249914466 -14.393640249914466 -14.393640249914466 -14.393640249914466 -14.393640249914466 -14.393640249914466 -14.393640249914466 -14.393640249914466 -14.393640249914466 -14.393640249914466 -14.393640249914466 -14.393640249914466 -14.393640249914466 -14.393640249914466 -14.393640249914466 -14.393640249914466 -14.393640249914466 -14.393640249914466 -14.393640249914466 -14.393640249914466 -14.393640249914466 -14.393640249914466 -14.393640249914466 -14.393640249914466 -14.393640249914466 -14.393640249914466 -14.393640249914466 -14.393640249914466
