web/models/linear/29/-14_571_0_009.dat
# %ECSV 1.0
# ---
# datatype:
# - {name: time, datatype: float64}
# - {name: swift_uvot_uvw2, datatype: float64}
# - {name: swift_uvot_uvm2, datatype: float64}
# - {name: swift_uvot_uvw1, datatype: float64}
# - {name: swift_uvot_U, datatype: float64}
# - {name: swift_uvot_B, datatype: float64}
# - {name: swift_uvot_V, datatype: float64}
# - {name: swift_uvot_W, datatype: float64}
# - {name: johnson_U, datatype: float64}
# - {name: johnson_B, datatype: float64}
# - {name: johnson_V, datatype: float64}
# - {name: johnson_R, datatype: float64}
# - {name: johnson_I, datatype: float64}
# - {name: sdss_u, datatype: float64}
# - {name: sdss_g, datatype: float64}
# - {name: sdss_r, datatype: float64}
# - {name: sdss_i, datatype: float64}
# - {name: sdss_z, datatype: float64}
# - {name: PS1_g, datatype: float64}
# - {name: PS1_r, datatype: float64}
# - {name: PS1_i, datatype: float64}
# - {name: PS1_z, datatype: float64}
# - {name: PS1_Y, datatype: float64}
# - {name: PS1_w, datatype: float64}
# - {name: ATLAS_c, datatype: float64}
# - {name: ATLAS_o, datatype: float64}
# - {name: ukirt_J, datatype: float64}
# - {name: ukirt_H, datatype: float64}
# - {name: ukirt_K, datatype: float64}
# - {name: Clear, datatype: float64}
# meta: !!omap
# - comment: [M=-14.571428571428571, dM=0.008773066621237415]
# schema: astropy-2.0
time swift_uvot_uvw2 swift_uvot_uvm2 swift_uvot_uvw1 swift_uvot_U swift_uvot_B swift_uvot_V swift_uvot_W johnson_U johnson_B johnson_V johnson_R johnson_I sdss_u sdss_g sdss_r sdss_i sdss_z PS1_g PS1_r PS1_i PS1_z PS1_Y PS1_w ATLAS_c ATLAS_o ukirt_J ukirt_H ukirt_K Clear
[from data line 108]
8.140703517587939 -14.50000963712503 -14.50000963712503 -14.50000963712503 -14.50000963712503 -14.50000963712503 -14.50000963712503 -14.50000963712503 -14.50000963712503 -14.50000963712503 -14.50000963712503 -14.50000963712503 -14.50000963712503 -14.50000963712503 -14.50000963712503 -14.50000963712503 -14.50000963712503 -14.50000963712503 -14.50000963712503 -14.50000963712503 -14.50000963712503 -14.50000963712503 -14.50000963712503 -14.50000963712503 -14.50000963712503 -14.50000963712503 -14.50000963712503 -14.50000963712503 -14.50000963712503 -14.50000963712503
8.21608040201005 -14.499348350696295 -14.499348350696295 -14.499348350696295 -14.499348350696295 -14.499348350696295 -14.499348350696295 -14.499348350696295 -14.499348350696295 -14.499348350696295 -14.499348350696295 -14.499348350696295 -14.499348350696295 -14.499348350696295 -14.499348350696295 -14.499348350696295 -14.499348350696295 -14.499348350696295 -14.499348350696295 -14.499348350696295 -14.499348350696295 -14.499348350696295 -14.499348350696295 -14.499348350696295 -14.499348350696295 -14.499348350696295 -14.499348350696295 -14.499348350696295 -14.499348350696295 -14.499348350696295
8.29145728643216 -14.498687064267557 -14.498687064267557 -14.498687064267557 -14.498687064267557 -14.498687064267557 -14.498687064267557 -14.498687064267557 -14.498687064267557 -14.498687064267557 -14.498687064267557 -14.498687064267557 -14.498687064267557 -14.498687064267557 -14.498687064267557 -14.498687064267557 -14.498687064267557 -14.498687064267557 -14.498687064267557 -14.498687064267557 -14.498687064267557 -14.498687064267557 -14.498687064267557 -14.498687064267557 -14.498687064267557 -14.498687064267557 -14.498687064267557 -14.498687064267557 -14.498687064267557 -14.498687064267557
8.36683417085427 -14.498025777838821 -14.498025777838821 -14.498025777838821 -14.498025777838821 -14.498025777838821 -14.498025777838821 -14.498025777838821 -14.498025777838821 -14.498025777838821 -14.498025777838821 -14.498025777838821 -14.498025777838821 -14.498025777838821 -14.498025777838821 -14.498025777838821 -14.498025777838821 -14.498025777838821 -14.498025777838821 -14.498025777838821 -14.498025777838821 -14.498025777838821 -14.498025777838821 -14.498025777838821 -14.498025777838821 -14.498025777838821 -14.498025777838821 -14.498025777838821 -14.498025777838821 -14.498025777838821
8.442211055276381 -14.497364491410085 -14.497364491410085 -14.497364491410085 -14.497364491410085 -14.497364491410085 -14.497364491410085 -14.497364491410085 -14.497364491410085 -14.497364491410085 -14.497364491410085 -14.497364491410085 -14.497364491410085 -14.497364491410085 -14.497364491410085 -14.497364491410085 -14.497364491410085 -14.497364491410085 -14.497364491410085 -14.497364491410085 -14.497364491410085 -14.497364491410085 -14.497364491410085 -14.497364491410085 -14.497364491410085 -14.497364491410085 -14.497364491410085 -14.497364491410085 -14.497364491410085 -14.497364491410085
8.517587939698492 -14.496703204981348 -14.496703204981348 -14.496703204981348 -14.496703204981348 -14.496703204981348 -14.496703204981348 -14.496703204981348 -14.496703204981348 -14.496703204981348 -14.496703204981348 -14.496703204981348 -14.496703204981348 -14.496703204981348 -14.496703204981348 -14.496703204981348 -14.496703204981348 -14.496703204981348 -14.496703204981348 -14.496703204981348 -14.496703204981348 -14.496703204981348 -14.496703204981348 -14.496703204981348 -14.496703204981348 -14.496703204981348 -14.496703204981348 -14.496703204981348 -14.496703204981348 -14.496703204981348
8.592964824120603 -14.496041918552612 -14.496041918552612 -14.496041918552612 -14.496041918552612 -14.496041918552612 -14.496041918552612 -14.496041918552612 -14.496041918552612 -14.496041918552612 -14.496041918552612 -14.496041918552612 -14.496041918552612 -14.496041918552612 -14.496041918552612 -14.496041918552612 -14.496041918552612 -14.496041918552612 -14.496041918552612 -14.496041918552612 -14.496041918552612 -14.496041918552612 -14.496041918552612 -14.496041918552612 -14.496041918552612 -14.496041918552612 -14.496041918552612 -14.496041918552612 -14.496041918552612 -14.496041918552612
8.668341708542712 -14.495380632123876 -14.495380632123876 -14.495380632123876 -14.495380632123876 -14.495380632123876 -14.495380632123876 -14.495380632123876 -14.495380632123876 -14.495380632123876 -14.495380632123876 -14.495380632123876 -14.495380632123876 -14.495380632123876 -14.495380632123876 -14.495380632123876 -14.495380632123876 -14.495380632123876 -14.495380632123876 -14.495380632123876 -14.495380632123876 -14.495380632123876 -14.495380632123876 -14.495380632123876 -14.495380632123876 -14.495380632123876 -14.495380632123876 -14.495380632123876 -14.495380632123876 -14.495380632123876
8.743718592964823 -14.494719345695138 -14.494719345695138 -14.494719345695138 -14.494719345695138 -14.494719345695138 -14.494719345695138 -14.494719345695138 -14.494719345695138 -14.494719345695138 -14.494719345695138 -14.494719345695138 -14.494719345695138 -14.494719345695138 -14.494719345695138 -14.494719345695138 -14.494719345695138 -14.494719345695138 -14.494719345695138 -14.494719345695138 -14.494719345695138 -14.494719345695138 -14.494719345695138 -14.494719345695138 -14.494719345695138 -14.494719345695138 -14.494719345695138 -14.494719345695138 -14.494719345695138 -14.494719345695138
8.819095477386934 -14.494058059266402 -14.494058059266402 -14.494058059266402 -14.494058059266402 -14.494058059266402 -14.494058059266402 -14.494058059266402 -14.494058059266402 -14.494058059266402 -14.494058059266402 -14.494058059266402 -14.494058059266402 -14.494058059266402 -14.494058059266402 -14.494058059266402 -14.494058059266402 -14.494058059266402 -14.494058059266402 -14.494058059266402 -14.494058059266402 -14.494058059266402 -14.494058059266402 -14.494058059266402 -14.494058059266402 -14.494058059266402 -14.494058059266402 -14.494058059266402 -14.494058059266402 -14.494058059266402
8.894472361809044 -14.493396772837665 -14.493396772837665 -14.493396772837665 -14.493396772837665 -14.493396772837665 -14.493396772837665 -14.493396772837665 -14.493396772837665 -14.493396772837665 -14.493396772837665 -14.493396772837665 -14.493396772837665 -14.493396772837665 -14.493396772837665 -14.493396772837665 -14.493396772837665 -14.493396772837665 -14.493396772837665 -14.493396772837665 -14.493396772837665 -14.493396772837665 -14.493396772837665 -14.493396772837665 -14.493396772837665 -14.493396772837665 -14.493396772837665 -14.493396772837665 -14.493396772837665 -14.493396772837665
8.969849246231155 -14.492735486408929 -14.492735486408929 -14.492735486408929 -14.492735486408929 -14.492735486408929 -14.492735486408929 -14.492735486408929 -14.492735486408929 -14.492735486408929 -14.492735486408929 -14.492735486408929 -14.492735486408929 -14.492735486408929 -14.492735486408929 -14.492735486408929 -14.492735486408929 -14.492735486408929 -14.492735486408929 -14.492735486408929 -14.492735486408929 -14.492735486408929 -14.492735486408929 -14.492735486408929 -14.492735486408929 -14.492735486408929 -14.492735486408929 -14.492735486408929 -14.492735486408929 -14.492735486408929
9.045226130653266 -14.492074199980193 -14.492074199980193 -14.492074199980193 -14.492074199980193 -14.492074199980193 -14.492074199980193 -14.492074199980193 -14.492074199980193 -14.492074199980193 -14.492074199980193 -14.492074199980193 -14.492074199980193 -14.492074199980193 -14.492074199980193 -14.492074199980193 -14.492074199980193 -14.492074199980193 -14.492074199980193 -14.492074199980193 -14.492074199980193 -14.492074199980193 -14.492074199980193 -14.492074199980193 -14.492074199980193 -14.492074199980193 -14.492074199980193 -14.492074199980193 -14.492074199980193 -14.492074199980193
9.120603015075377 -14.491412913551455 -14.491412913551455 -14.491412913551455 -14.491412913551455 -14.491412913551455 -14.491412913551455 -14.491412913551455 -14.491412913551455 -14.491412913551455 -14.491412913551455 -14.491412913551455 -14.491412913551455 -14.491412913551455 -14.491412913551455 -14.491412913551455 -14.491412913551455 -14.491412913551455 -14.491412913551455 -14.491412913551455 -14.491412913551455 -14.491412913551455 -14.491412913551455 -14.491412913551455 -14.491412913551455 -14.491412913551455 -14.491412913551455 -14.491412913551455 -14.491412913551455 -14.491412913551455
9.195979899497488 -14.49075162712272 -14.49075162712272 -14.49075162712272 -14.49075162712272 -14.49075162712272 -14.49075162712272 -14.49075162712272 -14.49075162712272 -14.49075162712272 -14.49075162712272 -14.49075162712272 -14.49075162712272 -14.49075162712272 -14.49075162712272 -14.49075162712272 -14.49075162712272 -14.49075162712272 -14.49075162712272 -14.49075162712272 -14.49075162712272 -14.49075162712272 -14.49075162712272 -14.49075162712272 -14.49075162712272 -14.49075162712272 -14.49075162712272 -14.49075162712272 -14.49075162712272 -14.49075162712272
9.271356783919597 -14.490090340693984 -14.490090340693984 -14.490090340693984 -14.490090340693984 -14.490090340693984 -14.490090340693984 -14.490090340693984 -14.490090340693984 -14.490090340693984 -14.490090340693984 -14.490090340693984 -14.490090340693984 -14.490090340693984 -14.490090340693984 -14.490090340693984 -14.490090340693984 -14.490090340693984 -14.490090340693984 -14.490090340693984 -14.490090340693984 -14.490090340693984 -14.490090340693984 -14.490090340693984 -14.490090340693984 -14.490090340693984 -14.490090340693984 -14.490090340693984 -14.490090340693984 -14.490090340693984
9.346733668341708 -14.489429054265246 -14.489429054265246 -14.489429054265246 -14.489429054265246 -14.489429054265246 -14.489429054265246 -14.489429054265246 -14.489429054265246 -14.489429054265246 -14.489429054265246 -14.489429054265246 -14.489429054265246 -14.489429054265246 -14.489429054265246 -14.489429054265246 -14.489429054265246 -14.489429054265246 -14.489429054265246 -14.489429054265246 -14.489429054265246 -14.489429054265246 -14.489429054265246 -14.489429054265246 -14.489429054265246 -14.489429054265246 -14.489429054265246 -14.489429054265246 -14.489429054265246 -14.489429054265246
9.422110552763819 -14.48876776783651 -14.48876776783651 -14.48876776783651 -14.48876776783651 -14.48876776783651 -14.48876776783651 -14.48876776783651 -14.48876776783651 -14.48876776783651 -14.48876776783651 -14.48876776783651 -14.48876776783651 -14.48876776783651 -14.48876776783651 -14.48876776783651 -14.48876776783651 -14.48876776783651 -14.48876776783651 -14.48876776783651 -14.48876776783651 -14.48876776783651 -14.48876776783651 -14.48876776783651 -14.48876776783651 -14.48876776783651 -14.48876776783651 -14.48876776783651 -14.48876776783651 -14.48876776783651
9.497487437185928 -14.488106481407774 -14.488106481407774 -14.488106481407774 -14.488106481407774 -14.488106481407774 -14.488106481407774 -14.488106481407774 -14.488106481407774 -14.488106481407774 -14.488106481407774 -14.488106481407774 -14.488106481407774 -14.488106481407774 -14.488106481407774 -14.488106481407774 -14.488106481407774 -14.488106481407774 -14.488106481407774 -14.488106481407774 -14.488106481407774 -14.488106481407774 -14.488106481407774 -14.488106481407774 -14.488106481407774 -14.488106481407774 -14.488106481407774 -14.488106481407774 -14.488106481407774 -14.488106481407774
9.572864321608039 -14.487445194979037 -14.487445194979037 -14.487445194979037 -14.487445194979037 -14.487445194979037 -14.487445194979037 -14.487445194979037 -14.487445194979037 -14.487445194979037 -14.487445194979037 -14.487445194979037 -14.487445194979037 -14.487445194979037 -14.487445194979037 -14.487445194979037 -14.487445194979037 -14.487445194979037 -14.487445194979037 -14.487445194979037 -14.487445194979037 -14.487445194979037 -14.487445194979037 -14.487445194979037 -14.487445194979037 -14.487445194979037 -14.487445194979037 -14.487445194979037 -14.487445194979037 -14.487445194979037
9.64824120603015 -14.4867839085503 -14.4867839085503 -14.4867839085503 -14.4867839085503 -14.4867839085503 -14.4867839085503 -14.4867839085503 -14.4867839085503 -14.4867839085503 -14.4867839085503 -14.4867839085503 -14.4867839085503 -14.4867839085503 -14.4867839085503 -14.4867839085503 -14.4867839085503 -14.4867839085503 -14.4867839085503 -14.4867839085503 -14.4867839085503 -14.4867839085503 -14.4867839085503 -14.4867839085503 -14.4867839085503 -14.4867839085503 -14.4867839085503 -14.4867839085503 -14.4867839085503 -14.4867839085503
9.72361809045226 -14.486122622121565 -14.486122622121565 -14.486122622121565 -14.486122622121565 -14.486122622121565 -14.486122622121565 -14.486122622121565 -14.486122622121565 -14.486122622121565 -14.486122622121565 -14.486122622121565 -14.486122622121565 -14.486122622121565 -14.486122622121565 -14.486122622121565 -14.486122622121565 -14.486122622121565 -14.486122622121565 -14.486122622121565 -14.486122622121565 -14.486122622121565 -14.486122622121565 -14.486122622121565 -14.486122622121565 -14.486122622121565 -14.486122622121565 -14.486122622121565 -14.486122622121565 -14.486122622121565
9.798994974874372 -14.485461335692827 -14.485461335692827 -14.485461335692827 -14.485461335692827 -14.485461335692827 -14.485461335692827 -14.485461335692827 -14.485461335692827 -14.485461335692827 -14.485461335692827 -14.485461335692827 -14.485461335692827 -14.485461335692827 -14.485461335692827 -14.485461335692827 -14.485461335692827 -14.485461335692827 -14.485461335692827 -14.485461335692827 -14.485461335692827 -14.485461335692827 -14.485461335692827 -14.485461335692827 -14.485461335692827 -14.485461335692827 -14.485461335692827 -14.485461335692827 -14.485461335692827 -14.485461335692827
9.874371859296481 -14.484800049264091 -14.484800049264091 -14.484800049264091 -14.484800049264091 -14.484800049264091 -14.484800049264091 -14.484800049264091 -14.484800049264091 -14.484800049264091 -14.484800049264091 -14.484800049264091 -14.484800049264091 -14.484800049264091 -14.484800049264091 -14.484800049264091 -14.484800049264091 -14.484800049264091 -14.484800049264091 -14.484800049264091 -14.484800049264091 -14.484800049264091 -14.484800049264091 -14.484800049264091 -14.484800049264091 -14.484800049264091 -14.484800049264091 -14.484800049264091 -14.484800049264091 -14.484800049264091
9.949748743718592 -14.484138762835356 -14.484138762835356 -14.484138762835356 -14.484138762835356 -14.484138762835356 -14.484138762835356 -14.484138762835356 -14.484138762835356 -14.484138762835356 -14.484138762835356 -14.484138762835356 -14.484138762835356 -14.484138762835356 -14.484138762835356 -14.484138762835356 -14.484138762835356 -14.484138762835356 -14.484138762835356 -14.484138762835356 -14.484138762835356 -14.484138762835356 -14.484138762835356 -14.484138762835356 -14.484138762835356 -14.484138762835356 -14.484138762835356 -14.484138762835356 -14.484138762835356 -14.484138762835356
10.025125628140703 -14.483477476406618 -14.483477476406618 -14.483477476406618 -14.483477476406618 -14.483477476406618 -14.483477476406618 -14.483477476406618 -14.483477476406618 -14.483477476406618 -14.483477476406618 -14.483477476406618 -14.483477476406618 -14.483477476406618 -14.483477476406618 -14.483477476406618 -14.483477476406618 -14.483477476406618 -14.483477476406618 -14.483477476406618 -14.483477476406618 -14.483477476406618 -14.483477476406618 -14.483477476406618 -14.483477476406618 -14.483477476406618 -14.483477476406618 -14.483477476406618 -14.483477476406618 -14.483477476406618
