web/models/linear/29/-14_571_0_030.dat
# %ECSV 1.0
# ---
# datatype:
# - {name: time, datatype: float64}
# - {name: swift_uvot_uvw2, datatype: float64}
# - {name: swift_uvot_uvm2, datatype: float64}
# - {name: swift_uvot_uvw1, datatype: float64}
# - {name: swift_uvot_U, datatype: float64}
# - {name: swift_uvot_B, datatype: float64}
# - {name: swift_uvot_V, datatype: float64}
# - {name: swift_uvot_W, datatype: float64}
# - {name: johnson_U, datatype: float64}
# - {name: johnson_B, datatype: float64}
# - {name: johnson_V, datatype: float64}
# - {name: johnson_R, datatype: float64}
# - {name: johnson_I, datatype: float64}
# - {name: sdss_u, datatype: float64}
# - {name: sdss_g, datatype: float64}
# - {name: sdss_r, datatype: float64}
# - {name: sdss_i, datatype: float64}
# - {name: sdss_z, datatype: float64}
# - {name: PS1_g, datatype: float64}
# - {name: PS1_r, datatype: float64}
# - {name: PS1_i, datatype: float64}
# - {name: PS1_z, datatype: float64}
# - {name: PS1_Y, datatype: float64}
# - {name: PS1_w, datatype: float64}
# - {name: ATLAS_c, datatype: float64}
# - {name: ATLAS_o, datatype: float64}
# - {name: ukirt_J, datatype: float64}
# - {name: ukirt_H, datatype: float64}
# - {name: ukirt_K, datatype: float64}
# - {name: Clear, datatype: float64}
# meta: !!omap
# - comment: [M=-14.571428571428571, dM=0.030345556064724315]
# schema: astropy-2.0
time swift_uvot_uvw2 swift_uvot_uvm2 swift_uvot_uvw1 swift_uvot_U swift_uvot_B swift_uvot_V swift_uvot_W johnson_U johnson_B johnson_V johnson_R johnson_I sdss_u sdss_g sdss_r sdss_i sdss_z PS1_g PS1_r PS1_i PS1_z PS1_Y PS1_w ATLAS_c ATLAS_o ukirt_J ukirt_H ukirt_K Clear
[from data line 163]
12.286432160804019 -14.19858995545746 -14.19858995545746 -14.19858995545746 -14.19858995545746 -14.19858995545746 -14.19858995545746 -14.19858995545746 -14.19858995545746 -14.19858995545746 -14.19858995545746 -14.19858995545746 -14.19858995545746 -14.19858995545746 -14.19858995545746 -14.19858995545746 -14.19858995545746 -14.19858995545746 -14.19858995545746 -14.19858995545746 -14.19858995545746 -14.19858995545746 -14.19858995545746 -14.19858995545746 -14.19858995545746 -14.19858995545746 -14.19858995545746 -14.19858995545746 -14.19858995545746 -14.19858995545746
12.36180904522613 -14.196302601985245 -14.196302601985245 -14.196302601985245 -14.196302601985245 -14.196302601985245 -14.196302601985245 -14.196302601985245 -14.196302601985245 -14.196302601985245 -14.196302601985245 -14.196302601985245 -14.196302601985245 -14.196302601985245 -14.196302601985245 -14.196302601985245 -14.196302601985245 -14.196302601985245 -14.196302601985245 -14.196302601985245 -14.196302601985245 -14.196302601985245 -14.196302601985245 -14.196302601985245 -14.196302601985245 -14.196302601985245 -14.196302601985245 -14.196302601985245 -14.196302601985245 -14.196302601985245
12.43718592964824 -14.19401524851303 -14.19401524851303 -14.19401524851303 -14.19401524851303 -14.19401524851303 -14.19401524851303 -14.19401524851303 -14.19401524851303 -14.19401524851303 -14.19401524851303 -14.19401524851303 -14.19401524851303 -14.19401524851303 -14.19401524851303 -14.19401524851303 -14.19401524851303 -14.19401524851303 -14.19401524851303 -14.19401524851303 -14.19401524851303 -14.19401524851303 -14.19401524851303 -14.19401524851303 -14.19401524851303 -14.19401524851303 -14.19401524851303 -14.19401524851303 -14.19401524851303 -14.19401524851303
12.51256281407035 -14.191727895040815 -14.191727895040815 -14.191727895040815 -14.191727895040815 -14.191727895040815 -14.191727895040815 -14.191727895040815 -14.191727895040815 -14.191727895040815 -14.191727895040815 -14.191727895040815 -14.191727895040815 -14.191727895040815 -14.191727895040815 -14.191727895040815 -14.191727895040815 -14.191727895040815 -14.191727895040815 -14.191727895040815 -14.191727895040815 -14.191727895040815 -14.191727895040815 -14.191727895040815 -14.191727895040815 -14.191727895040815 -14.191727895040815 -14.191727895040815 -14.191727895040815 -14.191727895040815
12.58793969849246 -14.1894405415686 -14.1894405415686 -14.1894405415686 -14.1894405415686 -14.1894405415686 -14.1894405415686 -14.1894405415686 -14.1894405415686 -14.1894405415686 -14.1894405415686 -14.1894405415686 -14.1894405415686 -14.1894405415686 -14.1894405415686 -14.1894405415686 -14.1894405415686 -14.1894405415686 -14.1894405415686 -14.1894405415686 -14.1894405415686 -14.1894405415686 -14.1894405415686 -14.1894405415686 -14.1894405415686 -14.1894405415686 -14.1894405415686 -14.1894405415686 -14.1894405415686 -14.1894405415686
12.663316582914572 -14.187153188096383 -14.187153188096383 -14.187153188096383 -14.187153188096383 -14.187153188096383 -14.187153188096383 -14.187153188096383 -14.187153188096383 -14.187153188096383 -14.187153188096383 -14.187153188096383 -14.187153188096383 -14.187153188096383 -14.187153188096383 -14.187153188096383 -14.187153188096383 -14.187153188096383 -14.187153188096383 -14.187153188096383 -14.187153188096383 -14.187153188096383 -14.187153188096383 -14.187153188096383 -14.187153188096383 -14.187153188096383 -14.187153188096383 -14.187153188096383 -14.187153188096383 -14.187153188096383
12.738693467336683 -14.18486583462417 -14.18486583462417 -14.18486583462417 -14.18486583462417 -14.18486583462417 -14.18486583462417 -14.18486583462417 -14.18486583462417 -14.18486583462417 -14.18486583462417 -14.18486583462417 -14.18486583462417 -14.18486583462417 -14.18486583462417 -14.18486583462417 -14.18486583462417 -14.18486583462417 -14.18486583462417 -14.18486583462417 -14.18486583462417 -14.18486583462417 -14.18486583462417 -14.18486583462417 -14.18486583462417 -14.18486583462417 -14.18486583462417 -14.18486583462417 -14.18486583462417 -14.18486583462417
12.814070351758794 -14.182578481151953 -14.182578481151953 -14.182578481151953 -14.182578481151953 -14.182578481151953 -14.182578481151953 -14.182578481151953 -14.182578481151953 -14.182578481151953 -14.182578481151953 -14.182578481151953 -14.182578481151953 -14.182578481151953 -14.182578481151953 -14.182578481151953 -14.182578481151953 -14.182578481151953 -14.182578481151953 -14.182578481151953 -14.182578481151953 -14.182578481151953 -14.182578481151953 -14.182578481151953 -14.182578481151953 -14.182578481151953 -14.182578481151953 -14.182578481151953 -14.182578481151953 -14.182578481151953
12.889447236180903 -14.180291127679737 -14.180291127679737 -14.180291127679737 -14.180291127679737 -14.180291127679737 -14.180291127679737 -14.180291127679737 -14.180291127679737 -14.180291127679737 -14.180291127679737 -14.180291127679737 -14.180291127679737 -14.180291127679737 -14.180291127679737 -14.180291127679737 -14.180291127679737 -14.180291127679737 -14.180291127679737 -14.180291127679737 -14.180291127679737 -14.180291127679737 -14.180291127679737 -14.180291127679737 -14.180291127679737 -14.180291127679737 -14.180291127679737 -14.180291127679737 -14.180291127679737 -14.180291127679737
12.964824120603014 -14.178003774207522 -14.178003774207522 -14.178003774207522 -14.178003774207522 -14.178003774207522 -14.178003774207522 -14.178003774207522 -14.178003774207522 -14.178003774207522 -14.178003774207522 -14.178003774207522 -14.178003774207522 -14.178003774207522 -14.178003774207522 -14.178003774207522 -14.178003774207522 -14.178003774207522 -14.178003774207522 -14.178003774207522 -14.178003774207522 -14.178003774207522 -14.178003774207522 -14.178003774207522 -14.178003774207522 -14.178003774207522 -14.178003774207522 -14.178003774207522 -14.178003774207522 -14.178003774207522
13.040201005025125 -14.175716420735307 -14.175716420735307 -14.175716420735307 -14.175716420735307 -14.175716420735307 -14.175716420735307 -14.175716420735307 -14.175716420735307 -14.175716420735307 -14.175716420735307 -14.175716420735307 -14.175716420735307 -14.175716420735307 -14.175716420735307 -14.175716420735307 -14.175716420735307 -14.175716420735307 -14.175716420735307 -14.175716420735307 -14.175716420735307 -14.175716420735307 -14.175716420735307 -14.175716420735307 -14.175716420735307 -14.175716420735307 -14.175716420735307 -14.175716420735307 -14.175716420735307 -14.175716420735307
13.115577889447234 -14.173429067263092 -14.173429067263092 -14.173429067263092 -14.173429067263092 -14.173429067263092 -14.173429067263092 -14.173429067263092 -14.173429067263092 -14.173429067263092 -14.173429067263092 -14.173429067263092 -14.173429067263092 -14.173429067263092 -14.173429067263092 -14.173429067263092 -14.173429067263092 -14.173429067263092 -14.173429067263092 -14.173429067263092 -14.173429067263092 -14.173429067263092 -14.173429067263092 -14.173429067263092 -14.173429067263092 -14.173429067263092 -14.173429067263092 -14.173429067263092 -14.173429067263092 -14.173429067263092
13.190954773869345 -14.171141713790876 -14.171141713790876 -14.171141713790876 -14.171141713790876 -14.171141713790876 -14.171141713790876 -14.171141713790876 -14.171141713790876 -14.171141713790876 -14.171141713790876 -14.171141713790876 -14.171141713790876 -14.171141713790876 -14.171141713790876 -14.171141713790876 -14.171141713790876 -14.171141713790876 -14.171141713790876 -14.171141713790876 -14.171141713790876 -14.171141713790876 -14.171141713790876 -14.171141713790876 -14.171141713790876 -14.171141713790876 -14.171141713790876 -14.171141713790876 -14.171141713790876 -14.171141713790876
13.266331658291456 -14.16885436031866 -14.16885436031866 -14.16885436031866 -14.16885436031866 -14.16885436031866 -14.16885436031866 -14.16885436031866 -14.16885436031866 -14.16885436031866 -14.16885436031866 -14.16885436031866 -14.16885436031866 -14.16885436031866 -14.16885436031866 -14.16885436031866 -14.16885436031866 -14.16885436031866 -14.16885436031866 -14.16885436031866 -14.16885436031866 -14.16885436031866 -14.16885436031866 -14.16885436031866 -14.16885436031866 -14.16885436031866 -14.16885436031866 -14.16885436031866 -14.16885436031866 -14.16885436031866
13.341708542713567 -14.166567006846446 -14.166567006846446 -14.166567006846446 -14.166567006846446 -14.166567006846446 -14.166567006846446 -14.166567006846446 -14.166567006846446 -14.166567006846446 -14.166567006846446 -14.166567006846446 -14.166567006846446 -14.166567006846446 -14.166567006846446 -14.166567006846446 -14.166567006846446 -14.166567006846446 -14.166567006846446 -14.166567006846446 -14.166567006846446 -14.166567006846446 -14.166567006846446 -14.166567006846446 -14.166567006846446 -14.166567006846446 -14.166567006846446 -14.166567006846446 -14.166567006846446 -14.166567006846446
13.417085427135678 -14.16427965337423 -14.16427965337423 -14.16427965337423 -14.16427965337423 -14.16427965337423 -14.16427965337423 -14.16427965337423 -14.16427965337423 -14.16427965337423 -14.16427965337423 -14.16427965337423 -14.16427965337423 -14.16427965337423 -14.16427965337423 -14.16427965337423 -14.16427965337423 -14.16427965337423 -14.16427965337423 -14.16427965337423 -14.16427965337423 -14.16427965337423 -14.16427965337423 -14.16427965337423 -14.16427965337423 -14.16427965337423 -14.16427965337423 -14.16427965337423 -14.16427965337423 -14.16427965337423
13.492462311557787 -14.161992299902014 -14.161992299902014 -14.161992299902014 -14.161992299902014 -14.161992299902014 -14.161992299902014 -14.161992299902014 -14.161992299902014 -14.161992299902014 -14.161992299902014 -14.161992299902014 -14.161992299902014 -14.161992299902014 -14.161992299902014 -14.161992299902014 -14.161992299902014 -14.161992299902014 -14.161992299902014 -14.161992299902014 -14.161992299902014 -14.161992299902014 -14.161992299902014 -14.161992299902014 -14.161992299902014 -14.161992299902014 -14.161992299902014 -14.161992299902014 -14.161992299902014 -14.161992299902014
13.567839195979898 -14.1597049464298 -14.1597049464298 -14.1597049464298 -14.1597049464298 -14.1597049464298 -14.1597049464298 -14.1597049464298 -14.1597049464298 -14.1597049464298 -14.1597049464298 -14.1597049464298 -14.1597049464298 -14.1597049464298 -14.1597049464298 -14.1597049464298 -14.1597049464298 -14.1597049464298 -14.1597049464298 -14.1597049464298 -14.1597049464298 -14.1597049464298 -14.1597049464298 -14.1597049464298 -14.1597049464298 -14.1597049464298 -14.1597049464298 -14.1597049464298 -14.1597049464298 -14.1597049464298
13.64321608040201 -14.157417592957584 -14.157417592957584 -14.157417592957584 -14.157417592957584 -14.157417592957584 -14.157417592957584 -14.157417592957584 -14.157417592957584 -14.157417592957584 -14.157417592957584 -14.157417592957584 -14.157417592957584 -14.157417592957584 -14.157417592957584 -14.157417592957584 -14.157417592957584 -14.157417592957584 -14.157417592957584 -14.157417592957584 -14.157417592957584 -14.157417592957584 -14.157417592957584 -14.157417592957584 -14.157417592957584 -14.157417592957584 -14.157417592957584 -14.157417592957584 -14.157417592957584 -14.157417592957584
13.718592964824118 -14.155130239485368 -14.155130239485368 -14.155130239485368 -14.155130239485368 -14.155130239485368 -14.155130239485368 -14.155130239485368 -14.155130239485368 -14.155130239485368 -14.155130239485368 -14.155130239485368 -14.155130239485368 -14.155130239485368 -14.155130239485368 -14.155130239485368 -14.155130239485368 -14.155130239485368 -14.155130239485368 -14.155130239485368 -14.155130239485368 -14.155130239485368 -14.155130239485368 -14.155130239485368 -14.155130239485368 -14.155130239485368 -14.155130239485368 -14.155130239485368 -14.155130239485368 -14.155130239485368
13.79396984924623 -14.152842886013152 -14.152842886013152 -14.152842886013152 -14.152842886013152 -14.152842886013152 -14.152842886013152 -14.152842886013152 -14.152842886013152 -14.152842886013152 -14.152842886013152 -14.152842886013152 -14.152842886013152 -14.152842886013152 -14.152842886013152 -14.152842886013152 -14.152842886013152 -14.152842886013152 -14.152842886013152 -14.152842886013152 -14.152842886013152 -14.152842886013152 -14.152842886013152 -14.152842886013152 -14.152842886013152 -14.152842886013152 -14.152842886013152 -14.152842886013152 -14.152842886013152 -14.152842886013152
13.86934673366834 -14.150555532540938 -14.150555532540938 -14.150555532540938 -14.150555532540938 -14.150555532540938 -14.150555532540938 -14.150555532540938 -14.150555532540938 -14.150555532540938 -14.150555532540938 -14.150555532540938 -14.150555532540938 -14.150555532540938 -14.150555532540938 -14.150555532540938 -14.150555532540938 -14.150555532540938 -14.150555532540938 -14.150555532540938 -14.150555532540938 -14.150555532540938 -14.150555532540938 -14.150555532540938 -14.150555532540938 -14.150555532540938 -14.150555532540938 -14.150555532540938 -14.150555532540938 -14.150555532540938
13.944723618090451 -14.148268179068722 -14.148268179068722 -14.148268179068722 -14.148268179068722 -14.148268179068722 -14.148268179068722 -14.148268179068722 -14.148268179068722 -14.148268179068722 -14.148268179068722 -14.148268179068722 -14.148268179068722 -14.148268179068722 -14.148268179068722 -14.148268179068722 -14.148268179068722 -14.148268179068722 -14.148268179068722 -14.148268179068722 -14.148268179068722 -14.148268179068722 -14.148268179068722 -14.148268179068722 -14.148268179068722 -14.148268179068722 -14.148268179068722 -14.148268179068722 -14.148268179068722 -14.148268179068722
14.020100502512562 -14.145980825596506 -14.145980825596506 -14.145980825596506 -14.145980825596506 -14.145980825596506 -14.145980825596506 -14.145980825596506 -14.145980825596506 -14.145980825596506 -14.145980825596506 -14.145980825596506 -14.145980825596506 -14.145980825596506 -14.145980825596506 -14.145980825596506 -14.145980825596506 -14.145980825596506 -14.145980825596506 -14.145980825596506 -14.145980825596506 -14.145980825596506 -14.145980825596506 -14.145980825596506 -14.145980825596506 -14.145980825596506 -14.145980825596506 -14.145980825596506 -14.145980825596506 -14.145980825596506
14.095477386934672 -14.14369347212429 -14.14369347212429 -14.14369347212429 -14.14369347212429 -14.14369347212429 -14.14369347212429 -14.14369347212429 -14.14369347212429 -14.14369347212429 -14.14369347212429 -14.14369347212429 -14.14369347212429 -14.14369347212429 -14.14369347212429 -14.14369347212429 -14.14369347212429 -14.14369347212429 -14.14369347212429 -14.14369347212429 -14.14369347212429 -14.14369347212429 -14.14369347212429 -14.14369347212429 -14.14369347212429 -14.14369347212429 -14.14369347212429 -14.14369347212429 -14.14369347212429 -14.14369347212429
14.170854271356783 -14.141406118652077 -14.141406118652077 -14.141406118652077 -14.141406118652077 -14.141406118652077 -14.141406118652077 -14.141406118652077 -14.141406118652077 -14.141406118652077 -14.141406118652077 -14.141406118652077 -14.141406118652077 -14.141406118652077 -14.141406118652077 -14.141406118652077 -14.141406118652077 -14.141406118652077 -14.141406118652077 -14.141406118652077 -14.141406118652077 -14.141406118652077 -14.141406118652077 -14.141406118652077 -14.141406118652077 -14.141406118652077 -14.141406118652077 -14.141406118652077 -14.141406118652077 -14.141406118652077
