web/models/linear/29/-14_571_0_014.dat
# %ECSV 1.0
# ---
# datatype:
# - {name: time, datatype: float64}
# - {name: sdss_u, datatype: float64}
# - {name: sdss_g, datatype: float64}
# - {name: sdss_r, datatype: float64}
# - {name: sdss_i, datatype: float64}
# - {name: sdss_z, datatype: float64}
# - {name: Clear, datatype: float64}
# - {name: johnson_B, datatype: float64}
# - {name: johnson_V, datatype: float64}
# - {name: johnson_R, datatype: float64}
# - {name: johnson_I, datatype: float64}
# - {name: ukirt_J, datatype: float64}
# - {name: ukirt_H, datatype: float64}
# - {name: ukirt_K, datatype: float64}
# meta: !!omap
# - comment: [M=-14.571428571428571, dM=0.013971894723352866]
# schema: astropy-2.0
time sdss_u sdss_g sdss_r sdss_i sdss_z Clear johnson_B johnson_V johnson_R johnson_I ukirt_J ukirt_H ukirt_K
0.0 -14.571428571428571 -14.571428571428571 -14.571428571428571 -14.571428571428571 -14.571428571428571 -14.571428571428571 -14.571428571428571 -14.571428571428571 -14.571428571428571 -14.571428571428571 -14.571428571428571 -14.571428571428571 -14.571428571428571
0.07537688442211055 -14.570375413534851 -14.570375413534851 -14.570375413534851 -14.570375413534851 -14.570375413534851 -14.570375413534851 -14.570375413534851 -14.570375413534851 -14.570375413534851 -14.570375413534851 -14.570375413534851 -14.570375413534851 -14.570375413534851
0.1507537688442211 -14.569322255641131 -14.569322255641131 -14.569322255641131 -14.569322255641131 -14.569322255641131 -14.569322255641131 -14.569322255641131 -14.569322255641131 -14.569322255641131 -14.569322255641131 -14.569322255641131 -14.569322255641131 -14.569322255641131
0.22613065326633164 -14.568269097747411 -14.568269097747411 -14.568269097747411 -14.568269097747411 -14.568269097747411 -14.568269097747411 -14.568269097747411 -14.568269097747411 -14.568269097747411 -14.568269097747411 -14.568269097747411 -14.568269097747411 -14.568269097747411
0.3015075376884422 -14.567215939853691 -14.567215939853691 -14.567215939853691 -14.567215939853691 -14.567215939853691 -14.567215939853691 -14.567215939853691 -14.567215939853691 -14.567215939853691 -14.567215939853691 -14.567215939853691 -14.567215939853691 -14.567215939853691
0.37688442211055273 -14.56616278195997 -14.56616278195997 -14.56616278195997 -14.56616278195997 -14.56616278195997 -14.56616278195997 -14.56616278195997 -14.56616278195997 -14.56616278195997 -14.56616278195997 -14.56616278195997 -14.56616278195997 -14.56616278195997
0.4522613065326633 -14.56510962406625 -14.56510962406625 -14.56510962406625 -14.56510962406625 -14.56510962406625 -14.56510962406625 -14.56510962406625 -14.56510962406625 -14.56510962406625 -14.56510962406625 -14.56510962406625 -14.56510962406625 -14.56510962406625
0.5276381909547738 -14.56405646617253 -14.56405646617253 -14.56405646617253 -14.56405646617253 -14.56405646617253 -14.56405646617253 -14.56405646617253 -14.56405646617253 -14.56405646617253 -14.56405646617253 -14.56405646617253 -14.56405646617253 -14.56405646617253
0.6030150753768844 -14.56300330827881 -14.56300330827881 -14.56300330827881 -14.56300330827881 -14.56300330827881 -14.56300330827881 -14.56300330827881 -14.56300330827881 -14.56300330827881 -14.56300330827881 -14.56300330827881 -14.56300330827881 -14.56300330827881
0.6783919597989949 -14.56195015038509 -14.56195015038509 -14.56195015038509 -14.56195015038509 -14.56195015038509 -14.56195015038509 -14.56195015038509 -14.56195015038509 -14.56195015038509 -14.56195015038509 -14.56195015038509 -14.56195015038509 -14.56195015038509
0.7537688442211055 -14.56089699249137 -14.56089699249137 -14.56089699249137 -14.56089699249137 -14.56089699249137 -14.56089699249137 -14.56089699249137 -14.56089699249137 -14.56089699249137 -14.56089699249137 -14.56089699249137 -14.56089699249137 -14.56089699249137
0.829145728643216 -14.55984383459765 -14.55984383459765 -14.55984383459765 -14.55984383459765 -14.55984383459765 -14.55984383459765 -14.55984383459765 -14.55984383459765 -14.55984383459765 -14.55984383459765 -14.55984383459765 -14.55984383459765 -14.55984383459765
0.9045226130653266 -14.55879067670393 -14.55879067670393 -14.55879067670393 -14.55879067670393 -14.55879067670393 -14.55879067670393 -14.55879067670393 -14.55879067670393 -14.55879067670393 -14.55879067670393 -14.55879067670393 -14.55879067670393 -14.55879067670393
0.9798994974874371 -14.55773751881021 -14.55773751881021 -14.55773751881021 -14.55773751881021 -14.55773751881021 -14.55773751881021 -14.55773751881021 -14.55773751881021 -14.55773751881021 -14.55773751881021 -14.55773751881021 -14.55773751881021 -14.55773751881021
1.0552763819095476 -14.55668436091649 -14.55668436091649 -14.55668436091649 -14.55668436091649 -14.55668436091649 -14.55668436091649 -14.55668436091649 -14.55668436091649 -14.55668436091649 -14.55668436091649 -14.55668436091649 -14.55668436091649 -14.55668436091649
1.1306532663316582 -14.55563120302277 -14.55563120302277 -14.55563120302277 -14.55563120302277 -14.55563120302277 -14.55563120302277 -14.55563120302277 -14.55563120302277 -14.55563120302277 -14.55563120302277 -14.55563120302277 -14.55563120302277 -14.55563120302277
1.2060301507537687 -14.55457804512905 -14.55457804512905 -14.55457804512905 -14.55457804512905 -14.55457804512905 -14.55457804512905 -14.55457804512905 -14.55457804512905 -14.55457804512905 -14.55457804512905 -14.55457804512905 -14.55457804512905 -14.55457804512905
1.2814070351758793 -14.55352488723533 -14.55352488723533 -14.55352488723533 -14.55352488723533 -14.55352488723533 -14.55352488723533 -14.55352488723533 -14.55352488723533 -14.55352488723533 -14.55352488723533 -14.55352488723533 -14.55352488723533 -14.55352488723533
1.3567839195979898 -14.55247172934161 -14.55247172934161 -14.55247172934161 -14.55247172934161 -14.55247172934161 -14.55247172934161 -14.55247172934161 -14.55247172934161 -14.55247172934161 -14.55247172934161 -14.55247172934161 -14.55247172934161 -14.55247172934161
1.4321608040201004 -14.55141857144789 -14.55141857144789 -14.55141857144789 -14.55141857144789 -14.55141857144789 -14.55141857144789 -14.55141857144789 -14.55141857144789 -14.55141857144789 -14.55141857144789 -14.55141857144789 -14.55141857144789 -14.55141857144789
1.507537688442211 -14.55036541355417 -14.55036541355417 -14.55036541355417 -14.55036541355417 -14.55036541355417 -14.55036541355417 -14.55036541355417 -14.55036541355417 -14.55036541355417 -14.55036541355417 -14.55036541355417 -14.55036541355417 -14.55036541355417
1.5829145728643215 -14.54931225566045 -14.54931225566045 -14.54931225566045 -14.54931225566045 -14.54931225566045 -14.54931225566045 -14.54931225566045 -14.54931225566045 -14.54931225566045 -14.54931225566045 -14.54931225566045 -14.54931225566045 -14.54931225566045
1.658291457286432 -14.54825909776673 -14.54825909776673 -14.54825909776673 -14.54825909776673 -14.54825909776673 -14.54825909776673 -14.54825909776673 -14.54825909776673 -14.54825909776673 -14.54825909776673 -14.54825909776673 -14.54825909776673 -14.54825909776673
1.7336683417085426 -14.54720593987301 -14.54720593987301 -14.54720593987301 -14.54720593987301 -14.54720593987301 -14.54720593987301 -14.54720593987301 -14.54720593987301 -14.54720593987301 -14.54720593987301 -14.54720593987301 -14.54720593987301 -14.54720593987301
1.809045226130653 -14.54615278197929 -14.54615278197929 -14.54615278197929 -14.54615278197929 -14.54615278197929 -14.54615278197929 -14.54615278197929 -14.54615278197929 -14.54615278197929 -14.54615278197929 -14.54615278197929 -14.54615278197929 -14.54615278197929
1.8844221105527637 -14.54509962408557 -14.54509962408557 -14.54509962408557 -14.54509962408557 -14.54509962408557 -14.54509962408557 -14.54509962408557 -14.54509962408557 -14.54509962408557 -14.54509962408557 -14.54509962408557 -14.54509962408557 -14.54509962408557
1.9597989949748742 -14.54404646619185 -14.54404646619185 -14.54404646619185 -14.54404646619185 -14.54404646619185 -14.54404646619185 -14.54404646619185 -14.54404646619185 -14.54404646619185 -14.54404646619185 -14.54404646619185 -14.54404646619185 -14.54404646619185
2.0351758793969847 -14.54299330829813 -14.54299330829813 -14.54299330829813 -14.54299330829813 -14.54299330829813 -14.54299330829813 -14.54299330829813 -14.54299330829813 -14.54299330829813 -14.54299330829813 -14.54299330829813 -14.54299330829813 -14.54299330829813
2.1105527638190953 -14.54194015040441 -14.54194015040441 -14.54194015040441 -14.54194015040441 -14.54194015040441 -14.54194015040441 -14.54194015040441 -14.54194015040441 -14.54194015040441 -14.54194015040441 -14.54194015040441 -14.54194015040441 -14.54194015040441
2.185929648241206 -14.54088699251069 -14.54088699251069 -14.54088699251069 -14.54088699251069 -14.54088699251069 -14.54088699251069 -14.54088699251069 -14.54088699251069 -14.54088699251069 -14.54088699251069 -14.54088699251069 -14.54088699251069 -14.54088699251069
2.2613065326633164 -14.539833834616969 -14.539833834616969 -14.539833834616969 -14.539833834616969 -14.539833834616969 -14.539833834616969 -14.539833834616969 -14.539833834616969 -14.539833834616969 -14.539833834616969 -14.539833834616969 -14.539833834616969 -14.539833834616969
2.336683417085427 -14.538780676723249 -14.538780676723249 -14.538780676723249 -14.538780676723249 -14.538780676723249 -14.538780676723249 -14.538780676723249 -14.538780676723249 -14.538780676723249 -14.538780676723249 -14.538780676723249 -14.538780676723249 -14.538780676723249
2.4120603015075375 -14.537727518829529 -14.537727518829529 -14.537727518829529 -14.537727518829529 -14.537727518829529 -14.537727518829529 -14.537727518829529 -14.537727518829529 -14.537727518829529 -14.537727518829529 -14.537727518829529 -14.537727518829529 -14.537727518829529
2.487437185929648 -14.536674360935809 -14.536674360935809 -14.536674360935809 -14.536674360935809 -14.536674360935809 -14.536674360935809 -14.536674360935809 -14.536674360935809 -14.536674360935809 -14.536674360935809 -14.536674360935809 -14.536674360935809 -14.536674360935809
2.5628140703517586 -14.535621203042089 -14.535621203042089 -14.535621203042089 -14.535621203042089 -14.535621203042089 -14.535621203042089 -14.535621203042089 -14.535621203042089 -14.535621203042089 -14.535621203042089 -14.535621203042089 -14.535621203042089 -14.535621203042089
2.638190954773869 -14.534568045148369 -14.534568045148369 -14.534568045148369 -14.534568045148369 -14.534568045148369 -14.534568045148369 -14.534568045148369 -14.534568045148369 -14.534568045148369 -14.534568045148369 -14.534568045148369 -14.534568045148369 -14.534568045148369
2.7135678391959797 -14.533514887254649 -14.533514887254649 -14.533514887254649 -14.533514887254649 -14.533514887254649 -14.533514887254649 -14.533514887254649 -14.533514887254649 -14.533514887254649 -14.533514887254649 -14.533514887254649 -14.533514887254649 -14.533514887254649
2.78894472361809 -14.532461729360929 -14.532461729360929 -14.532461729360929 -14.532461729360929 -14.532461729360929 -14.532461729360929 -14.532461729360929 -14.532461729360929 -14.532461729360929 -14.532461729360929 -14.532461729360929 -14.532461729360929 -14.532461729360929
2.8643216080402008 -14.531408571467209 -14.531408571467209 -14.531408571467209 -14.531408571467209 -14.531408571467209 -14.531408571467209 -14.531408571467209 -14.531408571467209 -14.531408571467209 -14.531408571467209 -14.531408571467209 -14.531408571467209 -14.531408571467209
2.9396984924623113 -14.530355413573488 -14.530355413573488 -14.530355413573488 -14.530355413573488 -14.530355413573488 -14.530355413573488 -14.530355413573488 -14.530355413573488 -14.530355413573488 -14.530355413573488 -14.530355413573488 -14.530355413573488 -14.530355413573488
3.015075376884422 -14.529302255679768 -14.529302255679768 -14.529302255679768 -14.529302255679768 -14.529302255679768 -14.529302255679768 -14.529302255679768 -14.529302255679768 -14.529302255679768 -14.529302255679768 -14.529302255679768 -14.529302255679768 -14.529302255679768
3.0904522613065324 -14.528249097786048 -14.528249097786048 -14.528249097786048 -14.528249097786048 -14.528249097786048 -14.528249097786048 -14.528249097786048 -14.528249097786048 -14.528249097786048 -14.528249097786048 -14.528249097786048 -14.528249097786048 -14.528249097786048
3.165829145728643 -14.527195939892328 -14.527195939892328 -14.527195939892328 -14.527195939892328 -14.527195939892328 -14.527195939892328 -14.527195939892328 -14.527195939892328 -14.527195939892328 -14.527195939892328 -14.527195939892328 -14.527195939892328 -14.527195939892328
3.2412060301507535 -14.526142781998608 -14.526142781998608 -14.526142781998608 -14.526142781998608 -14.526142781998608 -14.526142781998608 -14.526142781998608 -14.526142781998608 -14.526142781998608 -14.526142781998608 -14.526142781998608 -14.526142781998608 -14.526142781998608
3.316582914572864 -14.525089624104888 -14.525089624104888 -14.525089624104888 -14.525089624104888 -14.525089624104888 -14.525089624104888 -14.525089624104888 -14.525089624104888 -14.525089624104888 -14.525089624104888 -14.525089624104888 -14.525089624104888 -14.525089624104888
3.3919597989949746 -14.524036466211168 -14.524036466211168 -14.524036466211168 -14.524036466211168 -14.524036466211168 -14.524036466211168 -14.524036466211168 -14.524036466211168 -14.524036466211168 -14.524036466211168 -14.524036466211168 -14.524036466211168 -14.524036466211168
3.467336683417085 -14.522983308317448 -14.522983308317448 -14.522983308317448 -14.522983308317448 -14.522983308317448 -14.522983308317448 -14.522983308317448 -14.522983308317448 -14.522983308317448 -14.522983308317448 -14.522983308317448 -14.522983308317448 -14.522983308317448
3.5427135678391957 -14.521930150423728 -14.521930150423728 -14.521930150423728 -14.521930150423728 -14.521930150423728 -14.521930150423728 -14.521930150423728 -14.521930150423728 -14.521930150423728 -14.521930150423728 -14.521930150423728 -14.521930150423728 -14.521930150423728
3.618090452261306 -14.520876992530008 -14.520876992530008 -14.520876992530008 -14.520876992530008 -14.520876992530008 -14.520876992530008 -14.520876992530008 -14.520876992530008 -14.520876992530008 -14.520876992530008 -14.520876992530008 -14.520876992530008 -14.520876992530008
3.6934673366834168 -14.519823834636288 -14.519823834636288 -14.519823834636288 -14.519823834636288 -14.519823834636288 -14.519823834636288 -14.519823834636288 -14.519823834636288 -14.519823834636288 -14.519823834636288 -14.519823834636288 -14.519823834636288 -14.519823834636288
3.7688442211055273 -14.518770676742568 -14.518770676742568 -14.518770676742568 -14.518770676742568 -14.518770676742568 -14.518770676742568 -14.518770676742568 -14.518770676742568 -14.518770676742568 -14.518770676742568 -14.518770676742568 -14.518770676742568 -14.518770676742568
3.844221105527638 -14.517717518848848 -14.517717518848848 -14.517717518848848 -14.517717518848848 -14.517717518848848 -14.517717518848848 -14.517717518848848 -14.517717518848848 -14.517717518848848 -14.517717518848848 -14.517717518848848 -14.517717518848848 -14.517717518848848
3.9195979899497484 -14.516664360955128 -14.516664360955128 -14.516664360955128 -14.516664360955128 -14.516664360955128 -14.516664360955128 -14.516664360955128 -14.516664360955128 -14.516664360955128 -14.516664360955128 -14.516664360955128 -14.516664360955128 -14.516664360955128
3.994974874371859 -14.515611203061408 -14.515611203061408 -14.515611203061408 -14.515611203061408 -14.515611203061408 -14.515611203061408 -14.515611203061408 -14.515611203061408 -14.515611203061408 -14.515611203061408 -14.515611203061408 -14.515611203061408 -14.515611203061408
4.0703517587939695 -14.514558045167687 -14.514558045167687 -14.514558045167687 -14.514558045167687 -14.514558045167687 -14.514558045167687 -14.514558045167687 -14.514558045167687 -14.514558045167687 -14.514558045167687 -14.514558045167687 -14.514558045167687 -14.514558045167687
4.14572864321608 -14.513504887273967 -14.513504887273967 -14.513504887273967 -14.513504887273967 -14.513504887273967 -14.513504887273967 -14.513504887273967 -14.513504887273967 -14.513504887273967 -14.513504887273967 -14.513504887273967 -14.513504887273967 -14.513504887273967
4.221105527638191 -14.512451729380247 -14.512451729380247 -14.512451729380247 -14.512451729380247 -14.512451729380247 -14.512451729380247 -14.512451729380247 -14.512451729380247 -14.512451729380247 -14.512451729380247 -14.512451729380247 -14.512451729380247 -14.512451729380247
4.296482412060302 -14.511398571486527 -14.511398571486527 -14.511398571486527 -14.511398571486527 -14.511398571486527 -14.511398571486527 -14.511398571486527 -14.511398571486527 -14.511398571486527 -14.511398571486527 -14.511398571486527 -14.511398571486527 -14.511398571486527
