web/models/kne/42/mosfit_kn_0.002817_0.0457_10.0000.dat
# %ECSV 1.0
# ---
# datatype:
# - {name: time, datatype: float64}
# - {name: PS1_g, datatype: float64}
# - {name: PS1_i, datatype: float64}
# - {name: PS1_r, datatype: float64}
# - {name: PS1_w, datatype: float64}
# - {name: PS1_y, datatype: float64}
# - {name: PS1_z, datatype: float64}
# - {name: swift_uvot_B, datatype: float64}
# - {name: swift_uvot_U, datatype: float64}
# - {name: swift_uvot_uvm2, datatype: float64}
# - {name: swift_uvot_uvw1, datatype: float64}
# - {name: swift_uvot_uvw2, datatype: float64}
# - {name: swift_uvot_V, datatype: float64}
# - {name: johnson_B, datatype: float64}
# - {name: johnson_I, datatype: float64}
# - {name: johnson_R, datatype: float64}
# - {name: johnson_U, datatype: float64}
# - {name: johnson_V, datatype: float64}
# - {name: sdss_g, datatype: float64}
# - {name: sdss_i, datatype: float64}
# - {name: sdss_r, datatype: float64}
# - {name: sdss_u, datatype: float64}
# - {name: sdss_z, datatype: float64}
# - {name: ATLAS_c, datatype: float64}
# - {name: ATLAS_o, datatype: float64}
# - {name: ukirt_H, datatype: float64}
# - {name: ukirt_J, datatype: float64}
# - {name: ukirt_K, datatype: float64}
# - {name: Clear, datatype: float64}
# meta: !!omap
# - comment: [kappa = 10.0, type = rprocess, mass = 0.0028172691138521437, velocity = 0.04566666666666669, theta_obs = 0.0, tfloor = 1000.0]
# schema: astropy-2.0
time PS1_g PS1_i PS1_r PS1_w PS1_y PS1_z swift_uvot_B swift_uvot_U swift_uvot_uvm2 swift_uvot_uvw1 swift_uvot_uvw2 swift_uvot_V johnson_B johnson_I johnson_R johnson_U johnson_V sdss_g sdss_i sdss_r sdss_u sdss_z ATLAS_c ATLAS_o ukirt_H ukirt_J ukirt_K Clear
[from data line 29]
1.8036072144288577 -10.120804770089826 -11.482896119192159 -11.016661373184 -10.929924902794959 -11.785917923131812 -11.688177477721418 -9.48340926069432 -9.17561318798187 -5.693450757576691 -7.43168940515158 -5.587097107502469 -10.596111606633897 -9.551433409644495 -12.02256436304878 -11.359328775290304 -9.197217983655126 -10.65129648153009 -9.984785245446766 -11.480277745724585 -11.011593976381828 -8.352629946859835 -11.718955769013402 -10.506340147586535 -11.245578390899347 -11.765734529424686 -11.878542944683284 -11.535845218609724 -11.073937691806854
1.8637274549098195 -10.087245562407947 -11.485084217931263 -11.004736650254827 -10.919909110247392 -11.802159156825152 -11.698946642438788 -9.437713886585872 -9.101256497350345 -5.55161952480461 -7.337077117947324 -5.480132222286741 -10.572584902125516 -9.507526250801654 -12.028820275170073 -11.351656772119362 -9.127747896107962 -10.629197109495612 -9.948086876030686 -11.482087871508782 -10.99932770577702 -8.281100853631873 -11.731260204602911 -10.483216894792715 -11.240728183017339 -11.801325624394055 -11.905368806070305 -11.577251873379735 -11.070209614873168
1.9238476953907815 -10.052393400684991 -11.48565122823932 -10.991308684669114 -10.90852722272805 -11.816682013068096 -11.708031768098248 -9.390811182409237 -9.025960825792332 -5.409648298032706 -7.2425422244857 -5.374085927622229 -10.54763235997439 -9.462423820755092 -12.033429123466536 -11.342472114794326 -9.0572800366349 -10.60567927822248 -9.91012318108261 -11.482279620603322 -10.985553530757777 -8.20857963846132 -11.741875815859295 -10.458764532274873 -11.23435311376749 -11.83509596676746 -11.930419286167878 -11.616809318745227 -11.065123111901105
1.9839679358717435 -10.016286228964866 -11.484667832266329 -10.976435813981702 -10.89583383341445 -11.829568797568673 -11.715510717381008 -9.342728587380595 -8.949726135070861 -5.267468014984849 -7.148053147861528 -5.268881475045703 -10.521302455314256 -9.416154694482962 -12.036464932757724 -11.331836466456775 -8.98581950100641 -10.58079236510199 -9.870929218121649 -11.480923362091602 -10.970329662431553 -8.135069811701268 -11.75088164472303 -10.433028949257235 -11.22651690182705 -11.86714336919202 -11.953785133891957 -11.654620132452765 -11.058736209059834
2.0440881763527052 -9.97903802683929 -11.48225074143161 -10.960234222471534 -10.881939999377721 -11.84093609817685 -11.721500207822046 -9.293579749945533 -8.872662755690222 -5.125177110372905 -7.053705665758354 -5.164580601803358 -10.49371122020321 -9.36883217023777 -12.03804435774596 -11.319865785595688 -8.913477615909404 -10.554652120320023 -9.830618718263029 -11.478135810209213 -10.953772439135783 -8.060682834536728 -11.758394306601971 -10.406123361713764 -11.217335211181396 -11.89758374378268 -11.975582533176697 -11.690800118729994 -11.051158214243202
2.1042084168336674 -9.940622350191397 -11.478420568705285 -10.942706411384506 -10.866846455531807 -11.850822036690474 -11.726031605289062 -9.243322699965912 -8.794689971579661 -4.9826006626577195 -6.959383699435744 -5.061022259814742 -10.46484644066209 -9.320416308343255 -12.038193070964695 -11.306567793032613 -8.840180617881252 -10.527247937953737 -9.789161092781509 -11.47393710695507 -10.935884046385294 -7.985342448094386 -11.764447024128124 -10.378033858101361 -11.206819053919101 -11.926478974159894 -11.995862568464728 -11.725418402635446 -11.042396332650668
2.164328657314629 -9.900995193324231 -11.473183154634263 -10.923838930985088 -10.85053905945717 -11.8592512505845 -11.729122270764716 -9.191896819048512 -8.71570627221434 -4.839538937808093 -6.8649529427368705 -4.95803021228657 -10.434678878779817 -9.270848818291086 -12.036922357551322 -11.291934756314507 -8.765834236957588 -10.498552415055007 -9.746507942377711 -11.468332587722596 -10.91665064794011 -7.908951652900633 -11.769059187479662 -10.348730116543248 -11.194964289258209 -11.953879388980953 -12.014663893363247 -11.758533140653904 -11.032443776348444
2.224448897795591 -9.860365195481435 -11.466707943463934 -10.90381719210093 -10.833196241042486 -11.86637666855546 -11.7309316450309 -9.13952464158615 -8.635964724119418 -4.696313242908306 -6.770674566617227 -4.855847227683906 -10.403407359010519 -9.220349798133917 -12.034396860477418 -11.276146891129645 -8.690686732698342 -10.468762436003479 -9.702871348100679 -11.461492140241027 -10.8962582013576 -7.831761249794074 -11.772388344202014 -10.318407840263752 -11.181947559985161 -11.979914623362296 -12.03212667344724 -11.790267037919653 -11.0214700223524
2.284569138276553 -9.81858389509009 -11.458926552114548 -10.882541452391159 -10.81472078415322 -11.872160922005097 -11.731410292388293 -9.086030585620925 -8.555224762453566 -4.552529879401262 -6.676265221682556 -4.754144483760804 -10.370906246222333 -9.168747783609476 -12.030557199211025 -11.25911406047883 -8.614508753356198 -10.437755610658124 -9.658095792609345 -11.453346548511885 -10.874606211755928 -7.753537287700443 -11.774388478390314 -10.286941664748586 -11.16768484572944 -12.004590096227615 -12.04823690453068 -11.820638491872637 -11.00939121016241
2.344689378757515 -9.775779184464746 -11.449950395270019 -10.860130029896382 -10.795226327471212 -11.8767080686011 -11.730665194869783 -9.031548568476044 -8.473632751211007 -4.408362102530517 -6.581870792686324 -4.65304622886498 -10.337299704682199 -9.116175572834248 -12.025512652071956 -11.240952280880087 -8.53744484854672 -10.405655203707001 -9.612310611685349 -11.444007424901006 -10.85181327594599 -7.6744254651292465 -11.775165715442668 -10.25445356571419 -11.152290476526083 -12.027999351217085 -12.063092871411028 -11.849737961465381 -10.996316486673301
2.4048096192384767 -9.731863608871283 -11.439746916244449 -10.83652890280165 -10.774660528968134 -11.880006772222718 -11.72867675401898 -8.975972499153102 -8.391037894149616 -4.263554332967792 -6.487313312165455 -4.55233947824356 -10.302515904379572 -9.062530013778595 -12.019236836447906 -11.22161422668982 -8.45935193680517 -10.372391685634595 -9.565423506199444 -11.433441643444784 -10.827824837423172 -7.5942795153470755 -11.774702822562944 -10.220872002930363 -11.135721295780794 -12.050160414489744 -12.076699260756738 -11.877592415332037 -10.98220265224164
2.464929859719439 -9.686974246652653 -11.428429682964865 -10.811861298785832 -10.753141667130937 -11.88216050673601 -11.725552434640711 -8.919447874740182 -8.307603863876363 -4.118310761782047 -6.392758856616201 -4.452171315422596 -10.26668619359124 -9.007955130485076 -12.01184039128367 -11.201219988592428 -8.380390892231421 -10.338095226445068 -9.517573619524988 -11.421763043303681 -10.802764468723431 -7.513261867037393 -11.773106107558089 -10.186326092689377 -11.118095159090942 -12.071162447391684 -12.08915170163923 -11.904286778067233 -10.967162306266012
2.5250501002004007 -9.640995407572657 -11.415943965704578 -10.786048540586286 -10.73059419463835 -11.883138377026441 -11.721252036663934 -8.861838131272226 -8.223144603204755 -3.9723306140138552 -6.297995908226053 -4.352297680575482 -10.229711904853833 -8.952317814125838 -12.003275534650363 -11.17969852922003 -8.300384094746473 -10.30266985580077 -9.468639878156075 -11.408916255888464 -10.776552842638836 -7.431191270003108 -11.77033806499951 -10.150718256104003 -11.099345770883247 -12.091007726007168 -12.100437400874496 -11.929833427338659 -10.951130591692344
2.5851703406813624 -9.594036205903471 -11.402381703166515 -10.75918967181087 -10.707113166641005 -11.88302484859232 -11.715862983514498 -8.803258561477662 -8.137788573470797 -3.8257718269463608 -6.203153835936419 -4.25282926858538 -10.191698032834601 -8.895732310284576 -11.993632043531115 -11.157146624271139 -8.219458009883233 -10.266219723762758 -9.41873290336357 -11.39499342100681 -10.749289257109478 -7.348195330459628 -11.76648526954395 -10.114151717380366 -11.079568222596379 -12.10977010806081 -12.110635005892048 -11.954303100713817 -10.934198267169872
2.6452905811623246 -9.546102855916931 -11.38776561853259 -10.731301106936844 -10.682714375393694 -11.881848731239284 -11.709411726147305 -8.743709855616501 -8.051522662761865 -3.678589076736272 -6.108209779708353 -4.153719711296041 -10.152655705932087 -8.838200254821057 -11.982934428912994 -11.133582746904615 -8.137601996423449 -10.228756679831273 -9.367857445744274 -11.380017099321424 -10.720989976907074 -7.264262468374962 -11.761574868194096 -10.076637251127156 -11.058782096514719 -12.12748679599837 -12.119777890858233 -11.977735619105923 -10.916383418779994
2.7054108216432864 -9.497120108138564 -11.37206342675487 -10.702333683004959 -10.657351209413886 -11.879594579883825 -11.701876230925308 -8.683101950460596 -7.9642218072912385 -3.5305772702652076 -6.013023868046847 -4.054803839277991 -10.112521538247965 -8.779634214825695 -11.97115533549984 -11.108963313707616 -8.054696926870292 -10.190219373519172 -9.315934453273513 -11.363954555344726 -10.691605341512176 -7.179270932092745 -11.755586772950792 -10.03811259898157 -11.036947156067107 -12.144165931302895 -12.127863471888618 -12.000146345915235 -10.897647130019816
2.7655310621242486 -9.447152534521432 -11.355333903707638 -10.672348706204247 -10.631082613210197 -11.876318381092723 -11.693313596331283 -8.621501575170136 -7.8759568567685 -3.3818166894876205 -5.917665356484729 -3.9561324265716666 -10.071358899463789 -8.720100636577083 -11.95835274905183 -11.083348921609339 -7.970813114428054 -10.150670926923267 -9.263029000651173 -11.346864640791452 -10.661196750611843 -7.093291433931839 -11.748577785071781 -9.99864014687379 -11.014123294054876 -12.15985952356755 -12.13494554209669 -12.021586175077681 -10.878046489588566
2.8256513026052104 -9.396247785953218 -11.337623629661806 -10.6413934012771 -10.603953935776449 -11.872065833086527 -11.683769885085784 -8.558956900412326 -7.786776339797381 -3.2323567215107145 -5.822179129062981 -3.8577312919814086 -10.029215501650512 -8.65964768559142 -11.944573015058452 -11.05678669234938 -7.885999174147049 -10.110159024071235 -9.20918882596018 -11.32879396063375 -10.629811465983199 -7.006372697473715 -11.74059388680968 -9.958266822116233 -10.990357319475308 -12.174611955846808 -12.14106906254356 -12.042099175003871 -10.857625923257856
2.885771543086172 -9.344307295959062 -11.318881717438298 -10.60939805495769 -10.57589945802512 -11.8668049813642 -11.67320571098914 -8.495352744016042 -7.696526324799571 -3.081956137685167 -5.726399299394824 -3.759412113570274 -9.98600563677223 -8.598163301304854 -11.929770803328232 -11.029213318703192 -7.800107651797596 -10.068600364790433 -9.15431113739075 -11.309691121966097 -10.597379165970757 -6.918364262865655 -11.73159791915296 -9.916908899515757 -10.965589737368795 -12.188417987897731 -12.14621664381898 -12.06168829103026 -10.836328749242696
2.9458917835671343 -9.29139661154105 -11.299164687843462 -10.57642297453718 -10.546977120065506 -11.86058832570648 -11.661675162942142 -8.430757894223621 -7.605282363286658 -2.9307064502019413 -5.630400715294339 -3.6612329280317755 -9.941792693943096 -8.535715859149175 -11.91400149094732 -11.000688050308984 -7.713213101288893 -10.026057987579884 -9.098462270375425 -11.289612754752856 -10.563960274204138 -6.829341258046906 -11.721643545579141 -9.874628844158906 -10.93987884483532 -12.201324448840685 -12.150437669599865 -12.080398724203805 -10.814210563018545
3.006012024048096 -9.237481092828688 -11.278462111464655 -10.542448236107607 -10.517168739216523 -11.85341494525403 -11.649173583106993 -8.365129249551792 -7.512981449143208 -2.778500664287498 -5.534114557383258 -3.5631061473421464 -9.896548569582066 -8.472264004921776 -11.897257461921466 -10.97119437252869 -7.6252558683554135 -9.98250511919366 -9.04160543214001 -11.268548176687911 -10.529534536262481 -6.739242468182418 -11.710727264362575 -9.831399592591108 -10.913209994285289 -12.21334391161047 -12.153738564447332 -12.098247234746625 -10.79125767457569
3.066132264529058 -9.182600941424468 -11.256812217727177 -10.507513023486528 -10.486512151767329 -11.845321951600258 -11.635738526448645 -8.298507750929584 -7.419665649357956 -2.625384392796735 -5.437580891947498 -3.4650552146426103 -9.850313109824171 -8.407848758020457 -11.879576653956374 -10.940771395273334 -7.536277931533981 -9.93798163721056 -8.983780988826382 -11.246535648848734 -10.4941411493723 -6.648109980412418 -11.69888655102751 -9.787260577576156 -10.88562194873731 -12.224511945141925 -12.15615557870908 -12.115269016279784 -10.767507094789703
3.12625250501002 -9.126785042900405 -11.234245084185144 -10.471647101645392 -10.4550361738049 -11.83633959578927 -11.621400179284525 -8.23092191292056 -7.325362079866871 -2.471382662384854 -5.340823790832427 -3.36708752800542 -9.803115669760516 -8.342498917464297 -11.860989230646883 -10.909449236373298 -7.446306730733376 -9.892517089601574 -8.925017711491048 -11.223605245923522 -10.457809849339856 -6.555971140685912 -11.686151663467417 -9.742240927088908 -10.857144745706222 -12.234859078463261 -12.157719097572686 -12.131494772914982 -10.74298747116826
3.186372745490982 -9.069983121852925 -11.210737842085816 -10.434816793628663 -10.422709785398379 -11.826455922356747 -11.606142283651106 -8.16231178554511 -7.229988330528698 -2.316364154457811 -5.243756220310374 -3.269098974723178 -9.754913196721795 -8.2761566172775 -11.84147555875721 -10.877198192745425 -7.355263584106872 -9.846070009774424 -8.86526288558887 -11.199733809287089 -10.42050655429776 -6.462745449818481 -11.672507690454221 -9.696299178437506 -10.827750853265634 -12.244388942759057 -12.15842565167671 -12.146932969642188 -10.717673164699857
3.2464929859719436 -9.01220122786583 -11.186304225331778 -10.397032901080756 -10.389544034542713 -11.815687558062802 -11.5899803210824 -8.092680691200488 -7.133541109222943 -2.1603123935094564 -5.146372441945335 -3.171068125380628 -9.705713794510668 -8.208825988756029 -11.821050262625878 -10.844030398049178 -7.263146343461344 -9.798649096843553 -8.804521868321107 -11.174934997692887 -10.382241924783973 -6.3684302078914 -11.657970524132075 -9.649443871276926 -10.797452900408366 -12.25312238093469 -12.158294149296827 -12.161605830350391 -10.69157656379005
3.306613226452906 -8.95341742233283 -11.160938908618974 -10.358283582926084 -10.355528699425545 -11.804035756106401 -11.572912941385454 -8.022000768145123 -7.035978759247445 -2.003156826914412 -5.048628444389287 -3.0729356024193986 -9.655499836241301 -8.14048063302096 -11.79970999190217 -10.809936619110918 -7.1699156454485475 -9.75023782331588 -8.742771235505593 -11.14920331239695 -10.34300384100412 -6.272984896874867 -11.642539671027325 -9.601658539589693 -10.766242924601421 -12.261070149858744 -12.157331008784096 -12.175527106789106 -10.664690741561795
3.3667334669338675 -8.893651963185647 -11.134663945098513 -10.318590302617459 -10.320684897511612 -11.791523093509433 -11.554962505733801 -7.950291602761076 -6.937318989933363 -1.8449129386733913 -4.950540004428685 -2.9747024780916074 -9.604292051587972 -8.071140602785082 -11.77747700112307 -10.774938903543607 -7.0755895627000704 -9.70085724727287 -8.68003107409196 -11.122560795079917 -10.302813695469943 -6.17642740217299 -11.626237634545955 -9.552964093714689 -10.734142971752778 -12.268255704806277 -12.155559268052885 -12.188720624032674 -10.637037009990493
