web/models/kne/42/mosfit_kn_0.018177_0.1240_0.5000.dat
# %ECSV 1.0
# ---
# datatype:
# - {name: time, datatype: float64}
# - {name: PS1_g, datatype: float64}
# - {name: PS1_i, datatype: float64}
# - {name: PS1_r, datatype: float64}
# - {name: PS1_w, datatype: float64}
# - {name: PS1_y, datatype: float64}
# - {name: PS1_z, datatype: float64}
# - {name: swift_uvot_B, datatype: float64}
# - {name: swift_uvot_U, datatype: float64}
# - {name: swift_uvot_uvm2, datatype: float64}
# - {name: swift_uvot_uvw1, datatype: float64}
# - {name: swift_uvot_uvw2, datatype: float64}
# - {name: swift_uvot_V, datatype: float64}
# - {name: johnson_B, datatype: float64}
# - {name: johnson_I, datatype: float64}
# - {name: johnson_R, datatype: float64}
# - {name: johnson_U, datatype: float64}
# - {name: johnson_V, datatype: float64}
# - {name: sdss_g, datatype: float64}
# - {name: sdss_i, datatype: float64}
# - {name: sdss_r, datatype: float64}
# - {name: sdss_u, datatype: float64}
# - {name: sdss_z, datatype: float64}
# - {name: ATLAS_c, datatype: float64}
# - {name: ATLAS_o, datatype: float64}
# - {name: ukirt_H, datatype: float64}
# - {name: ukirt_J, datatype: float64}
# - {name: ukirt_K, datatype: float64}
# - {name: Clear, datatype: float64}
# meta: !!omap
# - comment: [kappa = 0.5, type = rprocess, mass = 0.018176879801416274, velocity = 0.12399999999999999, theta_obs = 0.0, tfloor = 1000.0]
# schema: astropy-2.0
time PS1_g PS1_i PS1_r PS1_w PS1_y PS1_z swift_uvot_B swift_uvot_U swift_uvot_uvm2 swift_uvot_uvw1 swift_uvot_uvw2 swift_uvot_V johnson_B johnson_I johnson_R johnson_U johnson_V sdss_g sdss_i sdss_r sdss_u sdss_z ATLAS_c ATLAS_o ukirt_H ukirt_J ukirt_K Clear
[from data line 85]
5.170340681362725 -5.372831181148978 -9.814435203436158 -8.110903788078367 -8.607402522868863 -11.404551226193202 -10.793332192556182 -3.6043331649228625 -0.7880637697597768 7.883780892382661 0.013572593864808358 1.9158094662091476 -6.588275774545019 -3.9509358462051343 -10.738270993013412 -8.947640058797798 -1.2032261470271632 -6.854821656832148 -4.960975097969289 -9.777800867291901 -8.047407151617652 -0.13232476505786295 -10.991440908671315 -6.851306355932074 -9.102967429304751 -13.27302291830003 -12.52476945717502 -13.629083425325364 -9.476533965236058
5.2304609218436875 -5.202219563893777 -9.707743771132122 -7.978406764036361 -8.4930608325371 -11.325516894448029 -10.703036717050871 -3.4088326185733484 -0.5390920742793346 8.225618936812676 0.20748318442189317 2.110853761964077 -6.430916228769388 -3.7641362164378873 -10.640132718088513 -8.828443664169676 -0.962292006224985 -6.7039906176146475 -4.784548101328898 -9.670399231995734 -7.9131032691987535 0.11428236825684834 -10.90538599382862 -6.706690515200773 -8.98928809627293 -13.236571543207718 -12.468835880599565 -13.606261541580603 -9.380181839007236
5.290581162324649 -5.03244464241444 -9.601470217651134 -7.846501212885784 -8.379340681647651 -11.24673683957921 -10.613053790940974 -3.2142954720892645 -0.29137129052166677 8.564930321508882 0.39983336013765625 2.304602312867982 -6.274243308243286 -3.5783629152396164 -10.54237509996532 -8.709882157922497 -0.7225674758318167 -6.553898032303331 -4.60899435594051 -9.563420984176698 -7.7793810947212805 0.3596773039654444 -10.819647804869241 -6.562836275497972 -8.876178212195072 -13.200181939062892 -12.41305277452115 -13.5834536671671 -9.284422803519732
5.350701402805611 -4.863517348555515 -9.495625999254536 -7.715198646526318 -8.266246823006966 -11.168221594578807 -10.523394501150616 -3.020734290050707 -0.04491495405790835 8.901715794694397 0.5906421718712633 2.4970685925052973 -6.118270515820108 -3.3936258916889135 -10.445009085473426 -8.591964700276453 -0.48406675080135064 -6.404555938325449 -4.434324916192196 -9.456877613002366 -7.646252748775844 0.6038448958678977 -10.734236913663384 -6.419750843162184 -8.76364613348688 -13.163861065015626 -12.35742891811604 -13.560665056960522 -9.189258840571224
5.410821643286573 -4.695359496411999 -9.390162363266192 -7.584438679349574 -8.153720832506295 -11.089934072027585 -10.434017172727206 -2.8280611402601172 0.2003881721559433 9.236142273820459 0.7800254462337368 2.6883636179113215 -5.962928066313851 -3.209838724888798 -10.347989323748028 -8.474634764413597 -0.24668286196406475 -6.255896177206332 -4.260459080344887 -9.350720076598869 -7.513657595666299 0.8468937998943638 -10.649113101080072 -6.277364336664739 -8.651637048853384 -13.127587804192354 -12.30193606252408 -13.53787917544931 -9.094637115475273
5.4709418837675345 -4.527929055631734 -9.285054746098957 -7.454189927521799 -8.041730280834436 -11.011856260260515 -10.344901278180725 -2.6362288107611773 0.444598648810999 9.568308406350724 0.9680562104589012 2.878555505886379 -5.808179730302741 -3.026954201714997 -10.251293081745978 -8.357862449115594 -0.010357981566564312 -6.107883005001821 -4.087353384062169 -9.244923653895505 -7.381564312297808 1.088882517768912 -10.564256534338128 -6.1356383668456616 -8.540121777076717 -13.09135236188929 -12.246560818522168 -13.51508834880187 -9.000527581098066
5.531062124248497 -4.361186136028383 -9.18027987186349 -7.324422622566242 -7.93024448531833 -10.933971126956195 -10.256027384732835 -2.4451924707161075 0.687773998364545 9.898308320822707 1.1548029550113452 3.067707959215739 -5.653991126294742 -2.8449274925546004 -10.154898829311218 -8.241619407684421 0.22496281415235198 -5.960482521778318 -3.914966574263108 -9.139464919928919 -7.249943187754049 1.3298666202028286 -10.479648451895454 -5.994536534691548 -8.42907265031549 -13.055145563357192 -12.191290572021794 -13.492285429388422 -8.906901852413647
5.591182364729459 -4.195089667198246 -9.075813519875986 -7.19510594157196 -7.819232134845766 -10.856260854092419 -10.167375198837032 -2.2549059293481575 0.9299733591962502 10.22623781313031 1.3403335141552657 3.255884194915556 -5.500326627811785 -2.6637125629103626 -10.058784152008002 -8.125876410148571 0.4593360589044405 -5.813659694163637 -3.743256190117439 -9.034319501464552 -7.118763422444907 1.5699033575585197 -10.395269281230117 -5.854021548830435 -8.318461164613105 -13.018957806008922 -12.136112108800512 -13.469462977846314 -8.813731134757958
5.651302605210421 -4.02960379860426 -8.97163485090882 -7.066213171027034 -7.708665814717985 -10.778710259759965 -10.078927358339573 -2.0653288551637337 1.17124851788347 10.55218249496027 1.5247081938033884 3.4431399881935545 -5.3471553512373164 -2.4832690831434374 -9.962929794822585 -8.010608046320808 0.6928111897058354 -5.667384110293054 -3.5721851524608716 -8.929466426216841 -6.987998355851595 1.809042760377526 -10.311102285970044 -5.714060754103603 -8.208262507319937 -12.982781071332743 -12.081014271818711 -13.446614820480034 -8.720990139617264
5.7114228456913825 -3.864692699429746 -8.867722906262241 -6.93771752168395 -7.59851829898226 -10.701304030562895 -9.990666365815741 -1.8764209150654765 1.411651196865016 10.876227476276302 1.7079856917962748 3.6295296560565906 -5.194446306760956 -2.303556808136648 -9.86731638926414 -7.8957889049160395 0.9254376174280378 -5.5216253122944154 -3.401716409298654 -8.824884603252006 -6.857621232133138 2.047334862428052 -10.227130614347537 -5.574621622825884 -8.098451876724582 -12.946607286922179 -12.025985807061923 -13.423734773648393 -8.628653856951392
5.771543086172344 -3.7003227035151554 -8.764058062380737 -6.809593862514145 -7.488764057441752 -10.624027872886028 -9.902575864469263 -1.688144195253215 1.6512300492449052 11.198453412469092 1.8902208882486353 3.8151038140381712 -5.042170410423695 -2.124537890397868 -9.771925812784207 -7.781395149180022 1.157261807706298 -5.376354727306542 -3.2318151440030185 -8.72055428528368 -6.727606956429977 2.2848267155520574 -10.143338525482282 -5.435673602315525 -7.989005998526633 -12.910429000457773 -11.971016256276526 -13.400817163220198 -8.536698853345328
5.831663326653306 -3.5364640292229232 -8.660623200631843 -6.681820112797929 -7.379380457501323 -10.546869439865123 -9.814641665391601 -1.5004651432089056 1.8900282473920884 11.518933374747938 2.071463113873247 3.9999076013969206 -4.8903021019209385 -1.9461787287814618 -9.676742281526966 -7.667405774663714 1.3883249389310381 -5.231547214702858 -3.062450545664124 -8.616458244507932 -6.597933506075631 2.521559992874014 -10.05971237505424 -5.297189591898235 -7.879904338495489 -12.874239920909803 -11.916096674927273 -13.377857240113451 -8.445104301797972
5.891783567134269 -3.373087801601624 -8.557401702793914 -6.5543748460563656 -7.2703456413610645 -10.469816746701106 -9.726849991526745 -1.313351211467647 2.12808765769239 11.837738375236576 2.251759546305952 4.18398411917584 -4.738816567397682 -1.7684467523599106 -9.581750476656119 -7.553800424484021 1.6186669518682417 -5.087178394871203 -2.8935927428939756 -8.512579757443355 -6.4685795059859075 2.757575126235725 -9.976238925833414 -5.159143361487466 -7.771126996802948 -12.838033980854922 -11.861218399023377 -13.354850450305909 -8.353850134702991
5.95190380761523 -3.2101666609240453 -8.454377867911393 -6.427237784835 -7.161638945945477 -10.392858501464293 -9.639187844204944 -1.1267715455596161 2.3654479881930257 12.154936261648587 2.4311546531761867 4.36737385706747 -4.587690314805617 -1.591311073961123 -9.486935933779474 -7.440559835447325 1.8483257206939352 -4.94322519869131 -2.725213430119382 -8.408903023934418 -6.339524730611785 2.9929104572097387 -9.892905699174612 -5.021510071282371 -7.662655137441821 -12.801805528092041 -11.806373300736952 -13.331792580787576 -8.262917400536232
6.012024048096192 -3.0476769443999174 -8.351538393798599 -6.300391564551422 -7.05324243337623 -10.3159852791876 -9.551644304085372 -0.9406994464657992 2.6021437289107574 12.470587744794411 2.6096879234986585 4.550112366634643 -4.436903223473608 -1.4147448348446405 -9.392286426912062 -7.327667431595562 2.0773340827740117 -4.799667827559408 -2.557288113368905 -8.30541465629679 -6.210751891745634 3.2275991978550955 -9.809702223257784 -4.884268148294506 -7.554472526030835 -12.765550013505338 -11.751554698791276 -13.30868028925975 -8.172289578342529
6.072144288577154 -2.885594014610593 -8.248869223452342 -6.173817969335094 -6.945137579270533 -10.239187026567986 -9.464207765962573 -0.7551071029020406 2.8382107040963334 12.784754981913068 2.7873990444327394 4.73223553256053 -4.286434175927252 -1.238720171330247 -9.297789021757403 -7.215105907027717 2.3057261949477126 -4.656485563260834 -2.389791300623134 -8.202100509212258 -6.082242826872388 3.4616759288997123 -9.72661737618079 -4.747395248044466 -7.446562232849558 -12.72926251977834 -11.696755419421192 -13.285509963275304 -8.081949710197911
6.132264529058116 -2.7238986735106607 -8.146359888986474 -6.047503109363177 -6.837309794093649 -10.162456502518378 -9.376869751130528 -0.5699728273733939 3.0736770758150556 13.09748986026992 2.9643210176949535 4.913772530924426 -4.136267070949587 -1.0632151137660488 -9.20343413397098 -7.102861911218857 2.5335288036490655 -4.513662524420245 -2.2227031046636014 -8.098950046170241 -5.953983744814106 3.695167670231374 -9.64364304563512 -4.610873783793554 -7.338911155219758 -12.692939783489015 -11.64197046694129 -13.262279282474248 -7.991884298450405
6.192384769539078 -2.562570688943868 -8.043999137402622 -5.921432202247274 -6.729743842419342 -10.085785815953123 -9.289621070705625 -0.38527375546293924 3.308572424612244 13.408845856514283 3.1404872643968322 5.0947530778155645 -3.9863847653384115 -0.8882066168860308 -9.109211442281346 -6.990921317919104 2.7607700542657265 -4.371181860123696 -2.056002578492464 -7.995951942431319 -5.8259599401183415 3.9281028887134184 -9.560770443964977 -4.47468533570806 -7.231505451397773 -12.6565781559451 -11.587194334490272 -13.238985639363035 -7.9020793455840455
6.25250501002004 -2.4015911490348962 -7.941776527201885 -5.795591475013673 -6.6224254993996645 -10.009167690824192 -9.20245322725167 -0.20098850244745775 3.5429244479338884 13.718873734780438 3.315929128880289 5.275204874277396 -3.8367712830498606 -0.7136730917968885 -9.015111380155727 -6.879270945826435 2.987476286625188 -4.229027864269896 -1.8896701389587278 -7.893095689899798 -5.6981577203664635 4.160508219987449 -9.477991453538763 -4.338812678641286 -7.124332200973242 -12.620174345968243 -11.53242198573327 -13.215626712547762 -7.8125217801705915
6.312625250501002 -2.2409225981632552 -7.839668977855965 -5.669952137129073 -6.515327547743226 -9.93258480967766 -9.115346606335475 -0.01707475518993745 3.776786839012125 14.027657609925829 3.490697328454964 5.4551756301657015 -3.6873931891624183 -0.5395730733580388 -8.92111257309261 -6.767884093763244 3.2136990757541883 -4.087168174030659 -1.723667118710015 -7.7903580776759185 -5.570548163524922 4.3924361337689 -9.395287300710962 -4.203222661697517 -7.017365421753841 -12.583719154506523 -11.4776405844478 -13.1921956263392 -7.7231873976695375
6.372745490981964 -2.080597540540552 -7.737700719145391 -5.544541802741065 -6.408472134193701 -9.856057314729014 -9.028323111610117 0.16643088440530535 4.010115077459879 14.335154304609784 3.6647666854523036 5.634635214071789 -3.538282598446341 -0.3659402567857522 -8.827237830806364 -6.656784988656377 3.439394750823783 -3.9456330935760926 -1.5580268708807665 -7.687763448335776 -5.4431595045495484 4.623841664818169 -9.312679037796023 -4.0679424678407905 -6.9106283704250515 -12.547225395052253 -11.42286635704293 -13.168702514049249 -7.634094539326899
6.432865731462925 -1.9205749722087617 -7.6358461273100176 -5.419328721091219 -6.3018296583534905 -9.779565825554677 -8.941360861470393 0.3495747466850297 4.242967773153072 14.641453894713457 3.8381907638018657 5.813634415180516 -3.3894026344331545 -0.19272941412845795 -8.73346339526191 -6.545944290341422 3.6646196966086175 -3.804387001753306 -1.3927070832898458 -7.58528603600249 -5.315959807445463 4.854782226135281 -9.230145721934697 -3.932935975201932 -6.8040925390239515 -12.51068263916517 -11.368084848447422 -13.145139561442603 -7.545217027643538
6.492985971943887 -1.760841715083803 -7.534098354787311 -5.294303548947159 -6.195390189634491 -9.70310581344977 -8.854454440461357 0.5323717781458448 4.47536445865353 14.946595614075463 4.010992672426319 5.992192856412007 -3.2407424572096426 -0.019925235600343705 -8.639783042520392 -6.435352911625121 3.8893924101025656 -3.663419186685368 -1.2276940917963763 -7.482918948102206 -5.188939837223039 5.08527648063243 -9.147682209666002 -3.7981910863146062 -6.697749002242421 -12.474089180652486 -11.313293121411617 -13.121505697547152 -7.456545665207415
6.55310621242485 -1.6013856952512917 -7.432451238197615 -5.169457790506371 -6.0891446256134785 -9.626673269277095 -8.767599017741912 0.7148356854586779 4.707323088528312 15.250616433791123 4.1831939260067585 6.170328601137488 -3.0922922108267707 0.15248637864979714 -8.546191183960598 -6.325002546703964 4.113729875299946 -3.5227198921167053 -1.062975372554824 -7.380655980383768 -5.062091211278741 5.315341553551871 -9.06528392102901 -3.663696693608305 -6.591589600482557 -12.437443608770005 -11.258488632687074 -13.097800083552825 -7.368072002491406
6.613226452905812 -1.4421955065474812 -7.3308990054832535 -5.044783447102574 -5.9830843806897605 -9.550264472208418 -8.680790090617059 0.8969794272876441 4.938860652599537 15.553551855544466 4.354814947107695 6.348058665435193 -2.9440426165362092 0.32451878845204235 -8.452682592779947 -6.214885353570623 4.3376481573306584 -3.3822799273790034 -0.8985390926231851 -7.278491322520733 -4.935406044747719 5.544993639700095 -8.982946593231791 -3.5294423009825593 -6.485606632772196 -12.400744671680338 -11.203669053394554 -13.074022006666597 -7.279788067316595
6.673346693386773 -1.2832615870280328 -7.229437076471932 -4.9202739687064145 -5.87720220930267 -9.473876625369222 -8.594024188655212 1.0788138864748376 5.16999152448518 15.855433796347477 4.525873840096732 6.525397747406419 -2.7959860801496577 0.4961833548454348 -8.359253151467716 -6.10499480720063 4.561160800587778 -3.242091721216373 -0.7343753207290149 -7.176420362655218 -4.808877915732417 5.7742463630672525 -8.900666954650003 -3.395419033805389 -6.379793683230073 -12.363991649225062 -11.148832761872923 -13.050171166952127 -7.19168706888814
6.733466933867735 -1.1245737206474793 -7.128060371353477 -4.795922238956134 -5.771490445828533 -9.39750651543644 -8.507297388222845 1.260350688261792 5.400730970281238 16.156295093396086 4.69638908908129 6.702361008208349 -2.648114348614617 0.6674921187509637 -8.265898272411782 -5.995323886269131 4.784282230452977 -3.1021470860712848 -0.5704734556023183 -7.074437987304698 -4.682499822614954 6.003114258008804 -8.818441301338513 -3.2616174865438907 -6.274143865429114 -12.32718356517008 -11.093977803882742 -13.026247069081814 -7.103761884082047
6.793587174348697 -0.9661234078860836 -7.026764920667272 -4.67172249038061 -5.66594266804886 -9.32115179001011 -8.420606727678877 1.44159952528489 5.631091820286809 16.456165235728296 4.866377049664639 6.878961478666167 -2.500420738282945 0.8384552623436077 -8.172614401156075 -5.885866793041051 5.007024525550328 -2.962439340773952 -0.4068246658992969 -6.97254019941246 -4.556266126383086 6.231609464797945 -8.736266852294285 -3.128029760856066 -6.168651488077366 -12.290319937077461 -11.039102883288637 -13.002249600201077 -7.016006483362229
