web/models/kne/42/mosfit_kn_0.009764_0.0457_3.6500.dat
# %ECSV 1.0
# ---
# datatype:
# - {name: time, datatype: float64}
# - {name: PS1_g, datatype: float64}
# - {name: PS1_i, datatype: float64}
# - {name: PS1_r, datatype: float64}
# - {name: PS1_w, datatype: float64}
# - {name: PS1_y, datatype: float64}
# - {name: PS1_z, datatype: float64}
# - {name: swift_uvot_B, datatype: float64}
# - {name: swift_uvot_U, datatype: float64}
# - {name: swift_uvot_uvm2, datatype: float64}
# - {name: swift_uvot_uvw1, datatype: float64}
# - {name: swift_uvot_uvw2, datatype: float64}
# - {name: swift_uvot_V, datatype: float64}
# - {name: johnson_B, datatype: float64}
# - {name: johnson_I, datatype: float64}
# - {name: johnson_R, datatype: float64}
# - {name: johnson_U, datatype: float64}
# - {name: johnson_V, datatype: float64}
# - {name: sdss_g, datatype: float64}
# - {name: sdss_i, datatype: float64}
# - {name: sdss_r, datatype: float64}
# - {name: sdss_u, datatype: float64}
# - {name: sdss_z, datatype: float64}
# - {name: ATLAS_c, datatype: float64}
# - {name: ATLAS_o, datatype: float64}
# - {name: ukirt_H, datatype: float64}
# - {name: ukirt_J, datatype: float64}
# - {name: ukirt_K, datatype: float64}
# - {name: Clear, datatype: float64}
# meta: !!omap
# - comment: [kappa = 3.65, type = rprocess, mass = 0.009763877790252312, velocity = 0.04566666666666669, theta_obs = 0.0, tfloor = 1000.0]
# schema: astropy-2.0
time PS1_g PS1_i PS1_r PS1_w PS1_y PS1_z swift_uvot_B swift_uvot_U swift_uvot_uvm2 swift_uvot_uvw1 swift_uvot_uvw2 swift_uvot_V johnson_B johnson_I johnson_R johnson_U johnson_V sdss_g sdss_i sdss_r sdss_u sdss_z ATLAS_c ATLAS_o ukirt_H ukirt_J ukirt_K Clear
[from data line 228]
13.76753507014028 2.611279810066982 -4.392359172824083 -1.6606340386640461 -2.970398635322109 -7.098312863805987 -6.026272260994006 5.396469125232714 10.402179855278284 22.320252431102286 8.600862331545667 10.746639086636339 0.9032381902535987 4.611825462199871 -5.671966259934776 -3.1323543049418427 9.649096405019051 0.29786432849860733 3.2560830908499305 -4.328467420347337 -1.509886811083181 10.971611630059606 -6.420430199602372 0.03359857428977264 -3.47357158662696 -10.723620897733104 -9.173658683210506 -11.649921496030691 -4.621388514981639
13.827655310621243 2.722875734381116 -4.319461963064732 -1.5723287049876156 -2.8953130023920437 -7.042299075701219 -5.963186003933227 5.523594331005492 10.563024797654847 22.52405600871945 8.717704978206182 10.869830043404779 1.0078326997886464 4.731049003394197 -5.604617791388505 -3.0551812933319704 9.804505011984446 0.3961096083368456 3.3711743185627085 -4.255185473592942 -1.420069573573528 11.131153816735573 -6.360727454579713 0.12793616896708215 -3.3985013843364165 -10.694691262149883 -9.132419230875362 -11.629859047115614 -4.558932211200517
13.887775551102203 2.8342966216575505 -4.246663924637186 -1.4841567321821714 -2.8203530539724575 -6.9863502263604715 -5.900176115645461 5.65051614790323 10.723616682517108 22.727393718955145 8.834278161500624 10.992801572212812 1.1122744695758933 4.850050726601577 -5.537362021407396 -2.9781626767457263 9.959659556558822 0.4941781033121575 3.4860823656013196 -4.182004471248302 -1.3303841261567584 11.290442364396132 -6.301107303902782 0.22211915797962334 -3.323557410133944 -10.6657839768037 -9.091223265058977 -11.609806048611977 -4.496597618348783
13.947895791583166 2.9455475922436136 -4.173961859795181 -1.3961141328956117 -2.7455150519505445 -6.930463901830599 -5.837239873941371 5.777240360453452 10.883962743301314 22.930277865115404 8.950588826103854 11.115559798809112 1.2165680609942229 4.968836414130454 -5.470195972596247 -2.901294614932522 10.114567022053851 0.5920742965753536 3.600812509407927 -4.108921198744184 -1.2408264842515315 11.449484359495443 -6.241567131255152 0.3161520842297527 -3.248735995851675 -10.636897721237444 -9.050068963591274 -11.589761492405549 -4.434381377110004
14.008016032064127 3.0566120042943012 -4.101367374485516 -1.3082144916667993 -2.670810454133843 -6.874649458514259 -5.774387598898283 5.903748200690203 11.044039592466337 23.132682410151496 9.06662122382965 11.238086999960007 1.320697532384265 5.087388728399734 -5.403130472283425 -2.8245888205294216 10.269204755293895 0.6897833261427369 3.7153476376893124 -4.03594731377483 -1.1514105080973458 11.608256506143935 -6.182116748491353 0.4100208318972953 -3.174048662361457 -10.60803807587815 -9.008963617154249 -11.569729677756778 -4.372293047264453
14.06813627254509 3.167501729262945 -4.028872668072605 -1.2204483620806883 -2.5962308166803183 -6.818900820626155 -5.711612511953668 6.030053072308207 11.20386395979283 23.334631425147723 9.18238928657841 11.36039667209539 1.4246738161630887 5.205720623027968 -5.336158249972228 -2.7480366191709154 10.423588936704132 0.7873156908069869 3.8296999736609294 -3.9630749772994456 -1.062126667899328 11.766775320418503 -6.122749671828185 0.5037357246162877 -3.09948702916218 -10.57920157305931 -8.967902567275361 -11.549707947640291 -4.3103252730398545
14.128256513026052 3.2782015199014403 -3.956488390370687 -1.1328281956684272 -2.5217866266632605 -6.76322658397746 -5.648924091445231 6.156137783074102 11.363414414819495 23.536101249970166 9.297878696449597 11.482472602679024 1.5284822913409954 5.323816250024699 -5.269289239843139 -2.671648707634529 10.57769881550265 0.8846577881092823 3.943853840373457 -3.89031488590458 -0.9729876732041198 11.925019455504948 -6.063474905917232 0.5972838383682166 -3.02506163911179 -10.550393346637906 -8.926892514002061 -11.529700259581562 -4.24848678694314
14.188376753507013 3.3887171474837707 -3.8842108829311783 -1.0453494659982177 -2.4474737054300633 -6.707623964759417 -5.586319207372767 6.282008856050262 11.522699101765639 23.737105115916957 9.413096987357221 11.60432158453554 1.6321281506069838 5.4416820817377385 -5.202520033433738 -2.595420764218777 10.731542267076122 0.9818147049615813 4.057815184997224 -3.817663361708288 -0.8839889896484543 12.082996914070527 -6.004289442010791 0.6906702613143523 -2.9507683690392206 -10.521611858654596 -8.88593134661784 -11.50970544235573 -4.186773861990769
14.248496993987976 3.4990341665467817 -3.8120502435399928 -0.9580239705291405 -2.3733019815180434 -6.652101120013594 -5.523806852920536 6.407650005856746 11.681697712464256 23.937620706146884 9.528030661783777 11.725928270015707 1.7355975340789052 5.559303132647205 -5.135860048370705 -2.519362890419175 10.885099635848803 1.0787735735120687 4.171569156225399 -3.745130546057709 -0.7951426628063452 12.240687470157887 -5.945201816274892 0.7838827541361937 -2.8766171963200016 -10.492861984903675 -8.845025423502369 -11.48972725648086 -4.125194751839825
14.308617234468937 3.609161506288139 -3.740000655527407 -0.8708446261501201 -2.299265080128965 -6.596653547354503 -5.4613819948516 6.533071320307568 11.840422833351418 24.137666683345987 9.642690489444679 11.847302887425442 1.8388986201808308 5.67668922454574 -5.069303863258617 -2.4434685050966225 11.038383100558463 1.1755422973383591 4.285124950000583 -3.672710592747066 -0.7064415601139196 12.398103539975516 -5.886207205865812 0.8769291048048622 -2.8026017956974414 -10.464141179484086 -8.80417130253038 -11.469763757784895 -4.063743868577259
14.3687374749499 3.719088619543154 -3.6680695558635534 -0.7838200757564628 -2.225370213940163 -6.5412872865854865 -5.3990512813991565 6.658260914215689 11.998859638531343 24.337227485292342 9.757066994563566 11.968434340221151 1.9420212307788696 5.793829513695577 -5.002858413569707 -2.3677449138950495 11.191378317566326 1.272111488329364 4.398471725882995 -3.600410969661123 -0.6178945224725574 12.555230343695136 -5.827311909738775 0.96980041034886 -2.7287294229164516 -10.43545307628598 -8.7633737015763 -11.449817753633374 -4.002427159383757
14.428857715430862 3.8288190157826385 -3.5962548084796886 -0.6969476071253489 -2.1516147952594267 -6.486000761139188 -5.336812922166985 6.783222762373783 12.15701308507592 24.536312151249838 9.87116527205444 12.089326904924725 2.044968443957031 5.910728068146312 -4.936521709071303 -2.2921893965303335 11.344090087402765 1.3684842467466953 4.511613104183585 -3.5282295278439335 -0.5294988557186997 12.712072733044035 -5.768514191599223 1.0624998086284343 -2.654997532935184 -10.406796844076512 -8.722631442398592 -11.42988861983376 -3.9412422552486426
14.488977955911823 3.938341873254938 -3.524564030524253 -0.6102360787893879 -2.0780062304559976 -6.430800153802689 -5.274673724811674 6.907944671736218 12.314867956113194 24.73490455769497 9.984975538843592 12.209969171496407 2.147729828911735 6.027373759674003 -4.870300851799555 -2.2168094374063267 11.496503695636651 1.46465095917675 4.624537962568205 -3.456173915637155 -0.4412636196001074 12.868615546802626 -5.709820497209748 1.1550181581854169 -2.581413569088138 -10.378176199718483 -8.681949351870964 -11.409979228927972 -3.880195265554942
14.549098196392785 4.047666361585414 -3.45299122370486 -0.5236782016338282 -2.004537992702744 -6.3756808128803755 -5.212628492567166 7.032437004510176 12.472437174803499 24.933023545518115 10.098508710192036 12.33037158886139 2.2503138096197857 6.14377665370435 -4.804190250486534 -2.1415982814632466 11.648631653309714 1.560619758659121 4.737255743921391 -3.3842381042100556 -0.3531814688608037 13.024871545489347 -5.651225847409087 1.247363439321152 -2.5079710428756563 -10.34958850880672 -8.641323870740807 -11.390087572466372 -3.8192804846712747
14.609218436873746 4.156782540416337 -3.3815433976342213 -0.4372821165759433 -1.931216878096329 -6.3206484365883675 -5.150683497140527 7.156688563724786 12.629706762081518 25.130654439685774 10.211755883035565 12.450523695994061 2.352710793681829 6.259926558029939 -4.738196439852206 -2.0665627752063758 11.80046044909395 1.6563818279484745 4.849756232889266 -3.3124291312578613 -0.26526073340463086 13.180826801734788 -5.592736174821287 1.3395272611364106 -2.434676782095746 -10.32103720338238 -8.60075944952962 -11.37021630554816 -3.7585035052574867
14.669338677354709 4.265696800580248 -3.310216437425222 -0.35104277308141363 -1.8580383042035642 -6.2656998694513355 -5.088835200550044 7.280706577902557 12.786685728867706 25.32781109512031 10.324725042404364 12.57043288292271 2.454926593868609 6.375830586061678 -4.672315584196439 -1.991698141897065 11.951998812174256 1.7519428414651042 4.962046013617041 -3.240742859796484 -0.17749634044177398 13.336490199276074 -5.534348078605635 1.4315152172291512 -2.361526237136662 -10.29252052546976 -8.560253686248894 -11.35036409505865 -3.6978602761245583
14.729458917835672 4.374396731712142 -3.239019028007597 -0.2649703011084448 -1.7850107907729118 -6.210842142332602 -5.0270913520892435 7.404477065113352 12.943356615045154 25.52447443139773 10.43740470338447 12.690085975745543 2.5569492946581347 6.4914759330012615 -4.6065557786945375 -1.9170129712695363 12.103229870675534 1.8472918077676883 5.074112330453353 -3.169188009882138 -0.08989864027091343 13.491844363183105 -5.476068892660244 1.5233167980080786 -2.288527953727204 -10.2640426873163 -8.51981206122298 -11.330534197009337 -3.6373578495270564
14.789579158316633 4.482890078646005 -3.1679461243830254 -0.1790585513404075 -1.7121288181807692 -6.156071357425539 -4.965447592172989 7.528008782756847 13.099730336778777 25.720660561020157 10.549804206494091 12.809491827806735 2.658785994186565 6.60687114224627 -4.540912320275768 -1.8425015214479614 12.254164199905382 1.9424356103892062 5.18596316027212 -3.0977595101075472 -0.0024614422222235532 13.646900072065264 -5.41789443378768 1.6149387509280544 -2.2156764407868224 -10.235601495098743 -8.479431597114003 -11.310724944820405 -3.5769913843597934
14.849699398797595 4.591174104375142 -3.096999816068884 -0.09330983662589887 -1.639394172188613 -6.1013892944211 -4.903905852538113 7.65129866348432 13.255803051913126 25.916367214583754 10.661922030312034 12.928647825187266 2.760433908394268 6.722013652565067 -4.475387155876876 -1.7681655009033939 12.404798102887067 2.037371844063858 5.297595697886148 -3.026459455409203 0.08481284718678594 13.80165346568468 -5.359826501576084 1.706378844904446 -2.1429735079232337 -10.207198082362863 -8.439113709639015 -11.290937229806362 -3.5167622307192126
14.909819639278556 4.69925130316037 -3.026178625667022 -0.007722242804515389 -1.5668049981314525 -6.046794892561582 -4.8424649180415535 7.774349542223601 13.41157828393289 26.11160120811166 10.773762035455974 13.047557063455844 2.861895191867549 6.836906438731361 -4.409978907736348 -1.6940029018358274 12.555135007074696 2.1321027429840127 5.409012518984095 -2.9552863578950372 0.17192611731205787 13.956107992799538 -5.3018639034630155 1.7976393251023737 -2.070417323653899 -10.178831917422729 -8.39885761620536 -11.271170664251338 -3.456668658210482
14.969939879759519 4.807113905196285 -2.9554880637042125 0.07769785818020125 -1.494366590503109 -5.992292653580531 -4.78112973747935 7.897152675165921 13.567045101731647 26.30635138853523 10.885317468900677 13.166211415705181 2.963162319933967 6.95154161163655 -4.344692710513015 -1.6200189991893879 12.705164364973303 2.2266214545526557 5.520205641890641 -2.884245748378884 0.25887183803368075 14.110252765916957 -5.244011304596263 1.8887136474940114 -1.9980132007372475 -10.150505728299118 -8.358666837568796 -11.251427365988922 -3.396714988900822
15.03006012024048 4.9147645665577855 -2.8849265353825437 0.16295251609637518 -1.422076986599059 -5.937881421595286 -4.719898991210663 8.019711080966612 13.722207255164172 26.50062475624265 10.996592320179843 13.28461414060278 3.0642376071413997 7.065922314891214 -4.279527076479353 -1.546211665949049 12.854889826683412 2.3209303660175555 5.631177808831627 -2.8133360208260783 0.34565203772126907 14.26409146293345 -5.186267411387142 1.9796041912167794 -1.9257591957461173 -10.12221892664085 -8.31854051651481 -11.231706904971029 -3.3368994035070543
15.090180360721442 5.022206639760096 -2.8144919673562896 0.24804434533756137 -1.3499337428664226 -5.883559658193569 -4.658770936151981 8.142028564337991 13.877069475368788 26.694429466849957 11.107591269462489 13.402769248636229 3.1651240295724277 7.180052423494661 -4.21448007205874 -1.4725782844619786 13.004315991325342 2.4150324821486207 5.741932478121843 -2.742555088604206 0.4322693195992855 14.4176287367182 -5.128630528698164 2.0703139282670335 -1.8536528829689658 -10.093970699508182 -8.278477499659063 -11.212008679238837 -3.277219679734138
15.150300601202405 5.129438848547192 -2.74418543590242 0.3329722247435818 -1.2779376406357734 -5.829328331761019 -4.597746607306572 8.264103708619153 14.031629974405071 26.887765549409746 11.21831420203998 13.520675686478928 3.265820199964657 7.2939309130026295 -4.149552698786315 -1.3991195197107167 13.153441156364075 2.5089267127565966 5.8524683471037875 -2.671904028497991 0.5187224914689459 14.570862775618103 -5.071101600805914 2.160841866056522 -1.7816950584785651 -10.065761702685252 -8.238478572658108 -11.192333216000934 -3.217676325735841
15.210420841683366 5.23646002214905 -2.6740079420529383 0.41773512060780504 -1.2060893899147018 -5.775188349948408 -4.536826972817387 8.385935216647063 14.185887112241478 27.08063317051489 11.328761093718214 13.638332509871486 3.3663248340222536 7.407556869188593 -4.084745887823998 -1.3258359601170369 13.30226376395239 2.602612065487782 5.962784221664261 -2.6013838416120905 0.6050104506053877 14.723791916786446 -5.013681507674299 2.2511871001981376 -1.709886445371236 -10.037592555862139 -8.198544473687333 -11.172681015246349 -3.1582697905485624
15.270541082164328 5.343266157735229 -2.6039624132440053 0.5023297146308892 -1.1343916728728232 -5.721142153977716 -4.476014700557442 8.507518596947577 14.339835258862585 27.273027518851908 11.43892898834764 13.755735676561912 3.4666339781942908 7.520926383579681 -4.020062365062272 -1.2527301968254292 13.450778401430117 2.696085047890711 6.072875995049216 -2.5309974636907917 0.6911297728629862 14.87641054213217 -4.956372742250661 2.3413463009209856 -1.6382297362681264 -10.009464776962938 -8.158677126697372 -11.153053267611844 -3.0990021909467735
15.33066132264529 5.449868356073413 -2.5340414820823476 0.5867648864063568 -1.0628366672810685 -5.6671839842452165 -4.415303371773085 8.62886639649729 14.493490059459244 27.464970039127877 11.548830450159162 13.872897627826944 3.566757935857196 7.634051506446667 -3.95549526377816 -1.1797941310555806 13.599000220605156 2.7893555273509945 6.182755094088783 -2.460737491019671 0.7770894325119393 15.028734136289366 -4.899169170034998 2.4313290601064175 -1.5667171233619293 -9.981375077358317 -8.118872111632703 -11.133447471129594 -3.039866768910091
15.390781563126252 5.5562589300306975 -2.464250579477838 0.6710343467869606 -0.9914296236583731 -5.613318273807373 -4.354697862243366 8.74996996836235 14.64684069397272 27.65644940512472 11.658458689564632 13.989810285453427 3.6666892838503236 7.746924429432283 -3.8910496424029537 -1.1070329630746059 13.746918794249606 2.8824167583129627 6.292413622674271 -2.3906093735982026 0.8628829874592903 15.180751937019874 -4.8420753801394945 2.521128890573614 -1.4953538634698127 -9.95332614129065 -8.079132892470165 -11.113865713554548 -2.9808678160799573
