web/models/kne/42/mosfit_kn_0.006452_0.2963_3.6500.dat
# %ECSV 1.0
# ---
# datatype:
# - {name: time, datatype: float64}
# - {name: PS1_g, datatype: float64}
# - {name: PS1_i, datatype: float64}
# - {name: PS1_r, datatype: float64}
# - {name: PS1_w, datatype: float64}
# - {name: PS1_y, datatype: float64}
# - {name: PS1_z, datatype: float64}
# - {name: swift_uvot_B, datatype: float64}
# - {name: swift_uvot_U, datatype: float64}
# - {name: swift_uvot_uvm2, datatype: float64}
# - {name: swift_uvot_uvw1, datatype: float64}
# - {name: swift_uvot_uvw2, datatype: float64}
# - {name: swift_uvot_V, datatype: float64}
# - {name: johnson_B, datatype: float64}
# - {name: johnson_I, datatype: float64}
# - {name: johnson_R, datatype: float64}
# - {name: johnson_U, datatype: float64}
# - {name: johnson_V, datatype: float64}
# - {name: sdss_g, datatype: float64}
# - {name: sdss_i, datatype: float64}
# - {name: sdss_r, datatype: float64}
# - {name: sdss_u, datatype: float64}
# - {name: sdss_z, datatype: float64}
# - {name: ATLAS_c, datatype: float64}
# - {name: ATLAS_o, datatype: float64}
# - {name: ukirt_H, datatype: float64}
# - {name: ukirt_J, datatype: float64}
# - {name: ukirt_K, datatype: float64}
# - {name: Clear, datatype: float64}
# meta: !!omap
# - comment: [kappa = 3.65, type = rprocess, mass = 0.006451950121499907, velocity = 0.29633333333333334, theta_obs = 0.0, tfloor = 1000.0]
# schema: astropy-2.0
time PS1_g PS1_i PS1_r PS1_w PS1_y PS1_z swift_uvot_B swift_uvot_U swift_uvot_uvm2 swift_uvot_uvw1 swift_uvot_uvw2 swift_uvot_V johnson_B johnson_I johnson_R johnson_U johnson_V sdss_g sdss_i sdss_r sdss_u sdss_z ATLAS_c ATLAS_o ukirt_H ukirt_J ukirt_K Clear
[from data line 292]
17.615230460921843 11.151053395799284 2.269224582600007 5.744295360637839 3.77637154913387 -1.253965465925262 0.16371049892187628 14.690959972363771 21.34990407025868 35.238499374287855 17.31548660233324 19.828503108812892 9.11057008867007 13.487022655397581 0.7157112761780562 3.685744042903056 20.318902891006942 8.155547753501315 11.96359349711372 2.350480534712993 5.972784020134281 21.851009600433507 -0.4097171131001254 7.723371930380498 3.2709594057707037 -6.202952843840758 -4.053463548351067 -7.563241524313929 1.4904775053725139
17.675350701402806 11.162544318745287 2.2807155055459916 5.755786283583841 3.787862472079855 -1.2424745429792594 0.17520142186786103 14.702450895309756 21.361394993204676 35.24999029723385 17.326977525279226 19.839994031758888 9.122061011616072 13.498513578343566 0.7272021991240409 3.6972349658490407 20.330393813952934 8.167038676447318 11.975084420059723 2.3619714576589956 5.9842749430802655 21.862500523379502 -0.39822619015412286 7.734862853326483 3.282450328716706 -6.191461920894755 -4.041972625405064 -7.551750601367926 1.5019684283185164
17.73547094188377 11.174017555661742 2.2921887424624643 5.767259520500314 3.7993357089963276 -1.2310013060628044 0.18667465878433376 14.713924132226229 21.37286823012115 35.26146353415032 17.3384507621957 19.85146726867535 9.133534248532527 13.509986815260039 0.7386754360405137 3.7087082027655134 20.341867050869396 8.17851191336379 11.986557656976196 2.3734446945754506 5.995748179996738 21.873973760295975 -0.3867529532376679 7.746336090242956 3.293923565633161 -6.179988683978283 -4.030499388488591 -7.540277364451471 1.5134416652349714
17.795591182364728 11.18547313777933 2.303644324580052 5.778715102617884 3.8107912911138975 -1.2195457239452168 0.19813024090192144 14.725379714343816 21.384323812238726 35.2729191162679 17.349906344313286 19.862922850792938 9.144989830650115 13.521442397377626 0.7501310181581013 3.720163784883101 20.353322632986977 8.18996749548136 11.998013239093765 2.3849002766930383 6.007203762114326 21.885429342413552 -0.3752973711200802 7.757791672360526 3.305379147750749 -6.168533101860713 -4.019043806371021 -7.528821782333884 1.524897247352559
17.85571142284569 11.196912398760883 2.315083585561588 5.790154363599438 3.8222305520954514 -1.2081064629636629 0.20956950188345758 14.736818975325352 21.395763073220273 35.28435837724945 17.361345605294822 19.874362111774484 9.156429091631669 13.532881658359162 0.7615702791396375 3.731603045864637 20.36476189396852 8.201406756462914 12.00945250007532 2.396339537674592 6.018643023095862 21.8968686033951 -0.3638581101385263 7.7692309333420795 3.316818408732285 -6.157093840879159 -4.0076045453894675 -7.51738252135233 1.536336508334113
17.915831663326653 11.208332158200545 2.3265033450012496 5.801574123039099 3.833650311535113 -1.1966867035240014 0.22098926132311902 14.748238734765014 21.407182832659934 35.295778136689115 17.3727653647345 19.885781871214146 9.16784885107133 13.544301417798824 0.7729900385793167 3.7430228053042987 20.376181653408192 8.212826515902576 12.02087225951498 2.4077592971142536 6.030062782535541 21.90828836283476 -0.35243835069886487 7.780650692781741 3.328238168171964 -6.1456740814394974 -3.996184785949806 -7.505962761912668 1.5477562677737744
17.975951903807616 11.21973461882579 2.3379058056265123 5.812976583664362 3.8450527721603756 -1.1852842428987387 0.23239172194838176 14.759641195390277 21.418585293285197 35.30718059731437 17.384167825359746 19.897184331839398 9.179251311696593 13.555703878424087 0.7843924992045617 3.7544252659295614 20.387584114033444 8.224228976527838 12.032274720140244 2.4191617577394986 6.041465243160786 21.919690823460023 -0.3410358900736199 7.792053153407004 3.339640628797209 -6.134271620814235 -3.9847823253245434 -7.494560301287423 1.5591587283990371
18.036072144288575 11.23111968772573 2.349290874526453 5.824361652564303 3.856437841060316 -1.173899173998798 0.24377679084832238 14.771026264290217 21.429970362185138 35.31856566621431 17.395552894259687 19.90856940073935 9.190636380596533 13.567088947324027 0.7957775681045023 3.765810334829502 20.398969182933385 8.235614045427779 12.043659789040184 2.430546826639439 6.052850312060727 21.931075892359964 -0.3296508211736615 7.803438222306944 3.3510256976971498 -6.122886551914294 -3.9733972564246027 -7.483175232387465 1.5705437972989778
18.096192384769537 11.242487319436307 2.36065850623703 5.835729284274862 3.8678054727708933 -1.1625315422882387 0.25514442255889946 14.782393896000794 21.441337993895708 35.329933297924875 17.406920525970264 19.919937032449916 9.202004012307093 13.578456579034604 0.8071451998150794 3.777177966540079 20.410336814643955 8.246981677138338 12.055027420750744 2.4419144583500163 6.064217943771304 21.942443524070534 -0.3182831894631022 7.814805854017504 3.362393329407727 -6.111518920203735 -3.9620296247140434 -7.471807600676906 1.581911429009537
18.1563126252505 11.253837507383242 2.3720086941839646 5.847079472221797 3.87915566071781 -1.151181354341304 0.2664946105058341 14.793744083947729 21.45268818184264 35.34128348587181 17.4182707139172 19.93128722039685 9.213354200254027 13.589806766981539 0.818495387762014 3.7885281544870137 20.42168700259089 8.258331865085273 12.066377608697678 2.453264646296951 6.075568131718239 21.953793712017465 -0.30693300151616754 7.826156041964438 3.3737435173546615 -6.1001687322568 -3.9506794367671088 -7.460457412729971 1.5932616169564717
18.216432865731463 11.26517025101398 2.3833414378146855 5.858412215852535 3.890488404348549 -1.1398486107105654 0.277827354136555 14.80507682757845 21.46402092547337 35.352616229502544 17.42960345754792 19.942619964027582 9.224686943884766 13.60113951061226 0.8298281313927349 3.7998608981177346 20.433019746221618 8.269664608716012 12.077710352328417 2.4645973899276896 6.0869008753489595 21.965126455648196 -0.2956002578854289 7.837488785595177 3.3850762609853824 -6.0888359886260615 -3.93934669313637 -7.449124669099232 1.6045943605872104
18.276553106212425 11.276485568515966 2.3946567553166886 5.869727533354521 3.901803721850534 -1.12853329320858 0.2891426716385581 14.816392145080453 21.475336242975366 35.36393154700453 17.440918775049923 19.953935281529574 9.236002261386751 13.612454828114263 0.841143448894738 3.8111762156197377 20.444335063723614 8.280979926217997 12.089025669830402 2.475912707429675 6.098216192850963 21.976441773150192 -0.28428494038344354 7.848804103097162 3.3963915784873855 -6.077520671124076 -3.9280313756343848 -7.437809351597247 1.6159096780891957
18.336673346693384 11.287783476181072 2.4059546629817774 5.881025441019627 3.9131016295156407 -1.1172353855434736 0.30044057930364687 14.827690052745542 21.486634150640462 35.37522945466964 17.45221668271503 19.965233189194674 9.247300169051858 13.623752735779352 0.8524413565598268 3.8224741232848265 20.45563297138872 8.292277833883103 12.100323577495509 2.4872106150947815 6.109514100516069 21.987739680815288 -0.272987032718337 7.860102010762269 3.407689486152492 -6.06622276345897 -3.9167334679692782 -7.4265114439321405 1.6272075857543022
18.396793587174347 11.299063995012908 2.4172351818136306 5.892305959851463 3.924382148347476 -1.1059548667116381 0.3117210981355001 14.838970571577395 21.49791466947231 35.38650997350148 17.463497201546865 19.976513708026506 9.258580687883693 13.635033254611205 0.86372187539168 3.833754642116662 20.466913490220556 8.303558352714939 12.111604096327344 2.498491133926617 6.120794619347905 21.999020199647134 -0.26170651388650157 7.871382529594104 3.4189700049843275 -6.054942244627134 -3.905452949137443 -7.415230925100305 1.6384881045861377
18.45691382765531 11.31032714744407 2.428498334244793 5.903569112282643 3.9356453007786563 -1.094691714280458 0.32298425056666247 14.850233724008557 21.509177821903478 35.39777312593265 17.474760353978027 19.98777686045769 9.269843840314874 13.646296407042367 0.8749850278228424 3.845017794547842 20.478176642651725 8.314821505146119 12.122867248758524 2.509754286357797 6.132057771779067 22.010283352078304 -0.2504433614553214 7.882645682025284 3.43023315741549 -6.043679092195954 -3.8941897967062626 -7.403967772669125 1.6497512570173178
18.517034068136272 11.321572956456567 2.4397441432572897 5.914814921295122 3.946891109791135 -1.083445905267979 0.3342300595791592 14.861479533021054 21.520423630915964 35.40901893494514 17.486006162990524 19.999022669470175 9.281089649327352 13.657542216054864 0.8862308368353391 3.856263603560339 20.489422451664215 8.326067314158598 12.134113057771003 2.521000095370276 6.143303580791564 22.02152916109079 -0.23919755244284246 7.893891491037763 3.4414789664279866 -6.032433283183475 -3.8829439876937837 -7.392721963656646 1.6609970660297968
18.577154308617235 11.332801446420095 2.4509726332208004 5.92604341125865 3.9581195997546637 -1.0722174153044506 0.34545854954266986 14.872708022984582 21.531652120879485 35.420247424908666 17.497234652954052 20.010251159433697 9.292318139290881 13.668770706018375 0.8974593267988675 3.8674920935238495 20.500650941627743 8.337295804122126 12.145341547734532 2.5322285853338045 6.154532070755092 22.03275765105431 -0.22796906247931403 7.905119981001292 3.452707456391515 -6.021204793219947 -3.8717154977302553 -7.3814934736931175 1.6722255559933252
18.637274549098194 11.344012639541834 2.4621838263425566 5.937254604380406 3.96933079287642 -1.0610062221827121 0.3566697426644261 14.883919216106321 21.54286331400124 35.43145861803041 17.50844584607579 20.021462352555442 9.30352933241262 13.679981899140131 0.908670519920606 3.8787032866456057 20.511862134749492 8.348506997243883 12.156552740856288 2.543439778455543 6.165743263876831 22.043968844176067 -0.21675786935757557 7.916331174123048 3.4639186495132535 -6.00999360009819 -3.860504304608499 -7.370282280571379 1.6834367491150637
18.697394789579157 11.355206555742292 2.473377742543015 5.948448520580847 3.9805247090768603 -1.049812305982254 0.36786365886488426 14.89511313230678 21.554057230201693 35.44265253423087 17.51963976227625 20.03265626875589 9.314723248613078 13.691175815340571 0.9198644361210642 3.889897202846046 20.52305605094994 8.359700913444323 12.167746657056728 2.554633694656001 6.176937180077289 22.05516276037652 -0.2055639531571174 7.927525090323488 3.4751125657137116 -5.99879968389775 -3.8493103884080586 -7.359088364370921 1.6946306653155219
18.75751503006012 11.366383216932245 2.484554403732968 5.959625181770818 3.9917013702668314 -1.0386356447922829 0.37904032005483757 14.906289793496732 21.565233891391653 35.45382919542082 17.530816423466202 20.043832929945854 9.325899909803049 13.702352476530542 0.9310410973110175 3.901073864036017 20.534232712139904 8.370877574634294 12.1789233182467 2.5658103558459544 6.188113841267242 22.06633942156648 -0.1943872919671641 7.9387017515134595 3.486289226903665 -5.987623022707779 -3.8381337272180875 -7.3479117031809675 1.705807326505493
18.817635270541082 11.377542644758023 2.4957138315587457 5.9707846095965955 4.002860798092609 -1.0274762169665053 0.3901997478806152 14.91744922132251 21.57639331921743 35.464988623246605 17.54197585129198 20.05499235777163 9.337059337628826 13.71351190435632 0.9422005251367951 3.912233291861795 20.545392139965678 8.382037002460072 12.190082746072477 2.576969783671732 6.19927326909302 22.077498849392256 -0.18322786414138648 7.949861179339237 3.4974486547294426 -5.976463594882001 -3.82697429939231 -7.33675227535519 1.7169667543312706
18.877755511022045 11.388684863590601 2.506856050391324 5.981926828429156 4.0140030169251695 -1.0163339981339448 0.40134196671319344 14.928591440155088 21.58753553805 35.47613084207917 17.553118070124558 20.066134576604203 9.348201556461387 13.72465412318888 0.9533427439693734 3.9233755106943553 20.55653435879825 8.393179221292632 12.201224964905037 2.5881120025043103 6.210415487925598 22.088641068224824 -0.1720856453088082 7.961003398171798 3.508590873562021 -5.965321376049441 -3.8158320805597494 -7.325610056522612 1.728108973163831
18.937875751503004 11.399809895971735 2.5179810827724403 5.99305186081029 4.0251280493063035 -1.0052089657528107 0.4124669990943097 14.939716472536205 21.598660570431125 35.487255874460296 17.564243102505674 20.077259608985333 9.35932658884252 13.735779155570015 0.9644677763504896 3.9345005430754894 20.567659391179376 8.404304253673766 12.212349997286172 2.5992370348854443 6.221540520306714 22.09976610060595 -0.16096061292767416 7.972128430552932 3.519715905943137 -5.954196343668307 -3.8047070481786154 -7.314485024141478 1.739234005544965
18.997995991983966 11.410917760841226 2.529088947641931 6.004159725679781 4.036235914175794 -0.99410110088332 0.4235748639638004 14.950824337405713 21.609768435300616 35.4983637393298 17.575350967375183 20.088367473854827 9.370434453712011 13.746887020439505 0.9755756412199981 3.94560840794498 20.578767256048874 8.415412118543257 12.223457862155662 2.610344899754935 6.232648385176223 22.11087396547544 -0.1498527480581835 7.983236295422422 3.5308237708126455 -5.943088478798816 -3.7935991833091247 -7.303377159271987 1.7503418704144558
19.05811623246493 11.42200847936694 2.5401796661676634 6.0152504442054955 4.047326632701509 -0.9830103823576053 0.4346655824895329 14.961915055931428 21.620859153826338 35.50945445785551 17.586441685900898 20.09945819238055 9.381525172237726 13.757977738965238 0.9866663597457128 3.9566991264707125 20.58985797457459 8.426502837068972 12.234548580681377 2.6214356182806497 6.243739103701937 22.121964684001163 -0.13876202953246874 7.994327013948137 3.5419144893383603 -5.931997760273101 -3.78250846478341 -7.292286440746272 1.7614325889401705
19.118236472945892 11.433082073365757 2.5512532601664795 6.0263240382043115 4.058400226700343 -0.9719367883587893 0.44573917648834893 14.972988649930244 21.631932747825154 35.520528051854335 17.597515279899714 20.110531786379365 9.392598766236542 13.769051332964054 0.9977399537445288 3.9677727204695286 20.600931568573415 8.437576431067788 12.24562217468021 2.6325092122794658 6.254812697700753 22.13303827799998 -0.12768843553365272 8.00540060794697 3.5529880833371763 -5.920924166274285 -3.771434870784594 -7.281212846747456 1.7725061829389865
19.178356713426854 11.444138562283648 2.5623097490843527 6.0373805271222025 4.069456715618216 -0.9608802994408983 0.4567956654062222 14.984045138848117 21.642989236743038 35.53158454077221 17.608571768817587 20.121588275297245 9.403655255154433 13.780107821881927 1.008796442662402 3.978829209387402 20.611988057491295 8.448632919985679 12.256678663598084 2.643565701197357 6.265869186618627 22.144094766917863 -0.1166319466157617 8.016457096864844 3.5640445722550673 -5.909867677356394 -3.760378381866703 -7.270156357829565 1.7835626718568776
19.238476953907814 11.45517796875657 2.573349155557292 6.048419933595142 4.080496122091155 -0.9498408929679769 0.4678350718791613 14.995084545321056 21.654028643215966 35.54262394724515 17.619611175290526 20.132627681770177 9.414694661627355 13.791147228354866 1.0198358491353412 3.989868615860341 20.623027463964227 8.459672326458618 12.267718070071023 2.654605107670278 6.276908593091566 22.155134173390792 -0.10559254014284036 8.027496503337783 3.5750839787279887 -5.898828270883455 -3.7493389753937816 -7.259116951356644 1.794602078329799
19.298597194388776 11.466200313341446 2.584371500142151 6.059442278180001 4.091518466676014 -0.9388185483831002 0.47885741646402025 15.006106889905933 21.665050987800836 35.55364629183001 17.630633519875403 20.143650026355044 9.425717006212231 13.802169572939725 1.030858193720218 4.0008909604452 20.634049808549094 8.470694671043477 12.278740414655882 2.665627452255155 6.2879309376764425 22.16615651797566 -0.09457019555796364 8.038518847922642 3.5861063233128654 -5.887805926298596 -3.738316630808905 -7.248094606771767 1.8056244229146756
