web/models/kne/42/mosfit_kn_0.005245_0.3590_0.5000.dat
# %ECSV 1.0
# ---
# datatype:
# - {name: time, datatype: float64}
# - {name: PS1_g, datatype: float64}
# - {name: PS1_i, datatype: float64}
# - {name: PS1_r, datatype: float64}
# - {name: PS1_w, datatype: float64}
# - {name: PS1_y, datatype: float64}
# - {name: PS1_z, datatype: float64}
# - {name: swift_uvot_B, datatype: float64}
# - {name: swift_uvot_U, datatype: float64}
# - {name: swift_uvot_uvm2, datatype: float64}
# - {name: swift_uvot_uvw1, datatype: float64}
# - {name: swift_uvot_uvw2, datatype: float64}
# - {name: swift_uvot_V, datatype: float64}
# - {name: johnson_B, datatype: float64}
# - {name: johnson_I, datatype: float64}
# - {name: johnson_R, datatype: float64}
# - {name: johnson_U, datatype: float64}
# - {name: johnson_V, datatype: float64}
# - {name: sdss_g, datatype: float64}
# - {name: sdss_i, datatype: float64}
# - {name: sdss_r, datatype: float64}
# - {name: sdss_u, datatype: float64}
# - {name: sdss_z, datatype: float64}
# - {name: ATLAS_c, datatype: float64}
# - {name: ATLAS_o, datatype: float64}
# - {name: ukirt_H, datatype: float64}
# - {name: ukirt_J, datatype: float64}
# - {name: ukirt_K, datatype: float64}
# - {name: Clear, datatype: float64}
# meta: !!omap
# - comment: [kappa = 0.5, type = rprocess, mass = 0.005244756555828381, velocity = 0.359, theta_obs = 0.0, tfloor = 1000.0]
# schema: astropy-2.0
time PS1_g PS1_i PS1_r PS1_w PS1_y PS1_z swift_uvot_B swift_uvot_U swift_uvot_uvm2 swift_uvot_uvw1 swift_uvot_uvw2 swift_uvot_V johnson_B johnson_I johnson_R johnson_U johnson_V sdss_g sdss_i sdss_r sdss_u sdss_z ATLAS_c ATLAS_o ukirt_H ukirt_J ukirt_K Clear
[from data line 264]
15.931863727454909 11.79453152094716 2.912702707747883 6.387773485785715 4.419849674281746 -0.6104873407773859 0.8071886240697523 15.334438097511647 21.99338219540656 35.88197749943574 17.958964727481117 20.47198123396077 9.754048213817946 14.130500780545457 1.3591894013259322 4.329222168050932 20.962381016154815 8.799025878649191 12.607071622261614 2.993958659860869 6.616262145282157 22.494487725581386 0.23376101204775068 8.366850055528374 3.9144375309185797 -5.559474718692882 -3.4099854232031905 -6.919763399166053 2.13395563052039
15.991983967935871 11.808793965005773 2.9269651518064954 6.4020359298443275 4.434112118340359 -0.5962248967187733 0.8214510681283649 15.34870054157026 22.00764463946517 35.89623994349435 17.97322717153973 20.48624367801938 9.768310657876558 14.14476322460407 1.3734518453845448 4.3434846121095445 20.97664346021343 8.813288322707804 12.621334066320227 3.0082211039194817 6.630524589340769 22.508750169639995 0.24802345610636323 8.381112499586987 3.9286999749771923 -5.545212274634269 -3.395722979144578 -6.90550095510744 2.1482180745790025
16.052104208416832 11.823026559866463 2.9411977466671857 6.4162685247050355 4.448344713201049 -0.5819923018580653 0.8356836629890552 15.36293313643095 22.02187723432587 35.910472538355044 17.98745976640042 20.500476272880082 9.782543252737266 14.15899581946476 1.387684440245235 4.357717206970235 20.990876055074118 8.827520917568512 12.635566661180917 3.022453698780172 6.64475718420146 22.522982764500696 0.2622560509670713 8.395345094447677 3.9429325698378825 -5.530979679773561 -3.38149038428387 -6.891268360246732 2.1624506694397105
16.112224448897795 11.837229363698096 2.955400550498819 6.430471328536651 4.462547517032682 -0.5677894980264497 0.8498864668206885 15.377135940262583 22.036080038157493 35.92467534218667 18.001662570232053 20.514679076711705 9.796746056568882 14.173198623296393 1.4018872440768684 4.371920010801868 21.005078858905755 8.841723721400127 12.649769465012533 3.0366565026118053 6.658959988033093 22.53718556833232 0.2764588547986868 8.40954789827931 3.957135373669516 -5.516776875941946 -3.3672875804522544 -6.877065556415117 2.176653473271326
16.172344689378757 11.851402422037438 2.969573608838143 6.444644386875993 4.476720575372006 -0.5536164396871079 0.8640595251600125 15.391308998601907 22.050253096496828 35.938848400526005 18.015835628571395 20.528852135051036 9.810919114908224 14.187371681635717 1.4160603024161924 4.386093069141192 21.019251917245086 8.855896779739469 12.663942523351874 3.050829560951147 6.673133046372435 22.551358626671654 0.2906319131380286 8.423720956618634 3.9713084320088576 -5.502603817602604 -3.3531145221129126 -6.862892498075775 2.190826531610668
16.23246492985972 11.865545793812018 2.983716980612723 6.458787758650573 4.490863947146586 -0.5394730679125281 0.8782028969345923 15.405452370376487 22.064396468271408 35.952991772300585 18.029979000345975 20.542995506825616 9.825062486682803 14.201515053410297 1.43020367419079 4.400236440915772 21.033395289019666 8.870040151514049 12.678085895126454 3.064972932725727 6.687276418147015 22.565501998446234 0.3047752849126084 8.437864328393214 3.9854518037834374 -5.488460445828024 -3.338971150338333 -6.848749126301195 2.2049699033852477
16.29258517034068 11.87965953129968 2.9978307181004027 6.472901496138235 4.504977684634266 -0.525359330424866 0.8923166344222722 15.419566107864167 22.07851020575908 35.96710550978825 18.044092737833637 20.55710924431329 9.839176224170465 14.215628790897977 1.444317411678452 4.414350178403452 21.047509026507335 8.88415388900171 12.692199632614134 3.079086670213389 6.701390155634677 22.579615735933906 0.3188890224002705 8.451978065880894 3.9995655412710995 -5.474346708340362 -3.3248574128506707 -6.834635388813533 2.2190836408729098
16.352705410821642 11.893743693260497 3.0119148800612194 6.4869856580990515 4.519061846595083 -0.5112751684640493 0.9064007963830889 15.433650269824984 22.092594367719897 35.98118967174907 18.058176899794454 20.571193406274105 9.853260386131282 14.229712952858794 1.4584015736392688 4.4284343403642685 21.061593188468144 8.898238050962528 12.706283794574933 3.0931708321742057 6.715474317595493 22.593699897894723 0.33297318436108725 8.466062227841693 4.013649703231916 -5.460262546379545 -3.310773250889854 -6.820551226852716 2.2331678028337265
16.412825651302605 11.907798324475554 3.0259695112762763 6.501040289314108 4.533116477810122 -0.4972205372489924 0.9204554275981458 15.44770490104004 22.10664899893495 35.995244302964124 18.07223153100951 20.585248037489155 9.867315017346339 14.24376758407385 1.4724562048543257 4.442488971579325 21.0756478196832 8.912292682177585 12.72033842578999 3.1072254633892626 6.72952894881055 22.607754529109776 0.34702781557614415 8.48011685905675 4.027704334446973 -5.446207915164488 -3.296718619674797 -6.806496595637659 2.2472224340487834
16.472945891783567 11.92182348311663 3.039994669917334 6.515065447955184 4.547141636451197 -0.48319537860791684 0.9344805862392036 15.461730059681098 22.12067415757602 36.0092694616052 18.086256689650586 20.59927319613023 9.881340175987415 14.257792742714908 1.4864813634953835 4.456514130220383 21.089672978324277 8.92631784081866 12.734363584431065 3.121250622030338 6.743554107451626 22.621779687750845 0.3610529742172197 8.494142017697826 4.041729493088049 -5.432182756523413 -3.2826934610337215 -6.792471436996584 2.261247592689859
16.53306613226453 11.935819230636486 3.0539904174371912 6.529061195475041 4.5611373839710545 -0.46919963108805973 0.9484763337590607 15.475725807200956 22.134669905095876 36.02326520912506 18.100252437170443 20.613268943650088 9.895335923507272 14.271788490234766 1.5004771110152406 4.47050987774024 21.103668725844134 8.940313588338517 12.748359331950923 3.1352463695501953 6.757549854971483 22.635775435270702 0.3750487217370768 8.508137765217683 4.055725240607906 -5.418187009003556 -3.2686977135138644 -6.778475689476727 2.275243340209716
16.59318637274549 11.949785620613085 3.0679568074138075 6.5430275854516395 4.575103773947653 -0.45523324111146124 0.962442723735677 15.489692197177572 22.148636295072485 36.03723159910165 18.11421882714704 20.627235333626682 9.90930231348387 14.285754880211382 1.5144435009918569 4.484476267716839 21.117635115820732 8.954279978315116 12.762325721927521 3.149212759526794 6.7715162449480815 22.64974182524731 0.3890151117136753 8.522104155194281 4.069691630584504 -5.404220619026957 -3.254731323537266 -6.764509299500128 2.2892097301863146
16.65330661322645 11.96372271318264 3.0818938999833634 6.556964678021213 4.589040866517227 -0.4412961485418876 0.9763798163052329 15.503629289747128 22.16257338764205 36.05116869167122 18.128155919716598 20.64117242619626 9.923239406053444 14.299691972780938 1.5283805935614128 4.4984133602864125 21.131572208390295 8.96821707088469 12.776262814497095 3.1631498520963497 6.785453337517637 22.663678917816874 0.4029522042832312 8.536041247763855 4.08362872315406 -5.390283526457384 -3.2407942309676923 -6.750572206930572 2.3031468227558882
16.713426853707414 11.977630556378909 3.0958017431796314 6.570872521217481 4.602948709713495 -0.4273883053456373 0.9902876595015009 15.517537132943396 22.176481230838306 36.06507653486749 18.142063762912866 20.655080269392517 9.937147249249694 14.313599815977206 1.5422884367576808 4.5123212034826805 21.145480051586567 8.982124914080957 12.790170657693363 3.1770576952926177 6.799361180713905 22.67758676101313 0.41686004747949923 8.549949090960123 4.097536566350328 -5.376375683261116 -3.2268863877714242 -6.736664363734304 2.3170546659521385
16.773547094188377 11.991509214350309 3.1096804011510315 6.5847511791888635 4.616827367684895 -0.41350964737423723 1.004166317472901 15.531415790914796 22.19035988880971 36.07895519283889 18.155942420884266 20.668958927363917 9.951025907221094 14.327478473948606 1.5561670947290809 4.526199861454081 21.159358709557964 8.996003572052357 12.804049315664763 3.190936353264018 6.8132398386853055 22.691465418984535 0.4307387054508993 8.563827748931523 4.111415224321728 -5.362497025289733 -3.213007729800042 -6.722785705762904 2.3309333239235386
16.83366733466934 12.005358741089864 3.123529927890587 6.598600705928437 4.63067689442445 -0.39966012063466394 1.0180158442124565 15.545265317654351 22.204209415549272 36.092804719578446 18.16979194762382 20.682808454103483 9.964875433960668 14.341328000688161 1.5700166214686364 4.540049388193636 21.17320823629752 9.009853098791913 12.817898842404318 3.2047858800035733 6.827089365424861 22.705314945724098 0.4445882321904726 8.577677275671078 4.125264751061284 -5.34864749855016 -3.1991582030604686 -6.708936179023331 2.344782850663112
16.8937875751503 12.01917920121339 3.137350388014113 6.612421166051963 4.644497354547976 -0.38583966051113805 1.0318363043359824 15.559085777777877 22.218029875672798 36.10662517970197 18.183612407747347 20.69662891422701 9.978695894084193 14.355148460811687 1.5838370815921623 4.553869848317162 21.187028696421045 9.023673558915439 12.831719302527844 3.218606340127117 6.840909825548387 22.719135405847624 0.4584086923139985 8.591497735794604 4.13908521118481 -5.334827038426634 -3.1853377429369427 -6.695115718899805 2.3586033107866378
16.95390781563126 12.03297065038246 3.1511418371831823 6.626212615221032 4.658288803717046 -0.37204821134206867 1.0456277535050518 15.572877226946947 22.231821324841867 36.12041662887104 18.197403856916416 20.71042036339608 9.992487343253263 14.368939909980757 1.5976285307612317 4.567661297486231 21.200820145590114 9.037465008084508 12.845510751696914 3.2323977892961686 6.854701274717456 22.732926855016693 0.4722001414830501 8.605289184963674 4.152876660353879 -5.321035589257565 -3.1715462937678733 -6.681324269730753 2.372394759955707
17.014028056112224 12.046733147055058 3.1649043338557625 6.639975111893612 4.672051300389626 -0.35828571466948844 1.059390250177632 15.586639723619527 22.245583821514447 36.13417912554362 18.211166353588997 20.724182860068655 10.006249839925843 14.382702406653337 1.611391027433812 4.581423794158812 21.214582642262698 9.051227504757088 12.859273248369494 3.2461602859687666 6.8684637713900365 22.746689351689273 0.4859626381556481 8.619051681636254 4.166639157026459 -5.3072730925849845 -3.157783797095293 -6.667561773058155 2.3861572566282874
17.074148296593187 12.060466749943526 3.1786379367442485 6.653708714782081 4.685784903278094 -0.3445521117810202 1.073123853066118 15.600373326508013 22.259317424402923 36.1479127284321 18.224899956477483 20.737916462957127 10.019983442814311 14.396436009541823 1.625124630322298 4.59515739704728 21.228316245151174 9.064961107645557 12.873006851257962 3.259893888857235 6.8821973742785225 22.76042295457775 0.49969624104411636 8.632785284524722 4.180372759914945 -5.293539489696516 -3.144050194206825 -6.653828170169687 2.3998908595167556
17.13426853707415 12.074171525219999 3.1923427120207037 6.6674134900585535 4.699489678554567 -0.33084733650454723 1.0868286283425732 15.614078101784468 22.27302219967939 36.16161750370857 18.238604731753938 20.7516212382336 10.033688218090784 14.410140784818278 1.6388294055987531 4.608862172323753 21.242021020427647 9.07866588292203 12.886711626534435 3.273598664133708 6.895902149554978 22.774127729854214 0.5134010163205893 8.646490059801195 4.194077535191418 -5.279834714420043 -3.130345418930352 -6.640123394893214 2.4135956347932286
17.19438877755511 12.087847528582358 3.2060187153830633 6.681089493420913 4.7131656819169265 -0.3171713331421877 1.1005046317049327 15.627754105146828 22.286698203041748 36.175293507070926 18.252280735116297 20.765297241595956 10.047364221453144 14.423816788180638 1.6525054089611126 4.622538175686112 21.255697023790006 9.09234188628439 12.900387629896795 3.2872746674960673 6.909578152917337 22.787803733216574 0.5270770196829488 8.660166063163555 4.207753538553778 -5.266158711057684 -3.1166694155679924 -6.626447391530855 2.427271638155588
17.25450901803607 12.101494818129765 3.2196660049304704 6.69473678296832 4.726812971464334 -0.3035240435947806 1.1141519212523399 15.641401394694253 22.300345492589155 36.18894079661833 18.265928024663722 20.778944531143363 10.061011511000551 14.437464077728045 1.6661526985085375 4.6361854652335195 21.269344313337413 9.105989175831796 12.914034919444202 3.3009219570434745 6.923225442464762 22.80145102276398 0.540724309230356 8.673813352710962 4.221400828101185 -5.252511421510277 -3.1030221260205852 -6.6128001019834475 2.4409189277029952
17.314629258517034 12.115113463096332 3.2332846498970547 6.708355427934887 4.7404316164309 -0.2899053986282141 1.1277705662189241 15.655020039660819 22.31396413755573 36.2025594415849 18.27954666963029 20.792563176109933 10.074630155967117 14.451082722694611 1.679771343475104 4.649804110200086 21.28296295830398 9.119607820798363 12.927653564410768 3.314540602010041 6.936844087431329 22.815069667730555 0.5543429541969225 8.687431997677528 4.2350194730677515 -5.23889277654371 -3.089403481054019 -6.599181457016881 2.4545375726695617
17.374749498997996 12.128703522215059 3.2468747090157635 6.721945487053613 4.754021675549627 -0.2763153395094875 1.141360625337633 15.668610098779528 22.32755419667445 36.21614950070362 18.293136728748998 20.80615323522866 10.088220215085844 14.464672781813338 1.6933614025938128 4.663394169318813 21.296553017422706 9.13319787991709 12.941243623529495 3.3281306611287675 6.950434146550037 22.828659726849274 0.567933013315649 8.701022056796255 4.248609532186478 -5.2253027174249835 -3.0758134219352926 -6.585591397898154 2.4681276317882883
17.43486973947896 12.142265056449482 3.2604362432502043 6.735507021288054 4.767583209784068 -0.2627538052750644 1.1549221595720738 15.682171633013969 22.34111573090889 36.22971103493806 18.30669826298344 20.81971476946309 10.101781749320267 14.478234316047779 1.7069229368282537 4.676955703553253 21.310114551657136 9.14675941415153 12.954805157763936 3.3416921953631906 6.963995680784478 22.842221261083715 0.5814945475500721 8.714583591030696 4.262171066420901 -5.211741183190543 -3.0622518877008518 -6.572029863663731 2.4816891660227114
17.494989979959918 12.155798129125248 3.273969315925953 6.749040093963803 4.781116282459816 -0.2492207325992979 1.1684552322478226 15.695704705689735 22.354648803584645 36.24324410761382 18.320231335659205 20.83324784213885 10.115314821996034 14.491767388723527 1.7204560095040202 4.690488776229002 21.323647624332896 9.160292486827279 12.968338230439684 3.355225268038957 6.977528753460245 22.85575433375947 0.5950276202258387 8.728116663706444 4.275704139096668 -5.198208110514794 -3.048718815025103 -6.558496790987965 2.495222238698478
17.55511022044088 12.16930280255804 3.2874739893587623 6.762544767396594 4.794620955892608 -0.2357160591665064 1.1819599056806318 15.709209379122527 22.368153477017437 36.25674878104661 18.333736009091997 20.846752515571648 10.128819495428825 14.505272062156337 1.7339606829368117 4.703993449661811 21.337152297765687 9.17379716026007 12.981842903872476 3.3687299414717486 6.991033426893036 22.869259007192262 0.6085322936586302 8.741621337139236 4.289208812529459 -5.184703437082002 -3.0352141415923115 -6.544992117555173 2.5087269121312694
