web/models/kne/42/mosfit_kn_0.004263_0.4687_10.0000.dat
# %ECSV 1.0
# ---
# datatype:
# - {name: time, datatype: float64}
# - {name: PS1_g, datatype: float64}
# - {name: PS1_i, datatype: float64}
# - {name: PS1_r, datatype: float64}
# - {name: PS1_w, datatype: float64}
# - {name: PS1_y, datatype: float64}
# - {name: PS1_z, datatype: float64}
# - {name: swift_uvot_B, datatype: float64}
# - {name: swift_uvot_U, datatype: float64}
# - {name: swift_uvot_uvm2, datatype: float64}
# - {name: swift_uvot_uvw1, datatype: float64}
# - {name: swift_uvot_uvw2, datatype: float64}
# - {name: swift_uvot_V, datatype: float64}
# - {name: johnson_B, datatype: float64}
# - {name: johnson_I, datatype: float64}
# - {name: johnson_R, datatype: float64}
# - {name: johnson_U, datatype: float64}
# - {name: johnson_V, datatype: float64}
# - {name: sdss_g, datatype: float64}
# - {name: sdss_i, datatype: float64}
# - {name: sdss_r, datatype: float64}
# - {name: sdss_u, datatype: float64}
# - {name: sdss_z, datatype: float64}
# - {name: ATLAS_c, datatype: float64}
# - {name: ATLAS_o, datatype: float64}
# - {name: ukirt_H, datatype: float64}
# - {name: ukirt_J, datatype: float64}
# - {name: ukirt_K, datatype: float64}
# - {name: Clear, datatype: float64}
# meta: !!omap
# - comment: [kappa = 10.0, type = rprocess, mass = 0.004263435211354371, velocity = 0.4686666666666667, theta_obs = 0.0, tfloor = 1000.0]
# schema: astropy-2.0
time PS1_g PS1_i PS1_r PS1_w PS1_y PS1_z swift_uvot_B swift_uvot_U swift_uvot_uvm2 swift_uvot_uvw1 swift_uvot_uvw2 swift_uvot_V johnson_B johnson_I johnson_R johnson_U johnson_V sdss_g sdss_i sdss_r sdss_u sdss_z ATLAS_c ATLAS_o ukirt_H ukirt_J ukirt_K Clear
0.06012024048096192 -11.301048254411512 -11.489990984909468 -11.478357932681202 -11.425765628903921 -11.351944258140403 -11.424128200208887 -11.048129858664783 -11.694173160984338 -10.56225495307832 -11.03019493429855 -10.057987443626967 -11.421969853509044 -11.072034255024356 -11.903061677007607 -11.696874679770197 -11.54485202875928 -11.441101786862012 -11.267766519733495 -11.499268343709321 -11.480231584452216 -10.76072895026659 -11.409588396904127 -11.377732845633375 -11.499187017772083 -10.738589901574949 -11.120145963610478 -10.330417846479241 -11.404496578132264
0.12024048096192384 -11.538340667248566 -12.141116203241076 -11.971284666500637 -11.883921536128703 -12.153977197844998 -12.168407668272216 -11.152734596866882 -11.457646317032086 -9.459708457260113 -10.326326286613234 -8.938726449697455 -11.790152349398923 -11.18917525943893 -12.597265138033091 -12.230362624165629 -11.371415788349736 -11.819712534051197 -11.468819270476711 -12.146319821119764 -11.971634100070148 -10.567482690106633 -12.168769155977586 -11.716560033927088 -12.060253783375607 -11.740960697090726 -12.031633838782676 -11.393209556844804 -11.911285043756408
0.18036072144288576 -11.49370424900063 -12.407695334402646 -12.117235204405148 -12.02053190453249 -12.537464687457653 -12.506887148480406 -11.006254073608527 -11.058732722269937 -8.439349047203567 -9.636349330755287 -8.014490248105698 -11.839605104214527 -11.054217107134829 -12.89738901074725 -12.409063470477577 -11.01773796575052 -11.878611586540744 -11.396954071550045 -12.409743945693883 -12.115784461545402 -10.19783935306748 -12.519214916236017 -11.753577961124346 -12.261190507661404 -12.281274393189728 -12.50093698029202 -11.980577126244148 -12.091634737676653
0.24048096192384769 -11.307247941111278 -12.496970630656463 -12.098609861706944 -12.004921632783176 -12.73269577095066 -12.66110948336829 -10.728006566229304 -10.558525587625311 -7.404374837174184 -8.92380238098415 -7.149591918049087 -11.733588405484678 -10.787806063403846 -13.017189255091914 -12.421186766162695 -10.556358830866294 -11.782178573808702 -11.1863496624464 -12.496163550060988 -12.09507881829957 -9.721511808610597 -12.684616981257584 -11.643313941521232 -12.294030746012812 -12.620288961527402 -12.77486142895391 -12.362709364487488 -12.119568569768973
0.3006012024048096 -11.109356883606889 -12.531851831964573 -12.041763178017941 -11.958343782976737 -12.858638520661092 -12.751642310401525 -10.451439199183678 -10.095216171832 -6.4991457056951445 -8.317555895467024 -6.452521885747874 -11.601591905776367 -10.522501774333563 -13.078400336889803 -12.391634057380696 -10.125069796248216 -11.659200693072316 -10.968032297990327 -12.528594334475045 -12.03611404886967 -9.276994751680068 -12.78502030664697 -11.51256153906946 -12.282659871618726 -12.871195807207679 -12.969172534571792 -12.651147994400576 -12.11301984065539
0.3607214428857715 -10.911813447427505 -12.536786497044226 -11.966502624903743 -11.897399686134467 -12.943885265644006 -12.805534706110606 -10.184557814767132 -9.666068591813168 -5.6918535908187655 -7.793188933460762 -5.874295150754406 -11.459945117682963 -10.266416322851061 -13.106634069848628 -12.341153733155032 -9.723291717811115 -11.526116579771946 -10.752679054855303 -12.531371205523563 -11.958738360506018 -8.863246662672353 -12.8478240438222 -11.375501598783089 -12.248470876153164 -13.067766420033278 -13.115289036579563 -12.88123709356343 -12.08917157933067
0.42084168336673344 -10.703640006790476 -12.51364318603338 -11.869790967491731 -11.817885271897772 -12.994954482071588 -12.827530442172126 -9.912284982658008 -9.245485809031742 -4.930434882205559 -7.310400747303927 -5.359858452754626 -11.301744978110293 -10.004858421771598 -13.105088274702592 -12.267962430047021 -9.327374879571224 -11.376344789483264 -10.528190353734246 -12.50623699277913 -11.859870282346794 -8.456009149505075 -12.878229197510827 -11.2242727009615 -12.190521998922357 -13.222638284099729 -13.223077291253913 -13.067455141860192 -12.045296756321555
0.48096192384769537 -10.487572599029544 -12.46972666233562 -11.75721614889337 -11.724633119337202 -13.02073081928329 -12.82591913744298 -9.635951969045664 -8.8310409805921 -4.202756757790012 -6.859760128919099 -4.89224406964102 -11.131259810402636 -9.7392504103485 -13.08151643896598 -12.17804499435574 -8.935616215070105 -11.214234274899544 -10.29690564330675 -12.46045359736696 -11.745096527240495 -8.053387846382112 -12.884670536432399 -11.062597300520487 -12.115063278766716 -13.346705329717013 -13.302523183351996 -13.221299033683811 -11.986611914875311
0.5410821643286573 -10.265449051448279 -12.40982888384611 -11.632456874952517 -11.620846716638411 -13.02703148876752 -12.806132058346478 -9.35649071630402 -8.421252687804017 -3.5011426169982434 -6.434882026931934 -4.460141387882647 -10.951313572463814 -9.47058421112381 -13.041001921304495 -12.075338634319667 -8.546998995292007 -11.042662730987887 -10.060407215865048 -12.398785172556863 -11.618094716119458 -7.654242507033029 -12.872673686784637 -10.892950510565136 -12.026202871276315 -13.447081690669139 -13.360156065134044 -13.350270315549542 -11.91657633436936
0.6012024048096192 -10.037166249768461 -12.336340834042758 -11.496951188352842 -11.5077145470093 -13.017145608937799 -12.7711166739474 -9.073011480602712 -8.013208590640915 -2.817651034588418 -6.029191992648784 -4.053638079688241 -10.762596088918627 -9.198045650464003 -12.986192980806106 -11.961526308158803 -8.158988593074696 -10.862383978529378 -9.818375696280057 -12.323598447310466 -11.48029491923685 -7.255922579729059 -12.84527442022986 -10.715820722560814 -11.925780697158785 -13.528220516679104 -13.399904073804477 -13.459170470974884 -11.83665969807043
0.6613226452905812 -9.80364282533003 -12.251631842345052 -11.352518662723465 -11.386846121690883 -12.993951789369351 -12.723559502218347 -8.785987809371829 -7.606207641182934 -2.1486298746659065 -5.639207034336575 -3.666973513263357 -10.566502722365946 -8.922143548565312 -12.919604333669838 -11.83856149336987 -7.771109655979142 -10.674824907089986 -9.571604846799548 -12.2372490009929 -11.333514901612194 -6.857890538491809 -12.805207491575299 -10.532444571149178 -11.815833465789645 -13.59364279735219 -13.424999651313898 -13.551711418124677 -11.748609718746188
0.721442885771543 -9.564793097019262 -12.156950729652198 -11.199895913658171 -11.25886905527679 -12.959185038081422 -12.665009995434051 -8.494911232784965 -7.19866416787303 -1.4898837255836233 -5.2611479194519895 -3.294785174374993 -10.363364286095297 -8.642417454954451 -12.842624854299533 -11.707320525148372 -7.381976955246287 -10.480356849952289 -9.319893586323609 -12.140972602088631 -11.17848539255915 -6.458696861395001 -12.75407194606979 -10.343060412460847 -11.697320808893306 -13.645715145007385 -13.437525251599938 -13.63044854184661 -11.653217399089879
0.781563126252505 -9.320458413002655 -12.053185613599151 -11.03956808460902 -11.124201441305335 -12.914118647895219 -12.596593874862094 -8.199288832471929 -6.789240498263478 -0.8380735681452682 -4.891946562869691 -2.9329062779963553 -10.153343235370961 -8.358418080422648 -12.75625420149214 -11.5684047122197 -6.990409137629332 -10.279178732120736 -9.062992730128876 -12.035647081395222 -11.015685620917743 -6.057107741542023 -12.693034201080717 -10.147770925683908 -11.570909348284797 -13.686214799168253 -13.439031539109719 -13.697310028304608 -11.551038097035953
0.8416833667334669 -9.07032695275067 -11.940902167510732 -10.871761590531541 -10.983037994127116 -12.8596460559125 -12.519078245769926 -7.898524501201677 -6.376631475027672 -0.1902651876828747 -4.52893414310596 -2.5779044195222265 -9.936389791012996 -8.069593229482845 -12.661153654275658 -11.422145790216948 -6.595230788916695 -10.07127696991345 -8.800514420260921 -11.921829416765686 -10.845335389066939 -5.651901103672046 -12.622897692479533 -9.946493430580539 -11.436986159429825 -13.71646977786783 -13.43065111584007 -13.753754672140149 -11.442393091300378
0.9018036072144289 -8.81428300032848 -11.820636017699009 -10.696760823310072 -10.835636589811664 -12.796545453370829 -12.433147702178928 -7.592292400985921 -5.9599838562074225 0.4555759382000675 -4.17014452667134 -2.2272756603669417 -9.712582601336461 -7.7756526563961295 -12.55792999852699 -11.268909933112312 -6.195686290586899 -9.856759785032699 -8.532286661515904 -11.800048857101402 -10.667713823403897 -5.242286291796177 -12.54437475359838 -9.739281465574976 -11.29595598343677 -13.737578992363948 -13.413339044866566 -13.80097797056642 -11.327634586141997
0.9619238476953907 -8.551692810432296 -11.692458549189357 -10.514362061342108 -10.681815485230484 -12.725160697232987 -12.339039573181179 -7.279721770723696 -5.537853565455926 1.1021151897624089 -3.8133170790180766 -1.8783904530453408 -9.481484708813454 -7.475775478959456 -12.446735458539433 -11.108593726327058 -5.7904334754177995 -9.635230401736601 -8.257614201234595 -11.670369671228542 -10.482608610254669 -4.826878205949665 -12.457736275995455 -9.525705854086475 -11.14776114716662 -13.750259918039374 -13.38764453834761 -13.839811275246612 -11.206704480904968
1.0220440881763526 -8.282619976099337 -11.556814773863682 -10.324864203173583 -10.521856422174878 -12.646078107983936 -12.237285310214308 -6.9607538912698805 -5.1098701065641805 1.7503606851949955 -3.457336271342974 -1.5298597966744185 -9.243272321086337 -7.169930406741262 -12.32805734892078 -10.941551772393858 -5.379161339224449 -9.406888200728927 -7.976527895656638 -11.533233274977892 -10.290314663348479 -4.405344109748519 -12.363531741677178 -9.305929660408463 -10.992774330787931 -13.755285643228719 -13.354257496444218 -13.871084212269265 -11.079942060575156
1.0821643286573146 -8.006516714568352 -11.413672164538191 -10.128033511708843 -10.355559019882232 -12.559467132528184 -12.127974579083176 -6.6346646945161245 -4.674886572505876 2.402286400528692 -3.100556159150542 -1.1798510139828653 -8.997535416125661 -6.857439792740493 -12.201924140138225 -10.767634816981008 -4.960798108624111 -9.171360682752619 -7.688434958676282 -11.38860198853175 -10.09059010591443 -3.9765778942439667 -12.261878222922586 -9.079563058752917 -10.830877284528047 -13.753107739333677 -13.313502629225676 -13.895335146691925 -10.947247109391292
1.1422845691382766 -7.7228334156792044 -11.262941141290934 -9.923600645948003 -10.182695099032255 -12.465420332819459 -12.011127479155288 -6.300744961107664 -4.231813531752877 3.059682506008465 -2.7415235690675384 -0.8267732291164829 -8.743843484140942 -6.537642099245481 -12.068301920194877 -10.586655878851865 -4.534321740370608 -8.928255894643955 -7.3927455252056085 -11.236381657507728 -9.883157147136519 -3.5395249390497696 -12.152822086881372 -8.846203223205382 -10.661909426154406 -13.744076821685079 -13.265614552777672 -13.912994653357876 -10.808487061614418
1.2024048096192383 -7.431587136412983 -11.104867005605463 -9.711724211597623 -10.003423960000344 -12.364268896996311 -11.887040971083245 -5.95893688764158 -3.7804013300275052 3.7230988125774163 -2.379606721475404 -0.469881982459913 -8.482276138582094 -6.210507674509444 -11.92746308666613 -10.39882059748382 -4.099520586869183 -8.677677581920145 -7.089457183684278 -11.07681558797129 -9.66817008578774 -3.093957604952191 -12.036674532276184 -8.605932941922223 -10.486081821839655 -13.728641738117913 -13.210990224576998 -13.92454790469351 -10.66386419329243
1.2625250501002003 -7.132077205770866 -10.939179550563924 -9.49196524566636 -9.817367824744014 -12.255916831377842 -11.755548855730655 -5.60838608362416 -3.319435705620375 4.394350205870514 -2.0134477392777046 -0.10773814154142114 -8.21223714027009 -5.8752366415136095 -11.779191671979785 -10.203778113280865 -3.6552434382907717 -8.419073695381377 -6.777831418143538 -10.909629311188631 -9.445180086039837 -2.638690895667448 -11.913296939247022 -8.358199698834099 -10.30306692638586 -13.706960218233098 -13.149673263898086 -13.930232091454469 -10.513101589600513
1.3226452905811623 -6.823970892258746 -10.765825580509016 -9.264162534891955 -9.624400414266958 -12.140422371778659 -11.616664038096332 -5.2486612949126785 -2.8482477428551967 5.074442001552765 -1.642228039282418 0.2605505902339691 -7.933461269587874 -5.531440295314724 -11.623470191867764 -10.001433295674815 -3.200865619883946 -8.152214629536976 -6.457511213735181 -10.73476707365188 -9.214018664498678 -2.173076977826387 -11.782722232838108 -8.102766316162988 -10.11277862640334 -13.679252914617981 -13.08181195575427 -13.930318959962003 -10.35613990527569
1.3827655310621243 -6.506726883495855 -10.584588103047103 -9.027972863566234 -9.424233539896605 -12.017700495853365 -11.470247491753334 -4.879103899992422 -2.365902309540928 5.764694649438746 -1.2649743949296695 0.6360226746196997 -7.645481842968185 -5.17851196146005 -11.460124065106882 -9.791522176272391 -2.735502042466049 -7.876676836515892 -6.127926869367499 -10.552008850377419 -8.974333441880269 -1.6962025325477725 -11.64483547521149 -7.839208691445485 -9.914965017642956 -13.645631059804051 -13.007429722315178 -13.924981830036439 -10.192774286121171
1.442885771543086 -6.180253176445305 -10.395531985671003 -8.783402510228466 -9.216890983085992 -11.887876985152737 -11.316399437261175 -4.499567738710662 -1.8721140007106027 6.465505940793947 -0.8812990694092444 1.0191293799700998 -7.348243356544118 -4.816340548946577 -11.289239248022326 -9.574102154836137 -2.258896795096661 -7.5924359051518815 -5.78897317333583 -10.361418385519361 -8.726125185276086 -1.2077964529790464 -11.49975166906371 -7.5674892682919115 -9.709679516702625 -13.606310737797214 -12.926703367857273 -13.914465433273227 -10.023070254840398
1.503006012024048 -5.844057687077928 -10.198437081602929 -8.53012629261233 -9.002100913092637 -11.750842827814179 -11.154964672573495 -4.109461388169652 -1.3660553493312653 7.1779784232064765 -0.4904150106332845 1.4107180568092628 -7.041313364255324 -4.444386873261944 -11.110632404288314 -9.3489251662347 -1.770266747447018 -7.2991040080497145 -5.440134409994801 -10.162773168434445 -8.469059710781863 -0.7070497192063918 -11.347338704187937 -7.287218437552134 -9.496679000622912 -13.561351570227982 -12.839617482644472 -13.898883019281596 -9.846831941568048
1.56312625250501 -5.49748886212269 -9.992961641439724 -8.267682262737033 -8.779471333291244 -11.606384494953765 -10.985676175793149 -3.708018156208804 -0.8466901417220993 7.90346232033247 -0.09141115240062403 1.8117629398256843 -6.724105906985625 -4.0619455037899 -10.924004342353506 -9.115618909647935 -1.2686254321453494 -6.9961473688490345 -5.080731973290202 -9.955728725715716 -8.202664346581106 -0.19294545636675764 -11.187356489120805 -6.997865558925458 -9.275597708052068 -13.510737140313063 -12.746067686107574 -13.878281099563539 -9.663757472201535
1.6232464929859718 -5.1402449295832575 -9.7789872835631 -7.995883069043401 -8.54885417065761 -11.454457673056275 -10.80845783843241 -3.2948694462592796 -0.31348417638056936 8.64260733914097 0.31618475820172565 2.2228009977583842 -6.396356873872773 -3.6686958030684953 -10.729262977729299 -8.874064149506246 -0.7534733003376924 -6.683345009580248 -4.71044858870485 -9.740165430001309 -7.926743960366576 0.33503620943259094 -11.019748839610735 -6.6992011493226045 -9.046310085708953 -13.454538955654874 -12.646074833793682 -13.852768252788168 -9.473756661990311
1.6833667334669338 -4.771901011216908 -9.556302770084457 -7.714436493390764 -8.310008267182578 -11.294938510181893 -10.623148320390996 -2.8695113718497565 0.2342585356326945 9.396262604210946 0.7329472687192156 2.6444739631434513 -6.057684400928232 -3.2641886432635165 -10.526227855837053 -8.624046599847699 -0.22415363871821403 -6.360364324955065 -4.328841213469179 -9.51587053889769 -7.640997313989786 0.8775757628052716 -10.844377450728793 -6.390886510614315 -8.808596253254137 -13.392770893945974 -12.539592260917159 -13.82240243352278 -9.27665704393453
