web/models/kne/42/mosfit_kn_0.007937_0.2023_0.5000.dat
# %ECSV 1.0
# ---
# datatype:
# - {name: time, datatype: float64}
# - {name: PS1_g, datatype: float64}
# - {name: PS1_i, datatype: float64}
# - {name: PS1_r, datatype: float64}
# - {name: PS1_w, datatype: float64}
# - {name: PS1_y, datatype: float64}
# - {name: PS1_z, datatype: float64}
# - {name: swift_uvot_B, datatype: float64}
# - {name: swift_uvot_U, datatype: float64}
# - {name: swift_uvot_uvm2, datatype: float64}
# - {name: swift_uvot_uvw1, datatype: float64}
# - {name: swift_uvot_uvw2, datatype: float64}
# - {name: swift_uvot_V, datatype: float64}
# - {name: johnson_B, datatype: float64}
# - {name: johnson_I, datatype: float64}
# - {name: johnson_R, datatype: float64}
# - {name: johnson_U, datatype: float64}
# - {name: johnson_V, datatype: float64}
# - {name: sdss_g, datatype: float64}
# - {name: sdss_i, datatype: float64}
# - {name: sdss_r, datatype: float64}
# - {name: sdss_u, datatype: float64}
# - {name: sdss_z, datatype: float64}
# - {name: ATLAS_c, datatype: float64}
# - {name: ATLAS_o, datatype: float64}
# - {name: ukirt_H, datatype: float64}
# - {name: ukirt_J, datatype: float64}
# - {name: ukirt_K, datatype: float64}
# - {name: Clear, datatype: float64}
# meta: !!omap
# - comment: [kappa = 0.5, type = rprocess, mass = 0.00793700525986525, velocity = 0.20233333333333337, theta_obs = 0.0, tfloor = 1000.0]
# schema: astropy-2.0
time PS1_g PS1_i PS1_r PS1_w PS1_y PS1_z swift_uvot_B swift_uvot_U swift_uvot_uvm2 swift_uvot_uvw1 swift_uvot_uvw2 swift_uvot_V johnson_B johnson_I johnson_R johnson_U johnson_V sdss_g sdss_i sdss_r sdss_u sdss_z ATLAS_c ATLAS_o ukirt_H ukirt_J ukirt_K Clear
[from data line 28]
1.7434869739478958 -11.315967480435223 -13.347098182891752 -12.61502123208082 -12.58849454125265 -13.918036350819953 -13.715376391534626 -10.447091832440815 -9.60285533845692 -4.886127033821899 -7.625090022498355 -5.654592926213681 -11.972466453249943 -10.553578048675497 -13.964718618306648 -13.04243537330737 -9.713842356525586 -12.057919345623558 -11.120964307869894 -13.337291657547485 -12.602242013197102 -8.828465338765792 -13.776459047362959 -11.906711491961737 -12.983612297507996 -14.272267004703421 -14.215250334291374 -14.155439284280094 -12.860545355279775
1.8036072144288577 -10.980711880554619 -13.15056722271672 -12.362996671900124 -12.354913675395096 -13.778208890467454 -13.553189241410966 -10.062701826119184 -9.106978420125778 -4.141334108948008 -7.119886980212495 -5.144650341411946 -11.673132979147127 -10.178552489800893 -13.784802249501784 -12.80940456107085 -9.236032549820827 -11.765840619874586 -10.773409513698482 -13.139244533531524 -12.348267317007906 -8.341597043356792 -13.6209720296943 -11.616560063503023 -12.762461081351635 -14.213156566177679 -14.11945900217919 -14.120882298843645 -12.65604325941748
1.8637274549098195 -10.639260942968605 -12.948829417703873 -12.105271482602014 -12.117616555573516 -13.63391925152797 -13.386195038920334 -9.671383230762498 -8.603208072707567 -3.389260797967782 -6.619919160558982 -4.64448241386798 -11.3673241751098 -9.797174808204531 -13.599942055222051 -12.571326355175938 -8.750327846105794 -11.467694608816162 -10.419546077965354 -12.9359726786406 -12.08845577423844 -7.8465603816163565 -13.46087057559025 -11.321387313971538 -12.53648556857252 -14.151148814286676 -14.020032542464891 -14.083979281132793 -12.44882616701485
1.9238476953907815 -10.293587511760958 -12.743215913133596 -11.843444296268153 -11.878042145956229 -13.48621544377096 -13.215553690979611 -9.275340781972059 -8.094237576940557 -2.633788640002062 -6.127501950993111 -4.15532253082047 -11.056856505275238 -9.411622382793826 -13.411388891414965 -12.32972701205518 -8.259349551730264 -11.16527504132902 -10.061403433234979 -12.728814963134631 -11.824413899895507 -7.34601726885133 -13.297285114788462 -11.022946901351158 -12.307143108369374 -14.0868885380417 -13.917798303814093 -14.045258217611883 -12.240171966661748
1.9839679358717435 -9.945502267605928 -12.534957428610216 -11.578989418757981 -11.637484718707807 -13.336065884661625 -13.042338220006737 -8.876602927563397 -7.582541315276554 -1.8784455762440926 -5.64435998260409 -3.6778692968912483 -10.743408923229254 -9.023891102789307 -13.220298431506532 -12.086007869016441 -7.765509939706458 -10.860235267088266 -9.700844096729906 -12.519009254690854 -11.557625210694997 -6.842420466602377 -13.131259767134047 -10.722834485806452 -12.075768606988202 -14.020959492034953 -13.813515118978914 -14.00518955619354 -12.031215306796685
2.0440881763527052 -9.596601939424687 -12.325149162824758 -11.313214451320679 -11.397062389269692 -13.18433294247777 -12.867504698786956 -8.476962532976604 -7.070301791344988 -1.1263057072837972 -5.171656666507793 -3.212383173750982 -10.428473481859204 -8.635738155084333 -13.027698629705348 -11.84140624488964 -7.270940708614077 -10.554040415415498 -9.339510284268968 -12.307657094134576 -11.289407273362517 -6.337940301509217 -12.96372348994284 -10.422444663719368 -11.84353787699747 -13.953872350224986 -13.707854589580124 -13.964178610206782 -11.82292304416288
2.1042084168336674 -9.248341496961956 -12.114797535541388 -11.047316812359913 -11.157776583707442 -13.031810528366172 -12.691933299709799 -8.07805679789083 -6.559509577403997 -0.3801351563822868 -4.710192557508375 -2.7589170906439473 -10.113419543370458 -8.248760905975509 -12.834533801046597 -11.5970491478421 -6.777589058437201 -10.24803072258212 -8.978898249537686 -12.095770681549869 -11.02096833504488 -5.834561905132105 -12.795530179647798 -10.123037453602777 -11.611520001579017 -13.886091044968081 -13.601432405887637 -13.922588578587598 -11.616150755853614
2.164328657314629 -8.901894466202638 -11.904726031254462 -10.782270906583946 -10.920414470301392 -12.87915019908068 -12.516346157958598 -7.681209375645955 -6.05176772561224 0.357879370793019 -4.260321585954028 -2.317241294208386 -9.799363439270323 -7.864244130852786 -12.6415765610646 -11.3538486873063 -6.287027317909885 -9.943294939481929 -8.6202143923507 -11.884178182665597 -10.753293317640402 -5.333890894178968 -12.627379341026472 -9.825617719269939 -11.380577617975884 -13.817990562518466 -13.494751527688889 -13.880708360269319 -11.411558373998485
2.224448897795591 -8.5580304808264 -11.69549182578546 -10.518728696506852 -10.685465119282025 -12.726795495743453 -12.341234416283662 -7.28729160483197 -5.548119903341302 1.0863620920609103 -3.82188813659706 -1.8867704527842508 -9.487053090696282 -7.48302694647132 -12.449349918643328 -11.112411028369255 -5.800285457035798 -9.640559069197588 -8.264249143559717 -11.673439891343111 -10.487043110791774 -4.836982047846998 -12.459745854000737 -9.530830694337222 -11.15128012259456 -13.749819940979664 -13.388151906172483 -13.838724859142014 -11.209538819150175
2.284569138276553 -8.21765604843403 -11.487744553668957 -10.257451724590663 -10.45351811010967 -12.57526461100209 -12.167171179835865 -6.897329538489983 -5.0498046111704475 1.803685445197531 -3.3949548845355966 -1.467257933610767 -9.17736450539157 -7.106094394124391 -12.258463446143725 -10.873440197030757 -5.318582086735503 -9.340671051514951 -7.911933964961992 -11.464209012727107 -10.2229898525799 -4.345083336959661 -12.293183261221259 -9.239439318783909 -10.924291573016305 -13.681874247334063 -13.282032823564654 -13.796860900004864 -11.010574192098872
2.344689378757515 -7.881004739428796 -11.281685315066863 -9.998661590097289 -10.224675699271 -12.424723608435642 -11.994338885585307 -6.51159289060213 -4.557123792445985 2.509544448821061 -2.978845109642893 -1.0578279820187784 -8.87055340918015 -6.733693648298015 -12.069106624159922 -10.637134548925939 -4.842226559563915 -9.043872778308176 -7.563507260968674 -11.256687655528026 -9.961361582248927 -3.858517003469739 -12.127866535628016 -8.95161517970461 -10.699791739252227 -13.614238652566948 -13.176518824732815 -13.755172857278717 -10.814715623166862
2.4048096192384767 -7.548232874259586 -11.07746228912891 -9.742516250553113 -9.998990079787102 -12.275297933065996 -11.822874331332844 -6.130264064117724 -4.070273769141366 3.2037854647484183 -2.5729014156084413 -0.6576976396661425 -8.56680274096152 -6.365985957445378 -11.881419492639502 -10.403631976279677 -4.37142463667427 -8.75033456315247 -7.219127958318978 -11.051024675935377 -9.702322194248474 -3.3774997083794567 -11.96392641847206 -8.66746352663391 -10.477903429770716 -13.546976950017056 -13.071704261537194 -13.713701293733498 -10.621973118055532
2.464929859719439 -7.219340052641421 -10.875117104487142 -9.489046024253192 -9.776406162716675 -12.127029777786618 -11.6528215786545 -5.753348555238907 -3.589233823914668 3.8865574377896346 -2.176390849594742 -0.26606263611732883 -8.26614860819084 -6.002960532927734 -11.69544242624178 -10.172951169516768 -3.9061703009607496 -8.460083630337179 -6.878793663301721 -10.847261761198652 -9.445906717224002 -2.902032055385426 -11.801403984705612 -8.38695434343716 -10.258636092525393 -13.48010596174891 -12.967619850984187 -13.672450915782173 -10.432265266765324
2.5250501002004007 -6.894184855247438 -10.674594775508037 -9.238165927737647 -9.556773497549607 -11.979885591266033 -11.484140380220165 -5.3806924211584315 -3.1137877001800796 4.558277328278241 -1.7885207036052004 0.11790359983714938 -7.968494143013268 -5.6444524142519406 -11.511125453382071 -9.945003935161242 -3.4462665711281137 -8.173018200108507 -6.542356846756068 -10.645343434616539 -9.19203359333359 -2.4319195593243492 -11.640258951199556 -8.109936799327606 -10.041897538253295 -13.413600026939497 -12.864238494684129 -13.631394336185048 -10.245430196783634
2.5851703406813624 -6.572527544148166 -10.475771920312358 -8.989709831590886 -9.339877244590316 -11.833778054111779 -11.31673063175711 -5.012030237357222 -2.643582928247401 5.219544546488668 -1.4084809341115618 0.4950205314995739 -7.673648628212704 -5.290189614772295 -11.328354678547765 -9.71962752033986 -2.991383097884104 -7.888945963705571 -6.209568832426466 -10.445145441875496 -8.9405390352165 -1.9668311982197828 -11.48039343041603 -7.836176980939822 -9.827524825569824 -13.34740396832533 -12.761492337362233 -13.590482373525743 -10.061253053281103
2.6452905811623246 -6.253926873473752 -10.278387275191765 -8.743347449349468 -9.125364088651882 -11.688510998050692 -11.150371430743817 -4.646868819660145 -2.177986161278316 5.871334350942107 -1.0353161381535965 0.8662372573233381 -7.381231347600743 -4.939681584906722 -11.14688727927635 -9.496508744483016 -2.540915812003146 -7.607491459875779 -5.879973539159948 -10.24640489585222 -8.69109304775078 -1.5061560561553655 -11.321593231885654 -7.565268339066602 -9.61521121661935 -13.281400177162046 -12.65922970092239 -13.549618301878857 -9.879401163138049
2.7054108216432864 -5.9383752176336735 -10.082468019339892 -8.499095116671906 -8.913197260174428 -11.544115746480852 -10.985093845507432 -4.285202679234398 -1.7169715246937398 6.513788705151435 -0.6686415859968515 1.2319254792123826 -7.091261760448735 -4.592909473023251 -10.966750365976445 -9.275654780106965 -2.0948493144805735 -7.328667394622614 -5.553561555403146 -10.04914894329442 -8.44371552941574 -1.0498833255660855 -11.1638875982195 -7.297184416549758 -9.40495821254629 -13.215607973769641 -12.557477110957718 -13.508813801560889 -9.699822470192672
2.7655310621242486 -5.625354448390194 -9.88769623625883 -8.256556837691669 -8.702978632060514 -11.400350965986679 -10.820626782122407 -3.9264506597427404 -1.259799741991756 7.148013157866495 -0.30754894984115166 1.5929730437063196 -6.803282506939124 -4.249300509956505 -10.787648214357183 -9.056693965833269 -1.6524748703084424 -7.052025888392348 -5.229797850307083 -9.853057758479729 -8.198009397484576 -0.597294124631027 -11.00701447286811 -7.031456835073762 -9.196403898329528 -13.149886287696136 -12.456049200254176 -13.467956016819132 -9.522151169936244
2.8256513026052104 -5.314542992619256 -9.693883523097426 -8.015492885111168 -8.494455532034824 -11.25707717447261 -10.656812011404213 -3.5702523988523813 -0.8060071178011972 7.774730411632313 0.04859173657894944 1.949988462821445 -6.5170163794115625 -3.9084964205844703 -10.609406318035496 -8.839399891487016 -1.2133504753847935 -6.777294471129822 -4.908349924691429 -9.657941758495436 -7.953735109442839 -0.1479411627298255 -10.850821030490891 -6.767790673539178 -8.989326169664018 -13.084155802909121 -12.354840564022103 -13.426981394244615 -9.346151653355648
2.885771543086172 -5.0056433151994995 -9.500855492934814 -7.775681317126626 -8.287396157022098 -11.114165563655991 -10.493503177984387 -3.2162741328078246 -0.3551642076062753 8.394610575907887 0.40034021849097146 2.3035093068571446 -6.2322064210784704 -3.5701658384386765 -10.431863296224979 -8.623563554505413 -0.7770667136389274 -6.504221133836052 -4.588910137838287 -9.463625471533224 -7.710670797936263 0.29859008472071125 -10.695166157828009 -6.505913892696569 -8.783519900100849 -13.018344476174589 -12.253754506029269 -13.385832809282688 -9.17160882656546
2.9458917835671343 -4.698381763514146 -9.30845187856157 -7.536918020360304 -8.081588883997224 -10.971498067490675 -10.330565902724924 -2.8642086051023083 0.09312442622347228 9.00827253331284 0.7481939263544217 2.654010929384022 -5.948616037292099 -3.2340040720424175 -10.254870974613183 -8.408993273722427 -0.34324660630798964 -6.232574340562224 -4.2711955405294155 -9.269947641115 -7.468612352387964 0.7426814681757676 -10.539920518934291 -6.2455769281844375 -8.578796809016822 -12.952387341051688 -12.15270297570134 -13.344459267800344 -8.998327166013969
3.006012024048096 -4.39251822042749 -9.116533236139137 -7.299024638534117 -7.876848632827098 -10.82897266148505 -10.167883673319036 -2.5137860216454753 0.5392067117943535 9.616266970592712 1.0925836509145985 3.0019024744627 -5.666038239678362 -2.899743463945907 -10.078300639440442 -8.195521801788523 0.08844120914331521 -5.962151830642417 -3.9549578074550062 -9.076767964994978 -7.227381477929207 1.1846686412459206 -10.384972192906758 -5.986560806362871 -8.374992272201371 -12.88622944352875 -12.05161059592882 -13.302818063706441 -8.82613594532394
3.066132264529058 -4.087840720111142 -8.924977511360286 -7.061844377622872 -7.6730125791654125 -10.686500662840803 -10.005354864296176 -2.1647680464843075 0.9833906158345054 10.219087585707488 1.4338849533734792 3.3475384333057225 -5.384290853283649 -2.56714745319011 -9.902039813634957 -7.983002327388509 0.5182897465857718 -5.6927758786360245 -3.639977685426583 -8.88396364138707 -6.9868214909731385 1.6248484224515103 -10.230223765984121 -5.7286722430163195 -8.171961462955064 -12.819824084810312 -11.950412483752773 -13.260873300780814 -8.654885218172463
3.12625250501002 -3.7841653885350546 -8.733680170763325 -6.825242080610945 -7.469939733243738 -10.54400685294068 -9.84289287974116 -1.8169477878414064 1.4259442353465348 10.817172165753274 1.7724226260611258 3.691223085319987 -5.1032166585785115 -2.236010406786186 -9.725992369301395 -7.771308398706005 0.9465537119817814 -5.42429332091556 -3.3260649248293284 -8.691429499387713 -6.746797429020308 2.0634787829881063 -10.07559243502028 -5.471743392389055 -7.969579273480338 -12.753132765914417 -11.849054284055212 -13.218595759577576 -8.48444521022703
3.186372745490982 -3.481318123714132 -8.542541980551714 -6.589089564525263 -7.267497644060885 -10.401419830166247 -9.680415466432795 -1.4701291818489992 1.867121487797956 11.410937222904135 2.108494378127919 4.033234399390238 -4.822666430908094 -1.9061377619979363 -9.550067097926195 -7.560320456585441 1.3734743954899176 -5.156559168238368 -3.0130394112486236 -8.49906571167967 -6.507181235007167 2.5008042440159883 -9.920999703182822 -5.215615842172738 -7.767727337760775 -12.686119402811682 -11.74748462512097 -13.175958339847165 -8.314694597751284
3.2464929859719436 -3.1792107880130693 -8.3515206236466 -6.353327149641039 -7.065616065208484 -10.258712878147556 -9.517890001912903 -1.1242129575846527 2.307055294553173 12.00063835515644 2.4422904035800035 4.373742048821466 -4.542570369855501 -1.577428070279922 -9.37422594027278 -7.349981617855222 1.7991759837238308 -4.8895050635849 -2.7008096029108053 -8.306829681165802 -6.267914087962154 2.936949832592699 -9.766414877932537 -4.960206294602045 -7.566347818179775 -12.618774317881714 -11.645686831598281 -13.132954587846973 -8.14556676986049
3.306613226452906 -2.8777050739606302 -8.16053885647026 -6.117853979029952 -6.864190323806998 -10.115831322491164 -9.355252995448211 -0.7790431385293772 2.7459484402001166 12.586621866547883 2.7740449634860913 4.712961241349035 -4.262810898832606 -1.2497261080518778 -9.198398148977855 -7.14019785367545 2.2238507539108165 -4.623017077080502 -2.3892323655666736 -8.114643712208576 -6.028895373107979 3.3721103592069923 -9.611777665564105 -4.705388797875241 -7.365347202468406 -12.551071383845754 -11.543622452791292 -13.089565436096356 -7.976966019506353
3.3667334669338675 -2.576707285165476 -7.969548627845917 -5.8826045012955674 -6.663148279014006 -9.972743281446554 -9.192466324235173 -0.43451395287426137 3.183940717109426 13.169150207489203 3.103934352974012 5.05104894382178 -3.9833114064491797 -0.9229250388124515 -9.02254020934863 -6.93090745948344 2.6476301218176945 -4.3570208521995974 -2.0782105510043003 -7.922459466146634 -5.79006013612597 3.8064185729646383 -9.457052214115418 -4.45107656625364 -7.164663265301439 -12.482997879001248 -11.441270676431932 -13.045782308309393 -7.808825408186628
