web/models/kne/42/mosfit_kn_0.500000_0.1867_3.6500.dat
# %ECSV 1.0
# ---
# datatype:
# - {name: time, datatype: float64}
# - {name: PS1_g, datatype: float64}
# - {name: PS1_i, datatype: float64}
# - {name: PS1_r, datatype: float64}
# - {name: PS1_w, datatype: float64}
# - {name: PS1_y, datatype: float64}
# - {name: PS1_z, datatype: float64}
# - {name: swift_uvot_B, datatype: float64}
# - {name: swift_uvot_U, datatype: float64}
# - {name: swift_uvot_uvm2, datatype: float64}
# - {name: swift_uvot_uvw1, datatype: float64}
# - {name: swift_uvot_uvw2, datatype: float64}
# - {name: swift_uvot_V, datatype: float64}
# - {name: johnson_B, datatype: float64}
# - {name: johnson_I, datatype: float64}
# - {name: johnson_R, datatype: float64}
# - {name: johnson_U, datatype: float64}
# - {name: johnson_V, datatype: float64}
# - {name: sdss_g, datatype: float64}
# - {name: sdss_i, datatype: float64}
# - {name: sdss_r, datatype: float64}
# - {name: sdss_u, datatype: float64}
# - {name: sdss_z, datatype: float64}
# - {name: ATLAS_c, datatype: float64}
# - {name: ATLAS_o, datatype: float64}
# - {name: ukirt_H, datatype: float64}
# - {name: ukirt_J, datatype: float64}
# - {name: ukirt_K, datatype: float64}
# - {name: Clear, datatype: float64}
# meta: !!omap
# - comment: [kappa = 3.65, type = rprocess, mass = 0.5000000000045836, velocity = 0.1866666666666667, theta_obs = 0.0, tfloor = 1000.0]
# schema: astropy-2.0
time PS1_g PS1_i PS1_r PS1_w PS1_y PS1_z swift_uvot_B swift_uvot_U swift_uvot_uvm2 swift_uvot_uvw1 swift_uvot_uvw2 swift_uvot_V johnson_B johnson_I johnson_R johnson_U johnson_V sdss_g sdss_i sdss_r sdss_u sdss_z ATLAS_c ATLAS_o ukirt_H ukirt_J ukirt_K Clear
[from data line 254]
15.33066132264529 -24.14350038773886 -23.56428136192502 -23.839900476450726 -23.92280627038227 -23.156513239666214 -23.331379863944353 -24.127640862038177 -25.429967313220185 -26.09697628567009 -25.919476145399045 -26.0087205349738 -24.00399482388747 -24.13580976309524 -23.90125541377068 -23.99091798728116 -25.152305315536225 -24.00965319695741 -24.177529427485265 -23.58079094338585 -23.842191770056438 -24.400540440362448 -23.291564405250824 -24.052574930937727 -23.74800501135068 -22.1843136707041 -22.73022423335485 -21.66514720277952 -23.84193007932769
15.390781563126252 -24.173817810752 -23.590053360005587 -23.867359626614437 -23.951337397279335 -23.18069684943067 -23.356168821723013 -24.15930867784888 -25.46555956224058 -26.144032399198686 -25.96323549515672 -26.059590879150022 -24.032716109087293 -24.167411125030224 -23.92658459141388 -24.018002470375983 -25.187103592554287 -24.038315340867978 -24.20824144576118 -23.606605042471784 -23.86964501392031 -24.435509176624528 -23.316208884430694 -24.081982468322387 -23.774842613926577 -22.20634399420955 -22.75325217729204 -21.686491671948836 -23.870227860752333
15.450901803607215 -24.20399377211588 -23.61573536832692 -23.894709770555878 -23.979750322099296 -23.20480803454684 -23.380878702759365 -24.190818826947577 -25.50094865284965 -26.190760052415815 -26.006714255714503 -26.110102291133742 -24.061313625557858 -24.198855860503986 -23.95182876237388 -24.044982415962377 -25.221707679763245 -24.066854601755644 -24.23880741030743 -23.63232867684932 -23.896989230787202 -24.470281474691173 -23.340775926333137 -24.111259850161453 -23.801578675017208 -22.228324788916606 -22.776220177307476 -21.7077935717136 -23.898411416915373
15.511022044088175 -24.234028562251826 -23.641327366442777 -23.921951007038782 -24.00804511108957 -23.22884666631527 -23.40550941904663 -24.2221717142617 -25.53613524188746 -26.237160266025587 -26.049913004445813 -26.160255472192148 -24.089787575138477 -24.23014435968778 -23.97698787377306 -24.07185788809021 -25.256118194301617 -24.095271169588376 -24.26922764028843 -23.657961829164353 -23.924224522181685 -24.504857972064418 -23.365265431528286 -24.140407272546742 -23.82821323392438 -22.250255798861907 -22.799128031553977 -21.729052613962164 -23.926480750969787
15.571142284569138 -24.26392332155375 -23.66683000615561 -23.949084172745874 -24.03622261298125 -23.25281322660704 -23.430061516639764 -24.25336864724522 -25.571121043961504 -26.2832355806639 -26.092833710319105 -26.210052807673566 -24.118138946522222 -24.26127791293615 -24.002062527819856 -24.098629674341574 -25.290336779337103 -24.12356601907692 -24.299503320300904 -23.6835051559442 -23.951351727234833 -24.539240338804884 -23.389677929081376 -24.16942574666768 -23.854747044047908 -22.27213729494769 -22.821976103893267 -21.7502690106777 -23.954436640578916
15.631262525050099 -24.293681463754417 -23.692245752654397 -23.9761120882301 -24.064285772838474 -23.276709850148816 -23.454537255635675 -24.284413342650623 -25.605910581299227 -26.328992520331894 -26.135481997800998 -26.2595010729876 -24.146370839359694 -24.2922602135638 -24.027055095428935 -24.125300508618494 -25.324367804636918 -24.15174223020411 -24.32963794817839 -23.708961131350872 -23.97837366822909 -24.573432988534716 -23.414015647560102 -24.19831846614656 -23.881182780433612 -22.29397098276729 -22.84476629410925 -21.771444338776003 -23.982281937886754
15.691382765531062 -24.323303843255832 -23.71757503850363 -24.003035345625428 -24.092235185002746 -23.30053682357624 -23.478936977691323 -24.315306801366543 -25.640505207418975 -26.374433124493727 -26.17785938731492 -26.308602128864894 -24.174483978334173 -24.3230922469048 -24.05196596634956 -24.15187094001998 -25.35821256260884 -24.179800514984887 -24.359632416752675 -23.734330192030466 -24.005290939653108 -24.607437237698537 -23.438278913909762 -24.22708617117074 -23.907520962097486 -22.31575697007139 -22.867498788224676 -21.79257865699936 -24.010017172173637
15.751503006012024 -24.352790450963333 -23.742817603964088 -24.029853780924224 -24.12007064898896 -23.32429380154066 -23.503260369467167 -24.346049109931595 -25.67490521564066 -26.41955795298799 -26.219966041620495 -26.357356223743555 -24.20247828419057 -24.35377408660678 -24.076794854851286 -24.178340775796922 -25.39187131471894 -24.207740783852692 -24.38948674055789 -23.759612080726882 -24.032103380024115 -24.641253365335345 -23.462467405594847 -24.255728773087046 -23.933761375655056 -22.337494814542392 -22.89017318425106 -21.813671500097197 -24.03764208740098
15.811623246492985 -24.382142479593227 -23.767974147018816 -24.05656827820513 -24.147793073054036 -23.34798131137788 -23.52750802271533 -24.3766416287565 -25.709112385236583 -26.46436968137531 -26.261804065368448 -26.40576594356528 -24.230354793050576 -24.384307076918738 -24.101542409269562 -24.204710851453967 -25.42534576512032 -24.23556405967378 -24.419202157124253 -23.78480750015589 -24.058811875534527 -24.674883102122287 -23.486581697485196 -24.284247337066596 -23.959904822961438 -22.359184830940656 -22.912789890944083 -21.834723122890814 -24.065157525099288
15.871743486973948 -24.411362629787696 -23.79304657725486 -24.083181042955157 -24.175404760813084 -23.371600988546923 -23.55168167676446 -24.407087313418085 -25.743130347305403 -26.508873599450386 -26.3033779697588 -26.453836758109425 -24.25811594408198 -24.414694153317104 -24.126210460777184 -24.2309832998376 -25.458639417436856 -24.26327276480817 -24.448781437577516 -23.809918367372074 -24.085418633277378 -24.708329989002564 -23.510623502676697 -24.31264437810853 -23.985953387426253 -22.38082830119106 -22.935350349706827 -21.855734702162565 -24.092565708748204
15.931863727454909 -24.440452304972666 -23.81803576982911 -24.109693148429265 -24.20290682327515 -23.395153526336898 -23.57578209359218 -24.437387744184928 -25.776961132505463 -26.55307274554087 -26.34469020342193 -26.50157167574982 -24.285762971003805 -24.44493687996394 -24.150799831847227 -24.257159143392048 -25.491754220163234 -24.29086811970812 -24.478226033065393 -23.834945562554513 -24.111924728405878 -24.741596001886137 -23.53459356533312 -24.340921166974532 -24.01190805646941 -22.402425690220046 -22.957855126965416 -21.876706637540956 -24.119867683396894
15.991983967935871 -24.469411724173007 -23.842941647882974 -24.13610462932885 -24.230299279064766 -23.418638747749778 -23.59980913371281 -24.467543248060608 -25.81060531959233 -26.59696813108264 -26.385741352676373 -26.548971491056047 -24.31329600430618 -24.475035571244405 -24.175310415713184 -24.28323838528347 -25.52469070988921 -24.318350244696237 -24.507536190238888 -23.85988901170256 -24.138330197791298 -24.7746816960821 -23.558491735606886 -24.369077836703745 -24.037768810951405 -22.423976703757265 -22.98030397845329 -21.897638604889075 -24.147063414041003
16.052104208416832 -24.49824171208597 -23.867764619283083 -24.162416049769337 -24.257582707495295 -23.442056918461684 -23.623763116340832 -24.497554793238454 -25.844064234116804 -26.64056183248674 -26.426532984066053 -26.596038180565834 -24.340715737043823 -24.50499118122963 -24.199742578656533 -24.309221548376005 -25.557450148310885 -24.34571982129174 -24.53671277191491 -23.884749126651244 -24.16463560747861 -24.807588356358377 -23.58231831856841 -24.397115102576148 -24.06353614507685 -22.44548143289458 -23.00269707191468 -21.91853064701094 -24.17415342136632
16.112224448897795 -24.5269444580717 -23.892506194171172 -24.188629173403857 -24.284758953434995 -23.465409314678976 -23.647645406210103 -24.527424789632832 -25.877340870334713 -26.683858270886244 -26.467068827233575 -26.642776306772745 -24.36802413401158 -24.534806102276242 -24.224097763747398 -24.335110333798415 -25.590035419484558 -24.372978799646866 -24.56575802827487 -23.90952742393349 -24.19084272258525 -24.84031889933714 -23.606074656524463 -24.42503499327998 -24.08921171737001 -22.466940854080498 -23.025035518639836 -21.939383651857277 -24.201139479986207
16.172344689378757 -24.55552179466265 -23.91716760042037 -24.214745453741777 -24.31182953610925 -23.488696956652593 -23.67145710206481 -24.557155267936317 -25.910437780166422 -26.72686124872659 -26.50735204834378 -26.689189763445288 -24.39522282883039 -24.564482348808582 -24.248377139152463 -24.360906138879496 -25.62244897763562 -24.400128799866195 -24.59467384621311 -23.934225137113803 -24.2169529981188 -24.872875808892907 -23.629761828218392 -24.45283919616502 -24.114796886772307 -22.488355723334777 -23.04732019308993 -21.960198298163128 -24.228023043610385
16.23246492985972 -24.58397383241225 -23.941748674443684 -24.2407648298453 -24.338794381952145 -23.511919589350985 -23.695197983044594 -24.586746439242646 -25.943355412969034 -26.76957164162449 -26.54738311800985 -26.735279242751403 -24.422311848967972 -24.594020120440522 -24.272580513920012 -24.38660887375604 -25.65469123159301 -24.427169840175683 -24.623460362081655 -23.958842105223273 -24.242966375079966 -24.905259511268145 -23.653379603354345 -24.480527742464826 -24.14029154298616 -22.509725679576352 -23.06955077922714 -21.98097419813999 -24.254803989908407
16.29258517034068 -24.61230224043545 -23.966250514343184 -24.266688612577028 -24.365654863663195 -23.535078115505854 -23.718869025693934 -24.616200160351937 -25.976096120171004 -26.811992989877 -26.587164966949768 -26.781048372823765 -24.44929267541892 -24.62342125858362 -24.29670892991898 -24.412219796267387 -25.68676443995389 -24.454103388794564 -24.652119296461237 -23.983379431725975 -24.26888416575089 -24.937472293210803 -23.676928939654065 -24.508102163945047 -24.165696907616017 -22.53105137762533 -23.091728042868258 -22.001711934319573 -24.281483629566285
16.352705410821642 -24.640507867135657 -23.990673554753723 -24.29251739073143 -24.392411595577475 -23.558172829764334 -23.742470577342036 -24.645517420789773 -26.00866125188361 -26.85412744607874 -26.626699248845362 -26.826499269488288 -24.47616602332704 -24.6526867397461 -24.32076278098287 -24.437739455242752 -25.718669886952796 -24.480930150197683 -24.68065153563691 -24.00783755515251 -24.294706960525687 -24.969515461226628 -23.700410170675656 -24.53556320325932 -24.191013501875016 -22.55233293954578 -23.113852182149586 -22.022411580513147 -24.308062523302798
16.412825651302605 -24.668592435442118 -24.01501894280951 -24.318252525650532 -24.419066006401007 -23.58120468255896 -23.76600366274225 -24.674700131930642 -26.041053220216295 -26.89597864588777 -26.665988991000447 -26.871635686159635 -24.50293342480115 -24.68181846026573 -24.344743157715218 -24.4631691590092 -25.750409890101366 -24.507651643983777 -24.709058854410664 -24.0322176280279 -24.32043612202751 -25.00139136086382 -23.723824302296244 -24.562912446271277 -24.21624259793889 -22.573571065561616 -23.135924009508866 -22.043073763659407 -24.334542039502338
16.472945891783567 -24.69655651816918 -24.0392868916871 -24.343894364223964 -24.445618459325242 -23.60417376645902 -23.78946841974818 -24.703748991240044 -26.073273038793978 -26.93754829057751 -26.705035436626083 -26.91645926437412 -24.529595337495806 -24.710817105718203 -24.368650237942237 -24.488509219287764 -25.781985405671303 -24.534268318105813 -24.737341858808257 -24.056519866906942 -24.34607199870994 -25.033100968435793 -23.74717146041629 -24.59015037182393 -24.241384483136414 -22.594765701711555 -23.15794353508256 -22.063698389676475 -24.360922492061512
16.53306613226453 -24.724401385363848 -24.06347818318448 -24.36944386960814 -24.472069967356767 -23.627080697648708 -23.812865527001303 -24.732665430915752 -26.105322567334373 -26.978839263580316 -26.743840924777018 -26.960972952655936 -24.556152870533936 -24.739684094842115 -24.39248475563596 -24.51376055373836 -25.813398213164167 -24.560781270549544 -24.76550186319045 -24.080745058151738 -24.37161555503007 -25.064646088035794 -23.770452307678003 -24.617278131237548 -24.266440043986748 -22.615917255993732 -23.179911259686783 -22.08428580653505 -24.387204839525136
16.59318637274549 -24.752129090342407 -24.08759424277834 -24.394902700398653 -24.498422275502882 -23.649926687029517 -23.836196276550385 -24.761451707013624 -26.137204609894038 -27.019855756136128 -26.78240901018203 -27.00518114278488 -24.582607866659504 -24.768421668546154 -24.416248074884532 -24.538924764255896 -25.844651011689052 -24.587192331374116 -24.793540977214708 -24.104894633091707 -24.39706845059405 -25.09602944826968 -23.793668115730746 -24.644297632308163 -24.291410843925316 -22.637026663922978 -23.201828242979392 -22.10483686798749 -24.413390766903884
16.65330661322645 -24.779740620622075 -24.111635628619048 -24.420271573952714 -24.524676140517627 -23.67271214806083 -23.85946113633377 -24.79010895125387 -26.16892067677405 -27.060600173843547 -26.82074159951023 -27.04908627766889 -24.608961172305943 -24.797030946279776 -24.439940711897965 -24.564002527872415 -25.87574524079348 -24.613502336896943 -24.82146022760995 -24.12896915388229 -24.42243140403349 -25.127252510854223 -23.816819338469504 -24.671209756556465 -24.31629753231256 -22.658094158825804 -23.223694798215178 -22.125351756082146 -24.439480981021298
16.713426853707414 -24.807235993428964 -24.135602103160583 -24.445550346866014 -24.550831416784078 -23.695436760096467 -23.88265981667228 -24.81863727370681 -26.200471107981222 -27.1010733205479 -26.858839116949476 -27.09268905463285 -24.635212724739432 -24.825512028347546 -24.463562404318157 -24.58899367524942 -25.90668119973425 -24.639711216509617 -24.849259655770588 -24.152968385355305 -24.447704273458086 -25.158315590811053 -23.8399056777701 -24.698014449873522 -24.341099921614564 -22.6791193240221 -23.24551054957821 -22.145830029822463 -24.465475295067343
16.773547094188377 -24.83461683589608 -24.159494749298034 -24.470740303680678 -24.576889460169244 -23.718101421224222 -23.90579328544474 -24.847038478858476 -26.23185818673468 -27.141278685070795 -26.896704478201894 -27.13599312327306 -24.66136396870865 -24.853866705751017 -24.48711418201641 -24.61389944155264 -25.937461080183468 -24.665820403707507 -24.876940937942535 -24.176893415464225 -24.47288834439073 -25.189220905900793 -23.862928083890935 -24.724713211854077 -24.36581921344734 -22.70010282222701 -23.26727626552044 -22.16627228267709 -24.491375011234062
16.83366733466934 -24.86188485991642 -24.183314724376572 -24.49584280712262 -24.60285170925717 -23.740707100405345 -23.92886258277583 -24.87531445860449 -26.263084293052206 -27.181219888399845 -26.93434072744873 -27.1790022860027 -24.687416429676034 -24.882096856952728 -24.510597148359842 -24.63872113946386 -25.96808716847737 -24.691831412720738 -24.90450583599877 -24.200745406703295 -24.497984980462082 -25.2199707687687 -23.88588757904211 -24.75130762541575 -24.390456686540514 -22.721045381822012 -23.28899278266425 -22.186679171963913 -24.517181514835986
16.8937875751503 -24.889041344888376 -24.20706283401918 -24.520858838054327 -24.62871920251189 -23.763254443376436 -23.95186841469167 -24.9034666483849 -26.294151281938838 -27.22089983140416 -26.97175024582764 -27.221719564355084 -24.7133712286895 -24.910203905213887 -24.534012062939034 -24.663459706544277 -25.998561239666344 -24.717745354474957 -24.931955672343626 -24.224525169089617 -24.522995163520704 -25.250566977731204 -23.908784853940173 -24.77779885731456 -24.415013248960964 -22.741947446698735 -23.31066063519385 -22.20705108285294 -24.542895795551996
