web/models/kne.last_good/kappa_1_10/7/villar_0.0275_0.0770_10.0000.dat
# %ECSV 1.0
# ---
# datatype:
# - {name: time, datatype: float64}
# - {name: swift_uvot_uvw2, datatype: float64}
# - {name: swift_uvot_uvm2, datatype: float64}
# - {name: swift_uvot_uvw1, datatype: float64}
# - {name: swift_uvot_U, datatype: float64}
# - {name: swift_uvot_B, datatype: float64}
# - {name: swift_uvot_V, datatype: float64}
# - {name: swift_uvot_W, datatype: float64}
# - {name: johnson_U, datatype: float64}
# - {name: johnson_B, datatype: float64}
# - {name: johnson_V, datatype: float64}
# - {name: johnson_R, datatype: float64}
# - {name: johnson_I, datatype: float64}
# - {name: sdss_u, datatype: float64}
# - {name: sdss_g, datatype: float64}
# - {name: sdss_r, datatype: float64}
# - {name: sdss_i, datatype: float64}
# - {name: sdss_z, datatype: float64}
# - {name: PS1_g, datatype: float64}
# - {name: PS1_r, datatype: float64}
# - {name: PS1_i, datatype: float64}
# - {name: PS1_z, datatype: float64}
# - {name: PS1_Y, datatype: float64}
# - {name: PS1_w, datatype: float64}
# - {name: ATLAS_c, datatype: float64}
# - {name: ATLAS_o, datatype: float64}
# - {name: ukirt_J, datatype: float64}
# - {name: ukirt_H, datatype: float64}
# - {name: ukirt_K, datatype: float64}
# - {name: Clear, datatype: float64}
# meta: !!omap
# - comment: [kappa = 10.0, type = villar, mass = 0.027507471329904786, velocity = 0.07700000000000001, theta_obs = 0.0]
# schema: astropy-2.0
time swift_uvot_uvw2 swift_uvot_uvm2 swift_uvot_uvw1 swift_uvot_U swift_uvot_B swift_uvot_V swift_uvot_W johnson_U johnson_B johnson_V johnson_R johnson_I sdss_u sdss_g sdss_r sdss_i sdss_z PS1_g PS1_r PS1_i PS1_z PS1_Y PS1_w ATLAS_c ATLAS_o ukirt_J ukirt_H ukirt_K Clear
[from data line 78]
0.010217 -8.439 -8.301 -8.196 -7.859 -7.542 -7.189 -8.042 -7.813 -7.538 -7.178 -6.808 -6.374 -7.822 -7.43 -6.975 -6.634 -6.31 -7.418 -7.015 -6.686 -6.476 -6.486 -7.031 -7.252 -6.835 -5.656 -5.12 -4.498 -7.104
0.010526 -8.479 -8.344 -8.24 -7.907 -7.592 -7.24 -8.087 -7.861 -7.588 -7.23 -6.86 -6.427 -7.87 -7.48 -7.027 -6.686 -6.363 -7.467 -7.066 -6.737 -6.527 -6.535 -7.082 -7.303 -6.887 -5.71 -5.175 -4.553 -7.155
0.010845 -8.518 -8.387 -8.284 -7.955 -7.641 -7.291 -8.131 -7.909 -7.638 -7.28 -6.912 -6.48 -7.919 -7.53 -7.078 -6.739 -6.416 -7.517 -7.117 -6.789 -6.579 -6.584 -7.133 -7.354 -6.939 -5.764 -5.229 -4.607 -7.205
0.011173 -8.557 -8.429 -8.328 -8.003 -7.691 -7.342 -8.175 -7.957 -7.687 -7.331 -6.964 -6.532 -7.967 -7.58 -7.13 -6.791 -6.469 -7.567 -7.168 -6.84 -6.63 -6.633 -7.184 -7.404 -6.991 -5.817 -5.283 -4.662 -7.256
0.011511 -8.596 -8.471 -8.371 -8.05 -7.74 -7.392 -8.219 -8.005 -7.736 -7.382 -7.016 -6.585 -8.014 -7.63 -7.181 -6.843 -6.521 -7.616 -7.219 -6.892 -6.681 -6.682 -7.235 -7.455 -7.042 -5.871 -5.337 -4.716 -7.307
0.011859 -8.634 -8.513 -8.415 -8.098 -7.789 -7.443 -8.262 -8.053 -7.786 -7.433 -7.067 -6.637 -8.062 -7.679 -7.232 -6.895 -6.574 -7.666 -7.27 -6.943 -6.732 -6.731 -7.286 -7.505 -7.094 -5.924 -5.391 -4.771 -7.357
0.012217 -8.673 -8.554 -8.458 -8.145 -7.839 -7.494 -8.306 -8.101 -7.835 -7.483 -7.119 -6.69 -8.11 -7.729 -7.283 -6.947 -6.627 -7.715 -7.32 -6.994 -6.783 -6.78 -7.337 -7.555 -7.145 -5.978 -5.445 -4.825 -7.408
0.012587 -8.711 -8.596 -8.501 -8.192 -7.888 -7.544 -8.349 -8.148 -7.884 -7.534 -7.17 -6.742 -8.157 -7.779 -7.335 -6.999 -6.679 -7.765 -7.371 -7.045 -6.834 -6.829 -7.388 -7.605 -7.197 -6.031 -5.498 -4.879 -7.458
0.012968 -8.749 -8.637 -8.544 -8.239 -7.936 -7.594 -8.392 -8.195 -7.933 -7.584 -7.222 -6.795 -8.204 -7.828 -7.386 -7.051 -6.731 -7.814 -7.421 -7.096 -6.885 -6.878 -7.438 -7.656 -7.248 -6.084 -5.552 -4.933 -7.508
0.01336 -8.786 -8.678 -8.587 -8.286 -7.985 -7.645 -8.435 -8.242 -7.982 -7.635 -7.273 -6.847 -8.251 -7.877 -7.437 -7.103 -6.784 -7.863 -7.472 -7.147 -6.936 -6.927 -7.489 -7.705 -7.299 -6.138 -5.606 -4.987 -7.558
0.013764 -8.824 -8.719 -8.629 -8.333 -8.034 -7.695 -8.478 -8.29 -8.03 -7.685 -7.324 -6.899 -8.298 -7.926 -7.487 -7.154 -6.836 -7.912 -7.522 -7.198 -6.986 -6.976 -7.539 -7.755 -7.351 -6.191 -5.66 -5.042 -7.608
0.01418 -8.861 -8.759 -8.671 -8.379 -8.083 -7.745 -8.521 -8.336 -8.079 -7.735 -7.375 -6.951 -8.345 -7.976 -7.538 -7.206 -6.888 -7.961 -7.572 -7.249 -7.037 -7.025 -7.59 -7.805 -7.402 -6.244 -5.713 -5.096 -7.658
0.014609 -8.898 -8.8 -8.714 -8.426 -8.131 -7.795 -8.563 -8.383 -8.127 -7.785 -7.427 -7.003 -8.392 -8.025 -7.589 -7.258 -6.941 -8.01 -7.623 -7.3 -7.088 -7.073 -7.64 -7.855 -7.453 -6.297 -5.767 -5.15 -7.708
0.015051 -8.935 -8.84 -8.755 -8.472 -8.179 -7.845 -8.606 -8.43 -8.176 -7.835 -7.478 -7.055 -8.439 -8.073 -7.639 -7.309 -6.993 -8.058 -7.673 -7.351 -7.139 -7.122 -7.69 -7.904 -7.504 -6.35 -5.821 -5.204 -7.758
0.015506 -8.971 -8.88 -8.797 -8.518 -8.228 -7.895 -8.648 -8.476 -8.224 -7.885 -7.528 -7.107 -8.485 -8.122 -7.69 -7.361 -7.045 -8.107 -7.723 -7.401 -7.189 -7.171 -7.74 -7.954 -7.555 -6.403 -5.874 -5.258 -7.808
0.015975 -9.008 -8.92 -8.839 -8.564 -8.276 -7.945 -8.69 -8.523 -8.272 -7.934 -7.579 -7.159 -8.531 -8.171 -7.74 -7.412 -7.097 -8.155 -7.773 -7.452 -7.24 -7.22 -7.79 -8.003 -7.605 -6.456 -5.928 -5.312 -7.857
0.016458 -9.044 -8.959 -8.88 -8.61 -8.324 -7.994 -8.731 -8.569 -8.32 -7.984 -7.63 -7.211 -8.578 -8.219 -7.791 -7.463 -7.149 -8.204 -7.822 -7.503 -7.29 -7.269 -7.84 -8.052 -7.656 -6.509 -5.981 -5.366 -7.907
0.016956 -9.079 -8.998 -8.921 -8.656 -8.372 -8.044 -8.773 -8.615 -8.368 -8.034 -7.681 -7.262 -8.624 -8.268 -7.841 -7.514 -7.201 -8.252 -7.872 -7.553 -7.341 -7.317 -7.89 -8.102 -7.707 -6.562 -6.035 -5.419 -7.956
0.017469 -9.115 -9.037 -8.962 -8.701 -8.42 -8.093 -8.814 -8.661 -8.416 -8.083 -7.731 -7.314 -8.67 -8.316 -7.891 -7.566 -7.253 -8.3 -7.922 -7.604 -7.391 -7.366 -7.94 -8.151 -7.757 -6.615 -6.088 -5.473 -8.006
0.017997 -9.15 -9.076 -9.003 -8.747 -8.467 -8.143 -8.855 -8.707 -8.463 -8.133 -7.782 -7.366 -8.715 -8.365 -7.941 -7.617 -7.304 -8.349 -7.972 -7.654 -7.442 -7.415 -7.989 -8.2 -7.808 -6.667 -6.141 -5.527 -8.055
0.018541 -9.185 -9.115 -9.043 -8.792 -8.515 -8.192 -8.896 -8.753 -8.511 -8.182 -7.832 -7.417 -8.761 -8.413 -7.991 -7.668 -7.356 -8.397 -8.021 -7.704 -7.492 -7.463 -8.039 -8.249 -7.858 -6.72 -6.194 -5.581 -8.104
0.019102 -9.22 -9.153 -9.083 -8.837 -8.562 -8.241 -8.937 -8.798 -8.559 -8.231 -7.883 -7.469 -8.807 -8.461 -8.041 -7.719 -7.408 -8.444 -8.071 -7.755 -7.542 -7.512 -8.088 -8.297 -7.908 -6.773 -6.248 -5.635 -8.153
0.01968 -9.255 -9.191 -9.123 -8.882 -8.61 -8.29 -8.978 -8.844 -8.606 -8.28 -7.933 -7.52 -8.852 -8.509 -8.091 -7.769 -7.459 -8.492 -8.12 -7.805 -7.593 -7.561 -8.138 -8.346 -7.959 -6.826 -6.301 -5.688 -8.202
0.020275 -9.289 -9.229 -9.163 -8.927 -8.657 -8.339 -9.018 -8.889 -8.653 -8.329 -7.983 -7.572 -8.897 -8.556 -8.141 -7.82 -7.511 -8.54 -8.169 -7.855 -7.643 -7.609 -8.187 -8.395 -8.009 -6.878 -6.354 -5.742 -8.251
0.020888 -9.323 -9.266 -9.203 -8.972 -8.704 -8.388 -9.059 -8.934 -8.7 -8.378 -8.034 -7.623 -8.942 -8.604 -8.191 -7.871 -7.562 -8.588 -8.219 -7.905 -7.693 -7.658 -8.236 -8.443 -8.059 -6.931 -6.407 -5.795 -8.3
0.02152 -9.357 -9.304 -9.242 -9.016 -8.751 -8.437 -9.099 -8.979 -8.747 -8.427 -8.084 -7.674 -8.987 -8.652 -8.24 -7.922 -7.614 -8.635 -8.268 -7.955 -7.743 -7.706 -8.285 -8.492 -8.109 -6.983 -6.46 -5.849 -8.348
0.022171 -9.39 -9.341 -9.282 -9.061 -8.798 -8.486 -9.139 -9.024 -8.794 -8.476 -8.134 -7.725 -9.032 -8.699 -8.29 -7.972 -7.665 -8.683 -8.317 -8.005 -7.793 -7.755 -8.334 -8.54 -8.159 -7.036 -6.513 -5.903 -8.397
0.022841 -9.424 -9.378 -9.321 -9.105 -8.845 -8.534 -9.179 -9.069 -8.841 -8.525 -8.184 -7.776 -9.077 -8.747 -8.339 -8.023 -7.716 -8.73 -8.366 -8.055 -7.843 -7.804 -8.383 -8.588 -8.209 -7.088 -6.566 -5.956 -8.445
0.023532 -9.457 -9.414 -9.36 -9.149 -8.891 -8.583 -9.218 -9.113 -8.888 -8.573 -8.234 -7.827 -9.121 -8.794 -8.389 -8.073 -7.768 -8.777 -8.415 -8.105 -7.893 -7.852 -8.432 -8.636 -8.259 -7.14 -6.619 -6.01 -8.494
0.024244 -9.489 -9.451 -9.398 -9.193 -8.938 -8.631 -9.257 -9.158 -8.934 -8.622 -8.283 -7.878 -9.166 -8.841 -8.438 -8.124 -7.819 -8.824 -8.464 -8.155 -7.943 -7.901 -8.481 -8.684 -8.308 -7.193 -6.672 -6.063 -8.542
0.024977 -9.522 -9.487 -9.437 -9.237 -8.984 -8.68 -9.297 -9.202 -8.981 -8.67 -8.333 -7.929 -9.21 -8.888 -8.487 -8.174 -7.87 -8.871 -8.513 -8.205 -7.993 -7.949 -8.53 -8.732 -8.358 -7.245 -6.725 -6.117 -8.59
0.025733 -9.554 -9.523 -9.475 -9.281 -9.031 -8.728 -9.336 -9.246 -9.027 -8.718 -8.383 -7.98 -9.254 -8.935 -8.537 -8.224 -7.921 -8.918 -8.562 -8.254 -8.043 -7.998 -8.578 -8.78 -8.408 -7.297 -6.778 -6.17 -8.639
0.026511 -9.586 -9.558 -9.513 -9.324 -9.077 -8.776 -9.375 -9.29 -9.073 -8.766 -8.432 -8.031 -9.298 -8.982 -8.586 -8.274 -7.972 -8.965 -8.61 -8.304 -8.093 -8.046 -8.627 -8.828 -8.457 -7.349 -6.831 -6.223 -8.687
0.027313 -9.618 -9.594 -9.551 -9.368 -9.123 -8.824 -9.413 -9.334 -9.119 -8.815 -8.482 -8.082 -9.342 -9.029 -8.635 -8.324 -8.023 -9.012 -8.659 -8.353 -8.143 -8.094 -8.675 -8.875 -8.506 -7.401 -6.884 -6.277 -8.735
0.028139 -9.649 -9.629 -9.588 -9.411 -9.169 -8.872 -9.452 -9.377 -9.165 -8.863 -8.531 -8.133 -9.385 -9.075 -8.683 -8.374 -8.074 -9.058 -8.707 -8.403 -8.192 -8.143 -8.724 -8.923 -8.556 -7.454 -6.936 -6.33 -8.782
0.02899 -9.68 -9.664 -9.625 -9.454 -9.214 -8.92 -9.49 -9.421 -9.211 -8.911 -8.581 -8.183 -9.429 -9.122 -8.732 -8.424 -8.124 -9.105 -8.756 -8.452 -8.242 -8.191 -8.772 -8.97 -8.605 -7.506 -6.989 -6.383 -8.83
0.029867 -9.711 -9.698 -9.662 -9.497 -9.26 -8.968 -9.528 -9.464 -9.257 -8.958 -8.63 -8.234 -9.472 -9.168 -8.781 -8.474 -8.175 -9.151 -8.804 -8.502 -8.292 -8.24 -8.82 -9.018 -8.654 -7.558 -7.042 -6.436 -8.878
0.03077 -9.742 -9.732 -9.699 -9.539 -9.306 -9.016 -9.566 -9.507 -9.302 -9.006 -8.679 -8.284 -9.515 -9.215 -8.83 -8.524 -8.226 -9.198 -8.852 -8.551 -8.341 -8.288 -8.868 -9.065 -8.703 -7.609 -7.094 -6.49 -8.925
0.031701 -9.772 -9.766 -9.736 -9.582 -9.351 -9.063 -9.603 -9.551 -9.348 -9.054 -8.728 -8.335 -9.558 -9.261 -8.878 -8.574 -8.277 -9.244 -8.901 -8.6 -8.391 -8.336 -8.916 -9.112 -8.752 -7.661 -7.147 -6.543 -8.973
0.032659 -9.802 -9.8 -9.772 -9.624 -9.396 -9.111 -9.641 -9.593 -9.393 -9.101 -8.777 -8.385 -9.601 -9.307 -8.927 -8.624 -8.327 -9.29 -8.949 -8.65 -8.44 -8.385 -8.964 -9.159 -8.801 -7.713 -7.2 -6.596 -9.02
0.033647 -9.832 -9.834 -9.808 -9.667 -9.442 -9.158 -9.678 -9.636 -9.438 -9.149 -8.826 -8.435 -9.644 -9.353 -8.975 -8.673 -8.378 -9.336 -8.997 -8.699 -8.49 -8.433 -9.012 -9.206 -8.85 -7.765 -7.252 -6.649 -9.067
0.034665 -9.861 -9.867 -9.844 -9.709 -9.487 -9.205 -9.715 -9.679 -9.483 -9.196 -8.875 -8.486 -9.686 -9.399 -9.023 -8.723 -8.428 -9.382 -9.045 -8.748 -8.539 -8.481 -9.06 -9.253 -8.899 -7.817 -7.305 -6.702 -9.115
0.035713 -9.89 -9.9 -9.88 -9.751 -9.532 -9.253 -9.752 -9.721 -9.528 -9.243 -8.924 -8.536 -9.728 -9.444 -9.071 -8.772 -8.479 -9.428 -9.092 -8.797 -8.588 -8.529 -9.107 -9.299 -8.948 -7.869 -7.357 -6.755 -9.162
0.036793 -9.919 -9.933 -9.915 -9.792 -9.576 -9.3 -9.789 -9.763 -9.573 -9.29 -8.973 -8.586 -9.771 -9.49 -9.12 -8.822 -8.529 -9.473 -9.14 -8.846 -8.638 -8.578 -9.155 -9.346 -8.996 -7.92 -7.409 -6.808 -9.209
0.037906 -9.947 -9.965 -9.951 -9.834 -9.621 -9.347 -9.826 -9.805 -9.617 -9.337 -9.021 -8.636 -9.813 -9.535 -9.168 -8.871 -8.579 -9.519 -9.188 -8.895 -8.687 -8.626 -9.202 -9.392 -9.045 -7.972 -7.462 -6.861 -9.256
0.039052 -9.975 -9.997 -9.986 -9.875 -9.666 -9.394 -9.862 -9.847 -9.662 -9.384 -9.07 -8.686 -9.854 -9.581 -9.215 -8.92 -8.629 -9.564 -9.236 -8.943 -8.736 -8.674 -9.249 -9.439 -9.093 -8.023 -7.514 -6.914 -9.302
0.040234 -10.003 -10.029 -10.02 -9.916 -9.71 -9.44 -9.898 -9.889 -9.706 -9.431 -9.118 -8.736 -9.896 -9.626 -9.263 -8.969 -8.679 -9.609 -9.283 -8.992 -8.785 -8.722 -9.297 -9.485 -9.142 -8.075 -7.566 -6.967 -9.349
0.04145 -10.031 -10.06 -10.055 -9.957 -9.754 -9.487 -9.934 -9.931 -9.751 -9.478 -9.167 -8.786 -9.938 -9.671 -9.311 -9.019 -8.73 -9.655 -9.33 -9.041 -8.834 -8.77 -9.344 -9.531 -9.19 -8.127 -7.619 -7.02 -9.396
0.042704 -10.058 -10.091 -10.089 -9.998 -9.798 -9.534 -9.97 -9.972 -9.795 -9.524 -9.215 -8.836 -9.979 -9.716 -9.359 -9.068 -8.78 -9.7 -9.378 -9.089 -8.883 -8.818 -9.391 -9.577 -9.238 -8.178 -7.671 -7.073 -9.442
0.043996 -10.085 -10.122 -10.123 -10.039 -9.842 -9.58 -10.005 -10.013 -9.839 -9.571 -9.263 -8.885 -10.02 -9.761 -9.406 -9.117 -8.83 -9.745 -9.425 -9.138 -8.932 -8.866 -9.438 -9.623 -9.286 -8.229 -7.723 -7.126 -9.488
0.045326 -10.112 -10.153 -10.156 -10.079 -9.886 -9.626 -10.04 -10.054 -9.883 -9.617 -9.311 -8.935 -10.061 -9.805 -9.454 -9.165 -8.879 -9.789 -9.472 -9.186 -8.981 -8.914 -9.485 -9.669 -9.334 -8.281 -7.775 -7.179 -9.535
0.046697 -10.138 -10.183 -10.19 -10.12 -9.93 -9.673 -10.075 -10.095 -9.926 -9.664 -9.359 -8.985 -10.102 -9.85 -9.501 -9.214 -8.929 -9.834 -9.519 -9.235 -9.03 -8.962 -9.531 -9.715 -9.382 -8.332 -7.827 -7.231 -9.581
0.048109 -10.164 -10.213 -10.223 -10.16 -9.973 -9.719 -10.11 -10.136 -9.97 -9.71 -9.407 -9.034 -10.142 -9.894 -9.548 -9.263 -8.979 -9.879 -9.566 -9.283 -9.079 -9.01 -9.578 -9.76 -9.43 -8.383 -7.88 -7.284 -9.627
0.049564 -10.19 -10.243 -10.256 -10.2 -10.017 -9.765 -10.145 -10.177 -10.013 -9.756 -9.455 -9.084 -10.183 -9.939 -9.596 -9.312 -9.029 -9.923 -9.613 -9.331 -9.128 -9.058 -9.624 -9.806 -9.478 -8.435 -7.932 -7.337 -9.673
0.051063 -10.215 -10.272 -10.289 -10.239 -10.06 -9.811 -10.18 -10.217 -10.057 -9.802 -9.503 -9.133 -10.223 -9.983 -9.643 -9.36 -9.078 -9.967 -9.66 -9.38 -9.177 -9.106 -9.671 -9.851 -9.525 -8.486 -7.984 -7.39 -9.719
0.052608 -10.24 -10.301 -10.321 -10.279 -10.103 -9.857 -10.214 -10.257 -10.1 -9.848 -9.551 -9.182 -10.263 -10.027 -9.69 -9.409 -9.128 -10.012 -9.707 -9.428 -9.225 -9.154 -9.717 -9.896 -9.573 -8.537 -8.036 -7.442 -9.764
0.054199 -10.265 -10.33 -10.353 -10.318 -10.146 -9.902 -10.248 -10.297 -10.143 -9.893 -9.598 -9.232 -10.303 -10.071 -9.737 -9.457 -9.177 -10.056 -9.753 -9.476 -9.274 -9.202 -9.763 -9.941 -9.62 -8.588 -8.087 -7.495 -9.81
0.055838 -10.289 -10.358 -10.385 -10.357 -10.189 -9.948 -10.282 -10.337 -10.186 -9.939 -9.646 -9.281 -10.343 -10.115 -9.783 -9.505 -9.227 -10.1 -9.8 -9.524 -9.322 -9.25 -9.809 -9.986 -9.668 -8.639 -8.139 -7.548 -9.855
0.057527 -10.313 -10.386 -10.416 -10.396 -10.232 -9.993 -10.315 -10.376 -10.228 -9.984 -9.693 -9.33 -10.382 -10.158 -9.83 -9.554 -9.276 -10.143 -9.846 -9.572 -9.371 -9.298 -9.855 -10.031 -9.715 -8.69 -8.191 -7.6 -9.901
0.059267 -10.336 -10.414 -10.448 -10.435 -10.274 -10.039 -10.349 -10.416 -10.271 -10.03 -9.74 -9.379 -10.422 -10.202 -9.877 -9.602 -9.326 -10.187 -9.893 -9.62 -9.419 -9.346 -9.901 -10.076 -9.762 -8.741 -8.243 -7.653 -9.946
0.061059 -10.36 -10.441 -10.478 -10.474 -10.317 -10.084 -10.382 -10.455 -10.313 -10.075 -9.788 -9.428 -10.461 -10.245 -9.923 -9.65 -9.375 -10.231 -9.939 -9.667 -9.468 -9.393 -9.947 -10.121 -9.809 -8.792 -8.295 -7.705 -9.991
0.062906 -10.382 -10.468 -10.509 -10.512 -10.359 -10.129 -10.415 -10.494 -10.355 -10.12 -9.835 -9.477 -10.5 -10.288 -9.969 -9.698 -9.424 -10.274 -9.985 -9.715 -9.516 -9.441 -9.993 -10.165 -9.856 -8.843 -8.347 -7.758 -10.036
0.064808 -10.405 -10.495 -10.54 -10.55 -10.401 -10.174 -10.448 -10.533 -10.397 -10.165 -9.882 -9.526 -10.538 -10.331 -10.016 -9.746 -9.473 -10.317 -10.031 -9.763 -9.564 -9.489 -10.038 -10.209 -9.903 -8.893 -8.398 -7.81 -10.081
0.066769 -10.427 -10.522 -10.57 -10.588 -10.443 -10.219 -10.481 -10.571 -10.439 -10.21 -9.929 -9.574 -10.577 -10.374 -10.062 -9.794 -9.522 -10.36 -10.077 -9.81 -9.612 -9.536 -10.084 -10.254 -9.95 -8.944 -8.45 -7.863 -10.126
0.068788 -10.449 -10.547 -10.599 -10.626 -10.484 -10.264 -10.513 -10.61 -10.481 -10.255 -9.976 -9.623 -10.615 -10.417 -10.108 -9.841 -9.571 -10.403 -10.123 -9.858 -9.661 -9.584 -10.129 -10.298 -9.997 -8.995 -8.502 -7.915 -10.171
0.070868 -10.47 -10.573 -10.629 -10.663 -10.526 -10.308 -10.545 -10.648 -10.523 -10.3 -10.022 -9.672 -10.653 -10.46 -10.154 -9.889 -9.62 -10.446 -10.169 -9.905 -9.709 -9.631 -10.174 -10.342 -10.043 -9.045 -8.553 -7.967 -10.215
0.073012 -10.491 -10.598 -10.658 -10.7 -10.567 -10.353 -10.577 -10.686 -10.564 -10.344 -10.069 -9.72 -10.691 -10.502 -10.2 -9.937 -9.669 -10.489 -10.214 -9.952 -9.757 -9.679 -10.219 -10.386 -10.09 -9.096 -8.605 -8.02 -10.26
0.07522 -10.512 -10.623 -10.687 -10.737 -10.609 -10.397 -10.609 -10.724 -10.605 -10.388 -10.116 -9.769 -10.729 -10.544 -10.245 -9.984 -9.717 -10.532 -10.26 -9.999 -9.805 -9.726 -10.264 -10.429 -10.136 -9.146 -8.656 -8.072 -10.304
0.077495 -10.532 -10.648 -10.716 -10.774 -10.65 -10.441 -10.64 -10.761 -10.646 -10.433 -10.162 -9.817 -10.766 -10.586 -10.291 -10.031 -9.766 -10.574 -10.305 -10.046 -9.852 -9.774 -10.309 -10.473 -10.183 -9.197 -8.708 -8.124 -10.348
0.079839 -10.552 -10.672 -10.744 -10.811 -10.69 -10.485 -10.671 -10.799 -10.687 -10.477 -10.208 -9.865 -10.803 -10.628 -10.337 -10.079 -9.815 -10.616 -10.35 -10.093 -9.9 -9.821 -10.354 -10.516 -10.229 -9.247 -8.759 -8.177 -10.392
0.082253 -10.572 -10.696 -10.772 -10.847 -10.731 -10.529 -10.702 -10.836 -10.728 -10.521 -10.255 -9.914 -10.84 -10.67 -10.382 -10.126 -9.863 -10.658 -10.396 -10.14 -9.948 -9.869 -10.399 -10.559 -10.275 -9.298 -8.81 -8.229 -10.436
0.084741 -10.591 -10.719 -10.799 -10.883 -10.772 -10.573 -10.733 -10.873 -10.768 -10.565 -10.301 -9.962 -10.877 -10.712 -10.427 -10.173 -9.912 -10.7 -10.441 -10.187 -9.996 -9.916 -10.443 -10.603 -10.321 -9.348 -8.862 -8.281 -10.48
0.087304 -10.609 -10.742 -10.827 -10.919 -10.812 -10.617 -10.764 -10.909 -10.809 -10.609 -10.347 -10.01 -10.914 -10.753 -10.472 -10.22 -9.96 -10.742 -10.486 -10.234 -10.043 -9.963 -10.488 -10.646 -10.367 -9.398 -8.913 -8.333 -10.524
