web/models/kne.last_good/kappa_0.5_3.0.v2/9/villar_0.1173_0.2963_0.5000.dat
# %ECSV 1.0
# ---
# datatype:
# - {name: time, datatype: float64}
# - {name: swift_uvot_uvw2, datatype: float64}
# - {name: swift_uvot_uvm2, datatype: float64}
# - {name: swift_uvot_uvw1, datatype: float64}
# - {name: swift_uvot_U, datatype: float64}
# - {name: swift_uvot_B, datatype: float64}
# - {name: swift_uvot_V, datatype: float64}
# - {name: swift_uvot_W, datatype: float64}
# - {name: johnson_U, datatype: float64}
# - {name: johnson_B, datatype: float64}
# - {name: johnson_V, datatype: float64}
# - {name: johnson_R, datatype: float64}
# - {name: johnson_I, datatype: float64}
# - {name: sdss_u, datatype: float64}
# - {name: sdss_g, datatype: float64}
# - {name: sdss_r, datatype: float64}
# - {name: sdss_i, datatype: float64}
# - {name: sdss_z, datatype: float64}
# - {name: PS1_g, datatype: float64}
# - {name: PS1_r, datatype: float64}
# - {name: PS1_i, datatype: float64}
# - {name: PS1_z, datatype: float64}
# - {name: PS1_Y, datatype: float64}
# - {name: PS1_w, datatype: float64}
# - {name: ATLAS_c, datatype: float64}
# - {name: ATLAS_o, datatype: float64}
# - {name: ukirt_J, datatype: float64}
# - {name: ukirt_H, datatype: float64}
# - {name: ukirt_K, datatype: float64}
# - {name: Clear, datatype: float64}
# meta: !!omap
# - comment: [kappa = 0.5, type = villar, mass = 0.11727632184323686, velocity = 0.29633333333333334, theta_obs = 0.0, tfloor = 2500.0]
# schema: astropy-2.0
time swift_uvot_uvw2 swift_uvot_uvm2 swift_uvot_uvw1 swift_uvot_U swift_uvot_B swift_uvot_V swift_uvot_W johnson_U johnson_B johnson_V johnson_R johnson_I sdss_u sdss_g sdss_r sdss_i sdss_z PS1_g PS1_r PS1_i PS1_z PS1_Y PS1_w ATLAS_c ATLAS_o ukirt_J ukirt_H ukirt_K Clear
[from data line 136]
0.057527 -17.886 -17.136 -16.907 -16.289 -15.844 -15.393 -16.761 -16.221 -15.84 -15.381 -14.943 -14.446 -16.233 -15.699 -15.135 -14.738 -14.372 -15.878 -15.44 -15.157 -15.148 -15.682 -15.221 -15.48 -14.974 -13.657 -13.087 -12.435 -15.321
0.059267 -17.892 -17.162 -16.936 -16.321 -15.877 -15.427 -16.789 -16.253 -15.873 -15.415 -14.978 -14.481 -16.264 -15.733 -15.17 -14.773 -14.408 -15.902 -15.462 -15.175 -15.159 -15.679 -15.256 -15.514 -15.009 -13.693 -13.123 -12.472 -15.355
0.061059 -17.898 -17.188 -16.964 -16.353 -15.91 -15.46 -16.817 -16.285 -15.906 -15.449 -15.012 -14.517 -16.296 -15.766 -15.204 -14.808 -14.443 -15.926 -15.485 -15.195 -15.171 -15.678 -15.29 -15.548 -15.044 -13.729 -13.16 -12.509 -15.389
0.062906 -17.905 -17.214 -16.992 -16.384 -15.942 -15.494 -16.845 -16.316 -15.939 -15.483 -15.047 -14.552 -16.328 -15.799 -15.238 -14.843 -14.478 -15.95 -15.507 -15.214 -15.182 -15.676 -15.324 -15.581 -15.078 -13.765 -13.196 -12.546 -15.422
0.064808 -17.912 -17.24 -17.02 -16.415 -15.975 -15.528 -16.873 -16.348 -15.971 -15.517 -15.081 -14.587 -16.359 -15.832 -15.273 -14.878 -14.514 -15.975 -15.531 -15.234 -15.195 -15.675 -15.357 -15.614 -15.113 -13.801 -13.233 -12.583 -15.456
0.066769 -17.919 -17.265 -17.048 -16.446 -16.007 -15.562 -16.9 -16.379 -16.004 -15.55 -15.116 -14.622 -16.39 -15.865 -15.307 -14.912 -14.549 -16.0 -15.554 -15.254 -15.208 -15.675 -15.391 -15.648 -15.147 -13.837 -13.269 -12.62 -15.489
0.068788 -17.926 -17.29 -17.075 -16.477 -16.04 -15.595 -16.927 -16.41 -16.036 -15.584 -15.15 -14.657 -16.421 -15.897 -15.341 -14.947 -14.584 -16.024 -15.578 -15.275 -15.222 -15.675 -15.425 -15.681 -15.181 -13.873 -13.306 -12.657 -15.522
0.070868 -17.933 -17.315 -17.102 -16.507 -16.072 -15.628 -16.954 -16.441 -16.068 -15.617 -15.184 -14.692 -16.452 -15.93 -15.375 -14.982 -14.619 -16.049 -15.602 -15.296 -15.236 -15.676 -15.458 -15.714 -15.215 -13.909 -13.342 -12.694 -15.555
0.073012 -17.94 -17.34 -17.129 -16.537 -16.104 -15.662 -16.98 -16.471 -16.1 -15.65 -15.219 -14.727 -16.482 -15.962 -15.408 -15.016 -14.655 -16.075 -15.626 -15.318 -15.251 -15.677 -15.492 -15.747 -15.249 -13.945 -13.379 -12.73 -15.589
0.07522 -17.948 -17.364 -17.155 -16.568 -16.136 -15.695 -17.006 -16.502 -16.132 -15.683 -15.253 -14.762 -16.513 -15.994 -15.442 -15.051 -14.69 -16.1 -15.651 -15.34 -15.266 -15.678 -15.525 -15.78 -15.283 -13.981 -13.415 -12.767 -15.621
0.077495 -17.955 -17.388 -17.181 -16.597 -16.167 -15.728 -17.032 -16.532 -16.163 -15.716 -15.286 -14.797 -16.543 -16.026 -15.476 -15.085 -14.724 -16.125 -15.676 -15.362 -15.281 -15.681 -15.558 -15.812 -15.317 -14.017 -13.451 -12.804 -15.654
0.079839 -17.962 -17.412 -17.207 -16.627 -16.199 -15.76 -17.058 -16.562 -16.195 -15.749 -15.32 -14.832 -16.573 -16.058 -15.509 -15.119 -14.759 -16.151 -15.701 -15.385 -15.298 -15.683 -15.591 -15.845 -15.351 -14.053 -13.487 -12.84 -15.687
0.082253 -17.97 -17.435 -17.232 -16.657 -16.23 -15.793 -17.083 -16.592 -16.226 -15.782 -15.354 -14.866 -16.603 -16.09 -15.542 -15.153 -14.794 -16.177 -15.726 -15.408 -15.314 -15.686 -15.624 -15.877 -15.385 -14.088 -13.524 -12.877 -15.719
0.084741 -17.978 -17.458 -17.258 -16.686 -16.261 -15.826 -17.108 -16.621 -16.257 -15.814 -15.387 -14.901 -16.632 -16.122 -15.576 -15.187 -14.829 -16.202 -15.752 -15.431 -15.332 -15.69 -15.657 -15.909 -15.418 -14.124 -13.56 -12.914 -15.752
0.087304 -17.985 -17.48 -17.282 -16.715 -16.292 -15.858 -17.132 -16.65 -16.288 -15.847 -15.421 -14.935 -16.661 -16.153 -15.609 -15.221 -14.863 -16.228 -15.777 -15.455 -15.349 -15.694 -15.689 -15.941 -15.452 -14.159 -13.596 -12.95 -15.784
0.089944 -17.992 -17.502 -17.307 -16.743 -16.323 -15.89 -17.156 -16.68 -16.319 -15.879 -15.454 -14.97 -16.69 -16.184 -15.642 -15.255 -14.898 -16.254 -15.803 -15.479 -15.367 -15.699 -15.722 -15.973 -15.485 -14.195 -13.632 -12.987 -15.816
0.092665 -18.0 -17.524 -17.331 -16.772 -16.353 -15.922 -17.18 -16.708 -16.349 -15.911 -15.487 -15.004 -16.719 -16.215 -15.674 -15.289 -14.932 -16.28 -15.829 -15.503 -15.386 -15.704 -15.754 -16.005 -15.518 -14.23 -13.668 -13.023 -15.848
0.095467 -18.007 -17.546 -17.354 -16.8 -16.383 -15.954 -17.203 -16.737 -16.38 -15.943 -15.521 -15.038 -16.748 -16.246 -15.707 -15.322 -14.966 -16.306 -15.855 -15.527 -15.405 -15.71 -15.786 -16.036 -15.551 -14.266 -13.704 -13.059 -15.879
0.098355 -18.014 -17.567 -17.377 -16.828 -16.414 -15.986 -17.226 -16.765 -16.41 -15.975 -15.553 -15.072 -16.776 -16.277 -15.74 -15.356 -15.001 -16.332 -15.881 -15.552 -15.424 -15.716 -15.818 -16.068 -15.584 -14.301 -13.74 -13.096 -15.911
0.101329 -18.021 -17.587 -17.4 -16.856 -16.443 -16.018 -17.248 -16.793 -16.44 -16.007 -15.586 -15.106 -16.804 -16.307 -15.772 -15.389 -15.035 -16.358 -15.907 -15.577 -15.444 -15.723 -15.85 -16.099 -15.617 -14.336 -13.775 -13.132 -15.942
0.104394 -18.028 -17.607 -17.422 -16.883 -16.473 -16.049 -17.27 -16.821 -16.469 -16.038 -15.619 -15.14 -16.832 -16.337 -15.804 -15.423 -15.069 -16.384 -15.934 -15.602 -15.464 -15.73 -15.881 -16.13 -15.649 -14.371 -13.811 -13.168 -15.973
0.107551 -18.035 -17.627 -17.444 -16.91 -16.502 -16.08 -17.292 -16.848 -16.499 -16.069 -15.651 -15.173 -16.859 -16.367 -15.836 -15.456 -15.103 -16.41 -15.96 -15.627 -15.484 -15.738 -15.913 -16.161 -15.682 -14.406 -13.847 -13.205 -16.004
0.110804 -18.041 -17.646 -17.465 -16.937 -16.532 -16.111 -17.313 -16.876 -16.528 -16.1 -15.684 -15.207 -16.886 -16.397 -15.868 -15.489 -15.136 -16.436 -15.987 -15.652 -15.505 -15.747 -15.944 -16.191 -15.714 -14.441 -13.882 -13.241 -16.035
0.114155 -18.047 -17.664 -17.486 -16.963 -16.561 -16.142 -17.333 -16.902 -16.557 -16.131 -15.716 -15.241 -16.913 -16.427 -15.9 -15.521 -15.17 -16.462 -16.014 -15.678 -15.526 -15.756 -15.975 -16.222 -15.746 -14.476 -13.918 -13.277 -16.066
0.117608 -18.053 -17.682 -17.507 -16.989 -16.589 -16.173 -17.353 -16.929 -16.585 -16.162 -15.748 -15.274 -16.94 -16.456 -15.931 -15.554 -15.204 -16.488 -16.04 -15.704 -15.548 -15.765 -16.006 -16.252 -15.778 -14.511 -13.953 -13.313 -16.096
0.121165 -18.059 -17.7 -17.527 -17.015 -16.618 -16.203 -17.373 -16.955 -16.614 -16.192 -15.78 -15.307 -16.966 -16.485 -15.963 -15.587 -15.237 -16.514 -16.067 -15.729 -15.57 -15.775 -16.037 -16.282 -15.81 -14.546 -13.989 -13.349 -16.126
0.124829 -18.064 -17.717 -17.546 -17.041 -16.646 -16.234 -17.392 -16.981 -16.642 -16.223 -15.812 -15.34 -16.992 -16.514 -15.994 -15.619 -15.27 -16.539 -16.094 -15.756 -15.592 -15.785 -16.068 -16.311 -15.841 -14.58 -14.024 -13.385 -16.156
0.128605 -18.069 -17.733 -17.565 -17.066 -16.674 -16.264 -17.411 -17.007 -16.67 -16.253 -15.843 -15.373 -17.017 -16.543 -16.025 -15.651 -15.304 -16.565 -16.12 -15.782 -15.614 -15.796 -16.098 -16.341 -15.873 -14.615 -14.06 -13.421 -16.186
0.132494 -18.073 -17.749 -17.583 -17.09 -16.701 -16.294 -17.429 -17.032 -16.698 -16.283 -15.875 -15.406 -17.042 -16.571 -16.056 -15.683 -15.337 -16.59 -16.147 -15.808 -15.637 -15.808 -16.128 -16.37 -15.904 -14.649 -14.095 -13.457 -16.215
0.136502 -18.077 -17.764 -17.601 -17.115 -16.729 -16.323 -17.446 -17.057 -16.725 -16.312 -15.906 -15.439 -17.067 -16.599 -16.086 -15.715 -15.37 -16.616 -16.174 -15.834 -15.66 -15.82 -16.158 -16.399 -15.935 -14.683 -14.13 -13.493 -16.245
0.14063 -18.081 -17.779 -17.618 -17.139 -16.756 -16.353 -17.463 -17.081 -16.752 -16.342 -15.937 -15.471 -17.091 -16.627 -16.117 -15.747 -15.402 -16.641 -16.2 -15.861 -15.683 -15.832 -16.188 -16.428 -15.966 -14.718 -14.165 -13.529 -16.274
0.144883 -18.084 -17.792 -17.635 -17.162 -16.782 -16.382 -17.48 -17.105 -16.779 -16.371 -15.968 -15.504 -17.115 -16.654 -16.147 -15.779 -15.435 -16.666 -16.227 -15.887 -15.706 -15.845 -16.217 -16.457 -15.997 -14.752 -14.2 -13.564 -16.303
0.149265 -18.086 -17.806 -17.651 -17.185 -16.809 -16.411 -17.495 -17.129 -16.805 -16.4 -15.998 -15.536 -17.139 -16.682 -16.177 -15.81 -15.467 -16.691 -16.253 -15.913 -15.73 -15.858 -16.246 -16.485 -16.027 -14.786 -14.235 -13.6 -16.331
0.15378 -18.088 -17.818 -17.666 -17.208 -16.835 -16.439 -17.51 -17.152 -16.831 -16.428 -16.029 -15.568 -17.162 -16.708 -16.207 -15.841 -15.5 -16.715 -16.28 -15.94 -15.753 -15.872 -16.275 -16.513 -16.058 -14.82 -14.27 -13.636 -16.359
0.15843 -18.089 -17.83 -17.68 -17.23 -16.86 -16.468 -17.525 -17.175 -16.857 -16.457 -16.059 -15.6 -17.185 -16.735 -16.236 -15.873 -15.532 -16.74 -16.306 -15.966 -15.777 -15.886 -16.304 -16.541 -16.088 -14.854 -14.304 -13.671 -16.387
0.163222 -18.09 -17.841 -17.694 -17.252 -16.886 -16.496 -17.539 -17.197 -16.882 -16.485 -16.089 -15.632 -17.207 -16.761 -16.265 -15.903 -15.564 -16.764 -16.332 -15.993 -15.801 -15.901 -16.332 -16.568 -16.118 -14.887 -14.339 -13.707 -16.415
0.168159 -18.09 -17.851 -17.707 -17.273 -16.911 -16.523 -17.552 -17.219 -16.907 -16.513 -16.119 -15.663 -17.229 -16.787 -16.295 -15.934 -15.596 -16.788 -16.359 -16.02 -15.826 -15.916 -16.361 -16.595 -16.147 -14.921 -14.374 -13.742 -16.443
0.173245 -18.089 -17.86 -17.72 -17.294 -16.935 -16.551 -17.564 -17.241 -16.932 -16.54 -16.148 -15.695 -17.251 -16.813 -16.323 -15.965 -15.627 -16.812 -16.385 -16.046 -15.85 -15.931 -16.389 -16.622 -16.177 -14.954 -14.408 -13.777 -16.47
0.178484 -18.087 -17.868 -17.732 -17.314 -16.96 -16.578 -17.576 -17.262 -16.956 -16.567 -16.178 -15.726 -17.271 -16.838 -16.352 -15.995 -15.659 -16.836 -16.41 -16.072 -15.874 -15.947 -16.416 -16.649 -16.206 -14.988 -14.443 -13.812 -16.497
0.183882 -18.085 -17.876 -17.743 -17.334 -16.983 -16.605 -17.587 -17.282 -16.98 -16.594 -16.207 -15.757 -17.292 -16.863 -16.38 -16.025 -15.69 -16.859 -16.436 -16.099 -15.899 -15.963 -16.444 -16.675 -16.235 -15.021 -14.477 -13.848 -16.523
0.189444 -18.081 -17.883 -17.753 -17.353 -17.007 -16.632 -17.597 -17.302 -17.003 -16.621 -16.236 -15.788 -17.312 -16.887 -16.408 -16.055 -15.721 -16.882 -16.462 -16.125 -15.924 -15.979 -16.471 -16.701 -16.264 -15.054 -14.511 -13.883 -16.549
0.195173 -18.077 -17.888 -17.762 -17.372 -17.03 -16.658 -17.606 -17.321 -17.026 -16.647 -16.264 -15.818 -17.331 -16.911 -16.436 -16.084 -15.752 -16.905 -16.487 -16.151 -15.948 -15.996 -16.497 -16.726 -16.292 -15.087 -14.545 -13.918 -16.575
0.201076 -18.072 -17.893 -17.77 -17.39 -17.052 -16.684 -17.615 -17.34 -17.049 -16.673 -16.293 -15.849 -17.35 -16.935 -16.463 -16.114 -15.783 -16.927 -16.512 -16.178 -15.973 -16.013 -16.524 -16.751 -16.32 -15.12 -14.579 -13.953 -16.601
0.207158 -18.066 -17.897 -17.778 -17.408 -17.075 -16.709 -17.623 -17.359 -17.071 -16.699 -16.321 -15.879 -17.368 -16.958 -16.49 -16.143 -15.814 -16.949 -16.537 -16.204 -15.998 -16.03 -16.55 -16.776 -16.348 -15.153 -14.613 -13.988 -16.626
0.213423 -18.059 -17.899 -17.785 -17.424 -17.096 -16.735 -17.63 -17.376 -17.092 -16.724 -16.348 -15.909 -17.386 -16.981 -16.517 -16.172 -15.844 -16.971 -16.562 -16.23 -16.022 -16.048 -16.576 -16.8 -16.376 -15.185 -14.647 -14.022 -16.651
0.219878 -18.051 -17.901 -17.79 -17.441 -17.117 -16.76 -17.636 -17.393 -17.114 -16.749 -16.376 -15.939 -17.403 -17.004 -16.544 -16.2 -15.874 -16.993 -16.587 -16.255 -16.047 -16.066 -16.601 -16.824 -16.403 -15.218 -14.68 -14.057 -16.675
0.226528 -18.042 -17.901 -17.795 -17.456 -17.138 -16.784 -17.641 -17.41 -17.134 -16.774 -16.403 -15.968 -17.419 -17.025 -16.57 -16.229 -15.904 -17.014 -16.611 -16.281 -16.072 -16.084 -16.626 -16.848 -16.43 -15.25 -14.714 -14.092 -16.699
0.233379 -18.032 -17.901 -17.799 -17.471 -17.158 -16.808 -17.646 -17.426 -17.154 -16.798 -16.43 -15.998 -17.435 -17.047 -16.596 -16.257 -15.934 -17.034 -16.635 -16.307 -16.097 -16.102 -16.651 -16.871 -16.457 -15.282 -14.747 -14.126 -16.723
0.240437 -18.02 -17.899 -17.801 -17.485 -17.178 -16.832 -17.649 -17.441 -17.174 -16.822 -16.456 -16.027 -17.45 -17.068 -16.621 -16.284 -15.963 -17.055 -16.659 -16.332 -16.121 -16.121 -16.675 -16.894 -16.483 -15.314 -14.781 -14.161 -16.746
0.247709 -18.007 -17.896 -17.803 -17.499 -17.197 -16.855 -17.651 -17.455 -17.193 -16.845 -16.483 -16.056 -17.464 -17.088 -16.646 -16.312 -15.993 -17.074 -16.682 -16.357 -16.146 -16.14 -16.699 -16.916 -16.509 -15.346 -14.814 -14.195 -16.769
0.255201 -17.993 -17.891 -17.803 -17.512 -17.215 -16.878 -17.653 -17.469 -17.212 -16.868 -16.508 -16.084 -17.478 -17.108 -16.671 -16.339 -16.022 -17.094 -16.705 -16.382 -16.171 -16.159 -16.723 -16.938 -16.535 -15.377 -14.847 -14.229 -16.792
0.262919 -17.978 -17.886 -17.803 -17.524 -17.233 -16.9 -17.653 -17.482 -17.229 -16.89 -16.534 -16.113 -17.491 -17.128 -16.695 -16.366 -16.05 -17.113 -16.728 -16.407 -16.195 -16.178 -16.746 -16.959 -16.56 -15.409 -14.88 -14.263 -16.814
0.270871 -17.961 -17.879 -17.801 -17.535 -17.251 -16.922 -17.653 -17.494 -17.247 -16.912 -16.559 -16.141 -17.503 -17.147 -16.719 -16.393 -16.079 -17.131 -16.751 -16.432 -16.219 -16.197 -16.768 -16.98 -16.585 -15.44 -14.912 -14.297 -16.835
0.279064 -17.942 -17.87 -17.798 -17.545 -17.267 -16.944 -17.651 -17.506 -17.263 -16.934 -16.584 -16.168 -17.514 -17.165 -16.743 -16.419 -16.107 -17.149 -16.773 -16.456 -16.244 -16.217 -16.791 -17.0 -16.61 -15.471 -14.945 -14.331 -16.856
0.287504 -17.923 -17.86 -17.794 -17.555 -17.283 -16.965 -17.649 -17.516 -17.28 -16.955 -16.608 -16.196 -17.525 -17.183 -16.766 -16.445 -16.135 -17.166 -16.795 -16.48 -16.268 -16.236 -16.812 -17.02 -16.634 -15.502 -14.977 -14.365 -16.877
0.296199 -17.901 -17.849 -17.788 -17.563 -17.299 -16.985 -17.645 -17.526 -17.295 -16.975 -16.632 -16.223 -17.534 -17.2 -16.789 -16.47 -16.162 -17.183 -16.816 -16.504 -16.292 -16.256 -16.834 -17.04 -16.657 -15.532 -15.01 -14.398 -16.897
0.305157 -17.878 -17.836 -17.781 -17.571 -17.313 -17.005 -17.64 -17.535 -17.31 -16.995 -16.656 -16.25 -17.543 -17.216 -16.811 -16.495 -16.19 -17.199 -16.837 -16.527 -16.316 -16.275 -16.854 -17.058 -16.681 -15.563 -15.042 -14.432 -16.916
0.314387 -17.853 -17.821 -17.773 -17.578 -17.327 -17.024 -17.634 -17.543 -17.324 -17.015 -16.679 -16.276 -17.551 -17.232 -16.833 -16.52 -16.217 -17.215 -16.858 -16.55 -16.339 -16.295 -16.875 -17.076 -16.704 -15.593 -15.074 -14.465 -16.935
0.323895 -17.827 -17.805 -17.763 -17.584 -17.341 -17.043 -17.627 -17.55 -17.337 -17.034 -16.702 -16.302 -17.558 -17.247 -16.854 -16.545 -16.243 -17.23 -16.878 -16.573 -16.363 -16.315 -16.895 -17.094 -16.726 -15.623 -15.105 -14.499 -16.954
0.333691 -17.799 -17.787 -17.752 -17.589 -17.353 -17.061 -17.618 -17.556 -17.349 -17.052 -16.724 -16.328 -17.564 -17.261 -16.875 -16.569 -16.27 -17.245 -16.898 -16.596 -16.386 -16.334 -16.914 -17.111 -16.748 -15.653 -15.137 -14.532 -16.972
0.343783 -17.769 -17.767 -17.74 -17.592 -17.365 -17.079 -17.608 -17.561 -17.361 -17.07 -16.746 -16.354 -17.569 -17.275 -16.895 -16.592 -16.296 -17.258 -16.917 -16.618 -16.409 -16.354 -16.932 -17.127 -16.77 -15.682 -15.168 -14.565 -16.989
0.354181 -17.736 -17.746 -17.725 -17.595 -17.376 -17.096 -17.597 -17.565 -17.372 -17.087 -16.767 -16.379 -17.573 -17.288 -16.915 -16.615 -16.322 -17.271 -16.936 -16.64 -16.432 -16.374 -16.951 -17.143 -16.791 -15.711 -15.2 -14.598 -17.006
0.364893 -17.702 -17.722 -17.71 -17.596 -17.386 -17.113 -17.585 -17.568 -17.382 -17.103 -16.788 -16.404 -17.576 -17.3 -16.934 -16.638 -16.347 -17.284 -16.954 -16.662 -16.454 -16.393 -16.968 -17.158 -16.811 -15.74 -15.231 -14.631 -17.022
0.375929 -17.666 -17.697 -17.692 -17.597 -17.395 -17.128 -17.572 -17.57 -17.391 -17.119 -16.808 -16.428 -17.577 -17.312 -16.953 -16.66 -16.372 -17.295 -16.972 -16.683 -16.476 -16.413 -16.985 -17.172 -16.832 -15.769 -15.262 -14.663 -17.037
0.387298 -17.628 -17.669 -17.673 -17.596 -17.403 -17.143 -17.557 -17.571 -17.399 -17.134 -16.828 -16.452 -17.578 -17.322 -16.971 -16.682 -16.396 -17.306 -16.989 -16.703 -16.498 -16.432 -17.001 -17.186 -16.851 -15.798 -15.292 -14.696 -17.052
0.399012 -17.588 -17.64 -17.652 -17.594 -17.41 -17.158 -17.541 -17.571 -17.407 -17.149 -16.847 -16.475 -17.577 -17.332 -16.988 -16.704 -16.421 -17.316 -17.006 -16.724 -16.52 -16.452 -17.017 -17.199 -16.87 -15.826 -15.323 -14.728 -17.066
