web/models/kne.last_good/kappa_0.5_3.0.v2/9/villar_0.0630_0.3903_0.5000.dat
# %ECSV 1.0
# ---
# datatype:
# - {name: time, datatype: float64}
# - {name: swift_uvot_uvw2, datatype: float64}
# - {name: swift_uvot_uvm2, datatype: float64}
# - {name: swift_uvot_uvw1, datatype: float64}
# - {name: swift_uvot_U, datatype: float64}
# - {name: swift_uvot_B, datatype: float64}
# - {name: swift_uvot_V, datatype: float64}
# - {name: swift_uvot_W, datatype: float64}
# - {name: johnson_U, datatype: float64}
# - {name: johnson_B, datatype: float64}
# - {name: johnson_V, datatype: float64}
# - {name: johnson_R, datatype: float64}
# - {name: johnson_I, datatype: float64}
# - {name: sdss_u, datatype: float64}
# - {name: sdss_g, datatype: float64}
# - {name: sdss_r, datatype: float64}
# - {name: sdss_i, datatype: float64}
# - {name: sdss_z, datatype: float64}
# - {name: PS1_g, datatype: float64}
# - {name: PS1_r, datatype: float64}
# - {name: PS1_i, datatype: float64}
# - {name: PS1_z, datatype: float64}
# - {name: PS1_Y, datatype: float64}
# - {name: PS1_w, datatype: float64}
# - {name: ATLAS_c, datatype: float64}
# - {name: ATLAS_o, datatype: float64}
# - {name: ukirt_J, datatype: float64}
# - {name: ukirt_H, datatype: float64}
# - {name: ukirt_K, datatype: float64}
# - {name: Clear, datatype: float64}
# meta: !!omap
# - comment: [kappa = 0.5, type = villar, mass = 0.06299605249512866, velocity = 0.3903333333333333, theta_obs = 0.0, tfloor = 2500.0]
# schema: astropy-2.0
time swift_uvot_uvw2 swift_uvot_uvm2 swift_uvot_uvw1 swift_uvot_U swift_uvot_B swift_uvot_V swift_uvot_W johnson_U johnson_B johnson_V johnson_R johnson_I sdss_u sdss_g sdss_r sdss_i sdss_z PS1_g PS1_r PS1_i PS1_z PS1_Y PS1_w ATLAS_c ATLAS_o ukirt_J ukirt_H ukirt_K Clear
[from data line 271]
3.212194 -8.936 -3.738 -4.704 -6.407 -9.194 -11.196 -9.311 -6.904 -9.325 -11.314 -12.899 -13.976 -6.681 -10.044 -12.173 -13.297 -14.068 -11.019 -12.342 -13.376 -13.992 -14.451 -12.496 -11.257 -12.809 -14.979 -15.3 -15.36 -12.956
3.309345 -8.879 -3.681 -4.646 -6.349 -9.136 -11.138 -9.254 -6.846 -9.267 -11.257 -12.842 -13.918 -6.623 -9.986 -12.115 -13.24 -14.011 -10.961 -12.285 -13.318 -13.934 -14.393 -12.438 -11.2 -12.752 -14.922 -15.242 -15.303 -12.898
3.409434 -8.821 -3.623 -4.589 -6.292 -9.078 -11.081 -9.196 -6.789 -9.21 -11.199 -12.784 -13.861 -6.566 -9.929 -12.058 -13.182 -13.953 -10.904 -12.227 -13.261 -13.877 -14.336 -12.381 -11.142 -12.694 -14.864 -15.185 -15.245 -12.841
3.51255 -8.764 -3.565 -4.531 -6.234 -9.021 -11.023 -9.138 -6.731 -9.152 -11.141 -12.726 -13.803 -6.508 -9.871 -12.0 -13.125 -13.895 -10.846 -12.169 -13.203 -13.819 -14.278 -12.323 -11.084 -12.637 -14.807 -15.127 -15.187 -12.783
3.618785 -8.706 -3.507 -4.473 -6.176 -8.963 -10.965 -9.081 -6.673 -9.094 -11.083 -12.668 -13.745 -6.45 -9.813 -11.942 -13.067 -13.837 -10.788 -12.111 -13.145 -13.761 -14.22 -12.265 -11.027 -12.579 -14.749 -15.069 -15.13 -12.725
3.728232 -8.648 -3.449 -4.415 -6.118 -8.905 -10.907 -9.023 -6.615 -9.036 -11.025 -12.61 -13.687 -6.392 -9.755 -11.884 -13.009 -13.779 -10.73 -12.053 -13.087 -13.703 -14.162 -12.207 -10.969 -12.521 -14.691 -15.011 -15.071 -12.667
3.84099 -8.59 -3.391 -4.357 -6.06 -8.847 -10.849 -8.964 -6.557 -8.978 -10.967 -12.552 -13.629 -6.334 -9.697 -11.826 -12.95 -13.721 -10.672 -11.995 -13.029 -13.645 -14.104 -12.149 -10.91 -12.462 -14.632 -14.953 -15.013 -12.609
3.957158 -8.531 -3.333 -4.299 -6.001 -8.788 -10.79 -8.906 -6.498 -8.919 -10.909 -12.494 -13.57 -6.276 -9.639 -11.767 -12.892 -13.663 -10.613 -11.937 -12.971 -13.586 -14.045 -12.09 -10.852 -12.404 -14.574 -14.894 -14.955 -12.55
4.07684 -8.473 -3.274 -4.24 -5.943 -8.73 -10.732 -8.847 -6.44 -8.861 -10.85 -12.435 -13.512 -6.217 -9.58 -11.709 -12.833 -13.604 -10.555 -11.878 -12.912 -13.528 -13.987 -12.032 -10.793 -12.345 -14.515 -14.836 -14.896 -12.492
4.200141 -8.414 -3.215 -4.181 -5.884 -8.671 -10.673 -8.789 -6.381 -8.802 -10.791 -12.376 -13.453 -6.158 -9.521 -11.65 -12.775 -13.545 -10.496 -11.819 -12.853 -13.469 -13.928 -11.973 -10.735 -12.287 -14.457 -14.777 -14.837 -12.433
4.327172 -8.355 -3.156 -4.122 -5.825 -8.612 -10.614 -8.73 -6.322 -8.743 -10.732 -12.317 -13.394 -6.099 -9.462 -11.591 -12.716 -13.486 -10.437 -11.76 -12.794 -13.41 -13.869 -11.914 -10.676 -12.228 -14.398 -14.718 -14.778 -12.374
4.458044 -8.295 -3.097 -4.063 -5.766 -8.553 -10.555 -8.67 -6.263 -8.684 -10.673 -12.258 -13.335 -6.04 -9.403 -11.532 -12.656 -13.427 -10.378 -11.701 -12.735 -13.351 -13.81 -11.855 -10.616 -12.168 -14.338 -14.659 -14.719 -12.315
4.592874 -8.236 -3.038 -4.003 -5.706 -8.493 -10.495 -8.611 -6.203 -8.624 -10.614 -12.199 -13.275 -5.98 -9.343 -11.472 -12.597 -13.368 -10.318 -11.642 -12.675 -13.291 -13.75 -11.795 -10.557 -12.109 -14.279 -14.599 -14.66 -12.255
4.731783 -8.176 -2.978 -3.944 -5.647 -8.433 -10.436 -8.551 -6.144 -8.564 -10.554 -12.139 -13.216 -5.921 -9.284 -11.413 -12.537 -13.308 -10.258 -11.582 -12.616 -13.232 -13.691 -11.736 -10.497 -12.049 -14.219 -14.54 -14.6 -12.196
4.874892 -8.117 -2.918 -3.884 -5.587 -8.374 -10.376 -8.491 -6.084 -8.505 -10.494 -12.079 -13.156 -5.861 -9.224 -11.353 -12.477 -13.248 -10.199 -11.522 -12.556 -13.172 -13.631 -11.676 -10.437 -11.989 -14.159 -14.48 -14.54 -12.136
5.02233 -8.056 -2.858 -3.824 -5.527 -8.313 -10.316 -8.431 -6.023 -8.444 -10.434 -12.019 -13.096 -5.801 -9.164 -11.293 -12.417 -13.188 -10.138 -11.462 -12.496 -13.112 -13.571 -11.616 -10.377 -11.929 -14.099 -14.42 -14.48 -12.076
5.174227 -7.996 -2.798 -3.763 -5.466 -8.253 -10.255 -8.371 -5.963 -8.384 -10.374 -11.959 -13.035 -5.74 -9.103 -11.232 -12.357 -13.128 -10.078 -11.402 -12.435 -13.051 -13.51 -11.555 -10.317 -11.869 -14.039 -14.359 -14.42 -12.015
5.330718 -7.935 -2.737 -3.703 -5.406 -8.193 -10.195 -8.31 -5.903 -8.324 -10.313 -11.898 -12.975 -5.68 -9.043 -11.172 -12.296 -13.067 -10.018 -11.341 -12.375 -12.991 -13.45 -11.495 -10.256 -11.808 -13.978 -14.299 -14.359 -11.955
5.491942 -7.875 -2.676 -3.642 -5.345 -8.132 -10.134 -8.249 -5.842 -8.263 -10.252 -11.837 -12.914 -5.619 -8.982 -11.111 -12.235 -13.006 -9.957 -11.28 -12.314 -12.93 -13.389 -11.434 -10.195 -11.747 -13.917 -14.238 -14.298 -11.894
5.658042 -7.814 -2.615 -3.581 -5.284 -8.071 -10.073 -8.188 -5.781 -8.202 -10.191 -11.776 -12.853 -5.558 -8.921 -11.05 -12.174 -12.945 -9.896 -11.219 -12.253 -12.869 -13.328 -11.373 -10.134 -11.686 -13.856 -14.177 -14.237 -11.833
5.829166 -7.752 -2.554 -3.52 -5.222 -8.009 -10.011 -8.127 -5.719 -8.14 -10.13 -11.715 -12.792 -5.497 -8.86 -10.988 -12.113 -12.884 -9.834 -11.158 -12.192 -12.807 -13.267 -11.311 -10.073 -11.625 -13.795 -14.115 -14.176 -11.772
6.005465 -7.691 -2.492 -3.458 -5.161 -7.948 -9.95 -8.065 -5.658 -8.079 -10.068 -11.653 -12.73 -5.435 -8.798 -10.927 -12.051 -12.822 -9.773 -11.096 -12.13 -12.746 -13.205 -11.25 -10.011 -11.564 -13.734 -14.054 -14.114 -11.71
6.187096 -7.629 -2.43 -3.396 -5.099 -7.886 -9.888 -8.004 -5.596 -8.017 -10.007 -11.591 -12.668 -5.373 -8.736 -10.865 -11.99 -12.761 -9.711 -11.034 -12.068 -12.684 -13.143 -11.188 -9.95 -11.502 -13.672 -13.992 -14.053 -11.648
6.37422 -7.567 -2.368 -3.334 -5.037 -7.824 -9.826 -7.942 -5.534 -7.955 -9.944 -11.529 -12.606 -5.311 -8.674 -10.803 -11.928 -12.698 -9.649 -10.972 -12.006 -12.622 -13.081 -11.126 -9.888 -11.44 -13.61 -13.93 -13.991 -11.586
6.567004 -7.505 -2.306 -3.272 -4.975 -7.762 -9.764 -7.879 -5.472 -7.893 -9.882 -11.467 -12.544 -5.249 -8.612 -10.741 -11.865 -12.636 -9.587 -10.91 -11.944 -12.56 -13.019 -11.064 -9.825 -11.377 -13.547 -13.868 -13.928 -11.524
6.765619 -7.442 -2.244 -3.209 -4.912 -7.699 -9.701 -7.817 -5.409 -7.83 -9.82 -11.405 -12.481 -5.186 -8.549 -10.678 -11.803 -12.574 -9.524 -10.848 -11.881 -12.497 -12.956 -11.001 -9.763 -11.315 -13.485 -13.805 -13.866 -11.461
6.97024 -7.379 -2.181 -3.147 -4.85 -7.636 -9.638 -7.754 -5.346 -7.767 -9.757 -11.342 -12.419 -5.124 -8.487 -10.615 -11.74 -12.511 -9.461 -10.785 -11.819 -12.434 -12.894 -10.938 -9.7 -11.252 -13.422 -13.742 -13.803 -11.399
7.181051 -7.316 -2.118 -3.084 -4.786 -7.573 -9.575 -7.691 -5.283 -7.704 -9.694 -11.279 -12.356 -5.061 -8.424 -10.552 -11.677 -12.448 -9.398 -10.722 -11.756 -12.371 -12.831 -10.875 -9.637 -11.189 -13.359 -13.679 -13.74 -11.336
7.398237 -7.253 -2.055 -3.02 -4.723 -7.51 -9.512 -7.628 -5.22 -7.641 -9.631 -11.216 -12.292 -4.997 -8.36 -10.489 -11.614 -12.385 -9.335 -10.659 -11.692 -12.308 -12.767 -10.812 -9.574 -11.126 -13.296 -13.616 -13.677 -11.272
7.621991 -7.19 -1.991 -2.957 -4.66 -7.447 -9.449 -7.564 -5.157 -7.578 -9.567 -11.152 -12.229 -4.934 -8.297 -10.426 -11.55 -12.321 -9.272 -10.595 -11.629 -12.245 -12.704 -10.749 -9.51 -11.062 -13.232 -13.553 -13.613 -11.209
7.852513 -7.126 -1.927 -2.893 -4.596 -7.383 -9.385 -7.501 -5.093 -7.514 -9.503 -11.088 -12.165 -4.87 -8.233 -10.362 -11.487 -12.257 -9.208 -10.531 -11.565 -12.181 -12.64 -10.685 -9.447 -10.999 -13.169 -13.489 -13.55 -11.145
8.090007 -7.062 -1.863 -2.829 -4.532 -7.319 -9.321 -7.437 -5.029 -7.45 -9.44 -11.024 -12.101 -4.806 -8.169 -10.298 -11.423 -12.194 -9.144 -10.467 -11.501 -12.117 -12.576 -10.621 -9.383 -10.935 -13.105 -13.425 -13.486 -11.081
8.334684 -6.998 -1.799 -2.765 -4.468 -7.255 -9.257 -7.372 -4.965 -7.386 -9.375 -10.96 -12.037 -4.742 -8.105 -10.234 -11.359 -12.129 -9.08 -10.403 -11.437 -12.053 -12.512 -10.557 -9.318 -10.871 -13.041 -13.361 -13.421 -11.017
8.586761 -6.933 -1.735 -2.701 -4.404 -7.19 -9.193 -7.308 -4.9 -7.321 -9.311 -10.896 -11.973 -4.678 -8.041 -10.169 -11.294 -12.065 -9.015 -10.339 -11.373 -11.988 -12.448 -10.492 -9.254 -10.806 -12.976 -13.296 -13.357 -10.953
8.846461 -6.869 -1.67 -2.636 -4.339 -7.126 -9.128 -7.243 -4.836 -7.257 -9.246 -10.831 -11.908 -4.613 -7.976 -10.105 -11.23 -12.0 -8.951 -10.274 -11.308 -11.924 -12.383 -10.428 -9.189 -10.742 -12.912 -13.232 -13.292 -10.888
9.114017 -6.804 -1.605 -2.571 -4.274 -7.061 -9.063 -7.179 -4.771 -7.192 -9.182 -10.766 -11.843 -4.548 -7.911 -10.04 -11.165 -11.936 -8.886 -10.209 -11.243 -11.859 -12.318 -10.363 -9.125 -10.677 -12.847 -13.167 -13.228 -10.823
9.389664 -6.739 -1.54 -2.506 -4.209 -6.996 -8.998 -7.114 -4.706 -7.127 -9.116 -10.701 -11.778 -4.483 -7.846 -9.975 -11.1 -11.87 -8.821 -10.144 -11.178 -11.794 -12.253 -10.298 -9.06 -10.612 -12.782 -13.102 -13.163 -10.758
9.673648 -6.674 -1.475 -2.441 -4.144 -6.931 -8.933 -7.048 -4.641 -7.062 -9.051 -10.636 -11.713 -4.418 -7.781 -9.91 -11.034 -11.805 -8.756 -10.079 -11.113 -11.729 -12.188 -10.233 -8.994 -10.546 -12.716 -13.037 -13.097 -10.693
9.966221 -6.608 -1.41 -2.375 -4.078 -6.865 -8.867 -6.983 -4.575 -6.996 -8.986 -10.571 -11.647 -4.352 -7.715 -9.844 -10.969 -11.74 -8.69 -10.014 -11.047 -11.663 -12.122 -10.167 -8.929 -10.481 -12.651 -12.971 -13.032 -10.627
10.267642 -6.542 -1.344 -2.31 -4.013 -6.799 -8.802 -6.917 -4.509 -6.93 -8.92 -10.505 -11.582 -4.287 -7.65 -9.779 -10.903 -11.674 -8.624 -9.948 -10.982 -11.597 -12.057 -10.102 -8.863 -10.415 -12.585 -12.905 -12.966 -10.562
10.57818 -6.476 -1.278 -2.244 -3.947 -6.734 -8.736 -6.851 -4.444 -6.865 -8.854 -10.439 -11.516 -4.221 -7.584 -9.713 -10.837 -11.608 -8.559 -9.882 -10.916 -11.532 -11.991 -10.036 -8.797 -10.349 -12.519 -12.84 -12.9 -10.496
10.89811 -6.41 -1.212 -2.178 -3.881 -6.667 -8.67 -6.785 -4.377 -6.798 -8.788 -10.373 -11.45 -4.155 -7.518 -9.646 -10.771 -11.542 -8.492 -9.816 -10.85 -11.465 -11.925 -9.97 -8.731 -10.283 -12.453 -12.773 -12.834 -10.43
11.227716 -6.344 -1.146 -2.111 -3.814 -6.601 -8.603 -6.719 -4.311 -6.732 -8.722 -10.307 -11.383 -4.088 -7.451 -9.58 -10.705 -11.476 -8.426 -9.75 -10.783 -11.399 -11.858 -9.903 -8.665 -10.217 -12.387 -12.707 -12.768 -10.363
11.56729 -6.278 -1.079 -2.045 -3.748 -6.535 -8.537 -6.652 -4.245 -6.666 -8.655 -10.24 -11.317 -4.022 -7.385 -9.514 -10.638 -11.409 -8.36 -9.683 -10.717 -11.333 -11.792 -9.837 -8.598 -10.15 -12.32 -12.641 -12.701 -10.297
11.917135 -6.211 -1.012 -1.978 -3.681 -6.468 -8.47 -6.586 -4.178 -6.599 -8.588 -10.173 -11.25 -3.955 -7.318 -9.447 -10.572 -11.342 -8.293 -9.616 -10.65 -11.266 -11.725 -9.77 -8.532 -10.084 -12.254 -12.574 -12.635 -10.23
12.277561 -6.144 -0.945 -1.911 -3.614 -6.401 -8.403 -6.519 -4.111 -6.532 -8.522 -10.106 -11.183 -3.888 -7.251 -9.38 -10.505 -11.276 -8.226 -9.549 -10.583 -11.199 -11.658 -9.703 -8.465 -10.017 -12.187 -12.507 -12.568 -10.163
12.648887 -6.077 -0.878 -1.844 -3.547 -6.334 -8.336 -6.452 -4.044 -6.465 -8.454 -10.039 -11.116 -3.821 -7.184 -9.313 -10.438 -11.208 -8.159 -9.482 -10.516 -11.132 -11.591 -9.636 -8.398 -9.95 -12.12 -12.44 -12.501 -10.096
13.031444 -6.01 -0.811 -1.777 -3.48 -6.267 -8.269 -6.384 -3.977 -6.398 -8.387 -9.972 -11.049 -3.754 -7.117 -9.246 -10.37 -11.141 -8.092 -9.415 -10.449 -11.065 -11.524 -9.569 -8.33 -9.882 -12.052 -12.373 -12.433 -10.029
13.425571 -5.942 -0.744 -1.709 -3.412 -6.199 -8.201 -6.317 -3.909 -6.33 -8.32 -9.905 -10.981 -3.686 -7.049 -9.178 -10.303 -11.074 -8.024 -9.348 -10.381 -10.997 -11.456 -9.501 -8.263 -9.815 -11.985 -12.305 -12.366 -9.961
13.831619 -5.874 -0.676 -1.642 -3.345 -6.131 -8.134 -6.249 -3.841 -6.262 -8.252 -9.837 -10.914 -3.619 -6.982 -9.111 -10.235 -11.006 -7.956 -9.28 -10.314 -10.93 -11.389 -9.434 -8.195 -9.747 -11.917 -12.238 -12.298 -9.894
14.249947 -5.807 -0.608 -1.574 -3.277 -6.064 -8.066 -6.181 -3.774 -6.195 -8.184 -9.769 -10.846 -3.551 -6.914 -9.043 -10.167 -10.938 -7.889 -9.212 -10.246 -10.862 -11.321 -9.366 -8.127 -9.679 -11.849 -12.17 -12.23 -9.826
14.680926 -5.739 -0.54 -1.506 -3.209 -5.996 -7.998 -6.113 -3.706 -6.127 -8.116 -9.701 -10.778 -3.483 -6.846 -8.975 -10.099 -10.87 -7.821 -9.144 -10.178 -10.794 -11.253 -9.298 -8.059 -9.611 -11.781 -12.102 -12.162 -9.758
15.124941 -5.67 -0.472 -1.438 -3.141 -5.927 -7.93 -6.045 -3.637 -6.058 -8.048 -9.633 -10.71 -3.415 -6.778 -8.907 -10.031 -10.802 -7.752 -9.076 -10.11 -10.725 -11.185 -9.23 -7.991 -9.543 -11.713 -12.034 -12.094 -9.69
15.582385 -5.602 -0.404 -1.369 -3.072 -5.859 -7.861 -5.977 -3.569 -5.99 -7.98 -9.565 -10.641 -3.346 -6.709 -8.838 -9.963 -10.734 -7.684 -9.008 -10.041 -10.657 -11.116 -9.161 -7.923 -9.475 -11.645 -11.965 -12.026 -9.621
16.053663 -5.533 -0.335 -1.301 -3.004 -5.791 -7.793 -5.908 -3.501 -5.922 -7.911 -9.496 -10.573 -3.278 -6.641 -8.77 -9.894 -10.665 -7.616 -8.939 -9.973 -10.589 -11.048 -9.093 -7.854 -9.406 -11.576 -11.897 -11.957 -9.553
16.539195 -5.465 -0.266 -1.232 -2.935 -5.722 -7.724 -5.84 -3.432 -5.853 -7.842 -9.427 -10.504 -3.209 -6.572 -8.701 -9.826 -10.596 -7.547 -8.87 -9.904 -10.52 -10.979 -9.024 -7.786 -9.338 -11.508 -11.828 -11.888 -9.484
17.039412 -5.396 -0.197 -1.163 -2.866 -5.653 -7.655 -5.771 -3.363 -5.784 -7.774 -9.358 -10.435 -3.14 -6.503 -8.632 -9.757 -10.528 -7.478 -8.801 -9.835 -10.451 -10.91 -8.955 -7.717 -9.269 -11.439 -11.759 -11.82 -9.415
17.554757 -5.327 -0.128 -1.094 -2.797 -5.584 -7.586 -5.702 -3.294 -5.715 -7.705 -9.289 -10.366 -3.071 -6.434 -8.563 -9.688 -10.459 -7.409 -8.732 -9.766 -10.382 -10.841 -8.886 -7.648 -9.2 -11.37 -11.69 -11.751 -9.346
18.085689 -5.258 -0.059 -1.025 -2.728 -5.515 -7.517 -5.632 -3.225 -5.646 -7.635 -9.22 -10.297 -3.002 -6.365 -8.494 -9.618 -10.389 -7.34 -8.663 -9.697 -10.313 -10.772 -8.817 -7.578 -9.13 -11.301 -11.621 -11.681 -9.277
18.632678 -5.188 0.01 -0.956 -2.659 -5.445 -7.448 -5.563 -3.155 -5.576 -7.566 -9.151 -10.228 -2.933 -6.296 -8.424 -9.549 -10.32 -7.27 -8.594 -9.628 -10.243 -10.703 -8.747 -7.509 -9.061 -11.231 -11.551 -11.612 -9.208
19.196211 -5.119 0.08 -0.886 -2.589 -5.376 -7.378 -5.494 -3.086 -5.507 -7.496 -9.081 -10.158 -2.863 -6.226 -8.355 -9.48 -10.25 -7.201 -8.524 -9.558 -10.174 -10.633 -8.678 -7.44 -8.992 -11.162 -11.482 -11.543 -9.138
19.776787 -5.049 0.149 -0.817 -2.519 -5.306 -7.308 -5.424 -3.016 -5.437 -7.427 -9.012 -10.089 -2.794 -6.157 -8.285 -9.41 -10.181 -7.131 -8.455 -9.489 -10.104 -10.563 -8.608 -7.37 -8.922 -11.092 -11.412 -11.473 -9.068
20.374923 -4.979 0.219 -0.747 -2.45 -5.236 -7.239 -5.354 -2.946 -5.367 -7.357 -8.942 -10.019 -2.724 -6.087 -8.215 -9.34 -10.111 -7.061 -8.385 -9.419 -10.034 -10.494 -8.539 -7.3 -8.852 -11.022 -11.342 -11.403 -8.999
20.991149 -4.909 0.289 -0.677 -2.38 -5.166 -7.169 -5.284 -2.876 -5.297 -7.287 -8.872 -9.949 -2.654 -6.017 -8.146 -9.27 -10.041 -6.991 -8.315 -9.349 -9.964 -10.424 -8.469 -7.23 -8.782 -10.952 -11.273 -11.333 -8.929
21.626011 -4.839 0.359 -0.607 -2.31 -5.096 -7.098 -5.214 -2.806 -5.227 -7.217 -8.802 -9.879 -2.584 -5.947 -8.075 -9.2 -9.971 -6.921 -8.245 -9.279 -9.894 -10.354 -8.398 -7.16 -8.712 -10.882 -11.202 -11.263 -8.859
22.280075 -4.769 0.429 -0.536 -2.239 -5.026 -7.028 -5.144 -2.736 -5.157 -7.147 -8.732 -9.808 -2.513 -5.876 -8.005 -9.13 -9.901 -6.851 -8.175 -9.208 -9.824 -10.283 -8.328 -7.09 -8.642 -10.812 -11.132 -11.193 -8.788
22.953921 -4.699 0.5 -0.466 -2.169 -4.956 -6.958 -5.073 -2.666 -5.087 -7.076 -8.661 -9.738 -2.443 -5.806 -7.935 -9.059 -9.83 -6.781 -8.104 -9.138 -9.754 -10.213 -8.258 -7.019 -8.571 -10.741 -11.062 -11.122 -8.718
23.648147 -4.628 0.57 -0.396 -2.098 -4.885 -6.887 -5.003 -2.595 -5.016 -7.006 -8.591 -9.667 -2.372 -5.735 -7.864 -8.989 -9.76 -6.71 -8.034 -9.067 -9.683 -10.142 -8.187 -6.949 -8.501 -10.671 -10.991 -11.052 -8.647
24.363369 -4.557 0.641 -0.325 -2.028 -4.814 -6.817 -4.932 -2.525 -4.945 -6.935 -8.52 -9.597 -2.302 -5.665 -7.794 -8.918 -9.689 -6.639 -7.963 -8.997 -9.613 -10.072 -8.117 -6.878 -8.43 -10.6 -10.921 -10.981 -8.577
25.100222 -4.487 0.712 -0.254 -1.957 -4.744 -6.746 -4.861 -2.454 -4.875 -6.864 -8.449 -9.526 -2.231 -5.594 -7.723 -8.847 -9.618 -6.569 -7.892 -8.926 -9.542 -10.001 -8.046 -6.807 -8.359 -10.529 -10.85 -10.91 -8.506
25.859362 -4.416 0.783 -0.183 -1.886 -4.673 -6.675 -4.79 -2.383 -4.804 -6.793 -8.378 -9.455 -2.16 -5.523 -7.652 -8.776 -9.547 -6.498 -7.821 -8.855 -9.471 -9.93 -7.975 -6.736 -8.288 -10.459 -10.779 -10.839 -8.435
