web/models/grb/onaxis/22/grb_0.0000_0.1931_0.0001000.dat
# %ECSV 1.0
# ---
# datatype:
# - {name: time, datatype: float64}
# - {name: swift_uvot_uvw2, datatype: float64}
# - {name: swift_uvot_uvm2, datatype: float64}
# - {name: swift_uvot_uvw1, datatype: float64}
# - {name: swift_uvot_U, datatype: float64}
# - {name: swift_uvot_B, datatype: float64}
# - {name: swift_uvot_V, datatype: float64}
# - {name: swift_uvot_W, datatype: float64}
# - {name: johnson_U, datatype: float64}
# - {name: johnson_B, datatype: float64}
# - {name: johnson_V, datatype: float64}
# - {name: johnson_R, datatype: float64}
# - {name: johnson_I, datatype: float64}
# - {name: sdss_u, datatype: float64}
# - {name: sdss_g, datatype: float64}
# - {name: sdss_r, datatype: float64}
# - {name: sdss_i, datatype: float64}
# - {name: sdss_z, datatype: float64}
# - {name: PS1_g, datatype: float64}
# - {name: PS1_r, datatype: float64}
# - {name: PS1_i, datatype: float64}
# - {name: PS1_z, datatype: float64}
# - {name: PS1_Y, datatype: float64}
# - {name: PS1_w, datatype: float64}
# - {name: ATLAS_c, datatype: float64}
# - {name: ATLAS_o, datatype: float64}
# - {name: ukirt_J, datatype: float64}
# - {name: ukirt_H, datatype: float64}
# - {name: ukirt_K, datatype: float64}
# - {name: Clear, datatype: float64}
# meta: !!omap
# - comment: [E = 8.378552168254816e-05, Eta0 = 8.02, GammaB = 12.0, dL = 0.012188, epsb = 6.760829753919819e-06, epse = 0.1, n = 0.0001,
#     p = 2.15, theta_obs = 0.0, xiN = 1.0, z = 0.0, type = grb, E_kiso = 0.19306977288832505]
# schema: astropy-2.0
time swift_uvot_uvw2 swift_uvot_uvm2 swift_uvot_uvw1 swift_uvot_U swift_uvot_B swift_uvot_V swift_uvot_W johnson_U johnson_B johnson_V johnson_R johnson_I sdss_u sdss_g sdss_r sdss_i sdss_z PS1_g PS1_r PS1_i PS1_z PS1_Y PS1_w ATLAS_c ATLAS_o ukirt_J ukirt_H ukirt_K Clear
[from data line 429]
276.1126 14.353 14.402 14.327 14.134 13.992 13.853 14.214 14.112 13.989 13.848 13.707 13.559 14.117 13.944 13.773 13.652 13.541 13.881 13.738 13.618 13.519 13.351 13.775 13.87 13.717 13.329 13.16 12.97 13.685
282.7734 14.384 14.433 14.358 14.165 14.023 13.884 14.245 14.143 14.021 13.879 13.738 13.59 14.148 13.975 13.804 13.683 13.572 13.912 13.769 13.649 13.55 13.382 13.806 13.901 13.748 13.36 13.191 13.001 13.716
289.5947 14.415 14.464 14.389 14.196 14.054 13.915 14.276 14.174 14.052 13.91 13.769 13.621 14.179 14.007 13.835 13.714 13.603 13.943 13.8 13.68 13.581 13.413 13.837 13.932 13.779 13.391 13.222 13.032 13.747
296.5807 14.457 14.506 14.431 14.238 14.096 13.957 14.318 14.216 14.094 13.952 13.811 13.663 14.221 14.048 13.877 13.756 13.645 13.985 13.842 13.722 13.623 13.455 13.879 13.974 13.821 13.433 13.264 13.074 13.789
303.7351 14.502 14.551 14.476 14.284 14.141 14.002 14.363 14.261 14.139 13.997 13.856 13.708 14.266 14.094 13.922 13.801 13.69 14.03 13.887 13.767 13.668 13.5 13.924 14.019 13.866 13.478 13.309 13.119 13.834
311.0622 14.547 14.596 14.522 14.329 14.186 14.047 14.408 14.306 14.184 14.042 13.901 13.753 14.311 14.139 13.967 13.846 13.736 14.075 13.932 13.813 13.714 13.545 13.969 14.064 13.912 13.524 13.354 13.164 13.879
318.566 14.592 14.642 14.567 14.374 14.231 14.092 14.453 14.351 14.229 14.087 13.947 13.798 14.356 14.184 14.012 13.891 13.781 14.12 13.978 13.858 13.759 13.59 14.014 14.109 13.957 13.569 13.399 13.209 13.924
326.2508 14.637 14.687 14.612 14.419 14.277 14.137 14.498 14.397 14.274 14.132 13.992 13.843 14.402 14.229 14.057 13.936 13.826 14.165 14.023 13.903 13.804 13.636 14.059 14.155 14.002 13.614 13.445 13.254 13.969
334.121 14.682 14.732 14.657 14.464 14.322 14.183 14.543 14.442 14.319 14.177 14.037 13.888 14.447 14.274 14.102 13.982 13.871 14.21 14.068 13.948 13.849 13.681 14.105 14.2 14.047 13.659 13.49 13.299 14.014
342.181 14.728 14.777 14.702 14.509 14.367 14.228 14.589 14.487 14.364 14.223 14.082 13.933 14.492 14.319 14.147 14.027 13.916 14.256 14.113 13.993 13.894 13.726 14.15 14.245 14.092 13.704 13.535 13.344 14.059
350.4355 14.773 14.822 14.747 14.554 14.412 14.273 14.634 14.532 14.41 14.268 14.127 13.979 14.537 14.364 14.193 14.072 13.961 14.301 14.158 14.038 13.939 13.771 14.195 14.29 14.137 13.749 13.58 13.39 14.105
358.8891 14.818 14.867 14.792 14.6 14.457 14.318 14.679 14.577 14.455 14.313 14.172 14.024 14.582 14.41 14.238 14.117 14.006 14.346 14.203 14.083 13.984 13.816 14.24 14.335 14.182 13.794 13.625 13.435 14.15
367.5467 14.863 14.912 14.838 14.645 14.502 14.363 14.724 14.622 14.5 14.358 14.218 14.069 14.627 14.455 14.283 14.162 14.052 14.391 14.248 14.129 14.03 13.861 14.285 14.38 14.228 13.84 13.67 13.48 14.195
376.4131 14.932 14.982 14.907 14.714 14.571 14.432 14.793 14.691 14.569 14.427 14.287 14.138 14.696 14.524 14.352 14.231 14.121 14.46 14.317 14.198 14.099 13.93 14.354 14.449 14.297 13.909 13.739 13.549 14.264
385.4933 15.003 15.053 14.978 14.785 14.643 14.504 14.864 14.763 14.64 14.498 14.358 14.209 14.768 14.595 14.423 14.303 14.192 14.531 14.389 14.269 14.17 14.002 14.426 14.521 14.368 13.98 13.811 13.62 14.335
394.7926 15.075 15.124 15.049 14.857 14.714 14.575 14.936 14.834 14.712 14.57 14.429 14.281 14.839 14.667 14.495 14.374 14.263 14.603 14.46 14.34 14.241 14.073 14.497 14.592 14.439 14.051 13.882 13.692 14.407
404.3163 15.146 15.196 15.121 14.928 14.786 14.646 15.007 14.906 14.783 14.641 14.501 14.352 14.911 14.738 14.566 14.445 14.335 14.674 14.532 14.412 14.313 14.145 14.568 14.664 14.511 14.123 13.954 13.763 14.478
414.0697 15.218 15.267 15.192 14.999 14.857 14.718 15.079 14.977 14.854 14.713 14.572 14.424 14.982 14.809 14.638 14.517 14.406 14.746 14.603 14.483 14.384 14.216 14.64 14.735 14.582 14.194 14.025 13.835 14.55
424.0583 15.289 15.338 15.264 15.071 14.928 14.789 15.15 15.048 14.926 14.784 14.644 14.495 15.053 14.881 14.709 14.588 14.478 14.817 14.674 14.555 14.456 14.287 14.711 14.806 14.654 14.266 14.096 13.906 14.621
434.2879 15.36 15.41 15.335 15.142 15.0 14.861 15.221 15.12 14.997 14.855 14.715 14.566 15.125 14.952 14.78 14.66 14.549 14.888 14.746 14.626 14.527 14.359 14.783 14.878 14.725 14.337 14.168 13.977 14.692
444.7643 15.432 15.481 15.406 15.213 15.071 14.932 15.293 15.191 15.069 14.927 14.786 14.638 15.196 15.024 14.852 14.731 14.62 14.96 14.817 14.697 14.598 14.43 14.854 14.949 14.796 14.408 14.239 14.049 14.764
455.4934 15.503 15.553 15.478 15.285 15.142 15.003 15.364 15.262 15.14 14.998 14.858 14.709 15.268 15.095 14.923 14.802 14.692 15.031 14.889 14.769 14.67 14.501 14.925 15.021 14.868 14.48 14.31 14.12 14.835
466.4814 15.576 15.626 15.551 15.358 15.216 15.077 15.437 15.336 15.213 15.071 14.931 14.782 15.341 15.168 14.996 14.876 14.765 15.104 14.962 14.842 14.743 14.575 14.999 15.094 14.941 14.553 14.384 14.193 14.908
477.7344 15.682 15.732 15.657 15.464 15.321 15.182 15.543 15.441 15.319 15.177 15.037 14.888 15.446 15.274 15.102 14.981 14.871 15.21 15.067 14.948 14.849 14.68 15.104 15.199 15.047 14.659 14.489 14.299 15.014
489.2588 15.788 15.837 15.762 15.569 15.427 15.288 15.649 15.547 15.424 15.283 15.142 14.994 15.552 15.379 15.208 15.087 14.976 15.316 15.173 15.053 14.954 14.786 15.21 15.305 15.152 14.764 14.595 14.405 15.12
501.0613 15.893 15.943 15.868 15.675 15.532 15.393 15.754 15.652 15.53 15.388 15.248 15.099 15.658 15.485 15.313 15.192 15.082 15.421 15.279 15.159 15.06 14.892 15.315 15.411 15.258 14.87 14.7 14.51 15.225
513.1485 15.999 16.048 15.973 15.78 15.638 15.499 15.86 15.758 15.636 15.494 15.353 15.205 15.763 15.591 15.419 15.298 15.187 15.527 15.384 15.264 15.165 14.997 15.421 15.516 15.363 14.975 14.806 14.616 15.331
525.5272 16.104 16.154 16.079 15.886 15.744 15.605 15.965 15.864 15.741 15.599 15.459 15.31 15.869 15.696 15.524 15.404 15.293 15.632 15.49 15.37 15.271 15.103 15.527 15.622 15.469 15.081 14.912 14.721 15.436
538.2046 16.21 16.259 16.185 15.992 15.849 15.71 16.071 15.969 15.847 15.705 15.564 15.416 15.974 15.802 15.63 15.509 15.399 15.738 15.595 15.476 15.377 15.208 15.632 15.727 15.575 15.187 15.017 14.827 15.542
551.1878 16.316 16.365 16.29 16.097 15.955 15.816 16.177 16.075 15.952 15.811 15.67 15.521 16.08 15.907 15.735 15.615 15.504 15.844 15.701 15.581 15.482 15.314 15.738 15.833 15.68 15.292 15.123 14.932 15.647
564.4842 16.421 16.471 16.396 16.203 16.06 15.921 16.282 16.18 16.058 15.916 15.776 15.627 16.185 16.013 15.841 15.72 15.61 15.949 15.807 15.687 15.588 15.419 15.843 15.938 15.786 15.398 15.228 15.038 15.753
578.1013 16.527 16.576 16.501 16.308 16.166 16.027 16.388 16.286 16.164 16.022 15.881 15.733 16.291 16.118 15.947 15.826 15.715 16.055 15.912 15.792 15.693 15.525 15.949 16.044 15.891 15.503 15.334 15.144 15.859
592.0469 16.645 16.695 16.62 16.427 16.285 16.146 16.506 16.405 16.282 16.14 16.0 15.851 16.41 16.237 16.065 15.945 15.834 16.173 16.031 15.911 15.812 15.644 16.068 16.163 16.01 15.622 15.453 15.262 15.977
606.329 16.817 16.867 16.792 16.599 16.456 16.317 16.678 16.576 16.454 16.312 16.172 16.023 16.581 16.409 16.237 16.116 16.006 16.345 16.202 16.083 15.984 15.815 16.239 16.334 16.182 15.794 15.624 15.434 16.149
620.9555 16.989 17.038 16.963 16.77 16.628 16.489 16.85 16.748 16.626 16.484 16.343 16.195 16.753 16.58 16.409 16.288 16.177 16.517 16.374 16.254 16.155 15.987 16.411 16.506 16.353 15.965 15.796 15.606 16.321
635.9349 17.16 17.21 17.135 16.942 16.8 16.661 17.021 16.92 16.797 16.655 16.515 16.366 16.925 16.752 16.58 16.46 16.349 16.688 16.546 16.426 16.327 16.159 16.583 16.678 16.525 16.137 15.968 15.777 16.492
651.2757 17.332 17.382 17.307 17.114 16.971 16.832 17.193 17.091 16.969 16.827 16.687 16.538 17.096 16.924 16.752 16.631 16.521 16.86 16.717 16.598 16.499 16.33 16.754 16.849 16.697 16.309 16.139 15.949 16.664
666.9865 17.504 17.553 17.478 17.285 17.143 17.004 17.365 17.263 17.141 16.999 16.858 16.71 17.268 17.095 16.924 16.803 16.692 17.032 16.889 16.769 16.67 16.502 16.926 17.021 16.868 16.48 16.311 16.121 16.836
683.0763 17.675 17.725 17.65 17.457 17.315 17.175 17.536 17.435 17.312 17.17 17.03 16.881 17.44 17.267 17.095 16.975 16.864 17.203 17.061 16.941 16.842 16.674 17.098 17.193 17.04 16.652 16.483 16.292 17.007
699.5543 17.847 17.896 17.822 17.629 17.486 17.347 17.708 17.606 17.484 17.342 17.202 17.053 17.611 17.439 17.267 17.146 17.036 17.375 17.232 17.113 17.014 16.845 17.269 17.364 17.212 16.824 16.654 16.464 17.179
716.4297 18.019 18.068 17.993 17.8 17.658 17.519 17.88 17.778 17.656 17.514 17.373 17.225 17.783 17.61 17.439 17.318 17.207 17.547 17.404 17.284 17.185 17.017 17.441 17.536 17.383 16.995 16.826 16.636 17.351
733.7123 18.19 18.24 18.165 17.972 17.83 17.69 18.051 17.95 17.827 17.685 17.545 17.396 17.955 17.782 17.61 17.49 17.379 17.718 17.576 17.456 17.357 17.189 17.612 17.708 17.555 17.167 16.998 16.807 17.522
751.4117 18.418 18.467 18.392 18.199 18.057 17.918 18.279 18.177 18.054 17.913 17.772 17.624 18.182 18.009 17.838 17.717 17.606 17.946 17.803 17.683 17.584 17.416 17.84 17.935 17.782 17.394 17.225 17.035 17.75
769.5381 18.752 18.802 18.727 18.534 18.392 18.253 18.613 18.512 18.389 18.247 18.107 17.958 18.517 18.344 18.172 18.052 17.941 18.28 18.138 18.018 17.919 17.751 18.175 18.27 18.117 17.729 17.56 17.369 18.084
788.1018 19.087 19.137 19.062 18.869 18.727 18.587 18.948 18.847 18.724 18.582 18.442 18.293 18.852 18.679 18.507 18.386 18.276 18.615 18.473 18.353 18.254 18.086 18.509 18.605 18.452 18.064 17.895 17.704 18.419
807.1133 19.422 19.472 19.397 19.204 19.061 18.922 19.283 19.181 19.059 18.917 18.777 18.628 19.186 19.014 18.842 18.721 18.611 18.95 18.808 18.688 18.589 18.42 18.844 18.939 18.787 18.399 18.229 18.039 18.754
826.5834 19.757 19.806 19.732 19.539 19.396 19.257 19.618 19.516 19.394 19.252 19.111 18.963 19.521 19.349 19.177 19.056 18.945 19.285 19.142 19.023 18.924 18.755 19.179 19.274 19.121 18.734 18.564 18.374 19.089
846.5232 20.092 20.141 20.066 19.873 19.731 19.592 19.953 19.851 19.729 19.587 19.446 19.298 19.856 19.683 19.512 19.391 19.28 19.62 19.477 19.357 19.258 19.09 19.514 19.609 19.456 19.068 18.899 18.709 19.424
866.944 20.427 20.476 20.401 20.208 20.066 19.927 20.288 20.186 20.063 19.922 19.781 19.633 20.191 20.018 19.846 19.726 19.615 19.955 19.812 19.692 19.593 19.425 19.849 19.944 19.791 19.403 19.234 19.044 19.759
887.8575 20.761 20.811 20.736 20.543 20.401 20.262 20.622 20.521 20.398 20.256 20.116 19.967 20.526 20.353 20.181 20.061 19.95 20.289 20.147 20.027 19.928 19.76 20.184 20.279 20.126 19.738 19.569 19.378 20.093
909.2754 21.096 21.146 21.071 20.878 20.736 20.596 20.957 20.856 20.733 20.591 20.451 20.302 20.861 20.688 20.516 20.395 20.285 20.624 20.482 20.362 20.263 20.095 20.518 20.614 20.461 20.073 19.904 19.713 20.428
931.21 21.431 21.481 21.406 21.213 21.07 20.931 21.292 21.19 21.068 20.926 20.786 20.637 21.195 21.023 20.851 20.73 20.62 20.959 20.816 20.697 20.598 20.429 20.853 20.948 20.796 20.408 20.238 20.048 20.763
953.6737 21.766 21.815 21.741 21.548 21.405 21.266 21.627 21.525 21.403 21.261 21.12 20.972 21.53 21.358 21.186 21.065 20.954 21.294 21.151 21.031 20.932 20.764 21.188 21.283 21.13 20.742 20.573 20.383 21.098
976.6793 22.101 22.15 22.075 21.882 21.74 21.601 21.962 21.86 21.738 21.596 21.455 21.307 21.865 21.692 21.521 21.4 21.289 21.629 21.486 21.366 21.267 21.099 21.523 21.618 21.465 21.077 20.908 20.718 21.433
1000.2399 22.436 22.485 22.41 22.217 22.075 21.936 22.296 22.195 22.072 21.931 21.79 21.641 22.2 22.027 21.855 21.735 21.624 21.964 21.821 21.701 21.602 21.434 21.858 21.953 21.8 21.412 21.243 21.052 21.767
1024.3688 22.77 22.82 22.745 22.552 22.41 22.271 22.631 22.53 22.407 22.265 22.125 21.976 22.535 22.362 22.19 22.07 21.959 22.298 22.156 22.036 21.937 21.769 22.193 22.288 22.135 21.747 21.578 21.387 22.102
1049.0798 23.105 23.155 23.08 22.887 22.744 22.605 22.966 22.864 22.742 22.6 22.46 22.311 22.87 22.697 22.525 22.404 22.294 22.633 22.491 22.371 22.272 22.104 22.527 22.623 22.47 22.082 21.912 21.722 22.437
1074.3869 23.44 23.49 23.415 23.222 23.079 22.94 23.301 23.199 23.077 22.935 22.795 22.646 23.204 23.032 22.86 22.739 22.629 22.968 22.825 22.706 22.607 22.438 22.862 22.957 22.805 22.417 22.247 22.057 22.772
1100.3045 23.775 23.824 23.749 23.557 23.414 23.275 23.636 23.534 23.412 23.27 23.129 22.981 23.539 23.367 23.195 23.074 22.963 23.303 23.16 23.04 22.941 22.773 23.197 23.292 23.139 22.751 22.582 22.392 23.107
1126.8473 24.11 24.159 24.084 23.891 23.749 23.61 23.971 23.869 23.747 23.605 23.464 23.316 23.874 23.701 23.53 23.409 23.298 23.638 23.495 23.375 23.276 23.108 23.532 23.627 23.474 23.086 22.917 22.727 23.442
1154.0304 24.445 24.494 24.419 24.226 24.084 23.945 24.305 24.204 24.081 23.94 23.799 23.65 24.209 24.036 23.864 23.744 23.633 23.972 23.83 23.71 23.611 23.443 23.867 23.962 23.809 23.421 23.252 23.061 23.776
1181.8693 24.779 24.829 24.754 24.561 24.419 24.279 24.64 24.539 24.416 24.274 24.134 23.985 24.544 24.371 24.199 24.079 23.968 24.307 24.165 24.045 23.946 23.778 24.201 24.297 24.144 23.756 23.587 23.396 24.111
1210.3797 25.114 25.164 25.089 24.896 24.753 24.614 24.975 24.873 24.751 24.609 24.469 24.32 24.878 24.706 24.534 24.413 24.303 24.642 24.5 24.38 24.281 24.112 24.536 24.632 24.479 24.091 23.921 23.731 24.446
1239.5778 25.449 25.498 25.424 25.231 25.088 24.949 25.31 25.208 25.086 24.944 24.804 24.655 25.213 25.041 24.869 24.748 24.638 24.977 24.834 24.715 24.616 24.447 24.871 24.966 24.814 24.426 24.256 24.066 24.781
1269.4803 25.784 25.833 25.758 25.565 25.423 25.284 25.645 25.543 25.421 25.279 25.138 24.99 25.548 25.376 25.204 25.083 24.972 25.312 25.169 25.049 24.95 24.782 25.206 25.301 25.148 24.76 24.591 24.401 25.116
1300.1042 26.119 26.168 26.093 25.9 25.758 25.619 25.98 25.878 25.756 25.614 25.473 25.325 25.883 25.71 25.539 25.418 25.307 25.647 25.504 25.384 25.285 25.117 25.541 25.636 25.483 25.095 24.926 24.736 25.451
1331.4668 26.454 26.503 26.428 26.235 26.093 25.954 26.314 26.213 26.09 25.948 25.808 25.659 26.218 26.045 25.873 25.753 25.642 25.981 25.839 25.719 25.62 25.452 25.876 25.971 25.818 25.43 25.261 25.07 25.785
1363.586 26.788 26.838 26.763 26.57 26.428 26.288 26.649 26.548 26.425 26.283 26.143 25.994 26.553 26.38 26.208 26.087 25.977 26.316 26.174 26.054 25.955 25.787 26.21 26.306 26.153 25.765 25.596 25.405 26.12
1396.48 27.123 27.173 27.098 26.905 26.762 26.623 26.984 26.882 26.76 26.618 26.478 26.329 26.887 26.715 26.543 26.422 26.312 26.651 26.509 26.389 26.29 26.121 26.545 26.64 26.488 26.1 25.93 25.74 26.455
1430.1675 27.458 27.507 27.433 27.24 27.097 26.958 27.319 27.217 27.095 26.953 26.812 26.664 27.222 27.05 26.878 26.757 26.647 26.986 26.843 26.724 26.625 26.456 26.88 26.975 26.823 26.435 26.265 26.075 26.79
1464.6676 27.793 27.842 27.767 27.574 27.432 27.293 27.654 27.552 27.43 27.288 27.147 26.999 27.557 27.385 27.213 27.092 26.981 27.321 27.178 27.058 26.959 26.791 27.215 27.31 27.157 26.769 26.6 26.41 27.125
1500.0 28.128 28.177 28.102 27.909 27.767 27.628 27.989 27.887 27.764 27.623 27.482 27.334 27.892 27.719 27.548 27.427 27.316 27.656 27.513 27.393 27.294 27.126 27.55 27.645 27.492 27.104 26.935 26.745 27.46
