web/models/grb/onaxis/22/grb_0.0000_13.8950_0.0000251.dat
# %ECSV 1.0
# ---
# datatype:
# - {name: time, datatype: float64}
# - {name: swift_uvot_uvw2, datatype: float64}
# - {name: swift_uvot_uvm2, datatype: float64}
# - {name: swift_uvot_uvw1, datatype: float64}
# - {name: swift_uvot_U, datatype: float64}
# - {name: swift_uvot_B, datatype: float64}
# - {name: swift_uvot_V, datatype: float64}
# - {name: swift_uvot_W, datatype: float64}
# - {name: johnson_U, datatype: float64}
# - {name: johnson_B, datatype: float64}
# - {name: johnson_V, datatype: float64}
# - {name: johnson_R, datatype: float64}
# - {name: johnson_I, datatype: float64}
# - {name: sdss_u, datatype: float64}
# - {name: sdss_g, datatype: float64}
# - {name: sdss_r, datatype: float64}
# - {name: sdss_i, datatype: float64}
# - {name: sdss_z, datatype: float64}
# - {name: PS1_g, datatype: float64}
# - {name: PS1_r, datatype: float64}
# - {name: PS1_i, datatype: float64}
# - {name: PS1_z, datatype: float64}
# - {name: PS1_Y, datatype: float64}
# - {name: PS1_w, datatype: float64}
# - {name: ATLAS_c, datatype: float64}
# - {name: ATLAS_o, datatype: float64}
# - {name: ukirt_J, datatype: float64}
# - {name: ukirt_H, datatype: float64}
# - {name: ukirt_K, datatype: float64}
# - {name: Clear, datatype: float64}
# meta: !!omap
# - comment: [E = 0.006029923955985727, Eta0 = 8.02, GammaB = 12.0, dL = 0.012188, epsb = 6.760829753919819e-06, epse = 0.1, n = 2.5118864315095822e-05,
#     p = 2.15, theta_obs = 0.0, xiN = 1.0, z = 0.0, type = grb, E_kiso = 13.894954943731374]
# schema: astropy-2.0
time swift_uvot_uvw2 swift_uvot_uvm2 swift_uvot_uvw1 swift_uvot_U swift_uvot_B swift_uvot_V swift_uvot_W johnson_U johnson_B johnson_V johnson_R johnson_I sdss_u sdss_g sdss_r sdss_i sdss_z PS1_g PS1_r PS1_i PS1_z PS1_Y PS1_w ATLAS_c ATLAS_o ukirt_J ukirt_H ukirt_K Clear
[from data line 314]
17.8068 2.28 2.329 2.254 2.062 1.919 1.78 2.141 2.039 1.917 1.775 1.634 1.486 2.044 1.872 1.7 1.579 1.468 1.808 1.665 1.545 1.446 1.278 1.702 1.797 1.644 1.256 1.087 0.897 1.612
18.2363 2.34 2.39 2.315 2.122 1.98 1.841 2.201 2.1 1.977 1.835 1.695 1.546 2.105 1.932 1.76 1.64 1.529 1.868 1.726 1.606 1.507 1.339 1.763 1.858 1.705 1.317 1.148 0.957 1.672
18.6762 2.401 2.45 2.376 2.183 2.04 1.901 2.262 2.16 2.038 1.896 1.755 1.607 2.165 1.993 1.821 1.7 1.589 1.929 1.786 1.666 1.567 1.399 1.823 1.918 1.765 1.377 1.208 1.018 1.733
19.1268 2.461 2.511 2.436 2.243 2.101 1.962 2.322 2.221 2.098 1.956 1.816 1.667 2.226 2.053 1.881 1.761 1.65 1.989 1.847 1.727 1.628 1.46 1.884 1.979 1.826 1.438 1.269 1.078 1.793
19.5882 2.522 2.571 2.497 2.304 2.161 2.022 2.383 2.281 2.159 2.017 1.876 1.728 2.286 2.114 1.942 1.821 1.71 2.05 1.907 1.788 1.689 1.52 1.944 2.039 1.886 1.499 1.329 1.139 1.854
20.0607 2.582 2.632 2.557 2.364 2.222 2.083 2.443 2.342 2.219 2.077 1.937 1.788 2.347 2.174 2.002 1.882 1.771 2.11 1.968 1.848 1.749 1.581 2.005 2.1 1.947 1.559 1.39 1.199 1.914
20.5446 2.643 2.692 2.618 2.425 2.282 2.143 2.504 2.402 2.28 2.138 1.997 1.849 2.407 2.235 2.063 1.942 1.832 2.171 2.028 1.909 1.81 1.641 2.065 2.16 2.008 1.62 1.45 1.26 1.975
21.0402 2.704 2.753 2.678 2.485 2.343 2.204 2.564 2.463 2.34 2.198 2.058 1.909 2.468 2.295 2.123 2.003 1.892 2.231 2.089 1.969 1.87 1.702 2.126 2.221 2.068 1.68 1.511 1.32 2.035
21.5478 2.764 2.813 2.739 2.546 2.403 2.264 2.625 2.523 2.401 2.259 2.119 1.97 2.528 2.356 2.184 2.063 1.953 2.292 2.149 2.03 1.931 1.762 2.186 2.281 2.129 1.741 1.571 1.381 2.096
22.0676 2.825 2.874 2.799 2.606 2.464 2.325 2.685 2.584 2.461 2.32 2.179 2.03 2.589 2.416 2.244 2.124 2.013 2.353 2.21 2.09 1.991 1.823 2.247 2.342 2.189 1.801 1.632 1.441 2.156
22.5999 2.883 2.932 2.858 2.665 2.522 2.383 2.744 2.642 2.52 2.378 2.237 2.089 2.647 2.475 2.303 2.182 2.072 2.411 2.268 2.149 2.05 1.881 2.305 2.4 2.248 1.86 1.69 1.5 2.215
23.1451 2.941 2.991 2.916 2.723 2.581 2.441 2.802 2.701 2.578 2.436 2.296 2.147 2.706 2.533 2.361 2.24 2.13 2.469 2.327 2.207 2.108 1.94 2.363 2.459 2.306 1.918 1.749 1.558 2.273
23.7034 3.0 3.049 2.974 2.781 2.639 2.5 2.861 2.759 2.636 2.495 2.354 2.206 2.764 2.591 2.42 2.299 2.188 2.528 2.385 2.265 2.166 1.998 2.422 2.517 2.364 1.976 1.807 1.617 2.332
24.2752 3.058 3.107 3.033 2.84 2.697 2.558 2.919 2.817 2.695 2.553 2.412 2.264 2.822 2.65 2.478 2.357 2.246 2.586 2.443 2.324 2.225 2.056 2.48 2.575 2.422 2.035 1.865 1.675 2.39
24.8608 3.116 3.166 3.091 2.898 2.756 2.616 2.977 2.876 2.753 2.611 2.471 2.322 2.881 2.708 2.536 2.415 2.305 2.644 2.502 2.382 2.283 2.115 2.538 2.634 2.481 2.093 1.924 1.733 2.448
25.4606 3.175 3.224 3.149 2.956 2.814 2.675 3.036 2.934 2.811 2.67 2.529 2.381 2.939 2.766 2.594 2.474 2.363 2.703 2.56 2.44 2.341 2.173 2.597 2.692 2.539 2.151 1.982 1.791 2.506
26.0748 3.233 3.282 3.208 3.015 2.872 2.733 3.094 2.992 2.87 2.728 2.587 2.439 2.997 2.825 2.653 2.532 2.421 2.761 2.618 2.498 2.399 2.231 2.655 2.75 2.597 2.209 2.04 1.85 2.565
26.7038 3.291 3.341 3.266 3.073 2.93 2.791 3.152 3.05 2.928 2.786 2.646 2.497 3.056 2.883 2.711 2.59 2.48 2.819 2.677 2.557 2.458 2.29 2.713 2.809 2.656 2.268 2.098 1.908 2.623
27.3479 3.35 3.399 3.324 3.131 2.989 2.85 3.21 3.109 2.986 2.845 2.704 2.555 3.114 2.941 2.769 2.649 2.538 2.878 2.735 2.615 2.516 2.348 2.772 2.867 2.714 2.326 2.157 1.966 2.681
28.0077 3.408 3.457 3.382 3.189 3.047 2.908 3.268 3.167 3.044 2.902 2.762 2.613 3.172 2.999 2.827 2.707 2.596 2.935 2.793 2.673 2.574 2.406 2.83 2.925 2.772 2.384 2.215 2.024 2.739
28.6833 3.461 3.511 3.436 3.243 3.101 2.961 3.322 3.221 3.098 2.956 2.816 2.667 3.226 3.053 2.881 2.761 2.65 2.989 2.847 2.727 2.628 2.46 2.883 2.979 2.826 2.438 2.269 2.078 2.793
29.3752 3.515 3.565 3.49 3.297 3.154 3.015 3.376 3.274 3.152 3.01 2.87 2.721 3.28 3.107 2.935 2.814 2.704 3.043 2.901 2.781 2.682 2.513 2.937 3.033 2.88 2.492 2.322 2.132 2.847
30.0838 3.569 3.619 3.544 3.351 3.208 3.069 3.43 3.328 3.206 3.064 2.924 2.775 3.333 3.161 2.989 2.868 2.758 3.097 2.954 2.835 2.736 2.567 2.991 3.086 2.934 2.546 2.376 2.186 2.901
30.8096 3.623 3.672 3.598 3.405 3.262 3.123 3.484 3.382 3.26 3.118 2.977 2.829 3.387 3.215 3.043 2.922 2.811 3.151 3.008 2.888 2.789 2.621 3.045 3.14 2.987 2.599 2.43 2.24 2.955
31.5528 3.677 3.726 3.651 3.458 3.316 3.177 3.538 3.436 3.314 3.172 3.031 2.883 3.441 3.268 3.097 2.976 2.865 3.205 3.062 2.942 2.843 2.675 3.099 3.194 3.041 2.653 2.484 2.294 3.009
32.3139 3.731 3.78 3.705 3.512 3.37 3.231 3.592 3.49 3.367 3.226 3.085 2.937 3.495 3.322 3.15 3.03 2.919 3.259 3.116 2.996 2.897 2.729 3.153 3.248 3.095 2.707 2.538 2.347 3.062
33.0935 3.784 3.834 3.759 3.566 3.424 3.285 3.645 3.544 3.421 3.279 3.139 2.99 3.549 3.376 3.204 3.084 2.973 3.312 3.17 3.05 2.951 2.783 3.207 3.302 3.149 2.761 2.592 2.401 3.116
33.8918 3.838 3.888 3.813 3.62 3.478 3.338 3.699 3.598 3.475 3.333 3.193 3.044 3.603 3.43 3.258 3.137 3.027 3.366 3.224 3.104 3.005 2.837 3.26 3.356 3.203 2.815 2.646 2.455 3.17
34.7093 3.892 3.942 3.867 3.674 3.531 3.392 3.753 3.651 3.529 3.387 3.247 3.098 3.656 3.484 3.312 3.191 3.081 3.42 3.278 3.158 3.059 2.89 3.314 3.409 3.257 2.869 2.699 2.509 3.224
35.5466 3.946 3.996 3.921 3.728 3.585 3.446 3.807 3.705 3.583 3.441 3.301 3.152 3.71 3.538 3.366 3.245 3.135 3.474 3.332 3.212 3.113 2.944 3.368 3.463 3.311 2.923 2.753 2.563 3.278
36.4041 4.001 4.05 3.975 3.782 3.64 3.501 3.861 3.76 3.637 3.496 3.355 3.206 3.765 3.592 3.42 3.3 3.189 3.529 3.386 3.266 3.167 2.999 3.423 3.518 3.365 2.977 2.808 2.617 3.332
37.2823 4.055 4.104 4.03 3.837 3.694 3.555 3.916 3.814 3.692 3.55 3.409 3.261 3.819 3.647 3.475 3.354 3.244 3.583 3.44 3.321 3.222 3.053 3.477 3.572 3.42 3.032 2.862 2.672 3.387
38.1817 4.109 4.159 4.084 3.891 3.749 3.61 3.97 3.869 3.746 3.604 3.464 3.315 3.874 3.701 3.529 3.409 3.298 3.637 3.495 3.375 3.276 3.108 3.532 3.627 3.474 3.086 2.917 2.726 3.441
39.1028 4.164 4.213 4.139 3.946 3.803 3.664 4.025 3.923 3.801 3.659 3.518 3.37 3.928 3.756 3.584 3.463 3.352 3.692 3.549 3.429 3.33 3.162 3.586 3.681 3.528 3.14 2.971 2.781 3.496
40.046 4.218 4.268 4.193 4.0 3.858 3.718 4.079 3.978 3.855 3.713 3.573 3.424 3.983 3.81 3.638 3.518 3.407 3.746 3.604 3.484 3.385 3.217 3.64 3.736 3.583 3.195 3.026 2.835 3.55
41.0121 4.273 4.322 4.247 4.054 3.912 3.773 4.134 4.032 3.91 3.768 3.627 3.479 4.037 3.865 3.693 3.572 3.461 3.801 3.658 3.538 3.439 3.271 3.695 3.79 3.637 3.249 3.08 2.89 3.605
42.0014 4.327 4.377 4.302 4.109 3.966 3.827 4.188 4.087 3.964 3.822 3.682 3.533 4.092 3.919 3.747 3.626 3.516 3.855 3.713 3.593 3.494 3.326 3.749 3.845 3.692 3.304 3.134 2.944 3.659
43.0146 4.382 4.431 4.356 4.163 4.021 3.882 4.243 4.141 4.019 3.877 3.736 3.588 4.146 3.973 3.802 3.681 3.57 3.91 3.767 3.647 3.548 3.38 3.804 3.899 3.746 3.358 3.189 2.999 3.714
44.0523 4.436 4.486 4.411 4.218 4.075 3.936 4.297 4.195 4.073 3.931 3.791 3.642 4.2 4.028 3.856 3.735 3.625 3.964 3.822 3.702 3.603 3.434 3.858 3.953 3.801 3.413 3.243 3.053 3.768
45.1149 4.49 4.539 4.464 4.271 4.129 3.99 4.35 4.249 4.126 3.985 3.844 3.695 4.254 4.081 3.909 3.789 3.678 4.018 3.875 3.755 3.656 3.488 3.912 4.007 3.854 3.466 3.297 3.106 3.821
46.2033 4.541 4.591 4.516 4.323 4.18 4.041 4.402 4.3 4.178 4.036 3.896 3.747 4.305 4.133 3.961 3.84 3.73 4.069 3.927 3.807 3.708 3.539 3.963 4.058 3.906 3.518 3.348 3.158 3.873
47.3178 4.593 4.642 4.567 4.374 4.232 4.093 4.454 4.352 4.23 4.088 3.947 3.799 4.357 4.185 4.013 3.892 3.781 4.121 3.978 3.858 3.759 3.591 4.015 4.11 3.957 3.569 3.4 3.21 3.925
48.4593 4.644 4.694 4.619 4.426 4.284 4.145 4.505 4.404 4.281 4.139 3.999 3.85 4.409 4.236 4.064 3.944 3.833 4.172 4.03 3.91 3.811 3.643 4.067 4.162 4.009 3.621 3.452 3.261 3.976
49.6283 4.696 4.745 4.671 4.478 4.335 4.196 4.557 4.455 4.333 4.191 4.051 3.902 4.46 4.288 4.116 3.995 3.885 4.224 4.081 3.962 3.863 3.694 4.118 4.213 4.061 3.673 3.503 3.313 4.028
50.8255 4.748 4.797 4.722 4.529 4.387 4.248 4.609 4.507 4.384 4.243 4.102 3.954 4.512 4.339 4.168 4.047 3.936 4.276 4.133 4.013 3.914 3.746 4.17 4.265 4.112 3.724 3.555 3.365 4.08
52.0515 4.799 4.849 4.774 4.581 4.439 4.299 4.66 4.559 4.436 4.294 4.154 4.005 4.564 4.391 4.219 4.098 3.988 4.327 4.185 4.065 3.966 3.798 4.221 4.317 4.164 3.776 3.607 3.416 4.131
53.3072 4.851 4.9 4.826 4.633 4.49 4.351 4.712 4.61 4.488 4.346 4.205 4.057 4.615 4.443 4.271 4.15 4.039 4.379 4.236 4.116 4.017 3.849 4.273 4.368 4.215 3.827 3.658 3.468 4.183
54.5931 4.903 4.952 4.877 4.684 4.542 4.403 4.763 4.662 4.539 4.397 4.257 4.108 4.667 4.494 4.322 4.202 4.091 4.43 4.288 4.168 4.069 3.901 4.325 4.42 4.267 3.879 3.71 3.519 4.234
55.9101 4.954 5.004 4.929 4.736 4.593 4.454 4.815 4.713 4.591 4.449 4.309 4.16 4.718 4.546 4.374 4.253 4.143 4.482 4.34 4.22 4.121 3.952 4.376 4.471 4.319 3.931 3.761 3.571 4.286
57.2588 5.005 5.054 4.979 4.786 4.644 4.505 4.866 4.764 4.641 4.5 4.359 4.211 4.769 4.596 4.424 4.304 4.193 4.533 4.39 4.27 4.171 4.003 4.427 4.522 4.369 3.981 3.812 3.622 4.337
58.6401 5.054 5.103 5.029 4.836 4.693 4.554 4.915 4.813 4.691 4.549 4.408 4.26 4.818 4.646 4.474 4.353 4.243 4.582 4.439 4.32 4.221 4.052 4.476 4.571 4.419 4.031 3.861 3.671 4.386
60.0546 5.103 5.153 5.078 4.885 4.743 4.603 4.964 4.863 4.74 4.598 4.458 4.309 4.868 4.695 4.523 4.403 4.292 4.631 4.489 4.369 4.27 4.102 4.526 4.621 4.468 4.08 3.911 3.72 4.435
61.5034 5.153 5.202 5.127 4.934 4.792 4.653 5.014 4.912 4.79 4.648 4.507 4.359 4.917 4.744 4.573 4.452 4.341 4.681 4.538 4.418 4.319 4.151 4.575 4.67 4.517 4.129 3.96 3.77 4.485
62.987 5.202 5.252 5.177 4.984 4.841 4.702 5.063 4.961 4.839 4.697 4.557 4.408 4.966 4.794 4.622 4.501 4.391 4.73 4.588 4.468 4.369 4.2 4.624 4.719 4.567 4.179 4.009 3.819 4.534
64.5065 5.252 5.301 5.226 5.033 4.891 4.752 5.112 5.011 4.888 4.746 4.606 4.457 5.016 4.843 4.671 4.551 4.44 4.779 4.637 4.517 4.418 4.25 4.674 4.769 4.616 4.228 4.059 3.868 4.583
66.0626 5.301 5.35 5.275 5.083 4.94 4.801 5.162 5.06 4.938 4.796 4.655 4.507 5.065 4.893 4.721 4.6 4.489 4.829 4.686 4.566 4.467 4.299 4.723 4.818 4.665 4.277 4.108 3.918 4.633
67.6562 5.35 5.4 5.325 5.132 4.99 4.85 5.211 5.11 4.987 4.845 4.705 4.556 5.115 4.942 4.77 4.649 4.539 4.878 4.736 4.616 4.517 4.349 4.772 4.868 4.715 4.327 4.158 3.967 4.682
69.2883 5.4 5.449 5.374 5.181 5.039 4.9 5.261 5.159 5.036 4.895 4.754 4.606 5.164 4.991 4.82 4.699 4.588 4.928 4.785 4.665 4.566 4.398 4.822 4.917 4.764 4.376 4.207 4.017 4.732
70.9597 5.449 5.498 5.424 5.231 5.088 4.949 5.31 5.208 5.086 4.944 4.804 4.655 5.213 5.041 4.869 4.748 4.638 4.977 4.834 4.715 4.616 4.447 4.871 4.966 4.814 4.426 4.256 4.066 4.781
72.6715 5.499 5.548 5.473 5.28 5.138 4.999 5.36 5.258 5.136 4.994 4.853 4.705 5.263 5.091 4.919 4.798 4.687 5.027 4.884 4.764 4.665 4.497 4.921 5.016 4.863 4.475 4.306 4.116 4.831
74.4246 5.549 5.598 5.523 5.33 5.188 5.049 5.41 5.308 5.186 5.044 4.903 4.755 5.313 5.141 4.969 4.848 4.737 5.077 4.934 4.814 4.715 4.547 4.971 5.066 4.913 4.525 4.356 4.166 4.881
76.2199 5.599 5.648 5.573 5.38 5.238 5.099 5.46 5.358 5.236 5.094 4.953 4.805 5.363 5.191 5.019 4.898 4.787 5.127 4.984 4.864 4.765 4.597 5.021 5.116 4.963 4.575 4.406 4.216 4.931
78.0586 5.649 5.698 5.623 5.43 5.288 5.149 5.51 5.408 5.286 5.144 5.003 4.855 5.413 5.241 5.069 4.948 4.837 5.177 5.034 4.914 4.815 4.647 5.071 5.166 5.013 4.625 4.456 4.266 4.981
79.9416 5.699 5.748 5.673 5.48 5.338 5.199 5.56 5.458 5.336 5.194 5.053 4.905 5.463 5.291 5.119 4.998 4.887 5.227 5.084 4.964 4.865 4.697 5.121 5.216 5.063 4.675 4.506 4.316 5.031
81.87 5.749 5.798 5.723 5.53 5.388 5.249 5.61 5.508 5.386 5.244 5.103 4.955 5.513 5.341 5.169 5.048 4.937 5.277 5.134 5.014 4.915 4.747 5.171 5.266 5.113 4.725 4.556 4.366 5.081
83.845 5.799 5.848 5.773 5.58 5.438 5.299 5.66 5.558 5.436 5.294 5.153 5.005 5.563 5.391 5.219 5.098 4.987 5.327 5.184 5.064 4.965 4.797 5.221 5.316 5.163 4.775 4.606 4.416 5.131
85.8676 5.849 5.898 5.823 5.631 5.488 5.349 5.71 5.608 5.486 5.344 5.203 5.055 5.613 5.441 5.269 5.148 5.037 5.377 5.234 5.114 5.015 4.847 5.271 5.366 5.213 4.825 4.656 4.466 5.181
87.939 5.899 5.948 5.873 5.681 5.538 5.399 5.76 5.658 5.536 5.394 5.253 5.105 5.663 5.491 5.319 5.198 5.087 5.427 5.284 5.164 5.065 4.897 5.321 5.416 5.263 4.875 4.706 4.516 5.231
90.0604 5.949 5.998 5.923 5.731 5.588 5.449 5.81 5.708 5.586 5.444 5.303 5.155 5.713 5.541 5.369 5.248 5.137 5.477 5.334 5.214 5.115 4.947 5.371 5.466 5.313 4.925 4.756 4.566 5.281
92.2329 5.996 6.046 5.971 5.778 5.636 5.496 5.857 5.756 5.633 5.491 5.351 5.202 5.761 5.588 5.416 5.295 5.185 5.524 5.382 5.262 5.163 4.995 5.418 5.514 5.361 4.973 4.804 4.613 5.328
94.4579 6.043 6.093 6.018 5.825 5.682 5.543 5.904 5.802 5.68 5.538 5.398 5.249 5.807 5.635 5.463 5.342 5.232 5.571 5.428 5.309 5.21 5.041 5.465 5.56 5.408 5.02 4.85 4.66 5.375
96.7365 6.09 6.139 6.064 5.871 5.729 5.59 5.951 5.849 5.727 5.585 5.444 5.296 5.854 5.682 5.51 5.389 5.278 5.618 5.475 5.355 5.256 5.088 5.512 5.607 5.454 5.066 4.897 4.707 5.422
99.0701 6.137 6.186 6.111 5.918 5.776 5.637 5.998 5.896 5.773 5.632 5.491 5.343 5.901 5.728 5.556 5.436 5.325 5.665 5.522 5.402 5.303 5.135 5.559 5.654 5.501 5.113 4.944 4.754 5.469
101.4599 6.183 6.233 6.158 5.965 5.823 5.683 6.044 5.943 5.82 5.678 5.538 5.389 5.948 5.775 5.603 5.483 5.372 5.711 5.569 5.449 5.35 5.182 5.606 5.701 5.548 5.16 4.991 4.8 5.515
103.9075 6.23 6.28 6.205 6.012 5.869 5.73 6.091 5.989 5.867 5.725 5.585 5.436 5.994 5.822 5.65 5.529 5.419 5.758 5.616 5.496 5.397 5.228 5.652 5.747 5.595 5.207 5.037 4.847 5.562
106.4141 6.277 6.326 6.252 6.059 5.916 5.777 6.138 6.036 5.914 5.772 5.631 5.483 6.041 5.869 5.697 5.576 5.465 5.805 5.662 5.542 5.443 5.275 5.699 5.794 5.641 5.253 5.084 4.894 5.609
108.9811 6.324 6.373 6.298 6.105 5.963 5.824 6.185 6.083 5.961 5.819 5.678 5.53 6.088 5.915 5.744 5.623 5.512 5.852 5.709 5.589 5.49 5.322 5.746 5.841 5.688 5.3 5.131 4.941 5.656
111.6101 6.37 6.42 6.345 6.152 6.01 5.871 6.231 6.13 6.007 5.865 5.725 5.576 6.135 5.962 5.79 5.67 5.559 5.898 5.756 5.636 5.537 5.369 5.793 5.888 5.735 5.347 5.178 4.987 5.702
114.3025 6.417 6.467 6.392 6.199 6.056 5.917 6.278 6.176 6.054 5.912 5.772 5.623 6.182 6.009 5.837 5.716 5.606 5.945 5.803 5.683 5.584 5.415 5.839 5.935 5.782 5.394 5.224 5.034 5.749
117.0598 6.463 6.513 6.438 6.245 6.102 5.963 6.324 6.222 6.1 5.958 5.818 5.669 6.228 6.055 5.883 5.762 5.652 5.991 5.849 5.729 5.63 5.461 5.885 5.981 5.828 5.44 5.27 5.08 5.795
119.8836 6.509 6.559 6.484 6.291 6.148 6.009 6.37 6.268 6.146 6.004 5.864 5.715 6.273 6.101 5.929 5.808 5.698 6.037 5.895 5.775 5.676 5.507 5.931 6.026 5.874 5.486 5.316 5.126 5.841
122.7756 6.555 6.605 6.53 6.337 6.194 6.055 6.416 6.314 6.192 6.05 5.91 5.761 6.319 6.147 5.975 5.854 5.744 6.083 5.941 5.821 5.722 5.553 5.977 6.072 5.92 5.532 5.362 5.172 5.887
125.7373 6.601 6.651 6.576 6.383 6.24 6.101 6.462 6.36 6.238 6.096 5.956 5.807 6.365 6.193 6.021 5.9 5.79 6.129 5.986 5.867 5.768 5.599 6.023 6.118 5.966 5.578 5.408 5.218 5.933
128.7705 6.647 6.696 6.622 6.429 6.286 6.147 6.508 6.406 6.284 6.142 6.002 5.853 6.411 6.239 6.067 5.946 5.836 6.175 6.032 5.913 5.814 5.645 6.069 6.164 6.012 5.624 5.454 5.264 5.979
131.8769 6.693 6.742 6.668 6.475 6.332 6.193 6.554 6.452 6.33 6.188 6.047 5.899 6.457 6.285 6.113 5.992 5.882 6.221 6.078 5.959 5.86 5.691 6.115 6.21 6.058 5.67 5.5 5.31 6.025
135.0582 6.739 6.788 6.714 6.521 6.378 6.239 6.6 6.498 6.376 6.234 6.093 5.945 6.503 6.331 6.159 6.038 5.927 6.267 6.124 6.004 5.905 5.737 6.161 6.256 6.103 5.716 5.546 5.356 6.071
138.3162 6.785 6.834 6.759 6.567 6.424 6.285 6.646 6.544 6.422 6.28 6.139 5.991 6.549 6.377 6.205 6.084 5.973 6.313 6.17 6.05 5.951 5.783 6.207 6.302 6.149 5.761 5.592 5.402 6.117
141.6528 6.831 6.88 6.805 6.612 6.47 6.331 6.692 6.59 6.468 6.326 6.185 6.037 6.595 6.423 6.251 6.13 6.019 6.359 6.216 6.096 5.997 5.829 6.253 6.348 6.195 5.807 5.638 5.448 6.163
