web/models/grb/onaxis/22/grb_0.0000_0.0373_1.0000000.dat
# %ECSV 1.0
# ---
# datatype:
# - {name: time, datatype: float64}
# - {name: swift_uvot_uvw2, datatype: float64}
# - {name: swift_uvot_uvm2, datatype: float64}
# - {name: swift_uvot_uvw1, datatype: float64}
# - {name: swift_uvot_U, datatype: float64}
# - {name: swift_uvot_B, datatype: float64}
# - {name: swift_uvot_V, datatype: float64}
# - {name: swift_uvot_W, datatype: float64}
# - {name: johnson_U, datatype: float64}
# - {name: johnson_B, datatype: float64}
# - {name: johnson_V, datatype: float64}
# - {name: johnson_R, datatype: float64}
# - {name: johnson_I, datatype: float64}
# - {name: sdss_u, datatype: float64}
# - {name: sdss_g, datatype: float64}
# - {name: sdss_r, datatype: float64}
# - {name: sdss_i, datatype: float64}
# - {name: sdss_z, datatype: float64}
# - {name: PS1_g, datatype: float64}
# - {name: PS1_r, datatype: float64}
# - {name: PS1_i, datatype: float64}
# - {name: PS1_z, datatype: float64}
# - {name: PS1_Y, datatype: float64}
# - {name: ukirt_J, datatype: float64}
# - {name: ukirt_H, datatype: float64}
# - {name: ukirt_K, datatype: float64}
# meta: !!omap
# - comment: [E = 1.6176451642579403e-05, Eta0 = 8.02, GammaB = 12.0, dL = 0.012188, epsb = 6.760829753919819e-06, epse = 0.1, n = 1.0,
#     p = 2.15, theta_obs = 0.0, xiN = 1.0, z = 0.0, type = grb, E_kiso = 0.0372759372031494]
# schema: astropy-2.0
time swift_uvot_uvw2 swift_uvot_uvm2 swift_uvot_uvw1 swift_uvot_U swift_uvot_B swift_uvot_V swift_uvot_W johnson_U johnson_B johnson_V johnson_R johnson_I sdss_u sdss_g sdss_r sdss_i sdss_z PS1_g PS1_r PS1_i PS1_z PS1_Y ukirt_J ukirt_H ukirt_K
[from data line 295]
11.3212 9.185 9.235 9.16 8.967 8.824 8.685 9.046 8.945 8.822 8.68 8.54 8.391 8.95 8.777 8.605 8.484 8.374 8.713 8.571 8.451 8.352 8.184 8.162 7.992 7.802
11.5943 9.257 9.306 9.231 9.038 8.896 8.757 9.118 9.016 8.893 8.752 8.611 8.463 9.021 8.848 8.677 8.556 8.445 8.785 8.642 8.522 8.423 8.255 8.233 8.064 7.874
11.874 9.328 9.377 9.303 9.11 8.967 8.828 9.189 9.087 8.965 8.823 8.683 8.534 9.092 8.92 8.748 8.627 8.517 8.856 8.713 8.594 8.495 8.326 8.305 8.135 7.945
12.1605 9.399 9.449 9.374 9.181 9.039 8.9 9.26 9.159 9.036 8.894 8.754 8.605 9.164 8.991 8.819 8.699 8.588 8.927 8.785 8.665 8.566 8.398 8.376 8.207 8.016
12.4538 9.471 9.52 9.445 9.252 9.11 8.971 9.332 9.23 9.108 8.966 8.825 8.677 9.235 9.063 8.891 8.77 8.659 8.999 8.856 8.736 8.637 8.469 8.447 8.278 8.088
12.7542 9.571 9.621 9.546 9.353 9.211 9.071 9.432 9.331 9.208 9.066 8.926 8.777 9.336 9.163 8.991 8.87 8.76 9.099 8.957 8.837 8.738 8.57 8.548 8.379 8.188
13.0619 9.677 9.726 9.652 9.459 9.316 9.177 9.538 9.436 9.314 9.172 9.031 8.883 9.441 9.269 9.097 8.976 8.865 9.205 9.062 8.942 8.843 8.675 8.653 8.484 8.294
13.377 9.783 9.832 9.757 9.564 9.422 9.283 9.643 9.542 9.419 9.277 9.137 8.988 9.547 9.374 9.202 9.082 8.971 9.31 9.168 9.048 8.949 8.781 8.759 8.59 8.399
13.6997 9.888 9.938 9.863 9.67 9.527 9.388 9.749 9.647 9.525 9.383 9.243 9.094 9.652 9.48 9.308 9.187 9.077 9.416 9.273 9.154 9.055 8.886 8.865 8.695 8.505
14.0302 9.994 10.043 9.968 9.775 9.633 9.494 9.855 9.753 9.631 9.489 9.348 9.2 9.758 9.585 9.414 9.293 9.182 9.522 9.379 9.259 9.16 8.992 8.97 8.801 8.611
14.3686 10.099 10.149 10.074 9.881 9.738 9.599 9.96 9.859 9.736 9.594 9.454 9.305 9.864 9.691 9.519 9.398 9.288 9.627 9.485 9.365 9.266 9.098 9.076 8.907 8.716
14.7153 10.205 10.254 10.179 9.986 9.844 9.705 10.066 9.964 9.842 9.7 9.559 9.411 9.969 9.797 9.625 9.504 9.393 9.733 9.59 9.47 9.371 9.203 9.181 9.012 8.822
15.0702 10.31 10.36 10.285 10.092 9.95 9.811 10.171 10.07 9.947 9.805 9.665 9.516 10.075 9.902 9.73 9.61 9.499 9.838 9.696 9.576 9.477 9.309 9.287 9.118 8.927
15.4338 10.416 10.465 10.391 10.198 10.055 9.916 10.277 10.175 10.053 9.911 9.771 9.622 10.18 10.008 9.836 9.715 9.605 9.944 9.801 9.682 9.583 9.414 9.393 9.223 9.033
15.8061 10.522 10.571 10.496 10.303 10.161 10.022 10.383 10.281 10.158 10.017 9.876 9.728 10.286 10.113 9.941 9.821 9.71 10.05 9.907 9.787 9.688 9.52 9.498 9.329 9.139
16.1874 10.693 10.742 10.668 10.475 10.332 10.193 10.554 10.452 10.33 10.188 10.047 9.899 10.457 10.285 10.113 9.992 9.881 10.221 10.078 9.958 9.859 9.691 9.669 9.5 9.31
16.5779 10.865 10.914 10.839 10.646 10.504 10.365 10.726 10.624 10.501 10.36 10.219 10.07 10.629 10.456 10.284 10.164 10.053 10.393 10.25 10.13 10.031 9.863 9.841 9.672 9.481
16.9778 11.036 11.086 11.011 10.818 10.675 10.536 10.897 10.796 10.673 10.531 10.391 10.242 10.801 10.628 10.456 10.335 10.225 10.564 10.422 10.302 10.203 10.035 10.013 9.843 9.653
17.3873 11.208 11.257 11.183 10.99 10.847 10.708 11.069 10.967 10.845 10.703 10.562 10.414 10.972 10.8 10.628 10.507 10.396 10.736 10.593 10.473 10.374 10.206 10.184 10.015 9.825
17.8068 11.38 11.429 11.354 11.161 11.019 10.88 11.24 11.139 11.016 10.875 10.734 10.585 11.144 10.971 10.799 10.679 10.568 10.908 10.765 10.645 10.546 10.378 10.356 10.187 9.996
18.2363 11.551 11.601 11.526 11.333 11.19 11.051 11.412 11.31 11.188 11.046 10.906 10.757 11.316 11.143 10.971 10.85 10.74 11.079 10.937 10.817 10.718 10.549 10.528 10.358 10.168
18.6762 11.723 11.772 11.697 11.505 11.362 11.223 11.584 11.482 11.36 11.218 11.077 10.929 11.487 11.315 11.143 11.022 10.911 11.251 11.108 10.988 10.889 10.721 10.699 10.53 10.34
19.1268 11.895 11.944 11.869 11.676 11.534 11.395 11.755 11.654 11.531 11.39 11.249 11.1 11.659 11.486 11.314 11.194 11.083 11.423 11.28 11.16 11.061 10.893 10.871 10.702 10.511
19.5882 12.066 12.116 12.041 11.848 11.705 11.566 11.927 11.825 11.703 11.561 11.421 11.272 11.831 11.658 11.486 11.365 11.255 11.594 11.452 11.332 11.233 11.064 11.043 10.873 10.683
20.0607 12.26 12.31 12.235 12.042 11.9 11.76 12.121 12.02 11.897 11.755 11.615 11.466 12.025 11.852 11.68 11.56 11.449 11.788 11.646 11.526 11.427 11.259 11.237 11.068 10.877
20.5446 12.595 12.645 12.57 12.377 12.234 12.095 12.456 12.354 12.232 12.09 11.95 11.801 12.359 12.187 12.015 11.894 11.784 12.123 11.981 11.861 11.762 11.593 11.572 11.402 11.212
21.0402 12.93 12.979 12.905 12.712 12.569 12.43 12.791 12.689 12.567 12.425 12.284 12.136 12.694 12.522 12.35 12.229 12.119 12.458 12.315 12.196 12.097 11.928 11.907 11.737 11.547
21.5478 13.265 13.314 13.239 13.046 12.904 12.765 13.126 13.024 12.902 12.76 12.619 12.471 13.029 12.857 12.685 12.564 12.453 12.793 12.65 12.53 12.431 12.263 12.241 12.072 11.882
22.0676 13.6 13.649 13.574 13.381 13.239 13.1 13.461 13.359 13.236 13.095 12.954 12.806 13.364 13.191 13.02 12.899 12.788 13.128 12.985 12.865 12.766 12.598 12.576 12.407 12.217
22.5999 13.934 13.984 13.909 13.716 13.574 13.435 13.795 13.694 13.571 13.429 13.289 13.14 13.699 13.526 13.354 13.234 13.123 13.462 13.32 13.2 13.101 12.933 12.911 12.742 12.551
23.1451 14.269 14.319 14.244 14.051 13.909 13.769 14.13 14.029 13.906 13.764 13.624 13.475 14.034 13.861 13.689 13.568 13.458 13.797 13.655 13.535 13.436 13.268 13.246 13.077 12.886
23.7034 14.604 14.654 14.579 14.386 14.243 14.104 14.465 14.363 14.241 14.099 13.959 13.81 14.368 14.196 14.024 13.903 13.793 14.132 13.99 13.87 13.771 13.602 13.581 13.411 13.221
24.2752 14.939 14.988 14.914 14.721 14.578 14.439 14.8 14.698 14.576 14.434 14.293 14.145 14.703 14.531 14.359 14.238 14.127 14.467 14.324 14.205 14.106 13.937 13.916 13.746 13.556
24.8608 15.274 15.323 15.248 15.055 14.913 14.774 15.135 15.033 14.911 14.769 14.628 14.48 15.038 14.865 14.694 14.573 14.462 14.802 14.659 14.539 14.44 14.272 14.25 14.081 13.891
25.4606 15.609 15.658 15.583 15.39 15.248 15.109 15.47 15.368 15.245 15.104 14.963 14.815 15.373 15.2 15.028 14.908 14.797 15.137 14.994 14.874 14.775 14.607 14.585 14.416 14.226
26.0748 15.943 15.993 15.918 15.725 15.583 15.444 15.804 15.703 15.58 15.438 15.298 15.149 15.708 15.535 15.363 15.243 15.132 15.471 15.329 15.209 15.11 14.942 14.92 14.751 14.56
26.7038 16.278 16.328 16.253 16.06 15.918 15.778 16.139 16.038 15.915 15.773 15.633 15.484 16.043 15.87 15.698 15.577 15.467 15.806 15.664 15.544 15.445 15.277 15.255 15.086 14.895
27.3479 16.613 16.663 16.588 16.395 16.252 16.113 16.474 16.372 16.25 16.108 15.968 15.819 16.377 16.205 16.033 15.912 15.802 16.141 15.998 15.879 15.78 15.611 15.59 15.42 15.23
28.0077 16.948 16.997 16.923 16.73 16.587 16.448 16.809 16.707 16.585 16.443 16.302 16.154 16.712 16.54 16.368 16.247 16.136 16.476 16.333 16.213 16.114 15.946 15.924 15.755 15.565
28.6833 17.283 17.332 17.257 17.064 16.922 16.783 17.144 17.042 16.92 16.778 16.637 16.489 17.047 16.874 16.703 16.582 16.471 16.811 16.668 16.548 16.449 16.281 16.259 16.09 15.9
29.3752 17.618 17.667 17.592 17.399 17.257 17.118 17.478 17.377 17.254 17.113 16.972 16.823 17.382 17.209 17.037 16.917 16.806 17.146 17.003 16.883 16.784 16.616 16.594 16.425 16.234
30.0838 17.952 18.002 17.927 17.734 17.592 17.453 17.813 17.712 17.589 17.447 17.307 17.158 17.717 17.544 17.372 17.252 17.141 17.48 17.338 17.218 17.119 16.951 16.929 16.76 16.569
30.8096 18.287 18.337 18.262 18.069 17.926 17.787 18.148 18.046 17.924 17.782 17.642 17.493 18.052 17.879 17.707 17.586 17.476 17.815 17.673 17.553 17.454 17.286 17.264 17.094 16.904
31.5528 18.622 18.672 18.597 18.404 18.261 18.122 18.483 18.381 18.259 18.117 17.977 17.828 18.386 18.214 18.042 17.921 17.811 18.15 18.007 17.888 17.789 17.62 17.599 17.429 17.239
32.3139 18.957 19.006 18.931 18.739 18.596 18.457 18.818 18.716 18.594 18.452 18.311 18.163 18.721 18.549 18.377 18.256 18.145 18.485 18.342 18.222 18.123 17.955 17.933 17.764 17.574
33.0935 19.292 19.341 19.266 19.073 18.931 18.792 19.153 19.051 18.929 18.787 18.646 18.498 19.056 18.883 18.712 18.591 18.48 18.82 18.677 18.557 18.458 18.29 18.268 18.099 17.909
33.8918 19.627 19.676 19.601 19.408 19.266 19.127 19.487 19.386 19.263 19.121 18.981 18.832 19.391 19.218 19.046 18.926 18.815 19.154 19.012 18.892 18.793 18.625 18.603 18.434 18.243
34.7093 19.961 20.011 19.936 19.743 19.601 19.461 19.822 19.721 19.598 19.456 19.316 19.167 19.726 19.553 19.381 19.261 19.15 19.489 19.347 19.227 19.128 18.96 18.938 18.769 18.578
35.5466 20.296 20.346 20.271 20.078 19.935 19.796 20.157 20.055 19.933 19.791 19.651 19.502 20.06 19.888 19.716 19.595 19.485 19.824 19.682 19.562 19.463 19.294 19.273 19.103 18.913
36.4041 20.631 20.68 20.606 20.413 20.27 20.131 20.492 20.39 20.268 20.126 19.985 19.837 20.395 20.223 20.051 19.93 19.82 20.159 20.016 19.897 19.798 19.629 19.608 19.438 19.248
37.2823 20.966 21.015 20.94 20.747 20.605 20.466 20.827 20.725 20.603 20.461 20.32 20.172 20.73 20.558 20.386 20.265 20.154 20.494 20.351 20.231 20.132 19.964 19.942 19.773 19.583
38.1817 21.301 21.35 21.275 21.082 20.94 20.801 21.162 21.06 20.938 20.796 20.655 20.507 21.065 20.892 20.721 20.6 20.489 20.829 20.686 20.566 20.467 20.299 20.277 20.108 19.918
39.1028 21.636 21.685 21.61 21.417 21.275 21.136 21.496 21.395 21.272 21.13 20.99 20.841 21.4 21.227 21.055 20.935 20.824 21.163 21.021 20.901 20.802 20.634 20.612 20.443 20.252
40.046 21.97 22.02 21.945 21.752 21.61 21.47 21.831 21.73 21.607 21.465 21.325 21.176 21.735 21.562 21.39 21.269 21.159 21.498 21.356 21.236 21.137 20.969 20.947 20.778 20.587
41.0121 22.305 22.355 22.28 22.087 21.944 21.805 22.166 22.064 21.942 21.8 21.66 21.511 22.069 21.897 21.725 21.604 21.494 21.833 21.691 21.571 21.472 21.303 21.282 21.112 20.922
42.0014 22.64 22.689 22.615 22.422 22.279 22.14 22.501 22.399 22.277 22.135 21.994 21.846 22.404 22.232 22.06 21.939 21.829 22.168 22.025 21.906 21.807 21.638 21.617 21.447 21.257
43.0146 22.975 23.024 22.949 22.756 22.614 22.475 22.836 22.734 22.612 22.47 22.329 22.181 22.739 22.567 22.395 22.274 22.163 22.503 22.36 22.24 22.141 21.973 21.951 21.782 21.592
44.0523 23.31 23.359 23.284 23.091 22.949 22.81 23.171 23.069 22.946 22.805 22.664 22.516 23.074 22.901 22.729 22.609 22.498 22.838 22.695 22.575 22.476 22.308 22.286 22.117 21.927
45.1149 23.644 23.694 23.619 23.426 23.284 23.145 23.505 23.404 23.281 23.139 22.999 22.85 23.409 23.236 23.064 22.944 22.833 23.172 23.03 22.91 22.811 22.643 22.621 22.452 22.261
46.2033 23.979 24.029 23.954 23.761 23.619 23.479 23.84 23.739 23.616 23.474 23.334 23.185 23.744 23.571 23.399 23.278 23.168 23.507 23.365 23.245 23.146 22.978 22.956 22.787 22.596
47.3178 24.314 24.364 24.289 24.096 23.953 23.814 24.175 24.073 23.951 23.809 23.669 23.52 24.078 23.906 23.734 23.613 23.503 23.842 23.7 23.58 23.481 23.312 23.291 23.121 22.931
48.4593 24.649 24.698 24.624 24.431 24.288 24.149 24.51 24.408 24.286 24.144 24.003 23.855 24.413 24.241 24.069 23.948 23.837 24.177 24.034 23.915 23.815 23.647 23.626 23.456 23.266
49.6283 24.984 25.033 24.958 24.765 24.623 24.484 24.845 24.743 24.621 24.479 24.338 24.19 24.748 24.575 24.404 24.283 24.172 24.512 24.369 24.249 24.15 23.982 23.96 23.791 23.601
50.8255 25.319 25.368 25.293 25.1 24.958 24.819 25.18 25.078 24.955 24.814 24.673 24.525 25.083 24.91 24.738 24.618 24.507 24.847 24.704 24.584 24.485 24.317 24.295 24.126 23.935
52.0515 25.653 25.703 25.628 25.435 25.293 25.154 25.514 25.413 25.29 25.148 25.008 24.859 25.418 25.245 25.073 24.953 24.842 25.181 25.039 24.919 24.82 24.652 24.63 24.461 24.27
53.3072 25.988 26.038 25.963 25.77 25.627 25.488 25.849 25.748 25.625 25.483 25.343 25.194 25.753 25.58 25.408 25.287 25.177 25.516 25.374 25.254 25.155 24.987 24.965 24.795 24.605
54.5931 26.323 26.373 26.298 26.105 25.962 25.823 26.184 26.082 25.96 25.818 25.678 25.529 26.087 25.915 25.743 25.622 25.512 25.851 25.708 25.589 25.49 25.321 25.3 25.13 24.94
55.9101 26.658 26.707 26.633 26.44 26.297 26.158 26.519 26.417 26.295 26.153 26.012 25.864 26.422 26.25 26.078 25.957 25.846 26.186 26.043 25.923 25.824 25.656 25.634 25.465 25.275
57.2588 26.993 27.042 26.967 26.774 26.632 26.493 26.854 26.752 26.63 26.488 26.347 26.199 26.757 26.584 26.413 26.292 26.181 26.521 26.378 26.258 26.159 25.991 25.969 25.8 25.61
58.6401 27.328 27.377 27.302 27.109 26.967 26.828 27.188 27.087 26.964 26.823 26.682 26.533 27.092 26.919 26.747 26.627 26.516 26.856 26.713 26.593 26.494 26.326 26.304 26.135 25.944
60.0546 27.662 27.712 27.637 27.444 27.302 27.162 27.523 27.422 27.299 27.157 27.017 26.868 27.427 27.254 27.082 26.962 26.851 27.19 27.048 26.928 26.829 26.661 26.639 26.47 26.279
61.5034 27.997 28.047 27.972 27.779 27.636 27.497 27.858 27.756 27.634 27.492 27.352 27.203 27.762 27.589 27.417 27.296 27.186 27.525 27.383 27.263 27.164 26.995 26.974 26.804 26.614
62.987 28.332 28.381 28.307 28.114 27.971 27.832 28.193 28.091 27.969 27.827 27.687 27.538 28.096 27.924 27.752 27.631 27.521 27.86 27.717 27.598 27.499 27.33 27.309 27.139 26.949
64.5065 28.667 28.716 28.641 28.449 28.306 28.167 28.528 28.426 28.304 28.162 28.021 27.873 28.431 28.259 28.087 27.966 27.855 28.195 28.052 27.932 27.833 27.665 27.643 27.474 27.284
66.0626 29.002 29.051 28.976 28.783 28.641 28.502 28.863 28.761 28.639 28.497 28.356 28.208 28.766 28.593 28.422 28.301 28.19 28.53 28.387 28.267 28.168 28.0 27.978 27.809 27.619
67.6562 29.337 29.386 29.311 29.118 28.976 28.837 29.197 29.096 28.973 28.831 28.691 28.542 29.101 28.928 28.756 28.636 28.525 28.864 28.722 28.602 28.503 28.335 28.313 28.144 27.953
69.2883 29.671 29.721 29.646 29.453 29.311 29.171 29.532 29.431 29.308 29.166 29.026 28.877 29.436 29.263 29.091 28.971 28.86 29.199 29.057 28.937 28.838 28.67 28.648 28.479 28.288
70.9597 30.006 30.056 29.981 29.788 29.645 29.506 29.867 29.765 29.643 29.501 29.361 29.212 29.77 29.598 29.426 29.305 29.195 29.534 29.392 29.272 29.173 29.004 28.983 28.813 28.623
72.6715 30.341 30.39 30.316 30.123 29.98 29.841 30.202 30.1 29.978 29.836 29.695 29.547 30.105 29.933 29.761 29.64 29.53 29.869 29.726 29.607 29.508 29.339 29.318 29.148 28.958
74.4246 30.676 30.725 30.65 30.457 30.315 30.176 30.537 30.435 30.313 30.171 30.03 29.882 30.44 30.268 30.096 29.975 29.864 30.204 30.061 29.941 29.842 29.674 29.652 29.483 29.293
76.2199 31.011 31.06 30.985 30.792 30.65 30.511 30.872 30.77 30.647 30.506 30.365 30.217 30.775 30.602 30.431 30.31 30.199 30.539 30.396 30.276 30.177 30.009 29.987 29.818 29.628
78.0586 31.345 31.395 31.32 31.127 30.985 30.846 31.206 31.105 30.982 30.84 30.7 30.551 31.11 30.937 30.765 30.645 30.534 30.873 30.731 30.611 30.512 30.344 30.322 30.153 29.962
79.9416 31.68 31.73 31.655 31.462 31.32 31.18 31.541 31.44 31.317 31.175 31.035 30.886 31.445 31.272 31.1 30.979 30.869 31.208 31.066 30.946 30.847 30.679 30.657 30.488 30.297
81.87 32.015 32.065 31.99 31.797 31.654 31.515 31.876 31.774 31.652 31.51 31.37 31.221 31.779 31.607 31.435 31.314 31.204 31.543 31.401 31.281 31.182 31.013 30.992 30.822 30.632
83.845 32.35 32.399 32.325 32.132 31.989 31.85 32.211 32.109 31.987 31.845 31.704 31.556 32.114 31.942 31.77 31.649 31.538 31.878 31.735 31.616 31.516 31.348 31.327 31.157 30.967
85.8676 32.685 32.734 32.659 32.466 32.324 32.185 32.546 32.444 32.322 32.18 32.039 31.891 32.449 32.276 32.105 31.984 31.873 32.213 32.07 31.95 31.851 31.683 31.661 31.492 31.302
87.939 33.02 33.069 32.994 32.801 32.659 32.52 32.881 32.779 32.656 32.515 32.374 32.226 32.784 32.611 32.439 32.319 32.208 32.548 32.405 32.285 32.186 32.018 31.996 31.827 31.637
90.0604 33.354 33.404 33.329 33.136 32.994 32.855 33.215 33.114 32.991 32.849 32.709 32.56 33.119 32.946 32.774 32.654 32.543 32.882 32.74 32.62 32.521 32.353 32.331 32.162 31.971
92.2329 33.689 33.739 33.664 33.471 33.329 33.189 33.55 33.449 33.326 33.184 33.044 32.895 33.454 33.281 33.109 32.988 32.878 33.217 33.075 32.955 32.856 32.688 32.666 32.497 32.306
94.4579 34.024 34.074 33.999 33.806 33.663 33.524 33.885 33.783 33.661 33.519 33.379 33.23 33.788 33.616 33.444 33.323 33.213 33.552 33.409 33.29 33.191 33.022 33.001 32.831 32.641
