web/models/grb/onaxis/22/grb_0.0000_71.9686_0.0000251.dat
# %ECSV 1.0
# ---
# datatype:
# - {name: time, datatype: float64}
# - {name: swift_uvot_uvw2, datatype: float64}
# - {name: swift_uvot_uvm2, datatype: float64}
# - {name: swift_uvot_uvw1, datatype: float64}
# - {name: swift_uvot_U, datatype: float64}
# - {name: swift_uvot_B, datatype: float64}
# - {name: swift_uvot_V, datatype: float64}
# - {name: swift_uvot_W, datatype: float64}
# - {name: johnson_U, datatype: float64}
# - {name: johnson_B, datatype: float64}
# - {name: johnson_V, datatype: float64}
# - {name: johnson_R, datatype: float64}
# - {name: johnson_I, datatype: float64}
# - {name: sdss_u, datatype: float64}
# - {name: sdss_g, datatype: float64}
# - {name: sdss_r, datatype: float64}
# - {name: sdss_i, datatype: float64}
# - {name: sdss_z, datatype: float64}
# - {name: PS1_g, datatype: float64}
# - {name: PS1_r, datatype: float64}
# - {name: PS1_i, datatype: float64}
# - {name: PS1_z, datatype: float64}
# - {name: PS1_Y, datatype: float64}
# - {name: PS1_w, datatype: float64}
# - {name: ATLAS_c, datatype: float64}
# - {name: ATLAS_o, datatype: float64}
# - {name: ukirt_J, datatype: float64}
# - {name: ukirt_H, datatype: float64}
# - {name: ukirt_K, datatype: float64}
# - {name: Clear, datatype: float64}
# meta: !!omap
# - comment: [E = 0.031231838447717777, Eta0 = 8.02, GammaB = 12.0, dL = 0.012188, epsb = 6.760829753919819e-06, epse = 0.1, n = 2.5118864315095822e-05,
#     p = 2.15, theta_obs = 0.0, xiN = 1.0, z = 0.0, type = grb, E_kiso = 71.96856730011521]
# schema: astropy-2.0
time swift_uvot_uvw2 swift_uvot_uvm2 swift_uvot_uvw1 swift_uvot_U swift_uvot_B swift_uvot_V swift_uvot_W johnson_U johnson_B johnson_V johnson_R johnson_I sdss_u sdss_g sdss_r sdss_i sdss_z PS1_g PS1_r PS1_i PS1_z PS1_Y PS1_w ATLAS_c ATLAS_o ukirt_J ukirt_H ukirt_K Clear
[from data line 233]
2.5826 -4.123 -4.074 -4.148 -4.341 -4.484 -4.623 -4.262 -4.364 -4.486 -4.628 -4.769 -4.917 -4.359 -4.531 -4.703 -4.824 -4.934 -4.595 -4.738 -4.857 -4.956 -5.125 -4.701 -4.606 -4.758 -5.146 -5.316 -5.506 -4.791
2.6449 -4.104 -4.055 -4.129 -4.322 -4.465 -4.604 -4.243 -4.345 -4.467 -4.609 -4.75 -4.898 -4.34 -4.512 -4.684 -4.805 -4.916 -4.576 -4.719 -4.839 -4.938 -5.106 -4.682 -4.587 -4.74 -5.128 -5.297 -5.487 -4.772
2.7087 -4.085 -4.036 -4.111 -4.304 -4.446 -4.585 -4.224 -4.326 -4.448 -4.59 -4.731 -4.879 -4.321 -4.493 -4.665 -4.786 -4.897 -4.557 -4.7 -4.82 -4.919 -5.087 -4.663 -4.568 -4.721 -5.109 -5.278 -5.468 -4.753
2.7741 -4.066 -4.017 -4.092 -4.285 -4.427 -4.566 -4.205 -4.307 -4.429 -4.571 -4.712 -4.86 -4.302 -4.475 -4.646 -4.767 -4.878 -4.538 -4.681 -4.801 -4.9 -5.068 -4.644 -4.549 -4.702 -5.09 -5.259 -5.449 -4.734
2.841 -4.047 -3.998 -4.073 -4.266 -4.408 -4.547 -4.186 -4.288 -4.41 -4.552 -4.693 -4.841 -4.283 -4.456 -4.627 -4.748 -4.859 -4.519 -4.662 -4.782 -4.881 -5.049 -4.625 -4.53 -4.683 -5.071 -5.24 -5.43 -4.715
2.9095 -4.028 -3.978 -4.053 -4.246 -4.388 -4.528 -4.167 -4.268 -4.391 -4.533 -4.673 -4.822 -4.263 -4.436 -4.608 -4.729 -4.839 -4.5 -4.642 -4.762 -4.861 -5.029 -4.606 -4.51 -4.663 -5.051 -5.22 -5.411 -4.696
2.9797 -4.007 -3.957 -4.032 -4.225 -4.368 -4.507 -4.146 -4.248 -4.37 -4.512 -4.652 -4.801 -4.242 -4.415 -4.587 -4.708 -4.818 -4.479 -4.621 -4.741 -4.84 -5.008 -4.585 -4.489 -4.642 -5.03 -5.2 -5.39 -4.675
3.0516 -3.986 -3.936 -4.011 -4.204 -4.347 -4.486 -4.125 -4.227 -4.349 -4.491 -4.631 -4.78 -4.222 -4.394 -4.566 -4.687 -4.797 -4.458 -4.6 -4.72 -4.819 -4.988 -4.564 -4.469 -4.621 -5.009 -5.179 -5.369 -4.654
3.1252 -3.965 -3.916 -3.99 -4.183 -4.326 -4.465 -4.104 -4.206 -4.328 -4.47 -4.61 -4.759 -4.201 -4.373 -4.545 -4.666 -4.776 -4.437 -4.58 -4.699 -4.798 -4.967 -4.543 -4.448 -4.6 -4.988 -5.158 -5.348 -4.633
3.2006 -3.944 -3.895 -3.969 -4.162 -4.305 -4.444 -4.083 -4.185 -4.307 -4.449 -4.59 -4.738 -4.18 -4.352 -4.524 -4.645 -4.756 -4.416 -4.559 -4.678 -4.778 -4.946 -4.522 -4.427 -4.58 -4.967 -5.137 -5.327 -4.612
3.2778 -3.923 -3.874 -3.949 -4.141 -4.284 -4.423 -4.062 -4.164 -4.286 -4.428 -4.569 -4.717 -4.159 -4.331 -4.503 -4.624 -4.735 -4.395 -4.538 -4.658 -4.757 -4.925 -4.501 -4.406 -4.559 -4.947 -5.116 -5.306 -4.591
3.3569 -3.902 -3.853 -3.928 -4.121 -4.263 -4.402 -4.041 -4.143 -4.265 -4.407 -4.548 -4.696 -4.138 -4.311 -4.482 -4.603 -4.714 -4.374 -4.517 -4.637 -4.736 -4.904 -4.48 -4.385 -4.538 -4.926 -5.095 -5.285 -4.57
3.4378 -3.881 -3.832 -3.907 -4.1 -4.242 -4.381 -4.02 -4.122 -4.244 -4.386 -4.527 -4.675 -4.117 -4.29 -4.461 -4.582 -4.693 -4.353 -4.496 -4.616 -4.715 -4.883 -4.459 -4.364 -4.517 -4.905 -5.074 -5.264 -4.549
3.5208 -3.86 -3.811 -3.886 -4.079 -4.221 -4.36 -3.999 -4.101 -4.224 -4.365 -4.506 -4.655 -4.096 -4.269 -4.441 -4.561 -4.672 -4.332 -4.475 -4.595 -4.694 -4.862 -4.438 -4.343 -4.496 -4.884 -5.053 -5.244 -4.529
3.6057 -3.84 -3.79 -3.865 -4.058 -4.2 -4.339 -3.979 -4.08 -4.203 -4.345 -4.485 -4.634 -4.075 -4.248 -4.42 -4.54 -4.651 -4.312 -4.454 -4.574 -4.673 -4.841 -4.417 -4.322 -4.475 -4.863 -5.032 -5.223 -4.508
3.6927 -3.814 -3.765 -3.839 -4.032 -4.175 -4.314 -3.953 -4.055 -4.177 -4.319 -4.46 -4.608 -4.05 -4.222 -4.394 -4.515 -4.625 -4.286 -4.429 -4.548 -4.647 -4.816 -4.392 -4.297 -4.449 -4.837 -5.007 -5.197 -4.482
3.7818 -3.784 -3.734 -3.809 -4.002 -4.145 -4.284 -3.923 -4.025 -4.147 -4.289 -4.429 -4.578 -4.02 -4.192 -4.364 -4.485 -4.595 -4.256 -4.399 -4.518 -4.617 -4.786 -4.362 -4.267 -4.419 -4.807 -4.977 -5.167 -4.452
3.873 -3.754 -3.704 -3.779 -3.972 -4.115 -4.254 -3.893 -3.995 -4.117 -4.259 -4.399 -4.548 -3.99 -4.162 -4.334 -4.455 -4.565 -4.226 -4.368 -4.488 -4.587 -4.756 -4.332 -4.237 -4.389 -4.777 -4.947 -5.137 -4.422
3.9664 -3.724 -3.674 -3.749 -3.942 -4.085 -4.224 -3.863 -3.965 -4.087 -4.229 -4.369 -4.518 -3.959 -4.132 -4.304 -4.425 -4.535 -4.196 -4.338 -4.458 -4.557 -4.725 -4.302 -4.206 -4.359 -4.747 -4.917 -5.107 -4.392
4.0621 -3.694 -3.644 -3.719 -3.912 -4.054 -4.194 -3.833 -3.934 -4.057 -4.199 -4.339 -4.488 -3.929 -4.102 -4.274 -4.395 -4.505 -4.166 -4.308 -4.428 -4.527 -4.695 -4.272 -4.176 -4.329 -4.717 -4.886 -5.077 -4.362
4.1601 -3.664 -3.614 -3.689 -3.882 -4.024 -4.163 -3.803 -3.904 -4.027 -4.169 -4.309 -4.458 -3.899 -4.072 -4.244 -4.364 -4.475 -4.136 -4.278 -4.398 -4.497 -4.665 -4.241 -4.146 -4.299 -4.687 -4.856 -5.047 -4.332
4.2604 -3.634 -3.584 -3.659 -3.852 -3.994 -4.133 -3.773 -3.874 -3.997 -4.139 -4.279 -4.428 -3.869 -4.042 -4.214 -4.334 -4.445 -4.106 -4.248 -4.368 -4.467 -4.635 -4.211 -4.116 -4.269 -4.657 -4.826 -5.017 -4.302
4.3632 -3.603 -3.554 -3.629 -3.822 -3.964 -4.103 -3.743 -3.844 -3.967 -4.108 -4.249 -4.398 -3.839 -4.012 -4.184 -4.304 -4.415 -4.076 -4.218 -4.338 -4.437 -4.605 -4.181 -4.086 -4.239 -4.627 -4.796 -4.987 -4.272
4.4685 -3.573 -3.524 -3.599 -3.792 -3.934 -4.073 -3.712 -3.814 -3.937 -4.078 -4.219 -4.367 -3.809 -3.982 -4.154 -4.274 -4.385 -4.045 -4.188 -4.308 -4.407 -4.575 -4.151 -4.056 -4.209 -4.597 -4.766 -4.956 -4.241
4.5763 -3.543 -3.494 -3.569 -3.762 -3.904 -4.043 -3.682 -3.784 -3.906 -4.048 -4.189 -4.337 -3.779 -3.952 -4.123 -4.244 -4.355 -4.015 -4.158 -4.278 -4.377 -4.545 -4.121 -4.026 -4.179 -4.567 -4.736 -4.926 -4.211
4.6867 -3.508 -3.459 -3.533 -3.726 -3.869 -4.008 -3.647 -3.749 -3.871 -4.013 -4.154 -4.302 -3.744 -3.916 -4.088 -4.209 -4.32 -3.98 -4.123 -4.243 -4.342 -4.51 -4.086 -3.991 -4.144 -4.532 -4.701 -4.891 -4.176
4.7997 -3.47 -3.421 -3.495 -3.688 -3.831 -3.97 -3.609 -3.711 -3.833 -3.975 -4.116 -4.264 -3.706 -3.878 -4.05 -4.171 -4.282 -3.942 -4.085 -4.205 -4.304 -4.472 -4.048 -3.953 -4.106 -4.494 -4.663 -4.853 -4.138
4.9155 -3.432 -3.383 -3.457 -3.65 -3.793 -3.932 -3.571 -3.673 -3.795 -3.937 -4.078 -4.226 -3.668 -3.84 -4.012 -4.133 -4.244 -3.904 -4.047 -4.166 -4.266 -4.434 -4.01 -3.915 -4.068 -4.455 -4.625 -4.815 -4.1
5.0341 -3.394 -3.345 -3.419 -3.612 -3.755 -3.894 -3.533 -3.635 -3.757 -3.899 -4.04 -4.188 -3.63 -3.802 -3.974 -4.095 -4.206 -3.866 -4.009 -4.128 -4.227 -4.396 -3.972 -3.877 -4.03 -4.417 -4.587 -4.777 -4.062
5.1555 -3.356 -3.307 -3.381 -3.574 -3.717 -3.856 -3.495 -3.597 -3.719 -3.861 -4.002 -4.15 -3.592 -3.764 -3.936 -4.057 -4.167 -3.828 -3.971 -4.09 -4.189 -4.358 -3.934 -3.839 -3.991 -4.379 -4.549 -4.739 -4.024
5.2799 -3.318 -3.269 -3.343 -3.536 -3.679 -3.818 -3.457 -3.559 -3.681 -3.823 -3.964 -4.112 -3.554 -3.726 -3.898 -4.019 -4.129 -3.79 -3.933 -4.052 -4.151 -4.32 -3.896 -3.801 -3.953 -4.341 -4.511 -4.701 -3.986
5.4072 -3.28 -3.231 -3.305 -3.498 -3.641 -3.78 -3.419 -3.521 -3.643 -3.785 -3.925 -4.074 -3.516 -3.688 -3.86 -3.981 -4.091 -3.752 -3.895 -4.014 -4.113 -4.282 -3.858 -3.763 -3.915 -4.303 -4.473 -4.663 -3.948
5.5377 -3.242 -3.193 -3.267 -3.46 -3.603 -3.742 -3.381 -3.483 -3.605 -3.747 -3.887 -4.036 -3.478 -3.65 -3.822 -3.943 -4.053 -3.714 -3.857 -3.976 -4.075 -4.244 -3.82 -3.725 -3.877 -4.265 -4.435 -4.625 -3.91
5.6713 -3.204 -3.154 -3.229 -3.422 -3.565 -3.704 -3.343 -3.445 -3.567 -3.709 -3.849 -3.998 -3.44 -3.612 -3.784 -3.905 -4.015 -3.676 -3.819 -3.938 -4.037 -4.206 -3.782 -3.687 -3.839 -4.227 -4.397 -4.587 -3.872
5.8081 -3.166 -3.116 -3.191 -3.384 -3.527 -3.666 -3.305 -3.407 -3.529 -3.671 -3.811 -3.96 -3.402 -3.574 -3.746 -3.867 -3.977 -3.638 -3.781 -3.9 -3.999 -4.168 -3.744 -3.649 -3.801 -4.189 -4.359 -4.549 -3.834
5.9482 -3.126 -3.077 -3.152 -3.345 -3.487 -3.626 -3.266 -3.367 -3.49 -3.632 -3.772 -3.921 -3.362 -3.535 -3.707 -3.827 -3.938 -3.599 -3.741 -3.861 -3.96 -4.128 -3.704 -3.609 -3.762 -4.15 -4.319 -4.51 -3.795
6.0917 -3.087 -3.037 -3.112 -3.305 -3.447 -3.587 -3.226 -3.327 -3.45 -3.592 -3.732 -3.881 -3.322 -3.495 -3.667 -3.787 -3.898 -3.559 -3.701 -3.821 -3.92 -4.088 -3.665 -3.569 -3.722 -4.11 -4.279 -4.47 -3.755
6.2386 -3.047 -2.997 -3.072 -3.265 -3.408 -3.547 -3.186 -3.288 -3.41 -3.552 -3.692 -3.841 -3.283 -3.455 -3.627 -3.748 -3.858 -3.519 -3.661 -3.781 -3.88 -4.049 -3.625 -3.53 -3.682 -4.07 -4.24 -4.43 -3.715
6.3891 -3.007 -2.958 -3.032 -3.225 -3.368 -3.507 -3.146 -3.248 -3.37 -3.512 -3.653 -3.801 -3.243 -3.415 -3.587 -3.708 -3.819 -3.479 -3.622 -3.741 -3.84 -4.009 -3.585 -3.49 -3.643 -4.03 -4.2 -4.39 -3.675
6.5433 -2.967 -2.918 -2.993 -3.186 -3.328 -3.467 -3.106 -3.208 -3.33 -3.472 -3.613 -3.761 -3.203 -3.376 -3.547 -3.668 -3.779 -3.439 -3.582 -3.702 -3.801 -3.969 -3.545 -3.45 -3.603 -3.991 -4.16 -4.35 -3.635
6.7011 -2.927 -2.878 -2.953 -3.146 -3.288 -3.427 -3.066 -3.168 -3.291 -3.432 -3.573 -3.721 -3.163 -3.336 -3.508 -3.628 -3.739 -3.399 -3.542 -3.662 -3.761 -3.929 -3.505 -3.41 -3.563 -3.951 -4.12 -4.311 -3.596
6.8627 -2.888 -2.838 -2.913 -3.106 -3.248 -3.387 -3.027 -3.128 -3.251 -3.393 -3.533 -3.682 -3.123 -3.296 -3.468 -3.588 -3.699 -3.36 -3.502 -3.622 -3.721 -3.889 -3.465 -3.37 -3.523 -3.911 -4.08 -4.271 -3.556
7.0283 -2.848 -2.798 -2.873 -3.066 -3.209 -3.348 -2.987 -3.089 -3.211 -3.353 -3.493 -3.642 -3.083 -3.256 -3.428 -3.549 -3.659 -3.32 -3.462 -3.582 -3.681 -3.85 -3.426 -3.33 -3.483 -3.871 -4.041 -4.231 -3.516
7.1978 -2.808 -2.759 -2.833 -3.026 -3.169 -3.308 -2.947 -3.049 -3.171 -3.313 -3.453 -3.602 -3.044 -3.216 -3.388 -3.509 -3.619 -3.28 -3.423 -3.542 -3.641 -3.81 -3.386 -3.291 -3.443 -3.831 -4.001 -4.191 -3.476
7.3715 -2.768 -2.719 -2.794 -2.987 -3.129 -3.268 -2.907 -3.009 -3.131 -3.273 -3.414 -3.562 -3.004 -3.176 -3.348 -3.469 -3.58 -3.24 -3.383 -3.503 -3.602 -3.77 -3.346 -3.251 -3.404 -3.792 -3.961 -4.151 -3.436
7.5493 -2.719 -2.67 -2.745 -2.938 -3.08 -3.219 -2.858 -2.96 -3.083 -3.224 -3.365 -3.513 -2.955 -3.128 -3.3 -3.42 -3.531 -3.191 -3.334 -3.454 -3.553 -3.721 -3.297 -3.202 -3.355 -3.743 -3.912 -4.102 -3.387
7.7314 -2.67 -2.62 -2.695 -2.888 -3.031 -3.17 -2.809 -2.911 -3.033 -3.175 -3.315 -3.464 -2.906 -3.078 -3.25 -3.371 -3.481 -3.142 -3.285 -3.404 -3.503 -3.672 -3.248 -3.153 -3.305 -3.693 -3.863 -4.053 -3.338
7.9179 -2.621 -2.571 -2.646 -2.839 -2.981 -3.12 -2.76 -2.861 -2.984 -3.126 -3.266 -3.415 -2.856 -3.029 -3.201 -3.321 -3.432 -3.093 -3.235 -3.355 -3.454 -3.622 -3.198 -3.103 -3.256 -3.644 -3.813 -4.004 -3.289
8.1089 -2.571 -2.522 -2.596 -2.789 -2.932 -3.071 -2.71 -2.812 -2.934 -3.076 -3.217 -3.365 -2.807 -2.979 -3.151 -3.272 -3.383 -3.043 -3.186 -3.306 -3.405 -3.573 -3.149 -3.054 -3.207 -3.595 -3.764 -3.954 -3.239
8.3045 -2.522 -2.472 -2.547 -2.74 -2.882 -3.022 -2.661 -2.762 -2.885 -3.027 -3.167 -3.316 -2.757 -2.93 -3.102 -3.222 -3.333 -2.994 -3.136 -3.256 -3.355 -3.523 -3.1 -3.004 -3.157 -3.545 -3.714 -3.905 -3.19
8.5049 -2.472 -2.423 -2.498 -2.691 -2.833 -2.972 -2.611 -2.713 -2.835 -2.977 -3.118 -3.266 -2.708 -2.88 -3.052 -3.173 -3.284 -2.944 -3.087 -3.207 -3.306 -3.474 -3.05 -2.955 -3.108 -3.496 -3.665 -3.855 -3.14
8.71 -2.423 -2.373 -2.448 -2.641 -2.784 -2.923 -2.562 -2.664 -2.786 -2.928 -3.068 -3.217 -2.658 -2.831 -3.003 -3.124 -3.234 -2.895 -3.037 -3.157 -3.256 -3.425 -3.001 -2.905 -3.058 -3.446 -3.616 -3.806 -3.091
8.9201 -2.373 -2.324 -2.399 -2.592 -2.734 -2.873 -2.512 -2.614 -2.737 -2.878 -3.019 -3.167 -2.609 -2.782 -2.953 -3.074 -3.185 -2.845 -2.988 -3.108 -3.207 -3.375 -2.951 -2.856 -3.009 -3.397 -3.566 -3.756 -3.041
9.1353 -2.324 -2.274 -2.349 -2.542 -2.685 -2.824 -2.463 -2.565 -2.687 -2.829 -2.969 -3.118 -2.56 -2.732 -2.904 -3.025 -3.135 -2.796 -2.939 -3.058 -3.157 -3.326 -2.902 -2.807 -2.959 -3.347 -3.517 -3.707 -2.992
9.3557 -2.274 -2.224 -2.299 -2.492 -2.635 -2.774 -2.413 -2.515 -2.637 -2.779 -2.919 -3.068 -2.51 -2.682 -2.854 -2.975 -3.085 -2.746 -2.889 -3.008 -3.107 -3.276 -2.852 -2.757 -2.909 -3.297 -3.467 -3.657 -2.942
9.5814 -2.217 -2.168 -2.243 -2.436 -2.578 -2.717 -2.356 -2.458 -2.58 -2.722 -2.863 -3.011 -2.453 -2.625 -2.797 -2.918 -3.029 -2.689 -2.832 -2.952 -3.051 -3.219 -2.795 -2.7 -2.853 -3.241 -3.41 -3.6 -2.885
9.8125 -2.16 -2.111 -2.186 -2.379 -2.521 -2.66 -2.3 -2.401 -2.524 -2.665 -2.806 -2.955 -2.396 -2.569 -2.741 -2.861 -2.972 -2.632 -2.775 -2.895 -2.994 -3.162 -2.738 -2.643 -2.796 -3.184 -3.353 -3.544 -2.829
10.0492 -2.104 -2.054 -2.129 -2.322 -2.464 -2.604 -2.243 -2.344 -2.467 -2.609 -2.749 -2.898 -2.339 -2.512 -2.684 -2.805 -2.915 -2.576 -2.718 -2.838 -2.937 -3.105 -2.682 -2.586 -2.739 -3.127 -3.296 -3.487 -2.772
10.2917 -2.047 -1.997 -2.072 -2.265 -2.408 -2.547 -2.186 -2.288 -2.41 -2.552 -2.692 -2.841 -2.283 -2.455 -2.627 -2.748 -2.858 -2.519 -2.662 -2.781 -2.88 -3.049 -2.625 -2.53 -2.682 -3.07 -3.24 -3.43 -2.715
10.5399 -1.99 -1.941 -2.016 -2.209 -2.351 -2.49 -2.129 -2.231 -2.353 -2.495 -2.636 -2.784 -2.226 -2.398 -2.57 -2.691 -2.802 -2.462 -2.605 -2.725 -2.824 -2.992 -2.568 -2.473 -2.626 -3.014 -3.183 -3.373 -2.658
10.7942 -1.933 -1.884 -1.959 -2.152 -2.294 -2.433 -2.073 -2.174 -2.297 -2.438 -2.579 -2.728 -2.169 -2.342 -2.514 -2.634 -2.745 -2.406 -2.548 -2.668 -2.767 -2.935 -2.511 -2.416 -2.569 -2.957 -3.126 -3.317 -2.602
11.0546 -1.877 -1.827 -1.902 -2.095 -2.237 -2.377 -2.016 -2.117 -2.24 -2.382 -2.522 -2.671 -2.112 -2.285 -2.457 -2.578 -2.688 -2.349 -2.491 -2.611 -2.71 -2.878 -2.455 -2.359 -2.512 -2.9 -3.069 -3.26 -2.545
11.3212 -1.82 -1.771 -1.845 -2.038 -2.181 -2.32 -1.959 -2.061 -2.183 -2.325 -2.465 -2.614 -2.056 -2.228 -2.4 -2.521 -2.631 -2.292 -2.435 -2.554 -2.653 -2.822 -2.398 -2.303 -2.455 -2.843 -3.013 -3.203 -2.488
11.5943 -1.763 -1.714 -1.789 -1.982 -2.124 -2.263 -1.902 -2.004 -2.126 -2.268 -2.409 -2.557 -1.999 -2.172 -2.343 -2.464 -2.575 -2.235 -2.378 -2.498 -2.597 -2.765 -2.341 -2.246 -2.399 -2.787 -2.956 -3.146 -2.431
11.874 -1.707 -1.658 -1.732 -1.925 -2.068 -2.207 -1.846 -1.948 -2.07 -2.212 -2.353 -2.501 -1.943 -2.115 -2.287 -2.408 -2.519 -2.179 -2.322 -2.442 -2.541 -2.709 -2.285 -2.19 -2.343 -2.73 -2.9 -3.09 -2.375
12.1605 -1.653 -1.604 -1.678 -1.871 -2.014 -2.153 -1.792 -1.894 -2.016 -2.158 -2.299 -2.447 -1.889 -2.061 -2.233 -2.354 -2.464 -2.125 -2.268 -2.387 -2.486 -2.655 -2.231 -2.136 -2.288 -2.676 -2.846 -3.036 -2.321
12.4538 -1.599 -1.55 -1.624 -1.817 -1.96 -2.099 -1.738 -1.84 -1.962 -2.104 -2.244 -2.393 -1.835 -2.007 -2.179 -2.3 -2.41 -2.071 -2.214 -2.333 -2.432 -2.601 -2.177 -2.082 -2.234 -2.622 -2.792 -2.982 -2.267
12.7542 -1.545 -1.495 -1.57 -1.763 -1.906 -2.045 -1.684 -1.786 -1.908 -2.05 -2.19 -2.339 -1.781 -1.953 -2.125 -2.246 -2.356 -2.017 -2.16 -2.279 -2.378 -2.547 -2.123 -2.028 -2.18 -2.568 -2.738 -2.928 -2.213
13.0619 -1.491 -1.441 -1.516 -1.709 -1.852 -1.991 -1.63 -1.732 -1.854 -1.996 -2.136 -2.285 -1.727 -1.899 -2.071 -2.192 -2.302 -1.963 -2.105 -2.225 -2.324 -2.493 -2.069 -1.974 -2.126 -2.514 -2.684 -2.874 -2.159
13.377 -1.437 -1.387 -1.462 -1.655 -1.798 -1.937 -1.576 -1.678 -1.8 -1.942 -2.082 -2.231 -1.673 -1.845 -2.017 -2.138 -2.248 -1.909 -2.051 -2.171 -2.27 -2.439 -2.015 -1.92 -2.072 -2.46 -2.63 -2.82 -2.105
13.6997 -1.383 -1.333 -1.408 -1.601 -1.744 -1.883 -1.522 -1.624 -1.746 -1.888 -2.028 -2.177 -1.618 -1.791 -1.963 -2.084 -2.194 -1.855 -1.997 -2.117 -2.216 -2.385 -1.961 -1.865 -2.018 -2.406 -2.576 -2.766 -2.051
14.0302 -1.329 -1.279 -1.354 -1.547 -1.69 -1.829 -1.468 -1.569 -1.692 -1.834 -1.974 -2.123 -1.564 -1.737 -1.909 -2.03 -2.14 -1.801 -1.943 -2.063 -2.162 -2.33 -1.907 -1.811 -1.964 -2.352 -2.521 -2.712 -1.997
14.3686 -1.275 -1.225 -1.3 -1.493 -1.635 -1.775 -1.414 -1.515 -1.638 -1.78 -1.92 -2.069 -1.51 -1.683 -1.855 -1.976 -2.086 -1.747 -1.889 -2.009 -2.108 -2.276 -1.853 -1.757 -1.91 -2.298 -2.467 -2.658 -1.943
14.7153 -1.221 -1.171 -1.246 -1.439 -1.581 -1.721 -1.36 -1.461 -1.584 -1.726 -1.866 -2.015 -1.456 -1.629 -1.801 -1.921 -2.032 -1.693 -1.835 -1.955 -2.054 -2.222 -1.799 -1.703 -1.856 -2.244 -2.413 -2.604 -1.889
15.0702 -1.168 -1.118 -1.193 -1.386 -1.529 -1.668 -1.307 -1.409 -1.531 -1.673 -1.813 -1.962 -1.403 -1.576 -1.748 -1.869 -1.979 -1.64 -1.782 -1.902 -2.001 -2.169 -1.746 -1.65 -1.803 -2.191 -2.361 -2.551 -1.836
15.4338 -1.117 -1.068 -1.142 -1.335 -1.478 -1.617 -1.256 -1.358 -1.48 -1.622 -1.762 -1.911 -1.353 -1.525 -1.697 -1.818 -1.928 -1.589 -1.732 -1.851 -1.95 -2.119 -1.695 -1.6 -1.752 -2.14 -2.31 -2.5 -1.785
