web/models/grb/onaxis/22/grb_0.0000_0.1389_0.2511886.dat
# %ECSV 1.0
# ---
# datatype:
# - {name: time, datatype: float64}
# - {name: swift_uvot_uvw2, datatype: float64}
# - {name: swift_uvot_uvm2, datatype: float64}
# - {name: swift_uvot_uvw1, datatype: float64}
# - {name: swift_uvot_U, datatype: float64}
# - {name: swift_uvot_B, datatype: float64}
# - {name: swift_uvot_V, datatype: float64}
# - {name: swift_uvot_W, datatype: float64}
# - {name: johnson_U, datatype: float64}
# - {name: johnson_B, datatype: float64}
# - {name: johnson_V, datatype: float64}
# - {name: johnson_R, datatype: float64}
# - {name: johnson_I, datatype: float64}
# - {name: sdss_u, datatype: float64}
# - {name: sdss_g, datatype: float64}
# - {name: sdss_r, datatype: float64}
# - {name: sdss_i, datatype: float64}
# - {name: sdss_z, datatype: float64}
# - {name: PS1_g, datatype: float64}
# - {name: PS1_r, datatype: float64}
# - {name: PS1_i, datatype: float64}
# - {name: PS1_z, datatype: float64}
# - {name: PS1_Y, datatype: float64}
# - {name: PS1_w, datatype: float64}
# - {name: ATLAS_c, datatype: float64}
# - {name: ATLAS_o, datatype: float64}
# - {name: ukirt_J, datatype: float64}
# - {name: ukirt_H, datatype: float64}
# - {name: ukirt_K, datatype: float64}
# - {name: Clear, datatype: float64}
# meta: !!omap
# - comment: [E = 6.029923955985727e-05, Eta0 = 8.02, GammaB = 12.0, dL = 0.012188, epsb = 6.760829753919819e-06, epse = 0.1, n = 0.25118864315095824,
#     p = 2.15, theta_obs = 0.0, xiN = 1.0, z = 0.0, type = grb, E_kiso = 0.13894954943731375]
# schema: astropy-2.0
time swift_uvot_uvw2 swift_uvot_uvm2 swift_uvot_uvw1 swift_uvot_U swift_uvot_B swift_uvot_V swift_uvot_W johnson_U johnson_B johnson_V johnson_R johnson_I sdss_u sdss_g sdss_r sdss_i sdss_z PS1_g PS1_r PS1_i PS1_z PS1_Y PS1_w ATLAS_c ATLAS_o ukirt_J ukirt_H ukirt_K Clear
[from data line 338]
31.5528 9.354 9.403 9.328 9.135 8.993 8.854 9.215 9.113 8.99 8.849 8.708 8.56 9.118 8.945 8.774 8.653 8.542 8.882 8.739 8.619 8.52 8.352 8.776 8.871 8.718 8.33 8.161 7.971 8.686
32.3139 9.459 9.509 9.434 9.241 9.098 8.959 9.32 9.219 9.096 8.954 8.814 8.665 9.224 9.051 8.879 8.758 8.648 8.987 8.845 8.725 8.626 8.458 8.881 8.977 8.824 8.436 8.266 8.076 8.791
33.0935 9.565 9.614 9.539 9.346 9.204 9.065 9.426 9.324 9.202 9.06 8.919 8.771 9.329 9.157 8.985 8.864 8.753 9.093 8.95 8.83 8.731 8.563 8.987 9.082 8.929 8.541 8.372 8.182 8.897
33.8918 9.67 9.72 9.645 9.452 9.31 9.171 9.531 9.43 9.307 9.165 9.025 8.876 9.435 9.262 9.09 8.97 8.859 9.198 9.056 8.936 8.837 8.669 9.093 9.188 9.035 8.647 8.478 8.287 9.002
34.7093 9.776 9.825 9.751 9.558 9.415 9.276 9.637 9.535 9.413 9.271 9.13 8.982 9.54 9.368 9.196 9.075 8.965 9.304 9.161 9.042 8.943 8.774 9.198 9.293 9.141 8.753 8.583 8.393 9.108
35.5466 9.882 9.931 9.856 9.663 9.521 9.382 9.743 9.641 9.518 9.377 9.236 9.087 9.646 9.473 9.301 9.181 9.07 9.41 9.267 9.147 9.048 8.88 9.304 9.399 9.246 8.858 8.689 8.498 9.213
36.4041 9.987 10.037 9.962 9.769 9.626 9.487 9.848 9.746 9.624 9.482 9.342 9.193 9.751 9.579 9.407 9.286 9.176 9.515 9.373 9.253 9.154 8.985 9.409 9.504 9.352 8.964 8.794 8.604 9.319
37.2823 10.093 10.142 10.067 9.874 9.732 9.593 9.954 9.852 9.73 9.588 9.447 9.299 9.857 9.684 9.513 9.392 9.281 9.621 9.478 9.358 9.259 9.091 9.515 9.61 9.457 9.069 8.9 8.71 9.425
38.1817 10.198 10.248 10.173 9.98 9.838 9.698 10.059 9.958 9.835 9.693 9.553 9.404 9.963 9.79 9.618 9.498 9.387 9.726 9.584 9.464 9.365 9.197 9.62 9.716 9.563 9.175 9.006 8.815 9.53
39.1028 10.322 10.372 10.297 10.104 9.961 9.822 10.183 10.081 9.959 9.817 9.677 9.528 10.086 9.914 9.742 9.621 9.511 9.85 9.708 9.588 9.489 9.32 9.744 9.839 9.687 9.299 9.129 8.939 9.654
40.046 10.494 10.543 10.468 10.275 10.133 9.994 10.355 10.253 10.131 9.989 9.848 9.7 10.258 10.086 9.914 9.793 9.682 10.022 9.879 9.759 9.66 9.492 9.916 10.011 9.858 9.47 9.301 9.111 9.826
41.0121 10.665 10.715 10.64 10.447 10.305 10.166 10.526 10.425 10.302 10.16 10.02 9.871 10.43 10.257 10.085 9.965 9.854 10.193 10.051 9.931 9.832 9.664 10.088 10.183 10.03 9.642 9.473 9.282 9.997
42.0014 10.837 10.887 10.812 10.619 10.476 10.337 10.698 10.596 10.474 10.332 10.192 10.043 10.601 10.429 10.257 10.136 10.026 10.365 10.223 10.103 10.004 9.835 10.259 10.354 10.202 9.814 9.644 9.454 10.169
43.0146 11.009 11.058 10.983 10.79 10.648 10.509 10.87 10.768 10.646 10.504 10.363 10.215 10.773 10.6 10.429 10.308 10.197 10.537 10.394 10.274 10.175 10.007 10.431 10.526 10.373 9.985 9.816 9.626 10.341
44.0523 11.18 11.23 11.155 10.962 10.82 10.681 11.041 10.94 10.817 10.675 10.535 10.386 10.945 10.772 10.6 10.48 10.369 10.708 10.566 10.446 10.347 10.179 10.603 10.698 10.545 10.157 9.988 9.797 10.512
45.1149 11.352 11.402 11.327 11.134 10.991 10.852 11.213 11.111 10.989 10.847 10.707 10.558 11.116 10.944 10.772 10.651 10.541 10.88 10.737 10.618 10.519 10.35 10.774 10.869 10.717 10.329 10.159 9.969 10.684
46.2033 11.524 11.573 11.498 11.305 11.163 11.024 11.385 11.283 11.161 11.019 10.878 10.73 11.288 11.115 10.944 10.823 10.712 11.052 10.909 10.789 10.69 10.522 10.946 11.041 10.888 10.5 10.331 10.141 10.856
47.3178 11.695 11.745 11.67 11.477 11.335 11.196 11.556 11.455 11.332 11.19 11.05 10.901 11.46 11.287 11.115 10.995 10.884 11.223 11.081 10.961 10.862 10.694 11.118 11.213 11.06 10.672 10.503 10.312 11.027
48.4593 11.867 11.917 11.842 11.649 11.506 11.367 11.728 11.626 11.504 11.362 11.222 11.073 11.631 11.459 11.287 11.166 11.056 11.395 11.252 11.133 11.034 10.865 11.289 11.384 11.232 10.844 10.674 10.484 11.199
49.6283 12.107 12.156 12.082 11.889 11.746 11.607 11.968 11.866 11.744 11.602 11.462 11.313 11.871 11.699 11.527 11.406 11.296 11.635 11.492 11.373 11.274 11.105 11.529 11.624 11.472 11.084 10.914 10.724 11.439
50.8255 12.442 12.491 12.416 12.224 12.081 11.942 12.303 12.201 12.079 11.937 11.796 11.648 12.206 12.034 11.862 11.741 11.63 11.97 11.827 11.707 11.608 11.44 11.864 11.959 11.806 11.418 11.249 11.059 11.774
52.0515 12.777 12.826 12.751 12.558 12.416 12.277 12.638 12.536 12.414 12.272 12.131 11.983 12.541 12.368 12.197 12.076 11.965 12.305 12.162 12.042 11.943 11.775 12.199 12.294 12.141 11.753 11.584 11.394 12.109
53.3072 13.112 13.161 13.086 12.893 12.751 12.612 12.972 12.871 12.748 12.606 12.466 12.317 12.876 12.703 12.531 12.411 12.3 12.639 12.497 12.377 12.278 12.11 12.534 12.629 12.476 12.088 11.919 11.728 12.443
54.5931 13.446 13.496 13.421 13.228 13.086 12.946 13.307 13.206 13.083 12.941 12.801 12.652 13.211 13.038 12.866 12.746 12.635 12.974 12.832 12.712 12.613 12.445 12.868 12.964 12.811 12.423 12.254 12.063 12.778
55.9101 13.781 13.831 13.756 13.563 13.42 13.281 13.642 13.54 13.418 13.276 13.136 12.987 13.545 13.373 13.201 13.08 12.97 13.309 13.167 13.047 12.948 12.779 13.203 13.298 13.146 12.758 12.588 12.398 13.113
57.2588 14.116 14.165 14.091 13.898 13.755 13.616 13.977 13.875 13.753 13.611 13.47 13.322 13.88 13.708 13.536 13.415 13.305 13.644 13.501 13.382 13.283 13.114 13.538 13.633 13.481 13.093 12.923 12.733 13.448
58.6401 14.451 14.5 14.425 14.232 14.09 13.951 14.312 14.21 14.088 13.946 13.805 13.657 14.215 14.043 13.871 13.75 13.639 13.979 13.836 13.716 13.617 13.449 13.873 13.968 13.815 13.427 13.258 13.068 13.783
60.0546 14.786 14.835 14.76 14.567 14.425 14.286 14.647 14.545 14.422 14.281 14.14 13.992 14.55 14.377 14.206 14.085 13.974 14.314 14.171 14.051 13.952 13.784 14.208 14.303 14.15 13.762 13.593 13.403 14.118
61.5034 15.12 15.17 15.095 14.902 14.76 14.621 14.981 14.88 14.757 14.615 14.475 14.326 14.885 14.712 14.54 14.42 14.309 14.648 14.506 14.386 14.287 14.119 14.543 14.638 14.485 14.097 13.928 13.737 14.452
62.987 15.455 15.505 15.43 15.237 15.095 14.955 15.316 15.215 15.092 14.95 14.81 14.661 15.22 15.047 14.875 14.754 14.644 14.983 14.841 14.721 14.622 14.454 14.877 14.973 14.82 14.432 14.263 14.072 14.787
64.5065 15.79 15.84 15.765 15.572 15.429 15.29 15.651 15.549 15.427 15.285 15.145 14.996 15.554 15.382 15.21 15.089 14.979 15.318 15.176 15.056 14.957 14.788 15.212 15.307 15.155 14.767 14.597 14.407 15.122
66.0626 16.125 16.174 16.1 15.907 15.764 15.625 15.986 15.884 15.762 15.62 15.479 15.331 15.889 15.717 15.545 15.424 15.313 15.653 15.51 15.391 15.292 15.123 15.547 15.642 15.489 15.102 14.932 14.742 15.457
67.6562 16.46 16.509 16.434 16.241 16.099 15.96 16.321 16.219 16.097 15.955 15.814 15.666 16.224 16.051 15.88 15.759 15.648 15.988 15.845 15.725 15.626 15.458 15.882 15.977 15.824 15.436 15.267 15.077 15.792
69.2883 16.795 16.844 16.769 16.576 16.434 16.295 16.656 16.554 16.431 16.29 16.149 16.001 16.559 16.386 16.214 16.094 15.983 16.323 16.18 16.06 15.961 15.793 16.217 16.312 16.159 15.771 15.602 15.412 16.127
70.9597 17.129 17.179 17.104 16.911 16.769 16.63 16.99 16.889 16.766 16.624 16.484 16.335 16.894 16.721 16.549 16.429 16.318 16.657 16.515 16.395 16.296 16.128 16.552 16.647 16.494 16.106 15.937 15.746 16.461
72.6715 17.464 17.514 17.439 17.246 17.104 16.964 17.325 17.224 17.101 16.959 16.819 16.67 17.229 17.056 16.884 16.763 16.653 16.992 16.85 16.73 16.631 16.463 16.886 16.982 16.829 16.441 16.272 16.081 16.796
74.4246 17.799 17.849 17.774 17.581 17.438 17.299 17.66 17.558 17.436 17.294 17.154 17.005 17.563 17.391 17.219 17.098 16.988 17.327 17.184 17.065 16.966 16.797 17.221 17.316 17.164 16.776 16.606 16.416 17.131
76.2199 18.134 18.183 18.109 17.916 17.773 17.634 17.995 17.893 17.771 17.629 17.488 17.34 17.898 17.726 17.554 17.433 17.322 17.662 17.519 17.399 17.3 17.132 17.556 17.651 17.498 17.11 16.941 16.751 17.466
78.0586 18.469 18.518 18.443 18.25 18.108 17.969 18.33 18.228 18.106 17.964 17.823 17.675 18.233 18.06 17.889 17.768 17.657 17.997 17.854 17.734 17.635 17.467 17.891 17.986 17.833 17.445 17.276 17.086 17.801
79.9416 18.804 18.853 18.778 18.585 18.443 18.304 18.664 18.563 18.44 18.299 18.158 18.009 18.568 18.395 18.223 18.103 17.992 18.332 18.189 18.069 17.97 17.802 18.226 18.321 18.168 17.78 17.611 17.42 18.135
81.87 19.138 19.188 19.113 18.92 18.778 18.639 18.999 18.898 18.775 18.633 18.493 18.344 18.903 18.73 18.558 18.438 18.327 18.666 18.524 18.404 18.305 18.137 18.561 18.656 18.503 18.115 17.946 17.755 18.47
83.845 19.473 19.523 19.448 19.255 19.112 18.973 19.334 19.232 19.11 18.968 18.828 18.679 19.238 19.065 18.893 18.772 18.662 19.001 18.859 18.739 18.64 18.472 18.895 18.991 18.838 18.45 18.28 18.09 18.805
85.8676 19.808 19.858 19.783 19.59 19.447 19.308 19.669 19.567 19.445 19.303 19.163 19.014 19.572 19.4 19.228 19.107 18.997 19.336 19.193 19.074 18.975 18.806 19.23 19.325 19.173 18.785 18.615 18.425 19.14
87.939 20.143 20.192 20.117 19.925 19.782 19.643 20.004 19.902 19.78 19.638 19.497 19.349 19.907 19.735 19.563 19.442 19.331 19.671 19.528 19.408 19.309 19.141 19.565 19.66 19.507 19.119 18.95 18.76 19.475
90.0604 20.478 20.527 20.452 20.259 20.117 19.978 20.339 20.237 20.115 19.973 19.832 19.684 20.242 20.069 19.898 19.777 19.666 20.006 19.863 19.743 19.644 19.476 19.9 19.995 19.842 19.454 19.285 19.095 19.81
92.2329 20.813 20.862 20.787 20.594 20.452 20.313 20.673 20.572 20.449 20.307 20.167 20.018 20.577 20.404 20.232 20.112 20.001 20.34 20.198 20.078 19.979 19.811 20.235 20.33 20.177 19.789 19.62 19.429 20.144
94.4579 21.147 21.197 21.122 20.929 20.787 20.647 21.008 20.907 20.784 20.642 20.502 20.353 20.912 20.739 20.567 20.447 20.336 20.675 20.533 20.413 20.314 20.146 20.569 20.665 20.512 20.124 19.955 19.764 20.479
96.7365 21.482 21.532 21.457 21.264 21.121 20.982 21.343 21.241 21.119 20.977 20.837 20.688 21.246 21.074 20.902 20.781 20.671 21.01 20.868 20.748 20.649 20.48 20.904 21.0 20.847 20.459 20.289 20.099 20.814
99.0701 21.817 21.866 21.792 21.599 21.456 21.317 21.678 21.576 21.454 21.312 21.171 21.023 21.581 21.409 21.237 21.116 21.006 21.345 21.202 21.083 20.984 20.815 21.239 21.334 21.182 20.794 20.624 20.434 21.149
101.4599 22.152 22.201 22.126 21.933 21.791 21.652 22.013 21.911 21.789 21.647 21.506 21.358 21.916 21.744 21.572 21.451 21.34 21.68 21.537 21.417 21.318 21.15 21.574 21.669 21.516 21.128 20.959 20.769 21.484
103.9075 22.487 22.536 22.461 22.268 22.126 21.987 22.348 22.246 22.124 21.982 21.841 21.693 22.251 22.078 21.907 21.786 21.675 22.015 21.872 21.752 21.653 21.485 21.909 22.004 21.851 21.463 21.294 21.104 21.819
106.4141 22.822 22.871 22.796 22.603 22.461 22.322 22.682 22.581 22.458 22.316 22.176 22.027 22.586 22.413 22.241 22.121 22.01 22.349 22.207 22.087 21.988 21.82 22.244 22.339 22.186 21.798 21.629 21.438 22.153
108.9811 23.156 23.206 23.131 22.938 22.796 22.656 23.017 22.916 22.793 22.651 22.511 22.362 22.921 22.748 22.576 22.455 22.345 22.684 22.542 22.422 22.323 22.155 22.578 22.674 22.521 22.133 21.964 21.773 22.488
111.6101 23.491 23.541 23.466 23.273 23.13 22.991 23.352 23.25 23.128 22.986 22.846 22.697 23.255 23.083 22.911 22.79 22.68 23.019 22.877 22.757 22.658 22.489 22.913 23.008 22.856 22.468 22.298 22.108 22.823
114.3025 23.826 23.875 23.801 23.608 23.465 23.326 23.687 23.585 23.463 23.321 23.18 23.032 23.59 23.418 23.246 23.125 23.015 23.354 23.211 23.092 22.993 22.824 23.248 23.343 23.191 22.803 22.633 22.443 23.158
117.0598 24.161 24.21 24.135 23.942 23.8 23.661 24.022 23.92 23.798 23.656 23.515 23.367 23.925 23.753 23.581 23.46 23.349 23.689 23.546 23.426 23.327 23.159 23.583 23.678 23.525 23.137 22.968 22.778 23.493
119.8836 24.496 24.545 24.47 24.277 24.135 23.996 24.357 24.255 24.132 23.991 23.85 23.702 24.26 24.087 23.915 23.795 23.684 24.024 23.881 23.761 23.662 23.494 23.918 24.013 23.86 23.472 23.303 23.113 23.828
122.7756 24.83 24.88 24.805 24.612 24.47 24.331 24.691 24.59 24.467 24.325 24.185 24.036 24.595 24.422 24.25 24.13 24.019 24.358 24.216 24.096 23.997 23.829 24.253 24.348 24.195 23.807 23.638 23.447 24.162
125.7373 25.165 25.215 25.14 24.947 24.805 24.665 25.026 24.925 24.802 24.66 24.52 24.371 24.93 24.757 24.585 24.464 24.354 24.693 24.551 24.431 24.332 24.164 24.587 24.683 24.53 24.142 23.973 23.782 24.497
128.7705 25.5 25.55 25.475 25.282 25.139 25.0 25.361 25.259 25.137 24.995 24.855 24.706 25.264 25.092 24.92 24.799 24.689 25.028 24.886 24.766 24.667 24.498 24.922 25.017 24.865 24.477 24.307 24.117 24.832
131.8769 25.835 25.884 25.81 25.617 25.474 25.335 25.696 25.594 25.472 25.33 25.189 25.041 25.599 25.427 25.255 25.134 25.023 25.363 25.22 25.101 25.001 24.833 25.257 25.352 25.199 24.812 24.642 24.452 25.167
135.0582 26.17 26.219 26.144 25.951 25.809 25.67 26.031 25.929 25.807 25.665 25.524 25.376 25.934 25.761 25.59 25.469 25.358 25.698 25.555 25.435 25.336 25.168 25.592 25.687 25.534 25.146 24.977 24.787 25.502
138.3162 26.505 26.554 26.479 26.286 26.144 26.005 26.366 26.264 26.141 26.0 25.859 25.711 26.269 26.096 25.924 25.804 25.693 26.033 25.89 25.77 25.671 25.503 25.927 26.022 25.869 25.481 25.312 25.121 25.836
141.6528 26.839 26.889 26.814 26.621 26.479 26.34 26.7 26.599 26.476 26.334 26.194 26.045 26.604 26.431 26.259 26.139 26.028 26.367 26.225 26.105 26.006 25.838 26.262 26.357 26.204 25.816 25.647 25.456 26.171
145.0699 27.174 27.224 27.149 26.956 26.813 26.674 27.035 26.934 26.811 26.669 26.529 26.38 26.939 26.766 26.594 26.473 26.363 26.702 26.56 26.44 26.341 26.173 26.596 26.692 26.539 26.151 25.981 25.791 26.506
148.5695 27.509 27.559 27.484 27.291 27.148 27.009 27.37 27.268 27.146 27.004 26.864 26.715 27.273 27.101 26.929 26.808 26.698 27.037 26.894 26.775 26.676 26.507 26.931 27.026 26.874 26.486 26.316 26.126 26.841
152.1534 27.844 27.893 27.819 27.626 27.483 27.344 27.705 27.603 27.481 27.339 27.198 27.05 27.608 27.436 27.264 27.143 27.032 27.372 27.229 27.109 27.01 26.842 27.266 27.361 27.208 26.82 26.651 26.461 27.176
155.8238 28.179 28.228 28.153 27.96 27.818 27.679 28.04 27.938 27.816 27.674 27.533 27.385 27.943 27.77 27.599 27.478 27.367 27.707 27.564 27.444 27.345 27.177 27.601 27.696 27.543 27.155 26.986 26.796 27.511
159.5828 28.514 28.563 28.488 28.295 28.153 28.014 28.374 28.273 28.15 28.009 27.868 27.719 28.278 28.105 27.933 27.813 27.702 28.042 27.899 27.779 27.68 27.512 27.936 28.031 27.878 27.49 27.321 27.13 27.845
163.4324 28.848 28.898 28.823 28.63 28.488 28.348 28.709 28.608 28.485 28.343 28.203 28.054 28.613 28.44 28.268 28.148 28.037 28.376 28.234 28.114 28.015 27.847 28.271 28.366 28.213 27.825 27.656 27.465 28.18
167.375 29.183 29.233 29.158 28.965 28.822 28.683 29.044 28.942 28.82 28.678 28.538 28.389 28.948 28.775 28.603 28.482 28.372 28.711 28.569 28.449 28.35 28.181 28.605 28.701 28.548 28.16 27.99 27.8 28.515
171.4126 29.518 29.567 29.493 29.3 29.157 29.018 29.379 29.277 29.155 29.013 28.873 28.724 29.282 29.11 28.938 28.817 28.707 29.046 28.903 28.784 28.685 28.516 28.94 29.035 28.883 28.495 28.325 28.135 28.85
175.5476 29.853 29.902 29.827 29.635 29.492 29.353 29.714 29.612 29.49 29.348 29.207 29.059 29.617 29.445 29.273 29.152 29.041 29.381 29.238 29.118 29.019 28.851 29.275 29.37 29.217 28.829 28.66 28.47 29.185
179.7823 30.188 30.237 30.162 29.969 29.827 29.688 30.049 29.947 29.825 29.683 29.542 29.394 29.952 29.779 29.608 29.487 29.376 29.716 29.573 29.453 29.354 29.186 29.61 29.705 29.552 29.164 28.995 28.805 29.52
184.1193 30.523 30.572 30.497 30.304 30.162 30.023 30.383 30.282 30.159 30.017 29.877 29.728 30.287 30.114 29.942 29.822 29.711 30.05 29.908 29.788 29.689 29.521 29.945 30.04 29.887 29.499 29.33 29.139 29.854
188.5608 30.857 30.907 30.832 30.639 30.497 30.357 30.718 30.617 30.494 30.352 30.212 30.063 30.622 30.449 30.277 30.157 30.046 30.385 30.243 30.123 30.024 29.856 30.279 30.375 30.222 29.834 29.665 29.474 30.189
193.1095 31.192 31.242 31.167 30.974 30.831 30.692 31.053 30.951 30.829 30.687 30.547 30.398 30.956 30.784 30.612 30.491 30.381 30.72 30.578 30.458 30.359 30.19 30.614 30.709 30.557 30.169 29.999 29.809 30.524
