web/models/grb/offaxis/9/grb_0.2967_138.9495_0.6309573.dat
# %ECSV 1.0
# ---
# datatype:
# - {name: time, datatype: float64}
# - {name: swift_uvot_uvw2, datatype: float64}
# - {name: swift_uvot_uvm2, datatype: float64}
# - {name: swift_uvot_uvw1, datatype: float64}
# - {name: swift_uvot_U, datatype: float64}
# - {name: swift_uvot_B, datatype: float64}
# - {name: swift_uvot_V, datatype: float64}
# - {name: swift_uvot_W, datatype: float64}
# - {name: johnson_U, datatype: float64}
# - {name: johnson_B, datatype: float64}
# - {name: johnson_V, datatype: float64}
# - {name: johnson_R, datatype: float64}
# - {name: johnson_I, datatype: float64}
# - {name: sdss_u, datatype: float64}
# - {name: sdss_g, datatype: float64}
# - {name: sdss_r, datatype: float64}
# - {name: sdss_i, datatype: float64}
# - {name: sdss_z, datatype: float64}
# - {name: PS1_g, datatype: float64}
# - {name: PS1_r, datatype: float64}
# - {name: PS1_i, datatype: float64}
# - {name: PS1_z, datatype: float64}
# - {name: PS1_Y, datatype: float64}
# - {name: PS1_w, datatype: float64}
# - {name: ATLAS_c, datatype: float64}
# - {name: ATLAS_o, datatype: float64}
# - {name: ukirt_J, datatype: float64}
# - {name: ukirt_H, datatype: float64}
# - {name: ukirt_K, datatype: float64}
# - {name: Clear, datatype: float64}
# meta: !!omap
# - comment: [E = 0.06029923955985733, Eta0 = 8.02, GammaB = 12.0, dL = 0.012188, epsb = 6.760829753919819e-06, epse = 0.1, n = 0.630957344480193,
#     p = 2.15, theta_obs = 0.29670597283903605, xiN = 1.0, z = 0.0, type = grb, E_kiso = 138.9495494373139]
# schema: astropy-2.0
time swift_uvot_uvw2 swift_uvot_uvm2 swift_uvot_uvw1 swift_uvot_U swift_uvot_B swift_uvot_V swift_uvot_W johnson_U johnson_B johnson_V johnson_R johnson_I sdss_u sdss_g sdss_r sdss_i sdss_z PS1_g PS1_r PS1_i PS1_z PS1_Y PS1_w ATLAS_c ATLAS_o ukirt_J ukirt_H ukirt_K Clear
[from data line 310]
16.1874 -4.234 -4.184 -4.259 -4.452 -4.594 -4.733 -4.373 -4.474 -4.597 -4.739 -4.879 -5.028 -4.469 -4.642 -4.814 -4.934 -5.045 -4.706 -4.848 -4.968 -5.067 -5.235 -4.811 -4.716 -4.869 -5.257 -5.426 -5.617 -4.902
16.5779 -4.168 -4.118 -4.193 -4.386 -4.529 -4.668 -4.307 -4.409 -4.531 -4.673 -4.813 -4.962 -4.404 -4.576 -4.748 -4.869 -4.979 -4.64 -4.782 -4.902 -5.001 -5.17 -4.746 -4.651 -4.803 -5.191 -5.361 -5.551 -4.836
16.9778 -4.102 -4.053 -4.128 -4.32 -4.463 -4.602 -4.241 -4.343 -4.465 -4.607 -4.748 -4.896 -4.338 -4.51 -4.682 -4.803 -4.914 -4.574 -4.717 -4.837 -4.936 -5.104 -4.68 -4.585 -4.738 -5.126 -5.295 -5.485 -4.77
17.3873 -4.044 -3.995 -4.07 -4.263 -4.405 -4.544 -4.184 -4.285 -4.408 -4.55 -4.69 -4.839 -4.28 -4.453 -4.625 -4.745 -4.856 -4.517 -4.659 -4.779 -4.878 -5.046 -4.622 -4.527 -4.68 -5.068 -5.237 -5.428 -4.713
17.8068 -3.988 -3.939 -4.014 -4.207 -4.349 -4.488 -4.127 -4.229 -4.352 -4.493 -4.634 -4.782 -4.224 -4.397 -4.569 -4.689 -4.8 -4.46 -4.603 -4.723 -4.822 -4.99 -4.566 -4.471 -4.624 -5.012 -5.181 -5.372 -4.657
18.2363 -3.932 -3.883 -3.958 -4.151 -4.293 -4.432 -4.071 -4.173 -4.295 -4.437 -4.578 -4.726 -4.168 -4.341 -4.512 -4.633 -4.744 -4.404 -4.547 -4.667 -4.766 -4.934 -4.51 -4.415 -4.568 -4.956 -5.125 -5.315 -4.6
18.6762 -3.876 -3.827 -3.902 -4.095 -4.237 -4.376 -4.015 -4.117 -4.239 -4.381 -4.522 -4.67 -4.112 -4.285 -4.456 -4.577 -4.688 -4.348 -4.491 -4.611 -4.71 -4.878 -4.454 -4.359 -4.512 -4.9 -5.069 -5.259 -4.544
19.1268 -3.82 -3.771 -3.846 -4.038 -4.181 -4.32 -3.959 -4.061 -4.183 -4.325 -4.466 -4.614 -4.056 -4.228 -4.4 -4.521 -4.632 -4.292 -4.435 -4.555 -4.654 -4.822 -4.398 -4.303 -4.456 -4.844 -5.013 -5.203 -4.488
19.5882 -3.764 -3.715 -3.789 -3.982 -4.125 -4.264 -3.903 -4.005 -4.127 -4.269 -4.41 -4.558 -4.0 -4.172 -4.344 -4.465 -4.576 -4.236 -4.379 -4.498 -4.598 -4.766 -4.342 -4.247 -4.4 -4.787 -4.957 -5.147 -4.432
20.0607 -3.708 -3.659 -3.733 -3.926 -4.069 -4.208 -3.847 -3.949 -4.071 -4.213 -4.353 -4.502 -3.944 -4.116 -4.288 -4.409 -4.519 -4.18 -4.323 -4.442 -4.541 -4.71 -4.286 -4.191 -4.343 -4.731 -4.901 -5.091 -4.376
20.5446 -3.652 -3.602 -3.677 -3.87 -4.013 -4.152 -3.791 -3.893 -4.015 -4.157 -4.297 -4.446 -3.888 -4.06 -4.232 -4.353 -4.463 -4.124 -4.266 -4.386 -4.485 -4.654 -4.23 -4.135 -4.287 -4.675 -4.845 -5.035 -4.32
21.0402 -3.596 -3.546 -3.621 -3.814 -3.957 -4.096 -3.735 -3.837 -3.959 -4.101 -4.241 -4.39 -3.832 -4.004 -4.176 -4.297 -4.407 -4.068 -4.21 -4.33 -4.429 -4.598 -4.174 -4.078 -4.231 -4.619 -4.789 -4.979 -4.264
21.5478 -3.54 -3.49 -3.565 -3.758 -3.9 -4.04 -3.679 -3.78 -3.903 -4.045 -4.185 -4.334 -3.775 -3.948 -4.12 -4.241 -4.351 -4.012 -4.154 -4.274 -4.373 -4.541 -4.118 -4.022 -4.175 -4.563 -4.732 -4.923 -4.208
22.0676 -3.485 -3.436 -3.511 -3.704 -3.846 -3.985 -3.625 -3.726 -3.849 -3.991 -4.131 -4.28 -3.721 -3.894 -4.066 -4.186 -4.297 -3.958 -4.1 -4.22 -4.319 -4.487 -4.063 -3.968 -4.121 -4.509 -4.678 -4.869 -4.154
22.5999 -3.431 -3.382 -3.457 -3.65 -3.792 -3.931 -3.57 -3.672 -3.794 -3.936 -4.077 -4.225 -3.667 -3.84 -4.011 -4.132 -4.243 -3.903 -4.046 -4.166 -4.265 -4.433 -4.009 -3.914 -4.067 -4.455 -4.624 -4.814 -4.099
23.1451 -3.377 -3.328 -3.402 -3.595 -3.738 -3.877 -3.516 -3.618 -3.74 -3.882 -4.023 -4.171 -3.613 -3.785 -3.957 -4.078 -4.188 -3.849 -3.992 -4.111 -4.21 -4.379 -3.955 -3.86 -4.012 -4.4 -4.57 -4.76 -4.045
23.7034 -3.323 -3.273 -3.348 -3.541 -3.684 -3.823 -3.462 -3.564 -3.686 -3.828 -3.968 -4.117 -3.558 -3.731 -3.903 -4.024 -4.134 -3.795 -3.937 -4.057 -4.156 -4.325 -3.901 -3.805 -3.958 -4.346 -4.516 -4.706 -3.991
24.2752 -3.269 -3.219 -3.294 -3.487 -3.629 -3.768 -3.408 -3.509 -3.632 -3.774 -3.914 -4.063 -3.504 -3.677 -3.849 -3.969 -4.08 -3.741 -3.883 -4.003 -4.102 -4.27 -3.846 -3.751 -3.904 -4.292 -4.461 -4.652 -3.937
24.8608 -3.214 -3.165 -3.24 -3.433 -3.575 -3.714 -3.353 -3.455 -3.577 -3.719 -3.86 -4.008 -3.45 -3.623 -3.794 -3.915 -4.026 -3.686 -3.829 -3.949 -4.048 -4.216 -3.792 -3.697 -3.85 -4.238 -4.407 -4.597 -3.882
25.4606 -3.16 -3.111 -3.185 -3.378 -3.521 -3.66 -3.299 -3.401 -3.523 -3.665 -3.806 -3.954 -3.396 -3.568 -3.74 -3.861 -3.972 -3.632 -3.775 -3.895 -3.994 -4.162 -3.738 -3.643 -3.796 -4.184 -4.353 -4.543 -3.828
26.0748 -3.106 -3.056 -3.131 -3.324 -3.467 -3.606 -3.245 -3.347 -3.469 -3.611 -3.751 -3.9 -3.342 -3.514 -3.686 -3.807 -3.917 -3.578 -3.72 -3.84 -3.939 -4.108 -3.684 -3.589 -3.741 -4.129 -4.299 -4.489 -3.774
26.7038 -3.052 -3.002 -3.077 -3.27 -3.412 -3.552 -3.191 -3.292 -3.415 -3.557 -3.697 -3.846 -3.287 -3.46 -3.632 -3.752 -3.863 -3.524 -3.666 -3.786 -3.885 -4.053 -3.63 -3.534 -3.687 -4.075 -4.244 -4.435 -3.72
27.3479 -2.998 -2.949 -3.023 -3.216 -3.359 -3.498 -3.137 -3.239 -3.361 -3.503 -3.644 -3.792 -3.234 -3.406 -3.578 -3.699 -3.81 -3.47 -3.613 -3.733 -3.832 -4.0 -3.576 -3.481 -3.634 -4.022 -4.191 -4.381 -3.666
28.0077 -2.949 -2.9 -2.975 -3.168 -3.31 -3.449 -3.088 -3.19 -3.312 -3.454 -3.595 -3.743 -3.185 -3.358 -3.529 -3.65 -3.761 -3.421 -3.564 -3.684 -3.783 -3.951 -3.527 -3.432 -3.585 -3.973 -4.142 -4.332 -3.617
28.6833 -2.9 -2.851 -2.926 -3.119 -3.261 -3.4 -3.039 -3.141 -3.264 -3.405 -3.546 -3.694 -3.136 -3.309 -3.481 -3.601 -3.712 -3.372 -3.515 -3.635 -3.734 -3.902 -3.478 -3.383 -3.536 -3.924 -4.093 -4.283 -3.568
29.3752 -2.852 -2.802 -2.877 -3.07 -3.212 -3.351 -2.991 -3.092 -3.215 -3.357 -3.497 -3.646 -3.087 -3.26 -3.432 -3.552 -3.663 -3.324 -3.466 -3.586 -3.685 -3.853 -3.429 -3.334 -3.487 -3.875 -4.044 -4.235 -3.52
30.0838 -2.803 -2.753 -2.828 -3.021 -3.163 -3.303 -2.942 -3.043 -3.166 -3.308 -3.448 -3.597 -3.038 -3.211 -3.383 -3.504 -3.614 -3.275 -3.417 -3.537 -3.636 -3.804 -3.381 -3.285 -3.438 -3.826 -3.995 -4.186 -3.471
30.8096 -2.754 -2.704 -2.779 -2.972 -3.115 -3.254 -2.893 -2.995 -3.117 -3.259 -3.399 -3.548 -2.99 -3.162 -3.334 -3.455 -3.565 -3.226 -3.368 -3.488 -3.587 -3.756 -3.332 -3.237 -3.389 -3.777 -3.947 -4.137 -3.422
31.5528 -2.705 -2.656 -2.73 -2.923 -3.066 -3.205 -2.844 -2.946 -3.068 -3.21 -3.35 -3.499 -2.941 -3.113 -3.285 -3.406 -3.516 -3.177 -3.32 -3.439 -3.538 -3.707 -3.283 -3.188 -3.34 -3.728 -3.898 -4.088 -3.373
32.3139 -2.656 -2.607 -2.681 -2.874 -3.017 -3.156 -2.795 -2.897 -3.019 -3.161 -3.302 -3.45 -2.892 -3.064 -3.236 -3.357 -3.468 -3.128 -3.271 -3.391 -3.49 -3.658 -3.234 -3.139 -3.292 -3.68 -3.849 -4.039 -3.324
33.0935 -2.607 -2.558 -2.633 -2.826 -2.968 -3.107 -2.746 -2.848 -2.97 -3.112 -3.253 -3.401 -2.843 -3.016 -3.187 -3.308 -3.419 -3.079 -3.222 -3.342 -3.441 -3.609 -3.185 -3.09 -3.243 -3.631 -3.8 -3.99 -3.275
33.8918 -2.558 -2.509 -2.584 -2.777 -2.919 -3.058 -2.697 -2.799 -2.922 -3.063 -3.204 -3.352 -2.794 -2.967 -3.139 -3.259 -3.37 -3.03 -3.173 -3.293 -3.392 -3.56 -3.136 -3.041 -3.194 -3.582 -3.751 -3.941 -3.226
34.7093 -2.511 -2.461 -2.536 -2.729 -2.871 -3.011 -2.65 -2.751 -2.874 -3.016 -3.156 -3.305 -2.746 -2.919 -3.091 -3.211 -3.322 -2.983 -3.125 -3.245 -3.344 -3.512 -3.088 -2.993 -3.146 -3.534 -3.703 -3.894 -3.179
35.5466 -2.466 -2.416 -2.491 -2.684 -2.827 -2.966 -2.605 -2.707 -2.829 -2.971 -3.111 -3.26 -2.702 -2.874 -3.046 -3.167 -3.277 -2.938 -3.08 -3.2 -3.299 -3.468 -3.044 -2.949 -3.101 -3.489 -3.659 -3.849 -3.134
36.4041 -2.421 -2.372 -2.446 -2.639 -2.782 -2.921 -2.56 -2.662 -2.784 -2.926 -3.067 -3.215 -2.657 -2.829 -3.001 -3.122 -3.233 -2.893 -3.036 -3.155 -3.254 -3.423 -2.999 -2.904 -3.057 -3.444 -3.614 -3.804 -3.089
37.2823 -2.376 -2.327 -2.402 -2.595 -2.737 -2.876 -2.515 -2.617 -2.739 -2.881 -3.022 -3.17 -2.612 -2.785 -2.956 -3.077 -3.188 -2.848 -2.991 -3.111 -3.21 -3.378 -2.954 -2.859 -3.012 -3.4 -3.569 -3.759 -3.044
38.1817 -2.331 -2.282 -2.357 -2.55 -2.692 -2.831 -2.471 -2.572 -2.695 -2.836 -2.977 -3.126 -2.567 -2.74 -2.912 -3.032 -3.143 -2.803 -2.946 -3.066 -3.165 -3.333 -2.909 -2.814 -2.967 -3.355 -3.524 -3.715 -3.0
39.1028 -2.287 -2.237 -2.312 -2.505 -2.647 -2.787 -2.426 -2.527 -2.65 -2.792 -2.932 -3.081 -2.522 -2.695 -2.867 -2.987 -3.098 -2.759 -2.901 -3.021 -3.12 -3.288 -2.865 -2.769 -2.922 -3.31 -3.479 -3.67 -2.955
40.046 -2.242 -2.192 -2.267 -2.46 -2.603 -2.742 -2.381 -2.483 -2.605 -2.747 -2.887 -3.036 -2.478 -2.65 -2.822 -2.943 -3.053 -2.714 -2.856 -2.976 -3.075 -3.244 -2.82 -2.725 -2.877 -3.265 -3.435 -3.625 -2.91
41.0121 -2.197 -2.148 -2.222 -2.415 -2.558 -2.697 -2.336 -2.438 -2.56 -2.702 -2.843 -2.991 -2.433 -2.605 -2.777 -2.898 -3.009 -2.669 -2.812 -2.932 -3.031 -3.199 -2.775 -2.68 -2.833 -3.221 -3.39 -3.58 -2.865
42.0014 -2.152 -2.103 -2.178 -2.371 -2.513 -2.652 -2.291 -2.393 -2.515 -2.657 -2.798 -2.946 -2.388 -2.561 -2.732 -2.853 -2.964 -2.624 -2.767 -2.887 -2.986 -3.154 -2.73 -2.635 -2.788 -3.176 -3.345 -3.535 -2.82
43.0146 -2.107 -2.058 -2.133 -2.326 -2.468 -2.607 -2.247 -2.348 -2.471 -2.613 -2.753 -2.902 -2.343 -2.516 -2.688 -2.808 -2.919 -2.58 -2.722 -2.842 -2.941 -3.109 -2.685 -2.59 -2.743 -3.131 -3.3 -3.491 -2.776
44.0523 -2.064 -2.014 -2.089 -2.282 -2.424 -2.563 -2.203 -2.304 -2.427 -2.569 -2.709 -2.858 -2.299 -2.472 -2.644 -2.764 -2.875 -2.536 -2.678 -2.798 -2.897 -3.065 -2.641 -2.546 -2.699 -3.087 -3.256 -3.447 -2.732
45.1149 -2.021 -1.971 -2.046 -2.239 -2.382 -2.521 -2.16 -2.262 -2.384 -2.526 -2.666 -2.815 -2.257 -2.429 -2.601 -2.722 -2.832 -2.493 -2.636 -2.755 -2.854 -3.023 -2.599 -2.504 -2.656 -3.044 -3.214 -3.404 -2.689
46.2033 -1.978 -1.929 -2.004 -2.197 -2.339 -2.478 -2.117 -2.219 -2.341 -2.483 -2.624 -2.772 -2.214 -2.387 -2.558 -2.679 -2.79 -2.45 -2.593 -2.713 -2.812 -2.98 -2.556 -2.461 -2.614 -3.002 -3.171 -3.361 -2.646
47.3178 -1.936 -1.886 -1.961 -2.154 -2.296 -2.436 -2.075 -2.176 -2.299 -2.441 -2.581 -2.73 -2.171 -2.344 -2.516 -2.637 -2.747 -2.408 -2.55 -2.67 -2.769 -2.937 -2.514 -2.418 -2.571 -2.959 -3.128 -3.319 -2.604
48.4593 -1.893 -1.844 -1.918 -2.111 -2.254 -2.393 -2.032 -2.134 -2.256 -2.398 -2.539 -2.687 -2.129 -2.301 -2.473 -2.594 -2.705 -2.365 -2.508 -2.627 -2.726 -2.895 -2.471 -2.376 -2.529 -2.916 -3.086 -3.276 -2.561
49.6283 -1.85 -1.801 -1.876 -2.069 -2.211 -2.35 -1.989 -2.091 -2.214 -2.355 -2.496 -2.644 -2.086 -2.259 -2.431 -2.551 -2.662 -2.322 -2.465 -2.585 -2.684 -2.852 -2.428 -2.333 -2.486 -2.874 -3.043 -3.234 -2.519
50.8255 -1.808 -1.758 -1.833 -2.026 -2.169 -2.308 -1.947 -2.048 -2.171 -2.313 -2.453 -2.602 -2.043 -2.216 -2.388 -2.509 -2.619 -2.28 -2.422 -2.542 -2.641 -2.809 -2.386 -2.29 -2.443 -2.831 -3.001 -3.191 -2.476
52.0515 -1.765 -1.716 -1.791 -1.983 -2.126 -2.265 -1.904 -2.006 -2.128 -2.27 -2.411 -2.559 -2.001 -2.173 -2.345 -2.466 -2.577 -2.237 -2.38 -2.5 -2.599 -2.767 -2.343 -2.248 -2.401 -2.789 -2.958 -3.148 -2.433
53.3072 -1.722 -1.673 -1.748 -1.941 -2.083 -2.222 -1.862 -1.963 -2.086 -2.228 -2.368 -2.517 -1.958 -2.131 -2.303 -2.423 -2.534 -2.195 -2.337 -2.457 -2.556 -2.724 -2.3 -2.205 -2.358 -2.746 -2.915 -3.106 -2.391
54.5931 -1.68 -1.63 -1.705 -1.898 -2.041 -2.18 -1.819 -1.921 -2.043 -2.185 -2.325 -2.474 -1.916 -2.088 -2.26 -2.381 -2.491 -2.152 -2.294 -2.414 -2.513 -2.682 -2.258 -2.163 -2.315 -2.703 -2.873 -3.063 -2.348
55.9101 -1.638 -1.589 -1.664 -1.857 -1.999 -2.138 -1.777 -1.879 -2.001 -2.143 -2.284 -2.432 -1.874 -2.047 -2.218 -2.339 -2.45 -2.11 -2.253 -2.373 -2.472 -2.64 -2.216 -2.121 -2.274 -2.662 -2.831 -3.021 -2.306
57.2588 -1.597 -1.548 -1.623 -1.816 -1.958 -2.097 -1.737 -1.838 -1.961 -2.103 -2.243 -2.392 -1.833 -2.006 -2.178 -2.298 -2.409 -2.07 -2.212 -2.332 -2.431 -2.599 -2.175 -2.08 -2.233 -2.621 -2.79 -2.981 -2.266
58.6401 -1.557 -1.507 -1.582 -1.775 -1.918 -2.057 -1.696 -1.797 -1.92 -2.062 -2.202 -2.351 -1.792 -1.965 -2.137 -2.258 -2.368 -2.029 -2.171 -2.291 -2.39 -2.558 -2.135 -2.039 -2.192 -2.58 -2.75 -2.94 -2.225
60.0546 -1.516 -1.467 -1.541 -1.734 -1.877 -2.016 -1.655 -1.757 -1.879 -2.021 -2.162 -2.31 -1.752 -1.924 -2.096 -2.217 -2.327 -1.988 -2.131 -2.25 -2.349 -2.518 -2.094 -1.999 -2.151 -2.539 -2.709 -2.899 -2.184
61.5034 -1.475 -1.426 -1.501 -1.694 -1.836 -1.975 -1.614 -1.716 -1.838 -1.98 -2.121 -2.269 -1.711 -1.884 -2.055 -2.176 -2.287 -1.947 -2.09 -2.21 -2.309 -2.477 -2.053 -1.958 -2.111 -2.499 -2.668 -2.858 -2.143
62.987 -1.435 -1.385 -1.46 -1.653 -1.795 -1.934 -1.574 -1.675 -1.798 -1.94 -2.08 -2.229 -1.67 -1.843 -2.015 -2.135 -2.246 -1.907 -2.049 -2.169 -2.268 -2.436 -2.012 -1.917 -2.07 -2.458 -2.627 -2.818 -2.103
64.5065 -1.394 -1.344 -1.419 -1.612 -1.755 -1.894 -1.533 -1.635 -1.757 -1.899 -2.039 -2.188 -1.629 -1.802 -1.974 -2.095 -2.205 -1.866 -2.008 -2.128 -2.227 -2.395 -1.972 -1.876 -2.029 -2.417 -2.587 -2.777 -2.062
66.0626 -1.353 -1.304 -1.378 -1.571 -1.714 -1.853 -1.492 -1.594 -1.716 -1.858 -1.999 -2.147 -1.589 -1.761 -1.933 -2.054 -2.164 -1.825 -1.968 -2.087 -2.186 -2.355 -1.931 -1.836 -1.988 -2.376 -2.546 -2.736 -2.021
67.6562 -1.312 -1.263 -1.338 -1.531 -1.673 -1.812 -1.451 -1.553 -1.675 -1.817 -1.958 -2.106 -1.548 -1.721 -1.892 -2.013 -2.124 -1.784 -1.927 -2.047 -2.146 -2.314 -1.89 -1.795 -1.948 -2.336 -2.505 -2.695 -1.98
69.2883 -1.272 -1.222 -1.297 -1.49 -1.632 -1.771 -1.411 -1.512 -1.635 -1.777 -1.917 -2.066 -1.507 -1.68 -1.852 -1.972 -2.083 -1.744 -1.886 -2.006 -2.105 -2.273 -1.849 -1.754 -1.907 -2.295 -2.464 -2.655 -1.94
70.9597 -1.234 -1.184 -1.259 -1.452 -1.595 -1.734 -1.373 -1.475 -1.597 -1.739 -1.879 -2.028 -1.47 -1.642 -1.814 -1.935 -2.045 -1.706 -1.848 -1.968 -2.067 -2.236 -1.812 -1.717 -1.869 -2.257 -2.427 -2.617 -1.902
72.6715 -1.198 -1.148 -1.223 -1.416 -1.558 -1.697 -1.337 -1.438 -1.561 -1.703 -1.843 -1.992 -1.433 -1.606 -1.778 -1.898 -2.009 -1.67 -1.812 -1.932 -2.031 -2.199 -1.775 -1.68 -1.833 -2.221 -2.39 -2.581 -1.866
74.4246 -1.161 -1.112 -1.187 -1.38 -1.522 -1.661 -1.3 -1.402 -1.524 -1.666 -1.807 -1.955 -1.397 -1.57 -1.741 -1.862 -1.973 -1.633 -1.776 -1.896 -1.995 -2.163 -1.739 -1.644 -1.797 -2.185 -2.354 -2.544 -1.829
76.2199 -1.125 -1.075 -1.15 -1.343 -1.486 -1.625 -1.264 -1.366 -1.488 -1.63 -1.77 -1.919 -1.361 -1.533 -1.705 -1.826 -1.936 -1.597 -1.74 -1.859 -1.958 -2.127 -1.703 -1.608 -1.76 -2.148 -2.318 -2.508 -1.793
78.0586 -1.089 -1.039 -1.114 -1.307 -1.449 -1.588 -1.228 -1.329 -1.452 -1.594 -1.734 -1.883 -1.324 -1.497 -1.669 -1.789 -1.9 -1.561 -1.703 -1.823 -1.922 -2.09 -1.666 -1.571 -1.724 -2.112 -2.281 -2.472 -1.757
79.9416 -1.052 -1.003 -1.078 -1.271 -1.413 -1.552 -1.191 -1.293 -1.415 -1.557 -1.698 -1.846 -1.288 -1.461 -1.632 -1.753 -1.864 -1.524 -1.667 -1.787 -1.886 -2.054 -1.63 -1.535 -1.688 -2.076 -2.245 -2.435 -1.72
81.87 -1.016 -0.966 -1.041 -1.234 -1.377 -1.516 -1.155 -1.257 -1.379 -1.521 -1.661 -1.81 -1.252 -1.424 -1.596 -1.717 -1.827 -1.488 -1.631 -1.75 -1.849 -2.018 -1.594 -1.499 -1.651 -2.039 -2.209 -2.399 -1.684
83.845 -0.98 -0.93 -1.005 -1.198 -1.34 -1.48 -1.119 -1.22 -1.343 -1.485 -1.625 -1.774 -1.215 -1.388 -1.56 -1.68 -1.791 -1.452 -1.594 -1.714 -1.813 -1.981 -1.557 -1.462 -1.615 -2.003 -2.172 -2.363 -1.648
85.8676 -0.943 -0.894 -0.969 -1.162 -1.304 -1.443 -1.082 -1.184 -1.306 -1.448 -1.589 -1.737 -1.179 -1.352 -1.523 -1.644 -1.755 -1.415 -1.558 -1.678 -1.777 -1.945 -1.521 -1.426 -1.579 -1.967 -2.136 -2.326 -1.611
87.939 -0.907 -0.858 -0.932 -1.125 -1.268 -1.407 -1.046 -1.148 -1.27 -1.412 -1.552 -1.701 -1.143 -1.315 -1.487 -1.608 -1.718 -1.379 -1.522 -1.641 -1.74 -1.909 -1.485 -1.39 -1.542 -1.93 -2.1 -2.29 -1.575
90.0604 -0.872 -0.823 -0.897 -1.09 -1.233 -1.372 -1.011 -1.113 -1.235 -1.377 -1.518 -1.666 -1.108 -1.28 -1.452 -1.573 -1.684 -1.344 -1.487 -1.606 -1.705 -1.874 -1.45 -1.355 -1.508 -1.895 -2.065 -2.255 -1.54
92.2329 -0.837 -0.788 -0.863 -1.056 -1.198 -1.337 -0.976 -1.078 -1.201 -1.342 -1.483 -1.631 -1.073 -1.246 -1.417 -1.538 -1.649 -1.309 -1.452 -1.572 -1.671 -1.839 -1.415 -1.32 -1.473 -1.861 -2.03 -2.22 -1.505
94.4579 -0.803 -0.753 -0.828 -1.021 -1.163 -1.303 -0.942 -1.043 -1.166 -1.308 -1.448 -1.597 -1.038 -1.211 -1.383 -1.504 -1.614 -1.275 -1.417 -1.537 -1.636 -1.804 -1.381 -1.285 -1.438 -1.826 -1.995 -2.186 -1.471
96.7365 -0.768 -0.719 -0.793 -0.986 -1.129 -1.268 -0.907 -1.009 -1.131 -1.273 -1.414 -1.562 -1.004 -1.176 -1.348 -1.469 -1.579 -1.24 -1.383 -1.502 -1.601 -1.77 -1.346 -1.251 -1.403 -1.791 -1.961 -2.151 -1.436
