web/models/grb/offaxis/9/grb_0.2967_0.7197_0.0100000.dat
# %ECSV 1.0
# ---
# datatype:
# - {name: time, datatype: float64}
# - {name: swift_uvot_uvw2, datatype: float64}
# - {name: swift_uvot_uvm2, datatype: float64}
# - {name: swift_uvot_uvw1, datatype: float64}
# - {name: swift_uvot_U, datatype: float64}
# - {name: swift_uvot_B, datatype: float64}
# - {name: swift_uvot_V, datatype: float64}
# - {name: swift_uvot_W, datatype: float64}
# - {name: johnson_U, datatype: float64}
# - {name: johnson_B, datatype: float64}
# - {name: johnson_V, datatype: float64}
# - {name: johnson_R, datatype: float64}
# - {name: johnson_I, datatype: float64}
# - {name: sdss_u, datatype: float64}
# - {name: sdss_g, datatype: float64}
# - {name: sdss_r, datatype: float64}
# - {name: sdss_i, datatype: float64}
# - {name: sdss_z, datatype: float64}
# - {name: PS1_g, datatype: float64}
# - {name: PS1_r, datatype: float64}
# - {name: PS1_i, datatype: float64}
# - {name: PS1_z, datatype: float64}
# - {name: PS1_Y, datatype: float64}
# - {name: PS1_w, datatype: float64}
# - {name: ATLAS_c, datatype: float64}
# - {name: ATLAS_o, datatype: float64}
# - {name: ukirt_J, datatype: float64}
# - {name: ukirt_H, datatype: float64}
# - {name: ukirt_K, datatype: float64}
# - {name: Clear, datatype: float64}
# meta: !!omap
# - comment: [E = 0.0003123183844771778, Eta0 = 8.02, GammaB = 12.0, dL = 0.012188, epsb = 6.760829753919819e-06, epse = 0.1, n = 0.01,
#     p = 2.15, theta_obs = 0.29670597283903605, xiN = 1.0, z = 0.0, type = grb, E_kiso = 0.7196856730011522]
# schema: astropy-2.0
time swift_uvot_uvw2 swift_uvot_uvm2 swift_uvot_uvw1 swift_uvot_U swift_uvot_B swift_uvot_V swift_uvot_W johnson_U johnson_B johnson_V johnson_R johnson_I sdss_u sdss_g sdss_r sdss_i sdss_z PS1_g PS1_r PS1_i PS1_z PS1_Y PS1_w ATLAS_c ATLAS_o ukirt_J ukirt_H ukirt_K Clear
[from data line 444]
394.7926 18.759 18.809 18.734 18.541 18.399 18.26 18.62 18.519 18.396 18.254 18.114 17.965 18.524 18.351 18.179 18.059 17.948 18.287 18.145 18.025 17.926 17.758 18.182 18.277 18.124 17.736 17.567 17.376 18.091
404.3163 19.073 19.123 19.048 18.855 18.712 18.573 18.934 18.832 18.71 18.568 18.428 18.279 18.837 18.665 18.493 18.372 18.262 18.601 18.458 18.339 18.24 18.071 18.495 18.59 18.438 18.05 17.88 17.69 18.405
414.0697 19.387 19.436 19.361 19.168 19.026 18.887 19.248 19.146 19.023 18.882 18.741 18.593 19.151 18.978 18.806 18.686 18.575 18.915 18.772 18.652 18.553 18.385 18.809 18.904 18.751 18.363 18.194 18.004 18.719
424.0583 19.7 19.75 19.675 19.482 19.339 19.2 19.561 19.459 19.337 19.195 19.055 18.906 19.464 19.292 19.12 18.999 18.889 19.228 19.086 18.966 18.867 18.698 19.122 19.218 19.065 18.677 18.507 18.317 19.032
434.2879 20.014 20.063 19.988 19.795 19.653 19.514 19.875 19.773 19.651 19.509 19.368 19.22 19.778 19.605 19.434 19.313 19.202 19.542 19.399 19.279 19.18 19.012 19.436 19.531 19.378 18.99 18.821 18.631 19.346
444.7643 20.327 20.377 20.302 20.109 19.967 19.827 20.188 20.087 19.964 19.822 19.682 19.533 20.092 19.919 19.747 19.626 19.516 19.855 19.713 19.593 19.494 19.326 19.749 19.845 19.692 19.304 19.135 18.944 19.659
455.4934 20.641 20.69 20.615 20.423 20.28 20.141 20.502 20.4 20.278 20.136 19.995 19.847 20.405 20.233 20.061 19.94 19.829 20.169 20.026 19.906 19.807 19.639 20.063 20.158 20.005 19.617 19.448 19.258 19.973
466.4814 20.954 21.004 20.929 20.736 20.594 20.455 20.815 20.714 20.591 20.449 20.309 20.16 20.719 20.546 20.374 20.254 20.143 20.482 20.34 20.22 20.121 19.953 20.377 20.472 20.319 19.931 19.762 19.571 20.286
477.7344 21.268 21.317 21.243 21.05 20.907 20.768 21.129 21.027 20.905 20.763 20.623 20.474 21.032 20.86 20.688 20.567 20.457 20.796 20.653 20.534 20.435 20.266 20.69 20.785 20.633 20.245 20.075 19.885 20.6
489.2588 21.582 21.631 21.556 21.363 21.221 21.082 21.443 21.341 21.218 21.077 20.936 20.788 21.346 21.173 21.001 20.881 20.77 21.11 20.967 20.847 20.748 20.58 21.004 21.099 20.946 20.558 20.389 20.198 20.913
501.0613 21.895 21.945 21.87 21.677 21.534 21.395 21.756 21.654 21.532 21.39 21.25 21.101 21.659 21.487 21.315 21.194 21.084 21.423 21.281 21.161 21.062 20.893 21.317 21.412 21.26 20.872 20.702 20.512 21.227
513.1485 22.209 22.258 22.183 21.99 21.848 21.709 22.07 21.968 21.846 21.704 21.563 21.415 21.973 21.8 21.629 21.508 21.397 21.737 21.594 21.474 21.375 21.207 21.631 21.726 21.573 21.185 21.016 20.826 21.541
525.5272 22.522 22.572 22.497 22.304 22.162 22.022 22.383 22.282 22.159 22.017 21.877 21.728 22.287 22.114 21.942 21.821 21.711 22.05 21.908 21.788 21.689 21.521 21.944 22.04 21.887 21.499 21.33 21.139 21.854
538.2046 22.836 22.885 22.81 22.618 22.475 22.336 22.697 22.595 22.473 22.331 22.19 22.042 22.6 22.428 22.256 22.135 22.024 22.364 22.221 22.101 22.002 21.834 22.258 22.353 22.2 21.812 21.643 21.453 22.168
551.1878 23.149 23.199 23.124 22.931 22.789 22.65 23.01 22.909 22.786 22.644 22.504 22.355 22.914 22.741 22.569 22.449 22.338 22.677 22.535 22.415 22.316 22.148 22.572 22.667 22.514 22.126 21.957 21.766 22.481
564.4842 23.463 23.512 23.438 23.245 23.102 22.963 23.324 23.222 23.1 22.958 22.817 22.669 23.227 23.055 22.883 22.762 22.652 22.991 22.848 22.729 22.63 22.461 22.885 22.98 22.828 22.44 22.27 22.08 22.795
578.1013 23.777 23.826 23.751 23.558 23.416 23.277 23.637 23.536 23.413 23.272 23.131 22.982 23.541 23.368 23.196 23.076 22.965 23.305 23.162 23.042 22.943 22.775 23.199 23.294 23.141 22.753 22.584 22.393 23.108
592.0469 24.09 24.14 24.065 23.872 23.729 23.59 23.951 23.849 23.727 23.585 23.445 23.296 23.854 23.682 23.51 23.389 23.279 23.618 23.476 23.356 23.257 23.088 23.512 23.607 23.455 23.067 22.897 22.707 23.422
606.329 24.404 24.453 24.378 24.185 24.043 23.904 24.265 24.163 24.041 23.899 23.758 23.61 24.168 23.995 23.824 23.703 23.592 23.932 23.789 23.669 23.57 23.402 23.826 23.921 23.768 23.38 23.211 23.021 23.736
620.9555 24.717 24.767 24.692 24.499 24.357 24.217 24.578 24.477 24.354 24.212 24.072 23.923 24.482 24.309 24.137 24.016 23.906 24.245 24.103 23.983 23.884 23.716 24.139 24.235 24.082 23.694 23.525 23.334 24.049
635.9349 25.031 25.08 25.005 24.812 24.67 24.531 24.892 24.79 24.668 24.526 24.385 24.237 24.795 24.623 24.451 24.33 24.219 24.559 24.416 24.296 24.197 24.029 24.453 24.548 24.395 24.007 23.838 23.648 24.363
651.2757 25.344 25.394 25.319 25.126 24.984 24.845 25.205 25.104 24.981 24.839 24.699 24.55 25.109 24.936 24.764 24.644 24.533 24.872 24.73 24.61 24.511 24.343 24.767 24.862 24.709 24.321 24.152 23.961 24.676
666.9865 25.658 25.707 25.633 25.44 25.297 25.158 25.519 25.417 25.295 25.153 25.012 24.864 25.422 25.25 25.078 24.957 24.846 25.186 25.043 24.924 24.825 24.656 25.08 25.175 25.023 24.635 24.465 24.275 24.99
683.0763 25.972 26.021 25.946 25.753 25.611 25.472 25.832 25.731 25.608 25.467 25.326 25.177 25.736 25.563 25.391 25.271 25.16 25.499 25.357 25.237 25.138 24.97 25.394 25.489 25.336 24.948 24.779 24.588 25.303
699.5543 26.285 26.335 26.26 26.067 25.924 25.785 26.146 26.044 25.922 25.78 25.64 25.491 26.049 25.877 25.705 25.584 25.474 25.813 25.67 25.551 25.452 25.283 25.707 25.802 25.65 25.262 25.092 24.902 25.617
716.4297 26.599 26.648 26.573 26.38 26.238 26.099 26.46 26.358 26.236 26.094 25.953 25.805 26.363 26.19 26.019 25.898 25.787 26.127 25.984 25.864 25.765 25.597 26.021 26.116 25.963 25.575 25.406 25.216 25.931
733.7123 26.912 26.962 26.887 26.694 26.551 26.412 26.773 26.672 26.549 26.407 26.267 26.118 26.677 26.504 26.332 26.211 26.101 26.44 26.298 26.178 26.079 25.911 26.334 26.43 26.277 25.889 25.719 25.529 26.244
751.4117 27.226 27.275 27.2 27.007 26.865 26.726 27.087 26.985 26.863 26.721 26.58 26.432 26.99 26.818 26.646 26.525 26.414 26.754 26.611 26.491 26.392 26.224 26.648 26.743 26.59 26.202 26.033 25.843 26.558
769.5381 27.539 27.589 27.514 27.321 27.179 27.039 27.4 27.299 27.176 27.034 26.894 26.745 27.304 27.131 26.959 26.839 26.728 27.067 26.925 26.805 26.706 26.538 26.962 27.057 26.904 26.516 26.347 26.156 26.871
788.1018 27.853 27.902 27.828 27.635 27.492 27.353 27.714 27.612 27.49 27.348 27.207 27.059 27.617 27.445 27.273 27.152 27.041 27.381 27.238 27.119 27.019 26.851 27.275 27.37 27.217 26.83 26.66 26.47 27.185
807.1133 28.167 28.216 28.141 27.948 27.806 27.667 28.027 27.926 27.803 27.661 27.521 27.372 27.931 27.758 27.586 27.466 27.355 27.694 27.552 27.432 27.333 27.165 27.589 27.684 27.531 27.143 26.974 26.783 27.498
826.5834 28.48 28.53 28.455 28.262 28.119 27.98 28.341 28.239 28.117 27.975 27.835 27.686 28.244 28.072 27.9 27.779 27.669 28.008 27.865 27.746 27.647 27.478 27.902 27.997 27.845 27.457 27.287 27.097 27.812
846.5232 28.794 28.843 28.768 28.575 28.433 28.294 28.655 28.553 28.43 28.289 28.148 28.0 28.558 28.385 28.214 28.093 27.982 28.322 28.179 28.059 27.96 27.792 28.216 28.311 28.158 27.77 27.601 27.411 28.126
866.944 29.107 29.157 29.082 28.889 28.746 28.607 28.968 28.866 28.744 28.602 28.462 28.313 28.872 28.699 28.527 28.406 28.296 28.635 28.493 28.373 28.274 28.105 28.529 28.625 28.472 28.084 27.914 27.724 28.439
887.8575 29.421 29.47 29.395 29.202 29.06 28.921 29.282 29.18 29.058 28.916 28.775 28.627 29.185 29.012 28.841 28.72 28.609 28.949 28.806 28.686 28.587 28.419 28.843 28.938 28.785 28.397 28.228 28.038 28.753
909.2754 29.734 29.784 29.709 29.516 29.374 29.234 29.595 29.494 29.371 29.229 29.089 28.94 29.499 29.326 29.154 29.034 28.923 29.262 29.12 29.0 28.901 28.733 29.156 29.252 29.099 28.711 28.542 28.351 29.066
931.21 30.048 30.097 30.023 29.83 29.687 29.548 29.909 29.807 29.685 29.543 29.402 29.254 29.812 29.64 29.468 29.347 29.236 29.576 29.433 29.313 29.214 29.046 29.47 29.565 29.412 29.024 28.855 28.665 29.38
953.6737 30.361 30.411 30.336 30.143 30.001 29.862 30.222 30.121 29.998 29.856 29.716 29.567 30.126 29.953 29.781 29.661 29.55 29.889 29.747 29.627 29.528 29.36 29.784 29.879 29.726 29.338 29.169 28.978 29.693
976.6793 30.675 30.725 30.65 30.457 30.314 30.175 30.536 30.434 30.312 30.17 30.03 29.881 30.439 30.267 30.095 29.974 29.864 30.203 30.06 29.941 29.842 29.673 30.097 30.192 30.04 29.652 29.482 29.292 30.007
1000.2399 30.989 31.038 30.963 30.77 30.628 30.489 30.85 30.748 30.625 30.484 30.343 30.195 30.753 30.58 30.408 30.288 30.177 30.517 30.374 30.254 30.155 29.987 30.411 30.506 30.353 29.965 29.796 29.606 30.321
1024.3688 31.302 31.352 31.277 31.084 30.941 30.802 31.163 31.061 30.939 30.797 30.657 30.508 31.066 30.894 30.722 30.601 30.491 30.83 30.688 30.568 30.469 30.3 30.724 30.82 30.667 30.279 30.109 29.919 30.634
1049.0798 31.616 31.665 31.59 31.397 31.255 31.116 31.477 31.375 31.253 31.111 30.97 30.822 31.38 31.207 31.036 30.915 30.804 31.144 31.001 30.881 30.782 30.614 31.038 31.133 30.98 30.592 30.423 30.233 30.948
1074.3869 31.929 31.979 31.904 31.711 31.569 31.429 31.79 31.689 31.566 31.424 31.284 31.135 31.694 31.521 31.349 31.228 31.118 31.457 31.315 31.195 31.096 30.928 31.351 31.447 31.294 30.906 30.737 30.546 31.261
1100.3045 32.243 32.292 32.217 32.025 31.882 31.743 32.104 32.002 31.88 31.738 31.597 31.449 32.007 31.835 31.663 31.542 31.431 31.771 31.628 31.508 31.409 31.241 31.665 31.76 31.607 31.219 31.05 30.86 31.575
1126.8473 32.556 32.606 32.531 32.338 32.196 32.057 32.417 32.316 32.193 32.051 31.911 31.762 32.321 32.148 31.976 31.856 31.745 32.084 31.942 31.822 31.723 31.555 31.979 32.074 31.921 31.533 31.364 31.173 31.888
1154.0304 32.87 32.919 32.845 32.652 32.509 32.37 32.731 32.629 32.507 32.365 32.225 32.076 32.634 32.462 32.29 32.169 32.059 32.398 32.255 32.136 32.037 31.868 32.292 32.387 32.235 31.847 31.677 31.487 32.202
1181.8693 33.184 33.233 33.158 32.965 32.823 32.684 33.045 32.943 32.82 32.679 32.538 32.389 32.948 32.775 32.603 32.483 32.372 32.712 32.569 32.449 32.35 32.182 32.606 32.701 32.548 32.16 31.991 31.8 32.515
1210.3797 33.497 33.547 33.472 33.279 33.136 32.997 33.358 33.256 33.134 32.992 32.852 32.703 33.261 33.089 32.917 32.796 32.686 33.025 32.883 32.763 32.664 32.495 32.919 33.014 32.862 32.474 32.304 32.114 32.829
1239.5778 33.811 33.86 33.785 33.592 33.45 33.311 33.672 33.57 33.448 33.306 33.165 33.017 33.575 33.402 33.231 33.11 32.999 33.339 33.196 33.076 32.977 32.809 33.233 33.328 33.175 32.787 32.618 32.428 33.143
1269.4803 34.124 34.174 34.099 33.906 33.764 33.624 33.985 33.884 33.761 33.619 33.479 33.33 33.889 33.716 33.544 33.423 33.313 33.652 33.51 33.39 33.291 33.123 33.546 33.642 33.489 33.101 32.932 32.741 33.456
1300.1042 34.438 34.487 34.412 34.22 34.077 33.938 34.299 34.197 34.075 33.933 33.792 33.644 34.202 34.03 33.858 33.737 33.626 33.966 33.823 33.703 33.604 33.436 33.86 33.955 33.802 33.414 33.245 33.055 33.77
1331.4668 34.751 34.801 34.726 34.533 34.391 34.252 34.612 34.511 34.388 34.246 34.106 33.957 34.516 34.343 34.171 34.051 33.94 34.279 34.137 34.017 33.918 33.75 34.174 34.269 34.116 33.728 33.559 33.368 34.083
1363.586 35.065 35.114 35.04 34.847 34.704 34.565 34.926 34.824 34.702 34.56 34.419 34.271 34.829 34.657 34.485 34.364 34.254 34.593 34.45 34.331 34.232 34.063 34.487 34.582 34.43 34.042 33.872 33.682 34.397
1396.48 35.379 35.428 35.353 35.16 35.018 34.879 35.239 35.138 35.015 34.874 34.733 34.584 35.143 34.97 34.798 34.678 34.567 34.907 34.764 34.644 34.545 34.377 34.801 34.896 34.743 34.355 34.186 33.995 34.71
1430.1675 35.692 35.742 35.667 35.474 35.331 35.192 35.553 35.451 35.329 35.187 35.047 34.898 35.456 35.284 35.112 34.991 34.881 35.22 35.078 34.958 34.859 34.69 35.114 35.209 35.057 34.669 34.499 34.309 35.024
1464.6676 36.006 36.055 35.98 35.787 35.645 35.506 35.867 35.765 35.643 35.501 35.36 35.212 35.77 35.597 35.426 35.305 35.194 35.534 35.391 35.271 35.172 35.004 35.428 35.523 35.37 34.982 34.813 34.623 35.338
1500.0 36.319 36.369 36.294 36.101 35.959 35.819 36.18 36.079 35.956 35.814 35.674 35.525 36.084 35.911 35.739 35.618 35.508 35.847 35.705 35.585 35.486 35.318 35.741 35.837 35.684 35.296 35.127 34.936 35.651
