web/models/grb/offaxis/9/grb_0.2967_719.6857_0.0002512.dat
# %ECSV 1.0
# ---
# datatype:
# - {name: time, datatype: float64}
# - {name: swift_uvot_uvw2, datatype: float64}
# - {name: swift_uvot_uvm2, datatype: float64}
# - {name: swift_uvot_uvw1, datatype: float64}
# - {name: swift_uvot_U, datatype: float64}
# - {name: swift_uvot_B, datatype: float64}
# - {name: swift_uvot_V, datatype: float64}
# - {name: swift_uvot_W, datatype: float64}
# - {name: johnson_U, datatype: float64}
# - {name: johnson_B, datatype: float64}
# - {name: johnson_V, datatype: float64}
# - {name: johnson_R, datatype: float64}
# - {name: johnson_I, datatype: float64}
# - {name: sdss_u, datatype: float64}
# - {name: sdss_g, datatype: float64}
# - {name: sdss_r, datatype: float64}
# - {name: sdss_i, datatype: float64}
# - {name: sdss_z, datatype: float64}
# - {name: PS1_g, datatype: float64}
# - {name: PS1_r, datatype: float64}
# - {name: PS1_i, datatype: float64}
# - {name: PS1_z, datatype: float64}
# - {name: PS1_Y, datatype: float64}
# - {name: ukirt_J, datatype: float64}
# - {name: ukirt_H, datatype: float64}
# - {name: ukirt_K, datatype: float64}
# meta: !!omap
# - comment: [E = 0.31231838447717747, Eta0 = 8.02, GammaB = 12.0, dL = 0.012188, epsb = 6.760829753919819e-06, epse = 0.1, n = 0.00025118864315095795,
#     p = 2.15, theta_obs = 0.29670597283903605, xiN = 1.0, z = 0.0, type = grb, E_kiso = 719.6856730011514]
# schema: astropy-2.0
time swift_uvot_uvw2 swift_uvot_uvm2 swift_uvot_uvw1 swift_uvot_U swift_uvot_B swift_uvot_V swift_uvot_W johnson_U johnson_B johnson_V johnson_R johnson_I sdss_u sdss_g sdss_r sdss_i sdss_z PS1_g PS1_r PS1_i PS1_z PS1_Y ukirt_J ukirt_H ukirt_K
[from data line 127]
0.2064 6.0 6.05 5.975 5.782 5.64 5.5 5.861 5.76 5.637 5.495 5.355 5.206 5.765 5.592 5.42 5.299 5.189 5.528 5.386 5.266 5.167 4.999 4.977 4.808 4.617
0.2114 5.685 5.734 5.659 5.466 5.324 5.185 5.546 5.444 5.322 5.18 5.039 4.891 5.449 5.277 5.105 4.984 4.873 5.213 5.07 4.95 4.851 4.683 4.661 4.492 4.302
0.2165 5.369 5.419 5.344 5.151 5.009 4.869 5.23 5.129 5.006 4.864 4.724 4.575 5.134 4.961 4.789 4.668 4.558 4.897 4.755 4.635 4.536 4.368 4.346 4.177 3.986
0.2217 5.194 5.244 5.169 4.976 4.833 4.694 5.055 4.953 4.831 4.689 4.549 4.4 4.958 4.786 4.614 4.493 4.383 4.722 4.58 4.46 4.361 4.192 4.171 4.001 3.811
0.2271 5.057 5.107 5.032 4.839 4.697 4.557 4.918 4.817 4.694 4.552 4.412 4.263 4.822 4.649 4.477 4.356 4.246 4.585 4.443 4.323 4.224 4.056 4.034 3.865 3.674
0.2325 4.92 4.97 4.895 4.702 4.56 4.421 4.781 4.68 4.557 4.415 4.275 4.126 4.685 4.512 4.34 4.22 4.109 4.448 4.306 4.186 4.087 3.919 3.897 3.728 3.537
0.2381 4.784 4.833 4.758 4.565 4.423 4.284 4.645 4.543 4.42 4.279 4.138 3.99 4.548 4.375 4.203 4.083 3.972 4.312 4.169 4.049 3.95 3.782 3.76 3.591 3.4
0.2439 4.647 4.696 4.621 4.428 4.286 4.147 4.508 4.406 4.284 4.142 4.001 3.853 4.411 4.238 4.067 3.946 3.835 4.175 4.032 3.912 3.813 3.645 3.623 3.454 3.264
0.2498 4.51 4.559 4.485 4.292 4.149 4.01 4.371 4.269 4.147 4.005 3.864 3.716 4.274 4.102 3.93 3.809 3.698 4.038 3.895 3.775 3.676 3.508 3.486 3.317 3.127
0.2558 4.373 4.423 4.348 4.155 4.012 3.873 4.234 4.132 4.01 3.868 3.728 3.579 4.137 3.965 3.793 3.672 3.562 3.901 3.758 3.639 3.54 3.371 3.35 3.18 2.99
0.262 4.236 4.286 4.211 4.018 3.875 3.736 4.097 3.995 3.873 3.731 3.591 3.442 4.001 3.828 3.656 3.535 3.425 3.764 3.622 3.502 3.403 3.235 3.213 3.043 2.853
0.2683 4.099 4.149 4.074 3.881 3.739 3.6 3.96 3.859 3.736 3.594 3.454 3.305 3.864 3.691 3.519 3.399 3.288 3.627 3.485 3.365 3.266 3.098 3.076 2.907 2.716
0.2748 3.963 4.012 3.937 3.744 3.602 3.463 3.823 3.722 3.599 3.458 3.317 3.168 3.727 3.554 3.382 3.262 3.151 3.491 3.348 3.228 3.129 2.961 2.939 2.77 2.579
0.2814 3.878 3.928 3.853 3.66 3.518 3.378 3.739 3.638 3.515 3.373 3.233 3.084 3.643 3.47 3.298 3.177 3.067 3.406 3.264 3.144 3.045 2.877 2.855 2.686 2.495
0.2882 3.798 3.847 3.773 3.58 3.437 3.298 3.659 3.557 3.435 3.293 3.153 3.004 3.562 3.39 3.218 3.097 2.987 3.326 3.183 3.064 2.965 2.796 2.775 2.605 2.415
0.2951 3.718 3.767 3.692 3.499 3.357 3.218 3.579 3.477 3.355 3.213 3.072 2.924 3.482 3.31 3.138 3.017 2.906 3.246 3.103 2.983 2.884 2.716 2.694 2.525 2.335
0.3022 3.638 3.687 3.612 3.419 3.277 3.138 3.499 3.397 3.274 3.133 2.992 2.844 3.402 3.229 3.057 2.937 2.826 3.166 3.023 2.903 2.804 2.636 2.614 2.445 2.254
0.3095 3.557 3.607 3.532 3.339 3.197 3.057 3.418 3.317 3.194 3.052 2.912 2.763 3.322 3.149 2.977 2.857 2.746 3.085 2.943 2.823 2.724 2.556 2.534 2.365 2.174
0.317 3.477 3.527 3.452 3.259 3.116 2.977 3.338 3.236 3.114 2.972 2.832 2.683 3.241 3.069 2.897 2.776 2.666 3.005 2.863 2.743 2.644 2.475 2.454 2.284 2.094
0.3247 3.397 3.446 3.372 3.179 3.036 2.897 3.258 3.156 3.034 2.892 2.751 2.603 3.161 2.989 2.817 2.696 2.585 2.925 2.782 2.662 2.563 2.395 2.373 2.204 2.014
0.3325 3.317 3.366 3.291 3.098 2.956 2.817 3.178 3.076 2.954 2.812 2.671 2.523 3.081 2.908 2.737 2.616 2.505 2.845 2.702 2.582 2.483 2.315 2.293 2.124 1.934
0.3405 3.236 3.286 3.211 3.018 2.876 2.737 3.097 2.996 2.873 2.731 2.591 2.442 3.001 2.828 2.656 2.536 2.425 2.764 2.622 2.502 2.403 2.235 2.213 2.044 1.853
0.3487 3.158 3.207 3.133 2.94 2.797 2.658 3.019 2.917 2.795 2.653 2.513 2.364 2.922 2.75 2.578 2.457 2.347 2.686 2.543 2.424 2.325 2.156 2.135 1.965 1.775
0.3571 3.103 3.152 3.077 2.884 2.742 2.603 2.964 2.862 2.74 2.598 2.457 2.309 2.867 2.694 2.523 2.402 2.291 2.631 2.488 2.368 2.269 2.101 2.079 1.91 1.72
0.3657 3.047 3.097 3.022 2.829 2.687 2.547 2.908 2.807 2.684 2.542 2.402 2.253 2.812 2.639 2.467 2.347 2.236 2.575 2.433 2.313 2.214 2.046 2.024 1.855 1.664
0.3746 2.992 3.041 2.967 2.774 2.631 2.492 2.853 2.751 2.629 2.487 2.346 2.198 2.756 2.584 2.412 2.291 2.181 2.52 2.377 2.258 2.159 1.99 1.969 1.799 1.609
0.3836 2.937 2.986 2.911 2.718 2.576 2.437 2.798 2.696 2.573 2.432 2.291 2.143 2.701 2.528 2.357 2.236 2.125 2.465 2.322 2.202 2.103 1.935 1.913 1.744 1.554
0.3929 2.881 2.931 2.856 2.663 2.521 2.381 2.742 2.641 2.518 2.376 2.236 2.087 2.646 2.473 2.301 2.18 2.07 2.409 2.267 2.147 2.048 1.88 1.858 1.689 1.498
0.4023 2.826 2.875 2.801 2.608 2.465 2.326 2.687 2.585 2.463 2.321 2.18 2.032 2.59 2.418 2.246 2.125 2.014 2.354 2.211 2.092 1.992 1.824 1.803 1.633 1.443
0.412 2.771 2.82 2.745 2.552 2.41 2.271 2.632 2.53 2.407 2.266 2.125 1.977 2.535 2.362 2.19 2.07 1.959 2.299 2.156 2.036 1.937 1.769 1.747 1.578 1.387
0.422 2.715 2.765 2.69 2.497 2.354 2.215 2.576 2.475 2.352 2.21 2.07 1.921 2.48 2.307 2.135 2.014 1.904 2.243 2.101 1.981 1.882 1.714 1.692 1.522 1.332
0.4322 2.66 2.709 2.635 2.442 2.299 2.16 2.521 2.419 2.297 2.155 2.014 1.866 2.424 2.252 2.08 1.959 1.848 2.188 2.045 1.925 1.826 1.658 1.636 1.467 1.277
0.4426 2.6 2.649 2.574 2.381 2.239 2.1 2.461 2.359 2.237 2.095 1.954 1.806 2.364 2.192 2.02 1.899 1.788 2.128 1.985 1.865 1.766 1.598 1.576 1.407 1.217
0.4533 2.522 2.572 2.497 2.304 2.162 2.022 2.383 2.282 2.159 2.017 1.877 1.728 2.287 2.114 1.942 1.821 1.711 2.05 1.908 1.788 1.689 1.521 1.499 1.33 1.139
0.4642 2.445 2.494 2.419 2.226 2.084 1.945 2.306 2.204 2.082 1.94 1.799 1.651 2.209 2.036 1.865 1.744 1.633 1.973 1.83 1.71 1.611 1.443 1.421 1.252 1.062
0.4754 2.367 2.417 2.342 2.149 2.006 1.867 2.228 2.126 2.004 1.862 1.722 1.573 2.132 1.959 1.787 1.666 1.556 1.895 1.753 1.633 1.534 1.365 1.344 1.174 0.984
0.4869 2.29 2.339 2.264 2.071 1.929 1.79 2.151 2.049 1.927 1.785 1.644 1.496 2.054 1.881 1.71 1.589 1.478 1.818 1.675 1.555 1.456 1.288 1.266 1.097 0.907
0.4986 2.212 2.262 2.187 1.994 1.851 1.712 2.073 1.971 1.849 1.707 1.567 1.418 1.976 1.804 1.632 1.511 1.401 1.74 1.598 1.478 1.379 1.21 1.189 1.019 0.829
0.5106 2.135 2.184 2.109 1.916 1.774 1.635 1.996 1.894 1.771 1.63 1.489 1.341 1.899 1.726 1.554 1.434 1.323 1.663 1.52 1.4 1.301 1.133 1.111 0.942 0.752
0.523 2.057 2.107 2.032 1.839 1.696 1.557 1.918 1.816 1.694 1.552 1.412 1.263 1.821 1.649 1.477 1.356 1.246 1.585 1.442 1.323 1.224 1.055 1.034 0.864 0.674
0.5356 1.98 2.029 1.954 1.761 1.619 1.48 1.84 1.739 1.616 1.475 1.334 1.185 1.744 1.571 1.399 1.279 1.168 1.508 1.365 1.245 1.146 0.978 0.956 0.787 0.596
0.5485 1.902 1.951 1.877 1.684 1.541 1.402 1.763 1.661 1.539 1.397 1.256 1.108 1.666 1.494 1.322 1.201 1.091 1.43 1.287 1.168 1.069 0.9 0.879 0.709 0.519
0.5617 1.828 1.878 1.803 1.61 1.468 1.328 1.689 1.588 1.465 1.323 1.183 1.034 1.593 1.42 1.248 1.127 1.017 1.356 1.214 1.094 0.995 0.827 0.805 0.636 0.445
0.5753 1.762 1.811 1.736 1.543 1.401 1.262 1.622 1.521 1.398 1.256 1.116 0.967 1.526 1.353 1.181 1.061 0.95 1.289 1.147 1.027 0.928 0.76 0.738 0.569 0.378
0.5891 1.695 1.744 1.669 1.476 1.334 1.195 1.556 1.454 1.332 1.19 1.049 0.901 1.459 1.286 1.115 0.994 0.883 1.223 1.08 0.96 0.861 0.693 0.671 0.502 0.312
0.6034 1.628 1.677 1.603 1.41 1.267 1.128 1.489 1.387 1.265 1.123 0.982 0.834 1.392 1.22 1.048 0.927 0.816 1.156 1.013 0.893 0.794 0.626 0.604 0.435 0.245
0.6179 1.561 1.611 1.536 1.343 1.2 1.061 1.422 1.32 1.198 1.056 0.916 0.767 1.325 1.153 0.981 0.86 0.75 1.089 0.947 0.827 0.728 0.559 0.538 0.368 0.178
0.6328 1.494 1.544 1.469 1.276 1.134 0.994 1.355 1.254 1.131 0.989 0.849 0.7 1.259 1.086 0.914 0.793 0.683 1.022 0.88 0.76 0.661 0.493 0.471 0.302 0.111
0.6481 1.428 1.477 1.402 1.209 1.067 0.928 1.288 1.187 1.064 0.922 0.782 0.633 1.192 1.019 0.847 0.727 0.616 0.955 0.813 0.693 0.594 0.426 0.404 0.235 0.044
0.6637 1.361 1.41 1.335 1.142 1.0 0.861 1.222 1.12 0.998 0.856 0.715 0.567 1.125 0.952 0.781 0.66 0.549 0.889 0.746 0.626 0.527 0.359 0.337 0.168 -0.022
0.6797 1.294 1.343 1.269 1.076 0.933 0.794 1.155 1.053 0.931 0.789 0.648 0.5 1.058 0.886 0.714 0.593 0.482 0.822 0.679 0.559 0.46 0.292 0.27 0.101 -0.089
0.6961 1.227 1.277 1.202 1.009 0.866 0.727 1.088 0.986 0.864 0.722 0.582 0.433 0.991 0.819 0.647 0.526 0.416 0.755 0.613 0.493 0.394 0.225 0.204 0.034 -0.156
0.7129 1.171 1.221 1.146 0.953 0.811 0.671 1.032 0.931 0.808 0.666 0.526 0.377 0.936 0.763 0.591 0.471 0.36 0.699 0.557 0.437 0.338 0.17 0.148 -0.021 -0.212
0.7301 1.127 1.176 1.101 0.908 0.766 0.627 0.987 0.886 0.763 0.622 0.481 0.332 0.891 0.718 0.546 0.426 0.315 0.654 0.512 0.392 0.293 0.125 0.103 -0.066 -0.257
0.7477 1.082 1.131 1.056 0.863 0.721 0.582 0.943 0.841 0.719 0.577 0.436 0.288 0.846 0.673 0.502 0.381 0.27 0.61 0.467 0.347 0.248 0.08 0.058 -0.111 -0.301
0.7658 1.037 1.086 1.012 0.819 0.676 0.537 0.898 0.796 0.674 0.532 0.391 0.243 0.801 0.629 0.457 0.336 0.225 0.565 0.422 0.303 0.203 0.035 0.014 -0.156 -0.346
0.7842 0.992 1.042 0.967 0.774 0.631 0.492 0.853 0.751 0.629 0.487 0.347 0.198 0.756 0.584 0.412 0.291 0.181 0.52 0.378 0.258 0.159 -0.01 -0.031 -0.201 -0.391
0.8032 0.947 0.997 0.922 0.729 0.587 0.447 0.808 0.707 0.584 0.442 0.302 0.153 0.712 0.539 0.367 0.247 0.136 0.475 0.333 0.213 0.114 -0.054 -0.076 -0.245 -0.436
0.8225 0.903 0.952 0.877 0.684 0.542 0.403 0.763 0.662 0.539 0.398 0.257 0.108 0.667 0.494 0.322 0.202 0.091 0.431 0.288 0.168 0.069 -0.099 -0.121 -0.29 -0.481
0.8424 0.858 0.907 0.832 0.639 0.497 0.358 0.719 0.617 0.495 0.353 0.212 0.064 0.622 0.449 0.278 0.157 0.046 0.386 0.243 0.123 0.024 -0.144 -0.166 -0.335 -0.525
0.8627 0.813 0.862 0.788 0.595 0.452 0.313 0.674 0.572 0.45 0.308 0.167 0.019 0.577 0.405 0.233 0.112 0.001 0.341 0.198 0.079 -0.02 -0.189 -0.21 -0.38 -0.57
0.8835 0.768 0.818 0.743 0.55 0.407 0.268 0.629 0.527 0.405 0.263 0.123 -0.026 0.532 0.36 0.188 0.067 -0.043 0.296 0.154 0.034 -0.065 -0.234 -0.255 -0.425 -0.615
0.9048 0.728 0.777 0.703 0.51 0.367 0.228 0.589 0.487 0.365 0.223 0.083 -0.066 0.492 0.32 0.148 0.027 -0.083 0.256 0.113 -0.006 -0.105 -0.274 -0.295 -0.465 -0.655
0.9266 0.69 0.74 0.665 0.472 0.33 0.191 0.551 0.45 0.327 0.185 0.045 -0.104 0.455 0.282 0.11 -0.01 -0.121 0.218 0.076 -0.044 -0.143 -0.311 -0.333 -0.502 -0.693
0.949 0.653 0.702 0.628 0.435 0.292 0.153 0.514 0.412 0.29 0.148 0.007 -0.141 0.417 0.245 0.073 -0.048 -0.159 0.181 0.038 -0.081 -0.181 -0.349 -0.37 -0.54 -0.73
0.9719 0.615 0.665 0.59 0.397 0.255 0.115 0.476 0.375 0.252 0.11 -0.03 -0.179 0.38 0.207 0.035 -0.085 -0.196 0.143 0.001 -0.119 -0.218 -0.386 -0.408 -0.577 -0.768
0.9953 0.578 0.627 0.552 0.359 0.217 0.078 0.439 0.337 0.215 0.073 -0.068 -0.216 0.342 0.17 -0.002 -0.123 -0.234 0.106 -0.037 -0.157 -0.256 -0.424 -0.446 -0.615 -0.805
1.0194 0.54 0.59 0.515 0.322 0.18 0.04 0.401 0.3 0.177 0.035 -0.105 -0.254 0.305 0.132 -0.04 -0.161 -0.271 0.068 -0.074 -0.194 -0.293 -0.461 -0.483 -0.652 -0.843
1.0439 0.503 0.552 0.477 0.284 0.142 0.003 0.364 0.262 0.14 -0.002 -0.143 -0.291 0.267 0.094 -0.077 -0.198 -0.309 0.031 -0.112 -0.232 -0.331 -0.499 -0.521 -0.69 -0.88
1.0691 0.465 0.515 0.44 0.247 0.104 -0.035 0.326 0.224 0.102 -0.04 -0.18 -0.329 0.229 0.057 -0.115 -0.236 -0.346 -0.007 -0.149 -0.269 -0.368 -0.537 -0.558 -0.728 -0.918
1.0949 0.428 0.477 0.402 0.209 0.067 -0.072 0.289 0.187 0.064 -0.077 -0.218 -0.366 0.192 0.019 -0.153 -0.273 -0.384 -0.044 -0.187 -0.307 -0.406 -0.574 -0.596 -0.765 -0.955
1.1213 0.39 0.44 0.365 0.172 0.029 -0.11 0.251 0.149 0.027 -0.115 -0.255 -0.404 0.154 -0.018 -0.19 -0.311 -0.421 -0.082 -0.225 -0.344 -0.443 -0.612 -0.633 -0.803 -0.993
1.1484 0.362 0.411 0.336 0.143 0.001 -0.138 0.222 0.121 -0.002 -0.144 -0.284 -0.433 0.126 -0.047 -0.219 -0.339 -0.45 -0.111 -0.253 -0.373 -0.472 -0.64 -0.662 -0.831 -1.022
1.1761 0.335 0.385 0.31 0.117 -0.025 -0.164 0.196 0.095 -0.028 -0.17 -0.31 -0.459 0.1 -0.073 -0.245 -0.365 -0.476 -0.137 -0.279 -0.399 -0.498 -0.666 -0.688 -0.857 -1.048
1.2044 0.309 0.359 0.284 0.091 -0.051 -0.191 0.17 0.069 -0.054 -0.196 -0.336 -0.485 0.074 -0.099 -0.271 -0.392 -0.502 -0.163 -0.305 -0.425 -0.524 -0.692 -0.714 -0.883 -1.074
1.2335 0.283 0.333 0.258 0.065 -0.078 -0.217 0.144 0.042 -0.08 -0.222 -0.362 -0.511 0.048 -0.125 -0.297 -0.418 -0.528 -0.189 -0.331 -0.451 -0.55 -0.718 -0.74 -0.91 -1.1
1.2633 0.257 0.307 0.232 0.039 -0.104 -0.243 0.118 0.016 -0.106 -0.248 -0.388 -0.537 0.021 -0.151 -0.323 -0.444 -0.554 -0.215 -0.357 -0.477 -0.576 -0.745 -0.766 -0.936 -1.126
1.2937 0.231 0.28 0.206 0.013 -0.13 -0.269 0.092 -0.01 -0.132 -0.274 -0.414 -0.563 -0.005 -0.177 -0.349 -0.47 -0.58 -0.241 -0.384 -0.503 -0.602 -0.771 -0.792 -0.962 -1.152
1.3249 0.205 0.254 0.18 -0.013 -0.156 -0.295 0.066 -0.036 -0.158 -0.3 -0.441 -0.589 -0.031 -0.203 -0.375 -0.496 -0.607 -0.267 -0.41 -0.53 -0.629 -0.797 -0.819 -0.988 -1.178
1.3569 0.179 0.228 0.153 -0.04 -0.182 -0.321 0.04 -0.062 -0.184 -0.326 -0.467 -0.615 -0.057 -0.229 -0.401 -0.522 -0.633 -0.293 -0.436 -0.556 -0.655 -0.823 -0.845 -1.014 -1.204
1.3896 0.153 0.202 0.127 -0.066 -0.208 -0.347 0.014 -0.088 -0.21 -0.352 -0.493 -0.641 -0.083 -0.256 -0.427 -0.548 -0.659 -0.319 -0.462 -0.582 -0.681 -0.849 -0.871 -1.04 -1.23
1.4232 0.127 0.176 0.101 -0.092 -0.234 -0.373 -0.012 -0.114 -0.237 -0.378 -0.519 -0.667 -0.109 -0.282 -0.454 -0.574 -0.685 -0.345 -0.488 -0.608 -0.707 -0.875 -0.897 -1.066 -1.256
1.4575 0.101 0.151 0.076 -0.117 -0.259 -0.398 -0.038 -0.139 -0.262 -0.404 -0.544 -0.693 -0.134 -0.307 -0.479 -0.599 -0.71 -0.371 -0.513 -0.633 -0.732 -0.9 -0.922 -1.091 -1.282
1.4927 0.076 0.126 0.051 -0.142 -0.284 -0.423 -0.063 -0.164 -0.287 -0.429 -0.569 -0.718 -0.159 -0.332 -0.504 -0.624 -0.735 -0.396 -0.538 -0.658 -0.757 -0.925 -0.947 -1.116 -1.307
1.5287 0.051 0.101 0.026 -0.167 -0.309 -0.449 -0.088 -0.189 -0.312 -0.454 -0.594 -0.743 -0.184 -0.357 -0.529 -0.65 -0.76 -0.421 -0.563 -0.683 -0.782 -0.95 -0.972 -1.141 -1.332
1.5655 0.026 0.076 0.001 -0.192 -0.335 -0.474 -0.113 -0.215 -0.337 -0.479 -0.619 -0.768 -0.209 -0.382 -0.554 -0.675 -0.785 -0.446 -0.588 -0.708 -0.807 -0.976 -0.997 -1.167 -1.357
1.6033 0.001 0.051 -0.024 -0.217 -0.36 -0.499 -0.138 -0.24 -0.362 -0.504 -0.644 -0.793 -0.235 -0.407 -0.579 -0.7 -0.81 -0.471 -0.613 -0.733 -0.832 -1.001 -1.022 -1.192 -1.382
1.642 -0.024 0.026 -0.049 -0.242 -0.385 -0.524 -0.163 -0.265 -0.387 -0.529 -0.669 -0.818 -0.26 -0.432 -0.604 -0.725 -0.835 -0.496 -0.639 -0.758 -0.857 -1.026 -1.047 -1.217 -1.407
1.6816 -0.049 0.0 -0.074 -0.267 -0.41 -0.549 -0.188 -0.29 -0.412 -0.554 -0.695 -0.843 -0.285 -0.457 -0.629 -0.75 -0.86 -0.521 -0.664 -0.783 -0.882 -1.051 -1.072 -1.242 -1.432
1.7222 -0.074 -0.025 -0.1 -0.292 -0.435 -0.574 -0.213 -0.315 -0.437 -0.579 -0.72 -0.868 -0.31 -0.482 -0.654 -0.775 -0.886 -0.546 -0.689 -0.809 -0.908 -1.076 -1.098 -1.267 -1.457
1.7637 -0.099 -0.05 -0.125 -0.318 -0.46 -0.599 -0.238 -0.34 -0.462 -0.604 -0.745 -0.893 -0.335 -0.507 -0.679 -0.8 -0.911 -0.571 -0.714 -0.834 -0.933 -1.101 -1.123 -1.292 -1.482
1.8062 -0.124 -0.075 -0.15 -0.343 -0.485 -0.624 -0.263 -0.365 -0.487 -0.629 -0.77 -0.918 -0.36 -0.533 -0.704 -0.825 -0.936 -0.596 -0.739 -0.859 -0.958 -1.126 -1.148 -1.317 -1.507
1.8498 -0.149 -0.1 -0.175 -0.368 -0.51 -0.649 -0.288 -0.39 -0.512 -0.654 -0.795 -0.943 -0.385 -0.557 -0.729 -0.85 -0.961 -0.621 -0.764 -0.884 -0.983 -1.151 -1.173 -1.342 -1.532
1.8944 -0.174 -0.125 -0.199 -0.392 -0.535 -0.674 -0.313 -0.415 -0.537 -0.679 -0.82 -0.968 -0.41 -0.582 -0.754 -0.875 -0.986 -0.646 -0.789 -0.909 -1.008 -1.176 -1.198 -1.367 -1.557
1.9401 -0.199 -0.15 -0.224 -0.417 -0.56 -0.699 -0.338 -0.44 -0.562 -0.704 -0.845 -0.993 -0.435 -0.607 -0.779 -0.9 -1.01 -0.671 -0.814 -0.933 -1.032 -1.201 -1.222 -1.392 -1.582
1.9869 -0.224 -0.174 -0.249 -0.442 -0.585 -0.724 -0.363 -0.465 -0.587 -0.729 -0.869 -1.018 -0.46 -0.632 -0.804 -0.925 -1.035 -0.696 -0.839 -0.958 -1.057 -1.226 -1.247 -1.417 -1.607
2.0349 -0.249 -0.199 -0.274 -0.467 -0.61 -0.749 -0.388 -0.49 -0.612 -0.754 -0.894 -1.043 -0.485 -0.657 -0.829 -0.95 -1.06 -0.721 -0.863 -0.983 -1.082 -1.251 -1.272 -1.442 -1.632
2.084 -0.274 -0.224 -0.299 -0.492 -0.635 -0.774 -0.413 -0.514 -0.637 -0.779 -0.919 -1.068 -0.509 -0.682 -0.854 -0.975 -1.085 -0.746 -0.888 -1.008 -1.107 -1.275 -1.297 -1.467 -1.657
