web/models/grb/offaxis/9/grb_0.2967_0.1931_0.0630957.dat
# %ECSV 1.0
# ---
# datatype:
# - {name: time, datatype: float64}
# - {name: swift_uvot_uvw2, datatype: float64}
# - {name: swift_uvot_uvm2, datatype: float64}
# - {name: swift_uvot_uvw1, datatype: float64}
# - {name: swift_uvot_U, datatype: float64}
# - {name: swift_uvot_B, datatype: float64}
# - {name: swift_uvot_V, datatype: float64}
# - {name: swift_uvot_W, datatype: float64}
# - {name: johnson_U, datatype: float64}
# - {name: johnson_B, datatype: float64}
# - {name: johnson_V, datatype: float64}
# - {name: johnson_R, datatype: float64}
# - {name: johnson_I, datatype: float64}
# - {name: sdss_u, datatype: float64}
# - {name: sdss_g, datatype: float64}
# - {name: sdss_r, datatype: float64}
# - {name: sdss_i, datatype: float64}
# - {name: sdss_z, datatype: float64}
# - {name: PS1_g, datatype: float64}
# - {name: PS1_r, datatype: float64}
# - {name: PS1_i, datatype: float64}
# - {name: PS1_z, datatype: float64}
# - {name: PS1_Y, datatype: float64}
# - {name: PS1_w, datatype: float64}
# - {name: ATLAS_c, datatype: float64}
# - {name: ATLAS_o, datatype: float64}
# - {name: ukirt_J, datatype: float64}
# - {name: ukirt_H, datatype: float64}
# - {name: ukirt_K, datatype: float64}
# - {name: Clear, datatype: float64}
# meta: !!omap
# - comment: [E = 8.378552168254816e-05, Eta0 = 8.02, GammaB = 12.0, dL = 0.012188, epsb = 6.760829753919819e-06, epse = 0.1, n = 0.0630957344480193,
#     p = 2.15, theta_obs = 0.29670597283903605, xiN = 1.0, z = 0.0, type = grb, E_kiso = 0.19306977288832505]
# schema: astropy-2.0
time swift_uvot_uvw2 swift_uvot_uvm2 swift_uvot_uvw1 swift_uvot_U swift_uvot_B swift_uvot_V swift_uvot_W johnson_U johnson_B johnson_V johnson_R johnson_I sdss_u sdss_g sdss_r sdss_i sdss_z PS1_g PS1_r PS1_i PS1_z PS1_Y PS1_w ATLAS_c ATLAS_o ukirt_J ukirt_H ukirt_K Clear
[from data line 361]
54.5931 9.955 10.004 9.929 9.737 9.594 9.455 9.816 9.714 9.592 9.45 9.309 9.161 9.719 9.547 9.375 9.254 9.143 9.483 9.34 9.22 9.121 8.953 9.377 9.472 9.319 8.931 8.762 8.572 9.287
55.9101 10.056 10.106 10.031 9.838 9.695 9.556 9.917 9.815 9.693 9.551 9.411 9.262 9.82 9.648 9.476 9.355 9.245 9.584 9.442 9.322 9.223 9.054 9.478 9.573 9.421 9.033 8.863 8.673 9.388
57.2588 10.158 10.207 10.132 9.939 9.797 9.658 10.018 9.917 9.794 9.652 9.512 9.363 9.922 9.749 9.577 9.457 9.346 9.685 9.543 9.423 9.324 9.156 9.58 9.675 9.522 9.134 8.965 8.774 9.489
58.6401 10.259 10.308 10.233 10.04 9.898 9.759 10.12 10.018 9.896 9.754 9.613 9.465 10.023 9.851 9.679 9.558 9.447 9.787 9.644 9.524 9.425 9.257 9.681 9.776 9.623 9.235 9.066 8.876 9.591
60.0546 10.36 10.41 10.335 10.142 9.999 9.86 10.221 10.119 9.997 9.855 9.715 9.566 10.124 9.952 9.78 9.659 9.549 9.888 9.746 9.626 9.527 9.358 9.782 9.877 9.725 9.337 9.167 8.977 9.692
61.5034 10.462 10.511 10.436 10.243 10.101 9.962 10.322 10.221 10.098 9.956 9.816 9.667 10.226 10.053 9.881 9.761 9.65 9.989 9.847 9.727 9.628 9.46 9.884 9.979 9.826 9.438 9.269 9.078 9.793
62.987 10.563 10.612 10.537 10.344 10.202 10.063 10.424 10.322 10.2 10.058 9.917 9.769 10.327 10.155 9.983 9.862 9.751 10.091 9.948 9.828 9.729 9.561 9.985 10.08 9.927 9.539 9.37 9.18 9.895
64.5065 10.664 10.714 10.639 10.446 10.303 10.164 10.525 10.423 10.301 10.159 10.019 9.87 10.428 10.256 10.084 9.963 9.853 10.192 10.05 9.93 9.831 9.662 10.086 10.181 10.029 9.641 9.471 9.281 9.996
66.0626 10.766 10.815 10.74 10.547 10.405 10.266 10.626 10.525 10.402 10.26 10.12 9.971 10.53 10.357 10.185 10.065 9.954 10.293 10.151 10.031 9.932 9.764 10.188 10.283 10.13 9.742 9.573 9.382 10.097
67.6562 10.867 10.916 10.841 10.648 10.506 10.367 10.728 10.626 10.504 10.362 10.221 10.073 10.631 10.459 10.287 10.166 10.055 10.395 10.252 10.132 10.033 9.865 10.289 10.384 10.231 9.843 9.674 9.484 10.199
69.2883 10.99 11.04 10.965 10.772 10.63 10.491 10.851 10.75 10.627 10.485 10.345 10.196 10.755 10.582 10.41 10.29 10.179 10.518 10.376 10.256 10.157 9.989 10.413 10.508 10.355 9.967 9.798 9.607 10.322
70.9597 11.154 11.204 11.129 10.936 10.794 10.655 11.015 10.914 10.791 10.649 10.509 10.36 10.919 10.746 10.574 10.454 10.343 10.682 10.54 10.42 10.321 10.153 10.577 10.672 10.519 10.131 9.962 9.771 10.486
72.6715 11.318 11.368 11.293 11.1 10.958 10.819 11.179 11.078 10.955 10.813 10.673 10.524 11.083 10.91 10.738 10.618 10.507 10.846 10.704 10.584 10.485 10.317 10.741 10.836 10.683 10.295 10.126 9.935 10.65
74.4246 11.482 11.532 11.457 11.264 11.122 10.983 11.343 11.242 11.119 10.977 10.837 10.688 11.247 11.074 10.902 10.782 10.671 11.01 10.868 10.748 10.649 10.481 10.905 11.0 10.847 10.459 10.29 10.099 10.814
76.2199 11.647 11.696 11.621 11.428 11.286 11.147 11.507 11.406 11.283 11.141 11.001 10.852 11.411 11.238 11.066 10.946 10.835 11.174 11.032 10.912 10.813 10.645 11.069 11.164 11.011 10.623 10.454 10.263 10.978
78.0586 11.811 11.86 11.785 11.592 11.45 11.311 11.671 11.57 11.447 11.305 11.165 11.016 11.575 11.402 11.23 11.11 10.999 11.338 11.196 11.076 10.977 10.809 11.233 11.328 11.175 10.787 10.618 10.427 11.142
79.9416 11.975 12.024 11.949 11.756 11.614 11.475 11.835 11.734 11.611 11.469 11.329 11.18 11.739 11.566 11.394 11.274 11.163 11.502 11.36 11.24 11.141 10.973 11.397 11.492 11.339 10.951 10.782 10.591 11.306
81.87 12.139 12.188 12.113 11.92 11.778 11.639 11.999 11.898 11.775 11.633 11.493 11.344 11.903 11.73 11.558 11.438 11.327 11.666 11.524 11.404 11.305 11.137 11.561 11.656 11.503 11.115 10.946 10.755 11.47
83.845 12.303 12.352 12.277 12.084 11.942 11.803 12.163 12.062 11.939 11.797 11.657 11.508 12.067 11.894 11.722 11.602 11.491 11.83 11.688 11.568 11.469 11.301 11.725 11.82 11.667 11.279 11.11 10.919 11.634
85.8676 12.467 12.516 12.441 12.248 12.106 11.967 12.327 12.226 12.103 11.961 11.821 11.672 12.231 12.058 11.886 11.766 11.655 11.994 11.852 11.732 11.633 11.465 11.889 11.984 11.831 11.443 11.274 11.083 11.798
87.939 12.705 12.755 12.68 12.487 12.344 12.205 12.566 12.464 12.342 12.2 12.06 11.911 12.469 12.297 12.125 12.004 11.894 12.233 12.091 11.971 11.872 11.703 12.127 12.222 12.07 11.682 11.512 11.322 12.037
90.0604 13.019 13.068 12.993 12.8 12.658 12.519 12.88 12.778 12.656 12.514 12.373 12.225 12.783 12.61 12.439 12.318 12.207 12.547 12.404 12.284 12.185 12.017 12.441 12.536 12.383 11.995 11.826 11.636 12.351
92.2329 13.332 13.382 13.307 13.114 12.972 12.832 13.193 13.092 12.969 12.827 12.687 12.538 13.097 12.924 12.752 12.631 12.521 12.86 12.718 12.598 12.499 12.331 12.754 12.85 12.697 12.309 12.14 11.949 12.664
94.4579 13.646 13.695 13.62 13.428 13.285 13.146 13.507 13.405 13.283 13.141 13.0 12.852 13.41 13.238 13.066 12.945 12.834 13.174 13.031 12.911 12.812 12.644 13.068 13.163 13.01 12.622 12.453 12.263 12.978
96.7365 13.959 14.009 13.934 13.741 13.599 13.46 13.82 13.719 13.596 13.454 13.314 13.165 13.724 13.551 13.379 13.259 13.148 13.487 13.345 13.225 13.126 12.958 13.382 13.477 13.324 12.936 12.767 12.576 13.291
99.0701 14.273 14.322 14.248 14.055 13.912 13.773 14.134 14.032 13.91 13.768 13.627 13.479 14.037 13.865 13.693 13.572 13.462 13.801 13.658 13.539 13.44 13.271 13.695 13.79 13.638 13.25 13.08 12.89 13.605
101.4599 14.587 14.636 14.561 14.368 14.226 14.087 14.447 14.346 14.223 14.082 13.941 13.792 14.351 14.178 14.006 13.886 13.775 14.115 13.972 13.852 13.753 13.585 14.009 14.104 13.951 13.563 13.394 13.203 13.918
103.9075 14.9 14.95 14.875 14.682 14.539 14.4 14.761 14.659 14.537 14.395 14.255 14.106 14.664 14.492 14.32 14.199 14.089 14.428 14.286 14.166 14.067 13.898 14.322 14.417 14.265 13.877 13.707 13.517 14.232
106.4141 15.214 15.263 15.188 14.995 14.853 14.714 15.075 14.973 14.851 14.709 14.568 14.42 14.978 14.805 14.634 14.513 14.402 14.742 14.599 14.479 14.38 14.212 14.636 14.731 14.578 14.19 14.021 13.831 14.546
108.9811 15.527 15.577 15.502 15.309 15.167 15.027 15.388 15.287 15.164 15.022 14.882 14.733 15.292 15.119 14.947 14.826 14.716 15.055 14.913 14.793 14.694 14.526 14.949 15.045 14.892 14.504 14.335 14.144 14.859
111.6101 15.841 15.89 15.815 15.622 15.48 15.341 15.702 15.6 15.478 15.336 15.195 15.047 15.605 15.433 15.261 15.14 15.029 15.369 15.226 15.106 15.007 14.839 15.263 15.358 15.205 14.817 14.648 14.458 15.173
114.3025 16.154 16.204 16.129 15.936 15.794 15.655 16.015 15.914 15.791 15.649 15.509 15.36 15.919 15.746 15.574 15.454 15.343 15.682 15.54 15.42 15.321 15.153 15.577 15.672 15.519 15.131 14.962 14.771 15.486
117.0598 16.468 16.517 16.443 16.25 16.107 15.968 16.329 16.227 16.105 15.963 15.822 15.674 16.232 16.06 15.888 15.767 15.656 15.996 15.853 15.734 15.635 15.466 15.89 15.985 15.833 15.445 15.275 15.085 15.8
119.8836 16.782 16.831 16.756 16.563 16.421 16.282 16.642 16.541 16.418 16.277 16.136 15.987 16.546 16.373 16.201 16.081 15.97 16.309 16.167 16.047 15.948 15.78 16.204 16.299 16.146 15.758 15.589 15.398 16.113
122.7756 17.095 17.145 17.07 16.877 16.734 16.595 16.956 16.854 16.732 16.59 16.45 16.301 16.859 16.687 16.515 16.394 16.284 16.623 16.481 16.361 16.262 16.093 16.517 16.612 16.46 16.072 15.902 15.712 16.427
125.7373 17.409 17.458 17.383 17.19 17.048 16.909 17.27 17.168 17.046 16.904 16.763 16.615 17.173 17.0 16.829 16.708 16.597 16.937 16.794 16.674 16.575 16.407 16.831 16.926 16.773 16.385 16.216 16.026 16.741
128.7705 17.722 17.772 17.697 17.504 17.361 17.222 17.583 17.482 17.359 17.217 17.077 16.928 17.487 17.314 17.142 17.021 16.911 17.25 17.108 16.988 16.889 16.721 17.144 17.24 17.087 16.699 16.529 16.339 17.054
131.8769 18.036 18.085 18.01 17.817 17.675 17.536 17.897 17.795 17.673 17.531 17.39 17.242 17.8 17.628 17.456 17.335 17.224 17.564 17.421 17.301 17.202 17.034 17.458 17.553 17.4 17.012 16.843 16.653 17.368
135.0582 18.349 18.399 18.324 18.131 17.989 17.849 18.21 18.109 17.986 17.844 17.704 17.555 18.114 17.941 17.769 17.649 17.538 17.877 17.735 17.615 17.516 17.348 17.772 17.867 17.714 17.326 17.157 16.966 17.681
138.3162 18.663 18.712 18.638 18.445 18.302 18.163 18.524 18.422 18.3 18.158 18.017 17.869 18.427 18.255 18.083 17.962 17.851 18.191 18.048 17.929 17.829 17.661 18.085 18.18 18.027 17.64 17.47 17.28 17.995
141.6528 18.977 19.026 18.951 18.758 18.616 18.477 18.837 18.736 18.613 18.471 18.331 18.182 18.741 18.568 18.396 18.276 18.165 18.504 18.362 18.242 18.143 17.975 18.399 18.494 18.341 17.953 17.784 17.593 18.308
145.0699 19.29 19.34 19.265 19.072 18.929 18.79 19.151 19.049 18.927 18.785 18.645 18.496 19.054 18.882 18.71 18.589 18.479 18.818 18.675 18.556 18.457 18.288 18.712 18.807 18.655 18.267 18.097 17.907 18.622
148.5695 19.604 19.653 19.578 19.385 19.243 19.104 19.465 19.363 19.24 19.099 18.958 18.81 19.368 19.195 19.024 18.903 18.792 19.132 18.989 18.869 18.77 18.602 19.026 19.121 18.968 18.58 18.411 18.221 18.936
152.1534 19.917 19.967 19.892 19.699 19.556 19.417 19.778 19.676 19.554 19.412 19.272 19.123 19.682 19.509 19.337 19.216 19.106 19.445 19.303 19.183 19.084 18.915 19.339 19.435 19.282 18.894 18.724 18.534 19.249
155.8238 20.231 20.28 20.205 20.012 19.87 19.731 20.092 19.99 19.868 19.726 19.585 19.437 19.995 19.822 19.651 19.53 19.419 19.759 19.616 19.496 19.397 19.229 19.653 19.748 19.595 19.207 19.038 18.848 19.563
159.5828 20.544 20.594 20.519 20.326 20.184 20.044 20.405 20.304 20.181 20.039 19.899 19.75 20.309 20.136 19.964 19.844 19.733 20.072 19.93 19.81 19.711 19.543 19.966 20.062 19.909 19.521 19.352 19.161 19.876
163.4324 20.858 20.907 20.833 20.64 20.497 20.358 20.719 20.617 20.495 20.353 20.212 20.064 20.622 20.45 20.278 20.157 20.046 20.386 20.243 20.123 20.024 19.856 20.28 20.375 20.222 19.834 19.665 19.475 20.19
167.375 21.171 21.221 21.146 20.953 20.811 20.672 21.032 20.931 20.808 20.666 20.526 20.377 20.936 20.763 20.591 20.471 20.36 20.699 20.557 20.437 20.338 20.17 20.594 20.689 20.536 20.148 19.979 19.788 20.503
171.4126 21.485 21.535 21.46 21.267 21.124 20.985 21.346 21.244 21.122 20.98 20.84 20.691 21.249 21.077 20.905 20.784 20.674 21.013 20.87 20.751 20.652 20.483 20.907 21.002 20.85 20.462 20.292 20.102 20.817
175.5476 21.799 21.848 21.773 21.58 21.438 21.299 21.66 21.558 21.435 21.294 21.153 21.005 21.563 21.39 21.218 21.098 20.987 21.327 21.184 21.064 20.965 20.797 21.221 21.316 21.163 20.775 20.606 20.416 21.131
179.7823 22.112 22.162 22.087 21.894 21.751 21.612 21.973 21.871 21.749 21.607 21.467 21.318 21.876 21.704 21.532 21.411 21.301 21.64 21.498 21.378 21.279 21.11 21.534 21.63 21.477 21.089 20.919 20.729 21.444
184.1193 22.426 22.475 22.4 22.207 22.065 21.926 22.287 22.185 22.063 21.921 21.78 21.632 22.19 22.017 21.846 21.725 21.614 21.954 21.811 21.691 21.592 21.424 21.848 21.943 21.79 21.402 21.233 21.043 21.758
188.5608 22.739 22.789 22.714 22.521 22.379 22.239 22.6 22.499 22.376 22.234 22.094 21.945 22.504 22.331 22.159 22.038 21.928 22.267 22.125 22.005 21.906 21.738 22.161 22.257 22.104 21.716 21.547 21.356 22.071
193.1095 23.053 23.102 23.027 22.835 22.692 22.553 22.914 22.812 22.69 22.548 22.407 22.259 22.817 22.645 22.473 22.352 22.241 22.581 22.438 22.318 22.219 22.051 22.475 22.57 22.417 22.029 21.86 21.67 22.385
197.7679 23.366 23.416 23.341 23.148 23.006 22.867 23.227 23.126 23.003 22.861 22.721 22.572 23.131 22.958 22.786 22.666 22.555 22.894 22.752 22.632 22.533 22.365 22.789 22.884 22.731 22.343 22.174 21.983 22.698
202.5387 23.68 23.729 23.655 23.462 23.319 23.18 23.541 23.439 23.317 23.175 23.035 22.886 23.444 23.272 23.1 22.979 22.869 23.208 23.065 22.946 22.847 22.678 23.102 23.197 23.045 22.657 22.487 22.297 23.012
207.4245 23.994 24.043 23.968 23.775 23.633 23.494 23.855 23.753 23.63 23.489 23.348 23.2 23.758 23.585 23.413 23.293 23.182 23.522 23.379 23.259 23.16 22.992 23.416 23.511 23.358 22.97 22.801 22.61 23.325
212.4283 24.307 24.357 24.282 24.089 23.946 23.807 24.168 24.066 23.944 23.802 23.662 23.513 24.071 23.899 23.727 23.606 23.496 23.835 23.693 23.573 23.474 23.305 23.729 23.824 23.672 23.284 23.114 22.924 23.639
217.5527 24.621 24.67 24.595 24.402 24.26 24.121 24.482 24.38 24.258 24.116 23.975 23.827 24.385 24.212 24.041 23.92 23.809 24.149 24.006 23.886 23.787 23.619 24.043 24.138 23.985 23.597 23.428 23.238 23.953
222.8008 24.934 24.984 24.909 24.716 24.574 24.434 24.795 24.694 24.571 24.429 24.289 24.14 24.699 24.526 24.354 24.233 24.123 24.462 24.32 24.2 24.101 23.933 24.356 24.452 24.299 23.911 23.742 23.551 24.266
228.1754 25.248 25.297 25.222 25.03 24.887 24.748 25.109 25.007 24.885 24.743 24.602 24.454 25.012 24.84 24.668 24.547 24.436 24.776 24.633 24.513 24.414 24.246 24.67 24.765 24.612 24.224 24.055 23.865 24.58
233.6797 25.561 25.611 25.536 25.343 25.201 25.062 25.422 25.321 25.198 25.056 24.916 24.767 25.326 25.153 24.981 24.861 24.75 25.089 24.947 24.827 24.728 24.56 24.984 25.079 24.926 24.538 24.369 24.178 24.893
239.3168 25.875 25.924 25.85 25.657 25.514 25.375 25.736 25.634 25.512 25.37 25.229 25.081 25.639 25.467 25.295 25.174 25.064 25.403 25.26 25.141 25.042 24.873 25.297 25.392 25.24 24.852 24.682 24.492 25.207
245.0899 26.189 26.238 26.163 25.97 25.828 25.689 26.049 25.948 25.825 25.684 25.543 25.394 25.953 25.78 25.608 25.488 25.377 25.717 25.574 25.454 25.355 25.187 25.611 25.706 25.553 25.165 24.996 24.805 25.52
251.0022 26.502 26.552 26.477 26.284 26.141 26.002 26.363 26.261 26.139 25.997 25.857 25.708 26.266 26.094 25.922 25.801 25.691 26.03 25.888 25.768 25.669 25.5 25.924 26.019 25.867 25.479 25.309 25.119 25.834
257.0572 26.816 26.865 26.79 26.597 26.455 26.316 26.677 26.575 26.453 26.311 26.17 26.022 26.58 26.407 26.236 26.115 26.004 26.344 26.201 26.081 25.982 25.814 26.238 26.333 26.18 25.792 25.623 25.433 26.148
263.2582 27.129 27.179 27.104 26.911 26.769 26.629 26.99 26.889 26.766 26.624 26.484 26.335 26.894 26.721 26.549 26.428 26.318 26.657 26.515 26.395 26.296 26.128 26.551 26.647 26.494 26.106 25.937 25.746 26.461
269.6088 27.443 27.492 27.417 27.224 27.082 26.943 27.304 27.202 27.08 26.938 26.797 26.649 27.207 27.035 26.863 26.742 26.631 26.971 26.828 26.708 26.609 26.441 26.865 26.96 26.807 26.419 26.25 26.06 26.775
276.1126 27.756 27.806 27.731 27.538 27.396 27.257 27.617 27.516 27.393 27.251 27.111 26.962 27.521 27.348 27.176 27.056 26.945 27.284 27.142 27.022 26.923 26.755 27.179 27.274 27.121 26.733 26.564 26.373 27.088
282.7734 28.07 28.119 28.045 27.852 27.709 27.57 27.931 27.829 27.707 27.565 27.424 27.276 27.834 27.662 27.49 27.369 27.258 27.598 27.455 27.336 27.237 27.068 27.492 27.587 27.434 27.047 26.877 26.687 27.402
289.5947 28.384 28.433 28.358 28.165 28.023 27.884 28.244 28.143 28.02 27.878 27.738 27.589 28.148 27.975 27.803 27.683 27.572 27.911 27.769 27.649 27.55 27.382 27.806 27.901 27.748 27.36 27.191 27.0 27.715
296.5807 28.697 28.747 28.672 28.479 28.336 28.197 28.558 28.456 28.334 28.192 28.052 27.903 28.461 28.289 28.117 27.996 27.886 28.225 28.082 27.963 27.864 27.695 28.119 28.214 28.062 27.674 27.504 27.314 28.029
303.7351 29.011 29.06 28.985 28.792 28.65 28.511 28.872 28.77 28.648 28.506 28.365 28.217 28.775 28.602 28.431 28.31 28.199 28.539 28.396 28.276 28.177 28.009 28.433 28.528 28.375 27.987 27.818 27.628 28.343
311.0622 29.324 29.374 29.299 29.106 28.963 28.824 29.185 29.083 28.961 28.819 28.679 28.53 29.089 28.916 28.744 28.623 28.513 28.852 28.71 28.59 28.491 28.323 28.746 28.842 28.689 28.301 28.131 27.941 28.656
318.566 29.638 29.687 29.612 29.419 29.277 29.138 29.499 29.397 29.275 29.133 28.992 28.844 29.402 29.23 29.058 28.937 28.826 29.166 29.023 28.903 28.804 28.636 29.06 29.155 29.002 28.614 28.445 28.255 28.97
326.2508 29.951 30.001 29.926 29.733 29.591 29.451 29.812 29.711 29.588 29.446 29.306 29.157 29.716 29.543 29.371 29.251 29.14 29.479 29.337 29.217 29.118 28.95 29.373 29.469 29.316 28.928 28.759 28.568 29.283
334.121 30.265 30.314 30.24 30.047 29.904 29.765 30.126 30.024 29.902 29.76 29.619 29.471 30.029 29.857 29.685 29.564 29.453 29.793 29.65 29.531 29.431 29.263 29.687 29.782 29.629 29.242 29.072 28.882 29.597
