web/models/grb/offaxis/9/grb_0.2967_26.8270_0.0006310.dat
# %ECSV 1.0
# ---
# datatype:
# - {name: time, datatype: float64}
# - {name: swift_uvot_uvw2, datatype: float64}
# - {name: swift_uvot_uvm2, datatype: float64}
# - {name: swift_uvot_uvw1, datatype: float64}
# - {name: swift_uvot_U, datatype: float64}
# - {name: swift_uvot_B, datatype: float64}
# - {name: swift_uvot_V, datatype: float64}
# - {name: swift_uvot_W, datatype: float64}
# - {name: johnson_U, datatype: float64}
# - {name: johnson_B, datatype: float64}
# - {name: johnson_V, datatype: float64}
# - {name: johnson_R, datatype: float64}
# - {name: johnson_I, datatype: float64}
# - {name: sdss_u, datatype: float64}
# - {name: sdss_g, datatype: float64}
# - {name: sdss_r, datatype: float64}
# - {name: sdss_i, datatype: float64}
# - {name: sdss_z, datatype: float64}
# - {name: PS1_g, datatype: float64}
# - {name: PS1_r, datatype: float64}
# - {name: PS1_i, datatype: float64}
# - {name: PS1_z, datatype: float64}
# - {name: PS1_Y, datatype: float64}
# - {name: PS1_w, datatype: float64}
# - {name: ATLAS_c, datatype: float64}
# - {name: ATLAS_o, datatype: float64}
# - {name: ukirt_J, datatype: float64}
# - {name: ukirt_H, datatype: float64}
# - {name: ukirt_K, datatype: float64}
# - {name: Clear, datatype: float64}
# meta: !!omap
# - comment: [E = 0.011641960487160343, Eta0 = 8.02, GammaB = 12.0, dL = 0.012188, epsb = 6.760829753919819e-06, epse = 0.1, n = 0.000630957344480193,
#     p = 2.15, theta_obs = 0.29670597283903605, xiN = 1.0, z = 0.0, type = grb, E_kiso = 26.826957952797247]
# schema: astropy-2.0
time swift_uvot_uvw2 swift_uvot_uvm2 swift_uvot_uvw1 swift_uvot_U swift_uvot_B swift_uvot_V swift_uvot_W johnson_U johnson_B johnson_V johnson_R johnson_I sdss_u sdss_g sdss_r sdss_i sdss_z PS1_g PS1_r PS1_i PS1_z PS1_Y PS1_w ATLAS_c ATLAS_o ukirt_J ukirt_H ukirt_K Clear
[from data line 445]
404.3163 6.436 6.486 6.411 6.218 6.076 5.936 6.297 6.196 6.073 5.931 5.791 5.642 6.201 6.028 5.856 5.736 5.625 5.964 5.822 5.702 5.603 5.435 5.858 5.954 5.801 5.413 5.244 5.053 5.768
414.0697 6.473 6.522 6.447 6.254 6.112 5.973 6.334 6.232 6.11 5.968 5.827 5.679 6.237 6.064 5.893 5.772 5.661 6.001 5.858 5.738 5.639 5.471 5.895 5.99 5.837 5.449 5.28 5.09 5.805
424.0583 6.509 6.558 6.484 6.291 6.148 6.009 6.37 6.268 6.146 6.004 5.863 5.715 6.273 6.101 5.929 5.808 5.698 6.037 5.894 5.775 5.676 5.507 5.931 6.026 5.874 5.486 5.316 5.126 5.841
434.2879 6.545 6.595 6.52 6.327 6.185 6.045 6.406 6.305 6.182 6.04 5.9 5.751 6.31 6.137 5.965 5.844 5.734 6.073 5.931 5.811 5.712 5.544 5.967 6.063 5.91 5.522 5.353 5.162 5.877
444.7643 6.582 6.631 6.556 6.363 6.221 6.082 6.443 6.341 6.218 6.077 5.936 5.788 6.346 6.173 6.002 5.881 5.77 6.11 5.967 5.847 5.748 5.58 6.004 6.099 5.946 5.558 5.389 5.199 5.914
455.4934 6.618 6.667 6.593 6.4 6.257 6.118 6.479 6.377 6.255 6.113 5.972 5.824 6.382 6.21 6.038 5.917 5.806 6.146 6.003 5.884 5.785 5.616 6.04 6.135 5.982 5.595 5.425 5.235 5.95
466.4814 6.654 6.704 6.629 6.436 6.294 6.154 6.515 6.414 6.291 6.149 6.009 5.86 6.419 6.246 6.074 5.953 5.843 6.182 6.04 5.92 5.821 5.653 6.076 6.172 6.019 5.631 5.462 5.271 5.986
477.7344 6.691 6.74 6.665 6.472 6.33 6.191 6.552 6.45 6.327 6.186 6.045 5.897 6.455 6.282 6.11 5.99 5.879 6.219 6.076 5.956 5.857 5.689 6.113 6.208 6.055 5.667 5.498 5.308 6.023
489.2588 6.727 6.776 6.702 6.509 6.366 6.227 6.588 6.486 6.364 6.222 6.081 5.933 6.491 6.319 6.147 6.026 5.915 6.255 6.112 5.992 5.893 5.725 6.149 6.244 6.091 5.703 5.534 5.344 6.059
501.0613 6.763 6.813 6.738 6.545 6.402 6.263 6.624 6.523 6.4 6.258 6.118 5.969 6.528 6.355 6.183 6.062 5.952 6.291 6.149 6.029 5.93 5.762 6.185 6.281 6.128 5.74 5.57 5.38 6.095
513.1485 6.799 6.849 6.774 6.581 6.438 6.299 6.66 6.558 6.436 6.294 6.154 6.005 6.563 6.391 6.219 6.098 5.988 6.327 6.185 6.065 5.966 5.797 6.221 6.316 6.164 5.776 5.606 5.416 6.131
525.5272 6.834 6.883 6.808 6.615 6.473 6.334 6.695 6.593 6.471 6.329 6.188 6.04 6.598 6.426 6.254 6.133 6.022 6.362 6.219 6.099 6.0 5.832 6.256 6.351 6.198 5.81 5.641 5.451 6.166
538.2046 6.869 6.918 6.843 6.65 6.508 6.369 6.729 6.628 6.505 6.363 6.223 6.074 6.633 6.46 6.288 6.168 6.057 6.396 6.254 6.134 6.035 5.867 6.291 6.386 6.233 5.845 5.676 5.485 6.2
551.1878 6.903 6.953 6.878 6.685 6.542 6.403 6.764 6.662 6.54 6.398 6.258 6.109 6.667 6.495 6.323 6.202 6.092 6.431 6.289 6.169 6.07 5.901 6.325 6.421 6.268 5.88 5.71 5.52 6.235
564.4842 6.938 6.987 6.912 6.72 6.577 6.438 6.799 6.697 6.575 6.433 6.292 6.144 6.702 6.53 6.358 6.237 6.126 6.466 6.323 6.203 6.104 5.936 6.36 6.455 6.302 5.914 5.745 5.555 6.27
578.1013 6.973 7.022 6.947 6.754 6.612 6.473 6.833 6.732 6.609 6.468 6.327 6.178 6.737 6.564 6.392 6.272 6.161 6.5 6.358 6.238 6.139 5.971 6.395 6.49 6.337 5.949 5.78 5.589 6.304
592.0469 7.007 7.057 6.982 6.789 6.646 6.507 6.868 6.766 6.644 6.502 6.362 6.213 6.772 6.599 6.427 6.306 6.196 6.535 6.393 6.273 6.174 6.005 6.429 6.525 6.372 5.984 5.814 5.624 6.339
606.329 7.042 7.091 7.016 6.824 6.681 6.542 6.903 6.801 6.679 6.537 6.396 6.248 6.806 6.634 6.462 6.341 6.23 6.57 6.427 6.307 6.208 6.04 6.464 6.559 6.406 6.018 5.849 5.659 6.374
620.9555 7.077 7.126 7.051 6.858 6.716 6.577 6.937 6.836 6.713 6.572 6.431 6.282 6.841 6.668 6.496 6.376 6.265 6.605 6.462 6.342 6.243 6.075 6.499 6.594 6.441 6.053 5.884 5.693 6.408
635.9349 7.111 7.161 7.086 6.893 6.75 6.611 6.972 6.87 6.748 6.606 6.466 6.317 6.876 6.703 6.531 6.41 6.3 6.639 6.497 6.377 6.278 6.11 6.533 6.629 6.476 6.088 5.918 5.728 6.443
651.2757 7.145 7.195 7.12 6.927 6.784 6.645 7.006 6.904 6.782 6.64 6.5 6.351 6.909 6.737 6.565 6.444 6.334 6.673 6.53 6.411 6.312 6.143 6.567 6.662 6.51 6.122 5.952 5.762 6.477
666.9865 7.178 7.227 7.152 6.959 6.817 6.678 7.039 6.937 6.814 6.673 6.532 6.384 6.942 6.769 6.597 6.477 6.366 6.706 6.563 6.443 6.344 6.176 6.6 6.695 6.542 6.154 5.985 5.795 6.509
683.0763 7.21 7.26 7.185 6.992 6.849 6.71 7.071 6.969 6.847 6.705 6.565 6.416 6.974 6.802 6.63 6.509 6.399 6.738 6.596 6.476 6.377 6.208 6.632 6.727 6.575 6.187 6.017 5.827 6.542
699.5543 7.243 7.292 7.217 7.024 6.882 6.743 7.104 7.002 6.88 6.738 6.597 6.449 7.007 6.834 6.663 6.542 6.431 6.771 6.628 6.508 6.409 6.241 6.665 6.76 6.607 6.219 6.05 5.86 6.575
716.4297 7.275 7.325 7.25 7.057 6.914 6.775 7.136 7.034 6.912 6.77 6.63 6.481 7.039 6.867 6.695 6.574 6.464 6.803 6.661 6.541 6.442 6.273 6.697 6.793 6.64 6.252 6.082 5.892 6.607
733.7123 7.308 7.357 7.282 7.089 6.947 6.808 7.169 7.067 6.945 6.803 6.662 6.514 7.072 6.899 6.728 6.607 6.496 6.836 6.693 6.573 6.474 6.306 6.73 6.825 6.672 6.284 6.115 5.925 6.64
751.4117 7.34 7.39 7.315 7.122 6.979 6.84 7.201 7.1 6.977 6.835 6.695 6.546 7.105 6.932 6.76 6.639 6.529 6.868 6.726 6.606 6.507 6.339 6.762 6.858 6.705 6.317 6.147 5.957 6.672
769.5381 7.373 7.422 7.347 7.154 7.012 6.873 7.234 7.132 7.01 6.868 6.727 6.579 7.137 6.964 6.793 6.672 6.561 6.901 6.758 6.638 6.539 6.371 6.795 6.89 6.737 6.349 6.18 5.99 6.705
788.1018 7.405 7.455 7.38 7.187 7.045 6.905 7.266 7.165 7.042 6.9 6.76 6.611 7.17 6.997 6.825 6.704 6.594 6.933 6.791 6.671 6.572 6.404 6.827 6.923 6.77 6.382 6.213 6.022 6.737
807.1133 7.438 7.487 7.412 7.219 7.077 6.938 7.299 7.197 7.075 6.933 6.792 6.644 7.202 7.03 6.858 6.737 6.626 6.966 6.823 6.703 6.604 6.436 6.86 6.955 6.802 6.414 6.245 6.055 6.77
826.5834 7.474 7.524 7.449 7.256 7.114 6.974 7.335 7.234 7.111 6.969 6.829 6.68 7.239 7.066 6.894 6.774 6.663 7.002 6.86 6.74 6.641 6.473 6.896 6.992 6.839 6.451 6.282 6.091 6.806
846.5232 7.514 7.564 7.489 7.296 7.154 7.015 7.375 7.274 7.151 7.009 6.869 6.72 7.279 7.106 6.934 6.814 6.703 7.042 6.9 6.78 6.681 6.513 6.937 7.032 6.879 6.491 6.322 6.131 6.846
866.944 7.554 7.604 7.529 7.336 7.194 7.055 7.415 7.314 7.191 7.049 6.909 6.76 7.319 7.146 6.974 6.854 6.743 7.082 6.94 6.82 6.721 6.553 6.977 7.072 6.919 6.531 6.362 6.171 6.886
887.8575 7.594 7.644 7.569 7.376 7.234 7.095 7.455 7.354 7.231 7.089 6.949 6.8 7.359 7.186 7.014 6.894 6.783 7.122 6.98 6.86 6.761 6.593 7.017 7.112 6.959 6.571 6.402 6.211 6.926
909.2754 7.635 7.684 7.609 7.416 7.274 7.135 7.495 7.394 7.271 7.129 6.989 6.84 7.399 7.226 7.054 6.934 6.823 7.162 7.02 6.9 6.801 6.633 7.057 7.152 6.999 6.611 6.442 6.251 6.966
931.21 7.675 7.724 7.649 7.456 7.314 7.175 7.535 7.434 7.311 7.17 7.029 6.88 7.439 7.266 7.094 6.974 6.863 7.203 7.06 6.94 6.841 6.673 7.097 7.192 7.039 6.651 6.482 6.291 7.006
953.6737 7.715 7.764 7.689 7.496 7.354 7.215 7.576 7.474 7.351 7.21 7.069 6.921 7.479 7.306 7.134 7.014 6.903 7.243 7.1 6.98 6.881 6.713 7.137 7.232 7.079 6.691 6.522 6.332 7.047
976.6793 7.755 7.804 7.729 7.536 7.394 7.255 7.616 7.514 7.391 7.25 7.109 6.961 7.519 7.346 7.175 7.054 6.943 7.283 7.14 7.02 6.921 6.753 7.177 7.272 7.119 6.731 6.562 6.372 7.087
1000.2399 7.795 7.844 7.769 7.576 7.434 7.295 7.656 7.554 7.432 7.29 7.149 7.001 7.559 7.386 7.215 7.094 6.983 7.323 7.18 7.06 6.961 6.793 7.217 7.312 7.159 6.771 6.602 6.412 7.127
1024.3688 7.835 7.884 7.809 7.616 7.474 7.335 7.696 7.594 7.472 7.33 7.189 7.041 7.599 7.426 7.255 7.134 7.023 7.363 7.22 7.1 7.001 6.833 7.257 7.352 7.199 6.811 6.642 6.452 7.167
1049.0798 7.893 7.943 7.868 7.675 7.533 7.393 7.754 7.653 7.53 7.388 7.248 7.099 7.658 7.485 7.313 7.192 7.082 7.421 7.279 7.159 7.06 6.892 7.315 7.411 7.258 6.87 6.701 6.51 7.225
1074.3869 7.961 8.01 7.935 7.742 7.6 7.461 7.822 7.72 7.598 7.456 7.315 7.167 7.725 7.553 7.381 7.26 7.149 7.489 7.346 7.226 7.127 6.959 7.383 7.478 7.325 6.937 6.768 6.578 7.293
1100.3045 8.028 8.078 8.003 7.81 7.668 7.528 7.889 7.788 7.665 7.523 7.383 7.234 7.793 7.62 7.448 7.328 7.217 7.556 7.414 7.294 7.195 7.027 7.451 7.546 7.393 7.005 6.836 6.645 7.36
1126.8473 8.096 8.145 8.071 7.878 7.735 7.596 7.957 7.855 7.733 7.591 7.45 7.302 7.86 7.688 7.516 7.395 7.284 7.624 7.481 7.361 7.262 7.094 7.518 7.613 7.46 7.072 6.903 6.713 7.428
1154.0304 8.163 8.213 8.138 7.945 7.803 7.664 8.024 7.923 7.8 7.658 7.518 7.369 7.928 7.755 7.583 7.463 7.352 7.691 7.549 7.429 7.33 7.162 7.586 7.681 7.528 7.14 6.971 6.78 7.495
1181.8693 8.231 8.28 8.206 8.013 7.87 7.731 8.092 7.99 7.868 7.726 7.585 7.437 7.995 7.823 7.651 7.53 7.42 7.759 7.616 7.497 7.398 7.229 7.653 7.748 7.596 7.208 7.038 6.848 7.563
1210.3797 8.299 8.348 8.273 8.08 7.938 7.799 8.159 8.058 7.935 7.794 7.653 7.504 8.063 7.89 7.718 7.598 7.487 7.827 7.684 7.564 7.465 7.297 7.721 7.816 7.663 7.275 7.106 6.915 7.63
1239.5778 8.366 8.416 8.341 8.148 8.005 7.866 8.227 8.125 8.003 7.861 7.721 7.572 8.13 7.958 7.786 7.665 7.555 7.894 7.751 7.632 7.533 7.364 7.788 7.883 7.731 7.343 7.173 6.983 7.698
1269.4803 8.434 8.483 8.408 8.215 8.073 7.934 8.295 8.193 8.07 7.929 7.788 7.64 8.198 8.025 7.854 7.733 7.622 7.962 7.819 7.699 7.6 7.432 7.856 7.951 7.798 7.41 7.241 7.051 7.766
1300.1042 8.501 8.551 8.476 8.283 8.14 8.001 8.362 8.26 8.138 7.996 7.856 7.707 8.265 8.093 7.921 7.8 7.69 8.029 7.887 7.767 7.668 7.499 7.923 8.019 7.866 7.478 7.308 7.118 7.833
1331.4668 8.596 8.646 8.571 8.378 8.236 8.096 8.457 8.356 8.233 8.091 7.951 7.802 8.361 8.188 8.016 7.895 7.785 8.124 7.982 7.862 7.763 7.595 8.018 8.114 7.961 7.573 7.404 7.213 7.928
1363.586 8.698 8.747 8.672 8.479 8.337 8.198 8.559 8.457 8.334 8.193 8.052 7.904 8.462 8.289 8.117 7.997 7.886 8.226 8.083 7.963 7.864 7.696 8.12 8.215 8.062 7.674 7.505 7.315 8.03
1396.48 8.799 8.848 8.774 8.581 8.438 8.299 8.66 8.558 8.436 8.294 8.153 8.005 8.563 8.391 8.219 8.098 7.987 8.327 8.184 8.065 7.965 7.797 8.221 8.316 8.163 7.776 7.606 7.416 8.131
1430.1675 8.9 8.95 8.875 8.682 8.54 8.4 8.761 8.66 8.537 8.395 8.255 8.106 8.665 8.492 8.32 8.199 8.089 8.428 8.286 8.166 8.067 7.899 8.322 8.418 8.265 7.877 7.708 7.517 8.232
1464.6676 9.002 9.051 8.976 8.783 8.641 8.502 8.863 8.761 8.638 8.497 8.356 8.208 8.766 8.593 8.421 8.301 8.19 8.53 8.387 8.267 8.168 8.0 8.424 8.519 8.366 7.978 7.809 7.619 8.334
1500.0 9.103 9.152 9.078 8.885 8.742 8.603 8.964 8.862 8.74 8.598 8.457 8.309 8.867 8.695 8.523 8.402 8.291 8.631 8.488 8.369 8.269 8.101 8.525 8.62 8.467 8.08 7.91 7.72 8.435
