web/models/grb/offaxis/9/grb_0.2967_13.8950_0.0001000.dat
# %ECSV 1.0
# ---
# datatype:
# - {name: time, datatype: float64}
# - {name: swift_uvot_uvw2, datatype: float64}
# - {name: swift_uvot_uvm2, datatype: float64}
# - {name: swift_uvot_uvw1, datatype: float64}
# - {name: swift_uvot_U, datatype: float64}
# - {name: swift_uvot_B, datatype: float64}
# - {name: swift_uvot_V, datatype: float64}
# - {name: swift_uvot_W, datatype: float64}
# - {name: johnson_U, datatype: float64}
# - {name: johnson_B, datatype: float64}
# - {name: johnson_V, datatype: float64}
# - {name: johnson_R, datatype: float64}
# - {name: johnson_I, datatype: float64}
# - {name: sdss_u, datatype: float64}
# - {name: sdss_g, datatype: float64}
# - {name: sdss_r, datatype: float64}
# - {name: sdss_i, datatype: float64}
# - {name: sdss_z, datatype: float64}
# - {name: PS1_g, datatype: float64}
# - {name: PS1_r, datatype: float64}
# - {name: PS1_i, datatype: float64}
# - {name: PS1_z, datatype: float64}
# - {name: PS1_Y, datatype: float64}
# - {name: ukirt_J, datatype: float64}
# - {name: ukirt_H, datatype: float64}
# - {name: ukirt_K, datatype: float64}
# meta: !!omap
# - comment: [E = 0.006029923955985727, Eta0 = 8.02, GammaB = 12.0, dL = 0.012188, epsb = 6.760829753919819e-06, epse = 0.1, n = 0.0001,
#     p = 2.15, theta_obs = 0.29670597283903605, xiN = 1.0, z = 0.0, type = grb, E_kiso = 13.894954943731374]
# schema: astropy-2.0
time swift_uvot_uvw2 swift_uvot_uvm2 swift_uvot_uvw1 swift_uvot_U swift_uvot_B swift_uvot_V swift_uvot_W johnson_U johnson_B johnson_V johnson_R johnson_I sdss_u sdss_g sdss_r sdss_i sdss_z PS1_g PS1_r PS1_i PS1_z PS1_Y ukirt_J ukirt_H ukirt_K
[from data line 419]
217.5527 6.813 6.862 6.787 6.594 6.452 6.313 6.673 6.572 6.449 6.308 6.167 6.018 6.577 6.404 6.232 6.112 6.001 6.341 6.198 6.078 5.979 5.811 5.789 5.62 5.429
222.8008 6.867 6.916 6.841 6.648 6.506 6.367 6.728 6.626 6.504 6.362 6.221 6.073 6.631 6.459 6.287 6.166 6.055 6.395 6.252 6.132 6.033 5.865 5.843 5.674 5.484
228.1754 6.921 6.97 6.896 6.703 6.56 6.421 6.782 6.68 6.558 6.416 6.276 6.127 6.685 6.513 6.341 6.22 6.11 6.449 6.306 6.187 6.088 5.919 5.898 5.728 5.538
233.6797 6.975 7.025 6.95 6.757 6.614 6.475 6.836 6.735 6.612 6.47 6.33 6.181 6.74 6.567 6.395 6.274 6.164 6.503 6.361 6.241 6.142 5.974 5.952 5.782 5.592
239.3168 7.024 7.074 6.999 6.806 6.664 6.524 6.885 6.784 6.661 6.519 6.379 6.23 6.789 6.616 6.444 6.323 6.213 6.552 6.41 6.29 6.191 6.023 6.001 5.832 5.641
245.0899 7.073 7.123 7.048 6.855 6.712 6.573 6.934 6.832 6.71 6.568 6.428 6.279 6.837 6.665 6.493 6.372 6.262 6.601 6.459 6.339 6.24 6.071 6.05 5.88 5.69
251.0022 7.122 7.171 7.097 6.904 6.761 6.622 6.983 6.881 6.759 6.617 6.476 6.328 6.886 6.714 6.542 6.421 6.311 6.65 6.507 6.388 6.289 6.12 6.099 5.929 5.739
257.0572 7.171 7.22 7.145 6.953 6.81 6.671 7.032 6.93 6.808 6.666 6.525 6.377 6.935 6.763 6.591 6.47 6.359 6.699 6.556 6.436 6.337 6.169 6.147 5.978 5.788
263.2582 7.22 7.269 7.194 7.001 6.859 6.72 7.081 6.979 6.857 6.715 6.574 6.426 6.984 6.811 6.64 6.519 6.408 6.748 6.605 6.485 6.386 6.218 6.196 6.027 5.837
269.6088 7.269 7.318 7.243 7.05 6.908 6.769 7.129 7.028 6.905 6.764 6.623 6.474 7.033 6.86 6.688 6.568 6.457 6.797 6.654 6.534 6.435 6.267 6.245 6.076 5.885
276.1126 7.317 7.367 7.292 7.099 6.957 6.818 7.178 7.077 6.954 6.812 6.672 6.523 7.082 6.909 6.737 6.617 6.506 6.845 6.703 6.583 6.484 6.316 6.294 6.125 5.934
282.7734 7.366 7.416 7.341 7.148 7.006 6.866 7.227 7.126 7.003 6.861 6.721 6.572 7.131 6.958 6.786 6.665 6.555 6.894 6.752 6.632 6.533 6.365 6.343 6.174 5.983
289.5947 7.415 7.465 7.39 7.197 7.054 6.915 7.276 7.174 7.052 6.91 6.77 6.621 7.179 7.007 6.835 6.714 6.604 6.943 6.801 6.681 6.582 6.413 6.392 6.222 6.032
296.5807 7.464 7.513 7.438 7.245 7.103 6.964 7.324 7.223 7.1 6.959 6.818 6.669 7.228 7.055 6.883 6.763 6.652 6.992 6.849 6.729 6.63 6.462 6.44 6.271 6.08
303.7351 7.508 7.558 7.483 7.29 7.148 7.008 7.369 7.268 7.145 7.003 6.863 6.714 7.273 7.1 6.928 6.808 6.697 7.036 6.894 6.774 6.675 6.507 6.485 6.316 6.125
311.0622 7.553 7.603 7.528 7.335 7.192 7.053 7.414 7.312 7.19 7.048 6.908 6.759 7.317 7.145 6.973 6.852 6.742 7.081 6.939 6.819 6.72 6.551 6.53 6.36 6.17
318.566 7.598 7.647 7.573 7.38 7.237 7.098 7.459 7.357 7.235 7.093 6.952 6.804 7.362 7.19 7.018 6.897 6.786 7.126 6.983 6.863 6.764 6.596 6.574 6.405 6.215
326.2508 7.643 7.692 7.617 7.424 7.282 7.143 7.504 7.402 7.28 7.138 6.997 6.849 7.407 7.234 7.063 6.942 6.831 7.171 7.028 6.908 6.809 6.641 6.619 6.45 6.26
334.121 7.688 7.737 7.662 7.469 7.327 7.188 7.548 7.447 7.324 7.182 7.042 6.893 7.452 7.279 7.107 6.987 6.876 7.215 7.073 6.953 6.854 6.686 6.664 6.495 6.304
342.181 7.732 7.782 7.707 7.514 7.372 7.232 7.593 7.492 7.369 7.227 7.087 6.938 7.497 7.324 7.152 7.031 6.921 7.26 7.118 6.998 6.899 6.731 6.709 6.54 6.349
350.4355 7.777 7.827 7.752 7.559 7.416 7.277 7.638 7.536 7.414 7.272 7.132 6.983 7.541 7.369 7.197 7.076 6.966 7.305 7.162 7.043 6.944 6.775 6.754 6.584 6.394
358.8891 7.822 7.871 7.796 7.604 7.461 7.322 7.683 7.581 7.459 7.317 7.176 7.028 7.586 7.414 7.242 7.121 7.01 7.35 7.207 7.087 6.988 6.82 6.798 6.629 6.439
367.5467 7.867 7.916 7.841 7.648 7.506 7.367 7.728 7.626 7.504 7.362 7.221 7.073 7.631 7.458 7.287 7.166 7.055 7.395 7.252 7.132 7.033 6.865 6.843 6.674 6.484
376.4131 7.911 7.96 7.886 7.693 7.55 7.411 7.772 7.67 7.548 7.406 7.265 7.117 7.675 7.503 7.331 7.21 7.099 7.439 7.296 7.176 7.077 6.909 6.887 6.718 6.528
385.4933 7.954 8.003 7.928 7.735 7.593 7.454 7.814 7.713 7.59 7.449 7.308 7.159 7.718 7.545 7.373 7.253 7.142 7.482 7.339 7.219 7.12 6.952 6.93 6.761 6.57
394.7926 7.996 8.046 7.971 7.778 7.635 7.496 7.857 7.755 7.633 7.491 7.351 7.202 7.76 7.588 7.416 7.295 7.185 7.524 7.382 7.262 7.163 6.994 6.973 6.803 6.613
404.3163 8.039 8.088 8.013 7.82 7.678 7.539 7.9 7.798 7.676 7.534 7.393 7.245 7.803 7.631 7.459 7.338 7.227 7.567 7.424 7.304 7.205 7.037 7.015 6.846 6.656
414.0697 8.081 8.131 8.056 7.863 7.721 7.582 7.942 7.841 7.718 7.576 7.436 7.287 7.846 7.673 7.501 7.381 7.27 7.609 7.467 7.347 7.248 7.08 7.058 6.889 6.698
424.0583 8.124 8.174 8.099 7.906 7.763 7.624 7.985 7.883 7.761 7.619 7.479 7.33 7.888 7.716 7.544 7.423 7.313 7.652 7.51 7.39 7.291 7.122 7.101 6.931 6.741
434.2879 8.167 8.216 8.141 7.948 7.806 7.667 8.028 7.926 7.804 7.662 7.521 7.373 7.931 7.758 7.587 7.466 7.355 7.695 7.552 7.432 7.333 7.165 7.143 6.974 6.784
444.7643 8.209 8.259 8.184 7.991 7.849 7.71 8.07 7.969 7.846 7.704 7.564 7.415 7.974 7.801 7.629 7.509 7.398 7.737 7.595 7.475 7.376 7.208 7.186 7.017 6.826
455.4934 8.252 8.301 8.227 8.034 7.891 7.752 8.113 8.011 7.889 7.747 7.607 7.458 8.016 7.844 7.672 7.551 7.441 7.78 7.637 7.518 7.419 7.25 7.229 7.059 6.869
466.4814 8.295 8.344 8.269 8.076 7.934 7.795 8.156 8.054 7.932 7.79 7.649 7.501 8.059 7.886 7.715 7.594 7.483 7.823 7.68 7.56 7.461 7.293 7.271 7.102 6.912
477.7344 8.337 8.386 8.311 8.118 7.976 7.837 8.197 8.096 7.973 7.832 7.691 7.542 8.101 7.928 7.756 7.636 7.525 7.865 7.722 7.602 7.503 7.335 7.313 7.144 6.953
489.2588 8.377 8.427 8.352 8.159 8.017 7.877 8.238 8.137 8.014 7.872 7.732 7.583 8.142 7.969 7.797 7.676 7.566 7.905 7.763 7.643 7.544 7.376 7.354 7.185 6.994
501.0613 8.418 8.468 8.393 8.2 8.057 7.918 8.279 8.177 8.055 7.913 7.773 7.624 8.182 8.01 7.838 7.717 7.607 7.946 7.803 7.684 7.585 7.416 7.395 7.225 7.035
513.1485 8.459 8.508 8.433 8.24 8.098 7.959 8.32 8.218 8.096 7.954 7.813 7.665 8.223 8.051 7.879 7.758 7.647 7.987 7.844 7.724 7.625 7.457 7.435 7.266 7.076
525.5272 8.5 8.549 8.474 8.281 8.139 8.0 8.36 8.259 8.136 7.995 7.854 7.705 8.264 8.091 7.919 7.799 7.688 8.028 7.885 7.765 7.666 7.498 7.476 7.307 7.116
538.2046 8.54 8.59 8.515 8.322 8.18 8.04 8.401 8.3 8.177 8.035 7.895 7.746 8.305 8.132 7.96 7.839 7.729 8.068 7.926 7.806 7.707 7.539 7.517 7.348 7.157
551.1878 8.581 8.63 8.556 8.363 8.22 8.081 8.442 8.34 8.218 8.076 7.936 7.787 8.345 8.173 8.001 7.88 7.77 8.109 7.966 7.847 7.748 7.579 7.558 7.388 7.198
564.4842 8.622 8.671 8.596 8.403 8.261 8.122 8.483 8.381 8.259 8.117 7.976 7.828 8.386 8.213 8.042 7.921 7.81 8.15 8.007 7.887 7.788 7.62 7.598 7.429 7.239
578.1013 8.663 8.712 8.637 8.444 8.302 8.163 8.523 8.422 8.299 8.157 8.017 7.868 8.427 8.254 8.082 7.962 7.851 8.19 8.048 7.928 7.829 7.661 7.639 7.47 7.279
592.0469 8.703 8.753 8.678 8.485 8.343 8.203 8.564 8.463 8.34 8.198 8.058 7.909 8.468 8.295 8.123 8.002 7.892 8.231 8.089 7.969 7.87 7.702 7.68 7.511 7.32
606.329 8.742 8.791 8.716 8.523 8.381 8.242 8.603 8.501 8.378 8.237 8.096 7.948 8.506 8.333 8.162 8.041 7.93 8.27 8.127 8.007 7.908 7.74 7.718 7.549 7.359
620.9555 8.778 8.827 8.753 8.56 8.417 8.278 8.639 8.537 8.415 8.273 8.132 7.984 8.542 8.37 8.198 8.077 7.966 8.306 8.163 8.044 7.944 7.776 7.755 7.585 7.395
635.9349 8.814 8.864 8.789 8.596 8.454 8.314 8.675 8.574 8.451 8.309 8.169 8.02 8.579 8.406 8.234 8.113 8.003 8.342 8.2 8.08 7.981 7.813 7.791 7.622 7.431
651.2757 8.851 8.9 8.825 8.632 8.49 8.351 8.712 8.61 8.487 8.346 8.205 8.057 8.615 8.442 8.27 8.15 8.039 8.379 8.236 8.116 8.017 7.849 7.827 7.658 7.467
666.9865 8.887 8.936 8.862 8.669 8.526 8.387 8.748 8.646 8.524 8.382 8.241 8.093 8.651 8.479 8.307 8.186 8.075 8.415 8.272 8.152 8.053 7.885 7.863 7.694 7.504
683.0763 8.923 8.973 8.898 8.705 8.562 8.423 8.784 8.683 8.56 8.418 8.278 8.129 8.688 8.515 8.343 8.222 8.112 8.451 8.309 8.189 8.09 7.922 7.9 7.73 7.54
699.5543 8.96 9.009 8.934 8.741 8.599 8.46 8.82 8.719 8.596 8.455 8.314 8.165 8.724 8.551 8.379 8.259 8.148 8.488 8.345 8.225 8.126 7.958 7.936 7.767 7.576
716.4297 8.996 9.045 8.97 8.778 8.635 8.496 8.857 8.755 8.633 8.491 8.35 8.202 8.76 8.588 8.416 8.295 8.184 8.524 8.381 8.261 8.162 7.994 7.972 7.803 7.613
733.7123 9.032 9.082 9.007 8.814 8.671 8.532 8.893 8.791 8.669 8.527 8.387 8.238 8.797 8.624 8.452 8.331 8.221 8.56 8.418 8.298 8.199 8.03 8.009 7.839 7.649
751.4117 9.069 9.118 9.043 8.85 8.708 8.569 8.929 8.828 8.705 8.563 8.423 8.274 8.833 8.66 8.488 8.368 8.257 8.596 8.454 8.334 8.235 8.067 8.045 7.876 7.685
769.5381 9.104 9.153 9.078 8.885 8.743 8.604 8.965 8.863 8.741 8.599 8.458 8.31 8.868 8.695 8.524 8.403 8.292 8.632 8.489 8.369 8.27 8.102 8.08 7.911 7.721
788.1018 9.138 9.188 9.113 8.92 8.778 8.639 8.999 8.898 8.775 8.633 8.493 8.344 8.903 8.73 8.558 8.438 8.327 8.666 8.524 8.404 8.305 8.137 8.115 7.946 7.755
807.1133 9.173 9.223 9.148 8.955 8.812 8.673 9.034 8.932 8.81 8.668 8.528 8.379 8.937 8.765 8.593 8.472 8.362 8.701 8.558 8.439 8.34 8.171 8.15 7.98 7.79
826.5834 9.208 9.257 9.182 8.989 8.847 8.708 9.069 8.967 8.845 8.703 8.562 8.414 8.972 8.799 8.628 8.507 8.396 8.736 8.593 8.473 8.374 8.206 8.184 8.015 7.825
846.5232 9.242 9.292 9.217 9.024 8.882 8.743 9.103 9.002 8.879 8.737 8.597 8.448 9.007 8.834 8.662 8.542 8.431 8.77 8.628 8.508 8.409 8.241 8.219 8.05 7.859
866.944 9.277 9.327 9.252 9.059 8.916 8.777 9.138 9.036 8.914 8.772 8.632 8.483 9.041 8.869 8.697 8.576 8.466 8.805 8.662 8.543 8.444 8.275 8.254 8.084 7.894
887.8575 9.312 9.361 9.286 9.093 8.951 8.812 9.173 9.071 8.949 8.807 8.666 8.518 9.076 8.903 8.732 8.611 8.5 8.84 8.697 8.577 8.478 8.31 8.288 8.119 7.929
909.2754 9.346 9.396 9.321 9.128 8.986 8.847 9.207 9.106 8.983 8.841 8.701 8.552 9.111 8.938 8.766 8.646 8.535 8.874 8.732 8.612 8.513 8.345 8.323 8.154 7.963
931.21 9.381 9.431 9.356 9.163 9.02 8.881 9.242 9.14 9.018 8.876 8.736 8.587 9.145 8.973 8.801 8.68 8.57 8.909 8.767 8.647 8.548 8.379 8.358 8.188 7.998
953.6737 9.416 9.465 9.39 9.197 9.055 8.916 9.277 9.175 9.053 8.911 8.77 8.622 9.18 9.007 8.836 8.715 8.604 8.944 8.801 8.681 8.582 8.414 8.392 8.223 8.033
976.6793 9.449 9.498 9.423 9.23 9.088 8.949 9.31 9.208 9.086 8.944 8.803 8.655 9.213 9.04 8.869 8.748 8.637 8.977 8.834 8.714 8.615 8.447 8.425 8.256 8.066
1000.2399 9.481 9.531 9.456 9.263 9.12 8.981 9.342 9.24 9.118 8.976 8.836 8.687 9.246 9.073 8.901 8.78 8.67 9.009 8.867 8.747 8.648 8.479 8.458 8.288 8.098
1024.3688 9.514 9.563 9.488 9.295 9.153 9.014 9.375 9.273 9.151 9.009 8.868 8.72 9.278 9.105 8.934 8.813 8.702 9.042 8.899 8.779 8.68 8.512 8.49 8.321 8.131
1049.0798 9.546 9.596 9.521 9.328 9.186 9.046 9.407 9.306 9.183 9.041 8.901 8.752 9.311 9.138 8.966 8.845 8.735 9.074 8.932 8.812 8.713 8.545 8.523 8.354 8.163
1074.3869 9.579 9.628 9.553 9.36 9.218 9.079 9.44 9.338 9.216 9.074 8.933 8.785 9.343 9.171 8.999 8.878 8.767 9.107 8.964 8.844 8.745 8.577 8.555 8.386 8.196
1100.3045 9.611 9.661 9.586 9.393 9.251 9.111 9.472 9.371 9.248 9.106 8.966 8.817 9.376 9.203 9.031 8.911 8.8 9.139 8.997 8.877 8.778 8.61 8.588 8.419 8.228
1126.8473 9.644 9.693 9.618 9.426 9.283 9.144 9.505 9.403 9.281 9.139 8.998 8.85 9.408 9.236 9.064 8.943 8.832 9.172 9.029 8.909 8.81 8.642 8.62 8.451 8.261
1154.0304 9.676 9.726 9.651 9.458 9.316 9.177 9.537 9.436 9.313 9.171 9.031 8.882 9.441 9.268 9.096 8.976 8.865 9.204 9.062 8.942 8.843 8.675 8.653 8.484 8.293
1181.8693 9.709 9.758 9.684 9.491 9.348 9.209 9.57 9.468 9.346 9.204 9.063 8.915 9.473 9.301 9.129 9.008 8.897 9.237 9.094 8.974 8.875 8.707 8.685 8.516 8.326
1210.3797 9.741 9.791 9.716 9.523 9.381 9.242 9.602 9.501 9.378 9.236 9.096 8.947 9.506 9.333 9.161 9.041 8.93 9.269 9.127 9.007 8.908 8.74 8.718 8.549 8.358
1239.5778 9.781 9.831 9.756 9.563 9.421 9.281 9.642 9.541 9.418 9.276 9.136 8.987 9.546 9.373 9.201 9.08 8.97 9.309 9.167 9.047 8.948 8.78 8.758 8.589 8.398
1269.4803 9.821 9.871 9.796 9.603 9.461 9.321 9.682 9.581 9.458 9.316 9.176 9.027 9.586 9.413 9.241 9.12 9.01 9.349 9.207 9.087 8.988 8.82 8.798 8.629 8.438
1300.1042 9.861 9.911 9.836 9.643 9.501 9.361 9.722 9.621 9.498 9.356 9.216 9.067 9.626 9.453 9.281 9.161 9.05 9.389 9.247 9.127 9.028 8.86 8.838 8.669 8.478
1331.4668 9.901 9.951 9.876 9.683 9.541 9.402 9.762 9.661 9.538 9.396 9.256 9.107 9.666 9.493 9.321 9.201 9.09 9.429 9.287 9.167 9.068 8.9 8.878 8.709 8.518
1363.586 9.941 9.991 9.916 9.723 9.581 9.442 9.802 9.701 9.578 9.436 9.296 9.147 9.706 9.533 9.361 9.241 9.13 9.469 9.327 9.207 9.108 8.94 8.918 8.749 8.558
1396.48 9.981 10.031 9.956 9.763 9.621 9.482 9.842 9.741 9.618 9.476 9.336 9.187 9.746 9.573 9.401 9.281 9.17 9.509 9.367 9.247 9.148 8.98 8.958 8.789 8.598
1430.1675 10.022 10.071 9.996 9.803 9.661 9.522 9.882 9.781 9.658 9.517 9.376 9.227 9.786 9.613 9.441 9.321 9.21 9.549 9.407 9.287 9.188 9.02 8.998 8.829 8.638
1464.6676 10.062 10.111 10.036 9.843 9.701 9.562 9.923 9.821 9.698 9.557 9.416 9.267 9.826 9.653 9.481 9.361 9.25 9.59 9.447 9.327 9.228 9.06 9.038 8.869 8.678
1500.0 10.102 10.151 10.076 9.883 9.741 9.602 9.963 9.861 9.738 9.597 9.456 9.308 9.866 9.693 9.521 9.401 9.29 9.63 9.487 9.367 9.268 9.1 9.078 8.909 8.719
