web/models/grb/offaxis/9/grb_0.2967_268.2696_0.0000100.dat
# %ECSV 1.0
# ---
# datatype:
# - {name: time, datatype: float64}
# - {name: swift_uvot_uvw2, datatype: float64}
# - {name: swift_uvot_uvm2, datatype: float64}
# - {name: swift_uvot_uvw1, datatype: float64}
# - {name: swift_uvot_U, datatype: float64}
# - {name: swift_uvot_B, datatype: float64}
# - {name: swift_uvot_V, datatype: float64}
# - {name: swift_uvot_W, datatype: float64}
# - {name: johnson_U, datatype: float64}
# - {name: johnson_B, datatype: float64}
# - {name: johnson_V, datatype: float64}
# - {name: johnson_R, datatype: float64}
# - {name: johnson_I, datatype: float64}
# - {name: sdss_u, datatype: float64}
# - {name: sdss_g, datatype: float64}
# - {name: sdss_r, datatype: float64}
# - {name: sdss_i, datatype: float64}
# - {name: sdss_z, datatype: float64}
# - {name: PS1_g, datatype: float64}
# - {name: PS1_r, datatype: float64}
# - {name: PS1_i, datatype: float64}
# - {name: PS1_z, datatype: float64}
# - {name: PS1_Y, datatype: float64}
# - {name: ukirt_J, datatype: float64}
# - {name: ukirt_H, datatype: float64}
# - {name: ukirt_K, datatype: float64}
# meta: !!omap
# - comment: [E = 0.11641960487160355, Eta0 = 8.02, GammaB = 12.0, dL = 0.012188, epsb = 6.760829753919819e-06, epse = 0.1, n = 1e-05,
#     p = 2.15, theta_obs = 0.29670597283903605, xiN = 1.0, z = 0.0, type = grb, E_kiso = 268.2695795279727]
# schema: astropy-2.0
time swift_uvot_uvw2 swift_uvot_uvm2 swift_uvot_uvw1 swift_uvot_U swift_uvot_B swift_uvot_V swift_uvot_W johnson_U johnson_B johnson_V johnson_R johnson_I sdss_u sdss_g sdss_r sdss_i sdss_z PS1_g PS1_r PS1_i PS1_z PS1_Y ukirt_J ukirt_H ukirt_K
[from data line 339]
32.3139 2.25 2.299 2.224 2.031 1.889 1.75 2.111 2.009 1.887 1.745 1.604 1.456 2.014 1.841 1.67 1.549 1.438 1.778 1.635 1.515 1.416 1.248 1.226 1.057 0.867
33.0935 2.237 2.287 2.212 2.019 1.876 1.737 2.098 1.996 1.874 1.732 1.592 1.443 2.001 1.829 1.657 1.536 1.426 1.765 1.623 1.503 1.404 1.235 1.214 1.044 0.854
33.8918 2.225 2.274 2.199 2.006 1.864 1.725 2.086 1.984 1.862 1.72 1.579 1.431 1.989 1.816 1.645 1.524 1.413 1.753 1.61 1.49 1.391 1.223 1.201 1.032 0.842
34.7093 2.212 2.262 2.187 1.994 1.851 1.712 2.073 1.971 1.849 1.707 1.567 1.418 1.976 1.804 1.632 1.511 1.401 1.74 1.598 1.478 1.379 1.21 1.189 1.019 0.829
35.5466 2.2 2.249 2.174 1.981 1.839 1.7 2.061 1.959 1.836 1.695 1.554 1.406 1.964 1.791 1.62 1.499 1.388 1.728 1.585 1.465 1.366 1.198 1.176 1.007 0.817
36.4041 2.187 2.237 2.162 1.969 1.826 1.687 2.048 1.946 1.824 1.682 1.542 1.393 1.951 1.779 1.607 1.486 1.376 1.715 1.573 1.453 1.354 1.185 1.164 0.994 0.804
37.2823 2.175 2.224 2.149 1.956 1.814 1.675 2.036 1.934 1.811 1.67 1.529 1.381 1.939 1.766 1.594 1.474 1.363 1.703 1.56 1.44 1.341 1.173 1.151 0.982 0.792
38.1817 2.162 2.212 2.137 1.944 1.801 1.662 2.023 1.921 1.799 1.657 1.517 1.368 1.926 1.754 1.582 1.461 1.351 1.69 1.547 1.428 1.329 1.16 1.139 0.969 0.779
39.1028 2.15 2.199 2.124 1.931 1.789 1.65 2.011 1.909 1.786 1.645 1.504 1.355 1.914 1.741 1.569 1.449 1.338 1.678 1.535 1.415 1.316 1.148 1.126 0.957 0.766
40.046 2.138 2.188 2.113 1.92 1.777 1.638 1.999 1.898 1.775 1.633 1.493 1.344 1.903 1.73 1.558 1.437 1.327 1.666 1.524 1.404 1.305 1.137 1.115 0.945 0.755
41.0121 2.131 2.18 2.106 1.913 1.77 1.631 1.992 1.89 1.768 1.626 1.486 1.337 1.895 1.723 1.551 1.43 1.32 1.659 1.516 1.397 1.298 1.129 1.108 0.938 0.748
42.0014 2.124 2.173 2.098 1.905 1.763 1.624 1.985 1.883 1.761 1.619 1.478 1.33 1.888 1.716 1.544 1.423 1.312 1.652 1.509 1.389 1.29 1.122 1.1 0.931 0.741
43.0146 2.117 2.166 2.091 1.898 1.756 1.617 1.978 1.876 1.753 1.612 1.471 1.323 1.881 1.708 1.536 1.416 1.305 1.645 1.502 1.382 1.283 1.115 1.093 0.924 0.734
44.0523 2.109 2.159 2.084 1.891 1.749 1.61 1.97 1.869 1.746 1.604 1.464 1.315 1.874 1.701 1.529 1.409 1.298 1.637 1.495 1.375 1.276 1.108 1.086 0.917 0.726
45.1149 2.102 2.152 2.077 1.884 1.741 1.602 1.963 1.861 1.739 1.597 1.457 1.308 1.866 1.694 1.522 1.401 1.291 1.63 1.488 1.368 1.269 1.1 1.079 0.909 0.719
46.2033 2.095 2.144 2.07 1.877 1.734 1.595 1.956 1.854 1.732 1.59 1.449 1.301 1.859 1.687 1.515 1.394 1.283 1.623 1.48 1.361 1.262 1.093 1.072 0.902 0.712
47.3178 2.088 2.137 2.062 1.869 1.727 1.588 1.949 1.847 1.725 1.583 1.442 1.294 1.852 1.679 1.508 1.387 1.276 1.616 1.473 1.353 1.254 1.086 1.064 0.895 0.705
48.4593 2.081 2.13 2.055 1.862 1.72 1.581 1.941 1.84 1.717 1.576 1.435 1.286 1.845 1.672 1.5 1.38 1.269 1.608 1.466 1.346 1.247 1.079 1.057 0.888 0.697
49.6283 2.073 2.123 2.048 1.855 1.713 1.573 1.934 1.833 1.71 1.568 1.428 1.279 1.838 1.665 1.493 1.372 1.262 1.601 1.459 1.339 1.24 1.072 1.05 0.881 0.69
50.8255 2.064 2.114 2.039 1.846 1.704 1.564 1.925 1.824 1.701 1.559 1.419 1.27 1.829 1.656 1.484 1.363 1.253 1.592 1.45 1.33 1.231 1.063 1.041 0.872 0.681
52.0515 2.052 2.101 2.027 1.834 1.691 1.552 1.913 1.811 1.689 1.547 1.407 1.258 1.816 1.644 1.472 1.351 1.241 1.58 1.437 1.318 1.219 1.05 1.029 0.859 0.669
53.3072 2.04 2.089 2.014 1.821 1.679 1.54 1.901 1.799 1.677 1.535 1.394 1.246 1.804 1.631 1.46 1.339 1.228 1.568 1.425 1.305 1.206 1.038 1.016 0.847 0.657
54.5931 2.028 2.077 2.002 1.809 1.667 1.528 1.888 1.787 1.664 1.522 1.382 1.233 1.792 1.619 1.447 1.327 1.216 1.555 1.413 1.293 1.194 1.026 1.004 0.835 0.644
55.9101 2.015 2.065 1.99 1.797 1.655 1.515 1.876 1.775 1.652 1.51 1.37 1.221 1.78 1.607 1.435 1.314 1.204 1.543 1.401 1.281 1.182 1.014 0.992 0.823 0.632
57.2588 2.003 2.052 1.978 1.785 1.642 1.503 1.864 1.762 1.64 1.498 1.358 1.209 1.767 1.595 1.423 1.302 1.192 1.531 1.388 1.269 1.17 1.001 0.98 0.81 0.62
58.6401 1.991 2.04 1.965 1.772 1.63 1.491 1.852 1.75 1.628 1.486 1.345 1.197 1.755 1.582 1.411 1.29 1.179 1.519 1.376 1.256 1.157 0.989 0.967 0.798 0.608
60.0546 1.979 2.028 1.953 1.76 1.618 1.479 1.839 1.738 1.615 1.473 1.333 1.184 1.743 1.57 1.398 1.278 1.167 1.506 1.364 1.244 1.145 0.977 0.955 0.786 0.595
61.5034 1.966 2.016 1.941 1.748 1.606 1.466 1.827 1.726 1.603 1.461 1.321 1.172 1.731 1.558 1.386 1.265 1.155 1.494 1.352 1.232 1.133 0.965 0.943 0.774 0.583
62.987 1.954 2.003 1.929 1.736 1.593 1.454 1.815 1.713 1.591 1.449 1.309 1.16 1.718 1.546 1.374 1.253 1.143 1.482 1.339 1.22 1.121 0.952 0.931 0.761 0.571
64.5065 1.944 1.994 1.919 1.726 1.584 1.445 1.805 1.704 1.581 1.439 1.299 1.15 1.709 1.536 1.364 1.244 1.133 1.472 1.33 1.21 1.111 0.943 0.921 0.752 0.561
66.0626 1.937 1.987 1.912 1.719 1.577 1.437 1.798 1.697 1.574 1.432 1.292 1.143 1.702 1.529 1.357 1.236 1.126 1.465 1.323 1.203 1.104 0.936 0.914 0.745 0.554
67.6562 1.93 1.98 1.905 1.712 1.569 1.43 1.791 1.689 1.567 1.425 1.285 1.136 1.694 1.522 1.35 1.229 1.119 1.458 1.316 1.196 1.097 0.928 0.907 0.737 0.547
69.2883 1.923 1.972 1.898 1.705 1.562 1.423 1.784 1.682 1.56 1.418 1.278 1.129 1.687 1.515 1.343 1.222 1.112 1.451 1.308 1.189 1.09 0.921 0.9 0.73 0.54
70.9597 1.916 1.965 1.891 1.698 1.555 1.416 1.777 1.675 1.553 1.411 1.27 1.122 1.68 1.508 1.336 1.215 1.104 1.444 1.301 1.181 1.082 0.914 0.892 0.723 0.533
72.6715 1.909 1.958 1.883 1.69 1.548 1.409 1.77 1.668 1.546 1.404 1.263 1.115 1.673 1.501 1.329 1.208 1.097 1.437 1.294 1.174 1.075 0.907 0.885 0.716 0.526
74.4246 1.902 1.951 1.876 1.683 1.541 1.402 1.763 1.661 1.539 1.397 1.256 1.108 1.666 1.493 1.322 1.201 1.09 1.43 1.287 1.167 1.068 0.9 0.878 0.709 0.519
76.2199 1.895 1.944 1.869 1.676 1.534 1.395 1.755 1.654 1.531 1.39 1.249 1.1 1.659 1.486 1.314 1.194 1.083 1.423 1.28 1.16 1.061 0.893 0.871 0.702 0.511
78.0586 1.887 1.937 1.862 1.669 1.527 1.388 1.748 1.647 1.524 1.382 1.242 1.093 1.652 1.479 1.307 1.187 1.076 1.415 1.273 1.153 1.054 0.886 0.864 0.695 0.504
79.9416 1.88 1.93 1.855 1.662 1.52 1.38 1.741 1.64 1.517 1.375 1.235 1.086 1.645 1.472 1.3 1.179 1.069 1.408 1.266 1.146 1.047 0.879 0.857 0.688 0.497
81.87 1.876 1.926 1.851 1.658 1.515 1.376 1.737 1.635 1.513 1.371 1.231 1.082 1.64 1.468 1.296 1.175 1.065 1.404 1.262 1.142 1.043 0.874 0.853 0.683 0.493
83.845 1.874 1.923 1.848 1.655 1.513 1.374 1.735 1.633 1.51 1.369 1.228 1.08 1.638 1.465 1.293 1.173 1.062 1.402 1.259 1.139 1.04 0.872 0.85 0.681 0.491
85.8676 1.871 1.921 1.846 1.653 1.51 1.371 1.732 1.63 1.508 1.366 1.226 1.077 1.635 1.463 1.291 1.17 1.06 1.399 1.256 1.137 1.038 0.869 0.848 0.678 0.488
87.939 1.869 1.918 1.843 1.65 1.508 1.369 1.729 1.628 1.505 1.363 1.223 1.074 1.633 1.46 1.288 1.168 1.057 1.396 1.254 1.134 1.035 0.867 0.845 0.676 0.485
90.0604 1.866 1.915 1.841 1.648 1.505 1.366 1.727 1.625 1.503 1.361 1.22 1.072 1.63 1.458 1.286 1.165 1.054 1.394 1.251 1.132 1.032 0.864 0.843 0.673 0.483
92.2329 1.863 1.913 1.838 1.645 1.503 1.364 1.724 1.623 1.5 1.358 1.218 1.069 1.628 1.455 1.283 1.163 1.052 1.391 1.249 1.129 1.03 0.862 0.84 0.671 0.48
94.4579 1.861 1.91 1.835 1.643 1.5 1.361 1.722 1.62 1.498 1.356 1.215 1.067 1.625 1.453 1.281 1.16 1.049 1.389 1.246 1.126 1.027 0.859 0.837 0.668 0.478
96.7365 1.858 1.908 1.833 1.64 1.498 1.358 1.719 1.618 1.495 1.353 1.213 1.064 1.623 1.45 1.278 1.157 1.047 1.386 1.244 1.124 1.025 0.857 0.835 0.666 0.475
99.0701 1.856 1.905 1.83 1.637 1.495 1.356 1.717 1.615 1.493 1.351 1.21 1.062 1.62 1.447 1.276 1.155 1.044 1.384 1.241 1.121 1.022 0.854 0.832 0.663 0.473
101.4599 1.853 1.903 1.828 1.635 1.492 1.353 1.714 1.612 1.49 1.348 1.208 1.059 1.617 1.445 1.273 1.152 1.042 1.381 1.239 1.119 1.02 0.851 0.83 0.66 0.47
103.9075 1.829 1.878 1.803 1.61 1.468 1.329 1.69 1.588 1.466 1.324 1.183 1.035 1.593 1.421 1.249 1.128 1.017 1.357 1.214 1.094 0.995 0.827 0.805 0.636 0.446
106.4141 1.799 1.848 1.773 1.581 1.438 1.299 1.66 1.558 1.436 1.294 1.153 1.005 1.563 1.391 1.219 1.098 0.987 1.327 1.184 1.064 0.965 0.797 0.775 0.606 0.416
108.9811 1.769 1.818 1.744 1.551 1.408 1.269 1.63 1.528 1.406 1.264 1.123 0.975 1.533 1.361 1.189 1.068 0.957 1.297 1.154 1.034 0.935 0.767 0.746 0.576 0.386
111.6101 1.739 1.788 1.714 1.521 1.378 1.239 1.6 1.498 1.376 1.234 1.093 0.945 1.503 1.331 1.159 1.038 0.928 1.267 1.124 1.005 0.906 0.737 0.716 0.546 0.356
114.3025 1.709 1.758 1.684 1.491 1.348 1.209 1.57 1.468 1.346 1.204 1.064 0.915 1.473 1.301 1.129 1.008 0.898 1.237 1.094 0.975 0.876 0.707 0.686 0.516 0.326
117.0598 1.679 1.729 1.654 1.461 1.318 1.179 1.54 1.438 1.316 1.174 1.034 0.885 1.443 1.271 1.099 0.978 0.868 1.207 1.064 0.945 0.846 0.677 0.656 0.486 0.296
119.8836 1.649 1.699 1.624 1.431 1.288 1.149 1.51 1.408 1.286 1.144 1.004 0.855 1.413 1.241 1.069 0.948 0.838 1.177 1.035 0.915 0.816 0.647 0.626 0.456 0.266
122.7756 1.619 1.669 1.594 1.401 1.258 1.119 1.48 1.378 1.256 1.114 0.974 0.825 1.383 1.211 1.039 0.918 0.808 1.147 1.005 0.885 0.786 0.617 0.596 0.426 0.236
125.7373 1.589 1.639 1.564 1.371 1.228 1.089 1.45 1.349 1.226 1.084 0.944 0.795 1.354 1.181 1.009 0.888 0.778 1.117 0.975 0.855 0.756 0.588 0.566 0.396 0.206
128.7705 1.559 1.609 1.534 1.341 1.199 1.059 1.42 1.319 1.196 1.054 0.914 0.765 1.324 1.151 0.979 0.858 0.748 1.087 0.945 0.825 0.726 0.558 0.536 0.367 0.176
131.8769 1.558 1.607 1.533 1.34 1.197 1.058 1.419 1.317 1.195 1.053 0.912 0.764 1.322 1.15 0.978 0.857 0.747 1.086 0.943 0.824 0.725 0.556 0.535 0.365 0.175
135.0582 1.559 1.608 1.533 1.34 1.198 1.059 1.419 1.318 1.195 1.053 0.913 0.764 1.323 1.15 0.978 0.858 0.747 1.086 0.944 0.824 0.725 0.557 0.535 0.366 0.175
138.3162 1.559 1.609 1.534 1.341 1.198 1.059 1.42 1.318 1.196 1.054 0.914 0.765 1.323 1.151 0.979 0.858 0.748 1.087 0.944 0.825 0.726 0.557 0.536 0.366 0.176
141.6528 1.56 1.609 1.534 1.341 1.199 1.06 1.421 1.319 1.196 1.055 0.914 0.766 1.324 1.151 0.979 0.859 0.748 1.088 0.945 0.825 0.726 0.558 0.536 0.367 0.176
145.0699 1.56 1.61 1.535 1.342 1.199 1.06 1.421 1.319 1.197 1.055 0.915 0.766 1.324 1.152 0.98 0.859 0.749 1.088 0.946 0.826 0.727 0.558 0.537 0.367 0.177
148.5695 1.561 1.61 1.535 1.342 1.2 1.061 1.422 1.32 1.198 1.056 0.915 0.767 1.325 1.152 0.981 0.86 0.749 1.089 0.946 0.826 0.727 0.559 0.537 0.368 0.178
152.1534 1.561 1.611 1.536 1.343 1.2 1.061 1.422 1.32 1.198 1.056 0.916 0.767 1.326 1.153 0.981 0.86 0.75 1.089 0.947 0.827 0.728 0.56 0.538 0.368 0.178
155.8238 1.562 1.611 1.536 1.343 1.201 1.062 1.423 1.321 1.199 1.057 0.916 0.768 1.326 1.153 0.982 0.861 0.75 1.09 0.947 0.827 0.728 0.56 0.538 0.369 0.179
159.5828 1.562 1.612 1.537 1.344 1.202 1.062 1.423 1.322 1.199 1.057 0.917 0.768 1.327 1.154 0.982 0.861 0.751 1.09 0.948 0.828 0.729 0.561 0.539 0.37 0.179
163.4324 1.563 1.612 1.538 1.345 1.202 1.063 1.424 1.322 1.2 1.058 0.917 0.769 1.327 1.155 0.983 0.862 0.752 1.091 0.948 0.829 0.73 0.561 0.54 0.37 0.18
167.375 1.565 1.615 1.54 1.347 1.205 1.065 1.426 1.325 1.202 1.06 0.92 0.771 1.33 1.157 0.985 0.865 0.754 1.093 0.951 0.831 0.732 0.564 0.542 0.373 0.182
171.4126 1.568 1.617 1.542 1.349 1.207 1.068 1.429 1.327 1.205 1.063 0.922 0.774 1.332 1.159 0.988 0.867 0.756 1.096 0.953 0.833 0.734 0.566 0.544 0.375 0.185
175.5476 1.57 1.619 1.545 1.352 1.209 1.07 1.431 1.329 1.207 1.065 0.925 0.776 1.334 1.162 0.99 0.869 0.759 1.098 0.955 0.836 0.737 0.568 0.547 0.377 0.187
179.7823 1.572 1.622 1.547 1.354 1.212 1.072 1.433 1.332 1.209 1.067 0.927 0.778 1.337 1.164 0.992 0.872 0.761 1.1 0.958 0.838 0.739 0.571 0.549 0.38 0.189
184.1193 1.575 1.624 1.549 1.356 1.214 1.075 1.436 1.334 1.212 1.07 0.929 0.781 1.339 1.166 0.995 0.874 0.763 1.103 0.96 0.84 0.741 0.573 0.551 0.382 0.192
188.5608 1.577 1.627 1.552 1.359 1.216 1.077 1.438 1.336 1.214 1.072 0.932 0.783 1.341 1.169 0.997 0.876 0.766 1.105 0.962 0.843 0.744 0.575 0.554 0.384 0.194
193.1095 1.579 1.629 1.554 1.361 1.219 1.08 1.44 1.339 1.216 1.074 0.934 0.785 1.344 1.171 0.999 0.879 0.768 1.107 0.965 0.845 0.746 0.578 0.556 0.387 0.196
197.7679 1.582 1.631 1.556 1.363 1.221 1.082 1.443 1.341 1.219 1.077 0.936 0.788 1.346 1.173 1.002 0.881 0.77 1.11 0.967 0.847 0.748 0.58 0.558 0.389 0.199
202.5387 1.584 1.634 1.559 1.366 1.223 1.084 1.445 1.343 1.221 1.079 0.939 0.79 1.348 1.176 1.004 0.883 0.773 1.112 0.969 0.85 0.751 0.582 0.561 0.391 0.201
207.4245 1.586 1.635 1.56 1.367 1.225 1.086 1.446 1.345 1.222 1.08 0.94 0.791 1.35 1.177 1.005 0.885 0.774 1.113 0.971 0.851 0.752 0.584 0.562 0.393 0.202
212.4283 1.584 1.633 1.558 1.365 1.223 1.084 1.445 1.343 1.221 1.079 0.938 0.79 1.348 1.176 1.004 0.883 0.772 1.112 0.969 0.849 0.75 0.582 0.56 0.391 0.201
217.5527 1.582 1.632 1.557 1.364 1.221 1.082 1.443 1.341 1.219 1.077 0.937 0.788 1.346 1.174 1.002 0.881 0.771 1.11 0.967 0.848 0.749 0.58 0.559 0.389 0.199
222.8008 1.58 1.63 1.555 1.362 1.22 1.08 1.441 1.34 1.217 1.075 0.935 0.786 1.345 1.172 1.0 0.88 0.769 1.108 0.966 0.846 0.747 0.579 0.557 0.388 0.197
228.1754 1.579 1.628 1.553 1.36 1.218 1.079 1.44 1.338 1.215 1.074 0.933 0.785 1.343 1.17 0.999 0.878 0.767 1.107 0.964 0.844 0.745 0.577 0.555 0.386 0.196
233.6797 1.577 1.626 1.552 1.359 1.216 1.077 1.438 1.336 1.214 1.072 0.931 0.783 1.341 1.169 0.997 0.876 0.765 1.105 0.962 0.842 0.743 0.575 0.553 0.384 0.194
239.3168 1.575 1.625 1.55 1.357 1.214 1.075 1.436 1.334 1.212 1.07 0.93 0.781 1.339 1.167 0.995 0.874 0.764 1.103 0.961 0.841 0.742 0.573 0.552 0.382 0.192
245.0899 1.573 1.623 1.548 1.355 1.213 1.074 1.434 1.333 1.21 1.068 0.928 0.779 1.338 1.165 0.993 0.873 0.762 1.101 0.959 0.839 0.74 0.572 0.55 0.381 0.19
251.0022 1.572 1.621 1.546 1.353 1.211 1.072 1.433 1.331 1.209 1.067 0.926 0.778 1.336 1.163 0.992 0.871 0.76 1.1 0.957 0.837 0.738 0.57 0.548 0.379 0.189
257.0572 1.57 1.619 1.545 1.352 1.209 1.07 1.431 1.329 1.207 1.065 0.925 0.776 1.334 1.162 0.99 0.869 0.759 1.098 0.955 0.836 0.737 0.568 0.547 0.377 0.187
263.2582 1.583 1.633 1.558 1.365 1.223 1.084 1.444 1.343 1.22 1.078 0.938 0.789 1.348 1.175 1.003 0.883 0.772 1.111 0.969 0.849 0.75 0.582 0.56 0.391 0.2
269.6088 1.623 1.672 1.597 1.404 1.262 1.123 1.484 1.382 1.26 1.118 0.977 0.829 1.387 1.214 1.043 0.922 0.811 1.151 1.008 0.888 0.789 0.621 0.599 0.43 0.24
276.1126 1.662 1.712 1.637 1.444 1.301 1.162 1.523 1.421 1.299 1.157 1.017 0.868 1.426 1.254 1.082 0.961 0.851 1.19 1.047 0.928 0.829 0.66 0.639 0.469 0.279
282.7734 1.701 1.751 1.676 1.483 1.341 1.202 1.562 1.461 1.338 1.196 1.056 0.907 1.466 1.293 1.121 1.001 0.89 1.229 1.087 0.967 0.868 0.7 0.678 0.509 0.318
289.5947 1.741 1.79 1.715 1.522 1.38 1.241 1.602 1.5 1.378 1.236 1.095 0.947 1.505 1.332 1.161 1.04 0.929 1.269 1.126 1.006 0.907 0.739 0.717 0.548 0.358
296.5807 1.78 1.829 1.755 1.562 1.419 1.28 1.641 1.539 1.417 1.275 1.135 0.986 1.544 1.372 1.2 1.079 0.969 1.308 1.165 1.046 0.947 0.778 0.757 0.587 0.397
303.7351 1.819 1.869 1.794 1.601 1.459 1.319 1.68 1.579 1.456 1.314 1.174 1.025 1.584 1.411 1.239 1.119 1.008 1.347 1.205 1.085 0.986 0.818 0.796 0.627 0.436
311.0622 1.859 1.908 1.833 1.64 1.498 1.359 1.72 1.618 1.496 1.354 1.213 1.065 1.623 1.45 1.279 1.158 1.047 1.387 1.244 1.124 1.025 0.857 0.835 0.666 0.476
318.566 1.898 1.947 1.873 1.68 1.537 1.398 1.759 1.657 1.535 1.393 1.252 1.104 1.662 1.49 1.318 1.197 1.087 1.426 1.283 1.164 1.065 0.896 0.875 0.705 0.515
326.2508 1.937 1.987 1.912 1.719 1.577 1.437 1.798 1.697 1.574 1.432 1.292 1.143 1.702 1.529 1.357 1.236 1.126 1.465 1.323 1.203 1.104 0.936 0.914 0.745 0.554
334.121 1.989 2.038 1.963 1.77 1.628 1.489 1.85 1.748 1.625 1.484 1.343 1.195 1.753 1.58 1.408 1.288 1.177 1.517 1.374 1.254 1.155 0.987 0.965 0.796 0.605
342.181 2.051 2.101 2.026 1.833 1.691 1.551 1.912 1.811 1.688 1.546 1.406 1.257 1.816 1.643 1.471 1.35 1.24 1.579 1.437 1.317 1.218 1.05 1.028 0.859 0.668
350.4355 2.114 2.163 2.089 1.896 1.753 1.614 1.975 1.873 1.751 1.609 1.468 1.32 1.878 1.706 1.534 1.413 1.302 1.642 1.499 1.38 1.28 1.112 1.091 0.921 0.731
