web/models/grb/offaxis/9/grb_0.2967_0.0720_0.0251189.dat
# %ECSV 1.0
# ---
# datatype:
# - {name: time, datatype: float64}
# - {name: swift_uvot_uvw2, datatype: float64}
# - {name: swift_uvot_uvm2, datatype: float64}
# - {name: swift_uvot_uvw1, datatype: float64}
# - {name: swift_uvot_U, datatype: float64}
# - {name: swift_uvot_B, datatype: float64}
# - {name: swift_uvot_V, datatype: float64}
# - {name: swift_uvot_W, datatype: float64}
# - {name: johnson_U, datatype: float64}
# - {name: johnson_B, datatype: float64}
# - {name: johnson_V, datatype: float64}
# - {name: johnson_R, datatype: float64}
# - {name: johnson_I, datatype: float64}
# - {name: sdss_u, datatype: float64}
# - {name: sdss_g, datatype: float64}
# - {name: sdss_r, datatype: float64}
# - {name: sdss_i, datatype: float64}
# - {name: sdss_z, datatype: float64}
# - {name: PS1_g, datatype: float64}
# - {name: PS1_r, datatype: float64}
# - {name: PS1_i, datatype: float64}
# - {name: PS1_z, datatype: float64}
# - {name: PS1_Y, datatype: float64}
# - {name: ukirt_J, datatype: float64}
# - {name: ukirt_H, datatype: float64}
# - {name: ukirt_K, datatype: float64}
# meta: !!omap
# - comment: [E = 3.1231838447717776e-05, Eta0 = 8.02, GammaB = 12.0, dL = 0.012188, epsb = 6.760829753919819e-06, epse = 0.1, n = 0.025118864315095822,
#     p = 2.15, theta_obs = 0.29670597283903605, xiN = 1.0, z = 0.0, type = grb, E_kiso = 0.07196856730011521]
# schema: astropy-2.0
time swift_uvot_uvw2 swift_uvot_uvm2 swift_uvot_uvw1 swift_uvot_U swift_uvot_B swift_uvot_V swift_uvot_W johnson_U johnson_B johnson_V johnson_R johnson_I sdss_u sdss_g sdss_r sdss_i sdss_z PS1_g PS1_r PS1_i PS1_z PS1_Y ukirt_J ukirt_H ukirt_K
[from data line 492]
1239.5778 49.659 49.708 49.633 49.44 49.298 49.159 49.519 49.418 49.295 49.154 49.013 48.864 49.423 49.25 49.078 48.958 48.847 49.187 49.044 48.924 48.825 48.657 48.635 48.466 48.275
1269.4803 49.972 50.022 49.947 49.754 49.611 49.472 49.833 49.731 49.609 49.467 49.327 49.178 49.736 49.564 49.392 49.271 49.161 49.5 49.358 49.238 49.139 48.97 48.949 48.779 48.589
1300.1042 50.286 50.335 50.26 50.067 49.925 49.786 50.147 50.045 49.923 49.781 49.64 49.492 50.05 49.877 49.706 49.585 49.474 49.814 49.671 49.551 49.452 49.284 49.262 49.093 48.903
1331.4668 50.599 50.649 50.574 50.381 50.238 50.099 50.46 50.359 50.236 50.094 49.954 49.805 50.364 50.191 50.019 49.898 49.788 50.127 49.985 49.865 49.766 49.598 49.576 49.406 49.216
1363.586 50.913 50.962 50.887 50.694 50.552 50.413 50.774 50.672 50.55 50.408 50.267 50.119 50.677 50.505 50.333 50.212 50.101 50.441 50.298 50.178 50.079 49.911 49.889 49.72 49.53
1396.48 51.226 51.276 51.201 51.008 50.866 50.726 51.087 50.986 50.863 50.721 50.581 50.432 50.991 50.818 50.646 50.526 50.415 50.754 50.612 50.492 50.393 50.225 50.203 50.034 49.843
1430.1675 51.54 51.589 51.515 51.322 51.179 51.04 51.401 51.299 51.177 51.035 50.894 50.746 51.304 51.132 50.96 50.839 50.728 51.068 50.925 50.806 50.706 50.538 50.517 50.347 50.157
1464.6676 51.854 51.903 51.828 51.635 51.493 51.354 51.714 51.613 51.49 51.348 51.208 51.059 51.618 51.445 51.273 51.153 51.042 51.381 51.239 51.119 51.02 50.852 50.83 50.661 50.47
1500.0 52.167 52.217 52.142 51.949 51.806 51.667 52.028 51.926 51.804 51.662 51.522 51.373 51.931 51.759 51.587 51.466 51.356 51.695 51.552 51.433 51.334 51.165 51.144 50.974 50.784
