web/models/grb/offaxis/9/grb_0.2967_100.0000_0.0000025.dat
# %ECSV 1.0
# ---
# datatype:
# - {name: time, datatype: float64}
# - {name: swift_uvot_uvw2, datatype: float64}
# - {name: swift_uvot_uvm2, datatype: float64}
# - {name: swift_uvot_uvw1, datatype: float64}
# - {name: swift_uvot_U, datatype: float64}
# - {name: swift_uvot_B, datatype: float64}
# - {name: swift_uvot_V, datatype: float64}
# - {name: swift_uvot_W, datatype: float64}
# - {name: johnson_U, datatype: float64}
# - {name: johnson_B, datatype: float64}
# - {name: johnson_V, datatype: float64}
# - {name: johnson_R, datatype: float64}
# - {name: johnson_I, datatype: float64}
# - {name: sdss_u, datatype: float64}
# - {name: sdss_g, datatype: float64}
# - {name: sdss_r, datatype: float64}
# - {name: sdss_i, datatype: float64}
# - {name: sdss_z, datatype: float64}
# - {name: PS1_g, datatype: float64}
# - {name: PS1_r, datatype: float64}
# - {name: PS1_i, datatype: float64}
# - {name: PS1_z, datatype: float64}
# - {name: PS1_Y, datatype: float64}
# - {name: ukirt_J, datatype: float64}
# - {name: ukirt_H, datatype: float64}
# - {name: ukirt_K, datatype: float64}
# meta: !!omap
# - comment: [E = 0.043396498804093575, Eta0 = 8.02, GammaB = 12.0, dL = 0.012188, epsb = 6.760829753919819e-06, epse = 0.1, n = 2.5118864315095823e-06,
#     p = 2.15, theta_obs = 0.29670597283903605, xiN = 1.0, z = 0.0, type = grb, E_kiso = 100.0]
# schema: astropy-2.0
time swift_uvot_uvw2 swift_uvot_uvm2 swift_uvot_uvw1 swift_uvot_U swift_uvot_B swift_uvot_V swift_uvot_W johnson_U johnson_B johnson_V johnson_R johnson_I sdss_u sdss_g sdss_r sdss_i sdss_z PS1_g PS1_r PS1_i PS1_z PS1_Y ukirt_J ukirt_H ukirt_K
[from data line 339]
32.3139 4.587 4.637 4.562 4.369 4.227 4.088 4.448 4.347 4.224 4.082 3.942 3.793 4.352 4.179 4.007 3.887 3.776 4.115 3.973 3.853 3.754 3.586 3.564 3.395 3.204
33.0935 4.571 4.621 4.546 4.353 4.211 4.071 4.432 4.331 4.208 4.066 3.926 3.777 4.336 4.163 3.991 3.87 3.76 4.099 3.957 3.837 3.738 3.57 3.548 3.379 3.188
33.8918 4.555 4.605 4.53 4.337 4.194 4.055 4.416 4.314 4.192 4.05 3.91 3.761 4.319 4.147 3.975 3.854 3.744 4.083 3.941 3.821 3.722 3.553 3.532 3.362 3.172
34.7093 4.539 4.589 4.514 4.321 4.178 4.039 4.4 4.298 4.176 4.034 3.894 3.745 4.303 4.131 3.959 3.838 3.728 4.067 3.924 3.805 3.706 3.537 3.516 3.346 3.156
35.5466 4.523 4.572 4.498 4.305 4.162 4.023 4.384 4.282 4.16 4.018 3.877 3.729 4.287 4.115 3.943 3.822 3.712 4.051 3.908 3.789 3.69 3.521 3.5 3.33 3.14
36.4041 4.509 4.558 4.484 4.291 4.148 4.009 4.37 4.268 4.146 4.004 3.863 3.715 4.273 4.101 3.929 3.808 3.697 4.037 3.894 3.774 3.675 3.507 3.485 3.316 3.126
37.2823 4.496 4.546 4.471 4.278 4.136 3.997 4.357 4.256 4.133 3.991 3.851 3.702 4.261 4.088 3.916 3.796 3.685 4.024 3.882 3.762 3.663 3.495 3.473 3.304 3.113
38.1817 4.484 4.533 4.458 4.266 4.123 3.984 4.345 4.243 4.121 3.979 3.838 3.69 4.248 4.076 3.904 3.783 3.672 4.012 3.869 3.749 3.65 3.482 3.46 3.291 3.101
39.1028 4.471 4.521 4.446 4.253 4.111 3.971 4.332 4.231 4.108 3.966 3.826 3.677 4.236 4.063 3.891 3.771 3.66 3.999 3.857 3.737 3.638 3.47 3.448 3.279 3.088
40.046 4.459 4.508 4.433 4.24 4.098 3.959 4.32 4.218 4.096 3.954 3.813 3.665 4.223 4.051 3.879 3.758 3.647 3.987 3.844 3.724 3.625 3.457 3.435 3.266 3.076
41.0121 4.446 4.496 4.421 4.228 4.086 3.946 4.307 4.206 4.083 3.941 3.801 3.652 4.211 4.038 3.866 3.745 3.635 3.974 3.832 3.712 3.613 3.445 3.423 3.254 3.063
42.0014 4.434 4.483 4.408 4.215 4.073 3.934 4.295 4.193 4.071 3.929 3.788 3.64 4.198 4.026 3.854 3.733 3.622 3.962 3.819 3.699 3.6 3.432 3.41 3.241 3.051
43.0146 4.421 4.471 4.396 4.203 4.061 3.921 4.282 4.181 4.058 3.916 3.776 3.627 4.186 4.013 3.841 3.72 3.61 3.949 3.807 3.687 3.588 3.42 3.398 3.229 3.038
44.0523 4.409 4.458 4.383 4.19 4.048 3.909 4.27 4.168 4.046 3.904 3.763 3.615 4.173 4.0 3.829 3.708 3.597 3.937 3.794 3.674 3.575 3.407 3.385 3.216 3.026
45.1149 4.396 4.446 4.371 4.178 4.035 3.896 4.257 4.156 4.033 3.891 3.751 3.602 4.161 3.988 3.816 3.695 3.585 3.924 3.782 3.662 3.563 3.395 3.373 3.203 3.013
46.2033 4.387 4.437 4.362 4.169 4.027 3.888 4.248 4.147 4.024 3.882 3.742 3.593 4.152 3.979 3.807 3.687 3.576 3.915 3.773 3.653 3.554 3.386 3.364 3.195 3.004
47.3178 4.38 4.43 4.355 4.162 4.019 3.88 4.241 4.14 4.017 3.875 3.735 3.586 4.145 3.972 3.8 3.679 3.569 3.908 3.766 3.646 3.547 3.379 3.357 3.187 2.997
48.4593 4.373 4.422 4.348 4.155 4.012 3.873 4.234 4.132 4.01 3.868 3.728 3.579 4.137 3.965 3.793 3.672 3.562 3.901 3.758 3.639 3.54 3.371 3.35 3.18 2.99
49.6283 4.366 4.415 4.34 4.147 4.005 3.866 4.227 4.125 4.003 3.861 3.72 3.572 4.13 3.958 3.786 3.665 3.554 3.894 3.751 3.631 3.532 3.364 3.342 3.173 2.983
50.8255 4.359 4.408 4.333 4.14 3.998 3.859 4.22 4.118 3.995 3.854 3.713 3.565 4.123 3.95 3.778 3.658 3.547 3.887 3.744 3.624 3.525 3.357 3.335 3.166 2.976
52.0515 4.351 4.401 4.326 4.133 3.991 3.852 4.212 4.111 3.988 3.846 3.706 3.557 4.116 3.943 3.771 3.651 3.54 3.879 3.737 3.617 3.518 3.35 3.328 3.159 2.968
53.3072 4.344 4.394 4.319 4.126 3.983 3.844 4.205 4.103 3.981 3.839 3.699 3.55 4.108 3.936 3.764 3.643 3.533 3.872 3.73 3.61 3.511 3.342 3.321 3.151 2.961
54.5931 4.337 4.386 4.312 4.119 3.976 3.837 4.198 4.096 3.974 3.832 3.691 3.543 4.101 3.929 3.757 3.636 3.525 3.865 3.722 3.603 3.504 3.335 3.314 3.144 2.954
55.9101 4.33 4.379 4.304 4.111 3.969 3.83 4.191 4.089 3.967 3.825 3.684 3.536 4.094 3.921 3.75 3.629 3.518 3.858 3.715 3.595 3.496 3.328 3.306 3.137 2.947
57.2588 4.323 4.372 4.297 4.104 3.962 3.823 4.183 4.082 3.959 3.818 3.677 3.528 4.087 3.914 3.742 3.622 3.511 3.851 3.708 3.588 3.489 3.321 3.299 3.13 2.939
58.6401 4.311 4.361 4.286 4.093 3.95 3.811 4.172 4.07 3.948 3.806 3.666 3.517 4.075 3.903 3.731 3.61 3.5 3.839 3.696 3.577 3.478 3.309 3.288 3.118 2.928
60.0546 4.299 4.348 4.273 4.08 3.938 3.799 4.16 4.058 3.936 3.794 3.653 3.505 4.063 3.891 3.719 3.598 3.487 3.827 3.684 3.564 3.465 3.297 3.275 3.106 2.916
61.5034 4.287 4.336 4.261 4.068 3.926 3.787 4.147 4.046 3.923 3.782 3.641 3.492 4.051 3.878 3.706 3.586 3.475 3.815 3.672 3.552 3.453 3.285 3.263 3.094 2.903
62.987 4.274 4.324 4.249 4.056 3.914 3.774 4.135 4.034 3.911 3.769 3.629 3.48 4.039 3.866 3.694 3.573 3.463 3.802 3.66 3.54 3.441 3.273 3.251 3.082 2.891
64.5065 4.262 4.312 4.237 4.044 3.901 3.762 4.123 4.021 3.899 3.757 3.617 3.468 4.026 3.854 3.682 3.561 3.451 3.79 3.647 3.528 3.429 3.26 3.239 3.069 2.879
66.0626 4.25 4.299 4.224 4.031 3.889 3.75 4.111 4.009 3.887 3.745 3.604 3.456 4.014 3.842 3.67 3.549 3.438 3.778 3.635 3.515 3.416 3.248 3.226 3.057 2.867
67.6562 4.238 4.287 4.212 4.019 3.877 3.738 4.099 3.997 3.874 3.733 3.592 3.443 4.002 3.829 3.657 3.537 3.426 3.766 3.623 3.503 3.404 3.236 3.214 3.045 2.854
69.2883 4.225 4.275 4.2 4.007 3.865 3.725 4.086 3.985 3.862 3.72 3.58 3.431 3.99 3.817 3.645 3.524 3.414 3.753 3.611 3.491 3.392 3.224 3.202 3.033 2.842
70.9597 4.213 4.263 4.188 3.995 3.852 3.713 4.074 3.972 3.85 3.708 3.568 3.419 3.977 3.805 3.633 3.512 3.402 3.741 3.598 3.479 3.38 3.211 3.19 3.02 2.83
72.6715 4.201 4.25 4.175 3.982 3.84 3.701 4.062 3.96 3.838 3.696 3.555 3.407 3.965 3.793 3.621 3.5 3.389 3.729 3.586 3.466 3.367 3.199 3.177 3.008 2.818
74.4246 4.194 4.243 4.168 3.975 3.833 3.694 4.055 3.953 3.831 3.689 3.548 3.4 3.958 3.785 3.614 3.493 3.382 3.722 3.579 3.459 3.36 3.192 3.17 3.001 2.811
76.2199 4.187 4.236 4.161 3.968 3.826 3.687 4.047 3.946 3.823 3.682 3.541 3.392 3.951 3.778 3.606 3.486 3.375 3.714 3.572 3.452 3.353 3.185 3.163 2.994 2.803
78.0586 4.179 4.229 4.154 3.961 3.819 3.68 4.04 3.939 3.816 3.674 3.534 3.385 3.944 3.771 3.599 3.479 3.368 3.707 3.565 3.445 3.346 3.178 3.156 2.987 2.796
79.9416 4.172 4.222 4.147 3.954 3.812 3.672 4.033 3.932 3.809 3.667 3.527 3.378 3.937 3.764 3.592 3.471 3.361 3.7 3.558 3.438 3.339 3.171 3.149 2.98 2.789
81.87 4.165 4.215 4.14 3.947 3.804 3.665 4.026 3.924 3.802 3.66 3.52 3.371 3.929 3.757 3.585 3.464 3.354 3.693 3.551 3.431 3.332 3.163 3.142 2.972 2.782
83.845 4.158 4.208 4.133 3.94 3.797 3.658 4.019 3.917 3.795 3.653 3.513 3.364 3.922 3.75 3.578 3.457 3.347 3.686 3.543 3.424 3.325 3.156 3.135 2.965 2.775
85.8676 4.151 4.2 4.126 3.933 3.79 3.651 4.012 3.91 3.788 3.646 3.505 3.357 3.915 3.743 3.571 3.45 3.339 3.679 3.536 3.416 3.317 3.149 3.127 2.958 2.768
87.939 4.144 4.193 4.118 3.925 3.783 3.644 4.005 3.903 3.781 3.639 3.498 3.35 3.908 3.736 3.564 3.443 3.332 3.672 3.529 3.409 3.31 3.142 3.12 2.951 2.761
90.0604 4.137 4.186 4.111 3.918 3.776 3.637 3.998 3.896 3.774 3.632 3.491 3.343 3.901 3.728 3.557 3.436 3.325 3.665 3.522 3.402 3.303 3.135 3.113 2.944 2.754
92.2329 4.13 4.18 4.105 3.912 3.769 3.63 3.991 3.889 3.767 3.625 3.485 3.336 3.894 3.722 3.55 3.429 3.319 3.658 3.516 3.396 3.297 3.128 3.107 2.937 2.747
94.4579 4.128 4.177 4.102 3.909 3.767 3.628 3.989 3.887 3.764 3.623 3.482 3.334 3.892 3.719 3.547 3.427 3.316 3.656 3.513 3.393 3.294 3.126 3.104 2.935 2.745
96.7365 4.125 4.175 4.1 3.907 3.764 3.625 3.986 3.884 3.762 3.62 3.48 3.331 3.889 3.717 3.545 3.424 3.314 3.653 3.51 3.391 3.292 3.123 3.102 2.932 2.742
99.0701 4.123 4.172 4.097 3.904 3.762 3.623 3.983 3.882 3.759 3.617 3.477 3.328 3.887 3.714 3.542 3.422 3.311 3.65 3.508 3.388 3.289 3.121 3.099 2.93 2.739
101.4599 4.12 4.169 4.095 3.902 3.759 3.62 3.981 3.879 3.757 3.615 3.474 3.326 3.884 3.712 3.54 3.419 3.308 3.648 3.505 3.386 3.287 3.118 3.097 2.927 2.737
103.9075 4.117 4.167 4.092 3.899 3.757 3.618 3.978 3.877 3.754 3.612 3.472 3.323 3.882 3.709 3.537 3.417 3.306 3.645 3.503 3.383 3.284 3.116 3.094 2.925 2.734
106.4141 4.115 4.164 4.089 3.897 3.754 3.615 3.976 3.874 3.752 3.61 3.469 3.321 3.879 3.707 3.535 3.414 3.303 3.643 3.5 3.38 3.281 3.113 3.091 2.922 2.732
108.9811 4.112 4.162 4.087 3.894 3.752 3.612 3.973 3.872 3.749 3.607 3.467 3.318 3.877 3.704 3.532 3.411 3.301 3.64 3.498 3.378 3.279 3.111 3.089 2.92 2.729
111.6101 4.11 4.159 4.084 3.891 3.749 3.61 3.971 3.869 3.747 3.605 3.464 3.316 3.874 3.701 3.53 3.409 3.298 3.638 3.495 3.375 3.276 3.108 3.086 2.917 2.727
114.3025 4.107 4.157 4.082 3.889 3.746 3.607 3.968 3.866 3.744 3.602 3.462 3.313 3.872 3.699 3.527 3.406 3.296 3.635 3.493 3.373 3.274 3.105 3.084 2.914 2.724
117.0598 4.097 4.147 4.072 3.879 3.736 3.597 3.958 3.856 3.734 3.592 3.452 3.303 3.861 3.689 3.517 3.396 3.286 3.625 3.482 3.363 3.264 3.095 3.074 2.904 2.714
119.8836 4.067 4.117 4.042 3.849 3.706 3.567 3.928 3.826 3.704 3.562 3.422 3.273 3.831 3.659 3.487 3.366 3.256 3.595 3.453 3.333 3.234 3.065 3.044 2.874 2.684
122.7756 4.037 4.087 4.012 3.819 3.676 3.537 3.898 3.796 3.674 3.532 3.392 3.243 3.801 3.629 3.457 3.336 3.226 3.565 3.423 3.303 3.204 3.035 3.014 2.844 2.654
125.7373 4.007 4.057 3.982 3.789 3.646 3.507 3.868 3.766 3.644 3.502 3.362 3.213 3.772 3.599 3.427 3.306 3.196 3.535 3.393 3.273 3.174 3.006 2.984 2.814 2.624
128.7705 3.977 4.027 3.952 3.759 3.617 3.477 3.838 3.737 3.614 3.472 3.332 3.183 3.742 3.569 3.397 3.276 3.166 3.505 3.363 3.243 3.144 2.976 2.954 2.785 2.594
131.8769 3.947 3.997 3.922 3.729 3.587 3.447 3.808 3.707 3.584 3.442 3.302 3.153 3.712 3.539 3.367 3.247 3.136 3.475 3.333 3.213 3.114 2.946 2.924 2.755 2.564
135.0582 3.917 3.967 3.892 3.699 3.557 3.417 3.778 3.677 3.554 3.412 3.272 3.123 3.682 3.509 3.337 3.217 3.106 3.445 3.303 3.183 3.084 2.916 2.894 2.725 2.534
138.3162 3.887 3.937 3.862 3.669 3.527 3.388 3.748 3.647 3.524 3.382 3.242 3.093 3.652 3.479 3.307 3.187 3.076 3.415 3.273 3.153 3.054 2.886 2.864 2.695 2.504
141.6528 3.857 3.907 3.832 3.639 3.497 3.358 3.718 3.617 3.494 3.352 3.212 3.063 3.622 3.449 3.277 3.157 3.046 3.385 3.243 3.123 3.024 2.856 2.834 2.665 2.474
145.0699 3.828 3.877 3.802 3.609 3.467 3.328 3.688 3.587 3.464 3.323 3.182 3.033 3.592 3.419 3.247 3.127 3.016 3.355 3.213 3.093 2.994 2.826 2.804 2.635 2.444
148.5695 3.81 3.86 3.785 3.592 3.45 3.31 3.671 3.57 3.447 3.305 3.165 3.016 3.575 3.402 3.23 3.11 2.999 3.338 3.196 3.076 2.977 2.809 2.787 2.618 2.427
152.1534 3.811 3.86 3.786 3.593 3.45 3.311 3.672 3.57 3.448 3.306 3.165 3.017 3.575 3.403 3.231 3.11 2.999 3.339 3.196 3.076 2.977 2.809 2.787 2.618 2.428
155.8238 3.811 3.861 3.786 3.593 3.451 3.312 3.672 3.571 3.448 3.306 3.166 3.017 3.576 3.403 3.231 3.111 3.0 3.339 3.197 3.077 2.978 2.81 2.788 2.619 2.428
159.5828 3.812 3.861 3.787 3.594 3.451 3.312 3.673 3.571 3.449 3.307 3.166 3.018 3.576 3.404 3.232 3.111 3.001 3.34 3.197 3.078 2.979 2.81 2.789 2.619 2.429
163.4324 3.813 3.862 3.787 3.594 3.452 3.313 3.673 3.572 3.449 3.308 3.167 3.018 3.577 3.404 3.232 3.112 3.001 3.341 3.198 3.078 2.979 2.811 2.789 2.62 2.429
167.375 3.813 3.863 3.788 3.595 3.452 3.313 3.674 3.572 3.45 3.308 3.168 3.019 3.577 3.405 3.233 3.112 3.002 3.341 3.198 3.079 2.98 2.811 2.79 2.62 2.43
171.4126 3.814 3.863 3.788 3.595 3.453 3.314 3.675 3.573 3.45 3.309 3.168 3.02 3.578 3.405 3.233 3.113 3.002 3.342 3.199 3.079 2.98 2.812 2.79 2.621 2.431
175.5476 3.814 3.864 3.789 3.596 3.453 3.314 3.675 3.573 3.451 3.309 3.169 3.02 3.578 3.406 3.234 3.113 3.003 3.342 3.2 3.08 2.981 2.812 2.791 2.621 2.431
179.7823 3.815 3.864 3.789 3.596 3.454 3.315 3.676 3.574 3.452 3.31 3.169 3.021 3.579 3.406 3.235 3.114 3.003 3.343 3.2 3.08 2.981 2.813 2.791 2.622 2.432
184.1193 3.815 3.865 3.79 3.597 3.454 3.315 3.676 3.575 3.452 3.31 3.17 3.021 3.58 3.407 3.235 3.114 3.004 3.343 3.201 3.081 2.982 2.814 2.792 2.622 2.432
188.5608 3.817 3.866 3.791 3.598 3.456 3.317 3.678 3.576 3.454 3.312 3.171 3.023 3.581 3.409 3.237 3.116 3.005 3.345 3.202 3.082 2.983 2.815 2.793 2.624 2.434
193.1095 3.819 3.869 3.794 3.601 3.458 3.319 3.68 3.578 3.456 3.314 3.174 3.025 3.583 3.411 3.239 3.118 3.008 3.347 3.205 3.085 2.986 2.817 2.796 2.626 2.436
197.7679 3.821 3.871 3.796 3.603 3.461 3.322 3.682 3.581 3.458 3.316 3.176 3.027 3.586 3.413 3.241 3.121 3.01 3.349 3.207 3.087 2.988 2.82 2.798 2.629 2.438
202.5387 3.824 3.873 3.798 3.605 3.463 3.324 3.685 3.583 3.461 3.319 3.178 3.03 3.588 3.416 3.244 3.123 3.012 3.352 3.209 3.089 2.99 2.822 2.8 2.631 2.441
207.4245 3.826 3.876 3.801 3.608 3.465 3.326 3.687 3.585 3.463 3.321 3.181 3.032 3.59 3.418 3.246 3.125 3.015 3.354 3.212 3.092 2.993 2.824 2.803 2.633 2.443
212.4283 3.829 3.878 3.803 3.61 3.468 3.329 3.689 3.588 3.465 3.323 3.183 3.034 3.593 3.42 3.248 3.128 3.017 3.356 3.214 3.094 2.995 2.827 2.805 2.636 2.445
217.5527 3.831 3.88 3.805 3.613 3.47 3.331 3.692 3.59 3.468 3.326 3.185 3.037 3.595 3.423 3.251 3.13 3.019 3.359 3.216 3.096 2.997 2.829 2.807 2.638 2.448
222.8008 3.833 3.883 3.808 3.615 3.472 3.333 3.694 3.592 3.47 3.328 3.188 3.039 3.598 3.425 3.253 3.132 3.022 3.361 3.219 3.099 3.0 2.831 2.81 2.64 2.45
228.1754 3.836 3.885 3.81 3.617 3.475 3.336 3.696 3.595 3.472 3.331 3.19 3.041 3.6 3.427 3.255 3.135 3.024 3.364 3.221 3.101 3.002 2.834 2.812 2.643 2.452
233.6797 3.838 3.887 3.813 3.62 3.477 3.338 3.699 3.597 3.475 3.333 3.192 3.044 3.602 3.43 3.258 3.137 3.026 3.366 3.223 3.103 3.004 2.836 2.814 2.645 2.455
239.3168 3.837 3.887 3.812 3.619 3.477 3.337 3.698 3.597 3.474 3.332 3.192 3.043 3.602 3.429 3.257 3.137 3.026 3.365 3.223 3.103 3.004 2.836 2.814 2.645 2.454
245.0899 3.836 3.885 3.81 3.617 3.475 3.336 3.697 3.595 3.472 3.331 3.19 3.042 3.6 3.427 3.256 3.135 3.024 3.364 3.221 3.101 3.002 2.834 2.812 2.643 2.453
251.0022 3.834 3.883 3.809 3.616 3.473 3.334 3.695 3.593 3.471 3.329 3.188 3.04 3.598 3.426 3.254 3.133 3.022 3.362 3.219 3.099 3.0 2.832 2.81 2.641 2.451
257.0572 3.832 3.882 3.807 3.614 3.471 3.332 3.693 3.591 3.469 3.327 3.187 3.038 3.597 3.424 3.252 3.131 3.021 3.36 3.218 3.098 2.999 2.83 2.809 2.639 2.449
263.2582 3.83 3.88 3.805 3.612 3.47 3.331 3.691 3.59 3.467 3.325 3.185 3.036 3.595 3.422 3.25 3.13 3.019 3.358 3.216 3.096 2.997 2.829 2.807 2.638 2.447
269.6088 3.829 3.878 3.803 3.61 3.468 3.329 3.69 3.588 3.466 3.324 3.183 3.035 3.593 3.42 3.249 3.128 3.017 3.357 3.214 3.094 2.995 2.827 2.805 2.636 2.446
276.1126 3.827 3.877 3.802 3.609 3.466 3.327 3.688 3.586 3.464 3.322 3.182 3.033 3.591 3.419 3.247 3.126 3.016 3.355 3.212 3.093 2.994 2.825 2.804 2.634 2.444
282.7734 3.825 3.875 3.8 3.607 3.465 3.325 3.686 3.585 3.462 3.32 3.18 3.031 3.59 3.417 3.245 3.124 3.014 3.353 3.211 3.091 2.992 2.824 2.802 2.633 2.442
289.5947 3.824 3.873 3.798 3.605 3.463 3.324 3.685 3.583 3.46 3.319 3.178 3.03 3.588 3.415 3.243 3.123 3.012 3.352 3.209 3.089 2.99 2.822 2.8 2.631 2.44
296.5807 3.822 3.871 3.796 3.604 3.461 3.322 3.683 3.581 3.459 3.317 3.176 3.028 3.586 3.414 3.242 3.121 3.01 3.35 3.207 3.087 2.988 2.82 2.798 2.629 2.439
303.7351 3.855 3.904 3.83 3.637 3.494 3.355 3.716 3.614 3.492 3.35 3.209 3.061 3.619 3.447 3.275 3.154 3.044 3.383 3.24 3.121 3.022 2.853 2.832 2.662 2.472
311.0622 3.894 3.944 3.869 3.676 3.534 3.394 3.755 3.654 3.531 3.389 3.249 3.1 3.659 3.486 3.314 3.193 3.083 3.422 3.28 3.16 3.061 2.893 2.871 2.702 2.511
318.566 3.934 3.983 3.908 3.715 3.573 3.434 3.795 3.693 3.57 3.429 3.288 3.14 3.698 3.525 3.354 3.233 3.122 3.462 3.319 3.199 3.1 2.932 2.91 2.741 2.551
326.2508 3.973 4.022 3.948 3.755 3.612 3.473 3.834 3.732 3.61 3.468 3.327 3.179 3.737 3.565 3.393 3.272 3.161 3.501 3.358 3.239 3.14 2.971 2.95 2.78 2.59
334.121 4.012 4.062 3.987 3.794 3.652 3.512 3.873 3.772 3.649 3.507 3.367 3.218 3.777 3.604 3.432 3.311 3.201 3.54 3.398 3.278 3.179 3.011 2.989 2.82 2.629
342.181 4.052 4.101 4.026 3.833 3.691 3.552 3.913 3.811 3.688 3.547 3.406 3.258 3.816 3.643 3.471 3.351 3.24 3.58 3.437 3.317 3.218 3.05 3.028 2.859 2.668
350.4355 4.091 4.14 4.066 3.873 3.73 3.591 3.952 3.85 3.728 3.586 3.445 3.297 3.855 3.683 3.511 3.39 3.279 3.619 3.476 3.356 3.257 3.089 3.067 2.898 2.708
