web/models/kne/44/mosfit_kn_0.406447_0.3903_0.5000.dat
# %ECSV 1.0
# ---
# datatype:
# - {name: time, datatype: float64}
# - {name: PS1_g, datatype: float64}
# - {name: PS1_i, datatype: float64}
# - {name: PS1_r, datatype: float64}
# - {name: PS1_w, datatype: float64}
# - {name: PS1_y, datatype: float64}
# - {name: PS1_z, datatype: float64}
# - {name: swift_uvot_B, datatype: float64}
# - {name: swift_uvot_U, datatype: float64}
# - {name: swift_uvot_uvm2, datatype: float64}
# - {name: swift_uvot_uvw1, datatype: float64}
# - {name: swift_uvot_uvw2, datatype: float64}
# - {name: swift_uvot_V, datatype: float64}
# - {name: johnson_B, datatype: float64}
# - {name: johnson_I, datatype: float64}
# - {name: johnson_R, datatype: float64}
# - {name: johnson_U, datatype: float64}
# - {name: johnson_V, datatype: float64}
# - {name: sdss_g, datatype: float64}
# - {name: sdss_i, datatype: float64}
# - {name: sdss_r, datatype: float64}
# - {name: sdss_u, datatype: float64}
# - {name: sdss_z, datatype: float64}
# - {name: ATLAS_c, datatype: float64}
# - {name: ATLAS_o, datatype: float64}
# - {name: ukirt_H, datatype: float64}
# - {name: ukirt_J, datatype: float64}
# - {name: ukirt_K, datatype: float64}
# - {name: Clear, datatype: float64}
# meta: !!omap
# - comment: [kappa = 0.5, type = rprocess, mass = 0.4064473885499596, velocity = 0.3903333333333333, theta_obs = 0.0, tfloor = 1000.0]
# schema: astropy-2.0
time PS1_g PS1_i PS1_r PS1_w PS1_y PS1_z swift_uvot_B swift_uvot_U swift_uvot_uvm2 swift_uvot_uvw1 swift_uvot_uvw2 swift_uvot_V johnson_B johnson_I johnson_R johnson_U johnson_V sdss_g sdss_i sdss_r sdss_u sdss_z ATLAS_c ATLAS_o ukirt_H ukirt_J ukirt_K Clear
[from data line 142]
8.597194388777554 -17.19830154502441 -18.892251410824006 -18.294571768400374 -18.23143341981215 -19.326927668532132 -19.1777844414276 -16.44723262708312 -15.873465375177105 -11.77167707444433 -13.974588503263554 -12.04209298588323 -17.76518380246331 -16.53298893499612 -19.470116845406242 -18.677891728688547 -15.939919998128104 -17.834428894122297 -17.033089757364568 -18.886095950170905 -18.286028642640897 -15.075697585505079 -19.223178967048362 -17.683032425454268 -18.590853084683623 -19.48927750469142 -19.519355778616152 -19.314353632984723 -18.436302362397115
8.657314629258517 -17.086255109846302 -18.823551203898532 -18.20863727823422 -18.149520761790274 -19.275611740434773 -19.11965827207471 -16.320171516773485 -15.711661559448338 -11.530018389758169 -13.798151278921882 -11.858232202402451 -17.664846476587936 -16.408435731996022 -19.406475647027907 -18.5974650078306 -15.78389496620477 -17.736064503024092 -16.917221342986792 -18.816929365355826 -18.199589491487664 -14.917021394481615 -19.167022231432682 -17.58432264795779 -18.513996656042107 -19.46227504876933 -19.481325178260374 -19.29469291888839 -18.362735890079396
8.71743486973948 -16.965864238073607 -18.749296791951338 -18.116024295101987 -18.061416555877354 -19.219905416314198 -19.05668007588689 -16.18375714187871 -15.538261859477167 -11.271886871099465 -13.610628757561472 -11.663711534336269 -17.556856310704447 -16.274740797261845 -19.33762300192844 -18.51076574974351 -15.616627625245993 -17.630209679340357 -16.79275999978385 -18.742177534640287 -18.10642644684261 -14.746910118783862 -19.106155581993676 -17.478222327522843 -18.431116813221635 -19.432563996321953 -19.439820727737978 -19.272837441829896 -18.283611687588515
8.77755511022044 -16.86408040325965 -18.687258365330468 -18.03815850282346 -17.987620882789148 -19.173881976107356 -19.004373175158076 -16.06813453416929 -15.390770957730684 -11.051617520821203 -13.452175901459889 -11.499942463180965 -17.465704464663514 -16.161502689679196 -19.28025205219137 -18.438037294056475 -15.474404787148199 -17.540926850928585 -16.687467477687132 -18.67970977383191 -18.028076101657806 -14.602218990859317 -19.055680413231997 -17.388828000213365 -18.361694291139603 -19.409030484146875 -19.40608204646736 -19.256105368054165 -18.217630837016436
8.837675350701403 -16.716283489710193 -18.594814208178203 -17.92365413774098 -17.879067182599844 -19.10379631144238 -18.925507961594263 -15.901010878878267 -15.179253098964569 -10.739072619485505 -13.227251963027502 -11.268654848775043 -17.332636793094622 -15.997764885756375 -19.194329528816418 -18.330754131106374 -15.270201508175234 -17.410507915283922 -16.534780815148107 -18.58666646336152 -17.912880409094072 -14.394549896796676 -18.97938579386775 -17.258406303816134 -18.259038698552104 -19.37041217083308 -19.353181654582947 -19.227011723715016 -18.120080404856633
8.897795591182364 -16.607207005715736 -18.52785310154779 -17.839895119471034 -17.80005252922317 -19.053888473616016 -18.868898183022225 -15.7771878019602 -15.021641919984816 -10.504850442782846 -13.060891427966244 -11.09821875131136 -17.23470705364638 -15.876569071096242 -19.132346867005047 -18.252541646819786 -15.118138876630091 -17.31462943663917 -16.421981366065488 -18.51924856042622 -17.82858251502411 -14.239828222060211 -18.924747129735966 -17.162643376124578 -18.184364940455495 -19.344559089624763 -19.316408249598354 -19.208446309889503 -18.0495296401355
8.957915831663327 -16.48947624767427 -18.455124244688577 -17.749204816573894 -17.714635490193444 -18.999420614761515 -18.80724842283165 -15.643660007496411 -14.851998808029379 -10.253588511508841 -12.883282403763427 -10.916942038779926 -17.128830214912345 -15.745897860001982 -19.06495317641464 -18.167828306116053 -14.954409061767137 -17.210979043916762 -16.30026998141334 -18.446030741162005 -17.737304096040685 -14.0732360331695 -18.86521816590113 -17.0592275254738 -18.10344941155435 -19.315901096123117 -19.276030621458098 -19.187614304939903 -17.97324315419628
9.018036072144287 -16.346157519500153 -18.36544035833164 -17.63809796901363 -17.61008403164274 -18.931552142821477 -18.730792983266404 -15.481460427093012 -14.6467386446888 -9.951378648203185 -12.670388027551969 -10.700544330201595 -16.99956347775973 -15.587169879068984 -18.981648606794803 -18.063913351948077 -14.756176241474883 -17.08441288254544 -16.15220359980457 -18.355762971937253 -17.62547969456456 -13.871563275219057 -18.791310051171823 -16.93308903579336 -18.004082511177195 -19.278935714842312 -19.225029422366084 -19.160028436824646 -17.879688897087185
9.07815631262525 -16.226278503347373 -18.291168068858035 -17.54559627534391 -17.52338412999677 -18.87587277345208 -18.667789007827746 -15.345481208453535 -14.474128204554653 -9.696608422500631 -12.49286867887676 -10.520736881283174 -16.891568813081605 -15.454200452010415 -18.91281825068192 -17.977585961121207 -14.589524440137247 -16.97875509017377 -16.028284625524734 -18.280993269806842 -17.53235362829214 -13.701962079785748 -18.730488959575897 -16.82792008579092 -17.921640403040886 -19.24965384415017 -19.183755107311917 -19.138766646593016 -17.802437098567427
9.138276553106213 -16.07288373734315 -18.19468738874164 -17.426350439939018 -17.411666670749124 -18.802648603412795 -18.58539525053308 -15.171936234326672 -14.254847549153897 -9.375156036226112 -12.269486228495943 -10.295318446908212 -16.752922854620433 -15.284486701147916 -18.823150974532307 -17.866121763582 -14.37765879800801 -16.843078038827098 -15.869844450156538 -18.183890703932093 -17.412310275831242 -13.486384411904115 -18.65084101318974 -16.693012269274234 -17.81504715360473 -19.20952458438371 -19.128586820998894 -19.1087029905076 -17.702633197990547
9.198396793587174 -15.938408343328128 -18.110634680274273 -17.32211478753115 -17.314363216105235 -18.73924848747812 -18.513845055557905 -15.019555198040273 -14.061924939516448 -9.092046823770875 -12.07478888186845 -10.099513945797781 -16.6314387487384 -15.13557026480353 -18.745154931009946 -17.768851730077657 -14.191286704615315 -16.724273426915662 -15.730895546210935 -18.099286014641365 -17.30735105023653 -13.296694577950046 -18.581743603927094 -16.57503480135981 -17.722112521738254 -19.175584348405362 -19.08125571256356 -19.083732987236385 -17.61599672353375
9.258517034068136 -15.816082949695485 -18.034547096493583 -17.22750807468527 -17.22632617444619 -18.682138526396006 -18.449240129726494 -14.880766229674258 -13.885939546377237 -8.83363399477743 -11.89869330060958 -9.92292702948657 -16.520964855486586 -15.000016924292495 -18.674637945490684 -17.68069202669909 -14.021293213239733 -16.616297585878442 -15.604464974081687 -18.02269144906461 -17.21206676323293 -13.123634698572406 -18.51940453706268 -16.46793603644161 -17.637944302361035 -19.145602916053225 -19.038940056432203 -19.06202053817507 -17.5378325417641
9.318637274549097 -15.639629434766622 -17.922583686804785 -17.089697951456362 -17.0980125748223 -18.596704888214433 -18.35331958732283 -14.68128038711357 -13.634540805310511 -8.467708182200958 -11.64952972487658 -9.673832014034577 -16.36094389903728 -14.805138341681076 -18.57047031290388 -17.55196967429652 -13.778228694015493 -16.459826719441516 -15.422281042897001 -17.910019683481977 -17.073289140491426 -12.876255028687389 -18.42667089714782 -16.312875062236074 -17.51481341029404 -19.098185649813427 -18.97423340714509 -19.026205052104284 -17.423432355089883
9.37875751503006 -15.502738416675967 -17.836712478520855 -16.983365222978435 -16.99946265346817 -18.53187082625441 -18.28016216221526 -14.526110792316722 -13.438272661735908 -8.181197419015373 -11.456968377324745 -9.481880682380076 -16.236973676686965 -14.653692191648368 -18.490787885823476 -17.452906199761397 -13.588535757615798 -16.33871990928275 -15.280852641199427 -17.82358709500773 -16.966172470581924 -12.68311669140667 -18.356056672279966 -16.193035243514 -17.42019268527386 -19.06357267653012 -18.92587219879422 -19.000826782306227 -17.336005942432884
9.438877755511022 -15.362118006016363 -17.748298903637423 -16.87400234240897 -16.898305393088684 -18.465027127786193 -18.204777407349297 -14.366734817290691 -13.236814224306457 -7.887729694872692 -11.261041060938535 -9.287025610526051 -16.109502858360464 -14.49819868107275 -18.408726332796032 -17.35105513110562 -13.393789549344703 -16.214229677683033 -15.135585717682556 -17.734598224016267 -16.85599047367708 -12.48481610202452 -18.283294373739203 -16.0699777978696 -17.32290443026562 -19.027783894444955 -18.875952157028646 -18.974538568273772 -17.246335444517253
9.498997995991983 -15.192574960223766 -17.64064757203851 -16.741500817914652 -16.775842058942327 -18.383002171122858 -18.112596144046496 -14.174889773063654 -12.995042141861024 -7.537317961706871 -11.028055006789526 -9.055824236328899 -15.955455719429168 -14.311051928365885 -18.308630286057863 -17.227555878883962 -13.159954863200333 -16.063782816020048 -14.96052953190885 -17.62626380731641 -16.72249569903748 -12.246729975923127 -18.194248387372927 -15.92140513845953 -17.204835200048993 -18.98274325419315 -18.814077311895456 -18.940827225220534 -17.137624327887533
9.559118236472946 -15.054119275598303 -17.553510112534614 -16.633747161945838 -16.676661778818342 -18.317157106074546 -18.038305089355102 -14.01788751707545 -12.796609961842975 -7.249168519226202 -10.838698611806254 -8.868312820997954 -15.829772934901467 -14.158024545855724 -18.227777600450914 -17.12734690685859 -12.96808832701868 -15.941140593062213 -14.817498753622562 -17.538559127257862 -16.613900244175532 -12.051307377255398 -18.122578653433887 -15.800458915330946 -17.109144739961497 -18.947700342739143 -18.765010198690444 -18.915232175164395 -17.04995567620813
9.619238476953907 -14.886605946241609 -17.44702769292326 -16.502733977379105 -16.556133350397175 -18.236047280571626 -17.94712220991345 -13.828253724457184 -12.557665500269213 -6.903957331061828 -10.612604684168776 -8.644777350146903 -15.677361655391941 -13.973212142977797 -18.12879298333795 -17.00540189094789 -12.736934470458962 -15.792411193884133 -14.644539963592251 -17.431401204412875 -16.481864438712588 -11.81588801772449 -18.034538803567237 -15.653910942192546 -16.99259130958218 -18.903380180630066 -18.703935121174577 -18.88221116754726 -16.943243768307124
9.67935871743487 -14.714595447442402 -17.33746810364366 -16.36805944815995 -16.432505132440873 -18.15250545973603 -17.85324162717206 -13.633537343339015 -12.312445208940108 -6.550485971349487 -10.382780699552168 -8.417911166907416 -15.520706460456736 -13.783536059832041 -18.02693178009986 -16.880114780953647 -12.499667171004802 -15.639598192718951 -14.466952322916331 -17.32114941174192 -16.34611934300562 -11.574215150384202 -17.94390317218772 -15.503511484115684 -16.872840002960086 -18.857658118247983 -18.64098390157997 -18.84812144277356 -16.833892922319187
9.739478957915832 -14.56711108852776 -17.244096175978978 -16.252915630804416 -16.327186649479 -18.08172081928319 -17.77347364774185 -13.466321707358013 -12.101430283175869 -6.246076375506269 -10.186886773556356 -8.224804321030707 -15.38644787537936 -13.620775650273046 -17.94025143682464 -16.77319417714922 -12.295528739422636 -15.508730331448637 -14.314631450776307 -17.22717694977243 -16.23002817366208 -11.366226109604831 -17.866970442303955 -15.37488025847452 -16.7707302893659 -18.81978317106412 -18.588112511851218 -18.820382529670546 -16.74105747052657
9.799599198396793 -14.384266097272445 -17.127156323223556 -16.109447051051955 -16.195995655166886 -17.99234336587176 -17.673124528583877 -13.259374830604724 -11.841089103677565 -5.872496747789973 -9.947118894283022 -7.988648680318423 -15.219612778157636 -13.41936592746736 -17.83148755586072 -16.639853591962225 -12.043545386786835 -15.346102692153226 -14.125890927691565 -17.109504806309168 -16.085381086253125 -11.10951141503227 -17.770104031476635 -15.21515507190486 -16.643265412439963 -18.770658982827598 -18.520640468918668 -18.783673763263625 -16.625207820101924
9.859719438877756 -14.219563093116605 -17.022171123416143 -15.980412988774617 -16.078374692084427 -17.912381274529796 -17.58319251314827 -13.072766730921963 -11.606051063779041 -5.535339547481562 -9.73269664231383 -7.777652152914193 -15.069324677693078 -13.237881094736043 -17.733935170765875 -16.52010433173227 -11.816065136340185 -15.199701400488957 -13.955841200844308 -17.003855287343246 -15.955255773808972 -10.877704742532401 -17.68335583055661 -15.071549279325218 -16.528854393040415 -18.727330504893477 -18.4606093180283 -18.75166111231065 -16.521616392113287
9.919839679358716 -14.052404918223615 -16.915463301462097 -15.849351658374982 -15.959138773426318 -17.831048738312187 -17.491741036395947 -12.883371902687408 -11.367584259582575 -5.193978698621289 -9.516937461872743 -7.5654594833797475 -14.91667036561471 -13.053775623184944 -17.634774673525204 -16.398546682881065 -11.585234917046023 -15.051054146827505 -13.78326625595193 -16.896474302650883 -15.823067211683046 -10.642457171284505 -17.595154430432096 -14.925888421939426 -16.412712784224972 -18.683232040420666 -18.399529981032927 -18.719080347219844 -16.416704262356685
9.97995991983968 -13.839687533634297 -16.778348664562515 -15.681766505270716 -15.806718929992503 -17.725731672201253 -17.373731799764 -12.642756606567708 -11.065527325218163 -4.7639209777533535 -9.245776124513405 -7.298833230488743 -14.721969670356405 -12.819922607384932 -17.50713174357869 -16.2429971330561 -11.292710493835038 -14.861468511346255 -13.563768139562615 -16.758516872036644 -15.65404036054547 -10.344354806538423 -17.481248495294395 -14.740253977778384 -16.263952196786704 -18.624691145533397 -18.31965038780428 -18.675032172776366 -16.282368312593558
10.040080160320642 -13.661212370026945 -16.663907919280945 -15.54150764417587 -15.679622943834524 -17.638274721529736 -17.275493610723736 -12.440577700567303 -10.8112467806178 -4.40182809563128 -9.019738688108916 -7.076650228165654 -14.558649254400137 -12.623599890554512 -17.400741322364574 -16.11306336470846 -11.046489267440098 -14.70257127020133 -13.379544511594954 -16.643361589080286 -15.512532734690403 -10.093363021722315 -17.386519307512867 -14.584886377362789 -16.139780047187493 -18.577030383375877 -18.253830004047025 -18.639721874712688 -16.170733866172586
10.100200400801603 -13.493151566722403 -16.55630726247688 -15.409522283124062 -15.560326421247304 -17.556193612645803 -17.183207526678625 -12.250074635906511 -10.571497628451674 -4.060798052243071 -8.808324329573285 -6.868847948054583 -14.404810084087593 -12.43873502143025 -17.300764821824306 -15.990937912671487 -10.814338381359889 -14.552985424044776 -13.206051760020525 -16.535085749645777 -15.379345092728798 -9.856669251280046 -17.297574650983165 -14.438783071492889 -16.023102678385843 -18.532669938053022 -18.192252900716674 -18.607084937882533 -16.066155418521273
10.160320641282565 -13.267823799693748 -16.410443152957175 -15.231598703736733 -15.399454645653208 -17.443929832783986 -17.0574945185583 -11.995161497211601 -10.251780607097523 -3.6087346993949536 -8.528197015086665 -6.593377446226064 -14.198047126526891 -12.19139393434958 -17.164955027924204 -15.826138662722535 -10.504592940656476 -14.351927387772763 -12.97357842922283 -16.388333550857617 -15.199807153982157 -9.540896340606935 -17.17629518270506 -14.2425173572874 -15.865473437232698 -18.470193084224192 -18.107046202054278 -18.560107140891407 -15.92480113130474
