web/models/kne/44/mosfit_kn_0.004263_0.2023_10.0000.dat
# %ECSV 1.0
# ---
# datatype:
# - {name: time, datatype: float64}
# - {name: PS1_g, datatype: float64}
# - {name: PS1_i, datatype: float64}
# - {name: PS1_r, datatype: float64}
# - {name: PS1_w, datatype: float64}
# - {name: PS1_y, datatype: float64}
# - {name: PS1_z, datatype: float64}
# - {name: swift_uvot_B, datatype: float64}
# - {name: swift_uvot_U, datatype: float64}
# - {name: swift_uvot_uvm2, datatype: float64}
# - {name: swift_uvot_uvw1, datatype: float64}
# - {name: swift_uvot_uvw2, datatype: float64}
# - {name: swift_uvot_V, datatype: float64}
# - {name: johnson_B, datatype: float64}
# - {name: johnson_I, datatype: float64}
# - {name: johnson_R, datatype: float64}
# - {name: johnson_U, datatype: float64}
# - {name: johnson_V, datatype: float64}
# - {name: sdss_g, datatype: float64}
# - {name: sdss_i, datatype: float64}
# - {name: sdss_r, datatype: float64}
# - {name: sdss_u, datatype: float64}
# - {name: sdss_z, datatype: float64}
# - {name: ATLAS_c, datatype: float64}
# - {name: ATLAS_o, datatype: float64}
# - {name: ukirt_H, datatype: float64}
# - {name: ukirt_J, datatype: float64}
# - {name: ukirt_K, datatype: float64}
# - {name: Clear, datatype: float64}
# meta: !!omap
# - comment: [kappa = 10.0, type = rprocess, mass = 0.004263435211354371, velocity = 0.20233333333333337, theta_obs = 0.0, tfloor = 1000.0]
# schema: astropy-2.0
time PS1_g PS1_i PS1_r PS1_w PS1_y PS1_z swift_uvot_B swift_uvot_U swift_uvot_uvm2 swift_uvot_uvw1 swift_uvot_uvw2 swift_uvot_V johnson_B johnson_I johnson_R johnson_U johnson_V sdss_g sdss_i sdss_r sdss_u sdss_z ATLAS_c ATLAS_o ukirt_H ukirt_J ukirt_K Clear
[from data line 381]
22.965931863727455 11.932488535198509 3.0506597219992315 6.525730500037081 4.557806688533095 -0.4725303265260372 0.945145638321101 15.472395111762996 22.131339209657916 36.01993451368709 18.096921741732466 20.609938248212117 9.892005228069294 14.268457794796806 1.497146415577281 4.467179182302281 21.100338030406164 8.936982892900557 12.745028636512963 3.131915674112218 6.7542191595335055 22.632444739832735 0.37171802629909934 8.504807069779723 4.052394545169928 -5.4215177044415155 -3.272028408951824 -6.781806384914704 2.2719126447717386
23.026052104208414 11.941480397170068 3.0596515839707905 6.53472236200864 4.566798550504654 -0.4635384645544782 0.95413750029266 15.481386973734555 22.14033107162947 36.02892637565865 18.105913603704025 20.618930110183676 9.900997090040853 14.277449656768365 1.5061382775488399 4.47617104427384 21.109329892377723 8.945974754872116 12.754020498484522 3.140907536083777 6.7632110215050645 22.641436601804294 0.3807098882706583 8.513798931751282 4.061386407141487 -5.4125258424699565 -3.263036546980283 -6.772814522943145 2.2809045067432976
23.086172344689377 11.950460579257367 3.0686317660580897 6.543702544095922 4.575778732591935 -0.454558282467179 0.9631176823799592 15.490367155821854 22.149311253716768 36.037906557745934 18.114893785791324 20.627910292270965 9.909977272128152 14.286429838855646 1.5151184596361391 4.485151226361121 21.118310074465015 8.954954936959398 12.763000680571803 3.149887718171076 6.772191203592364 22.650416783891593 0.38969007035795755 8.522779113838563 4.070366589228787 -5.403545660382675 -3.2540563648929837 -6.763834340855846 2.289884688830597
23.14629258517034 11.959429092804239 3.0776002796049617 6.5526710576428115 4.584747246138825 -0.445589768920307 0.9720861959268312 15.499335669368726 22.158279767263636 36.04687507129282 18.123862299338196 20.636878805817847 9.918945785675024 14.295398352402536 1.5240869731830111 4.494119739908011 21.127278588011897 8.963923450506288 12.771969194118693 3.158856231717948 6.781159717139236 22.65938529743846 0.39865858390482956 8.531747627385453 4.079335102775659 -5.394577146835785 -3.245087851346094 -6.754865827308974 2.298853202377469
23.206412825651302 11.968385949378355 3.086557136179078 6.56162791421691 4.593704102712941 -0.43663291234619095 0.9810430525009473 15.508292525942842 22.167236623837752 36.055831927866926 18.132819155912312 20.645835662391963 9.92790264224914 14.304355208976652 1.5330438297571272 4.503076596482127 21.136235444586013 8.972880307080386 12.780926050692791 3.167813088292064 6.790116573713352 22.668342154012578 0.4076154404789456 8.54070448395957 4.088291959349775 -5.385620290261687 -3.2361309947719956 -6.745908970734858 2.307810058951585
23.266533066132265 11.977331167632439 3.095502354433144 6.570573132470994 4.602649320967007 -0.42768769409210705 0.9899882707550134 15.517237744196926 22.17618184209183 36.06477714612101 18.141764374166396 20.65478088064604 9.936847860503224 14.313300427230718 1.541989048011211 4.512021814736193 21.145180662840087 8.98182552533447 12.789871268946875 3.176758306546148 6.799061791967436 22.677287372266655 0.4165606587330295 8.549649702213635 4.0972371776038585 -5.376675072007603 -3.2271857765179117 -6.736963752480774 2.3167552772056688
23.326653306613224 11.98626475383369 3.1044359406343958 6.579506718672246 4.611582907168259 -0.4187541078908552 0.9989218569562652 15.52617133039816 22.18511542829308 36.073710732322255 18.15069796036763 20.663714466847292 9.945781446704476 14.32223401343197 1.5509226342124451 4.520955400937445 21.154114249041328 8.990759111535722 12.798804855148127 3.1856918927474 6.80799537816867 22.686220958467906 0.42549424493428134 8.558583288414887 4.10617076380511 -5.367741485806351 -3.21825219031666 -6.728030166279522 2.3256888634069206
23.386773547094187 11.99518671997783 3.1133579067785355 6.588428684816385 4.620504873312399 -0.40983214174671545 1.007843823100405 15.5350932965423 22.19403739443722 36.08263269846639 18.15961992651177 20.67263643299143 9.954703412848616 14.33115597957611 1.559844600356585 4.529877367081585 21.16303621518547 8.999681077679861 12.807726821292267 3.1946138588915396 6.8169173443128095 22.695142924612046 0.4344162110784211 8.567505254559027 4.115092729949232 -5.3588195196622115 -3.20933022417252 -6.719108200135382 2.3346108295510604
23.44689378757515 12.004097086082055 3.1222682728827778 6.59733905092061 4.629415239416623 -0.400921775642491 1.0167541892046472 15.544003662646542 22.202947760541456 36.09154306457062 18.168530292616012 20.681546799095653 9.96361377895284 14.340066345680334 1.5687549664608271 4.538787733185809 21.171946581289703 9.008591443784086 12.816637187396491 3.203524224995764 6.825827710417052 22.70405329071628 0.44332657718264556 8.576415620663251 4.124003096053475 -5.349909153557987 -3.2004198580682957 -6.710197834031158 2.343521195655285
23.507014028056112 12.012995863825235 3.131167050625958 6.60623782866379 4.638314017159804 -0.3920229978993106 1.0256529669478276 15.552902440389722 22.211846538284632 36.100441842313806 18.177429070359192 20.690445576838844 9.97251255669602 14.348965123423532 1.5776537442040075 4.547686510929007 21.180845359032883 9.017490221527266 12.825535965139672 3.2124230027389444 6.834726488160232 22.712952068459458 0.45222535492582594 8.585314398406432 4.132901873796655 -5.341010375814807 -3.1915210803251153 -6.7012990562879775 2.352419973398465
23.567134268537075 12.021883062979164 3.1400542497798867 6.6151250278177365 4.64720121631375 -0.38313579874538206 1.0345401661017561 15.561789639543651 22.220733737438565 36.109329041467745 18.18631626951312 20.699332775992772 9.98139975584995 14.357852322577461 1.586540943357936 4.556573710082936 21.18973255818682 9.026377420681213 12.834423164293618 3.221310201892873 6.843613687314161 22.72183926761339 0.4611125540797545 8.594201597560378 4.1417890729505835 -5.33212317666086 -3.182633881171169 -6.692411857134049 2.3613071725523938
23.627254509018034 12.030758694225323 3.1489298810260458 6.624000659063878 4.656076847559891 -0.374260167499223 1.0434157973479152 15.57066527078981 22.22960936868472 36.118204672713894 18.19519190075928 20.708208407238924 9.990275387096109 14.36672795382362 1.5954165746040951 4.565449341329077 21.19860818943297 9.035253051927354 12.84329879553976 3.230185833139032 6.85248931856032 22.730714898859546 0.4699881853259136 8.60307722880652 4.150664704196743 -5.323247545414719 -3.1737582499250276 -6.68353622588789 2.370182803798553
23.687374749498996 12.039622776006862 3.1577939628075846 6.632864740845434 4.664940929341448 -0.3653960857176841 1.052279879129454 15.579529352571349 22.23847345046627 36.12706875449544 18.20405598254082 20.71707248902047 9.999139468877647 14.375592035605159 1.604280656385634 4.574313423110634 21.20747227121452 9.04411713370891 12.852162877321316 3.239049914920571 6.861353400341859 22.739578980641085 0.47885226710745243 8.611941310588076 4.1595287859782815 -5.314383463633162 -3.164894168143471 -6.674672144106351 2.3790468855800917
23.74749498997996 12.048475317517475 3.166646504318198 6.641717282356048 4.673793470852061 -0.35654354420705303 1.0611324206400674 15.588381894081962 22.247325991976883 36.13592129600605 18.212908524051432 20.72592503053109 10.007992010388278 14.384444577115772 1.6131331978962473 4.583165964621247 21.216324812725134 9.052969675219524 12.86101541883193 3.2479024564311842 6.870205941852472 22.74843152215171 0.48770480861806575 8.62079385209869 4.168381327488895 -5.305530922122549 -3.1560416266328577 -6.665819602595738 2.387899427090723
23.80761523046092 12.057316325811804 3.175487512612527 6.650558290650377 4.68263447914639 -0.34770253591272393 1.0699734289343965 15.597222902376291 22.256167000271212 36.144762304300386 18.22174953234576 20.734766038825413 10.016833018682608 14.393285585410101 1.6219742061905764 4.592006972915576 21.22516582101946 9.061810683513853 12.869856427126258 3.2567434647255133 6.879046950146801 22.757272530446038 0.49654581691239486 8.629634860393018 4.177222335783224 -5.29668991382822 -3.1472006183385286 -6.656978594301409 2.396740435385034
23.867735470941884 12.066145821953018 3.184317008753741 6.659387786791573 4.691463975287586 -0.33887303977152783 1.0788029250756104 15.606052398517505 22.264996496412415 36.15359180044159 18.230579028486975 20.74359553496662 10.025662514823804 14.402115081551315 1.6308037023317903 4.600836469056772 21.233995317160666 9.070640179655049 12.878685923267454 3.265572960866727 6.887876446288015 22.76610202658724 0.5053753130536087 8.638464356534215 4.186051831924438 -5.287860417687024 -3.1383711221973325 -6.648149098160195 2.405569931526248
23.927855711422843 12.074963820010591 3.1931350068112963 6.668205784849146 4.7002819733451595 -0.3300550417139547 1.0876209231331657 15.61487039657506 22.27381449446998 36.162409798499155 18.23939702654453 20.752413533024193 10.034480512881377 14.41093307960887 1.6396217003893456 4.609654467114345 21.24281331521824 9.079458177712622 12.887503921325028 3.2743909589243003 6.89669444434557 22.774920024644807 0.5141933111111818 8.647282354591788 4.194869829982011 -5.279042419629451 -3.1295531241397594 -6.639331100102622 2.414387929583821
23.987975951903806 12.083770327126029 3.2019415139267515 6.677012291964601 4.709088480460615 -0.32124853459849945 1.096427430248621 15.623676903690516 22.282621001585436 36.17121630561461 18.248203533659986 20.761220040139637 10.043287019996814 14.419739586724326 1.648428207504801 4.618460974229801 21.251619822333687 9.088264684828077 12.896310428440483 3.283197466039738 6.9055009514610255 22.783726531760262 0.5229998182266193 8.656088861707243 4.203676337097448 -5.2702359125139955 -3.120746617024304 -6.630524592987184 2.4231944366992586
24.04809619238477 12.092565355419467 3.2107365422201894 6.685807320258039 4.717883508754053 -0.3124535063050793 1.105222458542059 15.632471931983954 22.291416029878874 36.18001133390805 18.256998561953424 20.770015068433075 10.052082048290252 14.428534615017764 1.6572232357982388 4.6272560025232385 21.26041485062712 9.097059713121515 12.90510545673392 3.2919924943331758 6.914295979754463 22.7925215600537 0.5317948465200573 8.66488389000068 4.212471365390886 -5.261440884220558 -3.111951588730866 -6.621729564693746 2.4319894649926965
24.10821643286573 12.101348919491581 3.2195201062922862 6.694590884330136 4.7266670728261495 -0.30366994223296473 1.1140060226141557 15.64125549605605 22.30019959395097 36.188794897980145 18.26578212602552 20.778798632505183 10.060865612362367 14.43731817908986 1.6660067998703356 4.636039566595335 21.26919841469922 9.105843277193612 12.913889020806018 3.3007760584052903 6.92307954382656 22.801305124125797 0.5405784105921718 8.673667454072778 4.221254929462983 -5.252657320148461 -3.1031680246587694 -6.612946000621632 2.440773029064811
24.168336673346694 12.11012103382238 3.2282922206231035 6.7033629986609355 4.735439187156967 -0.29489782790216523 1.122778136944973 15.650027610386868 22.30897170828178 36.19756701231096 18.274554240356338 20.78757074683599 10.069637726693166 14.446090293420678 1.6747789142011529 4.644811680926153 21.277970529030036 9.114615391524412 12.922661135136835 3.30954817273609 6.9318516581573775 22.810077238456607 0.5493505249229713 8.682439568403595 4.2300270437938 -5.243885205817661 -3.09439591032797 -6.604173886290832 2.4495451433956106
24.228456913827653 12.118881702558184 3.237052889358889 6.712123667396739 4.744199855892752 -0.28613715916636195 1.1315388056807585 15.658788279122653 22.317732377017574 36.20632768104675 18.28331490909214 20.79633141557178 10.07839839542897 14.454850962156463 1.6835395829369384 4.653572349661938 21.286731197765832 9.123376060260215 12.93142180387262 3.318308841471893 6.940612326893181 22.8188379071924 0.5581111936587746 8.69120023713938 4.238787712529604 -5.235124537081858 -3.085635241592167 -6.595413217555029 2.458305812131414
24.288577154308616 12.127630944679364 3.2458021314800867 6.720872909517919 4.752949098013932 -0.27738791704518206 1.1402880478019561 15.667537521243851 22.32648161913876 36.215076923167935 18.29206415121332 20.805080657692972 10.08714763755015 14.463600204277661 1.692288825058136 4.662321591783136 21.29548043988701 9.132125302381395 12.9401710459938 3.327058083593073 6.949361569014361 22.827587149313587 0.5668604357799545 8.69994947926056 4.2475369546507835 -5.226375294960678 -3.076885999470987 -6.586663975433849 2.4670550542525937
24.34869739478958 12.136368776125366 3.2545399629260885 6.729610740963938 4.761686929459952 -0.2686500855991625 1.149025879247958 15.676275352689853 22.335219450584773 36.22381475461395 18.300801982659323 20.813818489138985 10.095885468996169 14.472338035723663 1.7010266565041379 4.671059423229138 21.30421827133302 9.140863133827414 12.94890887743982 3.335795915039075 6.9580994004603625 22.8363249807596 0.5755982672259563 8.70868731070658 4.256274786096785 -5.2176374635146585 -3.0681481680249676 -6.577926143987847 2.4757928856986133
24.40881763527054 12.145095204503669 3.2632663913043913 6.738337169342241 4.770413357838255 -0.25992365722085964 1.1577523076262608 15.685001781068156 22.343945878963076 36.23254118299225 18.309528411037626 20.822544917517288 10.104611897374472 14.481064464101966 1.7097530848824407 4.67978585160744 21.312944699711323 9.149589562205717 12.957635305818123 3.3445223434173776 6.966825828838665 22.845051409137902 0.5843246956042591 8.717413739084883 4.265001214475088 -5.208911035136356 -3.0594217396466648 -6.569199715609544 2.484519314076916
24.468937875751504 12.153810243409211 3.271981430209916 6.747052208247766 4.779128396743779 -0.25120861831533503 1.1664673465317854 15.69371681997368 22.3526609178686 36.24125622189777 18.31824344994315 20.83125995642281 10.113326936279996 14.48977950300749 1.7184681237879653 4.688500890512965 21.32165973861686 9.158304601111242 12.966350344723647 3.35323738232292 6.97554086774419 22.853766448043427 0.5930397345098015 8.726128777990407 4.2737162533806305 -5.200195996230831 -3.05070670074114 -6.560484676704002 2.493234352982441
24.529058116232463 12.16251390468619 3.2806850914869123 6.755755869524744 4.787832058020758 -0.2425049570383564 1.1751710078087818 15.702420481250677 22.361364579145587 36.24995988317476 18.326947111220147 20.839963617699798 10.122030597556975 14.498483164284487 1.7271717850649617 4.697204551789944 21.330363399893837 9.16700826238822 12.975054006000626 3.3619410435998986 6.984244529021186 22.862470109320412 0.6017433957867802 8.734832439267386 4.282419914657609 -5.191492334953852 -3.0420030394641615 -6.551781015427023 2.5019380142594194
24.589178356713425 12.1712062049121 3.289377391712822 6.764448169750654 4.796524358246668 -0.23381265681244656 1.1838633080346916 15.711112781476587 22.370056879371496 36.25865218340067 18.335639411446056 20.8486559179257 10.130722897782885 14.507175464510397 1.7358640852908716 4.705896852015871 21.339055700119747 9.17570056261413 12.983746306226536 3.3706333438258085 6.992936829247096 22.871162409546322 0.61043569601269 8.743524739493296 4.291112214883519 -5.182800034727943 -3.0333107392382517 -6.5430887152011135 2.5106303144853293
24.649298597194388 12.17988715196098 3.2980583387617024 6.773129116799534 4.805205305295566 -0.22513170976356633 1.1925442550835719 15.719793728525467 22.378737826420377 36.26733313044956 18.344320358494937 20.857336864974588 10.139403844831765 14.515856411559277 1.7445450323397518 4.7145777990647515 21.347736647168638 9.184381509663028 12.992427253275434 3.3793142908746887 7.001617776295976 22.879843356595202 0.6191166430615702 8.752205686542194 4.299793161932399 -5.174119087679062 -3.0246297921893714 -6.534407768152233 2.5193112615342095
