web/models/kne/44/mosfit_kn_0.007937_0.0457_0.5000.dat
# %ECSV 1.0
# ---
# datatype:
# - {name: time, datatype: float64}
# - {name: PS1_g, datatype: float64}
# - {name: PS1_i, datatype: float64}
# - {name: PS1_r, datatype: float64}
# - {name: PS1_w, datatype: float64}
# - {name: PS1_y, datatype: float64}
# - {name: PS1_z, datatype: float64}
# - {name: swift_uvot_B, datatype: float64}
# - {name: swift_uvot_U, datatype: float64}
# - {name: swift_uvot_uvm2, datatype: float64}
# - {name: swift_uvot_uvw1, datatype: float64}
# - {name: swift_uvot_uvw2, datatype: float64}
# - {name: swift_uvot_V, datatype: float64}
# - {name: johnson_B, datatype: float64}
# - {name: johnson_I, datatype: float64}
# - {name: johnson_R, datatype: float64}
# - {name: johnson_U, datatype: float64}
# - {name: johnson_V, datatype: float64}
# - {name: sdss_g, datatype: float64}
# - {name: sdss_i, datatype: float64}
# - {name: sdss_r, datatype: float64}
# - {name: sdss_u, datatype: float64}
# - {name: sdss_z, datatype: float64}
# - {name: ATLAS_c, datatype: float64}
# - {name: ATLAS_o, datatype: float64}
# - {name: ukirt_H, datatype: float64}
# - {name: ukirt_J, datatype: float64}
# - {name: ukirt_K, datatype: float64}
# - {name: Clear, datatype: float64}
# meta: !!omap
# - comment: [kappa = 0.5, type = rprocess, mass = 0.00793700525986525, velocity = 0.04566666666666669, theta_obs = 0.0, tfloor = 1000.0]
# schema: astropy-2.0
time PS1_g PS1_i PS1_r PS1_w PS1_y PS1_z swift_uvot_B swift_uvot_U swift_uvot_uvm2 swift_uvot_uvw1 swift_uvot_uvw2 swift_uvot_V johnson_B johnson_I johnson_R johnson_U johnson_V sdss_g sdss_i sdss_r sdss_u sdss_z ATLAS_c ATLAS_o ukirt_H ukirt_J ukirt_K Clear
[from data line 317]
19.118236472945892 8.746012110799608 -0.13581670239966925 3.3392540756381806 1.371330264134194 -3.659006750924938 -2.2413307860778 12.285918687364095 18.944862785259016 32.833458089288186 14.910445317333565 17.423461823813216 6.705528803670393 11.081981370397905 -1.6893300088216199 1.28070275790338 17.913861606007274 5.750506468501658 9.558552212114062 -0.054560750286682946 3.5677427351346047 19.44596831543384 -2.8147583980998014 5.318330645380822 0.8659181207710276 -8.607994128840415 -6.458504833350725 -9.968282809313605 -0.9145637796271622
19.178356713426854 8.751796932149762 -0.1300318810495149 3.345038896988335 1.3771150854843484 -3.6532219295747836 -2.2355459647276454 12.29170350871425 18.95064760660917 32.83924291063834 14.91623013868372 17.42924664516337 6.711313625020547 11.08776619174806 -1.6835451874714655 1.2864875792535344 17.91964642735741 5.756291289851812 9.564337033464216 -0.0487759289365286 3.573527556484759 19.451753136783996 -2.808973576749647 5.3241154667309765 0.8717029421211819 -8.602209307490261 -6.4527200120005705 -9.96249798796345 -0.9087789582770078
19.238476953907814 8.757560242762779 -0.12426857043649875 3.3508022076013333 1.3828783960973645 -3.6474586189617675 -2.2297826541146293 12.297466819327266 18.956410917222186 32.845006221251346 14.921993449296735 17.435009955776387 6.717076935633563 11.093529502361076 -1.6777818768584494 1.2922508898665506 17.925409737970426 5.76205460046481 9.570100344077233 -0.04301261832351244 3.579290867097775 19.457516447397012 -2.803210266136631 5.329878777343993 0.8774662527341981 -8.596445996877263 -6.446956701387572 -9.956734677350434 -0.9030156476639917
19.298597194388776 8.76330219371015 -0.11852661948912768 3.3565441585487044 1.3886203470447356 -3.6417166680143964 -2.224040703167258 12.303208770274637 18.96215286816954 32.85074817219872 14.927735400244107 17.440751906723758 6.722818886580934 11.099271453308447 -1.6720399259110783 1.2979928408139216 17.931151688917797 5.767796551412181 9.575842295024586 -0.037270667376141375 3.5850328180451463 19.463258398344365 -2.79746831518926 5.335620728291346 0.8832082036815692 -8.590704045929892 -6.441214750440201 -9.950992726403063 -0.8972736967166206
19.35871743486974 8.769022932052408 -0.11280588114686907 3.362264896890963 1.3943410853869764 -3.635995929672138 -2.2183199648249996 12.308929508616895 18.967873606511798 32.856468910540976 14.933456138586365 17.446472645066017 6.728539624923193 11.104992191650705 -1.6663191875688197 1.3037135791561802 17.936872427260056 5.77351728975444 9.581563033366844 -0.03154992903388276 3.590753556387405 19.468979136686624 -2.7917475768470013 5.3413414666336045 0.8889289420238278 -8.584983307587633 -6.4354940120979425 -9.945271988060805 -0.891552958374362
19.4188376753507 8.774722600055025 -0.1071062131442524 3.3679645648935974 1.4000407533896109 -3.6302962616695034 -2.212620296822383 12.314629176619512 18.973573274514433 32.8621685785436 14.939155806588982 17.452172313068633 6.734239292925827 11.110691859653322 -1.660619519566203 1.309413247158797 17.94257209526269 5.7792169577570744 9.587262701369479 -0.025850261031248323 3.5964532243900216 19.47467880468926 -2.786047908844367 5.347041134636239 0.8946286100264444 -8.579283639584999 -6.429794344095308 -9.93957232005817 -0.8858532903717276
19.478957915831664 8.780401345805195 -0.10142746739408182 3.3736433106437502 1.4057194991397814 -3.6246175159193506 -2.2069415510722123 12.320307922369683 18.979252020264603 32.86784732429378 14.944834552339152 17.457851058818804 6.73991803867598 11.116370605403493 -1.6549407738160324 1.3150919929089675 17.948250841012843 5.784895703507227 9.59294144711965 -0.02017151528109551 3.602131970140192 19.48035755043943 -2.780369163094214 5.35271988038641 0.900307355776615 -8.573604893834846 -6.424115598345155 -9.933893574308017 -0.8801745446215747
19.539078156312623 8.786059316703003 -0.09576949649627409 3.379301281541558 1.4113774700375714 -3.618959545021543 -2.2012835801744046 12.32596589326749 18.984909991162393 32.87350529519157 14.95049252323696 17.46350902971661 6.745576009573788 11.122028576301282 -1.6492828029182247 1.3207499638067575 17.95390881191065 5.790553674405035 9.59859941801744 -0.01451354438328778 3.607789941038 19.48601552133722 -2.7747111921964063 5.3583778512841995 0.9059653266744228 -8.567946922937038 -6.4184576274473475 -9.92823560341021 -0.874516573723767
19.599198396793586 8.791696654748122 -0.09013215845115496 3.384938619586677 1.4170148080827083 -3.6133222069764237 -2.1956462421292855 12.33160323131261 18.99054732920753 32.87914263323669 14.95612986128208 17.46914636776173 6.751213347618907 11.12766591434642 -1.6436454648731056 1.3263873018518944 17.95954614995577 5.796191012450154 9.604236756062559 -0.008876206338168657 3.613427279083119 19.491652859382356 -2.769073854151287 5.364015189329336 0.9116026647195419 -8.562309584891919 -6.412820289402228 -9.92259826536509 -0.8688792356786479
19.65931863727455 8.797313501974795 -0.0845153112244823 3.3905554668133497 1.4226316553093632 -3.607705359749751 -2.190029394902613 12.337220078539282 18.996164176434185 32.884759480463366 14.961746708508752 17.474763214988403 6.75683019484558 11.133282761573092 -1.638028617646433 1.332004149078567 17.965162997182443 5.801807859676827 9.609853603289231 -0.0032593591114959963 3.6190441263097917 19.49726970660901 -2.7634570069246145 5.369632036555991 0.9172195119462145 -8.556692737665246 -6.407203442175556 -9.916981418138418 -0.8632623884519752
19.71943887775551 8.802909998911428 -0.07891881428784941 3.3961519637500004 1.4282281522460138 -3.6021088628131004 -2.18443289796598 12.342816575475915 19.001760673370836 32.890355977400006 14.967343205445385 17.480359711925036 6.76242669178223 11.138879258509725 -1.6324321207098 1.3376006460152 17.970759494119093 5.807404356613477 9.615450100225882 0.002337137825154656 3.6246406232464246 19.50286620354566 -2.757860509987964 5.375228533492642 0.9228160088828474 -8.551096240728596 -6.401606945238905 -9.911384921201767 -0.8576658915153246
19.779559118236474 8.808486280978585 -0.07334253222069265 3.401728245817157 1.4338044343131706 -3.5965325807459614 -2.178856615898823 12.348392857543072 19.007336955437992 32.895932259467166 14.972919487512542 17.485935993992193 6.768002973849369 11.144455540576882 -1.6268558386426433 1.3431769280823567 17.976335776186232 5.812980638680634 9.621026382293039 0.00791341989229366 3.6302169053135813 19.508442485612818 -2.752284227920825 5.380804815559799 0.9283922909500042 -8.545519958661439 -6.396030663171748 -9.905808639134628 -0.8520896094481856
19.839679358717433 8.8140424868803 -0.06778632631897707 3.4072844517188727 1.4393606402148862 -3.590976374844228 -2.1733004099971076 12.353949063444787 19.012893161339708 32.90148846536888 14.978475693414257 17.49149219989391 6.7735591797511026 11.150011746478597 -1.6212996327409277 1.3487331339840722 17.981891982087966 5.81853684458235 9.626582588194754 0.013469625794009232 3.635773111215297 19.513998691514534 -2.7467280220190915 5.386361021461514 0.9339484968517198 -8.539963752759723 -6.390474457270033 -9.900252433232895 -0.8465334035464522
19.899799599198396 8.819578756345958 -0.062250056853336844 3.412820721184513 1.4448969096805264 -3.585440105378588 -2.1677641405314674 12.359485332910428 19.018429430805348 32.90702473483453 14.984011962879915 17.497028469359567 6.779095449216743 11.155548015944238 -1.6157633632752875 1.3542694034497125 17.987428251553606 5.82407311404799 9.632118857660394 0.019005895259667227 3.641309380680955 19.519534960980174 -2.7411917525534513 5.3918972909271545 0.9394847663173778 -8.534427483294083 -6.3849381878043925 -9.894716163767255 -0.840997134080812
19.95991983967936 8.825095226667443 -0.0567335865318519 3.418337191505998 1.4504133800020114 -3.579923635057103 -2.1622476702099824 12.36500180323193 19.023945901126833 32.91254120515601 14.9895284332014 17.50254493968105 6.784611919538228 11.161064486265722 -1.6102468929537848 1.3597858737711974 17.99294472187509 5.829589584369475 9.63763532798188 0.024522365581152172 3.64682585100244 19.52505143130166 -2.7356752822319663 5.3974137612486395 0.9450012366388627 -8.528911012972598 -6.3794217174829075 -9.88919969344577 -0.8354806637593271
20.02004008016032 8.830592030699407 -0.051236782499870515 3.4238339955379793 1.4559101840339927 -3.5744268310251393 -2.156750866178001 12.370498607263894 19.029442705158814 32.91803800918799 14.995025237233364 17.508041743713015 6.790108723570191 11.166561290297704 -1.6047500889218211 1.3652826778031788 17.998441525907054 5.835086388401456 9.64313213201386 0.030019169613115793 3.6523226550344035 19.53054823533364 -2.7301784782000027 5.402910565280621 0.9504980406708263 -8.523414208940617 -6.373924913450944 -9.883702889413806 -0.8299838597273634
20.080160320641284 8.836069301844223 -0.04575951135505463 3.429311266682795 1.4613874551788086 -3.5689495598803056 -2.151273595033185 12.37597587840871 19.03491997630363 32.9235152803328 15.00050250837818 17.51351901485783 6.795585994715025 11.17203856144252 -1.5992728177770053 1.3707599489479947 18.003918797051888 5.840563659546272 9.648609403158677 0.03549644075793168 3.6577999261792193 19.536025506478456 -2.724701207055169 5.408387836425437 0.9559753118156422 -8.5179369377958 -6.36844764230611 -9.878225618268972 -0.8245065885825298
20.140280561122243 8.841527171319754 -0.04030164187952323 3.434769136158309 1.4668453246543223 -3.563491690404792 -2.1458157255576538 12.381433747884241 19.040377845779144 32.92897314980832 15.005960377853711 17.518976884333362 6.801043864190539 11.177496430918051 -1.5938149483014739 1.376217818423526 18.0093766665274 5.846021529021786 9.65406727263419 0.040954310233463076 3.6632577956547507 19.54148337595397 -2.7192433375796554 5.41384570590095 0.9614331812911736 -8.512479068320287 -6.362989772830597 -9.872767748793459 -0.8190487191070162
20.200400801603205 8.846965766801684 -0.03486304639759297 3.440207731640257 1.4722839201362703 -3.5580530949228617 -2.1403771300757235 12.386872343366171 19.045816441261092 32.93441174529026 15.011398973335641 17.524415479815293 6.806482459672469 11.182935026399981 -1.5883763528195436 1.3816564139054563 18.014815262009332 5.851460124503734 9.659505868116138 0.04639290571539334 3.668696391136681 19.546921971435918 -2.713804742097725 5.419284301382898 0.9668717767731039 -8.507040472838339 -6.357551177348649 -9.867329153311529 -0.8136101236250859
20.260521042084168 8.852385221230428 -0.029443591968849603 3.4456271860689824 1.4777033745650137 -3.5526336404941183 -2.13495767564698 12.392291797794915 19.051235895689835 32.93983119971901 15.016818427764385 17.529834934244036 6.811901914101212 11.188354480828725 -1.5829568983908002 1.3870758683341997 18.020234716438075 5.8568795789324595 9.664925322544882 0.051812360144136704 3.6741158455654244 19.55234142586466 -2.708385287668982 5.424703755811642 0.9722912312018472 -8.501621018409613 -6.352131722919923 -9.861909698882785 -0.8081906691963425
20.32064128256513 8.857785665513838 -0.024043147685457456 3.4510276303523924 1.4831038188484058 -3.5472331962107084 -2.129557231363588 12.397692242078307 19.056636339973227 32.94523164400241 15.022218872047794 17.535235378527446 6.817302358384622 11.193754925112117 -1.5775564541073903 1.3924763126175919 18.025635160721485 5.862280023215869 9.670325766828274 0.057212804427546615 3.6795162898488343 19.557741870148053 -2.702984843385572 5.430104200095034 0.9776916754852572 -8.496220574126204 -6.346731278636513 -9.856509254599375 -0.8027902249129326
20.38076152304609 8.863167225752466 -0.018661587446811012 3.456409190591021 1.4884853790870345 -3.5418516359720797 -2.1241756711249415 12.403073802316953 19.062017900211856 32.95061320424104 15.027600432286423 17.540616938766075 6.822683918623251 11.199136485350746 -1.5721748938687616 1.3978578728562205 18.031016720960114 5.867661583454498 9.675707327066903 0.0625943646661753 3.684897850087463 19.563123430386682 -2.697603283146943 5.435485760333663 0.9830732357238858 -8.490839013887575 -6.341349718397884 -9.851127694360747 -0.7974086646743039
20.440881763527052 8.86853002970291 -0.01329878349636715 3.4617719945414827 1.4938481830374961 -3.536488832021618 -2.1188128671744977 12.408436606267397 19.067380704162318 32.95597600819149 15.032963236236867 17.54597974271652 6.8280467225737125 11.204499289301207 -1.5668120899183178 1.4032206768066822 18.036379524910576 5.87302438740496 9.681070131017364 0.06795716861661916 3.690260654037907 19.568486234337144 -2.6922404791964993 5.440848564284124 0.9884360396743297 -8.485476209937113 -6.335986914447423 -9.845764890410303 -0.7920458607238423
20.501002004008015 8.873874202473981 -0.007954610725313671 3.467116167312536 1.4991923558085496 -3.5311446592505646 -2.113468694403444 12.413780779038468 19.07272487693337 32.96132018096255 15.038307409007938 17.55132391548759 6.833390895344766 11.20984346207226 -1.5614679171472465 1.4085648495777356 18.04172369768163 5.878368560176013 9.686414303788418 0.0733013413876904 3.695604826808978 19.573830407108197 -2.686896306425428 5.446192737055178 0.9937802124454009 -8.48013203716606 -6.330642741676369 -9.840420717639232 -0.7867016879527888
20.561122244488978 8.87919986499421 -0.0026289482050678714 3.472441829832764 1.5045180183287954 -3.5258189967303366 -2.1081430318831984 12.419106441558696 19.0780505394536 32.96664584348278 15.043633071528166 17.556649578007818 6.838716557864994 11.215169124592506 -1.5561422546270185 1.4138905120979814 18.047049360201857 5.883694222696241 9.691739966308646 0.07862700390791844 3.700930489329206 19.579156069628425 -2.6815706439052 5.451518399575406 0.999105874965629 -8.474806374645832 -6.325317079156141 -9.835095055119004 -0.7813760254325608
20.62124248496994 8.884507138724373 0.0026783255250784066 3.477749103562928 1.5098252920589417 -3.5205117230001726 -2.102835758153052 12.424413715288843 19.083357813183763 32.97195311721294 15.04894034525833 17.561956851737982 6.844023831595158 11.220476398322653 -1.5508349808968545 1.4191977858281277 18.05235663393202 5.889001496426405 9.69704724003881 0.08393427763808248 3.70623776305937 19.58446334335859 -2.676263370175036 5.45682567330557 1.004413148695793 -8.469499100915668 -6.320009805425977 -9.82978778138884 -0.7760687517023968
20.6813627254509 8.889796150357192 0.007967337157914756 3.483038115195747 1.515114303691778 -3.515222711367354 -2.0975467465202158 12.429702726921679 19.0886468248166 32.977242128845766 15.054229356891149 17.5672458633708 6.849312843227977 11.225765409955489 -1.5455459692640359 1.424486797460964 18.05764564556484 5.894290508059224 9.702336251671628 0.08922328927090106 3.7115267746921887 19.589752354991425 -2.6709743585422174 5.462114684938406 1.0097021603286116 -8.46421008928285 -6.314720793793159 -9.82449876975602 -0.7707797400695782
20.741482965931862 8.895067021534153 0.013238208334875878 3.4883089863727257 1.5203851748687391 -3.509951840190375 -2.0922758753432547 12.43497359809864 19.09391769599356 32.982513000022735 15.05950022806811 17.57251673454776 6.8545837144049555 11.23103628113245 -1.5402750980870747 1.4297576686379252 18.06291651674182 5.899561379236203 9.707607122848607 0.09449416044786219 3.71679764586915 19.595023226168387 -2.6657034873652385 5.467385556115367 1.0149730315055727 -8.45893921810587 -6.30944992261618 -9.819227898579042 -0.7655088688925993
