web/models/kne/44/mosfit_kn_0.144270_0.1867_10.0000.dat
# %ECSV 1.0
# ---
# datatype:
# - {name: time, datatype: float64}
# - {name: PS1_g, datatype: float64}
# - {name: PS1_i, datatype: float64}
# - {name: PS1_r, datatype: float64}
# - {name: PS1_w, datatype: float64}
# - {name: PS1_y, datatype: float64}
# - {name: PS1_z, datatype: float64}
# - {name: swift_uvot_B, datatype: float64}
# - {name: swift_uvot_U, datatype: float64}
# - {name: swift_uvot_uvm2, datatype: float64}
# - {name: swift_uvot_uvw1, datatype: float64}
# - {name: swift_uvot_uvw2, datatype: float64}
# - {name: swift_uvot_V, datatype: float64}
# - {name: johnson_B, datatype: float64}
# - {name: johnson_I, datatype: float64}
# - {name: johnson_R, datatype: float64}
# - {name: johnson_U, datatype: float64}
# - {name: johnson_V, datatype: float64}
# - {name: sdss_g, datatype: float64}
# - {name: sdss_i, datatype: float64}
# - {name: sdss_r, datatype: float64}
# - {name: sdss_u, datatype: float64}
# - {name: sdss_z, datatype: float64}
# - {name: ATLAS_c, datatype: float64}
# - {name: ATLAS_o, datatype: float64}
# - {name: ukirt_H, datatype: float64}
# - {name: ukirt_J, datatype: float64}
# - {name: ukirt_K, datatype: float64}
# - {name: Clear, datatype: float64}
# meta: !!omap
# - comment: [kappa = 10.0, type = rprocess, mass = 0.1442699905917794, velocity = 0.1866666666666667, theta_obs = 0.0, tfloor = 1000.0]
# schema: astropy-2.0
time PS1_g PS1_i PS1_r PS1_w PS1_y PS1_z swift_uvot_B swift_uvot_U swift_uvot_uvm2 swift_uvot_uvw1 swift_uvot_uvw2 swift_uvot_V johnson_B johnson_I johnson_R johnson_U johnson_V sdss_g sdss_i sdss_r sdss_u sdss_z ATLAS_c ATLAS_o ukirt_H ukirt_J ukirt_K Clear
[from data line 142]
8.597194388777554 -5.178804536168045 -10.331711545862596 -8.341331111014725 -9.047677219898667 -12.230462675004379 -11.493104140894115 -3.1314643069921564 0.2833691370646465 9.950933391958628 0.43725622840723277 2.3674781357644084 -6.538330850728269 -3.581648650596016 -11.351761711799135 -9.333516297597228 -0.22202017860230006 -6.882966142250539 -4.702171431706077 -10.28723245796737 -8.256534489537373 0.9139225524350181 -11.740234863458419 -6.951626846807049 -9.548326943654839 -14.577346390532318 -13.610282760128028 -15.087268008125141 -10.12188963965258
8.657314629258517 -5.132658363802793 -10.305419406235092 -8.30704425088257 -9.019471488539246 -12.212807967659085 -11.4719045155692 -3.0774824299847934 0.354168074999919 10.048355492260953 0.4889688743274516 2.420449404824613 -6.496107030785699 -3.5307681497783645 -11.328186486099778 -9.303802795174764 -0.1537691611150226 -6.843095304474553 -4.654216062413514 -10.260723538717329 -8.221616832637526 0.9840473044716092 -11.720461848523147 -6.9138440186621075 -9.52020512170348 -14.573175923959576 -13.59994832427544 -15.087455262642473 -10.099555722018465
8.71743486973948 -5.086451005106429 -10.279047941019801 -8.27268611850334 -8.991199788733546 -12.195067014640735 -11.45062068773191 -3.023444056322485 0.4250139764014451 10.145738536623053 0.5406965156440084 2.4734598159538703 -6.453813502986628 -3.4798395167038305 -11.30453107811202 -9.27402652171508 -0.08547072291850133 -6.803162108281719 -4.606201151373206 -10.23413563105633 -8.18662659819731 1.0542208055988667 -11.700606520530652 -6.875999647274522 -9.492014867023624 -14.56891325503891 -13.58952464980568 -15.087549405219674 -10.077158086371067
8.77755511022044 -5.04021691083393 -10.252620949867293 -8.238284806685297 -8.96288681360586 -12.177258958686501 -11.429273714860315 -2.9693878789713954 0.49585909113274007 10.24302093089593 0.5924021917814497 2.526471569243857 -6.411482668311106 -3.428899716720974 -11.2808178175517 -9.244213059506762 -0.017171259472778977 -6.763197660151225 -4.558162124059724 -10.207492651957217 -8.151592232077949 1.1243956333157357 -11.680689161019373 -6.838123613634952 -9.463780889388786 -14.564570213480453 -13.57902691301957 -15.087559888785334 -10.054718215888379
8.837675350701403 -4.993897493738526 -10.226099315940402 -8.203793364809364 -8.934491474412134 -12.159353133617739 -11.40782946346718 -2.9152476568357697 0.566786135468629 10.340311747040435 0.6441502890609034 2.579550200410804 -6.3690598246255385 -3.377885521715886 -11.257010244801606 -9.214319925817975 0.05120942892305147 -6.723149563217132 -4.510038623073829 -10.180755273448163 -8.116466173729293 1.1946538127041961 -11.660677035043427 -6.800165472788198 -9.43546223546484 -14.560129298466363 -13.568431599222277 -15.087473457034298 -10.032200744711268
8.897795591182364 -4.947549380754737 -10.199521816185886 -8.16925776045828 -8.90605412211352 -12.141380526848451 -11.386322122460584 -2.861087102811047 0.6377162335376065 10.437508702704786 0.695879694925186 2.6326332651616515 -6.32659813292084 -3.326857777002989 -11.233144679644706 -9.184388901726585 0.1195947480837024 -6.683068817499469 -4.461888906005829 -10.153962468180264 -8.08129497501703 1.264917039153719 -11.64060303389535 -6.762174240865821 -9.407099243476846 -14.555609287989666 -13.55776307076489 -15.087304927564292 -10.009640675132658
8.957915831663327 -4.901118756744491 -10.172852533919023 -8.134634877228972 -8.877537042082118 -12.12331299060919 -11.364720355144744 -2.8068453633734434 0.7087253926587957 10.53471195144764 0.7476494990755893 2.685780945874076 -6.284047343419144 -3.2757584160620863 -11.209187650458052 -9.154380998641198 0.18805838762491656 -6.642907308745902 -4.413657530752708 -10.127078125726232 -8.046034956206842 1.3352606847905513 -11.620437112103765 -6.72410359672984 -9.378654321527069 -14.55099414443694 -13.546999758815693 -15.087042168142462 -9.987005564519649
9.018036072144287 -4.854670863090025 -10.146136061816264 -8.099977623044268 -8.848986642442167 -12.105186108509471 -11.343063449280244 -2.752595876151932 0.779722625838666 10.631803518236623 0.7993892860514511 2.7389212487148886 -6.241468691059276 -3.224657541548503 -11.1851809055326 -9.124344258745609 0.25651200715940414 -6.602723753265402 -4.365411624311513 -10.100147064610834 -8.010739703394272 1.405594426695469 -11.600217050048851 -6.686009974053402 -9.350173857161952 -14.546305325866731 -13.536169580863964 -15.086702054661563 -9.964335624970744
9.07815631262525 -4.808117432899444 -10.119313153907932 -8.065215077514285 -8.820340872645733 -12.086953247834202 -11.321299590599043 -2.69823893229261 0.8508322490106581 10.728946445825077 0.8511954804616022 2.7921525345131184 -6.198779644155164 -3.1734600310009893 -11.161069175069073 -9.0942145217426 0.3250761672663739 -6.562439125888575 -4.317060279262179 -10.07310972446037 -7.9753373690692975 1.4760415745705657 -11.579893141718713 -6.64781732602906 -9.321595955236983 -14.541515899612898 -13.52523660478681 -15.086264018288878 -9.941577409976947
9.138276553106213 -4.761529847220025 -10.092432542481138 -8.03040509198146 -8.791650456601179 -12.068653260666995 -11.299471694182994 -2.6438549017041977 0.9219546390188074 10.826011548749076 0.9029910216610308 2.8453959943353415 -6.15604718958662 -3.1222425882642786 -11.13689807070375 -9.064044291081157 0.39365415182545116 -6.5221176417041145 -4.2686769444507 -10.046015084982276 -7.939886549333881 1.5465032361485243 -11.559506645745543 -6.609587372888495 -9.292971312350975 -14.536649224909313 -13.514231273701112 -15.085746392716642 -9.918774844047746
9.198396793587174 -4.71488084963303 -10.065476230019836 -7.995525947661335 -8.762896435539798 -12.05027216063753 -11.277564126954793 -2.58941289813163 0.9931285176548601 10.923050122730512 0.9548059971787564 2.8986822578258544 -6.113245928430982 -3.070975764282768 -11.112650857895982 -9.03381398509443 0.46228347453344265 -6.481735013058249 -4.220233523682442 -10.018845049215077 -7.904365236491699 1.6170177925437557 -11.539042599500764 -6.571296715007513 -9.264281052395553 -14.531697560238753 -13.503142995790574 -15.085143446517238 -9.895911686469656
9.258517034068136 -4.668169830186173 -10.038444234670685 -7.9605774146480535 -8.734078668495364 -12.031810219960857 -11.255577058521844 -2.534912094228253 1.0643552215028154 11.020064672871307 1.00664153200043 2.9520123764902597 -6.070375415946299 -3.019658790571324 -11.088327632392769 -9.003523488582747 0.53096537690293 -6.441290857838433 -4.171729353680078 -9.99159962970074 -7.86877319094625 1.687586530083074 -11.51850121424431 -6.532944944839567 -9.23552508579478 -14.526661544706181 -13.491972246073034 -15.084455926678915 -9.872987941734745
9.318637274549097 -4.621404093044035 -10.011341921929429 -7.925565642773478 -8.705202595025927 -12.013271940554908 -11.23351534796857 -2.480360592644316 1.1356249751124816 11.117043235643994 1.0584901663134443 3.005378619760727 -6.027442620627597 -2.968299412558246 -11.063933483919978 -8.97317845750359 0.5996903207075089 -6.400791889929882 -4.123171919139388 -9.964284214146808 -7.833116636876394 1.758199709116468 -11.497887201925039 -6.49453847872401 -9.206708894693865 -14.521544296156959 -13.480722778292654 -15.083686491810615 -9.850008425882155
9.37875751503006 -4.574558257991708 -9.984152530645858 -7.890470408668122 -8.67625058094431 -11.994644296431254 -11.211364434129418 -2.4257296301293882 1.20697384757003 11.21403347462589 1.1103798338264785 3.0588094746684793 -5.984423882481143 -2.9168702280538423 -11.039452830305418 -8.942760685199264 0.6684932452831195 -6.360215505241109 -4.0745350583642725 -9.936881949248004 -7.797375078316282 1.8288930826385652 -11.47718663283257 -6.456055540132706 -9.177814918045168 -14.516338613504532 -13.469384733451742 -15.082829817398922 -9.82695805042237
9.438877755511022 -4.527684077182386 -9.956911492674223 -7.8553337123631195 -8.647259420814137 -11.975955591878389 -11.189155556383845 -2.371077453297402 1.2783296861401008 11.310942310204407 1.1622549374089002 3.112247937774392 -5.941367818605408 -2.865426780761457 -11.014918845451113 -8.912308251802347 0.7373040988862624 -6.319608276480399 -4.025872014382497 -9.909428444756063 -7.7615910629775975 1.8995950136666195 -11.456429537176103 -6.417540873922363 -9.14887994933931 -14.511061596393178 -13.457980333807987 -15.081899361643883 -9.803868667045315
9.498997995991983 -4.480704537568059 -9.92956708254015 -7.820093663319607 -8.61817504222758 -11.95716509861473 -11.166843461434723 -2.3163170599506264 1.3498009855269724 11.407911475264708 1.2141992446746035 3.165779679341011 -5.8982023729319915 -2.813886164064638 -10.99028328271234 -8.881765272086472 0.8062280842229687 -6.27890129143134 -3.9771034739153777 -9.88187170278934 -7.725701876406923 1.9704131269968173 -11.435572528730944 -6.378928175303713 -9.119850033656238 -14.505689734541567 -13.446478206169806 -15.080877184166981 -9.780693767106836
9.559118236472946 -4.433677090580108 -9.90215857698459 -7.784796851556752 -8.589038246183751 -11.938304158025108 -11.144462758657774 -2.261513131190461 1.4213075777243136 11.504837497706394 1.266150998053917 3.2193413737888723 -5.854981503087953 -2.762310047235936 -10.965582904460629 -8.851173966841472 0.8751873761772334 -6.238146226831131 -3.928288548166048 -9.854251197953783 -7.689754718349118 2.0412678322487743 -11.414648868890058 -6.3402670963454 -9.09076596497254 -14.500241896015885 -13.434902920560921 -15.079778100068333 -9.757468648019696
9.619238476953907 -4.386574629294859 -9.874668011048815 -7.74942164058281 -8.559830169784046 -11.919358770131083 -11.121997816935707 -2.206634965152513 1.4928879247988471 11.60177102436609 1.3181399098608009 3.272963367790546 -5.811679915350354 -2.7106691934704448 -10.940800999643738 -8.820514862011414 0.9442192365136105 -6.197318926084063 -3.8793993010724925 -9.82654886771364 -7.6537276593361625 2.1121972604616523 -11.393643602170709 -6.301534369797306 -9.061608948790791 -14.4947102749256 -13.423243844771447 -15.078596301429846 -9.734177163266473
9.67935871743487 -4.339420171614421 -9.847111344987223 -7.713986832315918 -8.53056730124095 -11.900341802386425 -11.099462779029565 -2.1517084060700595 1.564510149945484 11.698671388077774 1.3701415048359071 3.3266204857255457 -5.768319298313512 -2.658988244605855 -10.915952546023544 -8.789805033913229 1.0132926921004848 -6.156440176865041 -3.830459397310104 -9.798780749755593 -7.617639745641878 2.1831697421980323 -11.372570343226283 -6.262749944219745 -9.032395497749288 -14.489102856869172 -13.41151119773327 -15.077338180699423 -9.710833634926335
9.739478957915832 -4.292197034713823 -9.819477654642341 -7.678479191722598 -8.501238124736048 -11.881244822390027 -11.076848187550628 -2.0967145154051456 1.6361980749542762 11.795570180074876 1.422174191098851 3.3803315065151875 -5.724884122648828 -2.6072491772655444 -10.89102740737846 -8.759032606077152 1.0824308027671914 -6.115495167564615 -3.7814516331583725 -9.770935858989365 -7.581477560260943 2.2542088816349803 -11.351420061056388 -6.223899538720179 -9.003114152776686 -14.483415094997374 -13.39969866094856 -15.076000441191704 -9.68742824911038
9.799599198396793 -4.244884325527423 -9.79175315421676 -7.6428820810274445 -8.471828159617303 -11.862057124791612 -11.054142068599973 -2.0416296066669224 1.7079814257677841 11.892506561772503 1.4742608692771424 3.4341198465304292 -5.681354903911722 -2.555429457648874 -10.866012774252482 -8.728182640753463 1.1516623544271165 -6.074465314736252 -3.7323544718539203 -9.743000334343925 -7.54522423618166 2.325344143545429 -11.330181312981491 -6.184965246996672 -8.973750490562313 -14.477641099983616 -13.387798148772168 -15.074578746704733 -9.6639486440308
9.859719438877756 -4.19758096859427 -9.764005193135006 -7.6072755429579075 -8.442407374761185 -11.842832280400497 -11.031403674023341 -1.9865651619938796 1.7797217756644381 11.989301957390342 1.526295244453753 3.4878763302695117 -5.637824509848309 -2.503635256535745 -10.840971618816788 -8.697327487493435 1.2208530230269399 -6.0334394371766615 -3.6832697180187957 -9.715041866440295 -7.508960885335423 2.3964381191555084 -11.308910979558195 -6.146032425929153 -8.944374447442964 -14.471812762036558 -13.375851456525963 -15.073097942116023 -9.640455186036565
9.919839679358716 -4.150163202587471 -9.736150310244636 -7.571559924786406 -8.412888771574565 -11.82350437551463 -11.008559858097282 -1.9313814535508123 1.851593194503849 12.086182431897715 1.578411125909334 3.5417381934004912 -5.5941769934889445 -2.451733544401606 -10.81582605009012 -8.666377252275705 1.2901716120588413 -5.992306735300176 -3.6340699428532197 -9.686976561446947 -7.472586511693802 2.46766352020515 -11.287538936603312 -6.106994506828567 -8.914899157424205 -14.465891720829232 -13.363807642865273 -15.07152859882927 -9.616873053427195
9.97995991983968 -4.102693164710036 -9.708230930961879 -7.5357855772800875 -8.383316377985075 -11.804107227620744 -10.985647988082867 -1.8761484680694374 1.9235088652899182 12.1830362444666 1.6305418825958289 3.595636959134293 -5.550470725255601 -2.3997909764369614 -10.790615757841088 -8.635377470223233 1.359533861631952 -5.951123046222404 -3.5848190828900073 -9.6588470581937 -7.43615213738174 2.5389341557848155 -11.26610106949288 -6.067905135817071 -8.885368642201765 -14.459898239247993 -13.35169316431262 -15.069886571312344 -9.593240265282148
10.040080160320642 -4.055157461628749 -9.680238322856827 -7.499941899073512 -8.353680983097505 -11.78463411942623 -10.962660516980485 -1.8208509879300039 1.9954879609596434 12.27988885534971 1.682702295986687 3.6495877165867765 -5.506693245865553 -2.3477930826988787 -10.765332648110608 -8.604318650011475 1.428958323487961 -5.90987650180123 -3.535503323903608 -9.630644575347755 -7.3996470132131265 2.6102690197457967 -11.244590180076397 -6.0287528634390775 -8.855773739279638 -14.453828744177171 -13.339503014893788 -15.068169297555459 -9.569548991792285
10.100200400801603 -4.0075426461018 -9.652163708124846 -7.4640182407185485 -8.323973339783137 -11.765078292682247 -10.939589854280722 -1.7654737362351647 2.0675497260831754 12.376765757100877 1.7349071679043608 3.703605597379728 -5.462832039671775 -2.2957253452914945 -10.73996858417103 -8.573191265733417 1.498463617972241 -5.86855518742803 -3.4861087970391047 -9.602360286262677 -7.363060340024017 2.6816871780488505 -11.222999030334417 -5.989526196121933 -8.82610524799384 -14.44767963272861 -13.32723215400497 -15.066374190205012 -9.545791376207617
10.160320641282565 -3.95987425070901 -9.624024710014503 -7.42803540644104 -8.294211653795927 -11.745453906474062 -10.916451589389702 -1.7100454126787057 2.139658688061896 12.473621753468858 1.7871293631022316 3.7576626281343875 -5.418911154363653 -2.24361509226052 -10.714540085477406 -8.542014157314075 1.5680152941621972 -5.827182116599318 -3.4366617589139636 -9.574011900311632 -7.326413199142348 2.7531533940165787 -11.201342609703655 -5.950247220670395 -8.796381394746629 -14.441459589303081 -13.314891768910629 -15.064508146517033 -9.521983184519627
10.220440881763526 -3.912086196940461 -9.595776878132476 -7.391940263803072 -8.264349609686583 -11.725725924736707 -10.893206801269155 -1.6544913679341378 2.2119079555083054 12.570577625658267 1.8394402206203968 3.8118320989688184 -5.374868691755091 -2.191391327700693 -10.68900569832578 -8.510739504142137 1.6377036132643563 -5.785698216344774 -3.387094164972897 -9.545554736640476 -7.2896517294232765 2.824760040566474 -11.179583640443358 -5.910859105614694 -8.766555940551406 -14.435148380309977 -13.302454870618872 -15.062555732716179 -9.498084670470046
