web/models/kne/44/mosfit_kn_0.062996_0.1867_3.6500.dat
# %ECSV 1.0
# ---
# datatype:
# - {name: time, datatype: float64}
# - {name: PS1_g, datatype: float64}
# - {name: PS1_i, datatype: float64}
# - {name: PS1_r, datatype: float64}
# - {name: PS1_w, datatype: float64}
# - {name: PS1_y, datatype: float64}
# - {name: PS1_z, datatype: float64}
# - {name: swift_uvot_B, datatype: float64}
# - {name: swift_uvot_U, datatype: float64}
# - {name: swift_uvot_uvm2, datatype: float64}
# - {name: swift_uvot_uvw1, datatype: float64}
# - {name: swift_uvot_uvw2, datatype: float64}
# - {name: swift_uvot_V, datatype: float64}
# - {name: johnson_B, datatype: float64}
# - {name: johnson_I, datatype: float64}
# - {name: johnson_R, datatype: float64}
# - {name: johnson_U, datatype: float64}
# - {name: johnson_V, datatype: float64}
# - {name: sdss_g, datatype: float64}
# - {name: sdss_i, datatype: float64}
# - {name: sdss_r, datatype: float64}
# - {name: sdss_u, datatype: float64}
# - {name: sdss_z, datatype: float64}
# - {name: ATLAS_c, datatype: float64}
# - {name: ATLAS_o, datatype: float64}
# - {name: ukirt_H, datatype: float64}
# - {name: ukirt_J, datatype: float64}
# - {name: ukirt_K, datatype: float64}
# - {name: Clear, datatype: float64}
# meta: !!omap
# - comment: [kappa = 3.65, type = rprocess, mass = 0.06299605249512866, velocity = 0.1866666666666667, theta_obs = 0.0, tfloor = 1000.0]
# schema: astropy-2.0
time PS1_g PS1_i PS1_r PS1_w PS1_y PS1_z swift_uvot_B swift_uvot_U swift_uvot_uvm2 swift_uvot_uvw1 swift_uvot_uvw2 swift_uvot_V johnson_B johnson_I johnson_R johnson_U johnson_V sdss_g sdss_i sdss_r sdss_u sdss_z ATLAS_c ATLAS_o ukirt_H ukirt_J ukirt_K Clear
[from data line 28]
1.7434869739478958 -12.490753572767233 -14.06227848409813 -13.51319714669911 -13.439846608699266 -14.448082818402543 -14.318056902189138 -11.781882913157357 -11.306223689356205 -7.431290312098684 -9.455760517175662 -7.5489970843736245 -13.024255222294709 -11.860798820084003 -14.625941110317175 -13.881211059651683 -11.356262356010706 -13.088100190501864 -12.33632467646256 -14.05743500128926 -13.506015988326041 -10.49941930806547 -14.3579644008366 -12.938288931581408 -13.784186912511114 -14.542344530406497 -14.603295136337893 -14.346887884047826 -13.621628248827342
1.8036072144288577 -12.455021880835293 -14.063847139067196 -13.49997140455157 -13.429550425945802 -14.464505466208433 -14.328673512379169 -11.733326922026787 -11.227777670543038 -7.283517919607745 -9.36146231933316 -7.446083228807229 -12.998742846608302 -11.814289299594968 -14.631823528165128 -13.872609945151144 -11.282833149437856 -13.064206370794727 -12.297309451278089 -14.058604764472431 -13.492385185829914 -10.423758695861594 -14.370241012922698 -12.913815860024691 -13.778612486918167 -14.57942050460028 -14.631008229220333 -14.390188030247655 -13.618289360278926
1.8637274549098195 -12.41849116394512 -14.064058316003702 -13.485598844302018 -13.418220189942431 -14.479379544976005 -14.337812446449796 -11.684135942305353 -11.149143351345021 -7.136774514417062 -9.268154519687268 -7.344962864949917 -12.97223637320575 -11.76714630870093 -14.63629552980911 -13.862825933611138 -11.209127367814322 -13.039317080956712 -12.25754284215336 -14.058422294567237 -13.47760514908277 -10.347840419021441 -14.38102518766808 -12.888438756038756 -13.771823390268505 -14.614717495739576 -14.657045360314596 -14.431643196144533 -13.613878493168947
1.9238476953907815 -12.381162695931671 -14.062964145200052 -13.470112165471182 -13.40588429172648 -14.492775630505346 -14.34553723028559 -11.634294941735057 -11.070264029118864 -6.9908995593035455 -9.17572483539896 -7.245462639164074 -12.944753086059617 -11.71935649788367 -14.639414535846129 -13.851896842338906 -11.135095991780634 -13.013450985252442 -12.21702167716689 -14.05693922370899 -13.461708371058734 -10.271612997648027 -14.390382297222857 -12.862171409670768 -13.763860777729686 -14.648330448895873 -14.68149043357691 -14.471355684991119 -13.608430029946046
1.9839679358717435 -12.343061427866004 -14.060627678074198 -13.453559968447681 -13.39258691701426 -14.50477033131694 -14.351919316106265 -11.583816824529755 -10.991121269078246 -6.84579566566802 -9.08410803109403 -7.14746361583391 -12.91633021941226 -11.670933889368293 -14.641247477772989 -13.839874951984587 -11.060726461426473 -12.986646245284115 -12.175767581943706 -14.054218236807827 -13.4447433444363 -10.195062108737094 -14.398385120137522 -12.83504774835654 -13.754779312362242 -14.68035367770376 -14.704429742871701 -14.509425160565781 -13.60199214962698
2.0440881763527052 -12.304246700651476 -14.057130511536684 -13.436015630974207 -13.378396318375554 -14.515452609757507 -14.357044921145619 -11.532754266249682 -10.91174920039661 -6.701448188981394 -8.993299558937835 -7.05091406337479 -12.88703492074114 -11.621931473935398 -14.641878038530304 -13.826835428894466 -10.986056590018435 -12.95897029965978 -12.133837966837309 -14.050340730690856 -13.426783490173815 -10.118224716078092 -14.40512052052 -12.807131476882532 -13.744655305353604 -14.71088530074249 -14.725957265021401 -14.545952509952114 -13.594634370721561
2.1042084168336674 -12.264728260281128 -14.052517901555941 -13.4175108620496 -13.363340957498444 -14.524880542215968 -14.360967227464716 -11.481105665937143 -10.832117132593382 -6.557754090083352 -8.903227871197856 -6.95569628351857 -12.85688815554207 -11.572348828985909 -14.641355154097415 -13.812813557756016 -10.911061071299486 -12.93044508021884 -12.091239476882993 -14.04535161517158 -13.407860377712204 -10.041073806264382 -14.410642963871734 -12.778441006037369 -13.733526335477801 -14.740000273594745 -14.746140311326135 -14.58101778877415 -13.58638924895379
2.164328657314629 -12.224546819354067 -14.046852274918535 -13.398099976609874 -13.347471177600596 -14.53312396297223 -14.363753285051466 -11.428905090847394 -10.752241170405767 -6.414683259690082 -8.813874771800538 -6.86175118408196 -12.825937986138129 -11.522220483578586 -14.639743361520374 -13.79786556372774 -10.835759497782053 -12.901119048851848 -12.048010938704454 -14.0393131163321 -13.388028318804821 -9.963628068418604 -14.415020186148038 -12.749021658740052 -13.721449834998296 -14.767777818776452 -14.765053858309168 -14.614703056841288 -13.577308802046897
2.224448897795591 -12.183733330654789 -14.040186735570472 -13.377827749040119 -13.330828310282001 -14.540243664403434 -14.365460982710072 -11.376176629353171 -10.6721271498267 -6.272195143061075 -8.725213284179087 -6.769013408860495 -12.794222707486977 -11.47157108470266 -14.63709796151954 -13.782038263692453 -10.760161201442912 -12.87103097361564 -12.004181379309156 -14.032278130087992 -13.367332058292458 -9.885895869272954 -14.418310807766908 -12.71890929948487 -13.708473907218899 -14.794288579816858 -14.782764094015695 -14.647081934021314 -13.56743632847694
2.284569138276553 -12.142327553625787 -14.03257761505138 -13.356744365117699 -13.313458942781384 -14.546301509004138 -14.366150118146006 -11.322955062396211 -10.5917961264357 -6.130275153590612 -8.637234498169395 -6.677438698879076 -12.76178782248132 -11.420435696320904 -14.633476857418366 -13.76538322851695 -10.68428995159768 -12.84022661272539 -11.959789123941267 -14.024302837960665 -13.345821802628102 -9.807900330038173 -14.420575122574402 -12.688147000634835 -13.694650982318493 -14.81960129795732 -14.799336653653937 -14.678225237644307 -13.556819462670209
2.344689378757515 -12.100288472625014 -14.024025630443617 -13.334834323176352 -13.295347242055904 -14.551314025667796 -14.365831106633511 -11.269185523394285 -10.511159366579612 -5.9887536913615795 -8.549816051675894 -6.586869210821188 -12.728604606373459 -11.368761371746231 -14.62888534395968 -13.747889727017608 -10.608063000443952 -12.80867877226166 -11.914789496984781 -14.015387531838979 -13.323481729333544 -9.729556433755224 -14.421825243277961 -12.65670516517826 -13.679973340553602 -14.843753948997232 -14.814799793257743 -14.708177433803316 -13.545448659818167
2.4048096192384767 -12.057691831377042 -14.014606443774422 -13.312173707082646 -13.276564700787823 -14.555355852096383 -14.364579079596638 -11.214944477894992 -10.430293050118884 -5.847702694523263 -8.463011003610177 -6.49732887731869 -12.694749908984086 -11.316623963718268 -14.623398751137213 -13.729633186803031 -10.531556962031072 -12.776463852005902 -11.869258276306844 -14.005607899789823 -13.300388115120008 -9.650941129642234 -14.422136067543292 -12.624657900823344 -13.664515946604165 -14.86681894493573 -14.82922695097775 -14.737010255573518 -13.533393489573697
2.464929859719439 -12.014500398276429 -14.004319280400477 -13.288747554682434 -13.257096328165492 -14.558440077907306 -14.362401759666668 -11.160182552227528 -10.349118230808969 -5.706973061685193 -8.376711615334091 -6.40867952786348 -12.660197158096047 -11.263975844092705 -14.61702032452224 -13.710602884672866 -10.45469809692544 -12.743556667057623 -11.823155031862473 -13.99496279467142 -13.276525701308604 -9.571978669847638 -14.42151682073641 -12.591978056466377 -13.648270722754976 -14.888828230553962 -14.842641526085137 -14.76476135948898 -13.520644571625269
2.5250501002004007 -11.970755492979706 -13.993213500609638 -13.264602351145083 -13.236985607335576 -14.560618472230367 -14.359350046930004 -11.104938844694445 -10.26766726529699 -5.566578975130414 -8.290927895496125 -6.320904937565238 -12.624990754568241 -11.210856113364546 -14.609800102047139 -13.690845834618443 -10.37752020126802 -12.710001644216485 -11.77652039661048 -13.983501511217913 -13.251941030924534 -9.492702621138793 -14.420018587107961 -12.558708122904996 -13.631284960995735 -14.909836299546818 -14.855096790555622 -14.791486062089161 -13.507245386339335
2.5851703406813624 -11.92648752847127 -13.981329730901582 -13.239774960291335 -13.216266872772486 -14.561935000614596 -14.35546666809456 -11.049240755581799 -10.185959097786768 -5.426517537149603 -8.205656613287928 -6.233976864497354 -12.589164710115252 -11.157292340917223 -14.60177966130071 -13.67039974960295 -10.300043922125798 -12.675832950897055 -11.729383904283175 -13.971264585565137 -13.22667098826905 -9.413133248240548 -14.417684391032886 -12.524880446919386 -13.61359685491383 -14.929891184869422 -14.866638946545441 -14.817233624797959 -13.493230799606941
2.6452905811623246 -11.88168226232241 -13.968677702038281 -13.214265827471863 -13.194940066735317 -14.562408401178963 -14.350766883777855 -10.99306613078926 -10.103952087166288 -5.2867008186133395 -8.120833513975576 -6.14780689609907 -12.552711894932209 -11.103263495794188 -14.592971346344783 -13.649267835817664 -10.222231093257818 -12.641044352066382 -11.681729212998881 -13.958261506634262 -13.2007158377996 -9.333231091017478 -14.414530465227422 -12.490487257412894 -13.595211287110658 -14.949023785260543 -14.877293384839357 -14.842038634954358 -13.478604253571724
2.7054108216432864 -11.836386278678699 -13.955306042904247 -13.188123042569693 -13.173050199314247 -14.562087416755922 -14.345299458682597 -10.936461353863073 -10.02169076403586 -5.147166828952055 -8.036483556363958 -6.062398254992164 -12.515680237276083 -11.048815669669793 -14.583423798406134 -13.627498009932133 -10.144126834676321 -12.60568357134815 -11.633602749192793 -13.944540899510027 -13.17412377927214 -9.25304137801989 -14.410605508552372 -12.455574610525453 -13.576176000949491 -14.96728240937031 -14.887108628130504 -14.865949263037004 -13.463409806546132
2.7655310621242486 -11.79054829759636 -13.941197552062317 -13.161316030716197 -13.150568126642384 -14.56096810665489 -14.339055284497011 -10.879363559026551 -9.93908467961619 -5.007761431101481 -7.952495595916904 -5.97761835634142 -12.478028030332286 -10.99388791199701 -14.573123683686557 -13.605063957115561 -10.06564543635059 -12.569710405401276 -11.584950233667115 -13.930085207600449 -13.146863885035422 -9.172476395317837 -14.40590190906514 -12.420101206815026 -13.55646727260547 -14.98468144103709 -14.896090748972684 -14.888985462929634 -13.447624185466172
2.8256513026052104 -11.744188279903174 -13.926381018747112 -13.133870287709488 -13.127517697771935 -14.559082257287255 -14.332065020887086 -10.821790018146562 -9.856143822280963 -4.868476581762578 -7.868861921526218 -5.8934403084754585 -12.439778194959434 -10.938497760611043 -14.56210065593866 -13.581992033865095 -9.986798313020497 -12.533147998176409 -11.535790864582758 -13.914923139634858 -13.118961638401263 -9.091547177857393 -14.400450621051881 -12.384088886300653 -13.536111910037665 -15.001256435649331 -14.90427360471452 -14.911183936389952 -13.43127193712748
2.885771543086172 -11.697345426543553 -13.910896982306209 -13.105826046273492 -13.103936582793132 -14.556470363675764 -14.324369234473338 -10.763779889607463 -9.772906107593418 -4.729345701593746 -7.785603196896993 -5.809866692756017 -12.40097093480384 -10.882684137587745 -14.550395227559207 -13.558322313070168 -9.907623821941336 -12.496036388432168 -11.486163744769424 -13.899095235797922 -13.090457362895904 -9.010292189098248 -14.394292146787766 -12.34757631289817 -13.515149803549367 -15.017047330462955 -14.91169740205011 -14.932584447669706 -13.414389893846455
2.9458917835671343 -11.649994236706771 -13.894742305437937 -13.077171427950027 -13.07981349405054 -14.553137909175167 -14.315970054626295 -10.705300118785345 -9.689320335340845 -4.59027582159701 -7.702651529831996 -5.726812347125602 -12.361587097830473 -10.826415251516707 -14.538006779689649 -13.534045718194545 -9.828073914300354 -12.45835741620535 -11.43604140778761 -13.882598128260213 -13.06133895485793 -8.928662078893623 -14.3874295913872 -12.310544432442736 -13.493573522688784 -15.032071465181499 -14.918374105782613 -14.95320794804618 -13.396970490961504
3.006012024048096 -11.60211470115673 -13.877916634489331 -13.047898403152018 -13.055140895808162 -14.549092106623878 -14.306871749542154 -10.646324055493672 -9.605343884334676 -4.451187748203476 -7.6199491469981595 -5.644203530197153 -12.321612250512796 -10.769665590428076 -14.524937172869283 -13.50915671093227 -9.748108746533994 -12.420097540064495 -11.385402116508612 -13.865431261269787 -13.031598182769688 -8.846615854187707 -14.379868085929921 -12.27297890867586 -13.471378963758607 -15.046346464893286 -14.924316620540042 -14.97307524038044 -13.379009461308584
3.066132264529058 -11.5537975803589 -13.860492140715532 -13.01808678743388 -13.029993535900495 -14.544396977970138 -14.297141607792625 -10.586949471684878 -9.521089357224337 -4.312225513934414 -7.537592194357767 -5.562121130673091 -12.281132968126524 -10.712531336577435 -14.51125617434797 -13.48373221455087 -9.667838748927473 -12.38134212629278 -11.334338302118105 -13.847667023629011 -13.001315232011112 -8.764265351615919 -14.371673894701544 -12.234963506592944 -13.448641174908467 -15.059924247655175 -14.92958238490038 -14.992234546673194 -13.360576600526244
3.12625250501002 -11.504982762892713 -13.842440477635183 -12.987695681855431 -13.004333093710265 -14.539036788080999 -14.286758948811329 -10.527105242653782 -9.436459923071343 -4.173234593490938 -7.455470348201008 -5.480440690410674 -12.240097721325498 -10.654943424824225 -14.496939138316424 -13.45773558757288 -9.587171407409755 -12.34204124587208 -11.282787047456413 -13.829276732308458 -12.970448804860037 -8.681516071904731 -14.36282781720644 -12.196447917238284 -13.425326022972808 -15.072806773953765 -14.934165325799176 -15.010693230491635 -13.341639599089383
3.186372745490982 -11.455714937739145 -13.823801994434461 -12.956767349525116 -12.978199100440087 -14.533049649936878 -14.275762809841055 -10.466837944547926 -9.351505533939264 -4.0342713618579955 -7.373618461500708 -5.3991834593227 -12.198550583782996 -10.5969478995986 -14.482025750181943 -13.431208251955724 -9.506156322361107 -12.30223857807024 -11.230793444950056 -13.810300796348027 -12.93904130927622 -8.598418049620946 -14.353368584616408 -12.157474645536208 -13.401474309183623 -15.08502856490821 -14.938101613701933 -15.028484715096402 -13.32223621281921
3.2464929859719436 -11.405940122196139 -13.80455111451834 -12.925264979443245 -12.951557259673372 -14.52642130173885 -14.264134485460627 -10.406083703209152 -9.266139302965684 -3.8951977703925804 -7.2919383691356465 -5.318239072895551 -12.156445179939467 -10.53848280676679 -14.466493761218306 -13.404117285185883 -9.424710456732505 -12.2618892350523 -11.178301000468629 -13.790713337668059 -12.90705556068863 -8.51488644472754 -14.343278836227409 -12.117998575850546 -13.37705536000465 -15.096591292432105 -14.941385685030697 -15.045615547961384 -13.302337617995033
3.306613226452906 -11.355684320358925 -13.78471465103221 -12.893215213166727 -12.924432559399133 -14.519178503121868 -14.2519007890375 -10.34486851556877 -9.180386456416247 -3.756036747304388 -7.2104419818661825 -5.237607495210387 -12.113808123391447 -10.479574050106283 -14.45036996779 -13.376489287338586 -9.34285932556315 -12.221019770928104 -11.125335661323899 -13.770541171318271 -12.874518250255207 -8.430946831602952 -14.332585355906318 -12.078045364912846 -13.35209562477294 -15.10752131927752 -14.944044097041543 -15.062111975062747 -13.281968276786955
3.3667334669338675 -11.304944919468198 -13.764299950343162 -12.860621545451743 -12.89682839502369 -14.51133235132497 -14.239071362397073 -10.283186455343227 -9.094232923153776 -3.6167559524738406 -7.12910341597091 -5.15725177677416 -12.07063968447595 -10.420216314913628 -14.433662821672765 -13.348329053989769 -9.260590313798282 -12.179630936894428 -11.071893942762845 -13.749791544225314 -12.841432772498447 -8.346586021046907 -14.321298223437271 -12.037615175813006 -13.326600556373247 -15.117834845718164 -14.946090741443497 -15.07799176401617 -13.26113312254316
