web/models/linear/3/-12_184_0_002.dat
# %ECSV 1.0
# ---
# datatype:
# - {name: time, datatype: float64}
# - {name: sdss_u, datatype: float64}
# - {name: sdss_g, datatype: float64}
# - {name: sdss_r, datatype: float64}
# - {name: sdss_i, datatype: float64}
# - {name: sdss_z, datatype: float64}
# - {name: Clear, datatype: float64}
# - {name: johnson_B, datatype: float64}
# - {name: johnson_V, datatype: float64}
# - {name: johnson_R, datatype: float64}
# - {name: johnson_I, datatype: float64}
# - {name: ukirt_J, datatype: float64}
# - {name: ukirt_H, datatype: float64}
# - {name: ukirt_K, datatype: float64}
# meta: !!omap
# - comment: [M=-12.183673469387756, dM=0.0021718998507771624]
# schema: astropy-2.0
time sdss_u sdss_g sdss_r sdss_i sdss_z Clear johnson_B johnson_V johnson_R johnson_I ukirt_J ukirt_H ukirt_K
[from data line 117]
8.819095477386934 -12.16451927723643 -12.16451927723643 -12.16451927723643 -12.16451927723643 -12.16451927723643 -12.16451927723643 -12.16451927723643 -12.16451927723643 -12.16451927723643 -12.16451927723643 -12.16451927723643 -12.16451927723643 -12.16451927723643
8.894472361809044 -12.164355566192402 -12.164355566192402 -12.164355566192402 -12.164355566192402 -12.164355566192402 -12.164355566192402 -12.164355566192402 -12.164355566192402 -12.164355566192402 -12.164355566192402 -12.164355566192402 -12.164355566192402 -12.164355566192402
8.969849246231155 -12.164191855148372 -12.164191855148372 -12.164191855148372 -12.164191855148372 -12.164191855148372 -12.164191855148372 -12.164191855148372 -12.164191855148372 -12.164191855148372 -12.164191855148372 -12.164191855148372 -12.164191855148372 -12.164191855148372
9.045226130653266 -12.164028144104345 -12.164028144104345 -12.164028144104345 -12.164028144104345 -12.164028144104345 -12.164028144104345 -12.164028144104345 -12.164028144104345 -12.164028144104345 -12.164028144104345 -12.164028144104345 -12.164028144104345 -12.164028144104345
9.120603015075377 -12.163864433060317 -12.163864433060317 -12.163864433060317 -12.163864433060317 -12.163864433060317 -12.163864433060317 -12.163864433060317 -12.163864433060317 -12.163864433060317 -12.163864433060317 -12.163864433060317 -12.163864433060317 -12.163864433060317
9.195979899497488 -12.163700722016287 -12.163700722016287 -12.163700722016287 -12.163700722016287 -12.163700722016287 -12.163700722016287 -12.163700722016287 -12.163700722016287 -12.163700722016287 -12.163700722016287 -12.163700722016287 -12.163700722016287 -12.163700722016287
9.271356783919597 -12.16353701097226 -12.16353701097226 -12.16353701097226 -12.16353701097226 -12.16353701097226 -12.16353701097226 -12.16353701097226 -12.16353701097226 -12.16353701097226 -12.16353701097226 -12.16353701097226 -12.16353701097226 -12.16353701097226
9.346733668341708 -12.163373299928232 -12.163373299928232 -12.163373299928232 -12.163373299928232 -12.163373299928232 -12.163373299928232 -12.163373299928232 -12.163373299928232 -12.163373299928232 -12.163373299928232 -12.163373299928232 -12.163373299928232 -12.163373299928232
9.422110552763819 -12.163209588884202 -12.163209588884202 -12.163209588884202 -12.163209588884202 -12.163209588884202 -12.163209588884202 -12.163209588884202 -12.163209588884202 -12.163209588884202 -12.163209588884202 -12.163209588884202 -12.163209588884202 -12.163209588884202
9.497487437185928 -12.163045877840174 -12.163045877840174 -12.163045877840174 -12.163045877840174 -12.163045877840174 -12.163045877840174 -12.163045877840174 -12.163045877840174 -12.163045877840174 -12.163045877840174 -12.163045877840174 -12.163045877840174 -12.163045877840174
9.572864321608039 -12.162882166796145 -12.162882166796145 -12.162882166796145 -12.162882166796145 -12.162882166796145 -12.162882166796145 -12.162882166796145 -12.162882166796145 -12.162882166796145 -12.162882166796145 -12.162882166796145 -12.162882166796145 -12.162882166796145
9.64824120603015 -12.162718455752117 -12.162718455752117 -12.162718455752117 -12.162718455752117 -12.162718455752117 -12.162718455752117 -12.162718455752117 -12.162718455752117 -12.162718455752117 -12.162718455752117 -12.162718455752117 -12.162718455752117 -12.162718455752117
9.72361809045226 -12.162554744708089 -12.162554744708089 -12.162554744708089 -12.162554744708089 -12.162554744708089 -12.162554744708089 -12.162554744708089 -12.162554744708089 -12.162554744708089 -12.162554744708089 -12.162554744708089 -12.162554744708089 -12.162554744708089
9.798994974874372 -12.16239103366406 -12.16239103366406 -12.16239103366406 -12.16239103366406 -12.16239103366406 -12.16239103366406 -12.16239103366406 -12.16239103366406 -12.16239103366406 -12.16239103366406 -12.16239103366406 -12.16239103366406 -12.16239103366406
9.874371859296481 -12.162227322620032 -12.162227322620032 -12.162227322620032 -12.162227322620032 -12.162227322620032 -12.162227322620032 -12.162227322620032 -12.162227322620032 -12.162227322620032 -12.162227322620032 -12.162227322620032 -12.162227322620032 -12.162227322620032
9.949748743718592 -12.162063611576004 -12.162063611576004 -12.162063611576004 -12.162063611576004 -12.162063611576004 -12.162063611576004 -12.162063611576004 -12.162063611576004 -12.162063611576004 -12.162063611576004 -12.162063611576004 -12.162063611576004 -12.162063611576004
10.025125628140703 -12.161899900531974 -12.161899900531974 -12.161899900531974 -12.161899900531974 -12.161899900531974 -12.161899900531974 -12.161899900531974 -12.161899900531974 -12.161899900531974 -12.161899900531974 -12.161899900531974 -12.161899900531974 -12.161899900531974
10.100502512562812 -12.161736189487947 -12.161736189487947 -12.161736189487947 -12.161736189487947 -12.161736189487947 -12.161736189487947 -12.161736189487947 -12.161736189487947 -12.161736189487947 -12.161736189487947 -12.161736189487947 -12.161736189487947 -12.161736189487947
10.175879396984923 -12.161572478443919 -12.161572478443919 -12.161572478443919 -12.161572478443919 -12.161572478443919 -12.161572478443919 -12.161572478443919 -12.161572478443919 -12.161572478443919 -12.161572478443919 -12.161572478443919 -12.161572478443919 -12.161572478443919
10.251256281407034 -12.16140876739989 -12.16140876739989 -12.16140876739989 -12.16140876739989 -12.16140876739989 -12.16140876739989 -12.16140876739989 -12.16140876739989 -12.16140876739989 -12.16140876739989 -12.16140876739989 -12.16140876739989 -12.16140876739989
10.326633165829145 -12.161245056355861 -12.161245056355861 -12.161245056355861 -12.161245056355861 -12.161245056355861 -12.161245056355861 -12.161245056355861 -12.161245056355861 -12.161245056355861 -12.161245056355861 -12.161245056355861 -12.161245056355861 -12.161245056355861
10.402010050251256 -12.161081345311834 -12.161081345311834 -12.161081345311834 -12.161081345311834 -12.161081345311834 -12.161081345311834 -12.161081345311834 -12.161081345311834 -12.161081345311834 -12.161081345311834 -12.161081345311834 -12.161081345311834 -12.161081345311834
10.477386934673365 -12.160917634267804 -12.160917634267804 -12.160917634267804 -12.160917634267804 -12.160917634267804 -12.160917634267804 -12.160917634267804 -12.160917634267804 -12.160917634267804 -12.160917634267804 -12.160917634267804 -12.160917634267804 -12.160917634267804
10.552763819095476 -12.160753923223776 -12.160753923223776 -12.160753923223776 -12.160753923223776 -12.160753923223776 -12.160753923223776 -12.160753923223776 -12.160753923223776 -12.160753923223776 -12.160753923223776 -12.160753923223776 -12.160753923223776 -12.160753923223776
10.628140703517587 -12.160590212179747 -12.160590212179747 -12.160590212179747 -12.160590212179747 -12.160590212179747 -12.160590212179747 -12.160590212179747 -12.160590212179747 -12.160590212179747 -12.160590212179747 -12.160590212179747 -12.160590212179747 -12.160590212179747
10.703517587939697 -12.160426501135719 -12.160426501135719 -12.160426501135719 -12.160426501135719 -12.160426501135719 -12.160426501135719 -12.160426501135719 -12.160426501135719 -12.160426501135719 -12.160426501135719 -12.160426501135719 -12.160426501135719 -12.160426501135719
10.778894472361808 -12.160262790091691 -12.160262790091691 -12.160262790091691 -12.160262790091691 -12.160262790091691 -12.160262790091691 -12.160262790091691 -12.160262790091691 -12.160262790091691 -12.160262790091691 -12.160262790091691 -12.160262790091691 -12.160262790091691
10.854271356783919 -12.160099079047662 -12.160099079047662 -12.160099079047662 -12.160099079047662 -12.160099079047662 -12.160099079047662 -12.160099079047662 -12.160099079047662 -12.160099079047662 -12.160099079047662 -12.160099079047662 -12.160099079047662 -12.160099079047662
10.92964824120603 -12.159935368003634 -12.159935368003634 -12.159935368003634 -12.159935368003634 -12.159935368003634 -12.159935368003634 -12.159935368003634 -12.159935368003634 -12.159935368003634 -12.159935368003634 -12.159935368003634 -12.159935368003634 -12.159935368003634
11.00502512562814 -12.159771656959606 -12.159771656959606 -12.159771656959606 -12.159771656959606 -12.159771656959606 -12.159771656959606 -12.159771656959606 -12.159771656959606 -12.159771656959606 -12.159771656959606 -12.159771656959606 -12.159771656959606 -12.159771656959606
11.08040201005025 -12.159607945915576 -12.159607945915576 -12.159607945915576 -12.159607945915576 -12.159607945915576 -12.159607945915576 -12.159607945915576 -12.159607945915576 -12.159607945915576 -12.159607945915576 -12.159607945915576 -12.159607945915576 -12.159607945915576
11.15577889447236 -12.159444234871549 -12.159444234871549 -12.159444234871549 -12.159444234871549 -12.159444234871549 -12.159444234871549 -12.159444234871549 -12.159444234871549 -12.159444234871549 -12.159444234871549 -12.159444234871549 -12.159444234871549 -12.159444234871549
11.231155778894472 -12.15928052382752 -12.15928052382752 -12.15928052382752 -12.15928052382752 -12.15928052382752 -12.15928052382752 -12.15928052382752 -12.15928052382752 -12.15928052382752 -12.15928052382752 -12.15928052382752 -12.15928052382752 -12.15928052382752
11.306532663316581 -12.159116812783491 -12.159116812783491 -12.159116812783491 -12.159116812783491 -12.159116812783491 -12.159116812783491 -12.159116812783491 -12.159116812783491 -12.159116812783491 -12.159116812783491 -12.159116812783491 -12.159116812783491 -12.159116812783491
11.381909547738692 -12.158953101739463 -12.158953101739463 -12.158953101739463 -12.158953101739463 -12.158953101739463 -12.158953101739463 -12.158953101739463 -12.158953101739463 -12.158953101739463 -12.158953101739463 -12.158953101739463 -12.158953101739463 -12.158953101739463
11.457286432160803 -12.158789390695434 -12.158789390695434 -12.158789390695434 -12.158789390695434 -12.158789390695434 -12.158789390695434 -12.158789390695434 -12.158789390695434 -12.158789390695434 -12.158789390695434 -12.158789390695434 -12.158789390695434 -12.158789390695434
11.532663316582914 -12.158625679651406 -12.158625679651406 -12.158625679651406 -12.158625679651406 -12.158625679651406 -12.158625679651406 -12.158625679651406 -12.158625679651406 -12.158625679651406 -12.158625679651406 -12.158625679651406 -12.158625679651406 -12.158625679651406
11.608040201005025 -12.158461968607378 -12.158461968607378 -12.158461968607378 -12.158461968607378 -12.158461968607378 -12.158461968607378 -12.158461968607378 -12.158461968607378 -12.158461968607378 -12.158461968607378 -12.158461968607378 -12.158461968607378 -12.158461968607378
11.683417085427134 -12.158298257563349 -12.158298257563349 -12.158298257563349 -12.158298257563349 -12.158298257563349 -12.158298257563349 -12.158298257563349 -12.158298257563349 -12.158298257563349 -12.158298257563349 -12.158298257563349 -12.158298257563349 -12.158298257563349
11.758793969849245 -12.158134546519321 -12.158134546519321 -12.158134546519321 -12.158134546519321 -12.158134546519321 -12.158134546519321 -12.158134546519321 -12.158134546519321 -12.158134546519321 -12.158134546519321 -12.158134546519321 -12.158134546519321 -12.158134546519321
11.834170854271356 -12.157970835475293 -12.157970835475293 -12.157970835475293 -12.157970835475293 -12.157970835475293 -12.157970835475293 -12.157970835475293 -12.157970835475293 -12.157970835475293 -12.157970835475293 -12.157970835475293 -12.157970835475293 -12.157970835475293
11.909547738693465 -12.157807124431264 -12.157807124431264 -12.157807124431264 -12.157807124431264 -12.157807124431264 -12.157807124431264 -12.157807124431264 -12.157807124431264 -12.157807124431264 -12.157807124431264 -12.157807124431264 -12.157807124431264 -12.157807124431264
11.984924623115576 -12.157643413387236 -12.157643413387236 -12.157643413387236 -12.157643413387236 -12.157643413387236 -12.157643413387236 -12.157643413387236 -12.157643413387236 -12.157643413387236 -12.157643413387236 -12.157643413387236 -12.157643413387236 -12.157643413387236
12.060301507537687 -12.157479702343208 -12.157479702343208 -12.157479702343208 -12.157479702343208 -12.157479702343208 -12.157479702343208 -12.157479702343208 -12.157479702343208 -12.157479702343208 -12.157479702343208 -12.157479702343208 -12.157479702343208 -12.157479702343208
12.135678391959798 -12.157315991299178 -12.157315991299178 -12.157315991299178 -12.157315991299178 -12.157315991299178 -12.157315991299178 -12.157315991299178 -12.157315991299178 -12.157315991299178 -12.157315991299178 -12.157315991299178 -12.157315991299178 -12.157315991299178
12.21105527638191 -12.15715228025515 -12.15715228025515 -12.15715228025515 -12.15715228025515 -12.15715228025515 -12.15715228025515 -12.15715228025515 -12.15715228025515 -12.15715228025515 -12.15715228025515 -12.15715228025515 -12.15715228025515 -12.15715228025515
12.286432160804019 -12.156988569211123 -12.156988569211123 -12.156988569211123 -12.156988569211123 -12.156988569211123 -12.156988569211123 -12.156988569211123 -12.156988569211123 -12.156988569211123 -12.156988569211123 -12.156988569211123 -12.156988569211123 -12.156988569211123
12.36180904522613 -12.156824858167093 -12.156824858167093 -12.156824858167093 -12.156824858167093 -12.156824858167093 -12.156824858167093 -12.156824858167093 -12.156824858167093 -12.156824858167093 -12.156824858167093 -12.156824858167093 -12.156824858167093 -12.156824858167093
12.43718592964824 -12.156661147123065 -12.156661147123065 -12.156661147123065 -12.156661147123065 -12.156661147123065 -12.156661147123065 -12.156661147123065 -12.156661147123065 -12.156661147123065 -12.156661147123065 -12.156661147123065 -12.156661147123065 -12.156661147123065
12.51256281407035 -12.156497436079036 -12.156497436079036 -12.156497436079036 -12.156497436079036 -12.156497436079036 -12.156497436079036 -12.156497436079036 -12.156497436079036 -12.156497436079036 -12.156497436079036 -12.156497436079036 -12.156497436079036 -12.156497436079036
12.58793969849246 -12.156333725035008 -12.156333725035008 -12.156333725035008 -12.156333725035008 -12.156333725035008 -12.156333725035008 -12.156333725035008 -12.156333725035008 -12.156333725035008 -12.156333725035008 -12.156333725035008 -12.156333725035008 -12.156333725035008
12.663316582914572 -12.15617001399098 -12.15617001399098 -12.15617001399098 -12.15617001399098 -12.15617001399098 -12.15617001399098 -12.15617001399098 -12.15617001399098 -12.15617001399098 -12.15617001399098 -12.15617001399098 -12.15617001399098 -12.15617001399098
12.738693467336683 -12.15600630294695 -12.15600630294695 -12.15600630294695 -12.15600630294695 -12.15600630294695 -12.15600630294695 -12.15600630294695 -12.15600630294695 -12.15600630294695 -12.15600630294695 -12.15600630294695 -12.15600630294695 -12.15600630294695
12.814070351758794 -12.155842591902923 -12.155842591902923 -12.155842591902923 -12.155842591902923 -12.155842591902923 -12.155842591902923 -12.155842591902923 -12.155842591902923 -12.155842591902923 -12.155842591902923 -12.155842591902923 -12.155842591902923 -12.155842591902923
12.889447236180903 -12.155678880858895 -12.155678880858895 -12.155678880858895 -12.155678880858895 -12.155678880858895 -12.155678880858895 -12.155678880858895 -12.155678880858895 -12.155678880858895 -12.155678880858895 -12.155678880858895 -12.155678880858895 -12.155678880858895
12.964824120603014 -12.155515169814866 -12.155515169814866 -12.155515169814866 -12.155515169814866 -12.155515169814866 -12.155515169814866 -12.155515169814866 -12.155515169814866 -12.155515169814866 -12.155515169814866 -12.155515169814866 -12.155515169814866 -12.155515169814866
13.040201005025125 -12.155351458770838 -12.155351458770838 -12.155351458770838 -12.155351458770838 -12.155351458770838 -12.155351458770838 -12.155351458770838 -12.155351458770838 -12.155351458770838 -12.155351458770838 -12.155351458770838 -12.155351458770838 -12.155351458770838
