web/models/linear/3/-12_184_0_035.dat
# %ECSV 1.0
# ---
# datatype:
# - {name: time, datatype: float64}
# - {name: swift_uvot_uvw2, datatype: float64}
# - {name: swift_uvot_uvm2, datatype: float64}
# - {name: swift_uvot_uvw1, datatype: float64}
# - {name: swift_uvot_U, datatype: float64}
# - {name: swift_uvot_B, datatype: float64}
# - {name: swift_uvot_V, datatype: float64}
# - {name: swift_uvot_W, datatype: float64}
# - {name: johnson_U, datatype: float64}
# - {name: johnson_B, datatype: float64}
# - {name: johnson_V, datatype: float64}
# - {name: johnson_R, datatype: float64}
# - {name: johnson_I, datatype: float64}
# - {name: sdss_u, datatype: float64}
# - {name: sdss_g, datatype: float64}
# - {name: sdss_r, datatype: float64}
# - {name: sdss_i, datatype: float64}
# - {name: sdss_z, datatype: float64}
# - {name: PS1_g, datatype: float64}
# - {name: PS1_r, datatype: float64}
# - {name: PS1_i, datatype: float64}
# - {name: PS1_z, datatype: float64}
# - {name: PS1_Y, datatype: float64}
# - {name: PS1_w, datatype: float64}
# - {name: ATLAS_c, datatype: float64}
# - {name: ATLAS_o, datatype: float64}
# - {name: ukirt_J, datatype: float64}
# - {name: ukirt_H, datatype: float64}
# - {name: ukirt_K, datatype: float64}
# - {name: Clear, datatype: float64}
# meta: !!omap
# - comment: [M=-12.183673469387756, dM=0.035437498608938814]
# schema: astropy-2.0
time swift_uvot_uvw2 swift_uvot_uvm2 swift_uvot_uvw1 swift_uvot_U swift_uvot_B swift_uvot_V swift_uvot_W johnson_U johnson_B johnson_V johnson_R johnson_I sdss_u sdss_g sdss_r sdss_i sdss_z PS1_g PS1_r PS1_i PS1_z PS1_Y PS1_w ATLAS_c ATLAS_o ukirt_J ukirt_H ukirt_K Clear
[from data line 54]
4.0703517587939695 -12.039430384597603 -12.039430384597603 -12.039430384597603 -12.039430384597603 -12.039430384597603 -12.039430384597603 -12.039430384597603 -12.039430384597603 -12.039430384597603 -12.039430384597603 -12.039430384597603 -12.039430384597603 -12.039430384597603 -12.039430384597603 -12.039430384597603 -12.039430384597603 -12.039430384597603 -12.039430384597603 -12.039430384597603 -12.039430384597603 -12.039430384597603 -12.039430384597603 -12.039430384597603 -12.039430384597603 -12.039430384597603 -12.039430384597603 -12.039430384597603 -12.039430384597603 -12.039430384597603
4.14572864321608 -12.036759216360748 -12.036759216360748 -12.036759216360748 -12.036759216360748 -12.036759216360748 -12.036759216360748 -12.036759216360748 -12.036759216360748 -12.036759216360748 -12.036759216360748 -12.036759216360748 -12.036759216360748 -12.036759216360748 -12.036759216360748 -12.036759216360748 -12.036759216360748 -12.036759216360748 -12.036759216360748 -12.036759216360748 -12.036759216360748 -12.036759216360748 -12.036759216360748 -12.036759216360748 -12.036759216360748 -12.036759216360748 -12.036759216360748 -12.036759216360748 -12.036759216360748 -12.036759216360748
4.221105527638191 -12.034088048123893 -12.034088048123893 -12.034088048123893 -12.034088048123893 -12.034088048123893 -12.034088048123893 -12.034088048123893 -12.034088048123893 -12.034088048123893 -12.034088048123893 -12.034088048123893 -12.034088048123893 -12.034088048123893 -12.034088048123893 -12.034088048123893 -12.034088048123893 -12.034088048123893 -12.034088048123893 -12.034088048123893 -12.034088048123893 -12.034088048123893 -12.034088048123893 -12.034088048123893 -12.034088048123893 -12.034088048123893 -12.034088048123893 -12.034088048123893 -12.034088048123893 -12.034088048123893
4.296482412060302 -12.03141687988704 -12.03141687988704 -12.03141687988704 -12.03141687988704 -12.03141687988704 -12.03141687988704 -12.03141687988704 -12.03141687988704 -12.03141687988704 -12.03141687988704 -12.03141687988704 -12.03141687988704 -12.03141687988704 -12.03141687988704 -12.03141687988704 -12.03141687988704 -12.03141687988704 -12.03141687988704 -12.03141687988704 -12.03141687988704 -12.03141687988704 -12.03141687988704 -12.03141687988704 -12.03141687988704 -12.03141687988704 -12.03141687988704 -12.03141687988704 -12.03141687988704 -12.03141687988704
4.371859296482412 -12.028745711650185 -12.028745711650185 -12.028745711650185 -12.028745711650185 -12.028745711650185 -12.028745711650185 -12.028745711650185 -12.028745711650185 -12.028745711650185 -12.028745711650185 -12.028745711650185 -12.028745711650185 -12.028745711650185 -12.028745711650185 -12.028745711650185 -12.028745711650185 -12.028745711650185 -12.028745711650185 -12.028745711650185 -12.028745711650185 -12.028745711650185 -12.028745711650185 -12.028745711650185 -12.028745711650185 -12.028745711650185 -12.028745711650185 -12.028745711650185 -12.028745711650185 -12.028745711650185
4.447236180904522 -12.02607454341333 -12.02607454341333 -12.02607454341333 -12.02607454341333 -12.02607454341333 -12.02607454341333 -12.02607454341333 -12.02607454341333 -12.02607454341333 -12.02607454341333 -12.02607454341333 -12.02607454341333 -12.02607454341333 -12.02607454341333 -12.02607454341333 -12.02607454341333 -12.02607454341333 -12.02607454341333 -12.02607454341333 -12.02607454341333 -12.02607454341333 -12.02607454341333 -12.02607454341333 -12.02607454341333 -12.02607454341333 -12.02607454341333 -12.02607454341333 -12.02607454341333 -12.02607454341333
4.522613065326633 -12.023403375176475 -12.023403375176475 -12.023403375176475 -12.023403375176475 -12.023403375176475 -12.023403375176475 -12.023403375176475 -12.023403375176475 -12.023403375176475 -12.023403375176475 -12.023403375176475 -12.023403375176475 -12.023403375176475 -12.023403375176475 -12.023403375176475 -12.023403375176475 -12.023403375176475 -12.023403375176475 -12.023403375176475 -12.023403375176475 -12.023403375176475 -12.023403375176475 -12.023403375176475 -12.023403375176475 -12.023403375176475 -12.023403375176475 -12.023403375176475 -12.023403375176475 -12.023403375176475
4.597989949748744 -12.02073220693962 -12.02073220693962 -12.02073220693962 -12.02073220693962 -12.02073220693962 -12.02073220693962 -12.02073220693962 -12.02073220693962 -12.02073220693962 -12.02073220693962 -12.02073220693962 -12.02073220693962 -12.02073220693962 -12.02073220693962 -12.02073220693962 -12.02073220693962 -12.02073220693962 -12.02073220693962 -12.02073220693962 -12.02073220693962 -12.02073220693962 -12.02073220693962 -12.02073220693962 -12.02073220693962 -12.02073220693962 -12.02073220693962 -12.02073220693962 -12.02073220693962 -12.02073220693962
4.673366834170854 -12.018061038702765 -12.018061038702765 -12.018061038702765 -12.018061038702765 -12.018061038702765 -12.018061038702765 -12.018061038702765 -12.018061038702765 -12.018061038702765 -12.018061038702765 -12.018061038702765 -12.018061038702765 -12.018061038702765 -12.018061038702765 -12.018061038702765 -12.018061038702765 -12.018061038702765 -12.018061038702765 -12.018061038702765 -12.018061038702765 -12.018061038702765 -12.018061038702765 -12.018061038702765 -12.018061038702765 -12.018061038702765 -12.018061038702765 -12.018061038702765 -12.018061038702765 -12.018061038702765
4.748743718592964 -12.015389870465912 -12.015389870465912 -12.015389870465912 -12.015389870465912 -12.015389870465912 -12.015389870465912 -12.015389870465912 -12.015389870465912 -12.015389870465912 -12.015389870465912 -12.015389870465912 -12.015389870465912 -12.015389870465912 -12.015389870465912 -12.015389870465912 -12.015389870465912 -12.015389870465912 -12.015389870465912 -12.015389870465912 -12.015389870465912 -12.015389870465912 -12.015389870465912 -12.015389870465912 -12.015389870465912 -12.015389870465912 -12.015389870465912 -12.015389870465912 -12.015389870465912 -12.015389870465912
4.824120603015075 -12.012718702229057 -12.012718702229057 -12.012718702229057 -12.012718702229057 -12.012718702229057 -12.012718702229057 -12.012718702229057 -12.012718702229057 -12.012718702229057 -12.012718702229057 -12.012718702229057 -12.012718702229057 -12.012718702229057 -12.012718702229057 -12.012718702229057 -12.012718702229057 -12.012718702229057 -12.012718702229057 -12.012718702229057 -12.012718702229057 -12.012718702229057 -12.012718702229057 -12.012718702229057 -12.012718702229057 -12.012718702229057 -12.012718702229057 -12.012718702229057 -12.012718702229057 -12.012718702229057
4.899497487437186 -12.010047533992202 -12.010047533992202 -12.010047533992202 -12.010047533992202 -12.010047533992202 -12.010047533992202 -12.010047533992202 -12.010047533992202 -12.010047533992202 -12.010047533992202 -12.010047533992202 -12.010047533992202 -12.010047533992202 -12.010047533992202 -12.010047533992202 -12.010047533992202 -12.010047533992202 -12.010047533992202 -12.010047533992202 -12.010047533992202 -12.010047533992202 -12.010047533992202 -12.010047533992202 -12.010047533992202 -12.010047533992202 -12.010047533992202 -12.010047533992202 -12.010047533992202 -12.010047533992202
4.974874371859296 -12.007376365755347 -12.007376365755347 -12.007376365755347 -12.007376365755347 -12.007376365755347 -12.007376365755347 -12.007376365755347 -12.007376365755347 -12.007376365755347 -12.007376365755347 -12.007376365755347 -12.007376365755347 -12.007376365755347 -12.007376365755347 -12.007376365755347 -12.007376365755347 -12.007376365755347 -12.007376365755347 -12.007376365755347 -12.007376365755347 -12.007376365755347 -12.007376365755347 -12.007376365755347 -12.007376365755347 -12.007376365755347 -12.007376365755347 -12.007376365755347 -12.007376365755347 -12.007376365755347
5.050251256281406 -12.004705197518492 -12.004705197518492 -12.004705197518492 -12.004705197518492 -12.004705197518492 -12.004705197518492 -12.004705197518492 -12.004705197518492 -12.004705197518492 -12.004705197518492 -12.004705197518492 -12.004705197518492 -12.004705197518492 -12.004705197518492 -12.004705197518492 -12.004705197518492 -12.004705197518492 -12.004705197518492 -12.004705197518492 -12.004705197518492 -12.004705197518492 -12.004705197518492 -12.004705197518492 -12.004705197518492 -12.004705197518492 -12.004705197518492 -12.004705197518492 -12.004705197518492 -12.004705197518492
5.125628140703517 -12.002034029281637 -12.002034029281637 -12.002034029281637 -12.002034029281637 -12.002034029281637 -12.002034029281637 -12.002034029281637 -12.002034029281637 -12.002034029281637 -12.002034029281637 -12.002034029281637 -12.002034029281637 -12.002034029281637 -12.002034029281637 -12.002034029281637 -12.002034029281637 -12.002034029281637 -12.002034029281637 -12.002034029281637 -12.002034029281637 -12.002034029281637 -12.002034029281637 -12.002034029281637 -12.002034029281637 -12.002034029281637 -12.002034029281637 -12.002034029281637 -12.002034029281637 -12.002034029281637
5.201005025125628 -11.999362861044784 -11.999362861044784 -11.999362861044784 -11.999362861044784 -11.999362861044784 -11.999362861044784 -11.999362861044784 -11.999362861044784 -11.999362861044784 -11.999362861044784 -11.999362861044784 -11.999362861044784 -11.999362861044784 -11.999362861044784 -11.999362861044784 -11.999362861044784 -11.999362861044784 -11.999362861044784 -11.999362861044784 -11.999362861044784 -11.999362861044784 -11.999362861044784 -11.999362861044784 -11.999362861044784 -11.999362861044784 -11.999362861044784 -11.999362861044784 -11.999362861044784 -11.999362861044784
5.276381909547738 -11.996691692807929 -11.996691692807929 -11.996691692807929 -11.996691692807929 -11.996691692807929 -11.996691692807929 -11.996691692807929 -11.996691692807929 -11.996691692807929 -11.996691692807929 -11.996691692807929 -11.996691692807929 -11.996691692807929 -11.996691692807929 -11.996691692807929 -11.996691692807929 -11.996691692807929 -11.996691692807929 -11.996691692807929 -11.996691692807929 -11.996691692807929 -11.996691692807929 -11.996691692807929 -11.996691692807929 -11.996691692807929 -11.996691692807929 -11.996691692807929 -11.996691692807929 -11.996691692807929
5.351758793969848 -11.994020524571074 -11.994020524571074 -11.994020524571074 -11.994020524571074 -11.994020524571074 -11.994020524571074 -11.994020524571074 -11.994020524571074 -11.994020524571074 -11.994020524571074 -11.994020524571074 -11.994020524571074 -11.994020524571074 -11.994020524571074 -11.994020524571074 -11.994020524571074 -11.994020524571074 -11.994020524571074 -11.994020524571074 -11.994020524571074 -11.994020524571074 -11.994020524571074 -11.994020524571074 -11.994020524571074 -11.994020524571074 -11.994020524571074 -11.994020524571074 -11.994020524571074 -11.994020524571074
5.427135678391959 -11.991349356334219 -11.991349356334219 -11.991349356334219 -11.991349356334219 -11.991349356334219 -11.991349356334219 -11.991349356334219 -11.991349356334219 -11.991349356334219 -11.991349356334219 -11.991349356334219 -11.991349356334219 -11.991349356334219 -11.991349356334219 -11.991349356334219 -11.991349356334219 -11.991349356334219 -11.991349356334219 -11.991349356334219 -11.991349356334219 -11.991349356334219 -11.991349356334219 -11.991349356334219 -11.991349356334219 -11.991349356334219 -11.991349356334219 -11.991349356334219 -11.991349356334219 -11.991349356334219
5.50251256281407 -11.988678188097364 -11.988678188097364 -11.988678188097364 -11.988678188097364 -11.988678188097364 -11.988678188097364 -11.988678188097364 -11.988678188097364 -11.988678188097364 -11.988678188097364 -11.988678188097364 -11.988678188097364 -11.988678188097364 -11.988678188097364 -11.988678188097364 -11.988678188097364 -11.988678188097364 -11.988678188097364 -11.988678188097364 -11.988678188097364 -11.988678188097364 -11.988678188097364 -11.988678188097364 -11.988678188097364 -11.988678188097364 -11.988678188097364 -11.988678188097364 -11.988678188097364 -11.988678188097364
5.57788944723618 -11.986007019860509 -11.986007019860509 -11.986007019860509 -11.986007019860509 -11.986007019860509 -11.986007019860509 -11.986007019860509 -11.986007019860509 -11.986007019860509 -11.986007019860509 -11.986007019860509 -11.986007019860509 -11.986007019860509 -11.986007019860509 -11.986007019860509 -11.986007019860509 -11.986007019860509 -11.986007019860509 -11.986007019860509 -11.986007019860509 -11.986007019860509 -11.986007019860509 -11.986007019860509 -11.986007019860509 -11.986007019860509 -11.986007019860509 -11.986007019860509 -11.986007019860509 -11.986007019860509
5.6532663316582905 -11.983335851623655 -11.983335851623655 -11.983335851623655 -11.983335851623655 -11.983335851623655 -11.983335851623655 -11.983335851623655 -11.983335851623655 -11.983335851623655 -11.983335851623655 -11.983335851623655 -11.983335851623655 -11.983335851623655 -11.983335851623655 -11.983335851623655 -11.983335851623655 -11.983335851623655 -11.983335851623655 -11.983335851623655 -11.983335851623655 -11.983335851623655 -11.983335851623655 -11.983335851623655 -11.983335851623655 -11.983335851623655 -11.983335851623655 -11.983335851623655 -11.983335851623655 -11.983335851623655
5.7286432160804015 -11.9806646833868 -11.9806646833868 -11.9806646833868 -11.9806646833868 -11.9806646833868 -11.9806646833868 -11.9806646833868 -11.9806646833868 -11.9806646833868 -11.9806646833868 -11.9806646833868 -11.9806646833868 -11.9806646833868 -11.9806646833868 -11.9806646833868 -11.9806646833868 -11.9806646833868 -11.9806646833868 -11.9806646833868 -11.9806646833868 -11.9806646833868 -11.9806646833868 -11.9806646833868 -11.9806646833868 -11.9806646833868 -11.9806646833868 -11.9806646833868 -11.9806646833868 -11.9806646833868
5.8040201005025125 -11.977993515149945 -11.977993515149945 -11.977993515149945 -11.977993515149945 -11.977993515149945 -11.977993515149945 -11.977993515149945 -11.977993515149945 -11.977993515149945 -11.977993515149945 -11.977993515149945 -11.977993515149945 -11.977993515149945 -11.977993515149945 -11.977993515149945 -11.977993515149945 -11.977993515149945 -11.977993515149945 -11.977993515149945 -11.977993515149945 -11.977993515149945 -11.977993515149945 -11.977993515149945 -11.977993515149945 -11.977993515149945 -11.977993515149945 -11.977993515149945 -11.977993515149945 -11.977993515149945
5.879396984924623 -11.97532234691309 -11.97532234691309 -11.97532234691309 -11.97532234691309 -11.97532234691309 -11.97532234691309 -11.97532234691309 -11.97532234691309 -11.97532234691309 -11.97532234691309 -11.97532234691309 -11.97532234691309 -11.97532234691309 -11.97532234691309 -11.97532234691309 -11.97532234691309 -11.97532234691309 -11.97532234691309 -11.97532234691309 -11.97532234691309 -11.97532234691309 -11.97532234691309 -11.97532234691309 -11.97532234691309 -11.97532234691309 -11.97532234691309 -11.97532234691309 -11.97532234691309 -11.97532234691309
5.954773869346733 -11.972651178676236 -11.972651178676236 -11.972651178676236 -11.972651178676236 -11.972651178676236 -11.972651178676236 -11.972651178676236 -11.972651178676236 -11.972651178676236 -11.972651178676236 -11.972651178676236 -11.972651178676236 -11.972651178676236 -11.972651178676236 -11.972651178676236 -11.972651178676236 -11.972651178676236 -11.972651178676236 -11.972651178676236 -11.972651178676236 -11.972651178676236 -11.972651178676236 -11.972651178676236 -11.972651178676236 -11.972651178676236 -11.972651178676236 -11.972651178676236 -11.972651178676236 -11.972651178676236
6.030150753768844 -11.96998001043938 -11.96998001043938 -11.96998001043938 -11.96998001043938 -11.96998001043938 -11.96998001043938 -11.96998001043938 -11.96998001043938 -11.96998001043938 -11.96998001043938 -11.96998001043938 -11.96998001043938 -11.96998001043938 -11.96998001043938 -11.96998001043938 -11.96998001043938 -11.96998001043938 -11.96998001043938 -11.96998001043938 -11.96998001043938 -11.96998001043938 -11.96998001043938 -11.96998001043938 -11.96998001043938 -11.96998001043938 -11.96998001043938 -11.96998001043938 -11.96998001043938 -11.96998001043938
