web/models/linear/3/-12_184_0_005.dat
# %ECSV 1.0
# ---
# datatype:
# - {name: time, datatype: float64}
# - {name: swift_uvot_uvw2, datatype: float64}
# - {name: swift_uvot_uvm2, datatype: float64}
# - {name: swift_uvot_uvw1, datatype: float64}
# - {name: swift_uvot_U, datatype: float64}
# - {name: swift_uvot_B, datatype: float64}
# - {name: swift_uvot_V, datatype: float64}
# - {name: swift_uvot_W, datatype: float64}
# - {name: johnson_U, datatype: float64}
# - {name: johnson_B, datatype: float64}
# - {name: johnson_V, datatype: float64}
# - {name: johnson_R, datatype: float64}
# - {name: johnson_I, datatype: float64}
# - {name: sdss_u, datatype: float64}
# - {name: sdss_g, datatype: float64}
# - {name: sdss_r, datatype: float64}
# - {name: sdss_i, datatype: float64}
# - {name: sdss_z, datatype: float64}
# - {name: PS1_g, datatype: float64}
# - {name: PS1_r, datatype: float64}
# - {name: PS1_i, datatype: float64}
# - {name: PS1_z, datatype: float64}
# - {name: PS1_Y, datatype: float64}
# - {name: PS1_w, datatype: float64}
# - {name: ATLAS_c, datatype: float64}
# - {name: ATLAS_o, datatype: float64}
# - {name: ukirt_J, datatype: float64}
# - {name: ukirt_H, datatype: float64}
# - {name: ukirt_K, datatype: float64}
# - {name: Clear, datatype: float64}
# meta: !!omap
# - comment: [M=-12.183673469387756, dM=0.0047171489618058615]
# schema: astropy-2.0
time swift_uvot_uvw2 swift_uvot_uvm2 swift_uvot_uvw1 swift_uvot_U swift_uvot_B swift_uvot_V swift_uvot_W johnson_U johnson_B johnson_V johnson_R johnson_I sdss_u sdss_g sdss_r sdss_i sdss_z PS1_g PS1_r PS1_i PS1_z PS1_Y PS1_w ATLAS_c ATLAS_o ukirt_J ukirt_H ukirt_K Clear
0.0 -12.183673469387756 -12.183673469387756 -12.183673469387756 -12.183673469387756 -12.183673469387756 -12.183673469387756 -12.183673469387756 -12.183673469387756 -12.183673469387756 -12.183673469387756 -12.183673469387756 -12.183673469387756 -12.183673469387756 -12.183673469387756 -12.183673469387756 -12.183673469387756 -12.183673469387756 -12.183673469387756 -12.183673469387756 -12.183673469387756 -12.183673469387756 -12.183673469387756 -12.183673469387756 -12.183673469387756 -12.183673469387756 -12.183673469387756 -12.183673469387756 -12.183673469387756 -12.183673469387756
0.07537688442211055 -12.18331790539566 -12.18331790539566 -12.18331790539566 -12.18331790539566 -12.18331790539566 -12.18331790539566 -12.18331790539566 -12.18331790539566 -12.18331790539566 -12.18331790539566 -12.18331790539566 -12.18331790539566 -12.18331790539566 -12.18331790539566 -12.18331790539566 -12.18331790539566 -12.18331790539566 -12.18331790539566 -12.18331790539566 -12.18331790539566 -12.18331790539566 -12.18331790539566 -12.18331790539566 -12.18331790539566 -12.18331790539566 -12.18331790539566 -12.18331790539566 -12.18331790539566 -12.18331790539566
0.1507537688442211 -12.182962341403565 -12.182962341403565 -12.182962341403565 -12.182962341403565 -12.182962341403565 -12.182962341403565 -12.182962341403565 -12.182962341403565 -12.182962341403565 -12.182962341403565 -12.182962341403565 -12.182962341403565 -12.182962341403565 -12.182962341403565 -12.182962341403565 -12.182962341403565 -12.182962341403565 -12.182962341403565 -12.182962341403565 -12.182962341403565 -12.182962341403565 -12.182962341403565 -12.182962341403565 -12.182962341403565 -12.182962341403565 -12.182962341403565 -12.182962341403565 -12.182962341403565 -12.182962341403565
0.22613065326633164 -12.182606777411468 -12.182606777411468 -12.182606777411468 -12.182606777411468 -12.182606777411468 -12.182606777411468 -12.182606777411468 -12.182606777411468 -12.182606777411468 -12.182606777411468 -12.182606777411468 -12.182606777411468 -12.182606777411468 -12.182606777411468 -12.182606777411468 -12.182606777411468 -12.182606777411468 -12.182606777411468 -12.182606777411468 -12.182606777411468 -12.182606777411468 -12.182606777411468 -12.182606777411468 -12.182606777411468 -12.182606777411468 -12.182606777411468 -12.182606777411468 -12.182606777411468 -12.182606777411468
0.3015075376884422 -12.182251213419372 -12.182251213419372 -12.182251213419372 -12.182251213419372 -12.182251213419372 -12.182251213419372 -12.182251213419372 -12.182251213419372 -12.182251213419372 -12.182251213419372 -12.182251213419372 -12.182251213419372 -12.182251213419372 -12.182251213419372 -12.182251213419372 -12.182251213419372 -12.182251213419372 -12.182251213419372 -12.182251213419372 -12.182251213419372 -12.182251213419372 -12.182251213419372 -12.182251213419372 -12.182251213419372 -12.182251213419372 -12.182251213419372 -12.182251213419372 -12.182251213419372 -12.182251213419372
0.37688442211055273 -12.181895649427277 -12.181895649427277 -12.181895649427277 -12.181895649427277 -12.181895649427277 -12.181895649427277 -12.181895649427277 -12.181895649427277 -12.181895649427277 -12.181895649427277 -12.181895649427277 -12.181895649427277 -12.181895649427277 -12.181895649427277 -12.181895649427277 -12.181895649427277 -12.181895649427277 -12.181895649427277 -12.181895649427277 -12.181895649427277 -12.181895649427277 -12.181895649427277 -12.181895649427277 -12.181895649427277 -12.181895649427277 -12.181895649427277 -12.181895649427277 -12.181895649427277 -12.181895649427277
0.4522613065326633 -12.18154008543518 -12.18154008543518 -12.18154008543518 -12.18154008543518 -12.18154008543518 -12.18154008543518 -12.18154008543518 -12.18154008543518 -12.18154008543518 -12.18154008543518 -12.18154008543518 -12.18154008543518 -12.18154008543518 -12.18154008543518 -12.18154008543518 -12.18154008543518 -12.18154008543518 -12.18154008543518 -12.18154008543518 -12.18154008543518 -12.18154008543518 -12.18154008543518 -12.18154008543518 -12.18154008543518 -12.18154008543518 -12.18154008543518 -12.18154008543518 -12.18154008543518 -12.18154008543518
0.5276381909547738 -12.181184521443084 -12.181184521443084 -12.181184521443084 -12.181184521443084 -12.181184521443084 -12.181184521443084 -12.181184521443084 -12.181184521443084 -12.181184521443084 -12.181184521443084 -12.181184521443084 -12.181184521443084 -12.181184521443084 -12.181184521443084 -12.181184521443084 -12.181184521443084 -12.181184521443084 -12.181184521443084 -12.181184521443084 -12.181184521443084 -12.181184521443084 -12.181184521443084 -12.181184521443084 -12.181184521443084 -12.181184521443084 -12.181184521443084 -12.181184521443084 -12.181184521443084 -12.181184521443084
0.6030150753768844 -12.180828957450988 -12.180828957450988 -12.180828957450988 -12.180828957450988 -12.180828957450988 -12.180828957450988 -12.180828957450988 -12.180828957450988 -12.180828957450988 -12.180828957450988 -12.180828957450988 -12.180828957450988 -12.180828957450988 -12.180828957450988 -12.180828957450988 -12.180828957450988 -12.180828957450988 -12.180828957450988 -12.180828957450988 -12.180828957450988 -12.180828957450988 -12.180828957450988 -12.180828957450988 -12.180828957450988 -12.180828957450988 -12.180828957450988 -12.180828957450988 -12.180828957450988 -12.180828957450988
0.6783919597989949 -12.180473393458893 -12.180473393458893 -12.180473393458893 -12.180473393458893 -12.180473393458893 -12.180473393458893 -12.180473393458893 -12.180473393458893 -12.180473393458893 -12.180473393458893 -12.180473393458893 -12.180473393458893 -12.180473393458893 -12.180473393458893 -12.180473393458893 -12.180473393458893 -12.180473393458893 -12.180473393458893 -12.180473393458893 -12.180473393458893 -12.180473393458893 -12.180473393458893 -12.180473393458893 -12.180473393458893 -12.180473393458893 -12.180473393458893 -12.180473393458893 -12.180473393458893 -12.180473393458893
0.7537688442211055 -12.180117829466797 -12.180117829466797 -12.180117829466797 -12.180117829466797 -12.180117829466797 -12.180117829466797 -12.180117829466797 -12.180117829466797 -12.180117829466797 -12.180117829466797 -12.180117829466797 -12.180117829466797 -12.180117829466797 -12.180117829466797 -12.180117829466797 -12.180117829466797 -12.180117829466797 -12.180117829466797 -12.180117829466797 -12.180117829466797 -12.180117829466797 -12.180117829466797 -12.180117829466797 -12.180117829466797 -12.180117829466797 -12.180117829466797 -12.180117829466797 -12.180117829466797 -12.180117829466797
0.829145728643216 -12.1797622654747 -12.1797622654747 -12.1797622654747 -12.1797622654747 -12.1797622654747 -12.1797622654747 -12.1797622654747 -12.1797622654747 -12.1797622654747 -12.1797622654747 -12.1797622654747 -12.1797622654747 -12.1797622654747 -12.1797622654747 -12.1797622654747 -12.1797622654747 -12.1797622654747 -12.1797622654747 -12.1797622654747 -12.1797622654747 -12.1797622654747 -12.1797622654747 -12.1797622654747 -12.1797622654747 -12.1797622654747 -12.1797622654747 -12.1797622654747 -12.1797622654747 -12.1797622654747
0.9045226130653266 -12.179406701482606 -12.179406701482606 -12.179406701482606 -12.179406701482606 -12.179406701482606 -12.179406701482606 -12.179406701482606 -12.179406701482606 -12.179406701482606 -12.179406701482606 -12.179406701482606 -12.179406701482606 -12.179406701482606 -12.179406701482606 -12.179406701482606 -12.179406701482606 -12.179406701482606 -12.179406701482606 -12.179406701482606 -12.179406701482606 -12.179406701482606 -12.179406701482606 -12.179406701482606 -12.179406701482606 -12.179406701482606 -12.179406701482606 -12.179406701482606 -12.179406701482606 -12.179406701482606
0.9798994974874371 -12.179051137490509 -12.179051137490509 -12.179051137490509 -12.179051137490509 -12.179051137490509 -12.179051137490509 -12.179051137490509 -12.179051137490509 -12.179051137490509 -12.179051137490509 -12.179051137490509 -12.179051137490509 -12.179051137490509 -12.179051137490509 -12.179051137490509 -12.179051137490509 -12.179051137490509 -12.179051137490509 -12.179051137490509 -12.179051137490509 -12.179051137490509 -12.179051137490509 -12.179051137490509 -12.179051137490509 -12.179051137490509 -12.179051137490509 -12.179051137490509 -12.179051137490509 -12.179051137490509
1.0552763819095476 -12.178695573498413 -12.178695573498413 -12.178695573498413 -12.178695573498413 -12.178695573498413 -12.178695573498413 -12.178695573498413 -12.178695573498413 -12.178695573498413 -12.178695573498413 -12.178695573498413 -12.178695573498413 -12.178695573498413 -12.178695573498413 -12.178695573498413 -12.178695573498413 -12.178695573498413 -12.178695573498413 -12.178695573498413 -12.178695573498413 -12.178695573498413 -12.178695573498413 -12.178695573498413 -12.178695573498413 -12.178695573498413 -12.178695573498413 -12.178695573498413 -12.178695573498413 -12.178695573498413
1.1306532663316582 -12.178340009506318 -12.178340009506318 -12.178340009506318 -12.178340009506318 -12.178340009506318 -12.178340009506318 -12.178340009506318 -12.178340009506318 -12.178340009506318 -12.178340009506318 -12.178340009506318 -12.178340009506318 -12.178340009506318 -12.178340009506318 -12.178340009506318 -12.178340009506318 -12.178340009506318 -12.178340009506318 -12.178340009506318 -12.178340009506318 -12.178340009506318 -12.178340009506318 -12.178340009506318 -12.178340009506318 -12.178340009506318 -12.178340009506318 -12.178340009506318 -12.178340009506318 -12.178340009506318
1.2060301507537687 -12.177984445514221 -12.177984445514221 -12.177984445514221 -12.177984445514221 -12.177984445514221 -12.177984445514221 -12.177984445514221 -12.177984445514221 -12.177984445514221 -12.177984445514221 -12.177984445514221 -12.177984445514221 -12.177984445514221 -12.177984445514221 -12.177984445514221 -12.177984445514221 -12.177984445514221 -12.177984445514221 -12.177984445514221 -12.177984445514221 -12.177984445514221 -12.177984445514221 -12.177984445514221 -12.177984445514221 -12.177984445514221 -12.177984445514221 -12.177984445514221 -12.177984445514221 -12.177984445514221
1.2814070351758793 -12.177628881522125 -12.177628881522125 -12.177628881522125 -12.177628881522125 -12.177628881522125 -12.177628881522125 -12.177628881522125 -12.177628881522125 -12.177628881522125 -12.177628881522125 -12.177628881522125 -12.177628881522125 -12.177628881522125 -12.177628881522125 -12.177628881522125 -12.177628881522125 -12.177628881522125 -12.177628881522125 -12.177628881522125 -12.177628881522125 -12.177628881522125 -12.177628881522125 -12.177628881522125 -12.177628881522125 -12.177628881522125 -12.177628881522125 -12.177628881522125 -12.177628881522125 -12.177628881522125
1.3567839195979898 -12.17727331753003 -12.17727331753003 -12.17727331753003 -12.17727331753003 -12.17727331753003 -12.17727331753003 -12.17727331753003 -12.17727331753003 -12.17727331753003 -12.17727331753003 -12.17727331753003 -12.17727331753003 -12.17727331753003 -12.17727331753003 -12.17727331753003 -12.17727331753003 -12.17727331753003 -12.17727331753003 -12.17727331753003 -12.17727331753003 -12.17727331753003 -12.17727331753003 -12.17727331753003 -12.17727331753003 -12.17727331753003 -12.17727331753003 -12.17727331753003 -12.17727331753003 -12.17727331753003
1.4321608040201004 -12.176917753537934 -12.176917753537934 -12.176917753537934 -12.176917753537934 -12.176917753537934 -12.176917753537934 -12.176917753537934 -12.176917753537934 -12.176917753537934 -12.176917753537934 -12.176917753537934 -12.176917753537934 -12.176917753537934 -12.176917753537934 -12.176917753537934 -12.176917753537934 -12.176917753537934 -12.176917753537934 -12.176917753537934 -12.176917753537934 -12.176917753537934 -12.176917753537934 -12.176917753537934 -12.176917753537934 -12.176917753537934 -12.176917753537934 -12.176917753537934 -12.176917753537934 -12.176917753537934
1.507537688442211 -12.176562189545837 -12.176562189545837 -12.176562189545837 -12.176562189545837 -12.176562189545837 -12.176562189545837 -12.176562189545837 -12.176562189545837 -12.176562189545837 -12.176562189545837 -12.176562189545837 -12.176562189545837 -12.176562189545837 -12.176562189545837 -12.176562189545837 -12.176562189545837 -12.176562189545837 -12.176562189545837 -12.176562189545837 -12.176562189545837 -12.176562189545837 -12.176562189545837 -12.176562189545837 -12.176562189545837 -12.176562189545837 -12.176562189545837 -12.176562189545837 -12.176562189545837 -12.176562189545837
1.5829145728643215 -12.176206625553741 -12.176206625553741 -12.176206625553741 -12.176206625553741 -12.176206625553741 -12.176206625553741 -12.176206625553741 -12.176206625553741 -12.176206625553741 -12.176206625553741 -12.176206625553741 -12.176206625553741 -12.176206625553741 -12.176206625553741 -12.176206625553741 -12.176206625553741 -12.176206625553741 -12.176206625553741 -12.176206625553741 -12.176206625553741 -12.176206625553741 -12.176206625553741 -12.176206625553741 -12.176206625553741 -12.176206625553741 -12.176206625553741 -12.176206625553741 -12.176206625553741 -12.176206625553741
1.658291457286432 -12.175851061561646 -12.175851061561646 -12.175851061561646 -12.175851061561646 -12.175851061561646 -12.175851061561646 -12.175851061561646 -12.175851061561646 -12.175851061561646 -12.175851061561646 -12.175851061561646 -12.175851061561646 -12.175851061561646 -12.175851061561646 -12.175851061561646 -12.175851061561646 -12.175851061561646 -12.175851061561646 -12.175851061561646 -12.175851061561646 -12.175851061561646 -12.175851061561646 -12.175851061561646 -12.175851061561646 -12.175851061561646 -12.175851061561646 -12.175851061561646 -12.175851061561646 -12.175851061561646
1.7336683417085426 -12.17549549756955 -12.17549549756955 -12.17549549756955 -12.17549549756955 -12.17549549756955 -12.17549549756955 -12.17549549756955 -12.17549549756955 -12.17549549756955 -12.17549549756955 -12.17549549756955 -12.17549549756955 -12.17549549756955 -12.17549549756955 -12.17549549756955 -12.17549549756955 -12.17549549756955 -12.17549549756955 -12.17549549756955 -12.17549549756955 -12.17549549756955 -12.17549549756955 -12.17549549756955 -12.17549549756955 -12.17549549756955 -12.17549549756955 -12.17549549756955 -12.17549549756955 -12.17549549756955
1.809045226130653 -12.175139933577453 -12.175139933577453 -12.175139933577453 -12.175139933577453 -12.175139933577453 -12.175139933577453 -12.175139933577453 -12.175139933577453 -12.175139933577453 -12.175139933577453 -12.175139933577453 -12.175139933577453 -12.175139933577453 -12.175139933577453 -12.175139933577453 -12.175139933577453 -12.175139933577453 -12.175139933577453 -12.175139933577453 -12.175139933577453 -12.175139933577453 -12.175139933577453 -12.175139933577453 -12.175139933577453 -12.175139933577453 -12.175139933577453 -12.175139933577453 -12.175139933577453 -12.175139933577453
1.8844221105527637 -12.174784369585359 -12.174784369585359 -12.174784369585359 -12.174784369585359 -12.174784369585359 -12.174784369585359 -12.174784369585359 -12.174784369585359 -12.174784369585359 -12.174784369585359 -12.174784369585359 -12.174784369585359 -12.174784369585359 -12.174784369585359 -12.174784369585359 -12.174784369585359 -12.174784369585359 -12.174784369585359 -12.174784369585359 -12.174784369585359 -12.174784369585359 -12.174784369585359 -12.174784369585359 -12.174784369585359 -12.174784369585359 -12.174784369585359 -12.174784369585359 -12.174784369585359 -12.174784369585359
1.9597989949748742 -12.174428805593262 -12.174428805593262 -12.174428805593262 -12.174428805593262 -12.174428805593262 -12.174428805593262 -12.174428805593262 -12.174428805593262 -12.174428805593262 -12.174428805593262 -12.174428805593262 -12.174428805593262 -12.174428805593262 -12.174428805593262 -12.174428805593262 -12.174428805593262 -12.174428805593262 -12.174428805593262 -12.174428805593262 -12.174428805593262 -12.174428805593262 -12.174428805593262 -12.174428805593262 -12.174428805593262 -12.174428805593262 -12.174428805593262 -12.174428805593262 -12.174428805593262 -12.174428805593262
