web/models/linear/3/-12_184_0_012.dat
# %ECSV 1.0
# ---
# datatype:
# - {name: time, datatype: float64}
# - {name: sdss_u, datatype: float64}
# - {name: sdss_g, datatype: float64}
# - {name: sdss_r, datatype: float64}
# - {name: sdss_i, datatype: float64}
# - {name: sdss_z, datatype: float64}
# - {name: Clear, datatype: float64}
# - {name: johnson_B, datatype: float64}
# - {name: johnson_V, datatype: float64}
# - {name: johnson_R, datatype: float64}
# - {name: johnson_I, datatype: float64}
# - {name: ukirt_J, datatype: float64}
# - {name: ukirt_H, datatype: float64}
# - {name: ukirt_K, datatype: float64}
# meta: !!omap
# - comment: [M=-12.183673469387756, dM=0.011964301412374053]
# schema: astropy-2.0
time sdss_u sdss_g sdss_r sdss_i sdss_z Clear johnson_B johnson_V johnson_R johnson_I ukirt_J ukirt_H ukirt_K
[from data line 58]
4.371859296482412 -12.13136722703215 -12.13136722703215 -12.13136722703215 -12.13136722703215 -12.13136722703215 -12.13136722703215 -12.13136722703215 -12.13136722703215 -12.13136722703215 -12.13136722703215 -12.13136722703215 -12.13136722703215 -12.13136722703215
4.447236180904522 -12.130465395267398 -12.130465395267398 -12.130465395267398 -12.130465395267398 -12.130465395267398 -12.130465395267398 -12.130465395267398 -12.130465395267398 -12.130465395267398 -12.130465395267398 -12.130465395267398 -12.130465395267398 -12.130465395267398
4.522613065326633 -12.129563563502646 -12.129563563502646 -12.129563563502646 -12.129563563502646 -12.129563563502646 -12.129563563502646 -12.129563563502646 -12.129563563502646 -12.129563563502646 -12.129563563502646 -12.129563563502646 -12.129563563502646 -12.129563563502646
4.597989949748744 -12.128661731737896 -12.128661731737896 -12.128661731737896 -12.128661731737896 -12.128661731737896 -12.128661731737896 -12.128661731737896 -12.128661731737896 -12.128661731737896 -12.128661731737896 -12.128661731737896 -12.128661731737896 -12.128661731737896
4.673366834170854 -12.127759899973144 -12.127759899973144 -12.127759899973144 -12.127759899973144 -12.127759899973144 -12.127759899973144 -12.127759899973144 -12.127759899973144 -12.127759899973144 -12.127759899973144 -12.127759899973144 -12.127759899973144 -12.127759899973144
4.748743718592964 -12.126858068208392 -12.126858068208392 -12.126858068208392 -12.126858068208392 -12.126858068208392 -12.126858068208392 -12.126858068208392 -12.126858068208392 -12.126858068208392 -12.126858068208392 -12.126858068208392 -12.126858068208392 -12.126858068208392
4.824120603015075 -12.12595623644364 -12.12595623644364 -12.12595623644364 -12.12595623644364 -12.12595623644364 -12.12595623644364 -12.12595623644364 -12.12595623644364 -12.12595623644364 -12.12595623644364 -12.12595623644364 -12.12595623644364 -12.12595623644364
4.899497487437186 -12.125054404678888 -12.125054404678888 -12.125054404678888 -12.125054404678888 -12.125054404678888 -12.125054404678888 -12.125054404678888 -12.125054404678888 -12.125054404678888 -12.125054404678888 -12.125054404678888 -12.125054404678888 -12.125054404678888
4.974874371859296 -12.124152572914136 -12.124152572914136 -12.124152572914136 -12.124152572914136 -12.124152572914136 -12.124152572914136 -12.124152572914136 -12.124152572914136 -12.124152572914136 -12.124152572914136 -12.124152572914136 -12.124152572914136 -12.124152572914136
5.050251256281406 -12.123250741149384 -12.123250741149384 -12.123250741149384 -12.123250741149384 -12.123250741149384 -12.123250741149384 -12.123250741149384 -12.123250741149384 -12.123250741149384 -12.123250741149384 -12.123250741149384 -12.123250741149384 -12.123250741149384
5.125628140703517 -12.122348909384632 -12.122348909384632 -12.122348909384632 -12.122348909384632 -12.122348909384632 -12.122348909384632 -12.122348909384632 -12.122348909384632 -12.122348909384632 -12.122348909384632 -12.122348909384632 -12.122348909384632 -12.122348909384632
5.201005025125628 -12.12144707761988 -12.12144707761988 -12.12144707761988 -12.12144707761988 -12.12144707761988 -12.12144707761988 -12.12144707761988 -12.12144707761988 -12.12144707761988 -12.12144707761988 -12.12144707761988 -12.12144707761988 -12.12144707761988
5.276381909547738 -12.12054524585513 -12.12054524585513 -12.12054524585513 -12.12054524585513 -12.12054524585513 -12.12054524585513 -12.12054524585513 -12.12054524585513 -12.12054524585513 -12.12054524585513 -12.12054524585513 -12.12054524585513 -12.12054524585513
5.351758793969848 -12.119643414090378 -12.119643414090378 -12.119643414090378 -12.119643414090378 -12.119643414090378 -12.119643414090378 -12.119643414090378 -12.119643414090378 -12.119643414090378 -12.119643414090378 -12.119643414090378 -12.119643414090378 -12.119643414090378
5.427135678391959 -12.118741582325626 -12.118741582325626 -12.118741582325626 -12.118741582325626 -12.118741582325626 -12.118741582325626 -12.118741582325626 -12.118741582325626 -12.118741582325626 -12.118741582325626 -12.118741582325626 -12.118741582325626 -12.118741582325626
5.50251256281407 -12.117839750560874 -12.117839750560874 -12.117839750560874 -12.117839750560874 -12.117839750560874 -12.117839750560874 -12.117839750560874 -12.117839750560874 -12.117839750560874 -12.117839750560874 -12.117839750560874 -12.117839750560874 -12.117839750560874
5.57788944723618 -12.116937918796122 -12.116937918796122 -12.116937918796122 -12.116937918796122 -12.116937918796122 -12.116937918796122 -12.116937918796122 -12.116937918796122 -12.116937918796122 -12.116937918796122 -12.116937918796122 -12.116937918796122 -12.116937918796122
5.6532663316582905 -12.11603608703137 -12.11603608703137 -12.11603608703137 -12.11603608703137 -12.11603608703137 -12.11603608703137 -12.11603608703137 -12.11603608703137 -12.11603608703137 -12.11603608703137 -12.11603608703137 -12.11603608703137 -12.11603608703137
5.7286432160804015 -12.115134255266618 -12.115134255266618 -12.115134255266618 -12.115134255266618 -12.115134255266618 -12.115134255266618 -12.115134255266618 -12.115134255266618 -12.115134255266618 -12.115134255266618 -12.115134255266618 -12.115134255266618 -12.115134255266618
5.8040201005025125 -12.114232423501866 -12.114232423501866 -12.114232423501866 -12.114232423501866 -12.114232423501866 -12.114232423501866 -12.114232423501866 -12.114232423501866 -12.114232423501866 -12.114232423501866 -12.114232423501866 -12.114232423501866 -12.114232423501866
5.879396984924623 -12.113330591737114 -12.113330591737114 -12.113330591737114 -12.113330591737114 -12.113330591737114 -12.113330591737114 -12.113330591737114 -12.113330591737114 -12.113330591737114 -12.113330591737114 -12.113330591737114 -12.113330591737114 -12.113330591737114
5.954773869346733 -12.112428759972362 -12.112428759972362 -12.112428759972362 -12.112428759972362 -12.112428759972362 -12.112428759972362 -12.112428759972362 -12.112428759972362 -12.112428759972362 -12.112428759972362 -12.112428759972362 -12.112428759972362 -12.112428759972362
6.030150753768844 -12.111526928207612 -12.111526928207612 -12.111526928207612 -12.111526928207612 -12.111526928207612 -12.111526928207612 -12.111526928207612 -12.111526928207612 -12.111526928207612 -12.111526928207612 -12.111526928207612 -12.111526928207612 -12.111526928207612
6.105527638190955 -12.11062509644286 -12.11062509644286 -12.11062509644286 -12.11062509644286 -12.11062509644286 -12.11062509644286 -12.11062509644286 -12.11062509644286 -12.11062509644286 -12.11062509644286 -12.11062509644286 -12.11062509644286 -12.11062509644286
6.180904522613065 -12.109723264678108 -12.109723264678108 -12.109723264678108 -12.109723264678108 -12.109723264678108 -12.109723264678108 -12.109723264678108 -12.109723264678108 -12.109723264678108 -12.109723264678108 -12.109723264678108 -12.109723264678108 -12.109723264678108
6.256281407035175 -12.108821432913356 -12.108821432913356 -12.108821432913356 -12.108821432913356 -12.108821432913356 -12.108821432913356 -12.108821432913356 -12.108821432913356 -12.108821432913356 -12.108821432913356 -12.108821432913356 -12.108821432913356 -12.108821432913356
6.331658291457286 -12.107919601148604 -12.107919601148604 -12.107919601148604 -12.107919601148604 -12.107919601148604 -12.107919601148604 -12.107919601148604 -12.107919601148604 -12.107919601148604 -12.107919601148604 -12.107919601148604 -12.107919601148604 -12.107919601148604
6.407035175879397 -12.107017769383852 -12.107017769383852 -12.107017769383852 -12.107017769383852 -12.107017769383852 -12.107017769383852 -12.107017769383852 -12.107017769383852 -12.107017769383852 -12.107017769383852 -12.107017769383852 -12.107017769383852 -12.107017769383852
6.482412060301507 -12.1061159376191 -12.1061159376191 -12.1061159376191 -12.1061159376191 -12.1061159376191 -12.1061159376191 -12.1061159376191 -12.1061159376191 -12.1061159376191 -12.1061159376191 -12.1061159376191 -12.1061159376191 -12.1061159376191
6.557788944723617 -12.105214105854348 -12.105214105854348 -12.105214105854348 -12.105214105854348 -12.105214105854348 -12.105214105854348 -12.105214105854348 -12.105214105854348 -12.105214105854348 -12.105214105854348 -12.105214105854348 -12.105214105854348 -12.105214105854348
6.633165829145728 -12.104312274089596 -12.104312274089596 -12.104312274089596 -12.104312274089596 -12.104312274089596 -12.104312274089596 -12.104312274089596 -12.104312274089596 -12.104312274089596 -12.104312274089596 -12.104312274089596 -12.104312274089596 -12.104312274089596
6.708542713567839 -12.103410442324845 -12.103410442324845 -12.103410442324845 -12.103410442324845 -12.103410442324845 -12.103410442324845 -12.103410442324845 -12.103410442324845 -12.103410442324845 -12.103410442324845 -12.103410442324845 -12.103410442324845 -12.103410442324845
6.783919597989949 -12.102508610560093 -12.102508610560093 -12.102508610560093 -12.102508610560093 -12.102508610560093 -12.102508610560093 -12.102508610560093 -12.102508610560093 -12.102508610560093 -12.102508610560093 -12.102508610560093 -12.102508610560093 -12.102508610560093
6.859296482412059 -12.101606778795341 -12.101606778795341 -12.101606778795341 -12.101606778795341 -12.101606778795341 -12.101606778795341 -12.101606778795341 -12.101606778795341 -12.101606778795341 -12.101606778795341 -12.101606778795341 -12.101606778795341 -12.101606778795341
6.93467336683417 -12.10070494703059 -12.10070494703059 -12.10070494703059 -12.10070494703059 -12.10070494703059 -12.10070494703059 -12.10070494703059 -12.10070494703059 -12.10070494703059 -12.10070494703059 -12.10070494703059 -12.10070494703059 -12.10070494703059
7.010050251256281 -12.099803115265837 -12.099803115265837 -12.099803115265837 -12.099803115265837 -12.099803115265837 -12.099803115265837 -12.099803115265837 -12.099803115265837 -12.099803115265837 -12.099803115265837 -12.099803115265837 -12.099803115265837 -12.099803115265837
7.085427135678391 -12.098901283501085 -12.098901283501085 -12.098901283501085 -12.098901283501085 -12.098901283501085 -12.098901283501085 -12.098901283501085 -12.098901283501085 -12.098901283501085 -12.098901283501085 -12.098901283501085 -12.098901283501085 -12.098901283501085
7.160804020100501 -12.097999451736333 -12.097999451736333 -12.097999451736333 -12.097999451736333 -12.097999451736333 -12.097999451736333 -12.097999451736333 -12.097999451736333 -12.097999451736333 -12.097999451736333 -12.097999451736333 -12.097999451736333 -12.097999451736333
7.236180904522612 -12.097097619971581 -12.097097619971581 -12.097097619971581 -12.097097619971581 -12.097097619971581 -12.097097619971581 -12.097097619971581 -12.097097619971581 -12.097097619971581 -12.097097619971581 -12.097097619971581 -12.097097619971581 -12.097097619971581
7.311557788944723 -12.09619578820683 -12.09619578820683 -12.09619578820683 -12.09619578820683 -12.09619578820683 -12.09619578820683 -12.09619578820683 -12.09619578820683 -12.09619578820683 -12.09619578820683 -12.09619578820683 -12.09619578820683 -12.09619578820683
7.3869346733668335 -12.09529395644208 -12.09529395644208 -12.09529395644208 -12.09529395644208 -12.09529395644208 -12.09529395644208 -12.09529395644208 -12.09529395644208 -12.09529395644208 -12.09529395644208 -12.09529395644208 -12.09529395644208 -12.09529395644208
7.462311557788944 -12.094392124677327 -12.094392124677327 -12.094392124677327 -12.094392124677327 -12.094392124677327 -12.094392124677327 -12.094392124677327 -12.094392124677327 -12.094392124677327 -12.094392124677327 -12.094392124677327 -12.094392124677327 -12.094392124677327
7.537688442211055 -12.093490292912575 -12.093490292912575 -12.093490292912575 -12.093490292912575 -12.093490292912575 -12.093490292912575 -12.093490292912575 -12.093490292912575 -12.093490292912575 -12.093490292912575 -12.093490292912575 -12.093490292912575 -12.093490292912575
7.613065326633166 -12.092588461147823 -12.092588461147823 -12.092588461147823 -12.092588461147823 -12.092588461147823 -12.092588461147823 -12.092588461147823 -12.092588461147823 -12.092588461147823 -12.092588461147823 -12.092588461147823 -12.092588461147823 -12.092588461147823
7.688442211055276 -12.091686629383071 -12.091686629383071 -12.091686629383071 -12.091686629383071 -12.091686629383071 -12.091686629383071 -12.091686629383071 -12.091686629383071 -12.091686629383071 -12.091686629383071 -12.091686629383071 -12.091686629383071 -12.091686629383071
7.763819095477386 -12.09078479761832 -12.09078479761832 -12.09078479761832 -12.09078479761832 -12.09078479761832 -12.09078479761832 -12.09078479761832 -12.09078479761832 -12.09078479761832 -12.09078479761832 -12.09078479761832 -12.09078479761832 -12.09078479761832
7.839195979899497 -12.089882965853567 -12.089882965853567 -12.089882965853567 -12.089882965853567 -12.089882965853567 -12.089882965853567 -12.089882965853567 -12.089882965853567 -12.089882965853567 -12.089882965853567 -12.089882965853567 -12.089882965853567 -12.089882965853567
7.914572864321608 -12.088981134088815 -12.088981134088815 -12.088981134088815 -12.088981134088815 -12.088981134088815 -12.088981134088815 -12.088981134088815 -12.088981134088815 -12.088981134088815 -12.088981134088815 -12.088981134088815 -12.088981134088815 -12.088981134088815
7.989949748743718 -12.088079302324063 -12.088079302324063 -12.088079302324063 -12.088079302324063 -12.088079302324063 -12.088079302324063 -12.088079302324063 -12.088079302324063 -12.088079302324063 -12.088079302324063 -12.088079302324063 -12.088079302324063 -12.088079302324063
8.065326633165828 -12.087177470559311 -12.087177470559311 -12.087177470559311 -12.087177470559311 -12.087177470559311 -12.087177470559311 -12.087177470559311 -12.087177470559311 -12.087177470559311 -12.087177470559311 -12.087177470559311 -12.087177470559311 -12.087177470559311
8.140703517587939 -12.086275638794561 -12.086275638794561 -12.086275638794561 -12.086275638794561 -12.086275638794561 -12.086275638794561 -12.086275638794561 -12.086275638794561 -12.086275638794561 -12.086275638794561 -12.086275638794561 -12.086275638794561 -12.086275638794561
8.21608040201005 -12.085373807029809 -12.085373807029809 -12.085373807029809 -12.085373807029809 -12.085373807029809 -12.085373807029809 -12.085373807029809 -12.085373807029809 -12.085373807029809 -12.085373807029809 -12.085373807029809 -12.085373807029809 -12.085373807029809
8.29145728643216 -12.084471975265057 -12.084471975265057 -12.084471975265057 -12.084471975265057 -12.084471975265057 -12.084471975265057 -12.084471975265057 -12.084471975265057 -12.084471975265057 -12.084471975265057 -12.084471975265057 -12.084471975265057 -12.084471975265057
8.36683417085427 -12.083570143500305 -12.083570143500305 -12.083570143500305 -12.083570143500305 -12.083570143500305 -12.083570143500305 -12.083570143500305 -12.083570143500305 -12.083570143500305 -12.083570143500305 -12.083570143500305 -12.083570143500305 -12.083570143500305
8.442211055276381 -12.082668311735553 -12.082668311735553 -12.082668311735553 -12.082668311735553 -12.082668311735553 -12.082668311735553 -12.082668311735553 -12.082668311735553 -12.082668311735553 -12.082668311735553 -12.082668311735553 -12.082668311735553 -12.082668311735553
8.517587939698492 -12.0817664799708 -12.0817664799708 -12.0817664799708 -12.0817664799708 -12.0817664799708 -12.0817664799708 -12.0817664799708 -12.0817664799708 -12.0817664799708 -12.0817664799708 -12.0817664799708 -12.0817664799708 -12.0817664799708
8.592964824120603 -12.080864648206049 -12.080864648206049 -12.080864648206049 -12.080864648206049 -12.080864648206049 -12.080864648206049 -12.080864648206049 -12.080864648206049 -12.080864648206049 -12.080864648206049 -12.080864648206049 -12.080864648206049 -12.080864648206049
8.668341708542712 -12.079962816441297 -12.079962816441297 -12.079962816441297 -12.079962816441297 -12.079962816441297 -12.079962816441297 -12.079962816441297 -12.079962816441297 -12.079962816441297 -12.079962816441297 -12.079962816441297 -12.079962816441297 -12.079962816441297
