web/models/linear/3/-12_184_0_026.dat
# %ECSV 1.0
# ---
# datatype:
# - {name: time, datatype: float64}
# - {name: swift_uvot_uvw2, datatype: float64}
# - {name: swift_uvot_uvm2, datatype: float64}
# - {name: swift_uvot_uvw1, datatype: float64}
# - {name: swift_uvot_U, datatype: float64}
# - {name: swift_uvot_B, datatype: float64}
# - {name: swift_uvot_V, datatype: float64}
# - {name: swift_uvot_W, datatype: float64}
# - {name: johnson_U, datatype: float64}
# - {name: johnson_B, datatype: float64}
# - {name: johnson_V, datatype: float64}
# - {name: johnson_R, datatype: float64}
# - {name: johnson_I, datatype: float64}
# - {name: sdss_u, datatype: float64}
# - {name: sdss_g, datatype: float64}
# - {name: sdss_r, datatype: float64}
# - {name: sdss_i, datatype: float64}
# - {name: sdss_z, datatype: float64}
# - {name: PS1_g, datatype: float64}
# - {name: PS1_r, datatype: float64}
# - {name: PS1_i, datatype: float64}
# - {name: PS1_z, datatype: float64}
# - {name: PS1_Y, datatype: float64}
# - {name: PS1_w, datatype: float64}
# - {name: ATLAS_c, datatype: float64}
# - {name: ATLAS_o, datatype: float64}
# - {name: ukirt_J, datatype: float64}
# - {name: ukirt_H, datatype: float64}
# - {name: ukirt_K, datatype: float64}
# - {name: Clear, datatype: float64}
# meta: !!omap
# - comment: [M=-12.183673469387756, dM=0.025985264452188205]
# schema: astropy-2.0
time swift_uvot_uvw2 swift_uvot_uvm2 swift_uvot_uvw1 swift_uvot_U swift_uvot_B swift_uvot_V swift_uvot_W johnson_U johnson_B johnson_V johnson_R johnson_I sdss_u sdss_g sdss_r sdss_i sdss_z PS1_g PS1_r PS1_i PS1_z PS1_Y PS1_w ATLAS_c ATLAS_o ukirt_J ukirt_H ukirt_K Clear
[from data line 108]
8.140703517587939 -11.972135135656375 -11.972135135656375 -11.972135135656375 -11.972135135656375 -11.972135135656375 -11.972135135656375 -11.972135135656375 -11.972135135656375 -11.972135135656375 -11.972135135656375 -11.972135135656375 -11.972135135656375 -11.972135135656375 -11.972135135656375 -11.972135135656375 -11.972135135656375 -11.972135135656375 -11.972135135656375 -11.972135135656375 -11.972135135656375 -11.972135135656375 -11.972135135656375 -11.972135135656375 -11.972135135656375 -11.972135135656375 -11.972135135656375 -11.972135135656375 -11.972135135656375 -11.972135135656375
8.21608040201005 -11.970176447381084 -11.970176447381084 -11.970176447381084 -11.970176447381084 -11.970176447381084 -11.970176447381084 -11.970176447381084 -11.970176447381084 -11.970176447381084 -11.970176447381084 -11.970176447381084 -11.970176447381084 -11.970176447381084 -11.970176447381084 -11.970176447381084 -11.970176447381084 -11.970176447381084 -11.970176447381084 -11.970176447381084 -11.970176447381084 -11.970176447381084 -11.970176447381084 -11.970176447381084 -11.970176447381084 -11.970176447381084 -11.970176447381084 -11.970176447381084 -11.970176447381084 -11.970176447381084
8.29145728643216 -11.968217759105794 -11.968217759105794 -11.968217759105794 -11.968217759105794 -11.968217759105794 -11.968217759105794 -11.968217759105794 -11.968217759105794 -11.968217759105794 -11.968217759105794 -11.968217759105794 -11.968217759105794 -11.968217759105794 -11.968217759105794 -11.968217759105794 -11.968217759105794 -11.968217759105794 -11.968217759105794 -11.968217759105794 -11.968217759105794 -11.968217759105794 -11.968217759105794 -11.968217759105794 -11.968217759105794 -11.968217759105794 -11.968217759105794 -11.968217759105794 -11.968217759105794 -11.968217759105794
8.36683417085427 -11.966259070830503 -11.966259070830503 -11.966259070830503 -11.966259070830503 -11.966259070830503 -11.966259070830503 -11.966259070830503 -11.966259070830503 -11.966259070830503 -11.966259070830503 -11.966259070830503 -11.966259070830503 -11.966259070830503 -11.966259070830503 -11.966259070830503 -11.966259070830503 -11.966259070830503 -11.966259070830503 -11.966259070830503 -11.966259070830503 -11.966259070830503 -11.966259070830503 -11.966259070830503 -11.966259070830503 -11.966259070830503 -11.966259070830503 -11.966259070830503 -11.966259070830503 -11.966259070830503
8.442211055276381 -11.964300382555212 -11.964300382555212 -11.964300382555212 -11.964300382555212 -11.964300382555212 -11.964300382555212 -11.964300382555212 -11.964300382555212 -11.964300382555212 -11.964300382555212 -11.964300382555212 -11.964300382555212 -11.964300382555212 -11.964300382555212 -11.964300382555212 -11.964300382555212 -11.964300382555212 -11.964300382555212 -11.964300382555212 -11.964300382555212 -11.964300382555212 -11.964300382555212 -11.964300382555212 -11.964300382555212 -11.964300382555212 -11.964300382555212 -11.964300382555212 -11.964300382555212 -11.964300382555212
8.517587939698492 -11.962341694279921 -11.962341694279921 -11.962341694279921 -11.962341694279921 -11.962341694279921 -11.962341694279921 -11.962341694279921 -11.962341694279921 -11.962341694279921 -11.962341694279921 -11.962341694279921 -11.962341694279921 -11.962341694279921 -11.962341694279921 -11.962341694279921 -11.962341694279921 -11.962341694279921 -11.962341694279921 -11.962341694279921 -11.962341694279921 -11.962341694279921 -11.962341694279921 -11.962341694279921 -11.962341694279921 -11.962341694279921 -11.962341694279921 -11.962341694279921 -11.962341694279921 -11.962341694279921
8.592964824120603 -11.960383006004632 -11.960383006004632 -11.960383006004632 -11.960383006004632 -11.960383006004632 -11.960383006004632 -11.960383006004632 -11.960383006004632 -11.960383006004632 -11.960383006004632 -11.960383006004632 -11.960383006004632 -11.960383006004632 -11.960383006004632 -11.960383006004632 -11.960383006004632 -11.960383006004632 -11.960383006004632 -11.960383006004632 -11.960383006004632 -11.960383006004632 -11.960383006004632 -11.960383006004632 -11.960383006004632 -11.960383006004632 -11.960383006004632 -11.960383006004632 -11.960383006004632 -11.960383006004632
8.668341708542712 -11.95842431772934 -11.95842431772934 -11.95842431772934 -11.95842431772934 -11.95842431772934 -11.95842431772934 -11.95842431772934 -11.95842431772934 -11.95842431772934 -11.95842431772934 -11.95842431772934 -11.95842431772934 -11.95842431772934 -11.95842431772934 -11.95842431772934 -11.95842431772934 -11.95842431772934 -11.95842431772934 -11.95842431772934 -11.95842431772934 -11.95842431772934 -11.95842431772934 -11.95842431772934 -11.95842431772934 -11.95842431772934 -11.95842431772934 -11.95842431772934 -11.95842431772934 -11.95842431772934
8.743718592964823 -11.95646562945405 -11.95646562945405 -11.95646562945405 -11.95646562945405 -11.95646562945405 -11.95646562945405 -11.95646562945405 -11.95646562945405 -11.95646562945405 -11.95646562945405 -11.95646562945405 -11.95646562945405 -11.95646562945405 -11.95646562945405 -11.95646562945405 -11.95646562945405 -11.95646562945405 -11.95646562945405 -11.95646562945405 -11.95646562945405 -11.95646562945405 -11.95646562945405 -11.95646562945405 -11.95646562945405 -11.95646562945405 -11.95646562945405 -11.95646562945405 -11.95646562945405 -11.95646562945405
8.819095477386934 -11.95450694117876 -11.95450694117876 -11.95450694117876 -11.95450694117876 -11.95450694117876 -11.95450694117876 -11.95450694117876 -11.95450694117876 -11.95450694117876 -11.95450694117876 -11.95450694117876 -11.95450694117876 -11.95450694117876 -11.95450694117876 -11.95450694117876 -11.95450694117876 -11.95450694117876 -11.95450694117876 -11.95450694117876 -11.95450694117876 -11.95450694117876 -11.95450694117876 -11.95450694117876 -11.95450694117876 -11.95450694117876 -11.95450694117876 -11.95450694117876 -11.95450694117876 -11.95450694117876
8.894472361809044 -11.952548252903469 -11.952548252903469 -11.952548252903469 -11.952548252903469 -11.952548252903469 -11.952548252903469 -11.952548252903469 -11.952548252903469 -11.952548252903469 -11.952548252903469 -11.952548252903469 -11.952548252903469 -11.952548252903469 -11.952548252903469 -11.952548252903469 -11.952548252903469 -11.952548252903469 -11.952548252903469 -11.952548252903469 -11.952548252903469 -11.952548252903469 -11.952548252903469 -11.952548252903469 -11.952548252903469 -11.952548252903469 -11.952548252903469 -11.952548252903469 -11.952548252903469 -11.952548252903469
8.969849246231155 -11.950589564628178 -11.950589564628178 -11.950589564628178 -11.950589564628178 -11.950589564628178 -11.950589564628178 -11.950589564628178 -11.950589564628178 -11.950589564628178 -11.950589564628178 -11.950589564628178 -11.950589564628178 -11.950589564628178 -11.950589564628178 -11.950589564628178 -11.950589564628178 -11.950589564628178 -11.950589564628178 -11.950589564628178 -11.950589564628178 -11.950589564628178 -11.950589564628178 -11.950589564628178 -11.950589564628178 -11.950589564628178 -11.950589564628178 -11.950589564628178 -11.950589564628178 -11.950589564628178
9.045226130653266 -11.948630876352889 -11.948630876352889 -11.948630876352889 -11.948630876352889 -11.948630876352889 -11.948630876352889 -11.948630876352889 -11.948630876352889 -11.948630876352889 -11.948630876352889 -11.948630876352889 -11.948630876352889 -11.948630876352889 -11.948630876352889 -11.948630876352889 -11.948630876352889 -11.948630876352889 -11.948630876352889 -11.948630876352889 -11.948630876352889 -11.948630876352889 -11.948630876352889 -11.948630876352889 -11.948630876352889 -11.948630876352889 -11.948630876352889 -11.948630876352889 -11.948630876352889 -11.948630876352889
9.120603015075377 -11.946672188077597 -11.946672188077597 -11.946672188077597 -11.946672188077597 -11.946672188077597 -11.946672188077597 -11.946672188077597 -11.946672188077597 -11.946672188077597 -11.946672188077597 -11.946672188077597 -11.946672188077597 -11.946672188077597 -11.946672188077597 -11.946672188077597 -11.946672188077597 -11.946672188077597 -11.946672188077597 -11.946672188077597 -11.946672188077597 -11.946672188077597 -11.946672188077597 -11.946672188077597 -11.946672188077597 -11.946672188077597 -11.946672188077597 -11.946672188077597 -11.946672188077597 -11.946672188077597
9.195979899497488 -11.944713499802306 -11.944713499802306 -11.944713499802306 -11.944713499802306 -11.944713499802306 -11.944713499802306 -11.944713499802306 -11.944713499802306 -11.944713499802306 -11.944713499802306 -11.944713499802306 -11.944713499802306 -11.944713499802306 -11.944713499802306 -11.944713499802306 -11.944713499802306 -11.944713499802306 -11.944713499802306 -11.944713499802306 -11.944713499802306 -11.944713499802306 -11.944713499802306 -11.944713499802306 -11.944713499802306 -11.944713499802306 -11.944713499802306 -11.944713499802306 -11.944713499802306 -11.944713499802306
9.271356783919597 -11.942754811527017 -11.942754811527017 -11.942754811527017 -11.942754811527017 -11.942754811527017 -11.942754811527017 -11.942754811527017 -11.942754811527017 -11.942754811527017 -11.942754811527017 -11.942754811527017 -11.942754811527017 -11.942754811527017 -11.942754811527017 -11.942754811527017 -11.942754811527017 -11.942754811527017 -11.942754811527017 -11.942754811527017 -11.942754811527017 -11.942754811527017 -11.942754811527017 -11.942754811527017 -11.942754811527017 -11.942754811527017 -11.942754811527017 -11.942754811527017 -11.942754811527017 -11.942754811527017
9.346733668341708 -11.940796123251726 -11.940796123251726 -11.940796123251726 -11.940796123251726 -11.940796123251726 -11.940796123251726 -11.940796123251726 -11.940796123251726 -11.940796123251726 -11.940796123251726 -11.940796123251726 -11.940796123251726 -11.940796123251726 -11.940796123251726 -11.940796123251726 -11.940796123251726 -11.940796123251726 -11.940796123251726 -11.940796123251726 -11.940796123251726 -11.940796123251726 -11.940796123251726 -11.940796123251726 -11.940796123251726 -11.940796123251726 -11.940796123251726 -11.940796123251726 -11.940796123251726 -11.940796123251726
9.422110552763819 -11.938837434976435 -11.938837434976435 -11.938837434976435 -11.938837434976435 -11.938837434976435 -11.938837434976435 -11.938837434976435 -11.938837434976435 -11.938837434976435 -11.938837434976435 -11.938837434976435 -11.938837434976435 -11.938837434976435 -11.938837434976435 -11.938837434976435 -11.938837434976435 -11.938837434976435 -11.938837434976435 -11.938837434976435 -11.938837434976435 -11.938837434976435 -11.938837434976435 -11.938837434976435 -11.938837434976435 -11.938837434976435 -11.938837434976435 -11.938837434976435 -11.938837434976435 -11.938837434976435
9.497487437185928 -11.936878746701144 -11.936878746701144 -11.936878746701144 -11.936878746701144 -11.936878746701144 -11.936878746701144 -11.936878746701144 -11.936878746701144 -11.936878746701144 -11.936878746701144 -11.936878746701144 -11.936878746701144 -11.936878746701144 -11.936878746701144 -11.936878746701144 -11.936878746701144 -11.936878746701144 -11.936878746701144 -11.936878746701144 -11.936878746701144 -11.936878746701144 -11.936878746701144 -11.936878746701144 -11.936878746701144 -11.936878746701144 -11.936878746701144 -11.936878746701144 -11.936878746701144 -11.936878746701144
9.572864321608039 -11.934920058425854 -11.934920058425854 -11.934920058425854 -11.934920058425854 -11.934920058425854 -11.934920058425854 -11.934920058425854 -11.934920058425854 -11.934920058425854 -11.934920058425854 -11.934920058425854 -11.934920058425854 -11.934920058425854 -11.934920058425854 -11.934920058425854 -11.934920058425854 -11.934920058425854 -11.934920058425854 -11.934920058425854 -11.934920058425854 -11.934920058425854 -11.934920058425854 -11.934920058425854 -11.934920058425854 -11.934920058425854 -11.934920058425854 -11.934920058425854 -11.934920058425854 -11.934920058425854
9.64824120603015 -11.932961370150563 -11.932961370150563 -11.932961370150563 -11.932961370150563 -11.932961370150563 -11.932961370150563 -11.932961370150563 -11.932961370150563 -11.932961370150563 -11.932961370150563 -11.932961370150563 -11.932961370150563 -11.932961370150563 -11.932961370150563 -11.932961370150563 -11.932961370150563 -11.932961370150563 -11.932961370150563 -11.932961370150563 -11.932961370150563 -11.932961370150563 -11.932961370150563 -11.932961370150563 -11.932961370150563 -11.932961370150563 -11.932961370150563 -11.932961370150563 -11.932961370150563 -11.932961370150563
9.72361809045226 -11.931002681875272 -11.931002681875272 -11.931002681875272 -11.931002681875272 -11.931002681875272 -11.931002681875272 -11.931002681875272 -11.931002681875272 -11.931002681875272 -11.931002681875272 -11.931002681875272 -11.931002681875272 -11.931002681875272 -11.931002681875272 -11.931002681875272 -11.931002681875272 -11.931002681875272 -11.931002681875272 -11.931002681875272 -11.931002681875272 -11.931002681875272 -11.931002681875272 -11.931002681875272 -11.931002681875272 -11.931002681875272 -11.931002681875272 -11.931002681875272 -11.931002681875272 -11.931002681875272
9.798994974874372 -11.929043993599983 -11.929043993599983 -11.929043993599983 -11.929043993599983 -11.929043993599983 -11.929043993599983 -11.929043993599983 -11.929043993599983 -11.929043993599983 -11.929043993599983 -11.929043993599983 -11.929043993599983 -11.929043993599983 -11.929043993599983 -11.929043993599983 -11.929043993599983 -11.929043993599983 -11.929043993599983 -11.929043993599983 -11.929043993599983 -11.929043993599983 -11.929043993599983 -11.929043993599983 -11.929043993599983 -11.929043993599983 -11.929043993599983 -11.929043993599983 -11.929043993599983 -11.929043993599983
9.874371859296481 -11.927085305324692 -11.927085305324692 -11.927085305324692 -11.927085305324692 -11.927085305324692 -11.927085305324692 -11.927085305324692 -11.927085305324692 -11.927085305324692 -11.927085305324692 -11.927085305324692 -11.927085305324692 -11.927085305324692 -11.927085305324692 -11.927085305324692 -11.927085305324692 -11.927085305324692 -11.927085305324692 -11.927085305324692 -11.927085305324692 -11.927085305324692 -11.927085305324692 -11.927085305324692 -11.927085305324692 -11.927085305324692 -11.927085305324692 -11.927085305324692 -11.927085305324692 -11.927085305324692
9.949748743718592 -11.9251266170494 -11.9251266170494 -11.9251266170494 -11.9251266170494 -11.9251266170494 -11.9251266170494 -11.9251266170494 -11.9251266170494 -11.9251266170494 -11.9251266170494 -11.9251266170494 -11.9251266170494 -11.9251266170494 -11.9251266170494 -11.9251266170494 -11.9251266170494 -11.9251266170494 -11.9251266170494 -11.9251266170494 -11.9251266170494 -11.9251266170494 -11.9251266170494 -11.9251266170494 -11.9251266170494 -11.9251266170494 -11.9251266170494 -11.9251266170494 -11.9251266170494 -11.9251266170494
10.025125628140703 -11.923167928774111 -11.923167928774111 -11.923167928774111 -11.923167928774111 -11.923167928774111 -11.923167928774111 -11.923167928774111 -11.923167928774111 -11.923167928774111 -11.923167928774111 -11.923167928774111 -11.923167928774111 -11.923167928774111 -11.923167928774111 -11.923167928774111 -11.923167928774111 -11.923167928774111 -11.923167928774111 -11.923167928774111 -11.923167928774111 -11.923167928774111 -11.923167928774111 -11.923167928774111 -11.923167928774111 -11.923167928774111 -11.923167928774111 -11.923167928774111 -11.923167928774111 -11.923167928774111
