web/models/linear/3/-12_184_0_014.dat
# %ECSV 1.0
# ---
# datatype:
# - {name: time, datatype: float64}
# - {name: sdss_u, datatype: float64}
# - {name: sdss_g, datatype: float64}
# - {name: sdss_r, datatype: float64}
# - {name: sdss_i, datatype: float64}
# - {name: sdss_z, datatype: float64}
# - {name: Clear, datatype: float64}
# - {name: johnson_B, datatype: float64}
# - {name: johnson_V, datatype: float64}
# - {name: johnson_R, datatype: float64}
# - {name: johnson_I, datatype: float64}
# - {name: ukirt_J, datatype: float64}
# - {name: ukirt_H, datatype: float64}
# - {name: ukirt_K, datatype: float64}
# meta: !!omap
# - comment: [M=-12.183673469387756, dM=0.013971894723352866]
# schema: astropy-2.0
time sdss_u sdss_g sdss_r sdss_i sdss_z Clear johnson_B johnson_V johnson_R johnson_I ukirt_J ukirt_H ukirt_K
[from data line 117]
8.819095477386934 -12.060453995822508 -12.060453995822508 -12.060453995822508 -12.060453995822508 -12.060453995822508 -12.060453995822508 -12.060453995822508 -12.060453995822508 -12.060453995822508 -12.060453995822508 -12.060453995822508 -12.060453995822508 -12.060453995822508
8.894472361809044 -12.059400837928788 -12.059400837928788 -12.059400837928788 -12.059400837928788 -12.059400837928788 -12.059400837928788 -12.059400837928788 -12.059400837928788 -12.059400837928788 -12.059400837928788 -12.059400837928788 -12.059400837928788 -12.059400837928788
8.969849246231155 -12.058347680035068 -12.058347680035068 -12.058347680035068 -12.058347680035068 -12.058347680035068 -12.058347680035068 -12.058347680035068 -12.058347680035068 -12.058347680035068 -12.058347680035068 -12.058347680035068 -12.058347680035068 -12.058347680035068
9.045226130653266 -12.057294522141348 -12.057294522141348 -12.057294522141348 -12.057294522141348 -12.057294522141348 -12.057294522141348 -12.057294522141348 -12.057294522141348 -12.057294522141348 -12.057294522141348 -12.057294522141348 -12.057294522141348 -12.057294522141348
9.120603015075377 -12.056241364247628 -12.056241364247628 -12.056241364247628 -12.056241364247628 -12.056241364247628 -12.056241364247628 -12.056241364247628 -12.056241364247628 -12.056241364247628 -12.056241364247628 -12.056241364247628 -12.056241364247628 -12.056241364247628
9.195979899497488 -12.055188206353908 -12.055188206353908 -12.055188206353908 -12.055188206353908 -12.055188206353908 -12.055188206353908 -12.055188206353908 -12.055188206353908 -12.055188206353908 -12.055188206353908 -12.055188206353908 -12.055188206353908 -12.055188206353908
9.271356783919597 -12.054135048460187 -12.054135048460187 -12.054135048460187 -12.054135048460187 -12.054135048460187 -12.054135048460187 -12.054135048460187 -12.054135048460187 -12.054135048460187 -12.054135048460187 -12.054135048460187 -12.054135048460187 -12.054135048460187
9.346733668341708 -12.053081890566467 -12.053081890566467 -12.053081890566467 -12.053081890566467 -12.053081890566467 -12.053081890566467 -12.053081890566467 -12.053081890566467 -12.053081890566467 -12.053081890566467 -12.053081890566467 -12.053081890566467 -12.053081890566467
9.422110552763819 -12.052028732672747 -12.052028732672747 -12.052028732672747 -12.052028732672747 -12.052028732672747 -12.052028732672747 -12.052028732672747 -12.052028732672747 -12.052028732672747 -12.052028732672747 -12.052028732672747 -12.052028732672747 -12.052028732672747
9.497487437185928 -12.050975574779027 -12.050975574779027 -12.050975574779027 -12.050975574779027 -12.050975574779027 -12.050975574779027 -12.050975574779027 -12.050975574779027 -12.050975574779027 -12.050975574779027 -12.050975574779027 -12.050975574779027 -12.050975574779027
9.572864321608039 -12.049922416885307 -12.049922416885307 -12.049922416885307 -12.049922416885307 -12.049922416885307 -12.049922416885307 -12.049922416885307 -12.049922416885307 -12.049922416885307 -12.049922416885307 -12.049922416885307 -12.049922416885307 -12.049922416885307
9.64824120603015 -12.048869258991587 -12.048869258991587 -12.048869258991587 -12.048869258991587 -12.048869258991587 -12.048869258991587 -12.048869258991587 -12.048869258991587 -12.048869258991587 -12.048869258991587 -12.048869258991587 -12.048869258991587 -12.048869258991587
9.72361809045226 -12.047816101097867 -12.047816101097867 -12.047816101097867 -12.047816101097867 -12.047816101097867 -12.047816101097867 -12.047816101097867 -12.047816101097867 -12.047816101097867 -12.047816101097867 -12.047816101097867 -12.047816101097867 -12.047816101097867
9.798994974874372 -12.046762943204147 -12.046762943204147 -12.046762943204147 -12.046762943204147 -12.046762943204147 -12.046762943204147 -12.046762943204147 -12.046762943204147 -12.046762943204147 -12.046762943204147 -12.046762943204147 -12.046762943204147 -12.046762943204147
9.874371859296481 -12.045709785310427 -12.045709785310427 -12.045709785310427 -12.045709785310427 -12.045709785310427 -12.045709785310427 -12.045709785310427 -12.045709785310427 -12.045709785310427 -12.045709785310427 -12.045709785310427 -12.045709785310427 -12.045709785310427
9.949748743718592 -12.044656627416707 -12.044656627416707 -12.044656627416707 -12.044656627416707 -12.044656627416707 -12.044656627416707 -12.044656627416707 -12.044656627416707 -12.044656627416707 -12.044656627416707 -12.044656627416707 -12.044656627416707 -12.044656627416707
10.025125628140703 -12.043603469522987 -12.043603469522987 -12.043603469522987 -12.043603469522987 -12.043603469522987 -12.043603469522987 -12.043603469522987 -12.043603469522987 -12.043603469522987 -12.043603469522987 -12.043603469522987 -12.043603469522987 -12.043603469522987
10.100502512562812 -12.042550311629267 -12.042550311629267 -12.042550311629267 -12.042550311629267 -12.042550311629267 -12.042550311629267 -12.042550311629267 -12.042550311629267 -12.042550311629267 -12.042550311629267 -12.042550311629267 -12.042550311629267 -12.042550311629267
10.175879396984923 -12.041497153735547 -12.041497153735547 -12.041497153735547 -12.041497153735547 -12.041497153735547 -12.041497153735547 -12.041497153735547 -12.041497153735547 -12.041497153735547 -12.041497153735547 -12.041497153735547 -12.041497153735547 -12.041497153735547
10.251256281407034 -12.040443995841827 -12.040443995841827 -12.040443995841827 -12.040443995841827 -12.040443995841827 -12.040443995841827 -12.040443995841827 -12.040443995841827 -12.040443995841827 -12.040443995841827 -12.040443995841827 -12.040443995841827 -12.040443995841827
10.326633165829145 -12.039390837948106 -12.039390837948106 -12.039390837948106 -12.039390837948106 -12.039390837948106 -12.039390837948106 -12.039390837948106 -12.039390837948106 -12.039390837948106 -12.039390837948106 -12.039390837948106 -12.039390837948106 -12.039390837948106
10.402010050251256 -12.038337680054386 -12.038337680054386 -12.038337680054386 -12.038337680054386 -12.038337680054386 -12.038337680054386 -12.038337680054386 -12.038337680054386 -12.038337680054386 -12.038337680054386 -12.038337680054386 -12.038337680054386 -12.038337680054386
10.477386934673365 -12.037284522160666 -12.037284522160666 -12.037284522160666 -12.037284522160666 -12.037284522160666 -12.037284522160666 -12.037284522160666 -12.037284522160666 -12.037284522160666 -12.037284522160666 -12.037284522160666 -12.037284522160666 -12.037284522160666
10.552763819095476 -12.036231364266946 -12.036231364266946 -12.036231364266946 -12.036231364266946 -12.036231364266946 -12.036231364266946 -12.036231364266946 -12.036231364266946 -12.036231364266946 -12.036231364266946 -12.036231364266946 -12.036231364266946 -12.036231364266946
10.628140703517587 -12.035178206373226 -12.035178206373226 -12.035178206373226 -12.035178206373226 -12.035178206373226 -12.035178206373226 -12.035178206373226 -12.035178206373226 -12.035178206373226 -12.035178206373226 -12.035178206373226 -12.035178206373226 -12.035178206373226
10.703517587939697 -12.034125048479506 -12.034125048479506 -12.034125048479506 -12.034125048479506 -12.034125048479506 -12.034125048479506 -12.034125048479506 -12.034125048479506 -12.034125048479506 -12.034125048479506 -12.034125048479506 -12.034125048479506 -12.034125048479506
10.778894472361808 -12.033071890585786 -12.033071890585786 -12.033071890585786 -12.033071890585786 -12.033071890585786 -12.033071890585786 -12.033071890585786 -12.033071890585786 -12.033071890585786 -12.033071890585786 -12.033071890585786 -12.033071890585786 -12.033071890585786
10.854271356783919 -12.032018732692066 -12.032018732692066 -12.032018732692066 -12.032018732692066 -12.032018732692066 -12.032018732692066 -12.032018732692066 -12.032018732692066 -12.032018732692066 -12.032018732692066 -12.032018732692066 -12.032018732692066 -12.032018732692066
10.92964824120603 -12.030965574798346 -12.030965574798346 -12.030965574798346 -12.030965574798346 -12.030965574798346 -12.030965574798346 -12.030965574798346 -12.030965574798346 -12.030965574798346 -12.030965574798346 -12.030965574798346 -12.030965574798346 -12.030965574798346
11.00502512562814 -12.029912416904626 -12.029912416904626 -12.029912416904626 -12.029912416904626 -12.029912416904626 -12.029912416904626 -12.029912416904626 -12.029912416904626 -12.029912416904626 -12.029912416904626 -12.029912416904626 -12.029912416904626 -12.029912416904626
11.08040201005025 -12.028859259010906 -12.028859259010906 -12.028859259010906 -12.028859259010906 -12.028859259010906 -12.028859259010906 -12.028859259010906 -12.028859259010906 -12.028859259010906 -12.028859259010906 -12.028859259010906 -12.028859259010906 -12.028859259010906
11.15577889447236 -12.027806101117186 -12.027806101117186 -12.027806101117186 -12.027806101117186 -12.027806101117186 -12.027806101117186 -12.027806101117186 -12.027806101117186 -12.027806101117186 -12.027806101117186 -12.027806101117186 -12.027806101117186 -12.027806101117186
11.231155778894472 -12.026752943223466 -12.026752943223466 -12.026752943223466 -12.026752943223466 -12.026752943223466 -12.026752943223466 -12.026752943223466 -12.026752943223466 -12.026752943223466 -12.026752943223466 -12.026752943223466 -12.026752943223466 -12.026752943223466
11.306532663316581 -12.025699785329746 -12.025699785329746 -12.025699785329746 -12.025699785329746 -12.025699785329746 -12.025699785329746 -12.025699785329746 -12.025699785329746 -12.025699785329746 -12.025699785329746 -12.025699785329746 -12.025699785329746 -12.025699785329746
11.381909547738692 -12.024646627436026 -12.024646627436026 -12.024646627436026 -12.024646627436026 -12.024646627436026 -12.024646627436026 -12.024646627436026 -12.024646627436026 -12.024646627436026 -12.024646627436026 -12.024646627436026 -12.024646627436026 -12.024646627436026
11.457286432160803 -12.023593469542305 -12.023593469542305 -12.023593469542305 -12.023593469542305 -12.023593469542305 -12.023593469542305 -12.023593469542305 -12.023593469542305 -12.023593469542305 -12.023593469542305 -12.023593469542305 -12.023593469542305 -12.023593469542305
11.532663316582914 -12.022540311648585 -12.022540311648585 -12.022540311648585 -12.022540311648585 -12.022540311648585 -12.022540311648585 -12.022540311648585 -12.022540311648585 -12.022540311648585 -12.022540311648585 -12.022540311648585 -12.022540311648585 -12.022540311648585
11.608040201005025 -12.021487153754865 -12.021487153754865 -12.021487153754865 -12.021487153754865 -12.021487153754865 -12.021487153754865 -12.021487153754865 -12.021487153754865 -12.021487153754865 -12.021487153754865 -12.021487153754865 -12.021487153754865 -12.021487153754865
11.683417085427134 -12.020433995861145 -12.020433995861145 -12.020433995861145 -12.020433995861145 -12.020433995861145 -12.020433995861145 -12.020433995861145 -12.020433995861145 -12.020433995861145 -12.020433995861145 -12.020433995861145 -12.020433995861145 -12.020433995861145
11.758793969849245 -12.019380837967425 -12.019380837967425 -12.019380837967425 -12.019380837967425 -12.019380837967425 -12.019380837967425 -12.019380837967425 -12.019380837967425 -12.019380837967425 -12.019380837967425 -12.019380837967425 -12.019380837967425 -12.019380837967425
11.834170854271356 -12.018327680073705 -12.018327680073705 -12.018327680073705 -12.018327680073705 -12.018327680073705 -12.018327680073705 -12.018327680073705 -12.018327680073705 -12.018327680073705 -12.018327680073705 -12.018327680073705 -12.018327680073705 -12.018327680073705
11.909547738693465 -12.017274522179985 -12.017274522179985 -12.017274522179985 -12.017274522179985 -12.017274522179985 -12.017274522179985 -12.017274522179985 -12.017274522179985 -12.017274522179985 -12.017274522179985 -12.017274522179985 -12.017274522179985 -12.017274522179985
11.984924623115576 -12.016221364286265 -12.016221364286265 -12.016221364286265 -12.016221364286265 -12.016221364286265 -12.016221364286265 -12.016221364286265 -12.016221364286265 -12.016221364286265 -12.016221364286265 -12.016221364286265 -12.016221364286265 -12.016221364286265
12.060301507537687 -12.015168206392545 -12.015168206392545 -12.015168206392545 -12.015168206392545 -12.015168206392545 -12.015168206392545 -12.015168206392545 -12.015168206392545 -12.015168206392545 -12.015168206392545 -12.015168206392545 -12.015168206392545 -12.015168206392545
12.135678391959798 -12.014115048498825 -12.014115048498825 -12.014115048498825 -12.014115048498825 -12.014115048498825 -12.014115048498825 -12.014115048498825 -12.014115048498825 -12.014115048498825 -12.014115048498825 -12.014115048498825 -12.014115048498825 -12.014115048498825
12.21105527638191 -12.013061890605105 -12.013061890605105 -12.013061890605105 -12.013061890605105 -12.013061890605105 -12.013061890605105 -12.013061890605105 -12.013061890605105 -12.013061890605105 -12.013061890605105 -12.013061890605105 -12.013061890605105 -12.013061890605105
12.286432160804019 -12.012008732711385 -12.012008732711385 -12.012008732711385 -12.012008732711385 -12.012008732711385 -12.012008732711385 -12.012008732711385 -12.012008732711385 -12.012008732711385 -12.012008732711385 -12.012008732711385 -12.012008732711385 -12.012008732711385
12.36180904522613 -12.010955574817665 -12.010955574817665 -12.010955574817665 -12.010955574817665 -12.010955574817665 -12.010955574817665 -12.010955574817665 -12.010955574817665 -12.010955574817665 -12.010955574817665 -12.010955574817665 -12.010955574817665 -12.010955574817665
12.43718592964824 -12.009902416923945 -12.009902416923945 -12.009902416923945 -12.009902416923945 -12.009902416923945 -12.009902416923945 -12.009902416923945 -12.009902416923945 -12.009902416923945 -12.009902416923945 -12.009902416923945 -12.009902416923945 -12.009902416923945
12.51256281407035 -12.008849259030224 -12.008849259030224 -12.008849259030224 -12.008849259030224 -12.008849259030224 -12.008849259030224 -12.008849259030224 -12.008849259030224 -12.008849259030224 -12.008849259030224 -12.008849259030224 -12.008849259030224 -12.008849259030224
12.58793969849246 -12.007796101136504 -12.007796101136504 -12.007796101136504 -12.007796101136504 -12.007796101136504 -12.007796101136504 -12.007796101136504 -12.007796101136504 -12.007796101136504 -12.007796101136504 -12.007796101136504 -12.007796101136504 -12.007796101136504
12.663316582914572 -12.006742943242784 -12.006742943242784 -12.006742943242784 -12.006742943242784 -12.006742943242784 -12.006742943242784 -12.006742943242784 -12.006742943242784 -12.006742943242784 -12.006742943242784 -12.006742943242784 -12.006742943242784 -12.006742943242784
12.738693467336683 -12.005689785349064 -12.005689785349064 -12.005689785349064 -12.005689785349064 -12.005689785349064 -12.005689785349064 -12.005689785349064 -12.005689785349064 -12.005689785349064 -12.005689785349064 -12.005689785349064 -12.005689785349064 -12.005689785349064
12.814070351758794 -12.004636627455344 -12.004636627455344 -12.004636627455344 -12.004636627455344 -12.004636627455344 -12.004636627455344 -12.004636627455344 -12.004636627455344 -12.004636627455344 -12.004636627455344 -12.004636627455344 -12.004636627455344 -12.004636627455344
12.889447236180903 -12.003583469561624 -12.003583469561624 -12.003583469561624 -12.003583469561624 -12.003583469561624 -12.003583469561624 -12.003583469561624 -12.003583469561624 -12.003583469561624 -12.003583469561624 -12.003583469561624 -12.003583469561624 -12.003583469561624
12.964824120603014 -12.002530311667904 -12.002530311667904 -12.002530311667904 -12.002530311667904 -12.002530311667904 -12.002530311667904 -12.002530311667904 -12.002530311667904 -12.002530311667904 -12.002530311667904 -12.002530311667904 -12.002530311667904 -12.002530311667904
