web/models/mosfit_kne/mosfit_kn_1.0000/mosfit_kn_0.041628_0.0457_1.0000.dat
# %ECSV 1.0
# ---
# datatype:
# - {name: time, datatype: float64}
# - {name: PS1_g, datatype: float64}
# - {name: PS1_i, datatype: float64}
# - {name: PS1_r, datatype: float64}
# - {name: PS1_w, datatype: float64}
# - {name: PS1_y, datatype: float64}
# - {name: PS1_z, datatype: float64}
# - {name: swift_uvot_B, datatype: float64}
# - {name: swift_uvot_U, datatype: float64}
# - {name: swift_uvot_uvm2, datatype: float64}
# - {name: swift_uvot_uvw1, datatype: float64}
# - {name: swift_uvot_uvw2, datatype: float64}
# - {name: swift_uvot_V, datatype: float64}
# - {name: johnson_B, datatype: float64}
# - {name: johnson_I, datatype: float64}
# - {name: johnson_R, datatype: float64}
# - {name: johnson_U, datatype: float64}
# - {name: johnson_V, datatype: float64}
# - {name: sdss_g, datatype: float64}
# - {name: sdss_i, datatype: float64}
# - {name: sdss_r, datatype: float64}
# - {name: sdss_u, datatype: float64}
# - {name: sdss_z, datatype: float64}
# - {name: ATLAS_c, datatype: float64}
# - {name: ATLAS_o, datatype: float64}
# - {name: ukirt_H, datatype: float64}
# - {name: ukirt_J, datatype: float64}
# - {name: ukirt_K, datatype: float64}
# - {name: Clear, datatype: float64}
# meta: !!omap
# - comment: [kappa = 1.0, type = rprocess, mass = 0.04162766037032262, velocity = 0.04566666666666669, theta_obs = 0.0, tfloor = 1000.0]
# schema: astropy-2.0
time PS1_g PS1_i PS1_r PS1_w PS1_y PS1_z swift_uvot_B swift_uvot_U swift_uvot_uvm2 swift_uvot_uvw1 swift_uvot_uvw2 swift_uvot_V johnson_B johnson_I johnson_R johnson_U johnson_V sdss_g sdss_i sdss_r sdss_u sdss_z ATLAS_c ATLAS_o ukirt_H ukirt_J ukirt_K Clear
[from data line 169]
10.220440881763526 -9.792156285929394 -12.543181529309582 -11.522196799471214 -11.610284182358246 -13.411774661137876 -13.091199244874083 -8.66428467863318 -7.239404349924996 -1.2568734596756164 -5.348133760232727 -3.390122856475027 -10.629471743419813 -8.824967747205847 -13.248523933331324 -12.05386211750809 -7.442891025683373 -10.756486962916066 -9.533053022789364 -12.525439558116389 -11.497983486809282 -6.508269882875286 -13.188610890000785 -10.625910982730637 -12.058000376188325 -14.195071825700845 -13.942782291956151 -14.20962442461313 -12.0414003772426
10.280561122244489 -9.73068614029101 -12.506613309513277 -11.475600993474995 -11.568430103551144 -13.385638001244224 -13.060906906720469 -8.593684272801642 -7.148612008553279 -1.1234678491556087 -5.26581955359994 -3.309229857283252 -10.574018128150435 -8.756497159562041 -13.21505365739463 -12.011131353811326 -7.3552511382844905 -10.702649519720156 -9.46935361462451 -12.488594367100667 -11.450934074399495 -6.418828317034695 -13.15964445214215 -10.573229206229726 -12.017494809443772 -14.184201460847026 -13.924951719959624 -14.203468656020986 -12.005388706077262
10.34068136272545 -9.668849196116867 -12.469765463179403 -11.428688749403761 -11.526323417684647 -13.359266109144237 -13.030360152794334 -8.522674243793997 -7.05733120608965 -0.9895062202768861 -5.183367575579805 -3.228224493395618 -10.518203609285514 -8.68764207671392 -13.181318627414768 -11.96811564508333 -7.267131364270345 -10.648469243390506 -9.405278833321393 -12.451468456447294 -11.403562754357086 -6.328894047328362 -13.130432907439467 -10.52023579471662 -11.976714305049097 -14.173175478656573 -13.906928464635067 -14.197184660627736 -11.969166010119832
10.400801603206412 -9.606671209810536 -12.432655274573516 -11.381480797328773 -11.483983231103512 -13.33267268694902 -12.999574102103395 -8.45128342057069 -6.96559749030536 -0.855039763854502 -5.100808532987848 -3.147133873235649 -10.462051831024237 -8.618430817619846 -13.147335090641576 -11.924834631179017 -7.178566223407518 -10.593969387391942 -9.340855191255706 -12.414079207526285 -11.355890377074722 -6.238502155596528 -13.100990970556357 -10.466953613210723 -11.935677669959048 -14.162002410903847 -13.888723414612015 -14.190779412159882 -11.93274945648474
10.460921843687375 -9.54414214556726 -12.395276240838804 -11.333969245710147 -11.441402325607175 -13.305852680630359 -12.968543112820345 -8.379500436416684 -6.873396476928573 -0.7200492387524831 -5.018127305555264 -3.0659400464337447 -10.405553541956724 -8.54885253857422 -13.113097001955698 -11.881281200621505 -7.089541823500884 -10.539141093766789 -9.276072333868726 -12.376420081078976 -11.307908951477508 -6.147638441314136 -13.071313236305429 -10.413373976545905 -11.894378031133108 -14.150679398594209 -13.87033270993692 -14.184250768616822 -11.896132710691809
10.521042084168336 -9.481265904373686 -12.357631119764054 -11.28615734743315 -11.39858371981088 -13.278808335216308 -12.93726962404671 -8.307329580625577 -6.780733232371805 -0.5845428508852661 -4.935326462682124 -2.984642557568676 -10.348712302863856 -8.478911647490953 -13.078606993973498 -11.837458656688248 -7.00006313284047 -10.48398801080859 -9.210934262462924 -12.338493850596617 -11.259621717262807 -6.056307904864706 -13.041402130412738 -10.35950047656307 -11.852818509684209 -14.139208004934483 -13.851758225141209 -14.177600120490863 -11.859318571656559
10.581162324649299 -9.418061435977432 -12.319732679988977 -11.23806039729006 -11.355541450768811 -13.25154978571275 -12.90576481170886 -8.234792054030546 -6.687633831168416 -0.4485583448063073 -4.85242738947095 -2.9032595404296866 -10.291545526601535 -8.408629010221013 -13.043877078183261 -11.793381540162848 -6.910155494166627 -10.428527296623036 -9.14546047933257 -12.300313356664407 -11.211044052945383 -5.964536294320091 -13.011268541364966 -10.305349941801296 -11.811013009310933 -14.127594558365162 -13.833008026058573 -14.170832654324402 -11.822319647258617
10.64128256513026 -9.354524541016218 -12.28157829592707 -11.189675171636004 -11.312272558226688 -13.224075029026743 -12.87402641493653 -8.161883055584529 -6.594092050185765 -0.3120879974163797 -4.7694220741808735 -2.821780272959472 -10.23404933601838 -8.338000172559376 -13.008904840681776 -11.749047096562776 -6.819812932870299 -10.372755336355668 -9.079646642880377 -12.261875959322115 -11.162172673455792 -5.872317472943269 -12.980910338821285 -10.250918810861336 -11.768958831521399 -14.115838027495753 -13.8140806398545 -14.163947674837496 -11.785133388761704
10.701402805611222 -9.29065901749798 -12.243170659743665 -11.14100484474978 -11.26877994031025 -13.196386252647958 -12.842056813307643 -8.0886067717056 -6.50011283200099 -0.17513980654144046 -4.686312527826999 -2.7402039767418027 -10.176227213262809 -8.267029428937235 -12.973692849697855 -11.704458544277358 -6.729040303155404 -10.316675694464086 -9.013496649423036 -12.223184366285942 -11.1130107427344 -5.779656330609537 -12.950329887859002 -10.196210557946337 -11.726659008079015 -14.103939911897443 -13.794977882182272 -14.156946503052817 -11.747762465244325
10.761523046092185 -9.226482971297116 -12.204521988269814 -11.092064044691075 -11.225076951685917 -13.168493151014609 -12.809866699861718 -8.014983471403518 -6.405721096507815 -0.03774979599633621 -4.603118508354314 -2.658547413073794 -10.118095820826369 -8.195736714883676 -12.938252595821044 -11.659629780767268 -6.637861836055958 -10.260304783212922 -8.947029132950277 -12.184250863391917 -11.063572972822175 -5.68657749221968 -12.919537604040148 -10.141241230809968 -11.684126817008504 -14.091906237032992 -13.775707455510025 -14.149834059498241 -11.710218842319549
10.821643286573146 -9.16199195229515 -12.165629488410339 -11.04284934805241 -11.18116041869186 -13.140393584178156 -12.777453665301781 -7.941008081811552 -6.3109102876540035 0.10009022467110729 -4.519831421982943 -2.5767995285971277 -10.059651060359062 -8.124117304085189 -12.902581506166523 -11.614557859174958 -6.546271238507845 -10.20363876887611 -8.880239494684545 -12.145072642453432 -11.013855879451917 -5.593074500358846 -12.888531211688363 -10.086007028457846 -11.641359368158817 -14.079735867483583 -13.756267769673903 -14.142609552013264 -11.672499767778621
10.881763527054108 -9.09719270690207 -12.126497819128819 -10.993366293507414 -11.137035353604894 -13.112091285522958 -12.744821804544024 -7.866688115089434 -6.215689482734561 0.2383665009916287 -4.436456598756653 -2.494963051145177 -10.000899146007331 -8.052178711397428 -12.866683988818021 -11.569248190202572 -6.454277380638224 -10.146683871315377 -8.81313466881231 -12.105654389185911 -10.963865013911693 -5.499156340611595 -12.857314734004408 -10.030513990771226 -11.598361789969687 -14.067431209868884 -13.736661840852376 -14.135275006139485 -11.634609769494215
10.941883767535069 -9.032102227050913 -12.087138466438585 -10.94362862626527 -11.092714235006245 -13.083595369142369 -12.711981172251416 -7.7920426041148 -6.120082069199668 0.3770452679956344 -4.353011920207166 -2.4130531402410536 -9.941855741032334 -7.9799396451908535 -12.830570846020787 -11.52371382570448 -6.3619030149186635 -10.089455513813801 -8.745732142733438 -12.066007654622073 -10.91361420394037 -5.404846141072195 -12.82589796305782 -9.974777148394516 -11.555146541473729 -14.054997905425635 -13.716896900125446 -14.127835013094588 -11.596560000190781
11.002004008016032 -8.966716740891023 -12.04754908993559 -10.893633467740198 -11.048194355099916 -13.054904048168616 -12.678929752799952 -7.717067248209758 -6.02408245462593 0.5161333814438125 -4.269489416928565 -2.331059603832347 -9.882517383115871 -7.907396120298603 -12.794239926960628 -11.477952318717357 -6.269142787364583 -10.031950477961223 -8.67802801728029 -12.02613008598572 -10.86310051713344 -5.310138404856364 -12.794279002489048 -9.918793276552549 -11.511711205716146 -14.042435011641404 -13.696971625022998 -14.120288920417925 -11.558348107602203
11.062124248496994 -8.90103846409632 -12.007731335433682 -10.8433827328472 -11.003477377246185 -13.026018677095141 -12.645669009759626 -7.641764478572411 -5.927693409597339 0.6556259695121698 -4.1858885304135285 -2.2489796223540846 -9.82288612768362 -7.8345506966252145 -12.757692814651175 -11.431965689928624 -6.175999456372196 -9.974170922940376 -8.610024560836322 -11.986023339116603 -10.812325854549876 -5.215035898178559 -12.762459324741826 -9.862564408756231 -11.468057651242685 -14.029743476881896 -13.676887155131164 -14.112637577225582 -11.519975623452812
11.122244488977955 -8.835089643460261 -11.967700200890405 -10.792894383835705 -10.95857955953882 -12.996951135598973 -12.612212064006805 -7.566159249752121 -5.830945679565538 0.7954790858599177 -4.1022332340253875 -2.1668346013113324 -9.762982507712234 -7.761427813281937 -12.720943597602059 -11.385770897074494 -6.082502918627057 -9.916137001280683 -8.541744674002292 -11.945702496721555 -10.761308302021675 -5.119569035117131 -12.730451685200439 -9.806110155223333 -11.42420207880761 -14.016930578623475 -13.656652875519073 -14.104886853641128 -11.481457025821289
11.182364729458918 -8.768871571929182 -11.927456725067014 -10.742169602471474 -10.913501854772267 -12.967702297968096 -12.578559849516058 -7.490252965371776 -5.733840761092903 0.9356897225389078 -4.0185215892862125 -2.0846205317402453 -9.70280774558245 -7.6880290140897 -12.68399328795055 -11.339369262221243 -5.988654701368798 -9.857850050117632 -8.473189675171344 -11.905168604224112 -10.710049025195492 -5.023739333767807 -12.69825704007511 -9.749431715114252 -11.380145682416583 -14.003996956310727 -13.636269540117476 -14.097037339020273 -11.442793194482608
11.242484969939879 -8.702377607930458 -11.88699665431642 -10.691203211881586 -10.868239434943892 -12.938268865260945 -12.54470867860066 -7.414038109210593 -5.6363690746079875 1.076270311901177 -3.9347419816129476 -2.0023239574291583 -9.642355743077282 -7.614347179936271 -12.646837940855129 -11.292756191143784 -5.894445587562338 -9.799304280107267 -8.404352710633098 -11.864417385133788 -10.658542776427424 -4.927537365967094 -12.66587187294876 -9.692523323964242 -11.335883976801924 -13.990940737079088 -13.615734632476942 -14.08908762764037 -11.40397988336856
11.302605210420841 -8.635629097822157 -11.846334398514227 -10.64001246192083 -10.822807846894786 -12.908662251589949 -12.510671159590192 -7.337538637772073 -5.538560129493106 1.2171787643115346 -3.8509169480266965 -1.919965122247532 -9.581646229388536 -7.540405753393834 -12.609491090671014 -11.245947953952513 -5.7999042816090025 -9.740519044643142 -8.335255754118638 -11.823463330815827 -10.606806929053985 -4.830992340266835 -12.633308437673136 -9.63540376575212 -11.291432497123957 -13.977768889800187 -13.59505715954018 -14.081043323585297 -11.365030908142746
11.362725450901802 -8.568635169058822 -11.805476226345348 -10.588604816343619 -10.777213714231522 -12.878887452508927 -12.476452793109036 -7.260764774401497 -5.4404263803080966 1.3583968535084674 -3.767053956733761 -1.837549522237388 -9.520687672216532 -7.4662148267165875 -12.571958645471721 -11.198951702960215 -5.705042945817713 -9.68150272506328 -8.265908194163032 -11.782312745925587 -10.554848988742123 -4.734116615939943 -12.600572106747663 -9.578081088666064 -11.246798027073428 -13.964484512198448 -13.574241094644533 -14.072906951305571 -11.325952157854022
11.422845691382765 -8.501386862953773 -11.764416340698709 -10.536973243119157 -10.731450499024913 -12.848939950358016 -12.442048543293591 -7.1837064056776 -5.341955026717109 1.4999415340023576 -3.6831385096094134 -1.7550610962804778 -9.459471845608977 -7.391764747963062 -12.534235213248756 -11.151761109085776 -5.609849242193878 -9.62224745550875 -8.196300791265685 -11.740959802009154 -10.502661839196055 -4.636897588914799 -12.56765805727241 -9.5205474783182 -11.20197441147278 -13.95108498402015 -13.553282960176956 -14.064676501080962 -11.286737859305127
11.482965931863728 -8.433905612855277 -11.723169223983412 -10.485135071989458 -10.685533754244343 -12.818831215564828 -12.407471083612087 -7.106387600482541 -5.243175721356312 1.6417706774872949 -3.5991929466495516 -1.6725201444488067 -9.398018588527954 -7.317079037767197 -12.496334392783652 -11.104392488238776 -5.514352020829804 -9.562772676935632 -8.126455609173142 -11.699419063337828 -10.450262941030122 -4.539364626272544 -12.534578599921087 -9.46282175685969 -11.156977224693492 -13.937577279903815 -13.532191794052684 -14.056357560033222 -11.247401799810106
11.543086172344688 -8.366200336322152 -11.681741013793765 -10.43309760469139 -10.639469910714343 -12.788566139463242 -12.37272580126863 -7.028818357451413 -5.144100644145322 1.7838665480852507 -3.5152243225210706 -1.5899319954080435 -9.336336195678847 -7.242167547846442 -12.458261966787589 -11.05685282184033 -5.418563182561684 -9.503086588992689 -8.056381820773275 -11.657696702762355 -10.397659641343626 -4.441529828159538 -12.50133899316527 -9.404911760262511 -11.111813082060618 -13.923964414156858 -13.51097147844383 -14.04795257019497 -11.207949674567121
11.603206412825651 -8.298260995565965 -11.640125193307451 -10.380852944539427 -10.593251630357212 -12.758139635633032 -12.337807031524655 -6.950987356312846 -5.044715501132444 1.9262482009735011 -3.4312168659249482 -1.5072795527717484 -9.27441545236671 -7.167019446293018 -12.420011867998817 -11.009134970020497 -5.322468942976048 -9.443180359951898 -7.986069075889066 -11.615786168218847 -10.344843953608915 -4.343379119639987 -12.467933804405185 -9.346808714706327 -11.06647504595653 -13.910243414158108 -13.4896180857854 -14.039459233859136 -11.168374994513943
11.663326653306612 -8.230107967706175 -11.59833555348655 -10.328417583592202 -10.5468936482292 -12.727562629265119 -12.302726846097212 -6.872917491107034 -4.945048490217427 2.068875690452889 -3.3471914284833555 -1.4245818899359395 -9.212275249286314 -7.09165708379102 -12.381597044504506 -10.961254442585712 -5.226096746501938 -9.383072489617808 -7.915538350741063 -11.573701328618835 -10.29183249967625 -4.244940444822216 -12.434374756286992 -9.288530481932913 -11.020977913476653 -13.896420903166343 -13.468140215952767 -14.030882840673351 -11.128690792585196
11.723446893787575 -8.1617542626247 -11.556380973911118 -10.275802111380177 -10.500405327273192 -12.69684217356346 -12.26749302857085 -6.79462337454246 -4.8451175262671065 2.211723439403934 -3.2631598795415147 -1.341849310991282 -9.149927683529803 -7.016094763434303 -12.343025843982069 -10.913221252748563 -5.129464062843756 -9.322774861003714 -7.8448030335869845 -11.531451114055624 -10.238635949026538 -4.146231586830815 -12.400669420648143 -9.230088454494112 -10.975331206041723 -13.8825011724556 -13.446543433997265 -14.022226827102367 -11.088905334612704
11.783567134268537 -8.093191223074871 -11.514255861650007 -10.22299973949023 -10.453780313868943 -12.665973909936152 -12.232100721371886 -6.716095246181598 -4.744910257795052 2.354807852994509 -3.179108158994008 -1.2590666134012127 -9.087364825827208 -6.940323154327096 -12.30429306284914 -10.865029279745333 -5.0325589948671485 -9.262279886351601 -7.773854196798862 -11.489029901575325 -10.185247435962044 -4.047240397930718 -12.366813143723174 -9.17147505253757 -10.929528960480486 -13.86848167491763 -13.424824377194112 -14.0134892226993 -11.049012992937328
