web/models/mosfit_kne/mosfit_kn_1.0000/mosfit_kn_0.018177_0.2963_1.0000.dat
# %ECSV 1.0
# ---
# datatype:
# - {name: time, datatype: float64}
# - {name: PS1_g, datatype: float64}
# - {name: PS1_i, datatype: float64}
# - {name: PS1_r, datatype: float64}
# - {name: PS1_w, datatype: float64}
# - {name: PS1_y, datatype: float64}
# - {name: PS1_z, datatype: float64}
# - {name: swift_uvot_B, datatype: float64}
# - {name: swift_uvot_U, datatype: float64}
# - {name: swift_uvot_uvm2, datatype: float64}
# - {name: swift_uvot_uvw1, datatype: float64}
# - {name: swift_uvot_uvw2, datatype: float64}
# - {name: swift_uvot_V, datatype: float64}
# - {name: johnson_B, datatype: float64}
# - {name: johnson_I, datatype: float64}
# - {name: johnson_R, datatype: float64}
# - {name: johnson_U, datatype: float64}
# - {name: johnson_V, datatype: float64}
# - {name: sdss_g, datatype: float64}
# - {name: sdss_i, datatype: float64}
# - {name: sdss_r, datatype: float64}
# - {name: sdss_u, datatype: float64}
# - {name: sdss_z, datatype: float64}
# - {name: ATLAS_c, datatype: float64}
# - {name: ATLAS_o, datatype: float64}
# - {name: ukirt_H, datatype: float64}
# - {name: ukirt_J, datatype: float64}
# - {name: ukirt_K, datatype: float64}
# - {name: Clear, datatype: float64}
# meta: !!omap
# - comment: [kappa = 1.0, type = rprocess, mass = 0.018176879801416274, velocity = 0.29633333333333334, theta_obs = 0.0, tfloor = 1000.0]
# schema: astropy-2.0
time PS1_g PS1_i PS1_r PS1_w PS1_y PS1_z swift_uvot_B swift_uvot_U swift_uvot_uvm2 swift_uvot_uvw1 swift_uvot_uvw2 swift_uvot_V johnson_B johnson_I johnson_R johnson_U johnson_V sdss_g sdss_i sdss_r sdss_u sdss_z ATLAS_c ATLAS_o ukirt_H ukirt_J ukirt_K Clear
[from data line 203]
12.264529058116231 8.447533028915046 -0.43429578428424875 3.040774993753601 1.0728511822496145 -3.9574858328094997 -2.5398098679623793 11.987439605479516 18.646383703374436 32.534979007403614 14.611966235448985 17.124982741928637 6.407049721785831 10.783502288513326 -1.9878090907061994 0.9822236760188006 17.615382524122694 5.452027386617078 9.260073130229483 -0.3530398321712447 3.269263653250025 19.147489233549262 -3.113237479984363 5.019851563496243 0.5674390388864659 -8.906473210724995 -6.756983915235304 -10.266761891198167 -1.213042861511724
12.324649298597194 8.459047806430426 -0.4227810067688509 3.052289771268999 1.0843659597650124 -3.945971055294102 -2.5282950904469814 11.998954382994913 18.657898480889834 32.54649378491901 14.623481012964383 17.136497519444035 6.418564499301229 10.795017066028723 -1.9762943131908015 0.9937384535341984 17.626897301638092 5.463542164132476 9.27158790774488 -0.3415250546558646 3.280778430765423 19.15900401106466 -3.101722702468983 5.0313663410116405 0.578953816401846 -8.894958433209597 -6.7454691377199065 -10.255247113682787 -1.2015280839963438
12.384769539078157 8.470509218411912 -0.4113195947873649 3.063751183250485 1.0958273717464984 -3.9345096433126336 -2.5168336784654954 12.0104157949764 18.66935989287132 32.557955196900494 14.63494242494587 17.14795893142552 6.430025911282697 10.80647847801021 -1.9648329012093155 1.0051998655156844 17.63835871361956 5.475003576113962 9.283049319726366 -0.3300636426743786 3.292239842746909 19.170465423046146 -3.090261290487497 5.0428277529931265 0.5904152283833319 -8.883497021228111 -6.7340077257384205 -10.2437857017013 -1.1900666720148578
12.444889779559118 8.48191780376462 -0.39991100943465696 3.075159768603193 1.1072359570992063 -3.923101057959908 -2.5054250931127875 12.021824380329107 18.680768478224028 32.5693637822532 14.646351010298577 17.15936751677823 6.441434496635423 10.817887063362917 -1.9534243158566076 1.0166084508683924 17.649767298972286 5.48641216146667 9.294457905079074 -0.3186550573216529 3.303648428099617 19.181874008398854 -3.0788527051347714 5.054236338345834 0.6018238137360399 -8.872088435875403 -6.722599140385713 -10.232377116348575 -1.1786580866621321
12.50501002004008 8.49327410921557 -0.3885547039837256 3.086516074054124 1.1185922625501377 -3.9117447525089766 -2.494068787661856 12.033180685780039 18.69212478367496 32.58072008770413 14.657707315749509 17.17072382222916 6.452790802086354 10.829243368813849 -1.9420680104056762 1.0279647563193237 17.661123604423217 5.497768466917601 9.305814210530006 -0.30729875187072153 3.3150047335505484 19.193230313849785 -3.06749639968384 5.065592643796766 0.6131801191869712 -8.860732130424472 -6.711242834934781 -10.221020810897643 -1.1673017812112008
12.565130260521041 8.504578695282312 -0.37725011791696517 3.097820660120867 1.129896848616898 -3.900440166442234 -2.4827642015950957 12.0444852718468 18.70342936974172 32.59202467377089 14.669011901816269 17.18202840829592 6.464095388153097 10.84054795488061 -1.9307634243389158 1.0392693423860841 17.67242819048996 5.509073052984344 9.317118796596748 -0.29599416580397886 3.326309319617309 19.204534899916545 -3.0561918136170974 5.076897229863526 0.6244847052537317 -8.849427544357729 -6.699938248868039 -10.2097162248309 -1.155997195144458
12.625250501002004 8.515834215303677 -0.36599459789561806 3.1090761801422317 1.1411523686382452 -3.889184646420869 -2.4715086815737486 12.055740791868164 18.714684889763067 32.60328019379225 14.680267421837634 17.193283928317285 6.475350908174462 10.851803474901956 -1.919507904317551 1.0505248624074313 17.683683710511325 5.520328573005709 9.328374316618113 -0.284738645782614 3.3375648396386737 19.215790419937893 -3.0449362935957325 5.088152749884873 0.6357402252750965 -8.838172024336364 -6.688682728846674 -10.198460704809536 -1.1447416751230932
12.685370741482965 8.527036048298395 -0.3547927649008997 3.12027801313695 1.1523542016329635 -3.8779828134261507 -2.4603068485790303 12.066942624862882 18.725886722757785 32.614482026786966 14.691469254832352 17.204485761312004 6.48655274116918 10.863005307896675 -1.9083060713228326 1.0617266954021496 17.694885543506043 5.531530406000427 9.339576149612832 -0.27353681278789566 3.348766672633392 19.22699225293261 -3.033734460601014 5.099354582879592 0.6469420582698149 -8.826970191341646 -6.677480895851955 -10.187258871814818 -1.1335398421283749
12.745490981963927 8.538188132633202 -0.3436406805660752 3.131430097471757 1.1635062859677703 -3.866830729091344 -2.4491547642442058 12.07809470919769 18.737038807092592 32.62563411112178 14.702621339167159 17.21563784564681 6.497704825503987 10.874157392231481 -1.8971539869880258 1.0728787797369563 17.70603762784085 5.542682490335234 9.350728233947638 -0.2623847284530889 3.3599187569681987 19.238144337267418 -3.0225823762662074 5.110506667214398 0.6580941426046216 -8.815818107006839 -6.666328811517149 -10.17610678748001 -1.1223877577935681
12.80561122244489 8.549290832501022 -0.33253798069825535 3.1425327973395767 1.1746089858355901 -3.855728029223524 -2.438052064376386 12.089197409065509 18.748141506960412 32.636736810989596 14.713724039034979 17.22674054551463 6.5088075253718065 10.885260092099319 -1.886051287120206 1.0839814796047762 17.71714032770867 5.553785190203054 9.361830933815458 -0.25128202858526905 3.3710214568360186 19.249247037135238 -3.0114796763983875 5.121609367082218 0.6691968424724415 -8.80471540713902 -6.655226111649329 -10.165004087612191 -1.1112850579257483
12.86573146292585 8.56034457072223 -0.32148424247706586 3.153586535560784 1.1856627240567974 -3.844674291002317 -2.4269983261551964 12.100251147286698 18.75919524518162 32.64779054921079 14.724777777256168 17.23779428373582 6.519861263593014 10.896313830320508 -1.8749975488990165 1.0950352178259835 17.728194065929877 5.564838928424261 9.372884672036665 -0.2402282903640618 3.382075195057208 19.260300775356445 -3.0004259381771803 5.1326631053034255 0.6802505806936487 -8.793661668917812 -6.6441723734281215 -10.153950349390984 -1.100231319704541
12.925851703406813 8.571349799444192 -0.3104790137551028 3.164591764282747 1.1966679527787605 -3.8336690622803538 -2.4159930974332333 12.111256376008662 18.770200473903582 32.65879577793275 14.735783005978131 17.248799512457783 6.530866492314977 10.907319059042472 -1.8639923201770534 1.1060404465479465 17.73919929465184 5.575844157146224 9.383889900758628 -0.2292230616420987 3.393080423779171 19.271306004078408 -2.989420709455217 5.143668334025389 0.6912558094156118 -8.782656440195849 -6.633167144706158 -10.14294512066902 -1.089226090982578
12.985971943887774 8.582306975033163 -0.29952183816611466 3.1755489398717174 1.2076251283677486 -3.8227118866913834 -2.405035921844245 12.12221355159765 18.781157649492553 32.66975295352173 14.74674018156712 17.25975668804677 6.541823667903947 10.91827623463146 -1.8530351445880653 1.1169976221369347 17.75015647024081 5.586801332735194 9.394847076347599 -0.21826588605312836 3.4040375993681593 19.28226317966738 -2.978463533866247 5.154625509614359 0.7022129850045822 -8.771699264606879 -6.622209969117188 -10.13198794508005 -1.0782689153936076
13.046092184368737 8.593216598043139 -0.2886122151561388 3.1864585628816933 1.2185347513777067 -3.8118022636814075 -2.3941262988342693 12.133123174607626 18.79206727250253 32.68066257653171 14.757649804577095 17.270666311056747 6.552733290913923 10.929185857641436 -1.8421255215780894 1.1279072451469105 17.761066093250786 5.59771095574517 9.405756699357575 -0.20735626304315247 3.414947222378135 19.293172802677354 -2.967553910856271 5.165535132624335 0.7131226080145581 -8.760789641596903 -6.611300346107212 -10.121078322070074 -1.0673592923836317
13.1062124248497 8.60407915344668 -0.27774965975259747 3.1973211182852523 1.2293973067812658 -3.800939708277866 -2.383263743430728 12.143985730011167 18.802929827906087 32.69152513193526 14.768512359980637 17.281528866460288 6.563595846317464 10.940048413044977 -1.831262966174548 1.1387698005504518 17.771928648654328 5.608573511148729 9.416619254761134 -0.19649370763961116 3.4258097777816765 19.304035358080913 -2.9566913554527297 5.176397688027894 0.7239851634180994 -8.749927086193344 -6.600437790703653 -10.110215766666533 -1.0564967369800904
13.16633266533066 8.61489512598137 -0.26693368721790733 3.2081370908199425 1.240213279315956 -3.7901237357431583 -2.372447770896038 12.154801702545857 18.813745800440778 32.70234110446995 14.779328332515327 17.29234483899498 6.574411818852172 10.950864385579667 -1.820446993639858 1.149585773085142 17.782744621189035 5.6193894836834195 9.427435227295824 -0.18567773510492103 3.4366257503163666 19.314851330615603 -2.9458753829180395 5.187213660562584 0.7348011359527895 -8.739111113658653 -6.589621818168963 -10.099399794131843 -1.0456807644454003
13.226452905811623 8.625664978749548 -0.2561638344497297 3.2189069435881024 1.2509831320841336 -3.7793538829749984 -2.36167791812786 12.165571555314035 18.824515653208955 32.71311095723813 14.790098185283505 17.303114691763156 6.585181671620332 10.961634238347845 -1.8096771408716803 1.1603556258533196 17.793514473957195 5.630159336451597 9.438205080064002 -0.17490788233674337 3.4473956030845443 19.32562118338378 -2.935105530149862 5.197983513330762 0.7455709887209672 -8.728341260890494 -6.578851965400803 -10.088629941363665 -1.0349109116772226
13.286573146292584 8.636389204705086 -0.24543960849420898 3.229631169543641 1.2617073580396543 -3.76862965701946 -2.3509536921723395 12.176295781269555 18.835239879164476 32.72383518319366 14.800822411239043 17.313838917718694 6.595905897575871 10.972358464303365 -1.7989529149161418 1.1710798518088403 17.804238699912734 5.640883562407118 9.448929306019522 -0.1641836563812049 3.4581198290400827 19.3363454093393 -2.9243813041943234 5.208707739286282 0.7562952146765056 -8.717617034934955 -6.568127739445265 -10.077905715408127 -1.0241866857216841
13.346693386773547 8.647068285843478 -0.23476052735581732 3.2403102506820325 1.272386439178046 -3.7579505758810683 -2.340274611033948 12.186974862407947 18.845918960302868 32.73451426433204 14.811501492377417 17.32451799885707 6.606584978714262 10.983037545441757 -1.788273833777768 1.181758932947232 17.814917781051125 5.6515626435455095 9.459608387157914 -0.15350457524281325 3.4687989101784567 19.347024490477693 -2.9137022230559317 5.219386820424674 0.7669742958148795 -8.706937953796563 -6.557448658306873 -10.067226634269735 -1.0135076045832925
13.40681362725451 8.657702693142664 -0.2241261200566136 3.250944657981236 1.2830208464772497 -3.7473161685818823 -2.329640203734744 12.19760926970715 18.85655336760207 32.74514867163124 14.82213589967662 17.335152406156272 6.617219386013448 10.99367195274096 -1.7776394264785642 1.1923933402464357 17.82555218835031 5.662197050844713 9.470242794457118 -0.14287016794362728 3.4794333174776604 19.357658897776897 -2.9030678157567458 5.230021227723878 0.7776087031140833 -8.69630354649736 -6.546814251007687 -10.05659222697055 -1.0028731972841065
13.46693386773547 8.668292882771489 -0.2135359304277884 3.2615348476100614 1.2936110361060749 -3.7367259789530394 -2.319050014105919 12.208199459335976 18.867143557230897 32.75573886126007 14.832726089305446 17.345742595785097 6.627809575642291 11.004262142369786 -1.767049236849739 1.202983529875261 17.836142377979154 5.672787240473538 9.480832984085943 -0.1322799783148021 3.4900235071064856 19.368249087405722 -2.8924776261279206 5.240611417352703 0.7881988927429084 -8.685713356868535 -6.536224061378844 -10.046002037341706 -0.9922830076552636
13.527054108216433 8.67883932134351 -0.2029894918557673 3.2720812861820825 1.304157474678096 -3.726179540381036 -2.308503575533898 12.218745897907997 18.877689995802918 32.76628529983209 14.843272527877467 17.35628903435712 6.6383560142142946 11.014808580941807 -1.756502798277718 1.213529968447282 17.846688816551158 5.6833336790455595 9.491379422657964 -0.121733539742781 3.5005699456785067 19.378795525977743 -2.8819311875558995 5.251157855924724 0.7987453313149295 -8.675166918296513 -6.525677622806823 -10.035455598769703 -0.9817365690832602
13.587174348697394 8.68934247684285 -0.19248633635642776 3.2825844416814043 1.3146606301774177 -3.7156763848816965 -2.2980004200345583 12.229249053407337 18.88819315130224 32.77678845533142 14.853775683376806 17.366792189856458 6.648859169713634 11.025311736441129 -1.7459996427783784 1.2240331239466038 17.857191972050497 5.693836834544881 9.501882578157286 -0.11123038424344145 3.511073101177846 19.389298681477065 -2.87142803205656 5.261661011424046 0.8092484868142691 -8.664663762797192 -6.515174467307501 -10.024952443270363 -0.9712334135839207
13.647294589178356 8.699802806013857 -0.18202600718542072 3.2930447708524113 1.3251209593484425 -3.7052160557106895 -2.2875400908635513 12.239709382578344 18.898653480473264 32.78724878450244 14.864236012547813 17.377252519027465 6.659319498884641 11.035772065612154 -1.7355393136073713 1.2344934531176286 17.867652301221504 5.704297163715888 9.51234290732831 -0.10077005507243442 3.5215334303488532 19.39975901064809 -2.860967702885553 5.272121340595071 0.8197088159852761 -8.654203433626185 -6.504714138136494 -10.014492114099356 -0.9607730844129136
13.707414829659317 8.710220758261347 -0.17160805493793063 3.3034627230999014 1.3355389115959149 -3.6947981034631994 -2.277122138616061 12.250127334825834 18.909071432720737 32.79766673674992 14.874653964795304 17.387670471274955 6.669737451132131 11.046190017859644 -1.7251213613598813 1.2449114053651187 17.878070253468994 5.7147151159633784 9.522760859575783 -0.09035210282494432 3.5319513825963433 19.410176962895562 -2.850549750638063 5.282539292842543 0.8301267682327662 -8.643785481378695 -6.494296185889004 -10.004074161851866 -0.9503551321654236
13.76753507014028 8.720596771454083 -0.161232041745194 3.313838736292656 1.3459149247886693 -3.684422090270445 -2.2667461254233245 12.26050334801857 18.91944744591349 32.808042749942665 14.88502997798804 17.39804648446769 6.680113464324868 11.05656603105238 -1.7147453481671446 1.2552874185578553 17.88844626666175 5.725091129156133 9.533136872768537 -0.0799760896322077 3.54232739578908 19.420552976088317 -2.840173737445326 5.292915306035297 0.8405027814255028 -8.63340946818594 -6.48392017269625 -9.99369814865913 -0.9399791189726869
13.827655310621243 8.73093130249412 -0.1508975107051569 3.324173267332675 1.3562494558286886 -3.6740875592304256 -2.2564115943832874 12.270837879058607 18.92978197695351 32.818377280982695 14.895364509028077 17.40838101550773 6.690447995364905 11.0669005620924 -1.7044108171271075 1.2656219495978747 17.898780797701768 5.735425660196152 9.543471403808557 -0.06964155859217058 3.552661926829117 19.430887507128336 -2.829839206405289 5.303249837075317 0.85083731246554 -8.62307493714592 -6.47358564165623 -9.983363617619093 -0.9296445879326498
13.887775551102203 8.741224794544653 -0.140604018654642 3.334466759383208 1.3665429478792213 -3.663794067179893 -2.2461181023327725 12.281131371109122 18.940075469004043 32.82867077303322 14.905658001078592 17.418674507558244 6.700741487415438 11.077194054142932 -1.6941173250765926 1.2759154416484073 17.9090742897523 5.745719152246685 9.55376489585909 -0.059348066541637934 3.562955418879632 19.44118099917887 -2.8195457143547564 5.313543329125849 0.8611308045160726 -8.612781445095388 -6.463292149605698 -9.97307012556856 -0.9193510958821172
