web/models/mosfit_kne/mosfit_kn_1.0000/mosfit_kn_0.041628_0.1867_1.0000.dat
# %ECSV 1.0
# ---
# datatype:
# - {name: time, datatype: float64}
# - {name: PS1_g, datatype: float64}
# - {name: PS1_i, datatype: float64}
# - {name: PS1_r, datatype: float64}
# - {name: PS1_w, datatype: float64}
# - {name: PS1_y, datatype: float64}
# - {name: PS1_z, datatype: float64}
# - {name: swift_uvot_B, datatype: float64}
# - {name: swift_uvot_U, datatype: float64}
# - {name: swift_uvot_uvm2, datatype: float64}
# - {name: swift_uvot_uvw1, datatype: float64}
# - {name: swift_uvot_uvw2, datatype: float64}
# - {name: swift_uvot_V, datatype: float64}
# - {name: johnson_B, datatype: float64}
# - {name: johnson_I, datatype: float64}
# - {name: johnson_R, datatype: float64}
# - {name: johnson_U, datatype: float64}
# - {name: johnson_V, datatype: float64}
# - {name: sdss_g, datatype: float64}
# - {name: sdss_i, datatype: float64}
# - {name: sdss_r, datatype: float64}
# - {name: sdss_u, datatype: float64}
# - {name: sdss_z, datatype: float64}
# - {name: ATLAS_c, datatype: float64}
# - {name: ATLAS_o, datatype: float64}
# - {name: ukirt_H, datatype: float64}
# - {name: ukirt_J, datatype: float64}
# - {name: ukirt_K, datatype: float64}
# - {name: Clear, datatype: float64}
# meta: !!omap
# - comment: [kappa = 1.0, type = rprocess, mass = 0.04162766037032262, velocity = 0.1866666666666667, theta_obs = 0.0, tfloor = 1000.0]
# schema: astropy-2.0
time PS1_g PS1_i PS1_r PS1_w PS1_y PS1_z swift_uvot_B swift_uvot_U swift_uvot_uvm2 swift_uvot_uvw1 swift_uvot_uvw2 swift_uvot_V johnson_B johnson_I johnson_R johnson_U johnson_V sdss_g sdss_i sdss_r sdss_u sdss_z ATLAS_c ATLAS_o ukirt_H ukirt_J ukirt_K Clear
[from data line 288]
17.374749498997996 7.235810804470688 -1.646018008728607 1.8290527693092429 -0.13887104219474367 -5.169208057253858 -3.7515320924067375 10.775717381035157 17.434661478930078 31.323256782959245 13.400244011004627 15.913260517484279 5.195327497341473 9.571780064068967 -3.1995313151505576 -0.2294985484255576 16.403660299678336 4.24030516217272 8.048350905785124 -1.5647620566156029 2.057541428805667 17.935767009104904 -4.324959704428721 3.8081293390518844 -0.6442831855578923 -10.118195435169353 -7.968706139679663 -11.478484115642525 -2.424765085956082
17.43486973947896 7.242590852214867 -1.6392379609844099 1.8358328170534222 -0.13209099445054662 -5.162428009509679 -3.7447520446625404 10.782497428779354 17.441441526674275 31.33003683070344 13.407024058748824 15.920040565228476 5.202107545085652 9.578560111813164 -3.1927512674063605 -0.22271850068136056 16.410440347422515 4.247085209916899 8.055130953529321 -1.5579820088714236 2.064321476549864 17.9425470568491 -4.318179656684542 3.8149093867960815 -0.637503137813713 -10.111415387425174 -7.961926091935483 -11.471704067898346 -2.417985038211903
17.494989979959918 7.249347469335987 -1.632481343863308 1.842589434174542 -0.12533437732944464 -5.155671392388559 -3.7379954275414384 10.789254045900456 17.448198143795377 31.336793447824544 13.413780675869926 15.926797182349578 5.208864162206772 9.585316728934266 -3.1859946502852585 -0.21596188356025858 16.417196964543635 4.253841827038019 8.061887570650423 -1.5512253917503038 2.071078093670966 17.949303673970203 -4.311423039563422 3.8216660039171835 -0.6307465206925933 -10.104658770304054 -7.9551694748143635 -11.464947450777226 -2.411228421090783
17.55511022044088 7.2560808169830615 -1.6257479962162158 1.849322781821634 -0.11860102968235253 -5.148938044741467 -3.7312620798943463 10.795987393547549 17.45493149144247 31.343526795471636 13.420514023517018 15.93353052999667 5.215597509853864 9.592050076581359 -3.1792613026381664 -0.20922853591316648 16.423930312190727 4.260575174685111 8.068620918297515 -1.5444920441032117 2.077811441318058 17.956037021617295 -4.30468969191633 3.8283993515642756 -0.624013173045519 -10.097925422656962 -7.948436127167271 -11.458214103130134 -2.404495073443691
17.615230460921843 7.262791095618493 -1.6190377175807846 1.8560330604570474 -0.11189075104692137 -5.142227766106053 -3.724551801258915 10.80269767218298 17.4616417700779 31.350237074107067 13.42722430215245 15.940240808632101 5.222307788489277 9.59876035521679 -3.1725510240027353 -0.20251825727773531 16.43064059082614 4.267285453320542 8.075331196932947 -1.5377817654677983 2.0845217199534893 17.962747300252726 -4.297979413280917 3.8351096301997067 -0.6173028944100878 -10.091215144021549 -7.941725848531858 -11.45150382449472 -2.3977847948082776
17.675350701402806 7.269478473642632 -1.6123503395566452 1.8627204384811868 -0.1052033730227997 -5.135540388081914 -3.7178644232347757 10.80938505020712 17.468329148102022 31.3569244521312 13.433911680176589 15.94692818665624 5.228995166513417 9.60544773324093 -3.165863645978596 -0.19583087925359588 16.43732796885028 4.273972831344664 8.082018574957068 -1.5310943874436589 2.0912090979776288 17.969434678276848 -4.291292035256777 3.8417970082238284 -0.6106155163859484 -10.084527765997409 -7.935038470507719 -11.44481644647058 -2.391097416784138
17.73547094188377 7.276143092686791 -1.6056857205124864 1.8693850575253634 -0.0985387539786231 -5.128875769037737 -3.711199804190617 10.816049669251278 17.4749937671462 31.363589071175365 13.440576299220748 15.9535928057004 5.235659785557593 9.612112352285088 -3.159199026934437 -0.18916626020943705 16.443992587894456 4.2806374503888405 8.088683194001245 -1.5244297683995 2.0978737170217876 17.976099297321024 -4.2846274162126186 3.848461627268005 -0.6039508973417895 -10.077863146953232 -7.928373851463542 -11.438151827426422 -2.3844327977399615
17.795591182364728 7.2827851311907565 -1.5990436820085208 1.876027096029329 -0.0918967154746575 -5.122233730533772 -3.7045577656866513 10.822691707755244 17.481635805650164 31.370231109679334 13.447218337724713 15.960234844204365 5.242301824061559 9.618754390789054 -3.1525569884304714 -0.18252422170547145 16.450634626398422 4.287279488892806 8.09532523250521 -1.5177877298955345 2.104515755525753 17.98274133582499 -4.277985377708653 3.8551036657719706 -0.5973088588378239 -10.071221108449267 -7.921731812959576 -11.431509788922456 -2.3777907592360137
17.85571142284569 7.289405098800881 -1.5924237143983966 1.8826470636394355 -0.08527674786453332 -5.115613762923665 -3.697937798076527 10.829311675365368 17.48825577326029 31.376851077289448 13.453838305334838 15.966854811814489 5.248921791671665 9.625374358399178 -3.145937020820347 -0.17590425409534727 16.45725459400853 4.2938994565029125 8.101945200115317 -1.5111677622854103 2.1111357231358774 17.989361303435114 -4.271365410098529 3.861723633382095 -0.5906888912276997 -10.06460114083916 -7.91511184534947 -11.424889821312332 -2.3711707916258895
17.915831663326653 7.296002395315604 -1.5858264178836912 1.8892443601541586 -0.0786794513498279 -5.109016466408942 -3.6913405015618217 10.835908971880073 17.494853069774994 31.38344837380416 13.460435601849543 15.973452108329194 5.2555190881863885 9.631971654913883 -3.139339724305642 -0.16930695758064185 16.46385189052325 4.300496753017636 8.10854249663004 -1.504570465770687 2.117733019650583 17.99595859994982 -4.264768113583806 3.8683209298968 -0.5840915947129766 -10.058003844324437 -7.908514548834747 -11.418292524797609 -2.3645734951111663
17.975951903807616 7.302577618851558 -1.5792511943477194 1.8958195836901126 -0.07210422781387393 -5.102441242872988 -3.68476527802585 10.842484195416045 17.501428293310948 31.39002359734012 13.467010825385515 15.980027331865166 5.262094311722342 9.638546878449837 -3.13276450076967 -0.16273173404468788 16.470427114059206 4.30707197655359 8.115117720165994 -1.4979952422347331 2.1243082431865545 18.002533823485773 -4.258192890047852 3.874896153432754 -0.5775163711770226 -10.051428620788483 -7.901939325298793 -11.411717301261655 -2.3579982715752124
18.036072144288575 7.309130926227567 -1.57269788697171 1.9023728910661397 -0.06555092043784683 -5.095887935496979 -3.6782119706498406 10.849037502792054 17.507981600686975 31.396576904716145 13.473564132761524 15.986580639241176 5.268647619098352 9.645100185825864 -3.1262111933936607 -0.15617842666866077 16.476980421435215 4.313625283929617 8.121671027542021 -1.4914419348587238 2.130861550562564 18.0090871308618 -4.251639582671842 3.8814494608087813 -0.5709630638010132 -10.044875313412456 -7.8953860179227835 -11.405163993885646 -2.351444964199203
18.096192384769537 7.315662450100202 -1.5661663630990752 1.9089044149387568 -0.059019396565211935 -5.089356411624344 -3.6716804467772057 10.85556902666469 17.51451312455961 31.403108428588776 13.480095656634159 15.99311216311381 5.275179142970987 9.6516317096985 -3.119679669521026 -0.14964690279602588 16.48351194530785 4.320156807802234 8.128202551414656 -1.484910410986089 2.1373930744351988 18.015618654734435 -4.245108058799207 3.887980984681416 -0.5644315399283784 -10.038343789539839 -7.888854494050149 -11.39863247001301 -2.344913440326568
18.1563126252505 7.3221723594959265 -1.5596564537033508 1.915414324334499 -0.052509487169487556 -5.082846502228602 -3.6651705373814814 10.862078936060414 17.521023033955334 31.4096183379845 13.486605566029883 15.999622072509535 5.281689052366711 9.658141619094224 -3.1131697601253014 -0.1431369934003015 16.490021854703592 4.326666717197976 8.13471246081038 -1.4784005015903645 2.143902983830923 18.02212856413016 -4.238598149403483 3.8944908940771406 -0.557921630532654 -10.031833880144097 -7.8823445846544065 -11.392122560617286 -2.3384035309308437
18.216432865731463 7.328660801673443 -1.553168011525834 1.921902766511998 -0.04602104499197068 -5.076358060051103 -3.6586820952039645 10.86856737823793 17.52751147613285 31.416106780162014 13.4930940082074 16.00611051468705 5.288177494544228 9.66463006127174 -3.1066813179477846 -0.13664855122278463 16.49651029688109 4.333155159375475 8.14120090298788 -1.4719120594128476 2.15039142600844 18.028617006307677 -4.232109707225966 3.9009793362546574 -0.5514331883551371 -10.025345437966598 -7.875856142476907 -11.38563411843977 -2.331915088753327
18.276553106212425 7.335127942078188 -1.5467008711210894 1.9283699069167426 -0.03955390458724395 -5.069890919646358 -3.65221495479922 10.875034518642675 17.533978616537578 31.42257392056675 13.499561148612145 16.012577655091796 5.294644634948972 9.671097201676485 -3.10021417754304 -0.1301814108180579 16.502977437285836 4.33962229978022 8.147668043392624 -1.4654449190081031 2.1568585664131845 18.035084146712403 -4.225642566821222 3.907446476659384 -0.5449660479503926 -10.018878297561853 -7.869389002072163 -11.379166978035025 -2.3254479483485824
18.336673346693384 7.341573927663703 -1.5402548855355747 1.9348158925022574 -0.033107919001711394 -5.063444934060843 -3.645768969213705 10.88148050422819 17.54042460212311 31.429019906152266 13.50600713419766 16.01902364067731 5.301090620534487 9.677543187262 -3.0937681919575253 -0.12373542523252534 16.50942342287135 4.346068285365734 8.154114028978139 -1.4589989334225884 2.1633045519986993 18.041530132297936 -4.219196581235707 3.913892462244899 -0.5385200623648778 -10.012432311976339 -7.862943016486648 -11.37272099244951 -2.3190019627630676
18.396793587174347 7.347998885561076 -1.5338299276382017 1.9412408503996303 -0.026682961104338432 -5.05701997616347 -3.6393440113163322 10.887905462125563 17.546849560020465 31.435444864049646 13.512432092095032 16.025448598574684 5.30751557843186 9.683968145159373 -3.0873432340601523 -0.11731046733515238 16.515848380768723 4.352493243263107 8.160538986875512 -1.4525739755252154 2.1697295098960723 18.04795509019529 -4.212771623338334 3.920317420142272 -0.5320951044675049 -10.006007354078966 -7.856518058589275 -11.366296034552137 -2.3125770048656946
18.45691382765531 7.354402972201797 -1.5274258409974806 1.9476449370403515 -0.020278874463617313 -5.050615889522749 -3.632939924675611 10.894309548766284 17.553253646661204 31.441848950690375 13.518836178735754 16.031852685215405 5.313919665072581 9.690372231800094 -3.080939147419431 -0.11090638069443126 16.522252467409444 4.3588973299038285 8.16694307351625 -1.4461698888844943 2.1761335965367934 18.05435917683603 -4.206367536697613 3.926721506783011 -0.5256910178267837 -9.999603267438244 -7.850113971948554 -11.359891947911416 -2.3061729182249735
18.517034068136272 7.3607863235374715 -1.5210424896618058 1.9540282883760263 -0.01389552312794251 -5.0442325381870745 -3.6265565733399363 10.900692900101959 17.55963699799688 31.44823230202604 13.525219530071428 16.03823603655108 5.320303016408256 9.696755583135769 -3.0745557960837564 -0.10452302935875646 16.52863581874512 4.365280681239503 8.173326424851908 -1.4397865375488195 2.182516947872468 18.060742528171705 -4.199984185361938 3.9331048581186856 -0.5193076664911089 -9.99321991610257 -7.843730620612879 -11.353508596575741 -2.2997895668892987
18.577154308617235 7.367149099732071 -1.5146797134672063 1.9603910645706435 -0.007532746933343049 -5.037869761992457 -3.620193797145337 10.907055676296558 17.56599977419148 31.454595078220645 13.531582306266028 16.04459881274568 5.326665792602873 9.703118359330368 -3.068193019889157 -0.098160253164157 16.534998594939736 4.3716434574341205 8.179689201046525 -1.43342376135422 2.1888797240670677 18.067105304366304 -4.1936214091673385 3.939467634313285 -0.5129448902965095 -9.986857139907952 -7.837367844418262 -11.347145820381142 -2.2934267906946992
18.637274549098194 7.3734914382743 -1.5083373749249773 1.9667334031128547 -0.0011904083911140617 -5.031527423450246 -3.613851458603108 10.913398014838787 17.572342112733708 31.460937416762878 13.537924644808257 16.05094115128791 5.3330081311450845 9.709460697872597 -3.061850681346928 -0.09181791462192801 16.541340933481948 4.3779857959763495 8.186031539588754 -1.427081422811991 2.1952220626092966 18.073447642908533 -4.1872790706251095 3.945809972855514 -0.5066025517542805 -9.980514801365723 -7.831025505876051 -11.340803481838913 -2.2870844521524702
18.697394789579157 7.379813481180797 -1.5020153320184804 1.9730554460193694 0.005131634515382899 -5.025205380543749 -3.607529415696611 10.919720057745284 17.578664155640205 31.467259459669375 13.544246687714754 16.057263194194405 5.3393301740515815 9.715782740779094 -3.055528638440431 -0.08549587171543105 16.547662976388445 4.3843078388828465 8.192353582495251 -1.420759379905494 2.2015441055157936 18.07976968581503 -4.1809570277186126 3.952132015762011 -0.5002805088477835 -9.974192758459226 -7.824703462969536 -11.334481438932416 -2.2807624092459733
18.75751503006012 7.386115353376859 -1.4957134598224364 1.9793573182154134 0.011433506711426844 -5.018903508347687 -3.601227543500567 10.926021929941346 17.58496602783625 31.47356133186543 13.550548559910816 16.063565066390467 5.345632046247643 9.722084612975138 -3.0492267662443693 -0.0791939995193871 16.553964848584506 4.39060971107889 8.198655454691295 -1.4144575077094323 2.2078459777118553 18.086071558011074 -4.174655155522551 3.958433887958055 -0.4939786366517218 -9.967890886263183 -7.818401590773492 -11.328179566736354 -2.2744605370499116
18.817635270541082 7.392397199815548 -1.489431613383747 1.9856391646541027 0.017715353150116186 -5.012621661908998 -3.5949456970618776 10.932303776380017 17.591247874274938 31.47984317830411 13.556830406349505 16.069846912829156 5.3519138926863326 9.728366459413827 -3.04294491980568 -0.07291215308069776 16.560246695023196 4.39689155751758 8.204937301129984 -1.408175661270743 2.2141278241505447 18.092353404449764 -4.1683733090838615 3.9647157343967443 -0.48769679021303247 -9.961609039824493 -7.812119744334803 -11.321897720297665 -2.2681786906112222
18.877755511022045 7.398659139808625 -1.4831696733906519 1.9919011046471802 0.023977293143211398 -5.006359721915921 -3.5886837570687824 10.938565716373112 17.597509814268033 31.4861051182972 13.563092346342582 16.076108852822234 5.35817583267941 9.734628399406922 -3.0366829798126025 -0.06665021308760255 16.566508635016273 4.403153497510657 8.21119924112308 -1.4019137212776656 2.220389764143622 18.09861534444286 -4.162111369090784 3.9709776743898395 -0.481434850219955 -9.955347099831416 -7.805857804341725 -11.315635780304587 -2.261916750618145
18.937875751503004 7.40490133413271 -1.4769274790665676 1.9981432989712644 0.030219487467295636 -5.000117527591836 -3.582441562744698 10.944807910697197 17.603752008592117 31.492347312621288 13.569334540666667 16.082351047146318 5.364418027003494 9.740870593731007 -3.0304407854885183 -0.06040801876351831 16.572750829340357 4.4093956918347414 8.217441435447164 -1.3956715269535813 2.2266319584677063 18.104857538766943 -4.1558691747667 3.9772198687139237 -0.4751926558958708 -9.949104905507332 -7.799615610017641 -11.309393585980503 -2.2556745562940606
18.997995991983966 7.411123908586017 -1.4707049046132603 2.0043658734245717 0.03644206192060295 -4.993894953138529 -3.576218988291391 10.951030485150504 17.609974583045425 31.498569887074584 13.575557115119974 16.088573621599625 5.3706406014568016 9.747093168184314 -3.024218211035211 -0.054185444310210995 16.578973403793665 4.415618266288049 8.223664009900453 -1.389448952500274 2.2328545329210137 18.11108011322025 -4.1496466003133925 3.9834424431672133 -0.46897008144256347 -9.942882331054024 -7.793393035564334 -11.303171011527196 -2.2494519818407532
