web/models/mosfit_kne/mosfit_kn_1.0000/mosfit_kn_0.500000_0.0927_1.0000.dat
# %ECSV 1.0
# ---
# datatype:
# - {name: time, datatype: float64}
# - {name: PS1_g, datatype: float64}
# - {name: PS1_i, datatype: float64}
# - {name: PS1_r, datatype: float64}
# - {name: PS1_w, datatype: float64}
# - {name: PS1_y, datatype: float64}
# - {name: PS1_z, datatype: float64}
# - {name: swift_uvot_B, datatype: float64}
# - {name: swift_uvot_U, datatype: float64}
# - {name: swift_uvot_uvm2, datatype: float64}
# - {name: swift_uvot_uvw1, datatype: float64}
# - {name: swift_uvot_uvw2, datatype: float64}
# - {name: swift_uvot_V, datatype: float64}
# - {name: johnson_B, datatype: float64}
# - {name: johnson_I, datatype: float64}
# - {name: johnson_R, datatype: float64}
# - {name: johnson_U, datatype: float64}
# - {name: johnson_V, datatype: float64}
# - {name: sdss_g, datatype: float64}
# - {name: sdss_i, datatype: float64}
# - {name: sdss_r, datatype: float64}
# - {name: sdss_u, datatype: float64}
# - {name: sdss_z, datatype: float64}
# - {name: ATLAS_c, datatype: float64}
# - {name: ATLAS_o, datatype: float64}
# - {name: ukirt_H, datatype: float64}
# - {name: ukirt_J, datatype: float64}
# - {name: ukirt_K, datatype: float64}
# - {name: Clear, datatype: float64}
# meta: !!omap
# - comment: [kappa = 1.0, type = rprocess, mass = 0.5000000000045836, velocity = 0.09266666666666673, theta_obs = 0.0, tfloor = 1000.0]
# schema: astropy-2.0
time PS1_g PS1_i PS1_r PS1_w PS1_y PS1_z swift_uvot_B swift_uvot_U swift_uvot_uvm2 swift_uvot_uvw1 swift_uvot_uvw2 swift_uvot_V johnson_B johnson_I johnson_R johnson_U johnson_V sdss_g sdss_i sdss_r sdss_u sdss_z ATLAS_c ATLAS_o ukirt_H ukirt_J ukirt_K Clear
[from data line 282]
17.014028056112224 -6.2080183123366695 -11.014320379407927 -9.163621687767183 -9.765659588784867 -12.762459862935724 -12.08678554977249 -4.29704182066538 -1.1748428844840217 8.017820165972754 -0.6961200147900466 1.216267459519266 -7.498236281193631 -4.694907852177618 -11.98720798875921 -10.078016573308687 -1.6360315373525336 -7.803318977904412 -5.762963853396208 -10.973646506081565 -9.089526531584973 -0.532299347033458 -12.309523539252893 -7.836069100523897 -10.264400442799282 -14.875024943310958 -14.015107709491302 -15.309395052152686 -10.738623662999167
17.074148296593187 -6.147237329842596 -10.975797811965666 -9.11612302310795 -9.724748677484225 -12.733598132766897 -12.053974489475348 -4.227529792346739 -1.086592973344622 8.137150184197402 -0.6282335068001461 1.285061508208433 -7.441955409270514 -4.62865107407961 -11.951698553915683 -10.035396820828126 -1.5506053442893841 -7.7494918474382475 -5.700155486711083 -10.93487848121983 -9.041358658701526 -0.44483359953678914 -12.278249939794925 -7.784512037755054 -10.223640533563767 -14.861146083633315 -13.994376007264629 -15.300336722644373 -10.704141529120665
17.13426853707415 -6.088553100456995 -10.93867587221494 -9.070306437137514 -9.685328949683694 -12.705836487250561 -12.022385411150989 -4.160383982840435 -1.0012880958193013 8.25248617079177 -0.5627228676272362 1.3514826798462178 -7.387623887609707 -4.564672482783333 -11.91749758673189 -9.994321838846638 -1.4680376725800426 -7.6975485664844685 -5.639507181805605 -10.897518893582063 -8.994891394274607 -0.3602863114242538 -12.24815401924717 -7.734773170035201 -10.184362978352723 -14.84790755322425 -13.974495102011167 -15.29177222737953 -10.670959296747302
17.19438877755511 -6.022193375675933 -10.896359074010729 -9.01829557309771 -9.640468263397945 -12.673958657891102 -11.98623795988194 -4.084585092623981 -0.9052326749719162 8.381938461264223 -0.48881674430271316 1.42644043870822 -7.32610995359724 -4.492421146600879 -11.878440202859661 -9.947615805954275 -1.375036483249581 -7.638710685259242 -5.570957318091061 -10.854937264145423 -8.94215222028377 -0.2650733098449187 -12.213675897440073 -7.678399342416284 -10.139656160835084 -14.832233802538571 -13.951410385151009 -15.281315141161274 -10.633064993225414
17.25450901803607 -5.9602833152604795 -10.857030933202463 -8.969863278999615 -9.59876819178307 -12.64443685766734 -11.952704214792238 -4.013805543608654 -0.8154195115194438 8.503033612271476 -0.41988098460608425 1.4963987756975574 -7.268743907290916 -4.424988884571203 -11.842175706191941 -9.904183008355975 -1.2880940296083243 -7.583870627614748 -5.506990110699039 -10.815360538194412 -8.893033219508144 -0.17604918949240655 -12.181714262624634 -7.625879241375202 -10.098096233623082 -14.817941067629189 -13.930152831275391 -15.271926736928519 -10.597918776667985
17.314629258517034 -5.8980620557229635 -10.817478366650786 -8.921172404602657 -9.556851359637637 -12.614729949133121 -11.918968231193166 -3.9426769526349856 -0.7251763827897404 8.62459583247771 -0.35066695173277607 1.566673202953265 -7.211077051148263 -4.357235332221773 -11.805700781265813 -9.860527423132456 -1.2007346958245546 -7.5287517067409455 -5.442703712896684 -10.77555858304784 -8.843650424432425 -0.08659605547910232 -12.149560545697664 -7.573094526144448 -10.056315920646188 -14.803531057852798 -13.908747204991768 -15.262444404965015 -10.56259145318215
17.374749498997996 -5.837308771956753 -10.77890277411301 -8.87365725561061 -9.515978843412736 -12.58578831375722 -11.886083141296737 -3.8732056674615576 -0.6369970440795745 8.743335486495912 -0.2831298974776071 1.6352804807785906 -7.154772717541225 -4.291080397849253 -11.770138317758889 -9.81795457451317 -1.1153787127828463 -7.474952000404344 -5.379929943740773 -10.736739153160464 -8.795455854271204 0.0008123712910723668 -12.11822744456482 -7.521583492935395 -10.015573020323743 -14.789563938002207 -13.887932127560914 -15.253302554093347 -10.528175823939634
17.43486973947896 -5.770645333499456 -10.736322037630597 -8.821370004927456 -9.470921797301664 -12.553670775569774 -11.849681583013982 -3.79707138819506 -0.5405393094547504 8.872888728081577 -0.20916380231762188 1.710445394574084 -7.092932819156268 -4.218563457887402 -11.730831928032341 -9.771052159014523 -1.0219891559377925 -7.415845191453536 -5.311072384741262 -10.693893804454824 -8.742428046484267 0.09643513106656343 -12.08351566487524 -7.464967412437069 -9.97065240586771 -14.773717115068315 -13.86464484661518 -15.242700276593764 -10.490141565453879
17.494989979959918 -5.707488332731163 -10.696094796093245 -8.771901854199466 -9.428353981733988 -12.523407432326259 -11.815337555431622 -3.72489315072385 -0.4490024515772182 8.99584991816489 -0.13911491201797643 1.7816711159089285 -7.034361172259776 -4.14984495689238 -11.693724586101421 -9.726728464317642 -0.9333758516697553 -7.3598886911375745 -5.245826234444255 -10.653414786096977 -8.692252117651762 0.1871790246410754 -12.0507848554805 -7.411387524982427 -9.928210410187557 -14.758955048150725 -13.842794440476636 -15.232936273316982 -10.454271181462982
17.55511022044088 -5.6439265668795 -10.655580071550617 -8.722099864830462 -9.385503454962478 -12.492909127627332 -11.78073597948341 -3.6522603133067397 -0.35690399512811033 9.119448378100575 -0.0686855386039471 1.853318066875428 -6.975401130993142 -4.080704836417727 -11.656347980113495 -9.682114359478 -0.8442181607936415 -7.303569867242811 -5.18016457025233 -10.612647163958329 -8.641736111592735 0.27848241345985514 -12.017809015728265 -7.357462350269284 -9.885482431950496 -14.744046563272622 -13.820757392205037 -15.223055891009574 -10.418162964066191
17.615230460921843 -5.580768939774323 -10.615324345335377 -8.672616277712084 -9.34294312126287 -12.462608257184318 -11.746355988909034 -3.580085120086621 -0.2653778572541474 9.24219189194838 0.0012378824678731526 1.9244858095650277 -6.9168092697283905 -4.012015518543656 -11.619212846284192 -9.63780297861818 -0.7556165448222995 -7.247615209214168 -5.114920212834058 -10.572140301186863 -8.5915404145066 0.3692203818147277 -11.98504876419138 -7.303890959920505 -9.84304007914682 -14.72924643916945 -13.798869704612107 -15.21325660538677 -10.382312980535655
17.675350701402806 -5.516323607100713 -10.574184738449652 -8.622087047904863 -9.299474994294563 -12.431600556001712 -11.711195526000289 -3.5064595593157852 -0.17205205994052597 9.367199527367923 0.07250893897367705 1.9970582638196501 -6.857003124209069 -3.9419527808608597 -11.581251135782697 -9.592554540264182 -0.665269199941758 -7.190505694267306 -5.0483513040231465 -10.530745304428812 -8.54028387872189 0.46174599822814244 -11.951540944909933 -7.249211381246319 -9.799688221967475 -14.714022033039292 -13.776428826895442 -15.203125676143612 -10.345684224120362
17.73547094188377 -5.449333918186952 -10.531311895167121 -8.56949881424697 -9.254210195742765 -12.399213820872284 -11.674509691783559 -3.4299663062075423 -0.07516437042680102 9.496780635366552 0.14649945310855772 2.0724326932733708 -6.794806617125045 -3.869162762810849 -11.541669201058735 -9.545449344507333 -0.571466168942678 -7.131113410218359 -4.979164084274803 -10.487608371388717 -8.4869402348758 0.5578076084973738 -11.916569889678748 -7.192338367906306 -9.754539811980791 -14.697977608895606 -13.752912647214862 -15.192356688435298 -10.307508139650317
17.795591182364728 -5.3844607883176465 -10.48985520152753 -8.518609897598637 -9.210447997414946 -12.367940195365197 -11.639060078825185 -3.3558619379090358 0.01875044865638409 9.622351028890886 0.21810987394458126 2.1454229745084743 -6.734580257630214 -3.7986700244266243 -11.50341017628704 -9.499902181559545 -0.4805489352583091 -7.073623217377613 -4.912157206337788 -10.445895444018163 -8.435315141762132 0.6509221869614912 -11.882789752672132 -7.137298752700669 -9.710886894547723 -14.682581024758644 -13.730257340516888 -15.18208684718722 -10.27063973930007
17.85571142284569 -5.319217099804057 -10.448134264344606 -8.46741492803682 -9.166427785448477 -12.336450014960576 -11.603373235040966 -3.281341498274851 0.11317951388132763 9.748492024812517 0.2900622677256064 2.2187972483985487 -6.673997346598235 -3.7277934010347065 -11.464903733439382 -9.454091023422492 -0.3891335920366078 -7.01580218522938 -4.8447700507415625 -10.403917297212928 -8.383377981427493 0.7445491603592913 -11.848784430783716 -7.081943698491369 -9.666972855117155 -14.667049152379828 -13.707429907500702 -15.171709429839966 -10.233555443652591
17.915831663326653 -5.255892511370561 -10.407696841080387 -8.4177604496168 -9.1237691372333 -12.30596828178701 -11.568806594843615 -3.2089873990460047 0.20491220784679265 9.870996015131276 0.35985788207652236 2.2900106300471426 -6.615200835411195 -3.6589998232911687 -11.427596159225441 -9.409692007180894 -0.3003356524896471 -6.959705722531166 -4.779359888193717 -10.363229797034776 -8.332998806809524 0.8355031019864434 -11.815858178068535 -7.028250542230232 -9.624414129574657 -14.652103279252287 -13.685381912773218 -15.161782962566315 -10.197655664399363
17.975951903807616 -5.185875789042758 -10.36272189947411 -8.362701882613042 -9.076381695397036 -12.271887777717918 -11.530254791984067 -3.129087311563775 0.30602411378241734 10.005681712191162 0.43689166312887595 2.3686343059354944 -6.550130885443164 -3.5830125467938108 -11.386048200277223 -9.360402993631329 -0.2024376015982131 -6.897604476880923 -4.707061235030405 -10.317981445677038 -8.277144440777686 0.9357647723421003 -11.779106053786599 -6.968783150980435 -9.577132295046002 -14.635030977125801 -13.660534777133096 -15.150207321472491 -10.157675031215057
18.036072144288575 -5.119716039662183 -10.320340492751043 -8.310746708279613 -9.031726600684493 -12.23985257624248 -11.493972122383962 -3.0535392113091673 0.40172242362061206 10.133168987637667 0.5096539126189197 2.4429435185248285 -6.488661056236531 -3.5111963501915473 -11.346923269285362 -9.313944975049086 -0.10979376120434414 -6.83896757984076 -4.638734674339737 -10.275340629171374 -8.22443084547622 1.0306574603820806 -11.744536971777126 -6.912651211014023 -9.532573973078211 -14.619155226994721 -13.637272532872673 -15.13955543031498 -10.120064268606033
18.096192384769537 -5.053124780997216 -10.27765375086009 -8.258436497267905 -8.986770738561987 -12.207568306390986 -11.457416131802685 -2.977506267846649 0.4980209181223396 10.261336188424735 0.5828238217839226 2.5177050991045893 -6.426777524505643 -3.438931288176214 -11.307512624584383 -9.2671794358039 -0.016568692718454847 -6.7799457789619995 -4.569965102981879 -10.232393305676268 -8.171355479152176 1.1261476919851354 -11.709708289126262 -6.856151409097979 -9.487712046095549 -14.603125258692094 -13.613813072170442 -15.128781433487271 -10.082201084100202
18.1563126252505 -4.986842710469492 -10.235162604711512 -8.20636871881721 -8.942037665722165 -12.17543152854466 -11.421026239308993 -2.9018239265703825 0.593880871131667 10.38882520563726 0.6555951851152746 2.5920967975149236 -6.3651738219867875 -3.36701499444866 -11.268284329162867 -9.220648235773663 0.07622966851701174 -6.721203924308036 -4.501515074340503 -10.189643022700317 -8.118523495691683 1.2212047989671504 -11.675042107564444 -6.799923140047284 -9.443069214106217 -14.587174515082227 -13.590464403573764 -15.118066013452347 -10.044537852692894
18.216432865731463 -4.920332584585889 -10.192503864887623 -8.154110129477292 -8.897147589891414 -12.143154768493005 -11.384483874474043 -2.825886232011384 0.6900558085176025 10.516621604971036 0.7285534315434821 2.6667156642645975 -6.30334701461105 -3.294868979620173 -11.228899046874574 -9.173958565542979 0.16933242532851234 -6.662259984004845 -4.432831491265308 -10.146724697048466 -8.065496081938885 1.3165763782274809 -11.640232456076145 -6.743502588026651 -9.398266442722907 -14.571133818129772 -13.567003287647823 -15.10727823386551 -10.006746419250128
18.276553106212425 -4.849708385162312 -10.1470489368252 -8.098526151446048 -8.84935556129312 -12.108656839006446 -11.345482837877956 -2.74530990540872 0.7919966126985047 10.651835946744225 0.8059199846857017 2.7458737378470457 -6.237657436768942 -3.2183112410851717 -11.186900950401004 -9.124271037306865 0.2680282126080936 -6.5996275004094835 -4.3599137616261885 -10.100996070570147 -8.009097905441891 1.4176710399288517 -11.603064895170547 -6.683536450737524 -9.350563199383863 -14.553778617617661 -13.541813704012265 -15.095470802578424 -9.966456970760706
18.336673346693384 -4.7821836666526 -10.103677061961616 -8.045435475037035 -8.803757734556221 -12.075800769567344 -11.308303779897457 -2.6682314930378324 0.8895854371536951 10.78126313573701 0.879855397034373 2.8215659922031624 -6.174860912949208 -3.1451058984105136 -11.146848713034238 -9.076857819974144 0.3625000508835253 -6.53977904733807 -4.290188160256001 -10.05736177580065 -7.955223130436355 1.5144493884840138 -11.567650124627864 -6.626249905517554 -9.30504743434879 -14.537382123743006 -13.517895440252213 -15.084402438737568 -9.928069995568904
18.396793587174347 -4.714273609947206 -10.06003126273539 -7.99202723855398 -8.757892100881293 -12.042720522795847 -11.270878908042672 -2.590720300866592 0.987710220457352 10.911283346983268 0.9541476804498044 2.8976602447409374 -6.111693873634263 -3.0715021413513495 -11.106540226152497 -9.029172084483978 0.45749046166591933 -6.479587922325185 -4.220067101624334 -10.013452571507404 -7.901024449487135 1.6117613808145848 -11.532002470230225 -6.568635531930358 -9.259261233591598 -14.520846291522707 -13.49379947609666 -15.073223606536741 -9.889459522475725
18.45691382765531 -4.647981698952677 -10.017467250591938 -7.939917757263775 -8.713173064202593 -12.010489681903511 -11.234397849838906 -2.515036265775602 1.0835604678058888 11.038237318412026 1.0266249672193521 2.971935433053116 -6.0500334215482825 -2.999655126688911 -11.067242034903863 -8.982676870427976 0.5502726729503383 -6.42085141963969 -4.1516131020482305 -9.970631198016484 -7.848139363717923 1.7068181346652977 -11.497263993069211 -6.512421596569489 -9.21461704046834 -14.504802704311553 -13.470359367876837 -15.062422719173812 -9.851845930805236
18.517034068136272 -4.573234843214671 -9.969168607545118 -7.880980670754454 -8.662490506043934 -11.973710193586395 -11.192878989778254 -2.4298168179570743 1.1912677326396095 11.18051371892301 1.1082019065744757 3.0555579260590773 -5.980441249285893 -2.9187311551309 -11.022586271353624 -8.930018971300886 0.6545566880267263 -6.354534530506297 -4.074456336897132 -9.922045949169629 -7.788334699599986 1.8136424273948037 -11.457692916975528 -6.448919522230447 -9.16401470052529 -14.48607613779325 -13.443384269473027 -15.049544651236955 -9.809095793795297
18.577154308617235 -4.503886502031147 -9.92450981366499 -7.82639215658623 -8.61562344614061 -11.939805816075566 -11.154548607186126 -2.3506887933184926 1.2913973849749463 11.312818682792805 1.1838654158849953 3.1331703357919207 -5.915897521798866 -2.843630594009387 -10.981330629661674 -8.881312328393538 0.7514873756330932 -6.293063638911744 -4.002858392389257 -9.877119858755936 -7.732933406937885 1.9129491849621516 -11.421185964951803 -6.390078992593118 -9.117219565032322 -14.469033540847567 -13.418637845939754 -15.037966120719924 -9.769645399134372
