web/models/mosfit_kne/mosfit_kn_1.0000/mosfit_kn_0.406447_0.2963_1.0000.dat
# %ECSV 1.0
# ---
# datatype:
# - {name: time, datatype: float64}
# - {name: PS1_g, datatype: float64}
# - {name: PS1_i, datatype: float64}
# - {name: PS1_r, datatype: float64}
# - {name: PS1_w, datatype: float64}
# - {name: PS1_y, datatype: float64}
# - {name: PS1_z, datatype: float64}
# - {name: swift_uvot_B, datatype: float64}
# - {name: swift_uvot_U, datatype: float64}
# - {name: swift_uvot_uvm2, datatype: float64}
# - {name: swift_uvot_uvw1, datatype: float64}
# - {name: swift_uvot_uvw2, datatype: float64}
# - {name: swift_uvot_V, datatype: float64}
# - {name: johnson_B, datatype: float64}
# - {name: johnson_I, datatype: float64}
# - {name: johnson_R, datatype: float64}
# - {name: johnson_U, datatype: float64}
# - {name: johnson_V, datatype: float64}
# - {name: sdss_g, datatype: float64}
# - {name: sdss_i, datatype: float64}
# - {name: sdss_r, datatype: float64}
# - {name: sdss_u, datatype: float64}
# - {name: sdss_z, datatype: float64}
# - {name: ATLAS_c, datatype: float64}
# - {name: ATLAS_o, datatype: float64}
# - {name: ukirt_H, datatype: float64}
# - {name: ukirt_J, datatype: float64}
# - {name: ukirt_K, datatype: float64}
# - {name: Clear, datatype: float64}
# meta: !!omap
# - comment: [kappa = 1.0, type = rprocess, mass = 0.4064473885499596, velocity = 0.29633333333333334, theta_obs = 0.0, tfloor = 1000.0]
# schema: astropy-2.0
time PS1_g PS1_i PS1_r PS1_w PS1_y PS1_z swift_uvot_B swift_uvot_U swift_uvot_uvm2 swift_uvot_uvw1 swift_uvot_uvw2 swift_uvot_V johnson_B johnson_I johnson_R johnson_U johnson_V sdss_g sdss_i sdss_r sdss_u sdss_z ATLAS_c ATLAS_o ukirt_H ukirt_J ukirt_K Clear
[from data line 424]
25.551102204408817 -31.607009299197077 -30.636321345403612 -31.058625435911722 -31.243933613041612 -30.088058392942063 -30.31675717461308 -31.70270650385878 -33.33071763954244 -34.94801517504069 -34.54329344961069 -35.20111736610209 -31.32978569638536 -31.706168489241996 -30.93455586987033 -31.178024606392302 -32.986873366853196 -31.331092680277358 -31.67418250778196 -30.656505129057834 -31.060103882585324 -32.248305836224006 -30.264299669189185 -31.44179314850163 -30.914443846180557 -28.92016427336834 -29.557733218889375 -28.33694279748794 -31.147641149040304
25.61122244488978 -31.62965926853694 -30.658876918198334 -31.08121708255732 -31.266552101736114 -30.11057844034493 -30.339290947757114 -31.725381762346363 -33.35346551854261 -34.970962361637135 -34.56620373227368 -35.22413573197044 -31.352402801203027 -31.728842843707778 -30.957101785809417 -31.20060872552567 -33.00960662291926 -31.35370889767097 -31.696840133511106 -30.67906161408864 -31.082695265556524 -32.271041819474476 -30.286830272299294 -31.46442632042932 -30.937023075819106 -28.942632956147186 -29.58022628420963 -28.35939410094626 -31.170256955232265
25.67134268537074 -31.65229686850271 -30.681421605415498 -31.103797277166247 -31.289158717275534 -30.133088159299728 -30.36181417727965 -31.748044252893372 -33.37619948343715 -34.993892473598116 -34.58909753010216 -35.24713588972754 -31.375008053668136 -31.75150444454195 -30.97963696770216 -31.223181510952422 -33.03232619587621 -31.376313276725917 -31.719485269272862 -30.70160719922484 -31.10527520060762 -32.2937640764782 -30.30935038151009 -31.48704738762861 -30.959591048619153 -28.96509211472688 -29.602709443761324 -28.381836151966354 -31.192860930848916
25.7314629258517 -31.674922249195028 -30.703955533798606 -31.126366155381113 -31.31175360190621 -30.155587667819468 -30.38432698456301 -31.770694131906946 -33.398919708819115 -35.016805736118904 -34.61197505870433 -35.27011808285993 -31.397601595729398 -31.77415344792339 -31.002161539914816 -31.24574309645225 -33.055032256645795 -31.398905959168296 -31.74211806707369 -30.724142011434576 -31.127843823317356 -32.31647277884433 -30.33186011742451 -31.50965649601522 -30.982147897149996 -28.987541854556987 -29.625182808948338 -28.404269051763592 -31.215453217453373
25.791583166332664 -31.697535626634696 -30.726478896042284 -31.1489239187849 -31.334336963807434 -30.178077149877822 -30.406829556946686 -31.793331621704414 -33.42162643515996 -35.03970244016114 -34.634836599483606 -35.29308262057253 -31.420183635267247 -31.796790075941463 -31.02467569276752 -31.268293681747636 -33.077725042034835 -31.42148715265632 -31.76473874483735 -30.746666243636973 -31.15040133520477 -32.3391681640657 -30.354359666603496 -31.53225385743168 -31.004693819925375 -29.00998234705932 -29.647646557141645 -28.426692967528876 -31.23803402254328
25.851703406813627 -31.72013715503981 -30.748991823730165 -31.17147070758609 -31.3569089495887 -30.20055672859561 -30.42932202081774 -31.81595688261328 -33.444319840401754 -35.062582812651875 -34.65768237009525 -35.316029747490596 -31.44275431860094 -31.819414488702677 -31.047179555539667 -31.29083340524182 -33.1004047264297 -31.44405700329361 -31.787347458628368 -30.76918002763339 -31.172947876416366 -32.36185040719434 -30.376849154678567 -31.55483962204185 -31.02722895417557 -29.032413703174132 -29.670100805054762 -28.449108006096676 -31.26060349206684
25.91182364729459 -31.742726851340866 -30.77149431219155 -31.194006525344893 -31.379469568918648 -30.22302639122632 -30.45180436654645 -31.83856993739503 -33.46699996411839 -35.08544693992609 -34.68051244802162 -35.33895956684596 -31.46531365512245 -31.842026708757455 -31.069673121361713 -31.313362268772124 -33.12307134601047 -31.46661552026639 -31.80994422713944 -30.791683358960977 -31.19548345045322 -32.384519545045706 -30.39932857129905 -31.577413802906786 -31.049753300618548 -29.054835898531742 -29.692545533826955 -28.47151413917954 -31.283161635061365
25.97194388777555 -31.765304703501585 -30.793986328237928 -31.216531346932967 -31.402018802650957 -30.245486096672582 -30.474276556087858 -31.861170779722567 -33.48966681644294 -35.10829487788918 -34.70332688050559 -35.36187215108075 -31.487861625413977 -31.864626729572127 -31.092156354891742 -31.335880245523164 -33.14572490758763 -31.48916268395533 -31.83252904005979 -30.814176204634727 -31.218008032129028 -32.40717558505223 -30.421797877713956 -31.599976384201582 -31.072266831342787 -29.07724888065134 -29.714980696372884 -28.493911310459406 -31.30570843176269
26.03206412825651 -31.7878712434087 -30.816468380301067 -31.23904568972323 -31.424557174796686 -30.26793634458871 -30.49673909248444 -31.88375994780693 -33.51232095381043 -35.13112723356503 -34.72612626502456 -35.38476812546811 -31.51039875317971 -31.887215089129274 -31.114629762172232 -31.358387850997175 -33.16836596391876 -31.511699017841647 -31.85510243118795 -30.836659073312234 -31.240522138752276 -32.429819080659584 -30.444257576182192 -31.62252789361565 -31.09477006063516 -29.099653136545523 -29.737406785698255 -28.516300002685423 -31.328244405499195
26.092184368737474 -31.810426109475554 -30.83894008799648 -31.261549180493216 -31.44708431744821 -30.290376747563883 -30.51919159103706 -31.90633708513699 -33.53496203434574 -35.15394370580358 -34.748910292713774 -35.40764720357931 -31.532924670272344 -31.90979143073398 -31.137092960905452 -31.38088471047241 -33.19099417017403 -31.53422415359884 -31.87766404047114 -30.85913158478986 -31.263025397049038 -32.452449687591134 -30.46670728137734 -31.645067966194382 -31.117262612799816 -29.12204826869251 -29.759823409073274 -28.538679814928095 -31.35076918781346
26.152304609218437 -31.832969423024586 -30.861401551795637 -31.28404192766192 -31.469600344924373 -30.312807398268706 -30.54163414742737 -31.928902318659055 -33.55759020120374 -35.176744482778055 -34.77167914324386 -35.43050958983505 -31.555439490739474 -31.932355881129343 -31.159546049439257 -31.40337093070488 -33.2136096662372 -31.556738205076172 -31.90021399093176 -30.881593839739736 -31.285517915381096 -32.475067546342785 -30.48914708828466 -31.667596719527822 -31.13974459351228 -29.14443435852991 -29.782230653260484 -28.561050824837256 -31.373282892416814
26.2124248496994 -31.85550138024853 -30.883852947022543 -31.30652411450841 -31.492105446410328 -30.335228464217874 -30.56406693218447 -31.951455850193142 -33.58020567242013 -35.19952982754236 -34.79443307117272 -35.4533555635304 -31.5779434034934 -31.95490864193204 -31.18198920097183 -31.425846693309236 -33.23621266687177 -31.579241360987492 -31.922752480463625 -30.90404601368684 -31.307999876970225 -32.497672872290266 -30.511577166736163 -31.69011434607402 -31.162216183305897 -29.16681156232556 -29.804628679859473 -28.58341318488774 -31.39578570788693
26.27254509018036 -31.87802223406715 -30.906294505814014 -31.328995981092582 -31.514599867848716 -30.357640169769375 -30.586490172669105 -31.97399793826191 -33.60280872266133 -35.22230005956364 -34.817172387518 -35.47618546028975 -31.600436654203882 -31.977449971462416 -31.204422645522556 -31.44831223668784 -33.25880344348664 -31.60173386680501 -31.945279763680325 -30.92648833896801 -31.330471521819163 -32.520265937451924 -30.533997743398178 -31.712621095034166 -31.1846776195061 -29.189180093233077 -29.827017707335788 -28.605767104454035 -31.41827787956201
26.33266533066132 -31.900531913199686 -30.928726137887352 -31.35145744437482 -31.537083531577093 -30.380042417530753 -30.60890377423318 -31.996528516709127 -33.62539930053946 -35.245055168464425 -34.83989707415972 -35.49899928453409 -31.62291916496071 -31.999979803379066 -31.22684629087334 -31.470767476285523 -33.28138194171367 -31.624215644437786 -31.967795770850174 -30.948920725483546 -31.352932766836137 -32.54284668801727 -30.5564087229879 -31.73511689172642 -31.207128816573118 -29.211539843621384 -29.849397632911998 -28.62811247245238 -31.440759329226236
26.392785571142284 -31.923030360443505 -30.95114776723122 -31.373908435513655 -31.55955637407729 -30.402435124451923 -30.63130765654357 -32.01904753340382 -33.64797736853793 -35.26779515729802 -34.86260712649576 -35.52179705395242 -31.645390871999545 -32.02249808536778 -31.249260059096777 -31.493212341760774 -33.30394812108714 -31.646686629942643 -31.990300446303692 -30.971343097403157 -31.375383543128024 -32.565415084072384 -30.578810024543923 -31.757601675582308 -31.22956970319084 -29.23389072030323 -29.87176836820657 -28.650449192276653 -31.46322999281404
26.452905811623246 -31.945518061890716 -30.973559859062032 -31.39634942768618 -31.582018874438553 -30.4248187479309 -30.653702280016653 -32.0415554800618 -33.670543434570185 -35.29052057887135 -34.88530308888405 -35.544579337524574 -31.667852254131798 -32.045005308941555 -31.271664413281457 -31.515647304625737 -33.32650248625293 -31.669147301932835 -32.01279427783339 -30.993755920144324 -31.39782432381443 -32.587971630874236 -30.601202107784697 -31.780075928961082 -31.25200074978972 -29.25623316941008 -29.894130364693172 -28.672777706256905 -31.485690348809143
26.51302605210421 -31.96799479661525 -30.995962174952236 -31.41878018913646 -31.604470805858274 -30.447193042990666 -30.676087402203525 -32.06405214047613 -33.69309729602771 -35.313231268325445 -34.907984789342805 -35.56734598400974 -31.690303084325777 -32.06750125772296 -31.294059113216967 -31.53807213172864 -33.34904483185848 -31.691597433210262 -32.03527704593981 -31.016158955448017 -31.420254877091338 -32.610516123583665 -30.623584729676683 -31.802539427804746 -31.274421722311185 -29.27856693653222 -29.91648337243385 -28.69509775680212 -31.508140169899637
26.573146292585168 -31.990460610664773 -31.018354742545906 -31.44120075452557 -31.626912208208395 -30.469558030384665 -30.698463046517706 -32.086537565653856 -33.715639018204335 -35.33592733057464 -34.93065232532286 -35.59009711260288 -31.712743402209924 -32.089985982540064 -31.316444184671905 -31.560486856262823 -33.37157522031521 -31.714037063228538 -32.057748798169996 -31.038552231135537 -31.442675237569198 -32.63304862515124 -30.645957913018282 -31.82499221486923 -31.296832652994926 -29.30089203249565 -29.938827406961508 -28.717409351389268 -31.530579495422995
26.63326653306613 -32.012915659874054 -31.040737699099115 -31.46361126819425 -31.649343231091187 -30.491913840411105 -30.720829345943503 -32.109011916435 -33.73816877635638 -35.35860898083467 -34.953305904518906 -35.612832952916094 -31.735173357139363 -32.112459644052336 -31.338819763008694 -31.582891621087292 -33.394093823971176 -31.736466341166466 -32.080209691872156 -31.060935884641907 -31.4650855495376 -32.65556930846891 -30.668321790172737 -31.84743444266715 -31.319233683737373 -29.32320857757238 -29.96116259330213 -28.739712606907425 -31.55300847444254
26.693386773547093 -32.03536022045688 -31.063111302060946 -31.48601199474788 -31.671764144427357 -30.514260723489812 -30.74318655361452 -32.131475474087125 -33.760686866305626 -35.38127655524884 -34.975945855491446 -35.635553855613345 -31.757593218783892 -32.13492252334512 -31.36118610376346 -31.60528668931087 -33.41660093571229 -31.758885536515727 -32.10266000478816 -31.083310173597027 -31.487486077550226 -32.6780784669716 -30.690676613646204 -31.869866384057612 -31.34162507667508 -29.345516812051372 -29.98348917654857 -28.762007760226865 -31.5754273763352
26.753507014028056 -32.057794150098715 -31.085475392327506 -31.5084027814844 -31.6941748002691 -30.536598514229976 -30.765534506566983 -32.153928100819684 -33.783193163292985 -35.403929965190244 -34.9985720828096 -35.65825974508885 -31.780002838973058 -32.157374482464654 -31.383543046121176 -31.62767190689251 -33.43909642815047 -31.781294500946476 -32.125099595971385 -31.105674939058634 -31.509876668858805 -32.70057597376288 -30.713022219913704 -31.892287893723452 -31.364006676897063 -29.3678165614836 -30.005806986546713 -28.784294633842574 -31.597836052665844
26.81362725450902 -32.08021753712325 -31.107830040749374 -31.530783705918193 -31.7165752810803 -30.558927276936743 -30.78787327163303 -32.17636988966232 -33.80568777390034 -35.42656935478595 -35.02118472354009 -35.68095077899031 -31.80240229993701 -32.17981561427087 -31.40589065915113 -31.650047349953027 -33.461580405133866 -31.80369331652306 -32.147528555168456 -31.128030252045704 -31.532257400929566 -32.72306193320212 -30.73535867522315 -31.91469905686466 -31.386378559618837 -29.39010788074055 -30.028116082641283 -28.806573279442556 -31.620234585392026
26.873747494989978 -32.102630599346185 -31.130175447441513 -31.553154974915536 -31.73896579874235 -30.581247205092588 -30.81020304485584 -32.19880106319653 -33.82817093443187 -35.44919499833817 -35.043784044845566 -35.70362724529749 -31.824791813319095 -32.20224614117355 -31.428229141163435 -31.672413223947064 -33.48405310019884 -31.826082194720954 -32.16994710163629 -31.15037631284375 -31.554628480580007 -32.74553657934318 -30.757686175025682 -31.937100088133352 -31.408740929377892 -29.41239095374401 -30.050416653287932 -28.828843877721827 -31.642623185882766
26.93386773547094 -32.12503342112768 -31.152511679860737 -31.5755166623803 -31.761346431948088 -30.603558359820866 -30.83252388980405 -32.221221710333886 -33.85064274690478 -35.47180703415677 -35.06637017821589 -35.72628929538521 -31.847171457585095 -32.22466615192023 -31.45055855789136 -31.694769601430412 -33.50651461271922 -31.848461213845628 -32.19235532111135 -31.172713189072425 -31.576989981667367 -32.76800001205409 -30.78000478232461 -31.959491068868502 -31.43109385785424 -29.43466583248806 -30.07270875480989 -28.851106477593365 -31.66500193234155
26.993987975951903 -32.147425895651054 -31.17483861525347 -31.597868651637082 -31.783717068536905 -30.625860612397418 -30.854835680058592 -32.24363172854953 -33.873103121153015 -35.49440540630852 -35.08894306128246 -35.74893688564611 -31.86954112036074 -32.24707554383132 -31.47287878495651 -31.71711636445662 -33.52896485003604 -31.87083026137161 -32.21475310807479 -31.195040758131718 -31.59934178747232 -32.79045213914198 -30.802314370167938 -31.98187188940466 -31.453437226275724 -29.4569323796429 -30.09499225395814 -28.873360938823232 -31.68737071214613
27.054108216432866 -32.169808153485334 -31.19715636759601 -31.62021106299152 -31.806077833516433 -30.648154070579867 -30.8771385257781 -32.26603125287881 -33.89555220507061 -35.516990298277236 -35.11150287084712 -35.77157021236978 -31.891900926429503 -32.269474451781306 -31.495189934643044 -31.739453632008036 -33.55140395745003 -31.893189461925108 -32.23714059444633 -31.21735913415783 -31.621684018254737 -32.812893106392416 -30.824615048159227 -32.00424267734596 -31.475771152764995 -29.479190694000575 -30.117267253776525 -28.895607357177116 -31.709729649824325
27.11422845691383 -32.19218049204006 -31.219465217369073 -31.642544183382633 -31.82842901862415 -30.67043900850253 -30.899432703547358 -32.28842058528678 -33.91799031373554 -35.53956206141445 -35.13404995145725 -35.79418963995337 -31.914251167298808 -32.29186317757118 -31.51749228570485 -31.761781689673622 -33.57383224739478 -31.91553910685316 -32.259518079013304 -31.239668597794648 -31.64401696090687 -32.83532322673322 -30.84690709231678 -32.02660372707784 -31.498095922033915 -29.501441040543966 -30.13953402358819 -28.91784599454837 -31.73207903662462
