web/models/mosfit_kne/mosfit_kn_1.0000/mosfit_kn_0.406447_0.0457_1.0000.dat
# %ECSV 1.0
# ---
# datatype:
# - {name: time, datatype: float64}
# - {name: PS1_g, datatype: float64}
# - {name: PS1_i, datatype: float64}
# - {name: PS1_r, datatype: float64}
# - {name: PS1_w, datatype: float64}
# - {name: PS1_y, datatype: float64}
# - {name: PS1_z, datatype: float64}
# - {name: swift_uvot_B, datatype: float64}
# - {name: swift_uvot_U, datatype: float64}
# - {name: swift_uvot_uvm2, datatype: float64}
# - {name: swift_uvot_uvw1, datatype: float64}
# - {name: swift_uvot_uvw2, datatype: float64}
# - {name: swift_uvot_V, datatype: float64}
# - {name: johnson_B, datatype: float64}
# - {name: johnson_I, datatype: float64}
# - {name: johnson_R, datatype: float64}
# - {name: johnson_U, datatype: float64}
# - {name: johnson_V, datatype: float64}
# - {name: sdss_g, datatype: float64}
# - {name: sdss_i, datatype: float64}
# - {name: sdss_r, datatype: float64}
# - {name: sdss_u, datatype: float64}
# - {name: sdss_z, datatype: float64}
# - {name: ATLAS_c, datatype: float64}
# - {name: ATLAS_o, datatype: float64}
# - {name: ukirt_H, datatype: float64}
# - {name: ukirt_J, datatype: float64}
# - {name: ukirt_K, datatype: float64}
# - {name: Clear, datatype: float64}
# meta: !!omap
# - comment: [kappa = 1.0, type = rprocess, mass = 0.4064473885499596, velocity = 0.04566666666666669, theta_obs = 0.0, tfloor = 1000.0]
# schema: astropy-2.0
time PS1_g PS1_i PS1_r PS1_w PS1_y PS1_z swift_uvot_B swift_uvot_U swift_uvot_uvm2 swift_uvot_uvw1 swift_uvot_uvw2 swift_uvot_V johnson_B johnson_I johnson_R johnson_U johnson_V sdss_g sdss_i sdss_r sdss_u sdss_z ATLAS_c ATLAS_o ukirt_H ukirt_J ukirt_K Clear
[from data line 84]
5.110220440881763 -13.442289715860394 -14.443312430135258 -14.118891226223749 -14.02202865871649 -14.6062915827941 -14.562883080118283 -12.926028385026058 -12.908320709673351 -10.118700054686375 -11.414111275318923 -9.738681114900846 -13.81386845445154 -12.977556945192589 -14.942560943031229 -14.420244465431697 -12.87969693740606 -13.855774042237401 -13.33792154988302 -14.444465517879603 -14.116833636196962 -12.055163071342285 -14.578680134198674 -13.725821309846538 -14.278810523334649 -14.394987369050936 -14.594331407789374 -14.107747504724484 -14.106404912852977
5.170340681362725 -13.424708412455217 -14.440329783492754 -14.110202934203642 -14.013415444099397 -14.608901015182187 -14.563329938339002 -12.903599824561926 -12.874132214734715 -10.056091849110608 -11.368300256967778 -9.684386169033775 -13.800567996847317 -12.955741655844392 -14.941188327537322 -14.413170012140803 -12.847572712144643 -13.842971145635515 -13.319062100135977 -14.441332116193113 -14.1080390732135 -12.022253884916996 -14.579714276303744 -13.712243719316053 -14.272825323718159 -14.405170827208716 -14.601086324631359 -14.120201826917087 -14.100061340014793
5.2304609218436875 -13.40561416739142 -14.436253695797152 -14.100254600929905 -14.003574578874893 -14.610584071934767 -14.562785205684374 -12.879514665036595 -12.837952784742743 -9.990715610445612 -11.320293523548663 -9.627801052830204 -13.785869776968937 -12.932291987059926 -14.938770711733167 -14.404886762588085 -12.813513707535293 -13.82878818307361 -13.298652875432246 -14.437100781877206 -14.097980068729239 -11.987385118947813 -14.57977531210128 -13.697278836967577 -14.265665352355121 -14.414659030624255 -14.607041341590248 -14.132030252919135 -14.092568150320766
5.290581162324649 -13.389930166066097 -14.434336118560562 -14.092951881461229 -13.996397209898586 -14.61395128191544 -14.564107577678733 -12.859251831322666 -12.806606806761511 -9.932641201129119 -11.278221684715923 -9.57799842763109 -13.774208444774818 -12.912615786852072 -14.93837530924533 -14.399114696689967 -12.7841086321999 -13.817602197393553 -13.281763397626989 -14.43504075619094 -14.09057470146685 -11.957235771324175 -14.581654397827641 -13.685389469303182 -14.26092535966994 -14.425192857933345 -14.614331000871362 -14.14471292151912 -14.087554157121005
5.350701402805611 -13.37387161684445 -14.43208012291926 -14.085294385700333 -13.988891077391408 -14.616999352853313 -14.565102828801582 -12.83859867911713 -12.774844293282772 -9.87411327337329 -11.235816759894242 -9.527969335509571 -13.762176463131556 -12.89255476763675 -14.93764733478222 -14.392996061548128 -12.754289462224452 -13.80604973078105 -13.264496110433743 -14.432641803312336 -14.082813134267091 -11.926668448803639 -14.583209203220484 -13.673144583011982 -14.255843819785401 -14.435437897298067 -14.621318101023471 -14.157115981470996 -14.082227960984532
5.410821643286573 -13.358532505775624 -14.430209542251689 -14.078150891914927 -13.98191999129871 -14.62030968103786 -14.566407497659366 -12.818772524509036 -12.744180303974844 -9.817363306852286 -11.194876129383271 -9.479711124352836 -13.750760068237746 -12.873310251190006 -14.937269579662217 -14.387358242800314 -12.725519250187489 -13.795104072317466 -13.24797741502934 -14.430631595463765 -14.07556697239599 -11.89716632630704 -14.585061218041364 -13.661535599322914 -14.251220223446506 -14.445782172348432 -14.628478197649988 -14.16956948216743 -14.077394524372018
5.4709418837675345 -13.339427507141934 -14.425766733144751 -14.067965482139932 -13.971949917232926 -14.62151275973703 -14.565424343924107 -12.794778729720335 -12.708391067308504 -9.753211475092098 -11.148021584745127 -9.42502706290432 -13.735918266018896 -12.849953963430195 -14.934453895423367 -14.378816515457846 -12.691788806083323 -13.780777906167712 -13.227588176421357 -14.426036639998134 -14.065268542033014 -11.8626370095161 -14.584675417660335 -13.646501145443377 -14.243785093903085 -14.454655106755004 -14.633879039107212 -14.180742439016994 -14.069763262800752
5.531062124248497 -13.319787310576476 -14.420885636841376 -14.057301354153964 -13.961531551426845 -14.622320965962032 -14.564028907170208 -12.770213115139228 -12.671954995612307 -9.688262123459722 -11.10057625448512 -9.369843706701179 -13.720561915445508 -12.826034633889329 -14.931212774657975 -14.369811753876462 -12.657422192009903 -13.76594395564348 -13.206655127220142 -14.421002240380396 -14.05448932556574 -11.827464031847708 -14.583882861683648 -13.630968748833308 -14.235896854571148 -14.463197046455265 -14.638919913254805 -14.191603686975165 -14.061711452492744
5.591182364729459 -13.305873832598802 -14.419698309608684 -14.051125585805035 -13.955590972920913 -14.626044175776212 -14.565849630459677 -12.752049178966509 -12.643557952240592 -9.635308631753364 -11.062790956862614 -9.325501157127402 -13.71033617223291 -12.808431651094917 -14.931441213068545 -14.365070680265035 -12.63080720675043 -13.75617136531149 -13.191626773268101 -14.419682604975996 -14.048213256307776 -11.800151969349297 -14.586224697000247 -13.620605591020976 -14.232120605562457 -14.473599349552353 -14.646298537250198 -14.204009132587883 -14.057821314023311
5.651302605210421 -13.287257916718644 -14.41532686979981 -14.041168394319694 -13.945922509451911 -14.627174485962318 -14.564847868885682 -12.728671866649599 -12.608729067077746 -9.573025477841387 -11.017569130228004 -9.273065453380255 -13.69584134625627 -12.78568628333215 -14.928656294653823 -14.356723640495634 -12.597970437574173 -13.742186739197846 -13.171762850940123 -14.41516293933283 -14.038142626530963 -11.766532993756424 -14.585807619903584 -13.605972731637994 -14.224855792682796 -14.482217284182822 -14.651526704204406 -14.214872836718262 -14.050458712195777
5.7114228456913825 -13.268932618146643 -14.411066585845429 -14.03139052027619 -13.936456039140435 -14.628352157311042 -14.563917638430581 -12.705641185889213 -12.574393504246881 -9.511614355746797 -10.973091733890374 -9.221594797402911 -13.681578377821221 -12.763283812422891 -14.925964450221223 -14.348540087156067 -12.565599268753608 -13.728430640651615 -13.152205143810818 -14.41075616068165 -14.028251528963835 -11.733387435833738 -14.585456159837644 -13.59158979733122 -14.2177431972552 -14.490800334948888 -14.656757153322724 -14.225677144362121 -14.043280193713823
5.771543086172344 -13.251502805892503 -14.407317746568111 -14.022272657550126 -13.927666071865126 -14.62989803033949 -14.563410607461531 -12.683630676453028 -12.541389003754517 -9.452304602039664 -10.930337437822217 -9.17216131386619 -13.668093474751945 -12.74188840279271 -14.92374303667819 -14.340977270698769 -12.534503046730176 -13.715441727476437 -13.133576450597495 -14.406864697554038 -14.019022375525783 -11.701536023624435 -14.585513481702375 -13.578003749093135 -14.21122434257553 -14.499560908429919 -14.66225138067969 -14.23660193943398 -14.03672628767005
5.831663326653306 -13.23768443909879 -14.405872326155382 -14.01596978190117 -13.921680894182842 -14.633245529041403 -14.564899312807515 -12.665666341697285 -12.513483613178966 -9.400635102421088 -10.893712635952824 -9.129600011268714 -13.657837343920331 -12.724483803028711 -14.923680540703483 -14.336084389837175 -12.508321399694584 -13.705636684474063 -13.118673719589165 -14.405290180406922 -14.012617864748727 -11.674669734685601 -14.58751376025841 -13.56766932741424 -14.207277511133114 -14.509443099460205 -14.669175025657848 -14.248444511645813 -14.032772337013721
5.891783567134269 -13.21865192606305 -14.400912831651063 -14.00548339194561 -13.91158018973016 -14.633742604058018 -14.56327969896046 -12.641914462795 -12.478426760641081 -9.338578806298376 -10.848852218033489 -9.078107027945443 -13.642850191276363 -12.701372557161882 -14.920295754545638 -14.32720592715728 -12.475222750105878 -13.691165514832305 -13.098407721055576 -14.400183725842872 -14.002014736851525 -11.640790458316843 -14.58647737173008 -13.552608327232303 -14.199477272102445 -14.517384040620039 -14.673745719533036 -14.258618759364497 -14.024992254914554
5.95190380761523 -13.19705558134185 -14.394188672343038 -13.992916171029357 -13.899448601340048 -14.632790740074029 -14.560088071110009 -12.615326429208508 -12.439894001496956 -9.271547691485779 -10.8000915606309 -9.02247484301585 -13.625521626225254 -12.67546616534894 -14.91523776448454 -14.31634280881249 -12.438756658767495 -13.674385612712674 -13.075507693933694 -14.393304117199381 -13.989322831551263 -11.60349719396816 -14.583903664057978 -13.535219278518067 -14.189756123209651 -14.524311814072489 -14.677105852583095 -14.267910796244896 -14.015324939350773
6.012024048096192 -13.183122754661056 -14.392442882523913 -13.986380521195372 -13.893291337192242 -14.635779537555962 -14.56123929568884 -12.59729983768801 -12.41208091784296 -9.22040765363571 -10.763999099567627 -8.980856434315218 -13.61508045938469 -12.658001703794483 -14.914858876225427 -14.311207325530788 -12.412635032437073 -13.664396642626427 -13.060506444233244 -14.39143083467318 -13.982683999027916 -11.57669603869353 -14.585562451911276 -13.52474197948089 -14.18555834838342 -14.533767589685594 -14.683633516105042 -14.279307146159484 -14.011196085855424
6.072144288577154 -13.162572930729954 -14.386263416236442 -13.974551075095825 -13.881932746195833 -14.635188014055558 -14.558478464655273 -12.571919001924094 -12.375162136400348 -9.156012797642962 -10.717436153584181 -8.9278983592409 -13.598641392923493 -12.633287834508295 -14.910292989262263 -14.301033223046115 -12.377708352765701 -13.64849379313714 -13.038696647946768 -14.385100909315351 -13.970731715339824 -11.540966120640004 -14.58340151317957 -13.508275829360024 -14.176492157930802 -14.5408131723725 -14.687221083010423 -14.288644642248672 -14.002239740639109
6.132264529058116 -13.144036169392486 -14.381340145522383 -13.96427341112588 -13.87212568641866 -14.635563492891173 -14.55679637175022 -12.548801828424285 -12.341116429926497 -9.09596779037662 -10.674373025692372 -8.878896866003586 -13.583992474671966 -12.61080663510175 -14.906900100327267 -14.292328056701795 -12.345547469895372 -13.634355859832484 -13.018966132206149 -14.38003497910465 -13.960336515082385 -11.50804233446312 -14.582289114051754 -13.49361672631769 -14.168838750230695 -14.548435055637688 -14.69156175825965 -14.29844141196117 -13.99471878965322
6.192384769539078 -13.128485127553375 -14.378315041141168 -13.956319969384623 -13.864626274700917 -14.63741820834807 -14.556755733124813 -12.52903298643104 -12.311293527575842 -9.042247903674848 -10.636355652913778 -8.835518045938432 -13.572013194654932 -12.59162652633718 -14.905284650467216 -14.28582522729273 -12.317456808699323 -13.622849335687482 -13.002316576878155 -14.376878505328836 -13.95227392185328 -11.479248020821942 -14.582773859023703 -13.481641354388199 -14.163305538331556 -14.556967181812722 -14.69707023097216 -14.308977851628926 -13.989331747294447
6.25250501002004 -13.10916745694394 -14.372739365335399 -13.945335645040995 -13.854163150745311 -14.637200902581657 -14.55445669584563 -12.50508438725139 -12.276316276201396 -8.981081347222378 -10.592501968318242 -8.785894791272732 -13.556608009319728 -12.56832775975257 -14.90125716660905 -14.276436476664102 -12.284377775412942 -13.607965667070319 -12.98179360430792 -14.371158589520707 -13.941168740556549 -11.445395150075903 -14.581052536649786 -13.466255076055127 -14.154982604268493 -14.56408646398623 -14.700867270343883 -14.318299539110322 -13.98119583614255
6.312625250501002 -13.08781751858767 -14.365757562473593 -13.932696699407572 -13.842094894699706 -14.635826965457426 -14.550903532037314 -12.478888426176866 -12.23859073677584 -8.916003948555108 -10.545623206938117 -8.733108574806646 -13.53934209322426 -12.5428156661992 -14.895895975802997 -14.265470439544654 -12.248634510729126 -13.591248241836896 -12.95918328424694 -14.364025844601134 -13.928402189848423 -11.408840691099744 -14.578104894685762 -13.449025262487115 -14.145133247450143 -14.570395599758024 -14.703697145166766 -14.326915362370974 -13.971571717961382
6.372745490981964 -13.073625476914863 -14.363426433470465 -13.925694024031454 -13.83558307887144 -14.638129234662003 -14.551404818282467 -12.460692832669153 -12.210878622104762 -8.865736348728394 -10.510453857035671 -8.69315831789374 -13.528516246871042 -12.525188025718194 -14.894904106360329 -14.259852330189712 -12.222556907668018 -13.580877654512909 -12.94395066935678 -14.36157001334049 -13.921293219482216 -11.382091828312682 -14.579107183598197 -13.438241782292124 -14.14043872337622 -14.579049643741369 -14.709474708498982 -14.337476613857925 -13.96708589585339
6.432865731462925 -13.053075793086535 -14.35684136247028 -13.913607040148523 -13.824096830927068 -14.637004088203103 -14.54815691562251 -12.435425849661652 -12.174408502916112 -8.802737269971871 -10.465318843910456 -8.64250469064569 -13.511923825157972 -12.500593706578925 -14.889897498549225 -14.24939964264808 -12.188009067930327 -13.564824118628918 -12.922175702429275 -14.354838007887523 -13.909079977709577 -11.346751793493048 -14.576450470058013 -13.421713784094056 -14.131075468119771 -14.58541372273906 -14.71244708417023 -14.34608969452311 -13.957994629125565
6.492985971943887 -13.032991099988074 -14.350499088759339 -13.901848509952508 -13.812953477962786 -14.636039832335133 -14.545101213641196 -12.410695045803461 -12.13865409195737 -8.740904381361577 -10.421159324650304 -8.593030034213886 -13.49572713904956 -12.476529074572959 -14.885110327587505 -14.239253805671137 -12.154144114850116 -13.54916079135389 -12.900885061249188 -14.348351017530234 -13.897196025863181 -11.312105264866013 -14.573977952001353 -13.405595828764856 -14.122003869305075 -14.591830998695999 -14.715521304515702 -14.354723914959456 -13.949218299463535
6.55310621242485 -13.01852097281369 -14.347793338643875 -13.894504630213316 -13.806155072703596 -14.637941899643359 -14.545210935250985 -12.392244502481901 -12.110767594933503 -8.690715277286948 -10.386174007943136 -8.55358519113166 -13.48458044786944 -12.458652144808763 -14.883737222165038 -14.233293969133626 -12.127873365719168 -13.53847309556487 -12.885382437726332 -14.34552128681899 -13.889743852530057 -11.285163871375445 -14.574588020732655 -13.394528601758982 -14.116965327179436 -14.600061151077133 -14.720885400469788 -14.364854853652654 -13.944454183625687
6.613226452905812 -12.9943400636553 -14.338628270486353 -13.879417580627873 -13.791789413822872 -14.634663360776372 -14.539642093522591 -12.362978966314053 -12.06945937217041 -8.620969974030025 -10.335934823600965 -8.49777448321531 -13.46463490862763 -12.430123232956024 -14.8762749598163 -14.219978157376982 -12.088625133684332 -13.519116641978693 -12.859883493132891 -14.336197846886787 -13.874517338858183 -11.245057539071155 -14.569659294623829 -13.374700634248686 -14.104827678358589 -14.604871752319395 -14.722032205123819 -14.372095533788672 -13.932695692555885
6.673346693386773 -12.979146603264802 -14.335323749407909 -13.871422730876795 -13.78438566993685 -14.636023667630838 -14.539186982002104 -12.343756442438806 -12.040702828666703 -8.569721466770805 -10.300210800207541 -8.457734386340285 -13.452789605255077 -12.411487507973561 -14.874320112672336 -14.213389425682116 -12.061497776997385 -13.507740329248373 -12.843646323471702 -14.332767834497506 -13.86641108004186 -11.217249099321691 -14.569712179906666 -13.362961243456049 -14.099173541716201 -14.612646316985455 -14.726901459638347 -14.381797283200351 -13.927364629191654
