web/models/mosfit_kne/mosfit_kn_1.0000/mosfit_kn_0.406447_0.2650_1.0000.dat
# %ECSV 1.0
# ---
# datatype:
# - {name: time, datatype: float64}
# - {name: PS1_g, datatype: float64}
# - {name: PS1_i, datatype: float64}
# - {name: PS1_r, datatype: float64}
# - {name: PS1_w, datatype: float64}
# - {name: PS1_y, datatype: float64}
# - {name: PS1_z, datatype: float64}
# - {name: swift_uvot_B, datatype: float64}
# - {name: swift_uvot_U, datatype: float64}
# - {name: swift_uvot_uvm2, datatype: float64}
# - {name: swift_uvot_uvw1, datatype: float64}
# - {name: swift_uvot_uvw2, datatype: float64}
# - {name: swift_uvot_V, datatype: float64}
# - {name: johnson_B, datatype: float64}
# - {name: johnson_I, datatype: float64}
# - {name: johnson_R, datatype: float64}
# - {name: johnson_U, datatype: float64}
# - {name: johnson_V, datatype: float64}
# - {name: sdss_g, datatype: float64}
# - {name: sdss_i, datatype: float64}
# - {name: sdss_r, datatype: float64}
# - {name: sdss_u, datatype: float64}
# - {name: sdss_z, datatype: float64}
# - {name: ATLAS_c, datatype: float64}
# - {name: ATLAS_o, datatype: float64}
# - {name: ukirt_H, datatype: float64}
# - {name: ukirt_J, datatype: float64}
# - {name: ukirt_K, datatype: float64}
# - {name: Clear, datatype: float64}
# meta: !!omap
# - comment: [kappa = 1.0, type = rprocess, mass = 0.4064473885499596, velocity = 0.265, theta_obs = 0.0, tfloor = 1000.0]
# schema: astropy-2.0
time PS1_g PS1_i PS1_r PS1_w PS1_y PS1_z swift_uvot_B swift_uvot_U swift_uvot_uvm2 swift_uvot_uvw1 swift_uvot_uvw2 swift_uvot_V johnson_B johnson_I johnson_R johnson_U johnson_V sdss_g sdss_i sdss_r sdss_u sdss_z ATLAS_c ATLAS_o ukirt_H ukirt_J ukirt_K Clear
[from data line 141]
8.537074148296593 -22.163125990040875 -21.948711786631865 -22.088733306757202 -22.09576569584522 -21.668042499385418 -21.7945448033087 -22.036492289841878 -23.02379012666581 -22.79948242090955 -22.911707970659414 -22.454563458746705 -22.149921698974257 -22.0509844695825 -22.32135625085161 -22.270681407462025 -22.808900297502596 -22.16108264100503 -22.165245983706114 -21.961828567209718 -22.091191899101954 -22.04255363017273 -21.766443145260297 -22.148424129462914 -22.048325408012612 -20.86596929537563 -21.3335760323889 -20.40009626751164 -22.038155845146434
8.597194388777554 -22.21126880647171 -21.987619406530925 -22.13108679912578 -22.139785686468212 -21.703723269371302 -21.831452932903925 -22.08748658600384 -23.08270722160472 -22.88011586965093 -22.98455676295326 -22.540407023123507 -22.19492030548982 -22.10179381468205 -22.35935337803297 -22.312228684179846 -22.866264518093786 -22.20592270381928 -22.21419951658767 -22.000822773773603 -22.13354897794037 -22.10030619984172 -21.80304982474606 -22.194561306519525 -22.089332718045878 -20.897367274127397 -21.36693485438716 -20.43017069519347 -22.081474584314655
8.657314629258517 -22.25914328467919 -22.026344199626475 -22.173224575376533 -22.183587774737727 -21.739252280854018 -21.868197461873304 -22.138184132143827 -23.14125855117906 -22.960227596875477 -23.056973684430986 -22.62574837462044 -22.239676633110623 -22.152309430895322 -22.397176657218722 -22.353568992245567 -22.923275124092665 -22.250522977512293 -22.26287715722247 -22.0396333026045 -22.175689890930226 -22.15770067647675 -21.83949602785992 -22.24045255276465 -22.130139117124852 -20.92865355187994 -21.40016407281495 -20.46014503710287 -22.1245877071299
8.71743486973948 -22.30674208798284 -22.06488126094916 -22.215140868571854 -22.227165366413555 -21.774625401232388 -21.9047739680264 -22.188576875178764 -23.199433779797065 -23.039800392271474 -23.12894331323351 -22.710566930256974 -22.284184278281806 -22.2025232739005 -22.434821397523674 -22.39469673394992 -22.97992226594402 -22.2948770685603 -22.31127135133688 -22.07825522813783 -22.217608883233932 -22.214727127811624 -21.875777397048157 -22.286090952178697 -22.17073911611415 -20.95982501003156 -21.433260098532454 -20.49001649930362 -22.16748863757834
8.77755511022044 -22.354071768748227 -22.103235673132478 -22.256841354009023 -22.270524022712745 -21.809847124553308 -21.94118717330806 -22.23867185484637 -23.257241014241803 -23.1188446695011 -23.200474574877 -22.794871981238852 -22.328449395717318 -22.252442315116422 -22.472292511729865 -22.43561741441144 -23.036213879324034 -22.3389910755643 -22.359388776261966 -22.116693648932912 -22.259311643416577 -22.271393570383236 -21.911898591977508 -22.33148263323816 -22.21113810143727 -20.99088535134628 -21.466226990365023 -20.519788551193386 -22.210182662745996
8.837675350701403 -22.401132067455176 -22.141407586823565 -22.298326073151937 -22.313663331618763 -21.844917671147 -21.977437275422904 -22.288468719165337 -23.314679356476304 -23.197357392912984 -23.27156452904255 -22.87865830955598 -22.372471967925637 -22.302066172011198 -22.509590166292732 -22.47633106929528 -23.09214921159362 -22.382864957298573 -22.407229132524904 -22.154948713913836 -22.30079822542894 -22.327699253508086 -21.94785980963495 -22.37662732080274 -22.251336100072212 -21.021834880405553 -21.499065007852902 -20.54946153497571 -22.25266923901815
8.897795591182364 -22.44791267527665 -22.17938982723206 -22.339586726654144 -22.35657402888128 -21.879830887483198 -22.013517736153823 -22.337956229550226 -23.371734678729652 -23.27531580083774 -23.342192776098454 -22.961899333740593 -22.416242859594988 -22.35138362816905 -22.54670747032237 -22.516829629618986 -23.147714742015754 -22.42648960006546 -22.45478183244046 -22.193013221075173 -22.342060341921837 -22.38363054536002 -21.983654599717983 -22.421515276226547 -22.291325192136817 -21.05266879468393 -21.53176872253132 -20.579031078822304 -22.29493916851995
8.957915831663327 -22.494437079890357 -22.217199726523553 -22.380642982698866 -22.399276565541175 -21.914601888572847 -22.049444517341854 -22.387159801711586 -23.42843749968381 -23.35276384512428 -23.41239789610073 -23.044640792514 -22.459783552479823 -22.40041994259864 -22.583661127223326 -22.557132190103754 -23.202940022692673 -22.46988635336208 -22.50207090012358 -22.230904562181664 -22.383117674392015 -22.439217272908305 -22.019298710701953 -22.46616856069931 -22.331124084094736 -21.083399257036778 -21.564351643675206 -20.60850844260274 -22.337012294441223
9.018036072144287 -22.540689908622316 -22.254826391435998 -22.421482320738946 -22.441757210402713 -21.949221275252864 -22.085207655002197 -22.43606271961217 -23.484767059406835 -23.429668914343015 -23.48215076436677 -23.126845480992365 -22.50308030527097 -22.449158448325836 -22.620440660841236 -22.59722657827733 -23.257805127940873 -22.513041520581588 -22.549080566213018 -22.2686118041017 -22.423957713755573 -22.494439343329855 -22.05478231076615 -22.510572663053896 -22.37072083121534 -21.114018850858095 -21.59680543899576 -20.6378868365857 -22.378875052534646
9.07815631262525 -22.586677569810778 -22.29227472513319 -22.46211024556901 -22.484021387819606 -21.983693359375547 -22.12081168916148 -22.484671888890936 -23.540731370079726 -23.506041393561382 -23.551460274538005 -23.208522823763275 -22.546139108254774 -22.497605985268144 -22.657050803771945 -22.637118129651565 -23.31231788973523 -22.555961037941486 -22.59581736762998 -22.306139866033377 -22.464585976970604 -22.54930466988153 -22.090109878177202 -22.55473356803611 -22.410120650943988 -21.14453109967632 -21.62913398644008 -20.667169552274466 -22.42053260156096
9.138276553106213 -22.63240202693927 -22.329546387642765 -22.50252857025103 -22.526070609552225 -22.018019630703183 -22.156258177473962 -22.532989400613907 -23.59633259767225 -23.581882962035618 -23.620327618074857 -23.289672840327146 -22.58896191645854 -22.54576460254626 -22.693493164131706 -22.676808592782837 -23.366480496717898 -22.59864682682101 -22.64228329110745 -22.343490412760385 -22.505004288874204 -22.603815472400104 -22.12528294815362 -22.5986530753206 -22.44932524381836 -21.174937265922736 -21.661338645636015 -20.696357794085248 -22.461986277041817
9.198396793587174 -22.67786068678987 -22.366639685295553 -22.54273530558221 -22.567902355942167 -22.05219864627434 -22.191545584616943 -22.581012420390458 -23.65156694783737 -23.657186448892315 -23.68874612834995 -23.37028595849866 -22.631546540014604 -22.593631446829686 -22.729766114834817 -22.71629601808898 -23.420289381552728 -22.641096683528797 -22.688475661291854 -22.38066174410532 -22.54521067190181 -22.65796816517705 -22.16030000212129 -22.642328685565545 -22.488332681727634 -21.205236241108857 -21.693418147402728 -20.725450570290405 -22.503233468990516
9.258517034068136 -22.72305945209853 -22.403559121916494 -22.582735514517083 -22.609521609532628 -22.08623436172161 -22.226678077564745 -22.628747314571875 -23.706441810438825 -23.731961375336063 -23.756723938974584 -23.450370773722756 -22.6738984940416 -22.641212823063984 -22.765874001382002 -22.75558531109508 -23.473751768907515 -22.68331607269681 -22.734400500518763 -22.417658378785905 -22.585210200393693 -22.71177004892399 -22.195165149803984 -22.685765906438995 -22.527147760174078 -21.235431253124354 -21.725376046264966 -20.75445089551598 -22.544278910427362
9.318637274549097 -22.76799380389921 -22.440301544017576 -22.622525573133938 -22.65092413107558 -22.120124040165443 -22.261652763692297 -22.676189180883412 -23.760950925568594 -23.806196970209385 -23.82425116333012 -23.52991384332553 -22.716013820707268 -22.688503819472817 -22.8018137834932 -22.79467292859555 -23.52686170436548 -22.72530103079077 -22.780053167122958 -22.454477152384893 -22.62499926182187 -22.765215131720318 -22.22987553091677 -22.72896041364115 -22.56576698481572 -21.265520123479554 -21.757209899995864 -20.78335677812136 -22.585118306518197
9.37875751503006 -22.812670285418957 -22.476871899069373 -22.662111059395738 -22.69211546855919 -22.153872016248357 -22.296474213289255 -22.723345086097765 -23.81510255919128 -23.87990411060406 -23.891337135183903 -23.60892530203149 -22.757898604258664 -22.735511439118742 -22.837590232163258 -22.833564275824873 -23.579627253131836 -22.767057589505978 -22.825440341452303 -22.49112302900672 -22.664583445063684 -22.818311562459854 -22.26443565280494 -22.77191831675891 -22.604195640736098 -21.295506375191323 -21.788923596704404 -20.812171501819186 -22.625756947046796
9.438877755511022 -22.85708984791544 -22.513271018134606 -22.70149288488838 -22.733096220347644 -22.187479024057133 -22.331143199757832 -22.770216052966294 -23.868897663722244 -23.9530828157095 -23.957981543108016 -23.68740350510722 -22.799553842639384 -22.78223666900255 -22.873204147160415 -22.87226021907034 -23.632049417653295 -22.80858671834691 -22.87056298262165 -22.52759684254457 -22.703963672536442 -22.871060366611466 -22.298846273885324 -22.814640448796695 -22.642434559105702 -21.325390618900904 -21.82051779620494 -20.840895652074206 -22.666195276628205
9.498997995991983 -22.901249159196517 -22.54949654595535 -22.740668366118317 -22.773863173327804 -22.22094299507363 -22.3656575478104 -22.816798485953733 -23.922331628550513 -24.025724883024523 -24.0241767436601 -23.765337870583995 -22.84097662740556 -22.828675898077243 -22.90865324979387 -22.910758123812577 -23.68412382461645 -22.849885497938974 -22.915417670294627 -22.563896230316924 -22.743137271685647 -22.92345714926757 -22.333105239477735 -22.85712359204597 -22.68048113309277 -21.355171175785955 -21.851990632989775 -20.86952768505952 -22.706430003474
9.559118236472946 -22.945157313056654 -22.585555290810913 -22.779645195278864 -22.814424149497796 -22.254269890620595 -22.400023543077694 -22.863102211942145 -23.975416086071295 -24.097846254605905 -24.089936586908518 -23.842744160140178 -22.88217534916796 -22.874838879385692 -22.94394410616854 -22.949065453280888 -23.735861783671723 -22.890962257426285 -22.960013696216244 -22.600028023507495 -22.78211194467838 -22.975513330918105 -22.367218751105202 -22.8993762668534 -22.718342668514477 -21.384852885850588 -21.8833474545365 -20.89807210470068 -22.746468654106877
9.619238476953907 -22.988809016484524 -22.621443409274704 -22.818419023236736 -22.854774183823974 -22.287456322236938 -22.434237626078524 -22.909121530540617 -24.028143918804066 -24.169435078632823 -24.155250161138984 -23.919607865310994 -22.923145298699794 -22.920719906528205 -22.979072996700058 -22.98717794891954 -23.787256493845998 -22.931812284837726 -23.00434563812285 -22.63598836678188 -22.820883353096146 -23.02722206964365 -22.401183285679256 -22.94139339675171 -22.75601496226063 -21.41443297716211 -21.914585197854386 -20.926526345040074 -22.786306219993797
9.67935871743487 -23.032209998157587 -22.657165201257143 -22.856994713321708 -22.894918110074265 -22.32050604490892 -22.468303760976625 -22.95486264144187 -24.080522399314344 -24.24050088041245 -24.220125599090956 -23.995937817560712 -22.96389179318138 -22.96632512217139 -23.014044064097103 -23.025100319846967 -23.838315049340785 -22.9724408503686 -23.04841934782841 -22.671781574884413 -22.859456369991236 -23.07859053523101 -22.435002751473778 -22.983180321341585 -22.793502615946206 -21.44391448805894 -21.94570722284718 -20.95489323447548 -22.825947302124003
9.739478957915832 -23.075361736234203 -22.69272180884359 -22.895373563868713 -22.934856982480305 -22.353420037958358 -22.50222299078949 -23.000327160182927 -24.132553275781472 -24.311045019865038 -24.28456375447082 -24.071733974798452 -23.004416274591623 -23.011656105060897 -23.04885840068784 -23.06283380414274 -23.889039206188755 -23.012849366511002 -23.092236331014195 -22.70740879451946 -22.897832303504657 -23.129620514799 -22.468678171072778 -23.02473836175235 -22.830806822766743 -21.47329819203239 -21.976714389831216 -20.983173495918358 -22.86539279716118
9.799599198396793 -23.118261126835637 -22.72811093953912 -22.933553011426167 -22.97458776108904 -22.3861962471603 -22.535993172309432 -23.0455117712235 -24.184232376584784 -24.381060140975514 -24.348557682991814 -24.14698679931425 -23.044715998486353 -23.056709523414852 -23.083513776835655 -23.10037587610981 -23.939424997153324 -23.053035077168055 -23.135793411001355 -22.742867727104024 -22.93600860029878 -23.180308026004788 -22.50220741792731 -23.06606449862249 -22.867925077350435 -21.502582366054806 -22.00760481553182 -21.01136552379838 -22.90463958343084
9.859719438877756 -23.160916211894715 -22.763338596230565 -22.971539846053783 -23.014117353161705 -22.41883992378053 -22.56961984426095 -23.090425172218804 -24.235570011906002 -24.45056033601157 -24.412119601595812 -24.221710211610578 -23.084798377921977 -23.101494009384144 -23.118015980311288 -23.137733122302652 -23.989482444796703 -23.093005340904554 -23.179098806701255 -22.778164395886353 -22.973992059170527 -23.230663190703904 -22.535595956259975 -23.107166262547647 -22.904863826198874 -21.53177127064701 -22.038383208246923 -21.03947328270564 -22.94369430480975
9.919839679358716 -23.203326406993643 -22.798404341730656 -23.009333604482816 -23.05344496780247 -22.45135064146396 -22.60310257759585 -23.1350667689168 -24.286565313518587 -24.519543195539452 -24.475246979916445 -24.295900137206917 -23.124662954372123 -23.146008942110278 -23.152364572965062 -23.174905062297608 -24.039210768341654 -23.132759678462037 -23.222151919351415 -22.81329836367391 -23.011782226269517 -23.2806852393181 -22.568843352968795 -23.14804301756622 -22.941622572826148 -21.560864508342497 -22.069049149328848 -21.067496398042472 -22.98255605076731
9.97995991983968 -23.24549048905684 -22.833307234272127 -23.046933268254843 -23.0925692336816 -22.48372751766679 -22.63644046854486 -23.179435288158025 -24.33721662183231 -24.588005192215675 -24.53793627010901 -24.36955129977765 -23.16430867591877 -23.190253024452424 -23.186558625612108 -23.21189067227832 -24.088608417859724 -23.172297019468587 -23.264951499988857 -22.84826868741126 -23.04937809250898 -23.330372627812856 -22.60194870476731 -23.188693517641905 -22.978200285206682 -21.589861291505535 -22.099601799453445 -21.09543412592252 -23.02122333992317
10.040080160320642 -23.28741529618828 -22.868052366607223 -23.084344605196154 -23.131495997064278 -22.51597500108673 -22.669638212032712 -23.223538133110104 -24.38753271121648 -24.65595821660385 -24.600197730352633 -24.44267531572326 -23.203741847124466 -23.23423360146887 -23.220603046262084 -23.248695544031428 -24.13768392613613 -23.211623620272302 -23.307504538350994 -22.88308047733917 -23.086785433823955 -23.37973397555057 -22.63491664244537 -23.229124156965177 -23.014602433605766 -21.61876522342142 -22.130045143063963 -21.123289818724157 -23.059701783369118
10.100200400801603 -23.329099224676835 -22.902638487931597 -23.121566259382398 -23.170223545423028 -22.548091928532124 -22.702694612628775 -23.267373628028036 -24.437511465668305 -24.72339813498577 -24.66202726134636 -24.515266302882676 -23.24296105671766 -23.277948975838537 -23.254496604707075 -23.285318323712147 -24.186435296524042 -23.25073805317279 -23.349809398871777 -22.917732480613378 -23.124002903302703 -23.428767288570214 -22.66774597391187 -23.269333326707464 -23.050827661040998 -21.647575275292073 -22.160378081519116 -21.15106250371587 -23.097989567767403
10.160320641282565 -23.37054397295832 -22.937066810458333 -23.158599648659717 -23.208753121434604 -22.580079309615986 -22.73561075801357 -23.31094365403442 -24.48715505621097 -24.7903271717253 -24.723426452709578 -24.587325360786036 -23.281967902853477 -23.321400993272587 -23.28824045233538 -23.321760360930554 -24.234864673207756 -23.28964188781503 -23.39186782172794 -22.952225915157722 -23.16103192718124 -23.477474747080418 -22.700437763583423 -23.30932254660148 -23.086877267337673 -21.67629220355575 -22.190601479810468 -21.17875287196419 -23.136087784366026
