web/models/mosfit_kne/mosfit_kn_1.0000/mosfit_kn_0.006452_0.0300_1.0000.dat
# %ECSV 1.0
# ---
# datatype:
# - {name: time, datatype: float64}
# - {name: PS1_g, datatype: float64}
# - {name: PS1_i, datatype: float64}
# - {name: PS1_r, datatype: float64}
# - {name: PS1_w, datatype: float64}
# - {name: PS1_y, datatype: float64}
# - {name: PS1_z, datatype: float64}
# - {name: swift_uvot_B, datatype: float64}
# - {name: swift_uvot_U, datatype: float64}
# - {name: swift_uvot_uvm2, datatype: float64}
# - {name: swift_uvot_uvw1, datatype: float64}
# - {name: swift_uvot_uvw2, datatype: float64}
# - {name: swift_uvot_V, datatype: float64}
# - {name: johnson_B, datatype: float64}
# - {name: johnson_I, datatype: float64}
# - {name: johnson_R, datatype: float64}
# - {name: johnson_U, datatype: float64}
# - {name: johnson_V, datatype: float64}
# - {name: sdss_g, datatype: float64}
# - {name: sdss_i, datatype: float64}
# - {name: sdss_r, datatype: float64}
# - {name: sdss_u, datatype: float64}
# - {name: sdss_z, datatype: float64}
# - {name: ATLAS_c, datatype: float64}
# - {name: ATLAS_o, datatype: float64}
# - {name: ukirt_H, datatype: float64}
# - {name: ukirt_J, datatype: float64}
# - {name: ukirt_K, datatype: float64}
# - {name: Clear, datatype: float64}
# meta: !!omap
# - comment: [kappa = 1.0, type = rprocess, mass = 0.006451950121499907, velocity = 0.030000000000000023, theta_obs = 0.0, tfloor = 1000.0]
# schema: astropy-2.0
time PS1_g PS1_i PS1_r PS1_w PS1_y PS1_z swift_uvot_B swift_uvot_U swift_uvot_uvm2 swift_uvot_uvw1 swift_uvot_uvw2 swift_uvot_V johnson_B johnson_I johnson_R johnson_U johnson_V sdss_g sdss_i sdss_r sdss_u sdss_z ATLAS_c ATLAS_o ukirt_H ukirt_J ukirt_K Clear
[from data line 170]
10.280561122244489 -4.368623046036877 -8.618908464071051 -6.992638786815437 -7.435738682605422 -10.126359237645737 -9.548748526708017 -2.674388499261716 -0.017782229451856812 8.372083540507532 0.9443878364478846 2.844871782011339 -5.544008834821537 -2.9956752531977 -9.517259671874083 -7.79035149576296 -0.4089474824482874 -5.79158155341785 -3.9741621171110886 -8.584404414656621 -6.934417886671476 0.64518609194403 -9.734356958088402 -5.769886920654361 -7.9290039706085835 -11.867922079544735 -11.177732606158555 -12.183449431468032 -8.251577734500746
10.34068136272545 -4.293954002425515 -8.572841041942976 -6.935018982247616 -7.386009167923895 -10.092638510594885 -9.510012966921355 -2.5886401100869625 0.09179902426122788 8.524202408383875 1.0303929235834457 2.930982945775963 -5.47536690343889 -2.9136421060899704 -9.474990945427468 -7.738490795355546 -0.30294861487109903 -5.725722262572217 -3.8968936685735933 -8.53801812215428 -6.876022117089384 0.7536712833833015 -9.697471905888193 -5.706702447767036 -7.879650522264097 -11.853120250286347 -11.154274886099012 -12.174681606207363 -8.209761835777094
10.400801603206412 -4.219314664091893 -8.52675837372809 -6.877402717066872 -7.336303926966288 -10.05888730617924 -9.471251417920108 -2.5029306571926844 0.20131664480761224 8.676056858023063 1.1162194369699567 3.0169699656254747 -5.4067315488910355 -2.8316664347767113 -9.432704955608255 -7.686650791705952 -0.19700942066671379 -5.659883987159781 -3.819658596119311 -8.491617216216554 -6.817626610434413 0.8621001005290196 -9.660564346178422 -5.643550393120957 -7.83030899512454 -11.83827736819415 -11.13078092860343 -12.16587237041258 -8.167976701540685
10.460921843687375 -4.144703111587873 -8.480659584049253 -6.819788728417997 -7.286621429389317 -10.025105099261093 -9.432463221840948 -2.4172579629677413 0.31077361419088256 8.827651878217392 1.201872536825093 3.1028378357102473 -5.3381012488470185 -2.749746066109648 -9.390400927368294 -7.634830331419853 -0.0911271211945962 -5.594065255415274 -3.7424549001940655 -8.445200814416758 -6.759230113083081 0.9704753505665309 -9.62363366620366 -5.5804289614741975 -7.780978211997844 -11.823393287402977 -11.107250433649527 -12.157021661063306 -8.126220886711089
10.521042084168336 -4.070117552943735 -8.434543876307394 -6.762175851113916 -7.236960242220878 -9.99129142474155 -9.393647788159356 -2.3316199933294532 0.4201727311024863 8.978992206299253 1.2873571279076939 3.1885912875171987 -5.269474594895017 -2.667878966519734 -9.348078158846793 -7.583028351431705 0.014700886066314589 -5.52826470668261 -3.6652807129700093 -8.39876811360952 -6.700831469758821 1.0787996616185502 -9.586679318300924 -5.517336471460883 -7.7316570830356035 -11.808467897029987 -11.083683147366086 -12.148129442453184 -8.08449303519847
10.581162324649299 -3.9955534428142236 -8.38840859390995 -6.704560698472495 -7.187316974833209 -9.957444345966184 -9.354802896479928 -2.246011610864552 0.5295206445954295 9.130087744138194 1.372681100256799 3.27423804264155 -5.200847608378035 -2.586060120943156 -9.305734208253444 -7.531241753210137 0.1204809429093846 -5.462478501549588 -3.588131331820943 -8.352316440677825 -6.64242727819051 1.187079481020561 -9.54969918453294 -5.4542688557820185 -7.682342561772337 -11.793500215207258 -11.060077669829392 -12.139195000185337 -8.042790088052048
10.64128256513026 -3.9210152523826736 -8.342257141976024 -6.646947137956811 -7.137694673764354 -9.92356671282975 -9.315931631335292 -2.160437840113004 0.6388113748029769 9.280931433840301 1.4578421125447787 3.359775550780452 -5.132224707283773 -2.504294284051291 -9.263372302179135 -7.479474088246428 0.2262071341290085 -5.396710903350816 -3.51101133919574 -8.305849217060786 -6.584021471764601 1.2953087403418273 -9.512696258773783 -5.391229873916252 -7.633037996186314 -11.778492090641953 -11.036436326307724 -12.130219825620967 -8.001114602520829
10.701402805611222 -3.8464984003497804 -8.296086827070877 -6.589331744914446 -7.088089933126742 -9.88965655548169 -9.277031737153258 -2.0748935031099967 0.748051611528471 9.431533233225245 1.5428479012245337 3.4452113667282416 -5.063601871260464 -2.4225764034398662 -9.220989963322765 -7.427722223232583 0.33188584452956926 -5.330958033629522 -3.433915996277701 -8.259363732729952 -6.525610609269918 1.40349393194672 -9.47566838925086 -5.328215432514405 -7.583740307652125 -11.763442520160455 -11.012757689553341 -12.121203187365753 -7.959463512724163
10.761523046092185 -3.7720014172262673 -8.249897043512497 -6.531713595283115 -7.038501572502707 -9.855713551229837 -9.238102784423337 -1.989376928890546 0.8572436833168953 9.581897239181881 1.6277026107523267 3.530549437747134 -4.994977974791806 -2.340904799601344 -9.17858666638714 -7.3759853179755135 0.43751922715210123 -5.265218808375544 -3.3568437690211717 -8.212859376774038 -6.467193777884308 1.5116372276350454 -9.438615183966377 -5.265224141524687 -7.534448622746801 -11.748351474266892 -10.989041613846789 -12.11214511283515 -7.917835696933757
10.821643286573146 -3.6975224631157566 -8.203686929960678 -6.47409146233997 -6.988928152780236 -9.821737173317686 -9.199144118296214 -1.9038860288998827 0.9663904330295383 9.73202823544797 1.7124107104546131 3.615794034012169 -4.926351542851919 -2.2592773931528005 -9.13616164653001 -7.324262255642158 0.5431099358959625 -5.1994918074888625 -3.279792742376735 -8.166335281315842 -6.408769758319632 1.619741311390861 -9.401536033993949 -5.202254292425419 -7.485161802480249 -11.733218802062718 -10.965287793966494 -12.103045534820714 -7.876229811399824
10.881763527054108 -3.6230611956747794 -8.157456627677888 -6.416465321105438 -6.939369306373422 -9.787727685237435 -9.160155960414631 -1.8184204025814232 1.0754926019212265 9.881928194209003 1.7969749107320792 3.700947653185868 -4.8577224928275635 -2.1776937268243874 -9.0937150759327 -7.27255301963335 0.6486585862919615 -5.13377695395105 -3.2027625437320317 -8.1197915865447 -6.350338546574896 1.727806785856707 -9.364431174694055 -5.139305477659217 -7.435879766658893 -11.718044818812741 -10.941496538846385 -12.093904748805214 -7.834645448436532
10.941883767535069 -3.5486158357644015 -8.11120530442862 -6.358833985418304 -6.889823646830084 -9.753684579268178 -9.121137678594149 -1.7329780298025377 1.1845529390794065 10.031601775035167 1.881399447703061 3.7860143236413326 -4.789089398625291 -2.096151788796718 -9.051246215984936 -7.220856530563176 0.7541677443809004 -5.06807287617258 -3.125751321379653 -8.073227453973537 -6.29189896384327 1.835836246383593 -9.327300019086202 -5.07637604629835 -7.386601413432672 -11.70282938308027 -10.917667556550333 -12.08472269455516 -7.793081315987926
11.002004008016032 -3.4741852543893437 -8.06493256011306 -6.301196788626058 -6.840290255258772 -9.719607687212086 -9.082089017665531 -1.6475576232420075 1.2935732788989187 10.181052414761368 1.965687753104373 3.870997261804018 -4.7204514366224375 -2.014650271931768 -9.008754731675605 -7.169172184725377 0.8596390898734075 -5.0023787840282425 -3.0487578934490323 -8.026642479640866 -6.233450356541201 1.9438313835924248 -9.290142343376022 -5.013464913494747 -7.337326099028889 -11.687572553161283 -10.893800818555784 -12.075499467104914 -7.751536531916834
11.062124248496994 -3.399768669749932 -8.018638223060233 -6.243553339811054 -6.790768463951942 -9.68549701951618 -9.043009921194205 -1.562158286974401 1.4025549652828142 10.330282898391655 2.049842798614741 3.9558992176008947 -4.651808103576152 -1.9331882453976805 -8.966240501081028 -7.117499630454483 0.9650738278964855 -4.936694196527786 -2.971781435937846 -7.980036489299014 -6.1749923498175185 2.051793403783435 -9.25295811512754 -4.950571297453603 -7.288053422772425 -11.672274491872495 -10.869896434498363 -12.066235242515473 -7.710010435134009
11.122244488977955 -3.325364695232196 -7.972321708559829 -6.185902757011519 -6.741257178970059 -9.65135225828794 -9.003899969664406 -1.4767784432433395 1.5115001852421452 10.479297137560227 2.1338681587078594 4.040723545745749 -4.583158328449291 -1.851764124828165 -8.923703015613793 -7.065838067175741 1.0704739834147037 -4.871018086237108 -2.8948205024381046 -7.933408893504943 -6.116524071800402 2.1597243512283093 -9.215746952341117 -4.8876938945261905 -7.238782552636618 -11.656935167131477 -10.845954257798239 -12.056930045023398 -7.6685019963333545
11.182364729458918 -3.250972271172774 -7.9259826468409145 -6.128244417820827 -6.691755543015283 -9.617173253644804 -8.964758930497059 -1.3914168828482787 1.6204106638692652 10.628098429606695 2.2177669756523604 4.12547316343996 -4.5145013417550865 -1.7703766803560088 -8.881141967184522 -7.01418693169692 1.1758411344788722 -4.805349716801321 -2.817873983554442 -7.886759318968206 -6.05804491296805 2.2676258141591 -9.178508653045245 -4.8248316865683805 -7.189512885538978 -11.641554645101058 -10.821974271770232 -12.04758397503612 -7.627010394551874
11.242484969939879 -3.1765906965828883 -7.879620904745046 -6.070577985111125 -6.642262957485503 -9.582960040928423 -8.92558677711925 -1.306072800964052 1.7292876198492382 10.776689401249012 2.3015419291109045 4.2101505189460084 -4.445836705497357 -1.68902507054613 -8.838557268439857 -6.962545921268391 1.281176369037016 -4.739688671441226 -2.7409411395505145 -7.840087630332615 -5.999554552252722 2.375498880529623 -9.141243213554304 -4.761983968112791 -7.140244069649402 -11.626133100244543 -10.797956602952963 -12.038197216843328 -7.585535035946052
11.302605210420841 -3.1022191492917273 -7.833236262378787 -6.012903020542595 -6.592778741106908 -9.548712585138901 -8.886383405754295 -1.2207452561654464 1.8381324377368993 10.925072904197442 2.3851957722853894 4.294758132405448 -4.377163865428433 -1.6077083234251826 -8.79594875045716 -6.910914640419031 1.3864809374437104 -4.674034421747046 -2.664021106247194 -7.793393605095975 -5.941052566003897 2.483344804606862 -9.103950555823666 -4.699149930650286 -7.090975664537904 -11.610670664423333 -10.773901322328763 -12.028769921299672 -7.544075256925087
11.362725450901802 -3.0278565466356255 -7.786828319163828 -5.955218872338062 -6.543302031045819 -9.514430706647836 -8.847148553094293 -1.1354330133305546 1.9469468632904887 11.073252273231994 2.468731487759506 4.379298753990582 -4.30848202090034 -1.526425186097246 -8.753316074938226 -6.859292498755061 1.4917564420130947 -4.6083862025883855 -2.5871127515813974 -7.746676839161655 -5.882538314388732 2.591165200693677 -9.06663044827134 -4.636328542116015 -7.041707042723377 -11.595167383102234 -10.749808387585594 -12.019302171854347 -7.502630238357657
11.422845691382765 -2.953501957055771 -7.740396771474973 -5.8975250069792295 -6.493832075292456 -9.480114300713858 -8.807882039547135 -1.0501350076925065 2.055732426897201 11.221230559839515 2.552151833514689 4.463774905763046 -4.23979050918516 -1.4451745696633227 -8.710658993773325 -6.807679013796542 1.597004277363332 -4.542743382035572 -2.510215099404043 -7.699937025958903 -5.824011277038927 2.6989614713181886 -9.02928273989211 -4.573518903248672 -6.99243768116002 -11.579623344896815 -10.725677813822399 -12.009794085205987 -7.461199259530833
11.482965931863728 -2.8791553918902757 -7.693941947084486 -5.839821647435226 -6.444368794331226 -9.445763760172365 -8.768584237627373 -0.9648512376602902 2.164489334017752 11.369009064192849 2.6354584720225387 4.548188000080589 -4.1710895453627765 -1.3639564042160084 -8.667977848610786 -6.756074392584417 1.7022245535131364 -4.477106172721645 -2.43332814471632 -7.653174493724499 -5.7654716990537125 2.8067337066868525 -8.991907810816535 -4.510720932535914 -6.9431677213752785 -11.564038930814442 -10.70151000212263 -12.000246004722912 -7.419782185294768
11.543086172344688 -2.8048154592302232 -7.647463222394748 -5.782107882526901 -6.3949111155062255 -9.41137872388321 -8.729254685055192 -0.8795801194447173 2.273219752842497 11.51659169240602 2.7186545650711307 4.632540964192234 -4.102378030878769 -1.2827691044157634 -8.625272091315274 -6.7044778076015925 1.8074192867677463 -4.411473523986175 -2.3564504380016515 -7.6063886143114345 -5.7069186775367164 2.9144839453167037 -8.954505237944321 -4.44793333585606 -6.893896309368905 -11.548414076020313 -10.677304766533345 -11.990657927294633 -7.378378020359833
11.603206412825651 -2.730481481485967 -7.600960451090657 -5.724383373448454 -6.345458476354331 -9.376959206434794 -8.689893336617995 -0.7943208746775909 2.3819248471393806 11.6639810228402 2.8017424350281854 4.716835875402619 -4.033655531475351 -1.2016118571420302 -8.582541619471897 -6.652888953153291 1.912589519846264 -4.345845024495547 -2.279581265537338 -7.5595792394465455 -5.648351888696617 3.0222132312482763 -8.917074999430294 -4.3851554390698055 -6.8446230941739294 -11.53274893623111 -10.65306221237991 -11.981030020748003 -7.3369862141569975
11.663326653306612 -2.656152836618997 -7.554433519873225 -5.6666478229882955 -6.296010356660293 -9.342505246895279 -8.650500174929991 -0.7090727876482916 2.4906056993667214 11.811179531000274 2.8847242958733514 4.801074700025222 -3.964921662034649 -1.1204839096553736 -8.539786361081998 -6.601307561108965 2.017736217823607 -4.280220310366471 -2.202719971094087 -7.512746254095397 -5.589771050699621 3.1299225295095745 -8.879617100134105 -4.322386617763989 -6.795347761639121 -11.51704368048257 -10.628782463160745 -11.971362462907356 -7.295606254474976
11.723446893787575 -2.5818291505960467 -7.507882478506822 -5.6089011307391345 -6.246566414747257 -9.30801701171383 -8.611075324452688 -0.6238354223339926 2.5992630409700013 11.958189233997857 2.9676020437822186 4.8852590809701155 -3.8961762665733284 -1.0393847772255642 -8.497006396113502 -6.549733542123016 2.122860006366476 -4.214599238051055 -2.1258661540779933 -7.465889707195643 -5.531176080806599 3.2376124585488775 -8.842131681249441 -4.259626463595367 -6.746070170506471 -11.50129855176768 -10.604465740514398 -11.96165548861101 -7.254237785480129
11.783567134268537 -2.507509651699209 -7.461307103998465 -5.551142872681734 -6.197126029575717 -9.273494450019033 -8.571618669511327 -0.5386078942827688 2.7078981574433314 12.10501288560829 3.0503779695144932 4.969391059997058 -3.8274188147670545 -0.9583135462106933 -8.45420154915849 -6.498166511775588 2.2279620500890007 -4.148981304403969 -2.049019004723718 -7.419009373527565 -5.472566568562556 3.345284187953368 -8.804618652950715 -4.196874225878595 -6.696789895914623 -11.485513663845824 -10.580112096314627 -11.951909232104947 -7.2128802107361345
11.843687374749498 -2.4331935496884505 -7.414707156550531 -5.493372606831564 -6.147688569695973 -9.238937496058561 -8.532130078618128 -0.45338929815174395 2.8165123570378547 12.25165327309259 3.1330543419242933 5.0534726561880525 -3.7586487562644537 -0.8772692835038536 -8.411371628688784 -6.4466060691290155 2.3330435368851954 -4.083365987351965 -1.972177694481978 -7.372105011025631 -5.413942085163228 3.4529389114635123 -8.767077910181982 -4.134129139584353 -6.6475064976647324 -11.4696891206197 -10.555721570040431 -11.94212381969068 -7.171532926468931
11.90380761523046 -2.3588809645603703 -7.368083006980992 -5.435590622096562 -6.0982540510083005 -9.20434656562204 -8.492609954565467 -0.36817975511053475 2.925105668820809 12.398111503477157 3.215632391275634 5.13750483334444 -3.6898663893329458 -0.7962520382083265 -8.368517013429361 -6.395052477683277 2.438104414431901 -4.017753579952054 -1.8953423322365914 -7.3251769915054865 -5.3553029416620035 3.56057655539626 -8.729509861472717 -4.071391228005723 -6.598220176517948 -11.453825308607593 -10.531294574508506 -11.932299596415453 -7.130195891080806
