web/models/mosfit_kne/mosfit_kn_1.0000/mosfit_kn_0.117276_0.2650_1.0000.dat
# %ECSV 1.0
# ---
# datatype:
# - {name: time, datatype: float64}
# - {name: PS1_g, datatype: float64}
# - {name: PS1_i, datatype: float64}
# - {name: PS1_r, datatype: float64}
# - {name: PS1_w, datatype: float64}
# - {name: PS1_y, datatype: float64}
# - {name: PS1_z, datatype: float64}
# - {name: swift_uvot_B, datatype: float64}
# - {name: swift_uvot_U, datatype: float64}
# - {name: swift_uvot_uvm2, datatype: float64}
# - {name: swift_uvot_uvw1, datatype: float64}
# - {name: swift_uvot_uvw2, datatype: float64}
# - {name: swift_uvot_V, datatype: float64}
# - {name: johnson_B, datatype: float64}
# - {name: johnson_I, datatype: float64}
# - {name: johnson_R, datatype: float64}
# - {name: johnson_U, datatype: float64}
# - {name: johnson_V, datatype: float64}
# - {name: sdss_g, datatype: float64}
# - {name: sdss_i, datatype: float64}
# - {name: sdss_r, datatype: float64}
# - {name: sdss_u, datatype: float64}
# - {name: sdss_z, datatype: float64}
# - {name: ATLAS_c, datatype: float64}
# - {name: ATLAS_o, datatype: float64}
# - {name: ukirt_H, datatype: float64}
# - {name: ukirt_J, datatype: float64}
# - {name: ukirt_K, datatype: float64}
# - {name: Clear, datatype: float64}
# meta: !!omap
# - comment: [kappa = 1.0, type = rprocess, mass = 0.11727632184323686, velocity = 0.265, theta_obs = 0.0, tfloor = 1000.0]
# schema: astropy-2.0
time PS1_g PS1_i PS1_r PS1_w PS1_y PS1_z swift_uvot_B swift_uvot_U swift_uvot_uvm2 swift_uvot_uvw1 swift_uvot_uvw2 swift_uvot_V johnson_B johnson_I johnson_R johnson_U johnson_V sdss_g sdss_i sdss_r sdss_u sdss_z ATLAS_c ATLAS_o ukirt_H ukirt_J ukirt_K Clear
[from data line 56]
3.4268537074148293 -13.63991764875017 -15.579065622446286 -14.883724557256315 -14.84602468969122 -16.112603919056472 -15.924663452864909 -12.803408683636334 -12.033016010890467 -7.482637817468965 -10.06881768208201 -8.104553519700438 -14.272298338365054 -12.903958213363168 -16.185750934619467 -15.298822118182962 -12.131946051459412 -14.353131752354729 -13.453055745901619 -15.570260157337401 -14.872171696934338 -11.252461210687095 -15.981382510002593 -14.201228298895323 -15.23220478297091 -16.41387264009502 -16.38090977551654 -16.280972551738074 -15.099244938253555
3.4869739478957915 -13.576406806177115 -15.549984387797373 -14.840898777437683 -14.80728020520326 -16.09750254933841 -15.904062685761229 -12.72780279841956 -11.92977656587109 -7.317010513250309 -9.959804290068526 -7.992888045012435 -14.217843457332286 -12.830549299902842 -16.160755052304296 -15.260580850127898 -12.033227146023428 -14.300388320224114 -13.386498862275555 -15.540804636536638 -14.828893109495134 -11.151547493418388 -15.962407686602411 -14.148689927451823 -15.196872888411264 -16.418542179802206 -16.376601232175823 -16.29163851965115 -15.067505898190543
3.5470941883767533 -13.511548279566075 -15.519778656299916 -14.796852247551548 -14.767463625006858 -16.08139046771301 -15.882403216899199 -12.650746675923756 -11.8248999397745 -7.149489262605882 -9.849957526849344 -7.880761817105956 -14.162065276652786 -12.755734746701343 -16.134670501120507 -15.221179499385606 -11.93289119497247 -14.246353975763862 -13.318573007167505 -15.51022168749645 -14.78438331720712 -11.048989624243397 -15.942393609409873 -14.094928918343719 -15.160409553415501 -16.42239334028703 -16.371385397131455 -16.301548602989776 -15.034792167372562
3.6072144288577155 -13.445376038583028 -15.488477364450084 -14.751615983566264 -14.726606215300286 -16.064294603637972 -15.859712712675993 -12.572275680557798 -11.71842485697578 -6.980124361953524 -9.739329697405594 -7.768214969115682 -14.104996033645556 -12.679550361220308 -16.10752571603455 -15.18064916694745 -11.830976299692761 -14.191061224826187 -13.249312555926966 -15.478540304392041 -14.738673256556023 -10.944825779939915 -15.921367877902632 -14.039978422445838 -15.12284542002714 -16.425450816429375 -16.36528792859579 -16.3107270004531 -15.001134401848919
3.6673346693386772 -13.377883486016326 -15.456082310949242 -14.705188500371733 -14.68470839245354 -16.046220210864988 -15.835995013118911 -12.492379880490898 -11.610333962185972 -6.80888590518187 -9.6279145973757 -7.655227835528308 -14.046630907266106 -12.60198754389981 -16.079323593943393 -15.138990274494414 -11.7274662425094 -14.134506206030808 -13.178710128635682 -15.44576219756948 -14.691761179949978 -10.839038952354603 -15.899334907396163 -13.983835335055073 -15.084181583660108 -16.427725366468323 -16.35831703382646 -16.319186325586973 -14.966535171087294
3.727454909819639 -13.30904112710007 -15.422579822615035 -14.657549866578172 -14.641753204895469 -16.027160121726975 -15.811240331066081 -12.411023798035227 -11.500578378144208 -6.635699395322166 -9.515674016851818 -7.5417483548560185 -13.98694406882565 -12.523012692023169 -16.05005245800789 -15.096185857123078 -11.622314246285967 -14.076664468763711 -13.106734788745804 -15.411873524173991 -14.643626780594072 -10.731581075545034 -15.876285855292558 -13.926476114346826 -15.044402388975673 -16.429219692434454 -16.350470879804053 -16.3269324691052 -14.930981277824404
3.787575150300601 -13.238863630835773 -15.387985079741977 -14.608715124189153 -14.597756748213246 -16.00712978240125 -15.785463950163425 -12.328221519694893 -11.389171084347929 -6.460579949096917 -9.402632755185856 -7.427787918247017 -13.92594985027393 -12.442640781548263 -16.019727661560143 -15.052251876813251 -11.515533391258518 -14.017550957122145 -13.033401119865466 -15.376889461950327 -14.594284930328545 -10.622464924802859 -15.852236222757679 -13.867916459546699 -15.003523797156788 -16.429950256663798 -16.34176541658176 -16.333982395381042 -14.894489415590755
3.847695390781563 -13.167347756696515 -15.352301136268984 -14.558684876067272 -14.552721464219669 -15.98613487773795 -15.758670459107105 -12.243967170709997 -11.276100446517976 -6.28350786682397 -9.288790049821962 -7.31333185646394 -13.863646159325455 -12.360867241821708 -15.988353127477819 -15.007190673933206 -11.407112898679543 -13.957164511659437 -12.95870528358563 -15.340812999252957 -14.54373597640835 -10.511679032949832 -15.82719110089931 -13.80815605399274 -14.961548636135475 -16.429927130785412 -16.332208672477275 -16.340347706476287 -14.857063849993466
3.9078156312625247 -13.094478280389392 -15.315522841174793 -14.50745000521973 -14.506640668660822 -15.964174447217125 -15.730857183095512 -12.158241535359775 -11.161338440449686 -6.104440553425941 -9.174128441023122 -7.198348603113342 -13.80001986448238 -12.277674461670149 -15.955925035445155 -14.96099543365337 -11.297026088636894 -13.895493164459152 -12.882631121931603 -15.303638878071357 -14.491970483954155 -10.39919577051073 -15.801148511426053 -13.747183873603745 -14.918470900556304 -16.429155985515052 -16.32180325463187 -16.346036292383253 -14.818700558699973
3.967935871743487 -13.02023884622141 -15.277644023092254 -14.455000326481393 -14.459506722994906 -15.941246571646133 -15.702020460884896 -12.071024206575888 -11.0448557470896 -5.923334212764202 -9.05862914959684 -7.082805234836233 -13.735056695020528 -12.193043695137241 -15.922438568040793 -14.91365833933581 -11.18524499738352 -13.832523850027892 -12.805161334780557 -15.265360818724005 -14.438977938436519 -10.284986201293247 -15.774105507542888 -13.684987850936032 -14.874283590992494 -16.427641647777055 -16.31055087379977 -16.35105524090441 -14.779394638193004
4.028056112224449 -12.944604614202895 -15.238652639030157 -14.401318732428194 -14.411305558426442 -15.917344552589974 -15.672151416416593 -11.982285337321692 -10.926611487665667 -5.740129162229606 -8.942261951150137 -6.966657386201213 -13.66873452223632 -12.10694699609132 -15.88788336278719 -14.865165075671857 -11.071730435596507 -13.768235827539142 -12.726269904518368 -15.225966641092139 -14.384740853128815 -10.169009971724599 -15.746054070397655 -13.621548357371065 -14.8289734339561 -16.425385760437138 -16.298449330735405 -16.355408949818738 -14.739135372226269
4.0881763527054105 -12.867571783200376 -15.198550322024804 -14.346404740965486 -14.362038723007142 -15.892472350442102 -15.641253022138404 -11.892018732879734 -10.806594347809888 -5.554808639873204 -8.825025711886632 -6.849889725616304 -13.601050349583527 -12.019379590518312 -15.852261851603686 -14.815516963249362 -10.956471826002627 -13.702627116863171 -12.64595250602591 -15.185457921984007 -14.32925846822883 -10.051255819211953 -15.71699767732147 -13.556864403104303 -14.782542148526847 -16.422396323295324 -16.285504739606935 -16.35910686709799 -14.697926113736983
4.148296593186372 -12.789180986147723 -15.15736790644926 -14.290293185305227 -14.311740704089733 -15.866656834610584 -15.609353649659177 -11.800268101055568 -10.684855184818183 -5.3674451127468386 -8.706979208722334 -6.732546386463984 -13.532041763945283 -11.930385504331586 -15.815603818361687 -14.764748478651637 -10.839518807988792 -13.635735474768145 -12.564250604234335 -15.143865607658498 -14.272565573155429 -9.93177372766338 -15.686964446788192 -13.490974323455784 -14.735023268752627 -16.418695191692066 -16.271741190789015 -16.362169530199587 -14.65579981991663
4.208416833667335 -12.70940194592713 -15.115089090981932 -14.232962228974433 -14.260392978675487 -15.83988754578872 -15.576440459866099 -11.706997715343743 -10.561346259431605 -5.177970634234977 -8.588083794943344 -6.61457432003829 -13.461681444988375 -11.839931098702191 -15.777894800285363 -14.712840853126245 -10.720825491054093 -13.567535111422265 -12.481132639756627 -15.101173247298032 -14.214639916268936 -9.810516536698604 -15.655942480064944 -13.42385351116473 -14.686399144497067 -16.414280990095143 -16.257153131229476 -16.364598557732283 -14.612741644037914
4.268537074148297 -12.628246079993382 -15.071724982783525 -14.174423177280229 -14.20800795646798 -15.812175535422579 -15.542524457708868 -11.612218668769529 -10.436078155697857 -4.986401004095884 -8.468357099573698 -6.495976471356414 -13.389980149490512 -11.748028528108318 -15.739146010445168 -14.659806443036427 -10.60040247407467 -13.498037526168714 -12.396610019321646 -15.057391956207358 -14.15549260545463 -9.687494538513022 -15.62394301379669 -13.355514271070366 -14.6366819927513 -16.409165373085003 -16.241751897933234 -16.3664060081839 -14.568764553837976
4.328657314629258 -12.545700805518631 -15.027270612599803 -14.114668080328432 -14.15458007256861 -15.783519056895834 -15.507602549880133 -11.515915200311053 -10.309028204003603 -4.792705054490692 -8.347783793323256 -6.376723037118136 -13.316926610828645 -11.654663719037156 -15.69935355516786 -14.605639529370873 -10.478228124360324 -13.427232675642172 -12.310669444226523 -15.012516686196768 -14.09511536262114 -9.562685244772133 -15.590963593522229 -13.28594759646112 -14.585866637511113 -16.403351927480273 -16.225538608673347 -16.367597323608805 -14.523865310893775
4.38877755511022 -12.461666649980572 -14.981663224009587 -14.053619504793566 -14.100039308375116 -15.75387067897788 -15.471621151716377 -11.417974105315125 -10.180052765182666 -4.596680224714993 -8.226233128464138 -6.256670099139775 -13.24242985665726 -11.559727489210875 -15.658459334178502 -14.55026927273445 -10.354163558618314 -13.355032594283427 -12.22320812961092 -14.96648428006841 -14.033429932452002 -9.435946873575851 -15.556952781072546 -13.215067608705287 -14.533885342265815 -16.39681611271756 -16.208478259043186 -16.368155214874097 -14.477982834671383
4.448897795591182 -12.376258596383103 -14.93498204267583 -13.991371121287113 -14.044474552067179 -15.723294865131852 -15.434650509352803 -11.31852284704274 -10.049307378928845 -4.398549922205713 -8.103859288797395 -6.135955997590749 -13.16659535026653 -11.463345710296519 -15.61653834943516 -14.493785285112335 -10.228359812267726 -13.281541460894351 -12.134344209286478 -14.919374364457756 -13.970530354715258 -9.307432589220408 -15.521979266117256 -13.142978119901212 -14.480824420942469 -16.389601732226208 -16.19062402039212 -16.368117376785257 -14.431198666054605
4.509018036072144 -12.289463916291279 -14.887221517999354 -13.92791458136804 -13.987879781381203 -15.691789103948892 -15.396686833523034 -11.21754567562408 -9.916769709138045 -4.198284741538017 -7.980644944124222 -6.0145491394903985 -13.089411541143427 -11.365504373177554 -15.57358608252618 -14.436181481611634 -10.100795548696635 -13.206748992389768 -12.044064279610271 -14.871181315794093 -13.906407946468882 -9.1771202114003 -15.48603989714941 -13.069669853997272 -14.426678252581926 -16.381711347793072 -16.17197610900707 -16.36748815459915 -14.38350904957474
4.569138276553106 -12.201219399363854 -14.838342443368173 -13.863201112396855 -13.93021163312282 -15.65932425479616 -15.357696908981477 -11.114970219106183 -9.782347165403369 -3.9957562486347014 -7.856506659823079 -5.892352896298622 -13.010820492516004 -11.266134268951745 -15.529566445068792 -14.377413950892041 -9.971381320468044 -13.130599603137243 -11.952302951487521 -14.8218656680959 -13.841013299770974 -9.044918242648894 -15.449102987694925 -12.995088934332788 -14.371404872503106 -16.373131138202105 -16.1525136906827 -16.366258669871435 -14.33487679396574
4.629258517034068 -12.11148797454964 -14.788322774634697 -13.797202709601866 -13.871446118592754 -15.625884631229354 -15.317662440915587 -11.010753466134855 -9.64598373708883 -3.790888695251378 -7.731395991769041 -5.769305552857048 -12.93078813035254 -11.165194921941225 -15.484459423947705 -14.317458302233927 -9.840063113221664 -13.053061089774419 -11.85902177447657 -14.771405217230154 -13.77431790889613 -8.91077122044786 -15.411151330778257 -12.91920462060828 -14.314981035742402 -16.36385540513872 -16.13222648177567 -16.364426540220794 -14.28528212800165
4.68937875751503 -12.020336350773118 -14.737209231884805 -13.729974226247705 -13.811635703005276 -15.591508685268227 -15.27662508980196 -10.904968964941173 -9.50776831054128 -3.5838118407452617 -7.6053985634126775 -5.645477810336587 -12.84937560783175 -11.06275954847549 -15.438309439761124 -14.256367701216803 -9.706927370786957 -12.974194296934483 -11.764289209324197 -14.71984691253228 -13.706376738121211 -8.77476663198303 -15.372225843661944 -12.842077735610484 -14.257457920839407 -16.353911265968485 -16.11114673373251 -16.36201563146132 -14.234773649021086
4.749498997995992 -11.92776753938869 -14.685006160185576 -13.661519569807279 -13.750785655328013 -15.556201371910863 -15.234589490424355 -10.797618820553627 -9.36770107806744 -3.374530001021692 -7.478515730393198 -5.52085735089474 -12.766585621986899 -10.95883166488575 -15.391121168029215 -14.194147599494269 -9.571974567913852 -12.894002944950207 -11.668108116245559 -14.667195092539753 -13.637193437735924 -8.63690448822064 -15.33233153151837 -12.763712776920482 -14.198840864018347 -16.343305239652267 -16.089280226210132 -16.35903317889674 -14.183357635835367
4.809619238476953 -11.833730973606507 -14.631682186986907 -13.591799741010107 -13.688861752344916 -15.5199394111734 -15.191529059698947 -10.688645010183581 -9.225707608080302 -3.1629425818333194 -7.350679753475067 -5.3953640638881275 -12.682371594356471 -10.853356223247722 -15.342865793193152 -14.130763355038624 -9.435132824619476 -12.812442667763973 -11.570426179107596 -14.61341818000605 -13.566728420321414 -8.497111145269187 -15.291443142040464 -12.684066979101516 -14.13909668631062 -16.332026565283947 -16.06661046658564 -16.355472523760422 -14.131005084773989
4.869739478957916 -11.738181113194273 -14.577209128040316 -13.520779666582694 -13.625833521730133 -15.482701968841042 -15.147419948898015 -10.577995173417396 -9.081720579308765 -2.948959812727561 -7.221829952141849 -5.268925152893122 -12.59669146426835 -10.746283778666509 -15.29351747780246 -14.06618407066863 -9.296337138868822 -12.729473571580916 -11.471196270999915 -14.558487806534472 -13.494946038851268 -8.355319939730528 -15.249538085217278 -12.603102049877766 -14.078195778267926 -16.32006589591876 -16.043122846357427 -16.351328114812592 -14.07769040392795
4.929859719438878 -11.641206085431719 -14.521647559607231 -13.448531129370256 -13.56176856394205 -15.444538119028373 -15.102315733500031 -10.465767138189747 -8.935859299455817 -2.7327552689170203 -7.092074834260327 -5.141634652140365 -12.509626054908775 -10.63771117971758 -15.243133542058882 -14.000478685327213 -9.155703474604994 -12.64517569934794 -11.37050895747203 -14.502464864907196 -13.421918334778269 -8.211648448872833 -15.20666878998826 -12.520897400612245 -14.01620432276859 -16.30745613188322 -16.018857622008884 -16.34662809356017 -14.023475448620442
4.98997995991984 -11.542779311176652 -14.46498173011527 -13.375034131617909 -13.49665006980084 -15.405436694021972 -15.056203335111 -10.35192994272241 -8.788083143540248 -2.5142772998747303 -6.961375948775856 -5.013442186835849 -12.421150727468017 -10.527609823897425 -15.191699761877164 -13.933630376527823 -9.013192728516916 -12.55952616803375 -11.268336661970597 -14.445333493642742 -13.347624860017895 -8.06605639100443 -15.16282308997491 -12.437431317398797 -13.953106153038064 -16.294193493022778 -15.993807629268879 -16.341371202438793 -13.968346711553643
5.050100200400801 -11.44280367638812 -14.407148825718163 -13.300212151098307 -13.430409599126492 -15.365349364813952 -15.00902855409823 -10.236373388426944 -8.638253125875295 -2.2933367773531748 -6.829606818379226 -4.884211127214314 -12.331175833289365 -10.41587407832543 -15.139157811490016 -13.865569648539903 -8.868670398131854 -12.472438754277862 -11.164579165856185 -14.387030507525846 -13.271988173765958 -7.918406320511409 -15.117948999953885 -12.352620061426105 -13.888834522399733 -16.280251661939037 -15.967936495303334 -16.335538190505897 -13.912244767910682
