web/models/mosfit_kne/mosfit_kn_1.0000/mosfit_kn_0.012011_0.2493_1.0000.dat
# %ECSV 1.0
# ---
# datatype:
# - {name: time, datatype: float64}
# - {name: PS1_g, datatype: float64}
# - {name: PS1_i, datatype: float64}
# - {name: PS1_r, datatype: float64}
# - {name: PS1_w, datatype: float64}
# - {name: PS1_y, datatype: float64}
# - {name: PS1_z, datatype: float64}
# - {name: swift_uvot_B, datatype: float64}
# - {name: swift_uvot_U, datatype: float64}
# - {name: swift_uvot_uvm2, datatype: float64}
# - {name: swift_uvot_uvw1, datatype: float64}
# - {name: swift_uvot_uvw2, datatype: float64}
# - {name: swift_uvot_V, datatype: float64}
# - {name: johnson_B, datatype: float64}
# - {name: johnson_I, datatype: float64}
# - {name: johnson_R, datatype: float64}
# - {name: johnson_U, datatype: float64}
# - {name: johnson_V, datatype: float64}
# - {name: sdss_g, datatype: float64}
# - {name: sdss_i, datatype: float64}
# - {name: sdss_r, datatype: float64}
# - {name: sdss_u, datatype: float64}
# - {name: sdss_z, datatype: float64}
# - {name: ATLAS_c, datatype: float64}
# - {name: ATLAS_o, datatype: float64}
# - {name: ukirt_H, datatype: float64}
# - {name: ukirt_J, datatype: float64}
# - {name: ukirt_K, datatype: float64}
# - {name: Clear, datatype: float64}
# meta: !!omap
# - comment: [kappa = 1.0, type = rprocess, mass = 0.012011244339858356, velocity = 0.24933333333333338, theta_obs = 0.0, tfloor = 1000.0]
# schema: astropy-2.0
time PS1_g PS1_i PS1_r PS1_w PS1_y PS1_z swift_uvot_B swift_uvot_U swift_uvot_uvm2 swift_uvot_uvw1 swift_uvot_uvw2 swift_uvot_V johnson_B johnson_I johnson_R johnson_U johnson_V sdss_g sdss_i sdss_r sdss_u sdss_z ATLAS_c ATLAS_o ukirt_H ukirt_J ukirt_K Clear
[from data line 232]
14.008016032064127 9.04530768172469 0.16347886852539517 3.638549646563245 1.6706258350592584 -3.359711179999856 -1.9420352151527354 12.58521425828916 19.24415835618408 33.132753660213254 15.20974088825863 17.72275739473828 7.004824374595475 11.38127694132297 -1.3900344378965555 1.5799983288284445 18.213157176932338 6.049802039426722 9.857847783039126 0.24473482063839924 3.867038306059669 19.745263886358906 -2.5154628271747193 5.6176262163058865 1.1652136916961098 -8.308698557915351 -6.1592092624256605 -9.668987238388523 -0.61526820870208
14.06813627254509 9.055151133370618 0.17332232017134075 3.6483930982091906 1.680469286705204 -3.3498677283539102 -1.9321917635067898 12.595057709935105 19.254001807830026 33.142597111859196 15.219584339904575 17.732600846384226 7.01466782624142 11.391120392968915 -1.3801909862506099 1.58984178047439 18.223000628578284 6.059645491072668 9.867691234685072 0.25457827228432706 3.8768817577056147 19.75510733800485 -2.5056193755287914 5.627469667951832 1.1750571433420376 -8.298855106269405 -6.149365810779715 -9.659143786742595 -0.6054247570561344
14.128256513026052 9.06495790487881 0.1831290916795325 3.6581998697173823 1.6902760582133958 -3.3400609568457185 -1.922384991998598 12.604864481443297 19.263808579338217 33.15240388336739 15.229391111412767 17.742407617892418 7.024474597749612 11.400927164477107 -1.3703842147424181 1.5996485519825818 18.232807400086475 6.069452262580859 9.877498006193264 0.2643850437925366 3.8866885292138065 19.764914109513043 -2.495812604020582 5.637276439460024 1.1848639148502293 -8.289048334761214 -6.139559039271523 -9.649337015234385 -0.5956179855479427
14.188376753507013 9.074728423020666 0.19289960982138865 3.6679703878592207 1.700046576355252 -3.33029043870388 -1.9126144738567419 12.614634999585153 19.273579097480066 33.16217440150925 15.239161629554623 17.752178136034274 7.0342451158914505 11.410697682618963 -1.360613696600562 1.609419070124438 18.242577918228314 6.079222780722698 9.88726852433512 0.27415556193437496 3.8964590473556626 19.7746846276549 -2.4860420858787435 5.64704695760188 1.1946344329920855 -8.279277816619375 -6.129788521129685 -9.639566497092547 -0.5858474674061043
14.248496993987976 9.084463110273848 0.20263429707457092 3.677705075112403 1.7097812636084164 -3.320555751450698 -1.9028797866035596 12.624369686838335 19.283313784733245 33.17190908876242 15.248896316807805 17.761912823287457 7.043979803144633 11.420432369872128 -1.3508790093473797 1.6191537573776025 18.252312605481496 6.08895746797588 9.897003211588284 0.28389024918755723 3.906193734608845 19.784419314908064 -2.4763073986255613 5.6567816448550445 1.2043691202452678 -8.269543129366193 -6.1200538338765025 -9.629831809839365 -0.576112780152922
14.308617234468937 9.094162382298201 0.21233356909892365 3.6874043471367735 1.719480535632787 -3.3108564794263273 -1.8931805145792069 12.634068958862688 19.29301305675761 33.18160836078678 15.258595588832158 17.77161209531181 7.053679075169003 11.430131641896498 -1.341179737323027 1.628853029401973 18.262011877505866 6.0986567400002505 9.906702483612655 0.29358952121190995 3.9158930066331976 19.794118586932434 -2.4666081266012085 5.666480916879415 1.2140683922696205 -8.259843857341822 -6.110354561852132 -9.620132537815012 -0.5664135081285515
14.3687374749499 9.10382664415879 0.22199783095951275 3.697068608997345 1.7291447974933583 -3.301192217565756 -1.8835162527186178 12.643733220723277 19.302677318618187 33.19127262264736 15.268259850692747 17.7812763571724 7.063343337029575 11.439795903757087 -1.3315154754624379 1.638517291262562 18.271676139366438 6.108321001860822 9.916366745473226 0.30325378307249906 3.9255572684937867 19.803782848793006 -2.4569438647406194 5.676145178739986 1.2237326541302096 -8.250179595481251 -6.100690299991561 -9.610468275954423 -0.5567492462679802
14.428857715430862 9.113456308034262 0.23162749483498501 3.706698272872817 1.7387744613688305 -3.2915625536902837 -1.8738865888431455 12.65336288459875 19.31230698249366 33.20090228652283 15.27788951456822 17.79090602104787 7.072973000905047 11.449425567632542 -1.3218858115869656 1.6481469551380166 18.28130580324191 6.117950665736294 9.925996409348699 0.3128834469479713 3.935186932369259 19.813412512668478 -2.447314200865147 5.685774842615459 1.2333623180056819 -8.240549931605779 -6.091060636116088 -9.60083861207895 -0.5471195823925079
14.488977955911823 9.123051780429918 0.24122296723064096 3.716293745268473 1.7483699337645042 -3.2819670812946278 -1.8642911164474896 12.662958356994405 19.32190245488932 33.210497758918486 15.287484986963875 17.800501493443527 7.082568473300703 11.459021040028215 -1.3122903391913097 1.6577424275336903 18.290901275637566 6.12754613813195 9.935591881744354 0.32247891934362727 3.944782404764915 19.82300798506415 -2.4377187284694912 5.695370315011132 1.2429577904013378 -8.230954459210123 -6.081465163720432 -9.591243139683295 -0.537524109996852
14.549098196392785 9.132613467241697 0.2507846540424197 3.7258554320802695 1.757931620576283 -3.2724053944828313 -1.8547294296357109 12.672520043806184 19.331464141701105 33.22005944573028 15.297046673775654 17.810063180255305 7.092130160112499 11.468582726839994 -1.302728652379531 1.667304114345469 18.300462962449362 6.1371078249437465 9.945153568556151 0.332040606155406 3.9543440915766936 19.83256967187593 -2.4281570416577125 5.704932001822911 1.2525194772131165 -8.221392772398326 -6.071903476908636 -9.581681452871516 -0.5279624231850555
14.609218436873746 9.142141768133794 0.2603129549345162 3.735383732972366 1.7674599214683795 -3.2628770935907347 -1.8452011287436143 12.68204834469828 19.3409924425932 33.22958774662237 15.30657497466775 17.819591481147402 7.101658461004596 11.47811102773209 -1.2932003514874344 1.6768324152375655 18.30999126334146 6.146636125835843 9.954681869448248 0.34156890704750253 3.96387239246879 19.842097972768027 -2.418628740765598 5.714460302715008 1.262047778105213 -8.21186447150623 -6.062375176016539 -9.572153151979402 -0.5184341222929589
14.669338677354709 9.15163707409608 0.26980826089678445 3.7448790389346343 1.7769552274306477 -3.2533817876284665 -1.835705822781346 12.691543650660549 19.35048774855547 33.239083052584654 15.316070280630036 17.82908678710967 7.111153766966864 11.487606333694359 -1.2837050455251662 1.6863277211998338 18.319486569303727 6.156131431798111 9.964177175410516 0.3510642130097885 3.973367698431076 19.851593278730295 -2.40913343480333 5.723955608677276 1.271543084067499 -8.202369165543962 -6.052879870054271 -9.562657846017133 -0.5089388163306907
14.729458917835672 9.161099778748127 0.2792709655488501 3.754341743586682 1.7864179320827134 -3.2439190829764186 -1.8262431181292804 12.701006355312614 19.359950453207524 33.248545757236705 15.325532985282084 17.838549491761736 7.120616471618912 11.497069038346424 -1.2742423408731005 1.6957904258518994 18.328949273955775 6.165594136450159 9.973639880062581 0.3605269176618364 3.982830403083124 19.86105598338236 -2.399670730151282 5.7334183133293415 1.281005788719547 -8.192906460891914 -6.043417165402223 -9.553195141365086 -0.4994761116786428
14.789579158316633 9.170530273645827 0.2887014604465499 3.763772238484382 1.7958484269803954 -3.234488588078719 -1.8168126232315807 12.710436850210314 19.369380948105224 33.2579762521344 15.334963480179784 17.847979986659436 7.130046966516612 11.506499533244124 -1.2648118459754008 1.7052209207495992 18.338379768853475 6.175024631347859 9.983070374960263 0.3699574125595362 3.992260897980824 19.870486478280043 -2.3902402352535823 5.7428488082270235 1.2904362836172467 -8.183475965994214 -6.0339866705045235 -9.543764646467386 -0.49004561678094305
14.849699398797595 9.17992894920964 0.29810013601034413 3.773170914048194 1.8052471025442074 -3.225089912514907 -1.8074139476677864 12.719835525774108 19.37877962366903 33.2673749276982 15.344362155743578 17.85737866222323 7.139445642080424 11.515898208807918 -1.2554131704116065 1.7146195963133934 18.347778444417287 6.184423306911671 9.992469050524075 0.3793560881233482 4.001659573544618 19.879885153843855 -2.3808415596897703 5.7522474837908355 1.299834959181041 -8.174077290430402 -6.0245879949407115 -9.534365970903574 -0.48064694121713103
14.909819639278556 9.189296185511644 0.3074673723123489 3.7825381503501987 1.8146143388462121 -3.215722676212902 -1.7980467113657816 12.729202762076113 19.388146859971034 33.27674216400022 15.3537293920456 17.866745898525235 7.1488128783824285 11.525265445109923 -1.2460459341096017 1.7239868326153982 18.35714568071929 6.193790543213676 10.00183628682608 0.38872332442535296 4.011026809846641 19.88925239014586 -2.3714743233877655 5.76161472009284 1.3092021954830635 -8.164710054128397 -6.015220758638707 -9.524998734601569 -0.4712797049151263
14.969939879759519 9.198634177101521 0.3168053639022439 3.7918761419400937 1.8239523304361072 -3.206384684623007 -1.7887087197758866 12.738540753666008 19.39748485156093 33.2860801555901 15.363067383635478 17.87608389011513 7.158150869972306 11.534603436699818 -1.2367079425197067 1.7333248242052932 18.366483672309187 6.203128534803571 10.011174278415975 0.3980613160152302 4.020364801436518 19.898590381735755 -2.3621363317978883 5.770952711682735 1.3185401870729407 -8.155372062538502 -6.005882767048812 -9.515660743011692 -0.461941713325249
15.03006012024048 9.207938620875904 0.3261098076766267 3.8011805857144765 1.83325677421049 -3.197080240848642 -1.7794042760015039 12.747845197440391 19.4067892953353 33.29538459936448 15.37237182740986 17.885388333889512 7.1674553137466885 11.543907880474201 -1.227403498745324 1.742629267979676 18.37578811608355 6.2124329785779535 10.020478722190358 0.407365759789613 4.029669245210901 19.907894825510137 -2.3528318880235055 5.780257155457118 1.3278446308473235 -8.14606761876412 -5.996578323274447 -9.506356299237309 -0.45263726955086625
15.090180360721442 9.217213354839817 0.3353845416405221 3.810455319678372 1.8425315081743854 -3.187805506884729 -1.7701295420376084 12.757119931404286 19.416064029299207 33.30465933332839 15.381646561373774 17.894663067853426 7.176730047710602 11.553182614438096 -1.2181287647814107 1.7519040019435714 18.385062850047465 6.221707712541849 10.029753456154253 0.4166404937535262 4.038943979174814 19.917169559474033 -2.3435571540595923 5.7895318894210135 1.3371193648112367 -8.136792884800224 -5.9873035893105335 -9.497081565273396 -0.44336253558695304
15.150300601202405 9.226458409249467 0.34462959605018995 3.8197003740880398 1.8517765625840532 -3.178560452475061 -1.7608844876279406 12.766364985813954 19.425309083708875 33.31390438773805 15.390891615783424 17.903908122263076 7.18597510212027 11.562427668847764 -1.2088837103717607 1.7611490563532393 18.394307904457133 6.230952766951517 10.038998510563921 0.425885548163194 4.048189033584464 19.9264146138837 -2.3343120996499245 5.798776943830681 1.3463644192208868 -8.127547830390556 -5.978058534900866 -9.487836510863728 -0.4341174811772852
15.210420841683366 9.235674002903593 0.353845189704316 3.828915967742166 1.8609921562381793 -3.1693448588209527 -1.7516688939738145 12.77558057946808 19.434524677363 33.323119981392175 15.40010720943755 17.9131237159172 7.195190695774378 11.57164326250189 -1.1996681167176346 1.7703646500073653 18.40352349811126 6.240168360605643 10.048214104218047 0.4351011418173023 4.05740462723859 19.935630207537827 -2.325096505995816 5.807992537484807 1.3555800128750128 -8.11833223673643 -5.96884294124674 -9.47862091720962 -0.4249018875231769
15.270541082164328 9.244860432163513 0.36303161896423575 3.838102397002068 1.8701785854980812 -3.160158429561033 -1.7424824647138948 12.784767008728 19.443711106622914 33.33230641065209 15.40929363869747 17.92231014517712 7.204377125034298 11.58082969176181 -1.1904816874577149 1.779551079267285 18.41270992737116 6.249354789865545 10.05740053347795 0.44428757107722205 4.06659105649851 19.94481663679773 -2.3159100767358964 5.817178966744709 1.3647664421349326 -8.109145807476528 -5.959656511986838 -9.4694344879497 -0.4157154582632572
15.33066132264529 9.25401802903652 0.37218921583724196 3.847259993875074 1.8793361823710875 -3.1510008326880268 -1.7333248678408886 12.793924605601006 19.452868703495916 33.34146400752509 15.418451235570476 17.931467742050128 7.213534721907304 11.589987288634816 -1.1813240905847087 1.7887086761402913 18.421867524244167 6.258512386738551 10.066558130350955 0.45344516795022827 4.075748653371516 19.953974233670735 -2.3067524798628902 5.826336563617716 1.3739240390079388 -8.099988210603522 -5.950498915113831 -9.460276891076694 -0.40655786139025096
15.390781563126252 9.263147141830785 0.3813183286314903 3.85638910666934 1.8884652951653536 -3.1418717198937607 -1.7241957550466402 12.803053718395255 19.461997816290175 33.35059312031935 15.427580348364742 17.940596854844376 7.22266383470157 11.599116401429065 -1.1721949777904603 1.7978377889345396 18.430996637038433 6.267641499532817 10.075687243145222 0.46257428074449436 4.084877766165764 19.963103346465 -2.297623367068624 5.835465676411982 1.383053151802205 -8.090859097809256 -5.941369802319565 -9.451147778282428 -0.39742874859598487
15.450901803607215 9.272248123994586 0.3904193107953091 3.865490088833159 1.8975662773291724 -3.1327707377299596 -1.7150947728828214 12.812154700559073 19.471098798453987 33.35969410248317 15.436681330528543 17.949697837008195 7.231764816865371 11.608217383592883 -1.1630939956266415 1.8069387710983584 18.440097619202234 6.276742481696636 10.08478822530904 0.4716752629082954 4.093978748329583 19.97220432862882 -2.288522384904823 5.8445666585758005 1.392154133966006 -8.081758115645437 -5.932268820155764 -9.442046796118627 -0.3883277664321838
15.511022044088175 9.281321321555609 0.3994925083563139 3.8745632863941637 1.9066394748901772 -3.123697540168937 -1.7060215753218166 12.821227898120078 19.480171996015 33.368767300044176 15.445754528089566 17.958771034569217 7.2408380144263935 11.617290581153888 -1.154020798065619 1.8160119686593632 18.449170816763257 6.285815679257641 10.093861422870045 0.48074846046931796 4.103051945890606 19.981277526189825 -2.2794491873438005 5.853639856136805 1.4012273315270285 -8.072684918084432 -5.923195622594742 -9.432973598557604 -0.37925456887116127
15.571142284569138 9.290367077716617 0.4085382645173219 3.8836090425551717 1.9156852310511852 -3.114651784007929 -1.6969758191608086 12.830273654281086 19.489217752176007 33.37781305620518 15.454800284250556 17.967816790730208 7.2498837705874015 11.626336337314896 -1.1449750419046287 1.8250577248203712 18.458216572924265 6.294861435418649 10.102907179031053 0.48979421663032596 4.112097702051596 19.990323282350833 -2.2704034311827925 5.862685612297813 1.4102730876880187 -8.063639161923424 -5.914149866433734 -9.423927842396596 -0.37020881271015327
15.631262525050099 9.299385735763135 0.41755692256385757 3.8926277006016896 1.9247038890977208 -3.105633125961411 -1.687957161114273 12.839292312327622 19.498236410222532 33.386831714251706 15.463818942297092 17.976835448776743 7.258902428633919 11.635354995361432 -1.135956383858093 1.8340763828669069 18.467235230970783 6.303880093465167 10.111925837077571 0.4988128746768439 4.1211163600981315 19.99934194039737 -2.2613847731362746 5.871704270344331 1.4192917457345544 -8.054620503876906 -5.905131208387216 -9.414909184350078 -0.36119015466363535
