web/models/mosfit_kne/mosfit_kn_1.0000/mosfit_kn_0.033839_0.3590_1.0000.dat
# %ECSV 1.0
# ---
# datatype:
# - {name: time, datatype: float64}
# - {name: PS1_g, datatype: float64}
# - {name: PS1_i, datatype: float64}
# - {name: PS1_r, datatype: float64}
# - {name: PS1_w, datatype: float64}
# - {name: PS1_y, datatype: float64}
# - {name: PS1_z, datatype: float64}
# - {name: swift_uvot_B, datatype: float64}
# - {name: swift_uvot_U, datatype: float64}
# - {name: swift_uvot_uvm2, datatype: float64}
# - {name: swift_uvot_uvw1, datatype: float64}
# - {name: swift_uvot_uvw2, datatype: float64}
# - {name: swift_uvot_V, datatype: float64}
# - {name: johnson_B, datatype: float64}
# - {name: johnson_I, datatype: float64}
# - {name: johnson_R, datatype: float64}
# - {name: johnson_U, datatype: float64}
# - {name: johnson_V, datatype: float64}
# - {name: sdss_g, datatype: float64}
# - {name: sdss_i, datatype: float64}
# - {name: sdss_r, datatype: float64}
# - {name: sdss_u, datatype: float64}
# - {name: sdss_z, datatype: float64}
# - {name: ATLAS_c, datatype: float64}
# - {name: ATLAS_o, datatype: float64}
# - {name: ukirt_H, datatype: float64}
# - {name: ukirt_J, datatype: float64}
# - {name: ukirt_K, datatype: float64}
# - {name: Clear, datatype: float64}
# meta: !!omap
# - comment: [kappa = 1.0, type = rprocess, mass = 0.03383890769761434, velocity = 0.359, theta_obs = 0.0, tfloor = 1000.0]
# schema: astropy-2.0
time PS1_g PS1_i PS1_r PS1_w PS1_y PS1_z swift_uvot_B swift_uvot_U swift_uvot_uvm2 swift_uvot_uvw1 swift_uvot_uvw2 swift_uvot_V johnson_B johnson_I johnson_R johnson_U johnson_V sdss_g sdss_i sdss_r sdss_u sdss_z ATLAS_c ATLAS_o ukirt_H ukirt_J ukirt_K Clear
[from data line 319]
19.238476953907814 8.77650050164716 -0.10532831155211753 3.3697424664857323 1.4018186549817457 -3.6285183600773685 -2.210842395230248 12.316407078211647 18.975351176106567 32.86394648013574 14.940933708181117 17.453950214660768 6.736017194517962 11.112469761245457 -1.6588416179740681 1.3111911487509318 17.944349996854825 5.780994859349209 9.589040602961614 -0.02407235943913122 3.5982311259821564 19.476456706281393 -2.7842700072522497 5.348819036228374 0.8964065116185793 -8.577505737992864 -6.428016442503173 -9.937794418466053 -0.8840753887796104
19.298597194388776 8.784195989706713 -0.09763282349256386 3.377437954545286 1.4095141430412994 -3.620822872017815 -2.2031469071706944 12.3241025662712 18.98304666416612 32.87164196819529 14.94862919624067 17.461645702720322 6.743712682577516 11.12016524930501 -1.6511461299145145 1.3188866368104855 17.95204548491438 5.788690347408763 9.596736091021167 -0.01637687137957755 3.60592661404171 19.484152194340947 -2.776574519192696 5.3565145242879275 0.904101999678133 -8.56981024993331 -6.4203209544436195 -9.9300989304065 -0.876379900720039
19.35871743486974 8.791874196663176 -0.08995461653611869 3.385116161501731 1.4171923499977446 -3.6131446650613697 -2.1954687002142492 12.331780773227646 18.990724871122566 32.87932017515175 14.956307403197133 17.469323909676767 6.751390889533961 11.127843456261456 -1.6434679229580693 1.3265648437669306 17.959723691870824 5.796368554365208 9.604414297977613 -0.008698664423114622 3.613604820998173 19.491830401297392 -2.768896312236233 5.364192731244373 0.9117802066345959 -8.562132042976865 -6.412642747487174 -9.922420723450037 -0.8687016937635939
19.4188376753507 8.799535300269241 -0.08229351293005394 3.392777265107796 1.4248534536038093 -3.605483561455305 -2.1878075966081845 12.33944187683371 18.99838597472863 32.8869812787578 14.96396850680318 17.47698501328283 6.759051993140026 11.13550455986752 -1.6358068193520046 1.3342259473729954 17.96738479547689 5.804029657971273 9.612075401583677 -0.0010375608170498651 3.62126592460422 19.499491504903457 -2.7612352086301684 5.371853834850437 0.9194413102406607 -8.5544709393708 -6.40498164388111 -9.914759619843972 -0.8610405901575291
19.478957915831664 8.807179487717107 -0.07464932548217007 3.400421452555662 1.4324976410516932 -3.597839374007439 -2.1801634091603006 12.347086064281594 19.006030162176515 32.89462546620569 14.971612694251064 17.484629200730716 6.766696180587892 11.143148747315404 -1.6281626319041207 1.3418701348208792 17.975028982924755 5.811673845419157 9.619719589031561 0.006606626630816237 3.628910112052104 19.50713569235134 -2.7535910211823023 5.379498022298321 0.9270854976885268 -8.546826751922934 -6.3973374564332435 -9.907115432396106 -0.853396402709663
19.539078156312623 8.814806954928702 -0.06702185827059282 3.408048919767257 1.4401251082632704 -3.590211906795844 -2.1725359419487233 12.354713531493172 19.013657629388092 32.902252933417266 14.979240161462641 17.492256667942293 6.774323647799487 11.150776214526982 -1.6205351646925434 1.3494976020324565 17.98265645013635 5.819301312630734 9.627347056243138 0.014234093842411255 3.636537579263681 19.514763159562918 -2.7459635539707072 5.387125489509899 0.9347129649001218 -8.539199284711339 -6.3897099892216485 -9.89948796518451 -0.845768935498068
19.599198396793586 8.822417883997815 -0.05941092920146218 3.41565984883637 1.4477360373323833 -3.582600977726731 -2.1649250128795927 12.362324460562302 19.021268558457205 32.90986386248638 14.986851090531772 17.499867597011423 6.7819345768686 11.158387143596094 -1.6129242356234128 1.3571085311015694 17.990267379205463 5.826912241699847 9.634957985312251 0.021845022911524126 3.644148508332812 19.52237408863203 -2.7383526249015944 5.394736418579011 0.9423238939692347 -8.531588355642226 -6.382099060152536 -9.891877036115398 -0.8381580064289551
19.65931863727455 8.830012451115081 -0.051816362084196044 3.423254415953636 1.4553306044496672 -3.575006410609465 -2.1573304457623266 12.369919027679568 19.02886312557449 32.91745842960365 14.994445657649038 17.50746216412869 6.789529143985866 11.165981710713378 -1.6053296685061467 1.3647030982188533 17.99786194632273 5.834506808817113 9.642552552429535 0.029439590028790263 3.651743075450078 19.529968655749315 -2.7307580577843282 5.402330985696295 0.9499184610865008 -8.52399378852496 -6.3745044930352694 -9.884282468998132 -0.830563439311689
19.71943887775551 8.837590839933256 -0.04423797326602141 3.4308328047718284 1.4629089932678419 -3.5674280217912724 -2.149752056944152 12.377497416497743 19.036441514392664 32.92503681842184 15.002024046467213 17.515040552946864 6.797107532804058 11.173560099531553 -1.597751279687972 1.372281487037028 18.00544033514092 5.842085197635305 9.65013094124771 0.037017978846964894 3.6593214642682526 19.53754704456749 -2.723179668966136 5.40990937451447 0.9574968499046754 -8.516415399706768 -6.366926104217077 -9.87670408017994 -0.8229850504934966
19.779559118236474 8.845153223092534 -0.03667559010676058 3.4383951879310892 1.4704713764271027 -3.5598656386320116 -2.142189673784891 12.385059799657004 19.044003897551924 32.932599201581105 15.009586429626491 17.522602936106125 6.804669915963319 11.181122482690814 -1.5901888965287112 1.3798438701962887 18.013002718300182 5.849647580794566 9.65769332440697 0.04458036200624349 3.666883847427531 19.54510942772675 -2.715617285806875 5.417471757673731 0.965059233063954 -8.508853016547507 -6.359363721057816 -9.869141697020678 -0.8154226673342357
19.839679358717433 8.852699766319478 -0.029129046879798892 3.445941731158051 1.4780179196540644 -3.55231909540505 -2.1346431305579294 12.392606342883965 19.051550440778886 32.940145744808056 15.017132972853435 17.530149479333087 6.812216459190281 11.188669025917775 -1.5826423533017495 1.3873904134232504 18.020549261527144 5.857194124021528 9.665239867633932 0.05212690523320518 3.674430390654475 19.55265597095371 -2.7080707425799133 5.4250183009006925 0.972605776290898 -8.501306473320545 -6.3518171778308545 -9.861595153793717 -0.807876124107274
19.899799599198396 8.860230657010568 -0.021598156188709083 3.4534726218491407 1.4855488103451542 -3.54478820471396 -2.1271122398668396 12.400137233575055 19.059081331469976 32.94767663549915 15.024663863544525 17.537680370024177 6.8197473498813705 11.196199916608865 -1.5751114626106597 1.3949213041143402 18.028080152218234 5.864725014712618 9.672770758325022 0.05965779592429499 3.681961281345565 19.5601868616448 -2.7005398518888235 5.432549191591782 0.9801366669819878 -8.493775582629455 -6.344286287139765 -9.854064263102627 -0.8003452334161842
19.95991983967936 8.867746068040141 -0.014082745159136323 3.4609880328786957 1.4930642213747092 -3.537272793684405 -2.119596828837267 12.407652644604628 19.06659674249953 32.955192046528715 15.032179274574098 17.54519578105375 6.8272627609109255 11.203715327638438 -1.567596051581087 1.402436715143913 18.03559556324779 5.872240425742173 9.680286169354577 0.06717320695384998 3.6894766923751376 19.567702272674357 -2.6930244408592685 5.440064602621337 0.9876520780115605 -8.4862601715999 -6.33677087611021 -9.846548852073072 -0.7928298223866292
20.02004008016032 8.875246164662443 -0.006582648536852531 3.4684881295009973 1.5005643179970107 -3.5297726970621035 -2.112096732214983 12.415152741226912 19.074096839121832 32.96269214315101 15.0396793711964 17.552695877676033 6.834762857533227 11.211215424260722 -1.5600959549588032 1.4099368117661968 18.04309565987009 5.879740522364474 9.687786265976879 0.07467330357615154 3.696976788997439 19.575202369296658 -2.685524344236967 5.447564699243639 0.9951521746338621 -8.478760074977599 -6.329270779487908 -9.83904875545077 -0.7853297257643277
20.080160320641284 8.882731115144384 0.0009023019451070979 3.475973079982939 1.5080492684789704 -3.5222877465801616 -2.1046117817330234 12.422637691708871 19.081581789603792 32.97017709363296 15.047164321678341 17.560180828157993 6.842247808015169 11.218700374742681 -1.5526110044768435 1.4174217622481564 18.050580610352032 5.887225472846434 9.695271216458838 0.0821582540580934 3.704461739479381 19.582687319778618 -2.678039393755025 5.4550496497255985 1.002637125115804 -8.471275124495639 -6.321785829005966 -9.831563804968829 -0.7778447752823858
20.140280561122243 8.890201087298166 0.008372274098888965 3.4834430521367388 1.5155192406327522 -3.514817774426362 -2.0971418095792416 12.430107663862653 19.089051761757574 32.97764706578675 15.054634293832123 17.567650800311775 6.849717780168969 11.226170346896463 -1.5451410323230617 1.4248917344019383 18.05805058250583 5.894695445000216 9.70274118861262 0.08962822621187527 3.711931711633163 19.5901572919324 -2.6705694216012255 5.46251962187938 1.0101070972695858 -8.463805152341857 -6.314315856852167 -9.824093832815029 -0.7703748031285862
20.200400801603205 8.897656230158102 0.015827416958824614 3.4908981949966567 1.5229743834926701 -3.507362631566444 -2.089686666719306 12.437562806722589 19.096506904617492 32.98510220864667 15.062089436692059 17.57510594317171 6.8571729230288865 11.233625489756399 -1.537685889463126 1.432346877261874 18.06550572536575 5.902150587860134 9.710196331472538 0.09708336907181092 3.7193868544930986 19.597612434792318 -2.6631142787413076 5.469974764739298 1.0175622401295215 -8.45635000948194 -6.306860713992249 -9.816638689955111 -0.7629196602686683
20.260521042084168 8.905096717096725 0.023267903897430386 3.49833868193528 1.5304148704312937 -3.4999221446278206 -2.0822461797807 12.445003293661195 19.103947391556115 32.99254269558529 15.069529923630682 17.582546430110316 6.86461340996751 11.241065976695005 -1.5302454025245202 1.4397873642004797 18.072946212304373 5.909591074798757 9.717636818411162 0.10452385601043446 3.726827341431722 19.60505292173094 -2.655673791802684 5.477415251677922 1.025002727068145 -8.448909522543316 -6.299420227053625 -9.809198203016487 -0.7554791733300448
20.32064128256513 8.912522712179598 0.03069389898032071 3.5057646770181705 1.537840865514184 -3.4924961495449303 -2.07482018469781 12.452429288744085 19.111373386639006 32.999968690668176 15.076955918713555 17.589972425193206 6.8720394050504 11.248491971777895 -1.52281940744163 1.44721335928337 18.080372207387263 5.9170170698816476 9.725062813494052 0.11194985109330702 3.7342533365145947 19.61247891681383 -2.6482477967198115 5.484841246760812 1.0324287221510176 -8.441483527460425 -6.291994231970735 -9.801772207933615 -0.7480531782471544
20.38076152304609 8.919934371475549 0.03810555827627127 3.5131763363141033 1.5452525248101168 -3.4850844902489975 -2.0674085254018593 12.459840948040036 19.11878504593494 33.007380349964116 15.084367578009505 17.597384084489157 6.879451064346333 11.255903631073846 -1.5154077481456794 1.4546250185793206 18.087783866683196 5.92442872917758 9.732474472789985 0.11936151038925757 3.7416649958105452 19.619890576109764 -2.640836137423861 5.492252906056745 1.039840381446968 -8.434071868164493 -6.284582572674802 -9.794360548637664 -0.7406415189512217
20.440881763527052 8.927331849484847 0.045503036285570175 3.520573814323402 1.5526500028194157 -3.4776870122396986 -2.0600110473925604 12.467238426049335 19.126182523944237 33.01477782797342 15.091765056018804 17.604781562498456 6.886848542355632 11.263301109083145 -1.5080102701363804 1.4620224965886195 18.095181344692495 5.931826207186879 9.739871950799284 0.12675898839855648 3.749062473819844 19.627288054119063 -2.633438659414562 5.499650384066044 1.047237859456267 -8.426674390155194 -6.277185094665503 -9.786963070628365 -0.7332440409419227
20.501002004008015 8.934715303559813 0.052886490360535277 3.5279572683983673 1.5600334568943808 -3.4703035581647335 -2.0526275933175953 12.4746218801243 19.133565978019202 33.02216128204838 15.09914851009377 17.61216501657342 6.894231996430597 11.270684563158092 -1.5006268160614153 1.4694059506635668 18.10256479876746 5.939209661261844 9.747255404874249 0.13414244247352158 3.7564459278948092 19.634671508194028 -2.626055205339597 5.507033838141009 1.0546213135312321 -8.419290936080229 -6.269801640590538 -9.7795796165534 -0.7258605868669576
20.561122244488978 8.942084880343337 0.060256067144059955 3.5353268451819098 1.5674030336779232 -3.462933981381209 -2.0452580165340706 12.481991456907824 19.140935554802745 33.02953085883192 15.106518086877294 17.619534593356946 6.901601573214122 11.278054139941634 -1.4932572392778907 1.4767755274471093 18.109934375550985 5.946579238045387 9.754624981657791 0.14151201925704626 3.763815504678334 19.64204108497757 -2.6186856285560722 5.514403414924551 1.0619908903147568 -8.411921359296686 -6.262432063806996 -9.772210039769876 -0.718491010083433
20.62124248496994 8.94944072379733 0.06761191059803551 3.5426826886358853 1.5747588771318988 -3.4555781379272155 -2.037902173080095 12.4893473003618 19.14829139825672 33.03688670228589 15.11387393033127 17.62689043681092 6.908957416668115 11.28540998339561 -1.4859013958239151 1.4841313709010848 18.11729021900498 5.953935081499362 9.761980825111767 0.14886786271103958 3.7711713481323095 19.649396928431546 -2.611329785102079 5.521759258378527 1.0693467337687323 -8.40456551584271 -6.25507622035302 -9.764854196315882 -0.7111351666294397
20.6813627254509 8.956782995012222 0.07495418181292735 3.550024959850777 1.5821011483467906 -3.4482358667123236 -2.030559901865203 12.496689571576692 19.155633669471612 33.044228973500786 15.121216201546162 17.634232708025813 6.916299687883007 11.292752254610502 -1.4785591246090233 1.4914736421159767 18.12463249021987 5.961277352714254 9.769323096326659 0.15621013392593142 3.7785136193472013 19.656739199646438 -2.603987513887187 5.529101529593419 1.076689004983642 -8.397223244627819 -6.247733949138128 -9.75751192510099 -0.7037928954145478
20.741482965931862 8.964111841114555 0.08228302791527753 3.5573538059531273 1.5894299944491408 -3.440907020609991 -2.023231055762853 12.504018417679042 19.162962515573962 33.05155781960313 15.128545047648512 17.641561554128163 6.923628533985339 11.300081100712852 -1.471230278506673 1.4988024882183268 18.131961336322203 5.968606198816604 9.776651942429009 0.16353898002826384 3.7858424654495515 19.664068045748788 -2.5966586677848547 5.536430375695769 1.0840178510859744 -8.389894398525469 -6.240405103035778 -9.750183078998658 -0.6964640493122154
20.801603206412825 8.971427405586763 0.08959859238748535 3.564669370425335 1.5967455589213486 -3.4335914561377834 -2.015915491290645 12.51133398215125 19.17027808004617 33.05887338407534 15.13586061212072 17.64887711860037 6.930944098457547 11.30739666518506 -1.4639147140344653 1.5061180526905347 18.13927690079441 5.975921763288812 9.783967506901217 0.17085454450047166 3.7931580299217593 19.671383610220996 -2.589343103312647 5.543745940167977 1.0913334155581822 -8.38257883405326 -6.23308953856357 -9.74286751452645 -0.6891484848400076
20.861723446893787 8.978729833629888 0.09690102043061088 3.571971798468443 1.6040479869644741 -3.426289028094658 -2.0086130632475196 12.518636410194375 19.177580508089296 33.066175812118466 15.143163040163845 17.656179546643497 6.938246526500673 11.314699093228185 -1.4566122859913397 1.5134204807336602 18.146579328837536 5.98322419133192 9.791269934944342 0.1781569725435972 3.800460457964885 19.67868603826412 -2.5820406752695213 5.551048368211102 1.0986358436013077 -8.375276406010153 -6.2257871105204625 -9.735565086483325 -0.681846056796882
