web/models/mosfit_kne/mosfit_kn_1.0000/mosfit_kn_0.001862_0.1397_1.0000.dat
# %ECSV 1.0
# ---
# datatype:
# - {name: time, datatype: float64}
# - {name: PS1_g, datatype: float64}
# - {name: PS1_i, datatype: float64}
# - {name: PS1_r, datatype: float64}
# - {name: PS1_w, datatype: float64}
# - {name: PS1_y, datatype: float64}
# - {name: PS1_z, datatype: float64}
# - {name: swift_uvot_B, datatype: float64}
# - {name: swift_uvot_U, datatype: float64}
# - {name: swift_uvot_uvm2, datatype: float64}
# - {name: swift_uvot_uvw1, datatype: float64}
# - {name: swift_uvot_uvw2, datatype: float64}
# - {name: swift_uvot_V, datatype: float64}
# - {name: johnson_B, datatype: float64}
# - {name: johnson_I, datatype: float64}
# - {name: johnson_R, datatype: float64}
# - {name: johnson_U, datatype: float64}
# - {name: johnson_V, datatype: float64}
# - {name: sdss_g, datatype: float64}
# - {name: sdss_i, datatype: float64}
# - {name: sdss_r, datatype: float64}
# - {name: sdss_u, datatype: float64}
# - {name: sdss_z, datatype: float64}
# - {name: ATLAS_c, datatype: float64}
# - {name: ATLAS_o, datatype: float64}
# - {name: ukirt_H, datatype: float64}
# - {name: ukirt_J, datatype: float64}
# - {name: ukirt_K, datatype: float64}
# - {name: Clear, datatype: float64}
# meta: !!omap
# - comment: [kappa = 1.0, type = rprocess, mass = 0.001861645566637777, velocity = 0.13966666666666672, theta_obs = 0.0, tfloor = 1000.0]
# schema: astropy-2.0
time PS1_g PS1_i PS1_r PS1_w PS1_y PS1_z swift_uvot_B swift_uvot_U swift_uvot_uvm2 swift_uvot_uvw1 swift_uvot_uvw2 swift_uvot_V johnson_B johnson_I johnson_R johnson_U johnson_V sdss_g sdss_i sdss_r sdss_u sdss_z ATLAS_c ATLAS_o ukirt_H ukirt_J ukirt_K Clear
[from data line 146]
8.837675350701403 10.254168835248336 1.372340022049059 4.847410800086909 2.879486988582922 -2.150850026476192 -0.7331740616290716 13.794075411812823 20.453019509707744 34.34161481373692 16.418602041782293 18.931618548261945 8.21368552811914 12.590138094846633 -0.1811732843728917 2.788859482352108 19.422018330456 7.258663192950386 11.06670893656279 1.4535959741620452 5.075899459583333 20.95412503988257 -1.3066016736510733 6.82648736982955 2.3740748452197558 -7.099837404391688 -4.950348108901997 -8.460126084864877 0.5935929448215838
8.897795591182364 10.269246185137728 1.387417371938433 4.862488149976283 2.8945643384722963 -2.135772676586818 -0.7180967117396975 13.809152761702197 20.468096859597118 34.3566921636263 16.433679391671685 18.94669589815133 8.228762878008514 12.605215444736007 -0.16609593448351756 2.803936832241482 19.437095680345376 7.27374054283976 11.081786286452164 1.4686733240514371 5.090976809472725 20.969202389771944 -1.2915243237616814 6.841564719718924 2.3891521951091477 -7.084760054502314 -4.935270759012623 -8.445048734975485 0.6086702947109579
8.957915831663327 10.28420545509805 1.4023766418987726 4.8774474199366225 2.909523608432636 -2.120813406626496 -0.7031374417793579 13.824112031662537 20.483056129557447 34.37165143358663 16.448638661632007 18.96165516811166 8.243722147968835 12.620174714696347 -0.15113666452317798 2.8188961022018217 19.45205495030571 7.2886998128000995 11.096745556412504 1.483632594011759 5.105936079433047 20.984161659732273 -1.2765650538013595 6.856523989679264 2.4041114650694695 -7.069800784541974 -4.920311489052283 -8.430089465015163 0.6236295646712797
9.018036072144287 10.29908306335054 1.4172542501512453 4.892325028189095 2.9244012166851086 -2.1059357983740057 -0.6882598335268852 13.83898963991501 20.49793373780993 34.38652904183911 16.463516269884497 18.97653277636414 8.258599756221326 12.63505232294882 -0.13625905627068757 2.8337737104542944 19.466932558558188 7.303577421052572 11.111623164664977 1.4985102022642494 5.120813687685537 20.999039267984756 -1.2616874455488691 6.871401597931737 2.41898907332196 -7.054923176289502 -4.90543388079981 -8.415211856762673 0.6385071729237701
9.07815631262525 10.313872209974235 1.4320433967749402 4.90711417481279 2.9391903633088035 -2.091146651750311 -0.6734706869031903 13.853778786538705 20.512722884433625 34.401318188462795 16.478305416508174 18.991321922987833 8.27338890284502 12.649841469572515 -0.12146990964701043 2.8485628570779893 19.481721705181876 7.318366567676267 11.126412311288671 1.5132993488879443 5.135602834309214 21.01382841460845 -1.2468982989251742 6.886190744555432 2.433778219945655 -7.040134029665807 -4.8906447341761154 -8.400422710138978 0.653296319547465
9.138276553106213 10.328572961303664 1.4467441481043863 4.921814926142218 2.9538911146382496 -2.0764459004208824 -0.6587699355737442 13.86847953786815 20.527423635763064 34.41601893979223 16.49300616783762 19.006022674317272 8.288089654174449 12.66454222090196 -0.10676915831756428 2.8632636084074354 19.49642245651131 7.333067319005695 11.1411130626181 1.5280001002173726 5.15030358563866 21.02852916593789 -1.2321975475957458 6.90089149588486 2.448478971275083 -7.025433278336378 -4.875943982846687 -8.38572195880955 0.6679970708768934
9.198396793587174 10.343186454685185 1.4613576414859075 4.93642841952374 2.968504608019753 -2.061832407039361 -0.644156442192223 13.883093031249672 20.542037129144582 34.430632433173756 16.50761966121914 19.020636167698786 8.30270314755597 12.679155714283464 -0.0921556649360431 2.877877101788939 19.511035949892833 7.347680812387217 11.155726555999621 1.5426135935988938 5.1649170790201815 21.043142659319408 -1.2175840542142247 6.915504989266381 2.4630924646566044 -7.010819784954857 -4.861330489465166 -8.371108465428028 0.6826105642584146
9.258517034068136 10.357714001403693 1.4758851882044155 4.9509559662422475 2.9830321547382788 -2.0473048603208532 -0.629628895473715 13.89762057796818 20.556564675863093 34.44515997989226 16.52214720793765 19.0351637144173 8.317230694274478 12.69368326100199 -0.07762811821753512 2.8924046485074646 19.525563496611348 7.362208359105725 11.170254102718147 1.5571411403174018 5.1794446257386895 21.05767020603792 -1.2030565074957167 6.930032535984907 2.4776200113751123 -6.996292238236349 -4.846802942746658 -8.35658091870952 0.6971381109769226
9.318637274549097 10.37215692140565 1.4903281082063735 4.965398886244223 2.9974750747402368 -2.032861940318895 -0.615185975471757 13.912063497970138 20.57100759586506 34.45960289989423 16.536590127939608 19.04960663441926 8.331673614276436 12.708126181003948 -0.06318519821557711 2.9068475685094226 19.54000641661331 7.3766512791077 11.184697022720105 1.5715840603193598 5.1938875457406475 21.072113126039874 -1.1886135874937587 6.944475455986865 2.4920629313770704 -6.9818493182343735 -4.832360022744682 -8.342137998707562 0.7115810309788806
9.37875751503006 10.386516513926889 1.5046877007276116 4.979758478765444 3.011834667261457 -2.018502347797657 -0.6008263829505189 13.926423090491376 20.585367188386286 34.47396249241546 16.550949720460846 19.063966226940497 8.346033206797674 12.722485773525186 -0.048825605694339025 2.921207161030643 19.554366009134537 7.391010871628921 11.199056615241325 1.585943652840598 5.208247138261886 21.08647271856111 -1.1742539949725206 6.958835048508085 2.5064225238983084 -6.967489725713153 -4.818000430223462 -8.327778406186324 0.7259406235001187
9.438877755511022 10.400794072482977 1.5189652592837 4.994036037321532 3.0261122258175455 -2.0042247892415688 -0.5865488243944306 13.940700649047464 20.599644746942374 34.48824005097155 16.565227279016934 19.07824378549658 8.360310765353763 12.736763332081257 -0.03454804713825066 2.9354847195867313 19.568643567690625 7.405288430185009 11.213334173797413 1.6002212113966863 5.222524696817974 21.1007502771172 -1.1599764364164322 6.973112607064174 2.520700082454397 -6.953212167157065 -4.803722871667373 -8.313500847630236 0.740218182056207
9.498997995991983 10.414990881700508 1.5331620685012304 5.00823284653908 3.0403090350350936 -1.9900279800240384 -0.5723520151769002 13.954897458264995 20.613841556159905 34.502436860189086 16.579424088234465 19.092440594714116 8.374507574571293 12.750960141298805 -0.020351237920720244 2.9496815288042795 19.582840376908166 7.419485239402557 11.227530983014962 1.6144180206142167 5.236721506035504 21.11494708633473 -1.1457796271989018 6.987309416281722 2.534896891671927 -6.939015357939517 -4.789526062449843 -8.299304038412705 0.7544149912737375
9.559118236472946 10.429108200515174 1.5472793873158963 5.022350165353746 3.0544263538497596 -1.9759106612093724 -0.5582346963622342 13.96901477707966 20.627958874974574 34.516554179003755 16.59354140704913 19.106557913528782 8.388624893385959 12.76507746011347 -0.006233919106054309 2.9637988476189454 19.59695769572283 7.433602558217223 11.241648301829628 1.6285353394288826 5.25083882485017 21.1290644051494 -1.1316623083842359 7.001426735096388 2.549014210486593 -6.924898039124851 -4.775408743635159 -8.28518671959804 0.7685323100884034
9.619238476953907 10.443147277853946 1.5613184646546685 5.036389242692518 3.0684654311885318 -1.9618715838705825 -0.544195619023462 13.983053854418433 20.641997952313353 34.53059325634253 16.607580484387903 19.120596990867565 8.402663970724749 12.779116537452243 0.007805158232717879 2.9778379249577176 19.6109967730616 7.447641635555995 11.2556873791684 1.6425744167676548 5.2648779021889425 21.14310348248818 -1.1176232310454637 7.01546581243516 2.5630532878253653 -6.9108589617860785 -4.761369666296387 -8.271147642259267 0.7825713874271933
9.67935871743487 10.457109361579153 1.575280548379876 5.050351326417726 3.0824275149137392 -1.947909500145375 -0.5302335352982546 13.99701593814364 20.65596003603856 34.54455534006773 16.62154256811311 19.13455907459276 8.416626054449956 12.79307862117745 0.021767241957925343 2.991800008682925 19.62495885678681 7.461603719281203 11.269649462893607 1.6565365004928623 5.27883998591415 21.157065566213387 -1.1036611473202562 7.029427896160367 2.577015371550573 -6.896896878060871 -4.74740758257118 -8.25718555853406 0.796533471152383
9.739478957915832 10.470995673093864 1.5891668598945863 5.064237637932418 3.0963138264284495 -1.9340231886306825 -0.5163472237835443 14.01090224965835 20.66984634755326 34.558441651582434 16.63542887962782 19.148445386107472 8.430512365964649 12.80696493269216 0.03565355347263566 3.0056863201976354 19.638845168301522 7.475490030795895 11.2835357744083 1.6704228120075726 5.29272629742886 21.170951877728086 -1.089774835805546 7.043314207675078 2.590901683065283 -6.8830105665461785 -4.733521271056487 -8.24329924701935 0.8104197826670934
9.799599198396793 10.48480742190467 1.602978608705392 5.078049386743224 3.1101255752392376 -1.9202114398198766 -0.5025354749727384 14.024713998469156 20.68365809636407 34.572253400393244 16.649240628438626 19.162257134918278 8.444324114775455 12.820776681502966 0.04946530228344148 3.019498069008441 19.652656917112317 7.489301779606701 11.297347523219106 1.6842345608183784 5.306538046239666 21.184763626538896 -1.07596308699474 7.057125956485866 2.604713431876089 -6.869198817735373 -4.719709522245681 -8.229487498208544 0.8242315314778992
9.859719438877756 10.498545812771471 1.6167169995721942 5.091787777610026 3.1238639661060397 -1.9064730489530746 -0.48879708410593636 14.038452389335959 20.69739648723087 34.58599179126004 16.66297901930543 19.17599552578508 8.458062505642257 12.834515072369769 0.06320369315024355 3.0332364598752433 19.66639530797912 7.503040170473503 11.311085914085908 1.6979729516851805 5.320276437106468 21.198502017405694 -1.062224696127938 7.070864347352668 2.618451822742891 -6.855460426868571 -4.705971131378879 -8.215749107341741 0.8379699223447012
9.919839679358716 10.512212033816937 1.6303832206176594 5.105453998655491 3.1375301871515227 -1.8928068279076093 -0.47513086306047114 14.052118610381424 20.711062708276337 34.599658012305504 16.676645240350894 19.189661746830545 8.471728726687722 12.848181293415234 0.07686991419570877 3.0469026809207085 19.680061529024584 7.5167063915189685 11.324752135131373 1.7116391727306457 5.333942658151933 21.212168238451163 -1.0485584750824728 7.084530568398151 2.6321180437883562 -6.841794205823105 -4.692304910333414 -8.202082886296276 0.8516361433901665
9.97995991983968 10.525807257617839 1.6439784444185435 5.119049222456393 3.1511254109524067 -1.8792116041067075 -0.46153563925958707 14.065713834182308 20.72465793207723 34.61325323610641 16.690240464151795 19.20325697063144 8.485323950488624 12.861776517216118 0.0904651379966106 3.0604979047215926 19.693656752825486 7.53030161531987 11.338347358932275 1.7252343965315475 5.347537881952835 21.225763462252054 -1.034963251281571 7.098125792199035 2.645713267589258 -6.8281989820222035 -4.678709686532512 -8.188487662495374 0.8652313671910683
10.040080160320642 10.539332644400456 1.6575038312011614 5.132574609239011 3.1646507977350247 -1.8656862173240896 -0.44801025247696913 14.079239220964944 20.738183318859853 34.62677862288903 16.703765850934413 19.216782357414058 8.498849337271242 12.875301903998736 0.10399052477922854 3.0740232915042105 19.707182139608104 7.543827002102488 11.351872745714893 1.7387597833141655 5.361063268735453 21.239288849034672 -1.021437864498953 7.111651178981653 2.659238654371876 -6.814673595239586 -4.665184299749894 -8.174962275712756 0.8787567539736862
10.100200400801603 10.552789352921064 1.6709605397217864 5.146031317759636 3.1781075062556496 -1.8522295088034646 -0.43455354395634416 14.09269592948555 20.75164002738047 34.64023533140964 16.71722255945502 19.23023906593468 8.512306045791867 12.88875861251936 0.11744723329983575 3.0874800000248355 19.720638848128722 7.557283710623113 11.365329454235518 1.7522164918347727 5.37451997725606 21.252745557555297 -1.0079811559783458 7.125107887502278 2.672695362892483 -6.801216886718961 -4.651727591229269 -8.16150556719215 0.8922134624943112
10.160320641282565 10.566178518530887 1.6843497053316092 5.159420483369459 3.1914966718654725 -1.8388403431936595 -0.4211643783465213 14.106085095095374 20.765029192990294 34.653624497019464 16.730611725064843 19.243628231544495 8.525695211401672 12.902147778129184 0.1308363989096586 3.1008691656346583 19.734028013738545 7.570672876232936 11.37871861984534 1.7656056574445955 5.387909142865883 21.26613472316512 -0.994591990368523 7.138497053112101 2.686084528502306 -6.787827721109138 -4.638338425619446 -8.148116401582326 0.9056026281041163
10.220440881763526 10.579501263824529 1.6976724506252339 5.172743228663084 3.204819417159097 -1.825517597900017 -0.40784163305289667 14.119407840388998 20.77835193828392 34.6669472423131 16.743934470358486 19.25695097683813 8.539017956695314 12.915470523422808 0.14415914420328324 3.114191910928283 19.747350759032177 7.583995621526561 11.392041365138965 1.778928402738238 5.401231888159526 21.279457468458745 -0.9812692450748806 7.151819798405725 2.6994072737959485 -6.774504975815513 -4.625015680325822 -8.134793656288684 0.9189253733977587
10.280561122244489 10.592758703558669 1.7109298903593917 5.1860006683972415 3.218076856893255 -1.812260158165877 -0.39458419331873884 14.132665280123156 20.791609378018077 34.68020468204725 16.757191910092626 19.270208416572277 8.552275396429454 12.928727963156966 0.15741658393744107 3.127449350662441 19.760608198766327 7.5972530612607185 11.405298804873123 1.792185842472378 5.414489327893666 21.292714908192902 -0.9680118053407405 7.165077238139883 2.7126647135300885 -6.761247536081355 -4.611758240591664 -8.121536216554544 0.9321828131318988
10.34068136272545 10.605951942938443 1.7241231297391657 5.1991939077770155 3.231270096273029 -1.7990669187860853 -0.3813909539389648 14.14585851950293 20.80480261739785 34.69339792142702 16.7703851494724 19.28340165595206 8.565468635809246 12.94192120253674 0.17060982331721508 3.140642590042215 19.7738014381461 7.6104463006404925 11.418492044252897 1.805379081852152 5.42768256727344 21.305908147572676 -0.9548185659609487 7.178270477519657 2.7258579529098625 -6.748054296701581 -4.59856500121189 -8.10834297717477 0.9453760525116905
10.400801603206412 10.619082067399841 1.7372532542005636 5.2123240322384135 3.244400220734427 -1.7859367943246873 -0.3682608294775669 14.158988643964328 20.81793274185925 34.70652804588842 16.783515273933798 19.296531780413456 8.578598760270644 12.955051326998138 0.18373994777861302 3.1537727145036127 19.7869315626075 7.6235764251018905 11.431622168714295 1.8185092063135677 5.440812691734838 21.319038272034074 -0.9416884414995508 7.191400601981055 2.7389880773712605 -6.734924172240183 -4.585434876750492 -8.095212852713354 0.9585061769730885
10.460921843687375 10.632150152516555 1.75032133931726 5.22539211735511 3.2574683058511233 -1.772868709207991 -0.35519274436087045 14.172056729081024 20.831000826975945 34.71959613100512 16.796583359050494 19.309599865530156 8.59166684538734 12.968119412114834 0.19680803289530946 3.166840799620309 19.799999647724203 7.636644510218587 11.444690253830991 1.8315772914302642 5.453880776851534 21.33210635715077 -0.9286203563828543 7.2044686870977515 2.7520561624879747 -6.721856087123487 -4.572366791633796 -8.082144767596658 0.9715742620897849
