web/models/mosfit_kne/mosfit_kn_1.0000/mosfit_kn_0.007937_0.1083_1.0000.dat
# %ECSV 1.0
# ---
# datatype:
# - {name: time, datatype: float64}
# - {name: PS1_g, datatype: float64}
# - {name: PS1_i, datatype: float64}
# - {name: PS1_r, datatype: float64}
# - {name: PS1_w, datatype: float64}
# - {name: PS1_y, datatype: float64}
# - {name: PS1_z, datatype: float64}
# - {name: swift_uvot_B, datatype: float64}
# - {name: swift_uvot_U, datatype: float64}
# - {name: swift_uvot_uvm2, datatype: float64}
# - {name: swift_uvot_uvw1, datatype: float64}
# - {name: swift_uvot_uvw2, datatype: float64}
# - {name: swift_uvot_V, datatype: float64}
# - {name: johnson_B, datatype: float64}
# - {name: johnson_I, datatype: float64}
# - {name: johnson_R, datatype: float64}
# - {name: johnson_U, datatype: float64}
# - {name: johnson_V, datatype: float64}
# - {name: sdss_g, datatype: float64}
# - {name: sdss_i, datatype: float64}
# - {name: sdss_r, datatype: float64}
# - {name: sdss_u, datatype: float64}
# - {name: sdss_z, datatype: float64}
# - {name: ATLAS_c, datatype: float64}
# - {name: ATLAS_o, datatype: float64}
# - {name: ukirt_H, datatype: float64}
# - {name: ukirt_J, datatype: float64}
# - {name: ukirt_K, datatype: float64}
# - {name: Clear, datatype: float64}
# meta: !!omap
# - comment: [kappa = 1.0, type = rprocess, mass = 0.00793700525986525, velocity = 0.10833333333333334, theta_obs = 0.0, tfloor = 1000.0]
# schema: astropy-2.0
time PS1_g PS1_i PS1_r PS1_w PS1_y PS1_z swift_uvot_B swift_uvot_U swift_uvot_uvm2 swift_uvot_uvw1 swift_uvot_uvw2 swift_uvot_V johnson_B johnson_I johnson_R johnson_U johnson_V sdss_g sdss_i sdss_r sdss_u sdss_z ATLAS_c ATLAS_o ukirt_H ukirt_J ukirt_K Clear
[from data line 231]
13.947895791583166 8.652176046288886 -0.2296527669104087 3.245418011127441 1.2774941996234546 -3.7528428154356597 -2.3351668505885392 12.192082622853356 18.851026720748276 32.73962202477745 14.816609252822825 17.329625759302477 6.611692739159671 10.988145305887166 -1.7831660733323593 1.1868666933926406 17.820025541496534 5.656670403990918 9.464716147603323 -0.14839681479740463 3.4739066706238653 19.352132250923102 -2.908594462610523 5.224494580870083 0.7720820562603059 -8.701830193351155 -6.552340897861464 -10.062118873824327 -1.0083998441378839
14.008016032064127 8.660176793763696 -0.22165201943558088 3.253418758602251 1.2854949470982824 -3.7448420679608496 -2.3271661031137114 12.200083370328183 18.859027468223104 32.74762277225228 14.824610000297653 17.337626506777305 6.619693486634481 10.996146053361993 -1.7751653258575315 1.1948674408674684 17.828026288971344 5.664671151465728 9.47271689507815 -0.14039606732259458 3.481907418098693 19.36013299839793 -2.900593715135713 5.2324953283449105 0.780082803735116 -8.693829445876345 -6.544340150386654 -10.054118126349517 -1.0003990966630738
14.06813627254509 8.66814409756456 -0.21368471563473435 3.2613860624031155 1.293462250899129 -3.7368747641599853 -2.319198799312865 12.208050674129048 18.86699477202395 32.75559007605313 14.832577304098518 17.34559381057817 6.627660790435345 11.00411335716284 -1.7671980220566672 1.202834744668315 17.83599359277221 5.6726384552665925 9.480684198878997 -0.13242876352173027 3.4898747218995574 19.368100302198776 -2.8926264113348488 5.240462632145757 0.7880501075359803 -8.68586214207548 -6.53637284658579 -10.046150822548652 -0.9924317928622095
14.128256513026052 8.676078258124615 -0.2057505550746619 3.26932022296317 1.3013964114592014 -3.7289406035999306 -2.3112646387527924 12.215984834689102 18.874928932584023 32.76352423661319 14.840511464658572 17.353527971138224 6.6355949509954 11.012047517722912 -1.7592638614966125 1.2107689052283874 17.843927753332263 5.680572615826665 9.48861835943907 -0.12449460296167558 3.497808882459612 19.37603446275885 -2.884692250774794 5.2483967927058295 0.795984268096035 -8.677927981515426 -6.528438686025735 -10.038216661988598 -0.9844976323021548
14.188376753507013 8.68397956463168 -0.1978492485676142 3.2772215294702356 1.309297717966249 -3.721039297092865 -2.3033633322457447 12.22388614119615 18.88283023909107 32.77142554312025 14.848412771165638 17.36142927764529 6.643496257502465 11.01994882422996 -1.751362554989547 1.218670211735435 17.85182905983933 5.688473922333713 9.496519665946117 -0.11659329645461014 3.5057101889666775 19.383935769265896 -2.8767909442677286 5.256298099212877 0.8038855746031004 -8.67002667500836 -6.52053737951867 -10.030315355481532 -0.9765963257950894
14.248496993987976 8.691848308144916 -0.18998050505436126 3.285090272983471 1.3171664614794842 -3.71317055357963 -2.295494588732492 12.231754884709403 18.890698982604306 32.77929428663349 14.856281514678873 17.369298021158524 6.651365001015701 11.027817567743213 -1.7434938114763119 1.226538955248688 17.859697803352564 5.696342665846948 9.504388409459352 -0.10872455294137495 3.5135789324799127 19.39180451277913 -2.8689222007544934 5.264166842726112 0.8117543181163356 -8.662157931495125 -6.512668636005435 -10.022446611968297 -0.9687275822818542
14.308617234468937 8.699684769175011 -0.1821440440242661 3.2929267340135837 1.3250029225095972 -3.705334092549535 -2.2876581277023966 12.239591345739498 18.89853544363442 32.78713074766359 14.864117975708968 17.37713448218862 6.659201462045796 11.035654028773308 -1.7356573504462167 1.2343754162787832 17.86753426438266 5.704179126877061 9.512224870489465 -0.10088809191127979 3.521415393510008 19.399640973809245 -2.8610857397243983 5.272003303756225 0.8195907791464307 -8.654321470465012 -6.504832174975322 -10.014610150938202 -0.960891121251759
14.3687374749499 8.707489221115043 -0.17433959208425165 3.300731185953598 1.3328073744496116 -3.6975296406095026 -2.279853675762382 12.247395797679513 18.906339895574433 32.79493519960361 14.871922427648983 17.384938934128634 6.667005913985828 11.043458480713323 -1.7278528985062023 1.2421798682187977 17.87533871632269 5.711983578817075 9.52002932242948 -0.09308363997124758 3.5292198454500223 19.40744542574926 -2.853281287784366 5.27980775569624 0.827395231086463 -8.646517018524998 -6.497027723035307 -10.00680569899817 -0.9530866693117268
14.428857715430862 8.71526194548073 -0.16656686771854723 3.3085039103193026 1.340580098815316 -3.689756916243798 -2.2720809513966778 12.255168522045217 18.914112619940138 32.80270792396931 14.879695152014687 17.39271165849434 6.674778638351532 11.051231205079027 -1.7200801741404979 1.249952592584502 17.883111440688396 5.71975630318278 9.527802046795184 -0.08531091560556092 3.5369925698157267 19.415218150114963 -2.8455085634186617 5.287580480061944 0.8351679554521496 -8.638744294159293 -6.489254998669603 -9.999032974632465 -0.9453139449460224
14.488977955911823 8.723003211745528 -0.158825601453767 3.316245176584083 1.3483213650800963 -3.682015649979018 -2.2643396851318975 12.262909788309997 18.921853886204918 32.8104491902341 14.887436418279485 17.40045292475912 6.682519904616313 11.058972471343807 -1.7123389078757176 1.2576938588492823 17.890852706953176 5.72749756944756 9.535543313059964 -0.07756964934076294 3.5447338360805247 19.422959416379744 -2.8377672971538814 5.295321746326724 0.8429092217169476 -8.631003027894513 -6.481513732404823 -9.991291708367685 -0.9375726786812422
14.549098196392785 8.730713290880274 -0.15111552231900305 3.3239552557188468 1.3560314442148602 -3.674305570844272 -2.2566296059971336 12.270619867444761 18.929563965339682 32.818159269368856 14.895146497414231 17.408163003893883 6.690229983751059 11.066682550478571 -1.7046288287409537 1.2654039379840463 17.898562786087922 5.735207648582324 9.543253392194728 -0.06985957020601674 3.552443915215271 19.430669495514508 -2.8300572180191352 5.303031825461488 0.8506193008516938 -8.62329294875975 -6.473803653270059 -9.983581629232939 -0.929862599546496
14.609218436873746 8.738392442930696 -0.14343637026858147 3.3316344077692506 1.3637105962652818 -3.66662641879385 -2.248950453946712 12.278299019495183 18.937243117390103 32.82583842141927 14.902825649464653 17.415842155944304 6.69790913580148 11.074361702528993 -1.696949676690532 1.2730830900344678 17.906241938138344 5.742886800632728 9.55093254424515 -0.06218041815559516 3.5601230672656925 19.43834864756493 -2.8223780659687137 5.31071097751191 0.8582984529021154 -8.615613796709345 -6.466124501219655 -9.975902477182517 -0.9221834474960744
14.669338677354709 8.746040927901024 -0.13578788529825303 3.339282892739579 1.3713590812355925 -3.6589779338235218 -2.2413019689763836 12.285947504465511 18.944891602360414 32.833486906389595 14.910474134434981 17.423490640914633 6.705557620771809 11.082010187499321 -1.6893011917202037 1.2807315750047785 17.913890423108672 5.750535285603056 9.55858102921546 -0.05453193318526672 3.567771552236021 19.44599713253524 -2.814729580998385 5.318359462482221 0.8659469378724438 -8.607965311739017 -6.458476016249326 -9.968253992212189 -0.914534962525746
14.729458917835672 8.753659004987622 -0.12816980821167334 3.3469009698261765 1.37897715832219 -3.6513598567369243 -2.233683891889804 12.293565581552091 18.95250967944701 32.84110498347619 14.918092211521579 17.43110871800123 6.713175697858406 11.089628264585901 -1.6816831146336062 1.288349652091376 17.92150850019527 5.7581533626896535 9.566199106302058 -0.04691385609866927 3.5753896293226184 19.453615209621837 -2.8071115039117878 5.325977539568818 0.8735650149590413 -8.60034723465242 -6.450857939162729 -9.960635915125591 -0.9069168854391485
14.789579158316633 8.761246927709845 -0.1205818854894325 3.3544888925483995 1.386565081044413 -3.6437719340147012 -2.226095969167563 12.301153504274332 18.960097602169235 32.848692906198416 14.925680134243802 17.438696640723453 6.720763620580629 11.097216187308142 -1.6740951919113831 1.2959375748136168 17.929096422917493 5.765741285411877 9.573787029024281 -0.03932593337644619 3.5829775520448415 19.46120313234406 -2.7995235811895647 5.333565462291041 0.8811529376812643 -8.592759311930196 -6.443270016440506 -9.953047992403368 -0.8993289627169254
14.849699398797595 8.768804949695284 -0.11302386350399374 3.362046914533856 1.3941231030298695 -3.6362139120292625 -2.2185379471821243 12.30871152625977 18.96765562415469 32.85625092818386 14.93323815622924 17.446254662708892 6.728321642566068 11.10477420929358 -1.6665371699259444 1.3034955967990556 17.93665444490293 5.773299307397333 9.581345051009738 -0.03176791139100743 3.5905355740302802 19.468761154329517 -2.791965559204126 5.341123484276498 0.8887109596667031 -8.58520128994474 -6.435711994455049 -9.94548997041793 -0.8917709407314867
14.909819639278556 8.776333310891822 -0.10549550230745552 3.3695752757303943 1.4016514642264077 -3.6286855508327243 -2.211009585985586 12.316239887456309 18.97518398535123 32.8637792893804 14.940766517425779 17.45378302390543 6.735850003762606 11.112302570490119 -1.6590088087294061 1.3110239579955938 17.94418280609947 5.780827668593871 9.588873412206276 -0.024239550194469217 3.5980639352268184 19.476289515526055 -2.7844371980075877 5.348651845473036 0.8962393208632413 -8.577672928748202 -6.428183633258511 -9.937961609221391 -0.8842425795349484
14.969939879759519 8.783833187935599 -0.09799562526367822 3.3770751527741716 1.409151341270185 -3.621185673788947 -2.2035097089418088 12.323739764500086 18.982683862395007 32.87127916642418 14.948266394469556 17.461282900949207 6.743349880806384 11.119802447533896 -1.6515089316856288 1.318523835039371 17.951682683143247 5.788327545637649 9.596373289250053 -0.016739673150691914 3.6055638122705957 19.483789392569832 -2.7769373209638104 5.356151722516813 0.9037391979070186 -8.570173051704424 -6.420683756214752 -9.930461732177614 -0.8767427024911711
15.03006012024048 8.791302564926795 -0.09052624827248223 3.38454452976535 1.4166207182613633 -3.613716296797751 -2.1960403319506128 12.331209141491282 18.990153239386185 32.87874854341536 14.955735771460752 17.468752277940403 6.75081925779758 11.127271824525092 -1.6440395546944329 1.325993212030567 17.959152060134443 5.795796922628827 9.603842666241231 -0.009270296159495928 3.6130331892617917 19.49125876956101 -2.7694679439726144 5.363621099507991 0.9112085748982146 -8.562703674713246 -6.413214379223556 -9.922992355186418 -0.8692733254999752
15.090180360721442 8.798743179036368 -0.08308563416290937 3.3919851438749227 1.424061332370954 -3.606275682688178 -2.18859971784104 12.338649755600855 18.997593853495776 32.88618915752494 14.963176385570325 17.476192892049976 6.7582598719071525 11.134712438634665 -1.63659894058486 1.33343382614014 17.966592674244016 5.8032375367384 9.611283280350804 -0.0018296820499230648 3.6204738033713646 19.4986993836706 -2.7620273298630416 5.371061713617582 0.9186491890077875 -8.555263060603673 -6.405773765113983 -9.915551741076845 -0.8618327113904023
15.150300601202405 8.806155192922649 -0.07567362027664615 3.3993971577612037 1.4314733462572171 -3.598863668801897 -2.1811877039547767 12.346061769487118 19.00500586738204 32.89360117141121 14.970588399456588 17.48360490593624 6.7656718857934335 11.142124452520928 -1.6291869266985968 1.3408458400264032 17.974004688130297 5.810649550624681 9.618695294237085 0.005582331836357923 3.627885817257628 19.506111397556865 -2.7546153159767606 5.378473727503845 0.9260612028940685 -8.547851046717392 -6.398361751227702 -9.908139727190564 -0.8544206975041213
15.210420841683366 8.81353879258656 -0.06829002061271794 3.406780757425114 1.4388569459211276 -3.5914800691379867 -2.1738041042908485 12.353445369151046 19.01238946704595 32.90098477107513 14.977971999120516 17.490988505600168 6.773055485457344 11.149508052184856 -1.6218033270346686 1.3482294396903314 17.981388287794207 5.818033150288591 9.626078893900996 0.012965931500268368 3.635269416921556 19.513494997220775 -2.74723171631285 5.385857327167756 0.9334448025579789 -8.540467447053482 -6.390978151563791 -9.900756127526654 -0.8470370978402109
15.270541082164328 8.820894184628134 -0.06093462857114318 3.4141361494667066 1.44621233796272 -3.584124677096394 -2.1664487122492737 12.360800761192621 19.01974485908754 32.90834016311671 14.985327391162091 17.498343897641742 6.7804108774989365 11.156863444226431 -1.6144479349930938 1.3555848317319061 17.9887436798358 5.825388542330184 9.633434285942588 0.020321323541843128 3.642624808963131 19.520850389262367 -2.7398763242712754 5.393212719209348 0.9408001945995537 -8.53311205501189 -6.383622759522199 -9.893400735485061 -0.8396817057986183
15.33066132264529 8.828221580299527 -0.053607232899750556 3.4214635451380992 1.4535397336341127 -3.5767972814250193 -2.159121316577881 12.368128156864014 19.027072254758934 32.91566755878811 14.992654786833484 17.505671293313135 6.787738273170311 11.164190839897824 -1.6071205393217012 1.3629122274032988 17.996071075507174 5.832715938001576 9.64076168161398 0.02764871921323575 3.6499522046345234 19.52817778493376 -2.7325489285998827 5.400540114880741 0.9481275902709463 -8.525784659340497 -6.376295363850806 -9.886073339813686 -0.8323543101272435
15.390781563126252 8.83552119692352 -0.04630761627575808 3.428763161762074 1.4608393502581052 -3.569497664801027 -2.1518216999538886 12.375427773488006 19.034371871382927 32.92296717541209 14.999954403457476 17.512970909937128 6.795037889794304 11.171490456521816 -1.5998209226977087 1.3702118440272912 18.003370692131167 5.840015554625551 9.648061298237973 0.03494833583722823 3.657251821258516 19.535477401557753 -2.7252493119758903 5.407839731504733 0.9554272068949388 -8.518485042716522 -6.3689957472268315 -9.878773723189694 -0.825054693503251
15.450901803607215 8.842793250158127 -0.03903556304114986 3.436035214996682 1.4681114034926956 -3.5622256115664186 -2.1445496467192804 12.382699826722614 19.041643924617517 32.9302392286467 15.007226456692084 17.520242963171736 6.802309943028912 11.178762509756424 -1.5925488694631005 1.3774838972618817 18.010642745365775 5.847287607860159 9.655333351472564 0.04222038907183645 3.664523874493124 19.542749454792343 -2.717977258741282 5.415111784739324 0.962699260129547 -8.511212989481914 -6.361723693992223 -9.871501669955085 -0.8177826402686428
15.511022044088175 8.85003795093997 -0.03179086225930661 3.443279915778543 1.4753561042745567 -3.5549809107845576 -2.137304945937437 12.389944527504458 19.04888862539938 32.93748392942855 15.014471157473928 17.52748766395358 6.809554643810773 11.186007210538268 -1.5853041686812572 1.3847285980437427 18.017887446147636 5.85453230864202 9.662578052254425 0.0494650898536797 3.6717685752749674 19.549994155574204 -2.710732557959439 5.422356485521185 0.9699439609113902 -8.503968288700053 -6.354478993210362 -9.864256969173242 -0.8105379394867995
15.571142284569138 8.857255516747315 -0.024573296451961824 3.45049748158587 1.4825736700818837 -3.5477633449772306 -2.1300873801300924 12.397162093311803 19.056106191206705 32.94470149523588 15.021688723281272 17.534705229760924 6.8167722096181 11.193224776345595 -1.5780866028739124 1.3919461638510697 18.025105011954963 5.861749874449347 9.669795618061752 0.056682655661024484 3.678986141082312 19.55721172138153 -2.703514992152094 5.429574051328512 0.977161526718735 -8.496750722892726 -6.347261427403035 -9.857039403365897 -0.8033203736794547
