web/models/mosfit_kne/mosfit_kn_1.0000/mosfit_kn_0.007937_0.2180_1.0000.dat
# %ECSV 1.0
# ---
# datatype:
# - {name: time, datatype: float64}
# - {name: PS1_g, datatype: float64}
# - {name: PS1_i, datatype: float64}
# - {name: PS1_r, datatype: float64}
# - {name: PS1_w, datatype: float64}
# - {name: PS1_y, datatype: float64}
# - {name: PS1_z, datatype: float64}
# - {name: swift_uvot_B, datatype: float64}
# - {name: swift_uvot_U, datatype: float64}
# - {name: swift_uvot_uvm2, datatype: float64}
# - {name: swift_uvot_uvw1, datatype: float64}
# - {name: swift_uvot_uvw2, datatype: float64}
# - {name: swift_uvot_V, datatype: float64}
# - {name: johnson_B, datatype: float64}
# - {name: johnson_I, datatype: float64}
# - {name: johnson_R, datatype: float64}
# - {name: johnson_U, datatype: float64}
# - {name: johnson_V, datatype: float64}
# - {name: sdss_g, datatype: float64}
# - {name: sdss_i, datatype: float64}
# - {name: sdss_r, datatype: float64}
# - {name: sdss_u, datatype: float64}
# - {name: sdss_z, datatype: float64}
# - {name: ATLAS_c, datatype: float64}
# - {name: ATLAS_o, datatype: float64}
# - {name: ukirt_H, datatype: float64}
# - {name: ukirt_J, datatype: float64}
# - {name: ukirt_K, datatype: float64}
# - {name: Clear, datatype: float64}
# meta: !!omap
# - comment: [kappa = 1.0, type = rprocess, mass = 0.00793700525986525, velocity = 0.21800000000000003, theta_obs = 0.0, tfloor = 1000.0]
# schema: astropy-2.0
time PS1_g PS1_i PS1_r PS1_w PS1_y PS1_z swift_uvot_B swift_uvot_U swift_uvot_uvm2 swift_uvot_uvw1 swift_uvot_uvw2 swift_uvot_V johnson_B johnson_I johnson_R johnson_U johnson_V sdss_g sdss_i sdss_r sdss_u sdss_z ATLAS_c ATLAS_o ukirt_H ukirt_J ukirt_K Clear
[from data line 115]
6.973947895791583 7.938664155905393 -0.9431646572938845 2.5319061207439475 0.5639823092399787 -4.466354705819153 -3.048678740972015 11.47857073246988 18.137514830364783 32.02611013439397 14.10309736243935 16.616113868919 5.898180848776177 10.27463341550369 -2.496677963715835 0.47335480300916477 17.10651365111304 4.9431585136074245 8.751204257219829 -0.8619087051808982 2.7603947802403894 18.63862036053961 -3.6221063529940167 4.510982690486589 0.0585701658768123 -9.415342083734648 -7.265852788244958 -10.77563076420782 -1.7219117345213775
7.034068136272545 7.957475140947494 -0.9243536722517831 2.550717105786049 0.5827932942820802 -4.447543720777052 -3.0298677559299136 11.497381717511981 18.156325815406902 32.044921119436076 14.121908347481451 16.634924853961103 5.916991833818279 10.293444400545791 -2.4778669786737337 0.4921657880512662 17.125324636155142 4.961969498649544 8.770015242261948 -0.8430977201387968 2.779205765282491 18.657431345581728 -3.6032953679519153 4.529793675528708 0.07738115091891373 -9.396531098692547 -7.2470418032028565 -10.756819779165719 -1.703100749479276
7.0941883767535066 7.976130250382454 -0.9056985628168235 2.5693722152210086 0.601448403717022 -4.428888611342092 -3.011212646494954 11.51603682694694 18.174980924841844 32.06357622887102 14.14056345691641 16.653579963396062 5.935646943253238 10.312099509980733 -2.459211869238774 0.5108208974862081 17.1439797455901 4.980624608084486 8.78867035169689 -0.8244426107038372 2.7978608747174505 18.67608645501667 -3.5846402585169557 4.54844878496365 0.09603626035387336 -9.377875989257587 -7.228386693767897 -10.73816466973076 -1.6844456400443164
7.154308617234468 7.994632410965075 -0.8871964022342027 2.5878743758036293 0.6199505642996428 -4.410386450759471 -2.9927104859123332 11.534538987529562 18.193483085424464 32.08207838945365 14.159065617499031 16.672082123978683 5.954149103835859 10.330601670563372 -2.4407097086561533 0.5293230580688288 17.162481906172722 4.999126768667106 8.80717251227951 -0.8059404501212164 2.8163630353000713 18.69458861559929 -3.566138097934335 4.566950945546271 0.11453842093649413 -9.359373828674967 -7.209884533185276 -10.719662509148138 -1.6659434794616956
7.214428857715431 8.012984151714964 -0.8688446614843137 2.6062261165535183 0.6383023050495318 -4.3920347100095825 -2.9743587451624443 11.55289072827945 18.211834826174353 32.100430130203534 14.17741735824892 16.690433864728572 5.972500844585748 10.348953411313243 -2.4223579679062643 0.5476747988187178 17.18083364692261 5.017478509416995 8.8255242530294 -0.7875887093713274 2.8347147760499602 18.71294035634918 -3.547786357184446 4.58530268629616 0.13289016168638312 -9.341022087925078 -7.191532792435387 -10.70131076839825 -1.6475917387118066
7.274549098196393 8.03118818628569 -0.850640626913588 2.624430151124262 0.6565063396202753 -4.373830675438857 -2.9561547105917185 11.571094762850176 18.230038860745097 32.11863416477427 14.195621392819646 16.708637899299298 5.990704879156474 10.367157445883986 -2.4041539333355386 0.5658788333894613 17.199037681493337 5.035682543987739 8.843728287600143 -0.7693846748006017 2.852918810620686 18.731144390919923 -3.52958232261372 4.603506720866903 0.15109419625710885 -9.322818053354334 -7.173328757864644 -10.683106733827524 -1.629387704141081
7.3346693386773545 8.049247016962973 -0.8325817962363047 2.6424889818015274 0.6745651702975408 -4.355771844761573 -2.938095879914435 11.58915359352746 18.248097691422362 32.13669299545155 14.21368022349693 16.72669672997658 6.008763709833757 10.385216276561252 -2.3860951026582553 0.5839376640667269 17.21709651217062 5.053741374665004 8.861787118277409 -0.7513258441233184 2.8709776412979693 18.749203221597188 -3.511523491936437 4.621565551544169 0.16915302693439216 -9.304759222677069 -7.155269927187378 -10.66504790315024 -1.6113288734637976
7.394789579158316 8.067163097349432 -0.8146657158498449 2.660405062188005 0.6924812506840183 -4.337855764375114 -2.9201797995279755 11.60706967391392 18.26601377180884 32.15460907583801 14.23159630388339 16.74461281036304 6.026679790220217 10.40313235694773 -2.3681790222717956 0.6018537444532044 17.23501259255708 5.071657455051482 8.879703198663886 -0.7334097637368586 2.888893721684429 18.767119301983666 -3.493607411549977 4.639481631930646 0.1870691073208519 -9.286843142290591 -7.137353846800918 -10.64713182276378 -1.5934127930773379
7.454909819639278 8.084938908773172 -0.7968899044261057 2.678180873611744 0.7102570621077575 -4.320079952951357 -2.9024039881042363 11.624845485337659 18.28378958323258 32.17238488726175 14.249372115307128 16.76238862178678 6.044455601643974 10.420908168371469 -2.3504032108480564 0.6196295558769436 17.252788403980837 5.089433266475221 8.897479010087626 -0.7156339523131194 2.9066695331081682 18.784895113407405 -3.475831600126238 4.657257443354386 0.2048449187445911 -9.269067330866852 -7.119578035377161 -10.629356011340041 -1.5756369816535987
7.51503006012024 8.102581210891309 -0.7792476023079686 2.6958231757298634 0.7278993642258946 -4.302437650833237 -2.884761685986099 11.642487787455796 18.3014318853507 32.19002718937988 14.267014417425266 16.780030923904917 6.062097903762093 10.438550470489606 -2.3327609087299193 0.6372718579950807 17.270430706098956 5.10707556859334 8.915121312205745 -0.6979916501949823 2.9243118352263053 18.802537415525524 -3.458189298008101 4.674899745472505 0.2224872208627282 -9.251425028748733 -7.101935733259042 -10.611713709221904 -1.5579946795354616
7.575150300601202 8.120081381232165 -0.7617474319671125 2.7133233460707196 0.7453995345667508 -4.284937480492381 -2.867261515645243 11.659987957796652 18.318932055691572 32.20752735972074 14.284514587766122 16.797531094245773 6.079598074102949 10.456050640830462 -2.315260738389063 0.6547720283359368 17.287930876439813 5.124575738934214 8.932621482546619 -0.6804914798541262 2.9418120055671615 18.820037585866398 -3.4406891276672447 4.692399915813379 0.23998739120358437 -9.233924858407876 -7.084435562918186 -10.594213538881048 -1.5404945091946054
7.635270541082164 8.137448866733958 -0.7443799464653189 2.730690831572531 0.7627670200685444 -4.267569994990588 -2.8498940301434494 11.677355443298445 18.336299541193366 32.224894845222536 14.301882073267915 16.814898579747567 6.096965559604743 10.473418126332255 -2.2978932528872695 0.6721395138377304 17.305298361941624 5.141943224436008 8.949988968048412 -0.6631239943523326 2.959179491068955 18.83740507136819 -3.423321642165451 4.7097674013151725 0.25735487670537793 -9.216557372906065 -7.0670680774163745 -10.576846053379255 -1.5231270236928118
7.695390781563126 8.15468548937659 -0.7271433238227054 2.7479274542151444 0.7800036427111579 -4.250333372347956 -2.832657407500836 11.694592065941059 18.35353616383598 32.24213146786516 14.319118695910529 16.83213520239018 6.114202182247374 10.490654748974869 -2.280656630244656 0.6893761364803439 17.322534984584237 5.159179847078621 8.967225590691026 -0.6458873717097013 2.9764161137115686 18.854641694010805 -3.40608501952282 4.727004023957786 0.2745914993480092 -9.199320750263452 -7.049831454773761 -10.559609430736623 -1.5058904010501806
7.755511022044088 8.171793202385444 -0.7100356108138328 2.765035167224017 0.7971113557200304 -4.2332256593391016 -2.8155496944919634 11.711699778949932 18.370643876844852 32.259239180874026 14.336226408919401 16.849242915399053 6.131309895256229 10.507762461983742 -2.2635489172357834 0.7064838494892165 17.339642697593092 5.176287560087494 8.984333303699898 -0.6287796587008465 2.993523826720441 18.871749407019678 -3.388977306513965 4.7441117369666586 0.291699212356864 -9.182213037254579 -7.0327237417648885 -10.542501717727768 -1.4887826880413257
7.8156312625250495 8.188773862311152 -0.6930549508881256 2.7820158271497064 0.8140920156457376 -4.216244999413394 -2.798569034566256 11.728680438875639 18.38762453677056 32.27621984079973 14.353207068845109 16.86622357532476 6.148290555181936 10.524743121909449 -2.2465682573100763 0.7234645094149237 17.3566233575188 5.1932682200131834 9.001313963625606 -0.6117989987751393 3.0105044866461483 18.888730066945385 -3.371996646588258 4.761092396892366 0.3086798722825712 -9.16523237732889 -7.015743081839199 -10.525521057802061 -1.4718020281156186
7.875751503006012 8.205629467923554 -0.6761993452757231 2.798871432762109 0.8309476212581224 -4.199389393800992 -2.7817134289538537 11.745536044488041 18.404480142382944 32.293075446412125 14.370062674457511 16.883079180937163 6.165146160794339 10.541598727521851 -2.2297126516976737 0.7403201150273084 17.373478963131202 5.210123825625586 9.01816956923799 -0.5949433931627368 3.027360092258551 18.90558567255777 -3.3551410409758553 4.7779480025047505 0.3255354778949737 -9.148376771716487 -6.9988874762267965 -10.508665452189659 -1.454946422503216
7.935871743486974 8.222361904846256 -0.6594669083530214 2.8156038696848107 0.8476800581808241 -4.18265695687829 -2.764980992031152 11.762268481410743 18.421212579305646 32.30980788333483 14.386795111380213 16.899811617859864 6.1818785977170405 10.558331164444553 -2.212980214774972 0.7570525519500102 17.390211400053904 5.226856262548288 9.034902006160692 -0.578210956240035 3.0440925291812526 18.92231810948047 -3.3384086040531535 4.794680439427452 0.3422679148176755 -9.131644334793785 -6.982155039304095 -10.491933015266957 -1.4382139855805143
7.995991983967936 8.238973010156219 -0.6428558030430587 2.8322149749947734 0.8642911634907868 -4.166045851568327 -2.748369886721189 11.778879586720706 18.43782368461561 32.32641898864479 14.403406216690176 16.916422723169827 6.198489703027003 10.574942269754498 -2.1963691094650093 0.7736636572599729 17.406822505363866 5.24346736785825 9.051513111470655 -0.5615998509300724 3.0607036344912153 18.938929214790434 -3.321797498743191 4.811291544737415 0.35887902012763817 -9.115033229483823 -6.965543933994132 -10.475321909956994 -1.4216028802705516
8.056112224448897 8.25546471186593 -0.6263641013333476 2.848706676704502 0.8807828652005156 -4.149554149858599 -2.731878185011478 11.795371288430417 18.454315386325337 32.34291069035451 14.419897918399887 16.932914424879538 6.214981404736714 10.591433971464227 -2.1798774077552983 0.7901553589697017 17.423314207073595 5.259959069567979 9.068004813180384 -0.5451081492203613 3.0771953362009263 18.955420916500163 -3.30530579703348 4.827783246447144 0.3753707218373492 -9.098541527774094 -6.949052232284403 -10.458830208247283 -1.4051111785608406
8.11623246492986 8.271838744783633 -0.6099900684156623 2.8650807096221875 0.897156898118201 -4.133180116940913 -2.715504152093793 11.81174532134812 18.470689419243023 32.359284723272204 14.43627195131759 16.94928845779724 6.231355437654417 10.607808004381912 -2.163503374837595 0.806529391887387 17.43968823999128 5.276333102485665 9.084378846098069 -0.5287341163026582 3.0935693691186295 18.97179494941785 -3.2889317641157767 4.844157279364829 0.3917447547550523 -9.082167494856408 -6.932678199366718 -10.44245617532958 -1.3887371456431374
8.176352705410821 8.288096895279615 -0.5937319179196621 2.88133886011817 0.9134150486142012 -4.116921966444931 -2.6992460015977926 11.828003471844102 18.486947569739023 32.3755428737682 14.452530101813572 16.965546608293224 6.2476135881504 10.624066154877912 -2.1472452243416127 0.8227875423833872 17.455946390487263 5.292591252981647 9.10063699659407 -0.5124759658066758 3.109827519614612 18.98805309991385 -3.2726736136197943 4.860415429860829 0.4080029052510348 -9.065909344360426 -6.9164200488707355 -10.426198024833598 -1.372478995147155
8.236472945891784 8.304240912822571 -0.5775879003767059 2.897482877661144 0.9295590661571573 -4.100777948901957 -2.6831019840548365 11.844147489387058 18.50309158728198 32.39168689131115 14.468674119356528 16.98169062583618 6.263757605693374 10.640210172420868 -2.1311012067986566 0.8389315599263434 17.472090408030237 5.308735270524621 9.116781014137025 -0.4963319482637196 3.125971537157568 19.004197117456805 -3.2565295960768204 4.876559447403785 0.4241469227939909 -9.049765326817452 -6.900276031327762 -10.410054007290624 -1.356334977604181
8.296593186372744 8.320272427374942 -0.5615563858243355 2.9135143922134965 0.9455905807095277 -4.084746434349604 -2.667070469502466 11.860179003939429 18.51912310183435 32.40771840586351 14.484705633908899 16.99772214038855 6.279789120245726 10.656241686973239 -2.115069692246286 0.8549630744787138 17.48812192258259 5.3247667850769735 9.132812528689378 -0.48030043371134923 3.1420030517099384 19.020228632009175 -3.2404980815244677 4.892590961956156 0.4401784373463613 -9.0337338122651 -6.884244516775409 -10.394022492738271 -1.3403034630518285
8.356713426853707 8.336193131251672 -0.5456356819476049 2.929435096090227 0.9615112845862583 -4.068825730472874 -2.6511497656257355 11.87609970781616 18.53504380571108 32.42363910974024 14.50062633778563 17.01364284426528 6.295709824122457 10.67216239084997 -2.0991489883695555 0.8708837783554444 17.50404262645932 5.340687488953704 9.148733232566109 -0.4643797298346186 3.157923755586669 19.036149335885906 -3.224577377647737 4.908511665832869 0.4560991412230919 -9.017813108388369 -6.868323812898678 -10.37810178886154 -1.3243827591750978
8.41683366733467 8.352004630664869 -0.5298241825344085 2.9452465955034235 0.9773227839994547 -4.053014231059677 -2.635338266212539 11.891911207229356 18.55085530512426 32.43945060915344 14.516437837198826 17.029454343678477 6.311521323535653 10.687973890263166 -2.083337488956359 0.8866952777686408 17.519854125872516 5.3564989883669005 9.164544731979305 -0.44856823042142224 3.1737352549998654 19.051960835299084 -3.2087658782345407 4.924323165246065 0.4719106406362883 -9.002001608975172 -6.852512313485482 -10.362290289448344 -1.3085712597619015
8.47695390781563 8.367708452442386 -0.5141203607568912 2.960950417280941 0.9930266057769721 -4.03731040928216 -2.6196344444350217 11.907615029006873 18.566559126901776 32.45515443093095 14.532141658976343 17.045158165455994 6.327225145313171 10.703677712040683 -2.067633667178842 0.9023990995461582 17.535557947650034 5.372202810144418 9.180248553756822 -0.43286440864390485 3.189439076777383 19.0676646570766 -3.1930620564570233 4.9400269870235824 0.4876144624138057 -8.986297787197655 -6.836808491707965 -10.346586467670827 -1.292867437984384
8.537074148296593 8.38330619281873 -0.4985226203805482 2.976548157657284 1.008624346153315 -4.021712668905817 -2.6040367040586787 11.923212769383216 18.582156867278137 32.47075217130731 14.547739399352686 17.060755905832337 6.342822885689514 10.719275452417026 -2.052035926802499 0.9179968399225011 17.551155688026377 5.387800550520761 9.195846294133183 -0.41726666826756187 3.205036817153726 19.083262397452962 -3.1774643160806804 4.955624727399943 0.5032122027901487 -8.970700046821312 -6.821210751331622 -10.330988727294484 -1.277269697608041
8.597194388777554 8.39879932513 -0.4830294880692776 2.992041289968572 1.0241174784645857 -4.006219536594529 -2.588543571747408 11.938705901694487 18.597649999589407 32.48624530361858 14.563232531663957 17.076249038143608 6.358316018000802 10.734768584728297 -2.036542794491228 0.9334899722337717 17.566648820337665 5.403293682832049 9.211339426444454 -0.4017735359562913 3.2205299494649964 19.098755529764233 -3.1619711837694098 4.971117859711214 0.5187053351014193 -8.955206914510024 -6.805717619020333 -10.315495594983195 -1.2617765652967528
8.657314629258517 8.414189294325709 -0.46763951887356825 3.007431259164264 1.0395074476602773 -3.990829567398837 -2.573153602551699 11.954095870890196 18.6130399687851 32.501635272814276 14.578622500859666 17.091639007339317 6.373705987196494 10.750158553924006 -2.021152825295519 0.9488799414294811 17.582038789533357 5.418683652027741 9.226729395640145 -0.38638356676058194 3.2359199186607057 19.114145498959925 -3.1465812145737004 4.986507828906905 0.5340953042971286 -8.939816945314332 -6.790327649824642 -10.300105625787504 -1.2463865961010612
