web/models/mosfit_kne/mosfit_kn_1.0000/mosfit_kn_0.004263_0.4217_1.0000.dat
# %ECSV 1.0
# ---
# datatype:
# - {name: time, datatype: float64}
# - {name: PS1_g, datatype: float64}
# - {name: PS1_i, datatype: float64}
# - {name: PS1_r, datatype: float64}
# - {name: PS1_w, datatype: float64}
# - {name: PS1_y, datatype: float64}
# - {name: PS1_z, datatype: float64}
# - {name: swift_uvot_B, datatype: float64}
# - {name: swift_uvot_U, datatype: float64}
# - {name: swift_uvot_uvm2, datatype: float64}
# - {name: swift_uvot_uvw1, datatype: float64}
# - {name: swift_uvot_uvw2, datatype: float64}
# - {name: swift_uvot_V, datatype: float64}
# - {name: johnson_B, datatype: float64}
# - {name: johnson_I, datatype: float64}
# - {name: johnson_R, datatype: float64}
# - {name: johnson_U, datatype: float64}
# - {name: johnson_V, datatype: float64}
# - {name: sdss_g, datatype: float64}
# - {name: sdss_i, datatype: float64}
# - {name: sdss_r, datatype: float64}
# - {name: sdss_u, datatype: float64}
# - {name: sdss_z, datatype: float64}
# - {name: ATLAS_c, datatype: float64}
# - {name: ATLAS_o, datatype: float64}
# - {name: ukirt_H, datatype: float64}
# - {name: ukirt_J, datatype: float64}
# - {name: ukirt_K, datatype: float64}
# - {name: Clear, datatype: float64}
# meta: !!omap
# - comment: [kappa = 1.0, type = rprocess, mass = 0.004263435211354371, velocity = 0.4216666666666667, theta_obs = 0.0, tfloor = 1000.0]
# schema: astropy-2.0
time PS1_g PS1_i PS1_r PS1_w PS1_y PS1_z swift_uvot_B swift_uvot_U swift_uvot_uvm2 swift_uvot_uvw1 swift_uvot_uvw2 swift_uvot_V johnson_B johnson_I johnson_R johnson_U johnson_V sdss_g sdss_i sdss_r sdss_u sdss_z ATLAS_c ATLAS_o ukirt_H ukirt_J ukirt_K Clear
[from data line 87]
5.290581162324649 9.387554852752551 0.5057260395532559 3.9807968175911057 2.012873006087119 -3.017464008971995 -1.5997880441248746 12.92746142931702 19.58640552721194 33.475000831241125 15.551988059286508 18.06500456576616 7.3470715456233355 11.72352411235083 -1.047787266868677 1.9222454998563052 18.5554043479602 6.392049210454583 10.200094954066987 0.58698199166626 4.209285477087548 20.087511057386767 -2.1732156561468585 5.959873387333747 1.5074608627239705 -7.966451386887491 -5.8169620913978 -9.326740067360662 -0.27302103767421926
5.350701402805611 9.417896297366699 0.5360674841674218 4.011138262205254 2.0432144507012673 -2.987122564357847 -1.5694465995107088 12.957802873931186 19.616746971826096 33.50534227585527 15.582329503900656 18.095346010380307 7.377412990237484 11.753865556964996 -1.0174458222545288 1.952586944470471 18.585745792574347 6.422390655068731 10.230436398681135 0.6173234362804081 4.239626921701696 20.117852502000915 -2.1428742115327104 5.990214831947895 1.5378023073381186 -7.936109942273343 -5.786620646783652 -9.296398622746514 -0.24267959306007114
5.410821643286573 9.447983217260205 0.5661544040609279 4.04122518209876 2.073301370594791 -2.957035644464341 -1.5393596796172027 12.987889793824692 19.646833891719602 33.535429195748776 15.612416423794162 18.125432930273814 7.40749991013099 11.783952476858502 -0.9873589023610227 1.9826738643639772 18.615832712467853 6.452477574962237 10.260523318574641 0.6474103561739142 4.269713841595202 20.14793942189444 -2.1127872916392043 6.020301751841419 1.5678892272316247 -7.906023022379837 -5.7565337268901455 -9.266311702853008 -0.21259267316656505
5.4709418837675345 9.47780301335813 0.5959742001588353 4.071044978196685 2.1031211666926986 -2.9272158483664157 -1.5095398835192952 13.017709589922617 19.67665368781752 33.5652489918467 15.642236219892087 18.15525272637174 7.437319706228915 11.81377227295641 -0.9575391062630976 2.0124936604618844 18.645652508565778 6.482297371060162 10.290343114672567 0.6772301522718394 4.299533637693127 20.177759217992346 -2.082967495541279 6.050121547939327 1.59770902332955 -7.876203226281912 -5.72671393079222 -9.236491906755083 -0.18277287706863987
5.531062124248497 9.507359426267001 0.6255306130677241 4.100601391105556 2.1326775796015873 -2.8976594354575447 -1.4799834706104065 13.047266002831488 19.706210100726402 33.59480540475558 15.671792632800958 18.18480913928061 7.466876119137786 11.843328685865298 -0.9279826933542266 2.042050073370773 18.67520892147465 6.511853783969033 10.319899527581455 0.7067865651807104 4.329090050601998 20.207315630901228 -2.053411082632408 6.079677960848215 1.627265436238421 -7.846646813373041 -5.697157517883349 -9.206935493846212 -0.15321646415976886
5.591182364729459 9.536660031208655 0.6548312180093774 4.129901996047209 2.161978184543223 -2.8683588305158914 -1.4506828656687532 13.076566607773142 19.735510705668055 33.62410600969722 15.701093237742612 18.214109744222263 7.496176724079439 11.872629290806952 -0.8986820884125732 2.0713506783124265 18.704509526416302 6.5411543889106865 10.349200132523091 0.7360871701223637 4.358390655543651 20.23661623584288 -2.024110477690755 6.108978565789851 1.6565660411800742 -7.817346208431387 -5.667856912941696 -9.177634888904558 -0.12391585921811554
5.651302605210421 9.565713039565953 0.6838842263666578 4.158955004404508 2.191031192900521 -2.839305822158593 -1.4216298573114727 13.105619616130422 19.764563714025343 33.653159018054524 15.73014624609991 18.24316275257956 7.525229732436737 11.901682299164232 -0.8696290800552751 2.100403686669707 18.7335625347736 6.570207397267985 10.378253140880389 0.7651401784796619 4.3874436639009495 20.26566924420017 -1.9950574693334566 6.138031574147149 1.6856190495373724 -7.788293200074089 -5.638803904584398 -9.14858188054726 -0.09486285086081736
5.7114228456913825 9.594526691497993 0.7126978782987159 4.187768656336566 2.219844844832579 -2.810492170226553 -1.3928162053794146 13.13443326806248 19.7933773659574 33.68197266998657 15.75895989803195 18.2719764045116 7.554043384368778 11.93049595109629 -0.8408154281232347 2.129217338601765 18.76237618670566 6.599021049200043 10.407066792812447 0.7939538304117022 4.41625731583299 20.294482896132227 -1.9662438174014163 6.166845226079207 1.7144327014694127 -7.759479548142031 -5.60999025265234 -9.11976822861522 -0.06604919892877703
5.771543086172344 9.623108973822418 0.7412801606231412 4.216350938660973 2.2484271271570044 -2.7819098879021276 -1.3642339230549894 13.163015550386906 19.82195964828182 33.710554952311 15.787542180356375 18.300558686836027 7.582625666693203 11.959078233420716 -0.8122331457988095 2.1577996209261903 18.790958469030066 6.627603331524468 10.435649075136872 0.8225361127361275 4.444839598157415 20.323065178456645 -1.937661535076991 6.1954275084036325 1.743014983793838 -7.730897265817624 -5.581407970327932 -9.091185946290794 -0.03746691660435175
5.831663326653306 9.651467704295413 0.769638891096136 4.244709669133968 2.2767858576299815 -2.7535511574291327 -1.3358751925819945 13.1913742808599 19.850318378754814 33.73891368278398 15.81590091082937 18.32891741730902 7.610984397166198 11.98743696389371 -0.7838744153258146 2.186158351399185 18.81931719950306 6.655962061997445 10.46400780560985 0.8508948432091223 4.47319832863041 20.35142390892964 -1.9093028046039962 6.22378623887661 1.7713737142668329 -7.702538535344629 -5.553049239854937 -9.0628272158178 -0.009108186131356888
5.891783567134269 9.67961038385587 0.7977815706565927 4.272852348694425 2.304928537190456 -2.725408477868676 -1.3077325130215378 13.219516960420357 19.878461058315267 33.76705636234444 15.844043590389827 18.35706009686948 7.639127076726655 12.015579643454167 -0.7557317357653579 2.214301030959642 18.847459879063518 6.684104741557902 10.492150485170324 0.879037522769579 4.501341008190867 20.379566588490093 -1.8811601250435395 6.251928918437084 1.7995163938272896 -7.674395855784172 -5.524906560294481 -9.034684536257343 0.019034493429099797
5.95190380761523 9.707544296539776 0.8257154833404989 4.300786261378331 2.332862449874362 -2.69747456518477 -1.2797986003376316 13.247450873104263 19.906394970999173 33.79499027502835 15.871977503073733 18.384994009553385 7.667060989410561 12.043513556138073 -0.7277978230814517 2.242234943643548 18.875393791747424 6.712038654241808 10.520084397854212 0.9069714354534852 4.529274920874773 20.407500501174 -1.8532262123596333 6.2798628311209725 1.8274503065111958 -7.646461943100266 -5.4969726476105745 -9.006750623573437 0.04696840611300601
6.012024048096192 9.735276476857937 0.8534476636586419 4.328518441696492 2.360594630192505 -2.669742384866609 -1.2520664200194886 13.275183053422424 19.934127151317334 33.82272245534651 15.899709683391894 18.412726189871545 7.6947931697287215 12.071245736456216 -0.700065642763291 2.269967123961691 18.903125972065585 6.739770834559969 10.547816578172373 0.934703615771646 4.557007101192934 20.435232681492153 -1.8254940320414725 6.307595011439133 1.8551824868293565 -7.618729762782105 -5.469240467292414 -8.979018443255276 0.07470058643116673
6.072144288577154 9.76281368536327 0.8809848721639923 4.356055650201824 2.388131838697838 -2.6422051763612764 -1.2245292115141382 13.302720261927757 19.96166435982267 33.85025966385184 15.927246891897227 18.440263398376878 7.722330378234054 12.098782944961567 -0.6725284342579583 2.2975043324670414 18.930663180570917 6.767308043065301 10.575353786677706 0.9622408242769787 4.584544309698266 20.462769889997496 -1.7979568235361398 6.335132219944466 1.8827196953346892 -7.591192554276772 -5.441703258787081 -8.951481234749943 0.10223779493649943
6.132264529058116 9.790162497275468 0.9083336840761902 4.38340446211404 2.4154806506100535 -2.6148563644490608 -1.1971803996019403 13.330069073839955 19.989013171734875 33.87760847576405 15.954595703809424 18.467612210289076 7.749679190146252 12.126131756873765 -0.6451796223457604 2.3248531443792393 18.958011992483133 6.794656854977517 10.602702598589921 0.9895896361891765 4.611893121610464 20.4901187019097 -1.770608011623942 6.362481031856682 1.910068507246887 -7.563843742364557 -5.4143544468748654 -8.924132422837745 0.12958660684869727
6.192384769539078 9.817329157333408 0.9355003441341303 4.410571122171962 2.442647310667976 -2.5876897043911384 -1.1700137395440002 13.357235733897895 20.016179831792805 33.90477513582198 15.981762363867364 18.49477887034701 7.776845850204192 12.153298416931687 -0.6180129622878203 2.3520198044371616 18.985178652541055 6.821823515035439 10.629869258647844 1.0167562962471166 4.639059781668404 20.51728536196763 -1.7434413515660019 6.389647691914604 1.9372351673048271 -7.5366770823066345 -5.387187786816943 -8.896965762779805 0.15675326690663738
6.25250501002004 9.844319786083435 0.962490972884158 4.437561750922008 2.4696379394180212 -2.560699075641093 -1.1430231107939726 13.384226362647922 20.043170460542843 33.93176576457201 16.008752992617392 18.521769499097044 7.803836478954238 12.180289045681732 -0.5910223335377927 2.379010433187207 19.0121692812911 6.848814143785485 10.65685988739789 1.0437469249971443 4.666050410418432 20.54427599071767 -1.7164507228159742 6.416638320664649 1.9642257960548548 -7.509686453556589 -5.360197158066898 -8.869975134029778 0.1837438956566828
6.312625250501002 9.871171205179348 0.9893423919800703 4.464413170017902 2.4964893585139336 -2.5338476565451984 -1.1161716916980602 13.411077781743835 20.070021879638745 33.95861718366792 16.035604411713305 18.548620918192956 7.830687898050132 12.207140464777645 -0.5641709144418803 2.4058618522831194 19.039020700386995 6.875665562881379 10.683711306493784 1.0705983440930567 4.692901829514344 20.57112740981357 -1.6895993037200618 6.443489739760562 1.9910772151507672 -7.482835034460694 -5.333345738971003 -8.843123714933865 0.21059531475257742
6.372745490981964 9.897801457320465 1.015972644121188 4.491043422159038 2.5231196106550513 -2.507217404404063 -1.0895414395569425 13.437708033884952 20.096652131779873 33.98524743580904 16.062234663854422 18.57525117033408 7.857318150191268 12.233770716918762 -0.5375406623007626 2.432492104424237 19.06565095252813 6.902295815022515 10.71034155863492 1.0972285962341743 4.719532081655462 20.5977576619547 -1.6629690515789264 6.470119991901679 2.017707467291885 -7.456204782319559 -5.306715486829868 -8.81649346279273 0.23722556689371288
6.432865731462925 9.924293322117048 1.0424645089177709 4.517535286955603 2.549611475451634 -2.480725539607498 -1.0630495747603597 13.464199898681535 20.123143996576445 34.011739300605626 16.088726528651005 18.601743035130657 7.883810014987833 12.260262581715345 -0.5110487975041798 2.45898396922082 19.092142817324696 6.92878767981908 10.736833423431502 1.1237204610307572 4.746023946452045 20.62424952675127 -1.6364771867823613 6.496611856698262 2.0441993320884677 -7.429712917522994 -5.2802236220333025 -8.790001597996165 0.26371743169027795
6.492985971943887 9.95063485539701 1.068806042197732 4.543876820235582 2.575953008731595 -2.454384006327519 -1.0367080414803986 13.490541431961496 20.149485529856417 34.03808083388559 16.115068061930966 18.628084568410625 7.9101515482678115 12.286604114995306 -0.4847072642242187 2.485325502500781 19.118484350604675 6.955129213099059 10.763174956711463 1.1500619943107182 4.772365479732006 20.650591060031243 -1.6101356535023825 6.522953389978223 2.0705408653684287 -7.403371384243015 -5.253882088753324 -8.763660064716186 0.29005896497025674
6.55310621242485 9.97682785978391 1.0949990465846149 4.570069824622465 2.602146013118478 -2.428191001940636 -1.0105150370935156 13.51673443634838 20.1756785342433 34.06427383827248 16.141261066317867 18.654277572797508 7.9363445526546945 12.31279711938219 -0.45851425983733574 2.511518506887664 19.144677354991558 6.981322217485942 10.789367961098346 1.176254998697619 4.798558484118907 20.676784064418126 -1.5839426491154995 6.549146394365106 2.0967338697553295 -7.377178379856132 -5.227689084366441 -8.737467060329303 0.31625196935713973
6.613226452905812 10.002876504638092 1.1210476914388146 4.596118469476664 2.628194657972678 -2.4021423570864364 -0.984466392239316 13.542783081202579 20.2017271790975 34.09032248312667 16.16730971117205 18.6803262176517 7.962393197508894 12.338845764236389 -0.43246561498313607 2.5375671517418636 19.170725999845757 7.007370862340141 10.815416605952546 1.2023036435518009 4.8246071289730885 20.702832709272325 -1.5578940042613176 6.575195039219306 2.1227825146095114 -7.3511297350019325 -5.201640439512241 -8.711418415475121 0.3423006142113394
6.673346693386773 10.028785232003408 1.1469564188041304 4.622027196841962 2.654103385337976 -2.3762336297211384 -0.9585576648740002 13.568691808567895 20.227635906462808 34.11623121049198 16.193218438537365 18.706234945017016 7.988301924874192 12.364754491601705 -0.4065568876178203 2.5634758791071794 19.196634727211055 7.033279589705439 10.841325333317844 1.2282123709171167 4.850515856338404 20.728741436637634 -1.5319852768960018 6.601103766584604 2.148691241974827 -7.325221007636634 -5.175731712146943 -8.685509688109805 0.36820934157663743
6.733466933867735 10.054558300726235 1.17272948752694 4.64780026556479 2.6798764540608033 -2.350460560998311 -0.9327845961511905 13.594464877290722 20.253408975185636 34.14200427921481 16.218991507260192 18.732008013739833 8.01407499359702 12.390527560324514 -0.3807838188949928 2.589248947829989 19.222407795933883 7.059052658428267 10.867098402040671 1.2539854396399441 4.876288925061232 20.75451450536045 -1.5062122081731744 6.626876835307431 2.1744643106976547 -7.299447938913807 -5.149958643424116 -8.659736619386978 0.3939824102994649
6.793587174348697 10.080199877660565 1.19837106446127 4.67344184249912 2.705518030995133 -2.324818984063981 -0.9071430192168606 13.620106454225034 20.279050552119955 34.16764585614913 16.244633084194504 18.757649590674166 8.03971657053135 12.416169137258844 -0.35514224196068067 2.614890524764319 19.248049372868213 7.084694235362597 10.892739978975001 1.279627016574274 4.901930501995544 20.78015608229478 -1.4805706312388445 6.652518412241761 2.2001058876319846 -7.273806361979477 -5.124317066489786 -8.634095042452648 0.4196239872337948
6.853707414829659 10.10571384429074 1.2238850310914628 4.698955809129295 2.7310319976253083 -2.299305017433806 -0.8816290525866677 13.645620420855227 20.30456451875014 34.193159822779315 16.270147050824697 18.78316355730435 8.065230537161526 12.441683103889037 -0.3296282753304878 2.640404491394512 19.273563339498388 7.110208201992772 10.918253945605176 1.3051409832044492 4.927444468625737 20.805670048924966 -1.4550566646086693 6.6780323788719365 2.2256198542621597 -7.248292395349302 -5.0988030998596106 -8.608581075822473 0.4451379538639699
6.913827655310621 10.131103985604177 1.2492751724049 4.724345950442732 2.7564221389387455 -2.2739148761203687 -0.8562389112732305 13.671010562168664 20.329954660063578 34.21854996409275 16.295537192138134 18.808553698617775 8.090620678474963 12.467073245202457 -0.3042381340170506 2.6657946327079314 19.298953480811825 7.135598343306209 10.943644086918614 1.3305311245178864 4.952834609939174 20.831060190238404 -1.4296665232952321 6.703422520185374 2.251009995575597 -7.222902254035865 -5.073412958546173 -8.583190934509036 0.4705280951774071
6.973947895791583 10.156373866066257 1.2745450528669622 4.749615830904812 2.7816920194008254 -2.248644995658289 -0.8309690308111684 13.696280442630727 20.355224540525647 34.24381984455483 16.320807072600214 18.83382357907986 8.115890558937043 12.492343125664537 -0.2789682535549707 2.6910645131700113 19.324223361273905 7.160868223768289 10.968913967380693 1.3558010049799663 4.978104490401254 20.856330070700473 -1.4043966428331522 6.7286924006474536 2.276279876037677 -7.197632373573785 -5.0481430780840935 -8.557921054046956 0.495797975639487
