web/models/mosfit_kne/mosfit_kn_1.0000/mosfit_kn_0.500000_0.0300_1.0000.dat
# %ECSV 1.0
# ---
# datatype:
# - {name: time, datatype: float64}
# - {name: PS1_g, datatype: float64}
# - {name: PS1_i, datatype: float64}
# - {name: PS1_r, datatype: float64}
# - {name: PS1_w, datatype: float64}
# - {name: PS1_y, datatype: float64}
# - {name: PS1_z, datatype: float64}
# - {name: swift_uvot_B, datatype: float64}
# - {name: swift_uvot_U, datatype: float64}
# - {name: swift_uvot_uvm2, datatype: float64}
# - {name: swift_uvot_uvw1, datatype: float64}
# - {name: swift_uvot_uvw2, datatype: float64}
# - {name: swift_uvot_V, datatype: float64}
# - {name: johnson_B, datatype: float64}
# - {name: johnson_I, datatype: float64}
# - {name: johnson_R, datatype: float64}
# - {name: johnson_U, datatype: float64}
# - {name: johnson_V, datatype: float64}
# - {name: sdss_g, datatype: float64}
# - {name: sdss_i, datatype: float64}
# - {name: sdss_r, datatype: float64}
# - {name: sdss_u, datatype: float64}
# - {name: sdss_z, datatype: float64}
# - {name: ATLAS_c, datatype: float64}
# - {name: ATLAS_o, datatype: float64}
# - {name: ukirt_H, datatype: float64}
# - {name: ukirt_J, datatype: float64}
# - {name: ukirt_K, datatype: float64}
# - {name: Clear, datatype: float64}
# meta: !!omap
# - comment: [kappa = 1.0, type = rprocess, mass = 0.5000000000045836, velocity = 0.030000000000000023, theta_obs = 0.0, tfloor = 1000.0]
# schema: astropy-2.0
time PS1_g PS1_i PS1_r PS1_w PS1_y PS1_z swift_uvot_B swift_uvot_U swift_uvot_uvm2 swift_uvot_uvw1 swift_uvot_uvw2 swift_uvot_V johnson_B johnson_I johnson_R johnson_U johnson_V sdss_g sdss_i sdss_r sdss_u sdss_z ATLAS_c ATLAS_o ukirt_H ukirt_J ukirt_K Clear
[from data line 169]
10.220440881763526 -11.49600867279231 -13.362411350531538 -12.696086496547032 -12.650167870691558 -13.86648923196578 -13.690127347976873 -10.68497597914683 -9.972946453797658 -5.554868706065331 -8.023697324138066 -6.0663943916979015 -12.109142431080528 -10.780981623643719 -13.960495643375783 -13.101597637713873 -10.062294373520874 -12.186428623737696 -11.315577692079017 -13.354395002890662 -12.68546588483023 -9.187404954870804 -13.743440001844558 -12.034312526700006 -13.028865983854523 -14.126196000165281 -14.112101639774648 -13.980703441118274 -12.888758409854066
10.280561122244489 -11.47893094374254 -13.355479353291742 -12.685109656494706 -12.64030397970517 -13.86365966490649 -13.685686300553304 -10.664351545232275 -9.944183884872277 -5.507614808201818 -7.992625451079256 -6.034236112978707 -12.094758311897824 -10.760982983006361 -13.954760694203838 -13.091949698504266 -10.034870778859297 -12.172533652115154 -11.297603448468205 -13.347353089681384 -12.674361017654014 -9.159343854767634 -13.739471680516626 -12.020429096523149 -13.020068078871745 -14.129145692181789 -14.11242803895094 -13.985403092876412 -12.880920767456416
10.34068136272545 -11.45642003884177 -13.344936326084618 -12.669794487746717 -12.626315604351728 -13.85795853868311 -13.678082860740997 -10.63765426500255 -9.90788619390349 -5.449521282865606 -7.953697250302341 -5.994075602447143 -12.075420912062171 -10.73502718473588 -13.945630760249276 -13.078205468015877 -10.00015145854664 -12.153775568855865 -11.274034850974761 -13.336680346189631 -12.658893998238714 -9.12387111220271 -13.732426851445538 -12.001692207334447 -13.007327693353687 -14.13026902476746 -14.110453479311092 -13.988593302254715 -12.869328475496893
10.400801603206412 -11.444811733806173 -13.341560220612347 -12.663135293433054 -12.620577798108759 -13.857914652264327 -13.676729566690184 -10.623164638371467 -9.886792403698195 -5.413445401276252 -7.930852802202821 -5.970414018442 -12.065993101144834 -10.721049668419575 -13.943227325631355 -13.072628977184035 -9.980142689100983 -12.144747705103923 -11.261698898812753 -13.33321497708372 -12.652129830498673 -9.103343201310565 -13.731458420743099 -11.992683673128663 -13.0024424216397 -14.134923947789611 -14.112975320883796 -13.99467159380366 -12.865242545898976
10.460921843687375 -11.421702193748953 -13.330569706555533 -12.647310798451166 -12.606122643495272 -13.851832139056928 -13.66871810115816 -10.59581085839022 -9.849715630760283 -5.354328079461424 -7.891285917878861 -5.9296888143654805 -12.046089982799703 -10.694452876482753 -13.933669709529905 -13.058401534602872 -9.944662235911174 -12.125435537176353 -11.23751799758777 -13.322092998783432 -12.636150025015809 -9.067097168358274 -13.724014448903823 -11.973406989314217 -12.989233612531148 -14.135765516526904 -14.1106734612881 -13.997611020377432 -12.853224686501239
10.521042084168336 -11.407176612537029 -13.325217486832823 -12.63829893462388 -12.598157484092827 -13.850196928182736 -13.665621758635247 -10.578070665163015 -9.824615175390967 -5.3125563993275575 -7.864369565166527 -5.901930564823136 -12.033988628611063 -10.677288124657242 -13.929402881154573 -13.05060104130239 -9.920769315825694 -12.113783216257906 -11.22218133760212 -13.316641225517287 -12.627019987619548 -9.042623700900432 -13.721348390983934 -11.961787080218311 -12.982204993719169 -14.139376732306113 -14.111902753608321 -14.002812122909186 -12.847108741889972
10.581162324649299 -11.38796323215308 -13.31674654729758 -12.625541709396035 -12.58663712852119 -13.846080909383947 -13.659793558904063 -10.55509065282828 -9.793015327878702 -5.261447020826469 -7.830718715701188 -5.867331472099963 -12.017611031009558 -10.654984667786781 -13.922203833151851 -13.039265130750525 -9.89058269967104 -12.097933344899852 -11.202018009474912 -13.308053657147862 -12.6141237039805 -9.011756085696252 -13.716024870805317 -11.94598123058384 -12.971773889427709 -14.141410340155732 -14.111144239582883 -14.00670968327878 -12.837758632761958
10.64128256513026 -11.367018218768354 -13.307107522422523 -12.611390767601502 -12.573800863788929 -13.841027730013504 -13.652937070325404 -10.53017888526843 -9.759030789543655 -5.206944919654506 -7.794663496490646 -5.830321520139815 -11.999646958844068 -10.630788083637523 -13.913904407269808 -13.026613266223112 -9.85808454743901 -12.080526885640966 -11.180073055196633 -13.29829183082321 -12.599825626190277 -8.97853986852386 -13.709700464630039 -11.928628152065883 -12.960075344675026 -14.142836152013556 -14.109628226659366 -14.010099698640131 -12.827211956589366
10.701402805611222 -11.355264217082137 -13.303509546911485 -12.6045374525226 -12.567904143064759 -13.840739499664103 -13.651347121601969 -10.515561700689517 -9.73786811772424 -5.170990904595139 -7.772063001702385 -5.8070594512694775 -11.99004108632294 -10.616688825620603 -13.911273430038548 -13.02084341155765 -9.837993517587986 -12.071324673891047 -11.167597604762332 -13.294605233264765 -12.592865670293651 -8.95792998006133 -13.708494945355554 -11.919468926408125 -12.954993868160969 -14.147226091936494 -14.111893912364708 -14.015908165707723 -12.822970407433534
10.761523046092185 -11.33338672088863 -13.293205414244387 -12.589613311739871 -12.554349158492926 -13.835134116151657 -13.643893417553254 -10.489619052538412 -9.702636744443733 -5.11478479559717 -7.734871779686117 -5.768967963136959 -11.971208485747866 -10.591483995846719 -13.902342360278006 -13.007459637032508 -9.804281910667829 -12.05306688955904 -11.144696229820958 -13.28417529730963 -12.577789489655569 -8.923480886898023 -13.70158759448561 -11.901278563742643 -12.942587846506886 -14.148265167905405 -14.109915736748276 -14.018962382641503 -12.8117691010827
10.821643286573146 -11.31687674931971 -13.2864196669283 -12.5789450937026 -12.544841963517825 -13.832298391498803 -13.639503614997786 -10.46969134841283 -9.674903768910728 -5.069441120835008 -7.705564970155034 -5.7389391654384205 -11.957253932380649 -10.572178844307118 -13.896711105538355 -12.99808834405492 -9.777825079344648 -12.039597148976567 -11.127325837199358 -13.277283802833768 -12.56699287357069 -8.896403287412955 -13.697657621886208 -11.887871285334164 -12.934038939592227 -14.151017852700567 -14.110130587365466 -14.023410284416451 -12.804244042973565
10.881763527054108 -11.296791233455235 -13.277249542186897 -12.56541624034723 -12.532627867215815 -13.827564330391535 -13.6330239465053 -10.445767172098687 -9.642217486173656 -5.017000819422022 -7.671191269538404 -5.703791920624667 -11.9400336278565 -10.54895633495875 -13.888837772979496 -12.986018193246444 -9.74657039688082 -12.022923047028458 -11.106274358188966 -13.26799492979486 -12.553319186442309 -8.864450583916668 -13.691694948436268 -11.871273603036236 -12.922892835677686 -14.152562796725226 -14.108823933006212 -14.026860324559019 -12.794259783732471
10.941883767535069 -11.275078433489245 -13.26698101083684 -12.550577028884486 -12.519180146515705 -13.82194926799393 -13.62557738224039 -10.420027139628562 -9.607289955063152 -4.961377913492114 -7.634584426832358 -5.6664152944648585 -11.921321202416568 -10.523955215766158 -13.879929863727362 -12.972711673785195 -9.713142855096024 -12.004785567501342 -11.083548626749504 -13.257601842776818 -12.53832731981241 -8.830289823599848 -13.684791381112795 -11.853223389204786 -12.910556176489667 -14.15353782002551 -14.106805912910756 -14.029835274346832 -12.783155486480666
11.002004008016032 -11.263235698486618 -13.263205126707085 -12.543578894065632 -12.513170834241798 -13.821455036891965 -13.623791353769619 -10.405344098754423 -9.586130287336108 -4.925640158769922 -7.612296259011355 -5.643609507123259 -11.911591126689089 -10.50979502289071 -13.877113668430418 -12.966795945044602 -9.693039905817564 -11.995462164007085 -11.07099179358464 -13.253738128881078 -12.53122108674086 -8.809669195515273 -13.683388686747975 -11.8439658800453 -12.905324720270439 -14.15769301803543 -14.108849358783855 -14.035401734171787 -12.778801409435303
11.062124248496994 -11.239051919812777 -13.25125777898796 -12.526743058616887 -12.497847482814315 -13.814487927963803 -13.614863478519954 -10.376849422602323 -9.547810501965284 -4.865222483150265 -7.572351725785218 -5.602918623645884 -11.890608453296291 -10.482096609205808 -13.866623014956751 -12.951605213401447 -9.656322099634053 -11.975098582010427 -11.045724654044555 -13.241657502707405 -12.514220498797926 -8.772164796972621 -13.675043207259812 -11.823709150413446 -12.891172944023257 -14.157785140559616 -14.105735042113688 -14.037637015188016 -12.765994197006822
11.122244488977955 -11.222992298049697 -13.244651349077632 -12.51635945873792 -12.48864267517897 -13.811730902615178 -13.61059063167712 -10.357457378745895 -9.520827402595646 -4.821180386170616 -7.544185189725674 -5.5742070507804655 -11.877018911902574 -10.463322330955215 -13.861142739558378 -12.942495196049705 -9.630575835266317 -11.961989150672013 -11.028827954415394 -13.234948067104 -12.503708975940206 -8.74580975162301 -13.67122105035186 -11.810687946227532 -12.882866384017255 -14.160487132414497 -14.105957306880084 -14.041996710132254 -12.758737619961078
11.182364729458918 -11.205371858570441 -13.236991425409528 -12.504719100753423 -12.478254078585724 -13.808128795486585 -13.60539037530648 -10.3363237352795 -9.49169462529845 -4.774084996142512 -7.513873042381611 -5.543349890860373 -11.86199836926254 -10.442842079413332 -13.854670153451842 -12.932199288263224 -9.602745553022107 -11.947476216712827 -11.010325388002595 -13.22717957033337 -12.491933222056062 -8.717336976663166 -13.666496390767247 -11.79627331548252 -12.873417818474113 -14.162642131888406 -14.10549704516656 -14.045900277034187 -12.750405945671197
11.242484969939879 -11.182724022150854 -13.225988577187486 -12.489061951111271 -12.46407296613885 -13.801872365014933 -13.597264257002575 -10.309566036931923 -9.455584106890207 -4.716989579208131 -7.47647150429076 -5.505348645845064 -11.842386546866834 -10.416851494349299 -13.845056407173796 -12.9181172373091 -9.568156874548059 -11.928460105031336 -10.986646080015277 -13.216049736784079 -12.476116988309904 -8.68199579681269 -13.658927236231726 -11.777379062286784 -12.860327397518443 -14.163123065638297 -14.102917251532057 -14.048427957542112 -12.73863497580539
11.302605210420841 -11.167859129985267 -13.220103281779654 -12.479587142816548 -12.455745578941482 -13.799648822935335 -13.593598045775757 -10.291530123859324 -9.430335433445798 -4.675570562330871 -7.4502918417926445 -5.478733683773193 -11.829860145000978 -10.399409488562416 -13.840242976334942 -12.909859426894041 -9.544081033671514 -11.916394727716016 -10.97098568642842 -13.210066484216458 -12.466518926159136 -8.6573386963782 -13.655691196114237 -11.765412739704288 -12.852834968819273 -14.166099668017294 -14.103531348522543 -14.052984648810225 -12.732170015499058
11.362725450901802 -11.146449044765507 -13.209872735911432 -12.464887046618038 -12.442485205090783 -13.793979231145812 -13.586131214099133 -10.266169884049312 -9.395994508489558 -4.621111502231375 -7.414870241419713 -5.442802607531462 -11.811358285619129 -10.374791556721096 -13.831347757300396 -12.896677434078054 -9.51119945928368 -11.898468869687038 -10.94858505998861 -13.199713937435789 -12.451664671300815 -8.623732245322273 -13.648760763561274 -11.747616378631083 -12.840606745143361 -14.166910142003493 -14.101397678096708 -14.055764531705053 -12.721233124194047
11.422845691382765 -11.12780944356869 -13.201449931165907 -12.452378987566206 -12.431303700459555 -13.78972662877592 -13.580235055835708 -10.243918117814054 -9.365534609304937 -4.572279387944554 -7.383498650226343 -5.41099639229833 -11.795373386482552 -10.353220988558881 -13.824146120135723 -12.885559609403867 -9.482072448208527 -11.883012339544495 -10.929040076601826 -13.191179594857818 -12.4390150420097 -8.593941605597557 -13.643355625342704 -11.732284166627753 -12.83036139609056 -14.168585291577516 -14.100379473865184 -14.0592416316902 -12.712179626955518
11.482965931863728 -11.113962327862676 -13.196171269656922 -12.443673729957272 -12.423718911593955 -13.787946844846246 -13.577076083606325 -10.227040004979983 -9.341772012380787 -4.533118560627794 -7.359027255570254 -5.386182929707445 -11.78375041102796 -10.336916247947809 -13.819892220175582 -12.878022403141973 -9.459427119413519 -11.871833941235257 -10.914433544534301 -13.185807359059698 -12.430190548592588 -8.570738849962591 -13.640609052895076 -11.721214415764045 -12.823556518773955 -14.171781102411208 -14.101314447916467 -14.063950246797388 -12.706382907610099
11.543086172344688 -11.089708152881546 -13.183995711258518 -12.42666715281068 -12.408304066853031 -13.780705800817419 -13.567889620157505 -10.19851066579066 -9.303536904492482 -4.473192463293787 -7.319879286117192 -5.346586926868277 -11.762628023507144 -10.30919839172013 -13.809162175423843 -12.862665660666927 -9.422766094078831 -11.851340512089584 -10.889108686383988 -13.173499844072847 -12.413015105312528 -8.53329070049309 -13.632004861793092 -11.700880920132608 -12.809233058669225 -14.17156045900512 -14.097903669849304 -14.065864581284158 -12.69349386620231
11.603206412825651 -11.073929629713941 -13.177398204424176 -12.416397037377163 -12.39925338990524 -13.777860820360992 -13.563564956857164 -10.179480626258012 -9.277128684746856 -4.430308784618318 -7.292844615347729 -5.319237996621617 -11.749227256430903 -10.290787690636861 -13.803664150142627 -12.853652162184297 -9.397553652919843 -11.838419587113654 -10.872516203550902 -13.166801998666635 -12.402616020220645 -8.507478912781039 -13.628123513248784 -11.688086851654731 -12.801005698987709 -14.174056792197385 -14.097972729005937 -14.069985626778168 -12.686367146309276
11.663326653306612 -11.055994691824456 -13.16935479924318 -12.404396296283782 -12.388575660582326 -13.773862057541777 -13.557971074972226 -10.158040662612972 -9.247738783342534 -4.383179960193966 -7.262844814437646 -5.288924579345164 -11.73385145434387 -10.270017441798117 -13.796806027988612 -12.843007774616002 -9.36945140955552 -11.82356247322314 -10.85370418994179 -13.158650453572776 -12.390475735367215 -8.478729925219461 -13.623007956512936 -11.67337151062549 -12.79120899514373 -14.17581759482461 -14.097116062036521 -14.073498717045466 -12.677766200519027
11.723446893787575 -11.032473638989604 -13.157598933382015 -12.387932819712546 -12.373698182392676 -13.766919266223052 -13.549129774331217 -10.130348132449402 -9.210589394406732 -4.324947161599229 -7.225057646055877 -5.250797505975097 -11.713370738568536 -10.2431247928074 -13.786460921849752 -12.828160936508468 -9.333832699788147 -11.803701010277281 -10.829139758136908 -13.14676591547343 -12.373845481496168 -8.442340595137168 -13.614736534039338 -11.653685542507812 -12.777371355241982 -14.17573193046877 -14.093913961719958 -14.075499740039186 -12.665364183390118
11.783567134268537 -11.01854967713729 -13.15216422259283 -12.379100847899771 -12.36601892431727 -13.764959003679706 -13.54579879409993 -10.11341250783958 -9.186829395070468 -4.285984824283989 -7.200896474389875 -5.226413028767606 -11.701638161707628 -10.226768564603987 -13.782044800859953 -12.820497735033022 -9.311176578026014 -11.792416823908967 -10.814462825881073 -13.141238327900506 -12.364892629714817 -8.419127502737158 -13.611817393510997 -11.642532607267224 -12.770436981480078 -14.178723906068951 -14.09465512089042 -14.079999051826151 -12.659474671832598
