web/models/mosfit_kne/mosfit_kn_1.0000/mosfit_kn_0.027507_0.2337_1.0000.dat
# %ECSV 1.0
# ---
# datatype:
# - {name: time, datatype: float64}
# - {name: PS1_g, datatype: float64}
# - {name: PS1_i, datatype: float64}
# - {name: PS1_r, datatype: float64}
# - {name: PS1_w, datatype: float64}
# - {name: PS1_y, datatype: float64}
# - {name: PS1_z, datatype: float64}
# - {name: swift_uvot_B, datatype: float64}
# - {name: swift_uvot_U, datatype: float64}
# - {name: swift_uvot_uvm2, datatype: float64}
# - {name: swift_uvot_uvw1, datatype: float64}
# - {name: swift_uvot_uvw2, datatype: float64}
# - {name: swift_uvot_V, datatype: float64}
# - {name: johnson_B, datatype: float64}
# - {name: johnson_I, datatype: float64}
# - {name: johnson_R, datatype: float64}
# - {name: johnson_U, datatype: float64}
# - {name: johnson_V, datatype: float64}
# - {name: sdss_g, datatype: float64}
# - {name: sdss_i, datatype: float64}
# - {name: sdss_r, datatype: float64}
# - {name: sdss_u, datatype: float64}
# - {name: sdss_z, datatype: float64}
# - {name: ATLAS_c, datatype: float64}
# - {name: ATLAS_o, datatype: float64}
# - {name: ukirt_H, datatype: float64}
# - {name: ukirt_J, datatype: float64}
# - {name: ukirt_K, datatype: float64}
# - {name: Clear, datatype: float64}
# meta: !!omap
# - comment: [kappa = 1.0, type = rprocess, mass = 0.027507471329904786, velocity = 0.2336666666666667, theta_obs = 0.0, tfloor = 1000.0]
# schema: astropy-2.0
time PS1_g PS1_i PS1_r PS1_w PS1_y PS1_z swift_uvot_B swift_uvot_U swift_uvot_uvm2 swift_uvot_uvw1 swift_uvot_uvw2 swift_uvot_V johnson_B johnson_I johnson_R johnson_U johnson_V sdss_g sdss_i sdss_r sdss_u sdss_z ATLAS_c ATLAS_o ukirt_H ukirt_J ukirt_K Clear
[from data line 377]
22.725450901803605 8.815211635021551 -0.06661717817772583 3.408453599860106 1.4405297883561374 -3.5898072267029946 -2.1721312618558564 12.355118211586039 19.01406230948096 32.90265761351013 14.979644841555508 17.49266134803516 6.774728327892336 11.151180894619849 -1.6201304845996765 1.3499022821253235 17.9830611302292 5.819705992723601 9.627751736336005 0.014638773935260474 3.636942259356548 19.515167839655785 -2.745558873877858 5.3875301696027655 0.935117644992971 -8.538794604618472 -6.389305309128799 -9.899083285091661 -0.8453642554052188
22.785571142284567 8.821061825802907 -0.0607669873963701 3.414303790641462 1.4463799791374754 -3.583957035921639 -2.1662810710745006 12.360968402367394 19.019912500262297 32.90850780429148 14.985495032336864 17.498511538816516 6.780578518673692 11.157031085401204 -1.6142802938183207 1.3557524729066792 17.988911321010555 5.825556183504939 9.633601927117343 0.02048896471661621 3.642792450137904 19.521018030437123 -2.7397086830965023 5.3933803603841035 0.9409678357743267 -8.532944413837134 -6.3834551183474435 -9.893233094310306 -0.839514064623863
22.84569138276553 8.826898500960088 -0.05493031223918976 3.4201404657986423 1.4522166542946557 -3.5781203607644585 -2.1604443959173203 12.366805077524575 19.025749175419477 32.91434447944866 14.991331707494044 17.504348213973696 6.786415193830872 11.162867760558385 -1.6084436186611404 1.3615891480638596 17.994747996167735 5.831392858662119 9.639438602274524 0.026325639873796547 3.648629125295084 19.526854705594303 -2.733872007939322 5.399217035541284 0.9468045109315071 -8.527107738679954 -6.377618443190263 -9.887396419153125 -0.8336773894666827
22.905811623246493 8.83272175684601 -0.049107056353268064 3.425963721684564 1.4580399101805774 -3.572297104878537 -2.1546211400313986 12.372628333410496 19.0315724313054 32.92016773533458 14.997154963379966 17.510171469859618 6.792238449716794 11.168691016444306 -1.6026203627752187 1.3674124039497813 18.000571252053657 5.837216114548041 9.645261858160445 0.03214889575971824 3.654452381181006 19.532677961480225 -2.7280487520534002 5.4050402914272055 0.9526277668174288 -8.521284482794032 -6.3717951873043415 -9.881573163267204 -0.827854133580761
22.965931863727455 8.838531691877769 -0.043297121321508314 3.4317736567163237 1.4638498452123372 -3.566487169846777 -2.148811204999639 12.378438268442256 19.03738236633716 32.92597767036634 15.002964898411726 17.515981404891377 6.7980483847485536 11.174500951476048 -1.596810427743459 1.3732223389815232 18.006381187085417 5.843026049579801 9.651071793192205 0.03795883079147799 3.6602623162127657 19.538487896511985 -2.7222388170216405 5.410850226458965 0.9584377018491885 -8.515474547762272 -6.365985252272582 -9.875763228235444 -0.8220441985490012
23.026052104208414 8.844328403312325 -0.03750040988695247 3.4375703681508973 1.4696465566469108 -3.560690458412221 -2.143014493565083 12.384234979876812 19.043179077771732 32.931774381800906 15.008761609846282 17.521778116325933 6.803845096183109 11.180297662910622 -1.591013716308903 1.3790190504160968 18.012177898519973 5.848822761014374 9.656868504626779 0.04375554222603384 3.6660590276473215 19.544284607946558 -2.7164421055870847 5.416646937893539 0.9642344132837444 -8.509677836327699 -6.360188540838008 -9.869966516800888 -0.8162474871144454
23.086172344689377 8.850111987443139 -0.031716825756138434 3.4433539522817114 1.4754301407777248 -3.554906874281407 -2.137230909434269 12.390018564007626 19.048962661902547 32.93755796593172 15.014545193977096 17.527561700456747 6.809628680313923 11.186081247041436 -1.585230132178089 1.3848026345469109 18.017961482650787 5.854606345145188 9.662652088757593 0.04953912635684787 3.6718426117781355 19.550068192077372 -2.7106585214562706 5.422430522024353 0.9700179974145584 -8.503894252196885 -6.354404956707194 -9.864182932670074 -0.8104639029836314
23.14629258517034 8.8558825405355 -0.025946272663777137 3.449124505374055 1.4812006938700684 -3.549136321189046 -2.1314603563419077 12.395789117099987 19.05473321499489 32.94332851902407 15.020315747069457 17.53333225354911 6.815399233406285 11.191851800133797 -1.5794595790857278 1.3905731876392722 18.023732035743148 5.860376898237532 9.668422641849936 0.05530967944920917 3.677613164870497 19.555838745169716 -2.7048879683639093 5.4282010751166965 0.9757885505069197 -8.498123699104541 -6.3486344036148505 -9.858412379577713 -0.8046933498912701
23.206412825651302 8.861640158608495 -0.020188654590782562 3.4548821234470495 1.486958311943063 -3.5433787031160513 -2.125702738268913 12.401546735172982 19.060490833067885 32.94908613709706 15.026073365142452 17.539089871622103 6.821156851479279 11.197609418206774 -1.5737019610127332 1.396330805712249 18.029489653816142 5.8661345163105265 9.674180259922931 0.061067297522203745 3.6833707829434914 19.56159636324271 -2.6991303502909147 5.433958693189691 0.9815461685799143 -8.492366081031546 -6.342876785541856 -9.852654761504718 -0.7989357318182755
23.266533066132265 8.867384938467637 -0.014443874731657758 3.460626903306192 1.4927030918022055 -3.5376339232569087 -2.1199579584097883 12.407291515032107 19.066235612927027 32.9548309169562 15.031818145001576 17.544834651481228 6.826901631338422 11.203354198065917 -1.5679571811536084 1.4020755855713916 18.035234433675285 5.871879296169669 9.679925039782074 0.06681207738134631 3.689115562802616 19.567341143101853 -2.693385570431772 5.439703473048834 0.9872909484390568 -8.486621301172404 -6.337132005682713 -9.846909981645576 -0.7931909519591329
23.326653306613224 8.873116974678084 -0.008711838521193727 3.466358939516656 1.4984351280126695 -3.5319018870464625 -2.1142259221993243 12.41302355124257 19.07196764913749 32.960562953166665 15.03755018121204 17.550566687691692 6.832633667548868 11.20908623427638 -1.5622251449431444 1.4078076217818556 18.04096646988575 5.877611332380133 9.685657075992538 0.07254411359179258 3.6948475990130802 19.573073179312317 -2.687653534221326 5.445435509259298 0.9930229846495031 -8.48088926496194 -6.331399969472249 -9.84117794543513 -0.7874589157486866
23.386773547094187 8.878836359754025 -0.002992453445251897 3.472078324592598 1.5041545130886114 -3.526182501970503 -2.1085065371233824 12.418742936318512 19.077687034213433 32.96628233824261 15.043269566287982 17.556286072767634 6.838353052624828 11.214805619352322 -1.5565057598672025 1.4135270068577974 18.04668585496169 5.883330717456075 9.69137646106848 0.07826349866773441 3.700566984089022 19.57879256438826 -2.6819341491453663 5.4511548943352395 0.998742369725445 -8.475169879885998 -6.3256805843963075 -9.83545856035917 -0.7817395306727271
23.44689378757515 8.88454318944774 0.0027143762484449496 3.4777851542862948 1.5098613427823082 -3.520475672276806 -2.1027997074296856 12.42444976601221 19.08339386390713 32.9719891679363 15.04897639598168 17.56199290246133 6.844059882318525 11.22051244904602 -1.5507989301735057 1.4192338365514943 18.052392684655388 5.889037547149772 9.697083290762176 0.08397032836144902 3.706273813782719 19.584499394081956 -2.6762273194516695 5.456861724028936 1.0044491994191596 -8.469463050192301 -6.319973754702611 -9.829751730665473 -0.7760327009790302
23.507014028056112 8.890237556815368 0.008408743616090675 3.4834795216539227 1.515555710149954 -3.514781304909178 -2.09710534006204 12.430144133379855 19.089088231274776 32.977683535303946 15.054670763349325 17.567687269828976 6.8497542496861525 11.226206816413665 -1.54510456280586 1.42492820391914 18.058087052023016 5.8947319145174175 9.702777658129822 0.08966469572907698 3.7119681811503646 19.5901937614496 -2.6705329520840415 5.462556091396582 1.0101435667867875 -8.463768682824673 -6.314279387334983 -9.824057363297845 -0.7703383336114022
23.567134268537075 8.895919555219702 0.01409074202042504 3.489161520058275 1.5212377085542883 -3.509099306504826 -2.0914233416577055 12.43582613178419 19.09477022967911 32.98336553370828 15.06035276175366 17.57336926823331 6.855436248090487 11.231888814818 -1.5394225644015256 1.4306102023234744 18.063769050427368 5.900413912921752 9.708459656534156 0.09534669413341135 3.717650179554699 19.595875759853936 -2.664850953679707 5.468238089800916 1.0158255651911219 -8.458086684420321 -6.308597388930631 -9.81837536489351 -0.7646563352070679
23.627254509018034 8.901589276164685 0.01976046296540801 3.494831241003258 1.5269074294992713 -3.503429585559843 -2.0857536207127225 12.441495852729172 19.100439950624093 32.98903525465327 15.066022482698642 17.579038989178294 6.861105969035488 11.237558535762982 -1.5337528434565426 1.4362799232684573 18.06943877137235 5.906083633866735 9.71412937747914 0.10101641507839432 3.723319900499682 19.60154548079892 -2.6591812327347064 5.473907810745899 1.0214952861361049 -8.452416963475338 -6.302927667985648 -9.812705643948528 -0.7589866142620671
23.687374749498996 8.907246813036949 0.025417999837671346 3.500488777875521 1.5325649663715346 -3.4977720486875974 -2.080096083840459 12.447153389601436 19.106097487496356 32.99469279152553 15.071680019570906 17.584696526050557 6.866763505907733 11.243216072635246 -1.5280953065842793 1.4419374601407207 18.075096308244614 5.911741170738998 9.719786914351403 0.10667395195065765 3.7289774373719453 19.607203017671182 -2.653523695862461 5.479565347618163 1.0271528230083682 -8.446759426603075 -6.297270131113384 -9.807048107076264 -0.7533290773898216
23.74749498997996 8.912892258466272 0.031063445266976686 3.5061342233048265 1.53821041180084 -3.4921266032582743 -2.074450638411154 12.452798835030741 19.11174293292566 33.00033823695484 15.077325465000229 17.590341971479862 6.872408951337056 11.248861518064551 -1.522449861154974 1.447582905570026 18.08074175367392 5.9173866161683035 9.725432359780708 0.11231939737998076 3.7346228828012684 19.612848463100487 -2.6478782504331377 5.485210793047468 1.0327982684376913 -8.44111398117377 -6.291624685684079 -9.801402661646941 -0.7476836319604985
23.80761523046092 8.918525701885311 0.03669688868603416 3.511767666723866 1.5438438552198797 -3.4864931598392346 -2.0688171949920964 12.458432278449799 19.1173763763447 33.00597168037388 15.082958908419268 17.59597541489892 6.878042394756096 11.254494961483609 -1.5168164177359165 1.4532163489890657 18.08637519709296 5.923020059587343 9.731065803199748 0.11795284079902046 3.740256326220308 19.618481906519527 -2.642244807014098 5.490844236466508 1.038431711856731 -8.43548053775473 -6.285991242265039 -9.795769218227901 -0.7420501885414588
23.867735470941884 8.924147235266329 0.04231842206703362 3.5173892001048834 1.5494653886008969 -3.4808716264582173 -2.063195661611097 12.464053811830798 19.12299790972572 33.01159321375489 15.088580441800268 17.60159694827992 6.883663928137113 11.260116494864608 -1.511194884354917 1.458837882370083 18.091996730473976 5.9286415929683605 9.736687336580765 0.1235743741800377 3.7458778596013076 19.624103439900544 -2.636623273633081 5.496465769847525 1.0440532452377305 -8.429859004373712 -6.280369708884022 -9.790147684846884 -0.7364286551604415
23.927855711422843 8.929756948400929 0.0479281352016514 3.522998913239501 1.5550751017355147 -3.4752619133236173 -2.057585948476479 12.469663524965416 19.128607622860336 33.01720292688951 15.094190154934886 17.607206661414537 6.889273641271713 11.265726207999226 -1.5055851712202992 1.4644475955047007 18.097606443608576 5.934251306102978 9.742297049715383 0.1291840873146377 3.7514875727359254 19.629713153035162 -2.631013560498481 5.502075482982143 1.0496629583723482 -8.424249291239095 -6.274759995749404 -9.784537971712284 -0.7308189420258415
23.987975951903806 8.93535493080245 0.05352611760317316 3.528596895641005 1.5606730841370187 -3.4696639309220956 -2.0519879660749574 12.475261507366938 19.13420560526184 33.02280090929102 15.099788137336407 17.61280464381606 6.894871623673235 11.271324190400748 -1.4999871888187775 1.4700455779062225 18.103204426010098 5.939849288504482 9.747895032116887 0.13478206971615947 3.757085555137447 19.635311135436666 -2.625415578096959 5.507673465383647 1.05526094077387 -8.41865130883759 -6.2691620133479 -9.778939989310762 -0.7252209596243198
24.04809619238477 8.940941269599634 0.05911245640035645 3.5341832344382063 1.5662594229342197 -3.4640775921248945 -2.046401627277774 12.48084784616412 19.13979194405904 33.028387248088215 15.10537447613359 17.618390982613242 6.900457962470436 11.27691052919793 -1.4944008500215942 1.4756319167034058 18.1087907648073 5.945435627301683 9.753481370914088 0.14036840851334276 3.7626718939346304 19.640897474233867 -2.619829239299758 5.513259804180848 1.0608472795710533 -8.41306497004039 -6.263575674550699 -9.773353650513561 -0.7196346208271187
24.10821643286573 8.94651605627752 0.06468724307822526 3.539758021116075 1.5718342096120885 -3.4585028054470257 -2.0408268405999053 12.48642263284199 19.14536673073691 33.033962034766084 15.11094926281146 17.62396576929111 6.906032749148305 11.2824853158758 -1.4888260633437254 1.4812067033812746 18.114365551485168 5.951010413979552 9.759056157591957 0.14594319519122934 3.7682466806124992 19.646472260911736 -2.614254452621889 5.518834590858717 1.0664220662489399 -8.40749018336252 -6.25800088787283 -9.767778863835693 -0.7140598341492499
24.168336673346694 8.952079379010076 0.0702505658107988 3.5453213438486486 1.577397532344662 -3.452939482714452 -2.0352635178673317 12.491985955574563 19.150930053469484 33.039525357498654 15.116512585544033 17.629529092023684 6.911596071880878 11.288048638608373 -1.4832627406111518 1.4867700261138481 18.11992887421774 5.956573736712126 9.76461948032453 0.1515065179237851 3.7738100033450728 19.65203558364431 -2.6086911298893334 5.52439791359129 1.0719853889814956 -8.401926860629947 -6.252437565140257 -9.762215541103137 -0.7084965114166764
24.228456913827653 8.957631324957571 0.07580251175829389 3.550873289796126 1.5829494782921572 -3.447387536766975 -2.0297115719198366 12.497537901522058 19.15648199941698 33.04507730344615 15.122064531491528 17.63508103797118 6.917148017828356 11.293600584555868 -1.4777107946636567 1.4923219720613432 18.12548082016522 5.962125682659603 9.770171426272025 0.1570584638712802 3.779361949292568 19.657587529591805 -2.6031391839418383 5.529949859538785 1.0775373349289907 -8.39637491468247 -6.2468856191927795 -9.756663595155642 -0.702944565469199
24.288577154308616 8.963171983010607 0.08134316981132983 3.556413947849162 1.5884901363451753 -3.441846878713939 -2.0241709138668007 12.503078559575094 19.162022657470015 33.05061796149918 15.127605189544564 17.640621696024215 6.922688675881392 11.299141242608904 -1.4721701366106208 1.4978626301143791 18.131021478218255 5.967666340712639 9.775712084325043 0.16259912192431614 3.784902607345604 19.663128187644823 -2.5975985258888024 5.535490517591803 1.0830779929820267 -8.390834256629434 -6.241344961139744 -9.751122937102606 -0.6974039074161631
24.34869739478958 8.968701438562796 0.08687262536351881 3.561943403401351 1.594019591897382 -3.43631742316175 -2.0186414583146117 12.508608015127283 19.167552113022204 33.05614741705137 15.133134645096753 17.646151151576404 6.928218131433581 11.304670698161093 -1.4666406810584318 1.5033920856665681 18.136550933770444 5.973195796264828 9.781241539877232 0.16812857747650511 3.7904320628977928 19.66865764319703 -2.5920690703366134 5.541019973143992 1.0886074485342156 -8.385304801077245 -6.235815505587555 -9.745593481550417 -0.6918744518639741
