web/models/mosfit_kne/mosfit_kn_1.0000/mosfit_kn_0.005245_0.4687_1.0000.dat
# %ECSV 1.0
# ---
# datatype:
# - {name: time, datatype: float64}
# - {name: PS1_g, datatype: float64}
# - {name: PS1_i, datatype: float64}
# - {name: PS1_r, datatype: float64}
# - {name: PS1_w, datatype: float64}
# - {name: PS1_y, datatype: float64}
# - {name: PS1_z, datatype: float64}
# - {name: swift_uvot_B, datatype: float64}
# - {name: swift_uvot_U, datatype: float64}
# - {name: swift_uvot_uvm2, datatype: float64}
# - {name: swift_uvot_uvw1, datatype: float64}
# - {name: swift_uvot_uvw2, datatype: float64}
# - {name: swift_uvot_V, datatype: float64}
# - {name: johnson_B, datatype: float64}
# - {name: johnson_I, datatype: float64}
# - {name: johnson_R, datatype: float64}
# - {name: johnson_U, datatype: float64}
# - {name: johnson_V, datatype: float64}
# - {name: sdss_g, datatype: float64}
# - {name: sdss_i, datatype: float64}
# - {name: sdss_r, datatype: float64}
# - {name: sdss_u, datatype: float64}
# - {name: sdss_z, datatype: float64}
# - {name: ATLAS_c, datatype: float64}
# - {name: ATLAS_o, datatype: float64}
# - {name: ukirt_H, datatype: float64}
# - {name: ukirt_J, datatype: float64}
# - {name: ukirt_K, datatype: float64}
# - {name: Clear, datatype: float64}
# meta: !!omap
# - comment: [kappa = 1.0, type = rprocess, mass = 0.005244756555828381, velocity = 0.4686666666666667, theta_obs = 0.0, tfloor = 1000.0]
# schema: astropy-2.0
time PS1_g PS1_i PS1_r PS1_w PS1_y PS1_z swift_uvot_B swift_uvot_U swift_uvot_uvm2 swift_uvot_uvw1 swift_uvot_uvw2 swift_uvot_V johnson_B johnson_I johnson_R johnson_U johnson_V sdss_g sdss_i sdss_r sdss_u sdss_z ATLAS_c ATLAS_o ukirt_H ukirt_J ukirt_K Clear
[from data line 117]
7.0941883767535066 9.761958907992625 0.8801300947933477 4.3552008728311975 2.387277061327211 -2.6430599537319033 -1.2253839888847828 13.301865484557112 19.960809582452033 33.8494048864812 15.926392114526582 18.439408621006233 7.721475600863427 12.097928167590922 -0.6733832116286029 2.296649555096397 18.92980840320029 6.7664532656946745 10.574499009307079 0.961386046906334 4.583689532327622 20.46191511262686 -1.7988116009067845 6.334277442573839 1.8818649179640445 -7.592047331647399 -5.442558036157708 -8.952336012120588 0.10138301756587254
7.154308617234468 9.786798170050233 0.9049693568509554 4.380040134888805 2.4121163233848186 -2.6182206916743134 -1.2005447268271752 13.32670474661472 19.985648844509633 33.874244148538814 15.95123137658419 18.46424788306384 7.746314862921017 12.12276742964853 -0.6485439495709953 2.3214888171540045 18.95464766525788 6.791292527752282 10.599338271364687 0.9862253089639417 4.608528794385229 20.48675437468446 -1.7739723388491768 6.359116704631447 1.9067041800216522 -7.567208069589792 -5.417718774100118 -8.92749675006298 0.12622227962346244
7.214428857715431 9.811532283797408 0.9297034705981133 4.404774248635963 2.4368504371319766 -2.5934865779271377 -1.1758106130800172 13.351438860361878 20.0103829582568 33.89897826228598 15.975965490331365 18.48898199681101 7.771048976668193 12.147501543395688 -0.6238098358238373 2.3462229309011624 18.979381779005056 6.81602664149944 10.624072385111845 1.0109594227111174 4.633262908132405 20.511488488431624 -1.749238225102001 6.383850818378605 1.931438293768828 -7.542473955842634 -5.392984660352942 -8.902762636315805 0.15095639337063815
7.274549098196393 9.836163958225796 0.9543351450265192 4.429405923064351 2.4614821115603647 -2.5688549034987496 -1.1511789386516114 13.376070534790284 20.035014632685197 33.923609936714364 16.000597164759753 18.513613671239405 7.795680651096581 12.172133217824094 -0.5991781613954315 2.3708546053295683 19.004013453433444 6.840658315927828 10.648704059540233 1.0355910971395055 4.657894582560793 20.536120162860023 -1.724606550673613 6.408482492806993 1.956069968197216 -7.517842281414246 -5.368352985924554 -8.878130961887416 0.17558806779902625
7.3346693386773545 9.860695752371385 0.9788669391721072 4.453937717209939 2.4860139057059527 -2.5443231093531615 -1.1266471445060233 13.400602328935872 20.059546426830785 33.94814173085995 16.02512895890534 18.538145465384982 7.820212445242169 12.196665011969664 -0.5746463672498434 2.3953863994751385 19.028545247579032 6.865190110073416 10.67323585368582 1.0601228912850935 4.682426376706381 20.56065195700561 -1.700074756528025 6.433014286952581 1.980601762342804 -7.493310487268658 -5.343821191778966 -8.853599167741828 0.20011986194461429
7.394789579158316 9.885130113799399 1.0033013006001212 4.478372078637953 2.5104482671339845 -2.5198887479251475 -1.1022127830780093 13.425036690363886 20.0839807882588 33.97257609228797 16.049563320333355 18.562579826813007 7.844646806670183 12.221099373397696 -0.5502120058218294 2.4198207609031703 19.052979609007046 6.88962447150143 10.697670215113835 1.0845572527131075 4.706860738134395 20.585086318433625 -1.675640395100011 6.457448648380595 2.005036123770818 -7.4688761258406435 -5.319386830350952 -8.829164806313814 0.22455422337262831
7.454909819639278 9.90946932832772 1.027640515128443 4.502711293166293 2.534787481662306 -2.495549533396808 -1.0778735685496876 13.449375904892207 20.108320002787128 33.9969153068163 16.073902534861677 18.586919041341336 7.8689860211985225 12.245438587926017 -0.5258727912935077 2.444159975431492 19.077318823535386 6.91396368602977 10.722009429642174 1.1088964672414292 4.731199952662717 20.609425532961954 -1.6513011805716893 6.481787862908934 2.0293753382991397 -7.444536911312304 -5.295047615822613 -8.804825591785493 0.24889343790096774
7.51503006012024 9.933726328549781 1.051897515350504 4.526968293388354 2.559044481884367 -2.471292533174765 -1.0536165683276266 13.473632905114268 20.13257700300918 34.02117230703836 16.098159535083738 18.61117604156339 7.893243021420566 12.269695588148078 -0.5016157910714467 2.468416975653553 19.10157582375743 6.938220686251831 10.746266429864235 1.1331534674634902 4.755456952884778 20.633682533184007 -1.6270441803496283 6.506044863130995 2.0536323385212008 -7.420279911090243 -5.2707906156005695 -8.780568591563432 0.273150438123011
7.575150300601202 9.957872633691398 1.0760438204921208 4.551114598529953 2.5831907870259663 -2.447146228033148 -1.0294702631860098 13.497779210255885 20.156723308150795 34.04531861217997 16.122305840225355 18.635322346705006 7.917389326562183 12.293841893289695 -0.47746948592982985 2.49256328079517 19.125722128899046 6.96236699139343 10.770412735005834 1.157299772605107 4.779603258026395 20.65782883832562 -1.6028978752080114 6.530191168272594 2.0777786436628176 -7.396133605948644 -5.246644310458953 -8.756422286421815 0.29729674326462785
7.635270541082164 9.981937629238953 1.1001088160396755 4.5751795940775075 2.607255782573521 -2.4230812324855933 -1.005405267638455 13.52184420580344 20.18078830369835 34.069383607727524 16.14637083577291 18.65938734225256 7.941454322109737 12.31790688883725 -0.45340449038227515 2.5166282763427246 19.1497871244466 6.9864319869409846 10.794477730553389 1.1813647681526618 4.803668253573949 20.681893833873175 -1.5788328796604567 6.554256163820149 2.1018436392103723 -7.372068610401089 -5.222579314911398 -8.73235729087426 0.32136173881218255
7.695390781563126 10.005916737832798 1.1240879246335211 4.599158702671371 2.6312348911673844 -2.3991021238917476 -0.9814261590446094 13.545823314397285 20.204767412292206 34.09336271632138 16.170349944366755 18.683366450846407 7.965433430703583 12.341885997431095 -0.4294253817884295 2.5406073849365702 19.173766233040446 7.010411095534848 10.818456839147252 1.2053438767465074 4.827647362167795 20.705872942467032 -1.554853771066611 6.5782352724140125 2.125822747804218 -7.348089501807226 -5.1986002063175345 -8.708378182280414 0.3453408474060282
7.755511022044088 10.029810681067541 1.147981867868264 4.623052645906114 2.6551288344021273 -2.3752081806570047 -0.9575322158098665 13.569717257632028 20.22866135552694 34.11725665955612 16.1942438876015 18.70726039408115 7.989327373938326 12.365779940665838 -0.40553143855368656 2.564501328171313 19.19766017627519 7.034305038769591 10.842350782381995 1.2292378199812504 4.851541305402538 20.729766885701764 -1.5309598278318681 6.602129215648755 2.149716691038961 -7.324195558572483 -5.174706263082809 -8.684484239045672 0.36923479064077114
7.8156312625250495 10.05362094376272 1.1717921305634427 4.646862908601275 2.678939097097288 -2.351397917961826 -0.9337219531146879 13.593527520327207 20.252471618222117 34.14106692225129 16.218054150296677 18.73107065677632 8.013137636633505 12.389590203361017 -0.38172117585850796 2.588311590866474 19.221470438970368 7.058115301464752 10.866161045077156 1.253048082676429 4.875351568097717 20.753577148396943 -1.5071495651366895 6.625939478343916 2.1735269537341395 -7.300385295877322 -5.150896000387631 -8.660673976350493 0.39304505333594975
7.875751503006012 10.077349067541785 1.1955202543424903 4.67059103238034 2.7026672208763536 -2.3276697941827607 -0.9099938293356402 13.617255644106272 20.276199742001175 34.164795046030356 16.241782274075742 18.754798780555387 8.03686576041257 12.413318327140065 -0.35799305207944254 2.6120397146455394 19.245198562749433 7.081843425243817 10.889889168856222 1.2767762064554944 4.899079691876782 20.777305272176 -1.483421441357624 6.649667602122982 2.197255077513205 -7.276657172098257 -5.127167876608565 -8.636945852571428 0.41677317711501516
7.935871743486974 10.100996503804538 1.2191676906052429 4.694238468643093 2.726314657139106 -2.304022357920008 -0.8863463930728877 13.640903080369007 20.299847178263928 34.188442482293105 16.265429710338495 18.778446216818136 8.060513196675323 12.436965763402817 -0.33434561581670774 2.635687150908292 19.268845999012186 7.10549086150657 10.913536605118974 1.300423642718247 4.922727128139535 20.800952708438754 -1.4597740050948715 6.673315038385734 2.2209025137759575 -7.253009735835504 -5.103520440345813 -8.613298416308675 0.4404206133777677
7.995991983967936 10.124564639673643 1.242735826474366 4.717806604512216 2.7498827930082292 -2.280454222050885 -0.8627782572037646 13.66447121623813 20.32341531413305 34.212010618162225 16.2889978462076 18.802014352687262 8.084081332544446 12.46053389927194 -0.31077747994758465 2.659255286777415 19.29241413488131 7.129058997375693 10.937104740988097 1.3239917785873523 4.94629526400864 20.824520844307877 -1.4362058692257662 6.696883174254857 2.244470649645063 -7.229441599966381 -5.07995230447669 -8.58973028043957 0.4639887492468908
8.056112224448897 10.148054788215255 1.2662259750159777 4.74129675305381 2.773372941549823 -2.256964073509291 -0.8392881086621529 13.687961364779742 20.346905462674655 34.23550076670383 16.312487994749212 18.825504501228863 8.10757148108604 12.484024047813552 -0.28728733140597296 2.6827454353190268 19.315904283422903 7.152549145917287 10.960594889529691 1.347481927128964 4.969785412550252 20.84801099284948 -1.4127157206841545 6.720373322796451 2.2679607981866745 -7.205951451424787 -5.056462155935096 -8.566240131897958 0.48747889778848474
8.11623246492986 10.171468164349164 1.2896393511498871 4.764710129187719 2.7967863176837326 -2.2335506973753816 -0.8158747325282434 13.711374740913651 20.370318838808565 34.25891414283773 16.33590137088312 18.848917877362762 8.13098485721995 12.507437423947461 -0.2638739552720635 2.7061588114529185 19.339317659556812 7.175962522051196 10.9840082656636 1.3708953032628735 4.993198788684161 20.87142436898339 -1.389302344550245 6.743786698930361 2.291374174320584 -7.182538075290878 -5.033048779801186 -8.542826755764048 0.5108922739223942
8.176352705410821 10.194805935204414 1.3129771220051367 4.7880479000429865 2.820124088539 -2.210212926520132 -0.7925369616729938 13.734712511768901 20.39365660966382 34.282251913692996 16.35923914173837 18.872255648218022 8.1543226280752 12.530775194802711 -0.2405361844168139 2.729496582308186 19.36265543041208 7.199300292906464 11.007346036518868 1.394233074118123 5.016536559539411 20.894762139838647 -1.3659645736949955 6.767124469785628 2.3147119451758336 -7.15920030443561 -5.009711008945919 -8.519488984908799 0.5342300447776438
8.236472945891784 10.218069200104392 1.3362403869051143 4.811311164942964 2.8433873534389775 -2.1869496616201545 -0.7692736967730163 13.757975776668879 20.41691987456379 34.30551517859297 16.38250240663835 18.895518913118 8.177585892975177 12.554038459702689 -0.21727291951683636 2.7527598472081634 19.38591869531204 7.222563557806441 11.030609301418846 1.4174963390181006 5.039799824439388 20.918025404738614 -1.342701308795018 6.790387734685606 2.337975210075811 -7.135937039535633 -4.986447744045959 -8.496225720008821 0.5574933096776213
8.296593186372744 10.241258974447263 1.3594301612479676 4.834500939285817 2.866577127781831 -2.1637598872772834 -0.746083922430163 13.78116555101175 20.440109648906652 34.32870495293583 16.40569218098122 18.91870868746086 8.200775667318048 12.577228234045542 -0.1940831451739653 2.7759496215510167 19.40910846965491 7.245753332149294 11.053799075761699 1.4406861133609716 5.062989598782259 20.94121517908148 -1.3195115344521469 6.813577509028459 2.361164984418682 -7.1127472651927794 -4.963257969703088 -8.47303594566595 0.5806830840204924
8.356713426853707 10.264376230957453 1.3825474177581576 4.857618195796007 2.889694384292021 -2.1406426307670934 -0.7229666659199729 13.804282807521922 20.463226905416843 34.35182220944602 16.42880943749141 18.94182594397105 8.223892923828238 12.600345490555732 -0.17096588866379303 2.7990668780612067 19.4322257261651 7.268870588659484 11.076916332271889 1.4638033698711617 5.086106855292432 20.96433243559167 -1.2963942779419568 6.836694765538649 2.384282240928872 -7.089630008682589 -4.940140713192898 -8.44991868915576 0.6038003405306824
8.41683366733467 10.287421888596953 1.4055930753976753 4.880663853435525 2.9127400419315386 -2.1175969731275934 -0.6999210082804552 13.82732846516144 20.48627256305636 34.374867867085534 16.45185509513091 18.96487160161056 8.246938581467738 12.62339114819525 -0.14792023102427532 2.8221125357007244 19.455271383804607 7.291916246299002 11.099961989911407 1.4868490275106616 5.109152512931949 20.98737809323118 -1.2733486203024569 6.859740423178167 2.407327898568372 -7.066584351043072 -4.91709505555338 -8.42687303151626 0.6268459981701824
8.47695390781563 10.310396795164039 1.4285679819647612 4.903638760002593 2.9357149484986067 -2.0946220665605075 -0.6769461017133693 13.850303371728526 20.50924746962344 34.397842773652606 16.474830001697995 18.987846508177636 8.269913488034824 12.646366054762318 -0.12494532445718942 2.8450874422677925 19.478246290371686 7.31489115286607 11.122936896478475 1.5098239340777475 5.132127419499035 21.010352999798265 -1.250373713735371 6.882715329745235 2.430302805135458 -7.043609444476004 -4.894120148986312 -8.403898124949174 0.6498209047372683
8.537074148296593 10.333301763271425 1.451472950072148 4.92654372810998 2.958619916606011 -2.071717098453121 -0.6540411336059826 13.873208339835912 20.532152437730822 34.420747741759996 16.497734969805382 19.010751476285034 8.29281845614221 12.669271022869722 -0.10204035634980269 2.867992410375197 19.501151258479073 7.337796120973457 11.145841864585861 1.5327289021851342 5.155032387606422 21.033257967905648 -1.2274687456279842 6.9056202978526215 2.453207773242845 -7.020704476368617 -4.8712151808789255 -8.380993156841788 0.672725872844655
8.597194388777554 10.356137558557101 1.474308745357824 4.949379523395656 2.9814557118916873 -2.0488813031674447 -0.6312053383203065 13.896044135121588 20.554988233016502 34.443583537045676 16.52057076509106 19.03358727157071 8.315654251427887 12.692106818155398 -0.07920456106412654 2.890828205660873 19.523987053764756 7.360631916259133 11.168677659871538 1.5555646974708104 5.177868182892098 21.056093763191328 -1.204632950342308 6.9284560931383155 2.476043568528521 -6.997868681082941 -4.848379385593249 -8.358157361556112 0.6955616681303312
8.657314629258517 10.378904887261395 1.497076074062118 4.97214685209995 3.0042230405959813 -2.0261139744631507 -0.6084380096160125 13.918811463825882 20.577755561720792 34.46635086574997 16.543338093795352 19.056354600275004 8.33842158013218 12.714874146859692 -0.056437232359832556 2.913595534365167 19.546754382469054 7.383399244963427 11.19144498857585 1.5783320261751044 5.200635511596392 21.078861091895618 -1.1818656216380141 6.951223421842609 2.498810897232815 -6.975101352378647 -4.825612056888955 -8.335390032851818 0.7183289968346251
8.71743486973948 10.401604427979638 1.519775614780361 4.994846392818193 3.0269225813142064 -2.003414433744908 -0.5857384688977696 13.941511004544125 20.600455102439035 34.48905040646821 16.566037634513595 19.07905414099324 8.361121120850424 12.737573687577918 -0.033737691641589684 2.9362950750833923 19.569453923187286 7.40609878568167 11.214144529294074 1.6010315668933472 5.223335052314635 21.10156063261386 -1.1591660809197712 6.9739229625608345 2.521510437951058 -6.952401811660404 -4.8029125161707125 -8.312690492133575 0.741028537552868
