web/models/mosfit_kne/mosfit_kn_1.0000/mosfit_kn_0.218327_0.4530_1.0000.dat
# %ECSV 1.0
# ---
# datatype:
# - {name: time, datatype: float64}
# - {name: PS1_g, datatype: float64}
# - {name: PS1_i, datatype: float64}
# - {name: PS1_r, datatype: float64}
# - {name: PS1_w, datatype: float64}
# - {name: PS1_y, datatype: float64}
# - {name: PS1_z, datatype: float64}
# - {name: swift_uvot_B, datatype: float64}
# - {name: swift_uvot_U, datatype: float64}
# - {name: swift_uvot_uvm2, datatype: float64}
# - {name: swift_uvot_uvw1, datatype: float64}
# - {name: swift_uvot_uvw2, datatype: float64}
# - {name: swift_uvot_V, datatype: float64}
# - {name: johnson_B, datatype: float64}
# - {name: johnson_I, datatype: float64}
# - {name: johnson_R, datatype: float64}
# - {name: johnson_U, datatype: float64}
# - {name: johnson_V, datatype: float64}
# - {name: sdss_g, datatype: float64}
# - {name: sdss_i, datatype: float64}
# - {name: sdss_r, datatype: float64}
# - {name: sdss_u, datatype: float64}
# - {name: sdss_z, datatype: float64}
# - {name: ATLAS_c, datatype: float64}
# - {name: ATLAS_o, datatype: float64}
# - {name: ukirt_H, datatype: float64}
# - {name: ukirt_J, datatype: float64}
# - {name: ukirt_K, datatype: float64}
# - {name: Clear, datatype: float64}
# meta: !!omap
# - comment: [kappa = 1.0, type = rprocess, mass = 0.21832694463104688, velocity = 0.45299999999999996, theta_obs = 0.0, tfloor = 1000.0]
# schema: astropy-2.0
time PS1_g PS1_i PS1_r PS1_w PS1_y PS1_z swift_uvot_B swift_uvot_U swift_uvot_uvm2 swift_uvot_uvw1 swift_uvot_uvw2 swift_uvot_V johnson_B johnson_I johnson_R johnson_U johnson_V sdss_g sdss_i sdss_r sdss_u sdss_z ATLAS_c ATLAS_o ukirt_H ukirt_J ukirt_K Clear
[from data line 256]
15.450901803607215 7.926189937580066 -0.9556388756192113 2.5194319024186385 0.5515080909146519 -4.47882892414448 -3.061152959297342 11.466096514144553 18.125040612039474 32.013635916068644 14.090623144114023 16.603639650593674 5.8857066304508505 10.262159197178363 -2.509152182041162 0.46088058468383797 17.094039432787714 4.9306842952821155 8.73873003889452 -0.874382923506225 2.7479205619150626 18.6261461422143 -3.6345805713193435 4.49850847216128 0.046095947551485494 -9.427816302059957 -7.278327006570267 -10.788104982533147 -1.7343859528467043
15.511022044088175 8.03633149541648 -0.8454973177828151 2.6295734602550347 0.6616496487510481 -4.368687366308066 -2.9510114014609456 11.57623807198095 18.23518216987587 32.123777473905044 14.200764701950419 16.71378120843007 5.9958481882872645 10.37230075501476 -2.3990106242047657 0.5710221425202342 17.204180990624128 5.040825853118512 8.848871596730916 -0.764241365669811 2.858062119751459 18.736287700050696 -3.5244390134829295 4.608650029997676 0.1562375053878995 -9.317674744223561 -7.168185448733871 -10.677963424696733 -1.6242443950102903
15.571142284569138 8.130395806762767 -0.7514330064365105 2.7236377716013216 0.7557139600973528 -4.274623054961779 -2.856947090114641 11.670302383327254 18.329246481222174 32.21784178525134 14.294829013296724 16.807845519776375 6.089912499633551 10.466365066361064 -2.304946312858461 0.6650864538665389 17.298245301970415 5.134890164464799 8.942935908077203 -0.6701770543235241 2.9521264310977635 18.830352011397 -3.4303747021366426 4.702714341343981 0.2503018167341864 -9.223610432877274 -7.074121137387584 -10.583899113350446 -1.5301800836640034
15.631262525050099 8.224522193275021 -0.6573066199242561 2.817764158113576 0.8498403466096072 -4.180496668449525 -2.7628207036023866 11.764428769839508 18.42337286773443 32.3119681717636 14.388955399808978 16.90197190628863 6.184038886145806 10.560491452873318 -2.2108199263462067 0.7592128403787932 17.39237168848267 5.229016550977053 9.037062294589475 -0.5760506678112698 3.046252817610018 18.924478397909255 -3.3362483156243883 4.796840727856235 0.34442820324644075 -9.12948404636502 -6.9799947508753295 -10.489772726838192 -1.436053697151749
15.691382765531062 8.318674935299875 -0.5631538778994027 2.9119169001384293 0.9439930886344428 -4.0863439264246715 -2.6686679615775333 11.858581511864362 18.517525609759264 32.40612091378845 14.483108141833831 16.996124648313483 6.278191628170659 10.654644194898172 -2.1166671843213534 0.8533655824036288 17.486524430507522 5.323169293001906 9.13121503661431 -0.48189792578641644 3.1404055596348712 19.01863113993409 -3.242095573599535 4.890993469881071 0.4385809452712941 -9.035331304340167 -6.885842008850476 -10.395619984813338 -1.3419009551268957
15.751503006012024 8.414639030290978 -0.4671897829082994 3.0078809951295327 1.0399571836255461 -3.990379831433568 -2.57270386658643 11.954545606855465 18.613489704750368 32.50208500877955 14.579072236824935 17.092088743304586 6.3741557231617625 10.750608289889257 -2.02070308933025 0.9493296773947322 17.582488525498626 5.41913338799301 9.227179131605414 -0.38593383079531307 3.2363696546259746 19.114595234925194 -3.1461314786084316 4.986957564872174 0.5345450402623975 -8.939367209349063 -6.789877913859373 -10.299655889822235 -1.2459368601357923
15.811623246492985 8.519018263090068 -0.3628105501092094 3.1122602279286227 1.144336416424654 -3.886000598634478 -2.46832463378734 12.058924839654555 18.717868937549476 32.60646424157864 14.683451469624025 17.196467976103676 6.4785349559608525 10.854987522688365 -1.91632385653116 1.05370891019384 17.686867758297716 5.5235126207921 9.331558364404504 -0.28155459799622307 3.3407488874250646 19.2189744677243 -3.0417522458093416 5.091336797671264 0.6389242730614875 -8.834987976549973 -6.685498681060283 -10.195276657023145 -1.1415576273367023
15.871743486973948 8.616543116013737 -0.26528569718553996 3.209785080852292 1.2418612693483233 -3.7884757457108087 -2.3707997808636705 12.156449692578224 18.815393790473145 32.70398909450232 14.780976322547694 17.293992829027346 6.576059808884522 10.952512375612034 -1.8187990036074906 1.1512337631175094 17.784392611221385 5.621037473715769 9.429083217328191 -0.18402974507255365 3.438273740348734 19.31649932064797 -2.944227392885672 5.188861650594951 0.7364491259851569 -8.737463123626304 -6.587973828136613 -10.097751804099476 -1.0440327744130329
15.931863727454909 8.714221862888376 -0.167606950310919 3.307463827726931 1.3395400162229443 -3.69079699883617 -2.2731210339890495 12.254128439452863 18.913072537347766 32.80166784137695 14.878655069422333 17.391671575901984 6.673738555759161 11.050191122486655 -1.7211202567328518 1.2489125099921303 17.882071358096024 5.718716220590408 9.526761964202812 -0.08635099819791492 3.5359524872233727 19.41417806752259 -2.8465486460110334 5.286540397469572 0.8341278728597956 -8.639784376751665 -6.490295081261975 -10.000073057224837 -0.9463540275383941
15.991983967935871 8.811915901546712 -0.06991291165256541 3.4051578663852666 1.43723405488128 -3.593102960177834 -2.175426995330696 12.351822478111199 19.0107665760061 32.89936188003528 14.976349108080669 17.48936561456032 6.7714325944174965 11.147885161145009 -1.623426218074516 1.346606548650484 17.97976539675436 5.816410259248744 9.624456002861148 0.011343040460420895 3.6336465258817086 19.511872106180927 -2.7488546073526976 5.384234436127908 0.9318219115181314 -8.54209033809333 -6.392601042603639 -9.902379018566501 -0.8486599888800583
16.052104208416832 8.922708917659978 0.040880104460701006 3.515950882498551 1.5480270709945643 -3.4823099440645677 -2.0646339792174295 12.462615494224465 19.121559592119386 33.010154896148556 15.087142124193935 17.600158630673587 6.882225610530763 11.258678177258275 -1.5126332019612496 1.4573995647637503 18.090558412867644 5.927203275362028 9.735249018974432 0.12213605657368731 3.744439541994975 19.62266512229421 -2.638061591239431 5.495027452241192 1.0426149276313978 -8.431297321980045 -6.281808026490355 -9.791586002453235 -0.7378669727667919
16.112224448897795 9.030121193060552 0.14829237986127453 3.6233631578991066 1.6554393463951378 -3.374897668663994 -1.957221703816856 12.570027769625039 19.228971867519952 33.11756717154912 15.194554399594509 17.70757090607416 6.989637885931336 11.366090452658849 -1.405220926560676 1.5648118401643238 18.1979706882682 6.034615550762584 9.842661294374988 0.22954833197426083 3.8518518173955485 19.730077397694767 -2.5306493158388577 5.602439727641748 1.1500272030319714 -8.32388504657949 -6.174395751089799 -9.684173727052661 -0.6304546973662184
16.172344689378757 9.126196824025197 0.24436801082590165 3.7194387888637515 1.751514977359765 -3.2788220376993493 -1.8611460728522289 12.666103400589666 19.325047498484587 33.21364280251377 15.290630030559154 17.803646537038805 7.085713516895981 11.462166083623476 -1.309145295596049 1.660887471128951 18.294046319232844 6.1306911817272285 9.938736925339633 0.3256239629389057 3.9479274483601934 19.826153028659412 -2.4345736848742128 5.698515358606393 1.2461028339966163 -8.227809415614844 -6.078320120125154 -9.588098096088016 -0.5343790664015735
16.23246492985972 9.222428175337605 0.34059936213830966 3.8156701401761595 1.847746328672173 -3.1825906863869413 -1.7649147215398209 12.762334751902074 19.421278849796995 33.30987415382618 15.386861381871544 17.899877888351195 7.181944868208389 11.558397434935884 -1.212913944283641 1.757118822441359 18.390277670545252 6.2269225330396365 10.034968276652041 0.42185531425131373 4.044158799672584 19.92238437997182 -2.3383423335618048 5.794746709918801 1.3423341853090243 -8.131578064302436 -5.982088768812746 -9.491866744775608 -0.4381477150891655
16.29258517034068 9.318609747954252 0.4367809347549745 3.9118517127928243 1.9439279012888377 -3.0864091137702765 -1.668733148923156 12.858516324518739 19.51746042241366 33.40605572644283 15.483042954488209 17.99605946096786 7.278126440825054 11.654579007552549 -1.1167323716669761 1.8533003950580238 18.486459243161917 6.323104105656301 10.131149849268706 0.5180368868679608 4.1403403722892484 20.018565952588485 -2.2421607609451577 5.890928282535466 1.4385157579256713 -8.035396491685772 -5.885907196196081 -9.395685172158961 -0.3419661424725007
16.352705410821642 9.432911248071107 0.5510824348718302 4.026153212909662 2.0582294014056934 -2.9721076136534386 -1.5544316488063004 12.972817824635595 19.631761922530508 33.520357226559675 15.597344454605064 18.110360961084716 7.392427940941892 11.768880507669405 -1.0024308715501205 1.9676018951748795 18.600760743278755 6.437405605773139 10.245451349385544 0.6323383869848165 4.254641872406104 20.13286745270534 -2.127859260828302 6.005229782652304 1.552817258042527 -7.921094991568935 -5.771605696079243 -9.281383672042105 -0.22766464235566275
16.412825651302605 9.532366911586045 0.6505380983867681 4.1256088764246 2.1576850649206136 -2.8726519501385006 -1.4549759852913624 13.072273488150532 19.731217586045446 33.61981289007462 15.696800118120002 18.209816624599654 7.49188360445683 11.868336171184342 -0.9029752080351825 2.0670575586897995 18.700216406793693 6.536861269288077 10.344907012900482 0.7317940504997544 4.354097535921042 20.23232311622027 -2.028403597313364 6.104685446167242 1.652272921557465 -7.821639328053997 -5.672150032564305 -9.181928008527168 -0.1282089788407248
16.472945891783567 9.631833428134176 0.7500046149348982 4.22507539297273 2.2571515814687437 -2.7731854335903705 -1.3555094687432323 13.171740004698663 19.830684102593573 33.719279406622746 15.796266634668132 18.309283141147784 7.59135012100496 11.967802687732473 -0.8035086914870524 2.1665240752379296 18.799682923341823 6.636327785836207 10.444373529448612 0.8312605670478845 4.453564052469172 20.3317896327684 -1.928937080765234 6.204151962715372 1.751739438105595 -7.7221728115058665 -5.572683516016175 -9.082461491979037 -0.028742462292594695
16.53306613226453 9.73144255028151 0.8496137370822154 4.324684515120065 2.3567607036160787 -2.6735763114430355 -1.255900346595915 13.27134912684598 19.9302932247409 33.818888528770074 15.89587575681545 18.4088922632951 7.690959243152295 12.06741180987979 -0.7038995693397352 2.2661331973852645 18.899292045489158 6.735936907983542 10.543982651595947 0.9308696891952195 4.553173174616489 20.431398754915726 -1.829327958617899 6.303761084862707 1.85134856025293 -7.622563689358532 -5.47307439386884 -8.982852369831702 0.07086665985474028
16.59318637274549 9.831081242789033 0.9492524295897375 4.424323207627587 2.456399396123601 -2.5739376189355134 -1.156261654088393 13.37098781935352 20.029931917248433 33.91852722127761 15.99551444932299 18.50853095580263 7.790597935659817 12.167050502387312 -0.6042608768321953 2.3657718898927866 18.99893073799668 6.835575600491064 10.643621344103469 1.0305083817027416 4.652811867124029 20.53103744742326 -1.7296892661103769 6.403399777370229 1.9509872527604522 -7.5229249968510095 -5.373435701361318 -8.88321367732418 0.17050535236226239
16.65330661322645 9.949002083719574 1.0671732705202785 4.542244048558128 2.574320237054142 -2.4560167780049724 -1.038340813157852 13.48890866028406 20.14785275817897 34.036448062208144 16.11343529025353 18.626451796733175 7.908518776590358 12.284971343317853 -0.4863400359016543 2.4836927308233276 19.11685157892722 6.953496441421605 10.76154218503401 1.1484292226332826 4.77073270805457 20.648958288353796 -1.6117684251798359 6.52132061830077 2.068908093690993 -7.4050041559204685 -5.255514860430777 -8.76529283639364 0.2884261932928034
16.713426853707414 10.050514332027465 1.1686855188281875 4.6437562968660195 2.675832485362033 -2.3545045296970812 -0.936828564849943 13.590420908591952 20.24936500648686 34.137960310516036 16.21494753856142 18.727964045041066 8.01003102489825 12.386483591625744 -0.3848277875937631 2.585204979131219 19.218363827235112 7.055008689729497 10.863054433341901 1.2499414709411738 4.8722449563624615 20.750470536661688 -1.5102561768719447 6.622832866608661 2.1704203419988843 -7.303491907612577 -5.154002612122886 -8.663780588085748 0.3899384416006946
16.773547094188377 10.151916702891732 1.270087889692455 4.745158667730305 2.7772348562263183 -2.2531021588328137 -0.8354261939856755 13.69182327945622 20.350767377351133 34.239362681380314 16.31634990942569 18.82936641590534 8.111433395762518 12.48788596249003 -0.2834254167294956 2.686607349995504 19.31976619809938 7.156411060593782 10.964456804206186 1.3513438418054413 4.973647327226729 20.85187290752596 -1.4088538060076772 6.724235237472946 2.271822712863152 -7.202089536748292 -5.052600241258601 -8.56237821722148 0.4913408124649621
16.83366733466934 10.25335376773647 1.3715249545371755 4.846595732575025 2.8786719210710388 -2.1516650939880755 -0.733989129140955 13.79326034430094 20.45220444219586 34.34079974622503 16.41778697427041 18.93080348075007 8.212870460607256 12.58932302733475 -0.18198835188477513 2.7880444148402246 19.42120326294412 7.257848125438502 11.065893869050907 1.4527809066501796 5.0750843920714495 20.953309972370686 -1.307416741162939 6.825672302317667 2.37325977770789 -7.1006524719035715 -4.95116317641388 -8.460941152376742 0.5927778773097003
16.8937875751503 10.354798103617782 1.4729692904184866 4.948040068456336 2.98011625695235 -2.0502207581067644 -0.632544793259644 13.894704680182251 20.55364877807717 34.44224408210635 16.51923131015174 19.03224781663138 8.314314796488567 12.690767363216061 -0.0805440160034463 2.8894887507215357 19.52264759882543 7.359292461319813 11.167338204932218 1.5542252425314906 5.176528727952778 21.054754308251997 -1.2059724052816279 6.927116638198978 2.474704113589201 -6.99920813602226 -4.849718840532569 -8.359496816495431 0.6942222131910114
16.95390781563126 10.468540205236767 1.5867113920374898 5.061782170075322 3.093858358571353 -1.936478656487779 -0.5188026916406407 14.008446781801254 20.667390879696164 34.55598618372534 16.632973411770724 19.145989918250375 8.428056898107553 12.804509464835064 0.033198085615539163 3.003230852340539 19.636389700444415 7.473034562938799 11.281080306551203 1.667967344150476 5.290270829571764 21.16849640987099 -1.0922303036626424 7.040858739817963 2.5884462152081866 -6.885466034403275 -4.735976738913584 -8.245754714876446 0.8079643148099969
17.014028056112224 10.56569861941636 1.6838698062170643 5.158940584254914 3.1910167727509275 -1.8393202423081867 -0.42164427746106625 14.105605195980829 20.76454929387575 34.653144597904934 16.730131825950316 19.243148332429957 8.525215312287145 12.901667879014639 0.13035649979511366 3.1003892665201134 19.733548114624007 7.570192977118391 11.378238720730796 1.7651257583300684 5.387429243751338 21.265654824050575 -0.9950718894830501 7.138017153997556 2.685604629387779 -6.788307620223683 -4.638818324733991 -8.148596300696854 0.9051227289895891
17.074148296593187 10.665114925021673 1.7832861118223775 5.258356889860227 3.2904330783562408 -1.7399039367028735 -0.322227971855753 14.205021501586142 20.863965599481062 34.75256090351024 16.82954813155563 19.342564638035274 8.624631617892458 13.001084184619952 0.22977280540042688 3.1998055721254266 19.83296442022932 7.669609282723704 11.477655026336109 1.8645420639353816 5.486845549356669 21.365071129655888 -0.8956555838777369 7.237433459602869 2.785020934993092 -6.6888913146183695 -4.539402019128678 -8.04917999509154 1.0045390345949023
17.13426853707415 10.77645623248408 1.8946274192848023 5.369698197322634 3.4017743858186478 -1.6285626292404665 -0.21088666439332826 14.316362809048567 20.97530690694348 34.86390221097265 16.940889439018036 19.453905945497677 8.735972925354865 13.112425492082359 0.34111411286285165 3.3111468795878336 19.944305727691727 7.780950590186111 11.588996333798516 1.9758833713977886 5.598186856819076 21.476412437118306 -0.7843142764153299 7.348774767065276 2.896362242455499 -6.5775500071559625 -4.428060711666271 -7.937838687629133 1.1158803420573093
