web/models/mosfit_kne/mosfit_kn_1.0000/mosfit_kn_0.218327_0.2180_1.0000.dat
# %ECSV 1.0
# ---
# datatype:
# - {name: time, datatype: float64}
# - {name: PS1_g, datatype: float64}
# - {name: PS1_i, datatype: float64}
# - {name: PS1_r, datatype: float64}
# - {name: PS1_w, datatype: float64}
# - {name: PS1_y, datatype: float64}
# - {name: PS1_z, datatype: float64}
# - {name: swift_uvot_B, datatype: float64}
# - {name: swift_uvot_U, datatype: float64}
# - {name: swift_uvot_uvm2, datatype: float64}
# - {name: swift_uvot_uvw1, datatype: float64}
# - {name: swift_uvot_uvw2, datatype: float64}
# - {name: swift_uvot_V, datatype: float64}
# - {name: johnson_B, datatype: float64}
# - {name: johnson_I, datatype: float64}
# - {name: johnson_R, datatype: float64}
# - {name: johnson_U, datatype: float64}
# - {name: johnson_V, datatype: float64}
# - {name: sdss_g, datatype: float64}
# - {name: sdss_i, datatype: float64}
# - {name: sdss_r, datatype: float64}
# - {name: sdss_u, datatype: float64}
# - {name: sdss_z, datatype: float64}
# - {name: ATLAS_c, datatype: float64}
# - {name: ATLAS_o, datatype: float64}
# - {name: ukirt_H, datatype: float64}
# - {name: ukirt_J, datatype: float64}
# - {name: ukirt_K, datatype: float64}
# - {name: Clear, datatype: float64}
# meta: !!omap
# - comment: [kappa = 1.0, type = rprocess, mass = 0.21832694463104688, velocity = 0.21800000000000003, theta_obs = 0.0, tfloor = 1000.0]
# schema: astropy-2.0
time PS1_g PS1_i PS1_r PS1_w PS1_y PS1_z swift_uvot_B swift_uvot_U swift_uvot_uvm2 swift_uvot_uvw1 swift_uvot_uvw2 swift_uvot_V johnson_B johnson_I johnson_R johnson_U johnson_V sdss_g sdss_i sdss_r sdss_u sdss_z ATLAS_c ATLAS_o ukirt_H ukirt_J ukirt_K Clear
[from data line 28]
1.7434869739478958 -15.132812184087499 -15.92015011575672 -15.678940174728808 -15.584358436044194 -16.00198954466805 -15.98989432389601 -14.68702874083845 -14.841927165103712 -12.472909723402402 -13.531654783265399 -11.997024910617412 -15.440856404706384 -14.730075074029049 -16.39607394068871 -15.957196856107753 -14.782721016656694 -15.475846960271225 -15.047144096625455 -15.923491813768536 -15.678291343826452 -13.96943352952361 -15.99727015634798 -15.35890159670144 -15.800123762647651 -15.681290730587186 -15.930156570854983 -15.361249482603652 -15.636947063449806
1.8036072144288577 -15.132982627117322 -15.94509048236663 -15.69426510714246 -15.599089741968672 -16.036266034822084 -16.020574007779924 -14.679074353109211 -14.813912684710289 -12.395672667323264 -13.481019469233715 -11.928458771647946 -15.448476777718458 -14.72305727789799 -16.423694629160323 -15.975149354979258 -14.758288502382115 -15.484234000752506 -15.04514743267908 -15.948180252203397 -15.693466976103299 -13.943720470166703 -16.028909348916862 -15.36561937594401 -15.81985946623524 -15.728108219965243 -15.971296293188892 -15.411828328758935 -15.65522335015812
1.8637274549098195 -15.131951436021378 -15.968446475833709 -15.708146266442089 -15.612471813968867 -16.068831871951677 -16.049590125751028 -14.670032502000218 -14.785135426297948 -12.318558466529769 -13.430298834963601 -11.860499246552209 -15.454758335982934 -14.714949338852751 -16.44969557573103 -15.991630080741725 -14.733028037627324 -15.49127924464594 -15.04198252660288 -15.97128774829061 -15.707197572415303 -13.917193373883148 -16.05887438945386 -15.37106281370976 -15.838103526376894 -15.773056814979892 -16.01063899809594 -15.460490396294764 -15.672131892809702
1.9238476953907815 -15.129813030507293 -15.990329578029172 -15.720688965848026 -15.624605283246442 -16.0998040850097 -16.0770576262434 -14.659992473033665 -14.755669566731022 -12.241599307592072 -13.379538669127236 -11.793160230360463 -15.459801733655222 -14.705840725185965 -16.474189818948883 -16.006745651525566 -14.707016871812126 -15.497083509279433 -15.037742286699629 -15.992925634534991 -15.719588496137202 -13.889928851200004 -16.087280709961824 -15.375329579417443 -15.854963408420755 -15.81626072433783 -16.048305596165005 -15.507362138066261 -15.68777393876017
1.9839679358717435 -15.12661661994736 -16.01081687109362 -15.731959875484005 -15.635552333149452 -16.12926946805384 -16.10305961230246 -14.64899474364935 -14.725531857141991 -12.164749384598665 -13.328719041591484 -11.726384065087728 -15.46366554783254 -14.69577255879129 -16.497257197764245 -16.020565246019906 -14.680276326192764 -15.501705910623274 -15.03247346676778 -16.013170731278876 -15.730706385559348 -13.861946998447898 -16.114212335030142 -15.378475127049924 -15.870509956469139 -15.857819545632307 -16.08438984579493 -15.552547073475614 -15.702214028864887
2.0440881763527052 -15.122453994333114 -16.03000967954511 -15.742057006164014 -15.645407102294477 -16.15733217787545 -16.12769919903185 -14.63712837184784 -14.694802563696285 -12.08806332419391 -13.277900793947506 -11.660207794993717 -15.46644537477529 -14.68483386393816 -16.51899981995798 -16.033187454921045 -14.652888553084875 -15.505242028864481 -15.026267007394019 -16.032124286781038 -15.740649324838909 -13.833329682776707 -16.139772596634945 -15.380592689486523 -15.884842121372209 -15.897840993273832 -16.118997812003464 -15.596154058714083 -15.715546110173086
2.1042084168336674 -15.11732372870938 -16.04794418657102 -15.751002259314753 -15.654187665381656 -16.18404195889047 -16.151020944211165 -14.624379902639124 -14.663436868493243 -12.011416104371357 -13.226996692842796 -11.594503395107413 -15.46815185302049 -14.673012306074632 -16.539457739453855 -16.044637836796955 -14.62481458856183 -15.507703425940045 -15.01911817878307 -16.04982211853727 -15.749439090952606 -13.804036157145916 -16.164007390333097 -15.381689935108884 -15.897987906845685 -15.936392855691977 -16.15218907984678 -15.638256360671681 -15.727792389561372
2.164328657314629 -15.111263456910944 -16.064679342272274 -15.758846606330916 -15.661941754280999 -16.209465220144708 -16.173088419058264 -14.61078026331495 -14.631447601168794 -11.93477316687542 -13.175992672817483 -11.529228607809884 -15.468829728367297 -14.660339337967642 -16.55869202703758 -16.0549693147179 -14.596070729277557 -15.50913528346866 -15.01106273647908 -16.06632297557203 -15.757126622163558 -13.77408176643872 -16.18698100173745 -15.38180934138035 -15.910001525333346 -15.973551395610365 -16.184035419614258 -15.678933258877448 -15.73900248377198
2.224448897795591 -15.104374726302012 -16.080313561279134 -15.765689996326646 -15.66876638617929 -16.233698558676437 -16.193998963403384 -14.596432358524957 -14.598939363684984 -11.85824006679788 -13.124987521734148 -11.464470219206543 -15.468580378143326 -14.646917419006694 -16.57680055158548 -16.064281146971375 -14.566761531385357 -15.509638624161733 -15.00220249056989 -16.081725321567042 -15.763811995126744 -13.743571401437915 -16.208790521731125 -15.38105073299434 -15.92098173875291 -16.009410543113255 -16.2146319394291 -15.718277941404198 -15.74927167840995
2.284569138276553 -15.0966116134909 -16.094845343478656 -15.771513878054382 -15.674640272336724 -16.256756860516965 -16.213761168847878 -14.581275846020702 -14.565815235963822 -11.781628339747513 -13.073840249605446 -11.400047211651042 -15.467371666555778 -14.632687744368592 -16.593786507402612 -16.07255933311053 -14.536796750246499 -15.509182568244382 -14.9924876185041 -16.096027214585593 -15.769476443757018 -13.712412601933028 -16.229446201146303 -15.379379478254904 -15.930917593566516 -16.044007143947866 -16.24400551782907 -15.756333890911945 -15.758584326181424
2.344689378757515 -15.088071799976674 -16.10836584687208 -15.776412222288041 -15.67965488856153 -16.278728259011626 -16.23246437224985 -14.565410838700156 -14.532179892276709 -11.705051095148175 -13.022653973474423 -11.336054642579544 -15.465299992210976 -14.617749893075644 -16.609740163553 -16.079896836217166 -14.506280470618382 -15.507863085880958 -14.982016362982442 -16.109319894195977 -15.774214074007507 -13.680709942293241 -16.249037011114158 -15.376890744324676 -15.939901343472869 -16.07742506095558 -16.272241926187423 -15.793183739170187 -15.767029838302093
2.4048096192384767 -15.07875434473167 -16.12089908753859 -15.780399541799035 -15.683822522456854 -16.299645825571467 -16.250138176018307 -14.548828364424217 -14.498003607514658 -11.628426015549461 -12.971372650134754 -11.272410528721156 -15.462372334056528 -14.602095691840717 -16.624688126067515 -16.086310652731008 -14.475186811225662 -15.505687808905629 -14.970785588914808 -16.121627132343477 -15.778039301145643 -13.648436332752816 -16.267593458651337 -15.373589738727471 -15.94795163371213 -16.10970945688052 -16.299380831180894 -15.828876319999983 -15.774623378425776
2.464929859719439 -15.068715223965121 -16.132504859811743 -15.783534371399668 -15.687199549514528 -16.319570348007968 -16.26684301427181 -14.531583367265128 -14.463337651268464 -11.551793262618538 -12.920038653769943 -11.209144341496685 -15.458646343969662 -14.585780016427105 -16.63869045978893 -16.091859486767135 -14.44356787202117 -15.502714337774195 -14.958850929821335 -16.13300869655932 -15.781010709770982 -13.615643790859373 -16.285176039709217 -15.369532842096305 -15.955127255310533 -16.140922304305306 -16.325483648112638 -15.863474003981198 -15.78142098621731
2.5250501002004007 -15.05792989735923 -16.143188187280106 -15.785810380198235 -15.689777958317084 -16.338517777341988 -16.282590636662864 -14.513641680724351 -14.428123509022903 -11.475033635845872 -12.868565431149808 -11.146143272572523 -15.454106616735281 -14.568769761582473 -16.651755322596486 -16.09654007403454 -14.411369567907386 -15.498928129447174 -14.946185248418367 -16.143469315900294 -15.783121816913965 -13.582276741075265 -16.301797618533413 -15.36470309420455 -15.961426982733489 -16.171094236274786 -16.350574344217907 -15.897011866810276 -15.787418464445118
2.5851703406813624 -15.046492601438874 -16.153030989635013 -15.787314515457016 -15.69164261612281 -16.356564878435407 -16.29745983069041 -14.495101852303407 -14.392469120308693 -11.398275764135843 -12.817065294840404 -11.08351671401833 -15.448844290439922 -14.551162743721079 -16.663963135828414 -16.10043776403912 -14.378698359963462 -15.494419733059475 -14.932883852719314 -16.153091048943793 -15.784459731858291 -13.548442421723994 -16.317536401188875 -15.359190754306393 -15.966935062492933 -16.200294874893842 -16.37472575694929 -15.92955742637004 -15.792697905880893
2.6452905811623246 -15.034321149104759 -16.16199745005238 -15.787992977351983 -15.69273877375208 -16.37369333374199 -16.311425524495746 -14.475866402218777 -14.356239234336918 -11.32129197837083 -12.765364142447222 -11.021057542917386 -15.442791073413932 -14.532863341536636 -16.6752831160298 -16.10350377854423 -14.345425727673675 -15.48912236030018 -14.918860486594507 -16.161837607329197 -15.784970353098338 -13.514009873363833 -16.332369138726772 -15.352926040568526 -15.971606066548851 -16.228529568797875 -16.39793250417437 -15.96112316460651 -15.79721126253105
2.7054108216432864 -15.021526079750842 -16.170177657197637 -15.78794404704027 -15.693162706441193 -16.389984984423247 -16.324572777080455 -14.456052872359912 -14.319567391038994 -11.244252632715263 -12.713606629709702 -10.95891262178123 -15.436051990751373 -14.513988034097704 -16.685802963988216 -16.105833912906046 -14.311682562025762 -15.483140178495132 -14.904227474371812 -16.169799301928993 -15.784752179457104 -13.479111196309486 -16.346379985441644 -15.346013314076448 -15.975534090250996 -16.255868825183764 -16.420270208094134 -15.991776223507015 -15.801050820584592
2.7655310621242486 -15.008093135787739 -16.17757825945418 -15.787166341008323 -15.692911923031296 -16.40545421699116 -16.336912997413826 -14.435640178296218 -14.282415280608394 -11.167076660217251 -12.6617355400308 -10.897006213759347 -15.428619219664032 -14.494516514703445 -16.695531550422118 -16.107428979049782 -14.277433678266373 -15.476465993122764 -14.888968720539886 -16.176982572636707 -15.783803713755926 -13.443710141122338 -16.35958114537381 -15.338443719380628 -15.978721392753528 -16.282337452697014 -16.44175894406933 -16.021544569955793 -15.804216820386987
2.8256513026052104 -14.994000182560132 -16.184199699724573 -15.785651590883187 -15.691977345609729 -16.420109913109844 -16.348451813186813 -14.414598763101118 -14.244734817644087 -11.089670381724574 -12.609683763870851 -10.835253069430241 -15.420477474925384 -14.474420117563852 -16.70447174558585 -16.108283134604832 -14.242634320148621 -15.469085236286427 -14.873060105531053 -16.183387635073174 -15.782116549112413 -13.407760776023032 -16.371979123570686 -15.330201082054042 -15.981163729427319 -16.307955745942376 -16.462413825224207 -16.050451953624925 -15.806703298380107
2.885771543086172 -14.97931973848008 -16.1901038819766 -15.783466014297982 -15.690423579339132 -16.434009567932346 -16.35924844770404 -14.393004840699064 -14.206610376047024 -11.0121364410907 -12.557540160052909 -10.773740005159386 -15.411696555136942 -14.453774450950071 -16.712684174225167 -16.10846124600417 -14.207367558501957 -15.461067217735527 -14.856575072254685 -16.189076511957463 -15.779757035670627 -13.371346830504187 -16.38363265017693 -15.32135454789774 -15.982925030762907 -16.33277509677155 -16.482288993184167 -16.078547965079487 -15.808572546320967
2.9458917835671343 -14.964073245560812 -16.195318164545203 -15.78063478760253 -15.688274663899922 -16.447182545058503 -16.369331504691402 -14.370878004671443 -14.168056447197142 -10.93447596176626 -12.50531218451215 -10.712464688756253 -15.402299928205505 -14.43259925587569 -16.72019676656773 -16.107989028005278 -14.171648876590048 -15.452435523452957 -14.8395345388837 -16.194076507602073 -15.776750344745167 -13.334483529113363 -16.39457052125131 -15.311926855253386 -15.984031343944505 -16.356827511547515 -16.501415245159805 -16.105865431748217 -15.809849026387717
3.006012024048096 -14.948228445502192 -16.199833720379182 -15.777140001033985 -15.685512284190981 -16.45962886613388 -16.378697586366187 -14.348178238588122 -14.1290138756281 -10.85658316808772 -12.45292253778322 -10.65133294550192 -15.392262330745734 -14.410855499588514 -16.727003245347085 -16.10685115157506 -14.135422520856562 -15.443165679071809 -14.821904187351613 -16.198378556716566 -15.773078404971539 -13.29711386930379 -16.404790270615397 -15.301892073124659 -15.984469036636 -16.380125028887594 -16.519799166372255 -16.132420026189035 -15.810517840864087
3.066132264529058 -14.931794321727132 -16.203668176433492 -15.772995999140758 -15.682150047599581 -16.47136928827429 -16.387366247590887 -14.32491171778712 -14.089481594136739 -10.77843887190053 -12.400362574473327 -10.590326519346082 -15.381595470863331 -14.388549677927486 -16.73312213778382 -16.105062863090993 -14.0986887589101 -15.433269647124275 -14.803692237571138 -16.202000202042264 -15.768755518958457 -13.259237685138086 -16.414311775411328 -15.2912613626388 -15.984253925305172 -16.402692628774012 -16.53746381270981 -16.158238023194485 -15.810593607450354
3.12625250501002 -14.914788033853252 -16.20684386934073 -15.768223192450073 -15.678207580457357 -16.482427944053217 -16.395360935630183 -14.30109395108974 -14.049470668263417 -10.700042763038788 -12.347638343342151 -10.529443654356768 -15.370318223606596 -14.365697468357176 -16.738576296218863 -16.10264508526526 -14.06145950196213 -15.422766434612248 -14.784915389719746 -16.204963731931876 -15.763802082207938 -13.220866643690723 -16.42315866365756 -15.280053097341373 -15.98340724125535 -16.424556849451243 -16.554434621588427 -16.18334670977473 -15.810096411777756
3.186372745490982 -14.897230279835867 -16.20938483860236 -15.762844411578918 -15.67370690934494 -16.492829963496565 -16.40270636857675 -14.276744598596888 -14.00899780192118 -10.621403762079126 -12.29476287372302 -10.468690529076458 -15.3584524665403 -14.34231861919747 -16.743390072555375 -16.099620954654885 -14.023752039244314 -15.411677986320312 -14.765594043497607 -16.20729315659805 -15.75824092450162 -13.182017890341289 -16.431355759314563 -15.268288679345883 -15.981952291537045 -16.445744264344505 -16.570737501828 -16.20777311848872 -15.809048450255858
3.2464929859719436 -14.879127833401089 -16.211305367657705 -15.756871082838018 -15.668658897356522 -16.5025923629819 -16.40941851135306 -14.251867980509171 -13.968061029025272 -10.542504306873276 -12.241728159089167 -10.408050880200634 -15.34600731784127 -14.31841774827728 -16.747578538133194 -16.096002700537372 -13.985565556018564 -15.400013655031673 -14.74573430873555 -16.209002686002734 -15.752083431063202 -13.14269022592125 -16.438919312648075 -15.255976806933145 -15.979901806401742 -16.466275592345575 -16.586391484976364 -16.231539105246956 -15.807461496985002
3.306613226452906 -14.860483366260624 -16.212616499305454 -15.7503110444015 -15.663070946126556 -16.511729273573135 -16.4155103037856 -14.22646401164273 -13.926653301380316 -10.463320253051357 -12.188520946849497 -10.347503234713557 -15.33298801405141 -14.293995123384867 -16.75115362745115 -16.091799079517017 -13.94689426384921 -15.387778955423792 -14.725338117522213 -16.210103279934618 -15.745337387197278 -13.102877422143546 -16.44586259002322 -15.243122355362253 -15.977265118431383 -16.486169166678334 -16.60141299078978 -16.2546642902768 -15.805344050533225
