web/models/mosfit_kne/mosfit_kn_1.0000/mosfit_kn_0.012011_0.2807_1.0000.dat
# %ECSV 1.0
# ---
# datatype:
# - {name: time, datatype: float64}
# - {name: PS1_g, datatype: float64}
# - {name: PS1_i, datatype: float64}
# - {name: PS1_r, datatype: float64}
# - {name: PS1_w, datatype: float64}
# - {name: PS1_y, datatype: float64}
# - {name: PS1_z, datatype: float64}
# - {name: swift_uvot_B, datatype: float64}
# - {name: swift_uvot_U, datatype: float64}
# - {name: swift_uvot_uvm2, datatype: float64}
# - {name: swift_uvot_uvw1, datatype: float64}
# - {name: swift_uvot_uvw2, datatype: float64}
# - {name: swift_uvot_V, datatype: float64}
# - {name: johnson_B, datatype: float64}
# - {name: johnson_I, datatype: float64}
# - {name: johnson_R, datatype: float64}
# - {name: johnson_U, datatype: float64}
# - {name: johnson_V, datatype: float64}
# - {name: sdss_g, datatype: float64}
# - {name: sdss_i, datatype: float64}
# - {name: sdss_r, datatype: float64}
# - {name: sdss_u, datatype: float64}
# - {name: sdss_z, datatype: float64}
# - {name: ATLAS_c, datatype: float64}
# - {name: ATLAS_o, datatype: float64}
# - {name: ukirt_H, datatype: float64}
# - {name: ukirt_J, datatype: float64}
# - {name: ukirt_K, datatype: float64}
# - {name: Clear, datatype: float64}
# meta: !!omap
# - comment: [kappa = 1.0, type = rprocess, mass = 0.012011244339858356, velocity = 0.2806666666666667, theta_obs = 0.0, tfloor = 1000.0]
# schema: astropy-2.0
time PS1_g PS1_i PS1_r PS1_w PS1_y PS1_z swift_uvot_B swift_uvot_U swift_uvot_uvm2 swift_uvot_uvw1 swift_uvot_uvw2 swift_uvot_V johnson_B johnson_I johnson_R johnson_U johnson_V sdss_g sdss_i sdss_r sdss_u sdss_z ATLAS_c ATLAS_o ukirt_H ukirt_J ukirt_K Clear
[from data line 174]
10.521042084168336 8.567972134685515 -0.313856678513762 3.16121409952407 1.1932902880201013 -3.8370467270390307 -2.4193707621918925 12.107878711250002 18.766822809144923 32.655418113174086 14.732405341219472 17.245421847699124 6.5274888275563 10.903941394283812 -1.8673699849357126 1.1026627817892873 17.735821629893163 5.572466492387547 9.38051223599997 -0.23260072640077567 3.389702759020512 19.26792833931975 -2.992798374213894 5.140290669266729 0.6878781446569349 -8.786034104954526 -6.636544809464835 -10.146322785427698 -1.092603755741255
10.581162324649299 8.58124704774978 -0.30058176544951465 3.174489012588335 1.2065652010843486 -3.8237718139747656 -2.406095849127645 12.121153624314267 18.78009772220917 32.66869302623835 14.745680254283737 17.25869676076339 6.540763740620565 10.91721630734806 -1.8540950718714475 1.1159376948535347 17.749096542957428 5.585741405451812 9.393787149064217 -0.21932581333651058 3.402977672084777 19.281203252383996 -2.979523461149629 5.153565582330977 0.7011530577212 -8.77275919189026 -6.62326989640057 -10.133047872363433 -1.0793288426769898
10.64128256513026 8.594443256859634 -0.287385556339661 3.187685221698189 1.2197614101942023 -3.810575604864912 -2.3928996400177915 12.134349833424103 18.793293931319024 32.6818892353482 14.758876463393591 17.271892969873242 6.553959949730419 10.930412516457913 -1.8408988627615939 1.1291339039633883 17.76229275206728 5.598937614561666 9.40698335817407 -0.20612960422665694 3.4161738811946307 19.29439946149385 -2.9663272520397754 5.16676179144083 0.7143492668310536 -8.759562982780407 -6.610073687290717 -10.119851663253579 -1.0661326335671362
10.701402805611222 8.60757054324095 -0.27425826995832736 3.2008125080795224 1.232888696575536 -3.797448318483596 -2.379772353636458 12.147477119805437 18.806421217700358 32.69501652172953 14.772003749774907 17.28502025625456 6.5670872361117345 10.943539802839247 -1.827771576380278 1.142261190344722 17.775420038448598 5.6120649009429995 9.420110644555404 -0.19300231784534105 3.4293011675759466 19.307526747875183 -2.9531999656584595 5.179889077822164 0.7274765532123695 -8.746435696399073 -6.596946400909383 -10.106724376872263 -1.0530053471858203
10.761523046092185 8.620629156688473 -0.26119965651080435 3.2138711215270277 1.245947310023059 -3.784389705036073 -2.366713740188935 12.16053573325296 18.819479831147863 32.70807513517705 14.78506236322243 17.29807886970208 6.5801458495592575 10.95659841628677 -1.814712962932755 1.155319803792245 17.78847865189612 5.625123514390505 9.43316925800291 -0.17994370439781804 3.4423597810234696 19.32058536132269 -2.9401413522109365 5.192947691269669 0.7405351666598925 -8.733377082951568 -6.583887787461878 -10.09366576342474 -1.0399467337382973
10.821643286573146 8.633619614649337 -0.24820919854995793 3.226861579487892 1.2589377679839053 -3.771399247075209 -2.3537232822280885 12.173526191213806 18.832470289108727 32.7210655931379 14.798052821183276 17.311069327662928 6.593136307520122 10.969588874247616 -1.8017225049719086 1.1683102617530914 17.801469109856985 5.638113972351369 9.446159715963773 -0.16695324643695386 3.455350238984316 19.333575819283553 -2.9271508942500724 5.205938149230533 0.7535256246207567 -8.720386624990704 -6.570897329501014 -10.080675305463876 -1.026956275777433
10.881763527054108 8.646542579230871 -0.23528623396842363 3.239784544069426 1.2718607325654396 -3.7584762824936746 -2.340800317646554 12.18644915579534 18.84539325369026 32.733988557719435 14.81097578576481 17.323992292244462 6.606059272101656 10.98251183882915 -1.7887995403903743 1.1812332263346257 17.81439207443852 5.651036936932903 9.459082680545308 -0.15403028185541956 3.4682732035658503 19.346498783865087 -2.914227929668538 5.218861113812068 0.766448589202291 -8.70746366040917 -6.557974364919479 -10.067752340882341 -1.0140333111958988
10.941883767535069 8.659398786419246 -0.22243002678003165 3.2526407512578004 1.2847169397538316 -3.7456200753053004 -2.327944110458162 12.199305362983733 18.858249460878653 32.74684476490783 14.823831992953203 17.336848499432854 6.61891547929003 10.995368046017543 -1.7759433332019823 1.1940894335230177 17.827248281626893 5.663893144121277 9.4719388877337 -0.14117407466704535 3.4811294107542423 19.35935499105348 -2.901371722480164 5.23171732100046 0.7793047963906652 -8.694607453220796 -6.545118157731105 -10.054896133693967 -1.0011771040075246
11.002004008016032 8.672188996019887 -0.20963981717939006 3.2654309608584597 1.2975071493544732 -3.732829865704641 -2.3151539008575206 12.212095572584374 18.871039670479295 32.759634974508465 14.836622202553844 17.349638709033496 6.63170568889069 11.008158255618184 -1.7631531236013407 1.2068796431236593 17.840038491227553 5.676683353721937 9.484729097334341 -0.128383865066386 3.493919620354884 19.37214520065412 -2.8885815128795045 5.244507530601101 0.7920950059913068 -8.681817243620136 -6.532327948130446 -10.042105924093308 -0.9883868944068652
11.062124248496994 8.68491398253866 -0.19691483066063498 3.278155947377215 1.3102321358732283 -3.720104879185886 -2.3024289143387655 12.22482055910313 18.88376465699805 32.77235996102722 14.8493471890726 17.36236369555225 6.644430675409445 11.02088324213694 -1.7504281370825856 1.2196046296424143 17.852763477746308 5.689408340240692 9.497454083853096 -0.1156588785476309 3.506644606873639 19.384870187172876 -2.8758565263607494 5.257232517119856 0.8048199925100796 -8.669092257101381 -6.519602961611691 -10.029380937574553 -0.9756619078881101
11.122244488977955 8.697574514350155 -0.18425429884914024 3.2908164791887096 1.322892667684723 -3.707444347374391 -2.2897683825272708 12.237481090914624 18.896425188809545 32.78502049283872 14.862007720884094 17.375024227363745 6.657091207220939 11.033543773948434 -1.7377676052710909 1.232265161453909 17.865424009557803 5.702068872052187 9.510114615664591 -0.10299834673613617 3.5193051386851337 19.39753071898437 -2.8631959945492547 5.269893048931351 0.8174805243215744 -8.656431725289886 -6.506942429800196 -10.016720405763058 -0.9630013760766154
11.182364729458918 8.710171371650102 -0.17165744154917562 3.3034133364886564 1.3354895249846699 -3.6948474900744444 -2.277171525227306 12.250077948214589 18.90902204610949 32.79761735013867 14.874604578184059 17.38762108466371 6.669688064520886 11.046140631248399 -1.7251707479711262 1.244862018753856 17.87802086685775 5.7146657293521335 9.522711472964538 -0.09040148943618931 3.5319019959850984 19.410127576284317 -2.850599137249308 5.282489906231298 0.8300773816215212 -8.64383486798994 -6.494345572500249 -10.004123548463111 -0.9504045187766685
11.242484969939879 8.72270531297147 -0.15912350022780686 3.315947277810025 1.3480234663060564 -3.6823135487530756 -2.2646375839059374 12.262611889535957 18.921555987430878 32.81015129146005 14.887138519505427 17.40015502598508 6.682222005842255 11.058674572569767 -1.7126368066497575 1.2573959600752425 17.890554808179118 5.727199670673502 9.535245414285924 -0.07786754811482055 3.544435937306467 19.422661517605704 -2.838065195927939 5.2950238475526845 0.84261132294289 -8.63130092666857 -6.48181163117888 -9.991589607141742 -0.9378705774552998
11.302605210420841 8.735177098182074 -0.1466517150172031 3.328419063020629 1.3604952515166424 -3.669841763542472 -2.2521657986953336 12.275083674746561 18.934027772641464 32.822623076670645 14.899610304716031 17.412626811195683 6.694693791052859 11.071146357780353 -1.7001650214391537 1.2698677452858285 17.903026593389722 5.739671455884106 9.54771719949651 -0.06539576290421678 3.556907722517071 19.43513330281629 -2.8255934107173353 5.3074956327632705 0.8550831081534938 -8.618829141457967 -6.4693398459682765 -9.979117821931139 -0.925398792244696
11.362725450901802 8.74758747579131 -0.13424133740798538 3.3408294406298644 1.3729056291258779 -3.6574313859332364 -2.239755421086116 12.287494052355779 18.9464381502507 32.83503345427988 14.912020682325267 17.4250371888049 6.707104168662094 11.083556735389589 -1.687754643829936 1.282278122895064 17.915436970998957 5.7520818334933415 9.560127577105746 -0.05298538529498131 3.5693181001263063 19.447543680425525 -2.8131830331081 5.319906010372506 0.8674934857627292 -8.606418763848732 -6.456929468359041 -9.966707444321903 -0.9129884146354605
11.422845691382765 8.759937192326213 -0.12189162087308247 3.3531791571647673 1.3852553456607808 -3.6450816693983334 -2.227405704551213 12.299843768890682 18.958787866785602 32.84738317081479 14.92437039886017 17.43738690533982 6.719453885196997 11.095906451924492 -1.6754049272950153 1.2946278394299668 17.92778668753386 5.764431550028244 9.572477293640649 -0.0406356687600784 3.5816678166612093 19.459893396960428 -2.800833316573197 5.332255726907409 0.8798432022976321 -8.594069047313829 -6.444579751824138 -9.954357727787 -0.9006386981005576
11.482965931863728 8.772226978786577 -0.10960183441270033 3.3654689436251317 1.3975451321211452 -3.632791882937969 -2.215115918090831 12.312133555351064 18.971077653245967 32.859672957275144 14.936660185320534 17.449676691800185 6.7317436716573615 11.108196238384874 -1.663115140834651 1.3069176258903312 17.940076473994225 5.776721336488609 9.584767080101013 -0.02834588229971402 3.5939576031215736 19.472183183420793 -2.7885435301128325 5.344545513367773 0.8921329887579965 -8.581779260853464 -6.432289965363774 -9.942067941326636 -0.8883489116401933
11.543086172344688 8.784457565718231 -0.09737124748106396 3.377699530556786 1.4097757190527993 -3.620561296006315 -2.2028853311591945 12.3243641422827 18.98330824017762 32.8719035442068 14.948890772252188 17.46190727873184 6.743974258589016 11.12042682531651 -1.6508845539030146 1.3191482128219854 17.95230706092588 5.788951923420263 9.596997667032667 -0.01611529536805989 3.6061881900532278 19.484413770352447 -2.7763129431811784 5.356776100299427 0.9043635756896506 -8.56954867392181 -6.42005937843212 -9.929837354394982 -0.8761183247085391
11.603206412825651 8.796629673343332 -0.08519913985594485 3.389871638181887 1.4219478266779184 -3.6083891883812136 -2.1907132235340754 12.33653624990782 18.99548034780274 32.884075651831914 14.96106287987729 17.47407938635694 6.756146366214117 11.13259893294163 -1.6387124462778955 1.3313203204471045 17.96447916855098 5.801124031045364 9.609169774657786 -0.003943187742958543 3.618360297678329 19.496585877977566 -2.764140835556077 5.3689482079245465 0.916535683314752 -8.557376566296709 -6.407887270807018 -9.91766524676988 -0.8639462170834378
11.663326653306612 8.808744015122159 -0.07308479807711876 3.4019859799607133 1.4340621684567267 -3.5962748466023875 -2.1785988817552493 12.348650591686646 19.00759468958155 32.896189993610726 14.973177221656115 17.486193728135767 6.768260707992943 11.144713274720438 -1.6265981044990694 1.3434346622259128 17.976593510329806 5.81323837282419 9.621284116436595 0.008171154035867545 3.630474639457155 19.508700219756374 -2.752026493777251 5.381062549703355 0.9286500250935781 -8.545262224517883 -6.395772929028192 -9.905550904991054 -0.8518318753046117
11.723446893787575 8.820801297143266 -0.061027516056029185 3.4140432619818206 1.446119450477834 -3.58421756458128 -2.1665415997341597 12.360707873707735 19.019651971602656 32.90824727563183 14.985234503677205 17.498251010156856 6.7803179900140504 11.156770556741545 -1.6145408224779798 1.3554919442470201 17.988650792350914 5.825295654845298 9.633341398457702 0.020228436056974886 3.642531921478245 19.52075750177748 -2.7399692117561436 5.393119831724462 0.9407073071146677 -8.533204942496775 -6.383715647007085 -9.893493622969947 -0.8397745932835043
11.783567134268537 8.832802218536688 -0.04902659466258896 3.426044183375243 1.4581203718712743 -3.5722166431878577 -2.1545406783407195 12.372708795101175 19.031652892996096 32.920248197025266 14.997235425070645 17.510251931550297 6.792318911407473 11.168771478134985 -1.6025399010845396 1.3674928656404604 18.000651713744336 5.837296576238738 9.645342319851142 0.032229357450397345 3.654532842871685 19.53275842317092 -2.727968290362721 5.405120753117902 0.9527082285081079 -8.521204021103353 -6.371714725613662 -9.881492701576525 -0.8277736718900819
11.843687374749498 8.844747474711365 -0.03708133848791206 3.4379894395499377 1.4700656280459512 -3.560271387013163 -2.1425954221660426 12.384654051275852 19.043598149170773 32.93219345319994 15.009180681245322 17.522197187724974 6.80426416758215 11.180716734309662 -1.5905946449098627 1.3794381218151373 18.01259696991903 5.849241832413415 9.65728757602582 0.044174613625074244 3.666478099046362 19.5447036793456 -2.7160230341880442 5.417066009292579 0.9646534846827848 -8.509258764928658 -6.359769469438968 -9.869547445401848 -0.815828415715405
11.90380761523046 8.856637751544536 -0.025191061654741276 3.4498797163830908 1.481955904879122 -3.54838111018001 -2.130705145332872 12.396544328109023 19.055488426003944 32.944083730033114 15.021070958078493 17.534087464558144 6.816154444415321 11.192607011142833 -1.578704368076692 1.391328398648308 18.024487246752184 5.861132109246568 9.66917785285899 0.05606489045824503 3.6783683758795327 19.55659395617877 -2.7041327573548735 5.42895628612575 0.9765437615159556 -8.497368488095505 -6.347879192605815 -9.857657168568677 -0.8039381388822342
11.963927855711422 8.868473728982398 -0.013355084216879476 3.4617156938209703 1.4937918823169838 -3.536545132742148 -2.11886916789501 12.408380305546885 19.067324403441805 32.955919707470976 15.032906935516355 17.545923441996006 6.827990421853182 11.204442988580695 -1.56686839063883 1.4031643760861698 18.036323224190046 5.872968086684447 9.681013830296852 0.06790086789610683 3.6902043533173945 19.56842993361663 -2.6922967799170117 5.440792263563612 0.9883797389538174 -8.485532510657626 -6.336043215167935 -9.845821191130815 -0.7921021614443724
12.024048096192384 8.880256082084 -0.0015727311152780032 3.473498046922554 1.5055742354185853 -3.5247627796405467 -2.1070868147934085 12.420162658648486 19.079106756543407 32.96770206057257 15.044689288617956 17.557705795097608 6.839772774954784 11.216225341682296 -1.5550860375372286 1.4149467291877713 18.048105577291647 5.884750439786031 9.692796183398436 0.0796832209977083 3.701986706418996 19.580212286718233 -2.68051442681541 5.452574616665213 1.0001620920554188 -8.473750157556042 -6.324260862066351 -9.834038838029214 -0.7803198083427709
12.084168336673347 8.891985480469025 0.010156667269747288 3.485227445307597 1.5173036338036106 -3.5130333812555037 -2.0953574164083832 12.431892057033512 19.090836154928432 32.979431458957606 15.056418687002981 17.569435193482633 6.851502173339827 11.227954740067322 -1.5433566391522033 1.4266761275727966 18.05983497567669 5.896479838171074 9.704525581783479 0.0914126193827336 3.7137161048040213 19.591941685103258 -2.668785028430385 5.464304015050239 1.0118914904404441 -8.462020759170999 -6.312531463681308 -9.822309439644188 -0.7685904099577279
12.144288577154308 8.903662580799292 0.021833767600014653 3.4969045456378645 1.528980734133878 -3.5013562809252363 -2.083680316078116 12.443569157363779 19.1025132552587 32.99110855928787 15.068095787333249 17.5811122938129 6.863179273670094 11.239631840397589 -1.531679538821936 1.438353227903064 18.071512076006957 5.9081569385013415 9.716202682113746 0.10308971971300096 3.7253932051342886 19.603618785433525 -2.6571079281001175 5.475981115380506 1.0235685907707115 -8.450343658840731 -6.300854363351041 -9.810632339313921 -0.7569133096274605
