web/models/mosfit_kne/mosfit_kn_1.0000/mosfit_kn_0.051209_0.1240_1.0000.dat
# %ECSV 1.0
# ---
# datatype:
# - {name: time, datatype: float64}
# - {name: PS1_g, datatype: float64}
# - {name: PS1_i, datatype: float64}
# - {name: PS1_r, datatype: float64}
# - {name: PS1_w, datatype: float64}
# - {name: PS1_y, datatype: float64}
# - {name: PS1_z, datatype: float64}
# - {name: swift_uvot_B, datatype: float64}
# - {name: swift_uvot_U, datatype: float64}
# - {name: swift_uvot_uvm2, datatype: float64}
# - {name: swift_uvot_uvw1, datatype: float64}
# - {name: swift_uvot_uvw2, datatype: float64}
# - {name: swift_uvot_V, datatype: float64}
# - {name: johnson_B, datatype: float64}
# - {name: johnson_I, datatype: float64}
# - {name: johnson_R, datatype: float64}
# - {name: johnson_U, datatype: float64}
# - {name: johnson_V, datatype: float64}
# - {name: sdss_g, datatype: float64}
# - {name: sdss_i, datatype: float64}
# - {name: sdss_r, datatype: float64}
# - {name: sdss_u, datatype: float64}
# - {name: sdss_z, datatype: float64}
# - {name: ATLAS_c, datatype: float64}
# - {name: ATLAS_o, datatype: float64}
# - {name: ukirt_H, datatype: float64}
# - {name: ukirt_J, datatype: float64}
# - {name: ukirt_K, datatype: float64}
# - {name: Clear, datatype: float64}
# meta: !!omap
# - comment: [kappa = 1.0, type = rprocess, mass = 0.051209162050732976, velocity = 0.12399999999999999, theta_obs = 0.0, tfloor = 1000.0]
# schema: astropy-2.0
time PS1_g PS1_i PS1_r PS1_w PS1_y PS1_z swift_uvot_B swift_uvot_U swift_uvot_uvm2 swift_uvot_uvw1 swift_uvot_uvw2 swift_uvot_V johnson_B johnson_I johnson_R johnson_U johnson_V sdss_g sdss_i sdss_r sdss_u sdss_z ATLAS_c ATLAS_o ukirt_H ukirt_J ukirt_K Clear
[from data line 432]
26.03206412825651 7.2607704935444595 -1.6210583196548178 1.8540124583830142 -0.11391135312095457 -5.144248368180087 -3.7265724033329484 10.800677070108947 17.459621168003867 31.348216472033034 13.425203700078416 15.938220206558068 5.220287186415244 9.596739753142757 -3.1745716260767685 -0.20453885935176852 16.428619988752107 4.265264851246491 8.073310594858913 -1.5398023675418315 2.082501117879456 17.960726698178693 -4.30000001535495 3.8330890281256735 -0.619323496484121 -10.093235746095582 -7.943746450605891 -11.453524426568753 -2.3998053968823108
26.092184368737474 7.264789454952112 -1.6170393582471831 1.8580314197906667 -0.10989239171331988 -5.140229406772434 -3.7225534419253137 10.804696031516581 17.463640129411502 31.35223543344068 13.429222661486069 15.942239167965703 5.2243061478228965 9.600758714550391 -3.1705526646691338 -0.20051989794413383 16.43263895015976 4.269283812654144 8.077329556266548 -1.535783406134179 2.0865200792871086 17.964745659586328 -4.295981053947298 3.8371079895333082 -0.6153045350764685 -10.08921678468793 -7.939727489198239 -11.449505465161101 -2.3957864354746583
26.152304609218437 7.268798953501161 -1.6130298596981163 1.8620409183397335 -0.10588289316425303 -5.136219908223367 -3.718543943376247 10.808705530065648 17.46764962796057 31.35624493198974 13.433232160035118 15.94624866651477 5.228315646371963 9.604768213099458 -3.166543166120067 -0.19651039939506698 16.436648448708826 4.2732933112032105 8.081339054815615 -1.53177390758513 2.0905295778361577 17.968755158135394 -4.2919715553982485 3.841117488082375 -0.6112950365274195 -10.085207286138862 -7.935717990649172 -11.445495966612052 -2.3917769369255915
26.2124248496994 7.272799035076414 -1.6090297781228635 1.8660409999149685 -0.10188281158900026 -5.132219826648132 -3.714543861800994 10.8127056116409 17.47164970953582 31.360245013564988 13.43723224161037 15.950248748090022 5.232315727947198 9.60876829467471 -3.162543084544814 -0.1925103178198142 16.44064853028406 4.277293392778463 8.085339136390868 -1.5277738260098772 2.0945296594114104 17.972755239710647 -4.287971473822996 3.845117569657628 -0.6072949549521667 -10.08120720456361 -7.931717909073937 -11.4414958850368 -2.3877768553503564
26.27254509018036 7.276789747344701 -1.6050390658545766 1.8700317121832555 -0.0978920993207133 -5.128229114379845 -3.710553149532707 10.816696323909188 17.47564042180409 31.36423572583327 13.441222953878658 15.954239460358309 5.236306440215485 9.612759006942998 -3.158552372276527 -0.18851960555152725 16.44463924255235 4.2812841050467325 8.089329848659137 -1.5237831137415903 2.0985203716796974 17.976745951978916 -4.283980761554709 3.849108281925897 -0.6033042426838797 -10.07721649229534 -7.92772719680565 -11.437505172768512 -2.3837861430820695
26.33266533066132 7.280771143981148 -1.6010576692181289 1.8740131088197032 -0.0939107026842656 -5.124247717743398 -3.7065717528962594 10.820677720545635 17.479621818440556 31.36821712246972 13.445204350515105 15.958220856994757 5.240287836851933 9.616740403579445 -3.1545709756400795 -0.18453820891507955 16.448620639188796 4.28526550168318 8.093311245295585 -1.5198017171051426 2.102501768316145 17.980727348615382 -4.279999364918261 3.8530896785623625 -0.599322846047432 -10.073235095658893 -7.923745800169202 -11.433523776132064 -2.379804746445622
26.392785571142284 7.284743271057952 -1.5970855421413255 1.8779852358965243 -0.08993857560746221 -5.1202755906665764 -3.702599625819456 10.824649847622439 17.48359394551736 31.372189249546526 13.449176477591909 15.96219298407156 5.244259963928736 9.620712530656249 -3.150598848563276 -0.18056608183827616 16.452592766265617 4.289237628760001 8.097283372372406 -1.5158295900283392 2.1064738953929485 17.984699475692185 -4.276027237841458 3.857061805639166 -0.5953507189706286 -10.069262968582072 -7.919773673092381 -11.429551649055261 -2.3758326193688184
26.452905811623246 7.288706167544046 -1.5931226456552317 1.8819481323826182 -0.08597567912136839 -5.1163126941805 -3.698636729333362 10.828612744108533 17.487556842003453 31.37615214603262 13.453139374078003 15.966155880557654 5.24822286041483 9.624675427142343 -3.1466359520771823 -0.17660318535218233 16.456555662751693 4.293200525246095 8.1012462688585 -1.5118666935422453 2.1104367918790423 17.98866237217828 -4.272064341355364 3.8610247021252597 -0.5913878224845348 -10.065300072095978 -7.915810776606287 -11.425588752569167 -2.3718697228827246
26.51302605210421 7.292659878922105 -1.5891689342771897 1.88590184376066 -0.08202196774332648 -5.112358982802441 -3.6946830179553203 10.832566455486575 17.491510553381495 31.380105857410665 13.457093085456044 15.970109591935696 5.25217657179289 9.628629138520385 -3.1426822406991404 -0.17264947397414043 16.460509374129753 4.297154236624137 8.105199980236542 -1.5079129821641857 2.114390503257084 17.99261608355632 -4.268110629977304 3.8649784135033016 -0.5874341111064751 -10.061346360717936 -7.911857065228245 -11.421635041191108 -2.367916011504665
26.573146292585168 7.296604453761386 -1.5852243594378912 1.8898464185999408 -0.07807739290402793 -5.10841440796316 -3.6907384431160217 10.836511030325873 17.495455128220794 31.38405043224996 13.461037660295343 15.974054166774994 5.256121146632171 9.632573713359683 -3.138737665859842 -0.16870489913484188 16.464453948969034 4.301098811463436 8.10914455507584 -1.5039684073249049 2.1183350780963828 17.99656065839562 -4.264166055138023 3.8689229883426 -0.5834895362671944 -10.057401785878655 -7.907912490388965 -11.417690466351827 -2.363971436665384
26.63326653306613 7.300539943443702 -1.581288869755575 1.8937819082822749 -0.07414190322171166 -5.104478918280826 -3.6868029534337055 10.84044652000819 17.49939061790311 31.38798592193228 13.46497314997766 15.97798965645731 5.260056636314505 9.636509203042 -3.1348021761775255 -0.1647694094525256 16.468389438651368 4.305034301145752 8.113080044758156 -1.5000329176425886 2.122270567778699 18.000496148077936 -4.260230565455689 3.8728584780249165 -0.5795540465848781 -10.053466296196321 -7.903977000706631 -11.413754976669493 -2.36003594698305
26.693386773547093 7.30446638984084 -1.5773624233584371 1.897708354679395 -0.07021545682459163 -5.100552471883706 -3.6828765070365677 10.844372966405327 17.50331706430023 31.391912368329404 13.468899596374797 15.981916102854449 5.263983082711625 9.64043564943912 -3.1308757297803878 -0.16084296305540557 16.472315885048488 4.308960747542872 8.117006491155276 -1.4961064712454508 2.126197014175837 18.004422594475056 -4.256304119058569 3.8767849244220365 -0.5756276001877403 -10.049539849799201 -7.9000505543095105 -11.409828530272373 -2.35610950058593
26.753507014028056 7.308383836716246 -1.5734449764830316 1.9016258015548182 -0.06629800994916835 -5.0966350250083 -3.678959060161162 10.848290413280733 17.507234511175653 31.395829815204824 13.472817043250203 15.985833549729854 5.26790052958703 9.644353096314543 -3.1269582829049822 -0.1569255161799823 16.476233331923893 4.312878194418295 8.1209239380307 -1.4921890243700453 2.1301144610512424 18.00834004135048 -4.252386672183164 3.8807023712974598 -0.5717101533123348 -10.045622402923778 -7.896133107434087 -11.405911083396967 -2.3521920537105245
26.81362725450902 7.312292335554407 -1.5695364776448884 1.9055343003929615 -0.06238951111102509 -5.092726526170139 -3.675050561323019 10.852198912118876 17.511143010013797 31.399738314042967 13.476725542088346 15.989742048567997 5.271809028425191 9.648261595152686 -3.123049784066839 -0.15301701734183903 16.480141830762054 4.3167866932564385 8.124832436868843 -1.4882805255318843 2.1340229598893856 18.012248540188622 -4.248478173345003 3.884610870135603 -0.5678016544741737 -10.041713904085634 -7.892224608595944 -11.402002584558806 -2.3482835548723635
26.873747494989978 7.316191928055424 -1.565636885143853 1.9094338928939791 -0.05848991861000741 -5.088826933669122 -3.6711509688219834 10.856098504619911 17.515042602514814 31.403637906543995 13.480625134589381 15.993641641069033 5.275708620926209 9.652161187653721 -3.1191501915658035 -0.1491174248408036 16.484041423263072 4.320686285757456 8.12873202936986 -1.4843809330308666 2.137922552390421 18.01614813268964 -4.244578580843985 3.8885104626366207 -0.5639020619731561 -10.037814311584617 -7.888325016094926 -11.398102992057789 -2.344383962371346
26.93386773547094 7.320082651644206 -1.561746161555071 1.913324616482761 -0.054599195021225455 -5.08493621008034 -3.6672602452332015 10.859989228208693 17.518933326103596 31.407528630132777 13.484515858178163 15.997532364657815 5.279599344514991 9.656051911242503 -3.1152594679770216 -0.14522670125202164 16.487932146851854 4.324577009346238 8.132622752958643 -1.4804902094420846 2.141813275979203 18.020038856278422 -4.240687857255203 3.8924011862254027 -0.5600113383843741 -10.033923587995835 -7.884434292506144 -11.394212268469007 -2.340493238782564
26.993987975951903 7.323964550102264 -1.557864263097013 1.917206514940819 -0.05071729656316748 -5.081054311622282 -3.6633783467751435 10.863871126666751 17.522815224561654 31.41141052859083 13.488397756636221 16.001414263115873 5.283481242973049 9.659933809700544 -3.1113775695189636 -0.14134480279398143 16.491814045309912 4.328458907804296 8.1365046514167 -1.4766083109840267 2.145695174437261 18.02392075473648 -4.236805958797145 3.8962830846834606 -0.5561294399263161 -10.030041689537777 -7.880552394048086 -11.390330370010949 -2.336611340324506
27.054108216432866 7.327837668468149 -1.553991144731146 1.9210796333067037 -0.046844178197282815 -5.077181193256397 -3.6595052284092766 10.867744245032618 17.52668834292754 31.415283646956713 13.492270875002088 16.00528738148174 5.2873543613389336 9.663806928066428 -3.1075044511530967 -0.13747168442809676 16.495687163675797 4.332332026170181 8.140377769782585 -1.472735192618142 2.149568292803128 18.027793873102365 -4.2329328404312605 3.9001562030493453 -0.5522563215604315 -10.026168571171892 -7.876679275682202 -11.386457251645064 -2.3327382219586212
27.11422845691383 7.331702053545648 -1.5501267596536472 1.9249440183842026 -0.04297979311978395 -5.073316808178898 -3.6556408433317777 10.871608630110117 17.530552728005038 31.41914803203422 13.496135260079605 16.00915176655924 5.291218746416432 9.667671313143927 -3.103640066075598 -0.1336072993505979 16.499551548753296 4.33619641124768 8.144242154860084 -1.4688708075406431 2.1534326778806445 18.031658258179863 -4.229068455353762 3.904020588126844 -0.5483919364829326 -10.022304186094393 -7.872814890604703 -11.382592866567565 -2.3288738368811224
27.174348697394787 7.335557746872219 -1.5462710663270585 1.9287997117107736 -0.0391240997931952 -5.069461114852327 -3.651785150005189 10.875464323436706 17.534408421331626 31.42300372536079 13.499990953406176 16.013007459885827 5.295074439743003 9.671527006470516 -3.099784372749009 -0.12975160602400915 16.503407242079867 4.340052104574251 8.148097848186655 -1.4650151142140722 2.1572883712072155 18.035513951506452 -4.225212762027191 3.907876281453433 -0.5445362431563616 -10.018448492767822 -7.868959197278132 -11.378737173240994 -2.3250181435545514
27.23446893787575 7.339404789372601 -1.5424240238266762 1.9326467542111558 -0.03527705729281294 -5.065614072351945 -3.6479381075048067 10.879311365937088 17.53825546383201 31.42685076786118 13.503837995906558 16.01685450238621 5.298921482243386 9.675374048970898 -3.095937330248627 -0.1259045635236269 16.50725428458025 4.343899147074651 8.151944890687055 -1.46116807171369 2.1611354137075978 18.039360994006834 -4.221365719526808 3.911723323953815 -0.5406892006559794 -10.01460145026744 -7.86511215477775 -11.374890130740612 -2.321171101054169
27.294589178356713 7.343243227955973 -1.5385855852433217 1.9364851927945281 -0.03143861870945841 -5.061775633768573 -3.644099668921452 10.88314980452046 17.542093902415363 31.430689206444544 13.50767643448993 16.02069294096958 5.302759920826758 9.679212487554253 -3.0920988916652545 -0.12206612494027236 16.51109272316362 4.347737585658005 8.15578332927041 -1.4573296331303176 2.16497385229097 18.04319943259019 -4.217527280943436 3.9155617625371697 -0.5368507620726071 -10.010763011684068 -7.861273716194377 -11.37105169215724 -2.317332662470797
27.354709418837675 7.347073100843691 -1.5347557123555866 1.9403150656822632 -0.027608745821723346 -5.057945760880838 -3.640269796033717 10.886979677408178 17.5459237753031 31.434519079332265 13.511506307377648 16.0245228138573 5.306589793714493 9.683042360441988 -3.0882690187775372 -0.1182362520525373 16.514922596051356 4.35156745854574 8.159613202158145 -1.4534997602426003 2.1688037251786874 18.047029305477924 -4.213697408055719 3.9193916354249048 -0.5330208891848898 -10.006933138796333 -7.857443843306642 -11.367221819269522 -2.3135027895830618
27.414829659318634 7.3508944443682545 -1.5309343688310406 1.9441364092068092 -0.02378740229717735 -5.054124417356292 -3.636448452509171 10.890801020932724 17.549745118827644 31.438340422856815 13.515327650902194 16.028344157381845 5.310411137239039 9.686863703966534 -3.0844476752529912 -0.1144149085279913 16.518743939575902 4.355388802070286 8.16343454568269 -1.4496784167180365 2.1726250687032334 18.05085064900247 -4.209876064531155 3.9232129789494508 -0.529199545660326 -10.003111795271787 -7.853622499782096 -11.363400475744958 -2.3096814460585158
27.474949899799597 7.354707298784415 -1.5271215144148798 1.94794926362297 -0.01997454788101649 -5.050311562940131 -3.6326355980930103 10.894613875348902 17.553557973243805 31.442153277272983 13.519140505318372 16.032157011798024 5.3142239916552 9.690676558382695 -3.0806348208368126 -0.11060205411183044 16.522556793992063 4.359201656486447 8.167247400098852 -1.4458655623018757 2.176437923119412 18.05466350341863 -4.206063210114994 3.9270258333656116 -0.5253866912441651 -9.999298940855626 -7.849809645365935 -11.359587621328798 -2.305868591642355
27.53507014028056 7.358511706815758 -1.5233171063835194 1.9517536716543127 -0.01617013984967386 -5.046507154908788 -3.62883119006165 10.898418283380245 17.557362381275148 31.445957685304325 13.522944913349715 16.035961419829366 5.3180283996865425 9.694480966414055 -3.07683041280547 -0.10679764608047004 16.526361202023406 4.36300606451779 8.171051808130194 -1.442061154270533 2.1802423311507546 18.058467911449974 -4.2022588020836515 3.9308302413969542 -0.5215822832128225 -9.995494532824283 -7.846005237334593 -11.355783213297455 -2.3020641836110123
27.595190380761522 7.362307712178975 -1.5195211010203025 1.9555496770175296 -0.012374134486456967 -5.042711149545571 -3.625035184698433 10.902214288743462 17.561158386638365 31.44975369066754 13.526740918712932 16.039757425192583 5.321824405049759 9.698276971777272 -3.073034407442253 -0.10300164071725315 16.530157207386623 4.366802069881007 8.174847813493411 -1.4382651489073162 2.1840383365139715 18.06226391681319 -4.198462796720435 3.934626246760171 -0.5177862778496056 -9.991698527461066 -7.842209231971376 -11.351987207934238 -2.2982681782477954
27.655310621242485 7.366095354461262 -1.5157334587380333 1.9593373192998165 -0.00858649220417007 -5.038923507263284 -3.621247542416164 10.906001931025731 17.56494602892065 31.45354133294983 13.530528560995219 16.043545067474852 5.325612047332046 9.702064614059541 -3.069246765159984 -0.09921399843498402 16.53394484966891 4.3705897121632935 8.178635455775698 -1.4344775066250293 2.1878259787962584 18.066051559095477 -4.194675154438148 3.938413889042458 -0.5139986355673187 -9.98791088517878 -7.838421589689089 -11.348199565651951 -2.2944805359655085
