web/models/mosfit_kne/mosfit_kn_1.0000/mosfit_kn_0.002817_0.2963_1.0000.dat
# %ECSV 1.0
# ---
# datatype:
# - {name: time, datatype: float64}
# - {name: PS1_g, datatype: float64}
# - {name: PS1_i, datatype: float64}
# - {name: PS1_r, datatype: float64}
# - {name: PS1_w, datatype: float64}
# - {name: PS1_y, datatype: float64}
# - {name: PS1_z, datatype: float64}
# - {name: swift_uvot_B, datatype: float64}
# - {name: swift_uvot_U, datatype: float64}
# - {name: swift_uvot_uvm2, datatype: float64}
# - {name: swift_uvot_uvw1, datatype: float64}
# - {name: swift_uvot_uvw2, datatype: float64}
# - {name: swift_uvot_V, datatype: float64}
# - {name: johnson_B, datatype: float64}
# - {name: johnson_I, datatype: float64}
# - {name: johnson_R, datatype: float64}
# - {name: johnson_U, datatype: float64}
# - {name: johnson_V, datatype: float64}
# - {name: sdss_g, datatype: float64}
# - {name: sdss_i, datatype: float64}
# - {name: sdss_r, datatype: float64}
# - {name: sdss_u, datatype: float64}
# - {name: sdss_z, datatype: float64}
# - {name: ATLAS_c, datatype: float64}
# - {name: ATLAS_o, datatype: float64}
# - {name: ukirt_H, datatype: float64}
# - {name: ukirt_J, datatype: float64}
# - {name: ukirt_K, datatype: float64}
# - {name: Clear, datatype: float64}
# meta: !!omap
# - comment: [kappa = 1.0, type = rprocess, mass = 0.0028172691138521437, velocity = 0.29633333333333334, theta_obs = 0.0, tfloor = 1000.0]
# schema: astropy-2.0
time PS1_g PS1_i PS1_r PS1_w PS1_y PS1_z swift_uvot_B swift_uvot_U swift_uvot_uvm2 swift_uvot_uvw1 swift_uvot_uvw2 swift_uvot_V johnson_B johnson_I johnson_R johnson_U johnson_V sdss_g sdss_i sdss_r sdss_u sdss_z ATLAS_c ATLAS_o ukirt_H ukirt_J ukirt_K Clear
[from data line 414]
24.949899799599198 14.885263640299211 6.003434827099934 9.478505605137766 7.510581793633779 2.480244778574665 3.8979207434218033 18.425170216863698 25.084114314758608 38.97270961878778 21.04969684683316 23.562713353312812 12.844780333169997 17.22123289989749 4.449921520677983 7.419954287402965 24.05311313550686 11.889757998001242 15.697803741613647 6.08469077921292 9.706994264634208 25.585219844933434 3.3244931313998016 11.457582174880407 7.005169650270631 -2.46874259934083 -0.31925330385114015 -3.8290312798140014 5.224687749872441
25.01002004008016 14.896074308187988 6.01424549498871 9.48931627302656 7.521392461522574 2.4910554464634416 3.9087314113105798 18.435980884752475 25.094924982647385 38.983520286676566 21.060507514721944 23.573524021201596 12.855591001058773 17.232043567786285 4.46073218856676 7.430764955291759 24.063923803395646 11.900568665890036 15.708614409502442 6.095501447101697 9.717804932522984 25.59603051282221 3.335303799288578 11.468392842769202 7.015980318159407 -2.457931931452036 -0.3084426359623459 -3.818220611925225 5.235498417761217
25.07014028056112 14.906863474551155 6.025034661351878 9.50010543938971 7.532181627885741 2.501844612826609 3.9195205776737474 18.446770051115642 25.105714149010552 38.99430945303973 21.071296681085112 23.584313187564764 12.86638016742194 17.242832734149452 4.471521354929927 7.441554121654927 24.074712969758814 11.911357832253186 15.71940357586561 6.106290613464864 9.728594098886152 25.606819679185378 3.3460929656517457 11.47918200913237 7.026769484522575 -2.447142765088886 -0.29765346959919603 -3.8074314455620573 5.246287584124385
25.130260521042082 14.917631200190655 6.03580238699136 9.51087316502921 7.542949353525223 2.512612338466109 3.9302883033132296 18.457537776755125 25.116481874650045 39.005077178679215 21.0820644067246 23.595080913204253 12.87714789306144 17.253600459788935 4.48228908056941 7.452321847294409 24.085480695398303 11.922125557892686 15.730171301505091 6.117058339104364 9.739361824525634 25.61758740482487 3.3568606912912458 11.489949734771852 7.037537210162075 -2.436375039449386 -0.286885743959696 -3.7966637199225572 5.257055309763885
25.190380761523045 14.92837756581606 6.046548752616783 9.521619530654633 7.553695719150646 2.523358704091514 3.941034668938652 18.468284142380547 25.127228240275468 39.01582354430464 21.092810772350017 23.60582727882967 12.887894258686845 17.264346825414357 4.493035446194832 7.463068212919832 24.09622706102372 11.932871923518109 15.740917667130514 6.127804704729769 9.750108190151057 25.628333770450293 3.3676070569166505 11.500696100397274 7.0482835757874795 -2.4256286738239634 -0.2761393783342735 -3.7859173542971525 5.26780167538929
25.250501002004007 14.939103866632841 6.057275053433564 9.532345831471414 7.564422019967427 2.5340850049082952 3.9517609697554335 18.47901044319733 25.13795454109225 39.02654984512142 21.103537073166798 23.61655357964645 12.898620559503627 17.27507312623114 4.503761747011613 7.473794513736613 24.106953361840496 11.94359822433489 15.751643967947295 6.13853100554655 9.760834490967838 25.639060071267075 3.378333357733432 11.511422401214055 7.059009876604261 -2.414902373007182 -0.2654130775174922 -3.775191053480371 5.278527976206071
25.31062124248497 14.949806525825782 6.067977712626504 9.543048490664336 7.57512467916035 2.5447876641012357 3.962463628948374 18.48971310239027 25.14865720028518 39.03725250431435 21.11423973235974 23.627256238839383 12.909323218696567 17.28577578542408 4.514464406204554 7.484497172929536 24.11765602103343 11.954300883527813 15.762346627140218 6.149233664739491 9.771537150160778 25.649762730460004 3.3890360169263722 11.522125060406978 7.069712535797201 -2.4041997138142595 -0.25471041832456953 -3.7644883942874308 5.2892306353990115
25.37074148296593 14.960489255777958 6.0786604425786805 9.553731220616513 7.585807409112544 2.555470394053412 3.97314635890055 18.500395832342445 25.15933993023736 39.04793523426654 21.124922462311915 23.637938968791566 12.920005948648743 17.296458515376255 4.52514713615673 7.49517990288173 24.128338750985613 11.964983613479989 15.773029357092412 6.159916394691667 9.782219880112955 25.660445460412184 3.3997187468785484 11.532807790359172 7.080395265749377 -2.3935169838620833 -0.24402768837239341 -3.7538056643352546 5.299913365351188
25.430861723446892 14.971150928893913 6.089322115694635 9.564392893732467 7.596469082228499 2.5661320671693666 3.983808032016505 18.5110575054584 25.170001603353313 39.05859690738249 21.13558413542787 23.64860064190752 12.930667621764698 17.30712018849221 4.535808809272685 7.505841575997684 24.139000424101567 11.975645286595944 15.783691030208349 6.170578067807622 9.79288155322891 25.67110713352814 3.410380419994503 11.543469463475127 7.091056938865332 -2.3828553107461286 -0.23336601525643863 -3.7431439912193 5.310575038467142
25.490981963927855 14.981791608351536 6.099962795152258 9.575033573190108 7.607109761686122 2.5767727466269896 3.994448711474128 18.521698184916023 25.180642282810936 39.06923758684012 21.146224814885493 23.659241321365144 12.941308301222321 17.317760867949833 4.546449488730308 7.5164822554553075 24.14964110355919 11.986285966053584 15.79433170966599 6.181218747265245 9.803522232686532 25.681747812985762 3.421021099452126 11.55411014293275 7.101697618322955 -2.3722146312884878 -0.2227253357988156 -3.732503311761677 5.321215717924765
25.551102204408817 14.992411371174263 6.110582557974986 9.585653336012818 7.617729524508832 2.5873925094497174 4.005068474296856 18.53231794773875 25.191262045633664 39.07985734966284 21.15684457770822 23.66986108418786 12.951928064045049 17.32838063077256 4.5570692515530355 7.5271020182780175 24.16026086638191 11.996905728876294 15.8049514724887 6.1918385100879725 9.81414199550926 25.69236757580849 3.431640862274854 11.56472990575546 7.112317381145683 -2.3615948684657777 -0.2121055729760878 -3.721883548938949 5.331835480747493
25.61122244488978 15.003010293554304 6.121181480355027 9.596252258392859 7.62832844688889 2.597991431829758 4.015667396676896 18.54291687011879 25.201860968013705 39.090456272042886 21.16744350008826 23.680460006567913 12.96252698642509 17.3389795531526 4.567668173933076 7.537700940658076 24.17085978876196 12.007504651256335 15.815550394868758 6.202437432468013 9.8247409178893 25.70296649818853 3.4422397846548947 11.575328828135518 7.122916303525724 -2.350995946085737 -0.2015066505960471 -3.7112846265589083 5.342434403127534
25.67134268537074 15.013588447481219 6.131759634281941 9.606830412319773 7.638906600815805 2.6085695857566726 4.026245550603811 18.553495024045706 25.21243912194062 39.10103442596979 21.178021654015176 23.691038160494827 12.973105140352004 17.349557707079516 4.578246327859991 7.5482790945849905 24.181437942688866 12.01808280518325 15.826128548795655 6.213015586394928 9.835319071816215 25.713544652115445 3.452817938581809 11.585906982062415 7.133494457452638 -2.3404177921588225 -0.19092849666913259 -3.700706472631994 5.3530125570544485
25.7314629258517 15.024145900698347 6.14231708749907 9.617387865536902 7.649464054032915 2.619127038973801 4.036803003820939 18.564052477262834 25.222996575157744 39.11159187918692 21.188579107232297 23.701595613711948 12.983662593569132 17.360115160296626 4.588803781077119 7.558836547802101 24.191995395905995 12.028640258400378 15.836686002012783 6.223573039612056 9.845876525033344 25.72410210533257 3.4633753917989374 11.596464435279543 7.144051910669766 -2.3298603389416943 -0.1803710434520044 -3.6901490194148656 5.363570010271577
25.791583166332664 15.034682729603315 6.15285391640402 9.62792469444187 7.660000882937883 2.6296638678787687 4.047339832725889 18.574589306167784 25.233533404062705 39.12212870809188 21.199115936137265 23.712132442616916 12.9941994224741 17.370651989201594 4.599340609982069 7.569373376707069 24.202532224810952 12.039177087305346 15.847222830917751 6.234109868517024 9.856413353938294 25.73463893423753 3.4739122207039053 11.607001264184511 7.154588739574734 -2.3193235100367264 -0.1698342145470365 -3.6796121905098977 5.3741068391765445
25.851703406813627 15.045198995346034 6.163370182146739 9.638440960184589 7.670517148680602 2.640180133621488 4.0578560984686085 18.585105571910503 25.244049669805424 39.13264497383461 21.20963220187998 23.722648708359632 13.00471568821682 17.381168254944313 4.609856875724788 7.579889642449788 24.213048490553682 12.049693353048065 15.85773909666047 6.244626134259743 9.866929619681013 25.74515519998025 3.4844284864466246 11.61751752992723 7.165105005317454 -2.308807244294007 -0.15931794880431716 -3.6690959247671784 5.384623104919264
25.91182364729459 15.055694783077929 6.173865969878651 9.648936747916483 7.681012936412497 2.6506759213533826 4.068351886200521 18.595601359642416 25.254545457537326 39.1431407615665 21.220127989611886 23.73314449609153 13.015211475948714 17.391664042676226 4.620352663456701 7.590385430181683 24.223544278285576 12.06018914077996 15.868234884392365 6.255121921991638 9.877425407412925 25.75565098771215 3.494924274178519 11.628013317659125 7.175600793049348 -2.2983114565621126 -0.14882216107242263 -3.658600137035284 5.395118892651158
25.97194388777555 15.066170156644976 6.184341343445698 9.65941212148353 7.691488309979562 2.6611512949204297 4.078827259767568 18.606076733209463 25.265020831104373 39.15361613513355 21.230603363178933 23.743619869658584 13.025686849515761 17.402139416243273 4.630828037023748 7.6008608037487475 24.234019651852634 12.070664514347007 15.878710257959412 6.265597295558685 9.887900780979972 25.7661263612792 3.5053996477455662 11.63848869122619 7.186076166616395 -2.2878360829950655 -0.13834678750537555 -3.6481247634682368 5.4055942662182055
26.03206412825651 15.076625189607764 6.194796376408487 9.669867154446319 7.701943342942332 2.671606327883218 4.089282292730356 18.61653176617225 25.27547586406716 39.164071168096335 21.241058396141714 23.754074902621365 13.03614188247855 17.412594449206043 4.641283069986536 7.611315836711518 24.244474684815412 12.081119547309795 15.8891652909222 6.276052328521473 9.89835581394276 25.776581394241987 3.5158546807083546 11.64894372418896 7.196531199579184 -2.277381050032277 -0.12789175454258717 -3.6376697305054484 5.416049299180994
26.092184368737474 15.08705994947432 6.2052311362750245 9.680301914312874 7.712378102808888 2.6820410877497736 4.099717052596894 18.62696652603879 25.28591062393371 39.17450592796288 21.25149315600827 23.76450966248792 13.046576642345105 17.4230292090726 4.651717829853074 7.621750596578074 24.254909444681957 12.09155430717635 15.899600050788756 6.286487088388029 9.908790573809299 25.787016154108535 3.52628944057491 11.659378484055516 7.206965959445739 -2.2669462901657216 -0.11745699467603166 -3.627234970638893 5.426484059047549
26.152304609218437 15.09747450745218 6.215645694252903 9.690716472290735 7.722792660786748 2.692455645727634 4.110131610574772 18.637381084016667 25.296325181911577 39.18492048594075 21.261907713986137 23.77492422046579 13.056991200322965 17.433443767050477 4.662132387830952 7.632165154555952 24.265324002659828 12.10196886515421 15.910014608766616 6.296901646365889 9.919205131787177 25.797430712086403 3.5367039985527704 11.669793042033376 7.217380517423599 -2.2565317321878613 -0.10704243669817137 -3.6168204126610326 5.43689861702541
26.2124248496994 15.107868936085325 6.226040122886047 9.70111090092388 7.733187089419893 2.7028500743607786 4.120526039207917 18.64777551264981 25.306719610544725 39.19531491457389 21.27230214261928 23.785318649098933 13.06738562895611 17.44383819568362 4.672526816464097 7.6425595831890965 24.275718431292972 12.112363293787356 15.92040903739976 6.307296074999034 9.929599560420321 25.80782514071955 3.547098427185915 11.680187470666521 7.227774946056744 -2.2461373035547165 -0.0966480080650266 -3.606425984027888 5.447293045658554
26.27254509018036 15.118243304183192 6.236414490983897 9.711485269021747 7.74356145751776 2.713224442458646 4.1309004073057665 18.65814988074766 25.317093978642582 39.205689282671756 21.282676510717142 23.795693017196793 13.077759997053978 17.45421256378147 4.682901184561946 7.652933951286946 24.28609279939084 12.122737661885223 15.930783405497628 6.317670443096901 9.939973928518171 25.818199508817408 3.5574727952837826 11.690561838764388 7.238149314154612 -2.235762935456849 -0.08627363996715909 -3.5960516159300204 5.457667413756422
26.33266533066132 15.128597680534863 6.246768867335568 9.721839645373418 7.753915833869431 2.723578818810317 4.141254783657438 18.668504257099332 25.327448354994253 39.21604365902343 21.293030887068813 23.806047393548464 13.088114373405649 17.464566940133142 4.6932555609136175 7.663288327638617 24.2964471757425 12.133092038236894 15.9411377818493 6.328024819448572 9.950328304869842 25.82855388516908 3.5678271716354537 11.70091621511606 7.248503690506283 -2.225408559105178 -0.07591926361548795 -3.5856972395783493 5.468021790108093
26.392785571142284 15.138932130119152 6.257103316919874 9.732174094957706 7.76425028345372 2.7339132683946055 4.151589233241744 18.67883870668364 25.337782804578552 39.226378108607726 21.30336533665311 23.81638184313276 13.098448822989937 17.47490138971745 4.703590010497924 7.673622777222923 24.3067816253268 12.143426487821182 15.951472231433588 6.3383592690328605 9.960662754454148 25.838888334753378 3.578161621219742 11.711250664700348 7.258838140090571 -2.2150741095208897 -0.06558481403119965 -3.575362789994061 5.478356239692381
26.452905811623246 15.149246722291352 6.267417909092057 9.742488687129907 7.77456487562592 2.744227860566806 4.161903825413926 18.68915329885584 25.348097396750752 39.23669270077992 21.313679928825298 23.82669643530495 13.108763415162137 17.48521598188963 4.713904602670124 7.683937369395106 24.317096217499 12.153741079993383 15.961786823605788 6.348673861205061 9.970977346626348 25.849202926925578 3.5884762133919423 11.721565256872548 7.269152732262771 -2.2047595173486894 -0.055270221858999324 -3.5650481978218607 5.488670831864582
26.51302605210421 15.159541532167253 6.277712718967976 9.752783497005808 7.7848596855018215 2.7545226704427073 4.1721986352898455 18.69944810873174 25.358392206626654 39.24698751065582 21.32397473870121 23.83699124518086 13.119058225038039 17.49551079176555 4.724199412546025 7.694232179271025 24.3273910273749 12.164035889869284 15.97208163348169 6.358968671080962 9.98127215650225 25.85949773680148 3.598771023267844 11.73186006674845 7.279447542138673 -2.194464707472788 -0.044975411983097846 -3.554753387945959 5.498965641740483
26.573146292585168 15.169816618316982 6.287987805117705 9.763058583155537 7.795134771651568 2.7647977565924364 4.182473721439575 18.70972319488147 25.36866729277638 39.25726259680556 21.33424982485094 23.84726633133059 13.129333311187768 17.50578587791528 4.7344744986957545 7.704507265420754 24.33766611352464 12.174310976019031 15.982356719631436 6.3692437572306915 9.99154724265198 25.869772822951205 3.609046109417573 11.742135152898197 7.289722628288402 -2.1841896213230587 -0.034700325833368684 -3.54447830179623 5.509240727890212
