web/models/mosfit_kne/mosfit_kn_1.0000/mosfit_kn_0.041628_0.1240_1.0000.dat
# %ECSV 1.0
# ---
# datatype:
# - {name: time, datatype: float64}
# - {name: PS1_g, datatype: float64}
# - {name: PS1_i, datatype: float64}
# - {name: PS1_r, datatype: float64}
# - {name: PS1_w, datatype: float64}
# - {name: PS1_y, datatype: float64}
# - {name: PS1_z, datatype: float64}
# - {name: swift_uvot_B, datatype: float64}
# - {name: swift_uvot_U, datatype: float64}
# - {name: swift_uvot_uvm2, datatype: float64}
# - {name: swift_uvot_uvw1, datatype: float64}
# - {name: swift_uvot_uvw2, datatype: float64}
# - {name: swift_uvot_V, datatype: float64}
# - {name: johnson_B, datatype: float64}
# - {name: johnson_I, datatype: float64}
# - {name: johnson_R, datatype: float64}
# - {name: johnson_U, datatype: float64}
# - {name: johnson_V, datatype: float64}
# - {name: sdss_g, datatype: float64}
# - {name: sdss_i, datatype: float64}
# - {name: sdss_r, datatype: float64}
# - {name: sdss_u, datatype: float64}
# - {name: sdss_z, datatype: float64}
# - {name: ATLAS_c, datatype: float64}
# - {name: ATLAS_o, datatype: float64}
# - {name: ukirt_H, datatype: float64}
# - {name: ukirt_J, datatype: float64}
# - {name: ukirt_K, datatype: float64}
# - {name: Clear, datatype: float64}
# meta: !!omap
# - comment: [kappa = 1.0, type = rprocess, mass = 0.04162766037032262, velocity = 0.12399999999999999, theta_obs = 0.0, tfloor = 1000.0]
# schema: astropy-2.0
time PS1_g PS1_i PS1_r PS1_w PS1_y PS1_z swift_uvot_B swift_uvot_U swift_uvot_uvm2 swift_uvot_uvw1 swift_uvot_uvw2 swift_uvot_V johnson_B johnson_I johnson_R johnson_U johnson_V sdss_g sdss_i sdss_r sdss_u sdss_z ATLAS_c ATLAS_o ukirt_H ukirt_J ukirt_K Clear
[from data line 462]
27.83567134268537 7.719393999221165 -1.1624348139781127 2.312635964059737 0.3447121525557506 -4.685624862503364 -3.267948897656243 11.259300575785652 17.918244673680572 31.80683997770974 13.883827205755122 16.396843712234773 5.678910692091967 10.055363258819462 -2.7159481204000633 0.25408464632493666 16.88724349442883 4.723888356923214 8.531934100535619 -1.0811788618651264 2.5411246235561613 18.419350203855398 -3.841376509678245 4.291712533802379 -0.16069999080741582 -9.634612240418859 -7.485122944929168 -10.994900920892048 -1.9411818912055878
27.895791583166332 7.723229452370255 -1.1585993608290224 2.3164714172088274 0.3485476057048409 -4.681789409354273 -3.264113444507153 11.263136028934742 17.922080126829663 31.810675430858833 13.887662658904212 16.400679165383863 5.6827461452410395 10.059198711968552 -2.712112667250973 0.25792009947402694 16.89107894757792 4.7277238100723045 8.535769553684709 -1.077343408716036 2.5449600767052516 18.42318565700449 -3.8375410565291546 4.295547986951469 -0.15686453765832553 -9.630776787269768 -7.481287491780078 -10.991065467742958 -1.9373464380565153
27.955911823647295 7.727056724174872 -1.1547720890244229 2.320298689013427 0.3523748775094404 -4.677962137549674 -3.2602861727025534 11.26696330073936 17.925907398634262 31.814502702663436 13.891489930708829 16.40450643718848 5.686573417045657 10.063025983773151 -2.7082853954463557 0.26174737127862646 16.89490621938252 4.731551081876904 8.539596825489308 -1.0735161369114188 2.548787348509869 18.427012928809088 -3.8337137847245373 4.2993752587560685 -0.15303726585370825 -9.626949515465169 -7.4774602199754785 -10.98723819593834 -1.933519166251898
28.016032064128254 7.730875845764125 -1.1509529674351526 2.3241178106026794 0.35619399909869287 -4.674143015960421 -3.256467051113283 11.270782422328612 17.929726520223515 31.818321824252696 13.895309052298082 16.408325558777733 5.690392538634909 10.066845105362422 -2.7044662738571033 0.2655664928678967 16.898725340971772 4.7353702034661564 8.543415947078561 -1.0696970153221663 2.5526064700991213 18.43083205039834 -3.829894663135285 4.303194380345321 -0.1492181442644558 -9.623130393875917 -7.473641098386226 -10.983419074349088 -1.9297000446626456
28.076152304609217 7.734686856331372 -1.1471419568679053 2.3279288211699267 0.36000500966595794 -4.670332005393174 -3.252656040546036 11.274593432895859 17.93353753079078 31.822132834819943 13.899120062865329 16.41213656934498 5.6942035492021565 10.070656115929669 -2.700655263289856 0.269377503435144 16.90253635153902 4.739181214033404 8.547226957645808 -1.065886004754919 2.5564174806663686 18.434643060965605 -3.8260836525680375 4.307005390912568 -0.14540713369720848 -9.61931938330867 -7.469830087818979 -10.979608063781841 -1.9258890340953982
28.13627254509018 7.738489795812757 -1.1433390173865376 2.331731760651312 0.3638079491473256 -4.666529065911789 -3.248853101064668 11.278396372377227 17.937340470272147 31.825935774301318 13.902923002346697 16.415939508826348 5.698006488683542 10.074459055411037 -2.6968523238084883 0.27318044291651167 16.906339291020405 4.742984153514789 8.551029897127194 -1.0620830652735336 2.5602204201477363 18.438446000446973 -3.822280713086652 4.310808330393954 -0.1416041942158408 -9.615516443827284 -7.466027148337593 -10.975805124300456 -1.9220860946140128
28.196392785571142 7.742284699523072 -1.1395441136762052 2.335526664361627 0.36760285285765804 -4.662734162201474 -3.2450581973543358 11.28219127608756 17.94113537398248 31.82973067801164 13.906717906057029 16.41973441253668 5.701801392393857 10.07825395912137 -2.693057420098156 0.2769753466268441 16.91013419473072 4.746779057225104 8.554824800837526 -1.058288161563219 2.5640153238580687 18.442240904157305 -3.8184858093763374 4.314603234104286 -0.13780929050550839 -9.611721540116969 -7.462232244627279 -10.97201022059014 -1.9182911909036982
28.256513026052104 7.7460716006473795 -1.1357572125518978 2.3393135654859343 0.37138975398194773 -4.6589472610771665 -3.2412712962300283 11.285978177211867 17.94492227510677 31.833517579135947 13.910504807181336 16.423521313660988 5.705588293518164 10.082040860245677 -2.6892705189738484 0.28076224775115155 16.913921095855027 4.750565958349411 8.558611701961816 -1.0545012604389115 2.567802224982376 18.446027805281595 -3.81469890825203 4.318390135228576 -0.13402238938120092 -9.607934638992662 -7.458445343502971 -10.968223319465833 -1.9145042897793907
28.316633266533064 7.74985053164178 -1.1319782815574975 2.3430924964803346 0.3751686849763658 -4.655168330082766 -3.237492365235628 11.289757108206267 17.94870120610117 31.837296510130347 13.914283738175737 16.427300244655388 5.709367224512564 10.085819791240077 -2.685491587979448 0.28454117874555185 16.917700026849428 4.754344889343812 8.562390632956216 -1.0507223294445112 2.5715811559767765 18.449806736275995 -3.8109199772576297 4.322169066222976 -0.13024345838680063 -9.604155707998261 -7.454666412508571 -10.964444388471433 -1.9107253587849904
28.376753507014026 7.753621530903558 -1.1282072822957367 2.346863495742113 0.3789396842381265 -4.651397330820988 -3.2337213659738673 11.293528107468028 17.952472205362948 31.841067509392122 13.918054737437515 16.431071243917167 5.713138223774343 10.089590790501838 -2.6817205887176874 0.28831217800731257 16.921471026111206 4.75811588860559 8.566161632217995 -1.0469513301827327 2.575352155238555 18.453577735537774 -3.807148977995851 4.325940065484755 -0.12647245912502214 -9.600384708736483 -7.450895413246792 -10.960673389209655 -1.906954359523212
28.43687374749499 7.757384634791773 -1.1244441784075043 2.3506265996303455 0.38270278812635894 -4.647634226932773 -3.229958262085635 11.29729121135626 17.95623530925118 31.844830613280347 13.92181784132573 16.43483434780538 5.7169013276625575 10.09335389439007 -2.677957484829455 0.292075281895545 16.92523412999942 4.7618789924938225 8.569924736106227 -1.043188226294518 2.5791152591267696 18.457340839426006 -3.8033858741076365 4.329703169372987 -0.12270935523680748 -9.59662160484825 -7.447132309358578 -10.95691028532144 -1.9031912556349972
28.49699398797595 7.761139874813363 -1.1206889383859142 2.3543818396519356 0.38645802814794905 -4.643878986911165 -3.2262030220640447 11.30104645137785 17.95999054927277 31.848585853301937 13.92557308134732 16.43858958782697 5.720656567684165 10.09710913441166 -2.674202244807865 0.2958305219171351 16.92898937002103 4.765634232515413 8.573679976127817 -1.039432986272928 2.5828704991483598 18.461096079447596 -3.7996306340860464 4.333458409394577 -0.11895411521521737 -9.59286636482666 -7.44337706933697 -10.95315504529985 -1.8994360156133894
28.557114228456914 7.7648872852082995 -1.1169415279909778 2.3581292500468543 0.3902054385428677 -4.6401315765162465 -3.2224556116691083 11.304793861772787 17.96373795966769 31.852333263696867 13.929320491742256 16.442336998221908 5.724403978079084 10.100856544806597 -2.6704548344129284 0.29957793231205376 16.932736780415947 4.769381642910331 8.577427386522736 -1.0356855758779915 2.586617909543296 18.464843489842515 -3.79588322369111 4.337205819789496 -0.11520670482028095 -9.589118954431742 -7.439629658942051 -10.949407634904913 -1.8956886052184707
28.617234468937873 7.768626902637141 -1.1132019105621538 2.361868867475696 0.3939450559717095 -4.636391959087405 -3.2187159942402843 11.30853347920161 17.96747757709653 31.8560728811257 13.93306010917108 16.446076615650732 5.728143595507926 10.10459616223542 -2.6667152169841044 0.30331754974089553 16.93647639784479 4.773121260339173 8.581167003951577 -1.0319459584491497 2.59035752697212 18.468583107271357 -3.792143606262268 4.340945437218338 -0.11146708739143918 -9.5853793370029 -7.435890041513209 -10.945668017476072 -1.891948987789629
28.677354709418836 7.772358762066158 -1.109470051133119 2.3656007269047308 0.39767691540074424 -4.63266009965837 -3.2149841348112496 11.312265338630645 17.971209436525566 31.859804740554733 13.936791968600115 16.449808475079767 5.731875454936961 10.108328021664455 -2.6629833575550697 0.3070494091699303 16.940208257273824 4.776853119768208 8.584898863380612 -1.0282140990201327 2.594089386401155 18.47231496670039 -3.788411746833251 4.344677296647372 -0.10773522796242219 -9.581647477573865 -7.432158182084175 -10.941936158047055 -1.8882171283605942
28.7374749498998 7.776082895619787 -1.1057459175795081 2.3693248604583417 0.40140104895435513 -4.628935966104759 -3.2112600012576387 11.315989472184256 17.974933570079177 31.863528874108344 13.940516102153726 16.453532608633378 5.7355995884905715 10.112052155218066 -2.6592592240014588 0.3107735427235412 16.943932390827435 4.780577253321819 8.588622996934223 -1.024489965466504 2.597813519954766 18.476039100254003 -3.7846876132796226 4.348401430200983 -0.10401109440881129 -9.577923344020254 -7.428434048530564 -10.938212024493426 -1.8844929948069833
28.79759519038076 7.779799335348194 -1.102029477851083 2.3730413001867667 0.4051174886827802 -4.625219526376352 -3.2075435615292136 11.319705911912681 17.978650009807602 31.867245313836772 13.944232541882151 16.457249048361803 5.739316028218979 10.115768594946491 -2.6555427842730337 0.31448998245196624 16.94764883055586 4.784293693050244 8.592339436662648 -1.0207735257380968 2.601529959683191 18.479755539982428 -3.7809711735512153 4.352117869929408 -0.10029465468038623 -9.57420690429183 -7.424717608802139 -10.934495584765019 -1.880776555078576
28.857715430861724 7.78350811567881 -1.0983206975204673 2.3767500805173647 0.4088262690133959 -4.621510746045736 -3.203834781198598 11.323414692243297 17.982358790138218 31.870954094167384 13.947941322212767 16.46095782869242 5.7430248085495945 10.119477375277107 -2.651834003942418 0.31819876278258197 16.951357610886458 4.788002473380842 8.596048216993264 -1.017064745407481 2.6052387400138066 18.483464320313043 -3.7772623932205995 4.355826650260024 -0.0965858743497705 -9.570498123961231 -7.421008828471541 -10.930786804434403 -1.8770677747479603
28.917835671342683 7.787209270482194 -1.0946195427170835 2.3804512353207663 0.41252742381677976 -4.617809591242352 -3.200133626395214 11.32711584704668 17.9860599449416 31.87465524897077 13.95164247701615 16.464658983495802 5.746725963352978 10.12317853008049 -2.648132849139034 0.3218999175859658 16.95505876568986 4.791703628184243 8.599749371796648 -1.0133635906040972 2.6089398948171905 18.487165475116427 -3.7735612384172157 4.359527805063408 -0.09288471954638666 -9.56679696915783 -7.417307673668139 -10.92708564963102 -1.8733666199445764
28.977955911823646 7.790902832116817 -1.0909259810824778 2.384144796955372 0.4162209854513854 -4.614116029607729 -3.1964400647606084 11.330809408681304 17.989753506576207 31.878348810605385 13.955336038650774 16.468352545130426 5.750419524987602 10.126872091715097 -2.6444392875044107 0.32559347922057147 16.958752327324465 4.795397189818849 8.603442933431253 -1.0096700289694738 2.612633456451814 18.490859036751033 -3.7698676767825923 4.3632213666980135 -0.08919115791176324 -9.563103407523224 -7.4136141120335335 -10.923392087996396 -1.869673058309953
29.03807615230461 7.794588829143869 -1.0872399840554081 2.387830793982424 0.41990698247845515 -4.610430032580677 -3.1927540677335386 11.334495405708356 17.993439503603277 31.882034807632447 13.959022035677826 16.472038542157478 5.754105522014654 10.130558088742166 -2.6407532904773587 0.3292794762476412 16.962438324351517 4.799083186845901 8.607128930458323 -1.0059840319424218 2.616319453478866 18.494545033778103 -3.7661816797555403 4.366907363725083 -0.08550516088471127 -9.559417410496172 -7.4099281150064815 -10.919706090969344 -1.865987061282901
29.09819639278557 7.798267296269916 -1.083561516929361 2.391509261108471 0.4235854496045022 -4.60675156545463 -3.1890756006074916 11.338173872834403 17.997117970729306 31.885713274758483 13.962700502803873 16.475717009283525 5.757783989140701 10.134236555868213 -2.6370748233513117 0.3329579433736882 16.966116791477564 4.802761653971948 8.610807397584352 -1.0023055648163748 2.619997920604913 18.498223500904132 -3.7625032126294933 4.3705858308511125 -0.08182669375866425 -9.555738943370125 -7.4062496478804345 -10.916027623843297 -1.862308594156854
29.158316633266534 7.8019382698120765 -1.0798905433872008 2.395180234650649 0.42725642314666246 -4.603080591912452 -3.1854046270653313 11.341844846376564 18.000788944271484 31.889384248300654 13.966371476346033 16.479387982825685 5.761454962682879 10.137907529410374 -2.6334038498091514 0.3366289169158485 16.969787765019742 4.806432627514126 8.61447837112653 -0.9986345912742145 2.623668894147073 18.50189447444631 -3.7588322390873152 4.374256804393291 -0.07815572021650397 -9.552067969827947 -7.4025786743382564 -10.912356650301119 -1.858637620614676
29.218436873747493 7.805601780809326 -1.0762270323899514 2.3988437456478806 0.43091993414391183 -4.59941708091522 -3.181741116068082 11.345508357373813 18.004452455268734 31.893047759297904 13.970034987343283 16.483051493822934 5.76511847368011 10.141571040407623 -2.629740338811902 0.3402924279130979 16.973451276016974 4.810096138511375 8.61814188212378 -0.9949710802769651 2.6273324051443225 18.50555798544356 -3.7551687280900836 4.37792031539054 -0.07449220921925459 -9.548404458830715 -7.398915163341025 -10.908693139303887 -1.8549741096174444
29.278557114228455 7.809257857801093 -1.0725709553981844 2.4024998226396477 0.4345760111356789 -4.595761003923453 -3.178085039076315 11.34916443436558 18.0081085322605 31.896703836289664 13.97369106433505 16.4867075708147 5.7687745506718775 10.14522711739939 -2.626084261820135 0.34394850490486495 16.97710735300874 4.813752215503125 8.621797959115547 -0.9913150032851981 2.6309884821360896 18.509214062435326 -3.7515126510983166 4.381576392382307 -0.07083613222748752 -9.544748381838948 -7.395259086349258 -10.90503706231212 -1.8513180326256773
29.338677354709418 7.812906531385764 -1.0689222818135136 2.4061484962243362 0.4382246847203497 -4.592112330338782 -3.174436365491644 11.35281310795025 18.01175720584517 31.90035250987434 13.97733973791972 16.490356244399372 5.772423224256548 10.14887579098406 -2.622435588235464 0.34759717848953575 16.98075602659343 4.817400889087813 8.625446632700218 -0.9876663297005273 2.6346371557207604 18.512862736019997 -3.7478639775136458 4.385225065966978 -0.06718745864281672 -9.54109970825426 -7.391610412764569 -10.90138838872745 -1.8476693590410065
29.39879759519038 7.816547835359238 -1.0652809778400396 2.4097898001977924 0.44186598869382365 -4.588471026365308 -3.17079506151817 11.356454411923725 18.015398509818645 31.90399381384781 13.980981041893195 16.493997548372846 5.776064528230022 10.152517094957535 -2.6187942842619902 0.3512384824630097 16.984397330566885 4.8210421930612695 8.629087936673674 -0.9840250257270533 2.6382784596942344 18.51650403999347 -3.744222673540172 4.388866369940452 -0.06354615466934277 -9.537458404280803 -7.387969108791113 -10.897747084753975 -1.8440280550675325
29.458917835671343 7.820181801154256 -1.0616470120450217 2.4134237659928104 0.44549995448882385 -4.58483706057029 -3.167161095723152 11.360088377718743 18.019032475613646 31.907627779642826 13.984615007688213 16.497631514167864 5.77969849402504 10.156151060752553 -2.6151603184669723 0.35487244825802766 16.988031296361903 4.824676158856287 8.632721902468692 -0.9803910599320353 2.6419124254892523 18.52013800578847 -3.740588707745154 4.392500335735452 -0.05991218887432481 -9.533824438485786 -7.384335142996095 -10.894113118958957 -1.8403940892725146
