web/models/mosfit_kne/mosfit_kn_1.0000/mosfit_kn_0.406447_0.2023_1.0000.dat
# %ECSV 1.0
# ---
# datatype:
# - {name: time, datatype: float64}
# - {name: PS1_g, datatype: float64}
# - {name: PS1_i, datatype: float64}
# - {name: PS1_r, datatype: float64}
# - {name: PS1_w, datatype: float64}
# - {name: PS1_y, datatype: float64}
# - {name: PS1_z, datatype: float64}
# - {name: swift_uvot_B, datatype: float64}
# - {name: swift_uvot_U, datatype: float64}
# - {name: swift_uvot_uvm2, datatype: float64}
# - {name: swift_uvot_uvw1, datatype: float64}
# - {name: swift_uvot_uvw2, datatype: float64}
# - {name: swift_uvot_V, datatype: float64}
# - {name: johnson_B, datatype: float64}
# - {name: johnson_I, datatype: float64}
# - {name: johnson_R, datatype: float64}
# - {name: johnson_U, datatype: float64}
# - {name: johnson_V, datatype: float64}
# - {name: sdss_g, datatype: float64}
# - {name: sdss_i, datatype: float64}
# - {name: sdss_r, datatype: float64}
# - {name: sdss_u, datatype: float64}
# - {name: sdss_z, datatype: float64}
# - {name: ATLAS_c, datatype: float64}
# - {name: ATLAS_o, datatype: float64}
# - {name: ukirt_H, datatype: float64}
# - {name: ukirt_J, datatype: float64}
# - {name: ukirt_K, datatype: float64}
# - {name: Clear, datatype: float64}
# meta: !!omap
# - comment: [kappa = 1.0, type = rprocess, mass = 0.4064473885499596, velocity = 0.20233333333333337, theta_obs = 0.0, tfloor = 1000.0]
# schema: astropy-2.0
time PS1_g PS1_i PS1_r PS1_w PS1_y PS1_z swift_uvot_B swift_uvot_U swift_uvot_uvm2 swift_uvot_uvw1 swift_uvot_uvw2 swift_uvot_V johnson_B johnson_I johnson_R johnson_U johnson_V sdss_g sdss_i sdss_r sdss_u sdss_z ATLAS_c ATLAS_o ukirt_H ukirt_J ukirt_K Clear
[from data line 395]
23.80761523046092 -26.142856322247283 -25.406173533582734 -25.740343562577817 -25.862085698151436 -24.943025520293958 -25.139029306634217 -26.17316921675431 -27.610419323718762 -28.674965260999045 -28.390528577205068 -28.725051654727313 -25.947888303996056 -26.179203488357498 -25.727764653603337 -25.878505551715307 -27.305347564612898 -25.95162247487323 -26.19046310921604 -25.42414470976121 -25.74237957503799 -26.559283660283324 -25.094200217183058 -26.021020221768154 -25.6271510736161 -23.895120015857 -24.476232311483788 -23.35162005177105 -25.773903020606816
23.867735470941884 -26.161118421252585 -25.42248808736593 -25.757384416989115 -25.87962814439347 -24.95864896383157 -25.154917029511328 -26.19199353018556 -27.63089286832999 -28.700322431883055 -28.414671687665063 -28.752176294603803 -25.96546313585681 -26.198003515212548 -25.743888034191446 -25.89538885291975 -27.32548503076429 -25.969175064421425 -26.208891671000014 -25.44047741230143 -25.759416636793002 -26.57948877429586 -25.110025660709017 -26.038908118795323 -25.643931283319592 -23.909789294194873 -24.49134706565264 -23.36597950827945 -25.791364900522495
23.927855711422843 -26.179333755538163 -25.438771732431995 -25.77438852344013 -25.89713025275053 -24.97424693132709 -25.17077721356822 -26.21076625905107 -27.65130074728539 -28.72557218021694 -28.43872027258806 -28.779179714809885 -25.98299679227842 -26.21675220507296 -25.759982030085446 -25.912236719683907 -27.345559688055687 -25.986686695843023 -26.227272069173058 -25.456779060979766 -25.776416966609368 -26.599630453168164 -25.125824061447553 -26.056752500562723 -25.6606769263748 -23.92444033486679 -24.50644025102701 -23.380322993708035 -25.808787328675766
23.987975951903806 -26.19750309841173 -25.455025048861035 -25.791356533185628 -25.91459271147947 -24.98981993717308 -25.186610398070144 -26.229488237174305 -27.671643966488375 -28.750715993244786 -28.46267563989075 -28.80606352898248 -26.000489979543808 -26.235450388096368 -25.77604720276841 -25.929049786722562 -27.365572508160867 -26.00415807228321 -26.245605094288624 -25.47305023764931 -25.793381215744038 -26.6197096768685 -25.141595952571798 -26.074554098623874 -25.6773886264477 -23.939073566415857 -24.521512335283955 -23.394650910361992 -25.82617097947857
24.04809619238477 -26.21562691615912 -25.471248357608562 -25.808288820492802 -25.932015919796694 -25.005368253612428 -25.202416873644378 -26.248159977455725 -27.691923170336672 -28.775754877607746 -28.486538647580115 -28.832828828276064 -26.01794311377071 -26.254098574142017 -25.79208385930147 -25.945828415660383 -27.385524109489776 -26.021589607289762 -26.26389122577601 -25.48929126459207 -25.810309758551302 -26.639727070410277 -25.15734162015063 -26.09231334680425 -25.69406673666947 -23.953689198601197 -24.536563556423125 -23.408963449322894 -25.843516240411386
24.10821643286573 -26.23370496443524 -25.487441375548308 -25.825185115792273 -25.949399605792713 -25.020891586644165 -25.218196350204245 -26.26678125139498 -27.71213817174287 -28.8006887427847 -28.510309122980928 -28.859475511402465 -26.03535593800275 -26.27269653301124 -25.808091713132228 -25.9625723329195 -27.4054142973002 -26.038981042564245 -26.28213022332929 -25.5055018590145 -25.827202325751983 -26.659682441946 -25.173060772951033 -26.110029988808314 -25.710710980621236 -23.968286927175356 -24.551593614052134 -23.42326030462267 -25.860822832303345
24.168336673346694 -26.25173765598598 -25.5036043782313 -25.842045744897728 -25.966744118587783 -25.03639016598802 -25.23394907475481 -26.285352515906723 -27.732289552311542 -28.82551851457276 -28.533987849378075 -28.886004584268047 -26.052728817601746 -26.29124471872228 -25.82407102672412 -25.97928185236696 -27.42524362854435 -26.056332741024374 -26.30032251213473 -25.521682297717465 -25.84405924324944 -26.679576354710157 -25.188753653685776 -26.12770440662146 -25.72732166414033 -23.982866923266034 -24.5666027057427 -23.43754162993983 -25.87809109307802
24.228456913827653 -26.26972492771456 -25.519737236089277 -25.858870602109967 -25.984049357718888 -25.05186384136831 -25.249674904697486 -26.303873731636315 -27.75237733762733 -28.85024438686241 -28.55757492229298 -28.91241625805748 -26.070061667003046 -26.3097430899194 -25.840021664372436 -25.995956862091944 -27.445012116307048 -26.07364461547961 -26.318468035493687 -25.537832451722693 -25.860880405567634 -26.699408825606117 -25.204420117730173 -26.145336520010574 -25.743898671041663 -23.997429012690517 -24.581590667565205 -23.451807244900596 -25.89532091406456
24.288577154308616 -26.287667227786464 -25.53584025543186 -25.87566004573148 -26.00131570646738 -25.067312871587273 -25.265374116764647 -26.322345392150314 -27.772402149915898 -28.874867339846592 -28.58107117776788 -28.93871160021066 -26.08735488526027 -26.328192137259915 -25.85594391884656 -26.012597708111695 -27.464720357302365 -26.09091706252064 -26.336567254399235 -25.5539526286325 -25.877666171075848 -26.719180457749072 -25.220060437379974 -26.16292674563205 -25.76044233909993 -24.011973393240865 -24.596557724908248 -23.466057329021975 -25.91251266736684
24.34869739478958 -26.305565123844712 -25.551913845683796 -25.89241454328855 -26.018543661843818 -25.08273761271841 -25.281047087198445 -26.340768115129098 -27.79236474929256 -28.899388533353324 -28.604477622300024 -28.964891874115096 -26.10460898509044 -26.34659247533927 -25.87183818442264 -26.02920484436587 -27.48436908330116 -26.108150592235916 -26.354620750709152 -25.570043239316878 -25.89441700732655 -26.73889198984849 -25.23567498391813 -26.180475616573577 -25.776953113166012 -24.026500351826613 -24.61150419610256 -23.480292148260236 -25.929666838272976
24.40881763527054 -26.323419356630513 -25.567958565764215 -25.909134720617413 -26.035733885571606 -25.098138561899948 -25.296694336534333 -26.35914269805949 -27.812266095530305 -28.923809386560148 -28.627795508275415 -28.990958625385627 -26.121824643940467 -26.36494489829657 -25.887705002549197 -26.045778881218908 -27.503959221661145 -26.12534587919789 -26.372629281382007 -25.586104844360555 -25.91113354012675 -26.758544356984064 -25.251264272165717 -26.197983834597593 -25.793431593287774 -24.041010304677886 -24.626430534303942 -23.494512094041667 -25.94678407595495
24.468937875751504 -26.341230095214723 -25.583974486931478 -25.925820684538152 -26.05288649879247 -25.11351575846863 -25.31231591608556 -26.377469342526016 -27.832106481563805 -28.948130442729635 -28.65102526423538 -29.01691244867463 -26.13900199719651 -26.383249605422424 -25.903544435272387 -26.062319916823792 -27.523491047337238 -26.142503056882763 -26.39059302453342 -25.60213751590357 -25.927815876428788 -26.778137838917218 -25.26682835041351 -26.21545154594548 -25.809877871755784 -24.05550325147782 -24.641336756857033 -23.508717154647286 -25.96386449250792
24.529058116232463 -26.35899705242558 -25.59996128938348 -25.94247212646854 -26.07000119048056 -25.128868873898664 -25.327911500427938 -26.395747775097977 -27.851885670386736 -28.972351553538815 -28.674166667171654 -29.042753189048497 -26.156140746967857 -26.40150632180623 -25.919356159991366 -26.078827639209916 -27.54296431651752 -26.15962182623583 -26.408511696477213 -25.618140934416722 -25.94446370790923 -26.797672194388404 -25.282366892305852 -26.232878453127366 -25.826291634191723 -24.069978856131172 -24.656222530340397 -23.522906993012352 -25.980907770562727
24.589178356713425 -26.37672082413406 -25.615919409654033 -25.95908954146335 -26.087078486405932 -25.14419829089393 -25.34348149262712 -26.413978641752937 -27.871604451256324 -28.996473914110638 -28.697220761121613 -29.068482151577694 -26.173241433656617 -26.419715690417686 -25.935140597983175 -26.09530252982949 -27.562379789850244 -26.176702725086592 -26.426385907365475 -25.634115537889137 -25.961077529619168 -26.817148190930276 -25.29788029591929 -26.250265117548288 -25.842673352965893 -24.08443743127545 -24.671088199286135 -23.537081900438 -25.997914424546416
24.649298597194388 -26.39440131378711 -25.631848691031696 -25.975672794299598 -26.104118256451017 -25.15950383420785 -25.359025724295137 -26.432161867499932 -27.89126280885638 -29.02049766842499 -28.720187599693343 -29.094099501215588 -26.190303940205776 -26.437877634487 -25.950897587035577 -26.111744447880298 -27.581737440431244 -26.193745634933038 -26.44421556646888 -25.650061170138674 -25.97765720652724 -26.83656580510135 -25.313368391056628 -26.26761142719694 -25.8590228834432 -24.09887878042864 -24.68593357629217 -23.551241674990827 -26.01488431706681
24.70941883767535 -26.412038980419013 -25.64774945370777 -25.992222256037287 -26.12112089748301 -25.17478577746342 -25.374544486642563 -26.450297955479176 -27.91086137229602 -29.044423801942102 -28.743068031004828 -29.119606317231014 -26.20732867734476 -26.45599265443755 -25.96662743409998 -26.128153752508087 -27.60103787224675 -26.210750964192982 -26.462001145343574 -25.665978152620372 -25.99420310971885 -26.85592564702759 -25.32883146459893 -26.28491781069277 -25.875340576799104 -24.11330311709738 -24.70075890213181 -23.565386512041858 -26.031817834662085
24.769539078156313 -26.429634637301103 -25.663622323776583 -26.00873862169875 -26.138087143189832 -25.190044682930388 -25.390038366134213 -26.46838777686086 -27.930401179327866 -29.06825382973466 -28.765863404609142 -29.145004253713335 -26.224316392951625 -26.47406161816042 -25.982330747271877 -26.144531122939505 -27.620282089626357 -26.227719457910755 -26.47974347388848 -25.681867113143824 -26.010715934135433 -26.875228728804466 -25.344270097131947 -26.302185041757475 -25.891627101757315 -24.127710919443995 -24.715564693467087 -23.57951686377207 -26.04871569888001
24.829659318637272 -26.447188652023907 -25.679467545651047 -26.025222180728917 -26.155017305218742 -25.205280753965873 -25.405507581611975 -26.486431738696698 -27.94988274962435 -29.09198858989177 -28.788574432471865 -29.170294230710518 -26.241267411777056 -26.49208493022748 -25.99800775926066 -26.160876838005944 -27.639470589799508 -26.24465143873557 -26.49744293086192 -25.69772829723968 -26.027195969265158 -26.894475553212835 -25.35968450367081 -26.319413460718035 -25.907882730037848 -24.142102338201937 -24.730351124824974 -23.59363286516913 -26.065578211881366
24.889779559118235 -26.464701031721596 -25.69528505373679 -26.041672893719756 -26.17191135337274 -25.220493901887693 -25.420952053003507 -26.50442987306561 -27.96930618542449 -29.1156283782399 -28.811201315134163 -29.1954765812433 -26.258181715887023 -26.510062620866076 -26.013658397734975 -26.177190851770764 -27.65860346119891 -26.261546887208077 -26.51509953026615 -25.713561639959934 -26.04364317584162 -26.91366621249582 -25.375074601935736 -26.336603057120005 -25.924107411265922 -24.156477256931087 -24.745118091940608 -23.607734392136997 -26.082405336067467
24.949899799599198 -26.48217186682773 -25.711074853937816 -26.058090797166713 -26.188769336612783 -25.235684105298155 -25.436371769135082 -26.522382298689024 -27.98867168555036 -29.139173617394935 -28.833744373333676 -29.220551776987772 -26.27505936645217 -26.527994806819745 -26.02928266070218 -26.193473193262708 -27.677680886795166 -26.278405862854527 -26.532713370403265 -25.729367147965014 -26.060057590472567 -26.93280089382167 -25.39044037816888 -26.353753901612436 -25.940301169422177 -24.17083562059634 -24.759865554711986 -23.62182138005332 -26.099197112606927
25.01002004008016 -26.499601442164593 -25.726837119960706 -26.074476105301 -26.205591488776268 -25.250851501105576 -25.45176688077584 -26.540289336246403 -28.007979673119205 -29.162625021103604 -28.85620420365461 -29.24552060605077 -26.291900609621212 -26.545881806487394 -26.044880711354878 -26.209724067116557 -27.696703269281954 -26.295228609896984 -26.550284746220658 -25.745144995966207 -26.07643942744101 -26.951880004969695 -25.40578197970344 -26.37086625423006 -25.956464202705067 -24.185177519249553 -24.774593624317003 -23.635893905053656 -26.115953766579185
25.07014028056112 -26.516989902103614 -25.7425719046093 -26.09082890414765 -26.222377910558894 -25.265996112271765 -25.46713742208773 -26.558151160316623 -28.027230408694663 -29.185983092634057 -28.878581204451663 -29.270383629348252 -26.30870555796153 -26.563723792420205 -26.060452593908014 -26.225943551351715 -27.71567085213561 -26.31201523920655 -26.567813810546053 -25.76089523758931 -26.09278877285906 -26.970903793817804 -25.421099437893684 -26.387940238336558 -25.972596583740444 -24.199502938600098 -24.78930230310869 -23.649951942046986 -26.132675390774196
25.130260521042082 -26.5343376651297 -25.7582794979829 -26.107149530789062 -26.239128963553036 -25.281118185894673 -25.48248365640866 -26.57596823007869 -28.046424468330233 -29.209248742807027 -28.900876160424822 -29.29514184990847 -26.325474585135133 -26.581521221345795 -26.075998586244708 -26.24213197209108 -27.734584188007407 -26.32876612235458 -26.585300993444818 -25.77661816409975 -26.10910596381384 -26.989872818651328 -25.436393012088843 -26.40497624446816 -25.988698631331157 -24.213812070177415 -24.803991807839907 -23.66399566576582 -26.149362337519673
25.190380761523045 -26.551645421239858 -25.773960426319178 -26.12343857167577 -26.255845268215072 -25.296218192547588 -25.497806075403062 -26.593741286276035 -28.065562739253576 -29.23242328182026 -28.923090235562512 -29.319796703345208 -26.34220832380881 -26.599274831153203 -26.091519198897803 -26.258289901990246 -27.753444134669085 -26.34548188954138 -26.602746999491522 -25.79231430323219 -26.125391586680244 -27.008787944053037 -25.451663188828686 -26.42197492802282 -26.004770908964154 -24.228105311336062 -24.81866256936101 -23.678025450981433 -26.16601521672159
25.250501002004007 -26.56891170475106 -25.789613348818268 -26.139694638320314 -26.272525394394073 -25.31129483883655 -25.513103367307277 -26.611468831386002 -28.08464362823125 -29.255504824098256 -28.945221568846797 -29.344346167870746 -26.358905352788213 -26.61698312492906 -26.107013103809564 -26.274415962040926 -27.772249118790768 -26.362161120304762 -26.620150353049326 -25.8079823129847 -26.141644253497596 -27.027647593702113 -25.466908660495964 -26.438934843597615 -26.02081204366959 -24.242381438578967 -24.833313330706677 -23.692040098338754 -26.182632598994218
25.31062124248497 -26.58614011459356 -25.805241314458236 -26.155920984303 -26.289172731578088 -25.32635098007022 -25.528378461366543 -26.629154625372504 -28.10367136551621 -29.278498981342768 -28.96727539985653 -29.368796333942825 -26.375569077360776 -26.634649855213052 -26.122483296183667 -26.290513360938103 -27.79100327512297 -26.378807213233962 -26.637514700419533 -25.823625247444113 -26.157867216945085 -27.046455922201602 -25.482132338806895 -26.455859482322666 -26.036825214671566 -24.25664304216617 -24.847946805432137 -23.70604211281227 -26.199217848435463
25.37074148296593 -26.603329068736983 -25.82084288342715 -26.17211611565656 -26.30578573995985 -25.341385229976634 -25.543629950596234 -26.646797049288732 -28.122644221770425 -29.301403689719038 -28.989249701006052 -29.393144987651855 -26.392197966053523 -26.652273403911448 -26.137928350654082 -26.30658061561909 -27.809704897192297 -26.395418637807065 -26.654838448128686 -25.839241665434667 -26.174058983607562 -27.065211219457588 -25.497332821479972 -26.472747285869183 -26.05280894588388 -24.270888814124994 -24.86256164818835 -23.720030213274207 -26.21576942685026
