web/models/mosfit_kne/mosfit_kn_1.0000/mosfit_kn_0.006452_0.3747_1.0000.dat
# %ECSV 1.0
# ---
# datatype:
# - {name: time, datatype: float64}
# - {name: PS1_g, datatype: float64}
# - {name: PS1_i, datatype: float64}
# - {name: PS1_r, datatype: float64}
# - {name: PS1_w, datatype: float64}
# - {name: PS1_y, datatype: float64}
# - {name: PS1_z, datatype: float64}
# - {name: swift_uvot_B, datatype: float64}
# - {name: swift_uvot_U, datatype: float64}
# - {name: swift_uvot_uvm2, datatype: float64}
# - {name: swift_uvot_uvw1, datatype: float64}
# - {name: swift_uvot_uvw2, datatype: float64}
# - {name: swift_uvot_V, datatype: float64}
# - {name: johnson_B, datatype: float64}
# - {name: johnson_I, datatype: float64}
# - {name: johnson_R, datatype: float64}
# - {name: johnson_U, datatype: float64}
# - {name: johnson_V, datatype: float64}
# - {name: sdss_g, datatype: float64}
# - {name: sdss_i, datatype: float64}
# - {name: sdss_r, datatype: float64}
# - {name: sdss_u, datatype: float64}
# - {name: sdss_z, datatype: float64}
# - {name: ATLAS_c, datatype: float64}
# - {name: ATLAS_o, datatype: float64}
# - {name: ukirt_H, datatype: float64}
# - {name: ukirt_J, datatype: float64}
# - {name: ukirt_K, datatype: float64}
# - {name: Clear, datatype: float64}
# meta: !!omap
# - comment: [kappa = 1.0, type = rprocess, mass = 0.006451950121499907, velocity = 0.3746666666666667, theta_obs = 0.0, tfloor = 1000.0]
# schema: astropy-2.0
time PS1_g PS1_i PS1_r PS1_w PS1_y PS1_z swift_uvot_B swift_uvot_U swift_uvot_uvm2 swift_uvot_uvw1 swift_uvot_uvw2 swift_uvot_V johnson_B johnson_I johnson_R johnson_U johnson_V sdss_g sdss_i sdss_r sdss_u sdss_z ATLAS_c ATLAS_o ukirt_H ukirt_J ukirt_K Clear
[from data line 145]
8.77755511022044 9.592339701226766 0.7105108880274891 4.185581666065339 2.2176578545613523 -2.812679160497762 -1.3950031956506415 13.132246277791253 19.791190375686174 33.679785679715344 15.756772907760723 18.269789414240375 7.551856394097569 11.928308960825063 -0.8430024183944616 2.127030348330538 18.760189196434432 6.596834058928816 10.40487980254122 0.7917668401404931 4.414070325561763 20.292295905861 -1.9684308076726253 6.1646582358079804 1.712245711198186 -7.761666538413258 -5.612177242923567 -9.121955218886429 -0.06823618919998609
8.837675350701403 9.61065376421427 0.7288249510149747 4.2038957290528245 2.235971917548838 -2.7943650975102763 -1.3766891326631558 13.150560340778757 19.80950443867367 33.698099742702844 15.775086970748227 18.288103477227878 7.570170457085054 11.946623023812549 -0.8246883554069582 2.145344411318024 18.778503259421917 6.6151481219163015 10.423193865528706 0.8100809031279788 4.432384388549266 20.310609968848496 -1.9501167446851397 6.182972298795466 1.7305597741856893 -7.743352475425772 -5.593863179936081 -9.103641155898943 -0.04992212621250047
8.897795591182364 9.628907425512097 0.7470786123128192 4.222149390350651 2.2542255788466825 -2.7761114362124495 -1.3584354713653113 13.168814002076584 19.827758099971497 33.716353404000664 15.793340632046053 18.306357138525705 7.588424118382881 11.964876685110394 -0.8064346941091314 2.1635980726158683 18.796756920719744 6.633401783214128 10.441447526826533 0.8283345644258056 4.450638049847093 20.328863630146323 -1.931863083387313 6.201225960093311 1.748813435483516 -7.7250988141279455 -5.575609518638254 -9.085387494601116 -0.03166846491467368
8.957915831663327 9.647059649433292 0.7652308362339966 4.240301614271846 2.27237780276786 -2.7579592122912544 -1.340283247444134 13.186966225997761 19.84591032389268 33.734505627921855 15.81149285596723 18.324509362446882 7.606576342304076 11.983028909031571 -0.788282470187954 2.1817502965370457 18.81490914464094 6.651554007135323 10.459599750747728 0.8464867883470006 4.4687902737682705 20.347015854067507 -1.9137108594661179 6.219378184014488 1.7669656594047112 -7.70694659020675 -5.557457294717059 -9.067235270679921 -0.01351624099347859
9.018036072144287 9.665148520771503 0.7833197075722254 4.258390485610057 2.290466674106071 -2.7398703409530434 -1.3221943761059052 13.20505509733599 19.863999195230903 33.75259449926008 15.82958172730546 18.34259823378511 7.624665213642287 12.0011177803698 -0.7701935988497253 2.1998391678752567 18.83299801597915 6.669642878473534 10.477688622085939 0.8645756596852117 4.486879145106499 20.36510472540573 -1.8956219881279068 6.237467055352699 1.7850545307429222 -7.688857718868539 -5.539368423378848 -9.04914639934171 0.004572630344732431
9.07815631262525 9.683168960292736 0.8013401470934589 4.276410925131291 2.3084871136273044 -2.72184990143181 -1.3041739365846716 13.223075536857223 19.882019634752133 33.77061493878131 15.847602166826693 18.360618673306345 7.642685653163521 12.019138219891015 -0.7521731593284917 2.2178596073964902 18.851018455500384 6.687663317994768 10.495709061607172 0.8825960992064452 4.504899584627733 20.38312516492696 -1.8776015486066733 6.2554874948739325 1.8030749702641558 -7.670837279347306 -5.5213479838576145 -9.031125959820477 0.022593069865965987
9.138276553106213 9.701121009638829 0.8192921964395516 4.2943629744774015 2.326439162973415 -2.7038978520856993 -1.2862218872385789 13.241027586203316 19.899971684098237 33.78856698812741 15.865554216172786 18.378570722652437 7.660637702509631 12.037090269237126 -0.734221109982399 2.2358116567426007 18.868970504846494 6.7056153673408785 10.513661110953283 0.900548148552538 4.522851633973826 20.401077214273062 -1.8596494992605628 6.273439544220043 1.8210270196102485 -7.652885230001195 -5.503395934511504 -9.013173910474366 0.040545119212076486
9.198396793587174 9.719005888615957 0.8371770754166619 4.312247853454512 2.344324041950525 -2.686012973108589 -1.2683370082614687 13.258912465180444 19.917856563075347 33.80645186710453 15.883439095149914 18.396455601629565 7.6785225814867415 12.054975148214236 -0.716336231005271 2.253696535719711 18.886855383823605 6.723500246317989 10.531545989930393 0.9184330275296659 4.540736512950954 20.418962093250173 -1.8417646202834526 6.291324423197153 1.8389118985873765 -7.635000351024085 -5.485511055534394 -8.995289031497256 0.058429998189186705
9.258517034068136 9.73682504285021 0.8549962296509328 4.330067007688765 2.3621431961847783 -2.668193818874336 -1.2505178540271977 13.276731619414697 19.935675717309607 33.82427102133878 15.901258249384167 18.41427475586382 7.696341735720995 12.072794302448507 -0.6985170767710178 2.271515689953982 18.904674538057858 6.741319400552242 10.549365144164646 0.9362521817639191 4.558555667185207 20.436781247484433 -1.8239454660491994 6.309143577431406 1.8567310528216296 -7.617181196789832 -5.467691901300141 -8.977469877263003 0.07624915242343988
9.318637274549097 9.75457998550672 0.8727511723074421 4.347821950345274 2.3798981388412876 -2.6504388762178266 -1.2327629113706884 13.294486562071206 19.953430659966116 33.84202596399529 15.919013192040676 18.432029698520328 7.714096678377504 12.090549245104999 -0.6807621341145085 2.2892706326104735 18.922429480714367 6.759074343208751 10.567120086821156 0.9540071244204285 4.576310609841716 20.454536190140942 -1.80619052339269 6.326898520087916 1.874485995478139 -7.599426254133323 -5.449936958643631 -8.959714934606493 0.09400409507994922
9.37875751503006 9.77227217838827 0.8904433651889931 4.365514143226843 2.3975903317228564 -2.632746683336258 -1.2150707184891374 13.312178754952757 19.971122852847678 33.85971815687685 15.936705384922227 18.44972189140188 7.731788871259073 12.108241437986567 -0.6630699412329575 2.3069628254920422 18.940121673595936 6.77676653609032 10.584812279702724 0.9716993173019794 4.594002802723267 20.472228383022504 -1.788498330511139 6.3445907129694845 1.89217818835969 -7.581734061251754 -5.4322447657620625 -8.942022741724942 0.11169628796151798
9.438877755511022 9.789903006284906 0.9080741930856284 4.3831449711234605 2.4152211596194917 -2.6151158554396403 -1.197439890592502 13.329809582849393 19.988753680744303 33.877348984773484 15.954336212818863 18.467352719298514 7.74941969915569 12.125872265883203 -0.6454391133363222 2.3245936533886775 18.957752501492553 6.7943973639869375 10.60244310759936 0.9893301451986147 4.611633630619902 20.48985921091913 -1.7708675026145038 6.36222154086612 1.9098090162563253 -7.564103233355136 -5.414613937865445 -8.924391913828307 0.1293271158581355
9.498997995991983 9.807473849032533 0.9256450358332557 4.400715813871088 2.432792002367119 -2.597545012692013 -1.1798690478448748 13.34738042559702 20.006324523491934 33.8949198275211 15.97190705556649 18.48492356204614 7.766990541903318 12.14344310863083 -0.6278682705886949 2.342164496136305 18.97532334424018 6.811968206734565 10.620013950346987 1.006900987946242 4.62920447336753 20.50743005366676 -1.7532966598668764 6.379792383613747 1.9273798590039526 -7.546532390607509 -5.397043095117818 -8.90682107108068 0.14689795860576282
9.559118236472946 9.824986028110327 0.9431572149110501 4.418227992948882 2.4503041814448956 -2.5800328336142186 -1.1623568687670982 13.364892604674814 20.023836702569724 33.9124320065989 15.989419234644284 18.50243574112393 7.784502720981112 12.160955287708607 -0.6103560915109005 2.3596766752140814 18.992835523317975 6.829480385812359 10.637526129424764 1.0244131670240364 4.646716652445324 20.52494223274455 -1.735784480789082 6.397304562691524 1.944892038081747 -7.529020211529715 -5.379530916040023 -8.889308892002886 0.16441013768355717
9.619238476953907 9.842440799379037 0.9606119861797602 4.435682764217592 2.4677589527136234 -2.5625780623455086 -1.1449020974983704 13.382347375943525 20.041291473838434 33.929886777867615 16.006874005912994 18.519890512392646 7.801957492249822 12.178410058977335 -0.5929013202421904 2.3771314464828093 19.010290294586685 6.846935157081087 10.654980900693491 1.0418679382927465 4.664171423714034 20.54239700401326 -1.718329709520372 6.4147593339602516 1.962346809350457 -7.511565440260987 -5.362076144771313 -8.871854120734175 0.18186490895226726
9.67935871743487 9.859839388643561 0.9780105754442836 4.453081353482116 2.485157541978147 -2.545179473080985 -1.127503508233847 13.399745965208048 20.058690063102958 33.94728536713213 16.024272595177518 18.53728910165717 7.8193560815143455 12.195808648241858 -0.575502730977667 2.3945300357473327 19.02768888385121 6.864333746345593 10.672379489958015 1.05926652755727 4.681570012978558 20.559795593277784 -1.7009311202558486 6.432157923224775 1.9797453986149804 -7.494166850996481 -5.34467755550679 -8.854455531469652 0.19926349821679068
9.739478957915832 9.877182985198782 0.9953541719995052 4.470424950037337 2.5025011385333684 -2.5278358765257636 -1.1101599116786254 13.41708956176327 20.07603365965818 33.96462896368735 16.04161619173274 18.55463269821239 7.836699678069567 12.21315224479708 -0.5581591344224455 2.4118736323025542 19.04503248040643 6.881677342900814 10.689723086513236 1.0766101241124915 4.698913609533779 20.577139189833005 -1.683587523700627 6.4495015197799965 1.997088995170202 -7.47682325444126 -5.327333958951568 -8.83711193491443 0.21660709477201223
9.799599198396793 9.894472725163617 1.0126439119643393 4.487714690002171 2.5197908784982026 -2.5105461365609294 -1.0928701717137912 13.434379301728104 20.093323399623017 33.9819187036522 16.058905931697574 18.571922438177225 7.853989418034401 12.230441984761914 -0.5408693944576113 2.4291633722673884 19.062322220371264 6.898967082865666 10.70701282647807 1.0938998640773256 4.716203349498613 20.594428929797843 -1.6662977837357928 6.466791259744831 2.014378735135036 -7.459533514476408 -5.310044218986734 -8.819822194949596 0.23389683473684642
9.859719438877756 9.91170968856741 1.029880875368132 4.504951653405982 2.5370278419019954 -2.493309173157119 -1.0756332083099984 13.451616265131896 20.110560363026817 33.99915566705599 16.076142895101366 18.589159401581025 7.871226381438212 12.247678948165706 -0.5236324310538185 2.446400335671181 19.079559183775075 6.916204046269459 10.724249789881863 1.1111368274811362 4.733440312902406 20.611665893201643 -1.6490608203319823 6.4840282231486235 2.031615698538829 -7.442296551072615 -5.2928072555829235 -8.802585231545786 0.25113379814065695
9.919839679358716 9.928894944502922 1.0470661313036445 4.5221369093414765 2.55421309783749 -2.4761239172216243 -1.058447952374486 13.468801521067409 20.127745618962322 34.016340922991496 16.09332815103688 18.60634465751653 7.888411637373706 12.264864204101219 -0.5064471751183062 2.4635855916066935 19.09674443971057 6.9333893022049535 10.741435045817358 1.1283220834166308 4.750625568837918 20.628851149137148 -1.6318755643964877 6.501213479084118 2.0488009544743413 -7.42511129513712 -5.275621999647429 -8.785399975610291 0.26831905407615153
9.97995991983968 9.946029511976473 1.0642006987771957 4.539271476815028 2.571347665311041 -2.458989349748073 -1.0413133849009348 13.48593608854096 20.14488018643587 34.033475490465044 16.11046271851043 18.62347922499008 7.905546204847258 12.28199877157477 -0.4893126076447549 2.480720159080245 19.11387900718412 6.950523869678505 10.75856961329091 1.145456650890182 4.76776013631147 20.645985716610696 -1.6147409969229365 6.518348046557669 2.0659355219478925 -7.407976727663569 -5.258487432173878 -8.76826540813674 0.2854536215497028
10.040080160320642 9.963114351465983 1.0812855382666875 4.556356316304537 2.5884325048005508 -2.4419045102585635 -1.024228545411443 13.503020928030452 20.161965025925372 34.05056032995456 16.12754755799994 18.64056406447958 7.922631044336767 12.299083611064262 -0.47222776815526313 2.4978049985697366 19.13096384667363 6.967608709168014 10.775654452780419 1.1625414903796916 4.784844975800979 20.663070556100198 -1.597656157433427 6.535432886047179 2.083020361437402 -7.3908918881740595 -5.241402592684368 -8.75118056864723 0.30253846103921234
10.100200400801603 9.980150411598068 1.0983215983987726 4.573392376436622 2.605468564932636 -2.4248684501264783 -1.007192485279358 13.520056988162537 20.179001086057458 34.06759639008664 16.144583618132025 18.657600124611665 7.939667104468852 12.316119671196347 -0.455191708023178 2.5148410587018217 19.147999906805715 6.9846447693000995 10.792690512912504 1.1795775505117767 4.801881035933064 20.680106616232283 -1.5806200973013418 6.552468946179264 2.1000564215694872 -7.373855828041974 -5.224366532552283 -8.734144508515145 0.3195745211712975
10.160320641282565 9.997138600739852 1.115309787540557 4.590380565578407 2.6224567540744204 -2.407880260984694 -0.9902042961375734 13.537045177304321 20.195989275199242 34.08458457922841 16.16157180727379 18.67458831375345 7.956655293610637 12.333107860338131 -0.43820351888139353 2.531829247843606 19.1649880959475 7.001632958441884 10.809678702054288 1.1965657396535612 4.818869225074831 20.697094805374068 -1.5636319081595573 6.5694571353210485 2.1170446107112717 -7.35686763890019 -5.2073783434104985 -8.71715631937336 0.33656271031308194
10.220440881763526 10.01407978386295 1.132250970663673 4.607321748701505 2.6393979371975362 -2.3909390778615958 -0.9732631130144576 13.553986360427437 20.212930458322347 34.10152576235153 16.178512990396907 18.69152949687656 7.973596476733735 12.350049043461247 -0.42126233575827765 2.548770430966722 19.181929279070598 7.018574141565 10.826619885177404 1.2135069227766593 4.835810408197947 20.714035988497173 -1.5466907250364592 6.586398318444164 2.13398579383437 -7.339926455777074 -5.1904371602874 -8.700215136250263 0.35350389343618005
10.280561122244489 10.030974781985762 1.1491459687864847 4.624216746824317 2.65629293532033 -2.374044079738784 -0.9563681148916459 13.570881358550249 20.229825456445163 34.11842076047433 16.19540798851972 18.70842449499936 7.9904914748565465 12.366944041584041 -0.40436733763546595 2.565665429089516 19.19882427719341 7.035469139687794 10.843514883300198 1.230401920899471 4.852705406320759 20.73093098661999 -1.5297957269136475 6.603293316566958 2.1508807919571815 -7.32303145765428 -5.173542162164589 -8.683320138127451 0.37039889155899175
10.34068136272545 10.047824409795716 1.1659955965964386 4.641066374634288 2.673142563130302 -2.3571944519288124 -0.9395184870816919 13.587730986360203 20.246675084255124 34.1352703882843 16.212257616329673 18.725274122809324 8.007341102666519 12.383793669394013 -0.38751770982551204 2.5825150568994877 19.21567390500338 7.052318767497765 10.86036451111017 1.247251548709425 4.869555034130713 20.74778061442995 -1.5129460991036936 6.62014294437693 2.1677304197671354 -7.306181829844308 -5.156692534354617 -8.666470510317497 0.38724851936894567
10.400801603206412 10.064629438649817 1.1828006254505397 4.657871403488372 2.689947591984403 -2.340389423074729 -0.9227134582275909 13.604536015214304 20.263480113109217 34.1520754171384 16.229062645183774 18.742079151663425 8.024146131520602 12.400598698248114 -0.37071268097141097 2.5993200857535887 19.232478933857465 7.069123796351849 10.877169539964271 1.264056577563526 4.886360062984814 20.764585643284043 -1.4961410702495925 6.636947973231031 2.1845354486212365 -7.289376800990225 -5.139887505500534 -8.649665481463396 0.40405354822304673
10.460921843687375 10.081390595778892 1.1995617825795968 4.674632560617447 2.70670874911346 -2.323628265945654 -0.9059523010985338 13.621297172343361 20.28024127023828 34.168836574267466 16.24582380231285 18.75884030879249 8.040907288649677 12.417359855377171 -0.35395152384235384 2.616081242882646 19.24924009098654 7.085884953480924 10.893930697093328 1.2808177346926009 4.9031212201138885 20.781346800413107 -1.4793799131205176 6.653709130360088 2.2012966057503114 -7.27261564386115 -5.123126348371459 -8.632904324334321 0.4208147053521216
