web/models/mosfit_kne/mosfit_kn_1.0000/mosfit_kn_0.033839_0.2650_1.0000.dat
# %ECSV 1.0
# ---
# datatype:
# - {name: time, datatype: float64}
# - {name: PS1_g, datatype: float64}
# - {name: PS1_i, datatype: float64}
# - {name: PS1_r, datatype: float64}
# - {name: PS1_w, datatype: float64}
# - {name: PS1_y, datatype: float64}
# - {name: PS1_z, datatype: float64}
# - {name: swift_uvot_B, datatype: float64}
# - {name: swift_uvot_U, datatype: float64}
# - {name: swift_uvot_uvm2, datatype: float64}
# - {name: swift_uvot_uvw1, datatype: float64}
# - {name: swift_uvot_uvw2, datatype: float64}
# - {name: swift_uvot_V, datatype: float64}
# - {name: johnson_B, datatype: float64}
# - {name: johnson_I, datatype: float64}
# - {name: johnson_R, datatype: float64}
# - {name: johnson_U, datatype: float64}
# - {name: johnson_V, datatype: float64}
# - {name: sdss_g, datatype: float64}
# - {name: sdss_i, datatype: float64}
# - {name: sdss_r, datatype: float64}
# - {name: sdss_u, datatype: float64}
# - {name: sdss_z, datatype: float64}
# - {name: ATLAS_c, datatype: float64}
# - {name: ATLAS_o, datatype: float64}
# - {name: ukirt_H, datatype: float64}
# - {name: ukirt_J, datatype: float64}
# - {name: ukirt_K, datatype: float64}
# - {name: Clear, datatype: float64}
# meta: !!omap
# - comment: [kappa = 1.0, type = rprocess, mass = 0.03383890769761434, velocity = 0.265, theta_obs = 0.0, tfloor = 1000.0]
# schema: astropy-2.0
time PS1_g PS1_i PS1_r PS1_w PS1_y PS1_z swift_uvot_B swift_uvot_U swift_uvot_uvm2 swift_uvot_uvw1 swift_uvot_uvw2 swift_uvot_V johnson_B johnson_I johnson_R johnson_U johnson_V sdss_g sdss_i sdss_r sdss_u sdss_z ATLAS_c ATLAS_o ukirt_H ukirt_J ukirt_K Clear
[from data line 57]
3.4869739478957915 -9.724310389419788 -12.993553985551927 -11.76360224998751 -11.959478266211736 -14.080715366938978 -13.672765824436688 -8.404300630332202 -6.557466789282067 0.29463599546012365 -4.90214130901153 -2.9743989158237336 -10.683824586764327 -8.612980844635757 -13.764165137514077 -12.379446939927991 -6.8261385505486345 -10.847067528689943 -9.418664434201904 -12.97002790074373 -11.729158403759943 -5.852705310109627 -13.798729701867511 -10.74577965791276 -12.430221942446718 -15.186790533932367 -14.787193254457021 -15.301610159377928 -12.516322568815568
3.5470941883767533 -9.508838650861762 -12.862039668059744 -11.598189625488278 -11.813196605123188 -13.984875006462119 -13.562606440770857 -8.157301804954955 -6.241743988940254 0.7477060702530887 -4.634942328091292 -2.711579652201855 -10.487580571125747 -8.3744956582396 -13.643377096755877 -12.228427727596351 -6.520914398511046 -10.657217611641608 -9.195624355770935 -12.8375737053363 -11.561933417006038 -5.540936789876003 -13.693386689335476 -10.561629857913566 -12.28679272418713 -15.144180683992158 -14.72026477970809 -15.275651158593034 -12.39118737791907
3.6072144288577155 -9.289042214508285 -12.72730911260405 -11.429105307373728 -11.66392720757397 -13.886354902693459 -13.44953591735294 -7.905456928002482 -5.920160407105541 1.2074009658244096 -4.3649931383289164 -2.4457596601294216 -10.287112030074727 -8.13148954937731 -13.519555717087865 -12.074146189202015 -6.209957311015561 -10.463380635984938 -8.96815246754528 -12.701890475799953 -11.390969363823675 -5.223277650145217 -13.585250633504202 -10.373812423342805 -12.14020058663884 -15.099838020828052 -14.65116490834294 -15.248287889399526 -12.263551267623924
3.6673346693386772 -9.065038615807257 -12.589444511317307 -11.256446980118735 -11.511760916892388 -13.785221484476704 -13.333626514077341 -7.6488959654403486 -5.592869654874768 1.6734522725337238 -4.0923683426771795 -2.1769615121031936 -10.082525704525917 -7.884097875688244 -13.392779569849822 -11.91670388613127 -5.893418638577501 -10.265667888445654 -8.736369523147491 -12.56306093597102 -11.21636330257406 -4.899879936716065 -13.474393991716855 -10.182435157530456 -11.99053982477567 -15.05380784186261 -14.579948861263874 -15.219560121407605 -12.133499503437708
3.727454909819639 -8.836950156022425 -12.448531332078474 -11.080316268418375 -11.356790977625959 -13.681543633306692 -13.214953295631755 -7.3877545840297385 -5.260032491165703 2.1455825271304514 -3.817145190341264 -1.905215180920695 -9.873933185591952 -7.632461197118786 -13.26313022894028 -11.756205810978877 -5.571456867989674 -10.064195264835634 -8.500401216940379 -12.42117111251753 -11.038216358958532 -4.570903106745536 -13.360891889953308 -9.987609331932124 -11.837907735383713 -15.006136245024809 -14.50667347579344 -15.189507778992828 -12.001118962900321
3.787575150300601 -8.604823703566993 -12.304604637737278 -10.900754334998535 -11.199055280814036 -13.57535036293898 -13.09354722967555 -7.122083851646269 -4.921704686278439 2.6236596253653994 -3.539311163299654 -1.6304662490903463 -9.661376590102446 -7.3766379239220505 -13.130642031871897 -11.592700801521573 -5.244128782623509 -9.859011157357711 -8.260295585353994 -12.276256356765458 -10.856568697444668 -4.236403030356719 -13.244776813006656 -9.789379706954406 -11.68234743354681 -14.956844963164123 -14.43136419346805 -15.158151179759896 -11.866447339394384
3.847695390781563 -8.36882175368288 -12.157776975485444 -10.717895284787371 -11.038674333051048 -13.466731714155973 -12.969506958880093 -6.852065277058133 -4.578104072757068 3.107329621364891 -3.2589895828048117 -1.3527988306942293 -9.445005550383023 -7.1168123578526234 -12.995421791195191 -11.426323502816153 -4.911648624118563 -9.650268208295392 -8.016219778467715 -12.128429941480814 -10.671554406785955 -3.8965962652105546 -13.12614660517836 -9.587891411470899 -11.523984134143817 -14.905991615890791 -14.354093891227853 -15.125538483960577 -11.729594673326602
3.9078156312625247 -8.129123077175997 -12.00817202648091 -10.531886476725205 -10.875779296454997 -13.355786462509247 -12.842940861592815 -6.577899018853507 -4.229471731107335 3.596209706904003 -2.9763218336300308 -1.0723191945047215 -9.224985371098715 -6.853186272318744 -12.85758667242429 -11.257220359615793 -4.574253382452113 -9.438133998022307 -7.768357730204265 -11.977816340121734 -10.483321090929731 -3.551722755930058 -13.005108434268973 -9.383302998682996 -11.362954158123895 -14.853638456300487 -14.274942009814334 -15.091721028545065 -11.590679777197117
3.967935871743487 -7.885784892129397 -11.855832151913663 -10.342777725738088 -10.710413095683151 -13.242549175263765 -12.713886217220072 -6.299648634023597 -3.8758791910954393 4.090151496514875 -2.6913096421701606 -0.7889986292582516 -9.001369032481811 -6.585829054914484 -12.71717768835763 -11.085447420296141 -4.232015640812616 -9.222667084008867 -7.516768214215936 -11.824458264440985 -10.29191793142088 -3.2018548776429334 -12.881700766265194 -9.175666439849088 -11.19930681812324 -14.799809086608843 -14.193937697740376 -15.056719439805198 -11.449743530103564
4.028056112224449 -7.639017353624116 -11.700902458710924 -10.150741896820996 -10.542727775184861 -13.127135473227032 -12.582470152129321 -6.01755017109297 -3.517612312079965 4.58871718788522 -2.404132867399191 -0.5029889010134379 -8.77435196393255 -6.314976129441025 -12.574331940619238 -10.911173863218277 -3.885216159826659 -9.00406379086842 -7.261667526958444 -11.668501741751918 -10.097518529479803 -2.847277546911009 -12.756048742124975 -8.96516633719818 -11.033199876615125 -14.744574890001193 -14.11117314656982 -15.020591444842156 -11.306922120585874
4.0881763527054105 -7.38897116720775 -11.543488420032428 -9.955904228254973 -10.3728318336346 -13.009629701878005 -12.448785169992185 -5.731772986649935 -3.1548742570698707 5.09158611968594 -2.114904127218988 -0.2143783701077271 -8.544074947943969 -6.040797922153093 -12.4291493838851 -10.734524408913277 -3.5340555639213744 -8.782467209776888 -7.00321075625256 -11.510052950821912 -9.900248505674494 -2.4881941015047992 -12.628243995237547 -8.751934836724882 -10.86474826499698 -14.687988258499566 -14.026715976633051 -14.98337951048178 -11.162313012879608
4.148296593186372 -7.135795495432156 -11.38369467878249 -9.758388844684056 -10.200831967101962 -12.890115558623787 -12.312923080597322 -5.442484924913603 -2.787866453941188 5.598444339193926 -1.823736388429697 0.0767411775142759 -8.310677819698633 -5.763462820964488 -12.281729140928192 -10.555622257914738 -3.178732901408161 -8.558019233525316 -6.7415514158022205 -11.349217238531892 -9.700232479136641 -2.124806433749491 -12.498377413296193 -8.536102158646166 -10.694065337926286 -14.630100870946446 -13.940633156961367 -14.945125222042977 -11.016011646806998
4.208416833667335 -6.879747492389878 -11.221698738751336 -9.55840691437821 -10.026911312733926 -12.768734311652246 -12.17503950861806 -5.149975739065634 -2.4169419312374707 6.108778798195542 -1.530866496203131 0.37015089437397863 -8.074401475159807 -5.483255849600152 -12.132238422630188 -10.374669925718464 -2.819594466032307 -8.330959002622398 -6.476954236282033 -11.186173209367265 -9.497683211441146 -1.7574669474584148 -12.366601304917051 -8.31789171382244 -10.521340614796717 -14.570998187010849 -13.853036347965302 -14.905896205277019 -10.868179718873616
4.268537074148297 -6.620929316606237 -11.057574125117373 -9.35604500252154 -9.851141576983338 -12.645545154209863 -12.035199145247208 -4.8543607255848995 -2.042237203839239 6.622374304414113 -1.2363578688245087 0.665802533475063 -7.83534304895013 -5.200293423098831 -11.980747123259594 -10.191754858824062 -2.456776446683435 -8.101386403787616 -6.209524347053286 -11.020994924143785 -9.292687632389747 -1.386313731467883 -12.232980206621082 -8.097391705200021 -10.346652997374779 -14.510716789219094 -13.763973163341523 -14.865721642986694 -10.718881118565076
4.328657314629258 -6.359586631469885 -10.891491139166902 -9.151505293745519 -9.673696299947458 -12.520683770669496 -11.893551454720708 -4.555917079909629 -1.6640901140968898 7.1387510230502444 -0.940437465660366 0.9634811142189972 -7.593733828348371 -4.914846934543412 -11.82741558590551 -10.007069886564405 -2.090610497417924 -7.869530408464979 -5.9395146579296565 -10.853853742922919 -9.085449724340151 -1.0116846399997215 -12.097660245027395 -7.87481437672902 -10.170182708097215 -14.449338296640127 -13.673550656734646 -14.824665568145841 -10.568268117526962
4.38877755511022 -6.095918038702539 -10.72358868458096 -8.944952207245915 -9.49471478669171 -12.394261114911362 -11.750218505432652 -4.254869127662665 -1.2827730701844862 7.6575242997632005 -0.6432805256901903 1.263020552660731 -7.349761803337398 -4.62713609418142 -11.672374720089735 -9.82077238997108 -1.7213647667866394 -7.635577683321803 -5.667129618678395 -10.684889454472195 -8.876135440547639 -0.6338528895948947 -11.960761003328972 -7.650330559687717 -9.992075970443945 -14.386929472839698 -13.581856513025235 -14.782780163307441 -10.416462589854731
4.448897795591182 -5.830143036614395 -10.554019989292538 -8.736567086974905 -9.31435064309893 -12.266399536781005 -11.605335000191719 -3.9514648929094696 -0.8985881879170063 8.17827717822 -0.3450868347899134 1.56422721979007 -7.10363495738503 -4.33740252137531 -11.515768760200029 -9.633034405048033 -1.3493362227403094 -7.399733634640737 -5.392595195909262 -10.514256244128415 -8.664928011118604 -0.2531213353938 -11.822414086367417 -7.424128685627984 -9.81249322711827 -14.323563631161347 -13.488987181444896 -14.740122470176045 -10.263598349775744
4.509018036072144 -5.562453297180738 -10.382919749081978 -8.526508932781116 -9.132737178126202 -12.13720681626798 -11.459019500721883 -3.645921147954861 -0.5117990310459495 8.70065153087047 -0.046026387260357904 1.8669348009883504 -6.855535771522939 -4.045857020984517 -11.357724545985814 -9.44400671337058 -0.974784371077828 -7.162178570246486 -5.116108702329019 -10.342089660246003 -8.451988210280739 0.13024524426247908 -11.682735411612963 -7.196372619522702 -9.631574627146353 -14.259305333681505 -13.395027688800168 -14.69674251971968 -10.109791086331601
4.569138276553106 -5.293078322802973 -10.210448385082529 -8.314967281755052 -8.950034108121958 -12.0068111571371 -11.311413204311709 -3.338497416701883 -0.12272259031453436 9.224225939695621 0.25368801006859387 2.170931053026536 -6.6056824926538065 -3.7527505276898094 -11.198392897053122 -9.25386709470785 -0.5980205047140362 -6.9231266483604665 -4.837906398457896 -10.168551106883488 -8.237507865290983 0.5159289635856368 -11.541862521994144 -6.967258549137831 -9.44948651468037 -14.194231070568131 -13.300078859971014 -14.652699423913996 -9.955178953012105
4.629258517034068 -5.022271679592141 -10.03678279204049 -8.102151119513756 -8.766417721356827 -11.875353893469764 -11.162671860686117 -3.029480446213305 0.26828997527259113 9.748542109522017 0.5538167338680293 2.475973729338904 -6.354316320500851 -3.4583590986014596 -11.03793995412553 -9.06281005657479 -0.21938897600127338 -6.682813429329266 -4.558249312014535 -9.993818539413368 -8.021698652789482 0.9035779372573316 -11.399946770580858 -6.737003034697953 -9.266411624276607 -14.128424956604205 -13.204251638556846 -14.60805803034562 -9.799913950554
4.68937875751503 -4.750191674470852 -9.86203571382525 -7.888192654248751 -8.581996420091649 -11.742925701585367 -11.012895086221128 -2.719049619135393 0.6610206281116151 10.273324899904367 0.8542243040523982 2.781923703395354 -6.101589771747247 -3.162855218297626 -10.876471830548422 -8.870959332435355 0.16089517508885331 -6.441388676166004 -4.277300385111573 -9.818005414043505 -7.804694665540204 1.2929722678727629 -11.257085365464548 -6.505739930417747 -9.082464783937407 -14.061941175340012 -13.107617530281404 -14.562859840435516 -9.644088821237204
4.749498997995992 -4.477086326406123 -9.686380632419382 -7.67329641457879 -8.396941840822993 -11.609665398637343 -10.862235845941868 -2.407485528448766 1.0551251800029429 10.798140392085052 1.154676411175704 3.088539071471953 -5.847739590632107 -2.8665073555396288 -10.71415133535994 -8.678503535186792 0.5424946244283714 -6.199082430446922 -3.9953149158573 -9.641286235465785 -7.586703353421669 1.6837668838254416 -11.113426630676564 -6.273680331433766 -8.897823665881788 -13.99486222005091 -13.010285385157923 -14.517168188217509 -9.48785066121351
4.809619238476953 -4.203174868692354 -9.509971733582674 -7.457643705590531 -8.21140490637541 -11.47569663168321 -10.710830296960623 -2.0950363319417873 1.4502994008888594 11.3226147292117 1.4549703119535633 3.395607515669582 -5.592975932012288 -2.569552096488636 -10.551123170470948 -8.485609197329477 0.9251109930938807 -5.956098538919574 -3.712518552767037 -9.463816098298174 -7.367908793210702 2.0756563392189165 -10.969102540928546 -6.041010158120734 -8.712645034428572 -13.927261597549927 -12.912352199865056 -14.471039339505383 -9.331328196068842
4.869739478957916 -3.928638686933752 -9.332937705644984 -7.241385260613367 -8.025509559742972 -11.341122947161306 -10.558792326078432 -1.7819075041768884 1.84629178230205 11.846449600609322 1.7549442971350442 3.702956388227602 -5.337473768279762 -2.2721845140741377 -10.387508147130184 -8.29241425719043 1.308497235374897 -5.712606520673 -3.4290979684143608 -9.285724455126214 -7.148464217628625 2.4683875209938577 -10.824223504978416 -5.807882440524743 -8.527058439109023 -13.859200961275631 -12.8138993064913 -14.424520316810144 -9.174626481028056
4.929859719438878 -3.6536888221278296 -9.15542736722248 -7.0246956711310204 -7.839400504637606 -11.20606390945472 -10.406253574134503 -1.4683379614109093 2.242808877026885 12.369298130017153 2.0544043557534413 4.010377996800379 -5.081436061224818 -1.974630857126986 -10.22344581833843 -8.099077412458435 1.692365806423577 -5.468802108199903 -3.145270352745939 -9.107160981322995 -6.928547140577592 2.8616657489380337 -10.678916804469996 -5.5744756184346045 -8.341213858471317 -13.790751379534763 -12.715020424951378 -14.377665375148803 -9.017868160664424
4.98997995991984 -3.3785461905732994 -8.977596294511656 -6.80775742707306 -7.653229208441523 -11.07064452271132 -10.253351714798633 -1.1545777437079352 2.6395430335231573 12.890801087034976 2.353146055787026 4.31765188147407 -4.825075242402648 -1.6771272053831014 -10.059081979722901 -7.905763588028461 2.0764155967848974 -5.224889439412121 -2.8612630458011346 -8.92828213042078 -6.708343195604947 3.25518230892321 -10.533315316015859 -5.340976464859928 -8.155267729565416 -13.72198710963202 -12.61581344330457 -14.33053118851223 -8.861181348615599
5.050100200400801 -3.103356924335756 -8.79954944943993 -6.5906925819340145 -7.467094295275327 -10.934949765727886 -10.10018007648629 -0.8407924965151914 3.0362912337279013 13.410739914707253 2.651045696230217 4.624638621603051 -4.568533767318759 -1.3798286029883615 -9.894515087754396 -7.712582318066475 2.460447210372567 -4.981005161619476 -2.577226389773646 -8.74919346832927 -6.487976867404228 3.648732411240676 -10.387509198907097 -5.107507177339272 -7.969323388982836 -13.652958883656614 -12.51634513923898 -14.283156235262505 -8.704648349001847
