web/models/mosfit_kne/mosfit_kn_1.0000/mosfit_kn_0.001230_0.3590_1.0000.dat
# %ECSV 1.0
# ---
# datatype:
# - {name: time, datatype: float64}
# - {name: PS1_g, datatype: float64}
# - {name: PS1_i, datatype: float64}
# - {name: PS1_r, datatype: float64}
# - {name: PS1_w, datatype: float64}
# - {name: PS1_y, datatype: float64}
# - {name: PS1_z, datatype: float64}
# - {name: swift_uvot_B, datatype: float64}
# - {name: swift_uvot_U, datatype: float64}
# - {name: swift_uvot_uvm2, datatype: float64}
# - {name: swift_uvot_uvw1, datatype: float64}
# - {name: swift_uvot_uvw2, datatype: float64}
# - {name: swift_uvot_V, datatype: float64}
# - {name: johnson_B, datatype: float64}
# - {name: johnson_I, datatype: float64}
# - {name: johnson_R, datatype: float64}
# - {name: johnson_U, datatype: float64}
# - {name: johnson_V, datatype: float64}
# - {name: sdss_g, datatype: float64}
# - {name: sdss_i, datatype: float64}
# - {name: sdss_r, datatype: float64}
# - {name: sdss_u, datatype: float64}
# - {name: sdss_z, datatype: float64}
# - {name: ATLAS_c, datatype: float64}
# - {name: ATLAS_o, datatype: float64}
# - {name: ukirt_H, datatype: float64}
# - {name: ukirt_J, datatype: float64}
# - {name: ukirt_K, datatype: float64}
# - {name: Clear, datatype: float64}
# meta: !!omap
# - comment: [kappa = 1.0, type = rprocess, mass = 0.0012301715156502338, velocity = 0.359, theta_obs = 0.0, tfloor = 1000.0]
# schema: astropy-2.0
time PS1_g PS1_i PS1_r PS1_w PS1_y PS1_z swift_uvot_B swift_uvot_U swift_uvot_uvm2 swift_uvot_uvw1 swift_uvot_uvw2 swift_uvot_V johnson_B johnson_I johnson_R johnson_U johnson_V sdss_g sdss_i sdss_r sdss_u sdss_z ATLAS_c ATLAS_o ukirt_H ukirt_J ukirt_K Clear
[from data line 386]
23.266533066132265 17.708714038452058 8.82688522525278 12.301956003290613 10.334032191786626 5.303695176727512 6.72137114157465 21.248620615016534 27.90756471291146 41.796160016940625 23.873147244986004 26.386163751465656 15.668230731322843 20.044683298050337 7.27337191883083 10.243404685555813 26.876563533659706 14.713208396154089 18.521254139766494 8.908141177365767 12.530444662787055 28.408670243086284 6.147943529552649 14.281032573033254 9.828620048423478 0.35470779881201664 2.504197094301707 -1.0055808816611544 8.048138148025288
23.326653306613224 17.721365471503283 8.839536658304006 12.314607436341856 10.346683624837869 5.316346609778737 6.734022574625875 21.26127204806777 27.92021614596269 41.808811449991865 23.88579867803724 26.39881518451689 15.680882164374069 20.05733473110158 7.286023351882055 10.256056118607056 26.889214966710938 14.725859829205332 18.533905572817737 8.920792610416992 12.54309609583828 28.421321676137516 6.160594962603874 14.293684006084497 9.841271481474703 0.36735923186325947 2.5168485273529497 -0.9929294486099294 8.060789581076513
23.386773547094187 17.733986476741848 8.852157663542553 12.327228441580402 10.359304630076416 5.3289676150173015 6.746643579864422 21.273893053306324 27.932837151201237 41.821432455230415 23.898419683275794 26.411436189755445 15.693503169612633 20.069955736340127 7.298644357120602 10.268677123845602 26.901835971949495 14.738480834443878 18.546526578056284 8.933413615655557 12.555717101076844 28.433942681376063 6.173215967842438 14.306305011323044 9.853892486713267 0.3799802371018062 2.5294695325914964 -0.9803084433713649 8.073410586315077
23.44689378757515 17.746577200309996 8.864748387110719 12.339819165148551 10.371895353644582 5.34155833858545 6.759234303432589 21.286483776874483 27.945427874769393 41.834023178798574 23.911010406843953 26.424026913323605 15.706093893180782 20.082546459908293 7.3112350806887685 10.281267847413769 26.914426695517655 14.751071558012045 18.55911730162445 8.946004339223705 12.568307824644993 28.44653340494422 6.185806691410587 14.31889573489121 9.866483210281416 0.392570960669955 2.5420602561596453 -0.9677177198032161 8.086001309883226
23.507014028056112 17.759137776016107 8.87730896281683 12.352379740854662 10.384455929350676 5.354118914291561 6.7717948791386995 21.299044352580587 27.957988450475504 41.84658375450468 23.923570982550064 26.43658748902971 15.718654468886893 20.095107035614404 7.323795656394879 10.293828423119862 26.926987271223755 14.763632133718138 18.571677877330544 8.958564914929816 12.580868400351104 28.45909398065033 6.198367267116698 14.331456310597304 9.879043785987527 0.4051315363760659 2.554620831865756 -0.9551571440971052 8.098561885589337
23.567134268537075 17.771668350350662 8.889839537151367 12.364910315189217 10.39698650368523 5.366649488626116 6.784325453473237 21.311574926915142 27.970519024810052 41.85911432883923 23.936101556884612 26.449118063364264 15.731185043221448 20.10763760994894 7.336326230729434 10.306358997454417 26.93951784555831 14.776162708052693 18.5842084516651 8.971095489264371 12.593398974685659 28.471624554984878 6.210897841451253 14.343986884931859 9.891574360322082 0.41766211071062087 2.567151406200311 -0.9426265697625502 8.111092459923892
23.627254509018034 17.78416905380462 8.902340240605344 12.377411018643176 10.409487207139207 5.3791501920800755 6.796826156927214 21.32407563036911 27.98301972826402 41.87161503229319 23.94860226033858 26.46161876681823 15.743685746675407 20.12013831340292 7.348826934183394 10.318859700908394 26.95201854901227 14.788663411506652 18.596709155119058 8.98359619271833 12.605899678139618 28.484125258438844 6.223398544905212 14.356487588385818 9.904075063776041 0.43016281416458013 2.5796521096542704 -0.930125866308591 8.123593163377851
23.687374749498996 17.796640033691276 8.914811220491998 12.38988199852983 10.421958187025844 5.3916211719667295 6.809297136813868 21.336546610255752 27.995490708150676 41.88408601217984 23.961073240225232 26.474089746704884 15.756156726562061 20.132609293289573 7.361297914070048 10.331330680795048 26.964489528898923 14.801134391393306 18.60918013500571 8.996067172604985 12.618370658026272 28.496596238325502 6.235869524791866 14.368958568272472 9.916546043662695 0.44263379405123415 2.5921230895409244 -0.9176548864219369 8.136064143264505
23.74749498997996 17.80908142148972 8.927252608290441 12.402323386328291 10.434399574824305 5.40406255976519 6.821738524612311 21.348987998054206 28.007932095949126 41.8965273999783 23.973514628023675 26.486531134503327 15.768598114360504 20.145050681088016 7.373739301868491 10.343772068593491 26.976930916697377 14.813575779191767 18.621621522804173 9.008508560403428 12.630812045824715 28.509037626123952 6.248310912590309 14.381399956070933 9.928987431461138 0.455075181849695 2.6045644773393852 -0.9052134986234939 8.148505531062948
23.80761523046092 17.821493352516935 8.939664539317658 12.41473531735549 10.446811505851503 5.416474490792389 6.834150455639527 21.361399929081415 28.020344026976332 41.908939331005506 23.985926559050892 26.498943065530543 15.78101004538772 20.157462612115232 7.386151232895707 10.356183999620708 26.989342847724583 14.825987710218966 18.63403345383137 9.020920491430644 12.643223976851932 28.521449557151158 6.2607228436175255 14.393811887098131 9.941399362488355 0.4674871128768936 2.616976408366584 -0.8928015675962775 8.160917462090165
23.867735470941884 17.833875967196047 8.952047153996752 12.427117932034601 10.459194120530615 5.428857105471501 6.846533070318621 21.373782543760527 28.032726641655437 41.92132194568462 23.998309173729997 26.511325680209648 15.793392660066832 20.169845226794326 7.398533847574819 10.368566614299802 27.001725462403694 14.838370324898078 18.646416068510483 9.033303106109756 12.655606591531043 28.533832171830262 6.273105458296637 14.406194501777243 9.953781977167466 0.4798697275560053 2.6293590230456956 -0.8804189529171658 8.173300076769277
23.927855711422843 17.84622939357094 8.964400580371645 12.439471358409495 10.471547546905509 5.441210531846394 6.858886496693515 21.38613597013542 28.04508006803033 41.93367537205951 24.01066260010489 26.52367910658454 15.805746086441726 20.18219865316922 7.410887273949695 10.380920040674695 27.014078888778588 14.850723751272971 18.658769494885377 9.04565653248465 12.667960017905937 28.546185598205156 6.285458884671531 14.418547928152137 9.96613540354236 0.492223153930899 2.6417124494205892 -0.8680655265422721 8.18565350314417
23.987975951903806 17.858553768176755 8.97672495497746 12.45179573301531 10.483871921511323 5.453534906452209 6.871210871299329 21.39846034474123 28.057404442636145 41.94599974666533 24.0229869747107 26.536003481190352 15.81807046104754 20.194523027775034 7.423211648555527 10.39324441528051 27.026403263384402 14.863048125878786 18.67109386949119 9.057980907090464 12.680284392511751 28.55850997281097 6.297783259277345 14.430872302757951 9.978459778148174 0.5045475285367134 2.6540368240264036 -0.8557411519364577 8.197977877749985
24.04809619238477 17.87084921530914 8.989020402109862 12.464091180147712 10.496167368643725 5.465830353584611 6.883506318431731 21.410755791873626 28.069699889768547 41.95829519379772 24.035282421843103 26.548298928322748 15.830365908179942 20.206818474907436 7.435507095687911 10.405539862412912 27.038698710516798 14.875343573011188 18.683389316623593 9.070276354222848 12.692579839644136 28.570805419943373 6.31007870640973 14.443167749890353 9.990755225280559 0.5168429756691155 2.6663322711588058 -0.8434457048040733 8.210273324882369
24.10821643286573 17.88311588545291 9.001287072253632 12.476357850291482 10.508434038787495 5.478097023728381 6.8957729885755015 21.423022462017396 28.081966559912317 41.97056186394149 24.047549091986866 26.560565598466518 15.842632578323713 20.219085145051206 7.447773765831681 10.417806532556682 27.050965380660564 14.887610243154958 18.695655986767363 9.082543024366618 12.704846509787906 28.583072090087143 6.3223453765535 14.455434420034123 10.003021895424329 0.5291096458128857 2.678598941302576 -0.8311790346603032 8.222539995026139
24.168336673346694 17.895353886866374 9.013525073667097 12.488595851704947 10.52067204020096 5.490335025141846 6.908010989988966 21.43526046343086 28.094204561325782 41.982799865354956 24.05978709340034 26.572803599879993 15.854870579737177 20.23132314646467 7.460011767245146 10.430044533970147 27.06320338207403 14.899848244568423 18.707893988180828 9.094781025780083 12.71708451120137 28.595310091500608 6.334583377966965 14.467672421447588 10.015259896837794 0.5413476472263505 2.690836942716041 -0.8189410332468383 8.234777996439622
24.228456913827653 17.907563365623904 9.025734552424627 12.500805330462459 10.532881518958472 5.502544503899358 6.920220468746496 21.447469942188384 28.1064140400833 41.995009344112475 24.07199657215786 26.585013078637513 15.86708005849469 20.2435326252222 7.472221246002676 10.442254012727677 27.075412860831552 14.912057723325935 18.72010346693834 9.106990504537613 12.7292939899589 28.607519570258127 6.346792856724495 14.4798819002051 10.027469375595324 0.5535571259838628 2.703046421473553 -0.8067315544893083 8.246987475197134
24.288577154308616 17.919744448305615 9.037915635106337 12.512986413144187 10.5450626016402 5.5147255865810685 6.932401551428207 21.4596510248701 28.118595122765022 42.007190426794196 24.08417765483957 26.597194161319223 15.8792611411764 20.25571370790391 7.484402328684387 10.454435095409387 27.08759394351327 14.924238806007663 18.73228454962007 9.119171587219324 12.741475072640611 28.619700652939848 6.358973939406205 14.492062982886829 10.039650458277034 0.5657382086655909 2.715227504155281 -0.794550471807598 8.259168557878844
24.34869739478958 17.931897251769424 9.050068438570147 12.525139216607979 10.557215405103992 5.526878390044878 6.944554354892016 21.471803828333904 28.13074792622882 42.019343230257995 24.09633045830338 26.609346964783025 15.89141394464021 20.26786651136772 7.496555132148196 10.466587898873179 27.099746746977072 14.936391609471455 18.74443735308386 9.131324390683133 12.75362787610442 28.631853456403647 6.371126742870015 14.50421578635062 10.051803261740844 0.5778910121293828 2.727380307619073 -0.7823976683437883 8.271321361342654
24.40881763527054 17.944021915114785 9.062193101915508 12.53726387995334 10.569340068449353 5.539003053390239 6.956679018237377 21.483928491679265 28.142872589574182 42.031467893603356 24.108455121648742 26.621471628128393 15.90353860798557 20.279991174713082 7.508679795493557 10.478712562218558 27.111871410322433 14.948516272816816 18.75656201642922 9.143449054028494 12.765752539449782 28.643978119749008 6.383251406215376 14.516340449695981 10.063927925086205 0.5900156754747437 2.739504970964434 -0.7702730049984274 8.283446024688015
24.468937875751504 17.95611856123303 9.074289748033753 12.549360526071585 10.581436714567616 5.551099699508484 6.968775664355622 21.496025137797517 28.154969235692427 42.0435645397216 24.120551767766987 26.633568274246638 15.915635254103815 20.292087820831327 7.520776441611802 10.490809208336803 27.123968056440678 14.96061291893506 18.768658662547466 9.155545700146739 12.777849185568027 28.656074765867253 6.39534805233362 14.528437095814226 10.07602457120445 0.6021123215929884 2.7516016170826787 -0.7581763588801826 8.29554267080626
24.529058116232463 17.96818731694705 9.086358503747771 12.561429281785621 10.593505470281634 5.5631684552225025 6.980844420069641 21.508093893511536 28.167037991406445 42.05563329543563 24.132620523481005 26.645637029960657 15.927704009817834 20.304156576545346 7.532845197325821 10.502877964050821 27.136036812154707 14.972681674649097 18.780727418261502 9.167614455860758 12.789917941282045 28.66814352158127 6.407416808047639 14.540505851528263 10.088093326918468 0.6141810773070249 2.763670372796715 -0.746107603166164 8.307611426520278
24.589178356713425 17.98022830523987 9.098399492040592 12.573470270078424 10.605546458574437 5.575209443515323 6.992885408362461 21.520134881804346 28.17907897969927 42.067674283728444 24.144661511773815 26.657678018253467 15.939744998110655 20.31619756483816 7.544886185618641 10.514918952343624 27.148077800447517 14.9847226629419 18.792768406554305 9.179655444153578 12.801958929574866 28.680184509874096 6.41945779634046 14.552546839821066 10.100134315211289 0.6262220655998278 2.775711361089518 -0.7340666148733432 8.319652414813099
24.649298597194388 17.992241653776606 9.110412840577329 12.58548361861516 10.617559807111192 5.58722279205206 7.004898756899198 21.532148230341093 28.191092328236003 42.07968763226518 24.156674860310563 26.669691366790214 15.951758346647392 20.328210913374892 7.556899534155378 10.526932300880379 27.160091148984254 14.996736011478637 18.804781755091042 9.191668792690315 12.813972278111603 28.69219785841083 6.431471144877197 14.564560188357802 10.112147663748026 0.6382354141365647 2.787724709626255 -0.7220532663366064 8.331665763349836
24.70941883767535 18.004227477301864 9.122398664102587 12.597469442140419 10.62954563063645 5.599208615577318 7.016884580424456 21.54413405386635 28.20307815176126 42.09167345579044 24.16866068383582 26.681677190315472 15.96374417017265 20.34019673690016 7.568885357680636 10.538918124405637 27.172076972509522 15.008721835003895 18.816767578616318 9.203654616215573 12.82595810163686 28.704183681936087 6.4434569684024545 14.576546011883078 10.124133487273284 0.6502212376618226 2.799710533151513 -0.7100674428113485 8.343651586875094
24.769539078156313 18.016185903804534 9.134357090605256 12.609427868643106 10.64150405713912 5.611167042080005 7.028843006927126 21.55609248036902 28.21503657826394 42.103631882293115 24.18061911033849 26.693635616818142 15.975702596675319 20.35215516340283 7.580843784183306 10.550876550908306 27.18403539901219 15.020680261506582 18.828726005118988 9.215613042718243 12.83791652813953 28.716142108438767 6.455415394905124 14.588504438385748 10.136091913775953 0.6621796641645099 2.8116689596542 -0.6981090163086789 8.355610013377763
24.829659318637272 18.028117053333244 9.146288240133966 12.621359018171816 10.65343520666783 5.623098191608715 7.040774156455836 21.56802362989773 28.22696772779265 42.11556303182182 24.1925502598672 26.705566766346852 15.987633746204029 20.36408631293154 7.592774933712016 10.562807700437016 27.195966548540902 15.032611411035292 18.840657154647698 9.227544192246953 12.84984767766824 28.728073257967477 6.467346544433834 14.600435587914458 10.148023063304663 0.6741108136932199 2.82360010918291 -0.686177866779969 8.367541162906473
24.889779559118235 18.040021054980695 9.1581922417814 12.63326301981925 10.665339208315263 5.635002193256149 7.052678158103269 21.579927631545175 28.238871729440085 42.127467033469266 24.204454261514645 26.717470767994296 15.99953774785148 20.37599031457898 7.604678935359467 10.57471170208445 27.207870550188343 15.044515412682726 18.85256115629513 9.239448193894404 12.861751679315692 28.73997725961491 6.4792505460812855 14.612339589561891 10.159927064952115 0.6860148153406536 2.835504110830344 -0.6742738651325175 8.379445164553925
