web/models/mosfit_kne/mosfit_kn_1.0000/mosfit_kn_0.006452_0.1397_1.0000.dat
# %ECSV 1.0
# ---
# datatype:
# - {name: time, datatype: float64}
# - {name: PS1_g, datatype: float64}
# - {name: PS1_i, datatype: float64}
# - {name: PS1_r, datatype: float64}
# - {name: PS1_w, datatype: float64}
# - {name: PS1_y, datatype: float64}
# - {name: PS1_z, datatype: float64}
# - {name: swift_uvot_B, datatype: float64}
# - {name: swift_uvot_U, datatype: float64}
# - {name: swift_uvot_uvm2, datatype: float64}
# - {name: swift_uvot_uvw1, datatype: float64}
# - {name: swift_uvot_uvw2, datatype: float64}
# - {name: swift_uvot_V, datatype: float64}
# - {name: johnson_B, datatype: float64}
# - {name: johnson_I, datatype: float64}
# - {name: johnson_R, datatype: float64}
# - {name: johnson_U, datatype: float64}
# - {name: johnson_V, datatype: float64}
# - {name: sdss_g, datatype: float64}
# - {name: sdss_i, datatype: float64}
# - {name: sdss_r, datatype: float64}
# - {name: sdss_u, datatype: float64}
# - {name: sdss_z, datatype: float64}
# - {name: ATLAS_c, datatype: float64}
# - {name: ATLAS_o, datatype: float64}
# - {name: ukirt_H, datatype: float64}
# - {name: ukirt_J, datatype: float64}
# - {name: ukirt_K, datatype: float64}
# - {name: Clear, datatype: float64}
# meta: !!omap
# - comment: [kappa = 1.0, type = rprocess, mass = 0.006451950121499907, velocity = 0.13966666666666672, theta_obs = 0.0, tfloor = 1000.0]
# schema: astropy-2.0
time PS1_g PS1_i PS1_r PS1_w PS1_y PS1_z swift_uvot_B swift_uvot_U swift_uvot_uvm2 swift_uvot_uvw1 swift_uvot_uvw2 swift_uvot_V johnson_B johnson_I johnson_R johnson_U johnson_V sdss_g sdss_i sdss_r sdss_u sdss_z ATLAS_c ATLAS_o ukirt_H ukirt_J ukirt_K Clear
[from data line 173]
10.460921843687375 8.609651255061657 -0.2721775581376207 3.2028932199002114 1.2349694083962426 -3.7953676066628894 -2.377691641815751 12.149557831626144 18.808501929521064 32.69709723355024 14.774084461595614 17.287100968075265 6.569167947932441 10.945620514659954 -1.8256908645595713 1.1443419021654286 17.777500750269304 5.614145612763688 9.42219135637611 -0.19092160602463437 3.4313818793966533 19.30960745969589 -2.951119253837753 5.181969789642871 0.7295572650330762 -8.744354984578385 -6.594865689088694 -10.104643665051556 -1.0509246353651136
10.521042084168336 8.621015808038184 -0.2608130051610935 3.2142577728767385 1.2463339613727697 -3.7840030536863623 -2.366327088839224 12.16092238460267 18.81986648249759 32.708461786526755 14.78544901457214 17.298465521051792 6.580532500908968 10.95698506763648 -1.8143263115830441 1.1557064551419558 17.78886530324583 5.625510165740216 9.433555909352638 -0.1795570530481072 3.4427464323731805 19.320972012672417 -2.9397547008612257 5.193334342619398 0.7409218180096033 -8.732990431601857 -6.583501136112167 -10.09327911207503 -1.0395600823885864
10.581162324649299 8.632321725894059 -0.24950708730521853 3.2255636907326313 1.2576398792286447 -3.7726971358304873 -2.355021170983349 12.172228302458546 18.831172400353466 32.71976770438264 14.796754932428016 17.309771438907667 6.591838418764843 10.968290985492356 -1.8030203937271692 1.1670123729978308 17.800171221101724 5.636816083596108 9.444861827208513 -0.16825113519223223 3.4540523502290554 19.332277930528292 -2.9284487830053507 5.204640260475273 0.7522277358654783 -8.721684513745965 -6.572195218256274 -10.081973194219154 -1.0282541645327115
10.64128256513026 8.643560550092246 -0.23826826310703098 3.236802514930819 1.2688787034268323 -3.761458311632282 -2.3437823467851615 12.183467126656733 18.842411224551654 32.73100652858083 14.807993756626203 17.321010263105855 6.603077242963031 10.979529809690543 -1.7917815695289816 1.1782511971960183 17.811410045299912 5.648054907794296 9.4561006514067 -0.15701231099404467 3.465291174427243 19.34351675472648 -2.917209958807163 5.21587908467346 0.7634665600636659 -8.710445689547777 -6.560956394058087 -10.070734370020967 -1.017015340334524
10.701402805611222 8.65473925931159 -0.22708955388768715 3.2479812241501627 1.2800574126461761 -3.750279602412938 -2.3326036375658177 12.194645835876077 18.853589933770998 32.74218523780017 14.819172465845547 17.3321889723252 6.6142559521823925 10.990708518909887 -1.7806028603096378 1.1894299064153622 17.822588754519256 5.65923361701364 9.467279360626044 -0.14583360177470084 3.476469883646587 19.354695463945824 -2.9060312495878193 5.227057793892804 0.7746452692830097 -8.699266980328433 -6.549777684838743 -10.059555660801623 -1.00583663111518
10.761523046092185 8.665858163593327 -0.21597064960594992 3.259100128431882 1.2911763169279133 -3.7391606981312187 -2.3214847332840804 12.205764740157814 18.864708838052735 32.75330414208191 14.830291370127284 17.343307876606936 6.625374856464112 11.001827423191624 -1.7694839560279005 1.2005488106970994 17.833707658800975 5.670352521295359 9.478398264907781 -0.1347146974929636 3.487588787928324 19.36581436822756 -2.894912345306082 5.2381766981745415 0.7857641735647469 -8.688148076046714 -6.538658780557023 -10.048436756519886 -0.9947177268334428
10.821643286573146 8.67691773975773 -0.20491107344154713 3.270159704596285 1.3022358930922984 -3.728101121966816 -2.3104251571196777 12.216824316322217 18.87576841421712 32.7643637182463 14.841350946291687 17.35436745277134 6.636434432628515 11.012886999356027 -1.7584243798634978 1.2116083868615022 17.844767234965378 5.681412097459762 9.489457841072166 -0.12365512132856082 3.498648364092727 19.376873944391946 -2.8838527691416793 5.2492362743389265 0.7968237497291497 -8.677088499882311 -6.5275992043926205 -10.037377180355483 -0.98365815066904
10.881763527054108 8.687918552705067 -0.19391026049421 3.281160517543622 1.3132367060396355 -3.7171003090194787 -2.2994243441723405 12.227825129269554 18.886769227164457 32.77536453119364 14.852351759239024 17.365368265718676 6.647435245575852 11.023887812303347 -1.7474235669161606 1.2226091998088215 17.855768047912715 5.692412910407099 9.500458654019504 -0.1126543083812237 3.509649177040064 19.387874757339283 -2.872851956194342 5.260237087286264 0.8078245626764868 -8.666087686934974 -6.516598391445283 -10.026376367408146 -0.9726573377217029
10.941883767535069 8.698861208631392 -0.1829676045678852 3.292103173469947 1.324179361965978 -3.706157653093154 -2.2884816882460157 12.23876778519588 18.8977118830908 32.78630718711997 14.863294415165349 17.376310921645 6.658377901502177 11.03483046822969 -1.7364809109898358 1.2335518557351641 17.86671070383904 5.703355566333424 9.511401309945828 -0.10171165245489888 3.520591832966389 19.398817413265625 -2.8619093002680174 5.271179743212606 0.8187672186028117 -8.655145031008649 -6.505655735518959 -10.01543371148182 -0.9617146817953781
11.002004008016032 8.709746305717463 -0.17208250748181442 3.3029882705560354 1.3350644590520488 -3.6952725560070654 -2.277596591159945 12.24965288228195 18.90859698017687 32.79719228420604 14.87417951225142 17.38719601873107 6.669262998588265 11.04571556531576 -1.725595813903765 1.244436952821235 17.87759580092513 5.714240663419512 9.522286407031917 -0.09082655536882811 3.5314769300524596 19.409702510351696 -2.8510242031819466 5.282064840298677 0.8296523156888824 -8.64425993392256 -6.49477063843287 -10.00454861439575 -0.9508295847092896
11.062124248496994 8.72057446961028 -0.16125434358901458 3.3138164344488352 1.3458926229448487 -3.6844443921142656 -2.266768427267145 12.26048104617475 18.91942514406967 32.80802044809885 14.885007676144237 17.39802418262389 6.680091162481065 11.05654372920856 -1.7147676500109474 1.2552651167140347 17.888423964817928 5.725068827312312 9.533114570924717 -0.07999839147601051 3.542305093945277 19.420530674244496 -2.840196039289129 5.292893004191477 0.8404804795817 -8.63343177002976 -6.48394247454007 -9.993720450502932 -0.9400014208164897
11.122244488977955 8.73134632486412 -0.15048248833515743 3.3245882897026746 1.3566644781987058 -3.673672536860426 -2.255996572013288 12.271252901428607 18.930196999323528 32.8187923033527 14.895779531398077 17.40879603787773 6.690863017734904 11.067315584462417 -1.703995794757108 1.2660369719678919 17.899195820071768 5.735840682566152 9.543886426178574 -0.06922653622217112 3.5530769491991165 19.431302529498353 -2.8294241840352896 5.303664859445334 0.8512523348355394 -8.622659914775921 -6.473170619286231 -9.982948595249093 -0.9292295655626504
11.182364729458918 8.742062464309939 -0.13976634888935635 3.3353044291484935 1.367380617644507 -3.6629563974146073 -2.245280432567487 12.281969040874408 18.94091313876933 32.829508442798506 14.906495670843896 17.41951217732353 6.701579157180723 11.078031723908218 -1.693279655311307 1.276753111413693 17.909911959517586 5.7465568220119705 9.554602565624375 -0.05851039677635228 3.5637930886449354 19.442018668944154 -2.8187080445894708 5.314380998891135 0.8619684742813583 -8.611943775330102 -6.462454479840412 -9.972232455803274 -0.9185134261168315
11.242484969939879 8.752723489173686 -0.12910532402559127 3.3459654540122408 1.378041642508272 -3.65229537255086 -2.234619407703722 12.292630065738173 18.951574163633094 32.84016946766226 14.917156695707643 17.430173202187294 6.712240182044471 11.088692748771983 -1.682618630447542 1.287414136277458 17.920572984381334 5.757217846875718 9.565263590488122 -0.047849371912604965 3.5744541135086827 19.45267969380792 -2.8080470197257235 5.3250420237549 0.8726294991451056 -8.601282750466355 -6.451793454976665 -9.961571430939527 -0.9078524012530842
11.302605210420841 8.763329991938065 -0.11849882126121258 3.3565719567766372 1.3886481452726507 -3.6416888697864636 -2.224012904939343 12.303236568502552 18.962180666397472 32.850775970426646 14.927763198472022 17.440779704951673 6.722846684808867 11.099299251536362 -1.6720121276831632 1.2980206390418367 17.93117948714573 5.767824349640114 9.575870093252519 -0.037242869148226276 3.5850606162730614 19.463286196572298 -2.7974405169613448 5.335648526519279 0.8832360019094843 -8.590676247701959 -6.441186952212268 -9.950964928175148 -0.8972458984886877
11.362725450901802 8.773882564126332 -0.10794624907294548 3.3671245289648866 1.3992007174609 -3.631136297598214 -2.213460332751076 12.313789140690819 18.97273323858572 32.861328542614906 14.938315770660289 17.45133227713994 6.733399256997116 11.109851823724629 -1.661459555494896 1.3085732112301038 17.94173205933398 5.778376921828364 9.586422665440768 -0.02669029695995917 3.5956131884613285 19.473838768760547 -2.7868879447730777 5.346201098707528 0.8937885740977514 -8.58012367551371 -6.430634380024019 -9.940412355986881 -0.8866933263004384
11.422845691382765 8.784381763148232 -0.09744705005104493 3.377623727986787 1.4096999164828183 -3.6206370985763137 -2.2029611337291755 12.32428833971272 18.98323243760764 32.8718277416368 14.94881496968219 17.46183147616184 6.743898456019017 11.12035102274653 -1.6509603564729955 1.3190724102520044 17.95223125835588 5.788876120850264 9.596921864462669 -0.01619109793805862 3.606112387483229 19.484337967782466 -2.776388745751177 5.3567002977294464 0.9042877731196519 -8.569624476491809 -6.420135181002118 -9.92991315696498 -0.8761941272785378
11.482965931863728 8.794828157975498 -0.08700065522377898 3.388070122814053 1.4201463113100843 -3.6101907037490477 -2.1925147389019095 12.334734734539985 18.993678832434906 32.88227413646407 14.959261364509455 17.472277870989107 6.754344850846283 11.130797417573795 -1.6405139616457296 1.3295188050792703 17.962677653183146 5.79932251567753 9.607368259289935 -0.0057447031107926705 3.616558782310495 19.494784362609714 -2.765942350923911 5.367146692556695 0.9147341679469179 -8.559178081664543 -6.409688786174852 -9.919466762137715 -0.8657477324512719
11.543086172344688 8.80522230106278 -0.07660651213651448 3.3984642659013353 1.4305404543973488 -3.5997965606617655 -2.182120595814645 12.34512887762725 19.00407297552217 32.89266827955135 14.969655507596737 17.48267201407639 6.764738993933565 11.14119156066106 -1.6301198185584473 1.3399129481665348 17.97307179627043 5.809716658764812 9.617762402377217 0.004649439976489589 3.6269529253977772 19.505178505696996 -2.755548207836629 5.377540835643977 0.9251283110342001 -8.54878393857726 -6.39929464308757 -9.909072619050432 -0.8553535893639896
11.603206412825651 8.815564743571489 -0.06626406962780607 3.4088067084100437 1.4408828969060572 -3.589454118153057 -2.1717781533059366 12.355471320135958 19.01441541803088 32.90301072206005 14.979997950105428 17.49301445658508 6.775081436442274 11.151534003169768 -1.6197773760497567 1.3502553906752432 17.983414238779137 5.820059101273521 9.628104844885925 0.014991882485198005 3.637295367906468 19.515520948205705 -2.7452057653279205 5.387883278152685 0.9354707535428908 -8.538441496068552 -6.388952200578862 -9.898730176541724 -0.8450111468552812
11.663326653306612 8.825856010171869 -0.0559728030274087 3.4190979750104233 1.4511741635064546 -3.5791628515526774 -2.1614868867055392 12.365762586736356 19.024706684631276 32.91330198866045 14.990289216705825 17.503305723185477 6.785372703042653 11.161825269770166 -1.6094861094493593 1.3605466572756406 17.993705505379516 5.8303503678739 9.638396111486323 0.025283149085577605 3.6475866345068653 19.525812214806102 -2.734914498727541 5.398174544753083 0.9457620201432881 -8.528150229468173 -6.378660933978482 -9.888438909941344 -0.8347198802549016
11.723446893787575 8.836096634693718 -0.04573217850555977 3.42933859953229 1.4614147880283035 -3.5689222270308107 -2.1512462621836903 12.376003211258205 19.034947309153125 32.9235426131823 15.000529841227674 17.513546347707326 6.79561332756452 11.172065894292015 -1.5992454849275104 1.3707872817974895 18.003946129901383 5.840590992395767 9.648636736008172 0.035523773607426534 3.657827259028714 19.53605283932795 -2.724673874205674 5.408415169274932 0.9560026446651371 -8.517909604946306 -6.368420309456615 -9.878198285419478 -0.8244792557330349
11.783567134268537 8.846287135310664 -0.035541677888613066 3.4395291001492367 1.4716052886452502 -3.558731726413864 -2.1410557615667436 12.386193711875151 19.045137809770072 32.93373311379924 15.010720341844621 17.523736848324273 6.805803828181467 11.182256394908961 -1.5890549843105637 1.3809777824144363 18.01413663051833 5.850781493012714 9.658827236625118 0.04571427422437324 3.668017759645661 19.546243339944898 -2.7144833735887453 5.418605669891878 0.9661931452820838 -8.50771910432936 -6.358229808839669 -9.868007784802549 -0.814288755116106
11.843687374749498 8.856428025768395 -0.025400787430882588 3.4496699906069495 1.481746179102963 -3.5485908359561513 -2.130914871109013 12.396334602332882 19.055278700227785 32.94387400425696 15.020861232302352 17.533877738782003 6.815944718639179 11.192397285366692 -1.5789140938528332 1.3911186728721667 18.024277520976042 5.8609223834704265 9.668968127082831 0.05585516468210372 3.6781586501033914 19.55638423040261 -2.7043424831310148 5.428746560349591 0.9763340357398143 -8.497578213871646 -6.348088918381956 -9.857866894344818 -0.8041478646583755
11.90380761523046 8.866519800204067 -0.01530901299521048 3.4597617650426216 1.491837953538635 -3.538499061520479 -2.120823096673341 12.406426376768554 19.065370474663457 32.95396577869264 15.030953006738024 17.543969513217675 6.826036493074851 11.202489059802346 -1.568822319417161 1.401210447307821 18.034369295411715 5.871014157906099 9.679059901518503 0.06594693911777583 3.6882504245390635 19.566476004838282 -2.6942507086953427 5.438838334785263 0.9864258101754864 -8.487486439435974 -6.337997143946284 -9.847775119909146 -0.7940560902227034
11.963927855711422 8.876562959539953 -0.005265853659341957 3.469804924378508 1.5018811128745213 -3.528455902184593 -2.1107799373374725 12.41646953610444 19.075413633999343 32.96400893802852 15.04099616607391 17.55401267255356 6.836079652410738 11.212532219138232 -1.5587791600812748 1.4112536066437074 18.0444124547476 5.881057317241985 9.68910306085439 0.07599009845366211 3.6982935838749498 19.57651916417417 -2.6842075493594564 5.448881494121149 0.9964689695113726 -8.477443280100088 -6.327953984610398 -9.83773196057326 -0.7840129308868171
12.024048096192384 8.886557991529536 0.004729178330258321 3.479799956368108 1.5118761448641216 -3.5184608701949927 -2.100784905347872 12.426464568094023 19.085408665988943 32.97400397001812 15.050991198063493 17.564007704543144 6.846074684400338 11.222527251127833 -1.5487841280916923 1.4212486386333076 18.0544074867372 5.891052349231585 9.69909809284399 0.08598513044324463 3.7082886158645323 19.58651419616377 -2.674212517369856 5.45887652611075 1.0064640015009552 -8.467448248110488 -6.317958952620797 -9.82773692858366 -0.7740178988972168
12.084168336673347 8.896505378894464 0.014676565695186383 3.489747343733036 1.5218235322290496 -3.5085134828300824 -2.090837517982944 12.43641195545895 19.09535605335387 32.98395135738304 15.06093858542842 17.573955091908072 6.856022071765248 11.23247463849276 -1.5388367407267642 1.4311960259982357 18.06435487410211 5.900999736596513 9.709045480208918 0.09593251780817269 3.7182360032294604 19.596461583528697 -2.664265130004946 5.468823913475678 1.0164113888658832 -8.45750086074556 -6.308011565255887 -9.81778954121875 -0.7640705115323065
12.144288577154308 8.906405584277675 0.024576771078397286 3.499647549116247 1.5317237376122605 -3.4986132774468715 -2.0809373125997332 12.446312160842162 19.105256258737082 32.99385156276625 15.070838790811631 17.583855297291283 6.865922277148459 11.242374843875972 -1.5289365353435533 1.4410962313814466 18.074255079485322 5.910899941979724 9.718945685592129 0.1058327231913836 3.7281362086126713 19.606361788911908 -2.654364924621735 5.478724118858889 1.0263115942490941 -8.447600655362349 -6.298111359872676 -9.807889335835538 -0.7541703061490956
