web/models/mosfit_kne/mosfit_kn_1.0000/mosfit_kn_0.018177_0.2180_1.0000.dat
# %ECSV 1.0
# ---
# datatype:
# - {name: time, datatype: float64}
# - {name: PS1_g, datatype: float64}
# - {name: PS1_i, datatype: float64}
# - {name: PS1_r, datatype: float64}
# - {name: PS1_w, datatype: float64}
# - {name: PS1_y, datatype: float64}
# - {name: PS1_z, datatype: float64}
# - {name: swift_uvot_B, datatype: float64}
# - {name: swift_uvot_U, datatype: float64}
# - {name: swift_uvot_uvm2, datatype: float64}
# - {name: swift_uvot_uvw1, datatype: float64}
# - {name: swift_uvot_uvw2, datatype: float64}
# - {name: swift_uvot_V, datatype: float64}
# - {name: johnson_B, datatype: float64}
# - {name: johnson_I, datatype: float64}
# - {name: johnson_R, datatype: float64}
# - {name: johnson_U, datatype: float64}
# - {name: johnson_V, datatype: float64}
# - {name: sdss_g, datatype: float64}
# - {name: sdss_i, datatype: float64}
# - {name: sdss_r, datatype: float64}
# - {name: sdss_u, datatype: float64}
# - {name: sdss_z, datatype: float64}
# - {name: ATLAS_c, datatype: float64}
# - {name: ATLAS_o, datatype: float64}
# - {name: ukirt_H, datatype: float64}
# - {name: ukirt_J, datatype: float64}
# - {name: ukirt_K, datatype: float64}
# - {name: Clear, datatype: float64}
# meta: !!omap
# - comment: [kappa = 1.0, type = rprocess, mass = 0.018176879801416274, velocity = 0.21800000000000003, theta_obs = 0.0, tfloor = 1000.0]
# schema: astropy-2.0
time PS1_g PS1_i PS1_r PS1_w PS1_y PS1_z swift_uvot_B swift_uvot_U swift_uvot_uvm2 swift_uvot_uvw1 swift_uvot_uvw2 swift_uvot_V johnson_B johnson_I johnson_R johnson_U johnson_V sdss_g sdss_i sdss_r sdss_u sdss_z ATLAS_c ATLAS_o ukirt_H ukirt_J ukirt_K Clear
[from data line 466]
28.076152304609217 9.85826856169881 0.9764397484995335 4.451510526537366 2.483586715033397 -2.546750300025735 -1.129074335178597 13.398175138263298 20.057119236158208 33.94571454018739 16.022701768232768 18.53571827471242 7.817785254569595 12.194237821297108 -0.5770735579224171 2.3929592088025826 19.02611805690646 6.86276291940086 10.670808663013265 1.0576957006125198 4.6799991860338075 20.558224766333034 -1.7025019472005987 6.430587096280025 1.9781745716702304 -7.495737677941231 -5.34624838245154 -8.856026358414402 0.1976926712720406
28.13627254509018 9.863599074467402 0.9817702612681245 4.456841039305974 2.4889172278019878 -2.5414197872571265 -1.123743822410006 13.403505651031889 20.06244974892681 33.95104505295598 16.02803228100136 18.54104878748102 7.823115767338204 12.199568334065699 -0.5717430451538261 2.3982897215711736 19.031448569675067 6.868093432169451 10.676139175781856 1.0630262133811108 4.6853296988023985 20.563555279101635 -1.6971714344320077 6.435917609048616 1.9835050844388213 -7.4904071651726225 -5.340917869682931 -8.850695845645811 0.20302318404064934
28.196392785571142 9.868924476458165 0.9870956632588701 4.46216644129672 2.4942426297927334 -2.536094385266381 -1.1184184204192604 13.408831053022634 20.067775150917555 33.956370454946736 16.033357682992122 18.546374189471766 7.82844116932895 12.204893736056444 -0.5664176431630805 2.403615123561919 19.036773971665813 6.873418834160197 10.681464577772601 1.0683516153718742 4.690655100793162 20.56888068109238 -1.6918460324412443 6.4412430110393615 1.9888304864295847 -7.485081763181877 -5.3355924676921855 -8.845370443655048 0.20834858603139494
28.256513026052104 9.874244807701817 0.9924159945025401 4.467486772540372 2.4995629610364034 -2.5307740540227286 -1.1130980891755904 13.414151384266304 20.073095482161214 33.96169078619039 16.038678014235774 18.551694520715426 7.833761500572602 12.210214067300114 -0.5610973119194105 2.4089354548055892 19.042094302909465 6.878739165403849 10.686784909016254 1.0736719466155265 4.695975432036814 20.57420101233604 -1.686525701197592 6.446563342283014 1.994150817673237 -7.479761431938225 -5.330272136448533 -8.840050112411395 0.21366891727504722
28.316633266533064 9.879560106893326 0.9977312936940486 4.472802071731898 2.504878260227912 -2.5254587548312024 -1.107782789984082 13.419466683457813 20.078410781352733 33.967006085381904 16.043993313427283 18.557009819906934 7.83907679976411 12.215529366491623 -0.5557820127279021 2.4142507539970977 19.04740960210099 6.884054464595375 10.69210020820778 1.0789872458070349 4.7012907312283225 20.57951631152756 -1.6812104020060836 6.45187864147454 1.9994661168647454 -7.4744461327466984 -5.324956837257007 -8.834734813219887 0.21898421646655564
28.376753507014026 9.884870412241877 1.0030415990426 4.478112377080432 2.5101885655764633 -2.5201484494826687 -1.1024724846355305 13.424776988806364 20.083721086701274 33.972316390730455 16.049303618775834 18.562320125255486 7.844387105112662 12.220839671840174 -0.5504717073793506 2.419561059345649 19.052719907449525 6.889364769943909 10.697410513556331 1.0842975511555863 4.706601036576874 20.5848266168761 -1.6759000966575321 6.457188946823091 2.004776422213297 -7.469135827398165 -5.319646531908473 -8.829424507871336 0.22429452181510712
28.43687374749499 9.890175763433398 1.0083469502341202 4.48341772827197 2.5154939167679835 -2.5148430982911485 -1.0971671334440103 13.430082339997885 20.089026437892805 33.97762174192198 16.054608969967354 18.567625476447006 7.849692456304182 12.226145023031695 -0.5451663561878304 2.4248664105371693 19.058025258641063 6.894670121135447 10.702715864747852 1.0896029023471065 4.711906387768394 20.59013196806763 -1.670594745466012 6.462494298014612 2.010081773404817 -7.463830476206627 -5.314341180716935 -8.824119156679815 0.22959987300662732
28.49699398797595 9.895476200132993 1.013647386933716 4.488718164971548 2.520794353467579 -2.509542661591553 -1.0918666967444146 13.43538277669748 20.09432687459239 33.98292217862157 16.05990940666695 18.5729259131466 7.854992893003778 12.23144545973129 -0.5398659194882347 2.430166847236765 19.06332569534064 6.899970557835043 10.708016301447447 1.0949033390467022 4.71720682446799 20.595432404767216 -1.6652943087664163 6.467794734714207 2.0153822101044128 -7.458530039507049 -5.3090407440173575 -8.81881871998022 0.234900309706223
28.557114228456914 9.900771760014724 1.0189429468154465 4.4940137248532785 2.526089913349292 -2.5042471017098222 -1.086571136862684 13.44067833657921 20.09962243447412 33.988217738503295 16.06520496654868 18.578221473028332 7.860288452885508 12.23674101961302 -0.5345703596065041 2.435462407118478 19.06862125522237 6.905266117716756 10.71331186132916 1.1001988989284328 4.7225023843497205 20.600727964648947 -1.6599987488846857 6.47309029459592 2.0206777699861433 -7.453234479625318 -5.303745184135627 -8.81352316009849 0.24019586958795358
28.617234468937873 9.906062478758972 1.024233665559695 4.499304443597545 2.5313806320935583 -2.498956382965556 -1.0812804181184354 13.44596905532346 20.10491315321838 33.99350845724755 16.07049568529293 18.583512191772588 7.865579171629775 12.24203173835727 -0.5292796408622555 2.440753125862744 19.073911973966638 6.910556836461022 10.718602580073426 1.1054896176726814 4.727793103093969 20.606018683393206 -1.654708030140437 6.4783810133401865 2.025968488730392 -7.447943760881052 -5.298454465391361 -8.80823244135424 0.24548658833221992
28.677354709418836 9.911348391831503 1.0295195786322253 4.504590356670057 2.536666545166071 -2.4936704698930434 -1.0759945050459052 13.45125496839599 20.110199066290903 33.99879437032008 16.07578159836546 18.58879810484511 7.870865084702287 12.2473176514298 -0.5239937277897253 2.4460390389352744 19.07919788703915 6.915842749533534 10.723888493145939 1.1107755307452116 4.733079016166499 20.61130459646573 -1.6494221170679069 6.483666926412699 2.031254401802922 -7.4426578478085395 -5.293168552318848 -8.80294652828171 0.2507725014047324
28.7374749498998 9.916629537516233 1.0348007243169555 4.5098715023547875 2.5419476908508187 -2.4883893242083133 -1.070713359361175 13.45653611408072 20.11548021197563 34.00407551600481 16.08106274405019 18.59407925052984 7.876146230387017 12.25259879711453 -0.5187125821049952 2.4513201846200046 19.08447903272388 6.9211238952182645 10.729169638830687 1.1160566764299418 4.738360161851229 20.616585742150455 -1.6441409713831767 6.488948072097447 2.0365355474876523 -7.437376702123809 -5.287887406634118 -8.79766538259698 0.25605364708946254
28.79759519038076 9.921905953299621 1.040077140100344 4.515147918138176 2.5472241066341894 -2.483112908424925 -1.0654369435777866 13.461812529864108 20.12075662775902 34.009351931788196 16.086339159833578 18.59935566631323 7.881422646170406 12.257875212897918 -0.5134361663216067 2.456596600403393 19.08975544850727 6.926400311001653 10.734446054614057 1.1213330922133302 4.743636577634618 20.621862157933847 -1.6388645555997883 6.4942244878808175 2.0418119632710408 -7.432100286340421 -5.2826109908507295 -8.792388966813592 0.261330062872851
28.857715430861724 9.927177672996237 1.0453488597969596 4.520419637834809 2.552495826330823 -2.477841188728309 -1.060165223881171 13.467084249560724 20.126028347455637 34.01462365148482 16.091610879530194 18.604627386009845 7.886694365867021 12.263146932594534 -0.508164446624991 2.4618683201000087 19.095027168203885 6.931672030698286 10.73971777431069 1.1266048119099459 4.7489082973312335 20.627133877630463 -1.6335928359031726 6.499496207577451 2.0470836829676564 -7.426828566643787 -5.277339271154096 -8.787117247116976 0.26660178256946665
28.917835671342683 9.932444727908827 1.0506159147095495 4.525686692747382 2.557762881243395 -2.472574133815719 -1.054898168968581 13.472351304473314 20.131295402368224 34.0198907063974 16.096877934442784 18.609894440922428 7.891961420779611 12.268413987507124 -0.5028973917124011 2.4671353750125986 19.100294223116475 6.936939085610859 10.744984829223263 1.1318718668225358 4.7541753522438235 20.63240093254305 -1.6283257809905827 6.504763262490023 2.0523507378802464 -7.421561511731215 -5.272072216241524 -8.781850192204386 0.2718688374820566
28.977955911823646 9.937707151807551 1.055878338608256 4.530949116646106 2.5630253051421192 -2.467311709916995 -1.0496357450698746 13.477613728372038 20.13655782626694 34.025153130296125 16.102140358341508 18.61515686482115 7.897223844678336 12.27367641140583 -0.4976349678136769 2.472397798911305 19.1055566470152 6.942201509509583 10.750247253121987 1.13713429072126 4.759437776142548 20.637663356441767 -1.6230633570918584 6.510025686388747 2.0576131617789706 -7.416299087832491 -5.2668097923428 -8.776587768305662 0.2771312613807808
29.03807615230461 9.942964977954993 1.061136164755716 4.536206942793548 2.5682831312895793 -2.4620538837695527 -1.0443779189224145 13.48287155451948 20.141815652414394 34.030410956443575 16.10739818448895 18.6204146909686 7.902481670825778 12.27893423755329 -0.4923771416662346 2.477655625058765 19.11081447316264 6.947459335657043 10.755505079269447 1.1423921168687023 4.76469560228999 20.64292118258922 -1.6178055309444161 6.515283512536207 2.062870987926413 -7.411041261685031 -5.261551966195357 -8.77132994215822 0.2823890875282231
29.09819639278557 9.948218241365172 1.0663894281658948 4.541460206203745 2.573536394699758 -2.456800620359374 -1.0391246555122358 13.48812481792966 20.14706891582457 34.03566421985375 16.11265144789913 18.62566795437878 7.907734934235957 12.28418750096347 -0.48712387825605585 2.482908888468944 19.11606773657282 6.952712599067222 10.760758342679626 1.147645380278881 4.769948865700169 20.648174445999395 -1.6125522675342374 6.520536775946386 2.0681242513365916 -7.405787998274852 -5.256298702785161 -8.76607667874804 0.28764235093840185
29.158316633266534 9.95346697881235 1.0716381656130736 4.546708943650906 2.578785132146937 -2.451551882912195 -1.033875918065057 13.493373555376838 20.15231765327175 34.04091295730093 16.117900185346308 18.63091669182596 7.912983671683135 12.289436238410648 -0.48187514080887706 2.4881576259161227 19.12131647402 6.9579613365144 10.766007080126805 1.1528941177260599 4.7751976031473475 20.653423183446577 -1.6073035300870586 6.525785513393565 2.0733729887837704 -7.400539260827691 -5.251049965338 -8.760827941300862 0.29289108838558064
29.218436873747493 9.95871121708447 1.0768824038851932 4.551953181923025 2.5840293704190387 -2.4463076446400756 -1.0286316797929373 13.498617793648958 20.15756189154387 34.04615719557304 16.123144423618427 18.636160930098068 7.918227909955255 12.294680476682768 -0.47663090253675744 2.4934018641882245 19.126560712292118 6.963205574786502 10.771251318398907 1.1581383559981795 4.780441841419467 20.658667421718697 -1.602059291814939 6.531029751665667 2.07861722705589 -7.395295022555572 -5.24580572706588 -8.755583703028742 0.29813532665770026
29.278557114228455 9.963950986716235 1.0821221735169573 4.557192951554807 2.5892691400508205 -2.4410678750082937 -1.0233919101611733 13.503857563280722 20.162801661175642 34.051396965204816 16.12838419325019 18.641400699729843 7.923467679587037 12.299920246314532 -0.47139113290499335 2.4986416338200064 19.1318004819239 6.968445344418284 10.776491088030689 1.1633781256299436 4.785681611051231 20.663907191350468 -1.596819522183175 6.536269521297449 2.083856996687654 -7.39005525292379 -5.240565957434098 -8.750343933396978 0.30337509628946435
29.338677354709418 9.969186324626769 1.0873575114274914 4.562428289465323 2.594504477961337 -2.4358325370977774 -1.0181565722506392 13.509092901191256 20.16803699908617 34.05663230311534 16.133619531160726 18.646636037640377 7.928703017497553 12.305155584225066 -0.46615579499445925 2.5038769717305405 19.137035819834416 6.9736806823288005 10.781726425941205 1.1686134635404777 4.790916948961765 20.669142529260995 -1.5915841842726408 6.541504859207965 2.089092334598188 -7.384819915013273 -5.235330619523582 -8.745108595486444 0.30861043419999845
29.39879759519038 9.974417256980068 1.092588443780791 4.567659221818641 2.599735410314654 -2.43060160474446 -1.0129256398973396 13.514323833544555 20.173267931439476 34.06186323546865 16.138850463514025 18.651866969993677 7.9339339498508705 12.310386516578365 -0.4609248626411597 2.50910790408384 19.142266752187734 6.978911614682118 10.786957358294522 1.1738443958937772 4.796147881315065 20.6743734616143 -1.5863532519193413 6.546735791561282 2.0943232669514877 -7.379588982659956 -5.230099687170265 -8.739877663133145 0.31384136655331574
29.458917835671343 9.979643813192212 1.0978149999929165 4.572885778030766 2.60496196652678 -2.4253750485323344 -1.007699083685214 13.51955038975668 20.1784944876516 34.06708979168078 16.14407701972617 18.65709352620581 7.939160506062996 12.315613072790491 -0.4556983064290163 2.5143344602959656 19.14749330839986 6.984138170894243 10.792183914506648 1.1790709521059206 4.801374437527208 20.679600017826427 -1.5811266957071979 6.551962347773408 2.099549823163631 -7.3743624264478305 -5.224873130958139 -8.734651106921001 0.3190679227654414
29.519038076152302 9.984866023449506 1.1030372102502106 4.57810798828806 2.610184176784074 -2.4201528382750404 -1.00247687342792 13.524772600013975 20.183716697908896 34.072312001938066 16.149299229983445 18.662315736463103 7.94438271632029 12.320835283047785 -0.45047609617174 2.5195566705532597 19.152715518657153 6.9893603811515375 10.797406124763942 1.1842931623632147 4.806596647784485 20.68482222808372 -1.5759044854499038 6.557184558030702 2.1047720334209252 -7.369140216190536 -5.219650920700845 -8.729428896663707 0.32429013302273546
29.579158316633265 9.99008392033586 1.108255107136582 4.583325885174432 2.6154020736704453 -2.4149349413886867 -0.9972589765415485 13.529990496900346 20.188934594795267 34.07752989882444 16.154517126869816 18.667533633349468 7.949600613206644 12.326053179934156 -0.4452581992853686 2.524774567439631 19.157933415543507 6.994578278037909 10.802624021650313 1.1895110592495683 4.811814544670856 20.690040124970093 -1.5706865885635501 6.562402454917073 2.109989930307279 -7.363922319304165 -5.214433023814474 -8.724210999777354 0.3295080299090891
29.639278557114228 9.995297530208802 1.1134687170095248 4.588539495047375 2.620615683543388 -2.409721331515726 -0.9920453666686058 13.53520410677329 20.19414820466821 34.082743508697384 16.15973073674276 18.67274724322242 7.954814223079604 12.3312667898071 -0.44004458941242586 2.529988177312574 19.163147025416468 6.999791887910852 10.807837631523256 1.194724669122511 4.817028154543799 20.695253734843035 -1.5654729786906074 6.567616064790016 2.1152035401802216 -7.358708709431222 -5.209219413941531 -8.71899738990441 0.3347216397820496
29.69939879759519 10.000506880498978 1.118678067299701 4.593748845337551 2.6258250338335642 -2.40451198122555 -0.9868360163784295 13.540413457063465 20.199357554958386 34.087952858987556 16.164940087032935 18.677956593512587 7.960023573369781 12.336476140097275 -0.43483523912224964 2.53519752760275 19.168356375706644 7.005001238201028 10.813046981813432 1.1999340194126873 4.822237504833975 20.70046308513321 -1.5602636284004312 6.572825415080192 2.120412890470398 -7.353499359141046 -5.204010063651355 -8.713788039614235 0.3399309900722258
