web/models/mosfit_kne/mosfit_kn_1.0000/mosfit_kn_0.001230_0.3433_1.0000.dat
# %ECSV 1.0
# ---
# datatype:
# - {name: time, datatype: float64}
# - {name: PS1_g, datatype: float64}
# - {name: PS1_i, datatype: float64}
# - {name: PS1_r, datatype: float64}
# - {name: PS1_w, datatype: float64}
# - {name: PS1_y, datatype: float64}
# - {name: PS1_z, datatype: float64}
# - {name: swift_uvot_B, datatype: float64}
# - {name: swift_uvot_U, datatype: float64}
# - {name: swift_uvot_uvm2, datatype: float64}
# - {name: swift_uvot_uvw1, datatype: float64}
# - {name: swift_uvot_uvw2, datatype: float64}
# - {name: swift_uvot_V, datatype: float64}
# - {name: johnson_B, datatype: float64}
# - {name: johnson_I, datatype: float64}
# - {name: johnson_R, datatype: float64}
# - {name: johnson_U, datatype: float64}
# - {name: johnson_V, datatype: float64}
# - {name: sdss_g, datatype: float64}
# - {name: sdss_i, datatype: float64}
# - {name: sdss_r, datatype: float64}
# - {name: sdss_u, datatype: float64}
# - {name: sdss_z, datatype: float64}
# - {name: ATLAS_c, datatype: float64}
# - {name: ATLAS_o, datatype: float64}
# - {name: ukirt_H, datatype: float64}
# - {name: ukirt_J, datatype: float64}
# - {name: ukirt_K, datatype: float64}
# - {name: Clear, datatype: float64}
# meta: !!omap
# - comment: [kappa = 1.0, type = rprocess, mass = 0.0012301715156502338, velocity = 0.3433333333333334, theta_obs = 0.0, tfloor = 1000.0]
# schema: astropy-2.0
time PS1_g PS1_i PS1_r PS1_w PS1_y PS1_z swift_uvot_B swift_uvot_U swift_uvot_uvm2 swift_uvot_uvw1 swift_uvot_uvw2 swift_uvot_V johnson_B johnson_I johnson_R johnson_U johnson_V sdss_g sdss_i sdss_r sdss_u sdss_z ATLAS_c ATLAS_o ukirt_H ukirt_J ukirt_K Clear
[from data line 386]
23.266533066132265 17.465326736505986 8.583497923306709 12.05856870134454 10.090644889840554 5.06030787478144 6.477983839628578 21.005233313070462 27.664177410965387 41.55277271499455 23.629759943039932 26.142776449519584 15.424843429376772 19.801295996104265 7.029984616884758 10.000017383609741 26.633176231713634 14.469821094208017 18.277866837820422 8.664753875419695 12.287057360840983 28.165282941140212 5.904556227606577 14.037645271087182 9.585232746477406 0.1113204968659447 2.260809792355635 -1.2489681836072264 7.804750846079216
23.326653306613224 17.477880830800085 8.59605201760079 12.07112279563864 10.103198984134654 5.072861969075539 6.49053793392266 21.017787407364565 27.676731505259475 41.565326809288656 23.642314037334035 26.155330543813687 15.437397523670871 19.813850090398365 7.04253871117884 10.01257147790384 26.645730326007733 14.482375188502116 18.29042093211452 8.677307969713794 12.299611455135082 28.1778370354343 5.917110321900676 14.050199365381282 9.597786840771505 0.12387459116004407 2.2733638866497343 -1.236414089313127 7.817304940373315
23.386773547094187 17.490404912739024 8.608576099539746 12.083646877577596 10.11572306607361 5.0853860510144955 6.503062015861616 21.03031148930351 27.68925558719843 41.577850891227605 23.65483811927298 26.167854625752632 15.44992160560981 19.82637417233732 7.055062793117796 10.025095559842796 26.65825440794668 14.494899270441072 18.302945014053478 8.689832051652733 12.31213553707402 28.190361117373257 5.929634403839614 14.062723447320238 9.610310922710443 0.1363986730990001 2.2858879685886904 -1.2238900073741887 7.8298290223122535
23.44689378757515 17.502899125198077 8.621070311998782 12.096141090036632 10.128217278532645 5.097880263473531 6.515556228320651 21.042805701762553 27.701749799657467 41.59034510368664 23.667332331732023 26.180348838211675 15.462415818068862 19.838868384796356 7.067557005576831 10.037589772301832 26.670748620405725 14.507393482900108 18.315439226512513 8.702326264111786 12.324629749533056 28.202855329832293 5.9421286162986675 14.075217659779273 9.622805135169497 0.1488928855580356 2.298382181047726 -1.2113957949151355 7.842323234771307
23.507014028056112 17.515363598786866 8.633534785587589 12.10860556362542 10.140681752121434 5.11034473706232 6.528020701909458 21.055270175351353 27.714214273246263 41.60280957727544 23.679796805320823 26.192813311800474 15.474880291657652 19.851332858385163 7.080021479165638 10.050054245890639 26.683213093994514 14.519857956488897 18.327903700101302 8.714790737700575 12.337094223121863 28.21531980342109 5.954593089887457 14.087682133368062 9.635269608758286 0.1613573591468247 2.310846654636515 -1.1989313213263464 7.854787708360096
23.567134268537075 17.527798476767007 8.645969663567712 12.121040441605562 10.153116630101575 5.122779615042461 6.540455579889581 21.067705053331487 27.726649151226397 41.61524445525558 23.692231683300957 26.205248189780608 15.487315169637792 19.863767736365286 7.092456357145779 10.062489123870762 26.695647971974655 14.532292834469038 18.340338578081443 8.727225615680716 12.349529101102004 28.227754681401223 5.9670279678675975 14.100117011348203 9.647704486738427 0.17379223712696557 2.323281532616656 -1.1864964433462055 7.867222586340237
23.627254509018034 17.54020388651206 8.658375073312765 12.133445851350615 10.165522039846628 5.135185024787514 6.552860989634635 21.080110463076537 27.73905456097145 41.62764986500063 23.704637093046006 26.217653599525658 15.499720579382846 19.87617314611034 7.104861766890832 10.074894533615815 26.708053381719708 14.544698244214091 18.352743987826496 8.73963102542577 12.361934510847057 28.240160091146276 5.979433377612651 14.112522421093256 9.66010989648348 0.18619764687201878 2.335686942361709 -1.1740910336011523 7.87962799608529
23.687374749498996 17.552579972164875 8.670751158965597 12.14582193700343 10.177898125499443 5.1475611104403285 6.565237075287467 21.092486548729354 27.75143064662427 41.640025950653445 23.71701317869883 26.230029685178476 15.51209666503566 19.88854923176317 7.117237852543647 10.08727061926863 26.720429467372522 14.557074329866905 18.36512007347931 8.752007111078584 12.374310596499871 28.252536176799097 5.991809463265465 14.12489850674607 9.672485982136294 0.19857373252483312 2.3480630280145234 -1.161714947948338 7.892004081738104
23.74749498997996 17.56492686215516 8.683098048955884 12.158168826993734 10.190245015489747 5.159908000430615 6.5775839652777535 21.10483343871965 27.76377753661457 41.65237284064374 23.729360068689118 26.24237657516877 15.524443555025947 19.90089612175346 7.129584742533933 10.099617509258934 26.732776357362816 14.56942121985721 18.377466963469615 8.76435400106887 12.386657486490158 28.264883066789395 6.004156353255752 14.137245396736375 9.68483287212658 0.21092062251513766 2.360409918004828 -1.1493680579580512 7.904350971728391
23.80761523046092 17.577244688729632 8.695415875530337 12.170486653568187 10.2025628420642 5.172225827005086 6.589901791852206 21.117151265294112 27.77609536318902 41.6646906672182 23.74167789526358 26.254694401743233 15.536761381600417 19.91321394832791 7.141902569108386 10.111935335833387 26.74509418393728 14.581739046431663 18.389784790044068 8.77667182764334 12.398975313064629 28.277200893363847 6.016474179830222 14.149563223310828 9.697150698701051 0.22323844908959045 2.3727277445792807 -1.1370502313835806 7.916668798302862
23.867735470941884 17.589533589273927 8.70770477607465 12.1827755541125 10.214851742608513 5.184514727549399 6.602190692396519 21.129440165838414 27.788384263733334 41.67697956776251 23.753966795807894 26.266983302287546 15.54905028214473 19.925502848872224 7.154191469652699 10.1242242363777 26.75738308448158 14.594027946975975 18.40207369058838 8.788960728187636 12.411264213608924 28.28948979390816 6.028763080374517 14.161852123855141 9.709439599245346 0.2355273496339032 2.3850166451235935 -1.1247613308392856 7.928957698847174
23.927855711422843 17.601793688870995 8.719964875671717 12.19503565370955 10.227111842205563 5.196774827146449 6.614450791993587 21.141700265435475 27.80064436333039 41.689239667359566 23.76622689540495 26.279243401884603 15.56131038174178 19.93776294846929 7.166451569249767 10.136484335974767 26.769643184078642 14.606288046573026 18.41433379018543 8.801220827784704 12.423524313205991 28.301749893505217 6.041023179971585 14.174112223452191 9.721699698842414 0.2477874492309533 2.3972767447206436 -1.1125012312422178 7.9412177984442245
23.987975951903806 17.614025121072423 8.732196307873146 12.207267085910996 10.239343274407009 5.209006259347895 6.626682224195015 21.15393169763691 27.81287579553183 41.701471099561005 23.77845832760639 26.291474834086042 15.573541813943226 19.94999438067072 7.178683001451195 10.148715768176196 26.781874616280078 14.618519478774472 18.426565222386877 8.813452259986132 12.43575574540742 28.313981325706656 6.0532546121730135 14.186343655653637 9.733931131043843 0.2600188814323994 2.4095081769220896 -1.1002697990407895 7.9534492306456706
24.04809619238477 17.626228007276605 8.744399194077328 12.21946997211516 10.251546160611174 5.221209145552059 6.6388851103991975 21.166134583841085 27.825078681736002 41.713673985765176 23.790661213810555 26.303677720290207 15.58574470014739 19.962197266874885 7.190885887655377 10.16091865438036 26.794077502484253 14.630722364978636 18.43876810859104 8.825655146190314 12.447958631611602 28.326184211910828 6.065457498377196 14.198546541857802 9.746134017248025 0.2722217676365639 2.421711063126254 -1.0880669128366072 7.965652116849835
24.10821643286573 17.638402495004097 8.75657368180482 12.23164445984267 10.263720648338683 5.233383633279551 6.65105959812669 21.178309071568584 27.837253169463494 41.725848473492675 23.802835701538054 26.315852208017706 15.597919187874883 19.974371754602394 7.2030603753828695 10.17309314210787 26.806251990211756 14.642896852706146 18.45094259631855 8.837829633917806 12.460133119339094 28.33835869963832 6.077631986104688 14.210721029585311 9.758308504975517 0.28439625536407376 2.433885550853764 -1.075892425109115 7.977826604577327
24.168336673346694 17.650548689754686 8.76871987655539 12.24379065459324 10.275866843089254 5.24552982803014 6.66320579287726 21.190455266319162 27.849399364214076 41.737994668243246 23.814981896288632 26.327998402768284 15.610065382625471 19.986517949352965 7.21520657013344 10.18523933685844 26.818398184962327 14.655043047456717 18.463088791069122 8.849975828668395 12.472279314089665 28.3505048943889 6.0897781808552764 14.222867224335882 9.770454699726105 0.29654245011464453 2.446031745604335 -1.0637462303585266 7.989972799327916
24.228456913827653 17.6626667346671 8.780837921467803 12.255908699505653 10.287984888001667 5.257647872942552 6.675323837789673 21.202573311231575 27.86151740912649 41.75011271315566 23.827099941201045 26.340116447680696 15.622183427537884 19.998635994265378 7.227324615045853 10.197357381770853 26.830516229874746 14.66716109236913 18.475206835981535 8.862093873580807 12.484397359002077 28.362622939301314 6.101896225767689 14.234985269248295 9.782572744638518 0.30866049502705706 2.4581497905167473 -1.051628185446114 8.002090844240328
24.288577154308616 17.674756753568737 8.792927940369442 12.267998718407291 10.300074906903305 5.269737891844191 6.687413856691311 21.214663330133213 27.873607428028127 41.7622027320573 23.839189960102683 26.352206466582334 15.634273446439522 20.010726013167016 7.239414633947491 10.209447400672492 26.842606248776384 14.679251111270768 18.487296854883173 8.874183892482446 12.496487377903716 28.374712958202952 6.113986244669327 14.247075288149933 9.794662763540156 0.32075051392869525 2.4702398094183855 -1.0395381665444758 8.014180863141966
24.34869739478958 17.68681886056198 8.804990047362704 12.280060825400536 10.31213701389655 5.281799998837435 6.6994759636845735 21.22672543712646 27.88566953502138 41.77426483905055 23.85125206709593 26.364268573575583 15.646335553432767 20.02278812016026 7.2514767409407535 10.221509507665736 26.85466835576963 14.691313218264012 18.499358961876418 8.88624599947569 12.508549484896978 28.386775065196204 6.126048351662572 14.259137395143178 9.806724870533401 0.33281262092194 2.4823019164116302 -1.0274760595512311 8.026242970135211
24.40881763527054 17.698853191943176 8.817024378743898 12.292095156781748 10.324171345277762 5.2938343302186475 6.711510295065768 21.238759768507663 27.897703866402583 41.786299170431754 23.86328639847714 26.37630290495679 15.658369884813979 20.034822451541473 7.263511072321948 10.233543839046948 26.866702687150834 14.703347549645224 18.51139329325763 8.898280330856885 12.520583816278172 28.39880939657741 6.138082683043784 14.27117172652439 9.818759201914595 0.3448469523031521 2.4943362477928424 -1.015441728170019 8.038277301516423
24.468937875751504 17.710859867928193 8.829031054728897 12.304101832766747 10.33617802126276 5.3058410062036465 6.723516971050767 21.25076644449267 27.909710542387582 41.79830584641675 23.87529307446214 26.38830958094179 15.670376560798978 20.046829127526472 7.275517748306947 10.245550515031947 26.87870936313584 14.715354225630223 18.52339996924263 8.910287006841902 12.532590492263171 28.410816072562408 6.150089359028783 14.283178402509389 9.830765877899612 0.35685362828815115 2.5063429237778414 -1.00343505218502 8.050283977501422
24.529058116232463 17.722839012638012 8.841010199438735 12.316080977476567 10.348157165972598 5.317820150913466 6.735496115760604 21.2627455892025 27.921689687097413 41.81028499112659 23.88727221917197 26.40028872565162 15.682355705508797 20.05880827223631 7.287496893016784 10.257529659741785 26.890688507845667 14.727333370340043 18.535379113952466 8.922266151551721 12.544569636973009 28.42279521727224 6.1620685037386025 14.295157547219226 9.842745022609432 0.36883277299797057 2.518322068487661 -0.9914559074752005 8.062263122211242
24.589178356713425 17.734790746403952 8.852961933204657 12.328032711242507 10.36010889973852 5.329771884679406 6.747447849526527 21.27469732296843 27.933641420863342 41.82223672489253 23.8992239529379 26.41224045941755 15.694307439274738 20.07076000600223 7.299448626782707 10.269481393507707 26.9026402416116 14.739285104105983 18.54733084771839 8.934217885317661 12.556521370738931 28.434746951038168 6.174020237504543 14.307109280985149 9.854696756375372 0.38078450676391085 2.530273802253601 -0.9795041737092602 8.074214855977182
24.649298597194388 17.74671519424544 8.864886381046162 12.339957159083994 10.372033347580008 5.341696332520893 6.7593722973680315 21.286621770809916 27.94556586870484 41.83416117273401 23.911148400779386 26.424164907259037 15.706231887116225 20.08268445384372 7.311373074624211 10.281405841349194 26.914564689453087 14.75120955194747 18.559255295559876 8.946142333159148 12.568445818580436 28.446671398879666 6.18594468534603 14.319033728826636 9.866621204216859 0.3927089546053979 2.542198250095088 -0.9675797258677732 8.086139303818669
24.70941883767535 17.758612468332338 8.87678365513306 12.351854433170892 10.383930621666924 5.353593606607792 6.77126957145493 21.298519044896825 27.957463142791738 41.84605844682092 23.923045674866295 26.436062181345946 15.718129161203123 20.094581727930635 7.32327034871111 10.29330311543611 26.926461963539992 14.763106826034369 18.57115256964679 8.958039607246047 12.580343092667334 28.458568672966564 6.197841959432928 14.330931002913552 9.878518478303757 0.40460622869229623 2.5540955241819865 -0.9556824517808749 8.098036577905567
24.769539078156313 17.770482694040446 8.888653880841169 12.363724658879018 10.395800847375032 5.3654638323159 6.783139797163038 21.310389270604933 27.969333368499846 41.85792867252903 23.934915900574403 26.447932407054054 15.729999386911231 20.106451953638743 7.335140574419218 10.305173341144219 26.9383321892481 14.774977051742495 18.5830227953549 8.969909832954155 12.592213318375443 28.470438898674672 6.209712185141036 14.34280122862166 9.890388704011865 0.41647645440042225 2.5659657498901125 -0.9438122260727666 8.109906803613676
24.829659318637272 17.782325988886765 8.90049717568747 12.37556795372532 10.407644142221333 5.377307127162219 6.794983092009339 21.322232565451245 27.981176663346154 41.869771967375335 23.946759195420714 26.459775701900366 15.74184268175755 20.118295248485044 7.346983869265537 10.31701663599052 26.950175484094412 14.786820346588796 18.5948660902012 8.981753127800474 12.604056613221761 28.48228219352098 6.221555479987355 14.354644523467961 9.902231998858184 0.4283197492467232 2.5778090447364135 -0.9319689312264479 8.121750098459994
24.889779559118235 17.7941424794148 8.912313666215521 12.387384444253371 10.419460632749384 5.38912361769027 6.806799582537391 21.334049055979285 27.992993153874206 41.881588457903376 23.958575685948762 26.471592192428407 15.753659172285602 20.130111739013095 7.3588003597935705 10.328833126518571 26.961991974622457 14.798636837116847 18.606682580729252 8.993569618328507 12.615873103749795 28.494098684049032 6.233371970515389 14.366461013996012 9.914048489386218 0.4401362397747748 2.589625535264465 -0.9201524406984141 8.133566588988046
