web/models/mosfit_kne/mosfit_kn_1.0000/mosfit_kn_0.002290_0.4843_1.0000.dat
# %ECSV 1.0
# ---
# datatype:
# - {name: time, datatype: float64}
# - {name: PS1_g, datatype: float64}
# - {name: PS1_i, datatype: float64}
# - {name: PS1_r, datatype: float64}
# - {name: PS1_w, datatype: float64}
# - {name: PS1_y, datatype: float64}
# - {name: PS1_z, datatype: float64}
# - {name: swift_uvot_B, datatype: float64}
# - {name: swift_uvot_U, datatype: float64}
# - {name: swift_uvot_uvm2, datatype: float64}
# - {name: swift_uvot_uvw1, datatype: float64}
# - {name: swift_uvot_uvw2, datatype: float64}
# - {name: swift_uvot_V, datatype: float64}
# - {name: johnson_B, datatype: float64}
# - {name: johnson_I, datatype: float64}
# - {name: johnson_R, datatype: float64}
# - {name: johnson_U, datatype: float64}
# - {name: johnson_V, datatype: float64}
# - {name: sdss_g, datatype: float64}
# - {name: sdss_i, datatype: float64}
# - {name: sdss_r, datatype: float64}
# - {name: sdss_u, datatype: float64}
# - {name: sdss_z, datatype: float64}
# - {name: ATLAS_c, datatype: float64}
# - {name: ATLAS_o, datatype: float64}
# - {name: ukirt_H, datatype: float64}
# - {name: ukirt_J, datatype: float64}
# - {name: ukirt_K, datatype: float64}
# - {name: Clear, datatype: float64}
# meta: !!omap
# - comment: [kappa = 1.0, type = rprocess, mass = 0.0022901433483143324, velocity = 0.48433333333333334, theta_obs = 0.0, tfloor = 1000.0]
# schema: astropy-2.0
time PS1_g PS1_i PS1_r PS1_w PS1_y PS1_z swift_uvot_B swift_uvot_U swift_uvot_uvm2 swift_uvot_uvw1 swift_uvot_uvw2 swift_uvot_V johnson_B johnson_I johnson_R johnson_U johnson_V sdss_g sdss_i sdss_r sdss_u sdss_z ATLAS_c ATLAS_o ukirt_H ukirt_J ukirt_K Clear
[from data line 29]
1.8036072144288577 7.957217985450633 -0.9246108277486442 2.550459950289188 0.582536138785219 -4.447800876273913 -3.0301249114267748 11.49712456201512 18.15606865991004 32.044663963939215 14.12165119198459 16.63466769846424 5.916734678321418 10.29318724504893 -2.478124134170595 0.4919086325544051 17.12506748065828 4.961712343152683 8.769758086765087 -0.8433548756356579 2.7789486097856297 18.657174190084866 -3.6035525234487764 4.529536520031847 0.07712399542205262 -9.39678825418939 -7.247298958699718 -10.75707693466258 -1.7033579049761371
1.8637274549098195 8.050058148150985 -0.8317706650482926 2.6433001129895395 0.6753763014855707 -4.354960713573561 -2.937284748726423 11.589964724715472 18.248908822610392 32.13750412663956 14.214491354684942 16.727507861164593 6.009574841021769 10.386027407749282 -2.385283971470243 0.5847487952547568 17.217907643358632 5.0545525058530165 8.862598249465439 -0.7505147129353062 2.8717887724859814 18.750014352785218 -3.5107123607484247 4.622376682732199 0.16996415812240429 -9.303948091489056 -7.154458795999366 -10.664236771962228 -1.6105177422757855
1.9238476953907815 8.139501217603797 -0.74232759559548 2.732743182442352 0.7648193709383833 -4.265517644120749 -2.8478416792736105 11.679407794168284 18.338351892063205 32.226947196092375 14.303934424137754 16.816950930617406 6.099017910474582 10.475470477202094 -2.2958409020174306 0.6741918647075693 17.307350712811445 5.143995575305829 8.952041318918251 -0.6610716434824937 2.961231841938794 18.83945742223803 -3.421269291295612 4.711819752185011 0.25940722757521684 -9.214505022036244 -7.065015726546553 -10.574793702509416 -1.521074672822973
1.9839679358717435 8.226139744032643 -0.6556890691666517 2.819381708871198 0.8514578973672116 -4.178879117691903 -2.7612031528447822 11.766046320597113 18.424990418492033 32.31358572252122 14.3905729505666 16.90358945704625 6.185656436903428 10.562109003630923 -2.2092023755885846 0.7608303911363976 17.39398923924029 5.230634101734675 9.03867984534708 -0.5744331170536476 3.04787036836764 18.92609594866686 -3.334630764866766 4.79845827861384 0.3460457540040629 -9.127866495607398 -6.978377200117707 -10.48815517608057 -1.4344361463941269
2.0440881763527052 8.310131711341828 -0.5716971018574668 2.903373676180383 0.9354498646763965 -4.094887150382718 -2.6772111855355973 11.850038287906298 18.508982385801218 32.39757768983039 14.474564917875767 16.98758142435542 6.269648404212613 10.646100970940108 -2.1252104082794174 0.8448223584455825 17.477981206549476 5.31462606904386 9.122671812656264 -0.49044114974446273 3.131862335676807 19.010087915976044 -3.2506387975575812 4.882450245923025 0.4300377213132478 -9.043874528298213 -6.8943852328085224 -10.404163208771385 -1.350444179084942
2.1042084168336674 8.391640210760478 -0.49018860243879914 2.984882175599033 1.0169583640950464 -4.013378650964068 -2.5957026861169297 11.931546787324965 18.590490885219868 32.47908618924905 14.556073417294435 17.069089923774087 6.351156903631263 10.727609470358775 -2.0437019088607498 0.9263308578642502 17.559489705968126 5.39613456846251 9.204180312074914 -0.40893265032581283 3.213370835095475 19.091596415394694 -3.1691302981389313 4.9639587453416745 0.5115462207318977 -8.962366028879563 -6.8128767333898725 -10.322654709352735 -1.268935679666292
2.164328657314629 8.470818362928334 -0.4110104502709433 3.0640603277669065 1.09613651626292 -3.9342004987961943 -2.516524533949074 12.010724939492821 18.66966903738774 32.558264341416915 14.63525156946229 17.148268075941942 6.430335055799119 10.806787622526631 -1.964523756692894 1.005509010032106 17.638667858136 5.4753127206303835 9.283358464242788 -0.329754498157957 3.2925489872633307 19.170774567562567 -3.0899521459710755 5.043136897509548 0.5907243728997535 -8.88318787671169 -6.733698581221999 -10.243476557184879 -1.1897575274984362
2.224448897795591 8.54805013608214 -0.33377867711713805 3.141292100920694 1.1733682894167252 -3.856968725642407 -2.4392927607952686 12.087956712646626 18.746900810541547 32.63549611457071 14.712483342616096 17.225499849095748 6.507566828952924 10.884019395680436 -1.8872919835390887 1.0827407831859113 17.715899631289787 5.552544493784171 9.360590237396575 -0.25252272500415174 3.369780760417136 19.248006340716373 -3.0127203728172702 5.120368670663353 0.6679561460535588 -8.805956103557902 -6.6564668080682114 -10.166244784031074 -1.112525754344631
2.284569138276553 8.62280228610917 -0.25902652709012486 3.216044250947725 1.2481204394437384 -3.782216575615376 -2.3645406107682554 12.16270886267364 18.82165296056856 32.71024826459773 14.78723549264311 17.30025199912276 6.582318978979955 10.95877154570745 -1.8125398335120755 1.1574929332129245 17.790651781316818 5.627296643811202 9.435342387423606 -0.1777705749771208 3.444532910444149 19.322758490743386 -2.9379682227902393 5.1951208206903665 0.7427082960805897 -8.731203953530871 -6.5817146580411805 -10.091492634004043 -1.0377736043176
2.344689378757515 8.695733203173734 -0.18609561002554287 3.288975168012307 1.3210513565083204 -3.709285658550794 -2.2916096937036734 12.235639779738221 18.894583877633142 32.78317918166231 14.860166409707691 17.373182916187343 6.655249896044537 11.031702462772031 -1.7396089164474935 1.2304238502775064 17.8635826983814 5.700227560875784 9.508273304488188 -0.10483965791255656 3.517463827508731 19.395689407807968 -2.865037305725675 5.2680517377549485 0.815639213145154 -8.658273036466289 -6.5087837409765985 -10.018561716939479 -0.964842687253018
2.4048096192384767 8.766861963081158 -0.11496685011811891 3.360103927919713 1.3921801164157266 -3.6381568986433876 -2.2204809337962494 12.306768539645645 18.96571263754055 32.85430794156973 14.931295169615115 17.444311676094767 6.726378655951943 11.102831222679455 -1.6684801565400695 1.3015526101849304 17.934711458288806 5.77135632078319 9.579402064395595 -0.033710898005132606 3.588592587416155 19.466818167715374 -2.793908545818251 5.339180497662355 0.8867679730525779 -8.587144276558883 -6.437654981069192 -9.947432957032055 -0.8937139273456118
2.464929859719439 8.8362601105392 -0.045568702660077065 3.429502075377755 1.4615782638737684 -3.568758751185346 -2.1510827863382076 12.376166687103687 19.03511078499859 32.92370608902777 15.000693317073157 17.51370982355281 6.795776803409985 11.172229370137497 -1.5990820090820277 1.3709507576429723 18.004109605746848 5.840754468241232 9.648800211853636 0.03568724945290924 3.657990734874197 19.536216315173416 -2.7245103983602093 5.4085786451203965 0.9561661205106198 -8.517746129100841 -6.3682568336111505 -9.878034809574013 -0.82431577988757
2.5250501002004007 8.904010236482094 0.02218142328281658 3.4972522013206664 1.5293283898166798 -3.501008625242452 -2.083332660395314 12.443916813046581 19.1028609109415 32.991456214970675 15.06844344301605 17.581459949495702 6.8635269293528784 11.239979496080391 -1.531331883139134 1.438700883585866 18.07185973168976 5.908504594184143 9.716550337796548 0.10343737539580289 3.7257408608170905 19.603966441116327 -2.6567602724173156 5.476328771063308 1.0239162464535134 -8.44999600315793 -6.300506707668239 -9.810284683631119 -0.7565656539446763
2.5851703406813624 8.970193574896292 0.08836476169701513 3.563435539734865 1.5955117282308784 -3.434825286828236 -2.0171493219811154 12.51010015146078 19.1690442493557 33.057639553384874 15.13462678143025 17.6476432879099 6.929710267767095 11.30616283449459 -1.4651485447249355 1.5048842220000644 18.138043070103958 5.974687932598342 9.782733676210746 0.1696207138100192 3.791924199231289 19.670149779530526 -2.5905769340030993 5.5425121094775065 1.090099584867712 -8.383812664743731 -6.2343233692540405 -9.744101345216903 -0.69038231553046
2.6452905811623246 9.03509035766687 0.15326154446759332 3.6283323225054254 1.6604085110014388 -3.3699285040576754 -1.9522525392105372 12.574996934231358 19.233941032126268 33.12253633615544 15.199523564200828 17.71254007068048 6.994607050537655 11.371059617265168 -1.4002517619543573 1.5697810047706426 18.20293985287452 6.039584715368902 9.847630458981307 0.23451749658057963 3.8568209820018673 19.735046562301086 -2.525680151232539 5.607408892248067 1.1549963676382902 -8.31891588197317 -6.16942658648348 -9.679204562446342 -0.6254855327598996
2.7054108216432864 9.098208169611635 0.21637935641235728 3.6914501344501893 1.7235263229462205 -3.3068106921129115 -1.8891347272657733 12.638114746176122 19.29705884407103 33.185654148100205 15.262641376145591 17.775657882625243 7.057724862482419 11.434177429209932 -1.3371339500095933 1.6328988167154066 18.266057664819282 6.102702527313666 9.91074827092607 0.2976353085253436 3.9199387939466313 19.798164374245868 -2.462562339287775 5.670526704192849 1.2181141795830541 -8.255798070028407 -6.106308774538716 -9.616086750501578 -0.5623677208151356
2.7655310621242486 9.160099927619463 0.2782711144201855 3.7533418924580175 1.7854180809540487 -3.2449189341050833 -1.827242969257945 12.70000650418395 19.358950602078863 33.247545906108044 15.32453313415342 17.83754964063307 7.119616620490247 11.49606918721776 -1.2752421920017651 1.6947905747232348 18.32794942282711 6.164594285321495 9.972640028933917 0.3595270665331718 3.9818305519544595 19.860056132253696 -2.4006705812799467 5.732418462200677 1.2800059375908823 -8.193906312020578 -6.044417016530888 -9.55419499249375 -0.5004759628073074
2.8256513026052104 9.22073421221926 0.3389053990199642 3.813976177057814 1.8460523655538275 -3.184284649505287 -1.7666086846581663 12.760640788783729 19.41958488667865 33.30818019070783 15.385167418753216 17.89818392523285 7.180250905090044 11.556703471817539 -1.2146079074019864 1.7554248593230135 18.388583707426907 6.225228569921291 10.033274313533695 0.42016135113296826 4.042464836554256 19.920690416853475 -2.3400362966801502 5.793052746800456 1.3406402221906788 -8.133272027420782 -5.9837827319310914 -9.493560707893954 -0.43984167820751097
2.885771543086172 9.280150076732951 0.39832126353367414 3.873392041571524 1.9054682300675374 -3.1248687849915946 -1.7071928201444564 12.820056653297438 19.47900075119236 33.36759605522153 15.444583283266908 17.95759978974656 7.239666769603736 11.616119336331248 -1.1551920428882765 1.8148407238367235 18.4479995719406 6.284644434435001 10.092690178047405 0.47957721564666045 4.101880701067948 19.980106281367185 -2.280620432166458 5.8524686113141655 1.400056086704371 -8.073856162907072 -5.9243668674173815 -9.434144843380261 -0.3804258136938188
2.9458917835671343 9.338400509108808 0.45657169590953117 3.931642473947363 1.9637186624433767 -3.0666183526157376 -1.6489423877685994 12.878307085673296 19.53725118356821 33.425846487597376 15.502833715642765 18.015850222122417 7.297917201979593 11.674369768707106 -1.0969416105124195 1.8730911562125627 18.506250004316456 6.34289486681084 10.150940610423245 0.5378276480225175 4.160131133443805 20.038356713743024 -2.222369999790601 5.910719043690005 1.458306519080228 -8.015605730531233 -5.866116435041542 -9.375894411004404 -0.32217538131796175
3.006012024048096 9.395539557382513 0.5137107441832356 3.9887815222210676 2.020857710717099 -3.009479304342033 -1.591803339494895 12.935446133947 19.594390231841913 33.482985535871094 15.55997276391647 18.07298927039612 7.3550562502532975 11.73150881698081 -1.039802562238715 1.930230204486285 18.56338905259016 6.400033915084545 10.208079658696967 0.5949666962962219 4.21727018171751 20.095495762016746 -2.1652309515168966 5.967858091963727 1.5154455673539324 -7.958466682257529 -5.808977386767838 -9.3187553627307 -0.26503633304425733
3.066132264529058 9.451619587963673 0.5697907747643782 4.044861552802228 2.0769377412982415 -2.9533992737608727 -1.5357233089137523 12.991526164528143 19.650470262423063 33.539065566452244 15.61605279449763 18.12906930097728 7.411136280834458 11.787588847561953 -0.9837225316575724 1.9863102350674275 18.61946908317132 6.456113945665705 10.26415968927811 0.6510467268773823 4.27335021229867 20.15157579259789 -2.109150920935736 6.02393812254487 1.5715255979350928 -7.902386651676369 -5.752897356186677 -9.26267533214954 -0.20895630246309693
3.12625250501002 9.506690888944966 0.6248620757456891 4.099932853783521 2.1320090422795523 -2.8983279727795797 -1.4806520079324414 13.046597465509453 19.705541563404367 33.59413686743354 15.671124095478923 18.184140601958575 7.466207581815751 11.842660148543263 -0.9286512306762615 2.041381536048738 18.674540384152614 6.511185246646998 10.319230990259403 0.7061180278586754 4.328421513279963 20.206647093579193 -2.054079619954443 6.079009423526163 1.626596898916386 -7.847315350695076 -5.697826055205384 -9.207604031168247 -0.15388500148180384
3.186372745490982 9.560817339100609 0.6789885259013317 4.154059303939164 2.186135492435195 -2.844201522623937 -1.4265255577767988 13.100723915665096 19.75966801356001 33.64826331758919 15.725250545634566 18.238267052114217 7.520334031971394 11.896786598698906 -0.8745247805206189 2.095507986204381 18.728666834308257 6.565311696802641 10.373357440415063 0.760244478014318 4.382547963435606 20.260773543734835 -1.9999531697988004 6.133135873681823 1.6807233490720286 -7.793188900539433 -5.643699605049742 -9.153477581012604 -0.09975855132616118
3.2464929859719436 9.614000772727476 0.7321719595281806 4.20724273756603 2.239318926062044 -2.7910180889970704 -1.37334212414995 13.153907349291945 19.812851447186866 33.70144675121605 15.778433979261433 18.291450485741084 7.57351746559826 11.949970032325755 -0.82134134689377 2.1486914198312297 18.781850267935123 6.618495130429507 10.426540874041912 0.8134279116411847 4.435731397062472 20.31395697736169 -1.9467697361719338 6.186319307308672 1.7339067826988952 -7.740005466912566 -5.590516171422875 -9.100294147385737 -0.046575117699294566
3.306613226452906 9.666325475021527 0.7844966618222493 4.259567439860081 2.2916436283561126 -2.7386933867030194 -1.3210174218558812 13.206232051586014 19.865176149480924 33.7537714535101 15.830758681555483 18.343775188035135 7.625842167892311 12.002294734619824 -0.7690166445997013 2.2010161221252984 18.834174970229174 6.670819832723558 10.478865576335963 0.8657526139352356 4.488056099356523 20.36628167965575 -1.8944450338778829 6.238644009602741 1.7862314849929462 -7.6876807646185155 -5.538191469128824 -9.047969445091686 0.005749584594756385
3.3667334669338675 9.717824737747645 0.8359959245483672 4.311066702586217 2.3431428910822305 -2.6871941239769015 -1.2695181591297633 13.257731314312132 19.91667541220704 33.80527071623622 15.882257944281601 18.395274450761253 7.677341430618429 12.053793997345942 -0.7175173818735834 2.2525153848514163 18.885674232955292 6.722319095449694 10.530364839062099 0.9172518766613535 4.539555362082641 20.417780942381867 -1.842945771151765 6.290143272328859 1.837730747719064 -7.63618150189238 -5.486692206402706 -8.996470182365568 0.05724884732087432
3.4268537074148293 9.768537968211444 0.8867091550121486 4.3617799330499984 2.393856121546012 -2.6364808935131023 -1.218804928665982 13.30844454477593 19.967388642670834 33.855983946700015 15.9329711747454 18.445987681225052 7.728054661082228 12.104507227809723 -0.6668041514097842 2.3032286153151977 18.93638746341909 6.7730323259134755 10.58107806952588 0.9679651071251527 4.59026859254644 20.46849417284566 -1.7922325406879658 6.34085650279264 1.8884439781828632 -7.585468271428598 -5.435978975938907 -8.94575695190177 0.10796207778467348
