web/models/mosfit_kne/mosfit_kn_1.0000/mosfit_kn_0.002817_0.2807_1.0000.dat
# %ECSV 1.0
# ---
# datatype:
# - {name: time, datatype: float64}
# - {name: PS1_g, datatype: float64}
# - {name: PS1_i, datatype: float64}
# - {name: PS1_r, datatype: float64}
# - {name: PS1_w, datatype: float64}
# - {name: PS1_y, datatype: float64}
# - {name: PS1_z, datatype: float64}
# - {name: swift_uvot_B, datatype: float64}
# - {name: swift_uvot_U, datatype: float64}
# - {name: swift_uvot_uvm2, datatype: float64}
# - {name: swift_uvot_uvw1, datatype: float64}
# - {name: swift_uvot_uvw2, datatype: float64}
# - {name: swift_uvot_V, datatype: float64}
# - {name: johnson_B, datatype: float64}
# - {name: johnson_I, datatype: float64}
# - {name: johnson_R, datatype: float64}
# - {name: johnson_U, datatype: float64}
# - {name: johnson_V, datatype: float64}
# - {name: sdss_g, datatype: float64}
# - {name: sdss_i, datatype: float64}
# - {name: sdss_r, datatype: float64}
# - {name: sdss_u, datatype: float64}
# - {name: sdss_z, datatype: float64}
# - {name: ATLAS_c, datatype: float64}
# - {name: ATLAS_o, datatype: float64}
# - {name: ukirt_H, datatype: float64}
# - {name: ukirt_J, datatype: float64}
# - {name: ukirt_K, datatype: float64}
# - {name: Clear, datatype: float64}
# meta: !!omap
# - comment: [kappa = 1.0, type = rprocess, mass = 0.0028172691138521437, velocity = 0.2806666666666667, theta_obs = 0.0, tfloor = 1000.0]
# schema: astropy-2.0
time PS1_g PS1_i PS1_r PS1_w PS1_y PS1_z swift_uvot_B swift_uvot_U swift_uvot_uvm2 swift_uvot_uvw1 swift_uvot_uvw2 swift_uvot_V johnson_B johnson_I johnson_R johnson_U johnson_V sdss_g sdss_i sdss_r sdss_u sdss_z ATLAS_c ATLAS_o ukirt_H ukirt_J ukirt_K Clear
[from data line 324]
19.539078156312623 13.60307661733561 4.721247804136333 8.196318582174165 6.228394770670196 1.1980577556110639 2.615733720458202 17.142983193900097 23.80192729179501 37.690522595824184 19.767509823869567 22.28052633034922 11.562593310206395 15.939045876933907 3.167734497714382 6.137767264439382 22.770926112543258 10.60757097503764 14.415616718650046 4.802503756249319 8.424807241670607 24.303032821969836 2.0423061084362004 10.175395151916824 5.7229826273070294 -3.750929622304432 -1.6014403268147412 -5.111218302777603 3.9425007269088397
19.599198396793586 13.615899974264565 4.7340711610652875 8.209141939103137 6.241218127599151 1.2108811125400187 2.628557077387157 17.155806550829052 23.814750648723965 37.703345952753146 19.78033318079852 22.293349687278173 11.57541666713535 15.951869233862862 3.180557854643337 6.150590621368337 22.78374946947222 10.620394331966613 14.428440075579019 4.815327113178274 8.437630598599561 24.31585617889879 2.0551294653651553 10.188218508845779 5.735805984235984 -3.7381062653754595 -1.5886169698857864 -5.098394945848648 3.9553240838377945
19.65931863727455 13.62869541434982 4.746866601150543 8.221937379188375 6.254013567684389 1.2236765526252746 2.641352517472413 17.168601990914308 23.82754608880922 37.71614139283839 19.793128620883767 22.30614512736342 11.588212107220606 15.9646646739481 3.1933532947285928 6.163386061453575 22.79654490955747 10.633189772051852 14.441235515664257 4.82812255326353 8.450426038684817 24.328651618984047 2.067924905450411 10.201013948931017 5.74860142432124 -3.7253108252902214 -1.5758215298005305 -5.085599505763392 3.9681195239230505
19.71943887775551 13.641463025161578 4.7596342119623 8.234704990000132 6.266781178496164 1.2364441634370316 2.6541201282841698 17.181369601726065 23.840313699620978 37.72890900365016 19.805896231695534 22.318912738175186 11.600979718032363 15.977432284759875 3.2061209055403497 6.176153672265349 22.809312520369232 10.645957382863608 14.454003126476032 4.840890164075287 8.463193649496574 24.341419229795804 2.080692516262168 10.213781559742792 5.761369035132997 -3.7125432144784645 -1.5630539189887735 -5.072831894951635 3.9808871347348074
19.779559118236474 13.654202896486094 4.772374083286817 8.247444861324666 6.27952104982068 1.249184034761548 2.666859999608686 17.19410947305058 23.8530535709455 37.74164887497467 19.81863610302005 22.331652609499702 11.61371958935688 15.990172156084391 3.218860776864866 6.188893543589866 22.822052391693752 10.658697254188143 14.466742997800548 4.853630035399803 8.47593352082109 24.354159101120327 2.0934323875866845 10.226521431067308 5.7741089064575135 -3.6998033431539303 -1.5503140476642394 -5.060092023627119 3.9936270060593237
19.839679358717433 13.666915114743201 4.785086301543924 8.260157079581774 6.292233268077787 1.2618962530186728 2.6795722178657932 17.206821691307688 23.86576578920261 37.75436109323178 19.831348321277165 22.344364827756817 11.626431807614004 16.002884374341498 3.231572995121973 6.201605761846973 22.83476460995086 10.67140947244525 14.479455216057655 4.86634225365691 8.488645739078198 24.366871319377434 2.1061446058437916 10.239233649324415 5.786821124714621 -3.6870911248968232 -1.5376018294071323 -5.047379805370012 4.006339224316449
19.899799599198396 13.679599767772768 4.79777095457349 8.272841732611322 6.304917921107336 1.2745809060482216 2.69225687089536 17.219506344337255 23.878450442232165 37.76704574626134 19.844032974306717 22.35704948078637 11.639116460643553 16.015569027371047 3.2442576481515397 6.214290414876522 22.847449262980415 10.684094125474799 14.492139869087204 4.879026906686477 8.501330392107764 24.37955597240699 2.118829258873358 10.251918302353964 5.799505777744187 -3.6744064718672744 -1.5249171763775835 -5.034695152340445 4.019023877345997
19.95991983967936 13.692256946154426 4.810428132955149 8.285498910992981 6.3175750994889945 1.2872380844298803 2.7049140492770185 17.232163522718913 23.891107620613823 37.779702924643 19.856690152688383 22.369706659168028 11.651773639025212 16.028226205752723 3.2569148265331984 6.22694759325818 22.860106441362074 10.696751303856457 14.504797047468863 4.891684085068135 8.513987570489423 24.39221315078865 2.131486437255017 10.264575480735623 5.812162956125846 -3.6617492934856157 -1.5122599979959248 -5.022037973958787 4.031681055727656
20.02004008016032 13.704886730647399 4.823057917448121 8.298128695485953 6.330204883981985 1.2998678689228527 2.717543833769991 17.244793307211886 23.903737405106796 37.79233270913597 19.869319937181356 22.382336443661007 11.664403423518184 16.040855990245696 3.2695446110261708 6.2395773777511705 22.872736225855057 10.70938108834943 14.517426831961835 4.904313869561108 8.526617354982395 24.40484293528162 2.144116221747989 10.277205265228613 5.824792740618818 -3.6491195089926434 -1.4996302135029524 -5.009408189465814 4.0443108402206285
20.080160320641284 13.717489211438103 4.835660398238808 8.310731176276658 6.342807364772671 1.312470349713557 2.7301463145606775 17.257395788002572 23.916339885897493 37.80493518992667 19.881922417972053 22.394938924451704 11.677005904308889 16.053458471036382 3.2821470918168574 6.252179858541857 22.88533870664574 10.721983569140134 14.53002931275254 4.916916350351812 8.539219835773082 24.41744541607232 2.1567187025386936 10.2898077460193 5.837395221409523 -3.636517028201939 -1.487027732712248 -4.99680570867511 4.056913321011333
20.140280561122243 13.73006448027592 4.848235667076626 8.323306445114476 6.355382633610489 1.3250456185513748 2.7427215833984953 17.26997105684039 23.92891515473531 37.81751045876448 19.894497686809867 22.40751419328952 11.689581173146706 16.0660337398742 3.294722360654675 6.264755127379675 22.89791397548357 10.734558837977952 14.542604581590357 4.92949161918963 8.5517951046109 24.430020684910136 2.1692939713765114 10.302383014857117 5.84997049024734 -3.623941759364121 -1.4744524638744303 -4.984230439837292 4.069488589849151
20.200400801603205 13.742612614885381 4.860783801686086 8.335854579723936 6.367930768219949 1.337593753160835 2.7552697180079555 17.282519191449868 23.94146328934478 37.830058593373955 19.907045821419327 22.42006232789898 11.702129307756167 16.07858187448366 3.307270495264153 6.277303261989135 22.91046211009303 10.747106972587412 14.555152716199817 4.94203975379909 8.564343239220378 24.442568819519597 2.1818421059859716 10.314931149466577 5.862518624856801 -3.611393624754661 -1.46190432926497 -4.971682305227832 4.082036724458611
20.260521042084168 13.755133714481094 4.873304901281816 8.348375679319648 6.38045186781568 1.3501148527565476 2.767790817603686 17.29504029104558 23.95398438894049 37.84257969296967 19.91956692101505 22.432583427494702 11.71465040735188 16.09110297407939 3.3197915948598657 6.2898243615848655 22.922983209688752 10.759628072183125 14.567673815795548 4.954560853394803 8.57686433881609 24.455089919115316 2.194363205581684 10.327452249062308 5.875039724452513 -3.5988725251589484 -1.4493832296692575 -4.959161205632119 4.0945578240543234
20.32064128256513 13.7676278568477 4.885799043648422 8.360869821686272 6.3929460101822855 1.3626089951231712 2.7802849599702917 17.307534433412187 23.966478531307107 37.85507383533628 19.932061063381664 22.445077569861315 11.727144549718503 16.103597116445997 3.3322857372264716 6.302318503951471 22.935477352055358 10.772122214549748 14.580167958162153 4.9670549957614085 8.589358481182696 24.467584061481933 2.206857347948308 10.339946391428914 5.887533866819119 -3.586378382792325 -1.4368890873026339 -4.946667063265496 4.107051966420947
20.38076152304609 13.78009513204871 4.8982663188494335 8.373337096887266 6.405413285383279 1.3750762703241648 2.792752235171303 17.320001708613198 23.978945806508108 37.86754111053728 19.944528338582668 22.45754484506232 11.739611824919496 16.116064391647008 3.344753012427483 6.314785779152483 22.94794462725636 10.784589489750742 14.592635233363147 4.97952227096242 8.601825756383707 24.480051336682934 2.2193246231493013 10.352413666629907 5.90000114202013 -3.5739111075913312 -1.4244218121016403 -4.934199788064502 4.119519241621941
20.440881763527052 13.79253562641539 4.9107068132161125 8.385777591253945 6.417853779749958 1.3875167646908437 2.805192729537982 17.332442202979877 23.991386300874787 37.87998160490396 19.95696883294934 22.46998533942899 11.752052319286175 16.12850488601367 3.357193506794162 6.327226273519144 22.960385121623037 10.79702998411742 14.605075727729826 4.991962765329099 8.614266250750386 24.492491831049612 2.2317651175159803 10.364854160996586 5.912441636386809 -3.5614706132246523 -1.4119813177349614 -4.921759293697823 4.1319597359886195
20.501002004008015 13.80494942674682 4.9231206135475425 8.398191391585392 6.430267580081406 1.3999305650222915 2.817606529869412 17.344856003311307 24.003800101206227 37.8923954052354 19.969382633280784 22.482399139760435 11.764466119617623 16.140918686345117 3.369607307125592 6.339640073850592 22.972798921954478 10.809443784448868 14.617489528061274 5.004376565660529 8.626680051081816 24.504905631381053 2.2441789178474103 10.377267961328034 5.924855436718239 -3.5490568128932045 -1.3995675174035136 -4.909345493366393 4.144373536320067
20.561122244488978 13.817336618914808 4.935507805715531 8.410578583753363 6.4426547722493765 1.4123177571902623 2.8299937220374005 17.357243195479295 24.01618729337421 37.904782597403376 19.981769825448765 22.494786331928417 11.776853311785594 16.153305878513105 3.3819944992935804 6.35202726601858 22.985186114122456 10.82183097661684 14.629876720229245 5.016763757828517 8.639067243249805 24.517292823549035 2.256566110015399 10.389655153496005 5.937242628886228 -3.5366696207252337 -1.3871803252355428 -4.896958301198405 4.156760728488038
20.62124248496994 13.829697283899627 4.9478684707003495 8.4229392487382 6.455015437234213 1.4246784221750808 2.842354387022219 17.369603860464114 24.028547958359034 37.91714326238821 19.994130490433584 22.507146996913235 11.789213976770412 16.165666543497924 3.394355164278399 6.364387931003399 22.99754677910728 10.834191641601675 14.64223738521408 5.029124422813336 8.651427908234623 24.52965348853386 2.2689267750002173 10.402015818480841 5.949603293871046 -3.5243089557403975 -1.3748196602507066 -4.884597636213586 4.169121393472857
20.6813627254509 13.84203152005636 4.960202706857064 8.435273484894914 6.4673496733909275 1.4370126583318132 2.8546886231789337 17.38193809662083 24.04088219451575 37.929477498544934 20.006464726590306 22.519481233069957 11.801548212927145 16.17800077965464 3.4066894004351136 6.376722167160113 23.009881015264007 10.84652587775839 14.654571621370795 5.041458658970068 8.663762144391356 24.541987724690575 2.28126101115695 10.414350054637556 5.961937530027779 -3.511974719583683 -1.3624854240939919 -4.872263400056854 4.181455629629589
20.741482965931862 13.854339401935967 4.972510588736689 8.44758136677454 6.479657555270553 1.4493205402114384 2.866996505058559 17.394245978500454 24.053190076395374 37.94178538042455 20.018772608469934 22.531789114949575 11.81385609480677 16.190308661534264 3.4189972823147388 6.3890300490397385 23.02218889714362 10.858833759638015 14.66687950325042 5.053766540849676 8.676070026270963 24.5542956065702 2.293568893036557 10.42665793651718 5.974245411907386 -3.4996668377040576 -1.3501775422143667 -4.859955518177246 4.1937635115091965
20.801603206412825 13.866621026491579 4.984792213292302 8.459862991330134 6.491939179826147 1.461602164767033 2.879278129614171 17.406527603056066 24.06547170095098 37.95406700498015 20.031054233025525 22.544070739505177 11.826137719362364 16.20259028608986 3.431278906870351 6.401311673595333 23.034470521699227 10.87111538419361 14.679161127806015 5.066048165405288 8.688351650826576 24.566577231125805 2.3058505175921695 10.438939561072775 5.9865270364629986 -3.487385213148463 -1.3378959176587721 -4.847673893621634 4.206045136064809
20.861723446893787 13.87887647193688 4.997047658737586 8.472118436775435 6.504194625271449 1.4738576102123346 2.891533575059455 17.418783048501368 24.07772714639627 37.96632245042545 20.04330967847083 22.556326184950482 11.838393164807666 16.21484573153516 3.4435343523156527 6.413567119040635 23.04672596714453 10.883370829638912 14.691416573251317 5.07830361085059 8.700607096271877 24.578832676571096 2.318105963037471 10.451195006518077 5.9987824819083 -3.4751297677031614 -1.3256404722134705 -4.835418448176332 4.2183005815101104
20.92184368737475 13.891105823200185 5.009277010000908 8.48434778803874 6.516423976534753 1.486086961475639 2.903762926322777 17.431012399764672 24.089956497659585 37.97855180168876 20.055539029734142 22.568555536213793 11.85062251607097 16.227075082798482 3.455763703578957 6.425796470303957 23.058955318407833 10.895600180902216 14.703645924514621 5.090532962113894 8.712836447535182 24.59106202783441 2.3303353143007755 10.463424357781381 6.0110118331716045 -3.462900416439857 -1.3134111209501662 -4.823189096913028 4.230529932773415
20.98196392785571 13.903309162708357 5.02148034950908 8.49655112754693 6.528627316042943 1.4982903009838289 2.9159662658309493 17.443215739272844 24.102159837167765 37.990755141196935 20.067742369242314 22.580758875721965 11.862825855579143 16.239278422306654 3.467967043087129 6.437999809812129 23.071158657916015 10.907803520410406 14.715849264022811 5.102736301622066 8.725039787043354 24.60326536734259 2.3425386538089477 10.475627697289571 6.023215172679777 -3.450697076931667 -1.3012077814419762 -4.810985757404856 4.242733272281587
21.04208416833667 13.915486583717254 5.033657770517976 8.508728548555808 6.540804737051822 1.5104677219927076 2.928143686839846 17.45539316028174 24.114337258176654 38.00293256220582 20.07991979025121 22.59293629673085 11.87500327658804 16.25145584331555 3.4801444640960257 6.450177230821008 23.0833360789249 10.919980941419285 14.72802668503169 5.114913722630963 8.73721720805225 24.61544278835148 2.354716074817844 10.48780511829845 6.035392593688673 -3.4385196559227884 -1.2890303604330975 -4.798808336395959 4.254910693290483
21.102204408817634 13.927638170301435 5.04580935710214 8.52088013513999 6.552956323636003 1.522619308576889 2.9402952734240095 17.467544746865922 24.126488844760836 38.01508414879 20.09207137683538 22.605087883315033 11.88715486317222 16.263607429899714 3.492296050680207 6.462328817405189 23.095487665509083 10.932132528003466 14.740178271615871 5.127065309215144 8.749368794636432 24.62759437493565 2.3668676614020256 10.499956704882631 6.047544180272855 -3.426368069338607 -1.276878773848916 -4.786656749811778 4.267062279874665
21.162324649298597 13.939764002427975 5.057935189228697 8.533005967266547 6.5650821557625605 1.5347451407034463 2.9524211055505667 17.47967057899246 24.138614676887382 38.02720998091655 20.10419720896194 22.61721371544159 11.899280695298778 16.27573326202627 3.5044218828067466 6.474454649531746 23.107613497635633 10.944258360130023 14.752304103742429 5.139191141341701 8.761494626762971 24.639720207062208 2.378993493528583 10.512082537009189 6.059670012399394 -3.41424223721205 -1.2647529417223589 -4.774530917685221 4.279188112001222
21.22244488977956 13.951866517991522 5.070037704792245 8.545108482830095 6.577184671326108 1.5468476562669942 2.9645236211141146 17.49177309455601 24.15071719245093 38.0393124964801 20.11629972452548 22.62931623100513 11.911383210862326 16.28783577758982 3.5165243983702945 6.486557165095294 23.11971601319918 10.956360875693571 14.764406619305976 5.151293656905231 8.773597142326519 24.651822722625756 2.391096009092113 10.524185052572737 6.071772527962942 -3.402139721648502 -1.252650426158811 -4.7624284021216905 4.291290627564752
