web/models/mosfit_kne/mosfit_kn_1.0000/mosfit_kn_0.062996_0.3120_1.0000.dat
# %ECSV 1.0
# ---
# datatype:
# - {name: time, datatype: float64}
# - {name: PS1_g, datatype: float64}
# - {name: PS1_i, datatype: float64}
# - {name: PS1_r, datatype: float64}
# - {name: PS1_w, datatype: float64}
# - {name: PS1_y, datatype: float64}
# - {name: PS1_z, datatype: float64}
# - {name: swift_uvot_B, datatype: float64}
# - {name: swift_uvot_U, datatype: float64}
# - {name: swift_uvot_uvm2, datatype: float64}
# - {name: swift_uvot_uvw1, datatype: float64}
# - {name: swift_uvot_uvw2, datatype: float64}
# - {name: swift_uvot_V, datatype: float64}
# - {name: johnson_B, datatype: float64}
# - {name: johnson_I, datatype: float64}
# - {name: johnson_R, datatype: float64}
# - {name: johnson_U, datatype: float64}
# - {name: johnson_V, datatype: float64}
# - {name: sdss_g, datatype: float64}
# - {name: sdss_i, datatype: float64}
# - {name: sdss_r, datatype: float64}
# - {name: sdss_u, datatype: float64}
# - {name: sdss_z, datatype: float64}
# - {name: ATLAS_c, datatype: float64}
# - {name: ATLAS_o, datatype: float64}
# - {name: ukirt_H, datatype: float64}
# - {name: ukirt_J, datatype: float64}
# - {name: ukirt_K, datatype: float64}
# - {name: Clear, datatype: float64}
# meta: !!omap
# - comment: [kappa = 1.0, type = rprocess, mass = 0.06299605249512866, velocity = 0.312, theta_obs = 0.0, tfloor = 1000.0]
# schema: astropy-2.0
time PS1_g PS1_i PS1_r PS1_w PS1_y PS1_z swift_uvot_B swift_uvot_U swift_uvot_uvm2 swift_uvot_uvw1 swift_uvot_uvw2 swift_uvot_V johnson_B johnson_I johnson_R johnson_U johnson_V sdss_g sdss_i sdss_r sdss_u sdss_z ATLAS_c ATLAS_o ukirt_H ukirt_J ukirt_K Clear
[from data line 230]
13.887775551102203 6.6794799290374485 -2.202348884161829 1.2727218938760032 -0.6952019176279656 -5.725538932687098 -4.307862967839959 10.219386505601936 16.878330603496856 30.766925907526026 12.843913135571405 15.356929642051057 4.638996621908233 9.015449188635746 -3.7558621905837795 -0.7858294238587795 15.847329424245096 3.6839742867394802 7.4920200303519024 -2.1210929320488425 1.5012105533724451 17.379436133671682 -4.881290579861961 3.2517984636186625 -1.200614060991132 -10.674526310602593 -8.525037015112902 -12.034814991075764 -2.9810959613893218
13.947895791583166 6.6889599469547 -2.192868866244577 1.2822019117932548 -0.685721899710714 -5.716058914769846 -4.298382949922708 10.228866523519187 16.887810621414108 30.776405925443267 12.853393153488657 15.366409659968308 4.648476639825485 9.024929206552997 -3.746382172666528 -0.7763494059415279 15.856809442162348 3.693454304656732 7.501500048269136 -2.111612914131591 1.5106905712896967 17.388916151588933 -4.871810561944709 3.261278481535914 -1.1911340430738804 -10.665046292685341 -8.51555699719565 -12.025334973158513 -2.97161594347207
14.008016032064127 6.698398279823756 -2.183430533375539 1.291640244662311 -0.6762835668416756 -5.70662058190079 -4.288944617053669 10.238304856388226 16.897248954283146 30.785844258312313 12.862831486357695 15.375847992837347 4.657914972694541 9.034367539422036 -3.7369438397974895 -0.7669110730724895 15.866247775031404 3.702892637525788 7.5109383811381925 -2.1021745812625348 1.5201289041587351 17.398354484457972 -4.862372229075653 3.2707168144049525 -1.1816957102048242 -10.655607959816285 -8.506118664326594 -12.015896640289457 -2.962177610603014
14.06813627254509 6.707795318065362 -2.1740334951339157 1.3010372829039163 -0.6668865286000702 -5.6972235436591845 -4.279547578812046 10.247701894629849 16.90664599252475 30.79524129655393 12.872228524599318 15.38524503107897 4.667312010936146 9.04376457766364 -3.7275468015558664 -0.7575140348308842 15.87564481327301 3.7122896757673933 7.520335419379798 -2.0927775430209294 1.5295259424003582 17.407751522699577 -4.852975190834048 3.280113852646558 -1.172298671963219 -10.64621092157468 -8.49672162608499 -12.006499602047851 -2.9527805723614087
14.128256513026052 6.717151476067169 -2.164677337132108 1.3103934409057416 -0.6575303705982449 -5.687867385657359 -4.270191420810239 10.257058052631656 16.916002150526577 30.804597454555743 12.881584682601126 15.394601189080777 4.676668168937971 9.053120735665466 -3.718190643554059 -0.7481578768290589 15.885000971274835 3.7216458337692186 7.529691577381623 -2.083421385019122 1.5388821004021658 17.417107680701402 -4.84361903283224 3.289470010648383 -1.1629425139614114 -10.636854763572854 -8.487365468083164 -11.997143444046044 -2.943424414359601
14.188376753507013 6.726467118760464 -2.155361694438813 1.3197090835990188 -0.6482147279049677 -5.678551742964082 -4.260875778116944 10.266373695324951 16.925317793219854 30.81391309724903 12.890900325294421 15.403916831774072 4.685983811631249 9.062436378358743 -3.708875000860764 -0.7388422341357817 15.894316613968112 3.730961476462496 7.5390072200749 -2.074105742325827 1.5481977430954608 17.42642332339468 -4.834303390138945 3.2987856533416604 -1.1536268712681164 -10.627539120879577 -8.478049825389887 -11.987827801352749 -2.934108771666306
14.248496993987976 6.735742661580648 -2.146086151618629 1.3289846264192207 -0.6389391850847659 -5.66927620014388 -4.25160023529676 10.275649238145135 16.934593336040056 30.823188640069223 12.900175868114605 15.413192374594257 4.6952593544514505 9.071711921178945 -3.6995994580405798 -0.7295666913155798 15.903592156788314 3.7402370192826977 7.548282762895102 -2.064830199505643 1.5574732859156448 17.43569886621488 -4.825027847318761 3.3080611961618622 -1.1443513284479323 -10.618263578059375 -8.468774282569685 -11.978552258532565 -2.9248332288461043
14.308617234468937 6.744978468174008 -2.1368503450252696 1.3382204330125624 -0.6297033784914063 -5.660040393550538 -4.2423644287034 10.284885044738495 16.943829142633415 30.832424446662582 12.909411674707965 15.422428181187616 4.704495161044792 9.080947727772305 -3.6903636514472202 -0.7203308847222203 15.912827963381655 3.7494728258760395 7.557518569488462 -2.0555943929122833 1.5667090925090044 17.44493467280824 -4.815792040725402 3.3172970027552218 -1.1351155218545728 -10.609027771466033 -8.459538475976343 -11.969316451939205 -2.9155974222527625
14.3687374749499 6.7541749192701594 -2.127653893929118 1.3474168841087142 -0.6205069273952546 -5.650843942454387 -4.233167977607248 10.294081495834646 16.953025593729567 30.841620897758727 12.918608125804116 15.431624632283768 4.713691612140944 9.090144178868456 -3.6811672003510685 -0.7111344336260685 15.922024414477807 3.758669276972191 7.566715020584596 -2.0463979418161315 1.5759055436051561 17.454131123904393 -4.80659558962925 3.3264934538513558 -1.125919070758421 -10.599831320369882 -8.450342024880191 -11.960120000843053 -2.906400971156611
14.428857715430862 6.76333237516392 -2.1184964380353577 1.3565743400024743 -0.6113494715015122 -5.641686486560626 -4.224010521713488 10.303238951728407 16.96218304962331 30.85077835365249 12.927765581697876 15.440782088177528 4.722849068034704 9.099301634762217 -3.6720097444573083 -0.7019769777323084 15.931181870371567 3.7678267328659514 7.575872476478356 -2.0372404859223714 1.5850629994989163 17.463288579798135 -4.79743813373549 3.335650909745116 -1.1167616148646609 -10.590673864476122 -8.441184568986431 -11.950962544949293 -2.8972435152628506
14.488977955911823 6.772451198189184 -2.109377615010093 1.3656931630277391 -0.6022306484762474 -5.632567663535362 -4.214891698688223 10.312357774753671 16.971301872648574 30.85989717667775 12.936884404723141 15.449900911202793 4.731967891059969 9.108420457787481 -3.6628909214320435 -0.6928581547070614 15.940300693396832 3.776945555891216 7.584991299503621 -2.0281216628971066 1.594181822524181 17.4724074028234 -4.788319310710225 3.3447697327703807 -1.107642791839396 -10.581555041450857 -8.432065745961166 -11.941843721924029 -2.888124692237586
14.549098196392785 6.781531755165808 -2.100297058033469 1.374773720004363 -0.5931500914996235 -5.623487106558738 -4.2058111417115995 10.321438331730295 16.980382429625198 30.86897773365438 12.945964961699765 15.458981468179417 4.741048448036593 9.117501014764105 -3.6538103644554196 -0.6837775977304197 15.949381250373456 3.78602611286784 7.5940718564802445 -2.0190411059204827 1.603262379500805 17.481487959800024 -4.779238753733601 3.3538502897470046 -1.0985622348627722 -10.572474484474233 -8.422985188984542 -11.932763164947405 -2.879044135260962
14.609218436873746 6.790574401249323 -2.0912544119499543 1.3838163660878955 -0.584107445416091 -5.614444460475205 -4.196768495628085 10.33048097781381 16.98942507570873 30.8780203797379 12.95500760778328 15.468024114262931 4.7500910941201075 9.12654366084762 -3.644767718371905 -0.674734951646905 15.958423896456988 3.7950687589513725 7.603114502563777 -2.009998459836968 1.6123050255843197 17.490530605883556 -4.7701961076500865 3.362892935830537 -1.0895195887792575 -10.5634318383907 -8.41394254290101 -11.92372051886389 -2.8700014891774472
14.669338677354709 6.7995794842178725 -2.082249328981405 1.392821449056445 -0.5751023624475415 -5.605439377506656 -4.187763412659535 10.33948606078236 16.99843015867728 30.88702546270645 12.96401269075183 15.47702919723148 4.759096177088675 9.13554874381617 -3.6357626354033554 -0.6657298686783555 15.967428979425538 3.804073841919922 7.6121195855323265 -2.0009933768684185 1.6213101085528692 17.499535688852106 -4.761191024681537 3.3718980187990866 -1.080514505810708 -10.554426755422151 -8.40493745993246 -11.91471543589534 -2.8609964062088977
14.729458917835672 6.808547327761332 -2.0732814854379455 1.4017892925998865 -0.5661345189041 -5.596471533963214 -4.178795569116076 10.348453904325819 17.00739800222072 30.895993306249895 12.972980534295289 15.48599704077494 4.768064020632116 9.144516587359629 -3.626794791859896 -0.656762025134914 15.97639682296898 3.8130416854633635 7.621087429075768 -1.9920255333249592 1.6302779520963284 17.508503532395547 -4.752223181138078 3.380865862342528 -1.0715466622672487 -10.54545891187871 -8.395969616389019 -11.905747592351881 -2.8520285626654385
14.789579158316633 6.817478282751104 -2.0643505304481735 1.4107202475896585 -0.5572035639143103 -5.587540578973442 -4.169864614126304 10.35738485931559 17.01632895721051 30.904924261239675 12.98191148928506 15.494927995764712 4.776994975621888 9.1534475423494 -3.617863836870124 -0.6478310701451242 15.985327777958751 3.8219726404531356 7.63001838406554 -1.9830945783351872 1.6392089070861005 17.517434487385337 -4.743292226148306 3.389796817332318 -1.0626157072774767 -10.536527956888937 -8.387038661399247 -11.89681663736211 -2.8430976076756664
14.849699398797595 6.826372682094224 -2.0554561311050534 1.4196146469327786 -0.5483091645711902 -5.578646179630322 -4.160970214783184 10.366279258658711 17.02522335655363 30.913818660582795 12.99080588862818 15.503822395107832 4.785889374965008 9.162341941692521 -3.608969437527004 -0.6389366708020041 15.994222177301872 3.8308670397962556 7.63891278340866 -1.9742001789920671 1.6481033064292205 17.526328886728457 -4.734397826805186 3.39869121667542 -1.0537213079343566 -10.527633557545817 -8.378144262056127 -11.887922238018989 -2.8342032083325464
14.909819639278556 6.8352308555097885 -2.046597957689489 1.428472820348361 -0.5394509911556256 -5.569788006214758 -4.152112041367619 10.375137432074276 17.034081529969196 30.922676833998363 12.999664062043745 15.512680568523397 4.794747548380573 9.171200115108086 -3.6001112641114394 -0.6300784973864395 16.003080350717436 3.839725213211838 7.6477709568242425 -1.9653420055765025 1.6569614798447851 17.535187060144022 -4.725539653389621 3.4075493900910026 -1.044863134518792 -10.518775384130235 -8.369286088640544 -11.879064064603424 -2.8253450349169817
14.969939879759519 6.844053561871402 -2.0377752513278757 1.437295526709974 -0.5306282847940125 -5.5609652998531445 -4.143289335006006 10.383960138435889 17.04290423633081 30.931499540359976 13.008486768405358 15.52150327488501 4.803570254742186 9.180022821469699 -3.5912885577498264 -0.6212557910248264 16.011903057079067 3.848547919573451 7.6565936631858555 -1.9565192992148894 1.6657841862063982 17.544009766505635 -4.716716947028008 3.4163720964526156 -1.036040428157179 -10.509952677768622 -8.360463382278931 -11.870241358241811 -2.8165223285553687
15.03006012024048 6.852840118208476 -2.028988694990801 1.4460820830470311 -0.5218417284569554 -5.55217874351607 -4.1345027786689315 10.392746694772963 17.051690792667866 30.94028609669704 13.017273324742433 15.530289831222085 4.812356811079261 9.188809377806756 -3.5825020014127515 -0.6124692346877694 16.020689613416124 3.857334475910508 7.665380219522913 -1.9477327428778146 1.674570742543473 17.552796322842692 -4.707930390690933 3.4251586527896727 -1.027253871820104 -10.501166121431565 -8.351676825941874 -11.861454801904737 -2.807735772218294
15.090180360721442 6.8615914085307494 -2.020237404668528 1.4548333733693042 -0.5130904381346646 -5.543427453193797 -4.125751488346658 10.401497985095236 17.060442082990157 30.949037387019327 13.026024615064706 15.539041121544358 4.821108101401534 9.197560668129046 -3.5737507110904785 -0.6037179443654785 16.029440903738397 3.866085766232781 7.674131509845203 -1.9389814525555416 1.683322032865746 17.561547613164983 -4.69917910036866 3.4339099431119635 -1.018502581497831 -10.492414831109292 -8.342925535619601 -11.852703511582463 -2.798984481896021
15.150300601202405 6.87030773893337 -2.0115210742659073 1.4635497037719425 -0.504374107732044 -5.534711122791176 -4.117035157944038 10.410214315497857 17.069158413392778 30.957753717421948 13.034740945467327 15.547757451946978 4.8298244318041545 9.206276998531667 -3.565034380687858 -0.595001613962858 16.038157234141035 3.8748020966354195 7.682847840247824 -1.930265122152921 1.6920383632683667 17.570263943567603 -4.6904627699660395 3.442626273514584 -1.0097862510952105 -10.483698500706653 -8.334209205216963 -11.843987181179843 -2.7902681514934002
15.210420841683366 6.878989416033452 -2.002839397165843 1.4722313808720067 -0.4956924306319799 -5.526029445691094 -4.108353480843974 10.418895992597921 17.077840090492842 30.96643539452202 13.043422622567409 15.556439129047043 4.8385061089042365 9.214958675631731 -3.5563527035877938 -0.5863199368627938 16.0468389112411 3.8834837737354837 7.691529517347888 -1.921583445052839 1.7007200403684486 17.578945620667668 -4.681781092865958 3.4513079506146482 -1.0011045739951285 -10.47501682360659 -8.325527528116899 -11.835305504079761 -2.7815864743933183
15.270541082164328 6.887636721585846 -1.9941920916134315 1.4808786864244006 -0.48704512507958597 -5.5173821401387 -4.099706175291562 10.427543298150333 17.086487396045236 30.975082700074413 13.052069928119803 15.565086434599454 4.84715341445663 9.223605981184125 -3.547705398035382 -0.5776726313103999 16.055486216793494 3.8921310792878776 7.700176822900282 -1.9129361395004452 1.7093673459208425 17.58759292622006 -4.673133787313564 3.459955256167042 -0.9924572684427346 -10.466369518054195 -8.316880222564505 -11.826658198527367 -2.7729391688409244
15.33066132264529 6.896249956196314 -1.985578857002963 1.489491921034869 -0.4784318904691176 -5.508768905528232 -4.091092940681094 10.436156532760801 17.095100630655704 30.983695934684878 13.060683162730271 15.573699669209923 4.855766649067099 9.232219215794611 -3.5390921634249137 -0.5690593966999138 16.064099451403962 3.900744313898346 7.70879005751075 -1.9043229048899768 1.7179805805313109 17.59620616083053 -4.664520552703095 3.4685684907775105 -0.9838440338322663 -10.457756283443727 -8.308266987954037 -11.818044963916899 -2.764325934230456
15.390781563126252 6.904829405384021 -1.9769994078152564 1.4980713702225756 -0.46985244128139314 -5.500189456340525 -4.082513491493387 10.444735981948508 17.10368007984343 30.9922753838726 13.069262611917978 15.58227911839763 4.8643460982548055 9.240798664982318 -3.530512714237207 -0.5604799475122071 16.07267890059167 3.9093237630860704 7.717369506698475 -1.89574345570227 1.7265600297190176 17.604785610018254 -4.655941103515389 3.477147939965235 -0.9752645846445596 -10.44917683425602 -8.29968753876633 -11.809465514729192 -2.7557464850427493
15.450901803607215 6.913375363929823 -1.9684534492694716 1.5066173287683782 -0.46130648273560837 -5.491643497794723 -4.073967532947602 10.453281940494293 17.112226038389213 31.00082134241838 13.077808570463763 15.590825076943414 4.872892056800608 9.249344623528103 -3.5219667556914223 -0.5519339889664223 16.08122485913747 3.917869721631855 7.72591546524426 -1.8871974971564676 1.7351059882648023 17.61333156856404 -4.647395144969586 3.4856938985110197 -0.966718626098757 -10.440630875710218 -8.291141580220527 -11.80091955618339 -2.747200526496947
15.511022044088175 6.921888110917234 -1.9599407022820436 1.5151300757557884 -0.45279373574819815 -5.483130750807312 -4.065454785960174 10.46179468748172 17.120738785376624 31.0093340894058 13.08632131745119 15.599337823930842 4.881404803788018 9.25785737051553 -3.5134540087039943 -0.5434212419790121 16.08973760612488 3.9263824686192654 7.73442821223167 -1.8786847501690573 1.7436187352522303 17.62184431555145 -4.638882397982176 3.49420664549843 -0.9582058791113468 -10.432118128722808 -8.282628833233117 -11.79240680919598 -2.7386877795095366
