web/models/mosfit_kne/mosfit_kn_1.0000/mosfit_kn_0.062996_0.3277_1.0000.dat
# %ECSV 1.0
# ---
# datatype:
# - {name: time, datatype: float64}
# - {name: PS1_g, datatype: float64}
# - {name: PS1_i, datatype: float64}
# - {name: PS1_r, datatype: float64}
# - {name: PS1_w, datatype: float64}
# - {name: PS1_y, datatype: float64}
# - {name: PS1_z, datatype: float64}
# - {name: swift_uvot_B, datatype: float64}
# - {name: swift_uvot_U, datatype: float64}
# - {name: swift_uvot_uvm2, datatype: float64}
# - {name: swift_uvot_uvw1, datatype: float64}
# - {name: swift_uvot_uvw2, datatype: float64}
# - {name: swift_uvot_V, datatype: float64}
# - {name: johnson_B, datatype: float64}
# - {name: johnson_I, datatype: float64}
# - {name: johnson_R, datatype: float64}
# - {name: johnson_U, datatype: float64}
# - {name: johnson_V, datatype: float64}
# - {name: sdss_g, datatype: float64}
# - {name: sdss_i, datatype: float64}
# - {name: sdss_r, datatype: float64}
# - {name: sdss_u, datatype: float64}
# - {name: sdss_z, datatype: float64}
# - {name: ATLAS_c, datatype: float64}
# - {name: ATLAS_o, datatype: float64}
# - {name: ukirt_H, datatype: float64}
# - {name: ukirt_J, datatype: float64}
# - {name: ukirt_K, datatype: float64}
# - {name: Clear, datatype: float64}
# meta: !!omap
# - comment: [kappa = 1.0, type = rprocess, mass = 0.06299605249512866, velocity = 0.32766666666666666, theta_obs = 0.0, tfloor = 1000.0]
# schema: astropy-2.0
time PS1_g PS1_i PS1_r PS1_w PS1_y PS1_z swift_uvot_B swift_uvot_U swift_uvot_uvm2 swift_uvot_uvw1 swift_uvot_uvw2 swift_uvot_V johnson_B johnson_I johnson_R johnson_U johnson_V sdss_g sdss_i sdss_r sdss_u sdss_z ATLAS_c ATLAS_o ukirt_H ukirt_J ukirt_K Clear
[from data line 85]
5.170340681362725 -5.698435068638226 -10.720995882505306 -8.78312067990743 -9.449819627787654 -12.56306587346332 -11.848950203908988 -3.702474536615191 -0.3979030780548596 9.093327411719653 -0.11996450137935666 1.8026274539329248 -7.03208499865329 -4.132577367840117 -11.723249733722422 -9.745596388447925 -0.8866097979068787 -7.361508165470203 -5.233679247882677 -10.677943346979042 -8.702418096961875 0.23710772301779315 -12.086794133098042 -7.416535134738016 -9.949855260952702 -14.821584601798406 -13.894920373325322 -15.302975095267273 -10.485673720232676
5.2304609218436875 -5.460135944399731 -10.56812584284673 -8.595835130134244 -9.288464119507953 -12.44733962079458 -11.717996531289785 -3.4305136795117894 -0.05370499262648187 9.553398954386584 0.14317785314318643 2.0706460858304756 -6.810770028636608 -3.873723046182644 -11.582035389506864 -9.577720584614912 -0.5533367837556579 -7.15011707835117 -4.987595855061198 -10.524137695722828 -8.512458612678717 0.5783781566245061 -11.961911523398072 -7.214064500742445 -9.788914907307547 -14.76374082959001 -13.810612347955702 -15.263815173874454 -10.349420634592441
5.290581162324649 -5.220017102507644 -10.413856085708737 -8.406994193918926 -9.125889332109498 -12.330415600637199 -11.585747392975527 -3.156519724257204 0.29299092479998756 10.015375091426609 0.4074747173096509 2.3403191795324543 -6.5876245059959375 -3.613110276575768 -11.439509345771548 -9.408621917014994 -0.2176533495191112 -6.937121222200877 -4.739654066621544 -10.36893022761534 -8.320895031405264 0.9221556891036897 -11.835822779163774 -7.010089643741111 -9.626709431978533 -14.705106009665748 -13.725331537932275 -15.224015068148622 -10.212215693596907
5.350701402805611 -4.9781354655779175 -10.258228374183851 -8.216646544378055 -8.962134600838585 -12.212327668752785 -11.45223969306711 -2.880557240405831 0.6421079294929302 10.479156559298485 0.672879443952024 2.6116012007000546 -6.362703813330122 -3.3508028493991344 -11.295711262421985 -9.238348599519572 0.12036357229089811 -6.722577299910097 -4.4899125175484755 -10.212363038436596 -8.12777656056026 1.2683620142715846 -11.708564775563044 -6.804658711615339 -9.463281763122922 -14.64570106634175 -13.639105223733184 -15.183591046536938 -10.07409345406451
5.410821643286573 -4.734670247397315 -10.101367237757195 -8.024939491156271 -8.797325512580407 -12.093175230330768 -11.317582977434544 -2.6028287634629264 0.9933975630864114 10.94442345807552 0.939212342524574 2.884309684634602 -6.136178011919278 -3.0869958710745533 -11.150758098166087 -9.067037865809315 0.46047048363583765 -6.506651671443515 -4.238555742234844 -10.054561419493595 -7.933252383156546 1.616748416588667 -11.58024408973116 -6.597925252813788 -9.298760835752358 -14.585585451030061 -13.55201155020893 -15.14258912124731 -9.935162784738107
5.4709418837675345 -4.489730287800988 -9.943349711487794 -7.8319635895410045 -8.631537686178543 -11.973020137088817 -11.181845183170047 -2.3234574831775943 1.3467098422412074 11.410988879531626 1.2063707885357648 3.1583393918014093 -5.908151479642439 -2.8218082335584467 -11.004722395184878 -8.89477498254201 0.8025195055819868 -6.289447405619517 -3.9856958211773197 -9.895602915118289 -7.737414277167627 1.967163856037626 -11.45092724049503 -6.389981877052033 -9.13322561570686 -14.524796455509373 -13.464099448651313 -15.101038076763158 -9.795489129327244
5.531062124248497 -4.24342650853978 -9.784254298528001 -7.6378110622997575 -8.464848051309453 -11.8519254373944 -11.04509557831081 -2.0425689550360735 1.701891666190907 11.878665545238164 1.4742501335002172 3.4335818208186244 -5.678730701064095 -2.5553606897144694 -10.8576780323964 -8.72164629000893 1.1463598041147338 -6.071069304866598 -3.731446976217949 -9.735566541447387 -7.540355776770564 2.3194541873390584 -11.320681946389808 -6.18092285102767 -8.966756262737814 -14.463372036767995 -13.375418740051968 -15.058967155334988 -9.655138863083028
5.591182364729459 -3.9959213449657582 -9.624194451536603 -7.442615685308223 -8.297369678639228 -11.729981909098814 -10.907434162320673 -1.7603468598424599 2.0587174397153873 12.347176066256203 1.7426905968112298 3.7098706404268147 -5.448070625685884 -2.287828912400198 -10.709731495104428 -8.547775166129956 1.4917703082925793 -5.851668181131797 -3.4759764535616355 -9.574566438320744 -7.3422125976952834 2.67339331814048 -11.189605315319078 -5.970886696523792 -8.79946892122991 -14.401366416871396 -13.286040725219317 -15.016418110318382 -9.514209268903251
5.651302605210421 -3.747266470059998 -9.46320865839569 -7.246421831184282 -8.129137434964768 -11.607220974197006 -10.768895167931714 -1.4768499317709705 2.4171168170860113 12.816447453943468 2.0116521520293245 3.9871612889388754 -5.216222470659358 -2.019269215702679 -10.560919214264352 -8.373203826973008 1.83868062845163 -5.631295386420089 -3.2193374766282545 -9.412641391172478 -7.143029914828372 3.0289092343372737 -11.057731284414789 -5.759916361545425 -8.631401483397667 -14.33879889657623 -13.195990602039236 -14.9734056768761 -9.372730089502177
5.7114228456913825 -3.4976795046979348 -9.301447882843181 -7.049407767538938 -7.960302923197027 -11.483763228414965 -10.629611644379864 -1.1923241183111977 2.7767863338523746 13.286109095342798 2.280916813504295 4.265225059928422 -4.98339326260058 -1.7499156212363547 -10.411382628188985 -8.198094734572258 2.186794371374574 -5.410150761844236 -2.961754085408881 -9.249943229130348 -6.942988683709217 3.3856985841588916 -10.925188447370768 -5.548197637219747 -8.462708340375134 -14.275741159460116 -13.1053627250742 -14.929984998540549 -9.2308313033422
5.771543086172344 -3.2472351891200013 -9.138966325053595 -6.8516364170201705 -7.790916991288643 -11.359652627116237 -10.489631722115096 -0.9068541710794975 3.137622886666449 13.75605219908429 2.5504206963142555 4.543990573601807 -4.7496561056935365 -1.4798483825710067 -10.261172767464874 -8.022505871050349 2.536009584879604 -5.18830589845505 -2.7033032363887877 -9.086526517270759 -6.7421530094338955 3.7436568900271183 -10.792023875394836 -5.335793128675608 -8.293443078786886 -14.212219827038977 -13.014191942495879 -14.886176394763202 -9.088556002491028
5.831663326653306 -2.996073680945557 -8.975862547539268 -6.653223457302033 -7.621076420781563 -11.234968328191819 -10.349042543792244 -0.6205986330028701 3.4994313576682323 14.226052294216146 2.820030203114126 4.823313610106524 -4.515145593973913 -1.2092175273275567 -10.110382053867852 -7.846542263104362 2.886135193644097 -4.965890744561034 -2.4441292163279016 -8.92249040134228 -6.5406405352199215 4.102588391269801 -10.658321936684239 -5.122821689078183 -8.123705040081113 -14.148282189135307 -12.92254037855068 -14.842016114370152 -8.945986583301817
5.891783567134269 -2.7443198366486143 -8.812224768089845 -6.45427216913161 -7.450867112796651 -11.109781332563369 -10.207922218888772 -0.33369876976299223 3.8620379287409 14.695915055806662 3.089628682455388 5.103066354448128 -4.279982056905774 -0.9381562595586461 -9.959093210871377 -7.670297283521006 3.2370009037832825 -4.743021279318442 -2.1843605536322563 -8.75792362188685 -6.338556396060788 4.462318512537902 -10.524158235731367 -4.909388912325259 -7.9535825497795365 -14.083970728673714 -12.830463792826786 -14.797536676614554 -8.80319589512549
5.95190380761523 -2.4920849685372737 -8.648132027961726 -6.25487484490538 -7.280365363961145 -10.984155401801665 -10.06634084102286 -0.04628054641947371 4.2252876354897495 15.165472618575869 3.3591143800230765 5.383135455910374 -4.0442731742375075 -0.6667828978019801 -9.807380358701955 -7.493853980351013 3.588454826473011 -4.519801095822246 -1.9241118282163683 -8.592905689099144 -6.135994636424815 4.822691445800036 -10.389600600492663 -4.695588676846523 -7.783154186976748 -14.019323667928274 -12.738012297122284 -14.752767303916608 -8.660248375328354
6.012024048096192 -2.239514341019362 -8.483686418114242 -6.055151130597594 -7.109671216649822 -10.85817262438308 -9.92438881687102 0.24149178715977443 4.588977651742603 15.63449820694387 3.628349951892354 5.663369761831355 -3.808158599168359 -0.39525169068977234 -9.655339097288344 -7.317319446877726 3.9402988105371395 -4.296363857847713 -1.663532554696605 -8.42753926873618 -5.933077097516097 5.183503940300387 -10.254736192656644 -4.481543994742143 -7.61252212206486 -13.954389979564999 -12.645250178660843 -14.707745495667693 -8.517228631166471
6.072144288577154 -1.9866762572661756 -8.318937781010547 -5.855158469912691 -6.9388306469557826 -10.731873665533627 -9.782110660836825 0.529540841303423 4.953013123327015 16.102904309075964 3.8972801085780167 5.943702460395382 -3.571705686544882 -0.12363424544066631 -9.503016222521314 -7.140744642792154 4.292439492429548 -4.072774149318989 -1.402693031112232 -8.261874511221112 -5.729862567910704 5.544659979418398 -10.119608165060452 -4.267311678219485 -7.441734331413894 -13.889194316617795 -12.552209579502785 -14.662490011033407 -8.37417481683417
6.132264529058116 -1.733754510086225 -8.15401436501805 -5.6550474902448045 -6.767970560422221 -10.605361452790714 -9.639619883032466 0.8176589479996366 5.317136767380788 16.570398489119814 4.165727655802307 6.223939327598483 -3.335090416662017 0.14787477851084646 -9.350531674736857 -6.964263444969288 4.644626223916511 -3.8491994420809457 -1.1417824030704438 -8.09604034972633 -5.526504416147731 5.905902404673551 -9.98432555586886 -4.053047752173615 -7.2709195546382865 -13.823797869231276 -12.458970873134072 -14.61704775600573 -8.231194186106254
6.192384769539078 -1.4807615332123092 -7.988928016189885 -5.454830380428426 -6.5970977035131995 -10.478646545122459 -9.49692765330088 1.1058318145303658 5.681331978214406 17.036994874027403 4.4336968636037 6.504074268811376 -3.098327627478537 0.4192640441060253 -9.197896728165802 -6.787885622418231 4.9968417234575995 -3.625653866458209 -0.8808134558709213 -7.93004873659644 -5.32301558476469 6.267213014533617 -9.848899456136895 -3.8387609973314696 -7.100086261285448 -13.7582076220154 -12.365542812070503 -14.571423897245646 -8.08829110358559
6.25250501002004 -1.2278951885678957 -7.823816511097856 -5.254668988173901 -6.426348711064183 -10.351839509295413 -9.354155960627075 1.3938359598570293 6.045321404357775 17.502378164580424 4.700996525158239 6.7838970561793985 -2.8616065916576554 0.6903245868513925 -9.045240143601358 -6.611754180440131 5.3488161876225675 -3.4023168046422443 -0.619989790687896 -7.764038159706423 -5.1195609115286445 6.628314894237022 -9.71344678503165 -3.6246194553057975 -6.929372643255292 -13.692489238634236 -12.272011625157118 -14.525668794165812 -7.945580821746976
6.312625250501002 -0.9751692406519297 -7.658692505531217 -5.054576422827033 -6.255731258971853 -10.224951584113615 -9.21131674383128 1.6816556545892858 6.409086351670741 17.966560880843844 4.9676296616994975 7.063399473368236 -2.624943360300958 0.9610441275896837 -8.89257389889065 -6.435879097845743 5.7005305496349195 -3.17920304703257 -0.3593255487106717 -7.5980213707670075 -4.916154320914927 6.98918793324923 -9.577979212103465 -3.410633071635605 -6.75878782658895 -13.62665010749337 -12.178386544774591 -14.479787955979207 -7.803068331118617
6.372745490981964 -0.7227596898880329 -7.49367887034893 -4.854696729537906 -6.085366568068906 -10.098081568544366 -9.068518968618857 1.9690921501044023 6.772379929515893 18.429267890930166 5.233428796309081 7.342394884865207 -2.3885066556437566 1.2312376820425859 -8.740012777576347 -6.26038666439585 6.051744812263003 -2.9564717967342853 -0.09900180929191649 -7.432121858914975 -4.712942655334746 7.349585625535351 -9.442600989556773 -3.196951072308618 -6.58845433388457 -13.560748981297904 -12.084744618592074 -14.433826440854796 -7.660855428194573
6.432865731462925 -0.47067208528920546 -7.328782556573454 -4.655036224079456 -5.915256598920813 -9.971236194608064 -8.925769597112208 2.256139052939962 7.135194812102004 18.89052611322956 5.498405509034736 7.6208835139076 -2.1523047135941136 1.5009021134254892 -8.587563389241748 -6.085280297230622 6.4024511467412 -2.7341300089557636 0.16097575309691692 -7.26634663004214 -4.509932975207409 7.709499313249655 -9.307318892756129 -2.9835764044309165 -6.418375325140815 -13.494790611111432 -11.991091545353035 -14.387787769214471 -7.518942105828561
6.492985971943887 -0.2190574659069 -7.164109378385692 -4.45571863842952 -5.745505063644121 -9.844500760661496 -8.783162653194498 2.542625845653185 7.497318985046775 19.350104862486436 5.762418859046239 7.898705722586655 -1.9164827197022773 1.7698795585935796 -8.435324545687283 -5.910667521295861 6.752443607329759 -2.5123140093517877 0.42045176650871596 -7.1008020159928265 -4.307251552860194 8.068717284340341 -9.17222271240913 -2.7706368741197274 -6.248655578463502 -13.428825827823301 -11.897493859888185 -14.34171093452642 -7.37741500999217
6.55310621242485 0.03206466020120757 -6.999675641571521 -4.256761402531399 -5.576123737516223 -9.717889447515287 -8.640713370239723 2.828530449624126 7.858725337285506 19.80800551772101 6.025465559217071 8.17584591672611 -1.6810619433753906 2.038152333110222 -8.283311542020535 -5.736561195086243 7.101695418248102 -2.291042698738754 0.6794062056363082 -6.935504408618645 -4.104916750728851 8.427211416043559 -9.037326985983132 -2.558147476776842 -6.079307839813115 -13.36286375583814 -11.803962991963457 -14.295602866909698 -7.236282407042296
6.613226452905812 0.28258073720834886 -6.8355615547830695 -4.058257821370681 -5.407190129501629 -9.591467237540279 -8.498493279818451 3.113724704685347 8.219254392480924 20.26406300262983 6.287443927793159 8.452185192183293 -1.446152187765979 2.305602874775015 -8.13159925531907 -5.5630412667215206 7.450051754112053 -2.070418444233881 0.9377222860678636 -6.7705343959179665 -3.903023980349296 8.784822314337415 -8.902699874296118 -2.346203900120294 -5.910410473317285 -13.296943309848908 -11.710549694199448 -14.249493431411471 -7.09560846618146
6.673346693386773 0.5324832962474879 -6.6717750790145836 -3.8602154466153316 -5.238707689965398 -9.465241679346796 -8.356510285230101 3.3982001765114314 8.578895857065945 20.718298414771187 6.548362771542706 8.727720683053818 -1.2117632384409596 2.572226512415497 -7.980195164534144 -5.390111518445829 7.797502308504079 -1.8504489942774758 1.1953923795488386 -6.605899974380858 -3.7015815773998817 9.141538709531325 -8.768348817379028 -2.1348109103793433 -5.74196770081592 -13.231069728847851 -11.617260227393052 -14.203386618167995 -6.95539432952522
6.733466933867735 0.7816543343647275 -6.50839931786324 -3.6627310227331478 -5.070757058597906 -9.339280076892145 -8.21483850924448 3.6818237482829455 8.93748385076293 21.170537660442715 6.808115580382097 9.002328270096577 -0.9780089791911742 2.8379012742432645 -7.829176803330809 -5.217854494032317 8.14388627883205 -1.6312401437373023 1.4522951437791676 -6.44168462473889 -3.500688462825128 9.497195025133554 -8.634344295641565 -1.9240680644983321 -5.574060826460219 -13.165283285583785 -11.52414710015053 -14.157313377458303 -6.815706714218219
6.793587174348697 1.0301060362602854 -6.345428695969613 -3.4657960806126376 -4.903328064954557 -9.213579206913689 -8.073473938590752 3.9646092152868997 9.29503564071494 21.620834511442673 7.066731011010532 9.276026191572338 -0.7448805165402853 3.102643506664307 -7.678538999797083 -5.046259561472255 8.489220201484454 -1.4127817699742071 1.7084431793372978 -6.277882734119391 -3.3003366955795066 9.851807495041314 -8.500682301191045 -1.7139633860853465 -5.406680279795175 -13.099582903999847 -11.431208203713277 -14.111272891200988 -6.67653517435717
