web/models/mosfit_kne/mosfit_kn_1.0000/mosfit_kn_0.001000_0.0770_1.0000.dat
# %ECSV 1.0
# ---
# datatype:
# - {name: time, datatype: float64}
# - {name: PS1_g, datatype: float64}
# - {name: PS1_i, datatype: float64}
# - {name: PS1_r, datatype: float64}
# - {name: PS1_w, datatype: float64}
# - {name: PS1_y, datatype: float64}
# - {name: PS1_z, datatype: float64}
# - {name: swift_uvot_B, datatype: float64}
# - {name: swift_uvot_U, datatype: float64}
# - {name: swift_uvot_uvm2, datatype: float64}
# - {name: swift_uvot_uvw1, datatype: float64}
# - {name: swift_uvot_uvw2, datatype: float64}
# - {name: swift_uvot_V, datatype: float64}
# - {name: johnson_B, datatype: float64}
# - {name: johnson_I, datatype: float64}
# - {name: johnson_R, datatype: float64}
# - {name: johnson_U, datatype: float64}
# - {name: johnson_V, datatype: float64}
# - {name: sdss_g, datatype: float64}
# - {name: sdss_i, datatype: float64}
# - {name: sdss_r, datatype: float64}
# - {name: sdss_u, datatype: float64}
# - {name: sdss_z, datatype: float64}
# - {name: ATLAS_c, datatype: float64}
# - {name: ATLAS_o, datatype: float64}
# - {name: ukirt_H, datatype: float64}
# - {name: ukirt_J, datatype: float64}
# - {name: ukirt_K, datatype: float64}
# - {name: Clear, datatype: float64}
# meta: !!omap
# - comment: [kappa = 1.0, type = rprocess, mass = 0.001, velocity = 0.07700000000000001, theta_obs = 0.0, tfloor = 1000.0]
# schema: astropy-2.0
time PS1_g PS1_i PS1_r PS1_w PS1_y PS1_z swift_uvot_B swift_uvot_U swift_uvot_uvm2 swift_uvot_uvw1 swift_uvot_uvw2 swift_uvot_V johnson_B johnson_I johnson_R johnson_U johnson_V sdss_g sdss_i sdss_r sdss_u sdss_z ATLAS_c ATLAS_o ukirt_H ukirt_J ukirt_K Clear
[from data line 205]
12.384769539078157 11.07714365189194 2.1953148386926458 5.670385616730496 3.702461805226509 -1.3278752098326052 0.08980075501451523 14.61705022845641 21.27599432635133 35.16458963038051 17.241576858425898 19.754593364905542 9.036660344762726 13.41311291149022 0.6418015322706951 3.611834298995695 20.24499314709959 8.081638009593972 11.889683753206377 2.27657079080565 5.8988742762269375 21.777099856526156 -0.48362685700746866 7.649462186473137 3.1970496618633604 -6.276862587748101 -4.12737329225841 -7.637151268221272 1.4165677614651706
12.444889779559118 11.087136416827796 2.205307603628519 5.680378381666369 3.7124545701623823 -1.317882444896732 0.09979351995038854 14.627042993392283 21.285987091287204 35.17458239531638 17.251569623361753 19.764586129841415 9.0466531096986 13.423105676426093 0.6517942972065685 3.621827063931568 20.25498591203545 8.091630774529845 11.89967651814225 2.286563555741523 5.908867041162793 21.78709262146203 -0.47363409207159535 7.6594549514090104 3.207042426799216 -6.266869822812228 -4.117380527322537 -7.627158503285399 1.426560526401044
12.50501002004008 11.097086802766079 2.215257989566801 5.690328767604651 3.7224049561006645 -1.3079320589584498 0.10974390588867067 14.636993379330566 21.295937477225486 35.18453278125466 17.261520009300035 19.774536515779687 9.056603495636882 13.433056062364376 0.6617446831448506 3.6317774498698503 20.264936297973733 8.101581160468127 11.909626904080532 2.2965139416797875 5.918817427101075 21.797043007400312 -0.463683706133331 7.669405337347293 3.216992812737498 -6.256919436873946 -4.107430141384254 -7.617208117347134 1.4365109123393083
12.565130260521041 11.106995311513312 2.2251664983140174 5.700237276351867 3.7323134648478806 -1.2980235502112336 0.11965241463588683 14.646901888077782 21.305845985972702 35.19444129000188 17.27142851804727 19.784445024526914 9.066512004384098 13.442964571111592 0.6716531918920845 3.6416859586170665 20.27484480672096 8.111489669215343 11.919535412827749 2.3064224504270214 5.928725935848309 21.806951516147528 -0.45377519738609706 7.679313846094509 3.226901321484732 -6.24701092812673 -4.097521632637038 -7.6072996085999005 1.4464194210865422
12.625250501002004 11.116865118191246 2.2350363049919686 5.710107083029818 3.742183271525832 -1.2881537435333001 0.12952222131383806 14.656771694755733 21.315715792650643 35.204311096679824 17.281298324725203 19.794314831204854 9.076381811062031 13.452834377789543 0.681522998570018 3.6515557652950177 20.284714613398904 8.121359475893295 11.9294052195057 2.316292257104955 5.938595742526243 21.81682132282547 -0.4439053907081636 7.68918365277246 3.2367711281626654 -6.237141121448778 -4.087651825959087 -7.597429801921967 1.4562892277644757
12.685370741482965 11.126688877543689 2.2448600643444117 5.7199308423822615 3.752007030878275 -1.2783299841808393 0.13934598066628112 14.666595454108176 21.325539552003097 35.21413485603227 17.291122084077646 19.804138590557297 9.086205570414492 13.462658137141986 0.691346757922461 3.6613795246474607 20.294538372751347 8.131183235245738 11.939228978858143 2.326116016457398 5.948419501878686 21.826645082177922 -0.43408163135572053 7.699007412124903 3.2465948875151085 -6.227317362096335 -4.077828066606644 -7.587606042569524 1.4661129871169187
12.745490981963927 11.136474572535544 2.2546457593362668 5.729716537374099 3.76179272587013 -1.268544289189002 0.14913167565813623 14.676381149100031 21.33532524699494 35.22392055102412 17.3009077790695 19.813924285549152 9.09599126540633 13.472443832133841 0.7011324529143161 3.671165219639316 20.304324067743202 8.140968930237593 11.949014673849998 2.335901711449253 5.958205196870541 21.836430777169767 -0.4242959363638654 7.708793107116758 3.2563805825069636 -6.217531667104498 -4.068042371614807 -7.577820347577669 1.4758986821087738
12.80561122244489 11.146220526178556 2.264391712979279 5.739462491017129 3.7715386795131423 -1.2587983355459897 0.15887762930114846 14.686127102743043 21.345071200637964 35.233666504667134 17.310653732712513 19.823670239192165 9.105737219049342 13.482189785776853 0.7108784065573284 3.680911173282328 20.314070021386215 8.150714883880605 11.95876062749301 2.3456476650922653 5.967951150513553 21.84617673081278 -0.4145499827208532 7.71853906075977 3.266126536149976 -6.207785713461468 -4.058296417971777 -7.568074393934657 1.485644635751786
12.86573146292585 11.155927075882381 2.2740982626830863 5.749169040720936 3.7812452292169496 -1.2490917858421646 0.16858417900495581 14.69583365244685 21.35477775034177 35.243373054370956 17.32036028241634 19.83337678889598 9.115443768753167 13.49189633548066 0.7205849562611357 3.6906177229861354 20.32377657109003 8.160421433584412 11.968467177196818 2.3553542147960904 5.977657700217378 21.855883280516597 -0.4048434330170281 7.728245610463578 3.275833085853801 -6.198079163757661 -4.048589868267969 -7.5583678442308315 1.4953511854556112
12.925851703406813 11.165594694231995 2.2837658810327177 5.75883665907055 3.790912847566563 -1.239424167492551 0.17825179735458718 14.705501270796482 21.364445368691392 35.253040672720566 17.330027900765952 19.843044407245596 9.12511138710278 13.501563953830274 0.7302525746107671 3.700285341335749 20.333444189439643 8.170089051934026 11.978134795546431 2.365021833145704 5.987325318566992 21.865550898866218 -0.39517581466741447 7.737913228813191 3.2855007042034146 -6.188411545408047 -4.038922249918356 -7.548700225881218 1.5050188038052248
12.985971943887774 11.175223858909096 2.2933950457098184 5.768465823747668 3.8005420122436817 -1.2297950028154503 0.18788096203168791 14.715130435473583 21.374074533368493 35.262669837397674 17.339657065443053 19.852673571922704 9.134740551779881 13.511193118507393 0.7398817392878678 3.7099145060128675 20.343073354116754 8.179718216611144 11.98776396022355 2.3746509978228048 5.996954483244092 21.87518006354332 -0.38554664999031374 7.74754239349031 3.2951298688805153 -6.178782380730929 -4.029293085241237 -7.539071061204117 1.5146479684823255
13.046092184368737 11.184815043206502 2.3029862300072246 5.778057008045057 3.81013319654107 -1.2202038185180442 0.19747214632909404 14.724721619770989 21.3836657176659 35.27226102169507 17.34924824974046 19.862264756220103 9.144331736077287 13.520784302804781 0.749472923585274 3.719505690310256 20.35266453841415 8.189309400908533 11.997355144520938 2.384242182120211 6.0065456675414985 21.884771247840725 -0.3759554656929076 7.757133577787698 3.3047210531779214 -6.16919119643354 -4.019701900943849 -7.529479876906711 1.5242391527797317
13.1062124248497 11.194368720989107 2.31253990778983 5.78761068582768 3.8196868743236934 -1.2106501407354209 0.20702582411169956 14.734275297553594 21.393219395448515 35.281814699477685 17.358801927523064 19.871818434002723 9.15388541385991 13.530337980587404 0.7590266013678795 3.729059368092879 20.362218216196766 8.198863078691156 12.006908822303561 2.3937958599028164 6.016099345324104 21.89432492562334 -0.3664017879103021 7.7666872555703215 3.314274730960527 -6.159637518650917 -4.0101482231612255 -7.5199261991241055 1.533792830562355
13.16633266533066 11.203885356439365 2.3220565432400697 5.7971273212779195 3.829203509773933 -1.2011335052851813 0.21654245956195695 14.743791933003852 21.402736030898765 35.29133133492794 17.36831856297332 19.881335069452962 9.16340204931015 13.539854616037644 0.7685432368181369 3.738576003543119 20.371734851647012 8.208379714141396 12.016425457753801 2.403312495353074 6.0256159807743614 21.90384156107359 -0.3568851524600447 7.776203891020561 3.3237913664107843 -6.150120883200677 -4.000631587710986 -7.510409563673848 1.5433094660125946
13.226452905811623 11.213365417546548 2.331536604347253 5.806607382385103 3.8386835708811162 -1.191653444177998 0.22602252066912243 14.753271994111017 21.412216092005938 35.30081139603512 17.377798624080505 19.890815130560146 9.172882110417333 13.549334677144827 0.7780232979253023 3.748056064650302 20.381214912754196 8.217859775248579 12.025905518860984 2.412792556460257 6.035096041881545 21.913321622180764 -0.34740509135286146 7.785683952127744 3.3332714275179676 -6.140640822093494 -3.9911515266038027 -7.500929502566665 1.5527895271197778
13.286573146292584 11.222809363175195 2.3409805499759173 5.816051328013749 3.848127516509763 -1.1822094985493514 0.23546646629778678 14.762715939739682 21.421660037634595 35.31025534166377 17.38724256970915 19.900259076188792 9.18232605604598 13.558778622773474 0.7874672435539667 3.7575000102789486 20.390658858382842 8.227303720877226 12.03534946448963 2.4222365020889036 6.044539987510191 21.92276556780942 -0.3379611457242149 7.795127897756391 3.342715373146614 -6.1311968764648475 -3.981707580975156 -7.491485556938018 1.5622334727484244
13.346693386773547 11.232217650584602 2.3503888373853243 5.825459615423156 3.85753580391917 -1.1728012111399444 0.2448747537071938 14.772124227149089 21.431068325044002 35.31966362907317 17.39665085711856 19.9096673635982 9.191734343455387 13.568186910182899 0.7968755309633737 3.7669082976883557 20.40006714579225 8.236712008286633 12.044757751899038 2.4316447894983106 6.053948274919598 21.932173855218828 -0.32855285831480785 7.804536185165798 3.352123660556021 -6.12178858905544 -3.972299293565749 -7.482077269528611 1.5716417601578314
13.40681362725451 11.241590734271139 2.3597619210718612 5.834832699109693 3.8669088876057067 -1.1634281274534075 0.2542478373937307 14.781497310835626 21.440441408730535 35.32903671275971 17.406023940805095 19.91904044728474 9.201107427141924 13.577559993869418 0.8062486146499106 3.7762813813748926 20.409440229478786 8.24608509197317 12.054130835585575 2.4410178731848475 6.063321358606135 21.94154693890536 -0.31917977462827096 7.813909268852335 3.361496744242558 -6.1124155053689035 -3.962926209879212 -7.472704185842074 1.5810148438443683
13.46693386773547 11.250929067636886 2.3691002544376083 5.84417103247544 3.876247220971454 -1.1540897940876604 0.26358617075947777 14.790835644201373 21.449779742096283 35.338375046125456 17.415362274170842 19.928378780650494 9.210445760507671 13.586898327235183 0.8155869480156577 3.7856197147406574 20.418778562844533 8.255423425338916 12.063469168951322 2.4503562065505946 6.072659691971882 21.95088527227111 -0.3098414412625239 7.823247602218082 3.370835077608305 -6.1030771720031565 -3.953587876513465 -7.463365852476327 1.5903531772101154
13.527054108216433 11.260233094048218 2.3784042808489403 5.853475058886772 3.885551247382786 -1.1447857676763284 0.27289019717080976 14.800139670612705 21.459083768507618 35.347679072536785 17.424666300582174 19.937682807061815 9.219749786919003 13.596202353646497 0.8248909744269897 3.7949237411519716 20.428082589255865 8.264727451750248 12.072773195362654 2.4596602329619266 6.081963718383214 21.960189298682444 -0.3005374148511919 7.832551628629414 3.380139104019637 -6.0937731455918245 -3.944283850102133 -7.454061826064995 1.5996572036214474
13.587174348697394 11.269503257538815 2.3876744443395204 5.86274522237737 3.8948214108733836 -1.1355156041857306 0.28216036066138983 14.809409834103302 21.468353931998205 35.35694923602738 17.433936464072772 19.946952970552413 9.2290199504096 13.605472517137095 0.8341611379175875 3.8041939046425695 20.437352752746463 8.273997615240846 12.082043358853252 2.4689303964525244 6.091233881873812 21.96945946217303 -0.29126725136059406 7.841821792120012 3.389409267510235 -6.084502982101227 -3.9350136866115353 -7.4447916625743975 1.6089273671120452
13.647294589178356 11.27874000008065 2.396911186881372 5.871981964919204 3.904058153415235 -1.1262788616438968 0.2913971032032414 14.818646576645136 21.477590674540046 35.36618597856922 17.443173206614606 19.956189713094258 9.238256692951435 13.614709259678946 0.8433978804594213 3.813430647184421 20.446589495288308 8.28323435778268 12.091280101395103 2.4781671389943583 6.100470624415646 21.978696204714872 -0.28203050881876024 7.851058534661863 3.398646010052069 -6.075266239559393 -3.9257769440697015 -7.435554920032564 1.618164109653879
13.707414829659317 11.287943758115144 2.406114944915867 5.881185722953699 3.9132619114497125 -1.1170751036094018 0.30060086123773644 14.827850334679631 21.48679443257454 35.375389736603715 17.4523769646491 19.965393471128746 9.24746045098593 13.623913017713424 0.8526016384939163 3.8226344052188983 20.455793253322792 8.292438115817175 12.10048385942958 2.4873708970288533 6.109674382450141 21.987899962749367 -0.2728267507842652 7.860262292696341 3.407849768086564 -6.066062481524898 -3.9165731860352064 -7.426351161998069 1.627367867688374
13.76753507014028 11.297114964663084 2.415286151463789 5.890356929501639 3.9224331179976524 -1.1079038970614619 0.3097720677856586 14.837021541227571 21.49596563912248 35.384560943151655 17.46154817119704 19.974564677676685 9.25663165753387 13.633084224261363 0.8617728450418563 3.831805611766838 20.464964459870732 8.301609322365115 12.10965506597752 2.496542103576793 6.118845588998081 21.997071169297307 -0.2636555442363253 7.8694334992442805 3.4170209746345037 -6.056891274976958 -3.9074019794872665 -7.417179955450129 1.636539074236314
13.827655310621243 11.306254050601119 2.4244252374018416 5.899496015439674 3.931572203935705 -1.0987648111234272 0.31891115372371104 14.846160627165606 21.50510472506052 35.39370002908969 17.470687257135076 19.983703763614727 9.265770743471904 13.642223310199416 0.870911930979891 3.8409446977048907 20.474103545808774 8.31074840830315 12.118794151915555 2.505681189514828 6.1279846749361155 22.006210255235345 -0.2545164582982906 7.878572585182333 3.4261600605725384 -6.047752189038923 -3.898262893549232 -7.408040869512094 1.6456781601743486
13.887775551102203 11.315361439274572 2.4335326260752943 5.908603404113144 3.9406795926091576 -1.0896574224499567 0.32801854239716377 14.855268015839059 21.51421211373398 35.40280741776315 17.47979464580853 19.99281115228818 9.274878132145375 13.651330698872869 0.8800193196533437 3.8500520863783434 20.48321093448223 8.31985579697662 12.127901540589026 2.5147885781882806 6.137092063609568 22.015317643908805 -0.24540906962483788 7.887679973855786 3.435267449245991 -6.038644800365453 -3.8891555048757613 -7.398933480838641 1.6547855488478191
13.947895791583166 11.324437556514226 2.442608743314949 5.917679521352799 3.9497557098488123 -1.080581305210302 0.3370946596368185 14.864344133078713 21.523288230973634 35.41188353500281 17.488870763048183 20.001887269527835 9.283954249385012 13.660406816112523 0.8890954368929984 3.859128203617998 20.49228705172188 8.328931914216275 12.13697765782868 2.5238646954279353 6.146168180849223 22.02439376114846 -0.23633295238518315 7.89675609109544 3.444343566485646 -6.029568683125798 -3.8800793876361066 -7.389857363598987 1.6638616660874561
14.008016032064127 11.333482817874607 2.45165400467533 5.92672478271318 3.958800971209193 -1.071536043849921 0.34613992099719937 14.873389394439094 21.532333492334015 35.420928796363185 17.497916024408564 20.010932530888216 9.29299951074541 13.669452077472904 0.8981406982533793 3.868173464978379 20.501332313082266 8.337977175576656 12.146022919189061 2.532909956788316 6.155213442209604 22.03343902250884 -0.22728769102480229 7.905801352455821 3.4533888278460267 -6.020523421765417 -3.8710341262757257 -7.380812102238606 1.672906927447837
