web/models/mosfit_kne/mosfit_kn_1.0000/mosfit_kn_0.218327_0.0300_1.0000.dat
# %ECSV 1.0
# ---
# datatype:
# - {name: time, datatype: float64}
# - {name: PS1_g, datatype: float64}
# - {name: PS1_i, datatype: float64}
# - {name: PS1_r, datatype: float64}
# - {name: PS1_w, datatype: float64}
# - {name: PS1_y, datatype: float64}
# - {name: PS1_z, datatype: float64}
# - {name: swift_uvot_B, datatype: float64}
# - {name: swift_uvot_U, datatype: float64}
# - {name: swift_uvot_uvm2, datatype: float64}
# - {name: swift_uvot_uvw1, datatype: float64}
# - {name: swift_uvot_uvw2, datatype: float64}
# - {name: swift_uvot_V, datatype: float64}
# - {name: johnson_B, datatype: float64}
# - {name: johnson_I, datatype: float64}
# - {name: johnson_R, datatype: float64}
# - {name: johnson_U, datatype: float64}
# - {name: johnson_V, datatype: float64}
# - {name: sdss_g, datatype: float64}
# - {name: sdss_i, datatype: float64}
# - {name: sdss_r, datatype: float64}
# - {name: sdss_u, datatype: float64}
# - {name: sdss_z, datatype: float64}
# - {name: ATLAS_c, datatype: float64}
# - {name: ATLAS_o, datatype: float64}
# - {name: ukirt_H, datatype: float64}
# - {name: ukirt_J, datatype: float64}
# - {name: ukirt_K, datatype: float64}
# - {name: Clear, datatype: float64}
# meta: !!omap
# - comment: [kappa = 1.0, type = rprocess, mass = 0.21832694463104688, velocity = 0.030000000000000023, theta_obs = 0.0, tfloor = 1000.0]
# schema: astropy-2.0
time PS1_g PS1_i PS1_r PS1_w PS1_y PS1_z swift_uvot_B swift_uvot_U swift_uvot_uvm2 swift_uvot_uvw1 swift_uvot_uvw2 swift_uvot_V johnson_B johnson_I johnson_R johnson_U johnson_V sdss_g sdss_i sdss_r sdss_u sdss_z ATLAS_c ATLAS_o ukirt_H ukirt_J ukirt_K Clear
[from data line 337]
20.32064128256513 -9.680970903221269 -12.663502914205846 -11.549233340957823 -11.683172867724494 -13.629367895805888 -13.269984677880462 -8.46780750743416 -6.854888808254476 -0.4793586645633523 -5.054287625716221 -3.1099869423778723 -10.573646080254282 -8.648972896621338 -13.397798643472012 -12.117524809225728 -7.087594895768802 -10.716166275064152 -9.401113671513386 -12.643181647036688 -11.520654382274493 -6.135975379798744 -13.379902116380986 -10.597352131758111 -12.142426215628408 -14.555574992375478 -14.238101211750516 -14.614370112342117 -12.169401010219634
20.38076152304609 -9.638408029530154 -12.63731019056106 -11.516439617331677 -11.65376716781692 -13.61007718885407 -13.247935538447333 -8.419179448203497 -6.792936610808891 -0.38988918217894675 -4.999703998647043 -3.0563876786927966 -10.534949809309062 -8.601851418385568 -13.373665986787 -12.087380314252922 -7.0277020153672005 -10.678607463913819 -9.357080842245917 -12.61680620612859 -11.48753939012872 -6.0748595510637315 -13.358752504032747 -10.560708883619903 -12.113755418993026 -14.546470869598343 -14.224348425982106 -14.60842881653315 -12.143958499223686
20.440881763527052 -9.589251894231552 -12.60671589488986 -11.478359892824805 -11.619551539607915 -13.587312590485467 -13.222040999315485 -8.363140789652174 -6.7217854000932675 -0.2875808067945078 -4.937051765638234 -2.9948493147170328 -10.49017043479327 -8.547530425644844 -13.345409564592103 -12.052314078360695 -6.958884862710672 -10.635124471338935 -9.306257573746475 -12.586004684685399 -11.449093384166673 -6.0046523912117244 -13.333880360674648 -10.518276957239792 -12.080360883791315 -14.535269238467857 -14.2078696615558 -14.60081884190213 -12.114246969689582
20.501002004008015 -9.541882969192663 -12.577299612126698 -11.441703196337869 -11.586654679538277 -13.56547265481339 -13.197171638575238 -8.309109883782757 -6.6531333301439055 -0.1888390088129226 -4.876763414909551 -2.9356351530449873 -10.447027057216697 -8.495170307164383 -13.318256439190083 -12.018581663362948 -6.892489294205923 -10.593241650813601 -9.25727585366145 -12.556387932504123 -11.412080406811445 -5.93690907744346 -13.31000230552922 -10.477423677692226 -12.048245974266258 -14.52462540123978 -14.192115767619542 -14.59365419915329 -12.085716751185167
20.561122244488978 -9.523614683064068 -12.567255471268037 -11.428341995157147 -11.57502323200923 -13.558900434084435 -13.189210910558238 -8.28778798315619 -6.625111924421816 -0.14704820719295508 -4.8526201394365565 -2.9119827210613667 -10.430692026390648 -8.474616919855741 -13.30924971467643 -12.006563270820447 -6.865501290635613 -10.57748629546541 -9.238268619393892 -12.546251941859428 -11.398555329437876 -5.909302567448496 -13.302496506493107 -10.462144190312 -12.03696877434247 -14.523186262106316 -14.188333702161254 -14.59381065880377 -12.076089062229194
20.62124248496994 -9.511207051614168 -12.561107828662532 -11.419669411870856 -11.567670376819432 -13.555396013174548 -13.184649294510962 -8.273055292842876 -6.605279117939418 -0.11674075840043141 -4.8357587725990925 -2.895494380929303 -10.419754893793122 -8.460470516285547 -13.303892001222668 -11.998914140321137 -6.846454954040475 -10.566991328189077 -9.22529846966702 -12.540034379871106 -11.389757729043932 -5.889784977697143 -13.298281510729186 -10.452013215038232 -12.02988390412143 -14.523590729078977 -14.186953961232154 -14.595430395201275 -12.070262835525138
20.6813627254509 -9.480749591480606 -12.542929165224646 -11.396537930040527 -11.547135230513312 -13.54240318923246 -13.169582055020967 -8.2380354578629 -6.560253932986466 -0.05118553182996077 -4.796610671662691 -2.857076349211155 -10.39217916885405 -8.426603972696313 -13.287263456118136 -11.977793511550622 -6.8029720940551215 -10.54028524219502 -9.193737516039366 -12.521718556919126 -11.366380329090102 -5.845376605074595 -13.283895013938114 -10.426025527840341 -12.00987026395909 -14.518269410897291 -14.178130871237238 -14.592494659343947 -12.052725694430144
20.741482965931862 -9.428937254701086 -12.510513509065007 -11.35629778790129 -11.511017235191279 -13.518182849864449 -13.142082753417696 -8.179011052221885 -6.485419822987488 0.05603722880310702 -4.731190760198487 -2.792804873764275 -10.34491205816834 -8.369410340356755 -13.257298373055281 -11.94073902206621 -6.730573546418832 -10.494398225916635 -9.140181655300168 -12.48908619305059 -11.32574982334324 -5.771512901236768 -13.257473386515564 -10.381285273239804 -11.97456500763563 -14.506179295764133 -14.160503413175077 -14.584178039383653 -12.021353204186482
20.801603206412825 -9.373882144053045 -12.475924171583497 -11.313451959051068 -11.472548106213125 -13.492244875656976 -13.11268241186939 -8.116339844512776 -6.406061707922106 0.16951263876206557 -4.661936526162549 -2.724755063701355 -10.294643409794581 -8.308682687848158 -13.225297149452839 -11.90126657440474 -6.653784161318381 -10.4455941680904 -9.083286464076608 -12.454268154392256 -11.282489608524866 -5.6931734496141395 -13.22921318927186 -10.333706886379481 -11.936938871840255 -14.49305547573706 -14.141529617700675 -14.575042331964132 -11.987903811216967
20.861723446893787 -9.335662508391174 -12.45254263078639 -11.284083834501484 -11.446370609894085 -13.475138506108042 -13.093064050059766 -8.072594224066531 -6.350213997610545 0.2500596435062947 -4.613522578569498 -2.6772090833386417 -10.259888117808941 -8.266353818565676 -13.203793624302833 -11.874352030318544 -6.599798162205854 -10.411906157258011 -9.043732440940069 -12.430720770311456 -11.252819437932189 -5.638060957860329 -13.210423428016895 -10.300917514849797 -11.911363337764413 -14.485249411055781 -14.129477466875977 -14.570131967926477 -11.96537381955375
20.92184368737475 -9.315930780035941 -12.441474725983337 -11.269520244362106 -11.433676733556535 -13.467735678421509 -13.084193834320672 -8.04963431490749 -6.320186331013122 0.2944947958797579 -4.587877049946645 -2.6520681340597494 -10.242176886863891 -8.244224107719237 -13.193822887950379 -11.861224103327103 -6.570857277322244 -10.394820213422749 -9.023221463370081 -12.41955601975107 -11.23807886145741 -5.608461290700397 -13.20203779152969 -10.284360141417892 -11.899017390855686 -14.483280727095716 -14.125027702461262 -14.569855697884327 -11.954812820863836
20.98196392785571 -9.279479602001732 -12.41925404492287 -11.241557557546518 -11.408795810836132 -13.451536647165803 -13.065583540065138 -8.007878221087179 -6.2668189652900175 0.37150395967536287 -4.5417734455788406 -2.606789531639556 -10.209040744781205 -8.203836387983316 -13.173405305284824 -11.835624391980641 -6.519274573908859 -10.362714501149169 -8.985490173636776 -12.397176249889998 -11.20982447263577 -5.555794872440192 -13.184224655956136 -10.253128763674138 -11.874702315398888 -14.476013407085285 -14.113682244886332 -14.5653708185716 -11.933440188214082
21.04208416833667 -9.228137331093329 -12.387095548141556 -11.201657878268811 -11.373071558081627 -13.42749908347006 -13.038293359489277 -7.949379499284116 -6.192662755497249 0.4774861501561185 -4.477537905859101 -2.5436582314191223 -10.16216019250222 -8.147191705872622 -13.143679438978683 -11.798919777117522 -6.447523459092583 -10.317229713344974 -8.93242186449914 -12.36480325563802 -11.169529594136236 -5.482579582395495 -13.158011521667046 -10.20883466442795 -11.839729887022798 -14.464028251730914 -14.096193750772732 -14.557141734208974 -11.902455167826993
21.102204408817634 -9.177878025606496 -12.355646946745633 -11.162618065173469 -11.338149195816225 -13.404017127774921 -13.011619766875953 -7.89209734079484 -6.120022428641576 0.5812832674768815 -4.414766880585557 -2.4819604802294246 -10.116267844378807 -8.091737989490294 -13.114618292444355 -11.763023611064646 -6.377240630102278 -10.27271343518988 -8.880469697678404 -12.333144291911129 -11.130100080715017 -5.410857438443646 -13.132396725559694 -10.165499217564964 -11.805532628870541 -14.452377383475346 -14.079140251167244 -14.5491795891124 -11.872190742644424
21.162324649298597 -9.146316105551104 -12.336656470799952 -11.13855397386411 -11.31684958395681 -13.39035285827105 -12.995821236984995 -7.855838893767944 -6.0734970479476225 0.6486033093813477 -4.374914475671368 -2.4428197812165418 -10.08762002460924 -8.05670729397692 -13.097224557385154 -11.741066386398373 -6.332290355304117 -10.244989381028036 -8.84777620222442 -12.314013208838741 -11.105774341651404 -5.364943258692971 -13.117307292129077 -10.138571613872625 -11.78471101063666 -14.44662715348972 -14.069775906748168 -14.545897712933227 -11.854010064708831
21.22244488977956 -9.131985595915548 -12.329150473718862 -11.12829362176198 -11.308094202143142 -13.385738899636852 -12.990048261188516 -7.838957812832233 -6.051041513484758 0.6823380352154524 -4.356107080687401 -2.424396787161512 -10.07486998798096 -8.04049464874318 -13.090585756883215 -11.731951754735565 -6.310689735587022 -10.232742202406333 -8.832831336214912 -12.306430875786916 -11.095371547624051 -5.342818707801733 -13.111919754842951 -10.12675922521975 -11.776212915254796 -14.44631178967544 -14.067497434598478 -14.546923362408995 -11.846949818995256
21.28256513026052 -9.10870393572802 -12.31566733081344 -11.110855701433309 -11.292822300775569 -13.37640890710082 -12.979053661630378 -7.812012831878433 -6.016091640679964 0.7334708336808022 -4.32642649437847 -2.395265635792366 -10.053855738247528 -8.01451178565156 -13.078348201975125 -11.71616129147867 -6.276967160082318 -10.212451652628205 -8.808667506378232 -12.292838123544563 -11.077728614460902 -5.308343060513749 -13.101479176186093 -10.107095916584914 -11.761307736487865 -14.44315657914199 -14.061522209538724 -14.545694840618493 -11.83411421564859
21.34268537074148 -9.068909524954787 -12.29116120511014 -11.080178792360815 -11.265537167056312 -13.358384696437309 -12.958431026381803 -7.76649972552817 -5.9580859785446805 0.8166989160925882 -4.27671556670246 -2.3464059381718303 -10.017594848232438 -7.970505468304111 -13.055786656676986 -11.688060630263106 -6.220876004738873 -10.177323946157555 -8.7674964722207 -12.268160961127403 -11.046730661060415 -5.251074983624271 -13.081722408829322 -10.072953848966808 -11.73458851106675 -14.434773546240097 -14.048735882584554 -14.540320970298078 -11.81063610738521
21.402805611222444 -9.009730698349063 -12.253711734300197 -11.033958165432374 -11.224162743789368 -13.330151968477324 -12.926502644523268 -7.699186730877524 -5.873011327174247 0.9375650957696253 -4.203582166775561 -2.2744691705321283 -9.963429379541672 -7.905345903042441 -13.021103401346227 -11.645513779032434 -6.138521638705676 -10.124777524693547 -8.706360613626245 -12.230468360241975 -11.000051280057317 -5.167043808844163 -13.051027730419484 -10.02182284990619 -11.694005394527363 -14.420258243257996 -14.027955216917592 -14.530088914635131 -11.774684656645409
21.462925851703407 -8.958519591479295 -12.221565721600562 -10.994115901529273 -11.1885969025729 -13.306096399373164 -12.899202157069283 -7.640832892999426 -5.79906789499649 1.0428560234115531 -4.140260714133195 -2.212184200457393 -9.916608405220188 -7.84889290023575 -12.991386716971693 -11.608906597973078 -6.066964194209323 -10.079385266371615 -8.653432019488747 -12.198108996547639 -10.959804143005645 -5.094011250906263 -13.024812620268538 -9.977686391700669 -11.65912140556074 -14.40825196305619 -14.010445129224356 -14.521846770359053 -11.743888433567182
21.52304609218437 -8.923913072541154 -12.200490313749075 -10.967577922412719 -11.165107783100705 -13.290765159146325 -12.881566546565715 -7.601153620526705 -5.748320935093876 1.1158196748083045 -4.09713358003799 -2.1697847375650556 -9.885112886665041 -7.8105692060665035 -12.972036771017692 -11.584671337145977 -6.0179102320531115 -10.048908402714359 -8.617606314307267 -12.176882149805603 -10.932977471343293 -5.0439081455037815 -13.007949004852382 -9.948108639631243 -11.636109256207146 -14.401480248571852 -13.999763442505982 -14.517750005563952 -11.723790991204375
21.58316633266533 -8.902854612075064 -12.188449255129168 -10.951896365627487 -11.15146434740435 -13.282553097439393 -12.87181818895343 -7.5767130492812305 -5.716503134837243 1.1624284984078566 -4.070430775244773 -2.143563085376335 -9.866125444879163 -7.787035015445166 -12.961146187346799 -11.57052743896583 -5.987220493978366 -10.030601959292474 -8.595735258370869 -12.164740161882808 -10.91710290643448 -5.012518221149147 -12.998715889304275 -9.93040496806298 -11.622780503924321 -14.398975982665013 -13.99465177742396 -14.517029950621437 -11.712410833869953
21.64328657314629 -8.850379136999056 -12.155428717065302 -10.911021146728732 -11.115003415877744 -13.257796193821445 -12.843745071831947 -7.516936570557845 -5.64080627249135 1.2699968764100662 -4.005869200040131 -2.0800289816146953 -9.818112156293257 -7.729222211010697 -12.93060939577429 -11.53297810469087 -5.9139569238465945 -9.98406377291756 -8.541506332706632 -12.131501850804831 -10.875809593656793 -4.93774124265558 -12.971756497010904 -9.88517695934302 -11.586989921383992 -14.386543220459147 -13.976588934577022 -14.508450866388747 -11.680841033481641
21.703406813627254 -8.798077337584296 -12.122512129374154 -10.870277569195839 -11.078681349580055 -13.23311715176498 -12.815759441135857 -7.457354336948657 -5.565355126817995 1.3771508590781218 -3.9416474321957113 -2.0168161233541357 -9.7702484104265 -7.67160772696775 -12.900169835244359 -11.495559931452288 -5.8409297105350895 -9.937677816365012 -8.487456981671517 -12.0983682458834 -10.834647137986124 -4.8632022930801 -12.94488345012093 -9.84010957555034 -11.551324272380619 -14.374157174642244 -13.958586709013028 -14.499910457688097 -11.649403579904494
21.763527054108216 -8.748391392495112 -12.091330488697398 -10.831624203415302 -11.044269862184155 -13.209801972935402 -12.789285843565281 -7.40071361893624 -5.493561399394782 1.479155887160581 -3.88069583177133 -1.956813236969953 -9.724791297285009 -7.616855698144786 -12.871354684646985 -11.460091525774391 -5.771449199202269 -9.893638778670722 -8.43610254201721 -12.066979428347313 -10.79559180594643 -4.7922752553958325 -12.919474533815638 -9.797341269942574 -11.51752877972017 -14.362588410359825 -13.941651177065031 -14.492017921173959 -11.619664939576122
21.82364729458918 -8.727202931150995 -12.079170238919836 -10.815818373626112 -11.030541135644327 -13.201480894863025 -12.779423043557099 -7.37613011247361 -5.46158291785984 1.5258563049385971 -3.8540503229114793 -1.9306253790822612 -9.70566340862873 -7.59319735453094 -12.86034975604527 -11.44584341906149 -5.7405991378575045 -9.875205408197639 -8.414099900512912 -12.054718090303673 -10.779589105834315 -4.7607182027199535 -12.910132131534517 -9.779532136715385 -11.504096880976746 -14.360002626399451 -13.936444915307272 -14.491227647785914 -11.608219687548385
21.883767535070138 -8.710718567166609 -12.07014496872608 -10.803781063197864 -11.020223617191789 -13.19562810299903 -12.772296121050815 -7.356839867969064 -5.436182038497801 1.5634114525338 -3.83307668909941 -1.9100272216271494 -9.690880171294769 -7.574673297494016 -12.852279363582284 -11.435094972697339 -5.716130464843047 -9.860997289459126 -8.39694280063009 -12.04560929780465 -10.767388769798707 -4.735664804771318 -12.903435626975224 -9.765841852379218 -11.494022778308004 -14.358890415090142 -13.933166663518504 -14.491599814803882 -11.599790548800488
