web/models/mosfit_kne/mosfit_kn_1.0000/mosfit_kn_0.009764_0.1553_1.0000.dat
# %ECSV 1.0
# ---
# datatype:
# - {name: time, datatype: float64}
# - {name: PS1_g, datatype: float64}
# - {name: PS1_i, datatype: float64}
# - {name: PS1_r, datatype: float64}
# - {name: PS1_w, datatype: float64}
# - {name: PS1_y, datatype: float64}
# - {name: PS1_z, datatype: float64}
# - {name: swift_uvot_B, datatype: float64}
# - {name: swift_uvot_U, datatype: float64}
# - {name: swift_uvot_uvm2, datatype: float64}
# - {name: swift_uvot_uvw1, datatype: float64}
# - {name: swift_uvot_uvw2, datatype: float64}
# - {name: swift_uvot_V, datatype: float64}
# - {name: johnson_B, datatype: float64}
# - {name: johnson_I, datatype: float64}
# - {name: johnson_R, datatype: float64}
# - {name: johnson_U, datatype: float64}
# - {name: johnson_V, datatype: float64}
# - {name: sdss_g, datatype: float64}
# - {name: sdss_i, datatype: float64}
# - {name: sdss_r, datatype: float64}
# - {name: sdss_u, datatype: float64}
# - {name: sdss_z, datatype: float64}
# - {name: ATLAS_c, datatype: float64}
# - {name: ATLAS_o, datatype: float64}
# - {name: ukirt_H, datatype: float64}
# - {name: ukirt_J, datatype: float64}
# - {name: ukirt_K, datatype: float64}
# - {name: Clear, datatype: float64}
# meta: !!omap
# - comment: [kappa = 1.0, type = rprocess, mass = 0.009763877790252312, velocity = 0.15533333333333332, theta_obs = 0.0, tfloor = 1000.0]
# schema: astropy-2.0
time PS1_g PS1_i PS1_r PS1_w PS1_y PS1_z swift_uvot_B swift_uvot_U swift_uvot_uvm2 swift_uvot_uvw1 swift_uvot_uvw2 swift_uvot_V johnson_B johnson_I johnson_R johnson_U johnson_V sdss_g sdss_i sdss_r sdss_u sdss_z ATLAS_c ATLAS_o ukirt_H ukirt_J ukirt_K Clear
[from data line 115]
6.973947895791583 7.087070035570715 -1.7196613838260788 1.7258535810266018 -0.21525003759178318 -5.210285319863903 -3.8065090625136655 10.596802872124716 17.189075954799637 31.002251714379074 13.247036690611651 15.743516101642513 5.059675635853195 9.410905670436179 -3.262059391585473 -0.3075306900073407 16.169752011389853 4.120224474411603 7.892992804887147 -1.6390441065756178 1.9510945716130301 17.693158607457313 -4.372173163856861 3.6937590669284504 -0.7204963872070991 -10.106084726862752 -7.980605176264673 -11.448928494017155 -2.4749696608525085
7.034068136272545 7.3054205545618345 -1.5764082586374606 1.8986625194003892 -0.06926129210359733 -5.099598307162712 -3.681922342315591 10.845327131126304 17.504271229021224 31.392866533050398 13.469853761095791 15.982870267575443 5.264937247432619 9.641389814160114 -3.1299215650593935 -0.15988879833441128 16.473270049769482 4.309914912263866 8.11796065587627 -1.4951523065244565 2.127151178896831 18.00537675919605 -4.255349954337575 3.877739089143031 -0.574673435466746 -10.048585685078207 -7.899096389588516 -11.408874365551378 -2.3551553358649358
7.0941883767535066 7.322406903303609 -1.5594219098956685 1.9156488681421635 -0.052274943361823034 -5.082611958420937 -3.664935993573799 10.862313479868096 17.521257577763 31.40985288179218 13.486840109837566 15.999856616317217 5.281923596174393 9.658376162901906 -3.112935216317619 -0.14290244959263698 16.490256398511256 4.3269012610056405 8.134947004618045 -1.4781659577826822 2.1441375276386054 18.022363107937824 -4.238363605595801 3.894725437884805 -0.5576870867249717 -10.031599336336432 -7.882110040846742 -11.391888016809604 -2.3381689871231615
7.154308617234468 7.339235095700687 -1.5425937174985904 1.9324770605392416 -0.03544675096472716 -5.065783766023859 -3.648107801176721 10.879141672265174 17.538085770160095 31.426681074189265 13.503668302234644 16.016684808714295 5.298751788571471 9.675204355298984 -3.096107023920541 -0.1260742571955411 16.507084590908335 4.343729453402719 8.15177519701514 -1.4613377653856041 2.1609657200356835 18.03919130033492 -4.221535413198723 3.911553630281901 -0.5408588943278936 -10.014771143939354 -7.865281848449664 -11.375059824412526 -2.3213407947260833
7.214428857715431 7.355908458048539 -1.5259203551507383 1.9491504228870937 -0.018773388616875053 -5.049110403676007 -3.631434438828869 10.895815034613026 17.554759132507947 31.443354436537117 13.520341664582496 16.033358171062147 5.3154251509193235 9.691877717646836 -3.079433661572689 -0.109400894847689 16.523757953256187 4.3604028157505885 8.168448559362993 -1.444664403037752 2.1776390823835357 18.055864662682772 -4.2048620508508705 3.928226992629753 -0.5241855319800415 -9.998097781591502 -7.848608486101812 -11.358386462064674 -2.3046674323782312
7.274549098196393 7.37243066898678 -1.5093981442125148 1.965672633825335 -0.0022511776786515725 -5.032588192737766 -3.6149122278906454 10.91233724555125 17.57128134344617 31.459876647475344 13.536863875520737 16.04988038200039 5.331947361857565 9.70839992858506 -3.0629114506344655 -0.09287868390946552 16.540280164194428 4.376925026688812 8.184970770301216 -1.4281421920995108 2.194161293321777 18.072386873620996 -4.188339839912629 3.9447492035679765 -0.5076633210418002 -9.981575570653261 -7.8320862751635705 -11.341864251126433 -2.28814522143999
7.3346693386773545 7.388804704893008 -1.493024108306269 1.9820466697315808 0.014122858227594293 -5.016214156831538 -3.5985381919843995 10.928711281457495 17.587655379352416 31.476250683381583 13.553237911426965 16.066254417906617 5.348321397763793 9.724773964491305 -3.0465374147282196 -0.07650464800321966 16.556654200100656 4.393299062595058 8.201344806207462 -1.4117681561932827 2.210535329228005 18.08876090952724 -4.171965804006401 3.9611232394742224 -0.49128928513557213 -9.965201534747015 -7.815712239257342 -11.325490215220205 -2.271771185533762
7.394789579158316 7.4050339394768905 -1.4767948737223868 1.9982759043154452 0.030352092811458675 -4.999984922247656 -3.5823089574005174 10.944940516041378 17.60388461393628 31.492479917965458 13.569467146010847 16.0824836524905 5.364550632347675 9.741003199075188 -3.0303081801443374 -0.06027541341933751 16.572883434684538 4.409528297178922 8.217574040791327 -1.3955389216094005 2.226764563811887 18.104990144111106 -4.155736569422519 3.977352474058087 -0.47506005055169 -9.94897230016315 -7.79948300467346 -11.309260980636322 -2.2555419509498797
7.454909819639278 7.421121182100983 -1.4607076310982947 2.0143631469395373 0.04643933543556855 -4.9838976796235634 -3.5662217147764252 10.96102775866547 17.61997185656039 31.508567160589553 13.58555438863494 16.09857089511459 5.380637874971767 9.75709044169928 -3.0142209375202453 -0.044188170795245396 16.58897067730863 4.425615539803014 8.233661283415419 -1.3794516789853084 2.2428518064359793 18.121077386735216 -4.139649326798427 3.9934397166821967 -0.45897280792759787 -9.932885057539059 -7.783395762049368 -11.29317373801223 -2.2394547083257876
7.51503006012024 7.437071924753713 -1.4447568884455642 2.0303138895922856 0.062390078088299106 -4.967946936970815 -3.5502709721236947 10.9769785013182 17.63592259921312 31.524517903242288 13.60150513128767 16.11452163776732 5.3965886176245155 9.77304118435201 -2.998270194867515 -0.028237428142514842 16.60492141996138 4.441566282455763 8.249612026068167 -1.3635009363325779 2.25880254908871 18.137028129387947 -4.123698584145696 4.009390459334927 -0.4430220652748673 -9.91693431488631 -7.76744501939662 -11.277222995359482 -2.2235039656730393
7.575150300601202 7.452883470333251 -1.428945342866026 2.046125435171806 0.07820162366781958 -4.952135391391295 -3.5344594265441565 10.992790046897738 17.65173414479264 31.54032944882182 13.617316676867208 16.13033318334686 5.412400163204036 9.78885272993153 -2.9824586492879765 -0.012425882562994373 16.6207329655409 4.457377828035283 8.265423571647688 -1.3476893907530396 2.274614094668248 18.152839674967467 -4.107887038566158 4.025202004914448 -0.4272105196953291 -9.90112276930679 -7.751633473817099 -11.261411449779962 -2.207692420093519
7.635270541082164 7.468561636389239 -1.413267176810038 2.061803601227812 0.09387978972382527 -4.936457225335289 -3.5187812604881685 11.008468212953726 17.667412310848647 31.556007614877817 13.632994842923196 16.146011349402848 5.428078329260042 9.804530895987536 -2.9667804832319886 0.003252283493011321 16.636411131596905 4.473055994091289 8.281101737703693 -1.332011224697034 2.290292260724236 18.168517841023473 -4.092208872510152 4.040880170970453 -0.41153235363934115 -9.885444603250784 -7.735955307761094 -11.245733283723956 -2.192014254037513
7.695390781563126 7.484109270945698 -1.3977195422535793 2.0773512357842527 0.1094274242802662 -4.920909590778848 -3.50323362593171 11.024015847510185 17.682959945405088 31.571555249434265 13.648542477479655 16.161558983959306 5.443625963816483 9.820078530543995 -2.95123284867553 0.01879991804947001 16.651958766153346 4.48860362864773 8.296649372260134 -1.316463590140593 2.3058398952806947 18.184065475579914 -4.0766612379537115 4.056427805526894 -0.39598471908288246 -9.869896968694343 -7.720407673204653 -11.230185649167515 -2.1764666194810722
7.755511022044088 7.499528607420274 -1.3823002057790035 2.0927705722588463 0.12484676075485979 -4.9054902543042544 -3.487814289457134 11.03943518398476 17.69837928187968 31.58697458590885 13.66396181395423 16.176978320433882 5.459045300291076 9.83549786701857 -2.935813512200954 0.03421925452404584 16.66737810262794 4.504022965122323 8.312068708734728 -1.3010442536660172 2.3212592317552705 18.199484812054507 -4.061241901479118 4.071847142001488 -0.38056538260830663 -9.85447763221975 -7.704988336730059 -11.214766312692921 -2.1610472830064786
7.8156312625250495 7.51482220335129 -1.367006609848005 2.108064168189845 0.14014035668585834 -4.890196658373256 -3.4725206935261355 11.05472877991576 17.71367287781068 31.602268181839857 13.679255409885247 16.19227191636488 5.474338896222075 9.85079146294957 -2.9205199162699556 0.04951285045504439 16.682671698558938 4.519316561053322 8.327362304665726 -1.2857506577350009 2.336552827686287 18.214778407985506 -4.045948305548119 4.0871407379324864 -0.3652717866772903 -9.839184036288751 -7.689694740799061 -11.199472716761923 -2.14575368707548
7.875751503006012 7.52999247129404 -1.351836341905237 2.123234436132595 0.15531062462860845 -4.875026390430506 -3.4573504255833676 11.069899047858527 17.72884314575343 31.617438449782608 13.694425677827997 16.20744218430765 5.489509164164825 9.865961730892337 -2.9053496483271877 0.0646831183977945 16.697841966501688 4.534486828996072 8.342532572608476 -1.2705803897922507 2.351723095629037 18.229948675928256 -4.030778037605369 4.102311005875237 -0.3501015187345402 -9.824013768346001 -7.6745244728563105 -11.184302448819173 -2.13058341913273
7.935871743486974 7.545041542091955 -1.3367872711073225 2.1382835069305095 0.17035969542652296 -4.859977319632591 -3.442301354785453 11.084948118656442 17.743892216551345 31.632487520580522 13.709474748625912 16.222491255105563 5.504558234962739 9.881010801690252 -2.890300577529273 0.07973218919572678 16.712891037299602 4.5495358997939865 8.357581643406391 -1.2555313189943362 2.3667721664269514 18.24499774672617 -4.015728966807455 4.117360076673151 -0.3350524479366257 -9.808964697548086 -7.659475402058396 -11.169253378021258 -2.1155343483348155
7.995991983967936 7.559971796767488 -1.3218570164318066 2.153213761606043 0.18528995010205662 -4.845047064957058 -3.4273711001099194 11.099878373331975 17.75882247122688 31.647417775256056 13.724405003301445 16.237421509781097 5.519488489638273 9.895941056365768 -2.8753703228537395 0.09466244387124267 16.727821291975136 4.56446615446952 8.372511898081925 -1.2406010643188026 2.381702421102485 18.259928001401704 -4.000798712131921 4.132290331348685 -0.32012219326109204 -9.794034442872553 -7.644545147382862 -11.154323123345725 -2.100604093659282
8.056112224448897 7.574785243871087 -1.3070435693282079 2.168027208709642 0.2001033972056554 -4.830233617853459 -3.4125576530063384 11.114691820435556 17.773635918330477 31.662231222359654 13.739218450405044 16.252234956884696 5.534301936741872 9.910754503469366 -2.8605568757501585 0.10947589097484145 16.742634739078735 4.579279601573119 8.387325345185523 -1.2257876172152038 2.396515868206084 18.274741448505303 -3.9859852650283223 4.1471037784522835 -0.30530874615749326 -9.779220995768954 -7.6297317002792635 -11.139509676242126 -2.085790646555683
8.11623246492986 7.589484023709456 -1.292344789489821 2.182725988548011 0.21480217704404225 -4.81553483801509 -3.3978588731679515 11.129390600273943 17.788334698168864 31.67693000219803 13.753917230243413 16.266933736723065 5.549000716580241 9.925453283307753 -2.8458580959117716 0.1241746708132283 16.757333518917104 4.593978381411488 8.40202412502391 -1.2110888373768347 2.411214648044453 18.28944022834369 -3.971286485189953 4.16180255829067 -0.29060996631912417 -9.764522215930585 -7.615032920440894 -11.124810896403757 -2.071091866717314
8.176352705410821 7.604070236267244 -1.2777585769320332 2.1973122011058166 0.22938838960183006 -4.800948625457302 -3.3832726606101637 11.143976812831731 17.80292091072665 31.69151621475582 13.768503442801201 16.281519949280852 5.563586929138029 9.940039495865541 -2.831271883353984 0.1387608833710161 16.771919731474892 4.608564593969294 8.416610337581698 -1.196502624819047 2.4258008606022408 18.304026440901477 -3.9567002726321654 4.176388770848458 -0.27602375376133637 -9.74993600337278 -7.600446707883089 -11.110224683845969 -2.056505654159526
8.236472945891784 7.618545679854112 -1.2632831333451655 2.2117876446926665 0.24386383318868 -4.786473181870434 -3.368797217023296 11.158452256418599 17.8173963543135 31.70599165834268 13.782978886388069 16.29599539286772 5.578062372724896 9.954514939452409 -2.816796439767116 0.1532363269578838 16.78639517506176 4.623040037556144 8.431085781168548 -1.1820271812321792 2.4402763041891085 18.318501884488327 -3.9422248290452977 4.190864214435308 -0.26154831017446867 -9.73546055978593 -7.585971264296239 -11.095749240259101 -2.0420302105726584
8.296593186372744 7.632912408885275 -1.2489164043140022 2.2261543737238476 0.25823056221986107 -4.772106452839253 -3.3544304879921327 11.172818985449762 17.831763083344683 31.720358387373853 13.797345615419232 16.310362121898883 5.592429101756077 9.968881668483572 -2.802429710735953 0.16760305598904712 16.80076190409294 4.637406766587325 8.445452510199729 -1.1676604522010159 2.4546430332202718 18.33286861351951 -3.9278581000141344 4.205230943466489 -0.24718158114330535 -9.721093830754748 -7.571604535265058 -11.081382511227938 -2.0276634815414774
8.356713426853707 7.6471722657150565 -1.2346565474842386 2.240414230553611 0.2724904190496247 -4.75784659600949 -3.340170631162369 11.187078842279526 17.846022940174446 31.73461824420362 13.811605472249013 16.324621978728665 5.606688958585841 9.983141525313336 -2.788169853906189 0.18186291281881073 16.815021760922704 4.651666623417088 8.459712367029493 -1.1534005953712345 2.468902890050053 18.347128470349272 -3.913598243184353 4.219490800296253 -0.23292172431352398 -9.706833973924985 -7.557344678435294 -11.067122654398156 -2.0134036247117137
8.41683366733467 7.661326914032767 -1.2205018991665106 2.2545688788713214 0.28664506736733486 -4.743691947691779 -3.326015982844641 11.201233490597254 17.860177588492157 31.748772892521334 13.825760120566724 16.338776627046375 5.620843606903551 9.997296173631064 -2.7740152055884613 0.19601756113653868 16.829176409240414 4.665821271734798 8.473867015347203 -1.1392459470535243 2.4830575383677633 18.361283118666982 -3.899443594866643 4.233645448613963 -0.2187670759958138 -9.692679325607275 -7.543190030117584 -11.052968006080446 -1.9992489763940036
8.47695390781563 7.675378256088123 -1.206450557111154 2.268620220926696 0.30069640942270937 -4.729640605636405 -3.3119646407892844 11.21528483265261 17.87422893054753 31.7628242345767 13.83981146262208 16.35282796910173 5.634894948958926 10.01134751568642 -2.7599638635331045 0.21006890319189542 16.84322775129579 4.679872613790173 8.487918357402577 -1.1251946049981676 2.49710888042312 18.375334460722357 -3.885392252811286 4.2476967906693375 -0.20471573394045706 -9.6786279835519 -7.5291386880622095 -11.03891666402509 -1.985197634338629
8.537074148296593 7.689327916646782 -1.1925008965524952 2.2825698814853546 0.314646069981368 -4.715690945077746 -3.298014980230626 11.229234493211269 17.88817859110619 31.77677389513536 13.853761123180739 16.36677762966039 5.648844609517584 10.025297176245079 -2.746014202974446 0.22401856375055407 16.857177411854448 4.693822274348832 8.501868017961236 -1.111244944439509 2.5110585409817787 18.389284121281015 -3.8714425922526274 4.261646451227996 -0.1907660733817984 -9.664678322993241 -7.515189027503551 -11.02496700346643 -1.9712479737799704
8.597194388777554 7.7031775383773216 -1.1786512748219558 2.2964195032158763 0.32849569171188975 -4.7018413233472245 -3.2841653585000863 11.243084114941809 17.90202821283671 31.79062351686589 13.867610744911278 16.38062725139093 5.662694231248106 10.039146797975619 -2.7321645812439064 0.2378681854810758 16.87102703358497 4.707671896079353 8.515717639691758 -1.0973953227089694 2.524908162712318 18.403133743011537 -3.857592970522088 4.275496072958518 -0.1769164516512589 -9.65082870126272 -7.501339405773029 -11.011117381735891 -1.9573983520494487
