web/models/mosfit_kne/mosfit_kn_1.0000/mosfit_kn_0.268580_0.4373_1.0000.dat
# %ECSV 1.0
# ---
# datatype:
# - {name: time, datatype: float64}
# - {name: PS1_g, datatype: float64}
# - {name: PS1_i, datatype: float64}
# - {name: PS1_r, datatype: float64}
# - {name: PS1_w, datatype: float64}
# - {name: PS1_y, datatype: float64}
# - {name: PS1_z, datatype: float64}
# - {name: swift_uvot_B, datatype: float64}
# - {name: swift_uvot_U, datatype: float64}
# - {name: swift_uvot_uvm2, datatype: float64}
# - {name: swift_uvot_uvw1, datatype: float64}
# - {name: swift_uvot_uvw2, datatype: float64}
# - {name: swift_uvot_V, datatype: float64}
# - {name: johnson_B, datatype: float64}
# - {name: johnson_I, datatype: float64}
# - {name: johnson_R, datatype: float64}
# - {name: johnson_U, datatype: float64}
# - {name: johnson_V, datatype: float64}
# - {name: sdss_g, datatype: float64}
# - {name: sdss_i, datatype: float64}
# - {name: sdss_r, datatype: float64}
# - {name: sdss_u, datatype: float64}
# - {name: sdss_z, datatype: float64}
# - {name: ATLAS_c, datatype: float64}
# - {name: ATLAS_o, datatype: float64}
# - {name: ukirt_H, datatype: float64}
# - {name: ukirt_J, datatype: float64}
# - {name: ukirt_K, datatype: float64}
# - {name: Clear, datatype: float64}
# meta: !!omap
# - comment: [kappa = 1.0, type = rprocess, mass = 0.2685795883840597, velocity = 0.4373333333333333, theta_obs = 0.0, tfloor = 1000.0]
# schema: astropy-2.0
time PS1_g PS1_i PS1_r PS1_w PS1_y PS1_z swift_uvot_B swift_uvot_U swift_uvot_uvm2 swift_uvot_uvw1 swift_uvot_uvw2 swift_uvot_V johnson_B johnson_I johnson_R johnson_U johnson_V sdss_g sdss_i sdss_r sdss_u sdss_z ATLAS_c ATLAS_o ukirt_H ukirt_J ukirt_K Clear
[from data line 404]
24.34869739478958 21.095434872152666 12.213606058953381 15.688676836991231 13.720753025487245 8.690416010428113 10.10809197527525 24.635341448717146 31.294285546612066 45.18288085064124 27.259868078686615 29.772884585166267 19.054951565023444 23.431404131750956 10.66009275253143 13.630125519256431 30.263284367360313 18.09992922985471 21.907974973467105 12.294862011066368 15.917165496487655 31.795391076786892 9.534664363253249 17.667753406733873 13.215340882124078 3.741428632512635 5.890917928002326 2.381139952039446 11.434858981725888
24.40881763527054 21.211903226709303 12.330074413510026 15.805145191547858 13.837221380043871 8.806884364984757 10.224560329831895 24.75180980327378 31.410753901168704 45.29934920519788 27.37633643324325 29.8893529397229 19.17141991958009 23.547872486307593 10.776561107088074 13.746593873813058 30.37975272191695 18.216397584411336 22.02444332802374 12.411330365623012 16.0336338510443 31.91185943134353 9.651132717809894 17.7842217612905 13.331809236680723 3.857896987069262 6.007386282558953 2.497608306596091 11.551327336282533
24.468937875751504 21.333758806156887 12.451929992957602 15.927000770995452 13.959076959491465 8.928739944432351 10.346415909279472 24.873665382721377 31.532609480616287 45.42120478464547 27.498192012690847 30.0112085191705 19.293275499027683 23.669728065755184 10.898416686535668 13.868449453260652 30.501608301364545 18.33825316385893 22.146298907471333 12.533185945070606 16.155489430491894 32.03371501079111 9.772988297257488 17.906077340738094 13.453664816128317 3.979752566516856 6.1292418620065465 2.6194638860436847 11.673182915730127
24.529058116232463 21.45571330586759 12.573884492668306 16.048955270706156 14.081031459202169 9.050694444143055 10.468370408990175 24.99561988243208 31.65456398032699 45.54315928435617 27.62014651240155 30.133163018881202 19.415229998738386 23.791682565465887 11.020371186246354 13.990403952971356 30.62356280107525 18.460207663569633 22.268253407182037 12.65514044478131 16.277443930202597 32.155669510501816 9.894942796968191 18.028031840448797 13.57561931583902 4.10170706622756 6.25119636171725 2.7414183857543883 11.79513741544083
24.589178356713425 21.578010905854896 12.696182092655608 16.171252870693458 14.203329059189471 9.172992044130357 10.590668008977477 25.11791748241938 31.776861580314296 45.66545688434348 27.74244411238885 30.2554606188685 19.53752759872569 23.913980165453193 11.142668786233674 14.112701552958658 30.74586040106255 18.582505263556936 22.39055100716934 12.777438044768612 16.3997415301899 32.277967110489115 10.017240396955494 18.1503294404361 13.697916915826323 4.224004666214862 6.373493961704552 2.8637159857416905 11.917435015428133
24.649298597194388 21.70066342441998 12.81883461122069 16.29390538925854 14.325981577754554 9.29564456269544 10.71332052754256 25.240570000984462 31.899514098879372 45.788109402908546 27.865096630953932 30.378113137433584 19.66018011729077 24.036632684018265 11.26532130479874 14.23535407152374 30.868512919627626 18.70515778212202 22.513203525734422 12.900090563333677 16.522394048754965 32.400619629054205 10.139892915520576 18.272981959001182 13.820569434391388 4.346657184779945 6.496146480269635 2.9863685043067734 12.040087533993216
24.70941883767535 21.8236283222203 12.941799509021017 16.416870287058867 14.44894647555488 9.418609460495766 10.836285425342886 25.363534898784792 32.0224789966797 45.911074300708876 27.988061528754262 30.501078035233913 19.783145015091097 24.15959758181859 11.388286202599065 14.358318969324067 30.99147781742795 18.828122679922345 22.63616842353475 13.023055461134021 16.64535894655529 32.52358452685453 10.262857813320903 18.39594685680151 13.943534332191714 4.469622082580271 6.619111378069961 3.1093334021070995 12.163052431793542
24.769539078156313 21.940889536626244 13.059060723426956 16.534131501464806 14.56620768996082 9.535870674901705 10.953546639748826 25.48079611319072 32.139740211085645 46.02833551511481 28.105322743160198 30.618339249639842 19.900406229497037 24.27685879622453 11.505547417005005 14.475580183730006 31.108739031833892 18.945383894328284 22.753429637940688 13.140316675539943 16.76262016096123 32.64084574126046 10.380119027726824 18.513208071207448 14.060795546597653 4.58688329698621 6.736372592475901 3.226594616513021 12.280313646199481
24.829659318637272 22.05843260479755 13.176603791598271 16.651674569636103 14.683750758132117 9.653413743073003 11.071089707920141 25.59833918136203 32.257283279256946 46.14587858328612 28.222865811331506 30.735882317811157 20.017949297668334 24.394401864395835 11.62309048517632 14.593123251901304 31.226282100005196 19.06292696249958 22.870972706111992 13.257859743711258 16.880163229132545 32.75838880943177 10.49766209589814 18.630751139378745 14.178338614768968 4.704426365157508 6.853915660647198 3.3441376846843363 12.397856714370779
24.889779559118235 22.18238749184991 13.300558678650631 16.775629456688463 14.807705645184495 9.777368630125363 11.1950445949725 25.722294068414396 32.38123816630931 46.269833470338476 28.346820698383866 30.859837204863513 20.141904184720694 24.5183567514482 11.74704537222868 14.717078138953681 31.350236987057556 19.18688184955194 22.994927593164356 13.381814630763618 17.004118116184905 32.882343696484135 10.6216169829505 18.754706026431105 14.302293501821328 4.8283812522098675 6.977870547699558 3.468092571736696 12.521811601423138
24.949899799599198 22.30640739737696 13.424578584177684 16.899649362215516 14.93172555071153 9.901388535652416 11.319064500499554 25.84631397394144 32.50525807183636 46.39385337586553 28.47084060391092 30.98385711039057 20.265924090247747 24.642376656975248 11.871065277755733 14.841098044480734 31.474256892584613 19.310901755078994 23.118947498691405 13.50583453629067 17.12813802171196 33.006363602011184 10.745636888477552 18.878725931958158 14.426313407348381 4.9524011577369205 7.101890453226611 3.592112477263749 12.645831506950191
25.01002004008016 22.430762793348904 13.54893398014962 17.02400475818747 15.056080946683483 10.025743931624369 11.44341989647149 25.970669369913395 32.629613467808305 46.51820877183748 28.595195999882865 31.108212506362516 20.390279486219693 24.766732052947194 11.995420673727669 14.96545344045267 31.598612288556552 19.435257151050948 23.24330289466335 13.630189932262624 17.252493417683894 33.13071899798313 10.869992284449506 19.00308132793011 14.550668803320335 5.076756553708874 7.226245849198564 3.7164678732357026 12.770186902922145
25.07014028056112 22.55547701155595 13.673648198356663 17.148718976394512 15.180795164890526 10.150458149831412 11.568134114678532 26.095383588120434 32.75432768601535 46.64292299004453 28.719910218089904 31.232926724569555 20.514993704426743 24.891446271154248 12.120134891934711 15.090167658659713 31.723326506763605 19.55997136925799 23.368017112870394 13.754904150469667 17.377207635890937 33.25543321619017 10.994706502656548 19.127795546137154 14.675383021527377 5.201470771915917 7.350960067405607 3.8411820914427453 12.894901121129188
25.130260521042082 22.680450119185778 13.798621305986494 17.273692084024344 15.305768272520357 10.275431257461243 11.693107222308363 26.22035669575027 32.87930079364518 46.76789609767436 28.84488332571974 31.35789983219939 20.639966812056574 25.016419378784075 12.24510799956456 15.215140766289544 31.848299614393433 19.68494447688782 23.492990220500225 13.879877258099498 17.502180743520785 33.380406323820004 11.11967961028638 19.252768653766985 14.800356129157208 5.326443879545748 7.475933175035438 3.9661551990725763 13.019874228759019
25.190380761523045 22.801841025798836 13.920012212599548 17.3950829906374 15.427159179133412 10.396822164074297 11.814498128921418 26.34174760236332 33.00069170025824 46.889287004287404 28.96627423233279 31.47929073881244 20.76135771866962 25.137810285397123 12.366498906177597 15.336531672902598 31.96969052100649 19.806335383500876 23.61438112711328 14.001268164712553 17.623571650133822 33.501797230433056 11.241070516899434 19.37415956038004 14.921747035770263 5.4478347861588015 7.597324081648493 4.087546105685631 13.141265135372073
25.250501002004007 22.919197823851405 14.037369010652121 17.51243978868997 15.544515977185984 10.514178962126852 11.93185492697399 26.459104400415885 33.118048498310806 47.00664380233998 29.083631030385355 31.59664753686501 20.878714516722194 25.255167083449695 12.48385570423017 15.453888470955171 32.08704731905905 19.92369218155345 23.731737925165845 14.118624962765107 17.740928448186395 33.61915402848563 11.358427314951989 19.491516358432612 15.039103833822818 5.565191584211374 7.714680879701065 4.204902903738185 13.258621933424628
25.31062124248497 23.04526777286459 14.163438959665307 17.638509737703156 15.67058592619917 10.640248911140056 12.057924875987176 26.58517434942908 33.24411844732399 47.132713751353165 29.20970097939855 31.722717485878203 21.00478446573538 25.38123703246288 12.609925653243355 15.579958419968357 32.21311726807224 20.049762130566634 23.857807874179038 14.24469491177831 17.86699839719958 33.74522397749882 11.484497263965192 19.617586307445798 15.165173782836021 5.6912615332245595 7.840750828714251 4.330972852751389 13.384691882437831
25.37074148296593 23.171301809454754 14.289472996255466 17.764543774293315 15.796619962789329 10.766282947730215 12.183958912577335 26.711208386019237 33.37015248391415 47.25874778794332 29.335735015988707 31.84875152246836 21.130818502325535 25.50727106905304 12.735959689833514 15.705992456558516 32.3391513046624 20.175796167156793 23.983841910769197 14.37072894836847 17.99303243378974 33.87125801408898 11.610531300555351 19.743620344035957 15.291207819426162 5.817295569814719 7.96678486530441 4.457006889341548 13.51072591902799
25.430861723446892 23.297652225161585 14.415823411962307 17.89089419000014 15.92297037849617 10.892633363437039 12.310309328284177 26.837558801726072 33.496502899620985 47.385098203650166 29.46208543169554 31.97510193817519 21.25716891803238 25.633621484759882 12.862310105540356 15.832342872265357 32.46550172036924 20.302146582863625 24.11019232647603 14.497079364075294 18.11938284949658 33.99760842979581 11.736881716262175 19.8699707597428 15.417558235133004 5.943645985521543 8.093135281011234 4.583357305048372 13.637076334734815
25.490981963927855 23.42435907299045 14.542530259791171 18.017601037829003 16.049677226325034 11.019340211265902 12.43701617611304 26.964265649554935 33.62320974744985 47.51180505147903 29.588792279524405 32.101808786004064 21.383875765861244 25.760328332588745 12.98901695336922 15.959049720094221 32.5922085681981 20.428853430692488 24.236899174304895 14.623786211904157 18.246089697325445 34.124315277624675 11.863588564091039 19.996677607571662 15.544265082961868 6.070352833350406 8.219842128840098 4.710064152877235 13.763783182563678
25.551102204408817 23.551388941811496 14.669560128612211 18.14463090665006 16.176707095146075 11.146370080086943 12.56404604493408 27.091295518375976 33.750239616270896 47.63883492030007 29.715822148345445 32.228838654825104 21.510905634682285 25.887358201409786 13.11604682219026 16.08607958891526 32.71923843701914 20.55588329951353 24.363929043125935 14.750816080725198 18.373119566146485 34.25134514644572 11.990618432912079 20.123707476392703 15.671294951782908 6.197382702171464 8.346871997661156 4.837094021698276 13.890813051384718
25.61122244488978 23.67808557457943 14.796256761380153 18.271327539418003 16.303403727914016 11.273066712854884 12.690742677702023 27.217992151143918 33.87693624903884 47.76553155306801 29.842518781113387 32.35553528759304 21.637602267450223 26.014054834177728 13.242743454958202 16.212776221683203 32.84593506978709 20.682579932281474 24.490625675893874 14.87751271349314 18.499816198914427 34.37804177921365 12.117315065680021 20.250404109160634 15.79799158455085 6.324079334939406 8.473568630429098 4.963790654466218 14.01750968415266
25.67134268537074 23.796269736302378 14.9144409231031 18.389511701140933 16.421587889636964 11.391250874577832 12.80892683942497 27.336176312866865 33.99512041076178 47.88371571479096 29.960702942836335 32.473719449315986 21.755786429173174 26.132238995900675 13.360927616681149 16.33096038340615 32.96411923151003 20.800764094004418 24.608809837616825 14.995696875216087 18.618000360637375 34.496225940936604 12.235499227402968 20.368588270883585 15.916175746273797 6.442263496662336 8.591752792152027 5.081974816189165 14.135693845875608
25.7314629258517 23.922383014868505 15.040554201669227 18.51562497970706 16.547701168203073 11.517364153143959 12.935040117991097 27.462289591432985 34.1212336893279 48.009828993357075 30.08681622140246 32.59983272788212 21.88189970773929 26.25835227446679 13.487040895247276 16.457073661972277 33.090232510076156 20.926877372570537 24.734923116182948 15.121810153782214 18.7441136392035 34.62233921950273 12.361612505969095 20.494701549449708 16.042289024839924 6.5683767752284625 8.717866070718154 5.208088094755292 14.261807124441734
25.791583166332664 24.050569462165903 15.168740648966619 18.64381142700447 16.675887615500482 11.645550600441368 13.063226565288488 27.590476038730394 34.249420136625304 48.138015440654485 30.215002668699864 32.72801917517952 22.0100861550367 26.3865387217642 13.615227342544667 16.58526010926967 33.218418957373565 21.055063819867947 24.86310956348035 15.249996601079623 18.87230008650091 34.75052566680013 12.489798953266504 20.62288799674711 16.170475472137333 6.696563222525872 8.846052518015563 5.336274542052701 14.389993571739144
25.851703406813627 24.17898774210154 15.297158928902252 18.772229706940102 16.804305895436116 11.773968880377002 13.191644845224122 27.718894318666017 34.37783841656094 48.26643372059011 30.343420948635487 32.85643745511514 22.138504434972322 26.514957001699827 13.743645622480301 16.713678389205302 33.34683723730919 21.183482099803573 24.991527843415973 15.378414881015239 19.000718366436526 34.87894394673576 12.61821723320212 20.751306276682744 16.29889375207295 6.8249815024615055 8.974470797951197 5.464692821988317 14.51841185167476
25.91182364729459 24.307751285101837 15.425922471902549 18.9009932499404 16.933069438436412 11.902732423377298 13.320408388224418 27.847657861666313 34.50660195956123 48.395197263590404 30.472184491635783 32.98520099811544 22.26726797797262 26.643720544700123 13.872409165480597 16.8424419322056 33.475600780309485 21.31224564280387 25.12029138641628 15.507178424015535 19.129481909436823 35.00770748973606 12.746980776202417 20.88006981968304 16.427657295073246 6.953745045461802 9.103234340951493 5.593456364988613 14.647175394675056
25.97194388777555 24.436858562483692 15.555029749284408 19.030100527322258 17.06217671581827 12.031839700759157 13.449515665606278 27.976765139048172 34.63570923694309 48.52430454097227 30.601291769017653 33.11430827549731 22.39637525535448 26.772827822081982 14.001516442862457 16.971549209587458 33.60470805769134 21.441352920185725 25.24939866379814 15.636285701397394 19.258589186818682 35.13681476711792 12.876088053584276 21.0091770970649 16.556764572455105 7.082852322843661 9.232341618333352 5.722563642370472 14.776282672056933
26.03206412825651 24.56619965993611 15.684370846736826 19.159441624774676 17.19151781327069 12.161180798211575 13.578856763058695 28.1061062365006 34.76505033439551 48.65364563842469 30.73063286647007 33.243649372949726 22.525716352806906 26.902168919534407 14.130857540314892 17.100890307039876 33.73404915514377 21.570694017638154 25.378739761250557 15.76562679884983 19.387930284271118 35.26615586457034 13.005429151036711 21.138518194517317 16.68610566990754 7.212193420296079 9.36168271578577 5.851904739822908 14.90562376950935
