web/models/mosfit_kne/mosfit_kn_1.0000/mosfit_kn_0.002817_0.3433_1.0000.dat
# %ECSV 1.0
# ---
# datatype:
# - {name: time, datatype: float64}
# - {name: PS1_g, datatype: float64}
# - {name: PS1_i, datatype: float64}
# - {name: PS1_r, datatype: float64}
# - {name: PS1_w, datatype: float64}
# - {name: PS1_y, datatype: float64}
# - {name: PS1_z, datatype: float64}
# - {name: swift_uvot_B, datatype: float64}
# - {name: swift_uvot_U, datatype: float64}
# - {name: swift_uvot_uvm2, datatype: float64}
# - {name: swift_uvot_uvw1, datatype: float64}
# - {name: swift_uvot_uvw2, datatype: float64}
# - {name: swift_uvot_V, datatype: float64}
# - {name: johnson_B, datatype: float64}
# - {name: johnson_I, datatype: float64}
# - {name: johnson_R, datatype: float64}
# - {name: johnson_U, datatype: float64}
# - {name: johnson_V, datatype: float64}
# - {name: sdss_g, datatype: float64}
# - {name: sdss_i, datatype: float64}
# - {name: sdss_r, datatype: float64}
# - {name: sdss_u, datatype: float64}
# - {name: sdss_z, datatype: float64}
# - {name: ATLAS_c, datatype: float64}
# - {name: ATLAS_o, datatype: float64}
# - {name: ukirt_H, datatype: float64}
# - {name: ukirt_J, datatype: float64}
# - {name: ukirt_K, datatype: float64}
# - {name: Clear, datatype: float64}
# meta: !!omap
# - comment: [kappa = 1.0, type = rprocess, mass = 0.0028172691138521437, velocity = 0.3433333333333334, theta_obs = 0.0, tfloor = 1000.0]
# schema: astropy-2.0
time PS1_g PS1_i PS1_r PS1_w PS1_y PS1_z swift_uvot_B swift_uvot_U swift_uvot_uvm2 swift_uvot_uvw1 swift_uvot_uvw2 swift_uvot_V johnson_B johnson_I johnson_R johnson_U johnson_V sdss_g sdss_i sdss_r sdss_u sdss_z ATLAS_c ATLAS_o ukirt_H ukirt_J ukirt_K Clear
[from data line 265]
15.991983967935871 13.629148283435857 4.7473194702365795 8.22239024827443 6.254466436770443 1.2241294217113285 2.641805386558449 17.169054860000344 23.827998957895264 37.716594261924435 19.79358148996982 22.306597996449465 11.58866497630666 15.965117543034154 3.193806163814629 6.163838930539629 22.796997778643515 10.633642641137905 14.44168838475031 4.828575422349566 8.450878907770853 24.32910448807009 2.0683777745364473 10.201466818017071 5.749054293407276 -3.7248579562041675 -1.5753686607144766 -5.085146636677356 3.9685723930091044
16.052104208416832 13.645170914963849 4.763342101764572 8.238412879802404 6.270489068298417 1.2401520532393029 2.657828018086441 17.185077491528336 23.84402158942325 37.73261689345242 19.809604121497806 22.322620627977457 11.604687607834634 15.981140174562146 3.209828795342621 6.179861562067621 22.813020410171497 10.64966527266588 14.457711016278285 4.844598053877558 8.466901539298846 24.345127119598075 2.0844004060644394 10.217489449545045 5.7650769249352685 -3.708835324676193 -1.5593460291865022 -5.069124005149364 3.9845950245370787
16.112224448897795 13.66115049375038 4.779321680551103 8.254392458588935 6.286468647084966 1.2561316320258342 2.6738075968729724 17.201057070314867 23.860001168209777 37.74859647223895 19.825583700284337 22.33860020676399 11.620667186621166 15.997119753348677 3.2258083741291523 6.195841140854152 22.82899998895804 10.665644851452411 14.473690595064816 4.860577632664089 8.482881118085377 24.361106698384603 2.1003799848509708 10.233469028331594 5.7810565037218 -3.692855745889662 -1.543366450399971 -5.053144426362833 4.00057460332361
16.172344689378757 13.67708718411695 4.795258370917672 8.270329148955522 6.302405337451535 1.2720683223924034 2.6897442872395416 17.216993760681436 23.875937858576357 37.76453316260553 19.841520390650906 22.354536897130558 11.636603876987735 16.013056443715247 3.2417450644957215 6.211777831220721 22.844936679324604 10.681581541818998 14.489627285431403 4.8765143230306585 8.498817808451946 24.377043388751176 2.11631667521754 10.249405718698164 5.796993194088369 -3.676919055523075 -1.527429760033384 -5.0372077359962635 4.016511293690179
16.23246492985972 13.692981162257372 4.811152349058094 8.286223127095926 6.31829931559194 1.2879623005328256 2.7056382653799638 17.23288773882186 23.89183183671677 37.78042714074594 19.85741436879133 22.370430875270973 11.652497855128157 16.02895042185565 3.2576390426361437 6.227671809361126 22.86083065746502 10.697475519959402 14.505521263571808 4.892408301171081 8.514711786592368 24.392937366891594 2.132210653357962 10.265299696838568 5.812887172228791 -3.6610250773826705 -1.5115357818929795 -5.021313757855841 4.032405271830601
16.29258517034068 13.7088325974244 4.827003784225123 8.302074562262955 6.334150750758969 1.3038137356998547 2.721489700546993 17.248739173988888 23.907683271883798 37.79627857591297 19.873265803958358 22.386282310438002 11.668349290295186 16.044801857022698 3.273490477803173 6.243523244528155 22.87668209263205 10.713326955126432 14.521372698738837 4.90825973633811 8.530563221759397 24.408788802058623 2.1480620885249913 10.281151132005597 5.82873860739582 -3.6451736422156413 -1.4956843467259504 -5.005462322688812 4.0482567069976305
16.352705410821642 13.72464166449097 4.842812851291676 8.317883629329526 6.349959817825539 1.3196228027664247 2.737298767613545 17.264548241055458 23.92349233895036 37.81208764297954 19.88907487102492 22.402091377504572 11.684158357361756 16.06061092408925 3.289299544869743 6.259332311594725 22.89249115969862 10.729136022193002 14.537181765805407 4.92406880340468 8.546372288825967 24.424597869125186 2.1638711555915613 10.296960199072167 5.84454767446239 -3.6293645751490713 -1.4798752796593804 -4.989653255622242 4.0640657740642006
16.412825651302605 13.740408523984247 4.858579710784969 8.333650488822801 6.365726677318815 1.3353896622597006 2.7530656271068388 17.280315100548734 23.939259198443644 37.82785450247282 19.904841730518196 22.417858236997848 11.699925216855032 16.076377783582526 3.3050664043630187 6.275099171088001 22.908258019191894 10.744902881686277 14.552948625298683 4.939835662897956 8.562139148319243 24.44036472861847 2.179638015084837 10.312727058565443 5.860314533955666 -3.6135977156557955 -1.4641084201661045 -4.973886396128966 4.079832633557476
16.472945891783567 13.756133348053083 4.874304534853806 8.349375312891638 6.381451501387669 1.3511144863285374 2.7687904511756756 17.29603992461757 23.954984022512484 37.843579326541665 19.92056655458704 22.43358306106669 11.715650040923869 16.09210260765138 3.3207912284318555 6.290823995156855 22.923982843260738 10.760627705755132 14.568673449367537 4.955560486966792 8.57786397238808 24.45608955268731 2.195362839153674 10.328451882634297 5.876039358024503 -3.5978728915869587 -1.4483835960972677 -4.9581615720601295 4.095557457626313
16.53306613226453 13.771816311755458 4.889987498556181 8.365058276594013 6.397134465090044 1.3667974500309121 2.7844734148780503 17.311722888319945 23.97066698621486 37.85926229024404 19.936249518289415 22.449266024769067 11.731333004626244 16.107785571353755 3.3364741921342302 6.30650695885923 22.939665806963113 10.776310669457489 14.584356413069912 4.971243450669167 8.593546936090455 24.471772516389684 2.2110458028560487 10.344134846336672 5.891722321726878 -3.582189927884584 -1.432700632394893 -4.942478608357755 4.111240421328688
16.59318637274549 13.787457581586064 4.905628768386769 8.38069954642462 6.412775734920633 1.3824387198615185 2.800114684708639 17.32736415815055 23.986308256045454 37.874903560074635 19.951890788120014 22.464907294599666 11.74697427445685 16.123426841184344 3.3521154619648366 6.3221482286898185 22.955307076793712 10.791951939288095 14.5999976829005 4.9868847204997735 8.609188205921061 24.48741378622028 2.226687072686655 10.35977611616726 5.907363591557484 -3.5665486580539776 -1.4170593625642867 -4.9268373385271484 4.126881691159294
16.65330661322645 13.803057329345592 4.921228516146314 8.396299294184164 6.4283754826801776 1.3980384676210456 2.8157144324681838 17.34296390591008 24.001908003805 37.89050330783417 19.96749053587955 22.4805070423592 11.762574022216377 16.13902658894389 3.3677152097243637 6.337747976449363 22.970906824553246 10.80755168704764 14.615597430660046 5.002484468259301 8.624787953680588 24.503013533979825 2.242286820446182 10.375375863926806 5.922963339317011 -3.5509489102944327 -1.4014596148047418 -4.911237590767621 4.142481438918821
16.713426853707414 13.818615714620979 4.936786901421701 8.411857679459533 6.443933867955547 1.4135968528964327 2.831272817743571 17.358522291185466 24.017466389080376 37.90606169310955 19.983048921154936 22.496065427634587 11.778132407491764 16.154584974219276 3.3832735949997508 6.3533063617247505 22.986465209828626 10.82311007232301 14.631155815935415 5.018042853534688 8.640346338955975 24.5185719192552 2.257845205721569 10.390934249202175 5.938521724592398 -3.5353905250190634 -1.3859012295293724 -4.895679205492234 4.1580398241942085
16.773547094188377 13.834132911448371 4.952304098249094 8.427374876286944 6.459451064782957 1.4291140497238253 2.8467900145709635 17.37403948801286 24.032983585907772 37.92157888993695 19.998566117982328 22.51158262446198 11.793649604319157 16.17010217104667 3.3987907918271434 6.368823558552143 23.001982406656026 10.83862726915042 14.646673012762825 5.03356005036208 8.655863535783368 24.534089116082598 2.273362402548962 10.406451446029585 5.954038921419791 -3.519873328191653 -1.3703840327019798 -4.880162008664842 4.173557021021601
16.83366733466934 13.849609083395933 4.967780270196638 8.442851048234488 6.474927236730501 1.4445902216713868 2.8622661865185073 17.389515659960402 24.048459757855323 37.93705506188449 20.01404228992988 22.52705879640953 11.809125776266718 16.185578342994212 3.414266963774687 6.384299730499687 23.017458578603573 10.854103441097964 14.662149184710369 5.049036222309642 8.671339707730912 24.54956528803015 2.2888385744965234 10.42192761797713 5.969515093367335 -3.504397156244109 -1.3549078607544183 -4.86468583671728 4.189033192969163
16.8937875751503 13.865044403264779 4.983215590065502 8.458286368103334 6.490362556599365 1.460025541540233 2.877701506387371 17.404950979829266 24.063895077724176 37.95249038175336 20.029477609798736 22.542494116278387 11.824561096135564 16.201013662863076 3.429702283643551 6.399735050368551 23.032893898472437 10.869538760966828 14.677584504579233 5.064471542178488 8.686775027599776 24.565000607899 2.3042738943653696 10.437362937845993 5.984950413236199 -3.4889618363752453 -1.339472540885572 -4.849250516848434 4.204468512838009
16.95390781563126 13.880439034549159 4.998610221349882 8.473680999387714 6.505757187883727 1.475420172824613 2.8930961376717512 17.420345611113646 24.079289709008556 37.96788501303773 20.04487224108311 22.55788874756276 11.839955727419945 16.21640829414744 3.445096914927931 6.415129681652913 23.048288529756807 10.88493339225119 14.692979135863595 5.079866173462868 8.702169658884156 24.58039523918338 2.3196685256497496 10.452757569130355 6.000345044520579 -3.473567205090883 -1.324077909601192 -4.833855885564054 4.219863144122389
17.014028056112224 13.895793142243775 5.01396432904448 8.48903510708233 6.5211112955783435 1.4907742805192292 2.9084502453663497 17.435699718808262 24.094643816703165 37.98323912073234 20.06022634877772 22.573242855257373 11.85530983511456 16.231762401842055 3.4604510226225473 6.430483789347529 23.063642637451423 10.900287499945806 14.708333243558211 5.095220281157484 8.717523766578772 24.59574934687799 2.3350226333443658 10.468111676824972 6.015699152215195 -3.458213097396267 -1.308723801906576 -4.818501777869438 4.235217251817005
17.074148296593187 13.911106891077374 5.029278077878079 8.504348855915929 6.536425044411942 1.5060880293528278 2.9237639941999483 17.451013467641843 24.109957565536764 37.99855286956595 20.07554009761132 22.58855660409097 11.87062358394816 16.247076150675653 3.475764771456128 6.445797538181128 23.07895638628502 10.915601248779405 14.72364699239181 5.110534029991083 8.73283751541237 24.61106309571159 2.3503363821779644 10.48342542565857 6.031012901048793 -3.442899348562668 -1.2934100530729773 -4.803188029035839 4.250531000650604
17.13426853707415 13.926380452092708 5.044551638893431 8.519622416931263 6.551698605427276 1.521361590368162 2.9390375552153003 17.466287028657195 24.12523112655211 38.01382643058128 20.090813658626665 22.603830165106316 11.885897144963494 16.262349711691005 3.49103833247148 6.46107109919648 23.094229947300356 10.930874809794739 14.738920553407144 5.125807591006417 8.748111076427705 24.626336656726934 2.3656099431932986 10.498698986673904 6.046286462064128 -3.427625787547334 -1.278136492057643 -4.787914468020505 4.265804561665938
17.19438877755511 13.941613985290733 5.059785172091438 8.534855950129288 6.566932138625301 1.5365951235661868 2.954271088413307 17.481520561855202 24.140464659750123 38.029059963779304 20.106047191824683 22.619063698304334 11.901130678161518 16.277583244889012 3.506271865669487 6.476304632394487 23.10946348049838 10.946108342992764 14.754154086605169 5.141041124204442 8.763344609625712 24.64157018992495 2.3808434763913233 10.51393251987193 6.061519995262152 -3.4123922543493093 -1.2629029588596183 -4.77268093482248 4.281038094863963
17.25450901803607 13.95680765186384 5.074978838664563 8.550049616702413 6.582125805198427 1.5517887901393124 2.969464754986433 17.496714228428328 24.15565832632325 38.04425363035242 20.121240858397798 22.63425736487745 11.916324344734644 16.292776911462138 3.5214655322426127 6.491498298967612 23.124657147071495 10.96130200956589 14.769347753178295 5.15623479077755 8.778538276198837 24.656763856498074 2.396037142964431 10.529126186445055 6.07671366183526 -3.3971985877761837 -1.2477092922864927 -4.757487268249372 4.29623176143707
17.314629258517034 13.971961623138558 5.090132809939281 8.565203587977113 6.597279776473144 1.566942761414012 2.98461872626115 17.511868199703045 24.170812297597955 38.059407601627136 20.136394829672515 22.649411336152166 11.931478316009343 16.307930882736855 3.53661950351733 6.50665227024233 23.139811118346216 10.976455980840589 14.784501724453012 5.171388762052267 8.793692247473555 24.67191782777278 2.4111911142391484 10.544280157719772 6.0918676331099775 -3.382044616501484 -1.2325553210117932 -4.742333296974655 4.311385732711788
17.374749498997996 13.987076059421142 5.1052472462218645 8.580318024259697 6.612394212755728 1.5820571976965958 2.999733162543734 17.52698263598563 24.185926733880542 38.07452203790972 20.1515092659551 22.66452577243475 11.946592752291927 16.32304531901944 3.551733939799914 6.521766706524914 23.154925554628797 10.991570417123173 14.799616160735596 5.186503198334851 8.808806683756139 24.687032264055368 2.4263055505217324 10.559394594002356 6.106982069392561 -3.3669301802189002 -1.2174408847292093 -4.727218860692071 4.326500168994372
17.43486973947896 14.002151122286808 5.1203223090875305 8.595393087125363 6.627469275621394 1.5971322605622618 3.0148082254094 17.542057698851295 24.201001796746205 38.08959710077538 20.166584328820765 22.679600835300416 11.961667815157593 16.338120381885105 3.56680900266558 6.53684176939058 23.170000617494466 11.006645479988839 14.814691223601262 5.201578261200517 8.823881746621804 24.70210732692103 2.4413806133873983 10.574469656868022 6.122057132258227 -3.3518551173532343 -1.2023658218635433 -4.712143797826405 4.341575231860038
17.494989979959918 14.017186974730631 5.135358161531354 8.610428939569186 6.642505128065217 1.612168113006085 3.029844077853223 17.557093551295118 24.216037649190028 38.1046329532192 20.181620181264588 22.69463668774424 11.976703667601416 16.353156234328928 3.581844855109403 6.551877621834403 23.18503646993829 11.021681332432662 14.829727076045085 5.21661411364434 8.838917599065628 24.717143179364854 2.4564164658312215 10.589505509311845 6.137092984702051 -3.336819264909411 -1.1873299694197201 -4.697107945382582 4.356611084303861
17.55511022044088 14.032183777874625 5.150354964675348 8.62542574271318 6.657501931209211 1.627164916150079 3.044840880997217 17.572090354439112 24.231034452334022 38.119629756363196 20.196616984408582 22.709633490888233 11.99170047074541 16.368153037472922 3.596841658253397 6.566874424978397 23.200033273082283 11.036678135576656 14.844723879189061 5.231610916788334 8.853914402209622 24.732139982508848 2.4714132689752155 10.604502312455839 6.1520897878460445 -3.321822461765417 -1.1723331662757261 -4.682111142238588 4.371607887447855
17.615230460921843 14.047141695935483 5.165312882736206 8.640383660774056 6.672459849270069 1.642122834210955 3.0597987990580755 17.58704827249997 24.24599237039489 38.13458767442406 20.211574902469447 22.7245914089491 12.006658388806287 16.38311095553378 3.6117995763142554 6.581832343039255 23.21499119114314 11.051636053637532 14.859681797249937 5.246568834849192 8.86887232027048 24.747097900569717 2.486371187036074 10.619460230516697 6.167047705906903 -3.306864543704541 -1.15737524821485 -4.66715322417773 4.386565805508731
17.675350701402806 14.062060888826906 5.180232075627629 8.65530285366546 6.687379042161474 1.65704202710236 3.0747179919494982 17.601967465391393 24.260911563286307 38.14950686731547 20.226494095360852 22.739510601840504 12.021577581697692 16.398030148425185 3.626718769205678 6.59675153593066 23.229910384034554 11.066555246528937 14.874600990141342 5.261488027740615 8.883791513161903 24.762017093461132 2.5012903799274966 10.634379423408102 6.181966898798326 -3.291945350813136 -1.142456055323445 -4.652234031286307 4.401484998400136
