web/models/mosfit_kne/mosfit_kn_1.0000/mosfit_kn_0.006452_0.4217_1.0000.dat
# %ECSV 1.0
# ---
# datatype:
# - {name: time, datatype: float64}
# - {name: PS1_g, datatype: float64}
# - {name: PS1_i, datatype: float64}
# - {name: PS1_r, datatype: float64}
# - {name: PS1_w, datatype: float64}
# - {name: PS1_y, datatype: float64}
# - {name: PS1_z, datatype: float64}
# - {name: swift_uvot_B, datatype: float64}
# - {name: swift_uvot_U, datatype: float64}
# - {name: swift_uvot_uvm2, datatype: float64}
# - {name: swift_uvot_uvw1, datatype: float64}
# - {name: swift_uvot_uvw2, datatype: float64}
# - {name: swift_uvot_V, datatype: float64}
# - {name: johnson_B, datatype: float64}
# - {name: johnson_I, datatype: float64}
# - {name: johnson_R, datatype: float64}
# - {name: johnson_U, datatype: float64}
# - {name: johnson_V, datatype: float64}
# - {name: sdss_g, datatype: float64}
# - {name: sdss_i, datatype: float64}
# - {name: sdss_r, datatype: float64}
# - {name: sdss_u, datatype: float64}
# - {name: sdss_z, datatype: float64}
# - {name: ATLAS_c, datatype: float64}
# - {name: ATLAS_o, datatype: float64}
# - {name: ukirt_H, datatype: float64}
# - {name: ukirt_J, datatype: float64}
# - {name: ukirt_K, datatype: float64}
# - {name: Clear, datatype: float64}
# meta: !!omap
# - comment: [kappa = 1.0, type = rprocess, mass = 0.006451950121499907, velocity = 0.4216666666666667, theta_obs = 0.0, tfloor = 1000.0]
# schema: astropy-2.0
time PS1_g PS1_i PS1_r PS1_w PS1_y PS1_z swift_uvot_B swift_uvot_U swift_uvot_uvm2 swift_uvot_uvw1 swift_uvot_uvw2 swift_uvot_V johnson_B johnson_I johnson_R johnson_U johnson_V sdss_g sdss_i sdss_r sdss_u sdss_z ATLAS_c ATLAS_o ukirt_H ukirt_J ukirt_K Clear
[from data line 116]
7.034068136272545 9.202896713234807 0.3210679000355299 3.796138678073362 1.8282148665693754 -3.202122148489739 -1.7844461836426007 12.742803289799294 19.401747387694208 33.290342691723374 15.367329919768764 17.880346426248416 7.162413406105592 11.538865972833086 -1.2324454063864207 1.7375873603385614 18.370746208442455 6.207391070936839 10.015436814549243 0.4023238521485162 4.024627337569804 19.902852917869023 -2.3578737956646023 5.7752152478160035 1.3228027232062267 -8.151109526405234 -6.0016202309155435 -9.511398206878406 -0.45767917719196305
7.0941883767535066 9.225409778923872 0.34358096572459473 3.8186517437624445 1.850727932258458 -3.179609082800674 -1.7619331179535358 12.765316355488359 19.42426045338327 33.31285575741245 15.389842985457829 17.90285949193748 7.184926471794657 11.561379038522169 -1.209932340697356 1.760100426027644 18.39325927413152 6.229904136625922 10.037949880238326 0.42483691783758104 4.047140403258869 19.925365983558105 -2.3353607299755375 5.797728313505086 1.3453157888952916 -8.128596460716151 -5.979107165226461 -9.488885141189341 -0.4351661115028982
7.154308617234468 9.247781644224009 0.36595283102473175 3.841023609062564 1.873099797558595 -3.157237217500537 -1.7395612526533988 12.787688220788496 19.446632318683406 33.33522762271259 15.412214850757966 17.925231357237617 7.207298337094794 11.583750903822306 -1.1875604753972189 1.782472291327781 18.415631139431657 6.252276001926059 10.060321745538463 0.44720878313771806 4.069512268559006 19.947737848858242 -2.3129888646754004 5.820100178805223 1.3676876541954286 -8.106224595416032 -5.956735299926342 -9.466513275889204 -0.4127942462027612
7.214428857715431 9.270016195221977 0.3881873820226822 3.863258160060532 1.8953343485565455 -3.1350026665025688 -1.7173267016554483 12.809922771786447 19.468866869681367 33.35746217371055 15.434449401755934 17.947465908235586 7.229532888092762 11.605985454820257 -1.1653259243992506 1.8047068423257315 18.437865690429625 6.274510552924009 10.082556296536413 0.4694433341356863 4.091746819556974 19.969972399856193 -2.290754313677432 5.842334729803174 1.3899222051933968 -8.083990044418064 -5.934500748928373 -9.444278724891236 -0.39055969520479294
7.274549098196393 9.29211727682583 0.4102884636265536 3.8853592416643856 1.917435430160399 -3.112901584898715 -1.695225620051577 12.832023853390318 19.490967951285228 33.3795632553144 15.456550483359788 17.96956698983944 7.2516339696966154 11.628086536424128 -1.143224842795397 1.826807923929603 18.45996677203348 6.296611634527863 10.104657378140267 0.4915444157395399 4.1138479011608275 19.992073481460046 -2.2686532320735786 5.864435811407027 1.4120232867972504 -8.06188896281421 -5.91239966732452 -9.422177643287382 -0.36845861360093934
7.3346693386773545 9.31408865143899 0.4322598382397125 3.9073306162775445 1.939406804773558 -3.0909302102855563 -1.673254245438418 12.853995228003477 19.512939325898387 33.40153462992756 15.478521857972947 17.991538364452598 7.273605344309774 11.650057911037287 -1.1212534681822381 1.8487792985427618 18.481938146646637 6.3185830091410216 10.126628752753426 0.5135157903526988 4.1358192757739864 20.014044856073205 -2.2466818574604197 5.886407186020186 1.4339946614104093 -8.039917588201051 -5.890428292711361 -9.400206268674223 -0.34648723898778044
7.394789579158316 9.335933873084858 0.45410505988558114 3.929175837923413 1.9612520264194444 -3.0690849886396876 -1.6514090237925494 12.875840449649345 19.534784547544255 33.42337985157343 15.500367079618815 18.013383586098467 7.295450565955643 11.671903132683155 -1.0994082465363695 1.8706245201886305 18.503783368292506 6.34042823078689 10.148473974399295 0.5353610119985674 4.157664497419855 20.035890077719092 -2.224836635814551 5.9082524076660725 1.455839883056278 -8.018072366555183 -5.868583071065492 -9.378361047028354 -0.3246420173419118
7.454909819639278 9.35765652741761 0.47582771421833314 3.950898492256165 1.9829746807521964 -3.0473623343069356 -1.6296863694597974 12.897563103982097 19.55650720187701 33.44510250590619 15.522089733951567 18.03510624043122 7.317173220288395 11.693625787015907 -1.0776855922036175 1.8923471745213825 18.525506022625258 6.36215088511966 10.170196628732064 0.5570836663313194 4.179387151752607 20.057612732051844 -2.203113981481799 5.9299750619988245 1.47756253738903 -7.996349712222432 -5.84686041673274 -9.356638392695602 -0.3029193630091598
7.51503006012024 9.379269558768293 0.4974407455690155 3.9725115236068476 2.004587712102879 -3.025749302956253 -1.608073338109115 12.91917613533278 19.578120233227693 33.46671553725687 15.54370276530225 18.0567192717819 7.338786251639077 11.71523881836659 -1.056072560852935 1.9139602058720648 18.54711905397594 6.383763916470325 10.191809660082729 0.5786966976820018 4.2010001831032895 20.079225763402526 -2.1815009501311167 5.951588093349507 1.4991755687397124 -7.974736680871749 -5.825247385382058 -9.33502536134492 -0.2813063316584774
7.575150300601202 9.400750060581906 0.5189212473826288 3.993992025420461 2.026068213916492 -3.00426880114264 -1.5865928362955017 12.940656637146393 19.599600735041307 33.48819603907048 15.565183267115863 18.078199773595514 7.360266753452691 11.736719320180203 -1.0345920590393218 1.935440707685678 18.568599555789554 6.405244418283938 10.213290161896342 0.6001771994956151 4.222480684916903 20.10070626521614 -2.1600204483175034 5.97306859516312 1.5206560705533256 -7.953256179058136 -5.803766883568445 -9.313544859531307 -0.25982582984486413
7.635270541082164 9.422123176136221 0.5402943629369439 4.015365140974776 2.0474413294707894 -2.982895685588325 -1.5652197207411866 12.962029752700708 19.620973850595618 33.50956915462479 15.586556382670178 18.09957288914983 7.381639869007006 11.758092435734518 -1.0132189434850067 1.9568138232399754 18.58997267134387 6.426617533838253 10.234663277450657 0.6215503150499302 4.243853800471218 20.122079380770437 -2.1386473327631883 5.9944417107174175 1.5420291861076407 -7.931883063503821 -5.7823937680141295 -9.292171743976992 -0.23845271429054904
7.695390781563126 9.443388084590705 0.5615592713914275 4.036630049429277 2.0687062379252907 -2.9616307771338413 -1.543954812286703 12.983294661155192 19.6422387590501 33.53083406307928 15.607821291124662 18.120837797604313 7.402904777461489 11.779357344189002 -0.9919540350305232 1.9780787316944768 18.611237579798352 6.447882442292754 10.255928185905159 0.6428152235044138 4.265118708925701 20.143344289224938 -2.1173824243087047 6.015706619171919 1.5632940945621243 -7.9106181550493195 -5.761128859559646 -9.270906835522508 -0.21718780583606545
7.755511022044088 9.464546817821908 0.582718004622631 4.057788782660463 2.0898649711564765 -2.9404720439026377 -1.5227960790554995 13.004453394386395 19.663397492281305 33.55199279631048 15.628980024355865 18.141996530835517 7.424063510692693 11.800516077420188 -0.9707953017993196 1.9992374649256626 18.632396313029556 6.46904117552394 10.277086919136345 0.6639739567356173 4.286277442156905 20.164503022456124 -2.096223691077501 6.036865352403105 1.5844528277933279 -7.889459421818134 -5.739970126328442 -9.249748102291305 -0.1960290726048619
7.8156312625250495 9.485602037413372 0.6037732242140947 4.078844002251927 2.110920190747958 -2.919416824311174 -1.5017408594640358 13.025508613977859 19.684452711872773 33.57304801590195 15.650035243947329 18.16305175042698 7.445118730284157 11.821571297011669 -0.9497400822078559 2.020292684517144 18.65345153262102 6.490096395115422 10.298142138727826 0.685029176327081 4.307332661748369 20.185558242047605 -2.0751684714860374 6.057920571994586 1.6055080473847916 -7.868404202226652 -5.718914906736979 -9.228692882699841 -0.17497385301339818
7.875751503006012 9.506556440787257 0.6247276275879798 4.099798405625812 2.1318745941218253 -2.898462420937289 -1.4807864560901507 13.046463017351744 19.705407115246658 33.59400241927583 15.670989647321214 18.184006153800865 7.466073133658042 11.842525700385536 -0.9287856788339708 2.041247087891011 18.674405935994905 6.511050798489289 10.319096542101693 0.7059835797009661 4.328287065122254 20.206512645421483 -2.0542140681121523 6.0788749753684534 1.6264624507586767 -7.847449798852785 -5.697960503363094 -9.207738479325956 -0.15401944963951308
7.935871743486974 9.527412786653713 0.6455839734544178 4.120654751492268 2.152730939988281 -2.877606075070833 -1.4599301102237128 13.067319363218182 19.726263461113103 33.61485876514227 15.691845993187652 18.204862499667303 7.486929479524497 11.863382046251992 -0.9079293329675329 2.062103433757467 18.69526228186136 6.531907144355745 10.339952887968149 0.7268399255674218 4.349143410988692 20.22736899128793 -2.0333577222456967 6.099731321234909 1.6473187966251324 -7.826593452986329 -5.677104157496638 -9.1868821334595 -0.1331631037730574
7.995991983967936 9.54817368210799 0.6663448689086948 4.141415646946545 2.173491835442558 -2.856845179616556 -1.4391692147694357 13.088080258672477 19.74702435656738 33.63561966059656 15.712606888641947 18.2256233951216 7.5076903749787745 11.88414294170627 -0.887168437513238 2.082864329211744 18.716023177315638 6.552668039810022 10.360713783422426 0.7476008210216989 4.3699043064429866 20.248129886742205 -2.0125968267914196 6.120492216689186 1.6680796920794094 -7.805832557532052 -5.656343262042361 -9.166121238005223 -0.11240220831878034
8.056112224448897 9.568841637315568 0.6870128241162909 4.162083602154123 2.1941597906501364 -2.836177224408978 -1.4185012595618396 13.108748213880055 19.767692311774965 33.65628761580414 15.733274843849525 18.246291350329177 7.528358330186353 11.904810896913865 -0.8665004823056597 2.10353228441934 18.736691132523216 6.5733359950176 10.381381738630004 0.7682687762292773 4.390572261650565 20.26879784194979 -1.9919288715838412 6.1411601718967646 1.6887476472869878 -7.785164602324474 -5.6356753068347825 -9.145453282797645 -0.09173425311120198
8.11623246492986 9.589419142293316 0.7075903290940389 4.182661107131889 2.214737295627902 -2.81559971943123 -1.3979237545840917 13.129325718857803 19.788269816752724 33.6768651207819 15.753852348827273 18.266868855306925 7.548935835164101 11.925388401891613 -0.8459229773279118 2.124109789397088 18.75726863750098 6.593913499995366 10.40195924360777 0.7888462812070252 4.411149766628313 20.28937534692755 -1.9713513666060933 6.16173767687453 1.7093251522647357 -7.764587097346708 -5.615097801857017 -9.124875777819897 -0.07115674813345407
8.176352705410821 9.609908529326212 0.7280797161269348 4.203150494164767 2.2352266826607803 -2.795110332398334 -1.3774343675511957 13.1498151058907 19.808759203785613 33.69735450781479 15.774341735860169 18.28735824233982 7.569425222196997 11.94587778892451 -0.8254335902950158 2.144599176429966 18.77775802453386 6.614402887028244 10.422448630640648 0.8093356682399211 4.431639153661209 20.30986473396044 -1.9508619795731974 6.182227063907408 1.7298145392976316 -7.74409771031383 -5.594608414824139 -9.104386390787 -0.05066736110055814
8.236472945891784 9.630312065810358 0.748483252611063 4.223554030648913 2.2556302191449262 -2.774706795914188 -1.3570308310670676 13.170218642374827 19.829162740269748 33.71775804429892 15.794745272344297 18.30776177882395 7.589828758681143 11.966281325408637 -0.8050300538108877 2.165002712914112 18.798161561018006 6.63480642351239 10.442852167124794 0.829739204724067 4.452042690145337 20.330268270444574 -1.9304584430890515 6.202630600391554 1.7502180757817776 -7.723694173829684 -5.574204878339993 -9.083982854302855 -0.030263824616412194
8.296593186372744 9.650631973336807 0.76880316013753 4.243873938175362 2.2759501266713755 -2.7543868883877387 -1.3367109235406005 13.190538549901294 19.849482647796208 33.73807795182538 15.815065179870764 18.328081686350416 7.610148666207592 11.986601232935087 -0.7847101462844206 2.1853226204405614 18.818481468544455 6.655126331038839 10.463172074651244 0.8500591122505163 4.472362597671804 20.350588177971034 -1.9101385355626022 6.222950507918004 1.7705379833082269 -7.703374266303235 -5.553884970813543 -9.063662946776406 -0.009943917089962895
8.356713426853707 9.6708703259314 0.7890415127321226 4.264112290769955 2.296188479265968 -2.734148535793146 -1.316472570946008 13.210776902495887 19.869721000390797 33.75831630441997 15.835303532465357 18.34832003894501 7.6303870188021845 12.006839585529697 -0.764471793689828 2.205560973035154 18.838719821139048 6.675364683633432 10.483410427245836 0.870297464845109 4.492600950266397 20.370826530565623 -1.8899001829680095 6.243188860512596 1.7907763359028195 -7.683135913708642 -5.533646618218951 -9.043424594181813 0.010294435504629718
8.41683366733467 9.691029156839033 0.8092003436397555 4.2842711216775875 2.316347310173601 -2.7139897048855133 -1.296313740038375 13.23093573340352 19.88987983129843 33.778475135327604 15.85546236337299 18.36847886985264 7.650545849709817 12.026998416437312 -0.7443129627821952 2.225719803942787 18.85887865204668 6.6955235145410645 10.503569258153469 0.8904562957527418 4.512759781174029 20.390985361473255 -1.8697413520603767 6.263347691420229 1.8109351668104523 -7.662977082801009 -5.513487787311318 -9.02326576327418 0.030453266412262536
8.47695390781563 9.711110438626296 0.8292816254270186 4.304352403464851 2.336428591960864 -2.69390842309825 -1.276232458251112 13.251017015190783 19.909961113085693 33.79855641711487 15.875543645160253 18.388560151639904 7.67062713149708 12.047079698224575 -0.7242316809949321 2.24580108573005 18.878959933833944 6.715604796328328 10.523650539940732 0.9105375775400049 4.5328410629612925 20.41106664326052 -1.8496600702731136 6.283428973207492 1.8310164485977154 -7.642895801013746 -5.493406505524055 -9.003184481486917 0.05053454819952563
8.537074148296593 9.731116012592196 0.8492871993929185 4.324357977430768 2.356434165926782 -2.67390284913235 -1.256226884285212 13.271022589156683 19.929966687051603 33.81856199108078 15.895549219126153 18.408565725605804 7.69063270546298 12.067085272190493 -0.7042261070290321 2.2658066596959676 18.89896550779986 6.735610370294245 10.54365611390665 0.9305431515059048 4.5528466369271925 20.43107221722643 -1.8296544963072137 6.30343454717341 1.8510220225636154 -7.6228902270478285 -5.473400931558137 -8.983178907521017 0.0705401221654256
8.597194388777554 9.751047689159513 0.869218875960236 4.344289653998086 2.376365842494099 -2.653971172565033 -1.2362952077178946 13.290954265724 19.94989836361892 33.838493667648095 15.91548089569347 18.42849740217312 7.710564382030298 12.08701694875781 -0.6842944304617147 2.285738336263285 18.91889718436716 6.755542046861563 10.563587790473967 0.9504748280732223 4.57277831349451 20.451003893793747 -1.8097228197398962 6.323366223740727 1.8709536991309328 -7.602958550480511 -5.45346925499082 -8.9632472309537 0.09047179873274303
8.657314629258517 9.770907212057836 0.8890783988585582 4.36414917689639 2.3962253653924215 -2.6341116496667105 -1.2164356848195723 13.310813788622323 19.969757886517236 33.85835319054642 15.935340418591792 18.448356925071444 7.73042390492862 12.106876471656133 -0.6644349075633924 2.3055978591616073 18.938756707265483 6.775401569759885 10.58344731337229 0.9703343509715445 4.592637836392832 20.47086341669206 -1.789863296841574 6.34322574663905 1.890813222029255 -7.5830990275822066 -5.433609732092515 -8.943387708055377 0.1103313216310653
8.71743486973948 9.790696207204679 0.9088673940054015 4.383938172043251 2.4160143605392648 -2.6143226545198672 -1.196646689672729 13.330602783769166 19.989546881664086 33.87814218569326 15.955129413738636 18.468145920218287 7.750212900075463 12.126665466802976 -0.6446459124165491 2.3253868543084506 18.958545702412344 6.795190564906728 10.603236308519133 0.9901233461183878 4.6124268315396755 20.490652411838912 -1.7700743016947307 6.363014741785893 1.9106022171760983 -7.5633100324353455 -5.413820736945654 -8.923598712908534 0.13012031677790858
