web/models/mosfit_kne/mosfit_kn_1.0000/mosfit_kn_0.001513_0.3433_1.0000.dat
# %ECSV 1.0
# ---
# datatype:
# - {name: time, datatype: float64}
# - {name: PS1_g, datatype: float64}
# - {name: PS1_i, datatype: float64}
# - {name: PS1_r, datatype: float64}
# - {name: PS1_w, datatype: float64}
# - {name: PS1_y, datatype: float64}
# - {name: PS1_z, datatype: float64}
# - {name: swift_uvot_B, datatype: float64}
# - {name: swift_uvot_U, datatype: float64}
# - {name: swift_uvot_uvm2, datatype: float64}
# - {name: swift_uvot_uvw1, datatype: float64}
# - {name: swift_uvot_uvw2, datatype: float64}
# - {name: swift_uvot_V, datatype: float64}
# - {name: johnson_B, datatype: float64}
# - {name: johnson_I, datatype: float64}
# - {name: johnson_R, datatype: float64}
# - {name: johnson_U, datatype: float64}
# - {name: johnson_V, datatype: float64}
# - {name: sdss_g, datatype: float64}
# - {name: sdss_i, datatype: float64}
# - {name: sdss_r, datatype: float64}
# - {name: sdss_u, datatype: float64}
# - {name: sdss_z, datatype: float64}
# - {name: ATLAS_c, datatype: float64}
# - {name: ATLAS_o, datatype: float64}
# - {name: ukirt_H, datatype: float64}
# - {name: ukirt_J, datatype: float64}
# - {name: ukirt_K, datatype: float64}
# - {name: Clear, datatype: float64}
# meta: !!omap
# - comment: [kappa = 1.0, type = rprocess, mass = 0.001513321957917195, velocity = 0.3433333333333334, theta_obs = 0.0, tfloor = 1000.0]
# schema: astropy-2.0
time PS1_g PS1_i PS1_r PS1_w PS1_y PS1_z swift_uvot_B swift_uvot_U swift_uvot_uvm2 swift_uvot_uvw1 swift_uvot_uvw2 swift_uvot_V johnson_B johnson_I johnson_R johnson_U johnson_V sdss_g sdss_i sdss_r sdss_u sdss_z ATLAS_c ATLAS_o ukirt_H ukirt_J ukirt_K Clear
[from data line 385]
23.206412825651302 16.94435875259165 8.062529939392373 11.537600717430205 9.569676905926219 4.5393398908671045 5.957015855714243 20.48426532915613 27.143209427051048 41.03180473108022 23.108791959125607 25.62180846560526 14.903875445462436 19.280328012189948 6.509016632970423 9.479049399695423 26.1122082477993 13.948853110293681 17.756898853906087 8.14378589150536 11.766089376926647 27.644314957225873 5.383588243692241 13.516677287172847 9.06426476256307 -0.4096474870483908 1.7398418084412994 -1.769936167521562 7.28378286216488
23.266533066132265 16.95682711237504 8.074998299175764 11.550069077213596 9.582145265709627 4.551808250650495 5.9694842154976335 20.49673368893953 27.15567778683444 41.04427309086361 23.121260318909 25.63427682538865 14.916343805245827 19.29279637197334 6.521484992753813 9.491517759478814 26.12467660758269 13.961321470077072 17.769367213689478 8.15625425128875 11.778557736710038 27.656783317009264 5.396056603475632 13.529145646956255 9.076733122346461 -0.39717912726500004 1.7523101682246902 -1.7574678077381711 7.296251221948271
23.326653306613224 16.96926603362508 8.087437220425784 11.562507998463634 9.594584186959647 4.564247171900533 5.981923136747653 20.50917261018956 27.16811670808447 41.05671201211365 23.13369924015903 25.64671574663868 14.928782726495864 19.305235293223358 6.533923914003851 9.503956680728834 26.137115528832727 13.97376039132711 17.781806134939515 8.168693172538788 11.790996657960076 27.669222238259294 5.408495524725669 13.541584568206275 9.089172043596498 -0.3847402060149625 1.7647490894747278 -1.7450288864881336 7.308690143198309
23.386773547094187 16.98167565142125 8.099846838221971 11.574917616259803 9.606993804755817 4.5766567896967025 5.994332754543841 20.521582227985725 27.18052632588065 41.06912162990982 23.146108857955195 25.659125364434846 14.941192344292034 19.317644911019528 6.546333531800021 9.516366298525003 26.149525146628896 13.98617000912328 17.794215752735685 8.181102790334958 11.803406275756245 27.681631856055475 5.420905142521839 13.553994186002445 9.101581661392668 -0.37233058821879284 1.7771587072708974 -1.732619268691964 7.321099760994478
23.44689378757515 16.994056102146633 8.112227288947356 11.587298066985205 9.619374255481219 4.589037240422105 6.006713205269225 20.533962678711127 27.19290677660604 41.08150208063521 23.158489308680597 25.67150581516025 14.953572795017436 19.33002536174493 6.558713982525405 9.528746749250406 26.16190559735429 13.998550459848682 17.806596203461087 8.193483241060342 11.81578672648163 27.694012306780866 5.433285593247241 13.566374636727847 9.113962112118053 -0.35995013749339066 1.7895391579962996 -1.7202388179665618 7.3334802117198805
23.507014028056112 17.006407510169 8.124578696969706 11.599649475007556 9.63172566350357 4.6013886484444555 6.019064613291576 20.54631408673348 27.20525818462839 41.093853488657565 23.17084071670295 25.683857223182603 14.965924203039787 19.34237676976728 6.571065390547756 9.541098157272756 26.17425700537664 14.010901867871032 17.818947611483438 8.20583464908271 11.82813813450398 27.706363714803217 5.445637001269592 13.578726044750198 9.126313520140421 -0.34759872947103987 1.8018905660186504 -1.707887409944211 7.345831619742231
23.567134268537075 17.01873001223774 8.136901199038462 11.611971977076294 9.644048165572308 4.613711150513193 6.031387115360332 20.558636588802216 27.21758068669714 41.10617599072631 23.183163218771696 25.696179725251337 14.978246705108525 19.354699271836036 6.5833878926165115 9.553420659341494 26.186579507445387 14.02322436993977 17.831270113552176 8.218157151151448 11.840460636572736 27.718686216871966 5.45795950333833 13.591048546818936 9.138636022209159 -0.335276227402302 1.8142130680873882 -1.695564907875473 7.358154121810969
23.627254509018034 17.031023729692762 8.149194916493485 11.624265694531317 9.656341883027348 4.626004867968216 6.043680832815355 20.57093030625725 27.229874404152163 41.11846970818133 23.19545693622672 25.70847344270637 14.990540422563548 19.36699298929106 6.5956816100715345 9.565714376796535 26.198873224900417 14.035518087394793 17.8435638310072 8.230450868606471 11.85275435402776 27.73097993432699 5.470253220793353 13.603342264273977 9.150929739664182 -0.32298250994727895 1.8265067855424113 -1.68327119042045 7.370447839265992
23.687374749498996 17.04328880025562 8.161459987056343 11.636530765094193 9.668606953590206 4.638269938531092 6.055945903378213 20.583195376820107 27.242139474715028 41.1307347787442 23.207722006789584 25.720738513269236 15.002805493126424 19.379258059853917 6.6079466806343925 9.577979447359393 26.21113829546328 14.047783157957669 17.855828901570074 8.24271593916933 11.865019424590617 27.743245004889854 5.482518291356211 13.615607334836834 9.16319481022704 -0.3107174393844032 1.838771856105287 -1.671006119857592 7.382712909828868
23.74749498997996 17.05552534646829 8.173696533269013 11.648767311306845 9.680843499802858 4.650506484743744 6.068182449590882 20.59543192303277 27.254376020927687 41.14297132495686 23.219958553002247 25.7329750594819 15.015042039339075 19.391494606066587 6.620183226847062 9.590215993572063 26.223374841675938 14.06001970417032 17.868065447782726 8.254952485381999 11.877255970803287 27.755481551102513 5.49475483756888 13.627843881049486 9.17543135643971 -0.2984808931717515 1.8510084023179387 -1.6587695736449226 7.39494945604152
23.80761523046092 17.067733494473867 8.18590468127459 11.66097545931244 9.693051647808453 4.662714632749321 6.080390597596459 20.607640071038354 27.266584168933274 41.155179472962445 23.232166701007824 25.745183207487475 15.027250187344652 19.403702754072164 6.632391374852639 9.60242414157764 26.235582989681525 14.072227852175915 17.88027359578832 8.267160633387576 11.889464118808863 27.7676896991081 5.506962985574457 13.64005202905508 9.187639504445286 -0.28627274516615686 1.8632165503235334 -1.6465614256393457 7.4071576040470966
23.867735470941884 17.07991337562431 8.198084562425034 11.673155340462884 9.705231528958898 4.674894513899783 6.092570478746904 20.6198199521888 27.27876405008372 41.16735935411289 23.244346582158276 25.757363088637927 15.039430068495115 19.41588263522261 6.644571256003084 9.614604022728084 26.24776287083197 14.08440773332636 17.892453476938766 8.279340514538038 11.901643999959308 27.779869580258545 5.51914286672492 13.652231910205526 9.199819385595731 -0.2740928640157121 1.8753964314739782 -1.6343815444888832 7.419337485197559
23.927855711422843 17.09206510926972 8.210236296070441 11.685307074108273 9.717383262604304 4.687046247545172 6.104722212392311 20.631971685834205 27.29091578372912 41.1795110877583 23.256498315803675 25.769514822283327 15.051581802140504 19.428034368868015 6.6567229896484905 9.626755756373491 26.259914604477373 14.096559466971767 17.904605210584172 8.291492248183427 11.913795733604715 27.792021313903945 5.531294600370309 13.664383643850933 9.211971119241138 -0.26194113037032296 1.8875481651193673 -1.622229810843494 7.431489218842948
23.987975951903806 17.10418882300912 8.222360009809826 11.697430787847676 9.72950697634369 4.699169961284575 6.116845926131695 20.6440953995736 27.30303949746851 41.19163480149769 23.26862202954307 25.781638536022722 15.063705515879906 19.4401580826074 6.668846703387875 9.638879470112876 26.27203831821677 14.108683180711152 17.916728924323557 8.30361596192283 11.925919447344118 27.804145027643337 5.5434183141097115 13.676507357590317 9.22409483298054 -0.24981741663092039 1.8996718788587699 -1.6101060971040915 7.443612932582351
24.04809619238477 17.116284632644305 8.234455819445028 11.709526597482878 9.741602785978891 4.711265770919759 6.128941735766897 20.656191209208792 27.315135307103702 41.20373061113288 23.280717839178262 25.793734345657914 15.07580132551509 19.452253892242602 6.680942513023077 9.650975279748078 26.284134127851964 14.120778990346354 17.92882473395876 8.315711771558014 11.938015256979302 27.816240837278528 5.555514123744896 13.68860316722552 9.236190642615725 -0.23772160699571843 1.9117676884939718 -1.5980102874689073 7.455708742217535
24.10821643286573 17.128352679647563 8.246523866448285 11.721594644486135 9.753670832982149 4.723333817923034 6.141009782770155 20.66825925621205 27.32720335410697 41.215798658136144 23.29278588618153 25.80580239266117 15.087869372518366 19.46432193924586 6.693010560026335 9.663043326751335 26.296202174855217 14.132847037349611 17.940892780962017 8.327779818561272 11.95008330398256 27.828308884281796 5.567582170748153 13.700671214228777 9.248258689618982 -0.22565355999246095 1.9238357354972293 -1.5859422404656498 7.4677767892207925
24.168336673346694 17.14039306445832 8.258564251259042 11.733635029296892 9.765711217792905 4.735374202733791 6.153050167580911 20.680299641022813 27.339243738917727 41.2278390429469 23.304826270992283 25.817842777471935 15.099909757329122 19.476362324056616 6.705050944837091 9.675083711562092 26.308242559665977 14.144887422160368 17.952933165772773 8.339820203372028 11.962123688793316 27.840349269092552 5.579622555558927 13.712711599039533 9.260299074429739 -0.21361317518170453 1.9358761203079857 -1.5739018556548756 7.479817174031567
24.228456913827653 17.152405924125027 8.270577110925732 11.745647888963582 9.777724077459595 4.747387062400481 6.1650630272476015 20.692312500689503 27.351256598584417 41.2398519026136 23.316839130658973 25.829855637138625 15.111922616995813 19.488375183723306 6.717063804503781 9.687096571228782 26.320255419332675 14.156900281827058 17.964946025439463 8.351833063038736 11.974136548460024 27.852362128759243 5.591635415225618 13.724724458706223 9.272311934096447 -0.20160031551501434 1.947888979974676 -1.5618889959881854 7.491830033698257
24.288577154308616 17.164391377255743 8.282562564056466 11.757633342094316 9.78970953059033 4.759372515531215 6.177048480378335 20.70429795382023 27.36324205171515 41.25183735574432 23.328824583789707 25.84184109026936 15.123908070126546 19.50036063685404 6.729049257634515 9.699082024359516 26.3322408724634 14.168885734957792 17.976931478570197 8.363818516169452 11.98612200159074 27.864347581889977 5.6036208683563515 13.736709911836957 9.284297387227163 -0.18961486238428038 1.9598744331054099 -1.5499035428574515 7.503815486828991
24.34869739478958 17.17634953262424 8.294520719424963 11.769591497462812 9.801667685958826 4.771330670899712 6.189006635746832 20.716256109188727 27.375200207083648 41.26379551111282 23.340782739158204 25.85379924563785 15.135866225495043 19.512318792222537 6.741007413003012 9.711040179728013 26.3441990278319 14.180843890326289 17.988889633938694 8.375776671537949 11.998080156959237 27.876305737258473 5.61557902372483 13.748668067205454 9.29625554259566 -0.17765670701578373 1.9718325884739065 -1.5379453874889726 7.51577364219747
24.40881763527054 17.18828052085687 8.306451707657594 11.781522485695426 9.81359867419144 4.783261659132325 6.200937623979463 20.728187097421348 27.38713119531627 41.275726499345446 23.352713727390828 25.86573023387048 15.147797213727657 19.52424978045517 6.752938401235643 9.722971167960644 26.35613001606452 14.192774878558902 18.000820622171307 8.38770765977058 12.010011145191868 27.888236725491097 5.627510011957462 13.760599055438067 9.30818653082829 -0.16572571878317022 1.98376357670652 -1.5260143992563413 7.527704630430101
24.468937875751504 17.200184457080034 8.318355643880757 11.793426421918607 9.82550261041462 4.795165595355506 6.212841560202627 20.740091033644532 27.399035131539442 41.287630435568616 23.364617663614002 25.877634170093653 15.159701149950838 19.53615371667833 6.7648423374588065 9.734875104183807 26.36803395228769 14.204678814782083 18.01272455839449 8.399611595993761 12.021915081415031 27.900140661714268 5.639413948180643 13.772502991661248 9.320090467051454 -0.15382178255998924 1.995667512929701 -1.5141104630331603 7.539608566653282
24.529058116232463 17.212061460097594 8.330232646898317 11.805303424936149 9.83737961343218 4.807042598373048 6.224718563220186 20.75196803666208 27.410912134556995 41.29950743858617 23.37649466663155 25.889511173111202 15.17157815296838 19.54803071969589 6.776719340476366 9.746752107201367 26.37991095530524 14.216555817799625 18.02460156141203 8.411488599011303 12.03379208443259 27.91201766473182 5.651290951198185 13.78437999467879 9.331967470069014 -0.14194477954244733 2.007544515947243 -1.5022334600156184 7.551485569670824
24.589178356713425 17.22391164509922 8.342082831899944 11.817153609937776 9.84922979843379 4.818892783374675 6.2365687482218135 20.763818221663698 27.422762319558622 41.31135762358779 23.388344851633178 25.90136135811282 15.183428337970007 19.55988090469752 6.788569525477993 9.758602292202994 26.39176114030687 14.228406002801252 18.036451746413658 8.42333878401293 12.045642269434218 27.923867849733448 5.663141136199812 13.796230179680418 9.34381765507064 -0.13009459454082006 2.01939470094887 -1.4903832750139911 7.563335754672451
24.649298597194388 17.235735131906544 8.353906318707267 11.828977096745117 9.86105328524113 4.830716270182016 6.2483922350291365 20.775641708471042 27.434585806365952 41.323181110395126 23.400168338440512 25.913184844920163 15.195251824777348 19.57170439150484 6.8003930122853165 9.770425779010317 26.4035846271142 14.240229489608593 18.048275233221 8.435162270820271 12.057465756241541 27.935691336540778 5.674964623007153 13.808053666487758 9.355641141877964 -0.11827110773347926 2.031218187756211 -1.4785597882066503 7.575159241479792
24.70941883767535 17.247532027780288 8.36570321458101 11.840773992618843 9.872850181114874 4.842513166055742 6.26018913090288 20.787438604344775 27.44638270223969 41.33497800626887 23.411965234314245 25.924981740793896 15.207048720651073 19.583501287378585 6.81218990815906 9.78222267488406 26.415381522987943 14.252026385482319 18.060072129094742 8.446959166693997 12.069262652115285 27.947488232414514 5.686761518880878 13.819850562361502 9.367438037751707 -0.10647421185975348 2.043015083629937 -1.4667628923329246 7.586956137353518
24.769539078156313 17.25930245289918 8.377473639699904 11.852544417737736 9.884620606233767 4.854283591174635 6.271959556021773 20.79920902946367 27.458153127358578 41.34674843138776 23.423735659433138 25.93675216591279 15.218819145769967 19.59527171249748 6.823960333277953 9.793993100002954 26.42715194810684 14.26379681060123 18.071842554213635 8.45872959181289 12.081033077234178 27.959258657533404 5.698531943999772 13.831620987480395 9.3792084628706 -0.09470378674086022 2.05478550874883 -1.4549924672140313 7.598726562472411
24.829659318637272 17.271046519927875 8.389217706728598 11.864288484766448 9.896364673262461 4.866027658203347 6.283703623050467 20.810953096492362 27.469897194387283 41.35849249841645 23.43547972646184 25.94849623294149 15.230563212798678 19.607015779526172 6.835704400306647 9.805737167031648 26.438896015135533 14.275540877629924 18.08358662124233 8.470473658841584 12.092777144262872 27.97100272456211 5.710276011028466 13.84336505450909 9.390952529899295 -0.08295971971214855 2.0665295757775417 -1.4432484001853374 7.610470629501123
24.889779559118235 17.282764350382944 8.400935537183667 11.876006315221499 9.908082503717512 4.877745488658398 6.295421453505536 20.822670926947424 27.48161502484234 41.370210328871515 23.447197556916894 25.960214063396545 15.24228104325373 19.618733609981224 6.847422230761716 9.8174549974867 26.450613845590592 14.287258708084975 18.09530445169738 8.482191489296653 12.104494974717941 27.982720555017167 5.721993841483535 13.85508288496414 9.402670360354364 -0.07124188925709718 2.078247406232593 -1.4315305697302683 7.622188459956174
