web/models/mosfit_kne/mosfit_kn_1.0000/mosfit_kn_0.001862_0.4530_1.0000.dat
# %ECSV 1.0
# ---
# datatype:
# - {name: time, datatype: float64}
# - {name: PS1_g, datatype: float64}
# - {name: PS1_i, datatype: float64}
# - {name: PS1_r, datatype: float64}
# - {name: PS1_w, datatype: float64}
# - {name: PS1_y, datatype: float64}
# - {name: PS1_z, datatype: float64}
# - {name: swift_uvot_B, datatype: float64}
# - {name: swift_uvot_U, datatype: float64}
# - {name: swift_uvot_uvm2, datatype: float64}
# - {name: swift_uvot_uvw1, datatype: float64}
# - {name: swift_uvot_uvw2, datatype: float64}
# - {name: swift_uvot_V, datatype: float64}
# - {name: johnson_B, datatype: float64}
# - {name: johnson_I, datatype: float64}
# - {name: johnson_R, datatype: float64}
# - {name: johnson_U, datatype: float64}
# - {name: johnson_V, datatype: float64}
# - {name: sdss_g, datatype: float64}
# - {name: sdss_i, datatype: float64}
# - {name: sdss_r, datatype: float64}
# - {name: sdss_u, datatype: float64}
# - {name: sdss_z, datatype: float64}
# - {name: ATLAS_c, datatype: float64}
# - {name: ATLAS_o, datatype: float64}
# - {name: ukirt_H, datatype: float64}
# - {name: ukirt_J, datatype: float64}
# - {name: ukirt_K, datatype: float64}
# - {name: Clear, datatype: float64}
# meta: !!omap
# - comment: [kappa = 1.0, type = rprocess, mass = 0.001861645566637777, velocity = 0.45299999999999996, theta_obs = 0.0, tfloor = 1000.0]
# schema: astropy-2.0
time PS1_g PS1_i PS1_r PS1_w PS1_y PS1_z swift_uvot_B swift_uvot_U swift_uvot_uvm2 swift_uvot_uvw1 swift_uvot_uvw2 swift_uvot_V johnson_B johnson_I johnson_R johnson_U johnson_V sdss_g sdss_i sdss_r sdss_u sdss_z ATLAS_c ATLAS_o ukirt_H ukirt_J ukirt_K Clear
[from data line 177]
10.701402805611222 14.14370124132061 5.2618724281213325 8.736943206159182 6.769019394655196 1.7386823795960638 3.156358344443202 17.683607817885097 24.342551915780017 38.23114721980919 20.308134447854567 22.821150954334218 12.103217934191395 16.479670500918907 3.708359121699382 6.678391888424382 23.311550736528268 11.148195599022658 14.956241342635064 5.343128380234319 8.965431865655606 24.843657445954843 2.5829307324212003 10.716019775901824 6.263607251292029 -3.2103049983194145 -1.0608157028297236 -4.570593678792603 4.48312535089384
10.761523046092185 14.16915387808757 5.287325064888293 8.762395842926125 6.794472031422156 1.7641350163630243 3.1818109812101625 17.709060454652057 24.36800455254697 38.25659985657614 20.333587084621527 22.84660359110118 12.128670570958356 16.505123137685867 3.7338117584663424 6.703844525191342 23.337003373295225 11.173648235789601 14.981693979402007 5.368581017001279 8.990884502422567 24.869110082721797 2.608383369188161 10.741472412668784 6.28905988805899 -3.1848523615524718 -1.0353630660627808 -4.545141042025643 4.5085779876608
10.821643286573146 14.194497986410184 5.312669173210907 8.787739951248756 6.81981613974477 1.7894791246856556 3.207155089532776 17.73440456297467 24.39334866086959 38.281943964898765 20.35893119294414 22.871947699423792 12.15401467928097 16.53046724600848 3.759155866788956 6.729188633513956 23.36234748161784 11.198992344112233 15.007038087724638 5.393925125323893 9.01622861074518 24.894454191044417 2.6337274775107744 10.766816520991398 6.314403996381603 -3.1595082532298404 -1.0100189577401495 -4.519796933703029 4.533922095983414
10.881763527054108 14.219734316798753 5.337905503599458 8.812976281637308 6.8450524701333215 1.8147154550742073 3.2323914199213455 17.75964089336324 24.41858499125815 38.307180295287324 20.384167523332703 22.897184029812355 12.179251009669539 16.555703576397033 3.7843921971775254 6.754424963902507 23.3875838120064 11.224228674500784 15.03227441811319 5.419161455712462 9.04146494113375 24.91969052143297 2.658963807899344 10.79205285137995 6.339640326770173 -3.1342719228412887 -0.9847826273515979 -4.49456060331446 4.559158426371983
10.941883767535069 14.244863614041687 5.36303480084241 8.838105578880242 6.8701817673762555 1.8398447523171413 3.2575207171642795 17.784770190606174 24.443714288501084 38.33230959253026 20.409296820575644 22.922313327055296 12.204380306912473 16.580832873639984 3.8095214944204594 6.779554261145459 23.412713109249335 11.249357971743718 15.057403715356124 5.444290752955396 9.066594238376684 24.94481981867591 2.684093105142278 10.817182148622884 6.364769624013107 -3.1091426255983547 -0.9596533301086639 -4.469431306071526 4.584287723614917
11.002004008016032 14.269886618017225 5.388057804817947 8.86312858285578 6.895204771351793 1.8648677562926785 3.2825437211398167 17.80979319458171 24.468737292476625 38.35733259650579 20.43431982455117 22.947336331030822 12.22940331088801 16.605855877615504 3.8345444983959966 6.804577265120979 23.437736113224872 11.274380975719255 15.08242671933166 5.469313756930934 9.091617242352221 24.96984282265145 2.709116109117815 10.84220515259842 6.389792627988644 -3.0841196216228175 -0.9346303261331267 -4.444408302095988 4.609310727590454
11.062124248496994 14.2948040667717 5.412975253572423 8.888046031610273 6.920122220106286 1.889785205047172 3.3074611698942924 17.834710643336187 24.493654741231108 38.38225004526028 20.459237273305664 22.972253779785316 12.254320759642503 16.630773326369997 3.8594619471504723 6.829494713875472 23.46265356197936 11.299298424473749 15.107344168086154 5.494231205685427 9.116534691106697 24.994760271405934 2.7340335578723085 10.867122601352914 6.41471007674312 -3.059202172868324 -0.9097128773786333 -4.419490853341495 4.634228176344948
11.122244488977955 14.319616692527433 5.437787879328138 8.912858657365987 6.944934845862001 1.9145978308028866 3.332273795650007 17.859523269091902 24.518467366986822 38.407062671016 20.48404989906138 22.99706640554103 12.279133385398218 16.655585952125712 3.884274572906187 6.854307339631187 23.48746618773508 11.324111050229464 15.132156793841869 5.519043831441142 9.14134731686243 25.01957289716165 2.758846183628023 10.891935227108629 6.439522702498852 -3.0343895471126094 -0.8849002516229186 -4.39467822758578 4.659040802100662
11.182364729458918 14.344325216725355 5.462496403526078 8.93756718156391 6.969643370059924 1.9393063550008094 3.3569823198479476 17.884231793289842 24.543175891184752 38.431771195213926 20.508758423259305 23.021774929738957 12.30384190959614 16.680294476323635 3.9089830971041275 6.8790158638291095 23.512174711933003 11.348819574427386 15.156865318039792 5.543752355639064 9.166055841060352 25.044281421359578 2.783554707825946 10.916643751306552 6.464231226696775 -3.0096810229146866 -0.8601917274249958 -4.3699697033878575 4.683749326298585
11.242484969939879 14.368930365198214 5.487101551998919 8.962172330036768 6.994248518532782 1.9639115034736676 3.381587468320788 17.908836941762683 24.567781039657604 38.456376343686784 20.533363571732163 23.046380078211815 12.328447058068999 16.704899624796493 3.9335882455769857 6.903621012301968 23.53677986040586 11.373424722900245 15.18147046651265 5.568357504111923 9.19066098953321 25.06888656983243 2.808159856298804 10.94124889977941 6.488836375169633 -2.9850758744418284 -0.8355865789521376 -4.345364554914999 4.708354474771443
11.302605210420841 14.393432855051742 5.511604041852465 8.986674819890297 7.01875100838631 1.988413993327196 3.4060899581743342 17.93333943161623 24.592283529511143 38.48087883354031 20.55786606158569 23.07088256806534 12.352949547922528 16.72940211465002 3.958090735430514 6.928123502155496 23.56128235025939 11.397927212753773 15.205972956366178 5.592859993965451 9.215163479386739 25.09338905968597 2.8326623461523326 10.965751389632938 6.513338865023162 -2.9605733845883 -0.8110840890986092 -4.320862065061471 4.732856964624972
11.362725450901802 14.41783339712444 5.536004583925145 9.011075361962995 7.043151550459008 2.012814535399894 3.4304905002470143 17.95773997368891 24.61668407158383 38.505279375613 20.582266603658386 23.095283110138038 12.377350089995225 16.75380265672272 3.982491277503194 6.952524044228194 23.585682892332088 11.42232775482647 15.230373498438876 5.617260536038149 9.239564021459419 25.117789601758655 2.8570628882250304 10.990151931705636 6.537739407095859 -2.936172842515602 -0.7866835470259114 -4.296461522988773 4.75725750669767
11.422845691382765 14.442132696200751 5.560303883001474 9.035374661039324 7.067450849535337 2.037113834476223 3.4547897993233434 17.98203927276524 24.64098337066016 38.52957867468933 20.60656590273472 23.11958240921436 12.401649389071554 16.77810195579905 4.006790576579523 6.976823343304523 23.609982191408406 11.4466270539028 15.254672797515205 5.64155983511446 9.263863320535748 25.142088900834985 2.8813621873013417 11.014451230781965 6.562038706172171 -2.911873543439273 -0.7623842479495823 -4.272162223912462 4.781556805773999
11.482965931863728 14.466331459877164 5.584502646677887 9.059573424715719 7.09164961321175 2.061312598152618 3.4789885629997563 18.00623803644165 24.66518213433656 38.553777438365735 20.63076466641112 23.143781172890773 12.42584815274795 16.80230071947546 4.030989340255936 7.001022106980936 23.634180955084823 11.470825817579195 15.2788715611916 5.665758598790873 9.28806208421216 25.166287664511387 2.9055609509777547 11.038649994458378 6.586237469848584 -2.887674779762878 -0.7381854842731871 -4.247963460236049 4.805755569450394
11.543086172344688 14.49043037996013 5.6086015667608535 9.083672344798703 7.115748533294717 2.0854115182356026 3.503087483082723 18.030336956524618 24.68928105441954 38.57787635844871 20.6548635864941 23.16788009297374 12.449947072830934 16.826399639558428 4.055088260338903 7.025121027063903 23.658279875167786 11.49492473766218 15.302970481274585 5.68985751887384 9.312161004295127 25.190386584594364 2.9296598710607213 11.062748914541345 6.61033638993155 -2.8635758596798935 -0.7140865641902027 -4.223864540153082 4.829854489533361
11.603206412825651 14.514430152023063 5.632601338823768 9.107672116861618 7.139748305357632 2.1094112902985174 3.527087255145638 18.054336728587533 24.713280826482453 38.601876130511634 20.678863358557013 23.191879865036665 12.473946844893849 16.850399411621343 4.079088032401818 7.049120799126817 23.68227964723071 11.518924509725094 15.3269702533375 5.713857290936772 9.33616077635806 25.21438635665728 2.953659643123654 11.08674868660426 6.634336161994483 -2.8395760876169787 -0.6900867921272879 -4.1998647680901495 4.853854261596293
11.663326653306612 14.538331462766383 5.656502649567088 9.131573427604938 7.163649616100951 2.133312601041837 3.5509885658889573 18.07823803933087 24.73718213722578 38.625777441254954 20.702764669300333 23.215781175779984 12.497848155637168 16.874300722364662 4.102989343145155 7.073022109870137 23.70618095797403 11.542825820468414 15.350871564080819 5.737758601680092 9.36006208710138 25.2382876674006 2.9775609538669734 11.11064999734758 6.658237472737802 -2.815674776873659 -0.6661854813839684 -4.17596345734683 4.877755572339613
11.723446893787575 14.562134992989844 5.680306179790566 9.155376957828416 7.1874531463244296 2.1571161312653153 3.5747920961124358 18.10204156955433 24.76098566744925 38.64958097147842 20.726568199523808 23.23958470600346 12.521651685860647 16.89810425258814 4.126792873368616 7.096825640093615 23.729984488197502 11.566629350691892 15.374675094304298 5.761562131903553 9.38386561732484 25.262091197624077 3.001364484090452 11.134453527571058 6.682041002961263 -2.7918712466501807 -0.6423819511604899 -4.152159927123369 4.901559102563091
11.783567134268537 14.585841421555905 5.704012608356628 9.17908338639446 7.211159574890473 2.180822559831359 3.5984985246784973 18.125747998120392 24.784692096015306 38.67328740004448 20.750274628089862 23.263291134569513 12.54535811442669 16.921810681154202 4.150499301934677 7.120532068659677 23.753690916763553 11.590335779257936 15.398381522870341 5.785268560469614 9.407572045890902 25.28579762619013 3.0250709126564956 11.158159956137101 6.705747431527325 -2.768164818084137 -0.6186755225944461 -4.128453498557308 4.925265531129135
11.843687374749498 14.609451419524433 5.727622606325156 9.202693384363005 7.234769572859019 2.2044325577999047 3.622108522647025 18.14935799608892 24.80830209398384 38.696897398013014 20.7738846260584 23.28690113253804 12.568968112395236 16.94542067912273 4.174109299903205 7.144142066628205 23.777300914732088 11.613945777226482 15.421991520838887 5.808878558438142 9.43118204385943 25.309407624158666 3.0486809106250234 11.181769954105647 6.7293574294958525 -2.7445548201155914 -0.5950655246259006 -4.10484350058878 4.948875529097663
11.90380761523046 14.632965658580854 5.751136845381577 9.226207623419427 7.25828381191544 2.2279467968563083 3.6456227617034465 18.17287223514534 24.831816333040262 38.72041163706943 20.79739886511481 23.310415371594463 12.59248235145164 16.96893491817915 4.197623538959626 7.167656305684626 23.800815153788513 11.637460016282903 15.445505759895308 5.832392797494563 9.454696282915851 25.332921863215088 3.072195149681445 11.205284193162068 6.752871668552274 -2.72104058105917 -0.5715512855694792 -4.081329261532359 4.972389768154084
11.963927855711422 14.65638479405607 5.774555980856775 9.249626758894625 7.281702947390638 2.251365932331524 3.6690418971786443 18.196291370620557 24.85523546851546 38.74383077254464 20.82081800059002 23.33383450706967 12.615901486926855 16.99235405365435 4.221042674434842 7.191075441159824 23.824234289263718 11.6608791517581 15.468924895370506 5.855811932969779 9.478115418391067 25.356340998690285 3.0956142851566604 11.228703328637266 6.776290804027489 -2.697621445583972 -0.5481321500942814 -4.057910126057143 4.9958089036293
12.024048096192384 14.679709491745463 5.797880678546186 9.272951456584035 7.305027645080049 2.274690630020917 3.692366594868055 18.21961606830995 24.87856016620487 38.767155470234044 20.84414269827942 23.35715920475907 12.639226184616248 17.01567875134376 4.244367372124235 7.214400138849235 23.847558986953118 11.684203849447512 15.492249593059917 5.879136630659172 9.50144011608046 25.379665696379696 3.1189389828460534 11.252028026326677 6.7996155017168824 -2.6742967478945614 -0.5248074524048706 -4.03458542836775 5.019133601318693
12.084168336673347 14.70294039741404 5.821111584214744 9.296182362252594 7.3282585507486075 2.2979215356894933 3.7155975005366315 18.242846973978526 24.90179107187344 38.79038637590261 20.867373603947986 23.380390110427637 12.662457090284825 17.03890965701232 4.267598277792811 7.237631044517793 23.870789892621687 11.70743475511607 15.515480498728476 5.902367536327748 9.524671021749036 25.402896602048266 3.14216988851463 11.275258931995236 6.822846407385459 -2.6510658422260027 -0.5015765467363119 -4.011354522699174 5.042364506987269
12.144288577154308 14.726078161728573 5.844249348529296 9.319320126567145 7.351396315063159 2.3210593000040447 3.738735264851165 18.26598473829306 24.92492883618798 38.813524140217154 20.89051136826253 23.40352787474218 12.685594854599358 17.06204742132687 4.290736042107345 7.260768808832345 23.893927656936228 11.730572519430622 15.538618263043027 5.925505300642282 9.54780878606357 25.426034366362806 3.1653076528291635 11.298396696309787 6.8459841716999925 -2.6279280779114513 -0.4784387824217605 -3.9882167583846395 5.065502271301803
12.20440881763527 14.749123423745694 5.867294610546416 9.342365388584248 7.37444157708028 2.3441045620211476 3.761780526868286 18.28903000031018 24.947974098205094 38.83656940223427 20.91355663027965 23.426573136759302 12.708640116616479 17.08509268334399 4.313781304124466 7.283814070849465 23.91697291895334 11.753617781447725 15.56166352506013 5.948550562659403 9.57085404808069 25.44907962837992 3.188352914846284 11.32144195832689 6.869029433717113 -2.6048828158943476 -0.45539352040465764 -3.965171496367519 5.088547533318923
12.264529058116231 14.77207682397621 5.890248010776933 9.365318788814765 7.397394977310796 2.367057962251664 3.7847339270988023 18.311983400540697 24.970927498435607 38.85952280246479 20.936510030510167 23.44952653698982 12.731593516846996 17.108046083574507 4.336734704354982 7.306767471079982 23.93992631918387 11.776571181678241 15.584616925290664 5.971503962889919 9.593807448311207 25.472033028610433 3.2113063150768006 11.344395358557424 6.89198283394763 -2.581929415663831 -0.43244012017414113 -3.9422180961370024 5.11150093354944
12.324649298597194 14.794938995842255 5.913110182642978 9.388180960680828 7.420257149176841 2.3899201341177267 3.807596098964847 18.334845572406742 24.993789670301663 38.88238497433083 20.95937220237622 23.472388708855863 12.754455688713058 17.130908255440552 4.359596876221027 7.329629642946027 23.962788491049913 11.799433353544304 15.607479097156709 5.994366134755964 9.616669620177252 25.49489520047649 3.2341684869428455 11.367257530423469 6.914845005813675 -2.5590672437977684 -0.4095779483080785 -3.9193559242709575 5.134363105415503
12.384769539078157 14.817710565817475 5.935881752618197 9.41095253065603 7.443028719152043 2.4126917040929285 3.8303676689400667 18.35761714238196 25.01656124027687 38.905156544306045 20.982143772351424 23.495160278831076 12.77722725868826 17.153679825415754 4.382368446196247 7.352401212921229 23.985560061025122 11.822204923519505 15.63025066713191 6.017137704731184 9.639441190152471 25.517666770451697 3.256940056918065 11.390029100398671 6.937616575788894 -2.5362956738225666 -0.3868063783328767 -3.896584354295738 5.157134675390704
