web/models/mosfit_kne/mosfit_kn_1.0000/mosfit_kn_0.001230_0.0927_1.0000.dat
# %ECSV 1.0
# ---
# datatype:
# - {name: time, datatype: float64}
# - {name: PS1_g, datatype: float64}
# - {name: PS1_i, datatype: float64}
# - {name: PS1_r, datatype: float64}
# - {name: PS1_w, datatype: float64}
# - {name: PS1_y, datatype: float64}
# - {name: PS1_z, datatype: float64}
# - {name: swift_uvot_B, datatype: float64}
# - {name: swift_uvot_U, datatype: float64}
# - {name: swift_uvot_uvm2, datatype: float64}
# - {name: swift_uvot_uvw1, datatype: float64}
# - {name: swift_uvot_uvw2, datatype: float64}
# - {name: swift_uvot_V, datatype: float64}
# - {name: johnson_B, datatype: float64}
# - {name: johnson_I, datatype: float64}
# - {name: johnson_R, datatype: float64}
# - {name: johnson_U, datatype: float64}
# - {name: johnson_V, datatype: float64}
# - {name: sdss_g, datatype: float64}
# - {name: sdss_i, datatype: float64}
# - {name: sdss_r, datatype: float64}
# - {name: sdss_u, datatype: float64}
# - {name: sdss_z, datatype: float64}
# - {name: ATLAS_c, datatype: float64}
# - {name: ATLAS_o, datatype: float64}
# - {name: ukirt_H, datatype: float64}
# - {name: ukirt_J, datatype: float64}
# - {name: ukirt_K, datatype: float64}
# - {name: Clear, datatype: float64}
# meta: !!omap
# - comment: [kappa = 1.0, type = rprocess, mass = 0.0012301715156502338, velocity = 0.09266666666666673, theta_obs = 0.0, tfloor = 1000.0]
# schema: astropy-2.0
time PS1_g PS1_i PS1_r PS1_w PS1_y PS1_z swift_uvot_B swift_uvot_U swift_uvot_uvm2 swift_uvot_uvw1 swift_uvot_uvw2 swift_uvot_V johnson_B johnson_I johnson_R johnson_U johnson_V sdss_g sdss_i sdss_r sdss_u sdss_z ATLAS_c ATLAS_o ukirt_H ukirt_J ukirt_K Clear
[from data line 353]
21.28256513026052 12.316542356886533 3.434713543687238 6.909784321725088 4.941860510221101 -0.08847650483801317 1.3291994600091073 15.856448933451002 22.515393031345923 36.4039883353751 18.480975563420472 20.993992069900134 10.276059049757318 14.652511616484812 1.8812002372652872 4.851233003990287 21.48439185209418 9.321036714588564 13.129082458200969 3.515969495800242 7.138272981221512 23.01649856152075 0.7557718479871234 8.88886089146773 4.436448366857952 -5.037463882753509 -2.8879745872638183 -6.39775256322668 2.6559664664597626
21.34268537074148 12.324350263488473 3.4425214502891954 6.9175922283270275 4.949668416823041 -0.08066859823607331 1.337007366611065 15.86425684005296 22.52320093794787 36.411796241977044 18.48878347002243 21.00179997650208 10.283866956359258 14.66031952308677 1.8890081438672448 4.8590409105922445 21.49219975869612 9.328844621190504 13.136890364802909 3.5237774024021817 7.146080887823469 23.024306468122695 0.7635797545890632 8.896668798069669 4.444256273459892 -5.029655976151569 -2.8801666806618784 -6.38994465662474 2.6637743730617025
21.402805611222444 12.33215101863502 3.450322205435725 6.925392983473575 4.9574691719695885 -0.07286784308952576 1.3448081217575947 15.87205759519949 22.53100169309441 36.419596997123584 18.49658422516896 21.00960073164862 10.291667711505806 14.6681202782333 1.8968088990137746 4.866841665738774 21.500000513842668 9.336645376337051 13.144691119949456 3.5315781575487293 7.153881642969999 23.032107223269236 0.7713805097356108 8.904469553216217 4.45205702860644 -5.021855221005022 -2.872365925515331 -6.382143901478193 2.67157512820825
21.462925851703407 12.339944628591333 3.4581158153920555 6.933186593429905 4.965262781925919 -0.06507423313321326 1.352601731713925 15.87985120515582 22.538795303050733 36.427390607079914 18.50437783512529 21.01739434160494 10.299461321462118 14.67591388818963 1.9046025089701049 4.874635275695105 21.507794123798988 9.344438986293381 13.152484729905787 3.539371767505042 7.1616752529263294 23.03990083322556 0.7791741196919233 8.912263163172547 4.459850638562752 -5.0140616110486915 -2.8645723155590006 -6.37435029152188 2.6793687381645626
21.52304609218437 12.34773110821111 3.4659022950118334 6.940973073049683 4.973049261545697 -0.05728775351341753 1.360388211333703 15.887637684775598 22.54658178267052 36.43517708669969 18.512164314745068 21.02518082122472 10.307247801081914 14.683700367809408 1.9123889885898828 4.8824217553148825 21.51558060341877 9.35222546591316 13.160271209525565 3.5471582471248198 7.169461732546107 23.047687312845344 0.7869605993117013 8.920049642792325 4.46763711818253 -5.006275131428914 -2.8567858359392226 -6.366563811902102 2.6871552177843405
21.58316633266533 12.355510474185838 3.4736816609865606 6.948752439024393 4.980828627520424 -0.04950838753870812 1.36816757730843 15.895417050750325 22.554361148645235 36.442956452674416 18.519943680719795 21.032960187199446 10.315027167056623 14.691479733784135 1.92016835456461 4.89020112128961 21.523359969393496 9.360004831887887 13.168050575500292 3.554937613099547 7.177241098520835 23.05546667882006 0.7947399652864284 8.927829008767052 4.4754164841572575 -4.998495765454204 -2.8490064699645132 -6.358784445927375 2.6949345837590677
21.64328657314629 12.363282742924824 3.4814539297255465 6.9565247077633785 4.98860089625941 -0.04173611879972228 1.375939846047416 15.90318931948931 22.562133417384224 36.45072872141339 18.52771594945878 21.040732455938432 10.32279943579561 14.69925200252312 1.9279406233035958 4.8979733900285956 21.53113223813247 9.367777100626855 13.17582284423926 3.5627098818385328 7.18501336725982 23.06323894755905 0.8025122340254143 8.93560127750602 4.483188752896243 -4.990723496715218 -2.8412342012255274 -6.351012177188389 2.7027068524980535
21.703406813627254 12.371047931258605 3.489219118059328 6.96428989609716 4.996366084593191 -0.033970930465940796 1.3837050343811974 15.910954507823092 22.569898605718002 36.45849390974718 18.535481137792562 21.048497644272214 10.33056462412939 14.707017190856902 1.9357058116373773 4.905738578362377 21.538897426466264 9.375542288960654 13.18358803257306 3.5704750701723142 7.192778555593602 23.071004135892828 0.8102774223591958 8.94336646583982 4.490953941230025 -4.982958308381437 -2.833469012891746 -6.343246988854608 2.710472040831835
21.763527054108216 12.378806047466586 3.496977234267291 6.972048012305141 5.004124200801154 -0.02621281425795985 1.3914631505891606 15.918712624031055 22.577656721925976 36.46625202595515 18.543239254000525 21.056255760480187 10.338322740337372 14.714775307064865 1.9434639278453405 4.91349669457034 21.546655542674223 9.383300405168617 13.191346148781022 3.578233186380295 7.200536671801565 23.078762252100802 0.8180355385671767 8.951124582047782 4.498712057437988 -4.975200192173456 -2.825710896683765 -6.335488872646627 2.718230157039816
21.82364729458918 12.386557111525374 3.5047282983260963 6.979799076363928 5.01187526485996 -0.0184617501991724 1.3992142146479658 15.92646368808986 22.58540778598477 36.474003090013944 18.55099031805933 21.064006824538982 10.346073804396159 14.72252637112367 1.9512149919041457 4.921247758629145 21.55440660673302 9.391051469227405 13.19909721283981 3.5859842504390826 7.20828773586037 23.086513316159596 0.8257866026259642 8.95887564610657 4.506463121496793 -4.967449128114668 -2.8179598326249775 -6.327737808587839 2.7259812210986034
21.883767535070138 12.394301141805215 3.512472328605938 6.987543106643788 5.019619295139801 -0.010717719919330904 1.4069582449278073 15.934207718369702 22.593151816264616 36.4817471202938 18.558734348339172 21.071750854818823 10.353817834676 14.730270401403512 1.9589590221839872 4.928991788908987 21.56215063701287 9.398795499507264 13.20684124311967 3.593728280718924 7.216031766140212 23.09425734643944 0.8335306329058056 8.96661967638643 4.514207151776635 -4.959705097834809 -2.8102158023451183 -6.319993778307998 2.733725251378445
21.9438877755511 12.402038139519753 3.520209326320476 6.995280104358308 5.027356292854321 -0.0029807222047928406 1.4146952426423454 15.94194471608424 22.600888813979154 36.48948411800833 18.56647134605371 21.07948785253335 10.361554832390539 14.738007399118032 1.9666960198985253 4.936728786623507 21.5698876347274 9.406532497221784 13.21457824083419 3.601465278433462 7.22376876385475 23.10199434415398 0.8412676306203437 8.97435667410095 4.521944149491173 -4.951968100120289 -2.802478804630598 -6.31225678059346 2.741462249092983
22.004008016032063 12.409768126000067 3.527939312800772 7.003010090838622 5.035086279334635 0.004749264275520915 1.4224252291226414 15.949674702564536 22.608618800459457 36.49721410448863 18.574201332534006 21.087217839013665 10.369284818870852 14.745737385598346 1.9744260063788213 4.944458773103821 21.577617621207715 9.414262483702098 13.222308227314503 3.609195264913776 7.231498750335046 23.109724330634283 0.8489976171006575 8.982086660581263 4.5296741359714865 -4.944238113639975 -2.794748818150284 -6.304526794113146 2.7491922355732967
22.064128256513026 12.417491116912256 3.5356623037129786 7.010733081750811 5.042809270246824 0.01247225518770989 1.430148220034848 15.957397693476743 22.616341791371653 36.50493709540083 18.581924323446213 21.094940829925857 10.377007809783041 14.753460376510535 1.982148997291028 4.95218176401601 21.585340612119904 9.421985474614287 13.230031218226692 3.616918255825965 7.239221741247253 23.11744732154648 0.8567206080128464 8.989809651493452 4.5373971268836755 -4.936515122727786 -2.787025827238095 -6.296803803200957 2.7569152264854857
22.12424849699399 12.425207108850884 3.543378295651607 7.018449073689457 5.05052526218547 0.020188247126338155 1.4378642119734764 15.965113685415371 22.624057783310292 36.512653087339466 18.58964031538484 21.102656821864493 10.38472380172167 14.761176368449181 1.9898649892296563 4.959897755954656 21.59305660405854 9.429701466552933 13.237747210165338 3.624634247764593 7.246937733185881 23.12516331348511 0.8644365999514747 8.997525643432098 4.545113118822304 -4.92879913078914 -2.779309835299449 -6.289087811262329 2.764631218424114
22.184368737474948 12.432916125266651 3.5510873120673736 7.026158090105223 5.058234278601237 0.027897263542104866 1.445573228389243 15.972822701831138 22.63176679972605 36.52036210375523 18.597349331800608 21.11036583828026 10.392432818137436 14.768885384864948 1.997574005645423 4.967606772370423 21.600765620474306 9.4374104829687 13.245456226581105 3.63234326418036 7.254646749601648 23.132872329900877 0.8721456163672414 9.005234659847865 4.5528221352380704 -4.921090114373373 -2.7716008188837002 -6.281378794846562 2.7723402348398807
22.24448897795591 12.44061816544722 3.558789352247942 7.033860130285792 5.065936318781805 0.035599303722690934 1.4532752685698114 15.980524742011706 22.639468839906627 36.5280641439358 18.605051371981176 21.118067878460828 10.400134858318022 14.776587425045516 2.0052760458259913 4.975308812550991 21.608467660654874 9.445112523149268 13.253158266761673 3.640045304360928 7.262348789782216 23.140574370081453 0.8798476565478097 9.012936700028433 4.560524175418639 -4.913388074192805 -2.763898778703114 -6.273676754665994 2.780042275020449
22.304609218436873 12.448313247921536 3.566484434722259 7.041555212760091 5.073631401256105 0.04329438619699033 1.4609703510441285 15.988219824486023 22.647163922380933 36.53575922641011 18.612746454455493 21.125762960935145 10.407829940792322 14.784282507519833 2.0129711283003084 4.983003895025308 21.616162743129184 9.452807605623567 13.260853349235973 3.6477403868352454 7.270043872256533 23.14826945255576 0.8875427390221269 9.020631782502733 4.568219257892956 -4.905692991718506 -2.756203696228815 -6.265981672191677 2.787737357494766
22.364729458917836 12.456001376038977 3.574172562839699 7.049243340877549 5.0813195293735625 0.050982514314448224 1.4686584791615687 15.995907952603464 22.654852050498384 36.54344735452756 18.620434582572933 21.133451089052585 10.415518068909762 14.791970635637274 2.0206592564177486 4.990692023142748 21.62385087124663 9.460495733741025 13.26854147735343 3.6554285149526855 7.277732000373973 23.15595758067321 0.895230867139567 9.02831991062019 4.575907386010396 -4.898004863601048 -2.748515568111357 -6.258293544074236 2.7954254856122063
22.4248496993988 12.463682561582026 3.5818537483827484 7.056924526420598 5.089000714916612 0.05866369985749742 1.4763396647046179 16.003589138146513 22.662533236041433 36.55112854007061 18.628115768115983 21.141132274595645 10.423199254452829 14.799651821180323 2.0283404419607978 4.9983732086857975 21.63153205678968 9.468176919284074 13.27622266289648 3.6631097004957347 7.285413185917022 23.16363876621626 0.9029120526826162 9.03600109616324 4.583588571553445 -4.890323678057999 -2.7408343825683077 -6.250612358531187 2.8031066711552732
22.484969939879758 12.471356811222822 3.589527998023545 7.064598776061377 5.096674964557408 0.06633794949827632 1.4840139143454145 16.01126338778731 22.67020748568222 36.55880278971139 18.63579001775678 21.14880652423643 10.430873504093608 14.80732607082112 2.0360146916015944 5.006047458326594 21.63920630643047 9.475851168924853 13.283896912537259 3.6707839501365314 7.293087435557819 23.171313015857045 0.9105863023234129 9.043675345804019 4.591262821194242 -4.88264942841722 -2.733160132927529 -6.242938108890391 2.810780920796052
22.54509018036072 12.479024133516017 3.5971953203167395 7.072266098354589 5.104342286850603 0.07400527179148852 1.491681236638609 16.018930710080504 22.677874807975424 36.566470112004595 18.643457340049974 21.156473846529625 10.43854082638682 14.814993393114314 2.043682013894789 5.013714780619789 21.646873628723675 9.483518491218065 13.29156423483047 3.678451272429726 7.3007547578510135 23.17898033815025 0.9182536246166073 9.05134266809723 4.598930143487436 -4.8749821061240075 -2.7254928106343166 -6.235270786597196 2.8184482430892466
22.605210420841683 12.486684528857221 3.604855715657944 7.079926493695776 5.112002682191807 0.08166566713267542 1.4993416319798136 16.02659110542171 22.68553520331662 36.57413050734579 18.65111773539118 21.16413424187083 10.446201221728007 14.822653788455519 2.0513424092359935 5.021375175960993 21.65453402406487 9.491178886559252 13.299224630171658 3.6861116677709305 7.308415153192218 23.186640733491444 0.925914019957812 9.059003063438418 4.606590538828641 -4.867321710782821 -2.7178324152931297 -6.2276103912559915 2.8261086384304512
22.665330661322646 12.49433801342235 3.612509200223073 7.087579978260923 5.119656166756936 0.08931915169782201 1.5069951165449424 16.034244589986837 22.693188687881758 36.58178399191093 18.658771219956307 21.17178772643596 10.453854706293153 14.830307273020647 2.0589958938011224 5.029028660526122 21.662187508630005 9.498832371124399 13.306878114736804 3.6937651523360593 7.316068637757347 23.194294218056584 0.9335675045229408 9.066656548003564 4.61424402339377 -4.859668226217674 -2.710178930727983 -6.219956906690863 2.83376212299558
22.725450901803605 12.501984585024353 3.6201557718250754 7.0952265498629075 5.127302738358939 0.09696572329980668 1.5146416881469449 16.04189116158884 22.700835259483753 36.589430563512934 18.66641779155831 21.17943429803796 10.461501277895138 14.83795384462265 2.066642465403125 5.0366752321281245 21.669834080232008 9.506478942726401 13.314524686338807 3.7014117239380617 7.323715209359349 23.20194078965858 0.9412140761249432 9.074303119605567 4.621890594995772 -4.852021654615672 -2.7025323591259984 -6.21231033508886 2.8414086945975825
22.785571142284567 12.509624257192105 3.6277954439928273 7.102866222030659 5.1349424105266905 0.10460539546755854 1.5222813603146967 16.04953083375659 22.7084749316515 36.59707023568068 18.67405746372606 21.187073970205713 10.46914095006289 14.845593516790402 2.0742821375708766 5.044314904295876 21.677473752399763 9.514118614894135 13.322164358506559 3.7090513961058136 7.331354881527101 23.209580461826327 0.9488537482926951 9.081942791773319 4.629530267163524 -4.8443819824479375 -2.6948926869582466 -6.204670662921108 2.8490483667653344
22.84569138276553 12.517257029292175 3.6354282160928975 7.110498994130747 5.142575182626761 0.11223816756764649 1.529914132414767 16.057163605856662 22.716107703751582 36.604703007780756 18.68169023582613 21.194706742305794 10.476773722162978 14.853226288890472 2.081914909670947 5.0519476763959466 21.68510652449983 9.521751386994223 13.329797130606629 3.7166841682058838 7.338987653627171 23.217213233926408 0.9564865203927653 9.089575563873389 4.637163039263594 -4.8367492103478495 -2.6872599148581586 -6.197037890821038 2.8566811388654223
22.905811623246493 12.524882906860082 3.6430540936608047 7.118124871698637 5.150201060194668 0.11986404513553595 1.5375400099826741 16.06478948342457 22.72373358131948 36.61232888534866 18.68931611339404 21.20233261987369 10.484399599730867 14.860852166458379 2.089540787238854 5.059573553963854 21.69273240206774 9.529377264562113 13.337423008174536 3.724310045773791 7.346613531195079 23.224839111494305 0.9641123979606725 9.097201441441296 4.6447889168315015 -4.82912333277996 -2.679634037290269 -6.189412013253131 2.8643070164333118
