web/models/mosfit_kne/mosfit_kn_1.0000/mosfit_kn_0.001862_0.4373_1.0000.dat
# %ECSV 1.0
# ---
# datatype:
# - {name: time, datatype: float64}
# - {name: PS1_g, datatype: float64}
# - {name: PS1_i, datatype: float64}
# - {name: PS1_r, datatype: float64}
# - {name: PS1_w, datatype: float64}
# - {name: PS1_y, datatype: float64}
# - {name: PS1_z, datatype: float64}
# - {name: swift_uvot_B, datatype: float64}
# - {name: swift_uvot_U, datatype: float64}
# - {name: swift_uvot_uvm2, datatype: float64}
# - {name: swift_uvot_uvw1, datatype: float64}
# - {name: swift_uvot_uvw2, datatype: float64}
# - {name: swift_uvot_V, datatype: float64}
# - {name: johnson_B, datatype: float64}
# - {name: johnson_I, datatype: float64}
# - {name: johnson_R, datatype: float64}
# - {name: johnson_U, datatype: float64}
# - {name: johnson_V, datatype: float64}
# - {name: sdss_g, datatype: float64}
# - {name: sdss_i, datatype: float64}
# - {name: sdss_r, datatype: float64}
# - {name: sdss_u, datatype: float64}
# - {name: sdss_z, datatype: float64}
# - {name: ATLAS_c, datatype: float64}
# - {name: ATLAS_o, datatype: float64}
# - {name: ukirt_H, datatype: float64}
# - {name: ukirt_J, datatype: float64}
# - {name: ukirt_K, datatype: float64}
# - {name: Clear, datatype: float64}
# meta: !!omap
# - comment: [kappa = 1.0, type = rprocess, mass = 0.001861645566637777, velocity = 0.4373333333333333, theta_obs = 0.0, tfloor = 1000.0]
# schema: astropy-2.0
time PS1_g PS1_i PS1_r PS1_w PS1_y PS1_z swift_uvot_B swift_uvot_U swift_uvot_uvm2 swift_uvot_uvw1 swift_uvot_uvw2 swift_uvot_V johnson_B johnson_I johnson_R johnson_U johnson_V sdss_g sdss_i sdss_r sdss_u sdss_z ATLAS_c ATLAS_o ukirt_H ukirt_J ukirt_K Clear
[from data line 386]
23.266533066132265 17.7076732304241 8.825844417224822 12.300915195262672 10.332991383758685 5.302654368699571 6.720330333546691 21.247579806988586 27.906523904883507 41.79511920891268 23.872106436958067 26.385122943437707 15.667189923294902 20.043642490022396 7.272331110802871 10.242363877527872 26.875522725631754 14.712167588126148 18.520213331738553 8.907100369337808 12.529403854759096 28.407629435058332 6.14690272152469 14.279991765005313 9.827579240395519 0.3536669907840755 2.5031562862737657 -1.0066216896891134 8.047097339997347
23.326653306613224 17.72055304971971 8.838724236520434 12.313795014558266 10.345871203054298 5.315534187995166 6.733210152842304 21.2604596262842 27.919403724179112 41.80799902820828 23.88498625625367 26.39800276273332 15.680069742590497 20.05652230931801 7.285210930098484 10.255243696823484 26.88840254492736 14.725047407421743 18.533093151034148 8.91998018863342 12.542283674054708 28.420509254353938 6.159782540820302 14.292871584300908 9.840459059691131 0.36654681007967027 2.5160361055693605 -0.9937418703935008 8.059977159292941
23.386773547094187 17.733401862625247 8.85157304942597 12.326643827463801 10.358720015959815 5.3283830009007005 6.746058965747839 21.273308439189734 27.932252537084644 41.82084784111382 23.897835069159203 26.410851575638855 15.692918555496032 20.069371122223544 7.298059743004019 10.26809250972902 26.901251357832894 14.737896220327277 18.545941963939683 8.932829001538956 12.555132486960243 28.43335806725947 6.172631353725837 14.305720397206443 9.853307872596666 0.3793956229852051 2.5288849184748954 -0.980893057487966 8.072825972198476
23.44689378757515 17.746219818180933 8.864391004981655 12.339461783019487 10.371537971515501 5.341200956456387 6.758876921303525 21.28612639474541 27.945070492640333 41.8336657966695 23.91065302471489 26.42366953119453 15.705736511051718 20.08218907777923 7.310877698559705 10.280910465284688 26.91406931338858 14.750714175882964 18.55875991949537 8.945646957094642 12.56795044251593 28.44617602281516 6.185449309281523 14.318538352762129 9.866125828152352 0.39221357854089134 2.5417028740305816 -0.9680751019322797 8.085643927754163
23.507014028056112 17.759007053247267 8.87717824004799 12.352249018085839 10.384325206581853 5.353988191522738 6.771664156369859 21.298913629811764 27.957857727706674 41.84645303173585 23.923440259781234 26.436456766260886 15.71852374611807 20.094976312845564 7.323664933626039 10.29369770035104 26.92685654845492 14.763501410949315 18.57154715456172 8.958434192160993 12.580737677582263 28.4589632578815 6.198236544347875 14.33132558782848 9.878913063218686 0.40500081360724294 2.554490109096933 -0.9552878668659281 8.098431162820514
23.567134268537075 17.771763716997917 8.889934903798622 12.365005681836472 10.397081870332485 5.366744855273371 6.784420820120491 21.311670293562393 27.970614391457307 41.85920969548649 23.936196923531863 26.449213430011515 15.731280409868702 20.107732976596196 7.336421597376671 10.306454364101672 26.939613212205565 14.776258074699948 18.584303818312353 8.971190855911626 12.593494341332896 28.471719921632133 6.2109932080985075 14.344082251579113 9.891669726969337 0.4177574773578756 2.567246772847566 -0.9425312031152955 8.111187826571147
23.627254509018034 17.784489942994135 8.902661129794858 12.37773190783269 10.409808096328703 5.379471081269589 6.797147046116727 21.32439651955861 27.983340617453536 41.87193592148271 23.94892314952808 26.461939656007733 15.74400663586492 20.120459202592414 7.349147823372907 10.31918059009789 26.952339438201783 14.788984300696166 18.59703004430857 8.983917081907844 12.606220567329132 28.48444614762836 6.2237194340947255 14.356808477575331 9.904395952965555 0.4304837033540936 2.579972998843784 -0.9298049771190775 8.123914052567365
23.687374749498996 17.79718588113475 8.915357067935457 12.390427845973306 10.42250403446932 5.392167019410206 6.809842984257326 21.337092457699228 27.99603655559414 41.88463185962331 23.961619087668698 26.47463559414835 15.756702574005537 20.13315514073303 7.361843761513506 10.331876528238507 26.965035376342392 14.801680238836783 18.609725982449188 8.99661302004846 12.61891650546973 28.497142085768967 6.236415372235342 14.369504415715948 9.917091891106171 0.44317964149471023 2.5926689369844005 -0.9171090389784609 8.136609990707981
23.74749498997996 17.809851665929042 8.928022852729764 12.403093630767614 10.435169819263628 5.404832804204496 6.822508769051634 21.34975824249353 28.00870234038845 41.89729764441762 23.974284872463 26.48730137894265 15.769368358799827 20.14582092552734 7.374509546307814 10.344542313032814 26.9777011611367 14.81434602363109 18.622391767243496 9.00927880484275 12.631582290264038 28.509807870563275 6.249081157029632 14.382170200510256 9.929757675900461 0.45584542628901814 2.6053347217787084 -0.9044432541841707 8.149275775502272
23.80761523046092 17.822487435415315 8.940658622216038 12.415729400253888 10.447805588749901 5.417468573690769 6.835144538537907 21.362394011979802 28.021338109874723 41.90993341390389 23.986920641949272 26.499937148428923 15.7820041282861 20.158456695013612 7.387145315794087 10.357178082519088 26.990336930622973 14.826981793117364 18.63502753672977 9.021914574329024 12.644218059750312 28.52244364004955 6.261716926515906 14.39480596999653 9.942393445386735 0.46848119577529146 2.6179704912649817 -0.8918074846978974 8.161911544988545
23.867735470941884 17.835093332717786 8.953264519518509 12.428335297556359 10.460411486052372 5.430074470993258 6.8477504358403785 21.374999909282273 28.033944007177194 41.922539311206364 23.99952653925175 26.5125430457314 15.79461002558859 20.171062592316083 7.399751213096558 10.369783979821559 27.002942827925445 14.839587690419835 18.64763343403224 9.034520471631495 12.656823957052783 28.53504953735202 6.274322823818377 14.407411867299 9.954999342689206 0.48108709307776265 2.630576388567453 -0.8792015873954262 8.174517442291034
23.927855711422843 17.847669488795432 8.965840675596155 12.440911453633987 10.472987642130018 5.442650627070886 6.8603265919180245 21.38757606535992 28.046520163254833 41.935115467284014 24.01210269532939 26.52511920180904 15.807186181666218 20.18363874839373 7.412327369174204 10.382360135899205 27.015518984003087 14.852163846497463 18.660209590109886 9.047096627709141 12.669400113130429 28.54762569342966 6.286898979896023 14.419988023376646 9.967575498766852 0.49366324915539095 2.643152544645081 -0.8666254313177801 8.187093598368662
23.987975951903806 17.86021604278897 8.978387229589693 12.453458007627525 10.485534196123556 5.455197181064424 6.872873145911562 21.400122619353457 28.05906671724837 41.94766202127755 24.024649249322927 26.53766575580258 15.819732735659755 20.196185302387267 7.424873923167742 10.394906689892743 27.028065537996625 14.864710400491001 18.672756144103424 9.059643181702679 12.681946667123967 28.560172247423196 6.2994455338895605 14.432534577370184 9.98012205276039 0.5062098031489286 2.655699098638619 -0.8540788773242425 8.1996401523622
24.04809619238477 17.87273312187132 8.990904308672043 12.465975086709875 10.498051275205906 5.467714260146774 6.8853902249939125 21.412639698435807 28.07158379633072 41.9601791003599 24.037166328405277 26.55018283488493 15.832249814742106 20.208702381469617 7.437391002250092 10.407423768975093 27.040582617078975 14.877227479573369 18.685273223185774 9.07216026078503 12.694463746206317 28.572689326505547 6.311962612971911 14.445051656452534 9.99263913184274 0.5187268822312789 2.668216177720969 -0.8415617982418921 8.21215723144455
24.10821643286573 17.885220878863226 9.003392065663949 12.478462843701799 10.510539032197812 5.48020201713868 6.897877981985818 21.425127455427713 28.084071553322634 41.972666857351804 24.049654085397183 26.562670591876834 15.844737571734012 20.221190138461523 7.449878759241998 10.419911525966999 27.053070374070884 14.889715236565275 18.69776098017768 9.084648017776935 12.706951503198223 28.58517708349746 6.324450369963817 14.45753941344444 10.005126888834646 0.5312146392232024 2.6807039347128927 -0.8290740412499864 8.224644988436456
24.168336673346694 17.89767942527016 9.015850612070881 12.490921390108731 10.522997578604745 5.492660563545613 6.910336528392751 21.437586001834646 28.096530099729556 41.98512540375874 24.062112631804116 26.575129138283767 15.857196118140944 20.233648684868456 7.462337305648931 10.432370072373931 27.065528920477817 14.902173782972207 18.710219526584613 9.097106564183868 12.719410049605155 28.59763562990438 6.336908916370749 14.469997959851373 10.017585435241578 0.5436731856301351 2.6931624811198254 -0.8166154948430537 8.237103534843389
24.228456913827653 17.91010890929165 9.028280096092374 12.503350874130224 10.535427062626237 5.505090047567105 6.922766012414243 21.450015485856138 28.10895958375106 41.99755488778023 24.074542115825608 26.58755862230526 15.869625602162436 20.246078168889948 7.474766789670423 10.444799556395424 27.077958404499306 14.9146032669937 18.722649010606105 9.10953604820536 12.731839533626648 28.610065113925877 6.3493384003922415 14.482427443872865 10.03001491926307 0.5561026696516274 2.7055919651413176 -0.8041860108215615 8.24953301886488
24.288577154308616 17.922509460428184 9.040680647228907 12.515751425266739 10.54782761376277 5.517490598703638 6.935166563550776 21.46241603699267 28.12136013488758 42.00995543891676 24.08694266696214 26.599959173441793 15.88202615329897 20.25847872002648 7.487167340806956 10.457200107531957 27.090358955635843 14.927003818130215 18.73504956174264 9.121936599341893 12.744240084763181 28.622465665062407 6.361738951528775 14.494827995009398 10.042415470399604 0.5685032207881429 2.717992516277833 -0.7917854596850282 8.261933570001414
24.34869739478958 17.93488119826634 9.053052385067044 12.528123163104894 10.560199351600907 5.529862336541793 6.947538301388914 21.474787774830816 28.13373187272573 42.02232717675491 24.099314404800285 26.612330911279937 15.894397891137125 20.27085045786462 7.499539078645111 10.469571845370094 27.102730693473987 14.93937555596837 18.747421299580775 9.134308337180048 12.756611822601336 28.634837402900555 6.37411068936693 14.507199732847536 10.054787208237759 0.5808749586262978 2.730364254115988 -0.7794137218468733 8.274305307839569
24.40881763527054 17.947224264209307 9.06539545101003 12.540466229047862 10.572542417543893 5.542205402484761 6.959881367331899 21.487130840773794 28.146074938668704 42.034670242697885 24.111657470743264 26.624673977222916 15.906740957080093 20.283193523807604 7.511882144588079 10.48191491131308 27.115073759416966 14.951718621911338 18.75976436552376 9.146651403123016 12.768954888544304 28.64718046884353 6.386453755309898 14.519542798790521 10.067130274180727 0.5932180245692658 2.742707320058956 -0.7670706559039053 8.286648373782537
24.468937875751504 17.959538783958138 9.07770997075886 12.55278074879671 10.584856937292724 5.554519922233592 6.97219588708073 21.499445360522625 28.15838945841754 42.04698476244672 24.123971990492095 26.636988496971746 15.919055476828923 20.295508043556435 7.52419666433691 10.49422943106191 27.127388279165793 14.964033141660186 18.77207888527259 9.158965922871847 12.781269408293134 28.659494988592364 6.398768275058728 14.531857318539352 10.079444793929557 0.6055325443181141 2.7550218398077866 -0.7547561361550748 8.298962893531368
24.529058116232463 17.971824886837044 9.089996073637767 12.5650668516756 10.597143040171613 5.5668060251124984 6.984481989959637 21.511731463401524 28.17067556129644 42.059270865325615 24.136258093370994 26.649274599850646 15.93134157970783 20.30779414643533 7.536482767215817 10.5065155339408 27.139674382044692 14.976319244539075 18.78436498815148 9.171252025750753 12.793555511172041 28.671781091471267 6.411054377937635 14.54414342141824 10.091730896808464 0.6178186471970031 2.7673079426866933 -0.742470033276168 8.311248996410274
24.589178356713425 17.984082698429678 9.102253885230382 12.577324663268232 10.609400851764246 5.5790638367051315 6.996739801552252 21.523989274994157 28.182933372889067 42.07152867691824 24.148515904963627 26.66153241144328 15.943599391300463 20.320051958027957 7.548740578808432 10.518773345533432 27.151932193637325 14.988577056131708 18.796622799744114 9.183509837343387 12.805813322764656 28.684038903063893 6.423312189530268 14.556401233010874 10.103988708401097 0.6300764587896361 2.7795657542793264 -0.730212221683535 8.323506808002907
24.649298597194388 17.996312348868724 9.114483535669446 12.589554313707279 10.621630502203292 5.591293487144178 7.008969451991316 21.536218925433204 28.19516302332812 42.083758327357295 24.16074555540268 26.673762061882332 15.95582904173951 20.33228160846701 7.560970229247496 10.531002995972496 27.16416184407637 15.000806706570755 18.80885245018316 9.195739487782433 12.81804297320372 28.696268553502946 6.435541839969314 14.56863088344992 10.116218358840143 0.6423061092286824 2.7917954047183726 -0.7179825712444887 8.335736458441954
24.70941883767535 18.008513955581495 9.126685142382218 12.60175592042005 10.633832108916064 5.603495093856949 7.021171058704088 21.548420532145975 28.207364630040892 42.095959934070066 24.172947162115445 26.685963668595097 15.968030648452281 20.344483215179782 7.5731718359602676 10.54320460268525 27.176363450789143 15.013008313283526 18.82105405689593 9.207941094495204 12.830244579916492 28.708470160215718 6.447743446682086 14.580832490162692 10.128419965552915 0.6545077159414541 2.8039970114311443 -0.705780964531717 8.347938065154725
24.769539078156313 18.020687648874727 9.13885883567545 12.6139296137133 10.646005802209313 5.615668787150199 7.033344751997319 21.560594225439225 28.219538323334135 42.10813362736331 24.185120855408694 26.698137361888346 15.98020434174553 20.356656908473024 7.585345529253499 10.5553782959785 27.18853714408238 15.025182006576776 18.83322775018918 9.220114787788454 12.842418273209724 28.72064385350896 6.459917139975335 14.593006183455941 10.140593658846146 0.6666814092347033 2.8161707047243936 -0.6936072712384678 8.360111758447974
24.829659318637272 18.032833551388574 9.151004738189297 12.626075516227147 10.65815170472316 5.627814689664046 7.045490654511166 21.57274012795306 28.23168422584798 42.12027952987715 24.19726675792253 26.710283264402182 15.99235024425936 20.36880281098687 7.597491431767346 10.567524198492347 27.200683046596232 15.037327909090623 18.845373652703028 9.232260690302283 12.85456417572357 28.732789756022807 6.4720630424891645 14.605152085969788 10.152739561359994 0.6788273117485504 2.8283166072382406 -0.6814613687246385 8.372257660961804
24.889779559118235 18.044951794558255 9.163122981358978 12.638193759396827 10.670269947892841 5.639932932833727 7.057608897680847 21.584858371122742 28.243802469017663 42.13239777304683 24.20938500109222 26.722401507571863 16.004468487429058 20.380921054156552 7.609609674937027 10.579642441662028 27.212801289765913 15.049446152260304 18.85749189587271 9.244378933471964 12.866682418893252 28.74490799919249 6.484181285658845 14.617270329139469 10.164857804529674 0.6909455549182313 2.8404348504079215 -0.6693431255549576 8.384375904131485
