web/models/mosfit_kne/mosfit_kn_1.0000/mosfit_kn_0.006452_0.1553_1.0000.dat
# %ECSV 1.0
# ---
# datatype:
# - {name: time, datatype: float64}
# - {name: PS1_g, datatype: float64}
# - {name: PS1_i, datatype: float64}
# - {name: PS1_r, datatype: float64}
# - {name: PS1_w, datatype: float64}
# - {name: PS1_y, datatype: float64}
# - {name: PS1_z, datatype: float64}
# - {name: swift_uvot_B, datatype: float64}
# - {name: swift_uvot_U, datatype: float64}
# - {name: swift_uvot_uvm2, datatype: float64}
# - {name: swift_uvot_uvw1, datatype: float64}
# - {name: swift_uvot_uvw2, datatype: float64}
# - {name: swift_uvot_V, datatype: float64}
# - {name: johnson_B, datatype: float64}
# - {name: johnson_I, datatype: float64}
# - {name: johnson_R, datatype: float64}
# - {name: johnson_U, datatype: float64}
# - {name: johnson_V, datatype: float64}
# - {name: sdss_g, datatype: float64}
# - {name: sdss_i, datatype: float64}
# - {name: sdss_r, datatype: float64}
# - {name: sdss_u, datatype: float64}
# - {name: sdss_z, datatype: float64}
# - {name: ATLAS_c, datatype: float64}
# - {name: ATLAS_o, datatype: float64}
# - {name: ukirt_H, datatype: float64}
# - {name: ukirt_J, datatype: float64}
# - {name: ukirt_K, datatype: float64}
# - {name: Clear, datatype: float64}
# meta: !!omap
# - comment: [kappa = 1.0, type = rprocess, mass = 0.006451950121499907, velocity = 0.15533333333333332, theta_obs = 0.0, tfloor = 1000.0]
# schema: astropy-2.0
time PS1_g PS1_i PS1_r PS1_w PS1_y PS1_z swift_uvot_B swift_uvot_U swift_uvot_uvm2 swift_uvot_uvw1 swift_uvot_uvw2 swift_uvot_V johnson_B johnson_I johnson_R johnson_U johnson_V sdss_g sdss_i sdss_r sdss_u sdss_z ATLAS_c ATLAS_o ukirt_H ukirt_J ukirt_K Clear
[from data line 438]
26.392785571142284 10.724288917488156 1.842460104288861 5.317530882326711 3.3496070708227244 -1.6807299442363899 -0.26305397938926944 14.264195494052625 20.923139591947546 34.81173489597673 16.888722124022113 19.401738630501757 8.683805610358942 13.060258177086435 0.28894679786692823 3.25897956459191 19.892138412695804 7.728783275190188 11.536829018802592 1.9237160564018652 5.546019541823153 21.42424512212237 -0.8364815914112533 7.2966074520693525 2.8441949274595757 -6.629717322151886 -4.4802280266621946 -7.990006002625057 1.063713027061386
26.452905811623246 10.730108254743005 1.8482794415437276 5.32335021958156 3.355426408077573 -1.6749106069815412 -0.25723464213440295 14.270014831307492 20.928958929202402 34.817554233231576 16.89454146127696 19.407557967756606 8.68962494761379 13.066077514341302 0.29476613512177696 3.264798901846759 19.897957749950653 7.734602612445037 11.542648356057441 1.929535393656714 5.5518388790780016 21.430064459377228 -0.8306622541564046 7.302426789324201 2.8500142647144244 -6.623897984897037 -4.474408689407346 -7.984186665370208 1.0695323643162347
26.51302605210421 10.735923160063141 1.8540943468638638 5.329165124901714 3.361241313397727 -1.669095701661405 -0.25141973681426677 14.275829736627628 20.93477383452255 34.82336913855172 16.900356366597098 19.41337287307675 8.695439852933927 13.071892419661438 0.30058104044191314 3.270613807166913 19.9037726552708 7.740417517765191 11.548463261377595 1.93535029897685 5.557653784398138 21.435879364697364 -0.8248473488362684 7.308241694644355 2.8558291700345606 -6.618083079576883 -4.468593784087192 -7.978371760050072 1.0753472696363708
26.573146292585168 10.741733654684289 1.8599048414850117 5.3349756195228615 3.367051808018875 -1.6632852070402393 -0.24560924219311886 14.281640231248776 20.940584329143697 34.82917963317287 16.906166861218246 19.419183367697908 8.701250347555092 13.077702914282586 0.30639153506306105 3.2764243017880608 19.909583149891944 7.7462280123863385 11.554273755998743 1.941160793597998 5.563464279019286 21.441689859318522 -0.8190368542151027 7.314052189265503 2.8616396646557085 -6.612272584955735 -4.462783289466044 -7.972561265428924 1.0811577642575365
26.63326653306613 10.747539768798102 1.865710955598825 5.340781733636657 3.372857922132688 -1.6574790929264438 -0.2398031280793056 14.28744634536259 20.9463904432575 34.83498574728668 16.91197297533206 19.42498948181171 8.707056461668888 13.0835090283964 0.3121976491768743 3.282230415901874 19.91538926400576 7.752034126500134 11.560079870112556 1.9469669077118112 5.569270393133099 21.447495973432325 -0.8132307401013072 7.319858303379316 2.867445778769522 -6.60646647084194 -4.4569771753522485 -7.966755151315111 1.086963878371332
26.693386773547093 10.753341519183923 1.871512705984646 5.346583484022496 3.378659672518509 -1.6516773425406228 -0.2340013776934846 14.29324809574841 20.95219219364333 34.8407874976725 16.91777472571788 19.43079123219753 8.712858212054709 13.08931077878222 0.3179993995626953 3.288032166287695 19.92119101439158 7.757835876885973 11.565881620498377 1.9527686580976322 5.57507214351892 21.453297723818157 -0.8074289897154863 7.325660053765137 2.8732475291553428 -6.600664720456101 -4.45117542496641 -7.96095340092929 1.092765628757153
26.753507014028056 10.759138928746204 1.8773101155469085 5.352380893584758 3.384457082080772 -1.6458799329783425 -0.228203968131222 14.299045505310673 20.957989603205593 34.846584907234764 16.923572135280143 19.4365886417598 8.718655621616989 13.095108188344483 0.3237968091249579 3.2938295758499576 19.926988423953844 7.763633286448235 11.57167903006064 1.9585660676599126 5.5808695530811825 21.45909513338042 -0.8016315801532059 7.3314574633274 2.8790449387176054 -6.5948673108938385 -4.445378015404147 -7.955155991367009 1.0985630383194334
26.81362725450902 10.764932023028155 1.883103209828878 5.35817398786671 3.3902501763627235 -1.6400868386963907 -0.2224108738492525 14.304838599592642 20.963782697487552 34.852378001516726 16.929365229562112 19.442381736041757 8.72444871589894 13.100901282626435 0.3295899034069274 3.2996226701319094 19.932781518235803 7.769426380730187 11.577472124342592 1.9643591619418643 5.586662647363152 21.464888227662378 -0.7958384858712542 7.337250557609352 2.884838032999575 -6.589074216611887 -4.439584921122195 -7.949362897085058 1.104356132601385
26.873747494989978 10.770720824767466 1.8888920115681707 5.3639627896060205 3.396038978102034 -1.6342980369570803 -0.21662207210995987 14.310627401331935 20.969571499226856 34.858166803256026 16.935154031301405 19.448170537781063 8.730237517638251 13.106690084365745 0.33537870514622004 3.3054114718712198 19.938570319975106 7.7752151824694975 11.583260926081902 1.9701479636811747 5.592451449102445 21.47067702940168 -0.7900496841319438 7.343039359348662 2.8906268347388853 -6.583285414872576 -4.433796119382885 -7.943574095345747 1.1101449343406955
26.93386773547094 10.77650535246109 1.8946765392618126 5.369747317299645 3.401823505795676 -1.6285135092634562 -0.21083754441631797 14.316411929025577 20.975356026920487 34.86395133094966 16.940938558995047 19.453955065474698 8.736022045331875 13.112474612059387 0.34116323283986194 3.3111959995648617 19.944354847668748 7.780999710163122 11.589045453775544 1.9759324913747989 5.5982359767960865 21.476461557095313 -0.7842651564383196 7.348823887042304 2.8964113624325094 -6.577500887178952 -4.428011591689261 -7.937789567652123 1.1159294620343196
26.993987975951903 10.782285629916935 1.9004568167176572 5.375527594755507 3.4076037832515205 -1.6227332318075938 -0.20505726696047333 14.322192206481422 20.981136304376342 34.869731608405516 16.94671883645089 19.459735342930543 8.74180232278772 13.118254889515232 0.3469435102957066 3.3169762770207063 19.95013512512459 7.786779987618984 11.594825731231388 1.9817127688306435 5.604016254251931 21.482241834551168 -0.778484878982475 7.354604164498149 2.902191639888354 -6.57172060972309 -4.422231314233398 -7.932009290196278 1.1217097394901643
27.054108216432866 10.788061675263059 1.9062328620637636 5.381303640101613 3.413379828597627 -1.6169571864614873 -0.1992812216143669 14.327968251827528 20.98691234972245 34.87550765375163 16.952494881797016 19.465511388276656 8.747578368133844 13.124030934861338 0.352719555641813 3.3227523223668127 19.955911170470706 7.7925560329650905 11.600601776577495 1.9874888141767677 5.609792299598055 21.488017879897274 -0.7727088336363508 7.360380209844255 2.9079676852344782 -6.565944564376983 -4.416455268887292 -7.926233244850154 1.1274857848362885
27.11422845691383 10.793833510987305 1.9120046977880278 5.387075475825878 3.419151664321891 -1.6111853507372231 -0.1935093858901027 14.333740087551792 20.992684185446713 34.88127948947589 16.958266717521262 19.471283224000924 8.753350203858108 13.129802770585602 0.3584913913660772 3.328524158091077 19.96168300619496 7.798327868689355 11.60637361230176 1.9932606499010141 5.615564135322302 21.49378971562154 -0.7669369979121043 7.366152045568519 2.9137395209587247 -6.560172728652719 -4.410683433163028 -7.920461409125908 1.1332576205605527
27.174348697394787 10.79960115547836 1.9177723422790827 5.392843120316915 3.424919308812946 -1.605417706246186 -0.18774174139904787 14.339507732042847 20.998451829937757 34.88704713396693 16.964034362012317 19.47705086849197 8.759117848349145 13.135570415076657 0.36425903585713204 3.3342918025821318 19.96745065068602 7.804095513180392 11.612141256792796 1.999028294392069 5.621331779813357 21.499557360112583 -0.7611693534210495 7.371919690059574 2.9195071654497795 -6.554405084161682 -4.404915788671991 -7.914693764634853 1.1390252650515897
27.23446893787575 10.80536462627311 1.9235358130738156 5.398606591111665 3.430682779607679 -1.5996542354514354 -0.18197827060431493 14.34527120283758 21.0042153007325 34.892810604761685 16.969797832807068 19.48281433928671 8.764881319143896 13.14133388587139 0.370022506651865 3.3400552733768647 19.97321412148076 7.809858983975142 11.617904727587547 2.0047917651868197 5.627095250608107 21.505320830907326 -0.7554058826262988 7.377683160854307 2.92527063624453 -6.548641613366931 -4.39915231787724 -7.908930293840102 1.1447887358463404
27.294589178356713 10.811123941404936 1.9292951282056414 5.404365906243491 3.4364420947395047 -1.5938949203196096 -0.1762189554724891 14.351030517969406 21.009974615864326 34.89856991989351 16.975557147938893 19.488573654418534 8.770640634275722 13.147093201003216 0.37578182178370856 3.3458145885086905 19.978973436612584 7.815618299106968 11.623664042719373 2.0105510803186455 5.632854565739933 21.511080146039152 -0.749646567494473 7.383442475986133 2.931029951376356 -6.542882298235106 -4.393393002745414 -7.9031709787082765 1.1505480509781663
27.354709418837675 10.816879120526046 1.9350503073267689 5.410121085364601 3.442197273860632 -1.5881397411984999 -0.17046377635136167 14.356785697090533 21.015729794985447 34.90432509901463 16.981312327060003 19.494328833539655 8.776395813396832 13.152848380124343 0.38153700090481824 3.351569767629818 19.9847286157337 7.821373478228078 11.6294192218405 2.016306259439755 5.638609744861043 21.516835325160272 -0.7438913883733633 7.38919765510726 2.9367851304974657 -6.537127119113996 -4.3876378236243045 -7.897415799587167 1.156303230099276
27.414829659318634 10.822630182490638 1.9408013692913606 5.41587214732921 3.447948335825224 -1.5823886792338904 -0.16471271438676993 14.362536759055125 21.021480856950046 34.910076160979216 16.987063389024595 19.500079895504253 8.782146875361441 13.158599442088935 0.38728806286941 3.3573208295944097 19.990479677698296 7.827124540192687 11.635170283805092 2.022057321404347 5.644360806825635 21.52258638712487 -0.7381403264087716 7.394948717071852 2.9425361924620574 -6.531376057149386 -4.381886761659695 -7.891664737622575 1.1620542920638854
27.474949899799597 10.828377141760601 1.9465483285613239 5.421619106599156 3.4536952950951694 -1.5766417199639449 -0.15896575511680666 14.368283718325088 21.027227816219998 34.91582312024917 16.992810348294558 19.505826854774202 8.787893834631387 13.164346401358898 0.39303502213937325 3.363067788864355 19.99622663696825 7.832871499462633 11.640917243075037 2.02780428067431 5.650107766095598 21.528333346394824 -0.7323933671388083 7.4006956763417975 2.9482831517320207 -6.525629097879441 -4.3761398023897495 -7.885917778352612 1.167801251333831
27.53507014028056 10.834120014179032 1.9522912009797544 5.427361979017604 3.4594381675136177 -1.5708988475454966 -0.15322288269837614 14.374026590743519 21.03297068863844 34.92156599266761 16.99855322071299 19.51156972719264 8.793636707049835 13.170089273777329 0.39877789455780377 3.3688106612828035 20.00196950938669 7.838614371881081 11.646660115493486 2.0335471530927407 5.655850638514028 21.534076218813265 -0.7266504947203778 7.406438548760246 2.9540260241504512 -6.519886225460993 -4.370396929971301 -7.880174905934181 1.1735441237522615
27.595190380761522 10.839858823129749 1.9580300099304537 5.4331007879683035 3.465176976464317 -1.5651600385947972 -0.1474840737476768 14.379765399694218 21.03870949758914 34.92730480161832 17.004292029663706 19.51730853614335 8.799375516000534 13.175828082728028 0.40451670350852087 3.374549470233503 20.007708318337396 7.844353180831781 11.652398924444185 2.039285962043458 5.6615894474647455 21.539815027763964 -0.7209116857696607 7.412177357710945 2.9597648331011683 -6.514147416510293 -4.364658121020602 -7.874436096983464 1.1792829327029786
27.655310621242485 10.845593582303863 1.9637647691045856 5.438835547142418 3.470911735638449 -1.559425279420683 -0.1417493145735449 14.38550015886835 21.044444256763263 34.933039560792444 17.01002678883782 19.52304329531747 8.805110275174648 13.18156284190216 0.410251462682635 3.3802842294076347 20.013443077511518 7.8500879400059125 11.658133683618317 2.045020721217572 5.66732420663886 21.54554978693809 -0.7151769265955465 7.417912116885077 2.9654995922752825 -6.508412657336179 -4.358923361846488 -7.86870133780935 1.1850176918770927
27.715430861723444 10.851324301845473 1.9694954886461957 5.444566266684028 3.4766424551800412 -1.553694559879073 -0.1360185950319348 14.39123087840996 21.050174976304874 34.93877028033405 17.01575750837943 19.52877401485908 8.810840994716258 13.18729356144377 0.4159821822242451 3.386014948949245 20.01917379705312 7.855818659547505 11.66386440315991 2.050751440759182 5.67305492618047 21.5512805064797 -0.7094462070539365 7.423642836426669 2.9712303118168926 -6.502681937794569 -4.353192642304878 -7.86297061826774 1.1907484114187028
27.775551102204407 10.857050997766606 1.975222184567329 5.450292962605161 3.4823691511011923 -1.5479678639579397 -0.13029189911080152 14.396957574331093 21.055901672226007 34.94449697625519 17.021484204300563 19.534500710780215 8.816567690637392 13.193020257364903 0.4217088781453784 3.391741644870378 20.02490049297426 7.861545355468656 11.66959109908106 2.0564781366803153 5.678781622101603 21.557007202400833 -0.7037195111328032 7.42936953234782 2.976957007738026 -6.496955241873436 -4.347465946383744 -7.857243922346607 1.196475107339836
27.83567134268537 10.862773689126328 1.980944875927051 5.456015653964883 3.4880918424608964 -1.5422451725982178 -0.1245692077510796 14.402680265690815 21.06162436358573 34.950219667614896 17.027206895660285 19.540223402139937 8.822290381997114 13.198742948724625 0.4274315695051003 3.3974643362301 20.030623184333976 7.86726804682836 11.675313790440764 2.0622008280400372 5.684504313461325 21.562729893760554 -0.6979968197730813 7.4350922237075245 2.9826796990977478 -6.491232550513714 -4.3417432550240225 -7.851521230986885 1.202197798699558
27.895791583166332 10.86849238978715 1.9866635765878726 5.461734354625705 3.493810543121736 -1.536526471937396 -0.1188505070902579 14.408398966351637 21.06734306424655 34.95593836827572 17.032925596321107 19.54594210280076 8.828009082657935 13.204461649385447 0.433150270165922 3.4031830368909217 20.036341884994798 7.872986747489182 11.681032491101586 2.067919528700859 5.690223014122147 21.568448594421376 -0.6922781191122596 7.440810924368346 2.9883983997585695 -6.485513849852892 -4.336024554363201 -7.845802530326063 1.2079164993603797
27.955911823647295 10.874207112865673 1.9923782996663952 5.467449077704227 3.4995252662002585 -1.5308117488588735 -0.1131357840117353 14.41411368943016 21.07305778732507 34.96165309135424 17.03864031939963 19.55165682587928 8.833723805736458 13.21017637246397 0.4388649932444446 3.4088977599694443 20.04205660807332 7.878701470567704 11.686747214180109 2.0736342517793815 5.695937737200669 21.574163317499895 -0.686563396033737 7.446525647446869 2.994113122837092 -6.4797991267743695 -4.330309831284678 -7.84008780724754 1.2136312224389023
28.016032064128254 10.879917866965538 1.998089053766261 5.473159831804093 3.5052360203001243 -1.5251009947590077 -0.10742502991186953 14.419824443530025 21.078768541424935 34.96736384545411 17.044351073499495 19.557367579979147 8.839434559836324 13.215887126563835 0.4445757473443104 3.41460851406931 20.047767362173197 7.88441222466757 11.692457968279992 2.0793450058792473 5.701648491300535 21.57987407159976 -0.6808526419338712 7.452236401546752 2.999823876936958 -6.474088372674504 -4.324599077184812 -7.834377053147675 1.219341976538768
28.076152304609217 10.885624672644774 2.0037958594454963 5.478866637483328 3.510942825979342 -1.5193941890797724 -0.10171822423263421 14.42553124920926 21.084475347104174 34.97307065113335 17.05005787917873 19.56307438565837 8.845141365515559 13.22159393224307 0.4502825530235457 3.4203153197485276 20.05347416785242 7.890119030346805 11.69816477395921 2.0850518115584826 5.70735529697977 21.585580877279 -0.6751458362546359 7.45794320722597 3.005530682616193 -6.4683815669952685 -4.318892271505577 -7.828670247468439 1.2250487822180034
