web/models/mosfit_kne/mosfit_kn_1.0000/mosfit_kn_0.003466_0.3903_1.0000.dat
# %ECSV 1.0
# ---
# datatype:
# - {name: time, datatype: float64}
# - {name: PS1_g, datatype: float64}
# - {name: PS1_i, datatype: float64}
# - {name: PS1_r, datatype: float64}
# - {name: PS1_w, datatype: float64}
# - {name: PS1_y, datatype: float64}
# - {name: PS1_z, datatype: float64}
# - {name: swift_uvot_B, datatype: float64}
# - {name: swift_uvot_U, datatype: float64}
# - {name: swift_uvot_uvm2, datatype: float64}
# - {name: swift_uvot_uvw1, datatype: float64}
# - {name: swift_uvot_uvw2, datatype: float64}
# - {name: swift_uvot_V, datatype: float64}
# - {name: johnson_B, datatype: float64}
# - {name: johnson_I, datatype: float64}
# - {name: johnson_R, datatype: float64}
# - {name: johnson_U, datatype: float64}
# - {name: johnson_V, datatype: float64}
# - {name: sdss_g, datatype: float64}
# - {name: sdss_i, datatype: float64}
# - {name: sdss_r, datatype: float64}
# - {name: sdss_u, datatype: float64}
# - {name: sdss_z, datatype: float64}
# - {name: ATLAS_c, datatype: float64}
# - {name: ATLAS_o, datatype: float64}
# - {name: ukirt_H, datatype: float64}
# - {name: ukirt_J, datatype: float64}
# - {name: ukirt_K, datatype: float64}
# - {name: Clear, datatype: float64}
# meta: !!omap
# - comment: [kappa = 1.0, type = rprocess, mass = 0.003465724215782086, velocity = 0.3903333333333333, theta_obs = 0.0, tfloor = 1000.0]
# schema: astropy-2.0
time PS1_g PS1_i PS1_r PS1_w PS1_y PS1_z swift_uvot_B swift_uvot_U swift_uvot_uvm2 swift_uvot_uvw1 swift_uvot_uvw2 swift_uvot_V johnson_B johnson_I johnson_R johnson_U johnson_V sdss_g sdss_i sdss_r sdss_u sdss_z ATLAS_c ATLAS_o ukirt_H ukirt_J ukirt_K Clear
[from data line 444]
26.753507014028056 15.934353363389615 7.052524550190338 10.52759532822817 8.559671516724183 3.529334501665069 4.947010466512207 19.474259939954102 26.133204037849012 40.021799341878186 22.098786569923572 24.611803076403216 13.8938700562604 18.270322622987912 5.499011243768387 8.46904401049337 25.102202858597263 12.938847721091646 16.74689346470405 7.133780502303324 10.756083987724612 26.634309568023838 4.373582854490206 12.506671897970811 8.054259373361035 -1.4196528762504264 0.7298364192392639 -2.7799415567235974 6.273777472962845
26.81362725450902 15.94501550002077 7.063186686821492 10.538257464859324 8.570333653355338 3.5399966382962234 4.957672603143362 19.484922076585256 26.143866174480166 40.03246147850934 22.109448706554726 24.622465213034378 13.904532192891555 18.280984759619066 5.5096733803995415 8.479706147124542 25.112864995228417 12.9495098577228 16.757555601335206 7.144442638934478 10.766746124355766 26.644971704654992 4.38424499112136 12.517334034601966 8.064921509992189 -1.408990739619272 0.7404985558704182 -2.769279420092443 6.284439609593999
26.873747494989978 15.955656349955749 7.073827536756454 10.548898314794304 8.580974503290317 3.550637488231203 4.9683134530783235 19.495562926520236 26.154507024415146 40.04310232844432 22.1200895564897 24.63310606296935 13.915173042826535 18.29162560955403 5.520314230334521 8.490346997059504 25.123505845163397 12.96015070765778 16.768196451270185 7.155083488869458 10.777386974290746 26.655612554589965 4.39488584105634 12.527974884536945 8.075562359927169 -1.3983498896842923 0.751139405805398 -2.7586385701574634 6.295080459528979
26.93386773547094 15.966275987123222 7.084447173923927 10.559517951961777 8.59159414045779 3.561257125398676 4.978933090245796 19.50618256368769 26.16512666158261 40.05372196561179 22.13070919365717 24.643725700136823 13.925792679994007 18.3022452467215 5.530933867501976 8.500966634226977 25.13412548233087 12.970770344825253 16.778816088437658 7.165703126036931 10.7880066114582 26.666232191757437 4.405505478223812 12.538594521704418 8.086181997094641 -1.3877302525168196 0.7617590429728707 -2.7480189329899907 6.305700096696452
26.993987975951903 15.976874498387978 7.095045685188701 10.570116463226533 8.602192651722547 3.5718556366634324 4.989531601510571 19.516781074952466 26.17572517284738 40.06432047687655 22.141307704921935 24.654324211401587 13.936391191258764 18.312843757986276 5.5415323787667505 8.511565145491751 25.144723993595626 12.98136885609001 16.789414599702415 7.1763016373016875 10.798605122722975 26.676830703022205 4.416103989488569 12.549193032969175 8.096780508359398 -1.377131741252063 0.7723575542376273 -2.737420421725234 6.316298607961208
27.054108216432866 15.987451954557788 7.1056231413584925 10.580693919396342 8.612770107892356 3.5824330928332415 5.000109057680362 19.527358531122257 26.186302629017177 40.07489793304635 22.151885161091737 24.66490166757139 13.946968647428573 18.323421214156067 5.552109834936542 8.522142601661542 25.155301449765425 12.991946312259818 16.799992055872224 7.186879093471497 10.809182578892766 26.687408159192003 4.426681445658378 12.559770489138984 8.10735796452919 -1.3665542850822539 0.7829350104074364 -2.726842965555425 6.326876064131017
27.11422845691383 15.998008442788283 7.116179629589006 10.591250407626838 8.623326596122851 3.592989581063737 5.010665545910875 19.53791501935277 26.196859117247683 40.08545442127686 22.16244164932223 24.67545815580188 13.957525135659068 18.333977702386562 5.562666323167055 8.532699089892038 25.16585793799593 13.002502800490314 16.81054854410272 7.197435581701992 10.81973906712328 26.69796464742251 4.437237933888873 12.57032697736948 8.117914452759702 -1.3559977968517585 0.7934914986379318 -2.7162864773249296 6.337432552361513
27.174348697394787 16.008544034707768 7.126715221508473 10.601785999546323 8.633862188042336 3.603525172983222 5.021201137830342 19.548450611272237 26.207394709167158 40.095990013196335 22.172977241241714 24.685993747721366 13.968060727578553 18.344513294306047 5.57320191508654 8.543234681811523 25.176393529915416 13.013038392409799 16.821084136022204 7.207971173621477 10.830274659042765 26.708500239341983 4.447773525808358 12.580862569288964 8.128450044679187 -1.3454622049322735 0.8040270905574167 -2.7057508854054446 6.347968144280998
27.23446893787575 16.019058809102056 7.137229995902761 10.61230077394061 8.644376962436624 3.6140399473775098 5.03171591222463 19.558965385666525 26.217909483561446 40.10650478759063 22.183492015636002 24.696508522115654 13.978575501972841 18.355028068700335 5.58371668948081 8.55374945620581 25.186908304309704 13.023553166804087 16.831598910416492 7.218485948015765 10.840789433437052 26.71901501373627 4.458288300202646 12.591377343683252 8.138964819073475 -1.3349474305379856 0.8145418649517047 -2.6952361110111567 6.358482918675286
27.294589178356713 16.02955284177746 7.147724028578182 10.622794806616032 8.654870995112045 3.624533980052931 5.042209944900051 19.569459418341946 26.228403516236867 40.11699882026604 22.193986048311427 24.707002554791067 13.989069534648262 18.365522101375756 5.594210722156231 8.564243488881232 25.197402336985114 13.034047199479508 16.842092943091913 7.228979980691168 10.851283466112456 26.729509046411692 4.46878233287805 12.601871376358673 8.149458851748879 -1.3244533978625646 0.8250358976271257 -2.6847420783357534 6.368976951350707
27.354709418837675 16.040026212983474 7.158197399784196 10.633268177822028 8.66534436631806 3.6350073512589276 5.052683316106066 19.57993278954796 26.23887688744287 40.127472191472044 22.20445941951743 24.717475925997082 13.999542905854259 18.37599547258177 5.604684093362246 8.574716860087246 25.20787570819112 13.044520570685505 16.85256631429791 7.239453351897183 10.86175683731847 26.739982417617696 4.479255704084064 12.61234474756467 8.159932222954893 -1.3139800266565678 0.8355092688331225 -2.674268707129739 6.379450322556703
27.414829659318634 16.050478999359417 7.168650186160139 10.643720964197989 8.675797152694003 3.6454601376348883 5.063136102482009 19.590385575923904 26.249329673818824 40.137924977847995 22.21491220589338 24.727928712373032 14.00999569223022 18.386448258957714 5.615136879738189 8.58516964646319 25.218328494567075 13.054973357061465 16.86301910067387 7.249906138273126 10.872209623694413 26.75043520399365 4.489708490460025 12.62279753394063 8.170385009330836 -1.303527240280607 0.8459620552090832 -2.663815920753778 6.389903108932664
27.474949899799597 16.06091127263051 7.179082459431232 10.654153237469064 8.686229425965077 3.655892410905963 5.073568375753101 19.600817849194996 26.259761947089906 40.14835725111908 22.225344479164466 24.738360985644118 14.020427965501295 18.396880532228806 5.625569153009281 8.595601919734282 25.228760767838157 13.06540563033254 16.873451373944945 7.260338411544218 10.882641896965506 26.760867477264732 4.5001407637311 12.633229807211706 8.180817282601929 -1.2930949670095322 0.8563943284801581 -2.6533836474827033 6.400335382203739
27.53507014028056 16.071323108962137 7.189494295762842 10.664565073800691 8.696641262296705 3.6663042472375906 5.083980212084711 19.611229685526624 26.270173783421527 40.15876908745071 22.235756315496086 24.748772821975738 14.030839801832922 18.407292368560416 5.635980989340909 8.606013756065892 25.239172604169784 13.075817466664168 16.883863210276573 7.270750247875846 10.893053733297133 26.771279313596352 4.510552600062727 12.643641643543333 8.191229118933556 -1.2826831306779047 0.8668061648117855 -2.642971811151076 6.410747218535366
27.595190380761522 16.081714594972514 7.1998857817732365 10.674956559811069 8.7070327483071 3.6766957332479677 5.094371698095106 19.621621171537 26.28056526943191 40.16916057346109 22.24614780150647 24.759164307986122 14.0412312878433 18.41768385457081 5.646372475351286 8.616405242076286 25.249564090180172 13.086208952674562 16.894254696286968 7.281141733886223 10.90344521930751 26.781670799606736 4.520944086073104 12.654033129553728 8.201620604943933 -1.2722916446675276 0.8771976508221626 -2.6325803251406987 6.4211387045457435
27.655310621242485 16.09208579538846 7.210256982189165 10.685327760227015 8.717403948723028 3.687066933663914 5.104742898511034 19.63199237195293 26.29093646984785 40.17953177387703 22.25651900192241 24.76953550840206 14.051602488259245 18.42805505498674 5.656743675767214 8.626776442492215 25.259935290596108 13.09658015309049 16.904625896702896 7.291512934302169 10.913816419723439 26.792042000022676 4.5313152864890505 12.664404329969656 8.21199180535988 -1.2619204442515815 0.8875688512381088 -2.6222091247247525 6.43150990496169
27.715430861723444 16.1024367815849 7.220607968385604 10.695678746423454 8.727754934919467 3.697417919860353 5.115093884707473 19.642343358149386 26.30128745604429 40.189882760073466 22.266869988118845 24.779886494598497 14.061953474455684 18.43840604118318 5.667094661963671 8.637127428688654 25.270286276792547 13.10693113928693 16.914976882899335 7.301863920498608 10.924167405919896 26.802392986219115 4.5416662726854895 12.674755316166095 8.222342791556319 -1.2515694580551424 0.8979198374345478 -2.6118581385283135 6.441860891158129
27.775551102204407 16.1127676312908 7.2309388180915235 10.706009596129373 8.738085784625387 3.7077487695662725 5.125424734413393 19.652674207855288 26.31161830575021 40.20021360977938 22.277200837824758 24.79021734430441 14.072284324161604 18.448736890889098 5.677425511669573 8.647458278394573 25.280617126498456 13.11726198899285 16.925307732605255 7.31219477020451 10.934498255625797 26.812723835925034 4.551997122391391 12.685086165872015 8.23267364126222 -1.2412386083492228 0.9082506871404674 -2.6015272888224117 6.452191740864031
27.83567134268537 16.12307842326704 7.2412496100677615 10.716320388105594 8.748396576601625 3.7180595615424927 5.135735526389631 19.662984999831526 26.32192909772644 40.21052440175562 22.287511629800996 24.800528136280647 14.082595116137824 18.459047682865336 5.687736303645811 8.657769070370811 25.290927918474694 13.12757278096907 16.935618524581493 7.322505562180748 10.944809047602035 26.823034627901265 4.562307914367629 12.695396957848253 8.242984433238458 -1.2309278163730026 0.9185614791166876 -2.5912164968461737 6.4625025328402685
27.895791583166332 16.13336922714618 7.251540413946902 10.726611191984734 8.758687380480747 3.7283503654216332 5.146026330268771 19.673275803710666 26.332219901605576 40.22081520563475 22.297802433680136 24.810818940159788 14.092885920016965 18.469338486744476 5.698027107524951 8.668059874249952 25.301218722353827 13.13786358484821 16.945909328460615 7.332796366059888 10.955099851481176 26.833325431780402 4.57259871824677 12.705687761727376 8.253275237117599 -1.2206370124938621 0.9288522829958281 -2.5809256929670332 6.472793336719409
27.955911823647295 16.143640116429676 7.261811303230399 10.73688208126823 8.768958269764244 3.73862125470513 5.156297219552268 19.683546692994163 26.342490790889073 40.23108609491825 22.308073322963633 24.821089829443277 14.103156809300462 18.479609376027973 5.708297996808448 8.678330763533431 25.311489611637324 13.148134474131707 16.956180217744112 7.343067255343385 10.965370740764673 26.8435963210639 4.582869607530267 12.715958651010872 8.263546126401096 -1.2103661232103653 0.939123172279325 -2.5706548036835364 6.483064226002906
28.016032064128254 16.153891156024915 7.272062342825638 10.74713312086347 8.779209309359484 3.7488722943003694 5.166548259147508 19.693797732589402 26.352741830484312 40.241337134513486 22.318324362558865 24.831340869038517 14.1134078488957 18.489860415623195 5.7185490364036875 8.68858180312867 25.321740651232563 13.158385513726946 16.96643125733935 7.353318294938624 10.975621780359912 26.853847360659138 4.593120647125506 12.726209690606112 8.273797165996335 -1.200115083615126 0.9493742118745643 -2.560403764088297 6.493315265598145
28.076152304609217 16.164122433919257 7.282293620719962 10.757364398757812 8.789440587253825 3.759103572194711 5.176779537041831 19.704029010483726 26.362973108378647 40.25156841240783 22.328555640453207 24.841572146932858 14.123639126790042 18.500091693517536 5.728780314298029 8.698813081023012 25.331971929126905 13.168616791621288 16.976662535233693 7.363549572832966 10.985853058254254 26.864078638553472 4.603351925019847 12.736440968500453 8.284028443890676 -1.1898838057207846 0.9596054897689057 -2.5501724861939556 6.503546543492487
28.13627254509018 16.174334007979834 7.292505194780556 10.767575972818406 8.79965216131442 3.7693151462552876 5.186991111102426 19.71424058454432 26.37318468243924 40.26177998646841 22.33876721451379 24.851783720993442 14.13385070085062 18.51030326757813 5.738991888358606 8.709024655083606 25.342183503187492 13.178828365681882 16.986874109294288 7.373761146893543 10.99606463231483 26.874290212614067 4.613563499080424 12.746652542561048 8.294240017951253 -1.17967223166019 0.9698170638295003 -2.539960912133379 6.513758117553063
28.196392785571142 16.184525960918723 7.302697147719446 10.777767925757278 8.809844114253291 3.779507099194177 5.197183064041315 19.72443253748321 26.38337663537812 40.271971939407294 22.34895916745268 24.861975673932324 14.144042653789509 18.52049522051702 5.749183841297495 8.719216608022478 25.35237545612637 13.189020318620754 16.99706606223316 7.383953099832432 11.00625658525372 26.884482165552946 4.623755452019314 12.75684449549992 8.304431970890143 -1.1694802787213183 0.9800090167683719 -2.5297689591944894 6.523950070491953
28.256513026052104 16.194698355426524 7.312869542227229 10.78794032026508 8.820016508761093 3.7896794937019784 5.207355458549099 19.734604931990994 26.393549029885914 40.28214433391509 22.35913156196047 24.872148068440122 14.15421504829731 18.530667615024804 5.759356235805279 8.72938900253028 25.362547850634172 13.199192713128555 17.00723845674096 7.3941254943402335 11.016428979761521 26.89465456006074 4.633927846527115 12.76701689000772 8.314604365397944 -1.159307884213517 0.9901814112761733 -2.519596564686688 6.534122464999754
28.316633266533064 16.204851265905482 7.323022452706187 10.798093230744037 8.83016941924005 3.799832404180936 5.217508369028057 19.74475784246995 26.403701940364872 40.29229724439406 22.36928447243943 24.88230097891908 14.164367958776268 18.54082052550376 5.7695091462842365 8.739541913009237 25.37270076111313 13.209345623607513 17.01739136721992 7.404278404819191 11.026581890240479 26.904807470539698 4.644080757006073 12.777169800486678 8.324757275876902 -1.1491549737345592 1.000334321755131 -2.5094436542077303 6.544275375478712
28.376753507014026 16.21498475927101 7.333155946071734 10.808226724109584 8.840302912605598 3.8099658975464656 5.227641862393604 19.7548913358355 26.41383543373042 40.30243073775959 22.37941796580497 24.89243447228462 14.174501452141797 18.55095401886931 5.779642639649784 8.749675406374784 25.382834254478666 13.21947911697306 17.027524860585466 7.414411898184721 11.036715383606008 26.914940963905245 4.654214250371602 12.787303293852226 8.334890769242431 -1.139021480369012 1.0104678151206783 -2.499310160842201 6.5544088688442415
28.43687374749499 16.225098911251035 7.34327009805174 10.81834087608959 8.850417064585603 3.8200800495264886 5.237756014373609 19.765005487815504 26.423949585710425 40.312544889739605 22.389532117784984 24.902548624264636 14.18461560412182 18.561068170849314 5.789756791629789 8.75978955835479 25.392948406458682 13.229593268953066 17.03763901256547 7.424526050164744 11.046829535586031 26.92505511588525 4.664328402351625 12.797417445832231 8.345004921222454 -1.1289073283890068 1.0205819671006835 -2.489196008862178 6.564523020824264
