web/models/mosfit_kne/mosfit_kn_1.0000/mosfit_kn_0.001230_0.0457_1.0000.dat
# %ECSV 1.0
# ---
# datatype:
# - {name: time, datatype: float64}
# - {name: PS1_g, datatype: float64}
# - {name: PS1_i, datatype: float64}
# - {name: PS1_r, datatype: float64}
# - {name: PS1_w, datatype: float64}
# - {name: PS1_y, datatype: float64}
# - {name: PS1_z, datatype: float64}
# - {name: swift_uvot_B, datatype: float64}
# - {name: swift_uvot_U, datatype: float64}
# - {name: swift_uvot_uvm2, datatype: float64}
# - {name: swift_uvot_uvw1, datatype: float64}
# - {name: swift_uvot_uvw2, datatype: float64}
# - {name: swift_uvot_V, datatype: float64}
# - {name: johnson_B, datatype: float64}
# - {name: johnson_I, datatype: float64}
# - {name: johnson_R, datatype: float64}
# - {name: johnson_U, datatype: float64}
# - {name: johnson_V, datatype: float64}
# - {name: sdss_g, datatype: float64}
# - {name: sdss_i, datatype: float64}
# - {name: sdss_r, datatype: float64}
# - {name: sdss_u, datatype: float64}
# - {name: sdss_z, datatype: float64}
# - {name: ATLAS_c, datatype: float64}
# - {name: ATLAS_o, datatype: float64}
# - {name: ukirt_H, datatype: float64}
# - {name: ukirt_J, datatype: float64}
# - {name: ukirt_K, datatype: float64}
# - {name: Clear, datatype: float64}
# meta: !!omap
# - comment: [kappa = 1.0, type = rprocess, mass = 0.0012301715156502338, velocity = 0.04566666666666669, theta_obs = 0.0, tfloor = 1000.0]
# schema: astropy-2.0
time PS1_g PS1_i PS1_r PS1_w PS1_y PS1_z swift_uvot_B swift_uvot_U swift_uvot_uvm2 swift_uvot_uvw1 swift_uvot_uvw2 swift_uvot_V johnson_B johnson_I johnson_R johnson_U johnson_V sdss_g sdss_i sdss_r sdss_u sdss_z ATLAS_c ATLAS_o ukirt_H ukirt_J ukirt_K Clear
[from data line 57]
3.4869739478957915 -5.420516821281787 -8.851047384903126 -7.555968179394945 -7.788970454435162 -10.00679736669694 -9.571303397378728 -4.039850478938486 -2.060900858945125 5.054144044257229 -0.5009389211104138 1.4186562212308087 -6.416835170143654 -4.265070383335704 -9.642300152094407 -8.199653653135918 -2.349731715830121 -6.592494263383643 -5.100325411244739 -8.825715401481258 -7.5180049894935586 -1.3636645233358635 -9.706567075906687 -6.502368710762649 -8.265008873338662 -11.215343355934555 -10.768926574639826 -11.362244575384855 -8.386618551594012
3.5470941883767533 -5.224940025688269 -8.732610281854924 -7.406373147849372 -7.657672832045446 -9.921245999678323 -9.472525045591844 -3.8151309181291913 -1.7728552646287097 5.466594245001272 -0.2615525915675039 1.6545681859937003 -6.238666613917208 -4.048534074895617 -9.533787755210767 -8.063655876673216 -2.0713158103417517 -6.420460818318536 -4.897782896075622 -8.70641419323496 -7.3666713628363745 -1.0791154000681047 -9.612306419251517 -6.3359787828509795 -8.13598054292683 -11.17910783637331 -10.710151094507887 -11.341490049759988 -8.275098672062562
3.6072144288577155 -5.029858599742738 -8.61420030728187 -7.256990062723219 -7.526808010170392 -9.835571232871523 -9.373670878092888 -3.5910020245122096 -1.4856950479522444 5.876519217588922 -0.02456632878235565 1.8884055753073672 -6.060766315379678 -3.832714361417175 -9.425275121857137 -7.927969583751076 -1.7937217071018563 -6.2487858919848245 -4.69577258556658 -8.587145258651052 -7.215525011142638 -0.7953678241232254 -9.517987434660284 -6.170098301183735 -8.007214887336467 -11.142638239396748 -10.651187990807463 -11.320492750108675 -8.16405524428669
3.6673346693386772 -4.835226676056461 -8.495796601585592 -7.107789054442382 -7.396335921124475 -9.749759849494932 -9.274724904356546 -3.3674121807973476 -1.1993490004111604 6.284034594510037 0.2102030789478353 2.1203642819660797 -5.883098434731438 -3.617559636707299 -9.316743570428418 -7.792567120523668 -1.5168832051778591 -6.0774343450184505 -4.494246678254772 -8.467887565788583 -7.064536335325826 -0.5123551093483769 -9.423594919707625 -6.004683343629402 -7.87868375312252 -11.105928530188558 -10.592028390746256 -11.299248246718976 -8.053448682448234
3.727454909819639 -4.640974795882737 -8.377362066624556 -6.958720970152328 -7.26620015550191 -9.663785758786805 -9.175656877454337 -3.1442831799871938 -0.9137132484784691 6.689299833441333 0.4429541699305344 2.350651836302419 -5.705604911879523 -3.4029926915836346 -9.208159209678765 -7.657403072132756 -1.2407022685845281 -5.906349569590714 -4.293133104362141 -8.348603757452846 -6.913656230643586 -0.22997804351186701 -9.32909992469149 -5.839669660523867 -7.750341981925999 -11.068965132707971 -10.53265343005595 -11.277746253176895 -7.94322543390793
3.787575150300601 -4.447133075181924 -8.25892589673412 -6.8098163302104275 -7.136416614234129 -9.5776750999514 -9.076494432518771 -2.921648897948855 -0.6288234444618366 7.092282237405027 0.6737583594097356 2.579346884147068 -5.5283196965865615 -3.1890447462043565 -9.09955017703074 -7.522505712121828 -0.9652161563046956 -5.735564246141569 -4.092462371083876 -8.229323137789386 -6.762916025735386 0.051724641982211494 -9.234529425129274 -5.675080100799281 -7.622215200306783 -11.031765682725714 -10.473085056078 -11.256001062408048 -7.833395885721952
3.847695390781563 -4.253633564937118 -8.140451230488033 -6.661026604813927 -7.006931025235215 -9.49140183270531 -8.977207408515007 -2.699432793216295 -0.34457843156843615 7.493136387536567 0.9027916273086416 2.8066293199854866 -5.351185552813232 -2.975640319759116 -8.990882768815702 -7.387830247554732 -0.6903292345536126 -5.565022663094276 -3.8921640140768687 -8.11000859303089 -6.612267200538895 0.3328497925761198 -9.139854579062003 -5.5108521339200145 -7.4942589350085065 -10.994316793991564 -10.413304507356765 -11.234002620519872 -7.723909002463607
3.9078156312625247 -4.060452446578822 -8.021930401260029 -6.512338437359464 -6.877721379488229 -9.404962874305909 -8.877791100053898 -2.4776079913169466 -0.06093902806005835 7.891931369728568 1.1301693664124284 3.032617116613793 -5.1741858910337095 -2.7627520069921414 -8.882150587397952 -7.253364425208411 -0.41600591137629583 -5.394708575381572 -3.69221304190555 -7.990652368236528 -6.461696733857547 0.6134330554269418 -9.045071144124268 -5.346961921717064 -7.366459990376342 -10.956618816600495 -10.353310963204263 -11.21175170338624 -7.614742405457946
3.967935871743487 -3.867569553151764 -7.903357856689919 -6.3637411548275935 -6.748768690406113 -9.318356737058142 -8.778242591278556 -2.2561517202809176 0.22212857377702755 8.288728713917287 1.3559946558629048 3.2574144830182274 -4.9973072776875265 -2.55035639759781 -8.773349193331807 -7.119098467044787 -0.1422157102726661 -5.224608823840453 -3.4925882455695323 -7.871248836909714 -6.311194300076188 0.8935048897799902 -8.95017661062072 -5.1833889654890974 -7.238807588032259 -10.918673084470727 -10.293104854088993 -11.189249878640497 -7.505876606450013
4.028056112224449 -3.674968390942226 -7.7847301936609625 -6.215226801055689 -6.620056965614651 -9.231583555887077 -8.678560788189937 -2.0350453374601782 0.5046527893427035 8.683582509734983 1.5803590544643602 3.4811129339169757 -4.820539475428974 -2.338434090681862 -8.664476137150896 -6.985025089919088 0.13106670669107212 -5.0547133651749805 -3.29327221942755 -7.751794536029735 -6.160752305542516 1.173090539039734 -8.855170229721043 -5.020116108800927 -7.1112933859702565 -10.880481918039527 -10.232687875548566 -11.166499500839409 -7.397294954017841
4.0881763527054105 -3.4826357027062826 -7.666045884364028 -6.066789800208383 -6.491572854649572 -9.144644872730616 -8.578746181056278 -1.814273839556676 0.786657263979418 9.076540380625314 1.8033438525247019 3.7037927582329613 -4.6438750556349655 -2.1269692116551693 -8.555530702364706 -6.851139185353426 0.403862138154334 -4.885014888476815 -3.0942509101158677 -7.632287890461811 -6.010365551022385 1.4522106383278732 -8.760052781432446 -4.857129142949184 -6.983911171593533 -10.84204848469449 -10.172062813700096 -11.143503596347093 -7.2889832990335535
4.148296593186372 -3.290559024292925 -7.54730365124443 -5.918425003966501 -6.3633038683429355 -9.057542354254497 -8.478799424427752 -1.593823110903304 1.0681643036372892 9.46764822479755 2.025023519669347 3.9255266418405346 -4.467307140416133 -1.9159467545397961 -8.446512384993856 -6.71743601713444 0.6761901694281282 -4.715506626455263 -2.895511099223871 -7.512727578913889 -5.860029259618926 1.7308846064729977 -8.664825203169517 -4.694414671912401 -6.85665513036831 -10.803376029760761 -10.111232541277031 -11.120265258329505 -7.180928416493977
4.208416833667335 -3.0987300481634783 -7.428504743097797 -5.770130409407184 -6.235240756425089 -8.970279590212904 -8.378723330527489 -1.3736837140639147 1.3491901784025375 9.856943950526183 2.245462496990687 4.146376604009113 -4.290832545263659 -1.7053562260688653 -8.33742302251273 -6.58391371339522 0.9480646099634417 -4.546185387219325 -2.6970438659219553 -7.393114822294162 -5.709741825707884 2.0091259860441113 -8.569490510290212 -4.531963025905625 -6.729522241092987 -10.764468934819218 -10.050201414438805 -11.096788470076449 -7.073120065224359
4.268537074148297 -2.9071402151373427 -7.309649985868969 -5.6219036226693575 -6.107374331052764 -8.882859765870457 -8.278520290404963 -1.1538459232447196 1.6297513027330093 10.244465890106845 2.464720740826341 4.366399654923573 -4.114447688142627 -1.495186859601109 -8.228264035269543 -6.450570013204946 1.2194994890952482 -4.377047597317902 -2.498840046441302 -7.273450418339653 -5.559501241212619 2.286948561991764 -8.47405130821743 -4.3697644230408095 -6.602509149974907 -10.725331332795223 -9.9889734565191 -11.073077021155873 -6.965548196329365
4.328657314629258 -2.715782354520968 -7.19074089734578 -5.4737431879756215 -5.979696619716339 -8.795286543461618 -8.178193250850736 -0.9343015723595827 1.9098619505063577 10.63024975540159 2.6828523488960525 4.58564651742957 -3.9381501246491384 -1.2854293924574238 -8.119037469456948 -6.31740348598693 1.4905068349562423 -4.2080907827932785 -2.3008919221712887 -7.153735862278516 -5.409306439814863 2.5643640929643574 -8.378510733691211 -4.207810388679256 -6.47561334259084 -10.685967625773019 -9.927553042203224 -11.049134910330539 -6.858203948108947
4.38877755511022 -2.524652158526788 -7.0717806927816085 -5.3256497843106665 -5.852201895091049 -8.707564858551962 -8.077746596889952 -0.7150457173450875 2.1895321993624606 11.014325936508463 2.8999043643164417 4.80416049207324 -3.761939932555223 -1.076077658444831 -8.00974693764018 -6.1844146231121515 1.7610946762616275 -4.039314900140842 -2.1031947369949044 -7.033974357735602 -5.259158508418924 2.8413802685984457 -8.282873303621816 -4.046095026901977 -6.3488341945644855 -10.64638295126551 -9.865945514845132 -11.02496670671602 -6.751080529587767
4.448897795591182 -2.333669276867507 -6.95272111624428 -5.177562672248381 -5.724830531141709 -8.619658896615281 -7.977139583818751 -0.49598768279996647 2.4688784681682563 11.396866865711047 3.1160049705453123 5.02206640413705 -3.585746093391305 -0.8670432386638576 -7.900347908380133 -6.051547749096707 2.03137433165131 -3.8706514253716913 -1.9056654493336467 -6.9141173629765795 -5.108996388793443 3.118110310887463 -8.187100080595009 -3.8845466540426976 -6.22211707704162 -10.606558363543124 -9.804124497141194 -11.000558250447837 -6.644124385551198
4.509018036072144 -2.143004547120615 -6.833682988920025 -5.029623296612193 -5.597701763340499 -8.53166641665478 -7.876479512000998 -0.27731996127445696 2.747665154980048 11.777576008512117 3.330999700164306 5.239204013834101 -3.4097318298446426 -0.6585094162987775 -7.790953912165906 -5.918931963673544 2.301115502029709 -3.70225745988028 -1.7084796737043284 -6.794286321504437 -4.95896357214507 3.3943184758062017 -8.09129465640753 -3.7233113031652287 -6.095585195212205 -10.566553773723902 -9.74216748758744 -10.975956697706264 -6.5374376104804455
4.569138276553106 -1.9525458784362648 -6.714596275389777 -4.8817450579952215 -5.470733677997348 -8.443534268852417 -7.775706480208697 -0.05891609110368562 3.0260527947660343 12.156685611581782 3.5450464222110694 5.455727545797885 -3.2337962790438484 -0.4503533853216484 -7.681500011110166 -5.78648783326851 2.5704724640616194 -3.534035683629921 -1.511521709892314 -6.674410797633392 -4.808972835702807 3.670161883356542 -7.9953996258328 -3.5622899298033595 -5.969161158230598 -10.526339939552612 -9.68003456662254 -10.951139861816655 -6.4309474131302835
4.629258517034068 -1.7622928207247313 -6.595465966157512 -4.733931134565186 -5.343923974673306 -8.355268535276679 -7.674826250573119 0.15922454482239062 3.3040454048035706 12.534219263547715 3.7581760149383574 5.6716632190361125 -3.057942592877734 -0.24257313762423066 -7.571991399053984 -5.654218004865801 2.8394476332440344 -3.3659889995744736 -1.3147908250972584 -6.554495786059711 -4.659027773516211 3.945642544889001 -7.899420808310271 -3.401480326644215 -5.84284658151363 -10.485922582351657 -9.617731868503208 -10.926112751940893 -6.324650360726558
4.68937875751503 -1.57224359118878 -6.476295972004245 -4.586183496826521 -5.21726954033964 -8.266874385311755 -7.573843599577472 0.37710407097859006 3.581648723380706 12.91020319956823 3.9704186196033757 5.887036376849416 -2.8821725659524704 -0.03516521493681807 -7.462432241654567 -5.522123984405892 3.1080451571325862 -3.198118993497247 -1.1182849253378002 -6.434545197257044 -4.509130753999369 4.220764252068783 -7.803363066805069 -3.24087920570733 -5.716642025116165 -10.445306855314962 -9.55526478958271 -10.900879929722043 -6.218542386201182
4.749498997995992 -1.3823982835629955 -6.3570912969011495 -4.4385054996443785 -5.090768717952567 -8.178357795642928 -7.47276422354231 0.59472250082515 3.858865719923781 13.28466033783705 4.181800321302358 6.101868148939943 -2.7064896379415453 0.17187182436387233 -7.352827708155508 -5.3902085008647775 3.3762665555990767 -3.0304288211334702 -0.922003859226912 -6.314564041867747 -4.359285543389593 4.495528121299763 -7.707232140984193 -3.080484972613533 -5.590549270126246 -10.404498357039492 -9.492639325174784 -10.875446296151166 -6.112620751469127
4.809619238476953 -1.1927540614356147 -6.2378547999423795 -4.290898012982325 -4.964417890303601 -8.089722990585138 -7.37159190164153 0.8120831573050225 4.135703339114247 13.657619159514503 4.392348637038914 6.31618103293842 -2.5308944044978725 0.3785425919883029 -7.2431809455154115 -5.258471984976361 3.6441172640305086 -2.8629188946687885 -0.7259444685386107 -6.194555175429031 -4.209493388833998 4.7699392810183205 -7.611031919105269 -2.9202935676444497 -5.464567925923998 -10.363501622043161 -9.429860080047996 -10.849815920941984 -6.006881081822524
4.869739478957916 -1.0033097269055524 -6.118590286066876 -4.143363109555018 -4.838214712125968 -8.000974888291097 -7.270331206084695 1.0291875211693025 4.412166104289721 14.02910523125129 4.602087664735439 6.529993993098696 -2.355388890931736 0.5848499370657796 -7.133495967880502 -5.126915929139735 3.911600423284838 -2.695590990304095 -0.530105291649221 -6.074522405410416 -4.059756751229173 5.044000524599053 -7.51476704469054 -2.7603024146359445 -5.338698666304307 -10.322321562280122 -9.366932169697575 -10.8239931609455 -5.9013201639344715
4.929859719438878 -0.81406354711687 -5.999301045005954 -3.9959023176389685 -4.712156562099583 -7.912117946638713 -7.168986222640399 1.2460376820019092 4.6882591701037235 14.399145203820055 4.811040633616699 6.743325059073136 -2.1799745240130024 0.7907972906356837 -7.023776291619238 -4.995541298452058 4.178719840358951 -2.5284462997242914 -0.3344843253173657 -5.95446902237164 -3.9100775364506113 5.317715336150108 -7.4184416863092295 -2.600508539292168 -5.2129416980763565 -10.280962786438506 -9.303860323440832 -10.797982132359055 -5.795934600412043
4.98997995991984 -0.6250132480298909 -5.879989852518364 -3.848516620398428 -4.586240532995802 -7.8231561655406345 -7.06756055262316 1.462636345416709 4.963988337653866 14.767766788916617 5.01923004727054 6.956191485863009 -2.004652128610485 0.9963886697693309 -6.914024937199815 -4.86434853342421 4.445480000992042 -2.361485428479228 -0.13907901791732513 -5.83439780117887 -3.7604570943499915 5.591087903566034 -7.32205954007787 -2.440908562434867 -5.087296762469684 -10.239429601234045 -9.240648886518768 -10.771786712170035 -5.690720798922744
5.050100200400801 -0.4361574829784587 -5.760659969125133 -3.701207644714941 -4.460464463664007 -7.734093879064243 -6.966058190067805 1.6789851766552644 5.239358000520973 15.134996037562335 5.226676211163319 7.168608261436354 -1.8294233057381184 1.2016270948681969 -6.804245362969371 -4.733338629820001 4.7118840748076956 -2.194709717391718 0.056112219045267864 -5.714312004903892 -3.6108974227857438 5.86412107849414 -7.225624672460782 -2.2814999656657875 -4.961764176181429 -10.197726477439398 -9.177302435500872 -10.745410899007302 -5.585675860783574
5.110220440881763 -0.24749375255829875 -5.641313738995795 -3.5539759876534838 -4.334825463036438 -7.644934647797985 -6.864482293752179 1.8950871467283192 5.514374067376782 15.500861124088466 5.433399610304281 7.380590540398938 -1.6542884879855826 1.4065168281618552 -6.6944401566049825 -4.602511622964578 4.9779367492951 -2.028119379159425 0.2510921527751009 -5.594213976353206 -3.461399472464617 6.136819274096901 -7.129140341041467 -2.1222792936633006 -4.836343368252383 -10.155857397824091 -9.113824918333842 -10.718858308623316 -5.480796302888944
