web/models/mosfit_kne/mosfit_kn_1.0000/mosfit_kn_0.005245_0.1553_1.0000.dat
# %ECSV 1.0
# ---
# datatype:
# - {name: time, datatype: float64}
# - {name: PS1_g, datatype: float64}
# - {name: PS1_i, datatype: float64}
# - {name: PS1_r, datatype: float64}
# - {name: PS1_w, datatype: float64}
# - {name: PS1_y, datatype: float64}
# - {name: PS1_z, datatype: float64}
# - {name: swift_uvot_B, datatype: float64}
# - {name: swift_uvot_U, datatype: float64}
# - {name: swift_uvot_uvm2, datatype: float64}
# - {name: swift_uvot_uvw1, datatype: float64}
# - {name: swift_uvot_uvw2, datatype: float64}
# - {name: swift_uvot_V, datatype: float64}
# - {name: johnson_B, datatype: float64}
# - {name: johnson_I, datatype: float64}
# - {name: johnson_R, datatype: float64}
# - {name: johnson_U, datatype: float64}
# - {name: johnson_V, datatype: float64}
# - {name: sdss_g, datatype: float64}
# - {name: sdss_i, datatype: float64}
# - {name: sdss_r, datatype: float64}
# - {name: sdss_u, datatype: float64}
# - {name: sdss_z, datatype: float64}
# - {name: ATLAS_c, datatype: float64}
# - {name: ATLAS_o, datatype: float64}
# - {name: ukirt_H, datatype: float64}
# - {name: ukirt_J, datatype: float64}
# - {name: ukirt_K, datatype: float64}
# - {name: Clear, datatype: float64}
# meta: !!omap
# - comment: [kappa = 1.0, type = rprocess, mass = 0.005244756555828381, velocity = 0.15533333333333332, theta_obs = 0.0, tfloor = 1000.0]
# schema: astropy-2.0
time PS1_g PS1_i PS1_r PS1_w PS1_y PS1_z swift_uvot_B swift_uvot_U swift_uvot_uvm2 swift_uvot_uvw1 swift_uvot_uvw2 swift_uvot_V johnson_B johnson_I johnson_R johnson_U johnson_V sdss_g sdss_i sdss_r sdss_u sdss_z ATLAS_c ATLAS_o ukirt_H ukirt_J ukirt_K Clear
[from data line 439]
26.452905811623246 11.098318090611095 2.2164892774118172 5.691560055449667 3.7236362439456805 -1.3067007711134337 0.1109751937336867 14.638224667175582 21.297168765070502 35.185764069099676 17.26275129714505 19.775767803624703 9.05783478348188 13.434287350209392 0.6629759709898666 3.6330087377148663 20.26616758581875 8.102812448313143 11.910858191925549 2.2977452295248035 5.920048714946091 21.798274295245328 -0.46245241828831496 7.670636625192309 3.218224100582514 -6.25568814902893 -4.106198853539238 -7.615976829502118 1.4377422001843243
26.51302605210421 11.104597527836422 2.2227687146371444 5.697839492674994 3.7299156811710077 -1.3004213338881243 0.1172546309590139 14.644504104400909 21.30344820229583 35.192043506325 17.26903073437038 19.78204724085003 9.064114220707207 13.440566787434719 0.6692554082151938 3.6392881749401935 20.27244702304408 8.10909188553847 11.917137629150876 2.3040246667501307 5.926328152171418 21.804553732470655 -0.45617298106298776 7.676916062417636 3.2245035378078413 -6.249408711803603 -4.099919416313911 -7.609697392276791 1.4440216374096515
26.573146292585168 11.110872296889873 2.229043483690596 5.704114261728428 3.736190450224459 -1.2941465648346728 0.12352940001246537 14.65077887345436 21.309722971349274 35.198318275378455 17.27530550342383 19.78832200990348 9.070388989760659 13.44684155648817 0.6755301772686453 3.645562943993645 20.278721792097528 8.115366654591922 11.923412398204327 2.310299435803582 5.93260292122487 21.8108285015241 -0.4498982120095363 7.683190831471087 3.2307783068612927 -6.243133942750169 -4.0936446472604775 -7.60342262322334 1.450296406463103
26.63326653306613 11.117142414460108 2.235313601260831 5.710384379298663 3.7424605677946943 -1.2878764472644377 0.12979951758270047 14.657048991024595 21.315993088919505 35.204588392948686 17.281575620994065 19.794592127473717 9.076659107330894 13.453111674058405 0.6818002948388804 3.65183306156388 20.284991909667767 8.12163677216214 11.929682515774562 2.3165695533738173 5.938873038795105 21.81709861909433 -0.4436280944393012 7.689460949041322 3.237048424431528 -6.236863825179934 -4.087374529690242 -7.597152505653105 1.456566524033338
26.693386773547093 11.123407880626797 2.2415790674275193 5.716649845465351 3.748726033961365 -1.2816109810977494 0.1360649837493888 14.663314457191284 21.322258555086194 35.21085385911537 17.287841087160754 19.800857593640398 9.082924573497582 13.459377140225094 0.6880657610055687 3.6580985277305507 20.291257375834444 8.127902238328828 11.935947981941233 2.3228350195405056 5.945138504961793 21.82336408526102 -0.43736262827261285 7.695726415207993 3.243313890598216 -6.230598359013245 -4.081109063523554 -7.590887039486416 1.4628319902000264
26.753507014028056 11.129668704895543 2.247839891696266 5.722910669734098 3.7549868582301116 -1.2753501568290027 0.14232580801813555 14.66957528146003 21.328519379354944 35.21711468338412 17.2941019114295 19.80711841790914 9.089185397766329 13.465637964493823 0.6943265852743155 3.6643593519992974 20.29751820010319 8.134163062597574 11.94220880620998 2.3290958438092524 5.95139932923054 21.82962490952977 -0.4311018040038661 7.70198723947674 3.249574714866963 -6.224337534744499 -4.074848239254807 -7.5846262152176696 1.4690928144687732
26.81362725450902 11.135924898226754 2.254096085027477 5.729166863065327 3.7612430515613404 -1.2690939634977738 0.14858200134934663 14.675831474791242 21.334775572686162 35.223370876715336 17.30035810476071 19.813374611240373 9.095441591097558 13.471894157825052 0.7005827786055265 3.6706155453305263 20.30377439343441 8.140419255928803 11.948464999541208 2.3353520371404635 5.957655522561751 21.835881102860988 -0.424845610672655 7.7082434328079685 3.255830908198174 -6.21808134141327 -4.0685920459235785 -7.5783700218864585 1.475349007800002
26.873747494989978 11.142176469257112 2.260347656057835 5.735418434095685 3.7674946225916983 -1.2628423924674337 0.15483357237970452 14.6820830458216 21.34102714371652 35.22962244774569 17.30660967579107 19.81962618227072 9.101693162127898 13.47814572885541 0.7068343496358844 3.676867116360884 20.31002596446477 8.146670826959161 11.954716570571566 2.3416036081708214 5.963907093592109 21.842132673891346 -0.41859403964229713 7.714495003838326 3.262082479228532 -6.211829770382912 -4.062340474893221 -7.572118450856101 1.4816005788303421
26.93386773547094 11.148423422085294 2.2665946088860167 5.741665386923849 3.773741575419862 -1.256595439639252 0.16108052520788618 14.688329998649781 21.347274096544695 35.23586940057387 17.31285662861925 19.825873135098902 9.10794011495608 13.484392681683591 0.7130813024640661 3.683114069189066 20.31627291729294 8.152917779787325 11.96096352339973 2.347850560999003 5.970154046420291 21.84837962671952 -0.41234708681411547 7.72074195666649 3.2683294320567136 -6.205582817554748 -4.056093522065057 -7.565871498027919 1.4878475316585238
26.993987975951903 11.154665767045202 2.2728369538459248 5.747907731883757 3.7799839203797703 -1.250353094679344 0.16732287016779424 14.69457234360969 21.353516441504603 35.24211174553377 17.31909897357916 19.8321154800588 9.114182459915988 13.4906350266435 0.7193236474239741 3.689356414148956 20.32251526225285 8.159160124747233 11.967205868359638 2.354092905958911 5.976396391380199 21.85462197167943 -0.4061047418542074 7.726984301626398 3.2745717770166216 -6.19934047259484 -4.049851177105149 -7.559629153068011 1.4940898766184318
27.054108216432866 11.160903508059299 2.2790746948600216 5.754145472897854 3.786221661393867 -1.2441153536652472 0.17356061118189103 14.700810084623786 21.3597541825187 35.24834948654787 17.325336714593256 19.838353221072897 9.120420200930084 13.496872767657596 0.7255613884380709 3.695594155163053 20.328753003266947 8.16539786576133 11.973443609373735 2.360330646973008 5.9826341323942955 21.860859712693525 -0.3998670008401106 7.733222042640495 3.2808095180307184 -6.193102731580743 -4.043613436091052 -7.553391412053914 1.5003276176325286
27.11422845691383 11.16713665513343 2.285307841934152 5.760378619971984 3.7924548084679977 -1.2378822065911166 0.17979375825602162 14.707043231697916 21.365987329592826 35.254582633622 17.331569861667386 19.84458636814703 9.126653348004215 13.503105914731709 0.7317945355122015 3.7018273022371835 20.334986150341077 8.17163101283546 11.979676756447866 2.3665637940471385 5.988867279468426 21.867092859767652 -0.39363385376598004 7.739455189714626 3.287042665104849 -6.186869584506613 -4.037380289016921 -7.5471582649797835 1.5065607647066592
27.174348697394787 11.173365213042192 2.2915363998428973 5.766607177880747 3.7986833663767605 -1.2316536486823537 0.18602231616476672 14.713271789606662 21.372215887501582 35.260811191530756 17.33779841957613 19.850814926055794 9.132881905912978 13.509334472640472 0.7380230934209466 3.7080558601459463 20.34121470824984 8.177859570744223 11.985905314356629 2.3727923519559013 5.995095837377171 21.873321417676408 -0.38740529585721717 7.745683747623389 3.293271223013612 -6.18064102659785 -4.031151731108158 -7.540929707071021 1.512789322615422
27.23446893787575 11.179589186568126 2.297760373368831 5.772831151406681 3.8049073399026945 -1.2254296751564198 0.19224628969070068 14.719495763132596 21.378439861027516 35.26703516505669 17.344022393102065 19.857038899581728 9.139105879438912 13.515558446166406 0.7442470669468806 3.7142798336718803 20.347438681775774 8.184083544270157 11.992129287882562 2.3790163254818353 6.001319810903105 21.879545391202342 -0.3811813223312832 7.751907721149323 3.299495196539546 -6.174417053071916 -4.024927757582224 -7.534705733545087 1.519013296141356
27.294589178356713 11.185808580912457 2.30397976771318 5.779050545751012 3.8111267342470256 -1.2192102808120886 0.1984656840350496 14.725715157476944 21.384659255371858 35.27325455940103 17.350241787446414 19.863258293926066 9.145325273783243 13.521777840510754 0.7504664612912295 3.7204992280162292 20.353658076120105 8.190302938614488 11.998348682226894 2.3852357198261664 6.007539205247454 21.885764785546684 -0.37496192798695205 7.758127115493654 3.305714590883877 -6.168197658727585 -4.018708363237893 -7.5284863392007555 1.5252326904856872
27.354709418837675 11.19202340345188 2.3101945902526033 5.785265368290453 3.8173415567864666 -1.2129954582726477 0.2046805065744728 14.731929980016368 21.39087407791129 35.27946938194046 17.356456609985838 19.86947311646549 9.151540096322684 13.527992663050178 0.7566812838306527 3.7267140505556524 20.35987289865954 8.19651776115393 12.004563504766335 2.3914505423655896 6.013754027786877 21.891979608086114 -0.36874710544752887 7.764341938033095 3.3119294134233 -6.161982836188144 -4.012493540698452 -7.522271516661332 1.5314475130251282
27.414829659318634 11.198233660681414 2.3164048474821364 5.791475625519968 3.8235518140159996 -1.2067852010431324 0.21089076380400584 14.7381402372459 21.39708433514081 35.285679639169985 17.36266686721537 19.875683373695022 9.1577503535522 13.53420292027971 0.7628915410601858 3.7329243077851855 20.366083155889072 8.202728018383445 12.01077376199585 2.3976607995951227 6.01996428501641 21.898189865315636 -0.3625368482179958 7.770552195262628 3.318139670652833 -6.155772578958628 -4.006283283468937 -7.516061259431799 1.5376577702546435
27.474949899799597 11.204439354714157 2.3226105415148623 5.797681319552712 3.8297575080487256 -1.2005795070103886 0.21709645783673182 14.744345931278627 21.403290029173547 35.29188533320272 17.368872561248097 19.88188906772776 9.163956047584943 13.540408614312437 0.7690972350929117 3.7391300018179114 20.372288849921805 8.208933712416188 12.016979456028594 2.4038664936278664 6.026169979049136 21.904395559348373 -0.3563311541852521 7.776757889295354 3.324345364685577 -6.149566884925885 -4.000077589436193 -7.5098555653990555 1.5438634642873872
27.53507014028056 11.210640489135013 2.328811675935718 5.803882453973568 3.8359586424695813 -1.194378372589533 0.2232975922575875 14.750547065699482 21.409491163594403 35.29808646762358 17.375073695668952 19.888090202148614 9.170157182005799 13.546609748733292 0.7752983695137674 3.745331136238767 20.37848998434266 8.215134846837044 12.02318059044945 2.410067628048722 6.032371113469992 21.91059669376923 -0.3501300197643964 7.782959023716209 3.3305464991064326 -6.143365750505029 -3.9938764550153376 -7.5036544309782 1.5500645987082429
27.595190380761522 11.216837076648005 2.335008263448728 5.81007904148656 3.842155229982591 -1.1881817850765408 0.22949417977059738 14.756743653212492 21.415687751107406 35.30428305513657 17.381270283181962 19.894286789661614 9.17635376951879 13.552806336246302 0.7814949570267773 3.751527723751777 20.38468657185566 8.221331434350036 12.02937717796246 2.4162642155617142 6.038567700983002 21.91679328128223 -0.34393343225140427 7.789155611229219 3.3367430866194248 -6.137169162992037 -3.9876798675023455 -7.497457843465208 1.556261186221235
27.655310621242485 11.223029118205954 2.3412003050066765 5.816271083044509 3.848347271540522 -1.1819897435185922 0.235686221328546 14.76293569477044 21.42187979266535 35.310475096694525 17.38746232473991 19.900478831219555 9.18254581107674 13.55899837780425 0.7876869985847259 3.757719765309708 20.3908786134136 8.227523475907985 12.03556921952039 2.422456257119663 6.0447597425409505 21.922985322840177 -0.33774139069345566 7.79534765278715 3.3429351281773734 -6.130977121434088 -3.981487825944397 -7.491265801907259 1.5624532277791836
27.715430861723444 11.229216612744697 2.3473877995454195 5.822458577583269 3.854534766079283 -1.1758022489798492 0.241873715867289 14.769123189309184 21.428067287204094 35.316662591233275 17.393649819278654 19.906666325758305 9.188733305615482 13.565185872342994 0.7938744931234689 3.7639072598484686 20.397066107952355 8.233710970446745 12.04175671405915 2.428643751658406 6.0509472370796935 21.92917281737892 -0.33155389615471265 7.801535147325911 3.3491226227161164 -6.1247896268953275 -3.975300331405636 -7.485078307368516 1.5686407223179266
27.775551102204407 11.235399565753266 2.3535707525539884 5.828641530591838 3.8607177190878517 -1.1696192959712626 0.24805666887585787 14.775306142317753 21.434250240212673 35.322845544241844 17.399832772287223 19.91284927876688 9.194916258624069 13.571368825351563 0.8000574461320378 3.7700902128570375 20.403249060960924 8.239893923455314 12.04793966706772 2.4348267046669747 6.057130190088262 21.9353557703875 -0.3253709431461438 7.80771810033448 3.3553055757246852 -6.118606673886759 -3.9691173783970672 -7.478895354359947 1.5748236753265132
27.83567134268537 11.241577985499376 2.3597491723000807 5.8348199503379305 3.866896138833944 -1.1634408762251702 0.2542350886219502 14.781484562063845 21.440428659958766 35.329023963987936 17.406011192033315 19.919027698512974 9.201094678370161 13.577547245097655 0.8062358658781301 3.77626863260313 20.409427480707024 8.246072343201407 12.054118086813812 2.441005124413085 6.063308609834355 21.94153419013359 -0.3191925234000337 7.813896520080572 3.3614839954707953 -6.112428254140666 -3.962938958650975 -7.472716934613837 1.5810020950726056
27.895791583166332 11.247751874527125 2.365923061327848 5.84099383936568 3.8730700278616936 -1.1572669871974206 0.2604089776497176 14.787658451091612 21.446602548986526 35.33519785301569 17.412185081061082 19.925201587540723 9.20726856739791 13.583721134125405 0.8124097549058975 3.7824425216308795 20.415601369734773 8.252246232229156 12.060291975841562 2.4471790134408344 6.069482498862122 21.94770807916135 -0.31301863437228405 7.820070409108322 3.367657884498545 -6.106254365112917 -3.9567650696232253 -7.4665430455860875 1.5871759841003552
27.955911823647295 11.253921235403563 2.372092422204286 5.847163200242118 3.8792393887381493 -1.1510976263209827 0.26657833852615553 14.79382781196805 21.45277190986296 35.341367213892134 17.41835444193752 19.93137094841717 9.213437928274349 13.58989049500186 0.8185791157823354 3.788611882507335 20.42177073061121 8.258415593105594 12.066461336718 2.4533483743172724 6.07565185973856 21.953877440037786 -0.3068492734958461 7.82623976998476 3.373827245374983 -6.100085004236479 -3.9505957087467873 -7.46037368470965 1.5933453449767931
28.016032064128254 11.260086066181856 2.3782572529825785 5.8533280310204105 3.8854042195164418 -1.1449327955426902 0.272743169304448 14.799992642746343 21.458936740641256 35.34753204467042 17.424519272715813 19.937535779195464 9.219602759052641 13.596055325780153 0.8247439465606279 3.7947767132856276 20.42793556138951 8.264580423883887 12.07262616749631 2.459513205095565 6.0818166905168525 21.960042270816082 -0.3006844427175537 7.83240460076307 3.3799920761532753 -6.093920173458186 -3.944430877968495 -7.454208853931357 1.5995101757550856
28.076152304609217 11.266246378040226 2.3844175648409482 5.85948834287878 3.8915645313747937 -1.1387724836843205 0.2789034811628177 14.806152954604713 21.465097052499623 35.353692356528796 17.430679584574182 19.943696091053827 9.225763070911011 13.602215637638505 0.8309042584189976 3.8009370251439796 20.434095873247873 8.270740735742256 12.078786479354662 2.4656735169539346 6.087977002375222 21.96620258267445 -0.29452413085918394 7.838564912621422 3.386152388011645 -6.0877598615998165 -3.938270566110125 -7.448048542072987 1.6056704876134553
