web/models/mosfit_kne/mosfit_kn_1.0000/mosfit_kn_0.006452_0.3120_1.0000.dat
# %ECSV 1.0
# ---
# datatype:
# - {name: time, datatype: float64}
# - {name: PS1_g, datatype: float64}
# - {name: PS1_i, datatype: float64}
# - {name: PS1_r, datatype: float64}
# - {name: PS1_w, datatype: float64}
# - {name: PS1_y, datatype: float64}
# - {name: PS1_z, datatype: float64}
# - {name: swift_uvot_B, datatype: float64}
# - {name: swift_uvot_U, datatype: float64}
# - {name: swift_uvot_uvm2, datatype: float64}
# - {name: swift_uvot_uvw1, datatype: float64}
# - {name: swift_uvot_uvw2, datatype: float64}
# - {name: swift_uvot_V, datatype: float64}
# - {name: johnson_B, datatype: float64}
# - {name: johnson_I, datatype: float64}
# - {name: johnson_R, datatype: float64}
# - {name: johnson_U, datatype: float64}
# - {name: johnson_V, datatype: float64}
# - {name: sdss_g, datatype: float64}
# - {name: sdss_i, datatype: float64}
# - {name: sdss_r, datatype: float64}
# - {name: sdss_u, datatype: float64}
# - {name: sdss_z, datatype: float64}
# - {name: ATLAS_c, datatype: float64}
# - {name: ATLAS_o, datatype: float64}
# - {name: ukirt_H, datatype: float64}
# - {name: ukirt_J, datatype: float64}
# - {name: ukirt_K, datatype: float64}
# - {name: Clear, datatype: float64}
# meta: !!omap
# - comment: [kappa = 1.0, type = rprocess, mass = 0.006451950121499907, velocity = 0.312, theta_obs = 0.0, tfloor = 1000.0]
# schema: astropy-2.0
time PS1_g PS1_i PS1_r PS1_w PS1_y PS1_z swift_uvot_B swift_uvot_U swift_uvot_uvm2 swift_uvot_uvw1 swift_uvot_uvw2 swift_uvot_V johnson_B johnson_I johnson_R johnson_U johnson_V sdss_g sdss_i sdss_r sdss_u sdss_z ATLAS_c ATLAS_o ukirt_H ukirt_J ukirt_K Clear
[from data line 57]
3.4869739478957915 5.703965447169388 -2.6656634342146823 0.6075624745908037 -1.1781099977361897 -5.966530756340109 -4.643539797656917 9.038022455323514 15.243072190897564 28.612927041273796 11.834462222364905 14.237203754326814 3.7529941188095846 7.9551773811417945 -4.143615248232947 -1.2819972129316717 14.290771618025733 2.9015967791481527 6.471206074616873 -2.588860407282869 0.8140923756523044 15.764029540377251 -5.16500709906941 2.5101856650973 -1.6825293827042742 -10.553073080534253 -8.567325679050642 -11.79447673524521 -3.2867009206196407
3.5470941883767533 6.175147025890482 -2.356246297363356 0.9807935707766369 -0.8622603321269295 -5.727379644004902 -4.37451535362765 9.574226919381672 15.92241065992404 29.457246972123855 12.317272734038074 14.754179515474984 4.195840866578659 8.453639589255705 -3.8579978917044953 -0.9614561216295783 14.945493485930655 3.3123721414817657 6.9567354370858325 -2.278012623682173 1.194208144656006 16.43721123998276 -4.912142318044612 2.9076327396235335 -1.3669584271476687 -10.4283038895473 -8.390849093154847 -11.70722709150393 -3.0265350890943132
3.6072144288577155 6.646550483425049 -2.046432851871973 1.3542901107052252 -0.5462514747905445 -5.487709590268555 -4.10497582760355 10.110574302275193 16.601940242074065 30.300485752058716 12.799432572079201 15.271094042691967 4.639002606164985 8.951818324545165 -3.572018392034436 -0.6412259083309315 15.600212934480282 3.722890738930949 7.4424338184886984 -1.9667923456315606 1.574629549504749 17.110487896072488 -4.658975867588779 3.3052517611022836 -1.0512599841831616 -10.3029753020804 -8.21386202735434 -11.619404043091917 -2.7664405974634754
3.6673346693386772 7.118235156543484 -1.7361951075124082 1.7280940043647952 -0.23004104609357867 -5.247504963443852 -3.83490083510587 10.64713350482166 17.281748674062598 31.142851236883306 13.281057797391025 15.788027212471484 5.082525980426104 9.449789019960747 -3.2856516829931435 -0.321260161490067 16.255013329869985 4.133199556751015 7.928361994474571 -1.655171595905962 1.955396736110302 17.783943101709774 -4.405490216304067 3.7030962792075073 -0.7353918932577663 -10.177085544450575 -8.036355984999338 -11.531009141569848 -2.5063786498039065
3.727454909819639 7.230718497938184 -1.6511103152611106 1.8239604627767392 -0.14396334872724736 -5.174300363786362 -3.756624398939241 10.770625074502671 17.429569172397574 31.318164476426748 13.395151704472141 15.908168210951793 5.190235190808969 9.566687757536464 -3.2046236216830435 -0.2345908549580613 16.398567993145832 4.235212855640216 8.04325859925262 -1.5698543631481066 2.052449122273181 17.9306747025724 -4.330052010961225 3.8030370325193807 -0.649375492090396 -10.123287741701857 -7.973798446212166 -11.483576422175028 -2.429857392488586
3.787575150300601 7.269077630832292 -1.6127511823670027 1.8623195956708471 -0.10560421583313939 -5.135941230892254 -3.718265266045133 10.808984207396762 17.467928305291682 31.35652360932085 13.433510837366232 15.946527343845883 5.228594323703077 9.605046890430572 -3.1662644887889533 -0.19623172206395334 16.43692712603994 4.273571988534324 8.081617732146729 -1.5314952302539986 2.0908082551672713 17.969033835466508 -4.291692878067117 3.8413961654134887 -0.6110163591963058 -10.084928608807749 -7.935439313318058 -11.44521728928092 -2.391498259594478
3.847695390781563 7.3068006977919175 -1.5750281154073598 1.9000426626304723 -0.0678811488734965 -5.0982181639326285 -3.6805421990854903 10.846707274356405 17.505651372251325 31.394246676280485 13.471233904325874 15.984250410805526 5.266317390662702 9.642769957390215 -3.1285414218293104 -0.15850865510431045 16.474650192999565 4.311295055493949 8.119340799106354 -1.4937721632943735 2.128531322126914 18.00675690242615 -4.253969811107492 3.8791192323731316 -0.5732932922366629 -10.047205541848124 -7.897716246358433 -11.407494222321295 -2.3537751926348527
3.9078156312625247 7.343912538972823 -1.537916274226454 1.9371545038113958 -0.030769307692590786 -5.061106322751705 -3.6434303579045846 10.88381911553731 17.54276321343223 31.4313585174614 13.50834574550678 16.02136225198643 5.303429231843626 9.67988179857112 -3.0914295806484047 -0.12139681392340473 16.51176203418049 4.348406896674873 8.156452640287277 -1.4566603221134677 2.16564316330782 18.043868743607057 -4.216857969926586 3.9162310735540373 -0.5361814510557572 -10.0100937006672 -7.86060440517751 -11.37038238114039 -2.316663351453947
3.967935871743487 7.380436355667026 -1.5013924575322513 1.9736783205055985 0.005754509001612007 -5.02458250605752 -3.606906541210382 10.920342932231513 17.579287030126434 31.4678823341556 13.544869562200983 16.057886068680634 5.339953048537811 9.716405615265323 -3.054905763954202 -0.08487299722920194 16.548285850874674 4.384930713369076 8.19297645698148 -1.420136505419265 2.2021669800020227 18.08039256030126 -4.180334153232383 3.95275489024824 -0.4996576343615544 -9.973569883972997 -7.824080588483307 -11.333858564446187 -2.280139534759744
4.028056112224449 7.416393431899984 -1.4654353812993115 2.0096353967385383 0.04171158523455176 -4.9886254298245625 -3.570949464977442 10.95630000846447 17.615244106359373 31.503839410388554 13.58082663843394 16.093843144913592 5.375910124770768 9.752362691498263 -3.0189486877212444 -0.048915920996262185 16.58424292710763 4.420887789602015 8.22893353321442 -1.3841794291863074 2.2381240562349802 18.1163496365342 -4.144377076999426 3.98871196648118 -0.4637005581285969 -9.937612807740058 -7.788123512250367 -11.29790148821323 -2.2441824585267867
4.0881763527054105 7.451803973549325 -1.4300248396499526 2.0450459383878794 0.07712212688391062 -4.953214888175221 -3.535538923328083 10.991710550113812 17.650654648008732 31.539249952037895 13.616237180083282 16.129253686562933 5.411320666420109 9.787773233147622 -2.9835381460719033 -0.013505379346903323 16.619653468756972 4.456298331251356 8.264344074863779 -1.3487688875369663 2.2735345978843213 18.151760178183558 -4.108966535350085 4.024122508130539 -0.4282900164792558 -9.902202266090717 -7.752712970601026 -11.262490946563888 -2.2087719168774456
4.148296593186372 7.486687153602389 -1.395141659596888 2.079929118440944 0.11200530693695754 -4.918331708122157 -3.5006557432750185 11.026593730166876 17.68553782806178 31.574133132090953 13.651120360136346 16.164136866615998 5.446203846473174 9.822656413200686 -2.9486549660188386 0.021377800706161354 16.654536648810037 4.491181511304421 8.299227254916826 -1.3138857074839017 2.308417777937386 18.186643358236605 -4.07408335529702 4.059005688183586 -0.3934068364261911 -9.867319086037652 -7.717829790547961 -11.227607766510824 -2.173888736824381
4.208416833667335 7.521060500645831 -1.3607683125534464 2.1143024654843856 0.14637865398039906 -4.883958361078715 -3.466282396231577 11.060967077210318 17.71991117510522 31.608506479134395 13.685493707179788 16.19851021365944 5.480577193516615 9.857029760244128 -2.914281618975397 0.05575114774960288 16.68890999585348 4.525554858347863 8.333600601960267 -1.2795123604404601 2.3427911249808275 18.221016705280046 -4.039710008253579 4.093379035227027 -0.3590334893827496 -9.83294573899421 -7.68345644350452 -11.193234419467382 -2.1395153897809394
4.268537074148297 7.554940870401232 -1.3268879427980451 2.148182835239787 0.18025902373581815 -4.850077991323314 -3.4324020264761756 11.09484744696572 17.75379154486064 31.64238684888981 13.719374076935189 16.23239058341484 5.514457563272017 9.89091012999953 -2.8804012492199957 0.0896315175050042 16.72279036560888 4.559435228103282 8.367480971715686 -1.2456319906850588 2.376671494736229 18.254897075035466 -4.005829638498177 4.127259404982446 -0.3251531196273483 -9.799065369238809 -7.6495760737491185 -11.15935404971198 -2.105635020025538
4.328657314629258 7.588344034860022 -1.2934847783392556 2.1815859996985942 0.2136621881946077 -4.8166748268645065 -3.398998862017386 11.128250611424509 17.78719470931943 31.6757900133486 13.752777241393979 16.26579374787363 5.547860727730824 9.924313294458319 -2.846998084761206 0.12303468196379375 16.756193530067687 4.592838392562071 8.400884136174476 -1.2122288262262515 2.4100746591950184 18.288300239494255 -3.97242647403937 4.160662569441236 -0.29174995516855873 -9.765662204780002 -7.616172909290311 -11.125950885253173 -2.0722318555667307
4.38877755511022 7.621284983521761 -1.260543829677534 2.214526948360316 0.24660313685632929 -4.783733878202785 -3.3660579133556645 11.16119156008623 17.82013565798115 31.708730962010325 13.785718190055718 16.29873469653537 5.580801676392546 9.95725424312004 -2.814057136099467 0.15597563062551534 16.78913447872941 4.625779341223793 8.433825084836197 -1.17928787756453 2.4430156078567578 18.321241188155977 -3.9394855253776484 4.193603518102957 -0.2588090065068194 -9.73272125611828 -7.58323196062859 -11.093009936591452 -2.039290906905009
4.448897795591182 7.653808377835318 -1.228020435363959 2.247050342673873 0.27912653116990427 -4.751210483889228 -3.3335345190420895 11.193714954399805 17.852659052294726 31.741254356323882 13.818241584369275 16.331258090848927 5.613325070706103 9.989777637433615 -2.7815337417859096 0.18849902493909032 16.821657873042966 4.65830273553735 8.466348479149755 -1.1467644832509727 2.475539002170315 18.353764582469534 -3.906962131064091 4.226126912416515 -0.22628561219326215 -9.700197861804723 -7.550708566315032 -11.060486542277895 -2.006767512591452
4.509018036072144 7.685853406486753 -1.195975406712524 2.279095371325308 0.3111715598213216 -4.719165455237793 -3.3014894903906544 11.22575998305124 17.884704080946143 31.77329938497532 13.85028661302071 16.36330311950036 5.645370099357538 10.02182266608505 -2.7494887131344745 0.22054405359050766 16.8537029016944 4.690347764188785 8.49839350780119 -1.1147194545995376 2.50758403082175 18.38580961112097 -3.874917102412656 4.25817194106795 -0.19424058354182705 -9.668152833153288 -7.518663537663597 -11.02844151362646 -1.9747224839400168
4.569138276553106 7.717482212498901 -1.1643466007003944 2.3107241773374554 0.34280036583346885 -4.687536649225645 -3.269860684378525 11.257388789063388 17.91633288695829 31.80492819098747 13.881915419032858 16.39493192551251 5.676998905369685 10.05345147209718 -2.7178599071223273 0.2521728596026549 16.88533170770655 4.721976570200932 8.530022313813337 -1.0830906485873903 2.5392128368338973 18.417438417133116 -3.843288296400509 4.289800747080097 -0.1626117775296798 -9.63652402714114 -7.48703473165145 -10.996812707614312 -1.9430936779278696
4.629258517034068 7.74870460122056 -1.1331242119787177 2.3419465660591143 0.37402275455514555 -4.6563142605039864 -3.2386382956568482 11.288611177785047 17.947555275679967 31.836150579709138 13.913137807754516 16.426154314234168 5.708221294091344 10.084673860818857 -2.6866375184006683 0.2833952483243316 16.916554096428207 4.753198958922591 8.561244702535014 -1.0518682598657314 2.5704352255555563 18.448660805854793 -3.81206590767885 4.321023135801774 -0.13138938880802087 -9.605301638419482 -7.455812342929791 -10.965590318892653 -1.9118712892062106
4.68937875751503 7.779530797842753 -1.102298015356542 2.3727727626813078 0.4048489511773212 -4.625488063881793 -3.2078120990346726 11.319437374407222 17.978381472302143 31.866976776331317 13.94396400437671 16.456980510856344 5.739047490713538 10.115500057441032 -2.6558113217784927 0.3142214449465073 16.9473802930504 4.784025155544785 8.59207089915719 -1.021042063243538 2.6012614221777497 18.47948700247697 -3.7812397110566565 4.351849332423949 -0.10056319218582743 -9.574475441797288 -7.424986146307598 -10.93476412227046 -1.8810450925840172
4.749498997995992 7.809970881242876 -1.0718579319564014 2.4032128460814484 0.4352890345774618 -4.595047980481652 -3.177372015634532 11.349877457807363 18.008821555702283 31.897416859731454 13.974404087776833 16.487420594256484 5.769487574113678 10.145940140841173 -2.625371238378352 0.34466152834664787 16.97782037645054 4.814465238944925 8.62251098255733 -0.9906019798434151 2.6317015055778725 18.50992708587711 -3.7507996276565336 4.38228941582409 -0.0701231087857046 -9.544035358397148 -7.394546062907457 -10.904324038870337 -1.8506050091838944
4.809619238476953 7.840034997878771 -1.0417938153205242 2.4332769627173256 0.4653531512133391 -4.564983863845775 -3.1473078989986547 11.379941574443258 18.03888567233816 31.927480976367338 14.004468204412728 16.51748471089238 5.7995516907495555 10.17600425747705 -2.595307121742457 0.37472564498252514 17.00788449308642 4.844529355580803 8.652575099193207 -0.9605378632075201 2.6617656222137676 18.539991202512986 -3.7207355110206386 4.412353532459967 -0.04005899214980957 -9.51397124176127 -7.36448194627158 -10.874259922234442 -1.8205408925479993
4.869739478957916 7.869732941872947 -1.0120958713263306 2.4629749067115014 0.49505109520753265 -4.535285919851599 -3.117609955004461 11.409639518437434 18.068583616332354 31.957178920361525 14.034166148406904 16.547182654886555 5.829249634743731 10.205702201471244 -2.5656091777482812 0.4044235889767187 17.037582437080594 4.8742272995749785 8.6822730431874 -0.9308399192133443 2.6914635662079434 18.56968914650718 -3.691037567026463 4.442051476454161 -0.010361048155633767 -9.484273297767094 -7.334784002277404 -10.844561978240266 -1.7908429485538235
4.929859719438878 7.899074111707538 -0.9827547014917393 2.4923160765461105 0.524392265042124 -4.50594475001699 -3.08826878516987 11.438980688272025 18.097924786166946 31.986520090196112 14.063507318241495 16.576523824721146 5.85859080457834 10.235043371305835 -2.53626800791369 0.43376475881131005 17.066923606915203 4.903568469409588 8.711614213021992 -0.901498749378753 2.7208047360425347 18.59903031634177 -3.6616963971918715 4.471392646288752 0.018980121678957573 -9.454932127932485 -7.305442832442795 -10.815220808405675 -1.7615017787192144
4.98997995991984 7.928067799422873 -0.9537610137764219 2.521309764261428 0.5533859527574414 -4.476951062301673 -3.0592750974545524 11.467974375987342 18.126918473882263 32.01551377791144 14.092501005956812 16.605517512436464 5.887584492293658 10.264037059021152 -2.5072743201983725 0.46275844652662745 17.09591729463052 4.932562157124905 8.74060790073731 -0.8725050616634178 2.749798423757852 18.62802400405709 -3.6327027094765363 4.5003863340040695 0.04797380939427498 -9.425938440217168 -7.2764491447274775 -10.78622712069034 -1.732508091003897
5.050100200400801 7.9567225922763285 -0.9251062209229488 2.5499645571148832 0.5820407456109145 -4.4482962694482175 -3.0306203046010793 11.496629168840816 18.155573266735736 32.0441685707649 14.121155798810285 16.634172305289937 5.916239285147113 10.292691851874626 -2.4786195273448994 0.4914132393801005 17.124572087483976 4.96121694997836 8.769262693590765 -0.8438502688099625 2.778453216611325 18.656678796910562 -3.604047916623081 4.529041126857543 0.07662860224774803 -9.397283647363713 -7.247794351874022 -10.757572327836884 -1.7038532981504417
5.110220440881763 7.985047096176849 -0.8967817170224457 2.578289061015404 0.6103652495114176 -4.419971765547697 -3.0022958007005762 11.524953672741336 18.18389777063624 32.072493074665424 14.149480302710806 16.662496809190458 5.944563789047634 10.321016355775129 -2.4502950234443786 0.5197377432806036 17.152896591384497 4.989541453878881 8.797587197491286 -0.8155257649094416 2.806777720511846 18.685003300811065 -3.57572341272256 4.557365630758046 0.10495310614826892 -9.368959143463192 -7.219469847973501 -10.729247823936364 -1.6755287942499208
5.170340681362725 8.013049334274438 -0.8687794789248393 2.6062912991130105 0.638367487609024 -4.39196952745009 -2.97429356260297 11.552955910838925 18.211900008733846 32.100495312763016 14.177482540808395 16.690499047288046 5.97256602714524 10.349018593872735 -2.42229278534679 0.54773998137821 17.180898829482103 5.0175436919764875 8.825589435588892 -0.787523526811853 2.8347799586094347 18.71300553890867 -3.5477211746249715 4.585367868855652 0.13295534424585753 -9.340956905365585 -7.191467609875895 -10.701245585838775 -1.6475265561523322
