web/models/mosfit_kne/mosfit_kn_1.0000/mosfit_kn_0.406447_0.0927_1.0000.dat
# %ECSV 1.0
# ---
# datatype:
# - {name: time, datatype: float64}
# - {name: PS1_g, datatype: float64}
# - {name: PS1_i, datatype: float64}
# - {name: PS1_r, datatype: float64}
# - {name: PS1_w, datatype: float64}
# - {name: PS1_y, datatype: float64}
# - {name: PS1_z, datatype: float64}
# - {name: swift_uvot_B, datatype: float64}
# - {name: swift_uvot_U, datatype: float64}
# - {name: swift_uvot_uvm2, datatype: float64}
# - {name: swift_uvot_uvw1, datatype: float64}
# - {name: swift_uvot_uvw2, datatype: float64}
# - {name: swift_uvot_V, datatype: float64}
# - {name: johnson_B, datatype: float64}
# - {name: johnson_I, datatype: float64}
# - {name: johnson_R, datatype: float64}
# - {name: johnson_U, datatype: float64}
# - {name: johnson_V, datatype: float64}
# - {name: sdss_g, datatype: float64}
# - {name: sdss_i, datatype: float64}
# - {name: sdss_r, datatype: float64}
# - {name: sdss_u, datatype: float64}
# - {name: sdss_z, datatype: float64}
# - {name: ATLAS_c, datatype: float64}
# - {name: ATLAS_o, datatype: float64}
# - {name: ukirt_H, datatype: float64}
# - {name: ukirt_J, datatype: float64}
# - {name: ukirt_K, datatype: float64}
# - {name: Clear, datatype: float64}
# meta: !!omap
# - comment: [kappa = 1.0, type = rprocess, mass = 0.4064473885499596, velocity = 0.09266666666666673, theta_obs = 0.0, tfloor = 1000.0]
# schema: astropy-2.0
time PS1_g PS1_i PS1_r PS1_w PS1_y PS1_z swift_uvot_B swift_uvot_U swift_uvot_uvm2 swift_uvot_uvw1 swift_uvot_uvw2 swift_uvot_V johnson_B johnson_I johnson_R johnson_U johnson_V sdss_g sdss_i sdss_r sdss_u sdss_z ATLAS_c ATLAS_o ukirt_H ukirt_J ukirt_K Clear
[from data line 140]
8.47695390781563 -13.097898962264782 -15.11423924192668 -14.388072612890586 -14.359691484398915 -15.67915274707584 -15.47886545382017 -12.234239227470926 -11.40188038260984 -6.71183013781816 -9.425896331794128 -7.456221498380685 -13.750536115419518 -12.339756317291716 -15.730096924639138 -14.813491491855554 -11.510933000666192 -13.835236026793376 -12.904205608833497 -15.104593919874034 -14.37549417415255 -10.626509561631448 -15.539242213156683 -13.683884573766214 -14.753410532863231 -16.02483691647794 -15.97170257127619 -15.90541358308707 -14.628689799935923
8.537074148296593 -13.058578012745574 -15.093485789906698 -14.359899302076009 -14.333849698131385 -15.66596315450072 -15.462696926365052 -12.188369657817663 -11.341099680419884 -6.617562830162156 -9.362903967403735 -7.392207411428181 -13.716062195567524 -12.295104260441633 -15.711556654868037 -14.787823893557228 -11.45258043293926 -13.801708007862262 -12.863240302119916 -15.08363808335984 -14.347068588960319 -10.566959519623786 -15.523960110124229 -13.650538759881723 -14.729322323859364 -16.022378204229405 -15.964369203631499 -15.906214022192467 -14.606681535265853
8.597194388777554 -13.034648946933007 -15.082856936089328 -14.343954272805064 -14.319595971879497 -15.660756400898475 -15.45535417674028 -12.159745455739028 -11.301792841956875 -6.554295015843315 -9.322160766147736 -7.3507953689827445 -13.69559913557855 -12.267357613821254 -15.70251477089758 -14.773679277968068 -11.415011348336847 -13.781926316809104 -12.838133079567413 -15.072864172446447 -14.330941519191267 -10.528530383794585 -15.517253898854175 -13.630899258156521 -14.716310717332188 -16.024869352442096 -15.963363187200184 -15.911043916884198 -14.595182858737008
8.657314629258517 -12.9950933361836 -15.06186770320138 -14.315542287297625 -14.293574363000623 -15.647341635680139 -15.438954716302131 -12.113629768265312 -11.240762561577746 -6.459852836305411 -9.259331314800736 -7.287117908474293 -13.660873530275925 -12.222474548504842 -15.683743128047347 -14.747788310952014 -11.356404725820763 -13.748157189393131 -12.796932439502875 -15.051672329579109 -14.30227355526986 -10.468719993553872 -15.50174521386996 -13.597344841609598 -14.69200366872375 -16.022215995808132 -15.95582051506181 -15.911661123687908 -14.573019693312492
8.71743486973948 -12.970301051339064 -15.050591081534517 -14.298860965449851 -14.278654589425823 -15.641582963450347 -15.431021135558307 -12.084057649725867 -11.200331492153488 -6.395125702629232 -9.217741051663708 -7.244971570278253 -13.639591215733208 -12.193805320816548 -15.67408248743596 -14.732947885071265 -11.317736431691998 -13.727575067253175 -12.77094234822055 -15.040248129460885 -14.285404527146728 -10.429173067015736 -15.494461700112279 -13.576930862907055 -14.67831794649923 -16.02430260002565 -15.954342421447727 -15.91613282606051 -14.560917877908963
8.77755511022044 -12.934960470856893 -15.032307691881623 -14.2737552514129 -14.255797639939711 -15.630268177087157 -15.416958969706673 -12.042679570745626 -11.145247034519272 -6.309410838545911 -9.161374182204032 -7.187974591708514 -13.608673013535217 -12.153573454603709 -15.657840498059745 -14.710172292304115 -11.264874794823687 -13.697545244394556 -12.734089756711455 -15.02177838949983 -14.2600602824138 -10.375199763902394 -15.481221880550908 -13.547127421652068 -14.657001608333609 -16.022902393736796 -15.948436925540914 -15.917747784429286 -14.5416282256053
8.837675350701403 -12.903829072796302 -15.01676686847171 -14.251977331720056 -14.236100016390907 -15.621101407617477 -15.405278547024839 -12.006024727813617 -11.09606228160457 -6.232260563610661 -9.111192975145599 -7.137285606210803 -13.58157663065403 -12.11797286211642 -15.644167477338613 -14.690530848759586 -11.21771994616272 -13.671265468213763 -12.701576019647742 -15.006067140518642 -14.238062741095963 -10.327026095596601 -15.47029499193485 -13.521068344826705 -14.6386958631569 -16.022810941015116 -15.94422120890112 -15.920417211637135 -14.525201806393966
8.897795591182364 -12.874160549025149 -15.002155151643386 -14.231340829454133 -14.217495021966453 -15.612649679799695 -15.39439697298107 -11.971017281048699 -11.048952018832416 -6.158170512319432 -9.063279147667611 -7.088941490690196 -13.555798545606443 -12.083989563463632 -15.631361355872972 -14.671963769156477 -11.172568482767009 -13.646280223387668 -12.670572179995236 -14.991290745055217 -14.217212685348919 -10.280888212562633 -15.460142871622313 -13.496308684745522 -14.621420467393342 -16.02313575131038 -15.940557221741862 -15.92341287331944 -14.509765611513803
8.957915831663327 -12.83747227131478 -14.982866917165474 -14.205088714407417 -14.193617870615363 -15.600485141524256 -15.379421701945546 -11.928153607311646 -10.992099653439986 -6.070174210694524 -9.005691816002752 -7.030928412326766 -13.523598315850435 -12.042316774289507 -15.614161835890076 -14.648110607007052 -11.117977811644401 -13.615001362506012 -12.632340404153464 -14.97181209740921 -14.190712006428576 -10.225154573300284 -15.446012679380026 -13.465305675501131 -14.599062083740808 -16.021128147655933 -15.933933068263197 -15.924497266925764 -14.489562085946766
9.018036072144287 -12.812626405753953 -14.97136899491414 -14.188247590184506 -14.178618363139837 -15.59445559969685 -15.371234009298771 -11.898566405803923 -10.951779682034282 -6.0059882217786 -8.964948287937649 -6.989908837476889 -13.502189643245341 -12.013648481781537 -15.604267746466977 -14.633115213977252 -11.079391434961334 -13.594303236738588 -12.606310217752927 -14.960168028904448 -14.173678912966565 -10.185689195888514 -15.438474792935608 -13.444830132382446 -14.585214857667346 -16.02290072565699 -15.932159131843697 -15.928645765383747 -14.477389140449706
9.07815631262525 -12.771017825743716 -14.948754095053722 -14.158027926171268 -14.151048616198487 -15.579627427436282 -15.353331919323736 -11.85020500196875 -10.888143235514391 -5.908428883842965 -8.900918225330674 -6.925559356438956 -13.465463595663689 -11.96660269283225 -15.58393733632662 -14.60553013112354 -11.018219766641721 -13.558593892927496 -12.56301598304848 -14.937345055115081 -14.14318415138423 -10.12326343853804 -15.421499643176677 -13.40945386133571 -14.559265781335498 -16.01919038278458 -15.92339467354174 -15.928322229285426 -14.45385407179602
9.138276553106213 -12.744436553936502 -14.9360372705004 -14.139758854784183 -14.134735504808056 -15.572598504617314 -15.344057021172208 -11.818690018219897 -10.845476212105716 -5.841027761098146 -8.858118349033823 -6.882579191458639 -13.442440062517111 -11.936054018422947 -15.572889767323119 -14.589190243935636 -10.97735039144193 -13.536316679971259 -12.53520396570595 -14.92447626434764 -14.124712839787126 -10.081476193615124 -15.412903062131722 -13.387431844495303 -14.544121712513345 -16.020288497994294 -15.920797962216131 -15.931896951079485 -14.44049535608185
9.198396793587174 -12.705542981853242 -14.915144089096213 -14.111655699519101 -14.109198892191799 -15.55909496108196 -15.32763478858346 -11.773385311927964 -10.78569008487932 -5.749164215966618 -8.798353358390454 -6.822644566227311 -13.408157682884003 -11.89201142764125 -15.55416592221243 -14.563599434956053 -10.91989628599099 -13.50300852932669 -12.494712121575482 -14.903385680733958 -14.096345309735874 -10.022827326497747 -15.397363633660834 -13.354470141982393 -14.520085455846257 -16.017350893470926 -15.913056331515794 -15.93218029170428 -14.41880609529834
9.258517034068136 -12.674250885459308 -14.899241740392934 -14.089587803439212 -14.089349442356927 -15.549514920860528 -15.315556951553546 -11.736606870444525 -10.736528145717266 -5.67260866194838 -8.749382204234433 -6.773584353087049 -13.380800981549658 -11.856318828658669 -15.540120177627898 -14.543686392601149 -10.872726477178862 -13.476489495963635 -12.462053214677802 -14.887314468895188 -14.074049765922183 -9.97463327736126 -15.386042479398476 -13.328260799132519 -14.501503279700536 -16.016817319851203 -15.908409239585453 -15.934405470171418 -14.402256366273498
9.318637274549097 -12.645936455075173 -14.885274198632601 -14.069871484904066 -14.071721163999324 -15.541444897557977 -15.30515639996251 -11.703173698026774 -10.691548634194614 -5.602118008333384 -8.704723289401226 -6.728887428290914 -13.356149458068806 -11.823903557042698 -15.527884995415484 -14.52598463251783 -10.829602730462142 -13.452622816752767 -12.432464310913911 -14.873189432402931 -14.054119884267475 -9.930552407209596 -15.376348924487235 -13.304693972533936 -14.485043656467322 -16.017191433703758 -15.904943427695457 -15.937355494540542 -14.387712767423118
9.37875751503006 -12.608508205627782 -14.8652439632734 -14.042868580789971 -14.047276004209426 -15.528571055504568 -15.289453840447216 -11.659532729017307 -10.633903174790369 -5.513569929796705 -8.647650527501014 -6.6718250065204145 -13.323155597426101 -11.781504280770378 -15.50995755538895 -14.50143214658911 -10.77420594167376 -13.42058582317767 -12.393490182606275 -14.85296811325128 -14.026856262350158 -9.873991983338826 -15.361505774742898 -13.273034966727923 -14.46199932886417 -16.014571301410264 -15.89766009723986 -15.937864384074627 -14.367019324869865
9.438877755511022 -12.57935119632796 -14.850651005087805 -14.022437642812715 -14.029007672323583 -15.519972682164802 -15.27848537520173 -11.625170463146574 -10.587815374641512 -5.441641855130899 -8.602196411440435 -6.626425604463545 -13.297704356358999 -11.748187629622983 -15.497126562792982 -14.483058751908732 -10.729999062842339 -13.395939902853476 -12.363038794467194 -14.838215117909641 -14.006205611296156 -9.828808518487957 -15.351258464216055 -13.248717517659898 -14.444889974882855 -16.01456796792664 -15.89374757851278 -15.940484841558858 -14.351900840023522
9.498997995991983 -12.534454767091834 -14.825610278404415 -13.989436211006119 -13.998985956574508 -15.503110261026656 -15.258388595099621 -11.573170889730601 -10.519826616715076 -5.338466157706814 -8.535296818117128 -6.559665783664016 -13.257850914835398 -11.697622679644692 -15.47449046577982 -14.452871677396157 -10.664572512879797 -13.357190739560137 -12.316377238790501 -14.81295609241096 -13.972902487987948 -9.762046891139597 -15.332147407028991 -13.210433778866246 -14.416428450191283 -16.00944036037532 -15.883282288483151 -15.938940870170056 -14.326186928616664
9.559118236472946 -12.503966020682586 -14.81006875448923 -13.967900748351223 -13.979717325369148 -15.493729581547022 -15.246570751061874 -11.537329918974503 -10.47194653221947 -5.264129648836938 -8.488407152293274 -6.512929203014725 -13.231151495629955 -11.662868625108022 -15.460761007332994 -14.433461886015994 -10.618619644843978 -13.331327461415208 -12.28455937418758 -14.797250148998256 -13.95113827891727 -9.715086200899403 -15.321073546123198 -13.18493420606071 -14.398319318160375 -16.008906347364157 -15.8787239348141 -15.941109547466572 -14.310171405002663
9.619238476953907 -12.472993959821874 -14.794174681589727 -13.94595928743641 -13.960083047286442 -15.484053941516134 -15.234434581918492 -11.50095444374304 -10.423424344287131 -5.188947492856999 -8.441031578500926 -6.465748194337685 -13.203995845098692 -11.627595631565718 -15.446696480971369 -14.41367083750545 -10.572040163614275 -13.305019496717188 -12.252246267772655 -14.781190144572687 -13.928964647373352 -9.667487657196663 -15.30968955590236 -13.1590046781238 -14.379841747166573 -16.008165842374652 -15.873918534240783 -15.943099680206474 -14.293827546606455
9.67935871743487 -12.441281561238018 -14.777758166706239 -13.923406968771186 -13.939892194349355 -15.473949480665716 -15.221831950487008 -11.463756075642035 -10.373901363878382 -5.112407945893376 -8.392822365137835 -6.417776158949259 -13.176148800865992 -11.591521906475183 -15.432137616785432 -14.393306326508768 -10.52448657479201 -13.27803673858355 -12.219173136537211 -14.764605225695284 -13.9061753427284 -9.618897793488372 -15.29785170478851 -13.132417624383912 -14.360811152197215 -16.00713695317642 -15.868760541473304 -15.944845296062125 -14.276983705749267
9.739478957915832 -12.408290003562925 -14.760462659557074 -13.899814078269994 -13.918744351719052 -15.463135063703053 -15.208451838365189 -11.425130359281674 -10.322626095243805 -5.033439364230577 -8.343052008763276 -6.368289397596389 -13.147117242200121 -11.554056792221811 -15.416750096567206 -14.371965110909716 -10.475230782666245 -13.249896642005615 -12.184784925505294 -14.747136831803633 -13.882337737589818 -9.568576014480747 -15.285258194049725 -13.104695880914825 -14.340840254476355 -16.005647330671874 -15.863028093416549 -15.946207367508618 -14.259279860590386
9.799599198396793 -12.361648856654242 -14.734097226609908 -13.865312305229818 -13.887433504410502 -15.445147517024989 -15.187146771240148 -11.371204190021508 -10.252355783037377 -4.927440734856179 -8.274959231887085 -6.30062085185488 -13.105581828309322 -11.501639680077819 -15.392851940737035 -14.340381952266565 -10.407567046061505 -13.20951965435748 -12.136339139545953 -14.720547954937917 -13.84751755743821 -9.49953136843213 -15.264971955043443 -13.06487765035456 -14.311029453348105 -15.999722875358092 -15.851614375241976 -15.943973533538516 -14.232431923041151
9.859719438877756 -12.32857745450195 -14.716683969966393 -13.841614486715077 -13.866224812027497 -15.43420860772926 -15.173643397162202 -11.33250148394546 -10.20102815363428 -4.848556374044828 -8.22549217242278 -6.251524235198222 -13.076445942389363 -11.464109957252177 -15.377346058938059 -14.318945771251503 -10.358250754990667 -13.181283681579002 -12.101873713537188 -14.702962054869495 -13.823572077898021 -9.449145649721391 -15.252257479875713 -13.037087257731095 -14.290963679562392 -15.998113317627332 -15.845759147730085 -15.945219395665935 -14.21468054420071
9.919839679358716 -12.294936604995073 -14.69886220887533 -13.817442538008944 -13.844589467144637 -15.42293162672081 -15.159773419540734 -11.293166716694618 -10.148936028906732 -4.768655171564585 -8.17543700249935 -6.201879615909029 -13.046774496744515 -11.42596696919679 -15.361453034014254 -14.297065541162805 -10.308189229402426 -13.152526105646698 -12.066824183434495 -14.684965800585719 -13.799148358582674 -9.398001046785946 -15.239186366415112 -13.008792230289554 -14.270469408336126 -15.996273459924964 -15.839624234918634 -15.946268982079859 -14.196547539698798
9.97995991983968 -12.259552578200257 -14.679854623077588 -13.791859955394123 -13.821655904038597 -15.410703492329372 -15.144858643988588 -11.251883163185987 -10.094442781504807 -4.68540581587096 -8.123217893223238 -6.150122420418981 -13.015492799920924 -11.385924336382306 -15.34444399206307 -14.27386267367875 -10.255796648284534 -13.12219547179687 -12.02998149701589 -14.665777495184038 -13.773303479022108 -9.344484416207521 -15.225100567340242 -12.978953494012995 -14.248702858786686 -15.993827462894746 -15.832725799690497 -15.946819170027718 -14.177249714286582
10.040080160320642 -12.23182495315534 -14.66588835232784 -13.772367790067559 -13.804407769685287 -15.402437273048033 -15.134333015589636 -11.219194164587869 -10.050651219283253 -4.617475901957067 -8.081466591139748 -6.108787152360108 -12.99120698829934 -11.354283738156163 -15.33215857798875 -14.25637593316128 -10.213769158380092 -13.098712789302523 -12.001027867033844 -14.651659302326614 -13.75358959972571 -9.301510161064304 -15.215273086205574 -12.955894377349946 -14.232424259680343 -15.993791110337924 -15.828943258581809 -15.949304428111011 -14.163064570130128
10.100200400801603 -12.183681126942343 -14.63836490303791 -13.736562795319287 -13.771995903207 -15.383460323210851 -15.1119674744427 -11.163609409575479 -9.978426162418756 -4.509125501483225 -8.012518062975413 -6.040507563174312 -12.948211212080604 -11.300279592246468 -15.307156241214088 -14.223585714118265 -10.14418550029361 -13.056927189756314 -11.951046497212534 -14.62390810652579 -13.717450157492479 -9.230504068790228 -15.193956311577619 -12.914760832117569 -14.201446339192074 -15.98716267184782 -15.816693367011911 -15.946461041903886 -14.135255681628287
