web/models/mosfit_kne/mosfit_kn_1.0000/mosfit_kn_0.500000_0.2023_1.0000.dat
# %ECSV 1.0
# ---
# datatype:
# - {name: time, datatype: float64}
# - {name: PS1_g, datatype: float64}
# - {name: PS1_i, datatype: float64}
# - {name: PS1_r, datatype: float64}
# - {name: PS1_w, datatype: float64}
# - {name: PS1_y, datatype: float64}
# - {name: PS1_z, datatype: float64}
# - {name: swift_uvot_B, datatype: float64}
# - {name: swift_uvot_U, datatype: float64}
# - {name: swift_uvot_uvm2, datatype: float64}
# - {name: swift_uvot_uvw1, datatype: float64}
# - {name: swift_uvot_uvw2, datatype: float64}
# - {name: swift_uvot_V, datatype: float64}
# - {name: johnson_B, datatype: float64}
# - {name: johnson_I, datatype: float64}
# - {name: johnson_R, datatype: float64}
# - {name: johnson_U, datatype: float64}
# - {name: johnson_V, datatype: float64}
# - {name: sdss_g, datatype: float64}
# - {name: sdss_i, datatype: float64}
# - {name: sdss_r, datatype: float64}
# - {name: sdss_u, datatype: float64}
# - {name: sdss_z, datatype: float64}
# - {name: ATLAS_c, datatype: float64}
# - {name: ATLAS_o, datatype: float64}
# - {name: ukirt_H, datatype: float64}
# - {name: ukirt_J, datatype: float64}
# - {name: ukirt_K, datatype: float64}
# - {name: Clear, datatype: float64}
# meta: !!omap
# - comment: [kappa = 1.0, type = rprocess, mass = 0.5000000000045836, velocity = 0.20233333333333337, theta_obs = 0.0, tfloor = 1000.0]
# schema: astropy-2.0
time PS1_g PS1_i PS1_r PS1_w PS1_y PS1_z swift_uvot_B swift_uvot_U swift_uvot_uvm2 swift_uvot_uvw1 swift_uvot_uvw2 swift_uvot_V johnson_B johnson_I johnson_R johnson_U johnson_V sdss_g sdss_i sdss_r sdss_u sdss_z ATLAS_c ATLAS_o ukirt_H ukirt_J ukirt_K Clear
[from data line 480]
28.917835671342683 -30.197853801124364 -29.234064105798687 -29.653733593432516 -29.837082468587077 -28.688393731899424 -28.916091057384836 -30.291700042142875 -31.91439146079425 -33.517048259143806 -33.1150503028428 -33.76490883872112 -29.923033032280852 -30.29522836582338 -29.53300360904643 -29.773682877015172 -31.571618927586897 -29.924405046912113 -30.26446682892118 -29.25418128626795 -29.655231230799455 -30.832851357180022 -28.863864917542532 -30.033866850377677 -29.510459462309306 -27.524244593921484 -28.160036374176354 -26.942289255838517 -29.74098718813643
28.977955911823646 -30.21612295928417 -29.25217511730594 -29.67190497017537 -29.855298713540623 -28.706445384155046 -28.934165633919857 -30.310011698340837 -31.932825354794474 -33.53581945919578 -33.1337584641326 -33.783801078717325 -29.9412470784048 -30.3135384950941 -29.55109847422679 -29.791841641555347 -31.590028182799188 -29.942617598173552 -30.28274884426814 -29.27229382336602 -29.67340216931225 -30.85126521479312 -28.881934196270844 -30.052107791231837 -29.52861003369966 -27.542210578770018 -28.17804299984436 -26.9602262990662 -29.759198886951044
29.03807615230461 -30.23438027475544 -29.270276217085076 -29.690065699712065 -29.873503765764493 -28.72448784593539 -28.952230741658713 -30.328310990040308 -31.951245378988933 -33.554572595326015 -33.15244935858992 -33.80267373718818 -29.959449955918657 -30.331836278790764 -29.569183624107637 -29.809989912910552 -31.608423872169855 -29.960818999261797 -30.301018859268876 -29.290396430169086 -29.691562465889785 -30.869665449618573 -28.899994070597987 -30.070337235635698 -29.546750211981507 -27.560168410532878 -28.19604098084934 -26.978155538687712 -29.777399449727753
29.09819639278557 -30.252625873917882 -29.28836750767104 -29.7082158936227 -29.891697743518524 -28.742521210951484 -28.97028647771217 -30.34659805013358 -31.969651685159164 -33.5733078728785 -33.171123181055755 -33.82152703914125 -29.977641782851318 -30.350121849565234 -29.587259158815044 -29.828127800758175 -31.626806143653614 -29.979009367973553 -30.31927700226582 -29.30848920943994 -29.709712232049075 -30.888052210332173 -28.91804463684629 -30.088555305652616 -29.564880105595357 -27.578118170312727 -28.214030404255208 -26.996077051581665 -29.795588993997466
29.158316633266534 -30.270860466911795 -29.306449669222392 -29.726356243455392 -29.909881346774476 -28.760546148230475 -28.988333515398477 -30.364873596919388 -31.98804501522199 -33.592026100336376 -33.1897807270963 -33.84036181737585 -29.995823258854852 -30.368395925416753 -29.605325755471334 -29.84625599425413 -31.645175734387873 -29.997189403670937 -30.337523985860084 -29.326572841624277 -29.727852159257928 -30.906426234970183 -28.93608656733976 -30.106762706013512 -29.58300040214235 -27.59606051119421 -28.232011930690177 -27.013991485481124 -29.81376821882794
29.218436873747493 -30.289083368048875 -29.324522001862068 -29.7444860546954 -29.92805388496235 -28.77856195268924 -29.006371151637502 -30.38313694862189 -32.006424698803926 -33.61072664015637 -33.208421352566546 -33.85917744655085 -30.013993693257206 -30.386657824422766 -29.623382712775143 -29.86437379775107 -31.663531971682374 -30.015358415541332 -30.35575912553986 -29.344646626979856 -29.745981552965084 -30.924786851281034 -28.95411915853275 -30.124958748439834 -29.60111040523861 -27.61399472070074 -28.249984851165983 -27.03189812544538 -29.83193643320016
29.278557114228455 -30.307294805097698 -29.342584709203514 -29.76260554012441 -29.946215577638835 -28.796568818990576 -29.024399584541385 -30.401388339597048 -32.024790989352816 -33.62940979979257 -33.22704535437674 -33.87797425390824 -30.032153305371196 -30.404907780696625 -29.64143023189732 -29.882481422103268 -31.68187510511884 -30.03351662266304 -30.373982651059652 -29.36271076935114 -29.764100625887977 -30.94313430957433 -28.97214260773776 -30.1431436563335 -29.61921032448558 -27.631920980693746 -28.267949353598496 -27.049797149043716 -29.850093855936546
29.338677354709418 -30.32549532502829 -29.360638311009613 -29.780715229840222 -29.964366962545235 -28.814567256797403 -29.04241932766645 -30.41962832421933 -32.04314446268025 -33.648076215490605 -33.24565335704283 -33.89675289777504 -30.05030263264881 -30.42314634834098 -29.659468829845743 -29.900579395237738 -31.70020570617058 -30.05166456222488 -30.392195111622886 -29.380765788761583 -29.78220990805161 -30.961469182139307 -28.990157427608967 -30.161317971755217 -29.6373006863994 -27.64983978637211 -28.28590594003039 -27.06768904662004 -29.868241023957847
29.39879759519038 -30.34368476393764 -29.37868262412847 -29.79881494798917 -29.982507869215222 -28.832557075842615 -29.060430193486493 -30.437856743849647 -32.061484975424555 -33.666725787300095 -33.26424525207583 -33.915513294166004 -30.068441504443044 -30.44137336852199 -29.67749832152559 -29.918667539764787 -31.718523628379575 -30.069802063391982 -30.41039634491245 -29.398811502243056 -29.800309223551515 -30.979791323101704 -29.008163429984357 -30.17948152731382 -29.6553813125918 -27.66775093731002 -28.303854414837613 -27.085573614347492 -29.886377766206724
29.458917835671343 -30.361863475796387 -29.396717978040208 -29.816905033352104 -30.0006386433067 -28.850538596519932 -29.07843250589762 -30.45607395912783 -32.07981290754056 -33.685358949684776 -33.28282146334219 -33.93425589747903 -30.08657026615512 -30.459589201634433 -29.69551903393817 -29.93674619251116 -31.736829247791054 -30.08792947132848 -30.428586706910306 -29.416848239510163 -29.81839891110308 -30.998101109242278 -29.02616093794837 -30.197634672558333 -29.6734525386195 -27.685654740893867 -28.321795091560293 -27.103451155247896 -29.90450442760073
29.519038076152302 -30.38003090020453 -29.414743797608942 -29.834984916370964 -30.01875871937221 -28.868511238267036 -29.096425686426528 -30.474279413700806 -32.09812771444591 -33.703975191739275 -33.30138147323826 -33.95298020926342 -30.104688352215458 -30.477793291174503 -29.713530390464335 -29.954814782742744 -31.755122017433905 -30.106046220319836 -30.446765638434528 -29.434875425567313 -29.8364784011099 -31.016397994041256 -29.04414937254268 -30.215776844408406 -29.691513792983688 -27.703550608834885 -28.339727385558344 -27.12132107845164 -29.922620442232972
29.579158316633265 -30.3981875618355 -29.43276058172099 -29.853055105730455 -30.036868613345646 -28.886475490391064 -29.11441022807347 -30.492473639254538 -32.11642994812132 -33.72257512258713 -33.31992587982306 -33.9716868595009 -30.122796278278205 -30.495986168571058 -29.731532887377956 -29.97287381708687 -31.77340248518271 -30.124152825771194 -30.464933666274092 -29.452893559547935 -29.85454820218747 -31.034682526145083 -29.062129225911928 -30.23390856288758 -29.709565580974555 -27.721439016715422 -28.3576517789092 -27.139183854932472 -29.94072632526196
29.639278557114228 -30.416333800112945 -29.45076864633176 -29.871115926300416 -30.054968656690093 -28.904431660135845 -29.132386441440445 -30.510656981599784 -32.13471997287028 -33.741159158671344 -33.33845508942112 -33.990376283687986 -30.14089437555673 -30.51416817940048 -29.74952683825813 -29.9909236185409 -31.791671011598474 -30.142249618668867 -30.483091131779165 -29.470902957632124 -29.872608639142832 -31.05295506681861 -29.080100807879923 -30.252030163184802 -29.727608224372517 -27.739320259304062 -28.37556857228419 -27.15703977527166 -29.95882240744292
29.69939879759519 -30.434469083909157 -29.46876744581168 -29.889166837943506 -30.07305831331811 -28.922379196525085 -29.15035377760992 -30.528828913585972 -32.15299727310196 -33.75972681740263 -33.35696861290463 -34.00904801141932 -30.158982107837932 -30.53233879636432 -29.767511696014346 -30.008963645810198 -31.80992707874535 -30.16033606265754 -30.501237505019496 -29.488903074328565 -29.890659171800706 -31.071215098568725 -29.098063569051327 -30.270141111537754 -29.745641181130473 -27.757193778004755 -28.393477210686626 -27.174888278326033 -29.976908152238675
29.75951903807615 -30.45259365009306 -29.48675719498082 -29.907208063854682 -30.091137812618758 -28.940318306194968 -29.168312446372795 -30.54698967808345 -32.17126210906393 -33.778278408032385 -33.37546675001318 -34.02770236985719 -30.177059704276676 -30.550498262112672 -29.785487673234236 -30.02699412033054 -31.828170943354063 -30.178412386678822 -30.519373024674152 -29.506894124668452 -29.908700023297055 -31.08946287878755 -29.116017718485967 -30.288241640836375 -29.76366467154083 -27.775059767734916 -28.411377894578642 -27.192729555079925 -29.994983788373055
29.819639278557112 -30.47070783818132 -29.50473821063259 -29.92523992946106 -30.10920748640661 -28.958249297498924 -29.18626275933633 -30.56513962078909 -32.18951484434045 -33.79681434452227 -33.39394990495199 -34.04633979135648 -30.195127496441618 -30.568646922115818 -29.8034550844094 -30.045015365716107 -31.846402965389597 -30.1964789220818 -30.53749803212421 -29.524876425662843 -29.926731518998047 -31.107698768120464 -29.133963567037284 -30.30633208649954 -29.781679018039497 -27.792918524756566 -28.42927092594417 -27.2105638977354 -30.013049646977112
29.879759519038075 -30.48881175080462 -29.52271057528847 -29.943262524920886 -30.127267430487166 -28.976172245497605 -29.204204794437008 -30.58327884980961 -32.20775560289791 -33.815334795598204 -33.41241823774862 -34.06496046101367 -30.213185579926975 -30.5867848842793 -29.821414010025908 -30.06302747052071 -31.864623265608103 -30.214535764265996 -30.555612631651847 -29.54285006002573 -29.94475374900823 -31.12592288792749 -29.151901191975256 -30.32441254752749 -29.799684308137522 -27.81077011345008 -28.447156374216416 -27.22839136708918 -30.031105823248687
29.939879759519037 -30.50690538460845 -29.54067426672493 -29.961275835175005 -30.145317635098205 -28.994087120969976 -29.222138525150765 -30.601407366931507 -32.2259844014161 -33.83383982000833 -33.430871798964574 -34.083564452974194 -30.23123394477467 -30.604912150200597 -29.839364425951047 -30.081030418179655 -31.882831857674258 -30.232582903090513 -30.573716821452823 -29.560815005714165 -29.96276669821807 -31.144135252440623 -29.169830566150736 -30.342483017157686 -29.81768052429164 -27.828614494580656 -28.465034204897552 -27.24621192054728 -30.049152306854268
30.0 -30.524988376376907 -29.55862890639347 -29.97927948748991 -30.163357731800637 -29.011993539696288 -29.240063569442754 -30.619524813128553 -32.24420089302427 -33.852329105382246 -33.44931026946225 -34.102151467545404 -30.249272222398027 -30.623028360698704 -29.85730595208792 -30.099023834736027 -31.901028392254187 -30.250619969819287 -30.59181023957379 -29.578770884326087 -29.980769993853542 -31.162335512790147 -29.18775130702217 -30.360543129397737 -29.835667291749637 -27.846451275827576 -28.482904029496563 -27.264025163075743 -30.067188728885608
