web/models/mosfit_kne/mosfit_kn_1.0000/mosfit_kn_0.117276_0.3433_1.0000.dat
# %ECSV 1.0
# ---
# datatype:
# - {name: time, datatype: float64}
# - {name: PS1_g, datatype: float64}
# - {name: PS1_i, datatype: float64}
# - {name: PS1_r, datatype: float64}
# - {name: PS1_w, datatype: float64}
# - {name: PS1_y, datatype: float64}
# - {name: PS1_z, datatype: float64}
# - {name: swift_uvot_B, datatype: float64}
# - {name: swift_uvot_U, datatype: float64}
# - {name: swift_uvot_uvm2, datatype: float64}
# - {name: swift_uvot_uvw1, datatype: float64}
# - {name: swift_uvot_uvw2, datatype: float64}
# - {name: swift_uvot_V, datatype: float64}
# - {name: johnson_B, datatype: float64}
# - {name: johnson_I, datatype: float64}
# - {name: johnson_R, datatype: float64}
# - {name: johnson_U, datatype: float64}
# - {name: johnson_V, datatype: float64}
# - {name: sdss_g, datatype: float64}
# - {name: sdss_i, datatype: float64}
# - {name: sdss_r, datatype: float64}
# - {name: sdss_u, datatype: float64}
# - {name: sdss_z, datatype: float64}
# - {name: ATLAS_c, datatype: float64}
# - {name: ATLAS_o, datatype: float64}
# - {name: ukirt_H, datatype: float64}
# - {name: ukirt_J, datatype: float64}
# - {name: ukirt_K, datatype: float64}
# - {name: Clear, datatype: float64}
# meta: !!omap
# - comment: [kappa = 1.0, type = rprocess, mass = 0.11727632184323686, velocity = 0.3433333333333334, theta_obs = 0.0, tfloor = 1000.0]
# schema: astropy-2.0
time PS1_g PS1_i PS1_r PS1_w PS1_y PS1_z swift_uvot_B swift_uvot_U swift_uvot_uvm2 swift_uvot_uvw1 swift_uvot_uvw2 swift_uvot_V johnson_B johnson_I johnson_R johnson_U johnson_V sdss_g sdss_i sdss_r sdss_u sdss_z ATLAS_c ATLAS_o ukirt_H ukirt_J ukirt_K Clear
[from data line 404]
24.34869739478958 7.299962264311333 -1.5818665488879446 1.8932042291499052 -0.07471958235408138 -5.105056597413196 -3.687380632566075 10.83986884087582 17.49881293877074 31.38740824279991 13.46439547084529 15.977411977324941 5.259478957182135 9.63593152390963 -3.1353798553098953 -0.16534708858489533 16.467811759518998 4.304456622013382 8.112502365625787 -1.5006105967749583 2.1216928886463293 17.999918468945566 -4.260808244588059 3.8722807988925467 -0.5801317257172478 -10.05404397532869 -7.904554679839 -11.414332655801863 -2.36061362611542
24.40881763527054 7.305745218035025 -1.5760835951642527 1.8989871828735794 -0.06893662863040717 -5.099273643689521 -3.681597678842383 10.845651794599512 17.504595892494414 31.393191196523592 13.470178424568982 15.983194931048633 5.265261910905809 9.641714477633322 -3.1295969015862033 -0.15956413486122112 16.473594713242672 4.310239575737056 8.11828531934946 -1.4948276430512664 2.1274758423700213 18.00570142266924 -4.255025290864385 3.878063752616221 -0.5743487719935558 -10.048261021605017 -7.898771726115326 -11.408549702078188 -2.3548306723917456
24.468937875751504 7.311514279395741 -1.5703145338035362 1.9047562442342958 -0.06316756726967299 -5.093504582328805 -3.675828617481667 10.851420855960228 17.51036495385515 31.39896025788431 13.475947485929698 15.98896399240935 5.271030972266526 9.647483538994038 -3.123827840225487 -0.15379507350048693 16.47936377460339 4.316008637097773 8.124054380710195 -1.48905858169055 2.1332449037307377 18.011470484029974 -4.249256229503668 3.883832813976955 -0.5685797106328394 -10.0424919602443 -7.89300266475461 -11.402780640717472 -2.349061611031029
24.529058116232463 7.317269524017522 -1.5645592891817728 1.910511488856077 -0.05741232264790952 -5.087749337707024 -3.6700733728599033 10.857176100581992 17.516120198476912 31.404715502506082 13.481702730551461 15.994719237031113 5.276786216888307 9.653238783615802 -3.1180725956037234 -0.14803982887872347 16.48511901922517 4.321763881719554 8.129809625331959 -1.4833033370687687 2.139000148352501 18.017225728651738 -4.243500984881887 3.8895880585987186 -0.5628244660110582 -10.036736715622519 -7.887247420132828 -11.39702539609569 -2.343306366409248
24.589178356713425 7.323011024098278 -1.5588177891010169 1.916252988936833 -0.05167082256715361 -5.082007837626268 -3.6643318727791474 10.862917600662747 17.521861698557668 31.410457002586842 13.487444230632235 16.000460737111887 5.282527716969063 9.658980283696557 -3.1123310955229675 -0.14229832879796755 16.490860519305926 4.32750538180031 8.135551125412714 -1.4775618369880128 2.144741648433275 18.022967228732494 -4.237759484801131 3.8953295586794745 -0.5570829659303023 -10.030995215541763 -7.8815059200520725 -11.391283896014935 -2.337564866328492
24.649298597194388 7.328738843228724 -1.5530899699705714 1.9219808080672784 -0.045943003436708096 -5.076280018495822 -3.658604053648702 10.86864541979321 17.527589517688114 31.41618482171729 13.49317204976268 16.006188556242332 5.288255536099508 9.664708102827003 -3.106603276392504 -0.13657050966752204 16.49658833843637 4.3332332009307555 8.14127894454316 -1.4718340178575673 2.1504694675637204 18.02869504786294 -4.232031665670686 3.90105737780992 -0.5513551467998568 -10.025267396411317 -7.875778100921627 -11.38555607688449 -2.3318370471980465
24.70941883767535 7.334453057033574 -1.547375756165703 1.9276950218721467 -0.040228789631839845 -5.070565804690954 -3.6528898398438336 10.874359633598061 17.533303731492982 31.42189903552215 13.498886263567531 16.011902770047183 5.293969749904359 9.670422316631871 -3.1008890625876537 -0.1308562958626538 16.50230255224124 4.338947414735624 8.146993158348028 -1.4661198040527168 2.156183681368571 18.034409261667808 -4.226317451865835 3.9067715916147883 -0.5456409329950063 -10.01955318260645 -7.870063887116759 -11.379841863079639 -2.326122833393196
24.769539078156313 7.340153741064039 -1.541675072135238 1.9333957059025941 -0.03452810560137465 -5.064865120660507 -3.6471891558133684 10.880060317628526 17.539004415523447 31.427599719552614 13.504586947597996 16.017603454077648 5.299670433934824 9.676123000662336 -3.0951883785571885 -0.1251556118321886 16.508003236271687 4.344648098766071 8.152693842378493 -1.4604191200222516 2.161884365399036 18.040109945698273 -4.22061676783537 3.9124722756452535 -0.5399402489645411 -10.013852498576002 -7.864363203086311 -11.374141179049174 -2.320422149362731
24.829659318637272 7.345840959279375 -1.5359878539199023 1.9390829241179297 -0.02884088738603907 -5.059177902445171 -3.641501937598033 10.885747535843862 17.544691633738783 31.43328693776795 13.510274165813332 16.023290672292983 5.3053576521501595 9.681810218877672 -3.089501160341853 -0.11946839361685302 16.513690454487023 4.3503353169814245 8.158381060593829 -1.454731901806916 2.1675715836143716 18.04579716391361 -4.2149295496200345 3.918159493860589 -0.5342530307492055 -10.008165280360648 -7.858675984870976 -11.368453960833838 -2.3147349311473953
24.889779559118235 7.3515147728809715 -1.5303140403183058 1.9447567377195263 -0.023167073784460257 -5.0535040888435745 -3.6358281239964363 10.891421349445459 17.55036544734036 31.43896075136954 13.515947979414928 16.02896448589458 5.311031465751756 9.687484032479269 -3.0838273467402564 -0.11379458001525644 16.51936426808862 4.356009130583003 8.164054874195408 -1.4490580882053195 2.173245397215968 18.051470977515187 -4.209255736018438 3.923833307462168 -0.5285792171476089 -10.00249146675907 -7.853002171269379 -11.362780147232241 -2.3090611175457987
24.949899799599198 7.357175255322339 -1.524653557876956 1.9504172201608938 -0.017506591343092737 -5.047843606402207 -3.6301676415550865 10.897081831886808 17.55602592978173 31.44462123381091 13.521608461856296 16.03462496833593 5.316691948193124 9.693144514920618 -3.0781668642989066 -0.10813409757390668 16.525024750529987 4.361669613024371 8.169715356636775 -1.443397605763952 2.178905879657318 18.057131459956555 -4.20359525357707 3.9294937899035354 -0.5229187347062414 -9.996830984317702 -7.847341688828012 -11.357119664790874 -2.303400635104431
25.01002004008016 7.362822480319 -1.519006332880295 1.9560644451575548 -0.011859366346431699 -5.042196381405546 -3.6245204165584255 10.90272905688347 17.56167315477839 31.45026845880756 13.52725568685294 16.04027219333259 5.322339173189785 9.69879173991728 -3.0725196393022456 -0.10248687257724565 16.530671975526648 4.367316838021032 8.175362581633436 -1.437750380767291 2.184553104653979 18.062778684953216 -4.197948028580409 3.9351410149001964 -0.5172715097095804 -9.991183759321041 -7.841694463831351 -11.351472439794213 -2.29775341010777
25.07014028056112 7.368456500351286 -1.5133723128479915 1.9616984651898584 -0.006225346314128188 -5.03656236137326 -3.618886396526122 10.908363076915773 17.567307174810693 31.455902478839864 13.532889706885243 16.045906213364894 5.32797319322207 9.704425759949583 -3.066885619269942 -0.09685285254494214 16.53630599555895 4.372950858053335 8.18099660166574 -1.4321163607350051 2.1901871246862825 18.06841270498552 -4.192314008548124 3.9407750349325 -0.5116374896772946 -9.985549739288738 -7.836060443799047 -11.345838419761927 -2.2921193900754844
25.130260521042082 7.374077390193179 -1.5077514230060984 1.9673193550317336 -0.0006044564722529344 -5.030941471531367 -3.613265506684229 10.913983966757666 17.57292806465257 31.461523368681743 13.538510596727136 16.051527103206787 5.333594083063963 9.710046649791476 -3.061264729428049 -0.09123196270304912 16.541926885400827 4.378571747895211 8.186617491507615 -1.4264954708931121 2.1958080145281755 18.074033594827394 -4.186693118706231 3.946395924774375 -0.5060165998354016 -9.979928849446862 -7.830439553957172 -11.340217529920034 -2.2864985002335914
25.190380761523045 7.379685223037278 -1.5021435901619995 1.9729271878758325 0.005003376371863766 -5.025333638687268 -3.60765767384013 10.919591799601765 17.578535897496685 31.467131201525856 13.544118429571235 16.057134936050886 5.339201915908062 9.715654482635575 -3.05565689658395 -0.08562412985895018 16.547534718244926 4.38417958073931 8.192225324351732 -1.4208876380490132 2.2014158473722745 18.07964142767151 -4.181085285862132 3.952003757618492 -0.5004087669913027 -9.974321016602763 -7.824831721113073 -11.334609697075935 -2.2808906673894924
25.250501002004007 7.385280461339878 -1.496548351859417 1.9785224261784329 0.010598614674446338 -5.019738400384668 -3.6020624355375475 10.925187037904347 17.584131135799268 31.47272643982844 13.549713667873817 16.06273017435347 5.344797154210663 9.721249720938157 -3.0500616582813675 -0.08002889155636761 16.553129956547526 4.38977481904191 8.197820562654314 -1.4152923997464129 2.207011085674857 18.085236665974094 -4.175490047559531 3.9575989959210744 -0.4948135286887023 -9.968725778300163 -7.819236482810473 -11.329014458773335 -2.275295429086892
25.31062124248497 7.390862288724236 -1.4909665244750414 1.9841042535627906 0.016180442058821853 -5.01415657300031 -3.596480608153172 10.930768865288723 17.589712963183644 31.4783082672128 13.555295495258193 16.068312001737844 5.3503789815950205 9.726831548322533 -3.044479830896992 -0.0744470641719921 16.558711783931884 4.395356646426268 8.203402390038672 -1.409710572362055 2.2125929130592326 18.09081849335847 -4.169908220175174 3.96318082330545 -0.48923170130434457 -9.963143950915805 -7.813654655426115 -11.323432631388977 -2.2697136017025343
25.37074148296593 7.396431260739895 -1.4853975524593999 1.98967322557845 0.021749414074463402 -5.008587600984651 -3.5909116361375304 10.936337837304382 17.595281935199285 31.483877239228466 13.560864467273852 16.073880973753504 5.35594795361068 9.732400520338174 -3.0389108588813327 -0.06887809215635055 16.564280755947543 4.400925618441927 8.208971362054331 -1.4041416003463958 2.218161885074892 18.09638746537411 -4.164339248159514 3.9687497953210915 -0.48366272928868526 -9.957574978900146 -7.8080856834104555 -11.317863659373318 -2.264144629686875
25.430861723446892 7.40198744049847 -1.4798413727008075 1.9952294053370245 0.027305593833055752 -5.003031421226076 -3.585355456378938 10.941894017062957 17.600838114957877 31.489433418987037 13.566420647032427 16.079437153512078 5.361504133369254 9.737956700096767 -3.033354679122758 -0.0633219123977582 16.569836935706117 4.406481798200502 8.214527541812906 -1.3985854205878212 2.2237180648334665 18.101943645132703 -4.15878306840094 3.974305975079684 -0.47810654953011067 -9.952018799141571 -7.802529503651881 -11.312307479614743 -2.2585884499283004
25.490981963927855 7.407530890406111 -1.4742979227931663 2.0007728552446657 0.03284904374069697 -4.997487971318435 -3.579812006471297 10.947437466970598 17.60638156486552 31.494976868894685 13.571964096940068 16.08498060341972 5.367047583276896 9.743500150004408 -3.027811229215117 -0.05777846249011698 16.57538038561376 4.412025248108143 8.220070991720565 -1.39304197068018 2.2292615147411077 18.107487095040344 -4.1532396184932985 3.979849424987325 -0.47256309962246945 -9.94647534923393 -7.79698605374424 -11.306764029707102 -2.253045000020659
25.551102204408817 7.413061667006904 -1.4687671461923735 2.0063036318454763 0.03837982034148979 -4.9919571947176244 -3.574281229870504 10.95296824357139 17.61191234146631 31.500507645495478 13.57749487354086 16.090511380020512 5.372578359877706 9.7490309266052 -3.022280452614324 -0.05224768588932416 16.58091116221457 4.417556024708953 8.225601768321358 -1.3875111940793694 2.2347922913419005 18.113017871641137 -4.147708841892488 3.985380201588118 -0.46703232302167663 -9.94094457263312 -7.791455277143429 -11.301233253106291 -2.2475142234198486
25.61122244488978 7.4185798355484245 -1.4632489776508528 2.011821800386997 0.04389798888301044 -4.986439026176104 -3.5687630613289834 10.958486412112912 17.617430510007832 31.506025814037 13.583013042082381 16.096029548562033 5.378096528419227 9.754549095146722 -3.0167622840728034 -0.046729517347803506 16.58642933075609 4.423074193250474 8.231119936862878 -1.3819930255378488 2.240310459883421 18.118536040182658 -4.142190673350967 3.9908983701296386 -0.461514154480156 -9.935426404091599 -7.7859371086019085 -11.29571508456477 -2.241996054878328
25.67134268537074 7.424085466147705 -1.45774334705159 2.01732743098626 0.04940361948227334 -4.980933395576841 -3.5632574307297205 10.963992042712174 17.622936140607095 31.511531444636272 13.588518672681662 16.101535179161296 5.38360215901849 9.760054725745984 -3.0112566534735405 -0.041223886748540606 16.591934961355353 4.428579823849737 8.236625567462141 -1.3764873949385859 2.245816090482702 18.12404167078192 -4.136685042751704 3.9964040007289015 -0.4560085238808753 -9.929920773492336 -7.780431478002646 -11.290209453965508 -2.236490424279065
25.7314629258517 7.429578611230152 -1.4522502019691252 2.0228205760687246 0.05489676456473802 -4.975440250494376 -3.5577642856472558 10.969485187794639 17.62842928568956 31.517024589718726 13.594011817764109 16.10702832424376 5.389095304100954 9.765547870828449 -3.005763508391076 -0.03573074166607593 16.597428106437818 4.434072968932202 8.242118712544606 -1.370994249856139 2.2513092355651487 18.129534815864385 -4.131191897669257 4.001897145811366 -0.4505153787984284 -9.924427628409871 -7.774938332920181 -11.28471630888306 -2.2309972791966004
25.791583166332664 7.435059329505442 -1.4467694836938527 2.028301294343997 0.06037748284001054 -4.969959532219104 -3.5522835673719833 10.974965906069912 17.633910003964832 31.522505307994 13.599492536039381 16.112509042519033 5.394576022376227 9.771028589103722 -3.0002827901158033 -0.030250023390803404 16.60290882471309 4.439553687207474 8.247599430819879 -1.3655135315808486 2.2567899538404212 18.135015534139658 -4.125711179393967 4.007377864086639 -0.4450346605231381 -9.918946910134599 -7.769457614644908 -11.27923559060777 -2.225516560921328
25.851703406813627 7.440527685315885 -1.441301127883392 2.03376965015444 0.06584583865047122 -4.964491176408661 -3.5468152115615226 10.980434261880372 17.639378359775293 31.52797366380445 13.604960891849842 16.117977398329494 5.40004437818667 9.776496944914182 -2.9948144343053427 -0.024781667580342726 16.608377180523533 4.445022043017917 8.25306778663034 -1.3600451757704057 2.262258309650882 18.14048388995012 -4.120242823583524 4.012846219897099 -0.4395663047126952 -9.913478554324156 -7.7639892588344654 -11.273767234797328 -2.220048205110885
25.91182364729459 7.445983742826652 -1.4358450703726255 2.0392257076652243 0.07130189616123772 -4.9590351188978765 -3.541359154050756 10.985890319391139 17.64483441728606 31.533429721315226 13.610416949360609 16.12343345584026 5.405500435697454 9.781953002424949 -2.989358376794576 -0.019325610069576227 16.613833238034317 4.450478100528701 8.258523844141106 -1.3545891182596392 2.2677143671616484 18.145939947460885 -4.114786766072758 4.018302277407866 -0.4341102472019287 -9.908022496813372 -7.758533201323681 -11.268311177286561 -2.2145921476001007
25.97194388777555 7.451427549812859 -1.4304012633864183 2.0446695146514138 0.07674570314742724 -4.953591311911687 -3.535915347064549 10.991334126377346 17.65027822427225 31.538873528301426 13.615860756346816 16.128877262826467 5.410944242683644 9.787396809411138 -2.983914569808369 -0.013881803083386712 16.619277045020507 4.455921907514891 8.263967651127295 -1.349145311273432 2.2731581741478557 18.151383754447075 -4.1093429590865505 4.023746084394055 -0.4286664402157214 -9.902578689827182 -7.753089394337492 -11.262867370300354 -2.209148340613911
