web/models/mosfit_kne/mosfit_kn_1.0000/mosfit_kn_0.330399_0.1553_1.0000.dat
# %ECSV 1.0
# ---
# datatype:
# - {name: time, datatype: float64}
# - {name: PS1_g, datatype: float64}
# - {name: PS1_i, datatype: float64}
# - {name: PS1_r, datatype: float64}
# - {name: PS1_w, datatype: float64}
# - {name: PS1_y, datatype: float64}
# - {name: PS1_z, datatype: float64}
# - {name: swift_uvot_B, datatype: float64}
# - {name: swift_uvot_U, datatype: float64}
# - {name: swift_uvot_uvm2, datatype: float64}
# - {name: swift_uvot_uvw1, datatype: float64}
# - {name: swift_uvot_uvw2, datatype: float64}
# - {name: swift_uvot_V, datatype: float64}
# - {name: johnson_B, datatype: float64}
# - {name: johnson_I, datatype: float64}
# - {name: johnson_R, datatype: float64}
# - {name: johnson_U, datatype: float64}
# - {name: johnson_V, datatype: float64}
# - {name: sdss_g, datatype: float64}
# - {name: sdss_i, datatype: float64}
# - {name: sdss_r, datatype: float64}
# - {name: sdss_u, datatype: float64}
# - {name: sdss_z, datatype: float64}
# - {name: ATLAS_c, datatype: float64}
# - {name: ATLAS_o, datatype: float64}
# - {name: ukirt_H, datatype: float64}
# - {name: ukirt_J, datatype: float64}
# - {name: ukirt_K, datatype: float64}
# - {name: Clear, datatype: float64}
# meta: !!omap
# - comment: [kappa = 1.0, type = rprocess, mass = 0.33039895931513485, velocity = 0.15533333333333332, theta_obs = 0.0, tfloor = 1000.0]
# schema: astropy-2.0
time PS1_g PS1_i PS1_r PS1_w PS1_y PS1_z swift_uvot_B swift_uvot_U swift_uvot_uvm2 swift_uvot_uvw1 swift_uvot_uvw2 swift_uvot_V johnson_B johnson_I johnson_R johnson_U johnson_V sdss_g sdss_i sdss_r sdss_u sdss_z ATLAS_c ATLAS_o ukirt_H ukirt_J ukirt_K Clear
[from data line 394]
23.74749498997996 -18.35672681972481 -19.725568698009024 -19.256669805905613 -19.170281732362646 -20.03124181562633 -19.93246926536873 -17.71704151333947 -17.403832569022057 -13.908914148098436 -15.65601962513771 -13.809037429170811 -18.833931379024264 -17.785401148701204 -20.266004221634077 -19.6001380007061 -17.42636124895733 -18.889384206756926 -18.22011458517821 -19.72287900755438 -19.251538516073463 -16.581385416237282 -19.96353675525791 -18.74422828951742 -19.486919412711625 -20.014706597280846 -20.12586251162647 -19.785913566240257 -19.315476785458152
23.80761523046092 -18.37557615250404 -19.73985978861597 -19.272759887829682 -19.186135943038476 -20.04374250001531 -19.94566693410908 -17.7374371156738 -17.427883145621443 -13.941577385116556 -15.68269306634324 -13.837321690369912 -18.851499452193245 -17.805570104393386 -20.279777167160315 -19.61568723684141 -17.449788036323454 -18.90677126609505 -18.239364145239048 -19.737218257456117 -19.26767177213355 -16.6050741121653 -19.976539108040985 -18.76174979703988 -19.502109502523677 -20.024743580377656 -20.137015472397835 -19.795210196458438 -19.33053241983666
23.867735470941884 -18.394430491119227 -19.75414951622815 -19.288850922499403 -19.201993356934093 -20.05623985063675 -19.958861977807683 -17.75783945928473 -17.451945675147353 -13.974267621387483 -15.709395711292107 -13.865649663620093 -18.869070062155224 -17.825745951575986 -20.293548214966705 -19.631237156570524 -17.473225669870864 -18.924160945842395 -18.25861925142494 -19.751556198913516 -19.283805912644283 -16.628773801919152 -19.98953871648352 -18.779275441836152 -19.51730000319735 -20.034775034876105 -20.14816388322693 -19.80450067413201 -19.34559123243753
23.927855711422843 -18.4132886132711 -19.76843710380173 -19.30494195573548 -19.217853056476226 -20.068733268377468 -19.972053727874766 -17.778247169279393 -17.476018428620446 -14.006982304988508 -15.736125609752332 -13.89401932068552 -18.886642108406903 -17.84592733885678 -20.307316639572452 -19.646786860066776 -17.496672479934958 -18.94155216425769 -18.27787864236477 -19.765892050098195 -19.29993997872849 -16.652482789474856 -20.002534931656566 -18.796804135385283 -19.532490051273523 -20.044800607809826 -20.159307279739274 -19.813784720037862 -19.36065238944508
23.987975951903806 -18.432149955240273 -19.782722208028893 -19.321032555869664 -19.233714634442425 -20.081222499438045 -19.98524189546913 -17.798659605711357 -17.500100592306023 -14.03972022354463 -15.76288185299962 -13.9224297517057 -18.904215085962736 -17.866113638507194 -20.321082123635456 -19.662335943229554 -17.520127681368518 -18.958944426115135 -18.297141735014737 -19.78022546529589 -19.316073536177445 -16.676200276292832 -20.01552747471223 -18.814335382037246 -19.547679261256672 -20.054820169729513 -20.170445476252663 -19.823062241858246 -19.37571552778195
24.04809619238477 -18.45101443751192 -19.79700480447546 -19.337122675357605 -19.24957805913616 -20.09370754394549 -19.99842647096143 -17.819076668937363 -17.52419202537009 -14.072481150000694 -15.789664299778963 -13.950880872413126 -18.92178892758069 -17.886304754865424 -20.334844649890186 -19.67788436644976 -17.543591139298133 -18.976337667356727 -18.31640844505385 -19.794556419412856 -19.332206536475933 -16.69992612361371 -20.028516338925684 -18.83186912215841 -19.562867599112224 -20.064833755715675 -20.181578492110823 -19.832333284936535 -19.39078063091454
24.10821643286573 -18.469881711591132 -19.811284691386657 -19.35321205318445 -19.265443089756662 -20.10618826063176 -20.011607289351492 -17.83949795931011 -17.548292213493415 -14.105264310270535 -15.816472380298698 -13.979372135715455 -18.939363322902036 -17.906500296747495 -20.3486040341416 -19.69343188744527 -17.56706235793753 -18.993731584393934 -18.33567841113739 -19.808884709068106 -19.34833871679034 -16.723659826533712 -20.041501366104626 -18.849405053681565 -19.578054835320717 -20.074841308797332 -20.192706232259212 -19.841597817383484 -19.405847489104726
24.168336673346694 -18.488752127652752 -19.82556212718956 -19.36930098259216 -19.28131002800047 -20.118664874856993 -20.024784588674738 -17.85992385666462 -17.5724016131233 -14.138070352413216 -15.843306635475898 -14.0079041921684 -18.95693859304916 -17.926700640690626 -20.36236052530943 -19.70897878999556 -17.59054177957146 -19.011126495719687 -18.354951991527546 -19.823210593579255 -19.364470370775297 -16.747401831877404 -20.05448279090599 -18.866943503948637 -19.593241247685018 -20.084843009995247 -20.20382889790186 -19.85085600664975 -19.420916393576704
24.228456913827653 -18.50762551522747 -19.839837027198737 -19.385389343679904 -19.29717877109395 -20.131137338495222 -20.037958306388557 -17.88035416006042 -17.59651995758908 -14.170898865413072 -15.870166777934216 -14.036476798739915 -18.9745145885371 -17.946905591183512 -20.376114049343094 -19.724524965697984 -17.61402914770307 -19.028522256198187 -18.374229008259828 -19.837533987278153 -19.38060137728824 -16.771151877533583 -20.06746055498331 -18.88448433116629 -19.60842673576776 -20.094838862534644 -20.214946469107566 -19.860107871134854 -19.435987261970578
24.288577154308616 -18.526501102337427 -19.854108910324086 -19.401476539279905 -19.31304874845223 -20.143605287339632 -20.051128032627616 -17.900787997668665 -17.620646144851193 -14.203748214076825 -15.89705156055171 -14.065088674531662 -18.99209061632843 -17.967114291809544 -20.38986415901678 -19.7400698529954 -17.63752339863534 -19.04591818513175 -18.39350866386221 -19.85185440593069 -19.396731136035825 -16.794908882506476 -20.080434261385545 -18.902026851328806 -19.62361076203404 -20.104828663843396 -20.226058670201645 -19.86935325656251 -19.45105957955951
24.34869739478958 -18.545378011637386 -19.86837722592961 -19.41756188860179 -19.32891930688914 -20.156068301536436 -20.06429329648869 -17.92122438028428 -17.64477892676256 -14.236616548528755 -15.923959564866976 -14.093738350542932 -19.009665888305573 -17.987325770401398 -20.403610341569333 -19.75561281079661 -17.66102332753694 -19.06331350805363 -18.412790052357373 -19.866171295382387 -19.412858962805313 -16.818671622680466 -20.093403453607728 -18.9195702851719 -19.638792712162925 -20.114812174647568 -20.237165180232672 -19.878591977633203 -19.46613275494009
24.40881763527054 -18.56425611254128 -19.88264191525424 -19.433645303259137 -19.34479037323964 -20.16852635315873 -20.077454057886985 -17.941663151798732 -17.668918092712413 -14.269503539054366 -15.95089056054892 -14.122425639685762 -19.027240291253353 -18.007539875353377 -20.41735254720007 -19.77115376031688 -17.68452873215309 -19.08070811537845 -18.432073036902352 -19.88048459604263 -19.42898476816337 -16.84243989109664 -20.106368095088047 -18.937114526240553 -19.653972514128668 -20.12478941021049 -20.24826599501683 -19.887824062305782 -19.481206732417693
24.468937875751504 -18.583134971870177 -19.896902720065235 -19.449726454755076 -19.360661638747363 -20.180979255144127 -20.0906101019193 -17.962103818669252 -17.693063011961065 -14.302408240093406 -15.977843833276903 -14.151149830399707 -19.04481343856392 -18.027756122600497 -20.431090538298406 -19.786692394738107 -17.70803900428182 -19.098101628113998 -18.451357169014138 -19.894794047763522 -19.44510822163121 -16.866213068994984 -20.119327978814923 -18.95465919520646 -19.66914987592407 -20.134760281987877 -20.25936098150746 -19.897049451343577 -19.49628123842791
24.529058116232463 -18.60201461211462 -19.91115968224248 -19.465805376038325 -19.37653314878869 -20.193427059594722 -20.1037614765578 -17.982546395677137 -17.71721368688599 -14.335330634072537 -16.004819394919174 -14.179910995660098 -19.062385355379938 -18.047974528792924 -20.444824359737474 -19.80222875036243 -17.731554147477564 -19.115494072932822 -18.470642469533658 -19.909099692149645 -19.461229355613696 -16.889991158250766 -20.132283154028716 -18.972204323368196 -19.684324836470797 -20.14472485686198 -20.270450200012657 -19.90626821577901 -19.51135632659886
24.589178356713425 -18.620895217083575 -19.925412949858128 -19.4818822279713 -19.392405074210224 -20.205869903236753 -20.116908322786973 -18.00299107756211 -17.74137034407369 -14.368271032355157 -16.03181751511615 -14.208709487510344 -19.079956212559487 -18.06819528786495 -20.458554156346047 -19.817762984934905 -17.7550743819167 -19.13288562008272 -18.4899291254591 -19.92340167757817 -19.477348330932696 -16.913774380497237 -20.145233760642505 -18.989750087430703 -19.699497551825953 -20.154683256725058 -20.28153377926447 -19.915480472757064 -19.526432166544918
24.649298597194388 -18.63977662968983 -19.93966244628327 -19.497956900919924 -19.408277320516518 -20.218307743558235 -20.130050584675256 -18.023437678897817 -17.76553273676468 -14.401229052493093 -16.058837918580853 -14.237545067754777 -19.097525872950236 -18.088418219202737 -20.472279861396682 -19.833294999325172 -17.77859947040427 -19.150276136300942 -18.50921697269751 -19.937699926501686 -19.493465036856623 -16.937562493394527 -20.1581797465799 -19.00729635671544 -19.714667930249483 -20.16463548660537 -20.29261170288411 -19.924686241287862 -19.541508682533077
24.70941883767535 -18.658657742689595 -19.953907468734062 -19.514028531456145 -19.42414905313207 -20.230740038525088 -20.143187657541777 -18.043884954694988 -17.789699298723338 -14.43420237687253 -16.08587880810239 -14.266415847005675 -19.115093341116378 -18.108642098190874 -20.486000818613157 -19.848823978480088 -17.80212790088448 -19.16766464251221 -18.528504868573776 -19.95199373180988 -19.50957860594274 -16.961353961383097 -20.171120524716937 -19.024842143603404 -19.729835189334697 -20.174581225648446 -20.30368354997579 -19.933885266636185 -19.556585114223886
24.769539078156313 -18.677538050943667 -19.968147711021675 -19.530096733772293 -19.440019905498698 -20.24316656218968 -20.156319284110875 -18.064332331619834 -17.81386930022748 -14.467189913992819 -16.112939346384607 -14.295320973170828 -19.132658165689087 -18.128866361830877 -20.49971674502879 -19.86434956077086 -17.825658969591498 -19.18505069567773 -18.547792290555662 -19.96628278515349 -19.52568865026521 -16.985148068917226 -20.18405584658872 -19.042387003099766 -19.744998983998183 -20.184520358491934 -20.314749155227254 -19.943077466335378 -19.571661133727947
24.829659318637272 -18.69641767557466 -19.982383279499327 -19.546161618814963 -19.45588999846624 -20.25558741755397 -20.169445568560747 -18.084779934826038 -17.838042881519236 -14.500191848236334 -16.140019697697756 -14.324260679287132 -19.150220461037126 -18.14909113528506 -20.513427746050052 -19.879871856278097 -17.84919281331342 -19.202434410226466 -18.567079361127163 -19.980567192974767 -19.541795280593277 -17.008944953144187 -20.196985816126087 -19.05993105485649 -19.760159424178685 -20.194452984017325 -20.325808619520398 -19.95226293771173 -19.58673686384664
24.889779559118235 -18.715296134401758 -19.99661388290047 -19.56222281889799 -19.47175898275388 -20.2680023903471 -20.18256626656754 -18.105227216744677 -17.862219345116692 -14.533207135198904 -16.16711905898562 -14.35323414794523 -19.16777979660192 -18.169315880834972 -20.52713355268705 -19.895390520452835 -17.872728759454397 -19.219815363550477 -18.58636558142539 -19.994846661933714 -19.55789812722168 -17.03274393019015 -20.209910197443737 -19.07747387431911 -19.775316181200093 -20.2043789939613 -20.336861786721308 -19.961441604010798 -19.6018119923807
24.949899799599198 -18.734173503674167 -20.01083959781999 -19.57828040927124 -19.48762694387529 -20.28041155966198 -20.195681456134746 -18.125674252608352 -17.88639876925428 -14.56623586837891 -16.19423752121609 -14.382241531173236 -19.185336246236535 -18.189540674388972 -20.54083424227451 -19.91090562938511 -17.896266884891904 -19.237193630103718 -18.605651027739256 -20.009121268556527 -19.5739972651025 -17.056545076462992 -20.222829068917996 -19.095015540494398 -19.790469332162814 -20.21429847123423 -20.3479087381508 -19.970613548961765 -19.61688660926681
25.01002004008016 -18.75304989866242 -20.025060526481493 -19.594334496081878 -19.50349399772687 -20.292815024996447 -20.20879123770147 -18.146121161190873 -17.9105812864832 -14.599278221198965 -16.22137523807181 -14.411283049133527 -19.202889919003187 -18.209765634757108 -20.554529916266226 -19.926417288501217 -17.919807318965432 -19.25456931903726 -18.62493581655494 -20.02339111513873 -19.590092800204335 -17.080348521589706 -20.23574253079591 -19.112556167568613 -19.80561898246359 -20.22421151198301 -20.358949571614193 -19.979778867375263 -19.631960832554434
25.07014028056112 -18.771924696171336 -20.03927628440616 -19.610384599649908 -19.519359684319895 -20.305212497396532 -20.221895285076954 -18.166567237901774 -17.934766003989804 -14.63233286247274 -16.2485311769783 -14.440357631765885 -19.220440257074404 -18.22999006935309 -20.568220217805912 -19.941925046698287 -17.943349200383746 -19.271941882213174 -18.644219303809813 -20.037655814628774 -19.606184250436467 -17.10415339035965 -20.248650267300068 -19.130095203426993 -19.820764700531104 -20.234117958485328 -20.36998407010417 -19.98893744059465 -19.647034247211277
25.130260521042082 -18.79079705067621 -20.05348634049076 -19.626430063910387 -19.535223369662944 -20.31760357070123 -20.23499314344651 -18.187011530392684 -17.958951720443626 -14.66539800773003 -16.275703945298776 -14.469463814613913 -19.237986501974238 -18.250213041323406 -20.581904651905766 -19.95742828518563 -17.966891369836883 -19.289310573654085 -18.66350061647596 -20.051914832558477 -19.62227095668215 -17.127958505322614 -20.26155183718215 -19.14763189509296 -19.835905892933514 -20.244017575982035 -20.381011921390346 -19.998089084976943 -19.662106276817077
25.190380761523045 -18.809666879405373 -20.067690666151208 -19.642470837800783 -19.551085014122798 -20.329988239635295 -20.248084798383967 -18.207453936893103 -17.983138293922316 -14.698473427027622 -16.30289337386623 -14.49860146200827 -19.255528584090086 -18.270434451948873 -20.59558319672207 -19.972926959815684 -17.990433691544034 -19.306675326270778 -18.682779667109592 -20.066168139714193 -19.638352867153994 -17.15176372727708 -20.274447228596113 -19.165166177597595 -19.851042520628805 -20.25391039128404 -20.39203313790427 -20.00723383661638 -19.67717689491243
25.250501002004007 -18.828533305502297 -20.081888709412077 -19.658506240341733 -19.566943958187544 -20.34236608103459 -20.261169776592407 -18.22789347036788 -18.007324480005664 -14.731557271860577 -16.330098014852368 -14.527769044670048 -19.27306571685244 -18.29065333000289 -20.60925533749937 -19.988420427909023 -18.01397496463463 -19.324035366259245 -18.702055550442278 -20.08041518065072 -19.654429297778968 -17.175567836709114 -20.287335982190786 -19.182697269236506 -19.86617396701673 -20.263796157708352 -20.40304739319957 -20.01637150145473 -19.692245500905408
25.31062124248497 -18.847397180157373 -20.096081056978417 -19.674536961210265 -19.582800890491683 -20.354737580572397 -20.274248602911005 -18.248331070469945 -18.03151143397427 -14.764651216537285 -16.357319199876557 -14.556968059260743 -19.29059867398004 -18.310870603046116 -20.622921631752053 -20.003909348979764 -18.03751630653781 -19.341391457715225 -18.721329140947685 -20.094656544790297 -19.670500940332243 -17.199371965607657 -20.30021861196378 -19.20022594767765 -19.88130087196515 -20.273675222669297 -20.41405509745399 -20.0255023850433 -19.707312742475587
