web/models/mosfit_kne/mosfit_kn_1.0000/mosfit_kn_0.004263_0.1710_1.0000.dat
# %ECSV 1.0
# ---
# datatype:
# - {name: time, datatype: float64}
# - {name: PS1_g, datatype: float64}
# - {name: PS1_i, datatype: float64}
# - {name: PS1_r, datatype: float64}
# - {name: PS1_w, datatype: float64}
# - {name: PS1_y, datatype: float64}
# - {name: PS1_z, datatype: float64}
# - {name: swift_uvot_B, datatype: float64}
# - {name: swift_uvot_U, datatype: float64}
# - {name: swift_uvot_uvm2, datatype: float64}
# - {name: swift_uvot_uvw1, datatype: float64}
# - {name: swift_uvot_uvw2, datatype: float64}
# - {name: swift_uvot_V, datatype: float64}
# - {name: johnson_B, datatype: float64}
# - {name: johnson_I, datatype: float64}
# - {name: johnson_R, datatype: float64}
# - {name: johnson_U, datatype: float64}
# - {name: johnson_V, datatype: float64}
# - {name: sdss_g, datatype: float64}
# - {name: sdss_i, datatype: float64}
# - {name: sdss_r, datatype: float64}
# - {name: sdss_u, datatype: float64}
# - {name: sdss_z, datatype: float64}
# - {name: ATLAS_c, datatype: float64}
# - {name: ATLAS_o, datatype: float64}
# - {name: ukirt_H, datatype: float64}
# - {name: ukirt_J, datatype: float64}
# - {name: ukirt_K, datatype: float64}
# - {name: Clear, datatype: float64}
# meta: !!omap
# - comment: [kappa = 1.0, type = rprocess, mass = 0.004263435211354371, velocity = 0.17100000000000004, theta_obs = 0.0, tfloor = 1000.0]
# schema: astropy-2.0
time PS1_g PS1_i PS1_r PS1_w PS1_y PS1_z swift_uvot_B swift_uvot_U swift_uvot_uvm2 swift_uvot_uvw1 swift_uvot_uvw2 swift_uvot_V johnson_B johnson_I johnson_R johnson_U johnson_V sdss_g sdss_i sdss_r sdss_u sdss_z ATLAS_c ATLAS_o ukirt_H ukirt_J ukirt_K Clear
[from data line 145]
8.77755511022044 9.149586227658482 0.2677574144592043 3.7428281924970364 1.7749043809930676 -3.2554326340660644 -1.8377566692189262 12.689492804222969 19.348436902117882 33.23703220614706 15.314019434192438 17.82703594067209 7.109102920529266 11.485555487256779 -1.2857558919627463 1.6842768747622536 18.31743572286613 6.154080585360513 9.962126328972936 0.3490133665721906 3.9713168519934783 19.849542432292715 -2.411184281240928 5.721904762239696 1.2694922376299012 -8.20442001198156 -6.054930716491869 -9.564708692454731 -0.5109896627682886
8.837675350701403 9.164392914853412 0.2825641016541347 3.7576348796919845 1.789711068187998 -3.2406259468711163 -1.8229499820239958 12.704299491417899 19.36324358931282 33.25183889334199 15.328826121387369 17.84184262786702 7.123909607724214 11.500362174451709 -1.270949204767816 1.699083561957184 18.332242410061077 6.1688872725554615 9.976933016167866 0.363820053767121 3.9861235391884087 19.864349119487645 -2.3963775940459975 5.736711449434626 1.2842989248248315 -8.189613324786611 -6.040124029296921 -9.549902005259801 -0.4961829755733582
8.897795591182364 9.179114142743927 0.29728532954463205 3.772356107582482 1.8044322960784953 -3.225904718980619 -1.8082287541334985 12.719020719308396 19.377964817203317 33.26656012123249 15.343547349277866 17.856563855757518 7.138630835614712 11.515083402342206 -1.2562279768773186 1.7138047898476814 18.346963637951575 6.183608500445959 9.991654244058363 0.3785412816576361 4.000844767078906 19.879070347378143 -2.3816563661554824 5.751432677325123 1.2990201527153467 -8.174892096896114 -6.025402801406424 -9.535180777369286 -0.4814617476828431
8.957915831663327 9.193726131999611 0.3118973188003338 3.786968096838166 1.819044285334197 -3.211292729724935 -1.7936167648777968 12.733632708564098 19.39257680645901 33.28117211048818 15.358159338533568 17.87117584501322 7.153242824870396 11.529695391597908 -1.2416159876216168 1.728416779103383 18.36157562720726 6.198220489701643 10.006266233314047 0.3931532709133201 4.015456756334608 19.893682336633844 -2.3670443768997984 5.766044666580825 1.3136321419710306 -8.16028010764043 -6.01079081215074 -9.520568788113602 -0.46684975842715914
9.018036072144287 9.208249359491916 0.32642054629262063 3.8014913243304704 1.833567512826484 -3.1967695022326303 -1.77909353738551 12.748155936056385 19.407100033951306 33.295695337980476 15.372682566025855 17.885699072505506 7.1677660523627 11.544218619090195 -1.22709276012933 1.74294000659567 18.376098854699563 6.2127437171939475 10.020789460806352 0.4076764984056247 4.029979983826895 19.90820556412613 -2.352521149407494 5.780567894073112 1.3281553694633175 -8.145756880148125 -5.996267584658435 -9.506045560621297 -0.45232653093485453
9.07815631262525 9.222682724843754 0.34085391164445866 3.8159246896823085 1.848000878178322 -3.1823361368807923 -1.7646601720336719 12.762589301408223 19.421533399303144 33.31012870333232 15.387115931377693 17.900132437857344 7.182199417714538 11.558651984442033 -1.212659394777492 1.757373371947508 18.3905322200514 6.2271770825457855 10.03522282615819 0.42210986375746273 4.044413349178733 19.92263892947797 -2.3380877840556558 5.79500125942495 1.3425887348151733 -8.131323514796287 -5.981834219306597 -9.49161219526946 -0.4378931655830165
9.138276553106213 9.237026549089311 0.3551977358900338 3.830268513927866 1.8623447024238793 -3.167992312635235 -1.7503163477880967 12.776933125653798 19.435877223548708 33.32447252757788 15.401459755623268 17.91447626210292 7.196543241960096 11.572995808687608 -1.1983155705319168 1.771717196193083 18.40487604429696 6.241520906791343 10.049566650403747 0.4364536880030201 4.058757173424308 19.936982753723527 -2.3237439598100984 5.809345083670507 1.3569325590607306 -8.11697969055073 -5.96749039506104 -9.477268371023902 -0.42354934133745914
9.198396793587174 9.2512816780898 0.36945286489052265 3.8445236429283725 1.876599831424386 -3.1537371836347283 -1.7360612187876079 12.791188254654287 19.450132352549208 33.33872765657838 15.415714884623757 17.92873139110341 7.210798370960602 11.587250937688097 -1.184060441531428 1.785972325193572 18.419131173297465 6.2557760357918495 10.063821779404254 0.45070881700350895 4.073012302424797 19.951237882724033 -2.3094888308095918 5.823600212671014 1.3711876880612195 -8.102724561550223 -5.953235266060533 -9.463013242023395 -0.4092942123369525
9.258517034068136 9.26544912863669 0.3836203154374118 3.858691093475244 1.890767281971275 -3.139569733087857 -1.7218937682407187 12.805355705201176 19.46429980309609 33.352895107125256 15.429882335170646 17.942898841650297 7.224965821507474 11.601418388234986 -1.1698929909845388 1.8001397757404611 18.433298623844337 6.269943486338721 10.077989229951125 0.4648762675503981 4.087179752971686 19.965405333270905 -2.2953213802627204 5.837767663217885 1.3853551386081087 -8.088557111003352 -5.939067815513662 -9.448845791476524 -0.3951267617900811
9.318637274549097 9.279529996714366 0.397701183515089 3.872771961552921 1.9048481500489522 -3.1254888650101798 -1.7078129001630415 12.819436573278853 19.478380671173767 33.36697597520295 15.443963203248323 17.956979709727975 7.239046689585151 11.615499256312663 -1.1558121229068616 1.8142206438181383 18.447379491922014 6.284024354416398 10.09207009802882 0.4789571356280753 4.101260621049363 19.9794862013486 -2.281240512185043 5.85184853129558 1.3994360066857858 -8.074476242925675 -5.924986947435984 -9.434764923398847 -0.38104589371240394
9.37875751503006 9.293525376451175 0.41169656325189763 3.8867673412897297 1.918843529785761 -3.111493485273371 -1.693817520426233 12.833431953015662 19.492376050910572 33.380971354939746 15.457958582985132 17.970975089464783 7.2530420693219595 11.629494636049472 -1.141816743170053 1.828216023554947 18.461374871658823 6.298019734153207 10.106065477765611 0.49295251536488394 4.115256000786172 19.99348158108541 -2.2672451324482346 5.865843911032371 1.4134313864225945 -8.060480863188866 -5.910991567699176 -9.420769543662038 -0.3670505139755953
9.438877755511022 9.3074363445551 0.425607531355805 3.900678309393655 1.9327544978896682 -3.097582517169446 -1.6799065523223256 12.84734292111957 19.50628701901449 33.39488232304366 15.47186955108904 17.98488605756869 7.266953037425885 11.64340560415338 -1.1279057750661456 1.8421269916588543 18.475285839762748 6.311930702257132 10.119976445869536 0.506863483468809 4.129166968890079 20.007392549189316 -2.2533341643443094 5.879754879136296 1.4273423545265196 -8.046569895084941 -5.897080599595251 -9.406858575558113 -0.3531395458716702
9.498997995991983 9.321263976880054 0.43943516368077695 3.9145059417186268 1.9465821302146402 -3.083754884844474 -1.6660789199973536 12.861170553444541 19.520114651339462 33.408709955368636 15.485697183414011 17.998713689893663 7.280780669750857 11.657233236478351 -1.1140781427411737 1.8559546239838263 18.48911347208772 6.325758334582104 10.133804078194508 0.5206911157937633 4.142994601215051 20.021220181514288 -2.2395065320193375 5.893582511461268 1.4411699868514738 -8.03274226275997 -5.883252967270279 -9.393030943233141 -0.3393119135466982
9.559118236472946 9.335009329196069 0.4531805159967739 3.9282512940346237 1.9603274825306372 -3.070009532528477 -1.6523335676813566 12.874915905760538 19.53386000365546 33.422455307684636 15.499442535730026 18.012459042209677 7.2945260220668535 11.670978588794348 -1.1003327904251767 1.8696999762998232 18.502858824403717 6.339503686898101 10.147549430510505 0.534436468109778 4.156739953531066 20.034965533830285 -2.2257611797033405 5.907327863777265 1.4549153391674885 -8.018996910443972 -5.869507614954282 -9.379285590917144 -0.32556656123070127
9.619238476953907 9.348673431384498 0.4668446181852204 3.9419153962230524 1.9739915847190659 -3.0563454303400484 -1.6386694654929101 12.888580007948985 19.547524105843898 33.436119409873065 15.513106637918455 18.026123144398106 7.308190124255282 11.684642690982795 -1.0866686882367302 1.8833640784882697 18.516522926592145 6.3531677890865295 10.161213532698934 0.5481005702982067 4.170404055719494 20.048629636018713 -2.212097077514912 5.920991965965694 1.4685794413559172 -8.005332808255543 -5.855843512765853 -9.365621488728715 -0.31190245904227254
9.67935871743487 9.36225730500258 0.48042849180330194 3.955499269841134 1.9875754583371474 -3.042761556721967 -1.6250855918748286 12.902163881567066 19.56110797946198 33.449703283491154 15.526690511536536 18.039707018016188 7.321773997873364 11.698226564600876 -1.0730848146186487 1.8969479521063513 18.530106800210227 6.366751662704611 10.174797406317015 0.5616844439162882 4.183987929337576 20.062213509636795 -2.1985132038968302 5.9345758395837755 1.4821633149739988 -7.991748934637463 -5.8422596391477715 -9.352037615110634 -0.298318585424191
9.739478957915832 9.375761956260487 0.4939331430612093 3.969003921099059 2.0010801095950725 -3.0292569054640417 -1.6115809406169213 12.915668532824974 19.574612630719894 33.463207934749065 15.540195162794443 18.053211669274095 7.335278649131289 11.711731215858784 -1.0595801633607413 1.9104526033642586 18.543611451468152 6.380256313962536 10.18830205757494 0.5751890951741956 4.197492580595483 20.07571816089472 -2.185008552638923 5.948080490841701 1.4956679662319061 -7.978244283379538 -5.828754987889846 -9.338532963852726 -0.2848139341662659
9.799599198396793 9.389188367280674 0.5073595540813791 3.982430332119229 2.0145065206152424 -3.015830494443872 -1.5981545295967514 12.929094943845143 19.588039041740064 33.476634345769234 15.553621573814613 18.066638080294265 7.348705060151459 11.725157626878953 -1.0461537523405715 1.9238790143844284 18.557037862488322 6.393682724982706 10.20172846859511 0.5886155061943832 4.210918991615653 20.08914457191489 -2.1715821416187353 5.9615069018618705 1.509094377252076 -7.964817872359368 -5.8153285768696765 -9.325106552832539 -0.27138752314609604
9.859719438877756 9.402537509064075 0.5207086958647977 3.9957794739026298 2.027855662398661 -3.002481352660471 -1.5848053878133328 12.942444085628562 19.601388183523476 33.48998348755266 15.566970715598032 18.079987222077683 7.36205420193486 11.738506768662372 -1.032804610557153 1.937228156167847 18.570387004271723 6.407031866766125 10.215077610378529 0.601964647977784 4.224268133399072 20.10249371369831 -2.1582329998353345 5.974856043645289 1.5224435190354946 -7.951468730575967 -5.801979435086276 -9.311757411049138 -0.2580383813626952
9.919839679358716 9.415810340696442 0.5339815274971649 4.009052305535015 2.041128494031028 -2.989208521028086 -1.5715325561809657 12.95571691726093 19.61466101515585 33.50325631918502 15.580243547230399 18.09326005371005 7.375327033567227 11.75177960029474 -1.0195317789247857 1.9505009878002142 18.583659835904108 6.420304698398492 10.228350442010896 0.6152374796101512 4.237540965031439 20.115766545330676 -2.1449601682029673 5.988128875277656 1.5357163506678617 -7.938195898943582 -5.788706603453891 -9.29848457941677 -0.24476554973032805
9.97995991983968 9.429007803658145 0.5471789904588498 4.0222497684967 2.054325956992713 -2.976011058066401 -1.5583350932192808 12.968914380222614 19.627858478117535 33.516453782146705 15.593441010192084 18.106457516671735 7.388524496528929 11.764977063256424 -1.0063343159631009 1.963698450761899 18.596857298865793 6.433502161360177 10.241547904972581 0.6284349425718538 4.250738427993124 20.12896400829236 -2.1317627052412647 6.001326338239341 1.5489138136295644 -7.924998435981897 -5.775509140492206 -9.285287116455068 -0.2315680867686254
10.040080160320642 9.442130820481669 0.5603020072823917 4.035372785320224 2.067448973816237 -2.962888041242877 -1.5452120763957389 12.982037397046156 19.640981494941066 33.52957679897024 15.606564027015626 18.119580533495277 7.4016475133524535 11.778100080079966 -0.993211299139559 1.976821467585441 18.609980315689317 6.446625178183701 10.254670921796105 0.641557959395378 4.263861444816666 20.142087025115885 -2.1186396884177405 6.014449355062865 1.5620368304530885 -7.911875419158373 -5.762386123668682 -9.272164099631544 -0.21844506994510127
10.100200400801603 9.455180310234326 0.5733514970350484 4.048422275072898 2.0804984635689117 -2.9498385514902203 -1.5321625866430821 12.995086886798813 19.654030984693733 33.54262628872291 15.619613516768283 18.132630023247934 7.41469700310511 11.791149569832623 -0.9801618093869022 1.9898709573380977 18.623029805441973 6.459674667936375 10.26772041154878 0.6546074491480347 4.276910934569322 20.15513651486856 -2.105590198665084 6.02749884481554 1.5750863202057452 -7.898825929405699 -5.749336633916007 -9.259114609878887 -0.20539558019244453
10.160320641282565 9.468157176469223 0.5863283632699279 4.061399141307778 2.093475329803791 -2.936861685255323 -1.5191857204082027 13.00806375303371 19.667007850928613 33.555603154957794 15.63259038300318 18.14560688948283 7.4276738693400075 11.804126436067502 -0.967184943152005 2.002847823572977 18.63600667167687 6.472651534171255 10.28069727778366 0.667584315382932 4.28988780080422 20.16811338110344 -2.0926133324301865 6.040475711050419 1.5880631864406425 -7.885849063170819 -5.736359767681128 -9.24613774364399 -0.19241871395754728
10.220440881763526 9.48106230447559 0.5992334912762942 4.074304269314144 2.1063804578101575 -2.9239565572489568 -1.5062805924018363 13.020968881040059 19.67991297893498 33.56850828296416 15.645495511009546 18.158512017489198 7.440578997346374 11.817031564073869 -0.9542798151456564 2.0157529515793433 18.648911799683237 6.485556662177621 10.293602405790026 0.6804894433892983 4.302792928810586 20.181018509109805 -2.07970820442382 6.053380839056786 1.6009683144470088 -7.872943935164453 -5.723454639674761 -9.233232615637624 -0.17951358595118094
10.280561122244489 9.49389657034109 0.612067757141812 4.087138535179644 2.1192147236756576 -2.9111222913834567 -1.4934463265363185 13.033803146905576 19.692747244800486 33.58134254882966 15.658329776875046 18.171346283354698 7.453413263211874 11.829865829939369 -0.9414455492801386 2.0285872174448434 18.661746065548737 6.498390928043121 10.306436671655526 0.6933237092547984 4.315627194676086 20.193852774975305 -2.06687393855832 6.066215104922286 1.613802580312509 -7.860109669298953 -5.710620373809261 -9.220398349772124 -0.16667932008568087
10.34068136272545 9.506660841825898 0.6248320286266207 4.0999028066644705 2.131978995160484 -2.898358019898648 -1.4806820550515098 13.046567418390385 19.7055115162853 33.59410682031448 15.671094048359855 18.184110554839506 7.4661775346966825 11.842630101424195 -0.9286812777953299 2.0413514889296698 18.674510337033546 6.5111551995279475 10.319200943140352 0.706087980739607 4.328391466160895 20.206617046460124 -2.0541096670735115 6.078979376407112 1.6265668517973175 -7.847345397814126 -5.697856102324453 -9.207634078287315 -0.15391504860087224
10.400801603206412 9.519355972501558 0.6375271593022624 4.112597937340112 2.1446741258361257 -2.8856628892229885 -1.467986924375868 13.059262549066027 19.718206646960947 33.606801950990125 15.683789179035514 18.196805685515148 7.478872665372342 11.855325232099837 -0.9159861471196882 2.0540466196053115 18.687205467709205 6.523850330203589 10.331896073815994 0.7187831114152665 4.341086596836554 20.219312177135773 -2.041414536397852 6.091674507082754 1.639261982472977 -7.834650267138485 -5.685160971648793 -9.194938947611655 -0.1412199179252127
