web/models/mosfit_kne/mosfit_kn_1.0000/mosfit_kn_0.014776_0.1397_1.0000.dat
# %ECSV 1.0
# ---
# datatype:
# - {name: time, datatype: float64}
# - {name: PS1_g, datatype: float64}
# - {name: PS1_i, datatype: float64}
# - {name: PS1_r, datatype: float64}
# - {name: PS1_w, datatype: float64}
# - {name: PS1_y, datatype: float64}
# - {name: PS1_z, datatype: float64}
# - {name: swift_uvot_B, datatype: float64}
# - {name: swift_uvot_U, datatype: float64}
# - {name: swift_uvot_uvm2, datatype: float64}
# - {name: swift_uvot_uvw1, datatype: float64}
# - {name: swift_uvot_uvw2, datatype: float64}
# - {name: swift_uvot_V, datatype: float64}
# - {name: johnson_B, datatype: float64}
# - {name: johnson_I, datatype: float64}
# - {name: johnson_R, datatype: float64}
# - {name: johnson_U, datatype: float64}
# - {name: johnson_V, datatype: float64}
# - {name: sdss_g, datatype: float64}
# - {name: sdss_i, datatype: float64}
# - {name: sdss_r, datatype: float64}
# - {name: sdss_u, datatype: float64}
# - {name: sdss_z, datatype: float64}
# - {name: ATLAS_c, datatype: float64}
# - {name: ATLAS_o, datatype: float64}
# - {name: ukirt_H, datatype: float64}
# - {name: ukirt_J, datatype: float64}
# - {name: ukirt_K, datatype: float64}
# - {name: Clear, datatype: float64}
# meta: !!omap
# - comment: [kappa = 1.0, type = rprocess, mass = 0.014775890654408853, velocity = 0.13966666666666672, theta_obs = 0.0, tfloor = 1000.0]
# schema: astropy-2.0
time PS1_g PS1_i PS1_r PS1_w PS1_y PS1_z swift_uvot_B swift_uvot_U swift_uvot_uvm2 swift_uvot_uvw1 swift_uvot_uvw2 swift_uvot_V johnson_B johnson_I johnson_R johnson_U johnson_V sdss_g sdss_i sdss_r sdss_u sdss_z ATLAS_c ATLAS_o ukirt_H ukirt_J ukirt_K Clear
[from data line 318]
19.178356713426854 8.637214437073801 -0.24461437612549375 3.230456401912356 1.2625325904083695 -3.7678044246507447 -2.3501284598036243 12.17712101363827 18.83606511153319 32.724660415562376 14.801647643607758 17.31466415008741 6.596731129944586 10.97318369667208 -1.7981276825474266 1.1719050841775556 17.80506393228145 5.641708794775833 9.449754538388238 -0.16335842401248968 3.458945061408798 19.337170641708017 -2.923556071825608 5.209532971654998 0.7571204470452209 -8.71679180256624 -6.567302507076549 -10.077080483039412 -1.023361453352969
19.238476953907814 8.643267788852249 -0.23856102434704596 3.236509753690804 1.2685859421868173 -3.761751072872297 -2.3440751080251765 12.183174365416736 18.84211846331164 32.73071376734082 14.807700995386206 17.320717501865857 6.602784481723034 10.979237048450528 -1.7920743307689788 1.1779584359560034 17.811117284059897 5.647762146554281 9.455807890166685 -0.1573050722340419 3.4649984131872458 19.343223993486465 -2.9175027200471604 5.215586323433445 0.7631737988236686 -8.710738450787792 -6.561249155298102 -10.071027131260964 -1.0173081015745211
19.298597194388776 8.649302932841483 -0.2325258803578123 3.2425448976800375 1.274621086176051 -3.7557159288830633 -2.338039964035943 12.18920950940597 18.848153607300873 32.736748911330054 14.81373613937544 17.32675264585509 6.608819625712267 10.985272192439762 -1.7860391867797452 1.183993579945237 17.81715242804913 5.6537972905435145 9.461843034155919 -0.15126992824480823 3.4710335571764794 19.3492591374757 -2.9114675760579267 5.221621467422679 0.7692089428129023 -8.704703306798558 -6.555214011308868 -10.06499198727173 -1.0112729575852875
19.35871743486974 8.655319984518606 -0.22650882868067157 3.2485619493571605 1.280638137853174 -3.7496988772059403 -2.332022912358802 12.195226561083093 18.854170658977996 32.74276596300718 14.819753191052563 17.332769697532214 6.61483667738939 10.991289244116885 -1.7800221351026222 1.19001063162236 17.823169479726253 5.6598143422206375 9.467860085833042 -0.14525287656768526 3.4770506088536024 19.35527618915282 -2.9054505243808038 5.227638519099802 0.7752259944900253 -8.698686255121435 -6.549196959631745 -10.058974935594607 -1.0052559059081645
19.4188376753507 8.661319057501426 -0.22050975569786857 3.2545610223399812 1.2866372108359947 -3.7436998042231195 -2.326023839375999 12.201225634065896 18.860169731960816 32.74876503598999 14.825752264035366 17.338768770515017 6.620835750372211 10.997288317099706 -1.7740230621198192 1.1960097046051807 17.829168552709074 5.665813415203458 9.473859158815863 -0.1392538035848645 3.4830496818364054 19.361275262135642 -2.899451451397983 5.233637592082623 0.781225067472846 -8.692687182138615 -6.543197886648924 -10.052975862611786 -0.9992568329253437
19.478957915831664 8.667300265157518 -0.2145285480417769 3.260542229996073 1.2926184184920864 -3.737718596567028 -2.3200426317199074 12.207206841721987 18.866150939616908 32.75474624364609 14.831733471691475 17.34474997817111 6.626816958028303 11.003269524755797 -1.7680418544637275 1.2019909122612724 17.835149760365166 5.67179462285955 9.479840366471954 -0.13327259592877283 3.489030889492515 19.367256469791734 -2.8934702437418913 5.2396187997387145 0.7872062751289377 -8.686705974482523 -6.5372166789928325 -10.046994654955695 -0.9932756252692521
19.539078156312623 8.673263715668291 -0.20856509753098607 3.2665056805068637 1.2985818690028772 -3.731755146056237 -2.3140791812091166 12.213170292232778 18.8721143901277 32.76070969415687 14.837696922202248 17.3507134286819 6.632780408539094 11.009232975266588 -1.7620784039529367 1.2079543627720633 17.841113210875957 5.677758073370341 9.485803816982745 -0.12730914541799976 3.494994340003288 19.373219920302525 -2.8875067932311183 5.245582250249505 0.7931697256397108 -8.680742523971732 -6.531253228482042 -10.041031204444922 -0.987312174758479
19.599198396793586 8.67920951873435 -0.2026192944649452 3.2724514835729046 1.304527672068918 -3.725809342990196 -2.3081333781430757 12.21911609529882 18.87806019319374 32.76665549722292 14.843642725268307 17.356659231747958 6.638726211605134 11.01517877833263 -1.7561326008868958 1.2139001658381041 17.847059013941998 5.683703876436382 9.491749620048786 -0.12136334235194113 3.5009401430693465 19.379165723368565 -2.8815609901650596 5.251528053315546 0.7991155287057694 -8.674796720905691 -6.525307425416001 -10.035085401378863 -0.9813663716924204
19.65931863727455 8.68513777948774 -0.19669103371155572 3.278379744326294 1.3104559328223075 -3.7198810822368067 -2.3022051173896863 12.225044356052209 18.88398845394713 32.7725837579763 14.849570986021678 17.36258749250133 6.644654472358524 11.021107039086019 -1.7502043401335063 1.2198284265914936 17.852987274695387 5.689632137189771 9.497677880802176 -0.11543508159855165 3.5068684038227182 19.385093984121955 -2.87563272941167 5.257456314068936 0.8050437894591589 -8.668868460152302 -6.519379164662611 -10.029157140625474 -0.9754381109390309
19.71943887775551 8.69104860757206 -0.19078020562721676 3.284290572410633 1.3163667609066465 -3.7139702541524855 -2.2962942893053473 12.230955184136548 18.889899282031468 32.77849458606064 14.855481814106017 17.36849832058567 6.650565300442845 11.027017867170358 -1.7442935120491674 1.2257392546758326 17.85889810277971 5.69554296527411 9.503588708886515 -0.10952425351423045 3.512779231907057 19.391004812206294 -2.869721901327349 5.263367142153275 0.8109546175434801 -8.662957632067963 -6.513468336578272 -10.023246312541152 -0.9695272828547097
19.779559118236474 8.696942109597767 -0.18488670360151005 3.2901840744363398 1.3222602629323532 -3.708076752126779 -2.2904007872796406 12.236848686162254 18.895792784057175 32.784388088086345 14.861375316131724 17.374391822611376 6.656458802468552 11.032911369196064 -1.7384000100234607 1.2316327567015393 17.864791604805415 5.701436467299817 9.509482210912221 -0.10363075148852374 3.518672733932764 19.396898314232 -2.8638283993016422 5.269260644178981 0.8168481195691868 -8.657064130042256 -6.507574834552566 -10.017352810515446 -0.963633780829003
19.839679358717433 8.702818393368972 -0.17901041983030552 3.2960603582075443 1.3281365467035577 -3.7022004683555743 -2.284524503508436 12.242724969933459 18.90166906782838 32.79026437185755 14.867251599902929 17.38026810638258 6.662335086239756 11.038787652967269 -1.7325237262522561 1.2375090404727438 17.870667888576637 5.707312751071021 9.515358494683426 -0.09775446771731922 3.5245490177039684 19.402774598003205 -2.8579521155304377 5.275136927950186 0.8227244033403913 -8.651187846271052 -6.501698550781361 -10.011476526744241 -0.9577574970577984
19.899799599198396 8.708677562072431 -0.17315125112684626 3.3019195269110035 1.333995715407017 -3.6963412996520972 -2.278665334804977 12.248584138636918 18.90752823653184 32.79612354056101 14.873110768606388 17.38612727508604 6.668194254943233 11.044646821670728 -1.7266645575487969 1.243368209176203 17.876527057280096 5.713171919774481 9.521217663386885 -0.09189529901384219 3.5304081864074277 19.408633766706664 -2.8520929468269607 5.280996096653645 0.8285835720438506 -8.645328677567592 -6.495839382077902 -10.005617358040764 -0.9518983283543214
19.95991983967936 8.71451971970746 -0.16730909349181644 3.3077616845460334 1.3398378730420468 -3.690499142017085 -2.272823177169947 12.254426296271948 18.91337039416687 32.80196569819604 14.878952926241418 17.39196943272107 6.674036412578245 11.050488979305758 -1.720822399913767 1.2492103668112329 17.88236921491511 5.71901407740951 9.527059821021915 -0.08605314137883013 3.5362503440424575 19.414475924341694 -2.8462507891919486 5.286838254288675 0.8344257296788804 -8.639486519932563 -6.48999722444289 -9.999775200405752 -0.9460561707193094
20.02004008016032 8.720344966683733 -0.16148384651554437 3.3135869315223054 1.345663120018319 -3.684673895040813 -2.266997930193675 12.26025154324822 18.91919564114314 32.807790945172314 14.88477817321769 17.39779467969734 6.6798616595545175 11.05631422628203 -1.714997152937495 1.255035613787505 17.88819446189138 5.7248393243857825 9.532885067998187 -0.08022789440255806 3.5420755910187296 19.420301171317966 -2.8404255422156766 5.292663501264947 0.8402509766551525 -8.63366127295629 -6.4841719774666 -9.99394995342948 -0.9402309237430373
20.080160320641284 8.726153405410937 -0.15567540778834044 3.3193953702494916 1.3514715587455228 -3.678865456313609 -2.261189491466471 12.266059981975424 18.925004079870344 32.813599383899515 14.890586611944894 17.403603118424545 6.685670098281721 11.062122665009234 -1.709188714210291 1.2608440525147089 17.894002900618585 5.730647763112986 9.53869350672539 -0.07441945567535413 3.5478840297459335 19.42610961004517 -2.8346171034884726 5.298471939992151 0.8460594153823564 -8.627852834229104 -6.478363538739414 -9.988141514702276 -0.9344224850158334
20.140280561122243 8.731945136400068 -0.14988367679922732 3.3251871012386225 1.357263289734636 -3.6730737253244783 -2.255397760477358 12.271851712964555 18.930795810859458 32.81939111488864 14.896378342934025 17.409394849413676 6.691461829270852 11.067914395998347 -1.7033969832211602 1.266635783503822 17.899794631607715 5.7364394941020995 9.544485237714504 -0.06862772468622325 3.5536757607350644 19.431901341034283 -2.8288253724993417 5.304263670981264 0.8518511463714873 -8.622061103239973 -6.472571807750283 -9.982349783713145 -0.9286307540267025
20.200400801603205 8.737720261633637 -0.1441085515656404 3.3309622264722094 1.3630384149682229 -3.6672986000908914 -2.249622635243771 12.277626838198124 18.936570936093045 32.825166240122215 14.902153468167594 17.415169974647245 6.697236954504439 11.073689521231934 -1.697621857987591 1.272410908737409 17.905569756841302 5.742214619335686 9.55026036294809 -0.06285259945265409 3.5594508859686336 19.43767646626787 -2.8230502472657726 5.310038796214851 0.8576262716050564 -8.616285978006387 -6.466796682516696 -9.976574658479576 -0.9228556287931156
20.260521042084168 8.743478880566826 -0.1383499326324511 3.336720845405381 1.3687970339014122 -3.66153998115772 -2.2438640163105816 12.283385457131313 18.942329555026234 32.83092485905539 14.907912087100783 17.420928593580435 6.702995573437611 11.079448140165123 -1.6918632390544017 1.2781695276705982 17.911328375774474 5.747973238268858 9.55601898188128 -0.05709398051946479 3.565209504901823 19.44343508520106 -2.8172916283325833 5.31579741514804 0.8633848905382457 -8.610527359073215 -6.4610380635835245 -9.970816039546387 -0.917097009859944
20.32064128256513 8.749221090945198 -0.1326077222540789 3.342463055783771 1.3745392442797844 -3.6557977707793476 -2.2381218059322094 12.289127667509685 18.948071765404606 32.83666706943378 14.913654297479155 17.426670803958807 6.708737783815983 11.085190350543495 -1.6861210286760295 1.2839117380489704 17.917070586152846 5.753715448647248 9.561761192259652 -0.0513517701410926 3.570951715280195 19.44917729557943 -2.811549417954211 5.3215396255264125 0.8691271009166179 -8.604785148694825 -6.455295853205152 -9.965073829168015 -0.9113547994815718
20.38076152304609 8.7549469889316 -0.12688182426767725 3.348188953770155 1.380265142266186 -3.650071872792946 -2.232395907945808 12.294853565496087 18.953797663391008 32.842392967420174 14.919380195465557 17.43239670194521 6.714463681802385 11.090916248529897 -1.6803951306896279 1.289637636035372 17.922796484139248 5.759441346633632 9.567487090246054 -0.04562587215469094 3.5766776132665967 19.454903193565833 -2.8058235199678094 5.327265523512814 0.8748529989030196 -8.599059250708441 -6.449569955218751 -9.959347931181613 -0.9056289014951702
20.440881763527052 8.76065667048854 -0.12117214271075483 3.353898635327095 1.3859748238231084 -3.644362191236006 -2.2266862263888854 12.30056324705301 18.95950734494793 32.84810264897711 14.925089877022497 17.43810638350213 6.720173363359325 11.09662593008682 -1.6746854491327055 1.2953473175922945 17.928506165696188 5.765151028190572 9.573196771802976 -0.039916190597750756 3.582387294823537 19.460612875122756 -2.8001138384108692 5.3329752050697365 0.8805626804599598 -8.593349569151501 -6.4438602736618105 -9.953638249624673 -0.89991921993823
20.501002004008015 8.766350231821729 -0.1154785813775483 3.3595921966603015 1.391668385156315 -3.6386686299027993 -2.220992665055679 12.306256808386216 18.965200906281137 32.85379621031031 14.930783438355686 17.443799944835337 6.725866924692531 11.102319491420026 -1.668991887799499 1.301040878925501 17.934199727029394 5.7708445895237785 9.578890333136183 -0.034222629264544224 3.5880808561567257 19.466306436455962 -2.7944202770776627 5.338668766402943 0.8862562417931485 -8.587656007818294 -6.438166712328604 -9.947944688291466 -0.8942256586050235
20.561122244488978 8.772027769200932 -0.10980104399834545 3.3652697340394866 1.3973459225355 -3.632991092523614 -2.215315127676476 12.311934345765419 18.97087844366032 32.8594737476895 14.936460975734889 17.44947748221454 6.731544462071716 11.107997028799211 -1.663314350420296 1.306718416304686 17.93987726440858 5.776522126902964 9.584567870515368 -0.028545091885359142 3.5937583935359285 19.471983973835147 -2.7887427396984776 5.344346303782128 0.8919337791723514 -8.58197847043911 -6.432489174949419 -9.942267150912281 -0.8885481212258384
20.62124248496994 8.77768937612501 -0.1041394370742843 3.3709313409635655 1.403007529459579 -3.6273294855995353 -2.209653520752415 12.317595952689498 18.9765400505844 32.86513535461358 14.942122582658968 17.45513908913862 6.737206068995795 11.11365863572329 -1.6576527434962172 1.312380023228765 17.94553887133266 5.7821837338270425 9.590229477439447 -0.02288348496128023 3.5994200004600074 19.477645580759226 -2.7830811327743987 5.350007910706207 0.8975953860964303 -8.57631686351503 -6.42682756802534 -9.936605543988202 -0.8828865143017595
20.6813627254509 8.78333514603014 -0.09849366716913721 3.3765771108687126 1.408653299364726 -3.621683715694406 -2.2040077508472677 12.323241722594627 18.982185820489548 32.87078112451872 14.947768352564097 17.46078485904375 6.742851838900925 11.119304405628437 -1.6520069735910878 1.318025793133912 17.951184641237788 5.78782950373219 9.595875247344594 -0.017237715056150904 3.6050657703651368 19.483291350664373 -2.7774353628692694 5.355653680611354 0.9032411560015596 -8.570671093609883 -6.421181798120193 -9.930959774083073 -0.8772407443966301
20.741482965931862 8.788965171427385 -0.09286364177190976 3.38220713626594 1.4142833247619535 -3.6160536902971607 -2.1983777254500403 12.328871747991855 18.987815845886775 32.876411149915945 14.953398377961324 17.466414884440976 6.74848186429817 11.124934431025665 -1.6463769481938604 1.3236558185311396 17.956814666635033 5.793459529129417 9.601505272741822 -0.011607689658905684 3.610695795762364 19.4889213760616 -2.771805337472024 5.361283706008582 0.9088711813988049 -8.565041068212656 -6.415551772722965 -9.925329748685828 -0.8716107189993849
20.801603206412825 8.794579543268917 -0.08724926993036064 3.387821508107489 1.4198976966035026 -3.6104393184556116 -2.192763353608491 12.334486119833404 18.993430217728324 32.8820255217575 14.959012749802874 17.472029256282525 6.754096236139719 11.130548802867214 -1.6407625763523113 1.3292701903726887 17.962429038476582 5.799073900970966 9.60711964458337 -0.005993317817374333 3.6163101676039133 19.49453574790315 -2.766190965630493 5.366898077850131 0.9144855532403362 -8.559426696371107 -6.409937400881416 -9.919715376844296 -0.8659963471578358
20.861723446893787 8.800178354924704 -0.08165045827457362 3.3934203197632584 1.4254965082592896 -3.6048405067998424 -2.187164541952704 12.34008493148919 18.99902902938411 32.887624333413285 14.96461156145866 17.477628067938312 6.759695047795488 11.136147614523 -1.6351637646965242 1.3348690020284757 17.96802785013235 5.8046727126267355 9.612718456239158 -0.0003945061615873158 3.6219089792597003 19.500134559558937 -2.760592153974706 5.372496889505918 0.9200843648961232 -8.553827884715338 -6.404338589225647 -9.91411656518851 -0.8603975355020665
