web/models/mosfit_kne/mosfit_kn_1.0000/mosfit_kn_0.018177_0.4687_1.0000.dat
# %ECSV 1.0
# ---
# datatype:
# - {name: time, datatype: float64}
# - {name: PS1_g, datatype: float64}
# - {name: PS1_i, datatype: float64}
# - {name: PS1_r, datatype: float64}
# - {name: PS1_w, datatype: float64}
# - {name: PS1_y, datatype: float64}
# - {name: PS1_z, datatype: float64}
# - {name: swift_uvot_B, datatype: float64}
# - {name: swift_uvot_U, datatype: float64}
# - {name: swift_uvot_uvm2, datatype: float64}
# - {name: swift_uvot_uvw1, datatype: float64}
# - {name: swift_uvot_uvw2, datatype: float64}
# - {name: swift_uvot_V, datatype: float64}
# - {name: johnson_B, datatype: float64}
# - {name: johnson_I, datatype: float64}
# - {name: johnson_R, datatype: float64}
# - {name: johnson_U, datatype: float64}
# - {name: johnson_V, datatype: float64}
# - {name: sdss_g, datatype: float64}
# - {name: sdss_i, datatype: float64}
# - {name: sdss_r, datatype: float64}
# - {name: sdss_u, datatype: float64}
# - {name: sdss_z, datatype: float64}
# - {name: ATLAS_c, datatype: float64}
# - {name: ATLAS_o, datatype: float64}
# - {name: ukirt_H, datatype: float64}
# - {name: ukirt_J, datatype: float64}
# - {name: ukirt_K, datatype: float64}
# - {name: Clear, datatype: float64}
# meta: !!omap
# - comment: [kappa = 1.0, type = rprocess, mass = 0.018176879801416274, velocity = 0.4686666666666667, theta_obs = 0.0, tfloor = 1000.0]
# schema: astropy-2.0
time PS1_g PS1_i PS1_r PS1_w PS1_y PS1_z swift_uvot_B swift_uvot_U swift_uvot_uvm2 swift_uvot_uvw1 swift_uvot_uvw2 swift_uvot_V johnson_B johnson_I johnson_R johnson_U johnson_V sdss_g sdss_i sdss_r sdss_u sdss_z ATLAS_c ATLAS_o ukirt_H ukirt_J ukirt_K Clear
[from data line 292]
17.615230460921843 10.269505770665734 1.3876769574664571 4.862747735504289 2.8948239240003204 -2.1355130910588116 -0.7178371262116734 13.809412347230221 20.46835644512513 34.356951749154305 16.43393897719969 18.946955483679343 8.22902246353652 12.605475030264031 -0.16583634895549348 2.8041964177695062 19.437355265873393 7.274000128367766 11.082045871980188 1.4689329095794434 5.091236395000731 20.969461975299957 -1.291264738233675 6.8418243052469485 2.389411780637154 -7.084500468974308 -4.935011173484616 -8.444789149447478 0.6089298802389642
17.675350701402806 10.280876433204487 1.3990476200052093 4.874118398043041 2.9061945865390726 -2.1241424285200594 -0.7064664636729212 13.820783009768974 20.479727107663884 34.36832241169306 16.445309639738444 18.958326146218095 8.240393126075272 12.616845692802784 -0.1544656864167413 2.8155670803082584 19.448725928412134 7.285370790906518 11.093416534518923 1.4803035721181956 5.102607057539483 20.98083263783871 -1.2798940756949229 6.853194967785683 2.400782443175906 -7.0731298064355554 -4.923640510945864 -8.433418486908726 0.6203005427777164
17.73547094188377 10.292230253765755 1.4104014405664778 4.88547221860431 2.917548407100341 -2.112788607958791 -0.6951126431116528 13.832136830330242 20.491080928225152 34.37967623225433 16.456663460299712 18.969679966779363 8.25174694663654 12.628199513364052 -0.14311186585547286 2.826920900869527 19.460079748973413 7.296724611467805 11.104770355080209 1.491657392679464 5.113960878100752 20.992186458399978 -1.2685402551336544 6.864548788346969 2.4121362637371746 -7.061775985874269 -4.912286690384596 -8.422064666347458 0.6316543633389848
17.795591182364728 10.303567270960148 1.4217384577608705 4.8968092357987025 2.9288854242947338 -2.1014515907643982 -0.68377562591726 13.843473847524635 20.502417945419545 34.391013249448726 16.468000477494105 18.981016983973756 8.263083963830933 12.639536530558445 -0.13177484866108014 2.8382579180639196 19.471416766167806 7.308061628662197 11.116107372274602 1.5029944098738568 5.1252978952951445 21.00352347559437 -1.2572032379392617 6.875885805541362 2.4234732809315673 -7.050438968679894 -4.900949673190203 -8.410727649153065 0.6429913805333776
17.85571142284569 10.31488949412216 1.4330606809228819 4.908131458960732 2.940207647456745 -2.090129367602369 -0.6724534027552487 13.854796070686646 20.513740168581567 34.40233547261074 16.479322700656116 18.992339207135768 8.274406186992945 12.650858753720456 -0.12045262549906877 2.849580141225931 19.482738989329818 7.319383851824209 11.127429595436613 1.5143166330358682 5.136620118457156 21.014845698756393 -1.2458810147772503 6.887208028703373 2.4347955040935787 -7.039116745517865 -4.889627450028174 -8.399405425991054 0.6543136036953889
17.915831663326653 10.326191610008664 1.4443627968093864 4.919433574847236 2.9515097633432497 -2.0788272517158646 -0.6611512868687441 13.86609818657315 20.52504228446807 34.413637588497245 16.49062481654262 19.003641323022272 8.285708302879467 12.66216086960696 -0.10915050961256423 2.8608822571124355 19.49404110521632 7.330685967710713 11.138731711323118 1.5256187489223727 5.14792223434366 21.026147814642897 -1.2345788988907458 6.898510144589878 2.4460976199800832 -7.027814629631361 -4.878325334141669 -8.38810331010455 0.6656157195818935
17.975951903807616 10.337478056476694 1.4556492432773993 4.930720021315249 2.9627962098112626 -2.0675408052478517 -0.6498648404007312 13.877384633041181 20.536328730936084 34.424924034965265 16.50191126301065 19.014927769490296 8.29699474934748 12.673447316074974 -0.09786406314453355 2.8721687035804484 19.505327551684342 7.341972414178726 11.15001815779113 1.5369051953904034 5.159208680811691 21.03743426111091 -1.2232924524227151 6.909796591057891 2.457384066448114 -7.016528183163348 -4.867038887673656 -8.376816863636519 0.6769021660499241
18.036072144288575 10.348748137988206 1.466919324788929 4.941990102826761 2.974066291322792 -2.05627072373634 -0.6385947588892016 13.888654714552693 20.547598812447603 34.436194116476784 16.513181344522163 19.026197851001815 8.308264830858992 12.684717397586503 -0.08659398163302168 2.883438785091978 19.516597633195865 7.353242495690238 11.16128823930266 1.5481752769019153 5.170478762323203 21.04870434262243 -1.2120223709112032 6.92106667256942 2.468654147959626 -7.005258101651836 -4.8557688061621445 -8.365546782125007 0.688172247561436
18.096192384769537 10.36000168758422 1.478172874384942 4.953243652422774 2.9853198409188053 -2.0450171741403267 -0.6273412092931885 13.899908264148706 20.558852362043616 34.4474476660728 16.524434894118176 19.037451400597828 8.319518380455005 12.695970947182516 -0.07534043203700858 2.894692334687991 19.527851182791878 7.364496045286251 11.172541788898673 1.5594288264979284 5.181732311919216 21.059957892218442 -1.2007688213151901 6.932320222165433 2.479907697555639 -6.994004552055823 -4.844515256566131 -8.354293232528994 0.6994257971574491
18.1563126252505 10.371238677354935 1.4894098641556575 4.9644806421934895 2.996556830689503 -2.0337801843696113 -0.6161042195224731 13.911145253919422 20.57008935181433 34.458684655843506 16.53567188388889 19.048688390368543 8.33075537022572 12.707207936953232 -0.06410344226629316 2.9059293244587066 19.539088172562582 7.3757330350569665 11.183778778669371 1.5706658162686438 5.192969301689931 21.071194881989157 -1.1895318315444747 6.943557211936131 2.4911446873263543 -6.982767562285107 -4.833278266795416 -8.343056242758278 0.7106627869281645
18.216432865731463 10.382459123363965 1.50063031016467 4.97570108820252 3.0077772766985333 -2.022559738360581 -0.6048837735134605 13.922365699928434 20.581309797823355 34.469905101852525 16.546892329897904 19.059908836377563 8.34197581623475 12.718428382962244 -0.052882996257280546 2.917149770467719 19.550308618571613 7.386953481065997 11.194999224678401 1.5818862622776741 5.204189747698944 21.08241532799818 -1.1783113855354443 6.9547776579451615 2.5023651333353847 -6.971547116276077 -4.822057820786386 -8.331835796749248 0.7218832329371949
18.276553106212425 10.393663057899225 1.51183424469993 4.98690502273778 3.0189812112337933 -2.011355803825321 -0.5936798389782005 13.933569634463712 20.592513732358615 34.4811090363878 16.558096264433182 19.071112770912823 8.35317975077001 12.729632317497504 -0.041679061722002864 2.928353705002979 19.561512553106873 7.398157415601257 11.206203159213661 1.593090196812934 5.215393682234222 21.09361926253344 -1.1671074510001844 6.965981592480421 2.5135690678706446 -6.960343181740817 -4.810853886251126 -8.320631862213988 0.7330871674724548
18.336673346693384 10.404850508702292 1.5230216955030151 4.998092473540865 3.0301686620368784 -2.000168353022236 -0.5824923881751154 13.94475708526678 20.6037011831617 34.49229648719087 16.56928371523625 19.0823002217159 8.364367201573078 12.74081976830059 -0.030491610918935486 2.9395411558060642 19.57270000390995 7.409344866404342 11.217390610016746 1.6042776476160014 5.226581133037289 21.104806713336526 -1.155920000197117 6.9771690432835065 2.524756518673712 -6.949155730937732 -4.7996664354480405 -8.30944441141092 0.7442746182755222
18.396793587174347 10.41602150534409 1.5341926921448135 5.009263470182663 3.0413396586786767 -1.9889973563804553 -0.5713213915333171 13.955928081908578 20.61487217980349 34.50346748383267 16.580454711878048 19.0934712183577 8.375538198214876 12.751990764942388 -0.01932061427713716 2.9507121524478626 19.583871000551746 7.42051586304614 11.228561606658545 1.6154486442577998 5.237752129679087 21.115977709978317 -1.1447490035553187 6.988340039925305 2.5359275153155103 -6.9379847342959335 -4.78849543880626 -8.298273414769122 0.7554456149173205
18.45691382765531 10.427176079527314 1.5453472663280365 5.020418044365886 3.0524942328619 -1.9778427821972322 -0.560166817350094 13.9670826560918 20.62602675398672 34.514622058015895 16.59160928606127 19.104625792540922 8.3866927723981 12.763145339125611 -0.008166040093914084 2.9618667266310856 19.59502557473497 7.431670437229363 11.239716180841768 1.6266032184410228 5.2489067038623105 21.127132284161547 -1.1335944293720956 6.999494614108528 2.5470820894987334 -6.9268301601127105 -4.777340864623019 -8.287118840585899 0.7666001891005436
18.517034068136272 10.438314259680848 1.5564854464815703 5.031556224519402 3.063632413015416 -1.9667046020436985 -0.5490286371965603 13.978220836245335 20.637164934140245 34.52576023816942 16.602747466214804 19.115763972694456 8.397830952551633 12.774283519279145 0.0029721400596196546 2.9730049067846016 19.606163754888495 7.442808617382879 11.250854360995284 1.6377413985945566 5.260044884015844 21.13827046431507 -1.122456249218562 7.010632794262044 2.558220269652267 -6.9156919799591945 -4.766202684469503 -8.275980660432365 0.7777383692540774
18.577154308617235 10.449436074464309 1.5676072612650316 5.042678039302864 3.074754227798877 -1.9555827872602372 -0.537906822413099 13.989342651028796 20.64828674892371 34.53688205295288 16.613869280998266 19.126885787477917 8.408952767335094 12.785405334062606 0.014093954843080958 2.9841267215680807 19.617285569671957 7.453930432166341 11.261976175778745 1.648863213378018 5.2711666987993055 21.149392279098535 -1.1113344344351006 7.021754609045505 2.5693420844357284 -6.904570165175733 -4.755080869686042 -8.264858845648904 0.7888601840375387
18.637274549098194 10.460541554081626 1.5787127408823487 5.0537835189201985 3.085859707416212 -1.9444773076429023 -0.5268013427957818 14.000448130646113 20.659392228541034 34.547987532570204 16.624974760615583 19.137991267095234 8.420058246952411 12.796510813679923 0.025199434460398074 2.995232201185398 19.628391049289284 7.4650359117836755 11.27308165539608 1.659968692995335 5.282272178416623 21.16049775871586 -1.1002289548177835 7.03286008866284 2.5804475640530455 -6.893464685558398 -4.743975390068707 -8.253753366031587 0.7999656636548558
18.697394789579157 10.471630722281375 1.589801909082098 5.064872687119948 3.0969488756159613 -1.933388139443153 -0.5157121745960325 14.011537298845862 20.670481396740783 34.55907670076996 16.636063928815332 19.149080435294984 8.431147415152179 12.807599981879672 0.03628860266014744 3.006321369385147 19.63948021748903 7.476125079983425 11.28417082359583 1.6710578611950844 5.293361346616372 21.17158692691561 -1.0891397866180341 7.043949256862589 2.591536732252795 -6.882375517358649 -4.732886221868958 -8.242664197831838 0.8110548318546051
18.75751503006012 10.482703605240111 1.600874792040834 5.075945570078684 3.108021758574697 -1.922315256484417 -0.5046392916372966 14.022610181804598 20.68155427969952 34.57014958372869 16.647136811774068 19.16015331825373 8.442220298110914 12.818672864838408 0.047361485618883314 3.017394252343883 19.650553100447766 7.487197962942161 11.295243706554565 1.682130744153838 5.304434229575108 21.182659809874345 -1.0780669036592805 7.055022139821325 2.602609615211531 -6.871302634399913 -4.721813338910222 -8.231591314873084 0.8221277148133588
18.817635270541082 10.493760231687439 1.611931418488144 5.087002196525994 3.119078385022007 -1.911258630037107 -0.4935826651899866 14.033666808251908 20.69261090614683 34.581206210176 16.658193438221378 19.171209944701037 8.453276924558224 12.829729491285718 0.058418112066193295 3.028450878791193 19.661609726895087 7.498254589389471 11.306300333001875 1.693187370601148 5.315490856022418 21.193716436321655 -1.0670102772119705 7.066078766268635 2.6136662416588585 -6.860246007952603 -4.710756712462912 -8.220534688425774 0.8331843412606688
18.877755511022045 10.504800628016362 1.6229718148170669 5.098042592854917 3.13011878135093 -1.900218233708184 -0.48254226886106366 14.044707204580831 20.703651302475752 34.592246606504936 16.66923383455032 19.18225034102996 8.464317320887147 12.840769887614641 0.06945850839513401 3.039491275120116 19.67265012322401 7.509294985718394 11.317340729330798 1.704227766930071 5.326531252351359 21.204756832650578 -1.0559698808830476 7.077119162597558 2.6247066379877815 -6.84920561162368 -4.699716316133989 -8.209494292096851 0.8442247375895917
18.937875751503004 10.515824817573733 1.6339960043744561 5.109066782412306 3.1411429709083194 -1.8891940441507948 -0.4715180793036744 14.05573139413822 20.71467549203314 34.60327079606231 16.68025802410769 19.19327453058735 8.475341510444537 12.85179407717203 0.08048269795250551 3.0505154646775052 19.683674312781392 7.520319175275783 11.328364918888187 1.7152519564874424 5.33755544190873 21.215781022207967 -1.044945691325676 7.0881433521549475 2.635730827545153 -6.838181422066291 -4.6886921265765995 -8.19847010253948 0.855248927146981
18.997995991983966 10.526832823897951 1.645004010698674 5.120074788736524 3.1521509772325373 -1.878186037826577 -0.46051007297945645 14.066739400462438 20.72568349835736 34.61427880238653 16.69126603043191 19.20428253691156 8.486349516768755 12.862802083496248 0.09149070427672346 3.061523471001723 19.69468231910561 7.531327181600001 11.339372925212405 1.7262599628116604 5.348563448232948 21.226789028532185 -1.033937685001458 7.0991513584791655 2.646738833869371 -6.827173415742073 -4.677684120252382 -8.187462096215262 0.8662569334711989
19.05811623246493 10.537824672609677 1.6559958594103996 5.131066637448249 3.163142825944263 -1.8671941891148691 -0.4495182242677309 14.077731249174164 20.736675347069074 34.625270651098255 16.702257879143634 19.215274385623285 8.497341365480462 12.873793932207974 0.102482552988449 3.0725153197134487 19.705674167817335 7.5423190303117265 11.350364773924131 1.737251811523386 5.359555296944674 21.2377808772439 -1.0229458362897326 7.110143207190891 2.6577306825810965 -6.816181567030347 -4.666692271540674 -8.176470247503536 0.8772487821829067
19.118236472945892 10.548800387069601 1.666971573870324 5.142042351908156 3.174118540404187 -1.8562184746549448 -0.4385425098078066 14.088706963634088 20.747651061528998 34.63624636555818 16.713233593603558 19.22625010008321 8.508317079940387 12.884769646667898 0.11345826744837328 3.083491034173373 19.71664988227726 7.553294744771633 11.361340488384055 1.7482275259833102 5.370531011404598 21.248756591703824 -1.0119701218298083 7.121118921650815 2.6687063970410208 -6.805205852570441 -4.6557165570807495 -8.165494533043612 0.888224496642831
19.178356713426854 10.559759989649251 1.677931176449956 5.153001954487806 3.1850781429838193 -1.845258872075295 -0.4275829072281745 14.09966656621372 20.75861066410864 34.64720596813782 16.724193196183208 19.23720970266285 8.519276682520037 12.89572924924753 0.12441787002800542 3.094450636753005 19.7276094848569 7.564254347351283 11.372300090963687 1.7591871285629601 5.38149061398423 21.259716194283467 -1.0010105192501584 7.132078524230447 2.6796659996206706 -6.794246249990791 -4.6447569545011 -8.154534930463962 0.8991840992224809
19.238476953907814 10.570703504780035 1.6888746915807573 5.163945469618607 3.1960216581146206 -1.8343153569445114 -0.4166393920973732 14.110610081344522 20.769554179239442 34.658149483268616 16.73513671131399 19.248153217793643 8.53022019765082 12.906672764378332 0.1353613851588067 3.1053941518838064 19.73855299998769 7.575197862482084 11.383243606094489 1.7701306436937436 5.392434129115031 21.270659709414268 -0.9900670041193749 7.143022039361249 2.690609514751454 -6.78330273485999 -4.633813439370298 -8.143591415333178 0.9101276143532644
