web/models/mosfit_kne/mosfit_kn_1.0000/mosfit_kn_0.022361_0.1553_1.0000.dat
# %ECSV 1.0
# ---
# datatype:
# - {name: time, datatype: float64}
# - {name: PS1_g, datatype: float64}
# - {name: PS1_i, datatype: float64}
# - {name: PS1_r, datatype: float64}
# - {name: PS1_w, datatype: float64}
# - {name: PS1_y, datatype: float64}
# - {name: PS1_z, datatype: float64}
# - {name: swift_uvot_B, datatype: float64}
# - {name: swift_uvot_U, datatype: float64}
# - {name: swift_uvot_uvm2, datatype: float64}
# - {name: swift_uvot_uvw1, datatype: float64}
# - {name: swift_uvot_uvw2, datatype: float64}
# - {name: swift_uvot_V, datatype: float64}
# - {name: johnson_B, datatype: float64}
# - {name: johnson_I, datatype: float64}
# - {name: johnson_R, datatype: float64}
# - {name: johnson_U, datatype: float64}
# - {name: johnson_V, datatype: float64}
# - {name: sdss_g, datatype: float64}
# - {name: sdss_i, datatype: float64}
# - {name: sdss_r, datatype: float64}
# - {name: sdss_u, datatype: float64}
# - {name: sdss_z, datatype: float64}
# - {name: ATLAS_c, datatype: float64}
# - {name: ATLAS_o, datatype: float64}
# - {name: ukirt_H, datatype: float64}
# - {name: ukirt_J, datatype: float64}
# - {name: ukirt_K, datatype: float64}
# - {name: Clear, datatype: float64}
# meta: !!omap
# - comment: [kappa = 1.0, type = rprocess, mass = 0.022360679775100388, velocity = 0.15533333333333332, theta_obs = 0.0, tfloor = 1000.0]
# schema: astropy-2.0
time PS1_g PS1_i PS1_r PS1_w PS1_y PS1_z swift_uvot_B swift_uvot_U swift_uvot_uvm2 swift_uvot_uvw1 swift_uvot_uvw2 swift_uvot_V johnson_B johnson_I johnson_R johnson_U johnson_V sdss_g sdss_i sdss_r sdss_u sdss_z ATLAS_c ATLAS_o ukirt_H ukirt_J ukirt_K Clear
[from data line 172]
10.400801603206412 6.998278944302836 -1.8835498688964414 1.5915209091413907 -0.3764029023625781 -5.40673991742171 -3.989063952574572 10.538185520867323 17.197129618762244 31.085724922791403 13.162712150836793 15.675728657316444 4.9577956371736205 9.334248203901133 -3.437063175318392 -0.46703040859339207 16.166128439510484 4.002773302004868 7.810819045617272 -1.802293916783455 1.8200095686378326 17.69823514893707 -4.562491564596574 3.57059747888405 -0.8818150457257445 -10.355727295337205 -8.206237999847515 -11.716015975810377 -2.6622969461239343
10.460921843687375 7.009665838400174 -1.872162974799103 1.602907803238729 -0.3650160082652576 -5.395353023324372 -3.9776770584772336 10.549572414964661 17.208516512859564 31.097111816888745 13.174099044934131 15.687115551413783 4.969182531270959 9.345635097998471 -3.4256762812210537 -0.4556435144960538 16.177515333607822 4.014160196102206 7.82220593971461 -1.7909070226861168 1.8313964627351709 17.70962204303439 -4.551104670499235 3.5819843729813705 -0.8704281516284063 -10.344340401239867 -8.194851105750177 -11.704629081713039 -2.650910052026596
10.521042084168336 7.020980937887256 -1.8608478753120217 1.6142229027258104 -0.35370090877817617 -5.38403792383729 -3.966361958990152 10.560887514451743 17.219831612346645 31.108426916375823 13.185414144421213 15.698430650900864 4.98049763075804 9.356950197485535 -3.4143611817339723 -0.4443284150089901 16.188830433094903 4.025475295589287 7.833521039201692 -1.7795919231990354 1.8427115622222523 17.72093714252147 -4.539789571012154 3.593299472468452 -0.8591130521413248 -10.333025301752786 -8.183536006263095 -11.693313982225957 -2.6395949525395146
10.581162324649299 7.032226390537133 -1.8496024226621621 1.6254683553756877 -0.34245545612829886 -5.372792471187413 -3.9551165063402927 10.57213296710162 17.231077064996523 31.119672369025697 13.19665959707109 15.709676103550741 4.9917430834079175 9.368195650135412 -3.403115729084095 -0.4330829623591128 16.20007588574478 4.036720748239165 7.844766491851569 -1.768346470549158 1.8539570148721296 17.73218259517135 -4.5285441183622765 3.6045449251183292 -0.8478675994914475 -10.321779849102908 -8.172290553613218 -11.68206852957608 -2.6283494998896373
10.64128256513026 7.043400685034751 -1.8384281281645443 1.6366426498733055 -0.331281161630681 -5.361618176689795 -3.943942211842675 10.58330726159922 17.24225135949414 31.130846663523318 13.207833891568708 15.72085039804836 5.002917377905535 9.37936994463303 -3.391941434586495 -0.42190866786149495 16.2112501802424 4.047895042736783 7.855940786349187 -1.7571721760515402 1.8651313093697475 17.743356889668966 -4.517369823864659 3.615719219615947 -0.8366933049938297 -10.31060555460529 -8.1611162591156 -11.670894235078462 -2.6171752053920194
10.701402805611222 7.054506394189914 -1.8273224190093629 1.6477483590284692 -0.3201754524755174 -5.350512467534632 -3.9328365026874934 10.594412970754401 17.253357068649304 31.141952372678478 13.218939600723871 15.731956107203523 5.014023087060699 9.390475653788211 -3.3808357254313135 -0.41080295870631356 16.222355889397562 4.059000751891946 7.867046495504351 -1.7460664668963766 1.876237018524911 17.75446259882413 -4.506264114709495 3.6268249287711107 -0.825587595838666 -10.299499845450127 -8.150010549960436 -11.659788525923299 -2.606069496236856
10.761523046092185 7.06554433353638 -1.8162844796628974 1.6587862983749524 -0.30913751312903415 -5.339474528188148 -3.921798563341028 10.605450910100867 17.264395007995788 31.152990312024958 13.229977540070337 15.742994046549988 5.025061026407182 9.401513593134677 -3.369797786084848 -0.3997650193598481 16.233393828744045 4.070038691238429 7.878084434850834 -1.735028527549911 1.8872749578713766 17.765500538170613 -4.49522617536303 3.637862868117594 -0.8145496564922006 -10.288461906103644 -8.138972610613953 -11.648750586576833 -2.5950315568903903
10.821643286573146 7.0765155358668075 -1.8053132773324876 1.6697575007053622 -0.2981663107986243 -5.328503325857739 -3.910827361010618 10.616422112431277 17.275366210326197 31.163961514355375 13.240948742400764 15.753965248880416 5.036032228737592 9.412484795465087 -3.3588265837544204 -0.38879381702943827 16.244365031074455 4.081009893568839 7.889055637181244 -1.7240573252194835 1.8982461602018041 17.776471740501023 -4.484254973032602 3.648834070448004 -0.803578454161773 -10.277490703773234 -8.128001408283543 -11.637779384246405 -2.5840603545599627
10.881763527054108 7.087421029732948 -1.7944077834663297 1.6806629945715201 -0.2872608169324664 -5.317597831991581 -3.89992186714446 10.627327606297435 17.286271704192355 31.174867008221522 13.251854236266905 15.764870742746556 5.046937722603732 9.423390289331245 -3.3479210898882803 -0.37788832316328036 16.255270524940613 4.091915387434997 7.899961131047402 -1.7131518313533434 1.9091516540679443 17.78737723436718 -4.473349479166462 3.6597395643141617 -0.7926729602956328 -10.266585209907076 -8.117095914417385 -11.626873890380265 -2.5731548606938226
10.941883767535069 7.098261663925367 -1.7835671492739102 1.6915036287639218 -0.276420182740047 -5.306757197799179 -3.889081232952041 10.638168240489854 17.297112338384775 31.185707642413934 13.262694870459324 15.775711376938975 5.057778356796152 9.434230923523664 -3.337080455695861 -0.36704768897086093 16.266111159133015 4.102756021627399 7.910801765239821 -1.702311197160924 1.9199922882603637 17.7982178685596 -4.462508844974042 3.670580198506581 -0.7818323261032134 -10.255744575714674 -8.106255280224984 -11.616033256187846 -2.562314226501403
11.002004008016032 7.109038271024435 -1.7727905421748424 1.7022802358630074 -0.2656435756409792 -5.295980590700093 -3.878304625852973 10.648944847588922 17.307888945483842 31.19648424951301 13.273471477558392 15.786487984038043 5.068554963895237 9.445007530622732 -3.326303848596793 -0.3562710818717931 16.2768877662321 4.113532628726484 7.921578372338889 -1.6915345900618561 1.9307688953594315 17.808994475658668 -4.451732237874975 3.681356805605649 -0.7710557190041456 -10.244967968615589 -8.095478673125898 -11.605256649088778 -2.5515376194023176
11.062124248496994 7.119751854224496 -1.762076958974781 1.712993819063069 -0.25492999244091763 -5.28526700750005 -3.8675910426529114 10.659658430788983 17.318602528683904 31.207197832713074 13.284185060758453 15.797201567238105 5.079268547095281 9.455721113822793 -3.3155902653967315 -0.3455574986717316 16.287601349432144 4.124246211926546 7.93229195553895 -1.6808210068617946 1.941482478559493 17.81970805885873 -4.441018654674913 3.6920703888057105 -0.760342135804084 -10.234254385415527 -8.084765089925854 -11.594543065888717 -2.540824036202274
11.122244488977955 7.130403242892669 -1.7514255703066262 1.7236452077312236 -0.2442786037727629 -5.274615618831877 -3.8569396539847567 10.670309819457138 17.32925391735206 31.217849221381226 13.294836449426608 15.80785295590626 5.0899199357634535 9.466372502490948 -3.304938876728577 -0.33490611000357684 16.298252738100317 4.134897600594701 7.942943344207105 -1.670169618193622 1.9521338672276478 17.830359447526885 -4.430367266006741 3.702721777473865 -0.7496907471359293 -10.223602996747372 -8.074113701257682 -11.583891677220544 -2.5301726475341013
11.182364729458918 7.1409931621431255 -1.7408356510561518 1.7342351269816803 -0.23368868452228853 -5.2640256995814205 -3.8463497347342823 10.680899738707613 17.339843836602533 31.228439140631696 13.305426368677082 15.818442875156734 5.10050985501391 9.476962421741423 -3.2943489574781024 -0.3243161907531025 16.308842657350773 4.145487519845157 7.953533263457562 -1.6595796989431655 1.9627237864781222 17.84094936677736 -4.419777346756284 3.713311696724322 -0.739100827885455 -10.213013077496916 -8.063523782007225 -11.573301757970087 -2.5195827282836447
11.242484969939879 7.151522484615445 -1.7303063285838327 1.744764449454017 -0.22315936204996945 -5.2534963771091014 -3.8358204122619632 10.691429061179932 17.350373159074852 31.23896846310402 13.315955691149401 15.828972197629053 5.111039177486229 9.487491744213742 -3.2838196350057833 -0.3137868682807834 16.319371979823092 4.156016842317494 7.964062585929899 -1.6490503764708464 1.9732531089504413 17.851478689249678 -4.409248024283965 3.7238410191966587 -0.7285715054131359 -10.202483755024579 -8.052994459534888 -11.562772435497768 -2.5090534058113256
11.302605210420841 7.161992080014823 -1.7198367331844722 1.7552340448533776 -0.2126897666506089 -5.243026781709723 -3.8253508168626027 10.701898656579292 17.360842754474213 31.249438058503383 13.326425286548762 15.839441793028413 5.1215087728856075 9.497961339613102 -3.273350039606423 -0.30331727288142285 16.32984157522247 4.166486437716855 7.974532181329259 -1.638580781071468 1.9837227043498018 17.86194828464904 -4.398778428884587 3.734310614596019 -0.7181019100137576 -10.192014159625218 -8.042524864135528 -11.55230284009839 -2.4985838104119473
11.362725450901802 7.172402656370647 -1.7094261568286484 1.7656446212092014 -0.20227919029478514 -5.232616205353899 -3.814940240506779 10.712309232935134 17.371253330830037 31.259848634859214 13.336835862904604 15.849852369384255 5.131919349241431 9.508371915968926 -3.2629394632505813 -0.2929066965255991 16.340252151578294 4.176897014072678 7.984942757685083 -1.6281702047156443 1.9941332807056433 17.872358861004862 -4.388367852528763 3.744721190951843 -0.7076913336579338 -10.181603583269395 -8.032114287779704 -11.541892263742566 -2.4881732340561236
11.422845691382765 7.182754925555095 -1.6990738876441824 1.7759968903936496 -0.19192692111031917 -5.222263936169451 -3.804587971322313 10.722661502119582 17.381605600014502 31.270200904043666 13.347188132089052 15.860204638568703 5.142271618425879 9.518724185153392 -3.252587194066133 -0.2825544273411331 16.350604420762743 4.187249283257127 7.995295026869531 -1.6178179355311961 2.0044855498900915 17.88271113018933 -4.378015583344315 3.755073460136291 -0.6973390644734856 -10.171251314084946 -8.021762018595256 -11.531539994558118 -2.4778209648716754
11.482965931863728 7.193049725485725 -1.6887790877135522 1.7862916903242798 -0.18163212117970673 -5.211969136238821 -3.7942931713916828 10.732956302050212 17.391900399945115 31.280495703974292 13.357482932019682 15.870499438499333 5.15256641835651 9.529018985084022 -3.242292394135503 -0.2722596274105207 16.360899220693373 4.197544083187757 8.005589826800161 -1.607523135600566 2.0147803498207217 17.89300593011994 -4.367720783413684 3.7653682600669214 -0.6870442645428554 -10.160956514154316 -8.011467218664626 -11.521245194627488 -2.467526164941045
11.543086172344688 7.203287796472448 -1.6785410167268289 1.7965297613110032 -0.17139405019298337 -5.201731065252098 -3.7840551004049594 10.743194373036935 17.40213847093184 31.290733774961016 13.367721003006405 15.880737509486057 5.162804489343233 9.539257056070745 -3.2320543231487795 -0.26202155642377956 16.371137291680096 4.20778215417448 8.015827897786885 -1.5972850646138426 2.025018420807445 17.903244001106664 -4.357482712426961 3.7756063310536447 -0.676806193556132 -10.150718443167593 -8.001229147677902 -11.511007123640765 -2.457288093954322
11.603206412825651 7.213469736488705 -1.6683590767105905 1.8067117013272593 -0.1612121101767272 -5.1915491252358414 -3.773873160388721 10.753376313053192 17.412320410948094 31.30091571497727 13.377902943022661 15.890919449502313 5.172986429359489 9.549438996086984 -3.2218723831325233 -0.25183961640754116 16.381319231696352 4.217964094190736 8.02600983780314 -1.5871031245975864 2.0352003608237013 17.91342594112292 -4.347300772410705 3.785788271069901 -0.6666242535398759 -10.140536503151337 -7.991047207661646 -11.500825183624508 -2.4471061539380656
11.663326653306612 7.2235962826840705 -1.6582325305152246 1.8168382475226252 -0.1510855639813613 -5.1814225790404755 -3.763746614193355 10.76350285924854 17.42244695714346 31.311042261172627 13.38802948921801 15.901045995697661 5.183112975554855 9.55956554228235 -3.211745836937175 -0.24171307021217525 16.391445777891718 4.228090640386102 8.036136383998507 -1.5769765784022205 2.0453269070190494 17.923552487318286 -4.337174226215339 3.795914817265267 -0.65649770734451 -10.13040995695597 -7.98092066146628 -11.490698637429142 -2.4369796077426997
11.723446893787575 7.233668193909448 -1.6481606192898468 1.826910158748003 -0.14101365275598354 -5.171350667815098 -3.7536747029679773 10.773574770473918 17.432518868368838 31.32111417239801 13.398101400443387 15.911117906923039 5.193184886780233 9.569637453507728 -3.2016739257117974 -0.2316411589867975 16.401517689117096 4.23816255161148 8.046208295223884 -1.5669046671768427 2.055398818244427 17.933624398543664 -4.327102314989961 3.8059867284906446 -0.6464257961191322 -10.120338045730593 -7.9708487502409024 -11.480626726203765 -2.426907696517322
11.783567134268537 7.243686094776489 -1.6381427184227881 1.836928059615044 -0.13099575188894264 -5.161332766948057 -3.7436568021009187 10.783592671340976 17.44253676923588 31.331132073265056 13.408119301310446 15.921135807790098 5.203202787647274 9.579655354374786 -3.1916560248447388 -0.22162325811975658 16.411535589984137 4.248180452478521 8.056226196090925 -1.5568867663098018 2.065416719111486 17.943642299410705 -4.31708441412292 3.8160046293576855 -0.6364078952520913 -10.110320144863552 -7.9608308493738615 -11.470608825336724 -2.416889795650281
11.843687374749498 7.253650550276962 -1.6281782629223152 1.8468925151155169 -0.12103129638845189 -5.151368311447584 -3.7336923466004457 10.79355712684145 17.452501224736352 31.34109652876553 13.418083756810919 15.93110026329057 5.213167243147747 9.58961980987526 -3.181691569344266 -0.21165880261926584 16.42150004548461 4.258144907978994 8.066190651591398 -1.5469223108093288 2.075381174611959 17.953606754911178 -4.307119958622447 3.8259690848581585 -0.6264434397516183 -10.100355689363079 -7.950866393873389 -11.46064436983625 -2.406925340149808
11.90380761523046 7.263562308706835 -1.6182665044924427 1.8568042735453893 -0.11111953795859719 -5.141456553017711 -3.7237805881705732 10.803468885271322 17.462412983166224 31.351008287195402 13.427995515240791 15.941012021720443 5.223079001577619 9.599531568305132 -3.1717798109143933 -0.20174704418939338 16.431411803914482 4.268056666408866 8.07610241002127 -1.5370105523794564 2.0852929330418313 17.96351851334105 -4.297208200192575 3.835880843288031 -0.6165316813217459 -10.090443930933207 -7.940954635443516 -11.450732611406378 -2.3970135817199356
11.963927855711422 7.273422016947109 -1.6084067962521864 1.8666639817856634 -0.10125982971832315 -5.131596844777437 -3.713920879930317 10.813328593511578 17.4722726914065 31.360867995435672 13.437855223481066 15.950871729960717 5.232938709817893 9.609391276545388 -3.1619201026741193 -0.1918873359491371 16.441271512154756 4.27791637464914 8.085962118261545 -1.5271508441391823 2.0951526412821053 17.973378221581324 -4.287348491952301 3.845740551528305 -0.6066719730814718 -10.080584222692933 -7.931094927203242 -11.440872903166104 -2.3871538734796616
12.024048096192384 7.283230210660463 -1.5985986025388144 1.8764721754990177 -0.0914516360049511 -5.121788651064083 -3.704112686216945 10.82313678722495 17.48208088511987 31.37067618914904 13.44766341719442 15.960679923674071 5.2427469035312475 9.61919947025876 -3.152111908960765 -0.18207914223576505 16.45107970586811 4.2877245683625125 8.095770311974917 -1.517342650425828 2.1049608349954596 17.983186415294696 -4.2775402982389465 3.855548745241677 -0.5968637793681175 -10.07077602897956 -7.921286733489888 -11.43106470945275 -2.3773456797663073
