web/models/mosfit_kne/mosfit_kn_1.0000/mosfit_kn_0.002290_0.1710_1.0000.dat
# %ECSV 1.0
# ---
# datatype:
# - {name: time, datatype: float64}
# - {name: PS1_g, datatype: float64}
# - {name: PS1_i, datatype: float64}
# - {name: PS1_r, datatype: float64}
# - {name: PS1_w, datatype: float64}
# - {name: PS1_y, datatype: float64}
# - {name: PS1_z, datatype: float64}
# - {name: swift_uvot_B, datatype: float64}
# - {name: swift_uvot_U, datatype: float64}
# - {name: swift_uvot_uvm2, datatype: float64}
# - {name: swift_uvot_uvw1, datatype: float64}
# - {name: swift_uvot_uvw2, datatype: float64}
# - {name: swift_uvot_V, datatype: float64}
# - {name: johnson_B, datatype: float64}
# - {name: johnson_I, datatype: float64}
# - {name: johnson_R, datatype: float64}
# - {name: johnson_U, datatype: float64}
# - {name: johnson_V, datatype: float64}
# - {name: sdss_g, datatype: float64}
# - {name: sdss_i, datatype: float64}
# - {name: sdss_r, datatype: float64}
# - {name: sdss_u, datatype: float64}
# - {name: sdss_z, datatype: float64}
# - {name: ATLAS_c, datatype: float64}
# - {name: ATLAS_o, datatype: float64}
# - {name: ukirt_H, datatype: float64}
# - {name: ukirt_J, datatype: float64}
# - {name: ukirt_K, datatype: float64}
# - {name: Clear, datatype: float64}
# meta: !!omap
# - comment: [kappa = 1.0, type = rprocess, mass = 0.0022901433483143324, velocity = 0.17100000000000004, theta_obs = 0.0, tfloor = 1000.0]
# schema: astropy-2.0
time PS1_g PS1_i PS1_r PS1_w PS1_y PS1_z swift_uvot_B swift_uvot_U swift_uvot_uvm2 swift_uvot_uvw1 swift_uvot_uvw2 swift_uvot_V johnson_B johnson_I johnson_R johnson_U johnson_V sdss_g sdss_i sdss_r sdss_u sdss_z ATLAS_c ATLAS_o ukirt_H ukirt_J ukirt_K Clear
[from data line 58]
3.5470941883767533 5.973040608800968 -2.0783114789737667 1.0691719166587887 -0.6041395546824191 -5.240797728774815 -3.9764964046592155 9.17915042104897 15.103204949674804 28.144888505770947 12.077927206965988 14.41544805558896 4.078031262505337 8.1691486535629 -3.509617606790779 -0.718620294075685 14.198696777621656 3.287944588493075 6.711947911720539 -2.0043869374657852 1.262307209756628 15.635989414837805 -4.466842382064371 2.9239232057398823 -1.1081018558837563 -9.602565866206215 -7.7185204449722615 -10.770242359971183 -2.6040465061436535
3.6072144288577155 6.397744564349441 -1.8004845233162214 1.4050571188868055 -0.3200131719595767 -5.026851117348965 -3.7354806955535835 9.66289974525682 15.716520741825164 28.910267896430465 12.514918544654758 14.882192517670948 4.4768725212637035 8.619520190941628 -3.2532861041256487 -0.429380621928275 14.79006301643097 3.6587890062945965 7.14974357885243 -1.7252212777287745 1.604347733541669 16.243893204634077 -4.240077615885269 3.2819400506569707 -0.8241716397308707 -9.492298604255199 -7.56132706434787 -10.69398145578498 -2.3699285261537106
3.6673346693386772 6.8227997054248135 -1.5221769660310969 1.7413184259168268 -0.03562489339945074 -4.812332024913264 -3.4938910750307173 10.146946933680752 16.33020201021246 29.674812400556323 12.951445210260548 15.34903788908252 4.876152452580135 9.06981172838131 -2.9965071567308774 -0.14026803869323667 15.381633570653193 4.029589028156891 7.587850596213315 -1.4455938989207695 1.9468035127588834 16.852088803741534 -4.012915990172878 3.640244821047638 -0.5400045901953021 -9.381450856668481 -7.4035826194109315 -10.6171392781299 -2.1357558128098653
3.727454909819639 7.24832687918239 -1.2433176835510196 2.078047629772861 0.2491095455898673 -4.597189552794649 -3.2516684087381087 10.631430045222679 16.944423770004686 30.438825855362698 13.387677023699833 15.816128956054364 5.275977067270669 9.520160589365481 -2.739215582066797 0.14880419646072984 15.973575802275757 4.400445388309236 8.026393166879089 -1.1654334952504897 2.289765965294457 17.460746601666397 -3.7853032090185934 3.998942976593902 -0.25551710927246063 -9.269999856162181 -7.245251368449493 -10.539701143824656 -1.901455354534729
3.787575150300601 7.674036629006604 -0.9641146943100054 2.415005680001645 0.5339894006640122 -4.381595159330143 -3.0090000590817745 11.116024344205904 17.55878239077875 31.2018939565388 13.82336183053555 16.283162496777962 5.676065393972151 9.970271598644867 -2.481606103108379 0.43763453975503386 16.56549852871957 4.771097888044891 8.46507357553989 -0.8849490482340627 2.6329901704238345 18.06946356109579 -3.557418371970993 4.357789014489395 0.029089829906219222 -9.158052838828963 -7.086469288218849 -10.461752184568399 -1.6671942633444203
3.847695390781563 8.100140701174947 -0.6844337647994436 2.7523585130340322 0.8191618806284495 -4.165447270532017 -2.765770923096529 11.600970403201057 18.173580409327492 31.9644652277244 14.258757895187859 16.750380960673606 6.076610155334776 10.42037747991612 -2.223554637444095 0.7263744594101837 17.157692666044866 5.14172852457014 8.904109424190061 -0.6040058682009963 2.9766430460433746 18.678536967183792 -3.3291540007896003 4.716965762199461 0.3139631147550048 -9.045556768928831 -6.927161080014271 -10.383254346275839 -1.4328466758812297
3.9078156312625247 8.39494614182124 -0.4868826713780372 2.9881881066598126 1.020264295155826 -4.010072719903288 -2.5923967550561677 11.934852718385727 18.593796816280648 32.48239212030982 14.559379348355197 17.07239585483485 6.354462834692042 10.730915401419537 -2.040395977799988 0.9296367889250121 17.562795637028906 5.39944049952329 9.207486243135694 -0.4056267192650509 3.2166767661562368 19.094902346455473 -3.1658243670781694 4.967264676402454 0.5148521517926596 -8.959060097818783 -6.809570802329093 -10.319348778291973 -1.2656297486055124
3.967935871743487 8.428730648942366 -0.45309816425691096 3.021972613780939 1.0540488022769523 -3.976288212782162 -2.5586122479350415 11.968637225506853 18.627581323401774 32.516176627430944 14.593163855476323 17.106180361955975 6.388247341813169 10.764699908540663 -2.0066114706788616 0.9634212960461384 17.596580144150032 5.433225006644416 9.24127075025682 -0.3718422121439069 3.250461273277363 19.1286868535766 -3.1320398599570254 5.00104918352358 0.5486366589137859 -8.925275590697657 -6.775786295207967 -10.285564271170829 -1.2318452414843861
4.028056112224449 8.462020245131665 -0.41980856806763 3.05526220997022 1.0873383984662333 -3.942998616592881 -2.5253226517457605 12.001926821696152 18.660870919591055 32.549466223620236 14.626453451665622 17.139469958145273 6.42153693800245 10.797989504729944 -1.9733218744895629 0.9967108922354193 17.629869740339313 5.466514602833697 9.274560346446101 -0.33855261595462594 3.2837508694666617 19.16197644976588 -3.0987502637677444 5.034338779712861 0.5819262551030846 -8.891985994508376 -6.742496699018686 -10.252274674981548 -1.1985556452951052
4.0881763527054105 8.494830436374539 -0.3869983768247387 3.0880724012130933 1.1201485897091068 -3.9101884253500074 -2.4925124605028692 12.034737012939026 18.69368111083393 32.58227641486311 14.659263642908495 17.172280149388147 6.454347129245323 10.830799695972836 -1.9405116832466893 1.0295210834783106 17.662679931582186 5.49932479407657 9.307370537688975 -0.3057424247117524 3.3165610607095353 19.194786641008754 -3.065940072524871 5.067148970955735 0.6147364463459581 -8.859175803265503 -6.709686507775812 -10.219464483738674 -1.1657454540522316
4.148296593186372 8.527175846985617 -0.35465296621365994 3.120417811824172 1.1524940003201856 -3.8778430147389287 -2.4601670498917905 12.067082423550104 18.726026521445007 32.61462182547419 14.691609053519574 17.204625559999226 6.486692539856402 10.863145106583914 -1.9081662726356106 1.0618664940893716 17.695025342193265 5.531670204687649 9.339715948300054 -0.27339701410067363 3.348906471320614 19.227132051619833 -3.033594661913792 5.099494381566814 0.6470818569570369 -8.826830392654424 -6.677341097164733 -10.187119073127596 -1.1334000434411529
4.208416833667335 8.55907052272892 -0.3227582904703574 3.1523124875674924 1.1843886760635058 -3.8459483389956084 -2.428272374148488 12.098977099293407 18.757921197188328 32.6465165012175 14.723503729262877 17.23652023574253 6.518587215599722 10.895039782327217 -1.876271596892308 1.093761169832692 17.726920017936585 5.563564880430969 9.371610624043374 -0.24150233835737112 3.3808011470639165 19.259026727363153 -3.0016999861704896 5.131389057310134 0.6789765327003394 -8.794935716911104 -6.645446421421413 -10.155224397384293 -1.1015053676978326
4.268537074148297 8.590528004901472 -0.29130080829780525 3.183769969740027 1.215846158236058 -3.814490856823074 -2.396814891975936 12.130434581465959 18.78937867936088 32.67797398339005 14.754961211435429 17.26797771791508 6.550044697772257 10.926497264499769 -1.8448141147197559 1.125218652005244 17.75837750010912 5.595022362603522 9.403068106215926 -0.21004485618481894 3.4122586292364687 19.290484209535705 -2.9702425039979374 5.162846539482686 0.7104340148728916 -8.763478234738551 -6.613988939248879 -10.12376691521174 -1.0700478855252982
4.328657314629258 8.621561036776537 -0.2602677764227401 3.214803001615092 1.2468791901111054 -3.783457824948009 -2.3657818601008707 12.161467613341024 18.820411711235927 32.70900701526511 14.785994243310494 17.299010749790146 6.581077729647322 10.957530296374834 -1.8137810828446908 1.1562516838802914 17.789410531984185 5.626055394478569 9.434101138090973 -0.17901182430975382 3.443291661111534 19.321517241410753 -2.9392094721228723 5.1938795713577335 0.7414670467479567 -8.732445202863504 -6.5829559073738135 -10.092733883336676 -1.039014853650233
4.38877755511022 8.6521817357451 -0.22964707745417812 3.245423700583654 1.2774998890796674 -3.752837125979447 -2.3351611611323086 12.192088312309586 18.85103241020449 32.73962771423367 14.816614942279056 17.329631448758708 6.611698428615884 10.988150995343378 -1.7831603838761287 1.1868723828488534 17.820031230952747 5.656676093447131 9.464721837059535 -0.1483911253411918 3.473912360080096 19.352137940379315 -2.9085887731543103 5.2245002703262955 0.7720877457165187 -8.701824503894942 -6.5523352084052515 -10.062113184368114 -1.008394154681671
4.448897795591182 8.682440428709874 -0.19938838448940288 3.275682393548429 1.3077585820444426 -3.7225784330146716 -2.3049024681675334 12.222347005274361 18.881291103169264 32.76988640719845 14.846873635243831 17.359890141723483 6.641957121580659 11.018409688308171 -1.7529016909113535 1.2171310758136464 17.850289923917522 5.686934786411906 9.49498053002431 -0.11813243237641657 3.504171053044871 19.38239663334409 -2.878330080189535 5.254758963291071 0.802346438681294 -8.671565810930167 -6.522076515440476 -10.031854491403339 -0.9781354617168958
4.509018036072144 8.712248168846681 -0.169580644352596 3.305490133685236 1.3375663221812495 -3.6927706928778647 -2.2750947280307265 12.252154745411168 18.91109884330607 32.79969414733525 14.876681375380638 17.38969788186029 6.671764861717466 11.04821742844496 -1.7230939507745466 1.2469388159504355 17.88009766405433 5.716742526548713 9.524788270161118 -0.0883246922396097 3.533978793181678 19.412204373480897 -2.848522340052728 5.284566703427878 0.8321541788181008 -8.64175807079336 -6.492268775303669 -10.002046751266532 -0.9483277215800889
4.569138276553106 8.741690553121728 -0.14013826007754915 3.334932517960283 1.3670087064563141 -3.663328308602818 -2.2456523437556797 12.281597129686215 18.940541227581136 32.829136531610295 14.906123759655685 17.419140266135337 6.701207245992513 11.077659812720025 -1.6936515664994998 1.2763812002255002 17.909540048329376 5.74618491082376 9.554230654436182 -0.05888230796456284 3.563421177456725 19.44164675775596 -2.8190799557776813 5.314009087702942 0.8615965630931477 -8.612315686518313 -6.4628263910286226 -9.972604366991485 -0.9188853373050421
4.629258517034068 8.770769919335226 -0.1110588938640511 3.364011884173781 1.3960880726698122 -3.63424894238932 -2.2165729775421816 12.310676495899713 18.969620593794634 32.858215897823804 14.935203125869183 17.448219632348835 6.730286612206011 11.106739178933523 -1.6645722002860017 1.3054605664389982 17.938619414542874 5.775264277037276 9.58331002064968 -0.029802941751064793 3.592500543670223 19.47072612396946 -2.7900005895641833 5.34308845391644 0.8906759293066457 -8.583236320304815 -6.4337470248151245 -9.943525000777987 -0.889805971091544
4.68937875751503 8.799492536962656 -0.08233627623662088 3.392734501801229 1.4248106902972424 -3.6055263247618896 -2.1878503599147514 12.339399113527143 18.998343211422064 32.886938515451234 14.963925743496613 17.476942249976265 6.759009229833441 11.135461796560953 -1.6358495826585715 1.3341831840664284 17.967342032170304 5.803986894664706 9.61203263827711 -0.0010803241236345684 3.621223161297653 19.49944874159689 -2.761277971936753 5.3718110715438705 0.919398546934076 -8.554513702677367 -6.4050244071876765 -9.914802383150557 -0.8610833534641138
4.749498997995992 8.827866516863079 -0.0539622963362163 3.4211084817016335 1.453184670197647 -3.5771523448614673 -2.159476380014347 12.367773093427548 19.02671719132247 32.91531249535164 14.992299723397018 17.50531622987667 6.787383209733863 11.163835776461358 -1.607475602758167 1.362557163966833 17.995716012070726 5.8323608745651105 9.640406618177515 0.027293655776787773 3.6495971411980577 19.527822721497294 -2.7329039920363307 5.400185051444275 0.9477725268344983 -8.526139722776962 -6.376650427287272 -9.886428403250134 -0.8327093735636915
4.809619238476953 8.855900220066086 -0.02592859313320872 3.449142184904641 1.4812183734006545 -3.5491186416584597 -2.1314426768113393 12.395806796630573 19.054750894525476 32.94334619855466 15.020333426600043 17.533349933079695 6.815416912936871 11.191869479664366 -1.5794418995551416 1.3905908671698406 18.023749715273734 5.860394577768118 9.668440321380523 0.05532735897979535 3.677630844401083 19.555856424700302 -2.704870288833323 5.428218754647283 0.9758062300375059 -8.498106019573955 -6.348616724084264 -9.858394700047127 -0.8046756703606839
4.869739478957916 8.883601972380184 0.001773159180888939 3.4768439372187387 1.5089201257147522 -3.521416889344362 -2.1037409244972416 12.423508548944671 19.082452646839574 32.97104795086876 15.04803517891414 17.561051685393792 6.843118665250969 11.219571231978463 -1.551740147241044 1.4182926194839383 18.05145146758783 5.888096330082216 9.69614207369462 0.08302911129389301 3.7053325967151807 19.5835581770144 -2.6771685365192255 5.45592050696138 1.0035079823516035 -8.470404267259857 -6.320914971770167 -9.830692947733029 -0.7769739180465862
4.929859719438878 8.910980043122017 0.02915122992273922 3.504222007960589 1.5362981964566025 -3.4940388186025295 -2.0763628537553913 12.450886619686504 19.109830717581424 32.9984260216106 15.075413249655973 17.588429756135625 6.870496735992801 11.246949302720314 -1.5243620764992114 1.4456706902257885 18.078829538329664 5.915474400824066 9.72352014443647 0.11040718203572553 3.732710667457013 19.61093624775625 -2.649790465777393 5.483298577703231 1.030886053093436 -8.443026196518007 -6.293536901028316 -9.803314876991196 -0.7495958473047537
4.98997995991984 8.938042199035099 0.05621338583582158 3.5312841638736536 1.5633603523696848 -3.466976662689447 -2.049300697842309 12.477948775599586 19.13689287349449 33.02548817752367 15.102475405569056 17.615491912048707 6.8975588919058834 11.274011458633396 -1.497299920586129 1.472732846138871 18.105891694242747 5.942536556737131 9.750582300349535 0.1374693379488079 3.7597728233700956 19.637998403669314 -2.6227283098643106 5.510360733616295 1.0579482090065184 -8.415964040604942 -6.266474745115252 -9.776252721078114 -0.7225336913916713
5.050100200400801 8.964796183838217 0.08296737063892223 3.558038148676772 1.5901143371727855 -3.4402226778863287 -2.0225467130392083 12.504702760402687 19.163646858297607 33.052242162326785 15.129229390372174 17.642245896851826 6.924312876709002 11.300765443436497 -1.4705459357830106 1.4994868309419715 18.132645679045865 5.969290541540249 9.777336285152654 0.1642233227519263 3.786526808173214 19.664752388472433 -2.595974325061192 5.537114718419414 1.0847021938096368 -8.389210055801824 -6.239720760312133 -9.749498736274996 -0.6957797065885529
5.110220440881763 8.991249245669053 0.10942043246977562 3.5844912105076077 1.6165673990036389 -3.413769616055493 -1.996093651208355 12.53115582223354 19.19009992012846 33.07869522415762 15.15568245220301 17.66869895868266 6.9507659385398375 11.32721850526735 -1.444092873952175 1.525939892772825 18.1590987408767 5.995743603371085 9.80378934698349 0.19067638458276193 3.8129798700040496 19.691205450303286 -2.5695212632303566 5.563567780250267 1.1111552556404725 -8.362756993970988 -6.213267698481298 -9.72304567444416 -0.6693266447577173
5.170340681362725 9.0174085029515 0.13557968975222323 3.610650467790073 1.6427266562860865 -3.3876103587730277 -1.9699343939259073 12.557315079515988 19.216259177410908 33.10485448144008 15.181841709485457 17.69485821596511 6.976925195822285 11.353377762549798 -1.4179336166697274 1.5520991500552725 18.185257998159166 6.02190286065355 9.829948604265955 0.21683564186520954 3.839139127286497 19.717364707585734 -2.543362005947909 5.589727037532715 1.13731451292292 -8.336597736688523 -6.187108441198832 -9.696886417161712 -0.6431673874752697
