web/models/mosfit_kne/mosfit_kn_1.0000/mosfit_kn_0.001230_0.4217_1.0000.dat
# %ECSV 1.0
# ---
# datatype:
# - {name: time, datatype: float64}
# - {name: PS1_g, datatype: float64}
# - {name: PS1_i, datatype: float64}
# - {name: PS1_r, datatype: float64}
# - {name: PS1_w, datatype: float64}
# - {name: PS1_y, datatype: float64}
# - {name: PS1_z, datatype: float64}
# - {name: swift_uvot_B, datatype: float64}
# - {name: swift_uvot_U, datatype: float64}
# - {name: swift_uvot_uvm2, datatype: float64}
# - {name: swift_uvot_uvw1, datatype: float64}
# - {name: swift_uvot_uvw2, datatype: float64}
# - {name: swift_uvot_V, datatype: float64}
# - {name: johnson_B, datatype: float64}
# - {name: johnson_I, datatype: float64}
# - {name: johnson_R, datatype: float64}
# - {name: johnson_U, datatype: float64}
# - {name: johnson_V, datatype: float64}
# - {name: sdss_g, datatype: float64}
# - {name: sdss_i, datatype: float64}
# - {name: sdss_r, datatype: float64}
# - {name: sdss_u, datatype: float64}
# - {name: sdss_z, datatype: float64}
# - {name: ATLAS_c, datatype: float64}
# - {name: ATLAS_o, datatype: float64}
# - {name: ukirt_H, datatype: float64}
# - {name: ukirt_J, datatype: float64}
# - {name: ukirt_K, datatype: float64}
# - {name: Clear, datatype: float64}
# meta: !!omap
# - comment: [kappa = 1.0, type = rprocess, mass = 0.0012301715156502338, velocity = 0.4216666666666667, theta_obs = 0.0, tfloor = 1000.0]
# schema: astropy-2.0
time PS1_g PS1_i PS1_r PS1_w PS1_y PS1_z swift_uvot_B swift_uvot_U swift_uvot_uvm2 swift_uvot_uvw1 swift_uvot_uvw2 swift_uvot_V johnson_B johnson_I johnson_R johnson_U johnson_V sdss_g sdss_i sdss_r sdss_u sdss_z ATLAS_c ATLAS_o ukirt_H ukirt_J ukirt_K Clear
[from data line 88]
5.350701402805611 11.87081427244376 2.988985459244482 6.464056237282314 4.4961324257783275 -0.5342045892807867 0.8834713755663515 15.410720849008246 22.06966494690316 35.958260250932334 18.035247478977716 20.548263985457357 9.830330965314545 14.206783532042039 1.4354721528225314 4.405504919547513 21.038663767651407 8.87530863014579 12.683354373758196 3.0702414113574683 6.692544896778756 22.570770477077986 0.3100437635443498 8.443132807024956 3.990720282415179 -5.483191967196283 -3.3337026717065914 -6.843480647669454 2.210238382016989
5.410821643286573 11.911748881975779 3.029920068776484 6.504990846814334 4.537067035310347 -0.4932699797487672 0.9244059850983533 15.451655458540248 22.11059955643517 35.99919486046434 18.076182088509718 20.58919859498938 9.871265574846564 14.247718141574058 1.4764067623545332 4.446439529079533 21.079598377183427 8.91624323967781 12.724288983290215 3.111176020889488 6.733479506310758 22.611705086609994 0.35097837307636937 8.484067416556975 4.031654891947198 -5.442257357664263 -3.292768062174572 -6.802546038137434 2.2511729915490086
5.4709418837675345 11.9524642771019 3.0706354639026223 6.545706241940454 4.577782430436486 -0.4525545846226464 0.9651213802244918 15.492370853666387 22.151314951561297 36.03991025559047 18.116897483635857 20.629913990115508 9.911980969972685 14.288433536700197 1.5171221574806717 4.487154924205671 21.120313772309547 8.95695863480393 12.765004378416336 3.1518914160156086 6.774194901436896 22.652420481736122 0.39169376820249013 8.524782811683096 4.072370287073319 -5.4015419625381424 -3.252052667048451 -6.761830643011313 2.2918883866751294
5.531062124248497 11.992961591091866 3.111132777892589 6.586203555930439 4.618279744426452 -0.41205727063266195 1.0056186942144585 15.532868167656353 22.191812265551274 36.080407569580444 18.157394797625823 20.67041130410548 9.95247828396267 14.328930850690163 1.5576194714706384 4.527652238195638 21.160811086299525 8.997455948793915 12.80550169240632 3.192388730005593 6.814692215426863 22.6929177957261 0.4321910821924746 8.56528012567308 4.112867601063286 -5.361044648548158 -3.2115553530584666 -6.721333329021329 2.332385700665114
5.591182364729459 12.033242263357167 3.1514134501578894 6.626484228195739 4.658560416691753 -0.37177659836736154 1.045899366479759 15.573148839921654 22.232092937816574 36.12068824184575 18.197675469891124 20.710691976370786 9.99275895622797 14.369211522955464 1.5979001437359388 4.5679329104609385 21.20109175856482 9.037736621059215 12.84578236467162 3.2326694022708935 6.854972887692163 22.7331984679914 0.472471754457775 8.60556079793838 4.153148273328586 -5.320763976282858 -3.171274680793166 -6.681052656756028 2.3726663729304143
5.651302605210421 12.073307672927704 3.191478859728427 6.666549637766277 4.69862582626229 -0.3317111887968238 1.0859647760502966 15.613214249492191 22.272158347387112 36.160753651416286 18.23774087946166 20.750757385941313 10.03282436579849 14.409276932526002 1.6379655533064765 4.607998320031476 21.24115716813536 9.077802030629753 12.885847774242158 3.2727348118414135 6.895038297262701 22.773263877561938 0.512537164028295 8.645626207508919 4.193213682899124 -5.28069856671232 -3.1312092712226285 -6.6409872471855085 2.4127317825009342
5.7114228456913825 12.113159138766338 3.2313303255670434 6.706401103604893 4.738477292100907 -0.2918597229582076 1.1258162418889128 15.653065715330808 22.31200981322573 36.2006051172549 18.277592345300278 20.79060885177994 10.072675831637124 14.449128398364618 1.6778170191450927 4.6478497858700925 21.281008633973986 9.11765349646837 12.925699240080775 3.3125862776800474 6.934889763101317 22.813115343400554 0.5523886298669289 8.685477673347535 4.233065148737758 -5.240847100873704 -3.0913578053840123 -6.6011357813468745 2.452583248339568
5.771543086172344 12.152797932185528 3.270969118986251 6.746039897024083 4.778116085520114 -0.25222092953901765 1.1654550353081206 15.692704508750015 22.35164860664493 36.2402439106741 18.317231138719485 20.830247645199137 10.112314625056314 14.488767191783825 1.7174558125643005 4.6874885792893 21.320647427393183 9.15729228988756 12.965338033499965 3.3522250710992374 6.974528556520525 22.852754136819755 0.5920274232861189 8.725116466766742 4.272703942156948 -5.201208307454514 -3.0517190119648228 -6.5614969879276845 2.492222041758758
5.831663326653306 12.19222528194111 3.310396468741832 6.785467246779664 4.817543435275677 -0.21279357978343683 1.2048823850637014 15.732131858505596 22.391075956400506 36.27967126042968 18.356658488475066 20.86967499495471 10.151741974811895 14.528194541539406 1.7568831623198813 4.726915929044863 21.360074777148757 9.19671963964314 13.004765383255545 3.391652420854818 7.013955906276106 22.892181486575332 0.6314547730416997 8.764543816522306 4.312131291912529 -5.161780957698933 -3.012291662209242 -6.522069638172104 2.531649391514339
5.891783567134269 12.23144238928544 3.3496135760861634 6.824684354123995 4.856760542620009 -0.17357647243910534 1.2440994924080329 15.771348965849928 22.43029306374484 36.318888367774015 18.395875595819398 20.90889210229904 10.190959082156226 14.56741164888372 1.7961002696642128 4.766133036389195 21.39929188449309 9.235936746987472 13.043982490599877 3.4308695281991497 7.053173013620437 22.931398593919667 0.6706718803860312 8.803760923866637 4.35134839925686 -5.122563850354601 -2.9730745548649105 -6.482852530827772 2.5708664988586705
5.95190380761523 12.270450423352148 3.388621610152871 6.863692388190703 4.895768576686734 -0.13456843837239774 1.2831075264747405 15.810356999916635 22.469301097811545 36.35789640184072 18.434883629886105 20.947900136365757 10.229967116222934 14.606419682950445 1.8351083037309204 4.80514107045592 21.438299918559807 9.27494478105418 13.082990524666585 3.4698775622658573 7.092181047687145 22.97040662798637 0.7096799144527388 8.842768957933362 4.390356433323568 -5.083555816287894 -2.934066520798203 -6.443844496761065 2.609874532925378
6.012024048096192 12.309250536477876 3.4274217232785986 6.902492501316431 4.934568689812444 -0.09576832524667012 1.321907639600468 15.849157113042363 22.508101210937276 36.39669651496644 18.473683743011833 20.986700249491474 10.268767229348661 14.645219796076155 1.873908416856648 4.84394118358163 21.477100031685524 9.313744894179907 13.121790637792312 3.508677675391585 7.130981160812873 23.009206741112102 0.7484800275784664 8.881569071059072 4.4291565464492955 -5.044755703162166 -2.8952664076724752 -6.405044383635337 2.6486746460511057
6.072144288577154 12.347843865830015 3.4660150526307376 6.94108583066857 4.973162019164583 -0.05717499589453112 1.360500968952607 15.887750442394502 22.546694540289415 36.43528984431858 18.512277072363972 21.025293578843613 10.3073605587008 14.683813125428294 1.912501746208787 4.882534512933769 21.515693361037663 9.352338223532046 13.160383967144451 3.547271004743724 7.169574490165012 23.04780007046424 0.7870733569306054 8.920162400411211 4.4677498758014345 -5.006162373810027 -2.8566730783203362 -6.366451054283198 2.6872679754032447
6.132264529058116 12.386231532110088 3.5044027189108107 6.9794734969486605 5.011549685444674 -0.018787329614440296 1.3988886352326801 15.926138108674575 22.585082206569496 36.47367751059867 18.550664738644045 21.063681245123696 10.345748224980873 14.722200791708385 1.95088941248886 4.92092217921386 21.554081027317743 9.390725889812137 13.198771633424542 3.585658671023797 7.207962156445085 23.08618773674432 0.8254610232106785 8.958550066691302 4.5061375420815075 -4.967774707529936 -2.8182854120402454 -6.328063388003125 2.7256556416833178
6.192384769539078 12.424414654140676 3.542585840941399 7.017656618979231 5.049732807475245 0.01939579241613032 1.4370717572632685 15.964321230705163 22.623265328600077 36.511860632629244 18.588847860674633 21.101864367154274 10.383931347011462 14.760383913738956 1.9890725345194484 4.95910530124443 21.592264149348324 9.428909011842707 13.236954755455113 3.6238417930543854 7.246145278475673 23.124370858774903 0.8636441452412669 8.996733188721873 4.544320664112096 -4.929591585499366 -2.780102290009675 -6.289880265972537 2.763838763713906
6.25250501002004 12.46239434055573 3.580565527356452 7.055636305394284 5.087712493890315 0.0573754788311831 1.4750514436783213 16.002300917120216 22.661245015015126 36.5498403190443 18.626827547089686 21.139844053569337 10.421911033426515 14.798363600154026 2.027052220934501 4.997084987659501 21.630243835763387 9.46688869825776 13.274934441870165 3.661821479469438 7.284124964890726 23.162350545189952 0.9016238316563197 9.034712875136943 4.582300350527149 -4.891611899084313 -2.742122603594622 -6.251900579557484 2.801818450128959
6.312625250501002 12.500195462656762 3.618366649457485 7.093437427495317 5.125513615991331 0.09517660093221636 1.5128525657793546 16.04010203922125 22.699046137116163 36.58764144114533 18.66462866919072 21.17764517567036 10.459712155527548 14.83616472225506 2.0648533430355345 5.034886109760516 21.66804495786441 9.504689820358793 13.312735563971199 3.6996226015704714 7.321926086991759 23.20015166729099 0.9394249537573529 9.072513997237959 4.620101472628182 -4.85381077698328 -2.7043214814935888 -6.2140994574564505 2.839619572229992
6.372745490981964 12.537747905946706 3.6559190927474106 7.13098987078526 5.163066059281274 0.1327290442221596 1.55040500906928 16.077654482511175 22.736598580406095 36.62519388443527 18.702181112480645 21.215197618960307 10.497264598817491 14.873717165544985 2.10240578632546 5.07243855305046 21.705597401154343 9.542242263648737 13.350288007261142 3.7371750448604146 7.3594785302816845 23.23770411058092 0.9769773970472961 9.110066440527902 4.657653915918107 -4.8162583336933364 -2.6667690382036455 -6.176547014166507 2.8771720155199354
6.432865731462925 12.57512388332918 3.6932950701299028 7.168365848167735 5.200442036663766 0.17010502160463403 1.5877809864517722 16.115030459893667 22.773974557788577 36.66256986181775 18.739557089863137 21.25257359634279 10.534640576199966 14.911093142927477 2.139781763707952 5.109814530432952 21.742973378536828 9.579618241031211 13.387663984643616 3.774551022242889 7.396854507664177 23.275080087963403 1.0143533744297706 9.147442417910376 4.6950298933006 -4.778882356310862 -2.629393060821171 -6.139171036784033 2.91454799290241
6.492985971943887 12.612300923440074 3.7304721102407967 7.205542888278629 5.23761907677466 0.207282061715528 1.6249580265626662 16.15220750000456 22.811151597899475 36.699746901928656 18.77673412997403 21.289750636453682 10.57181761631086 14.948270183038371 2.176958803818846 5.146991570543846 21.78015041864773 9.616795281142123 13.424841024754528 3.811728062353783 7.434031547775071 23.3122571280743 1.0515304145406645 9.184619458021288 4.732206933411494 -4.741705316199968 -2.592216020710277 -6.101993996673139 2.951725033013304
6.55310621242485 12.649280085744525 3.767451272545248 7.242522050583098 5.274598239079111 0.24426122401999706 1.6619371888671175 16.189186662309012 22.848130760203933 36.7367260642331 18.81371329227849 21.326729798758134 10.608796778615329 14.985249345342822 2.2139379661232974 5.183970732848297 21.817129580952184 9.653774443446574 13.46182018705898 3.8487072246582343 7.471010710079522 23.34923629037876 1.0885095768451158 9.22159862032574 4.769186095715945 -4.704726153895499 -2.555236858405808 -6.065014834368688 2.988704195317755
6.613226452905812 12.686062489584344 3.804233676385067 7.279304454422917 5.31138064291893 0.2810436278597983 1.6987195927069365 16.22596906614883 22.884913164043752 36.773508468072926 18.8504956961183 21.363512202597953 10.64557918245513 15.022031749182641 2.2507203699631164 5.220753136688116 21.853911984792 9.690556847286393 13.498602590898798 3.8854896284980533 7.507793113919341 23.386018694218578 1.1252919806849349 9.258381024165558 4.805968499555764 -4.66794375005568 -2.518454454565989 -6.028232430528869 3.025486599157574
6.673346693386773 12.722649266048052 3.8408204528487744 7.315891230886624 5.347967419382638 0.3176304043235234 1.7353063691706438 16.26255584261254 22.92149994050746 36.81009524453663 18.88708247258202 21.40009897906167 10.682165958918855 15.058618525646349 2.2873071464268238 5.2573399131518235 21.890498761255706 9.7271436237501 13.535189367362506 3.9220764049617607 7.544379890383048 23.422605470682285 1.1618787571486422 9.294967800629266 4.842555276019471 -4.631356973591973 -2.4818676781022817 -5.991645654065161 3.062073375621299
6.733466933867735 12.759041544309664 3.877212731110369 7.352283509148219 5.384359697644232 0.3540226825851178 1.7716986474322383 16.298948120874133 22.957892218769054 36.846487522798235 18.923474750843614 21.436491257323265 10.71855823718045 15.095010803907943 2.323699424688436 5.293732191413418 21.92689103951731 9.763535902011695 13.5715816456241 3.958468683223373 7.5807721686446605 23.45899774894388 1.1982710354102544 9.33136007889086 4.878947554281083 -4.594964695330378 -2.4454753998406873 -5.955253375803549 3.0984656538828936
6.793587174348697 12.795240469073388 3.913411655874093 7.388482433911943 5.420558622407956 0.3902216073488418 1.8078975721959623 16.335147045637857 22.994091143532778 36.88268644756195 18.959673675607338 21.47269018208699 10.754757161944173 15.131209728671667 2.359898349452142 5.329931116177142 21.963089964281036 9.799734826775419 13.607780570387824 3.994667607987097 7.616971093408367 23.495196673707603 1.2344699601739784 9.367559003654584 4.915146479044807 -4.558765770566654 -2.4092764750769633 -5.919054451039825 3.1346645786466176
6.853707414829659 12.831247183940278 3.949418370741 7.42448914877885 5.4565653372748635 0.4262283222157315 1.8439042870628697 16.371153760504765 23.030097858399678 36.91869316242886 18.995680390474234 21.508696896953886 10.790763876811063 15.167216443538575 2.3959050643190496 5.365937831044049 21.999096679147932 9.835741541642326 13.643787285254732 4.0306743228539865 7.652977808275274 23.531203388574504 1.270476675040868 9.403565718521492 4.951153193911697 -4.522759055699747 -2.373269760210056 -5.883047736172935 3.1706712935135073
6.913827655310621 12.86706284548643 3.9852340322871527 7.460304810324985 5.492380998821016 0.46204398376188394 1.8797199486090221 16.406969422050917 23.06591351994583 36.954508823975 19.031496052020387 21.54451255850004 10.826579538357215 15.203032105084727 2.431720725865202 5.401753492590202 22.034912340694085 9.87155720318846 13.679602946800884 4.066489984400139 7.688793469821427 23.567019050120656 1.3062923365870205 9.439381380067644 4.9869688554578495 -4.486943394153612 -2.337454098663921 -5.847232074626783 3.2064869550596597
6.973947895791583 12.90268861115857 4.020859797959293 7.495930575997143 5.528006764493156 0.4976697494340421 1.9153457142811625 16.442595187723057 23.101539285617978 36.99013458964715 19.067121817692534 21.580138324172186 10.862205304029374 15.238657870756867 2.4673464915373424 5.437379258262342 22.07053810636623 9.907182968860619 13.715228712473024 4.102115750072279 7.724419235493567 23.602644815792804 1.3419181022591609 9.475007145739784 5.02259462112999 -4.451317628481454 -2.301828332991763 -5.811606308954643 3.242112720731818
7.034068136272545 12.93812565061435 4.056296837415072 7.531367615452904 5.563443803948935 0.5331067888898033 1.9507827537369415 16.478032227178836 23.136976325073746 37.02557162910292 19.102558857148306 21.615575363627958 10.897642343485135 15.274094910212646 2.5027835309931215 5.472816297718121 22.105975145822008 9.94262000831638 13.750665751928803 4.137552789528058 7.759856274949346 23.638081855248572 1.37735514171494 9.510444185195563 5.058031660585769 -4.415880589025693 -2.2663912935360018 -5.776169269498864 3.277549760187579
