web/models/mosfit_kne/mosfit_kn_1.0000/mosfit_kn_0.001000_0.1083_1.0000.dat
# %ECSV 1.0
# ---
# datatype:
# - {name: time, datatype: float64}
# - {name: PS1_g, datatype: float64}
# - {name: PS1_i, datatype: float64}
# - {name: PS1_r, datatype: float64}
# - {name: PS1_w, datatype: float64}
# - {name: PS1_y, datatype: float64}
# - {name: PS1_z, datatype: float64}
# - {name: swift_uvot_B, datatype: float64}
# - {name: swift_uvot_U, datatype: float64}
# - {name: swift_uvot_uvm2, datatype: float64}
# - {name: swift_uvot_uvw1, datatype: float64}
# - {name: swift_uvot_uvw2, datatype: float64}
# - {name: swift_uvot_V, datatype: float64}
# - {name: johnson_B, datatype: float64}
# - {name: johnson_I, datatype: float64}
# - {name: johnson_R, datatype: float64}
# - {name: johnson_U, datatype: float64}
# - {name: johnson_V, datatype: float64}
# - {name: sdss_g, datatype: float64}
# - {name: sdss_i, datatype: float64}
# - {name: sdss_r, datatype: float64}
# - {name: sdss_u, datatype: float64}
# - {name: sdss_z, datatype: float64}
# - {name: ATLAS_c, datatype: float64}
# - {name: ATLAS_o, datatype: float64}
# - {name: ukirt_H, datatype: float64}
# - {name: ukirt_J, datatype: float64}
# - {name: ukirt_K, datatype: float64}
# - {name: Clear, datatype: float64}
# meta: !!omap
# - comment: [kappa = 1.0, type = rprocess, mass = 0.001, velocity = 0.10833333333333334, theta_obs = 0.0, tfloor = 1000.0]
# schema: astropy-2.0
time PS1_g PS1_i PS1_r PS1_w PS1_y PS1_z swift_uvot_B swift_uvot_U swift_uvot_uvm2 swift_uvot_uvw1 swift_uvot_uvw2 swift_uvot_V johnson_B johnson_I johnson_R johnson_U johnson_V sdss_g sdss_i sdss_r sdss_u sdss_z ATLAS_c ATLAS_o ukirt_H ukirt_J ukirt_K Clear
[from data line 175]
10.581162324649299 11.148909412074914 2.2670805988756193 5.742151376913469 3.7742275654094826 -1.2561094496496317 0.16156651519748877 14.688815988639401 21.347760086534304 35.23635539056348 17.31334261860887 19.826359125088512 9.1084261049457 13.484878671673194 0.7135672924536864 3.6836000591786684 20.316758907282562 8.153403769776945 11.96144951338935 2.3483365509886234 5.970640036409911 21.84886561670913 -0.4118610968244951 7.721227946656111 3.268815422046334 -6.205096827565128 -4.055607532075436 -7.565385508038299 1.4883335216481441
10.64128256513026 11.161548048233314 2.2797192350340367 5.7547900130718865 3.7868662015679 -1.243470813491232 0.1742051513559062 14.701454624797801 21.36039872269272 35.248994026721896 17.32598125476727 19.838997761246922 9.1210647411041 13.497517307831611 0.7262059286120861 3.696238695337086 20.32939754344097 8.166042405935363 11.974088149547768 2.360975187147023 5.983278672568311 21.861504252867547 -0.39922246066609546 7.733866582814528 3.2814540582047336 -6.19245819140671 -4.042968895917019 -7.552746871879899 1.5009721578065438
10.701402805611222 11.174144627044207 2.2923158138449296 5.767386591882779 3.799462780378793 -1.2308742346803392 0.18680173016679902 14.714051203608694 21.372995301503614 35.26159060553279 17.338577833578164 19.851594340057815 9.133661319914992 13.510113886642504 0.7388025074229789 3.7088352741479786 20.34199412225186 8.178638984746256 11.98668472835866 2.373571765957916 5.9958752513792035 21.87410083167844 -0.38662588185520264 7.746463161625421 3.2940506370156264 -6.1798616125958175 -4.030372317106126 -7.540150293069006 1.5135687366174366
10.761523046092185 11.18669163116321 2.304862817963933 5.779933596001783 3.8120097844977963 -1.2183272305613357 0.19934873428580246 14.726598207727697 21.385542305622618 35.27413760965179 17.351124837697167 19.86414134417682 9.146208324033996 13.522660890761507 0.7513495115419824 3.721382278266982 20.35454112637087 8.191185988865259 11.999231732477664 2.3861187700769193 6.008422255498207 21.886647835797444 -0.3740788777361992 7.759010165744424 3.30659764113463 -6.167314608476814 -4.017825312987123 -7.527603288950003 1.52611574073644
10.821643286573146 11.199189698580039 2.3173608853807437 5.7924316634185935 3.824507851914607 -1.2058291631445073 0.21184680170261316 14.739096275144508 21.39804037303943 35.2866356770686 17.363622905113978 19.87663941159364 9.158706391450824 13.535158958178318 0.7638475789587931 3.733880345683793 20.367039193787676 8.20368405628207 12.011729799894475 2.3986168374937478 6.020920322915018 21.899145903214254 -0.3615808103193707 7.771508233161235 3.3190957085514405 -6.154816541060003 -4.005327245570312 -7.515105221533174 1.5386138081532685
10.881763527054108 11.211639788633931 2.329810975434654 5.804881753472486 3.8369579419684996 -1.1933790730906146 0.22429689175652356 14.751546365198418 21.410490463093332 35.2990857671225 17.37607299516789 19.88908950164753 9.171156481504717 13.54760904823221 0.7762976690127035 3.7463304357376854 20.37948928384158 8.216134146335962 12.024179889948368 2.4110669275476404 6.033370412968928 21.911595993268158 -0.3491307202654781 7.783958323215128 3.331545798605351 -6.142366451006111 -3.9928771555164193 -7.5026551314792815 1.5510638982071612
10.941883767535069 11.224042854877752 2.3422140416784742 5.817284819716324 3.8493610082123375 -1.1809760068467945 0.2366999580003437 14.763949431442239 21.422893529337152 35.31148883336633 17.38847606141171 19.90149256789136 9.183559547748537 13.560012114476049 0.7887007352565236 3.7587335019815233 20.391892350085406 8.2285372125798 12.036582956192206 2.4234699937914606 6.045773479212748 21.923999059511978 -0.33672765402165794 7.796361389458966 3.343948864849171 -6.129963384762273 -3.9804740892725814 -7.490252065235461 1.5634669644509813
11.002004008016032 11.23639983734714 2.3545710241478446 5.829641802185694 3.861717990681708 -1.1686190243774064 0.24905694046971405 14.776306413911609 21.43525051180653 35.32384581583571 17.400833043881097 19.91384955036074 9.195916530217925 13.572369096945419 0.801057717725894 3.7710904844508937 20.404249332554787 8.24089419504917 12.048939938661576 2.4358269762608487 6.058130461682136 21.936356041981355 -0.32437067155226984 7.808718371928336 3.356305847318559 -6.117606402292902 -3.968117106803211 -7.477895082766073 1.5758239469203694
11.062124248496994 11.248711662932447 2.3668828497331518 5.841953627771002 3.874029816267015 -1.1563071987920992 0.26136876605502124 14.788618239496916 21.447562337391837 35.33615764142102 17.413144869466404 19.926161375946048 9.208228355803232 13.584680922530726 0.8133695433112011 3.783402310036201 20.416561158140095 8.253206020634478 12.061251764246883 2.448138801846156 6.0704422872674435 21.948667867566662 -0.31205884596696265 7.821030197513643 3.3686176729038664 -6.105294576707595 -3.955805281217904 -7.465583257180766 1.5881357725056766
11.122244488977955 11.260979240489633 2.379150427290355 5.854221205328205 3.8862973938242185 -1.1440396212349135 0.27363634361222466 14.80088581705412 21.459829914949033 35.348425218978214 17.42541244702359 19.93842895350324 9.220495933360418 13.59694850008793 0.8256371208684046 3.7956698875934043 20.428828735697287 8.265473598191681 12.073519341804086 2.4604063794033415 6.082709864824629 21.96093544512386 -0.299791268409777 7.833297775070847 3.380885250461052 -6.093026999150392 -3.9435377036607004 -7.45331567962358 1.6004033500628623
11.182364729458918 11.273203455394913 2.391374642195636 5.866445420233486 3.8985216087294994 -1.1318154063296149 0.2858605585175056 14.8131100319594 21.47205412985432 35.360649433883495 17.43763666192887 19.950653168408532 9.232720148265717 13.60917271499321 0.8378613357736855 3.807894102498685 20.441052950602568 8.277697813096962 12.085743556709367 2.4726305943086224 6.09493407972991 21.973159660029147 -0.2875670535044783 7.8455219899761275 3.393109465366333 -6.080802784245111 -3.9313134887554195 -7.441091464718282 1.612627564968161
11.242484969939879 11.28538518572853 2.403556372529234 5.878627150567084 3.9107033390630974 -1.1196336759960168 0.2980422888511036 14.825291762292998 21.48423586018792 35.3728311642171 17.449818392262486 19.962834898742127 9.244901878599315 13.621354445326809 0.8500430661072835 3.8200758328322832 20.453234680936177 8.28987954343056 12.097925287042965 2.4848123246422382 6.107115810063526 21.985341390362745 -0.27538532317088027 7.8577037203097255 3.4052911956999488 -6.068621053911513 -3.9191317584218215 -7.428909734384684 1.624809295301759
11.302605210420841 11.297525292276536 2.4156964790772406 5.89076725711509 3.922843445611104 -1.1074935694480104 0.3101823953991101 14.837431868841005 21.496375966735926 35.38497127076511 17.461958498810493 19.974975005290137 9.257041985147321 13.633494551874815 0.86218317265529 3.8322159393802897 20.465374787484183 8.302019649978567 12.110065393590972 2.4969524311902447 6.119255916611532 21.99748149691075 -0.2632452166228738 7.869843826857732 3.417431302247955 -6.056480947363506 -3.906991651873815 -7.416769627836677 1.6369494018497655
11.362725450901802 11.309624616279521 2.427795803080244 5.902866581118094 3.934942769614107 -1.095394245445025 0.32228171940211325 14.849531192844008 21.50847529073893 35.3970705947681 17.474057822813478 19.98707432929313 9.269141309150307 13.645593875877818 0.8742824966582932 3.844315263383293 20.477474111487176 8.31411897398157 12.122164717593975 2.50905175519323 6.131355240614518 22.009580820913754 -0.2511458926198884 7.881943150860735 3.4295306262509406 -6.044381623360503 -3.894892327870812 -7.404670303833692 1.6490487258527509
11.422845691382765 11.321683980004327 2.4398551668050494 5.9149259448428815 3.9470021333389127 -1.0833348817202193 0.3343410831269189 14.861590556568814 21.520534654463724 35.4091299584929 17.486117186538284 19.999133693017935 9.281200672875112 13.657653239602624 0.8863418603830988 3.8563746271080985 20.489533475211974 8.326178337706358 12.134224081318763 2.5211111189180357 6.143414604339323 22.02164018463855 -0.23908652889508275 7.894002514585523 3.4415899899757463 -6.032322259635715 -3.882832964146024 -7.392610940108886 1.6611080895775565
11.482965931863728 11.333704197606558 2.4518753844072627 5.9269461624451125 3.959022350941126 -1.0713146641179883 0.34636130072914995 14.873610774171045 21.53255487206596 35.42115017609513 17.498137404140515 20.011153910620155 9.293220890477343 13.669673457204837 0.8983620779853299 3.868394844710312 20.501553692814205 8.338198555308589 12.146244298920994 2.533131336520267 6.1554348219415544 22.033660402240784 -0.2270663112928517 7.906022732187754 3.4536102075779773 -6.020302042033484 -3.870812746543793 -7.380590722506655 1.6731283071797876
11.543086172344688 11.345686060186004 2.463857246986727 5.938928025024559 3.9710042135205903 -1.0593328015385417 0.3583431633085965 14.885592636750491 21.544536734645405 35.433132038674586 17.51011926671996 20.023135773199613 9.30520275305679 13.681655319784301 0.9103439405647764 3.880376707289776 20.51353555539366 8.350180417888035 12.158226161500458 2.5451131990997133 6.167416684521001 22.04564226482023 -0.21508444871340515 7.918004594767218 3.465592070157424 -6.008320179454038 -3.8588308839643464 -7.368608859927209 1.6851101697592341
11.603206412825651 11.357630346545733 2.4758015333464556 5.950872311384305 3.982948499880319 -1.0473885151787954 0.37028744966832505 14.89753692311022 21.55648102100514 35.445076325034314 17.52206355307969 20.035080059559352 9.317147039416536 13.69359960614403 0.922288226924505 3.8923209936495047 20.525479841753388 8.362124704247782 12.170170447860187 2.557057485459442 6.1793609708807296 22.057586551179966 -0.20314016235365884 7.929948881126947 3.4775363565171524 -5.996375893094291 -3.8468865976046 -7.356664573567462 1.6970544561189804
11.663326653306612 11.369537817056727 2.4877090038574323 5.962779781895282 3.9948559703912956 -1.0354810446678187 0.3821949201793018 14.909444393621197 21.568388491516117 35.4569837955453 17.533971023590684 20.04698753007033 9.329054509927513 13.705507076655007 0.9341956974354817 3.9042284641604814 20.537387312264375 8.374032174758758 12.182077918371164 2.5689649559704364 6.191268441391724 22.069494021690943 -0.1912326918426821 7.941856351637924 3.489443827028147 -5.984468422583315 -3.8349791270936233 -7.3447571030564855 1.7089619266299572
11.723446893787575 11.381409215195823 2.499580401996546 5.974651180034378 4.006727368530392 -1.0236096465287225 0.39406631831841565 14.92131579176031 21.580259889655224 35.4688551936844 17.54584242172978 20.05885892820942 9.340925908066609 13.717378474794103 0.9460670955745956 3.9160998622995775 20.54925871040347 8.385903572897854 12.19394931651026 2.5808363541095325 6.20313983953082 22.08136541983005 -0.179361293703586 7.95372774977702 3.501315225167243 -5.972597024444219 -3.823107728954527 -7.3328857049173894 1.7208333247690533
11.783567134268537 11.39324527242735 2.5114164592280552 5.986487237265905 4.0185634257619185 -1.0117735892971957 0.4059023755499247 14.93315184899182 21.59209594688674 35.48069125091592 17.557678478961307 20.070694985440948 9.352761965298136 13.72921453202563 0.9579031528061224 3.9279359195311043 20.561094767634998 8.397739630129381 12.205785373741787 2.5926724113410593 6.214975896762347 22.093201477061566 -0.1675252364720592 7.965563807008547 3.51315128239877 -5.960760967212692 -3.8112716717230004 -7.321049647685863 1.73266938200058
11.843687374749498 11.4050467013465 2.5232178881472045 5.998288666185054 4.030364854681068 -0.9999721603780465 0.41770380446907396 14.944953277910969 21.60389737580589 35.492492679835074 17.569479907880456 20.082496414360097 9.364563394217285 13.741015960944779 0.9697045817252539 3.9397373484502536 20.572896196554147 8.40954105904853 12.217586802660936 2.6044738402602086 6.226777325681496 22.105002905980715 -0.15572380755290993 7.977365235927696 3.524952711317919 -5.9489595382935425 -3.799470242803851 -7.309248218766713 1.7444708109197293
11.90380761523046 11.416814202454209 2.534985389254931 6.010056167292763 4.0421323557887945 -0.9882046592703375 0.4294713055768007 14.956720779018696 21.615664876913605 35.50426018094278 17.581247408988165 20.094263915467817 9.376330895324994 13.752783462052506 0.9814720828329806 3.9515048495579803 20.584663697661856 8.42130856015624 12.229354303768645 2.6162413413679175 6.238544826789205 22.11677040708843 -0.14395630644520097 7.989132737035423 3.536720212425628 -5.9371920371858335 -3.787702741696142 -7.297480717659004 1.7562383120274383
11.963927855711422 11.428548451896106 2.5467196386968283 6.02179041673466 4.053866605230674 -0.9764704098284405 0.44120555501869774 14.968455028460593 21.627399126355506 35.51599443038467 17.592981658430062 20.105998164909703 9.388065144766891 13.764517711494403 0.9932063322748776 3.9632390989998596 20.596397947103753 8.433042809598136 12.241088553210542 2.6279755908098146 6.250279076231102 22.128504656530332 -0.13222205700330392 8.000866986477302 3.548454461867525 -5.9254577877439365 -3.775968492254245 -7.285746468217107 1.7679725614693353
12.024048096192384 11.440250123344544 2.558421310145249 6.033492088183099 4.065568276679112 -0.9647687383800019 0.45290722646711856 14.980156699909013 21.639100797803934 35.52769610183311 17.604683329878483 20.117699836358145 9.39976681621533 13.776219382942823 1.0049080037232985 3.974940770448298 20.608099618552192 8.444744481046575 12.25279022465898 2.639677262258253 6.261980747679523 22.14020632797876 -0.12052038555486533 8.01256865792574 3.5601561333159637 -5.913756116295498 -3.7642668208058065 -7.274044796768669 1.779674232917774
12.084168336673347 11.45191986429051 2.5700910510912323 6.045161829129064 4.077238017625078 -0.9530989974340365 0.4645769674131017 14.991826440854997 21.65077053874991 35.539365842779084 17.616353070824466 20.129369577304118 9.411436557161295 13.787889123888807 1.0165777446692816 3.9866105113942814 20.619769359498157 8.45641422199254 12.264459965604946 2.6513470032042186 6.273650488625506 22.151876068924736 -0.10885064460889993 8.024238398871706 3.571825874261929 -5.9020863753495325 -3.752597079859841 -7.262375055822703 1.7913439738637393
12.144288577154308 11.463558312168338 2.581729498969061 6.056800277006911 4.088876465502924 -0.9414605495561901 0.47621541529093037 15.003464888732825 21.662408986627746 35.55100429065692 17.627991518702295 20.141008025181947 9.423075005039141 13.799527571766635 1.0282161925471103 3.99824895927211 20.631407807375993 8.468052669870387 12.276098413482792 2.662985451082047 6.285288936503335 22.16351451680257 -0.09721219673107129 8.035876846749552 3.5834643221397577 -5.890447927471686 -3.7409586319819947 -7.250736607944875 1.8029824217415857
12.20440881763527 11.475166084371509 2.5933372711722313 6.068408049210063 4.100484237706077 -0.9298527773530374 0.4878231874941008 15.015072660935996 21.67401675883091 35.562612062860076 17.639599290905466 20.152615797385106 9.434682777242294 13.811135343969788 1.0398239647502807 4.009856731475263 20.643015579579156 8.47966044207354 12.287706185685945 2.6745932232852176 6.296896708706505 22.175122289005735 -0.08560442452790085 8.047484618952705 3.595072094342928 -5.878840155268533 -3.729350859778842 -7.239128835741704 1.8145901939447384
12.264529058116231 11.486743790494902 2.604914977295607 6.079985755333457 4.11206194382947 -0.9182750712296439 0.4994008936174765 15.026650367059371 21.685594464954292 35.57418976898347 17.65117699702886 20.164193503508503 9.446260483365688 13.822713050093181 1.0514016708736742 4.021434437598656 20.65459328570255 8.491238148196933 12.299283891809338 2.686170929408611 6.308474414829899 22.186699995129118 -0.07402671840450736 8.059062325076098 3.6066498004663217 -5.86726244914514 -3.7177731536554486 -7.227551129618311 1.826167900068132
