web/models/mosfit_kne/mosfit_kn_1.0000/mosfit_kn_0.077496_0.2963_1.0000.dat
# %ECSV 1.0
# ---
# datatype:
# - {name: time, datatype: float64}
# - {name: PS1_g, datatype: float64}
# - {name: PS1_i, datatype: float64}
# - {name: PS1_r, datatype: float64}
# - {name: PS1_w, datatype: float64}
# - {name: PS1_y, datatype: float64}
# - {name: PS1_z, datatype: float64}
# - {name: swift_uvot_B, datatype: float64}
# - {name: swift_uvot_U, datatype: float64}
# - {name: swift_uvot_uvm2, datatype: float64}
# - {name: swift_uvot_uvw1, datatype: float64}
# - {name: swift_uvot_uvw2, datatype: float64}
# - {name: swift_uvot_V, datatype: float64}
# - {name: johnson_B, datatype: float64}
# - {name: johnson_I, datatype: float64}
# - {name: johnson_R, datatype: float64}
# - {name: johnson_U, datatype: float64}
# - {name: johnson_V, datatype: float64}
# - {name: sdss_g, datatype: float64}
# - {name: sdss_i, datatype: float64}
# - {name: sdss_r, datatype: float64}
# - {name: sdss_u, datatype: float64}
# - {name: sdss_z, datatype: float64}
# - {name: ATLAS_c, datatype: float64}
# - {name: ATLAS_o, datatype: float64}
# - {name: ukirt_H, datatype: float64}
# - {name: ukirt_J, datatype: float64}
# - {name: ukirt_K, datatype: float64}
# - {name: Clear, datatype: float64}
# meta: !!omap
# - comment: [kappa = 1.0, type = rprocess, mass = 0.07749594937791414, velocity = 0.29633333333333334, theta_obs = 0.0, tfloor = 1000.0]
# schema: astropy-2.0
time PS1_g PS1_i PS1_r PS1_w PS1_y PS1_z swift_uvot_B swift_uvot_U swift_uvot_uvm2 swift_uvot_uvw1 swift_uvot_uvw2 swift_uvot_V johnson_B johnson_I johnson_R johnson_U johnson_V sdss_g sdss_i sdss_r sdss_u sdss_z ATLAS_c ATLAS_o ukirt_H ukirt_J ukirt_K Clear
[from data line 492]
29.639278557114228 7.929386182794378 -0.9524426304048994 2.5226281476329504 0.5547043361289639 -4.475632678930168 -3.05795671408303 11.469292759358865 18.128236857253786 32.016832161282956 14.093819389328335 16.606835895807986 5.8889028756651625 10.265355442392675 -2.50595593682685 0.4640768298981499 17.097235678002026 4.933880540496427 8.741926284108832 -0.8711866782919131 2.7511168071293746 18.62934238742861 -3.6313843261050316 4.501704717375592 0.04929219276579744 -9.424620056845646 -7.275130761355955 -10.784908737318835 -1.7311897076323923
29.69939879759519 7.933793695547227 -0.9480351176520507 2.5270356603857813 0.5591118488817948 -4.4712251661773195 -3.0535492013301813 11.473700272111714 18.132644370006616 32.0212396740358 14.098226902081183 16.611243408560835 5.893310388418011 10.269762955145524 -2.5015484240740014 0.4684843426509808 17.101643190754874 4.938288053249258 8.746333796861663 -0.8667791655390644 2.7555243198822232 18.633749900181442 -3.626976813352183 4.506112230128423 0.05369970551864611 -9.420212544092815 -7.270723248603124 -10.780501224565986 -1.7267821948795437
29.75951903807615 7.938193268701745 -0.943635544497532 2.5314352335403 0.5635114220363313 -4.466825593022801 -3.0491496281756625 11.478099845266232 18.137043943161153 32.02563924719033 14.102626475235702 16.615642981715354 5.89770996157253 10.274162528300042 -2.4971488509194826 0.47288391580551736 17.106042763909393 4.942687626403777 8.7507333700162 -0.8623795923845456 2.759923893036742 18.63814947333598 -3.622577240197664 4.510511803282959 0.05809927867316489 -9.415812970938296 -7.266323675448605 -10.776101651411468 -1.7223826217250249
29.819639278557112 7.942584948339295 -0.9392438648599999 2.53582691317785 0.5679031016738634 -4.462433913385251 -3.0447579485381304 11.482491524903782 18.141435622798685 32.03003092682787 14.107018154873252 16.620034661352904 5.90210164121008 10.278554207937574 -2.4927571712819327 0.4772755954430494 17.110434443546943 4.947079306041327 8.755125049653731 -0.8579879127469958 2.764315572674292 18.64254115297351 -3.6181855605601143 4.5149034829204915 0.06249095831071472 -9.411421291300746 -7.2619319958110555 -10.771709971773918 -1.717990942087475
29.879759519038075 7.94696877871532 -0.9348600344839575 2.5402107435538746 0.572286932049888 -4.458050083009226 -3.040374118162088 11.486875355279807 18.14581945317471 32.03441475720389 14.111401985249277 16.624418491728928 5.906485471586104 10.282938038313599 -2.488373340905908 0.48165942581907406 17.114818273922968 4.951463136417352 8.759508880029756 -0.8536040823709712 2.7686994030503165 18.646924983349535 -3.6138017301840897 4.519287313296516 0.06687478868673935 -9.407037460924721 -7.257548165435031 -10.767326141397893 -1.7136071117114504
29.939879759519037 7.951344802404545 -0.9304840107947321 2.5445867672431 0.5766629557391134 -4.453674059320001 -3.0359980944728626 11.491251378969032 18.150195476863935 32.038790780893116 14.115778008938502 16.628794515418154 5.91086149527533 10.287314062002842 -2.4839973172166827 0.48603544950831723 17.119194297612193 4.955839160106577 8.763884903718981 -0.8492280586817458 2.773075426739542 18.65130100703876 -3.6094257064948643 4.5236633369857415 0.07125081237596476 -9.402661437235496 -7.2531721417458055 -10.762950117708668 -1.709231088022225
30.0 7.955713060494531 -0.9261157527047637 2.548955025333086 0.5810312138290996 -4.449305801230015 -3.031629836382894 11.495619637059 18.15456373495392 32.0431590389831 14.120146267028488 16.633162773508122 5.915229753365316 10.29168232009281 -2.4796290591267143 0.49040370759828567 17.12356255570218 4.960207418196563 8.768253161808968 -0.8448598005917596 2.777443684829528 18.655669265128747 -3.605057448404878 4.528031595075728 0.07561907046595095 -9.39829317914551 -7.248803883655819 -10.758581859618682 -1.7048628299322388
