web/models/mosfit_kne/mosfit_kn_1.0000/mosfit_kn_0.177477_0.2650_1.0000.dat
# %ECSV 1.0
# ---
# datatype:
# - {name: time, datatype: float64}
# - {name: PS1_g, datatype: float64}
# - {name: PS1_i, datatype: float64}
# - {name: PS1_r, datatype: float64}
# - {name: PS1_w, datatype: float64}
# - {name: PS1_y, datatype: float64}
# - {name: PS1_z, datatype: float64}
# - {name: swift_uvot_B, datatype: float64}
# - {name: swift_uvot_U, datatype: float64}
# - {name: swift_uvot_uvm2, datatype: float64}
# - {name: swift_uvot_uvw1, datatype: float64}
# - {name: swift_uvot_uvw2, datatype: float64}
# - {name: swift_uvot_V, datatype: float64}
# - {name: johnson_B, datatype: float64}
# - {name: johnson_I, datatype: float64}
# - {name: johnson_R, datatype: float64}
# - {name: johnson_U, datatype: float64}
# - {name: johnson_V, datatype: float64}
# - {name: sdss_g, datatype: float64}
# - {name: sdss_i, datatype: float64}
# - {name: sdss_r, datatype: float64}
# - {name: sdss_u, datatype: float64}
# - {name: sdss_z, datatype: float64}
# - {name: ATLAS_c, datatype: float64}
# - {name: ATLAS_o, datatype: float64}
# - {name: ukirt_H, datatype: float64}
# - {name: ukirt_J, datatype: float64}
# - {name: ukirt_K, datatype: float64}
# - {name: Clear, datatype: float64}
# meta: !!omap
# - comment: [kappa = 1.0, type = rprocess, mass = 0.1774768329891343, velocity = 0.265, theta_obs = 0.0, tfloor = 1000.0]
# schema: astropy-2.0
time PS1_g PS1_i PS1_r PS1_w PS1_y PS1_z swift_uvot_B swift_uvot_U swift_uvot_uvm2 swift_uvot_uvw1 swift_uvot_uvw2 swift_uvot_V johnson_B johnson_I johnson_R johnson_U johnson_V sdss_g sdss_i sdss_r sdss_u sdss_z ATLAS_c ATLAS_o ukirt_H ukirt_J ukirt_K Clear
[from data line 141]
8.537074148296593 -7.97662007290965 -12.462085753843972 -10.740846218795266 -11.249786639296246 -14.07117796350363 -13.452233302038099 -6.191047428010449 -3.338093282188339 5.397548283407933 -2.574165653687625 -0.6711804293186705 -9.201165095851895 -6.54360757157891 -13.3917886137177 -11.586695113676583 -3.75876978716547 -9.472180531764918 -7.560773685341147 -12.42496399024187 -10.676112085131813 -2.683979406386001 -13.65324839479415 -9.472922942592898 -11.745811375030755 -15.96886031780604 -15.207242578147646 -16.33426873699628 -12.13125263605665
8.597194388777554 -7.862943650102352 -12.390494714529066 -10.652266152869228 -11.173211612506773 -14.01780262068053 -13.39143821269909 -6.060971426536429 -3.1727900453172353 5.623766526334319 -2.445346683639577 -0.5415217630466915 -9.096192111584173 -6.419301432971668 -13.32583548844574 -11.506916983309107 -3.5987623296427818 -9.371538336299421 -7.4432678419111475 -12.352905637101124 -10.586334950972134 -2.520224937620412 -13.595256257981756 -9.376395119275376 -11.669655812497837 -15.943551685860161 -15.169093291770395 -16.317948169845128 -12.066552794189072
8.657314629258517 -7.748433640788619 -12.318284838241063 -10.562982606570301 -11.09605947569003 -13.963909032850896 -13.330080228178076 -5.9299622871106825 -3.006346219067222 5.851141842682119 -2.3158657866759564 -0.41107686754559536 -8.990402244540327 -6.294144460486869 -13.259300564310063 -11.426537903647144 -3.437646447076592 -9.270143146293977 -7.324908210565937 -12.280226448444296 -10.495838728396159 -2.355327717107585 -13.536729640812215 -9.279162901185511 -11.592904639309491 -15.91790583571029 -15.13052427354376 -16.3013544168219 -12.001375703332702
8.71743486973948 -7.633141099126952 -12.24549095410806 -10.47303709440989 -11.018366858475623 -13.909524875545554 -13.268189889290163 -5.798077495137025 -2.838832526579438 6.079575959290648 -2.185777914875508 -0.27989938333434194 -8.883843162278879 -6.1681925722735045 -13.19221655254329 -11.345596852011656 -3.275491139286768 -9.168041660483064 -7.205747354343828 -12.206961455774294 -10.404665317197992 -2.189358066807383 -13.477698229402204 -9.181270709309217 -11.515594820628756 -15.891939499345217 -15.091557325663985 -16.28450070546101 -11.935753630398409
8.77755511022044 -7.517087066164301 -12.17212768927892 -10.382446967431846 -10.940148970909398 -13.854661861190873 -13.205780049518339 -5.665340715916552 -2.67027768310637 6.309027129100692 -2.055104407656731 -0.148009271117576 -8.77653457494657 -6.041469167757331 -13.12459727003515 -11.26411065121711 -3.1123246328779364 -9.065253602517467 -7.085806931963052 -12.133125379814889 -10.312832183272107 -2.0223446745603013 -13.418174667399239 -9.082736910868281 -11.437742012993919 -15.865659956149965 -15.052201819752733 -16.267392888216975 -11.869700160883188
8.837675350701403 -7.400241227069895 -12.098175051093794 -10.291188203918118 -10.86138449197298 -13.799304332792772 -13.14283323503954 -5.531717723592165 -2.5006384759680422 6.539549520332277 -1.9238096188828808 -0.015369072016987229 -8.668448272405886 -5.913942106267122 -13.05642416483262 -11.182058318077061 -2.9481053426378634 -8.96175255031478 -6.965055723749778 -12.058698136548163 -10.22031493438515 -1.8542449101307135 -13.358142404118283 -8.983535376873224 -11.359325483425113 -15.839058315954691 -15.012445835123367 -16.250024238667052 -11.803197115604114
8.897795591182364 -7.282674649240324 -12.023681403442605 -10.199318463495608 -10.782124142945193 -13.743490669200167 -13.079391853094116 -5.3972885994192685 -2.330013740541368 6.771008550614927 -1.7919704666279475 0.11794500781858419 -8.55965069415091 -5.785688844356706 -12.987742589246782 -11.099493448932122 -2.7829295606877946 -8.85760319532318 -6.843566900339937 -11.98372836425973 -10.12717183228375 -1.6851570129565374 -13.297642524663278 -8.883727759652942 -11.280396274360243 -15.812157571961901 -14.972319468704407 -16.232412796942445 -11.736288907591028
8.957915831663327 -7.164324088948071 -11.94860454089163 -10.106787189389141 -10.702323190446812 -13.68718764392355 -13.015418963860075 -5.261982002228055 -2.15831415364784 7.00351987507483 -1.6595150229661466 0.2520069924731385 -8.450082896233255 -5.656641649968556 -12.918513222979346 -11.016370835908457 -2.6167109538837896 -8.75274954289974 -6.721275339429074 -11.908173648538334 -10.033351636652021 -1.5149926349684328 -13.236639747223116 -8.783259403659649 -11.200910317737431 -15.78493844787889 -14.931797129199216 -16.2145437525211 -11.668937014286875
9.018036072144287 -7.04525020943219 -11.872985826894293 -10.013643665704297 -10.622024903363911 -13.630428100977277 -12.950950844478442 -5.125866299403895 -1.9856240141544388 7.236968800709353 -1.5265086387823241 0.3867521567167356 -8.339801646255449 -5.526866688407303 -12.848774867635335 -10.932736372115095 -2.44953170872946 -8.647246942087834 -6.598243500079892 -11.832075589972213 -9.938904146140004 -1.3438356190043876 -13.175169248005218 -8.682182906158662 -11.120911240938511 -15.75742064261117 -14.890904595049255 -16.19643255968787 -11.601179330613327
9.07815631262525 -6.925482131043346 -11.796845370563993 -9.919911769094814 -10.541250091777865 -13.573228084083127 -12.886005156474472 -4.988974305144015 -1.8119834544063804 7.471299756913081 -1.3929815870202762 0.5221510453549141 -8.228834295199771 -5.396395988169246 -12.778546450152987 -10.848612705068074 -2.2814311430094603 -8.541122395166381 -6.474501362972305 -11.755454420987963 -9.843853458792218 -1.1717260209330504 -13.113248277410232 -8.580523518757435 -11.040420303577054 -15.729613923308086 -14.849654570911673 -16.178086939527404 -11.533034204228105
9.138276553106213 -6.804976571315162 -11.720154414247173 -9.825557019180806 -10.45996819341731 -13.515564986461026 -12.820556732796469 -4.851257196517472 -1.6373311504032804 7.706591513292655 -1.2588844014146257 0.6582549087259406 -8.11714054542022 -5.265183397026888 -12.70780121925916 -10.763969304300655 -2.1123501093116137 -8.434337869333069 -6.350004363023132 -11.67828124828695 -9.748164606206586 -0.9986032704558134 -13.050852890178462 -8.478243852515757 -10.959407541540482 -15.701505259634022 -14.808029713832001 -16.159496915675714 -11.464475421591196
9.198396793587174 -6.68379439421221 -11.642954499039124 -9.73062888032004 -10.378222498082206 -13.457471800292904 -12.75464201898 -4.712783594053472 -1.4617517552656165 7.942730106713875 -1.1242823862776592 0.7949986562483038 -8.004777439716719 -5.133295183725529 -12.636578129938478 -10.678852088625803 -1.9423711370389651 -8.3269488889416 -6.224815165927744 -11.600597850309935 -9.651887595606059 -0.8245515953174554 -12.98801839904943 -8.375396585811092 -10.877916626929256 -15.673114391675306 -14.766055891980193 -16.14067792817776 -11.395540797427302
9.258517034068136 -6.561921186672954 -11.56523635499159 -9.635116140995503 -10.296002894397223 -13.398941328262541 -12.688252926468149 -4.573537238459596 -1.2852244339135408 8.1797411831792 -0.9891579791961997 0.9324010964101572 -7.891731679729468 -5.000716341678583 -12.564868642459174 -10.593251697010928 -1.771474377689668 -8.21894336295635 -6.098918932581299 -11.522394925343526 -9.555011018817812 -0.6495505956625358 -12.924737283141283 -8.271969277306468 -10.795937981003014 -15.644437357588355 -14.723727731262455 -16.121627020796204 -11.326221833943801
9.318637274549097 -6.439372633876506 -11.487011034369008 -9.539031851721234 -10.2133205953373 -13.339982446693117 -12.62139917971469 -4.433535815917128 -1.1077705523963564 8.417594903071347 -0.8535267586181301 1.0704473680397766 -7.7780181128010755 -4.867464333862962 -12.492683209420711 -10.50718084001809 -1.5996809402341694 -8.11033623745512 -5.972331813682175 -11.443683601653962 -9.457548032246699 -0.4736217371711504 -12.861019149844477 -8.167975500107278 -10.713483287818502 -15.615479661834058 -14.681052345551267 -16.102348571477997 -11.25652850534399
9.37875751503006 -6.316202451739059 -11.408315295641973 -9.442419731731881 -10.130213705836137 -13.280624375147259 -12.5541130471845 -4.292839909905704 -0.9294648183053231 8.656191704137331 -0.7174458648470501 1.2090802278135517 -7.663687187244322 -4.733597589257567 -12.420056302560535 -10.420680055122624 -1.4270636957567295 -8.001176601140221 -5.8451091146677925 -11.364500848669099 -9.359542854318796 -0.2968394119266726 -12.796895266685429 -8.063461661944533 -10.630591065206314 -15.586258779689427 -14.638052646996778 -16.08285622100224 -11.18649403209032
9.438877755511022 -6.192355191441141 -11.32911214037831 -9.345235477661262 -10.04664304011854 -13.220837969045363 -12.486362123659465 -4.151386992745812 -0.7502289008456129 8.895633320374717 -0.5808529950420289 1.3483638230039365 -7.548687237424663 -4.5990568363931175 -12.346953464949692 -10.333709881282182 -1.2535470042546426 -7.891415530758434 -5.717193750768335 -11.284809491299441 -9.260950576856093 -0.11912619147308234 -12.732334740991984 -7.958379842008458 -10.547222708598696 -15.556757802939739 -14.594706199916734 -16.063136963880172 -11.116084737232832
9.498997995991983 -6.067888599153246 -11.249441060414256 -9.247526060616273 -9.962649517689304 -13.160654611824292 -12.418181077641783 -4.009242202788466 -0.5701431922108744 9.135813286589759 -0.44380967872415367 1.4882362688497754 -7.433072512708912 -4.463904803281697 -12.273411717357494 -10.246313756148268 -1.079209251499773 -7.7811057313741445 -5.588645177605827 -11.204649246705802 -9.161818721577415 0.05943788183673249 -12.667371138667551 -7.852779898410365 -10.463419539311634 -15.52699546455553 -14.551037587665244 -16.043205397960097 -11.045336243612152
9.559118236472946 -5.942841944692034 -11.169329084702966 -9.149323561125904 -9.87826092884223 -13.100095832224081 -12.34959365823494 -3.866449848692347 -0.389262209833223 9.376659686449443 -0.3063570430097502 1.6286562365337933 -7.316880015192145 -4.328184237712577 -12.19945642800382 -10.15852151364496 -0.9041037076220281 -7.670283304116958 -5.459503827363097 -11.124047302811295 -9.062179744270384 0.2387984251288522 -12.602027516012395 -7.746695688716034 -10.379209785049 -15.496984678821551 -14.507063728135153 -16.023071597264963 -10.97427276616708
9.619238476953907 -5.817173557695821 -11.088748516932174 -9.05059477864377 -9.793447831128859 -13.039139839624454 -12.280575612646007 -3.722962949936629 -0.207526973134051 9.618249309381813 -0.16844805479054825 1.7696722194202477 -7.20007098181646 -4.191850704019696 -12.125061829314944 -10.070303760352292 -0.7281735125798793 -7.558911707292084 -5.329726803937955 -11.04297583655553 -8.961999985463844 0.4190136635049413 -12.536280817332095 -7.640091182370181 -10.294564539162199 -15.466712855077521 -14.462767891075943 -16.002725887881773 -10.902869051771304
9.67935871743487 -5.6909324150218765 -11.007732955921128 -8.95137962220506 -9.70824484868606 -12.977813363955857 -12.211156455453231 -3.5788367707080146 -0.025005643655511056 9.860492910620803 -0.030134410325679095 1.9112319517174972 -7.082691526620953 -4.0549573618731785 -12.0502594234413 -9.981697381088061 -0.5514851722998347 -7.447035749161903 -5.1993645338763805 -10.961468640050924 -8.861319839095323 0.6000156694518743 -12.470159629947037 -7.533008592890873 -10.209518840459886 -15.436195956266069 -14.418171025690699 -15.98218069002433 -10.83115519386693
9.739478957915832 -5.5641327083299785 -10.92629248770125 -8.851689946690495 -9.622661992937864 -12.916124525194661 -12.141345080105257 -3.434087344787936 0.1582823821776993 10.103365362395472 0.108570135948725 2.0533217496398106 -6.964755215271652 -3.9175198787941885 -11.975058739673596 -9.892713779937143 -0.37405787148949476 -7.334669012112067 -5.06843163196768 -10.879535869591983 -8.760151291001925 0.7817848953901851 -12.403672726561652 -7.425460085986 -10.124083156133299 -15.405438983602352 -14.373279622550806 -15.961439931086916 -10.759139996393294
9.799599198396793 -5.436773125061105 -10.844426709402786 -8.751525098220192 -9.536698318856889 -12.854073137514188 -12.071141177251388 -3.2887132197390754 0.34233944379380454 10.346870076474058 0.24766863740648448 2.195945045402109 -6.846261097353133 -3.7795372255604893 -11.89945950622133 -9.80335301674706 -0.19588970476129608 -7.221811167760916 -4.936926752402826 -10.797177138226637 -8.658493658323039 0.9643233597982537 -12.336820042202064 -7.317444443286618 -10.038257005805526 -15.374442047134767 -14.32809372004863 -15.940503750647482 -10.686822798872395
9.859719438877756 -5.3089049137988376 -10.76217079317976 -8.650926826892995 -9.45038996162717 -12.791687190196033 -12.000575659271906 -3.142772235984231 0.5270941246313046 10.59091481449213 0.38710724978678046 2.339046955175587 -6.727257488076355 -3.641064870662522 -11.823494682158994 -9.71365348311479 -0.01705031831176418 -7.108509023870508 -4.804902658779113 -10.71442781791589 -8.556389225768104 1.1475598893819239 -12.269631475026763 -7.209005767144205 -9.95207693296484 -15.343221823461462 -14.282635225959817 -15.919385090419505 -10.61423490693036
9.919839679358716 -5.180512852502908 -10.679514930846388 -8.549883255928563 -9.36372613020751 -12.728959051515787 -11.929639967654282 -2.9962472560450157 0.7125682464976004 10.83552887964046 0.5269041436957704 2.482646205306637 -6.607730428133565 -3.502086775260857 -11.747155204075252 -9.623605025297419 0.1624811015224804 -6.994749763252146 -4.6723436864439805 -10.63127806743541 -8.453825949825244 1.3315158306044417 -12.20209903210172 -7.100130818369408 -9.86553261198205 -15.311774031996116 -14.236898389992588 -15.898080683367064 -10.541367137077184
9.97995991983968 -5.051616307300826 -10.596472724431862 -8.448410411680385 -9.276720432658898 -12.665899630538373 -11.858346089775296 -2.849160160635754 0.8987350915437455 11.080678694101898 0.6670400486993882 2.6267231264603343 -6.487698379640723 -3.3626240729598185 -11.670453875538264 -9.533222705835566 0.34267828087604324 -6.8805515845712835 -4.539269777872228 -10.547741576765972 -8.350820062090545 1.5161643618087162 -12.13423443710628 -6.990836179705884 -9.778638075829491 -15.28010529297093 -14.190891852229173 -15.876595685342492 -10.468231337113227
10.040080160320642 -4.922261943511188 -10.513076272275743 -8.346546349810122 -9.189405694832313 -12.602534494285429 -11.786722256021616 -2.7015636295611776 1.085529611385301 11.326281413080658 0.8074663496083905 2.771227807652107 -6.367205422733318 -3.2227271795106245 -11.593420772322116 -9.442541427594719 0.5234777717337625 -6.76595714254933 -4.405728976931496 -10.46385062656821 -8.247410126731474 1.701440619643062 -12.06606498534951 -6.8811619433292925 -9.691426550227611 -15.248230837111475 -14.144635623485582 -15.854941896308395 -10.394855879745588
10.100200400801603 -4.792419369689043 -10.429305490603262 -8.244266944493273 -9.101760419390015 -12.538847868847078 -11.714750888105172 -2.553423416116419 1.272994881021461 11.572394423311533 0.9482175291051758 2.9161955468554948 -6.2462233893489065 -3.0823637178373926 -11.516037228205722 -9.351539926973686 0.7049210114656358 -6.650940011085404 -4.271690005124871 -10.37958504749005 -8.143571695464775 1.8873870414201122 -11.99757402577017 -6.771081781909789 -9.603876986602273 -15.21614158763128 -14.098117626430183 -15.833112334339264 -10.321222341860441
10.160320641282565 -4.662130139184413 -10.345189023412544 -8.141606123665195 -9.01381380152701 -12.474862588444644 -11.642457189681839 -2.404786436476903 1.4610729943960268 11.818944666678433 1.089250564190039 3.061581992383552 -6.124791589454095 -2.9415785557268177 -11.438330086857455 -9.260249313151665 0.8869514909720767 -6.5355382415356695 -4.137195643937872 -10.294973647569261 -8.039339159523422 2.0739458501244634 -11.928785938283735 -6.660631359977245 -9.516018968750082 -15.183851159652392 -14.05135574317004 -15.811117541420499 -10.247355937428413
