web/models/mosfit_kne/mosfit_kn_1.0000/mosfit_kn_0.041628_0.2337_1.0000.dat
# %ECSV 1.0
# ---
# datatype:
# - {name: time, datatype: float64}
# - {name: PS1_g, datatype: float64}
# - {name: PS1_i, datatype: float64}
# - {name: PS1_r, datatype: float64}
# - {name: PS1_w, datatype: float64}
# - {name: PS1_y, datatype: float64}
# - {name: PS1_z, datatype: float64}
# - {name: swift_uvot_B, datatype: float64}
# - {name: swift_uvot_U, datatype: float64}
# - {name: swift_uvot_uvm2, datatype: float64}
# - {name: swift_uvot_uvw1, datatype: float64}
# - {name: swift_uvot_uvw2, datatype: float64}
# - {name: swift_uvot_V, datatype: float64}
# - {name: johnson_B, datatype: float64}
# - {name: johnson_I, datatype: float64}
# - {name: johnson_R, datatype: float64}
# - {name: johnson_U, datatype: float64}
# - {name: johnson_V, datatype: float64}
# - {name: sdss_g, datatype: float64}
# - {name: sdss_i, datatype: float64}
# - {name: sdss_r, datatype: float64}
# - {name: sdss_u, datatype: float64}
# - {name: sdss_z, datatype: float64}
# - {name: ATLAS_c, datatype: float64}
# - {name: ATLAS_o, datatype: float64}
# - {name: ukirt_H, datatype: float64}
# - {name: ukirt_J, datatype: float64}
# - {name: ukirt_K, datatype: float64}
# - {name: Clear, datatype: float64}
# meta: !!omap
# - comment: [kappa = 1.0, type = rprocess, mass = 0.04162766037032262, velocity = 0.2336666666666667, theta_obs = 0.0, tfloor = 1000.0]
# schema: astropy-2.0
time PS1_g PS1_i PS1_r PS1_w PS1_y PS1_z swift_uvot_B swift_uvot_U swift_uvot_uvm2 swift_uvot_uvw1 swift_uvot_uvw2 swift_uvot_V johnson_B johnson_I johnson_R johnson_U johnson_V sdss_g sdss_i sdss_r sdss_u sdss_z ATLAS_c ATLAS_o ukirt_H ukirt_J ukirt_K Clear
[from data line 376]
22.665330661322646 8.051057142849736 -0.8307716703495416 2.6442991076882905 0.6763752961843039 -4.35396171887481 -2.936285754027672 11.590963719414223 18.249907817309126 32.13850312133831 14.215490349383693 16.728506855863344 6.01057383572052 10.387026402448015 -2.384284976771492 0.58574778995349 17.218906638057383 5.0555515005517675 8.863597244164172 -0.7495157182365553 2.8727877671847324 18.75101334748395 -3.5097133660496738 4.623375677430932 0.17096315282115526 -9.302949096790305 -7.153459801300615 -10.663237777263477 -1.6095187475770345
22.725450901803605 8.056621445530894 -0.8252073676683835 2.6498634103694663 0.6819395988654797 -4.348397416193652 -2.930721451346514 11.59652802209538 18.2554721199903 32.144067424019475 14.22105465206485 16.734071158544502 6.016138138401678 10.39259070512919 -2.378720674090334 0.5913120926346658 17.22447094073854 5.061115803232943 8.869161546845348 -0.7439514155553972 2.8783520698658904 18.756577650165127 -3.5041490633685157 4.628939980112108 0.1765274555023133 -9.29738479410913 -7.147895498619439 -10.65767347458232 -1.6039544448958765
22.785571142284567 8.062171648934573 -0.8196571642647044 2.6554136137731454 0.6874898022691589 -4.342847212789955 -2.925171247942835 11.60207822549906 18.26102232339398 32.149617627423154 14.22660485546853 16.73962136194818 6.021688341805375 10.39814090853287 -2.373170470686655 0.596862296038345 17.23002114414224 5.0666660066366225 8.874711750249027 -0.7384012121517181 2.8839022732695696 18.762127853568806 -3.498598859964819 4.634490183515787 0.18207765890599248 -9.29183459070545 -7.14234529521576 -10.652123271178622 -1.5984042414921795
22.84569138276553 8.067707829237758 -0.8141209839615371 2.6609497940763127 0.6930259825723262 -4.337311032486788 -2.9196350676396676 11.607614405802245 18.266558503697148 32.15515380772633 14.232141035771715 16.745157542251366 6.0272245221085425 10.403677088836037 -2.36763429038347 0.6023984763415122 17.235557324445406 5.07220218693979 8.880247930552194 -0.732865031848533 2.8894384535727546 18.767664033871974 -3.4930626796616515 4.640026363818954 0.1876138392091775 -9.286298410402283 -7.136809114912593 -10.646587090875455 -1.5928680611890123
22.905811623246493 8.073230065289838 -0.8085987479094392 2.6664720301284106 0.6985482186244241 -4.33178879643469 -2.9141128315875697 11.613136641854325 18.272080739749246 32.160676043778416 14.237663271823795 16.750679778303446 6.03274675816064 10.409199324888135 -2.36211205433139 0.6079207123936101 17.241079560497504 5.077724422991888 8.885770166604292 -0.7273427957964351 2.8949606896248348 18.77318626992407 -3.4875404436095536 4.645548599871052 0.19313607526125764 -9.280776174350185 -7.131286878860495 -10.641064854823357 -1.5873458251369144
22.965931863727455 8.07873843339145 -0.803090379807827 2.671980398230005 0.7040565867260185 -4.326280428333096 -2.9086044634859576 11.618645009955937 18.27758910785084 32.16618441188002 14.243171639925407 16.75618814640506 6.038255126262235 10.414707692989747 -2.3566036862297777 0.6134290804952223 17.246587928599098 5.083232791093482 8.891278534705886 -0.7218344276948407 2.900469057726447 18.778694638025666 -3.4820320755079592 4.651056967972647 0.1986444433628698 -9.275267806248591 -7.1257785107589005 -10.635556486721763 -1.58183745703532
23.026052104208414 8.084233009359458 -0.797595803839819 2.677474974198013 0.7095511626940443 -4.320785852365088 -2.9031098875179495 11.624139585923945 18.283083683818866 32.17167898784803 14.248666215893415 16.761682722373067 6.043749702230243 10.420202268957755 -2.3511091102617696 0.6189236564632303 17.252082504567106 5.08872736706149 8.896773110673912 -0.7163398517268327 2.905963633694455 18.78418921399369 -3.476537499539951 4.656551543940672 0.20413901933087786 -9.269773230280583 -7.120283934790892 -10.630061910753755 -1.576342881067312
23.086172344689377 8.089713868384614 -0.7921149448146636 2.6829558332231684 0.7150320217191997 -4.315304993339932 -2.897629028492794 11.6296204449491 18.28856454284402 32.177159846873195 14.25414707491857 16.767163581398222 6.049230561255398 10.42568312798291 -2.3456282512366142 0.6244045154883857 17.25756336359226 5.094208226086663 8.902253969699068 -0.7108589927016773 2.9114444927196104 18.789670073018847 -3.471056640514796 4.662032402965828 0.20961987835603324 -9.264292371255427 -7.114803075765737 -10.6245810517286 -1.5708620220421565
23.14629258517034 8.095181086501118 -0.7866477266981597 2.6884230513396723 0.7204992398357035 -4.3098377752234285 -2.8921618103762903 11.635087663065605 18.294031760960525 32.18262706498969 14.259614293035074 16.772630799514726 6.054697779371902 10.431150346099415 -2.3401610331201104 0.6298717336048896 17.263030581708765 5.099675444203149 8.907721187815554 -0.7053917745851734 2.9169117108361142 18.79513729113535 -3.465589422398292 4.667499621082314 0.2150870964725371 -9.258825153138924 -7.109335857649233 -10.619113833612095 -1.5653948039256527
23.206412825651302 8.100634740756156 -0.781194072443121 2.693876705594711 0.7259528940907245 -4.30438412096839 -2.8867081561212515 11.640541317320643 18.299485415215546 32.18808071924473 14.265067947290113 16.778084453769765 6.060151433626941 10.436604000354436 -2.3347073788650716 0.6353253878599106 17.268484235963804 5.105129098458188 8.913174842070593 -0.6999381203301347 2.922365365091153 18.800590945390372 -3.460135768143253 4.672953275337353 0.22054075072757584 -9.253371498883885 -7.103882203394194 -10.613660179357057 -1.559941149670614
23.266533066132265 8.106074905490672 -0.7757539077086051 2.699316870329227 0.7313930588252582 -4.298943956233874 -2.8812679913867356 11.64598148205516 18.30492557995008 32.19352088397924 14.270508112024629 16.78352461850428 6.065591598361457 10.44204416508897 -2.3292672141305557 0.6407655525944442 17.27392440069832 5.110569263192704 8.918615006805108 -0.6944979555956188 2.927805529825669 18.806031110124906 -3.4546956034087373 4.678393440071886 0.22598091546209176 -9.247931334149369 -7.0984420386596785 -10.60822001462254 -1.554500984936098
23.326653306613224 8.111501656292823 -0.7703271569064718 2.704743621131378 0.7368198096273915 -4.293517205431723 -2.8758412405846023 11.651408232857293 18.310352330752213 32.19894763478138 14.27593486282678 16.788951369306414 6.071018349163608 10.447470915891103 -2.3238404633284224 0.6461923033965775 17.27935115150047 5.115996013994855 8.92404175760726 -0.6890712047934677 2.933232280627802 18.81145786092704 -3.449268852606586 4.68382019087402 0.2314076662642428 -9.242504583347218 -7.093015287857527 -10.60279326382039 -1.549074234133947
23.386773547094187 8.116915063792352 -0.7649137494069258 2.710157028630924 0.7422332171269375 -4.2881037979321945 -2.8704278330850563 11.656821640356839 18.31576573825176 32.20436104228093 14.281348270326308 16.79436477680596 6.076431756663136 10.452884323390649 -2.3184270558288764 0.6516057108961235 17.284764559 5.121409421494401 8.929455165106805 -0.6836577972939395 2.938645688127348 18.816871268426585 -3.443855445107058 4.689233598373566 0.23682107376377104 -9.237091175847672 -7.087601880357981 -10.597379856320861 -1.5436608266344187
23.44689378757515 8.12231520336324 -0.7595136098360378 2.7155571682017943 0.7476333566978077 -4.2827036583613065 -2.8650276935141683 11.662221779927727 18.32116587782263 32.20976118185181 14.286748409897196 16.799764916376848 6.081831896234024 10.458284462961537 -2.3130269162579884 0.6570058504670115 17.290164698570887 5.126809561065271 8.934855304677676 -0.6782576577230515 2.944045827698236 18.822271407997455 -3.43845530553617 4.694633737944436 0.24222121333465907 -9.231691036276802 -7.082201740787111 -10.591979716749973 -1.5382606870635307
23.507014028056112 8.127702143838356 -0.7541266693609217 2.7209441086769104 0.7530202971729238 -4.27731671788619 -2.859640753039052 11.667608720402843 18.326552818297746 32.21514812232693 14.292135350372313 16.805151856851964 6.08721883670914 10.463671403436653 -2.3076399757828723 0.6623927909421099 17.295551639046003 5.132196501540387 8.940242245152792 -0.6728707172479353 2.9494327681733523 18.82765834847257 -3.433068365061054 4.700020678419552 0.2476081538097752 -9.226304095801686 -7.076814800311995 -10.586592776274857 -1.5328737465884146
23.567134268537075 8.133075961288085 -0.7487528519111919 2.726317926126658 0.7583941146226714 -4.271942900436443 -2.8542669355893224 11.672982537852572 18.331926635747493 32.22052193977667 14.297509167822042 16.810525674301694 6.092592654158888 10.469045220886382 -2.3022661583331425 0.6677666083918574 17.30092545649575 5.137570318990135 8.94561606260254 -0.6674968997982056 2.954806585623082 18.83303216592232 -3.4276945476113063 4.7053944958692995 0.25298197125950495 -9.220930278351938 -7.0714409828622475 -10.58121895882511 -1.527499929138667
23.627254509018034 8.138436726420366 -0.7433920867789112 2.731678691258921 0.763754879754952 -4.26658213530418 -2.8489061704570418 11.678343302984853 18.337287400879774 32.22588270490895 14.302869932954323 16.815886439433974 6.097953419291151 10.474405986018663 -2.296905393200862 0.6731273735241381 17.306286221628014 5.142931084122398 8.95097682773482 -0.6621361346659249 2.9601673507553627 18.8383929310546 -3.4223337824790434 4.71075526100158 0.2583427363917856 -9.215569513219675 -7.066080217729985 -10.575858193692847 -1.5221391640064041
23.687374749498996 8.143784512525336 -0.7380443006739412 2.737026477363891 0.769102665859922 -4.26123434919921 -2.8435583843520718 11.683691089089823 18.342635186984744 32.23123049101391 14.308217719059293 16.821234225538944 6.103301205396121 10.479753772123633 -2.291557607095892 0.6784751596291081 17.311634007732984 5.148278870227368 8.95632461383979 -0.6567883485609549 2.9655151368603327 18.84374071715957 -3.4169859963740734 4.71610304710655 0.2636905224967556 -9.210221727114705 -7.060732431625015 -10.570510407587877 -1.5167913779014341
23.74749498997996 8.149119391008135 -0.7327094221911423 2.7423613558467075 0.7744375443427209 -4.255899470716411 -2.838223505869273 11.689025967572622 18.347970065467543 32.23656536949672 14.313552597542092 16.826569104021743 6.1086360838789195 10.485088650606432 -2.286222728613093 0.683810038111907 17.316968886215783 5.1536137487101845 8.961659492322589 -0.651453470078156 2.9708500153431316 18.84907559564237 -3.4116511178912745 4.721437925589349 0.2690254009795545 -9.204886848631888 -7.055397553142198 -10.565175529105078 -1.5114564994186352
23.80761523046092 8.154441431249886 -0.7273873819494092 2.7476833960884406 0.779759584584454 -4.25057743047466 -2.8329014656275397 11.694348007814355 18.353292105709276 32.24188740973846 14.318874637783843 16.831891144263494 6.11395812412067 10.490410690848165 -2.280900688371342 0.6891320783536401 17.322290926457534 5.158935788951918 8.966981532564322 -0.6461314298364051 2.9761720555848825 18.8543976358841 -3.4063290776495236 4.726759965831082 0.2743474412213054 -9.199564808390155 -7.050075512900465 -10.559853488863327 -1.5061344591768844
23.867735470941884 8.159750705821018 -0.722078107378259 2.752992670659573 0.7850688591555866 -4.245268155903528 -2.8275921910563895 11.699657282385505 18.358601380280408 32.24719668430959 14.324183912354975 16.837200418834627 6.119267398691803 10.495719965419315 -2.2755914138002096 0.6944413529247904 17.327600201028666 5.16424506352305 8.972290807135455 -0.6408221552652726 2.981481330156015 18.859706910455234 -3.401019803078391 4.732069240402215 0.2796567157924379 -9.194255533819023 -7.044766238329332 -10.554544214292195 -1.5008251846057519
23.927855711422843 8.165047278701092 -0.7167815344981854 2.7582892435396644 0.7903654320356779 -4.239971583023436 -2.822295618176316 11.704953855265579 18.3638979531605 32.25249325718967 14.329480485235049 16.8424969917147 6.124563971571894 10.501016538299389 -2.270294840920136 0.6997379258048639 17.332896773908757 5.1695416364031415 8.977587380015546 -0.6355255823851813 2.9867779030360886 18.865003483335325 -3.3957232301983 4.737365813282306 0.28495328867251146 -9.188958960938931 -7.039469665449241 -10.549247641412103 -1.4955286117256605
23.987975951903806 8.170331224283771 -0.7114975889155062 2.7635731891223436 0.7956493776183571 -4.234687637440775 -2.8170116725936367 11.710237800848258 18.36918189874318 32.25777720277235 14.334764430817728 16.84778093729738 6.129847917154556 10.506300483882068 -2.265010895337457 0.7050218713875431 17.33818071949142 5.174825581985821 8.982871325598225 -0.6302416368025199 2.992061848618768 18.870287428918004 -3.3904392846156384 4.742649758864985 0.29023723425519066 -9.183675015356252 -7.034185719866562 -10.543963695829442 -1.490244666142999
24.04809619238477 8.175602608434662 -0.7062262047646151 2.768844573273217 0.8009207617692304 -4.229416253289884 -2.8117402884427456 11.71550918499915 18.374453282894052 32.26304858692323 14.34003581496862 16.85305232144827 6.135119301305447 10.511571868032942 -2.2597395111865657 0.7102932555384165 17.34345210364231 5.180096966136694 8.988142709749098 -0.6249702526516288 2.997333232769659 18.875558813068878 -3.3851679004647472 4.7479211430158585 0.2955086184060818 -9.178403631205379 -7.0289143357156885 -10.53869231167855 -1.484973281992108
24.10821643286573 8.180861504068222 -0.7009673091310553 2.7741034689067767 0.806179657402808 -4.224157357656324 -2.806481392809186 11.720768080632709 18.37971217852763 32.26830748255679 14.345294710602179 16.85831121708183 6.1403781969390065 10.516830763666519 -2.254480615553006 0.715552151171994 17.34871099927587 5.185355861770254 8.993401605382658 -0.619711357018069 3.0025921284032187 18.880817708702455 -3.3799090048311875 4.753180038649418 0.3007675140396415 -9.17314473557182 -7.023655440082129 -10.533433416044991 -1.4797143863585482
24.168336673346694 8.186107976823376 -0.6957208363759015 2.7793499416619305 0.8114261301579617 -4.21891088490117 -2.801234920054032 11.726014553387863 18.384958651282783 32.273553955311954 14.350541183357333 16.863557689836984 6.14562466969416 10.522077236421673 -2.249234142797852 0.7207986239271478 17.353957472031023 5.190602334525425 8.99864807813783 -0.6144648842629152 3.0078386011583724 18.88606418145761 -3.3746625320760337 4.75842651140459 0.3060139867947953 -9.167898262816648 -7.018408967326975 -10.528186943289837 -1.4744679136033945
24.228456913827653 8.19134209627748 -0.6904867169217965 2.7845840611160533 0.8166602496120667 -4.213676765447065 -2.796000800599927 11.731248672841968 18.39019277073689 32.27878807476606 14.355775302811438 16.86879180929109 6.150858789148265 10.527311355875778 -2.244000023343747 0.7260327433812528 17.35919159148513 5.19583645397953 9.003882197591935 -0.6092307648088102 3.0130727206124774 18.891298300911714 -3.3694284126219287 4.763660630858695 0.3112481062489003 -9.162664143362543 -7.013174847872852 -10.522952823835732 -1.4692337941492895
24.288577154308616 8.196563930586294 -0.6852648826129837 2.789805895424866 0.8218820839208796 -4.208454931138235 -2.790778966291114 11.73647050715078 18.3954146050457 32.284009909074875 14.36099713712025 16.874013643599902 6.156080623457096 10.53253319018459 -2.2387781890349343 0.7312545776900656 17.36441342579396 5.201058288288343 9.009104031900748 -0.6040089304999974 3.0182945549212903 18.896520135220527 -3.364206578313116 4.768882465167508 0.31646994055771316 -9.15744230905373 -7.007953013564039 -10.51773098952692 -1.4640119598404766
