web/models/mosfit_kne/mosfit_kn_1.0000/mosfit_kn_0.330399_0.4373_1.0000.dat
# %ECSV 1.0
# ---
# datatype:
# - {name: time, datatype: float64}
# - {name: PS1_g, datatype: float64}
# - {name: PS1_i, datatype: float64}
# - {name: PS1_r, datatype: float64}
# - {name: PS1_w, datatype: float64}
# - {name: PS1_y, datatype: float64}
# - {name: PS1_z, datatype: float64}
# - {name: swift_uvot_B, datatype: float64}
# - {name: swift_uvot_U, datatype: float64}
# - {name: swift_uvot_uvm2, datatype: float64}
# - {name: swift_uvot_uvw1, datatype: float64}
# - {name: swift_uvot_uvw2, datatype: float64}
# - {name: swift_uvot_V, datatype: float64}
# - {name: johnson_B, datatype: float64}
# - {name: johnson_I, datatype: float64}
# - {name: johnson_R, datatype: float64}
# - {name: johnson_U, datatype: float64}
# - {name: johnson_V, datatype: float64}
# - {name: sdss_g, datatype: float64}
# - {name: sdss_i, datatype: float64}
# - {name: sdss_r, datatype: float64}
# - {name: sdss_u, datatype: float64}
# - {name: sdss_z, datatype: float64}
# - {name: ATLAS_c, datatype: float64}
# - {name: ATLAS_o, datatype: float64}
# - {name: ukirt_H, datatype: float64}
# - {name: ukirt_J, datatype: float64}
# - {name: ukirt_K, datatype: float64}
# - {name: Clear, datatype: float64}
# meta: !!omap
# - comment: [kappa = 1.0, type = rprocess, mass = 0.33039895931513485, velocity = 0.4373333333333333, theta_obs = 0.0, tfloor = 1000.0]
# schema: astropy-2.0
time PS1_g PS1_i PS1_r PS1_w PS1_y PS1_z swift_uvot_B swift_uvot_U swift_uvot_uvm2 swift_uvot_uvw1 swift_uvot_uvw2 swift_uvot_V johnson_B johnson_I johnson_R johnson_U johnson_V sdss_g sdss_i sdss_r sdss_u sdss_z ATLAS_c ATLAS_o ukirt_H ukirt_J ukirt_K Clear
[from data line 403]
24.288577154308616 16.14248087309207 7.2606520598927915 10.735722837930641 8.767799026426655 3.7374620113675405 5.155137976214661 19.682387449656556 26.341331547551476 40.22992685158065 22.306914079626036 24.819930586105688 14.101997565962872 18.478450132690366 5.707138753470841 8.677171520195841 25.310330368299724 13.146975230794117 16.955020974406523 7.341908012005778 10.964211497427065 26.842437077726302 4.581710364192659 12.714799407673283 8.262386883063488 -1.2115253665479548 0.9379639289417354 -2.5718140470211437 6.481904982665316
24.34869739478958 16.241349305509267 7.35952049230999 10.834591270347822 8.866667458843835 3.836330443784721 5.254006408631859 19.781255882073754 26.440199979968668 40.32879528399784 22.405782512043224 24.918799018522865 14.200865998380053 18.577318565107564 5.806007185888039 8.77603995261304 25.409198800716915 13.245843663211298 17.053889406823703 7.440776444422976 11.063079929844264 26.941305510143494 4.680578796609858 12.813667840090464 8.361255315480687 -1.1126569341307742 1.036832361358916 -2.4729456146039452 6.580773415082497
24.40881763527054 16.342771345460125 7.460942532260848 10.93601331029868 8.968089498794711 3.9377524837355793 5.3554284485827175 19.882677922024612 26.541622019919522 40.430217323948696 22.507204551994082 25.020221058473734 14.30228803833091 18.678740605058422 5.907429225838897 8.877461992563898 25.510620840667773 13.347265703162156 17.15531144677456 7.542198484373834 11.164501969795122 27.042727550094348 4.782000836560716 12.915089880041322 8.462677355431545 -1.011234894179916 1.1382544013097742 -2.371523574653087 6.682195455033355
24.468937875751504 16.444534798457298 7.56270598525802 11.03777676329587 9.069852951791884 4.039515936732769 5.45719190157989 19.984441375021785 26.643385472916705 40.53198077694588 22.608968004991265 25.121984511470917 14.4040514913281 18.780504058055595 6.00919267883607 8.97922544556107 25.612384293664952 13.449029156159346 17.25707489977175 7.643961937371007 11.266265422792294 27.14449100309153 4.883764289557906 13.016853333038512 8.564440808428717 -0.909471441182726 1.2400178543069642 -2.269760121655915 6.783958908030545
24.529058116232463 16.543529150241074 7.661700337041797 11.136771115079647 9.16884730357566 4.138510288516546 5.556186253363666 20.08343572680556 26.742379824700482 40.63097512872965 22.707962356775038 25.22097886325469 14.503045843111877 18.87949840983937 6.108187030619846 9.078219797344847 25.711378645448733 13.548023507943123 17.356069251555528 7.742956289154783 11.36525977457607 27.243485354875308 4.9827586413416824 13.115847684822288 8.663435160212494 -0.8104770893989495 1.3390122060907408 -2.1707657698721383 6.882953259814322
24.589178356713425 16.63812976083001 7.756300947630734 11.231371725668566 9.26344791416458 4.233110899105466 5.650786863952604 20.1780363373945 26.836980435289412 40.72557573931858 22.80256296736397 25.31557947384361 14.597646453700797 18.97409902042831 6.202787641208784 9.172820407933767 25.80597925603766 13.642624118532042 17.450669862144448 7.837556899743721 11.459860385165008 27.338085965464238 5.077359251930602 13.210448295411208 8.758035770801431 -0.7158764788100298 1.4336128166796605 -2.076165159283201 6.977553870403241
24.649298597194388 16.73278629262093 7.850957479421652 11.326028257459484 9.358104445955515 4.327767430896383 5.745443395743521 20.272692869185416 26.93163696708033 40.82023227110951 22.897219499154886 25.410236005634538 14.692302985491715 19.068755552219226 6.297444172999701 9.267476939724702 25.900635787828584 13.73728065032296 17.545326393935383 7.932213431534638 11.554516916955926 27.432742497255155 5.17201578372152 13.305104827202143 8.852692302592349 -0.6212199470191122 1.528269348470578 -1.9815086274922833 7.072210402194159
24.70941883767535 16.827412460822337 7.945583647623042 11.420654425660892 9.452730614156906 4.422393599097791 5.840069563944912 20.367319037386814 27.026263135281727 40.91485843931091 22.991845667356284 25.504862173835935 14.786929153693123 19.163381720420617 6.3920703412011095 9.362103107926092 25.995261956029985 13.831906818524368 17.639952562136774 8.026839599736046 11.649143085157334 27.527368665456553 5.266641951922928 13.399730995403534 8.947318470793757 -0.526593778817704 1.6228955166719863 -1.886882459290875 7.166836570395567
24.769539078156313 16.92793710064146 8.046108287442184 11.521179065480016 9.553255253976047 4.522918238916915 5.940594203764054 20.46784367720595 27.12678777510086 41.01538307913004 23.09237030717542 25.60538681365507 14.887453793512247 19.26390636023976 6.4925949810202335 9.462627747745234 26.09578659584912 13.93243145834351 17.740477201955915 8.12736423955517 11.749667724976458 27.627893305275684 5.367166591742052 13.500255635222675 9.047843110612881 -0.42606913899856225 1.7234201564911102 -1.786357819471751 7.267361210214691
24.829659318637272 17.030971542521485 8.14914272932219 11.62421350736004 9.656289695856053 4.625952680796939 6.043628645644059 20.57087811908596 27.229822216980885 41.11841752101005 23.19540474905543 25.708421255535082 14.99048823539227 19.366940802119764 6.595629422900257 9.56566218962524 26.198821037729132 14.035465900223516 17.84351164383592 8.230398681435194 11.852702166856481 27.7309277471557 5.470201033622075 13.603290077102681 9.150877552492904 -0.3230346971185567 1.8264545983711336 -1.6833233775917278 7.3703956520947145
24.889779559118235 17.13434431873372 8.252515505534426 11.727586283572276 9.759662472068289 4.729325457009175 6.147001421856295 20.6742508952982 27.33319499319311 41.221790297222284 23.29877752526767 25.811794031747322 15.093861011604506 19.470313578332 6.699002199112475 9.669034965837476 26.302193813941358 14.138838676435752 17.946884420048157 8.33377145764743 11.9560749430687 27.834300523367936 5.573573809834311 13.706662853314917 9.254250328705123 -0.21966192090632064 1.9298273745833696 -1.5799506013794917 7.4737684283069505
24.949899799599198 17.23543310749511 8.353604294295813 11.828675072333663 9.860751260829677 4.830414245770562 6.248090210617683 20.77533968405959 27.4342837819545 41.32287908598367 23.399866314029058 25.91288282050871 15.194949800365894 19.571402367093388 6.800090987873863 9.770123754598863 26.403282602702756 14.23992746519714 18.047973208809545 8.434860246408817 12.057163731830087 27.935389312129324 5.674662598595699 13.807751642076305 9.355339117466528 -0.11857313214493304 2.030916163344757 -1.4788618126181041 7.574857217068338
25.01002004008016 17.331771532556388 8.44994271935711 11.92501349739496 9.957089685890974 4.92675267083186 6.34442863567898 20.871678109120875 27.530622207015796 41.41921751104497 23.496204739090345 26.009221245569996 15.291288225427174 19.667740792154685 6.89642941293516 9.86646217966016 26.499621027764043 14.336265890258437 18.144311633870842 8.531198671470097 12.153502156891385 28.03172773719062 5.771001023656979 13.904090067137602 9.451677542527808 -0.022234707083635508 2.1272545884060547 -1.3825233875568244 7.671195642129618
25.07014028056112 17.42823850596409 8.546409692764811 12.021480470802661 10.053556659298675 5.0232196442395605 6.440895609086681 20.968145082528576 27.627089180423496 41.51568448445267 23.592671712498056 26.105688218977708 15.387755198834892 19.764207765562386 6.992896386342861 9.962929153067861 26.596088001171744 14.432732863666137 18.240778607278543 8.627665644877798 12.249969130299085 28.128194710598322 5.867467997064679 14.000557040545303 9.548144515935508 0.0742322663240651 2.2237215618137554 -1.2860564141491237 7.767662615537336
25.130260521042082 17.524712341623143 8.642883528423866 12.117954306461698 10.15003049495773 5.119693479898597 6.537369444745735 21.06461891818763 27.723563016082544 41.612158320111725 23.6891455481571 26.20216205463675 15.484229034493929 19.86068160122144 7.089370222001915 10.059402988726916 26.692561836830798 14.529206699325174 18.337252442937597 8.724139480536852 12.34644296595814 28.22466854625737 5.963941832723734 14.097030876204357 9.644618351594563 0.17070610198310177 2.320195397472792 -1.1895825784900693 7.864136451196373
25.190380761523045 17.62594467251345 8.744115859314174 12.219186637352006 10.251262825848038 5.220925810788906 6.638601775636044 21.16585124907794 27.82479534697285 41.71339065100202 23.79037787904741 26.30339438552706 15.585461365384237 19.96191393211175 7.190602552892224 10.160635319617224 26.79379416772111 14.630439030215483 18.438484773827888 8.82537181142716 12.447675296848448 28.325900877147674 6.065174163614042 14.198263207094666 9.745850682484871 0.27193843287341024 2.4214277283631005 -1.0883502475997608 7.965368782086681
25.250501002004007 17.730551533018062 8.848722719818785 12.323793497856634 10.355869686352648 5.325532671293516 6.743208636140654 21.27045810958255 27.92940220747746 41.81799751150664 23.89498473955202 26.40800124603167 15.690068225888847 20.06652079261636 7.295209413396834 10.265242180121835 26.89840102822572 14.73504589072011 18.543091634332516 8.92997867193177 12.552282157353059 28.430507737652285 6.169781024118652 14.302870067599276 9.850457542989481 0.3765452933780382 2.5260345888677285 -0.9837433870951506 8.069975642591292
25.31062124248497 17.835491575604898 8.95366276240562 12.428733540443453 10.460809728939466 5.430472713880352 6.84814867872749 21.375398152169375 28.0343422500643 41.92293755409347 23.999924782138855 26.512941288618496 15.795008268475684 20.171460835203177 7.40014945598367 10.370182222708653 27.003341070812546 14.839985933306929 18.648031676919334 9.034918714518607 12.657222199939895 28.535447780239124 6.274721066705489 14.407810110186094 9.955397585576318 0.48148533596485676 2.630974631454547 -0.8788033445083143 8.174915685178128
25.37074148296593 17.93953751358229 9.057708700383014 12.532779478420846 10.564855666916877 5.534518651857745 6.952194616704883 21.479444090146778 28.138388188041688 42.02698349207087 24.103970720116248 26.6169872265959 15.899054206453076 20.275506773180588 7.504195393961063 10.474228160686064 27.10738700878995 14.94403187128434 18.752077614896745 9.138964652496 12.761268137917288 28.639493718216514 6.3787670046828815 14.511856048163505 10.05944352355371 0.5855312739422496 2.73502056943194 -0.7747574065309215 8.27896162315552
25.430861723446892 18.037587934486243 9.155759121286966 12.630829899324816 10.66290608782083 5.632569072761715 7.0502450376088355 21.57749451105073 28.23643860894565 42.12503391297482 24.202021141020207 26.71503764749986 15.997104627357047 20.37355719408454 7.602245814865015 10.572278581590016 27.2054374296939 15.042082292188292 18.850128035800697 9.237015073399952 12.85931855882124 28.737544139120477 6.476817425586852 14.609906469067457 10.157493944457663 0.6835816948462197 2.83307099033591 -0.6767069856269514 8.37701204405949
25.490981963927855 18.135786872346404 9.253958059147127 12.72902883718496 10.76110502568099 5.730768010621858 7.148443975468997 21.67569344891089 28.3346375468058 42.223232850834975 24.30022007888036 26.813236585360013 16.09530356521719 20.47175613194469 7.7004447527251765 10.670477519450177 27.303636367554063 15.140281230048435 18.94832697366086 9.335214011260113 12.957517496681401 28.835743076980627 6.575016363446995 14.708105406927618 10.255692882317824 0.781780632706363 2.9312699281960533 -0.5785080477668081 8.475210981919634
25.551102204408817 18.23402278171864 9.352193968519362 12.827264746557194 10.859340935053208 5.8290039199940935 7.246679884841232 21.77392935828312 28.432873456178037 42.32146876020721 24.39845598825259 26.91147249473224 16.193539474589425 20.569992041316926 7.798680662097412 10.768713428822394 27.401872276926287 15.23851713942067 19.046562883033076 9.433449920632349 13.055753406053636 28.933978986352862 6.67325227281923 14.806341316299836 10.353928791690059 0.8800165420785981 3.0295058375682884 -0.48027213839457294 8.57344689129187
25.61122244488978 18.335026161262977 9.453197348063682 12.928268126101532 10.960344314597545 5.930007299538431 7.347683264385552 21.874932737827457 28.533876835722367 42.42247213975155 24.499459367796927 27.01247587427658 16.294542854133763 20.670995420861264 7.899684041641749 10.869716808366732 27.502875656470625 15.339520518965008 19.147566262577413 9.534453300176686 13.156756785597974 29.034982365897193 6.774255652363568 14.907344695844174 10.454932171234397 0.9810199216229358 3.130509217112626 -0.37926875885023525 8.674450270836207
25.67134268537074 18.441254633725972 9.559425820526695 13.034496598564544 11.066572787060558 6.036235772001426 7.453911736848564 21.98116121029046 28.64010530818538 42.52870061221455 24.60568784025993 27.11870434673958 16.400771326596757 20.77722389332427 8.005912514104743 10.975945280829745 27.60910412893363 15.44574899142802 19.253794735040426 9.640681772639681 13.262985258060969 29.141210838360205 6.8804841248265625 15.013573168307186 10.561160643697391 1.0872483940859483 3.2367376895756386 -0.27304028638724054 8.780678743299202
25.7314629258517 18.54780840496055 9.665979591761271 13.141050369799121 11.173126558295134 6.14278954323602 7.560465508083141 22.087714981525046 28.746659079419956 42.63525438344913 24.712241611494516 27.225258117974168 16.50732509783135 20.883777664558846 8.11246628533932 11.082499052064321 27.715657900168203 15.552302762662597 19.360348506275002 9.747235543874275 13.369539029295545 29.247764609594782 6.987037896061157 15.120126939541763 10.667714414931968 1.1938021653205249 3.343291460810215 -0.16648651515264623 8.887232514533796
25.791583166332664 18.654606001986096 9.772777188786819 13.247847966824668 11.279924155320682 6.249587140261568 7.667263105108688 22.194512578550594 28.853456676445504 42.74205198047468 24.819039208520064 27.332055714999715 16.6141226948569 20.990575261584393 8.219263882364867 11.189296649089869 27.82245549719375 15.659100359688145 19.46714610330055 9.854033140899823 13.476336626321093 29.35456220662033 7.093835493086704 15.22692453656731 10.774512011957516 1.3005997623460723 3.4500890578357626 -0.059688918127098756 8.994030111559344
25.851703406813627 18.755537076507736 9.873708263308458 13.348779041346308 11.380855229842322 6.350518214783207 7.768194179630328 22.295443653072223 28.954387750967143 42.84298305499632 24.919970283041703 27.432986789521355 16.71505376937854 21.091506336106033 8.320194956886507 11.290227723611508 27.92338657171539 15.760031434209784 19.56807717782219 9.954964215421445 13.577267700842732 29.45549328114197 7.194766567608326 15.32785561108895 10.875443086479155 1.401530836867712 3.551020132357402 0.04124215639452311 9.094961186080983
25.91182364729459 18.855558437702253 9.973729624502958 13.448800402540808 11.480876591036822 6.450539575977707 7.868215540824828 22.395465014266733 29.05440911216165 42.943004416190824 25.019991644236203 27.533008150715855 16.81507513057304 21.19152769730054 8.420216318081025 11.390249084806008 28.0234079329099 15.860052795404284 19.66809853901669 10.054985576615962 13.67728906203725 29.55551464233647 7.294787928802844 15.42787697228345 10.975464447673673 1.501552198062212 3.651041493551902 0.14126351758904088 9.194982547275483
