web/models/mosfit_kne/mosfit_kn_1.0000/mosfit_kn_0.144270_0.0613_1.0000.dat
# %ECSV 1.0
# ---
# datatype:
# - {name: time, datatype: float64}
# - {name: PS1_g, datatype: float64}
# - {name: PS1_i, datatype: float64}
# - {name: PS1_r, datatype: float64}
# - {name: PS1_w, datatype: float64}
# - {name: PS1_y, datatype: float64}
# - {name: PS1_z, datatype: float64}
# - {name: swift_uvot_B, datatype: float64}
# - {name: swift_uvot_U, datatype: float64}
# - {name: swift_uvot_uvm2, datatype: float64}
# - {name: swift_uvot_uvw1, datatype: float64}
# - {name: swift_uvot_uvw2, datatype: float64}
# - {name: swift_uvot_V, datatype: float64}
# - {name: johnson_B, datatype: float64}
# - {name: johnson_I, datatype: float64}
# - {name: johnson_R, datatype: float64}
# - {name: johnson_U, datatype: float64}
# - {name: johnson_V, datatype: float64}
# - {name: sdss_g, datatype: float64}
# - {name: sdss_i, datatype: float64}
# - {name: sdss_r, datatype: float64}
# - {name: sdss_u, datatype: float64}
# - {name: sdss_z, datatype: float64}
# - {name: ATLAS_c, datatype: float64}
# - {name: ATLAS_o, datatype: float64}
# - {name: ukirt_H, datatype: float64}
# - {name: ukirt_J, datatype: float64}
# - {name: ukirt_K, datatype: float64}
# - {name: Clear, datatype: float64}
# meta: !!omap
# - comment: [kappa = 1.0, type = rprocess, mass = 0.1442699905917794, velocity = 0.061333333333333344, theta_obs = 0.0, tfloor = 1000.0]
# schema: astropy-2.0
time PS1_g PS1_i PS1_r PS1_w PS1_y PS1_z swift_uvot_B swift_uvot_U swift_uvot_uvm2 swift_uvot_uvw1 swift_uvot_uvw2 swift_uvot_V johnson_B johnson_I johnson_R johnson_U johnson_V sdss_g sdss_i sdss_r sdss_u sdss_z ATLAS_c ATLAS_o ukirt_H ukirt_J ukirt_K Clear
[from data line 367]
22.12424849699399 -4.0631399640362 -9.459217745938506 -7.370971883987423 -8.15252671550688 -11.463822060598208 -10.68296504424369 -1.9196649021640433 1.7015421283165824 11.690976063643333 1.6183337925707701 3.5657010701933314 -5.470374416491482 -2.40860268281946 -10.512655253806404 -8.420044437722158 1.1648124330922616 -5.844485579027247 -3.5643483352929017 -9.412093527677765 -7.278321179860328 2.323912019246741 -10.947789593302915 -5.938885906588887 -8.654051337731108 -13.976286336032471 -12.933549540742709 -14.539786709695138 -9.299175232974939
22.184368737474948 -4.011978654915094 -9.426497730446997 -7.330834974785887 -8.118155803170097 -11.439134706190561 -10.654971940235747 -1.861199180421319 1.7756937428509902 11.78916855164109 1.674217332791415 3.623036877939946 -5.422802436770334 -2.3531436517914135 -10.482476927677535 -8.384299098850871 1.2365749469163378 -5.799207447765846 -3.5115067306841397 -9.379173839082213 -7.237577435160443 2.397448875471895 -10.921158009322784 -5.895572237032312 -8.61973440062238 -13.964192700807095 -12.915702034226564 -14.531773948368619 -9.270343013057634
22.24448897795591 -3.960849921926517 -9.393791425501004 -7.290720080594735 -8.083809439458527 -11.414453488548322 -10.626987405577726 -1.8027716666369564 1.8497960030682317 11.887236101940545 1.7300310085594721 3.6803224484758137 -5.375255456481789 -2.297729210083585 -10.452311054584229 -8.348582149869046 1.3082887373523877 -5.753960225780134 -3.4586994567582074 -9.346268201875372 -7.196854777657382 2.470937717405608 -10.894536381415527 -5.852288855134624 -8.585440401655422 -13.952097270778461 -12.89785660895683 -14.523757596671894 -9.241535950598276
22.304609218436873 -3.9097562094181804 -9.36110054489868 -7.250629211606601 -8.049489312177034 -11.389779787182572 -10.599012959692367 -1.744385121368427 1.9238455008970947 11.985174707158471 1.7857724995027096 3.7375552775391765 -5.327735816513138 -2.2423619528329692 -10.422159238947117 -8.312895385967487 1.379950482410759 -5.708746141024876 -3.405929027525847 -9.31337833857036 -7.1561552522390315 2.5443751373890677 -10.867926168160764 -5.809037836489193 -8.551171066115053 -13.94000087207237 -12.880014346317397 -14.515738291702627 -9.212755472579204
22.364729458917836 -3.858699685851228 -9.328426615735221 -7.210564155238721 -8.015196914041827 -11.36511483385112 -10.57104995831434 -1.6860419939398519 1.9978392146561499 12.082980871184109 1.84143978466393 3.794733164048868 -5.280245599500895 -2.1870441771581324 -10.392022910632647 -8.277240399168672 1.451557235402443 -5.66356717304101 -3.3531976729529767 -9.28050578398155 -7.115480678269783 2.617758111359123 -10.841328670633743 -5.76582101845279 -8.516927923958999 -13.927904243810543 -12.862176212839971 -14.507716603196402 -9.184002837065108
22.4248496993988 -3.807681220315704 -9.295770285398923 -7.17052565028899 -7.980932821054125 -11.340459163573264 -10.543098985163919 -1.6277432678626191 2.071775945253993 12.180653470732917 1.8970322472611483 3.85185534313791 -5.23278567025572 -2.1317767824616713 -10.361902677639431 -8.241617832329037 1.5231078181351232 -5.618424135356361 -3.300506285367426 -9.247651188656487 -7.074831812707565 2.6910854241082482 -10.814744448770277 -5.72263911790257 -8.482711589000633 -13.91580771533471 -12.844342634103343 -14.499692784134924 -9.155278511494451
22.484969939879758 -3.7567004981062446 -9.263131399469415 -7.130513480062977 -7.946696774690931 -11.315812676178822 -10.515159920154176 -1.5694885911508216 2.1456561543292096 12.278193539087102 1.9525505462605257 3.9089223569334632 -5.185355783608981 -2.0765593955726875 -10.331798398940457 -8.20602746440952 1.5946026637445132 -5.573316779493671 -3.2478545384717883 -9.214814397196331 -7.03420844431248 2.7643575087484074 -10.788173387077489 -5.679491831357399 -8.448521840846261 -13.903711242521995 -12.826513542604355 -14.491666798963434 -9.126582244191965
22.54509018036072 -3.705760250687238 -9.230511865637148 -7.09052988542922 -7.91249066470689 -11.291176904972389 -10.487234453283953 -1.5112810480424266 2.219476028752929 12.37559656875225 2.007992048772103 3.9659313714780144 -5.137958549948903 -2.021394916194627 -10.30171185962286 -8.170471294131147 1.6660380588653356 -5.52824758747114 -3.195245241761082 -9.181997326913613 -6.993612852232829 2.8375705565004594 -10.761617106620953 -5.636381481490709 -8.41436060426707 -13.891615741723802 -12.808690138660593 -14.483639354355054 -9.097915634537763
22.605210420841683 -3.654859552458767 -9.197911115200839 -7.050574156130889 -7.8783138023645805 -11.26655142152078 -10.459322100805934 -1.4531195972355981 2.2932368866741193 12.472864708442156 2.0633580680474854 4.022883598087127 -5.090593150959493 -1.9662823138614487 -10.271642531558964 -8.134948653446934 1.737415268101603 -5.483215761871276 -3.142677440072763 -9.149199405976258 -6.953044325140709 2.910725850983926 -10.735075142720838 -5.593307238558243 -8.380227227864534 -13.879520975850015 -12.790872099872582 -14.47561026576137 -9.069278060174941
22.665330661322646 -3.6040006503658972 -9.165330727350902 -7.010648141522218 -7.844167735887506 -11.241937498916545 -10.431424264462272 -1.3950067762489404 2.3669355939572867 12.569994339556644 2.11864649142612 4.07977673307856 -5.043261742662087 -1.9112239661988044 -10.241591892813108 -8.09946118556833 1.8087312374525655 -5.438223348824704 -3.0901534441060363 -9.116422221472096 -6.912504745603254 2.983820257714669 -10.708548839432837 -5.55027100761647 -8.34612329409806 -13.867427708219536 -12.773060424420509 -14.467580121627426 -9.040670825786066
22.725450901803605 -3.5531845146694963 -9.132771416597176 -6.9707526605249726 -7.81005311343014 -11.217335725266704 -10.403541587009357 -1.3369436823194925 2.4405708075381405 12.66698416899137 2.1738565827466876 4.1366098830286155 -4.99596528403447 -1.8562208784096195 -10.21156061369351 -8.064009602058075 1.8799846506940798 -5.393271249147344 -3.037674250309852 -9.083666491345408 -6.871994952054212 3.056852419873408 -10.68203881242658 -5.507273593266309 -8.312049485786321 -13.85533629939754 -12.755255578745393 -14.459549199224389 -9.012094460425395
22.785571142284567 -3.5024125672789275 -9.100234203100221 -6.930888896232279 -7.775970901523426 -11.192746930846589 -10.375674979589 -1.2789319221179618 2.5141405500851732 12.763832086593979 2.228987117712649 4.19338165192595 -4.9487051575186785 -1.8012745400863965 -10.1815496499039 -8.028594942329967 1.95117357671182 -5.348360767743221 -2.9852413200486616 -9.050933240741017 -6.83151615207267 3.1298203514378464 -10.655545934587298 -5.464316189378788 -8.278006803223068 -13.84324725229346 -12.737458217148452 -14.451517885792986 -8.98354976709932
22.84569138276553 -3.451685188016569 -9.067719400945471 -6.891057190516197 -7.74192133250672 -11.168171386479475 -10.347824733463735 -1.2209719266384866 2.5876443063661014 12.86053787675566 2.2840379928983094 4.2500917935838665 -4.901481768113805 -1.7463853211346996 -10.15155929759586 -7.993217485864215 2.0222975029345913 -5.303492274806094 -2.9328550419608668 -9.018222785096413 -6.791068700732232 3.2027235176418323 -10.629070484062968 -5.421399091926702 -8.243995512660405 -13.831160740952713 -12.719668559692268 -14.443486314596468 -8.955036916574262
22.905811623246493 -3.401004154430325 -9.035228270704305 -6.851259012888313 -7.707905623660416 -11.143610112931377 -10.319991970938798 -1.1630657036012082 2.661079599088314 12.957098789894147 2.3390075982758423 4.3067385130238165 -4.854296831624947 -1.6915550916951398 -10.121590736844112 -7.957878528825096 2.093354013992055 -5.258667392500766 -2.8805172434798543 -8.985536391163773 -6.750654096036133 3.2755594367913865 -10.602613535835044 -5.3785238013384 -8.210016863759524 -13.819077380227752 -12.701887408345643 -14.435454959374175 -8.92655692734511
22.965931863727455 -3.3503685085365653 -9.002760219544985 -6.811493624975142 -7.67392306544135 -11.11906266229406 -10.292176186948847 -1.105212174592377 2.734447790018546 13.053517039310464 2.393897265307832 4.363323037248939 -4.80714949772785 -1.6367827846398202 -10.091643416650975 -7.922577375265843 2.1643444184894345 -5.213885290913926 -2.828226936130527 -8.95287346280563 -6.710271598226534 3.348329437441624 -10.57617460411766 -5.3356894613492045 -8.176070180567159 -13.806996921760708 -12.684114425328994 -14.427423627317475 -8.898109159570566
23.026052104208414 -3.299779665353686 -8.9703162617851 -6.771762203092511 -7.639974620287386 -11.094529860109645 -10.264378287561584 -1.047412938166189 2.807746910045452 13.149790535245774 2.4487057694609153 4.419843966153568 -4.760041141703575 -1.5820698801422888 -10.061718286977658 -7.8873150558755905 2.2352667945526217 -5.169147266101974 -2.7759855741646433 -8.920235019240117 -6.669922408182352 3.42103154276856 -10.549754556258168 -5.292897260426521 -8.142156456952225 -13.794919865693574 -12.666350261010633 -14.41939270370687 -8.869694412442364
23.086172344689377 -3.2492400247998 -8.937898078921584 -6.732066718164038 -7.606061944071847 -11.070013060705861 -10.23659976482163 -0.9896707039316965 2.8809736071004366 13.245915408270644 2.503430827631892 4.476298808839122 -4.71297406289746 -1.5274189144341437 -10.031816920765976 -7.852093316459848 2.306117879383993 -5.124455495691504 -2.723795625632448 -8.887622750242112 -6.629608532328675 3.493662403669866 -10.523354821137136 -5.250149235338473 -8.108277379119091 -13.782847022871055 -12.648595975949968 -14.411362813684166 -8.841314081293952
23.14629258517034 -3.198749482552774 -8.905505655493808 -6.692407119804962 -7.572184929236698 -11.045512273590496 -10.208840620647717 -0.9319853562560276 2.954128043780564 13.341892328061103 2.5580728469851626 4.532687839982646 -4.6659482111360555 -1.4728297354762747 -10.001939306056304 -7.816912079824754 2.376897819394006 -5.079809912805133 -2.6716569807894075 -8.85503663995765 -6.5893299283200335 3.566222159402166 -10.49697539867779 -5.207445265760402 -8.074432870824051 -13.770778413798828 -12.630851587133803 -14.403333972216481 -8.812968044223943
23.206412825651302 -3.148308967412028 -8.873139675694173 -6.652784191091179 -7.538344196006115 -11.021028062696256 -10.181101471349017 -0.8743579449330163 3.027208932232135 13.437720093688622 2.6126311222791014 4.589010189577621 -4.61896450526415 -1.4183032996199822 -9.972086084245515 -7.781772019608522 2.4476053545028864 -5.035211375599784 -2.619570593350211 -8.822477375742181 -6.5490873986437315 3.6387095099992806 -10.470616877744945 -5.164786121482123 -8.040623582410493 -13.75871438481697 -12.613117541689503 -14.395306445898777 -8.784656805426394
23.266533066132265 -3.097918425684032 -8.84080015756819 -6.613197921830167 -7.50453967325571 -10.99656046392786 -10.153382348183442 -0.8167884112441215 3.100216363500383 13.533399282441621 2.667106000666753 4.645266070432875 -4.5720229419390295 -1.3638395088182025 -9.94225727457816 -7.746673094326966 2.518240562236389 -4.990659861507198 -2.5675364056989025 -8.789944975405799 -6.508880941668078 3.711124524267113 -10.444279286235947 -5.122171726356015 -8.006849472857276 -13.74665497201091 -12.595393877013235 -14.387280261906826 -8.756380274634683
23.326653306613224 -3.0475796090130203 -8.808488342324114 -6.573649758601086 -7.470772560843617 -10.972110482638051 -10.125684356673279 -0.7592787331176887 3.173147893984005 13.62892720706579 2.7214958902401247 4.7014536983371755 -4.5251252117379375 -1.3094402013102207 -9.912454038497557 -7.711616574186782 2.588801062235493 -4.946156964478019 -2.515556218535906 -8.757440686125921 -6.468712032534665 3.7834647557306944 -10.417963681663416 -5.079603559119601 -7.9731117705904 -13.73460078110037 -12.577681382587274 -14.37925588715103 -8.728139454361283
23.386773547094187 -2.997292145256054 -8.776204031484411 -6.53413943355968 -7.4370425640973 -10.947677982997384 -10.0980073378701 -0.7018284923796891 3.2460040612170893 13.724305021235509 2.7758014753234055 4.7575736325811455 -4.478271011931121 -1.2551049368681826 -9.88267619294015 -7.676602184826458 2.659287365598082 -4.901702375530925 -2.4636296464527163 -8.724964308070184 -6.428580408436684 3.8557307168619914 -10.391669909372645 -5.037081269833337 -7.939410210097755 -13.72255174729707 -12.55997996247041 -14.371233271091517 -8.69993406225177
23.44689378757515 -2.947057531590609 -8.743948293220711 -6.49466818731538 -7.403350704113905 -10.923263833153225 -10.070352245348388 -0.6444393797038395 3.318782778157221 13.819530500291869 2.830021433920074 4.813624365322259 -4.4314617939248295 -1.200835279832461 -9.8529247376215 -7.641631009699837 2.7296974383886474 -4.857297459343923 -2.411758228201908 -8.692516914472002 -6.388487335788557 3.927920315578586 -10.365398880890755 -4.994606118372253 -7.905745840125995 -13.710508395693813 -12.542290299561534 -14.363212818500413 -8.671764946981426
23.507014028056112 -2.8968777896675313 -8.71172255108986 -6.455237683557211 -7.3696983708593145 -10.898869183027067 -10.042720344948659 -0.5871136774064667 3.391481220948638 13.914600476088378 2.8841538823029826 4.869603807870725 -4.384699501445984 -1.1466333560009228 -9.823201004009167 -7.606704511891825 2.800028532537311 -4.812944049382108 -2.359944042363935 -8.660099935724421 -6.348434510034089 4.000030728760819 -10.339151806695863 -4.952179816082598 -7.8721200775687095 -13.698471416867955 -12.524613295239496 -14.355195061831692 -8.643633273808078
23.567134268537075 -2.8467517466975245 -8.679526062842733 -6.4158470072698215 -7.336084707210269 -10.874493465559176 -10.015111000020891 -0.5298500637487458 3.4641010503844427 14.009517548411164 2.938200356197385 4.925513396111448 -4.337983079435504 -1.092497865785486 -9.793504301105866 -7.571821833344726 2.870282249269198 -4.7686411179109784 -2.3081858794037124 -8.627712625439372 -6.308421012273726 4.072063584501695 -10.312928073985432 -4.909801324357819 -7.83853209323933 -13.686440492726673 -12.506948518877577 -14.347179755292883 -8.61553827719769
23.627254509018034 -2.7966787897265455 -8.647358465146446 -6.376495694928863 -7.302509250661426 -10.850136413892582 -9.987523906608438 -0.4726478484757301 3.536643141235558 14.10428330189324 2.992161787083614 4.9813539445945985 -4.291311997717149 -1.0384281103229969 -9.763834291752211 -7.536982522820559 2.940459427683979 -4.724388138313668 -2.25648310606946 -8.595354618071802 -6.268446381225861 4.144019731079407 -10.28672738888087 -4.86747008711653 -7.804981451695934 -13.674415481622136 -12.489295772749339 -14.339166789406457 -8.587479531258317
23.687374749498996 -2.746663246964829 -8.61522274452481 -6.337187271168219 -7.268975013902637 -10.825800417026326 -9.95996170366082 -0.41551191593609643 3.6091014300852464 14.198890410588248 3.0460338191312 5.0371208123414455 -4.244690364896553 -0.9844286864118106 -9.734193766635617 -7.502189715462742 3.010554179206142 -4.680189007192188 -2.2048401750840263 -8.563028914832458 -6.228514199218065 4.215893130903332 -10.260552276984605 -4.825189801538556 -7.771471190013681 -13.662397801956415 -12.471656919179031 -14.3311572582758 -8.559459594842007
23.74749498997996 -2.696701882664012 -8.58311675868423 -6.297919154767033 -7.235479690417517 -10.801483797566789 -9.932422524341842 -0.3584386166217179 3.681480473845795 14.293345188821874 3.09982018564714 5.092817704052518 -4.1981151878626415 -0.9304960834704838 -9.704580727397076 -7.467441054606046 3.0805709140577053 -4.636040848565483 -2.1532537535307483 -8.530733362213816 -6.188621857848133 4.287688287292646 -10.23440094676948 -4.782957654393449 -7.737999028875251 -13.65038648354213 -12.454030666199357 -14.323150413366095 -8.53147645835282
