web/models/mosfit_kne/mosfit_kn_1.0000/mosfit_kn_0.007937_0.2807_1.0000.dat
# %ECSV 1.0
# ---
# datatype:
# - {name: time, datatype: float64}
# - {name: PS1_g, datatype: float64}
# - {name: PS1_i, datatype: float64}
# - {name: PS1_r, datatype: float64}
# - {name: PS1_w, datatype: float64}
# - {name: PS1_y, datatype: float64}
# - {name: PS1_z, datatype: float64}
# - {name: swift_uvot_B, datatype: float64}
# - {name: swift_uvot_U, datatype: float64}
# - {name: swift_uvot_uvm2, datatype: float64}
# - {name: swift_uvot_uvw1, datatype: float64}
# - {name: swift_uvot_uvw2, datatype: float64}
# - {name: swift_uvot_V, datatype: float64}
# - {name: johnson_B, datatype: float64}
# - {name: johnson_I, datatype: float64}
# - {name: johnson_R, datatype: float64}
# - {name: johnson_U, datatype: float64}
# - {name: johnson_V, datatype: float64}
# - {name: sdss_g, datatype: float64}
# - {name: sdss_i, datatype: float64}
# - {name: sdss_r, datatype: float64}
# - {name: sdss_u, datatype: float64}
# - {name: sdss_z, datatype: float64}
# - {name: ATLAS_c, datatype: float64}
# - {name: ATLAS_o, datatype: float64}
# - {name: ukirt_H, datatype: float64}
# - {name: ukirt_J, datatype: float64}
# - {name: ukirt_K, datatype: float64}
# - {name: Clear, datatype: float64}
# meta: !!omap
# - comment: [kappa = 1.0, type = rprocess, mass = 0.00793700525986525, velocity = 0.2806666666666667, theta_obs = 0.0, tfloor = 1000.0]
# schema: astropy-2.0
time PS1_g PS1_i PS1_r PS1_w PS1_y PS1_z swift_uvot_B swift_uvot_U swift_uvot_uvm2 swift_uvot_uvw1 swift_uvot_uvw2 swift_uvot_V johnson_B johnson_I johnson_R johnson_U johnson_V sdss_g sdss_i sdss_r sdss_u sdss_z ATLAS_c ATLAS_o ukirt_H ukirt_J ukirt_K Clear
[from data line 410]
24.70941883767535 11.705364876242896 2.8235360630436013 6.298606841081451 4.3306830295774645 -0.6996539854816497 0.7180219793654707 15.245271452807366 21.904215550702286 35.79281085473146 17.869798082776835 20.382814589256494 9.664881569113682 14.041334135841176 1.2700227566216507 4.24005552334665 20.873214371450544 8.709859233944927 12.517904977557333 2.9047920151566053 6.527095500577875 22.405321080877112 0.14459436734348685 8.277683410824093 3.825270886214316 -5.648641363397146 -3.4991520679074544 -7.008930043870317 2.044788985816126
24.769539078156313 11.71417899690459 2.832350183705312 6.307420961743144 4.339497150239158 -0.6908398648199565 0.7268361000271817 15.254085573469077 21.913029671363986 35.80162497539316 17.878612203438546 20.39162870991819 9.673695689775375 14.050148256502869 1.2788368772833616 4.2488696440083435 20.882028492112237 8.71867335460662 12.526719098219026 2.9136061358182985 6.535909621239586 22.414135201538812 0.15340848800518003 8.286497531485786 3.834085006876009 -5.6398272427354526 -3.490337947245761 -7.000115923208623 2.0536031064778193
24.829659318637272 11.722981685153826 2.8411528719545487 6.316223649992381 4.348299838488412 -0.68203717657072 0.7356387882764182 15.262888261718313 21.921832359613227 35.81042766364239 17.887414891687783 20.400431398167434 9.682498378024611 14.058950944752123 1.287639565532598 4.257672332257598 20.890831180361474 8.727476042855857 12.535521786468262 2.922408824067535 6.544712309488823 22.422937889788052 0.1622111762544165 8.295300219735022 3.8428876951252455 -5.631024554486216 -3.4815352589965247 -6.991313234959387 2.0624057947270558
24.889779559118235 11.73177295586978 2.849944142670502 6.325014920708352 4.357091109204365 -0.6732459058547491 0.7444300589923714 15.271679532434266 21.930623630329187 35.81921893435836 17.896206162403736 20.409222668883388 9.691289648740565 14.067742215468076 1.2964308362485513 4.266463602973551 20.899622451077434 8.736267313571828 12.544313057184233 2.931200094783488 6.553503580204776 22.431729160504013 0.1710024469703697 8.304091490450993 3.8516789658411987 -5.622233283770245 -3.4727439882805538 -6.982521964243434 2.071197065443009
24.949899799599198 11.740552816240886 2.8587240030416083 6.33379478107944 4.365870969575472 -0.6644660454836604 0.7532099193634778 15.280459392805373 21.939403490700286 35.82799879472947 17.904986022774843 20.418002529254494 9.700069509111671 14.076522075839183 1.3052106966196577 4.275243463344657 20.90840231144854 8.745047173942917 12.55309291755534 2.9399799551545946 6.562283440575882 22.440509020875112 0.17978230734147616 8.3128713508221 3.860458826212305 -5.613453423399156 -3.463964127909465 -6.973742103872327 2.0799769258141154
25.01002004008016 11.749321268299084 2.867492455099807 6.342563233137657 4.37463942163367 -0.6556975934254439 0.7619783714216766 15.289227844863571 21.948171942758492 35.836767246787666 17.91375447483304 20.426770981312703 9.708837961169888 14.085290527897381 1.3139791486778565 4.284011915402856 20.91717076350674 8.753815626001133 12.561861369613538 2.9487484072127934 6.571051892634081 22.449277472933318 0.18855075939967492 8.321639802880298 3.869227278270504 -5.60468497134094 -3.4551956758512485 -6.9649736518141285 2.088745377872332
25.07014028056112 11.758078332934971 2.876249519735694 6.351320297773526 4.38339648626954 -0.6469405287895746 0.7707354360575636 15.297984909499458 21.956929007394372 35.84552431142354 17.92251153946893 20.43552804594858 9.717595025805757 14.094047592533268 1.3227362133137435 4.292768980038725 20.92592782814262 8.762572690637002 12.570618434249408 2.9575054718486804 6.579808957269968 22.458034537569198 0.1973078240355619 8.330396867516168 3.877984342906391 -5.595927906705071 -3.4464386112153793 -6.9562165871782415 2.097502442508201
25.130260521042082 11.766824014702042 2.8849952015027647 6.3600659795406145 4.392142168036628 -0.6381948470224863 0.7794811178246341 15.306730591266529 21.96567468916145 35.85426999319062 17.931257221236 20.44427372771565 9.726340707572845 14.102793274300339 1.331481895080814 4.301514661805814 20.9346735099097 8.77131837240409 12.579364116016496 2.966251153615751 6.588554639037039 22.466780219336275 0.2060535058026325 8.339142549283256 3.8867300246734615 -5.587182224937982 -3.437692929448291 -6.947470905411171 2.1062481242752895
25.190380761523045 11.775558323673057 2.8937295104737792 6.368800288511629 4.4008764770076425 -0.6294605380514717 0.7882154267956487 15.315464900237544 21.974408998132464 35.863004302161634 17.939991530207013 20.453008036686672 9.73507501654386 14.111527583271354 1.3402162040518286 4.310248970776828 20.943407818880715 8.780052681375105 12.58809842498751 2.9749854625867655 6.597288948008053 22.47551452830729 0.21478781477364706 8.34787685825427 3.895464333644476 -5.578447915966968 -3.4289586204772764 -6.938736596440156 2.114982433246304
25.250501002004007 11.784283150915922 2.9024543377166445 6.377525115754494 4.409601304250508 -0.6207357108086065 0.796940254038514 15.324189727480409 21.98313382537533 35.8717291294045 17.94871635744988 20.461732863929537 9.743799843786725 14.120252410514219 1.348941031294694 4.318973798019694 20.95213264612358 8.78877750861797 12.596823252230376 2.983710289829631 6.6060137752509185 22.484239355550155 0.22351264201651233 8.356601685497136 3.9041891608873414 -5.5697230887241025 -3.420233793234411 -6.930011769197291 2.1237072604891694
25.31062124248497 11.792993036392136 2.911164223192859 6.386235001230691 4.418311189726705 -0.6120258253324096 0.8056501395147286 15.332899612956624 21.991843710851533 35.88043901488071 17.957426242926093 20.470442749405745 9.752509729262922 14.128962295990434 1.3576509167709085 4.327683683495908 20.960842531599784 8.797487394094167 12.605533137706573 2.9924201753058455 6.614723660727133 22.49294924102636 0.23222252749272698 8.365311570973333 3.912899046363556 -5.561013203247906 -3.4115239077582142 -6.9213018837210765 2.1324171459653662
25.37074148296593 11.801693152528294 2.919864339329017 6.394935117366849 4.427011305862862 -0.6033257091962518 0.8143502556508864 15.341599729092781 22.000543826987695 35.88913913101687 17.96612635906225 20.479142865541892 9.76120984539908 14.137662412126573 1.3663510329070663 4.336383799632048 20.969542647735942 8.806187510230325 12.61423325384273 3.001120291442003 6.623423776863291 22.50164935716252 0.24092264362888471 8.37401168710949 3.9215991624997137 -5.552313087111748 -3.4028237916220565 -6.912601767584919 2.141117262101524
25.430861723446892 11.81038207387834 2.9285532606790454 6.403624038716895 4.435700227212909 -0.5946367878462056 0.8230391770009149 15.35028865044281 22.00923274833773 35.89782805236691 17.974815280412297 20.48783178689194 9.769898766749126 14.14635133347662 1.3750399542571126 4.3450727209820945 20.978231569085988 8.814876431580371 12.622922175192777 3.0098092127920495 6.632112698213337 22.510338278512556 0.249611564978931 8.382700608459537 3.93028808384976 -5.543624165761702 -3.39413487027201 -6.9039128462348724 2.1498061834515703
25.490981963927855 11.819059687291134 2.9372308740918562 6.412301652129688 4.444377840625702 -0.5859591744334125 0.8317167904137257 15.35896626385562 22.01791036175053 35.906505665779704 17.98349289382509 20.496509400304735 9.778576380161919 14.155028946889413 1.3837175676699056 4.353750334394888 20.98690918249878 8.823554044993164 12.63159978860557 3.0184868262048425 6.64079031162613 22.519015891925356 0.25828917839172405 8.39137822187233 3.938965697262553 -5.5349465523489085 -3.385457256859217 -6.895235232822079 2.1584837968643633
25.551102204408817 11.827725993495015 2.945897180295738 6.42096795833357 4.453044146829583 -0.5772928682295309 0.8403830966176074 15.367632570059502 22.026576667954416 35.91517197198359 17.992159200028972 20.505175706508624 9.7872426863658 14.163695253093312 1.3923838738737873 4.362416640598787 20.995575488702663 8.832220351197046 12.640266094809451 3.027153132408724 6.649456617830012 22.52768219812924 0.2669554845956057 8.400044528076211 3.9476320034664347 -5.526280246145027 -3.3767909506553355 -6.886568926618198 2.167150103068245
25.61122244488978 11.836381006287588 2.954552193088311 6.429622971126143 4.4616991596221744 -0.5686378554369576 0.8490381094101807 15.376287582852076 22.03523168074699 35.92382698477616 18.000814212821545 20.513830719301197 9.795897699158374 14.172350265885886 1.4010388866663606 4.37107165339136 21.004230501495243 8.84087536398962 12.648921107602042 3.0358081452012975 6.658111630622585 22.536337210921815 0.275610497388179 8.408699540868803 3.956287016259008 -5.517625233352454 -3.368135937862762 -6.8779139138256244 2.1758051158608183
25.67134268537074 11.845024736921541 2.963195923722264 6.438266701760096 4.470342890256109 -0.5599941248030049 0.8576818400441333 15.384931313486028 22.043875411380938 35.93247071541011 18.009457943455498 20.522474449935142 9.804541429792327 14.18099399651982 1.4096826173003132 4.379715384025295 21.01287423212919 8.849519094623572 12.657564838235977 3.04445187583525 6.666755361256538 22.544980941555764 0.2842542280221316 8.417343271502737 3.9649307468929607 -5.508981502718501 -3.3594922072288096 -6.869270183191672 2.184448846494771
25.7314629258517 11.85365719331081 2.971828380111514 6.446899158149364 4.478975346645377 -0.5513616684137368 0.8663142964334014 15.393563769875296 22.05250786777021 35.94110317179938 18.018090399844766 20.531106906324407 9.813173886181595 14.189626452909089 1.4183150736895813 4.388347840414563 21.021506688518457 8.85815155101284 12.666197294625245 3.0530843322245182 6.675387817645806 22.553613397945036 0.29288668441139976 8.425975727892006 3.973563203282229 -5.500349046329233 -3.3508597508395415 -6.860637726802404 2.193081302884039
25.791583166332664 11.862278388964622 2.980449575765345 6.455520353803177 4.48759654229919 -0.5427404727599239 0.8749354920872143 15.40218496552911 22.06112906342402 35.94972436745319 18.02671159549858 20.539728101978223 9.821795081835408 14.198247648562901 1.4269362693433942 4.396969036068376 21.03012788417227 8.866772746666653 12.674818490279058 3.061705527878331 6.684009013299619 22.562234593598845 0.3015078800652127 8.434596923545818 3.9821843989360417 -5.49172785067542 -3.3422385551857285 -6.852016531148591 2.201702498537852
25.851703406813627 11.870888328874436 2.989059515675141 6.464130293712991 4.496206482209004 -0.53413053285011 0.8835454319970104 15.410794905438905 22.069739003333826 35.958334307362996 18.035321535408375 20.548338041888034 9.830405021745221 14.206857588472715 1.4355462092531903 4.40557897597819 21.038737824082084 8.875382686576467 12.683428430188872 3.070315467788145 6.692618953209415 22.57084453350865 0.3101178199750265 8.443206863455632 3.9907943388458555 -5.483117910765606 -3.3336286152759147 -6.843406591238777 2.210312438447666
25.91182364729459 11.87948703173097 2.997658218531676 6.472728996569526 4.504805185065539 -0.5255318299935752 0.8921441348535453 15.419393608295458 22.07833770619036 35.96693301021954 18.043920238264928 20.556936744744572 9.839003724601756 14.21545629132925 1.444144912109743 4.414177678834725 21.04733652693862 8.883981389433002 12.692027133045407 3.07891417064468 6.7012176560659675 22.579443236365186 0.3187165228315614 8.451805566312167 3.9993930417023904 -5.474519207909071 -3.32502991241938 -6.834807888382242 2.2189111413042006
25.97194388777555 11.8880745077937 3.0062456945944227 6.481316472632255 4.513392661128268 -0.516944353930846 0.9007316109162922 15.427981084358187 22.086925182253097 35.97552048628227 18.052507714327657 20.5655242208073 9.847591200664485 14.22404376739198 1.452732388172472 4.422765154897454 21.055924003001348 8.892568865495731 12.700614609108136 3.087501646707409 6.709805132128697 22.588030712427923 0.3273039988942905 8.460393042374896 4.0079805177651195 -5.465931731846342 -3.3164424363566507 -6.826220412319513 2.22749861736693
26.03206412825651 11.896650768652144 3.014821955452849 6.489892733490699 4.521968921986712 -0.5083680930724022 0.9093078717747183 15.436557345216613 22.095501443111534 35.984096747140704 18.061083975186083 20.57410048166574 9.85616746152293 14.232620028250423 1.4613086490308982 4.431341415755898 21.064500263859784 8.901145126354175 12.70919086996658 3.096077907565853 6.718381392987123 22.59660697328636 0.3358802597527344 8.46896930323334 4.016556778623563 -5.457355470987898 -3.307866175498207 -6.817644151461069 2.2360748782253737
26.092184368737474 11.905215824863511 3.023387011664216 6.498457789702066 4.530533978198079 -0.4998030368610351 0.9178729279860853 15.44512240142798 22.1040664993229 35.99266180335207 18.06964903139745 20.58266553787711 9.864732517734296 14.24118508446179 1.4698737052422652 4.439906471967265 21.07306532007115 8.909710182565542 12.717755926177947 3.10464296377722 6.72694644919849 22.605172029497727 0.34444531596410144 8.477534359444707 4.0251218348349305 -5.448790414776531 -3.29930111928684 -6.809079095249702 2.2446399344367407
26.152304609218437 11.913769688145184 3.0319408749459065 6.5070116529837385 4.539087841479752 -0.49124917357936226 0.9264267912677759 15.45367626470967 22.11262036260458 36.001215666633755 18.07820289467914 20.591219401158785 9.87328638101597 14.249738947743463 1.4784275685239558 4.448460335248938 21.08161918335283 8.918264045847215 12.72630978945962 3.113196827058893 6.73550031248018 22.613725892779406 0.3529991792457743 8.48608822272638 4.033675698116603 -5.440236551494858 -3.290747256005167 -6.800525231968029 2.2531937977184135
26.2124248496994 11.922312372589356 3.040483559390079 6.515554337427911 4.547630525923925 -0.48270648913518954 0.9349694757119487 15.462218949153844 22.121163047048753 36.00975835107793 18.086745579123313 20.599762085602958 9.881829065460142 14.258281632187636 1.4869702529681286 4.4570030196931105 21.090161867797004 8.926806730291387 12.734852473903793 3.1217395115030655 6.744042996924353 22.62226857722358 0.361541863689947 8.494630907170553 4.042218382560776 -5.431693867050686 -3.282204571560994 -6.791982547523856 2.2617364821625863
26.27254509018036 11.9308438907224 3.049015077523123 6.524085855560955 4.556162044056968 -0.4741749710021459 0.9435009938449923 15.470750467286887 22.1296945651818 36.01828986921097 18.095277097256357 20.608293603735998 9.890360583593186 14.26681315032068 1.4955017711011722 4.465534537826154 21.098693385930048 8.935338248424431 12.743383992036836 3.130271029636109 6.752574515057397 22.630800095356626 0.37007338182299065 8.503162425303596 4.05074990069382 -5.423162348917642 -3.2736730534279506 -6.783451029390813 2.27026800029563
26.33266533066132 11.939364254218372 3.0575354410190947 6.532606219056927 4.56468240755294 -0.46565460750617405 0.9520213573409642 15.479270830782859 22.13821492867777 36.02681023270694 18.10379746075233 20.61681396723198 9.898880947089157 14.275333513816669 1.504022134597144 4.474054901322126 21.10721374942602 8.943858611920403 12.751904355532808 3.138791393132081 6.761094878553369 22.639320458852595 0.3785937453189625 8.511682788799568 4.0592702641897915 -5.41464198542167 -3.2651526899319787 -6.774930665894841 2.2787883637916018
26.392785571142284 11.947873472298927 3.0660446590996493 6.541115437137481 4.573191625633513 -0.45714538942561944 0.9605305754215188 15.487780048863414 22.146724146758324 36.035319450787505 18.112306678832883 20.625323185312535 9.907390165169712 14.283842731897224 1.5125313526776987 4.482564119402698 21.115722967506585 8.952367830000975 12.76041357361338 3.1473006112126356 6.769604096633923 22.64782967693315 0.3871029633995171 8.52019200688014 4.067779482270346 -5.4061327673411155 -3.256643471851424 -6.766421447814286 2.2872975818721564
