web/models/mosfit_kne/mosfit_kn_1.0000/mosfit_kn_0.027507_0.0927_1.0000.dat
# %ECSV 1.0
# ---
# datatype:
# - {name: time, datatype: float64}
# - {name: PS1_g, datatype: float64}
# - {name: PS1_i, datatype: float64}
# - {name: PS1_r, datatype: float64}
# - {name: PS1_w, datatype: float64}
# - {name: PS1_y, datatype: float64}
# - {name: PS1_z, datatype: float64}
# - {name: swift_uvot_B, datatype: float64}
# - {name: swift_uvot_U, datatype: float64}
# - {name: swift_uvot_uvm2, datatype: float64}
# - {name: swift_uvot_uvw1, datatype: float64}
# - {name: swift_uvot_uvw2, datatype: float64}
# - {name: swift_uvot_V, datatype: float64}
# - {name: johnson_B, datatype: float64}
# - {name: johnson_I, datatype: float64}
# - {name: johnson_R, datatype: float64}
# - {name: johnson_U, datatype: float64}
# - {name: johnson_V, datatype: float64}
# - {name: sdss_g, datatype: float64}
# - {name: sdss_i, datatype: float64}
# - {name: sdss_r, datatype: float64}
# - {name: sdss_u, datatype: float64}
# - {name: sdss_z, datatype: float64}
# - {name: ATLAS_c, datatype: float64}
# - {name: ATLAS_o, datatype: float64}
# - {name: ukirt_H, datatype: float64}
# - {name: ukirt_J, datatype: float64}
# - {name: ukirt_K, datatype: float64}
# - {name: Clear, datatype: float64}
# meta: !!omap
# - comment: [kappa = 1.0, type = rprocess, mass = 0.027507471329904786, velocity = 0.09266666666666673, theta_obs = 0.0, tfloor = 1000.0]
# schema: astropy-2.0
time PS1_g PS1_i PS1_r PS1_w PS1_y PS1_z swift_uvot_B swift_uvot_U swift_uvot_uvm2 swift_uvot_uvw1 swift_uvot_uvw2 swift_uvot_V johnson_B johnson_I johnson_R johnson_U johnson_V sdss_g sdss_i sdss_r sdss_u sdss_z ATLAS_c ATLAS_o ukirt_H ukirt_J ukirt_K Clear
[from data line 491]
29.579158316633265 8.247287980130462 -0.6345408330688151 2.840529944969017 0.8726061334650481 -4.157730881594084 -2.7400549167469457 11.78719455669495 18.44613865458987 32.33473395861903 14.411721186664419 16.92473769314407 6.206804673001247 10.58325723972876 -2.1880541394907658 0.7819786272342342 17.41513747533811 5.251782337832494 9.059828081444898 -0.5532848809558288 3.069018604465459 18.947244184764696 -3.3134825287689473 4.819606514711676 0.3671939901018817 -9.106718259509579 -6.9572289640198886 -10.46700693998275 -1.413287910296308
29.639278557114228 8.250825183039847 -0.6310036301594479 2.844067147878402 0.8761433363744153 -4.154193678684699 -2.7365177138375785 11.790731759604316 18.449675857499237 32.33827116152841 14.415258389573786 16.928274896053438 6.210341875910632 10.586794442638126 -2.1845169365813986 0.7855158301436014 17.418674678247495 5.255319540741879 9.063365284354283 -0.5497476780464439 3.072555807374826 18.950781387674063 -3.3099453258595624 4.823143717621043 0.37073119301126667 -9.103181056600194 -6.953691761110504 -10.463469737073366 -1.409750707386923
29.69939879759519 8.254355300853735 -0.6274735123455422 2.84759726569229 0.8796734541883211 -4.150663560870811 -2.7329875960236727 11.794261877418222 18.453205975313143 32.341801279342306 14.418788507387692 16.931805013867343 6.21387199372452 10.590324560452032 -2.180986818767493 0.7890459479575072 17.422204796061383 5.258849658555767 9.066895402168171 -0.5462175602325559 3.076085925188732 18.95431150548797 -3.3064152080456743 4.826673835434949 0.3742613108251547 -9.099650938786306 -6.950161643296616 -10.459939619259478 -1.406220589573035
29.75951903807615 8.257878363743814 -0.6239504494554637 2.8511203285823683 0.8831965170783995 -4.1471404979807325 -2.7294645331335943 11.7977849403083 18.45672903820322 32.34532434223238 14.42231157027777 16.935328076757422 6.217395056614598 10.59384762334211 -2.1774637558774144 0.7925690108475856 17.42572785895146 5.262372721445845 9.070418465058268 -0.5426944973424774 3.0796089880788102 18.957834568378047 -3.302892145155596 4.830196898325028 0.3777843737152331 -9.096127875896228 -6.946638580406537 -10.4564165563694 -1.4026975266829567
29.819639278557112 8.261394401966324 -0.6204344112329707 2.854636366804879 0.8867125553008925 -4.143624459758222 -2.7259484949111012 11.801300978530794 18.460245076425714 32.348840380454895 14.425827608500281 16.938844114979933 6.220911094837109 10.597363661564604 -2.1739477176549036 0.7960850490700786 17.429243897173972 5.265888759668356 9.07393450328076 -0.5391784591199666 3.083125026301321 18.96135060660054 -3.299376106933085 4.833712936547521 0.3813004119377439 -9.092611837673717 -6.943122542184026 -10.452900518146889 -1.3991814884604459
29.879759519038075 8.264903444335054 -0.6169253688642407 2.858145409173609 0.8902215976696226 -4.140115417389492 -2.722439452542371 11.804810020899524 18.463754118794444 32.352349422823615 14.429336650868994 16.942353157348645 6.224420137205839 10.600872703933334 -2.1704386752861913 0.7995940914388087 17.432752939542702 5.269397802037086 9.07744354564949 -0.5356694167512366 3.0866340686700333 18.96485964896927 -3.295867064564355 4.837221978916251 0.38480945430647395 -9.089102795304987 -6.939613499815296 -10.449391475778159 -1.3956724460917158
29.939879759519037 8.268405519990019 -0.6134232932092765 2.8616474848285733 0.8937236733245868 -4.136613341734527 -2.718937376887407 11.808312096554488 18.46725619444941 32.35585149847858 14.432838726523958 16.94585523300361 6.227922212860803 10.604374779588298 -2.166936599631227 0.8030961670937729 17.436255015197666 5.27289987769205 9.080945621304455 -0.5321673410962724 3.0901361443249975 18.968361724624234 -3.292364988909391 4.840724054571215 0.38831152996143814 -9.085600719650023 -6.936111424160332 -10.445889400123194 -1.3921703704367516
30.0 8.27190065804297 -0.6099281551563074 2.8651426228815247 0.8972188113775559 -4.133118203681576 -2.715442238834438 11.811807234607457 18.470751332502378 32.35934663653154 14.436333864576927 16.94935037105658 6.2314173509137545 10.607869917641267 -2.163441461578258 0.8065913051467419 17.439750153250618 5.276395015745002 9.084440759357424 -0.5286722030433211 3.0936312823779666 18.971856862677203 -3.2888698508564396 4.844219192624184 0.39180666801438946 -9.082105581597071 -6.932616286107381 -10.442394262070243 -1.3886752323838003
