web/models/mosfit_kne/mosfit_kn_1.0000/mosfit_kn_0.001513_0.3120_1.0000.dat
# %ECSV 1.0
# ---
# datatype:
# - {name: time, datatype: float64}
# - {name: PS1_g, datatype: float64}
# - {name: PS1_i, datatype: float64}
# - {name: PS1_r, datatype: float64}
# - {name: PS1_w, datatype: float64}
# - {name: PS1_y, datatype: float64}
# - {name: PS1_z, datatype: float64}
# - {name: swift_uvot_B, datatype: float64}
# - {name: swift_uvot_U, datatype: float64}
# - {name: swift_uvot_uvm2, datatype: float64}
# - {name: swift_uvot_uvw1, datatype: float64}
# - {name: swift_uvot_uvw2, datatype: float64}
# - {name: swift_uvot_V, datatype: float64}
# - {name: johnson_B, datatype: float64}
# - {name: johnson_I, datatype: float64}
# - {name: johnson_R, datatype: float64}
# - {name: johnson_U, datatype: float64}
# - {name: johnson_V, datatype: float64}
# - {name: sdss_g, datatype: float64}
# - {name: sdss_i, datatype: float64}
# - {name: sdss_r, datatype: float64}
# - {name: sdss_u, datatype: float64}
# - {name: sdss_z, datatype: float64}
# - {name: ATLAS_c, datatype: float64}
# - {name: ATLAS_o, datatype: float64}
# - {name: ukirt_H, datatype: float64}
# - {name: ukirt_J, datatype: float64}
# - {name: ukirt_K, datatype: float64}
# - {name: Clear, datatype: float64}
# meta: !!omap
# - comment: [kappa = 1.0, type = rprocess, mass = 0.001513321957917195, velocity = 0.312, theta_obs = 0.0, tfloor = 1000.0]
# schema: astropy-2.0
time PS1_g PS1_i PS1_r PS1_w PS1_y PS1_z swift_uvot_B swift_uvot_U swift_uvot_uvm2 swift_uvot_uvw1 swift_uvot_uvw2 swift_uvot_V johnson_B johnson_I johnson_R johnson_U johnson_V sdss_g sdss_i sdss_r sdss_u sdss_z ATLAS_c ATLAS_o ukirt_H ukirt_J ukirt_K Clear
[from data line 236]
14.248496993987976 14.192415210708269 5.310586397508992 8.785657175546842 6.817733364042855 1.787396348983723 3.205072313830861 17.732321787272756 24.39126588516767 38.27986118919685 20.356848417242226 22.869864923721877 12.151931903579055 16.528384470306566 3.757073091087041 6.727105857812041 23.360264705915924 11.196909568410318 15.004955312022723 5.391842349621978 9.014145835043266 24.892371415342495 2.6316447018088596 10.764733745289483 6.312321220679689 -3.1615910289317553 -1.0121017334420643 -4.521879709404944 4.531839320281499
14.308617234468937 14.210814648359023 5.3289858351597275 8.804056613197577 6.836132801693591 1.8057957866344765 3.223471751481597 17.750721224923492 24.409665322818412 38.29826062684759 20.375247854892972 22.888264361372624 12.170331341229808 16.546783907957302 3.775472528737777 6.7455052954627766 23.37866414356667 11.215309006061053 15.023354749673459 5.4102417872727315 9.03254527269402 24.910770852993238 2.650044139459613 10.783133182940219 6.330720658330442 -3.1431915912810195 -0.9937022957913287 -4.50348027175419 4.550238757932252
14.3687374749499 14.22915546175215 5.3473266485528725 8.822397426590705 6.854473615086718 1.8241366000276038 3.241812564874742 17.769062038316637 24.42800613621155 38.316601440240724 20.393588668286096 22.906605174765748 12.188672154622935 16.56512472135043 3.793813342130922 6.763846108855904 23.397004956959798 11.23364981945418 15.041695563066586 5.428582600665859 9.050886086087147 24.929111666386376 2.6683849528527404 10.801473996333346 6.349061471723569 -3.1248507778878922 -0.9753614823982014 -4.485139458361063 4.56857957132538
14.428857715430862 14.24743795876994 5.365609145570662 8.840679923608494 6.8727561121045255 1.8424190970453935 3.2600950618925317 17.787344535334427 24.446288633229337 38.33488393725851 20.411871165303896 22.924887671783548 12.206954651640725 16.583407218368237 3.8120958391487116 6.782128605873711 23.415287453977598 11.25193231647197 15.059978060084376 5.446865097683649 9.069168583104936 24.947394163404162 2.68666744987053 10.819756493351154 6.367343968741359 -3.1065682808701025 -0.9570789853804117 -4.466856961343273 4.586862068343169
14.488977955911823 14.265662424752694 5.383833611553417 8.858904389591267 6.89098057808728 1.860643563028166 3.2783195278752864 17.80556900131718 24.464513099212102 38.35310840324127 20.430095631286658 22.943112137766303 12.225179117623497 16.60163168435099 3.8303203051314663 6.800353071856466 23.433511919960353 11.270156782454743 15.078202526067148 5.465089563666403 9.08739304908769 24.965618629386928 2.7048919158532847 10.837980959333908 6.385568434724114 -3.08834381488733 -0.9388545193976393 -4.448632495360519 4.605086534325924
14.549098196392785 14.283829161818815 5.402000348619538 8.87707112665737 6.909147315153401 1.878810300094269 3.2964862649414073 17.823735738383302 24.482679836278216 38.3712751403074 20.448262368352772 22.961278874832423 12.2433458546896 16.619798421417112 3.848487042197587 6.818519808922587 23.45167865702647 11.288323519520846 15.096369263133269 5.483256300732524 9.105559786153812 24.98378536645304 2.7230586529194056 10.85614769640003 6.403735171790235 -3.070177077821227 -0.9206877823315361 -4.430465758294398 4.623253271392045
14.609218436873746 14.301938465409005 5.42010965220971 8.89518043024756 6.927256618743574 1.8969196036844593 3.3145955685315798 17.841845041973475 24.500789139868395 38.389384443897576 20.466371671942955 22.979388178422607 12.26145515827979 16.637907725007285 3.8665963457877597 6.836629112512759 23.469787960616653 11.306432823111036 15.114478566723442 5.501365604322714 9.123669089744002 25.00189467004322 2.741167956509596 10.874256999990202 6.421844475380425 -3.0520677742310367 -0.9025784787413459 -4.412356454704208 4.641362574982235
14.669338677354709 14.319990627362973 5.438161814163696 8.913232592201528 6.945308780697559 1.9149717656384269 3.332647730485565 17.85989720392746 24.51884130182237 38.40743660585155 20.48442383389693 22.99744034037658 12.279507320233758 16.65595988696127 3.884648507741745 6.854681274466745 23.48784012257063 11.324484985065022 15.132530728677427 5.519417766276682 9.14172125169797 25.019946831997196 2.7592201184635634 10.892309161944187 6.439896637334392 -3.034015612277069 -0.8845263167873784 -4.39430429275024 4.659414736936203
14.729458917835672 14.337985939116447 5.456157125917169 8.931227903955001 6.963304092451015 1.9329670773919005 3.3506430422390387 17.877892515680934 24.536836613575844 38.42543191760502 20.502419145650403 23.015435652130055 12.297502631987232 16.673955198714744 3.9026438194952187 6.872676586220218 23.505835434324094 11.342480296818477 15.150526040430883 5.537413078030156 9.159716563451443 25.03794214375067 2.777215430217037 10.910304473697643 6.457891949087866 -3.0160203005235955 -0.8665310050339047 -4.376308980996766 4.677410048689676
14.789579158316633 14.355924696912652 5.474095883713357 8.949166661751207 6.98124285024722 1.950905835188106 3.3685818000352263 17.89583127347712 24.554775371372042 38.44337067540122 20.520357903446598 23.03337440992625 12.315441389783437 16.69189395651093 3.920582577291424 6.890615344016406 23.5237741921203 11.360419054614683 15.168464798227088 5.555351835826361 9.177655321247649 25.055880901546868 2.7951541880132424 10.928243231493848 6.4758307068840715 -2.99808154272739 -0.8485922472376993 -4.358370223200561 4.695348806485882
14.849699398797595 14.37380718216863 5.491978368969352 8.967049147007202 6.999125335503216 1.9687883204440837 3.386464285291222 17.913713758733117 24.572657856628037 38.46125316065721 20.538240388702587 23.051256895182238 12.333323875039415 16.709776441766927 3.938465062547402 6.9084978292724015 23.541656677376288 11.378301539870678 15.186347283483084 5.573234321082339 9.195537806503626 25.073763386802863 2.8130366732692202 10.946125716749844 6.493713192140049 -2.9801990574713946 -0.8307097619817038 -4.340487737944583 4.7132312917418595
14.909819639278556 14.391633688720606 5.509804875521329 8.984875653559161 7.016951842055175 1.9866148269960604 3.4042907918431986 17.931540265285093 24.590484363180003 38.47907966720918 20.556066895254556 23.069083401734208 12.351150381591392 16.727602948318886 3.9562915690993785 6.9263243358243605 23.559483183928254 11.396128046422637 15.204173790035043 5.5910608276343154 9.213364313055603 25.09158989335483 2.830863179821197 10.963952223301803 6.511539698692026 -2.9623725509194356 -0.8128832554297448 -4.3226612313926065 4.731057798293836
14.969939879759519 14.409409158911348 5.527580345712071 9.002651123749903 7.034727312245934 2.004390297186802 3.4220662620339404 17.949315735475835 24.608259833370745 38.496855137399926 20.573842365445305 23.086858871924957 12.368925851782134 16.745378418509645 3.9740670392901203 6.94409980601512 23.577258654119007 11.413903516613397 15.221949260225802 5.608836297825057 9.231139783246345 25.10936536354557 2.8486386500119387 10.981727693492562 6.529315168882768 -2.944597080728694 -0.795107785239003 -4.304885761201865 4.748833268484578
15.03006012024048 14.427119912105919 5.545291098906642 9.020361876944492 7.052438065440505 2.022101050381373 3.439777015228511 17.967026488670406 24.625970586565327 38.5145658905945 20.591553118639876 23.104569625119527 12.386636604976704 16.763089171704216 3.991777792484691 6.961810559209691 23.594969407313577 11.431614269807968 15.239660013420373 5.626547051019628 9.248850536440916 25.127076116740152 2.8663494032065095 10.999438446687133 6.547025922077339 -2.9268863275341053 -0.7773970320444145 -4.287175008007294 4.766544021679149
15.090180360721442 14.44478019404734 5.562951380848045 9.038022158885894 7.070098347381908 2.0397613323227937 3.457437297169914 17.98468677061181 24.64363086850673 38.5322261725359 20.609213400581286 23.122229907060937 12.404296886918125 16.78074945364562 4.009438074426094 6.979470841151094 23.61262968925498 11.44927455174937 15.257320295361776 5.644207332961049 9.266510818382319 25.144736398681555 2.88400968514793 11.017098728628536 6.5646862040187415 -2.9092260455927024 -0.7597367501030116 -4.269514726065873 4.7842043036205695
15.150300601202405 14.462385640575803 5.580556827376508 9.055627605414358 7.0877037939103715 2.0573667788512573 3.4750427436983777 18.002292217140273 24.661236315035193 38.54983161906436 20.62681884710975 23.1398353535894 12.421902333446589 16.798354900174083 4.027043520954558 6.997076287679557 23.630235135783444 11.466879998277834 15.27492574189024 5.661812779489512 9.284116264910782 25.16234184521002 2.901615131676394 11.034704175157 6.582291650547205 -2.8916205990642387 -0.7421313035745479 -4.25190927953741 4.801809750149033
15.210420841683366 14.479936530262112 5.598107717062835 9.073178495100667 7.10525468359668 2.074917668537566 3.492593633384704 18.0198431068266 24.67878720472151 38.56738250875068 20.64436973679606 23.157386243275713 12.439453223132897 16.81590578986039 4.044594410640884 7.014627177365866 23.64778602546976 11.484430887964143 15.292476631576548 5.679363669175821 9.301667154597109 25.179892734896335 2.9191660213627024 11.052255064843308 6.5998425402335315 -2.87406970937793 -0.7245804138882393 -4.234358389851101 4.819360639835342
15.270541082164328 14.497433139713927 5.615604326514649 9.0906751045525 7.122751293048513 2.0924142779893984 3.510090242836519 18.037339716278414 24.696283814173334 38.58487911820251 20.661866346247884 23.174882852727535 12.456949832584712 16.833402399312224 4.062091020092699 7.0321237868176985 23.66528263492158 11.501927497415975 15.30997324102838 5.696860278627636 9.319163764048923 25.19738934434816 2.936662630814517 11.06975167429514 6.617339149685346 -2.8565730999260976 -0.7070838044364068 -4.216861780399286 4.836857249287156
15.33066132264529 14.514875748839042 5.633046935639765 9.108117713677615 7.140193902173628 2.1098568871144963 3.5275328519616345 18.05478232540353 24.71372642329845 38.60232172732762 20.679308955373 23.19232546185265 12.474392441709828 16.85084500843734 4.079533629217814 7.049566395942814 23.6827252440467 11.519370106541091 15.327415850153496 5.714302887752751 9.336606373174039 25.214831953473265 2.954105239939633 11.087194283420256 6.634781758810462 -2.839130490800982 -0.6896411953112912 -4.199419171274171 4.854299858412272
15.390781563126252 14.532264638771686 5.6504358255724085 9.125506603610258 7.157582792106272 2.1272457770471576 3.544921741894278 18.072171215336173 24.731115313231093 38.61971061726027 20.696697845305653 23.209714351785294 12.491781331642489 16.868233898369983 4.096922519150458 7.066955285875458 23.70011413397934 11.536758996473734 15.34480474008614 5.731691777685395 9.353995263106683 25.23222084340592 2.9714941298722763 11.1045831733529 6.652170648743105 -2.8217416008683385 -0.6722523053786477 -4.182030281341527 4.871688748344916
15.450901803607215 14.549600083486585 5.6677712702872896 9.14284204832514 7.174918236821153 2.1445812217620386 3.562257186609159 18.089506660051054 24.748450757945974 38.63704606197515 20.714033290020534 23.227049796500186 12.50911677635737 16.885569343084864 4.114257963865339 7.084290730590339 23.717449578694232 11.554094441188616 15.36214018480102 5.749027222400294 9.371330707821564 25.2495562881208 2.988829574587175 11.121918618067781 6.669506093458004 -2.8044061561534575 -0.6549168606637666 -4.164694836626628 4.889024193059814
15.511022044088175 14.566882356461086 5.685053543261809 9.160124321299659 7.192200509795672 2.161863494736558 3.5795394595836783 18.106788933025573 24.765733030920494 38.65432833494967 20.731315562995054 23.244332069474694 12.52639904933189 16.902851616059383 4.131540236839858 7.101573003564858 23.73473185166874 11.571376714163135 15.37942245777554 5.766309495374795 9.388612980796083 25.26683856109532 3.0061118475616766 11.1392008910423 6.686788366432506 -2.787123883178938 -0.6376345876892474 -4.147412563652127 4.906306466034316
15.571142284569138 14.58411173423725 5.702282921037973 9.177353699075805 7.209429887571837 2.1790928725127046 3.5967688373598428 18.124018310801738 24.782962408696648 38.67155771272582 20.748544940771207 23.26156144725086 12.543628427108036 16.920080993835548 4.148769614616023 7.118802381341022 23.7519612294449 11.588606091939281 15.396651835551687 5.78353887315096 9.405842358572247 25.284067938871473 3.023341225337841 11.156430268818447 6.70401774420867 -2.7698945054027915 -0.6204052099131007 -4.130183185875962 4.92353584381048
15.631262525050099 14.601288483290418 5.71945967009114 9.19453044812899 7.226606636625004 2.1962696215658717 3.61394558641301 18.141195059854905 24.80013915774982 38.688734461779 20.765721689824375 23.278738196304026 12.560805176161203 16.937257742888715 4.16594636366919 7.1359791303941895 23.769137978498073 11.605782840992466 15.413828584604872 5.800715622204127 9.423019107625414 25.301244687924644 3.0405179743910082 11.173607017871632 6.721194493261837 -2.7527177563496066 -0.6032284608599158 -4.113006436822795 4.9407125928636475
15.691382765531062 14.618412879548561 5.736584066349266 9.211654844387116 7.2437310328831295 2.2133940178240152 3.6310699826711357 18.15831945611305 24.81726355400795 38.70585885803713 20.78284608608251 23.295862592562163 12.577929572419347 16.95438213914684 4.183070759927333 7.153103526652315 23.78626237475621 11.622907237250592 15.430952980862997 5.81784001846227 9.440143503883558 25.318369084182777 3.057642370649152 11.190731414129758 6.738318889519981 -2.735593360091481 -0.58610406460179 -4.095882040564652 4.957836989121791
15.751503006012024 14.635485186842345 5.753656373643068 9.2287271516809 7.260803340176913 2.230466325117799 3.6481422899649374 18.175391763406832 24.834335861301746 38.72293116533091 20.799918393376302 23.312934899855943 12.59500187971313 16.971454446440642 4.200143067221117 7.170175833946099 23.803334682049993 11.639979544544376 15.448025288156781 5.834912325756054 9.457215811177342 25.33544139147657 3.0747146779429357 11.207803721423542 6.755391196813765 -2.718521052797697 -0.569031757308006 -4.078809733270868 4.974909296415575
15.811623246492985 14.652505677904486 5.770676864705209 9.24574764274304 7.277823831239054 2.24748681617994 3.665162781027078 18.192412254468973 24.851356352363887 38.73995165639305 20.816938884438432 23.329955390918084 12.612022370775271 16.988474937502765 4.217163558283258 7.18719632500824 23.820355173112134 11.657000035606517 15.465045779218922 5.851932816818195 9.474236302239483 25.352461882538712 3.0917351690050765 11.224824212485682 6.7724116878759055 -2.701500561735556 -0.5520112662458653 -4.061789242208727 4.991929787477716
15.871743486973948 14.669474615709106 5.787645802509829 9.26271658054766 7.294792769043692 2.26445575398456 3.682131718831698 18.209381192273593 24.868325290168507 38.75692059419769 20.833907822243063 23.346924328722714 12.628991308579891 17.005443875307403 4.234132496087878 7.204165262812878 23.83732411091676 11.673968973411155 15.48201471702356 5.868901754622815 9.491205240044103 25.369430820343332 3.1087041068096966 11.24179315029032 6.789380625680526 -2.684531623930936 -0.5350423284412452 -4.044820304404107 5.008898725282336
15.931863727454909 14.686392266841857 5.804563453642579 9.27963423168043 7.311710420176443 2.2813734051173284 3.699049369964449 18.226298843406344 24.885242941301264 38.77383824533044 20.850825473375814 23.363841979855465 12.64590895971266 17.022361526440154 4.251050147220629 7.2210829139456285 23.85424176204951 11.690886624543905 15.49893236815631 5.885819405755566 9.508122891176853 25.38634847147609 3.1256217579424472 11.25871080142307 6.806298276813276 -2.6676139727981676 -0.5181246773084768 -4.027902653271356 5.0258163764150865
