web/models/mosfit_kne/mosfit_kn_1.0000/mosfit_kn_0.117276_0.1397_1.0000.dat
# %ECSV 1.0
# ---
# datatype:
# - {name: time, datatype: float64}
# - {name: PS1_g, datatype: float64}
# - {name: PS1_i, datatype: float64}
# - {name: PS1_r, datatype: float64}
# - {name: PS1_w, datatype: float64}
# - {name: PS1_y, datatype: float64}
# - {name: PS1_z, datatype: float64}
# - {name: swift_uvot_B, datatype: float64}
# - {name: swift_uvot_U, datatype: float64}
# - {name: swift_uvot_uvm2, datatype: float64}
# - {name: swift_uvot_uvw1, datatype: float64}
# - {name: swift_uvot_uvw2, datatype: float64}
# - {name: swift_uvot_V, datatype: float64}
# - {name: johnson_B, datatype: float64}
# - {name: johnson_I, datatype: float64}
# - {name: johnson_R, datatype: float64}
# - {name: johnson_U, datatype: float64}
# - {name: johnson_V, datatype: float64}
# - {name: sdss_g, datatype: float64}
# - {name: sdss_i, datatype: float64}
# - {name: sdss_r, datatype: float64}
# - {name: sdss_u, datatype: float64}
# - {name: sdss_z, datatype: float64}
# - {name: ATLAS_c, datatype: float64}
# - {name: ATLAS_o, datatype: float64}
# - {name: ukirt_H, datatype: float64}
# - {name: ukirt_J, datatype: float64}
# - {name: ukirt_K, datatype: float64}
# - {name: Clear, datatype: float64}
# meta: !!omap
# - comment: [kappa = 1.0, type = rprocess, mass = 0.11727632184323686, velocity = 0.13966666666666672, theta_obs = 0.0, tfloor = 1000.0]
# schema: astropy-2.0
time PS1_g PS1_i PS1_r PS1_w PS1_y PS1_z swift_uvot_B swift_uvot_U swift_uvot_uvm2 swift_uvot_uvw1 swift_uvot_uvw2 swift_uvot_V johnson_B johnson_I johnson_R johnson_U johnson_V sdss_g sdss_i sdss_r sdss_u sdss_z ATLAS_c ATLAS_o ukirt_H ukirt_J ukirt_K Clear
[from data line 169]
10.220440881763526 -7.381134094415653 -11.734405122962936 -10.066541929275825 -10.538206821673324 -13.28633191633184 -12.690648502034048 -5.646968118512162 -2.9044871929727734 5.637914419768284 -2.0279151079779463 -0.12679277787105958 -8.578157850307548 -5.981746678943075 -12.646452762617521 -10.885114448027455 -3.308559554310684 -8.835838377150187 -6.977311597699849 -11.698753550014214 -10.005505960275052 -2.2454397454630026 -12.882950047697932 -8.823847305458976 -11.032771725243702 -15.096105222738508 -14.374707616728289 -15.433401749082146 -11.382628903593144
10.280561122244489 -7.284378794102437 -11.673457479453333 -9.991134518577223 -10.472830007273153 -13.240860653578004 -12.638883296584655 -5.536304520028096 -2.7639265335107766 5.831102507852639 -1.9175665498794277 -0.0160556131199594 -8.48888503169037 -5.875848244340677 -12.590279234567056 -10.817039813410833 -3.1724921718694543 -8.75013747714213 -6.877300129699044 -11.637407346747395 -9.929106166605912 -2.1062261055498332 -12.83353150554067 -8.741565877350936 -10.967812537044193 -15.074407549550589 -14.34213291948687 -15.419300382260966 -11.327247277926666
10.34068136272545 -7.187169633269299 -11.612163025634352 -9.915338284186284 -10.407144230374783 -13.195094946677912 -12.58679968349698 -5.4251332261286676 -2.622748712369738 6.024852920151848 -1.8069173398497536 0.09506990765853063 -8.39915986512817 -5.76949470818429 -12.53377928546674 -10.748639752058608 -3.0358241823417242 -8.664024810875597 -6.776824491020079 -11.575713380834447 -9.852307591089176 -1.9663912562034191 -12.783811699337733 -8.658905419411802 -10.90252877094171 -15.05251539894427 -14.309318087583057 -15.405041070957564 -11.27161574400736
10.400801603206412 -7.089527142120371 -11.550535888440816 -9.839170019231354 -10.341164146026252 -13.149046051738917 -12.534410066609016 -5.313477361771791 -2.480982051962357 6.219125969729704 -1.6959881705147413 0.2065638173850428 -8.309001591249132 -5.662708621972698 -12.47696620131845 -10.679930130120844 -2.898583287039813 -8.577519302688968 -6.675905814983327 -11.513685862830005 -9.775127179713614 -1.8259634240981448 -12.733802713941387 -8.57588375276272 -10.836935394472658 -15.030435594132424 -14.276272010629539 -15.390629210344658 -11.215747195206092
10.460921843687375 -6.991480262293273 -11.488595870016667 -9.762653295590109 -10.2749103729108 -13.102729711394261 -12.481731822203042 -5.2013695395181 -2.3386666692005065 6.413866414732696 -1.5848090900719387 0.31839665158073815 -8.218437313179702 -5.555521619781597 -12.41985857230403 -10.61093298981466 -2.760808636266525 -8.49064743754006 -6.574573896100375 -11.451344708855355 -9.697588740715357 -1.6849825370081106 -12.683521417897374 -8.492525970509188 -10.77105331914673 -15.008177599498321 -14.243007063862974 -15.37607224121622 -11.15965969621783
10.521042084168336 -6.893010491965157 -11.426330827050215 -9.68577348227777 -10.208369714078902 -13.056136426622409 -12.428754356026488 -5.088788898919542 -2.1957762522375823 6.6091080785448115 -1.4733570882720843 0.4305922261329589 -8.12744991234749 -5.447913957213601 -12.362445114852243 -10.541635380872318 -2.6224749001951264 -8.403393052754103 -6.472809675973323 -11.388677717440885 -9.619677444326804 -1.5434226712286936 -12.63295773476555 -8.408816013248739 -10.704869802083987 -14.985735953333435 -14.209515977113776 -15.361365977201016 -11.103341849015482
10.581162324649299 -6.794147521584222 -11.36376107457874 -9.60855475779045 -10.141563291847309 -13.009282346321562 -12.375495495861433 -4.975768904740391 -2.0523519881694163 6.804794581204711 -1.3616630878853893 0.5431200794851034 -8.03606721201832 -5.339918052469809 -12.304744895414565 -10.472059867676997 -2.4836222686503295 -8.315783307020455 -6.370643720522118 -11.325705320292752 -9.541417718991063 -1.4013248248538623 -12.58212896215591 -8.324779598807002 -10.63840625916523 -14.963120347191282 -14.17581143500099 -15.346518022799154 -11.046812133709984
10.64128256513026 -6.694910111012078 -11.300899576123786 -9.531012502832876 -10.074504416140808 -12.962177812737998 -12.321966635543173 -4.8623307064346575 -1.9084197712253113 7.000890241235404 -1.2497457416482756 0.6559619988773204 -7.944306862774575 -5.231554465927854 -12.246770103533866 -10.40222093092859 -2.3442760866842183 -8.227835531297758 -6.268095340129136 -11.262440557767555 -9.462825099709633 -1.2587148417648564 -12.53104619461455 -8.24043294740374 -10.571676336265856 -14.940337031674296 -14.14190159883402 -15.331533294452838 -10.99008220598451
10.701402805611222 -6.595280038154723 -11.237734374160695 -9.453132308873151 -10.007180078287838 -12.914813470826374 -12.268157342109252 -4.748453765554298 -1.7639537026307825 7.197428557862097 -1.1375825768625876 0.7691411665081884 -7.852152017258434 -5.122803743616945 -12.188509626904935 -10.33210580808846 -2.2044114268533233 -8.139533818425269 -6.165145765820501 -11.19887141554683 -9.383884985771243 -1.1155672134067451 -12.479699509883044 -8.155760228525786 -10.504667466681585 -14.917380620514354 -14.10777930561341 -15.316407654441553 -10.933140823761942
10.761523046092185 -6.495290002898031 -11.17428783164014 -9.374940786798351 -9.939613485123644 -12.867207092471347 -12.214087243575786 -4.634174952577058 -1.6189992216113323 7.394348047718464 -1.0252078332196564 0.8826235659778239 -7.759633348684443 -5.0137015032663825 -12.129984440537395 -10.261739218723893 -2.0640726052277647 -8.050908027693458 -6.06182866219946 -11.13502038380739 -9.304624279206823 -0.9719271699641041 -12.428107925971847 -8.070789722553009 -10.43740315019937 -14.89426174263778 -14.073458490876012 -15.301149414096392 -10.876008233727603
10.821643286573146 -6.394957878665526 -11.110572329068464 -9.296452608436159 -9.871817271747538 -12.819368562155606 -12.159767228127194 -4.51951442850926 -1.4735810136512304 7.591615139283349 -0.912639200522793 0.9963917706227012 -7.666767714613212 -4.904267299064337 -12.071206183519518 -10.191134937969341 -1.9232837921804458 -7.961974689301667 -5.958162427067535 -11.070899916472161 -9.225057808558113 -0.827819369347349 -12.376282040094413 -7.985536845162642 -10.36989636225048 -14.870986361069086 -14.038946950259737 -15.285763247791147 -10.81869546747221
10.881763527054108 -6.294271381774124 -11.04657991257314 -9.21765814744509 -9.803782636835816 -12.77129168843084 -12.105190370050778 -4.404458356139936 -1.3276815218216418 7.789252522532164 -0.7998609747312098 1.1104620286097036 -7.573543824026204 -4.794488077579015 -12.01216748366199 -10.120284546637503 -1.7820281567642948 -7.872723233239609 -5.854134407069029 -11.006502024483478 -9.145175817085658 -0.683226580567009 -12.324215302881285 -7.8999908932496155 -10.302138716222604 -14.84755094786141 -14.004239976107138 -15.270246451971426 -10.761194927164226
10.941883767535069 -6.193257064275226 -10.98232881983881 -9.138579068922859 -9.735528363694517 -12.722990987324163 -12.050372690888693 -4.289036686298405 -1.181337609035342 7.987210717342472 -0.6869005239843591 1.224807044071682 -7.479986652574316 -4.684392749698873 -11.952885452939707 -10.049208175029396 -1.6403416874681764 -7.7831779855756595 -5.749771936296266 -10.9418450501399 -9.065000215306931 -0.5381855430331584 -12.27192324712032 -7.814174780205629 -10.234149309174185 -14.823964191438638 -13.969348961074866 -15.254605809598727 -10.703522968864974
11.002004008016032 -6.091939506639026 -10.917835970255876 -9.059235453831338 -9.667071807942857 -12.674479936210794 -11.995329061635758 -4.1732771517269205 -1.0345833915314093 8.185444170468529 -0.5737829603691575 1.33940170053689 -7.386119355357626 -4.57400806451647 -11.893375967921404 -9.977924470468242 -1.4982577044755385 -7.693361494583503 -5.645100318298191 -10.876946010004502 -8.984551316954867 -0.39273027850626363 -12.219420290774483 -7.7281096919079495 -10.165945819905637 -14.80023415925302 -13.934284485292741 -15.238847612319509 -10.645694684592026
11.062124248496994 -5.990302680190123 -10.853090884909715 -8.979614655844799 -9.598401494401045 -12.625750346778268 -11.940050345141788 -4.057161698025392 -0.8873960878925578 8.383982829270447 -0.4604885783302666 1.4542661808275672 -7.291927158019516 -4.463316896927058 -11.833629292768723 -9.90642222878342 -1.3557543040008935 -7.603259822305827 -5.540103044523761 -10.811794376583848 -8.903816314713158 -0.24683837906106731 -12.166697752215825 -7.641781668263867 -10.097517184189346 -14.776356137289369 -13.899040283631601 -15.222968226182692 -10.587700140717082
11.122244488977955 -5.8883793135829166 -10.788115988387244 -8.89974332399543 -9.529540539622356 -12.57682005214928 -11.884556240003779 -3.9407272504114053 -0.7398212526932288 8.582766317186646 -0.3470515036427453 1.5693661365476754 -7.197440846183121 -4.352354765098884 -11.773666446772381 -9.834726047533106 -1.2128759047667015 -7.512902830900445 -5.434813808084371 -10.746412700650101 -8.822822176438674 -0.10055521635525366 -12.11377468685761 -7.555218926589831 -10.028886819376233 -14.75234075400136 -13.863630317387779 -15.20697592161511 -10.529559406984532
11.182364729458918 -5.786184369526843 -10.72292172421303 -8.819633791300703 -9.460499434550993 -12.52769741317616 -11.828855948609842 -3.8239907048405817 -0.5918795566593003 8.781767424857417 -0.23348622016113607 1.6846870211412193 -7.102674621591832 -4.241137976173256 -11.713497247548396 -9.76284744641059 -1.069642771723338 -7.42230441582391 -5.329248009574847 -10.680811487941444 -8.741581384926409 0.04609851466890191 -12.060660047040948 -7.468434298667983 -9.960065556404825 -14.728193046306895 -13.82806118078882 -15.19087462285645 -10.471281581980492
11.242484969939879 -5.6837054733173 -10.6575000784626 -8.739276352636534 -9.391269287709427 -12.47837619057206 -11.772942494841239 -3.7069381307411673 -0.443553360224733 8.981009606419686 -0.11977719194488712 1.8002446971439103 -7.00761713462023 -4.129653326808768 -11.65311426041984 -9.690777873638112 -0.9260379881990065 -7.3314539164272725 -5.223392903384774 -10.614982689084886 -8.660084114873747 0.19314011984244317 -12.007347225932392 -7.381416974279258 -9.891044890804643 -14.703909443878157 -13.792328119840372 -15.17466157648501 -10.412858962195646
11.302605210420841 -5.580979495722609 -10.591876291990285 -8.658701001385829 -9.321876102278033 -12.428876452366602 -11.716838054954266 -3.5896111328553735 -0.29489406038329924 9.180425418247108 -0.005963011315141653 1.916000065180953 -6.9123030826011815 -4.01794073581096 -11.592541130143516 -9.618544888719828 -0.7821116349682032 -7.240384896997118 -5.11728644644073 -10.548951685153192 -8.578360733179569 0.3405184222537194 -11.953857645100019 -7.294198712768942 -9.821851116949443 -14.6795018777267 -13.756446822955793 -15.15834604592939 -10.354314071129647
11.362725450901802 -5.478022014309154 -10.526061235867399 -8.577920567934054 -9.252330770339352 -12.379206902547466 -11.660552212651716 -3.472027306723123 -0.1459232209538539 9.379987006871652 0.10794118033672406 2.03193773159995 -6.816747271199238 -3.9060171182996624 -11.531788068401891 -9.546160398467027 -0.6378848362570299 -7.149111789257955 -5.010944671952391 -10.482729411068696 -8.496424236759754 0.48821183473794605 -11.900200610870879 -7.206792848562955 -9.752495457865287 -14.654975576229386 -13.72042414344216 -15.141932090914485 -10.295656319527566
11.422845691382765 -5.374818016798386 -10.460045115056928 -8.496923216892736 -9.182622521576107 -12.329359893332956 -11.604076432160255 -3.3541697502159193 0.003380473213568047 9.579723007662203 0.2219537116883612 2.1480762875181516 -6.720935896032814 -3.7938663964097725 -11.470845972602508 -9.473613879261517 -0.4933371031852939 -7.057621554611566 -4.904352119188733 -10.416306026829094 -8.41426264917322 0.6362413080544727 -11.846368011413233 -7.11918627987405 -9.68296751825445 -14.630326134111385 -13.68425422876191 -15.12541630419644 -10.236876362788063
11.482965931863728 -5.271400166688629 -10.39385034601235 -8.415735553058674 -9.112774334963643 -12.279353265432178 -11.547430422548572 -3.2360753300715492 0.15297148802192262 9.779574317522282 0.33604069211712373 2.2643811964298135 -6.624899755620668 -3.6815238821738245 -11.409735841286565 -9.400929727481728 -0.3485128169040873 -6.9659439572982125 -4.797542412399327 -10.349704073277266 -8.331902919277692 0.7845614741915163 -11.792378880007295 -7.031407094546918 -9.613290570023842 -14.605564157888685 -13.64795102774666 -15.108806907836685 -10.177994060511182
11.543086172344688 -5.167783805701234 -10.32748764892828 -8.334370215880611 -9.042796909586954 -12.229195607660248 -11.490623640904172 -3.1177613799728574 0.3028285620175988 9.979513961809833 0.4501872396587996 2.3808371689763743 -6.528653457955483 -3.5690061859016393 -11.348467740118739 -9.328119617016963 -0.20343279962406802 -6.874093199472051 -4.690531341600437 -10.282934333071072 -8.249357859852733 0.9331510427642797 -11.738242389788702 -6.943468400817103 -9.543475631329414 -14.580694800259353 -13.611521297934688 -15.09210789303477 -10.119018626996805
11.603206412825651 -5.063973447539727 -10.260960427097388 -8.252831111950254 -8.972693277970478 -12.178889719168424 -11.4336591289943 -2.9992330221500927 0.45294560845613696 10.179535004870349 0.5643902902845359 2.4974409020526136 -6.432201483696603 -3.4563182355211315 -11.287044896020426 -9.255187276129153 -0.05810314545120254 -6.782073757156668 -4.583323548913079 -10.216000233441527 -8.166631442488352 1.0820037783230063 -11.683961546325019 -6.855373949391872 -9.473526064231823 -14.555719802954455 -13.57496729775704 -15.075320606983842 -10.05995263855528
11.663326653306612 -4.959978469445989 -10.194275371335184 -8.17112606839638 -8.902469909810407 -12.128441001547685 -11.376542812750934 -2.8805008646445094 0.6033097134575629 10.379621679240053 0.6786414510085952 2.6141836287477607 -6.335552868844652 -3.3434701875856416 -11.225473606680627 -9.182139978406074 0.08746342936847962 -6.689894466974395 -4.475928683650974 -10.14890850625438 -8.083731611170553 1.2311066723125386 -11.629542123899768 -6.767131687807986 -9.403448654987088 -14.53064243879039 -13.538293305833518 -15.05844758080089 -10.000801638479189
11.723446893787575 -4.855814505197422 -10.127443405042058 -8.08926795762936 -8.832137690466588 -12.07785820826139 -11.31928433268964 -2.761582573074782 0.7538991798354646 10.57974688060225 0.792925518507293 2.7310495871740206 -6.238722513340112 -3.230478919446082 -11.16376412293355 -9.108989553301978 0.23324568951221603 -6.597569773331988 -4.3683628361187665 -10.081670137832308 -8.000671422852577 1.3804380012692974 -11.57499346094367 -6.678754958695716 -9.333254592588371 -14.505467951572848 -13.501506202128953 -15.041492868596007 -9.941574976542817
11.783567134268537 -4.751508312999793 -10.06048298082483 -8.007278625431873 -8.761715352054509 -12.027156056411705 -11.2618999379821 -2.6425083621091714 0.904676695875182 10.779863321339104 0.907215233385728 2.8480106371577176 -6.141735745717754 -3.117373258249469 -11.101933727919306 -9.035755932774709 0.3792072541478998 -6.50512409209268 -4.2606535486470065 -10.014303682496966 -7.917473028279591 1.5299605475259348 -11.520331236235481 -6.590266695204274 -9.262962896423641 -14.480205091479073 -13.464617494943026 -15.024463233575299 -9.88228876394885
11.843687374749498 -4.647049147851625 -9.993387185638642 -7.925149665187732 -8.691195126702524 -11.976329181662297 -11.204383625658974 -2.523266144983821 1.055657544777109 10.979992489940265 1.0215240930151563 2.965080212588408 -6.0445827761171005 -3.004141650951326 -11.039976004264506 -8.962431620846438 0.5253627766638648 -6.412548181632968 -4.152789754294339 -9.946802196725137 -7.834127935824462 1.679689280761547 -11.46554975656123 -6.50165746120404 -9.192566123188275 -14.45485079048831 -13.42762309713004 -15.00735629369723 -9.82293622210662
