web/models/mosfit_kne/mosfit_kn_1.0000/mosfit_kn_0.001513_0.3747_1.0000.dat
# %ECSV 1.0
# ---
# datatype:
# - {name: time, datatype: float64}
# - {name: PS1_g, datatype: float64}
# - {name: PS1_i, datatype: float64}
# - {name: PS1_r, datatype: float64}
# - {name: PS1_w, datatype: float64}
# - {name: PS1_y, datatype: float64}
# - {name: PS1_z, datatype: float64}
# - {name: swift_uvot_B, datatype: float64}
# - {name: swift_uvot_U, datatype: float64}
# - {name: swift_uvot_uvm2, datatype: float64}
# - {name: swift_uvot_uvw1, datatype: float64}
# - {name: swift_uvot_uvw2, datatype: float64}
# - {name: swift_uvot_V, datatype: float64}
# - {name: johnson_B, datatype: float64}
# - {name: johnson_I, datatype: float64}
# - {name: johnson_R, datatype: float64}
# - {name: johnson_U, datatype: float64}
# - {name: johnson_V, datatype: float64}
# - {name: sdss_g, datatype: float64}
# - {name: sdss_i, datatype: float64}
# - {name: sdss_r, datatype: float64}
# - {name: sdss_u, datatype: float64}
# - {name: sdss_z, datatype: float64}
# - {name: ATLAS_c, datatype: float64}
# - {name: ATLAS_o, datatype: float64}
# - {name: ukirt_H, datatype: float64}
# - {name: ukirt_J, datatype: float64}
# - {name: ukirt_K, datatype: float64}
# - {name: Clear, datatype: float64}
# meta: !!omap
# - comment: [kappa = 1.0, type = rprocess, mass = 0.001513321957917195, velocity = 0.3746666666666667, theta_obs = 0.0, tfloor = 1000.0]
# schema: astropy-2.0
time PS1_g PS1_i PS1_r PS1_w PS1_y PS1_z swift_uvot_B swift_uvot_U swift_uvot_uvm2 swift_uvot_uvw1 swift_uvot_uvw2 swift_uvot_V johnson_B johnson_I johnson_R johnson_U johnson_V sdss_g sdss_i sdss_r sdss_u sdss_z ATLAS_c ATLAS_o ukirt_H ukirt_J ukirt_K Clear
[from data line 445]
26.81362725450902 18.12362162932656 9.241792816127283 12.716863594165133 10.748939782661147 5.718602767602032 7.136278732449153 21.663528205891048 28.32247230378597 42.21106760781514 24.288054835860525 26.801071342340176 16.083138322197364 20.459590888924858 7.688279509705333 10.658312276430333 27.29147112453422 15.12811598702861 18.936161730641015 9.32304876824027 12.945352253661557 28.823577833960794 6.562851120427151 14.695940163907775 10.24352763929798 0.769615389686537 2.9191046851762272 -0.5906732907866341 8.463045738899808
26.873747494989978 18.134691624147816 9.252862810948539 12.727933588986371 10.760009777482384 5.72967276242327 7.147348727270408 21.674598200712296 28.333542298607213 42.22213760263639 24.299124830681766 26.812141337161417 16.0942083170186 20.470660883746103 7.699349504526588 10.669382271251571 27.302541119355464 15.139185981849847 18.947231725462252 9.334118763061525 12.956422248482813 28.83464782878204 6.573921115248407 14.707010158729013 10.254597634119236 0.7806853845077748 2.930174679997465 -0.5796032959653963 8.474115733721046
26.93386773547094 18.145738269315377 9.2639094561161 12.73898023415395 10.771056422649963 5.7407194075908485 7.158395372437969 21.685644845879864 28.344588943774784 42.233184247803955 24.31017147584934 26.823187982328992 16.10525496218618 20.481707528913674 7.710396149694149 10.68042891641915 27.313587764523035 15.150232627017425 18.95827837062983 9.345165408229086 12.967468893650373 28.84569447394961 6.584967760415967 14.71805680389659 10.265644279286796 0.7917320296753532 2.9412213251650434 -0.5685566507978357 8.485162378888624
26.993987975951903 18.156761669152353 9.274932855953075 12.750003633990925 10.782079822486939 5.751742807427824 7.169418772274945 21.69666824571684 28.35561234361176 42.244207647640934 24.32119487568632 26.83421138216596 16.116278362023156 20.49273092875065 7.721419549531125 10.691452316256125 27.324611164360007 15.161256026854401 18.969301770466807 9.356188808066062 12.97849229348735 28.856717873786586 6.595991160252943 14.729080203733567 10.276667679123772 0.8027554295123289 2.952244725002019 -0.5575332509608599 8.4961857787256
27.054108216432866 18.167761909394784 9.285933096195489 12.761003874233339 10.793080062729352 5.762743047670238 7.180419012517358 21.70766848595926 28.366612583854174 42.25520788788335 24.33219511592873 26.84521162240838 16.12727860226557 20.503731168993074 7.732419789773538 10.702452556498539 27.33561140460243 15.172256267096815 18.98030201070922 9.367189048308493 12.98949253372978 28.867718114029 6.6069914004953745 14.74008044397598 10.287667919366204 0.8137556697547426 2.963244965244433 -0.5465330107184285 8.507186018968014
27.11422845691383 18.17873909466341 9.296910281464132 12.771981059501964 10.804057247997978 5.773720232938864 7.191396197786002 21.71864567122789 28.377589769122807 42.26618507315198 24.343172301197367 26.856188807677018 16.138255787534195 20.514708354261696 7.743396975042182 10.713429741767182 27.346588589871057 15.18323345236544 18.991279195977846 9.378166233577119 13.000469718998406 28.878695299297632 6.617968585764 14.751057629244606 10.29864510463483 0.8247328550233683 2.9742221505130586 -0.5355558254498027 8.51816320423664
27.174348697394787 18.189693311187227 9.30786449798795 12.782935276025782 10.815011464521813 5.784674449462681 7.202350414309819 21.729599887751714 28.388543985646628 42.27713928967581 24.354126517721184 26.867143024200836 16.149210004058013 20.525662570785524 7.754351191565999 10.724383958291 27.357542806394882 15.194187668889258 19.00223341250168 9.389120450100936 13.011423935522224 28.889649515821453 6.628922802287818 14.762011845768441 10.309599321158647 0.8356870715471858 2.985176367036876 -0.5246016089259853 8.529117420760457
27.23446893787575 18.20062465421831 9.318795841019014 12.793866619056864 10.825942807552877 5.795605792493763 7.213281757340884 21.740531230782786 28.3994753286777 42.288070632706884 24.365057860752255 26.878074367231907 16.160141347089095 20.5365939138166 7.7652825345970635 10.735315301322064 27.368474149425957 15.20511901192034 19.013164755532745 9.400051793132018 13.022355278553306 28.900580858852525 6.6398541453189 14.772943188799506 10.320530664189729 0.8466184145782678 2.996107710067958 -0.5136702658949033 8.540048763791539
27.294589178356713 18.211533214857525 9.329704401658248 12.80477517969608 10.836851368192093 5.806514353132979 7.224190317980117 21.751439791422 28.410383889316925 42.29897919334609 24.37596642139148 26.888982927871123 16.17104990772831 20.547502474455815 7.776191095236297 10.74622386196128 27.379382710065173 15.216027572559556 19.02407331617196 9.410960353771234 13.033263839192522 28.91148941949175 6.650762705958115 14.783851749438721 10.331439224828944 0.8575269752174834 3.0070162707071737 -0.5027617052556876 8.550957324430755
27.354709418837675 18.22241908917137 9.340590275972094 12.815661054009926 10.847737242505957 5.817400227446825 7.235076192293963 21.762325665735858 28.421269763630768 42.30986506765995 24.386852295705328 26.89986880218498 16.181935782042157 20.558388348769668 7.787076969550143 10.757109736275144 27.39026858437903 15.226913446873402 19.034959190485825 9.42184622808508 13.044149713506368 28.922375293805594 6.661648580271962 14.794737623752585 10.34232509914279 0.8684128495313297 3.01790214502102 -0.4918758309418414 8.5618431987446
27.414829659318634 18.233282368778543 9.351453555579248 12.826524333617098 10.858600522113111 5.828263507053997 7.245939471901117 21.773188945343023 28.432133043237933 42.320728347267114 24.397715575312493 26.910732081792144 16.19279906164933 20.56925162837683 7.797940249157297 10.767973015882298 27.40113186398619 15.237776726480574 19.04582247009298 9.432709507692252 13.05501299311354 28.93323857341276 6.672511859879133 14.805600903359739 10.353188378749962 0.8792761291385014 3.0287654246281916 -0.4810125513346697 8.572706478351773
27.474949899799597 18.244123140232578 9.362294327033283 12.837365105071132 10.869441293567146 5.839104278508032 7.256780243355152 21.784029716797058 28.442973814691968 42.33156911872114 24.408556346766527 26.92157285324618 16.203639833103363 20.580092399830857 7.808781020611332 10.778813787336333 27.411972635440215 15.248617497934609 19.056663241547014 9.443550279146287 13.065853764567557 28.944079344866793 6.683352631333168 14.816441674813774 10.364029150203997 0.8901169005925362 3.0396061960822265 -0.47017177988063485 8.583547249805807
27.53507014028056 18.25494149505266 9.373112681853382 12.848183459891214 10.880259648387245 5.849922633328113 7.267598598175251 21.794848071617146 28.453792169512056 42.34238747354124 24.419374701586616 26.932391208066267 16.214458187923444 20.590910754650956 7.819599375431431 10.789632142156432 27.422790990260317 15.25943585275469 19.067481596367113 9.454368633966368 13.076672119387656 28.95489769968688 6.6941709861532495 14.827260029633873 10.374847505024078 0.9009352554126175 3.050424550902308 -0.45935342506055354 8.594365604625889
27.595190380761522 18.265737535400373 9.383908722201095 12.858979500238927 10.89105568873494 5.8607186736758266 7.278394638522965 21.805644111964853 28.46458820985977 42.35318351388894 24.43017074193433 26.943187248413974 16.225254228271158 20.60170679499866 7.830395415779145 10.800428182504128 27.43358703060802 15.270231893102403 19.07827763671481 9.465164674314082 13.08746815973537 28.965693740034595 6.704967026500963 14.838056069981569 10.385643545371792 0.9117312957603312 3.0612205912500214 -0.4485573847128399 8.605161644973602
27.655310621242485 18.276511339032062 9.394682525832767 12.869753303870617 10.90182949236663 5.871492477307516 7.2891684421546366 21.81641791559654 28.475362013491452 42.36395731752062 24.44094454556601 26.95396105204566 16.236028031902848 20.61248059863034 7.8411692194108165 10.811201986135817 27.44436083423971 15.281005696734093 19.0890514403465 9.475938477945771 13.098241963367041 28.976467543666278 6.715740830132653 14.848829873613258 10.396417349003482 0.9225050993920207 3.071994394881711 -0.43778358108115034 8.615935448605292
27.715430861723444 18.287262992568625 9.405434179369347 12.880504957407197 10.91258114590321 5.8822441308440965 7.299920095691217 21.827169569133112 28.486113667028032 42.3747089710572 24.45169619910258 26.964712705582233 16.24677968543941 20.623232252166922 7.851920872947397 10.821953639672397 27.455112487776283 15.291757350270673 19.09980309388308 9.486690131482334 13.108993616903621 28.987219197202858 6.726492483669215 14.859581527149839 10.407169002540044 0.9332567529286011 3.0827460484182914 -0.42703192754458774 8.626687102141855
27.775551102204407 18.297992588506418 9.41616377530714 12.891234553344972 10.923310741841004 5.892973726781872 7.31064969162901 21.837899165070905 28.496843262965818 42.385438566994985 24.462425795040375 26.975442301520026 16.257509281377203 20.633961848104708 7.86265046888519 10.83268323561019 27.465842083714072 15.302486946208449 19.110532689820854 9.497419727420127 13.119723212841414 28.997948793140644 6.737222079607008 14.870311123087632 10.417898598477837 0.9439863488663762 3.0934756443560665 -0.41630233160679486 8.637416698079647
27.83567134268537 18.30870021989174 9.426871406692463 12.901942184730313 10.934018373226326 5.903681358167194 7.3213573230143325 21.848606796456227 28.50755089435114 42.39614619838032 24.473133426425697 26.98614993290535 16.268216912762526 20.644669479490037 7.873358100270512 10.843390866995513 27.476549715099395 15.313194577593789 19.121240321206194 9.50812735880545 13.130430844226737 29.008656424525967 6.747929710992331 14.881018754472954 10.42860622986316 0.9546939802517167 3.104183275741389 -0.40559470022147215 8.64812432946497
27.895791583166332 18.31938596982713 9.437557156627854 12.912627934665704 10.944704123161717 5.914367108102603 7.332043072949723 21.859292546391618 28.51823664428654 42.40683194831571 24.483819176361088 26.99683568284074 16.278902662697917 20.655355229425428 7.884043850205903 10.854076616930904 27.487235465034786 15.32388032752918 19.131926071141585 9.51881310874084 13.141116594162128 29.019342174461364 6.758615460927722 14.891704504408345 10.43929197979855 0.9653797301871074 3.1148690256767977 -0.3949089502860814 8.65881007940036
27.955911823647295 18.33004992615809 9.448221112958795 12.923291890996644 10.955368079492658 5.9250310644335435 7.342707029280664 21.869956502722566 28.52890060061748 42.41749590464665 24.494483132692036 27.007499639171687 16.289566619028875 20.66601918575637 7.894707806536844 10.864740573261845 27.497899421365737 15.33454428386012 19.142590027472526 9.529477065071799 13.151780550493068 29.030006130792305 6.76927941725868 14.902368460739286 10.44995593612951 0.9760436865180482 3.1255329820077384 -0.3842449939551229 8.66947403573132
28.016032064128254 18.340692166980475 9.45886335378118 12.93393413181903 10.966010320315043 5.9356733052559285 7.353349270103049 21.88059874354495 28.539542841439864 42.42813814546904 24.50512537351442 27.018141879994072 16.30020885985126 20.676661426578764 7.905350047359229 10.87538281408423 27.508541662188122 15.345186524682505 19.15323226829491 9.540119305894184 13.162422791315471 29.04064837161469 6.779921658081065 14.91301070156167 10.460598176951894 0.9866859273404331 3.1361752228301234 -0.37360275313273794 8.680116276553704
28.076152304609217 18.351312795703087 9.469483982503792 12.944554760541642 10.976630949037656 5.9462939339785414 7.363969898825662 21.891219372267564 28.550163470162477 42.43875877419165 24.515746002237034 27.028762508716685 16.310829488573873 20.687282055301367 7.915970676081842 10.886003442806842 27.519162290910735 15.355807153405118 19.163852897017524 9.550739934616796 13.173043420038066 29.051269000337303 6.790542286803678 14.923631330284284 10.471218805674507 0.9973065560630461 3.1467958515527363 -0.362982124410125 8.690736905276317
28.13627254509018 18.361911881424877 9.480083068225582 12.955153846263432 10.987230034759445 5.956893019700331 7.374568984547452 21.901818457989357 28.560762555884267 42.44935785991344 24.526345087958827 27.03936159443848 16.321428574295663 20.697881141023156 7.9265697618036315 10.896602528528632 27.529761376632525 15.366406239126908 19.174451982739313 9.561339020338586 13.183642505759856 29.061868086059093 6.801141372525468 14.934230416006073 10.481817891396297 1.0079056417848358 3.157394937274526 -0.3523830386883353 8.701335990998107
28.196392785571142 18.372489522348143 9.490660709148866 12.965731487186716 10.99780767568273 5.967470660623615 7.385146625470735 21.91239609891263 28.57134019680755 42.45993550083672 24.536922728882107 27.04993923536175 16.332006215218946 20.70845878194644 7.937147402726915 10.907180169451916 27.5403390175558 15.376983880050192 19.185029623662597 9.571916661261852 13.19422014668314 29.072445726982377 6.811719013448734 14.944808056929357 10.492395532319563 1.0184832827081196 3.16797257819781 -0.34180539776506924 8.71191363192139
28.256513026052104 18.383045792807007 9.50121697960773 12.976287757645562 11.008363946141593 5.978026931082461 7.395702895929599 21.922952369371494 28.581896467266404 42.47049177129558 24.547478999340964 27.060495505820615 16.342562485677792 20.719015052405293 7.947703673185779 10.91773643991078 27.550895288014665 15.387540150509038 19.195585894121443 9.582472931720716 13.204776417142003 29.08300199744123 6.822275283907597 14.95536432738822 10.502951802778426 1.0290395531669654 3.1785288486566556 -0.3312491273062057 8.722469902380237
28.316633266533064 18.39358078141876 9.511751968219464 12.986822746257314 11.018898934753327 5.988561919694213 7.4062378845413335 21.93348735798324 28.59243145587815 42.48102675990733 24.55801398795271 27.07103049443236 16.353097474289545 20.72955004101704 7.958238661797513 10.928271428522514 27.561430276626407 15.39807513912079 19.206120882733195 9.593007920332468 13.215311405753738 29.093536986052975 6.83281027251935 14.965899315999955 10.513486791390179 1.0395745417787177 3.189063837268408 -0.3207141386944534 8.733004890991989
28.376753507014026 18.40409456749727 9.522265754297994 12.997336532335826 11.029412720831857 5.999075705772725 7.416751670619863 21.944001144061758 28.602945241956668 42.49154054598584 24.568527774031228 27.08154428051088 16.363611260368057 20.740063827095558 7.968752447876043 10.938785214601044 27.57194406270493 15.408588925199302 19.216634668811707 9.60352170641098 13.225825191832268 29.104050772131494 6.843324058597862 14.976413102078485 10.52400057746869 1.0500883278572297 3.19957762334692 -0.31020035261594137 8.743518677070501
28.43687374749499 18.41458724039338 9.532758427194103 13.007829205231936 11.039905393727949 6.009568378668835 7.427244343515973 21.954493816957857 28.61343791485278 42.502033218881955 24.579020446927327 27.09203695340698 16.374103933264166 20.75055649999167 7.979245120772153 10.949277887497136 27.58243673560103 15.419081598095412 19.227127341707817 9.61401437930709 13.236317864728377 29.114543445027607 6.853816731493971 14.986905774974577 10.5344932503648 1.0605810007533394 3.2100702962430296 -0.2997076797198317 8.75401134996661
28.49699398797595 18.42505887983103 9.543230066631754 13.018300844669586 11.0503770331656 6.020040018106485 7.437715982953623 21.964965456395518 28.623909554290428 42.5125048583196 24.589492086364988 27.10250859284464 16.384575572701817 20.761028139429317 7.989716760209803 10.959749526934804 27.59290837503868 15.429553237533062 19.237598981145467 9.62448601874474 13.246789504166028 29.125015084465254 6.864288370931622 14.997377414412227 10.54496488980245 1.0710526401909897 3.22054193568068 -0.2892360402821814 8.76448298940426
