web/models/mosfit_kne/mosfit_kn_1.0000/mosfit_kn_0.004263_0.0927_1.0000.dat
# %ECSV 1.0
# ---
# datatype:
# - {name: time, datatype: float64}
# - {name: PS1_g, datatype: float64}
# - {name: PS1_i, datatype: float64}
# - {name: PS1_r, datatype: float64}
# - {name: PS1_w, datatype: float64}
# - {name: PS1_y, datatype: float64}
# - {name: PS1_z, datatype: float64}
# - {name: swift_uvot_B, datatype: float64}
# - {name: swift_uvot_U, datatype: float64}
# - {name: swift_uvot_uvm2, datatype: float64}
# - {name: swift_uvot_uvw1, datatype: float64}
# - {name: swift_uvot_uvw2, datatype: float64}
# - {name: swift_uvot_V, datatype: float64}
# - {name: johnson_B, datatype: float64}
# - {name: johnson_I, datatype: float64}
# - {name: johnson_R, datatype: float64}
# - {name: johnson_U, datatype: float64}
# - {name: johnson_V, datatype: float64}
# - {name: sdss_g, datatype: float64}
# - {name: sdss_i, datatype: float64}
# - {name: sdss_r, datatype: float64}
# - {name: sdss_u, datatype: float64}
# - {name: sdss_z, datatype: float64}
# - {name: ATLAS_c, datatype: float64}
# - {name: ATLAS_o, datatype: float64}
# - {name: ukirt_H, datatype: float64}
# - {name: ukirt_J, datatype: float64}
# - {name: ukirt_K, datatype: float64}
# - {name: Clear, datatype: float64}
# meta: !!omap
# - comment: [kappa = 1.0, type = rprocess, mass = 0.004263435211354371, velocity = 0.09266666666666673, theta_obs = 0.0, tfloor = 1000.0]
# schema: astropy-2.0
time PS1_g PS1_i PS1_r PS1_w PS1_y PS1_z swift_uvot_B swift_uvot_U swift_uvot_uvm2 swift_uvot_uvw1 swift_uvot_uvw2 swift_uvot_V johnson_B johnson_I johnson_R johnson_U johnson_V sdss_g sdss_i sdss_r sdss_u sdss_z ATLAS_c ATLAS_o ukirt_H ukirt_J ukirt_K Clear
[from data line 261]
15.751503006012024 9.690041520767618 0.808212707568341 4.283283485606173 2.3153596741021865 -2.7149773409569278 -1.2973013761097896 13.229948097332105 19.888892195227015 33.77748749925619 15.854474727301575 18.367491233781227 7.649558213638403 12.026010780365898 -0.7453005988536097 2.2247321678713723 18.857891015975266 6.69453587846965 10.502581622082054 0.8894686596813273 4.511772145102615 20.38999772540184 -1.8707289881317912 6.262360055348815 1.8099475307390378 -7.663964718872424 -5.5144754233827324 -9.024253399345595 0.029465630340848037
15.811623246492985 9.697376005223433 0.8155471920241375 4.290617970061987 2.3226941585580008 -2.7076428565011135 -1.289966891653993 13.237282581787902 19.896226679682822 33.78482198371199 15.861809211757372 18.374825718237023 7.656892698094217 12.033345264821712 -0.7379661143978131 2.2320666523271866 18.86522550043108 6.701870362925464 10.509916106537869 0.8968031441371416 4.5191066295584115 20.397332209857648 -1.863394503675977 6.269694539804629 1.817282015194852 -7.6566302344166095 -5.507140938926918 -9.01691891488978 0.03680011479666234
15.871743486973948 9.70468397762069 0.8228551644214122 4.297925942459262 2.3300021309552754 -2.7003348841038566 -1.2826589192567184 13.244590554185177 19.903534652080097 33.79212995610927 15.869117184154646 18.382133690634298 7.664200670491474 12.040653237218987 -0.7306581420005385 2.2393746247244612 18.872533472828355 6.709178335322739 10.517224078935143 0.9041111165343985 4.526414601955686 20.404640182254923 -1.85608653127872 6.2770025122019035 1.824589987592109 -7.649322262019335 -5.4998329665296435 -9.009610942492523 0.04410808719391923
15.931863727454909 9.711965640254618 0.8301368270553233 4.305207605093173 2.3372837935891866 -2.6930532214699276 -1.2753772566228072 13.251872216819088 19.91081631471401 33.799411618743186 15.876398846788575 18.389415353268227 7.671482333125403 12.047934899852898 -0.7233764793666095 2.2466562873583724 18.879815135462266 6.71645999795665 10.524505741569055 0.9113927791683274 4.533696264589615 20.411921844888834 -1.848804868644791 6.284284174835815 1.831871650226038 -7.642040599385424 -5.492551303895732 -9.002329279858595 0.051389749827848163
15.991983967935871 9.71922118763338 0.8373923744341027 4.312463152471935 2.3445393409679482 -2.685797674091166 -1.2681217092440278 13.259127764197867 19.91807186209278 33.80666716612195 15.883654394167337 18.39667090064699 7.678737880504165 12.055190447231677 -0.7161209319878479 2.253911834737152 18.887070682841028 6.723715545335412 10.531761288947816 0.9186483265470891 4.540951811968377 20.419177392267606 -1.8415493212660294 6.291539722214576 1.8391271976047996 -7.634785052006662 -5.485295756516971 -8.995073732479833 0.058645297206609825
16.052104208416832 9.726450811538285 0.844621998339008 4.319692776376858 2.3517689648728712 -2.6785680501862608 -1.2608920853391226 13.266357388102772 19.925301485997693 33.81389679002687 15.890884018072242 18.403900524551894 7.68596750440907 12.062420071136582 -0.7088913080829427 2.261141458642057 18.894300306745933 6.730945169240335 10.53899091285274 0.9258779504519943 4.548181435873282 20.42640701617252 -1.8343196973611242 6.298769346119499 1.8463568215097048 -7.627555428101739 -5.478066132612048 -8.987844108574928 0.06587492111151505
16.112224448897795 9.73365470512638 0.8518258919271027 4.326896669964935 2.358972858460948 -2.671364156598166 -1.2536881917510279 13.273561281690867 19.932505379585777 33.82110068361495 15.898087911660337 18.41110441813999 7.6931713979971645 12.069623964724677 -0.701687414494848 2.268345352230134 18.901504200334028 6.738149062828412 10.546194806440816 0.933081844040089 4.555385329461377 20.433610909760603 -1.8271158037730295 6.305973239707576 1.8535607150977995 -7.620351534513662 -5.470862239023971 -8.980640214986833 0.07307881469960975
16.172344689378757 9.740833054895663 0.8590042416963861 4.334075019734218 2.3661512082302316 -2.6641858068288826 -1.2465098419817444 13.28073963146015 19.93968372935506 33.828279033384234 15.90526626142962 18.41828276790927 7.700349747766448 12.076802314493943 -0.6945090647255645 2.2755237019994174 18.90868255010331 6.745327412597695 10.5533731562101 0.9402601938093724 4.56256367923066 20.440789259529886 -1.819937454003746 6.31315158947686 1.860739064867083 -7.613173184744379 -5.463683889254687 -8.97346186521755 0.0802571644688932
16.23246492985972 9.747986051262707 0.8661572380634297 4.341228016101262 2.373304204597275 -2.657032810461839 -1.2393568456147008 13.287892627827194 19.946836725722108 33.83543202975128 15.912419257796664 18.425435764276315 7.707502744133492 12.083955310861004 -0.6873560683585209 2.282676698366461 18.915835546470355 6.752480408964739 10.560526152577143 0.947413190176416 4.569716675597704 20.447942255896933 -1.8127844576367025 6.320304585843903 1.8678920612341265 -7.606020188377335 -5.456530892887644 -8.966308868850506 0.08741016083593678
16.29258517034068 9.755113880333806 0.8732850671345282 4.348355845172378 2.3804320336683915 -2.6499049813907227 -1.2322290165436023 13.295020456898293 19.953964554793213 33.84255985882238 15.919547086867762 18.432563593347414 7.714630573204608 12.091083139932103 -0.6802282392874224 2.2898045274375773 18.92296337554147 6.759608238035855 10.56765398164826 0.9545410192475146 4.576844504668802 20.45507008496804 -1.8056566285655862 6.32743241491502 1.875019890305225 -7.598892359306219 -5.449403063816527 -8.95918103977939 0.09453798990705309
16.352705410821642 9.762216726845576 0.8803879136462989 4.355458691684131 2.387534880180162 -2.64280213487897 -1.2251261700318317 13.302123303410063 19.961067401304973 33.849662705334154 15.926649933379533 18.439666439859185 7.721733419716361 12.098185986443873 -0.6731253927756518 2.296907373949348 18.930066222053224 6.766711084547626 10.57475682816003 0.9616438657592852 4.583947351180573 20.4621729314798 -1.7985537820538333 6.33453526142679 1.8821227368169957 -7.591789512794466 -5.4423002173047745 -8.952078193267637 0.10164083641880595
16.412825651302605 9.769294767914154 0.8874659547148767 4.362536732752709 2.394612921248722 -2.635724093810392 -1.2180481289632539 13.309201344478641 19.968145442373554 33.85674074640273 15.93372797444811 18.446744480927762 7.7288114607849385 12.105264027512451 -0.666047351707074 2.3039854150179258 18.9371442631218 6.773789125616186 10.58183486922859 0.968721906827863 4.591025392249151 20.46925097254838 -1.7914757409852555 6.34161330249535 1.8892007778855735 -7.584711471725888 -5.435222176236197 -8.945000152199059 0.10871887748738374
16.472945891783567 9.776348182658108 0.8945193694588127 4.3695901474966625 2.401666335992676 -2.6286706790664383 -1.2109947142193178 13.316254759222577 19.975198857117498 33.86379416114668 15.940781389192065 18.453797895671716 7.735864875528892 12.112317442256387 -0.6589939369631201 2.311038829761862 18.944197677865755 6.78084254036014 10.588888283972544 0.9757753215718168 4.5980788069931045 20.476304387292323 -1.7844223262413017 6.348666717239304 1.8962541926295273 -7.577658056981934 -5.428168761492243 -8.937946737455105 0.11577229223133756
16.53306613226453 9.783377150848409 0.9015483376491318 4.376619115686982 2.408695304182995 -2.621641710876119 -1.2039657460289988 13.323283727412896 19.982227825307817 33.87082312933699 15.947810357382366 18.460826863862017 7.742893843719211 12.119346410446706 -0.6519649687728188 2.318067797952181 18.951226646056075 6.787871508550459 10.595917252162863 0.9828042897621181 4.605107775183406 20.483333355482642 -1.7773933580510004 6.355695685429623 1.9032831608198286 -7.570629088791615 -5.421139793301924 -8.930917769264804 0.12280126042165662
16.59318637274549 9.79038185162878 0.9085530384295026 4.383623816467352 2.415700004963366 -2.614637010095766 -1.196961045248628 13.330288428193267 19.98923252608818 33.87782783011736 15.954815058162737 18.46783156464239 7.7498985444995645 12.126351111227077 -0.644960267992448 2.3250724987325517 18.958231346836428 6.7948762093308295 10.602921952943234 0.9898089905424889 4.612112475963777 20.490338056263006 -1.7703886572706296 6.362700386209994 1.9102878616001995 -7.563624388011244 -5.414135092521553 -8.923913068484433 0.1298059612020097
16.65330661322645 9.797362458732692 0.9155336455334151 4.390604423571247 2.4226806120672784 -2.6076564029918536 -1.1899804381447154 13.33726903529718 19.996213133192093 33.884808437221274 15.96179566526665 18.4748121717463 7.756879151603477 12.13333171833099 -0.6379796608885355 2.332053105836464 18.96521195394034 6.801856816434724 10.609902560047146 0.9967895976464014 4.619093083067689 20.49731866336692 -1.763408050166717 6.3696809933139065 1.917268468704112 -7.55664378090735 -5.407154485417658 -8.91693246138052 0.13678656830592217
16.713426853707414 9.80431914115444 0.9224903279551633 4.397561105993013 2.4296372944890265 -2.6006997205701055 -1.1830237557229673 13.344225717718928 20.003169815613838 33.89176511964302 15.968752347688397 18.48176885416805 7.763835834025225 12.140288400752738 -0.6310229784667873 2.3390097882582124 18.97216863636209 6.80881349885649 10.616859242468895 1.0037462800681496 4.626049765489437 20.504275345788663 -1.756451367744969 6.376637675735655 1.9242251511258601 -7.549687098485584 -5.40019780299591 -8.909975778958772 0.14374325072767036
16.773547094188377 9.811252070105017 0.9294232569057215 4.404494034943571 2.4365702234395847 -2.5937667916195295 -1.176090826772409 13.351158646669504 20.010102744564406 33.89869804859359 15.975685276638973 18.488701783118618 7.770768762975801 12.147221329703296 -0.6240900495162114 2.3459427172087706 18.979101565312664 6.815746427807048 10.623792171419453 1.0106792090187255 4.632982694440013 20.511208274739232 -1.749518438794393 6.383570604686213 1.931158080076436 -7.5427541695350255 -5.393264874045334 -8.903042850008196 0.1506761796782463
16.83366733466934 9.81816141220067 0.9363325990013927 4.4114033770392425 2.443479565535256 -2.586857449523876 -1.1691814846767379 13.358067988765157 20.017012086660067 33.90560739068925 15.982594618734627 18.49561112521428 7.7776781050714545 12.154130671798967 -0.617180707420558 2.3528520593044417 18.986010907408318 6.8226557699027195 10.630701513515124 1.017588551114379 4.639892036535667 20.518117616834893 -1.7426090966987395 6.390479946781884 1.9380674221720895 -7.535844827439354 -5.386355531949681 -8.896133507912543 0.15758552177389973
16.8937875751503 9.82504733909293 0.9432185258936521 4.418289303931502 2.4503654924275153 -2.579971522631599 -1.1622955577844785 13.364953915657416 20.023898013552337 33.91249331758151 15.989480545626886 18.502497052106538 7.784564031963732 12.161016598691226 -0.6102947805282986 2.359737986196701 18.992896834300595 6.829541696794979 10.637587440407383 1.0244744780066384 4.646777963427926 20.525003543727163 -1.7357231698064801 6.397365873674143 1.944953349064349 -7.528958900547095 -5.379469605057404 -8.889247581020284 0.16447144866615915
16.95390781563126 9.831910016479046 0.950081203279769 4.425151981317619 2.4572281698136322 -2.5731088452454998 -1.1554328803983616 13.371816593043533 20.030760690938443 33.919355994967624 15.996343223013003 18.509359729492655 7.791426709349831 12.167879276077343 -0.6034321031421817 2.366600663582818 18.999759511686694 6.836404374181096 10.6444501177935 1.0313371553927553 4.653640640814043 20.53186622111327 -1.7288604924203632 6.40422855106026 1.9518160264504658 -7.522096223160978 -5.372606927671287 -8.882384903634167 0.17133412605227605
17.014028056112224 9.838749606801365 0.9569207936020696 4.431991571639919 2.464067760135933 -2.5662692549231814 -1.148593290076061 13.378656183365834 20.037600281260755 33.92619558528994 16.00318281333532 18.516199319814962 7.798266299672149 12.174718866399644 -0.596592512819881 2.3734402539051187 19.006599102009012 6.8432439645033964 10.651289708115801 1.0381767457150737 4.660480231136361 20.53870581143558 -1.7220209020980448 6.411068141382561 1.9586556167727842 -7.515256632838677 -5.365767337348986 -8.875545313311848 0.17817371637459445
17.074148296593187 9.845566269501873 0.9637374563025958 4.438808234340428 2.470884422836459 -2.559452592222673 -1.1417766273755348 13.38547284606636 20.044416943961274 33.933012247990455 16.00999947603583 18.52301598251548 7.805082962372658 12.18153552910017 -0.5897758501193548 2.380256916605645 19.01341576470952 6.850060627203923 10.658106370816327 1.044993408415582 4.66729689383687 20.5455224741361 -1.7152042393975364 6.417884804083087 1.9654722794732926 -7.508439970138169 -5.358950674648478 -8.86872865061134 0.18499037907510285
17.13426853707415 9.852360169178755 0.9705313559794604 4.44560213401731 2.4776783225133236 -2.5526586925457906 -1.1349827276986701 13.392266745743225 20.051210843638145 33.93980614766732 16.016793375712695 18.529809882192357 7.81187686204954 12.188329428777035 -0.5829819504424902 2.3870508162825095 19.020209664386403 6.856854526880787 10.664900270493192 1.0517873080924645 4.674090793513734 20.55231637381297 -1.708410339720654 6.424678703759952 1.9722661791501572 -7.501646070461287 -5.352156774971595 -8.861934750934457 0.19178427875198523
17.19438877755511 9.859131463412378 0.977302650213101 4.452373428250933 2.4844496167469465 -2.5458873983121677 -1.1282114334650295 13.399038039976865 20.057982137871775 33.94657744190095 16.023564669946335 18.536581176425987 7.818648156283163 12.195100723010675 -0.5762106562088496 2.39382211051615 19.026980958620026 6.86362582111441 10.671671564726815 1.0585586023260873 4.680862087747375 20.5590876680466 -1.7016390454870312 6.431449997993575 1.9790374733837979 -7.494874776227664 -5.345385480737972 -8.855163456700835 0.1985555729856081
17.25450901803607 9.865880309666224 0.9840514964669467 4.4591222745047965 2.49119846300081 -2.539138552058322 -1.1214625872111839 13.405786886230711 20.06473098412563 33.953326288154805 16.03031351620018 18.543330022679832 7.8253970025370085 12.201849569264521 -0.569461809955004 2.4005709567699958 19.03372980487387 6.8703746673682735 10.678420410980678 1.065307448579933 4.687610934001221 20.56583651430045 -1.6948901992331855 6.438198844247438 1.9857863196376435 -7.4881259299738 -5.338636634484109 -8.848414610446989 0.20530441923945375
17.314629258517034 9.872606864860547 0.9907780516612696 4.4658488296991194 2.497925018195133 -2.5324119968639813 -1.114736032016861 13.412513441425034 20.071457539319955 33.960052843349125 16.037040071394504 18.550056577874155 7.8321235577313315 12.208576124458844 -0.562735254760681 2.4072975119643187 19.040456360068212 6.8771012225625965 10.685146966175001 1.072034003774256 4.694337489195544 20.57256306949478 -1.6881636440388625 6.444925399441761 1.9925128748319665 -7.481399374779477 -5.331910079289786 -8.841688055252666 0.21203097443377672
17.374749498997996 9.879311284809074 0.9974824716097963 4.472553249647628 2.5046294381436596 -2.5257075769154724 -1.1080316120683342 13.41921786137356 20.07816195926847 33.966757263297644 16.04374449134303 18.556760997822682 7.838827977679858 12.21528054440737 -0.5560308348121543 2.4140019319128454 19.04716078001672 6.883805642511105 10.691851386123528 1.0787384237227826 4.70104190914407 20.579267489443296 -1.6814592240903359 6.451629819390288 1.9992172947804931 -7.4746949548309685 -5.325205659341277 -8.83498363530414 0.21873539438230338
17.43486973947896 9.88599372093276 1.0041649077334824 4.479235685771332 2.5113118742673457 -2.5190251407917685 -1.101349175944648 13.425900297497247 20.084844395392167 33.97343969942134 16.050426927466717 18.56344343394638 7.845510413803562 12.221962980531057 -0.5493483986884682 2.4206843680365315 19.053843216140425 6.890488078634809 10.698533822247214 1.0854208598464865 4.707724345267756 20.585949925566993 -1.674776787966632 6.458312255513974 2.0058997309041793 -7.468012518707265 -5.318523223217573 -8.828301199180435 0.22541783050600728
