web/models/mosfit_kne/mosfit_kn_1.0000/mosfit_kn_0.002817_0.4687_1.0000.dat
# %ECSV 1.0
# ---
# datatype:
# - {name: time, datatype: float64}
# - {name: PS1_g, datatype: float64}
# - {name: PS1_i, datatype: float64}
# - {name: PS1_r, datatype: float64}
# - {name: PS1_w, datatype: float64}
# - {name: PS1_y, datatype: float64}
# - {name: PS1_z, datatype: float64}
# - {name: swift_uvot_B, datatype: float64}
# - {name: swift_uvot_U, datatype: float64}
# - {name: swift_uvot_uvm2, datatype: float64}
# - {name: swift_uvot_uvw1, datatype: float64}
# - {name: swift_uvot_uvw2, datatype: float64}
# - {name: swift_uvot_V, datatype: float64}
# - {name: johnson_B, datatype: float64}
# - {name: johnson_I, datatype: float64}
# - {name: johnson_R, datatype: float64}
# - {name: johnson_U, datatype: float64}
# - {name: johnson_V, datatype: float64}
# - {name: sdss_g, datatype: float64}
# - {name: sdss_i, datatype: float64}
# - {name: sdss_r, datatype: float64}
# - {name: sdss_u, datatype: float64}
# - {name: sdss_z, datatype: float64}
# - {name: ATLAS_c, datatype: float64}
# - {name: ATLAS_o, datatype: float64}
# - {name: ukirt_H, datatype: float64}
# - {name: ukirt_J, datatype: float64}
# - {name: ukirt_K, datatype: float64}
# - {name: Clear, datatype: float64}
# meta: !!omap
# - comment: [kappa = 1.0, type = rprocess, mass = 0.0028172691138521437, velocity = 0.4686666666666667, theta_obs = 0.0, tfloor = 1000.0]
# schema: astropy-2.0
time PS1_g PS1_i PS1_r PS1_w PS1_y PS1_z swift_uvot_B swift_uvot_U swift_uvot_uvm2 swift_uvot_uvw1 swift_uvot_uvw2 swift_uvot_V johnson_B johnson_I johnson_R johnson_U johnson_V sdss_g sdss_i sdss_r sdss_u sdss_z ATLAS_c ATLAS_o ukirt_H ukirt_J ukirt_K Clear
[from data line 147]
8.897795591182364 12.452573608844268 3.570744795644991 7.045815573682823 5.077891762178854 0.04755474711972241 1.4652307119668606 15.992480185408755 22.65142428330367 36.54001958733285 18.617006815378225 21.130023321857877 10.412090301715054 14.788542868442565 2.0172314892230405 4.98726425594804 21.620423104051923 9.4570679665463 13.265113710158722 3.6520007477579775 7.274304233179265 23.152529813478495 0.891803099944859 9.024892143425483 4.572479618815688 -4.901432630795774 -2.7519433353060827 -6.2617213112689445 2.791997718417498
8.957915831663327 12.479761611042832 3.597932797843555 7.073003575881387 5.105079764377418 0.07474274931828617 1.4924187141654244 16.01966818760732 22.678612285502233 36.5672075895314 18.64419481757679 21.15721132405644 10.439278303913618 14.81573087064113 2.0444194914216043 5.014452258146604 21.647611106250487 9.484255968744863 13.292301712357268 3.679188749956541 7.301492235377829 23.17971781567706 0.9189911021434227 9.052080145624046 4.599667621014252 -4.87424462859721 -2.724755333107519 -6.234533309070381 2.819185720616062
9.018036072144287 12.506865083724836 3.6250362705255412 7.100107048563391 5.1321832370594045 0.10184622200029025 1.5195221868474107 16.046771660289323 22.705715758184226 36.59431106221341 18.671298290258793 21.184314796738438 10.466381776595622 14.842834343323116 2.0715229641036084 5.04155573082859 21.674714578932484 9.511359441426867 13.319405185039273 3.7062922226385453 7.328595708059833 23.206821288359052 0.9460945748254268 9.079183618306033 4.626771093696256 -4.847141155915206 -2.697651860425515 -6.207429836388377 2.846289193298066
9.07815631262525 12.533861924846157 3.6520331116468796 7.127103889684712 5.159180078180743 0.12884306312161087 1.546519027968749 16.073768501410644 22.732712599305557 36.62130790333474 18.698295131380114 21.211311637859765 10.493378617716942 14.869831184444454 2.098519805224929 5.068552571949929 21.70171142005381 9.538356282548206 13.34640202616061 3.733289063759866 7.355592549181154 23.233818129480383 0.9730914159467474 9.106180459427371 4.6537679348175764 -4.820144314793885 -2.6706550193041942 -6.180432995267056 2.8732860344193867
9.138276553106213 12.56075223756314 3.6789234243638624 7.153994202401712 5.186070390897726 0.1557333758385937 1.573409340685732 16.100658814127627 22.759602912022537 36.64819821605172 18.725185444097097 21.238201950576748 10.520268930433925 14.896721497161437 2.125410117941912 5.0954428846669115 21.728601732770798 9.565246595265188 13.373292338877594 3.7601793764768487 7.382482861898136 23.260708442197362 0.9999817286637303 9.133070772144354 4.680658247534559 -4.793254002076885 -2.6437647065872114 -6.153542682550073 2.9001763471363695
9.198396793587174 12.587536495808447 3.7057076826091695 7.1807784606470015 5.212854649143033 0.18251763408390076 1.600193598931039 16.127443072372934 22.786387170267844 36.674982474297025 18.751969702342404 21.264986208822055 10.547053188679232 14.923505755406744 2.152194376187219 5.122227142912219 21.755385991016105 9.592030853510495 13.4000765971229 3.786963634722156 7.4092671201434435 23.28749270044267 1.0267659869090373 9.15985503038966 4.707442505779866 -4.766469743831595 -2.6169804483419044 -6.126758424304766 2.9269606053816766
9.258517034068136 12.61421518399807 3.7323863707987925 7.207457148836625 5.239533337332656 0.2091963222735238 1.626872287120662 16.154121760562557 22.81306585845747 36.70166116248665 18.778648390532027 21.291664897011678 10.573731876868855 14.950184443596367 2.178873064376842 5.148905831101842 21.782064679205725 9.618709541700118 13.426755285312524 3.813642322911779 7.4359458083330665 23.314171388632296 1.0534446750986604 9.186533718579284 4.734121193969489 -4.739791055641972 -2.5903017601522813 -6.100079736115143 2.9536392935712996
9.318637274549097 12.640788783479824 3.7589599702805465 7.234030748318396 5.26610693681441 0.23576992175527778 1.653445886602416 16.18069536004431 22.83963945793923 36.7282347619684 18.80522199001378 21.318238496493432 10.60030547635061 14.97675804307812 2.205446663858596 5.175479430583596 21.808638278687482 9.645283141181872 13.453328884794278 3.840215922393533 7.4625194078148205 23.340744988114057 1.0800182745804143 9.213107318061038 4.760694793451243 -4.7132174561602005 -2.5637281606705096 -6.073506136633389 2.9802128930530536
9.37875751503006 12.66725777877193 3.7854289655726525 7.260499743610485 5.292575932106498 0.2622389170473838 1.679914881894522 16.207164355336417 22.866108453231327 36.7547037572605 18.831690985305887 21.344707491785538 10.626774471642715 15.003227038370227 2.231915659150702 5.201948425875702 21.835107273979578 9.67175213647396 13.479797880086366 3.866684917685639 7.4889884031069265 23.367213983406153 1.1064872698725203 9.239576313353126 4.787163788743349 -4.686748460868112 -2.5372591653784213 -6.047037141341283 3.0066818883451596
9.438877755511022 12.693622656474801 3.811793843275524 7.286864621313374 5.318940809809387 0.28860379475027287 1.7062797595973933 16.233529233039288 22.89247333093421 36.78106863496338 18.85805586300877 21.37107236948842 10.653139349345604 15.029591916073098 2.258280536853573 5.228313303578573 21.861472151682456 9.69811701417685 13.506162757789255 3.89304979538851 7.515353280809798 23.393578861109035 1.1328521475753917 9.265941191056015 4.813528666446221 -4.660383583165223 -2.5108942876755322 -6.020672263638412 3.0330467660480487
9.498997995991983 12.719883901883744 3.8380550886844667 7.3131258667223165 5.34520205521833 0.3148650401591979 1.7325410050063361 16.25979047844823 22.91873457634315 36.80732988037232 18.8843171084177 21.397333614897352 10.67940059475453 15.055853161482041 2.284541782262516 5.254574548987516 21.887733397091402 9.724378259585793 13.532424003198198 3.919311040797453 7.541614526218741 23.419840106517977 1.1591133929843345 9.292202436464958 4.8397899118551635 -4.63412233775628 -2.4846330422665894 -5.994411018229469 3.0593080114569737
9.559118236472946 12.746042001330995 3.8642131881317 7.33928396616955 5.371360154665563 0.3410231396064489 1.7586991044535694 16.285948577895482 22.944892675790385 36.833487979819566 18.910475207864945 21.423491714344596 10.70555869420178 15.082011260929274 2.310699881709767 5.280732648434749 21.913891496538643 9.750536359033026 13.558582102645431 3.945469140244704 7.567772625665992 23.44599820596521 1.1852714924315855 9.318360535912191 4.8659480113024145 -4.607964238309047 -2.458474942819356 -5.968252918782218 3.0854661109042247
9.619238476953907 12.772097446536304 3.890268633337026 7.365339411374876 5.3974155998708895 0.3670785848117575 1.7847545496588957 16.31200402310079 22.97094812099571 36.85954342502488 18.93653065307026 21.449547159549912 10.731614139407089 15.1080667061346 2.3367553269150756 5.306788093640075 21.939946941743962 9.776591804238352 13.584637547850757 3.9715245854500125 7.5938280708713 23.472053651170537 1.211326937636894 9.344415981117518 4.892003456507723 -4.581908793103721 -2.43241949761403 -5.942197473576909 3.1115215561095333
9.67935871743487 12.798050729231871 3.916221916032594 7.391292694070426 5.423368882566457 0.3930318675073252 1.8107078323544634 16.33795730579636 22.99690140369127 36.88549670772045 18.962483935765828 21.47550044224548 10.757567422102657 15.134019988830168 2.3627086096106433 5.332741376335643 21.96590022443953 9.80254508693392 13.610590830546325 3.9974778681455803 7.619781353566868 23.498006933866094 1.2372802203324618 9.370369263813085 4.917956739203291 -4.555955510408153 -2.40646621491848 -5.916244190881342 3.137474838805101
9.739478957915832 12.82390233691121 3.942073523711933 7.417144301749765 5.449220490245796 0.41888347518666436 1.8365594400338026 16.363808913475697 23.02275301137061 36.91134831539979 18.988335543445167 21.50135204992482 10.783419029781996 15.159871596509507 2.3885602172899825 5.358592984014982 21.991751832118865 9.828396694613259 13.636442438225664 4.023329475824919 7.645632961246207 23.523858541545437 1.263131828011801 9.396220871492424 4.94380834688263 -4.530103902728832 -2.3806146072391408 -5.8903925832020025 3.16332644648444
9.799599198396793 12.849652764778785 3.9678239515795077 7.44289472961734 5.474970918113353 0.444633903054239 1.8623098679013772 16.389559341343272 23.048503439238182 36.937098743267356 19.014085971312742 21.527102477792393 10.80916945764957 15.185622024377082 2.414310645157557 5.384343411882557 22.017502259986433 9.854147122480816 13.662192866093221 4.049079903692494 7.671383389113782 23.549608969413008 1.2888822558793755 9.421971299359981 4.969558774750205 -4.504353474861257 -2.354864179371566 -5.864642155334428 3.189076874352015
9.859719438877756 12.875302508445241 3.993473695245946 7.468544473283796 5.500620661779809 0.470283646720695 1.8879596115678154 16.41520908500971 23.07415318290463 36.96274848693381 19.03973571497919 21.552752221458842 10.834819201316026 15.21127176804352 2.439960388824013 5.409993155548995 22.04315200365289 9.879796866147272 13.687842609759677 4.07472964735895 7.697033132780238 23.575258713079457 1.3145319995458316 9.447621043026437 4.995208518416661 -4.478703731194801 -2.32921443570511 -5.838992411667972 3.214726618018471
9.919839679358716 12.90085205872554 4.019023245526263 7.494094023564095 5.526170212060126 0.4958331970009944 1.9135091618481326 16.440758635290027 23.09970273318494 36.988298037214115 19.065285265259497 21.57830177173915 10.860368751596326 15.236821318323837 2.4655099391043125 5.435542705829312 22.068701553933195 9.905346416427571 13.713392160039994 4.100279197639249 7.722582683060537 23.600808263359767 1.340081549826131 9.473170593306754 5.02075806869696 -4.453154180914502 -2.3036648854248107 -5.8134428613876725 3.24027616829877
9.97995991983968 12.92630191215924 4.044473098959944 7.519543876997794 5.5516200654938075 0.5212830504346933 1.9389590152818137 16.46620848872371 23.12515258661863 37.013747890647814 19.090735118693186 21.603751625172837 10.885818605030025 15.262271171757519 2.4909597925379936 5.460992559262993 22.094151407366887 9.93079626986127 13.738842013473676 4.125729051072948 7.748032536494236 23.626258116793455 1.3655314032598298 9.498620446740436 5.046207922130659 -4.427704327480803 -2.278215031991112 -5.787993007953974 3.265726021732469
10.040080160320642 12.951652566993346 4.0698237537940685 7.5448945318319005 5.576970720327932 0.5466337052687997 1.964309670115938 16.491559143557833 23.150503241452746 37.03909854548193 19.116085773527303 21.629102280006954 10.911169259864131 15.287621826591643 2.516310447372118 5.486343214097118 22.119502062201 9.956146924695377 13.7641926683078 4.151079705907055 7.773383191328342 23.651608771627572 1.3908820580939363 9.52397110157456 5.071558576964765 -4.402353672646696 -2.2528643771570054 -5.762642353119867 3.2910766765665755
10.100200400801603 12.976904521190225 4.095075707990947 7.570146486028779 5.602222674524793 0.5718856594656785 1.9895616243128167 16.51681109775471 23.17575519564962 37.064350499678795 19.141337727724174 21.654354234203826 10.93642121406101 15.312873780788504 2.5415624015689966 5.5115951682939786 22.144754016397872 9.981398878892255 13.78944462250466 4.1763316601039335 7.798635145525221 23.676860725824447 1.416134012290815 9.54922305577142 5.096810531161644 -4.3771017184498175 -2.2276124229601266 -5.737390398922988 3.3163286307634543
10.160320641282565 13.002058271310712 4.120229458111435 7.595300236149285 5.627376424645298 0.5970394095861664 2.0147153744333046 16.5419648478752 23.20090894577011 37.08950424979929 19.16649147784467 21.67950798432432 10.961574964181498 15.33802753090901 2.5667161516894845 5.536748918414484 22.16990776651837 10.006552629012761 13.814598372625166 4.2014854102244215 7.823788895645709 23.702014475944935 1.441287762411303 9.574376805891927 5.121964281282132 -4.351947968329312 -2.202458672839621 -5.7122366488025005 3.3414823808839422
10.220440881763526 13.02711431499759 4.145285501798313 7.620356279836162 5.652432468332176 0.6220954532730438 2.039771418120182 16.567020891562077 23.225964989456998 37.11456029348617 19.191547521531547 21.704564028011198 10.986631007868375 15.363083574595887 2.591772195376362 5.561804962101362 22.194963810205245 10.031608672699639 13.839654416312044 4.226541453911299 7.8488449393325865 23.727070519631823 1.4663438060981804 9.599432849578804 5.147020324969009 -4.326891924642434 -2.1774026291527435 -5.687180605115623 3.3665384245708196
10.280561122244489 13.052073151443562 4.170244338244284 7.6453151162821165 5.677391304778148 0.6470542897190157 2.064730254566154 16.59197972800805 23.25092382590296 37.13951912993214 19.21650635797752 21.72952286445717 11.011589844314347 15.388042411041859 2.616731031822334 5.5867637985473335 22.21992264665122 10.056567509145593 13.864613252758016 4.251500290357271 7.873803775778558 23.752029356077784 1.4913026425441522 9.624391686024776 5.171979161414981 -4.30193308819648 -2.1524437927067894 -5.662221768669651 3.3914972610167915
10.34068136272545 13.076935280793016 4.195106467593721 7.670177245631571 5.702253434127584 0.6719164190684701 2.0895923839155905 16.616841857357485 23.275785955252406 37.16438125928159 19.241368487326962 21.754384993806614 11.036451973663802 15.412904540391295 2.6415931611717705 5.61162592789677 22.244784776000664 10.081429638495047 13.889475382107452 4.276362419706725 7.898665905128013 23.77689148542723 1.5161647718936067 9.649253815374212 5.196841290764436 -4.277070958847026 -2.127581663357335 -5.637359639320197 3.416359390366246
10.400801603206412 13.101701201496372 4.2198723882970945 7.694943166334944 5.727019354830958 0.6966823397718436 2.114358304618964 16.64160777806086 23.30055187595578 37.18914717998495 19.266134408030336 21.779150914509987 11.061217894367175 15.437670461094669 2.666359081875144 5.636391848600144 22.26955069670403 10.10619555919842 13.914241302810826 4.301128340410081 7.9234318258313685 23.801657406130605 1.5409306925969624 9.674019736077586 5.221607211467791 -4.2523050381436525 -2.1028157426539615 -5.612593718616841 3.4411253110696194
10.460921843687375 13.126371415279916 4.244542602080639 7.7196133801184885 5.751689568614502 0.72135255355537 2.139028518402508 16.666277991844403 23.325222089739313 37.213817393768494 19.290804621813873 21.803821128293524 11.085888108150701 15.462340674878213 2.691029295658688 5.661062062383688 22.294220910487574 10.130865772981965 13.93891151659437 4.325798554193625 7.948102039614913 23.82632761991414 1.5656009063805065 9.69868994986113 5.246277425251336 -4.227634824360108 -2.078145528870435 -5.587923504833297 3.465795524853146
10.521042084168336 13.150946421461782 4.269117608262505 7.744188386300355 5.776264574796368 0.7459275597372539 2.1636035245843743 16.69085299802627 23.34979709592119 37.238392399950364 19.31537962799575 21.8283961344754 11.110463114332585 15.48691568106008 2.7156043018405542 5.685637068565554 22.318795916669437 10.15544077916383 13.963486522776236 4.350373560375491 7.972677045796779 23.850902626096016 1.5901759125623904 9.723264956042996 5.270852431433202 -4.203059818178242 -2.0535705226885512 -5.563348498651413 3.4903705310350297
10.581162324649299 13.175442271318563 4.293613458119285 7.768684236157135 5.800760424653149 0.7704234095940343 2.1880993744411548 16.71534884788305 23.37429294577797 37.26288824980714 19.339875477852527 21.852891984332178 11.134958964189366 15.51141153091686 2.7401001516973347 5.710132918422334 22.34329176652622 10.179936629020611 13.987982372633017 4.374869410232289 7.997172895653559 23.875398475952796 1.6146717624191709 9.747760805899777 5.295348281289982 -4.178563968321462 -2.029074672831771 -5.538852648794633 3.51486638089181
