web/models/mosfit_kne/mosfit_kn_1.0000/mosfit_kn_0.005245_0.3120_1.0000.dat
# %ECSV 1.0
# ---
# datatype:
# - {name: time, datatype: float64}
# - {name: PS1_g, datatype: float64}
# - {name: PS1_i, datatype: float64}
# - {name: PS1_r, datatype: float64}
# - {name: PS1_w, datatype: float64}
# - {name: PS1_y, datatype: float64}
# - {name: PS1_z, datatype: float64}
# - {name: swift_uvot_B, datatype: float64}
# - {name: swift_uvot_U, datatype: float64}
# - {name: swift_uvot_uvm2, datatype: float64}
# - {name: swift_uvot_uvw1, datatype: float64}
# - {name: swift_uvot_uvw2, datatype: float64}
# - {name: swift_uvot_V, datatype: float64}
# - {name: johnson_B, datatype: float64}
# - {name: johnson_I, datatype: float64}
# - {name: johnson_R, datatype: float64}
# - {name: johnson_U, datatype: float64}
# - {name: johnson_V, datatype: float64}
# - {name: sdss_g, datatype: float64}
# - {name: sdss_i, datatype: float64}
# - {name: sdss_r, datatype: float64}
# - {name: sdss_u, datatype: float64}
# - {name: sdss_z, datatype: float64}
# - {name: ATLAS_c, datatype: float64}
# - {name: ATLAS_o, datatype: float64}
# - {name: ukirt_H, datatype: float64}
# - {name: ukirt_J, datatype: float64}
# - {name: ukirt_K, datatype: float64}
# - {name: Clear, datatype: float64}
# meta: !!omap
# - comment: [kappa = 1.0, type = rprocess, mass = 0.005244756555828381, velocity = 0.312, theta_obs = 0.0, tfloor = 1000.0]
# schema: astropy-2.0
time PS1_g PS1_i PS1_r PS1_w PS1_y PS1_z swift_uvot_B swift_uvot_U swift_uvot_uvm2 swift_uvot_uvw1 swift_uvot_uvw2 swift_uvot_V johnson_B johnson_I johnson_R johnson_U johnson_V sdss_g sdss_i sdss_r sdss_u sdss_z ATLAS_c ATLAS_o ukirt_H ukirt_J ukirt_K Clear
[from data line 29]
1.8036072144288577 -6.799866549326445 -10.680509382567944 -9.203579797806825 -9.54788509492655 -12.028808257066714 -11.515685945837735 -5.248031826535025 -2.898285992239913 4.929865078783188 -1.6463207627274552 0.25764772477657205 -7.896075604673201 -5.523507742007276 -11.530132635636747 -9.929215071312047 -3.243266478520319 -8.10936537555209 -6.438956726553133 -10.65013585636704 -9.154974634229518 -2.2206028674556144 -11.677951878197224 -8.054669758400426 -10.035091455262481 -13.527698868808498 -12.948527352332471 -13.766110312639997 -10.26321168456084
1.8637274549098195 -6.240908118152468 -10.328764539538469 -8.768111089164421 -9.167051972465696 -11.766181666171018 -11.216984011537114 -4.609432428872725 -2.0879305647144797 6.057827930870052 -0.994882486654411 0.906031190663438 -7.381800662618006 -4.9100844529837175 -11.20561903933827 -9.533614859333277 -2.458779163306908 -7.613926524341729 -5.861200736825722 -10.296073603806022 -8.714210636494961 -1.4186270511806498 -11.39220451429006 -7.57735548927446 -9.65794350693221 -13.400679159711613 -12.759473492054061 -13.682117489677362 -9.93831512321579
1.9238476953907815 -5.681908241567868 -9.97563361656816 -8.331818502037223 -8.786915229519803 -11.501838123631192 -10.916609575060061 -3.9708432188497964 -1.2780347099417886 7.1763840336226155 -0.3517321449452022 1.5489344637306748 -6.8664425692666535 -4.297782286535096 -10.87975582097367 -9.138288449441998 -1.6746415222762434 -7.1182489707716075 -5.283499188812826 -9.940645320500625 -8.272417294739114 -0.6167288875972332 -11.105031068320983 -7.1006230194023345 -9.280747021820641 -13.27214244438787 -12.56880298196151 -13.596837812134853 -9.614780912044925
1.9839679358717435 -5.124962071821262 -9.622616653022913 -7.89645650027877 -8.408867141382608 -11.236983755422667 -10.615890862833108 -3.334641369212835 -0.4714874317992288 8.281826581367518 0.28190371816835524 2.185119882804735 -6.3520306614962445 -3.6888671964370485 -10.553951535341543 -8.744848759255685 -0.893697206260413 -6.6242961338090085 -4.708006665383664 -9.58535950608466 -7.831376641190317 0.182176837717698 -10.817716316152808 -6.626227280876265 -8.905015517338235 -13.142790979605754 -12.377456045217768 -13.510800678075421 -9.293768437648158
2.0440881763527052 -4.571739462930715 -9.270928222642034 -7.463435084030419 -8.03399786468745 -10.972601650757916 -10.315908411898764 -2.702724879157109 0.3294085292028728 9.371373246618028 0.905111312614189 2.813593077177782 -5.840202378519479 -3.0851284261955 -10.229346554256963 -8.354575448381116 -0.11821700262641277 -6.133641462372716 -4.13643969150149 -9.231437429408231 -7.392524850718036 0.9757571923776531 -10.531303073041105 -6.155550448336609 -8.531948759213535 -13.013197501082361 -12.186199917221606 -13.424433820574835 -8.976169813882251
2.1042084168336674 -4.023466892387191 -8.921482507854872 -7.033803670597969 -7.663087076157051 -10.709439116734476 -10.017481148461371 -2.076490978708555 1.1229640396298104 10.443171227005724 1.5173281662477938 3.433666344938754 -5.332182426407262 -2.4878627123766823 -9.906799373231802 -7.968404615594047 0.6501282680424115 -5.647451344286638 -3.570058174343469 -8.879798158992145 -6.956934975819795 1.762290117866101 -10.246579593164054 -5.689590384626797 -8.162422863607333 -12.88379872947054 -11.995619292124358 -13.338059914988916 -8.662605975705624
2.164328657314629 -3.4807709575919077 -8.574785297264533 -6.6081238019546085 -7.296496457012225 -10.447921274143361 -9.721070845176971 -1.4566588148212312 1.908324936422279 11.496552187953416 2.118532846334507 4.045170911970942 -4.8286330420298045 -1.8977097372432399 -9.586785961049966 -7.586817856090396 1.4104826501440715 -5.166344613614872 -3.009504352835144 -8.530950042816787 -6.525187150165657 2.5408853567797607 -9.963988622324056 -5.228828661008791 -7.7968826978931105 -12.754844929980036 -11.806049372074321 -13.251858671170138 -8.35333656046096
2.224448897795591 -2.943694009427684 -8.230942337812781 -6.186480885513443 -6.9341839279060835 -10.188156601587899 -9.426788451587047 -0.8432865201684614 2.6854522840340422 12.531961501328169 2.709238468016633 4.648469049000546 -4.329665322967629 -1.314674362743972 -9.269407943936116 -7.209859004177315 2.1627854343282205 -4.690407728420671 -2.454819028973514 -8.184999188869124 -6.097379467856996 3.311465798130051 -9.683634713044675 -4.773247119415949 -7.4353563715700055 -12.626403419449 -11.617580374098518 -13.165870528332755 -8.048275557377789
2.284569138276553 -2.4126699776078553 -7.890318363651723 -5.769271131223821 -6.576393982421553 -9.930458007543788 -9.134971645878469 -0.23687178432074346 3.4537550936004635 13.549142571178528 3.289446588766794 5.24339734479582 -3.8357515142434133 -0.7391805442750548 -8.955008573587843 -6.83785109771905 2.906443952936708 -4.220071591523735 -1.9064462576172225 -7.842311982891186 -5.673924529809167 4.0734110089315045 -9.405839637703561 -4.323171335282545 -7.0781457701890815 -12.498664865741825 -11.430462097608041 -13.080233917452409 -7.747589015348559
2.344689378757515 -1.8870524003089528 -7.55254128435082 -5.356014444391839 -6.222617362844272 -9.674554039079073 -8.845310866439604 0.36330832016758025 4.214155804712778 14.549812895624378 3.860262074135719 5.83092192113385 -3.3463459887113993 -0.1704891392017454 -8.643242473615953 -6.470322992942397 3.642337068213901 -3.7547919039818973 -1.3637180144761452 -7.502514130774021 -5.254346649077899 4.8276064786915285 -9.130303558578863 -3.8780005447033083 -6.724789649992751 -12.37147855650848 -11.244491213762354 -12.994825597477886 -7.450797156144517
2.4048096192384767 -1.3663181825326731 -7.217315959542443 -4.946325572395889 -5.8724418000286605 -9.420232671165607 -8.55756277286579 0.9578394269425317 4.967402980105664 15.535437568549014 4.42259123582712 6.411816944102103 -2.861011799010929 0.39200343748282024 -8.333836168207124 -6.106892650325151 4.371177234114459 -3.2941309700320582 -0.8260935449460405 -7.165308731108571 -4.838265172934975 5.574769162267561 -8.856790909774883 -3.437247058722299 -6.374914434563443 -12.244730861574203 -11.059511158616571 -12.909553462813859 -7.157510138458747
2.464929859719439 -0.8498703146203468 -6.8842913387300975 -4.539755528328122 -5.525411196153964 -9.16723607927139 -8.271433672375554 1.5473920742919745 5.714348260358886 16.507585193510344 4.9773687316529625 6.986897164293598 -2.3792365436269884 0.9489770676629445 -8.026463975340327 -5.7471238488658765 5.093778733265946 -2.8375815642969977 -0.29295627003712355 -6.830342736410238 -4.4252338767052635 6.315721725078074 -8.585018537082494 -3.0003652430789174 -6.028095349936908 -12.118282680858242 -10.87533018634966 -12.824307722151678 -6.867305844089753
2.5250501002004007 -0.3370689013127226 -6.5530819698456 -4.1358171158281465 -5.181046394761584 -8.915277652747697 -7.986598381732488 2.1326864242877166 6.455903067107318 17.467866956752843 5.525532704224894 7.556993200041401 -1.9004619819367832 1.5011540913590655 -7.720768133959598 -5.39054971935806 5.8110152207939585 -2.3845956166342726 0.2363542610259195 -6.497228587332984 -4.01476684278423 7.051349074973263 -8.314673914774193 -2.5667776432895906 -5.683878564691085 -11.991978974503484 -10.691734419334987 -12.738967919914293 -6.57974734718044
2.5851703406813624 0.17270497991257017 -6.223311857763534 -3.7340369419177577 -4.838888983942375 -8.664076817877842 -7.702738806985838 2.7144199652571546 7.192949049879758 18.41782014448492 6.067963829264809 8.122888375312694 -1.424144613635996 2.049230768778521 -7.416399767517144 -5.036719563896146 6.523732537880747 -1.934642024235733 0.7624766428907748 -6.165588299240472 -3.6063912637654028 7.782509015938324 -8.045452135151727 -2.13592926744397 -5.341826134921259 -11.865668826428804 -10.50851472565604 -12.653418088225939 -6.294419977049142
2.6452905811623246 0.6803150833526495 -5.894434381026024 -3.3337411888813584 -4.498314210794501 -8.413216104727503 -7.419385553783027 3.293567207267171 7.9267118007583015 19.359380558605533 6.605771103920581 8.685616173568103 -0.9495061595778623 2.594160833013848 -7.112850854860301 -4.6850077673108474 7.233110490920421 -1.4869700038935616 1.2863011490444975 -5.834872511747644 -3.1994301080208665 8.510402750509858 -7.776904587508771 -1.7070587280365501 -5.001329906394307 -11.739121287228771 -10.325355864240729 -12.56748168429034 -6.010771034752427
2.7054108216432864 1.1856610970954051 -5.566554299408537 -2.9350322113825733 -4.15937651437126 -8.162794057475473 -7.13664134591907 3.8700154911740983 8.657061414947282 20.29273685334537 7.139024101220297 9.245136469735296 -0.4766717577858273 3.1358664819347974 -6.810221216221431 -4.335484014912468 7.939016248186952 -1.0416879937782018 1.8077257168219951 -5.50518646727534 -2.7939933509106574 9.234887840342463 -7.5091300039091635 -1.280235611318652 -4.662457656274697 -11.612408168433584 -10.142342305941233 -12.481216004749134 -5.728831146891196
2.7655310621242486 1.6895806863189478 -5.239135857381356 -2.537252894106956 -3.82147671437723 -7.912399495220317 -6.854044455380226 4.444710949428136 9.385186110649943 21.219713940445107 7.668761372701223 9.8024285395941 -0.004880831480538489 3.675267839718859 -6.50801300432991 -3.987543248274748 8.64259458931058 -0.5980664187426907 2.327613313364143 -5.175991846037 -2.38941965790465 9.957131526969736 -7.241688372288664 -0.8547266324516656 -4.324621139967899 -11.485302086251144 -9.959163330150956 -12.394448588084737 -5.448075388243936
2.8256513026052104 2.1924640267585005 -4.911944480168398 -2.1401057013292224 -3.4843318134883994 -7.6618593583901 -6.571397311299698 5.018095158024484 10.111644770559565 22.14131109374574 8.195532982274347 10.35797095430421 0.4662089557229507 4.212804993785003 -6.20600942639622 -3.6409036765088603 9.344380927305991 -0.1557744038579376 2.8463661884432057 -4.847053029108821 -1.9854120757140947 10.677677624591908 -6.974392683644677 -0.4301850232122817 -3.9875461782357213 -11.357715102141109 -9.775692502506901 -12.307114759652096 -5.168251315679928
2.885771543086172 2.694636740801908 -4.584787029664099 -1.7433436754581955 -3.1477060831810277 -7.411032632399213 -6.288538136705224 5.590537124309386 10.836905068246026 23.05838684952478 8.719807851353067 10.912164495953856 0.93688148140697 4.7488472592212325 -5.90403232076894 -3.2953302927575416 10.044822738975501 0.2854621858285913 3.364319984201547 -4.518176075524831 -1.5817245826570314 11.396980455264298 -6.707090506430582 -0.006321181710724488 -3.6510041774396385 -11.229577712891652 -9.59182792317545 -12.219164322665462 -4.889148629427904
2.9458917835671343 3.196365517795865 -4.257508291289227 -1.3467660759640054 -2.811406671194554 -7.159807673025771 -6.005337962201107 6.162339566558374 11.561351320094921 23.971671466991197 9.241981980962297 11.465339785270135 1.407367112502491 5.283699561072371 -5.601938857112173 -2.950630534005943 10.744287168739948 0.725865814656397 3.881749541606929 -4.189205181691094 -1.1781577378625485 12.115412510840855 -6.439661019186627 0.41710248170129915 -3.3148080321458906 -11.100837222691878 -9.407490127785161 -12.130560209193016 -4.610595036979905
3.006012024048096 3.6978693063243107 -3.929983615103758 -0.9502094879712963 -2.475275418762628 -6.908096456860555 -5.721694234373178 6.733751494810151 12.285300196730251 24.881788875162723 9.762391939496524 12.017770661688974 1.8778529719543144 5.817614661136737 -5.299614655656334 -2.6066460225588566 11.443076242093014 1.1656172963453162 4.398880436580921 -3.8600152785724617 -0.7745497134307122 12.83327994061267 -6.172008817297794 0.8402814074877085 -2.978804178392984 -10.971454335673359 -9.222617619281868 -12.041275787316968 -4.332448973947134
3.066132264529058 4.1993259008979855 -3.602114645886978 -0.5535426266947852 -2.139183974147798 -6.65583127201737 -5.437527129854907 7.304975605928296 13.00900997202529 25.78927023718975 10.281323126161297 12.569682253264386 2.348488920892186 6.350800421620569 -4.996969792120512 -2.2632476648449478 12.141435821492966 1.6048617052382343 4.915895774673658 -3.5305077336734136 -0.3707710659915442 13.550831645509387 -5.9040603173489 1.2633747465337386 -2.642867897198151 -10.841401196140088 -9.037164298357288 -11.95129330012932 -4.05459519470277
3.12625250501002 4.700875928398567 -3.2738267895820705 -0.15666322298288904 -1.8030307771135234 -6.402962778710588 -5.152777389039276 7.876172753199268 13.732686122274131 26.694562771777537 10.799015042611764 13.121256010741234 2.819391129880546 6.883424265582182 -4.693936424376154 -1.920332641709053 12.839561032282603 2.0437119761481197 5.432940308970959 -3.2006077981196235 0.03327838731816968 14.268264767018781 -5.635761619287436 1.6865089520725363 -2.3069004531087955 -10.710660243582291 -8.851097960003623 -11.860602944549877 -3.7769419968109474
3.186372745490982 5.2026708351089646 -2.9450366636914183 0.24054063290369854 -1.46670750206912 -6.149434143254879 -4.8673776387992795 8.44751605570379 14.456548929460329 27.598114906621834 11.315711502847936 13.6726826059108 3.29068721681607 7.415664044428155 -4.390438458520452 -1.5777903603049495 13.537661597017195 2.4822913578107935 5.9501698057129815 -2.87023191077564 0.43770883042027364 14.985791675546665 -5.3670512301776085 2.1098189768910736 -1.9707956827064699 -10.579209054828896 -8.66438029004003 -11.769191194516447 -3.49939270811797
3.2464929859719436 5.704710292255477 -2.615763039939303 0.6380591306683492 -1.1302119436933467 -5.895269488779924 -4.581350389120971 9.019007469609875 15.180604398149047 28.50009509061111 11.831494421520983 14.22398492659562 3.7623626433772435 7.947536543264185 -4.086494899108529 -1.235617201517141 14.235740492828189 2.9205898417071046 6.4675838471630165 -2.539399107726066 0.8425068920180934 15.703412747731758 -5.097952977390161 2.5333093054340594 -1.6345529159609207 -10.447072183909361 -8.477035277897718 -11.677080606028765 -3.221940824080196
3.306613226452906 6.207122142245609 -2.2859361688700908 1.0359867076032891 -0.7934532591508692 -5.640422027287446 -4.294639738336112 9.590793562907852 15.905038683242392 29.4008800464286 12.346571906290453 14.77532389667839 4.234524847120677 8.479193183807126 -3.782042204095247 -0.8937186618304096 14.933975079643503 3.3587115001237704 6.985313740221617 -2.2080395273442655 1.2477653235293396 16.421307478899507 -4.828416288971091 2.9570935300007584 -1.2980824217803466 -10.314232174897347 -8.289031768199544 -11.584261431280874 -2.944505476742787
3.3667334669338675 6.709960941408557 -1.9555351633543694 1.4343593204434946 -0.45639196578596497 -5.384883545979555 -4.007232680407817 10.162938248924654 16.629934289301502 30.300705529334703 12.861071708132314 15.326778857023285 4.707213010067838 9.01070734610975 -3.477062281614468 -0.5520517373975522 15.632442840933052 3.7966964637501937 7.503415342130957 -1.8761323793819074 1.6535175768449761 17.13955299087015 -4.558431281402466 3.381222076762942 -0.9613454004187538 -10.180693736985818 -8.100368153315427 -11.490740911878861 -2.667049569104094
