web/models/mosfit_kne/mosfit_kn_1.0000/mosfit_kn_0.062996_0.1083_1.0000.dat
# %ECSV 1.0
# ---
# datatype:
# - {name: time, datatype: float64}
# - {name: PS1_g, datatype: float64}
# - {name: PS1_i, datatype: float64}
# - {name: PS1_r, datatype: float64}
# - {name: PS1_w, datatype: float64}
# - {name: PS1_y, datatype: float64}
# - {name: PS1_z, datatype: float64}
# - {name: swift_uvot_B, datatype: float64}
# - {name: swift_uvot_U, datatype: float64}
# - {name: swift_uvot_uvm2, datatype: float64}
# - {name: swift_uvot_uvw1, datatype: float64}
# - {name: swift_uvot_uvw2, datatype: float64}
# - {name: swift_uvot_V, datatype: float64}
# - {name: johnson_B, datatype: float64}
# - {name: johnson_I, datatype: float64}
# - {name: johnson_R, datatype: float64}
# - {name: johnson_U, datatype: float64}
# - {name: johnson_V, datatype: float64}
# - {name: sdss_g, datatype: float64}
# - {name: sdss_i, datatype: float64}
# - {name: sdss_r, datatype: float64}
# - {name: sdss_u, datatype: float64}
# - {name: sdss_z, datatype: float64}
# - {name: ATLAS_c, datatype: float64}
# - {name: ATLAS_o, datatype: float64}
# - {name: ukirt_H, datatype: float64}
# - {name: ukirt_J, datatype: float64}
# - {name: ukirt_K, datatype: float64}
# - {name: Clear, datatype: float64}
# meta: !!omap
# - comment: [kappa = 1.0, type = rprocess, mass = 0.06299605249512866, velocity = 0.10833333333333334, theta_obs = 0.0, tfloor = 1000.0]
# schema: astropy-2.0
time PS1_g PS1_i PS1_r PS1_w PS1_y PS1_z swift_uvot_B swift_uvot_U swift_uvot_uvm2 swift_uvot_uvw1 swift_uvot_uvw2 swift_uvot_V johnson_B johnson_I johnson_R johnson_U johnson_V sdss_g sdss_i sdss_r sdss_u sdss_z ATLAS_c ATLAS_o ukirt_H ukirt_J ukirt_K Clear
[from data line 489]
29.458917835671343 7.128934573092849 -1.7528942401064285 1.7221765379314036 -0.24574727357258297 -5.276084288631697 -3.858408323784559 10.668841149657336 17.32778524755224 31.216380551581413 13.293367779626806 15.806384286106457 5.088451265963633 9.464903832691146 -3.306407546528379 -0.33637477980337915 16.296784068300497 4.133428930794881 7.941474674407285 -1.6716382879934422 1.9506651974278455 17.828890777727064 -4.431835935806561 3.701253107674045 -0.7511594169357316 -10.225071666547192 -8.075582371057502 -11.585360347020364 -2.5316413173339214
29.519038076152302 7.132416792285312 -1.7494120209139652 1.7256587571238846 -0.24226505438010193 -5.272602069439234 -3.8549261045920957 10.6723233688498 17.33126746674472 31.21986277077389 13.296849998819269 15.80986650529892 5.091933485156097 9.46838605188361 -3.302925327335916 -0.3328925606109159 16.300266287492978 4.136911149987362 7.944956893599766 -1.6681560688009789 1.9541474166203088 17.832372996919545 -4.428353716614097 3.704735326866526 -0.7476771977432684 -10.221589447354711 -8.07210015186502 -11.5818781278279 -2.528159098141458
29.579158316633265 7.135891624753761 -1.7459371884455166 1.7291335895923332 -0.23879022191165333 -5.269127236970785 -3.851451272123647 10.675798201318248 17.33474229921317 31.22333760324234 13.300324831287718 15.813341337767369 5.095408317624545 9.471860884352058 -3.299450494867467 -0.3294177281424673 16.30374111996141 4.14038598245581 7.948431726068215 -1.6646812363325303 1.9576222490887574 17.835847829387994 -4.424878884145649 3.7082101593349748 -0.7442023652748198 -10.218114614886263 -8.068625319396572 -11.578403295359452 -2.5246842656730095
29.639278557114228 7.139359104229435 -1.7424697089698604 1.7326010690679894 -0.23532274243599716 -5.265659757495111 -3.847983792647991 10.679265680793922 17.338209778688825 31.226805082718005 13.303792310763392 15.816808817243043 5.098875797100219 9.475328363827714 -3.2959830153917933 -0.3259502486668111 16.307208599437082 4.143853461931466 7.951899205543871 -1.6612137568568563 1.9610897285644313 17.83931530886365 -4.421411404669975 3.711677638810631 -0.7407348857991458 -10.214647135410607 -8.065157839920916 -11.574935815883778 -2.5212167861973356
29.69939879759519 7.142819268090221 -1.739009545109056 1.7360612329287761 -0.23186257857519266 -5.262199593634325 -3.8445236287871865 10.682725844654708 17.34166994254963 31.230265246578785 13.307252474624178 15.82026898110383 5.102335960961006 9.478788527688518 -3.2925228515310065 -0.3224900848060066 16.31066876329787 4.147313625792253 7.955359369404658 -1.6577535929960696 1.964549892425218 17.842775472724455 -4.417951240809188 3.7151378026714355 -0.7372747219383591 -10.21118697154982 -8.06169767606013 -11.571475652022992 -2.517756622336549
29.75951903807615 7.146272145302621 -1.7355566678966738 1.739514110141176 -0.22840970136281058 -5.258746716421925 -3.8410707515748044 10.68617872186709 17.34512281976201 31.23371812379118 13.31070535183656 15.823721858316212 5.105788838173406 9.4822414049009 -3.2890699743186245 -0.3190372075936245 16.31412164051027 4.150766503004653 7.958812246617057 -1.6543007157836698 1.9680027696376001 17.846228349936837 -4.414498363596788 3.7185906798838175 -0.7338218447259592 -10.20773409433742 -8.05824479884773 -11.568022774810592 -2.514303745124149
29.819639278557112 7.149717772348527 -1.73211104085075 1.742959737187082 -0.2249640743168868 -5.255301089376019 -3.8376251245288806 10.689624348913014 17.348568446807935 31.2371637508371 13.314150978882484 15.827167485362136 5.109234465219312 9.485687031946824 -3.2856243472727007 -0.31559158054770076 16.317567267556175 4.154212130050577 7.962257873662981 -1.6508550887377638 1.971448396683524 17.84967397698276 -4.411052736550882 3.7220363069297413 -0.7303762176800532 -10.204288467291496 -8.054799171801823 -11.564577147764686 -2.510858118078243
29.879759519038075 7.153156177977653 -1.7286726352216242 1.7463981428162079 -0.2215256686877609 -5.251862683746893 -3.8341867188997547 10.69306275454214 17.35200685243706 31.240602156466228 13.31758938451161 15.830605890991261 5.112672870848438 9.48912543757595 -3.282185941643575 -0.31215317491857486 16.3210056731853 4.157650535679703 7.965696279292107 -1.6474166831086379 1.9748868023126498 17.853112382611886 -4.407614330921756 3.725474712558867 -0.7269378120509273 -10.20085006166237 -8.051360766172698 -11.56113874213556 -2.507419712449117
29.939879759519037 7.156587401871413 -1.7252414113278824 1.7498293667099674 -0.21809444479401918 -5.248431459853133 -3.830755495006013 10.696493978435882 17.355438076330802 31.24403338035997 13.321020608405352 15.834037114885003 5.116104094742197 9.492556661469692 -3.278754717749833 -0.30872195102483313 16.32443689707906 4.161081759573444 7.969127503185849 -1.6439854592148784 1.9783180262063915 17.856543606505628 -4.404183107027997 3.728905936452609 -0.7235065881571678 -10.197418837768629 -8.047929542278938 -11.5577075182418 -2.5039884885553576
30.0 7.160011472328716 -1.7218173408705795 1.7532534371672703 -0.2146703743367162 -5.24500738939583 -3.82733142454871 10.699918048893203 17.358862146788105 31.247457450817283 13.324444678862672 15.837461185342324 5.1195281651995 9.495980731926995 -3.2753306472925123 -0.30529788056753016 16.327860967536363 4.164505830030747 7.972551573643152 -1.6405613887575754 1.9817420966637123 17.85996767696293 -4.400759036570694 3.732330006909912 -0.7200825176998649 -10.193994767311326 -8.044505471821635 -11.554283447784497 -2.5005644180980546
