web/models/mosfit_kne/mosfit_kn_1.0000/mosfit_kn_0.022361_0.0613_1.0000.dat
# %ECSV 1.0
# ---
# datatype:
# - {name: time, datatype: float64}
# - {name: PS1_g, datatype: float64}
# - {name: PS1_i, datatype: float64}
# - {name: PS1_r, datatype: float64}
# - {name: PS1_w, datatype: float64}
# - {name: PS1_y, datatype: float64}
# - {name: PS1_z, datatype: float64}
# - {name: swift_uvot_B, datatype: float64}
# - {name: swift_uvot_U, datatype: float64}
# - {name: swift_uvot_uvm2, datatype: float64}
# - {name: swift_uvot_uvw1, datatype: float64}
# - {name: swift_uvot_uvw2, datatype: float64}
# - {name: swift_uvot_V, datatype: float64}
# - {name: johnson_B, datatype: float64}
# - {name: johnson_I, datatype: float64}
# - {name: johnson_R, datatype: float64}
# - {name: johnson_U, datatype: float64}
# - {name: johnson_V, datatype: float64}
# - {name: sdss_g, datatype: float64}
# - {name: sdss_i, datatype: float64}
# - {name: sdss_r, datatype: float64}
# - {name: sdss_u, datatype: float64}
# - {name: sdss_z, datatype: float64}
# - {name: ATLAS_c, datatype: float64}
# - {name: ATLAS_o, datatype: float64}
# - {name: ukirt_H, datatype: float64}
# - {name: ukirt_J, datatype: float64}
# - {name: ukirt_K, datatype: float64}
# - {name: Clear, datatype: float64}
# meta: !!omap
# - comment: [kappa = 1.0, type = rprocess, mass = 0.022360679775100388, velocity = 0.061333333333333344, theta_obs = 0.0, tfloor = 1000.0]
# schema: astropy-2.0
time PS1_g PS1_i PS1_r PS1_w PS1_y PS1_z swift_uvot_B swift_uvot_U swift_uvot_uvm2 swift_uvot_uvw1 swift_uvot_uvw2 swift_uvot_V johnson_B johnson_I johnson_R johnson_U johnson_V sdss_g sdss_i sdss_r sdss_u sdss_z ATLAS_c ATLAS_o ukirt_H ukirt_J ukirt_K Clear
[from data line 84]
5.110220440881763 -11.910200421125161 -13.651804238830305 -13.03517683078974 -12.976471392987126 -14.10559465576192 -13.948963227575621 -11.142622572615306 -10.530659620938287 -6.341093654040704 -8.615767223265163 -6.675155974679598 -12.489952334300575 -11.23113850640648 -14.235232296939515 -13.424554470163763 -10.603466396478904 -12.561368186647746 -11.740786706152022 -13.645136000765348 -13.02607824914439 -9.736328254750504 -13.996523670755838 -12.409598098645365 -13.341441898545767 -14.294680043424089 -14.312631443179365 -14.127829582931282 -13.190520783055195
5.170340681362725 -11.840761319320698 -13.614676400281418 -12.985192318412828 -12.929635379572844 -14.081455014263646 -13.919731729462654 -11.061963274399595 -10.424098283388155 -6.175180478420937 -8.499255696789536 -6.553708023215798 -12.429200470779335 -11.15238168616154 -14.201886847472071 -13.378709473498784 -10.501200535155945 -12.502110338836319 -11.668496987828387 -13.607659839945345 -12.975709033098202 -9.632071571707801 -13.968770350157271 -12.350163382672168 -13.298271024226356 -14.288741239361078 -14.298435480074934 -14.127390682020502 -13.149969945283111
5.2304609218436875 -11.770148228496904 -13.576664426549101 -12.934200908733402 -12.881936254688231 -14.05657031568694 -13.889697732967186 -10.980007673824545 -10.316004466676798 -6.007336425895036 -8.381868928385021 -6.431785920096317 -12.367320938386765 -11.07237149000673 -14.167699882584863 -13.331921223552225 -10.39743150338036 -12.441756476492552 -11.59500642399113 -13.56929590828523 -12.924322843057556 -9.526282509029471 -13.940235656652824 -12.289693160562578 -13.254190596188256 -14.28228004446577 -14.283614840230461 -14.126499847480003 -13.108661327269964
5.290581162324649 -11.698338901496808 -13.537754954062855 -12.882185690836856 -12.833359888995215 -14.030931033826626 -13.858850131637688 -10.896729881189302 -10.206344488138885 -5.83751437815421 -8.263592130001278 -6.309369187022792 -12.304293226704576 -10.991083427778467 -14.132659244495873 -13.284174818311698 -10.29212673926769 -12.380287096216465 -11.52029193209792 -13.530030743261854 -12.871902475708712 -9.41892763593918 -13.910909108342278 -12.228169113140677 -13.20918654280236 -14.275293149087334 -14.26816332973887 -14.125155836835697 -13.066583365445954
5.350701402805611 -11.625357381837382 -13.49796507029577 -12.829166517253707 -12.783927265730366 -14.00455170120603 -13.827204385771275 -10.812155813857196 -10.095149163168244 -5.665760810931924 -8.144479046819733 -6.186507103521354 -12.240138878300908 -10.908543881785175 -14.096781365775676 -13.235490087462438 -10.185316083969937 -12.317724013749467 -11.444378118676255 -13.489881504871786 -12.818467682348071 -9.310036905885433 -13.880806062438893 -12.16561427410392 -13.163278198285013 -14.26779232490899 -14.252093909646087 -14.123369777760109 -13.023756486346159
5.410821643286573 -11.551208172887204 -13.457298909581947 -12.775147671166796 -12.733644409422364 -13.977436534847492 -13.794764606197294 -10.726289563815723 -9.982422192853697 -5.4920830793205715 -8.02455386660439 -6.0632175061697815 -12.174861666675422 -10.824757811899385 -14.06007049624214 -13.185872150360389 -10.077003144692853 -12.254071591038167 -11.367269469169354 -13.448852329347787 -12.764022564716715 -9.199613630362311 -13.849930830252504 -12.102034174701473 -13.116470722871103 -14.259782722354275 -14.235411243917218 -14.121147296506178 -12.98018743031518
5.4709418837675345 -11.475888977578954 -13.41575605295688 -12.720127991075874 -12.68251211887268 -13.949586097796303 -13.761530896479908 -10.63912763874881 -9.868157883044244 -5.316475149896916 -7.903830422587568 -5.93950678916562 -12.108459160446056 -10.739722748587702 -14.022526597204791 -13.13532099247076 -9.967182434497428 -12.189328105129833 -11.288963470221294 -13.40694277565218 -12.708565749474214 -9.087651882973358 -13.818283823114008 -12.03742825278173 -13.068764322353754 -14.251267103389951 -14.218117033814364 -14.118492017645037 -12.935878153839653
5.531062124248497 -11.399412589429598 -13.373345977858673 -12.664118289537036 -12.630542529018651 -13.921008732321187 -13.727511972090358 -10.550683462563477 -9.752371616313269 -5.1389615912890845 -7.782344024842374 -5.815402421440549 -12.040942649993102 -10.65345282489876 -13.984158910184778 -13.083847899797469 -9.855868865434616 -12.123505309453646 -11.209473158792882 -13.364162355969889 -12.652107903260443 -8.974166464345252 -13.785873822017809 -11.971809382968335 -13.020170055441564 -14.242253014528925 -14.200219125279945 -14.11541144567227 -12.890840888340982
5.591182364729459 -11.321795704390727 -13.330080685855883 -12.60713246167711 -12.577750600519497 -13.89171472370343 -13.69271872181752 -10.460974861105587 -9.635084279861363 -4.959575006060535 -7.660134699552668 -5.69093569610326 -11.972326982943901 -10.565966488203497 -13.944979032051876 -13.031467057819192 -9.743082682957429 -12.0566184468508 -11.128815597371009 -13.32052312225212 -12.59466279538465 -8.859177600806927 -13.752711714134982 -11.905193872832083 -12.970701749107985 -14.232749104204457 -14.1817268493833 -14.111913933024843 -12.845090376182533
5.651302605210421 -11.24302008836322 -13.285949063670728 -12.549156573775075 -12.524124863708614 -13.861696035962705 -13.657141826792873 -10.369980577210953 -9.516268186219623 -4.778278158214049 -7.537191464561719 -5.566085329214342 -11.90259517636018 -10.47724387964632 -13.90497684860491 -12.978166419970425 -9.628797112127796 -11.988651533522406 -11.046971873157432 -13.276013883433677 -12.536216207312183 -8.742657740035717 -13.718788741578916 -11.837566874764942 -12.920347989003567 -14.222752482381898 -14.162634918848303 -14.107998354871201 -12.798617338302485
5.7114228456913825 -11.163146554663559 -13.24099215189067 -12.490239600204198 -12.46971329842614 -13.830985812720176 -13.620817471259272 -10.27776790027228 -9.396005789601656 -4.595192508163282 -7.413615620420604 -5.440942950029463 -11.831802288474222 -10.38735192598303 -13.864191189641446 -12.923993221439193 -9.513092011686687 -11.919659259280449 -10.964004503663052 -13.230675896050279 -12.476817195400276 -8.624687701380331 -13.684140364427329 -11.768983907510009 -12.869154340658628 -14.212285851576494 -14.142970721001367 -14.103684445867353 -12.75146636385518
5.771543086172344 -11.082136035326418 -13.195184983793116 -12.430350975091216 -12.414488576204548 -13.799564982447343 -13.583724192264217 -10.184292293677448 -9.274240508554517 -4.410239517753214 -7.2893646990203464 -5.315453939200378 -11.759912336421145 -10.296247966887261 -13.822598915722459 -12.868919747133074 -9.395912639185006 -11.8496070118079 -10.879873125663604 -13.1844840404597 -12.416434813190076 -8.50521151557432 -13.648746015983129 -11.699411509013178 -12.817094290884583 -14.20133926337188 -14.12272010566008 -14.098965234658197 -12.703613724542997
5.831663326653306 -11.000015452094658 -13.14854613536271 -12.36951265436236 -12.358472954022783 -13.767448847216492 -13.54587851401746 -10.089583149553746 -9.151007718596755 -4.223473102508815 -7.164489442156956 -5.189657287182023 -11.68694949209706 -10.203961791549098 -13.78021774756488 -12.81296776778283 -9.27729328548666 -11.778519185910275 -10.79460535536553 -13.137456985140261 -12.355090944806548 -8.384263702074044 -13.612622041153557 -11.628874939230691 -12.764188885312784 -14.189924105990881 -14.10189618369001 -14.093851126168476 -12.655080599422046
5.891783567134269 -10.916797669656724 -13.101084864669215 -12.307735388938017 -12.301677996374298 -13.734645303843855 -13.507288803698465 -9.993654147154569 -9.026323276414736 -4.034919170344618 -7.039019284063119 -5.063569758547327 -11.612925122637058 -10.110507788116582 -13.737056648633665 -12.756148490677017 -9.157249351668792 -11.706407615004542 -10.708214333636885 -13.089604029596416 -12.292796206688124 -8.261859589094467 -13.575776852697299 -11.557386896821793 -12.71044899418726 -14.17804705551429 -14.080506132302942 -14.088348631247241 -12.605878425126367
5.95190380761523 -10.832492222563577 -13.05280819656014 -12.245027264054702 -12.244112670030098 -13.701160447526384 -13.467961458056088 -9.896515262250489 -8.900198453966048 -3.8445971423071894 -6.91297776824749 -4.937201617246959 -11.537847563125531 -10.015896717136354 -13.693122476705348 -12.698470610562762 -9.035791805988264 -11.633281160454308 -10.620709775387525 -13.040932228699003 -12.229558535674716 -8.13801000426773 -13.538216944878805 -11.484957078946127 -12.655883054204633 -14.16571358100107 -14.058555653429233 -14.082463234618581 -12.556016244342647
6.012024048096192 -10.747125797324255 -13.00373447171376 -12.181410026032413 -12.185798664966327 -13.667009271871127 -13.427912729223692 -9.79819572269393 -8.772668474326633 -3.652560821663598 -6.78641091525142 -4.810585099335544 -11.461740828014417 -9.920158175416795 -13.648432696025996 -12.639955663266804 -8.912954822789676 -11.559164044015924 -10.532119067580368 -12.991460017831358 -12.165399618898842 -8.01274937595915 -13.49995837781048 -11.411610369649843 -12.60051182192477 -14.152934565300137 -14.036057449640394 -14.07620477109903 -12.505514537656364
6.072144288577154 -10.660674096431997 -12.95384827985103 -12.116864769905433 -12.12671947158066 -13.632180091205264 -13.387129396328792 -9.698667635477538 -8.643697570218372 -3.4587624751262274 -6.659292998180408 -4.683680275541192 -11.384582355871473 -9.823265868363919 -13.602973098617827 -12.580586961496014 -8.788703822917007 -11.484034860711992 -10.442417083573634 -12.941171892735408 -12.10030023596346 -7.886042231180355 -13.460988588402714 -11.337326351959707 -12.544319308991305 -14.139704322119735 -14.013003058746703 -14.069569590837022 -12.454359274805622
6.132264529058116 -10.57321227924243 -12.903199990633674 -12.05145187813784 -12.066932742951604 -13.596713114184187 -13.345655625541415 -9.598014627235784 -8.513388615112483 -3.2633527674977207 -6.53173381511257 -4.556582185856296 -11.306440501842314 -9.725302589461013 -13.556791174705715 -12.520422335341152 -8.663138531044432 -11.407961252214312 -10.351681148946987 -12.890118499889063 -12.034320967038745 -7.757989668976482 -13.421350728032237 -11.262172822559169 -12.487361102760115 -14.126049115416064 -13.989425042821837 -14.062579902938646 -12.402603259217422
6.192384769539078 -10.484699094051084 -12.851762926431078 -11.985138908950326 -12.006409149742385 -13.56058770232412 -13.303468330130972 -9.496189846151239 -8.381682307726983 -3.066250516528515 -6.403681905673473 -4.429224655700249 -11.22727721944755 -9.626223500568369 -13.50986213153097 -12.459432374645544 -8.536201585196121 -11.330906651694137 -10.259868680412065 -12.838273006224554 -11.967428971130953 -7.628533058322873 -13.381022649057925 -11.186114250927783 -12.429608956399516 -14.111957588044229 -13.96530778059782 -14.055227387563887 -12.35022083203317
6.25250501002004 -10.395184510817757 -12.799570766576771 -11.917966162888938 -11.945187286344794 -13.523830826619694 -13.260597078792493 -9.39324874449656 -8.248646521946004 -2.8675563300005384 -6.275209169705409 -4.301664270386997 -11.147137892973593 -9.526083803258366 -13.462217782900272 -12.39765600397596 -8.40795883239614 -11.252916184756126 -10.167031063536971 -12.78566927592296 -11.899664628350468 -7.4977390705584845 -13.340033316554809 -11.109195964768332 -12.371100252118374 -14.097447647193595 -13.940673263906971 -14.047527380251024 -12.297247489519876
6.312625250501002 -10.30466820653114 -12.746623885209356 -11.849933826428174 -11.883268172162769 -13.48644314723865 -13.217042362822422 -9.289190408244103 -8.114279083468237 -2.6672708206957045 -6.146317539426018 -4.173887805260662 -11.06602192473255 -9.42488357713087 -13.413858696196101 -12.33509446103221 -8.278408268559165 -11.173989953980621 -10.073167881620098 -12.732307681516861 -11.831027944352925 -7.365605381140927 -13.298383465508632 -11.031418654664051 -12.311836150410045 -14.082520920160311 -13.91552264380026 -14.039482000886581 -12.243684842475187
6.372745490981964 -10.213183947881781 -12.692945225681882 -11.781069286595915 -11.820678067773311 -13.448443106688401 -13.172824354886234 -9.184052185943294 -7.978625381910636 -2.4654624320398915 -6.017053454505774 -4.045926176244809 -10.98395994322135 -9.322660281516523 -13.364806596674576 -12.271774502324064 -8.147593986366559 -11.094158614698946 -9.97831383600186 -12.678211292496986 -11.761546313808626 -7.232176561051897 -13.256092925794025 -10.952813156382426 -12.251842303028937 -14.067189879584488 -13.889871077312 -14.031102086607754 -12.189557152173993
6.432865731462925 -10.120730970476473 -12.638534845284006 -11.711372373678604 -11.757417489188082 -13.409831069085225 -13.127943245356537 -9.077832717841272 -7.841682711660667 -2.2621311344523525 -5.887415611370326 -3.917762950709832 -10.900950978497931 -9.21941354657259 -13.315061741172613 -12.207697019015733 -8.015513486148162 -11.013421900494913 -9.88246806160122 -12.623380164309541 -11.691219390496332 -7.0974497949430315 -13.213162133114054 -10.873379685099529 -12.191119502105288 -14.051455833214524 -13.863719412768186 -14.022389424662085 -12.134865498231235
6.492985971943887 -10.027346217323565 -12.583417787982771 -11.640873021331704 -11.693514817431101 -13.370627087222626 -13.082421017423602 -8.970572976397719 -7.703500981742568 -2.0573517570332127 -5.757451533612983 -3.789430148092151 -10.817028630733027 -9.115184331350722 -13.264647808392109 -12.142891119890475 -7.882215267091787 -10.931813351626845 -9.785668537402259 -12.567839480335206 -11.62007714590624 -6.9614741586925355 -13.169612661013712 -10.79315176899053 -12.129695619099756 -14.035332076861165 -13.837083996346687 -14.01335542331818 -12.079635931150019
6.55310621242485 -9.933049257588564 -12.527607585712062 -11.569587303021471 -11.628985425856921 -13.330842111918084 -13.036269599362047 -8.86229447279921 -7.5641059234328445 -1.8511646821733967 -5.627184002993335 -3.660935394932355 -10.732210618961552 -9.009994563522245 -13.213577674720948 -12.077372893720863 -7.747724413065111 -10.849350960663065 -9.687935348823071 -12.511602847818644 -11.548135602166756 -6.824274919722058 -13.125456320864757 -10.712147500309452 -12.067586002626829 -14.018826249643615 -13.809973952933914 -14.004006884674885 -12.023882761982865
6.613226452905812 -9.837843688183181 -12.471107170926405 -11.497518537011349 -11.56383279226759 -13.290478717389327 -12.989491661533208 -8.753000816085763 -7.423501032707982 -1.6435787719071042 -5.496613585623642 -3.5322646008755885 -10.646500034334913 -8.90384868849868 -13.161854274074287 -12.011146470782592 -7.612044467086118 -10.766038416396613 -9.589272131573257 -12.454673215538303 -11.475397938638796 -6.685855434453245 -13.080695941607292 -10.630370812913501 -12.00479450238836 -14.001940814247343 -13.78239177665966 -13.994346413912167 -11.967609603513925
6.673346693386773 -9.741774838100064 -12.413947168750639 -11.424703386676569 -11.49809112548029 -13.249561299478518 -12.942114032176306 -8.642742484810483 -7.281748047472689 -1.4346854248985101 -5.36579408661547 -3.4034565128085457 -10.559938284593493 -8.79679685908011 -13.109506493659612 -11.944247189826076 -7.475235438728475 -10.681916843458835 -9.489725510265927 -12.397081381232287 -11.401900928367734 -6.54627653075794 -13.035357772944742 -10.547862447872536 -11.941354913230278 -13.984691477070308 -13.754357117397545 -13.98438721421188 -11.910847541039047
6.733466933867735 -9.64485302199158 -12.356134977896751 -11.351150553295266 -11.431768657975443 -13.20809592227386 -12.894143265125013 -8.53153068374968 -7.138859914219786 -1.2245068159650456 -5.234732158464883 -3.274503632109272 -10.472534689006451 -8.688850885567629 -13.056541441129667 -11.876684182337353 -7.337310057876422 -10.596995992621865 -9.389306045051882 -12.338834786138282 -11.327653186019973 -6.405550936108515 -12.98944839763326 -10.46463215912718 -11.877275850847564 -13.967082692779778 -13.725875151771694 -13.974133408485459 -11.853604343213213
