web/models/mosfit_kne/mosfit_kn_1.0000/mosfit_kn_0.005245_0.4373_1.0000.dat
# %ECSV 1.0
# ---
# datatype:
# - {name: time, datatype: float64}
# - {name: PS1_g, datatype: float64}
# - {name: PS1_i, datatype: float64}
# - {name: PS1_r, datatype: float64}
# - {name: PS1_w, datatype: float64}
# - {name: PS1_y, datatype: float64}
# - {name: PS1_z, datatype: float64}
# - {name: swift_uvot_B, datatype: float64}
# - {name: swift_uvot_U, datatype: float64}
# - {name: swift_uvot_uvm2, datatype: float64}
# - {name: swift_uvot_uvw1, datatype: float64}
# - {name: swift_uvot_uvw2, datatype: float64}
# - {name: swift_uvot_V, datatype: float64}
# - {name: johnson_B, datatype: float64}
# - {name: johnson_I, datatype: float64}
# - {name: johnson_R, datatype: float64}
# - {name: johnson_U, datatype: float64}
# - {name: johnson_V, datatype: float64}
# - {name: sdss_g, datatype: float64}
# - {name: sdss_i, datatype: float64}
# - {name: sdss_r, datatype: float64}
# - {name: sdss_u, datatype: float64}
# - {name: sdss_z, datatype: float64}
# - {name: ATLAS_c, datatype: float64}
# - {name: ATLAS_o, datatype: float64}
# - {name: ukirt_H, datatype: float64}
# - {name: ukirt_J, datatype: float64}
# - {name: ukirt_K, datatype: float64}
# - {name: Clear, datatype: float64}
# meta: !!omap
# - comment: [kappa = 1.0, type = rprocess, mass = 0.005244756555828381, velocity = 0.4373333333333333, theta_obs = 0.0, tfloor = 1000.0]
# schema: astropy-2.0
time PS1_g PS1_i PS1_r PS1_w PS1_y PS1_z swift_uvot_B swift_uvot_U swift_uvot_uvm2 swift_uvot_uvw1 swift_uvot_uvw2 swift_uvot_V johnson_B johnson_I johnson_R johnson_U johnson_V sdss_g sdss_i sdss_r sdss_u sdss_z ATLAS_c ATLAS_o ukirt_H ukirt_J ukirt_K Clear
[from data line 472]
28.43687374749499 15.04768646011481 6.165857646915516 9.640928424953366 7.673004613449379 2.6426675983902648 4.060343563237385 18.58759303667928 25.2465371345742 39.13513243860337 21.212119666648757 23.72513617312841 13.007203152985596 17.38365571971309 4.612344340493565 7.582377107218565 24.21553595532245 12.052180817816842 15.860226561429247 6.24711359902852 9.86941708444979 25.747642664749026 3.4869159512154013 11.620004994696007 7.167592470086213 -2.3063197795252304 -0.15683048403554045 -3.6666084599984017 5.387110569688041
28.49699398797595 15.05761343830164 6.175784625102345 9.650855403140195 7.682931591636208 2.652594576577094 4.070270541424215 18.59752001486611 25.25646411276103 39.14505941679021 21.22204664483559 23.73506315131524 13.017130131172426 17.39358269789992 4.6222713186803945 7.592304085405394 24.225462933509288 12.062107796003671 15.870153539616076 6.257040577215349 9.879344062636637 25.757569642935856 3.4968429294022307 11.629931972882837 7.17751944827306 -2.296392801338401 -0.14690350584871104 -3.6566814818115723 5.39703754787487
28.557114228456914 15.06752196419825 6.185693150998972 9.660763929036804 7.692840117532835 2.6625031024737034 4.080179067320842 18.607428540762736 25.26637263865765 39.15496794268683 21.231955170732206 23.744971677211858 13.027038657069035 17.403491223796546 4.6321798445770215 7.602212611302021 24.235371459405904 12.07201632190028 15.880062065512703 6.266949103111958 9.889252588533246 25.767478168832476 3.50675145529884 11.639840498779463 7.187427974169669 -2.286484275441792 -0.13699497995210186 -3.646772955914963 5.406946073771479
28.617234468937873 15.077412095716145 6.195583282516868 9.6706540605547 7.702730249050731 2.672393233991599 4.090069198838737 18.617318672280632 25.276262770175542 39.164858074204716 21.241845302250102 23.754861808729753 13.03692878858693 17.413381355314442 4.642069976094917 7.612102742819917 24.245261590923793 12.081906453418176 15.889952197030581 6.276839234629854 9.899142720051142 25.777368300350368 3.5166415868167356 11.649730630297341 7.197318105687565 -2.276594143923896 -0.12710484843420622 -3.6368828243970674 5.416836205289375
28.677354709418836 15.087283898806696 6.205455085607419 9.68052586364525 7.712602052141264 2.68226503708215 4.099941001929288 18.627190475371183 25.286134573266096 39.17472987729527 21.251717105340653 23.764733611820294 13.046800591677481 17.423253158404993 4.651941779185468 7.62197454591045 24.255133394014344 12.091778256508727 15.899824000121132 6.286711037720405 9.909014523141693 25.787240103440922 3.5265133899072865 11.659602433387892 7.2071899087781155 -2.2667223408333452 -0.1172330453436553 -3.6270110213065165 5.426708008379926
28.7374749498998 15.097137441487405 6.21530862828811 9.69037940632596 7.722455594821973 2.692118579762859 4.109794544609979 18.637044018051874 25.295988115946795 39.18458341997597 21.26157064802135 23.774587154501003 13.05665413435819 17.433106701085684 4.661795321866159 7.631828088591159 24.264986936695053 12.101631799189436 15.909677542801841 6.296564580401114 9.918868065822384 25.79709364612162 3.5363669325879954 11.669455976068601 7.217043451458824 -2.2568687981526363 -0.10737950266294638 -3.6171574786258076 5.436561551060635
28.79759519038076 15.106972787449688 6.225143974250411 9.700214752288243 7.732290940784257 2.7019539257251424 4.119629890572281 18.646879364014175 25.305823461909085 39.19441876593826 21.271405993983645 23.784422500463297 13.066489480320474 17.442942047047985 4.6716306678284605 7.64166343455346 24.274822282657336 12.11146714515172 15.919512888764125 6.306399926363397 9.928703411784685 25.80692899208391 3.546202278550279 11.679291322030885 7.226878797421108 -2.2470334521903528 -0.09754415670066285 -3.607322132663524 5.446396897022918
28.857715430861724 15.116789995164286 6.234961181965009 9.710031960002858 7.742108148498872 2.7117711334397576 4.129447098286878 18.656696571728773 25.315640669623694 39.204235973652864 21.28122320169825 23.7942397081779 13.076306688035089 17.452759254762583 4.681447875543058 7.651480642268058 24.284639490371944 12.121284352866335 15.92933009647874 6.316217134078013 9.938520619499283 25.81674619979852 3.556019486264894 11.6891085297455 7.236696005135705 -2.2372162444757375 -0.08772694898604749 -3.597504924948909 5.456214104737533
28.917835671342683 15.126589122578302 6.244760309379025 9.719831087416857 7.75190727591287 2.721570260853756 4.139246225700894 18.66649569914279 25.325439797037703 39.21403510106688 21.29102232911225 23.8040388355919 13.086105815449088 17.4625583821766 4.691247002957074 7.661279769682056 24.29443861778595 12.131083480280333 15.939129223892738 6.326016261492011 9.948319746913299 25.82654532721253 3.5658186136788927 11.698907657159499 7.246495132549722 -2.227417117061739 -0.07792782157204892 -3.5877057975349103 5.466013232151532
28.977955911823646 15.136370237481458 6.254541424282181 9.729612202320013 7.761688390816026 2.731351375756912 4.14902734060405 18.676276814045945 25.33522091194086 39.223816215970025 21.300803444015415 23.813819950495066 13.095886930352243 17.472339497079755 4.70102811786023 7.67106088458523 24.304219732689106 12.140864595183489 15.948910338795894 6.335797376395167 9.958100861816455 25.836326442115684 3.5755997285820484 11.708688772062654 7.2562762474528775 -2.2176360021585833 -0.06814670666889322 -3.5779246826317546 5.475794347054688
29.03807615230461 15.146133395408885 6.26430458220959 9.73937536024744 7.771451548743453 2.741114533684339 4.158790498531459 18.686039971973354 25.344984069868275 39.23357937389745 21.310566601942835 23.823583108422486 13.10565008827967 17.482102655007164 4.710791275787639 7.680824042512639 24.313982890616533 12.150627753110916 15.958673496723321 6.345560534322594 9.967864019743864 25.8460896000431 3.5853628865094755 11.718451929990081 7.266039405380305 -2.207872844231156 -0.05838354874146612 -3.5681615247043275 5.485557504982115
29.09819639278557 15.155878668816563 6.274049855617285 9.749120633655117 7.7811968221511485 2.7508598070920165 4.168535771939155 18.69578524538105 25.354729343275963 39.24332464730514 21.32031187535052 23.83332838183017 13.115395361687348 17.49184792841486 4.720536549195335 7.690569315920334 24.32372816402421 12.160373026518593 15.968418770130999 6.3553058077302715 9.97760929315156 25.85583487345079 3.595108159917153 11.728197203397759 7.275784678787982 -2.1981275708234786 -0.048638275333788616 -3.55841625129665 5.495302778389792
29.158316633266534 15.16560611954283 6.283777306343534 9.758848084381384 7.7909242728773975 2.7605872578182833 4.178263222665404 18.7055126961073 25.36445679400222 39.25305209803139 21.330039326076776 23.843055832556427 13.125122812413615 17.50157537914111 4.730263999921584 7.700296766646583 24.333455614750477 12.17010047724486 15.978146220857266 6.365033258456538 9.987336743877808 25.865562324177045 3.60483561064342 11.737924654124026 7.285512129514249 -2.188400120097212 -0.03891082460752182 -3.548688800570383 5.505030229116059
29.218436873747493 15.175315792834425 6.293486979635148 9.76855775767298 7.800633946169011 2.770296931109879 4.187972895957017 18.715222369398912 25.374166467293826 39.26276177132299 21.339748999368382 23.852765505848033 13.13483248570521 17.511285052432722 4.739973673213197 7.710006439938197 24.34316528804208 12.179810150536456 15.987855894148861 6.374742931748134 9.997046417169422 25.87527199746865 3.6145452839350156 11.74763432741564 7.295221802805845 -2.178690446805616 -0.029201151315926044 -3.5389791272787874 5.514739902407655
29.278557114228455 15.185007760539193 6.303178947339916 9.778249725377766 7.810325913873779 2.779988898814665 4.197664863661785 18.72491433710368 25.3838584349986 39.272453739027775 21.34944096707315 23.8624574735528 13.144524453409979 17.52097702013749 4.749665640917965 7.719698407642965 24.352857255746848 12.189502118241242 15.997547861853647 6.384434899452902 10.00673838487419 25.884963965173426 3.6242372516397836 11.757326295120407 7.304913770510613 -2.1689984791008303 -0.01950918361114029 -3.5292871595740194 5.524431870112423
29.338677354709418 15.194682090301281 6.312853277102004 9.787924055139854 7.820000243635867 2.789663228576753 4.2073391934238735 18.73458866686577 25.39353276476069 39.28212806878986 21.359115296835245 23.872131803314897 13.154198783172085 17.53065134989958 4.759339970680053 7.729372737405053 24.36253158550894 12.19917644800333 16.007222191615735 6.39410922921499 10.016412714636278 25.894638294935515 3.633911581401872 11.767000624882495 7.314588100272701 -2.159324149338742 -0.009834853849052028 -3.519612829811931 5.534106199874529
29.39879759519038 15.204338824238235 6.322510011038958 9.79758078907679 7.829656977572803 2.799319962513689 4.216995927360827 18.744245400802722 25.403189498697635 39.2917848027268 21.368772030772192 23.881788537251833 13.16385551710902 17.540308083836532 4.768996704617007 7.739029471341989 24.372188319445883 12.208833181940266 16.01687892555267 6.403765963151944 10.026069448573232 25.90429502887246 3.6435683153388254 11.776657358819431 7.324244834209654 -2.1496674154018063 -0.000178119912116248 -3.5099560958749776 5.543762933811465
29.458917835671343 15.213978034438949 6.332149221239671 9.807219999277503 7.839296187773517 2.8089591727144025 4.226635137561541 18.753884611003436 25.412828708898346 39.30142401292752 21.3784112409729 23.89142774745255 13.173494727309734 17.549947294037228 4.778635914817721 7.748668681542703 24.381827529646596 12.21847239214098 16.026518135753385 6.413405173352658 10.035708658773945 25.91393423907317 3.653207525539539 11.786296569020145 7.333884044410368 -2.1400282052010926 0.009461090288597429 -3.500316885674264 5.553402144012178
29.519038076152302 15.223599774947179 6.341770961747901 9.816841739785733 7.848917928281747 2.8185809132226325 4.236256878069771 18.763506351511666 25.422450449406576 39.31104575343575 21.388032981481135 23.90104948796078 13.183116467817964 17.559569034545476 4.788257655325951 7.7582904220509326 24.391449270154826 12.22809413264921 16.036139876261615 6.4230269138608875 10.045330399282175 25.9235559795814 3.662829266047769 11.795918309528375 7.343505784918598 -2.1304064646928627 0.019082830796827377 -3.490695145166034 5.563023884520408
29.579158316633265 15.233204115400536 6.351375302201259 9.82644608023909 7.858522268735104 2.82818525367599 4.245861218523128 18.773110691965023 25.432054789859933 39.32065009388911 21.397637321934493 23.910653828414144 13.192720808271321 17.569173374998833 4.797861995779308 7.767894762504308 24.401053610608184 12.237698473102567 16.045744216714972 6.432631254314245 10.054934739735533 25.93316032003476 3.6724336065011265 11.805522649981732 7.3531101253719555 -2.120802124239505 0.02868717125018483 -3.4810908047126765 5.572628224973766
29.639278557114228 15.242791099834072 6.360962286634795 9.836033064672627 7.86810925316864 2.837772238109526 4.255448202956664 18.78269767639856 25.441641774293473 39.33023707832265 21.40722430636803 23.92024081284767 13.202307792704858 17.57876035943237 4.807448980212844 7.777481746937826 24.41064059504172 12.247285457536103 16.05533120114851 6.442218238747781 10.064521724169069 25.9427473044683 3.6820205909346626 11.815109634415268 7.362697109805492 -2.111215139805969 0.038274155683720945 -3.4715038202791404 5.582215209407302
29.69939879759519 15.252360796851967 6.370531983652672 9.845602761690522 7.877678950186535 2.847341935127421 4.265017899974541 18.792267373416436 25.451211471311357 39.33980677534054 21.416794003385913 23.929810509865565 13.211877489722752 17.588330056450246 4.817018677230721 7.787051443955721 24.420210292059615 12.256855154553998 16.064900898166403 6.451787935765676 10.074091421186946 25.952317001486183 3.6915902879525575 11.824679331433163 7.3722668068233865 -2.101645442788074 0.04784385270161584 -3.4619341232612455 5.591784906425197
29.75951903807615 15.26191326081225 6.3800844476129726 9.855155225650822 7.887231414146836 2.8568943990877216 4.274570363934842 18.801819837376737 25.460763935271657 39.34935923930083 21.426346467346207 23.939362973825858 13.221429953683053 17.597882520410547 4.826571141191022 7.796603907916022 24.429762756019905 12.266407618514299 16.074453362126704 6.461340399725959 10.083643885147247 25.961869465446483 3.7011427519128404 11.834231795393464 7.381819270783669 -2.0920929788277736 0.05739631666191647 -3.4523816593009626 5.60133737038548
29.819639278557112 15.271448552850053 6.389619739650776 9.864690517688626 7.896766706184639 2.866429691125525 4.284105655972645 18.81135512941454 25.47029922730946 39.358894531338635 21.43588175938402 23.94889826586366 13.230965245720839 17.60741781244835 4.836106433228825 7.806139199953825 24.439298048057708 12.275942910552102 16.083988654164507 6.470875691763762 10.09317917718505 25.971404757484287 3.7106780439506437 11.843767087431267 7.391354562821473 -2.08255768678997 0.06693160869971981 -3.4428463672631593 5.610872662423283
29.879759519038075 15.280966731160177 6.3991379179609 9.874208695998732 7.906284884494763 2.875947869435631 4.293623834282769 18.820873307724664 25.479817405619578 39.36841270964876 21.445399937694134 23.958416444173785 13.240483424030963 17.616935990758474 4.845624611538949 7.815657378263949 24.448816226367832 12.285461088862208 16.09350683247463 6.480393870073886 10.102697355495174 25.980922935794403 3.7201962222607676 11.853285265741391 7.400872741131597 -2.073039508479864 0.07644978700982596 -3.4333281889530354 5.620390840733407
29.939879759519037 15.290467848439437 6.40863903524016 9.88370981327801 7.915786001774023 2.8854489867148914 4.30312495156203 18.830374425003924 25.489318522898845 39.377913826928015 21.454901054973394 23.967917561453046 13.249984541310223 17.626437108037734 4.8551257288182095 7.825158495543209 24.458317343647096 12.294962206141486 16.10300794975389 6.489894987353146 10.112198472774434 25.99042405307367 3.729697339540028 11.862786383020651 7.410373858410857 -2.063538391200586 0.08595090428910401 -3.423827071673775 5.629891958012667
30.0 15.299951961756761 6.418123148557484 9.893193926595334 7.925270115091347 2.894933100032233 4.312609064879354 18.83985853832125 25.49880263621617 39.38739794024534 21.46438516829072 23.97740167477037 13.259468654627547 17.63592122135506 4.8646098421355335 7.834642608860533 24.467801456964416 12.30444631945881 16.112492063071215 6.49937910067047 10.121682586091758 25.999908166390995 3.739181452857352 11.872270496337975 7.419857971728181 -2.054054277883262 0.09543501760642803 -3.414342958356451 5.639376071329991
