web/models/mosfit_kne/mosfit_kn_1.0000/mosfit_kn_0.006452_0.2963_1.0000.dat
# %ECSV 1.0
# ---
# datatype:
# - {name: time, datatype: float64}
# - {name: PS1_g, datatype: float64}
# - {name: PS1_i, datatype: float64}
# - {name: PS1_r, datatype: float64}
# - {name: PS1_w, datatype: float64}
# - {name: PS1_y, datatype: float64}
# - {name: PS1_z, datatype: float64}
# - {name: swift_uvot_B, datatype: float64}
# - {name: swift_uvot_U, datatype: float64}
# - {name: swift_uvot_uvm2, datatype: float64}
# - {name: swift_uvot_uvw1, datatype: float64}
# - {name: swift_uvot_uvw2, datatype: float64}
# - {name: swift_uvot_V, datatype: float64}
# - {name: johnson_B, datatype: float64}
# - {name: johnson_I, datatype: float64}
# - {name: johnson_R, datatype: float64}
# - {name: johnson_U, datatype: float64}
# - {name: johnson_V, datatype: float64}
# - {name: sdss_g, datatype: float64}
# - {name: sdss_i, datatype: float64}
# - {name: sdss_r, datatype: float64}
# - {name: sdss_u, datatype: float64}
# - {name: sdss_z, datatype: float64}
# - {name: ATLAS_c, datatype: float64}
# - {name: ATLAS_o, datatype: float64}
# - {name: ukirt_H, datatype: float64}
# - {name: ukirt_J, datatype: float64}
# - {name: ukirt_K, datatype: float64}
# - {name: Clear, datatype: float64}
# meta: !!omap
# - comment: [kappa = 1.0, type = rprocess, mass = 0.006451950121499907, velocity = 0.29633333333333334, theta_obs = 0.0, tfloor = 1000.0]
# schema: astropy-2.0
time PS1_g PS1_i PS1_r PS1_w PS1_y PS1_z swift_uvot_B swift_uvot_U swift_uvot_uvm2 swift_uvot_uvw1 swift_uvot_uvw2 swift_uvot_V johnson_B johnson_I johnson_R johnson_U johnson_V sdss_g sdss_i sdss_r sdss_u sdss_z ATLAS_c ATLAS_o ukirt_H ukirt_J ukirt_K Clear
[from data line 116]
7.034068136272545 8.682270004509522 -0.19955880868975484 3.275511969348095 1.3075881578441084 -3.722748857215006 -2.3050728923678854 12.22217658107401 18.88112067896893 32.7697159829981 14.84670321104348 17.35971971752313 6.641786697380325 11.01823926410782 -1.7530721151117055 1.2169606516132945 17.850119499717188 5.686764362211572 9.494810105823976 -0.11830285657676853 3.504000628844519 19.382226209143756 -2.878500504389887 5.2545885390907365 0.802176014480942 -8.671736235130501 -6.5222469396408105 -10.03202491560369 -0.97830588591723
7.0941883767535066 8.702691216275351 -0.17913759692392617 3.295933181113906 1.328009369609937 -3.702327645449195 -2.2846516806020567 12.242597792839838 18.90154189073476 32.79013719476393 14.867124422809308 17.38014092928896 6.662207909146136 11.038660475873648 -1.7326509033458768 1.2373818633791231 17.870540711483 5.707185573977383 9.515231317589805 -0.09788164481093986 3.524421840610348 19.402647420909584 -2.8580792926240584 5.275009750856565 0.8225972262467707 -8.65131502336469 -6.501825727875 -10.011603703837862 -0.9578846741514191
7.154308617234468 8.722949506698967 -0.158879306500328 3.316191471537522 1.3482676600335353 -3.682069355025579 -2.2643933901784585 12.262856083263436 18.921800181158357 32.810395485187534 14.887382713232924 17.400399219712558 6.682466199569752 11.058918766297246 -1.7123926129222786 1.2576401538027213 17.890799001906615 5.727443864400999 9.535489608013403 -0.07762335438732393 3.5446801310339637 19.422905711333183 -2.8378210022004424 5.295268041280163 0.8428555166703866 -8.631056732941074 -6.481567437451384 -9.991345413414246 -0.9376263837278032
7.214428857715431 8.743047700791013 -0.13878111240826385 3.336289665629586 1.3683658541255994 -3.661971160933515 -2.2442951960863944 12.2829542773555 18.94189837525042 32.83049367927959 14.90748090732497 17.420497413804622 6.702564393661816 11.07901696038931 -1.6922944188302145 1.2777383478947855 17.91089719599868 5.747542058493063 9.555587802105467 -0.057525160295277544 3.56477832512601 19.443003905425247 -2.8177228081083783 5.3153662353722275 0.862953710762433 -8.61095853884901 -6.4614692433593195 -9.971247219322182 -0.917528189635739
7.274549098196393 8.762988556041638 -0.11884025715763968 3.3562305208801924 1.3883067093762236 -3.6420303056829084 -2.22435434083577 12.302895132606125 18.961839230501045 32.850434534530216 14.927421762575594 17.440438269055246 6.722505248912422 11.098957815639935 -1.6723535635795903 1.2976792031454096 17.930838051249285 5.767482913743669 9.575528657356092 -0.03758430504465338 3.5847191803766343 19.46294476067587 -2.797781952857772 5.335307090622852 0.8828945660130572 -8.591017683598404 -6.441528388108713 -9.951306364071575 -0.8975873343851326
7.3346693386773545 8.782774820036465 -0.09905399316281205 3.37601678487502 1.4080929733710512 -3.622244041688081 -2.2045680768409426 12.322681396600952 18.981625494495873 32.87022079852503 14.947208026570422 17.460224533050074 6.74229151290725 11.118744079634762 -1.6525672995847627 1.3174654671402373 17.950624315244113 5.787269177738497 9.595314921350901 -0.01779804104982574 3.604505444371462 19.4827310246707 -2.7779956888629442 5.355093354617679 0.9026808300078848 -8.571231419603576 -6.4217421241138855 -9.931520100076748 -0.877801070390305
7.394789579158316 8.802409134879863 -0.07941967831943231 3.3956510997184175 1.427727288214431 -3.6026097268446833 -2.184933761997563 12.34231571144435 19.001259809339253 32.889855113368434 14.96684234141382 17.47985884789347 6.761925827750647 11.138378394478142 -1.6329329847413652 1.337099781983617 17.97025863008751 5.8069034925818945 9.614949236194299 0.0018362737935717632 3.6241397592148594 19.50236533951408 -2.7583613740195467 5.374727669461059 0.9223151448512823 -8.551597104760178 -6.402107809270488 -9.91188578523335 -0.8581667555469075
7.454909819639278 8.821894133820951 -0.059934679378326194 3.4151360986595236 1.447212287155537 -3.583124727903595 -2.1654487630564567 12.361800710385438 19.02074480828036 32.90934011230953 14.986327340354908 17.49934384683456 6.781410826691736 11.157863393419248 -1.6134479858002768 1.3565847809247231 17.9897436290286 5.826388491523001 9.634434235135405 0.021321272734660113 3.6436247581559478 19.521850338455184 -2.7388763750784584 5.394212668402165 0.9418001437923706 -8.532112105819072 -6.382622810329382 -9.892400786292262 -0.8386817566058191
7.51503006012024 8.841239701930572 -0.040589111268705125 3.4344816667691447 1.4665578552651581 -3.563779159793974 -2.1461031949468357 12.38114627849506 19.04009037638998 32.92868568041915 15.005672908464529 17.51868941494418 6.800756394801357 11.17720896152887 -1.5941024176906557 1.3759303490343442 18.00908919713822 5.845734059632622 9.653779803245026 0.04066684084428118 3.662970326265569 19.541195906564806 -2.7195308069688373 5.413558236511786 0.9611457119019917 -8.512766537709451 -6.363277242219761 -9.87305521818264 -0.819336188496198
7.575150300601202 8.860429231080804 -0.02139958211847315 3.453671195919359 1.4857473844153901 -3.544589630643742 -2.1269136657966037 12.400335807645291 19.059279905540212 32.94787520956938 15.024862437614761 17.537878944094413 6.819945923951589 11.196398490679101 -1.5749128885404238 1.3951198781845762 18.028278726288452 5.864923588782836 9.672969332395258 0.05985636999451316 3.682159855415801 19.560385435715038 -2.7003412778186053 5.432747765662018 0.9803352410522237 -8.493577008559237 -6.3440877130695466 -9.853865689032409 -0.8001466593459661
7.635270541082164 8.879479750483537 -0.0023490627157407573 3.4727217153220913 1.5047979038181047 -3.5255391112410095 -2.1078631463938713 12.419386327048024 19.078330424942926 32.96692572897211 15.043912957017493 17.556929463497145 6.838996443354321 11.215449010081834 -1.5558623691376914 1.4141703975872908 18.047329245691184 5.883974108185568 9.692019851797973 0.07890688939724555 3.701210374818533 19.579435955117752 -2.681290758415873 5.451798285064733 0.9993857604549561 -8.474526489156505 -6.325037193666814 -9.834815169629676 -0.7810961399432337
7.695390781563126 8.89839199955368 0.01656318635440357 3.4916339643922356 1.5237101528882668 -3.506626862170865 -2.088950897323727 12.438298576118168 19.09724267401309 32.98583797804225 15.062825206087638 17.57584171256729 6.857908692424465 11.234361259151978 -1.536950120067547 1.4330826466574529 18.06624149476133 5.902886357255713 9.710932100868117 0.09781913846738988 3.7201226238886775 19.598348204187896 -2.6623785093457286 5.470710534134877 1.0182980095251004 -8.45561424008636 -6.30612494459667 -9.815902920559532 -0.7621838908730894
7.755511022044088 8.91716773566369 0.03533892246441184 3.5104097005022616 1.542485888998275 -3.487851126060839 -2.0701751612137187 12.457074312228176 19.116018410123097 33.00461371415227 15.081600942197646 17.594617448677297 6.8766844285344915 11.253136995261986 -1.5181743839575388 1.4518583827674612 18.085017230871355 5.921662093365739 9.729707836978143 0.11659487457739814 3.738898359998686 19.617123940297923 -2.6436027732357203 5.489486270244903 1.0370737456351087 -8.436838503976334 -6.287349208486644 -9.797127184449524 -0.7434081547630811
7.8156312625250495 8.935809066249547 0.053980253050269766 3.5290510310881196 1.561127219584133 -3.469209795474999 -2.0515338306278608 12.475715642814034 19.134659740708955 33.02325504473813 15.100242272783504 17.613258779263155 6.895325759120332 11.271778325847844 -1.4995330533716809 1.470499713353319 18.103658561457195 5.940303423951597 9.748349167564001 0.13523620516325607 3.7575396905845437 19.63576527088378 -2.6249614426498624 5.508127600830761 1.0557150762209666 -8.418197173390476 -6.268707877900786 -9.778485853863666 -0.7247668241772232
7.875751503006012 8.954318174729181 0.07248936152990382 3.547560139567736 1.579636328063767 -3.450700686995365 -2.0330247221482267 12.494224751293668 19.15316884918859 33.04176415321775 15.118751381263138 17.63176788774279 6.913834867599966 11.290287434327478 -1.4810239448920468 1.4890088218329531 18.12216766993683 5.958812532431213 9.766858276043617 0.15374531364289012 3.776048799064178 19.654274379363397 -2.6064523341702284 5.526636709310377 1.0742241847006007 -8.39968806491086 -6.25019876942117 -9.759976745384032 -0.7062577156975891
7.935871743486974 8.972697340659863 0.09086852746058582 3.5659393054984356 1.598015493994449 -3.432321521064665 -2.0146455562175447 12.51260391722435 19.17154801511927 33.060143319148445 15.13713054719382 17.65014705367347 6.9322140335306655 11.30866660025816 -1.4626447789613648 1.5073879877636351 18.14054683586753 5.977191698361913 9.785237441974317 0.17212447957357213 3.79442796499486 19.672653545294096 -2.5880731682395464 5.545015875241077 1.0926033506312827 -8.38130889898016 -6.23181960349047 -9.74159757945335 -0.6878785497668893
7.995991983967936 8.990948790153865 0.10911997695458808 3.58419075499242 1.6162669434884513 -3.4140700715706807 -1.9963941067235424 12.530855366718352 19.189799464613273 33.07839476864243 15.155381996687822 17.668398503167474 6.95046548302465 11.326918049752162 -1.4443933294673625 1.5256394372576374 18.158798285361513 5.995443147855897 9.803488891468302 0.1903759290675744 3.812679414488862 19.6909049947881 -2.569821718745544 5.563267324735062 1.110854800125285 -8.363057449486176 -6.213568153996485 -9.723346129959348 -0.6696271002729048
8.056112224448897 9.009074701550475 0.12724588835119732 3.602316666389047 1.6343928548850606 -3.3959441601740714 -1.9782681953269332 12.548981278114962 19.207925376009882 33.096520680039056 15.173507908084432 17.686524414564083 6.968591394421259 11.345043961148772 -1.4262674180707533 1.5437653486542466 18.17692419675814 6.013569059252524 9.821614802864929 0.20850184046418363 3.8308053258854713 19.709030906184708 -2.551695807348935 5.581393236131689 1.1289807115218942 -8.344931538089549 -6.195442242599858 -9.705220218562738 -0.6515011888762956
8.11623246492986 9.027077285543559 0.14524847234426375 3.6203192503821136 1.652395438878127 -3.3779415761809872 -1.9602656113338668 12.566983862108028 19.22592796000295 33.11452326403213 15.191510492077516 17.704526998557167 6.986593978414343 11.363046545141838 -1.4082648340776869 1.561767932647313 18.194926780751207 6.031571643245591 9.839617386857995 0.22650442445726782 3.8488079098785555 19.727033490177774 -2.5336932233558507 5.599395820124755 1.1469832955149784 -8.326928954096482 -6.177439658606792 -9.687217634569654 -0.6334986048832114
8.176352705410821 9.0449586865798 0.1631298733805231 3.638200651418373 1.6702768399143864 -3.3600601751447456 -1.9423842102976074 12.584865263144287 19.243809361039197 33.13240466506838 15.209391893113757 17.72240839959341 7.004475379450585 11.380927946178097 -1.3903834330414275 1.5796493336835724 18.212808181787448 6.04945304428185 9.857498787894254 0.2443858254935094 3.866689310914797 19.744914891214034 -2.515811822319609 5.6172772211610145 1.16486469655122 -8.309047553060223 -6.1595582575705325 -9.669336233533413 -0.6156172038469698
8.236472945891784 9.062721017714797 0.18089220451551924 3.655962982553369 1.6880391710493825 -3.3422978440097317 -1.9246218791626113 12.602627594279284 19.261571692174204 33.150166996203374 15.227154224248753 17.740170730728405 7.022237710585599 11.398690277313094 -1.3726211019064314 1.5974116648185686 18.230570512922462 6.067215375416846 9.87526111902925 0.26214815662850555 3.884451642049793 19.76267722234903 -2.498049491184613 5.635039552296011 1.182627027686216 -8.291285221925227 -6.141795926435536 -9.651573902398416 -0.5978548727119737
8.296593186372744 9.080366375469211 0.1985375622699337 3.6736083403077835 1.705684528803797 -3.3246524862553173 -1.9069765214081968 12.620272952033698 19.27921704992862 33.16781235395779 15.244799582003168 17.75781608848282 7.039883068340013 11.416335635067508 -1.354975744152017 1.615057022572983 18.248215870676876 6.0848607331712605 9.892906476783665 0.27979351438293776 3.9020969998042077 19.780322580103444 -2.4804041334301807 5.652684910050425 1.2002723854406305 -8.273639864170812 -6.124150568681122 -9.633928544643984 -0.5802095149575415
8.356713426853707 9.097896823659024 0.21606801045974677 3.6911387884975966 1.72321497699361 -3.307122038065522 -1.8894460732183838 12.637803400223511 19.29674749811842 33.1853428021476 15.262330030192981 17.775346536672632 7.057413516529809 11.433866083257321 -1.3374452959622039 1.632587470762796 18.26574631886667 6.102391181361074 9.910436924973478 0.2973239625727331 3.9196274479940207 19.797853028293257 -2.4628736852403854 5.670215358240238 1.2178028336304436 -8.256109415981 -6.106620120491309 -9.616398096454189 -0.5626790667677461
8.41683366733467 9.115314399633956 0.23348558643467854 3.7085563644725106 1.7406325529685418 -3.28970446209059 -1.872028497243452 12.655220976198443 19.314165074093353 33.20276037812253 15.279747606167913 17.792764112647564 7.07483109250474 11.451283659232253 -1.320027719987272 1.6500050467377279 18.283163894841604 6.119808757335988 9.92785450094841 0.31474153854766485 3.9370450239689525 19.81527060426819 -2.4454561092654536 5.68763293421517 1.2352204096053754 -8.238691840006085 -6.089202544516395 -9.598980520479257 -0.5452614907928144
8.47695390781563 9.13262111507759 0.25079230187831314 3.725863079916163 1.7579392684121764 -3.272397746646938 -1.8547217817998174 12.672527691642077 19.331471789536998 33.22006709356617 15.297054321611547 17.8100708280912 7.092137807948393 11.468590374675887 -1.3027210045436375 1.6673117621813625 18.300470610285256 6.13711547277964 9.945161216392044 0.33204825399129945 3.954351739412587 19.832577319711824 -2.428149393821819 5.7049396496588045 1.25252712504901 -8.221385124562433 -6.0718958290727425 -9.581673805035622 -0.527954775349162
8.537074148296593 9.1498189464129 0.26799013321362253 3.7430609112514546 1.7751370997474858 -3.255199915311646 -1.837523950464508 12.689725522977387 19.3486696208723 33.237264924901474 15.314252152946857 17.827268659426508 7.109335639283684 11.485788206011197 -1.285523173208328 1.6845095935166718 18.317668441620548 6.154313304114932 9.962359047727336 0.34924608532660883 3.9715495707478965 19.849775151047133 -2.4109515624865097 5.722137480994096 1.2697249563843194 -8.204187293227141 -6.054697997737451 -9.564475973700313 -0.5107569440138704
8.597194388777554 9.166909860265982 0.28508104706670423 3.7601518251045363 1.7922280136005497 -3.2381090014585645 -1.8204330366114263 12.706816436830469 19.365760534725382 33.254355838754556 15.331343066799938 17.84435957327959 7.126426553136766 11.50287911986426 -1.2684322593552464 1.7016005073697358 18.33475935547363 6.171404217968013 9.979449961580418 0.36633699917969054 3.988640484600978 19.866866064900197 -2.393860648633428 5.739228394847178 1.286815870237401 -8.18709637937406 -6.037607083884369 -9.547385059847231 -0.4936660301607887
8.657314629258517 9.183895789319259 0.30206697611998123 3.7771377541578133 1.8092139426538267 -3.2211230724052875 -1.8034471075581493 12.723802365883746 19.38274646377866 33.27134176780783 15.348328995853215 17.861345502332867 7.143412482190043 11.519865048917556 -1.2514463303019694 1.7185864364230306 18.351745284526906 6.18839014702129 9.996435890633695 0.38332292823296754 4.005626413654255 19.883851993953474 -2.376874719580151 5.756214323900455 1.303801799290678 -8.170110450320783 -6.020621154831092 -9.530399130793954 -0.4766801011075117
