web/models/mosfit_kne/mosfit_kn_1.0000/mosfit_kn_0.144270_0.4217_1.0000.dat
# %ECSV 1.0
# ---
# datatype:
# - {name: time, datatype: float64}
# - {name: PS1_g, datatype: float64}
# - {name: PS1_i, datatype: float64}
# - {name: PS1_r, datatype: float64}
# - {name: PS1_w, datatype: float64}
# - {name: PS1_y, datatype: float64}
# - {name: PS1_z, datatype: float64}
# - {name: swift_uvot_B, datatype: float64}
# - {name: swift_uvot_U, datatype: float64}
# - {name: swift_uvot_uvm2, datatype: float64}
# - {name: swift_uvot_uvw1, datatype: float64}
# - {name: swift_uvot_uvw2, datatype: float64}
# - {name: swift_uvot_V, datatype: float64}
# - {name: johnson_B, datatype: float64}
# - {name: johnson_I, datatype: float64}
# - {name: johnson_R, datatype: float64}
# - {name: johnson_U, datatype: float64}
# - {name: johnson_V, datatype: float64}
# - {name: sdss_g, datatype: float64}
# - {name: sdss_i, datatype: float64}
# - {name: sdss_r, datatype: float64}
# - {name: sdss_u, datatype: float64}
# - {name: sdss_z, datatype: float64}
# - {name: ATLAS_c, datatype: float64}
# - {name: ATLAS_o, datatype: float64}
# - {name: ukirt_H, datatype: float64}
# - {name: ukirt_J, datatype: float64}
# - {name: ukirt_K, datatype: float64}
# - {name: Clear, datatype: float64}
# meta: !!omap
# - comment: [kappa = 1.0, type = rprocess, mass = 0.1442699905917794, velocity = 0.4216666666666667, theta_obs = 0.0, tfloor = 1000.0]
# schema: astropy-2.0
time PS1_g PS1_i PS1_r PS1_w PS1_y PS1_z swift_uvot_B swift_uvot_U swift_uvot_uvm2 swift_uvot_uvw1 swift_uvot_uvw2 swift_uvot_V johnson_B johnson_I johnson_R johnson_U johnson_V sdss_g sdss_i sdss_r sdss_u sdss_z ATLAS_c ATLAS_o ukirt_H ukirt_J ukirt_K Clear
[from data line 483]
29.09819639278557 -8.054770991812408 -13.705831060799643 -11.515099318364879 -12.377104639325403 -15.821552926478581 -14.994906041251355 -5.810143764114129 -1.971621144942883 8.345760186619714 -2.3108160373853788 -0.34151516513100644 -9.51129641410531 -6.341488222696604 -14.794529451731712 -12.625855495142108 -2.54155016479902 -9.917858567257428 -7.532750699710746 -13.655958583086125 -11.413922573036004 -1.3576956663686346 -15.278803445842062 -10.03951995367414 -12.879249162957063 -18.508573236697018 -17.386108046986273 -19.128703080236452 -13.600884847842156
29.158316633266534 -8.07718074087429 -13.72245869410575 -11.53404937713793 -12.394213592039094 -15.835659667736408 -15.010053052423498 -5.834850846756999 -2.001266400984001 8.308782903902717 -2.3345772085297507 -0.36581743295956626 -9.532596250981832 -6.3652138938699245 -14.810354717079914 -12.643383851047211 -2.57043848971658 -9.938404945515574 -7.555687063952128 -13.672648226490214 -11.433069158718165 -1.3871505765069259 -15.293512020639497 -10.05944638182747 -12.896346793681559 -18.51871179488304 -17.398058484213568 -19.13755276466604 -13.616231770680933
29.218436873747493 -8.09963193799005 -13.739111142630822 -11.553031008214063 -12.411349574983053 -15.849784019553326 -15.025220579831178 -5.859605829040443 -2.0309732910181033 8.271718110291456 -2.3583866822672657 -0.3901675508747924 -9.553933989069876 -6.388985555600367 -14.826202616917243 -12.660940754829461 -2.599386467430229 -9.958987878489934 -7.578666398568075 -13.689362878509606 -11.452247736097423 -1.416666528717112 -15.308240127653079 -10.079407634488486 -12.91347130796428 -18.52885699220019 -17.410020598702136 -19.146405592073684 -13.63160124966198
29.278557114228455 -8.122124076334352 -13.755788072142838 -11.572043808565144 -12.428512248446566 -15.863925723749528 -15.040408333329669 -5.884408133616744 -2.060741085909008 8.234566705950709 -2.3822439425249615 -0.4145649673754579 -9.575309150857471 -6.412802668198999 -14.842072842184077 -12.678525855266944 -2.6283933926697434 -9.979606918075826 -7.601688180979469 -13.706102203152035 -11.471457894849237 -1.4462427985359838 -15.32298749213524 -10.099403284558655 -12.930622364541353 -18.53900869382295 -17.421994199458783 -19.15526146849446 -13.646993003384686
29.338677354709418 -8.144656705627593 -13.772489186655434 -11.59108742074979 -12.445701312452648 -15.87808455241614 -15.055616056341705 -5.909257246956293 -2.090569136001932 8.197329488665176 -2.4061485339182194 -0.43900919350047785 -9.596721311881044 -6.436664752620448 -14.857965119518692 -12.696138842138282 -2.6574586372261 -10.000261666760702 -7.6247519468172165 -13.722865902865191 -11.490699270867104 -1.4758787403710016 -15.337753871493884 -10.119432953603695 -12.947799661836505 -18.549166782621903 -17.433979118923872 -19.16412031357344 -13.662406784567107
29.39879759519038 -8.167229357333401 -13.789214177752598 -11.610161472546974 -12.462916454071049 -15.892260267758793 -15.070843481360487 -5.934152634959783 -2.1204567661318485 8.160007289445371 -2.430099981298017 -0.46349972012630003 -9.618170030555586 -6.460571310166564 -14.873879163929484 -12.713779391784456 -2.686581548117577 -10.020951710595403 -7.647857212922489 -13.73965366760265 -11.509971485076562 -1.505573683303112 -15.352539012623847 -10.139496247411373 -12.965002885321883 -18.55933113556359 -17.445975181811413 -19.172982042342866 -13.677842334709318
29.458917835671343 -8.189841639292226 -13.805962788694863 -11.629265653325458 -12.48015741408496 -15.906452672895526 -15.086090386237796 -5.959093849717131 -2.1504034084431645 8.122600800887568 -2.454097891588631 -0.4880361226149641 -9.639654936940236 -6.484521924085168 -14.889814738668 -12.731447235997024 -2.7157615764178655 -10.041676704000702 -7.67100357476064 -13.756465239257825 -11.529274220838968 -1.5353270629005955 -15.367342705886724 -10.15959283752606 -12.982231774122148 -18.56950165356819 -17.4579822445288 -19.18184658827991 -13.693299441470952
29.519038076152302 -8.212493052398191 -13.822734690235698 -11.648399566102956 -12.497423857845895 -15.920661513454615 -15.10135648514602 -5.984080322694424 -2.180408345090825 8.08511090968716 -2.478141756505092 -0.5126178580902727 -9.661175560783708 -6.508516062752733 -14.90577153924604 -12.749142028569384 -2.744998027689871 -10.062436205481509 -7.694190517711572 -13.773300286845362 -11.548607074007204 -1.5651381658690156 -15.382164680544488 -10.179722303300931 -12.999485991990696 -18.57967820367349 -17.47000011881685 -19.190713858643488 -13.708777827520908
29.579158316633265 -8.235183124726948 -13.839529571483595 -11.667562835788114 -12.51471546975866 -15.934886549574916 -15.116641508360225 -6.009111516048168 -2.2104708964931774 8.047538453401707 -2.5022310968691914 -0.5372444137517216 -9.682731457338011 -6.532553223668248 -14.921749278297096 -12.766863442927818 -2.774290244580009 -10.08322979782365 -7.717417555138297 -13.790158497827694 -11.56796966263462 -1.5950063168788553 -15.397004681267976 -10.199884247457103 -13.016765221706681 -18.589860661353722 -17.48202862762204 -19.199583767154152 -13.724277231852504
29.639278557114228 -8.257911431287344 -13.856347153279334 -11.686755125119408 -12.532031967202677 -15.949127566504622 -15.131945214002371 -6.034186944906913 -2.240590449050206 8.00988418457267 -2.526365483899777 -0.5619153287287157 -9.704322225880812 -6.556632954667915 -14.937747698071224 -12.784611186520369 -2.8036376337049984 -10.104057105799027 -7.7406842487193295 -13.807039591560901 -11.587361643128098 -1.6249309060730788 -15.411862479402352 -10.220078313106189 -13.034069178982186 -18.600048916750996 -17.494067613322528 -19.208456238808203 -13.739797421772213
29.69939879759519 -8.28067753541271 -13.873187148495951 -11.705976087368768 -12.549373059242193 -15.963384343144131 -15.147267353183942 -6.0593061112529965 -2.270766372885209 7.972148877052374 -2.5505444761287417 -0.5866301292652873 -9.7259474547431 -6.5807547909989985 -14.953766533356358 -12.802384958149837 -2.8330395858653046 -10.124917743641982 -7.7639901481176565 -13.823943279391582 -11.60678266231189 -1.6549113074322719 -15.42673783953827 -10.240304133252511 -13.051397571211574 -18.610242856186417 -17.50611691331743 -19.217331195599417 -13.755338157360768
29.75951903807615 -8.303481031677844 -13.890049291108415 -11.725225400974857 -12.566738476866526 -15.977656675079697 -15.162607695529005 -6.084468552337753 -2.3009980820761022 7.934333248112357 -2.5747676656183667 -0.611388376190479 -9.74760676156044 -6.604918301404229 -14.969805538629341 -12.820184479224991 -2.8624955344680036 -10.145811353513617 -7.787334835159037 -13.840869293875375 -11.62623239252829 -1.684946938549139 -15.441630543990925 -10.26056136777413 -13.06875012768204 -18.620442375700105 -17.51817637790218 -19.226208566977117 -13.770899217506383
29.819639278557112 -8.326321433556796 -13.906933260103678 -11.744502678887212 -12.584127893828025 -15.991944314295452 -15.17796596236968 -6.109673713946143 -2.3312848769898586 7.896438162391967 -2.5990345569524282 -0.6361895406479721 -9.769299687912973 -6.629122967480331 -14.985864416988203 -12.838009411949411 -2.892004802594219 -10.166737504812849 -7.810717808187704 -13.85781731229729 -11.645710439759256 -1.7150371041593893 -15.456540328726582 -10.2808496066163 -13.086126520490247 -18.63064734561348 -17.530245823482478 -19.23508826247541 -13.78648033175141
29.879759519038075 -8.349198317174231 -13.92383877684722 -11.763807584569506 -12.60154102793475 -16.006247046320894 -15.193341912232086 -6.13492111256524 -2.3616261460287724 7.858464370961362 -2.6233447220610446 -0.6610331631053188 -9.791025834145117 -6.653368338044551 -15.001942911091952 -12.855859464002492 -2.9215667986885774 -10.187695823015444 -7.834138630042755 -13.874787054536863 -11.665216461194774 -1.7451811963575992 -15.471466965352736 -10.301168493661983 -13.103526465735023 -18.640857655878303 -17.5423250924446 -19.243970206739235 -13.802081267496202
29.939879759519037 -8.372111241747202 -13.94076555119737 -11.783139767798918 -12.618977584991082 -16.0205646475357 -15.208735293526097 -6.160210245632839 -2.3920212539744057 7.820412655743014 -2.6476977145318688 -0.6859187653510399 -9.812784784751074 -6.677653943700793 -15.018040752831833 -12.873734330604709 -2.951180908255424 -10.208685918369314 -7.857596846161563 -13.891778228906517 -11.684750100166106 -1.7753785837882852 -15.486410215742605 -10.321517658176571 -13.120949667513404 -18.651073190980508 -17.55441402002237 -19.252854320141438 -13.817701781737135
30.0 -8.395059817667327 -13.957713327615426 -11.802498919605409 -12.636437306779218 -16.034896921703012 -15.224145885027287 -6.185540668341512 -2.422469637532849 7.782283705862995 -2.6720931429789725 -0.7108459258180697 -9.834576172221318 -6.701979369960437 -15.034157706398965 -12.891633744108148 -2.980846586537471 -10.229707446919088 -7.881092054663412 -13.908790578498014 -11.704311041824464 -1.805628706465523 -15.50136987086491 -10.341896773479924 -13.138395865853134 -18.661293851417057 -17.566512462650135 -19.261740535372663 -13.833341662382441
