web/models/mosfit_kne/mosfit_kn_1.0000/mosfit_kn_0.330399_0.3120_1.0000.dat
# %ECSV 1.0
# ---
# datatype:
# - {name: time, datatype: float64}
# - {name: PS1_g, datatype: float64}
# - {name: PS1_i, datatype: float64}
# - {name: PS1_r, datatype: float64}
# - {name: PS1_w, datatype: float64}
# - {name: PS1_y, datatype: float64}
# - {name: PS1_z, datatype: float64}
# - {name: swift_uvot_B, datatype: float64}
# - {name: swift_uvot_U, datatype: float64}
# - {name: swift_uvot_uvm2, datatype: float64}
# - {name: swift_uvot_uvw1, datatype: float64}
# - {name: swift_uvot_uvw2, datatype: float64}
# - {name: swift_uvot_V, datatype: float64}
# - {name: johnson_B, datatype: float64}
# - {name: johnson_I, datatype: float64}
# - {name: johnson_R, datatype: float64}
# - {name: johnson_U, datatype: float64}
# - {name: johnson_V, datatype: float64}
# - {name: sdss_g, datatype: float64}
# - {name: sdss_i, datatype: float64}
# - {name: sdss_r, datatype: float64}
# - {name: sdss_u, datatype: float64}
# - {name: sdss_z, datatype: float64}
# - {name: ATLAS_c, datatype: float64}
# - {name: ATLAS_o, datatype: float64}
# - {name: ukirt_H, datatype: float64}
# - {name: ukirt_J, datatype: float64}
# - {name: ukirt_K, datatype: float64}
# - {name: Clear, datatype: float64}
# meta: !!omap
# - comment: [kappa = 1.0, type = rprocess, mass = 0.33039895931513485, velocity = 0.312, theta_obs = 0.0, tfloor = 1000.0]
# schema: astropy-2.0
time PS1_g PS1_i PS1_r PS1_w PS1_y PS1_z swift_uvot_B swift_uvot_U swift_uvot_uvm2 swift_uvot_uvw1 swift_uvot_uvw2 swift_uvot_V johnson_B johnson_I johnson_R johnson_U johnson_V sdss_g sdss_i sdss_r sdss_u sdss_z ATLAS_c ATLAS_o ukirt_H ukirt_J ukirt_K Clear
[from data line 226]
13.647294589178356 -26.548188163280102 -25.72350613599239 -26.09058316070195 -26.235476138683325 -25.228905083735107 -25.43695305048276 -26.603641040183714 -28.11463140991174 -29.396974141751343 -29.060934708349624 -29.52694152343462 -26.322176248370834 -26.608627575803773 -26.036419714169387 -26.221654747261127 -27.794528748395468 -26.324941212702587 -26.603267158900117 -25.742300573854564 -26.09243306477021 -27.051441241434855 -25.389295866901254 -26.409653714714132 -25.9656688246141 -24.13728510671637 -24.738859067483805 -23.57949975796412 -26.143881450568216
13.707414829659317 -26.57914673258345 -25.75213864507763 -26.120088428860875 -26.265606455986603 -25.25669902237226 -25.465068612124586 -26.63525624187659 -28.14817039588476 -29.436163180198797 -29.098855979910212 -29.568223570424784 -26.352315032585977 -26.640216438403147 -26.06482154776937 -26.250973311843666 -27.82767575126548 -26.355055347055846 -26.634421703976194 -25.770954951280842 -26.12193301295914 -27.084664571277024 -25.41733619450989 -26.44017687738998 -25.994865644565195 -24.16390481751852 -24.766029956641926 -23.605733048489107 -26.173927779778854
13.76753507014028 -26.60998969408027 -25.78069131161964 -26.149500609057394 -26.295634712025198 -25.28442559783871 -25.493112053045586 -26.666745309999175 -28.181552178971767 -29.475101177112485 -29.136550845084095 -29.609220348951236 -26.382350882807454 -26.671679639410048 -26.09314700802302 -26.280201690801476 -27.860671905074625 -26.385066973826273 -26.66545754126126 -25.79952915635012 -26.151339935281257 -27.11773575362063 -25.445305528859627 -26.470591436648867 -26.023974181270564 -24.190474158315705 -24.793142582662817 -23.631921416055977 -26.203873643378497
13.827655310621243 -26.64071933969831 -25.809165793448248 -26.178821591120567 -26.325562936087934 -25.312086254181025 -25.52108489821995 -26.698110732620172 -28.214779823377167 -29.5137929310822 -29.1740235414135 -29.64993723291418 -26.412285866603746 -26.7030196565527 -26.121397692492867 -26.30934172128293 -27.893520156772464 -26.41497815158848 -26.69637701934242 -25.828024852639917 -26.180655721052126 -27.150657761429642 -25.473205375352848 -26.50089955224452 -26.052996237014767 -24.216994292300754 -24.820198237278177 -23.658065937147153 -26.23372103321417
13.887775551102203 -26.67133564333925 -25.8375616817834 -26.2080511040109 -26.355390930082248 -25.33968045923391 -25.54898666175907 -26.729352608415013 -28.247853795263573 -29.5522400325309 -29.21127524056457 -29.69037616628601 -26.442119822032303 -26.734236581115724 -26.149573157033014 -26.338393099821335 -27.926220897711442 -26.444788712146302 -26.727180147537464 -25.85644163475658 -26.209880099262968 -27.183431003688607 -25.501035236653156 -26.53110111334607 -26.081931486693026 -24.243464532645223 -24.847196303040313 -23.684165879621354 -26.26346972331044
13.947895791583166 -26.70183962848041 -25.865879507794904 -26.23718985787784 -26.385119507684056 -25.367208580948635 -25.576817773193277 -26.760472116120557 -28.280775730541983 -29.59044550704514 -29.24830849567762 -29.7305406306751 -26.47185359801644 -26.7653315833147 -26.177673886530137 -26.367356495415663 -27.95877567065783 -26.474499497089262 -26.757867993900586 -25.88478003829053 -26.239013779809977 -27.216057044242064 -25.528795527284203 -26.56119703860078 -26.110780571997818 -24.269885036391564 -24.874137032862116 -23.710221336546088 -26.293120496019515
14.008016032064127 -26.73223392316933 -25.894121247985638 -26.26624006812273 -26.4147510319226 -25.394672374739642 -25.604580071746366 -26.791472083386793 -28.313549044201345 -29.6284145423933 -29.28512794310132 -29.770436415901965 -26.501489591888465 -26.796307480606586 -26.205701795337603 -26.396234069619304 -27.991187770887162 -26.504112894824235 -26.78844324436591 -25.913042045668195 -26.268058977437843 -27.24853920447618 -25.55648806628815 -26.591189821942418 -26.139545618919158 -24.29625726637491 -24.901022023901866 -23.736233679702693 -26.322675677907093
14.06813627254509 -26.762520460966712 -25.92228826593681 -26.295203306737456 -26.444287201569985 -25.42207301217699 -25.63227480167111 -26.82235461988996 -28.34617636474217 -29.666151340093364 -29.321737283433897 -29.810068255287558 -26.531029535184036 -26.827166373504546 -26.23365819292576 -26.425027347193996 -28.023459721096746 -26.53363062890374 -26.818907883431056 -25.94122902563159 -26.297017263636562 -27.280880030373034 -25.584114080358873 -26.621081278498178 -26.16822812098949 -24.32258214182841 -24.92785231091455 -23.762203750361014 -26.35213693472215
14.128256513026052 -26.792699489111804 -25.950380414465375 -26.32407956911427 -26.473728092373996 -25.44941021722334 -25.659901735401807 -26.853120099170386 -28.37865843897033 -29.70365779502487 -29.358138009905907 -29.8494384214839 -26.560473534905544 -26.85790862844659 -26.2615428953965 -26.453736290447402 -28.055592191889282 -26.56305280026158 -26.849262194444545 -25.969340834508863 -26.325888633676104 -27.31308020997048 -25.61167333004798 -26.650871570196593 -26.196828018524965 -24.34885922257052 -24.954627527891322 -23.788131059316107 -26.381504315871354
14.188376753507013 -26.822771852663116 -25.978398085812735 -26.352869412102145 -26.503074358255354 -25.476684231877478 -25.68746117163787 -26.88376950861396 -28.41099667473239 -29.740936602779 -29.394332390624083 -29.888550043029646 -26.589822275250896 -26.888535225157252 -26.28935625243224 -26.482361418523432 -28.08758650524941 -26.59238008648298 -26.879507063415407 -25.99737786860583 -26.354673644119035 -27.345141084457598 -25.639166100266664 -26.68056144625604 -26.225345805683098 -24.375088556033223 -24.98134781080468 -23.81401559481343 -26.410778447301215
14.248496993987976 -26.852740340042907 -26.00634343081266 -26.38157522070621 -26.53232853232458 -25.503896989515784 -25.71495512627971 -26.914305830407088 -28.443194625422024 -29.777993046307397 -29.43032518947316 -29.927409002967313 -26.619078318673097 -26.91904913620967 -26.317100353879994 -26.510905063974086 -28.119446097972062 -26.621615041551575 -26.909645335150554 -26.02534228456621 -26.38337467921989 -27.377066115674324 -25.666594387114454 -26.710153565257055 -26.253783780435782 -24.401271786132558 -25.008014936792975 -23.83985891011333 -26.439961828123906
14.308617234468937 -26.88260663684879 -26.03421761541112 -26.410198350861442 -26.561492087693246 -25.53104948094056 -25.742384656441093 -26.94473091031008 -28.475254609827285 -29.81483088714411 -29.466119717376333 -29.966019559607368 -26.648243166311715 -26.949452199161502 -26.34477631636558 -26.539368539799366 -28.15117319220856 -26.65075915944278 -26.93967874164578 -26.053235253039464 -26.41199309441019 -27.40885754684511 -25.69395923171049 -26.739649505316763 -26.282143227423145 -24.427409673151953 -25.03462977175344 -23.8656616941393 -26.469055902062966
14.3687374749499 -26.912370430821202 -26.06202000344002 -26.438738282904932 -26.5905645696456 -25.55814096546058 -25.76974906065514 -26.97504454092587 -28.507176731970798 -29.851451200578015 -29.50171670672363 -30.004383112976786 -26.677316390339165 -26.979744200663415 -26.372383473831402 -26.567751299145172 -28.182767828216193 -26.679812007265223 -26.96960700055172 -26.08105614071894 -26.440528369960923 -27.440515432852433 -25.721259922934312 -26.76904888342948 -26.310423581704967 -24.453501344758287 -25.061191502561133 -23.89142303572617 -26.498060192246555
14.428857715430862 -26.942032938194167 -26.089751342681282 -26.4671959355654 -26.619547001890425 -25.58517203369698 -25.797048988994273 -27.005248083524826 -28.53896278226763 -29.88785709312291 -29.537118850326323 -30.042503225013423 -26.70629904049295 -27.009926494517845 -26.399922529743975 -26.596054222017955 -28.214231708641428 -26.708774628248367 -26.99943137007395 -26.108805699614397 -26.468981424168128 -27.472041495517505 -25.74849709649749 -26.79835281853327 -26.338625697702458 -24.47954718554914 -25.08770060805725 -23.917143255951864 -26.52697569556704
14.488977955911823 -26.971596975631567 -26.117413839262014 -26.495573739487455 -26.648441959559825 -25.612144682745974 -25.824286517946646 -27.03534453917411 -28.57061630618377 -29.92405376288238 -29.572330864426934 -30.0803856767325 -26.73519371690776 -27.040002072850896 -26.427395631709835 -26.624279689011622 -28.245568267694374 -26.737649614610724 -27.029154720678168 -26.13648614142594 -26.497354686878634 -27.50343919266255 -25.775672809890384 -26.8275640039813 -26.36675192305905 -24.50554891316013 -25.11415893473508 -23.942823984517037 -26.55580495583422
14.549098196392785 -27.001063919643613 -26.14500840260531 -26.523872774793933 -26.677250629154532 -25.63905966466855 -25.851462459153165 -27.0653354281641 -28.602139249672938 -29.96004446173567 -29.607355599215488 -30.118034176738945 -26.764001630057763 -27.069972448678236 -26.454803644855886 -26.652428741745286 -28.27677936422469 -26.766438170461853 -27.05877847057465 -26.164098379800986 -26.5256492377328 -27.534710401994804 -25.802787860397647 -26.85668371996787 -26.394803273981395 -24.53150707242974 -25.14056712240592 -23.968465702057827 -26.584549133605098
14.609218436873746 -27.030434092388713 -26.172534988278837 -26.552093130049865 -26.705973179032423 -25.665916813857486 -25.878576692712016 -27.09522118794193 -28.633532392643843 -29.995831033111088 -29.642194553119445 -30.155450937563874 -26.792722971422062 -27.099838053350304 -26.48214649041873 -26.68050143837845 -28.307865707949997 -26.79514048201131 -27.08830297513993 -26.191642373586728 -26.55386516503098 -27.5658558487466 -25.82984211701346 -26.885712211283703 -26.422779788505046 -24.55742134109435 -25.166924920065465 -23.994068038710786 -26.61320837511349
14.669338677354709 -27.05970820086069 -26.19999390373369 -26.580235258200045 -26.734610151613243 -25.69271630436747 -25.905629443095926 -27.125002649671767 -28.66479693480425 -30.031415816594688 -29.676849708196418 -30.192638698431992 -26.82135830570009 -27.12959971164514 -26.509424438192443 -26.70849819885578 -28.338828423055908 -26.82375710840034 -27.117728977285704 -26.219118433828257 -26.582002921353105 -27.596876673568875 -25.856835792020565 -26.91465010173138 -26.450681864772818 -24.583291718993912 -25.193232407135202 -24.01963094079887 -26.641783199852096
14.729458917835672 -27.088888342738162 -26.227386728420754 -26.608300928976192 -26.763163439201207 -25.71945953883663 -25.932622180057496 -27.154682068002522 -28.69593559529031 -30.066802950548798 -29.71132478934413 -30.229602103068224 -26.84990954650572 -27.15925967060555 -26.53663901808762 -26.73642075044936 -28.369670133614175 -26.85228995651572 -27.147058620472375 -26.24652814469556 -26.610064275757832 -27.627775520681954 -25.88377033910165 -26.943499384122376 -26.478511202106407 -24.609119372988776 -25.219490859090055 -24.045155501170342 -26.67027547348159
14.789579158316633 -27.11797643532865 -26.25471488621324 -26.636291747333622 -26.791634763336507 -25.746147772993204 -25.959556223135092 -27.184261509875746 -28.72695088410147 -30.1019963011985 -29.74562326723513 -30.26634550162632 -26.87837843581467 -27.188819989915704 -26.56379160685032 -26.764270657686364 -28.400393258910707 -26.8807407619181 -27.176293865639423 -26.27387293455156 -26.638050832563938 -27.658554828601485 -25.91064706251135 -26.972261875816592 -26.506269338418775 -24.634905334811986 -25.24570141081119 -24.070642681312467 -26.698686892108974
14.849699398797595 -27.14697252593135 -26.281978098824155 -26.664207552982155 -26.820024035179255 -25.77278062114365 -25.98643122713547 -27.213741125007324 -28.75784325606583 -30.136997277870016 -29.779746245607672 -30.302870640159675 -26.9067649046504 -27.218280813927848 -26.590881895760738 -26.792047733329138 -28.43099819111692 -26.909109450991227 -27.205434789618508 -26.3011525280168 -26.665962431230348 -27.689215003259875 -25.937465607222094 -27.000937555508866 -26.533956068649278 -24.66064908003943 -25.27186360096593 -24.09609191467403 -26.727017347498396
14.909819639278556 -27.175877126721133 -26.309176513880903 -26.69204862630849 -26.84833161781416 -25.79935810910106 -26.013247263924075 -27.243121538563308 -28.78861367242454 -30.171807886370953 -29.813695408855647 -30.339179896370275 -26.93506933519795 -27.247642762082588 -26.617909998086173 -26.81975222773482 -28.461485822502432 -26.9373964009247 -27.234481937320112 -26.32836707599763 -26.693799351780214 -27.719756951836736 -25.964226033982136 -27.02952685981261 -26.561571623335425 -24.686350475124247 -25.29797736886337 -24.12150301865157 -26.755267182297473
14.969939879759519 -27.204689182732142 -26.336308844486123 -26.719813763306934 -26.876556354241927 -25.825878876196278 -26.04000300044321 -27.272401771306615 -28.81926138122445 -30.206428103143764 -29.847470482662164 -30.375273502983568 -26.963290589142936 -27.27690485090973 -26.64487460577024 -26.847382917519244 -28.491855354260817 -26.965600469808862 -27.263434275384295 -26.355515293624716 -26.72156039015011 -27.750179886126052 -25.990927002926618 -27.05802868293988 -26.58911476621901 -24.712008067533745 -25.32404130310855 -24.14687451393046 -26.783435223823613
15.03006012024048 -27.233418075951494 -26.36338337975909 -26.74751166048095 -26.904707224274702 -25.8523508239505 -26.06670648642737 -27.301591520493204 -28.849797006591356 -30.240871311669725 -29.88108417188828 -30.41116585451555 -26.991437662340864 -27.306076764208015 -26.67178390074102 -26.8749484109384 -28.522117221354126 -26.99373064114997 -27.292301279224418 -26.38260548019362 -26.749254240662648 -27.78049427893423 -26.017576528887787 -27.08645219737365 -26.616594047849418 -24.737629223530742 -25.35006301991105 -24.17221359289115 -26.811530407494146
15.090180360721442 -27.262059579113664 -26.390395942186107 -26.775138117341957 -26.932779998676164 -25.878769803003472 -26.09335356101189 -27.330686555343117 -28.88021631349865 -30.275133330886387 -29.914532195761954 -30.44685277895699 -27.01950634329067 -27.335154270141707 -26.698633712340644 -26.90244451074727 -28.55226718899661 -27.02178270283047 -27.32107871951804 -26.409633457563544 -26.776876703418928 -27.81069589689782 -26.044170453338147 -27.114793177625778 -26.6440052728602 -24.763209844971406 -25.376038395047242 -24.197516177792476 -26.83954849851739
15.150300601202405 -27.290614111243023 -26.417346611261134 -26.8026933371436 -26.960774958968834 -25.905135779065454 -26.119944232951458 -27.359687399613268 -28.91052013766629 -30.309215968924303 -29.947816070201867 -30.482336435528964 -27.047496929858934 -27.3641378872577 -26.72542408801376 -26.929871392315007 -28.582306028814443 -27.04975694815438 -27.349767045697213 -26.436599308286066 -26.804427981297323 -27.840785525362204 -26.070708774664872 -27.143051972809182 -26.671348598238378 -24.788749748184223 -25.401967313245404 -24.222782038795657 -26.867489759956378
15.210420841683366 -27.319084019401796 -26.444237244349118 -26.83017935772188 -26.988694262996997 -25.93145044070294 -26.14648025501813 -27.388596546571364 -28.940711405371093 -30.343123474731385 -29.98093968118596 -30.51762155538793 -27.075411595164855 -27.393030102058646 -26.75215683802006 -26.95723105360961 -28.612236578371803 -27.077655544190048 -27.378368647699425 -26.463504894209073 -26.831910111372324 -27.870766020270246 -26.097193230353994 -27.1712308326323 -26.698625995777228 -24.814250394293392 -25.427851340848786 -24.24801256485956 -26.895356326434996
