web/models/mosfit_kne/mosfit_kn_1.0000/mosfit_kn_0.144270_0.3590_1.0000.dat
# %ECSV 1.0
# ---
# datatype:
# - {name: time, datatype: float64}
# - {name: PS1_g, datatype: float64}
# - {name: PS1_i, datatype: float64}
# - {name: PS1_r, datatype: float64}
# - {name: PS1_w, datatype: float64}
# - {name: PS1_y, datatype: float64}
# - {name: PS1_z, datatype: float64}
# - {name: swift_uvot_B, datatype: float64}
# - {name: swift_uvot_U, datatype: float64}
# - {name: swift_uvot_uvm2, datatype: float64}
# - {name: swift_uvot_uvw1, datatype: float64}
# - {name: swift_uvot_uvw2, datatype: float64}
# - {name: swift_uvot_V, datatype: float64}
# - {name: johnson_B, datatype: float64}
# - {name: johnson_I, datatype: float64}
# - {name: johnson_R, datatype: float64}
# - {name: johnson_U, datatype: float64}
# - {name: johnson_V, datatype: float64}
# - {name: sdss_g, datatype: float64}
# - {name: sdss_i, datatype: float64}
# - {name: sdss_r, datatype: float64}
# - {name: sdss_u, datatype: float64}
# - {name: sdss_z, datatype: float64}
# - {name: ATLAS_c, datatype: float64}
# - {name: ATLAS_o, datatype: float64}
# - {name: ukirt_H, datatype: float64}
# - {name: ukirt_J, datatype: float64}
# - {name: ukirt_K, datatype: float64}
# - {name: Clear, datatype: float64}
# meta: !!omap
# - comment: [kappa = 1.0, type = rprocess, mass = 0.1442699905917794, velocity = 0.359, theta_obs = 0.0, tfloor = 1000.0]
# schema: astropy-2.0
time PS1_g PS1_i PS1_r PS1_w PS1_y PS1_z swift_uvot_B swift_uvot_U swift_uvot_uvm2 swift_uvot_uvw1 swift_uvot_uvw2 swift_uvot_V johnson_B johnson_I johnson_R johnson_U johnson_V sdss_g sdss_i sdss_r sdss_u sdss_z ATLAS_c ATLAS_o ukirt_H ukirt_J ukirt_K Clear
[from data line 171]
10.34068136272545 2.51834833220677 -5.685606221042239 -2.477802476650499 -4.204893702572612 -8.914462246349437 -7.622036115625548 5.785805174574773 11.844480577721033 25.044133248031827 8.635984679573898 11.004430695693546 0.5964694776624909 4.741116185777937 -7.139246788502592 -4.314069624015809 10.917163572915765 -0.22271570865107757 3.2708571130138253 -5.610291147889743 -2.2782709996614336 12.371640502695378 -8.127192399444922 -0.6000582567367196 -4.709060323947263 -13.383953031122696 -11.45115198589817 -14.586962111070674 -6.256763581202183
10.400801603206412 2.7073038486805956 -5.560819185584656 -2.3276683389222796 -4.07742576021187 -8.817571919312712 -7.513311256263453 6.000556504480298 12.115898257208695 25.381627769219566 8.830039214539589 11.211681937379435 0.7741477199875276 4.941149741126779 -7.023868143290449 -4.184495143486953 11.178932028968969 -0.05743730332200522 3.465522898131379 -5.484925100405675 -2.1254327876653 12.640667931797527 -8.024756380976132 -0.4402782160109808 -4.581686405481005 -13.332386742620413 -11.379080226179815 -14.550262575837765 -6.15122713531866
10.460921843687375 2.896228267543215 -5.4360213227534615 -2.1775500377883894 -3.9499884518592765 -8.720645601822987 -7.4045533946648945 6.215259374032635 12.387264555940565 25.71883119378542 9.023909631450397 11.418850282160498 0.9518140313066744 5.1410675912411605 -6.908482355960724 -4.0550261024119765 11.440620888197202 0.10774062115107588 3.6601483479605434 -5.3595520121767315 -1.9726038872201812 12.90963028972433 -7.9223194879360825 -0.2805328591284528 -4.4543479451327705 -13.280770131150186 -11.306969534464988 -14.513508259489425 -6.045754479063152
10.521042084168336 3.085107483921501 -5.311222934691955 -2.027459278603967 -3.822591278086218 -8.62369183845777 -7.295771859153906 6.429897922656726 12.658559636506954 26.05572638700362 9.21758542531908 11.625921393978299 1.1294544578220809 5.340855727238299 -6.793099047472913 -3.925671955942243 11.702210915293996 0.2728053268440991 3.854718937168329 -5.2341822374478575 -1.8197963786973759 13.17850767210027 -7.819890628532935 -0.12083393952392996 -4.327054477499193 -13.229108460208197 -11.234826631402635 -14.476703255449069 -5.940353280493191
10.581162324649299 3.2739201504712234 -5.186439247709078 -1.877413601256368 -3.695248770629753 -8.526723100080229 -7.186980330621058 6.6444481246089895 12.92975344422393 26.392283462959988 9.41104863350498 11.832873026320009 1.3070482199253484 5.540492524437944 -6.6777324215758425 -3.7964472175719814 11.963673025485313 0.43773773785593906 4.0492126948003815 -5.108831073574844 -1.6670282743764808 13.44727005871114 -7.717482821720392 0.03880059231933686 -4.199820555056242 -13.177409291665912 -11.162661269332757 -14.439853425547076 -5.835035438156684
10.64128256513026 3.4626775895485906 -5.061663201645974 -1.727404159616306 -3.5679527783658926 -8.429734089931848 -7.078172802803078 6.858922806450413 13.200861965294823 26.72852898954712 9.604314652934569 12.039718528680257 1.4846054000963058 5.739990792180119 -6.562375923394646 -3.6673433814446748 12.225022607924572 0.6025476049999259 4.243641242784388 -4.983491438218479 -1.5142907568310449 13.71593308730894 -7.61509042805141 0.19838071059744777 -4.072638056748872 -13.125669773593083 -11.090469460154162 -14.402956633966875 -5.729793741611626
10.701402805611222 3.6513723048816615 -4.936900550545502 -1.5774372896372135 -3.4407082287550317 -8.332729723898229 -6.969354587766965 7.073313570975043 13.47187465901765 27.064456665144835 9.797379538020294 12.246450709979563 1.6621183275544802 5.9393435017863325 -6.447034931499412 -3.5383651791570907 12.4862494424939 0.7672281144171069 4.43799685258929 -4.858169115852231 -1.3615904424639602 13.98448610513892 -7.512718527498734 0.357900290510873 -3.945511922983993 -13.073893036217202 -11.018255109404185 -14.366015343211538 -5.624632003643715
10.761523046092185 3.839980431062493 -4.812168196151951 -1.427532529927138 -3.3135314140416305 -8.235723807087663 -6.860540849870098 7.287593561743283 13.742757901517475 27.40003164022953 9.990222565514522 12.453044526258857 1.8395638861092565 6.138526399875715 -6.3317252025344315 -3.409528812953913 12.747321038982118 0.9317580808873085 4.632254966666043 -4.732881082844145 -1.208947371982081 14.252895589498067 -7.410381516073219 0.5173392100422447 -3.8184584414874045 -13.022087416165371 -10.946028990926207 -14.32903601792132 -5.519563596217196
10.821643286573146 4.028518990241352 -4.687455147404815 -1.2776764028903465 -3.186410253994847 -8.13870790009286 -6.751722104607225 7.501782040681001 14.01353570638447 27.73528968719045 10.18286469622609 12.65951946632709 2.016957587575969 6.3375582788277605 -6.2164365180527446 -3.2808217476699513 13.008260558723624 1.096152335816394 4.826433066312514 -4.607616308550284 -1.056348010427719 14.521185162367836 -7.308070452412991 0.6767122879964127 -3.6914655457493772 -12.970248213069587 -10.873784680067791 -14.292015109590997 -5.414578018974616
10.881763527054108 4.216990575435613 -4.562760236312169 -1.1278670700616011 -3.059342696122229 -8.041681392272135 -6.642897544152255 7.715881996737587 14.28421174657192 28.07024134895342 10.375312050205796 12.865879268223278 2.1943013336059343 6.536442721866496 -6.101167806990012 -3.1522415930061536 13.269071528549688 1.2604130168103136 5.020533796156315 -4.482373625467115 -0.9037906547249186 14.789358288280408 -7.205784610534387 0.8360219988843909 -3.5645311833249416 -12.918375311621142 -10.801521802545187 -14.254952594262614 -5.309673222040914
10.941883767535069 4.405363401755071 -4.43810572486413 -0.978130431659725 -2.932350540608919 -7.944662361006749 -6.534087072039387 7.9298576493417885 14.554741216577955 28.404837495628396 10.567535628080407 13.072090210017905 2.3715645687599425 6.7351471556698215 -5.985939810579835 -3.0238100430102515 13.52971070122609 1.4245120693411042 5.214524458691283 -4.3571753888260645 -0.7513018100664759 15.057370393529315 -7.103542845942705 0.9952414340355276 -3.4376771253607075 -12.866479544502505 -10.72925442543468 -14.217856860703682 -5.2048672043614275
11.002004008016032 4.525789191882499 -4.356039621316796 -0.8809688432789464 -2.848892654782933 -7.879229669842047 -6.461553704994927 8.065695768446968 14.724639866341889 28.61323517037106 10.690222398416438 13.20323890489609 2.4853058847532834 6.861758451480778 -5.909552927738747 -2.939520161013747 13.693638687090147 1.5302835495845304 5.338329293196935 -4.274783669203792 -0.6524801837825223 15.225745396516714 -7.034981317016911 1.0981077264636951 -3.3543047981460816 -12.828217047757542 -10.678727752267852 -14.188505728230714 -5.134786698544271
11.062124248496994 4.54325832809527 -4.3385704851040074 -0.8634997070661576 -2.831423518570144 -7.861760533629258 -6.444084568782138 8.083164904659757 14.742109002554677 28.630704306583848 10.707691534629227 13.220708041108878 2.502775020966072 6.879227587693567 -5.892083791525958 -2.9220510248009584 13.711107823302935 1.5477526857973192 5.355798429409724 -4.257314532991003 -0.6350110475697335 15.243214532729503 -7.017512180804122 1.115576862676484 -3.3368356619333106 -12.810747911544754 -10.661258616055063 -14.171036592017925 -5.117317562331483
11.122244488977955 4.560579923900434 -4.321248889298843 -0.8461781112610112 -2.8141019227649977 -7.844438937824112 -6.426762972976974 8.100486500464921 14.759430598359824 28.648025902389 10.725013130434391 13.238029636914042 2.5200966167712187 6.896549183498731 -5.874762195720794 -2.904729428995812 13.728429419108082 1.5650742816024656 5.37312002521487 -4.239992937185857 -0.6176894517645692 15.26053612853465 -7.000190584998975 1.1328984584816304 -3.3195140661281464 -12.793426315739607 -10.643937020249917 -14.153714996212779 -5.099995966526336
11.182364729458918 4.577758285837952 -4.304070527361326 -0.8289997493234935 -2.7969235608274623 -7.827260575886594 -6.409584611039456 8.117664862402439 14.77660896029736 28.66520426432652 10.742191492371909 13.25520799885156 2.5372749787087363 6.913727545436249 -5.857583833783276 -2.8875510670582765 13.7456077810456 1.5822526435399833 5.390298387152388 -4.222814575248339 -0.6005110898270516 15.277714490472185 -6.983012223061458 1.1500768204191658 -3.3023357041906287 -12.77624795380209 -10.626758658312399 -14.136536634275261 -5.0828176045888185
11.242484969939879 4.594796030813431 -4.287032782385847 -0.8119620043480147 -2.7798858158519835 -7.8102228309111155 -6.392546866063977 8.134702607377918 14.793646705272838 28.682242009302005 10.759229237347387 13.272245743827039 2.554312723684215 6.930765290411728 -5.840546088807797 -2.8705133220827976 13.762645526021078 1.5992903885154621 5.4073361321278846 -4.20577683027286 -0.5834733448515728 15.294752235447664 -6.965974478085979 1.1671145653946446 -3.28529795921515 -12.75921020882661 -10.60972091333692 -14.119498889299782 -5.06577985961334
11.302605210420841 4.611694454270818 -4.270134358928459 -0.7950635808906092 -2.762987392394596 -7.79332440745371 -6.37564844260659 8.151601030835305 14.810545128730226 28.699140432759396 10.776127660804775 13.289144167284427 2.5712111471416206 6.947663713869115 -5.82364766535041 -2.85361489862541 13.779543949478484 1.6161888119728676 5.424234555585272 -4.188878406815473 -0.5665749213941851 15.311650658905052 -6.949076054628591 1.1840129888520323 -3.268399535757762 -12.742311785369205 -10.592822489879515 -14.102600465842395 -5.048881436155934
11.362725450901802 4.62845476155243 -4.253374051646865 -0.7783032736090156 -2.746227085113002 -7.776564100172116 -6.358888135324996 8.168361338116917 14.82730543601182 28.715900740040997 10.792887968086387 13.305904474566038 2.587971454423214 6.964424021150709 -5.806887358068798 -2.8368545913438163 13.796304256760077 1.6329491192544612 5.440994862866866 -4.172118099533861 -0.5498146141125737 15.328410966186645 -6.93231574734698 1.200773296133626 -3.251639228476151 -12.725551478087612 -10.576062182597921 -14.085840158560783 -5.032121128874341
11.422845691382765 4.645081015928998 -4.236747797270297 -0.7616770192324473 -2.729600830736434 -7.759937845795548 -6.342261880948428 8.184987592493467 14.843931690388388 28.732526994417565 10.809514222462955 13.322530728942606 2.6045977087997825 6.981050275527277 -5.79026110369223 -2.820228336967248 13.812930511136646 1.6495753736310295 5.457621117243434 -4.155491845157293 -0.5331883597360054 15.345037220563214 -6.915689492970412 1.2173995505101942 -3.2350129740995826 -12.708925223711043 -10.559435928221353 -14.069213904184215 -5.015494874497772
11.482965931863728 4.661575842840779 -4.220252970358516 -0.7451821923206658 -2.7131060038246524 -7.743443018883767 -6.325767054036646 8.201482419405266 14.86042651730017 28.749021821329347 10.826009049374736 13.339025555854388 2.621092535711564 6.997545102439059 -5.7737662767804485 -2.8037335100554666 13.829425338048427 1.666070200542811 5.474115944155216 -4.138997018245512 -0.5166935328242239 15.361532047474995 -6.89919466605863 1.2338943774219757 -3.218518147187801 -12.692430396799262 -10.542941101309571 -14.052719077272434 -4.999000047585991
11.543086172344688 4.677939025747531 -4.203889787451747 -0.7288190094139146 -2.696742820917901 -7.727079835977015 -6.309403871129877 8.217845602312018 14.87678970020692 28.765385004236098 10.842372232281487 13.355388738761139 2.637455718618315 7.013908285345828 -5.757403093873697 -2.7873703271487154 13.845788520955178 1.6824333834495622 5.490479127061967 -4.12263383533876 -0.5003303499174727 15.377895230381746 -6.882831483151879 1.250257560328727 -3.20215496428105 -12.67606721389251 -10.52657791840282 -14.036355894365682 -4.98263686467924
11.603206412825651 4.6941749418605205 -4.1876538713387745 -0.7125830933009247 -2.6805069048049113 -7.7108439198640255 -6.293167955016905 8.23408151842499 14.89302561631991 28.781620920349088 10.858608148394477 13.371624654874111 2.653691634731305 7.0301442014588 -5.741167177760725 -2.7711344110357254 13.862024437068168 1.698669299562552 5.506715043174957 -4.1063979192257705 -0.4840944338044828 15.394131146494736 -6.866595567038889 1.2664934764417168 -3.18591904816806 -12.65983129777952 -10.51034200228983 -14.020119978252692 -4.96640094856625
11.663326653306612 4.710285914891141 -4.171542898308136 -0.6964721202702862 -2.6643959317742727 -7.694732946833405 -6.2770569819862665 8.250192491455628 14.909136589350549 28.797731893379716 10.874719121425098 13.38773562790475 2.669802607761926 7.046255174489438 -5.725056204730087 -2.755023438005087 13.878135410098789 1.7147802725931907 5.522826016205595 -4.09028694619515 -0.467983460773862 15.410242119525375 -6.850484594008268 1.2826044494723554 -3.169808075137439 -12.643720324748882 -10.494231029259192 -14.004009005222072 -4.950289975535629
11.723446893787575 4.7262730849212 -4.155555728278095 -0.6804849502402455 -2.648408761744232 -7.678745776803346 -6.261069811956226 8.266179661485669 14.92512375938059 28.813719063409767 10.890706291455157 13.40372279793479 2.6857897777919844 7.062242344519479 -5.709069034700046 -2.739036267975046 13.894122580128847 1.7307674426232313 5.538813186235636 -4.074299776165091 -0.45199629074380354 15.426229289555415 -6.83449742397821 1.298591619502396 -3.1538209051073807 -12.627733154718841 -10.478243859229151 -13.988021835192013 -4.93430280550557
11.783567134268537 4.742138939613785 -4.13968987358551 -0.6646190955476605 -2.632542907051647 -7.662879922110761 -6.245203957263641 8.282045516178254 14.940989614073175 28.829584918102345 10.906572146147724 13.419588652627375 2.7016556324845693 7.078108199212064 -5.693203180007461 -2.7231704132824612 13.909988434821432 1.7466332973158163 5.554679040928221 -4.058433921472506 -0.43613043605123636 15.442095144248 -6.818631569285625 1.314457474194981 -3.1379550504147957 -12.611867300026256 -10.462378004536566 -13.972155980499428 -4.9184369508129855
11.843687374749498 4.757886479502602 -4.123942333696693 -0.6488715556588431 -2.6167953671628297 -7.647132382221944 -6.2294564173748235 8.297793056067071 14.956737153961992 28.84533245799117 10.922319686036559 13.43533619251621 2.7174031723733867 7.093855739100881 -5.677455640118626 -2.707422873393644 13.92573597471025 1.7623808372046337 5.570426580817038 -4.042686381583689 -0.4203828961624012 15.457842684136818 -6.802884029396807 1.3302050140837984 -3.1222075105259783 -12.596119760137439 -10.446630464647749 -13.95640844061061 -4.902689410924168
11.90380761523046 4.773517603517945 -4.10831120968135 -0.6332404316435003 -2.601164243147487 -7.631501258206601 -6.213825293359481 8.313424180082432 14.972368277977335 28.860963582006512 10.937950810051902 13.450967316531553 2.7330342963887295 7.109486863116224 -5.661824516103283 -2.691791749378301 13.941367098725593 1.7780119612199765 5.586057704832381 -4.027055257568346 -0.4047517721470584 15.47347380815216 -6.7872529053814645 1.3458361380991413 -3.1065763865106355 -12.580488636122096 -10.430999340632406 -13.940777316595268 -4.887058286908825
11.963927855711422 4.789033085275456 -4.092795727923821 -0.6177249498859716 -2.585648761389958 -7.61598577644909 -6.198309811601952 8.328939661839943 14.987883759734864 28.876479063764034 10.953466291809413 13.466482798289064 2.7485497781462405 7.125002344873753 -5.646309034345772 -2.6762762676207723 13.956882580483104 1.7935274429775052 5.60157318658991 -4.011539775810835 -0.38923629038954743 15.48898928990969 -6.771737423623954 1.36135161985667 -3.0910609047531246 -12.564973154364568 -10.415483858874877 -13.925261834837757 -4.871542805151314
