web/models/mosfit_kne/mosfit_kn_1.0000/mosfit_kn_0.022361_0.2023_1.0000.dat
# %ECSV 1.0
# ---
# datatype:
# - {name: time, datatype: float64}
# - {name: PS1_g, datatype: float64}
# - {name: PS1_i, datatype: float64}
# - {name: PS1_r, datatype: float64}
# - {name: PS1_w, datatype: float64}
# - {name: PS1_y, datatype: float64}
# - {name: PS1_z, datatype: float64}
# - {name: swift_uvot_B, datatype: float64}
# - {name: swift_uvot_U, datatype: float64}
# - {name: swift_uvot_uvm2, datatype: float64}
# - {name: swift_uvot_uvw1, datatype: float64}
# - {name: swift_uvot_uvw2, datatype: float64}
# - {name: swift_uvot_V, datatype: float64}
# - {name: johnson_B, datatype: float64}
# - {name: johnson_I, datatype: float64}
# - {name: johnson_R, datatype: float64}
# - {name: johnson_U, datatype: float64}
# - {name: johnson_V, datatype: float64}
# - {name: sdss_g, datatype: float64}
# - {name: sdss_i, datatype: float64}
# - {name: sdss_r, datatype: float64}
# - {name: sdss_u, datatype: float64}
# - {name: sdss_z, datatype: float64}
# - {name: ATLAS_c, datatype: float64}
# - {name: ATLAS_o, datatype: float64}
# - {name: ukirt_H, datatype: float64}
# - {name: ukirt_J, datatype: float64}
# - {name: ukirt_K, datatype: float64}
# - {name: Clear, datatype: float64}
# meta: !!omap
# - comment: [kappa = 1.0, type = rprocess, mass = 0.022360679775100388, velocity = 0.20233333333333337, theta_obs = 0.0, tfloor = 1000.0]
# schema: astropy-2.0
time PS1_g PS1_i PS1_r PS1_w PS1_y PS1_z swift_uvot_B swift_uvot_U swift_uvot_uvm2 swift_uvot_uvw1 swift_uvot_uvw2 swift_uvot_V johnson_B johnson_I johnson_R johnson_U johnson_V sdss_g sdss_i sdss_r sdss_u sdss_z ATLAS_c ATLAS_o ukirt_H ukirt_J ukirt_K Clear
[from data line 289]
17.43486973947896 8.361009582645558 -0.5208192305537196 2.9542515474841125 0.9863277359801437 -4.044009279078988 -2.62633331423185 11.900916159210045 18.559860257104965 32.44845556113414 14.525442789179515 17.038459295659166 6.320526275516342 10.696978842243855 -2.07433253697567 0.8957002297493297 17.528859077853205 5.365503940347607 9.173549683960012 -0.4395632784407333 3.1827402069805544 19.06096578727979 -3.199760926253852 4.933328117226772 0.48091559261697725 -8.992996656994483 -6.843507361504793 -10.353285337467655 -1.2995663077812125
17.494989979959918 8.368340609490108 -0.513488203709187 2.961582574328663 0.9936587628246762 -4.036678252234438 -2.6190022873873176 11.908247186054577 18.567191283949498 32.45578658797868 14.532773816024065 17.0457903225037 6.327857302360893 10.704309869088387 -2.0670015101311376 0.9030312565938623 17.536190104697756 5.37283496719214 9.180880710804544 -0.43223225159618295 3.1900712338251047 19.068296814124324 -3.1924298994093014 4.940659144071304 0.4882466194615276 -8.985665630149933 -6.836176334660243 -10.345954310623105 -1.2922352809366622
17.55511022044088 8.375647457339248 -0.506181355860047 2.968889422177803 1.0009656106738163 -4.029371404385298 -2.6116954395381775 11.915554033903717 18.574498131798638 32.46309343582781 14.540080663873187 17.05309717035284 6.335164150210033 10.711616716937527 -2.0596946622819976 0.9103381044430023 17.543496952546896 5.38014181504128 9.188187558653684 -0.4249254037470429 3.197378081674227 19.075603661973464 -3.1851230515601614 4.947965991920444 0.49555346731066763 -8.978358782300793 -6.828869486811103 -10.338647462773965 -1.2849284330875221
17.615230460921843 8.382930291351531 -0.49889852184774597 2.976172256190104 1.0082484446861173 -4.022088570373015 -2.6044126055258765 11.922836867916018 18.58178096581094 32.47037626984011 14.547363497885488 17.06038000436514 6.342446984222316 10.718899550949828 -2.0524118282696966 0.9176209384553033 17.55077978655918 5.387424649053581 9.195470392665985 -0.41764256973475966 3.204660915686528 19.082886495985765 -3.177840217547878 4.955248825932745 0.5028363013229509 -8.971075948288492 -6.821586652798802 -10.331364628761682 -1.277645599075239
17.675350701402806 8.39018927680744 -0.4916395363918369 2.983431241645995 1.0155074301420086 -4.014829584917106 -2.5971536200699674 11.930095853371927 18.58903995126683 32.477635255296015 14.554622483341397 17.06763898982105 6.349705969678225 10.726158536405737 -2.0451528428137875 0.9248799239111947 17.558038772015088 5.394683634509472 9.202729378121877 -0.4103835842788506 3.211919901142437 19.090145481441656 -3.170581232091969 4.962507811388637 0.51009528677886 -8.9638169628326 -6.81432766734291 -10.324105643305773 -1.2703866136193298
17.73547094188377 8.39742458014559 -0.4844042330537057 2.990666544984144 1.0227427334801575 -4.007594281578957 -2.5899183167318363 11.937331156710059 18.59627525460498 32.484870558634164 14.561857786679546 17.074874293159198 6.356941273016374 10.733393839743869 -2.0379175394756386 0.9321152272493436 17.565274075353237 5.401918937847621 9.209964681460026 -0.40314828094070165 3.219155204480586 19.097380784779805 -3.16334592875382 4.969743114726786 0.5173305901170089 -8.956581659494452 -6.807092364004761 -10.316870339967624 -1.2631513102811809
17.795591182364728 8.404636357637152 -0.4771924555621254 2.9978783224757066 1.02995451097172 -4.000382504087394 -2.582706539240256 11.944542934201639 18.60348703209654 32.492082336125726 14.569069564171109 17.08208607065076 6.3641530505079364 10.740605617235449 -2.030705761984076 0.9393270047409061 17.5724858528448 5.409130715339184 9.217176458951588 -0.3959365034491391 3.2263669819721486 19.104592562271367 -3.1561341512622576 4.976954892218348 0.5245423676085714 -8.94936988200289 -6.799880586513199 -10.309658562476061 -1.2559395327896183
17.85571142284569 8.411825540616693 -0.47000327258258423 3.005067505455248 1.037143693951279 -3.993193321107853 -2.5755173562607148 11.95173211718118 18.6106762150761 32.499271519105264 14.57625874715065 17.0892752536303 6.371342233487478 10.74779480021499 -2.023516579004535 0.9465161877204651 17.57967503582434 5.416319898318725 9.22436564193113 -0.3887473204695979 3.2335561649516897 19.111781745250926 -3.1489449682827164 4.984144075197907 0.5317315505881126 -8.942180699023348 -6.792691403533658 -10.30246937949652 -1.2487503498100772
17.915831663326653 8.418990484209328 -0.4628383289899496 3.0122324490479 1.0443086375439137 -3.9860283775152183 -2.56835241266808 11.958897060773815 18.617841158668735 32.506436462697906 14.583423690743285 17.096440197222936 6.378507177080112 10.754959743807625 -2.0163516354119 0.9536811313130997 17.586839979416975 5.423484841911377 9.231530585523782 -0.3815823768769633 3.2407211085443244 19.11894668884356 -3.1417800246900818 4.991309018790542 0.5388964941807473 -8.935015755430696 -6.785526459941023 -10.295304435903885 -1.2415854062174425
17.975951903807616 8.426132482768924 -0.45569633043035296 3.019374447607497 1.0514506361035103 -3.978886378955604 -2.5612104141084835 11.966039059333411 18.624983157228332 32.5135784612575 14.590565689302881 17.103582195782533 6.385649175639727 10.762101742367221 -2.0092096368523036 0.9608231298726964 17.59398197797659 5.430626840470974 9.238672584083378 -0.37444037831736665 3.247863107103921 19.126088687403158 -3.134638026130485 4.998451017350138 0.5460384927403439 -8.927873756871099 -6.778384461381409 -10.288162437344289 -1.2344434076578281
18.036072144288575 8.433251652002731 -0.4485771611965461 3.026493616841286 1.0585698053373171 -3.971767209721815 -2.5540912448746766 11.973158228567218 18.63210232646214 32.520697630491306 14.597684858536688 17.11070136501634 6.392768344873516 10.769220911601028 -2.0020904676184967 0.9679422991065032 17.60110114721038 5.437746009704763 9.245791753317167 -0.3673212090835598 3.254982276337728 19.133207856636965 -3.1275188568966783 5.005570186583945 0.5531576619741507 -8.92075458763731 -6.7712652921476195 -10.281043268110482 -1.227324238424039
18.096192384769537 8.440348132893902 -0.441480680305375 3.033590097732457 1.0656662862284882 -3.9646707288306438 -2.5469947639835055 11.98025470945839 18.63919880735331 32.527794111382484 14.60478133942786 17.11779784590751 6.399864825764687 10.7763173924922 -1.9949939867273256 0.9750387799976743 17.60819762810155 5.444842490595952 9.252888234208356 -0.3602247281923887 3.262078757228899 19.140304337528136 -3.120422376005507 5.012666667475116 0.5602541428653218 -8.913658106746121 -6.764168811256448 -10.27394678721931 -1.220227757532868
18.1563126252505 8.447422055494656 -0.4344067577046218 3.040664020333228 1.0727402088292415 -3.9575968062298728 -2.5399208413827523 11.987328632059143 18.646272729954063 32.53486803398324 14.611855262028612 17.124871768508264 6.40693874836544 10.783391315092953 -1.9879200641265724 0.9821127025984275 17.61527155070232 5.451916413196705 9.25996215680911 -0.3531508055916355 3.269152679829652 19.14737826012889 -3.113348453404754 5.01974059007587 0.5673280654660751 -8.906584184145368 -6.757094888655677 -10.266872864618557 -1.2131538349321147
18.216432865731463 8.454473569903431 -0.42735524329586383 3.047715534741986 1.0797917232379994 -3.950545291821115 -2.5328693269739944 11.9943801464679 18.65332424436282 32.541919548391995 14.61890677643737 17.131923282917022 6.413990262774216 10.79044282950171 -1.9808685497178145 0.9891642170071855 17.62232306511108 5.458967927605463 9.267013671217867 -0.34609929118285976 3.27620419423841 19.154429774537647 -3.1062969389959783 5.0267921044846275 0.5743795798748508 -8.89953266973661 -6.7500433742469195 -10.259821350209782 -1.206102320523339
18.276553106212425 8.461502815578879 -0.4203259976203988 3.0547447804174332 1.0868209689134645 -3.9435160461456675 -2.5258400812985293 12.001409392143366 18.660353490038286 32.54894879406745 14.625936022112835 17.138952528592487 6.421019508449663 10.797472075177176 -1.9738393040423494 0.9961934626826505 17.629352310786526 5.46599717328091 9.274042916893332 -0.3390700455074125 3.283233439913875 19.161459020213112 -3.099267693320531 5.033821350160093 0.581408825550298 -8.892503424061163 -6.743014128571472 -10.252792104534334 -1.1990730748478917
18.336673346693384 8.468509941694684 -0.41331887150459323 3.061751906533239 1.0938280950292523 -3.936508920029862 -2.5188329551827238 12.008416518259171 18.667360616154074 32.55595592018326 14.632943148228641 17.145959654708292 6.428026634565469 10.804479201292981 -1.9668321779265439 1.003200588798456 17.63635943690233 5.473004299396716 9.28105004300912 -0.3320629193916069 3.2902405660296807 19.1684661463289 -3.0922605672047254 5.04082847627588 0.5884159516661036 -8.885496297945357 -6.736007002455667 -10.245784978418529 -1.1920659487320862
18.396793587174347 8.475495088274254 -0.4063337249250232 3.0687370531128266 1.10081324160884 -3.929523773450274 -2.5118478086031537 12.015401664838741 18.67434576273366 32.56294106676283 14.639928294808211 17.152944801287862 6.4350117811450565 10.811464347872551 -1.9598470313469738 1.0101857353780261 17.64334458348192 5.479989445976304 9.288035189588708 -0.32507777281203687 3.297225712609251 19.175451292908487 -3.0852754206251554 5.047813622855468 0.5954010982456737 -8.87851115136577 -6.729021855876079 -10.238799831838959 -1.185080802152516
18.45691382765531 8.482458403301454 -0.3993704098978412 3.0757003681400086 1.107776556636022 -3.922560458423092 -2.5048844935759718 12.022364979865923 18.681309077760844 32.569904381790025 14.64689160983541 17.159908116315062 6.441975096172238 10.818427662899733 -1.952883716319774 1.017149050405208 17.6503078985091 5.486952761003486 9.29499850461589 -0.31811445778483716 3.3041890276364505 19.18241460793567 -3.0783121055979557 5.05477693788265 0.6023644132728734 -8.871547836338587 -6.722058540848897 -10.231836516811759 -1.1781174871253164
18.517034068136272 8.489400028092557 -0.39242878510671986 3.08264199293113 1.1147181814271434 -3.9156188336319886 -2.4979428687848504 12.029306604657044 18.688250702551965 32.576846006581135 14.653833234626514 17.166849741106166 6.448916720963342 10.825369287690854 -1.9459420915286705 1.0240906751963295 17.657249523300205 5.493894385794607 9.301940129407011 -0.31117283299373355 3.311130652427554 19.18935623272679 -3.071370480806852 5.0617185626737715 0.609306038063977 -8.864606211547466 -6.715116916057793 -10.224894892020655 -1.1711758623342128
18.577154308617235 8.496320111715097 -0.38550870148419847 3.0895620765536513 1.1216382650496648 -3.9086987500094494 -2.491022785162329 12.036226688279566 18.695170786174486 32.58376609020367 14.660753318249053 17.173769824728705 6.455836804585881 10.832289371313376 -1.939022007906149 1.0310107588188508 17.664169606922744 5.500814469417128 9.308860213029533 -0.3042527493711944 3.3180507360500933 19.196276316349312 -3.064450397184313 5.068638646296293 0.6162261216865161 -8.857686127924945 -6.708196832435254 -10.217974808398116 -1.1642557787116736
18.637274549098194 8.503218791295328 -0.37861002190396675 3.096460756133883 1.1285369446298965 -3.9018000704292177 -2.4841241055820973 12.043125367859815 18.702069465754718 32.5906647697839 14.667651997829285 17.180668504308937 6.462735484166113 10.839188050893608 -1.9321233283258996 1.0379094383990826 17.671068286502976 5.50771314899736 9.315758892609765 -0.2973540697909627 3.324949415630325 19.203174995929544 -3.057551717604081 5.075537325876525 0.6231248012667479 -8.850787448344713 -6.701298152855022 -10.211076128817885 -1.157357099131442
18.697394789579157 8.510096209951232 -0.371732603248045 3.103338174789805 1.1354143632858182 -3.894922651773296 -2.4772466869261756 12.05000278651572 18.70894688441064 32.59754218843981 14.67452941648519 17.18754592296484 6.469612902822035 10.84606546954953 -1.9252459096699956 1.0447868570550043 17.677945705158898 5.514590567653282 9.322636311265686 -0.2904766511350587 3.331826834286229 19.210052414585466 -3.050674298948177 5.082414744532446 0.6300022199226518 -8.843910029688791 -6.694420734199101 -10.20419871016198 -1.150479680475538
18.75751503006012 8.516952504830346 -0.36487630836893103 3.110194469668901 1.1422706581649145 -3.8880663568941998 -2.4703903920470616 12.056859081394833 18.715803179289736 32.60439848331892 14.681385711364303 17.194402217843955 6.476469197701131 10.852921764428626 -1.9183896147908817 1.0516431519341005 17.684802000037994 5.521446862532378 9.329492606144782 -0.28362035625594473 3.338683129165343 19.216908709464562 -3.043818004069063 5.089271039411543 0.6368585148017658 -8.837053734809695 -6.687564439320004 -10.197342415282867 -1.143623385596424
18.817635270541082 8.52378781667257 -0.35804099652672505 3.1170297815111248 1.1491059700071382 -3.881231045051976 -2.4635550802048556 12.063694393237057 18.72263849113196 32.61123379516114 14.688221023206527 17.20123752968618 6.483304509543355 10.85975707627085 -1.911554302948658 1.0584784637763243 17.691637311880218 5.528282174374602 9.336327917987006 -0.276785044413721 3.3455184410075667 19.223744021306786 -3.0369826922268395 5.096106351253766 0.6436938266439896 -8.830218422967471 -6.680729127477781 -10.190507103440643 -1.1367880737542002
18.877755511022045 8.530602282533728 -0.3512265306655493 3.1238442473723005 1.155920435868314 -3.8744165791908003 -2.45674061434368 12.070508859098215 18.729452956993136 32.61804826102231 14.695035489067685 17.208051995547336 6.49011897540453 10.866571542132025 -1.9047398370875 1.0652929296375 17.698451777741393 5.5350966402357775 9.343142383848182 -0.26997057855254525 3.3523329068687246 19.23055848716796 -3.0301682263656637 5.102920817114942 0.6505082925051475 -8.823403957106295 -6.673914661616605 -10.183692637579467 -1.1299736078930245
18.937875751503004 8.537396042350096 -0.344432770849199 3.130638007188651 1.1627141956846643 -3.86762281937445 -2.4499468545273295 12.077302618914565 18.736246716809486 32.624842020838656 14.701829248884035 17.214845755363687 6.496912735220881 10.873365301948375 -1.8979460772711496 1.0720866894538503 17.705245537557744 5.541890400052128 9.349936143664532 -0.2631768187361949 3.359126666685075 19.23735224698431 -3.0233744665493134 5.109714576931292 0.6573020523215156 -8.816610197289945 -6.667120901800255 -10.176898877763117 -1.1231798480766741
18.997995991983966 8.54416922635421 -0.33765958684506714 3.1374111911927827 1.1694873796887961 -3.860849635370336 -2.4431736705231977 12.084075802918697 18.743019900813618 32.63161520484279 14.708602432888167 17.22161893936782 6.503685919224995 10.880138485952507 -1.8911728932670178 1.0788598734579822 17.712018721561858 5.54866358405626 9.356709327668664 -0.25640363473208083 3.365899850689207 19.244125430988444 -3.0166012825451993 5.116487760935424 0.6640752363256297 -8.809837013285813 -6.660347717796123 -10.170125693759003 -1.11640666407256
19.05811623246493 8.55092197180447 -0.33090684139480686 3.144163936643043 1.1762401251390564 -3.854096889920058 -2.4364209250729374 12.090828548368957 18.749772646263878 32.63836795029305 14.715355178338427 17.22837168481808 6.510438664675273 10.886891231402767 -1.8844201478167575 1.0856126189082425 17.718771467012136 5.55541632950652 9.363462073118924 -0.24965088928182055 3.372652596139467 19.250878176438704 -3.009848537094939 5.1232405063856845 0.67082798177589 -8.803084267835553 -6.6535949723458625 -10.163372948308742 -1.109653918622282
19.118236472945892 8.557654408789332 -0.3241744044099448 3.150896373627905 1.1829725621239184 -3.847364452935196 -2.4296884880880754 12.09756098535382 18.75650508324874 32.645100387277914 14.72208761532329 17.23510412180294 6.517171101660117 10.89362366838763 -1.8776877108318955 1.0923450558931045 17.725503903996998 5.562148766491382 9.370194510103786 -0.24291845229695852 3.379385033124329 19.257610613423566 -3.003116100110077 5.1299729433705465 0.677560418760752 -8.796351830850691 -6.6468625353610005 -10.15664051132388 -1.1029214816374378
