web/models/mosfit_kne/mosfit_kn_1.0000/mosfit_kn_0.500000_0.5000_1.0000.dat
# %ECSV 1.0
# ---
# datatype:
# - {name: time, datatype: float64}
# - {name: PS1_g, datatype: float64}
# - {name: PS1_i, datatype: float64}
# - {name: PS1_r, datatype: float64}
# - {name: PS1_w, datatype: float64}
# - {name: PS1_y, datatype: float64}
# - {name: PS1_z, datatype: float64}
# - {name: swift_uvot_B, datatype: float64}
# - {name: swift_uvot_U, datatype: float64}
# - {name: swift_uvot_uvm2, datatype: float64}
# - {name: swift_uvot_uvw1, datatype: float64}
# - {name: swift_uvot_uvw2, datatype: float64}
# - {name: swift_uvot_V, datatype: float64}
# - {name: johnson_B, datatype: float64}
# - {name: johnson_I, datatype: float64}
# - {name: johnson_R, datatype: float64}
# - {name: johnson_U, datatype: float64}
# - {name: johnson_V, datatype: float64}
# - {name: sdss_g, datatype: float64}
# - {name: sdss_i, datatype: float64}
# - {name: sdss_r, datatype: float64}
# - {name: sdss_u, datatype: float64}
# - {name: sdss_z, datatype: float64}
# - {name: ATLAS_c, datatype: float64}
# - {name: ATLAS_o, datatype: float64}
# - {name: ukirt_H, datatype: float64}
# - {name: ukirt_J, datatype: float64}
# - {name: ukirt_K, datatype: float64}
# - {name: Clear, datatype: float64}
# meta: !!omap
# - comment: [kappa = 1.0, type = rprocess, mass = 0.5000000000045836, velocity = 0.5, theta_obs = 0.0, tfloor = 1000.0]
# schema: astropy-2.0
time PS1_g PS1_i PS1_r PS1_w PS1_y PS1_z swift_uvot_B swift_uvot_U swift_uvot_uvm2 swift_uvot_uvw1 swift_uvot_uvw2 swift_uvot_V johnson_B johnson_I johnson_R johnson_U johnson_V sdss_g sdss_i sdss_r sdss_u sdss_z ATLAS_c ATLAS_o ukirt_H ukirt_J ukirt_K Clear
[from data line 226]
13.647294589178356 -22.36575035274509 -22.831955738231624 -22.71462373484848 -22.635845269653778 -22.794445178583125 -22.828193501609153 -22.024271670210453 -22.440929491926358 -20.72303821924788 -21.4536747916131 -20.190127094408282 -22.575113217786022 -22.05623608762622 -23.27369622749358 -22.959952134361973 -22.334288680122942 -22.60096942229669 -22.30818037562173 -22.83851939221856 -22.71558384796423 -21.53706885388816 -22.823514576500088 -22.509580233748068 -22.78048706931985 -22.314350944209234 -22.63542210535622 -21.946427232635553 -22.645924359748513
13.707414829659317 -22.30644053007765 -22.795360708553183 -22.669316272453415 -22.58891540951563 -22.766188570002477 -22.796742002583272 -21.957645762967097 -22.35566740386517 -20.59084410560015 -21.34376707392672 -20.058689515295217 -22.522913940007598 -21.99033097909702 -23.239484414151363 -22.916906066103284 -22.252447428471022 -22.549367968452 -22.246882356147193 -22.80169922007648 -22.670182274199995 -21.454123158909226 -22.792892767478392 -22.45592959748965 -22.738979866051334 -22.297180955800734 -22.613226260578916 -21.932594432666793 -22.601786306158917
13.76753507014028 -22.24765290036009 -22.75915019836102 -22.624438365623316 -22.5425022451517 -22.738281547884984 -22.76565232617667 -21.891577206222294 -22.27109627181525 -20.459769499263544 -21.234970552829697 -19.928847748687403 -22.47117376589139 -21.924988157375797 -23.205647907127045 -22.874285847645652 -22.1712658442178 -22.49822916816022 -22.186118759713853 -22.765264510042602 -22.62520788885924 -21.37183904868733 -22.762631144785193 -22.402790767016434 -22.697896042902226 -22.280320616185843 -22.591358884336596 -21.91905794807665 -22.558181018944232
13.827655310621243 -22.20560620722999 -22.73416287469832 -22.592896814205066 -22.509851599445376 -22.719578711955002 -22.74453993149674 -21.844022923334123 -22.20957465598408 -20.36320298685354 -21.155323004933937 -19.833532782826428 -22.434438983093738 -21.8779884263763 -23.182457852968785 -22.84445686140143 -22.112298507434122 -22.461953545817824 -22.14257912648833 -22.740107501620876 -22.593591490043536 -21.312035471422064 -22.74214668690302 -22.365028162907077 -22.669232489657603 -22.26998291814391 -22.577230038494367 -21.911236428003736 -22.52767375480067
13.887775551102203 -22.153993722422545 -22.70279692088698 -22.553746455574846 -22.469441670878005 -22.695682920678877 -22.717779107168692 -21.785867057673258 -22.13485643409074 -20.246994727225744 -21.059292089809727 -19.719169525821222 -22.38911614729946 -21.820497658130694 -23.153228818154556 -22.807346481702943 -22.040604199425193 -22.417180988826072 -22.089194889873554 -22.70853985106113 -22.55435011904437 -21.239345142862565 -22.716133648126746 -22.318517858377067 -22.63351032408993 -22.25603564822533 -22.558774492489846 -21.90028073568873 -22.489831846624604
13.947895791583166 -22.09147795468466 -22.664174599084106 -22.505929702384115 -22.420217418632156 -22.665892479065253 -22.68460014259695 -21.715619726846686 -22.045083084309773 -20.10839782179279 -20.944645810649334 -19.583255217097765 -22.334002535584638 -21.751044963210656 -23.11713373402115 -22.761947625071947 -21.95438902248488 -22.362724248844362 -22.024588371430678 -22.669679069928108 -22.50642290607594 -21.151949569698907 -22.683840718678336 -22.2620480533808 -22.589756765196114 -22.23801466107044 -22.535420679402698 -21.885797740348774 -22.44367184123602
14.008016032064127 -22.03105552897428 -22.62697937817215 -22.459788336832407 -22.372789422181825 -22.637299638738728 -22.65270553870108 -21.647671375578163 -21.958172926932757 -19.97416753248793 -20.833845601265768 -19.452160609364565 -22.280754756989218 -21.683879249999553 -23.082400891222942 -22.71816765341396 -21.870927175915675 -22.310122810508407 -21.96213361840954 -22.63225159224902 -22.460170982955123 -21.067335069836535 -22.65281115196453 -22.207528721906495 -22.547583492306345 -22.220893428519176 -22.51310218475103 -21.872123844956356 -22.399257435976327
14.06813627254509 -21.985689272763267 -22.59984222200316 -22.425624555678123 -22.3376720166274 -22.61692535146409 -22.62973462603515 -21.596391753560457 -21.892024981997285 -19.87097798463742 -20.74914827145344 -19.351798859264967 -22.24100476529082 -21.633220907185503 -23.05720012300433 -22.685864709942447 -21.807478285737265 -22.270885471807077 -21.91517243137035 -22.60493184986016 -22.425918234420852 -21.002977976243944 -22.630521707913722 -22.16681308998215 -22.516546525487566 -22.209543375261283 -22.497664054924016 -21.863484944133 -22.366529068790904
14.128256513026052 -21.92758141201022 -22.564231570480473 -22.381335423000763 -22.29227379415729 -22.58967503575528 -22.599273225998644 -21.530977601296268 -21.808276817258765 -19.741629482520334 -20.642750328529402 -19.22638783629115 -22.189810610039704 -21.56858209215072 -23.023983932134737 -22.64388133608285 -21.727052483048983 -22.2203305635816 -21.855096281343265 -22.569095490919526 -22.381516629929177 -20.921426969759782 -22.600904467305778 -22.11446631372869 -22.47613160132886 -22.19345601454927 -22.476520197595953 -21.850750452681794 -22.324108131274212
14.188376753507013 -21.860682719214672 -22.5227937055889 -22.330067036335546 -22.239840227466967 -22.55771751453235 -22.563672951359166 -21.455798919072475 -21.712368966826165 -19.594263135467344 -20.52153303564861 -19.084078007646927 -22.130713110457478 -21.494292398026612 -22.98526220521942 -22.595234813934628 -21.634893322590678 -22.161965298663656 -21.7859700884906 -22.52740169334121 -22.330117382842136 -20.82798855460231 -22.566263750656965 -22.05411641490132 -22.429268198659127 -22.17416663694635 -22.451493065401404 -21.83526502396585 -22.2750823829767
14.248496993987976 -21.79767654600756 -22.48397149010456 -22.281898736269277 -22.190653293375586 -22.52791853878163 -22.53040537975279 -21.384916921663876 -21.62181636205103 -19.454975848173927 -20.407259713791106 -18.950188036467036 -22.07509411774914 -21.424266192417342 -22.949026049126015 -22.549569110856684 -21.547890454193237 -22.107050483516982 -21.720848178066543 -22.488335898821052 -22.28182126312218 -20.739764838508297 -22.53391175910137 -21.997358947669508 -22.385304082991713 -22.156434836970625 -22.42829620093108 -21.82115580201271 -22.229169869311143
14.308617234468937 -21.749389988363514 -22.454949839447202 -22.245426093522198 -22.153430370713245 -22.50609755110979 -22.505815364562487 -21.330348737105577 -21.551591365712497 -19.346026578023 -20.318362200997644 -18.845955351700677 -22.032676366435926 -21.37038771331085 -22.922068722341173 -22.515098596026643 -21.4804856599653 -22.065199742508007 -21.670876248423152 -22.459119879538427 -22.245244337922472 -20.67138349717739 -22.510053995317456 -21.954069876746 -22.352194533812977 -22.144250652032827 -22.411747951160095 -21.811864011832483 -22.194581371511095
14.3687374749499 -21.68760902776052 -22.41697686619574 -22.198237849791962 -22.105389522020378 -22.477038915428533 -22.47332741554132 -21.260795265059535 -21.46270395452868 -19.209400155631368 -20.206673479197246 -18.715671966145994 -21.978128917546915 -21.30169642751959 -22.88665211118942 -22.470395166785348 -21.395074457838838 -22.01136047269848 -21.607012476208034 -22.420906294498177 -22.19792419695681 -20.58476051322641 -22.478474547297314 -21.898489169918474 -22.30917970986857 -22.127131100908365 -22.389222090323493 -21.798327213310365 -22.14982793944854
14.428857715430862 -21.616743099387392 -22.372994120750178 -22.143840097124965 -22.05012772427919 -22.44314262282165 -22.43554917222882 -21.181140142670316 -21.36123688701323 -19.054180414423886 -20.079826291628144 -18.568302198368837 -21.915405319534297 -21.22302799864038 -22.84556285609962 -22.41881726269287 -21.297520772214 -21.949446471768535 -21.533794690624557 -22.376651320836576 -22.14337348394272 -20.485831930688967 -22.441726914175497 -21.834656619476647 -22.25951738499738 -22.106755744450727 -22.36272454545139 -21.782008524030744 -22.098320151218722
14.488977955911823 -21.54810350807354 -22.330511252707144 -22.091214177498006 -21.996761060706334 -22.410494629256892 -22.399114275922898 -21.103935840594456 -21.262828868168118 -18.903624162003773 -19.95709880343421 -18.42608861429865 -21.85466219476017 -21.146797189367334 -22.805902328528493 -22.36894940333122 -21.20290855238346 -21.889501233015768 -21.46286675066193 -22.333903037583518 -22.09059462787419 -20.389875228579175 -22.40629964507857 -21.7728932180842 -22.211522323825612 -22.087303990879082 -22.337298002990256 -21.766515324473904 -22.048648545415563
14.549098196392785 -21.495508848061533 -22.298680293897633 -22.051324889182364 -21.956353590945543 -22.386485465100296 -22.372092084490323 -21.04453316259737 -21.186606933935117 -18.78611037139825 -19.86183618479643 -18.3156954983388 -21.80831784861167 -21.08817679892875 -22.776316728562904 -22.331259688653653 -21.129691630734115 -21.843797431536466 -21.408455504942623 -22.30186100823797 -22.050581043058646 -20.315586281287388 -22.380080757641245 -21.725780113004785 -22.175325552543423 -22.073798964414856 -22.319037308781837 -21.756160862001114 -22.011203961752717
14.609218436873746 -21.433311476310717 -22.260495609131805 -22.00381377236857 -21.90831990129732 -22.357362631760758 -22.339477144048878 -20.974452307709576 -21.097088431093773 -18.648951798013197 -19.75059118923234 -18.18732479973184 -21.753328981171897 -21.019011196228753 -22.740734172018968 -22.286303605463697 -21.043639487545544 -21.789557278208434 -21.34415722123535 -22.26343181053526 -22.002922981058628 -20.228289106580704 -22.3483986164133 -21.66994753863312 -22.13210292134093 -22.05685572780881 -22.296580075418184 -21.742870317502604 -21.966629357156187
14.669338677354709 -21.36283077521604 -22.216839197165932 -21.949729915406646 -21.853749055630374 -22.32384950179565 -22.302053376425803 -20.89515208631963 -20.996090899652184 -18.494876442830094 -19.625697766051946 -18.043771716400666 -21.690875799858997 -20.940746859246605 -22.699991431811483 -22.2350883277968 -20.946503136733156 -21.727950586439345 -21.271329491936477 -22.219501733203835 -21.948670906716732 -20.129755248614067 -22.312021701315494 -21.606609267843222 -22.08283277500385 -22.036988818596935 -22.2705354318183 -21.727095519301006 -21.915963717538
14.729458917835672 -21.292983928327622 -22.173617924153692 -21.896149179122304 -21.799785363978366 -22.290717550901356 -22.265029713427253 -20.816537450896615 -20.89595585079966 -18.342200127913276 -19.50223733472118 -17.902280398599707 -21.62897104147514 -20.863174577227607 -22.65966938657722 -22.184370008708473 -20.850189342499903 -21.666896641459005 -21.1991528445658 -22.176008280977104 -21.894918945571114 -20.03204728368198 -22.27604219675559 -21.54388576698116 -22.034054223161395 -22.017444469837702 -22.244840086481954 -21.71162535298208 -21.865918943995233
14.789579158316633 -21.228233458825674 -22.13378050522806 -21.84661036045979 -21.74997830496226 -22.260339532584794 -22.23100125402338 -20.743570795246484 -20.802866810361262 -18.200075829109984 -19.387680745966556 -17.771293885307728 -21.571628541784477 -20.791196073462736 -22.622551140073128 -22.13752318596856 -20.760665749245206 -21.61035983096919 -21.132222254173296 -22.135915705009914 -21.84521606871586 -19.94121283617094 -22.24299531746542 -21.485831018302104 -21.98903052102276 -21.99981857270769 -22.22144154651515 -21.69782289073145 -21.81981698211583
14.849699398797595 -21.157359135420233 -22.089903680670506 -21.79221155901761 -21.695386566690136 -22.226734200658793 -22.193430215738754 -20.663779325616655 -20.701283698542188 -18.045490083231964 -19.263227170036537 -17.629515639497416 -21.508756723959934 -20.712489538933404 -22.581627978088783 -22.08605663394715 -20.662935653924094 -21.548371634971005 -21.05898518685132 -22.091761851084346 -21.79063527522006 -19.8420552459703 -22.206493001686063 -21.422245991933462 -21.939548437393608 -21.980074423427723 -22.195422808681577 -21.68223454009833 -21.769281821692488
14.909819639278556 -21.076678398571183 -22.039557898258995 -21.730032219891697 -21.63311098092155 -22.187955129075192 -22.15018302870911 -20.573062239211907 -20.586097910395917 -17.870913847131366 -19.12283571361682 -17.470250931873842 -21.43703658314139 -20.623009129887325 -22.53460961815704 -22.027190770079656 -20.55206611022718 -21.477657464767997 -20.975649318156364 -22.041104149186435 -21.72824621339423 -19.729573064288388 -22.164452894959545 -21.349797072332333 -21.882923228643758 -21.956922463330827 -22.165196943901968 -21.66376774456461 -21.711615427871642
14.969939879759519 -20.99515280494053 -21.988668329115217 -21.66718019306238 -21.570290331892004 -22.14877420599274 -22.106476633289258 -20.48138249300185 -20.46972360694559 -17.694732350150527 -18.98153892831381 -17.310527396809853 -21.364527237601713 -20.532597395633324 -22.487089715656634 -21.96770534719984 -20.440037118032823 -21.40617822592256 -20.89144187322658 -21.98989888107768 -21.665176749711943 -19.615906073336387 -22.121972282981588 -21.276629490850727 -21.825712288604553 -21.933580162503997 -22.134685007653214 -21.645174058224207 -21.653504245082864
15.03006012024048 -20.931244433857454 -21.94942243201858 -21.61829610549816 -21.521524747756384 -22.118973620082816 -22.07302351372169 -20.40928652714974 -20.37775978636942 -17.55474625852655 -18.869905126915185 -17.184520008623338 -21.307852939209788 -20.46153621194533 -22.450563151577853 -21.921546290945734 -20.35156148158241 -21.350343559547472 -20.825374272664323 -21.950398347597897 -21.61611350079861 -19.526104964879742 -22.089510859846975 -21.219481946482368 -21.781392629770213 -21.916571181435277 -22.11188564322274 -21.63200027620961 -21.608569385415795
15.090180360721442 -20.865807428490655 -21.909170224276266 -21.56819412647586 -21.471629059497168 -22.088384741656384 -22.03869607719774 -20.33547618756999 -20.2836708917137 -17.411729483712936 -18.756094640397603 -17.05645275515533 -21.249781120228157 -20.388795552738767 -22.4130940068748 -21.87424080977027 -20.261025737264273 -21.293138751459303 -20.757732008913337 -21.90988566071514 -21.565824764907973 -19.43420934110856 -22.056200664028314 -21.160978875364673 -21.735973186163626 -21.899082861628433 -22.088467016055127 -21.61843997254468 -21.56262169591855
15.150300601202405 -20.779237295541062 -21.854975442127227 -21.501326461973154 -21.405152323023326 -22.046638763897484 -21.99213133532302 -20.23812364995638 -20.16026404787917 -17.225587556756462 -18.60788225062665 -16.89053440347355 -21.172646419218417 -20.292837500703044 -22.36248594985731 -21.810988600319245 -20.142173528624305 -21.217132911097455 -20.668326510114188 -21.85535536913852 -21.498711369076666 -19.31359955319815 -22.010950353221546 -21.083366815906324 -21.67515682527462 -21.874234332797787 -22.0559692600453 -21.59865829517345 -21.501273436042254
15.210420841683366 -20.692497883552115 -21.800677741447245 -21.43431784004365 -21.338676254496267 -22.004845006317275 -21.945494570518385 -20.140558896729896 -20.03660625596039 -17.039245484241977 -18.459991393129496 -16.725596923815246 -21.095325237007334 -20.196692138550606 -22.311792497148765 -21.74762613748919 -20.023065354726512 -21.14095912646254 -20.578745333796977 -21.800720735232897 -21.4314501202605 -19.19271950641093 -21.965638354896964 -21.00565396287969 -21.61424788089981 -21.849436488680208 -22.023477369229134 -21.578957410248712 -21.439996008906803
