web/models/mosfit_kne/mosfit_kn_1.0000/mosfit_kn_0.014776_0.5000_1.0000.dat
# %ECSV 1.0
# ---
# datatype:
# - {name: time, datatype: float64}
# - {name: PS1_g, datatype: float64}
# - {name: PS1_i, datatype: float64}
# - {name: PS1_r, datatype: float64}
# - {name: PS1_w, datatype: float64}
# - {name: PS1_y, datatype: float64}
# - {name: PS1_z, datatype: float64}
# - {name: swift_uvot_B, datatype: float64}
# - {name: swift_uvot_U, datatype: float64}
# - {name: swift_uvot_uvm2, datatype: float64}
# - {name: swift_uvot_uvw1, datatype: float64}
# - {name: swift_uvot_uvw2, datatype: float64}
# - {name: swift_uvot_V, datatype: float64}
# - {name: johnson_B, datatype: float64}
# - {name: johnson_I, datatype: float64}
# - {name: johnson_R, datatype: float64}
# - {name: johnson_U, datatype: float64}
# - {name: johnson_V, datatype: float64}
# - {name: sdss_g, datatype: float64}
# - {name: sdss_i, datatype: float64}
# - {name: sdss_r, datatype: float64}
# - {name: sdss_u, datatype: float64}
# - {name: sdss_z, datatype: float64}
# - {name: ATLAS_c, datatype: float64}
# - {name: ATLAS_o, datatype: float64}
# - {name: ukirt_H, datatype: float64}
# - {name: ukirt_J, datatype: float64}
# - {name: ukirt_K, datatype: float64}
# - {name: Clear, datatype: float64}
# meta: !!omap
# - comment: [kappa = 1.0, type = rprocess, mass = 0.014775890654408853, velocity = 0.5, theta_obs = 0.0, tfloor = 1000.0]
# schema: astropy-2.0
time PS1_g PS1_i PS1_r PS1_w PS1_y PS1_z swift_uvot_B swift_uvot_U swift_uvot_uvm2 swift_uvot_uvw1 swift_uvot_uvw2 swift_uvot_V johnson_B johnson_I johnson_R johnson_U johnson_V sdss_g sdss_i sdss_r sdss_u sdss_z ATLAS_c ATLAS_o ukirt_H ukirt_J ukirt_K Clear
[from data line 381]
22.965931863727455 11.880957561505454 2.999128748306159 6.474199526344009 4.506275714840022 -0.5240613002190919 0.8936146646280285 15.420864138069923 22.079808235964844 35.968403539994014 18.045390768039393 20.558407274519052 9.84047425437624 14.216926821103733 1.4456154418842084 4.415648208609208 21.048807056713095 8.885451919207485 12.69349766281989 3.080384700419163 6.702688185840433 22.58091376613967 0.32018705260604463 8.45327609608665 4.000863571476856 -5.473048678134588 -3.3235593826448966 -6.833337358607759 2.220381671078684
23.026052104208414 11.891673624156915 3.009844810957638 6.48491558899547 4.516991777491484 -0.5133452375676306 0.9043307272795076 15.431580200721402 22.090524298616316 35.97911960264549 18.056106830690872 20.569123337170524 9.8511903170277 14.227642883755212 1.4563315045356875 4.426364271260687 21.059523119364563 8.896167981858946 12.704213725471352 3.0911007630706244 6.713404248491912 22.59162982879114 0.33090311525750593 8.463992158738112 4.011579634128335 -5.462332615483127 -3.3128433199934353 -6.8226212959562975 2.231097733730145
23.086172344689377 11.902370992832036 3.020542179632759 6.495612957670591 4.527689146166605 -0.5026478688925096 0.9150280959546286 15.442277569396524 22.101221667291433 35.98981697132061 18.066804199365993 20.579820705845645 9.861887685702822 14.238340252430334 1.4670288732108085 4.437061639935808 21.070220488039684 8.906865350534067 12.714911094146473 3.1017981317457455 6.724101617167033 22.60232719746626 0.341600483932627 8.474689527413233 4.022277002803456 -5.451635246808006 -3.3021459513183142 -6.8119239272811765 2.2417951024052662
23.14629258517034 11.913049710949739 3.0312208977504618 6.506291675788294 4.538367864284325 -0.49196915077480696 0.9257068140723312 15.452956287514226 22.111900385409136 36.00049568943832 18.077482917483696 20.590499423963347 9.872566403820525 14.249018970548036 1.4777075913285111 4.447740358053511 21.080899206157397 8.917544068651788 12.725589812264193 3.112476849863448 6.734780335284736 22.613005915583962 0.3522792020503296 8.485368245530953 4.032955720921159 -5.440956528690285 -3.2914672332006116 -6.801245209163474 2.252473820522969
23.206412825651302 11.92370982087926 3.041881007679965 6.516951785717815 4.549027974213828 -0.4813090408452858 0.9363669240018346 15.46361639744373 22.12256049533865 36.011155799367835 18.088143027413217 20.601159533892858 9.883226513750046 14.25967908047754 1.4883677012580323 4.458400467983014 21.091559316086908 8.928204178581291 12.736249922193696 3.1231369597929692 6.745440445214257 22.623666025513476 0.36293931197985074 8.496028355460457 4.04361583085068 -5.430296418760782 -3.2808071232710905 -6.790585099233953 2.26313393045249
23.266533066132265 11.934351367556744 3.0525225543574663 6.527593332395298 4.55966952089133 -0.4706674941678024 0.9470084706793358 15.47425794412123 22.133202042016144 36.02179734604531 18.0987845740907 20.611801080570352 9.893868060427529 14.27032062715504 1.4990092479355157 4.469042014660515 21.10220086276439 8.938845725258775 12.74689146887118 3.1337785064704526 6.75608199189174 22.63430757219097 0.37358085865733415 8.50666990213794 4.054257377528163 -5.419654872083298 -3.270165576593607 -6.779943552556469 2.2737754771299734
23.326653306613224 11.944974390706378 3.0631455775071004 6.53821635554495 4.570292544040964 -0.46004447101816837 0.9576314938289698 15.484880967270865 22.143825065165785 36.03242036919496 18.109407597240335 20.622424103719986 9.904491083577163 14.280943650304675 1.5096322710851497 4.4796650378101495 21.112823885914032 8.949468748408426 12.757514492020832 3.1444015296200867 6.766705015041374 22.64493059534061 0.3842038818069682 8.517292925287592 4.064880400677797 -5.409031848933647 -3.2595425534439553 -6.769320529406835 2.2843985002796074
23.386773547094187 11.955578932047217 3.07375011884794 6.54882089688579 4.580897085381803 -0.4494399296773288 0.9682360351698094 15.495485508611704 22.154429606506618 36.0430249105358 18.120012138581174 20.633028645060826 9.915095624918003 14.291548191645514 1.5202368124259893 4.490269579150989 21.123428427254872 8.960073289749266 12.768119033361671 3.1550060709609262 6.777309556382214 22.655535136681443 0.39480842314780773 8.527897466628431 4.075484942018637 -5.398427307592807 -3.2489380121031335 -6.758715988065996 2.295003041620447
23.44689378757515 11.966165038887375 3.08433622568808 6.55940700372593 4.5914831922219435 -0.4388538228371708 0.9788221420099497 15.506071615451845 22.165015713346765 36.053611017375935 18.130598245421314 20.643614751900973 9.92568173175816 14.302134298485655 1.5308229192661296 4.500855685991129 21.134014534095016 8.970659396589406 12.778705140201811 3.1655921778010843 6.787895663222354 22.66612124352159 0.40539452998796577 8.538483573468572 4.086071048858795 -5.387841200752667 -3.2383519052629754 -6.748129881225838 2.305589148460605
23.507014028056112 11.97673275144103 3.094903938241753 6.569974716279603 4.602050904775616 -0.42828611028349783 0.9893898545636226 15.516639328005517 22.175583425900438 36.06417872992961 18.141165957974987 20.654182464454646 9.936249444311834 14.312702011039327 1.5413906318198025 4.511423398544802 21.14458224664869 8.981227109143079 12.789272852755484 3.1761598903547394 6.798463375776027 22.676688956075264 0.41596224254162095 8.549051286022245 4.09663876141245 -5.377273488198994 -3.2277841927093025 -6.7375621686721825 2.316156861014278
23.567134268537075 11.987282114647204 3.105453301447927 6.580524079485759 4.61260026798179 -0.4177367470773419 0.9999392177697963 15.527188691211691 22.1861327891066 36.074728093135775 18.15171532118116 20.664731827660813 9.94679880751799 14.323251374245501 1.5519399950259762 4.521972761750976 21.155131609854863 8.991776472349235 12.79982221596164 3.186709253560913 6.809012738982201 22.687238319281427 0.4265116057477947 8.559600649228418 4.107188124618624 -5.366724124992838 -3.2172348295031465 -6.727012805466009 2.326706224220434
23.627254509018034 11.997813168449607 3.115984355250312 6.591055133288162 4.623131321784175 -0.40720569327493905 1.0104702715721814 15.537719745014076 22.196663842908997 36.08525914693818 18.162246374983564 20.67526288146321 9.957329861320392 14.333782428047886 1.5624710488283613 4.532503815553361 21.165662663657255 9.002307526151638 12.810353269764043 3.197240307363316 6.819543792784604 22.697769373083823 0.4370426595501975 8.570131703030803 4.1177191784210265 -5.356193071190435 -3.2067037757007437 -6.716481751663606 2.3372372780228368
23.687374749498996 12.008325959068085 3.1264971458688073 6.601567923906639 4.633644112402653 -0.3966929026564614 1.0209830621906768 15.548232535632572 22.20717663352748 36.095771937556655 18.17275916560204 20.685775672081686 9.96784265193887 14.344295218666382 1.5729838394468567 4.543016606171839 21.176175454275732 9.012820316770116 12.82086606038252 3.2077530979817936 6.830056583403081 22.708282163702307 0.44755545016867515 8.580644493649281 4.128231969039504 -5.345680280571957 -3.196190985082266 -6.705968961045128 2.3477500686413144
23.74749498997996 12.018820529112109 3.1369917159128313 6.612062493950681 4.644138682446695 -0.3861983326124374 1.0314776322347008 15.558727105676596 22.217671203571506 36.10626650760069 18.183253735646066 20.696270242125717 9.978337221982894 14.354789788710406 1.5834784094908807 4.55351117621588 21.186670024319767 9.023314886814157 12.831360630426563 3.2182476680258176 6.840551153447105 22.71877673374633 0.45805002021269914 8.591139063693323 4.138726539083528 -5.335185710527916 -3.185696415038242 -6.695474391001104 2.3582446386853384
23.80761523046092 12.029296919199624 3.147468106000346 6.622538884038178 4.654615072534192 -0.3757219425249225 1.0419540223222157 15.56920349576411 22.228147593659024 36.11674289768819 18.19373012573358 20.706746632213232 9.988813612070409 14.36526617879792 1.5939547995783956 4.563987566303395 21.19714641440727 9.033791276901654 12.84183702051406 3.2287240581133325 6.85102754353462 22.72925312383385 0.468526410300214 8.60161545378082 4.149202929171043 -5.324709320440419 -3.175220024950727 -6.684998000913589 2.3687210287728533
23.867735470941884 12.039755174971543 3.1579263617722475 6.632997139810097 4.665073328306111 -0.36526368675300347 1.052412278094117 15.579661751536012 22.238605849430932 36.12720115346011 18.2041883815055 20.717204887985144 9.999271867842328 14.375724434569822 1.6044130553502969 4.574445822075297 21.20760467017919 9.044249532673573 12.852295276285979 3.2391823138852516 6.8614857993065215 22.739711379605758 0.4789846660721331 8.612073709552739 4.159661184942962 -5.3142510646684995 -3.164761769178808 -6.67453974514167 2.3791792845447723
23.927855711422843 12.050195338130774 3.1683665249314963 6.643437302969328 4.675513491465342 -0.35482352359377245 1.0628524412533658 15.59010191469526 22.24904601259017 36.137641316619344 18.21462854466473 20.727645051144375 10.009712031001559 14.38616459772907 1.6148532185095457 4.584885985234528 21.21804483333842 9.054689695832804 12.86273543944521 3.2496224770444826 6.87192596246577 22.750151542764996 0.4894248292313641 8.62251387271197 4.170101348102193 -5.3038109015092685 -3.154321606019577 -6.664099581982439 2.3896194477040034
23.987975951903806 12.060617451760418 3.178788638561123 6.653859416598973 4.685935605094986 -0.34440140996412794 1.0732745548829925 15.600524028324887 22.259468126219808 36.14806343024898 18.225050658294357 20.73806716477402 10.020134144631204 14.396586711358697 1.6252753321391724 4.595308098864172 21.228466946968055 9.065111809462449 12.873157553074854 3.260044590674127 6.882348076095397 22.760573656394634 0.4998469428610086 8.632935986341614 4.18052346173182 -5.293388787879624 -3.1438994923899326 -6.653677468352795 2.400041561333648
24.04809619238477 12.071021554734127 3.1891927415348498 6.664263519572682 4.696339708068695 -0.33399730699041896 1.0836786578567192 15.610928131298614 22.269872229193524 36.1584675332227 18.235454761268084 20.748471267747735 10.030538247604913 14.406990814332424 1.6356794351128991 4.605712201837899 21.238871049941775 9.075515912436158 12.883561656048563 3.270448693647836 6.892752179069124 22.77097775936835 0.5102510458347176 8.643340089315323 4.190927564705547 -5.282984684905915 -3.1334953894162236 -6.643273365379086 2.410445664307357
24.10821643286573 12.081407699401883 3.1995788862026053 6.674649664240437 4.706725852736451 -0.3236111623226634 1.0940648025244748 15.62131427596637 22.28025837386128 36.16885367789045 18.24584090593584 20.758857412415484 10.040924392272668 14.417376959000162 1.6460655797806547 4.616098346505637 21.24925719460953 9.085902057103914 12.893947800716319 3.2808348383155916 6.903138323736879 22.781363904036105 0.5206371905024731 8.653726233983079 4.201313709373302 -5.272598540238159 -3.123109244748468 -6.63288722071133 2.4208318089751124
24.168336673346694 12.091775920863377 3.2099471076640995 6.685017885701932 4.717094074197945 -0.3132429408611692 1.104433023985969 15.631682497427864 22.290626595322777 36.17922189935195 18.256209127397334 20.769225633876985 10.051292613734162 14.427745180461674 1.656433801242149 4.626466567967149 21.259625416071025 9.096270278565408 12.904316022177813 3.291203059777086 6.9135065451983735 22.791732125497603 0.5310054119639673 8.664094455444573 4.211681930834796 -5.262230318776665 -3.112741023286974 -6.622518999249836 2.4312000304366066
24.228456913827653 12.102126265204145 3.2202974520048677 6.6953682300427175 4.727444418538731 -0.30289259652038325 1.1147833683267372 15.642032841768632 22.300976939663553 36.18957224369272 18.266559471738102 20.77957597821776 10.061642958074948 14.438095524802442 1.666784145582917 4.636816912307917 21.269975760411803 9.106620622906194 12.914666366518599 3.301553404117854 6.923856889539142 22.80208246983838 0.5413557563047533 8.674444799785359 4.222032275175565 -5.251879974435879 -3.102390678946188 -6.612168654909068 2.4415503747773926
24.288577154308616 12.11245877898067 3.2306299657813753 6.705700743819225 4.7377769323152386 -0.2925600827438757 1.1251158821032448 15.65236535554514 22.31130945344006 36.19990475746924 18.276891985514627 20.78990849199427 10.071975471851456 14.44842803857895 1.6771166593594247 4.647149426084424 21.280308274188318 9.116953136682701 12.924998880295107 3.3118859178943794 6.934189403315667 22.812414983614886 0.5516882700812609 8.684777313561867 4.23236478895209 -5.241547460659372 -3.0920581651696804 -6.601836141132543 2.4518828885539
24.34869739478958 12.122773496830277 3.2409446836309996 6.716015461668849 4.748091650164863 -0.28224536489425134 1.135430599952869 15.662680073394764 22.321624171289685 36.21021947531886 18.287206703364234 20.800223209843885 10.08229018970108 14.458742756428574 1.687431377209049 4.657464143934049 21.29062299203793 9.127267854532326 12.935313598144731 3.322200635743986 6.944504121165274 22.82272970146451 0.5620029879308674 8.695092031411491 4.2426795068016965 -5.231232742809747 -3.0817434473200565 -6.591521423282936 2.4621976064035245
24.40881763527054 12.133070466358227 3.2512416531589317 6.7263124311967815 4.758388619692795 -0.2719483953663193 1.1457275694808011 15.672977042922696 22.331921140817617 36.2205164448468 18.297503672892184 20.810520179371824 10.092587159229012 14.469039725956506 1.6977283467369988 4.667761113461981 21.300919961565874 9.137564824060258 12.945610567672663 3.3324976052719357 6.954801090693223 22.833026670992442 0.5722999574588172 8.705389000939423 4.252976476329646 -5.220935773281815 -3.0714464777921244 -6.581224453754986 2.4724945759314565
24.468937875751504 12.14334973211093 3.2615209189116356 6.7365916969494855 4.768667885445499 -0.2616691296136153 1.1560068352335051 15.6832563086754 22.34220040657032 36.2307957105995 18.307782938644888 20.820799445124532 10.102866424981716 14.47931899170921 1.7080076124897028 4.678040379214685 21.31119922731858 9.147844089812962 12.955889833425367 3.3427768710246397 6.965080356445927 22.843305936745146 0.5825792232115212 8.715668266692127 4.26325574208235 -5.210656507529111 -3.0611672120394204 -6.570945188002282 2.4827738416841605
24.529058116232463 12.153611336877965 3.271782523678688 6.74685330171652 4.778929490212533 -0.2514075248465808 1.1662684400005574 15.693517913442452 22.352462011337366 36.24105731536654 18.318044543411922 20.831061049891574 10.11312802974875 14.489580596476262 1.7182692172567373 4.688301983981737 21.321460832085613 9.158105694579996 12.966151438192401 3.3530384757916742 6.975341961212962 22.85356754151219 0.5928408279785558 8.725929871459162 4.273517346849385 -5.200394902762077 -3.050905607272386 -6.560683583235248 2.493035446451195
24.589178356713425 12.163855322871093 3.282026509671816 6.757097287709648 4.789173476205679 -0.24116353885345276 1.1765124259936854 15.70376189943558 22.362705997330494 36.25130130135967 18.32828852940505 20.8413050358847 10.123372015741879 14.49982458246939 1.7285132032498653 4.698545969974865 21.331704818078748 9.168349680573124 12.97639542418553 3.3632824617848023 6.98558594720609 22.86381152750532 0.6030848139716838 8.736173857452307 4.283761332842513 -5.190150916768949 -3.040661621279258 -6.55043959724212 2.503279432444323
