web/models/mosfit_kne/mosfit_kn_1.0000/mosfit_kn_0.051209_0.2807_1.0000.dat
# %ECSV 1.0
# ---
# datatype:
# - {name: time, datatype: float64}
# - {name: PS1_g, datatype: float64}
# - {name: PS1_i, datatype: float64}
# - {name: PS1_r, datatype: float64}
# - {name: PS1_w, datatype: float64}
# - {name: PS1_y, datatype: float64}
# - {name: PS1_z, datatype: float64}
# - {name: swift_uvot_B, datatype: float64}
# - {name: swift_uvot_U, datatype: float64}
# - {name: swift_uvot_uvm2, datatype: float64}
# - {name: swift_uvot_uvw1, datatype: float64}
# - {name: swift_uvot_uvw2, datatype: float64}
# - {name: swift_uvot_V, datatype: float64}
# - {name: johnson_B, datatype: float64}
# - {name: johnson_I, datatype: float64}
# - {name: johnson_R, datatype: float64}
# - {name: johnson_U, datatype: float64}
# - {name: johnson_V, datatype: float64}
# - {name: sdss_g, datatype: float64}
# - {name: sdss_i, datatype: float64}
# - {name: sdss_r, datatype: float64}
# - {name: sdss_u, datatype: float64}
# - {name: sdss_z, datatype: float64}
# - {name: ATLAS_c, datatype: float64}
# - {name: ATLAS_o, datatype: float64}
# - {name: ukirt_H, datatype: float64}
# - {name: ukirt_J, datatype: float64}
# - {name: ukirt_K, datatype: float64}
# - {name: Clear, datatype: float64}
# meta: !!omap
# - comment: [kappa = 1.0, type = rprocess, mass = 0.051209162050732976, velocity = 0.2806666666666667, theta_obs = 0.0, tfloor = 1000.0]
# schema: astropy-2.0
time PS1_g PS1_i PS1_r PS1_w PS1_y PS1_z swift_uvot_B swift_uvot_U swift_uvot_uvm2 swift_uvot_uvw1 swift_uvot_uvw2 swift_uvot_V johnson_B johnson_I johnson_R johnson_U johnson_V sdss_g sdss_i sdss_r sdss_u sdss_z ATLAS_c ATLAS_o ukirt_H ukirt_J ukirt_K Clear
[from data line 318]
19.178356713426854 7.530807197274854 -1.3510216159244237 2.1240491621134083 0.1561253506094218 -4.8742116644496924 -3.4565356996025542 11.07071377383934 17.729657871734243 31.618253175763417 13.69524040380881 16.208256910288462 5.490323890145638 9.866776456873133 -2.9045349223463743 0.06549784437860784 16.6986566924825 4.535301554976885 8.34334729858929 -1.2697656638114374 2.3525378216098503 18.23076340190907 -4.029963311624556 4.10312573185605 -0.34928679275372687 -9.823199042365188 -7.673709746875497 -11.18348772283836 -2.1297686931519166
19.238476953907814 7.537511366726353 -1.3443174464729424 2.1307533315649074 0.16282952006092088 -4.867507494998193 -3.449831530151073 11.077417943290822 17.736362041185743 31.62495734521492 13.70194457326031 16.214961079739943 5.497028059597137 9.873480626324632 -2.897830752894893 0.07220201383010694 16.705360861934 4.5420057244283845 8.350051468040789 -1.2630614943599383 2.3592419910613316 18.23746757136057 -4.023259142173057 4.109829901307549 -0.3425826233022278 -9.816494872913688 -7.667005577423998 -11.17678355338686 -2.1230645237004175
19.298597194388776 7.544195261771005 -1.3376335514282722 2.13743722660956 0.16951341510557327 -4.860823599953541 -3.4431476351064028 11.084101838335492 17.743045936230395 31.631641240259572 13.708628468304962 16.221644974784613 5.50371195464179 9.880164521369302 -2.891146857850223 0.07888590887477709 16.712044756978653 4.548689619473037 8.356735363085441 -1.256377599315286 2.3659258861060017 18.24415146640522 -4.016575247128404 4.116513796352201 -0.3358987282575754 -9.809810977869036 -7.660321682379346 -11.170099658342208 -2.116380628655765
19.35871743486974 7.5508590118255725 -1.3309698013737048 2.144100976664145 0.17617716516015847 -4.854159849898956 -3.4364838850518353 11.09076558839006 17.74970968628498 31.63830499031415 13.71529221835953 16.22830872483918 5.510375704696375 9.88682827142387 -2.8844831077956554 0.08554965892934452 16.718708507033238 4.555353369527622 8.363399113140026 -1.2497138492607007 2.372589636160569 18.250815216459806 -4.009911497073819 4.123177546406787 -0.32923497820300796 -9.803147227814451 -7.65365793232476 -11.163435908287623 -2.10971687860118
19.4188376753507 7.557502738579025 -1.3243260746202523 2.1507447034175797 0.18282089191361095 -4.847516123145521 -3.429840158298383 11.097409315143512 17.756353413038433 31.644948717067596 13.721935945112982 16.234952451592633 5.5170194314498096 9.893471998177322 -2.877839381042203 0.092193385682797 16.725352233786673 4.561997096281057 8.370042839893461 -1.243070122507266 2.3792333629140217 18.25745894321326 -4.0032677703203845 4.129821273160239 -0.32259125144955547 -9.796503501061016 -7.647014205571326 -11.156792181534188 -2.1030731518477452
19.478957915831664 7.564126576142911 -1.317702237056384 2.157368540981466 0.18944472947747926 -4.840892285581635 -3.4232163207345145 11.10403315270738 17.7629772506023 31.651572554631475 13.728559782676868 16.2415762891565 5.523643269013696 9.90009583574119 -2.8712155434783346 0.09881722324666531 16.73197607135056 4.568620933844943 8.376666677457347 -1.23644628494338 2.3858572004779077 18.264082780777127 -3.9966439327564984 4.136445110724107 -0.3159674138856694 -9.78987966349713 -7.64039036800744 -11.150168343970302 -2.096449314283859
19.539078156312623 7.570730645185915 -1.3110981680133627 2.163972610024487 0.1960487985205006 -4.834288216538614 -3.416612251691493 11.110637221750402 17.769581319645322 31.65817662367449 13.735163851719872 16.248180358199523 5.530247338056717 9.906699904784212 -2.8646114744353133 0.10542129228968666 16.73858014039358 4.575225002887964 8.383270746500369 -1.2298422159003763 2.3924612695209113 18.270686849820148 -3.990039863713495 4.143049179767129 -0.3093633448426658 -9.783275594454109 -7.633786298964418 -11.143564274927298 -2.089845245240838
19.599198396793586 7.577315075857598 -1.3045137373416793 2.1705570406961705 0.20263322919218396 -4.82770378586693 -3.41002782101981 11.117221652422085 17.776165750317006 31.664761054346176 13.741748282391555 16.254764788871206 5.5368317687284 9.913284335455895 -2.85802704376363 0.11200572296137001 16.745164571065263 4.5818094335596475 8.389855177172052 -1.223257785228693 2.3990457001925947 18.27727128049183 -3.9834554330418115 4.149633610438812 -0.30277891417098246 -9.776691163782425 -7.627201868292735 -11.136979844255615 -2.0832608145691722
19.65931863727455 7.583879993504574 -1.297948819694703 2.1771219583431467 0.20919814683916016 -4.821138868219972 -3.4034629033728336 11.123786570069061 17.782730667963982 31.671325971993152 13.748313200038531 16.261329706518183 5.543396686375359 9.919849253102871 -2.8514621261166537 0.11857064060834621 16.751729488712222 4.588374351206624 8.396420094819028 -1.2166928675817168 2.405610617839571 18.283836198138808 -3.9768905153948353 4.156198528085788 -0.29621399652400626 -9.77012624613545 -7.620636950645759 -11.130414926608639 -2.076695896922196
19.71943887775551 7.590425523147601 -1.2914032900516759 2.183667487986156 0.21574367648216963 -4.814593338576945 -3.3969173737298064 11.130332099712088 17.78927619760699 31.677871501636165 13.754858729681558 16.26787523616121 5.549942216018386 9.92639478274588 -2.8449165964736265 0.12511617025135569 16.75827501835525 4.594919880849633 8.402965624462038 -1.2101473379386896 2.412156147482598 18.290381727781817 -3.970344985751808 4.162744057728798 -0.289668466880979 -9.76358071649244 -7.614091421002749 -11.123869396965612 -2.070150367279169
19.779559118236474 7.596951779871777 -1.2848770333275006 2.1901937447103315 0.22226993320634492 -4.808067081852769 -3.390391117005631 11.136858356436264 17.795802454331167 31.684397758360344 13.761384986405734 16.274401492885385 5.556468472742561 9.932921039470056 -2.838390339749451 0.13164242697553097 16.764801275079424 4.6014461375738085 8.409491881186213 -1.2036210812145143 2.4186824042067734 18.296907984505992 -3.9638187290276328 4.169270314452973 -0.28314221015680374 -9.757054459768264 -7.607565164278574 -11.117343140241436 -2.0636241105549935
19.839679358717433 7.603458888217567 -1.2783699249817104 2.1967008530561394 0.22877704155215284 -4.801559973506961 -3.383884008659841 11.143365464782054 17.802309562676975 31.690904866706145 13.767892094751524 16.280908601231175 5.562975581088369 9.939428147815864 -2.831883231403661 0.1381495353213389 16.771308383425232 4.607953245919616 8.41599898953202 -1.1971139728687064 2.4251895125525635 18.3034150928518 -3.957311620681825 4.175777422798781 -0.2766351018110136 -9.750547351422457 -7.601058055932766 -11.110836031895628 -2.0571170022091856
19.899799599198396 7.60994696425783 -1.2718818489414474 2.2031889290963846 0.2352651175923981 -4.795071897466716 -3.377395932619578 11.149853540822317 17.80879763871722 31.697392942746394 13.774380170791787 16.28739667727144 5.5694636571286145 9.94591622385611 -2.825395155363398 0.14463761136158415 16.777796459465478 4.614441321959862 8.422487065572266 -1.190625896828461 2.4316775885928266 18.309903168892045 -3.9508235446415796 4.182265498839026 -0.27014702577075056 -9.744059275382211 -7.594569979892521 -11.104347955855383 -2.0506289261689403
19.95991983967936 7.616416132287185 -1.2654126809120925 2.2096580971257396 0.2417342856217708 -4.788602729437361 -3.370926764590223 11.156322708851672 17.815266806746592 31.70386211077575 13.780849338821142 16.293865845300793 5.575932825157969 9.952385391885482 -2.818925987334043 0.15110677939095685 16.784265627494833 4.620910489989217 8.428956233601621 -1.1841567287991062 2.4381467566221815 18.316372336921418 -3.9443543766122247 4.188734666868399 -0.2636778577413956 -9.737590107352856 -7.588100811863166 -11.097878787826028 -2.0441597581395854
20.02004008016032 7.622866510187443 -1.2589623030118524 2.2161084750259974 0.24818466352201085 -4.782152351537103 -3.364476386689983 11.162773086751912 17.821717184646833 31.710312488676013 13.7872997167214 16.30031622320105 5.582383203058227 9.958835769785722 -2.812475609433803 0.1575571572911969 16.79071600539509 4.627360867889474 8.435406611501879 -1.1777063508988483 2.4445971345224393 18.32282271482166 -3.937903998711967 4.195185044768639 -0.2572274798411378 -9.731139729452599 -7.581650433962908 -11.09142840992577 -2.0377093802393276
20.080160320641284 7.629298215815332 -1.2525305973839451 2.222540180653887 0.25461636914991814 -4.775720645909214 -3.3580446810620757 11.16920479237982 17.82814889027474 31.716744194303903 13.793731422349289 16.30674792882894 5.588814908686117 9.96526747541363 -2.8060439038058957 0.1639888629191042 16.79714771102298 4.633792573517364 8.441838317129768 -1.1712746452709588 2.451028840150329 18.329254420449566 -3.9314722930840773 4.2016167503965285 -0.2507957742132483 -9.724708023824709 -7.5752187283350185 -11.08499670429788 -2.031277674611438
20.140280561122243 7.635711359005732 -1.246117454193545 2.228953323844287 0.26102951234031835 -4.769307502718814 -3.3516315378716754 11.17561793557022 17.83456203346514 31.723157337494303 13.80014456553969 16.31316107201934 5.595228051876517 9.97168061860403 -2.7996307606154955 0.1704020061095044 16.80356085421338 4.640205716707764 8.448251460320169 -1.1648615020805586 2.457441983340729 18.335667563639966 -3.925059149893677 4.2080298935869465 -0.24438263102284807 -9.718294880634309 -7.568805585144618 -11.07858356110748 -2.024864531421038
20.200400801603205 7.642106058340659 -1.2397227548586187 2.2353480231792133 0.2674242116752268 -4.7629128033838875 -3.3452368385367492 11.182012634905146 17.84095673280005 31.729552036829222 13.806539264874615 16.319555771354267 5.601622751211443 9.978075317938956 -2.7932360612805693 0.1767967054444306 16.809955553548306 4.64660041604269 8.454646159655095 -1.1584668027456324 2.4638366826756553 18.342062262974874 -3.918664450558751 4.214424592921855 -0.23798793168792187 -9.711900181299383 -7.562410885809692 -11.072188861772554 -2.0184698320861116
20.260521042084168 7.648482425012517 -1.2333463881867601 2.2417243898510897 0.27380057834710314 -4.756536436712029 -3.3388604718648907 11.188389001577004 17.847333099471925 31.735928403501095 13.812915631546474 16.325932138026126 5.607999117883302 9.984451684610814 -2.7868596946087107 0.1831730721162892 16.816331920220165 4.652976782714567 8.461022526326971 -1.1520904360737738 2.470213049347514 18.34843862964675 -3.9122880838868923 4.220800959593731 -0.23161156501606328 -9.705523814627506 -7.5560345191378335 -11.065812495100696 -2.012093465414253
20.32064128256513 7.654840575251107 -1.2269882379481878 2.248082540089662 0.2801587285856755 -4.750178286473439 -3.3325023216263183 11.194747151815577 17.853691249710497 31.742286553739678 13.819273781785064 16.332290288264716 5.614357268121892 9.990809834849387 -2.7805015443701206 0.18953122235486153 16.822690070458755 4.659334932953139 8.467380676565543 -1.1457322858351837 2.476571199586104 18.354796779885323 -3.905929933648302 4.227159109832304 -0.22525341477747318 -9.699165664388934 -7.549676368899243 -11.059454344862106 -2.005735315175663
20.38076152304609 7.661180622458357 -1.2206481907409383 2.2544225872969115 0.28649877579292493 -4.743838239266189 -3.326162274419069 11.201087199022826 17.860031296917747 31.748626600946924 13.825613828992314 16.338630335471947 5.620697315329141 9.997149882056636 -2.774161497162889 0.19587126956211098 16.829030117666004 4.6656749801603885 8.473720723772793 -1.1393922386279343 2.4829112467933356 18.361136827092572 -3.8995898864410528 4.233499157039553 -0.21891336757022373 -9.692825617181684 -7.543336321691994 -11.053114297654856 -1.9993952679684135
20.440881763527052 7.667502677623226 -1.2143261355760515 2.2607446424617983 0.29282083095781175 -4.73751618410132 -3.319840219254182 11.207409254187713 17.866353352082633 31.754948656111804 13.831935884157183 16.344952390636834 5.62701937049401 10.003471937221523 -2.767839441998002 0.2021933247269978 16.835352172830873 4.671997035325275 8.48004277893768 -1.1330701834630652 2.4892333019582225 18.36745888225746 -3.8932678312761837 4.23982121220444 -0.21259131240535467 -9.686503562016798 -7.537014266527125 -11.046792242489987 -1.9930732128035444
20.501002004008015 7.673806846622941 -1.2080219665763536 2.267048811461496 0.29912499995750963 -4.731212015101605 -3.313536050254484 11.21371342318741 17.87265752108233 31.7612528251115 13.83824005315688 16.351256559636532 5.633323539493726 10.00977610622122 -2.7615352729983043 0.20849749372669568 16.84165634183059 4.678301204324973 8.486346947937378 -1.1267660144633496 2.4955374709579203 18.373763051257157 -3.886963662276468 4.246125381204138 -0.20628714340563903 -9.6801993930171 -7.530710097527409 -11.040488073490272 -1.9867690438038288
20.561122244488978 7.680093241189994 -1.2017355720093015 2.2733352060285483 0.3054113945245618 -4.7249256205345525 -3.307249655687432 11.219999817754463 17.878943915649383 31.76753921967855 13.844526447723933 16.357542954203584 5.639609934060778 10.016062500788273 -2.755248878431252 0.21478388829374784 16.84794273639764 4.684587598892025 8.49263334250443 -1.1204796198962974 2.5018238655249725 18.38004944582421 -3.880677267709416 4.25241177577119 -0.20000074883860464 -9.673912998450048 -7.524423702960357 -11.03420167892322 -1.9804826492367766
20.62124248496994 7.68636196661701 -1.195466846582267 2.279603931455565 0.31168011995159617 -4.718656895107536 -3.3009809302603976 11.226268543181497 17.885212641076418 31.773807945105577 13.850795173150967 16.36381167963062 5.645878659487795 10.022331226215307 -2.7489801530042177 0.22105261372078222 16.854211461824658 4.690856324319042 8.498902067931446 -1.1142108944692808 2.508092590952007 18.386318171251226 -3.8744085422823993 4.2586805011982065 -0.19373202341157025 -9.667644273023031 -7.5181549775333405 -11.027932953496203 -1.97421392380976
20.6813627254509 7.692613133971733 -1.189215679227562 2.2858550988102877 0.31793128730630116 -4.712405727752813 -3.2947297629056926 11.232519710536202 17.891463808431123 31.78005911246029 13.857046340505672 16.370062846985324 5.6521298268425175 10.028582393570012 -2.7427289856495127 0.2273037810754872 16.86046262917938 4.697107491673765 8.50515323528617 -1.107959727114558 2.514343758306712 18.39256933860595 -3.8681573749276765 4.264931668552929 -0.1874808560568475 -9.661393105668308 -7.511903810178618 -11.02168178614148 -1.9679627564550373
20.741482965931862 7.69884685016768 -1.1829819630315974 2.2920888150062346 0.3241650035022481 -4.706172011556866 -3.288496046709728 11.238753426732167 17.89769752462707 31.786292828656247 13.863280056701637 16.37629656318129 5.6583635430384644 10.034816109765977 -2.736495269453548 0.2335374972714519 16.866696345375328 4.703341207869712 8.511386951482116 -1.101726010918611 2.5205774745026766 18.398803054801895 -3.8619236587317296 4.271165384748876 -0.18124713986090057 -9.655159389472361 -7.505670093982671 -11.015448069945533 -1.9617290402590903
20.801603206412825 7.70506322316546 -1.176765590033817 2.298305188004033 0.3303813765000463 -4.699955638559068 -3.2822796737119475 11.244969799729947 17.903913897624868 31.79250920165404 13.869496429699417 16.38251293617907 5.664579916036263 10.041032482763757 -2.7302788964557676 0.23975387026923234 16.872912718373126 4.70955758086751 8.517603324479914 -1.0955096379208307 2.526793847500457 18.405019427799694 -3.855707285733949 4.277381757746674 -0.17503076686312014 -9.648943016474563 -7.499453720984873 -11.009231696947753 -1.9555126672612921
