web/models/mosfit_kne/mosfit_kn_1.0000/mosfit_kn_0.062996_0.2963_1.0000.dat
# %ECSV 1.0
# ---
# datatype:
# - {name: time, datatype: float64}
# - {name: PS1_g, datatype: float64}
# - {name: PS1_i, datatype: float64}
# - {name: PS1_r, datatype: float64}
# - {name: PS1_w, datatype: float64}
# - {name: PS1_y, datatype: float64}
# - {name: PS1_z, datatype: float64}
# - {name: swift_uvot_B, datatype: float64}
# - {name: swift_uvot_U, datatype: float64}
# - {name: swift_uvot_uvm2, datatype: float64}
# - {name: swift_uvot_uvw1, datatype: float64}
# - {name: swift_uvot_uvw2, datatype: float64}
# - {name: swift_uvot_V, datatype: float64}
# - {name: johnson_B, datatype: float64}
# - {name: johnson_I, datatype: float64}
# - {name: johnson_R, datatype: float64}
# - {name: johnson_U, datatype: float64}
# - {name: johnson_V, datatype: float64}
# - {name: sdss_g, datatype: float64}
# - {name: sdss_i, datatype: float64}
# - {name: sdss_r, datatype: float64}
# - {name: sdss_u, datatype: float64}
# - {name: sdss_z, datatype: float64}
# - {name: ATLAS_c, datatype: float64}
# - {name: ATLAS_o, datatype: float64}
# - {name: ukirt_H, datatype: float64}
# - {name: ukirt_J, datatype: float64}
# - {name: ukirt_K, datatype: float64}
# - {name: Clear, datatype: float64}
# meta: !!omap
# - comment: [kappa = 1.0, type = rprocess, mass = 0.06299605249512866, velocity = 0.29633333333333334, theta_obs = 0.0, tfloor = 1000.0]
# schema: astropy-2.0
time PS1_g PS1_i PS1_r PS1_w PS1_y PS1_z swift_uvot_B swift_uvot_U swift_uvot_uvm2 swift_uvot_uvw1 swift_uvot_uvw2 swift_uvot_V johnson_B johnson_I johnson_R johnson_U johnson_V sdss_g sdss_i sdss_r sdss_u sdss_z ATLAS_c ATLAS_o ukirt_H ukirt_J ukirt_K Clear
[from data line 56]
3.4268537074148293 -11.945451051871547 -14.540096782658338 -13.582041349638008 -13.641454953704528 -15.343367725537735 -15.048780741333108 -10.874664484485763 -9.576405249738702 -3.8633125391592875 -7.639505029406131 -5.673260585278545 -12.744633897032386 -11.022371636446774 -15.226077647640086 -14.089840085654696 -9.760034868625837 -12.861779621029664 -11.700329337327293 -14.524091075929864 -13.560588148862003 -8.83657920676816 -15.137972006209228 -12.724579550773 -14.08006094344234 -16.031404805348238 -15.822528390016526 -16.0166017250515 -14.03637228100914
3.4869739478957915 -11.812852732280223 -14.464809700635826 -13.483700255818807 -13.553397893264094 -15.29198232803326 -14.987892987144154 -10.721196017556977 -9.376567199203372 -3.564363576718004 -7.45482791233119 -5.491433529063187 -12.626081416756893 -10.873579144964104 -15.157867547842436 -14.000165062084317 -9.567486771568305 -12.746788461913406 -11.562610544884517 -14.448168318064347 -13.461253243558495 -8.639968961257907 -15.080075699540476 -12.611887303268876 -13.995474463085564 -16.014807313620413 -15.790080557873623 -16.010712024401453 -13.961482249185782
3.5470941883767533 -11.67728977409487 -14.387279520518828 -13.382815251113573 -13.46319255055409 -15.238700032314991 -14.924962505484345 -10.564440021248409 -9.172816170147549 -3.2606832390535905 -7.268284472990736 -5.307985021807248 -12.504657556781133 -10.72165163076566 -15.087525670300199 -13.908150274416286 -9.37110244579672 -12.62903634707685 -11.421858392711286 -14.369993687122431 -13.359340996644509 -8.43943610161217 -15.020199345412024 -12.496615560798325 -13.908626732242588 -15.996897510326097 -15.756049738230349 -16.003704778631246 -13.884727402751817
3.6072144288577155 -11.538721398962366 -14.307483895221509 -13.279356848738395 -13.370816855094052 -15.183506456522586 -14.859971490191306 -10.40434756028229 -8.965085659156316 -2.9521936989972835 -7.079820971907154 -5.122820142001817 -12.380323886547721 -10.566545865668399 -15.01503250475847 -13.813773347297282 -9.170818032473875 -12.508489016627296 -11.278030345721604 -14.289544654522892 -13.254820835120213 -8.234914246359715 -14.958327077704023 -12.378733420925165 -13.819496348732656 -15.97767488676826 -15.720429005641137 -15.99558450673676 -13.806092345070606
3.6673346693386772 -11.39717310518483 -14.225444158593525 -13.17334835937828 -13.276297220524214 -15.126421424088008 -14.792940108190322 -10.240944270103018 -8.753401999153088 -2.6389497996224547 -6.88946574745092 -4.935925803610001 -12.253102756004488 -10.40829140394941 -14.94040942604568 -13.71706136190894 -8.966659690382592 -12.385171646974909 -11.131152172411003 -14.206842626423555 -13.147715374134314 -8.026428638521743 -14.894479837375822 -12.25826830456846 -13.728109263204828 -15.957159273895446 -15.68323810695425 -15.986371794747958 -13.725604918790957
3.727454909819639 -11.25262714516607 -14.141152619079325 -13.064778366216672 -13.17962786354748 -15.06744165248218 -14.72386306010911 -10.074207375856414 -8.537731553315364 -2.3209229943280922 -6.697188067364372 -4.747231819289887 -12.122976722765372 -10.246870689936966 -14.863650554073075 -13.61800898608567 -8.75859546188802 -12.259070627362545 -10.981205129516027 -14.121879828471648 -13.038012234974712 -7.81394537067813 -14.82865387827065 -12.13520933805702 -13.634460186412891 -15.93535600907861 -15.644478383482632 -15.976075393114362 -13.643264090598421
3.787575150300601 -11.105056599011878 -14.054595185198924 -12.953627955259783 -13.080796010798217 -15.006558609462228 -14.652729331144858 -9.90410392944175 -8.318028207376482 -1.9980687294713766 -6.502943082023549 -4.55665542194421 -11.989919811011688 -10.082256375657565 -14.784743968743694 -13.516603990589175 -8.54658131036021 -12.130164120077376 -10.828161058277423 -14.03464205835034 -12.925691471139782 -7.5974182291494685 -14.760839925124873 -12.009537464343119 -13.538537085082858 -15.912266860514489 -15.60414685409203 -15.96470100821932 -13.559062544506304
3.847695390781563 -10.954507694471811 -13.965806187614458 -12.839936625706834 -12.979842134081725 -14.943801744137257 -14.57957005359285 -9.730683315586106 -8.094348252701025 -1.670487612218337 -6.3067747484934245 -4.364202635880176 -11.853973332556606 -9.91450130470723 -14.703723073355423 -13.412888720291473 -8.330672546165207 -11.998495979383408 -10.672067173640478 -13.945163814896109 -12.810792016924886 -7.376902171754018 -14.69106952827401 -11.881297825366186 -13.44038017295933 -15.887916156183742 -15.562270149325066 -15.952272120997877 -13.47304026966368
3.9078156312625247 -10.80092544020994 -13.874752362230787 -12.723662750969549 -12.876732286821735 -14.879147039492029 -14.504357246415722 -9.55388131577988 -7.866606997616135 -1.3380835672680673 -6.108597764925712 -4.169753814131919 -11.715085371220646 -9.74354786327789 -14.620557902986963 -13.306829915701048 -8.110787789500009 -11.864019234195789 -10.512866461732013 -13.853411630491408 -12.693271021342802 -7.152312961371887 -14.61931698899864 -11.750446384648132 -13.339956973940001 -15.862295533054521 -15.518832746199198 -15.938785960074958 -13.385170933259758
3.967935871743487 -10.644327595997218 -13.781448657343436 -12.604822835146816 -12.77148546240527 -14.812608319632119 -14.427104909100752 -9.373715597418741 -7.634821570609276 -1.0009046838655804 -5.908415474669475 -3.9732781007483307 -11.57327097126662 -9.569418172065237 -14.53526362455656 -13.198448615722349 -7.886944452769484 -11.726752277081205 -10.350576870854944 -13.759400527246672 -12.573144234350213 -6.923666973651006 -14.545597273054103 -11.617002935558602 -13.237286989319283 -15.835419129119682 -15.473848640019092 -15.924257487487415 -13.295475222783661
4.028056112224449 -10.484720457292251 -13.685902215322567 -12.483424128503362 -12.664111921944325 -14.744193100470113 -14.347820132739262 -9.190191082727061 -7.398993365343003 -0.6589780155721341 -5.7062146064269825 -3.7747299102983543 -11.428534626404236 -9.39212199593348 -14.447848055804855 -13.087757283164347 -7.659144739935428 -11.586703276788429 -10.185204566558035 -13.66313768434285 -12.450418080686774 -6.690965108999443 -14.469918658333398 -11.480977011903697 -13.132381354032905 -15.80729691082778 -15.427326698927253 -15.9086981422522 -13.203965944602345
4.0881763527054105 -10.322085952688145 -13.588103758685932 -12.359454280129043 -12.554603890782694 -14.673895809057598 -14.2664955810781 -9.003285422247782 -7.15908999212747 -0.312284634022169 -5.501950526090962 -3.5740343975221864 -11.280858340374202 -9.21164267667573 -14.358303604989146 -12.974750219756459 -7.42735813317082 -11.443858585476592 -10.016730641750886 -13.564613776091807 -12.325079214881622 -6.454174936053505 -14.39227546962984 -11.342356616790727 -13.025233637828073 -15.777930648500714 -15.37926537979132 -15.892112680051563 -13.110639831849067
4.148296593186372 -10.156464382168693 -13.488082808230182 -12.232947664837965 -12.442995742271599 -14.601741328156148 -14.18315771587416 -8.813042038494398 -6.915160820282971 0.03907953481035964 -5.295648015247387 -3.371186700783063 -11.13027802124493 -9.028027442491794 -14.266658984794713 -12.85946523542479 -7.191633491722477 -11.298257080449757 -9.845196333998132 -13.463858498126964 -12.197161430693075 -6.213344916212602 -14.312694741157337 -11.20118076095233 -12.915879024131875 -15.747340084549691 -15.32968683362288 -15.874519913084269 -13.015530857718023
4.208416833667335 -9.987885323853956 -13.385861645328045 -12.103930042054003 -12.32931364001729 -14.527748713719202 -14.097826608509791 -8.619492442744782 -6.667240490590558 0.3950385845633315 -5.087316913032733 -3.166168913158692 -10.976819767349195 -8.841311927829047 -14.17293609422596 -12.741932123166386 -6.952005456362588 -11.149928112151278 -9.67063185880809 -13.360894272024577 -12.06668985011735 -5.968509056081306 -14.231197317645368 -11.057478815063977 -12.804344865140731 -15.715541115715986 -15.278608483844778 -15.85593539488629 -12.918665555674309
4.268537074148297 -9.816298600639417 -13.281409159055784 -11.97236315879934 -12.213525641102922 -14.451894808148005 -14.010475622702803 -8.422578542268006 -6.415252427771225 0.755669920786521 -4.876870888187366 -2.95886980766744 -10.820435976942317 -8.651444932188571 -14.077106815460862 -12.622121321966475 -6.708400815945332 -10.99882945352167 -9.492985309271997 -13.255689836091484 -11.933625005471722 -5.719591445464758 -14.147758884858117 -10.911210168387075 -12.690601411999971 -15.682524074661806 -15.226014602868592 -15.836354308968266 -12.8200190217294
4.328657314629258 -9.641786006053703 -13.174782323152101 -11.838314596897508 -12.095695140716227 -14.37422580825956 -13.92115500222669 -8.222390843833544 -6.159304649335056 1.1207945570168905 -4.664380728647206 -2.7493346752300805 -10.6612011310797 -8.458519297440045 -13.979225477382162 -12.500101513782155 -6.460925542241515 -10.84503758983647 -9.312340721428178 -13.148302509192309 -11.798034244385516 -5.466698835080663 -14.062429476979759 -10.762449519076469 -12.574713060244598 -15.648320534910344 -15.171943572956188 -15.81580423956037 -12.719650473813378
4.38877755511022 -9.464333683206316 -13.065974124971618 -11.701775189883445 -11.975815931756735 -14.294737360806877 -13.829859039324592 -8.018912360289605 -5.899371727949951 1.4904177797844982 -4.449802728055463 -2.537497264823173 -10.499101326960265 -8.26252367834677 -13.879286476855743 -12.375870203612404 -6.209556189368694 -10.688543154651862 -9.128683635949315 -13.03872527365904 -11.659907474353624 -5.209806078078181 -13.975205032641487 -10.611187675444356 -12.456675757688576 -15.612931548193437 -15.11639412395212 -15.794288497779315 -12.617557544463676
4.448897795591182 -9.284010192903764 -12.955032631117493 -11.562801919921917 -11.853941059698201 -14.213468468178334 -13.736630102172906 -7.81221898274601 -5.635543620676096 1.864385410921849 -4.23319035792721 -2.3233887809185414 -10.334199053876418 -8.063536616838046 -13.777335747204848 -12.249486177406308 -5.954381356856821 -10.529410987352444 -8.942084495205656 -12.927006501873155 -11.519301396901938 -4.949002295387697 -13.886127958590375 -10.457487266808716 -12.336544134398064 -15.576383802445829 -15.059398744377324 -15.771830423547486 -12.51378998127743
4.509018036072144 -9.100802231621508 -12.841951087982277 -11.42138604775445 -11.730064155923063 -14.130414817887011 -13.641462609689992 -7.602294579948828 -5.367796047053197 2.242700422523016 -4.014500849197606 -2.10694654540282 -10.166481077162405 -7.861547561921526 -13.67336788473833 -12.120947376608388 -5.695378851620056 -10.367632454997755 -8.752529445772268 -12.81313944761088 -11.376206381361662 -4.684263663154802 -13.795194329724882 -10.30133920890103 -12.214314284494225 -15.538677891011542 -15.000955977437014 -15.748432644596482 -12.408345070804945
4.569138276553106 -8.91478289350145 -12.726780569320386 -11.277588228138526 -11.604240846191445 -14.045617645735717 -13.544401481911699 -7.38922039929892 -5.0962256960022145 2.6251995944104296 -3.7937927790037125 -1.8882095111791162 -9.996014345392236 -7.656640077877611 -13.567431587998009 -11.990315907169926 -5.432643956687137 -10.20327672505301 -8.560093631001848 -12.697175516636463 -11.230682891853672 -4.415686196811048 -13.702449008993423 -10.142809619532507 -12.090043766608485 -15.499841327527669 -14.941099826199123 -15.7241187944782 -12.301274527497306
4.629258517034068 -8.72593883152744 -12.609514222272633 -11.131399689870527 -11.476464215771749 -13.959072426451584 -13.445440969118145 -7.172980479180558 -4.820808572094393 3.0118852780710954 -3.5710245622015786 -1.6671184915756174 -9.822785762612593 -7.448803709488882 -13.459521322256666 -11.85758969616619 -5.166154895058572 -10.036335370099499 -8.364763185582316 -12.579107873346533 -11.082721301580829 -4.143246546362391 -13.60788792282591 -9.981889008117157 -11.963728397294222 -15.459874155239849 -14.879828480064157 -15.69889076911572 -12.192574963561569
4.68937875751503 -8.534362311925818 -12.490215993680192 -10.982896548703653 -11.346803014841012 -13.87083044555105 -13.344637190332769 -6.953677897362463 -4.541668552569469 3.402557990494139 -3.34627749646021 -1.4437374367689801 -9.646880362759564 -7.23814288903608 -13.349697785790433 -11.722844992871295 -4.896033485884505 -9.86689505087467 -8.166633026030823 -12.45900087616091 -10.932397755870653 -3.8670678861118013 -13.511566732713707 -9.818659729021793 -11.835439073987857 -15.418809413162538 -14.817183579755431 -15.672776198555807 -12.082309305210597
4.749498997995992 -8.340095728758428 -12.368916433690273 -10.8321148847374 -11.215289783487918 -13.780916596398267 -13.242017049217942 -6.7313596918010985 -4.258859960265404 3.7971142253015318 -3.1195754537165317 -1.2180744598723012 -9.46833707550913 -7.024707772206597 -13.237990400252972 -11.586120980896172 -4.622334110017292 -9.694997709631712 -7.965746719751969 -12.33688530668708 -10.779747999185751 -3.5872046475966 -13.413512877525271 -9.653160412998911 -11.705210996425564 -15.376664224909927 -14.75318607921986 -15.645790056210467 -11.97050850514703
4.809619238476953 -8.143148906887827 -12.24562423452646 -10.679064608763511 -11.081933463705376 -13.68933847669279 -13.137588308049466 -6.506036313389308 -3.9723917162009847 4.195512766464373 -2.8909059853118886 -0.990102455997913 -9.287164688023683 -6.808513141052263 -13.124408119112509 -11.44743269443823 -4.3450671433191985 -9.520656121844675 -7.76211430696792 -12.212769973291469 -10.624781359439002 -3.303666390867477 -13.313735327147018 -9.485401155367477 -11.573056055482631 -15.333445274946499 -14.687843375026189 -15.617939007360595 -11.857182733046034
4.869739478957916 -7.943620377487068 -12.120407686210886 -10.523827003904511 -10.946806287703126 -13.596150698144172 -13.031410846013767 -6.277818244205014 -3.6823970254542004 4.5975447049849345 -2.6603587658047085 -0.759897136578672 -9.10345459991592 -6.589670066298993 -13.009015631518139 -11.306860773424134 -4.064363664115078 -9.343962943951938 -7.555837190740053 -12.086723611715371 -10.467579329164352 -3.0165859068172374 -13.212293322076523 -9.315469004673389 -11.43904906354777 -15.28918697004515 -14.621199429249907 -15.589251258954702 -11.74239742517921
4.929859719438878 -7.741590670355976 -11.993323079780893 -10.366468938655586 -10.80996720995028 -13.501398386177499 -12.923534050887397 -6.0467958044560275 -3.3889841078140925 5.003036913849905 -2.4280030929481806 -0.527515093646048 -8.917281708726865 -6.3682699299547565 -12.891866372822395 -11.164472377229544 -3.780330559211038 -9.164994752268585 -7.346998244501801 -11.958802895236165 -10.308208889973596 -2.7260713725570973 -13.109235948021212 -9.143435060659737 -11.303251811278585 -15.243917893794144 -14.553290721669752 -15.559750292264097 -11.626206163975148
4.98997995991984 -7.537049589117384 -11.864365750032952 -10.206984308785678 -10.671410085866917 -13.405078507076915 -12.813953961441715 -5.812957175600025 -3.0921343627320397 5.411988791534694 -2.1938064732023217 -0.292912013153209 -8.728636626503505 -6.144305638406159 -12.772956742428462 -11.020267520453874 -3.492951665771724 -8.983746649906815 -7.135586924518105 -11.829003212701501 -10.146663289687137 -2.43210539393937 -13.004560843523638 -8.969291400511157 -11.165661477725202 -15.197637958401394 -14.484116159072132 -15.529437076421233 -11.508605523743398
5.050100200400801 -7.3301229309119975 -11.733622530631411 -10.045476486477689 -10.531225692018609 -13.307260272896624 -12.702746688258717 -5.576443872424007 -2.7920197123061286 5.824144462229481 -1.9578909691721864 -0.056199195984681705 -8.537636730949576 -5.917917470127708 -12.652368700354792 -10.874346591011676 -3.2023958093091953 -8.800336109792555 -6.921732738016875 -11.697411951563126 -9.98304650152436 -2.1348594905657237 -12.898342822467779 -8.79314801223087 -11.026371641488524 -15.150389719659763 -14.413730848429738 -15.498345730893435 -11.389676567912037
