web/models/mosfit_kne/mosfit_kn_1.0000/mosfit_kn_0.095333_0.4217_1.0000.dat
# %ECSV 1.0
# ---
# datatype:
# - {name: time, datatype: float64}
# - {name: PS1_g, datatype: float64}
# - {name: PS1_i, datatype: float64}
# - {name: PS1_r, datatype: float64}
# - {name: PS1_w, datatype: float64}
# - {name: PS1_y, datatype: float64}
# - {name: PS1_z, datatype: float64}
# - {name: swift_uvot_B, datatype: float64}
# - {name: swift_uvot_U, datatype: float64}
# - {name: swift_uvot_uvm2, datatype: float64}
# - {name: swift_uvot_uvw1, datatype: float64}
# - {name: swift_uvot_uvw2, datatype: float64}
# - {name: swift_uvot_V, datatype: float64}
# - {name: johnson_B, datatype: float64}
# - {name: johnson_I, datatype: float64}
# - {name: johnson_R, datatype: float64}
# - {name: johnson_U, datatype: float64}
# - {name: johnson_V, datatype: float64}
# - {name: sdss_g, datatype: float64}
# - {name: sdss_i, datatype: float64}
# - {name: sdss_r, datatype: float64}
# - {name: sdss_u, datatype: float64}
# - {name: sdss_z, datatype: float64}
# - {name: ATLAS_c, datatype: float64}
# - {name: ATLAS_o, datatype: float64}
# - {name: ukirt_H, datatype: float64}
# - {name: ukirt_J, datatype: float64}
# - {name: ukirt_K, datatype: float64}
# - {name: Clear, datatype: float64}
# meta: !!omap
# - comment: [kappa = 1.0, type = rprocess, mass = 0.09533330950298248, velocity = 0.4216666666666667, theta_obs = 0.0, tfloor = 1000.0]
# schema: astropy-2.0
time PS1_g PS1_i PS1_r PS1_w PS1_y PS1_z swift_uvot_B swift_uvot_U swift_uvot_uvm2 swift_uvot_uvw1 swift_uvot_uvw2 swift_uvot_V johnson_B johnson_I johnson_R johnson_U johnson_V sdss_g sdss_i sdss_r sdss_u sdss_z ATLAS_c ATLAS_o ukirt_H ukirt_J ukirt_K Clear
[from data line 318]
19.178356713426854 7.749512041712769 -1.132316771486508 2.342754006551342 0.3748301950473554 -4.655506820011759 -3.2378308551646384 11.289418618277256 17.948362716172177 31.836958020201347 13.913945248246726 16.426961754726378 5.709028734583572 10.085481301311066 -2.6858300779084585 0.2842026888165414 16.917361536920435 4.754006399414819 8.562052143027223 -1.0510608193735216 2.571242666047766 18.449468246347003 -3.81125846718664 4.3218305762939835 -0.13058194831581105 -9.604494197927254 -7.4550049024375635 -10.964782878400444 -1.911063848713983
19.238476953907814 7.757934022257498 -1.1238947909417973 2.3511759870960525 0.3832521755920659 -4.647084839467048 -3.229408874619928 11.297840598821967 17.956784696716888 31.845380000746065 13.922367228791455 16.435383735271106 5.717450715128282 10.093903281855777 -2.677408097363748 0.292624669361252 16.925783517465145 4.7624283799595295 8.570474123571934 -1.0426388388287933 2.5796646465924944 18.457890226891713 -3.8028364866419118 4.330252556838694 -0.12215996777108273 -9.596072217382543 -7.446582921892853 -10.956360897855715 -1.9026418681692725
19.298597194388776 7.7663303397763706 -1.1154984734229068 2.3595723046149253 0.39164849311093874 -4.6386885219481755 -3.2210125571010373 11.306236916340858 17.96518101423576 31.853776318264938 13.930763546310327 16.44378005278998 5.725847032647155 10.102299599374668 -2.6690117798448574 0.30102098688014256 16.93417983498402 4.770824697478402 8.578870441090807 -1.0342425213099204 2.588060964111367 18.466286544410586 -3.794440169123039 4.338648874357567 -0.11376365025220991 -9.58767589986367 -7.43818660437398 -10.947964580336842 -1.8942455506503997
19.35871743486974 7.774701165446416 -1.107127647752879 2.3679431302849707 0.4000193187809842 -4.63031769627813 -3.2126417314310096 11.314607742010885 17.973551839905806 31.862147143934973 13.939134371980355 16.452150878460007 5.7342178583172005 10.110670425044695 -2.6606409541748297 0.30939181255017023 16.942550660654064 4.779195523148448 8.587241266760852 -1.025871695639875 2.596431789781395 18.47465737008063 -3.7860693434529935 4.347019700027612 -0.10539282458216448 -9.579305074193625 -7.429815778703935 -10.939593754666797 -1.8858747249803542
19.4188376753507 7.783046643165683 -1.098782170033612 2.376288608004238 0.40836479650025126 -4.621972218558863 -3.2042962537117425 11.322953219730152 17.981897317625073 31.87049262165424 13.947479849699622 16.460496356179274 5.742563336036468 10.119015902763962 -2.6522954764555626 0.3177372902694373 16.95089613837333 4.787541000867715 8.59558674448012 -1.017526217920608 2.604777267500662 18.4830028477999 -3.7777238657337264 4.355365177746879 -0.0970473468628974 -9.570959596474358 -7.421470300984668 -10.93124827694753 -1.8775292472610872
19.478957915831664 7.791366954005543 -1.0904618591937343 2.3846089188440978 0.4166851073401112 -4.613651907719003 -3.195975942871865 11.33127353057003 17.990217628464933 31.87881293249411 13.9558001605395 16.46881666701915 5.750883646876328 10.12733621360384 -2.643975165615685 0.32605760110931503 16.95921644921319 4.795861311707575 8.60390705531998 -1.009205907080748 2.6130975783405397 18.49132315863976 -3.7694035548938665 4.363685488586739 -0.08872703602303744 -9.562639285634498 -7.413149990144808 -10.92292796610767 -1.8692089364212272
19.539078156312623 7.799662252526627 -1.0821665606726505 2.3929042173651816 0.424980405861195 -4.605356609197919 -3.187680644350781 11.339568829091114 17.998512926986017 31.887108231015194 13.964095459060584 16.477111965540235 5.759178945397411 10.135631512124924 -2.635679867094601 0.33435289963038106 16.967511747734275 4.804156610228659 8.612202353841063 -1.0009106085596642 2.6213928768616235 18.499618457160842 -3.7611082563727827 4.371980787107823 -0.08043173750195365 -9.554343987113414 -7.404854691623724 -10.914632667586586 -1.8609136379001434
19.599198396793586 7.80793273595096 -1.0738960772483352 2.4011747007895146 0.433250889285528 -4.597086125773586 -3.179410160926466 11.347839312515429 18.00678341041035 31.89537871443952 13.972365942484899 16.48538244896455 5.767449428821744 10.143901995549239 -2.627409383670286 0.34262338305471407 16.975782231158608 4.812427093652992 8.620472837265396 -0.9926401251353312 2.6296633602859387 18.507888940585175 -3.7528377729484497 4.380251270532156 -0.07216125407762064 -9.546073503689081 -7.396584208199391 -10.906362184162253 -1.8526431544758104
19.65931863727455 7.816178563908558 -1.0656502492907372 2.4094205287471127 0.4414967172431261 -4.588840297815988 -3.1711643329688677 11.356085140473027 18.015029238367948 31.90362454239713 13.980611770442515 16.493628276922166 5.7756952567793425 10.152147823506837 -2.61916355571267 0.35086921101231217 16.984028059116206 4.82067292161059 8.628718665222994 -0.9843942971777331 2.6379091882435546 18.516134768542774 -3.7445919449908516 4.388497098489754 -0.06391542612002254 -9.537827675731483 -7.388338380241793 -10.898116356204655 -1.8443973265182123
19.71943887775551 7.824399898706691 -1.0574289144925864 2.4176418635452634 0.4497180520412769 -4.580618963017855 -3.162942998170717 11.364306475271178 18.0232505731661 31.911845877195265 13.988833105240648 16.5018496117203 5.7839165915774755 10.160369158304988 -2.610942220914537 0.35909054581046296 16.99224939391434 4.8288942564087405 8.636940000021145 -0.9761729623796 2.6461305230416876 18.524356103340924 -3.7363706101927185 4.396718433287905 -0.055694091321889516 -9.529606340933332 -7.38011704544366 -10.889895021406522 -1.8361759917200793
19.779559118236474 7.832596878983864 -1.0492319342154133 2.4258388438224188 0.4579150323184322 -4.572421982740682 -3.154746017893544 11.372503455548351 18.031447553443254 31.920042857472428 13.997030085517821 16.510046591997472 5.792113571854649 10.168566138582161 -2.602745240637364 0.3672875260876183 17.00044637419151 4.837091236685896 8.6451369802983 -0.967975982102427 2.6543275033188607 18.53255308361808 -3.7281736299155455 4.40491541356506 -0.047497111044716434 -9.521409360656177 -7.371920065166487 -10.881698041129349 -1.8279790114429062
19.839679358717433 7.840769676712345 -1.0410591364869504 2.4340116415508994 0.4660878300469129 -4.564249185012201 -3.146573220165081 11.380676253276814 18.039620351171735 31.928215655200905 14.005202883246284 16.518219389725935 5.800286369583129 10.176738936310624 -2.594572442908901 0.37546032381609895 17.008619171919992 4.8452640344143765 8.653309778026781 -0.9598031843739463 2.6625003010473236 18.54072588134656 -3.720000832187065 4.413088211293541 -0.03932431331623576 -9.513236562927696 -7.363747267438006 -10.873525243400868 -1.8198062137144255
19.899799599198396 7.848918436095609 -1.0329103771036685 2.4421604009341635 0.47423658943019475 -4.556100425628937 -3.138424460781799 11.388825012660096 18.047769110555016 31.93636441458418 14.013351642629566 16.526368149109217 5.808435128966393 10.184887695693906 -2.586423683525619 0.3836090831993808 17.016767931303256 4.853412793797641 8.661458537410045 -0.9516544249906822 2.6706490604306055 18.548874640729824 -3.7118520728038007 4.421236970676805 -0.031175553932971667 -9.505087803544432 -7.355598508054742 -10.865376484017604 -1.8116574543311614
19.95991983967936 7.857043348338522 -1.0247854648607557 2.450285313177094 0.48236150167310754 -4.547975513386007 -3.1302995485388863 11.396949924903009 18.05589402279793 31.9444893268271 14.021476554872478 16.53449306135213 5.816560041209324 10.193012607936819 -2.5782987712827063 0.3917339954422936 17.024892843546187 4.861537706040571 8.669583449652976 -0.9435295127477694 2.6787739726735182 18.556999552972755 -3.703727160560888 4.429361882919736 -0.023050641690058882 -9.496962891301502 -7.347473595811811 -10.857251571774691 -1.8035325420882309
20.02004008016032 7.865144561783151 -1.0166842514161267 2.458386526621723 0.49046271511773654 -4.5398742999413955 -3.1221983350942573 11.405051138347638 18.063995236242558 31.952590540271725 14.029577768317107 16.54259427479676 5.824661254653935 10.201113821381448 -2.5701975578380774 0.3998352088869226 17.0329940569908 4.8696389194852 8.677684663097605 -0.9354282993031404 2.6868751861181472 18.565100766417384 -3.695625947116259 4.437463096364365 -0.014949428245429885 -9.488861677856873 -7.339372382367182 -10.849150358330062 -1.7954313286436197
20.080160320641284 7.873222232504151 -1.008606580695126 2.4664641973427237 0.49854038583873717 -4.531796629220377 -3.1141206643732566 11.413128809068638 18.07207290696356 31.960668210992726 14.037655439038108 16.55067194551776 5.8327389253749535 10.209191492102448 -2.5621198871170767 0.4079128796079232 17.041071727711817 4.877716590206201 8.685762333818605 -0.927350628582122 2.694952856839148 18.573178437138385 -3.6875482763952405 4.445540767085365 -0.006871757524429256 -9.480784007135872 -7.331294711646182 -10.841072687609044 -1.7873536579226013
20.140280561122243 7.881276499531857 -1.00055231366742 2.474518464370412 0.5065946528664256 -4.523742362192689 -3.1060663973455505 11.421183076096344 18.080127173991247 31.968722478020428 14.045709706065814 16.558726212545466 5.840793192402642 10.217245759130154 -2.5540656200893705 0.41596714663561163 17.049125994739505 4.885770857233889 8.693816600846294 -0.9192963615544336 2.703007123866854 18.581232704166073 -3.679494009367552 4.453595034113054 0.0011825095032769184 -9.472729740108184 -7.323240444618493 -10.833018420581356 -1.7792993908949128
20.200400801603205 7.889307522282785 -0.9925212909164927 2.4825494871213394 0.5146256756173706 -4.515711339441761 -3.098035374594623 11.429214098847272 18.088158196742192 31.976753500771355 14.053740728816742 16.566757235296393 5.848824215153569 10.225276781881082 -2.5460345973384433 0.42399816938655666 17.057157017490432 4.893801879984816 8.70184762359722 -0.9112653388035064 2.7110381466177813 18.589263726917018 -3.671462986616625 4.461626056863999 0.009213532254204182 -9.464698717357257 -7.315209421867566 -10.824987397830428 -1.7712683681439856
20.260521042084168 7.897315434376679 -0.9845133788225979 2.490557399215252 0.5226335877112653 -4.507703427347867 -3.0900274625007285 11.437222010941166 18.096166108836087 31.984761412865257 14.061748640910636 16.574765147390288 5.856832127247464 10.233284693974976 -2.5380266852445486 0.4320060814804514 17.065164929584327 4.901809792078729 8.709855535691133 -0.9032574267096116 2.719046058711676 18.597271639010913 -3.66345507452273 4.469633968957893 0.017221444348098913 -9.456690805263344 -7.307201509773654 -10.816979485736534 -1.7632604560500909
20.32064128256513 7.905300421473562 -0.976528391725715 2.498542386312117 0.5306185748081305 -4.499718440250984 -3.0820424754038456 11.44520699803805 18.104151095932952 31.992746399962133 14.06973362800752 16.58275013448717 5.864817114344347 10.24126968107186 -2.5300416981476657 0.4399910685773343 17.07314991668121 4.909794779175594 8.717840522787998 -0.8952724396127287 2.727031045808559 18.605256626107778 -3.6554700874258472 4.477618956054759 0.025206431444981803 -9.448705818166479 -7.299216522676788 -10.80899449863965 -1.755275468953208
20.38076152304609 7.9132626251997 -0.9685661879995777 2.506504590038272 0.5385807785342855 -4.491756236524829 -3.0740802716777083 11.453169201764187 18.112113299659107 32.00070860368828 14.077695831733656 16.590712338213308 5.872779318070502 10.249231884797997 -2.5220794944215283 0.4479532723034716 17.081112120407365 4.917756982901749 8.725802726514154 -0.8873102358865914 2.7349932495346962 18.613218829833933 -3.64750788369971 4.485581159780914 0.03316863517111912 -9.440743614440324 -7.291254318950633 -10.801032294913513 -1.7473132652270529
20.440881763527052 7.921202201450033 -0.9606266117492446 2.5144441662886052 0.5465203547846187 -4.4838166602744955 -3.066140695427375 11.46110877801452 18.12005287590944 32.00864817993861 14.08563540798399 16.59865191446364 5.880718894320835 10.25717146104833 -2.514139918171195 0.45589284855380474 17.089051696657698 4.925696559152082 8.733742302764487 -0.8793706596362583 2.7429328257850294 18.621158406084266 -3.6395683074493768 4.493520736031247 0.04110821142145227 -9.43280403818999 -7.2833147427003 -10.79309271866318 -1.7393736889767197
20.501002004008015 7.929119273091754 -0.9527095401075236 2.5223612379303084 0.5544374264263396 -4.475899588632792 -3.058223623785654 11.46902584965624 18.12796994755116 32.01656525158033 14.09355247962571 16.606568986105362 5.888635965962538 10.26508853269005 -2.5062228465294742 0.4638099201955257 17.0969687682994 4.933613630793803 8.741659374406208 -0.8714535879945373 2.7508498974267503 18.629075477725987 -3.631651235807656 4.501437807672968 0.04902528306317322 -9.424886966548288 -7.275397671058597 -10.78517564702146 -1.7314566173350165
20.561122244488978 7.937013996948465 -0.9448148162508119 2.530255961787038 0.5623321502830514 -4.468004864776063 -3.0503288999289424 11.476920573512952 18.135864671407873 32.02445997543705 14.101447203482422 16.614463709962074 5.89653068981925 10.272983256546762 -2.4983281226727625 0.47170464405223744 17.10486349215613 4.941508354650515 8.74955409826292 -0.8635588641378256 2.758744621283462 18.6369702015827 -3.623756511950944 4.5093325315296795 0.05692000691988497 -9.416992242691558 -7.2675029472018675 -10.777280923164748 -1.7235618934783048
20.62124248496994 7.944886503792716 -0.936942309406561 2.538128468631271 0.5702046571273023 -4.46013235793183 -3.0424563930846915 11.484793080357203 18.143737178252106 32.032332482281284 14.109319710326673 16.622336216806325 5.904403196663501 10.280855763391013 -2.4904556158285116 0.47957715089648834 17.112735999000364 4.949380861494748 8.757426605107153 -0.8556863572935747 2.766617128127713 18.644842708426932 -3.615884005106693 4.517205038373913 0.06479251376413586 -9.409119735847325 -7.259630440357634 -10.769408416320497 -1.715689386634054
20.6813627254509 7.952736960500975 -0.9290918526983205 2.5459789253395293 0.5780551138355428 -4.4522819012235715 -3.034605936376451 11.492643537065462 18.151587634960364 32.040182938989545 14.117170167034931 16.630186673514583 5.912253653371759 10.288706220099254 -2.4826051591202534 0.4874276076047288 17.120586455708622 4.957231318203006 8.76527706181541 -0.8478359005853164 2.7744675848359712 18.65269316513519 -3.608033548398435 4.525055495082171 0.0726429704723941 -9.401269279139067 -7.251779983649376 -10.761557959612238 -1.7078389299257957
20.741482965931862 7.960565511298228 -0.9212633019010497 2.5538074761367824 0.5858836646327958 -4.444453350426318 -3.02677738557918 11.500472087862715 18.159416185757618 32.048011489786795 14.124998717832185 16.638015224311836 5.920082204169012 10.296534770896507 -2.4747766083230003 0.4952561584019819 17.128415006505875 4.965059869000259 8.773105612612664 -0.8400073497880634 2.7822961356332243 18.660521715932443 -3.600204997601182 4.532884045879424 0.08047152126964718 -9.393440728341814 -7.243951432852123 -10.753729408814985 -1.7000103791285426
20.801603206412825 7.968372304867781 -0.9134565083315138 2.561614269706336 0.5936904582023494 -4.436646556856765 -3.0189705920096443 11.50827888143225 18.16722297932717 32.055818283356345 14.13280551140172 16.645822017881372 5.927888997738566 10.30434156446606 -2.4669698147534644 0.5030629519715355 17.13622180007543 4.972866662569813 8.780912406182217 -0.8322005562185097 2.79010292920276 18.668328509501997 -3.5923982040316282 4.540690839448978 0.08827831483920079 -9.38563393477226 -7.2361446392825695 -10.745922615245432 -1.692203585558989
