web/models/mosfit_kne/mosfit_kn_1.0000/mosfit_kn_0.041628_0.3903_1.0000.dat
# %ECSV 1.0
# ---
# datatype:
# - {name: time, datatype: float64}
# - {name: PS1_g, datatype: float64}
# - {name: PS1_i, datatype: float64}
# - {name: PS1_r, datatype: float64}
# - {name: PS1_w, datatype: float64}
# - {name: PS1_y, datatype: float64}
# - {name: PS1_z, datatype: float64}
# - {name: swift_uvot_B, datatype: float64}
# - {name: swift_uvot_U, datatype: float64}
# - {name: swift_uvot_uvm2, datatype: float64}
# - {name: swift_uvot_uvw1, datatype: float64}
# - {name: swift_uvot_uvw2, datatype: float64}
# - {name: swift_uvot_V, datatype: float64}
# - {name: johnson_B, datatype: float64}
# - {name: johnson_I, datatype: float64}
# - {name: johnson_R, datatype: float64}
# - {name: johnson_U, datatype: float64}
# - {name: johnson_V, datatype: float64}
# - {name: sdss_g, datatype: float64}
# - {name: sdss_i, datatype: float64}
# - {name: sdss_r, datatype: float64}
# - {name: sdss_u, datatype: float64}
# - {name: sdss_z, datatype: float64}
# - {name: ATLAS_c, datatype: float64}
# - {name: ATLAS_o, datatype: float64}
# - {name: ukirt_H, datatype: float64}
# - {name: ukirt_J, datatype: float64}
# - {name: ukirt_K, datatype: float64}
# - {name: Clear, datatype: float64}
# meta: !!omap
# - comment: [kappa = 1.0, type = rprocess, mass = 0.04162766037032262, velocity = 0.3903333333333333, theta_obs = 0.0, tfloor = 1000.0]
# schema: astropy-2.0
time PS1_g PS1_i PS1_r PS1_w PS1_y PS1_z swift_uvot_B swift_uvot_U swift_uvot_uvm2 swift_uvot_uvw1 swift_uvot_uvw2 swift_uvot_V johnson_B johnson_I johnson_R johnson_U johnson_V sdss_g sdss_i sdss_r sdss_u sdss_z ATLAS_c ATLAS_o ukirt_H ukirt_J ukirt_K Clear
[from data line 319]
19.238476953907814 8.457984495829223 -0.42384431737007233 3.0512264606677775 1.083302649163791 -3.9470343658953233 -2.529358401048203 11.997891072393692 18.656835170288613 32.54543047431779 14.62241770236318 17.135434208842813 6.417501188700007 10.793953755427502 -1.977357623792023 0.992675142932977 17.62583399103687 5.4624788535312545 9.270524597143659 -0.34258836525706826 3.2797151201642194 19.15794070046344 -3.1027860130701868 5.030303030410419 0.5778905058006423 -8.896021743810818 -6.746532448321128 -10.25631042428399 -1.2025913945975475
19.298597194388776 8.465618905807464 -0.4162099073918135 3.0588608706460185 1.090937059142032 -3.9393999559170823 -2.521723991069944 12.00552548237195 18.664469580266854 32.553064884296035 14.63005211234142 17.143068618821072 6.425135598678248 10.801588165405743 -1.9697232138137641 1.000309552911218 17.63346840101511 5.470113263509496 9.2781590071219 -0.3349539552788272 3.2873495301424605 19.16557511044168 -3.0951516030919457 5.03793744038866 0.5855249157788833 -8.888387333832577 -6.738898038342887 -10.24867601430575 -1.1949569846193064
19.35871743486974 8.473235590914747 -0.4085932222845301 3.066477555753302 1.0985537442493154 -3.931783270809799 -2.5141073059626784 12.013142167479234 18.672086265374137 32.56068156940332 14.637668797448704 17.150685303928356 6.432752283785532 10.809204850513026 -1.9621065287064807 1.0079262380185015 17.641085086122395 5.477729948616779 9.285775692229183 -0.3273372701715438 3.294966215249744 19.173191795548963 -3.0875349179846623 5.0455541254959435 0.5931416008861667 -8.880770648725294 -6.7312813532356035 -10.241059329198466 -1.187340299512023
19.4188376753507 8.4808347448298 -0.40099406836947793 3.074076709668372 1.1061528981643853 -3.924184116894729 -2.5065081520476085 12.020741321394286 18.679685419289207 32.56828072331838 14.645267951363756 17.158284457843408 6.440351437700602 10.816804004428096 -1.9545073747914286 1.0155253919335714 17.648684240037465 5.485329102531849 9.293374846144253 -0.31973811625647386 3.302565369164796 19.180790949464033 -3.0799357640695924 5.053153279411013 0.6007407548012189 -8.873171494810224 -6.723682199320534 -10.233460175283396 -1.179741145596953
19.478957915831664 8.488416554533487 -0.39341225866579066 3.081658519372059 1.1137347078680726 -3.9166023071910594 -2.498926342343921 12.028323131097974 18.687267228992894 32.57586253302207 14.652849761067444 17.165866267547095 6.447933247404271 10.824385814131784 -1.9469255650877413 1.0231072016372587 17.656266049741134 5.492910912235536 9.30095665584794 -0.31215630655280435 3.3101471788684833 19.18837275916772 -3.072353954365923 5.060735089114701 0.6083225645049062 -8.865589685106537 -6.716100389616864 -10.225878365579726 -1.1721593358932836
19.539078156312623 8.495981204347505 -0.3858476088517726 3.089223169186077 1.1212993576820907 -3.9090376573770413 -2.491361692529903 12.035887780911992 18.694831878806912 32.58342718283608 14.660414410881462 17.173430917361113 6.455497897218289 10.831950463945802 -1.9393609152737232 1.0306718514512767 17.66383069955517 5.500475562049554 9.308521305661959 -0.3045916567387863 3.3177118286825014 19.195937408981738 -3.064789304551905 5.068299738928719 0.6158872143189242 -8.858025035292519 -6.708535739802828 -10.218313715765708 -1.1645946860792655
19.599198396793586 8.50352887515438 -0.37829993804489703 3.0967708399929528 1.1288470284889662 -3.901489986570148 -2.4838140217230276 12.043435451718867 18.702379549613788 32.59097485364296 14.667962081688337 17.18097858816799 6.463045568025183 10.839498134752677 -1.9318132444668477 1.0382195222581523 17.671378370362046 5.50802323285643 9.316068976468834 -0.2970439859319107 3.325259499489377 19.203485079788614 -3.057241633745029 5.075847409735594 0.6234348851257998 -8.850477364485643 -6.700988068995953 -10.210766044958833 -1.15704701527239
19.65931863727455 8.511059751523593 -0.37076906167568424 3.104301716362148 1.1363779048581613 -3.893959110200953 -2.4762831453538148 12.05096632808808 18.709910425982983 32.598505730012164 14.67549295805755 17.1885094645372 6.470576444394378 10.84702901112189 -1.9242823680976349 1.045750398627365 17.67890924673124 5.515554109225625 9.32359985283803 -0.28951310956269793 3.3327903758585897 19.21101595615781 -3.0497107573758164 5.083378286104789 0.6309657614950126 -8.842946488116448 -6.693457192626758 -10.20323516858962 -1.1495161389031772
19.71943887775551 8.518574010360904 -0.3632548028383731 3.111815975199459 1.1438921636954724 -3.886444851363642 -2.4687688865165036 12.058480586925391 18.717424684820294 32.606019988849475 14.683007216894861 17.196023723374513 6.478090703231689 10.854543269959201 -1.9167681092603237 1.0532646574646762 17.686423505568552 5.523068368062936 9.33111411167534 -0.2819988507253868 3.340304634695901 19.21853021499512 -3.0421964985385053 5.0908925449421005 0.6384800203323238 -8.835432229279137 -6.6859429337894465 -10.195720909752309 -1.142001880065866
19.779559118236474 8.526071834921662 -0.35575697827763264 3.119313799760217 1.1513899882562306 -3.8789470268028836 -2.461271061955763 12.06597841148615 18.724922509381052 32.61351781341023 14.69050504145562 17.20352154793527 6.485588527792447 10.862041094519942 -1.9092702846995655 1.0607624820254167 17.69392133012931 5.530566192623694 9.338611936236099 -0.27450102616462857 3.347802459256659 19.226028039555878 -3.034698673977747 5.098390369502859 0.645977844893082 -8.827934404718379 -6.678445109228688 -10.18822308519155 -1.1345040555051078
19.839679358717433 8.533553402194638 -0.3482754110046571 3.1267953670331927 1.1588715555292062 -3.871465459529908 -2.4537894946827876 12.073459978759107 18.732404076654028 32.62099938068321 14.697986608728577 17.21100311520823 6.4930700950654225 10.869522661792917 -1.9017887174266077 1.0682440492983922 17.701402897402286 5.53804775989667 9.346093503509074 -0.267019458891653 3.355284026529617 19.233509606828854 -3.0272171067047715 5.105871936775834 0.6534594121660575 -8.820452837445403 -6.670963541955713 -10.180741517918575 -1.1270224882321322
19.899799599198396 8.541018884645464 -0.3408099285538313 3.1342608494840185 1.166337037980032 -3.8639999770790823 -2.446324012231962 12.080925461209933 18.739869559104854 32.628464863134035 14.70545209117942 17.218468597659054 6.500535577516248 10.876988144243743 -1.894323234975782 1.075709531749218 17.70886837985311 5.5455132423474955 9.3535589859599 -0.2595539764408272 3.3627495089804604 19.24097508927968 -3.0197516242539457 5.11333741922666 0.6609248946168833 -8.812987354994577 -6.663498059504887 -10.17327603546775 -1.1195570057813065
19.95991983967936 8.54846845619269 -0.33336035700658684 3.141710421031263 1.1737866095272764 -3.8565504055318556 -2.4388744406847174 12.088375032757178 18.747319130652098 32.63591443468127 14.712901662726647 17.2259181692063 6.507985149063475 10.884437715790988 -1.8868736634285375 1.0831591032964625 17.716317951400338 5.55296281389474 9.361008557507144 -0.25210440489360053 3.370199080527687 19.248424660826924 -3.012302052706719 5.1207869907739045 0.66837446616411 -8.805537783447333 -6.6560484879576425 -10.165826463920522 -1.1121074342340798
20.02004008016032 8.555902286027077 -0.32592652717220005 3.1491442508656498 1.1812204393616632 -3.849116575697451 -2.4314406108503306 12.095808862591564 18.754752960486485 32.64334826451566 14.720335492561034 17.233351999040686 6.51541897889788 10.891871545625374 -1.8794398335941507 1.0905929331308493 17.723751781234743 5.560396643729127 9.368442387341531 -0.24467057505921375 3.377632910362074 19.25585849066131 -3.0048682228723145 5.128220820608291 0.6758082959984968 -8.798103953612946 -6.648614658123256 -10.158392634086118 -1.1046736043996752
20.080160320641284 8.563320542796475 -0.31850827040280194 3.156562507635048 1.1886386961310613 -3.841698318928053 -2.4240223540809325 12.103227119360962 18.762171217255883 32.65076652128506 14.727753749330432 17.240770255810084 6.522837235667278 10.899289802394772 -1.8720215768247526 1.0980111899002474 17.73117003800414 5.567814900498525 9.37586064411093 -0.23725231828981563 3.385051167131472 19.26327674743071 -2.9974499661029164 5.135639077377689 0.6832265527678949 -8.790685696843548 -6.641196401353858 -10.15097437731672 -1.097255347630277
20.140280561122243 8.57072339776904 -0.31110541543025505 3.1639653626075948 1.1960415511036082 -3.834295463955506 -2.4166194991083856 12.110629974333527 18.76957407222843 32.65816937625761 14.735156604302997 17.24817311078265 6.530240090639825 10.90669265736732 -1.864618721852188 1.1054140448727943 17.738572892976688 5.575217755471072 9.383263499083476 -0.22984946331725098 3.3924540221040367 19.270679602403256 -2.9900471111303695 5.143041932350236 0.6906294077404596 -8.783282841871001 -6.633793546381311 -10.143571522344173 -1.0898524926577302
20.200400801603205 8.578111016719934 -0.3037177964793436 3.171352981558506 1.2034291700545197 -3.8269078450045946 -2.409231880157474 12.11801759328442 18.77696169117934 32.66555699520851 14.74254422325389 17.255560729733542 6.537627709590718 10.91408027631823 -1.8572311029012942 1.1128016638237057 17.7459605119276 5.582605374421983 9.390651118034388 -0.2224618443663573 3.3998416410549304 19.278067221354167 -2.982659492179476 5.150429551301148 0.6980170266913532 -8.77589522292009 -6.626405927430399 -10.13618390339328 -1.0824648737068365
20.260521042084168 8.585483562121006 -0.2963452510782716 3.178725526959578 1.2108017154555917 -3.8195352996035226 -2.401859334756402 12.125390138685493 18.784334236580413 32.67292954060959 14.749916768654963 17.262933275134614 6.545000254991808 10.921452821719303 -1.8498585575002222 1.1201742092247777 17.75333305732867 5.589977919823055 9.39802366343546 -0.21508929896528528 3.4072141864560024 19.28543976675524 -2.975286946778386 5.15780209670222 0.7053895720924253 -8.768522677519018 -6.619033382029327 -10.12881135799219 -1.0750923283057467
20.32064128256513 8.592841198385095 -0.28898761481418234 3.1860831632236675 1.218159351719681 -3.8121776633394333 -2.394501698492313 12.132747774949582 18.791691872844503 32.68028717687368 14.757274404919052 17.270290911398703 6.552357891255897 10.928810457983392 -1.842500921236133 1.127531845488867 17.76069069359276 5.5973355560871445 9.405381299699549 -0.20773166270119603 3.4145718227200916 19.29279740301933 -2.9679293105143145 5.165159732966309 0.7127472083565145 -8.761165041254928 -6.611675745765238 -10.121453721728118 -1.0677346920416575
20.38076152304609 8.600184080564013 -0.28164473263526446 3.1934260454025676 1.2255022338985988 -3.804834781160533 -2.387158816313395 12.1400906571285 18.79903475502342 32.68763005905259 14.76461728709797 17.27763379357762 6.559700773434797 10.93615334016231 -1.835158039057215 1.1348747276677849 17.76803357577166 5.604678438266045 9.412724181878467 -0.20038878052227815 3.4219147048990095 19.300140285198246 -2.9605864283353966 5.172502615145227 0.7200900905354324 -8.753822159076028 -6.604332863586338 -10.1141108395492 -1.0603918098627574
20.440881763527052 8.607512372155277 -0.2743164410440002 3.200754336993832 1.2328305254898453 -3.797506489569269 -2.3798305247221307 12.147418948719764 18.806363046614667 32.69495835064385 14.771945578689234 17.284962085168885 6.567029065026062 10.943481631753574 -1.8278297474659508 1.142203019259049 17.775361867362925 5.612006729857309 9.420052473469713 -0.1930604889310139 3.4292429964902738 19.307468576789493 -2.9532581367441324 5.179830906736473 0.7274183821266966 -8.746493867484764 -6.597004571995074 -10.106782547957936 -1.0530635182714931
20.501002004008015 8.614826227647434 -0.26700258555186096 3.208068192485989 1.2401443809820023 -3.790192634077112 -2.3725166692299915 12.154732804211903 18.813676902106824 32.702272206135994 14.779259434181373 17.292275940661025 6.574342920518219 10.950795487245713 -1.8205158919738116 1.1495168747511884 17.782675722855082 5.619320585349466 9.42736632896187 -0.1857466334388569 3.436556851982413 19.31478243228165 -2.9459442812519754 5.18714476222863 0.7347322376188536 -8.739180011992607 -6.589690716502917 -10.099468692465779 -1.0457496627793361
20.561122244488978 8.62212580547066 -0.25970300772861776 3.2153677703092143 1.2474439588052455 -3.7828930562538865 -2.3652170914067483 12.162032382035147 18.820976479930067 32.70957178395924 14.786559012004616 17.299575518484268 6.581642498341444 10.958095065068957 -1.8132163141505684 1.1568164525744316 17.789975300678307 5.626620163172709 9.434665906785114 -0.17844705561563146 3.443856429805656 19.322082010104893 -2.93864470342875 5.194444340051874 0.7420318154420791 -8.731880434169364 -6.582391138679691 -10.092169114642553 -1.0384500849561107
20.62124248496994 8.629411257094546 -0.2524175561047315 3.2226532219331006 1.254729410429114 -3.7756076046300002 -2.357931639782862 12.169317833659033 18.828261931553936 32.71685723558311 14.793844463628503 17.306860970108154 6.58892794996533 10.965380516692825 -1.8059308625266821 1.1641019041983 17.797260752302194 5.633905614796578 9.441951358408982 -0.17116160399174518 3.4511418814295425 19.32936746172876 -2.9313592518048637 5.201729791675742 0.7493172670659654 -8.724594982545495 -6.575105687055805 -10.084883663018667 -1.0311646333322244
20.6813627254509 8.63668273408786 -0.24514607911141795 3.229924698926414 1.2620008874224276 -3.7683361276366867 -2.3506601627895485 12.176589310652346 18.83553340854725 32.72412871257643 14.801115940621816 17.314132447101468 6.596199426958644 10.972651993686156 -1.7986593855333686 1.1713733811916314 17.804532229295507 5.641177091789891 9.449222835402296 -0.16389012699843164 3.458413358422856 19.336638938722075 -2.92408777481155 5.209001268669056 0.7565887440592789 -8.717323505552182 -6.567834210062491 -10.077612186025354 -1.0238931563389109
20.741482965931862 8.64394038606255 -0.23788842713672764 3.237182350901122 1.2692585393971356 -3.7610784756619786 -2.343402510814858 12.183846962627037 18.842791060521957 32.73138636455113 14.808373592596507 17.321390099076158 6.603457078933334 10.979909645660847 -1.7914017335586783 1.1786310331663217 17.811789881270215 5.648434743764599 9.456480487377004 -0.15663247502374134 3.4656710103975463 19.343896590696783 -2.91683012283686 5.216258920643764 0.7638463960339692 -8.710065853577474 -6.560576558087783 -10.070354534050663 -1.0166355043642206
20.801603206412825 8.651184361590811 -0.23064445160846603 3.2444263264293838 1.2765025149253972 -3.7538345001337348 -2.3361585352865966 12.191090938155298 18.85003503605022 32.73863034007939 14.815617568124768 17.32863407460442 6.610701054461596 10.987153621189108 -1.7841577580304167 1.1858750086945833 17.819033856798477 5.655678719292861 9.463724462905265 -0.14938849949547972 3.472914985925808 19.351140566225045 -2.909586147308598 5.223502896172025 0.7710903715622308 -8.702821878049212 -6.553332582559522 -10.063110558522402 -1.009391528835959
20.861723446893787 8.658414807706372 -0.2234140054929057 3.251656772544944 1.2837329610409576 -3.7466040540181567 -2.328928089171036 12.198321384270859 18.85726548216578 32.74586078619495 14.822848014240328 17.33586452071998 6.617931500577156 10.994384067304669 -1.7769273119148563 1.1931054548101436 17.826264302914037 5.662909165408421 9.470954909020826 -0.14215805337991938 3.4801454320413683 19.358371012340605 -2.902355701193038 5.230733342287586 0.7783208176777912 -8.695591431933652 -6.546102136443961 -10.055880112406841 -1.0021610827203986
