web/models/mosfit_kne/mosfit_kn_1.0000/mosfit_kn_0.033839_0.2493_1.0000.dat
# %ECSV 1.0
# ---
# datatype:
# - {name: time, datatype: float64}
# - {name: PS1_g, datatype: float64}
# - {name: PS1_i, datatype: float64}
# - {name: PS1_r, datatype: float64}
# - {name: PS1_w, datatype: float64}
# - {name: PS1_y, datatype: float64}
# - {name: PS1_z, datatype: float64}
# - {name: swift_uvot_B, datatype: float64}
# - {name: swift_uvot_U, datatype: float64}
# - {name: swift_uvot_uvm2, datatype: float64}
# - {name: swift_uvot_uvw1, datatype: float64}
# - {name: swift_uvot_uvw2, datatype: float64}
# - {name: swift_uvot_V, datatype: float64}
# - {name: johnson_B, datatype: float64}
# - {name: johnson_I, datatype: float64}
# - {name: johnson_R, datatype: float64}
# - {name: johnson_U, datatype: float64}
# - {name: johnson_V, datatype: float64}
# - {name: sdss_g, datatype: float64}
# - {name: sdss_i, datatype: float64}
# - {name: sdss_r, datatype: float64}
# - {name: sdss_u, datatype: float64}
# - {name: sdss_z, datatype: float64}
# - {name: ATLAS_c, datatype: float64}
# - {name: ATLAS_o, datatype: float64}
# - {name: ukirt_H, datatype: float64}
# - {name: ukirt_J, datatype: float64}
# - {name: ukirt_K, datatype: float64}
# - {name: Clear, datatype: float64}
# meta: !!omap
# - comment: [kappa = 1.0, type = rprocess, mass = 0.03383890769761434, velocity = 0.24933333333333338, theta_obs = 0.0, tfloor = 1000.0]
# schema: astropy-2.0
time PS1_g PS1_i PS1_r PS1_w PS1_y PS1_z swift_uvot_B swift_uvot_U swift_uvot_uvm2 swift_uvot_uvw1 swift_uvot_uvw2 swift_uvot_V johnson_B johnson_I johnson_R johnson_U johnson_V sdss_g sdss_i sdss_r sdss_u sdss_z ATLAS_c ATLAS_o ukirt_H ukirt_J ukirt_K Clear
[from data line 318]
19.178356713426854 8.182978765504227 -0.6988500476950499 2.776220730342782 0.8082969188387956 -4.222040096220319 -2.8043641313731804 11.722885342068714 18.381829439963617 32.2704247439928 14.347411972038184 16.860428478517836 6.142495458375012 10.518948025102524 -2.2523633541170005 0.7176694126079994 17.350828260711875 5.187473123206259 8.995518866818664 -0.6175940955820636 3.004709389839224 18.882934970138443 -3.377791743395182 4.755297300085424 0.30288477547564696 -9.171027474135814 -7.021538178646123 -10.531316154608986 -1.4775971249225428
19.238476953907814 8.189810860413544 -0.6920179527857329 2.783052825252117 0.8151290137481304 -4.215208001311002 -2.7975320364638634 11.729717436978031 18.388661534872952 32.277256838902126 14.354244066947501 16.867260573427153 6.149327553284329 10.525780120011841 -2.2455312592076835 0.7245015075173165 17.357660355621192 5.194305218115594 9.002350961727998 -0.6107620006727466 3.011541484748541 18.889767065047778 -3.370959648485865 4.7621293949947585 0.309716870384964 -9.164195379226479 -7.0147060837367885 -10.524484059699668 -1.4707650300132258
19.298597194388776 8.196622497304595 -0.6852063158946997 2.78986446214315 0.8219406506391636 -4.208396364419951 -2.7907203995728302 11.736529073869065 18.395473171763985 32.28406847579317 14.361055703838552 16.874072210318204 6.15613919017538 10.532591756902875 -2.2387196223166326 0.7313131444083496 17.364471992512243 5.201116855006627 9.009162598619032 -0.6039503637816956 3.018353121639592 18.89657870193881 -3.364148011594814 4.768941031885792 0.3165285072760149 -9.157383742335446 -7.007894446845755 -10.517672422808618 -1.4639533931221749
19.35871743486974 8.203413812674345 -0.6784150005249323 2.7966557775128997 0.8287319660089132 -4.201605049050201 -2.783929084203063 11.743320389238832 18.402264487133735 32.290859791162916 14.367847019208302 16.880863525687953 6.1629305055451296 10.539383072272642 -2.231928306946883 0.7381044597780992 17.371263307881993 5.207908170376377 9.015953913988781 -0.597159048411946 3.0251444370093417 18.90337001730856 -3.3573566962250645 4.775732347255541 0.32331982264576453 -9.150592426965696 -7.001103131476006 -10.510881107438868 -1.4571620777524252
19.4188376753507 8.210184937797553 -0.671643875401724 2.803426902636126 0.8355030911321393 -4.194833923926993 -2.7771579590798545 11.75009151436204 18.40903561225696 32.29763091628613 14.37461814433151 16.88763465081116 6.169701630668338 10.54615419739585 -2.2251571818236746 0.7448755849013253 17.3780344330052 5.214679295499603 9.022725039112007 -0.5903879232887377 3.03191556213255 18.910141142431787 -3.350585571101856 4.782503472378767 0.33009094776897285 -9.14382130184247 -6.99433200635278 -10.50410998231566 -1.450390952629217
19.478957915831664 8.216935999768484 -0.664892813430793 2.810177964607039 0.8422541531030703 -4.188082861956062 -2.7704068971089235 11.756842576332971 18.415786674227874 32.304381978257055 14.381369206302441 16.894385712782093 6.176452692639269 10.552905259366781 -2.2184061198527436 0.7516266468722563 17.384785494976132 5.221430357470516 9.02947610108292 -0.5836368613178067 3.038666624103481 18.9168922044027 -3.343834509130925 4.789254534349681 0.33684200973990386 -9.137070239871557 -6.987580944381866 -10.497358920344729 -1.443639890658286
19.539078156312623 8.223667128029355 -0.6581616851699224 2.8169090928679097 0.8489852813639409 -4.181351733695191 -2.763675768848053 11.763573704593842 18.422517802488763 32.311113106517936 14.388100334563312 16.901116841042963 6.1831838209001395 10.559636387627652 -2.211674991591873 0.758357775133127 17.391516623237003 5.228161485731387 9.036207229343809 -0.576905733056936 3.0453977523643516 18.92362333266359 -3.3371033808700545 4.795985662610569 0.3435731380007745 -9.130339111610686 -6.980849816120996 -10.490627792083858 -1.4369087623974153
19.599198396793586 8.230378455488712 -0.6514503577105657 2.8236204203272663 0.8556966088232798 -4.174640406235834 -2.7569644413886962 11.770285032053199 18.4292291299481 32.317824433977286 14.394811662022668 16.90782816850232 6.189895148359496 10.566347715086991 -2.2049636641325163 0.7650691025924659 17.39822795069636 5.234872813190743 9.042918556803148 -0.5701944055975794 3.0521090798237083 18.930334660122927 -3.330392053410698 4.802696990069908 0.35028446546013114 -9.12362778415133 -6.974138488661639 -10.483916464624501 -1.4301974349380586
19.65931863727455 8.237070111878495 -0.6447587013207823 2.8303120767170498 0.8623882652130632 -4.167948749846051 -2.750272784998913 11.776976688442982 18.435920786337885 32.32451609036706 14.401503318412452 16.914519824892103 6.19658680474928 10.573039371476792 -2.198272007742733 0.7717607589822493 17.404919607086143 5.241564469580527 9.049610213192931 -0.563502749207796 3.0588007362134917 18.93702631651271 -3.3237003970209145 4.809388646459691 0.35697612184991456 -9.116936127761546 -6.967446832271856 -10.477224808234718 -1.4235057785482752
19.71943887775551 8.243742229006141 -0.638086584193136 2.836984193844714 0.8690603823407272 -4.161276632718387 -2.7436006678712666 11.783648805570628 18.44259290346555 32.33118820749472 14.408175435540098 16.92119194201975 6.203258921876944 10.579711488604438 -2.1915998906150866 0.7784328761099133 17.411591724213807 5.248236586708191 9.056282330320595 -0.556830632080132 3.065472853341138 18.943698433640375 -3.3170282798932504 4.816060763587355 0.3636482389775608 -9.110264010633882 -6.960774715144192 -10.470552691107054 -1.4168336614206112
19.779559118236474 8.250394931077771 -0.631433882121506 2.843636895916344 0.8757130844123573 -4.154623930646775 -2.7369479657996365 11.790301507642258 18.44924560553718 32.33784090956635 14.414828137611728 16.92784464409138 6.209911623948556 10.586364190676068 -2.1849471885434566 0.7850855781815433 17.41824442628542 5.254889288779821 9.062935032392225 -0.5501779300085197 3.072125555412768 18.950351135712005 -3.310375577821638 4.822713465658985 0.37030094104919087 -9.103611308562252 -6.954122013072579 -10.463899989035442 -1.410180959348999
19.839679358717433 8.257028339360826 -0.6248004738384516 2.8502703041993804 0.8823464926953939 -4.14799052236372 -2.7303145575166 11.796934915925313 18.455879013820216 32.3444743178494 14.421461545894783 16.934478052374434 6.21654503223161 10.592997598959105 -2.1783137802604022 0.7917189864645799 17.424877834568473 5.2615226970628575 9.069568440675262 -0.5435445217254653 3.0787589636958224 18.95698454399504 -3.303742169538584 4.829346873942022 0.37693434933224523 -9.096977900279215 -6.947488604789525 -10.457266580752387 -1.4035475510659445
19.899799599198396 8.263642578792183 -0.6181862344071121 2.8568845436307377 0.8889607321267512 -4.141376282932363 -2.7237003180852426 11.803549155356652 18.462493253251573 32.351088557280754 14.42807578532614 16.94109229180579 6.223159271662968 10.599611838390462 -2.1716995408290627 0.7983332258959372 17.43149207399983 5.268136936494215 9.07618268010662 -0.536930282294108 3.0853732031271797 18.9635987834264 -3.2971279301072265 4.835961113373379 0.38354858876360254 -9.090363660847858 -6.940874365358168 -10.45065234132103 -1.3969333116345872
19.95991983967936 8.270237775291811 -0.6115910379074663 2.8634797401303658 0.895555928626397 -4.134781086432735 -2.717105121585597 11.810144351856298 18.46908844975122 32.357683753780385 14.434670981825768 16.94768748830542 6.229754468162596 10.606207034890108 -2.165104344329417 0.804928422395583 17.43808727049946 5.274732132993843 9.082777876606265 -0.53033508579448 3.0919683996268077 18.970193979926044 -3.2905327336075985 4.842556309873025 0.39014378526323057 -9.08376846434823 -6.93427916885854 -10.444057144821402 -1.3903381151349592
20.02004008016032 8.27681405321984 -0.6050147599794364 2.8700560180583956 0.9021322065544091 -4.128204808504705 -2.710528843657567 11.816720629784328 18.47566472767923 32.36426003170841 14.441247259753798 16.95426376623345 6.236330746090625 10.612783312818138 -2.158528066401387 0.8115047003235951 17.44466354842749 5.281308410921873 9.089354154534277 -0.5237588078664501 3.0985446775548375 18.976770257854056 -3.2839564556795686 4.849132587801037 0.3967200631912604 -9.0771921864202 -6.92770289093051 -10.437480866893372 -1.3837618372069294
20.080160320641284 8.28337153865629 -0.598457274543005 2.876613503494845 0.9086896919908583 -4.121647323068256 -2.7039713582211355 11.82327811522076 18.48222221311568 32.370817517144864 14.44780474519023 16.96082125166988 6.242888231527075 10.61934079825457 -2.1519705809649556 0.8180621857600443 17.451221033863938 5.287865896358322 9.095911639970726 -0.5172013224300009 3.105102162991269 18.983327743290506 -3.2773989702431194 4.855690073237486 0.4032775486277096 -9.070634700983751 -6.921145405494061 -10.430923381456923 -1.3772043517704802
20.140280561122243 8.289910351817511 -0.5919184613817841 2.8831523166560658 0.9152285051520792 -4.115108509907035 -2.6974325450599146 11.82981692838198 18.4887610262769 32.37735633030608 14.454343558351468 16.96736006483112 6.249427044688296 10.62587961141579 -2.145431767803717 0.8246009989212653 17.45775984702516 5.294404709519543 9.102450453131947 -0.51066250926878 3.1116409761525077 18.989866556451727 -3.2708601570818985 4.862228886398707 0.40981636178893055 -9.06409588782253 -6.91460659233284 -10.424384568295702 -1.3706655386092592
20.200400801603205 8.29643060885223 -0.5853982043470651 2.8896725736907847 0.9217487621867981 -4.108588252872316 -2.6909122880251957 11.8363371854167 18.49528128331162 32.383876587340794 14.460863815386169 16.97388032186582 6.2559473017230145 10.63239986845051 -2.1389115107690158 0.8311212559559842 17.464280104059878 5.300924966554262 9.108970710166666 -0.5041422522340611 3.118161233187209 18.996386813486446 -3.2643399000471796 4.868749143433426 0.4163366188236495 -9.057575630787811 -6.908086335298121 -10.417864311260983 -1.3641452815745403
20.260521042084168 8.302932428840428 -0.578896384358849 2.896174393678983 0.9282505821750142 -4.102086432884118 -2.6844104680369796 11.842839005404915 18.501783103299836 32.390378407329 14.467365635374385 16.980382141854037 6.262449121711213 10.638901688438725 -2.1324096907807997 0.8376230759442003 17.470781924048076 5.30742678654246 9.115472530154864 -0.49764043224586274 3.124663053175425 19.00288863347466 -3.2578380800589812 4.875250963421625 0.4228384388118478 -9.051073810799613 -6.9015845153099225 -10.411362491272785 -1.357643461586342
20.32064128256513 8.309415931640931 -0.5724128815583462 2.9026578964795036 0.934734084975517 -4.095602930083597 -2.6779269652364768 11.849322508205418 18.50826660610034 32.39686191012951 14.473849138174888 16.98686564465454 6.268932624511733 10.645385191239228 -2.125926187980297 0.8441065787447031 17.477265426848597 5.313910289342981 9.121956032955385 -0.49115692944535994 3.1311465559759277 19.009372136275164 -3.2513545772584607 4.881734466222145 0.4293219416123506 -9.044590307999092 -6.895101012509402 -10.404878988472264 -1.3511599587858214
20.38076152304609 8.315881237013798 -0.5659475761854793 2.9091232018523527 0.9411993903483662 -4.089137624710748 -2.67146165986361 11.855787813578285 18.514731911473188 32.403327215502365 14.480314443547755 16.993330950027406 6.275397929884583 10.651850496612077 -2.11946088260743 0.8505718841175522 17.483730732221446 5.32037559471583 9.128421338328234 -0.484691624072493 3.1376118613487947 19.015837441648014 -3.2448892718856115 4.888199771594994 0.43578724698521754 -9.038125002626243 -6.888635707136553 -10.398413683099415 -1.3446946534129722
20.440881763527052 8.322328466026754 -0.5595003471725413 2.9155704308653085 0.947646619361322 -4.082690395697792 -2.665014430850672 11.86223504259124 18.521179140486144 32.40977444451533 14.48676167256071 16.999778179040362 6.281845158897538 10.658297725625033 -2.113013653594474 0.857019113130508 17.4901779612344 5.326822823728786 9.13486856734119 -0.4782443950595372 3.1440590903617505 19.02228467066097 -3.2384420428726557 4.89464700060795 0.44223447599817334 -9.031677773613287 -6.882188478123597 -10.39196645408646 -1.3382474244000164
20.501002004008015 8.328757735396763 -0.5530710778025139 2.921999700235336 0.9540758887313494 -4.076261126327765 -2.6585851614806444 11.86866431196125 18.52760840985617 32.416203713885345 14.49319094193072 17.006207448410372 6.288274428267566 10.66472699499506 -2.1065843842244645 0.8634483825005355 17.49660723060443 5.333252093098813 9.141297836711217 -0.4718151256895098 3.15048835973176 19.028713940030997 -3.2320127735026283 4.9010762699779775 0.448663745368183 -9.02524850424326 -6.8757592087535695 -10.385537184716432 -1.331818155029989
20.561122244488978 8.335169158307139 -0.5466596548921387 2.9284111231456933 0.9604873116417245 -4.0698497034174075 -2.6521737385702693 11.875075734871626 18.534019832766546 32.42261513679572 14.499602364841095 17.012618871320747 6.294685851177923 10.671138417905436 -2.1001729613140894 0.8698598054109106 17.503018653514786 5.33966351600917 9.147709259621593 -0.46540370277915244 3.156899782642135 19.035125362941372 -3.225601350592271 4.907487692888353 0.4550751682785581 -9.018837081332903 -6.869347785843212 -10.379125761806074 -1.3254067321196317
20.62124248496994 8.341562846088717 -0.5402659671105603 2.9348048109272717 0.9668809994232852 -4.063456015635829 -2.645780050788691 11.881469422653204 18.540413520548107 32.42900882457729 14.505996052622674 17.019012559102325 6.301079538959502 10.677532105687014 -2.093779273532511 0.8762534931924713 17.509412341296365 5.346057203790749 9.154102947403153 -0.459010014997574 3.1632934704237137 19.041519050722933 -3.2192076628106925 4.913881380669913 0.46146885606013655 -9.012443393551324 -6.862954098061634 -10.372732074024496 -1.3190130443380532
20.6813627254509 8.347938913776733 -0.5338898994225438 2.941180878615288 0.9732570671113017 -4.057079947947813 -2.6394039831006744 11.88784549034122 18.546789588236123 32.435384892265304 14.51237212031069 17.025388626790342 6.307455606647518 10.68390817337503 -2.0874032058444945 0.8826295608805055 17.51578840898438 5.352433271478765 9.16047901509117 -0.4526339473095575 3.16966953811173 19.04789511841095 -3.212831595122676 4.92025744835793 0.467844923748153 -9.006067325863308 -6.856578030373617 -10.36635600633648 -1.3126369766500368
20.741482965931862 8.354297477964767 -0.5275313352345101 2.9475394428033397 0.9796156312993531 -4.050721383759761 -2.6330454189126407 11.894204054529254 18.553148152424175 32.441743456453345 14.518730684498724 17.031747190978376 6.313814170835552 10.690266737563064 -2.0810446416564607 0.8889881250685392 17.522146973172433 5.358791835666817 9.166837579279221 -0.4462753831215238 3.176028102299764 19.054253682599 -3.2064730309346423 4.926616012545981 0.4742034879361867 -8.999708761675256 -6.850219466185566 -10.359997442148446 -1.306278412462003
20.801603206412825 8.36063865265487 -0.5211901605444069 2.953880617493443 0.9859568059894563 -4.044380209069658 -2.6267042442225375 11.900545229219357 18.559489327114278 32.44808463114345 14.525071859188827 17.03808836566848 6.320155345525673 10.696607912253167 -2.0747034669663575 0.8953292997586424 17.528488147862536 5.36513301035692 9.173178753969324 -0.4399342084314206 3.182369276989867 19.060594857289104 -3.200131856244539 4.9329571872360845 0.4805446626262899 -8.993367586985153 -6.843878291495463 -10.353656267458343 -1.299937237771882
20.861723446893787 8.366962554419093 -0.5148662587801844 2.9602045192576654 0.9922807077536788 -4.038056307305435 -2.620380342458315 11.90686913098358 18.5658132288785 32.45440853290767 14.53139576095305 17.0444122674327 6.326479247289895 10.70293181401739 -2.068379565202135 0.9016532015228649 17.53481204962676 5.371456912121142 9.179502655733547 -0.43361030666719813 3.1886931787540895 19.066918759053326 -3.1938079544803166 4.939281089000307 0.4868685643905124 -8.98704368522093 -6.83755438973124 -10.34733236569412 -1.2936133360076774
