web/models/mosfit_kne/mosfit_kn_1.0000/mosfit_kn_0.117276_0.4843_1.0000.dat
# %ECSV 1.0
# ---
# datatype:
# - {name: time, datatype: float64}
# - {name: PS1_g, datatype: float64}
# - {name: PS1_i, datatype: float64}
# - {name: PS1_r, datatype: float64}
# - {name: PS1_w, datatype: float64}
# - {name: PS1_y, datatype: float64}
# - {name: PS1_z, datatype: float64}
# - {name: swift_uvot_B, datatype: float64}
# - {name: swift_uvot_U, datatype: float64}
# - {name: swift_uvot_uvm2, datatype: float64}
# - {name: swift_uvot_uvw1, datatype: float64}
# - {name: swift_uvot_uvw2, datatype: float64}
# - {name: swift_uvot_V, datatype: float64}
# - {name: johnson_B, datatype: float64}
# - {name: johnson_I, datatype: float64}
# - {name: johnson_R, datatype: float64}
# - {name: johnson_U, datatype: float64}
# - {name: johnson_V, datatype: float64}
# - {name: sdss_g, datatype: float64}
# - {name: sdss_i, datatype: float64}
# - {name: sdss_r, datatype: float64}
# - {name: sdss_u, datatype: float64}
# - {name: sdss_z, datatype: float64}
# - {name: ATLAS_c, datatype: float64}
# - {name: ATLAS_o, datatype: float64}
# - {name: ukirt_H, datatype: float64}
# - {name: ukirt_J, datatype: float64}
# - {name: ukirt_K, datatype: float64}
# - {name: Clear, datatype: float64}
# meta: !!omap
# - comment: [kappa = 1.0, type = rprocess, mass = 0.11727632184323686, velocity = 0.48433333333333334, theta_obs = 0.0, tfloor = 1000.0]
# schema: astropy-2.0
time PS1_g PS1_i PS1_r PS1_w PS1_y PS1_z swift_uvot_B swift_uvot_U swift_uvot_uvm2 swift_uvot_uvw1 swift_uvot_uvw2 swift_uvot_V johnson_B johnson_I johnson_R johnson_U johnson_V sdss_g sdss_i sdss_r sdss_u sdss_z ATLAS_c ATLAS_o ukirt_H ukirt_J ukirt_K Clear
[from data line 260]
15.691382765531062 7.850289674996045 -1.0315391382032502 2.4435316398345996 0.4756078283306131 -4.554729186728501 -3.1370532218813807 11.390196251560514 18.049140349455435 31.937735653484612 14.014722881530002 16.527739388009653 5.8098063678668295 10.186258934594324 -2.585052444625183 0.38498032209979915 17.018139170203693 4.854784032698077 8.662829776310481 -0.9502831860902461 2.6720202993310416 18.55024587963026 -3.7104808339033646 4.422608209577241 -0.029804315032535555 -9.503716564643996 -7.354227269154306 -10.864005245117168 -1.8102862154307253
15.751503006012024 7.862977841331542 -1.0188509718677352 2.456219806170097 0.48829599466612805 -4.542041020393004 -3.1243650555458657 11.40288441789603 18.061828515790932 31.950423819820106 14.027411047865499 16.54042755434515 5.822494534202327 10.19894710092984 -2.572364278289686 0.3976684884353141 17.03082733653919 4.867472199033574 8.675517942645978 -0.9375950197547489 2.6847084656665388 18.562934045965775 -3.6977926675678674 4.435296375912738 -0.01711614869703837 -9.491028398308499 -7.341539102818809 -10.85131707878167 -1.7975980490952281
15.811623246492985 7.875612947704589 -1.0062158654946884 2.4688549125431614 0.5009311010391748 -4.529405914019957 -3.111729949172819 11.415519524269076 18.074463622163996 31.963058926193167 14.040046154238546 16.553062660718197 5.835129640575373 10.211582207302886 -2.559729171916639 0.41030359480836087 17.043462442912237 4.880107305406638 8.688153049019043 -0.9249599133817021 2.6973435720395855 18.575569152338822 -3.6851575611948206 4.447931482285803 -0.004481042323991602 -9.478393291935435 -7.328903996445744 -10.838681972408624 -1.7849629427221814
15.871743486973948 7.8881955241560675 -0.9936332890432098 2.48143748899464 0.5135136774906535 -4.516823337568461 -3.0991473727213403 11.428102100720555 18.087046198615475 31.975641502644645 14.052628730690024 16.565645237169676 5.84771221702687 10.224164783754365 -2.5471465954651604 0.4228861712598395 17.056045019363733 4.892689881858117 8.700735625470521 -0.9123773369302235 2.709926148491064 18.5881517287903 -3.672574984743342 4.460514058737282 0.008101534127487042 -9.465810715483956 -7.316321419994265 -10.826099395957145 -1.7723803662707027
15.931863727454909 7.900726016412722 -0.9811027967865726 2.493967981251277 0.5260441697472906 -4.504292845311824 -3.086616880464703 11.440632592977192 18.099576690872112 31.988171994901283 14.065159222946662 16.578175729426313 5.860242709283507 10.236695276011002 -2.5346161032085233 0.4354166635164767 17.06857551162037 4.905220374114754 8.713266117727159 -0.8998468446735686 2.7224566407477013 18.600682221046938 -3.660044492486687 4.473044550993919 0.020632026384141966 -9.453280223227319 -7.303790927737628 -10.81356890370049 -1.7598498740140478
15.991983967935871 7.913204766996014 -0.9686240462032814 2.5064467318345685 0.5385229203305819 -4.491814094728532 -3.074138129881412 11.453111343560483 18.112055441455404 32.000650745484585 14.07763797352997 16.590654480009622 5.872721459866798 10.249174026594293 -2.522137352625214 0.44789541409976796 17.08105426220366 4.9176991246980455 8.72574486831045 -0.8873680940902773 2.7349353913310104 18.61316097163023 -3.6475657419033958 4.48552330157721 0.03311077696743325 -9.440801472644027 -7.291312177154337 -10.8010901531172 -1.7473711234307565
16.052104208416832 7.925632315582067 -0.9561964976172099 2.51887428042064 0.5509504689166533 -4.479386546142461 -3.0617105812953405 11.465538892146554 18.124482990041475 32.013078294070645 14.090065522116024 16.603082028595676 5.88514900845287 10.261601575180364 -2.5097098040391606 0.4603229626858394 17.093481810789733 4.930126673284117 8.738172416896521 -0.8749405455042059 2.747362939917064 18.6255885202163 -3.6351381933173244 4.4979508501632814 0.045538325553486914 -9.428373924057956 -7.278884628568266 -10.788662604531128 -1.734943574844685
16.112224448897795 7.938009259910412 -0.9438195532888649 2.531251224748985 0.5633274132449984 -4.467009601814134 -3.0493336369669954 11.4779158364749 18.13685993436982 32.02545523839899 14.10244246644437 16.61545897292402 5.897525952781197 10.27397851950871 -2.4973328597108155 0.4726999070141844 17.105858755118078 4.942503617612462 8.750549361224866 -0.8625636011758786 2.759739884245409 18.637965464544646 -3.622761248988997 4.5103277944916265 0.05791526988183193 -9.415996979729611 -7.2665076842399206 -10.7762856602028 -1.7225666305163578
16.172344689378757 7.950336128150006 -0.9314926850492711 2.543578092988561 0.5756542814845744 -4.45468273357454 -3.0370067687274016 11.490242704714493 18.149186802609396 32.03778210663858 14.114769334683963 16.627785841163615 5.909852821020791 10.286305387748303 -2.4850059914712217 0.48502677525377824 17.118185623357654 4.954830485852038 8.762876229464442 -0.8502367329362848 2.772066752485003 18.650292332784222 -3.6104343807494033 4.5226546627312025 0.07024213812142577 -9.403670111490035 -7.2541808160003445 -10.763958791963207 -1.710239762276764
16.23246492985972 7.962613292595542 -0.9192155206037356 2.5558552574340965 0.5879314459301099 -4.442405569129004 -3.024729604281866 11.502519869160029 18.16146396705493 32.050059271084116 14.127046499129499 16.64006300560915 5.922129985466326 10.298582552193821 -2.472728827025686 0.497303939699296 17.13046278780319 4.9671076502975735 8.775153393909978 -0.8379595684907493 2.7843439169305384 18.662569497229757 -3.5981572163038678 4.534931827176738 0.08251930256696127 -9.3913929470445 -7.241903651554809 -10.751681627517671 -1.6979625978312285
16.29258517034068 7.97484109142772 -0.9069877217715749 2.568083056266275 0.6001592447622883 -4.430177770296826 -3.0125018054497055 11.51474766799219 18.17369176588711 32.06228706991629 14.13927429796166 16.65229080444131 5.934357784298505 10.310810351026 -2.4605010281935256 0.5095317385314744 17.142690586635368 4.979335449129752 8.787381192742156 -0.8257317696585709 2.796571715762699 18.674797296061936 -3.5859294174716894 4.547159626008916 0.09474710139913967 -9.379165148212321 -7.229675852722631 -10.739453828685493 -1.68573479899905
16.352705410821642 7.987020039543129 -0.8948087736561483 2.5802620043816837 0.612338192877715 -4.417998822181417 -3.000322857334279 11.526926616107616 18.185870714002537 32.0744660180317 14.151453246077086 16.664469752556737 5.946536732413914 10.322989299141426 -2.448322080078099 0.521710686646901 17.154869534750777 4.991514397245161 8.799560140857565 -0.813552821543162 2.8087506638781257 18.686976244177362 -3.5737504693562805 4.559338574124343 0.10692604951454854 -9.366986200096912 -7.217496904607222 -10.727274880570084 -1.6735558508836412
16.412825651302605 7.999150699845199 -0.8826781133540784 2.5923926646837536 0.6244688531797848 -4.405868161879347 -2.988192197032209 11.539057276409686 18.198001374304607 32.08659667833378 14.163583906379156 16.676600412858807 5.9586673927159834 10.335119959443496 -2.436191419776029 0.5338413469489709 17.167000195052847 5.003645057547231 8.811690801159653 -0.8014221612410921 2.8208813241801955 18.699106904479432 -3.5616198090542106 4.571469234426413 0.11905670981661842 -9.354855539794842 -7.205366244305152 -10.715144220268014 -1.6614251905815713
16.472945891783567 8.011233536326774 -0.8705952768725034 2.6044755011653464 0.6365516896613599 -4.393785325397754 -2.976109360550634 11.551140112891261 18.21008421078618 32.09867951481535 14.17566674286073 16.688683249340382 5.970750229197576 10.347202795925071 -2.424108583294454 0.5459241834305459 17.17908303153444 5.0157278940288235 8.823773637641228 -0.7893393247595171 2.8329641606617706 18.711189740961007 -3.5495369725726356 4.583552070907988 0.13113954629819347 -9.34277270331325 -7.193283407823559 -10.703061383786439 -1.6493423540999963
16.53306613226453 8.023268904729637 -0.8585599084696405 2.6165108695681916 0.6485870580642228 -4.381749956994909 -2.964073992147771 11.563175481294124 18.222119579189044 32.110714883218215 14.187702111263594 16.700718617743245 5.982785597600421 10.359238164327934 -2.412073214891591 0.5579595518334088 17.191118399937285 5.027763262431669 8.83580900604409 -0.7773039563566542 2.8449995290646335 18.72322510936387 -3.5375016041697727 4.595587439310851 0.14317491470105637 -9.330737334910404 -7.181248039420714 -10.691026015383576 -1.6373069856971334
16.59318637274549 8.03525711860729 -0.8465716945920043 2.6284990834458455 0.6605752719418589 -4.369761743117255 -2.952085778270135 11.575163695171778 18.23410779306668 32.12270309709586 14.199690325141248 16.7127068316209 5.994773811478075 10.37122637820557 -2.400085001013937 0.569947765711045 17.20310661381494 5.0397514763093225 8.847797219921727 -0.7653157424790002 2.8569877429422874 18.735213323241506 -3.5255133902921187 4.607575653188487 0.15516312857871029 -9.31874912103275 -7.16925982554306 -10.679037801505922 -1.6253187718194795
16.65330661322645 8.047198661128423 -0.8346301520708543 2.6404406259669777 0.6725168144629912 -4.357820200596123 -2.940144235748985 11.58710523769291 18.246049335587813 32.134644639616994 14.21163186766238 16.72464837414203 6.0067153539992075 10.383167920726702 -2.388143458492805 0.5818893082321772 17.21504815633607 5.051693018830455 8.85973876244286 -0.753374199957868 2.8689292854634196 18.74715486576264 -3.5135718477709865 4.619517195709619 0.1671046710998425 -9.306807578511618 -7.157318283021928 -10.66709625898479 -1.6133772292983473
16.713426853707414 8.059094031151286 -0.8227347820480091 2.6523359959898407 0.6844121844858542 -4.34592483057326 -2.9282488657261396 11.599000607715755 18.257944705610676 32.14654000963986 14.223527237685243 16.736543744164877 6.0186107240220705 10.395063290749565 -2.3762480884699597 0.5937846782550402 17.226943526358934 5.063588388853318 8.871634132465722 -0.741478829935005 2.8808246554862826 18.7590502357855 -3.5016764777481235 4.631412565732482 0.1790000411227055 -9.294912208488755 -7.145422912999065 -10.655200888961927 -1.6014818592754843
16.773547094188377 8.070943662446908 -0.8108851507523696 2.6641856272854625 0.696261815781476 -4.334075199277638 -2.9163992344305 11.610850239011395 18.269794336906298 32.158389640935475 14.235376868980865 16.748393375460516 6.030460355317692 10.406912922045187 -2.36439845717432 0.605634309550662 17.238793157654555 5.0754380201489395 8.883483763761344 -0.7296291986393832 2.8926742867819044 18.770899867081123 -3.4898268464525017 4.643262197028104 0.1908496724183273 -9.283062577193133 -7.133573281703443 -10.643351257666305 -1.5896322279798625
16.83366733466934 8.082747910266868 -0.7990809029324097 2.67598987510544 0.7080660636014535 -4.322270951457661 -2.9045949866105403 11.622654486831355 18.281598584726275 32.17019388875545 14.247181116800824 16.760197623280476 6.04226460313767 10.418717169865165 -2.3525942093543604 0.6174385573706396 17.250597405474533 5.087242267968917 8.895288011581322 -0.7178249508194234 2.9044785346018642 18.7827041149011 -3.478022598632542 4.655066444848082 0.2026539202382871 -9.271258329373156 -7.121769033883465 -10.631547009846345 -1.5778279801599027
16.8937875751503 8.094507076872137 -0.7873217363271401 2.687749041710692 0.7198252302067054 -4.310511784852409 -2.8928358200052706 11.634413653436624 18.293357751331527 32.18195305536071 14.258940283406094 16.771956789885746 6.054023769742922 10.430476336470416 -2.3408350427490907 0.6291977239758915 17.262356572079785 5.099001434574169 8.907047178186573 -0.7060657842141538 2.916237701207134 18.794463281506353 -3.4662634320272723 4.6668256114533335 0.21441308684355675 -9.259499162767904 -7.1100098672782135 -10.619787843241076 -1.566068813554633
16.95390781563126 8.106221578228734 -0.7756072349705434 2.6994635430672886 0.7315397315633021 -4.298797283495812 -2.881121318648674 11.646128154793221 18.305072252688124 32.19366755671731 14.27065478476269 16.783671291242342 6.0657382710995185 10.442190837827013 -2.329120541392494 0.6409122253324882 17.27407107343638 5.110715935930766 8.91876167954317 -0.6943512828575571 2.9279522025637306 18.80617778286295 -3.4545489306706756 4.67854011280993 0.22612758820015344 -9.247784661411307 -7.098295365921617 -10.608073341884479 -1.5543543121980363
17.014028056112224 8.117891891295432 -0.763936921903845 2.711133856133987 0.7432100446300005 -4.287126970429114 -2.8694510055819755 11.65779846785992 18.316742565754822 32.205337869784 14.28232509782939 16.79534160430904 6.077408584166217 10.45386115089373 -2.3174502283257956 0.6525825383992043 17.28574138650308 5.122386248997464 8.930431992609869 -0.6826809697908587 2.939622515630429 18.817848095929648 -3.442878617603977 4.690210425876629 0.23779790126685185 -9.236114348344609 -7.086625052854918 -10.59640302881778 -1.542683999131338
17.074148296593187 8.1295184272226 -0.7523103859766955 2.7227603920611543 0.7548365805571677 -4.2755004345019465 -2.857824469654826 11.669425003787069 18.32836910168199 32.21696440571116 14.293951633756539 16.80696814023619 6.089035120093384 10.465487686820879 -2.305823692398646 0.6642090743263538 17.297367922430247 5.134012784924631 8.942058528537036 -0.6710544338636915 2.9512490515575784 18.829474631856815 -3.43125208167681 4.701836961803796 0.24942443719401908 -9.224487812417442 -7.074998516927751 -10.584776492890613 -1.5310574632041707
17.13426853707415 8.14110153023222 -0.7407272829670575 2.7343434950707746 0.766419683566788 -4.263917331492326 -2.846241366645188 11.681008106796707 18.33995220469161 32.22854750872079 14.305534736766177 16.818551243245828 6.100618223103004 10.477070789830499 -2.294240589389008 0.6757921773359741 17.308951025439868 5.145595887934252 8.953641631546656 -0.6594713308540712 2.9628321545672165 18.841057734866435 -3.4196689786671897 4.713420064813416 0.26100754020363937 -9.212904709407821 -7.063415413918131 -10.573193389880993 -1.5194743601945504
17.19438877755511 8.152641480261682 -0.7291873329375953 2.7458834451002367 0.7779596335962502 -4.252377381462864 -2.834701416615726 11.692548056826169 18.351492154721072 32.24008745875025 14.317074686795639 16.83009119327529 6.112158173132467 10.488610739859979 -2.282700639359546 0.687332127365454 17.32049097546933 5.157135837963714 8.965181581576118 -0.647931380824609 2.9743721045966787 18.852597684895898 -3.4081290286377275 4.724960014842878 0.27254749023310154 -9.20136475937836 -7.051875463888669 -10.561653439851531 -1.5079344101650882
17.25450901803607 8.164138632578233 -0.7176901806210445 2.7573805974167875 0.789456785912801 -4.240880229146313 -2.823204264299175 11.70404520914272 18.362989307037623 32.251584611066804 14.32857183911219 16.84158834559184 6.123655325449017 10.500107892176512 -2.271203487042995 0.698829279681987 17.33198812778588 5.168632990280265 8.976678733892669 -0.6364342285080582 2.9858692569132295 18.86409483721245 -3.3966318763211767 4.736457167159429 0.28404464254965234 -9.189867607061808 -7.040378311572118 -10.55015628753498 -1.4964372578485374
17.314629258517034 8.175593443335316 -0.706235369863979 2.768835408173871 0.8009115966698843 -4.22942541838923 -2.8117494535421095 11.715500019899785 18.374444117794706 32.263039421823876 14.340026649869255 16.853043156348907 6.135110136206101 10.511562702933595 -2.2597486762859296 0.7102840904390704 17.343442938542964 5.180087801037348 8.988133544649752 -0.6249794177509749 2.997324067670295 18.87554964796953 -3.3851770655640934 4.747911977916512 0.29549945330673566 -9.178412796304725 -7.028923500815035 -10.538701476777897 -1.484982447091454
