web/models/mosfit_kne/mosfit_kn_1.0000/mosfit_kn_0.117276_0.4373_1.0000.dat
# %ECSV 1.0
# ---
# datatype:
# - {name: time, datatype: float64}
# - {name: PS1_g, datatype: float64}
# - {name: PS1_i, datatype: float64}
# - {name: PS1_r, datatype: float64}
# - {name: PS1_w, datatype: float64}
# - {name: PS1_y, datatype: float64}
# - {name: PS1_z, datatype: float64}
# - {name: swift_uvot_B, datatype: float64}
# - {name: swift_uvot_U, datatype: float64}
# - {name: swift_uvot_uvm2, datatype: float64}
# - {name: swift_uvot_uvw1, datatype: float64}
# - {name: swift_uvot_uvw2, datatype: float64}
# - {name: swift_uvot_V, datatype: float64}
# - {name: johnson_B, datatype: float64}
# - {name: johnson_I, datatype: float64}
# - {name: johnson_R, datatype: float64}
# - {name: johnson_U, datatype: float64}
# - {name: johnson_V, datatype: float64}
# - {name: sdss_g, datatype: float64}
# - {name: sdss_i, datatype: float64}
# - {name: sdss_r, datatype: float64}
# - {name: sdss_u, datatype: float64}
# - {name: sdss_z, datatype: float64}
# - {name: ATLAS_c, datatype: float64}
# - {name: ATLAS_o, datatype: float64}
# - {name: ukirt_H, datatype: float64}
# - {name: ukirt_J, datatype: float64}
# - {name: ukirt_K, datatype: float64}
# - {name: Clear, datatype: float64}
# meta: !!omap
# - comment: [kappa = 1.0, type = rprocess, mass = 0.11727632184323686, velocity = 0.4373333333333333, theta_obs = 0.0, tfloor = 1000.0]
# schema: astropy-2.0
time PS1_g PS1_i PS1_r PS1_w PS1_y PS1_z swift_uvot_B swift_uvot_U swift_uvot_uvm2 swift_uvot_uvw1 swift_uvot_uvw2 swift_uvot_V johnson_B johnson_I johnson_R johnson_U johnson_V sdss_g sdss_i sdss_r sdss_u sdss_z ATLAS_c ATLAS_o ukirt_H ukirt_J ukirt_K Clear
[from data line 405]
24.40881763527054 8.592362733669017 -0.28946607953027836 3.1856046985075714 1.217680887003585 -3.8126561280555293 -2.394980163208409 12.132269310233504 18.791213408128407 32.67980871215759 14.756795940202974 17.269812446682625 6.551879426539801 10.928331993267296 -1.8429793859522112 1.127053380772771 17.760212228876664 5.5968570913710485 9.404902834983453 -0.2082101274172743 3.4140933580040134 19.292318938303232 -2.968407775230393 5.164681268250213 0.7122687436404362 -8.761643505971024 -6.612154210481334 -10.121932186444196 -1.0682131567577535
24.468937875751504 8.599684145917728 -0.28214466728154974 3.1929261107562823 1.2250022992522958 -3.8053347158068185 -2.3876587509596803 12.139590722482215 18.798534820377117 32.6871301244063 14.764117352451684 17.277133858931336 6.559200838788512 10.935653405516025 -1.8356579737035004 1.1343747930214996 17.767533641125375 5.604178503619759 9.412224247232164 -0.20088871516856344 3.4214147702527242 19.299640350551943 -2.961086362981682 5.172002680498924 0.7195901558891471 -8.754322093722314 -6.604832798232623 -10.114610774195485 -1.0608917445090427
24.529058116232463 8.606988781522258 -0.2748400316770372 3.2002307463608126 1.232306934856826 -3.798030080202288 -2.3803541153551677 12.146895358086727 18.805839455981648 32.69443476001083 14.771421988056215 17.28443849453585 6.566505474393042 10.942958041120537 -1.8283533380989878 1.1416794286260121 17.774838276729906 5.61148313922429 9.419528882836694 -0.19358407956403312 3.4287194058572545 19.306944986156473 -2.9537817273771516 5.179307316103454 0.7268947914936774 -8.747017458117783 -6.597528162628093 -10.107306138590955 -1.0535871089045123
24.589178356713425 8.61427673681531 -0.26755207638396783 3.207518701653864 1.2395948901498954 -3.7907421249092366 -2.3730661600620984 12.154183313379797 18.813127411274717 32.70172271530389 14.778709943349266 17.291726449828918 6.573793429686094 10.950245996413607 -1.8210653828059185 1.1489673839190815 17.782126232022957 5.618771094517359 9.426816838129763 -0.18629612427098152 3.436007361150306 19.314232941449543 -2.9464937720841 5.1865952713965235 0.734182746786729 -8.739729502824732 -6.590240207335041 -10.100018183297903 -1.0462991536114608
24.649298597194388 8.62154811511246 -0.26028069808681664 3.2147900799510154 1.2468662684470289 -3.7834707466120854 -2.365794781764947 12.161454691676948 18.82039878957185 32.70899409360103 14.785981321646418 17.29899782812607 6.581064807983245 10.95751737471074 -1.8137940045087673 1.156238762216215 17.78939761032011 5.626042472814492 9.434088216426897 -0.17902474597383033 3.4432787394474573 19.321504319746676 -2.939222393786949 5.193866649693657 0.7414541250838802 -8.73245812452758 -6.58296882903789 -10.092746805000752 -1.0390277753143096
24.70941883767535 8.628803014040525 -0.25302579915875256 3.2220449788790972 1.2541211673751107 -3.7762158476840035 -2.358539882836883 12.168709590605012 18.827653688499932 32.7162489925291 14.793236220574482 17.306252727054133 6.588319706911327 10.964772273638822 -1.8065391055807032 1.1634936611442968 17.79665250924819 5.633297371742574 9.441343115354979 -0.17176984704576626 3.4505336383755214 19.328759218674758 -2.9319674948588847 5.201121548621739 0.7487090240119443 -8.725203225599499 -6.575713930109808 -10.08549190607267 -1.0317728763862277
24.769539078156313 8.63604154084495 -0.2457872723543275 3.2292835056835045 1.261359694179518 -3.7689773208795962 -2.351301356032458 12.175948117409437 18.83489221530434 32.723487519333524 14.800474747378907 17.313491253858558 6.595558233715734 10.972010800443247 -1.7993005787762781 1.1707321879487218 17.803891036052597 5.640535898546982 9.448581642159386 -0.1645313202413412 3.4577721651799465 19.335997745479165 -2.9247289680544597 5.208360075426146 0.7559475508163693 -8.717964698795091 -6.568475403305401 -10.078253379268263 -1.0245343495818204
24.829659318637272 8.643263789435363 -0.23856502376393252 3.2365057542739173 1.2685819427699307 -3.7617550722891835 -2.344079107442063 12.183170365999832 18.842114463894752 32.73070976792393 14.80769699596932 17.32071350244897 6.602780482306147 10.979233049033642 -1.7920783301858654 1.1779544365391168 17.81111328464301 5.647758147137394 9.455803890749799 -0.15730907165092844 3.464994413770359 19.343219994069578 -2.917506719464047 5.215582324016559 0.7631697994067821 -8.710742450204679 -6.561253154714988 -10.07103113067785 -1.0173121009914077
24.889779559118235 8.650469864574912 -0.23135894862438278 3.243711829413467 1.2757880179094805 -3.7545489971496337 -2.3368730323025133 12.190376441139382 18.849320539034302 32.73791584306348 14.81490307110887 17.32791957758852 6.609986557445697 10.986439124173192 -1.7848722550463156 1.1851605116786665 17.81831935978256 5.654964222276944 9.463009965889349 -0.1501029965113787 3.472200488909909 19.350426069209128 -2.910300644324497 5.222788399156109 0.7703758745463318 -8.703536375065129 -6.554047079575438 -10.0638250555383 -1.010106025851858
24.949899799599198 8.65765987407384 -0.22416893912543756 3.2509018389123945 1.282978027408408 -3.7473589876507063 -2.329683022803568 12.197566450638327 18.85651054853323 32.74510585256241 14.822093080607797 17.335109587087448 6.617176566944624 10.993629133672119 -1.7776822455473882 1.192350521177594 17.825509369281487 5.6621542317758715 9.470199975388276 -0.14291298701245125 3.4793904984088364 19.357616078708055 -2.9031106348255697 5.229978408655036 0.7775658840452593 -8.696346365566201 -6.546857070076511 -10.056635046039373 -1.0029160163529305
25.01002004008016 8.664833914413048 -0.21699489878622913 3.258075879251603 1.2901520677476164 -3.740184947311498 -2.3225089824643597 12.204740490977535 18.863684588872438 32.75227989290162 14.829267120947005 17.342283627426657 6.624350607283833 11.000803174011345 -1.7705082052081798 1.1995245615168202 17.832683409620696 5.66932827211508 9.477374015727484 -0.13573894667324282 3.486564538748045 19.364790119047264 -2.8959365944863613 5.2371524489942445 0.7847399243844677 -8.689172325226993 -6.5396830297373025 -10.049461005700165 -0.995741976013722
25.07014028056112 8.671992082705948 -0.20983673049332907 3.265234047544503 1.2973102360405164 -3.733026779018598 -2.3153508141714596 12.211898659270435 18.870842757165338 32.75943806119452 14.836425289239905 17.349441795719557 6.631508775576733 11.007961342304245 -1.7633500369152797 1.2066827298097202 17.839841577913596 5.67648644040798 9.484532184020384 -0.12858077838034276 3.493722707040945 19.371948287340164 -2.8887784261934613 5.2443106172871445 0.7918980926773678 -8.682014156934093 -6.5325248614444025 -10.042302837407265 -0.988583807720822
25.130260521042082 8.679134471950789 -0.20269434124848829 3.2723764367893438 1.3044526252853572 -3.725884389773757 -2.308208424926619 12.219041048515276 18.87798514641018 32.766580450439356 14.843567678484746 17.356584184964397 6.638651164821574 11.015103731549068 -1.756207647670439 1.2138251190545433 17.846983967158437 5.683628829652821 9.491674573265225 -0.12143838913550198 3.5008650962857857 19.379090676585005 -2.8816360369486205 5.251453006531985 0.7990404819222086 -8.674871767689252 -6.525382472199562 -10.035160448162424 -0.9814414184759812
25.190380761523045 8.686261185963211 -0.195567627236084 3.279503150801766 1.3115793392977793 -3.718757675761335 -2.3010817109142145 12.22616776252768 18.8851118604226 32.77370716445177 14.85069439249715 17.3637108989768 6.645777878833996 11.02223044556149 -1.7490809336580346 1.2209518330669653 17.85411068117086 5.690755543665243 9.498801287277647 -0.11431167512307994 3.50799181029819 19.386217390597427 -2.8745093229361984 5.258579720544407 0.8061671959346306 -8.66774505367683 -6.51825575818714 -10.028033734150002 -0.9743147044635592
25.250501002004007 8.693373071181245 -0.18845574201803217 3.2866150360198 1.3186912245158133 -3.711645790543301 -2.2939698256961627 12.233279647745732 18.892223745640635 32.780819049669816 14.857806277715202 17.370822784194853 6.65288976405203 11.029342330779542 -1.7419690484399828 1.2280637182850171 17.861222566388893 5.697867428883277 9.505913172495681 -0.10719978990504586 3.515103695516242 19.39332927581546 -2.8673974377181644 5.265691605762441 0.8132790811526647 -8.660633168458796 -6.511143872969106 -10.020921848931968 -0.9672028192455251
25.31062124248497 8.700468548559392 -0.18136026463990262 3.293710513397947 1.3257867018939606 -3.7045503131651536 -2.286874348318033 12.240375125123862 18.899319223018782 32.78791452704795 14.864901755093332 17.377918261572983 6.659985241430177 11.036437808157672 -1.7348735710618532 1.2351591956631467 17.86831804376704 5.704962906261424 9.513008649873829 -0.10010431252689855 3.5221991728943713 19.400424753193608 -2.860301960340017 5.272787083140589 0.820374558530812 -8.653537691080649 -6.504048395590958 -10.01382637155382 -0.9601073418673778
25.37074148296593 8.70754867837336 -0.1742801348259171 3.300790643211915 1.3328668317079284 -3.697470183351186 -2.2797942185040476 12.247455254937847 18.90639935283275 32.79499465686193 14.871981884907317 17.38499839138697 6.667065371244145 11.043517937971657 -1.7277934412478677 1.2422393254771322 17.875398173581008 5.712043036075392 9.520088779687796 -0.09302418271293078 3.529279302708357 19.407504883007576 -2.8532218305260493 5.2798672129545565 0.8274546883447798 -8.646457561266681 -6.4969682657769905 -10.006746241739853 -0.95302721205341
25.430861723446892 8.714613553566348 -0.16721525963292905 3.3078555184049208 1.3399317069009342 -3.690405308158198 -2.2727293433110596 12.254520130130835 18.913464228025756 32.802059532054926 14.879046760100305 17.392063266579957 6.674130246437133 11.050582813164645 -1.7207285660548797 1.2493042006701203 17.882463048773996 5.719107911268398 9.527153654880802 -0.08595930751994274 3.536344177901345 19.41456975820058 -2.8461569553330612 5.286932088147562 0.8345195635377678 -8.639392686073675 -6.4899033905840025 -9.999681366546865 -0.945962336860422
25.490981963927855 8.721663257079602 -0.16016555611967576 3.314905221918174 1.3469814104141875 -3.6833556046449267 -2.2656796397978063 12.261569833644089 18.92051393153901 32.80910923556818 14.886096463613558 17.39911297009321 6.681179949950404 11.057632516677899 -1.7136788625416264 1.2563539041833736 17.889512752287267 5.726157614781651 9.534203358394056 -0.07890960400667169 3.543393881414598 19.421619461713835 -2.83910725181979 5.293981791660816 0.8415692670510211 -8.632342982560422 -6.482853687070731 -9.992631663033594 -0.9389126333471509
25.551102204408817 8.728697876227152 -0.15313093697212565 3.3219398410657064 1.3540160295617198 -3.6763209854973944 -2.258645020650256 12.268604452791639 18.92754855068654 32.816143854715726 14.893131082761109 17.40614758924076 6.688214569097936 11.064667135825431 -1.7066442433940763 1.263388523330906 17.8965473714348 5.733192233929183 9.541237977541588 -0.07187498485913935 3.5504285005621483 19.428654080861367 -2.832072632672258 5.301016410808348 0.8486038861985712 -8.62530836341289 -6.475819067923199 -9.985597043886061 -0.9318780141996186
25.61122244488978 8.735717501827835 -0.14611131137144184 3.32895946666639 1.3610356551624037 -3.6693013598967106 -2.2516253950495724 12.275624078392323 18.934568176287225 32.8231634803164 14.900150708361792 17.413167214841444 6.69523419469862 11.071686761426133 -1.6996246177933925 1.2704081489316075 17.903566997035483 5.740211859529867 9.548257603142272 -0.06485535925845554 3.557448126162832 19.43567370646205 -2.825053007071574 5.308036036409032 0.855623511799255 -8.618288737812206 -6.468799442322515 -9.978577418285377 -0.9248583885989348
25.67134268537074 8.74272223100622 -0.13910658219307592 3.335964195844774 1.3680403843407873 -3.662296630718327 -2.2446206658712065 12.282628807570706 18.94157290546561 32.83016820949479 14.907155437540176 17.420171944019827 6.702238923877004 11.078691490604498 -1.6926198886150088 1.2774128781099734 17.910571726213867 5.747216588708251 9.555262332320655 -0.05785063008007185 3.564452855341216 19.442678435640435 -2.8180482778931903 5.3150407655874154 0.8626282409776387 -8.611284008633822 -6.461794713144132 -9.971572689106994 -0.9178536594205511
25.7314629258517 8.74971213909415 -0.13211667410514494 3.342954103932705 1.3750302924287183 -3.655306722630396 -2.2376307577832755 12.28961871565862 18.94856281355354 32.83715811758271 14.91414534562809 17.42716185210774 6.709228831964935 11.08568139869243 -1.6856299805270956 1.2844027861979044 17.917561634301798 5.754206496796182 9.562252240408586 -0.05086072199214087 3.571442763429129 19.449668343728366 -2.8110583698052594 5.322030673675346 0.8696181490655697 -8.604294100545891 -6.454804805056201 -9.964582781019063 -0.9108637513326201
25.791583166332664 8.756687330318922 -0.12514148288035543 3.3499292951574944 1.3820054836535078 -3.648331531405624 -2.230655566558486 12.296593906883409 18.95553800477833 32.8441333088075 14.921120536852879 17.43413704333253 6.716204023189706 11.092656589917219 -1.678654789302306 1.291377977422694 17.92453682552657 5.761181688020971 9.569227431633376 -0.04388553076736912 3.5784179546539185 19.456643534953155 -2.8040831785804876 5.329005864900136 0.8765933402903414 -8.597318909321102 -6.447829613831411 -9.957607589794291 -0.9038885601078483
25.851703406813627 8.763647894053506 -0.11818091914577167 3.356889858892078 1.3889660473880916 -3.6413709676710226 -2.223695002823902 12.303554470617993 18.962498568512913 32.85109387254209 14.928081100587463 17.441097607067114 6.723164586924308 11.099617153651803 -1.6716942255677223 1.2983385411572776 17.93149738926117 5.768142251755555 9.57618799536796 -0.0369249670327676 3.5853785183885023 19.46360409868774 -2.797122614845886 5.33596642863472 0.8835539040249252 -8.590358345586518 -6.440869050096827 -9.95064702605969 -0.8969279963732468
25.91182364729459 8.77059392157948 -0.11123489161981581 3.363835886418034 1.3959120749140475 -3.634424940145067 -2.2167489752979463 12.310500498143949 18.96944459603887 32.85803990006805 14.935027128113436 17.448043634593088 6.730110614450264 11.106563181177759 -1.6647481980417664 1.3052845686832335 17.938443416787127 5.775088279281511 9.583134022893915 -0.02997893950681174 3.592324545914476 19.470550126213695 -2.7901765873199302 5.342912456160676 0.8904999315508988 -8.583412318060562 -6.4339230225708715 -9.943700998533734 -0.889981968847291
25.97194388777555 8.777525503402135 -0.10430330979716018 3.3707674682406896 1.402843656736703 -3.627493358322411 -2.2098173934752907 12.317432079966622 18.976376177861525 32.864971481890706 14.941958709936092 17.454975216415743 6.7370421962729194 11.113494763000414 -1.657816616219093 1.3122161505058891 17.945374998609783 5.782019861104167 9.590065604716571 -0.02304735768415611 3.5992561277371315 19.47748170803635 -2.7832450054972746 5.349844037983331 0.8974315133735544 -8.576480736237906 -6.426991440748216 -9.936769416711078 -0.8830503870246353
26.03206412825651 8.784442725031063 -0.09738608816821426 3.377684689869618 1.409760878365649 -3.620576136693483 -2.202900171846345 12.32434930159555 18.98329339949047 32.87188870351964 14.94887593156502 17.46189243804467 6.743959417901848 11.12041198462936 -1.6508993945901649 1.319133372134835 17.95229222023871 5.788937082733095 9.5969828263455 -0.01613013605522795 3.6061733493660597 19.48439892966528 -2.7763277838683464 5.356761259612259 0.9043487350024826 -8.569563514608978 -6.420074219119288 -9.92985219508215 -0.8761331653957072
