web/models/mosfit_kne/mosfit_kn_1.0000/mosfit_kn_0.117276_0.1553_1.0000.dat
# %ECSV 1.0
# ---
# datatype:
# - {name: time, datatype: float64}
# - {name: PS1_g, datatype: float64}
# - {name: PS1_i, datatype: float64}
# - {name: PS1_r, datatype: float64}
# - {name: PS1_w, datatype: float64}
# - {name: PS1_y, datatype: float64}
# - {name: PS1_z, datatype: float64}
# - {name: swift_uvot_B, datatype: float64}
# - {name: swift_uvot_U, datatype: float64}
# - {name: swift_uvot_uvm2, datatype: float64}
# - {name: swift_uvot_uvw1, datatype: float64}
# - {name: swift_uvot_uvw2, datatype: float64}
# - {name: swift_uvot_V, datatype: float64}
# - {name: johnson_B, datatype: float64}
# - {name: johnson_I, datatype: float64}
# - {name: johnson_R, datatype: float64}
# - {name: johnson_U, datatype: float64}
# - {name: johnson_V, datatype: float64}
# - {name: sdss_g, datatype: float64}
# - {name: sdss_i, datatype: float64}
# - {name: sdss_r, datatype: float64}
# - {name: sdss_u, datatype: float64}
# - {name: sdss_z, datatype: float64}
# - {name: ATLAS_c, datatype: float64}
# - {name: ATLAS_o, datatype: float64}
# - {name: ukirt_H, datatype: float64}
# - {name: ukirt_J, datatype: float64}
# - {name: ukirt_K, datatype: float64}
# - {name: Clear, datatype: float64}
# meta: !!omap
# - comment: [kappa = 1.0, type = rprocess, mass = 0.11727632184323686, velocity = 0.15533333333333332, theta_obs = 0.0, tfloor = 1000.0]
# schema: astropy-2.0
time PS1_g PS1_i PS1_r PS1_w PS1_y PS1_z swift_uvot_B swift_uvot_U swift_uvot_uvm2 swift_uvot_uvw1 swift_uvot_uvw2 swift_uvot_V johnson_B johnson_I johnson_R johnson_U johnson_V sdss_g sdss_i sdss_r sdss_u sdss_z ATLAS_c ATLAS_o ukirt_H ukirt_J ukirt_K Clear
[from data line 489]
29.458917835671343 6.472341038677154 -2.4094877745221233 1.0655830035157088 -0.90234080798826 -5.932677823047392 -4.515001858200254 10.012247615241641 16.67119171313656 30.55978701716572 12.636774245211111 15.149790751690762 4.431857731547939 8.808310298275451 -3.963001080944074 -0.9929683142190739 15.640190533884802 3.476835396379186 7.28488113999159 -2.328231822409137 1.2940716630121507 17.172297243311387 -5.0884294702222554 3.0446595732583503 -1.4077529513514264 -10.881665200962887 -8.732175905473197 -12.241953881436059 -3.188234851749616
29.519038076152302 6.4759389187162775 -2.4058898944830176 1.0691808835548322 -0.8987429279491543 -5.929079943008269 -4.511403978161148 10.015845495280765 16.674789593175667 30.563384897204845 12.640372125250234 15.153388631729886 4.435455611587062 8.811908178314557 -3.9594032009049505 -0.9893704341799683 15.643788413923925 3.4804332764183092 7.288479020030714 -2.3246339423700135 1.2976695430512741 17.175895123350493 -5.084831590183132 3.0482574532974738 -1.404155071312303 -10.878067320923764 -8.728578025434073 -12.238356001396935 -3.1846369717104928
29.579158316633265 6.479529024484414 -2.4022997887148634 1.0727709893229687 -0.8951528221810001 -5.925489837240132 -4.507813872392994 10.019435601048901 16.67837969894382 30.566975002972992 12.64396223101837 15.156978737498022 4.4390457173551985 8.815498284082711 -3.955813095136814 -0.9857803284118141 15.647378519692062 3.4840233821864457 7.292069125798868 -2.321043836601877 1.3012596488194106 17.179485229118647 -5.081241484414996 3.051847559065628 -1.4005649655441665 -10.874477215155627 -8.724987919665937 -12.234765895628799 -3.1810468659423563
29.639278557114228 6.483111382939857 -2.3987174302594205 1.0763533477784115 -0.891570463725575 -5.921907478784689 -4.504231513937551 10.023017959504344 16.681962057399247 30.570557361428424 12.647544589473814 15.160561095953465 4.442628075810641 8.819080642538154 -3.952230736681371 -0.982197969956389 15.650960878147504 3.4876057406418886 7.295651484254293 -2.317461478146434 1.3048420072748534 17.183067587574072 -5.077659125959553 3.055429917521053 -1.3969826070887237 -10.870894856700184 -8.721405561210494 -12.231183537173356 -3.1774645074869134
29.69939879759519 6.486686045483321 -2.3951427677159742 1.0799280103218756 -0.887995801182111 -5.918332816241225 -4.500656851394105 10.02659262204779 16.68553671994271 30.574132023971888 12.651119252017278 15.16413575849693 4.446202738354105 8.8226553050816 -3.948656074137907 -0.9786233074129249 15.654535540690969 3.4911804031853526 7.299226146797757 -2.31388681560297 1.3084166698183175 17.186642250117536 -5.074084463416089 3.059004580064517 -1.3934079445452596 -10.86732019415672 -8.71783089866703 -12.227608874629892 -3.1738898449434494
29.75951903807615 6.490253044312553 -2.3915757688867423 1.0834950091511075 -0.884428802352879 -5.914765817411993 -4.497089852564873 10.03015962087704 16.689103718771943 30.577699022801117 12.65468625084651 15.167702757326161 4.449769737183337 8.826222303910832 -3.945089075308675 -0.975056308583693 15.6581025395202 3.4947474020145846 7.302793145626989 -2.310319816773738 1.3119836686475495 17.19020924894677 -5.070517464586857 3.062571578893749 -1.3898409457160277 -10.863753195327488 -8.714263899837798 -12.22404187580066 -3.1703228461142174
29.819639278557112 6.493812410810644 -2.388016402388633 1.087054375649199 -0.8808694358547875 -5.911206450913902 -4.4935304860667635 10.033718987375131 16.692663085270034 30.58125838929921 12.658245617344601 15.171262123824253 4.453329103681429 8.829781670408941 -3.9415297088105836 -0.9714969420856014 15.661661906018292 3.498306768512676 7.3063525121250805 -2.3067604502756467 1.315543035145641 17.19376861544486 -5.066958098088765 3.0661309453918406 -1.3862815792179362 -10.860193828829397 -8.710704533339706 -12.220482509302569 -3.166763479616126
29.879759519038075 6.497364190155537 -2.3844646230437405 1.0906061549941093 -0.8773176565098773 -5.9076546715689915 -4.489978706721871 10.037270766720024 16.696214864614944 30.584810168644115 12.661797396689494 15.174813903169145 4.456880883026339 8.833333449753834 -3.937977929465691 -0.9679451627406912 15.665213685363202 3.5018585478575863 7.309904291469991 -2.303208670930754 1.3190948144905335 17.19732039478977 -5.063406318743873 3.069682724736751 -1.3827297998730437 -10.856642049484487 -8.707152753994796 -12.216930729957676 -3.1632117002712157
29.939879759519037 6.500908416065716 -2.380920397133579 1.0941503809042707 -0.8737734305997158 -5.90411044565883 -4.48643448081171 10.040814992630185 16.699759090525106 30.588354394554276 12.665341622599655 15.178358129079307 4.460425108936501 8.836877675663995 -3.9344337035555297 -0.9644009368305297 15.668757911273364 3.505402773767748 7.313448517380152 -2.299664445020575 1.322639040400695 17.20086462069993 -5.0598620928336935 3.0732269506469123 -1.3791855739628645 -10.853097823574325 -8.703608528084635 -12.213386504047497 -3.159667474361054
30.0 6.504445121228475 -2.3773836919708025 1.0976870860670296 -0.870236725436957 -5.900573740496071 -4.482897775648933 10.044351697792962 16.703295795687865 30.591891099717042 12.668878327762432 15.181894834242083 4.463961814099259 8.840414380826754 -3.930896998392753 -0.9608642316677709 15.672294616436123 3.5089394789305066 7.316985222542911 -2.296127739857816 1.3261757455634715 17.20440132586269 -5.056325387670935 3.076763655809671 -1.3756488688001056 -10.849561118411566 -8.700071822921876 -12.209849798884738 -3.1561307691982954
