web/models/mosfit_kne/mosfit_kn_1.0000/mosfit_kn_0.007937_0.2337_1.0000.dat
# %ECSV 1.0
# ---
# datatype:
# - {name: time, datatype: float64}
# - {name: PS1_g, datatype: float64}
# - {name: PS1_i, datatype: float64}
# - {name: PS1_r, datatype: float64}
# - {name: PS1_w, datatype: float64}
# - {name: PS1_y, datatype: float64}
# - {name: PS1_z, datatype: float64}
# - {name: swift_uvot_B, datatype: float64}
# - {name: swift_uvot_U, datatype: float64}
# - {name: swift_uvot_uvm2, datatype: float64}
# - {name: swift_uvot_uvw1, datatype: float64}
# - {name: swift_uvot_uvw2, datatype: float64}
# - {name: swift_uvot_V, datatype: float64}
# - {name: johnson_B, datatype: float64}
# - {name: johnson_I, datatype: float64}
# - {name: johnson_R, datatype: float64}
# - {name: johnson_U, datatype: float64}
# - {name: johnson_V, datatype: float64}
# - {name: sdss_g, datatype: float64}
# - {name: sdss_i, datatype: float64}
# - {name: sdss_r, datatype: float64}
# - {name: sdss_u, datatype: float64}
# - {name: sdss_z, datatype: float64}
# - {name: ATLAS_c, datatype: float64}
# - {name: ATLAS_o, datatype: float64}
# - {name: ukirt_H, datatype: float64}
# - {name: ukirt_J, datatype: float64}
# - {name: ukirt_K, datatype: float64}
# - {name: Clear, datatype: float64}
# meta: !!omap
# - comment: [kappa = 1.0, type = rprocess, mass = 0.00793700525986525, velocity = 0.2336666666666667, theta_obs = 0.0, tfloor = 1000.0]
# schema: astropy-2.0
time PS1_g PS1_i PS1_r PS1_w PS1_y PS1_z swift_uvot_B swift_uvot_U swift_uvot_uvm2 swift_uvot_uvw1 swift_uvot_uvw2 swift_uvot_V johnson_B johnson_I johnson_R johnson_U johnson_V sdss_g sdss_i sdss_r sdss_u sdss_z ATLAS_c ATLAS_o ukirt_H ukirt_J ukirt_K Clear
[from data line 174]
10.521042084168336 8.942959727481217 0.06113091428192163 3.5362016923197714 1.568277880815785 -3.4620591342433293 -2.044383169396209 12.482866304045704 19.141810401940607 33.03040570596979 15.107392934015174 17.620409440494825 6.902476420352001 11.278928987079496 -1.4923823921400112 1.477650374584971 18.110809222688864 5.9474540851832485 9.755499828795653 0.1423868663949257 3.7646903518162134 19.642915932115432 -2.617810781418193 5.515278262062413 1.0628657374526362 -8.411046512158824 -6.261557216669134 -9.771335192631996 -0.7176161629455535
10.581162324649299 8.95590678277486 0.07407796957558332 3.549148747613433 1.5812249361094466 -3.4491120789496676 -2.031436114102547 12.495813359339348 19.15475745723427 33.04335276126344 15.120339989308818 17.63335649578847 6.915423475645663 11.291876042373158 -1.4794353368463673 1.4905974298786326 18.123756277982526 5.96040114047691 9.768446884089315 0.15533392168856963 3.7776374071098573 19.655862987409094 -2.604863726124531 5.528225317356075 1.0758127927462802 -8.398099456865163 -6.248610161375472 -9.758388137338335 -0.7046691076518918
10.64128256513026 8.96877614940422 0.08694733620494333 3.562018114242793 1.5940943027388066 -3.4362427123203076 -2.018566747473187 12.508682725968708 19.16762682386363 33.0562221278928 15.133209355938178 17.64622586241783 6.928292842275023 11.304745409002518 -1.4665659702170073 1.5034667965079926 18.136625644611886 5.97327050710627 9.781316250718675 0.16820328831792963 3.7905067737392173 19.668732354038454 -2.591994359495189 5.541094683985435 1.0886821593756402 -8.385230090235803 -6.235740794746112 -9.745518770708992 -0.6917997410225496
10.701402805611222 8.981579856171642 0.0997510429723647 3.5748218210102145 1.606898009506228 -3.4234390055528863 -2.005763040705766 12.521486432736129 19.18043053063105 33.06902583466022 15.146013062705599 17.65902956918525 6.941096549042444 11.317549115769939 -1.453762263449586 1.516270503275414 18.149429351379307 5.9860742138736915 9.794119957486096 0.181006995085351 3.8033104805066387 19.681536060805875 -2.5791906527277675 5.553898390752856 1.1014858661430615 -8.372426383468381 -6.222937087978691 -9.732715063941571 -0.6789960342551105
10.761523046092185 8.994317645792478 0.11248883259318276 3.5875596106310326 1.619635799127046 -3.410701215932068 -1.9930252510849478 12.534224222356947 19.193168320251868 33.081763624281045 15.158750852326435 17.671767358806086 6.953834338663262 11.330286905390757 -1.44102447382875 1.529008292896232 18.162167141000126 5.99881200349451 9.806857747106914 0.19374478470618683 3.8160482701274745 19.694273850426693 -2.5664528631069317 5.566636180373674 1.1142236557638974 -8.359688593847563 -6.210199298357873 -9.719977274320735 -0.6662582446342924
10.821643286573146 9.006989862320136 0.1251610491208588 3.600231827158691 1.6323080156547043 -3.39802899940441 -1.9803530345572717 12.546896438884623 19.205840536779533 33.09443584080871 15.171423068854093 17.684439575333744 6.966506555190921 11.342959121918433 -1.4283522573010918 1.5416805094238903 18.174839357527784 6.011484220022168 9.819529963634572 0.2064170012338451 3.8287204866551328 19.70694606695435 -2.5537806465792734 5.579308396901332 1.1268958722915556 -8.347016377319905 -6.197527081830215 -9.707305057793077 -0.6535860281066341
10.881763527054108 9.019597084050464 0.13776827085118626 3.612839048889036 1.6449152373850495 -3.3854217776740825 -1.9677458128269443 12.55950366061495 19.21844775850987 33.10704306253904 15.18403029058442 17.697046797064072 6.979113776921248 11.35556634364876 -1.4157450355707644 1.5542877311542356 18.18744657925811 6.024091441752513 9.832137185364918 0.21902422296417257 3.8413277083854602 19.719553288684697 -2.541173424848946 5.591915618631678 1.139503094021883 -8.33440915558956 -6.184919860099869 -9.69469783606275 -0.6409788063763067
10.941883767535069 9.03214003649298 0.15031122329370206 3.625382001331552 1.6574581898275653 -3.372878825231549 -1.9552028603844285 12.572046613057466 19.230990710952387 33.11958601498156 15.196573243026936 17.709589749506588 6.991656729363782 11.368109296091276 -1.4032020831282486 1.5668306835967514 18.199989531700645 6.036634394195029 9.844680137807433 0.23156717540668836 3.853870660827976 19.732096241127213 -2.52863047240643 5.604458571074193 1.152046046464399 -8.321866203147044 -6.172376907657354 -9.682154883620234 -0.6284358539337909
11.002004008016032 9.044619493252544 0.16279068005326636 3.637861458091116 1.6699376465871296 -3.3603993684719846 -1.9427234036248642 12.58452606981703 19.24347016771195 33.13206547174112 15.2090526997865 17.722069206266152 7.004136186123328 11.38058875285084 -1.3907226263686843 1.5793101403563157 18.21246898846021 6.049113850954593 9.857159594566998 0.24404663216625266 3.8663501175875403 19.744575697886777 -2.516151015646866 5.616938027833758 1.1645255032239632 -8.30938674638748 -6.159897450897789 -9.66967542686067 -0.6159563971742266
11.062124248496994 9.057036210240028 0.17520739704073307 3.650278175078583 1.6823543635745963 -3.347982651484518 -1.9303066866373975 12.596942786804497 19.255886884699418 33.144482188728595 15.221469416773985 17.73448592325362 7.016552903110813 11.393005469838307 -1.3783059093812176 1.5917268573437824 18.224885705447676 6.06153056794206 9.869576311554464 0.25646334915373714 3.878766834575025 19.756992414874244 -2.5037342986593814 5.629354744821224 1.1769422202114477 -8.296970029400013 -6.147480733910323 -9.657258709873185 -0.6035396801867421
11.122244488977955 9.069390936868285 0.1875621236689895 3.6626329017068393 1.6947090902028528 -3.3356279248562615 -1.917951960009141 12.609297513432772 19.268241611327674 33.156836915356855 15.233824143402241 17.746840649881893 7.028907629739069 11.405360196466564 -1.3659511827529434 1.6040815839720388 18.237240432075932 6.073885294570316 9.88193103818272 0.26881807578199357 3.8911215612032812 19.7693471415025 -2.491379572031125 5.641709471449481 1.189296946839704 -8.284615302771757 -6.135126007282066 -9.644903983244928 -0.5911849535584857
11.182364729458918 9.081684456363543 0.19985564316424842 3.6749264212020982 1.7070026096981117 -3.3233344053610026 -1.9056584405138821 12.621591032928013 19.280535130822933 33.169130434852114 15.2461176628975 17.759134169377134 7.041201149234328 11.417653715961823 -1.3536576632577022 1.6163751034672977 18.24953395157119 6.086178814065575 9.89422455767798 0.2811115952772525 3.90341508069854 19.78164066099776 -2.479086052535866 5.65400299094474 1.201590466334963 -8.272321783276498 -6.122832487786807 -9.63261046374967 -0.5788914340632267
11.242484969939879 9.09391753601783 0.21208872281855307 3.687159500856385 1.7192356893524163 -3.3111013257067157 -1.8934253608595775 12.633824112582317 19.292768210477227 33.18136351450641 15.258350742551787 17.77136724903144 7.053434228888615 11.429886795616127 -1.3414245836033976 1.6286081831216024 18.261767031225478 6.098411893719862 9.906457637332284 0.2933446749315394 3.915648160352827 19.793873740652064 -2.466852972881579 5.666236070599044 1.21382354598925 -8.26008870362221 -6.11059940813252 -9.620377384095383 -0.5666583544089399
11.302605210420841 9.106090911062843 0.22426209786356566 3.6993328759014155 1.731409064397429 -3.298927950661703 -1.8812519858145649 12.64599748762733 19.30494158552225 33.193536889551424 15.2705241175968 17.78354062407645 7.0656076039336275 11.44206017066114 -1.329251208558385 1.640781558166615 18.27394040627049 6.1105852687648925 9.918631012377297 0.30551804997655196 3.9278215353978396 19.806047115697076 -2.4546795978365665 5.678409445644057 1.2259969210342625 -8.24791532857718 -6.09842603308749 -9.60820400905037 -0.5544849793639273
11.362725450901802 9.118205317100276 0.23637650390099907 3.711447281938831 1.7435234704348623 -3.2868135446242697 -1.8691375797771315 12.658111893664763 19.317055991559677 33.205651295588844 15.282638523634233 17.795655030113885 7.077722009971061 11.454174576698573 -1.3171368025209516 1.6528959642040484 18.286054812307924 6.122699674802308 9.930745418414713 0.3176324560139854 3.939935941435273 19.81816152173451 -2.442565191799133 5.690523851681473 1.238111327071696 -8.235800922539765 -6.086311627050074 -9.596089603012937 -0.5423705733264939
11.422845691382765 9.13026150883919 0.24843269563989523 3.723503473677745 1.7555796621737585 -3.2747573528853557 -1.8570813880382353 12.67016808540366 19.32911218329858 33.217707487327765 15.294694715373147 17.8077112218528 7.089778201709975 11.46623076843747 -1.3050806107820376 1.6649521559429445 18.298111004046838 6.134755866541222 9.942801610153627 0.3296886477528993 3.951992133174187 19.830217713473406 -2.430509000060219 5.702580043420387 1.2501675188106098 -8.223744730800851 -6.07425543531116 -9.584033411274023 -0.5303143815875799
11.482965931863728 9.14226022080113 0.2604314076018355 3.7355021856396853 1.7675783741356987 -3.2627586409234155 -1.845082676076295 12.6821667973656 19.34111089526052 33.2297061992897 15.306693427335087 17.81970993381474 7.101776913671915 11.47822948039941 -1.2930818988201151 1.6769508679048848 18.31010971600878 6.146754578503162 9.954800322115567 0.34168735971483954 3.963990845136127 19.842216425435346 -2.418510288098279 5.714578755382327 1.26216623077255 -8.21174601883891 -6.06225672334922 -9.572034699312082 -0.5183156696256397
11.543086172344688 9.154202159341978 0.2723733461426825 3.7474441241805323 1.7795203126765458 -3.2508167023825685 -1.833140737535448 12.694108735906447 19.353052833801367 33.24164813783054 15.318635365875917 17.831651872355568 7.113718852212762 11.490171418940257 -1.2811399602792681 1.6888928064457318 18.322051654549625 6.158696517044009 9.966742260656414 0.35362929825568656 3.9759327836769565 19.854158363976193 -2.406568349557432 5.726520693923174 1.274108169313397 -8.199804080298064 -6.050314784808373 -9.560092760771235 -0.5063737310847927
11.603206412825651 9.166088036771463 0.28425922357218525 3.7593300016100173 1.7914061901060307 -3.2389308249530835 -1.8212548601059453 12.70599461333595 19.364938711230863 33.25353401526004 15.33052124330542 17.84353774978507 7.125604729642247 11.50205729636976 -1.2692540828497654 1.7007786838752346 18.33393753197911 6.170582394473494 9.978628138085899 0.36551517568517156 3.987818661106459 19.866044241405678 -2.394682472127947 5.738406571352659 1.285994046742882 -8.187918202868579 -6.038428907378888 -9.54820688334175 -0.4944878536553077
11.663326653306612 9.177918581545761 0.2960897683464836 3.7711605463843156 1.803236734880329 -3.227100280178785 -1.809424315331647 12.717825158110248 19.37676925600516 33.265364560034335 15.342351788079718 17.85536829455937 7.1374352744165455 11.513887841144058 -1.257423538075467 1.7126092286495151 18.34576807675341 6.182412939247793 9.990458682860197 0.3773457204594699 3.9996492058807576 19.877874786179976 -2.3828519273536486 5.750237116126957 1.2978245915171804 -8.17608765809428 -6.02659836260459 -9.536376338567452 -0.48265730888100933
11.723446893787575 9.189694496224234 0.3078656830249571 3.782936461062789 1.8150126495588204 -3.2153243655003116 -1.7976484006531734 12.729601072788721 19.388545170683635 33.2771404747128 15.354127702758191 17.867144209237843 7.149211189095019 11.525663755822531 -1.2456476233969935 1.7243851433280064 18.357543991431882 6.194188853926266 10.00223459753867 0.3891216351379434 4.011425120559231 19.889650700858468 -2.371076012675175 5.7620130308054485 1.309600506195654 -8.164311743415807 -6.014822447926116 -9.524600423888979 -0.47088139420253583
11.783567134268537 9.201416462613441 0.31958764941414586 3.7946584274519957 1.8267346159480091 -3.203602399111105 -1.7859264342639847 12.741323039177928 19.40026713707283 33.28886244110201 15.365849669147398 17.87886617562705 7.1609331554842255 11.53738572221172 -1.233925657007787 1.7361071097171952 18.36926595782109 6.205910820315473 10.013956563927877 0.40084360152714993 4.023147086948438 19.901372667247657 -2.3593540462859686 5.773734997194637 1.3213224725848605 -8.1525897770266 -6.00310048153691 -9.512878457499772 -0.4591594278133293
11.843687374749498 9.213085170506563 0.33125635730728575 3.8063271353451356 1.838403323841149 -3.191933691217965 -1.7742577263708448 12.75299174707105 19.41193584496597 33.30053114899514 15.37751837704052 17.89053488352017 7.172601863377365 11.54905443010486 -1.2222569491146649 1.747775817610335 18.38093466571423 6.217579528208613 10.025625271821017 0.41251230942027206 4.03481579484156 19.913041375140796 -2.3476853383928287 5.785403705087777 1.3329911804779826 -8.14092106913346 -5.99143177364377 -9.501209749606632 -0.4474907199201894
11.90380761523046 9.224701321555813 0.3428725083565354 3.8179432863943674 1.8500194748903809 -3.1803175401687334 -1.7626415753215952 12.7646078981203 19.423551996015213 33.31214730004438 15.38913452808977 17.90215103456942 7.184218014426597 11.56067058115411 -1.2106407980654152 1.7593919686595847 18.39255081676346 6.2291956792578445 10.037241422870249 0.4241284604695217 4.046431945890809 19.92465752619003 -2.336069187343597 5.797019856137009 1.3446073315272322 -8.129304918084229 -5.979815622594538 -9.4895935985574 -0.43587456887095755
11.963927855711422 9.236265591498523 0.35443677829924525 3.829507556337095 1.8615837448331085 -3.1687532702260235 -1.7510773053788853 12.77617216806301 19.435116265957923 33.323711569987104 15.40069879803248 17.91371530451213 7.195782284369307 11.57223485109682 -1.1990765281227054 1.7709562386022946 18.40411508670617 6.240759949200572 10.048805692812977 0.43569273041223155 4.057996215833519 19.936221796132756 -2.324504917400887 5.808584126079737 1.356171601469942 -8.1177406481415 -5.968251352651828 -9.47802932861469 -0.4243102989282477
12.024048096192384 9.247778638130875 0.36594982493159733 3.8410206029694294 1.8730967914654428 -3.1572402235936714 -1.7395642587465332 12.787685214695362 19.446629312590275 33.33522461661945 15.412211844664832 17.925228351144483 7.207295331001659 11.583747897729172 -1.1875634814903533 1.7824692852346289 18.415628133338522 6.252272995832906 10.06031873944531 0.44720577704458364 4.069509262465871 19.94773484276509 -2.312991870768535 5.820097172712071 1.3676846481022942 -8.106227601509167 -5.956738306019476 -9.466516281982338 -0.4127972522958956
12.084168336673347 9.259241130429583 0.3774123172302879 3.8524830952681377 1.8845592837641512 -3.145777731294963 -1.7281017664478426 12.799147706994052 19.458091804888973 33.346687108918154 15.42367433696354 17.93669084344319 7.2187578233003675 11.595210390027862 -1.1761009891916627 1.7939317775333372 18.42709062563723 6.263735488131615 10.07178123174402 0.45866826934329197 4.08097175476458 19.9591973350638 -2.3015293784698265 5.831559665010779 1.3791471404010025 -8.094765109210458 -5.945275813720768 -9.45505378968363 -0.40133475999718726
12.144288577154308 9.270653741735835 0.3888249285365575 3.8638957065743895 1.895971895070403 -3.1343651199887113 -1.716689155141573 12.810560318300322 19.469504416195235 33.35809972022441 15.435086948269792 17.948103454749443 7.230170434606619 11.606623001334114 -1.1646883778853931 1.805344388839589 18.438503236943482 6.2751480994378666 10.083193843050271 0.4700808806495438 4.0923843660708314 19.97060994637005 -2.2901167671635747 5.842972276317031 1.3905597517072543 -8.083352497904206 -5.933863202414516 -9.443641178377378 -0.38992214869093544
