web/models/mosfit_kne/mosfit_kn_1.0000/mosfit_kn_0.077496_0.0300_1.0000.dat
# %ECSV 1.0
# ---
# datatype:
# - {name: time, datatype: float64}
# - {name: PS1_g, datatype: float64}
# - {name: PS1_i, datatype: float64}
# - {name: PS1_r, datatype: float64}
# - {name: PS1_w, datatype: float64}
# - {name: PS1_y, datatype: float64}
# - {name: PS1_z, datatype: float64}
# - {name: swift_uvot_B, datatype: float64}
# - {name: swift_uvot_U, datatype: float64}
# - {name: swift_uvot_uvm2, datatype: float64}
# - {name: swift_uvot_uvw1, datatype: float64}
# - {name: swift_uvot_uvw2, datatype: float64}
# - {name: swift_uvot_V, datatype: float64}
# - {name: johnson_B, datatype: float64}
# - {name: johnson_I, datatype: float64}
# - {name: johnson_R, datatype: float64}
# - {name: johnson_U, datatype: float64}
# - {name: johnson_V, datatype: float64}
# - {name: sdss_g, datatype: float64}
# - {name: sdss_i, datatype: float64}
# - {name: sdss_r, datatype: float64}
# - {name: sdss_u, datatype: float64}
# - {name: sdss_z, datatype: float64}
# - {name: ATLAS_c, datatype: float64}
# - {name: ATLAS_o, datatype: float64}
# - {name: ukirt_H, datatype: float64}
# - {name: ukirt_J, datatype: float64}
# - {name: ukirt_K, datatype: float64}
# - {name: Clear, datatype: float64}
# meta: !!omap
# - comment: [kappa = 1.0, type = rprocess, mass = 0.07749594937791414, velocity = 0.030000000000000023, theta_obs = 0.0, tfloor = 1000.0]
# schema: astropy-2.0
time PS1_g PS1_i PS1_r PS1_w PS1_y PS1_z swift_uvot_B swift_uvot_U swift_uvot_uvm2 swift_uvot_uvw1 swift_uvot_uvw2 swift_uvot_V johnson_B johnson_I johnson_R johnson_U johnson_V sdss_g sdss_i sdss_r sdss_u sdss_z ATLAS_c ATLAS_o ukirt_H ukirt_J ukirt_K Clear
[from data line 196]
11.843687374749498 -12.183238452798175 -13.924611205832402 -13.308075711735103 -13.249348171825819 -14.378308822426664 -14.221713765050943 -11.41574076524207 -10.80396303231101 -6.614821981202648 -8.88914443936347 -6.948570112920049 -12.762928128870882 -11.504243185509452 -14.508012246323034 -13.697423842421081 -10.876739056761757 -12.83433336182952 -12.013845118662214 -13.917945456852703 -13.298979857655926 -10.00961511151571 -14.269263665413146 -12.682564760378074 -13.61429218248933 -14.567264264044935 -14.585274611877368 -14.400374547672692 -13.463352790386498
11.90380761523046 -12.15942802505749 -13.912660205478318 -13.291406720021879 -13.233821174119527 -14.37112230313403 -14.212659734051218 -11.387814651689833 -10.766530324129864 -6.5555891926701575 -8.847972248032807 -6.905532832940779 -12.742309957150237 -11.477012331318463 -14.497448499479486 -13.682271107882428 -10.840884040543266 -12.814261415849584 -11.988988558803833 -13.905866669930678 -13.282170441725363 -9.973030719774876 -14.260751258481328 -12.662420589814776 -13.600119800753276 -14.566751137515881 -14.58173411953174 -14.401877612192296 -13.450126915196279
11.963927855711422 -12.135461092040636 -13.900585868023558 -13.274600188218901 -13.218175358018627 -14.363828813579573 -14.20349192758815 -11.359717628162606 -10.728899657146833 -6.496115437809762 -8.806691153217034 -6.862442255559639 -12.72153997059447 -11.449615949498785 -14.486766461328983 -13.666988600508205 -10.804834230348607 -12.794041611088199 -11.963972397855152 -13.893664119403724 -13.265222208981804 -9.936247980033261 -14.252127640556917 -12.64213668619087 -13.585821698431513 -14.56615766682958 -14.578101037142195 -14.403308792171357 -13.436795233632779
12.024048096192384 -12.1113110875765 -13.888370819305838 -13.25763508431562 -13.202390676098208 -14.356414686721113 -14.194195221710473 -11.331419910180493 -10.691033845438191 -6.436346776349818 -8.765262178482747 -6.819257796171691 -12.700594044123836 -11.42202483796327 -14.475949841433124 -13.651556506759796 -10.76855365967398 -12.773650275438102 -11.938769256205273 -13.881320331876648 -13.248114009218419 -9.899230344306194 -14.243378118427348 -12.621689384739199 -13.57137882718554 -14.5654754197907 -14.574364554527024 -14.404661246276971 -13.423339525068823
12.084168336673347 -12.086986705628853 -13.876020928651585 -13.24051840087316 -13.186473940811307 -14.348884669799418 -14.18477479980794 -11.302931144972003 -10.65294476743647 -6.376300414895744 -8.723699151021584 -6.775993519401723 -12.679480080129697 -11.394248520582838 -14.465004186657879 -13.635981499994127 -10.732053828409189 -12.753095209892427 -11.913388074455842 -13.86884120696159 -13.230852859451137 -9.861989470686865 -14.234507756983046 -12.601086563018029 -13.556797631483288 -14.564707612760424 -14.570528579386577 -14.405937737528658 -13.409766093994548
12.144288577154308 -12.062497497964753 -13.863542629626213 -13.223257812632685 -13.17043260140446 -14.341243952933596 -14.175236336137651 -11.274261942579102 -10.614645500090258 -6.31599528055171 -8.682017076629887 -6.7326646343044985 -12.658206764319228 -11.366297463394716 -14.453935572508858 -13.620270894682164 -10.695347397309309 -12.732384982810936 -11.887838677093008 -13.85623321175304 -13.213446463269474 -9.824538197774562 -14.22552209748563 -12.580336858632037 -13.542085171098002 -14.56385773099388 -14.566597367423809 -14.407141244887248 -13.396081817551355
12.20440881763527 -12.037825106484323 -13.850923948673497 -13.205838803527978 -13.154252882609114 -14.33348314674399 -14.165569423855526 -11.245391695676325 -10.576110283655122 -6.255394057374047 -8.640189456554666 -6.689243534367847 -12.636757416264725 -11.338151484020646 -14.442732782831815 -13.604411041579542 -10.658409450556807 -12.711503242463847 -11.862102139915969 -13.843484303608484 -13.195880217935567 -9.78685119803517 -14.216411037651824 -12.559423958842348 -13.527228331829235 -14.562920053850837 -14.562563530157513 -14.408267166399147 -13.38227421399063
12.264529058116231 -12.012979808764328 -13.83817179234713 -13.188269621902045 -13.13794278408631 -14.325607812834189 -14.155780148433124 -11.216331827479468 -10.537353210487446 -6.194517158493141 -8.598232394669623 -6.645746541928354 -12.615141378804033 -11.309821847922809 -14.431402336691736 -13.588409797516167 -10.621253630666924 -12.690459203450162 -11.836189035499753 -13.83060142533882 -13.178162403435643 -9.748942307066581 -14.207180518648421 -12.53835714983838 -13.512234694792955 -14.561898296417455 -14.558431617355597 -14.409318668260854 -13.368350662451984
12.324649298597194 -11.987958680500608 -13.825284358812961 -13.170548018484407 -13.121500266261794 -14.317616614599693 -14.145866986943432 -11.187078995012502 -10.498370003690827 -6.133358399933864 -8.556142371881865 -6.602169734132474 -12.593355995244721 -11.281305323965828 -14.419942572352113 -13.572265102521836 -10.58387580667467 -12.669250292150041 -11.810096337872782 -13.817582762840335 -13.160290747396157 -9.7108073080061 -14.19782908029239 -12.51713391611645 -13.497102297804506 -14.560791817304251 -14.55420066897158 -14.41029532890276 -13.354309385684022
12.384769539078157 -11.962772194835711 -13.81226868026511 -13.152682396425313 -13.104933457181325 -14.309515207214503 -14.13583613147539 -11.157644844908152 -10.45917503549381 -6.071938584914405 -8.51393565864118 -6.558529508898218 -12.57141079027057 -11.252613393245529 -14.408360124913042 -13.555984955507025 -10.54628989329781 -12.647885899191047 -11.783834821561499 -13.804435385412841 -13.142273686451347 -9.672460314721345 -14.188362765975562 -12.495763709866079 -13.481838856417632 -14.559604375658298 -14.54987530150868 -14.411200343221003 -13.340157869453098
12.444889779559118 -11.937403022312232 -13.79911344810397 -13.134659047709523 -13.088229383307226 -14.301294725398161 -14.12567775370638 -11.12800991894056 -10.419743984844114 -6.010222547597695 -8.471587486213306 -6.514800095747194 -12.549290005675708 -11.223727009398562 -14.396644402921083 -13.539556477180838 -10.508472362934882 -12.626350584116517 -11.757386622742025 -13.791147919182638 -13.1240974282791 -9.633877406998028 -14.178772037635063 -12.474231147680772 -13.466431998263868 -14.558330585146189 -14.54544854653683 -14.412029387403516 -13.325884375657555
12.50501002004008 -11.911851120287142 -13.785818752252386 -13.116478008614525 -13.071388198476619 -14.292955326978056 -14.115391980751468 -11.09817409846703 -10.380076591876044 -5.948209951715724 -8.429098676475864 -6.470982035201946 -12.526993598595386 -11.194646109656649 -14.384795520940045 -13.522979768650416 -10.470422969855797 -12.604644342995213 -11.730751684371175 -13.777720452470419 -13.10576199737211 -9.595058313447495 -14.16905704040369 -12.452536291779772 -13.450881840313738 -14.556970743481513 -14.540920634976667 -14.412782811576326 -13.311489129984668
12.565130260521041 -11.886143540753018 -13.772402555933017 -13.098160865972464 -13.054430581120045 -14.28451131157443 -14.104994547652918 -11.068167585732873 -10.34021031474504 -5.885954971072052 -8.386509767885784 -6.4271165059797255 -12.504546176435209 -11.165400380415317 -14.37283037779147 -13.506275270735888 -10.43217797053969 -12.582791375513336 -11.703957859039633 -13.764171046864817 -13.087289085922933 -9.55603984567027 -14.159233096760335 -12.430703389775761 -13.435208065355742 -14.55553402999067 -14.536303067202867 -14.413468254344595 -13.29699103505181
12.625250501002004 -11.860251828705408 -13.758846201630774 -13.0796850560899 -13.037335136993278 -14.275947995833338 -14.09446920610856 -11.037958472557598 -10.30010535157059 -5.823400107553829 -8.343779776186189 -6.383161149309927 -12.481921851901571 -11.135958564422403 -14.360731480356616 -13.48942174938059 -10.393698853501274 -12.560766298520212 -11.676975823405549 -13.750480938586982 -13.068655996845173 -9.516782859865955 -14.149284426332382 -12.408707131313417 -13.419390264017892 -14.554011402275629 -14.531584237096078 -14.414078391366639 -13.282370695336105
12.685370741482965 -11.834181942142123 -13.745153731423443 -13.06105538467035 -13.02010655777142 -14.267268659871135 -14.083819531636053 -11.00755335813804 -10.259769803176724 -5.760557118548493 -8.300918290742114 -6.339125425111 -12.459126040321042 -11.106327190100366 -14.348502653241539 -13.47242380648635 -10.354993464031132 -12.53857446731226 -11.649811702149258 -13.736654190349551 -13.04986755010102 -9.477295304768063 -14.139214526987427 -12.386552932019832 -13.403432881500095 -14.552405109916345 -14.52676685878467 -14.414615170282994 -13.26763246260061
12.745490981963927 -11.807954328341221 -13.731338747811979 -13.042288185181583 -13.002760484752027 -14.25848414398006 -14.073057446606931 -10.976975061148988 -10.219231945173348 -5.697466877594535 -8.257955939808355 -6.295040216277531 -12.436177347971757 -11.076528692842803 -14.336156697131674 -13.45529691745342 -10.31608917465472 -12.516234184541284 -11.62248654521246 -13.722704478850396 -13.030940157784219 -9.437604969786904 -14.129035011224076 -12.364259128968058 -13.387350820357167 -14.550722135552013 -14.521859663181134 -14.415084414648137 -13.252790638052527
12.80561122244489 -11.781538974671442 -13.71738155400923 -13.023359645525705 -12.985274375540765 -14.2495789432318 -14.062165794460562 -10.946189925969858 -10.178449809621632 -5.634068834927944 -8.214849730997784 -6.250861209426123 -12.413048455003228 -11.046530111580907 -14.323675144191103 -13.438018679610028 -10.276945373045827 -12.49371866769433 -11.594969425292962 -13.708611995253097 -13.01184986505568 -9.397670572955512 -14.118729217902128 -12.341799036837315 -13.371122549198464 -14.548952933082154 -14.51685039564193 -14.415478394286366 -13.23782480024672
12.86573146292585 -11.754953603192249 -13.703293950095219 -13.004283928854132 -12.96766180405422 -14.240562468814773 -14.051154921748754 -10.915217723011079 -10.137447883211976 -5.570398400549855 -8.171626292852352 -6.206615168055695 -12.389755486667326 -11.016350891638446 -14.31106910175955 -13.420602520210824 -10.237585764562837 -12.471043783795713 -11.567278585548486 -13.694388603839762 -12.99261090180611 -9.357516178156349 -14.108307226992576 -12.31918855917744 -13.354760999627135 -14.547103582570083 -14.511746645482527 -14.415802189826026 -13.222747368223011
12.925851703406813 -11.728193573473167 -13.68907297712342 -12.98505740564119 -12.94991942508581 -14.231432454853259 -14.040022286289275 -10.884053194488878 -10.096219523261798 -5.506446046731333 -8.128279653408192 -6.162295564192405 -12.366294213244295 -10.985985928998513 -14.298335818282101 -13.4030450798248 -10.198003925669312 -12.44820541842065 -11.539409234298716 -13.680031327329516 -12.973219606866593 -9.317135238460512 -14.097766586897489 -12.296423648274644 -13.338262956689881 -14.54517283870567 -14.506546700864982 -14.41605487554259 -13.20755537728516
12.985971943887774 -11.701269946353055 -13.674726037752851 -12.965688939734203 -12.932055752401013 -14.22219482860772 -14.028774392091705 -10.852708659925103 -10.054779949974275 -5.442233785281128 -8.084826582083178 -6.1179190050752155 -12.34267470203821 -10.955447356306717 -14.285482270140967 -13.385354781472653 -10.158214594786951 -12.425213488808156 -11.511372753558575 -13.665547608105655 -12.95368488268446 -9.276542709339015 -14.087113640028832 -12.27351425554387 -13.321636536421373 -14.543164582296198 -14.50125536883913 -14.41623972164743 -13.192256634730537
13.046092184368737 -11.674162440045865 -13.660239843492299 -12.946162450983643 -12.91405563118742 -14.212839153493881 -14.017399676694602 -10.821161351800097 -10.013100746551498 -5.377720708236569 -8.041238505328767 -6.073455963158882 -12.31887847561475 -10.924712902444366 -14.272496007465556 -13.367516526161715 -10.11819027094407 -12.402049899464716 -11.483148240204866 -13.6509240815605 -12.933990546770495 -9.235710626417486 -14.076337166363828 -12.250442390157268 -13.304867233803428 -14.541072453522384 -14.495864435078436 -14.416351615380039 -13.176837452094787
13.1062124248497 -11.646876794931895 -13.645618279928229 -12.926482565775803 -12.89592356126752 -14.203368573655961 -14.00590157197989 -10.789417633605513 -9.971189728745138 -5.312918172466044 -7.997524537689209 -6.028915257311102 -12.294910752084515 -10.89378886243033 -14.259380704371562 -13.349534742982609 -10.07793852427221 -12.37871981043323 -11.454741596121387 -13.63616465337012 -12.914141239648185 -9.194646660679329 -14.065440522247101 -12.227213262518006 -13.287959323827323 -14.538898590758665 -14.490376491497033 -14.416392400650187 -13.16130199402858
13.16633266533066 -11.619440897110351 -13.630879854514486 -12.906671539055186 -12.877680726659904 -14.193797790100309 -13.994296273777245 -10.757508667995303 -9.929085553410673 -5.247881948755711 -7.953725526550208 -5.984337840225823 -12.270796930875136 -10.862705837716899 -14.246153760097837 -13.331430474869254 -10.037496782126365 -12.355248180227532 -11.426181535222266 -13.621287933091804 -12.894159332514974 -9.153388825400679 -14.054439468914346 -12.203851807964732 -13.270933055208172 -14.53665234114723 -14.484803313953039 -14.416369809658834 -13.145669556264359
13.226452905811623 -11.591815933515157 -13.615999034722588 -12.886698533866259 -12.859298012696172 -14.18410668466434 -13.98256152861384 -10.725390937078291 -9.886734003253057 -5.182534006909914 -7.909786375356287 -5.939667303255941 -12.246501641961054 -10.831421222254004 -14.232791230836003 -13.313174717744467 -9.996812564844905 -12.331600343318046 -11.39742806620788 -13.606268243534227 -12.87401379998201 -9.111883770949234 -14.043312396302419 -12.180323531538075 -13.253760552819678 -14.534321300805482 -14.479128991579662 -14.41627379083968 -13.129913792069932
13.286573146292584 -11.564021862023619 -13.600989089733933 -12.866579492469583 -12.840790620979305 -14.174305814342318 -13.970708957515612 -10.693086727954483 -9.844162699499677 -5.116914227293264 -7.86573650578573 -5.894932978678153 -12.222043060539011 -10.799956917330643 -14.219305597685842 -13.294782563869731 -9.955912616601445 -12.30779417035169 -11.368501736644063 -13.591118926702901 -12.85372066433828 -9.070158654533387 -14.032070618895318 -12.156646303055094 -13.236456342626592 -14.531912223506998 -14.473362002571688 -14.416109953874956 -13.114048567166972
13.346693386773547 -11.53605588141236 -13.585848260002287 -12.846312240212097 -12.822156590539375 -14.164393853383821 -13.958737060176887 -10.660592845393488 -9.801367573926552 -5.051016841954612 -7.821572606245137 -5.850130978820886 -12.19741862516494 -10.768309845109506 -14.205695233236739 -13.276252028063535 -9.914793004317445 -12.283827186575207 -11.339399650598239 -13.575838211687099 -12.833277726876116 -9.028209459200163 -14.020712697783289 -12.132817713826505 -13.219018529265743 -14.529424439324144 -14.467501376059493 -14.415877838533556 -13.098072173894373
13.40681362725451 -11.507925329240578 -13.570581480463364 -12.82590267383064 -12.803401591134431 -14.154374765818734 -13.946650179500661 -10.627917449319703 -9.75835867993192 -4.984856409267862 -7.777305830311416 -5.80527203559145 -12.17263501619054 -10.736488055413854 -14.19196479342257 -13.257588730056444 -9.873463466773835 -12.259705982428828 -11.31012935605984 -13.560431059638827 -12.812690907516924 -8.986046062767823 -14.009242872317778 -12.108844382086463 -13.201452528512778 -14.52686057318491 -14.461550342367937 -14.415579673327732 -13.081989820833702
13.46693386773547 -11.479615872886306 -13.55517937102384 -12.805339434521397 -12.784514984048876 -14.144241201264531 -13.93444016157563 -10.595044430605409 -9.715115893195652 -4.9184040767318775 -7.732916431860293 -5.760335634703168 -12.14767915701269 -10.704475817813076 -14.178105497705104 -13.238782033259177 -9.831904525230765 -12.23541777066968 -11.280676079152201 -13.544888036421128 -12.791948769154189 -8.943648648541185 -13.997653238025016 -12.084713633528779 -13.183748127150814 -14.524216198824947 -14.455503143692601 -14.415211931318142 -13.065791936799762
