web/models/mosfit_kne/mosfit_kn_1.0000/mosfit_kn_0.002817_0.3590_1.0000.dat
# %ECSV 1.0
# ---
# datatype:
# - {name: time, datatype: float64}
# - {name: PS1_g, datatype: float64}
# - {name: PS1_i, datatype: float64}
# - {name: PS1_r, datatype: float64}
# - {name: PS1_w, datatype: float64}
# - {name: PS1_y, datatype: float64}
# - {name: PS1_z, datatype: float64}
# - {name: swift_uvot_B, datatype: float64}
# - {name: swift_uvot_U, datatype: float64}
# - {name: swift_uvot_uvm2, datatype: float64}
# - {name: swift_uvot_uvw1, datatype: float64}
# - {name: swift_uvot_uvw2, datatype: float64}
# - {name: swift_uvot_V, datatype: float64}
# - {name: johnson_B, datatype: float64}
# - {name: johnson_I, datatype: float64}
# - {name: johnson_R, datatype: float64}
# - {name: johnson_U, datatype: float64}
# - {name: johnson_V, datatype: float64}
# - {name: sdss_g, datatype: float64}
# - {name: sdss_i, datatype: float64}
# - {name: sdss_r, datatype: float64}
# - {name: sdss_u, datatype: float64}
# - {name: sdss_z, datatype: float64}
# - {name: ATLAS_c, datatype: float64}
# - {name: ATLAS_o, datatype: float64}
# - {name: ukirt_H, datatype: float64}
# - {name: ukirt_J, datatype: float64}
# - {name: ukirt_K, datatype: float64}
# - {name: Clear, datatype: float64}
# meta: !!omap
# - comment: [kappa = 1.0, type = rprocess, mass = 0.0028172691138521437, velocity = 0.359, theta_obs = 0.0, tfloor = 1000.0]
# schema: astropy-2.0
time PS1_g PS1_i PS1_r PS1_w PS1_y PS1_z swift_uvot_B swift_uvot_U swift_uvot_uvm2 swift_uvot_uvw1 swift_uvot_uvw2 swift_uvot_V johnson_B johnson_I johnson_R johnson_U johnson_V sdss_g sdss_i sdss_r sdss_u sdss_z ATLAS_c ATLAS_o ukirt_H ukirt_J ukirt_K Clear
[from data line 414]
24.949899799599198 15.849775091808898 6.96794627860962 10.443017056647452 8.475093245143466 3.4447562300843515 4.86243219493149 19.389681668373385 26.048625766268295 39.93722107029747 22.014208298342854 24.5272248048225 13.809291784679683 18.185744351407195 5.41443297218767 8.384465738912652 25.017624587016545 12.854269449510928 16.662315193123334 7.0492022307226065 10.671505716143894 26.54973129644312 4.289004582909488 12.422093626390094 7.969681101780317 -1.5042311478311439 0.6452581476585464 -2.864519828304315 6.189199201382127
25.01002004008016 15.861106277480008 6.979277464280731 10.454348242318563 8.486424430814594 3.456087415755462 4.8737633806026 19.401012854044495 26.059956951939405 39.948552255968586 22.025539484013965 24.538555990493617 13.820622970350794 18.197075537078305 5.42576415785878 8.395796924583781 25.028955772687667 12.86560063518204 16.673646378794462 7.060533416393717 10.682836901815005 26.56106248211423 4.300335768580599 12.433424812061222 7.981012287451428 -1.4928999621600332 0.6565893333296571 -2.8531886426332043 6.200530387053238
25.07014028056112 15.872413502271456 6.990584689072161 10.465655467110011 8.497731655606025 3.4673946405469103 4.885070605394031 19.412320078835926 26.071264176730846 39.95985948076002 22.036846708805403 24.549863215285054 13.831930195142242 18.208382761869736 5.437071382650211 8.407104149375211 25.040262997479097 12.876907859973487 16.684953603585893 7.071840641185165 10.694144126606435 26.572369706905672 4.311642993372047 12.444732036852653 7.992319512242858 -1.481592737368585 0.6678965581211052 -2.841881417841756 6.211837611844686
25.130260521042082 15.883696844851762 7.001868031652467 10.476938809690317 8.50901499818633 3.4786779831272163 4.896353947974337 19.42360342141623 26.082547519311152 39.97114282334034 22.04813005138571 24.56114655786536 13.843213537722548 18.21966610445004 5.448354725230517 8.418387491955517 25.05154634005941 12.888191202553793 16.6962369461662 7.083123983765471 10.705427469186759 26.583653049485978 4.322926335952353 12.456015379432959 8.003602854823182 -1.470309394788279 0.6791799007014112 -2.83059807526145 6.223120954424992
25.190380761523045 15.894956405321388 7.01312759212211 10.488198370159942 8.520274558655956 3.4899375435968416 4.90761350844398 19.434862981885875 26.093807079780788 39.98240238380996 22.059389611855345 24.572406118334985 13.854473098192173 18.230925664919685 5.45961428570016 8.429647052425143 25.062805900529035 12.899450763023419 16.707496506635824 7.094383544235097 10.716687029656384 26.594912609955614 4.334185896421978 12.467274939902584 8.014862415292807 -1.4590498343186538 0.6904394611710365 -2.819338514791825 6.234380514894617
25.250501002004007 15.906193368908248 7.024364555708971 10.49943533374682 8.531511522242834 3.501174507183702 4.91885047203084 19.446099945472735 26.10504404336765 39.99363934739683 22.070626575442205 24.583643081921856 13.865710061779033 18.242162628506545 5.47085124928702 8.44088401601202 25.074042864115903 12.910687726610297 16.718733470222702 7.105620507821957 10.727923993243245 26.606149573542474 4.3454228600088385 12.478511903489462 8.026099378879668 -1.4478128707317757 0.7016764247579146 -2.8081015512049645 6.245617478481478
25.31062124248497 15.917404561325785 7.035575748126508 10.510646526164358 8.542722714660371 3.512385699601257 4.9300616644483775 19.457311137890272 26.116255235785193 40.00485053981436 22.08183776785975 24.594854274339394 13.876921254196589 18.253373820924082 5.482062441704557 8.452095208429558 25.085254056533444 12.921898919027834 16.72994466264024 7.116831700239494 10.739135185660782 26.61736076596002 4.356634052426376 12.489723095907 8.037310571297205 -1.4366016783142384 0.7128876171754519 -2.796890358787427 6.256828670899033
25.37074148296593 15.928593329696348 7.0467645164970705 10.521835294534903 8.553911483030916 3.5235744679718017 4.94125043281894 19.468499906260835 26.12744400415575 40.01603930818492 22.093026536230305 24.606043042709956 13.888110022567133 18.264562589294645 5.49325121007512 8.46328397680012 25.096442824903995 12.933087687398379 16.741133431010784 7.128020468610057 10.750323954031344 26.628549534330574 4.367822820796938 12.500911864277544 8.048499339667767 -1.4254129099436936 0.7240763855459966 -2.7857015904168647 6.2680174392695776
25.430861723446892 15.939758691635415 7.057929878436138 10.53300065647397 8.565076844970001 3.534739829910869 4.952415794758007 19.479665268199902 26.138609366094812 40.02720467012399 22.104191898169372 24.617208404649023 13.8992753845062 18.275727951233712 5.504416572014187 8.474449338739188 25.107608186843073 12.944253049337446 16.75229879294987 7.139185830549124 10.761489315970412 26.639714896269638 4.3789881827360055 12.512077226216629 8.059664701606835 -1.4142475480046264 0.7352417474850639 -2.7745362284777975 6.279182801208645
25.490981963927855 15.9509007279377 7.069071914738405 10.544142692776255 8.576218881272268 3.545881866213154 4.963557831060275 19.49080730450217 26.14975140239709 40.038346706426275 22.115333934471646 24.628350440951298 13.910417420808486 18.28686998753598 5.5155586083164545 8.485591375041455 25.118750223145348 12.955395085639731 16.763440829252136 7.150327866851409 10.772631352272697 26.650856932571916 4.390130219038291 12.523219262518896 8.07080673790912 -1.4031055117023412 0.746383783787349 -2.7633941921755123 6.29032483751093
25.551102204408817 15.962019533718372 7.080190720519077 10.555261498556927 8.58733768705294 3.5570006719938263 4.974676636840947 19.50192611028284 26.160870208177762 40.049465512206936 22.126452740252322 24.639469246731974 13.921536226589158 18.29798879331665 5.526677414097127 8.496710180822127 25.12986902892602 12.966513891420403 16.77455963503281 7.161446672632081 10.783750158053351 26.661975738352588 4.401249024818963 12.534338068299569 8.081925543689792 -1.391986705921669 0.7575025895680212 -2.75227538639484 6.301443643291602
25.61122244488978 15.973115202515569 7.091286389316291 10.566357167354123 8.598433355850137 3.5680963407910227 4.985772305638161 19.513021779080056 26.171965876974966 40.06056118100414 22.137548409049526 24.65056491552917 13.932631895386354 18.309084462113866 5.537773082894341 8.507805849619324 25.140964697723216 12.9776095602176 16.785655303830005 7.172542341429278 10.794845826850565 26.67307140714979 4.412344693616159 12.545433737096765 8.093021212486988 -1.3808910371244727 0.7685982583652176 -2.741179717597644 6.3125393120887985
25.67134268537074 15.98418782349917 7.102359010299892 10.577429788337724 8.609505976833756 3.5791689617746236 4.996844926621762 19.524094400063657 26.18303849795857 40.07163380198774 22.148621030033127 24.661637536512778 13.943704516369955 18.320157083097467 5.548845703877942 8.518878470602942 25.152037318706824 12.9886821812012 16.796727924813606 7.183614962412879 10.805918447834166 26.684144028133396 4.42341731459976 12.556506358080384 8.10409383347059 -1.3698184161408717 0.7796708793488185 -2.730107096614043 6.323611933072399
25.7314629258517 15.995237481415359 7.113408668216081 10.588479446253913 8.620555634749945 3.5902186196908126 5.007894584537951 19.535144057979846 26.19408815587476 40.08268345990394 22.159670687949315 24.672687194428967 13.954754174286144 18.331206741013656 5.559895361794131 8.529928128519131 25.163086976623013 12.99973183911739 16.807777582729813 7.194664620329068 10.816968105750355 26.695193686049585 4.434466972515949 12.567556015996573 8.115143491386778 -1.3587687582246828 0.7907205372650075 -2.719057438697854 6.334661590988588
25.791583166332664 16.006264269843182 7.124435456643905 10.599506234681737 8.631582423177768 3.6012454081186362 5.0189213729657745 19.54617084640767 26.20511494430258 40.09371024833175 22.17069747637714 24.68371398285679 13.965780962713968 18.34223352944148 5.570922150221954 8.540954916946955 25.17411376505083 13.010758627545213 16.81880437115762 7.205691408756891 10.827994894178179 26.706220474477405 4.445493760943773 12.578582804424379 8.126170279814602 -1.3477419697968591 0.8017473256928311 -2.70803065027003 6.345688379416412
25.851703406813627 16.017268266261926 7.135439453062649 10.61051023110048 8.642586419596512 3.61224940453738 5.029925369384518 19.557174842826413 26.216118940721323 40.1047142447505 22.181701472795883 24.694717979275534 13.976784959132711 18.353237525860223 5.581926146640698 8.551958913365699 25.185117761469584 13.021762623963957 16.829808367576362 7.216695405175635 10.838998890596923 26.71722447089615 4.456497757362516 12.58958680084314 8.137174276233345 -1.3367379733781155 0.8127513221115747 -2.6970266538512866 6.356692375835156
25.91182364729459 16.028249573142954 7.146420759943659 10.621491537981509 8.653567726477522 3.623230711418408 5.040906676265529 19.56815614970744 26.22710024760235 40.115695551631525 22.192682779676904 24.705699286156555 13.98776626601374 18.364218832741233 5.592907453521726 8.562940220246709 25.196099068350602 13.032743930844985 16.84078967445739 7.227676712056663 10.84998019747795 26.728205777777177 4.467479064243545 12.60056810772415 8.148155583114374 -1.3257566664970872 0.823732628992603 -2.6860453469702583 6.367673682716184
25.97194388777555 16.03920827010686 7.157379456907567 10.632450234945416 8.66452642344143 3.6341894083823156 5.051865373229436 19.57911484667133 26.23805894456625 40.126654248595436 22.203641476640808 24.71665798312046 13.998724962977647 18.37517752970514 5.603866150485616 8.573898917210617 25.20705776531451 13.043702627808893 16.851748371421298 7.238635409020571 10.860938894441858 26.739164474741077 4.478437761207452 12.611526804688058 8.159114280078281 -1.3147979695331797 0.8346913259565105 -2.675086650006351 6.3786323796800914
26.03206412825651 16.050144447370318 7.168315634171023 10.643386412208873 8.675462600704886 3.645125585645772 5.0628015504928925 19.590051023934787 26.248995121829708 40.13759042585888 22.214577653904268 24.72759416038392 14.009661140241104 18.386113706968597 5.614802327749072 8.584835094474073 25.217993942577966 13.054638805072349 16.862684548684754 7.249571586284027 10.871875071705297 26.750100652004534 4.489373938470909 12.622462981951514 8.170050457341738 -1.3038617922697233 0.8456275032199669 -2.6641504727428944 6.389568556943548
26.092184368737474 16.061058188362836 7.179229375163558 10.65430015320139 8.686376341697404 3.6560393266382896 5.073715291485428 19.600964764927323 26.259908862822236 40.1485041668514 22.225491394896792 24.738507901376444 14.020574881233621 18.397027447961133 5.625716068741608 8.595748835466608 25.228907683570483 13.065552546064866 16.873598289677272 7.260485327276545 10.882788812697832 26.761014392997062 4.500287679463426 12.633376722944032 8.180964198334255 -1.2929480512772058 0.8565412442124845 -2.653236731750377 6.400482297936065
26.152304609218437 16.07194958040367 7.190120767204391 10.66519154524224 8.697267733738254 3.66693071867914 5.08460668352626 19.611856156968155 26.270800254863076 40.15939555889225 22.236382786937636 24.749399293417277 14.031466273274471 18.407918840001965 5.63660746078244 8.606640227507441 25.239799075611323 13.076443938105717 16.884489681718122 7.271376719317377 10.893680204738665 26.7719057850379 4.511179071504259 12.644268114984882 8.191855590375088 -1.2820566592363554 0.8674326362533349 -2.642345339709544 6.411373689976916
26.2124248496994 16.082818711882947 7.20098989868367 10.676060676721502 8.708136865217533 3.677799850158401 5.095475815005539 19.622725288447434 26.281669386342344 40.170264690371525 22.247251918416904 24.760268424896555 14.042335404753732 18.418787971481244 5.647476592261719 8.61750935898672 25.250668207090605 13.087313069584978 16.8953588131974 7.282245850796656 10.904549336217944 26.78277491651717 4.522048202983537 12.655137246464161 8.202724721854366 -1.2711875277570945 0.8783017677325957 -2.6314762082302656 6.422242821456177
26.27254509018036 16.093665667188972 7.211836853989695 10.686907632027545 8.718983820523558 3.688646805464426 5.106322770311564 19.63357224375346 26.292516341648373 40.181111645677554 22.25809887372293 24.77111538020258 14.053182360059758 18.42963492678727 5.658323547567744 8.628356314292745 25.261515162396627 13.09816002489102 16.906205768503426 7.293092806102681 10.915396291523969 26.7936218718232 4.532895158289563 12.665984201770186 8.213571677160392 -1.2603405724510515 0.8891487230386388 -2.6206292529242403 6.433089776762202
26.33266533066132 16.104490530645652 7.222661717446357 10.697732495484207 8.72980868398022 3.699471668921106 5.1171476337682265 19.64439710721012 26.303341205105042 40.19193650913422 22.268923737179602 24.781940243659253 14.064007223516438 18.44045979024393 5.669148411024406 8.639181177749407 25.2723400258533 13.108984888347683 16.91703063196009 7.303917669559361 10.926221154980649 26.804446735279868 4.543720021746243 12.676809065226848 8.224396540617072 -1.2495157089943894 0.8999735864953009 -2.6098043894675604 6.443914640218882
26.392785571142284 16.115293382509197 7.23346456930992 10.708535347347752 8.740611535843765 3.710274520784651 5.127950485631789 19.655199959073684 26.314144056968594 40.20273936099777 22.279726589043154 24.792743095522805 14.074810075379983 18.451262642107494 5.679951262887969 8.64998402961297 25.283142877716845 13.119787740211228 16.927833483823633 7.314720521422906 10.937024006844194 26.81524958714342 4.554522873609788 12.687611917090393 8.235199392480617 -1.2387128571308443 0.9107764383588459 -2.5990015376040154 6.454717492082427
26.452905811623246 16.126074307496516 7.244245494297239 10.719316272335071 8.751392460831084 3.7210554457719702 5.138731410619108 19.665980884061003 26.324924981955917 40.21352028598509 22.290507514030473 24.803524020510114 14.085591000367302 18.462043567094813 5.690732187875288 8.660764954600271 25.293923802704164 13.130568665198547 16.938614408810952 7.325501446410225 10.947804931831513 26.826030512130743 4.565303798597107 12.698392842077713 8.245980317467936 -1.2279319321435251 0.9215573633461651 -2.5882206126166962 6.465498417069746
26.51302605210421 16.13683339593951 7.255004582740234 10.730075360778084 8.762151549274098 3.7318145342149833 5.149490499062104 19.676739972504 26.33568407039892 40.22427937442809 22.30126660247348 24.81428310895313 14.096350088810315 18.47280265553781 5.701491276318284 8.671524043043284 25.304682891147166 13.14132775364156 16.949373497253966 7.336260534853221 10.958564020274508 26.836789600573745 4.576062887040102 12.709151930520726 8.256739405910931 -1.217172843700512 0.9323164517891782 -2.577461524173701 6.476257505512759
26.573146292585168 16.147570720905016 7.265741907705721 10.74081268574357 8.772888874239584 3.7425518591804696 5.16022782402759 19.687477297469503 26.346421395364406 40.23501669939359 22.312003927438962 24.825020433918613 14.107087413775801 18.483539980503295 5.712228601283788 8.68226136800877 25.315420216112663 13.152065078607047 16.960110822219452 7.346997859818725 10.969301345240012 26.84752692553923 4.586800212005606 12.719889255486212 8.267476730876435 -1.2064355187350257 0.9430537767546645 -2.566724199208197 6.486994830478245
26.63326653306613 16.158286381230198 7.276457568030903 10.751528346068753 8.783604534564766 3.753267519505652 5.170943484352772 19.698192957794685 26.3571370556896 40.245732359718765 22.322719587764144 24.835736094243796 14.117803074100983 18.494255640828477 5.72294426160897 8.692977028333953 25.326135876437846 13.162780738932229 16.970826482544634 7.357713520143907 10.980017005565195 26.858242585864424 4.5975158723307885 12.730604915811394 8.278192391201618 -1.1957198584098434 0.9537694370798468 -2.5560085388830145 6.497710490803428
