web/models/mosfit_kne/mosfit_kn_1.0000/mosfit_kn_0.003466_0.2023_1.0000.dat
# %ECSV 1.0
# ---
# datatype:
# - {name: time, datatype: float64}
# - {name: PS1_g, datatype: float64}
# - {name: PS1_i, datatype: float64}
# - {name: PS1_r, datatype: float64}
# - {name: PS1_w, datatype: float64}
# - {name: PS1_y, datatype: float64}
# - {name: PS1_z, datatype: float64}
# - {name: swift_uvot_B, datatype: float64}
# - {name: swift_uvot_U, datatype: float64}
# - {name: swift_uvot_uvm2, datatype: float64}
# - {name: swift_uvot_uvw1, datatype: float64}
# - {name: swift_uvot_uvw2, datatype: float64}
# - {name: swift_uvot_V, datatype: float64}
# - {name: johnson_B, datatype: float64}
# - {name: johnson_I, datatype: float64}
# - {name: johnson_R, datatype: float64}
# - {name: johnson_U, datatype: float64}
# - {name: johnson_V, datatype: float64}
# - {name: sdss_g, datatype: float64}
# - {name: sdss_i, datatype: float64}
# - {name: sdss_r, datatype: float64}
# - {name: sdss_u, datatype: float64}
# - {name: sdss_z, datatype: float64}
# - {name: ATLAS_c, datatype: float64}
# - {name: ATLAS_o, datatype: float64}
# - {name: ukirt_H, datatype: float64}
# - {name: ukirt_J, datatype: float64}
# - {name: ukirt_K, datatype: float64}
# - {name: Clear, datatype: float64}
# meta: !!omap
# - comment: [kappa = 1.0, type = rprocess, mass = 0.003465724215782086, velocity = 0.20233333333333337, theta_obs = 0.0, tfloor = 1000.0]
# schema: astropy-2.0
time PS1_g PS1_i PS1_r PS1_w PS1_y PS1_z swift_uvot_B swift_uvot_U swift_uvot_uvm2 swift_uvot_uvw1 swift_uvot_uvw2 swift_uvot_V johnson_B johnson_I johnson_R johnson_U johnson_V sdss_g sdss_i sdss_r sdss_u sdss_z ATLAS_c ATLAS_o ukirt_H ukirt_J ukirt_K Clear
[from data line 441]
26.573146292585168 13.069929484666485 4.1881006714672075 7.663171449505057 5.695247638001071 0.6649106229419388 2.082586587789077 16.609836061230972 23.268780159125882 37.15737546315506 19.23436269120044 21.747379197680093 11.02944617753727 15.405898744264782 2.634587365045257 5.604620131770257 22.237778979874143 10.074423842368533 13.882469585980939 4.269356623580194 7.8916601090014815 23.769885689300708 1.5091589757670754 9.642248019247699 5.189835494637904 -4.2840767549735395 -2.1345874594838663 -5.644365435446728 3.4093535942397146
26.63326653306613 13.078628474131104 4.196799660931827 7.671870438969677 5.70394662746569 0.673609612406576 2.0912855772536965 16.61853505069559 23.277479148590512 37.16607445261968 19.24306168066507 21.75607818714472 11.038145167001908 15.414597733729401 2.6432863545098764 5.613319121234876 22.246477969338763 10.083122831833153 13.891168575445558 4.278055613044813 7.900359098466101 23.778584678765338 1.5178579652316948 9.650947008712318 5.198534484102524 -4.27537776550892 -2.125888470019229 -5.635666445982109 3.418052583704352
26.693386773547093 13.087315077994024 4.205486264794747 7.680557042832596 5.71263323132861 0.6822962162694957 2.099972181116616 16.62722165455851 23.28616575245343 37.1747610564826 19.251748284527988 21.76476479100764 11.046831770864827 15.423284337592321 2.651972958372796 5.622005725097796 22.255164573201682 10.091809435696073 13.899855179308478 4.286742216907733 7.909045702329021 23.787271282628257 1.5265445690946144 9.659633612575238 5.2072210879654435 -4.266691161646 -2.1172018661563095 -5.626979842119189 3.4267391875672715
26.753507014028056 13.095989322610055 4.214160509410778 7.689231287448628 5.721307475944641 0.6909704608855272 2.1086464257326476 16.635895899174542 23.294839997069463 37.18343530109863 19.26042252914402 21.77343903562367 11.055506015480859 15.431958582208352 2.6606472029888275 5.630679969713827 22.263838817817714 10.100483680312104 13.90852942392451 4.295416461523764 7.917719946945052 23.79594552724429 1.535218813710646 9.66830785719127 5.215895332581475 -4.258016917029969 -2.108527621540278 -5.6183055975031575 3.435413432183303
26.81362725450902 13.104651228527562 4.2228224153282845 7.697893193366134 5.729969381862148 0.6996323668030335 2.117308331650154 16.64455780509205 23.30350190298697 37.19209720701614 19.269084435061526 21.78210094154117 11.064167921398365 15.440620488125859 2.669309108906334 5.639341875631334 22.27250072373522 10.10914558622961 13.917191329842016 4.304078367441271 7.9263818528625585 23.804607433161795 1.5438807196281523 9.676969763108776 5.224557238498981 -4.2493550111124625 -2.0998657156227716 -5.609643691585651 3.4440753381007916
26.873747494989978 13.11330081673768 4.2314720035384035 7.706542781576253 5.738618970072267 0.7082819550131525 2.125957919860273 16.653207393302168 23.31215149119709 37.20074679522626 19.277734023271645 21.790750529751296 11.072817509608484 15.449270076335978 2.677958697116453 5.647991463841453 22.28115031194534 10.11779517443973 13.925840918052135 4.31272795565139 7.935031441072677 23.813257021371914 1.552530307838289 9.685619351318895 5.2332068267091 -4.2407054229023435 -2.0912161274126526 -5.600994103375514 3.4527249263109283
26.93386773547094 13.121938102298465 4.240109289099188 7.715180067137037 5.747256255633051 0.7169192405739366 2.134595205421057 16.661844678862952 23.320788776757873 37.209384080787046 19.286371308832432 21.799387815312084 11.081454795169268 15.457907361896762 2.686595982677237 5.656628749402237 22.28978759750612 10.126432460000514 13.934478203612919 4.321365241212192 7.943668726633462 23.8218943069327 1.5611675933990732 9.694256636879679 5.2418441122698844 -4.232068137341559 -2.0825788418518685 -5.59235681781473 3.4613622118717124
26.993987975951903 13.130563110866618 4.248734297667323 7.723805075705172 5.755881264201186 0.7255442491420716 2.143220213989192 16.670469687431087 23.329413785326008 37.218009089355185 19.294996317400564 21.808012823880215 11.090079803737403 15.466532370464897 2.6952209912453897 5.665253757970372 22.298412606074265 10.135057468568649 13.943103212181054 4.329990249780327 7.952293735201614 23.830519315500833 1.5697926019672082 9.702881645447814 5.250469120838037 -4.223443128773424 -2.0739538332837335 -5.583731809246595 3.4699872204398474
27.054108216432866 13.139175856362044 4.257347043162749 7.732417821200599 5.764494009696612 0.7341569946374982 2.1518329594846186 16.679082432926513 23.338026530821434 37.22662183485061 19.30360906289599 21.816625569375642 11.09869254923283 15.475145115960323 2.7038337367407985 5.673866503465798 22.307025351569692 10.143670214064075 13.95171595767648 4.338602995275753 7.960906480697023 23.83913206099626 1.5784053474626347 9.71149439094324 5.259081866333464 -4.214830383277998 -2.065341087788307 -5.575119063751169 3.478599965935274
27.11422845691383 13.147776365142025 4.265947551942748 7.74101832998058 5.773094518476594 0.7427575034174794 2.1604334682646176 16.687682941706512 23.346627039601422 37.235222343630596 19.312209571675982 21.825226078155627 11.10729305801281 15.483745624740322 2.7124342455207975 5.682467012245779 22.315625860349673 10.152270722844056 13.960316466456462 4.347203504055734 7.969506989477022 23.847732569776248 1.587005856242616 9.720094899723222 5.267682375113445 -4.206229874498017 -2.0567405790083257 -5.5665185549711875 3.487200474715255
27.174348697394787 13.156364652870138 4.274535839670861 7.749606617708711 5.781682806204724 0.7513457911456101 2.1690217559927305 16.696271229434625 23.355215327329546 37.24381063135872 19.320797859404106 21.833814365883757 11.115881345740942 15.492333912468435 2.7210225332489104 5.69105529997391 22.324214148077793 10.160859010572187 13.968904754184592 4.355791791783865 7.978095277205135 23.85632085750437 1.5955941439707466 9.728683187451352 5.276270662841558 -4.197641586769886 -2.048152291280195 -5.557930267243057 3.495788762443386
27.23446893787575 13.16494073958177 4.283111926382492 7.758182704420342 5.790258892916356 0.7599218778572236 2.177597842704362 16.704847316146257 23.363791414041177 37.25238671807035 19.329373946115727 21.842390452595378 11.124457432452555 15.500909999180067 2.7295986199605418 5.6996313866855415 22.332790234789428 10.169435097283818 13.977480840896224 4.364367878495479 7.986671363916766 23.864896944216003 1.6041702306823602 9.737259274162984 5.284846749553189 -4.189065500058255 -2.0395762045685637 -5.549354180531443 3.5043648491549995
27.294589178356713 13.173504644387641 4.291675831188346 7.766746609226196 5.7988227977222095 0.7684857826630953 2.1861617475102157 16.71341122095213 23.37235531884703 37.260950622876216 19.337937850921588 21.85095435740124 11.133021337258427 15.50947390398592 2.7381625247664134 5.708195291491395 22.34135413959529 10.177999002089672 13.986044745702078 4.37293178330135 7.995235268722638 23.873460849021857 1.6127341354882319 9.745823178968838 5.293410654359061 -4.180501595252401 -2.03101229976271 -5.540790275725572 3.512928753960871
27.354709418837675 13.182056390212438 4.30022757701316 7.775298355050992 5.807374543547006 0.7770375284878916 2.19471349333503 16.721962966776925 23.380907064671838 37.269502368701005 19.346489596746395 21.859506103226035 11.141573083083223 15.518025649810735 2.7467142705912098 5.716747037316192 22.349905885420085 10.186550747914469 13.994596491526874 4.381483529126147 8.003787014547434 23.882012594846664 1.6212858813130282 9.754374924793634 5.301962400183857 -4.171949849427604 -2.0224605539379135 -5.532238529900775 3.5214804997856675
27.414829659318634 13.190595997832357 4.30876718463308 7.783837962670912 5.8159141511669254 0.7855771361078112 2.2032531009549494 16.730502574396844 23.389446672291754 37.27804197632093 19.355029204366307 21.86804571084596 11.150112690703143 15.526565257430637 2.7552538782111293 5.725286644936111 22.358445493040005 10.195090355534388 14.003136099146793 4.390023136746066 8.012326622167354 23.89055220246658 1.6298254889329478 9.762914532413554 5.310502007803777 -4.163410241807685 -2.013920946317994 -5.523698922280856 3.530020107405587
27.474949899799597 13.199123483761834 4.317294670562557 7.792365448600389 5.8244416370964025 0.7941046220372883 2.2117805868844265 16.73903006032632 23.39797415822123 37.286569462250405 19.36355669029579 21.876573196775443 11.15864017663262 15.535092743360131 2.7637813641406064 5.733814130865606 22.366972978969482 10.203617841463865 14.01166358507627 4.398550622675543 8.020854108096831 23.899079688396057 1.6383529748624248 9.77144201834303 5.319029493733254 -4.154882755878208 -2.005393460388517 -5.515171436351379 3.538547593335064
27.53507014028056 13.207638868188845 4.3258100549895495 7.800880833027399 5.832957021523413 0.8026200064642985 2.220295971311419 16.747545444753314 23.406489542648234 37.295084846677405 19.37207207472279 21.885088581202442 11.16715556105963 15.543608127787124 2.772296748567599 5.742329515292599 22.375488363396492 10.212133225890875 14.02017896950328 4.407066007102554 8.029369492523823 23.90759507282306 1.646868359289435 9.77995740277004 5.327544878160264 -4.1463673714511975 -1.9968780759615066 -5.506656051924368 3.5470629777620744
27.595190380761522 13.216142181599366 4.334313368400089 7.809384146437939 5.841460334933952 0.811123319874838 2.2287992847219584 16.756048758163853 23.414992856058774 37.30358816008795 19.380575388133323 21.893591894612975 11.175658874470152 15.552111441197663 2.7808000619781383 5.750832828703138 22.38399167680702 10.220636539301415 14.02868228291382 4.415569320513075 8.037872805934363 23.9160983862336 1.6553716726999568 9.78846071618058 5.336048191570786 -4.137864058040658 -1.9883747625509671 -5.498152738513847 3.555566291172596
27.655310621242485 13.224633436944515 4.342804623745238 7.81787540178307 5.849951590279101 0.819614575219969 2.2372905400671073 16.764540013509002 23.423484111403916 37.3120794154331 19.389066643478472 21.902083149958123 11.1841501298153 15.560602696542812 2.789291317323287 5.759324084048287 22.39248293215217 10.229127794646564 14.037173538258969 4.424060575858224 8.046364061279512 23.92458964157874 1.6638629280451056 9.79695197152573 5.344539446915935 -4.129372802695509 -1.979883507205836 -5.489661483168698 3.564057546517745
27.715430861723444 13.23311265042026 4.351283837220983 7.826354615258833 5.858430803754846 0.828093788695714 2.2457697535428522 16.773019226984747 23.431963324879668 37.32055862890884 19.397545856954217 21.91056236343387 11.192629343291046 15.569081910018557 2.797770530799032 5.767803297524032 22.400962145627915 10.237607008122309 14.045652751734714 4.432539789333969 8.054843274755257 23.933068855054493 1.6723421415208506 9.805431185001474 5.35301866039168 -4.120893589219764 -1.9714042937300733 -5.481182269692953 3.57253675999349
27.775551102204407 13.241579845470799 4.359751032271504 7.834821810309354 5.866897998805367 0.8365609837462529 2.2542369485933733 16.781486422035268 23.44043051993019 37.32902582395936 19.40601305200475 21.9190295584844 11.201096538341584 15.577549105069078 2.806237725849553 5.776270492574553 22.409429340678436 10.24607420317283 14.054119946785235 4.441006984384508 8.063310469805778 23.941536050105015 1.6808093365713894 9.813898380051995 5.3614858554422185 -4.112426394169243 -1.9629370986795522 -5.472715074642414 3.5810039550440287
27.83567134268537 13.250035047572144 4.368206234372849 7.843277012410699 5.875353200906712 0.845016185847598 2.2626921506947184 16.789941624136613 23.448885722031534 37.337481026060715 19.414468254106094 21.927484760585745 11.20955174044293 15.586004307170423 2.8146929279508983 5.784725694675898 22.41788454277979 10.254529405274175 14.06257514888658 4.449462186485853 8.07176567190714 23.94999125220636 1.6892645386727345 9.82235358215334 5.3699410575435635 -4.103971192067898 -1.9544818965782071 -5.464259872541069 3.589459157145374
27.895791583166332 13.258478274633045 4.376649461433768 7.8517202394716 5.883796427967631 0.8534594129084994 2.2711353777556376 16.798384851197532 23.457328949092442 37.34592425312162 19.422911481167002 21.935927987646654 11.21799496750383 15.594447534231342 2.8231361550118175 5.793168921736817 22.426327769840704 10.262972632335076 14.0710183759475 4.457905413546754 8.080208898968042 23.958434479267268 1.697707765733636 9.83079680921426 5.378384284604465 -4.095527965006997 -1.9460386695173058 -5.4558166454801675 3.597902384206275
27.955911823647295 13.266909547156036 4.385080733956759 7.860151511994609 5.892227700490622 0.8618906854314901 2.2795666502786283 16.806816123720523 23.465760221615444 37.354355525644614 19.431342753689993 21.944359260169644 11.226426240026822 15.602878806754333 2.831567427534808 5.801600194259808 22.434759042363694 10.271403904858085 14.07944964847049 4.466336686069745 8.088640171491033 23.96686575179027 1.7061390382566266 9.83922808173725 5.386815557127456 -4.087096692483988 -1.9376073969942973 -5.447385372957177 3.606333656729266
28.016032064128254 13.275328879130974 4.393500065931697 7.868570843969529 5.9006470324655425 0.8703100174064282 2.2879859822535664 16.81523545569546 23.474179553590375 37.36277485761955 19.43976208566493 21.952778592144572 11.23484557200176 15.611298138729271 2.8399867595097463 5.810019526234728 22.443178374338622 10.279823236833005 14.08786898044541 4.474756018044683 8.097059503465971 23.9752850837652 1.7145583702315648 9.84764741371217 5.395234889102394 -4.078677360509068 -1.929188065019377 -5.438966040982239 3.614752988704204
28.076152304609217 13.283736304201419 4.401907491002142 7.876978269039974 5.909054457535987 0.8787174424768729 2.296393407324011 16.823642880765906 23.48258697866082 37.37118228268999 19.448169510735365 21.961186017215017 11.243252997072204 15.619705563799698 2.848394184580191 5.818426951305173 22.451585799409067 10.28823066190345 14.096276405515855 4.483163443115128 8.105466928536416 23.983692508835645 1.7229657953020094 9.856054838782615 5.4036423141728385 -4.070269935438623 -1.9207806399489322 -5.430558615911794 3.6231604137746487
28.13627254509018 13.292131832915874 4.410303019716579 7.885373797754429 5.917449986250443 0.8871129711913284 2.304788936038449 16.832038409480344 23.490982507375264 37.379577811404445 19.456565039449824 21.969581545929476 11.25164852578666 15.628101092514154 2.8567897132946287 5.826822480019628 22.459981328123522 10.296626190617905 14.10467193423031 4.491558971829583 8.113862457250871 23.99208803755009 1.731361324016465 9.86445036749707 5.412037842887294 -4.061874406724168 -1.9123851112344767 -5.4221630871973385 3.631555942489104
28.196392785571142 13.300515493904292 4.418686680705015 7.893757458742847 5.925833647238861 0.8954966321797464 2.3131725970268846 16.84042207046878 23.499366168363693 37.38796147239287 19.46494870043825 21.9779652069179 11.260032186775078 15.63648475350259 2.8651733742830645 5.835206141008064 22.46836498911194 10.305009851606323 14.113055595218729 4.499942632818001 8.122246118239289 24.00047169853852 1.739744985004883 9.872834028485489 5.420421503875712 -4.05349074573575 -1.9040014502460587 -5.4137794262089205 3.639939603477522
28.256513026052104 13.308887302207726 4.427058489008449 7.902129267046281 5.934205455542294 0.9038684404831798 2.321544405330318 16.848793878772213 23.507737976667123 37.3963332806963 19.473320508741683 21.986337015221327 11.268403995078511 15.644856561806023 2.873545182586498 5.84357794931148 22.476736797415374 10.313381659909757 14.121427403522162 4.508314441121435 8.130617926542723 24.00884350684195 1.7481167933083164 9.881205836788922 5.428793312179145 -4.045118937432316 -1.8956296419426253 -5.405407617905487 3.6483114117809556
