web/models/mosfit_kne/mosfit_kn_1.0000/mosfit_kn_0.004263_0.4843_1.0000.dat
# %ECSV 1.0
# ---
# datatype:
# - {name: time, datatype: float64}
# - {name: PS1_g, datatype: float64}
# - {name: PS1_i, datatype: float64}
# - {name: PS1_r, datatype: float64}
# - {name: PS1_w, datatype: float64}
# - {name: PS1_y, datatype: float64}
# - {name: PS1_z, datatype: float64}
# - {name: swift_uvot_B, datatype: float64}
# - {name: swift_uvot_U, datatype: float64}
# - {name: swift_uvot_uvm2, datatype: float64}
# - {name: swift_uvot_uvw1, datatype: float64}
# - {name: swift_uvot_uvw2, datatype: float64}
# - {name: swift_uvot_V, datatype: float64}
# - {name: johnson_B, datatype: float64}
# - {name: johnson_I, datatype: float64}
# - {name: johnson_R, datatype: float64}
# - {name: johnson_U, datatype: float64}
# - {name: johnson_V, datatype: float64}
# - {name: sdss_g, datatype: float64}
# - {name: sdss_i, datatype: float64}
# - {name: sdss_r, datatype: float64}
# - {name: sdss_u, datatype: float64}
# - {name: sdss_z, datatype: float64}
# - {name: ATLAS_c, datatype: float64}
# - {name: ATLAS_o, datatype: float64}
# - {name: ukirt_H, datatype: float64}
# - {name: ukirt_J, datatype: float64}
# - {name: ukirt_K, datatype: float64}
# - {name: Clear, datatype: float64}
# meta: !!omap
# - comment: [kappa = 1.0, type = rprocess, mass = 0.004263435211354371, velocity = 0.48433333333333334, theta_obs = 0.0, tfloor = 1000.0]
# schema: astropy-2.0
time PS1_g PS1_i PS1_r PS1_w PS1_y PS1_z swift_uvot_B swift_uvot_U swift_uvot_uvm2 swift_uvot_uvw1 swift_uvot_uvw2 swift_uvot_V johnson_B johnson_I johnson_R johnson_U johnson_V sdss_g sdss_i sdss_r sdss_u sdss_z ATLAS_c ATLAS_o ukirt_H ukirt_J ukirt_K Clear
0.06012024048096192 -13.339746415373774 -12.956477528650137 -13.159362978070348 -13.198975982193044 -12.616956928542802 -12.765843124227327 -13.264903284738658 -14.397673236214601 -14.577699433510908 -14.550713277046068 -14.338825337414342 -13.268583307469044 -13.276221210220406 -13.31255266263523 -13.326769810594385 -14.154050901358872 -13.277006826147593 -13.356676094191897 -12.97117036079813 -13.161821463990684 -13.394657504251928 -12.732278121323777 -13.288991185521404 -13.09470731065872 -11.736542683008755 -12.240093362978362 -11.246326563201448 -13.129471116448759
0.12024048096192384 -14.044480220656457 -13.878929767014814 -14.000701787461374 -13.999140570394566 -13.615355671826563 -13.735355110765823 -13.90272623745431 -14.84818023635798 -14.509725142950053 -14.663430275879747 -14.138385347005102 -14.04785981518182 -13.918219192245974 -14.256401333353754 -14.186937511247077 -14.641468654644864 -14.05987696605221 -14.042310098506352 -13.891587552465356 -14.003134326616404 -13.873052545268028 -13.708854268295347 -14.040454942628404 -13.967456484542247 -12.835953775814664 -13.293187758288576 -12.377074605859091 -13.94533885221744
0.18036072144288576 -14.334300703810907 -14.343849941927225 -14.399961926865963 -14.370709333193776 -14.141907276541819 -14.238448667382073 -14.137943095569991 -14.934579720603107 -14.197039175378631 -14.503108099342583 -13.746990479294666 -14.396359866793713 -14.15733394080235 -14.738768692558974 -14.601876379538112 -14.756638494056908 -14.411689551683436 -14.316756974058915 -14.354849781751753 -14.402201184082859 -13.980612367756606 -14.217773824110989 -14.369425971098355 -14.392951482423406 -13.444070442603982 -13.864073710829528 -13.0101994908218 -14.331903101220114
0.24048096192384769 -14.450693194416129 -14.618124757112678 -14.614641587977317 -14.564580447595272 -14.472371057871332 -14.54749548840292 -14.20458824403567 -14.868592251494608 -13.783267254582213 -14.231483595482253 -13.284059610717417 -14.5646246258461 -14.227922978626445 -15.029002926415409 -14.831137579009106 -14.71588325834719 -14.583278310697539 -14.419297646139846 -14.627610011227254 -14.61656825375643 -13.932746760579775 -14.53221038570037 -14.522316694262276 -14.632079600258212 -13.84882331477346 -14.23501323326217 -13.437559540746678 -14.5410933793843
0.3006012024048096 -14.463370036998207 -14.781842365354372 -14.720979985764124 -14.654675015526664 -14.690481059473885 -14.744835608608167 -14.16924908495223 -14.707663709104555 -13.298800067339482 -13.887425894262417 -12.772582232693942 -14.625990449407002 -14.196751270247322 -15.208210961405506 -14.951843027466023 -14.578502512587807 -14.648133254860285 -14.41873640396377 -14.789859872496525 -14.722480496862698 -13.788349024260409 -14.7348424649471 -14.570980116210173 -14.762539075657948 -14.13892737195434 -14.492413472187058 -13.74945620557133 -14.64741771982398
0.3607214428857715 -14.400358662224395 -14.868834891298341 -14.75063224270162 -14.671688065589432 -14.832157232833758 -14.86558647891787 -14.05814899227445 -14.472942762616423 -12.750352964202975 -13.48321187729308 -12.217495734059177 -14.610433292389502 -14.09018504836203 -15.31081339817008 -14.996186265893005 -14.366644422769188 -14.636348937668673 -14.342589912445973 -14.875376056523919 -14.751583080423671 -13.569314399583359 -14.860990346182117 -14.544753218745239 -14.816874732580754 -14.353170122121933 -14.673739361404115 -13.985579727929396 -14.682044756693262
0.42084168336673344 -14.274475155749844 -14.895803046377658 -14.718818384879988 -14.630504004015403 -14.91555082023682 -14.92733677651886 -13.882848479194145 -14.172632676362458 -12.137028974752408 -13.022503226312843 -11.619051774673647 -14.531997708355206 -13.919923874677917 -15.35392403987536 -14.979792795616095 -14.089146597818171 -14.562081498706332 -14.203330567890458 -14.90082073474662 -14.719076514599045 -13.284287955112521 -14.92839270598152 -14.457433741681278 -14.810974103865835 -14.511725892326266 -14.798235280010024 -14.166735940259956 -14.660307129251642
0.48096192384769537 -14.091451851377528 -14.87146313918835 -14.633095748005118 -14.538706409419024 -14.950544593568118 -14.939511597204884 -13.648069411719572 -13.808904356184897 -11.454471284667957 -12.505386983881976 -10.976142333692959 -14.397288127156653 -13.690841015096641 -15.346595346094986 -14.910577689071893 -13.748636752310734 -14.43205364537169 -14.006424753171434 -14.874879263377565 -14.6324903792293 -12.935726886135761 -14.946604448139027 -14.315610220636188 -14.752978657779732 -14.626143251288678 -14.876685412935016 -14.304991428816026 -14.59025361847333
0.5410821643286573 -13.853702673849746 -14.800573277636566 -14.49729403092146 -14.400407739962802 -14.942862975548952 -14.907450468868237 -13.355385301613378 -13.381331869417998 -10.69746892518506 -11.93130648758217 -10.288603792633694 -14.209336115211919 -13.404677219642153 -15.2938678566533 -14.792701457829509 -13.345023933882569 -14.249424375069884 -13.754074848762876 -14.802284224637763 -14.495619393745613 -12.523383083828374 -14.921082489252786 -14.122471646141985 -14.647250010232131 -14.703576377382547 -14.91558714922215 -14.407947050893364 -14.47647302229143
0.6012024048096192 -13.559517814498285 -14.68412277534048 -14.311322859177178 -14.216004289442807 -14.894631949337391 -14.832824065274064 -13.002090020023449 -12.884931800150419 -9.85590148981409 -11.296287986072215 -9.55352640070624 -13.967099713740573 -13.058950363632324 -15.197066208646081 -14.626486128998295 -12.873688972062844 -14.013320745276923 -13.444326252336758 -14.683994903462487 -14.30832479132988 -12.042441937282788 -14.853641495735204 -13.877263134006874 -14.494354881449318 -14.747852762390249 -14.91798703044166 -14.479961831299784 -14.3199787029174
0.6613226452905812 -13.208999434763058 -14.523628700094982 -14.076112857492262 -13.98708699327468 -14.808042464879723 -14.71754215849053 -12.58767695283603 -12.317945092265248 -8.925655907216047 -10.602200963471642 -8.775175611138643 -13.670921540750626 -12.653371087286715 -15.057914036510589 -14.413179968792857 -12.33303949948467 -13.724243215921808 -13.077146027982955 -14.5215109535261 -14.071486742733939 -11.491164534933382 -14.746296617984722 -13.580772479997645 -14.295704828764162 -14.762286427320298 -14.886677463791854 -14.524714637832401 -14.12285514575876
0.721442885771543 -12.793682016529235 -14.31449917391971 -13.785511661099541 -13.708438824710782 -14.680162624162332 -14.558003021382255 -12.102199407465115 -11.667174580134567 -7.886784602637802 -9.839793907691181 -7.945887897033405 -13.313221443634575 -12.178385546201142 -14.872316783501216 -14.147292663745638 -11.71037100133206 -13.374903328394863 -12.643714476061465 -14.310196740231476 -13.778867266494768 -10.856537695638782 -14.595670383346189 -13.22601647298745 -14.046176530828376 -14.746477448538592 -14.820095121633708 -14.542603947227837 -13.880872456589373
0.781563126252505 -12.319004017864454 -14.060968179962323 -13.444197431742477 -13.385526473842528 -14.51490332094112 -14.358215171428395 -11.551301156496347 -10.939049356628932 -6.748820748910396 -9.02404193580498 -7.0833731537542945 -12.898852986337765 -11.639838167159432 -14.6444383728175 -13.833621092448347 -11.011904087417996 -12.970285401405926 -12.149558518932917 -14.054296060126727 -13.435094595802308 -10.144743805192533 -14.405792056881257 -12.81851300143277 -13.750538289970802 -14.704191364939248 -14.72205083255705 -14.537402125955834 -13.59964568986955
0.8416833667334669 -11.796357438400147 -13.770968935306911 -13.061470467974168 -13.027976335234825 -14.318907266561407 -14.125302067177739 -10.947389848293707 -10.14853366763921 -5.533896381782351 -8.178400900109093 -6.211411082023467 -12.438065511677465 -11.050202788493845 -14.38186242578854 -13.481290685985218 -10.25211985735303 -12.520662094668447 -11.606357998842345 -13.761777936498287 -13.049451087137012 -9.370374097672034 -14.183696031264361 -12.368970888119755 -13.417670243163808 -14.640541599677018 -14.598330570191019 -14.513818373397685 -13.288413199706124
0.9018036072144289 -11.215872269347607 -13.438267431034525 -12.629653479034548 -12.629039392365993 -14.087473983558514 -13.853937457420393 -10.279153926952358 -9.281164003739981 -4.221862792519196 -7.29397475426417 -5.318188380149497 -11.921759059787977 -10.398682304319461 -14.078832604389355 -13.083388177137866 -9.417026442205653 -12.017305983546843 -11.00390515199015 -13.426368646445184 -12.614153941876705 -8.519106172847586 -13.924295236576878 -11.869024183970076 -13.040980481552733 -14.553249737806835 -14.445535860845913 -14.470372267116927 -12.94138910545998
0.9619238476953907 -10.578926747683894 -13.063937512097183 -12.149952509671902 -12.190442166184337 -13.82161413268813 -13.545131032618869 -9.547896953845864 -8.338231652755805 -2.81589695279797 -6.377615857311447 -4.40668268717085 -11.35100814017217 -9.686912893064136 -13.736442085138922 -12.641430752552527 -8.507871633677528 -11.461518707474985 -10.343588577045058 -13.049145543553884 -12.130343141805575 -7.5920899653465845 -13.628668084812183 -11.320348943405847 -12.621961011590237 -14.443513860861168 -14.264759458703205 -14.408393358677019 -12.560500498518756
1.0220440881763526 -9.88925976484703 -12.650562318624434 -11.625439298200142 -11.7154779225414 -13.523459718228708 -13.201169767845649 -8.757621308536542 -7.324408514760634 -1.3242808227385288 -5.436597929011153 -3.4791708952709075 -10.72906014698119 -8.919181249835567 -13.35718279263861 -12.158697601252346 -7.529196545450134 -10.856740885284564 -9.629236552728777 -12.63270605338274 -11.60103924513697 -6.59383261487914 -13.2991280646476 -10.726638572341525 -12.163753950721183 -14.3130542879625 -14.057893735130234 -14.32955133867141 -12.149002788781758
1.0821643286573146 -9.148618045845112 -12.19938574341489 -11.057597651899833 -11.205781590646655 -13.19404001052785 -12.823146864630619 -7.910144249203014 -6.241661736142028 0.2483267888778835 -4.472554218473448 -2.532341443515683 -10.057369460611547 -8.097640754830135 -12.942279328915937 -11.636984205848002 -6.482946478697553 -10.204667192280253 -8.862631559504024 -12.178302611372995 -11.027668636943133 -5.526211208848935 -12.936827106134583 -10.089739607573343 -11.668032117478155 -14.162776170164564 -13.825892257589983 -14.234784184689103 -11.708585562823774
1.1422845691382766 -8.362318691702022 -11.71403178273172 -10.45078257106356 -10.665446778881744 -12.836234324937994 -12.4142198920803 -7.011341487172703 -5.09700253721169 1.8900223073642737 -3.4893193918452776 -1.5658816090434189 -9.34072117136018 -7.228382645463171 -12.495178761867713 -11.080763720057025 -5.3759869848000115 -9.510243590927272 -8.049238587899197 -11.689582480624292 -10.41455885349622 -4.396125968216076 -12.54491431822327 -9.414552704182881 -11.138994199246426 -13.994594523894717 -13.571110618584681 -14.125768970336468 -11.243061000373302
1.2024048096192383 -7.538947289662019 -11.200345177591498 -9.812003107516105 -10.100755102802008 -12.454662677162638 -11.979484900604849 -6.070817843599424 -3.9020725381644183 3.5826222640417145 -2.493089597046225 -0.5829571108163409 -8.587002669091543 -6.321057872244079 -12.021399547732862 -10.496932042089437 -4.219709998971261 -8.781407883306718 -7.197892384621962 -11.172426866530891 -9.768730782892643 -3.215114534754928 -12.12840461788014 -8.70872229748624 -10.583123247098616 -13.811365652598758 -13.297221208234918 -14.004853790152259 -10.758084493924898
1.2625250501002003 -6.686110138195431 -10.663571566901613 -9.147521429705723 -9.517108347023893 -12.053476837481885 -11.523523430326534 -5.0971251277711636 -2.667211418954505 5.310196066169028 -1.488312530597646 0.4138839906584626 -7.80329441967669 -5.384204024874965 -11.525891060614015 -9.891615141484522 -3.0242733135204003 -8.025264654436162 -6.316420922719406 -10.632114751484067 -9.096472604285637 -1.9934875058871881 -11.691800891944908 -7.978910874457057 -10.006135168495653 -13.615586884492854 -13.007496783813773 -13.874035842107089 -10.258438355402593
1.3226452905811623 -5.812391883206214 -10.109662255783736 -8.464415378004606 -8.920494507972467 -11.637397621156307 -11.051547058859157 -4.099952544258346 -1.4041883830275912 7.055484656741979 -0.48082834817183295 1.4198587388400132 -6.997671401368309 -4.427355366990437 -11.014255816236648 -9.271602650510424 -1.80123943472551 -7.249825220199512 -5.413660594318088 -10.07463445532565 -8.404917390873354 -0.7430176676436062 -11.240198769312908 -7.232532891672676 -9.414371332317781 -13.410049396880426 -12.705635909278035 -13.735493868097135 -9.749343576656635
1.3827655310621243 -4.9277728688297096 -9.545554037248074 -7.7709083678524316 -8.317808650121705 -11.211941243101453 -10.569646486870035 -3.09058766514391 -0.12678732248266633 8.79938532822164 0.521463669396312 2.4274901938279716 -6.179589089406055 -3.461464807994567 -10.493009950720406 -8.644623098033339 -0.5641311399570025 -6.46436032716348 -4.4998847117931895 -9.50696436162243 -7.702378980173119 0.522490501413575 -10.77952122906698 -6.478129201622291 -8.815084125531651 -13.19799033023459 -12.39594548843735 -13.591717414758884 -9.236740854350582
1.442885771543086 -4.039160356070219 -8.97614891567617 -7.072759727771221 -7.713700660535938 -10.781033732640761 -10.082147595608362 -2.076867931788416 1.155455145183968 10.529448022965738 1.5136144486086072 3.43179991747952 -5.355700979260985 -2.4940528134201085 -9.966758575368424 -8.016029415541219 0.6776599436488763 -5.675359181376913 -3.5822011100028917 -8.93403591796254 -6.994699617674858 1.7934244907139885 -10.313969286123292 -5.721515003745878 -8.213268238008968 -12.981699009497321 -12.081489565375614 -13.444435255302077 -8.724555976989645
1.503006012024048 -3.1526261869348104 -8.405797163878486 -6.375050693712616 -7.112217081720882 -10.348177552348865 -9.592904826759945 -1.0656902247709177 2.4341299059273247 12.235512787579093 2.491127838937182 4.427964271375405 -4.531910389575942 -1.5316511726066155 -9.439584482468543 -7.39046137967651 1.9158540879056107 -4.888525716752931 -2.666856494884833 -8.360224768169893 -6.287049317789748 3.061290318120573 -9.847272732870973 -4.9677578873098405 -7.6132666407637295 -12.763222038739455 -11.76500300196153 -13.295181570387856 -8.216160169300828
1.56312625250501 -2.272061493728792 -7.837373808577404 -5.68109097027806 -6.515870844313518 -9.915716259660758 -9.104487459209505 -0.06148702925316768 3.7038515796780302 13.912008636368626 3.4515466484960915 5.413029193297444 -3.712090617976032 -0.578370897847517 -8.914186287190883 -6.770872427071908 3.145127858661716 -4.1075628895635115 -1.7578515306250786 -7.788422446775272 -5.582813704077125 4.3206046592577785 -9.38191120716164 -4.220036842663184 -7.017835412096289 -12.54393488235438 -11.448321519148708 -13.144972796726309 -7.713581446399438
1.6232464929859718 -1.4001353173653541 -7.272913635879519 -4.9931858442783295 -5.926336982879015 -9.485331731822058 -8.618731669398034 0.9326962878308798 4.9609256436390226 15.555934470715954 4.3934678680365735 6.385004629347183 -2.8989627916881604 0.36303820559351835 -8.392473580072323 -6.159255231007699 4.361820413711619 -3.3350341774710275 -0.8579282716389081 -7.220675001742247 -4.884365400893227 5.567579367522555 -8.91964992060096 -3.48048770292408 -6.428838701226791 -12.324836236586146 -11.132768801860935 -12.994541697050986 -7.21812348006587
1.6833667334669338 -0.5372190501331708 -6.712874578729124 -4.311766050105135 -5.3437039774755135 -9.057455955877245 -8.136089563344022 1.9164158950509325 6.204867646598942 17.168571879703688 5.31773818506128 7.344170770572603 -2.093074533590447 1.2923169399595265 -7.874880660487228 -5.555884274336969 5.565403589200944 -2.571406728863878 0.03253640078382247 -6.657442985001243 -4.192177764106848 6.801631363363381 -8.460920721079592 -2.749286642868025 -5.8465075175849 -12.106201112192652 -10.818700193119033 -12.844072058356415 -6.729733960116935
