web/models/mosfit_kne/mosfit_kn_1.0000/mosfit_kn_0.004263_0.2807_1.0000.dat
# %ECSV 1.0
# ---
# datatype:
# - {name: time, datatype: float64}
# - {name: PS1_g, datatype: float64}
# - {name: PS1_i, datatype: float64}
# - {name: PS1_r, datatype: float64}
# - {name: PS1_w, datatype: float64}
# - {name: PS1_y, datatype: float64}
# - {name: PS1_z, datatype: float64}
# - {name: swift_uvot_B, datatype: float64}
# - {name: swift_uvot_U, datatype: float64}
# - {name: swift_uvot_uvm2, datatype: float64}
# - {name: swift_uvot_uvw1, datatype: float64}
# - {name: swift_uvot_uvw2, datatype: float64}
# - {name: swift_uvot_V, datatype: float64}
# - {name: johnson_B, datatype: float64}
# - {name: johnson_I, datatype: float64}
# - {name: johnson_R, datatype: float64}
# - {name: johnson_U, datatype: float64}
# - {name: johnson_V, datatype: float64}
# - {name: sdss_g, datatype: float64}
# - {name: sdss_i, datatype: float64}
# - {name: sdss_r, datatype: float64}
# - {name: sdss_u, datatype: float64}
# - {name: sdss_z, datatype: float64}
# - {name: ATLAS_c, datatype: float64}
# - {name: ATLAS_o, datatype: float64}
# - {name: ukirt_H, datatype: float64}
# - {name: ukirt_J, datatype: float64}
# - {name: ukirt_K, datatype: float64}
# - {name: Clear, datatype: float64}
# meta: !!omap
# - comment: [kappa = 1.0, type = rprocess, mass = 0.004263435211354371, velocity = 0.2806666666666667, theta_obs = 0.0, tfloor = 1000.0]
# schema: astropy-2.0
time PS1_g PS1_i PS1_r PS1_w PS1_y PS1_z swift_uvot_B swift_uvot_U swift_uvot_uvm2 swift_uvot_uvw1 swift_uvot_uvw2 swift_uvot_V johnson_B johnson_I johnson_R johnson_U johnson_V sdss_g sdss_i sdss_r sdss_u sdss_z ATLAS_c ATLAS_o ukirt_H ukirt_J ukirt_K Clear
[from data line 175]
10.581162324649299 10.412827631997512 1.530998818798217 5.006069596836067 3.0381457853320804 -1.9921912297270339 -0.5745152648799134 13.952734208561981 20.611678306456902 34.50027361048608 16.57726083853147 19.090277345011113 8.372344324868298 12.748796891595791 -0.022514487623733537 2.947518279101266 19.58067712720516 7.417321989699544 11.225367733311948 1.6122547709112212 5.234558256332509 21.112783836631728 -1.1479428769018973 6.9851461665787085 2.5327336419689317 -6.94117860764253 -4.7916893121528386 -8.3014672881157 0.7522517415707419
10.64128256513026 10.428402005139397 1.5465731919401193 5.021643969977951 3.0537201584739826 -1.9766168565851494 -0.5589408917380112 13.968308581703884 20.627252679598797 34.51584798362797 16.592835211673354 19.105851718153005 8.387918698010182 12.764371264737694 -0.006940114481831294 2.9630926522431684 19.596251500347044 7.432896362841428 11.240942106453833 1.6278291440531056 5.250132629474393 21.128358209773623 -1.1323685037600129 7.000720539720611 2.548308015110816 -6.925604234500645 -4.776114939010954 -8.285892914973816 0.7678261147126264
10.701402805611222 10.44394153344701 1.5621127202477325 5.0371834982855646 3.0692596867815958 -1.9610773282775362 -0.543401363430398 13.983848110011497 20.64279220790641 34.531387511935584 16.608374739980967 19.121391246460618 8.403458226317795 12.779910793045307 0.008599413825781888 2.9786321805507816 19.611791028654658 7.448435891149042 11.256481634761446 1.6433686723607188 5.2656721577820065 21.143897738081236 -1.1168289754523997 7.016260068028224 2.5638475434184294 -6.910064706193032 -4.760575410703341 -8.270353386666203 0.7833656430202396
10.761523046092185 10.459440217201248 1.5776114040019706 5.0526821820398204 3.084758370535834 -1.945578644523298 -0.5279026796761599 13.999346793765735 20.658290891660656 34.54688619568983 16.623873423735205 19.136889930214856 8.418956910072033 12.795409476799545 0.024098097580020017 2.9941308643050197 19.627289712408903 7.4639345749032975 11.271980318515702 1.658867356114957 5.281170841536245 21.15939642183548 -1.1013302916981615 7.031758751782462 2.5793462271726675 -6.894566022438776 -4.745076726949085 -8.254854702911965 0.7988643267744777
10.821643286573146 10.474897832963652 1.5930690197643749 5.068139797802207 3.100215986298238 -1.9301210287608939 -0.5124450639137557 14.01480440952814 20.67374850742305 34.56234381145223 16.63933103949761 19.15234754597726 8.434414525834438 12.81086709256195 0.03955571334242425 3.009588480067424 19.64274732817131 7.479392190665702 11.287437934278106 1.6743249718773612 5.296628457298649 21.174854037597875 -1.0858726759357573 7.047216367544866 2.5948038429350717 -6.87910840667639 -4.7296191111866985 -8.23939708714956 0.814321942536882
10.881763527054108 10.49031499000817 1.608486176808892 5.083556954846742 3.1156331433427553 -1.9147038717163767 -0.4970279068692385 14.030221566572656 20.689165664467577 34.57776096849675 16.654748196542126 19.167764703021778 8.449831682878955 12.826284249606466 0.05497287038694143 3.025005637111941 19.658164485215828 7.494809347710219 11.302855091322623 1.6897421289218784 5.312045614343166 21.190271194642403 -1.0704555188912401 7.062633524589383 2.610220999979589 -6.863691249631855 -4.714201954142164 -8.223979930105044 0.8297390995813991
10.941883767535069 10.505692385601453 1.6238635724021577 5.0989343504400075 3.131010538936021 -1.8993264761230932 -0.4816505112759728 14.04559896216594 20.704543060060843 34.593138364090024 16.67012559213541 19.183142098615054 8.465209078472238 12.841661645199732 0.07035026598022487 3.040383032705207 19.6735418808091 7.510186743303485 11.318232486915889 1.7051195245151618 5.3274230099364495 21.20564859023567 -1.0550781232979567 7.078010920182649 2.6255983955728723 -6.848313854038589 -4.698824558548898 -8.20860253451176 0.8451164951746826
11.002004008016032 10.521030699810865 1.6392018866115876 5.114272664649437 3.146348853145451 -1.8839881619136634 -0.4663121970665429 14.060937276375352 20.719881374270273 34.608476678299446 16.685463906344822 19.198480412824473 8.480547392681668 12.856999959409162 0.08568858018963699 3.0557213469146367 19.68888019501852 7.5255250575129145 11.333570801125319 1.720457838724574 5.342761324145862 21.2209869044451 -1.0397398090885446 7.093349234392079 2.6409367097822845 -6.832975539829159 -4.683486244339468 -8.193264220302348 0.8604548093840947
11.062124248496994 10.53633060346053 1.6545017902612535 5.129572568299086 3.161648756795117 -1.8686882582640152 -0.451012293416877 14.076237180025018 20.735181277919928 34.6237765819491 16.700763809994488 19.21378031647414 8.495847296331316 12.872299863058828 0.10098848383930292 3.0710212505643026 19.70418009866818 7.540824961162563 11.348870704774967 1.7357577423742399 5.3580612277955275 21.236286808094754 -1.0244399054388786 7.108649138041727 2.6562366134319504 -6.817675636179511 -4.66818634068982 -8.177964316652682 0.8757547130337606
11.122244488977955 10.551592745250922 1.6697639320516444 5.1448347100894765 3.1769108985855077 -1.8534261164736243 -0.4357501516264861 14.091499321815409 20.750443419710322 34.6390387237395 16.71602595178488 19.22904245826453 8.511109438121707 12.887562004849219 0.1162506256296938 3.0862833923546935 19.719442240458577 7.556087102952971 11.364132846565376 1.7510198841646307 5.373323369585918 21.251548949885148 -1.0091777636484878 7.123911279832136 2.6714987552223413 -6.80241349438912 -4.652924198899429 -8.162702174862291 0.8910168548241515
11.182364729458918 10.566817740179317 1.68498892698004 5.160059705017872 3.1921358935139033 -1.8382011215452287 -0.42052515669809054 14.106724316743804 20.765668414638718 34.6542637186679 16.731250946713274 19.244267453192926 8.526334433050103 12.902786999777614 0.13147562055808937 3.101508387283089 19.734667235386972 7.571312097881367 11.379357841493771 1.7662448790930263 5.388548364514314 21.266773944813544 -0.9939527687200922 7.139136274760531 2.686723750150737 -6.787188499460707 -4.637699203971033 -8.147477179933896 0.9062418497525471
11.242484969939879 10.582006177247045 1.700177364047768 5.175248142085618 3.2073243305816312 -1.8230126844775008 -0.40533671963036255 14.121912753811532 20.780856851706453 34.66945215573563 16.746439383781002 19.259455890260654 8.54152287011783 12.917975436845342 0.14666405762581736 3.116696824350817 19.7498556724547 7.586500534949095 11.3945462785615 1.7814333161607543 5.403736801582042 21.28196238188128 -0.9787643316523642 7.154324711828259 2.701912187218465 -6.772000062392979 -4.622510766903288 -8.132288742866168 0.9214302868202751
11.302605210420841 10.597158635970718 1.7153298227714409 5.190400600809291 3.222476789305304 -1.8078602257538279 -0.3901842609066897 14.137065212535205 20.796009310430115 34.684604614459296 16.761591842504675 19.274608348984327 8.556675328841504 12.933127895569015 0.16181651634949024 3.13184928307449 19.765008131178377 7.601652993672768 11.409698737285172 1.7965857748844272 5.418889260305715 21.29711484060494 -0.9636118729286913 7.169477170551932 2.7170646459421377 -6.756847603669306 -4.607358308179615 -8.117136284142495 0.9365827455439479
11.362725450901802 10.612275670735443 1.7304468575361653 5.205517635573997 3.2375938240700286 -1.7927431909891034 -0.3750672261419652 14.15218224729993 20.811126345194843 34.69972164922401 16.7767088772694 19.28972538374905 8.571792363606228 12.94824493033374 0.17693355111421472 3.1469663178392144 19.780125165943097 7.616770028437474 11.424815772049879 1.8117028096491516 5.434006295070439 21.31223187536967 -0.9484948381639668 7.184594205316657 2.732181680706862 -6.741730568904599 -4.592241273414908 -8.10201924937777 0.9516997803086724
11.422845691382765 10.627357809555917 1.7455289963566223 5.220599774394472 3.2526759628904856 -1.7776610521686287 -0.35998508732150825 14.167264386120387 20.826208484015307 34.714803788044485 16.791791016089874 19.304807522569515 8.586874502426703 12.963327069154197 0.19201568993467166 3.1620484566596714 19.795207304763565 7.631852167257949 11.439897910870354 1.8267849484696264 5.449088433890914 21.327314014190133 -0.9334126993434921 7.199676344137114 2.747263819527337 -6.726648430084125 -4.577159134594433 -8.086937110557296 0.9667819191291471
11.482965931863728 10.642405558589108 1.7605767453898302 5.235647523427662 3.2677237119236757 -1.7626133031354385 -0.3449373382883003 14.182312135153595 20.841256233048504 34.72985153707768 16.806838765123064 19.319855271602716 8.601922251459893 12.978374818187405 0.2070634389678796 3.1770962056928793 19.810255053796755 7.646899916291139 11.454945659903544 1.8418326975028165 5.464136182924104 21.34236176322333 -0.918364950310302 7.214724093170304 2.762311568560527 -6.7116006810509345 -4.562111385561243 -8.071889361524105 0.9818296681623373
11.543086172344688 10.65741941087838 1.775590597679102 5.250661375716934 3.2827375642129653 -1.7475994508461667 -0.32992348599902854 14.197325987442866 20.856270085337776 34.74486538936696 16.821852617412336 19.334869123891988 8.616936103749165 12.993388670476676 0.22207729125715137 3.192110057982151 19.825268906086038 7.661913768580411 11.469959512192833 1.8568465497920883 5.479150035213376 21.357375615512602 -0.9033510980210302 7.229737945459593 2.777325420849799 -6.696586828761663 -4.547097533271971 -8.056875509234834 0.9968435204516091
11.603206412825651 10.672399841032973 1.7905710278336784 5.265641805871528 3.2977179943675416 -1.7326190206915726 -0.31494305584445215 14.212306417597443 20.871250515492363 34.759845819521544 16.83683304756693 19.349849554046575 8.631916533903759 13.008369100631253 0.23705772141174553 3.2070904881367275 19.84024933624062 7.676894198735005 11.48493994234741 1.8718269799466825 5.49413046536797 21.37235604566719 -0.888370667866436 7.24471837561417 2.792305851004393 -6.681606398607069 -4.532117103117377 -8.04189507908024 1.0118239506062032
11.663326653306612 10.68734730220866 1.8055184890093656 5.280589267047215 3.312665455543229 -1.7176715595158853 -0.2999955946687649 14.22725387877313 20.88619797666805 34.77479328069723 16.851780508742618 19.364797015222262 8.646863995079446 13.02331656180694 0.252005182587415 3.2220379493124147 19.85519679741631 7.6918416599106925 11.499887403523097 1.8867744411223697 5.50907792654364 21.387303506842876 -0.8734232066907488 7.259665836789857 2.8072533121800802 -6.666658937431381 -4.51716964194169 -8.026947617904552 1.0267714117818905
11.723446893787575 10.702262221945293 1.8204334087459983 5.295504186783848 3.3275803752798616 -1.7027566397792526 -0.2850806749321322 14.242168798509763 20.901112896404683 34.78970820043386 16.866695428479233 19.379711934958895 8.661778914816079 13.038231481543573 0.2669201023240477 3.2369528690490474 19.87011171715293 7.706756579647325 11.51480232325973 1.9016893608590024 5.523992846280272 21.40221842657951 -0.8585082869541161 7.27458075652649 2.822168231916713 -6.651744017694749 -4.502254722205057 -8.01203269816792 1.0416863315185232
11.783567134268537 10.717145021792103 1.8353162085928254 5.310386986630675 3.3424631751266887 -1.6878738399324256 -0.27019787508530513 14.25705159835659 20.91599569625151 34.80459100028068 16.88157822832606 19.394594734805718 8.676661714662906 13.0531142813904 0.2818029021708748 3.2518356688958745 19.88499451699976 7.721639379494152 11.529685123106557 1.9165721607058295 5.538875646127099 21.417101226426336 -0.843625487107289 7.289463556373317 2.8370510317635222 -6.636861217847922 -4.48737192235823 -7.9971498983210925 1.0565691313653502
11.843687374749498 10.73199610519353 1.8501672919942536 5.325238070032086 3.357314258528099 -1.6730227565310152 -0.255346791683877 14.271902681758018 20.93084677965293 34.8194420836821 16.896429311727488 19.40944581820714 8.691512798064316 13.067965364791828 0.29665398557230294 3.2666867522973027 19.89984560040118 7.736490462895563 11.544536206507967 1.9314232441072399 5.5537267295285275 21.431952309827757 -0.8287744037058786 7.304314639774727 2.8519021151649504 -6.622010134446511 -4.47252083895682 -7.982298814919682 1.0714202147667606
11.90380761523046 10.746815859168457 1.864987045969162 5.340057824007012 3.3721340125030252 -1.658203002556089 -0.24052703770896855 14.286722435732944 20.945666533627847 34.83426183765703 16.911249065702414 19.424265572182055 8.706332552039243 13.082785118766736 0.3114737395472291 3.281506506272211 19.914665354376105 7.751310216870489 11.559355960482893 1.946242998082166 5.568546483503454 21.446772063802673 -0.8139546497309524 7.319134393749653 2.8667218691398766 -6.607190380471585 -4.457701084981894 -7.967479060944756 1.0862399687416868
11.963927855711422 10.761604644464349 1.8797758312650537 5.3548466093029035 3.386922797798917 -1.6434142172601973 -0.22573825241307688 14.301511221028818 20.96045531892374 34.84905062295291 16.926037850998288 19.439054357477946 8.721121337335134 13.097573904062628 0.32626252484310303 3.2962952915681027 19.929454139671996 7.7660990021663805 11.574144745778785 1.9610317833780577 5.583335268799328 21.461560849098564 -0.7991658644350608 7.333923179045545 2.8815106544357683 -6.592401595175693 -4.442912299686002 -7.952690275648864 1.1010287540375785
12.024048096192384 10.776362819878305 1.8945340066790095 5.369604784716859 3.4016809732128728 -1.6286560418462415 -0.21098007699912102 14.316269396442792 20.9752134943377 34.863808798366875 16.94079602641226 19.453812532891906 8.73587951274909 13.112332079476584 0.34102070025707665 3.3110534669820586 19.944212315085952 7.780857177580336 11.58890292119274 1.9757899587920136 5.598093444213301 21.476319024512527 -0.7844076890211049 7.348681354459501 2.896268829849724 -6.5776434197617375 -4.428154124272046 -7.937932100234908 1.1157869294515343
12.084168336673347 10.791090726708692 1.9092619135094147 5.3843326915472645 3.416408880043278 -1.613928135015854 -0.19625217016871588 14.330997303273179 20.9899414011681 34.87853670519727 16.95552393324265 19.4685404397223 8.750607419579477 13.127059986306989 0.35574860708746403 3.3257813738124637 19.95894022191635 7.7955850844107415 11.603630828023146 1.990517865622401 5.612821351043689 21.491046931342925 -0.7696797821907175 7.363409261289906 2.9109967366801115 -6.562915512931332 -4.413426217441641 -7.923204193404521 1.1305148362819217
12.144288577154308 10.805788690333511 1.923959877134216 5.399030655172066 3.431106843668079 -1.599230171391035 -0.18155420654391463 14.34569526689798 21.0046393647929 34.89323466882208 16.970221896867468 19.483238403347112 8.765305383204296 13.14175794993179 0.3704465707122653 3.340479337437265 19.97363818554116 7.810283048035543 11.618328791647947 2.00521582924722 5.627519314668508 21.505744894967727 -0.7549818185658985 7.378107224914707 2.9256947003049305 -6.548217549306531 -4.39872825381684 -7.908506229779702 1.1452127999067407
12.20440881763527 10.820457018534757 1.938628205335462 5.413698983373312 3.4457751718693252 -1.584561843189789 -0.16688587834266855 14.360363595099244 21.019307692994147 34.90790299702333 16.984890225068714 19.49790673154836 8.779973711405543 13.156426278133036 0.3851148989135291 3.355147665638511 19.988306513742405 7.824951376236789 11.632997119849193 2.019884157448466 5.642187642869754 21.520413223168973 -0.7403134903646524 7.392775553115953 2.9403630285061766 -6.533549221105285 -4.384059925615594 -7.893837901578456 1.1598811281079868
12.264529058116231 10.835096009180845 1.9532671959815495 5.428337974019399 3.460414162515413 -1.5699228525437015 -0.152246887696581 14.375002585745314 21.033946683640234 34.922541987669405 16.999529215714784 19.512545722194442 8.79461270205163 13.171065268779124 0.3997538895595989 3.3697866562845986 20.002945504388492 7.839590366882876 11.64763611049528 2.0345231480945536 5.6568266335158235 21.53505221381506 -0.7256744997185649 7.407414543762041 2.955002019152264 -6.5189102304591975 -4.369420934969506 -7.879198910932368 1.1745201187540744
