web/models/mosfit_kne/mosfit_kn_1.0000/mosfit_kn_0.001862_0.4843_1.0000.dat
# %ECSV 1.0
# ---
# datatype:
# - {name: time, datatype: float64}
# - {name: PS1_g, datatype: float64}
# - {name: PS1_i, datatype: float64}
# - {name: PS1_r, datatype: float64}
# - {name: PS1_w, datatype: float64}
# - {name: PS1_y, datatype: float64}
# - {name: PS1_z, datatype: float64}
# - {name: swift_uvot_B, datatype: float64}
# - {name: swift_uvot_U, datatype: float64}
# - {name: swift_uvot_uvm2, datatype: float64}
# - {name: swift_uvot_uvw1, datatype: float64}
# - {name: swift_uvot_uvw2, datatype: float64}
# - {name: swift_uvot_V, datatype: float64}
# - {name: johnson_B, datatype: float64}
# - {name: johnson_I, datatype: float64}
# - {name: johnson_R, datatype: float64}
# - {name: johnson_U, datatype: float64}
# - {name: johnson_V, datatype: float64}
# - {name: sdss_g, datatype: float64}
# - {name: sdss_i, datatype: float64}
# - {name: sdss_r, datatype: float64}
# - {name: sdss_u, datatype: float64}
# - {name: sdss_z, datatype: float64}
# - {name: ATLAS_c, datatype: float64}
# - {name: ATLAS_o, datatype: float64}
# - {name: ukirt_H, datatype: float64}
# - {name: ukirt_J, datatype: float64}
# - {name: ukirt_K, datatype: float64}
# - {name: Clear, datatype: float64}
# meta: !!omap
# - comment: [kappa = 1.0, type = rprocess, mass = 0.001861645566637777, velocity = 0.48433333333333334, theta_obs = 0.0, tfloor = 1000.0]
# schema: astropy-2.0
time PS1_g PS1_i PS1_r PS1_w PS1_y PS1_z swift_uvot_B swift_uvot_U swift_uvot_uvm2 swift_uvot_uvw1 swift_uvot_uvw2 swift_uvot_V johnson_B johnson_I johnson_R johnson_U johnson_V sdss_g sdss_i sdss_r sdss_u sdss_z ATLAS_c ATLAS_o ukirt_H ukirt_J ukirt_K Clear
[from data line 267]
16.112224448897795 16.410678888091983 7.528850074892706 11.003920852930538 9.035997041426569 4.005660026367437 5.423335991214575 19.95058546465647 26.60952956255138 40.49812486658056 22.57511209462594 25.08812860110559 14.370195580962768 18.74664814769028 5.975336768470755 8.945369535195756 25.57852838329964 13.415173245794014 17.223218989406437 7.610106027005692 11.23240951242698 27.110635092726206 4.8499083791925734 12.982997422673197 8.530584898063402 -0.9433273515480585 1.2061619439416318 -2.3036160320212296 6.750102997665213
16.172344689378757 16.42909593767273 7.5472671244734535 11.022337902511286 9.054414091007317 4.024077075948185 5.441753040795323 19.969002514237218 26.627946612132128 40.51654191616131 22.593529144206688 25.10654565068634 14.388612630543516 18.765065197271028 5.993753818051503 8.963786584776503 25.59694543288039 13.43359029537478 17.241636038987185 7.62852307658644 11.250826562007727 27.129052142306953 4.868325428773321 13.001414472253945 8.54900194764415 -0.9249103019673106 1.2245789935223796 -2.2851989824404817 6.768520047245961
16.23246492985972 16.44745159377509 7.565622780575811 11.040693558613643 9.072769747109657 4.042432732050543 5.460108696897681 19.987358170339576 26.646302268234486 40.53489757226366 22.61188480030904 25.12490130678869 14.406968286645874 18.783420853373368 6.012109474153861 8.982142240878844 25.615301088982736 13.45194595147712 17.259991695089525 7.646878732688798 11.269182218110085 27.14740779840931 4.886681084875679 13.019770128356285 8.567357603746508 -0.9065546458649527 1.2429346496247375 -2.266843326338124 6.7868757033483185
16.29258517034068 16.465746240186583 7.5839174269873055 11.058988205025155 9.091064393521169 4.060727378462037 5.478403343309175 20.00565281675107 26.66459691464599 40.553192218675164 22.63017944672054 25.14319595320019 14.425262933057368 18.80171549978488 6.030404120565355 9.000436887290356 25.633595735394238 13.470240597888631 17.278286341501037 7.665173379100292 11.28747686452158 27.165702444820816 4.904975731287173 13.038064774767797 8.585652250158002 -0.8882599994534408 1.2612292960362494 -2.2485486799266297 6.805170349759813
16.352705410821642 16.483980264981515 7.60215145178222 11.07722222982007 9.109298418316083 4.078961403256969 5.496637368104089 20.023886841546002 26.682830939440905 40.571426243470086 22.648413471515465 25.161429977995116 14.4434969578523 18.819949524579794 6.048638145360287 9.01867091208527 25.651829760189162 13.488474622683546 17.29652036629595 7.683407403895224 11.305710889316511 27.18393646961573 4.923209756082105 13.056298799562711 8.603886274952934 -0.8700259746585266 1.2794633208311637 -2.2303146551316977 6.823404374554745
16.412825651302605 16.502154036368903 7.620325223169626 11.095396001207458 9.12747218970349 4.097135174644357 5.514811139491496 20.04206061293339 26.7010047108283 40.589600014857474 22.66658724290286 25.179603749382512 14.461670729239689 18.8381232959672 6.0668119167476755 9.036844683472676 25.67000353157655 13.506648394070934 17.31469413768334 7.701581175282612 11.3238846607039 27.202110241003126 4.941383527469494 13.0744725709501 8.622060046340323 -0.851852203271138 1.2976370922185523 -2.212140883744309 6.841578145942133
16.472945891783567 16.520267934818964 7.638439121619687 11.113509899657537 9.14558608815355 4.115249073094436 5.532925037941556 20.06017451138345 26.71911860927837 40.60771391330754 22.684701141352928 25.197717647832572 14.479784627689767 18.85623719441726 6.084925815197736 9.054958581922737 25.688117430026622 13.524762292521013 17.332808036133418 7.719695073732673 11.34199855915396 27.220224139453197 4.959497425919555 13.092586469400178 8.640173944790384 -0.8337383048210596 1.3157509906686307 -2.1940269852942484 6.859692044392194
16.53306613226453 16.538322338997613 7.656493525798336 11.131564303836168 9.163640492332199 4.133303477273067 5.550979442120205 20.0782289155621 26.73717301345701 40.625768317486184 22.70275554553157 25.21577205201122 14.497839031868399 18.87429159859591 6.102980219376385 9.073012986101386 25.70617183420526 13.542816696699644 17.35086244031205 7.737749477911322 11.36005296333261 27.238278543631836 4.977551830098204 13.11064087357881 8.658228348969033 -0.8156839006424284 1.333805394847262 -2.1759725811155994 6.877746448570843
16.59318637274549 16.55631761525571 7.674488802056434 11.149559580094284 9.181635768590297 4.151298753531183 5.568974718378303 20.0962241918202 26.75516828971512 40.64376359374429 22.720750821789675 25.23376732826932 14.515834308126514 18.89228687485401 6.120975495634483 9.091008262359484 25.72416711046337 13.56081197295776 17.368857716570165 7.75574475416942 11.378048239590708 27.256273819889945 4.995547106356302 13.128636149836925 8.67622362522713 -0.7976886243843124 1.3518006711053778 -2.1579773048575013 6.895741724828959
16.65330661322645 16.574254134264326 7.692425321065048 11.16749609910288 9.199572287598912 4.16923527253978 5.586911237386918 20.114160710828813 26.773104808723723 40.6617001127529 22.738687340798283 25.251703847277934 14.533770827135111 18.910223393862623 6.138912014643098 9.108944781368098 25.742103629471984 13.578748491966357 17.38679423557878 7.773681273178035 11.395984758599322 27.27421033889855 5.013483625364916 13.14657266884554 8.694160144235745 -0.7797521053757157 1.3697371901139745 -2.140040785848887 6.9136782438375555
16.713426853707414 16.592132249025475 7.710303435826198 11.18537421386403 9.217450402360043 4.187113387300929 5.604789352148067 20.132038825589962 26.790982923484876 40.67957822751405 22.756565455559432 25.269581962039073 14.55164894189626 18.928101508623772 6.156790129404247 9.12682289612923 25.759981744233123 13.596626606727506 17.40467235033991 7.791559387939184 11.413862873360472 27.2920884536597 5.031361740126066 13.164450783606672 8.712038258996895 -0.7618739906145662 1.387615304875124 -2.1221626710877373 6.931556358598705
16.773547094188377 16.609952328024118 7.728123514824841 11.203194292862673 9.235270481358704 4.204933466299572 5.62260943114671 20.149858904588605 26.808803002483515 40.69739830651269 22.774385534558075 25.287402041037726 14.569469020894903 18.945921587622415 6.17461020840289 9.14464297512789 25.777801823231766 13.614446685726149 17.422492429338554 7.809379466937827 11.431682952359115 27.30990853265834 5.049181819124708 13.182270862605314 8.729858337995537 -0.7440539116159235 1.4054353838737668 -2.1043425920890946 6.949376437597348
16.83366733466934 16.62771472296205 7.745885909762773 11.220956687800623 9.253032876296636 4.222695861237522 5.6403718260846425 20.167621299526537 26.826565397421458 40.71516070145063 22.792147929496014 25.305164435975666 14.587231415832854 18.963683982560347 6.192372603340822 9.162405370065823 25.79556421816971 13.632209080664099 17.440254824276504 7.827141861875777 11.449445347297047 27.327670927596284 5.066944214062659 13.200033257543264 8.74762073293347 -0.7262915166779733 1.423197778811717 -2.0865801971511444 6.967138832535298
16.8937875751503 16.645419795117853 7.7635909819185756 11.238661759956425 9.270737948452439 4.240400933393325 5.658076898240445 20.18532637168234 26.84427046957726 40.732865773606434 22.80985300165182 25.322869508131472 14.604936487988656 18.98138905471615 6.210077675496625 9.180110442221626 25.813269290325508 13.649914152819902 17.457959896432307 7.84484693403158 11.46715041945285 27.345375999752086 5.084649286218461 13.217738329699067 8.765325805089272 -0.7085864445221708 1.4409028509675195 -2.068875124995342 6.9848439046911
16.95390781563126 16.66306789117174 7.781239077972462 11.256309856010294 9.288386044506325 4.258049029447193 5.675724994294331 20.202974467736226 26.861918565631136 40.75051386966031 22.827501097705696 25.340517604185347 14.622584584042524 18.999037150770036 6.227725771550511 9.197758538275512 25.830917386379387 13.66756224887377 17.475607992486175 7.862495030085448 11.484798515506736 27.36302409580596 5.102297382272329 13.235386425752935 8.782973901143158 -0.6909383484683025 1.4585509470213878 -2.0512270289414736 7.002492000744969
17.014028056112224 16.68065935858369 7.798830545384394 11.273901323422244 9.305977511918258 4.275640496859143 5.693316461706264 20.22056593514816 26.87951003304308 40.76810533707225 22.845092565117636 25.358109071597287 14.640176051454475 19.01662861818197 6.245317238962444 9.215350005687444 25.84850885379133 13.68515371628572 17.493199459898126 7.880086497497398 11.502389982918668 27.380615563217905 5.11988884968428 13.252977893164886 8.800565368555091 -0.6733468810563521 1.4761424144333382 -2.033635561529523 7.020083468156919
17.074148296593187 16.69819454117553 7.816365727976233 11.291436506014083 9.323512694510097 4.293175679450982 5.710851644298103 20.238101117740015 26.89704521563492 40.7856405196641 22.862627747709478 25.37564425418913 14.657711234046314 19.034163800773808 6.2628524215543 9.232885188279283 25.866044036383176 13.70268889887756 17.510734642489965 7.897621680089237 11.519925165510525 27.398150745809744 5.137424032276119 13.270513075756725 8.818100551146948 -0.655811698464513 1.4936775970251772 -2.016100378937684 7.037618650748758
17.13426853707415 16.71567378763699 7.833844974437714 11.308915752475546 9.34099194097156 4.310654925912445 5.728330890759583 20.255580364201478 26.914524462096388 40.80311976612556 22.880106994170948 25.3931235006506 14.675190480507776 19.051643047235288 6.280331668015763 9.250364434740764 25.88352328284464 13.720168145339022 17.528213888951427 7.9151009265507 11.537404411971988 27.415629992271214 5.1549032787375815 13.287992322218187 8.83557979760841 -0.6383324520030504 1.5111568434866398 -1.9986211324762215 7.055097897210221
17.19438877755511 16.733097431037507 7.851268617838212 11.326339395876062 9.358415584372075 4.328078569312961 5.745754534160081 20.273004007601976 26.931948105496897 40.82054340952607 22.897530637571453 25.410547144051105 14.692614123908292 19.069066690635786 6.297755311416261 9.267788078141262 25.900946926245155 13.737591788739538 17.545637532351943 7.932524569951216 11.554828055372486 27.433053635671723 5.172326922138097 13.305415965618703 8.853003441008926 -0.6209088086025345 1.5285804868871558 -1.9811974890757056 7.072521540610737
17.25450901803607 16.750465805022383 7.868636991823106 11.343707769860938 9.375783958356951 4.345446943297837 5.7631229081449575 20.29037238158687 26.94931647948178 40.837911783510954 22.914899011556333 25.427915518035984 14.709982497893169 19.086435064620662 6.315123685401155 9.285156452126138 25.91831530023003 13.754960162724414 17.56300590633682 7.949892943936092 11.57219642935738 27.450422009656606 5.189695296122974 13.32278433960358 8.870371814993803 -0.6035404346176583 1.545948860872032 -1.9638291150908294 7.089889914595613
17.314629258517034 16.767779251611383 7.885950438412106 11.361021216449956 9.39309740494597 4.362760389886837 5.780436354733975 20.30768582817587 26.96662992607079 40.85522523009996 22.93221245814534 25.44522896462499 14.727295944482169 19.10374851120968 6.332437131990155 9.302469898715156 25.93562874681904 13.772273609313432 17.580319352925837 7.967206390525092 11.58950987594638 27.467735456245617 5.207008742711974 13.340097786192597 8.887685261582803 -0.5862269880286404 1.5632623074610499 -1.9465156685018292 7.107203361184613
17.374749498997996 16.785038097166645 7.903209283967367 11.3782800620052 9.41035625050123 4.380019235442099 5.797695200289237 20.32494467373113 26.98388877162604 40.872484075655215 22.9494713037006 25.462487810180253 14.74455479003743 19.12100735676494 6.349695977545417 9.319728744270417 25.952887592374292 13.789532454868676 17.59757819848108 7.984465236080354 11.606768721501641 27.484994301800867 5.224267588267235 13.357356631747841 8.904944107138064 -0.5689681424733968 1.5805211530162935 -1.9292568229465679 7.124462206739874
17.43486973947896 16.802242668528304 7.920413855329027 11.39548463336686 9.42756082186289 4.397223806803758 5.8148997716508966 20.34214924509279 27.0010933429877 40.889688647016875 22.96667587506226 25.479692381541913 14.76175936139909 19.1382119281266 6.3669005489070765 9.336933315632077 25.970092163735952 13.806737026230335 17.61478276984274 8.001669807442013 11.623973292863301 27.502198873162527 5.241472159628895 13.3745612031095 8.922148678499724 -0.551763571111737 1.5977257243779532 -1.912052251584908 7.141666778101534
17.494989979959918 16.819393291542006 7.937564478342711 11.412635256380561 9.444711444876575 4.41437442981746 5.832050394664581 20.359299868106483 27.018243966001396 40.90683927003057 22.983826498075953 25.496843004555604 14.778909984412792 19.155362551140286 6.384051171920761 9.354083938645761 25.987242786749647 13.823887649244037 17.631933392856443 8.018820430455715 11.641123915876985 27.519349496176222 5.258622782642597 13.391711826123203 8.939299301513408 -0.5346129480980351 1.6148763473916552 -1.8949016285712061 7.158817401115236
17.55511022044088 16.83649028763803 7.954661474438751 11.429732252476601 9.461808440972614 4.4314714259135 5.849147390760621 20.376396864202526 27.035340962097436 40.92393626612661 23.000923494171996 25.513940000651647 14.796006980508832 19.172459547236326 6.4011481680168005 9.371180934741801 26.004339782845683 13.840984645340077 17.649030388952482 8.035917426551755 11.658220911973025 27.536446492272262 5.275719778738637 13.408808822219243 8.956396297609448 -0.5175159520019952 1.631973343487695 -1.8778046324751663 7.175914397211276
17.615230460921843 16.85353397974403 7.971705166544734 11.446775944582583 9.478852133078597 4.448515118019483 5.866191082866603 20.393440556308505 27.05238465420342 40.94097995823259 23.017967186277975 25.530983692757626 14.813050672614814 19.189503239342308 6.418191860122783 9.388224626847784 26.02138347495167 13.85802833744606 17.666074081058465 8.052961118657738 11.675264604079008 27.553490184378244 5.292763470844619 13.425852514325225 8.973439989715448 -0.5004722598960127 1.6490170355936775 -1.8607609403691838 7.192958089317258
17.675350701402806 16.870524683408874 7.988695870209579 11.463766648247429 9.495842836743442 4.465505821684328 5.883181786531448 20.41043125997335 27.069375357868264 40.95797066189744 23.03495788994282 25.54797439642247 14.83004137627966 19.206493943007153 6.435182563787628 9.405215330512629 26.03837417861652 13.875019041110905 17.68306478472331 8.069951822322583 11.69225530774387 27.57048088804309 5.3097541745094645 13.44284321799007 8.990430693380294 -0.4834815562311674 1.6660077392585229 -1.8437702367043385 7.209948792982104
17.73547094188377 16.88746270900717 8.005633895807893 11.480704673845725 9.512780862341739 4.4824438472826245 5.900119812129763 20.42736928557165 27.086313383466567 40.97490868749574 23.05189591554112 25.56491242202077 14.846979401877956 19.22343196860545 6.452120589385943 9.422153356110925 26.055312204214818 13.891957066709201 17.700002810321607 8.08688984792088 11.709193333342167 27.587418913641393 5.326692200107761 13.459781243588367 9.00736871897859 -0.4665435306328709 1.6829457648568193 -1.826832211106042 7.2268868185804
17.795591182364728 16.904348371432985 8.022519558233707 11.497590336271557 9.52966652476757 4.499329509708456 5.917005474555577 20.44425494799747 27.103199045892392 40.99179434992156 23.06878157796695 25.5817980844466 14.863865064303788 19.24031763103128 6.469006251811757 9.439039018536757 26.072197866640643 13.908842729135033 17.71688847274744 8.103775510346694 11.726078995767981 27.604304576067218 5.343577862533575 13.476666906014199 9.024254381404404 -0.4496578682070391 1.6998314272826511 -1.809946548680228 7.243772481006232
