web/models/mosfit_kne/mosfit_kn_1.0000/mosfit_kn_0.001862_0.3433_1.0000.dat
# %ECSV 1.0
# ---
# datatype:
# - {name: time, datatype: float64}
# - {name: PS1_g, datatype: float64}
# - {name: PS1_i, datatype: float64}
# - {name: PS1_r, datatype: float64}
# - {name: PS1_w, datatype: float64}
# - {name: PS1_y, datatype: float64}
# - {name: PS1_z, datatype: float64}
# - {name: swift_uvot_B, datatype: float64}
# - {name: swift_uvot_U, datatype: float64}
# - {name: swift_uvot_uvm2, datatype: float64}
# - {name: swift_uvot_uvw1, datatype: float64}
# - {name: swift_uvot_uvw2, datatype: float64}
# - {name: swift_uvot_V, datatype: float64}
# - {name: johnson_B, datatype: float64}
# - {name: johnson_I, datatype: float64}
# - {name: johnson_R, datatype: float64}
# - {name: johnson_U, datatype: float64}
# - {name: johnson_V, datatype: float64}
# - {name: sdss_g, datatype: float64}
# - {name: sdss_i, datatype: float64}
# - {name: sdss_r, datatype: float64}
# - {name: sdss_u, datatype: float64}
# - {name: sdss_z, datatype: float64}
# - {name: ATLAS_c, datatype: float64}
# - {name: ATLAS_o, datatype: float64}
# - {name: ukirt_H, datatype: float64}
# - {name: ukirt_J, datatype: float64}
# - {name: ukirt_K, datatype: float64}
# - {name: Clear, datatype: float64}
# meta: !!omap
# - comment: [kappa = 1.0, type = rprocess, mass = 0.001861645566637777, velocity = 0.3433333333333334, theta_obs = 0.0, tfloor = 1000.0]
# schema: astropy-2.0
time PS1_g PS1_i PS1_r PS1_w PS1_y PS1_z swift_uvot_B swift_uvot_U swift_uvot_uvm2 swift_uvot_uvw1 swift_uvot_uvw2 swift_uvot_V johnson_B johnson_I johnson_R johnson_U johnson_V sdss_g sdss_i sdss_r sdss_u sdss_z ATLAS_c ATLAS_o ukirt_H ukirt_J ukirt_K Clear
[from data line 147]
8.897795591182364 12.247924657659262 3.366095844459984 6.841166622497816 4.87324281099383 -0.15709420406528452 1.2605817607818537 15.787831234223749 22.446775332118662 36.335370636147836 18.41235786419322 20.92537437067287 10.207441350530047 14.583893917257559 1.8125825380380336 4.782615304763033 21.41577415286691 9.252419015361292 13.060464758973698 3.4473517965729705 7.069655281994258 22.947880862293488 0.687154148759852 8.820243192240458 4.367830667630681 -5.1060815819807805 -2.9565922864910896 -6.466370262453951 2.5873487672324913
8.957915831663327 12.272961027032672 3.3911322138333766 6.866202991871226 4.89827918036724 -0.13205783469187438 1.285618130155246 15.812867603597141 22.47181170149206 36.36040700552123 18.43739423356661 20.95041074004627 10.232477719903457 14.608930286630951 1.837618907411426 4.807651674136426 21.44081052224032 9.277455384734703 13.085501128347108 3.4723881659463807 7.094691651367651 22.972917231666887 0.7121905181332622 8.845279561613868 4.392867037004091 -5.08104521260737 -2.9315559171176795 -6.441333893080541 2.6123851366059014
9.018036072144287 12.297931778973652 3.4161029657743747 6.891173743812207 4.92324993230822 -0.10708708275089407 1.3105888820962264 15.837838355538139 22.49678245343305 36.38537775746222 18.46236498550761 20.975381491987253 10.257448471844437 14.633901038571931 1.862589659352424 4.832622426077406 21.4657812741813 9.302426136675683 13.110471880288088 3.497358917887361 7.119662403308649 22.997887983607875 0.7371612700742425 8.870250313554848 4.4178377889450715 -5.05607446066639 -2.906585165176699 -6.416363141139561 2.6373558885468817
9.07815631262525 12.322816657093743 3.440987843894465 6.916058621932315 4.9481348104283285 -0.08220220463078576 1.3354737602163347 15.86272323365823 22.52166733155315 36.41026263558232 18.4872498636277 21.00026637010735 10.282333349964546 14.65878591669204 1.8874745374725146 4.857507304197514 21.4906661523014 9.327311014795791 13.135356758408196 3.5222437960074515 7.144547281428739 23.022772861727976 0.762046148194333 8.895135191674957 4.442722667065162 -5.031189582546282 -2.881700287056591 -6.39147826301947 2.66224076666699
9.138276553106213 12.34761571114749 3.465786897948213 6.940857675986063 4.972933864482076 -0.05740315057703782 1.3602728142700826 15.887522287711977 22.546466385606898 36.43506168963607 18.512048917681447 21.0250654241611 10.307132404018276 14.683584970745788 1.9122735915262625 4.882306358251262 21.515465206355145 9.352110068849539 13.160155812461944 3.5470428500611995 7.169346335482487 23.047571915781724 0.786845202248081 8.919934245728705 4.46752172111891 -5.006390528492534 -2.856901233002843 -6.3666792089657225 2.6870398207207202
9.198396793587174 12.372329203104382 3.490500389905087 6.965571167942937 4.99764735643895 -0.03268965862016415 1.384986306226974 15.912235779668869 22.57117987756378 36.45977518159295 18.53676240963834 21.049778916117983 10.331845895975167 14.708298462702661 1.936987083483154 4.907019850208136 21.54017869831203 9.376823560806413 13.184869304418818 3.571756342018091 7.1940598274393786 23.072285407738605 0.8115586942049724 8.944647737685578 4.492235213075801 -4.98167703653566 -2.8321877410459693 -6.341965717008831 2.7117533126776117
9.258517034068136 12.396957403081359 3.5151285898820817 6.9901993679199315 5.022275556415945 -0.008061458643169317 1.4096145062039511 15.936863979645846 22.595808077540767 36.48440338156994 18.561390609615316 21.074407116094967 10.356474095952162 14.732926662679656 1.961615283460131 4.931648050185131 21.564806898289014 9.401451760783408 13.209497504395813 3.596384541995068 7.218688027416356 23.096913607715592 0.8361868941819495 8.969275937662573 4.5168634130527785 -4.957048836558665 -2.8075595410689744 -6.317337517031854 2.7363815126545887
9.318637274549097 12.421500576767954 3.539671763568677 7.014742541606509 5.04681873010254 0.01648171504340823 1.4341576798905464 15.961407153332441 22.620351251227355 36.50894655525652 18.58593378330191 21.098950289781563 10.38101726963874 14.757469836366251 1.9861584571467263 4.956191223871726 21.589350071975602 9.425994934469985 13.23404067808239 3.6209277156816633 7.243231201102951 23.12145678140218 0.8607300678685448 8.99381911134915 4.541406586739374 -4.932505662872088 -2.783016367382397 -6.292794343345259 2.760924686341184
9.37875751503006 12.445958989492762 3.5641301762934674 7.039200954331317 5.071277142827331 0.04094012776821643 1.4586160926153369 15.98586556605725 22.644809663952152 36.53340496798133 18.61039219602672 21.123408702506364 10.405475682363548 14.781928249091042 2.0106168698715345 4.9806496365965165 21.61380848470041 9.450453347194793 13.258499090807199 3.6453861284064715 7.267689613827759 23.145915194126978 0.885188480593353 9.018277524073959 4.565864999464182 -4.90804725014728 -2.7585579546575887 -6.2683359306204505 2.7853830990659922
9.438877755511022 12.470332909088224 3.588504095888929 7.063574873926779 5.095651062422792 0.06531404736367818 1.4829900122107986 16.010239485652694 22.669183583547614 36.557778887576795 18.63476611562218 21.147782622101825 10.42984960195901 14.806302168686504 2.0349907894669785 5.005023556191978 21.638182404295872 9.474827266790255 13.28287301040266 3.6697600480019332 7.292063533423221 23.17028911372244 0.9095624001888147 9.04265144366942 4.590238919059644 -4.883673330551818 -2.734184035062127 -6.243962011024989 2.809757018661454
9.498997995991983 12.494622601617191 3.612793788417914 7.087864566455746 5.1199407549517595 0.08960373989264525 1.5072797047397835 16.03452917818168 22.69347327607659 36.58206858010576 18.659055808151148 21.172072314630793 10.454139294487977 14.830591861215488 2.0592804819959634 5.029313248720945 21.66247209682484 9.499116959319222 13.307162702931628 3.6940497405309003 7.316353225952188 23.194578806251414 0.9338520927177818 9.066941136198388 4.614528611588611 -4.859383638022851 -2.70989434253316 -6.219672318496022 2.834046711190421
9.559118236472946 12.518828334456185 3.6369995212569073 7.112070299294739 5.1441464877907705 0.11380947273163855 1.5314854375787768 16.05873491102067 22.71767900891558 36.606274312944755 18.68326154099014 21.196278047469793 10.47834502732697 14.854797594054482 2.0834862148349567 5.053518981559956 21.686677829663843 9.523322692158215 13.33136843577062 3.7182554733698936 7.340558958791181 23.218784539090407 0.9580578255567751 9.091146869037399 4.638734344427604 -4.8351779051838575 -2.6856886096941666 -6.195466585657028 2.8582524440294144
9.619238476953907 12.542950377737103 3.661121564537808 7.136192342575658 5.168268531071671 0.13793151601255715 1.5556074808596776 16.082856954301572 22.741801052196493 36.630396356225674 18.707383584271053 21.220400090750704 10.502467070607889 14.878919637335382 2.1076082581158575 5.077641024840857 21.71079987294475 9.547444735439134 13.35549047905154 3.742377516650812 7.3646810020721 23.24290658237132 0.9821798688376937 9.1152689123183 4.662856387708523 -4.811055861902939 -2.661566566413248 -6.17134454237611 2.882374487310333
9.67935871743487 12.566989003755591 3.6851601905563136 7.160230968594146 5.192307157090177 0.16197014203104487 1.579646106878183 16.106895580320078 22.765839678214988 36.65443498224416 18.731422210289548 21.2444387167692 10.526505696626376 14.902958263353888 2.131646884134363 5.101679650859363 21.73483849896325 9.571483361457622 13.379529105070027 3.7664161426693 7.388719628090588 23.266945208389814 1.0062184948561814 9.139307538336805 4.6868950137270105 -4.787017235884451 -2.6375279403947602 -6.147305916357622 2.9064131133288207
9.739478957915832 12.590944481289377 3.7091156680900816 7.1841864461279314 5.216262634623945 0.18592561956483067 1.603601584411951 16.130851057853864 22.789795155748777 36.67839045977795 18.755377687823323 21.268394194302974 10.550461174160162 14.926913740887656 2.155602361668149 5.125635128393131 21.758793976497024 9.595438838991408 13.403484582603813 3.7903716202030857 7.412675105624373 23.290900685923603 1.0301739723899672 9.163263015870573 4.710850491260796 -4.763061758350665 -2.6135724628609744 -6.123350438823836 2.9303685908626065
9.799599198396793 12.614817085320968 3.732988272121691 7.208059050159523 5.240135238655554 0.20979822359642242 1.6274741884435606 16.154723661885455 22.813667759780365 36.702263063809546 18.779250291854925 21.292266798334577 10.574333778191754 14.950786344919266 2.1794749656997405 5.14950773242474 21.782666580528627 9.619311443023017 13.427357186635422 3.8142442242346775 7.436547709655965 23.31477328995519 1.054046576421559 9.187135619902183 4.734723095292388 -4.739189154319074 -2.5896998588293827 -6.0994778347922445 2.9542411948941982
9.859719438877756 12.638607093046978 3.7567782798476834 7.231849057885533 5.263925246381547 0.23358823132243245 1.651264196169553 16.178513669611448 22.83745776750637 36.72605307153554 18.803040299580925 21.316056806060576 10.598123785917764 14.974576352645258 2.203264973425733 5.1732977401507325 21.80645658825462 9.64310145074901 13.451147194361415 3.8380342319606875 7.460337717381957 23.338563297681194 1.077836584147569 9.210925627628175 4.758513103018398 -4.715399146593064 -2.5659098511033727 -6.0756878270662344 2.9780312026202083
9.919839679358716 12.662314777477288 3.780485964278011 7.255556742315861 5.287632930811874 0.2572959157527599 1.6749718805998803 16.202221354041775 22.861165451936696 36.749760755965866 18.826747984011245 21.339764490490897 10.621831470348091 14.998284037075585 2.2269726578560602 5.19700542458106 21.830164272684947 9.666809135179337 13.474854878791742 3.861741916390997 7.484045401812285 23.36227098211152 1.1015442685778787 9.234633312058502 4.782220787448708 -4.691691462162736 -2.542202166673045 -6.051980142635925 3.001738887050518
9.97995991983968 12.685940419979893 3.8041116067806158 7.279182384818466 5.311258573314479 0.28092155825534704 1.6985975231024852 16.22584699654438 22.8847910944393 36.773386398468475 18.85037362651385 21.3633901329935 10.645457112850679 15.02190967957819 2.250598300358665 5.220631067083665 21.853789915187548 9.690434777681942 13.498480521294347 3.885367558893602 7.50767104431489 23.385896624614126 1.1251699110804836 9.258258954561107 4.805846429951313 -4.668065819660131 -2.5185765241704403 -6.02835450013332 3.025364529553123
10.040080160320642 12.709484301210132 3.827655488010855 7.302726266048687 5.334802454544718 0.30446543948558613 1.7221414043327243 16.24939087777462 22.908334975669533 36.796930279698714 18.87391750774409 21.38693401422374 10.669000994080918 15.04545356080843 2.2741421815889042 5.244174948313904 21.877333796417787 9.71397865891218 13.522024402524586 3.908911440123841 7.531214925545129 23.40944050584436 1.1487137923107227 9.281802835791346 4.829390311181552 -4.644521938429892 -2.495032642940219 -6.004810618903081 3.048908410783362
10.100200400801603 12.732946705365613 3.851117892166336 7.326188670204186 5.358264858700199 0.32792784364108485 1.7456038084882053 16.2728532819301 22.93179737982502 36.820392683854195 18.89737991189958 21.41039641837922 10.692463398236416 15.06891596496391 2.297604585744385 5.267637352469385 21.900796200573268 9.737441063067662 13.545486806680067 3.932373844279322 7.55467732970061 23.432902909999846 1.1721761964662036 9.305265239946827 4.852852715337033 -4.621059534274411 -2.4715702387847203 -5.9813482147476 3.072370814938843
10.160320641282565 12.756327916551982 3.8744991033526865 7.349569881390536 5.38164606988655 0.3513090548274356 1.768985019674556 16.29623449311647 22.95517859101137 36.84377389504055 18.920761123085928 21.43377762956558 10.715844609422767 15.092297176150261 2.3209857969307537 5.291018563655736 21.92417741175963 9.760822274254012 13.568868017866418 3.9557550554656906 7.578058540886978 23.456284121186197 1.1955574076525721 9.328646451133178 4.876233926523401 -4.5976783230880605 -2.4481890275983695 -5.957967003561231 3.0957520261252114
10.220440881763526 12.779628220330377 3.8977994071310818 7.372870185168932 5.404946373664945 0.3746093586058308 1.7922853234529512 16.319534796894846 22.978478894789767 36.86707419881894 18.944061426864327 21.457077933343978 10.739144913201162 15.115597479928656 2.344286100709131 5.314318867434131 21.947477715538025 9.784122578032408 13.592168321644813 3.979055359244086 7.601358844665356 23.479584424964592 1.2188577114309673 9.351946754911573 4.899534230301796 -4.574378019309665 -2.4248887238199743 -5.934666699782836 3.1190523299036066
10.280561122244489 12.802847905703079 3.9210190925038013 7.396089870541633 5.428166059037665 0.3978290439785326 1.8155050088256708 16.342754482267566 23.001698580162476 36.89029388419166 18.967281112237036 21.480297618716687 10.762364598573864 15.138817165301376 2.3675057860818507 5.33753855280685 21.970697400910737 9.807342263405127 13.615388007017533 4.002275044616788 7.624578530038075 23.5028041103373 1.2420773968036691 9.375166440284293 4.922753915674498 -4.5511583339369635 -2.4016690384472725 -5.911447014410134 3.1422720152763084
10.34068136272545 12.825987264553653 3.944158451354358 7.419229229392208 5.451305417888221 0.4209684028291072 1.8386443676762276 16.365893841118123 23.024837939013043 36.91343324304221 18.9904204710876 21.50343697756725 10.785503957424439 15.161956524151933 2.3906451449324075 5.360677911657407 21.993836759761294 9.830481622255684 13.63852736586809 4.025414403467362 7.647717888888632 23.52594346918787 1.2652167556542437 9.39830579913485 4.945893274525055 -4.528018975086389 -2.378529679596698 -5.88830765555956 3.165411374126883
10.400801603206412 12.84904658941338 3.9672177762141025 7.442288554251935 5.474364742747948 0.4440277276888338 1.861703692535972 16.388953165977867 23.047897263872777 36.93649256790195 19.013479795947337 21.526496302426988 10.808563282284165 15.185015849011677 2.413704469792152 5.383737236517152 22.016896084621028 9.85354094711541 13.661586690727816 4.048473728327089 7.6707772137483765 23.549002794047603 1.2882760805139704 9.421365123994576 4.968952599384799 -4.504959650226662 -2.3554703547369713 -5.865248330699833 3.1884706989866096
10.460921843687375 12.872026176295943 3.990197363096666 7.465268141134498 5.497344329630529 0.4670073145713971 1.8846832794185353 16.41193275286043 23.07087685075534 36.95947215478452 19.0364593828299 21.54947588930955 10.831542869166729 15.20799543589424 2.436684056674715 5.406716823399715 22.0398756715036 9.876520533997974 13.684566277610397 4.071453315209652 7.69375680063094 23.571982380930166 1.3112556673965337 9.444344710877157 4.991932186267363 -4.481980063344099 -2.332490767854408 -5.84226874381727 3.211450285869173
10.521042084168336 12.894926321568168 4.0130975083688725 7.488168286406722 5.520244474902736 0.4899074598436215 1.907583424690742 16.434832898132637 23.093776996027557 36.98237230005673 19.059359528102117 21.57237603458177 10.854443014438953 15.230895581166447 2.459584201946922 5.429616968671922 22.062775816775815 9.899420679270198 13.707466422882604 4.0943534604818765 7.716656945903146 23.594882526202383 1.334155812668758 9.467244856149364 5.014832331539587 -4.4590799180718745 -2.3095906225821836 -5.819368598545045 3.2343504311413973
10.581162324649299 12.917761179291958 4.0359323660926805 7.5110031441305125 5.543079332626526 0.5127423175674117 1.93041828241455 16.457667755856445 23.11661185375136 37.005207157780525 19.082194385825915 21.595210892305566 10.877277872162743 15.253730438890255 2.48241905967073 5.45245182639573 22.085610674499605 9.922255536993989 13.730301280606394 4.117188318205667 7.739491803626954 23.617717383926184 1.3569906703925483 9.490079713873154 5.037667189263377 -4.436245060348084 -2.2867557648583934 -5.796533740821255 3.2571852888651875
