web/models/mosfit_kne/mosfit_kn_1.0000/mosfit_kn_0.001000_0.0927_1.0000.dat
# %ECSV 1.0
# ---
# datatype:
# - {name: time, datatype: float64}
# - {name: PS1_g, datatype: float64}
# - {name: PS1_i, datatype: float64}
# - {name: PS1_r, datatype: float64}
# - {name: PS1_w, datatype: float64}
# - {name: PS1_y, datatype: float64}
# - {name: PS1_z, datatype: float64}
# - {name: swift_uvot_B, datatype: float64}
# - {name: swift_uvot_U, datatype: float64}
# - {name: swift_uvot_uvm2, datatype: float64}
# - {name: swift_uvot_uvw1, datatype: float64}
# - {name: swift_uvot_uvw2, datatype: float64}
# - {name: swift_uvot_V, datatype: float64}
# - {name: johnson_B, datatype: float64}
# - {name: johnson_I, datatype: float64}
# - {name: johnson_R, datatype: float64}
# - {name: johnson_U, datatype: float64}
# - {name: johnson_V, datatype: float64}
# - {name: sdss_g, datatype: float64}
# - {name: sdss_i, datatype: float64}
# - {name: sdss_r, datatype: float64}
# - {name: sdss_u, datatype: float64}
# - {name: sdss_z, datatype: float64}
# - {name: ATLAS_c, datatype: float64}
# - {name: ATLAS_o, datatype: float64}
# - {name: ukirt_H, datatype: float64}
# - {name: ukirt_J, datatype: float64}
# - {name: ukirt_K, datatype: float64}
# - {name: Clear, datatype: float64}
# meta: !!omap
# - comment: [kappa = 1.0, type = rprocess, mass = 0.001, velocity = 0.09266666666666673, theta_obs = 0.0, tfloor = 1000.0]
# schema: astropy-2.0
time PS1_g PS1_i PS1_r PS1_w PS1_y PS1_z swift_uvot_B swift_uvot_U swift_uvot_uvm2 swift_uvot_uvw1 swift_uvot_uvw2 swift_uvot_V johnson_B johnson_I johnson_R johnson_U johnson_V sdss_g sdss_i sdss_r sdss_u sdss_z ATLAS_c ATLAS_o ukirt_H ukirt_J ukirt_K Clear
[from data line 294]
17.73547094188377 12.146814583716399 3.2649857705171037 6.7400565485549535 4.772132737050967 -0.25820427800814727 1.1594716868389732 15.686721160280868 22.34566525817579 36.23426056220497 18.311247790250338 20.824264296729996 10.106331276587184 14.482783843314678 1.711472464095153 4.681505230820153 21.314664078924046 9.15130894141843 12.959354685030835 3.3462417226301078 6.968545208051378 22.846770788350614 0.5860440748169893 8.719133118297595 4.266720593687818 -5.207191655923643 -3.0577023604339524 -6.567480336396814 2.4862386932896285
17.795591182364728 12.155714219520082 3.2738854063208045 6.7489561843586365 4.781032372854668 -0.24930464220446424 1.168371322642674 15.695620796084569 22.35456489397948 36.24316019800865 18.32014742605404 20.83316393253369 10.115230912390867 14.491683479118379 1.7203720998988539 4.690404866623854 21.32356371472773 9.160208577222113 12.968254320834518 3.355141358433791 6.9774448438550785 22.855670424154304 0.5949437106206723 8.728032754101278 4.275620229491501 -5.19829202011996 -3.0488027246302694 -6.558580700593131 2.4951383290933116
17.85571142284569 12.164605103333628 3.2827762901343505 6.7578470681722 4.789923256668214 -0.24041375839091828 1.17726220645622 15.704511679898115 22.36345577779303 36.25205108182221 18.329038309867585 20.842054816347236 10.124121796204413 14.500574362931925 1.7292629837123998 4.6992957504373996 21.332454598541283 9.169099461035676 12.977145204648082 3.3640322422473368 6.986335727668624 22.864561307967854 0.6038345944342183 8.736923637914842 4.284511113305047 -5.1894011363063965 -3.0399118408167056 -6.549689816779585 2.5040292129068575
17.915831663326653 12.173483865283288 3.2916550520840104 6.76672583012186 4.798802018617874 -0.23153499644124054 1.18614096840588 15.713390441847775 22.372334539742695 36.26092984377187 18.337917071817245 20.850933578296896 10.133000558154091 14.509453124881585 1.7381417456620598 4.7081745123870595 21.341333360490943 9.177978222985336 12.986023966597742 3.3729110041969967 6.995214489618284 22.87344006991752 0.6127133563838782 8.745802399864502 4.293389875254707 -5.180522374356737 -3.0310330788670456 -6.540811054829925 2.5129079748565175
17.975951903807616 12.182353980516734 3.3005251673174563 6.775595945355288 4.807672133851302 -0.22266488120781247 1.1950110836393257 15.72226055708122 22.38120465497613 36.269799959005304 18.34678718705069 20.859803693530335 10.141870673387519 14.518323240115013 1.7470118608955056 4.717044627620488 21.35020347572438 9.186848338218764 12.99489408183117 3.3817811194304426 7.00408460485173 22.882310185150956 0.6215834716173241 8.75467251509793 4.302259990488153 -5.1716522591233085 -3.0221629636336176 -6.531940939596479 2.5217780900899633
18.036072144288575 12.191214406823736 3.3093855936244587 6.7844563716623085 4.816532560158322 -0.21380445490079225 1.2038715099463282 15.731120983388223 22.390065081283144 36.278660385312314 18.355647613357693 20.86866411983735 10.15073109969454 14.527183666422033 1.755872287202508 4.725905053927508 21.359063902031394 9.195708764525785 13.00375450813819 3.390641545737445 7.012945031158733 22.89117061145797 0.6304438979243443 8.76353294140495 4.311120416795156 -5.162791832816288 -3.0133025373265974 -6.523080513289459 2.5306385163969836
18.096192384769537 12.200065192470042 3.3182363792707648 6.793307157308597 4.82538334580461 -0.20495366925450398 1.2127222955926342 15.739971769034529 22.398915866929443 36.287511170958616 18.364498399004 20.87751490548365 10.159581885340828 14.536034452068339 1.7647230728488141 4.734755839573814 21.36791468767769 9.204559550172073 13.012605293784478 3.399492331383751 7.021795816805039 22.90002139710427 0.6392946835706326 8.772383727051238 4.319971202441462 -5.15394104717 -3.004451751680309 -6.514229727643171 2.539489302043272
18.1563126252505 12.208906394883208 3.3270775816839127 6.8021483597217625 4.834224548217776 -0.19611246684133832 1.2215634980057821 15.748812971447677 22.407757069342598 36.29635237337178 18.373339601417165 20.886356107896805 10.168423087753993 14.544875654481487 1.7735642752619798 4.743597041986962 21.376755890090855 9.213400752585239 13.021446496197644 3.4083335337969167 7.030637019218204 22.908862599517423 0.6481358859837982 8.781224929464404 4.328812404854627 -5.145099844756834 -2.9956105492671434 -6.505388525230005 2.5483305044564375
18.216432865731463 12.217738070720063 3.3359092575207683 6.810980035558618 4.8430562240546315 -0.1872807910044827 1.2303951738426377 15.757644647284533 22.416588745179453 36.30518404920863 18.382171277254002 20.895187783733665 10.177254763590849 14.553707330318343 1.7823959510988177 4.752428717823817 21.38558756592771 9.222232428422094 13.0302781720345 3.4171652096337723 7.039468695055042 22.91769427535428 0.6569675618206539 8.79005660530126 4.337644080691483 -5.136268168919979 -2.986778873430288 -6.49655684939315 2.557162180293293
18.276553106212425 12.226560280613672 3.3447314674143946 6.819802245452227 4.85187843394824 -0.1784585811108741 1.239217383736264 15.766466857178159 22.42541095507307 36.31400625910224 18.39099348714763 20.904009993627273 10.186076973484457 14.562529540211969 1.791218160992444 4.761250927717426 21.39440977582132 9.231054638315703 13.039100381928108 3.425987419527381 7.048290904948669 22.926516485247895 0.6657897717142625 8.798878815194868 4.3464662905850915 -5.12744595902637 -2.977956663536679 -6.487734639499541 2.5659843901869017
18.336673346693384 12.235373071156346 3.3535442579570685 6.8286150359949005 4.860691224490914 -0.16964579056820028 1.248030174278938 15.775279647720833 22.434223745615746 36.32281904964491 18.399806277690303 20.912822784169954 10.194889764027131 14.571342330754643 1.8000309515351178 4.7700637182601175 21.403222566363993 9.239867428858377 13.047913172470782 3.4348002100700548 7.057103695491342 22.935329275790572 0.6746025622569363 8.807691605737542 4.355279081127765 -5.118633168483696 -2.9691438729940054 -6.478921848956867 2.5747971807295755
18.396793587174347 12.24417649746707 3.3623476842677924 6.837418462305642 4.869494650801656 -0.16084236425747633 1.2568336005896619 15.784083074031557 22.443027171926467 36.33162247595565 18.408609704001027 20.921626210480678 10.203693190337855 14.580145757065367 1.8088343778458418 4.7788671445708415 21.412025992674728 9.248670855169118 13.056716598781524 3.4436036363807787 7.065907121802066 22.944132702101292 0.6834059885676602 8.816495032048284 4.364082507438489 -5.109829742172955 -2.9603404466832814 -6.470118422646143 2.5836006070402995
18.45691382765531 12.252970605856497 3.3711417926572196 6.846212570695052 4.878288759191083 -0.15204825586804915 1.265627708979089 15.792877182420984 22.451821280315897 36.34041658434507 18.417403812390454 20.930420318870105 10.212487298727282 14.588939865454794 1.817628486235269 4.787661252960269 21.42082010106415 9.257464963558528 13.06551070717095 3.452397744770206 7.0747012301914936 22.952926810490723 0.6922000969570874 8.825289140437711 4.372876615827916 -5.101035633783545 -2.9515463382938543 -6.461324314256716 2.5923947154297267
18.517034068136272 12.26175544633021 3.379926633130932 6.854997411168764 4.887073599664795 -0.14326341539433685 1.2744125494528014 15.801662022894696 22.460606120789606 36.34920142481878 18.426188652864166 20.939205159343818 10.221272139200995 14.597724705928506 1.8264133267089813 4.796446093433981 21.429604941537868 9.26624980403224 13.074295547644663 3.461182585243918 7.083486070665206 22.961711650964432 0.7009849374307997 8.834073980911423 4.381661456301629 -5.092250793309833 -2.942761497820142 -6.452539473783004 2.601179555903439
18.577154308617235 12.27053106385629 3.388702250657012 6.863773028694862 4.895849217190875 -0.13448779786825682 1.2831881669788814 15.810437640420776 22.469381738315697 36.35797704234487 18.434964270390246 20.947980776869898 10.230047756727075 14.606500323454586 1.8351889442350613 4.805221710960061 21.438380559063944 9.275025421558338 13.083071165170743 3.4699582027699982 7.092261688191286 22.970487268490523 0.7097605549568797 8.842849598437503 4.390437073827709 -5.083475175783735 -2.933985880294044 -6.443763856256924 2.609955173429519
18.637274549098194 12.279297503141677 3.3974686899424 6.872539467980232 4.9046156564762455 -0.1257213585828687 1.2919546062642695 15.819204079706164 22.478148177601078 36.366743481630245 18.443730709675634 20.956747216155275 10.238814196012463 14.615266762739957 1.8439553835204494 4.813988150245431 21.447146998349325 9.283791860843708 13.091837604456114 3.4787246420553863 7.101028127476674 22.979253707775904 0.7185269942422678 8.851616037722874 4.399203513113097 -5.074708736498365 -2.925219441008674 -6.434997416971536 2.618721612714907
18.697394789579157 12.288054799410126 3.406225986210849 6.881296764248681 4.9133729527446945 -0.11696406231441969 1.3007119025327185 15.827961375974613 22.486905473869527 36.3755007778987 18.452488005944083 20.965504512423724 10.247571492280912 14.624024059008423 1.8527126797888984 4.82274544651388 21.455904294617774 9.292549157112157 13.100594900724563 3.4874819383238354 7.109785423745123 22.988011004044353 0.7272842905107169 8.860373333991323 4.407960809381546 -5.065951440229916 -2.916462144740225 -6.426240120703087 2.627478908983356
18.75751503006012 12.296802998202185 3.414974185002908 6.890044963040758 4.922121151536771 -0.10821586352234291 1.3094601013247775 15.836709574766672 22.495653672661593 36.38424897669076 18.461236204736142 20.9742527112158 10.256319691072989 14.632772257800482 1.8614608785809574 4.831493645305957 21.464652493409844 9.301297355904234 13.10934309951664 3.4962301371158944 7.118533622537182 22.99675920283642 0.7360324893027759 8.8691215327834 4.416709008173605 -5.057203241437839 -2.907713945948148 -6.417491921911028 2.636227107775433
18.817635270541082 12.30554213578161 3.4237133225823158 6.898784100620166 4.930860289116179 -0.09947672594293522 1.3181992389041852 15.84544871234608 22.504392810241 36.392988114270175 18.46997534231555 20.982991848795212 10.265058828652396 14.64151139537989 1.8702000161603651 4.840232782885365 21.47339163098926 9.310036493483642 13.118082237096047 3.50496927469532 7.12727276011659 23.005498340415826 0.7447716268822013 8.877860670362807 4.42544814575303 -5.048464103858431 -2.8989748083687403 -6.408752784331602 2.6449662453548406
18.877755511022045 12.314272252504654 3.432443439305377 6.907514217343209 4.939590405839223 -0.09074660921989164 1.3269293556272466 15.854178829069141 22.51312292696405 36.401718230993225 18.47870545903861 20.991721965518256 10.27378894537544 14.650241512102934 1.8789301328834265 4.848962899608408 21.482121747712302 9.318766610206685 13.12681235381909 3.5136993914183634 7.136002876839651 23.014228457138877 0.7535017436052449 8.88659078708585 4.434178262476074 -5.039733987135388 -2.8902446916456968 -6.4000226676085585 2.653696362077884
18.937875751503004 12.322993380509004 3.441164567309727 6.916235345347577 4.94831153384359 -0.08202548121554187 1.3356504836315963 15.862899957073491 22.521844054968412 36.410439358997586 18.48742658704296 21.000443093522613 10.28251007337979 14.658962640107301 1.8876512608877762 4.857684027612776 21.49084287571666 9.327487738211053 13.135533481823458 3.522420519422713 7.144724004844001 23.022949585143238 0.7622228716095947 8.895311915090218 4.442899390480424 -5.03101285913102 -2.881523563641329 -6.391301539604209 2.662417490082234
18.997995991983966 12.331705550910641 3.4498767377113637 6.9249475157492135 4.957023704245227 -0.07331331081388726 1.3443626540332332 15.871612127475128 22.53055622537005 36.41915152939922 18.496138757444598 21.00915526392426 10.291222243781444 14.667674810508938 1.896363431289413 4.866396198014413 21.499555046118296 9.33619990861269 13.144245652225095 3.53113268982435 7.153436175245638 23.031661755544874 0.7709350420112315 8.904024085491855 4.451611560882061 -5.022300688729383 -2.8728113932396924 -6.382589369202572 2.6711296604838886
19.05811623246493 12.340408799701343 3.458579986502066 6.933650764539916 4.965726953035929 -0.06461006202318487 1.3530659028239356 15.88031537626583 22.53925947416075 36.427854778189925 18.5048420062353 21.01785851271495 10.299925492572147 14.67637805929964 1.9050666800801155 4.875099446805115 21.508258294908998 9.344903157403392 13.152948901015797 3.5398359386150524 7.16213942403634 23.040365004335577 0.7796382908019339 8.912727334282557 4.460314809672763 -5.013597439938681 -2.86410814444899 -6.3738861204118695 2.679832909274573
19.118236472945892 12.34910315683356 3.4672743436342657 6.9423451216721155 4.974421310168129 -0.055915704890985296 1.3617602599561351 15.889009733398048 22.54795383129295 36.43654913532213 18.513536363367518 21.026552869847162 10.308619849704346 14.68507241643184 1.9137610372123328 4.883793803937315 21.51695265204121 9.353597514535592 13.161643258147997 3.5485302957472697 7.170833781168557 23.049059361467776 0.7883326479341513 8.921421691414757 4.46900916680498 -5.004903082806481 -2.8554137873167904 -6.365191763279652 2.6885272664067905
19.178356713426854 12.35778864892362 3.4759598357243426 6.951030613762175 4.983106802258206 -0.0472302128009261 1.370445752046212 15.897695225488107 22.556639323383017 36.44523462741219 18.522221855457577 21.03523836193723 10.317305341794405 14.693757908521917 1.922446529302392 4.892479296027392 21.525638144131268 9.36228300662565 13.170328750238056 3.557215787837329 7.179519273258617 23.057744853557843 0.7970181400242105 8.930107183504816 4.4776946588950395 -4.996217590716422 -2.846728295226731 -6.356506271189593 2.6972127584968497
19.238476953907814 12.366465306989198 3.484636493789921 6.959707271827753 4.9917834603237665 -0.03855355473534772 1.3791224101117905 15.906371883553685 22.5653159814486 36.453911285477766 18.530898513523155 21.043915020002796 10.325981999859984 14.702434566587495 1.9311231873679704 4.901155954092952 21.534314802196846 9.37095966469123 13.179005408303635 3.5658924459029073 7.188195931324195 23.066421511623425 0.8056947980897888 8.938783841570395 4.486371316960618 -4.987540932650844 -2.838051637161153 -6.347829613124015 2.705889416562428
19.298597194388776 12.375133155812588 3.4933043426133104 6.968375120651142 5.000451309147156 -0.029885705911958382 1.3877902589351798 15.915039732377075 22.573983830271985 36.46257913430116 18.539566362346545 21.05258286882619 10.334649848683373 14.711102415410885 1.9397910361913597 4.909823802916342 21.542982651020235 9.379627513514619 13.187673257127024 3.5745602947262967 7.196863780147584 23.07508936044681 0.8143626469131782 8.947451690393784 4.495039165784007 -4.978873083827454 -2.8293837883377635 -6.339161764300625 2.7145572653858174
19.35871743486974 12.38379222287195 3.5019634096726726 6.977034187710522 5.009110376206536 -0.02122663885257836 1.396449325994542 15.923698799436437 22.582642897331358 36.47123820136053 18.548225429405907 21.061241935885565 10.343308915742753 14.719761482470247 1.948450103250722 4.918482869975722 21.55164171807961 9.388286580573999 13.196332324186404 3.583219361785659 7.205522847206947 23.083748427506183 0.8230217139725404 8.956110757453164 4.5036982328433695 -4.970214016768074 -2.8207247212783835 -6.330502697241263 2.7232163324451975
