web/models/mosfit_kne/mosfit_kn_1.0000/mosfit_kn_0.002817_0.1397_1.0000.dat
# %ECSV 1.0
# ---
# datatype:
# - {name: time, datatype: float64}
# - {name: PS1_g, datatype: float64}
# - {name: PS1_i, datatype: float64}
# - {name: PS1_r, datatype: float64}
# - {name: PS1_w, datatype: float64}
# - {name: PS1_y, datatype: float64}
# - {name: PS1_z, datatype: float64}
# - {name: swift_uvot_B, datatype: float64}
# - {name: swift_uvot_U, datatype: float64}
# - {name: swift_uvot_uvm2, datatype: float64}
# - {name: swift_uvot_uvw1, datatype: float64}
# - {name: swift_uvot_uvw2, datatype: float64}
# - {name: swift_uvot_V, datatype: float64}
# - {name: johnson_B, datatype: float64}
# - {name: johnson_I, datatype: float64}
# - {name: johnson_R, datatype: float64}
# - {name: johnson_U, datatype: float64}
# - {name: johnson_V, datatype: float64}
# - {name: sdss_g, datatype: float64}
# - {name: sdss_i, datatype: float64}
# - {name: sdss_r, datatype: float64}
# - {name: sdss_u, datatype: float64}
# - {name: sdss_z, datatype: float64}
# - {name: ATLAS_c, datatype: float64}
# - {name: ATLAS_o, datatype: float64}
# - {name: ukirt_H, datatype: float64}
# - {name: ukirt_J, datatype: float64}
# - {name: ukirt_K, datatype: float64}
# - {name: Clear, datatype: float64}
# meta: !!omap
# - comment: [kappa = 1.0, type = rprocess, mass = 0.0028172691138521437, velocity = 0.13966666666666672, theta_obs = 0.0, tfloor = 1000.0]
# schema: astropy-2.0
time PS1_g PS1_i PS1_r PS1_w PS1_y PS1_z swift_uvot_B swift_uvot_U swift_uvot_uvm2 swift_uvot_uvw1 swift_uvot_uvw2 swift_uvot_V johnson_B johnson_I johnson_R johnson_U johnson_V sdss_g sdss_i sdss_r sdss_u sdss_z ATLAS_c ATLAS_o ukirt_H ukirt_J ukirt_K Clear
[from data line 204]
12.324649298597194 10.362299159869686 1.4804703466704083 4.95554112470824 2.987617313204254 -2.0427197018548604 -0.6250437370077222 13.902205736434173 20.561149834329086 34.44974513835826 16.526732366403643 19.039748872883294 8.321815852740471 12.698268419467983 -0.07304295975154229 2.8969898069734574 19.530148655077333 7.366793517571717 11.174839261184122 1.5617262987833946 5.184029784204682 21.062255364503912 -1.1984713490297239 6.934617694450882 2.482205169841105 -6.991707079770356 -4.842217784280665 -8.351995760243527 0.7017232694429154
12.384769539078157 10.3730657403751 1.491236927175823 4.966307705213655 2.9983838937096685 -2.0319531213494457 -0.6142771565023075 13.912972316939587 20.571916414834497 34.46051171886367 16.537498946909057 19.05051545338871 8.332582433245886 12.709034999973397 -0.06227637924612761 2.907756387478872 19.540915235582748 7.377560098077132 11.185605841689537 1.5724928792888093 5.194796364710097 21.073021945009323 -1.1877047685243092 6.945384274956297 2.49297175034652 -6.980940499264942 -4.83145120377525 -8.341229179738113 0.7124898499483301
12.444889779559118 10.383787939259363 1.5019591260600684 4.977029904097918 3.0091060925939317 -2.0212309224651825 -0.6035549576180621 13.923694515823833 20.582638613718753 34.47123391774793 16.54822114579332 19.06123765227296 8.343304632130149 12.719757198857643 -0.051554180361882196 2.9184785863631175 19.55163743446701 7.388282296961395 11.1963280405738 1.5832150781730725 5.20551856359436 21.08374414389358 -1.176982569640046 6.95610647384056 2.503693949230783 -6.970218300380679 -4.820729004890987 -8.33050698085385 0.7232120488325933
12.50501002004008 10.394466362540093 1.5126375493407984 4.987708327378648 3.0197845158746617 -2.0105524991844526 -0.5928765343373321 13.934372939104563 20.593317036999483 34.48191234102867 16.558899569074033 19.07191607555369 8.353983055410879 12.730435622138373 -0.04087575708115221 2.9291570096438475 19.56231585774774 7.398960720242125 11.20700646385453 1.5938935014538025 5.216196986875072 21.09442256717431 -1.166304146359316 6.96678489712129 2.514372372511513 -6.959539877099949 -4.810050581610257 -8.31982855757312 0.7338904721133233
12.565130260521041 10.405101608886564 1.5232727956872871 4.998343573725137 3.0304197622211504 -1.9999172528379638 -0.5822412879908434 13.945008185451051 20.603952283345972 34.49254758737514 16.56953481542052 19.08255132190018 8.364618301757368 12.741070868484861 -0.030240510734663495 2.9397922559903362 19.572951104094223 7.409595966588614 11.217641710201018 1.6045287478002912 5.226832233221561 21.105057813520798 -1.1556689000128273 6.9774201434677785 2.525007618857984 -6.94890463075346 -4.7994153352637685 -8.30919331122663 0.744525718459812
12.625250501002004 10.415697367588077 1.533868554388782 5.008939332426632 3.0410155209226453 -1.989321494136469 -0.5716455292893485 13.955603944152546 20.614548042047467 34.50314334607665 16.580130574122034 19.09314708060168 8.375214060458863 12.751666627186356 -0.01964475203315086 2.950388014691831 19.583546862795725 7.420191725290109 11.228237468902513 1.615124506501786 5.237427991923074 21.115653572222293 -1.1450731413113324 6.988015902169273 2.5356033775594966 -6.938308872051965 -4.788819576562274 -8.298597552525136 0.7551214771613068
12.685370741482965 10.426245487093535 1.5444166738942577 5.01948745193209 3.0515636404281032 -1.978773374631011 -0.5610974097838728 13.966152063658022 20.625096161552932 34.513691465582106 16.590678693627492 19.103695200107143 8.38576217996432 12.762214746691832 -0.009096632527692883 2.960936134197307 19.594094982301183 7.430739844795567 11.238785588407971 1.625672626007244 5.247976111428532 21.126201691727758 -1.1345250218058744 6.998564021674731 2.5461514970649546 -6.927760752546507 -4.778271457056816 -8.288049433019678 0.7656695966667648
12.745490981963927 10.436754293985793 1.5549254807865154 5.029996258824347 3.0620724473203786 -1.9682645677387534 -0.5505886028916152 13.97666087055028 20.635604968445193 34.52420027247437 16.60118750051975 19.1142040069994 8.396270986856578 12.77272355358409 0.0014121743645647555 2.9714449410895645 19.60460378919344 7.4412486516878245 11.249294395300229 1.6361814328995017 5.258484918320789 21.13671049862002 -1.1240162149136168 7.009072828566989 2.556660303957212 -6.917251945654249 -4.767762650164558 -8.27754062612742 0.7761784035590225
12.80561122244489 10.447222643444878 1.5653938302456005 5.04046460828345 3.072540796779464 -1.9577962182796504 -0.54012025343253 13.987129220009365 20.646073317904285 34.534668621933456 16.611655849978835 19.124672356458493 8.406739336315681 12.783191903043175 0.011880523823649902 2.9819132905486496 19.615072138652536 7.451717001146927 11.259762744759332 1.6466497823585868 5.2689532677798745 21.14717884807911 -1.1135478654545317 7.019541178026092 2.5671286534162974 -6.9067835961951465 -4.757294300705455 -8.267072276668335 0.7866467530181254
12.86573146292585 10.45765079919514 1.5758219859958444 5.050892764033694 3.0829689525297077 -1.9473680625294065 -0.5296920976822861 13.997557375759609 20.65650147365453 34.5450967776837 16.62208400572908 19.13510051220874 8.417167492065925 12.793620058793419 0.02230867957389382 2.9923414462988935 19.625500294402777 7.462145156897171 11.270190900509576 1.6570779381088485 5.279381423530118 21.157607003829355 -1.10311970970427 7.029969333776336 2.5775568091665413 -6.896355440444903 -4.746866144955211 -8.256644120918073 0.7970749087683693
12.925851703406813 10.46803927360294 1.5862104604036453 5.061281238441495 3.0933574269375086 -1.9369795881216056 -0.5193036232744852 14.00794585016741 20.66688994806233 34.55548525209151 16.632472480136897 19.145488986616538 8.427555966473726 12.80400853320122 0.032697153981694704 3.0027299207066944 19.635888768810588 7.472533631304972 11.280579374917377 1.6674664125166494 5.289769897937937 21.167995478237156 -1.092731235296469 7.040357808184137 2.58794528357436 -6.885966966037102 -4.73647767054741 -8.246255646510273 0.8074633831761702
12.985971943887774 10.478388621942027 1.5965598087427502 5.071630586780582 3.1037067752766134 -1.9266302397825186 -0.5089542749353804 14.018295198506515 20.677239296401424 34.565834600430605 16.642821828475984 19.155838334955636 8.437905314812813 12.814357881540325 0.04304650232079954 3.0130792690457993 19.646238117149686 7.482882979644059 11.290928723256481 1.6778157608557365 5.300119246277024 21.17834482657625 -1.082381886957382 7.0507071565232415 2.598294631913447 -6.875617617698015 -4.726128322208323 -8.235906298171185 0.8178127315152572
13.046092184368737 10.488699399000598 1.6068705858013033 5.081941363839153 3.1140175523351665 -1.9163194627239477 -0.49864349787682727 14.028605975565068 20.687550073459988 34.57614537748916 16.653132605534537 19.1661491120142 8.448216091871384 12.824668658598878 0.05335727937935264 3.0233900461043524 19.656548894208235 7.49319375670263 11.301239500315035 1.6881265379143073 5.310430023335577 21.188655603634814 -1.0720711098988112 7.061017933581795 2.608605408972 -6.865306840639444 -4.715817545149752 -8.225595521112615 0.8281235085738281
13.1062124248497 10.498972156955144 1.6171433437558491 5.092214121793699 3.1242903102897124 -1.9060467047694019 -0.4883707399222814 14.038878733519613 20.697822831414534 34.58641813544371 16.663405363489083 19.176421869968745 8.45848884982593 12.834941416553423 0.06363003733389849 3.033662804058898 19.666821652162792 7.503466514657176 11.31151225826958 1.6983992958688532 5.320702781290123 21.19892836158936 -1.0617983519442653 7.0712906915363405 2.6188781669265637 -6.855034082684898 -4.7055447871952065 -8.215322763158069 0.838396266528374
13.16633266533066 10.509207436712309 1.6273786235130139 5.102449401550864 3.134525590046877 -1.895811425012237 -0.47813546016511665 14.049114013276796 20.70805811117171 34.59665341520088 16.673640643246266 19.186657149725907 8.468724129583094 12.845176696310588 0.07386531709108102 3.043898083816063 19.677056931919957 7.513701794414341 11.321747538026745 1.708634575626018 5.330938061047306 21.209163641346535 -1.0515630721871005 7.081525971293505 2.6291134466837285 -6.844798802927733 -4.695309507438042 -8.205087483400904 0.8486315462855387
13.226452905811623 10.519405782017106 1.6375769688178288 5.112647746855679 3.144723935351692 -1.88561307970744 -0.46793711486030176 14.059312358581593 20.718256456476503 34.606851760505684 16.683838988551063 19.196855495030714 8.478922474887892 12.855375041615403 0.08406366239587815 3.054096429120878 19.687255277224764 7.523900139719156 11.33194588333156 1.718832920930815 5.341136406352103 21.21936198665133 -1.0413647268823034 7.09172431659832 2.6393117919885256 -6.834600457622918 -4.685111162133245 -8.194889138096107 0.8588298915903358
13.286573146292584 10.52956772735092 1.6477389141516419 5.122809692189474 3.1548858806854874 -1.8754511343736269 -0.45777516952648867 14.069474303915406 20.728418401810316 34.61701370583949 16.694000933884876 19.20701744036452 8.489084420221705 12.865536986949216 0.09422560772969124 3.064258374454673 19.697417222558567 7.534062085052951 11.342107828665355 1.7289948662646282 5.351298351685916 21.229523931985142 -1.0312027815484903 7.1018862619321155 2.6494737373223387 -6.824438512289123 -4.6749492167994315 -8.184727192762294 0.8689918369241489
13.346693386773547 10.539693802068104 1.6578649888688268 5.132935766906659 3.16501195540269 -1.865325059656442 -0.4476490948093037 14.079600378632591 20.7385444765275 34.62713978055668 16.70412700860206 19.217143515081712 8.49921049493889 12.875663061666401 0.1043516824468762 3.074384449171876 19.707543297275762 7.544188159770136 11.352233903382558 1.7391209409818131 5.361424426403101 21.239650006702327 -1.0210767068313054 7.112012336649318 2.6595998120395237 -6.814312437571938 -4.664823142082247 -8.174601118045109 0.8791179116413339
13.40681362725451 10.549784528628017 1.6679557154287394 5.1430264934665715 3.1751026819626027 -1.8552343330965293 -0.4375583682493911 14.089691105192504 20.748635203087417 34.63723050711659 16.714217735161974 19.227234241641625 8.509301221498802 12.885753788226314 0.11444240900678881 3.0844751757317885 19.717634023835664 7.5542788863300485 11.362324629942453 1.7492116675417257 5.371515152963013 21.249740733262243 -1.0109859802713927 7.122103063209213 2.6696905385994363 -6.804221711012025 -4.654732415522334 -8.164510391485196 0.8892086382012465
13.46693386773547 10.559840425144067 1.6780116119447896 5.1530823899826395 3.185158578478653 -1.845178436580479 -0.4275024717333409 14.099747001708554 20.758691099603467 34.64728640363265 16.724273631678024 19.237290138157675 8.519357118014852 12.895809684742364 0.12449830552283903 3.0945310722478387 19.72768992035172 7.5643347828461165 11.372380526458521 1.759267564057776 5.381571049479064 21.259796629778293 -1.0009300837553425 7.132158959725281 2.6797464351154865 -6.794165814495957 -4.644676519006284 -8.154454494969146 0.8992645347172967
13.527054108216433 10.569862003580077 1.6880331903808 5.16310396841865 3.195180156914663 -1.8351568581444688 -0.4174808932973306 14.109768580144564 20.768712678039485 34.65730798206866 16.734295210114034 19.247311716593686 8.529378696450863 12.905831263178374 0.13451988395884928 3.104552650683849 19.737711498787732 7.574356361282127 11.382402104894531 1.7692891424937862 5.391592627915074 21.26981820821431 -0.9909085053193323 7.142180538161291 2.6897680135514968 -6.784144236059947 -4.634654940570256 -8.144432916533136 0.909286113153307
13.587174348697394 10.579849770899354 1.698020957700077 5.173091735737927 3.2051679242339404 -1.8251690908251739 -0.4074931259780534 14.119756347463841 20.778700445358762 34.66729574938793 16.74428297743331 19.25729948391297 8.539366463770158 12.915819030497651 0.14450765127812648 3.114540418003126 19.747699266107013 7.584344128601404 11.392389872213808 1.7792769098130812 5.401580395234351 21.279805975533588 -0.9809207380000373 7.1521683054805685 2.699755780870774 -6.77415646874067 -4.6246671732509785 -8.13444514921384 0.919273880472602
13.647294589178356 10.58980422924897 1.7079754160496918 5.183046194087542 3.215122382583555 -1.8152146324755591 -0.3975386676284387 14.129710805813456 20.788654903708377 34.67725020773755 16.754237435782926 19.267253942262577 8.549320922119772 12.925773488847266 0.1544621096277412 3.124494876352741 19.757653724456624 7.594298586951019 11.402344330563423 1.7892313681626781 5.411534853583966 21.289760433883202 -0.9709662796504404 7.162122763830183 2.7097102392203887 -6.764202010391055 -4.614712714901364 -8.124490690864244 0.9292283388222167
13.707414829659317 10.599725871914742 1.7178970587154652 5.192967836753297 3.2250440252493284 -1.8052929898098036 -0.38761702496266537 14.13963244847923 20.798576546374143 34.68717185040331 16.7641590784487 19.27717558492835 8.559242564785528 12.93569513151304 0.16438375229351454 3.1344165190185143 19.76757536712239 7.604220229616774 11.412265973229179 1.7991530108284515 5.421456496249739 21.29968207654897 -0.961044636984667 7.172044406495939 2.719631881886162 -6.7542803677253 -4.604791072235608 -8.11456904819847 0.9391499814879722
13.76753507014028 10.609615188194184 1.7277863749949063 5.202857153032738 3.2349333415287695 -1.7954036735303625 -0.37772770868322425 14.14952176475867 20.808465862653584 34.69706116668275 16.77404839472814 19.287064901207792 8.569131881064969 12.94558444779248 0.17427306857295566 3.1443058352979554 19.77746468340184 7.614109545896215 11.422155289508638 1.8090423271078926 5.43134581252918 21.30957139282841 -0.9511553207052259 7.181933722775398 2.729521198165603 -6.7443910514458585 -4.594901755956167 -8.10467973191903 0.9490392977674134
13.827655310621243 10.61947266318283 1.7376438499835523 5.212714628021384 3.2447908165174155 -1.7855461985417165 -0.3678702336945783 14.159379239747317 20.818323337642227 34.70691864167141 16.783905869716786 19.296922376196438 8.578989356053615 12.955441922781127 0.18413054356160163 3.1541633102866014 19.787322158390488 7.623967020884861 11.432012764497284 1.8188998020965386 5.441203287517826 21.319428867817052 -0.9412978457165799 7.191791197764044 2.739378673154249 -6.7345335764572125 -4.585044280967521 -8.094822256930383 0.9588967727560593
13.887775551102203 10.629298774249385 1.7474699610501077 5.2225407390879575 3.254616927583971 -1.775720087475161 -0.3580441226280229 14.169205350813872 20.828149448708793 34.71674475273797 16.793731980783342 19.306748487262993 8.58881546712017 12.965268033847682 0.19395665462815703 3.1639894213531568 19.79714826945704 7.6337931319514345 11.441838875563839 1.828725913163094 5.451029398584382 21.32925497888362 -0.9314717346500245 7.201617308830599 2.7492047842208045 -6.724707465390639 -4.575218169900948 -8.084996145863828 0.9687228838226147
13.947895791583166 10.639093994628137 1.7572651814288598 5.232335959466692 3.264412147962723 -1.765924867096409 -0.34824890224927074 14.179000571192624 20.837944669087534 34.726539973116715 16.803527201162094 19.316543707641745 8.598610687498923 12.975063254226434 0.20375187500690917 3.173784641731909 19.806943489835795 7.643588352330187 11.451634095942591 1.838521133541846 5.460824618963134 21.33905019926236 -0.9216765142712724 7.211412529209351 2.7590000045995566 -6.714912245011905 -4.565422949522214 -8.075200925485076 0.9785181042013669
