web/models/mosfit_kne/mosfit_kn_1.0000/mosfit_kn_0.002817_0.3277_1.0000.dat
# %ECSV 1.0
# ---
# datatype:
# - {name: time, datatype: float64}
# - {name: PS1_g, datatype: float64}
# - {name: PS1_i, datatype: float64}
# - {name: PS1_r, datatype: float64}
# - {name: PS1_w, datatype: float64}
# - {name: PS1_y, datatype: float64}
# - {name: PS1_z, datatype: float64}
# - {name: swift_uvot_B, datatype: float64}
# - {name: swift_uvot_U, datatype: float64}
# - {name: swift_uvot_uvm2, datatype: float64}
# - {name: swift_uvot_uvw1, datatype: float64}
# - {name: swift_uvot_uvw2, datatype: float64}
# - {name: swift_uvot_V, datatype: float64}
# - {name: johnson_B, datatype: float64}
# - {name: johnson_I, datatype: float64}
# - {name: johnson_R, datatype: float64}
# - {name: johnson_U, datatype: float64}
# - {name: johnson_V, datatype: float64}
# - {name: sdss_g, datatype: float64}
# - {name: sdss_i, datatype: float64}
# - {name: sdss_r, datatype: float64}
# - {name: sdss_u, datatype: float64}
# - {name: sdss_z, datatype: float64}
# - {name: ATLAS_c, datatype: float64}
# - {name: ATLAS_o, datatype: float64}
# - {name: ukirt_H, datatype: float64}
# - {name: ukirt_J, datatype: float64}
# - {name: ukirt_K, datatype: float64}
# - {name: Clear, datatype: float64}
# meta: !!omap
# - comment: [kappa = 1.0, type = rprocess, mass = 0.0028172691138521437, velocity = 0.32766666666666666, theta_obs = 0.0, tfloor = 1000.0]
# schema: astropy-2.0
time PS1_g PS1_i PS1_r PS1_w PS1_y PS1_z swift_uvot_B swift_uvot_U swift_uvot_uvm2 swift_uvot_uvw1 swift_uvot_uvw2 swift_uvot_V johnson_B johnson_I johnson_R johnson_U johnson_V sdss_g sdss_i sdss_r sdss_u sdss_z ATLAS_c ATLAS_o ukirt_H ukirt_J ukirt_K Clear
[from data line 29]
1.8036072144288577 -0.7375613020458616 -6.6241177635285275 -4.338863370069621 -5.276469707304088 -8.842546569924501 -7.973459740147391 1.6007583636454725 5.640798839358787 16.252838435055597 5.058990992597945 7.052003733465334 -2.239001445998821 1.028675958625392 -7.74560150486603 -5.508421147204133 5.039870539452245 -2.676946383180529 -0.1941002873397224 -6.571732864501421 -4.229561118060676 6.247002023592163 -8.275449178225287 -2.823878381165841 -5.778989226373579 -11.691546846831232 -10.49514649974501 -12.364342537570073 -6.57251020612815
1.8637274549098195 -0.031310585929862356 -6.167890283961128 -3.7824289073489403 -4.8015252508864315 -8.495417410891815 -7.581128294546051 2.4067208964924705 6.661531949694162 17.578320329475986 5.816129393267335 7.837776753779796 -1.579854637230398 1.7897795027005399 -7.324402024715005 -5.016317670853952 6.027308880774072 -2.052607822229164 0.5348928907314843 -6.112867928712102 -3.6642502115724085 7.259571182965825 -7.9028311587417654 -2.226316874410479 -5.304298910543128 -11.517110507678277 -10.241942704399277 -12.24616055674934 -6.175311673063977
1.9238476953907815 0.6708576197875082 -5.713274458013267 -3.2287514314855947 -4.32965024685112 -8.148851709333087 -7.189672043616202 3.2078186513345743 7.676080622115311 18.887009549166592 6.564031149538074 8.617355084489585 -0.9237909680288617 2.544876727701602 -6.904681868617298 -4.528237700392393 7.0084774293127765 -1.4325231237764922 1.2595504241441446 -5.6556738071333434 -3.1015449079565194 8.266029828182155 -7.531410472904163 -1.6325537039941729 -4.832581423475606 -11.342188044061901 -9.988794768704652 -12.127241636345454 -5.781413373155964
1.9839679358717435 1.370791628276109 -5.259114575368002 -2.6763987077525186 -3.859499922914953 -7.8019713791582745 -6.798101271632078 4.006135318487577 8.687072597736716 20.183179385663777 7.305137242082225 9.392987220349816 -0.26915759359494446 3.2960119454659913 -6.485368264807231 -4.042851871027573 7.98589914853056 -0.8151018892940851 1.9817772896028885 -5.19898930564759 -2.5400080727879093 9.268945375651967 -7.160244137206977 -1.0409519239578202 -4.362536758975821 -11.166297033113269 -9.735042442575919 -12.0072158862391 -5.389621699344556
2.0440881763527052 2.0694901675798327 -4.804819956182289 -2.1246168620499972 -3.390338758691236 -7.4543428086490415 -6.40591987907321 4.802798027276233 9.69594066844028 21.469483219249387 8.040911932206143 10.165937778829278 0.3849113880984298 4.044311908054198 -6.065915921451249 -3.5594474617248943 8.960940920509433 -0.1995095815918699 2.702603265521777 -4.742221278012941 -1.97888865335333 10.269704708139589 -6.788863726615446 -0.4506149587445307 -3.893463307832601 -10.989216189612135 -9.480369625956014 -11.885917156361375 -4.999275104569527
2.1042084168336674 2.7677300287373185 -4.349941295592021 -1.5728249615398937 -2.9215958448264523 -7.1056415404908435 -6.012753727781757 5.598684942530693 10.703803768122775 22.748093369887496 8.772531862110196 10.937194012842358 1.0390820585946579 4.790660288088194 -5.645911336088495 -3.0774716455950406 9.93466764071841 0.41489416489566966 3.4228290785399196 -4.284918788342562 -1.417609655212857 11.269387640671287 -6.416918759321302 0.13915582411218708 -3.42481598212812 -10.810787685153167 -9.224543969066568 -11.763229760021028 -4.60985986164415
2.164328657314629 3.4661189356332045 -3.8941362723754835 -1.0205732713915694 -2.4528253905417507 -6.755625477935361 -5.618320853658201 6.39448454062875 11.711541140955575 24.020802342431274 9.500954463609759 11.707533385716143 1.6938687287538265 5.535755653608284 -5.225040615653223 -2.5964923521411913 10.90791392130847 1.0286027364310992 4.143080908568777 -3.8267385097108786 -0.8557261211936051 12.268839780811156 -6.0441477502520335 0.7289082197643815 -2.9561685636620005 -10.63090097806725 -8.967395924738087 -11.63907547062548 -4.220974435626275
2.224448897795591 4.165835592707037 -3.4366667646188986 -0.46694636850164173 -1.9831893232620246 -6.40373514269454 -5.22198844484528 7.191530240996657 12.720834212941377 25.290323696300764 10.227692196968778 12.478339153410932 2.350330636359998 6.280896586096386 -4.802620759741486 -2.115671350957993 11.88229166894346 1.6426187330285937 4.864571716053039 -3.366939653645442 -0.29231892616691013 13.269705561922489 -5.669956488529415 1.319674199438623 -2.486697847777517 -10.449258245091444 -8.708509310425095 -11.513232859085639 -3.8318896751546383
2.284569138276553 4.865367896627202 -2.9786212254163047 0.08680216724627599 -1.5137282095535731 -6.050862922342368 -4.82473314535282 7.988120342697628 13.729574090353136 26.55459618592263 10.951446314400073 13.248039189877755 3.006994425626874 7.024528036413123 -4.3796711010259335 -1.6360820519372623 12.855748362054705 2.2555625012535634 5.585746129658453 -2.9066162389395878 0.27132803853659127 14.269871812195696 -5.295281915467367 1.9101778376583312 -2.017454793329012 -10.266411242382423 -8.448590365979703 -11.386133871174378 -3.4434714608581807
2.344689378757515 5.566200214645356 -2.519042454392615 0.641842159210384 -1.0433974710387872 -5.6962716131467594 -4.42572662760039 8.785934189365488 14.739868541600103 27.816738360125125 11.673995904604979 14.018327598041417 3.66521720343395 7.768267505445415 -3.9553037731501837 -1.1566642172068355 13.830311707454602 2.8687157909956467 6.308130770386402 -2.4448074619488125 0.8363936504757596 15.271411042115997 -4.919344055244288 2.501706568954525 -1.5474028358926084 -10.081955074504608 -8.187083081413478 -11.257475459449696 -3.0548208163755497
2.4048096192384767 6.268427738794777 -2.0579145331702264 1.1982246612158498 -0.572123170677763 -5.339971587369092 -4.024969494727415 9.585084169854923 15.751868123331931 29.07737791523894 12.395659640365011 14.789370773710178 4.325050115891684 8.512257569652398 -3.5295081206499033 -0.6773449144892687 14.806117382541036 3.4821311650314284 7.031822874721243 -1.9814980690290973 1.4029207708704838 16.274455951453568 -4.542151786763942 3.094355509567297 -1.0764733524850278 -9.89592157703356 -7.924008966117222 -11.127290383161037 -2.665863847545431
2.464929859719439 6.972126453941421 -1.5952306051621257 1.7559879938379197 -0.09984632954795458 -4.981979284447853 -3.6224696119260003 10.385661250572412 16.765694639760298 30.337057846714156 13.11671859948861 15.561307772482419 4.986529617641035 9.25661898396125 -3.1022816028091347 -0.19806245234897513 15.783274722366023 4.09584804100039 7.756899650994953 -1.5166818859745135 1.970939766086648 17.279112565817183 -4.163720621291507 3.688201480038966 -0.6046107307117055 -9.708344678615466 -7.659393158821464 -10.995613028602216 -2.276540583812583
2.5250501002004007 7.677353212357989 -1.1309932042719062 2.3151575042601813 0.37347744346847733 -4.622317598510257 -3.2182424833066747 11.187734978957245 17.781441421463775 31.596241242211246 13.837417659125801 16.33425145474417 5.649677217868418 10.00145082601875 -2.673630121110132 0.28123338973545775 16.76186685513147 4.709892548643107 8.483418380842647 -1.0503621400489571 2.540468241432432 18.28546029669811 -3.784073016112224 4.283303353765451 -0.13177239822081077 -9.519260677757282 -7.393264790765793 -10.862479560112346 -1.886804437159153
2.5851703406813624 7.934266831381862 -0.9475619818174152 2.5275087962204346 0.559584984716448 -4.470752030342684 -3.0530760654955458 11.474173407946349 18.13311750584127 32.02171280987044 14.098700037915819 16.61171654439547 5.893783524252647 10.270236090980159 -2.501075288239366 0.46895747848563407 17.10211632658951 4.938761189083912 8.746806932696316 -0.8663060297044289 2.7559974557168587 18.634223036016095 -3.6265036775175474 4.506585365963076 0.0541728413532816 -9.419739408258161 -7.270250112768471 -10.78002808873135 -1.7263090590449082
2.6452905811623246 7.992986894285714 -0.8888419189135632 2.586228859124269 0.6183050476203 -4.412031967438832 -2.9943560025916938 11.532893470850201 18.19183756874512 32.080432872774296 14.157420100819671 16.670436607299322 5.952503587156499 10.328956153884011 -2.442355225335514 0.5276775413894861 17.16083638949336 4.997481251987746 8.805526995600168 -0.8075859668005769 2.8147175186207107 18.692943098919947 -3.5677836146136954 4.565305428866928 0.11289290425713361 -9.361019345354327 -7.211530049864637 -10.721308025827499 -1.6675889961410562
2.7054108216432864 8.050181350043779 -0.8316474631554982 2.6434233148823516 0.6754995033783651 -4.354837511680749 -2.9371615468336287 11.590087926608266 18.249032024503187 32.13762732853236 14.214614556577736 16.727631063057387 6.009698042914581 10.386150609642076 -2.385160769577449 0.5848719971475511 17.218030845251445 5.054675707745829 8.862721451358233 -0.7503915110425119 2.8719119743787758 18.750137554678012 -3.5105891588556304 4.622499884624993 0.17008736001519864 -9.303824889596244 -7.154335594106554 -10.664113570069434 -1.6103945403829911
2.7655310621242486 8.106127700979595 -0.7757011122196822 2.6993696658181676 0.7314458543141811 -4.298891160744951 -2.8812151958978127 11.646034277544082 18.304978375439003 32.19357367946817 14.270560907513552 16.783577413993203 6.06564439385038 10.442096960577892 -2.329214418641633 0.6408183480833671 17.273977196187243 5.110622058681645 8.918667802294049 -0.6944451601066959 2.927858325314592 18.80608390561383 -3.4546428079198144 4.678446235560809 0.22603371095101465 -9.247878538660428 -7.098389243170738 -10.608167219133618 -1.554448189447175
2.8256513026052104 8.160870464029415 -0.7209583491698623 2.7541124288679697 0.7861886173640009 -4.244148397695131 -2.826472432847993 11.700777040593902 18.359721138488823 32.248316442518 14.325303670563372 16.838320177043023 6.1203871569001995 10.496839723627712 -2.274471655591813 0.695561111133187 17.328719959237063 5.1653648217314645 8.973410565343869 -0.639702397056876 2.9826010883644116 18.86082666866365 -3.3999000448699945 4.733188998610629 0.2807764740008345 -9.193135775610626 -7.043646480120936 -10.553424456083798 -1.4997054263973553
2.885771543086172 8.214458849510144 -0.6673699636891328 2.8077008143486992 0.8397770028447304 -4.1905600122144016 -2.7728840473672633 11.754365426074632 18.413309523969552 32.301904827998726 14.378892056044101 16.891908562523753 6.173975542380929 10.550428109108442 -2.2208832701110834 0.7491494966139165 17.382308344717792 5.218953207212176 9.026998950824598 -0.5861140115761465 3.036189473845141 18.914415054144378 -3.346311659389265 4.7867773840913586 0.334364859481564 -9.139547390129897 -6.990058094640206 -10.499836070603068 -1.4461170409166257
2.9458917835671343 8.266942495688188 -0.6148863175110897 2.8601844605267424 0.8922606490227558 -4.138076366036358 -2.72040040118922 11.806849072252675 18.465793170147577 32.35438847417676 14.431375702222144 16.944392208701796 6.226459188558972 10.602911755286485 -2.1683996239330403 0.8016331427919596 17.434791990895835 5.271436853390219 9.079482597002624 -0.5336303653981034 3.0886731200231843 18.966898700322403 -3.293828013211222 4.839261030269384 0.38684850565960716 -9.087063743951854 -6.937574448462163 -10.447352424425025 -1.3936333947385826
3.006012024048096 8.31836881544536 -0.5634599977539168 2.9116107802839153 0.9436869687799465 -4.0866500462791855 -2.6689740814320473 11.858275392009848 18.517219489904768 32.405814793933935 14.482802021979317 16.99581852845897 6.277885508316145 10.654338075043658 -2.1169733041758674 0.8530594625491326 17.48621831065301 5.322863173147392 9.130908916759815 -0.48220404564093045 3.140099439780357 19.018325020079594 -3.242401693454049 4.890687350026575 0.4382748254167801 -9.03563742419468 -6.88614812870499 -10.395926104667852 -1.3422070749814097
3.066132264529058 8.368782982141916 -0.5130458310573616 2.9620249469804705 0.9941011354764839 -4.03623587958263 -2.618559914735492 11.908689558706403 18.567633656601306 32.45622896063049 14.533216188675873 17.046232695155524 6.3282996750127 10.704752241740213 -2.066559137479312 0.9034736292456877 17.536632477349563 5.3732773398439475 9.181323083456352 -0.43178987894437526 3.1905136064769124 19.06873918677613 -3.1919875267574938 4.941101516723112 0.4886889921133353 -8.985223257498125 -6.835733962008435 -10.345511937971297 -1.2917929082848545
3.12625250501002 8.418227270690952 -0.4636015425083251 3.011469235529507 1.0435454240255204 -3.986791591033594 -2.5691156261864556 11.95813384725544 18.617077945150342 32.50567324917952 14.582660477224909 17.09567698370456 6.377743963561737 10.754196530289232 -2.0171148489302757 0.9529179177947065 17.5860767658986 5.422721628392984 9.230767372005388 -0.3823455903953388 3.239957895025949 19.118183475325168 -3.1425432382084573 4.9905458052721485 0.5381332806623718 -8.935778968949089 -6.7862896734593985 -10.29606764942226 -1.242348619735818
3.186372745490982 8.466752185800637 -0.41507662739865836 3.0599941506391914 1.092070339135205 -3.9382666759239093 -2.520590711076789 12.006658762365106 18.665602860260027 32.55419816428921 14.631185392334594 17.144201898814227 6.426268878671421 10.802721445398916 -1.968589933820609 1.001442832904391 17.634601681008284 5.4712465435026685 9.279292287115073 -0.3338206752856543 3.2884828101356156 19.166708390434852 -3.094018323098773 5.039070720381833 0.5866581957720562 -8.887254053839404 -6.737764758349714 -10.247542734312576 -1.1938237046261335
3.2464929859719436 8.514366098480544 -0.36746271471875147 3.1076080633190983 1.1396842518151118 -3.8906527632440024 -2.472976798396882 12.054272675045013 18.713216772939933 32.601812076969104 14.678799305014483 17.191815811494134 6.473882791351328 10.850335358078823 -1.920976021140702 1.0490567455842978 17.68221559368819 5.518860456182575 9.32690619979498 -0.2862067626057474 3.3360967228155225 19.21432230311476 -3.046404410418866 5.08668463306174 0.6342721084519631 -8.839640141159498 -6.690150845669807 -10.19992882163267 -1.1462097919462266
3.306613226452906 8.561125830911376 -0.3207029822879015 3.1543677957499483 1.1864439842459618 -3.8438930308131702 -2.426217065966032 12.101032407475863 18.759976505370783 32.648571809399954 14.725559037445333 17.238575543924984 6.52064252378216 10.897095090509673 -1.8742162887098521 1.0958164780151478 17.72897532611904 5.565620188613425 9.37366593222583 -0.2394470301749152 3.3828564552463725 19.26108203554561 -2.9996446779880337 5.13344436549259 0.6810318408827953 -8.792880408728648 -6.643391113238957 -10.153169089201837 -1.0994500595153944
3.3667334669338675 8.607061220403889 -0.27476759279538854 3.2003031852424435 1.232379373738457 -3.7979576413206573 -2.380281676473519 12.146967796968376 18.80591189486328 32.69450719889246 14.771494426937846 17.284510933417497 6.566577913274673 10.943030480002168 -1.8282808992173392 1.141751867507643 17.774910715611536 5.6115555781059205 9.419601321718325 -0.19351164068240223 3.4287918447388854 19.307017425038104 -2.9537092884955207 5.179379754985085 0.7269672303753083 -8.746945019236152 -6.597455723746462 -10.107233699709324 -1.0535146700228815
3.4268537074148293 8.65220195182765 -0.2296268613716279 3.245443916666222 1.2775201051622354 -3.752816909896879 -2.3351409450497584 12.192108528392136 18.851052626287057 32.73964793031623 14.816635158361606 17.329651664841258 6.611718644698452 10.988171211425946 -1.7831401677935785 1.1868925989314214 17.820051447035315 5.656696309529699 9.464742053142103 -0.1483709092586416 3.473932576162646 19.352158156461883 -2.9085685570717423 5.2245204864088635 0.7721079617990689 -8.701804287812374 -6.5523149923226836 -10.062092968285546 -1.008373938599103
