web/models/mosfit_kne/mosfit_kn_1.0000/mosfit_kn_0.018177_0.1240_1.0000.dat
# %ECSV 1.0
# ---
# datatype:
# - {name: time, datatype: float64}
# - {name: PS1_g, datatype: float64}
# - {name: PS1_i, datatype: float64}
# - {name: PS1_r, datatype: float64}
# - {name: PS1_w, datatype: float64}
# - {name: PS1_y, datatype: float64}
# - {name: PS1_z, datatype: float64}
# - {name: swift_uvot_B, datatype: float64}
# - {name: swift_uvot_U, datatype: float64}
# - {name: swift_uvot_uvm2, datatype: float64}
# - {name: swift_uvot_uvw1, datatype: float64}
# - {name: swift_uvot_uvw2, datatype: float64}
# - {name: swift_uvot_V, datatype: float64}
# - {name: johnson_B, datatype: float64}
# - {name: johnson_I, datatype: float64}
# - {name: johnson_R, datatype: float64}
# - {name: johnson_U, datatype: float64}
# - {name: johnson_V, datatype: float64}
# - {name: sdss_g, datatype: float64}
# - {name: sdss_i, datatype: float64}
# - {name: sdss_r, datatype: float64}
# - {name: sdss_u, datatype: float64}
# - {name: sdss_z, datatype: float64}
# - {name: ATLAS_c, datatype: float64}
# - {name: ATLAS_o, datatype: float64}
# - {name: ukirt_H, datatype: float64}
# - {name: ukirt_J, datatype: float64}
# - {name: ukirt_K, datatype: float64}
# - {name: Clear, datatype: float64}
# meta: !!omap
# - comment: [kappa = 1.0, type = rprocess, mass = 0.018176879801416274, velocity = 0.12399999999999999, theta_obs = 0.0, tfloor = 1000.0]
# schema: astropy-2.0
time PS1_g PS1_i PS1_r PS1_w PS1_y PS1_z swift_uvot_B swift_uvot_U swift_uvot_uvm2 swift_uvot_uvw1 swift_uvot_uvw2 swift_uvot_V johnson_B johnson_I johnson_R johnson_U johnson_V sdss_g sdss_i sdss_r sdss_u sdss_z ATLAS_c ATLAS_o ukirt_H ukirt_J ukirt_K Clear
[from data line 28]
1.7434869739478958 -13.941444330419941 -14.717390467666611 -14.480599937740077 -14.386320670560444 -14.794942372120286 -14.784498416923366 -13.4993936384089 -13.663523031476927 -11.317186982544602 -12.363766218311856 -10.83752559417768 -14.246054681467381 -13.542013261491451 -15.192083683805137 -14.757652501764326 -13.602666096592799 -14.280695679601985 -13.856772879339694 -14.720847868826983 -14.480018546195002 -12.789965525647258 -14.791434420098746 -14.164532368542275 -14.599761955105226 -14.468488066177583 -14.719959719100133 -14.146720436545282 -14.437291464641131
1.8036072144288577 -13.898449396752657 -14.713715640011724 -14.461663621523417 -14.366418854412188 -14.806082956724893 -14.789931679543855 -13.4435042980694 -13.575785884620739 -11.151278803033055 -12.24003239690136 -10.685215902179447 -14.214891854376212 -13.487607512908525 -15.192661997257623 -14.74288383350321 -13.520617708648246 -14.250747485918696 -13.81033787030157 -14.716773252677413 -14.460846190875962 -12.705885963735799 -14.798389678345227 -14.131923083504105 -14.587821885506713 -14.499526843810953 -14.741989786373713 -14.183727309984613 -14.423007152257643
1.8637274549098195 -13.852010244748563 -14.707011895623001 -14.439516333852787 -14.343519395590807 -14.814398189726017 -14.792457069142362 -13.384004729812784 -13.484140470906656 -10.980963492355848 -12.112870160588471 -10.530262727887457 -14.18035200117621 -13.429638132665595 -15.19027215422921 -14.724981254186488 -13.434695455644611 -14.217458336318971 -13.760422054632055 -14.709664288056814 -14.438451014020082 -12.6178956856735 -14.802464254225605 -14.096053858314654 -14.572797900123966 -14.528043611747703 -14.76136111198686 -14.218302071528315 -14.40587948593354
1.9238476953907815 -13.802241029830391 -14.697401625725561 -14.414277033891771 -14.317746256788695 -14.820014725593342 -14.792199405771509 -13.321005212596503 -13.38868882601604 -10.806326321406615 -11.982410572305504 -10.372821719781719 -14.142550399900166 -13.368217008361011 -15.185037862940344 -14.704065932042393 -13.345002468591762 -14.180944660332367 -13.707138756692405 -14.699643259139688 -14.412951591816991 -12.526096809425393 -14.80378370147049 -14.057043499833473 -14.554812242506525 -14.554172777459192 -14.77820444785978 -14.250581739737969 -14.386035770339696
1.9839679358717435 -13.749137613753728 -14.684924382821478 -14.385968025888438 -14.289126672671202 -14.822989879769768 -14.789208952733528 -13.25448596387772 -13.289374269948393 -10.627224716847227 -11.848598810174433 -10.212840184127433 -14.101494489529635 -13.303327462055673 -15.177003882823527 -14.680166299336197 -13.251488205215438 -14.14121625601618 -13.650479898605994 -14.686749247417676 -14.384369591257347 -12.430435876015462 -14.802400436813308 -14.01490220149535 -14.53389703827769 -14.577997691645342 -14.792591208845367 -14.280657770500047 -14.36351198531634
2.0440881763527052 -13.692657102512822 -14.669590195869073 -14.354578423581188 -14.257655592724614 -14.823355134037097 -14.783508693816643 -13.184385227235406 -13.186090768422929 -10.443450179928892 -11.711329082879534 -10.050212580120665 -14.057155428650205 -13.234911403585862 -15.166186527805216 -14.65327879540838 -13.154053983585651 -14.098247078949909 -13.590397831040981 -14.6709917117599 -14.352693376299968 -12.330810711828661 -14.79834002094254 -13.969604275791525 -14.510053181478302 -14.599581037424423 -14.804569799264867 -14.308602514592222 -14.33831362415308
2.1042084168336674 -13.632913279072962 -14.651509084165895 -14.320219414548525 -14.223450777612445 -14.821220435623328 -14.77520837924244 -13.11081656350271 -13.07895332718104 -10.25512718986294 -11.570768476686517 -9.885143378017908 -14.00964415206871 -13.163083886691961 -15.15269592324761 -14.623515879362039 -13.052814040927682 -14.052149076605447 -13.527006535945514 -14.65248068218358 -14.318033742967966 -12.227335016582508 -14.791712563574446 -13.921265576587079 -14.48339344368609 -14.619035016948803 -14.814251239690106 -14.334529180347031 -14.31056061389187
2.164328657314629 -13.569835563936117 -14.630666087325341 -14.282853997911715 -14.18648234300738 -14.816593520590846 -14.76430673493093 -13.033689381946882 -12.967824910964545 -10.062013096933654 -11.426788353492654 -9.71750692281088 -13.958904569635859 -13.087758404903912 -15.136523780570556 -14.590848480226086 -12.947638951095659 -14.002869260004472 -13.460230426909963 -14.631200595480198 -14.28035284571095 -12.119875595686 -14.782519561938159 -13.869834023350585 -14.453893512532563 -14.63640055179329 -14.821661261903534 -14.358488988431438 -14.280234569097185
2.224448897795591 -13.50349906386997 -14.607139597732726 -14.242558957375593 -14.146834416218024 -14.809555506598056 -14.750883578156397 -12.953076043908187 -12.85277356660913 -9.864173072764387 -11.279511649399296 -9.547460716766508 -13.905010786706253 -13.00900934668109 -15.117749427937152 -14.555355666835716 -12.838596924500873 -13.950483149132571 -13.39014417787844 -14.607229780008701 -14.23972697128157 -12.008499646580848 -14.770841537023074 -13.815389105856326 -14.421633348522036 -14.651765033302034 -14.826884242137515 -14.380571581926878 -14.247423189685389
2.284569138276553 -13.433859280854268 -14.580926496912223 -14.199314641478047 -14.104495559922938 -14.80012070448149 -14.734946215395759 -12.868916517883815 -12.733704244705297 -9.661436122349144 -11.128873660795957 -9.374954294903176 -13.847928280851082 -12.926780484107837 -15.096374932932132 -14.5170244608173 -12.725598399574604 -13.894959056779486 -13.316699513891113 -14.58056465738201 -14.196135651416846 -11.89311447252436 -14.75668808028729 -13.757901462066009 -14.386603760223018 -14.665169134940786 -14.829948736491508 -14.400825933586619 -14.212124819200973
2.344689378757515 -13.360979513927695 -14.552092452136982 -14.153185464268976 -14.059538088930292 -14.788357212688155 -14.716561539067428 -12.781271496935702 -12.610673938503663 -9.453859328169013 -10.974995245419557 -9.200143075851969 -13.78771889536748 -12.84113473536101 -15.072466839209373 -14.475921690495099 -12.608700360621754 -13.836360368300829 -13.239959366619516 -14.551270839500141 -14.14964275926149 -11.773776004098142 -14.740126807332405 -13.697438859191635 -14.348872433136819 -14.67668705085671 -14.83092598807273 -14.419328483876653 -14.174415440942028
2.4048096192384767 -13.284785556166518 -14.520610358207353 -14.10412549873632 -14.011925486692753 -14.774257729544118 -14.69571429230676 -12.690049081200094 -12.483551043823589 -9.241225968993291 -10.817781813844078 -9.022945256686551 -13.724319729026277 -12.75198459084097 -15.046003945296722 -14.43200907980269 -12.487777398650739 -13.77462745110014 -13.159845233224257 -14.519320698320186 -14.100201428675323 -11.65035524941299 -14.721145068672374 -13.633944358993464 -14.308405391170549 -14.686341390887861 -14.829824863972386 -14.436111261009914 -14.13426970459609
2.464929859719439 -13.205286261978255 -14.486505975182773 -14.052153520863193 -13.96168565988777 -14.757856192399732 -14.672434951160973 -12.595250430138567 -12.352321218294033 -9.023495477074238 -10.657282731612963 -8.843437493097856 -13.65774209273453 -12.65933440548205 -15.017014577802438 -14.385309784289035 -12.362817119692508 -13.709773900851337 -13.076364309555206 -14.48473978476878 -14.047829706188804 -11.522837836009483 -14.699774742921203 -13.56743584086205 -14.265227814111885 -14.694180311385129 -14.826686872307063 -14.451227162565468 -14.091721937518304
2.5250501002004007 -13.122525588594858 -14.449826437239324 -13.99731509772721 -13.908872917860524 -14.739202553522297 -14.646772081250248 -12.49691636742756 -12.217020712452982 -8.800704523357478 -10.493610548447148 -8.661763271275088 -13.588028427621214 -12.56322766696583 -14.985546902757278 -14.335872269667906 -12.233855822161665 -13.64184400015757 -12.98956009137715 -14.447575168560558 -13.992572527801084 -11.391258817702035 -14.676065245624415 -13.497962488975421 -14.219389126116404 -14.700260740873944 -14.821565563994577 -14.464735713272193 -14.046830603612346
2.5851703406813624 -13.03645453938218 -14.410556036928348 -13.939581098062401 -13.853468384247627 -14.718295707699998 -14.618718599760072 -12.394984511612066 -12.077558328636062 -8.572705743988397 -10.3267358112325 -8.477910097738913 -13.515136664889706 -12.463606247336706 -14.951589667052307 -14.28367396246352 -12.100806489564714 -13.570798776699993 -12.899380470970776 -14.40781076114721 -13.934399831359539 -11.25552817758324 -14.650011649388457 -13.42548937030939 -14.170870066226708 -14.704604826744895 -14.814472328016828 -14.476666576005462 -13.999586241375255
2.6452905811623246 -12.947065062627718 -14.368704595050641 -13.878953988027387 -13.795484495965926 -14.695154093585483 -14.588289281151177 -12.289438527546316 -11.933901203359873 -8.339440242569264 -10.156701889392412 -8.291942698586862 -13.43906117696105 -12.360457497544107 -14.915155434563882 -14.22872225496879 -11.963638291407694 -13.496635223443414 -12.805815629631887 -14.365456163904131 -13.873313254774349 -11.115612896556968 -14.621630273116413 -13.350018286611718 -14.11968015395301 -14.707246197575468 -14.805433675321547 -14.487058508800546 -13.95000822427928
2.7054108216432864 -12.854396351983546 -14.324311720409959 -13.81547293420061 -13.73496951616671 -14.669819051285344 -14.555524476682375 -12.180315197854245 -11.786083491885453 -8.100949604038025 -9.983632208825863 -8.10400826241285 -13.359838628293332 -12.253821137975386 -14.876284579160803 -14.171059283044578 -11.822385033612274 -13.419392011007554 -12.708904520856503 -14.320550951911049 -13.809351281142721 -10.971545560134857 -14.590962286884803 -13.271593299292785 -14.065862261139106 -14.708231984272967 -14.794493868111916 -14.495960979471414 -13.898148712958402
2.7655310621242486 -12.758398280532202 -14.277356959854384 -13.74910549074519 -13.671901979662255 -14.642283391047162 -14.520411504988537 -12.067551952952115 -11.634016450840896 -7.857098151078204 -9.807515108595393 -7.914105995670177 -13.277424447448329 -12.143639181152292 -14.834960770852803 -14.110659228853592 -11.676961604009179 -13.339027865183935 -12.60859420019246 -14.273074328814861 -13.742480465112177 -10.823238089096101 -14.557997126190703 -13.190177905995473 -14.009393623398587 -14.707576803462704 -14.781657389131835 -14.503395792529437 -13.843995430926004
2.8256513026052104 -12.659101454757451 -14.227871924451456 -13.67988263030874 -13.60632216206275 -14.612580650487406 -14.482982824824546 -11.951176670442376 -11.477724669107268 -7.6079180233587556 -9.628470103021236 -7.722370832272038 -13.191846744044053 -12.029942753098023 -14.791216476501258 -14.047556376945735 -11.527392327076253 -13.25557311343548 -12.504914970123693 -14.223057867843902 -13.672731039931936 -10.670713469945436 -14.522768149861154 -13.105808003812669 -13.95030927970307 -14.70532042869969 -14.766960924389066 -14.50940526094598 -13.787592748668533
2.885771543086172 -12.556471608962028 -14.175844459739295 -13.607783220920489 -13.538219783006902 -14.58070894863507 -14.443232211207988 -11.831145075068818 -11.317143573443413 -7.353313438298808 -9.446520003206551 -7.528830625084332 -13.103074519073978 -11.912692097507417 -14.745042836952724 -13.98173563156461 -11.373615224176323 -13.168999964875672 -12.397830399090886 -14.170489153063563 -13.600080888549932 -10.513907097294233 -14.485270990161432 -13.018461038513784 -13.888596566271065 -14.701478865201253 -14.750412103589612 -14.514011472349145 -13.728938384676255
2.9458917835671343 -12.450473584324335 -14.121260867898595 -13.532784849131598 -13.467583524960585 -14.546664625101702 -14.401151739640401 -11.707412127441092 -11.152208252753315 -7.093190471722546 -9.261690996016103 -7.333512694471324 -13.011075571603616 -11.791846859492171 -14.696429403959385 -13.91318073419151 -11.215567878079924 -13.079279536429611 -12.287303212351386 -14.115354232384458 -13.524506580260152 -10.352753901708471 -14.445499596061069 -12.928113580768361 -13.824241600883376 -14.696066143021614 -14.732016660467638 -14.517234521437937 -13.668029039745058
3.006012024048096 -12.341184950483886 -14.064180875350623 -13.454954161419508 -13.394487724154693 -14.510501691933726 -14.356797317429919 -11.58005904602745 -10.98301145840555 -6.827686254921786 -9.074182934688313 -7.136620119409901 -12.915919692022701 -11.667490867986853 -14.645434592730428 -13.84195969035422 -11.053340287164712 -12.986483284783644 -12.173412322588089 -14.057713001448171 -13.446074164001587 -10.18734357190267 -14.403510006336067 -12.834843032384224 -13.757311516845192 -14.689132055268544 -14.711826020726269 -14.519123691725396 -13.60493962109972
3.066132264529058 -12.228543381962744 -14.004571220368831 -13.374246213510226 -13.318899131770117 -14.472199881228196 -14.310143246105778 -11.449010930019512 -10.809452140485156 -6.556658073679709 -8.883984575040866 -6.938129600247759 -12.817549482817274 -11.539554627333505 -14.592029288475434 -13.768034951365948 -10.886834944253849 -12.89055766732943 -12.056092611398537 -13.99753186638403 -13.3647375456699 -10.017575415689599 -14.359278791636179 -12.738601285195639 -13.68777169219543 -14.680678261785719 -14.689831615006737 -14.519688056226643 -13.539646357942061
3.12625250501002 -12.112583988832224 -13.942462137002849 -13.290693074829445 -13.24085836373806 -14.431788774513858 -14.261219017023024 -11.31430203357117 -10.631565519160944 -6.280162839782196 -8.691232480156348 -6.738165538594888 -12.715995753808837 -11.408075993206012 -14.53624392143417 -13.691441828382615 -10.716086102309685 -12.791535914614512 -11.935379385483476 -13.934841096065469 -13.280528013806716 -9.843482536924455 -14.312836201041375 -12.639427318858907 -13.615657530845944 -14.67073724377492 -14.666064321459922 -14.518961799267059 -13.47219283447373
3.186372745490982 -11.993314813490521 -13.877865363192807 -13.204304948369323 -13.160384741164464 -14.389282817499343 -14.210037669347777 -11.17593658116273 -10.449349835552848 -5.998205328942492 -8.496021336536295 -6.536802178276687 -12.611264561192936 -11.273063403725384 -14.478091420763388 -13.612194969920079 -10.541092212138256 -12.689426974281977 -11.811280128077968 -13.869652373883419 -13.193454876440711 -9.66506169426287 -14.26419643788881 -12.537335682219961 -13.540984418982038 -14.659331046409655 -14.640542449236198 -14.516970117831141 -13.40260292455147
3.2464929859719436 -11.870722927749249 -13.81077819834907 -13.11507502639012 -13.077481145328704 -14.344684597941004 -14.156599368543521 -11.03389553877448 -10.262774754875341 -5.710750622793948 -8.298413559711015 -6.334074391385748 -12.503342700198747 -11.13450257948092 -14.4175710492513 -13.530293007589169 -10.361824039987681 -12.584220945087948 -11.683780774424122 -13.80196287648726 -13.103510329089083 -9.48228152464024 -14.213361159757394 -12.432322039998223 -13.463752214772793 -14.646473506636855 -14.613274441663913 -14.513731136862054 -13.330885337625915
3.306613226452906 -11.744853699452786 -13.741235865130221 -13.023042588131961 -12.992193993091696 -14.29802629734139 -14.100937148049972 -10.888225322227473 -10.07189166849317 -5.4178833063318015 -8.09855384092657 -6.130094739431481 -12.392269874699952 -10.992443535565432 -14.354717578709526 -13.44577809352516 -10.178331433562999 -12.475959924784144 -11.552927358552676 -13.731807927818718 -13.010732901703133 -9.295191017242157 -14.160363955687796 -12.324433891328983 -13.384002513635753 -14.63219628708655 -14.58429191188653 -14.509277268359655 -13.25708815219464
