web/models/mosfit_kne/mosfit_kn_1.0000/mosfit_kn_0.268580_0.2337_1.0000.dat
# %ECSV 1.0
# ---
# datatype:
# - {name: time, datatype: float64}
# - {name: PS1_g, datatype: float64}
# - {name: PS1_i, datatype: float64}
# - {name: PS1_r, datatype: float64}
# - {name: PS1_w, datatype: float64}
# - {name: PS1_y, datatype: float64}
# - {name: PS1_z, datatype: float64}
# - {name: swift_uvot_B, datatype: float64}
# - {name: swift_uvot_U, datatype: float64}
# - {name: swift_uvot_uvm2, datatype: float64}
# - {name: swift_uvot_uvw1, datatype: float64}
# - {name: swift_uvot_uvw2, datatype: float64}
# - {name: swift_uvot_V, datatype: float64}
# - {name: johnson_B, datatype: float64}
# - {name: johnson_I, datatype: float64}
# - {name: johnson_R, datatype: float64}
# - {name: johnson_U, datatype: float64}
# - {name: johnson_V, datatype: float64}
# - {name: sdss_g, datatype: float64}
# - {name: sdss_i, datatype: float64}
# - {name: sdss_r, datatype: float64}
# - {name: sdss_u, datatype: float64}
# - {name: sdss_z, datatype: float64}
# - {name: ATLAS_c, datatype: float64}
# - {name: ATLAS_o, datatype: float64}
# - {name: ukirt_H, datatype: float64}
# - {name: ukirt_J, datatype: float64}
# - {name: ukirt_K, datatype: float64}
# - {name: Clear, datatype: float64}
# meta: !!omap
# - comment: [kappa = 1.0, type = rprocess, mass = 0.2685795883840597, velocity = 0.2336666666666667, theta_obs = 0.0, tfloor = 1000.0]
# schema: astropy-2.0
time PS1_g PS1_i PS1_r PS1_w PS1_y PS1_z swift_uvot_B swift_uvot_U swift_uvot_uvm2 swift_uvot_uvw1 swift_uvot_uvw2 swift_uvot_V johnson_B johnson_I johnson_R johnson_U johnson_V sdss_g sdss_i sdss_r sdss_u sdss_z ATLAS_c ATLAS_o ukirt_H ukirt_J ukirt_K Clear
[from data line 56]
3.4268537074148293 -15.283045249615341 -16.56889384621607 -16.132718272503226 -16.042441779626806 -16.84205226975635 -16.755928190476013 -14.671447008544451 -14.424803833511941 -11.087175273070432 -12.72685406341223 -10.911142062130534 -15.73681483563685 -14.735752600930038 -17.099925098829402 -16.46641484580383 -14.435937643767051 -15.789024289917107 -15.15371720056713 -16.567078990025124 -16.128352984342644 -13.595696408021958 -16.78346349392207 -15.646524992279538 -16.346693299882222 -16.780855161893 -16.912239180395883 -16.538646296426936 -16.17326864589627
3.4869739478957915 -15.275114716727689 -16.57655024942322 -16.13423407216411 -16.04462191712141 -16.85580161634988 -16.767308807667618 -14.65825214390118 -14.39910398059645 -11.031857156780095 -12.69145141937246 -10.86954980633202 -15.733302916372882 -14.723307465442502 -17.109342889193588 -16.469753674521687 -14.412383967371156 -15.786113078387698 -15.144419079515963 -16.574571419858675 -16.129728159693464 -13.57125901428141 -16.79550362071323 -15.643081033804744 -16.35124757237101 -16.802960834724875 -16.930560490502344 -16.563261288799552 -16.178119381982867
3.5470941883767533 -15.26690502346101 -16.583803934692405 -16.135393449068562 -16.046470648897575 -16.869106215230012 -16.778260343152702 -14.644814970821535 -14.373262568332486 -10.976668088127898 -12.656137755026453 -10.828241617417799 -15.729468874118943 -14.710619385553375 -17.11834621304882 -16.472727176040085 -14.388668895292469 -15.782878823322955 -15.134852436942232 -16.581662279959062 -16.13074654843709 -13.546664727246842 -16.807111204777687 -15.639333752619162 -16.355429583563836 -16.824569984076035 -16.948408569117657 -16.587364564789834 -16.182630348930687
3.6072144288577155 -15.25841288179322 -16.590659930441927 -16.136198233453936 -16.04798934792072 -16.88197416870498 -16.788789718414368 -14.631129496579415 -14.347266792800273 -10.921578377361424 -12.620892372375874 -10.787189110901142 -15.725311983887497 -14.69768266740289 -17.12694098098843 -16.475338043545264 -14.364780859973642 -15.779321043083703 -15.125013255688664 -16.588356515817093 -16.131409938002577 -13.52190156070483 -16.81829348072286 -15.635281991785952 -16.359242600073056 -16.845694826889265 -16.96579376718958 -16.610969583365783 -16.186804000412582
3.6673346693386772 -15.249652744915192 -16.597134601325898 -16.136664111829848 -16.049193002088735 -16.894422418413075 -16.798913664503896 -14.617209629225425 -14.321128897014042 -10.866595603524129 -12.585723699731819 -10.746395718964429 -15.720847438041165 -14.684511213590884 -17.13514371827958 -16.477602081482516 -14.340732454886151 -15.775454929461448 -15.114915821858101 -16.5946704763598 -16.131734028669005 -13.496982050681137 -16.82906722315419 -15.630940501711077 -16.362702503154036 -16.86635299780997 -16.982733403171117 -16.63409419326427 -16.19065532114524
3.727454909819639 -15.240626864679676 -16.60323594303474 -16.136796886688884 -16.05008693654632 -16.906461047333607 -16.808641465579086 -14.603055773116342 -14.2948445541702 -10.811703574527826 -12.550621440745182 -10.705844901023095 -15.716079298946603 -14.671105615887011 -17.142963018456527 -16.479525667581633 -14.316520225015019 -15.771284698303967 -15.104561883843353 -16.60061210092511 -16.13172459960211 -13.471902463276066 -16.83944192494419 -15.62631295441376 -16.36581605136236 -16.88655735237354 -16.999239074697883 -16.656752088506842 -16.194190314329564
3.787575150300601 -15.231357292052063 -16.608984685412995 -16.13661787894129 -16.05069167242192 -16.918110106756377 -16.81799345005759 -14.588690522611973 -14.268437299721324 -10.756927372011752 -12.515607385984193 -10.66555490311567 -15.711029431018872 -14.65748831082712 -17.15041940920288 -16.481129866190198 -14.292167605873189 -15.766832091499142 -15.09397360943245 -16.60620213741458 -16.131403013481158 -13.446686358076807 -16.849437822670428 -15.621420777395336 -16.368604137074545 -16.90632691398372 -17.01533026887036 -16.67896198873764 -16.197428959773497
3.847695390781563 -15.221842463022046 -16.614385710800796 -16.136129493852582 -16.051009241642493 -16.929376856724314 -16.82697596499029 -14.574110219436271 -14.241898194369078 -10.702244966163018 -12.480666446720221 -10.625504461901002 -15.70569826072439 -14.643655871319762 -17.157518455366667 -16.482417750707594 -14.267666618065366 -15.762097723632971 -15.083148869506804 -16.61144540401878 -16.130771642856256 -13.421325432009237 -16.859061505460904 -15.616264053276243 -16.3710702759205 -16.92567212237989 -17.03101598342908 -16.700735293933043 -16.200374119369805
3.9078156312625247 -15.212081742759906 -16.619444241862897 -16.13533470469342 -16.051042266968043 -16.940268677534345 -16.835595562329218 -14.559312326661892 -14.21521989921338 -10.647637112558645 -12.44578569450864 -10.585674933922537 -15.700086964298762 -14.629605970482412 -17.16426599902735 -16.48339290129905 -14.243010796338506 -15.75708294170761 -15.072086515676357 -16.616347065193153 -16.129833431485192 -13.395812926040733 -16.86831974494776 -15.610843640907053 -16.373218448650135 -16.944603242733184 -17.04630517509381 -16.722083140964227 -16.203029165319318
3.967935871743487 -15.202083316559474 -16.624171055916612 -16.134243325395126 -16.05080007123597 -16.950797227596777 -16.843863568608555 -14.544304231648237 -14.188407623540638 -10.593103327438186 -12.410966721446055 -10.546063483564566 -15.694204612874653 -14.615346047091865 -17.17067306774653 -16.484065355370483 -14.218205773413601 -15.75179686079501 -15.060794506403319 -16.62091787438925 -16.12859819356256 -13.370154364872402 -16.877223948800513 -15.605168277208463 -16.375058838502756 -16.963133064946817 -17.061210119671184 -16.743018664298855 -16.205403609912956
4.028056112224449 -15.191866098537048 -16.628583757217985 -16.132873536742665 -16.050300134910565 -16.960979458421548 -16.85179720090323 -14.529105376515982 -14.161481764107275 -10.538665687295627 -12.3762284564231 -10.506685956633731 -15.688069911708748 -14.600895397917707 -17.1767570718927 -16.484453051483474 -14.19327183544609 -15.74625807330971 -15.049291871841017 -16.62517545324082 -16.127084147725856 -13.344370151995708 -16.88579124728454 -15.599256286806273 -16.376609221816185 -16.981277557435433 -17.07574722966328 -16.763557540738297 -16.20751443648416
4.0881763527054105 -15.18142009037069 -16.63268067750412 -16.131220434463547 -16.04953745031759 -16.970816855770803 -16.85939672651564 -14.513703005538378 -14.13442279750642 -10.48428825618402 -12.34154483391146 -10.467510259983758 -15.68167533753104 -14.58624161792834 -17.182517252258524 -16.48455200447571 -14.168190658122068 -15.74045933812762 -15.037567882740888 -16.629118048516922 -16.125286331552413 -13.318441518640238 -16.89402223956204 -15.593099926264635 -16.377866219445085 -16.999042478953022 -17.089920326713557 -16.783706817779716 -16.209357870641714
4.148296593186372 -15.170754875923205 -16.63647283494493 -16.129294523097517 -16.048522043892408 -16.980320879863413 -16.866673443498268 -14.498106288311742 -14.107238657969887 -10.429975571798632 -12.306921068155567 -10.428537932974184 -15.675031015785194 -14.571393880048692 -17.187964750853777 -16.48437281524621 -14.142970432088397 -15.734410785897682 -15.025631997828892 -16.632756666348154 -16.123215257871415 -13.292376609201941 -16.901928258728365 -15.586709017262521 -16.37884049341846 -17.016439825134718 -17.103741162718293 -16.803478655841563 -16.21094395654101
4.208416833667335 -15.159884114767781 -16.639973731452695 -16.12710941913562 -16.047266966093883 -16.989504848472574 -16.873640751495387 -14.482329012061054 -14.079943177302727 -10.375741078015594 -12.272369106201957 -10.389777786191349 -15.66815070174271 -14.556365893412679 -17.19311301201235 -16.483929005524615 -14.117625027600191 -15.728126112382464 -15.01349789154876 -16.636104813439054 -16.120884567052123 -13.266189340098382 -16.909522670651516 -15.58009698984975 -16.379545500696153 -17.033482584272402 -17.117222874291684 -16.822885947468006 -16.212285481195643
4.268537074148297 -15.148791918814126 -16.643177214284535 -16.124655167589008 -16.045762366822665 -16.99836634327207 -16.88029478505582 -14.46635203454915 -14.052509333220193 -10.321538862650236 -12.237855166885492 -10.351190149473805 -15.661021341908114 -14.541138958112331 -17.19795696162696 -16.483211729139413 -14.092128799908885 -15.721592618043514 -15.001148820955894 -16.639156236527786 -16.1182842264086 -13.239853530988217 -16.916802009406968 -15.57325066861246 -16.379973123876272 -17.050173431748142 -17.130365827752918 -16.841932904006494 -16.213374131548797
4.328657314629258 -15.137506563542562 -16.646106044567563 -16.121956759721776 -16.04403236259964 -17.00692583124102 -16.886656915415656 -14.450205583055375 -14.024971698356392 -10.26741320780554 -12.203414755215682 -10.312809140772451 -15.653669810337522 -14.525742948885657 -17.202518691937396 -16.482245238813437 -14.066515628782962 -15.714836899125702 -14.98861354731753 -16.641933758254943 -16.1154393038351 -13.21340341915084 -16.923787380529767 -15.56619652424489 -16.380147126107936 -17.066529591280442 -17.143188715664124 -16.860635776352076 -16.214232809047395
4.38877755511022 -15.12601673904829 -16.64875673641072 -16.119007658667712 -16.042070452539274 -17.01518281670987 -16.892725489021903 -14.43387573841478 -13.997310012804434 -10.213328621338484 -12.169022030109922 -10.27460384716591 -15.646087086749223 -14.510164297478369 -17.20679558055827 -16.48102388367634 -14.040766366642423 -15.707850216216313 -14.975880073758994 -16.64443381223382 -16.112343201714463 -13.1868194293906 -16.930477449484584 -15.558925412028408 -16.380062437368572 -17.082554639684805 -17.15569326856711 -16.878999370005655 -16.214856227824868
4.448897795591182 -15.114338982365805 -16.651143988449473 -16.115823335629553 -16.03989150289774 -17.02315116473237 -16.898514704990877 -14.417379730675137 -13.969542912578614 -10.159306606185407 -12.134694791214056 -10.236589758547797 -15.638289319217026 -14.49442007698432 -17.210802080873606 -16.47956284607191 -14.014899451623972 -15.700648594973197 -14.962965100012031 -16.646671119362892 -16.10901142939241 -13.160120140021458 -16.936886311587482 -15.551453163516022 -16.379734047124384 -17.09826122169147 -17.167892683578128 -16.89703596515343 -16.215258716854084
4.509018036072144 -15.102483739943402 -16.653278335604966 -16.112414334537828 -16.037505588106313 -17.03084134102882 -16.90403506482477 -14.400728040416386 -13.94168074303673 -10.105356780214304 -12.10044159003834 -10.198772606812451 -15.630287097530601 -14.478520712483544 -17.214548704178593 -16.477872615671505 -13.988925291250187 -15.693242583450997 -14.949879065899978 -16.648656216281577 -16.105454549062692 -13.13331598531624 -16.94302444905544 -15.543790093663503 -16.379172407169378 -17.113659640292834 -17.17979733697499 -16.91475581818654 -16.215450166035144
4.569138276553106 -15.090448635318179 -16.655161721190836 -16.10878092950001 -16.034912838335007 -17.038256903631392 -16.90928950441652 -14.383916872545274 -13.913716186103589 -10.051463230578847 -12.066251430159216 -10.161137576237444 -15.622079349804523 -14.462462583045873 -17.218037858967207 -16.47595393447497 -13.962837198816349 -15.685631249974248 -14.936619216071616 -16.65039100278973 -16.10167280771364 -13.106400053219325 -16.948894966137384 -15.53593496769249 -16.37837856441978 -17.128755628924047 -17.191411975790363 -16.932165319962028 -16.215431307437616
4.629258517034068 -15.078223480251456 -16.656790804807535 -16.10491710570404 -16.032107322991465 -17.045397139805054 -16.914276292360935 -14.366933746584245 -13.885631215371319 -9.997594675783098 -12.032101661630268 -10.123657751679026 -15.613657877240225 -14.44623352591567 -17.221266964547077 -16.47380157412232 -13.936618116335115 -15.677806649219049 -14.923174760726798 -16.651872067786293 -16.097660134579534 -13.079354906853435 -16.95449641394495 -15.52787951278173 -16.377347803180644 -17.143552063547705 -17.20273784883524 -16.949268429937657 -16.2151972964835
4.68937875751503 -15.065834700137106 -16.658186239649737 -16.100845843845715 -16.029111161105387 -17.05228031409506 -16.91901463429332 -14.349807127318794 -13.857458865140604 -9.943794406611527 -11.998026284755419 -10.086365988119844 -15.605047625125945 -14.429861639368195 -17.224255977648106 -16.471437745607258 -13.910300344909363 -15.66979343824073 -14.909572634342876 -16.653120128499364 -16.09343958920329 -13.052213219610742 -16.959847721674013 -15.519648277673106 -16.37610182703657 -17.158063831136317 -17.213791373776015 -16.96607901973184 -16.21476900352537
4.749498997995992 -15.053282833646211 -16.659351501108475 -16.09656949339067 -16.025926507975576 -17.058910978292534 -16.92350866919334 -14.33253660220582 -13.829196316124097 -9.890053658858719 -11.964019606094727 -10.049253370547756 -15.59625004260565 -14.413346617851403 -17.227008683120808 -16.468865104099965 -13.883881504390995 -15.661593152878142 -14.895813118318895 -16.65413863128478 -16.089013506385914 -13.024972464506241 -16.964953138187333 -15.511242545315902 -16.374643489023324 -17.1722969186459 -17.224577886804457 -16.98260351058582 -16.2141489526622
4.809619238476953 -15.040559455881937 -16.66028404121043 -16.092083211609456 -16.022548590639776 -17.06528883853423 -16.927757229348774 -14.315111779073153 -13.800828415631585 -9.836345911667305 -11.930062505904875 -10.012297029717029 -15.587258412085642 -14.396678343270594 -17.229523184905144 -16.466079483161106 -13.85734727351694 -15.65319929401406 -14.881887271471967 -16.65492496752563 -16.084376995199516 -12.997617994853883 -16.969811738424596 -15.50265553483614 -16.37296906203945 -17.186254110845965 -17.2350987767628 -16.998845617154267 -16.213333302155615
4.869739478957916 -15.02767214574595 -16.660991745727305 -16.08739479750982 -16.01898485359662 -17.071421819415402 -16.931768231172786 -14.297540182882493 -13.772362393751614 -9.782677397945733 -11.896160655401609 -9.975500238258842 -15.578080490314303 -14.379864310884422 -17.231807377465167 -16.463088669455487 -13.83070496318534 -15.644619596553413 -14.867802646737971 -16.655487021844042 -16.07953786638877 -12.970157128445159 -16.974431434228734 -15.49389479226539 -16.371086321282977 -17.19994333241148 -17.2453619680587 -17.014813266155763 -16.212329394430185
4.929859719438878 -15.01463206508264 -16.66148475647928 -16.082514832311396 -16.015245416350243 -17.07731957279453 -16.935551525188792 -14.27983337889539 -13.743810586329488 -9.729061922264592 -11.86232534006157 -9.93887218462476 -15.568727254388588 -14.362915981969383 -17.23387125760863 -16.45990306590293 -13.803966811504573 -15.635864957202228 -14.853570496945103 -16.655834949103507 -16.07450672763946 -12.942602190250074 -16.978822012129395 -15.48497104388808 -16.369005550308948 -17.21337349807825 -17.255376709546493 -17.03051515178291 -16.21114699820838
4.98997995991984 -15.001446308884514 -16.661770435633247 -16.07745060617674 -16.011337216252404 -17.082989485253695 -16.93911449548219 -14.261998422184494 -13.715179789611334 -9.675505369106471 -11.82856176857948 -9.902415725569934 -15.559205965256108 -14.34584037897148 -17.235722191906817 -16.45652994480165 -13.777139689129065 -15.626942612978299 -14.839197894794598 -16.655976110701847 -16.06929088133649 -12.914960060368657 -16.982990849828425 -15.47589133986941 -16.366734007206425 -17.226551972997953 -17.26515037613181 -17.045958634148764 -16.209792943500805
5.050100200400801 -14.988106398348702 -16.661845786194256 -16.07219697773182 -16.007255223877124 -17.088430672038175 -16.94245543745918 -14.244024991849866 -13.686455246756406 -9.621982443964757 -11.794851679172123 -9.866109286954984 -15.549509724024634 -14.328627445069987 -17.237357794921763 -16.452964804452705 -13.75020961006203 -15.617845874948449 -14.824675879713407 -16.655907452844012 -16.063885138843812 -12.88721644545161 -16.986936471826173 -15.46664875212139 -16.364267603993614 -17.239480765273637 -17.274683664153212 -17.061146595491078 -16.208263089574118
