web/models/mosfit_kne/mosfit_kn_1.0000/mosfit_kn_0.406447_0.3903_1.0000.dat
# %ECSV 1.0
# ---
# datatype:
# - {name: time, datatype: float64}
# - {name: PS1_g, datatype: float64}
# - {name: PS1_i, datatype: float64}
# - {name: PS1_r, datatype: float64}
# - {name: PS1_w, datatype: float64}
# - {name: PS1_y, datatype: float64}
# - {name: PS1_z, datatype: float64}
# - {name: swift_uvot_B, datatype: float64}
# - {name: swift_uvot_U, datatype: float64}
# - {name: swift_uvot_uvm2, datatype: float64}
# - {name: swift_uvot_uvw1, datatype: float64}
# - {name: swift_uvot_uvw2, datatype: float64}
# - {name: swift_uvot_V, datatype: float64}
# - {name: johnson_B, datatype: float64}
# - {name: johnson_I, datatype: float64}
# - {name: johnson_R, datatype: float64}
# - {name: johnson_U, datatype: float64}
# - {name: johnson_V, datatype: float64}
# - {name: sdss_g, datatype: float64}
# - {name: sdss_i, datatype: float64}
# - {name: sdss_r, datatype: float64}
# - {name: sdss_u, datatype: float64}
# - {name: sdss_z, datatype: float64}
# - {name: ATLAS_c, datatype: float64}
# - {name: ATLAS_o, datatype: float64}
# - {name: ukirt_H, datatype: float64}
# - {name: ukirt_J, datatype: float64}
# - {name: ukirt_K, datatype: float64}
# - {name: Clear, datatype: float64}
# meta: !!omap
# - comment: [kappa = 1.0, type = rprocess, mass = 0.4064473885499596, velocity = 0.3903333333333333, theta_obs = 0.0, tfloor = 1000.0]
# schema: astropy-2.0
time PS1_g PS1_i PS1_r PS1_w PS1_y PS1_z swift_uvot_B swift_uvot_U swift_uvot_uvm2 swift_uvot_uvw1 swift_uvot_uvw2 swift_uvot_V johnson_B johnson_I johnson_R johnson_U johnson_V sdss_g sdss_i sdss_r sdss_u sdss_z ATLAS_c ATLAS_o ukirt_H ukirt_J ukirt_K Clear
[from data line 85]
5.170340681362725 -20.688902168986285 -20.842273501458823 -20.844113351292783 -20.79574591287951 -20.691489228451747 -20.768532598335963 -20.447246128140392 -21.123003600982262 -20.068230823676053 -20.503602553953613 -19.572545072823203 -20.798254610504003 -20.470212749499733 -21.25172098150162 -21.059293008888204 -20.968073888427032 -20.816599017695673 -20.658739627882863 -20.85189443872407 -20.846073304102646 -20.185579947714132 -20.752761811712368 -20.757229083854494 -20.859342734510165 -20.061288871469124 -20.450503713016683 -19.64800609614638 -20.770825968763962
5.2304609218436875 -20.667593642878135 -20.835610483645777 -20.831905668329664 -20.781774698488444 -20.690066307173023 -20.765110807224723 -20.42130342228993 -21.084818413640303 -19.998223322100163 -20.44697514545483 -19.498872746446704 -20.78171550947455 -20.444653552558737 -21.246548248501906 -21.048456530362404 -20.932201752368186 -20.800382125250053 -20.636146771388795 -20.84509008628512 -20.833830925137242 -20.14903846783019 -20.749845946802328 -20.739354564484334 -20.849435752609118 -20.066795659329003 -20.45285959530423 -19.655615959721114 -20.758347565303765
5.290581162324649 -20.657200541551113 -20.8363554914661 -20.828431617652594 -20.776982012905805 -20.694800430742344 -20.76832302346144 -20.407383362970563 -21.06159578085995 -19.950855685371053 -20.409810331062648 -19.4488411122798 -20.774943854084402 -20.43102758523951 -21.2484280133718 -21.046027870819614 -20.91073458615717 -20.793857417613527 -20.62477700484493 -20.84572749109258 -20.830329704802075 -20.12706093764759 -20.753443764971475 -20.731579656693473 -20.847715926853514 -20.076805658405178 -20.460471073285262 -19.667226411972486 -20.754699875632294
5.350701402805611 -20.64393775071844 -20.83507569321206 -20.822610535324113 -20.769764008770952 -20.697816184911506 -20.76969973157489 -20.390323574082256 -21.034535423065606 -19.897872424813897 -20.36783015543417 -19.393110960577737 -20.765571650413605 -20.414286545893358 -21.248370382729604 -21.041333968575746 -20.885559367411563 -20.784752734962183 -20.61046354652312 -20.84433181519575 -20.824478634725754 -20.101335369688282 -20.75523613917648 -20.721140019928832 -20.84378649884819 -20.085503124932714 -20.46658588882062 -19.677646777234173 -20.74872305989606
5.410821643286573 -20.619401641712987 -20.8260480917785 -20.80770218834644 -20.753081168239973 -20.69435388643699 -20.76411353234345 -20.360869512815853 -20.992150195637276 -19.822018962880538 -20.306257842370936 -19.313886451105166 -20.746062215614362 -20.385248638652204 -21.240926584577863 -21.027888277142985 -20.84560857450444 -20.765592368350077 -20.584567780904912 -20.835154070287487 -20.809530309335056 -20.060670353837295 -20.750189160787915 -20.70026745445702 -20.831333079398338 -20.089402977270986 -20.46713979750999 -19.68377809460136 -20.733660927936146
5.4709418837675345 -20.610835570247232 -20.827853603136184 -20.8055727255646 -20.749785997284143 -20.69988506701229 -20.76822264672259 -20.34901206398405 -20.9716520834748 -19.77918900448087 -20.273004584429728 -19.268918268469196 -20.74085242984782 -20.373671788711473 -21.243792595787927 -21.026739422443967 -20.826735199819748 -20.760617820038703 -20.575092495836493 -20.836859061069468 -20.807373373230842 -20.04131809953492 -20.75465968797964 -20.694157608892887 -20.83084963890908 -20.099863369421055 -20.475360309979056 -19.695731911342623 -20.73145865546655
5.531062124248497 -20.59709439862793 -20.82607182189207 -20.799251442496924 -20.74214143091849 -20.702403108244773 -20.769099238528685 -20.331473236610755 -20.944156946229544 -19.72599290247848 -20.230877332888664 -19.21337261650614 -20.730976003707717 -20.35645880122795 -21.243234971587814 -21.021551299658167 -20.80111024232985 -20.7510144315386 -20.56030299682705 -20.834961261083134 -20.801019675821557 -20.015139725582625 -20.75595382265119 -20.68325483326701 -20.826430606684294 -20.10807095159183 -20.480982846042544 -19.705662677559857 -20.725083264742246
5.591182364729459 -20.566643141880334 -20.8128729730511 -20.779499996966315 -20.72052040442907 -20.695414293592034 -20.759739308666383 -20.295539038038577 -20.89387333807478 -19.63872607434624 -20.159627834891314 -19.12293607916871 -20.706089848551088 -20.32099897545088 -21.231804539711423 -21.003439132816386 -20.753518357598495 -20.726525536444203 -20.528339590776135 -20.821594838944577 -20.78122007944181 -19.966747182098548 -20.74719775344036 -20.656909795362957 -20.809431326874872 -20.10930070680336 -20.47847910512589 -19.70938047298654 -20.705310016348673
5.651302605210421 -20.561011554843986 -20.816492968561224 -20.77960422902482 -20.71964120471277 -20.70236792944188 -20.765419873562845 -20.286965039503848 -20.877610931702755 -19.602675895951943 -20.132191295599764 -19.085293417543156 -20.70343762252006 -20.312681467523465 -21.23637405279081 -21.004424673297237 -20.738696407599015 -20.724087989335548 -20.521897187760754 -20.82512487270364 -20.781297812575783 -19.951494755984207 -20.753202882233328 -20.653485810587018 -20.81101531133271 -20.12066694031789 -20.48784109534095 -19.72208202320626 -20.705429889010105
5.7114228456913825 -20.5329802412054 -20.804849032468287 -20.76172947666077 -20.70005722443712 -20.69663495314659 -20.757429199546724 -20.25371806867166 -20.830756352245228 -19.520846151411696 -20.065661151239436 -19.00082742699633 -20.680675245804984 -20.279892444831752 -21.226414077416013 -20.988114853887982 -20.694388258802327 -20.70170870688933 -20.492429793964355 -20.813321413835233 -20.76337495767449 -19.90642217651793 -20.745788393888116 -20.629374519993018 -20.795768363222304 -20.122759419187478 -20.486379666490926 -19.726541720572413 -20.687629602862554
5.771543086172344 -20.516292213525222 -20.80085516096231 -20.752906106752693 -20.6899385549508 -20.697225246304214 -20.75626822322917 -20.23298654636368 -20.79949344353521 -19.4625554777827 -20.019259480944278 -18.940657349024 -20.66806130142303 -20.259518857135163 -21.22372648217966 -20.98050713803118 -20.66509348291466 -20.689394013195198 -20.474629441804844 -20.809203818886193 -20.754513300325197 -19.876533556840688 -20.74507488290566 -20.61573157693104 -20.788986478739417 -20.12941991304238 -20.490283814242947 -19.73503771017707 -20.678904945491148
5.831663326653306 -20.504088809471277 -20.79984595892798 -20.747635950919285 -20.683546927267074 -20.700262440473942 -20.75775933745925 -20.217215050488974 -20.77444174148651 -19.41371610887352 -19.98093174176134 -18.890278956526213 -20.65944523149985 -20.244065322733928 -21.22387053528823 -20.976311472754798 -20.6417741898552 -20.68104364534246 -20.46144522272339 -20.80808540220705 -20.749208636386083 -19.852689362468503 -20.746961416172418 -20.60621962164971 -20.785520874133017 -20.137816189942598 -20.496246943074024 -19.745053923694083 -20.673751512671394
5.891783567134269 -20.47228130812197 -20.78551748869817 -20.72665031649878 -20.660849061104205 -20.69225950747084 -20.747339012508714 -20.179831743322325 -20.72258053048916 -19.324797836677043 -19.90847873846583 -18.799180202741134 -20.63322910330155 -20.207182855254654 -21.211345299611104 -20.95700825153025 -20.592612139919463 -20.65524579669116 -20.428106381703852 -20.793586192941103 -20.72816772070869 -19.802705412315298 -20.737160071112744 -20.578626227596146 -20.767360988606374 -20.138192788114676 -20.492819577184616 -19.747962503156714 -20.653003659545774
5.95190380761523 -20.459279382163693 -20.78386621574044 -20.720673388337723 -20.653785576223616 -20.694720774946518 -20.748228298227644 -20.163206052687325 -20.696561165444507 -19.274769395355754 -19.86917698825348 -18.74788168986726 -20.623851606056515 -20.190885260806994 -21.210866660794913 -20.952126917472526 -20.568341764682245 -20.646142151670738 -20.41411011392551 -20.791823908771097 -20.722153978111812 -19.777899802925454 -20.738452337285747 -20.56836845612489 -20.763224336472703 -20.146103323773726 -20.498256710011447 -19.757518985270735 -20.6472173396676
6.012024048096192 -20.43094226867078 -20.771804953457877 -20.702405972679898 -20.633994895704202 -20.688563193030678 -20.739813644741645 -20.129668778182783 -20.649565123017357 -19.193421223881163 -19.803257799003244 -18.6649137063254 -20.60070263996596 -20.15782238760018 -21.200489110791462 -20.935434706643782 -20.52384843726931 -20.623388934013406 -20.384347321569294 -20.77960327964533 -20.70383251266909 -19.732636929238918 -20.73061693694367 -20.5439766316775 -20.747602977241186 -20.147770255406435 -20.496372579164 -19.761548478389233 -20.629272883483427
6.072144288577154 -20.410797138192596 -20.765233763056656 -20.690655712735264 -20.62100551757169 -20.686921649105408 -20.736287013841697 -20.105183150089474 -20.61386470763475 -19.12913784121113 -19.751885709828798 -18.599461591786927 -20.584876314576743 -20.133735968087056 -21.19532416281353 -20.925001970931014 -20.490230637582265 -20.607895431236486 -20.363013292030825 -20.772899010396433 -20.69203603671868 -19.698375469388427 -20.727574679942187 -20.527131231644233 -20.738066064417904 -20.152664084581208 -20.49830080587416 -19.768414897481904 -20.61783662580897
6.132264529058116 -20.397748613690467 -20.763400527808713 -20.684541159729672 -20.613888581774606 -20.68916561585816 -20.736971585826485 -20.088545874900305 -20.5879679409629 -19.079669733293144 -19.713115700413866 -18.549153345128925 -20.575390614905153 -20.117430985100068 -21.19465421911575 -20.919978632286337 -20.466051456162983 -20.59868662796816 -20.34898252672198 -20.770955705126788 -20.68588251519353 -19.673663191791135 -20.72866034298304 -20.516815513531803 -20.733784767302605 -20.160314606843045 -20.503498223141197 -19.777696812428328 -20.612012100078747
6.192384769539078 -20.361147523434955 -20.745651029672043 -20.659590833166117 -20.587296960479158 -20.67827790289174 -20.72345888697873 -20.045907472544553 -20.529778619538774 -18.981950035779732 -19.63344088351544 -18.450278465898723 -20.54476695822394 -20.075356141624233 -21.178862943759793 -20.89686788676601 -20.41074283779117 -20.56853229764483 -20.310730545770213 -20.753020956854797 -20.660865086828988 -19.617455887418718 -20.715823642101636 -20.484821108842226 -20.711925137075298 -20.158528680772566 -20.497583088224793 -19.778656334915553 -20.58761151381315
6.25250501002004 -20.349811452709563 -20.74487621538985 -20.654779464269577 -20.581589935652023 -20.681351941511306 -20.72506021959983 -20.031186344947002 -20.50635250721884 -18.936426562526755 -19.598061475416948 -18.404249238969722 -20.53677347307848 -20.060953494247173 -21.179186761144592 -20.893090066534523 -20.388927133615333 -20.560803883987063 -20.29846966932796 -20.752142230658777 -20.656015246547437 -19.595135276974105 -20.717804687180834 -20.476073065448652 -20.70885032895122 -20.166709576291538 -20.50344743498874 -19.78837714549021 -20.58314217323508
6.312625250501002 -20.31526186517638 -20.728438647736507 -20.63141537119293 -20.55672962523147 -20.671522785769127 -20.712701908748397 -19.99082693114855 -20.451076197007563 -18.843334671566655 -19.522425111524964 -18.31052755717247 -20.507945969096514 -20.021144883668963 -21.164635927288053 -20.871503421577017 -20.33640688125627 -20.53243455169692 -20.262334208213915 -20.735526243805342 -20.632583704217673 -19.54174673494183 -20.706099239896538 -20.445973890943705 -20.688472818740262 -20.16565152217925 -20.498411125901086 -19.78996309513256 -20.560421435548104
6.372745490981964 -20.291250343033145 -20.719051902424344 -20.616432004731244 -20.54057472638151 -20.6674793179684 -20.70661296650524 -19.962119924189007 -20.41033497533105 -18.772131706734058 -19.465371939719933 -18.239036013709477 -20.488545353298512 -19.992886908458146 -21.156775083133194 -20.857959871520634 -20.29788585996671 -20.51340720780283 -20.237042260532085 -20.725995233063443 -20.617544514369843 -19.502522385649232 -20.700539012874923 -20.425567054394662 -20.675908827980027 -20.16870258579425 -20.498244769117537 -19.795152033857978 -20.54600980481254
6.432865731462925 -20.270754296898144 -20.711984778041934 -20.604222979766398 -20.52731870716819 -20.66532426220963 -20.70257710365068 -19.937308976529444 -20.37448204737709 -18.70836435082847 -19.414641364867844 -18.175177561084638 -20.47227575344782 -19.968491654602122 -21.15111100697468 -20.847076559253274 -20.264067529734692 -20.497482973395723 -20.215370569544504 -20.718795483520935 -20.60528315759397 -19.46805649086709 -20.696989860190662 -20.408389719181113 -20.66592751527084 -20.173071640475776 -20.499655399275714 -19.801486513421974 -20.534366787592546
6.492985971943887 -20.241602536529353 -20.69906790027101 -20.58508609934197 -20.506952729255357 -20.658353135972565 -20.693328854785857 -19.902936416096264 -20.326770603325315 -18.6269769172956 -19.34907179038941 -18.093903279047797 -20.448224071798748 -19.93462598122566 -21.139892799091992 -20.82954705402485 -20.218810674829008 -20.47385217300455 -20.184797614050538 -20.70571806918929 -20.58608163605971 -19.42201452641349 -20.68833159547797 -20.38326134182549 -20.64949172279759 -20.17400033546195 -20.497002217342715 -19.80479438311979 -20.515966506717422
6.55310621242485 -20.221606725727526 -20.692253477206126 -20.573218573023073 -20.49411673589363 -20.65637207090008 -20.68949626928349 -19.878698275495534 -20.291710544200168 -18.56463117775711 -19.299615424602532 -18.031829966756415 -20.43236148764872 -19.9108028927064 -21.13445953582269 -20.818988346113827 -20.185739445662822 -20.45833401512096 -20.163647986488815 -20.698773143191733 -20.574160517502147 -19.388304048883338 -20.684979303124553 -20.3665412367301 -20.63982362657244 -20.178443427565856 -20.498532810720587 -19.811171689011267 -20.504739076274294
6.613226452905812 -20.184458391462936 -20.673906829727926 -20.54765968204551 -20.46722201761847 -20.64492879843847 -20.67540784453845 -19.835493369830754 -20.233081854280357 -18.46716883837232 -19.220611614812366 -17.935037603544618 -20.40109692532524 -19.868195460536317 -21.118086022676838 -20.795302186998025 -20.129941307150105 -20.4275649429106 -20.12485398184859 -20.68024010022242 -20.548523459881345 -19.331591295130703 -20.671577945523367 -20.33407935706032 -20.61741185749037 -20.176179342936727 -20.492107626328995 -19.811670512240337 -20.480158237721398
6.673346693386773 -20.169911687950588 -20.670660806675887 -20.540076181930225 -20.4588613493374 -20.645837212850182 -20.67472403005702 -19.81730333289911 -20.20562829941829 -18.41642249846299 -19.181001793215167 -17.8848538348732 -20.390079987026965 -19.85036762682633 -21.116027684516 -20.78884761038272 -20.1041855280572 -20.41684820259316 -20.10931821482723 -20.676881904484556 -20.54089200102016 -19.3052842014656 -20.671308218048257 -20.322357383056247 -20.611725529661342 -20.18261393137324 -20.496037334263182 -19.819768024142302 -20.47319929686628
6.733466933867735 -20.12767198340203 -20.648844257423633 -20.510415826269206 -20.427845324531262 -20.631538670925185 -20.65754340344542 -19.76847338331349 -20.140069692200893 -18.3088579543389 -19.09364522090808 -17.778612078234243 -20.354206812441486 -19.80219818559878 -21.09636089577106 -20.76123386097769 -20.041688608428007 -20.38152211714715 -20.06529113229716 -20.65486236421064 -20.511143106972707 -19.241787886243973 -20.65487810836025 -20.285237835714476 -20.585504537063866 -20.17831997195532 -20.487208976163807 -19.818483820390146 -20.444737393934904
