web/models/mosfit_kne/mosfit_kn_1.0000/mosfit_kn_0.002817_0.3903_1.0000.dat
# %ECSV 1.0
# ---
# datatype:
# - {name: time, datatype: float64}
# - {name: PS1_g, datatype: float64}
# - {name: PS1_i, datatype: float64}
# - {name: PS1_r, datatype: float64}
# - {name: PS1_w, datatype: float64}
# - {name: PS1_y, datatype: float64}
# - {name: PS1_z, datatype: float64}
# - {name: swift_uvot_B, datatype: float64}
# - {name: swift_uvot_U, datatype: float64}
# - {name: swift_uvot_uvm2, datatype: float64}
# - {name: swift_uvot_uvw1, datatype: float64}
# - {name: swift_uvot_uvw2, datatype: float64}
# - {name: swift_uvot_V, datatype: float64}
# - {name: johnson_B, datatype: float64}
# - {name: johnson_I, datatype: float64}
# - {name: johnson_R, datatype: float64}
# - {name: johnson_U, datatype: float64}
# - {name: johnson_V, datatype: float64}
# - {name: sdss_g, datatype: float64}
# - {name: sdss_i, datatype: float64}
# - {name: sdss_r, datatype: float64}
# - {name: sdss_u, datatype: float64}
# - {name: sdss_z, datatype: float64}
# - {name: ATLAS_c, datatype: float64}
# - {name: ATLAS_o, datatype: float64}
# - {name: ukirt_H, datatype: float64}
# - {name: ukirt_J, datatype: float64}
# - {name: ukirt_K, datatype: float64}
# - {name: Clear, datatype: float64}
# meta: !!omap
# - comment: [kappa = 1.0, type = rprocess, mass = 0.0028172691138521437, velocity = 0.3903333333333333, theta_obs = 0.0, tfloor = 1000.0]
# schema: astropy-2.0
time PS1_g PS1_i PS1_r PS1_w PS1_y PS1_z swift_uvot_B swift_uvot_U swift_uvot_uvm2 swift_uvot_uvw1 swift_uvot_uvw2 swift_uvot_V johnson_B johnson_I johnson_R johnson_U johnson_V sdss_g sdss_i sdss_r sdss_u sdss_z ATLAS_c ATLAS_o ukirt_H ukirt_J ukirt_K Clear
[from data line 176]
10.64128256513026 12.483415577764916 3.6015867645656208 7.076657542603471 5.108733731099484 0.0783967160403698 1.4960726808874902 16.023322154329385 22.682266252224306 36.57086155625348 18.647848784298873 21.160865290778514 10.442932270635701 14.819384837363195 2.04807345814367 5.01810622486867 21.651265072972564 9.487909935466947 13.295955679079352 3.682842716678625 7.3051462020999125 23.18337178239913 0.9226450688655063 9.055734112346112 4.603321587736335 -4.870590661875126 -2.7211013663854353 -6.230879342348297 2.8228396873381456
10.701402805611222 12.505571029771865 3.6237422165725697 7.0988129946104195 5.130889183106433 0.1005521680473187 1.5182281328944391 16.045477606336334 22.704421704231255 36.593017008260425 18.670004236305804 21.183020742785462 10.46508772264265 14.841540289370144 2.070228910150619 5.040261676875619 21.673420524979512 9.510065387473896 13.318111131086301 3.7049981686855737 7.327301654106844 23.20552723440608 0.9448005208724553 9.077889564353061 4.625477039743284 -4.848435209868177 -2.6989459143784864 -6.208723890341348 2.8449951393450945
10.761523046092185 12.527655108857587 3.64582629565831 7.120897073696142 5.152973262192155 0.12263624713304111 1.5403122119801793 16.067561685422074 22.726505783316988 36.615101087346154 18.692088315391544 21.205104821871195 10.487171801728373 14.863624368455884 2.092312989236359 5.062345755961359 21.695504604065235 9.532149466559618 13.340195210172023 3.727082247771296 7.349385733192584 23.227611313491813 0.9668845999581777 9.099973643438783 4.647561118829007 -4.826351130782455 -2.676861835292764 -6.186639811255626 2.867079218430817
10.821643286573146 12.549667815231036 3.6678390020317586 7.142909780069608 5.174985968565622 0.14464895350650764 1.562324918353628 16.089574391795523 22.748518489690444 36.637113793719614 18.714101021765 21.227117528244644 10.50918450810184 14.885637074829333 2.114325695609808 5.084358462334808 21.717517310438694 9.554162172933085 13.36220791654549 3.749094954144745 7.371398439566033 23.24962401986527 0.9888973063316264 9.12198634981225 4.6695738252024555 -4.804338424408988 -2.6548491289192975 -6.164627104882177 2.8890919248042835
10.881763527054108 12.571609384594797 3.68978057139552 7.16485134943337 5.196927537929383 0.1665905228702691 1.5842664877173895 16.111515961159284 22.770460059054205 36.659055363083375 18.736042591128754 21.249059097608406 10.5311260774656 14.907578644193094 2.1362672649735694 5.106300031698569 21.739458879802456 9.576103742296846 13.384149485909251 3.7710365235085064 7.393340008929794 23.27156558922903 1.0108388756953879 9.143927919176011 4.691515394566217 -4.782396855045227 -2.632907559555536 -6.142685535518416 2.911033494168027
10.941883767535069 12.593480059158395 3.7116512459591178 7.186722023996968 5.218798212492981 0.1884611974338668 1.6061371622809872 16.133386635722882 22.792330733617803 36.68092603764698 18.757913265692363 21.270929772172014 10.552996752029198 14.929449318756692 2.158137939537167 5.128170706262167 21.76132955436605 9.597974416860444 13.406020160472849 3.792907198072104 7.415210683493392 23.29343626379263 1.0327095502589856 9.16579859373961 4.713386069129815 -4.760526180481629 -2.6110368849919383 -6.120814860954818 2.9329041687316426
11.002004008016032 12.615280081373985 3.733451268174708 7.20852204621254 5.240598234708553 0.2102612196494391 1.6279371844965773 16.155186657938472 22.814130755833382 36.702726059862556 18.779713287907942 21.292729794387594 10.57479677424477 14.951249340972282 2.1799379617527572 5.149970728477757 21.783129576581633 9.619774439076016 13.427820182688421 3.814707220287694 7.437010705708982 23.315236286008208 1.0545095724745757 9.187598615955181 4.735186091345405 -4.738726158266057 -2.589236862776366 -6.099014838739228 2.954704190947215
11.062124248496994 12.637009696702659 3.755180883503364 7.230251661541214 5.262327850037227 0.23199083497811301 1.6496667998252335 16.176916273267146 22.83586037116205 36.72445567519123 18.80144290323661 21.31445940971626 10.596526389573445 14.972978956300938 2.201667577081431 5.171700343806413 21.804859191910307 9.64150405440469 13.449549798017095 3.836436835616368 7.458740321037656 23.336965901336875 1.0762391878032496 9.209328231283855 4.756915706674079 -4.716996542937383 -2.567507247447692 -6.077285223410554 2.976433806275889
11.122244488977955 12.658669149930155 3.77684033673086 7.25191111476871 5.283987303264723 0.2536502882056091 1.6713262530527295 16.198575726494624 22.857519824389545 36.746115128418715 18.8231023564641 21.336118862943753 10.61818584280094 14.994638409528434 2.2233270303089094 5.193359797033909 21.826518645137803 9.663163507632186 13.471209251244591 3.858096288843864 7.480399774265134 23.35862535456437 1.0978986410307456 9.230987684511351 4.778575159901575 -4.695337089709887 -2.545847794220196 -6.055625770183058 2.998093259503385
11.182364729458918 12.680258684029067 3.7984298708297892 7.273500648867639 5.3055768373636525 0.27523982230453825 1.6929157871516587 16.220165260593554 22.879109358488474 36.767704662517644 18.84469189056303 21.357708397042682 10.63977537689987 15.016227943627364 2.2449165644078386 5.214949331132838 21.848108179236725 9.684753041731115 13.49279878534352 3.8796858229427755 7.501989308364063 23.3802148886633 1.1194881751296748 9.25257721861028 4.800164694000486 -4.673747555610958 -2.524258260121267 -6.034036236084129 3.019682793602314
11.242484969939879 12.701778549855902 3.819949736656625 7.295020514694457 5.327096703190488 0.2967596881313561 1.7144356529784943 16.24168512642039 22.900629224315303 36.789224528344484 18.86621175638986 21.37922826286951 10.661295242726688 15.0377478094542 2.2664364302346742 5.236469196959674 21.869628045063557 9.70627290755795 13.514318651170356 3.901205688769611 7.523509174190899 23.40173475449013 1.1410080409564927 9.274097084437116 4.821684559827322 -4.65222768978414 -2.502738394294449 -6.012516370257311 3.041202659429132
11.302605210420841 12.72322899672604 3.841400183526744 7.316470961564594 5.348547150060607 0.3182101350014932 1.7358860998486136 16.263135573290526 22.92207967118543 36.81067497521461 18.88766220325999 21.40067870973964 10.682745689596825 15.059198256324319 2.2878868771048113 5.257919643829793 21.891078491933687 9.72772335442807 13.535769098040475 3.9226561356397482 7.544959621061036 23.423185201360255 1.1624584878266297 9.295547531307236 4.843135006697459 -4.630777242914003 -2.481287947424312 -5.991065923387174 3.062653106299269
11.362725450901802 12.744610272169705 3.862781458970428 7.33785223700826 5.369928425504291 0.33959141044515917 1.7572673752922974 16.284516848734192 22.943460946629102 36.83205625065828 18.909043478703662 21.422059985183314 10.70412696504049 15.080579531768002 2.3092681525484773 5.279300919273477 21.912459767377364 9.749104629871754 13.55715037348416 3.944037411083414 7.566340896504702 23.444566476803928 1.1838397632702957 9.31692880675092 4.864516282141125 -4.609395967470337 -2.459906671980646 -5.969684647943508 3.084034381742935
11.422845691382765 12.76592262567041 3.8840938124711144 7.359164590508964 5.391240779004978 0.36090376394586343 1.7785797287929839 16.30582920223488 22.9647733001298 36.85336860415897 18.93035583220436 21.44337233868401 10.725439318541195 15.101891885268689 2.330580506049164 5.3006132727741635 21.933772120878047 9.77041698337244 13.578462726984846 3.9653497645841185 7.587653250005388 23.465878830304625 1.205152116771 9.338241160251606 4.885828635641811 -4.588083613969633 -2.4385943184799417 -5.9483722944428035 3.1053467352436392
11.482965931863728 12.787166314245884 3.9053375010465885 7.380408279084438 5.412484467580452 0.3821474525213375 1.799823417368458 16.327072890810353 22.986016988705273 36.87461229273445 18.951599520779833 21.464616027259485 10.746683007116669 15.123135573844163 2.351824194624638 5.321856961349638 21.95501580945353 9.791660671947914 13.59970641556032 3.9865934531595926 7.6088969385808625 23.4871225188801 1.226395805346474 9.35948484882708 4.907072324217303 -4.5668399253941585 -2.4173506299044676 -5.927128605867329 3.1265904238191133
11.543086172344688 12.808341586758694 3.9265127735593985 7.401583551597248 5.433659740093262 0.40332272503414757 1.820998689881268 16.348248163323163 23.007192261218083 36.895787565247254 18.97277479329264 21.48579129977229 10.767858279629479 15.144310846356973 2.372999467137448 5.343032233862448 21.97619108196634 9.812835944460724 13.62088168807313 4.007768725672403 7.6300722110936725 23.50829779139291 1.2475710778592841 9.38066012133989 4.928247596730113 -4.5456646528813485 -2.3961753573916575 -5.905953333354519 3.1477656963319234
11.603206412825651 12.829448698692438 3.947619885493161 7.422690663530993 5.4547668520270065 0.42442983696789227 1.8421058018150305 16.369355275256925 23.02829937315184 36.91689467718101 18.993881905226395 21.506898411706047 10.788965391563224 15.165417958290735 2.3941065790712104 5.36413934579621 21.997298193900086 9.83394305639447 13.641988800006875 4.028875837606147 7.651179323027435 23.529404903326665 1.2686781897930288 9.401767233273635 4.949354708663858 -4.524557540947604 -2.375068245457913 -5.884846221420775 3.168872808265668
11.663326653306612 12.850487905417136 3.968659092217841 7.443729870255691 5.475806058751704 0.4454690436925901 1.8631450085397105 16.390394481981623 23.049338579876533 36.93793388390571 19.014921111951086 21.527937618430737 10.810004598287922 15.186457165015415 2.415145785795908 5.38517855252089 22.018337400624784 9.854982263119167 13.663028006731572 4.049915044330845 7.672218529752133 23.55044411005136 1.2897173965177267 9.422806439998332 4.970393915388556 -4.503518334222906 -2.354029038733215 -5.863807014696077 3.189912014990366
11.723446893787575 12.871459462216954 3.989630649017677 7.464701427055527 5.49677761555154 0.46644060049242597 1.8841165653395464 16.41136603878144 23.070310136676362 36.958905440705536 19.035892668750922 21.548909175230573 10.830976155087757 15.207428721815251 2.4361173425957263 5.406150109320726 22.03930895742461 9.875953819919003 13.683999563531408 4.070886601130681 7.693190086551951 23.571415666851188 1.3106889533175625 9.443777996798168 4.991365472188374 -4.48254677742307 -2.333057481933379 -5.842835457896241 3.210883571790202
11.783567134268537 12.892363627313479 4.010534814114202 7.485605592152034 5.517681780648047 0.4873447655889329 1.9050207304360711 16.432270203877966 23.09121430177288 36.97980960580205 19.056796833847436 21.569813340327087 10.851880320184264 15.228332886911776 2.457021507692251 5.427054274417251 22.060213122521127 9.89685798501551 13.704903728627915 4.091790766227188 7.714094251648476 23.592319831947705 1.3315931184140695 9.464682161894675 5.0122696372848985 -4.461642612326563 -2.312153316836872 -5.821931292799734 3.2317877368867087
11.843687374749498 12.91320065733764 4.031371844138363 7.506442622176213 5.538518810672226 0.5081817956131118 1.9258577604602323 16.453107233902127 23.112051331797048 37.00064663582622 19.077633863871608 21.59065037035126 10.872717350208443 15.249169916935937 2.477858537716412 5.447891304441412 22.081050152545295 9.917695015039689 13.725740758652094 4.112627796251367 7.734931281672637 23.613156861971873 1.3524301484382484 9.485519191918854 5.03310666730906 -4.440805582302384 -2.2913162868126933 -5.801094262775555 3.2526247669108876
11.90380761523046 12.933970814440983 4.0521420012416876 7.527212779279537 5.559288967775551 0.5289519527164366 1.946627917563557 16.473877391005452 23.132821488900372 37.02141679292955 19.09840402097493 21.61142052745458 10.893487507311768 15.269940074039262 2.4986286948197547 5.468661461544737 22.10182030964863 9.938465172143014 13.746510915755419 4.133397953354692 7.755701438775979 23.633927019075198 1.3732003055415731 9.506289349022179 5.053876824412402 -4.4200354251990595 -2.2705461297093685 -5.78032410567223 3.2733949240142124
11.963927855711422 12.954674353540216 4.072845540340921 7.547916318378771 5.579992506874785 0.5496554918156704 1.9673314566627909 16.494580930104686 23.153525027999606 37.04212033202878 19.119107560074166 21.632124066553818 10.914191046411002 15.290643613138496 2.5193322339189708 5.4893650006439705 22.122523848747853 9.959168711242247 13.767214454854653 4.1541014924539255 7.776404977875195 23.654630558174432 1.393903844640807 9.526992888121413 5.074580363511618 -4.399331886099826 -2.2498425906101347 -5.7596205665729965 3.2940984631134462
12.024048096192384 12.975311541755978 4.093482728556683 7.568553506594533 5.6006296950905465 0.5702926800314323 1.9879686448785527 16.515218118320448 23.174162216215368 37.06275752024454 19.139744748289925 21.652761254769576 10.934828234626764 15.311280801354258 2.5399694221347326 5.510002188859732 22.143161036963626 9.97980589945801 13.787851643070415 4.174738680669687 7.797042166090957 23.675267746390194 1.4145410328565688 9.547630076337175 5.095217551727398 -4.378694697884064 -2.229205402394373 -5.738983378357235 3.314735651329208
12.084168336673347 12.995882635487224 4.114053822287946 7.589124600325778 5.62120078882181 0.5908637737626776 2.008539738609816 16.53578921205171 23.19473330994662 37.083328613975794 19.16031584202118 21.673332348500832 10.95539932835801 15.33185189508552 2.5605405158659957 5.5305732825909955 22.16373213069487 10.000376993189255 13.80842273680166 4.195309774400933 7.81761325982222 23.695838840121446 1.4351121265878142 9.56820117006842 5.115788645458643 -4.358123604152818 -2.2086343086631275 -5.718412284625989 3.3353067450604534
12.144288577154308 13.016387897722783 4.134559084523488 7.609629862561338 5.641706051057351 0.6113690359982371 2.0290450008453575 16.556294474287252 23.215238572182173 37.10383387621135 19.180821104256733 21.693837610736384 10.975904590593569 15.352357157321062 2.5810457781015375 5.551078544826537 22.18423739293043 10.020882255424814 13.82892799903722 4.215815036636492 7.838118522057762 23.716344102357 1.4556173888233737 9.58870643230398 5.136293907694203 -4.337618341917259 -2.188129046427568 -5.69790702239043 3.355812007296013
12.20440881763527 13.036827589722968 4.154998776523691 7.6300695545615405 5.662145743057554 0.6318087279984397 2.04948469284556 16.576734166287455 23.235678264182376 37.12427356821155 19.201260796256935 21.714277302736576 10.996344282593771 15.372796849321265 2.60148547010174 5.57151823682674 22.204677084930623 10.041321947425017 13.849367691037422 4.236254728636677 7.858558214057965 23.7367837943572 1.4760570808235585 9.609146124304182 5.1567335996943875 -4.317178649917056 -2.1676893544273654 -5.677467330390245 3.3762516992961977
12.264529058116231 13.05720197708105 4.175373163881773 7.650443941919605 5.682520130415618 0.6521831153565039 2.069859080203642 16.597108553645537 23.25605265154045 37.14464795556962 19.221635183615007 21.73465169009466 11.016718669951835 15.393171236679347 2.621859857459822 5.591892624184822 22.225051472288698 10.06169633478308 13.869742078395486 4.256629115994759 7.878932601416047 23.757158181715276 1.4964314681816404 9.629520511662246 5.177107987052469 -4.296804262558992 -2.1473149670693013 -5.657092943032163 3.3966260866542797
12.324649298597194 13.077511324873221 4.195682511673944 7.670753289711776 5.702829478207789 0.6724924631486751 2.0901684279958133 16.617417901437708 23.27636199933262 37.164957303361795 19.241944531407178 21.75496103788682 11.037028017744007 15.413480584471518 2.642169205251993 5.612201971976975 22.24536082008087 10.082005682575252 13.890051426187657 4.27693846378693 7.899241949208218 23.777467529507447 1.5167408159738116 9.649829859454417 5.197417334844641 -4.276494914766821 -2.12700561927713 -5.636783595239992 3.416935434446451
