web/models/mosfit_kne/mosfit_kn_1.0000/mosfit_kn_0.062996_0.4843_1.0000.dat
# %ECSV 1.0
# ---
# datatype:
# - {name: time, datatype: float64}
# - {name: PS1_g, datatype: float64}
# - {name: PS1_i, datatype: float64}
# - {name: PS1_r, datatype: float64}
# - {name: PS1_w, datatype: float64}
# - {name: PS1_y, datatype: float64}
# - {name: PS1_z, datatype: float64}
# - {name: swift_uvot_B, datatype: float64}
# - {name: swift_uvot_U, datatype: float64}
# - {name: swift_uvot_uvm2, datatype: float64}
# - {name: swift_uvot_uvw1, datatype: float64}
# - {name: swift_uvot_uvw2, datatype: float64}
# - {name: swift_uvot_V, datatype: float64}
# - {name: johnson_B, datatype: float64}
# - {name: johnson_I, datatype: float64}
# - {name: johnson_R, datatype: float64}
# - {name: johnson_U, datatype: float64}
# - {name: johnson_V, datatype: float64}
# - {name: sdss_g, datatype: float64}
# - {name: sdss_i, datatype: float64}
# - {name: sdss_r, datatype: float64}
# - {name: sdss_u, datatype: float64}
# - {name: sdss_z, datatype: float64}
# - {name: ATLAS_c, datatype: float64}
# - {name: ATLAS_o, datatype: float64}
# - {name: ukirt_H, datatype: float64}
# - {name: ukirt_J, datatype: float64}
# - {name: ukirt_K, datatype: float64}
# - {name: Clear, datatype: float64}
# meta: !!omap
# - comment: [kappa = 1.0, type = rprocess, mass = 0.06299605249512866, velocity = 0.48433333333333334, theta_obs = 0.0, tfloor = 1000.0]
# schema: astropy-2.0
time PS1_g PS1_i PS1_r PS1_w PS1_y PS1_z swift_uvot_B swift_uvot_U swift_uvot_uvm2 swift_uvot_uvw1 swift_uvot_uvw2 swift_uvot_V johnson_B johnson_I johnson_R johnson_U johnson_V sdss_g sdss_i sdss_r sdss_u sdss_z ATLAS_c ATLAS_o ukirt_H ukirt_J ukirt_K Clear
[from data line 85]
5.170340681362725 0.31094692285178027 -6.916596356224449 -4.095777671849916 -5.482277252569592 -9.720217888436 -8.607223857371356 3.1860134576050827 8.38704685897099 20.551923721277078 6.329736648097519 8.513097636846748 -1.4374875185644889 2.355184516159024 -8.228368176420286 -5.632499995851046 7.602346924221937 -2.0801031974028 0.9759550915885562 -6.850492869994778 -3.936220762691658 8.948895822402871 -9.021136991950645 -2.3667706863725257 -5.985548692529452 -13.502372868039243 -11.881148119721646 -14.480037999361526 -7.206624682963856
5.2304609218436875 0.6628388422427633 -6.685082796557396 -3.816419614172002 -5.2444116589740375 -9.541194840633409 -8.406150632943952 3.586250377149768 8.892516659864977 21.188416051195777 6.696221328047844 8.900614100352243 -1.1072017664897629 2.7301305546885284 -8.014206972449955 -5.388675207211063 8.090654392473436 -1.7703447187884944 1.338690613953677 -6.617804783279855 -3.652066188446348 9.45024007264701 -8.83086389291929 -2.0688369005919327 -5.747747657924158 -13.407811610451875 -11.748237056584026 -14.41314882998668 -7.008480108050286
5.290581162324649 1.0150293606457517 -6.453218443043571 -3.536769861272031 -5.006391334143139 -9.36178284969655 -8.20467652395477 3.986778359373994 9.398381188489502 21.824161720063376 7.062262761597324 9.288225274496092 -0.7765368692372591 3.105064623168033 -7.799727935158237 -5.144946415281713 8.579247686449978 -1.460549699766209 1.7017056944277442 -6.384776898520492 -3.3675819456066414 9.951943198768252 -8.64031080446562 -1.7706962751638322 -5.509802239447179 -13.312912657776275 -11.614982569059576 -14.34594598642711 -6.810355571073821
5.350701402805611 1.367288207823929 -6.221165883586384 -3.257017585007649 -4.76837384763984 -9.182113508525624 -8.002946334975078 4.387337489956761 9.9043170161851 22.458826302125477 7.427654568337996 9.675688906013772 -0.44571554071454217 3.479747714642421 -7.5850829472558265 -4.901476626666768 9.067812298799776 -1.150927218848545 2.0647633112893438 -6.1515726595703235 -3.082961515676299 10.45368163585536 -8.449616433083058 -1.472543059529663 -5.271871412784996 -13.217754767052073 -11.481487424697468 -14.278489878716892 -6.612382214473342
5.410821643286573 1.7195227399206736 -5.98899384975951 -2.9772406155595377 -4.53042082300291 -9.002243774947782 -7.801022192895655 4.787823207290093 10.410194238863397 23.092314674139335 7.792332945006102 10.062912998487757 -0.11483059846081363 3.8540872071735204 -7.37033633329392 -4.658329994534285 9.556221248162878 -0.8415634818686943 2.427768041498055 -5.918261207162985 -2.7982852992523632 10.955324049169093 -8.258840594167065 -1.1744536637284497 -5.034018003386755 -13.122372936322096 -11.347796564125117 -14.210807333478622 -6.414609620748202
5.4709418837675345 2.0714844053935266 -5.756877105055906 -2.6976424911258157 -4.292702464076719 -8.822315054781846 -7.599059817322971 5.187955140633641 10.91566322775396 23.72425733366742 8.156072869020594 10.449634898501628 0.21587820835270857 4.22782586514726 -7.155651184894928 -4.415680589875326 10.044135373600252 -0.5326821032769022 2.790464118402962 -5.685018162205182 -2.513761455486403 11.456521361588052 -8.068131868389337 -0.8766380379032768 -4.7964131601050575 -13.026851648678617 -11.214020212036678 -14.142963257768455 -6.2171791306355395
5.531062124248497 2.4231184977663567 -5.5248582111771505 -2.4182700219338393 -4.055253998273152 -8.642363543128777 -7.397098371466395 5.5876716806532025 11.420647144319123 24.35462105570529 8.518849167682703 10.835803532727738 0.5463541435233551 4.600912024809439 -6.941067323966098 -4.173564115567577 10.531479589557698 -0.2243342479804664 3.1527951860570624 -5.451886335939697 -2.2294389011002913 11.957195322417036 -7.877527838215634 -0.5791402394333467 -4.559092911527305 -12.931213710759566 -11.080187129767525 -14.074975214133081 -6.02011765942267
5.591182364729459 2.7742445221467804 -5.293065247695061 -2.1392714098657173 -3.8181982391469127 -8.46249355425142 -7.195252520026738 5.986769383686984 11.924891846703343 24.983150721978543 8.88050650396913 11.22123016150194 0.8764219560463068 4.973161285724018 -6.726704217753233 -3.932104808582662 11.018007661726521 0.0833182358808873 3.5145755317846827 -5.218994411900084 -1.9454695976350322 12.457092024125949 -7.687137631939258 -0.282112068182343 -4.322180654676213 -12.83552183939811 -10.946378727663484 -14.006891484391486 -5.823526086963113
5.651302605210421 3.1247482164349094 -5.061580996754689 -1.8607411938637064 -3.5816119279891367 -8.28277335454878 -6.993597007417414 6.38511959109917 12.428236335265161 25.60970420336053 9.240957286863267 11.605798154235224 1.2059690572430768 5.3444595976391405 -6.512639071573459 -3.6913793248342524 11.503563667580863 0.3901727970943394 3.8756875890177156 -4.986425556340883 -1.6619509731894944 12.956050157499597 -7.497032263081973 0.01435129204928387 -4.085753572100312 -12.739817610022948 -10.81264847714644 -13.938744155092378 -5.627466198938826
5.7114228456913825 3.4745601010961913 -4.830457533251167 -1.5827375859304382 -3.3455407355264732 -8.103246748665995 -6.792179494615258 6.782644218684223 12.930582603423453 26.234214474875326 9.600159147913256 11.989439474114999 1.5349253190429544 5.714740369687 -6.298920444395214 -3.4514322139847247 11.988052771606046 0.6961670075146233 4.2360598626730095 -4.754232079796079 -1.3789435171886844 13.453971071967956 -7.3072569009020505 0.3101928710478141 -3.8498576520245464 -12.644128247939788 -10.679030888226764 -13.870554336634465 -5.431973491958804
5.771543086172344 3.823551512573875 -4.5997870874134605 -1.305366420731957 -3.1100715234746623 -7.923989543040264 -6.591083126251238 7.179198477113013 13.431749153110797 26.856508963656097 9.958008234957436 12.372021268004097 1.863164931666563 6.083874727556232 -6.085634263685008 -3.212349339435357 12.471299693480045 1.0011867545151378 4.595560014571429 -4.522506600094882 -1.0965561177738792 13.950673510793319 -7.117890212647424 0.6053049891677276 -3.614579918242793 -12.548499714786113 -10.545585177159625 -13.802357580127625 -5.237118148089426
5.831663326653306 4.171686544755904 -4.369598475354586 -1.0286584923504272 -2.875226780081288 -7.745026995490001 -6.390335055963039 7.574742252910988 13.931685129736149 27.476573390786147 10.314494856349299 12.753511581514566 2.1906498520354907 6.451831722122293 -5.872807357067088 -2.974150820977173 12.953255532342574 1.3052002485087424 4.954151105141609 -4.2912780394273575 -0.8148213511253743 14.446105924838442 -6.928957661419197 0.899659192308917 -3.379942954123951 -12.452948332918917 -10.412331435949971 -13.734166709430012 -5.042916044304242
5.891783567134269 4.518831976633315 -4.139986675980278 -0.7527230120419759 -2.641096639355034 -7.566437102083299 -6.190020900789097 7.969125713016848 14.430202444429288 28.09422205319613 10.669508883154748 13.133772129420255 2.5172503385669804 6.81847795049984 -5.660528140237498 -2.7369249233094743 13.433739048343945 1.608090430529592 5.311696149395466 -4.06064174029602 -0.5338515028840973 14.940080873433406 -6.740539959584773 1.1931437349889684 -3.1460368355623736 -12.357521308867783 -10.279330495156296 -13.666018315247557 -4.8494400019380635
5.95190380761523 4.865027633350056 -3.9109284991487847 -0.47752936622377007 -2.4076512031916586 -7.388203611759696 -5.990121859443942 8.362394236750006 14.927356907163656 28.709566397011056 11.023115982735803 13.51285293791475 2.8430002622264423 7.183862235388446 -5.448774964398072 -2.5006380850325742 13.912804615491002 1.9098929923497312 5.668236094523209 -3.8305743813136317 -0.25361664623812175 15.432652838242724 -6.5526188677483255 1.4857946879064876 -2.9128316245816066 -12.26221060263917 -10.146570296649154 -13.597906583103557 -4.656661829329547
6.012024048096192 5.18110296231832 -3.700725850880957 -0.22565507284312503 -2.1935788843471116 -7.223915899406226 -5.806239934559088 8.721009538882807 15.37995363677771 29.268548940806888 11.345536168852277 13.858552675331929 3.140619655189105 7.517072221916617 -5.254239157302908 -2.284206390577908 14.348952457525968 2.185597320020352 5.9936430636327565 -3.6194698987679708 0.0028335866533168996 15.881059166952536 -6.379667546581089 1.7534214968995165 -2.6989910277102602 -12.172903277321721 -10.02341398183203 -13.533191957794893 -4.47947292810845
6.072144288577154 5.212996966015115 -3.668831847184162 -0.19376106914632985 -2.1616848806502986 -7.192021895709431 -5.774345930862292 8.752903542579602 15.411847640474523 29.30044294450369 11.377430172549072 13.890446679028724 3.1725136588859 7.5489662256134125 -5.2223451536061125 -2.252312386881113 14.380846461222763 2.217491323717165 6.025537067329569 -3.5875758950711756 0.03472759035011208 15.912953170649349 -6.347773542884294 1.7853155005963295 -2.667097024013465 -12.141009273624926 -9.991519978135235 -13.501297954098098 -4.447578924411655
6.132264529058116 5.244289711085095 -3.6375391021141823 -0.16246832407635026 -2.130392135580337 -7.160729150639451 -5.743053185792313 8.784196287649582 15.443140385544485 29.331735689573662 11.408722917619052 13.921739424098703 3.2038064039558796 7.580258970683374 -5.191052408536133 -2.221019641811151 14.412139206292743 2.2487840687871268 6.056829812399531 -3.556283150001196 0.06602033542009167 15.94424591571931 -6.3164807978143145 1.8166082456662913 -2.6358042789434855 -12.109716528554946 -9.960227233065256 -13.470005209028118 -4.416286179341675
6.192384769539078 5.275002772679738 -3.6068260405195396 -0.13175526248170755 -2.099679073985694 -7.130016089044808 -5.71234012419767 8.814909349244225 15.473853447139128 29.362448751168305 11.439435979213695 13.952452485693346 3.2345194655505223 7.610972032278035 -5.16033934694149 -2.1903065802165083 14.442852267887385 2.2794971303817695 6.087542873994174 -3.5255700884065533 0.09673339701473438 15.974958977313953 -6.285767736219672 1.847321307260934 -2.6050912173488427 -12.079003466960303 -9.929514171470613 -13.439292147433475 -4.3855731177470325
6.25250501002004 5.305148545047853 -3.576680268151442 -0.10160949011359222 -2.0695333016175788 -7.099870316676693 -5.6821943518295726 8.845055121612322 15.503999219507243 29.39259452353642 11.46958175158181 13.982598258061461 3.2646652379186376 7.641117804646132 -5.130193574573393 -2.160160807848393 14.4729980402555 2.309642902749885 6.117688646362289 -3.495424316038438 0.1268791693828497 16.00510474968207 -6.255621963851556 1.8774670796290494 -2.5749454449807274 -12.048857694592188 -9.899368399102498 -13.40914637506536 -4.355427345378917
6.312625250501002 5.334749780564945 -3.5470790326343327 -0.07200825459648286 -2.0399320661004694 -7.070269081159601 -5.652593116312463 8.874656357129432 15.533600455024352 29.42219575905352 11.499182987098902 14.012199493578553 3.294266473435729 7.670719040163242 -5.100592339056283 -2.1305595723312836 14.502599275772592 2.339244138266994 6.147289881879399 -3.4658230805213464 0.1564804048999413 16.034705985199178 -6.226020728334465 1.9070683151461587 -2.545344209463636 -12.019256459075079 -9.869767163585388 -13.379545139548268 -4.325826109861826
6.372745490981964 5.363814173427297 -3.5180146397719803 -0.042943861734148214 -2.0108676732381348 -7.041204688297249 -5.623528723450111 8.903720749991784 15.562664847886687 29.451260151915864 11.528247379961254 14.041263886440905 3.3233308662980816 7.699783433025594 -5.071527946193931 -2.101495179468949 14.531663668634945 2.368308531129329 6.176354274741733 -3.436758687658994 0.1855447977622937 16.063770378061513 -6.196956335472112 1.9361327080084934 -2.5162798166012834 -11.990192066212744 -9.840702770723054 -13.350480746685916 -4.296761716999473
6.432865731462925 5.392364252679958 -3.4894645605193375 -0.014393782481487705 -1.9823175939854742 -7.0126546090445885 -5.594978644197468 8.932270829244427 15.591214927139347 29.479810231168525 11.556797459213914 14.069813965693548 3.351880945550742 7.728333512278237 -5.042977866941288 -2.0729451002162884 14.560213747887605 2.3968586103819893 6.204904353994394 -3.4082086084063334 0.21409487701495422 16.092320457314173 -6.168406256219452 1.9646827872611539 -2.487729737348623 -11.961641986960084 -9.812152691470393 -13.321930667433255 -4.268211637746813
6.492985971943887 5.420415548217541 -3.4614132649817364 0.013657513056113402 -1.9542662984478731 -6.984603313506987 -5.566927348659867 8.960322124782028 15.619266222676949 29.50786152670612 11.584848754751498 14.09786526123115 3.3799322410883432 7.756384807815838 -5.014926571403687 -2.0448938046786873 14.588265043425206 2.4249099059195904 6.232955649531995 -3.38015731286875 0.24214617255253756 16.120371752851774 -6.140354960681869 1.992734082798755 -2.4596784418110396 -11.933590691422483 -9.784101395932792 -13.293879371895672 -4.240160342209212
6.55310621242485 5.447987999862143 -3.4338408133371523 0.04122996470069751 -1.926693846803289 -6.957030861862403 -5.539354897015283 8.987894576426612 15.646838674321533 29.5354339783507 11.612421206396082 14.125437712875733 3.4075046927329273 7.783957259460422 -4.987354119759103 -2.017321353034103 14.61583749506979 2.4524823575641745 6.260528101176579 -3.3525848612241482 0.26971862419712167 16.14794420449636 -6.112782509037267 2.020306534443339 -2.4321059901664377 -11.906018239777898 -9.756528944288208 -13.26630692025107 -4.2125878905646275
6.613226452905812 5.475095852504346 -3.4067329606949492 0.06833781734290056 -1.899585994161086 -6.9299230092202 -5.51224704437308 9.015002429068815 15.673946526963736 29.562541830992913 11.639529059038303 14.152545565517954 3.4346125453751304 7.811065112102625 -4.9602462671169 -1.9902135003919 14.642945347711994 2.4795902102063776 6.287635953818782 -3.325477008581945 0.2968264768393425 16.17505205713856 -6.085674656395064 2.047414387085542 -2.4049981375242346 -11.878910387135695 -9.729421091646005 -13.239199067608867 -4.185480037922424
6.673346693386773 5.501757414196344 -3.380071399002933 0.09499937903489908 -1.8729244324690697 -6.903261447528202 -5.4855854826810635 9.041663990760831 15.700608088655752 29.58920339268492 11.666190620730301 14.179207127209953 3.461274107067129 7.837726673794641 -4.933584705424884 -1.9635519386998836 14.669606909403992 2.506251771898394 6.314297515510798 -3.2988154468899467 0.323488038531341 16.201713618830578 -6.059013094703065 2.0740759487775584 -2.378336575832236 -11.852248825443697 -9.702759529954006 -13.212537505916869 -4.158818476230426
6.733466933867735 5.527987920027986 -3.3538408931712915 0.12122988486654052 -1.8466939266374283 -6.87703094169656 -5.459354976849422 9.067894496592473 15.726838594487393 29.615433898516553 11.692421126561943 14.205437633041594 3.4875046128987703 7.863957179626283 -4.907354199593242 -1.9373214328682422 14.695837415235633 2.5324822777300176 6.34052802134244 -3.272584941058305 0.34971854436298244 16.22794412466222 -6.032782588871424 2.1003064546092 -2.3521060700005947 -11.826018319612055 -9.676529024122365 -13.186307000085227 -4.1325879703987844
6.793587174348697 5.553806004717732 -3.3280228084815455 0.14704796955628652 -1.8208758419477 -6.851212857006814 -5.433536892159676 9.093712581282219 15.752656679177122 29.6412519832063 11.718239211251689 14.23125571773134 3.5133226975885163 7.889775264316029 -4.881536114903496 -1.911503348178514 14.72165549992538 2.5583003624197636 6.366346106032168 -3.246766856368559 0.37553662905272844 16.253762209351947 -6.006964504181678 2.126124539298928 -2.3262879853108487 -11.80020023492231 -9.650710939432619 -13.160488915395481 -4.1067698857090384
