web/models/mosfit_kne/mosfit_kn_1.0000/mosfit_kn_0.022361_0.3433_1.0000.dat
# %ECSV 1.0
# ---
# datatype:
# - {name: time, datatype: float64}
# - {name: PS1_g, datatype: float64}
# - {name: PS1_i, datatype: float64}
# - {name: PS1_r, datatype: float64}
# - {name: PS1_w, datatype: float64}
# - {name: PS1_y, datatype: float64}
# - {name: PS1_z, datatype: float64}
# - {name: swift_uvot_B, datatype: float64}
# - {name: swift_uvot_U, datatype: float64}
# - {name: swift_uvot_uvm2, datatype: float64}
# - {name: swift_uvot_uvw1, datatype: float64}
# - {name: swift_uvot_uvw2, datatype: float64}
# - {name: swift_uvot_V, datatype: float64}
# - {name: johnson_B, datatype: float64}
# - {name: johnson_I, datatype: float64}
# - {name: johnson_R, datatype: float64}
# - {name: johnson_U, datatype: float64}
# - {name: johnson_V, datatype: float64}
# - {name: sdss_g, datatype: float64}
# - {name: sdss_i, datatype: float64}
# - {name: sdss_r, datatype: float64}
# - {name: sdss_u, datatype: float64}
# - {name: sdss_z, datatype: float64}
# - {name: ATLAS_c, datatype: float64}
# - {name: ATLAS_o, datatype: float64}
# - {name: ukirt_H, datatype: float64}
# - {name: ukirt_J, datatype: float64}
# - {name: ukirt_K, datatype: float64}
# - {name: Clear, datatype: float64}
# meta: !!omap
# - comment: [kappa = 1.0, type = rprocess, mass = 0.022360679775100388, velocity = 0.3433333333333334, theta_obs = 0.0, tfloor = 1000.0]
# schema: astropy-2.0
time PS1_g PS1_i PS1_r PS1_w PS1_y PS1_z swift_uvot_B swift_uvot_U swift_uvot_uvm2 swift_uvot_uvw1 swift_uvot_uvw2 swift_uvot_V johnson_B johnson_I johnson_R johnson_U johnson_V sdss_g sdss_i sdss_r sdss_u sdss_z ATLAS_c ATLAS_o ukirt_H ukirt_J ukirt_K Clear
[from data line 379]
22.84569138276553 9.942541508547436 1.0607126953481583 4.535783473386008 2.5678596618820215 -2.4624773531770927 -1.0448013883299723 13.482448085111923 20.141392183006843 34.02998748703602 16.106974715081392 18.619991221561055 7.902058201418238 12.278510768145733 -0.49280061107379236 2.4772321556512074 19.1103910037551 6.947035866249485 10.75508160986189 1.1419686474611446 4.764272132882432 20.64249771318167 -1.6182290003519562 6.51486004312865 2.062447518518855 -7.411464731092589 -5.261975435602897 -8.77175341156576 0.2819656181206831
22.905811623246493 9.950217087689506 1.0683882744902284 4.543459052528078 2.5755352410240917 -2.4548017740350225 -1.037125809187902 13.490123664253993 20.149067762148913 34.037663066178084 16.114650294223463 18.62766680070312 7.909733780560308 12.286186347287803 -0.4851250319317222 2.4849077347932775 19.11806658289717 6.954711445391555 10.76275718900396 1.1496442266032147 4.771947712024502 20.65017329232374 -1.610553421209886 6.52253562227072 2.0701230976609253 -7.403789151950519 -5.254299856460827 -8.76407783242369 0.2896411972627533
22.965931863727455 9.95788457490102 1.0760557617017419 4.551126539739592 2.583202728235605 -2.447134286823527 -1.0294583219763886 13.497791151465506 20.156735249360416 34.0453305533896 16.122317781434976 18.635334287914628 7.917401267771804 12.293853834499316 -0.47745754472020874 2.492575222004791 19.125734070108667 6.962378932603069 10.770424676215473 1.1573117138147282 4.779615199236016 20.657840779535242 -1.6028859339983903 6.530203109482233 2.0777905848724387 -7.396121664739005 -5.246632369249314 -8.756410345212194 0.29730868447424896
23.026052104208414 9.965544010512062 1.0837151973127845 4.558785975350634 2.590862163846648 -2.439474851212484 -1.021798886365346 13.505450587076549 20.164394684971462 34.05298998900064 16.12997721704602 18.64299372352567 7.925060703382846 12.301513270110359 -0.4697981091091661 2.5002346576158336 19.13339350571971 6.970038368214111 10.778084111826516 1.1649711494257708 4.7872746348470585 20.665500215146288 -1.5952264983873476 6.537862545093276 2.0854500204834814 -7.3884622291279625 -5.238972933638271 -8.748750909601151 0.3049681200852916
23.086172344689377 9.973195438179268 1.0913666249799725 4.566437403017822 2.5985135915138358 -2.4318234235452785 -1.014147458698158 13.513102014743737 20.172046112638657 34.06064141666784 16.137628644713224 18.650645151192865 7.932712131050052 12.309164697777547 -0.4621466814419781 2.5078860852830216 19.141044933386915 6.977689795881299 10.785735539493704 1.1726225770929766 4.794926062514264 20.673151642813483 -1.587575070720142 6.545513972760464 2.093101448150687 -7.3808108014607745 -5.231321505971083 -8.741099481933945 0.31261954775249734
23.14629258517034 9.980838897910154 1.0990100847108764 4.574080862748708 2.6061570512447396 -2.4241799638143924 -1.0065039989672542 13.52074547447464 20.179689572369554 34.06828487639873 16.14527210444411 18.658288610923762 7.940355590780938 12.31680815750845 -0.45450322171107427 2.5155295450139254 19.1486883931178 6.985333255612185 10.79337899922459 1.1802660368238627 4.80256952224515 20.68079510254438 -1.5799316109892558 6.553157432491368 2.100744907881573 -7.373167341729888 -5.223678046240197 -8.73345602220306 0.32026300748338343
23.206412825651302 9.988474429950784 1.106645616751507 4.581716394789339 2.6137925832853703 -2.4165444317737617 -0.9988684669266235 13.528381006515271 20.187325104410185 34.07592040843935 16.15290763648474 18.665924142964393 7.947991122821569 12.324443689549081 -0.44686768967044355 2.523165077054556 19.156323925158432 6.992968787652816 10.80101453126522 1.1879015688644934 4.810205054285781 20.68843063458501 -1.572296078948625 6.560792964531981 2.108380439922204 -7.365531809689258 -5.216042514199566 -8.725820490162429 0.32789853952401415
23.266533066132265 9.9961020749247 1.1142732617254225 4.589344039763272 2.621420228259286 -2.4089167867998285 -0.991240821952708 13.536008651489187 20.194952749384107 34.08354805341328 16.160535281458657 18.67355178793832 7.955618767795502 12.332071334522997 -0.4392400446965281 2.5307927220284716 19.163951570132365 7.000596432626749 10.808642176239154 1.1955292138384088 4.8178326992596965 20.696058279558933 -1.564668433974692 6.568420609505914 2.1160080848961194 -7.3579041647153245 -5.208414869225633 -8.718192845188495 0.33552618449794736
23.326653306613224 10.003721869168434 1.1218930559691564 4.5969638340069885 2.629040022503002 -2.4012969925561123 -0.9836210277089741 13.54362844573292 20.20257254362783 34.091167847657005 16.16815507570239 18.681171582182035 7.963238562039218 12.339691128766713 -0.4316202504527942 2.538412516272188 19.17157136437608 7.0082162268704655 10.81626197048287 1.2031490080821428 4.82545249350343 20.703678073802656 -1.5570486397309757 6.57604040374963 2.1236278791398533 -7.350284370471608 -5.200795074981917 -8.71057305094478 0.3431459787416635
23.386773547094187 10.011333849229409 1.1295050360301317 4.604575814067964 2.6366520025639772 -2.393685012495137 -0.9760090476479988 13.551240425793896 20.21018452368881 34.09877982771798 16.175767055763366 18.688783562243007 7.970850542100194 12.347303108827688 -0.4240082703918189 2.546024496333163 19.179183344437057 7.015828206931441 10.823873950543845 1.210760988143118 4.833064473564406 20.711290053863635 -1.5494366596700004 6.583652383810605 2.1312398592008286 -7.342672390410633 -5.193183094920942 -8.702961070883804 0.3507579588026388
23.44689378757515 10.01893805194591 1.137109238746632 4.612180016784482 2.644256205280495 -2.386080809778619 -0.9684048449314986 13.558844628510396 20.217788726405317 34.10638403043449 16.183371258479866 18.696387764959518 7.978454744816694 12.354907311544206 -0.4164040676753187 2.553628699049681 19.186787547153575 7.023432409647959 10.831478153260363 1.2183651908596183 4.840668676280906 20.718894256580143 -1.5418324569535002 6.591256586527123 2.138844061917329 -7.335068187694115 -5.185578892204424 -8.695356868167304 0.358362161519139
23.507014028056112 10.026534511963803 1.1447056987645254 4.619776476802375 2.6518526652983887 -2.3784843497607255 -0.9608083849136051 13.56644108852829 20.22538518642321 34.113980490452384 16.19096771849776 18.70398422497741 7.986051204834605 12.3625037715621 -0.4088076076574252 2.5612251590675745 19.194384007171468 7.031028869665852 10.839074613278257 1.2259616508775117 4.848265136298799 20.726490716598036 -1.5342359969356067 6.598853046545017 2.1464405219352223 -7.327471727676222 -5.17798243218653 -8.68776040814941 0.3659586215370325
23.567134268537075 10.03412326552903 1.1522944523297518 4.627365230367584 2.6594414188635973 -2.370895596195517 -0.9532196313483787 13.574029842093516 20.232973939988426 34.1215692440176 16.198556472062986 18.711572978542637 7.993639958399814 12.370092525127326 -0.4012188540921988 2.568813912632801 19.201972760736677 7.038617623231061 10.846663366843465 1.2335504044427381 4.855853889864026 20.734079470163252 -1.5266472433703804 6.606441800110225 2.1540292755004486 -7.319882974111013 -5.170393678621322 -8.680171654584184 0.3735473751022589
23.627254509018034 10.041704343673405 1.1598755304741282 4.634946308511978 2.6670224970079914 -2.363314518051123 -0.9456385532040024 13.581610920237893 20.240555018132813 34.12915032216198 16.206137550207362 18.719154056687014 8.001221036544209 12.377673603271703 -0.39363777594782245 2.5763949907771773 19.20955383888107 7.046198701375455 10.85424444498786 1.2411314825871145 4.863434968008402 20.74166054830764 -1.519066165226004 6.6140228782546195 2.161610353644825 -7.312301895966619 -5.1628126004769275 -8.672590576439807 0.381128453246653
23.687374749498996 10.04927778191485 1.1674489687155543 4.642519746753404 2.6745959352494175 -2.3557410798096967 -0.9380651149625763 13.589184358479336 20.248128456374246 34.13672376040342 16.213710988448806 18.72672749492845 8.008794474785635 12.385247041513129 -0.3860643377063786 2.5839684290186034 19.217127277122497 7.053772139616881 10.861817883229286 1.2487049208285583 4.871008406249846 20.749233986549072 -1.5114927269845602 6.621596316496046 2.169183791886269 -7.304728457725193 -5.155239162235501 -8.665017138198364 0.3887018914880791
23.74749498997996 10.056843612810162 1.175014799610885 4.650085577648717 2.6821617661447306 -2.3481752489143837 -0.9304992840672455 13.59675018937465 20.255694287269563 34.14428959129874 16.22127681934412 18.73429332582376 8.016360305680948 12.39281287240846 -0.37849850681106556 2.5915342599139164 19.22469310801781 7.061337970512194 10.869383714124599 1.2562707517238714 4.878574237145159 20.75679981744439 -1.5039268960892471 6.629162147391359 2.176749622781582 -7.29716262682988 -5.147673331340188 -8.65745130730305 0.39626772238339214
23.80761523046092 10.064401866162278 1.182573052962983 4.657643831000833 2.6897200194968462 -2.340616995562268 -0.9229410307151475 13.604308442726747 20.263252540621668 34.15184784465084 16.228835072696217 18.741851579175876 8.023918559033064 12.400371125760557 -0.37094025345896764 2.599092513266032 19.232251361369926 7.06889622386431 10.876941967476714 1.263829005075987 4.886132490497257 20.764358070796494 -1.4963686427371314 6.636720400743474 2.1843078761336976 -7.289604373477764 -5.140115077988073 -8.649893053950935 0.4038259757355078
23.867735470941884 10.07195257435674 1.1901237611574622 4.665194539195294 2.6972707276913255 -2.3330662873678065 -0.9153903225206683 13.611859150921227 20.270803248816136 34.15939855284531 16.236385780890696 18.749402287370348 8.031469267227525 12.407921833955037 -0.3633895452644884 2.6066432214605113 19.239802069564387 7.076446932058771 10.884492675671193 1.2713797132704485 4.893683198691736 20.771908778990962 -1.48881793454267 6.644271108937954 2.191858584328159 -7.282053665283303 -5.132564369793611 -8.642342345756473 0.4113766839299693
23.927855711422843 10.079495764779995 1.1976669515807004 4.67273772961855 2.7048139181145636 -2.3255230969445506 -0.9078471320974302 13.619402341344465 20.278346439239385 34.166941743268566 16.243928971313952 18.756945477793597 8.03901245765078 12.415465024378275 -0.35584635484125027 2.6141864118837495 19.247345259987643 7.083990122482027 10.892035866094432 1.2789229036937044 4.901226389114992 20.77945196941421 -1.481274744119414 6.651814299361192 2.199401774751415 -7.274510474860047 -5.125021179370355 -8.634799155333218 0.4189198743532252
23.987975951903806 10.08703146740551 1.2052026542062322 4.680273432244064 2.7123496207400954 -2.3179873943190366 -0.9003114294718984 13.626938043969997 20.28588214186491 34.17447744589409 16.251464673939466 18.764481180419118 8.046548160276295 12.423000727003807 -0.34831065221571844 2.6217221145092813 19.254880962613157 7.091525825107541 10.899571568719963 1.2864586063192185 4.908762091740506 20.786987672039736 -1.4737390414939 6.6593500019867236 2.206937477376929 -7.266974772234533 -5.117485476744841 -8.627263452707703 0.42645557697873926
24.04809619238477 10.094559708305173 1.2127308951058957 4.687801673143728 2.719877861639759 -2.310459153419373 -0.8927831885722348 13.63446628486966 20.29341038276457 34.18200568679375 16.25899291483913 18.77200942131878 8.054076401175958 12.43052896790347 -0.3407824113160549 2.629250355408945 19.26240920351282 7.099054066007205 10.907099809619627 1.293986847218882 4.91629033264017 20.794515912939396 -1.4662108005942365 6.666878242886387 2.2144657182765926 -7.259446531334869 -5.109957235845178 -8.61973521180804 0.4339838178784028
24.10821643286573 10.102080518905066 1.2202517057057705 4.69532248374362 2.7273986722396337 -2.3029383428194805 -0.8852623779723601 13.641987095469535 20.300931193364455 34.18952649739363 16.266513725439005 18.779530231918667 8.061597211775851 12.438049778503345 -0.33326160071618016 2.6367711660088196 19.269930014112713 7.106574876607097 10.914620620219502 1.3015076578187745 4.923811143240044 20.80203672353928 -1.458689989994344 6.674399053486262 2.221986528876485 -7.2519257207349765 -5.102436425245285 -8.612214401208147 0.4415046284782953
24.168336673346694 10.10959392521631 1.2277651120170319 4.702835890054864 2.734912078550895 -2.295424936508237 -0.8777489716610987 13.649500501780796 20.30844459967571 34.197039903704884 16.274027131750266 18.787043638229918 8.069110618087095 12.445563184814606 -0.32574819440491876 2.644284572320081 19.277443420423957 7.114088282918341 10.922134026530763 1.3090210641300182 4.931324549551306 20.809550129850535 -1.4511765836831003 6.681912459797523 2.2294999351877287 -7.244412314423733 -5.0949230189340415 -8.604700994896904 0.44901803478953894
24.228456913827653 10.117099952695714 1.2352711394964189 4.710341917534269 2.742418106030282 -2.287918909028832 -0.8702429441817117 13.657006529260183 20.315950627155104 34.204545931184285 16.28153315922967 18.794549665709315 8.0766166455665 12.453069212293993 -0.318242166925514 2.651790599799468 19.28494944790336 7.121594310397746 10.92964005401015 1.316527091609423 4.938830577030711 20.81705615732993 -1.4436705562036956 6.68941848727691 2.2370059626671335 -7.236906286944328 -5.087416991454637 -8.597194967417499 0.4565240622689437
24.288577154308616 10.124598630790267 1.2427698175909896 4.717840595628822 2.749916784124853 -2.280420230934279 -0.8627442660871409 13.664505207354754 20.323449305249667 34.21204460927885 16.289031837324224 18.802048343803875 8.084115323661052 12.460567890388564 -0.31074348883096103 2.6592892778940387 19.292448125997915 7.129092988492299 10.93713873210472 1.324025769703976 4.946329255125264 20.824554835424493 -1.4361718781091426 6.696917165371481 2.2445046407616864 -7.229407608849775 -5.079918313360084 -8.589696289322946 0.46402274036349667
24.34869739478958 10.132089980755588 1.2502611675563102 4.725331945594142 2.7574081340901735 -2.2729288809689585 -0.8552529161218203 13.671996557320075 20.330940655214988 34.21953595924417 16.296523187289544 18.809539693769196 8.091606673626373 12.468059240353885 -0.3032521388656404 2.6667806278593593 19.299939475963235 7.136584338457637 10.944630082070042 1.3315171196692965 4.953820605090584 20.832046185389814 -1.428680528143822 6.704408515336802 2.251995990727007 -7.2219162588844545 -5.072426963394763 -8.582204939357625 0.4715140903288173
24.40881763527054 10.139574025376117 1.2577452121768218 4.732815990214672 2.764892178710685 -2.265444836348429 -0.8477688715013088 13.679480601940586 20.338424699835507 34.22702000386469 16.304007231910074 18.817023738389718 8.099090718246902 12.475543284974396 -0.29576809424512884 2.674264672479871 19.307423520583765 7.144068383078149 10.952114126690553 1.3390011642898259 4.9613046497111135 20.839530230010332 -1.4211964835232926 6.711892559957313 2.2594800353475364 -7.214432214263925 -5.064942918774234 -8.574720894737096 0.4789981349493466
24.468937875751504 10.147050792400751 1.2652219792014563 4.740292757239306 2.7723689457353196 -2.2579680693237947 -0.8402921044766742 13.68695736896522 20.34590146686014 34.23449677088932 16.31148399893471 18.824500505414353 8.106567485271537 12.48302005199903 -0.28829132722049433 2.6817414395045054 19.3149002876084 7.151545150102783 10.959590893715188 1.3464779313144604 4.968781416735748 20.847006997034967 -1.4137197164986581 6.719369326981948 2.266956802372171 -7.206955447239291 -5.057466151749599 -8.567244127712462 0.48647490197398113
