web/models/mosfit_kne/mosfit_kn_1.0000/mosfit_kn_0.012011_0.3120_1.0000.dat
# %ECSV 1.0
# ---
# datatype:
# - {name: time, datatype: float64}
# - {name: PS1_g, datatype: float64}
# - {name: PS1_i, datatype: float64}
# - {name: PS1_r, datatype: float64}
# - {name: PS1_w, datatype: float64}
# - {name: PS1_y, datatype: float64}
# - {name: PS1_z, datatype: float64}
# - {name: swift_uvot_B, datatype: float64}
# - {name: swift_uvot_U, datatype: float64}
# - {name: swift_uvot_uvm2, datatype: float64}
# - {name: swift_uvot_uvw1, datatype: float64}
# - {name: swift_uvot_uvw2, datatype: float64}
# - {name: swift_uvot_V, datatype: float64}
# - {name: johnson_B, datatype: float64}
# - {name: johnson_I, datatype: float64}
# - {name: johnson_R, datatype: float64}
# - {name: johnson_U, datatype: float64}
# - {name: johnson_V, datatype: float64}
# - {name: sdss_g, datatype: float64}
# - {name: sdss_i, datatype: float64}
# - {name: sdss_r, datatype: float64}
# - {name: sdss_u, datatype: float64}
# - {name: sdss_z, datatype: float64}
# - {name: ATLAS_c, datatype: float64}
# - {name: ATLAS_o, datatype: float64}
# - {name: ukirt_H, datatype: float64}
# - {name: ukirt_J, datatype: float64}
# - {name: ukirt_K, datatype: float64}
# - {name: Clear, datatype: float64}
# meta: !!omap
# - comment: [kappa = 1.0, type = rprocess, mass = 0.012011244339858356, velocity = 0.312, theta_obs = 0.0, tfloor = 1000.0]
# schema: astropy-2.0
time PS1_g PS1_i PS1_r PS1_w PS1_y PS1_z swift_uvot_B swift_uvot_U swift_uvot_uvm2 swift_uvot_uvw1 swift_uvot_uvw2 swift_uvot_V johnson_B johnson_I johnson_R johnson_U johnson_V sdss_g sdss_i sdss_r sdss_u sdss_z ATLAS_c ATLAS_o ukirt_H ukirt_J ukirt_K Clear
[from data line 262]
15.811623246492985 9.743785728316112 0.8619569151168349 4.337027693154667 2.369103881650698 -2.661233133408434 -1.2435571685612956 13.2836923048806 19.942636402775513 33.831231706804694 15.908218934850069 18.42123544132972 7.703302421186897 12.07975498791441 -0.6915563913051157 2.278476375419884 18.91163522352376 6.748280086018144 10.556325829630566 0.9432128672298212 4.565516352651109 20.44374193295034 -1.8169847805832973 6.316104262897326 1.8636917382875318 -7.61022051132393 -5.4607312158342385 -8.9705091917971 0.083209837889342
15.871743486973948 9.753940090914046 0.8721112777147688 4.347182055752601 2.3792582442486143 -2.6510787708105 -1.2334028059633617 13.293846667478533 19.952790765373443 33.84138606940262 15.918373297448003 18.431389803927654 7.713456783784831 12.089909350512343 -0.6814020287071818 2.288630738017818 18.921789586121694 6.758434448616078 10.566480192228482 0.9533672298277551 4.575670715249043 20.45389629554827 -1.8068304179853634 6.326258625495242 1.8738461008854657 -7.600066148725996 -5.450576853236305 -8.960354829199167 0.0933642004872759
15.931863727454909 9.764075612912233 0.8822467997129557 4.3573175777508055 2.389393766246819 -2.640943248812313 -1.2232672839651748 13.30398218947672 19.96292628737164 33.85152159140081 15.92850881944619 18.44152532592584 7.723592305783018 12.10004487251053 -0.6712665067089949 2.298766260016005 18.93192510811988 6.768569970614283 10.576615714226687 0.963502751825942 4.58580623724723 20.464031817546466 -1.7966948959871765 6.336394147493447 1.8839816228836526 -7.589930626727791 -5.4404413312381 -8.95021930720098 0.1034997224854628
15.991983967935871 9.77419254084733 0.8923637276480356 4.367434505685885 2.399510694181899 -2.6308263208772154 -1.213150356030095 13.3140991174118 19.97304321530672 33.861638519335905 15.938625747381288 18.45164225386094 7.733709233718115 12.11016180044561 -0.6611495787738972 2.3088831879510847 18.94204203605498 6.7786868985493625 10.586732642161767 0.9736196797610397 4.595923165182327 20.474148745481546 -1.7865779680520788 6.346511075428527 1.8940985508187502 -7.579813698792711 -5.43032440330302 -8.940102379265882 0.11361665042056046
16.052104208416832 9.784291117401569 0.9024623042022917 4.3775330822401415 2.409609270736155 -2.6207277443229593 -1.2030517794758389 13.324197693966056 19.983141791860977 33.87173709589015 15.948724323935526 18.461740830415177 7.743807810272371 12.120260376999866 -0.651051002219659 2.3189817645053408 18.952140612609234 6.7887854751036185 10.596831218716023 0.983718256315278 4.606021741736566 20.484247322035802 -1.7764793914978227 6.356609651982783 1.9041971273729885 -7.569715122238455 -5.420225826748764 -8.930003802711626 0.12371522697481652
16.112224448897795 9.79437157922689 0.9125427660276131 4.387613544065445 2.4196897325614763 -2.6106472824976557 -1.1929713176505174 13.334278155791377 19.99322225368629 33.88181755771547 15.958804785760847 18.4718212922405 7.753888272097675 12.130340838825187 -0.6409705403943375 2.329062226330662 18.962221074434538 6.798865936928922 10.606911680541344 0.9937987181405994 4.616102203561887 20.494327783861117 -1.766398929672519 6.3666901138081045 1.91427758919831 -7.559634660413152 -5.41014536492346 -8.919923340886323 0.13379568880012016
16.172344689378757 9.80443415333827 0.9226053401389933 4.397676118176825 2.4297523066728566 -2.6005847083862754 -1.1829087435391372 13.344340729902758 20.00328482779767 33.89188013182685 15.968867359872227 18.48188386635188 7.763950846209055 12.140403412936568 -0.6309079662829573 2.3391248004420424 18.97228364854592 6.80892851104032 10.616974254652725 1.0038612922519796 4.626164777673267 20.504390357972497 -1.7563363555611389 6.376752687919485 1.9243401633096902 -7.5495720863017715 -5.40008279081208 -8.909860766774942 0.1438582629115004
16.23246492985972 9.81447906850482 0.9326502553055427 4.407721033343375 2.439797221839388 -2.590539793219726 -1.1728638283725878 13.354385645069307 20.013329742964217 33.90192504699339 15.978912275038777 18.49192878151842 7.7739957613756046 12.1504483281031 -0.6208630511164079 2.349169715608574 18.982328563712468 6.818973426206852 10.627019169819256 1.013906207418529 4.636209692839817 20.514435273139043 -1.7462914403945895 6.386797603086016 1.9343850784762395 -7.539527171135222 -5.390037875645531 -8.899815851608393 0.15390317807804976
16.29258517034068 9.824506544210099 0.9426777310108214 4.417748509048671 2.4498246975446847 -2.5805123175144296 -1.1628363526673091 13.364413120774586 20.023357218669506 33.91195252269868 15.988939750744056 18.501956257223707 7.784023237080901 12.160475803808396 -0.6108355754111292 2.3591971913138705 18.992356039417764 6.829000901912148 10.637046645524553 1.0239336831238077 4.646237168545095 20.524462748844332 -1.7362639646893108 6.396825078791313 1.9444125541815183 -7.529499695429926 -5.380010399940234 -8.889788375903114 0.16393065378334626
16.352705410821642 9.834516797388773 0.9526879841894953 4.427758762227327 2.459834950723341 -2.5705020643357734 -1.1528260994886352 13.37442337395326 20.033367471848173 33.92196277587734 15.99895000392273 18.51196651040238 7.794033490259557 12.17048605698707 -0.6008253222324553 2.3692074444925444 19.00236629259642 6.839011155090804 10.647056898703209 1.0339439363024816 4.656247421723769 20.534473002023 -1.726253711510637 6.406835331969969 1.9544228073601921 -7.5194894422512695 -5.370000146761578 -8.87977812272444 0.17394090696200237
16.412825651302605 9.844510036603022 0.9626812234037274 4.437752001441577 2.4698281899375907 -2.5605088251215236 -1.1428328602744031 13.384416613167492 20.043360711062412 33.931956015091586 16.00894324313696 18.521959749616624 7.804026729473807 12.180479296201302 -0.5908320830182232 2.3792006837067765 19.01235953181067 6.849004394305054 10.657050137917459 1.0439371755167315 4.666240660938001 20.544466241237238 -1.716260472296387 6.416828571184219 1.964416046574442 -7.50949620303702 -5.360006907547328 -8.86978488351019 0.18393414617625226
16.472945891783567 9.854486460290808 0.9726576470915305 4.4477284251293625 2.479804613625376 -2.5505324014337383 -1.1328564365866 13.394393036855295 20.05333713475021 33.94193243877938 16.018919666824765 18.531936173304405 7.814003153161592 12.190455719889087 -0.5808556593304202 2.389177107394562 19.022335955498455 6.8589808179928395 10.667026561605244 1.0539135992045168 4.676217084625804 20.554442664925034 -1.7062840486086017 6.426804994872004 1.9743924702622273 -7.499519779349234 -5.350030483859543 -8.859808459822405 0.19391056986403754
16.53306613226453 9.864446273960716 0.9826174607614391 4.457688238799271 2.4897644272952846 -2.5405725877638297 -1.1228966229166915 13.404352850525203 20.063296948420117 33.95189225244929 16.028879480494673 18.541895986974325 7.823962966831501 12.200415533559013 -0.5708958456605115 2.399136921064488 19.032295769168364 6.868940631662748 10.676986375275153 1.0638734128744254 4.686176898295713 20.564402478594943 -1.696324234938693 6.436764808541913 1.984352283932136 -7.489559965679326 -5.340070670189634 -8.849848646152497 0.20387038353394615
16.59318637274549 9.874389673438912 0.9925608602396174 4.467631638277467 2.4997078267734807 -2.5306291882856335 -1.112953223438513 13.4142962500034 20.073240347898302 33.96183565192748 16.03882287997287 18.55183938645251 7.833906366309697 12.210358933037192 -0.5609524461823154 2.4090803205426665 19.04223916864656 6.878884031140944 10.686929774753349 1.0738168123526215 4.696120297773909 20.574345878073128 -1.686380835460497 6.446708208020109 1.994295683410332 -7.47961656620113 -5.330127270711438 -8.8399052466743 0.21381378301214227
16.65330661322645 9.884316848333867 1.00248803513459 4.477558813172422 2.5096350016684355 -2.520702013390679 -1.1030260485435406 13.424223424898354 20.083167522793268 33.971762826822435 16.048750054867824 18.561766561347465 7.843833541204652 12.220286107932147 -0.5510252712873607 2.4190074954376213 19.052166343541515 6.888811206035899 10.696856949648303 1.0837439872475763 4.706047472668864 20.584273052968094 -1.6764536605655422 6.456635382915064 2.004222858305287 -7.469689391306175 -5.3202000958164835 -8.829978071779346 0.22374095790709703
16.713426853707414 9.89422798281467 1.0123991696153922 4.487469947653242 2.5195461361492555 -2.5107908789098587 -1.0931149140627383 13.434134559379157 20.093078657274077 33.98167396130325 16.058661189348626 18.571677695828278 7.853744675685454 12.230197242412967 -0.5411141368065584 2.4289186299184413 19.062077478022335 6.898722340516719 10.706768084129124 1.0936551217283785 4.715958607149666 20.594184187448903 -1.66654252608474 6.466546517395884 2.014133992786089 -7.459778256825355 -5.310288961335663 -8.820066937298543 0.2336520923878993
16.773547094188377 9.904123256427244 1.0222944432279668 4.497365221265799 2.52944140976183 -2.500895605297302 -1.0832196404501637 13.444029832991731 20.10297393088664 33.991569234915815 16.0685564629612 18.581572969440852 7.863639949298029 12.240092516025541 -0.5312188631939838 2.438813903531016 19.071972751634892 6.908617614129276 10.71666335774168 1.1035503953409531 4.725853880762241 20.604079461061467 -1.6566472524721654 6.476441791008458 2.0240292663986637 -7.449882983212798 -5.300393687723107 -8.810171663685969 0.24354736600047389
16.83366733466934 9.914002843523804 1.0321740303245264 4.507244808362358 2.539320996858372 -2.4910160182007424 -1.0733400533536042 13.45390942008829 20.112853517983204 34.00144882201237 16.07843605005776 18.591452556537412 7.873519536394588 12.2499721031221 -0.5213392760974243 2.4486934906275755 19.08185233873145 6.9184972012258354 10.72654294483824 1.1134299824375127 4.7357334678588 20.61395904815803 -1.6467676653756058 6.486321378105 2.033908853495223 -7.440003396116238 -5.290514100626547 -8.80029207658941 0.25342695309703345
16.8937875751503 9.923866920022935 1.0420381068236573 4.517108884861507 2.5491850733575205 -2.4811519417016115 -1.0634759768544733 13.463773496587422 20.122717594482342 34.01131289851151 16.08830012655689 18.601316633036543 7.883383612893719 12.259836179621232 -0.5114751995982934 2.4585575671267064 19.0917164152306 6.928361277724984 10.736407021337389 1.1232940589366436 4.745597544357931 20.623823124657168 -1.636903588876475 6.496185454604149 2.043772929994354 -7.43013931961709 -5.280650024127398 -8.790428000090278 0.26329102959616435
16.95390781563126 9.933715652815387 1.0518868396161096 4.526957617653942 2.559033806149955 -2.471303208909159 -1.053627244062021 13.473622229379874 20.132566327274787 34.02116163130396 16.098148859349344 18.611165365828985 7.8932323456861715 12.269684912413666 -0.501626466805841 2.468406299919141 19.101565148023035 6.938210010517419 10.746255754129823 1.133142791729096 4.755446277150384 20.633671857449613 -1.6270548560840226 6.506034187396583 2.0536216627868065 -7.420290586824655 -5.270801291334964 -8.780579267297826 0.2731397623886167
17.014028056112224 9.943549202870958 1.061720389671681 4.536791167709531 2.568867356205544 -2.461469658853588 -1.0437936940064496 13.483455779435445 20.142399877330366 34.030995181359536 16.107982409404915 18.620998915884567 7.903065895741743 12.279518462469255 -0.4917929167502697 2.47823984997473 19.111398698078624 6.948043560573008 10.756089304185412 1.1429763417846672 4.765279827205955 20.64350540750519 -1.6172213060284513 6.515867737452172 2.0634552128423778 -7.410457036769066 -5.260967741279375 -8.770745717242255 0.282973312444188
17.074148296593187 9.95336773037966 1.0715389171803835 4.546609695218216 2.578685883714247 -2.451651131344885 -1.033975166497747 13.493274306944148 20.15221840483906 34.04081370886824 16.117800936913618 18.63081744339327 7.912884423250445 12.289336989977958 -0.4819743892415671 2.4880583774834326 19.12121722558731 6.95786208808171 10.765907831694115 1.1527948692933698 4.7750983547146575 20.653323935013887 -1.6074027785197487 6.525686264960875 2.0732737403510804 -7.400638509260381 -5.25114921377069 -8.760927189733552 0.2927918399528906
17.13426853707415 9.963171389887489 1.0813425766882112 4.556413354726043 2.5884895432220567 -2.4418474718370575 -1.0241715069899193 13.503077966451976 20.162022064346885 34.05061736837606 16.127604596421445 18.640621102901097 7.922688082758273 12.299140649485786 -0.4721707297337394 2.4978620369912603 19.131020885095136 6.96766574758952 10.775711491201925 1.1625985288011975 4.784902014222485 20.66312759452171 -1.597599119011921 6.535489924468685 2.083077399858908 -7.390834849752554 -5.241345554262862 -8.751123530225724 0.3025954994607183
17.19438877755511 9.972960332356298 1.0911315191570026 4.566202297194852 2.598278485690866 -2.4320585293682484 -1.014382564521128 13.512866908920767 20.171811006815688 34.06040631084486 16.137393538890237 18.6504100453699 7.932477025227082 12.308929591954577 -0.46238178726494805 2.5076509794600517 19.140809827563945 6.977454690058329 10.785500433670734 1.1723874712700066 4.7946909566912765 20.672916536990513 -1.5878101765431119 6.545278866937494 2.092866342327717 -7.381045907283744 -5.231556611794053 -8.741334587756915 0.3123844419295274
17.25450901803607 9.982734703200862 1.1009058900015845 4.5759766680394165 2.60805285653543 -2.4222841585236843 -1.004608193676546 13.522641279765349 20.181585377660262 34.07018068168943 16.14716790973482 18.66018441621446 7.942251396071646 12.318703962799141 -0.45260741642036617 2.517425350304616 19.15058419840851 6.9872290609028935 10.795274804515298 1.1821618421145708 4.804465327535858 20.682690907835088 -1.5780358056985477 6.555053237782058 2.1026407131722813 -7.37127153643918 -5.221782240949489 -8.731560216912351 0.32215881277409153
17.314629258517034 9.99249464655895 1.110665833359672 4.585736611397522 2.617812799893535 -2.412524215165597 -0.9948482503184586 13.532401223123436 20.191345321018357 34.07994062504753 16.156927853092906 18.669944359572558 7.952011339429734 12.328463906157246 -0.4428474730622787 2.527185293662721 19.160344141766597 6.996989004260999 10.805034747873403 1.1919217854726583 4.814225270893946 20.692450851193183 -1.5682758623404602 6.564813181140163 2.112400656530369 -7.361511593081075 -5.212022297591384 -8.721800273554264 0.331918756132179
17.374749498997996 10.00224030329738 1.1204114900980855 4.595482268135935 2.6275584566319488 -2.4027785584271655 -0.985102593580045 13.54214687986185 20.20109097775677 34.08968628178595 16.166673509831337 18.679690016310982 7.961756996168165 12.33820956289566 -0.43310181632386513 2.5369309504011346 19.17008979850503 7.006734660999412 10.814780404611817 1.2016674422110896 4.823970927632377 20.702196507931596 -1.558530205602029 6.574558837878577 2.1221463132688 -7.3517659363426615 -5.20227664085297 -8.712054616815832 0.34166441287061033
17.43486973947896 10.011971808795348 1.1301429955960707 4.6052137736339205 2.637289962129934 -2.3930470529291803 -0.9753710880820599 13.551878385359835 20.210822483254756 34.099417787283926 16.176405015329305 18.689421521808963 7.97148850166615 12.347941068393645 -0.42337031082587995 2.5466624558991198 19.179821304003013 7.0164661664973975 10.824511910109802 1.211398947709057 4.833702433130345 20.71192801342958 -1.5487987001040437 6.584290343376562 2.1318778187667675 -7.342034430844676 -5.192545135354985 -8.702323111317865 0.3513959183685955
