web/models/mosfit_kne/mosfit_kn_1.0000/mosfit_kn_0.500000_0.2337_1.0000.dat
# %ECSV 1.0
# ---
# datatype:
# - {name: time, datatype: float64}
# - {name: PS1_g, datatype: float64}
# - {name: PS1_i, datatype: float64}
# - {name: PS1_r, datatype: float64}
# - {name: PS1_w, datatype: float64}
# - {name: PS1_y, datatype: float64}
# - {name: PS1_z, datatype: float64}
# - {name: swift_uvot_B, datatype: float64}
# - {name: swift_uvot_U, datatype: float64}
# - {name: swift_uvot_uvm2, datatype: float64}
# - {name: swift_uvot_uvw1, datatype: float64}
# - {name: swift_uvot_uvw2, datatype: float64}
# - {name: swift_uvot_V, datatype: float64}
# - {name: johnson_B, datatype: float64}
# - {name: johnson_I, datatype: float64}
# - {name: johnson_R, datatype: float64}
# - {name: johnson_U, datatype: float64}
# - {name: johnson_V, datatype: float64}
# - {name: sdss_g, datatype: float64}
# - {name: sdss_i, datatype: float64}
# - {name: sdss_r, datatype: float64}
# - {name: sdss_u, datatype: float64}
# - {name: sdss_z, datatype: float64}
# - {name: ATLAS_c, datatype: float64}
# - {name: ATLAS_o, datatype: float64}
# - {name: ukirt_H, datatype: float64}
# - {name: ukirt_J, datatype: float64}
# - {name: ukirt_K, datatype: float64}
# - {name: Clear, datatype: float64}
# meta: !!omap
# - comment: [kappa = 1.0, type = rprocess, mass = 0.5000000000045836, velocity = 0.2336666666666667, theta_obs = 0.0, tfloor = 1000.0]
# schema: astropy-2.0
time PS1_g PS1_i PS1_r PS1_w PS1_y PS1_z swift_uvot_B swift_uvot_U swift_uvot_uvm2 swift_uvot_uvw1 swift_uvot_uvw2 swift_uvot_V johnson_B johnson_I johnson_R johnson_U johnson_V sdss_g sdss_i sdss_r sdss_u sdss_z ATLAS_c ATLAS_o ukirt_H ukirt_J ukirt_K Clear
[from data line 339]
20.440881763527052 -29.288080373373333 -28.330993722402766 -28.74810609161253 -28.929555408842003 -27.78783602720358 -28.01456317477836 -29.380122626928024 -30.99762113164191 -32.58591116183997 -32.18661074139483 -32.82860477599954 -29.015596600550577 -29.383715932918943 -28.630616923514093 -28.868589970977247 -30.655895810258286 -29.017032148581748 -29.35414782527147 -28.351046296707363 -28.74962222836224 -29.91693246696025 -27.962561313263468 -29.125291005657523 -28.60571386112685 -26.627309923061194 -27.261383449984926 -26.04657766182626 -28.833653929724417
20.501002004008015 -29.312471795195574 -28.355074338679938 -28.772305213394276 -28.953842514245878 -27.81180027564158 -28.038572345462498 -29.404597811984427 -31.022337608816013 -32.6112967897318 -32.2118701834469 -32.854231549317916 -29.039879615308035 -29.408188093481783 -28.654665866599924 -28.892764303427445 -30.680563606587683 -29.041312209904607 -29.378564571002368 -28.375129906238445 -28.773820495616693 -29.941609370971047 -27.986560096147564 -29.149626829584978 -28.629872088071426 -26.65110652080695 -27.285259535001813 -26.07031770286431 -28.85793200070257
20.561122244488978 -29.336838480758658 -28.37913509591493 -28.796482622403534 -28.978106535265518 -27.83574647796419 -28.062562771012995 -29.42904693537627 -31.047024190080723 -32.63664173960386 -32.23709103268458 -32.87981371374393 -29.064139599225005 -29.432634240926085 -28.678695444995334 -28.91691731223481 -30.705202282576167 -29.065569287450256 -29.402956180565987 -28.399193609981648 -28.79799706319872 -29.96625700887236 -28.0105402958249 -29.173938796198886 -28.654009244275986 -26.674887671090147 -27.30911894259071 -26.09404316936908 -28.882187133667987
20.62124248496994 -29.361180014843544 -28.40317551457426 -28.82063786336115 -29.00234703439695 -27.85967413115758 -28.086533957442068 -29.453469599723256 -31.07168053017288 -32.661945817475946 -32.262273064093634 -32.905351131821185 -29.088376114458125 -29.45705397719449 -28.702705172734266 -28.941048536983207 -30.72981148235578 -29.08980294273016 -29.427322244099052 -28.42323692901271 -28.82215147566699 -29.990875026812915 -28.03450141620715 -29.198226478473543 -28.67812486598254 -26.69865283767391 -27.33296115216948 -26.11775351406649 -28.906418889028842
20.6813627254509 -29.385496155430815 -28.42719528590381 -28.844770652698752 -29.02656374654711 -27.883582902061725 -28.110485580974238 -29.477865581480504 -31.096306459472967 -32.68720900981151 -32.28741623228712 -32.93084384820594 -29.1125888955255 -29.481447078043214 -28.72669473437948 -28.96515768877458 -30.754391025340084 -29.114012909595438 -29.45166252513136 -28.44725955521028 -28.846283449283785 -30.015463246289595 -28.05844313133594 -29.22248962216008 -28.70221866082618 -26.722401652822217 -27.35678581230145 -26.14144835772128 -28.93062699954143
20.741482965931862 -29.409786398530997 -28.451193843992133 -28.868880447863656 -29.050756146290304 -27.90747220214314 -28.134417061773078 -29.50223439382028 -31.120901541275998 -32.7124310252416 -32.312520216155676 -32.95629162579214 -29.136777416659402 -29.505813055994214 -28.75066355782317 -28.989244220110734 -30.778940464627073 -29.138198661658198 -29.475976524826972 -28.47126092324965 -28.87039244133982 -30.040021222338442 -28.08236485935126 -29.246727711909823 -28.72629007809154 -26.74613349597704 -27.380592317521195 -26.165127069131803 -28.95481093777642
20.801603206412825 -29.43405058030171 -28.475170958029405 -28.89296704333706 -29.074924046677655 -27.93134177606179 -28.15832815393348 -29.52657589140551 -31.145465684214795 -32.73761192819217 -32.33758504849932 -32.98169458697652 -29.16094149048532 -29.530151765012608 -28.774611405541155 -29.01330792012522 -30.803459697879216 -29.162360010877016 -29.50026408490441 -28.49524080295664 -28.894478246145336 -30.0645488547036 -28.10626635215426 -29.27094057162858 -28.750338903433974 -26.769848077005452 -27.40438039410403 -26.188789346582123 -28.97897051464195
20.861723446893787 -29.458290241584457 -28.49912807598937 -28.917031922270517 -29.099068956781373 -27.955193037538635 -28.18222028436619 -29.55089164054166 -31.170000528579784 -32.762753569968396 -32.362612538694115 -33.00705466085289 -29.185082625286817 -29.554464770456267 -28.798539716148312 -29.037350264556505 -30.827950350382213 -29.18649846462381 -29.524526753871587 -28.519200643190565 -28.918542346609097 -30.08904777150578 -28.130149033594236 -29.295129725285847 -28.774366607771995 -26.793546760802545 -27.428151430010814 -26.21243653864308 -29.003107236323906
20.92184368737475 -29.482506685426895 -28.523066414037306 -28.94107633373391 -29.123192149912907 -27.979027170706825 -28.206094649538223 -29.57518296810993 -31.194507470516317 -32.787857544412326 -32.387604241254 -33.03237351418694 -29.209202093647566 -29.578753398318852 -28.82244969705684 -29.06137249553914 -30.852413804232174 -29.21061529462873 -29.54876584195084 -28.543141660944897 -28.94258599157414 -30.113519357496124 -28.154014097275155 -29.319296460138347 -28.79837442873077 -26.817230685854497 -27.451906585289585 -26.23606976854324 -29.027222373429122
20.98196392785571 -29.506699625350077 -28.546985624895846 -28.96509995341434 -29.147293318626257 -28.002843806011306 -28.22995088846353 -29.59944960442518 -31.21898628931053 -32.81292377210146 -32.4125600481203 -33.0576511201167 -29.233299587726187 -29.603017378282605 -28.846340994892163 -29.085374283905445 -30.876849828761756 -29.234710192445515 -29.57298106771045 -28.567063509519564 -28.966608856572087 -30.13796338389529 -28.177861180218784 -29.343440478588363 -28.822362033985094 -26.840899451000478 -27.475645473686026 -26.25968862459748 -29.05131561656976
21.04208416833667 -29.530868253767704 -28.570884848452298 -28.989101941015374 -29.171371637160473 -28.026642064145584 -28.25378812921498 -29.623690756454312 -31.243436234430693 -32.837951625707674 -32.43747930679991 -33.0828868973148 -29.25737428146321 -29.627255916763463 -28.870212744284604 -29.109354785164225 -30.90125766479301 -29.25878233148914 -29.597171627934795 -28.59096532929957 -28.990610101173466 -30.162379093168017 -28.201689408781103 -29.36756096341737 -28.846328576315106 -26.864552149757884 -27.49936720152597 -26.283292191289643 -29.07538613828864
21.102204408817634 -29.555012323621188 -28.594763776946444 -29.01308201171826 -29.195426837560063 -28.05042161507666 -28.277606050328696 -29.647906193879667 -31.267857124340743 -32.862941064110935 -32.46236194784178 -33.10808085680588 -29.281425906481193 -29.651468782814824 -28.894064631380278 -29.133313709650192 -30.925637120879276 -29.282831442779976 -29.621337280598503 -28.614846813101593 -29.014589440403533 -30.186766295745784 -28.225498459506806 -29.39165765648143 -28.87027376290355 -26.88818842046343 -27.52307142206936 -26.30688009641497 -29.099433668703263
21.162324649298597 -29.57913207092714 -28.6186225792952 -29.03704035982921 -29.21945913281956 -28.07418260303452 -28.301404805536947 -29.672096171167308 -31.29224926718747 -32.887892549251596 -32.4872084024134 -33.133233517434775 -29.30545467525213 -29.675656230213225 -28.917896818346584 -29.15725124631295 -30.949988494271132 -29.306857738128183 -29.64547826726916 -28.638708130481287 -29.038547068394482 -30.211125290940615 -28.24928848392121 -29.41573078157683 -28.89419777921688 -26.911808372219777 -27.546758261003124 -26.330452437349635 -29.123458418702164
21.22244488977956 -29.603222401394724 -28.64245617084663 -29.060971896816614 -29.24346343135861 -28.097919947433407 -28.325179312655084 -29.696255591812132 -31.316607560649175 -32.9128009678516 -32.51201355745522 -33.15833976353455 -29.329455496699286 -29.69981316250911 -28.94170422160671 -29.181162307384707 -30.974306683750925 -29.330856126523287 -29.66958949295842 -28.66254419668607 -29.062477896652084 -30.23545097735223 -28.273054400199396 -29.43977524590931 -28.918095537980406 -26.935406930760003 -27.570422640990593 -26.354004142088115 -29.147455296822553
21.28256513026052 -29.627298398404296 -28.666279358690314 -29.084891534981114 -29.267454723478448 -28.12164835221827 -28.34894431542649 -29.72039961390869 -31.340947378413624 -32.93768229487908 -32.53679327331831 -33.18341578777922 -29.353443357737625 -29.723954735083055 -28.965501620155287 -29.205061783126222 -30.998607019464767 -29.35484159223797 -29.693686063616216 -28.686369821461213 -29.086396836724635 -30.259758693288852 -28.296810942875137 -29.463806083285213 -28.941981915133574 -26.958998651732134 -27.594079187942295 -26.377549716336116 -29.171439285226697
21.34268537074148 -29.65135184958852 -28.690083988927295 -29.10879109793184 -29.29142481592722 -28.1453596858257 -28.37269167363706 -29.744520009704527 -31.365260448956356 -32.96252814245481 -32.561539182280725 -33.20845316187928 -29.377410066249176 -29.74807272071454 -28.989280866141975 -29.228941501805263 -31.022881238651607 -29.37880594368536 -29.71775976219666 -28.71017685033708 -29.110295712392524 -30.28404017437289 -28.32054997372497 -29.487815091575378 -28.96584874196776 -26.98257543619915 -27.617719787380484 -26.401081072289113 -29.19540219220492
21.402805611222444 -29.67538214077159 -28.71386939641056 -29.132669939785725 -29.31537307698525 -28.16905326440594 -28.39642071063265 -29.768616179080293 -31.389546213118766 -32.98733806933042 -32.58625081932749 -33.233451488383 -29.40135499015617 -29.772166518756386 -29.01304128930286 -29.252800813469328 -31.047128773830945 -29.40274854828228 -29.741809978750293 -28.733964618651004 -29.134173877641665 -30.30829485470054 -28.3442708144225 -29.51180164729669 -28.98969536588405 -27.00613657375047 -27.64134374142614 -26.42459749068443 -29.21934338442094
21.462925851703407 -29.69938943785415 -28.737635685881493 -29.156528188441335 -29.339299651612478 -28.192729170163986 -28.42013151729507 -29.792688304722425 -31.413804902386993 -33.01211244642399 -32.610928527632566 -33.25841118969658 -29.425278273909942 -29.79623631126977 -29.036782988220324 -29.27663984113525 -31.071349846588394 -29.426669549878902 -29.765836884230428 -28.75773323172723 -29.15803146021103 -30.33252295772842 -28.367973553835206 -29.535765905229727 -29.013521906725117 -27.029682114487553 -27.664951115343328 -26.448099010896083 -29.24326300492897
21.52304609218437 -29.723374109901393 -28.761383163461574 -29.180366173864467 -29.363204887352214 -28.216387686001596 -28.443824385467593 -29.816736772950023 -31.438036953209796 -33.03685185313418 -32.63557285825159 -33.28333289792431 -29.449180264508723 -29.820282483932456 -29.060506262671908 -29.300458909744897 -31.09554488320618 -29.450569294856322 -29.789840852897367 -28.781482996287426 -29.181868789901593 -30.35672491165867 -28.3916584817311 -29.559708223008077 -29.03732868616654 -27.053212308208852 -27.6885421745696 -26.4715858716535 -29.26716139932031
21.58316633266533 -29.74733799592915 -28.7851135872487 -29.20418568486248 -29.38709059569632 -28.240030540040735 -28.467501054823554 -29.840763444854723 -31.462244290665993 -33.06155839561937 -32.66018588191763 -33.30821878558112 -29.473062772640716 -29.84430689702203 -29.08421286257448 -29.324259801648484 -31.11971579580483 -29.47444959311619 -29.81382373042157 -28.805215671203328 -29.205687655305823 -30.380902631052624 -28.415327335105438 -29.58363042501393 -29.06111748236114 -27.076728840172613 -27.712118624634243 -26.495059743845758 -29.291040376621833
21.64328657314629 -29.77128086864056 -28.808826677548716 -29.22798646157398 -29.410956531391452 -28.26365743329454 -28.491161233803055 -29.86476810753284 -31.486426743715068 -33.08623202262172 -32.68476752349235 -33.33306884569512 -29.496925552627477 -29.868309337098026 -29.107902502960307 -29.348042252802184 -31.143862404848257 -29.49831019846435 -29.837785293837786 -28.828930977279814 -29.229487796425957 -30.405055937980254 -28.438979820673786 -29.607532274416428 -29.0848880285456 -27.10023138392456 -27.735680152053472 -26.51852029184466 -29.31489968994283
21.703406813627254 -29.795202522166964 -28.83252217633686 -29.25176826572029 -29.43480247070731 -28.287268088524176 -28.514804652564596 -29.88875056943406 -31.51058416243952 -33.11087270323579 -32.70931772838542 -33.3578830913301 -29.520768380306663 -29.89228961207662 -29.13157492055331 -29.371806020764268 -31.16798455197164 -29.522150886225692 -29.861725341587153 -28.852628656989072 -29.253268974847266 -30.429184675673113 -28.46261566687728 -29.631413555862043 -29.108640079571426 -27.123719634859707 -27.75922646514669 -26.541967201902064 -29.33873911392702
21.763527054108216 -29.819102392427492 -28.856199472326267 -29.2755305038766 -29.458627833372084 -28.31086187707422 -28.538430689138146 -29.912710279455094 -31.53471603349775 -33.135480032309545 -32.73383606983513 -33.38266115737799 -29.544590675032698 -29.91624717036999 -29.155229499318082 -29.395550508341863 -31.192081716168182 -29.545971075289415 -29.885643313493695 -28.87630809949359 -29.277030597022407 -30.453288324573986 -28.4862342501933 -29.655273696674485 -29.132373035795602 -27.14719293960751 -27.782756922212073 -26.56539981239648 -29.362558066823397
21.82364729458918 -29.842980460044934 -28.87985849257099 -29.29927312339233 -29.482432581700753 -28.334438706231886 -28.56203925842319 -29.936647232897553 -31.558822394833772 -33.160054169329975 -32.75832268326711 -33.40740324812766 -29.568392398649596 -29.94018200673454 -29.17886616090857 -29.41927565860895 -31.21615392673447 -29.569770726974674 -29.909539194600452 -28.899969232358398 -29.30077261016029 -30.477366915611963 -28.509835483754742 -29.679112667751006 -29.156086837512518 -27.170651177268553 -27.806271415667467 -26.588817993001804 -29.38635650928866
21.883767535070138 -29.866837659725398 -28.903500107476248 -29.322997019069295 -29.506217628513305 -28.357999422596567 -28.585631216191896 -29.96056238202141 -31.582904249606596 -33.18459626166259 -32.78277868779534 -33.43211056384334 -29.592174463348037 -29.96409507278241 -29.20248576923192 -29.44298236123621 -31.240202176519436 -29.593550752846532 -29.93341392490425 -28.923612926603326 -29.32449590889222 -30.501421443578476 -28.533420221206836 -29.702931392162757 -29.179782371057357 -27.194095160415973 -27.829770774175362 -26.612222544888603 -29.410135352179907
21.9438877755511 -29.890675172416827 -28.927125432175487 -29.346703331020763 -29.529984132379514 -28.3815451169154 -28.609207662589125 -29.984456925724665 -31.60696284873776 -33.209107707397244 -32.80720545275647 -33.45678455653419 -29.615938027037025 -29.98798756675017 -29.22608943276653 -29.466671751085222 -31.264227705909768 -29.617312310174718 -29.957268690764387 -28.947240297991303 -29.348201633156545 -30.525453150843962 -28.556989560515778 -29.726731038958736 -29.203460767878067 -27.217525944920325 -27.85325607010101 -26.6356145122341 -29.433895752064938
22.004008016032063 -29.914493102465656 -28.950734519214603 -29.370392131429064 -29.553732179971153 -28.405075822595407 -28.63276863839392 -30.00833098252737 -31.63099835189282 -33.23358878320749 -32.83160323175988 -33.481425545927 -29.639683175911877 -30.01185960663284 -29.249677198831414 -29.49034389620434 -31.28823066623073 -29.641055484648483 -29.981103600796928 -28.97085139956273 -29.371889854999118 -30.549462190306897 -28.580543540750387 -29.75051170309337 -29.227122093335485 -27.24094353687231 -27.876727322445287 -26.658993891986228 -29.45763779402105
