web/models/mosfit_kne/mosfit_kn_1.0000/mosfit_kn_0.406447_0.4687_1.0000.dat
# %ECSV 1.0
# ---
# datatype:
# - {name: time, datatype: float64}
# - {name: PS1_g, datatype: float64}
# - {name: PS1_i, datatype: float64}
# - {name: PS1_r, datatype: float64}
# - {name: PS1_w, datatype: float64}
# - {name: PS1_y, datatype: float64}
# - {name: PS1_z, datatype: float64}
# - {name: swift_uvot_B, datatype: float64}
# - {name: swift_uvot_U, datatype: float64}
# - {name: swift_uvot_uvm2, datatype: float64}
# - {name: swift_uvot_uvw1, datatype: float64}
# - {name: swift_uvot_uvw2, datatype: float64}
# - {name: swift_uvot_V, datatype: float64}
# - {name: johnson_B, datatype: float64}
# - {name: johnson_I, datatype: float64}
# - {name: johnson_R, datatype: float64}
# - {name: johnson_U, datatype: float64}
# - {name: johnson_V, datatype: float64}
# - {name: sdss_g, datatype: float64}
# - {name: sdss_i, datatype: float64}
# - {name: sdss_r, datatype: float64}
# - {name: sdss_u, datatype: float64}
# - {name: sdss_z, datatype: float64}
# - {name: ATLAS_c, datatype: float64}
# - {name: ATLAS_o, datatype: float64}
# - {name: ukirt_H, datatype: float64}
# - {name: ukirt_J, datatype: float64}
# - {name: ukirt_K, datatype: float64}
# - {name: Clear, datatype: float64}
# meta: !!omap
# - comment: [kappa = 1.0, type = rprocess, mass = 0.4064473885499596, velocity = 0.4686666666666667, theta_obs = 0.0, tfloor = 1000.0]
# schema: astropy-2.0
time PS1_g PS1_i PS1_r PS1_w PS1_y PS1_z swift_uvot_B swift_uvot_U swift_uvot_uvm2 swift_uvot_uvw1 swift_uvot_uvw2 swift_uvot_V johnson_B johnson_I johnson_R johnson_U johnson_V sdss_g sdss_i sdss_r sdss_u sdss_z ATLAS_c ATLAS_o ukirt_H ukirt_J ukirt_K Clear
[from data line 170]
10.280561122244489 -19.783193594604622 -20.863521515387387 -20.50807495292034 -20.411967623732927 -21.056952070308412 -21.00176033612655 -19.240549674979565 -19.158997629532504 -16.215441903886955 -17.603149343516158 -15.883347633453496 -20.177937401888936 -19.295462993455622 -21.37154132646935 -20.818251521551165 -19.14155164444192 -20.22258523657365 -19.671880800061246 -20.863853818426872 -20.505424507885763 -18.31272763971132 -21.02076631380374 -20.088597123390244 -20.682766096222434 -20.886948298480053 -21.067596464303442 -20.6120921635172 -20.508820613039642
10.34068136272545 -19.722293611373374 -20.827653260672303 -20.462398812681055 -20.36670536591803 -21.030732368702 -20.97180351147383 -19.17129651847719 -19.069611633960797 -16.077693075753658 -17.495078449990036 -15.762138391650854 -20.1243036684994 -19.227305490204415 -21.33845429101558 -20.775389214772375 -19.05567578963507 -20.169837166238903 -19.608788125135508 -20.82772557357954 -20.459553308427196 -18.225484398827483 -20.99183182781191 -20.0346630066214 -20.64179716921087 -20.873843833330326 -21.048554729160855 -20.602920880736676 -20.467570837231452
10.400801603206412 -19.662264011780124 -20.792344905351445 -20.41739729631491 -20.322194356102425 -21.00497006226833 -20.942342082526952 -19.103005118947866 -18.981445059171662 -15.941866434313198 -17.38882704370713 -15.643315123219178 -20.07142895640409 -19.160109140610405 -21.305898572839325 -20.73318033169634 -18.97096758710194 -20.117846666091662 -19.54659266292243 -20.792160027723607 -20.414355406368916 -18.139419494385596 -20.96338453571402 -19.981542187247534 -20.601465536005303 -20.86107143227291 -21.029901614447528 -20.59404449559732 -20.427057163078963
10.460921843687375 -19.58592705870311 -20.74626894380213 -20.359446829367602 -20.264954154353827 -20.970602346889358 -20.903435077400943 -19.01653838155869 -18.87065933520825 -15.772877386961714 -17.256406715818517 -15.496047132585144 -20.003821664118597 -19.075000520558735 -21.263200041697658 -20.67866692363846 -18.864404280741127 -20.051334680504326 -19.46760397425395 -20.74576867357777 -20.356159470200073 -18.03118694714353 -20.925724993380523 -19.91370184210405 -20.549259921822145 -20.842655023848057 -21.00426353496159 -20.580412968483103 -20.37475655922263
10.521042084168336 -19.521709809398722 -20.70817078176237 -20.31109143748722 -20.217308347158376 -20.942630103894455 -20.871534963994396 -18.943563089452475 -18.77670183963632 -15.628802080439751 -17.144225014142993 -15.371524925762742 -19.94711410160231 -19.00321320417984 -21.228024037059765 -20.633294722571833 -18.774081762282908 -19.99558402137845 -19.40109744618402 -20.70739779030733 -20.307587707372612 -17.939416098811982 -20.894906980069248 -19.856853329273694 -20.50588831055313 -20.82849547659229 -20.98385024063111 -20.570397458102946 -20.33141511597254
10.581162324649299 -19.458643426387763 -20.67081532896374 -20.263631910634015 -20.1706340455841 -20.91526045996755 -20.840289940078645 -18.871862133856567 -18.684353373992924 -15.487224957761953 -17.034347472050282 -15.249925326679875 -19.891417457847506 -18.932696002483937 -21.193551380519484 -20.58878684175876 -18.685303022372423 -19.940839793326234 -19.33577708861021 -20.66977343356065 -20.259911112240285 -17.849204796991547 -20.86473202357359 -19.801072267949067 -20.463357537899842 -20.814763088783202 -20.963943236200056 -20.560757154551204 -20.289014618496886
10.64128256513026 -19.37839220707545 -20.622117544415648 -20.202524523801806 -20.110607043223183 -20.878841985106344 -20.799103477726835 -18.78099602751477 -18.568156298179073 -15.310753969118206 -16.897199731129717 -15.098962812516831 -19.820180215027545 -18.843302217867922 -21.148399968675193 -20.531322370667777 -18.57347560252877 -19.870785645490475 -19.25275903746117 -20.620745044843467 -20.198531792132144 -17.735609946252033 -20.824865411498426 -19.729804881427846 -20.40832990912934 -20.79513550456317 -20.936712693553226 -20.54616898207319 -20.23428197967336
10.701402805611222 -19.310759144863088 -20.581719734064823 -20.15140714149002 -20.060524838757612 -20.84906438347268 -20.765199866419586 -18.704184575395992 -18.4694872884263 -15.160183009219462 -16.78094968359428 -14.971288742573353 -19.7603007260783 -18.767779054422554 -21.111070680664856 -20.48336765841003 -18.478568463422402 -19.81194002964093 -19.18273717339879 -20.580061354221986 -20.14717477583556 -17.63916895694276 -20.79210690170525 -19.66996427423501 -20.362487735447043 -20.77989933702328 -20.914891686154178 -20.535298102334473 -20.18881301203404
10.761523046092185 -19.243976186678715 -20.541864234216547 -20.100945831073336 -20.01117977852857 -20.81972832794902 -20.731774903849818 -18.628312175200207 -18.372009917675953 -15.011500820820615 -16.666552010961393 -14.846046084400125 -19.70115944557322 -18.693196391869552 -21.074255796520156 -20.436050031063086 -18.38480170084542 -19.753832549078446 -19.11359182144677 -20.53992273745253 -20.09647205526159 -17.543878098568175 -20.759819459674986 -19.610920374132554 -20.31726706106676 -20.76498441357367 -20.893445962295694 -20.524713345267692 -20.14406829132728
10.821643286573146 -19.159760924439837 -20.49050503460018 -20.036635992945673 -19.94835589548046 -20.78123029370321 -20.688274978329186 -18.532986298723195 -18.25032899587617 -14.827488018327845 -16.524853615250485 -14.691712756553294 -19.626235846945097 -18.599465917639456 -21.02661572364409 -20.37559870414648 -18.267636786809415 -19.68018607223369 -19.026493213781706 -20.48821746650738 -20.03186160748287 -17.424843291898462 -20.717714729873702 -19.536194724448848 -20.25938542639441 -20.744141785422908 -20.86460721414049 -20.50917347092733 -20.08691001555775
10.881763527054108 -19.08845273210911 -20.44763098527417 -19.9825457802252 -19.895660708692322 -20.749509011043603 -20.652213776699426 -18.45204506509389 -18.14658491223991 -14.669929187617544 -16.404348624171536 -14.560795944146182 -19.562940174075482 -18.51992475516211 -20.98696824829001 -20.324867940353137 -18.16779085957319 -19.618009645162072 -18.95268897031711 -20.44504337903401 -19.97750586861642 -17.323370023093574 -20.682867372236746 -19.473140337173227 -20.2108882216144 -20.72775214196406 -20.841273278239374 -20.497390024498877 -20.039164045852367
10.941883767535069 -19.017806643501274 -20.40517316533082 -19.928961174792548 -19.84355810216213 -20.718127904048718 -20.616520102413247 -18.371832948650646 -18.043771256340264 -14.51388188622689 -16.28543891197266 -14.432035580822888 -19.50021127034794 -18.441118477486643 -20.94771636350255 -20.274632364698537 -18.068832607765987 -19.556403196970425 -18.879567693698682 -20.402287625875584 -19.923653104509178 -17.22279013835548 -20.648382931803688 -19.41071450773027 -20.162875687489183 -20.711617936974257 -20.818232571447517 -20.485837910416983 -19.992009730815052
11.002004008016032 -18.929601174387365 -20.351127363955044 -19.861421547744467 -19.77794542450372 -20.677532186065246 -20.57068478319298 -18.272013215552462 -17.916566747426543 -14.322319054295129 -16.139428547530308 -14.274705801554045 -19.4215656315967 -18.34302640910217 -20.897565263265545 -20.211176219806816 -17.946288393774587 -19.47913507580695 -18.78836169908224 -20.347880134068976 -19.85578192660995 -17.098269576947267 -20.604020872486277 -19.33252108622378 -20.102125120591623 -20.68956265650248 -20.787778057207937 -20.46935643521001 -19.932448971960834
11.062124248496994 -18.85426841168936 -20.305540172640466 -19.8040755109362 -19.722393220765166 -20.643680763513235 -20.53225891381615 -18.186547517051014 -17.807258353108324 -14.157102833446945 -16.014374585537325 -14.140336605757845 -19.354526769097717 -18.259086706465325 -20.855378026057807 -20.157408429038732 -17.841027732453878 -19.41331122882898 -18.71041522206383 -20.301977425032565 -19.798141296332492 -16.99127794098521 -20.566884912640795 -19.265951547301494 -20.050723534639623 -20.671912482503597 -20.762787568288523 -20.456578654924705 -19.88221564761572
11.122244488977955 -18.77940881001093 -20.26024241971106 -19.747083704715234 -19.667290071734627 -20.610067875463027 -20.494088957002567 -18.101599591078685 -17.69861749386264 -13.993021589609004 -15.890671552010538 -14.007865472036233 -19.287881795797183 -18.175675390937197 -20.81346703092197 -20.103993568541114 -17.73640023667004 -19.34788813411744 -18.632957180151397 -20.256365590912022 -19.74085128098384 -16.884920907999224 -20.530003381732858 -19.199842416562074 -19.999669595027143 -20.654452778200426 -20.738008563927295 -20.44397866053902 -19.832443293018578
11.182364729458918 -18.690614826899754 -20.205741987458836 -19.67900788505606 -19.601536260011976 -20.569149209221163 -20.447870359993896 -18.00108006078465 -17.570615030130767 -13.800855571538747 -15.745933962407861 -13.853555084597375 -19.208582490693715 -18.076963623589183 -20.762905117507 -20.040093346446277 -17.61304204660136 -19.27002431800236 -18.541147731590968 -20.201500176277918 -19.67242272357419 -16.759544765514196 -20.485287541653072 -19.121251101277856 -19.93851969484087 -20.63233747526709 -20.707372120771268 -20.427522706518385 -19.77292892581346
11.242484969939879 -18.610042592867302 -20.156633653043734 -19.617435466741586 -19.542216891770057 -20.532526778568467 -20.40637272775678 -17.909728533423294 -17.454049700815162 -13.625561684510771 -15.6147168376895 -13.714107992765857 -19.136688855196386 -17.987294669903328 -20.717419392441833 -19.982376802585097 -17.500727154855166 -19.199464852113387 -18.4578077641633 -20.15205639124039 -19.61052024339372 -16.64536746073452 -20.445176332217105 -19.050088334114417 -19.88333726913499 -20.613027732154038 -20.680215787298426 -20.41342596429821 -19.71938601247313
11.302605210420841 -18.532198232774117 -20.10929777521021 -19.55800609447353 -19.485083131426748 -20.497320020765244 -20.366427428018472 -17.82141276744784 -17.341286415982573 -13.455980297008704 -15.488393143939625 -13.580297394929065 -19.06722993331669 -17.900632443905437 -20.673604342702358 -19.926709022248314 -17.392075726054312 -19.131315318013083 -18.37727870148676 -20.10439472492669 -19.550764949748913 -16.53490013031135 -20.406582362287473 -18.981412082165665 -19.830136331973467 -20.594663281683584 -20.654217003679864 -20.400135086636674 -19.667900220403034
11.362725450901802 -18.444538467287774 -20.055469092102012 -19.490757974875574 -19.420507144950392 -20.456966791795992 -20.320806633295927 -17.72211880570514 -17.214882437470216 -13.26671514318543 -15.347700982918084 -13.431856356561308 -18.98883496209975 -17.80319767181654 -20.623689321794416 -19.863658555484697 -17.270220679039287 -19.05439053931873 -18.286640657225348 -20.050204180284013 -19.483148634546534 -16.41101983498194 -20.362468138068266 -18.90396986360269 -19.76983234965063 -20.573049986641895 -20.624108101565373 -20.384169656126506 -19.609640801303208
11.422845691382765 -18.349235667063795 -19.99657655802876 -19.417412779828904 -19.35018489777251 -20.412606425326256 -20.270762059768206 -17.614268560794592 -17.077854535759887 -13.062202159183144 -15.19618107135198 -13.272628815208755 -18.90346375236482 -17.69737860696289 -20.569019756549977 -19.79486222059042 -17.13807615524382 -18.97062310708353 -18.188131091721935 -19.990921515044615 -19.409399200285407 -16.276682032281915 -20.31405447957985 -18.819723300016342 -19.704004594826614 -20.548932275764905 -20.590812184403653 -20.366155949081733 -19.546178888558998
11.482965931863728 -18.265206823565272 -19.94508522315737 -19.35299734293844 -19.28859852198679 -20.37412693361505 -20.227189905179817 -17.519003820266434 -16.956514106366605 -12.880700993745617 -15.062671021541956 -13.132768601039139 -18.828275711433992 -17.603955724682038 -20.521311731186113 -19.734539324172104 -17.0210890830968 -18.8968872222299 -18.101235287800304 -19.93908095862791 -19.344615519624266 -16.157722991488495 -20.271948095313643 -18.745626960305355 -19.6463455014597 -20.52860689876091 -20.562254341088302 -20.35130775669861 -19.49077714897685
11.543086172344688 -18.18224185227045 -19.894267018619676 -19.289402390022392 -19.227915710102597 -20.336187481304755 -20.184206990195808 -17.424916528015608 -16.836662221724392 -12.701545291219606 -14.93152286726767 -12.995829287808117 -18.75401369583977 -17.511713112018693 -20.474240146749658 -19.675013413681654 -16.905528655034214 -18.824077594784715 -18.01543657623462 -19.8879171937325 -19.280650249671503 -16.04020315905741 -20.230421069444073 -18.6725235166538 -19.589461413783447 -20.50866301616624 -20.53414872187922 -20.33679607270798 -19.436254233435868
11.603206412825651 -18.07621984122239 -19.828219579152417 -19.207456438540955 -19.149751494591545 -20.28618640627961 -20.127917984189825 -17.305034307881286 -16.684737935181477 -12.476061454332225 -14.766563856992914 -12.82431543017513 -18.658770227822245 -17.3941595762609 -20.41286365438519 -19.598163092176783 -16.758927754417858 -18.730664809728147 -17.905889097839136 -19.82143932651466 -19.19823479423984 -15.891150301212242 -20.175953173886683 -18.57883110283325 -19.51590984499486 -20.48112136610699 -20.496419130077594 -20.316038185570836 -19.36581779558807
11.663326653306612 -17.985858619799036 -19.7724644866914 -19.137928717071695 -19.083639653195004 -20.244350539918354 -20.08062416127693 -17.20264780863846 -16.55460836163103 -12.28241535124129 -14.626059059401957 -12.678693607956276 -18.577701286023338 -17.29382042019973 -20.361162879016927 -19.533078882391674 -16.633395233139307 -18.651202874225717 -17.812474315514848 -19.765310978506996 -19.128292545162005 -15.763481278798537 -20.13024548327449 -18.499203233408714 -19.453693369065164 -20.458801497438618 -20.465244978968524 -20.299616819313982 -19.306456063642408
11.723446893787575 -17.896650119081787 -19.7174382545413 -19.069290370582408 -19.018503202923664 -20.203097974147433 -20.033967477323884 -17.10153726493764 -16.426090063428003 -12.091307057695143 -14.488122590329873 -12.536190758637055 -18.49763622014277 -17.194760946026445 -20.310150930321413 -19.46885913746175 -16.509407513284177 -18.57274545122866 -17.720248220075074 -19.709915499278736 -19.05923738450248 -15.637370610482044 -20.085164244452223 -18.42065070638167 -19.392316952148807 -20.436891712698163 -20.43455807821225 -20.283556747398986 -19.24804122231759
11.783567134268537 -17.789987997538805 -19.65086720533847 -18.98674413502219 -18.94022418507971 -20.152712551956018 -19.97722751449338 -16.980885295791197 -16.273286058829477 -11.865280632211771 -14.325324739514063 -12.368629545011224 -18.40165405123192 -17.076551326851227 -20.24830015645761 -19.39153290569503 -16.36190466812294 -18.478674702958507 -17.610045036866744 -19.6429106777512 -18.976192951494433 -15.487361850676251 -20.03028313193404 -18.326554806901676 -19.318338859088016 -20.40927539485734 -20.39660805507884 -20.26283099490303 -19.17771355145714
11.843687374749498 -17.69621949477397 -19.59276620924932 -18.914421756193835 -18.871841592526817 -20.1090389514518 -19.927885968249424 -16.874643037383372 -16.13843267606999 -11.665452786016782 -14.182535411014321 -12.222116360591095 -18.317347441516453 -16.972515495284245 -20.194409467519662 -19.323888882045416 -16.231756374005474 -18.396092228478725 -17.51312449553451 -19.584423153945902 -18.9034188712567 -15.354969619154062 -19.98260538322233 -18.24402767651506 -19.25368537767337 -20.385933034240008 -20.364036710583857 -20.24564577721788 -19.11646581650576
