web/models/mosfit_kne/mosfit_kn_1.0000/mosfit_kn_0.041628_0.2807_1.0000.dat
# %ECSV 1.0
# ---
# datatype:
# - {name: time, datatype: float64}
# - {name: PS1_g, datatype: float64}
# - {name: PS1_i, datatype: float64}
# - {name: PS1_r, datatype: float64}
# - {name: PS1_w, datatype: float64}
# - {name: PS1_y, datatype: float64}
# - {name: PS1_z, datatype: float64}
# - {name: swift_uvot_B, datatype: float64}
# - {name: swift_uvot_U, datatype: float64}
# - {name: swift_uvot_uvm2, datatype: float64}
# - {name: swift_uvot_uvw1, datatype: float64}
# - {name: swift_uvot_uvw2, datatype: float64}
# - {name: swift_uvot_V, datatype: float64}
# - {name: johnson_B, datatype: float64}
# - {name: johnson_I, datatype: float64}
# - {name: johnson_R, datatype: float64}
# - {name: johnson_U, datatype: float64}
# - {name: johnson_V, datatype: float64}
# - {name: sdss_g, datatype: float64}
# - {name: sdss_i, datatype: float64}
# - {name: sdss_r, datatype: float64}
# - {name: sdss_u, datatype: float64}
# - {name: sdss_z, datatype: float64}
# - {name: ATLAS_c, datatype: float64}
# - {name: ATLAS_o, datatype: float64}
# - {name: ukirt_H, datatype: float64}
# - {name: ukirt_J, datatype: float64}
# - {name: ukirt_K, datatype: float64}
# - {name: Clear, datatype: float64}
# meta: !!omap
# - comment: [kappa = 1.0, type = rprocess, mass = 0.04162766037032262, velocity = 0.2806666666666667, theta_obs = 0.0, tfloor = 1000.0]
# schema: astropy-2.0
time PS1_g PS1_i PS1_r PS1_w PS1_y PS1_z swift_uvot_B swift_uvot_U swift_uvot_uvm2 swift_uvot_uvw1 swift_uvot_uvw2 swift_uvot_V johnson_B johnson_I johnson_R johnson_U johnson_V sdss_g sdss_i sdss_r sdss_u sdss_z ATLAS_c ATLAS_o ukirt_H ukirt_J ukirt_K Clear
[from data line 347]
20.92184368737475 8.161969819355974 -0.7198589938433031 2.7552117841945467 0.7872879726905602 -4.243049042368554 -2.8253730775214336 11.701876395920461 18.360820493815382 32.249415797844556 14.326403025889931 16.839419532369583 6.1214865122267765 10.497939078954271 -2.2733723002652537 0.6966604664597462 17.32981931456364 5.166464177058024 8.974509920670428 -0.638603041730299 2.983700443690971 18.861926023990208 -3.3988006895434175 4.734288353937188 0.28187582932739375 -9.19203642028405 -7.042547124794359 -10.552325100757221 -1.4986060710707783
20.98196392785571 8.168334650852138 -0.7134941623471569 2.761576615690693 0.7936528041867064 -4.236684210872408 -2.8190082460252874 11.708241227416625 18.367185325311528 32.25578062934071 14.332767857386095 16.845784363865747 6.127851343722923 10.504303910450417 -2.2670074687690898 0.7030252979558924 17.336184146059786 5.17282900855417 8.980874752166574 -0.6322382102341528 2.990065275187135 18.868290855486354 -3.3924358580472713 4.7406531854333345 0.2882406608235577 -9.185671588787903 -7.0361822932982125 -10.545960269261075 -1.492241239574632
21.04208416833667 8.174682394935502 -0.7071464182637754 2.7679243597740744 0.8000005482700878 -4.230336466789044 -2.812660501941906 11.714588971499989 18.37353306939491 32.26212837342408 14.339115601469459 16.85213210794911 6.134199087806286 10.510651654533799 -2.260659724685726 0.7093730420392739 17.34253189014315 5.179176752637551 8.987222496249956 -0.6258904661507891 2.9964130192704985 18.874638599569735 -3.3860881139639076 4.747000929516716 0.2945884049069214 -9.179323844704522 -7.029834549214831 -10.539612525177711 -1.4858934954912684
21.102204408817634 8.181013168009095 -0.7008156451901826 2.7742551328476672 0.8063313213436807 -4.224005693715451 -2.806329728868313 11.720919744573582 18.379863842468502 32.268459146497676 14.345446374543052 16.858462881022703 6.140529860879879 10.516982427607392 -2.254328951612133 0.7157038151128667 17.348862663216742 5.185507525711144 8.993553269323549 -0.6195596930771963 3.0027437923440914 18.880969372643328 -3.3797573408903148 4.753331702590309 0.30091917798051426 -9.172993071630929 -7.023503776141238 -10.533281752104118 -1.4795627224176755
21.162324649298597 8.187327086247347 -0.6945017269519482 2.7805690510859016 0.812645239581915 -4.217691775477199 -2.8000158106300788 11.727233662811816 18.386177760706737 32.27477306473592 14.351760292781304 16.864776799260955 6.146843779118131 10.523296345845626 -2.248015033373881 0.7220177333511011 17.355176581454995 5.191821443949379 8.999867187561783 -0.6132457748389442 3.0090577105823435 18.887283290881562 -3.3734434226520627 4.759645620828543 0.3072330962187664 -9.166679153392694 -7.017189857903004 -10.526967833865866 -1.4732488041794234
21.22244488977956 8.193625260636637 -0.6882035525626584 2.7868672254751914 0.8189434139712048 -4.211393601087909 -2.793717636240789 11.733531837201106 18.392475935096027 32.2810712391252 14.358058467170576 16.871074973650227 6.153141953507421 10.529594520234916 -2.241716858984609 0.7283159077403909 17.361474755844284 5.198119618338668 9.006165361951073 -0.6069476004496543 3.0153558849716156 18.893581465270852 -3.367145248262773 4.765943795217833 0.3135312706080562 -9.160380979003405 -7.010891683513714 -10.520669659476576 -1.4669506297901336
21.28256513026052 8.199905483236964 -0.6819233299623306 2.793147448075519 0.8252236365715326 -4.205113378487582 -2.787437413640461 11.739812059801451 18.398756157696354 32.287351461725535 14.364338689770921 16.877355196250573 6.159422176107749 10.535874742835244 -2.2354366363842635 0.7345961303407187 17.367754978444612 5.204399840938996 9.0124455845514 -0.6006673778493266 3.021636107571961 18.89986168787118 -3.360865025662445 4.772224017818161 0.319811493208384 -9.154100756403077 -7.004611460913386 -10.514389436876248 -1.4606704071898058
21.34268537074148 8.206169290612593 -0.6756595225866846 2.7994112554511474 0.8314874439471787 -4.198849571111953 -2.781173606264815 11.74607586717708 18.405019965072 32.293615269101174 14.37060249714655 16.8836190036262 6.165685983483377 10.54213855021089 -2.2291728290086352 0.7408599377163647 17.37401878582024 5.210663648314642 9.018709391927047 -0.5944035704736983 3.0278999149475894 18.906125495246826 -3.354601218286817 4.778487825193807 0.32607530058401224 -9.14783694902743 -6.998347653537758 -10.50812562950062 -1.4544065998141775
21.402805611222444 8.212416753979923 -0.6694120592193542 2.8056587188184956 0.8377349073145091 -4.192602107744605 -2.7749261428974847 11.75232333054441 18.41126742843933 32.299862732468505 14.37684996051388 16.88986646699353 6.171933446850725 10.54838601357822 -2.222925365641305 0.7471074010836951 17.38026624918759 5.216911111681973 9.024956855294377 -0.5881561071063679 3.0341473783149198 18.912372958614156 -3.3483537549194864 4.784735288561137 0.33232276395134264 -9.1415894856601 -6.99210019017041 -10.50187816613329 -1.4481591364468294
21.462925851703407 8.218647955923846 -0.6631808572754316 2.811889920762418 0.8439661092584316 -4.186370905800683 -2.768694940953562 11.758554532488333 18.417498630383253 32.306093934412424 14.383081162457803 16.896097668937454 6.178164648794648 10.554617215522143 -2.2166941636973823 0.7533386030276177 17.38649745113151 5.223142313625895 9.0311880572383 -0.5819249051624453 3.0403785802588423 18.91860416055808 -3.342122552975564 4.79096649050506 0.3385539658952652 -9.135358283716178 -6.985868988226487 -10.495646964189367 -1.4419279345029246
21.52304609218437 8.224862996874052 -0.6569658163252434 2.8181049617126064 0.8501811502086198 -4.180155864850494 -2.762479900003374 11.764769573438539 18.42371367133344 32.31230897536262 14.389296203408009 16.90231270988766 6.184379689744836 10.560832256472331 -2.2104791227471763 0.7595536439778059 17.3927124920817 5.229357354576083 9.037403098188488 -0.5757098642122394 3.0465936212090483 18.924819201508267 -3.335907512025358 4.797181531455248 0.3447690068454712 -9.12914324276599 -6.979653947276299 -10.489431923239161 -1.4357128935527186
21.58316633266533 8.231061973047833 -0.6507668401514621 2.8243039378863877 0.8563801263824011 -4.173956888676713 -2.7562809238295927 11.770968549612302 18.429912647507223 32.3185079515364 14.395495179581772 16.908511686061424 6.1905786659186175 10.567031232646112 -2.2042801465734128 0.7657526201515872 17.39891146825548 5.235556330749865 9.04360207436227 -0.5695108880384581 3.052792597382812 18.93101817768205 -3.3297085358515766 4.803380507629029 0.3509679830192347 -9.122944266592208 -6.973454971102518 -10.48323294706538 -1.4295139173789373
21.64328657314629 8.237244988383665 -0.6445838248156122 2.83048695322222 0.8625631417182333 -4.167773873340881 -2.7500979084937427 11.777151564948152 18.436095662843055 32.32469096687223 14.401678194917622 16.914694701397273 6.19676168125445 10.573214247981962 -2.198097131237563 0.7719356354874372 17.405094483591313 5.241739346085697 9.049785089698101 -0.5633278727026259 3.058975612718662 18.93720119301788 -3.3235255205157443 4.8095635229648614 0.3571509983550847 -9.116761251256376 -6.967271955766686 -10.477049931729548 -1.423330902043105
21.703406813627254 8.243412146412226 -0.6384166667870694 2.8366541112507804 0.8687302997467938 -4.16160671531232 -2.7439307504652 11.783318722976695 18.442262820871616 32.330858124900786 14.407845352946165 16.920861859425816 6.20292883928301 10.579381406010505 -2.19192997320902 0.7781027935159799 17.411261641619873 5.247906504114257 9.055952247726662 -0.5571607146740654 3.0651427707472045 18.94336835104644 -3.317358362487184 4.815730680993422 0.3633181563836452 -9.110594093227816 -6.961104797738125 -10.470882773700987 -1.4171637440145446
21.763527054108216 8.249563545207508 -0.6322652679917695 2.8428055100460625 0.874881698542076 -4.155455316517038 -2.7377793516699 11.789470121771995 18.448414219666898 32.337009523696075 14.413996751741465 16.927013258221116 6.209080238078292 10.585532804805805 -2.18577857441372 0.7842541923112798 17.417413040415155 5.25405790290954 9.062103646521944 -0.5510093158787832 3.0712941695425044 18.949519749841723 -3.3112069636919017 4.821882079788704 0.3694695551789273 -9.104442694432533 -6.954953398942843 -10.464731374905705 -1.4110123452192624
21.82364729458918 8.255699284919658 -0.6261295282796198 2.84894124975823 0.8810174382542435 -4.149319576804871 -2.7316436119577503 11.795605861484145 18.454549959379065 32.34314526340824 14.420132491453614 16.933148997933266 6.21521597779046 10.591668544517955 -2.1796428347015704 0.7903899320234296 17.423548780127323 5.260193642621707 9.068239386234112 -0.5448735761666157 3.077429909254654 18.95565548955389 -3.305071223979734 4.828017819500872 0.3756052948910771 -9.098306954720366 -6.948817659230675 -10.458595635193538 -1.404876605507095
21.883767535070138 8.261819469564937 -0.6200093436343401 2.855061434403492 0.8871376228995054 -4.143199392159609 -2.7255234273124707 11.801726046129424 18.460670144024327 32.34926544805351 14.426252676098894 16.939269182578546 6.221336162435722 10.597788729163234 -2.1735226500562908 0.7965101166687092 17.429668964772585 5.266313827266969 9.074359570879373 -0.5387533915213538 3.083550093899934 18.961775674199153 -3.2989510393344723 4.8341380041461335 0.3817254795363567 -9.092186770075104 -6.9426974745854135 -10.452475450548276 -1.398756420861833
21.9438877755511 8.267924206401105 -0.6139046067981724 2.8611661712396597 0.8932423597356909 -4.137094655323441 -2.719418690476303 11.807830782965592 18.466774880860513 32.35537018488967 14.432357412935062 16.945373919414713 6.2274408992718895 10.603893465999402 -2.167417913220123 0.8026148535048769 17.435773701608753 5.272418564103137 9.080464307715559 -0.5326486546851861 3.0896548307361016 18.96788041103534 -3.2928463024983046 4.840242740982319 0.38783021637252446 -9.086082033238936 -6.936592737749246 -10.446370713712108 -1.3926516840256653
22.004008016032063 8.2740135985226 -0.6078152146766946 2.867255563361155 0.8993317518571686 -4.131005263201946 -2.713329298354825 11.81392017508707 18.47286427298199 32.36145957701116 14.43844680505654 16.95146331153619 6.233530291393385 10.60998285812088 -2.1613285210986453 0.8087042456263547 17.441863093730248 5.278507956224632 9.086553699837037 -0.5265592625636906 3.0957442228575793 18.973969803156816 -3.286756910376809 4.846332133103797 0.39391960849401997 -9.07999264111744 -6.93050334562775 -10.440281321590613 -1.3865622919041698
22.064128256513026 8.280087754562064 -0.6017410586372129 2.873329719400619 0.9054059078966326 -4.124931107162482 -2.7072551423153435 11.819994331126551 18.478938429021454 32.367533733050635 14.444520961096021 16.957537467575673 6.239604447432849 10.616057014160344 -2.1552543650591636 0.8147784016658186 17.447937249769712 5.284582112264096 9.0926278558765 -0.5204851065242266 3.101818378897061 18.98004395919628 -3.280682754337345 4.852406289143261 0.3999937645334839 -9.073918485077977 -6.924429189588286 -10.434207165551149 -1.3804881358647059
22.12424849699399 8.286146776628804 -0.5956820365704729 2.879388741467377 0.9114649299633903 -4.118872085095724 -2.7011961202486034 11.826053353193291 18.484997451088212 32.373592755117386 14.450579983162761 16.963596489642413 6.245663469499607 10.622116036227101 -2.1491953429924235 0.8208374237325764 17.45399627183647 5.290641134330854 9.098686877943258 -0.5144260844574866 3.107877400963801 18.986102981263038 -3.2746237322705873 4.8584653112100185 0.4060527866002239 -9.067859463011219 -6.918370167521529 -10.42814814348439 -1.374429113797948
22.184368737474948 8.292190763543097 -0.5896380496561804 2.8854327283816517 0.9175089168776651 -4.112828098181449 -2.695152133334311 11.832097340107584 18.491041438002487 32.37963674203167 14.456623970077054 16.969640476556705 6.2517074564138815 10.628160023141394 -2.143151356078131 0.8268814106468512 17.460040258750745 5.296685121245129 9.104730864857533 -0.5083820975431941 3.1139213878780936 18.992146968177313 -3.2685797453563126 4.864509298124293 0.41209677351451646 -9.061815476096944 -6.912326180607254 -10.422104156570116 -1.3683851268836733
22.24448897795591 8.298219813692604 -0.5836089995066729 2.891461778531177 0.9235379670271904 -4.106799048031942 -2.6891230831848034 11.838126390257091 18.497070488152012 32.385665792181186 14.462653020226561 16.975669526706213 6.257736506563389 10.634189073290901 -2.1371223059286235 0.8329104607963764 17.46606930890027 5.302714171394654 9.110759915007058 -0.5023530473936866 3.119950438027601 18.998176018326838 -3.262550695206805 4.8705383482738185 0.41812582366402395 -9.055786425947419 -6.9062971304577285 -10.416075106420609 -1.3623560767341658
22.304609218436873 8.304234028136381 -0.577594785062896 2.897475992974954 0.9295521814709673 -4.100784833588165 -2.6831088687410265 11.844140604700868 18.50308470259579 32.39168000662496 14.468667234670338 16.98168374114999 6.263750721007166 10.640203287734678 -2.1311080914848466 0.8389246752401534 17.47208352334403 5.308728385838431 9.116774129450835 -0.49633883294990966 3.125964652471378 19.004190232770615 -3.256536480763028 4.876552562717595 0.4241400381078009 -9.049772211503642 -6.900282916013952 -10.410060891976832 -1.3563418622903889
22.364729458917836 8.310233512039762 -0.5715953011595154 2.9034754768783344 0.9355516653743479 -4.094785349684766 -2.677109384837646 11.850140088604249 18.50908418649917 32.39767949052834 14.474666718573719 16.98768322505337 6.269750204910564 10.646202771638059 -2.125108607581466 0.8449241591435339 17.478083007247427 5.314727869741811 9.122773613354216 -0.4903393490465291 3.1319641363747586 19.010189716673995 -3.25053699685963 4.882552046620976 0.43013952201118144 -9.043772727600262 -6.894283432110571 -10.404061408073433 -1.3503423783869906
22.4248496993988 8.316218366385897 -0.5656104468133805 2.9094603312244516 0.9415365197204828 -4.088800495338649 -2.671124530491511 11.856124942950384 18.515069040845304 32.40366434487448 14.480651572919854 16.993668079399505 6.275735059256681 10.652187625984194 -2.119123753235331 0.8509090134896689 17.484067861593545 5.320712724087929 9.12875846770035 -0.48435449470039416 3.1379489907208935 19.01617457102013 -3.2445521425135126 4.888536900967111 0.4361243763573164 -9.037787873254144 -6.888298577764454 -10.398076553727316 -1.3443575240408734
22.484969939879758 8.322188694526584 -0.5596401186726929 2.915430659365139 0.9475068478611703 -4.082830167197962 -2.6651542023508235 11.862095271091071 18.521039368985992 32.409634673015155 14.486621901060541 16.999638407540193 6.281705387397369 10.658157954124881 -2.1131534250946435 0.8568793416303564 17.490038189734232 5.326683052228616 9.134728795841038 -0.4783841665597066 3.143919318861581 19.022144899160818 -3.238581814372825 4.8945072291077985 0.4420947044980039 -9.031817545113457 -6.882328249623766 -10.392106225586629 -1.3383871959001858
22.54509018036072 8.328144596194385 -0.5536842170049106 2.9213865610329393 0.9534627495289527 -4.0768742655301615 -2.659198300683041 11.868051172758854 18.526995270653774 32.41559057468296 14.492577802728341 17.005594309207975 6.287661289065169 10.664113855792664 -2.107197523426861 0.8628352432981388 17.495994091402032 5.332638953896416 9.14068469750882 -0.4724282648919065 3.149875220529381 19.0281008008286 -3.232625912705025 4.900463130775581 0.44805060616580406 -9.025861643445657 -6.876372347955966 -10.386150323918828 -1.3324312942323857
22.605210420841683 8.334086166710843 -0.5477426464884338 2.927328131549416 0.9594043200454294 -4.070932695013703 -2.6532567301665644 11.87399274327533 18.53293684117025 32.42153214519942 14.4985193732448 17.011535879724452 6.293602859581628 10.67005542630914 -2.1012559529103845 0.8687768138146155 17.50193566191851 5.338580524412893 9.146626268025297 -0.46648669437544754 3.15581679104584 19.034042371345077 -3.226684342188566 4.9064047012920575 0.453992176682263 -9.01992007292918 -6.8704307774394895 -10.38020875340237 -1.3264897237159268
