web/models/mosfit_kne/mosfit_kn_1.0000/mosfit_kn_0.033839_0.3120_1.0000.dat
# %ECSV 1.0
# ---
# datatype:
# - {name: time, datatype: float64}
# - {name: PS1_g, datatype: float64}
# - {name: PS1_i, datatype: float64}
# - {name: PS1_r, datatype: float64}
# - {name: PS1_w, datatype: float64}
# - {name: PS1_y, datatype: float64}
# - {name: PS1_z, datatype: float64}
# - {name: swift_uvot_B, datatype: float64}
# - {name: swift_uvot_U, datatype: float64}
# - {name: swift_uvot_uvm2, datatype: float64}
# - {name: swift_uvot_uvw1, datatype: float64}
# - {name: swift_uvot_uvw2, datatype: float64}
# - {name: swift_uvot_V, datatype: float64}
# - {name: johnson_B, datatype: float64}
# - {name: johnson_I, datatype: float64}
# - {name: johnson_R, datatype: float64}
# - {name: johnson_U, datatype: float64}
# - {name: johnson_V, datatype: float64}
# - {name: sdss_g, datatype: float64}
# - {name: sdss_i, datatype: float64}
# - {name: sdss_r, datatype: float64}
# - {name: sdss_u, datatype: float64}
# - {name: sdss_z, datatype: float64}
# - {name: ATLAS_c, datatype: float64}
# - {name: ATLAS_o, datatype: float64}
# - {name: ukirt_H, datatype: float64}
# - {name: ukirt_J, datatype: float64}
# - {name: ukirt_K, datatype: float64}
# - {name: Clear, datatype: float64}
# meta: !!omap
# - comment: [kappa = 1.0, type = rprocess, mass = 0.03383890769761434, velocity = 0.312, theta_obs = 0.0, tfloor = 1000.0]
# schema: astropy-2.0
time PS1_g PS1_i PS1_r PS1_w PS1_y PS1_z swift_uvot_B swift_uvot_U swift_uvot_uvm2 swift_uvot_uvw1 swift_uvot_uvw2 swift_uvot_V johnson_B johnson_I johnson_R johnson_U johnson_V sdss_g sdss_i sdss_r sdss_u sdss_z ATLAS_c ATLAS_o ukirt_H ukirt_J ukirt_K Clear
[from data line 465]
28.016032064128254 9.490593758676713 0.6087649454774358 4.083835723515268 2.1159119120112813 -2.914425103047833 -1.4967491382006948 13.0305003352412 19.68944443313611 33.578039737165284 15.65502696521067 18.16804347169032 7.450110451547498 11.826563018274992 -0.9447483609445149 2.025284405780467 18.65844325388436 6.495088116378745 10.30313385999115 0.6900208975904221 4.31232438301171 20.19054996331093 -2.0701767502226964 6.062912293257909 1.6104997686481326 -7.863412480963329 -5.713923185473638 -9.2237011614365 -0.16998213175005716
28.076152304609217 9.496325118133413 0.6144963049341179 4.089567082971968 2.121643271467981 -2.908693743591133 -1.4910177787440126 13.036231694697882 19.695175792592803 33.58377109662197 15.660758324667352 18.173774831147004 7.4558418110041975 11.832294377731692 -0.9390170014878327 2.031015765237167 18.66417461334106 6.500819475835445 10.30886521944785 0.695752257047122 4.318055742468392 20.19628132276763 -2.0644453907659965 6.068643652714609 1.6162311281048325 -7.857681121506629 -5.708191826016938 -9.2179698019798 -0.16425077229335727
28.13627254509018 9.502051135818714 0.6202223226194192 4.095293100657269 2.1273692891532825 -2.9029677259058317 -1.4852917610587113 13.041957712383184 19.700901810278104 33.58949711430728 15.666484342352653 18.179500848832305 7.461567828689499 11.838020395416994 -0.9332909838025314 2.0367417829224683 18.669900631026362 6.506545493520746 10.31459123713315 0.7014782747324233 4.323781760153693 20.20200734045293 -2.058719373080695 6.074369670399911 1.6219571457901338 -7.851955103821328 -5.702465808331636 -9.212243784294499 -0.15852475460805593
28.196392785571142 9.507771847953705 0.6259430347544281 4.10101381279226 2.1330900012882736 -2.8972470137708406 -1.4795710489237024 13.047678424518192 19.706622522413106 33.59521782644227 15.672205054487662 18.185221560967314 7.46728854082449 11.843741107552002 -0.9275702716675225 2.0424624950574772 18.675621343161353 6.512266205655737 10.320311949268142 0.7071989868674144 4.329502472288702 20.20772805258793 -2.052998660945704 6.080090382534902 1.627677857925125 -7.846234391686337 -5.696745096196645 -9.206523072159507 -0.15280404247306478
28.256513026052104 9.513487290567966 0.6316584773686884 4.1067292554065205 2.1388054439025517 -2.8915315711565803 -1.4738556063094421 13.053393867132453 19.712337965027366 33.60093326905653 15.677920497101923 18.190937003581574 7.47300398343875 11.849456550166263 -0.9218548290532622 2.0481779376717375 18.681336785775613 6.5179816482699975 10.32602739188242 0.7129144294816747 4.335217914902962 20.213443495202192 -2.0472832183314438 6.08580582514918 1.6333933005393853 -7.840518949072076 -5.691029653582385 -9.200807629545247 -0.14708859985880451
28.316633266533064 9.519197498048158 0.6373686848488624 4.112439462886712 2.1445156513827257 -2.8858213636763885 -1.468145398829268 13.059104074612645 19.718048172507547 33.606643476536725 15.683630704582114 18.196647211061766 7.478714190918942 11.855166757646437 -0.9161446215730704 2.0538881451519115 18.687046993255805 6.523691855750189 10.331737599362594 0.7186246369618665 4.340928122383154 20.219153702682373 -2.041573010851252 6.091516032629354 1.639103508019577 -7.834808741591885 -5.685319446102193 -9.195097422065055 -0.14137839237861272
28.376753507014026 9.524902504715449 0.6430736915161717 4.118144469554004 2.150220658050017 -2.880116357009097 -1.4624403921619589 13.064809081279936 19.72375317917485 33.61234848320402 15.689335711249406 18.202352217729057 7.4844191975862335 11.860871764313746 -0.910439614905779 2.059593151819203 18.692751999923097 6.529396862417481 10.337442606029885 0.724329643629158 4.346633129050446 20.224858709349675 -2.0358680041839605 6.097221039296645 1.6448085146868685 -7.829103734924593 -5.679614439434902 -9.189392415397764 -0.13567338571132126
28.43687374749499 9.53060234492007 0.6487735317207743 4.123844309758624 2.1559204982546376 -2.8744165168044766 -1.4567405519573562 13.070508921484539 19.72945301937946 33.61804832340863 15.695035551454009 18.20805205793366 7.490119037790854 11.866571604518349 -0.9047397747011763 2.0652929920238234 18.698451840127717 6.535096702622101 10.343142446234506 0.7300294838337784 4.352332969255048 20.230558549554285 -2.03016816397934 6.102920879501266 1.650508354891489 -7.823403894719973 -5.673914599230281 -9.183692575193144 -0.12997354550670082
28.49699398797595 9.536297052937304 0.6544682397380264 4.129539017775858 2.1616152062718896 -2.8687218087872424 -1.4510458439401042 13.07620362950179 19.7351477273967 33.62374303142588 15.70073025947126 18.213746765950912 7.495813745808088 11.8722663125356 -0.8990450666839243 2.0709877000410755 18.70414654814495 6.540791410639353 10.348837154251758 0.7357241918510127 4.3580276772723 20.236253257571526 -2.024473455962106 6.108615587518518 1.6562030629087232 -7.817709186702738 -5.668219891213047 -9.17799786717591 -0.12427883748946655
28.557114228456914 9.541986663040252 0.6601578498409744 4.135228627878824 2.1673048163748376 -2.8630321986842766 -1.4453562338371562 13.081893239604739 19.74083733749966 33.62943264152883 15.706419869574209 18.21943637605386 7.501503355911036 11.877955922638549 -0.8933554565809763 2.0766773101440235 18.709836158247917 6.546481020742301 10.354526764354706 0.7414138019539607 4.363717287375248 20.241942867674485 -2.018783845859158 6.114305197621466 1.6618926730116712 -7.812019576599773 -5.662530281110081 -9.172308257072961 -0.11858922738651856
28.617234468937873 9.547671205304109 0.665842392104814 4.140913170142664 2.1729893586386773 -2.857347656420437 -1.4396716915733165 13.087577781868578 19.7465218797635 33.63511718379268 15.712104411838066 18.225120918317717 7.507187898174894 11.883640464902388 -0.8876709143171189 2.082361852407863 18.715520700511757 6.552165563006141 10.360211306618545 0.7470983442178181 4.369401829639106 20.247627409938325 -2.0130993035953004 6.119989739885305 1.6675772152755286 -7.806335034335933 -5.656845738846242 -9.166623714809104 -0.11290468512266116
28.677354709418836 9.55335071191941 0.6715218987201332 4.146592676757965 2.1786688652539787 -2.8516681498051355 -1.4339921849579973 13.093257288483898 19.752201386378808 33.64079669040798 15.717783918453367 18.23080042493302 7.512867404790195 11.889319971517708 -0.8819914077018174 2.0880413590231823 18.72120020712706 6.557845069621442 10.365890813233847 0.7527778508331195 4.375081336254407 20.253306916553633 -2.007419796979999 6.125669246500607 1.67325672189083 -7.8006555277206315 -5.65116623223094 -9.160944208193802 -0.10722517850735969
28.7374749498998 9.559025216038837 0.6771964028395594 4.152267180877409 2.1843433693734227 -2.8459936456857093 -1.4283176808385711 13.098931792603324 19.757875890498244 33.646471194527415 15.723458422572794 18.236474929052445 7.518541908909621 11.894994475637134 -0.8763169035823912 2.0937158631426085 18.726874711246484 6.563519573740886 10.37156531735329 0.7584523549525457 4.380755840373833 20.25898142067307 -2.001745292860573 6.131343750620051 1.6789312260102562 -7.794981023601188 -5.645491728111496 -9.155269704074376 -0.10155067438793353
28.79759519038076 9.564694750689231 0.6828659374899537 4.1579367155278035 2.190012904023817 -2.8403241110352972 -1.4226481461881768 13.104601327253718 19.76354542514864 33.65214072917781 15.729127957223188 18.24214446370284 7.524211443560016 11.900664010287528 -0.8706473689319969 2.099385397793003 18.732544245896896 6.569189108391281 10.377234852003685 0.76412188960294 4.386425375024228 20.264650955323464 -1.9960757582101785 6.137013285270445 1.6846007606606506 -7.789311488950793 -5.639822193461102 -9.149600169423982 -0.0958811397375392
28.857715430861724 9.570359346095199 0.6885305328959213 4.163601310933753 2.1956774994297668 -2.8346595156293475 -1.4169835507822093 13.110265922659686 19.769210020554596 33.65780532458377 15.734792552629155 18.247809059108807 7.529876038965983 11.906328605693478 -0.8649827735260294 2.1050499931989526 18.738208841302846 6.57485370379723 10.382899447409635 0.7697864850089076 4.392089970430195 20.27031555072942 -1.990411162804211 6.142677880676395 1.690265356066618 -7.7836468935448435 -5.634157598055152 -9.143935574018014 -0.09021654433157167
28.917835671342683 9.576019029791958 0.6941902165926805 4.169260994630513 2.201337183126544 -2.828999831932588 -1.41132386708545 13.115925606356445 19.77486970425136 33.66346500828054 15.740452236325915 18.253468742805566 7.535535722662742 11.911988289390255 -0.8593230898292701 2.1107096768957296 18.743868524999606 6.58051338749399 10.388559131106412 0.7754461687056668 4.3977496541269545 20.275975234426184 -1.9847514791074516 6.148337564373172 1.6959250397633774 -7.777987209848084 -5.628497914358393 -9.138275890321255 -0.08455686063481238
28.977955911823646 9.581673831097426 0.6998450178981308 4.174915795935981 2.206991984431994 -2.82334503062712 -1.4056690657799997 13.121580407661895 19.780524505556816 33.669119809585986 15.746107037631365 18.259123544111016 7.54119052396821 11.917643090695705 -0.8536682885238198 2.11636447820118 18.749523326305074 6.586168188799458 10.394213932411862 0.7811009700111349 4.403404455432405 20.28163003573164 -1.9790966778019836 6.153992365678622 1.7015798410688276 -7.772332408542616 -5.622843113052925 -9.132621089015787 -0.07890205932934435
29.03807615230461 9.587323777656511 0.7054949644572339 4.180565742495084 2.212641930991097 -2.817695084068035 -1.4000191192208966 13.127230354220998 19.78617445211592 33.67476975614509 15.751756984190468 18.26477349067012 7.546840470527296 11.923293037254808 -0.8480183419647167 2.122014424760283 18.75517327286416 6.591818135358561 10.399863878970965 0.7867509165702202 4.409054401991508 20.287279982290745 -1.9734467312428983 6.159642312237725 1.7072297876279308 -7.766682461983513 -5.617193166493822 -9.126971142456702 -0.073252112770259
29.09819639278557 9.59296890088753 0.7111400876882534 4.186210865726103 2.2182870542221167 -2.8120499608370153 -1.394373995989877 13.132875477452018 19.79181957534694 33.68041487937611 15.757402107421488 18.27041861390114 7.552485593758315 11.928938160485828 -0.8423732187336972 2.1276595479913025 18.76081839609518 6.59746325858958 10.405509002201985 0.7923960398012397 4.414699525222527 20.292925105521753 -1.9678016080118788 6.165287435468745 1.7128749108589503 -7.761037338752494 -5.611548043262802 -9.121326019225682 -0.06760698953923949
29.158316633266534 9.598609231363628 0.7167804181643511 4.191851196202183 2.2239273846981966 -2.8064096303609176 -1.3887336655137794 13.138515807928115 19.797459905823025 33.6860552098522 15.763042437897585 18.276058944377237 7.558125924234413 11.934578490961908 -0.8367328882575995 2.1332998784673824 18.766458726571276 6.60310358906566 10.411149332678065 0.7980363702773374 4.420339855698625 20.29856543599785 -1.962161277535781 6.170927765944825 1.718515241335048 -7.755397008276414 -5.605907712786722 -9.115685688749585 -0.061966659063141805
29.218436873747493 9.604244793887862 0.7224159806885844 4.197486758726416 2.2295629472224476 -2.8007740678366844 -1.3830981029895462 13.144151370452349 19.80309546834726 33.69169077237644 15.768678000421819 18.28169450690147 7.563761486758646 11.940214053486159 -0.8310973257333663 2.1389354409916335 18.77209428909551 6.6087391515898934 10.416784895202316 0.8036719328015707 4.425975418222858 20.304200998522084 -1.9565257150115478 6.176563328469076 1.7241508038592812 -7.74976144575218 -5.600272150262489 -9.110050126225351 -0.056331096538908554
29.278557114228455 9.609875614535195 0.7280468013359176 4.20311757937375 2.235193767869763 -2.795143247189351 -1.377467282342213 13.149782191099682 19.808726288994592 33.697321593023766 15.774308821069152 18.287325327548803 7.5693923074059795 11.945844874133492 -0.825466505086033 2.1445662616389667 18.777725109742843 6.614369972237227 10.422415715849631 0.8093027534489039 4.431606238870192 20.309831819169418 -1.9508948943642146 6.182194149116391 1.7297816245066144 -7.744130625104847 -5.594641329615156 -9.104419305578018 -0.05070027589157533
29.338677354709418 9.615501724666586 0.7336729114673091 4.208743689505159 2.2408198780011723 -2.789517137057942 -1.3718411722108215 13.155408301231073 19.814352399125994 33.70294770315517 15.779934931200543 18.292951437680195 7.575018417537389 11.951470984264883 -0.8198403949546416 2.150192371770358 18.783351219874252 6.619996082368636 10.42804182598104 0.8149288635802954 4.437232349001583 20.31545792930082 -1.9452687842328054 6.1878202592478 1.735407734638006 -7.738504514973438 -5.589015219483747 -9.098793195446627 -0.045074165760166096
29.39879759519038 9.621123148139894 0.7392943349406167 4.214365112978449 2.24644130147448 -2.783895713584652 -1.3662197487375138 13.161029724704381 19.819973822599295 33.70856912662847 15.78555635467385 18.298572861153502 7.580639841010679 11.957092407738191 -0.8142189714813339 2.155813795243666 18.78897264334754 6.625617505841926 10.433663249454348 0.820550287053603 4.442853772474891 20.32107935277412 -1.9396473607595155 6.193441682721108 1.7410291581113135 -7.732883091500148 -5.583393796010457 -9.093171771973319 -0.03945274228687623
29.458917835671343 9.62673990967371 0.7449110964744143 4.219981874512264 2.2520580630082776 -2.7782789520508366 -1.3606029872037162 13.166646486238196 19.8255905841331 33.714185888162284 15.791173116207666 18.304189622687318 7.586256602544494 11.962709169271989 -0.8086022099475185 2.1614305567774634 18.794589404881357 6.631234267375741 10.439280010988146 0.8261670485874184 4.448470534008706 20.326696114307925 -1.9340305992257 6.199058444254906 1.746645919645129 -7.727266329966333 -5.577777034476641 -9.087555010439504 -0.033835980753060824
29.519038076152302 9.632352035860432 0.7505232226611547 4.225594000698987 2.257670189195 -2.772666825864114 -1.3549908610169759 13.172258612424919 19.83120271031983 33.719798014349 15.796785242394389 18.30980174887404 7.5918687287312165 11.968321295458711 -0.802990083760796 2.167042682964186 18.80020153106808 6.636846393562464 10.444892137174868 0.831779174774141 4.454082660195429 20.332308240494655 -1.9284184730389775 6.204670570441628 1.7522580458318515 -7.72165420377961 -5.572164908289919 -9.081942884252781 -0.028223854566338247
29.579158316633265 9.637959553249384 0.7561307400501072 4.231201518087939 2.2632777065839527 -2.7670593084751616 -1.3493833436280411 13.177866129813872 19.83681022770878 33.725405531737955 15.802392759783341 18.315409266262993 7.597476246120169 11.973928812847664 -0.7973825663718435 2.1726502003531385 18.805809048457032 6.642453910951416 10.45049965456382 0.8373866921630935 4.459690177584381 20.337915757883607 -1.922810955650025 6.210278087830581 1.757865563220804 -7.716046686390658 -5.566557390900966 -9.076335366863828 -0.02261633717738576
29.639278557114228 9.643562485780972 0.7617336725816948 4.236804450619545 2.268880639115558 -2.761456375943556 -1.3437804110964358 13.18346906234546 19.84241316024038 33.73100846426955 15.807995692314929 18.32101219879458 7.603079178651774 11.97953174537927 -0.7917796338402558 2.178253132884744 18.811411980988638 6.648056843483022 10.456102587095426 0.8429896246946811 4.465293110115969 20.343518690415205 -1.9172080231184374 6.215881020362186 1.7634684957523916 -7.710443753859052 -5.560954458369361 -9.07073243433224 -0.017013404645780383
29.69939879759519 9.649160856149166 0.7673320429498887 4.242402820987721 2.274479009483752 -2.75585800557538 -1.3381820407282419 13.189067432713653 19.848011530608566 33.73660683463775 15.813594062683123 18.326610569162774 7.6086775490199505 11.985130115747463 -0.786181263472062 2.1838515032529378 18.817010351356814 6.653655213851198 10.46170095746362 0.848587995062875 4.470891480484163 20.349117060783392 -1.9116096527502435 6.22147939073038 1.7690668661205855 -7.704845383490876 -5.555356088001185 -9.065134063964047 -0.011415034277604263
