web/models/mosfit_kne/mosfit_kn_1.0000/mosfit_kn_0.001000_0.2180_1.0000.dat
# %ECSV 1.0
# ---
# datatype:
# - {name: time, datatype: float64}
# - {name: PS1_g, datatype: float64}
# - {name: PS1_i, datatype: float64}
# - {name: PS1_r, datatype: float64}
# - {name: PS1_w, datatype: float64}
# - {name: PS1_y, datatype: float64}
# - {name: PS1_z, datatype: float64}
# - {name: swift_uvot_B, datatype: float64}
# - {name: swift_uvot_U, datatype: float64}
# - {name: swift_uvot_uvm2, datatype: float64}
# - {name: swift_uvot_uvw1, datatype: float64}
# - {name: swift_uvot_uvw2, datatype: float64}
# - {name: swift_uvot_V, datatype: float64}
# - {name: johnson_B, datatype: float64}
# - {name: johnson_I, datatype: float64}
# - {name: johnson_R, datatype: float64}
# - {name: johnson_U, datatype: float64}
# - {name: johnson_V, datatype: float64}
# - {name: sdss_g, datatype: float64}
# - {name: sdss_i, datatype: float64}
# - {name: sdss_r, datatype: float64}
# - {name: sdss_u, datatype: float64}
# - {name: sdss_z, datatype: float64}
# - {name: ATLAS_c, datatype: float64}
# - {name: ATLAS_o, datatype: float64}
# - {name: ukirt_H, datatype: float64}
# - {name: ukirt_J, datatype: float64}
# - {name: ukirt_K, datatype: float64}
# - {name: Clear, datatype: float64}
# meta: !!omap
# - comment: [kappa = 1.0, type = rprocess, mass = 0.001, velocity = 0.21800000000000003, theta_obs = 0.0, tfloor = 1000.0]
# schema: astropy-2.0
time PS1_g PS1_i PS1_r PS1_w PS1_y PS1_z swift_uvot_B swift_uvot_U swift_uvot_uvm2 swift_uvot_uvw1 swift_uvot_uvw2 swift_uvot_V johnson_B johnson_I johnson_R johnson_U johnson_V sdss_g sdss_i sdss_r sdss_u sdss_z ATLAS_c ATLAS_o ukirt_H ukirt_J ukirt_K Clear
[from data line 474]
28.557114228456914 16.775231158524395 7.8934023453251 11.36847312336295 9.400549311858963 4.370212296799849 5.78788826164697 20.315137735088875 26.974081832983785 40.862677137012966 22.939664365058345 25.452680871537996 14.73474785139518 19.111200418122674 6.3398890389031495 9.30992180562815 25.943080653732043 13.779725516226426 17.58777125983883 7.974658297438104 11.596961782859392 27.47518736315861 5.214460649624986 13.347549693105591 8.895137168495815 -0.5787750811156462 1.570714214374044 -1.9390637615888173 7.114655268097625
28.617234468937873 16.78496228551836 7.903133472319066 11.378204250356916 9.41028043885293 4.379943423793815 5.7976193886409355 20.324868862082837 26.98381295997775 40.87240826400693 22.949395492052307 25.46241199853196 14.744478978389147 19.12093154511664 6.349620165897115 9.319652932622116 25.95281178072601 13.789456643220392 17.597502386832797 7.98438942443207 11.606692909853358 27.484918490152577 5.224191776618952 13.357280820099557 8.90486829548978 -0.5690439541216803 1.58044534136801 -1.9293326345948514 7.124386395091591
28.677354709418836 16.79467494514796 7.912846131948683 11.387916909986533 9.419993098482546 4.389656083423414 5.807332048270553 20.334581521712447 26.99352561960736 40.88212092363654 22.959108151681917 25.47212465816157 14.754191638018746 19.130644204746257 6.3593328255267325 9.329365592251733 25.962524440355615 13.799169302850009 17.607215046462414 7.9941020840616694 11.616405569482957 27.494631149782187 5.233904436248551 13.366993479729175 8.91458095511938 -0.5593312944920632 1.5901580009976093 -1.919619974965252 7.13409905472119
28.7374749498998 16.804369208428867 7.922540395229589 11.397611173267421 9.429687361763435 4.3993503467043205 5.817026311551459 20.344275784993343 27.003219882888267 40.891815186917434 22.968802414962823 25.481818921442475 14.763885901299652 19.140338468027164 6.369027088807639 9.33905985553264 25.972218703636514 13.808863566130897 17.616909309743303 8.003796347342576 11.626099832763863 27.504325413063093 5.243598699529457 13.376687743010063 8.924275218400286 -0.5496370312111749 1.5998522642785153 -1.909925711684346 7.143793318002096
28.79759519038076 16.814045141494738 7.9322163282954605 11.407287106333293 9.439363294829324 4.409026279770192 5.82670224461733 20.353951718059225 27.01289581595414 40.90149111998331 22.978478348028695 25.491494854508346 14.773561834365523 19.150014401093035 6.37870302187351 9.34873578859851 25.981894636702386 13.818539499196769 17.626585242809174 8.013472280408447 11.635775765829734 27.514001346128964 5.253274632595328 13.386363676075934 8.933951151466157 -0.5399610981453036 1.6095281973443867 -1.9002497786184747 7.153469251067968
28.857715430861724 16.823702805217557 7.94187399201828 11.41694477005613 9.449020958552143 4.418683943493029 5.83635990834015 20.363609381782055 27.022553479676965 40.91114878370614 22.988136011751525 25.501152518231176 14.78321949808836 19.159672064815854 6.3883606855963295 9.35839345232133 25.991552300425212 13.828197162919606 17.63624290653201 8.023129944131284 11.645433429552554 27.52365900985179 5.262932296318166 13.396021339798772 8.943608815188977 -0.5303034344224662 1.619185861067224 -1.8905921148956373 7.163126914790805
28.917835671342683 16.833342260424313 7.951513447225036 11.426584225262868 9.4586604137589 4.428323398699767 5.845999363546905 20.3732488369888 27.03219293488371 40.920788238912884 22.99777546695827 25.51079197343792 14.792858953295099 19.16931152002261 6.398000140803085 9.368032907528086 26.00119175563197 13.837836618126344 17.645882361738767 8.032769399338022 11.65507288475931 27.533298465058536 5.272571751524904 13.405660795005527 8.953248270395733 -0.5206639792157282 1.628825316273962 -1.8809526596888992 7.172766369997543
28.977955911823646 16.84296357878246 7.961134765583182 11.436205543621014 9.468281732117045 4.437944717057913 5.855620681905052 20.382870155346946 27.04181425324186 40.93040955727103 23.007396785316416 25.520413291796068 14.802480271653245 19.178932838380756 6.4076214591612315 9.377654225886232 26.010813073990114 13.84745793648449 17.655503680096896 8.042390717696168 11.664694203117456 27.542919783416686 5.28219306988305 13.415282113363673 8.962869588753879 -0.511042660857582 1.6384466346321083 -1.871331341330753 7.182387688355689
29.03807615230461 16.852566817089212 7.9707380038899345 11.445808781927784 9.477884970423798 4.447547955364666 5.865223920211804 20.3924733936537 27.05141749154862 40.94001279557779 23.01700002362317 25.53001653010282 14.812083509959997 19.18853607668751 6.417224697467984 9.387257464192984 26.020416312296867 13.85706117479126 17.665106918403666 8.05199395600292 11.674297441424208 27.552523021723445 5.291796308189802 13.424885351670426 8.972472827060631 -0.5014394225508119 1.6480498729388784 -1.8617281030240007 7.1919909266624416
29.09819639278557 16.862152052636894 7.980323239437617 11.455394017475466 9.48747020597148 4.457133190912366 5.874809155759486 20.40205862920138 27.0610027270963 40.949598031125475 23.02658525917085 25.539601765650502 14.82166874550768 19.19812131223519 6.426809933015666 9.396842699740667 26.03000154784455 13.866646410338943 17.674692153951348 8.061579191550603 11.68388267697189 27.562108257271127 5.3013815437374845 13.434470587218108 8.982058062608314 -0.49185418700312966 1.6576351084865606 -1.8521428674763185 7.201576162210124
29.158316633266534 16.87171934846832 7.989890535269026 11.464961313306876 9.49703750180289 4.466700486743775 5.884376451590896 20.4116259250328 27.07057002292771 40.95916532695689 23.03615255500227 25.549169061481923 14.831236041339107 19.2076886080666 6.4363772288470935 9.406409995572076 26.03956884367597 13.876213706170352 17.684259449782758 8.07114648738203 11.693449972803318 27.571675553102537 5.310948839568912 13.444037883049518 8.991625358439741 -0.48228689117171997 1.6672024043179703 -1.842575571644891 7.211143458041551
29.218436873747493 16.881268750965397 7.99943993776612 11.474510715803952 9.506586904299983 4.476249889240851 5.893925854087989 20.421175327529884 27.080119425424797 40.96871472945397 23.045701957499354 25.558718463979005 14.840785443836182 19.217238010563694 6.445926631344169 9.41595939806917 26.049118246173045 13.885763108667428 17.693808852279833 8.080695889879106 11.702999375300394 27.581224955599623 5.320498242065987 13.453587285546593 9.001174760936816 -0.4727374886746445 1.6767518068150458 -1.8330261691478156 7.220692860538627
29.278557114228455 16.890800337736422 8.008971524537145 11.484042302574995 9.516118491071008 4.485781476011894 5.903457440859015 20.43070691430092 27.08965101219583 40.978246316225004 23.05523354427039 25.56825005075004 14.850317030607226 19.22676959733472 6.4554582181151945 9.425490984840195 26.058649832944077 13.895294695438471 17.703340439050876 8.09022747665015 11.712530962071419 27.590756542370656 5.330029828837031 13.463118872317636 9.010706347707842 -0.4632059019036012 1.686283393586089 -1.8234945823767723 7.23022444730967
29.338677354709418 16.90031417803409 8.018485364834813 11.493556142872663 9.525632331368676 4.495295316309544 5.912971281156683 20.440220754598577 27.099164852493487 40.98776015652267 23.064747384568047 25.5777638910477 14.859830870904876 19.236283437632387 6.4649720584128625 9.435004825137863 26.06816367324175 13.904808535736139 17.712854279348544 8.0997413169478 11.722044802369087 27.600270382668313 5.339543669134681 13.472632712615304 9.02022018800551 -0.453692061605951 1.6957972338837393 -1.813980742079122 7.23973828760732
29.39879759519038 16.909810313990405 8.027981500791128 11.503052278828978 9.535128467324991 4.504791452265877 5.922467417112998 20.449716890554893 27.108660988449813 40.99725629247899 23.074243520524373 25.587260027004024 14.869327006861209 19.245779573588703 6.4744681943691775 9.444500961094178 26.07765980919806 13.914304671692454 17.72235041530486 8.109237452904114 11.731540938325402 27.60976651862464 5.349039805090996 13.48212884857162 9.029716323961825 -0.4441959256496182 1.705293369840072 -1.804484606122807 7.249234423563653
29.458917835671343 16.919288823867316 8.037460010668038 11.51253078870587 9.544606977201902 4.5142699621427695 5.931945926989908 20.459195400431803 27.118139498326713 41.00673480235589 23.083722030401272 25.596738536880924 14.878805516738101 19.255258083465613 6.483946704246088 9.453979470971088 26.087138319074974 13.923783181569346 17.73182892518177 8.118715962781025 11.741019448202312 27.61924502850154 5.358518314967906 13.49160735844853 9.039194833838735 -0.4347174157727258 1.7147718797169644 -1.795006096245897 7.258712933440545
29.519038076152302 16.928749761667437 8.04692094846816 11.521991726506009 9.554067915002022 4.523730899942908 5.941406864790029 20.468656338231924 27.127600436126844 41.016195740156014 23.093182968201393 25.606199474681045 14.888266454538222 19.264719021265734 6.493407642046209 9.46344040877121 26.096599256875095 13.933244119369485 17.74128986298189 8.128176900581146 11.750480386002433 27.62870596630167 5.367979252768027 13.50106829624865 9.048655771638856 -0.42525647797258714 1.7242328175171031 -1.785545158445776 7.268173871240666
29.579158316633265 16.938193201588252 8.056364388388975 11.531435166426824 9.563511354922838 4.533174339863724 5.950850304710844 20.47809977815274 27.13704387604766 41.02563918007683 23.102626408122216 25.61564291460186 14.897709894459055 19.27416246118655 6.502851081967024 9.472883848692025 26.10604269679591 13.9426875592903 17.750733302902706 8.137620340501961 11.759923825923249 27.638149406222485 5.377422692688842 13.510511736169466 9.058099211559671 -0.4158130380517717 1.7336762574379185 -1.7761017185249606 7.2776173111614995
29.639278557114228 16.94761918703728 8.065790373838002 11.540861151875834 9.572937340371848 4.542600325312733 5.960276290159872 20.48752576360176 27.146469861496676 41.03506516552585 23.112052393571236 25.62506890005088 14.907135879908065 19.283588446635576 6.5122770674160515 9.482309834141034 26.115468682244927 13.95211354473931 17.760159288351716 8.147046325950988 11.769349811372276 27.647575391671502 5.38684867813787 13.519937721618476 9.067525197008699 -0.406387052602762 1.7431022428869283 -1.766675733075933 7.287043296610509
29.69939879759519 16.957027792145478 8.0751989789462 11.55026975698405 9.582345945480064 4.55200893042095 5.96968489526807 20.496934368709965 27.155878466604886 41.044473770634056 23.121460998679442 25.634477505159087 14.916544485016281 19.292997051743775 6.52168567252425 9.49171843924925 26.124877287353137 13.961522149847527 17.769567893459932 8.156454931059187 11.778758416480475 27.65698399677971 5.396257283246069 13.529346326726692 9.076933802116898 -0.39697844749454547 1.7525108479951448 -1.7572671279677343 7.296451901718726
29.75951903807615 16.966419071623626 8.084590258424349 11.559661036462181 9.591737224958212 4.56140020989908 5.979076174746218 20.506325648188113 27.165269746083027 41.0538650501122 23.130852278157583 25.643868784637235 14.925935764494412 19.302388331221923 6.531076952002398 9.501109718727399 26.13426856683128 13.970913429325657 17.778959172938062 8.165846210537335 11.788149695958623 27.666375276257853 5.405648562724217 13.53873760620484 9.086325081595046 -0.38758716801641513 1.7619021274732751 -1.7478758484895862 7.305843181196856
29.819639278557112 16.975793090002735 8.093964276803458 11.569035054841308 9.601111243337321 4.570774228278207 5.988450193125328 20.515699666567222 27.174643764462143 41.06323906849131 23.1402262965367 25.653242803016344 14.935309782873539 19.311762349601032 6.5404509703815075 9.510483737106508 26.143642585210394 13.980287447704784 17.78833319131719 8.175220228916444 11.797523714337732 27.67574929463697 5.415022581103326 13.54811162458395 9.095699099974155 -0.37821314963728825 1.771276145852402 -1.738501830110477 7.315217199575983
29.879759519038075 16.985149907300947 8.10332109410167 11.578391872139502 9.610468060635515 4.580131045576401 5.997807010423539 20.525056483865427 27.184000581760344 41.07259588578952 23.149583113834904 25.662599620314555 14.944666600171733 19.321119166899244 6.549807787679719 9.51984055440472 26.152999402508595 13.989644265002978 17.797690008615383 8.184577046214656 11.806880531635944 27.68510611193517 5.424379398401538 13.557468441882143 9.105055917272367 -0.3688563323390943 1.780632963150596 -1.7291450128122654 7.324574016874177
29.939879759519037 16.994489578008434 8.112660764809139 11.587731542846988 9.619807731343002 4.589470716283888 6.007146681131008 20.53439615457291 27.193340252467824 41.08193555649701 23.15892278454238 25.67193929102203 14.95400627087922 19.330458837606713 6.559147458387188 9.529180225112189 26.16233907321608 13.998983935710465 17.80702967932287 8.193916716922143 11.81622020234343 27.69444578264265 5.433719069109024 13.56680811258963 9.114395587979853 -0.35951666163160767 1.7899726338580826 -1.7198053421047788 7.3339136875816635
30.0 17.00381216198986 8.121983348790582 11.597054126828414 9.629130315324428 4.598793300265314 6.016469265112452 20.54371873855434 27.202662836449257 41.09125814047843 23.168245368523817 25.681261875003468 14.963328854860645 19.339781421588157 6.568470042368632 9.538502809093632 26.171661657197507 14.00830651969189 17.816352263304296 8.203239300903569 11.825542786324856 27.703768366624082 5.44304165309045 13.576130696571056 9.12371817196128 -0.35019407765018173 1.7992952178395085 -1.7104827581233528 7.3432362715630894
