web/models/mosfit_kne/mosfit_kn_1.0000/mosfit_kn_0.001000_0.0457_1.0000.dat
# %ECSV 1.0
# ---
# datatype:
# - {name: time, datatype: float64}
# - {name: PS1_g, datatype: float64}
# - {name: PS1_i, datatype: float64}
# - {name: PS1_r, datatype: float64}
# - {name: PS1_w, datatype: float64}
# - {name: PS1_y, datatype: float64}
# - {name: PS1_z, datatype: float64}
# - {name: swift_uvot_B, datatype: float64}
# - {name: swift_uvot_U, datatype: float64}
# - {name: swift_uvot_uvm2, datatype: float64}
# - {name: swift_uvot_uvw1, datatype: float64}
# - {name: swift_uvot_uvw2, datatype: float64}
# - {name: swift_uvot_V, datatype: float64}
# - {name: johnson_B, datatype: float64}
# - {name: johnson_I, datatype: float64}
# - {name: johnson_R, datatype: float64}
# - {name: johnson_U, datatype: float64}
# - {name: johnson_V, datatype: float64}
# - {name: sdss_g, datatype: float64}
# - {name: sdss_i, datatype: float64}
# - {name: sdss_r, datatype: float64}
# - {name: sdss_u, datatype: float64}
# - {name: sdss_z, datatype: float64}
# - {name: ATLAS_c, datatype: float64}
# - {name: ATLAS_o, datatype: float64}
# - {name: ukirt_H, datatype: float64}
# - {name: ukirt_J, datatype: float64}
# - {name: ukirt_K, datatype: float64}
# - {name: Clear, datatype: float64}
# meta: !!omap
# - comment: [kappa = 1.0, type = rprocess, mass = 0.001, velocity = 0.04566666666666669, theta_obs = 0.0, tfloor = 1000.0]
# schema: astropy-2.0
time PS1_g PS1_i PS1_r PS1_w PS1_y PS1_z swift_uvot_B swift_uvot_U swift_uvot_uvm2 swift_uvot_uvw1 swift_uvot_uvw2 swift_uvot_V johnson_B johnson_I johnson_R johnson_U johnson_V sdss_g sdss_i sdss_r sdss_u sdss_z ATLAS_c ATLAS_o ukirt_H ukirt_J ukirt_K Clear
[from data line 351]
21.162324649298597 11.583698707249077 2.7018698940498 6.176940672087632 4.209016860583645 -0.8213201544754689 0.5963558103716693 15.123605283813564 21.782549381708478 35.67114468573765 17.748131913783034 20.261148420262675 9.543215400119863 13.919667966847374 1.1483565876278492 4.118389354352831 20.751548202456725 8.588193064951108 12.396238808563513 2.783125846162786 6.405429331584074 22.283654911883303 0.02292819834966764 8.156017241830273 3.7036047172204967 -5.770307532390965 -3.6208182369012736 -7.130596212864136 1.923122816822307
21.22244488977956 11.58921594972016 2.7073871365208824 6.182457914558714 4.214534103054746 -0.8158029120043864 0.6018730528427518 15.129122526284647 21.788066624179557 35.67666192820873 17.753649156254117 20.266665662733768 9.548732642590945 13.925185209318457 1.1538738300989317 4.1239065968239315 20.757065444927807 8.59371030742219 12.401756051034596 2.7886430886338687 6.410946574055156 22.289172154354382 0.02844544082075018 8.161534484301374 3.709121959691579 -5.764790289919882 -3.615300994430191 -7.125078970393053 1.9286400592933894
21.28256513026052 11.59471598095207 2.7128871677527755 6.187957945790625 4.220034134286639 -0.8103028807724755 0.607373084074645 15.13462255751654 21.79356665541146 35.682161959440634 17.75914918748601 20.272165693965672 9.554232673822856 13.93068524055035 1.1593738613308249 4.129406628055825 20.76256547615972 8.599210338654101 12.407256082266507 2.7941431198657796 6.4164466052870495 22.294672185586286 0.033945472052661074 8.167034515533267 3.71462199092349 -5.7592902586879715 -3.60980096319828 -7.119578939161142 1.9341400905253003
21.34268537074148 11.600204267050707 2.7183754538514115 6.193446231889261 4.225522420385275 -0.8048145946738394 0.612861370173281 15.140110843615176 21.799054941510096 35.68765024553928 17.764637473584663 20.277653980064304 9.559720959921492 13.936173526648986 1.164862147429461 4.134894914154461 20.768053762258354 8.604698624752738 12.412744368365143 2.7996314059644156 6.421934891385703 22.300160471684922 0.03943375815129713 8.172522801631903 3.720110277022126 -5.7538019725893355 -3.604312677099644 -7.114090653062506 1.9396283766239364
21.402805611222444 11.605679346613034 2.7238505334137564 6.198921311451606 4.23099749994762 -0.7993395151114946 0.6183364497356258 15.14558592317752 21.80453002107244 35.69312532510161 17.77011255314699 20.283129059626642 9.56519603948382 13.94164860621133 1.1703372269918058 4.1403699937168055 20.773528841820692 8.610173704315082 12.418219447927488 2.8051064855267427 6.42740997094803 22.305635551247267 0.044908837713624195 8.177997881194248 3.7255853565844532 -5.748326893026991 -3.5988375975372993 -7.108615573500179 1.9451034561862635
21.462925851703407 11.611141218187129 2.7293124049878514 6.2043831830256835 4.236459371521715 -0.7938776435374173 0.6237983213097209 15.151047794751616 21.80999189264653 35.69858719667571 17.775574424721086 20.288590931200737 9.570657911057914 13.947110477785426 1.1757990985659008 4.1458318652909005 20.778990713394784 8.615635575889177 12.423681319501583 2.8105683571008377 6.432871842522125 22.311097422821355 0.05037070928771925 8.183459752768343 3.7310472281585483 -5.742865021452913 -3.593375725963222 -7.103153701926084 1.9505653277603585
21.52304609218437 11.616589971349267 2.734761158149972 6.209831936187822 4.241908124683835 -0.788428890375279 0.6292470744718415 15.156496547913736 21.815440645808657 35.70403594983783 17.781023177883206 20.29403968436287 9.576106664220053 13.952559230947546 1.1812478517280214 4.151280618453021 20.784439466556915 8.621084329051298 12.429130072663703 2.816017110262976 6.438320595684246 22.316546175983483 0.05581946244985758 8.188908505930463 3.7364959813206866 -5.737416268290775 -3.5879269728010836 -7.097704948763946 1.9560140809224968
21.58316633266533 11.622025700602805 2.74019688740351 6.21526766544136 4.247343853937373 -0.7829931611217411 0.6346828037253793 15.161932277167274 21.820876375062195 35.70947167909137 17.786458907136762 20.299475413616403 9.58154239347359 13.957994960201084 1.186683580981577 4.156716347706559 20.789875195810453 8.626520058304836 12.434565801917241 2.821452839516514 6.443756324937802 22.32198190523702 0.06125519170339544 8.194344235184001 3.7419317105742245 -5.731980539037237 -3.582491243547546 -7.092269219510408 1.9614498101760347
21.64328657314629 11.627448501834543 2.7456196886352657 6.220690466673098 4.252766655169129 -0.777570359890003 0.6401056049571352 15.16735507839903 21.826299176293944 35.71489448032312 17.7918817083685 20.30489821484815 9.586965194705328 13.96341776143284 1.192106382213315 4.162139148938315 20.79529799704219 8.631942859536574 12.43998860314898 2.826875640748252 6.44917912616954 22.32740470646877 0.06667799293513355 8.19976703641574 3.7473545118059626 -5.726557737805499 -3.5770684423158077 -7.08684641827867 1.9668726114077728
21.703406813627254 11.632858471956578 2.7510296587572824 6.226100436795132 4.258176625291146 -0.7721603897679685 0.6455155750791519 15.172765048521047 21.831709146415967 35.72030445044515 17.797291678490534 20.31030818497018 9.592375164827363 13.968827731554857 1.1975163523353318 4.1675491190603315 20.800707967164225 8.637352829658608 12.445398573271014 2.8322856108702865 6.454589096291574 22.332814676590793 0.07208796305716803 8.205177006537774 3.752764481927997 -5.721147767683465 -3.571658472193773 -7.081436448156635 1.9722825815298073
21.763527054108216 11.63825570080748 2.756426887608203 6.231497665646035 4.2635738541420665 -0.7667631609170655 0.6509128039300727 15.178162277371968 21.837106375266877 35.72570167929605 17.802688907341437 20.31570541382109 9.597772393678266 13.974224960405778 1.2029135811862526 4.172946347911252 20.80610519601514 8.642750058509511 12.450795802121917 2.8376828397211895 6.459986325142477 22.338211905441703 0.07748519190807102 8.210574235388695 3.7581617107789 -5.715750538832562 -3.56626124334287 -7.076039219305732 1.9776798103807103
21.82364729458918 11.64364028679362 2.761811473594342 6.236882251632174 4.268958440128188 -0.7613785749309265 0.6562973899162117 15.183546863358107 21.84249096125302 35.731086265282194 17.808073493327576 20.321089999807217 9.603156979664405 13.979609546391899 1.2082981671723916 4.1783309338973735 20.811489782001267 8.64813464449565 12.456180388108056 2.8430674257073285 6.465370911128616 22.343596491427846 0.08286977789421002 8.215958821374816 3.763546296765039 -5.710365952846423 -3.560876657356731 -7.070654633319593 1.9830643963668493
21.883767535070138 11.649012329669919 2.7671835164706415 6.242254294508491 4.274330483004505 -0.7560065320546272 0.661669432792511 15.188918906234406 21.847863004129326 35.7364583081585 17.813445536203876 20.326462042683527 9.608529022540704 13.984981589268216 1.213670210048691 4.183702976773691 20.816861824877577 8.653506687371967 12.461552430984373 2.848439468583628 6.4707429540049155 22.348968534304152 0.08824182077050935 8.221330864251133 3.7689183396413384 -5.7049939099701055 -3.555504614480414 -7.065282590443294 1.9884364392431486
21.9438877755511 11.65437191437265 2.7725431011733725 6.247613879211222 4.279690067707236 -0.7506469473518962 0.667029017495242 15.194278490937137 21.853222588832057 35.74181789286123 17.818805120906607 20.331821627386258 9.613888607243435 13.990341173970947 1.219029794751422 4.189062561476422 20.822221409580308 8.658866272074699 12.466912015687104 2.853799053286359 6.4761025387076465 22.354328119006883 0.09360140547324036 8.226690448953864 3.7742779243440694 -5.6996343252673745 -3.550145029777683 -7.059923005740563 1.9937960239458796
22.004008016032063 11.659719140076898 2.777890326877621 6.252961104915471 4.285037293411484 -0.7452997216476476 0.6723762431994906 15.199625716641386 21.858569814536295 35.747165118565476 17.824152346610855 20.337168853090507 9.619235832947684 13.995688399675196 1.2243770204556705 4.19440978718067 20.827568635284557 8.664213497778947 12.472259241391352 2.8591462789906075 6.481449764411895 22.35967534471112 0.09894863117748898 8.232037674658113 3.779625150048318 -5.694287099563126 -3.5447978040734522 -7.0545757800363145 1.9991432496501282
22.064128256513026 11.665054105016317 2.7832252918170397 6.258296069854872 4.290372258350903 -0.739964756708229 0.6777112081389092 15.204960681580804 21.863904779475718 35.75250008350489 17.829487311550274 20.342503818029925 9.624570797887102 14.001023364614614 1.229711985395089 4.199744752120089 20.832903600223965 8.669548462718348 12.477594206330753 2.864481243930026 6.486784729351314 22.365010309650543 0.10428359611690752 8.237372639597513 3.7849601149877365 -5.688952134623725 -3.5394628391340337 -7.049240815096896 2.004478214589547
22.12424849699399 11.670376890428766 2.788548077229489 6.263618855267321 4.2956950437633346 -0.7346419712957797 0.6830339935513585 15.210283466993253 21.869227564888163 35.75782286891734 17.834810096962723 20.347826603442368 9.629893583299552 14.006346150027063 1.2350347708075384 4.20506753753252 20.838226385636414 8.674871248130797 12.482916991743203 2.8698040293424754 6.492107514763763 22.37033309506299 0.10960638152935687 8.242695425009963 3.790282900400186 -5.683629349211276 -3.5341400537215844 -7.043918029684447 2.009801000001996
22.184368737474948 11.675687597382058 2.7938587841827633 6.268929562220613 4.301005750716627 -0.7293312643424876 0.6883447005046328 15.215594173946545 21.87453827184146 35.76313357587063 17.840120803916015 20.353137310395656 9.635204290252844 14.011656856980338 1.2403454777608305 4.210378244485812 20.843537092589706 8.68018195508409 12.488227698696495 2.8751147362957674 6.497418221717055 22.375643802016285 0.11491708848264892 8.248006131963255 3.795593607353478 -5.678318642257984 -3.5288293467682923 -7.0386073227311545 2.015111706955288
22.24448897795591 11.68098631158676 2.7991574983874834 6.274228276425315 4.306304464921347 -0.7240325501377853 0.6936434147093529 15.220892888151248 21.879836986046158 35.76843229007533 17.845419518120718 20.35843602460037 9.640503004457546 14.016955571185058 1.2456441919655328 4.2156769586905325 20.84883580679441 8.685480669288792 12.493526412901197 2.8804134505004697 6.502716935921757 22.380942516220983 0.12021580268735121 8.253304846167957 3.8008923215581802 -5.673019928053281 -3.52353063256359 -7.033308608526452 2.0204104211599905
22.304609218436873 11.686273130203126 2.804444317003849 6.279515095041681 4.311591283537695 -0.7187457315214196 0.6989302333257186 15.226179706767613 21.885123804662527 35.7737191086917 17.850706336737083 20.363722843216735 9.645789823073912 14.022242389801423 1.2509310105818985 4.220963777306898 20.854122625410774 8.690767487905157 12.498813231517563 2.8857002691168354 6.508003754538123 22.386229334837353 0.12550262130371692 8.258591664784323 3.806179140174546 -5.667733109436916 -3.5182438139472243 -7.0280217899100865 2.025697239776356
22.364729458917836 11.691548141944175 2.8097193287448974 6.284790106782729 4.316866295278761 -0.7134707197803714 0.7042052450667668 15.231454718508662 21.890398816403575 35.77899412043275 17.85598134847813 20.368997854957783 9.65106483481496 14.027517401542472 1.2562060223229468 4.2262387890479465 20.85939763715183 8.696042499646206 12.504088243258629 2.8909752808578837 6.513278766279171 22.3915043465784 0.1307776330447652 8.263866676525389 3.8114541519155942 -5.662458097695867 -3.512968802206176 -7.022746778169038 2.0309722515174045
22.4248496993988 11.696811439481127 2.81498262628185 6.290053404319682 4.322129592815713 -0.7082074222434187 0.7094685426037195 15.236718016045614 21.895662113940524 35.7842574179697 17.861244646015084 20.374261152494736 9.656328132351913 14.032780699079424 1.2614693198598994 4.231502086584899 20.864660934688775 8.701305797183158 12.509351540795564 2.8962385783948363 6.518542063816124 22.39676764411535 0.13604093058171784 8.269129974062341 3.816717449452547 -5.657194800158915 -3.5077055046692234 -7.017483480632086 2.036235549054357
22.484969939879758 11.702063113084495 2.820234299885218 6.29530507792305 4.327381266419081 -0.7029557486400506 0.7147202162070876 15.241969689648982 21.900913787543892 35.789509091573066 17.866496319618452 20.379512826098104 9.66157980595528 14.038032372682792 1.2667209934632675 4.236753760188267 20.869912608292154 8.706557470786526 12.51460321439895 2.9014902519982044 6.523793737419492 22.402019317718718 0.14129260418508593 8.27438164766571 3.821969123055915 -5.651943126555547 -3.5024538310658553 -7.0122318070287175 2.041487222657725
22.54509018036072 11.707303253254988 2.825474440055711 6.300545218093543 4.332621406589556 -0.6977156084695579 0.7199603563775803 15.247209829819475 21.906153927714385 35.79474923174356 17.871736459788945 20.38475296626859 9.666819946125774 14.043272512853267 1.2719611336337602 4.241993900358742 20.875152748462636 8.711797610957019 12.519843354569424 2.906730392168697 6.529033877589985 22.40725945788921 0.14653274435557861 8.279621787836184 3.8272092632264076 -5.646702986385054 -3.4972136908953626 -7.006991666858225 2.046727362828218
22.605210420841683 11.7125319448356 2.830703131636323 6.305773909674155 4.337850098170168 -0.6924869168889458 0.7251890479581924 15.252438521400087 21.911382619294997 35.79997792332417 17.876965151369557 20.3899816578492 9.672048637706386 14.048501204433897 1.2771898252143723 4.247222591939372 20.880381440043248 8.717026302537631 12.525072046150036 2.9119590837493092 6.534262569170597 22.412488149469823 0.15176143593619074 8.284850479416797 3.8324379548070198 -5.641474294804442 -3.4919849993147505 -7.001762975277613 2.05195605440883
22.665330661322646 11.717749284282117 2.83592047108284 6.310991249120672 4.343067437616703 -0.6872695774424287 0.7304063874047095 15.257655860846604 21.916599958741514 35.805195262770695 17.882182490816074 20.395198997295726 9.677265977152903 14.053718543880414 1.2824071646608894 4.252439931385889 20.885598779489776 8.722243641984148 12.530289385596571 2.9171764231958264 6.539479908617114 22.41770548891634 0.15697877538270788 8.290067818863331 3.837655294253537 -5.636256955357925 -3.4867676598682333 -6.996545635831096 2.057173393855347
22.725450901803605 11.722955355382911 2.841126542183634 6.316197320221466 4.348273508717497 -0.6820635063416347 0.7356124585055035 15.262861931947398 21.92180602984231 35.81040133387149 17.887388561916868 20.40040506839652 9.682472048253697 14.058924614981208 1.2876132357616834 4.257646002486683 20.89080485059057 8.72744971308496 12.535495456697365 2.9223824942966203 6.544685979717908 22.422911560017134 0.16218484648350184 8.295273889964125 3.842861365354331 -5.631050884257131 -3.4815615887674394 -6.991339564730302 2.062379464956141
22.785571142284567 11.728150251751046 2.846321438551769 6.321392216589601 4.353468405085614 -0.6768686099735 0.7408073548736382 15.268056828315533 21.927000926210447 35.81559623023961 17.892583458285003 20.405599964764654 9.687666944621832 14.064119511349343 1.2928081321298182 4.262840898854818 20.895999746958694 8.732644609453077 12.540690353065482 2.927577390664755 6.549880876086043 22.428106456385272 0.1673797428516366 8.300468786332242 3.8480562617224656 -5.625855987888996 -3.4763666923993046 -6.986144668362167 2.067574361324276
22.84569138276553 11.733334058259821 2.851505245060544 6.326576023098376 4.358652211594407 -0.6716848034647249 0.7459911613824133 15.273240634824308 21.93218473271922 35.8207800367484 17.897767264793778 20.41078377127343 9.692850751130607 14.069303317858118 1.2979919386385932 4.268024705363593 20.901183553467476 8.73782841596187 12.545874159574275 2.93276119717353 6.555064682594818 22.433290262894047 0.17256354936041163 8.305652592841035 3.8532400682312407 -5.620672181380221 -3.4711828858905296 -6.980960861853392 2.072758167833051
