web/models/mosfit_kne/mosfit_kn_1.0000/mosfit_kn_0.330399_0.3903_1.0000.dat
# %ECSV 1.0
# ---
# datatype:
# - {name: time, datatype: float64}
# - {name: PS1_g, datatype: float64}
# - {name: PS1_i, datatype: float64}
# - {name: PS1_r, datatype: float64}
# - {name: PS1_w, datatype: float64}
# - {name: PS1_y, datatype: float64}
# - {name: PS1_z, datatype: float64}
# - {name: swift_uvot_B, datatype: float64}
# - {name: swift_uvot_U, datatype: float64}
# - {name: swift_uvot_uvm2, datatype: float64}
# - {name: swift_uvot_uvw1, datatype: float64}
# - {name: swift_uvot_uvw2, datatype: float64}
# - {name: swift_uvot_V, datatype: float64}
# - {name: johnson_B, datatype: float64}
# - {name: johnson_I, datatype: float64}
# - {name: johnson_R, datatype: float64}
# - {name: johnson_U, datatype: float64}
# - {name: johnson_V, datatype: float64}
# - {name: sdss_g, datatype: float64}
# - {name: sdss_i, datatype: float64}
# - {name: sdss_r, datatype: float64}
# - {name: sdss_u, datatype: float64}
# - {name: sdss_z, datatype: float64}
# - {name: ATLAS_c, datatype: float64}
# - {name: ATLAS_o, datatype: float64}
# - {name: ukirt_H, datatype: float64}
# - {name: ukirt_J, datatype: float64}
# - {name: ukirt_K, datatype: float64}
# - {name: Clear, datatype: float64}
# meta: !!omap
# - comment: [kappa = 1.0, type = rprocess, mass = 0.33039895931513485, velocity = 0.3903333333333333, theta_obs = 0.0, tfloor = 1000.0]
# schema: astropy-2.0
time PS1_g PS1_i PS1_r PS1_w PS1_y PS1_z swift_uvot_B swift_uvot_U swift_uvot_uvm2 swift_uvot_uvw1 swift_uvot_uvw2 swift_uvot_V johnson_B johnson_I johnson_R johnson_U johnson_V sdss_g sdss_i sdss_r sdss_u sdss_z ATLAS_c ATLAS_o ukirt_H ukirt_J ukirt_K Clear
[from data line 198]
11.963927855711422 -11.07450548677166 -15.06059228815202 -13.54105706763347 -13.912917537439 -16.454207080462435 -15.922752091022385 -9.482205548637019 -7.045142744850956 0.9454889958567998 -5.872856280197354 -3.9707884946673064 -12.193550053182324 -9.770331775362337 -15.92404520174161 -14.28680962569911 -7.403281334667195 -12.41630384085182 -10.704033819100598 -15.02903900382611 -13.489787935208284 -6.3717677367681524 -16.09156862359926 -12.370704243364177 -14.40209792152002 -18.021961433424952 -17.41128930510051 -18.282201207655074 -14.656575492335211
12.024048096192384 -10.888966739371977 -14.939609863840353 -13.393991354436139 -13.78297597833095 -16.36100294029207 -15.81829855199814 -9.271829544496423 -6.781222638033615 1.308005733803392 -5.6589432742826595 -3.757685926137618 -12.021891815058396 -9.567865335334464 -15.811557840063017 -14.152234601184698 -7.147422228387558 -12.25056344813728 -10.512637276389594 -14.90733479507309 -13.341059888331035 -6.110439852035707 -15.991168045788449 -12.21066365799107 -14.273262922248708 -17.971063928418026 -17.341037709316662 -18.244736129593765 -14.544115594331188
12.084168336673347 -10.700513574652781 -14.81659099270157 -13.244536085606917 -13.65106810725706 -16.2661654605202 -15.712039466655288 -9.05815406545453 -6.513208317172321 1.67527065004023 -5.442520266539681 -3.541806591907853 -11.847431977128739 -9.36233452530216 -15.697171023522191 -14.01557538709141 -6.887583780500972 -12.082198369685598 -10.318243954393349 -14.783584789319342 -13.189895584126301 -5.845019499978044 -15.889050050946008 -12.048172121828102 -14.142402475552718 -17.919218032754035 -17.26952342995343 -18.206556936557533 -14.430030869087194
12.144288577154308 -10.520930802174586 -14.699455028050838 -13.102172691270262 -13.525624852877272 -16.17594702623199 -15.610903274694614 -8.854457397701722 -6.257591220902476 2.0249584336845645 -5.236955656979294 -3.3364976463557947 -11.681133607734637 -9.166530322511338 -15.588292921400868 -13.885551358794885 -6.639775131715144 -11.921807469129016 -10.132989840440612 -14.6657515668349 -13.045878731721938 -5.591847729166837 -15.791896948664146 -11.893472947429888 -14.017892751895165 -17.870128574643026 -17.201617051406792 -18.17055757206178 -14.321693021900064
12.20440881763527 -10.334084074507608 -14.57736252608882 -12.953923100407128 -13.395095105711388 -16.081789192677505 -15.50540651749472 -8.64256253733733 -5.991793009243533 2.38763123413763 -5.023870646474116 -3.1234043532752795 -11.507991210996408 -8.962942841441762 -15.474783717224298 -13.750228919397191 -6.382080877657554 -11.754885096002246 -9.940259895794643 -14.542936614616657 -12.895891610831693 -5.328555310226175 -15.6905625783636 -11.732537599024049 -13.888266432039629 -17.81872014392048 -17.130649875952333 -18.132770661666765 -14.208998347716175
12.264529058116231 -10.124202386307637 -14.439699144940299 -12.787091105266217 -13.248229172160944 -15.975306322120044 -15.386256896627977 -8.404695117906773 -5.693731552109469 2.792923533429012 -4.785536838148623 -2.884731173200595 -11.313309957980373 -8.73448823158498 -15.346717110381036 -13.59797283611477 -6.093067055142029 -11.567254582047964 -9.72381424203359 -14.404468268102448 -12.727094440913724 -5.033254156644507 -15.576093809443066 -11.551681279400228 -13.742334723535095 -17.760032005682312 -17.05009437156045 -18.08933014566564 -14.08213883848818
12.324649298597194 -9.94304255344506 -14.321278294429831 -12.643333782378505 -13.121986622197923 -15.883994405752127 -15.283923466354352 -8.199181159406834 -5.4358584368718965 3.1432567400981677 -4.580325941736234 -2.6789417702192817 -11.14528521699037 -8.537277908817739 -15.236653751373332 -13.46701427663697 -5.843063141603892 -11.405452907699408 -9.536949953358071 -14.285348825245965 -12.581606670931542 -4.777750975164672 -15.47786001671211 -11.395843457975339 -13.616844486812756 -17.71033934676051 -16.98135978822087 -18.0529304748995 -13.973374166159989
12.384769539078157 -9.781159662862269 -14.215766428966106 -12.51506017743269 -13.009580789386241 -15.802855982378219 -15.192868724318753 -8.015383923674452 -5.204964082304251 3.456673707634505 -4.397342273909857 -2.495212818271838 -10.99514963794481 -8.361041496076428 -15.138667079388448 -13.350348447502178 -5.619247259772983 -11.260986639760072 -9.369940080326291 -14.179209887786648 -12.45176000185543 -4.5489647578386005 -15.390515188620348 -11.256795047084918 -13.505070139683042 -17.66667158010566 -16.92054836630099 -18.02124267691386 -13.876748474177703
12.444889779559118 -9.5747338282961 -14.080196326140495 -12.350884229967836 -12.865520697829105 -15.69794274021337 -15.075473442085414 -7.781370928977821 -4.911682037070975 3.8529396446024373 -4.165053291844707 -2.2616839413300336 -10.80341773044631 -8.136666068399169 -15.012577006565177 -13.200908225931222 -5.334874204057051 -11.076485770568565 -9.157067980752487 -14.04285247223612 -12.285582490048963 -4.258305323252163 -15.277818609417047 -11.079179636212988 -13.361747345818475 -17.608956236322793 -16.841239401262218 -17.978633056207475 -13.752624293192763
12.50501002004008 -9.364777683713026 -13.942166599300272 -12.183822129933226 -12.719067531221295 -15.59105547092729 -14.955895833178765 -7.543364604942396 -4.613431303434616 4.254883542747991 -3.9295678543746955 -2.024594529010194 -10.60829729430494 -7.908595167493772 -14.884194445188072 -13.048970234379464 -5.045681509792576 -10.888825716130802 -8.940566199521474 -13.904024621763735 -12.116461162316003 -3.962687366992057 -15.163051271399333 -10.8985901193563 -13.215982032881968 -17.55008983901916 -16.760403658156395 -17.93515335789779 -13.626521771324018
12.565130260521041 -9.166288724675464 -13.811785986174598 -12.025956059728156 -12.580886792598687 -15.490183873123069 -14.842989704789264 -7.318273070297706 -4.331219473478196 4.634498224215695 -3.707553347865868 -1.8007407881681057 -10.423783594171578 -7.693052593656894 -14.762970802518655 -12.905579482443372 -4.7720613696805465 -10.71148834779075 -8.735877427302494 -13.772889333861702 -11.956619973256704 -3.6829426942532706 -15.054737849924855 -10.728018432133304 -13.078399874615627 -17.494789038859825 -16.68425540901021 -17.894470123618774 -13.507715270771072
12.625250501002004 -8.971031771988596 -13.683511943762685 -11.870656649634483 -12.445104336028763 -15.390948956693382 -14.731902607018537 -7.096815218901745 -4.053515381313435 5.007251269007839 -3.489753804057862 -1.5808290231495934 -10.242203268582088 -7.481119190249505 -14.643722948371362 -12.764662443274297 -4.5028217168067215 -10.537072409440993 -8.534521725192104 -13.64387418165288 -11.79935442048654 -3.4076418255063956 -14.948203510797953 -10.56031884551734 -12.943159168067417 -17.440463186282727 -16.60938601565027 -17.85456428001694 -13.391084064837564
12.685370741482965 -8.75069208108112 -13.538246053525835 -11.69510844196406 -12.291609954312985 -15.278249608905892 -14.60590046149889 -6.847066725167422 -3.7406446934483917 5.425777092125263 -3.2448254429145424 -1.3331768194113667 -10.037114182110216 -7.242202106278221 -14.508597418531021 -12.605406288357177 -4.1994563899043165 -10.340139246653306 -8.307345189087254 -13.497779033568769 -11.621574995723325 -3.0974389596492458 -14.827346532850036 -10.370981761522327 -12.790220209400971 -17.378201977921993 -16.524053672146426 -17.808515291179813 -13.259167105481122
12.745490981963927 -8.527403618957603 -13.390908111546604 -11.517143077581018 -12.136142957422162 -15.163878574014564 -14.478051369176796 -6.593981419351343 -3.4236123148724573 5.848761446347958 -2.9973647805081245 -1.082578643342845 -9.8291724526979 -7.000242328046639 -14.371543627159646 -12.444108715483068 -3.8920615255279967 -10.140584859145283 -8.07713873443733 -13.349603713561198 -11.441323034969457 -2.7830797003475993 -14.704748514730053 -10.179180122306892 -12.635263225100015 -17.314967130468762 -16.437430483176207 -17.761734640900514 -13.125649161326134
12.80561122244489 -8.339189087175658 -13.267170840559057 -11.367412156879393 -12.005654834577104 -15.068143058265413 -14.37085849643955 -6.380437347426141 -3.1557122571960328 6.205872344768808 -2.78916724785585 -0.8714175940883027 -9.65392314602368 -6.7962748755123705 -14.256556730972491 -12.308674100662966 -3.632360764493552 -9.972563742558636 -7.883050403597007 -13.225156864719487 -11.289628062524368 -2.5174298992705957 -14.60204974987624 -10.01778990936062 -12.505169913419856 -17.262726563020735 -16.365298350482202 -17.72350301525959 -13.013887517262521
12.86573146292585 -8.10864267153491 -13.114778933477726 -11.183521925953936 -11.845259965262063 -14.949710013352089 -14.238519305152355 -6.119148280819263 -2.8284525746478018 6.6403667490404645 -2.5350402797862333 -0.6133313164344965 -9.439016270002789 -6.546755286950216 -14.114795400385713 -12.142292928383657 -3.3150625410429346 -9.76655156456271 -7.645383376033781 -13.071906551785855 -11.10332933995414 -2.192876010044653 -14.475202765958421 -9.819870593600406 -12.34520995762967 -17.19711455412401 -16.275532253005007 -17.674919795785954 -12.876304462651103
12.925851703406813 -7.874525651730355 -12.959892512252082 -10.996714315216156 -11.6824561226038 -14.829268065588934 -14.103959683471228 -5.853822295709544 -2.4961538500395264 7.080377808295048 -2.2777135850276937 -0.35158284947442864 -9.220671280591752 -6.293540464544488 -13.97071245034467 -11.97343682230682 -2.9928893123625433 -9.557373241918421 -7.404047018805109 -12.916151894284482 -10.914049359276063 -1.863297795322385 -14.346261217600969 -9.618952584316158 -12.182801779296053 -17.130329049735767 -16.184213828613334 -17.625449809587895 -12.73675108678427
12.985971943887774 -7.636545734351099 -12.802313201604445 -10.80675409818669 -11.51703801518293 -14.706659118959085 -13.96700449983177 -5.584130207964356 -2.158404172816173 7.526412303726297 -2.016874572323388 -0.08584028435255275 -8.998613320136581 -6.036322189028173 -13.824123063609061 -11.801900230237756 -2.665443692289433 -9.344771671930532 -7.158740723030572 -12.757693678812139 -10.721549093170406 -1.528287596770106 -14.21505894521026 -9.414784569606791 -12.01774236676112 -17.062276527111667 -16.091220489448972 -17.575020507972013 -12.595053033147199
13.046092184368737 -7.445808864815113 -12.676600652339403 -10.654862300349901 -11.385125884678224 -14.609240805876205 -13.85796918765319 -5.36771611893685 -1.8868781061394022 7.884771844120963 -1.8081463955213724 0.12715792505190082 -8.820693834185313 -5.830130975207343 -13.707318227718119 -11.665060944263274 -2.4022733931890916 -9.174614125527752 -6.96207848425443 -12.63127197085435 -10.56758036918449 -1.258962827087533 -14.110714655251702 -9.251481103073935 -11.88609125822051 -17.009057770022956 -16.017798483780652 -17.53609169538725 -12.482416274076531
13.1062124248497 -7.223722953126526 -12.529624697273771 -10.477656860225899 -11.231140442110963 -14.494959878332239 -13.730253748552759 -5.115938466924233 -1.571362823781257 8.299772132943254 -1.5658156290093745 0.3747566381639946 -8.61334875361542 -5.590310770054753 -13.570653117200273 -11.505412029630932 -2.0964357279817603 -8.976362169601531 -6.7331482035581125 -12.483478788498967 -10.387950994299793 -0.945975841954354 -13.988460629227841 -9.061178857089764 -11.732377514749555 -16.94591488294918 -15.931284229962 -17.489495180912456 -12.350796544456735
13.16633266533066 -6.960068243543329 -12.354448468419168 -10.266885381909301 -11.047909869039376 -14.35831339386823 -13.577760630214097 -4.817265473690152 -1.1975021131600803 8.789716239436821 -1.2790308188160888 0.6682038396457348 -8.366972093733633 -5.3059269592524885 -13.407652076572447 -11.315554230330768 -1.7340119777733531 -8.74087251853062 -6.46143129095373 -12.307342637288468 -10.174290460013697 -0.5750755959642184 -13.842459988557021 -8.83509208591704 -11.549429443212151 -16.869618643554332 -15.827411401397509 -17.43274348528917 -12.194048855715316
13.226452905811623 -6.711098565617366 -12.18912553750723 -10.067926100396427 -10.875167997224828 -14.22943013628025 -13.433875833999487 -4.535150271857581 -0.8442009793199643 9.25167593825298 -1.008887656021002 0.9450946144223917 -8.13425347578023 -5.037521519830367 -13.253868034474909 -11.136597100649183 -1.3915613147408945 -8.51862131227051 -6.20484035368575 -12.141115068800303 -9.972566916540693 -0.22455762955281955 -13.704772001829504 -8.621761488948305 -11.376920771341581 -16.797895929960816 -15.729574879075372 -17.379548949020172 -12.046477240289857
13.286573146292584 -6.471798389189196 -12.03027268203586 -9.876737707697458 -10.709353744508032 -14.105634760279369 -13.29563465405215 -4.263937956388562 -0.504430994079019 9.694970177330898 -0.7498412973320074 1.2110368898391113 -7.91050859607908 -4.7796773188454935 -13.10613852163294 -10.964856584286792 -1.0622629537976747 -8.305104226789284 -5.958211328675489 -11.981394913655361 -9.778690271038535 0.11254804826672071 -13.572544763320291 -8.416846201035924 -11.21130280456029 -16.729168474865205 -15.635694739475596 -17.328685932479125 -11.904991066185069
13.346693386773547 -6.2105082887930685 -11.856450804715681 -9.667774557826814 -10.528150340577902 -13.96994151261893 -13.1442153391348 -3.9679143604768816 -0.13376237366545118 10.177129873870495 -0.4677492817157609 1.5010725826498974 -7.666051383655906 -4.498390159025231 -12.944439040739788 -10.77727238003651 -0.7030214497071728 -8.071946634757497 -5.688954085411293 -11.806633209259552 -9.566771759136543 0.48033157132739035 -13.42772468463405 -8.193059321868894 -11.030284849265293 -16.653449697167414 -15.532588148476005 -17.27243879189318 -11.750371006566702
13.40681362725451 -5.94469976382932 -11.67948706585646 -9.4551343203125 -10.343882553674604 -13.831717401478762 -12.989997433509881 -3.666789126341402 0.24329243681780377 10.666314512113143 -0.18150337522666105 1.7958556868947686 -7.417258101699134 -4.2124464617943005 -12.779818181974811 -10.58659600728441 -0.33761937063189185 -7.8348222899306 -5.415054775884851 -11.628718357120746 -9.351095616150307 0.8544662069523845 -13.280274532206455 -7.965465486049332 -10.84617883620373 -16.576247325675585 -15.427526389321944 -17.215063794137887 -11.593243593926452
13.46693386773547 -5.701434269050161 -11.517726816081026 -9.260660999892245 -10.175587924468683 -13.705504951442737 -12.849095031669169 -3.39109385774914 0.5887408695605958 11.113662217470686 0.07991496742356263 2.065514646528911 -7.189531420263429 -3.9508658091225297 -12.629407079210957 -10.412491467153863 -0.002902805176685397 -7.617970561492055 -5.164368726724593 -11.466088786378439 -9.153807584314126 1.197242970860195 -13.145638280493372 -7.757361726313121 -10.678011736150577 -16.506103863492477 -15.331790872077864 -17.163151694712614 -11.44996824717472
13.527054108216433 -5.408253826775997 -11.32204957231993 -9.02587047779912 -9.972295979395138 -13.552362019441269 -12.678357541173337 -3.0590821020105983 1.0043164345314362 11.649951268358759 0.39408326052385023 2.3900458613768163 -6.9148538488811555 -3.6359721780643857 -12.44733867300604 -10.202342287423473 0.39978040920605873 -7.35651649503797 -4.862313916925558 -11.269375784395006 -8.915613395241095 1.6096292221541475 -12.982469359057784 -7.506370932096225 -10.474849373036328 -16.420141996985503 -15.21517301863458 -17.099050174764137 -11.276756068946465
