web/models/mosfit_kne/mosfit_kn_1.0000/mosfit_kn_0.014776_0.1553_1.0000.dat
# %ECSV 1.0
# ---
# datatype:
# - {name: time, datatype: float64}
# - {name: PS1_g, datatype: float64}
# - {name: PS1_i, datatype: float64}
# - {name: PS1_r, datatype: float64}
# - {name: PS1_w, datatype: float64}
# - {name: PS1_y, datatype: float64}
# - {name: PS1_z, datatype: float64}
# - {name: swift_uvot_B, datatype: float64}
# - {name: swift_uvot_U, datatype: float64}
# - {name: swift_uvot_uvm2, datatype: float64}
# - {name: swift_uvot_uvw1, datatype: float64}
# - {name: swift_uvot_uvw2, datatype: float64}
# - {name: swift_uvot_V, datatype: float64}
# - {name: johnson_B, datatype: float64}
# - {name: johnson_I, datatype: float64}
# - {name: johnson_R, datatype: float64}
# - {name: johnson_U, datatype: float64}
# - {name: johnson_V, datatype: float64}
# - {name: sdss_g, datatype: float64}
# - {name: sdss_i, datatype: float64}
# - {name: sdss_r, datatype: float64}
# - {name: sdss_u, datatype: float64}
# - {name: sdss_z, datatype: float64}
# - {name: ATLAS_c, datatype: float64}
# - {name: ATLAS_o, datatype: float64}
# - {name: ukirt_H, datatype: float64}
# - {name: ukirt_J, datatype: float64}
# - {name: ukirt_K, datatype: float64}
# - {name: Clear, datatype: float64}
# meta: !!omap
# - comment: [kappa = 1.0, type = rprocess, mass = 0.014775890654408853, velocity = 0.15533333333333332, theta_obs = 0.0, tfloor = 1000.0]
# schema: astropy-2.0
time PS1_g PS1_i PS1_r PS1_w PS1_y PS1_z swift_uvot_B swift_uvot_U swift_uvot_uvm2 swift_uvot_uvw1 swift_uvot_uvw2 swift_uvot_V johnson_B johnson_I johnson_R johnson_U johnson_V sdss_g sdss_i sdss_r sdss_u sdss_z ATLAS_c ATLAS_o ukirt_H ukirt_J ukirt_K Clear
[from data line 407]
24.529058116232463 9.255128791584202 0.37329997838492446 3.8483707564227565 1.88044694491877 -3.1498900701403443 -1.732214105293206 12.795035368148689 19.4539794660436 33.34257477007277 15.419561998118159 17.93257850459781 7.214645484454986 11.591098051182499 -1.1802133280370262 1.7898194386879738 18.42297828679185 6.2596231492862335 10.067668892898638 0.45455593049791077 4.076859415919198 19.955084996218417 -2.3056417173152077 5.827447326165398 1.3750348015556213 -8.09887744805584 -5.949388152566149 -9.459166128529011 -0.40544709884256847
24.589178356713425 9.260093989502636 0.37826517630334067 3.8533359543411905 1.885412142837204 -3.1449248722219103 -1.7272489073747899 12.800000566067105 19.458944663962026 33.3475399679912 15.424527196036593 17.937543702516244 7.21961068237342 11.596063249100915 -1.1752481301185922 1.79478463660639 18.427943484710283 6.2645883472046675 10.072634090817072 0.45952112841634474 4.081824613837632 19.96005019413685 -2.3006765193967738 5.832412524083832 1.3799999994740553 -8.093912250137405 -5.944422954647715 -9.454200930610577 -0.4004819009241345
24.649298597194388 9.265048484859033 0.3832196716597558 3.858290449697588 1.890366638193619 -3.139970376865513 -1.7222944120183747 12.80495506142352 19.46389915931843 33.352494463347604 15.42948169139299 17.94249819787264 7.224565177729818 11.60101774445733 -1.1702936347621948 1.799739131962805 18.43289798006668 6.269542842561065 10.07758858617347 0.4644756237727421 4.08677910919403 19.965004689493266 -2.2957220240403764 5.837367019440247 1.3849544948304526 -8.088957754781008 -5.939468459291318 -9.44924643525418 -0.39552740556773713
24.70941883767535 9.269992346290383 0.38816353309110596 3.8632343111289558 1.8953104996249692 -3.135026515434145 -1.7173505505870246 12.80989892285487 19.46884302074979 33.35743832477896 15.43442555282434 17.94744205930399 7.229509039161186 11.60596160588868 -1.1653497733308447 1.8046829933941553 18.43784184149805 6.274486703992433 10.082532447604837 0.46941948520411003 4.09172297062538 19.969948550924617 -2.2907781626090085 5.842310880871597 1.3898983562618028 -8.08401389334964 -5.93452459785995 -9.444302573822812 -0.3905835441363692
24.769539078156313 9.27492564408956 0.3930968308902827 3.8681676089281147 1.900243797424146 -3.130093217634986 -1.7124172527878478 12.814832220654047 19.473776318548957 33.36237162257813 15.439358850623517 17.95237535710317 7.2344423369603446 11.610894903687857 -1.160416475531668 1.809616291193332 18.442775139297208 6.279420001791592 10.087465745403996 0.474352783003269 4.096656268424557 19.974881848723793 -2.2858448648098495 5.847244178670756 1.3948316540609795 -8.079080595550481 -5.929591300060791 -9.439369276023653 -0.38565024633721023
24.829659318637272 9.27984844845593 0.39801963525663453 3.8730904132944843 1.9051666017904978 -3.1251704132686164 -1.707494448421496 12.819755025020399 19.47869912291532 33.36729442694449 15.444281654989869 17.95729816146952 7.239365141326714 11.615817708054209 -1.155493671165316 1.8145390955596838 18.447697943663577 6.284342806157961 10.092388549770366 0.4792755873696386 4.1015790727909085 19.979804653090145 -2.28092206044348 5.852166983037126 1.3997544584273491 -8.074157791184112 -5.924668495694421 -9.434446471657283 -0.38072744197084063
24.889779559118235 9.28476082850235 0.40293201530307243 3.8780027933409045 1.9100789818369357 -3.1202580332221963 -1.702582068375058 12.824667405066837 19.48361150296175 33.37220680699093 15.449194035036307 17.962210541515958 7.244277521373134 11.620730088100647 -1.1505812911188782 1.8194514756061217 18.452610323709997 6.2892551862043815 10.097300929816804 0.48418796741605874 4.106491452837346 19.984717033136583 -2.2760096803970598 5.857079363083564 1.4046668384737693 -8.069245411137691 -5.919756115648001 -9.429534091610863 -0.3758150619244205
24.949899799599198 9.289662856408007 0.4078340432087302 3.882904821246562 1.9149810097425757 -3.1153560053165386 -1.6976800404694004 12.829569432972495 19.488513530867408 33.37710883489658 15.454096062941964 17.967112569421616 7.249179549278792 11.625632116006305 -1.1456792632132204 1.8243535035117795 18.457512351615655 6.294157214110039 10.102202957722444 0.4890899953217165 4.111393480743004 19.989619061042223 -2.271107652491402 5.861981390989204 1.409568866379427 -8.064343383232034 -5.914854087742343 -9.424632063705205 -0.37091303401876274
25.01002004008016 9.294554598487945 0.4127257852886501 3.8877965633265 1.9198727518225134 -3.110464263236601 -1.6927882983894804 12.834461175052414 19.493405272947335 33.382000576976516 15.458987805021902 17.972004311501554 7.25407129135873 11.630523858086224 -1.1407875211333005 1.8292452455916994 18.462404093695593 6.299048956189977 10.107094699802381 0.4939817374016542 4.116285222822942 19.99451080312216 -2.2662159104114643 5.8668731330691415 1.4144606084593647 -8.059451641152096 -5.9099623456624055 -9.419740321625268 -0.36602129193882504
25.07014028056112 9.299436126204146 0.41760731300486853 3.8926780910427006 1.9247542795387318 -3.1055827355204 -1.687906770673262 12.839342702768633 19.498286800663543 33.38688210469272 15.463869332738103 17.976885839217754 7.25895281907493 11.635405385802443 -1.135905993417082 1.8341267733079178 18.467285621411794 6.303930483906178 10.1119762275186 0.49886326511785484 4.1211667505391425 19.99939233083838 -2.2613343826952637 5.87175466078536 1.4193421361755654 -8.054570113435895 -5.905080817946205 -9.414858793909067 -0.3611397642226244
25.130260521042082 9.30430750839454 0.42247869519526304 3.897549473233095 1.9296256617291085 -3.1007113533300057 -1.6830353884828675 12.844214084959027 19.503158182853937 33.39175348688311 15.468740714928497 17.98175722140815 7.263824201265325 11.640276767992837 -1.1310346112266876 1.8389981554983124 18.472157003602188 6.308801866096572 10.116847609708977 0.5037346473082494 4.126038132729537 20.004263713028756 -2.256463000504869 5.876626042975737 1.4242135183659599 -8.0496987312455 -5.90020943575581 -9.409987411718673 -0.3562683820322299
25.190380761523045 9.309168811288497 0.4273399980892201 3.902410776127052 1.9344869646230656 -3.0958500504360487 -1.6781740855889105 12.849075387852984 19.508019485747894 33.39661478977707 15.473602017822454 17.986618524302106 7.268685504159282 11.645138070886794 -1.1261733083327305 1.8438594583922516 18.477018306496145 6.313663168990529 10.121708912602934 0.5085959502022064 4.130899435623494 20.009125015922713 -2.251601697610912 5.881487345869694 1.429074821259917 -8.044837428351544 -5.895348132861853 -9.405126108824716 -0.35140707913827285
25.250501002004007 9.314020999429946 0.4321921862306688 3.907262964268501 1.9393391527645143 -3.0909978622946 -1.6733218974474617 12.853927575994433 19.512871673889343 33.40146697791852 15.478454205963903 17.991470712443554 7.273537692300731 11.649990259028225 -1.1213211201912818 1.8487116465337003 18.481870494637594 6.318515357131978 10.126561100744382 0.5134481383436551 4.135751623764943 20.01397720406416 -2.2467495094694634 5.886339534011142 1.4339270094013656 -8.039985240210095 -5.890495944720405 -9.400273920683267 -0.3465548909968241
25.31062124248497 9.318861889239862 0.43703307604058494 3.9121038540784348 1.9441800425744482 -3.086156972484666 -1.6684810076375456 12.85876846580435 19.51771256369927 33.406307867728444 15.48329509577382 17.99631160225347 7.278378582110665 11.65483114883816 -1.1164802303813657 1.8535525363436343 18.486711384447528 6.323356246941912 10.131401990554316 0.5182890281535713 4.140592513574859 20.018818093874096 -2.2419086196595295 5.891180423821076 1.4387678992112818 -8.035144350400161 -5.885655054910471 -9.395433030873333 -0.3417140011868902
25.37074148296593 9.323693142526341 0.44186432932704633 3.916935107364896 1.9490112958609096 -3.0813257191982046 -1.6636497543510842 12.86359971909081 19.52254381698573 33.41113912101491 15.488126349060298 18.001142855539932 7.283209835397126 11.65966240212462 -1.1116489770949043 1.8583837896300957 18.49154263773399 6.328187500228373 10.136233243840778 0.5231202814400504 4.145423766861338 20.023649347160557 -2.237077366373068 5.896011677107538 1.443599152497761 -8.0303130971137 -5.880823801624009 -9.390601777586872 -0.3368827479004288
25.430861723446892 9.328514704702524 0.446685891503229 3.921756669541079 1.9538328580370923 -3.076504157022022 -1.6588281921749015 12.868421281266993 19.527365379161914 33.41596068319109 15.492947911236463 18.005964417716115 7.288031397573309 11.664483964300803 -1.1068274149187216 1.8632053518062783 18.496364199910172 6.333009062404556 10.14105480601696 0.5279418436162331 4.150245329037503 20.02847090933674 -2.2322558041968854 5.90083323928372 1.4484207146739259 -8.025491534937517 -5.876002239447827 -9.385780215410689 -0.33206118572424614
25.490981963927855 9.33332658214109 0.45149776894181315 3.926568546979645 1.9586447354756586 -3.0716922795834556 -1.6540163147363174 12.873233158705577 19.53217725660049 33.420772560629665 15.497759788675047 18.0107762951547 7.292843275011875 11.669295841739387 -1.1020155374801375 1.8680172292448625 18.501176077348738 6.337820939843122 10.145866683455527 0.5327537210547995 4.155057206476087 20.033282786775306 -2.227443926758319 5.905645116722287 1.45323259211251 -8.02067965749895 -5.87119036200926 -9.380968337972122 -0.3272493082856798
25.551102204408817 9.338128812760385 0.45629999956110723 3.931370777598957 1.9634469660949705 -3.0668900489641615 -1.6492140841170233 12.878035389324872 19.53697948721978 33.42557479124896 15.502562019294341 18.015578525773993 7.297645505631169 11.674098072358682 -1.0972133068608434 1.8728194598641565 18.505978307968032 6.342623170462434 10.150668914074839 0.5375559516740935 4.159859437095381 20.038085017394618 -2.222641696139025 5.910447347341599 1.458034822731804 -8.015877426879639 -5.866388131389966 -9.376166107352828 -0.3224470776663857
25.61122244488978 9.342921450608372 0.4610926374090951 3.936163415446927 1.9682396039429584 -3.0620974111161736 -1.6444214462690354 12.88282802717286 19.541772125067773 33.43036742909694 15.50735465714233 18.02037116362198 7.302438143479157 11.67889071020667 -1.0924206690128555 1.8776120977121444 18.51077094581602 6.347415808310404 10.155461551922809 0.5423485895220814 4.164652074943369 20.042877655242606 -2.217849058291037 5.9152399851895865 1.462827460579792 -8.011084789031669 -5.861595493541978 -9.37137346950484 -0.3176544398183978
25.67134268537074 9.347704555444896 0.4658757422456006 3.9409465202834504 1.9730227087794638 -3.0573143062796504 -1.63963834143253 12.887611132009365 19.546555229904286 33.43515053393347 15.512137761978853 18.025154268458504 7.30722124831568 11.683673815043175 -1.08763756417635 1.88239520254865 18.515554050652543 6.352198913146927 10.160244656759332 0.5471316943586046 4.169435179779892 20.04766076007911 -2.213065953454514 5.920023090026092 1.4676105654163152 -8.006301684195146 -5.856812388705455 -9.366590364668317 -0.3128713349818746
25.7314629258517 9.352478189493123 0.47064937629382797 3.9457201543316778 1.9777963428276912 -3.052540672231423 -1.6348647073843026 12.89238476605761 19.551328863952513 33.439924167981694 15.51691139602708 18.02992790250673 7.311994882363908 11.688447449091402 -1.082863930128105 1.8871688365968773 18.52032768470077 6.356972547195155 10.16501829080756 0.551905328406832 4.17420881382812 20.05243439412734 -2.2082923194062865 5.924796724074319 1.4723841994645426 -8.001528050146918 -5.852038754657228 -9.36181673062009 -0.3080977009336472
25.791583166332664 9.357242416970948 0.4754136037716705 3.9504843818095026 1.9825605703055338 -3.047776444753598 -1.63010047990646 12.897148993535435 19.55609309143035 33.444688395459515 15.521675623504905 18.034692129984556 7.316759109841732 11.693211676569245 -1.07809970265028 1.8919330640747198 18.525091912178596 6.36173677467298 10.169782518285402 0.5566695558846568 4.1789730413059445 20.05719862160518 -2.2035280919284617 5.929560951552162 1.4771484269423674 -7.996763822669094 -5.847274527179403 -9.357052503142265 -0.3033334734558224
25.851703406813627 9.361997297495535 0.48016848429625725 3.9552392623340893 1.9873154508301027 -3.0430215642290115 -1.6253455993818733 12.901903874060022 19.560847971954935 33.4494432759841 15.526430504029491 18.039447010509143 7.321513990366319 11.697966557093832 -1.0733448221256934 1.8966879445993066 18.529846792703182 6.366491655197566 10.17453739880997 0.5614244364092436 4.183727921830531 20.06195350212975 -2.198773211403875 5.934315832076731 1.481903307466954 -7.9920089421445075 -5.842519646654816 -9.352297622617678 -0.2985785929312357
25.91182364729459 9.366742897753397 0.48491408455410223 3.959984862591952 1.9920610510879655 -3.0382759639711487 -1.6205999991240283 12.906649474317867 19.565593572212787 33.454188876241965 15.531176104287354 18.044192610766988 7.326259590624182 11.702712157351677 -1.0685992218678484 1.9014335448571515 18.534592392961045 6.371237255455429 10.179282999067834 0.5661700366671063 4.188473522088394 20.066699102387613 -2.194027611146012 5.939061432334594 1.4866489077248168 -7.987263341886645 -5.837774046396953 -9.347552022359816 -0.29383299267337293
25.97194388777555 9.371479285374154 0.48965047217485846 3.9647212502127083 1.9967974387087217 -3.0335395763503925 -1.615863611503272 12.911385861938623 19.570329959833543 33.45892526386272 15.535912491908093 18.048928998387744 7.330995978244938 11.707448544972433 -1.0638628342470922 1.9061699324779078 18.5393287805818 6.375973643076185 10.18401938668859 0.5709064242878625 4.193209909709132 20.07143549000837 -2.189291223525256 5.94379781995535 1.491385295345573 -7.9825269542658885 -5.833037658776197 -9.34281563473906 -0.2890966050526167
26.03206412825651 9.376206524362125 0.4943777111628478 3.9694484892006976 2.001524677696711 -3.028812337362403 -1.6111363725152827 12.916113100926612 19.575057198821533 33.46365250285071 15.540639730896082 18.053656237375733 7.335723217232927 11.712175783960422 -1.0591355952591028 1.910897171465897 18.54405601956979 6.380700882064175 10.188746625676579 0.5756336632758519 4.197937148697122 20.07616272899636 -2.1845639845372666 5.948525058943339 1.4961125343335446 -7.977799715277899 -5.828310419788208 -9.33808839575107 -0.28436936606462737
26.092184368737474 9.380924678578904 0.49909586537962625 3.9741666434174583 2.0062428319134895 -3.0240941831456425 -1.6064182182985043 12.92083125514339 19.5797753530383 33.468370657067474 15.54535788511286 18.058374391592512 7.340441371449688 11.7168939381772 -1.0544174410423244 1.9156153256826756 18.54877417378655 6.385419036280935 10.19346477989334 0.5803518174926126 4.2026553029139 20.08088088321312 -2.179845830320506 5.9532432131601 1.500830688550323 -7.9730815610611385 -5.823592265571447 -9.33337024153431 -0.2796512118478667
26.152304609218437 9.385633810839327 0.5038049976400494 3.9788757756778814 2.010951964173895 -3.0193850508852194 -1.6017090860380812 12.925540387403814 19.584484485298724 33.4730797893279 15.550067017373284 18.063083523852935 7.345150503710111 11.721603070437624 -1.0497083087819012 1.920324457943081 18.553483306046974 6.3901281685413585 10.198173912153763 0.5850609497530357 4.207364435174323 20.085590015473542 -2.175136698060083 5.957952345420523 1.5055398208107462 -7.968372428800715 -5.818883133311024 -9.328661109273886 -0.27494207958744354
