web/models/mosfit_kne/mosfit_kn_1.0000/mosfit_kn_0.001862_0.1083_1.0000.dat
# %ECSV 1.0
# ---
# datatype:
# - {name: time, datatype: float64}
# - {name: PS1_g, datatype: float64}
# - {name: PS1_i, datatype: float64}
# - {name: PS1_r, datatype: float64}
# - {name: PS1_w, datatype: float64}
# - {name: PS1_y, datatype: float64}
# - {name: PS1_z, datatype: float64}
# - {name: swift_uvot_B, datatype: float64}
# - {name: swift_uvot_U, datatype: float64}
# - {name: swift_uvot_uvm2, datatype: float64}
# - {name: swift_uvot_uvw1, datatype: float64}
# - {name: swift_uvot_uvw2, datatype: float64}
# - {name: swift_uvot_V, datatype: float64}
# - {name: johnson_B, datatype: float64}
# - {name: johnson_I, datatype: float64}
# - {name: johnson_R, datatype: float64}
# - {name: johnson_U, datatype: float64}
# - {name: johnson_V, datatype: float64}
# - {name: sdss_g, datatype: float64}
# - {name: sdss_i, datatype: float64}
# - {name: sdss_r, datatype: float64}
# - {name: sdss_u, datatype: float64}
# - {name: sdss_z, datatype: float64}
# - {name: ATLAS_c, datatype: float64}
# - {name: ATLAS_o, datatype: float64}
# - {name: ukirt_H, datatype: float64}
# - {name: ukirt_J, datatype: float64}
# - {name: ukirt_K, datatype: float64}
# - {name: Clear, datatype: float64}
# meta: !!omap
# - comment: [kappa = 1.0, type = rprocess, mass = 0.001861645566637777, velocity = 0.10833333333333334, theta_obs = 0.0, tfloor = 1000.0]
# schema: astropy-2.0
time PS1_g PS1_i PS1_r PS1_w PS1_y PS1_z swift_uvot_B swift_uvot_U swift_uvot_uvm2 swift_uvot_uvw1 swift_uvot_uvw2 swift_uvot_V johnson_B johnson_I johnson_R johnson_U johnson_V sdss_g sdss_i sdss_r sdss_u sdss_z ATLAS_c ATLAS_o ukirt_H ukirt_J ukirt_K Clear
[from data line 116]
7.034068136272545 9.476064389091992 0.5942355758926965 4.069306353930546 2.1013825424265598 -2.9289544726325545 -1.511278507785434 13.01597096565646 19.67491506355138 33.563510367580555 15.64049759562593 18.153514102105582 7.435581081962776 11.81203364869027 -0.9592777305292541 2.0107550361957456 18.64391388429964 6.480558746794023 10.288604490406428 0.6754915280057006 4.2977950134269705 20.176020593726207 -2.084706119807418 6.048382923673188 1.595970399063411 -7.8779418505480505 -5.728452555058359 -9.238230531021221 -0.18451150133477867
7.0941883767535066 9.493647879669087 0.6118190664698098 4.08688984450766 2.118966033003673 -2.911370982055441 -1.4936950172083208 13.033554456233574 19.692498554128495 33.581093858157665 15.658081086203044 18.171097592682695 7.453164572539889 11.829617139267384 -0.9416942399521409 2.028338526772859 18.661497374876753 6.498142237371137 10.306187980983541 0.6930750185827961 4.315378504004084 20.19360408430332 -2.0671226292303224 6.065966414250301 1.6135538896405066 -7.860358359970937 -5.710869064481246 -9.220647040444126 -0.16692801075768315
7.154308617234468 9.51109160855566 0.6292627953563823 4.104333573394232 2.1364097618902456 -2.8939272531688864 -1.4762512883217482 13.050998185120147 19.709942283015067 33.59853758704424 15.675524815089616 18.188541321569268 7.470608301426444 11.847060868153957 -0.9242505110655683 2.0457822556594314 18.678941103763325 6.515585966257709 10.323631709870114 0.7105187474693686 4.332822232890656 20.211047813189893 -2.04967890034375 6.083410143136874 1.6309976185270791 -7.842914631084365 -5.693425335594673 -9.203203311557553 -0.14948428187111062
7.214428857715431 9.52839783516957 0.6465690219702935 4.121639800008143 2.153715988504157 -2.8766210265549574 -1.458945061707837 13.068304411734058 19.72724850962898 33.61584381365815 15.692831041703528 18.20584754818318 7.487914528040373 11.864367094767868 -0.9069442844516571 2.0630884822733426 18.696247330377236 6.53289219287162 10.340937936484025 0.7278249740832798 4.3501284595045675 20.228354039803804 -2.0323726737298387 6.100716369750785 1.6483038451409904 -7.8256084044704535 -5.676119108980762 -9.185897084943642 -0.13217805525718163
7.274549098196393 9.545568848991746 0.6637400357924683 4.138810813830318 2.1708870023263316 -2.8594500127327827 -1.4417740478856622 13.085475425556233 19.744419523451153 33.633014827480324 15.710002055525703 18.223018562005354 7.505085541862548 11.881538108590043 -0.8897732706294823 2.0802594960955174 18.71341834419941 6.550063206693795 10.3581089503062 0.7449959879054546 4.367299473326742 20.24552505362598 -2.015201659907664 6.11788738357296 1.6654748589631652 -7.808437390648279 -5.658948095158587 -9.168726071121467 -0.1150070414350246
7.3346693386773545 9.562606835600658 0.6807780224013804 4.1558488004392125 2.1879249889352437 -2.8424120261238883 -1.4247360612767501 13.102513412165145 19.761457510060055 33.65005281408923 15.727040042134615 18.240056548614266 7.522123528471442 11.898576095198955 -0.8727352840205702 2.0972974827044295 18.730456330808305 6.5671011933026895 10.375146936915094 0.7620339745143667 4.384337459935654 20.26256304023488 -1.9981636732987518 6.134925370181854 1.6825128455720773 -7.791399404039384 -5.641910108549693 -9.151688084512555 -0.09796905482611251
7.394789579158316 9.579513917711147 0.6976851045118693 4.172755882549701 2.2048320710457325 -2.8255049440133995 -1.4078289791662613 13.119420494275634 19.778364592170547 33.66695989619973 15.743947124245103 18.256963630724755 7.539030610581931 11.915483177309444 -0.8558282019100814 2.1142045648149184 18.747363412918794 6.584008275413196 10.3920540190256 0.7789410566248556 4.401244542046143 20.279470122345373 -1.981256591188263 6.151832452292361 1.6994199276825661 -7.7744923219288955 -5.625003026439204 -9.134781002402066 -0.08106197271562365
7.454909819639278 9.596292216299851 0.7144634031005559 4.189534181138406 2.221610369634419 -2.808726645424695 -1.3910506805775746 13.13619879286432 19.79514289075924 33.68373819478841 15.76072542283379 18.27374192931344 7.5558089091706355 11.93226147589813 -0.8390499033213947 2.130982863403605 18.7641417115075 6.600786574001883 10.408832317614287 0.79571935521356 4.41802284063483 20.296248420934067 -1.9644782925995585 6.168610750881047 1.7161982262712705 -7.757714023340191 -5.6082247278505 -9.118002703813362 -0.06428367412691927
7.51503006012024 9.612950022966587 0.7311212097672914 4.206191987805141 2.2382681763011547 -2.7920688387579595 -1.374392873910839 13.152856599531056 19.811800697425976 33.700396001455154 15.777383229500526 18.290399735980177 7.572466715837371 11.948919282564866 -0.8223920966546592 2.1476406700703405 18.780799518174234 6.617444380668618 10.425490124281023 0.8123771618802955 4.434680647301583 20.312906227600802 -1.947820485932823 6.185268557547783 1.732856032938006 -7.741056216673456 -5.591566921183764 -9.101344897146626 -0.04762586746018371
7.575150300601202 9.629472341079133 0.7476435278798554 4.2227143059176875 2.254790494413701 -2.7755465206454133 -1.357870555798275 13.16937891764362 19.82832301553853 33.716918319567704 15.79390554761309 18.30692205409274 7.588989033949917 11.965441600677412 -0.8058697785420952 2.1641629881828868 18.79732183628678 6.6339666987811645 10.442012442393569 0.8288994799928417 4.451202965414129 20.329428545713355 -1.9312981678202767 6.201790875660329 1.7493783510505523 -7.724533898560909 -5.575044603071218 -9.08482257903408 -0.031103549347637482
7.635270541082164 9.645874899422786 0.7640460862235088 4.239116864261359 2.271193052757372 -2.75914396230176 -1.3414679974546218 13.185781475987273 19.844725573882194 33.73332087791137 15.810308105956743 18.323324612436394 7.605391592293571 11.981844159021083 -0.7894672201984418 2.180565546526558 18.81372439463045 6.650369257124836 10.45841500073724 0.8453020383364951 4.467605523757783 20.34583110405702 -1.9148956094766234 6.218193434004 1.7657809093942056 -7.708131340217238 -5.558642044727547 -9.068420020690427 -0.014700991003984143
7.695390781563126 9.662157417454775 0.780328604255498 4.25539938229333 2.2874755707893613 -2.7428614442697707 -1.3251854794226325 13.202063994019262 19.861008091914172 33.749603395943346 15.826590623988732 18.339607130468384 7.62167411032556 11.998126677053072 -0.7731847021664526 2.196848064558547 18.830006912662423 6.666651775156807 10.474697518769212 0.8615845563684843 4.483888041789772 20.362113622088998 -1.8986130914446342 6.234475952035972 1.7820634274261948 -7.691848822185267 -5.542359526695575 -9.052137502658438 0.0015815270280050697
7.755511022044088 9.678321115651851 0.7964923024525739 4.271563080490406 2.303639268986437 -2.726697746072695 -1.3090217812255567 13.218227692216338 19.877171790111248 33.76576709414042 15.842754322185808 18.35577082866546 7.637837808522636 12.014290375250148 -0.7570210039693768 2.213011762755623 18.8461706108595 6.682815473353883 10.490861216966287 0.8777482545655602 4.500051739986848 20.378277320286074 -1.8824493932475583 6.250639650233065 1.7982271256232707 -7.675685123988191 -5.5261958284984996 -9.035973804461362 0.01774522522508093
7.8156312625250495 9.694367582912982 0.8125387697137043 4.287609547751554 2.3196857362475676 -2.7106512788115467 -1.2929753139644262 13.234274159477469 19.89321825737239 33.78181356140156 15.858800789446938 18.37181729592659 7.653884275783784 12.030336842511279 -0.7409745367082463 2.2290582300167534 18.862217078120647 6.698861940615031 10.506907684227436 0.8937947218266906 4.516098207247978 20.394323787547215 -1.8664029259864279 6.266686117494196 1.8142735928844012 -7.659638656727043 -5.510149361237351 -9.019927337200231 0.03379169248622915
7.875751503006012 9.710298520656941 0.8284697074576464 4.303540485495496 2.3356166739915096 -2.6947203410676046 -1.2770443762204842 13.25020509722141 19.90914919511633 33.7977444991455 15.87473172719088 18.387748233670532 7.669815213527726 12.04626778025522 -0.7250435989643043 2.2449891677606955 18.87814801586459 6.714792878358973 10.522838621971378 0.9097256595706504 4.53202914499192 20.410254725291157 -1.850471988242468 6.282617055238138 1.830204530628361 -7.643707718983101 -5.494218423493409 -9.003996399456272 0.049722630230171205
7.935871743486974 9.726115655030618 0.8442868418313232 4.319357619869173 2.3514338083651865 -2.678903206693928 -1.2612272418468073 13.266022231595088 19.924966329490008 33.81356163351918 15.890548861564557 18.40356536804421 7.685632347901403 12.062084914628898 -0.7092264645906274 2.2608063021343723 18.893965150238266 6.73061001273265 10.538655756345054 0.9255427939443273 4.547846279365597 20.426071859664834 -1.8346548538687912 6.298434189611815 1.8460216650020378 -7.627890584609424 -5.4784012891197325 -8.988179265082595 0.06553976460384803
7.995991983967936 9.741820626872588 0.8599918136732931 4.335062591711143 2.3671387802071564 -2.663198234851958 -1.2455222700048374 13.281727203437057 19.940671301331978 33.82926660536116 15.906253833406545 18.419270339886197 7.701337319743373 12.077789886470867 -0.6935214927486397 2.2765112739763422 18.909670122080236 6.74631498457462 10.554360728187024 0.9412477657862972 4.563551251207585 20.441776831506804 -1.8189498820268213 6.3141391614537845 1.8617266368440077 -7.612185612767454 -5.4626963172777625 -8.972474293240625 0.08124473644581798
8.056112224448897 9.757415098279871 0.875586285080594 4.350657063118444 2.3827332516144573 -2.6476037634446747 -1.2299277985975365 13.297321674844358 19.956265772739272 33.84486107676845 15.921848304813828 18.43486481129348 7.716931791150656 12.093384357878168 -0.6779270213413566 2.292105745383643 18.92526459348752 6.761909455981921 10.569955199594325 0.9568422371935803 4.579145722614868 20.457371302914098 -1.8033554106195382 6.329733632861085 1.8773211082512908 -7.596591141360153 -5.447101845870462 -8.956879821833342 0.09683920785310107
8.11623246492986 9.772900684369823 0.8910718711705456 4.366142649208378 2.398218837704391 -2.632118177354723 -1.2144422125075849 13.31280726093431 19.971751358829223 33.8603466628584 15.93733389090378 18.45035039738343 7.7324173772406075 12.108869943968102 -0.662441435251405 2.307591331473577 18.94075017957747 6.777395042071855 10.58544078568426 0.972327823283532 4.59463130870482 20.47285688900405 -1.7878698245295865 6.345219218951019 1.8928066943412425 -7.581105555270219 -5.431616259780528 -8.94139423574339 0.11232479394305273
8.176352705410821 9.788278925234781 0.906450112035504 4.381520890073354 2.4135970785693672 -2.616739936489747 -1.1990639716426266 13.328185501799268 19.98712959969419 33.87572490372336 15.952712131768738 18.46572863824839 7.747795618105566 12.124248184833078 -0.6470631943864467 2.322969572338553 18.956128420442447 6.792773282936831 10.600819026549235 0.9877060641484903 4.610009549569778 20.488235129869015 -1.7724915836646282 6.360597459815995 1.9081849352062008 -7.565727314405243 -5.416238018915552 -8.926015994878432 0.12770303480801104
8.236472945891784 9.803551380452866 0.9217225672535889 4.396793345291439 2.428869533787452 -2.60146748127168 -1.1837915164245416 13.343457957017353 20.002402054912274 33.89099735894145 15.967984586986823 18.481001093466475 7.763068073323651 12.139520640051163 -0.6317907391683617 2.338242027556638 18.971400875660514 6.808045738154916 10.61609148176732 1.0029785193665752 4.625282004787863 20.5035075850871 -1.7572191284465433 6.37586991503408 1.9234573904242858 -7.550454859187158 -5.400965563697467 -8.910743539660347 0.142975490026096
8.296593186372744 9.818719553711723 0.936890740512446 4.411961518550296 2.4440377070463093 -2.5862993080128227 -1.1686233431656845 13.35862613027621 20.01757022817113 33.906165532200305 15.98315276024568 18.49616926672533 7.778236246582508 12.15468881331002 -0.6166225659095046 2.353410200815495 18.98656904891937 6.823213911413773 10.631259655026177 1.0181466926254323 4.64045017804672 20.518675758345957 -1.7420509551876862 6.391038088292937 1.9386255636831429 -7.535286685928301 -5.38579739043861 -8.89557536640149 0.1581436632849531
8.356713426853707 9.833784892035364 0.951956078836087 4.427026856873937 2.4591030453699503 -2.571233969689164 -1.1535580048420435 13.373691468599851 20.032635566494772 33.92123087052394 15.998218098569321 18.51123460504898 7.793301584906167 12.169754151633661 -0.6015572275858636 2.368475539139136 19.00163438724303 6.838279249737414 10.646324993349818 1.0332120309490733 4.655515516370361 20.533741096669598 -1.7269856168640452 6.406103426616578 1.9536909020067839 -7.52022134760466 -5.370732052114969 -8.880510028077849 0.17320900160861186
8.41683366733467 9.848748854645617 0.9669200414463219 4.441990819484172 2.474067007980185 -2.556270007078929 -1.1385940422318086 13.388655431210086 20.047599529105007 33.93619483313419 16.013182061179574 18.52619856765922 7.808265547516402 12.184718114243896 -0.5865932649756287 2.383439501749371 19.016598349853265 6.853243212347649 10.661288955960053 1.048175993559326 4.670479478980614 20.548705059279833 -1.7120216542537925 6.421067389226813 1.9686548646170365 -7.505257384994425 -5.355768089504734 -8.865546065467596 0.18817296421884677
8.47695390781563 9.863612845786704 0.9817840325874094 4.456854810625259 2.4889309991212727 -2.5414060159378415 -1.123730051090721 13.403519422351174 20.062463520246094 33.95105882427527 16.02804605232066 18.541062558800302 7.823129538657489 12.199582105384984 -0.5717292738345412 2.3983034928904585 19.031462340994352 6.868107203488736 10.67615294710114 1.0630399847004135 4.685343470121683 20.56356905042092 -1.697157663112705 6.435931380367901 1.983518855758124 -7.490393393853338 -5.340904098363646 -8.850682074326508 0.20303695535993427
8.537074148296593 9.878378227965285 0.9965494147660081 4.471620192803858 2.5036963812998714 -2.5266406337592606 -1.1089646689121224 13.418284804529772 20.077228902424693 33.96582420645387 16.042811434499242 18.555827940978894 7.83789492083607 12.214347487563582 -0.5569638916559425 2.413068875069057 19.046227723172933 6.882872585667335 10.69091832927974 1.0778053668789944 4.700108852300282 20.57833443259952 -1.682392280934124 6.4506967625464995 1.998284237936705 -7.475628011674739 -5.3261387161850475 -8.835916692147928 0.2178023375385152
8.597194388777554 9.89304636882462 1.0112175556253256 4.486288333663175 2.518364522159189 -2.5119724928999254 -1.094296528052805 13.43295294538909 20.09189704328401 33.98049234731318 16.05747957535856 18.57049608183822 7.852563061695405 12.2290156284229 -0.5422957507966251 2.4277370159283747 19.06089586403227 6.897540726526652 10.705586470139057 1.0924735077383296 4.7147769931595995 20.593002573458836 -1.6677241400747889 6.465364903405817 2.01295237879604 -7.4609598708154214 -5.31147057532573 -8.821248551288592 0.2324704783978504
8.657314629258517 9.907618584590594 1.025789771391299 4.500860549429149 2.532936737925162 -2.497400277133952 -1.0797243122868316 13.447525161155063 20.106469259049984 33.99506456307916 16.07205179112455 18.58506829760419 7.8671352774613785 12.243587844188873 -0.5277235350306517 2.442309231694348 19.07546807979824 6.912112942292626 10.72015868590503 1.107045723504303 4.729349208925591 20.60757478922481 -1.6531519243088155 6.47993711917179 2.0275245945620135 -7.446387655049448 -5.296898359559757 -8.806676335522619 0.24704269416382374
