web/models/mosfit_kne/mosfit_kn_1.0000/mosfit_kn_0.500000_0.1397_1.0000.dat
# %ECSV 1.0
# ---
# datatype:
# - {name: time, datatype: float64}
# - {name: PS1_g, datatype: float64}
# - {name: PS1_i, datatype: float64}
# - {name: PS1_r, datatype: float64}
# - {name: PS1_w, datatype: float64}
# - {name: PS1_y, datatype: float64}
# - {name: PS1_z, datatype: float64}
# - {name: swift_uvot_B, datatype: float64}
# - {name: swift_uvot_U, datatype: float64}
# - {name: swift_uvot_uvm2, datatype: float64}
# - {name: swift_uvot_uvw1, datatype: float64}
# - {name: swift_uvot_uvw2, datatype: float64}
# - {name: swift_uvot_V, datatype: float64}
# - {name: johnson_B, datatype: float64}
# - {name: johnson_I, datatype: float64}
# - {name: johnson_R, datatype: float64}
# - {name: johnson_U, datatype: float64}
# - {name: johnson_V, datatype: float64}
# - {name: sdss_g, datatype: float64}
# - {name: sdss_i, datatype: float64}
# - {name: sdss_r, datatype: float64}
# - {name: sdss_u, datatype: float64}
# - {name: sdss_z, datatype: float64}
# - {name: ATLAS_c, datatype: float64}
# - {name: ATLAS_o, datatype: float64}
# - {name: ukirt_H, datatype: float64}
# - {name: ukirt_J, datatype: float64}
# - {name: ukirt_K, datatype: float64}
# - {name: Clear, datatype: float64}
# meta: !!omap
# - comment: [kappa = 1.0, type = rprocess, mass = 0.5000000000045836, velocity = 0.13966666666666672, theta_obs = 0.0, tfloor = 1000.0]
# schema: astropy-2.0
time PS1_g PS1_i PS1_r PS1_w PS1_y PS1_z swift_uvot_B swift_uvot_U swift_uvot_uvm2 swift_uvot_uvw1 swift_uvot_uvw2 swift_uvot_V johnson_B johnson_I johnson_R johnson_U johnson_V sdss_g sdss_i sdss_r sdss_u sdss_z ATLAS_c ATLAS_o ukirt_H ukirt_J ukirt_K Clear
[from data line 282]
17.014028056112224 -14.77244765489873 -17.036025789308127 -16.21090777226229 -16.216328783311287 -17.702168773474707 -17.46193830162687 -13.821027195594883 -12.789889091672517 -7.657412507260466 -10.803916691922222 -8.828111737420578 -15.48883677804109 -13.943489288023375 -17.681566983336953 -16.67043728521944 -12.931075704438914 -15.586644863090696 -14.556821551192716 -17.023674760697887 -16.19479239593515 -12.030403216728534 -17.534328846751794 -15.439246961717963 -16.631598155610536 -18.19220576995656 -18.073458612205577 -18.116731037882317 -16.5375508953424
17.074148296593187 -14.773672211315656 -17.039428204196003 -16.21343718894151 -16.219181719524176 -17.70646762184267 -17.465882721491983 -13.821473348193695 -12.788581834392296 -7.652241357376773 -10.802705132334989 -8.826908642159331 -15.49061544405615 -13.944091835804983 -17.68523288684981 -16.673274417987606 -12.9300497047882 -15.588543980233867 -14.557852548745345 -17.027053243694024 -16.197288948578947 -12.029231166576082 -17.538381116166857 -15.441195270665826 -16.634624318140983 -18.19778996154699 -18.078458203666052 -18.122707609301735 -16.540874905188936
17.13426853707415 -14.741305890677907 -17.02059747543613 -16.189180204077953 -16.19694520950249 -17.693210077678376 -17.450421397105345 -13.784267111944406 -12.740476958784797 -7.580135115713847 -10.75526520581425 -8.779541760111197 -15.461690093983435 -13.907860440231698 -17.668040536001374 -16.650932789208525 -12.88369220962392 -15.56036922183093 -14.524283101026203 -17.008073740329586 -16.17282704199951 -11.981964814252759 -17.523590879153215 -15.413331729279793 -16.61345822511734 -18.19252620374996 -18.06955856392971 -18.119884560447744 -16.521570368275018
17.19438877755511 -14.640982512860283 -16.95678256237347 -16.110725331316846 -16.124023400983436 -17.644442312993593 -17.395701242947545 -13.670871740775443 -12.597676534099183 -7.372710236895499 -10.614857637946233 -8.6395002810664 -15.370623186932566 -13.797118802376684 -17.608651289585097 -16.577668784545853 -12.745599243555407 -15.471343848596335 -14.420713415644197 -16.943857247459952 -16.09381370676461 -11.841410675045054 -17.470687602829322 -15.325192654669326 -16.54337080704476 -18.165364383087766 -18.032568272789362 -18.099323280786162 -16.45659267625323
17.25450901803607 -14.568277734161832 -16.911220898760444 -16.054275393334105 -16.071765277617907 -17.610081856760775 -17.35690756032266 -13.588431623714794 -12.49336577796031 -7.2204594026757745 -10.512887600187373 -8.537953381606552 -15.3047772333023 -13.71667480402014 -17.56638620074994 -16.525101596178786 -12.64478316110604 -15.407031880631086 -14.345593946734478 -16.897996740152763 -16.03694313573703 -11.738755526787141 -17.433251161226462 -15.261583616893475 -16.493170790855523 -18.147109574281203 -18.006985873799657 -18.0859922121124 -16.41027451574338
17.314629258517034 -14.567225406822946 -16.91307720175894 -16.054964729112964 -16.072907724367163 -17.613139172235712 -17.35948942562212 -13.586335227989103 -12.488925295597344 -7.210887106838249 -10.508726135883304 -8.533844515722379 -15.304458726380894 -13.714793484707698 -17.56859607378412 -16.52620819482185 -12.64071690594146 -15.40687857418156 -14.344282805706019 -16.899821005487006 -16.037587122187738 -11.734491731641938 -17.43597879296667 -15.261507846462266 -16.49453132415342 -18.151894875245077 -18.01098493290926 -18.09130596370014 -16.41205517714976
17.374749498997996 -14.56720042382008 -16.915604637859758 -16.05646808296081 -16.074809320656147 -17.616720647681614 -17.362653615956027 -13.585393907019274 -12.485926888898948 -7.203386226236382 -10.50597705358431 -8.531142717875632 -15.30507750968183 -13.714041087929271 -17.571433828919425 -16.52807790082922 -12.638046855053588 -15.407642457317719 -14.344030695938965 -16.902320325291456 -16.03905063670357 -11.73164825838958 -17.439270950117987 -15.262340121378504 -16.496623908939902 -18.156993051882676 -18.015392993540686 -18.096868004915635 -16.414517097066028
17.43486973947896 -14.494105020553416 -16.869743254500076 -15.99967813054242 -16.022304657531166 -17.582112181468084 -17.323589179341727 -13.502513528153123 -12.381093394278206 -7.050562046675551 -10.404063267482098 -8.429797384916466 -15.238840257475818 -13.633187439756455 -17.528886396803795 -16.475207971212413 -12.536714519128182 -15.342961037611873 -14.268511340331216 -16.856158818119606 -15.98183305439294 -11.628461190962156 -17.40157492867855 -15.198408814403521 -16.4461345323131 -18.13858715568251 -17.98961419157349 -18.083419143614577 -16.368006636840384
17.494989979959918 -14.389831532460473 -16.803209995344 -15.917995217029741 -15.946668369837393 -17.531192164588898 -17.266483448985195 -13.384656920550857 -12.23280164992767 -6.835918034049693 -10.260594848387292 -8.287299608624291 -15.144038242022397 -13.518172572309467 -17.466954196511495 -16.398990945293594 -12.393267585452616 -15.250338205622478 -14.160877182019398 -16.78920928120469 -15.899549839268303 -11.482430924543934 -17.346374656123356 -15.106886649000177 -16.3732237002362 -18.110178923194212 -17.95096039812906 -18.061903300295135 -16.300723835919992
17.55511022044088 -14.350132404267981 -16.779426920682514 -15.88782139650693 -15.91908186824707 -17.51400020840462 -17.246679114464634 -13.33922134286394 -12.174526134770254 -6.749713091025334 -10.204621153798552 -8.231794723450822 -15.108322268361817 -13.473947018457672 -17.445114509606274 -16.371133984560934 -12.337032867088055 -15.215549344032373 -14.119760208124852 -16.76525052426742 -15.869120173922973 -11.425102191880452 -17.32737708802519 -15.072583095218715 -16.346763518447744 -18.102501043384716 -17.938951891167996 -18.05714011794629 -16.27667640758146
17.615230460921843 -14.348730660344966 -16.781003986099723 -15.888202273377647 -15.919949422101638 -17.516811281968625 -17.24900101982403 -13.336745448044962 -12.169646839474062 -6.73961009774079 -10.200190162775229 -8.22745520175664 -15.107665265433791 -13.471698354318104 -17.44705549149372 -16.371949255579203 -12.33253536731371 -15.215066391888248 -14.118093066707367 -16.766794701204617 -15.869452990805275 -11.420399639152805 -17.32985019570334 -15.072192356251968 -16.347840366830333 -18.107094075512627 -17.942733771324768 -18.062279182954374 -16.278207386252053
17.675350701402806 -14.347305016744478 -16.782556531628572 -15.88855884426744 -15.920793335876269 -17.519597713930928 -17.2512983094059 -13.334245710011594 -12.16474410335909 -6.729485856837843 -10.195741136510996 -8.223098778033137 -15.106983975999022 -13.469426041210276 -17.448971939651987 -16.372740375128895 -12.328014298672738 -15.21455928573358 -14.116402069219038 -16.768314362528418 -15.869761456021259 -11.415673465741243 -17.332298722288897 -15.071777879359498 -16.34889305922984 -18.11166251249467 -17.946491023154643 -18.06739370450465 -16.279714920263135
17.73547094188377 -14.251107234724945 -16.721303102556693 -15.813269948258863 -15.851279655540758 -17.47283202281947 -17.198787656907992 -13.225432669428631 -12.027728283557924 -6.531286615635515 -10.0644571429463 -8.09298425511733 -15.019502752264515 -13.363299549391886 -17.391992945238652 -16.302568552558736 -12.195473158887513 -15.129134455743428 -14.017089908665259 -16.706674899486007 -15.793903956681099 -11.280718689672753 -17.28156754038981 -14.98747227988055 -16.281794059503483 -18.08583688978581 -17.91113238998836 -18.047987848005494 -16.21801258705533
17.795591182364728 -14.14704517087344 -16.654807161344376 -15.731680307192377 -15.776014616195333 -17.42193112364898 -17.14169928146635 -13.107783391773726 -11.879744833258137 -6.3176998161477576 -9.923465123860993 -7.953408252715025 -14.924775919004329 -13.24857566207847 -17.33010155978664 -16.226517706362202 -12.05229289428414 -15.036644348108402 -13.90967802222999 -16.639763580830635 -15.711694505896254 -11.13492921561658 -17.2264023060902 -14.896251378159473 -16.209053939270426 -18.057510444940515 -17.872527038383037 -18.026588051868014 -16.151195561161362
17.85571142284569 -14.127163244633216 -16.644094933199334 -15.717282989097505 -15.763179177470974 -17.415028717579393 -17.133284756994005 -13.084580911436838 -11.849135470187662 -6.27110391929332 -9.89469117899267 -7.925003001023615 -14.907167151135738 -13.226093139997687 -17.320514753328588 -16.213478348294867 -12.022854855216309 -15.019585666781035 -13.888978142071355 -16.628949902907664 -15.697144551543332 -11.104852005927377 -17.218458809694326 -14.879512795588479 -16.19682383568268 -18.056128222403448 -17.868631003373565 -18.026900539099838 -16.14043013440556
17.915831663326653 -14.124435429331683 -16.64474633332814 -15.716576283209953 -15.763049832417106 -17.41708442173019 -17.13478303993165 -13.08062901324184 -11.842453742518142 -6.258533505188988 -9.888698485539376 -7.9191483448486935 -14.905276495041175 -13.222407144285796 -17.321581038862234 -16.213272669449942 -12.016604675502418 -15.01789813641597 -13.885948866959072 -16.62956391111349 -15.696381463233156 -11.098366054156816 -17.2201308340731 -14.877944240756129 -16.196916492190763 -18.060219195429013 -17.871795115769746 -18.031616435991072 -16.141064407012564
17.975951903807616 -14.100680727718071 -16.63144774586465 -15.699075123688111 -15.747341213295059 -17.408132142460282 -17.12410536667024 -13.05308536330677 -11.80646249215112 -6.20433033786892 -9.854882253210668 -7.8857664487930315 -14.884110312296272 -13.195688254116543 -17.309566702235443 -16.19732383052216 -11.98194837298334 -14.997361867182766 -13.861261281388355 -16.61614960475749 -15.678705389345193 -11.062979448234458 -17.209991299013705 -14.857779557050499 -16.181891144076577 -18.05756784015555 -17.866274225666547 -18.03090007485485 -16.127721251882612
18.036072144288575 -14.009127961526584 -16.573176629288877 -15.62742469257504 -15.681456880594293 -17.363705734796913 -17.074181085874915 -12.949459012835256 -11.675938990821422 -6.0159304491285 -9.73171087143367 -7.764046602314799 -14.800778153387412 -13.094707192963963 -17.255388294431626 -16.130634789853843 -11.855670353764875 -14.916048761266206 -13.76673821618839 -16.557509966715234 -15.606493647209572 -10.934369169712195 -17.16178533769547 -14.77768369844556 -16.118145202177807 -18.033230285499094 -17.832786938600922 -18.01273489930931 -16.069392645224667
18.096192384769537 -13.910154837277933 -16.50995519114815 -15.549826701619267 -15.610154418119375 -17.31537401703834 -17.019933450702673 -12.837493626781608 -11.535065516560312 -5.813041533278976 -9.5994527997461 -7.633454974976036 -14.710604360058685 -12.985617594942113 -17.196571666251447 -16.058401071432737 -11.719351425739621 -14.82806777089724 -13.664572755018245 -16.493892343489733 -15.528284957547491 -10.795531829384153 -17.109392764602607 -14.691068261413207 -16.049078986942575 -18.006533990197152 -17.7962348726442 -17.99269155259894 -16.006251220003183
18.1563126252505 -13.880190499389773 -16.492497623398652 -15.527338865415565 -15.58989346585875 -17.303129438410707 -17.00561692542287 -12.802978795221247 -11.490434311354658 -5.746754256939346 -9.55800845617583 -7.592617398746903 -14.683710601964972 -12.952117165583847 -17.180657034219877 -16.03779828894168 -11.676312071084169 -14.801946973123881 -13.633491275533629 -16.476296106564323 -15.505581595707358 -10.751608286291923 -17.095727437389066 -14.66543921028137 -16.02958568346864 -18.001871472805743 -17.788118037214886 -17.99036186055948 -15.9888559942255
18.216432865731463 -13.875863540469524 -16.492041742254457 -15.525325917900616 -15.588572343155676 -17.30428751327885 -17.00613344177288 -12.797242798614914 -11.481566722126662 -5.731187751962319 -9.550145261846321 -7.584944354176887 -14.680333245893433 -12.946696027878598 -17.180678932850714 -16.036369696077372 -11.667937040837757 -14.79880948034859 -13.628818499895363 -16.475797297061963 -15.503501740651338 -10.742959248611559 -17.096445748483227 -14.66245538866568 -16.028500640065673 -18.005377745198793 -17.790554450800098 -17.99459075838827 -15.988422996285028
18.276553106212425 -13.831849505001195 -16.465240689922904 -15.49160068233503 -15.557937956006551 -17.284665512332964 -16.983657272936394 -12.74696010636638 -11.41735698557854 -5.637214046958408 -9.490504045436019 -7.526161504046328 -14.640537116183243 -12.897818433560285 -17.15600357073302 -16.00524796222934 -11.605916657631827 -14.760083458626594 -13.583266537199776 -16.448805317799646 -15.469477861519305 -10.679718560115727 -17.074868228186997 -14.624421036750324 -15.998907338060153 -17.996205181175032 -17.776620797958937 -17.9886346632842 -15.96174415185379
18.336673346693384 -13.762413495265537 -16.421551944102468 -15.43755293312044 -15.508557765270847 -17.251722774224998 -16.94644089941182 -12.66813743398852 -11.317695336292282 -5.493102088061533 -9.397985458290687 -7.4349636963784285 -14.57739641389215 -12.821112958898272 -17.11549812780228 -15.95511021844062 -11.509527331220195 -14.698554244371545 -13.511529383042511 -16.40483085265643 -15.414979941580249 -10.58149806545682 -17.039000190842515 -14.563951771125474 -15.95105827154045 -17.978917118844976 -17.75219926090573 -17.97616774972036 -15.918300222760617
18.396793587174347 -13.676242710983004 -16.366732291851243 -15.37011685189361 -15.446876065344632 -17.210000038770872 -16.899507395899516 -12.57052093908386 -11.194693094125956 -5.316089952902526 -9.28417478039874 -7.322815021260979 -14.498868795245958 -12.726099534207464 -17.06456055244023 -15.892460596104982 -11.390505645447863 -14.62200641300276 -13.422555476363005 -16.349663090200792 -15.346990117356487 -10.46023723925904 -16.993715178883022 -14.488735245861442 -15.891199271371939 -17.956295376542 -17.720872485023804 -17.959432481358238 -15.863878197949681
18.45691382765531 -13.619609861806996 -16.331505117622633 -15.326273818677834 -15.40700625816104 -17.183722566187463 -16.86966780084747 -12.506063217861609 -11.112895559379243 -5.197488815752698 -9.208959832705776 -7.248764996000791 -14.447440488111393 -12.663434975492741 -17.03198767159415 -15.851901725372326 -11.311423474512214 -14.571940965191546 -13.364008020935838 -16.314198111067704 -15.302765478109297 -10.37962031313187 -16.96500535029939 -14.439604188320896 -15.852548076727455 -17.94308397056255 -17.70170566624044 -17.95025024000674 -15.82898474297492
18.517034068136272 -13.60981204600371 -16.327369844211912 -15.319859124498922 -15.401648586469054 -17.18195580506297 -16.86695814847516 -12.494194093288773 -11.096438477215784 -5.171305823523247 -9.194285243883105 -7.234402294639914 -14.439017561860396 -12.652042361550539 -17.028555053447587 -15.846357996512499 -11.29568437433478 -14.563880074988836 -13.353703629133218 -16.30999991344959 -15.296249357643887 -10.363474412837679 -16.96259513354976 -14.431793901522862 -15.847509299662121 -17.94477693223381 -17.7018216158487 -17.953010413261726 -15.824946140297769
18.577154308617235 -13.548033209689567 -16.288698677333677 -15.271885142039796 -15.358013806008177 -17.15295437348619 -16.83410644556183 -12.423956801855677 -11.007474412525315 -5.042695457077165 -9.112771962965507 -7.154176594062992 -14.38284118883174 -12.583758984494281 -16.992753450564344 -15.801947764434995 -11.209648857585439 -14.509187671248858 -13.289857144215933 -16.2710718954089 -15.247859401987984 -10.275775344301437 -16.930967852775982 -14.378138922981485 -15.805160962367015 -17.929908129738582 -17.680510455245955 -17.942502551350646 -15.786705652517092
