web/models/mosfit_kne/mosfit_kn_1.0000/mosfit_kn_0.027507_0.0770_1.0000.dat
# %ECSV 1.0
# ---
# datatype:
# - {name: time, datatype: float64}
# - {name: PS1_g, datatype: float64}
# - {name: PS1_i, datatype: float64}
# - {name: PS1_r, datatype: float64}
# - {name: PS1_w, datatype: float64}
# - {name: PS1_y, datatype: float64}
# - {name: PS1_z, datatype: float64}
# - {name: swift_uvot_B, datatype: float64}
# - {name: swift_uvot_U, datatype: float64}
# - {name: swift_uvot_uvm2, datatype: float64}
# - {name: swift_uvot_uvw1, datatype: float64}
# - {name: swift_uvot_uvw2, datatype: float64}
# - {name: swift_uvot_V, datatype: float64}
# - {name: johnson_B, datatype: float64}
# - {name: johnson_I, datatype: float64}
# - {name: johnson_R, datatype: float64}
# - {name: johnson_U, datatype: float64}
# - {name: johnson_V, datatype: float64}
# - {name: sdss_g, datatype: float64}
# - {name: sdss_i, datatype: float64}
# - {name: sdss_r, datatype: float64}
# - {name: sdss_u, datatype: float64}
# - {name: sdss_z, datatype: float64}
# - {name: ATLAS_c, datatype: float64}
# - {name: ATLAS_o, datatype: float64}
# - {name: ukirt_H, datatype: float64}
# - {name: ukirt_J, datatype: float64}
# - {name: ukirt_K, datatype: float64}
# - {name: Clear, datatype: float64}
# meta: !!omap
# - comment: [kappa = 1.0, type = rprocess, mass = 0.027507471329904786, velocity = 0.07700000000000001, theta_obs = 0.0, tfloor = 1000.0]
# schema: astropy-2.0
time PS1_g PS1_i PS1_r PS1_w PS1_y PS1_z swift_uvot_B swift_uvot_U swift_uvot_uvm2 swift_uvot_uvw1 swift_uvot_uvw2 swift_uvot_V johnson_B johnson_I johnson_R johnson_U johnson_V sdss_g sdss_i sdss_r sdss_u sdss_z ATLAS_c ATLAS_o ukirt_H ukirt_J ukirt_K Clear
[from data line 374]
22.54509018036072 7.680266724121072 -1.2015620890782053 2.2735086889596268 0.3055848774556402 -4.724752137603474 -3.307076172756336 11.220173300685559 17.879117398580462 31.76771270260964 13.844699930655029 16.35771643713468 5.639783416991857 10.016235983719351 -2.755075395500156 0.21495737122482628 16.84811621932872 4.684761081823104 8.492806825435508 -1.120306136965219 2.5019973484560687 18.380222928755288 -3.8805037847783375 4.252585258702268 -0.19982726590750843 -9.67373951551897 -7.524250220029279 -11.034028195992141 -1.9803091663056982
22.605210420841683 7.684836601420262 -1.1969922117790155 2.2780785662588343 0.3101547547548478 -4.7201822603042665 -3.302506295457146 11.224743177984749 17.88368727587967 31.772282579908836 13.849269807954219 16.36228631443387 5.644353294291064 10.020805861018559 -2.750505518200966 0.21952724852403382 16.852686096627927 4.689330959122311 8.497376702734716 -1.1157362596660292 2.5065672257552585 18.384792806054495 -3.87593390747913 4.257155136001476 -0.19525738860831865 -9.669169638219762 -7.519680342730071 -11.029458318692933 -1.9757392890064907
22.665330661322646 7.689393421013193 -1.1924353921860842 2.282635385851748 0.3147115743477613 -4.715625440711353 -3.2979494758642147 11.22929999757768 17.888244095472583 31.776839399501757 13.85382662754715 16.3668431340268 5.648910113883978 10.025362680611472 -2.745948698608035 0.22408406811694737 16.85724291622084 4.693887778715225 8.50193352232763 -1.1111794400730979 2.51112404534819 18.38934962564741 -3.8713770878862164 4.261711955594389 -0.19070056901538734 -9.664612818626848 -7.515123523137158 -11.02490149910002 -1.971182469413577
22.725450901803605 7.6939372660352845 -1.1878915471640106 2.2871792308738392 0.3192554193698527 -4.7110815956892615 -3.293405630842141 11.233843842599772 17.892787940494674 31.781383244523855 13.858370472569241 16.371386979048893 5.653453958906069 10.029906525633564 -2.7414048535859434 0.22862791313903874 16.861786761242932 4.698431623737316 8.50647736734972 -1.1066355950510065 2.515667890370281 18.3938934706695 -3.866833242864125 4.266255800616481 -0.18615672399329597 -9.660068973604757 -7.510579678115066 -11.020357654077928 -1.9666386243914857
22.785571142284567 7.6984682217916856 -1.1833605914075918 2.291710186630258 0.3237863751262715 -4.7065506399328605 -3.2888746750857223 11.238374798356173 17.897318896251093 31.785914200280263 13.862901428325642 16.375917934805294 5.65798491466247 10.034437481389983 -2.7368738978295424 0.23315886889545756 16.866317716999333 4.702962579493735 8.51100832310614 -1.1021046392946054 2.520198846126682 18.39842442642592 -3.862302287107724 4.2707867563729 -0.1816257682368949 -9.655538017848338 -7.506048722358647 -11.015826698321527 -1.9621076686350847
22.84569138276553 7.702986372223535 -1.1788424409757425 2.2962283370620895 0.32830452555812073 -4.702032489501011 -3.284356524653873 11.242892948788022 17.901837046682942 31.7904323507121 13.867419578757492 16.380436085237143 5.662503065094319 10.038955631821832 -2.732355747397693 0.23767701932730678 16.870835867431182 4.7074807299255665 8.515526473537989 -1.0975864888627562 2.5247169965585314 18.402942576857768 -3.8577841366758747 4.275304906804749 -0.1771076178050457 -9.651019867416506 -7.501530571926816 -11.011308547889678 -1.9575895182032355
22.905811623246493 7.707491797452093 -1.1743370157471844 2.3007337622906654 0.33280995078667885 -4.697527064272435 -3.279851099425315 11.24739837401658 17.9063424719115 31.79493777594067 13.87192500398605 16.3849415104657 5.667008490322895 10.04346105705039 -2.727850322169135 0.2421824445558649 16.87534129265976 4.711986155154142 8.520031898766547 -1.093081063634198 2.5292224217870896 18.407448002086326 -3.8532787114473166 4.279810332033307 -0.17260219257648757 -9.64651444218793 -7.49702514669824 -11.00680312266112 -1.9530840929746773
22.965931863727455 7.711984575393203 -1.1698442378060747 2.305226540231775 0.33730272872778855 -4.693034286331326 -3.2753583214842052 11.25189115195769 17.91083524985261 31.79943055388178 13.87641778192716 16.38943428840681 5.671501268263987 10.0479538349915 -2.7233575442280253 0.2466752224969746 16.879834070600868 4.716478933095252 8.524524676707657 -1.0885882856930884 2.5337151997281993 18.411940780027436 -3.848785933506207 4.284303109974417 -0.16810941463537787 -9.64202166424682 -7.49253236875713 -11.00231034472001 -1.9485913150335676
23.026052104208414 7.716464785191288 -1.165364028007989 2.3097067500298607 0.34178293852587416 -4.68855407653324 -3.2708781116861196 11.256371361755775 17.915315459650696 31.803910763679863 13.880897991725245 16.393914498204897 5.6759814780620905 10.052434044789585 -2.7188773344299397 0.2511554322950602 16.884314280398954 4.720959142893338 8.529004886505742 -1.0841080758950028 2.538195409526285 18.41642098982552 -3.8443057237081213 4.288783319772502 -0.16362920483729226 -9.637541454448735 -7.488052158959045 -10.997830134921925 -1.9441111052354643
23.086172344689377 7.7209325042814925 -1.1608963089177848 2.314174469120065 0.3462506576160784 -4.684086357443036 -3.2664103925959154 11.26083908084598 17.9197831787409 31.80837848277007 13.88536571081545 16.3983822172951 5.680449197152295 10.05690176387979 -2.7144096153397355 0.2556231513852645 16.888781999489158 4.725426861983542 8.533472605595946 -1.0796403568047985 2.542663128616489 18.420888708915726 -3.8398380046178993 4.2932510388627065 -0.159161485747088 -9.633073735358531 -7.4835844398688405 -10.993362415831703 -1.93964338614526
23.14629258517034 7.725387811587066 -1.1564410016122117 2.318629776425638 0.3507059649216515 -4.679631050137463 -3.2619550852903423 11.265294388151553 17.924238486046473 31.81283379007564 13.889821018121022 16.402837524600674 5.684904504457868 10.061357071185363 -2.7099543080341624 0.26007845869083757 16.89323730679473 4.729882169289115 8.53792791290152 -1.0751850494992077 2.547118435922062 18.4253440162213 -3.835382697312326 4.29770634616828 -0.1547061784415149 -9.628618428052958 -7.479129132563267 -10.98890710852613 -1.935188078839687
23.206412825651302 7.729830785546454 -1.1519980276528408 2.323072750385009 0.3551489388810225 -4.675188076178092 -3.2575121113309713 11.269737362110924 17.928681460005844 31.81727676403501 13.894263992080393 16.407280498560045 5.689347478417239 10.065800045144734 -2.7055113340747914 0.26452143265020855 16.897680280754102 4.734325143248486 8.54237088686089 -1.0707420755398367 2.551561409881433 18.42978699018067 -3.830939723352955 4.302149320127651 -0.15026320448212616 -9.624175454093587 -7.474686158603896 -10.984464134566759 -1.930745104880316
23.266533066132265 7.734261505353874 -1.147567307845403 2.327503470192429 0.35957965868844255 -4.670757356370672 -3.2530813915235335 11.274168081918361 17.933112179813264 31.82170748384244 13.898694711887831 16.411711218367483 5.693778198224659 10.070230764952171 -2.7010806142673536 0.2689521524576286 16.902111000561522 4.738755863055906 8.54680160666831 -1.0663113557324166 2.555992129688871 18.43421770998809 -3.826509003545535 4.306580039935071 -0.1458324846747061 -9.619744734286167 -7.470255438796476 -10.980033414759339 -1.9263143850728959
23.326653306613224 7.73868004431062 -1.1431487688886577 2.3319220091491744 0.3639981976451878 -4.666338817413926 -3.248662852566806 11.278586620875107 17.93753071877001 31.82612602279919 13.903113250844576 16.416129757324228 5.698196737181404 10.074649303908899 -2.6966620753106083 0.27337069141437387 16.906529539518267 4.743174402012651 8.551220145625056 -1.0618928167756714 2.5604106686456163 18.438636248944835 -3.82209046458879 4.310998578891816 -0.14141394571796084 -9.615326195329422 -7.465836899839731 -10.975614875802593 -1.9218958461161506
23.386773547094187 7.743086475798346 -1.138742337400931 2.336328440636919 0.36840462913293237 -4.661932385926182 -3.2442564210790614 11.282993052362833 17.941937150257754 31.83053245428692 13.907519682332303 16.420536188811955 5.702603168669149 10.079055735396643 -2.6922556438228815 0.2777771229021184 16.910935971006012 4.747580833500396 8.5556265771128 -1.0574863852879446 2.564817100133343 18.44304268043258 -3.817684033101063 4.3154050103795605 -0.13700751423023405 -9.610919763841677 -7.4614304683519865 -10.971208444314867 -1.917489414628406
23.44689378757515 7.747480874239887 -1.1343479389593902 2.340722839078442 0.37279902757445527 -4.657537987484659 -3.2398620226375208 11.287387450804374 17.946331548699277 31.834926852728454 13.911914080773844 16.424930587253495 5.706997567110672 10.083450133838184 -2.687861245381341 0.2821715213436591 16.915330369447535 4.751975231941919 8.560020975554323 -1.053091986846404 2.5692114985748837 18.447437078874103 -3.8132896346595224 4.319799408821083 -0.1326131157886934 -9.606525365400154 -7.457036069910464 -10.966814045873326 -1.9130950161868832
23.507014028056112 7.751863312288236 -1.129965500911041 2.345105277126791 0.3771814656228045 -4.65315554943631 -3.2354795845891715 11.291769888852723 17.950713986747626 31.8393092907768 13.916296518822193 16.429313025301845 5.711380005159021 10.087832571886516 -2.6834788073329916 0.2865539593919906 16.919712807495884 4.756357669990268 8.564403413602673 -1.0487095487980547 2.573593936623233 18.451819516922452 -3.808907196611173 4.324181846869433 -0.12823067774034413 -9.602142927351805 -7.452653631862114 -10.962431607824977 -1.908712578138534
23.567134268537075 7.756233860658899 -1.1255949525403786 2.3494758254974535 0.3815520139934847 -4.648785001065647 -3.231109036218509 11.296140437223386 17.955084535118306 31.843679839147473 13.920667067192856 16.433683573672507 5.715750553529683 10.092203120257196 -2.679108258962329 0.29092450776267076 16.924083355866546 4.7607282183609305 8.568773961973353 -1.0443390004273923 2.5779644849938954 18.456190065293132 -3.8045366482405107 4.328552395240113 -0.12386012936968172 -9.597772378981142 -7.448283083491452 -10.958061059454314 -1.9043420297678715
23.627254509018034 7.7605925935538345 -1.1212362196454606 2.353834558392389 0.38591074688840266 -4.644426268170712 -3.226750303323591 11.300499170118304 17.959443268013224 31.8480385720424 13.925025800087791 16.438042306567425 5.720109286424619 10.096561853152114 -2.6747495260674112 0.2952832406575887 16.928442088761482 4.765086951255866 8.57313269486827 -1.0399802675324565 2.582323217888831 18.46054879818805 -3.800177915345575 4.332911128135031 -0.119501396474746 -9.593413646086207 -7.443924350596516 -10.953702326559378 -1.8999832968729358
23.687374749498996 7.764939585149104 -1.116889228050173 2.358181549987677 0.3902577384836903 -4.640079276575442 -3.2224033117283035 11.304846161713591 17.963790259608512 31.85238556363768 13.929372791683061 16.442389298162713 5.724456278019889 10.100908844747401 -2.6704025344721236 0.2996302322528763 16.932789080356752 4.769433942851154 8.577479686463558 -1.0356332759371867 2.586670209484101 18.464895789783338 -3.795830923750305 4.337258119730318 -0.11515440487947615 -9.589066654490919 -7.439577359001246 -10.949355334964109 -1.895636305277666
23.74749498997996 7.7692749039471565 -1.1125539092521208 2.362516868785711 0.39459305728172467 -4.63574395777739 -3.2180679929302514 11.309181480511644 17.968125578406546 31.856720882435727 13.933708110481113 16.446724616960765 5.728791596817941 10.105244163545436 -2.6660672156740715 0.3039655510509107 16.937124399154804 4.773769261649188 8.581815005261593 -1.0312979571391345 2.591005528282153 18.469231108581372 -3.791495604952253 4.341593438528353 -0.11081908608142399 -9.584731335692885 -7.435242040203194 -10.945020016166056 -1.8913009864796138
23.80761523046092 7.773598618447561 -1.108230194751716 2.366840583286116 0.3989167717821296 -4.631420243276985 -3.2137442784298464 11.313505195012048 17.97244929290695 31.86104459693613 13.938031824981518 16.45104833146117 5.733115311318346 10.109567878045858 -2.6617435011736665 0.30828926555131564 16.94144811365521 4.778092976149593 8.586138719761998 -1.0269742426387296 2.595329242782558 18.473554823081777 -3.787171890451848 4.345917153028758 -0.10649537158101907 -9.58040762119248 -7.430918325702789 -10.940696301665652 -1.8869772719792088
23.867735470941884 7.777910798656826 -1.103918014542451 2.371152763495381 0.4032289519914123 -4.62710806306772 -3.2094320982205815 11.317817375221313 17.976761473116234 31.865356777145404 13.942344005190783 16.455360511670435 5.737427491527611 10.113880058255123 -2.6574313209644016 0.31260144576059834 16.945760293864474 4.782405156358858 8.59045089997128 -1.0226620624294647 2.599641422991823 18.47786700329106 -3.782859710242583 4.35022933323804 -0.10218319137175413 -9.576095440983215 -7.426606145493524 -10.936384121456387 -1.882665091769944
23.927855711422843 7.7822115113781365 -1.0996173018211586 2.3754534762166912 0.4075296647127047 -4.6228073503464095 -3.205131385499289 11.322118087942606 17.981062185837526 31.869657489866693 13.946644717912076 16.459661224391727 5.741728204248921 10.118180770976416 -2.653130608243109 0.31690215848189074 16.950061006585784 4.786705869080168 8.594751612692573 -1.0183613497081545 2.6039421357131154 18.482167716012352 -3.778558997521273 4.354530045959333 -0.09788247865046174 -9.571794728261905 -7.422305432772214 -10.932083408735076 -1.8783643790486337
23.987975951903806 7.7865008218213205 -1.0953279913779568 2.3797427866598753 0.4118189751559065 -4.6185180399032255 -3.2008420750560873 11.326407398385808 17.985351496280728 31.873946800309884 13.950934028355277 16.46395053483493 5.746017514692105 10.122470081419618 -2.6488412977999074 0.32119146892509254 16.954350317028968 4.790995179523352 8.599040923135757 -1.0140720392649705 2.608231446156317 18.486457026455554 -3.774269687078089 4.358819356402517 -0.09359316820725994 -9.56750541781872 -7.41801612232903 -10.927794098291892 -1.8740750686054497
24.04809619238477 7.790778801546754 -1.0910500116525412 2.3840207663853086 0.41609695488132203 -4.614240060177792 -3.1965640953306718 11.330685378111223 17.989629476006144 31.87822478003532 13.95521200808071 16.468228514560362 5.750295494417538 10.126748061145033 -2.644563318074474 0.3254694486505081 16.9586282967544 4.795273159248786 8.60331890286119 -1.0097940595395372 2.6125094258817505 18.49073500618097 -3.7699917073526557 4.36309733612795 -0.08931518848182662 -9.563227438093287 -7.413738142603597 -10.923516118566459 -1.8697970888800164
24.10821643286573 7.795045518511756 -1.086783294687521 2.388287483350311 0.42036367184634216 -4.60997334321279 -3.1922973783656516 11.334952095076243 17.993896192971164 31.882491497000334 13.959478725045713 16.472495231525365 5.754562211382541 10.131014778110053 -2.6402966011094717 0.3297361656155282 16.962895013719404 4.799539876213806 8.60758561982621 -1.0055273425745348 2.616776142846753 18.49500172314599 -3.7657249903876533 4.36736405309297 -0.08504847151682426 -9.558960721128285 -7.4094714256385945 -10.919249401601457 -1.865530371915014
24.168336673346694 7.799301036433182 -1.0825277767661134 2.3925430012717364 0.4246191897677498 -4.605717825291364 -3.188041860444244 11.339207612997651 17.99815171089257 31.886747014921742 13.96373424296712 16.476750749446772 5.758817729303966 10.135270296031461 -2.636041083188064 0.33399168353693587 16.96715053164083 4.803795394135213 8.611841137747618 -1.0012718246531094 2.6210316607681605 18.499257241067397 -3.761469472466228 4.371619571014378 -0.08079295359539884 -9.55470520320686 -7.405215907717169 -10.914993883680031 -1.8612748539935886
