web/models/mosfit_kne/mosfit_kn_1.0000/mosfit_kn_0.001513_0.2963_1.0000.dat
# %ECSV 1.0
# ---
# datatype:
# - {name: time, datatype: float64}
# - {name: PS1_g, datatype: float64}
# - {name: PS1_i, datatype: float64}
# - {name: PS1_r, datatype: float64}
# - {name: PS1_w, datatype: float64}
# - {name: PS1_y, datatype: float64}
# - {name: PS1_z, datatype: float64}
# - {name: swift_uvot_B, datatype: float64}
# - {name: swift_uvot_U, datatype: float64}
# - {name: swift_uvot_uvm2, datatype: float64}
# - {name: swift_uvot_uvw1, datatype: float64}
# - {name: swift_uvot_uvw2, datatype: float64}
# - {name: swift_uvot_V, datatype: float64}
# - {name: johnson_B, datatype: float64}
# - {name: johnson_I, datatype: float64}
# - {name: johnson_R, datatype: float64}
# - {name: johnson_U, datatype: float64}
# - {name: johnson_V, datatype: float64}
# - {name: sdss_g, datatype: float64}
# - {name: sdss_i, datatype: float64}
# - {name: sdss_r, datatype: float64}
# - {name: sdss_u, datatype: float64}
# - {name: sdss_z, datatype: float64}
# - {name: ATLAS_c, datatype: float64}
# - {name: ATLAS_o, datatype: float64}
# - {name: ukirt_H, datatype: float64}
# - {name: ukirt_J, datatype: float64}
# - {name: ukirt_K, datatype: float64}
# - {name: Clear, datatype: float64}
# meta: !!omap
# - comment: [kappa = 1.0, type = rprocess, mass = 0.001513321957917195, velocity = 0.29633333333333334, theta_obs = 0.0, tfloor = 1000.0]
# schema: astropy-2.0
time PS1_g PS1_i PS1_r PS1_w PS1_y PS1_z swift_uvot_B swift_uvot_U swift_uvot_uvm2 swift_uvot_uvw1 swift_uvot_uvw2 swift_uvot_V johnson_B johnson_I johnson_R johnson_U johnson_V sdss_g sdss_i sdss_r sdss_u sdss_z ATLAS_c ATLAS_o ukirt_H ukirt_J ukirt_K Clear
[from data line 177]
10.701402805611222 12.777414568717465 3.895585755518187 7.370656533556037 5.4027327220520505 0.37239570699291846 1.7900716718400567 16.31732114528195 22.976265243176872 36.86486054720604 18.94184777525142 21.454864281731073 10.73693126158825 15.113383828315762 2.3420724490962366 5.312105215821236 21.945264063925123 9.781908926419513 13.589954670031918 3.9768417076311735 7.599145193052461 23.477370773351698 1.216644059818055 9.349733103298679 4.897320578688884 -4.57659167092256 -2.427102375432869 -5.936880351395748 3.1168386782906943
10.761523046092185 12.799230418942553 3.917401605743258 7.392472383781108 5.424548572277121 0.39421155721800716 1.8118875220651276 16.339136995507022 22.998081093401943 36.886676397431124 18.963663625476503 21.476680131956154 10.758747111813339 15.135199678540832 2.3638882993213075 5.333921066046307 21.9670799141502 9.803724776644584 13.61177052025699 3.998657557856262 7.62096104327755 23.49918662357677 1.2384599100431437 9.37154895352375 4.919136428913973 -4.554775820697489 -2.405286525207798 -5.91506450117066 3.138654528515783
10.821643286573146 12.820975193088824 3.9391463798895465 7.414217157927379 5.446293346423392 0.4159563313642778 1.833632296211416 16.36088176965331 23.01982586754822 36.908421171577395 18.985408399622774 21.498424906102425 10.78049188595961 15.156944452687103 2.385633073467596 5.355665840192578 21.98882468829647 9.825469550790855 13.63351529440326 4.020402332002533 7.6427058174238205 23.520931397723047 1.2602046841894143 9.39329372767002 4.940881203060243 -4.533031046551218 -2.3835417510615273 -5.893319727024389 3.1603993026620536
10.881763527054108 12.842649119519685 3.9608203063204073 7.435891084358239 5.4679672728542705 0.43763025779513853 1.8553062226422767 16.38255569608417 23.041499793979085 36.930095098008266 19.00708232605364 21.520098832533293 10.80216581239047 15.178618379117982 2.4073069998984566 5.377339766623456 22.01049861472734 9.847143477221715 13.655189220834139 4.042076258433394 7.664379743854681 23.54260532415391 1.281878610620275 9.414967654100899 4.962555129491104 -4.5113571201203575 -2.3618678246306666 -5.871645800593528 3.1820732290929143
10.941883767535069 12.864252427182201 3.982423613982906 7.457494392020756 5.489570580516769 0.45923356545765515 1.8769095303047756 16.40415900374667 23.06310310164159 36.95169840567076 19.028685633716147 21.5417021401958 10.823769120052987 15.20022168678048 2.4289103075609555 5.398943074285955 22.03210192238985 9.868746784884232 13.676792528496637 4.06367956609591 7.68598305151718 23.564208631816417 1.3034819182827917 9.436570961763397 4.984158437153621 -4.489753812457841 -2.34026451696815 -5.850042492931012 3.203676536755431
11.002004008016032 12.885785346889804 4.003956533690527 7.479027311728359 5.51110350022439 0.4807664851652582 1.8984424500123964 16.42569192345429 23.084636021349205 36.97323132537837 19.05021855342376 21.563235059903413 10.84530203976059 15.221754606488101 2.4504432272685763 5.420475993993576 22.053634842097452 9.890279704591835 13.69832544820424 4.085212485803513 7.707515971224801 23.58574155152403 1.3250148379903948 9.458103881471 5.005691356861224 -4.468220892750238 -2.318731597260547 -5.828509573223409 3.225209456463034
11.062124248496994 12.907248114022032 4.025419300822755 7.500490078860604 5.532566267356618 0.5022292522975036 1.919905217144624 16.44715469058652 23.10609878848144 36.99469409251061 19.071681320556 21.58469782703565 10.866764806892835 15.243217373620329 2.471905994400804 5.441938761125804 22.075097609229687 9.91174247172408 13.719788215336486 4.106675252935741 7.7289787383570285 23.607204318656265 1.3464776051226224 9.479566648603246 5.027154123993451 -4.446758125617992 -2.2972688301283015 -5.807046806091181 3.2466722235952794
11.122244488977955 12.928640966010452 4.0468121528111745 7.5218829308490065 5.55395911934502 0.5236221042859057 1.941298069133044 16.46854754257494 23.12749164046985 37.01608694449902 19.09307417254441 21.606090679024053 10.888157658881237 15.264610225608749 2.493298846389224 5.463331613114206 22.0964904612181 9.933135323712483 13.741181067324888 4.128068104924161 7.750371590345448 23.628597170644674 1.3678704571110423 9.500959500591648 5.048546975981871 -4.42536527362959 -2.2758759781398994 -5.785653954102761 3.2680650755836815
11.182364729458918 12.949964136054621 4.068135322855326 7.543206100893176 5.57528228938919 0.5449452743300753 1.9626212391771958 16.48987071261909 23.14881481051401 37.03741011454319 19.11439734258857 21.627413849068223 10.909480828925407 15.2859333956529 2.5146220164333757 5.484654783158375 22.11781363126227 9.954458493756652 13.762504237369058 4.14939127496833 7.7716947603896 23.649920340688837 1.3891936271552119 9.522282670635818 5.069870146026041 -4.404042103585421 -2.2545528080957298 -5.764330784058592 3.289388245627851
11.242484969939879 12.971217867883809 4.0893890546845135 7.564459832722363 5.596536021218377 0.5661990061592626 1.983874971006383 16.511124444448278 23.1700685423432 37.05866384637237 19.135651074417755 21.648667580897406 10.930734560754594 15.307187127482088 2.535875748262563 5.505908514987563 22.139067363091456 9.97571222558584 13.783757969198245 4.170645006797518 7.7929484922187875 23.671174072518024 1.410447358984399 9.543536402465005 5.091123877855228 -4.3827883717562335 -2.2332990762665426 -5.743077052229404 3.3106419774570384
11.302605210420841 12.992402403620673 4.110573590421378 7.585644368459228 5.617720556955241 0.5873835418961271 2.0050595067432475 16.532308980185142 23.191253078080063 37.07984838210923 19.15683561015462 21.66985211663427 10.951919096491459 15.328371663218952 2.5570602839994274 5.527093050724427 22.16025189882832 9.996896761322704 13.80494250493511 4.191829542534382 7.814133027955652 23.69235860825489 1.4316318947212636 9.56472093820187 5.112308413592093 -4.361603836019369 -2.212114540529678 -5.72189251649254 3.331826513193903
11.362725450901802 13.013517986270138 4.1316891730708605 7.60675995110871 5.638836139604724 0.6084991245456095 2.02617508939273 16.553424562834625 23.212368660729545 37.10096396475872 19.177951192804095 21.690967699283746 10.973034679140923 15.349487245868435 2.57817586664891 5.54820863337391 22.181367481477793 10.018012343972186 13.826058087584592 4.212945125183847 7.8352486106051344 23.71347419090437 1.4527474773707283 9.585836520851352 5.133423996241557 -4.3404882533698865 -2.1909989578801956 -5.700776933843075 3.3529420958433676
11.422845691382765 13.034564859347899 4.152736046148604 7.627806824186454 5.659883012682467 0.6295459976233531 2.0472219624704735 16.57447143591237 23.23341553380729 37.12201083783647 19.19899806588185 21.7120145723615 10.994081552218685 15.370534118946178 2.5992227397266534 5.569255506451653 22.202414354555547 10.03905921704993 13.847104960662335 4.233991998261608 7.856295483682878 23.734521063982115 1.4737943504484896 9.606883393929095 5.154470869319319 -4.319441380292143 -2.169952084802452 -5.679730060765314 3.373988968921129
11.482965931863728 13.055543275348676 4.173714462149398 7.64878524018723 5.680861428683244 0.6505244136241295 2.0682003784712677 16.595449851913163 23.254393949808076 37.14298925383725 19.21997648188262 21.732992988362273 11.015059968219461 15.391512534946955 2.6202011557274476 5.59023392245243 22.223392770556323 10.060037633050706 13.868083376663112 4.2549704142623845 7.877273899683672 23.755499479982902 1.494772766449266 9.627861809929872 5.175449285320095 -4.2984629642913665 -2.1489736688016756 -5.658751644764537 3.3949673849219053
11.543086172344688 13.076453478206833 4.194624665007556 7.669695443045388 5.701771631541419 0.6714346164822871 2.0891105813294253 16.61636005477132 23.27530415266623 37.163899456695404 19.24088668474079 21.75390319122044 11.035970171077619 15.41242273780513 2.641111358585605 5.611144125310605 22.24430297341449 10.080947835908864 13.88899357952127 4.275880617120542 7.89818410254183 23.776409682841056 1.5156829693074236 9.648772012788047 5.196359488178253 -4.277552761433209 -2.128063465943518 -5.63784144190638 3.415877587780063
11.603206412825651 13.097295721645832 4.215466908446555 7.690537686484387 5.7226138749804 0.6922768599212858 2.109952824768424 16.63720229821032 23.29614639610523 37.1847417001344 19.26172892817978 21.774745434659433 11.056812414516617 15.433264981244111 2.661953602024604 5.631986368749586 22.26514521685348 10.101790079347863 13.909835822960268 4.296722860559541 7.9190263459808286 23.797251926280055 1.5365252127464224 9.669614256227028 5.217201731617251 -4.25671051799421 -2.1072212225045193 -5.616999198467381 3.4367198312190617
11.663326653306612 13.118070257760852 4.236241444561575 7.711312222599407 5.74338841109542 0.7130513960363061 2.1307273608834443 16.65797683432534 23.31692093222025 37.20551623624942 19.28250346429481 21.795519970774453 11.077586950631638 15.45403951735915 2.682728138139624 5.652760904864606 22.2859197529685 10.122564615462883 13.930610359075288 4.317497396674561 7.939800882095849 23.818026462395075 1.5572997488614426 9.690388792342048 5.237976267732272 -4.23593598187919 -2.086446686389499 -5.596224662352361 3.457494367334082
11.723446893787575 13.138777338716956 4.256948525517661 7.732019303555511 5.764095492051524 0.7337584769924099 2.1514344418395304 16.678683915281443 23.337628013176346 37.22622331720553 19.303210545250902 21.816227051730554 11.098294031587741 15.474746598315235 2.703435219095728 5.67346798582071 22.306626833924604 10.143271696418987 13.951317440031392 4.338204477630665 7.960507963051953 23.83873354335117 1.5780068298175465 9.711095873298152 5.2586833486883755 -4.215228900923086 -2.065739605433395 -5.575517581396257 3.4782014482901857
11.783567134268537 13.159417221050553 4.277588407851276 7.752659185889108 5.784735374385139 0.7543983593260073 2.1720743241731455 16.69932379761504 23.358267895509954 37.24686319953913 19.32385042758451 21.83686693406416 11.118933913921339 15.49538648064885 2.7240751014293254 5.694107868154325 22.3272667162582 10.163911578752584 13.97195732236499 4.358844359964262 7.98114784538555 23.85937342568478 1.5986467121511438 9.73173575563175 5.279323231021973 -4.194589018589489 -2.045099723099798 -5.55487769906266 3.498841330623783
11.843687374749498 13.179990159994954 4.298161346795659 7.773232124833509 5.8053083133295225 0.7749712982704082 2.1926472631175287 16.719896736559424 23.378840834454344 37.267436138483525 19.344423366528904 21.857439873008556 11.13950685286574 15.515959419593234 2.7446480403737086 5.714680807098708 22.347839655202602 10.184484517696985 13.99253026130939 4.379417298908663 8.001720784329951 23.87994636462917 1.6192196510955448 9.75230869457615 5.299896169966374 -4.174016079645088 -2.024526784155397 -5.534304760118259 3.519414269568184
11.90380761523046 13.20049641780436 4.318667604605082 7.793738382642914 5.825814571138945 0.7954775560798133 2.2131535209269515 16.740402994368846 23.39934709226376 37.28794239629293 19.364929624338316 21.877946130817968 11.160013110675145 15.536465677402656 2.7651542981831314 5.735187064908131 22.368345913012007 10.20499077550639 14.013036519118796 4.399923556718068 8.022227042139356 23.900452622438586 1.6397259089049498 9.772814952385556 5.320402427775779 -4.153509821835683 -2.004020526345992 -5.513798502308854 3.539920527377589
11.963927855711422 13.22093624685813 4.339107433658853 7.814178211696685 5.846254400192699 0.8159173851335844 2.2335933499807226 16.760842823422617 23.41978692131753 37.3083822253467 19.385369453392087 21.89838595987174 11.180452939728916 15.556905506456427 2.7855941272369025 5.755626893961902 22.388785742065778 10.225430604560161 14.033476348172567 4.420363385771839 8.042666871193127 23.920892451492357 1.660165737958721 9.793254781439327 5.34084225682955 -4.133069992781912 -1.9835806972922208 -5.4933586732550825 3.56036035643136
12.024048096192384 13.241309915182562 4.359481101983285 7.834551880021117 5.866628068517148 0.8362910534580159 2.253967018305154 16.78121649174705 23.440160589641962 37.32875589367114 19.40574312171652 21.91875962819617 11.200826608053347 15.577279174780859 2.805967795561334 5.776000562286334 22.409159410390217 10.245804272884593 14.053850016497016 4.440737054096271 8.063040539517559 23.941266119816788 1.6805394062831525 9.813628449763776 5.3612159251539815 -4.11269632445748 -1.9632070289677892 -5.472985004930651 3.5807340247557917
12.084168336673347 13.261617677853863 4.379788864654568 7.854859642692418 5.886935831188431 0.856598816129317 2.2742747809764374 16.801524254418332 23.460468352313253 37.34906365634242 19.42605088438781 21.93906739086746 11.221134370724648 15.597586937452142 2.8262755582326173 5.796308324957617 22.42946717306151 10.266112035555894 14.0741577791683 4.461044816767572 8.083348302188842 23.96157388248808 1.7008471689544535 9.83393621243506 5.381523687825283 -4.092388561786179 -1.9428992662964881 -5.45267724225935 3.601041787427093
12.144288577154308 13.281859800244895 4.4000309870456 7.87510176508345 5.907177953579463 0.8768409385203491 2.2945169033674695 16.821766376809382 23.480710474704285 37.36930577873347 19.44629300677884 21.959309513258493 11.24137649311568 15.617829059843174 2.846517680623667 5.816550447348649 22.449709295452543 10.286354157946926 14.094399901559331 4.481286939158604 8.103590424579892 23.98181600487911 1.7210892913454856 9.854178334826091 5.401765810216315 -4.072146439395147 -1.922657143905456 -5.432435119868318 3.621283909818125
12.20440881763527 13.302036542589484 4.420207729390189 7.8952785074280385 5.927354695924052 0.8970176808649377 2.314693645712058 16.841943119153953 23.500887217048874 37.389482521078044 19.46646974912343 21.97948625560308 11.26155323546027 15.638005802187763 2.866694422968238 5.836727189693238 22.46988603779713 10.306530900291515 14.11457664390392 4.501463681503193 8.123767166924463 24.0019927472237 1.7412660336900743 9.87435507717068 5.421942552560903 -4.051969697050558 -1.9024804015608674 -5.412258377523729 3.6414606521627135
12.264529058116231 13.322148171807804 4.440319358608527 7.915390136646359 5.947466325142372 0.9171293100832578 2.334805274930396 16.86205474837229 23.520998846267204 37.40959415029638 19.48658137834176 21.999597884821412 11.28166486467859 15.658117431406101 2.886806052186576 5.856838818911576 22.48999766701545 10.326642529509835 14.13468827312224 4.521575310721513 8.1438787961428 24.02210437644203 1.7613776629083944 9.894466706389 5.442054181779223 -4.031858067832238 -1.8823687723425473 -5.392146748305409 3.6615722813810336
12.324649298597194 13.342194953847883 4.460366140648588 7.935436918686438 5.967513107182452 0.9371760921233374 2.354852056970458 16.882101530412353 23.541045628307273 37.42964093233645 19.506628160381833 22.019644666861485 11.301711646718669 15.678164213446163 2.9068528342266378 5.8768856009516375 22.51004444905552 10.346689311549914 14.15473505516232 4.5416220927615925 8.163925578182862 24.0421511584821 1.781424444948474 9.91451348842908 5.462100963819303 -4.011811285792159 -1.8623219903024677 -5.3720999662653295 3.6816190634211132
