web/models/mosfit_kne/mosfit_kn_1.0000/mosfit_kn_0.033839_0.3747_1.0000.dat
# %ECSV 1.0
# ---
# datatype:
# - {name: time, datatype: float64}
# - {name: PS1_g, datatype: float64}
# - {name: PS1_i, datatype: float64}
# - {name: PS1_r, datatype: float64}
# - {name: PS1_w, datatype: float64}
# - {name: PS1_y, datatype: float64}
# - {name: PS1_z, datatype: float64}
# - {name: swift_uvot_B, datatype: float64}
# - {name: swift_uvot_U, datatype: float64}
# - {name: swift_uvot_uvm2, datatype: float64}
# - {name: swift_uvot_uvw1, datatype: float64}
# - {name: swift_uvot_uvw2, datatype: float64}
# - {name: swift_uvot_V, datatype: float64}
# - {name: johnson_B, datatype: float64}
# - {name: johnson_I, datatype: float64}
# - {name: johnson_R, datatype: float64}
# - {name: johnson_U, datatype: float64}
# - {name: johnson_V, datatype: float64}
# - {name: sdss_g, datatype: float64}
# - {name: sdss_i, datatype: float64}
# - {name: sdss_r, datatype: float64}
# - {name: sdss_u, datatype: float64}
# - {name: sdss_z, datatype: float64}
# - {name: ATLAS_c, datatype: float64}
# - {name: ATLAS_o, datatype: float64}
# - {name: ukirt_H, datatype: float64}
# - {name: ukirt_J, datatype: float64}
# - {name: ukirt_K, datatype: float64}
# - {name: Clear, datatype: float64}
# meta: !!omap
# - comment: [kappa = 1.0, type = rprocess, mass = 0.03383890769761434, velocity = 0.3746666666666667, theta_obs = 0.0, tfloor = 1000.0]
# schema: astropy-2.0
time PS1_g PS1_i PS1_r PS1_w PS1_y PS1_z swift_uvot_B swift_uvot_U swift_uvot_uvm2 swift_uvot_uvw1 swift_uvot_uvw2 swift_uvot_V johnson_B johnson_I johnson_R johnson_U johnson_V sdss_g sdss_i sdss_r sdss_u sdss_z ATLAS_c ATLAS_o ukirt_H ukirt_J ukirt_K Clear
[from data line 466]
28.076152304609217 9.88884466100842 1.0070158478091429 4.482086625846993 2.514162814343006 -2.516174200716108 -1.0984982358689876 13.428751237572907 20.087695335467828 33.976290639497 16.053277867542377 18.56629437402204 7.8483613538792225 12.224813920606717 -0.5464974586128077 2.423535308112192 19.056694156216086 6.89333901871047 10.701384762322874 1.0882717999221292 4.710575285343417 20.588800865642654 -1.6719258478909715 6.461163195589634 2.0087506709798397 -7.465161578631604 -5.315672283141913 -8.825450259104775 0.22826877058166772
28.13627254509018 9.895390424998247 1.0135616117989699 4.48863238983682 2.520708578332833 -2.509628436726299 -1.0919524718791607 13.435297001562734 20.094241099457655 33.98283640348683 16.059823631532204 18.572840138011856 7.854907117869032 12.231359684596544 -0.5399516946229808 2.430081072102019 19.063239920205895 6.899884782700297 10.707930526312701 1.0948175639119562 4.717121049333244 20.595346629632473 -1.6653800839011623 6.467708959579461 2.0152964349696667 -7.458615814641777 -5.309126519152086 -8.818904495114966 0.23481453457147694
28.196392785571142 9.90193067402302 1.0201018608237433 4.495172638861593 2.5272488273576066 -2.5030881877015254 -1.0854122228543872 13.441837250587508 20.10078134848242 33.9893766525116 16.066363880556978 18.57938038703663 7.861447366893805 12.237899933621318 -0.5334114455982073 2.4366213211267924 19.06978016923067 6.90642503172507 10.714470775337475 1.1013578129367296 4.723661298358017 20.601886878657247 -1.6588398348763889 6.474249208604235 2.02183668399444 -7.452075565617004 -5.30258627012733 -8.812364246090192 0.2413547835962504
28.256513026052104 9.908465420396091 1.0266366071968136 4.501707385234646 2.533783573730677 -2.496553441328455 -1.078877476481317 13.448371996960578 20.10731609485549 33.995911398884665 16.072898626930048 18.5859151334097 7.8679821132668755 12.244434679994388 -0.526876699225137 2.4431560674998627 19.07631491560374 6.912959778098123 10.721005521710527 1.1078925593098 4.730196044731088 20.608421625030317 -1.6523050885033186 6.480783954977305 2.0283714303675104 -7.445540819243951 -5.29605152375426 -8.805829499717122 0.24788952996932068
28.316633266533064 9.914994674169098 1.0331658609698202 4.508236639007652 2.5403128275036657 -2.4900241875554485 -1.0723482227083103 13.454901250733585 20.113845348628494 34.00244065265767 16.079427880703054 18.592444387182706 7.874511367039882 12.250963933767395 -0.5203474454521304 2.4496853212728693 19.082844169376745 6.919489031871129 10.727534775483534 1.1144218130828065 4.736725298504094 20.61495087880332 -1.645775834730312 6.487313208750294 2.034900684140517 -7.4390115654709446 -5.289522269981253 -8.799300245944115 0.2544187837423273
28.376753507014026 9.921518447853312 1.0396896346540174 4.514760412691867 2.5468366011878807 -2.4835004138712335 -1.065824449024113 13.4614250244178 20.120369122312702 34.00896442634188 16.08595165438727 18.598968160866914 7.881035140724097 12.257487707451592 -0.5138236717679154 2.4562090949570665 19.08936794306096 6.926012805555344 10.734058549167749 1.1209455867670215 4.743249072188309 20.621474652487528 -1.639252061046097 6.493836982434509 2.041424457824732 -7.43248779178673 -5.282998496297038 -8.7927764722599 0.26094255742654227
28.43687374749499 9.92803675524657 1.0462079420472925 4.5212787200851245 2.5533549085811558 -2.4769821064779762 -1.059306141630838 13.467943331811057 20.126887429705967 34.01548273373515 16.092469961780527 18.605486468260178 7.887553448117354 12.264006014844867 -0.5073053643746581 2.4627274023503416 19.095886250454218 6.932531112948619 10.740576856561024 1.1274638941602788 4.7497673795815665 20.627992959880793 -1.6327337536528397 6.500355289827784 2.0479427652179893 -7.425969484393472 -5.276480188903781 -8.786258164866643 0.2674608648197996
28.49699398797595 9.93454960896658 1.0527207957672857 4.5277915738051355 2.559867762301149 -2.4704692527579653 -1.0527932879108448 13.47445618553105 20.13340028342597 34.02199558745515 16.098982815500538 18.611999321980182 7.894066301837365 12.27051886856486 -0.5007925106546649 2.469240256070335 19.10239910417423 6.939043966668613 10.747089710281017 1.1339767478802898 4.7562802333015775 20.634505813600796 -1.6262208999328287 6.506868143547777 2.0544556189380003 -7.419456630673461 -5.26996733518377 -8.779745311146632 0.27397371853981056
28.557114228456914 9.941057020777144 1.059228207577867 4.534298985615699 2.5663751741117125 -2.463961840947402 -1.0462858761002636 13.480963597341631 20.139907695236545 34.02850299926572 16.1054902273111 18.618506733790742 7.900573713647929 12.277026280375424 -0.49428509884408367 2.4757476678808983 19.108906515984792 6.945551378479176 10.75359712209158 1.1404841596908533 4.762787645112141 20.64101322541137 -1.6197134881222652 6.513375555358341 2.060963030748564 -7.412949218862898 -5.2634599233732065 -8.773237899336069 0.28048113035037403
28.617234468937873 9.947559000075472 1.0657301868761948 4.540800964914027 2.572877153410058 -2.457459861649074 -1.0397838968019357 13.48746557663996 20.146409674534873 34.035004978564054 16.11199220660943 18.62500871308908 7.907075692946257 12.28352825967377 -0.4877831195457558 2.482249647179244 19.11540849528312 6.952053357777504 10.760099101389926 1.1469861389891811 4.769289624410469 20.6475152047097 -1.6132115088239374 6.519877534656686 2.0674650100468916 -7.40644723956457 -5.256957944074879 -8.76673592003774 0.2869831096487019
28.677354709418836 9.954055556856822 1.072226743657545 4.547297521695377 2.5793737101913905 -2.4509633048677237 -1.0332873400205855 13.49396213342131 20.152906231316223 34.0415015353454 16.11848876339078 18.63150526987043 7.913572249727607 12.29002481645512 -0.4812865627644056 2.488746203960594 19.12190505206447 6.958549914558854 10.766595658171259 1.1534826957705313 4.775786181191819 20.65401176149105 -1.6067149520425872 6.526374091438019 2.073961566828242 -7.39995068278322 -5.250461387293528 -8.76023936325639 0.2934796664300521
28.7374749498998 9.960546703917448 1.0787178907181705 4.55378866875602 2.5858648572520337 -2.4444721578070805 -1.02679619295996 13.500453280481935 20.159397378376855 34.047992682406026 16.124979910451405 18.637996416931063 7.92006339678825 12.296515963515745 -0.47479541570378014 2.4952373510212196 19.128396199125113 6.965041061619497 10.773086805231902 1.1599738428311568 4.7822773282524444 20.66050290855168 -1.6002238049819617 6.532865238498662 2.0804527138888673 -7.3934595357225765 -5.243970240232885 -8.753748216195765 0.2999708134906953
28.79759519038076 9.967032453455982 1.0852036402567045 4.560274418294554 2.5923506067905677 -2.4379864082685465 -1.020310443421426 13.506939030020469 20.16588312791539 34.05447843194456 16.13146565998994 18.64448216646959 7.926549146326784 12.303001713054279 -0.46830966616524616 2.5017231005597536 19.134881948663647 6.971526811158031 10.779572554770436 1.1664595923696908 4.788763077790978 20.666988658090215 -1.5937380554434277 6.539350988037196 2.0869384634274013 -7.3869737861840425 -5.237484490694351 -8.747262466657231 0.30645656302921154
28.857715430861724 9.973512813563001 1.091684000363724 4.566754778401556 2.5988309668975695 -2.4315060481615447 -1.0138300833144065 13.513419390127488 20.1723634880224 34.06095879205157 16.137946020096958 18.650962526576603 7.933029506433786 12.30948207316128 -0.4618293060582266 2.5082034606667554 19.14136230877065 6.978007171265033 10.786052914877438 1.1729399524767103 4.795243437897998 20.673469018197224 -1.5872576953364081 6.545831348144198 2.093418823534421 -7.380493426077041 -5.231004130587349 -8.740782106550212 0.3129369231362311
28.917835671342683 9.979987791574239 1.0981589783749612 4.573229756412793 2.6053059449088245 -2.4250310701503075 -1.0073551053031693 13.519894368138726 20.17883846603364 34.06743377006282 16.144420998108195 18.657437504587847 7.939504484445023 12.315957051172536 -0.4553543280469894 2.5146784386780103 19.147837286781886 6.98448214927627 10.792527892888693 1.1794149304879475 4.801718415909235 20.679943996208465 -1.580782717325171 6.552306326155453 2.099893801545658 -7.3740184480658035 -5.224529152576112 -8.734307128538974 0.3194119011474683
28.977955911823646 9.986457398518471 1.104628585319194 4.579699363357044 2.611775551853057 -2.418561463206057 -1.0008854983589366 13.526363975082958 20.18530807297788 34.07390337700705 16.150890605052428 18.66390711153208 7.945974091389274 12.322426658116768 -0.4488847211027567 2.521148045622243 19.154306893726137 6.990951756220521 10.798997499832925 1.1858845374321803 4.808188022853468 20.686413603152705 -1.5743131103809382 6.558775933099685 2.106363408489891 -7.367548841121553 -5.218059545631862 -8.727837521594742 0.3258815080917188
29.03807615230461 9.992921642928128 1.1110928297288503 4.586163607766682 2.6182397962627135 -2.4120972187964185 -0.9944212539492803 13.532828219492615 20.191772317387525 34.0803676214167 16.157354849462084 18.670371355941736 7.952438335798912 12.328890902526425 -0.44242047669310036 2.5276122900318994 19.160771138135775 6.997416000630159 10.805461744242564 1.1923487818418366 4.814652267263124 20.69287784756235 -1.567848865971282 6.565240177509342 2.112827652899547 -7.3610845967119145 -5.211595301222223 -8.721373277185085 0.33234575250135734
29.09819639278557 9.999380536294176 1.1175517230948984 4.592622501132748 2.6246986896287616 -2.4056383254303526 -0.9879623605832322 13.539287112858663 20.198231210753583 34.08682651478276 16.163813742828133 18.676830249307795 7.958897229164978 12.335349795892473 -0.43596158332705226 2.5340711833979475 19.16723003150184 7.003874893996225 10.81192063760863 1.1988076752078847 4.821111160629172 20.69933674092841 -1.561389972605216 6.57169907087539 2.119286546265595 -7.354625703345849 -5.205136407856157 -8.714914383819037 0.3388046458674232
29.158316633266534 10.00583409131874 1.124005278119462 4.599076056157312 2.6311522446533253 -2.399184770405789 -0.9815088055586685 13.545740667883226 20.204684765778147 34.09328006980732 16.170267297852696 18.683283804332348 7.965350784189542 12.341803350917036 -0.4295080283024886 2.540524738422511 19.173683586526405 7.010328449020789 10.818374192633193 1.2052612302324484 4.827564715653736 20.705790295952973 -1.5549364175806701 6.578152625899953 2.125740101290159 -7.348172148321285 -5.198682852831594 -8.708460828794474 0.3452582008919691
29.218436873747493 10.012282312251966 1.1304534990526882 4.60552427709052 2.6376004655865515 -2.3927365494725805 -0.9750605846254423 13.552188888816453 20.211132986711362 34.099728290740536 16.176715518785922 18.689732025265574 7.97179900512275 12.348251571850263 -0.4230598073692624 2.5469729593557373 19.180131807459613 7.016776669953997 10.824822413566402 1.2117094511656745 4.834012936586962 20.712238516886188 -1.548488196647444 6.58460084683318 2.132188322223385 -7.3417239273880766 -5.192234631898385 -8.702012607861247 0.3517064218251953
29.278557114228455 10.018725206640333 1.1368963934410559 4.611967171478888 2.644043359974919 -2.386293655084213 -0.9686176902370747 13.55863178320482 20.217575881099734 34.10617118512891 16.18315841317429 18.69617491965394 7.978241899511118 12.35469446623863 -0.41661691298089476 2.553415853744105 19.18657470184798 7.023219564342365 10.83126530795477 1.2181523455540422 4.84045583097533 20.71868141127456 -1.5420453022590763 6.5910437412215295 2.1386312166117527 -7.335281032999709 -5.1857917375100175 -8.69556971347288 0.35814931621356294
29.338677354709418 10.025162788499475 1.143333975300198 4.618404753338048 2.6504809418340614 -2.379856073225053 -0.9621801083779324 13.565069365063962 20.224013462958883 34.11260876698805 16.189595995033432 18.702612501513084 7.984679481370278 12.361132048097772 -0.41017933112175253 2.559853435603247 19.19301228370714 7.029657146201525 10.83770288981393 1.2245899274131844 4.846893412834472 20.72511899313371 -1.535607720399934 6.5974813230806895 2.145068798470895 -7.328843451140549 -5.1793541556508575 -8.689132131613738 0.36458689807270517
29.39879759519038 10.031595061283358 1.1497662480840631 4.624837026121913 2.6569132146179264 -2.373423800441188 -0.9557478355940674 13.571501637847827 20.230445735742748 34.11904103977192 16.196028267817297 18.70904477429696 7.991111754154143 12.367564320881637 -0.4037470583378875 2.5662857083871122 19.199444556491006 7.03608941898539 10.844135162597794 1.2310222001970672 4.853325685618337 20.731551265917574 -1.5291754476160513 6.6039135958645545 2.1515010712547777 -7.322411178356684 -5.1729218828669925 -8.682699858829855 0.371019170856588
29.458917835671343 10.038022031732634 1.1561932185333568 4.631263996571189 2.66334018506722 -2.366996829991912 -0.9493208651447738 13.577928608297121 20.23687270619203 34.125468010221205 16.20245523826659 18.715471744746242 7.997538724603419 12.373991291330931 -0.39732008788859385 2.572712678836406 19.20587152694028 7.042516389434666 10.85056213304707 1.237449170646343 4.859752656067631 20.737978236366857 -1.5227484771667754 6.610340566313848 2.1579280417040536 -7.315984207907408 -5.166494912417717 -8.676272888380579 0.37744614130586385
29.519038076152302 10.044443710068798 1.1626148968695027 4.6376856749073525 2.669761863403366 -2.3605751516557483 -0.9428991868086278 13.584350286633267 20.243294384528188 34.13188968855736 16.208876916602737 18.721893423082395 8.003960402939583 12.380412969667077 -0.3908984095524479 2.579134357172552 19.212293205276445 7.0489380677708295 10.856983811383234 1.2438708489825068 4.866174334403777 20.744399914703013 -1.5163267988306117 6.616762244649994 2.1643497200402173 -7.309562529571244 -5.160073234081553 -8.669851210044415 0.38386781964202754
29.579158316633265 10.050860106892259 1.1690312936929637 4.6441020717308135 2.676178260226827 -2.3541587548322873 -0.9364827899851669 13.590766683456728 20.24971078135165 34.13830608538082 16.215293313426198 18.728309819905856 8.010376799763044 12.386829366490538 -0.38448201272898697 2.5855507539960128 19.218709602099906 7.0553544645942905 10.863400208206695 1.2502872458059677 4.872590731227238 20.750816311526474 -1.5099104020071508 6.623178641473455 2.1707661168636783 -7.303146132747783 -5.153656837258092 -8.663434813220954 0.3902842164654885
29.639278557114228 10.057271227539601 1.1754424143403241 4.650513192378174 2.6825893808741874 -2.347747634184927 -0.9300716693378064 13.597177804104088 20.25612190199901 34.14471720602818 16.22170443407356 18.73472094055321 8.016787920410387 12.393240487137898 -0.3780708920816265 2.5919618746433732 19.225120722747267 7.061765585241651 10.869811328854055 1.2566983664533105 4.879001851874598 20.757227432173835 -1.503499281359808 6.6295897621208155 2.177177237511021 -7.296735012100423 -5.1472457166107315 -8.657023692573611 0.3966953371128312
29.69939879759519 10.063677078383098 1.1818482651838202 4.656919043221652 2.6889952317176657 -2.3413417833414485 -0.9236658184943103 13.603583654947585 20.262527752842495 34.15112305687167 16.228110284917054 18.7411267913967 8.023193771253883 12.399646337981395 -0.3716650412381304 2.5983677254868516 19.231526573590745 7.068171436085129 10.876217179697534 1.2631042172968066 4.885407702718094 20.76363328301732 -1.497093430516312 6.635995612964294 2.183583088354517 -7.2903291612569445 -5.140839865767253 -8.650617841730115 0.4031011879563273
