web/models/mosfit_kne/mosfit_kn_1.0000/mosfit_kn_0.117276_0.0613_1.0000.dat
# %ECSV 1.0
# ---
# datatype:
# - {name: time, datatype: float64}
# - {name: PS1_g, datatype: float64}
# - {name: PS1_i, datatype: float64}
# - {name: PS1_r, datatype: float64}
# - {name: PS1_w, datatype: float64}
# - {name: PS1_y, datatype: float64}
# - {name: PS1_z, datatype: float64}
# - {name: swift_uvot_B, datatype: float64}
# - {name: swift_uvot_U, datatype: float64}
# - {name: swift_uvot_uvm2, datatype: float64}
# - {name: swift_uvot_uvw1, datatype: float64}
# - {name: swift_uvot_uvw2, datatype: float64}
# - {name: swift_uvot_V, datatype: float64}
# - {name: johnson_B, datatype: float64}
# - {name: johnson_I, datatype: float64}
# - {name: johnson_R, datatype: float64}
# - {name: johnson_U, datatype: float64}
# - {name: johnson_V, datatype: float64}
# - {name: sdss_g, datatype: float64}
# - {name: sdss_i, datatype: float64}
# - {name: sdss_r, datatype: float64}
# - {name: sdss_u, datatype: float64}
# - {name: sdss_z, datatype: float64}
# - {name: ATLAS_c, datatype: float64}
# - {name: ATLAS_o, datatype: float64}
# - {name: ukirt_H, datatype: float64}
# - {name: ukirt_J, datatype: float64}
# - {name: ukirt_K, datatype: float64}
# - {name: Clear, datatype: float64}
# meta: !!omap
# - comment: [kappa = 1.0, type = rprocess, mass = 0.11727632184323686, velocity = 0.061333333333333344, theta_obs = 0.0, tfloor = 1000.0]
# schema: astropy-2.0
time PS1_g PS1_i PS1_r PS1_w PS1_y PS1_z swift_uvot_B swift_uvot_U swift_uvot_uvm2 swift_uvot_uvw1 swift_uvot_uvw2 swift_uvot_V johnson_B johnson_I johnson_R johnson_U johnson_V sdss_g sdss_i sdss_r sdss_u sdss_z ATLAS_c ATLAS_o ukirt_H ukirt_J ukirt_K Clear
0.06012024048096192 -10.067033479398173 -9.414181895771776 -9.71714715448643 -9.817783001790659 -8.980621270145619 -9.165323462724366 -10.072929218913231 -11.438662814327465 -12.291762015895515 -12.062266199508045 -12.266784269571666 -9.90162878242953 -10.080057376761506 -9.743976586635334 -9.862122745390682 -11.14814534451747 -9.906355853676361 -10.107437595105342 -9.431373884177567 -9.719331908668352 -10.39910059725047 -9.123167069343303 -9.961495400964164 -9.615234905084815 -7.973334068980779 -8.53552599151424 -7.442948017144156 -9.733292731261791
0.12024048096192384 -11.081403901767448 -10.527200514055526 -10.793535729353092 -10.870595763853359 -10.128167011725324 -10.299705526497256 -11.058096300740605 -12.338807944041523 -12.942819742877067 -12.783648688101739 -12.833810465678969 -10.950675351629002 -11.066636186925173 -10.86661119343485 -10.946619390883018 -12.06551452294936 -10.956663161777625 -11.113259155077841 -10.54347841384546 -10.795857923819305 -11.31280583488433 -10.260685329702657 -10.995504141684584 -10.705068811875602 -9.167792317611008 -9.708227827518472 -8.652386318684735 -10.791028156087972
0.18036072144288576 -11.646873840306089 -11.163593992700864 -11.403611988625073 -11.464600243038685 -10.78927588740676 -10.951402898549336 -11.60231060373323 -12.821643989510925 -13.248179819097142 -13.142519979039893 -13.08266303683354 -11.540953853676232 -11.611951192469693 -11.509912714772199 -11.562593660355784 -12.560711641210773 -11.547912642689722 -11.672549116793167 -11.179214907663315 -11.406006802033168 -11.805277127705391 -10.91464023180956 -11.575387725139432 -11.324940935065886 -9.862225538247314 -10.387261154703891 -9.357365779332978 -11.38896888692539
0.24048096192384769 -12.030677238002685 -11.605308377158359 -11.823830733895235 -11.872255863095749 -11.251141663898458 -11.405599822390826 -11.968620766467481 -13.137813517269574 -13.421012457346059 -13.360503579728036 -13.2120857008791 -11.944918320769446 -11.979214544078726 -11.95727302290208 -11.987674881259622 -12.886926220517758 -11.952711397946041 -12.051291901454917 -11.620392236012353 -11.826268036719227 -12.129214881988197 -11.370686106992718 -11.971138052760875 -11.75324533782673 -10.351133813668374 -10.863702281757222 -9.854780694395762 -11.800089312852169
0.3006012024048096 -12.316700045702813 -11.941266653909466 -12.141240572215892 -12.179243569451579 -11.604472287018925 -11.752321435756041 -12.239471061393267 -13.365466739542331 -13.526391692829346 -13.505703603024735 -13.282096245404102 -12.248247464516925 -12.250926688903924 -12.298107533807567 -12.309313140116853 -13.123192562776335 -12.256790572267471 -12.332943434688897 -11.955886640842355 -12.143702086225368 -12.36348371250898 -11.7190079482266 -12.267588764437054 -12.077693456378693 -10.727700135709808 -11.229575910595385 -10.238622450906812 -12.110247422869573
0.3607214428857715 -12.542004418408368 -12.210965811444296 -12.394434607486637 -12.423494849830785 -11.889623125347075 -12.031595016436079 -12.451223565296338 -13.538872969548876 -13.592187568388198 -13.607506370938154 -13.318087837813465 -12.488872238856771 -12.463476868129057 -12.572150273993003 -12.566295296947178 -13.3042117358061 -12.498106421832789 -12.554357179912152 -12.225172600000889 -12.39690779634591 -12.542701848228965 -11.999709878202331 -12.50226120267282 -12.337198250583334 -11.033466397592269 -11.525869201041344 -10.550819539915677 -12.357460316526883
0.42084168336673344 -12.726100028385456 -12.435327808682572 -12.603811566563028 -12.625025637587939 -12.12801175155045 -12.264648849249244 -12.622980006380715 -13.675911946520625 -13.632540289573608 -13.680959985604542 -13.332759157113973 -12.686807123049608 -12.635982686592783 -12.8004602073145 -12.779132400415236 -13.448115836355552 -12.696688165938886 -12.734921327737379 -12.449159056435981 -12.60628719729933 -12.684952816721946 -12.234064551394717 -12.694932291129088 -12.552343879705212 -11.290533119613427 -11.77436370790758 -10.813694430156493 -12.561794156174493
0.48096192384769537 -12.88050904631163 -12.626774020468012 -12.781460261689368 -12.795681208606542 -12.33237385993391 -12.4640986604844 -12.76600187412858 -13.78706286685441 -13.655535194925545 -13.734742249397325 -13.333275514269353 -12.853896232915353 -12.779715774193011 -12.995545668173236 -12.959984710877468 -13.565545752605914 -12.864389313090426 -12.88608047508868 -12.64025912068929 -12.783931201247167 -12.800846326124606 -12.434715827563565 -12.857294740929088 -12.735337109623792 -11.512068020590041 -11.988025540970318 -11.040554959082785 -12.735126363596763
0.5410821643286573 -13.012626450342797 -12.793302266087352 -12.935155942538259 -12.943072668737194 -12.510917240203288 -12.638072143181276 -12.887509018923293 -13.879018534909218 -13.666250849505953 -13.774335383547935 -13.324093337936937 -12.997750896554756 -12.901902702286797 -13.165462588276615 -13.11667524864583 -13.663303387252672 -13.008827418151581 -13.015177474829027 -12.806465087556997 -12.937616494320814 -12.89716330051153 -12.609810173918543 -12.996857788117797 -12.894032036950183 -11.70656699203107 -12.175216201478898 -11.239990363702235 -12.88508925958725
0.6012024048096192 -13.127179455279965 -12.940150090994784 -13.069947647045854 -13.072117471827553 -12.669056797458147 -12.791916607684204 -12.992078595571616 -13.95590976693958 -13.66747465796552 -13.802887453810957 -13.30751084788995 -13.123280213423413 -13.007127032167002 -13.31549777695746 -13.254294103223831 -13.74561122742523 -13.134917396738304 -13.126895226827813 -12.953009817792402 -13.072393109932303 -12.97810779351206 -12.764710867124336 -13.118447707479337 -13.033545590253777 -11.879686620050832 -12.341479920043026 -11.417734875842756 -13.016621561312682
0.6613226452905812 -13.22776744596883 -13.071223483950156 -13.18962849896975 -13.186524485830216 -12.810804655102395 -12.929603729008612 -13.083220610384203 -14.020976383255697 -13.661618879114336 -13.823021348739584 -13.285620128950807 -13.234194047692196 -13.098902120485615 -13.449586616113002 -13.376658580101097 -13.815765146501608 -13.246372217501373 -13.224806504366704 -13.083796504378125 -13.192054928178312 -13.046964944509973 -12.903399054563671 -13.225721921939702 -13.157710790104584 -12.035584226936605 -12.490906335221046 -11.57799278316954 -13.133442630383598
0.721442885771543 -13.316935691984071 -13.189329334725457 -13.296909048263856 -13.288934922644682 -12.939058130155932 -13.05399638384273 -13.163403444163226 -14.076456225846385 -13.65022395390746 -13.83646364670641 -13.25970173836501 -13.333131497929333 -13.179699455173747 -13.570561099976832 -13.486500074254934 -13.876050555313128 -13.345833816453412 -13.311433805757567 -13.201629648727398 -13.29931306828394 -13.106010771905066 -13.02874572047994 -13.321276031064446 -13.269272624778523 -12.17728025634912 -12.62645862794846 -11.72382412682042 -13.238203779513835
0.781563126252505 -13.396614794061534 -13.296600335139601 -13.393847652956481 -13.381353362727406 -13.05601959578036 -13.1672704166707 -13.234498231482476 -14.124041862013428 -13.634442674048447 -13.844512099016928 -13.230706932678181 -13.422095759207437 -13.251392551363285 -13.68057326994369 -13.585893013575962 -13.928196891833721 -13.43530756248965 -13.388690117595718 -13.308640101389102 -13.396226335592143 -13.156967443896335 -13.142932951724742 -13.407079486089941 -13.370315997340132 -12.307071848316705 -12.750389876505357 -11.857556504328722 -13.332917308380683
0.8416833667334669 -13.46825733715514 -13.394662307410492 -13.482006384292564 -13.465297043640163 -13.163374570047992 -13.271088627155887 -13.29790629328966 -14.164981636229541 -13.615065252870625 -13.84808406045165 -13.199259871138075 -13.502601414193915 -13.315384894370638 -13.781265553783737 -13.6764133524943 -13.973483955771997 -13.516309995863478 -13.458012898893479 -13.406452104269206 -13.484357146794572 -13.201108418158807 -13.247628914703267 -13.484618569127793 -13.462425934399196 -12.426725448005305 -12.864428960727937 -11.980982263723162 -13.419107637392518
0.9018036072144289 -13.533060317873655 -13.484837665454847 -13.562661643250369 -13.542008437330395 -13.262488490880067 -13.366800085633326 -13.354787687276783 -14.200324162814653 -13.59280333807677 -13.847982007453421 -13.165944806880162 -13.575890711938385 -13.3728379671015 -13.873972312739841 -13.759347398941177 -14.012983428421386 -13.590084670653775 -13.520588189121074 -13.496386933866091 -13.564982198793718 -13.239500868642349 -13.344186522945165 -13.555114266293149 -13.546895191484438 -12.537664908921025 -12.969972576477263 -12.095544029432615 -13.498021799737039
0.9619238476953907 -13.591910727326155 -13.568138887153331 -13.636779714314553 -13.612422435005929 -13.354417020700762 -13.45544402888498 -13.405992006876357 -14.230808256195697 -13.568067964236853 -13.84471175098092 -13.13105840721056 -13.642895364272285 -13.42460303752365 -13.959718063393158 -13.83567158451185 -14.047456787805405 -13.657564797247746 -13.577291995990262 -13.579455922174262 -13.63906799391085 -13.272901580209506 -13.433648911607818 -13.619478320289122 -13.624706849521413 -12.641004193564223 -13.068107679992645 -12.202374327926487 -13.570600375719337
1.0220440881763526 -13.645613932525151 -13.645450920159004 -13.705216456568419 -13.677372560231333 -13.440072228111806 -13.53792221646657 -13.45230122924579 -14.257144657052851 -13.541353436409839 -13.838825126984222 -13.095010442318372 -13.704449682568864 -13.471462909683861 -14.039395277157862 -13.906247969117526 -14.07762959760377 -13.719585452329815 -13.628922719759622 -13.656543300130792 -13.707470604899985 -13.302033289822859 -13.516920248096636 -13.67853111116947 -13.696726989448411 -12.737692175994829 -13.159766020441628 -12.302433885119315 -13.637679438871366
1.0821643286573146 -13.69479086836833 -13.717475085741153 -13.768643699560261 -13.73750972746219 -13.520182936938081 -13.614953018780636 -13.494312393571796 -14.279858969145902 -13.512972819494106 -13.830695638696966 -13.058036982629616 -13.761203471893577 -13.514015617997298 -14.113712934096913 -13.971754798553999 -14.104042154578284 -13.776797338453582 -13.676094248237067 -13.728349659623493 -13.770862026621788 -13.327433324453075 -13.594721371100125 -13.732909216957285 -13.76363804748797 -12.828494804949154 -13.245696333607098 -12.396500499073396 -13.699913203325309
1.1422845691382766 -13.739924768457108 -13.784773858832331 -13.8275947544021 -13.79334794217721 -13.595338834213564 -13.687115778917871 -13.532484971994585 -14.299340679076185 -13.483110819735632 -13.820569358095582 -13.020253554240199 -13.81366812686408 -13.552721744184154 -14.183241109380173 -14.032731832991818 -14.127098204183152 -13.829712835053341 -13.719282862276856 -13.795436752004857 -13.829775692447956 -13.349502412909775 -13.667634087618907 -13.783111671537558 -13.825984018104371 -12.91403836144976 -13.326507979655007 -12.48521205064211 -13.757819502445834
1.2024048096192383 -13.781471466142996 -13.847856233847757 -13.882559184370269 -13.845362336633453 -13.666066986015792 -13.75493069940621 -13.56725904365372 -14.315982291748064 -13.452017544194707 -13.808736114755717 -12.981856595174847 -13.862318736654988 -13.588021968154344 -14.24849382362001 -14.089672816911413 -14.147200093402212 -13.878807578494426 -13.758939727328627 -13.85831309274355 -13.884701294126689 -13.368640966235859 -13.73618021133936 -13.829604494119057 -13.884261365657444 -12.994874306934515 -13.402741096790328 -12.569127809699319 -13.811875393549222
1.2625250501002003 -13.819800498532935 -13.90714343443653 -13.9339392702386 -13.893941876685876 -13.732806241528035 -13.818829934899313 -13.598988716641937 -14.330091904995896 -13.419865273896793 -13.795407766365617 -12.942969864984772 -13.907543397025314 -13.620271052073502 -14.309897214791942 -14.142984163849938 -14.16466536394272 -13.924470251046584 -13.795429839015458 -13.917399437320519 -13.936041215207116 -13.385164595474528 -13.800793480076159 -13.872767331897204 -13.93887920456649 -13.07146520690736 -13.474847267597417 -12.648717889069745 -13.86247202814868
1.3226452905811623 -13.855223234148735 -13.962993644674846 -13.982076026688741 -13.939415742372177 -13.795930756818926 -13.879181575519688 -13.627971342861429 -14.341925256517438 -13.386787621045023 -13.780754156421704 -12.90368424189657 -13.949670238490672 -13.649766962720186 -14.367813924658972 -14.193010652495765 -14.17975827034103 -13.967029531662865 -13.829060449988706 -13.973053545161243 -13.984136556537674 -13.399335789368738 -13.861843422214957 -13.912920778009532 -13.990184777072354 -13.144206676276882 -13.54321217857988 -12.724384716852944 -13.909940665684708
1.3827655310621243 -13.887994674250006 -14.015707352955502 -14.027253214861108 -13.982056774424034 -13.855756595158173 -13.936295768028817 -13.654448220275956 -14.351683419489252 -13.352869029987286 -13.764895660047358 -12.86404561862382 -13.988970413030366 -13.676751652770353 -14.422548797695153 -14.240039757608908 -14.19268805877299 -14.0067571499309 -13.860082561229063 -14.025575489830668 -14.029271144774285 -13.411362040750134 -13.919641596928969 -13.950328963004726 -14.03846799795037 -13.213435655140929 -13.608163129299962 -12.796471829089258 -13.954556419991455
1.442885771543086 -13.918356986601701 -14.065560482911117 -14.069734412135624 -14.022119760978224 -13.912571139855139 -13.990455546304954 -13.678651426885395 -14.359568322278662 -13.318222692859333 -13.747971536222412 -12.824135260275899 -14.025698246232274 -13.701457619525769 -14.474380953618759 -14.284337743772 -14.203662850668934 -14.043907807180743 -13.8887353688291 -14.075240890358636 -14.071708627660193 -13.421450208682018 -13.974472065399546 -13.985240639205703 -14.08399688569487 -13.27945491711082 -13.66999576830011 -12.865286893860473 -13.996575469368597
1.503006012024048 -13.946540920805273 -14.112807787409825 -14.109765675345507 -14.059843654792612 -13.966637168508598 -14.041920647352555 -13.700804637379502 -14.365781837592273 -13.282984712631091 -13.73013564231817 -12.784062375366666 -14.060093347689008 -13.72410875199741 -14.523567372062615 -14.326152492019244 -14.21288907932712 -14.078721313674299 -13.915247505693209 -14.122304287065841 -14.11169513940381 -13.429805877540648 -14.026595268713837 -14.01789099978842 -14.127020497506422 -13.34253805003902 -13.728978656435816 -12.931106976321905 -14.036237385413202
1.56312625250501 -13.972692280623509 -14.157634609506022 -14.147517732844292 -14.095390650206365 -14.018153656051737 -14.090884865274962 -13.721041604171848 -14.370423099960536 -13.247156221568734 -13.711421564985162 -12.74379954679896 -14.092315334908118 -13.744839467262086 -14.570297223977626 -14.365658052867431 -14.220472813609366 -14.111357863506642 -13.939761296424429 -14.166950658726414 -14.149401435020703 -13.436533529604588 -14.0762062537077 -14.048434060458295 -14.167715081733352 -13.402902223220766 -13.78532059168881 -12.994154940956422 -14.073706756996351
1.6232464929859718 -13.99697082227462 -14.200226347688663 -14.183166590313085 -14.128930343695494 -14.067314715955135 -14.137539006307538 -13.739514369786534 -14.373621325332824 -13.210800114640872 -13.69191247292079 -12.703386909862594 -14.12253314239469 -13.763802153827335 -14.614758343678737 -14.403032498710015 -14.226547928244823 -14.141986697508917 -13.96243423716271 -14.209365171716755 -14.185003565289271 -13.441766060353828 -14.123496612373518 -14.077034659795498 -14.206260063545901 -13.460753218266637 -13.83922196424887 -13.054640262099555 -14.109154354799003
