web/models/mosfit_kne/mosfit_kn_1.0000/mosfit_kn_0.001230_0.3747_1.0000.dat
# %ECSV 1.0
# ---
# datatype:
# - {name: time, datatype: float64}
# - {name: PS1_g, datatype: float64}
# - {name: PS1_i, datatype: float64}
# - {name: PS1_r, datatype: float64}
# - {name: PS1_w, datatype: float64}
# - {name: PS1_y, datatype: float64}
# - {name: PS1_z, datatype: float64}
# - {name: swift_uvot_B, datatype: float64}
# - {name: swift_uvot_U, datatype: float64}
# - {name: swift_uvot_uvm2, datatype: float64}
# - {name: swift_uvot_uvw1, datatype: float64}
# - {name: swift_uvot_uvw2, datatype: float64}
# - {name: swift_uvot_V, datatype: float64}
# - {name: johnson_B, datatype: float64}
# - {name: johnson_I, datatype: float64}
# - {name: johnson_R, datatype: float64}
# - {name: johnson_U, datatype: float64}
# - {name: johnson_V, datatype: float64}
# - {name: sdss_g, datatype: float64}
# - {name: sdss_i, datatype: float64}
# - {name: sdss_r, datatype: float64}
# - {name: sdss_u, datatype: float64}
# - {name: sdss_z, datatype: float64}
# - {name: ATLAS_c, datatype: float64}
# - {name: ATLAS_o, datatype: float64}
# - {name: ukirt_H, datatype: float64}
# - {name: ukirt_J, datatype: float64}
# - {name: ukirt_K, datatype: float64}
# - {name: Clear, datatype: float64}
# meta: !!omap
# - comment: [kappa = 1.0, type = rprocess, mass = 0.0012301715156502338, velocity = 0.3746666666666667, theta_obs = 0.0, tfloor = 1000.0]
# schema: astropy-2.0
time PS1_g PS1_i PS1_r PS1_w PS1_y PS1_z swift_uvot_B swift_uvot_U swift_uvot_uvm2 swift_uvot_uvw1 swift_uvot_uvw2 swift_uvot_V johnson_B johnson_I johnson_R johnson_U johnson_V sdss_g sdss_i sdss_r sdss_u sdss_z ATLAS_c ATLAS_o ukirt_H ukirt_J ukirt_K Clear
0.06012024048096192 -12.924042470561421 -12.505122392409671 -12.72125018423436 -12.768307874457996 -12.153199085406179 -12.306803681839824 -12.86003101129473 -14.023642322156 -14.290979210327638 -14.235569310979823 -14.077376205365923 -12.84052275293065 -12.870733999105934 -12.857716288089211 -12.885638510685055 -13.773870085883104 -12.848411082428404 -12.944092966563367 -12.520146392082196 -12.723691266231985 -13.015902523071041 -12.272096283503231 -12.865843423720857 -12.651570223672106 -11.25619558409795 -11.767380521022089 -10.760784867594884 -12.696541212281964
0.12024048096192384 -13.611781623916315 -13.410641275832287 -13.545708222753685 -13.55036887865218 -13.134612178979665 -13.25934949571586 -13.481045936457658 -14.456964098840093 -14.201523056774285 -14.324968664234863 -13.849236005555529 -13.603091082113316 -13.495806278177675 -13.784595395969365 -13.728817397715673 -14.244302251681706 -13.614481720917817 -13.61273629223211 -13.423633515390101 -13.5481609180321 -13.477395849428966 -13.231681717634789 -13.599969302546278 -13.507239384684642 -12.338695602956394 -12.803484339165719 -11.87472387980099 -13.49377723553113
0.18036072144288576 -13.847846438292848 -13.835811347925109 -13.90004100236542 -13.87393936850657 -13.626235538769471 -13.725683836078115 -13.658253281410666 -14.473136201856516 -13.783990044938882 -14.07097559351092 -13.342282932725244 -13.902736879649524 -13.677136924971375 -14.228565736346052 -14.099995389506567 -14.291693839228145 -13.917637253518647 -13.832197379279485 -13.847016751171086 -13.902312679553841 -13.516621724840547 -13.704282661582265 -13.878070321630123 -13.889747470760856 -12.918305569361353 -13.342909261542635 -12.481351702119666 -13.833170902819543
0.24048096192384769 -13.869479164318914 -14.044409925675723 -14.038086383305135 -13.987134585525034 -13.901341567462193 -13.975441529701964 -13.620999867825542 -14.27873952760308 -13.177150872421496 -13.632233276455032 -12.676134088312011 -13.985849610291751 -13.644532306766063 -14.456051944535748 -14.255285904090488 -14.127212931474322 -14.004669323672461 -13.8374260244907 -14.053822746161035 -14.03999485442366 -13.34373297534773 -13.96041594399927 -13.942864645403272 -14.05670493379489 -13.281345301123826 -13.665920596621335 -12.871158966146384 -13.96441721732998
0.3006012024048096 -13.739354329137239 -14.111946790528602 -14.030436955883765 -13.959173753040517 -14.040236926970557 -14.08707702102836 -13.427929582447497 -13.921624389074037 -12.398759285919766 -13.038839610315929 -11.867780046895987 -13.919198669372996 -13.457021444439711 -14.54392101789723 -14.266550917262137 -13.800769409545392 -13.942666904441834 -13.689980417167984 -14.119433799047574 -14.031753840249337 -13.00805065939894 -14.079014394138838 -13.860115342111943 -14.08081711403053 -13.514734850948694 -13.856399080781417 -13.13312736091605 -13.958101222803432
0.3607214428857715 -13.477939722003445 -14.06735618934647 -13.902672318618894 -13.81602577405653 -14.07526472227703 -14.091596420267098 -13.09666503860096 -13.412477042752293 -11.44171501908215 -12.294814030442662 -10.918776907549063 -13.725630979421528 -13.132652634270862 -14.52208727985295 -14.160388973484565 -13.32426625398351 -13.754817177323575 -13.409587181155995 -14.072693517256454 -13.903086255203903 -12.52099759269857 -14.091459313159067 -13.652756533519916 -13.989353953926784 -13.655641570972568 -13.949307718572095 -13.305905369974978 -13.841646044447327
0.42084168336673344 -13.090788088570768 -13.922482912571663 -13.66404828912744 -13.56846539963696 -14.021054096036352 -14.00251171877322 -12.63044681543268 -12.749433206130103 -10.292360891354932 -11.398889994547634 -9.83245110084344 -13.412157319450142 -12.675178898859322 -14.403210923577287 -13.947019430275091 -12.696634357026266 -13.448527212270596 -13.001239174286034 -13.92537313371216 -13.663129511299434 -11.88104947050606 -14.011608869484924 -13.328622808996187 -13.793145191687053 -13.722838902627712 -13.961525761418121 -13.409540739608355 -13.627428515941542
0.48096192384769537 -12.578172926567976 -13.682114434248671 -13.317415829550132 -13.22169670385918 -13.884646446624203 -13.82592953932205 -12.027649405138884 -11.927104900388006 -8.937923461311325 -10.353620288616217 -8.621413552387875 -12.979771902558525 -12.083595951134324 -14.192757736729071 -13.63024644495803 -11.912970418764843 -13.025254964930395 -12.464791674393627 -13.682201488195833 -13.314581478066643 -11.082856666226206 -13.845899814455844 -12.890146881064837 -13.496546931569391 -13.727013866983897 -13.902061596424796 -13.455867769101653 -13.322333908132897
0.5410821643286573 -11.941122267204314 -13.349456187806616 -12.86496288681823 -12.780725653296745 -13.67066319590343 -13.565841036884922 -11.288022500881294 -10.943151328369165 -7.373738812819382 -9.173184502803746 -7.3127537596273875 -12.429399240988534 -11.358365350029093 -13.894388731051965 -13.213137285757252 -10.971074716769486 -12.486434445443136 -11.801041709060822 -13.346348723509216 -12.859452164636078 -10.12382060902091 -13.598607139988896 -12.340169041119289 -13.103039809442532 -13.675525205450095 -13.776988191103266 -13.453163675065499 -12.932884825880802
0.6012024048096192 -11.181849206988392 -12.927200925842683 -12.309082607197865 -12.250736491215157 -13.382496738543104 -13.225275286896103 -10.412970983789062 -9.79800373523636 -5.601546525390584 -7.8819194641630475 -5.940712580627551 -11.76261039043353 -10.501706289943286 -13.511067275207076 -12.698939067468135 -9.871309231432967 -11.834198618734833 -11.012104903061726 -12.920492310795062 -12.299939737391732 -9.003940740873233 -13.273006791463615 -11.682404859357742 -12.616136180515483 -13.57369029038807 -13.590685344273632 -13.40747671468655 -12.465512429693106
0.6613226452905812 -10.312133417468665 -12.423605727747287 -11.659402521851092 -11.643328654177285 -13.027340930349016 -12.81175444978155 -9.414848471848593 -8.506063898207845 -3.6448896188118622 -6.521281126098888 -4.547418765123673 -10.989501980132463 -9.526697240012897 -13.050830688437742 -12.097754940992662 -8.627530827899108 -11.079113870298032 -10.110010315252342 -12.412922023442565 -11.64550864034279 -7.736932855805829 -12.876699986803466 -10.92889544263647 -12.04579432494512 -13.42819686471074 -13.349995063405993 -13.325543415950188 -11.932122526032813
0.721442885771543 -9.352971542186452 -11.852738416506039 -10.932824362848557 -10.975802626548035 -12.616541575563058 -12.337627588748852 -8.316603701200915 -7.09502245487327 -1.5469248218194336 -5.137183496973012 -3.166812321713873 -10.128718544319899 -8.456770122524983 -12.527052023551406 -11.426479662060817 -7.266548879199821 -10.24010866854846 -9.116317483239023 -11.837783272201268 -10.912971215771723 -6.349741768858106 -12.42192043324117 -10.099439887641264 -11.408310656694454 -13.247310967070687 -13.064517841774615 -13.214912208947032 -11.34918123596048
0.781563126252505 -8.330299949677027 -11.23201927502505 -10.15032761375906 -10.267818315196937 -12.163856603706957 -11.81806355750334 -7.147012824669768 -5.599815526058283 0.6393413603038107 -3.7646287558571774 -1.8154637933303195 -9.203795497426015 -7.320854082613909 -11.956169697240917 -10.705656412093145 -5.822343251293891 -9.34078052127372 -8.057694680614986 -11.212599415696527 -10.12331035228085 -4.876720503599827 -11.92356989704992 -9.217605681160848 -10.723292199024161 -13.039931126538258 -12.745331022523201 -13.0831784402093 -10.734608013982552
0.8416833667334669 -7.275129211741724 -10.582504547761609 -9.337157952050141 -9.541669484752209 -11.685860145397378 -11.271412431610539 -5.940813463714295 -4.062779575178563 2.8518300197949005 -2.4291827325961886 -0.5034643537817227 -8.243395118237206 -6.153334600629833 -11.357982294909707 -9.95951327481012 -4.336221072797024 -8.409523613280959 -6.966046763810478 -10.55855164595572 -9.301896263975475 -3.3598242174235082 -11.399557189663216 -8.310794309080531 -10.013735348905612 -12.816081349481008 -12.405453587830413 -12.938450075263786 -10.10809255846043
0.9018036072144289 -6.212592006829638 -9.921613425929738 -8.514029538859038 -8.814640810281489 -11.196315788504592 -10.712916503278631 -4.726331947657299 -2.5183337257598915 5.041602395618782 -1.142400727705723 0.7661470944694284 -7.271186288076231 -4.981931185398313 -10.748851638460827 -9.207672312920263 -2.841910144599169 -7.469603143112626 -5.86722755122997 -9.89316163807798 -8.469622732734656 -1.8334286949557743 -10.864703858600073 -7.400713206570373 -9.298150317597571 -12.583785374055035 -12.05557233785722 -12.786976754522408 -9.484461233732269
0.9619238476953907 -5.1568846727912465 -9.259601913595024 -7.692944553479268 -8.095878487223889 -10.703420370595182 -10.151627955054181 -3.5196787804225336 -0.9858332175662452 7.18243744459565 0.09546080860507944 1.996262633427485 -6.300952105455722 -3.8221858587507147 -10.138417734568545 -8.461360095124768 -1.35853887750373 -6.534466177619273 -4.775828109010032 -9.226744949871293 -7.638654959520643 -0.317117446319255 -10.327790320088752 -6.499233028756031 -8.587004872359838 -12.347686228736395 -11.702011558998072 -12.632230543298826 -8.871193762103804
1.0220440881763526 -4.121233805663387 -8.60610682305241 -6.885106548403623 -7.393878376089642 -10.214942567139396 -9.596102344977275 -2.3358919922835595 0.5165662657273986 9.251347915323308 1.2810055793616475 3.183979829446152 -5.3456560651745315 -2.6883712573153713 -9.535730346413615 -7.730831898944317 0.09596430280532042 -5.616610808780959 -3.7054413406775133 -8.568991643011028 -6.820389204749997 1.1707020248462996 -9.797078065298628 -5.617295480096232 -7.889897054689765 -12.11222994565073 -11.350792911200125 -12.47751192140443 -8.27517742153196
1.0821643286573146 -3.1010596348789576 -7.958737171451151 -6.087321570349857 -6.70458884319352 -9.729177712874773 -9.044385247571558 -1.1699250098675862 1.9955349332985153 11.259813281849699 2.4271492189262216 4.34168108451933 -4.401653934784549 -1.5753264094027524 -8.938582786702522 -7.013001841357991 1.5278258993470817 -4.7124179986282195 -2.6513255428166893 -7.917496959635706 -6.011677992678166 2.6362717509671363 -9.2706778930852 -4.7504161793454 -7.203671744774649 -11.876339273706387 -11.000598649172717 -12.321842572486473 -7.692406885486633
1.1422845691382766 -2.0897336166065195 -7.313593712959268 -5.294645719047768 -6.022773967573123 -9.243217178043537 -8.493184553942612 -0.014379339233122568 3.4605806806996853 13.223005440789702 3.546031706768549 5.4808679507481415 -3.4632547289569375 -0.47569871001404024 -8.343360886199857 -6.303233261768207 2.9460771053366375 -3.8163427213691543 -1.606634890056995 -7.268340556307056 -5.207586147623253 4.088730048786378 -8.74542831623895 -3.8924777336555216 -6.523712691597456 -11.638319194590386 -10.64921494449118 -12.16382824228578 -7.118005703454386
1.2024048096192383 -1.088932173699746 -6.6722901609703555 -4.508756155985587 -5.349251650836404 -8.758498223324658 -7.9440262796291705 1.1288057760243475 4.909537392785541 15.14076880513581 4.639012770872437 6.602103842437806 -2.532439509092346 0.6088953736293197 -7.75160170169154 -5.6029323397508906 4.348459020515357 -2.9302307332243744 -0.5730783998564704 -6.62314468182295 -4.409871373350889 5.525694504704397 -8.22280737838815 -3.0446369290776865 -5.851256298451499 -11.39908347344617 -10.297822374965547 -12.00413536778976 -6.552437711797676
1.2625250501002003 -0.0898260633263881 -6.02925561194402 -3.722797360904746 -4.677535766093914 -8.270751871974298 -7.3921179916753665 2.269560733946329 6.354949757451607 17.032109995948797 5.71789996856209 7.716677032127347 -1.6012754086778649 1.6881284390981361 -7.15812823346016 -4.905796906806519 5.747014336609187 -2.046453280442166 0.4584463955628415 -5.976310299389969 -3.6116389513946423 6.959424968865253 -7.698232743295552 -2.199057170452665 -5.180119496665032 -11.156212642628843 -9.943177080098556 -11.84087678796656 -5.989930628681837
1.3226452905811623 0.9122862414048782 -5.381635814563843 -2.9331934275715454 -4.004161475060446 -7.77783689403341 -6.8350305534547395 3.413175571571 7.803563911869791 18.90814102170263 6.789307360113259 8.830717353189069 -0.6656195538382129 2.767176138927297 -6.560302929860767 -4.20855821127794 7.148173933539795 -1.161066051211834 1.4927874824885734 -5.324970732790959 -2.809303353360839 8.396464481128856 -7.169408038717062 -1.35153515093279 -4.5070432063774035 -10.908553859765567 -9.583691474873424 -11.673166564171565 -5.427396863966543
1.3827655310621243 1.9137084789765524 -4.732228626095836 -2.1431135364460197 -3.331608222995648 -7.282082536204868 -6.275293439130145 4.555474171182902 9.250308878324542 20.764794574253916 7.850600822148515 9.94080454264228 0.27081964160649646 3.842222198050407 -5.960761960948978 -3.5139975820238094 8.546930426590354 -0.2776034601697017 2.5261468472398185 -4.671939960880849 -2.0061165382115576 9.831652493946628 -6.638785046997331 -0.5051240178620731 -3.8346510291566283 -10.657579716454586 -9.221240446813182 -11.502150780390872 -4.866872708791217
1.442885771543086 2.919678859618262 -4.077727979258796 -1.3484845839101034 -2.6561219758132104 -6.780962616990696 -5.710060753090822 5.702367500681626 10.702649464637464 22.613791659929717 8.908408471848812 11.053168789302049 1.2127655810659264 4.918993149064189 -5.35644189739812 -2.818416100693349 9.95044040608106 0.6084107927356921 3.5639191279874893 -4.01389828082344 -1.1979804086272061 11.272290751583096 -6.103675006782172 0.34477568062161623 -3.1592924908458464 -10.401909945292845 -8.853929849128262 -11.326782975675192 -4.305079952408271
1.503006012024048 3.9303266264790615 -3.4182638215540706 -0.5493349276560977 -1.977557940745669 -6.2746674557234705 -5.1395006787979725 6.8540068008610335 12.160858167133792 24.457482417342792 9.963788103823923 12.16829927677162 2.160166179320508 5.997745581859025 -4.747484519221948 -2.1217890711540237 11.358900223489677 1.496908196158844 4.606238604651018 -3.3509793118307485 -0.38495473963598315 12.718558556033592 -5.564274293825857 1.1983507710675845 -2.480894325912395 -10.14175373663427 -8.4819660505949 -11.147244802559333 -3.7418476155577096
1.56312625250501 4.9464597000952 -2.753478479390914 0.2548746482889719 -1.295312798797923 -5.762992062942178 -4.563346905044412 8.011312401061382 13.626148670951608 26.29918211999993 11.018402516105077 13.287355565934021 3.113629802481845 7.0794543976848665 -4.133574659656239 -1.4235846498278029 12.77342770466176 2.388446098774362 5.653936009278144 -2.682826882460727 0.4334787228225956 14.171582512200782 -5.020364592305633 2.0563552916263284 -1.798902404977074 -9.877082132425022 -8.105243461394094 -10.963536465002973 -3.1766246885589666
1.6232464929859718 5.966353735806251 -2.084716974214942 1.0626551452491029 -0.6105573299141298 -5.247080812886775 -3.9828313211543076 9.172350433288752 15.09615692556391 28.137548091965446 12.071215992194926 14.408680432871567 4.071394001801784 8.162412211100044 -3.5159819732734396 -0.7250482342162747 14.19169063007536 3.2813604724346517 6.705235931983271 -2.0107950141216513 1.2557786907608381 15.628951685329717 -4.473150179458862 2.917363965804096 -1.1145192790323044 -9.608650412564595 -7.724694876032244 -10.776261789392512 -2.610368723281411
1.6833667334669338 6.991531101483162 -1.4110937213797037 1.8751537666578777 0.07779114522135089 -4.726297307421543 -3.3972152843494463 10.338851728655499 16.573080373974634 29.97668074234022 13.124472458470073 15.534129853422836 5.034774724354285 9.248346772725565 -2.8938951599038374 -0.02510125855813139 15.615776501678294 4.176885152072656 7.7617012905261085 -1.3339970848850236 2.08308395046652 17.09279008568961 -3.921960005459866 3.7827222466302146 -0.4266825082210701 -9.336163562343918 -7.339869857312189 -10.585217926449351 -2.0421339513896974
