web/models/mosfit_kne/mosfit_kn_1.0000/mosfit_kn_0.009764_0.4373_1.0000.dat
# %ECSV 1.0
# ---
# datatype:
# - {name: time, datatype: float64}
# - {name: PS1_g, datatype: float64}
# - {name: PS1_i, datatype: float64}
# - {name: PS1_r, datatype: float64}
# - {name: PS1_w, datatype: float64}
# - {name: PS1_y, datatype: float64}
# - {name: PS1_z, datatype: float64}
# - {name: swift_uvot_B, datatype: float64}
# - {name: swift_uvot_U, datatype: float64}
# - {name: swift_uvot_uvm2, datatype: float64}
# - {name: swift_uvot_uvw1, datatype: float64}
# - {name: swift_uvot_uvw2, datatype: float64}
# - {name: swift_uvot_V, datatype: float64}
# - {name: johnson_B, datatype: float64}
# - {name: johnson_I, datatype: float64}
# - {name: johnson_R, datatype: float64}
# - {name: johnson_U, datatype: float64}
# - {name: johnson_V, datatype: float64}
# - {name: sdss_g, datatype: float64}
# - {name: sdss_i, datatype: float64}
# - {name: sdss_r, datatype: float64}
# - {name: sdss_u, datatype: float64}
# - {name: sdss_z, datatype: float64}
# - {name: ATLAS_c, datatype: float64}
# - {name: ATLAS_o, datatype: float64}
# - {name: ukirt_H, datatype: float64}
# - {name: ukirt_J, datatype: float64}
# - {name: ukirt_K, datatype: float64}
# - {name: Clear, datatype: float64}
# meta: !!omap
# - comment: [kappa = 1.0, type = rprocess, mass = 0.009763877790252312, velocity = 0.4373333333333333, theta_obs = 0.0, tfloor = 1000.0]
# schema: astropy-2.0
time PS1_g PS1_i PS1_r PS1_w PS1_y PS1_z swift_uvot_B swift_uvot_U swift_uvot_uvm2 swift_uvot_uvw1 swift_uvot_uvw2 swift_uvot_V johnson_B johnson_I johnson_R johnson_U johnson_V sdss_g sdss_i sdss_r sdss_u sdss_z ATLAS_c ATLAS_o ukirt_H ukirt_J ukirt_K Clear
[from data line 116]
7.034068136272545 8.50123185817683 -0.3805969550224475 3.0944738230154023 1.1265500115114158 -3.9037870035476985 -2.486111038700578 12.041138434741317 18.700082532636237 32.58867783666541 14.665665064710787 17.178681571190438 6.460748551047632 10.837201117775127 -1.9341102614443981 1.0359225052806018 17.669081353384495 5.505726215878879 9.313771959491284 -0.2993410029094612 3.3229624825118265 19.201188062811063 -3.0595386507225797 5.073550392758044 0.6211378681482493 -8.852774381463194 -6.703285085973503 -10.213063061936383 -1.1593440322499227
7.0941883767535066 8.522681012856044 -0.35914780034323357 3.1159229776946162 1.1479991661906297 -3.8823378488685023 -2.464661884021364 12.06258758942053 18.72153168731545 32.61012699134462 14.68711421939 17.200130725869652 6.482197705726828 10.85865027245434 -1.9126611067651842 1.0573716599598157 17.69053050806371 5.527175370558093 9.335221114170498 -0.27789184823024726 3.3444116371910404 19.222637217490277 -3.0380894960433658 5.094999547437258 0.6425870228274633 -8.83132522678398 -6.681835931294289 -10.19161390725717 -1.1378948775707265
7.154308617234468 8.543966879170082 -0.3378619340292133 3.1372088440086365 1.16928503250465 -3.8610519825544642 -2.443376017707344 12.083873455734551 18.74281755362947 32.63141285765865 14.708400085704039 17.221416592183672 6.503483572040866 10.879936138768361 -1.891375240451164 1.078657526273836 17.71181637437773 5.548461236872114 9.356506980484518 -0.2566059819162092 3.3656975035050785 19.243923083804297 -3.0168036297293277 5.116285413751278 0.6638728891415013 -8.81003936046996 -6.660550064980269 -10.170328040943131 -1.1166090112566884
7.214428857715431 8.565092952691007 -0.3167358605082704 3.1583349175295794 1.1904111060255929 -3.8399259090335214 -2.422249944186401 12.104999529255494 18.763943627150415 32.652538931179585 14.729526159224964 17.242542665704615 6.5246096455617915 10.901062212289304 -1.870249166930221 1.099783599794779 17.732942447898672 5.569587310393056 9.37763305400546 -0.2354799083952841 3.3868235770260036 19.26504915732524 -2.9956775562084026 5.137411487272221 0.6849989626624264 -8.788913286949017 -6.639423991459326 -10.149201967422206 -1.0954829377357633
7.274549098196393 8.586062770381648 -0.29576604281762897 3.179304735220203 1.2113809237162343 -3.8189560913428977 -2.4012801264957595 12.125969346946135 18.784913444841056 32.67350874887022 14.750495976915605 17.263512483395257 6.545579463252433 10.922032029979945 -1.8492793492395796 1.1207534174854203 17.753912265589296 5.59055712808368 9.398602871696085 -0.21451009070464266 3.407793394716645 19.286018975015864 -2.974707738517761 5.158381304962845 0.7059687803530679 -8.767943469258393 -6.618454173768702 -10.128232149731565 -1.074513120045122
7.3346693386773545 8.606879742794025 -0.2749490704052526 3.2001217076325794 1.2321978961285929 -3.7981391189305214 -2.380463154083383 12.146786319358512 18.805730417253415 32.694325721282596 14.771312949327982 17.284329455807633 6.566396435664809 10.942849002392322 -1.8284623768272033 1.141570389897779 17.774729238001672 5.6113741004960564 9.419419844108461 -0.19369311829226632 3.4286103671290213 19.30683594742824 -2.953890766105385 5.179198277375221 0.7267857527654442 -8.747126496846017 -6.597637201356326 -10.107415177319188 -1.0536961476327456
7.394789579158316 8.627547225670238 -0.2542815875290394 3.2207891905087926 1.252865379004806 -3.777471636054308 -2.35979567120717 12.167453802234725 18.826397900129628 32.71499320415881 14.791980432204195 17.304996938683846 6.5870639185410225 10.963516485268535 -1.80779489395099 1.16223787277401 17.795396720877886 5.63204158337227 9.440087326984674 -0.1730256354160531 3.4492778500052346 19.327503430304454 -2.9332232832291716 5.199865760251434 0.7474532356416574 -8.726459013969803 -6.576969718480113 -10.086747694442975 -1.0330286647565323
7.454909819639278 8.648068559373723 -0.23376025382555454 3.2413105242122953 1.2733867127083087 -3.7569503023508055 -2.339274337503685 12.18797513593821 18.84691923383313 32.7355145378623 14.81250176590768 17.32551827238733 6.607585252244525 10.98403781897202 -1.7872735602475052 1.1827592064774948 17.815918054581388 5.652562917075772 9.460608660688177 -0.15250430171256824 3.4697991837087194 19.348024764007956 -2.912701949525669 5.220387093954937 0.7679745693451423 -8.7059376802663 -6.55644838477661 -10.06622636073949 -1.0125073310530297
7.51503006012024 8.668454773932783 -0.21337403926651177 3.261696738771338 1.2937729272673515 -3.7365640877917627 -2.3188881229446423 12.208361350497253 18.867305448392173 32.755900752421354 14.83288798046674 17.345904486946374 6.627971466803568 11.004424033531063 -1.7668873456884624 1.2031454210365375 17.83630426914043 5.672949131634815 9.48099487524722 -0.1321180871535077 3.49018539826778 19.368410978567 -2.892315734966626 5.24077330851398 0.7883607839042028 -8.685551465707258 -6.536062170217567 -10.04584014618043 -0.9921211164939869
7.575150300601202 8.688688809305702 -0.19314000389359265 3.281930774144257 1.3140069626402706 -3.7163300524188436 -2.298654087571723 12.228595385870172 18.887539483765092 32.77613478779427 14.85312201583966 17.366138522319293 6.648205502176487 11.024658068903982 -1.7466533103155433 1.2233794564094567 17.85653830451335 5.693183167007734 9.501228910620139 -0.11188405178058858 3.510419433640699 19.388645013939918 -2.872081699593707 5.261007343886899 0.808594819277122 -8.665317430334339 -6.515828134844648 -10.02560611080751 -0.9718870811210678
7.635270541082164 8.708789127579433 -0.17303968561986238 3.3020310924179874 1.3341072809140009 -3.6962297341451134 -2.278553769297993 12.248695704143902 18.907639802038823 32.796235106067996 14.873222334113372 17.386238840593023 6.668305820450217 11.044758387177712 -1.726552992041813 1.243479774683187 17.87663862278708 5.7132834852814645 9.521329228893869 -0.09178373350685831 3.5305197519144116 19.40874533221365 -2.851981381319977 5.281107662160629 0.8286951375508522 -8.645217112060608 -6.495727816570918 -10.00550579253378 -0.9517867628473375
7.695390781563126 8.728757109789864 -0.15307170340941312 3.321999074628419 1.3540752631244501 -3.676261751934682 -2.2585857870875437 12.268663686354351 18.927607784249272 32.816203088278435 14.893190316323821 17.406206822803473 6.688273802660649 11.064726369388161 -1.7065850098313637 1.2634477568936362 17.896606604997512 5.733251467491896 9.5412972111043 -0.07181575129642681 3.550487734124861 19.428713314424098 -2.8320133991095453 5.3010756443710605 0.8486631197612837 -8.625249129850177 -6.4757598343604865 -9.985537810323349 -0.931818780636906
7.755511022044088 8.748595137865127 -0.1332336753341501 3.3418371027036997 1.3739132911997132 -3.656423723859401 -2.2387477590122806 12.288501714429614 18.947445812324535 32.836041116353705 14.913028344399084 17.426044850878736 6.708111830735912 11.084564397463424 -1.6867469817561007 1.2832857849688992 17.916444633072793 5.753089495567177 9.561135239179581 -0.051977723221163785 3.570325762200124 19.44855134249936 -2.8121753710342823 5.320913672446341 0.8685011478365467 -8.605411101774896 -6.455921806285206 -9.965699782248086 -0.911980752561643
7.8156312625250495 8.768305925996938 -0.11352288720233972 3.3615478908354923 1.3936240793315058 -3.6367129357276085 -2.2190369708804702 12.308212502561425 18.967156600456327 32.85575190448551 14.932739132530894 17.445755639010546 6.727822618867722 11.104275185595235 -1.6670361936242903 1.3029965731007096 17.936155421204585 5.772800283698969 9.580846027311374 -0.03226693508935341 3.5900365503319343 19.468262130631153 -2.792464582902472 5.340624460578134 0.8882119359683571 -8.585700313643104 -6.436211018153413 -9.945988994116275 -0.8922699644298326
7.875751503006012 8.787892293725985 -0.09393651947329218 3.3811342585645576 1.413210447060571 -3.617126567998543 -2.1994506031514227 12.327798870290472 18.986742968185393 32.87533827221456 14.952325500259942 17.465342006739593 6.74740898659677 11.123861553324282 -1.6474498258952428 1.3225829408297571 17.95574178893365 5.792386651428035 9.600432395040439 -0.012680567360305872 3.609622918060982 19.48784849836022 -2.7728782151734244 5.360210828307199 0.9077983036974047 -8.566113945914038 -6.416624650424348 -9.926402626387228 -0.8726835967007851
7.935871743486974 8.807357091886026 -0.07447172131326951 3.4005990567245803 1.4326752452205938 -3.5976617698385205 -2.1799858049914 12.347263668450495 19.006207766345415 32.8948030703746 14.971790298419965 17.484806804899616 6.76687378475681 11.143326351484305 -1.6279850277352201 1.3420477389897798 17.975206587093673 5.811851449588057 9.619897193200462 0.0067842307997345586 3.6290877162210045 19.50731329652024 -2.753413417013384 5.379675626467222 0.9272631018574451 -8.546649147754016 -6.397159852264325 -9.906937828227187 -0.8532187985407447
7.995991983967936 8.826703096160617 -0.05512571703865987 3.419945060999172 1.4520212494952034 -3.5783157655639286 -2.1606398007167904 12.366609672725104 19.025553770620025 32.91414907464919 14.991136302694574 17.504152809174226 6.786219789031402 11.162672355758914 -1.6086390234606105 1.3613937432643894 17.994552591368265 5.831197453862649 9.639243197475054 0.026130235074326436 3.648433720495614 19.52665930079485 -2.734067412738792 5.3990216307418315 0.946609106132037 -8.527303143479424 -6.377813847989733 -9.887591823952596 -0.8338727942661528
8.056112224448897 8.845933103437282 -0.035895709761994965 3.439175068275837 1.4712512567718683 -3.5590857582872637 -2.1414097934401255 12.38583968000177 19.04478377789669 32.93337908192586 15.01036630997124 17.52338281645089 6.805449796308067 11.18190236303558 -1.5894090161839456 1.3806237505410544 18.01378259864493 5.850427461139314 9.658473204751736 0.04536024235099134 3.667663727772279 19.545889308071516 -2.714837405462127 5.418251638018496 0.9658391134087019 -8.508073136202759 -6.358583840713068 -9.86836181667593 -0.8146427869894879
8.11623246492986 8.86504982912621 -0.016778984073066994 3.458291793964783 1.4903679824607963 -3.539969032598318 -2.1222930677511975 12.404956405690697 19.063900503585618 32.95249580761479 15.029483035660167 17.54249954213982 6.824566521997013 11.201019088724507 -1.5702922904950176 1.3997404762299823 18.032899324333876 5.86954418682826 9.677589930440664 0.06447696803991931 3.686780453461207 19.565006033760444 -2.695720679773199 5.437368363707424 0.9849558390976298 -8.488956410513813 -6.339467115024123 -9.849245090987003 -0.7955260613005599
8.176352705410821 8.884055900188805 0.0022270869895280043 3.47729786502736 1.5093740535233735 -3.5209629615357407 -2.1032869966886025 12.423962476753292 19.082906574648195 32.97150187867738 15.048489106722762 17.561505613202414 6.84357259305959 11.220025159787102 -1.5512862194324226 1.4187465472925596 18.051905395396453 5.888550257890837 9.696596001503242 0.08348303910251431 3.705786524523802 19.58401210482302 -2.676714608710604 5.456374434770002 1.0039619101602248 -8.469950339451236 -6.320461043961545 -9.830239019924408 -0.7765199902379649
8.236472945891784 8.902953964925953 0.021125151726675284 3.496195929764525 1.5282721182605385 -3.5020648967985757 -2.0843889319514552 12.44286054149044 19.10180463938536 32.99039994341453 15.06738717145991 17.58040367793956 6.862470657796755 11.23892322452425 -1.5323881546952753 1.4376446120297246 18.070803460133618 5.907448322628002 9.715494066240407 0.10238110383966159 3.7246845892609493 19.602910169560186 -2.657816543973439 5.475272499507167 1.0228599748973721 -8.45105227471407 -6.30156297922438 -9.811340955187243 -0.7576219255007999
8.296593186372744 8.921746571934257 0.039917758734979714 3.5149885367728295 1.547064725268843 -3.4832722897902713 -2.065596324943151 12.461653148498744 19.120597246393665 33.00919255042284 15.086179778468214 17.599196284947865 6.881263264805059 11.257715831532554 -1.513595547686971 1.456437219038029 18.089596067141922 5.9262409296363066 9.734286673248711 0.12117371084798378 3.7434771962692537 19.62170277656849 -2.6390239369651347 5.494065106515471 1.0416525819056766 -8.432259667705766 -6.282770372216076 -9.792548348178938 -0.7388293184924954
8.356713426853707 8.940436200031971 0.058607386832694175 3.533678164870544 1.5657543533665574 -3.464582661692557 -2.0469066968454364 12.480342776596459 19.13928687449138 33.02788217852055 15.104869406565928 17.61788591304558 6.899952892902774 11.276405459630269 -1.4949059195892564 1.4751268471357435 18.108285695239637 5.944930557734021 9.752976301346425 0.13986333894569825 3.762166824366968 19.640392404666205 -2.6203343088674202 5.5127547346131855 1.060342210003391 -8.413570039608052 -6.2640807441183615 -9.773858720081224 -0.720139690394781
8.41683366733467 8.959025322090373 0.0771965088910953 3.552267286928945 1.5843434754249586 -3.4459935396341734 -2.0283175747870352 12.49893189865486 19.15787599654978 33.04647130057895 15.12345852862433 17.63647503510398 6.918542014961157 11.29499458168867 -1.4763167975308553 1.4937159691941446 18.12687481729802 5.963519679792422 9.771565423404827 0.1584524610040816 3.7807559464253693 19.658981526724606 -2.601745186809037 5.531343856671587 1.0789313320617921 -8.39498091754965 -6.24549162205996 -9.75526959802284 -0.7015505683363976
8.47695390781563 8.9775163281268 0.0956875149275227 3.5707582929653547 1.6028344814613682 -3.427502533597746 -2.009826568750608 12.517422904691287 19.17636700258619 33.06496230661537 15.141949534660757 17.65496604114041 6.937033020997585 11.313485587725097 -1.457825791494428 1.512206975230572 18.145365823334448 5.982010685828832 9.790056429441236 0.176943467040509 3.7992469524617967 19.677472532761016 -2.5832541807726095 5.549834862707996 1.0974223380982195 -8.376489911513241 -6.227000616023551 -9.736778591986413 -0.6830595622999702
8.537074148296593 8.995911549368465 0.11408273616918763 3.5891535142070197 1.6212297027030331 -3.409107312356081 -1.991431347508943 12.535818125932952 19.194762223827865 33.08335752785704 15.160344755902422 17.673361262382073 6.9554282422392495 11.331880808966762 -1.439430570252763 1.530602196472237 18.163761044576113 6.000405907070497 9.808451650682901 0.19533868828217393 3.8176421737034616 19.69586775400268 -2.5648589595309446 5.568230083949661 1.1158175593398845 -8.358094690271576 -6.208605394781886 -9.718383370744748 -0.6646643410583053
8.597194388777554 9.014213283152195 0.13238446995291753 3.6074552479907496 1.6395314364867808 -3.390805578572351 -1.973129613725213 12.554119859716682 19.213063957611595 33.10165926164077 15.178646489686152 17.691662996165803 6.973729976022979 11.350182542750492 -1.421128836469033 1.5489039302559668 18.182062778359843 6.018707640854227 9.826753384466631 0.21364042206590383 3.8359439074871915 19.714169487786428 -2.5465572257472147 5.586531817733391 1.1341192931236144 -8.339792956487846 -6.190303660998156 -9.700081636961018 -0.6463626072745754
8.657314629258517 9.03242376495717 0.15059495175789195 3.6256657297957418 1.6577419182917552 -3.372595096767359 -1.9549191319202386 12.572330341521656 19.231274439416577 33.11986974344575 15.196856971491126 17.709873477970778 6.991940457827972 11.368393024555466 -1.4029183546640587 1.5671144120609413 18.200273260164835 6.036918122659219 9.844963866271623 0.23185090387087826 3.854154389292166 19.732379969591403 -2.5283467439422402 5.604742299538383 1.1523297749285888 -8.321582474682854 -6.172093179193164 -9.681871155156044 -0.6281521254695832
