web/models/mosfit_kne/mosfit_kn_1.0000/mosfit_kn_0.095333_0.4373_1.0000.dat
# %ECSV 1.0
# ---
# datatype:
# - {name: time, datatype: float64}
# - {name: PS1_g, datatype: float64}
# - {name: PS1_i, datatype: float64}
# - {name: PS1_r, datatype: float64}
# - {name: PS1_w, datatype: float64}
# - {name: PS1_y, datatype: float64}
# - {name: PS1_z, datatype: float64}
# - {name: swift_uvot_B, datatype: float64}
# - {name: swift_uvot_U, datatype: float64}
# - {name: swift_uvot_uvm2, datatype: float64}
# - {name: swift_uvot_uvw1, datatype: float64}
# - {name: swift_uvot_uvw2, datatype: float64}
# - {name: swift_uvot_V, datatype: float64}
# - {name: johnson_B, datatype: float64}
# - {name: johnson_I, datatype: float64}
# - {name: johnson_R, datatype: float64}
# - {name: johnson_U, datatype: float64}
# - {name: johnson_V, datatype: float64}
# - {name: sdss_g, datatype: float64}
# - {name: sdss_i, datatype: float64}
# - {name: sdss_r, datatype: float64}
# - {name: sdss_u, datatype: float64}
# - {name: sdss_z, datatype: float64}
# - {name: ATLAS_c, datatype: float64}
# - {name: ATLAS_o, datatype: float64}
# - {name: ukirt_H, datatype: float64}
# - {name: ukirt_J, datatype: float64}
# - {name: ukirt_K, datatype: float64}
# - {name: Clear, datatype: float64}
# meta: !!omap
# - comment: [kappa = 1.0, type = rprocess, mass = 0.09533330950298248, velocity = 0.4373333333333333, theta_obs = 0.0, tfloor = 1000.0]
# schema: astropy-2.0
time PS1_g PS1_i PS1_r PS1_w PS1_y PS1_z swift_uvot_B swift_uvot_U swift_uvot_uvm2 swift_uvot_uvw1 swift_uvot_uvw2 swift_uvot_V johnson_B johnson_I johnson_R johnson_U johnson_V sdss_g sdss_i sdss_r sdss_u sdss_z ATLAS_c ATLAS_o ukirt_H ukirt_J ukirt_K Clear
[from data line 406]
24.468937875751504 8.58418008687833 -0.2976487263209471 3.1774220517169027 1.2094982402129162 -3.820838774846216 -2.4031628099990776 12.124086663442817 18.783030761337738 32.67162606536691 14.748613293412287 17.26162979989194 6.543696779749115 10.920149346476627 -1.8511620327428977 1.1188707339821022 17.752029582085996 5.58867444458038 9.396720188192784 -0.21639277420796077 3.405910711213327 19.284136291512564 -2.9765904220210793 5.156498621459544 0.7040860968497498 -8.769826152761693 -6.620336857272003 -10.130114833234883 -1.07639580354844
24.529058116232463 8.591097794601552 -0.290731018597743 3.184339759440107 1.2164159479361203 -3.813921067122994 -2.3962451022758735 12.131004371166021 18.789948469060942 32.67854377309012 14.755531001135509 17.26854750761516 6.550614487472337 10.927067054199831 -1.8442443250196936 1.1257884417053063 17.7589472898092 5.595592152303584 9.403637895915988 -0.2094750664847389 3.4128284189365488 19.291053999235768 -2.9696727142978574 5.163416329182748 0.7110038045729716 -8.762908445038489 -6.613419149548799 -10.12319712551166 -1.0694780958252181
24.589178356713425 8.59800119151716 -0.28382762168211784 3.191243156355732 1.2233193448517454 -3.807017670207369 -2.3893417053602484 12.137907768081647 18.796851865976567 32.68544717000574 14.762434398051116 17.275450904530768 6.557517884387962 10.933970451115457 -1.8373409281040685 1.1326918386209315 17.765850686724825 5.602495549219209 9.410541292831613 -0.20257166956913153 3.419731815852156 19.297957396151393 -2.96276931738225 5.1703197260983735 0.717907201488579 -8.756005048122864 -6.6065157526331735 -10.116293728596036 -1.062574698909593
24.649298597194388 8.604890374408392 -0.27693843879088575 3.1981323392469463 1.2302085277429775 -3.8001284873161545 -2.3824525224690163 12.144796950972879 18.8037410488678 32.69233635289697 14.769323580942348 17.282340087422 6.564407067279176 10.940859634006689 -1.8304517452128364 1.1395810215121636 17.77273986961604 5.609384732110423 9.417430475722846 -0.19568248667789945 3.426620998743388 19.304846579042625 -2.955880134491018 5.177208908989606 0.7247963843798111 -8.74911586523165 -6.599626569741959 -10.109404545704821 -1.0556855160183787
24.70941883767535 8.611765450163222 -0.27006336303605494 3.205007415001795 1.2370836034978083 -3.793253411561306 -2.3755774467141855 12.15167202672771 18.81061612462263 32.6992114286518 14.77619865669718 17.28921516317683 6.571282143034025 10.94773470976152 -1.8235766694580056 1.1464560972669944 17.779614945370888 5.616259807865272 9.424305551477676 -0.18880741092306863 3.433496074498219 19.311721654797456 -2.949005058736187 5.184083984744436 0.7316714601346419 -8.742240789476801 -6.592751493987111 -10.10252946994999 -1.04881044026353
24.769539078156313 8.61862651552002 -0.2632022976792747 3.211868480358575 1.2439446688545885 -3.7863923462045257 -2.3687163813574053 12.15853309208449 18.81747718997941 32.70607249400858 14.78305972205396 17.29607622853361 6.578143208390805 10.9545957751183 -1.8167156041012253 1.1533171626237746 17.786476010727668 5.623120873222052 9.431166616834457 -0.18194634556627065 3.4403571398549992 19.318582720154236 -2.942143993379389 5.190945050101217 0.7385325254914399 -8.73537972412002 -6.58589042863033 -10.095668404593193 -1.0419493749067499
24.829659318637272 8.62547367152139 -0.2563551416779042 3.2187156363599456 1.250791824855959 -3.779545190203155 -2.3618692253560347 12.16538024808586 18.82432434598078 32.71291965000995 14.789906878055348 17.30292338453498 6.584990364392175 10.96144293111967 -1.8098684480998548 1.1601643186251451 17.79332316672904 5.629968029223423 9.438013772835827 -0.17509918956490012 3.44720429585637 19.325429876155606 -2.9352968373780186 5.197792206102587 0.7453796814928104 -8.72853256811865 -6.57904327262896 -10.088821248591822 -1.0351022189053793
24.889779559118235 8.632307024853851 -0.2495217883454437 3.225548989692406 1.2576251781884196 -3.7727118368706947 -2.3550358720235742 12.17221360141832 18.83115769931324 32.719753003342426 14.796740231387808 17.309756737867442 6.591823717724636 10.96827628445213 -1.8030350947673943 1.1669976719576056 17.8001565200615 5.636801382555883 9.444847126168288 -0.16826583623243963 3.454037649188848 19.332263229488067 -2.928463484045558 5.204625559435048 0.7522130348252709 -8.72169921478619 -6.572209919296499 -10.081987895259362 -1.0282688655729189
24.949899799599198 8.639126662249037 -0.24270215095024028 3.2323686270875918 1.2644448155836052 -3.765892199475509 -2.348216234628371 12.179033238813524 18.837977336708427 32.72657264073761 14.803559868782994 17.316576375262645 6.598643355119822 10.975095921847334 -1.796215457372191 1.173817309352809 17.806976157456685 5.643621019951069 9.451666763563473 -0.16144619883725397 3.4608572865840337 19.339082866883253 -2.9216438466503725 5.211445196830233 0.7590326722204566 -8.714879577391004 -6.565390281901314 -10.075168257864176 -1.0214492281777332
25.01002004008016 8.64593269011575 -0.2358961230835277 3.2391746549543043 1.2712508434503356 -3.7590861716087964 -2.3414102067616582 12.185839266680237 18.844783364575157 32.733378668604324 14.810365896649706 17.323382403129358 6.605449382986534 10.981901949714047 -1.7894094295054783 1.1806233372195216 17.813782185323397 5.650427047817781 9.458472791430186 -0.1546401709705414 3.4676633144507463 19.345888894749983 -2.91483781878366 5.218251224696964 0.7658387000871691 -8.708073549524292 -6.558584254034601 -10.068362229997463 -1.0146432003110206
25.07014028056112 8.65272521287988 -0.22910360031939803 3.245967177718452 1.2780433662144652 -3.752293648844649 -2.3346176839975286 12.192631789444366 18.851575887339287 32.74017119136846 14.817158419413836 17.330174925893488 6.612241905750682 10.988694472478176 -1.7826169067413487 1.1874158599836513 17.820574708087545 5.657219570581929 9.465265314194333 -0.14784764820641172 3.474455837214876 19.352681417514113 -2.90804529601953 5.225043747461093 0.7726312228512988 -8.701281026760144 -6.551791731270454 -10.061569707233334 -1.007850677546891
25.130260521042082 8.659504322570193 -0.22232449062908444 3.2527462874087476 1.2848224759047788 -3.745514539154353 -2.327838574307215 12.19941089913468 18.8583549970296 32.746950301058774 14.82393752910415 17.3369540355838 6.619021015440977 10.99547358216849 -1.775837797051035 1.1941949696739649 17.82735381777784 5.663998680272242 9.472044423884647 -0.14106853851609813 3.4812349469051895 19.359460527204426 -2.9012661863292166 5.231822857151407 0.7794103325416124 -8.694501917069848 -6.545012621580158 -10.05479059754302 -1.0010715678565774
25.190380761523045 8.666270122623718 -0.2155586905755591 3.2595120874622907 1.2915882759583042 -3.738748739100828 -2.3210727742536896 12.206176699188205 18.865120797083126 32.753716101112296 14.830703329157675 17.343719835637327 6.625786815494503 11.002239382222015 -1.7690719969975097 1.2009607697274902 17.834119617831366 5.670764480325768 9.478810223938172 -0.1343027384625728 3.488000746958715 19.36622632725795 -2.8945003862756913 5.238588657204932 0.7861761325951377 -8.687736117016305 -6.538246821526615 -10.048024797489495 -0.994305767803052
25.250501002004007 8.673023517354501 -0.20880529584477614 3.2662654821930737 1.2983416706890871 -3.731995344370027 -2.3143193795229067 12.212930093918988 18.87187419181391 32.76046949584308 14.837456723888458 17.35047323036811 6.6325402102253035 11.008992776952798 -1.7623186022667268 1.2077141644582732 17.840873012562167 5.677517875056551 9.485563618668955 -0.12754934373178983 3.494754141689498 19.372979721988735 -2.8877469915449083 5.245342051935715 0.7929295273259207 -8.680982722285522 -6.531493426795832 -10.041271402758712 -0.9875523730722513
25.31062124248497 8.679762758281644 -0.2020660549176334 3.2730047231201986 1.305080911616212 -3.725256103442902 -2.307580138595764 12.219669334846131 18.878613432741034 32.767208736770215 14.8441959648156 17.357212471295252 6.6392794511524285 11.015732017879923 -1.755579361339584 1.2144534053853981 17.84761225348929 5.684257115983676 9.49230285959608 -0.1208101028046471 3.5014933826166406 19.37971896291586 -2.8810077506177656 5.25208129286284 0.7996687682530634 -8.674243481358397 -6.524754185868707 -10.034532161831569 -0.9808131321451263
25.37074148296593 8.686489033956182 -0.19533977924309553 3.2797309987947365 1.3118071872907677 -3.7185298277683643 -2.300853862921226 12.226395610520669 18.88533970841559 32.77393501244475 14.850922240490139 17.36393874696979 6.646005726826966 11.022458293554479 -1.7488530856650462 1.2211796810599538 17.85433852916383 5.6909833916582135 9.499029135270618 -0.11408382713010923 3.5082196582911784 19.386445238590415 -2.8742814749432277 5.258807568537396 0.8063950439276013 -8.66751720568386 -6.518027910194169 -10.027805886157031 -0.9740868564705885
25.430861723446892 8.693202413627787 -0.18862639957148986 3.286444378466342 1.3185205669623556 -3.7118164480967586 -2.2941404832496204 12.233108990192274 18.892053088087177 32.780648392116355 14.857635620161744 17.370652126641396 6.652719106498572 11.029171673226067 -1.7421397059934405 1.2278930607315417 17.861051908835435 5.697696771329819 9.505742514942224 -0.10737044745850355 3.514933037962784 19.393158618262003 -2.867568095271622 5.265520948208984 0.813108423599207 -8.660803826012254 -6.511314530522563 -10.021092506485425 -0.9673734767989828
25.490981963927855 8.699902992469433 -0.18192582072984465 3.293144957308005 1.3252211458040186 -3.7051158692551134 -2.287439904407975 12.23980956903392 18.89875366692884 32.787348970958014 14.86433619900339 17.37735270548304 6.659419685340217 11.03587225206773 -1.7354391271517953 1.2345936395732047 17.867752487677098 5.704397350171482 9.512443093783887 -0.10066986861685834 3.5216336168044293 19.399859197103666 -2.860867516429977 5.272221527050647 0.8198090024408522 -8.65410324717059 -6.5046139516809 -10.01439192764378 -0.9606728979573376
25.551102204408817 8.70659085184407 -0.17523796135522574 3.299832816682624 1.3319090051786375 -3.6984280098804767 -2.2807520450333563 12.246497428408556 18.90544152630346 32.79403683033264 14.871024058378026 17.384040564857678 6.666107544714854 11.042560111442349 -1.7287512677771586 1.2412814989478236 17.874440347051717 5.711085209546101 9.519130953158506 -0.09398200924222166 3.528321476179066 19.406547056478285 -2.85417965705534 5.278909386425266 0.8264968618154889 -8.647415387795972 -6.497926092306281 -10.007704068269144 -0.9539850385827009
25.61122244488978 8.7132660802936 -0.16856273290567714 3.3065080451321727 1.3385842336281861 -3.691752781430946 -2.2740768165838077 12.253172656858087 18.912116754753008 32.80071205878218 14.877699286827557 17.39071579330721 6.672782773164385 11.049235339891897 -1.7220760393276278 1.2479567273973722 17.881115575501266 5.71776043799565 9.525806181608054 -0.08730678079269083 3.534996704628597 19.413222284927834 -2.8475044286058093 5.285584614874814 0.8331720902650197 -8.640740159346423 -6.491250863856733 -10.001028839819613 -0.9473098101331701
25.67134268537074 8.719928764969787 -0.16190004822950854 3.3131707298083413 1.3452469183043547 -3.6850900967547595 -2.267414131907639 12.259835341534256 18.918779439429176 32.80737474345836 14.884361971503743 17.397378477983377 6.679445457840571 11.055898024568066 -1.7154133546514592 1.2546194120735408 17.887778260177434 5.724423122671818 9.532468866284223 -0.08064409611650447 3.541659389304783 19.419884969604002 -2.840841743929623 5.292247299550983 0.8398347749412061 -8.634077474670255 -6.484588179180564 -9.994366155143426 -0.9406471254569837
25.7314629258517 8.726578994716547 -0.15524981848273 3.31982095955512 1.3518971480511333 -3.678439867007981 -2.2607639021608605 12.266485571281034 18.925429669175955 32.81402497320513 14.891012201250504 17.404028707730156 6.68609568758735 11.062548254314844 -1.7087631249046806 1.2612696418203193 17.894428489924213 5.731073352418597 9.539119096031001 -0.07399386636972594 3.548309619051544 19.42653519935078 -2.8341915141828444 5.298897529297761 0.8464850046879668 -8.627427244923476 -6.477937949433786 -9.987715925396648 -0.9339968957102052
25.791583166332664 8.733216857293797 -0.14861195590547993 3.326458822132352 1.3585350106283833 -3.6718020044307487 -2.2541260395836105 12.273123433858284 18.932067531753205 32.820662835782365 14.897650063827754 17.410666570307406 6.692733550164582 11.069186116892094 -1.7021252623274306 1.2679075043975694 17.901066352501445 5.737711214995829 9.545756958608234 -0.06735600379249362 3.554947481628794 19.43317306192803 -2.827553651605612 5.305535391875011 0.8531228672652169 -8.620789382346244 -6.471300086856553 -9.981078062819416 -0.9273590331329729
25.851703406813627 8.73984243915503 -0.1419863740442473 3.3330844039935847 1.3651605924895982 -3.665176422569516 -2.247500457722378 12.279749015719517 18.93869311361442 32.8272884176436 14.904275645688987 17.41729215216864 6.699359132025815 11.07581169875331 -1.695499680466198 1.2745330862587843 17.907691934362678 5.744336796857062 9.552382540469466 -0.06073042193126099 3.5615730634900267 19.439798643789246 -2.8209280697443795 5.312160973736226 0.8597484491264495 -8.614163800485011 -6.464674504995321 -9.974452480958183 -0.9207334512717402
25.91182364729459 8.746455823765693 -0.135372989433602 3.339697788604248 1.3717739771002613 -3.658563037958853 -2.2408870731117325 12.286362400330162 18.945306498225083 32.83390180225425 14.910889030299632 17.423905536779284 6.705972516636478 11.082425083363972 -1.6888862958555526 1.2811464708694473 17.91430531897334 5.750950181467725 9.55899592508013 -0.054117037320597916 3.568186448100672 19.44641202839991 -2.8143146851337164 5.318774358346889 0.8663618337371126 -8.607550415874348 -6.458061120384658 -9.96783909634752 -0.9141200666610771
25.97194388777555 8.753057109344784 -0.12877170385449332 3.3462990741833387 1.37837526267937 -3.651961752379762 -2.234285787532624 12.292963685909271 18.95190778380419 32.840503087833355 14.91749031587874 17.430506822358392 6.7125738022155685 11.089026368943081 -1.682285010276444 1.287747756448556 17.92090660455243 5.757551467046816 9.565597210659238 -0.04751575174150702 3.5747877336797806 19.453013313979017 -2.8077133995546255 5.325375643925998 0.8729631193162035 -8.600949130295257 -6.451459834805567 -9.961237810768429 -0.9075187810819862
26.03206412825651 8.759646381678454 -0.12218243152082309 3.352888346517009 1.3849645350130402 -3.645372480046092 -2.2276965151989536 12.299552958242941 18.958497056137862 32.847092360167025 14.924079588212411 17.437096094692063 6.719163074549239 11.095615641276751 -1.6756957379427737 1.2943370287822262 17.927495876886102 5.764140739380486 9.57218648299289 -0.04092647940783678 3.581377006013451 19.459602586312688 -2.8011241272209553 5.331964916259668 0.8795523916498738 -8.594359857961587 -6.4448705624718965 -9.954648538434759 -0.900929508748316
26.092184368737474 8.766223728421263 -0.11560508477801434 3.3594656932598355 1.391541881755849 -3.6387951333032653 -2.221119168456145 12.30613030498575 18.96507440288067 32.85366970690984 14.93065693495522 17.44367344143487 6.725740421292065 11.10219298801956 -1.669118391199965 1.300914375525035 17.93407322362893 5.7707180861233125 9.578763829735717 -0.03434913266502804 3.5879543527562596 19.466179933055496 -2.7945467804781465 5.338542263002477 0.8861297383926825 -8.58778251121876 -6.43829321572907 -9.94807119169195 -0.8943521620054895
