web/models/mosfit_kne/mosfit_kn_1.0000/mosfit_kn_0.406447_0.0613_1.0000.dat
# %ECSV 1.0
# ---
# datatype:
# - {name: time, datatype: float64}
# - {name: PS1_g, datatype: float64}
# - {name: PS1_i, datatype: float64}
# - {name: PS1_r, datatype: float64}
# - {name: PS1_w, datatype: float64}
# - {name: PS1_y, datatype: float64}
# - {name: PS1_z, datatype: float64}
# - {name: swift_uvot_B, datatype: float64}
# - {name: swift_uvot_U, datatype: float64}
# - {name: swift_uvot_uvm2, datatype: float64}
# - {name: swift_uvot_uvw1, datatype: float64}
# - {name: swift_uvot_uvw2, datatype: float64}
# - {name: swift_uvot_V, datatype: float64}
# - {name: johnson_B, datatype: float64}
# - {name: johnson_I, datatype: float64}
# - {name: johnson_R, datatype: float64}
# - {name: johnson_U, datatype: float64}
# - {name: johnson_V, datatype: float64}
# - {name: sdss_g, datatype: float64}
# - {name: sdss_i, datatype: float64}
# - {name: sdss_r, datatype: float64}
# - {name: sdss_u, datatype: float64}
# - {name: sdss_z, datatype: float64}
# - {name: ATLAS_c, datatype: float64}
# - {name: ATLAS_o, datatype: float64}
# - {name: ukirt_H, datatype: float64}
# - {name: ukirt_J, datatype: float64}
# - {name: ukirt_K, datatype: float64}
# - {name: Clear, datatype: float64}
# meta: !!omap
# - comment: [kappa = 1.0, type = rprocess, mass = 0.4064473885499596, velocity = 0.061333333333333344, theta_obs = 0.0, tfloor = 1000.0]
# schema: astropy-2.0
time PS1_g PS1_i PS1_r PS1_w PS1_y PS1_z swift_uvot_B swift_uvot_U swift_uvot_uvm2 swift_uvot_uvw1 swift_uvot_uvw2 swift_uvot_V johnson_B johnson_I johnson_R johnson_U johnson_V sdss_g sdss_i sdss_r sdss_u sdss_z ATLAS_c ATLAS_o ukirt_H ukirt_J ukirt_K Clear
[from data line 282]
17.014028056112224 -7.49538934340487 -11.588286162856498 -10.025596333231874 -10.425890466650785 -13.027874308735452 -12.477796689661265 -5.861970390182015 -3.3362822562833117 4.817115785715999 -2.247215719348325 -0.34634160667505 -8.637359162892075 -6.16325085790875 -12.4658057671794 -10.792086909622906 -3.707760686664916 -8.869955305960032 -7.115224370060638 -11.555538911849368 -9.971564033601368 -2.667178279168425 -12.65333645485617 -8.83383750351138 -10.916862072764992 -14.665684347509696 -14.022963203367256 -14.948175849844938 -11.198527393284206
17.074148296593187 -7.450675161442675 -11.560764265635068 -9.991128642447773 -10.396046961591772 -13.007758641273028 -12.45467870413318 -5.810625851286161 -3.2706557862353236 4.908768975007846 -2.195209385116623 -0.2944576538256203 -8.596316086760922 -6.1140556046719965 -12.440553430111578 -10.760991214453075 -3.6442827764530894 -8.8305206601456 -7.068949272015388 -11.52782495190836 -9.936645549326784 -2.6022309446863723 -12.631308926928035 -8.795952974570493 -10.887288474272658 -14.65687226725359 -14.008979741251062 -14.942958314770783 -11.173374311355655
17.13426853707415 -7.409343931117451 -11.535502151767894 -9.959374632355757 -10.368626704617565 -12.989420440756465 -12.433533144799434 -5.7630945298001555 -3.2097713862330934 4.993936386906161 -2.1471101411525058 -0.24645519046146402 -8.558411434849955 -6.068541165395661 -12.41741394070661 -10.732397442222059 -3.5854069580460934 -8.794125446560999 -7.026158939192211 -11.502383355604291 -9.904468692379229 -2.541979283489333 -12.611184664620332 -8.761012410265945 -10.860116049800101 -14.649105915522785 -13.996376731474276 -14.938554853208588 -11.150344485869148
17.19438877755511 -7.358378792700098 -11.503754199686345 -9.919863144512728 -10.334312675902275 -12.965954772780357 -12.406708644214692 -5.7047110091077 -3.135413503854103 5.097279397795888 -2.0881109648648173 -0.18754937011801287 -8.511538242270593 -6.012579809025937 -12.388206139779154 -10.696676142711514 -3.513451666689218 -8.749065135396277 -6.973448647651068 -11.47042080206818 -9.864449614908697 -2.468375553082147 -12.585584180556246 -8.7176989942175 -10.826092852503244 -14.638291675399003 -13.979774365410245 -14.931766325028553 -11.12128913919431
17.25450901803607 -7.311208262432594 -11.474542384452864 -9.883396385304586 -10.302717363700324 -12.944484730086181 -12.38209827095746 -5.650604344011177 -3.0663733611252297 5.1933521838412995 -2.0334908046455165 -0.13299436815616827 -8.46818588345415 -5.96074668757295 -12.361369785477383 -10.663762038597657 -3.44665730252385 -8.707414560672555 -6.924647054410968 -11.441008482655182 -9.827506636237775 -2.4000376977827464 -12.562120267098713 -8.677687980702284 -10.7947639384928 -14.628652837015178 -13.964722612444598 -14.925893485523856 -11.094616107473279
17.314629258517034 -7.263808272354435 -11.445163140500991 -9.846737326032997 -10.270960407386607 -12.922875791936335 -12.357336749697634 -5.59624083384887 -2.9970197173996738 5.289778998834469 -1.978671390787507 -0.07821884819380598 -8.424611644025461 -5.90867428180243 -12.334375810514857 -10.630678278484364 -3.3795577261452547 -8.665555395927756 -6.8756101821380256 -11.411428085772659 -9.79036790037421 -2.3313863898478537 -12.538511692571888 -8.637480809430933 -10.763269148057919 -14.618923947911885 -13.94955842093722 -14.919947383305237 -11.067806144770707
17.374749498997996 -7.218692607744597 -11.417306249629426 -9.811908618392664 -10.240839415670546 -12.902462317950096 -12.333902682042588 -5.544452895497783 -2.930870709430611 5.381806755115492 -1.9265019577538918 -0.02607123720198201 -8.383154724867598 -5.859089686433169 -12.308804832714479 -10.599283442355755 -3.315567995175741 -8.625748002664436 -6.828926676631788 -11.383378589694022 -9.755078100225703 -2.2659078141021105 -12.516184196175892 -8.599261832140126 -10.733394469874451 -14.609895636598436 -13.935321191537573 -14.914545438194187 -11.042430185714931
17.43486973947896 -7.166251447587193 -11.384511916514164 -9.77117802792355 -10.205483164808822 -12.878143285367152 -12.306143552454056 -5.4844124654744695 -2.854476431034225 5.48760132134612 -1.8660921566322126 0.034337836508392616 -8.334872353537676 -5.801568319351777 -12.278614489817247 -10.56247347373904 -3.241632408573889 -8.579351708739987 -6.774700537279479 -11.350365053013949 -9.713820599460696 -2.1902741379512136 -12.48968758115895 -8.554681108935576 -10.698313024215409 -14.598545895150055 -13.918037730056001 -14.90732800683105 -11.012484080922693
17.494989979959918 -7.118223856723294 -11.354671283383944 -9.73399107674993 -10.1732855483254 -12.856150024469724 -12.280964350605235 -5.429346725094258 -2.7842666416283812 5.584970514237601 -1.810745396005799 0.08970684275533403 -8.290688670052361 -5.748844752923365 -12.251186040499135 -10.52892684833709 -3.173699247047115 -8.53692185344954 -6.725020414798486 -11.320321555087105 -9.676143980163587 -2.120766000376051 -12.465679769316758 -8.513938814541717 -10.666364570178128 -14.588566515360453 -13.902561722776221 -14.901177816915164 -10.985302692346632
17.55511022044088 -7.069995507426796 -11.324682666524613 -9.696635057636751 -10.140947076908766 -12.83403329989584 -12.255651037561002 -5.374056406481183 -2.7137831321559247 5.682637837633721 -1.7552313829458828 0.14526532839121886 -8.246309754365228 -5.695913338217181 -12.223618228374857 -10.495232373425864 -3.1054996025491843 -8.494309490415437 -6.675134562059188 -11.29012953512806 -9.638295031874016 -2.05098385860369 -12.4415438421914 -8.473025474984812 -10.634271020081076 -14.578506468778246 -13.886985446931968 -14.894961844300363 -10.95800278091314
17.615230460921843 -7.022854510774117 -11.295412396165734 -9.66014667028869 -10.109387965027814 -12.812477343972546 -12.230961809620453 -5.319993039017642 -2.644828899201226 5.778173043479293 -1.701004700936934 0.1995571360164452 -8.20293487631541 -5.644170795903229 -12.196721357298596 -10.462341808406432 -3.038783663050222 -8.45267285115728 -6.62636942652135 -11.260660026928555 -9.601321904625664 -1.9827145782312172 -12.41801070453798 -8.43305977493607 -10.602947126855664 -14.568770923596224 -13.871841754915335 -14.888996244117559 -10.931387817309108
17.675350701402806 -6.972588472564869 -11.264027531589882 -9.621135825867686 -10.075599230116445 -12.789244758362734 -12.204417344678724 -5.2624097370346155 -2.5715073467080174 5.879521588582219 -1.6433082531069938 0.25734559457265904 -8.15664208498249 -5.589049908900602 -12.16784577112887 -10.427143354725647 -2.9678276646479884 -8.408224576458155 -6.574387239928239 -11.229064714639279 -9.561796999247978 -1.9101143435399415 -12.39269041354813 -8.390383583823073 -10.569401884573715 -14.558035263548435 -13.855388413254238 -14.882247577516663 -10.90283084021328
17.73547094188377 -6.921807374505082 -11.232283100548148 -9.581702897868212 -10.041445991702673 -12.765721572845052 -12.177553511472592 -5.204247517959138 -2.4974716253333185 5.981755852532353 -1.58509306787673 0.31567770979831566 -8.109860938200388 -5.533381161106309 -12.138633027464511 -10.391565808224438 -2.896177733066978 -8.363311462859693 -6.521875679584372 -11.197108161944591 -9.521843791820555 -1.836803453432072 -12.367063663069757 -8.347263980759259 -10.535488999019105 -14.547120348834921 -13.838704867017844 -14.875356507506153 -10.873960792779815
17.795591182364728 -6.872599522710416 -11.201584033359726 -9.543528819364582 -10.008419116220733 -12.743017516522652 -12.15160001443575 -5.147859789584262 -2.4256451339500096 6.08094184907866 -1.5287120257965188 0.3721957223887675 -8.06453635952612 -5.4794281310043615 -12.11039711803788 -10.357151370155623 -2.8266716229915123 -8.319811143223744 -6.47098518039682 -11.16620291361805 -9.48316195485015 -1.7656793881979027 -12.342315668606165 -8.305513918483154 -10.502690938018269 -14.536682990676846 -13.82265515544315 -14.86883525417399 -10.846078610596024
17.85571142284569 -6.8234239913748596 -11.17089398053233 -9.505373458602726 -9.975418064227046 -12.720314096162308 -12.125649848760194 -5.091510074435091 -2.3538707553936966 6.179985052925898 -1.4724256236735118 0.42864185386068643 -8.01923357406179 -5.4255202482498035 -12.082168762755511 -10.322761911027253 -2.757215462855591 -8.276338227683604 -6.420128956261291 -11.135306998199752 -9.444497603717377 -1.694604312163932 -12.317572170010305 -8.263795338252056 -10.46991369356471 -14.526238685369977 -13.80660197068625 -14.862305875774593 -10.818223618736589
17.915831663326653 -6.776931903146348 -11.141997080256925 -9.469371070788881 -9.944334260455907 -12.699020727213703 -12.101264815247621 -5.03818624127761 -2.285860179659913 6.273898911640942 -1.4192140787377023 0.4820267382021872 -7.976422508775312 -5.374530108655641 -12.055616519485188 -10.290354264851064 -2.6914121806466373 -8.23527625281132 -6.37203697090003 -11.106214205999372 -9.408009006405091 -1.6272573076649088 -12.29433818053927 -8.224408952706348 -10.439038606635762 -14.516621257686902 -13.79164249036666 -14.856418286498927 -10.792045286917489
17.975951903807616 -6.721659612935351 -11.107178800865878 -9.42629317519673 -9.906989326955955 -12.673043254957612 -12.071691784343752 -4.974968457281693 -2.205563314675558 6.384243694270475 -1.3561899174827725 0.5452785341263824 -7.925422979743851 -5.314036785900495 -12.023525706850606 -10.251467700106158 -2.6136821575930935 -8.186319023472509 -6.314904657338207 -11.071168276916428 -9.364363784200478 -1.547729348148792 -12.26610626969812 -8.17740649312432 -10.401931102373716 -14.504225617953812 -13.773032819125957 -14.848362712880759 -10.760411711823679
18.036072144288575 -6.671596342212247 -11.075853272690992 -9.38740142818995 -9.87336374091294 -12.649818457432929 -12.04517165702029 -4.917622887652203 -2.1325660193829243 6.484707143719423 -1.2990806179916699 0.6026210383195587 -7.879267995021071 -5.259198005930731 -11.994700532489244 -10.216427418208955 -2.543037208806276 -8.142043494747673 -6.263137270365959 -11.039634268679013 -9.324950319865746 -1.4754341314151276 -12.240817617818838 -8.134928153016485 -10.368518197953271 -14.493451271189775 -13.756562098187073 -14.841568210193435 -10.732026576095528
18.096192384769537 -6.6212435027586025 -11.044320288843004 -9.348269410266106 -9.83953455778284 -12.62642335882692 -12.018465382991277 -4.8599524983665985 -2.0591698056892938 6.585631634120809 -1.2417036051427206 0.6602560334983179 -7.8328348714481715 -5.204055909065332 -11.965680533447902 -10.181175127972832 -2.4720045247336775 -8.09750627675413 -6.2110726918713866 -11.007891957986597 -9.285292383893538 -1.4027408819345055 -12.21535099665724 -8.092202098109755 -10.334898062740532 -14.482569062923377 -13.739954974474918 -14.83468705803478 -10.703468787387234
18.1563126252505 -6.572643822046427 -11.0139551674569 -9.310541920293556 -9.806957878210003 -12.603944596455836 -11.992777088612527 -4.8042596806420255 -1.9882349722521295 6.683182924969768 -1.1863480852233539 0.7158842281776114 -7.788027588223064 -5.150822801336087 -11.93775183799745 -10.147217593315247 -2.4033605723552864 -8.054543797047609 -6.160814362430784 -10.977324085078912 -9.247053506565397 -1.3324850849828707 -12.19086646221582 -8.051000192206264 -10.302519636618932 -14.472221514784687 -13.724057166082469 -14.828219713353741 -10.676007159758658
18.216432865731463 -6.519476407460196 -10.98050225775248 -9.26912948316673 -9.771128460036866 -12.579019820676773 -11.964380823083243 -4.743419969203454 -1.9109103547459758 6.789222551823639 -1.1259311707506465 0.7766211060742525 -7.738954406001349 -5.092653551255605 -11.906934858309263 -10.109893146159099 -2.3285137399529643 -8.007473859349401 -6.10585352430995 -10.943652042059036 -9.205086161313947 -1.2558923608544426 -12.163774603424997 -8.005839969042619 -10.26689988830812 -14.460420752921726 -13.706251958399312 -14.820618013933407 -10.64571631815543
18.276553106212425 -6.467201873673218 -10.947637873448564 -9.228428850826926 -9.735938911331736 -12.55455361921392 -11.936495246179586 -4.683588095413774 -1.8348421631526255 6.893499823892452 -1.0665739507195933 0.8363188901912513 -7.690704880469686 -5.035462188649781 -11.87666749049668 -10.07322963789565 -2.2548860922468106 -7.9612055074140615 -6.0518130995181885 -10.910571984006268 -9.16383714699812 -1.1805425078947351 -12.137176290055098 -7.9614580874326535 -10.23191210847223 -14.448884224225472 -13.688799943508164 -14.813219687770614 -10.61598831165865
18.336673346693384 -6.415960969572687 -10.915457118242866 -9.188553545159053 -9.701488964810103 -12.53062123774578 -11.90920372860969 -4.624922786967672 -1.7602276070252107 6.995754327775463 -1.0084305191020344 0.8948214062806028 -7.6434106312378285 -4.979400658205794 -11.847038635888733 -10.037330486717384 -2.182669072262169 -7.915865267965978 -5.998838001316731 -10.878179519529692 -9.123421382833783 -1.1066311917517524 -12.111151717767488 -7.917976221998444 -10.197655867023538 -14.437656290377044 -13.67175961627021 -14.806059137942514 -10.586909571616072
18.396793587174347 -6.364635997413153 -10.883207454788053 -9.148603613830453 -9.666982138739009 -12.506628098661157 -11.881847384194817 -4.566164225893657 -1.6855014616532136 7.098082410600772 -0.9502490225895417 0.9533867378899576 -7.596029757221097 -4.923258731763166 -11.817344596448624 -10.001371609586151 -2.1103433845928277 -7.870448460256331 -5.945777315389318 -10.84571805484062 -9.08292861921641 -1.0326067485197932 -12.085066199077374 -7.874425038995518 -10.163338585009924 -14.426385499321944 -13.654668296817912 -14.798862709059948 -10.557786273140355
18.45691382765531 -6.315899894234072 -10.85268962320347 -9.11073186585126 -9.634321385207834 -12.483997297691314 -11.856003187244504 -4.5103254839518945 -1.6144072711399813 7.195482376538622 -0.8950120659399192 1.0090131312840147 -7.5510552582038075 -4.86992912718453 -11.78926914353249 -9.96732256671769 -2.041542769703988 -7.827357733666902 -5.895383354998991 -10.814998010848615 -9.044536617269259 -0.9621808032553325 -12.060438415873147 -7.833121415973654 -10.130854897388204 -14.415912666944378 -13.638633197996766 -14.792284652043096 -10.530274658251688
18.517034068136272 -6.259226927994774 -10.81681261982773 -9.066460916255057 -9.596013465839839 -12.457124979861494 -11.825461274455673 -4.445541342307876 -1.5322029047578665 7.307647604730254 -0.830974722657309 1.0735222893488197 -7.498669844781436 -4.808021149395007 -11.75618196563659 -9.92742829238286 -1.961957677275159 -7.7771321305726255 -5.836817814426052 -10.778890272799728 -8.99966964721484 -0.8807369621543337 -12.031288235335342 -7.784941988803826 -10.09274444831643 -14.402927099065328 -13.619294519711358 -14.783749042386914 -10.497853331986455
18.577154308617235 -6.207852915735774 -10.78449332015726 -9.026450948271627 -9.561480918947627 -12.433057992029095 -11.798030518292641 -4.386731978481474 -1.4574260308091167 7.409814111877375 -0.7729050942979749 1.1320497484041572 -7.451218546980283 -4.751858358693667 -11.726420648756807 -9.891440801538984 -1.8895818946279808 -7.731668706761352 -5.783709559012511 -10.746359642482268 -8.959111551520778 -0.806654843233634 -12.005135686986161 -7.7413591272531335 -10.058388563339111 -14.391592066575567 -13.602134762787673 -14.776495193361184 -10.468722794586345
