web/models/mosfit_kne/mosfit_kn_1.0000/mosfit_kn_0.005245_0.2337_1.0000.dat
# %ECSV 1.0
# ---
# datatype:
# - {name: time, datatype: float64}
# - {name: PS1_g, datatype: float64}
# - {name: PS1_i, datatype: float64}
# - {name: PS1_r, datatype: float64}
# - {name: PS1_w, datatype: float64}
# - {name: PS1_y, datatype: float64}
# - {name: PS1_z, datatype: float64}
# - {name: swift_uvot_B, datatype: float64}
# - {name: swift_uvot_U, datatype: float64}
# - {name: swift_uvot_uvm2, datatype: float64}
# - {name: swift_uvot_uvw1, datatype: float64}
# - {name: swift_uvot_uvw2, datatype: float64}
# - {name: swift_uvot_V, datatype: float64}
# - {name: johnson_B, datatype: float64}
# - {name: johnson_I, datatype: float64}
# - {name: johnson_R, datatype: float64}
# - {name: johnson_U, datatype: float64}
# - {name: johnson_V, datatype: float64}
# - {name: sdss_g, datatype: float64}
# - {name: sdss_i, datatype: float64}
# - {name: sdss_r, datatype: float64}
# - {name: sdss_u, datatype: float64}
# - {name: sdss_z, datatype: float64}
# - {name: ATLAS_c, datatype: float64}
# - {name: ATLAS_o, datatype: float64}
# - {name: ukirt_H, datatype: float64}
# - {name: ukirt_J, datatype: float64}
# - {name: ukirt_K, datatype: float64}
# - {name: Clear, datatype: float64}
# meta: !!omap
# - comment: [kappa = 1.0, type = rprocess, mass = 0.005244756555828381, velocity = 0.2336666666666667, theta_obs = 0.0, tfloor = 1000.0]
# schema: astropy-2.0
time PS1_g PS1_i PS1_r PS1_w PS1_y PS1_z swift_uvot_B swift_uvot_U swift_uvot_uvm2 swift_uvot_uvw1 swift_uvot_uvw2 swift_uvot_V johnson_B johnson_I johnson_R johnson_U johnson_V sdss_g sdss_i sdss_r sdss_u sdss_z ATLAS_c ATLAS_o ukirt_H ukirt_J ukirt_K Clear
[from data line 87]
5.290581162324649 8.00990537774295 -0.8719234354563277 2.603147342581522 0.6352235310775356 -4.395113483981579 -2.977437519134458 11.549811954307437 18.208756052202357 32.09735135623153 14.174338584276907 16.687355090756558 5.969422070613752 10.345874637341247 -2.4254367418782783 0.5445960248467216 17.177754872950615 5.014399735444999 8.822445479057404 -0.7906674833433414 2.8316360020779463 18.709861582377183 -3.55086513115646 4.582223912324164 0.12981138771436918 -9.344100861897074 -7.194611566407383 -10.704389542370263 -1.6506705126838028
5.350701402805611 8.035264131259972 -0.8465646819393058 2.6285060960985263 0.6605822845945397 -4.3697547304645745 -2.9520787656174363 11.575170707824459 18.23411480571936 32.122710109748546 14.199697337793928 16.71271384427358 5.994780824130756 10.371233390858269 -2.4000779883612564 0.5699547783637435 17.20311362646762 5.039758488962003 8.847804232574408 -0.7653087298263195 2.856994755594968 18.735220335894187 -3.525506377639438 4.607582665841168 0.15517014123139106 -9.31874210838007 -7.169252812890379 -10.679030788853241 -1.6253117591667987
5.410821643286573 8.060352594385769 -0.8214762188135083 2.6535945592243415 0.685670747720355 -4.344666267338759 -2.926990302491639 11.600259170950256 18.259203268845177 32.14779857287435 14.224785800919726 16.737802307399377 6.019869287256571 10.396321853984066 -2.374989525235459 0.595043241489541 17.228202089593434 5.0648469520878185 8.872892695700223 -0.740220266700522 2.8820832187207657 18.760308799020002 -3.5004179145136227 4.632671128966983 0.18025860435718855 -9.293653645254254 -7.144164349764564 -10.653942325727444 -1.6002232960409835
5.4709418837675345 8.085175165264609 -0.7966536479346686 2.678417130103181 0.7104933185991946 -4.31984369645992 -2.902167731612799 11.625081741829096 18.284025839724016 32.17262114375319 14.249608371798566 16.762624878278217 6.044691858135393 10.421144424862906 -2.3501669543566193 0.6198658123683807 17.253024660472274 5.089669522966658 8.897715266579063 -0.7153976958216823 2.9069057895996053 18.785131369898842 -3.475595343634801 4.657493699845823 0.2050811752360282 -9.268831074375415 -7.119341778885724 -10.629119754848604 -1.5754007251621616
5.531062124248497 8.10973665122832 -0.7720921619709564 2.7029786160668934 0.7350548045629068 -4.295282210496225 -2.877606245649087 11.649643227792808 18.30858732568773 32.1971826297169 14.274169857762278 16.78718636424193 6.069253344099105 10.445705910826618 -2.325605468392907 0.6444272983320929 17.27758614643597 5.11423100893037 8.922276752542775 -0.6908362098579701 2.9314672755633175 18.809692855862554 -3.4510338576710886 4.682055185809535 0.22964266119974042 -9.244269588411703 -7.094780292922012 -10.604558268884892 -1.5508392391984493
5.591182364729459 8.134042488856785 -0.747786324342492 2.72728445369534 0.7593606421913712 -4.270976372867761 -2.8533004080206226 11.673949065421272 18.332893163316193 32.22148846734537 14.298475695390742 16.811492201870394 6.09355918172757 10.470011748455082 -2.3012996307644427 0.6687331359605573 17.301891984064433 5.138536846558835 8.94658259017124 -0.6665303722295057 2.955773113191782 18.83399869349102 -3.4267280200426242 4.706361023437999 0.2539484988282048 -9.219963750783256 -7.070474455293565 -10.580252431256428 -1.526533401569985
5.651302605210421 8.15809791593269 -0.7237308972665879 2.751339880771244 0.7834160692672754 -4.246920945791857 -2.8292449809447184 11.698004492497176 18.356948590392097 32.24554389442126 14.322531122466646 16.835547628946298 6.117614608803474 10.494067175530986 -2.2772442036885385 0.6927885630364614 17.325947411140337 5.162592273634721 8.970638017247143 -0.6424749451536016 2.979828540267686 18.858054120566923 -3.40267259296672 4.7304164505139035 0.27800392590410894 -9.195908323707352 -7.046419028217661 -10.556197004180524 -1.5024779744940808
5.7114228456913825 8.18190841395424 -0.6999203992450376 2.7751503787928122 0.8072265672888257 -4.2231104477702885 -2.805434482923168 11.721814990518727 18.380759088413647 32.26935439244282 14.346341620488197 16.859358126967848 6.141425106825042 10.517877673552537 -2.253433705666988 0.7165990610580117 17.349757909161905 5.186402771656289 8.994448515268694 -0.6186644471320513 3.0036390382892364 18.881864618588473 -3.3788620949451698 4.754226948535454 0.30181442392565927 -9.172097825685784 -7.022608530196093 -10.532386506158973 -1.4786674764725127
5.771543086172344 8.2054790885973 -0.6763497246019945 2.7987210534358553 0.8307972419318688 -4.1995397731272455 -2.781863808280125 11.745385665161788 18.40432976305669 32.29292506708587 14.369912295131257 16.88292880161091 6.164995781468085 10.54144834819558 -2.2298630310239274 0.7401697357010548 17.37332858380495 5.209973446299332 9.018019189911737 -0.5950937724889904 3.0272097129322972 18.905435293231516 -3.355291420302109 4.777797623178497 0.3253850985687201 -9.14852715104274 -6.99903785555305 -10.508815831515912 -1.4550968018294697
5.831663326653306 8.228815130565312 -0.6530136826339827 2.822057095403867 0.8541332838998805 -4.176203731159234 -2.7585277663121133 11.7687217071298 18.427665805024702 32.31626110905388 14.39324833709927 16.90626484357892 6.188331823436097 10.564784390163592 -2.2065269890559156 0.7635057776690666 17.39666462577296 5.233309488267344 9.041355231879749 -0.5717577305209787 3.050545754900309 18.928771335199528 -3.331955378334097 4.801133665146509 0.34872114053673187 -9.125191109074729 -6.975701813585038 -10.4854797895479 -1.431760759861458
5.891783567134269 8.25192138196412 -0.6299074312351571 2.845163346802675 0.8772395352986884 -4.153097479760426 -2.7354215149132877 11.791827958528607 18.45077205642351 32.33936736045269 14.416354588498077 16.92937109497773 6.211438074834905 10.587890641562417 -2.1834207376571078 0.7866120290678922 17.419770877171768 5.256415739666152 9.064461483278556 -0.5486514791221708 3.073652006299117 18.951877586598336 -3.3088491269352893 4.8242399165453165 0.3718273919355397 -9.102084857675921 -6.9525955621862305 -10.462373538149093 -1.40865450846265
5.95190380761523 8.274802721182475 -0.6070260920168025 2.8680446860210473 0.9001208745170608 -4.130216140542053 -2.712540175694933 11.814709297746962 18.473653395641882 32.362248699671056 14.439235927716432 16.952252434196083 6.234319414053259 10.610771980780772 -2.160539398438753 0.8094933682862469 17.44265221639014 5.279297078884524 9.087342822496929 -0.5257701399038162 3.0965333455174715 18.974758925816708 -3.2859677877169347 4.847121255763689 0.3947087311538944 -9.079203518457549 -6.929714222967858 -10.439492198930738 -1.3857731692442954
6.012024048096192 8.29746368021361 -0.584365132985667 2.890705645052165 0.9227818335481786 -4.107555181510936 -2.6898792166637975 11.837370256778097 18.496314354673 32.38490965870218 14.461896886747567 16.97491339322722 6.256980373084395 10.63343293981189 -2.1378784394076176 0.8321543273173646 17.465313175421258 5.301958037915642 9.110003781528047 -0.5031091808726806 3.119194304548607 18.997419884847826 -3.263306828685799 4.869782214794807 0.4173696901850299 -9.05654255942643 -6.90705326393674 -10.416831239899603 -1.3631122102131599
6.072144288577154 8.319908849220479 -0.5619199639787986 2.9131508140590334 0.9452270025550646 -4.085110012504067 -2.667434047656929 11.859815425784966 18.51875952367987 32.40735482770905 14.484342055754436 16.997358562234087 6.279425542091263 10.655878108818776 -2.1154332704007492 0.8545994963242507 17.487758344428126 5.3244032069225105 9.132448950534915 -0.4806640118658123 3.1416394735554753 19.019865053854694 -3.240861659678931 4.892227383801675 0.4398148591918982 -9.034097390419563 -6.884608094929872 -10.394386070892734 -1.3406670412062915
6.132264529058116 8.342142457946835 -0.5396863552524422 2.9353844227854076 0.967460611281421 -4.062876403777711 -2.6452004389305728 11.882049034511322 18.540993132406243 32.42958843643542 14.506575664480792 17.019592170960443 6.30165915081762 10.678111717545132 -2.093199661674393 0.8768331050506071 17.5099919531545 5.346636815648885 9.154682559261289 -0.45843040313945593 3.1638730822818317 19.04209866258107 -3.2186280509525744 4.914460992528049 0.4620484679182546 -9.011863781693188 -6.862374486203498 -10.372152462166378 -1.3184334324799352
6.192384769539078 8.364168819945768 -0.5176599932535098 2.9574107847843223 0.9894869732803535 -4.0408500417787785 -2.6231740769316403 11.904075396510255 18.563019494405175 32.45161479843434 14.528602026479724 17.041618532959376 6.323685512816552 10.700138079544065 -2.0711732996754604 0.8988594670495396 17.532018315153415 5.368663177647799 9.176708921260204 -0.43640404114052345 3.185899444280764 19.06412502458 -3.196601688953642 4.936487354526982 0.4840748299171871 -8.989837419694274 -6.840348124204583 -10.350126100167445 -1.2964070704810027
6.25250501002004 8.385991902898198 -0.49583691030107957 2.9792338677367702 1.0113100562327837 -4.0190269588263305 -2.60135099397921 11.925898479462685 18.584842577357605 32.47343788138678 14.550425109432155 17.063441615911806 6.345508595769 10.721961162496495 -2.04935021672303 0.9206825500019697 17.553841398105863 5.390486260600247 9.198532004212652 -0.41458095818809326 3.2077225272331944 19.08594810753243 -3.1747786060012118 4.958310437479412 0.5058979128696173 -8.968014336741826 -6.818525041252135 -10.328303017215015 -1.2745839875285725
6.312625250501002 8.407631871467522 -0.47419694173175486 3.000873836306077 1.0329500248021084 -3.9973869902570236 -2.5797110254098854 11.94753844803201 18.60648254592693 32.495077849956104 14.57206507800148 17.08508158448113 6.367148564338307 10.74360113106582 -2.0277102481537055 0.9423225185712945 17.57548136667517 5.412126229169554 9.220171972781976 -0.39294098961876855 3.229362495802519 19.107588076101756 -3.153138637431887 4.9799504060487365 0.527537881438942 -8.946374368172519 -6.796885072682828 -10.30666304864569 -1.2529440189592478
6.372745490981964 8.429051594816297 -0.4527772183829981 3.0222935596548517 1.0543697481508651 -3.975967266908249 -2.5582913020611286 11.968958171380784 18.627902269275687 32.51649757330487 14.593484801350254 17.106501307829905 6.3885682876870815 10.765020854414576 -2.006290524804931 0.9637422419200512 17.596901090023945 5.433545952518329 9.241591696130733 -0.37152126626999404 3.2507822191512936 19.129007799450513 -3.1317189140831125 5.001370129397493 0.5489576047877165 -8.924954644823744 -6.775465349334054 -10.285243325296916 -1.2315242956104733
6.432865731462925 8.450284203915448 -0.4315446092838293 3.0435261687540027 1.0756023572500162 -3.954734657809098 -2.53705869296196 11.990190780479935 18.649134878374838 32.53773018240402 14.614717410449405 17.127733916929056 6.4098008967862325 10.786253463513745 -1.98505791570578 0.9849748510192022 17.618133699123096 5.45477856161748 9.262824305229884 -0.350288657170843 3.2720148282504447 19.150240408549664 -3.1104863049839615 5.022602738496644 0.5701902138868675 -8.903722035724593 -6.754232740234903 -10.264010716197765 -1.2102916865113222
6.492985971943887 8.47133080047291 -0.410498012726368 3.064572765311464 1.0966489538074775 -3.9336880612516367 -2.5160120964044985 12.011237377037396 18.6701814749323 32.55877677896148 14.635764007006866 17.148780513486518 6.430847493343694 10.807300060071206 -1.9640113191483186 1.0060214475766636 17.639180295680557 5.475825158174941 9.283870901787346 -0.3292420606133817 3.293061424807906 19.171287005107125 -3.0894397084265 5.043649335054106 0.5912368104443289 -8.882675439167132 -6.733186143677441 -10.242964119640304 -1.189245089953861
6.55310621242485 8.492193783475237 -0.3896350297240403 3.0854357483138095 1.117511936809823 -3.9128250782492913 -2.495149113402171 12.032100360039724 18.691044457934645 32.57963976196382 14.656626990009194 17.169643496488845 6.451710476346039 10.828163043073534 -1.943148336145991 1.026884430579009 17.660043278682902 5.4966881411772865 9.304733884789691 -0.308379077611054 3.3139244078102337 19.19214998810947 -3.0685767254241725 5.064512318056451 0.6120997934466565 -8.861812456164786 -6.712323160675096 -10.222101136637976 -1.1683821069515332
6.613226452905812 8.51287598173668 -0.3689528314625967 3.1061179465752353 1.1381941350712665 -3.8921428799878655 -2.4744669151407273 12.052782558301168 18.711726656196088 32.60032196022525 14.677309188270637 17.19032569475029 6.472392674607465 10.848845241334978 -1.9224661378845473 1.0475666288404526 17.68072547694433 5.517370339438712 9.325416083051117 -0.2876968793496104 3.3346066060716772 19.212832186370896 -3.047894527162729 5.085194516317877 0.6327819917081001 -8.84113025790336 -6.69164096241367 -10.201418938376532 -1.1476999086900896
6.673346693386773 8.533380433028448 -0.3484483801708471 3.1266223978670027 1.1586985863630161 -3.871638428696098 -2.4539624638489776 12.073287009592917 18.732231107487838 32.62082641151701 14.697813639562387 17.21083014604204 6.4928971258992325 10.869349692626727 -1.9019616865927977 1.0680710801322022 17.701229928236096 5.53787479073048 9.345920534342884 -0.26719242805784305 3.355111057363427 19.233336637662664 -3.0273900758709615 5.105698967609644 0.6532864429998675 -8.820625806611593 -6.671136511121903 -10.180914487084765 -1.1271954573983223
6.733466933867735 8.55371025475522 -0.32811855844405713 3.1469522195937927 1.1790284080898061 -3.851308606969308 -2.4336326421221877 12.093616831319707 18.752560929214628 32.6411562332438 14.718143461289177 17.23115996776883 6.5132269476260225 10.889679514353517 -1.8816318648660078 1.0884009018589922 17.721559749962886 5.55820461245727 9.366250356069674 -0.24686260633107082 3.375440879090217 19.253666459389454 -3.0070602541441893 5.126028789336434 0.6736162647266397 -8.800295984884803 -6.650806689395113 -10.160584665357993 -1.1068656356715323
6.793587174348697 8.573868456562206 -0.30796035663707144 3.1671104214007606 1.1991866098967918 -3.83115040516234 -2.413474440315202 12.113775033126693 18.772719131021613 32.661314435050784 14.738301663096163 17.251318169575814 6.53338514943299 10.909837716160503 -1.861473663059022 1.1085591036659779 17.741717951769854 5.578362814264238 9.38640855787666 -0.22670440452408513 3.3955990808972025 19.27382466119644 -2.9869020523372036 5.14618699114342 0.6937744665336254 -8.780137783077835 -6.630648487588145 -10.140426463551007 -1.0867074338645644
6.853707414829659 8.593858095927445 -0.2879707172718504 3.1871000607659994 1.2191762492620128 -3.8111607657971014 -2.393484800949981 12.133764672491914 18.792708770386835 32.681304074416005 14.758291302461384 17.271307808941035 6.553374788798229 10.929827355525724 -1.841484023693801 1.128548743031199 17.761707591135092 5.598352453629476 9.40639819724188 -0.20671476515884635 3.4155887202624235 19.29381430056166 -2.966912412971965 5.166176630508641 0.7137641058988642 -8.760148143712597 -6.610658848222906 -10.120436824185768 -1.0667177944993256
6.913827655310621 8.613682067065795 -0.2681467461334819 3.20692403190435 1.2390002204003814 -3.7913367946587506 -2.3736608298116124 12.153588643630282 18.812532741525203 32.70112804555438 14.778115273599752 17.291131780079404 6.57319875993658 10.949651326664092 -1.8216600525554325 1.1483727141695674 17.781531562273443 5.618176424767845 9.42622216838025 -0.18689079402049558 3.435412691400792 19.31363827170003 -2.947088441833614 5.1860006016470095 0.733588077037215 -8.740324172574246 -6.590834877084555 -10.100612853047418 -1.0468938233609748
