web/models/mosfit_kne/mosfit_kn_1.0000/mosfit_kn_0.500000_0.3433_1.0000.dat
# %ECSV 1.0
# ---
# datatype:
# - {name: time, datatype: float64}
# - {name: PS1_g, datatype: float64}
# - {name: PS1_i, datatype: float64}
# - {name: PS1_r, datatype: float64}
# - {name: PS1_w, datatype: float64}
# - {name: PS1_y, datatype: float64}
# - {name: PS1_z, datatype: float64}
# - {name: swift_uvot_B, datatype: float64}
# - {name: swift_uvot_U, datatype: float64}
# - {name: swift_uvot_uvm2, datatype: float64}
# - {name: swift_uvot_uvw1, datatype: float64}
# - {name: swift_uvot_uvw2, datatype: float64}
# - {name: swift_uvot_V, datatype: float64}
# - {name: johnson_B, datatype: float64}
# - {name: johnson_I, datatype: float64}
# - {name: johnson_R, datatype: float64}
# - {name: johnson_U, datatype: float64}
# - {name: johnson_V, datatype: float64}
# - {name: sdss_g, datatype: float64}
# - {name: sdss_i, datatype: float64}
# - {name: sdss_r, datatype: float64}
# - {name: sdss_u, datatype: float64}
# - {name: sdss_z, datatype: float64}
# - {name: ATLAS_c, datatype: float64}
# - {name: ATLAS_o, datatype: float64}
# - {name: ukirt_H, datatype: float64}
# - {name: ukirt_J, datatype: float64}
# - {name: ukirt_K, datatype: float64}
# - {name: Clear, datatype: float64}
# meta: !!omap
# - comment: [kappa = 1.0, type = rprocess, mass = 0.5000000000045836, velocity = 0.3433333333333334, theta_obs = 0.0, tfloor = 1000.0]
# schema: astropy-2.0
time PS1_g PS1_i PS1_r PS1_w PS1_y PS1_z swift_uvot_B swift_uvot_U swift_uvot_uvm2 swift_uvot_uvw1 swift_uvot_uvw2 swift_uvot_V johnson_B johnson_I johnson_R johnson_U johnson_V sdss_g sdss_i sdss_r sdss_u sdss_z ATLAS_c ATLAS_o ukirt_H ukirt_J ukirt_K Clear
[from data line 226]
13.647294589178356 -15.053866025259914 -17.71982664270343 -16.733082489914253 -16.805332902240053 -18.5528463099231 -18.24643119457141 -13.957100814553176 -12.60113569751308 -6.764778849804734 -10.68338007560822 -8.720715184039246 -15.870514217100109 -14.110640434939782 -18.41461703332187 -17.251678951764735 -12.793834250590638 -15.99210121563665 -14.802372045057393 -17.703029819536376 -16.71038952372065 -11.865318616282519 -18.339348580706663 -15.857784655172491 -17.248233907464154 -19.28419348858229 -19.055583136713103 -19.282723553565027 -17.21665217761604
13.707414829659317 -14.96806878709231 -17.666070042815143 -16.666431283637912 -16.744580707631265 -18.51247772949149 -18.200735467788913 -13.859602039696004 -12.477689974167703 -6.586164974941176 -10.569453477794948 -8.608499893998246 -15.79252253823497 -14.015808423288604 -18.36482940465614 -17.189926014985712 -12.674455623700577 -15.916137381240512 -14.713709744948478 -17.648917402093502 -16.64317096172173 -11.743649189386929 -18.29533931786898 -15.783191772595728 -17.189333921499763 -19.263355959490692 -19.025844287058913 -19.267906051981406 -17.163327331734894
13.76753507014028 -14.871082114543626 -17.60484897528606 -16.590812881568766 -16.675641799851597 -18.466217126120963 -18.148519089056432 -13.749531895358029 -12.338640951069095 -6.385690812876191 -10.441684524654153 -8.482702359930453 -15.704218897191968 -13.90874917507324 -18.308046698672957 -17.119809972591018 -12.539941333733353 -15.830121245746012 -14.61352339865325 -17.587298885927733 -16.566911675597655 -11.606565046073474 -18.245014536638458 -15.698760305932478 -17.122407394042813 -19.238949316247083 -18.991476112517134 -19.25024082868402 -17.10272130347839
13.827655310621243 -14.781069624547314 -17.548225507795117 -16.520745437436357 -16.61189896967768 -18.423574957845048 -18.100308159907748 -13.647284974563824 -12.209325902746588 -6.199182308938023 -10.32351048037496 -8.36641769645681 -15.62228411573739 -13.809345665290532 -18.255574198665602 -17.05491236549688 -12.414854916170583 -15.750344831111585 -14.52052240696279 -17.530304138077835 -16.49623873429796 -11.479067445368791 -18.198578149572402 -15.620514358938049 -17.060491776181834 -19.216758138962803 -18.959961461406127 -19.23436345818311 -17.046797276124295
13.887775551102203 -14.690724732966718 -17.491347701889488 -16.450389124126286 -16.547967116732796 -18.38072534577023 -18.051868416709294 -13.544657508385953 -12.079552437290868 -6.012227922683986 -10.205483336762029 -8.250323169686013 -15.540008548470443 -13.709599945765646 -18.202864307545543 -16.9897701814402 -12.289315508379072 -15.670254929131795 -14.427180640223494 -17.473053959512672 -16.425268539813214 -11.351099526031092 -18.151925472821393 -15.542007393403434 -16.99834259420035 -19.19445444847504 -18.928289635121143 -19.218407910514742 -16.99074052635181
13.947895791583166 -14.60063638092242 -17.434607060081575 -16.38021508672768 -16.484278221281468 -18.33797674764906 -18.00354142505947 -13.442311102992683 -11.950142162529254 -5.825987177807835 -10.088342350022934 -8.135138639479628 -15.45793377406791 -13.610156668898131 -18.150283873933557 -16.924823868148426 -12.164119909705803 -15.59038027692903 -14.334104733838338 -17.41594205961885 -16.35447587969459 -11.223472463958188 -18.105387517927998 -15.463758108070067 -16.936382400568686 -19.172224862115478 -18.896702824438574 -19.202523176400167 -16.934936136081014
14.008016032064127 -14.506905747329384 -17.37541101999307 -16.307104547328954 -16.41797042717938 -18.293285084350277 -17.953064315989113 -13.335866023119706 -11.815654338451793 -5.632801276803721 -9.967142062227676 -8.015988818966665 -15.372473764872343 -13.50675146412254 -18.095403587628002 -16.857161114624077 -12.033992436776863 -15.507222207447667 -14.237278788169139 -17.356361333361026 -16.280717416469237 -11.09081479994721 -18.05677190396283 -15.382333186955979 -16.871815790957196 -19.148830724799716 -18.86359503191228 -19.185719923334737 -16.876832526194843
14.06813627254509 -14.422412479773214 -17.32232559891857 -16.241361902211597 -16.358490286373346 -18.253403257940057 -17.907913437872427 -13.239791857438938 -11.694062442754305 -5.457963612137145 -9.858137454038172 -7.908864071237613 -15.295477595678808 -13.413471562802734 -18.046249734893618 -16.796403164635596 -11.916362430751299 -15.432340419574382 -14.149969207528077 -17.302925874658932 -16.214379083601393 -10.970872943796 -18.013321747124333 -15.309071178702869 -16.813876755694306 -19.12836026003267 -18.834269954998426 -19.171261331424475 -16.82484794594984
14.128256513026052 -14.323813589172936 -17.259823232296938 -16.164309937653716 -16.28872355299613 -18.20608992456563 -17.854535863343486 -13.127862702994221 -11.552789582374512 -5.255659412636027 -9.731909265923537 -7.7848066840938515 -15.205466142020782 -13.304788764318566 -17.988273519143593 -16.725115631384615 -11.779638757900248 -15.344783632301551 -14.04813211939338 -17.240021013424798 -16.136634954278346 -10.831479695950126 -17.961907924897176 -15.2234265300347 -16.745832335660733 -19.10340502648644 -18.799114521819487 -19.153236136617352 -16.763735558583157
14.188376753507013 -14.214662623920322 -17.190260620689344 -16.07878690817282 -16.211296979064205 -18.153202977038223 -17.794987615397844 -13.004066970499963 -11.396790939761914 -5.03292746918046 -9.593104809230173 -7.648386766752665 -15.105698119368355 -13.184596541780834 -17.923684252943108 -16.645958607080644 -11.628624502707254 -15.247738163583103 -13.935427937219789 -17.170016736618585 -16.050343532479978 -10.677522169150215 -17.90452464235596 -15.128539448845775 -16.67023597048475 -19.075098422326505 -18.75959218088802 -19.132555187731285 -16.69584898532232
14.248496993987976 -14.107786007988405 -17.122171927588585 -15.995057270731259 -16.13560649562162 -18.101469972435122 -17.736717575516092 -12.882816610695944 -11.243967646381385 -4.81492654002546 -9.457814142218908 -7.515427184020481 -15.007979308226346 -13.066920718868985 -17.86047776482291 -16.568511029741668 -11.480680125781106 -15.152717879433107 -13.825068173088209 -17.10149508460928 -15.965851648925007 -10.52667840130594 -17.848387215399306 -15.035695122851855 -16.59628056988325 -19.047508231154634 -18.720984199072017 -19.11246184134288 -16.62955426280833
14.308617234468937 -14.008647726160444 -17.05919860980268 -15.91749797090257 -16.065636143727193 -18.05376132011574 -17.68290479564925 -12.770254471251558 -11.101948612002808 -4.61232275881937 -9.332737817333072 -7.392512134192891 -14.917348229717959 -12.95773064642891 -17.80206483106274 -16.496849052675675 -11.343206117612727 -15.064630629692422 -13.722680723528224 -17.038117899518426 -15.887573291087449 -10.38648717817166 -17.79657302565928 -14.94969040524035 -16.527877419665362 -19.02236206380088 -18.685539962596582 -19.094327973797164 -16.568387214882865
14.3687374749499 -13.909366558195373 -16.99609439988926 -15.839800448492003 -15.995618950239017 -18.005941019700646 -17.62896964388217 -12.657523881785988 -10.959732834093057 -4.409682396663562 -9.208030671886682 -7.26994870578951 -14.826547092779691 -12.848411247214159 -17.743530498047956 -16.425089645450576 -11.205533253557533 -14.976401107285538 -13.620147823027988 -16.974609520522872 -15.809148418144101 -10.246082831445378 -17.744646973831113 -14.863595163938701 -16.459380317174883 -18.997161529328356 -18.650013823407736 -19.076163509455203 -16.507217250566466
14.428857715430862 -13.806134292851002 -16.930321106893373 -15.758914210213035 -15.922777493771552 -17.956007897121662 -17.57269594188669 -12.540343579607242 -10.812002785464117 -4.199577805516308 -9.079005054017326 -7.14311721121755 -14.732064013663805 -12.734803182478242 -17.682497374720356 -16.350393033648498 -11.062503506658771 -14.88460929011527 -13.51354704601846 -16.908417571469947 -15.727500581473652 -10.100210764332331 -17.690463955521647 -14.774066233439243 -16.388063822239847 -18.97070153858809 -18.61283724806091 -19.05701132388916 -16.443579327272726
14.488977955911823 -13.689359671412955 -16.85548115770594 -15.667152758552678 -15.84013169564777 -17.898918033563387 -17.508497172818256 -12.407928128985805 -10.645363474690814 -3.963343931753694 -8.933980515063329 -7.000510697875754 -14.625046437018618 -12.606435399628214 -17.612973962320694 -16.265610531598053 -10.901122027412857 -14.780639106044278 -13.392999594768646 -16.83310876165322 -15.634876328496858 -9.935630469376715 -17.628618218562906 -14.67269218098636 -16.30706755423402 -18.939951056123775 -18.57005992406007 -19.034468570857857 -16.371287819902527
14.549098196392785 -13.575989110613378 -16.782868901956203 -15.578091016467006 -15.760039108803916 -17.84357503834695 -17.4462339983166 -12.27932926950536 -10.48347638425442 -3.734051929610767 -8.793766123196498 -6.862600589259639 -14.52112157593173 -12.481820002295766 -17.545539143004564 -16.18338253770877 -10.744341432867259 -14.679711306990411 -13.27596020862119 -16.760040629942132 -15.5449656812009 -9.77572376281076 -17.568654782741238 -14.574350204338451 -16.22852142887197 -18.910270010788924 -18.528659709406234 -19.012791826809497 -16.30131022428463
14.609218436873746 -13.473645638000846 -16.717573436323523 -15.497841357879487 -15.688034026555506 -17.793991083557277 -17.390350817634914 -12.163121608282303 -10.336989729686419 -3.526500914767044 -8.667531096895189 -6.7384151884724055 -14.427332048981125 -12.369275487507107 -17.48495832266188 -16.10938795318087 -10.60249337757374 -14.588676215282968 -13.170280348678975 -16.694330657989358 -15.463935599980925 -9.631019661738751 -17.51487287655653 -14.485718051943124 -16.157874757092294 -18.88406372971511 -18.49177606360655 -18.993883897986233 -16.238542635767317
14.669338677354709 -13.378635612236653 -16.657136808863875 -15.42344768856836 -15.621411981367448 -17.748228545268 -17.33870218953003 -12.055154654408888 -10.200748062176146 -3.3334506529273815 -8.550649570498852 -6.623403643547533 -14.340277447914087 -12.264763424410145 -17.428928692046732 -16.0408689716692 -10.470578055089163 -14.504218117817478 -13.072155485465977 -16.633507111104517 -15.388806098674603 -9.49642664477663 -17.465194528376227 -14.40354672220284 -16.092480808028018 -18.860161213319465 -18.457888206751782 -18.976811544757105 -16.180577882287217
14.729458917835672 -13.266512387140086 -16.585242135281426 -15.335311095018245 -15.542411252291455 -17.693422494936186 -17.277038142489722 -11.927932587192906 -10.040604158078708 -3.1074226214181904 -8.413577894155182 -6.488451238970935 -14.237378188008158 -12.141605718365444 -17.36217062942493 -15.959613608042577 -10.315465445983005 -14.404371854885765 -12.956406373224603 -16.56116212214691 -15.299804175563132 -9.338183319087179 -17.40583442388445 -14.306414209997662 -16.01486217819506 -18.83084336001447 -18.416926376813088 -18.955464280527533 -16.111694809119168
14.789579158316633 -13.157526213234902 -16.515403141715943 -15.24966493049984 -15.465749958759591 -17.640227217327826 -17.217159936709496 -11.804230444790981 -9.884842042261681 -2.887772681454737 -8.280815454625507 -6.357688187341001 -14.137334541152786 -12.021904579151158 -17.29733915411763 -15.880710965317483 -10.164596828741487 -14.307332092776138 -12.843890198296108 -16.49088482107631 -15.213306529975874 -9.184252678612665 -17.348209997456063 -14.212068930985762 -15.939498690511087 -18.802504616157233 -18.377230889622904 -18.934905597673733 -16.044924486264076
14.849699398797595 -13.047920818502163 -16.445112661114543 -15.16349787078532 -15.388698643927796 -17.58666578204153 -17.156877869968206 -11.679823510710154 -9.728214711328036 -2.6672090936432395 -8.14781441986435 -6.226628392417556 -14.036677051760293 -11.90156144181682 -17.2320864969013 -15.801363396576892 -10.012881682291265 -14.209724209646238 -12.73073813812875 -16.420154073506108 -15.12627502264234 -9.029447103016341 -17.290203062401837 -14.117219348069963 -15.863705225819071 -18.773958507325098 -18.337254211692144 -18.914196179571064 -15.977851013883466
14.909819639278556 -12.936734808028163 -16.37372808215133 -15.076038679936818 -15.310560778592084 -17.53223125131086 -17.095630425331105 -11.553630122457605 -9.56937854677701 -2.4438771363424143 -8.013420605818826 -6.094127784760261 -13.934516367888794 -11.779528824926299 -17.1658110490639 -15.720856296076573 -9.859016416242678 -14.110684542064183 -12.615960031433104 -16.348323711136068 -15.037931201348727 -8.872437625794714 -17.23127085639261 -14.021024440990768 -15.786795591383012 -18.74490144008536 -18.296599849870194 -18.893096295511707 -15.9098594217423
14.969939879759519 -12.814582491771045 -16.294973875142116 -14.979755656563434 -15.224546000275492 -17.471974447594665 -17.027934768675888 -11.415088657798115 -9.39521726668156 -2.199659470992528 -7.8664931997132115 -5.949177770040727 -13.822167138856269 -11.64557774684161 -17.092637862405866 -15.632209048713285 -9.690273156279147 -14.001777131437636 -12.489889286456695 -16.269083376776585 -14.94067276399301 -8.700248288870807 -17.16611337769571 -13.915277633072964 -15.702069711535511 -18.712374689416787 -18.25139931941079 -18.86927242977437 -15.834958800202212
15.03006012024048 -12.70021977620507 -16.221386510144065 -14.889697460625744 -15.144233218825889 -17.41578112161939 -16.96474253414438 -11.28530327630057 -9.23193872062992 -1.9708146297102962 -7.7293401604991985 -5.8137962863837735 -13.716979473932042 -11.520156388893707 -17.024303849183877 -15.549378042968957 -9.532083507914415 -13.899860285003117 -12.371843342138487 -16.19503922293079 -14.849687828369209 -8.538804043528891 -17.105318986083446 -13.816385070012522 -15.622921502328158 -18.682291065159525 -18.209381240107305 -18.84739075755895 -15.765136473538828
15.090180360721442 -12.585241308247177 -16.14734839958139 -14.799120696351178 -15.063534925196365 -17.35922125110891 -16.901146204465824 -11.15481669902983 -9.06779796378295 -1.7410938244192513 -7.591938928418607 -5.678086301694702 -13.611178850313472 -11.394101335306747 -16.955549652068147 -15.466109419416682 -9.373050881807405 -13.797379935120178 -12.253165206690806 -16.120542452128728 -14.758170592209545 -8.376487367944296 -17.044142948457512 -13.716993395758053 -15.54334858591714 -18.651999790851473 -18.167081730458428 -18.825358718582766 -15.695017364823567
15.150300601202405 -12.470178857852385 -16.073215370774427 -14.708452415876465 -14.982834660489974 -17.302575296135316 -16.837456571909737 -11.024227561079655 -8.903538020530917 -1.5115250772505133 -7.454905688832749 -5.542653286665317 -13.505257749034875 -11.267992523587086 -16.886708371664422 -15.38279926677393 -9.213896617811088 -13.69481464220083 -12.134402575941134 -16.045950878930046 -14.666552126504513 -8.214033699863919 -16.982885744210687 -13.617567059966262 -15.463730716929174 -18.621667890995482 -18.124719720574554 -18.803307683942872 -15.624939340325081
15.210420841683366 -12.340717743815404 -15.989404706513302 -14.606198221301838 -14.891805064179184 -17.238284289688846 -16.765298873659056 -10.87742245238034 -8.719148005579402 -1.2545945440037114 -7.3014484486211195 -5.390870756022238 -13.385952668801988 -11.126243558045562 -16.808810655364052 -15.288813370557676 -9.03520025337918 -13.579295581656135 -12.000812754962116 -15.961628791209339 -14.563226436027534 -8.03163830889126 -16.91345614217484 -13.505607918306257 -15.373859580011153 -18.586787020970586 -18.076392074536205 -18.777690593078674 -15.545810762782466
