web/models/mosfit_kne/mosfit_kn_1.0000/mosfit_kn_0.002290_0.0770_1.0000.dat
# %ECSV 1.0
# ---
# datatype:
# - {name: time, datatype: float64}
# - {name: PS1_g, datatype: float64}
# - {name: PS1_i, datatype: float64}
# - {name: PS1_r, datatype: float64}
# - {name: PS1_w, datatype: float64}
# - {name: PS1_y, datatype: float64}
# - {name: PS1_z, datatype: float64}
# - {name: swift_uvot_B, datatype: float64}
# - {name: swift_uvot_U, datatype: float64}
# - {name: swift_uvot_uvm2, datatype: float64}
# - {name: swift_uvot_uvw1, datatype: float64}
# - {name: swift_uvot_uvw2, datatype: float64}
# - {name: swift_uvot_V, datatype: float64}
# - {name: johnson_B, datatype: float64}
# - {name: johnson_I, datatype: float64}
# - {name: johnson_R, datatype: float64}
# - {name: johnson_U, datatype: float64}
# - {name: johnson_V, datatype: float64}
# - {name: sdss_g, datatype: float64}
# - {name: sdss_i, datatype: float64}
# - {name: sdss_r, datatype: float64}
# - {name: sdss_u, datatype: float64}
# - {name: sdss_z, datatype: float64}
# - {name: ATLAS_c, datatype: float64}
# - {name: ATLAS_o, datatype: float64}
# - {name: ukirt_H, datatype: float64}
# - {name: ukirt_J, datatype: float64}
# - {name: ukirt_K, datatype: float64}
# - {name: Clear, datatype: float64}
# meta: !!omap
# - comment: [kappa = 1.0, type = rprocess, mass = 0.0022901433483143324, velocity = 0.07700000000000001, theta_obs = 0.0, tfloor = 1000.0]
# schema: astropy-2.0
time PS1_g PS1_i PS1_r PS1_w PS1_y PS1_z swift_uvot_B swift_uvot_U swift_uvot_uvm2 swift_uvot_uvw1 swift_uvot_uvw2 swift_uvot_V johnson_B johnson_I johnson_R johnson_U johnson_V sdss_g sdss_i sdss_r sdss_u sdss_z ATLAS_c ATLAS_o ukirt_H ukirt_J ukirt_K Clear
[from data line 57]
3.4869739478957915 -3.9849600432045307 -8.26232086060779 -6.625115236432162 -7.075683542843638 -9.781459386139009 -9.199101527100932 -2.280237568184652 0.3989294884347674 8.82906639569297 1.3387853137588661 3.239368294160571 -5.166051675907391 -2.6050406963888624 -9.164267960179384 -7.428279072445368 0.004373051955848362 -5.416258073559701 -3.5880384278065236 -8.227514952900883 -6.566159891813239 1.0608600938212476 -9.386461558710764 -5.397095128538201 -7.56930513008939 -11.540931100239058 -10.842547849948206 -11.862170241475043 -7.8990134489589
3.5470941883767533 -3.7465454173628565 -8.114075305715165 -6.440453990942192 -6.916107138831151 -9.672164165011843 -9.073975076830862 -2.0068425349563865 0.74754121247004 9.310924732831985 1.612109876609669 3.5133766345129804 -4.946551252106251 -2.343514039868819 -9.028023299486733 -7.261941527329186 0.34167995916676086 -5.205650579367764 -3.3414263621438067 -8.078264995600613 -6.3790236842321235 1.406051290576098 -9.267209873063127 -5.195018436409864 -7.410840389749449 -11.49140080754753 -10.765673476541194 -11.831720575545324 -7.764505880901176
3.6072144288577155 -3.5093810079562537 -7.966359326017454 -6.256620667745452 -6.757472215514166 -9.56312585720303 -8.949199705726478 -1.734900040900601 1.0942246081370757 9.788467341753343 1.8826804568508497 3.785164910260687 -4.728018934217293 -2.0835844157656997 -8.892250601968403 -7.09654401411455 0.6771300139762172 -4.996126367699547 -3.096126340838481 -7.929554093660762 -6.192691443177782 1.7493926756193368 -9.148325431850317 -4.994099874505942 -7.253200989219284 -11.441831640543112 -10.688895916060497 -11.801166471140439 -7.630922254794985
3.6673346693386772 -3.273339559309072 -7.819099144789128 -6.073520791063256 -6.599680406195496 -9.454290557746194 -8.824713852979258 -1.4642670486559617 1.4391641518571243 10.261985468902616 2.150732045336437 4.0549571830645945 -4.510345078340319 -1.8251096888255207 -8.756881746752178 -6.93199755662554 1.0108990462562661 -4.787577894645325 -2.8520067210916267 -7.781307998687748 -6.007068744396555 2.091062290207617 -9.02974895335051 -4.794223341627841 -7.096299695356905 -11.39219453991968 -10.612175304166145 -11.770485375394005 -7.498171562464542
3.727454909819639 -3.038270752726273 -7.672204737748718 -5.891040812223984 -6.442617949244891 -9.345591346074134 -8.700441576450189 -1.194774397799253 1.7825763966074784 10.73181109872333 2.4165140076771334 4.32299236462654 -4.293397867883464 -1.5679230779686508 -8.62183341463136 -6.768196083847944 1.3431942144762732 -4.579876546055119 -2.6089121498497825 -7.633436135129479 -5.822041773409428 2.431270332761102 -8.911407388078185 -4.59525333552973 -6.940032881032785 -11.342452939662804 -10.53546171270831 -11.73964907672026 -7.366150056430882
3.787575150300601 -2.804140874095822 -7.525664026032004 -5.709160662310175 -6.286254896937322 -9.237022742308003 -8.576375063876771 -0.926384277740776 2.124514333485905 11.198056544356639 2.680136349238609 4.5893692949170415 -4.077153708383546 -1.3119841913311385 -8.48709515122722 -6.605119252488934 1.6740640928675243 -4.372998195112971 -2.3668073739352025 -7.485926297663141 -5.637591211119126 2.7700651322032854 -8.793293345634687 -4.397155884271591 -6.784379460239798 -11.29260668610179 -10.458753041605975 -11.708657821451903 -7.2348274362738785
3.847695390781563 -2.570819491982661 -7.379399174034482 -5.527781959506903 -6.130493225762663 -9.12852713477017 -8.452448780630029 -0.658949761606521 2.4651662000576557 11.661013265342262 2.9418086429920725 4.854287469775894 -3.861498261621848 -1.0571482258951586 -8.352595005069283 -6.442675348821052 2.0036886930705466 -4.166831498957124 -2.1255575837422924 -7.338700177692932 -5.4536184417459665 3.1076293971282176 -8.675343910369975 -4.199813647103063 -6.629249731740874 -11.242624924889098 -10.382006653902332 -11.677488092769826 -7.1041146590138915
3.9078156312625247 -2.338232943429297 -7.233370071471494 -5.346851677128832 -5.975275936463671 -9.02007657634254 -8.328630112618818 -0.39238784742024463 2.8046404951530413 12.120865398585355 3.2016703106615556 5.117876026635489 -3.646369700423631 -0.8033319771702134 -8.218296279128651 -6.2808143080541905 2.332170776644087 -3.961315870249142 -1.8850864527193778 -7.191717400008777 -5.270070676866538 3.444067020839565 -8.557527905749716 -4.003158852680251 -6.474594121746549 -11.192494377125469 -10.305202988843634 -11.646130132264448 -6.97395877039817
3.967935871743487 -2.1063082815341616 -7.087536599893465 -5.166317022077411 -5.820547095756581 -8.911642966532067 -8.204886324257483 -0.1266162793014935 3.143044500738732 12.577794634154365 3.4598539986619596 5.380257591781735 -3.431706454059243 -0.5504531843051768 -8.084162249562478 -6.119486438867406 2.6596120600808493 -3.756391119006037 -1.6453184193548331 -7.044937586559978 -5.086895312452668 3.7794809165862375 -8.439814074699967 -3.8071246904509515 -6.320363467344965 -11.142201705409727 -10.22832235595448 -11.614574209095936 -6.844308099867806
4.028056112224449 -1.8749817685482562 -6.9418643990280415 -4.986132305149429 -5.666257797332737 -8.803202617290662 -8.081189617915463 0.13843686756715884 3.4804723886706768 13.031964580863328 3.71647701323969 5.641539598179875 -3.2174551787833154 -0.29843968728661735 -7.950161555167884 -5.958648665307174 2.9861016613866087 -3.5520051006089277 -1.4061874302197452 -6.898326153133834 -4.904046887954454 4.113961202168461 -8.322175941998502 -3.6116526246434866 -6.166515025359249 -11.091736187518427 -10.151348475897704 -11.58281268158502 -6.715117391086096
4.0881763527054105 -1.6441999499362403 -6.7963256313626275 -4.806259833029873 -5.512366851124728 -8.69473686634823 -7.957517813031618 0.40283196678326477 3.817003718019798 13.483518988783999 3.971640907530816 5.901813802389185 -3.003571804083223 -0.047230555983088174 -7.816268910243017 -5.7982653011217105 3.311714634242857 -3.348114691657533 -1.1676380437131328 -6.751855077359323 -4.721487997064475 4.44758368941752 -8.204592458650861 -3.4166932825380414 -6.01301322311123 -11.041090059102137 -10.07426894822524 -11.550840247827486 -6.586348350046389
4.148296593186372 -1.4139208573074136 -6.650899832930577 -4.626670902596306 -5.358841567355945 -8.586232759812322 -7.833855101648304 0.6666164760250914 4.152701749517984 13.932579748734245 4.2254308473226665 6.161155559820571 -2.7900226988883263 0.2032226466437554 -7.682465897717111 -5.638308911871708 3.6365103268986654 -3.1446868768382226 -0.9296266663432284 -6.605503753231865 -4.539190302501286 4.78040819385658 -8.087048718458973 -3.222207454911654 -5.859830497368126 -10.990258899483932 -9.997075773827449 -11.518654230749286 -6.4579702756601876
4.208416833667335 -1.1840986378564722 -6.5055635510613286 -4.447333424281386 -5.205646838984688 -8.477674857231818 -7.710182966415928 0.9298422676371565 4.487635006026078 14.379275211999346 4.4779329001008605 6.419641401845265 -2.5767703125552126 0.4529724392170526 -7.548731286086855 -5.478749063078159 3.9605532971969093 -2.9416849621191483 -0.6921057268204756 -6.459248574226297 -4.357122005923149 5.112499912262933 -7.969527227818745 -3.028152797381285 -5.70693644378208 -10.939236796315102 -9.919758984982268 -11.48625082562308 -6.32995059017091
4.268537074148297 -0.9546951079677157 -6.360298177037063 -4.268221255743807 -5.052753278203692 -8.369051436151693 -7.5864870548493 1.1925525937321957 4.821861079728116 14.82371898247036 4.729221844910825 6.677336603041809 -2.363784008885557 0.7020629824748921 -7.415048348759355 -5.31956078160776 4.283897593328046 -2.7390789565487568 -0.4550355696417263 -6.313070806728209 -4.175257303286202 5.44391334574426 -7.852014508026528 -2.8344937888781097 -5.554305976347784 -10.888019991035128 -9.842311461901632 -11.453627916746674 -6.202261852075708
4.328657314629258 -0.7256829731205627 -6.2150921535433135 -4.089316817300048 -4.900139443075666 -8.260356248602942 -7.4627591243596925 1.4547784491022397 5.155422116664052 15.266004169927033 4.979358121563564 6.934291993114755 -2.15104311245262 0.9505266424490306 -7.281406925053338 -5.160726890729824 4.606582370021844 -2.5368484630929418 -0.21838776802288962 -6.166958808267093 -3.993579040416595 5.774687806598422 -7.734502954902638 -2.6412044816221325 -5.401921589813021 -10.836607903120077 -9.764730292168887 -11.420785860873488 -6.07488364298959
4.38877755511022 -0.4970312735278881 -6.06993114684812 -3.910599364451528 -4.7477815330002215 -8.151580744172584 -7.3389884232690505 1.7165549854179474 5.488365240919713 15.70622999061715 5.228403929196084 7.190560397843107 -1.9385232908145802 1.1983996558481065 -7.14779423906312 -5.002227383943343 4.928651699325737 -2.3349696302903817 0.017869860461754428 -6.020898148460585 -3.8120668344543063 6.104867675805394 -7.616982561897494 -2.448255929470111 -5.249763101357505 -10.784998550091272 -9.68701073091564 -11.387723940843022 -5.947793657466249
4.448897795591182 -0.2686359180988518 -5.924750993664212 -3.7319889364432335 -4.595604455428379 -8.04267678365349 -7.215120373269581 1.977999877796791 5.820840071898541 16.144627519011078 5.476498099248275 7.446273661749615 -1.7261313913407441 1.4457966764093972 -7.014150957448911 -4.843988903726289 5.250249145713884 -2.1333529243629608 0.2538447604226235 -5.8748243159898195 -3.6306402588347986 6.434599176543863 -7.49940130640681 -2.255556343052625 -5.0977587849204475 -10.733166633229219 -9.609117269397023 -11.354423444857405 -5.820925600618718
4.509018036072144 -0.04065406385763026 -5.779664250387615 -3.5536162185348275 -4.443717320587233 -7.933736170779859 -7.091255503895972 2.2389360948440364 6.152629401806848 16.580953552138325 5.723496717105068 7.701273186286684 -1.5140191300318697 1.6925518504952526 -6.8805827735280465 -4.686128087755528 5.5711625554007576 -1.9321427647122367 0.4893754377621562 -5.728850424444829 -3.4494323718901576 6.763664594477312 -7.381855906643153 -2.063239142429385 -4.946020679344194 -10.681169048771915 -9.531122945291093 -11.320929134713927 -5.694371811840568
4.569138276553106 0.1870439847283123 -5.634588914610621 -3.3753802340961947 -4.292027315267468 -7.824696454573221 -6.967323455606049 2.499510228042067 6.483918479670265 17.01548462188002 5.96956308668533 7.955716201301147 -1.3020689832277845 1.9388072502165306 -6.747013648542569 -4.528552602907923 5.891570214064934 -1.7312263524946634 0.7245956651736662 -5.5828940357463175 -3.268341418090177 7.092245729893492 -7.2642791966677045 -1.8711907212463963 -4.79445884344214 -10.628971970653412 -9.452981046033562 -11.287215711663608 -5.568050939838933
4.629258517034068 0.414477420523891 -5.489517590122741 -3.1972690125093806 -4.14051964943317 -7.715554209012829 -6.843319310460956 2.7597442234817473 6.814737339372652 17.44829591201595 6.214740079061549 8.209636452988956 -1.0902668847111776 2.1845862163615553 -6.613437207372509 -4.371250465814048 6.211499920593305 -1.530589795853705 0.9595254500212214 -5.436947702518555 -3.087355830169116 7.420370447149569 -7.1466667811485785 -1.6793928184341134 -4.643061053076476 -10.576576212585225 -9.374690619943793 -11.253284632811267 -5.441948913054482
4.68937875751503 0.641656769005845 -5.344448537465016 -3.019277424412934 -3.989185758675813 -7.606310412373993 -6.719243066162068 3.019650260838781 7.145103713618237 17.87944630756401 6.4590600972373835 8.463057039062601 -0.8786067465645012 2.4299027556449064 -6.4798523376202075 -4.214215847995296 6.530967614140753 -1.3302268262170511 1.194175865118865 -5.29100966444922 -2.9064709631035512 7.748054496362808 -7.029018972238816 -1.4878347399308467 -4.4918210978577555 -10.523985116074568 -9.29625408460568 -11.219139302059025 -5.316057092202655
4.749498997995992 0.8686001664098875 -5.19937464726608 -2.8413940498597157 -3.8380118462279 -7.496961707916547 -6.595089951019535 3.279249117482718 7.475045897531096 18.309007693822586 6.702562597715094 8.716008492927362 -0.6670751833329661 2.6747789863202303 -6.346252894508658 -4.057437267718556 6.849999540984733 -1.1301242315541924 1.4285658044622451 -5.1450727659038975 -2.7256757799707643 8.075324200557006 -6.911331510737284 -1.2964993415818071 -4.340727346427862 -10.471199416892246 -9.217670448784252 -11.184781109042701 -5.1903624242873825
4.809619238476953 1.0953210906776256 -5.054291769743315 -2.663611089413145 -3.686987499537242 -7.3875070115271235 -6.4708577443574455 3.5385563251489396 7.8045855272235976 18.73704280185169 6.945281075280327 8.96851535149192 -0.4556630393012931 2.919231990952223 -6.212635479061933 -3.900906500881896 7.168615552041 -0.9302728453696727 1.6627093552659744 -4.99913282731363 -2.54496290170513 8.402199358658056 -6.793602578972404 -1.105373582361171 -4.189771372858182 -10.418221126154704 -9.13894043844335 -11.1502124220876 -5.064854835608283
4.869739478957916 1.3218294591712265 -4.909197982897187 -2.4859234858058166 -3.5361049030058567 -7.277946936285797 -6.346546137598903 3.7975834071006433 8.133739124013744 19.16360720100277 7.18724435679194 9.220597469281802 -0.2443643689672584 3.16327500312839 -6.078998754707455 -3.7446177794123985 7.486830599298429 -0.7306665639659446 1.8966169288163393 -4.8531879093209085 -2.3643277185063383 8.72869477354195 -6.675832185584554 -0.9144475696428955 -4.038947184344117 -10.365053191692988 -9.06006605040332 -11.11543632514289 -4.939526543711974
4.929859719438878 1.5481409646001687 -4.76408726423724 -2.30832139266953 -3.3853522785523538 -7.168278774153034 -6.222151172547878 4.056348410775631 8.462531216262548 19.588765970879212 7.428486584495335 9.472280377882726 -0.0331676679677287 3.4069273902975676 -5.945337541019163 -3.5885610467716527 7.8046674518283226 -0.5312940059202707 2.1303048694513116 -4.707231953090147 -2.183760750627748 9.054833271817735 -6.558016843980923 -0.7237065281667299 -3.8882446765276946 -10.311696552771215 -8.98104666274964 -11.08045434773677 -4.814366435112198
4.98997995991984 1.7742630506801227 -4.618959019765079 -2.130801504065918 -3.2347237168727894 -7.058504060388664 -6.097673621897162 4.3148600833841835 8.790974640657723 20.0125685883441 7.6690324099463325 9.723579919876745 0.1779309371800927 3.65019966195868 -5.811651708711248 -3.4327321003850146 8.122137599884176 -0.33215105137383216 2.363781021432114 -4.561264356271799 -2.0032591418002177 9.380626148287519 -6.440157589710029 -0.5331428498575974 -3.7376594731924584 -10.258154580622135 -8.901884899975181 -11.045269885734983 -4.689368478104239
5.050100200400801 2.000208278139155 -4.473809017437507 -1.9533562682529215 -3.0842097949391523 -6.948621381260498 -5.973111018749506 4.57313295184984 9.119089327181982 20.435072790536278 7.908911217642274 9.974517021211962 0.3889402494032687 3.8931077557298503 -5.677937717859961 -3.277122939379507 8.439259459056732 -0.13322890191819178 2.5970584853244105 -4.415280861668602 -1.8228157172923254 9.706091807014996 -6.3222523560803445 -0.3427446013164115 -3.587183557233793 -10.204428857760808 -8.822581058547899 -11.00988494928714 -4.564523687548796
5.110220440881763 2.22598633788083 -4.328634817642705 -1.7759803420253029 -2.9338031707078116 -6.83863068655155 -5.848462433936685 4.83117831051035 9.44689108125882 20.85633028715819 8.148148717789958 10.225108958391452 0.5998664861271116 4.135664503447082 -5.5441936869925454 -3.121727538278745 8.756047495705477 0.06547877899081092 2.8301473986886094 -4.269279014352012 -1.6424255322928616 10.031244623768831 -6.204300543292689 -0.15250238316054876 -3.436810873580338 -10.150521709738046 -8.743136450814786 -10.974302112705592 -4.439824908699688
