web/models/mosfit_kne/mosfit_kn_1.0000/mosfit_kn_0.014776_0.3277_1.0000.dat
# %ECSV 1.0
# ---
# datatype:
# - {name: time, datatype: float64}
# - {name: PS1_g, datatype: float64}
# - {name: PS1_i, datatype: float64}
# - {name: PS1_r, datatype: float64}
# - {name: PS1_w, datatype: float64}
# - {name: PS1_y, datatype: float64}
# - {name: PS1_z, datatype: float64}
# - {name: swift_uvot_B, datatype: float64}
# - {name: swift_uvot_U, datatype: float64}
# - {name: swift_uvot_uvm2, datatype: float64}
# - {name: swift_uvot_uvw1, datatype: float64}
# - {name: swift_uvot_uvw2, datatype: float64}
# - {name: swift_uvot_V, datatype: float64}
# - {name: johnson_B, datatype: float64}
# - {name: johnson_I, datatype: float64}
# - {name: johnson_R, datatype: float64}
# - {name: johnson_U, datatype: float64}
# - {name: johnson_V, datatype: float64}
# - {name: sdss_g, datatype: float64}
# - {name: sdss_i, datatype: float64}
# - {name: sdss_r, datatype: float64}
# - {name: sdss_u, datatype: float64}
# - {name: sdss_z, datatype: float64}
# - {name: ATLAS_c, datatype: float64}
# - {name: ATLAS_o, datatype: float64}
# - {name: ukirt_H, datatype: float64}
# - {name: ukirt_J, datatype: float64}
# - {name: ukirt_K, datatype: float64}
# - {name: Clear, datatype: float64}
# meta: !!omap
# - comment: [kappa = 1.0, type = rprocess, mass = 0.014775890654408853, velocity = 0.32766666666666666, theta_obs = 0.0, tfloor = 1000.0]
# schema: astropy-2.0
time PS1_g PS1_i PS1_r PS1_w PS1_y PS1_z swift_uvot_B swift_uvot_U swift_uvot_uvm2 swift_uvot_uvw1 swift_uvot_uvw2 swift_uvot_V johnson_B johnson_I johnson_R johnson_U johnson_V sdss_g sdss_i sdss_r sdss_u sdss_z ATLAS_c ATLAS_o ukirt_H ukirt_J ukirt_K Clear
[from data line 468]
28.196392785571142 11.310060720280699 2.428231907081404 5.903302685119254 3.9353788736152673 -1.094958141443847 0.3227178234032735 14.849967296845186 21.50891139474009 35.39750669876927 17.474493926814656 19.9875104332943 9.269577413151485 13.646029979878978 0.8747186006594712 3.844751367384453 20.477910215488347 8.31455507798273 12.122600821595135 2.509487859194408 6.131791344615696 22.010016924914915 -0.2507097886187104 7.882379254861895 3.4299667302521186 -6.043945519359343 -3.8944562238696516 -7.404234199832514 1.6494848298539289
28.256513026052104 11.31774554259989 2.4359167294005957 5.9109875074384455 3.943063695934459 -1.0872733191246553 0.33040264572246514 14.85765211916436 21.51659621705928 35.405191521088454 17.48217874913383 19.995195255613492 9.277262235470676 13.65371480219817 0.882403422978645 3.8524361897036448 20.48559503780754 8.322239900301922 12.130285643914327 2.5171726815135997 6.13947616693487 22.017701747234106 -0.24302496629951875 7.890064077181087 3.4376515525713103 -6.036260697040151 -3.88677140155046 -7.396549377513322 1.6571696521731205
28.316633266533064 11.32542178998385 2.443592976784572 5.918663754822422 3.9507399433184354 -1.0795970717406789 0.33807889310644157 14.865328366548336 21.524272464443257 35.41286776847243 17.489854996517806 20.00287150299747 9.284938482854653 13.661391049582146 0.8900796703626215 3.860112437087621 20.493271285191504 8.329916147685898 12.137961891298303 2.524848928897576 6.147152414318846 22.025377994618083 -0.23534871891554232 7.8977403245650635 3.445327799955269 -6.028584449656175 -3.8790951541664835 -7.388873130129346 1.664845899557097
28.376753507014026 11.333089467639343 2.451260654440066 5.926331432477916 3.9584076209739294 -1.0719293940851848 0.3457465707619356 14.87299604420383 21.53194014209875 35.42053544612792 17.4975226741733 20.010539180652952 9.292606160510129 13.66905872723764 0.8977473480181155 3.8677801147431152 20.500938962847002 8.337583825341392 12.145629568953797 2.5325166065530524 6.15482009197434 22.033045672273577 -0.22768104126006605 7.9054080022205575 3.452995477610763 -6.020916772000681 -3.8714274765109895 -7.3812054524738695 1.6725135772125732
28.43687374749499 11.34074858357664 2.4589197703773458 5.933990548415196 3.966066736911209 -1.0642702781479052 0.35340568669921524 14.88065516014111 21.53959925803603 35.42819456206521 17.505181790110598 20.01819829659024 9.300265276447426 13.67671784317492 0.9054064639553951 3.875439230680395 20.50859807878429 8.345242941278672 12.153288684891077 2.54017572249035 6.1624792079116375 22.040704788210856 -0.22002192532276865 7.913067118157837 3.4606545935480604 -6.013257656063401 -3.86376836057371 -7.373546336536572 1.6801726931498706
28.49699398797595 11.348399145343109 2.4665703321438315 5.9416411101816635 3.9737172986776947 -1.0566197163814373 0.36105624846570095 14.888305721907596 21.54724981980251 35.435845123831676 17.512832351877066 20.025848858356717 9.307915838213894 13.684368404941406 0.9130570257218809 3.8830897924468806 20.516248640550756 8.35289350304514 12.160939246657545 2.547826284256818 6.1701297696781054 22.048355349977335 -0.2123713635563007 7.920717679924305 3.4683051553145283 -6.005607094296933 -3.856117798807242 -7.365895774770104 1.6878232549163386
28.557114228456914 11.356041159962693 2.474212346763398 5.949283124801248 3.9813593132972613 -1.048977701761853 0.36869826308526754 14.89594773652718 21.554891834422083 35.44348713845127 17.52047436649665 20.03349087297629 9.315557852833479 13.692010419560972 0.9206990403414652 3.890731807066447 20.52389065517034 8.360535517664724 12.16858126127713 2.555468298876402 6.17777178429769 22.05599736459691 -0.20472934893671635 7.9283596945438894 3.4759471699341127 -5.997965079677349 -3.8484757841876576 -7.35825376015052 1.695465269535923
28.617234468937873 11.363674630832534 2.481845817633257 5.956916595671089 3.9889927841671025 -1.0413442308920118 0.3763317339551264 14.903581207397021 21.562525305291935 35.4511206093211 17.52810783736649 20.041124343846143 9.32319132370332 13.699643890430831 0.9283325112113063 3.898365277936306 20.531524126040182 8.368168988534565 12.17621473214697 2.5631017697462433 6.185405255167531 22.06363083546676 -0.19709587806687523 7.935993165413731 3.483580640803954 -5.990331608807508 -3.8408423133178164 -7.350620289280679 1.703098740405764
28.677354709418836 11.37129956388943 2.4894707506901526 5.964541528728002 3.996617717224016 -1.0337192978351162 0.383956667012022 14.911206140453917 21.570150238348837 35.45874554237801 17.535732770423387 20.048749276903038 9.330816256760215 13.707268823487727 0.9359574442682019 3.9059902109932017 20.539149059097085 8.375793921591479 12.183839665203884 2.570726702803139 6.1930301882244265 22.071255768523663 -0.18947094500997963 7.943618098470644 3.4912055738608494 -5.9827066757505944 -3.833217380260903 -7.342995356223783 1.7107236734626596
28.7374749498998 11.378915969399266 2.4970871561999886 5.972157934237821 4.004234122733852 -1.0261028923252802 0.391573072521858 14.918822545963753 21.577766643858666 35.46636194788784 17.543349175933223 20.056365682412874 9.338432662270051 13.714885228997563 0.9435738497780379 3.9136066165030376 20.54676546460692 8.383410327101297 12.191456070713702 2.578343108312975 6.2006465937342625 22.078872174033492 -0.18185453950014363 7.95123450398048 3.4988219793706854 -5.975090270240776 -3.825600974751085 -7.335378950713947 1.7183400789724956
28.79759519038076 11.38652385584173 2.504695042642453 5.979765820680303 4.011842009176316 -1.018495005882798 0.3991809589643225 14.926430432406217 21.585374530301138 35.47396983433031 17.550957062375687 20.06397356885534 9.346040548712516 13.722493115440027 0.9511817362205024 3.921214502945502 20.554373351049385 8.391018213543779 12.199063957156184 2.5859509947554393 6.208254480176727 22.086480060475964 -0.17424665305767917 7.958842390422944 3.50642986581315 -5.967482383798294 -3.8179930883086026 -7.327771064271483 1.72594796541496
28.857715430861724 11.394123227705393 2.5122944145061155 5.987365192543965 4.019441381039979 -1.0108956340191355 0.4067803308279849 14.93402980426988 21.5929739021648 35.481569206193974 17.55855643423935 20.071572940719 9.353639920576196 13.73009248730369 0.9587811080841648 3.9288138748091646 20.561972722913048 8.398617585407441 12.206663329019847 2.5935503666191018 6.215853852040389 22.094079432339626 -0.16664728119401673 7.966441762286607 3.5140292376768123 -5.9598830119346315 -3.81039371644494 -7.32017169240782 1.7335473372786403
28.917835671342683 11.401714087597803 2.5198852743985256 5.994956052436375 4.027032240932389 -1.0033047741267431 0.4143711907203951 14.94162066416229 21.600564762057203 35.489160066086384 17.56614729413176 20.07916380061141 9.361230780468588 13.7376833471961 0.966371967976575 3.9364047347015747 20.569563582805458 8.406208445299852 12.214254188912257 2.601141226511512 6.2234447119328 22.10167029223203 -0.15905642130160658 7.974032622179017 3.5216200975692225 -5.952292152042221 -3.802802856552548 -7.31258083251541 1.7411381971710327
28.977955911823646 11.409296443858139 2.5274676306588617 6.002538408696694 4.034614597192725 -0.995722417866407 0.4219535469807312 14.949203020422626 21.60814711831754 35.496742422346706 17.573729650392096 20.086746156871747 9.368813136728924 13.745265703456436 0.9739543242369111 3.943987090961911 20.577145939065787 8.41379080156017 12.221836545172575 2.608723582771848 6.231027068193136 22.109252648492365 -0.15147406504127048 7.981614978439335 3.5292024538295586 -5.944709795781903 -3.7952205002922117 -7.304998476255074 1.7487205534313688
29.03807615230461 11.416870301386535 2.5350414881872574 6.010112266225107 4.042188454721121 -0.9881485603379936 0.42952740450912685 14.956776877951022 21.615720975845942 35.50431627987511 17.58130350792049 20.09432001440015 9.376386994257338 13.752839560984832 0.9815281817653068 3.9515609484903065 20.584719796594193 8.421364659088583 12.229410402700989 2.6162974403002615 6.238600925721531 22.116826506020768 -0.14390020751285704 7.989188835967749 3.5367763113579542 -5.93713593825349 -3.7876466427637983 -7.2974246187266605 1.7562944109597822
29.09819639278557 11.424435671935722 2.5426068587364448 6.017677636774295 4.049753825270308 -0.980583189788824 0.43709277505831423 14.964342248500209 21.62328634639512 35.5118816504243 17.58886887846968 20.10188538494933 9.383952364806508 13.76040493153402 0.9890935523144941 3.959126319039494 20.59228516714338 8.42893002963777 12.236975773250176 2.623862810849431 6.246166296270719 22.124391876569945 -0.13633483696368742 7.996754206516936 3.5443416819071416 -5.929570567704302 -3.780081272214611 -7.289859248177491 1.7638597815089518
29.158316633266534 11.431992566532596 2.550163753333319 6.025234531371151 4.057310719867164 -0.9730262951919499 0.44464966965518826 14.971899143097083 21.630843240991993 35.51943854502117 17.596425773066553 20.109442279546197 9.391509259403382 13.767961826130875 0.9966504469113682 3.96668321363635 20.599842061740244 8.436486924234627 12.244532667847032 2.631419705446305 6.253723190867593 22.13194877116682 -0.1287779423668134 8.004311101113792 3.5518985765040156 -5.922013673107446 -3.7725243776177546 -7.282302353580617 1.7714166761058259
29.218436873747493 11.439540982552678 2.557712169353401 6.032782947391251 4.064859135887264 -0.9654778791718677 0.45219808567527053 14.979447559117165 21.638391657012086 35.52698696104126 17.603974189086635 20.116990695566287 9.399057675423464 13.775510242150975 1.0041988629314504 3.97423162965645 20.607390477760333 8.444035340254727 12.252081083867132 2.6389681214663874 6.261271606887675 22.13949718718691 -0.12122952634673112 8.011859517133892 3.559446992524098 -5.914465257087346 -3.7649759615976546 -7.274753937560535 1.7789650921259081
29.278557114228455 11.447080928690792 2.565252115491514 6.040322893529346 4.0723990820253775 -0.9579379330337545 0.4597380318133837 14.986987505255279 21.64593160315019 35.53452690717937 17.61151413522475 20.1245306417044 9.406597621561577 13.783050188289089 1.0117388090695636 3.9817715757945633 20.61493042389845 8.451575286392822 12.259621030005246 2.6465080676045005 6.268811553025788 22.147037133325014 -0.11368958020861797 8.019399463272006 3.566986938662211 -5.9069253109492506 -3.757436015459559 -7.267213991422421 1.7865050382640213
29.338677354709418 11.454612420186479 2.572783606987201 6.047854385025033 4.0799305735210645 -0.9504064415380675 0.4672695233090707 14.994518996750966 21.65346309464588 35.542058398675046 17.619045626720435 20.132062133200087 9.414129113057264 13.790581679784776 1.0192703005652506 3.9893030672902503 20.622461915394133 8.45910677788851 12.267152521500915 2.6540395591001875 6.276343044521475 22.154568624820705 -0.10615808871293098 8.026930954767693 3.574518430157898 -5.899393819453564 -3.749904523963872 -7.259682499926734 1.7940365297597083
29.39879759519038 11.462135455086013 2.580306641886718 6.055377419924568 4.0874536084205815 -0.9428834066385328 0.4747925582085877 15.002042031650483 21.660986129545403 35.54958143357457 17.626568661619952 20.13958516809961 9.421652147956799 13.798104714684293 1.0267933354647676 3.9968261021897673 20.629984950293654 8.466629812788044 12.27467555640045 2.6615625939997223 6.283866079420992 22.16209165972023 -0.09863505381339621 8.03445398966721 3.582041465057433 -5.891870784554029 -3.7423814890643374 -7.2521594650272 1.801559564659243
29.458917835671343 11.46965004250589 2.5878212293066127 6.0628920073444625 4.094968195840476 -0.935368819218656 0.4823071456284822 15.009556619070377 21.668500716965298 35.55709602099447 17.634083249039847 20.1470997555195 9.429166735376675 13.805619302104187 1.0343079228846621 4.004340689609662 20.637499537713545 8.474144400207939 12.282190143820344 2.669077181419599 6.291380666840887 22.169606247140123 -0.09112046639351945 8.041968577087104 3.5895560524773096 -5.884356197134134 -3.734866901644443 -7.244644877607323 1.8090741520791198
29.519038076152302 11.477156190180775 2.5953273769814977 6.0703981550193475 4.102474343515361 -0.927862671543771 0.4898132933033672 15.017062766745262 21.676006864640183 35.56460216866935 17.641589396714732 20.154605903194383 9.43667288305156 13.813125449779072 1.0418140705595471 4.011846837284547 20.645005685388433 8.481650547882824 12.289696291495229 2.676583329094484 6.298886814515772 22.17711239481501 -0.08361431871863445 8.049474724761989 3.5970622001521946 -5.876850049459249 -3.727360753969558 -7.237138729932438 1.8165802997540048
29.579158316633265 11.484653909602258 2.602825096402963 6.077895874440813 4.109972062936826 -0.9203649521222879 0.4973110127248326 15.024560486166727 21.683504584061648 35.572099888090825 17.649087116136215 20.162103622615856 9.444170602473044 13.820623169200537 1.0493117899810125 4.019344556706012 20.652503404809906 8.489148267304289 12.297194010916694 2.684081048515967 6.306384533937255 22.184610114236474 -0.07611659929715131 8.056972444183454 3.6045599195736777 -5.869352330037784 -3.7198630345480925 -7.229641010510955 1.824078019175488
29.639278557114228 11.492143202585368 2.6103143893860903 6.08538516742394 4.1174613559199535 -0.9128756591391607 0.5048003057079598 15.032049779149855 21.690993877044775 35.57958918107395 17.656576409119324 20.169592915598987 9.45165989545617 13.828112462183665 1.0568010829641397 4.026833849689139 20.659992697793022 8.496637560287416 12.304683303899822 2.6915703414990766 6.313873826920364 22.1920994072196 -0.06862730631402414 8.064461737166582 3.612049212556787 -5.861863037054657 -3.7123737415649654 -7.222151717527828 1.8315673121586151
29.69939879759519 11.499624077695465 2.6177952644961877 6.09286604253402 4.124942231030051 -0.905394784029081 0.5122811808180572 15.039530654259952 21.698474752154866 35.58707005618405 17.664057284229422 20.177073790709073 9.45914077056625 13.835593337293762 1.064281958074237 4.034314724799237 20.66747357290312 8.504118435397514 12.312164179009919 2.699051216609174 6.321354702030462 22.19958028232969 -0.061146431203944474 8.071942612276679 3.6195300876668846 -5.854382161944577 -3.7048928664548857 -7.214670842417748 1.8390481872686948
29.75951903807615 11.507096543012274 2.6252677298129967 6.1003385078508465 4.13241469634686 -0.8979223187122543 0.5197536461348662 15.047003119576761 21.70594721747168 35.594542521500856 17.67152974954623 20.184546256025882 9.46661323588306 13.843065802610571 1.071754423391046 4.041787190116046 20.67494603821993 8.511590900714323 12.319636644326728 2.706523681925983 6.328827167347271 22.207052747646507 -0.053673965887135466 8.079415077593488 3.6270025529836936 -5.84690969662775 -3.697420401138059 -7.207198377100939 1.8465206525855038
29.819639278557112 11.514560606418662 2.6327317932193672 6.107802571257217 4.1398787597532305 -0.8904582553058837 0.5272177095412367 15.054467182983132 21.713411280878052 35.60200658490724 17.67899381295262 20.19201031943226 9.474077299289448 13.850529866016942 1.0792184867974166 4.049251253522416 20.68241010162631 8.519054964120693 12.327100707733099 2.7139877453323713 6.336291230753659 22.214516811052878 -0.04620990248074719 8.086879140999859 3.634466616390082 -5.83944563322138 -3.6899563377316884 -7.199734313694551 1.853984715991892
