web/models/mosfit_kne/mosfit_kn_1.0000/mosfit_kn_0.001230_0.1397_1.0000.dat
# %ECSV 1.0
# ---
# datatype:
# - {name: time, datatype: float64}
# - {name: PS1_g, datatype: float64}
# - {name: PS1_i, datatype: float64}
# - {name: PS1_r, datatype: float64}
# - {name: PS1_w, datatype: float64}
# - {name: PS1_y, datatype: float64}
# - {name: PS1_z, datatype: float64}
# - {name: swift_uvot_B, datatype: float64}
# - {name: swift_uvot_U, datatype: float64}
# - {name: swift_uvot_uvm2, datatype: float64}
# - {name: swift_uvot_uvw1, datatype: float64}
# - {name: swift_uvot_uvw2, datatype: float64}
# - {name: swift_uvot_V, datatype: float64}
# - {name: johnson_B, datatype: float64}
# - {name: johnson_I, datatype: float64}
# - {name: johnson_R, datatype: float64}
# - {name: johnson_U, datatype: float64}
# - {name: johnson_V, datatype: float64}
# - {name: sdss_g, datatype: float64}
# - {name: sdss_i, datatype: float64}
# - {name: sdss_r, datatype: float64}
# - {name: sdss_u, datatype: float64}
# - {name: sdss_z, datatype: float64}
# - {name: ATLAS_c, datatype: float64}
# - {name: ATLAS_o, datatype: float64}
# - {name: ukirt_H, datatype: float64}
# - {name: ukirt_J, datatype: float64}
# - {name: ukirt_K, datatype: float64}
# - {name: Clear, datatype: float64}
# meta: !!omap
# - comment: [kappa = 1.0, type = rprocess, mass = 0.0012301715156502338, velocity = 0.13966666666666672, theta_obs = 0.0, tfloor = 1000.0]
# schema: astropy-2.0
time PS1_g PS1_i PS1_r PS1_w PS1_y PS1_z swift_uvot_B swift_uvot_U swift_uvot_uvm2 swift_uvot_uvw1 swift_uvot_uvw2 swift_uvot_V johnson_B johnson_I johnson_R johnson_U johnson_V sdss_g sdss_i sdss_r sdss_u sdss_z ATLAS_c ATLAS_o ukirt_H ukirt_J ukirt_K Clear
[from data line 443]
26.693386773547093 14.218078963486729 5.336250150287434 8.811320928325284 6.843397116821297 1.8130601017621828 3.2307360666093032 17.757985540051198 24.41692963794612 38.3055249419753 20.38251217002068 22.89552867650033 12.177595656357514 16.554048223085008 3.782736843865501 6.752769610590483 23.385928458694377 11.22257332118876 15.030619064801165 5.417506102400438 9.039809587821726 24.918035168120944 2.6573084545873193 10.790397498067925 6.337984973458148 -3.1359272761533132 -0.9864379806636224 -4.496215956626484 4.557503073059959
26.753507014028056 14.226975676370692 5.345146863171415 8.820217641209247 6.852293829705278 1.8219568146461462 3.2396327794932844 17.76688225293518 24.425826350830093 38.314421654859274 20.39140888290465 22.9044253893843 12.186492369241478 16.56294493596899 3.7916335567494643 6.761666323474464 23.394825171578347 11.231470034072723 15.039515777685146 5.426402815284401 9.048706300705689 24.92693188100492 2.6662051674712828 10.799294210951906 6.346881686342112 -3.12703056326935 -0.977541267779659 -4.487319243742521 4.566399785943922
26.81362725450902 14.235858315319057 5.354029502119779 8.829100280157629 6.8611764686536425 1.8308394535945105 3.2485154184416487 17.775764891883544 24.434708989778464 38.32330429380764 20.400291521853013 22.913308028332665 12.195375008189842 16.571827574917354 3.8005161956978286 6.770548962422828 23.40370781052671 11.240352673021105 15.04839841663351 5.4352854542327655 9.057588939654053 24.93581451995329 2.675087806419647 10.80817684990027 6.355764325290476 -3.1181479243209678 -0.968658628831277 -4.478436604794156 4.575282424892286
26.873747494989978 14.244726913376162 5.362898100176867 8.837968878214717 6.8700450667107305 1.8397080516516162 3.2573840164987367 17.78463348994063 24.443577587835552 38.33217289186472 20.40916011991011 22.92217662638976 12.204243606246948 16.58069617297444 3.8093847937549166 6.779417560479916 23.412576408583803 11.249221271078193 15.057267014690598 5.444154052289871 9.066457537711141 24.944683118010378 2.6839564044767528 10.817045447957359 6.364632923347582 -3.10927932626388 -0.959790030774189 -4.469568006737051 4.584151022949392
26.93386773547094 14.253581495903411 5.371752682704116 8.846823460741966 6.8788996492379795 1.8485626341788652 3.2662385990259857 17.79348807246788 24.4524321703628 38.341027474391986 20.418014702437357 22.93103120891701 12.213098188774197 16.58955075550169 3.8182393762821834 6.788272143007165 23.42143099111106 11.258075853605442 15.066121597217847 5.45300863481712 9.075312120238408 24.953537700537627 2.692810987004002 10.825900030484608 6.373487505874831 -3.100424743736631 -0.95093544824694 -4.460713424209802 4.593005605476641
26.993987975951903 14.262422101636396 5.380593288437119 8.855664066474969 6.887740254970982 1.8574032399118678 3.2750792047589883 17.802328678200883 24.461272776095804 38.34986808012498 20.426855308170364 22.939871814650015 12.2219387945072 16.598391361234693 3.827079982015168 6.797112748740168 23.43027159684405 11.266916459338445 15.07496220295085 5.461849240550105 9.084152725971393 24.96237830627063 2.7016515927369866 10.83474063621761 6.382328111607816 -3.091584138003628 -0.9420948425139374 -4.451872818476817 4.601846211209644
27.054108216432866 14.271248753623809 5.3894199404245136 8.864490718462363 6.896566906958377 1.8662298918992626 3.283905856746383 17.811155330188278 24.4700994280832 38.35869473211237 20.435681960157755 22.948698466637406 12.230765446494594 16.607218013222088 3.835906634002563 6.805939400727563 23.439098248831456 11.27574311132584 15.083788854938245 5.470675892537518 9.092979377958788 24.971204958258024 2.710478244724399 10.843567288205005 6.391154763595228 -3.0827574860162335 -0.9332681905265426 -4.443046166489404 4.610672863197038
27.11422845691383 14.280061491709297 5.398232678510002 8.873303456547852 6.905379645043865 1.8750426299847511 3.2927185948318716 17.819968068273766 24.478912166168687 38.36750747019786 20.444494698243243 22.957511204722895 12.239578184580083 16.616030751307576 3.8447193720880515 6.814752138813051 23.447910986916938 11.284555849411328 15.092601593023733 5.479488630623006 9.101792116044276 24.980017696343513 2.7192909828098877 10.852380026290493 6.399967501680717 -3.073944747930745 -0.9244554524410541 -4.434233428403916 4.619485601282527
27.174348697394787 14.28886034056605 5.407031527366772 8.882102305404604 6.914178493900636 1.8838414788415037 3.301517443688642 17.828766917130537 24.487711015025447 38.37630631905463 20.453293547100007 22.966310053579658 12.248377033436835 16.624829600164347 3.8535182209448218 6.8235509876698215 23.456709835773708 11.293354698268098 15.101400441880504 5.488287479479759 9.110590964901046 24.988816545200272 2.72808983166664 10.861178875147264 6.408766350537469 -3.0651458990739924 -0.9156566035843016 -4.425434579547163 4.6282844501392795
27.23446893787575 14.297645332453559 5.415816519254264 8.890887297292114 6.922963485788127 1.892626470729013 3.3103024355761335 17.83755190901803 24.49649600691295 38.38509131094213 20.46207853898751 22.97509504546716 12.257162025324345 16.63361459205184 3.862303212832331 6.832335979557313 23.465494827661207 11.30213969015559 15.110185433767995 5.497072471367268 9.119375956788556 24.997601537087775 2.7368748235541496 10.869963867034755 6.417551342424979 -3.056360907186483 -0.9068716116967922 -4.416649587659654 4.637069442026789
27.294589178356713 14.306416497028458 5.424587683829181 8.89965846186703 6.931734650363044 1.9013976353039297 3.31907360015105 17.846323073592945 24.505267171487866 38.39386247551704 20.470849703562415 22.983866210042066 12.265933189899243 16.642385756626755 3.87107437740723 6.84110714413223 23.474265992236113 11.310910854730507 15.118956598342912 5.505843635942167 9.128147121363455 25.00637270166269 2.7456459881290485 10.878735031609672 6.4263225069998775 -3.0475897426115663 -0.8981004471218755 -4.407878423084755 4.645840606601688
27.354709418837675 14.315173868792463 5.433345055593186 8.908415833631018 6.940492022127032 1.9101550070679174 3.3278309719150556 17.85508044535695 24.514024543251864 38.40261984728104 20.47960707532642 22.992623581806072 12.274690561663249 16.65114312839076 3.8798317491712355 6.849864515896235 23.48302336400011 11.319668226494494 15.1277139701069 5.5146010077061725 9.13690449312746 25.01513007342669 2.754403359893054 10.88749240337366 6.435079878763883 -3.0388323708475786 -0.8893430753578878 -4.3991210513207495 4.654597978365693
27.414829659318634 14.323917479002795 5.442088665803517 8.917159443841367 6.9492356323373805 1.9188986172782485 3.3365745821253867 17.86382405556728 24.522768153462202 38.411363457491376 20.48835068553675 23.001367192016403 12.28343417187358 16.65988673860109 3.8885753593815666 6.858608126106566 23.49176697421045 11.328411836704843 15.136457580317249 5.5233446179165036 9.145648103337791 25.023873683637028 2.763146970103385 10.896236013584009 6.443823488974214 -3.0300887606372298 -0.880599465147539 -4.390377441110418 4.663341588576024
27.474949899799597 14.332647354392467 5.45081854119319 8.925889319231022 6.957965507727035 1.927628492667921 3.3453044575150592 17.872553930956954 24.531498028851864 38.42009333288104 20.497080560926424 23.010097067406075 12.292164047263253 16.668616613990764 3.897305234771239 6.867338001496239 23.500496849600115 11.337141712094498 15.145187455706903 5.532074493306176 9.154377978727464 25.03260355902669 2.7718768454930576 10.904965888973663 6.452553364363887 -3.021358885247575 -0.8718695897578842 -4.381647565720746 4.672071463965697
27.53507014028056 14.34136352652061 5.459534713321332 8.934605491359164 6.966681679855178 1.9363446647960636 3.354020629643202 17.881270103085097 24.54021420098001 38.42880950500918 20.505796733054567 23.018813239534207 12.300880219391395 16.677332786118907 3.9060214068993817 6.876054173624364 23.509213021728257 11.34585788422264 15.153903627835046 5.540790665434319 9.163094150855606 25.041319731154836 2.7805930176212 10.913682061101806 6.461269536492029 -3.0126427131194324 -0.8631534176297416 -4.372931393592603 4.680787636093839
27.595190380761522 14.350066037778682 5.468237224579404 8.943308002617254 6.9753841911132675 1.9450471760541532 3.3627231409012737 17.88997261434317 24.54891671223809 38.43751201626726 20.51449924431264 23.02751575079229 12.309582730649467 16.68603529737698 3.9147239181574536 6.884756684882453 23.517915532986336 11.35456039548073 15.162606139093135 5.5494931766923905 9.171796662113678 25.050022242412915 2.789295528879272 10.922384572359896 6.469972047750101 -3.003940201861343 -0.854450906371652 -4.364228882334531 4.689490147351911
27.655310621242485 14.358754908999565 5.476926095800287 8.95199687383812 6.984073062334151 1.9537360472750187 3.371412012122157 17.898661485564052 24.557605583458965 38.446200887488146 20.52318811553352 23.036204622013173 12.31827160187035 16.694724168597862 3.923412789378337 6.8934455561033365 23.52660440420722 11.363249266701613 15.171295010314019 5.558182047913274 9.180485533334561 25.05871111363379 2.7979844001001553 10.931073443580779 6.478660918970984 -2.9952513306404773 -0.8457620351507865 -4.355540011113648 4.6981790185727945
27.715430861723444 14.367430168069042 5.485601354869765 8.960672132907597 6.99274832140361 1.962411306344496 3.380087271191634 17.90733674463353 24.566280842528442 38.454876146557616 20.531863374602988 23.04487988108264 12.326946860939827 16.70339942766732 3.932088048447814 6.902120815172796 23.53527966327669 11.371924525771073 15.179970269383478 5.566857306982751 9.189160792404039 25.067386372703268 2.8066596591696324 10.939748702650238 6.4873361780404615 -2.986576071571 -0.8370867760813093 -4.346864752044171 4.706854277642272
27.775551102204407 14.37609184958518 5.494263036385885 8.969333814423734 7.001410002919748 1.9710729878606337 3.388748952707754 17.915998426149667 24.57494252404458 38.46353782807375 20.540525056119126 23.053541562598777 12.335608542455965 16.71206110918346 3.940749729963952 6.910782496688934 23.543941344792827 11.38058620728721 15.188631950899616 5.575518988498889 9.197822473920176 25.076048054219406 2.8153213406857702 10.948410384166376 6.495997859556599 -2.9779143900548624 -0.8284250945651715 -4.338203070528033 4.7155159591584095
27.83567134268537 14.384739989532633 5.502911176333338 8.977981954371188 7.0100581428672015 1.9797211278080873 3.3973970926552077 17.924646566097103 24.583590663992023 38.47218596802119 20.54917319606658 23.06218970254623 12.344256682403419 16.720709249130913 3.9493978699113876 6.919430636636387 23.552589484740274 11.389234347234664 15.19728009084707 5.584167128446342 9.206470613867612 25.08469619416685 2.823969480633224 10.95705852411383 6.504645999504053 -2.9692662501074087 -0.8197769546177179 -4.32955493058058 4.724164099105863
27.895791583166332 14.393374615114212 5.511545801914934 8.986616579952766 7.01869276844878 1.9883557533896656 3.406031718236804 17.9332811916787 24.592225289573612 38.48082059360278 20.55780782164817 23.07082432812781 12.352891307984997 16.72934387471249 3.9580324954929837 6.928065262217966 23.56122411032186 11.397868972816243 15.205914716428648 5.592801754027921 9.215105239449208 25.093330819748438 2.832604106214802 10.965693149695408 6.513280625085631 -2.9606316245258304 -0.8111423290361396 -4.320920304999001 4.7327987246874414
27.955911823647295 14.401995757771946 5.520166944572669 8.9952377226105 7.027313911106532 1.9969768960474 3.414652860894538 17.941902334336433 24.600846432231343 38.489441736260524 20.566428964305903 23.079445470785554 12.361512450642731 16.737965017370243 3.966653638150718 6.936686404875718 23.569845252979604 11.406490115473995 15.2145358590864 5.601422896685655 9.223726382106943 25.10195196240617 2.8412252488725365 10.97431429235316 6.5219017677433655 -2.952010481868096 -0.8025211863784053 -4.312299162341267 4.741419867345176
28.016032064128254 14.410603440681982 5.528774627482704 9.003845405520554 7.035921594016568 2.0055845789574533 3.423260543804574 17.95051001724647 24.60945411514139 38.49804941917056 20.57503664721595 23.0880531536956 12.370120133552785 16.74657270028028 3.9752613210607537 6.945294087785753 23.578452935889636 11.41509779838403 15.223143541996436 5.610030579595691 9.232334065016978 25.110559645316215 2.849832931782572 10.982921975263196 6.530509450653401 -2.9434027989580427 -0.7939135034683519 -4.303691479431231 4.750027550255229
28.076152304609217 14.419197710490774 5.537368897291479 9.012439675329329 7.0445158638253424 2.014178848766228 3.4318548136133487 17.95910428705526 24.61804838495017 38.506643688979345 20.583630917024724 23.096647423504375 12.37871440336156 16.755166970089054 3.9838555908695463 6.953888357594528 23.587047205698422 11.423692068192805 15.23173781180521 5.618624849404483 9.240928334825771 25.119153915124997 2.8584272015913648 10.99151624507197 6.539103720462194 -2.934808529149268 -0.785319233659577 -4.295097209622439 4.758621820064004
28.13627254509018 14.427778584001292 5.545949770801997 9.021020548839846 7.05309673733586 2.0227597222767457 3.440435687123866 17.96768516056576 24.62662925846068 38.51522456248986 20.59221179053524 23.105228297014893 12.387295276872077 16.76374784359957 3.992436464380046 6.962469231105046 23.59562807920894 11.432272941703323 15.240318685315728 5.627205722915001 9.249509208336288 25.127734788635507 2.8670080751018823 11.000097118582488 6.547684593972711 -2.9262276556387503 -0.7767383601490595 -4.286516336111921 4.7672026935745215
28.196392785571142 14.436346103271323 5.554517290072045 9.029588068109877 7.061664256605891 2.0313272415467765 3.4490032063939147 17.97625267983581 24.63519677773072 38.52379208175989 20.60077930980528 23.11379581628493 12.395862796142108 16.77231536286962 4.001003983650095 6.971036750375094 23.60419559847897 11.440840460973353 15.248886204585759 5.6357732421850315 9.25807672760632 25.136302307905545 2.875575594371913 11.008664637852519 6.556252113242742 -2.9176601363687196 -0.7681708408790288 -4.27794881684189 4.775770212844552
28.256513026052104 14.444900290614928 5.563071477415651 9.038142255453483 7.070218443949514 2.039881428890382 3.4575573937375204 17.984806867179415 24.643750965074325 38.532346269103506 20.609333497148885 23.122350003628537 12.404416983485714 16.780869550213225 4.0095581709937 6.9795909377187 23.612749785822587 11.449394648316959 15.257440391929382 5.644327429528637 9.266630914949925 25.14485649524915 2.8841297817155187 11.017218825196142 6.564806300586348 -2.909105949025114 -0.7596166535354231 -4.269394629498285 4.784324400188158
28.316633266533064 14.453441180434368 5.57161236723509 9.046683145272922 7.078759333768954 2.0484223187098216 3.46609828355696 17.993347756998855 24.652291854893768 38.540887158922935 20.617874386968325 23.130890893447976 12.412957873305153 16.789410440032665 4.01809906081314 6.988131827538139 23.621290675642015 11.457935538136399 15.265981281748804 5.652868319348077 9.275171804769364 25.153397385068594 2.892670671534958 11.025759715015564 6.573347190405787 -2.9005650592056744 -0.7510757637159836 -4.260853739678845 4.792865290007597
28.376753507014026 14.461968799948632 5.580139986749355 9.055210764787187 7.087286953283201 2.0569499382240863 3.4746259030712245 18.00187537651312 24.66081947440803 38.5494147784372 20.62640200648259 23.13941851296224 12.421485492819418 16.79793805954693 4.0266266803274045 6.996659447052404 23.62981829515628 11.466463157650663 15.274508901263069 5.661395938862341 9.283699424283629 25.161925004582855 2.901198291049223 11.034287334529829 6.581874809920052 -2.8920374396914097 -0.7425481442017189 -4.252326120164581 4.801392909521862
