web/models/mosfit_kne/mosfit_kn_1.0000/mosfit_kn_0.077496_0.2650_1.0000.dat
# %ECSV 1.0
# ---
# datatype:
# - {name: time, datatype: float64}
# - {name: PS1_g, datatype: float64}
# - {name: PS1_i, datatype: float64}
# - {name: PS1_r, datatype: float64}
# - {name: PS1_w, datatype: float64}
# - {name: PS1_y, datatype: float64}
# - {name: PS1_z, datatype: float64}
# - {name: swift_uvot_B, datatype: float64}
# - {name: swift_uvot_U, datatype: float64}
# - {name: swift_uvot_uvm2, datatype: float64}
# - {name: swift_uvot_uvw1, datatype: float64}
# - {name: swift_uvot_uvw2, datatype: float64}
# - {name: swift_uvot_V, datatype: float64}
# - {name: johnson_B, datatype: float64}
# - {name: johnson_I, datatype: float64}
# - {name: johnson_R, datatype: float64}
# - {name: johnson_U, datatype: float64}
# - {name: johnson_V, datatype: float64}
# - {name: sdss_g, datatype: float64}
# - {name: sdss_i, datatype: float64}
# - {name: sdss_r, datatype: float64}
# - {name: sdss_u, datatype: float64}
# - {name: sdss_z, datatype: float64}
# - {name: ATLAS_c, datatype: float64}
# - {name: ATLAS_o, datatype: float64}
# - {name: ukirt_H, datatype: float64}
# - {name: ukirt_J, datatype: float64}
# - {name: ukirt_K, datatype: float64}
# - {name: Clear, datatype: float64}
# meta: !!omap
# - comment: [kappa = 1.0, type = rprocess, mass = 0.07749594937791414, velocity = 0.265, theta_obs = 0.0, tfloor = 1000.0]
# schema: astropy-2.0
time PS1_g PS1_i PS1_r PS1_w PS1_y PS1_z swift_uvot_B swift_uvot_U swift_uvot_uvm2 swift_uvot_uvw1 swift_uvot_uvw2 swift_uvot_V johnson_B johnson_I johnson_R johnson_U johnson_V sdss_g sdss_i sdss_r sdss_u sdss_z ATLAS_c ATLAS_o ukirt_H ukirt_J ukirt_K Clear
[from data line 434]
26.152304609218437 7.477056970291169 -1.404771842908108 2.070298935129742 0.1023751236257553 -4.927961891433377 -3.5102859265862385 11.016963546855656 17.675907644750577 31.564502948779744 13.641490176825126 16.154506683304778 5.436573663161954 9.813026229889466 -2.9582851493300586 0.011747617394941345 16.644906465498835 4.481551327993219 8.289597071605623 -1.3235158907951217 2.298787594626166 18.177013174925403 -4.08371353860824 4.049375504872383 -0.40303701973741113 -9.876949269348854 -7.727459973859164 -11.237237949822044 -2.183518920135601
26.2124248496994 7.481808732048769 -1.4000200811505081 2.075050696887324 0.10712688538333737 -4.923210129675777 -3.5055341648286387 11.021715308613256 17.68065940650816 31.56925471053734 13.646241938582726 16.159258445062378 5.441325424919554 9.817777991647066 -2.9535333875724588 0.016499379152541183 16.649658227256417 4.486303089750801 8.294348833363205 -1.3187641290375218 2.303539356383766 18.181764936682985 -4.07896177685064 4.0541272666299655 -0.3982852579798113 -9.872197507591272 -7.7227082121015815 -11.232486188064444 -2.178767158378001
26.27254509018036 7.486549946024006 -1.3952788671752714 2.0797919108625784 0.11186809935859188 -4.91846891570054 -3.500792950853402 11.026456522588493 17.685400620483414 31.573995924512584 13.650983152557963 16.163999659037614 5.4460666388947905 9.822519205622303 -2.948792173597222 0.02124059312777793 16.654399441231654 4.4910443037260555 8.29909004733846 -1.314022915062285 2.3082805703590026 18.18650615065824 -4.074220562875404 4.05886848060522 -0.39354404400457454 -9.867456293616018 -7.717966998126345 -11.227744974089207 -2.1740259444027643
26.33266533066132 7.491280663091988 -1.390548150107307 2.084522627930543 0.11659881642655634 -4.913738198632558 -3.4960622337854375 11.031187239656457 17.690131337551378 31.578726641580555 13.655713869625945 16.168730376105596 5.450797355962773 9.827249922690267 -2.94406145652924 0.025971310195742392 16.659130158299636 4.49577502079402 8.303820764406424 -1.3092921979943029 2.313011287426985 18.191236867726204 -4.069489845807421 4.0635991976731844 -0.3888133269365923 -9.862725576548053 -7.713236281058363 -11.223014257021225 -2.169295227334782
26.392785571142284 7.496000935226199 -1.385827877973096 2.089242900064754 0.12131908856076734 -4.909017926498347 -3.4913419616512265 11.035907511790668 17.69485160968559 31.583446913714756 13.660434141760138 16.17345064823979 5.455517628096984 9.831970194824478 -2.9393411843950465 0.030691582329953393 16.663850430433847 4.500495292928231 8.308541036540635 -1.3045719258600919 2.317731559561178 18.195957139860415 -4.06476957367321 4.0683194698073954 -0.3840930548023991 -9.858005304413842 -7.708516008924152 -11.218293984887014 -2.164574955200571
26.452905811623246 7.500710809739903 -1.381118003459374 2.093952774578458 0.1260289630744893 -4.904308051984643 -3.4866320871375045 11.04061738630439 17.69956148419931 31.58815678822847 13.66514401627386 16.17816052275351 5.460227502610688 9.8366800693382 -2.9346313098813246 0.03540145684367535 16.66856030494755 4.505205167441935 8.31325091105434 -1.2998620513463877 2.3224414340749 18.200667014374137 -4.060059699159506 4.073029344321117 -0.3793831802886771 -9.853295429900138 -7.703806134410447 -11.21358411037331 -2.159865080686867
26.51302605210421 7.505410338502543 -1.3764184746967345 2.0986523033410975 0.130728491837111 -4.899608523222003 -3.481932558374865 11.04531691506703 17.704261012961933 31.592856316991107 13.6698435450365 16.18286005151615 5.464927031373327 9.84137959810084 -2.929931781118685 0.04010098560631481 16.67325983371019 4.509904696204575 8.317950439816979 -1.2951625225837482 2.3271409628375395 18.20536654313676 -4.055360170396867 4.077728873083739 -0.37468365152603766 -9.848595901137498 -7.699106605647808 -11.20888458161067 -2.1551655519242274
26.573146292585168 7.510099568435109 -1.3717292447641682 2.1033415332736816 0.13541772176969502 -4.894919293289419 -3.4772433284422988 11.050006144999596 17.708950242894517 31.597545546923687 13.674532774969066 16.187549281448717 5.469616261305911 9.846068828033406 -2.925242551186119 0.04479021553888107 16.677949063642775 4.514593926137159 8.322639669749563 -1.2904732926511642 2.3318301927701057 18.210055773069342 -4.050670940464283 4.082418103016323 -0.3699944215934714 -9.843906671204914 -7.694417375715224 -11.204195351678086 -2.1504763219916434
26.63326653306613 7.514778549952172 -1.3670502632471226 2.108020514790727 0.14009670328674062 -4.890240311772374 -3.472564346925253 11.054685126516642 17.713629224411562 31.602224528440733 13.679211756486112 16.192228262965763 5.474295242822957 9.850747809550452 -2.9205635696690733 0.04946919705592667 16.68262804515982 4.519272907654204 8.327318651266609 -1.2857943111341186 2.3365091742871513 18.214734754586388 -4.045991958947237 4.087097084533369 -0.36531544007640804 -9.839227689687869 -7.689738394198178 -11.19951637016104 -2.145797340474598
26.693386773547093 7.519447327838069 -1.362381485361226 2.112689292676624 0.14476548117263732 -4.885571533886477 -3.4678955690393565 11.059353904402538 17.71829800229746 31.60689330632663 13.683880534372008 16.19689704085166 5.478964020708854 9.855416587436348 -2.9158947917831766 0.054137974941823375 16.687296823045717 4.523941685540101 8.331987429152505 -1.2811255332482219 2.341177952173048 18.219403532472285 -4.04132318106134 4.091765862419265 -0.36064666219051134 -9.834558911801972 -7.685069616312282 -11.194847592275144 -2.141128562588701
26.753507014028056 7.524105949966007 -1.3577228632332705 2.1173479148045793 0.14942410330059275 -4.8809129117585215 -3.463236946911401 11.064012526530494 17.722956624425414 31.611551928454585 13.688539156499964 16.201555662979615 5.483622642836809 9.860075209564304 -2.911236169655221 0.0587965970697788 16.691955445173672 4.528600307668056 8.33664605128046 -1.2764669111202842 2.3458365743010035 18.22406215460024 -4.036664558933403 4.096424484547221 -0.3559880400625737 -9.829900289674017 -7.680410994184326 -11.190188970147206 -2.1364699404607634
26.81362725450902 7.52875446454242 -1.3530743486568575 2.1219964293809923 0.15407261787700577 -4.876264397182126 -3.458588432334988 11.068661041106907 17.727605139001827 31.616200443030994 13.693187671076377 16.206204177556028 5.488271157413204 9.864723724140717 -2.906587655078808 0.06344511164619182 16.696603959750068 4.533248822244469 8.341294565856874 -1.2718183965438712 2.3504850888774165 18.228710669176653 -4.03201604435699 4.101072999123634 -0.35133952548616065 -9.825251775097604 -7.675762479607913 -11.185540455570793 -2.1318214258843504
26.873747494989978 7.533392921940916 -1.3484358912583616 2.1266348867794704 0.15871107527550166 -4.87162593978363 -3.453949974936492 11.073299498505403 17.732243596400323 31.62083890042948 13.697826128474873 16.210842634954524 5.4929096148117 9.869362181539213 -2.9019491976803122 0.06808356904468771 16.701242417148563 4.5378872796429475 8.345933023255352 -1.2671799391453753 2.3551235462759124 18.23334912657515 -4.027377586958494 4.10571145652213 -0.34670106808766477 -9.820613317699125 -7.671124022209435 -11.180901998172297 -2.1271829684858545
26.93386773547094 7.538021368247936 -1.3438074449513415 2.1312633330864905 0.16333952158252174 -4.86699749347661 -3.449321528629472 11.077927944812423 17.736872042707343 31.62546734673651 13.702454574781893 16.215471081261544 5.49753806111872 9.873990627846233 -2.897320751373292 0.07271201535170779 16.705870863455583 4.5425157259499676 8.35056146956239 -1.2625514928383552 2.3597519925829324 18.23797757288217 -4.022749140651474 4.11033990282915 -0.3420726217806447 -9.815984871392105 -7.666495575902415 -11.176273551865277 -2.1225545221788344
26.993987975951903 7.542639852763369 -1.3391889604359264 2.1358818176019234 0.16795800609793687 -4.862379008961177 -3.444703044114057 11.082546429327838 17.74149052722276 31.630085831251936 13.707073059297326 16.220089565776977 5.502156545634153 9.878609112361648 -2.892702266857877 0.07733049986712293 16.710489347971016 4.5471342104654005 8.355179954077805 -1.2579330083229223 2.3643704770983653 18.242596057397584 -4.018130656136041 4.114958387344565 -0.3374541372652118 -9.811366386876673 -7.661877091386982 -11.171655067349844 -2.1179360376634015
27.054108216432866 7.547248418972998 -1.334580394226279 2.140490383811553 0.1725665723075842 -4.857770442751548 -3.4400944779044096 11.087154995537485 17.746099093432406 31.634694397461562 13.711681625506955 16.224698131986607 5.506765111843783 9.883217678571295 -2.8880937006482297 0.08193906607677026 16.715097914180646 4.55174277667503 8.359788520287434 -1.2533244421132927 2.368979043307995 18.24720462360723 -4.013522089926411 4.119566953554212 -0.3328455710555822 -9.806757820667043 -7.6572685251773525 -11.167046501140215 -2.113327471453772
27.11422845691383 7.55184711527928 -1.3299816979199974 2.1450890801178346 0.17716526861384807 -4.853171746445266 -3.435495781598128 11.091753691843767 17.75069778973867 31.63929309376785 13.716280321813237 16.229296828292888 5.511363808150064 9.887816374877577 -2.883495004341948 0.08653776238305189 16.719696610486928 4.556341472981312 8.364387216593716 -1.2487257458070111 2.3735777396142765 18.251803319913495 -4.00892339362013 4.124165649860476 -0.3282468747493006 -9.802159124360761 -7.652669828871071 -11.162447804833933 -2.1087287751474904
27.174348697394787 7.556435985126573 -1.3253928280727223 2.1496779499651275 0.18175413846114097 -4.848582876597973 -3.430906911750853 11.096342561691042 17.755286659585963 31.64388196361514 13.72086919166053 16.233885698140163 5.515952677997357 9.892405244724852 -2.878906134494673 0.09112663223032702 16.72428548033422 4.5609303428286045 8.368976086441009 -1.2441368759597182 2.3781666094615694 18.25639218976079 -4.004334523772837 4.128754519707769 -0.3236580049020077 -9.797570254513468 -7.648080959023778 -11.15785893498664 -2.1041399053001975
27.23446893787575 7.561015074351882 -1.320813738847395 2.154257039190437 0.1863332276864682 -4.844003787372664 -3.4263278225255256 11.10092165091637 17.75986574881129 31.648461052840457 13.72544828088584 16.23846478736549 5.520531767222667 9.89698433395018 -2.8743270452693457 0.09570572145565426 16.72886456955953 4.565509432053914 8.373555175666336 -1.2395577867344088 2.382745698686879 18.260971278986116 -3.9997554345475272 4.133333608933096 -0.3190789156766982 -9.792991165288159 -7.6435018697984685 -11.15327984576133 -2.099560816074888
27.294589178356713 7.565584428254937 -1.3162443849443406 2.158826393093509 0.19090258158952267 -4.839434433469592 -3.421758468622471 11.105491004819424 17.764435102714344 31.653030406743515 13.730017634788894 16.243034141268545 5.525101121125739 9.901553687853234 -2.869757691366291 0.10027507535870872 16.733433923462602 4.570078785956986 8.37812452956939 -1.2349884328313543 2.3873150525899334 18.26554063288917 -3.995186080644473 4.137902962836151 -0.31450956177364375 -9.788421811385087 -7.638932515895396 -11.148710491858276 -2.0949914621718335
27.354709418837675 7.570144094297522 -1.3116847189017555 2.1633860591360765 0.19546224763208997 -4.834874767427024 -3.417198802579886 11.110050670862009 17.76899476875691 31.65759007278609 13.734577300831479 16.24759380731113 5.529660787168306 9.906113353895819 -2.865198025323706 0.10483474140129379 16.73799358950517 4.5746384519995535 8.382684195611958 -1.2304287667887692 2.3918747186325184 18.270100298931737 -3.9906264146018877 4.142462628878718 -0.3099498957310587 -9.78386214534252 -7.634372849852829 -11.144150825815691 -2.0904317961292485
27.414829659318634 7.574694116562952 -1.307134696636325 2.1679360814015247 0.20001226989753818 -4.830324745161576 -3.4126487803144556 11.11460069312744 17.77354479102236 31.66214009505153 13.739127323096909 16.25214382957656 5.5342108094337545 9.91066337616125 -2.8606480030582757 0.10938476366672423 16.742543611770618 4.579188474265002 8.387234217877406 -1.2258787445233388 2.396424740897949 18.274650321197186 -3.9860763923364573 4.147012651144166 -0.30539987346562825 -9.779312123077071 -7.629822827587381 -11.13960080355026 -2.085881773863818
27.474949899799597 7.5792345417763585 -1.3025942714229188 2.172476506614931 0.20455269511094443 -4.82578431994817 -3.4081083551010494 11.119141118340846 17.778085216235766 31.666680520264936 13.743667748310315 16.256684254789967 5.538751234647161 9.915203801374656 -2.8561075778448695 0.11392518888013048 16.747084036984024 4.583728899478408 8.391774643090812 -1.2213383193099325 2.400965166111355 18.279190746410592 -3.9815359671230333 4.1515530763575725 -0.300859448252222 -9.774771697863665 -7.6252824023739745 -11.135060378336837 -2.081341348650394
27.53507014028056 7.5837654118981135 -1.2980634013011816 2.177007376736668 0.20908356523268168 -4.821253449826433 -3.403577484979312 11.1236719884626 17.782616086357503 31.671211390386677 13.74819861843207 16.261215124911722 5.543282104768898 9.919734671496393 -2.8515767077231144 0.11845605900186773 16.75161490710576 4.588259769600145 8.39630551321255 -1.2168074491881775 2.40549603623311 18.28372161653233 -3.977005097001296 4.15608394647931 -0.296328578130467 -9.770240827741928 -7.620751532252237 -11.1305295082151 -2.0768104785286567
27.595190380761522 7.588286773794106 -1.293542039405171 2.181528738632661 0.2136049271286744 -4.81673208793044 -3.3990561230833016 11.128193350358593 17.787137448253496 31.675732752282673 13.752719980328063 16.265736486807715 5.547803466664891 9.924256033392403 -2.8470553458271217 0.12297742089787822 16.756136269001754 4.592781131496138 8.400826875108542 -1.2122860872921848 2.410017398129103 18.288242978428322 -3.9724837351053033 4.1606053083753025 -0.29180721623447425 -9.765719465845935 -7.6162301703562445 -11.126008146319107 -2.072289116632664
27.655310621242485 7.592798670118039 -1.2890301430812379 2.186040634956612 0.2181168234526254 -4.812220191606489 -3.3945442267593684 11.132705246682526 17.791649344577447 31.680244648606614 13.757231876651996 16.270248383131648 5.552315362988842 9.928767929716336 -2.8425434495031885 0.12748931722181145 16.760648165325705 4.597293027820089 8.405338771432493 -1.2077741909682516 2.414529294453036 18.292754874752273 -3.96797183878137 4.1651172046992535 -0.287295319910541 -9.761207569521984 -7.6117182740322935 -11.121496249995173 -2.067777220308731
27.715430861723444 7.597301142969286 -1.284527670230009 2.190543107807841 0.22261929630385424 -4.80771771875526 -3.3900417539081396 11.137207719533755 17.796151817428676 31.68474712145785 13.761734349503243 16.274750855982894 5.556817835840071 9.933270402567565 -2.838040976651942 0.1319917900730403 16.765150638176934 4.601795500671318 8.409841244283722 -1.203271718117005 2.4190317673042827 18.2972573476035 -3.9634693659301234 4.169619677550482 -0.2827928470592944 -9.756705096670755 -7.607215801181065 -11.116993777143927 -2.063274747457484
27.775551102204407 7.60179423554888 -1.2800345776504152 2.1950362003874346 0.2271123888834481 -4.803224626175666 -3.3855486613285457 11.14170081211335 17.80064491000827 31.689240214037444 13.766227442082837 16.27924394856247 5.5613109284196645 9.93776349514716 -2.833547884072366 0.13648488265263414 16.769643730756528 4.606288593250912 8.414334336863316 -1.198778625537411 2.423524859883859 18.301750440183095 -3.9589762733505296 4.174112770130076 -0.27829975447970057 -9.752212004091161 -7.602722708601471 -11.112500684564333 -2.0587816548778903
