web/models/mosfit_kne/mosfit_kn_1.0000/mosfit_kn_0.014776_0.1867_1.0000.dat
# %ECSV 1.0
# ---
# datatype:
# - {name: time, datatype: float64}
# - {name: PS1_g, datatype: float64}
# - {name: PS1_i, datatype: float64}
# - {name: PS1_r, datatype: float64}
# - {name: PS1_w, datatype: float64}
# - {name: PS1_y, datatype: float64}
# - {name: PS1_z, datatype: float64}
# - {name: swift_uvot_B, datatype: float64}
# - {name: swift_uvot_U, datatype: float64}
# - {name: swift_uvot_uvm2, datatype: float64}
# - {name: swift_uvot_uvw1, datatype: float64}
# - {name: swift_uvot_uvw2, datatype: float64}
# - {name: swift_uvot_V, datatype: float64}
# - {name: johnson_B, datatype: float64}
# - {name: johnson_I, datatype: float64}
# - {name: johnson_R, datatype: float64}
# - {name: johnson_U, datatype: float64}
# - {name: johnson_V, datatype: float64}
# - {name: sdss_g, datatype: float64}
# - {name: sdss_i, datatype: float64}
# - {name: sdss_r, datatype: float64}
# - {name: sdss_u, datatype: float64}
# - {name: sdss_z, datatype: float64}
# - {name: ATLAS_c, datatype: float64}
# - {name: ATLAS_o, datatype: float64}
# - {name: ukirt_H, datatype: float64}
# - {name: ukirt_J, datatype: float64}
# - {name: ukirt_K, datatype: float64}
# - {name: Clear, datatype: float64}
# meta: !!omap
# - comment: [kappa = 1.0, type = rprocess, mass = 0.014775890654408853, velocity = 0.1866666666666667, theta_obs = 0.0, tfloor = 1000.0]
# schema: astropy-2.0
time PS1_g PS1_i PS1_r PS1_w PS1_y PS1_z swift_uvot_B swift_uvot_U swift_uvot_uvm2 swift_uvot_uvw1 swift_uvot_uvw2 swift_uvot_V johnson_B johnson_I johnson_R johnson_U johnson_V sdss_g sdss_i sdss_r sdss_u sdss_z ATLAS_c ATLAS_o ukirt_H ukirt_J ukirt_K Clear
0.06012024048096192 -11.9261587438276 -11.38655251107263 -11.647471088695589 -11.721162353458094 -10.992610965339633 -11.162209846524611 -11.898492745810351 -13.166580850072087 -13.733916890144119 -13.585579953395222 -13.612989518693194 -11.80054572692071 -11.907253240733077 -11.727384826255005 -11.801763725076324 -12.895835181097166 -11.80672888495202 -11.956743981212679 -11.40269522326916 -11.649810051354592 -12.142571400195283 -11.123653865650134 -11.843205700294277 -11.56101107081863 -10.039117619249785 -10.576369596209235 -9.525895463290686 -11.642377466176175
0.12024048096192384 -12.830618012302573 -12.43312447322566 -12.64129449182569 -12.683854487860433 -12.088655050219739 -12.23942384346298 -12.760101418613445 -13.905173530351593 -14.119958099662306 -14.081584491983232 -13.891048609377798 -12.754529310152211 -12.771171710446762 -12.78781006812154 -12.807494890655963 -13.659100460903215 -12.762737538700149 -12.848793246475996 -12.447949491790613 -12.643746744597859 -12.900277840508814 -12.205402650288715 -12.776885631776764 -12.574630328252532 -11.201625511488762 -11.708219451033875 -10.709339767780557 -12.613436793879504
0.18036072144288576 -13.307017667167393 -13.015177207310948 -13.184058708385216 -13.205477664956398 -12.707488844437709 -12.844267540324594 -13.204225554043127 -14.258077652130634 -14.217259666379526 -14.264796105553685 -13.918143155461035 -13.26735832851772 -13.217208033834783 -13.380204758207832 -13.359287442874319 -14.030099926933694 -13.277221962205717 -13.315932679988833 -13.029018428149204 -13.186534375371721 -13.266980998098603 -12.813648661811108 -13.275621466528591 -13.132437423617791 -11.869514845186016 -12.353572655949774 -11.392522331070099 -13.142170382584979
0.24048096192384769 -13.602316594181847 -13.401664043152692 -13.536548875345584 -13.541122902391791 -13.125805518176143 -13.250477953289117 -13.471430085579776 -14.446930238279005 -14.190346874331436 -14.31420549525658 -13.837791764173794 -13.593791803594286 -13.486200334335127 -13.775666314114858 -13.719700769977809 -14.234350176729695 -13.605190924435798 -13.60322843682333 -13.414651703963383 -13.539001337200745 -13.46742317015508 -13.22282613343896 -13.590610612601264 -13.498151389427253 -12.330115214352356 -12.794800398617719 -11.866213339465277 -13.484568908309935
0.3006012024048096 -13.804109495306971 -13.684863281615414 -13.789313453459009 -13.779957018760864 -13.437526654153178 -13.551348297500567 -13.647977969611802 -14.553902967125278 -14.108430307729453 -14.301875180722075 -13.713838989219344 -13.823121717439452 -13.664453983876367 -14.06692497910526 -13.97964683067298 -14.354881363697888 -13.835977402087758 -13.797873517740804 -13.697084706246514 -13.791710207087462 -13.584481912339026 -13.526373954761848 -13.810301814275334 -13.762918406565099 -12.679634798000839 -13.127037822914678 -12.227372881900498 -13.729915737604639
0.3607214428857715 -13.961004027302124 -13.912543837260749 -13.99045698580558 -13.969840229400035 -13.690110914500515 -13.79445439085666 -13.782805619339637 -14.628543565188714 -14.021560592210388 -14.27653125852041 -13.594803090440951 -14.003755088571623 -13.800850498951597 -14.301654760763249 -14.187121358046497 -14.44116399513834 -14.017944465360388 -13.948552753530254 -13.924095359661361 -13.992777839633526 -13.667691828041004 -13.77183289174054 -13.983004544466677 -13.974654738600734 -12.96517655118224 -13.39753475495282 -12.523021759055728 -13.92583276433271
0.42084168336673344 -14.08013671287101 -14.096902959757216 -14.150299133899402 -14.120009436201073 -13.89751500464623 -13.99308337197052 -13.881515307030085 -14.672057237611256 -13.918383066829495 -14.230851392735104 -13.465631396793793 -14.144588719073028 -13.901077439259545 -14.49254630018513 -14.352870720243544 -14.495283845350244 -14.160063283715585 -14.06195951847753 -14.10783398845707 -14.152527003804902 -13.718937753266793 -13.972651929774678 -14.116905554862722 -14.144389574342089 -13.203055937652211 -13.621520004724681 -12.77021604860703 -14.08186641708511
0.48096192384769537 -14.170301436899333 -14.248551273214947 -14.278778595670438 -14.23998775036793 -14.070979479815371 -14.158235972155904 -13.952353919145779 -14.691098750339773 -13.800920594459715 -14.168286204753642 -13.326901725379695 -14.255054692883366 -13.973410003538017 -14.650386409865643 -14.486984637132931 -14.524217720110865 -14.271790804159037 -14.146728599059948 -14.258894463533416 -14.2808982556455 -13.745126001011219 -14.139889422713203 -14.221168569380342 -14.282312108018296 -13.405362273689166 -13.810690787861615 -12.981313449670447 -14.207639074437335
0.5410821643286573 -14.2380138365953 -14.374952736711037 -14.383009746015567 -14.336661161505422 -14.218295974432245 -14.297579040581478 -14.00155275779123 -14.691060796659343 -13.672094585812221 -14.092501461379658 -13.18073906047426 -14.3420046744368 -14.02409338245715 -14.782730530414298 -14.596655448433939 -14.533529292203717 -14.359990936113414 -14.209292480457947 -14.384732047468347 -14.385007239834948 -13.751784015576671 -14.281242077351646 -14.302499455539088 -14.395665713114916 -13.580330393546712 -13.973076763211159 -13.1646896908245 -14.310083527708368
0.6012024048096192 -14.2873663195979 -14.480972969837218 -14.467571945386606 -14.41444042561832 -14.344598918269167 -14.416144573042136 -14.032969572826357 -14.675122107855394 -13.533125379993066 -14.00535334843605 -13.02781338820106 -14.40980103233769 -14.056998515729248 -14.894519619690307 -14.68652791917296 -14.526533976908055 -14.42903746837725 -14.253675670056829 -14.490205204481175 -14.469433769128344 -13.742196433878 -14.401766720521696 -14.365151027306506 -14.489138185729455 -13.733457125232336 -14.114007530965791 -13.325955863110702 -14.393656384846167
0.6613226452905812 -14.321511058907035 -14.570251979866491 -14.53592487967633 -14.476677041839157 -14.453697882659018 -14.517677465662437 -14.049608468808767 -14.645855517769295 -13.385334356568514 -13.908572364160552 -12.86910470731748 -14.46176677125073 -14.07513787782229 -14.989441183758398 -14.76010306724292 -14.505891714583196 -14.482260613940133 -14.282987428951888 -14.578949435059485 -14.537637816603795 -13.719003775661847 -14.505223952914648 -14.412376515830712 -14.566257578024615 -13.868781599717524 -14.237416151472056 -13.469223723471389 -14.461737258887641
0.721442885771543 -14.342688687873899 -14.645423077513708 -14.590556255947824 -14.525778067784128 -14.548363496134442 -14.604895905968629 -14.053589842981388 -14.605035453520454 -13.229504992521285 -13.803285548180959 -12.705164838635174 -14.50027852587339 -14.08063940050328 -15.070167098917572 -14.819902676525107 -14.473446203987283 -14.522043409581132 -14.299433804053887 -14.653594395900171 -14.592107079119234 -13.684033628737282 -14.594344839274314 -14.446499983929382 -14.62956797609161 -13.989260452710484 -14.346173449088171 -13.597508519189779 -14.516758622586412
0.781563126252505 -14.352428515352873 -14.708373212128727 -14.63321958602748 -14.563433477455572 -14.630609123445293 -14.679764901509849 -14.046332093475826 -14.5537682222899 -13.065869463488 -13.69005425620351 -12.536073625541494 -14.526987060621128 -14.074929464155627 -15.138619960819632 -14.8677124366174 -14.430365273806249 -14.550043309900305 -14.304512587753209 -14.7160236649 -14.634594711350779 -13.638438489900935 -14.671106453999894 -14.46912973796831 -14.680876210293068 -14.097078196363116 -14.44238520814359 -13.7130482925048 -14.560437888319822
0.8416833667334669 -14.352054448352867 -14.760663402653762 -14.66538746727652 -14.591074330779517 -14.702079974104336 -14.74389736938761 -14.029085296350729 -14.493095201950599 -12.894881233085819 -13.569562333200178 -12.362204583186664 -14.543296673740553 -14.059263784909305 -15.196384536005027 -14.9050266548766 -14.377731488514051 -14.567669278062192 -14.299526732503338 -14.767796021488007 -14.666572986577133 -13.58329060999905 -14.73712984899322 -14.481642646168051 -14.721690692478955 -14.19399508061243 -14.527758654138763 -13.817639462418148 -14.594224520085
0.9018036072144289 -14.342384492146536 -14.80337702682581 -14.688043340685919 -14.60964823663577 -14.763955089038525 -14.798435600742064 -14.002583483415851 -14.423521153014747 -12.716421243039807 -13.441961031528624 -12.18340461440777 -14.550112694382584 -14.034383803197347 -15.244571332415504 -14.932854187523567 -14.316093767916389 -14.575832721809759 -14.28527081646143 -14.809992288911857 -14.689024634285452 -13.519126723363293 -14.793566749591758 -14.48491903934272 -14.753036943768763 -14.281320415882986 -14.603543330724625 -13.912631811420438 -14.619091341514743
0.9619238476953907 -14.32421204722349 -14.837479110818173 -14.70208753605073 -14.62003432001758 -14.817262009051984 -14.844383005561816 -13.967565231095708 -14.345634777489042 -12.530668687905816 -13.307621490572217 -11.999863937129604 -14.54828450528301 -14.001033464405776 -15.284163132527954 -14.952112415778142 -14.24606960844618 -14.57538735084073 -14.26252302244178 -14.843575830267852 -14.702849372530888 -13.446556186899574 -14.841426876848018 -14.47979371810364 -14.775843333886574 -14.360168157895162 -14.670813440659368 -13.999166334042064 -14.635934582910544
1.0220440881763526 -14.298070143199979 -14.8636820709598 -14.708164325808575 -14.622860487567344 -14.86277935967939 -14.882492603872226 -13.924505504791018 -14.259756400326538 -12.33753234944571 -13.166662800076594 -11.811537056833043 -14.538402189548496 -13.959694018553058 -15.315891236774714 -14.963464125689764 -14.168008460867433 -14.56692828621607 -14.231800480102823 -14.869257296760932 -14.708690627597427 -13.36591957269519 -14.881470056523192 -14.466844738995235 -14.790784620867559 -14.43140845928397 -14.730397150805706 -14.07814161546156 -14.645402529073426
1.0821643286573146 -14.264422414541489 -14.882591456623722 -14.706825087999409 -14.618669073487407 -14.901165896626392 -14.913402470193926 -13.873821291849985 -14.166180376351072 -12.13698385127078 -13.019240665347471 -11.618471288492799 -14.520973526846419 -13.910788157536714 -15.340376425109625 -14.96747610620962 -14.08222746839667 -14.55096781635248 -14.193554198112928 -14.88764082229494 -14.707098905608209 -13.277526646250681 -14.914339993076329 -14.446572924151138 -14.798437423289172 -14.495774580535466 -14.78299351355984 -14.150314122356098 -14.64805527967103
1.1422845691382766 -14.223569857372986 -14.894656568353497 -14.698462127596024 -14.607847262712212 -14.932927212898957 -14.937596272019569 -13.815764256630302 -14.065031561407366 -11.928822054702856 -12.865355464002075 -11.420572306764964 -14.496344538738725 -13.854574059120356 -15.358084170462504 -14.96455733551895 -13.988874614962825 -14.527857091052388 -14.148071979270398 -14.89917420787112 -14.698465435569243 -13.18151739167213 -14.940526410915762 -14.419319497714653 -14.79922135796194 -14.553851073619056 -14.829150898409685 -14.216292880807336 -14.644300444521505
1.2024048096192383 -14.175790277573768 -14.900273121529537 -14.683425564991932 -14.59074546883759 -14.958504695556254 -14.955497489554848 -13.750572164259644 -13.95644651773802 -11.712927501936171 -12.705069680104213 -11.217851318194047 -14.464827707710619 -13.79129553160649 -15.369423373826223 -14.95507208740942 -13.88810457105195 -14.497913283106614 -14.095621083862575 -14.90425195583958 -14.68313924806015 -13.078039710002667 -14.960457889933174 -14.385396045724832 -14.793509555143416 -14.606144496258898 -14.869345955494014 -14.276604737531587 -14.63450651096787
1.2625250501002003 -14.121342438988265 -14.89979304720995 -14.662031065997176 -14.567683705347712 -14.978287222737485 -14.96748039690937 -13.678471316471576 -13.840571004106756 -11.489246095861251 -12.538496312782161 -11.010403602613103 -14.426708134125736 -13.721184533927037 -15.37475669839501 -14.93934812121027 -13.780077178970764 -14.461425818244836 -14.036451879886052 -14.903225019843163 -14.661434914085767 -12.96724768380086 -14.974513017595807 -14.345089797452015 -14.781637147061435 -14.653097598077323 -14.903996658224672 -14.33170932407778 -14.619009499870987
1.3226452905811623 -14.060293598570865 -14.893415769850709 -14.634426444891293 -14.538815987864115 -14.992526338692507 -14.973776037663011 -13.599483252799473 -13.717314835459504 -11.257415815268303 -12.365493660589912 -10.798053799239135 -14.382090409490342 -13.644270225168075 -15.374298702756157 -14.917549978901505 -13.664721631412721 -14.41850517124532 -13.970619798921842 -14.896291437911078 -14.633498785826333 -12.84906249713691 -14.98292880946666 -14.29850781949046 -14.763779093717506 -14.695036578186325 -14.933395024995038 -14.38195595829132 -14.59798620150707
1.3827655310621243 -13.992844004751586 -14.881407845174408 -14.60085199593598 -14.504393375326057 -15.001516417734049 -14.974667588749355 -13.513783604443976 -13.586795611447418 -11.017418767135542 -12.186206329262994 -10.580973521286236 -14.331191517959791 -13.560733909665771 -15.36832415022544 -14.889928251226056 -13.54216503137976 -14.369372560794227 -13.898319005788444 -14.883717035873758 -14.599569946345117 -12.72360639424436 -14.98599202874157 -14.245873892818501 -14.740191917217995 -14.732298307941264 -14.957858303641627 -14.42769500291538 -14.571702290906305
1.442885771543086 -13.919045816033115 -14.863920035111136 -14.561419525970472 -14.46454007421405 -15.005448618616288 -14.970330113568266 -13.421388878045033 -13.448945830594532 -10.768992129251544 -12.000581368223333 -10.359123238394442 -14.274089417617006 -13.470599483685056 -15.356995668148425 -14.856608968227444 -13.41235378315438 -14.314111528867278 -13.81959272732093 -14.865651507274773 -14.559758668773952 -12.590819026191582 -14.983882720802502 -14.187273216193734 -14.711010105588844 -14.765133800883468 -14.977610015579044 -14.469196204094741 -14.540302233521807
1.503006012024048 -13.838930755798664 -14.841074762914879 -14.516215410480022 -14.41935757994651 -15.004483214563535 -14.960908713564809 -13.322297265320213 -13.303686208786623 -10.511881340987127 -11.808579696437462 -10.132492818639939 -14.210838564059031 -13.373872773754009 -15.340446864953787 -14.817692440155483 -13.275221096973084 -14.25278225318923 -13.734464421489694 -14.842216276914897 -14.514149703715784 -12.45062701579565 -14.976750821104226 -14.122769506597539 -14.676342068616854 -14.793760288501257 -14.992841195838798 -14.506694705533858 -14.503907724183147
1.56312625250501 -13.752570653768856 -14.813008253176232 -14.465349973461628 -14.36897351622541 -14.998784589128444 -14.946556292358952 -13.216555340982971 -13.151007071719256 -10.245956567619853 -11.610271319541905 -9.901204491748285 -14.141525161174908 -13.270607430933627 -15.3188224119097 -14.773300567414076 -13.130765840479263 -14.18547614459692 -13.642999928411328 -14.813546833551836 -14.462851806161918 -12.303023820258119 -14.964753163670519 -14.052460373078084 -14.63631603179305 -14.818386518345164 -15.003740075163668 -14.540413453186341 -14.462663475965254
1.6232464929859718 -13.660009036639167 -14.77982708903852 -14.408904352993392 -14.313487952381738 -14.988487211239985 -14.927395899775746 -13.104181447537801 -12.990871494709726 -9.971066286035931 -11.40571662779454 -9.665375331779632 -14.066206237069789 -13.160829295690618 -15.2922373078951 -14.723526390265278 -12.97895928919501 -14.112255720048202 -13.545236875334279 -14.779749033163636 -14.405944443403023 -12.147975179620332 -14.948016800747137 -13.976415546801295 -14.591031384202413 -14.839191412954765 -15.010464993227329 -14.570545668114024 -14.416687132665853
