web/models/mosfit_kne/mosfit_kn_1.0000/mosfit_kn_0.041628_0.4687_1.0000.dat
# %ECSV 1.0
# ---
# datatype:
# - {name: time, datatype: float64}
# - {name: PS1_g, datatype: float64}
# - {name: PS1_i, datatype: float64}
# - {name: PS1_r, datatype: float64}
# - {name: PS1_w, datatype: float64}
# - {name: PS1_y, datatype: float64}
# - {name: PS1_z, datatype: float64}
# - {name: swift_uvot_B, datatype: float64}
# - {name: swift_uvot_U, datatype: float64}
# - {name: swift_uvot_uvm2, datatype: float64}
# - {name: swift_uvot_uvw1, datatype: float64}
# - {name: swift_uvot_uvw2, datatype: float64}
# - {name: swift_uvot_V, datatype: float64}
# - {name: johnson_B, datatype: float64}
# - {name: johnson_I, datatype: float64}
# - {name: johnson_R, datatype: float64}
# - {name: johnson_U, datatype: float64}
# - {name: johnson_V, datatype: float64}
# - {name: sdss_g, datatype: float64}
# - {name: sdss_i, datatype: float64}
# - {name: sdss_r, datatype: float64}
# - {name: sdss_u, datatype: float64}
# - {name: sdss_z, datatype: float64}
# - {name: ATLAS_c, datatype: float64}
# - {name: ATLAS_o, datatype: float64}
# - {name: ukirt_H, datatype: float64}
# - {name: ukirt_J, datatype: float64}
# - {name: ukirt_K, datatype: float64}
# - {name: Clear, datatype: float64}
# meta: !!omap
# - comment: [kappa = 1.0, type = rprocess, mass = 0.04162766037032262, velocity = 0.4686666666666667, theta_obs = 0.0, tfloor = 1000.0]
# schema: astropy-2.0
time PS1_g PS1_i PS1_r PS1_w PS1_y PS1_z swift_uvot_B swift_uvot_U swift_uvot_uvm2 swift_uvot_uvw1 swift_uvot_uvw2 swift_uvot_V johnson_B johnson_I johnson_R johnson_U johnson_V sdss_g sdss_i sdss_r sdss_u sdss_z ATLAS_c ATLAS_o ukirt_H ukirt_J ukirt_K Clear
[from data line 115]
6.973947895791583 6.257789250007235 -2.62403956319206 0.8510312148457899 -1.1168925966581966 -6.147229611717311 -4.72955364687019 9.797695826571704 16.456639924466625 30.345235228495792 12.422222456541174 14.935238963020826 4.21730594287802 8.593758509605514 -4.1775528696140105 -1.2075201028890106 15.425638745214883 3.262283607709267 7.070329351321671 -2.542783611079056 1.079519874342214 16.95774545464145 -5.302981258892174 2.8301077845884315 -1.6223047400213453 -11.096216989632806 -8.946727694143116 -12.456505670105978 -3.402786640419535
7.034068136272545 6.279336201571137 -2.60249261162814 0.8725781664096921 -1.0953456450942767 -6.125682660153409 -4.7080066953062705 9.819242778135624 16.478186876030545 30.36678218005971 12.443769408105094 14.956785914584746 4.238852894441922 8.615305461169434 -4.156005918050091 -1.1859731513250906 15.447185696778785 3.283830559273187 7.091876302885591 -2.5212366595151536 1.101066825906134 16.97929240620537 -5.281434307328272 2.8516547361523514 -1.600757788457443 -11.074670038068904 -8.925180742579213 -12.434958718542076 -3.381239688855633
7.0941883767535066 6.300665196308586 -2.5811636168907093 0.8939071611471405 -1.074016650356846 -6.10435366541596 -4.68667770056884 9.840571772873055 16.499515870767976 30.388111174797142 12.465098402842525 14.978114909322176 4.26018188917937 8.636634455906865 -4.13467692331266 -1.16464415658766 15.468514691516233 3.3051595540106176 7.113205297623022 -2.499907664777705 1.1223958206435647 17.0006214009428 -5.260105312590824 2.872983730889782 -1.5794287937199947 -11.053341043331455 -8.903851747841765 -12.413629723804627 -3.3599106941181844
7.154308617234468 6.32178371773529 -2.5600450954639875 0.9150256825738445 -1.052898128930142 -6.083235143989256 -4.665559179142118 9.861690294299777 16.52063439219468 30.409229696223857 12.486216924269247 14.999233430748898 4.281300410606074 8.657752977333587 -4.113558401885938 -1.1435256351609382 15.489633212942937 3.3262780754373216 7.134323819049726 -2.478789143351001 1.1435143420702865 17.021739922369505 -5.23898679116412 2.894102252316486 -1.5583102722932907 -11.032222521904751 -8.882733226415061 -12.392511202377923 -3.3387921726914804
7.214428857715431 6.342696290921506 -2.5391325222777894 0.9359382557600604 -1.0319855557439261 -6.06232257080304 -4.64464660595592 9.882602867485975 16.541546965380896 30.430142269410066 12.507129497455445 15.020146003935096 4.30221298379229 8.678665550519785 -4.09264582869974 -1.12261306197474 15.510545786129153 3.3471906486235374 7.155236392235942 -2.4578765701647853 1.1644269152564846 17.04265249555572 -5.218074217977904 2.915014825502702 -1.5373976991070748 -11.011309948718536 -8.861820653228845 -12.371598629191707 -3.3178795995052646
7.274549098196393 6.3634088545796885 -2.518419958619589 0.9566508194182433 -1.0112729920857255 -6.0416100071448575 -4.623934042297719 9.903315431144176 16.562259529039096 30.450854833068266 12.527842061113645 15.040858567593297 4.322925547450473 8.699378114177986 -4.071933265041539 -1.1019004983165395 15.531258349787336 3.3679032122817203 7.1759489558941425 -2.4371640065066025 1.1851394789146852 17.063365059213922 -5.197361654319721 2.9357273891609026 -1.516685135448892 -10.990597385060353 -8.841108089570662 -12.350886065533524 -3.2971670358470817
7.3346693386773545 6.383926692678532 -2.497902120520763 0.9771686575170868 -0.9907551539868997 -6.021092169046014 -4.6034162041988935 9.923833269243001 16.582777367137922 30.471372671167092 12.548359899212471 15.061376405692123 4.343443385549317 8.719895952276811 -4.051415426942714 -1.0813826602177137 15.55177618788618 3.388421050380564 7.196466793992968 -2.416646168407759 1.205657317013511 17.083882897312748 -5.176843816220877 2.9562452272597284 -1.4961672973500661 -10.970079546961509 -8.820590251471819 -12.33036822743468 -3.276649197748238
7.394789579158316 6.404253886885005 -2.477574926314272 0.9974958517235777 -0.9704279597804089 -6.000764974839523 -4.583089009992403 9.944160463449492 16.603104561344413 30.49169986537358 12.568687093418962 15.081703599898614 4.36377057975579 8.740223146483302 -4.031088232736223 -1.0610554660112228 15.57210338209267 3.4087482445870547 7.216793988199459 -2.396318974201286 1.2259845112200018 17.10421009151924 -5.156516622014404 2.9765724214662193 -1.4758401031435753 -10.949752352755018 -8.800263057265328 -12.310041033228208 -3.256322003541765
7.454909819639278 6.424396092584477 -2.4574327206148006 1.0176380574230492 -0.9502857540809373 -5.980622769140069 -4.562946804292931 9.964302669148964 16.623246767043884 30.51184207107305 12.588829299118434 15.101845805598085 4.383912785455261 8.760365352182774 -4.010946027036751 -1.0409132603117512 15.592245587792124 3.4288904502865263 7.236936193898931 -2.3761767685018143 1.2461267169194734 17.12435229721871 -5.136374416314933 2.996714627165691 -1.4556978974441037 -10.929610147055547 -8.780120851565856 -12.289898827528736 -3.2361797978422935
7.51503006012024 6.444358956264047 -2.4374698569352304 1.0376009211026016 -0.9303228904013672 -5.960659905460499 -4.542983940613361 9.984265532828534 16.643209630723454 30.531804934752618 12.608792162798004 15.121808669277655 4.403875649134831 8.780328215862344 -3.990983163357181 -1.0209503966321811 15.612208451471695 3.4488533139660786 7.256899057578483 -2.356213904822244 1.2660895805990435 17.144315160898262 -5.116411552635363 3.016677490845243 -1.4357350337645336 -10.909647283375994 -8.760157987886304 -12.269935963849166 -3.2162169341627234
7.575150300601202 6.464142226852729 -2.417686586346548 1.0573841916913018 -0.9105396198126847 -5.940876634871799 -4.5232006700246785 10.004048803417216 16.662992901312137 30.551588205341307 12.628575433386686 15.141591939866338 4.423658919723514 8.800111486451026 -3.9711998927684986 -1.0011671260434987 15.631991722060395 3.468636584554779 7.276682328167183 -2.3364306342335617 1.285872851187726 17.164098431486963 -5.09662828204668 3.0364607614339434 -1.4159517631758511 -10.889864012787294 -8.740374717297604 -12.250152693260484 -3.196433663574041
7.635270541082164 6.483752390537489 -2.398076422661788 1.0769943553760442 -0.8909294561279246 -5.921266471187057 -4.503590506339918 10.023658967101976 16.68260306499688 30.571198369026053 12.648185597071446 15.161202103551098 4.443269083408274 8.819721650135786 -3.9515897290837385 -0.9815569623587386 15.651601885745137 3.488246748239521 7.296292491851926 -2.3168204705488016 1.305483014872486 17.183708595171705 -5.07701811836192 3.0560709251186857 -1.396341599491091 -10.870253849102552 -8.720764553612861 -12.230542529575724 -3.176823499889281
7.695390781563126 6.503193119881736 -2.378635693317541 1.0964350847202908 -0.871488726783678 -5.90182574184281 -4.484149776995672 10.043099696446223 16.702043794341144 30.590639098370307 12.667626326415693 15.180642832895344 4.462709812752521 8.839162379480033 -3.932148999739492 -0.9621162330144919 15.671042615089384 3.507687477583768 7.315733221196172 -2.297379741204555 1.3249237442167328 17.20314932451597 -5.057577389017673 3.07551165446295 -1.3769008701468444 -10.850813119758305 -8.701323824268615 -12.211101800231477 -3.157382770545034
7.755511022044088 6.522468530730965 -2.3593602824683124 1.1157104955695374 -0.8522133159344492 -5.882550330993563 -4.464874366146443 10.062375107295452 16.721319205190373 30.60991450921954 12.686901737264922 15.199918243744573 4.481985223601767 8.858437790329262 -3.912873588890263 -0.9428408221652631 15.69031802593863 3.5269628884330144 7.335008632045419 -2.278104330355326 1.3441991550659615 17.2224247353652 -5.038301978168427 3.094787065312179 -1.3576254592976156 -10.831537708909059 -8.682048413419368 -12.19182638938223 -3.1381073596957876
7.8156312625250495 6.541581251542681 -2.3402475616565965 1.1348232163812355 -0.8331005951227333 -5.863437610181865 -4.445761645334727 10.081487828107168 16.74043192600209 30.62902723003126 12.706014458076638 15.21903096455629 4.501097944413465 8.877550511140978 -3.893760868078547 -0.9237281013535472 15.709430746750328 3.5460756092447125 7.354121352857135 -2.2589916095436102 1.3633118758776774 17.241537456176914 -5.019189257356729 3.113899786123895 -1.3385127384858997 -10.81242498809736 -8.66293569260767 -12.172713668570532 -3.1189946388840895
7.875751503006012 6.560535359743369 -2.321293453455926 1.1537773245819238 -0.8141464869220627 -5.844483501981177 -4.4268075371340565 10.100441936307838 16.75938603420276 30.647981338231926 12.724968566277308 15.23798507275696 4.520052052614154 8.896504619341648 -3.8748067598778766 -0.9047739931528767 15.728384854951017 3.565029717445401 7.373075461057805 -2.240037501342922 1.382265984078348 17.260491564377585 -5.00023514915604 3.1328538943245654 -1.3195586302852291 -10.793470879896672 -8.643981584406982 -12.153759560369844 -3.100040530683401
7.935871743486974 6.579333714117013 -2.3024950990822646 1.1725756789555852 -0.7953481325484013 -5.8256851476075155 -4.408009182760395 10.1192402906815 16.77818438857642 30.66677969260559 12.74376692065097 15.256783427130621 4.538850406987815 8.91530297371531 -3.856008405504215 -0.8859756387792153 15.747183209324678 3.5838280718190623 7.391873815431467 -2.2212391469692783 1.4010643384520094 17.279289918751246 -4.981436794782397 3.151652248698227 -1.3007602759115677 -10.77467252552301 -8.62518323003332 -12.1349612059962 -3.0812421763097397
7.995991983967936 6.597979135420928 -2.283849677778349 1.191221100259483 -0.7767027112445035 -5.807039726303618 -4.3893637614564796 10.137885711985415 16.796829809880318 30.685425113909492 12.762412341954885 15.275428848434537 4.557495828291713 8.933948395019225 -3.8373629842002996 -0.8673302174752997 15.765828630628576 3.60247349312296 7.4105192367353645 -2.2025937256653627 1.419709759755925 17.297935340055144 -4.962791373478481 3.1702976700021246 -1.2821148546076522 -10.756027104219113 -8.606537808729422 -12.116315784692285 -3.062596755005842
8.056112224448897 6.616475172619953 -2.2653536405793417 1.209717137458508 -0.7582066740454785 -5.788543689104593 -4.370867724257472 10.15638174918444 16.815325847079343 30.70392115110852 12.78090837915391 15.293924885633562 4.575991865490738 8.952444432218233 -3.8188669470012746 -0.8488341802762924 15.784324667827601 3.620969530321985 7.4290152739343895 -2.1840976884663377 1.43820579695495 17.31643137725417 -4.944295336279456 3.1887937072011496 -1.2636188174086271 -10.737531067020088 -8.588041771530397 -12.09781974749326 -3.044100717806817
8.11623246492986 6.634823892027075 -2.24700492117222 1.22806585686563 -0.7398579546383566 -5.770194969697471 -4.35251900485035 10.174730468591545 16.833674566486465 30.722269870515643 12.799257098561032 15.312273605040684 4.59434058489786 8.970793151625355 -3.8005182275941527 -0.8304854608691705 15.802673387234723 3.639318249729107 7.4473639933415114 -2.1657489690592158 1.456554516362072 17.33478009666129 -4.925946616872334 3.2071424266082715 -1.2452700980015052 -10.719182347612966 -8.569693052123275 -12.079471028086138 -3.025751998399695
8.176352705410821 6.653028612208711 -2.228800200990584 1.246270577047266 -0.7216532344567206 -5.751990249515835 -4.334314284668714 10.19293518877318 16.8518792866681 30.74047459069728 12.817461818742668 15.330478325222302 4.612545305079496 8.98899787180699 -3.7823135074125345 -0.8122807406875345 15.820878107416359 3.657522969910743 7.465568713523147 -2.1475442488775798 1.4747592365437079 17.352984816842927 -4.907741896690698 3.2253471467899075 -1.2270653778198692 -10.70097762743133 -8.55148833194164 -12.061266307904502 -3.007547278218059
8.236472945891784 6.671091947557635 -2.2107368656416426 1.2643339123962072 -0.7035898991077794 -5.733926914166911 -4.316250949319773 10.210998524122122 16.869942622017042 30.758537926046213 12.835525154091592 15.348541660571243 4.630608640428419 9.007061207155932 -3.7642501720635932 -0.7942174053385933 15.838941442765282 3.675586305259684 7.483632048872089 -2.1294809135286563 1.4928225718926313 17.371048152191868 -4.889678561341775 3.2434104821388487 -1.2090020424709458 -10.682914292082389 -8.533424996592698 -12.043202972555578 -2.9894839428691355
8.296593186372744 6.6890159241299685 -2.192812889069309 1.282257888968541 -0.6856659225354456 -5.71600293759456 -4.298326972747439 10.228922500694456 16.887866598589376 30.776461902618546 12.853449130663925 15.366465637143577 4.648532617000771 9.024985183728266 -3.7463261954912594 -0.7762934287662595 15.856865419337634 3.693510281832018 7.5015560254444225 -2.1115569369563225 1.5107465484649651 17.388972128764202 -4.871754584769441 3.2613344587111825 -1.191078065898612 -10.664990315510055 -8.515501020020364 -12.025278995983244 -2.971559966296784
8.356713426853707 6.706803633173379 -2.175025180025898 1.300045598011934 -0.6678782134920525 -5.698215228551167 -4.2805392637040285 10.246710209737866 16.90565430763277 30.794249611661943 12.871236839707336 15.384253346186988 4.666320326044164 9.042772892771676 -3.7285384864478486 -0.7585057197228486 15.874653128381027 3.711297990875411 7.519343734487816 -2.0937692279129116 1.528534257508376 17.406759837807595 -4.85396687572603 3.2791221677545757 -1.173290356855201 -10.647202606466662 -8.497713310976971 -12.007491286939834 -2.953772257253391
8.41683366733467 6.724457100364969 -2.1573717128343084 1.3176990652035236 -0.6502247463004629 -5.680561761359577 -4.262885796512439 10.264363676929456 16.92330777482436 30.811903078853536 12.888890306898926 15.401906813378577 4.6839737932357535 9.060426359963266 -3.710885019256259 -0.7408522525312591 15.892306595572617 3.7289514580670007 7.536997201679405 -2.076115760721322 1.5461877246999656 17.424413304999185 -4.836313408534441 3.296775634946165 -1.1556368896636116 -10.629549139275072 -8.480059843785382 -11.989837819748244 -2.9361187900618013
8.47695390781563 6.741978683283367 -2.139850129915928 1.335220648121922 -0.6327031633820646 -5.663040178441179 -4.245364213594058 10.281885259847837 16.940829357742757 30.829424661771935 12.906411889817324 15.419428396296958 4.701495376154152 9.077947942881647 -3.6933634363378784 -0.7233306696128785 15.909828178491015 3.746473040985399 7.5545187845978035 -2.0585941778029238 1.563709307618364 17.441934887917583 -4.818791825616042 3.3142972178645635 -1.1381153067452132 -10.612027556356674 -8.462538260866983 -11.972316236829846 -2.918597207143403
8.537074148296593 6.759370841690391 -2.1224579715088865 1.3526128065289456 -0.6153110049750232 -5.645648020034155 -4.227972055187017 10.299277418254878 16.9582215161498 30.84681682017897 12.923804048224348 15.436820554704 4.718887534561175 9.095340101288688 -3.675971277930837 -0.7059385112058372 15.927220336898039 3.7638651993924404 7.571910943004845 -2.0412020193959 1.5811014660253875 17.459327046324624 -4.801399667209019 3.331689376271605 -1.1207231483381896 -10.594635397949633 -8.44514610245996 -11.954924078422822 -2.9012050487363794
8.597194388777554 6.7766353264758905 -2.105193486723387 1.3698772913144452 -0.5980465201895235 -5.6283835352486555 -4.210707570401517 10.316541903040378 16.97548600093528 30.86408130496446 12.941068533009847 15.454085039489499 4.736152019346675 9.112604586074188 -3.6587067931453374 -0.6886740264203375 15.944484821683538 3.7811296841779223 7.589175427790327 -2.0239375346104005 1.5983659508108872 17.476591531110106 -4.784135182423519 3.348953861057087 -1.10345866355269 -10.57737091316415 -8.42788161767446 -11.937659593637322 -2.8839405639508797
