web/models/mosfit_kne/mosfit_kn_1.0000/mosfit_kn_0.051209_0.0457_1.0000.dat
# %ECSV 1.0
# ---
# datatype:
# - {name: time, datatype: float64}
# - {name: PS1_g, datatype: float64}
# - {name: PS1_i, datatype: float64}
# - {name: PS1_r, datatype: float64}
# - {name: PS1_w, datatype: float64}
# - {name: PS1_y, datatype: float64}
# - {name: PS1_z, datatype: float64}
# - {name: swift_uvot_B, datatype: float64}
# - {name: swift_uvot_U, datatype: float64}
# - {name: swift_uvot_uvm2, datatype: float64}
# - {name: swift_uvot_uvw1, datatype: float64}
# - {name: swift_uvot_uvw2, datatype: float64}
# - {name: swift_uvot_V, datatype: float64}
# - {name: johnson_B, datatype: float64}
# - {name: johnson_I, datatype: float64}
# - {name: johnson_R, datatype: float64}
# - {name: johnson_U, datatype: float64}
# - {name: johnson_V, datatype: float64}
# - {name: sdss_g, datatype: float64}
# - {name: sdss_i, datatype: float64}
# - {name: sdss_r, datatype: float64}
# - {name: sdss_u, datatype: float64}
# - {name: sdss_z, datatype: float64}
# - {name: ATLAS_c, datatype: float64}
# - {name: ATLAS_o, datatype: float64}
# - {name: ukirt_H, datatype: float64}
# - {name: ukirt_J, datatype: float64}
# - {name: ukirt_K, datatype: float64}
# - {name: Clear, datatype: float64}
# meta: !!omap
# - comment: [kappa = 1.0, type = rprocess, mass = 0.051209162050732976, velocity = 0.04566666666666669, theta_obs = 0.0, tfloor = 1000.0]
# schema: astropy-2.0
time PS1_g PS1_i PS1_r PS1_w PS1_y PS1_z swift_uvot_B swift_uvot_U swift_uvot_uvm2 swift_uvot_uvw1 swift_uvot_uvw2 swift_uvot_V johnson_B johnson_I johnson_R johnson_U johnson_V sdss_g sdss_i sdss_r sdss_u sdss_z ATLAS_c ATLAS_o ukirt_H ukirt_J ukirt_K Clear
[from data line 169]
10.220440881763526 -10.642219434750366 -13.107205574740757 -12.20126521728865 -12.238407280882164 -13.856573405077217 -13.5833861919326 -9.61842708564965 -8.424928220097687 -2.9375984890084643 -6.460755052878753 -4.489098409892399 -11.409317445605762 -9.755891321670397 -13.77725761967704 -12.68979878970023 -8.592006396845655 -11.51864109037829 -10.408666521661925 -13.092634946026998 -12.181984482843031 -7.677612592306584 -13.665900202691947 -11.37680828151515 -12.668565755562824 -14.466452775494377 -14.293171269321812 -14.427645195748633 -12.603972756270867
10.280561122244489 -10.591021768049433 -13.077570315963687 -12.162967465318832 -12.203715607946961 -13.835885253443916 -13.559148907588803 -9.559435867804186 -8.348528882718647 -2.823508066406702 -6.388196336280654 -4.417320614283721 -11.3634854283763 -9.698571423727888 -13.750263344478235 -12.6546723037007 -8.518365509169776 -11.474087462355234 -10.35554647755971 -13.062761345114904 -12.143332756157914 -7.602477084096133 -13.642764647576033 -11.332969417982355 -12.635338062989785 -14.458708849295386 -14.27953378577296 -14.42387180152451 -12.574119582065482
10.34068136272545 -10.539451423730117 -13.047655034574 -12.124350710450749 -12.16876007907615 -13.814962452956596 -13.534657801869798 -9.500029759697394 -8.271634501827876 -2.708819317414977 -6.315442035939771 -4.345402721956443 -11.317291698631575 -9.640856650777131 -13.72300362105958 -12.619253456347163 -8.444238984668104 -11.42918658330636 -10.302044884246744 -13.032606568671099 -12.104357570148458 -7.526844543463351 -13.619383497217079 -11.288808937399928 -12.601828653673959 -14.450807542475522 -14.265703111454291 -14.419966732599894 -12.544040646824541
10.400801603206412 -10.48754832306841 -13.017486349513092 -12.085446934078998 -12.13357057280069 -13.793826100124313 -13.509936151569661 -9.440253431462342 -8.19430035778332 -2.593611595328496 -6.242545311038796 -4.273394678536885 -11.270772784463105 -9.582790822874937 -13.69550345941888 -12.583572456775986 -8.369680420134806 -11.38397432103975 -10.24820284372515 -13.002197383996563 -12.065091092478522 -7.450769438325775 -13.59577938893386 -11.244362360655469 -12.568066533006075 -14.44276205970345 -14.251696038732574 -14.415940809143082 -12.51376292465439
10.460921843687375 -10.435286358991931 -12.987047107628555 -12.046235402661072 -12.09812801579238 -13.77246276144069 -13.484969036012586 -9.380077471734111 -8.116489675048086 -2.4778333743298324 -6.16947144469373 -4.201259433008357 -11.223904710721754 -9.524345419290196 -13.667746827027997 -12.547610088628673 -8.2946542017418 -11.338427370876454 -10.193993444862883 -12.971516540189594 -12.025512407130403 -7.374215477681592 -13.571937903953515 -11.1996067963039 -12.53403324203017 -14.43456445844454 -14.237502119070252 -14.411787811397508 -12.48326945088671
10.521042084168336 -10.382660518041185 -12.95633413042074 -12.00671221741004 -12.06242898140756 -13.750870024437276 -13.459753727015151 -9.319496135476665 -8.038195090766251 -2.3614750098784247 -6.096213806479014 -4.128987785285826 -11.176682822859451 -9.465515037138953 -13.639730794559963 -12.511362926963685 -8.219153218099315 -11.292541329321287 -10.139411504867457 -12.940560839721496 -11.985617549153265 -7.297175365631006 -13.547856453100291 -11.154538018582176 -12.49972548508378 -14.426213544679099 -14.223119597900807 -14.407506957852457 -12.452557312227981
10.581162324649299 -10.329714009062538 -12.92537622557159 -11.966911995248992 -12.02650569036086 -13.729070699172166 -13.434315406399016 -9.258557802501361 -7.95947649584047 -2.244622281002207 -6.022828967070364 -4.0566329929235 -11.129146694715974 -9.406347091667783 -13.611482417996712 -12.474863626035894 -8.143235544376612 -11.246355025278072 -10.084501513238155 -12.90935925123378 -11.945441347001164 -7.219708137277454 -13.523559514521857 -11.109194407651817 -12.465174605291178 -14.417723516089785 -14.208566591036716 -14.40310983533976 -12.421655533486735
10.64128256513026 -10.276417641864981 -12.894154178399315 -11.926811530052372 -11.990336796403227 -13.70704971931584 -13.408637349443424 -9.19722960342628 -7.880292826334578 -2.127217691297772 -5.949278088176477 -3.9841540326346556 -11.081269511410714 -9.346809699637596 -13.58298373156184 -12.438090664677272 -8.06686140910018 -11.199842387343304 -10.029233384460632 -12.877892451020028 -11.90496039214608 -7.141773268240588 -13.499030921925534 -11.063550352563727 -12.43035992658518 -14.409085425413346 -14.193831359405332 -14.398589413850543 -12.390545122004077
10.701402805611222 -10.222765983989603 -12.862664523761644 -11.886406584477047 -11.953918541687969 -13.684804437924232 -13.382716572928484 -9.13550533040657 -7.800636150167186 -2.009250834054675 -5.875553673855904 -3.911540909982548 -11.033046234909769 -9.286897007595062 -13.554231535093237 -12.401040301868804 -7.990023151342928 -11.152998638832566 -9.973601505441234 -12.846156953603458 -11.86417037902146 -7.063362904521178 -13.47426783831752 -11.017601247122766 -12.395277843876862 -14.400297914587854 -14.178911953211182 -14.393944768966696 -12.359222859645502
10.761523046092185 -10.168794648443171 -12.830931037494473 -11.845725716696762 -11.917277453731163 -13.662353686163762 -13.356573863734749 -9.073424855747174 -7.720555788905639 -1.890792396829915 -5.8017015308481135 -3.8388362503262594 -10.98450949914466 -9.22664810674059 -13.525248162305907 -12.363739495744152 -7.9127686104485235 -11.105855811152983 -9.91764254253324 -12.814176667735957 -11.823100039201293 -6.984525674759254 -13.4492904737853 -10.971378719405607 -12.359954222301681 -14.391372705849149 -14.163823329994345 -14.389185469969304 -12.327712628598455
10.821643286573146 -10.114490948073467 -12.798945441992267 -11.80475889656135 -11.880404378519085 -13.639691015992454 -13.330202036533372 -9.01097383753972 -7.64003370588739 -1.7718176185698402 -5.727704281871144 -3.7660203336923845 -10.935647621769046 -9.166049198683307 -13.496025899214363 -12.326179072207132 -7.835080335210993 -11.058402628735722 -9.861343410603247 -12.781943268586282 -11.781739234586066 -6.905243766266018 -13.424091913989535 -10.924871736086352 -12.324380235436116 -14.382306098928586 -14.14856053417301 -14.384308697101263 -12.29600635939546
10.881763527054108 -10.059843736258891 -12.766700473196906 -11.763497318695908 -11.843291316086457 -13.616810777174084 -13.30359478873465 -8.948139661258143 -7.559054014038704 -1.6523048574707948 -5.653546664102453 -3.6930755854073314 -10.886450323781968 -9.105088179911775 -13.466557982556601 -12.288351013279286 -7.756942956282142 -11.010629194358986 -9.80469261185048 -12.749449450684054 -11.740079058818775 -6.825501482035072 -13.398666102640675 -10.878070633437513 -12.288548166067041 -14.373094884282283 -14.133119240654873 -14.379312028164078 -12.264097027140224
10.941883767535069 -10.004887878769075 -12.734219420742647 -11.721968954187307 -11.805964163065568 -13.593731408110994 -13.276772479804038 -8.884961378454037 -7.477665016082202 -1.5323232426546367 -5.5792727191023594 -3.6200429275041865 -10.836949582771027 -9.04380331629595 -13.436866285266166 -12.25028170434162 -7.678403334364063 -10.96256688236968 -9.747726043822187 -12.71671863405576 -11.698147658141025 -6.7453464645274686 -13.373032829180573 -10.831006337168194 -12.252483320696257 -14.363750498856989 -14.117514074908913 -14.37420477519854 -12.23200790612152
11.002004008016032 -9.949606649083478 -12.70149131465697 -11.680160538845943 -11.768410781701544 -13.570444331641305 -13.24972557080839 -8.82142011650518 -7.395843052437208 -1.4118401323418643 -5.504859687865409 -3.546897457789363 -10.787130002978895 -8.98217639754963 -13.406940568787562 -12.21195895114895 -7.599438568088452 -10.914200794958385 -9.69042646184203 -12.683739786647212 -11.655931635561139 -6.664755353275655 -13.347182898437637 -10.783664246689337 -12.216173968643869 -14.354267934573704 -14.1017383999206 -14.368983063885919 -12.199728259497213
11.062124248496994 -9.893990478055237 -12.668509929515928 -11.638064523520377 -11.730624324188046 -13.546944710191884 -13.222448661577832 -8.757505037366855 -7.313574448498432 -1.2908370757681658 -5.430294157924571 -3.473623546651566 -10.736982751668862 -8.920197056094302 -13.376775042098405 -12.173375915129487 -7.52003543442137 -10.865522451339354 -9.632783994157528 -12.650506647733462 -11.613423350035212 -6.5837146357269205 -13.321111129420622 -10.736036084775655 -12.179613519580244 -14.344644462391292 -14.08578852330139 -14.363644849844695 -12.167252090629272
11.122244488977955 -9.838078412579527 -12.63530134358648 -11.595712232450293 -11.692633687641703 -13.52325317282899 -13.194964542899097 -8.69325990547398 -7.230913362630851 -1.1693913504815816 -5.355624793912401 -3.4002667457350486 -10.686543677654356 -8.857908125273845 -13.34639418686293 -12.134562093175429 -7.440246480083001 -10.816566989534627 -9.574838845839597 -12.61704544181148 -11.570654332617973 -6.502277752043462 -13.294839661907716 -10.688156421683761 -12.142830258482107 -14.334892806796445 -14.069680771984741 -14.358200448572374 -12.134605311724407
11.182364729458918 -9.781844536756772 -12.601848469361823 -11.553083046946071 -11.654419977383288 -13.499356313884423 -13.167258333122636 -8.628655530905888 -7.147823324176308 -1.047452324757539 -5.280817010686025 -3.326790649095489 -10.635788932724115 -8.79528135036676 -13.315782030938756 -12.095498424864754 -7.360036382785619 -10.767311267074698 -9.516564307958948 -12.583338985203287 -11.527603774094644 -6.420408695967446 -13.26835412442037 -10.640002557611421 -12.105805859361407 -14.325005020346689 -14.053404708855142 -14.35264363035296 -12.10177115845104
11.242484969939879 -9.725292361766336 -12.56815376893913 -11.510179875652113 -11.61598594329087 -13.475256139273686 -13.139332210628414 -8.563695773272563 -7.064308921295499 -0.9250273438959971 -5.205873862515222 -3.2531959737756497 -10.584721709507516 -8.73232068245548 -13.284940923045394 -12.056187845551023 -7.2794096294003126 -10.717758542486296 -9.457963983057205 -12.549389753740368 -11.484274572429172 -6.338111985021229 -13.241656679937623 -10.591577732692379 -12.068543107823615 -14.314982510302714 -14.036962013246066 -14.34697564946818 -12.068752193785102
11.302605210420841 -9.668454984328285 -12.534239379328493 -11.467029296163869 -11.577356030828572 -13.45097016394945 -13.111205525076546 -8.498417731822514 -6.9804160329251985 -0.802181870019008 -5.130835699304992 -3.1795201865672804 -10.533372419194713 -8.669062433547023 -13.253891646711466 -12.016655390145782 -7.198410747997201 -10.667938628266016 -9.39907194796028 -12.515220008654477 -11.440693482011408 -6.255432906711018 -13.214766126923383 -10.542911229918044 -12.031065998122656 -14.304836068980203 -14.020366543259113 -14.341205248706393 -12.035570313413917
11.362725450901802 -9.611309491970044 -12.50009019816968 -11.423613085072972 -11.538513556498327 -13.42648654262927 -13.082865123815779 -8.432795592571846 -6.896112387764557 -0.6788712843088822 -5.055671738142902 -3.105730780963668 -10.481719966880274 -8.605481646393013 -13.222620089776946 -11.976884245556569 -7.117008488202387 -10.617831076629452 -9.339864588508124 -12.48081456282593 -11.396842106006027 -6.172339598249774 -13.187669771201449 -10.493982997796056 -11.993358356793404 -14.294558689401631 -14.003609085513594 -14.335326947607923 -12.002210732699208
11.422845691382765 -9.553858424575612 -12.46570804209151 -11.379933375927038 -11.499460524511704 -13.401806767035822 -13.054312619492201 -8.366832133366763 -6.811401233312786 -0.5551010295081076 -4.980383477321464 -3.0318270793148403 -10.429766662307475 -8.541581210535178 -13.191127993894185 -11.93687661618781 -7.035206041107884 -10.567438280423625 -9.280344507662068 -12.44617524318798 -11.352722563448516 -6.088835261633516 -13.160369225625157 -10.444795402276625 -11.955422261875377 -14.284151445193823 -13.986690904722499 -14.32934172020875 -11.968675333760874
11.482965931863728 -9.496124590537498 -12.431108214566216 -11.336008523311474 -11.460213775227448 -13.37694295950321 -13.02556139614678 -8.30055290927562 -6.726314110146632 -0.430916295382338 -4.904997745839204 -2.9578333760901496 -10.377533475414406 -8.477386177962977 -13.159429736013514 -11.896649839999675 -6.9530340376470186 -10.516780828589594 -9.220535185657095 -12.41131743921203 -11.308353325645317 -6.004951042333495 -13.132877504335152 -10.39536863515833 -11.917274313576165 -14.273621830685721 -13.9696216074757 -14.3232556551923 -11.934979202602403
11.543086172344688 -9.438099844825683 -12.396285427911593 -11.291832114747518 -11.420767450566522 -13.351891007918724 -12.996606864606637 -8.233948701067046 -6.640839365086535 -0.3063015316703881 -4.829502323858996 -2.8837355910740956 -10.325012895228102 -8.412887750578463 -13.127520399472445 -11.856198135292885 -6.870481222656181 -10.46585152887772 -9.16042822021053 -12.376235833759175 -11.263727899935514 -5.920675436452356 -13.105190210095579 -10.345695641146477 -11.87890892117725 -14.262967511073493 -13.952398049640403 -14.317066995851595 -11.901117201839764
11.603206412825651 -9.37978902600122 -12.361243031510778 -11.247408127021838 -11.381125201046292 -13.326653607803909 -12.96745197375854 -8.167024879602522 -6.554983469088036 -0.18126667084631887 -4.753901260937994 -2.809535705463769 -10.272209361308555 -8.348091329372117 -13.095403159556806 -11.815525415892509 -6.787553918126054 -10.414654844436695 -9.100028582733657 -12.340933795265805 -11.218850266417633 -5.836014839029566 -13.077310247369844 -10.295780786366588 -11.840329797446003 -14.252190264678857 -13.935022429825954 -14.310777262996835 -11.8670926599677
11.663326653306612 -9.321200375374978 -12.325986641382052 -11.202743262207893 -11.341293153862964 -13.301235240222216 -12.938101650659721 -8.099790643153401 -6.468757647880423 -0.055828299817533455 -4.678202745225963 -2.7352398242033824 -10.219130451971534 -8.283006033917694 -13.063083314218702 -11.774638133181671 -6.704263059156165 -10.363198295734469 -9.039344749751788 -12.30541697155001 -11.173727153813253 -5.750980344897858 -13.049242435387232 -10.245631421181294 -11.80154308856654 -14.241292940509423 -13.917498344043187 -14.304388825079995 -11.832911101897352
11.723446893787575 -9.262338630314026 -12.290519542828964 -11.157841419178531 -11.301274859371961 -13.275638547637865 -12.908558787554298 -8.032251255817872 -6.382168241438126 0.07000386934192537 -4.602410487770108 -2.660849700429949 -10.165780524117285 -8.217637151911429 -13.03056397706132 -11.733540119903473 -6.620614844038812 -10.31148625985386 -8.978381588894422 -12.26968866669031 -11.128362465951174 -5.665578226725341 -13.02098962170012 -10.195251806905272 -11.762552425788861 -14.230277269465448 -13.899827941934786 -14.297903154833874 -11.79857575311571
11.783567134268537 -9.203202302711961 -12.254840875228261 -11.112701512520715 -11.261069311076337 -13.249862903013607 -12.878822656930389 -7.964404987027765 -6.295212903161609 0.1962322979738369 -4.5265204202108045 -2.586359486802422 -10.112158201310823 -8.151983167582703 -12.997844377367802 -11.692230561357146 -6.536607046851792 -10.25951752543781 -8.91713755575898 -12.233748015669104 -11.082755081716993 -5.57980617793465 -12.992551148479876 -10.144640729181376 -11.723356978670694 -14.219143004952082 -13.882010806361558 -14.291320148194034 -11.764085785246188
