web/models/mosfit_kne/mosfit_kn_1.0000/mosfit_kn_0.001513_0.2650_1.0000.dat
# %ECSV 1.0
# ---
# datatype:
# - {name: time, datatype: float64}
# - {name: PS1_g, datatype: float64}
# - {name: PS1_i, datatype: float64}
# - {name: PS1_r, datatype: float64}
# - {name: PS1_w, datatype: float64}
# - {name: PS1_y, datatype: float64}
# - {name: PS1_z, datatype: float64}
# - {name: swift_uvot_B, datatype: float64}
# - {name: swift_uvot_U, datatype: float64}
# - {name: swift_uvot_uvm2, datatype: float64}
# - {name: swift_uvot_uvw1, datatype: float64}
# - {name: swift_uvot_uvw2, datatype: float64}
# - {name: swift_uvot_V, datatype: float64}
# - {name: johnson_B, datatype: float64}
# - {name: johnson_I, datatype: float64}
# - {name: johnson_R, datatype: float64}
# - {name: johnson_U, datatype: float64}
# - {name: johnson_V, datatype: float64}
# - {name: sdss_g, datatype: float64}
# - {name: sdss_i, datatype: float64}
# - {name: sdss_r, datatype: float64}
# - {name: sdss_u, datatype: float64}
# - {name: sdss_z, datatype: float64}
# - {name: ATLAS_c, datatype: float64}
# - {name: ATLAS_o, datatype: float64}
# - {name: ukirt_H, datatype: float64}
# - {name: ukirt_J, datatype: float64}
# - {name: ukirt_K, datatype: float64}
# - {name: Clear, datatype: float64}
# meta: !!omap
# - comment: [kappa = 1.0, type = rprocess, mass = 0.001513321957917195, velocity = 0.265, theta_obs = 0.0, tfloor = 1000.0]
# schema: astropy-2.0
time PS1_g PS1_i PS1_r PS1_w PS1_y PS1_z swift_uvot_B swift_uvot_U swift_uvot_uvm2 swift_uvot_uvw1 swift_uvot_uvw2 swift_uvot_V johnson_B johnson_I johnson_R johnson_U johnson_V sdss_g sdss_i sdss_r sdss_u sdss_z ATLAS_c ATLAS_o ukirt_H ukirt_J ukirt_K Clear
[from data line 444]
26.753507014028056 16.328828367918984 7.4469995547197065 10.922070332757539 8.95414652125357 3.923809506194438 5.341485471041576 19.86873494448347 26.52767904237838 40.41627434640756 22.49326157445294 25.006278080932592 14.28834506078977 18.66479762751728 5.893486248297756 8.863519015022757 25.496677863126642 13.333322725621015 17.141368469233438 7.528255506832693 11.15055899225398 27.028784572553207 4.768057859019574 12.901146902500198 8.448734377890403 -1.0251778717210576 1.1243114237686327 -2.3854665521942287 6.668252477492214
26.81362725450902 16.339264897835726 7.4574360846364485 10.932506862674298 8.964583051170312 3.9342460361111975 5.351922000958318 19.879171474400213 26.538115572295133 40.42671087632431 22.503698104369693 25.016714610849334 14.298781590706529 18.675234157434023 5.903922778214498 8.873955544939498 25.50711439304338 13.343759255537774 17.15180499915018 7.538692036749435 11.160995522170722 27.03922110246996 4.778494388936316 12.91158343241694 8.459170907807145 -1.0147413418042979 1.1347479536853924 -2.3750300222774867 6.6786890074089555
26.873747494989978 16.349680566377582 7.467851753178305 10.942922531216155 8.974998719712168 3.944661704653054 5.3623376695001745 19.88958714294207 26.54853124083699 40.43712654486616 22.514113772911546 25.027130279391198 14.309197259248386 18.68564982597588 5.9143384467563545 8.884371213481355 25.51753006158524 13.354174924079631 17.162220667692036 7.549107705291309 11.171411190712579 27.049636771011816 4.788910057478191 12.921999100958796 8.469586576349002 -1.0043256732624413 1.145163622227249 -2.3646143537356124 6.68910467595083
26.93386773547094 16.360075445604902 7.478246632405607 10.953317410443457 8.98539359893947 3.9550565838803564 5.372732548727477 19.89998202216937 26.558926120064292 40.44752142409347 22.524508652138852 25.037525158618504 14.319592138475688 18.69604470520318 5.924733325983657 8.894766092708657 25.52792494081255 13.364569803306933 17.17261554691934 7.5595025845186115 11.181806069939881 27.060031650239118 4.799304936705493 12.932393980186099 8.479981455576322 -0.993930794035139 1.1555585014545513 -2.35421947450831 6.699499555178132
26.993987975951903 16.370449621624328 7.488620808425033 10.963691586462883 8.995767774958896 3.9654307598997818 5.383106724746902 19.910356198188797 26.569300296083718 40.4578956001129 22.534882828158278 25.04789933463793 14.329966314495113 18.706418881222607 5.9351075020031 8.905140268728083 25.538299116831976 13.374943979326359 17.182989722938764 7.569876760538037 11.192180245959324 27.070405826258543 4.809679112724918 12.942768156205524 8.490355631595747 -0.9835566180157136 1.1659326774739767 -2.3438452984888847 6.709873731197558
27.054108216432866 16.38080316294282 7.498974349743541 10.974045127781373 9.006121316277405 3.9757843012182725 5.393460266065411 19.920709739507306 26.57965383740222 40.4682491414314 22.545236369476775 25.058252875956427 14.340319855813604 18.716772422541116 5.945461043321591 8.915493810046591 25.548652658150473 13.38529752064485 17.193343264257273 7.580230301856528 11.202533787277815 27.080759367577045 4.820032654043409 12.953121697524033 8.500709172914238 -0.9732030766972228 1.1762862187924674 -2.333491757170394 6.720227272516048
27.11422845691383 16.39113615618875 7.509307342989473 10.984378121027305 9.016454309523318 3.9861172944642043 5.4037932593113425 19.931042732753237 26.58998683064815 40.47858213467732 22.555569362722697 25.068585869202348 14.350652849059536 18.72710541578703 5.955794036567522 8.925826803292505 25.558985651396398 13.395630513890781 17.203676257503187 7.590563295102459 11.212866780523747 27.091092360822977 4.830365647289341 12.963454690769947 8.51104216616017 -0.9628700834512911 1.1866192120383992 -2.323158763924462 6.73056026576198
27.174348697394787 16.401448670699033 7.5196198574997375 10.994690635537587 9.0267668240336 3.9964298089744865 5.414105773821607 19.941355247263502 26.600299345158422 40.48889464918759 22.56588187723298 25.07889838371263 14.360965363569818 18.737417930297312 5.966106551077787 8.936139317802787 25.569298165906673 13.405943028401063 17.21398877201347 7.600875809612742 11.223179295034011 27.101404875333248 4.840678161799623 12.973767205280229 8.521354680670452 -0.9525575689410088 1.1969317265486814 -2.31284624941418 6.740872780272262
27.23446893787575 16.411740784299393 7.529911971100098 11.004982749137948 9.037058937633962 4.006721922574847 5.424397887421968 19.951647360863863 26.610591458758783 40.49918676278796 22.576173990833343 25.089190497312995 14.371257477170179 18.747710043897673 5.976398664678148 8.946431431403148 25.57959027950704 13.416235142001424 17.22428088561383 7.611167923213102 11.233471408634372 27.11169698893361 4.850970275399984 12.98405931888059 8.531646794270813 -0.942265455340648 1.2072238401490423 -2.302554135813819 6.751164893872623
27.294589178356713 16.42201257117817 7.540183757978891 11.01525453601674 9.047330724512754 4.01699370945364 5.4346696743007605 19.961919147742655 26.620863245637576 40.509458549666746 22.586445777712132 25.099462284191777 14.381529264048954 18.757981830776465 5.98667045155694 8.956703218281941 25.589862066385827 13.426506928880217 17.234552672492622 7.621439710091877 11.243743195513165 27.1219687758124 4.861242062278759 12.994331105759382 8.541918581149588 -0.9319936684618553 1.217495627027835 -2.292282348935044 6.761436680751398
27.354709418837675 16.432264110416863 7.550435297217586 11.025506075255418 9.057582263751431 4.027245248692317 5.444921213539455 19.97217068698135 26.63111478487626 40.519710088905434 22.59669731695082 25.10971382343047 14.391780803287649 18.76823337001516 5.996921990795635 8.966954757520636 25.60011360562451 13.436758468118894 17.2448042117313 7.631691249330572 11.25399473475186 27.132220315051086 4.871493601517454 13.00458264499806 8.552170120388283 -0.9217421292231782 1.227747166266512 -2.2820308096963493 6.771688219990093
27.414829659318634 16.442495477042574 7.5606666638432785 11.035737441881128 9.067813630377142 4.0374766153180275 5.455152580165148 19.982402053607043 26.641346151501963 40.529941455531144 22.606928683576523 25.119945190056175 14.402012169913359 18.778464736640853 6.007153357421328 8.977186124146328 25.61034497225022 13.446989834744604 17.25503557835701 7.6419226159562825 11.26422610137757 27.14245168167679 4.881724968143164 13.01481401162377 8.562401487013993 -0.9115107625974679 1.2379785328922224 -2.271799443070639 6.781919586615803
27.474949899799597 16.452706741175813 7.570877927976536 11.045948706014386 9.0780248945104 4.047687879451267 5.465363844298405 19.9926133177403 26.65155741563522 40.54015271966439 22.61713994770977 25.13015645418942 14.412223434046599 18.78867600077411 6.017364621554585 8.987397388279586 25.62055623638347 13.457201098877862 17.265246842490267 7.652133880089522 11.27443736551081 27.152662945810047 4.891936232276404 13.025025275757027 8.572612751147233 -0.9012994984642104 1.2481897970254798 -2.2615881789373993 6.792130850749043
27.53507014028056 16.46289797782501 7.581069164625731 11.056139942663563 9.088216131159594 4.057879116100462 5.475555080947601 20.002804554389495 26.66174865228441 40.550343956313576 22.627331184358965 25.140347690838617 14.422414670695794 18.798867237423305 6.0275558582037805 8.997588624928781 25.630747473032663 13.46739233552704 17.275438079139445 7.662325116738717 11.284628602160005 27.162854182459235 4.902127468925599 13.035216512406222 8.582803987796428 -0.891108261815033 1.2583810336746573 -2.251396942288204 6.802322087398238
27.595190380761522 16.47306927267829 7.591240459478996 11.066311237516846 9.09838742601286 4.068050410953745 5.485726375800866 20.01297584924278 26.67191994713768 40.56051525116686 22.63750247921224 25.150518985691892 14.432585965549077 18.80903853227657 6.037727153057063 9.007759919782046 25.64091876788594 13.477563630380322 17.285609373992727 7.672496411592 11.294799897013288 27.173025477312507 4.912298763778882 13.045387807259488 8.59297528264971 -0.8809369669617502 1.26855232852794 -2.2412256474349213 6.812493382251521
27.655310621242485 16.483220687987856 7.601391874788579 11.076462652826411 9.108538841322424 4.07820182626331 5.495877791110448 20.023127264552343 26.682071362447253 40.57066666647643 22.647653894521813 25.160670401001457 14.442737380858642 18.819189947586153 6.047878568366628 9.017911335091611 25.651070183195504 13.487715045689887 17.295760789302292 7.682647826901565 11.304951312322853 27.18317689262208 4.922450179088447 13.055539222569053 8.603126697959276 -0.8707855516521852 1.278703743837505 -2.2310742321253563 6.822644797561086
27.715430861723444 16.49335229420574 7.611523481006444 11.086594259044293 9.118670447540307 4.088333432481193 5.506009397328313 20.033258870770226 26.69220296866513 40.58079827269431 22.65778550073969 25.17080200721934 14.452868987076524 18.829321553804018 6.058010174584511 9.028042941309494 25.661201789413386 13.49784665190777 17.305892395520175 7.692779433119448 11.315082918540735 27.193308498839954 4.932581785306329 13.065670828786935 8.613258304177158 -0.8606539454343027 1.2888353500553875 -2.220942625907474 6.832776403778968
27.775551102204407 16.503464167923703 7.621635354724425 11.096706132762275 9.128782321258289 4.098445306199157 5.516121271046295 20.04337074448819 26.702314842383103 40.590910146412284 22.66789737445766 25.18091388093731 14.462980860794488 18.839433427522 6.068122048302475 9.038154815027475 25.671313663131357 13.507958525625751 17.316004269238157 7.702891306837412 11.3251947922587 27.20342037255793 4.942693659024293 13.075782702504917 8.623370177895122 -0.850542071716321 1.2989472237733692 -2.21083075218951 6.842888277496932
27.83567134268537 16.51355638654829 7.631727573349014 11.106798351386864 9.138874539882877 4.108537524823763 5.526213489670884 20.05346296311278 26.7124070610077 40.60100236503687 22.67798959308225 25.1910060995619 14.473073079419077 18.84952564614659 6.078214266927064 9.048247033652064 25.68140588175595 13.51805074425034 17.326096487862745 7.7129835254620005 11.335287010883288 27.213512591182525 4.952785877648882 13.085874921129506 8.633462396519711 -0.8404498530917321 1.309039442397958 -2.200738533564921 6.852980496121521
27.895791583166332 16.523629017920722 7.641800204721427 11.116870982759277 9.14894717125529 4.118610156196176 5.536286121043297 20.06353559448521 26.722479692380112 40.61107499640929 22.688062224454672 25.201078730934324 14.483145710791508 18.859598277519 6.088286898299494 9.058319665024477 25.69147851312837 13.528123375622753 17.33616911923516 7.723056156834431 11.345359642255719 27.223585222554938 4.962858509021313 13.095947552501919 8.643535027892142 -0.830377221719319 1.3191120737703712 -2.19066590219249 6.863053127493952
27.955911823647295 16.533682134419756 7.651853321220479 11.126924099258328 9.159000287754342 4.128663272695228 5.546339237542348 20.073588710984243 26.732532808879164 40.62112811290834 22.698115340953724 25.211131847433364 14.49319882729056 18.869651394018053 6.098340014798528 9.068372781523529 25.70153162962741 13.538176492121805 17.34622223573421 7.733109273333465 11.355412758754753 27.23363833905399 4.9729116255203465 13.10600066900097 8.653588144391176 -0.8203241052202677 1.3291651902694226 -2.1806127856934565 6.8731062439930035
28.016032064128254 16.543715799166936 7.661886985967659 11.136957764005508 9.169033952501522 4.138696937442408 5.556372902289528 20.083622375731423 26.742566473626344 40.631161777655514 22.7081490057009 25.221165512180544 14.50323249203774 18.879685058765233 6.108373679545708 9.078406446270709 25.711565294374594 13.548210156868985 17.35625590048139 7.743142938080645 11.365446423501933 27.24367200380117 4.982945290267526 13.11603433374815 8.663621809138355 -0.8102904404730877 1.3391988550166025 -2.1705791209462766 6.883139908740183
28.076152304609217 16.55373009992047 7.671901286721177 11.146972064759026 9.17904825325504 4.148711238195926 5.566387203043046 20.09363667648494 26.75258077437986 40.64117607840903 22.718163306454418 25.23117981293407 14.513246792791257 18.88969935951875 6.118387980299226 9.088420747024227 25.72157959512812 13.558224457622503 17.366270201234908 7.753157238834181 11.37546072425545 27.253686304554687 4.992959591021062 13.126048634501668 8.673636109891891 -0.8002761397195697 1.3492131557701206 -2.1605648201927408 6.8931542094937015
28.13627254509018 16.56372509166788 7.681896278468603 11.156967056506453 9.189043245002466 4.158706229943352 5.576382194790472 20.103631668232367 26.762575766127288 40.65117107015646 22.728158298201844 25.241174804681496 14.523241784538683 18.899694351266177 6.128382972046652 9.098415738771653 25.73157458687554 13.568219449369929 17.376265192982334 7.763152230581589 11.385455716002877 27.263681296302114 5.0029545827684885 13.136043626249094 8.6836311016393 -0.7902811479721434 1.3592081475175468 -2.1505698284453145 6.903149201241128
28.196392785571142 16.5737008571214 7.691872043922103 11.166942821959953 9.199019010455967 4.168681995396852 5.586357960243973 20.113607433685868 26.77255153158079 40.66114683560996 22.738134063655348 25.251150570135 14.533217549992184 18.909670116719678 6.138358737500153 9.108391504225153 25.741550352329035 13.57819521482343 17.386240958435835 7.773127996035107 11.395431481456377 27.273657061755614 5.012930348221989 13.146019391702595 8.693606867092818 -0.780305382518643 1.3691839129710472 -2.140594062991814 6.913124966694628
28.256513026052104 16.583657456544056 7.701828643344779 11.176899421382611 9.208975609878642 4.17863859481951 5.596314559666649 20.123564033108543 26.782508131003453 40.671103435032634 22.748090663078013 25.261107169557665 14.543174149414842 18.919626716142353 6.1483153369228285 9.118348103647829 25.751506951751715 13.588151814246087 17.39619755785851 7.783084595457765 11.405388080879053 27.28361366117828 5.022886947644647 13.15597599112527 8.703563466515476 -0.770348783095985 1.3791405123937053 -2.130637463569156 6.923081566117286
28.316633266533064 16.593594963683724 7.711766150484429 11.186836928522279 9.218913117018293 4.188576101959178 5.606252066806299 20.133501540248194 26.792445638143114 40.681040942172295 22.758028170217674 25.271044676697326 14.55311165655451 18.929564223282004 6.158252844062479 9.12828561078748 25.761444458891372 13.598089321385755 17.40613506499816 7.793022102597433 11.415325588018721 27.29355116831794 5.032824454784315 13.16591349826492 8.713500973655144 -0.7604112759563171 1.3890780195333732 -2.120699956429488 6.933019073256954
28.376753507014026 16.603513443700848 7.721684630501571 11.196755408539403 9.228831597035434 4.198494581976302 5.61617054682344 20.143420020265335 26.80236411816025 40.690959422189415 22.767946650234805 25.280963156714456 14.563030136571633 18.939482703299145 6.16817132407962 9.13820409080462 25.771362938908496 13.608007801402879 17.416053545015284 7.802940582614557 11.425244068035845 27.303469648335074 5.0427429348014385 13.175831978282062 8.723419453672268 -0.7504927959391934 1.3989964995504969 -2.1107814764123645 6.942937553274078
28.43687374749499 16.61341297145764 7.731584158258364 11.206654936296214 9.238731124792228 4.2083941097331135 5.626070074580234 20.15331954802213 26.81226364591705 40.70085894994622 22.77784617799161 25.29086268447126 14.572929664328445 18.94938223105594 6.178070851836414 9.148103618561414 25.781262466665297 13.61790732915969 17.425953072772096 7.812840110371351 11.435143595792638 27.313369176091875 5.052642462558232 13.185731506038856 8.733318981429061 -0.7405932681823819 1.4088960273073083 -2.1008819486555708 6.952837081030889
