web/models/mosfit_kne/mosfit_kn_1.0000/mosfit_kn_0.014776_0.1083_1.0000.dat
# %ECSV 1.0
# ---
# datatype:
# - {name: time, datatype: float64}
# - {name: PS1_g, datatype: float64}
# - {name: PS1_i, datatype: float64}
# - {name: PS1_r, datatype: float64}
# - {name: PS1_w, datatype: float64}
# - {name: PS1_y, datatype: float64}
# - {name: PS1_z, datatype: float64}
# - {name: swift_uvot_B, datatype: float64}
# - {name: swift_uvot_U, datatype: float64}
# - {name: swift_uvot_uvm2, datatype: float64}
# - {name: swift_uvot_uvw1, datatype: float64}
# - {name: swift_uvot_uvw2, datatype: float64}
# - {name: swift_uvot_V, datatype: float64}
# - {name: johnson_B, datatype: float64}
# - {name: johnson_I, datatype: float64}
# - {name: johnson_R, datatype: float64}
# - {name: johnson_U, datatype: float64}
# - {name: johnson_V, datatype: float64}
# - {name: sdss_g, datatype: float64}
# - {name: sdss_i, datatype: float64}
# - {name: sdss_r, datatype: float64}
# - {name: sdss_u, datatype: float64}
# - {name: sdss_z, datatype: float64}
# - {name: ATLAS_c, datatype: float64}
# - {name: ATLAS_o, datatype: float64}
# - {name: ukirt_H, datatype: float64}
# - {name: ukirt_J, datatype: float64}
# - {name: ukirt_K, datatype: float64}
# - {name: Clear, datatype: float64}
# meta: !!omap
# - comment: [kappa = 1.0, type = rprocess, mass = 0.014775890654408853, velocity = 0.10833333333333334, theta_obs = 0.0, tfloor = 1000.0]
# schema: astropy-2.0
time PS1_g PS1_i PS1_r PS1_w PS1_y PS1_z swift_uvot_B swift_uvot_U swift_uvot_uvm2 swift_uvot_uvw1 swift_uvot_uvw2 swift_uvot_V johnson_B johnson_I johnson_R johnson_U johnson_V sdss_g sdss_i sdss_r sdss_u sdss_z ATLAS_c ATLAS_o ukirt_H ukirt_J ukirt_K Clear
[from data line 172]
10.400801603206412 7.288881950703754 -1.5929468624955234 1.8821239155423264 -0.08579989596166016 -5.116136911020774 -3.698460946173654 10.828788527268241 17.48773262516316 31.376327929192332 13.45331515723771 15.966331663717362 5.248398643574556 9.624851210302051 -3.146460168917474 -0.1764274021924741 16.45673144591142 4.293376308405803 8.101422052018208 -1.5116909103825371 2.1106125750387505 17.988838155337987 -4.271888558195656 3.861200485284968 -0.5912120393248266 -10.06512428893627 -7.915634993446579 -11.425412969409459 -2.3716939397229986
10.460921843687375 7.299663287633251 -1.582165525566026 1.892905252471806 -0.07501855903216281 -5.105355574091295 -3.6876796092441566 10.839569864197738 17.49851396209266 31.38710926612183 13.464096494167208 15.97711300064686 5.259179980504036 9.635632547231548 -3.1356788319879767 -0.16564606526297676 16.4675127828409 4.304157645335301 8.112203388947705 -1.5009095734530398 2.121393911968248 17.999619492267485 -4.261107221266158 3.8719818222144653 -0.5804307023953292 -10.05434295200679 -7.9048536565170995 -11.414631632479962 -2.360912602793519
10.521042084168336 7.310372375652907 -1.5714564375463702 1.9036143404914618 -0.06430947101250695 -5.094646486071639 -3.6769705212245007 10.850278952217394 17.509223050112315 31.397818354141474 13.474805582186864 15.987822088666515 5.269889068523692 9.646341635251204 -3.124969743968321 -0.1549369772433209 16.478221870860555 4.314866733354939 8.122912476967361 -1.490200485433384 2.1321029999879038 18.01032858028714 -4.250398133246502 3.882690910234121 -0.5697216143756734 -10.043633863987134 -7.894144568497444 -11.403922544460306 -2.350203514773863
10.581162324649299 7.321011682127008 -1.5608171310722696 1.9142536469655802 -0.05367016453840634 -5.084007179597521 -3.6663312147504 10.860918258691495 17.519862356586415 31.408457660615586 13.485444888660965 15.998461395140616 5.28052837499781 9.656980941725305 -3.1143304374942202 -0.1442976707692203 16.488861177334673 4.325506039829057 8.133551783441462 -1.4795611789592833 2.1427423064620044 18.02096788676124 -4.239758826772402 3.8933302167082218 -0.5590823079015728 -10.032994557513016 -7.883505262023325 -11.393283237986205 -2.3395642082997448
10.64128256513026 7.331579488626652 -1.5502493245726434 1.9248214534652064 -0.04310235803878015 -5.073439373097894 -3.655763408250774 10.871486065191121 17.53043016308604 31.41902546711521 13.49601269516059 16.009029201640242 5.291096181497436 9.667548748224931 -3.103762630994594 -0.1337298642695941 16.4994289838343 4.336073846328683 8.144119589941088 -1.4689933724596393 2.1533101129616483 18.031535693260867 -4.229191020272758 3.903898023207848 -0.5485145014019288 -10.02242675101339 -7.872937455523699 -11.382715431486561 -2.3289964018001186
10.701402805611222 7.342078399411367 -1.5397504137879103 1.9353203642499217 -0.03260344725406483 -5.062940462313179 -3.645264497466041 10.881984975975854 17.540929073870757 31.429524377899934 13.506511605945324 16.019528112424975 5.3015950922821515 9.678047659009646 -3.093263720209861 -0.12323095348487878 16.509927894619015 4.346572757113399 8.154618500725803 -1.458494461674924 2.1638090237463636 18.042034604045583 -4.2186921094880425 3.9143969339925633 -0.5380155906172135 -10.011927840228674 -7.862438544738984 -11.372216520701846 -2.3184974910154033
10.761523046092185 7.35250952398534 -1.5293192892139373 1.9457514888238947 -0.022172322680091838 -5.052509337739206 -3.634833372892068 10.892416100549827 17.55136019844473 31.43995550247391 13.516942730519297 16.02995923699895 5.3120262168561245 9.688478783583637 -3.082832595635888 -0.11279982891088802 16.520359019192988 4.357003881687372 8.165049625299776 -1.448063337100951 2.1742401483203366 18.052465728619556 -4.2082609849140695 3.9248280585665363 -0.5275844660432405 -10.001496715654701 -7.852007420165011 -11.361785396127873 -2.3080663664414303
10.821643286573146 7.362873911411452 -1.5189549017878257 1.9561158762500241 -0.011807935253962398 -5.042144950313094 -3.624468985465956 10.902780487975939 17.56172458587086 31.450319889900026 13.527307117945409 16.04032362442506 5.322390604282236 9.698843171009749 -3.0724682082097763 -0.10243544148477635 16.5307234066191 4.367368269113501 8.175414012725906 -1.4376989496748394 2.1846045357464483 18.062830116045685 -4.197896597487958 3.9351924459926657 -0.5172200786171288 -9.991132328228572 -7.841643032738899 -11.351421008701761 -2.2977019790153186
10.881763527054108 7.37317247015806 -1.508656343041217 1.966414434996615 -0.0015093765073537213 -5.031846391566486 -3.6141704267193475 10.913079046722547 17.572023144617468 31.46061844864663 13.537605676692017 16.05062218317167 5.332689163028845 9.709141729756357 -3.0621696494631676 -0.09213688273816767 16.541021965365708 4.377666827860092 8.185712571472497 -1.4274003909282307 2.194903094493057 18.073128674792294 -4.187598038741349 3.9454910047392744 -0.5069215198705201 -9.98083376948198 -7.83134447399229 -11.341122449955153 -2.28740342026871
10.941883767535069 7.3834062665719635 -1.4984225466273315 1.9766482314105183 0.008724419906531722 -5.0216125951525825 -3.603936630305462 10.923312843136433 17.582256941031353 31.47085224506053 13.54783947310592 16.060855979585572 5.342922959442748 9.719375526170243 -3.0519358530492644 -0.08190308632428223 16.55125576177961 4.387900624273995 8.1959463678864 -1.4171665945143275 2.20513689090696 18.08336247120618 -4.177364242327446 3.95572480115316 -0.49668772345661694 -9.970599973068078 -7.821110677578387 -11.33088865354125 -2.2771696238548067
11.002004008016032 7.393576257869423 -1.488252555329872 1.9868182227079778 0.018894411203991268 -5.011442603855123 -3.5937666390080025 10.933482834433892 17.592426932328813 31.481022236357983 13.558009464403362 16.071025970883014 5.353092950740208 9.729545517467702 -3.0417658617518226 -0.07173309502682268 16.56142575307707 4.398070615571455 8.20611635918386 -1.406996603216868 2.215306882204402 18.09353246250364 -4.167194251029986 3.9658947924506194 -0.4865177321591574 -9.960429981770618 -7.810940686280928 -11.32071866224379 -2.266999632557347
11.062124248496994 7.403683296583363 -1.478145516615914 1.996925261421918 0.02900144991793141 -5.001335565141183 -3.5836596002940446 10.94358987314785 17.602533971042753 31.49112927507193 13.56811650311732 16.08113300959697 5.363199989454148 9.739652556181642 -3.0316588230378647 -0.06162605631288254 16.57153279179101 4.408177654285395 8.2162233978978 -1.3968895645029278 2.22541392091836 18.10363950121758 -4.157087212316046 3.9760018311645595 -0.47641069344521725 -9.950322943056678 -7.8008336475669875 -11.31061162352985 -2.256892593843407
11.122244488977955 7.413728349945892 -1.4681004632533856 2.0069703147844464 0.03904650328047765 -4.991290511778654 -3.573614546931516 10.953634926510379 17.6125790244053 31.501174328434463 13.578161556479849 16.0911780629595 5.373245042816676 9.749697609544189 -3.0216137696753362 -0.0515810029503363 16.58157784515354 4.4182227076479235 8.226268451260328 -1.3868445111403993 2.2354589742808884 18.113684554580125 -4.147042158953518 3.986046884527088 -0.46636564008268877 -9.94027788969415 -7.790788594204459 -11.300566570167321 -2.2468475404808785
11.182364729458918 7.423712346322393 -1.4581164668768842 2.016954311160948 0.04903049965696127 -4.981306515402153 -3.5636305505550148 10.96361892288688 17.622563020781783 31.51115832481096 13.58814555285635 16.101162059336 5.383229039193178 9.759681605920672 -3.011629773298835 -0.04159700657385268 16.59156184153004 4.428206704024425 8.23625244763683 -1.376860514763898 2.2454429706573897 18.12366855095661 -4.137058162577016 3.9960308809035894 -0.4563816437061874 -9.930293893317648 -7.780804597827958 -11.29058257379082 -2.236863544104377
11.242484969939879 7.4336360883839525 -1.4481927248153248 2.026878053222525 0.05895424171853847 -4.971382773340576 -3.5537068084934553 10.97354266494844 17.63248676284336 31.521082066872527 13.59806929491791 16.11108580139756 5.393152781254755 9.76960534798225 -3.0017060312372754 -0.03167326451227548 16.601485583591618 4.438130446086002 8.246176189698406 -1.3669367727023385 2.255366712718949 18.133592293018186 -4.127134420515439 4.005954622965167 -0.44645790164462795 -9.920370151256071 -7.77088085576638 -11.280658831729243 -2.2269398020428
11.302605210420841 7.443500390569131 -1.4383284226301463 2.0367423554077035 0.068818543903717 -4.961518471155415 -3.543842506308277 10.983406967133618 17.64235106502854 31.530946369057705 13.607933597103088 16.12095010358274 5.403017083439916 9.779469650167428 -2.991841729052097 -0.021808962327096948 16.61134988577678 4.447994748271181 8.256040491883585 -1.35707247051716 2.2652310149041277 18.143456595203364 -4.1172701183302785 4.015818925150345 -0.4365935994594494 -9.910505849070892 -7.761016553581202 -11.270794529544082 -2.217075499857639
11.362725450901802 7.4533061578840965 -1.4285226553151809 2.046548122722651 0.07862431121868241 -4.95171270384045 -3.5340367389933114 10.993212734448583 17.652156832343504 31.540752136372664 13.617739364418053 16.130755870897705 5.412822850754881 9.789275417482393 -2.9820359617371315 -0.01200319501213154 16.621155653091744 4.457800515586128 8.265846259198533 -1.3472667032021945 2.275036782219093 18.15326236251833 -4.107464351015313 4.025624692465293 -0.426787832144484 -9.900700081755945 -7.751210786266254 -11.260988762229116 -2.207269732542674
11.422845691382765 7.463054189104792 -1.4187746240944854 2.0562961539433644 0.08837234243937786 -4.941964672619754 -3.524288707772616 11.002960765669279 17.6619048635642 31.550500167593366 13.627487395638749 16.1405039021184 5.4225708819755765 9.799023448703089 -2.972287930516436 -0.002255163791436088 16.63090368431244 4.467548546806841 8.275594290419246 -1.337518671981499 2.2847848134397886 18.163010393739025 -4.097716319794618 4.035372723686006 -0.41703980092378856 -9.890952050535232 -7.741462755045559 -11.251240731008421 -2.1975217013219783
11.482965931863728 7.472745229963316 -1.4090835832359616 2.065987194801888 0.09806338329790165 -4.932273631761213 -3.514597666914092 11.012651806527803 17.671595904422723 31.560191208451894 13.637178436497273 16.150194942976924 5.4322619228341 9.808714489561613 -2.9625968896579122 0.007435877067087704 16.64059472517098 4.477239587665365 8.28528533127777 -1.3278276311229753 2.2944758542983124 18.17270143459755 -4.088025278936094 4.04506376454453 -0.40734876006526477 -9.881261009676708 -7.731771714187017 -11.241549690149897 -2.1878306604634545
11.543086172344688 7.4823800734770884 -1.3994487397221889 2.075622038315661 0.1076982268116744 -4.92263878824744 -3.5049628234003194 11.022286650041575 17.681230747936496 31.569826051965666 13.646813280011045 16.159829786490697 5.441896766347891 9.818349333075385 -2.9529620461441395 0.017070720580860455 16.650229568684754 4.486874431179138 8.294920174791542 -1.3181927876091848 2.304110697812085 18.182336278111322 -4.078390435422303 4.0546986080583025 -0.397713916551492 -9.871626166162935 -7.7221368706732445 -11.231914846636107 -2.178195816949664
11.603206412825651 7.4919595035719055 -1.3898693096273718 2.085201468410478 0.1172776569064915 -4.913059358152623 -3.4953833933055023 11.031866080136393 17.690810178031313 31.579405482060483 13.656392710105862 16.169409216585514 5.451476196442708 9.827928763170203 -2.9433826160493224 0.026650150675677553 16.65980899877957 4.496453861273955 8.30449960488636 -1.3086133575143855 2.313690127906902 18.19191570820614 -4.068811005327504 4.06427803815312 -0.3881344864566749 -9.862046736068118 -7.712557440578427 -11.222335416541307 -2.1686163868548647
11.663326653306612 7.5014842488871025 -1.3803445643121925 2.0947262137256573 0.12680240222167072 -4.9035346128374435 -3.485858647990323 11.04139082545159 17.700334923346492 31.588930227375673 13.66591745542106 16.17893396190071 5.461000941757887 9.837453508485382 -2.9338578707341254 0.03617489599085677 16.66933374409475 4.505978606589134 8.314024350201539 -1.2990886121991885 2.323214873222099 18.201440453521318 -4.059286260012307 4.073802783468299 -0.37860974114147794 -9.852521990752939 -7.703032695263248 -11.21281067122611 -2.1590916415396677
11.723446893787575 7.510954973422308 -1.3708738397769693 2.1041969382608627 0.13627312675689396 -4.894063888302238 -3.4763879234551 11.050861549986795 17.709805647881716 31.59840095191088 13.675388179956265 16.188404686435916 5.470471666293093 9.846924233020605 -2.92438714619892 0.04564562052608001 16.678804468629956 4.51544933112434 8.323495074736762 -1.289617887663983 2.3326855977573047 18.21091117805654 -4.0498155354771015 4.083273508003522 -0.36913901660627246 -9.843051266217733 -7.693561970728043 -11.203339946690905 -2.1496209170044622
11.783567134268537 7.520372447569965 -1.36145636562933 2.11361441240852 0.14569060090453334 -4.884646414154581 -3.4669704493074605 11.060279024134452 17.719223122029355 31.607818426058532 13.684805654103922 16.197822160583573 5.47988914044075 9.856341707168244 -2.914969672051263 0.05506309467371939 16.688221942777613 4.524866805271997 8.332912548884401 -1.2802004135163259 2.342103071904962 18.22032865220418 -4.040398061329444 4.0926909821511614 -0.3597215424586153 -9.833633792070076 -7.684144496580386 -11.193922472543248 -2.140203442856805
11.843687374749498 7.529737381210957 -1.3520914319883381 2.1229793460495117 0.15505553454552512 -4.875281480513589 -3.4576055156664687 11.069643957775426 17.728588055670347 31.617183359699514 13.694170587744896 16.207187094224548 5.4892540740817415 9.865706640809236 -2.9056047384102888 0.06442802831471117 16.697586876418605 4.534231738912989 8.342277482525393 -1.270835479875334 2.351468005545936 18.229693585845173 -4.031033127688453 4.102055915792153 -0.35035660881762354 -9.824268858429084 -7.674779562939394 -11.184557538902256 -2.1308385092158133
11.90380761523046 7.539050403041667 -1.3427784101576279 2.132292367880222 0.16436855637623538 -4.865968458682879 -3.4482924938357584 11.078956979606136 17.737901077501057 31.626496381530227 13.703483609575606 16.216500116055258 5.498567095912452 9.875019662639946 -2.8962917165795785 0.07374105014542143 16.706899898249315 4.543544760743699 8.351590504356103 -1.2615224580446238 2.360781027376646 18.239006607675883 -4.021720105857742 4.1113689376228635 -0.3410435869869133 -9.814955836598374 -7.6654665411086835 -11.175244517071546 -2.121525487385103
11.963927855711422 7.548312156919703 -1.3335166562795742 2.141554121758258 0.17363031025427134 -4.856706704804843 -3.4390307399577047 11.08821873348419 17.747162831379093 31.63575813540827 13.71274536345366 16.22576186993331 5.507828849790488 9.884281416518 -2.887029962701525 0.08300280402347515 16.71616165212735 4.552806514621735 8.36085225823414 -1.2522607041665879 2.3700427812547 18.24826836155392 -4.012458351979706 4.1206306915008994 -0.3317818331088773 -9.805694082720338 -7.656204787230648 -11.16598276319351 -2.112263733507067
12.024048096192384 7.557523341197587 -1.3243054720017078 2.150765306036142 0.18284149453215548 -4.847495520526959 -3.4298195556798383 11.097429917762057 17.756374015656977 31.644969319686144 13.721956547731526 16.234973054211178 5.517040034068372 9.893492600795867 -2.8778187784236584 0.09221398830134153 16.725372836405235 4.562017698899619 8.370063442512023 -1.2430495198887037 2.379253965532566 18.257479545831803 -4.003247167701822 4.129841875778784 -0.3225706488309932 -9.796482898442454 -7.646993602952763 -11.156771578915626 -2.103052549229183
