web/models/mosfit_kne/mosfit_kn_1.0000/mosfit_kn_0.009764_0.2807_1.0000.dat
# %ECSV 1.0
# ---
# datatype:
# - {name: time, datatype: float64}
# - {name: PS1_g, datatype: float64}
# - {name: PS1_i, datatype: float64}
# - {name: PS1_r, datatype: float64}
# - {name: PS1_w, datatype: float64}
# - {name: PS1_y, datatype: float64}
# - {name: PS1_z, datatype: float64}
# - {name: swift_uvot_B, datatype: float64}
# - {name: swift_uvot_U, datatype: float64}
# - {name: swift_uvot_uvm2, datatype: float64}
# - {name: swift_uvot_uvw1, datatype: float64}
# - {name: swift_uvot_uvw2, datatype: float64}
# - {name: swift_uvot_V, datatype: float64}
# - {name: johnson_B, datatype: float64}
# - {name: johnson_I, datatype: float64}
# - {name: johnson_R, datatype: float64}
# - {name: johnson_U, datatype: float64}
# - {name: johnson_V, datatype: float64}
# - {name: sdss_g, datatype: float64}
# - {name: sdss_i, datatype: float64}
# - {name: sdss_r, datatype: float64}
# - {name: sdss_u, datatype: float64}
# - {name: sdss_z, datatype: float64}
# - {name: ATLAS_c, datatype: float64}
# - {name: ATLAS_o, datatype: float64}
# - {name: ukirt_H, datatype: float64}
# - {name: ukirt_J, datatype: float64}
# - {name: ukirt_K, datatype: float64}
# - {name: Clear, datatype: float64}
# meta: !!omap
# - comment: [kappa = 1.0, type = rprocess, mass = 0.009763877790252312, velocity = 0.2806666666666667, theta_obs = 0.0, tfloor = 1000.0]
# schema: astropy-2.0
time PS1_g PS1_i PS1_r PS1_w PS1_y PS1_z swift_uvot_B swift_uvot_U swift_uvot_uvm2 swift_uvot_uvw1 swift_uvot_uvw2 swift_uvot_V johnson_B johnson_I johnson_R johnson_U johnson_V sdss_g sdss_i sdss_r sdss_u sdss_z ATLAS_c ATLAS_o ukirt_H ukirt_J ukirt_K Clear
[from data line 115]
6.973947895791583 7.8967998781172355 -0.9850289350820418 2.4900418429557902 0.5221180314518037 -4.5082189836073105 -3.0905430187601723 11.436706454681723 18.095650552576625 31.9842458566058 14.061233084651192 16.574249591130844 5.85631657098802 10.232769137715515 -2.5385422415039924 0.43149052522098974 17.064649373324883 4.901294235819267 8.709339979431672 -0.9037729829690555 2.718530502452232 18.59675608275145 -3.663970630782174 4.469118412698432 0.01670588808865503 -9.457206361522806 -7.307717066033115 -10.817495041995977 -1.7637760123095347
7.034068136272545 7.916532247282753 -0.9652965659165247 2.5097742121213074 0.5418504006173386 -4.488486614441793 -3.070810649594655 11.45643882384724 18.11538292174216 32.00397822577133 14.08096545381671 16.59398196029636 5.876048940153537 10.25250150688105 -2.5188098723384753 0.45122289438652463 17.0843817424904 4.921026604984784 8.729072348597189 -0.8840406138035384 2.7382628716177493 18.616488451916986 -3.644238261616657 4.488850781863967 0.03643825725417216 -9.437473992357289 -7.287984696867598 -10.79776267283046 -1.7440436431440176
7.0941883767535066 7.93610187839251 -0.9457269348067676 2.5293438432310644 0.5614200317270956 -4.468916983332036 -3.051241018484898 11.476008454956997 18.134952552851917 32.02354785688108 14.100535084926467 16.613551591406118 5.895618571263294 10.272071137990807 -2.4992402412287182 0.4707925254962817 17.103951373600157 4.9405962360945415 8.748641979706964 -0.8644709826937813 2.7578325027275064 18.636058083026743 -3.6246686305069 4.508420412973724 0.056007888363929226 -9.417904361247531 -7.268415065757841 -10.778193041720703 -1.7244740120342605
7.154308617234468 7.955511575384655 -0.9263172378146223 2.5487535402232098 0.580829728719241 -4.449507286339891 -3.031831321492753 11.495418151949142 18.154362249844063 32.04295755387323 14.119944781918612 16.632961288398263 5.91502826825544 10.291480834982952 -2.479830544236573 0.49020222248842704 17.123361070592303 4.960005933086687 8.768051676699091 -0.845061285701636 2.7772421997196517 18.65546778001889 -3.6052589335147545 4.527830109965869 0.07541758535607457 -9.398494664255386 -7.249005368765696 -10.758783344728558 -1.7050643150421152
7.214428857715431 7.9747642444972655 -0.9070645687020118 2.5680062093358202 0.6000823978318515 -4.4302546172272805 -3.0125786523801423 11.514670821061753 18.173614918956673 32.06221022298585 14.139197451031222 16.652213957510874 5.93428093736805 10.310733504095563 -2.4605778751239624 0.5094548916010375 17.142613739704913 4.979258602199297 8.78730434581172 -0.8258086165890255 2.796494868832262 18.6747204491315 -3.586006264402144 4.54708277907848 0.09467025446868504 -9.379241995142776 -7.229752699653085 -10.739530675615947 -1.6858116459295047
7.274549098196393 7.99386238303553 -0.8879664301637469 2.587104347874085 0.6191805363701164 -4.411156478689016 -2.9934805138418774 11.533768959600017 18.192713057494938 32.08130836152411 14.158295589569487 16.67131209604914 5.953379075906315 10.329831642633827 -2.4414797365856975 0.5285530301393024 17.161711878243178 4.998356740737562 8.806402484349984 -0.8067104780507606 2.815593007370527 18.693818587669764 -3.566908125863879 4.5661809176167445 0.11376839300694996 -9.36014385660451 -7.21065456111482 -10.720432537077683 -1.6667135073912398
7.3346693386773545 8.012808827976983 -0.8690199852222946 2.6060507928155374 0.6381269813115509 -4.392210033747563 -2.974534068900425 11.55271540454147 18.211659502436373 32.10025480646555 14.17724203451094 16.69025854099059 5.972325520847767 10.34877808757528 -2.4225332916442452 0.5474994750807369 17.18065832318463 5.0173031856790145 8.825348929291419 -0.7877640331093083 2.8345394523119793 18.7127650326112 -3.547961680922427 4.585127362558179 0.13271483794840222 -9.341197411663059 -7.191708116173368 -10.70148609213623 -1.6477670624497875
7.394789579158316 8.031605970703026 -0.8502228424962688 2.624847935541581 0.6569241240375945 -4.37341289102152 -2.9557369261743816 11.571512547267513 18.230456645162416 32.119051949191594 14.196039177236983 16.709055683716635 5.991122663573811 10.367575230301306 -2.4037361489182016 0.5662966178067805 17.199455465910674 5.036100328405058 8.844146072017463 -0.7689668903832647 2.853336595038023 18.731562175337242 -3.529164538196383 4.603924505284223 0.15151198067444582 -9.322400268937015 -7.172910973447324 -10.682688949410187 -1.628969919723744
7.454909819639278 8.050256356580245 -0.8315724566190319 2.6434983214188 0.6755745099148136 -4.354762505144301 -2.9370865402971624 11.590162933144732 18.249107031039635 32.137702335068816 14.214689563114202 16.727706069593854 6.00977304945103 10.386225616178542 -2.3850857630409825 0.5849470036840174 17.218105851787893 5.054750714282277 8.862796457894682 -0.7503165045060456 2.871986980915242 18.75021256121446 -3.510514152319164 4.622574891161442 0.17016236655166495 -9.303749883059796 -7.154260587570105 -10.664038563532968 -1.6103195338465248
7.51503006012024 8.068767532672805 -0.8130612805264725 2.6620094975113595 0.694085686007373 -4.336251329051741 -2.918575364204603 11.608674109237292 18.267618207132195 32.156213511161376 14.233200739206762 16.746217245686413 6.028284225543589 10.404736792271084 -2.366574586948423 0.603458179776559 17.236617027880452 5.0732618903748365 8.881307633987241 -0.7318053284134862 2.8904981570078014 18.76872373730702 -3.4920029762266047 4.641086067254001 0.1886735426442243 -9.285238706967236 -7.135749411477546 -10.645527387440408 -1.5918083577539655
7.575150300601202 8.087129332164018 -0.7946994810352592 2.680371297002573 0.7124474854985863 -4.317889529560528 -2.9002135647133898 11.627035908728505 18.285980006623408 32.17457531065259 14.251562538697975 16.764579045177626 6.046646025034803 10.423098591762315 -2.34821278745721 0.6218199792677901 17.254978827371666 5.09162368986605 8.899669433478454 -0.7134435289222729 2.9088599564990147 18.787085536798234 -3.4736411767353914 4.659447866745214 0.20703534213543762 -9.266876907476023 -7.117387611986333 -10.627165587949195 -1.5734465582627521
7.635270541082164 8.105352484318242 -0.776476328881035 2.698594449156797 0.7306706376528105 -4.299666377406304 -2.8819904125591655 11.64525906088273 18.304203158777632 32.19279846280681 14.2697856908522 16.78280219733185 6.064869177189027 10.441321743916522 -2.3299896353029856 0.6400431314219965 17.27320197952589 5.109846842020274 8.917892585632679 -0.6952203767680487 2.927083108653239 18.805308688952458 -3.455418024581167 4.677671018899439 0.22525849428966183 -9.248653755321799 -7.099164459832108 -10.60894243579497 -1.555223406108528
7.695390781563126 8.123438723450445 -0.7583900897488327 2.716680688289017 0.7487568767850306 -4.281580138274084 -2.8639041734269632 11.663345300014932 18.322289397909852 32.21088470193902 14.287871929984401 16.800888436464053 6.082955416321247 10.459407983048742 -2.3119033961707833 0.6581293705542166 17.29128821865811 5.127933081152494 8.935978824764899 -0.6771341376358464 2.9451693477854413 18.823394928084678 -3.437331785448947 4.695757258031659 0.24334473342186413 -9.230567516189579 -7.081078220699888 -10.590856196662768 -1.5371371669763079
7.755511022044088 8.141390012495506 -0.740438800703771 2.734631977334061 0.7667081658300745 -4.26362884922904 -2.8459528843819015 11.681296589059993 18.340240686954896 32.228835990984074 14.305823219029463 16.818839725509115 6.100906705366291 10.477359272093803 -2.2939521071257216 0.6760806595992783 17.309239507703154 5.145884370197538 8.953930113809943 -0.6591828485907847 2.963120636830503 18.841346217129722 -3.419380496403903 4.713708547076703 0.26129602246692585 -9.212616227144535 -7.063126931654844 -10.572904907617707 -1.519185877931264
7.8156312625250495 8.159208391616168 -0.7226204215831089 2.752450356454723 0.7845265449507366 -4.245810470108378 -2.8281345052612394 11.699114968180655 18.35805906607556 32.24665437010474 14.323641598150125 16.836658104629777 6.118725084486953 10.495177651214448 -2.2761337280050595 0.6938990387199226 17.327057886823816 5.1637027493182 8.971748492930605 -0.6413644694701226 2.980939015951165 18.859164596250384 -3.401562117283241 4.731526926197365 0.27911440158758793 -9.194797848023873 -7.045308552534182 -10.555086528497045 -1.5013674988106018
7.875751503006012 8.176895743648576 -0.7049330695507017 2.770137708487148 0.8022138969831616 -4.228123118075953 -2.810447153228832 11.716802320213063 18.375746418107983 32.264341722137154 14.341328950182533 16.854345456662184 6.136412436519378 10.512865003246873 -2.2584463759726523 0.7115863907523476 17.34474523885624 5.181390101350625 8.98943584496303 -0.6236771174377154 2.9986263679835723 18.87685194828281 -3.383874765250834 4.74921427822979 0.29680175361999517 -9.177110495991448 -7.027621200501757 -10.537399176464637 -1.4836801467781768
7.935871743486974 8.19445417744145 -0.687374635757827 2.787696142280005 0.8197723307760363 -4.210564684283096 -2.7928887194359575 11.734360754005937 18.393304851900858 32.28190015593003 14.358887383975407 16.87190389045506 6.153970870312235 10.530423437039747 -2.2408879421797776 0.7291448245452223 17.362303672649098 5.198948535143482 9.006994278755904 -0.6061186836448407 3.016184801776447 18.894410382075684 -3.366316331457959 4.766772712022664 0.31436018741286986 -9.15955206219859 -7.0100627667089 -10.519840742671763 -1.46612171298532
7.995991983967936 8.211885599459041 -0.6699432137402361 2.805127564297596 0.8372037527936271 -4.193133262265505 -2.7754572974183667 11.751792176023528 18.41073627391845 32.29933157794761 14.376318805992998 16.88933531247265 6.171402292329826 10.547854859057338 -2.2234565201621868 0.7465762465628132 17.37973509466669 5.216379957161073 9.024425700773477 -0.5886872616272498 3.033616223794038 18.911841804093275 -3.3488849094403683 4.784204134040255 0.3317916094304607 -9.142120640181 -6.9926313446913095 -10.502409320654172 -1.448690290967729
8.056112224448897 8.229191868741221 -0.652636944458056 2.822433833579794 0.8545100220758073 -4.175826992983307 -2.7581510281361865 11.769098445305708 18.42804254320063 32.3166378472298 14.393625075275178 16.90664158175483 6.188708561612024 10.565161128339518 -2.2061502508800066 0.7638825158449933 17.397041363948887 5.233686226443271 9.041731970055675 -0.5713809923450697 3.050922493076218 18.929148073375455 -3.331578640158188 4.801510403322435 0.34909787871264086 -9.124814370898802 -6.975325075409112 -10.485103051371992 -1.431384021685549
8.11623246492986 8.246374997196213 -0.6354538160030643 2.8396169620347678 0.8716931505307812 -4.158643864528333 -2.740967899681195 11.7862815737607 18.445225671655603 32.33382097568478 14.41080820373017 16.92382471020982 6.205891690066998 10.58234425679451 -2.188967122425015 0.781065644299985 17.41422449240386 5.250869354898245 9.05891509851065 -0.554197863890078 3.0681056215312097 18.94633120183043 -3.3143955117031965 4.818693531777409 0.36628100716763257 -9.107631242443828 -6.958141946954138 -10.467919922917 -1.4142008932305572
8.176352705410821 8.263436701514664 -0.6183921116846136 2.856678666353236 0.8887548548492497 -4.141582160209882 -2.723906195362744 11.80334327807915 18.46228737597407 32.350882680003245 14.42786990804862 16.940886414528272 6.222953394385448 10.59940596111296 -2.1719054181065642 0.7981273486184357 17.43128619672233 5.267931059216713 9.075976802829118 -0.5371361595716273 3.0851673258496604 18.963392906148897 -3.297333807384746 4.835755236095878 0.38334271148608323 -9.09056953812536 -6.941080242635669 -10.45085821859855 -1.3971391889121065
8.236472945891784 8.280378833598458 -0.6014499796008366 2.8736207984370132 0.9056969869330267 -4.1246400281260875 -2.7069640632789493 11.820285410162946 18.47922950805785 32.36782481208703 14.444812040132415 16.957828546612067 6.239895526469243 10.616348093196738 -2.1549632860227694 0.8150694807022127 17.448228328806106 5.28487319130049 9.092918934912895 -0.5201940274878325 3.102109457933455 18.980335038232674 -3.280391675300951 4.852697368179655 0.40028484356987803 -9.073627406041583 -6.924138110551892 -10.433916086514754 -1.3801970568283117
8.296593186372744 8.29720320252802 -0.5846256106712566 2.8904451673665754 0.9225213558626066 -4.107815659196525 -2.690139694349387 11.837109779092508 18.49605387698743 32.3846491810166 14.461636409061978 16.97465291554163 6.256719895398805 10.633172462126318 -2.1381389170932072 0.8318938496317927 17.46505269773567 5.3016975602300525 9.109743303842475 -0.5033696585582703 3.1189338268630173 18.997159407162254 -3.263567306371389 4.869521737109235 0.4171092124994402 -9.05680303711202 -6.90731374162233 -10.417091717585192 -1.3633726878987495
8.356713426853707 8.313911438834332 -0.5679173743649457 2.907153403672904 0.9392295921689175 -4.091107422890197 -2.6734314580430762 11.853818015398819 18.51276211329374 32.40135741732291 14.478344645368288 16.99136115184794 6.273428131705134 10.649880698432629 -2.1214306807868963 0.8486020859381036 17.481760934041997 5.318405796536381 9.126451540148786 -0.4866614222519594 3.1356420631693283 19.013867643468565 -3.246859070065078 4.886229973415546 0.4338174488057511 -9.040094800805692 -6.890605505316001 -10.400383481278881 -1.3466644515924386
8.41683366733467 8.33050529793324 -0.5513235152660556 2.923747262771794 0.9558234512678077 -4.074513563791307 -2.656837598944186 11.870411874497709 18.52935597239263 32.41795127642181 14.494938504467196 17.00795501094683 6.290021990804024 10.666474557531519 -2.1048368216880062 0.8651959450369937 17.498354793140887 5.334999655635271 9.143045399247676 -0.47006756315305154 3.1522359222682184 19.030461502567455 -3.23026521096617 4.902823832514436 0.450411307904659 -9.023500941706802 -6.874011646217111 -10.383789622179973 -1.3300705924935308
8.47695390781563 8.346986436141925 -0.5348423770573518 2.940228400980498 0.9723045894765114 -4.058032425582603 -2.6403564607354824 11.886893012706413 18.545837110601333 32.43443241463051 14.511419642675882 17.024436149155534 6.306503129012728 10.682955695740223 -2.0883556834793024 0.8816770832456975 17.51483593134959 5.351480793843975 9.15952653745638 -0.45358642494434775 3.168717060476922 19.04694264077616 -3.2137840727574662 4.9193049707231395 0.466892446113345 -9.007019803498098 -6.8575305080084075 -10.36730848397127 -1.313589454284827
8.537074148296593 8.363356398844992 -0.5184724143542851 2.956598363683547 0.9886745521795604 -4.041662462879554 -2.6239864980324157 11.90326297540948 18.562207073304382 32.45080237733357 14.527789605378949 17.0408061118586 6.322873091715777 10.699325658443271 -2.0719857207762358 0.8980470459487464 17.53120589405264 5.367850756547024 9.175896500159428 -0.43721646224129884 3.185087023179989 19.063312603479208 -3.1974141100544173 4.9356749334261885 0.4832624088164117 -8.990649840795049 -6.8411605453053586 -10.35093852126822 -1.297219491581778
8.597194388777554 8.379616852122052 -0.5022119610772258 2.972858816960624 1.0049350054566375 -4.025402009602477 -2.6077260447553563 11.919523428686539 18.57846752658146 32.46706283061063 14.544050058656008 17.05706656513566 6.339133544992854 10.715586111720349 -2.0557252674991764 0.9143074992258236 17.547466347329717 5.384111209824101 9.192156953436506 -0.42095600896423946 3.201347476457048 19.079573056756285 -3.181153656777358 4.951935386703266 0.4995228620934711 -8.974389387517972 -6.824900092028281 -10.334678067991161 -1.280959038304701
8.657314629258517 8.395769323707167 -0.48605948949211 2.989011288545722 1.0210874770417355 -4.009249538017379 -2.5915735731702405 11.935675900271654 18.594619998166557 32.48321530219574 14.560202530241124 17.073219036720776 6.355286016577952 10.731738583305464 -2.0395727959140606 0.9304599708109393 17.563618818914815 5.400263681409199 9.208309425021604 -0.40480353737912367 3.217499948042164 19.095725528341383 -3.165001185192242 4.968087858288364 0.5156753336785869 -8.958236915932874 -6.808747620443183 -10.318525596406046 -1.264806566719603
