web/models/mosfit_kne/mosfit_kn_1.0000/mosfit_kn_0.095333_0.1083_1.0000.dat
# %ECSV 1.0
# ---
# datatype:
# - {name: time, datatype: float64}
# - {name: PS1_g, datatype: float64}
# - {name: PS1_i, datatype: float64}
# - {name: PS1_r, datatype: float64}
# - {name: PS1_w, datatype: float64}
# - {name: PS1_y, datatype: float64}
# - {name: PS1_z, datatype: float64}
# - {name: swift_uvot_B, datatype: float64}
# - {name: swift_uvot_U, datatype: float64}
# - {name: swift_uvot_uvm2, datatype: float64}
# - {name: swift_uvot_uvw1, datatype: float64}
# - {name: swift_uvot_uvw2, datatype: float64}
# - {name: swift_uvot_V, datatype: float64}
# - {name: johnson_B, datatype: float64}
# - {name: johnson_I, datatype: float64}
# - {name: johnson_R, datatype: float64}
# - {name: johnson_U, datatype: float64}
# - {name: johnson_V, datatype: float64}
# - {name: sdss_g, datatype: float64}
# - {name: sdss_i, datatype: float64}
# - {name: sdss_r, datatype: float64}
# - {name: sdss_u, datatype: float64}
# - {name: sdss_z, datatype: float64}
# - {name: ATLAS_c, datatype: float64}
# - {name: ATLAS_o, datatype: float64}
# - {name: ukirt_H, datatype: float64}
# - {name: ukirt_J, datatype: float64}
# - {name: ukirt_K, datatype: float64}
# - {name: Clear, datatype: float64}
# meta: !!omap
# - comment: [kappa = 1.0, type = rprocess, mass = 0.09533330950298248, velocity = 0.10833333333333334, theta_obs = 0.0, tfloor = 1000.0]
# schema: astropy-2.0
time PS1_g PS1_i PS1_r PS1_w PS1_y PS1_z swift_uvot_B swift_uvot_U swift_uvot_uvm2 swift_uvot_uvw1 swift_uvot_uvw2 swift_uvot_V johnson_B johnson_I johnson_R johnson_U johnson_V sdss_g sdss_i sdss_r sdss_u sdss_z ATLAS_c ATLAS_o ukirt_H ukirt_J ukirt_K Clear
[from data line 169]
10.220440881763526 -8.190173762086097 -12.096950438560548 -10.609461073485136 -10.960546857549716 -13.456473982354442 -12.938812900097894 -6.628322068390019 -4.256951264499289 3.611635189827777 -3.024495567768017 -1.1210641712114398 -9.292061666598947 -6.90690221755775 -12.94999596490544 -11.340049503050775 -4.605192141007308 -9.50767378975051 -7.826894804961935 -12.066284430708585 -10.560201610760025 -3.58034469947766 -13.102694365330976 -9.455207069209592 -11.448262484122793 -14.972404080694833 -14.385438470141006 -15.216212455856349 -11.682869239466545
10.280561122244489 -8.103926222351472 -12.043280881281344 -10.542627995328182 -10.90221168045554 -13.416803131790882 -12.893479545022775 -6.529576254185151 -4.131233230508169 3.7876070391222756 -2.9233200771564323 -1.020497521871245 -9.212875519295054 -6.8120547783235565 -12.900597503269921 -11.279421212362994 -4.483539124484796 -9.431404087017173 -7.7376932641274365 -12.012250344716318 -10.492547391015243 -3.455960480472271 -13.059382288404962 -9.38173965068497 -11.39054345306489 -14.95400044520142 -14.357306587732397 -15.204548717334541 -11.633278987699427
10.34068136272545 -8.017235151931938 -11.98927332808907 -10.475414466543409 -10.843573633015495 -13.376846453205022 -12.847836997771314 -6.430333984422766 -4.004914714757835 3.9641718337282557 -2.8218666960989753 -0.91958677518971 -9.133249074450777 -6.716755509902267 -12.850880372287278 -11.218466379036045 -4.361299667777924 -9.354727504728649 -7.648037882102994 -11.95787717159602 -10.424503942824082 -3.330971111995762 -13.015775810300578 -9.307900433364011 -11.332503196619541 -14.935408621134766 -14.32894151192812 -15.192732066345458 -11.583440876204083
10.400801603206412 -7.930127943380327 -11.93494641773487 -10.407842730731964 -10.784652433142217 -13.336618744352577 -12.801901593130331 -6.3306260707300686 -3.878033612941767 4.141276026256581 -2.7201638835206583 -0.8183591155035361 -9.053207825281302 -6.621034463900028 -12.80086208004371 -11.157205937164225 -4.238510713459107 -9.277669032300258 -7.557956857662056 -11.903183656911818 -10.356093697095687 -3.2054142238347083 -12.971890807122186 -9.233713332641464 -11.274161611316273 -14.916637572275167 -14.300354902410975 -15.180769627772753 -11.53337231336268
10.460921843687375 -7.842613626192776 -11.880306474473326 -10.339920273067857 -10.725454594920674 -13.296125084358401 -12.75567889807288 -6.230462648418885 -3.7506021455411265 4.318901162933526 -2.618218966508205 -0.7168207752790887 -8.972760223611129 -6.524901723954994 -12.750548610619862 -11.095647199798748 -4.11518428465855 -9.200237149941868 -7.467459478748175 -11.848176164136515 -10.287324177026775 -3.0793020240819047 -12.927732759426735 -9.15918625742325 -11.215525511457933 -14.897690478547819 -14.271550835749983 -15.168663986445894 -11.483079115993977
10.521042084168336 -7.754687725405347 -11.82535075639775 -10.271643719410264 -10.665976942905928 -13.255363394903181 -12.709166549305664 -6.129838644076876 -3.6226136468849823 4.497054492432128 -2.5160238857927726 -0.6149627004887779 -8.891902175637842 -6.428352703116683 -12.699937465171917 -11.033787475126832 -3.991314073809218 -9.122428197137003 -7.3765411265612535 -11.792851941069742 -10.218191933505256 -2.9526280159400287 -12.883299495669824 -9.084315358396022 -11.156592098614588 -14.87856626625431 -14.242527806969532 -15.156414393699576 -11.432558610154437
10.581162324649299 -7.666365957977064 -11.770090080352329 -10.203025934411496 -10.606230764139077 -13.214342299900217 -12.662374043177582 -6.02877173384914 -3.4940897096620205 4.675704948549854 -2.4135937188999708 -0.5127989470637959 -8.810648361560062 -6.33140473916303 -12.649038828858778 -10.971639015525156 -3.866921204359024 -9.044256672464355 -7.285217976685701 -11.737221868511458 -10.148709929523285 -2.8254136992686796 -12.838600285363722 -9.009114345739047 -11.097372927338984 -14.859270206780067 -14.213292649967373 -15.14402505988304 -11.381820779864444
10.64128256513026 -7.577663377643891 -11.714534825113514 -10.134079253478134 -10.546226847361062 -13.173070078225635 -12.615310494526213 -5.927278852584542 -3.3650510101369946 4.854822848166546 -2.310942760843861 -0.4103428649878036 -8.729012859974016 -6.234074435448743 -12.597862475111931 -10.90921356731305 -3.7420259118566546 -8.965736480142448 -7.193505521783479 -11.681296386723314 -10.078890597134826 -2.697679673229807 -12.793644026276958 -8.933596335416123 -11.037879066296608 -14.839807356984181 -14.183851924942397 -15.131500018505191 -11.330875156771736
10.701402805611222 -7.488578545800504 -11.658684292684978 -10.064802747207438 -10.485964161379897 -13.13154626337159 -12.567975328131062 -5.825358358524638 -3.235495154999377 5.034409841216065 -2.2080665666017114 -0.3075891508648563 -8.646994420019258 -6.136360486100813 -12.5464078140966 -10.846510665522803 -3.616626039836135 -8.886866696534932 -7.10140227096959 -11.62507479877764 -10.008732963584599 -2.5694236849742325 -12.748430268114355 -8.857760092874685 -10.978109850965758 -14.82017758173345 -14.154205374843103 -15.118839238808286 -11.279720924162895
10.761523046092185 -7.399128003130588 -11.602549867811813 -9.995209950878738 -10.425454531490104 -13.089779928492273 -12.520378540291901 -5.723028870118326 -3.105444919352376 5.21443359133636 -2.1049811771000466 -0.20455300890640826 -8.56460852182223 -6.038281090983716 -12.494685557661455 -10.783543136464761 -3.4907438635926558 -8.807662566405766 -7.008925248621942 -11.568568556406156 -9.938250678830407 -2.4406684225256647 -12.702968754606712 -8.781620004409891 -10.918077386192362 -14.80038639541586 -14.124360172291029 -15.106047099287794 -11.228368501215105
10.821643286573146 -7.30932504844974 -11.5461407634022 -9.925311795224854 -10.364707443114636 -13.047778432868284 -12.47252822882233 -5.620305358334266 -2.974918552422654 5.3948680256043575 -2.001698938716547 -0.10124602163129692 -8.48186764342443 -5.9398509176768535 -12.442704384250646 -10.72032139345825 -3.364397266272683 -8.728136420571742 -6.916088140714898 -11.511786927579966 -9.867454763853711 -2.3114320957521173 -12.65726739503842 -8.705187622832842 -10.857791459223431 -14.780438288249705 -14.094322150566947 -15.09312717029047 -11.176826246495057
10.881763527054108 -7.219167174742385 -11.48945556848103 -9.855106493593535 -10.303721072549727 -13.005540746121103 -12.424423195387586 -5.517184987547249 -2.843912189009963 5.575717008327971 -1.8982143457919416 0.0023380371311323422 -8.398769559670615 -5.841067482408352 -12.390463033989871 -10.656844158204894 -3.2375826655018902 -8.64828637928884 -6.822888357014687 -11.454728498638787 -9.796343385133426 -2.1817110037139997 -12.611325134156477 -8.628460760243897 -10.797250620789232 -14.760332775694277 -14.064090606097908 -15.080079133411102 -11.125092631313382
10.941883767535069 -7.128674132449824 -11.43250784013441 -9.784610171361585 -10.242509491998089 -12.963077658618438 -12.376075340933763 -5.413690005812174 -2.712453125865739 5.75694245699587 -1.7945471090773775 0.1061801137899967 -8.315332770942849 -5.741952431589436 -12.33797424611818 -10.593126591025943 -3.1103267283107106 -8.568130576248121 -6.729346227585786 -11.397406905326122 -9.72493282031003 -2.05153233033613 -12.565153543645469 -8.551456553632306 -10.736469220157456 -14.74007636881193 -14.033674038792741 -15.066908125220005 -11.073180003060177
11.002004008016032 -7.037862097911152 -11.375308740298298 -9.713836081782095 -10.181084197403809 -12.920398070842651 -12.327494472759106 -5.3098386388681815 -2.5805636687766054 5.9385131912400775 -1.690712870224011 0.21026515234126153 -8.231572466130174 -5.642523517665698 -12.285248517568565 -10.529181192279566 -2.982651277525268 -8.48768393136442 -6.635478401893717 -11.339833375063417 -9.653236447617974 -1.9209183199770763 -12.518762172329527 -8.474189018492524 -10.67545905270384 -14.719674451156038 -14.003079472472598 -15.05361839403779 -11.021098442120003
11.062124248496994 -6.9467189745796 -11.317850411565473 -9.64277472117903 -10.119436494413705 -12.877495860285695 -12.278673751246671 -5.205617252803477 -2.4482265504285294 6.120451352560711 -1.586695471438801 0.3146099262183779 -8.14747750760609 -5.542767842127393 -12.23227855631696 -10.464999577217384 -2.8545397230354763 -8.406935945579368 -6.541272415626906 -11.282000012900966 -9.5812446361942 -1.789851997433054 -12.472144523573299 -8.39664761935742 -10.614211836538079 -14.69912351170398 -13.972302232636265 -15.040207248253877 -10.968840406492255
11.122244488977955 -6.855275602712965 -11.260153888263051 -9.57145114904959 -10.05758832289704 -12.83438772650996 -12.229631626975923 -5.1010606056641015 -2.3154846227668813 6.302698343885226 -1.4825271283340764 0.4191826654171007 -8.063076759558793 -5.442719029653919 -12.179084089849034 -10.400605049740285 -2.7260338322092648 -8.325914722925186 -6.44676001866598 -11.223927972053076 -9.50898270765041 -1.6583759787013364 -12.42531847157073 -8.318859081400074 -10.552749754474 -14.678433539293053 -13.941355409936412 -15.02668251670469 -10.916425070602731
11.182364729458918 -6.763543795838505 -11.20222741057745 -9.499875112741307 -9.995548023245195 -12.791080264730592 -12.1803753540825 -4.996182017192644 -2.182354111843754 6.485231543975531 -1.3782186155559368 0.5239730244954512 -7.9783813779177075 -5.342390066468376 -12.125672878081001 -10.336006847243564 -2.597149526765705 -8.244631259894708 -6.351953368041006 -11.165625542132886 -9.436460504208135 -1.5265064948462737 -12.37829109571587 -8.240833598934572 -10.491081469834285 -14.65760853666017 -13.910244224781108 -15.01304735376104 -10.863859729129768
11.242484969939879 -6.671514032156942 -11.14406485591644 -9.428039180997558 -9.933308721429057 -12.747568722443976 -12.13089961227837 -4.8909707618997365 -2.048821375516958 6.6680684535359065 -1.273756846904703 0.628994586868036 -7.893382637961069 -5.241770825380513 -12.072039248748691 -10.271198461832888 -2.4678737358886704 -8.163077372890813 -6.256842651520209 -11.107086572477929 -9.363670495605039 -1.3942301702652493 -12.33105735994327 -8.162562853869044 -10.429200504947005 -14.63664579396372 -13.878965064385492 -14.99929968208521 -10.811138414248695
11.302605210420841 -6.579214658516079 -11.085685599910171 -9.35596641455314 -9.870890526402256 -12.703868493590438 -12.081221406618923 -4.785458799568839 -1.9149258064498829 6.851155601390546 -1.169171207221424 0.7342182272587086 -7.808107119313086 -5.1408921794630515 -12.018201372693593 -10.20620130349067 -2.3382448683164125 -8.081278920260429 -6.161457051146417 -11.048330548171155 -9.290635993526504 -1.2615862067745454 -12.283633733533392 -8.084071366317769 -10.367127231175619 -14.615554508935201 -13.847529992965447 -14.985446694147305 -10.758278661410792
11.362725450901802 -6.486651378553638 -11.02709377754886 -9.28366164372557 -9.808297395240029 -12.659982931717089 -12.031344400142014 -4.679652571234306 -1.780675099453539 7.034482133680979 -1.0644657204615977 0.839640242823926 -7.722560305593487 -5.039760466510192 -11.964163167206909 -10.14102006695109 -2.2082705637990263 -7.999241403273413 -6.065802432751699 -10.989361631320591 -9.217361874415513 -1.1285823868258937 -12.236023829378997 -8.00536400601656 -10.304865948123858 -14.594336756008486 -13.815941701722403 -14.97149002953705 -10.705283922154898
11.422845691382765 -6.393829694206445 -10.96829338860072 -9.211129536022806 -9.745533136832503 -12.615915283596824 -11.981272137887746 -4.573558292294005 -1.6460766734303254 7.2180376499275285 -0.9596442384763644 0.9452570695897724 -7.636747496686909 -4.93838179885325 -11.909928422238078 -10.075659289342013 -2.077958193827556 -7.9169701410591715 -5.969884454667387 -10.93018384808417 -9.143852851666612 -0.9952262208548035 -12.188231145362227 -7.926445462891039 -10.242420804710104 -14.572994544174287 -13.784202797441958 -14.957431274080049 -10.652157514726923
11.482965931863728 -6.300769190145008 -10.909297924589225 -9.138386102659393 -9.682611573386506 -12.571676298432646 -11.931016478954692 -4.46719805579007 -1.5111576803216484 7.401785530352655 -0.8547263354567742 1.0510492645448868 -7.550687137035664 -4.836777514384977 -11.855509801312813 -10.010133867575519 -1.9473342830477525 -7.83448310868694 -5.873723276100513 -10.870810767255357 -9.07012511706533 -0.8615447872764292 -12.14026718252983 -7.847332623169798 -10.179805919318081 -14.551534310571748 -13.752321721374459 -14.943275454171479 -10.598911461289902
11.543086172344688 -6.207483609003042 -10.850116947167585 -9.065442651778923 -9.619542353223682 -12.527273621562003 -11.880585843234979 -4.360587372361212 -1.3759371000277907 7.585700237681114 -0.7497250579412191 1.1570038929205286 -7.464392233894544 -4.734962611166264 -11.800916291605319 -9.944454374900033 -1.8164174225951446 -7.751793026917679 -5.77733304056137 -10.811252006437062 -8.996190108452353 -0.7275570658830688 -12.092140125730797 -7.76803729731725 -10.1170312557249 -14.52996065375318 -13.720304497092924 -14.929026160171224 -10.545554138157112
11.603206412825651 -6.11396370221744 -10.790744521375704 -8.992291969703174 -9.556318770413323 -12.482702649279442 -11.829975077247177 -4.2537158345390145 -1.2404017122165987 7.769799215995705 -0.6446279391208516 1.2631337115403665 -7.37785434298677 -4.632927214777233 -11.746142390912794 -9.878614450816531 -1.6851949481141415 -7.668891952188177 -5.680704218292902 -10.751501603593905 -8.922040525427235 -0.5932501080148533 -12.043845091330745 -7.688551375105561 -10.054090484019955 -14.508270938133075 -13.68814761970121 -14.914681355948643 -10.4920796984735
11.663326653306612 -6.020239943507804 -10.731201492024898 -8.918958843795917 -9.492962354753836 -12.437979947607811 -11.779202486819251 -4.1466178190185685 -1.1045939501480537 7.95402593419636 -0.5394666701668522 1.369406895595532 -7.291102099660034 -4.530704393058741 -11.691207632918498 -9.81263695595522 -1.5537082129706836 -7.585807636566099 -5.583868180331617 -10.69158051970394 -8.847701448812124 -0.45866615383687304 -11.995399775770448 -7.608901145289018 -9.99100539870252 -14.486475023350065 -13.655864047521822 -14.90024871473931 -10.438506832457684
11.723446893787575 -5.926317540921264 -10.671491675814728 -8.845447707992005 -9.429476661247449 -12.393108623596891 -11.728271463611879 -4.0392992204812215 -0.9685208618244088 8.138371113088848 -0.4342448779724246 1.4758198750652665 -7.204140567351829 -4.428299877774688 -11.636115629761498 -9.74652613907563 -1.421964223035943 -7.502545122400954 -5.4868302823360615 -10.631492596327075 -8.773177368679086 -0.3238123572758944 -11.946807515211137 -7.529091003618813 -9.927779887403485 -14.46457481994864 -13.623456268901924 -14.885729726800497 -10.384838595317962
11.783567134268537 -5.832207812962249 -10.611623011689542 -8.771767919365754 -9.365869580791006 -12.348095044069858 -11.677189011827203 -3.9317728242666226 -0.8321980634313773 8.322814199100655 -0.3289729913069901 1.582362172214037 -7.116980519946801 -4.325725994529378 -11.580873846183223 -9.680290730262843 -1.289978299044734 -7.419114939862863 -5.389602171629857 -10.571245819185684 -8.698477759055496 -0.18870437046601296 -11.898075120215914 -7.449130630817287 -9.864422154695092 -14.442574160126467 -13.59092930562534 -14.871127372609434 -10.331081802545121
