web/models/mosfit_kne/mosfit_kn_1.0000/mosfit_kn_0.500000_0.4217_1.0000.dat
# %ECSV 1.0
# ---
# datatype:
# - {name: time, datatype: float64}
# - {name: PS1_g, datatype: float64}
# - {name: PS1_i, datatype: float64}
# - {name: PS1_r, datatype: float64}
# - {name: PS1_w, datatype: float64}
# - {name: PS1_y, datatype: float64}
# - {name: PS1_z, datatype: float64}
# - {name: swift_uvot_B, datatype: float64}
# - {name: swift_uvot_U, datatype: float64}
# - {name: swift_uvot_uvm2, datatype: float64}
# - {name: swift_uvot_uvw1, datatype: float64}
# - {name: swift_uvot_uvw2, datatype: float64}
# - {name: swift_uvot_V, datatype: float64}
# - {name: johnson_B, datatype: float64}
# - {name: johnson_I, datatype: float64}
# - {name: johnson_R, datatype: float64}
# - {name: johnson_U, datatype: float64}
# - {name: johnson_V, datatype: float64}
# - {name: sdss_g, datatype: float64}
# - {name: sdss_i, datatype: float64}
# - {name: sdss_r, datatype: float64}
# - {name: sdss_u, datatype: float64}
# - {name: sdss_z, datatype: float64}
# - {name: ATLAS_c, datatype: float64}
# - {name: ATLAS_o, datatype: float64}
# - {name: ukirt_H, datatype: float64}
# - {name: ukirt_J, datatype: float64}
# - {name: ukirt_K, datatype: float64}
# - {name: Clear, datatype: float64}
# meta: !!omap
# - comment: [kappa = 1.0, type = rprocess, mass = 0.5000000000045836, velocity = 0.4216666666666667, theta_obs = 0.0, tfloor = 1000.0]
# schema: astropy-2.0
time PS1_g PS1_i PS1_r PS1_w PS1_y PS1_z swift_uvot_B swift_uvot_U swift_uvot_uvm2 swift_uvot_uvw1 swift_uvot_uvw2 swift_uvot_V johnson_B johnson_I johnson_R johnson_U johnson_V sdss_g sdss_i sdss_r sdss_u sdss_z ATLAS_c ATLAS_o ukirt_H ukirt_J ukirt_K Clear
[from data line 486]
29.278557114228455 12.39439549678794 3.512566683588645 6.987637461626495 5.019713650122508 -0.010623364936606094 1.4070525999105143 15.934302073352427 22.59324617124733 36.48184147527651 18.558828703321897 21.07184520980154 10.353912189658725 14.73036475638622 1.959053377166712 4.929086143891694 21.562244991995588 9.39888985448997 13.206935598102376 3.593822635701649 7.216126121122937 23.094351701422156 0.8336249878885305 8.966714031369136 4.5143015067593595 -4.959610742852102 -2.810121447362411 -6.319899423325273 2.7338196063611697
29.338677354709418 12.467887764614058 3.5860589514147634 7.061129729452613 5.093205917948627 0.06286890288951241 1.4805448677366329 16.007794341178528 22.66673843907345 36.55533374310263 18.632320971148015 21.14533747762766 10.427404457484844 14.803857024212338 2.0325456449928128 5.0025784117178125 21.635737259821706 9.47238212231609 13.280427865928495 3.6673149035277675 7.289618388949037 23.167843969248274 0.907117255714649 9.040206299195255 4.587793774585478 -4.886118475025984 -2.7366291795362927 -6.2464071554991545 2.8073118741872882
29.39879759519038 12.541544881606903 3.6597160684076258 7.134786846445458 5.166863034941489 0.13652601988235702 1.5542019847294952 16.08145145817139 22.740395556066304 36.62899086009548 18.70597808814086 21.21899459462051 10.501061574477689 14.8775141412052 2.106202761985675 5.076235528710675 21.709394376814558 9.546039239308934 13.35408498292134 3.740972020520612 7.3632755059419 23.24150108624113 0.9807743727074936 9.113863416188117 4.661450891578323 -4.812461358033139 -2.662972062543448 -6.17275003850631 2.880968991180133
29.458917835671343 12.614860280733744 3.733031467534449 7.208102245572299 5.240178434068312 0.20984141900919795 1.6275173838563184 16.15476685729823 22.813710955193134 36.70230625922232 18.77929348726769 21.29230999374734 10.57437697360453 14.950829540332023 2.179518161112516 5.149550927837498 21.78270977594139 9.619354638435775 13.42740038204818 3.814287419647453 7.436590905068741 23.31481648536796 1.0540897718343345 9.18717881531494 4.7347662907051635 -4.739145958906298 -2.589656663416607 -6.099434639379469 2.9542843903069738
29.519038076152302 12.688172207722026 3.8063433945227487 7.281414172560581 5.313490361056594 0.28315334599748 1.7008293108446182 16.228078784286513 22.887022882181427 36.7756181862106 18.852605414255972 21.365621920735624 10.647688900592811 15.024141467320305 2.252830088100798 5.22286285482578 21.856021702929674 9.692666565424057 13.500712309036462 3.887599346635735 7.509902832057023 23.388128412356252 1.1274016988226165 9.260490742303222 4.808078217693446 -4.665834031918016 -2.516344736428325 -6.026122712391187 3.027596317295256
29.579158316633265 12.761641972290594 3.8798131590913165 7.354883937129149 5.386960125625162 0.3566231105660478 1.774299075413186 16.30154854885508 22.96049264674999 36.849087950779165 18.926075178824544 21.439091685304195 10.72115866516138 15.097611231888873 2.326299852669366 5.296332619394348 21.92949146749824 9.766136329992625 13.57418207360503 3.961069111204303 7.5833725966255905 23.461598176924817 1.2008714633911843 9.33396050687179 4.881547982262013 -4.592364267349448 -2.4428749718597573 -5.952652947822619 3.1010660818638236
29.639278557114228 12.834802351829673 3.9529735386303955 7.4280443166682275 5.460120505164259 0.42978349010512673 1.847459454952265 16.37470892839416 23.033653026289073 36.92224833031825 18.99923555836363 21.51225206484328 10.794319044700458 15.17077161142797 2.399460232208445 5.369492998933445 22.002651847037328 9.839296709531704 13.647342453144109 4.034229490743382 7.656532976164669 23.5347585564639 1.2740318429302633 9.407120886410887 4.954708361801092 -4.519203887810369 -2.3697145923206784 -5.87949256828354 3.1742264614029025
29.69939879759519 12.915947417569793 4.034118604370516 7.509189382408348 5.541265570904361 0.510928555845247 1.9286045206923852 16.45585399413428 23.11479809202919 37.003393396058364 19.08038062410375 21.5933971305834 10.875464110440578 15.25191667716809 2.480605297948565 5.450638064673565 22.08379691277744 9.920441775271824 13.72848751888423 4.115374556483502 7.73767804190479 23.615903622204016 1.3551769086703835 9.48826595215099 5.035853427541213 -4.438058822070249 -2.288569526580558 -5.79834750254342 3.255371527143023
29.75951903807615 12.9953500950357 4.113521281836405 7.588592059874255 5.620668248370269 0.5903312333111543 2.0080071981582748 16.53525667160017 23.19420076949509 37.082796073524264 19.15978330156965 21.6727998080493 10.954866787906486 15.33131935463398 2.5600079754144547 5.530040742139454 22.163199590243348 9.999844452737731 13.807890196350137 4.194777233949409 7.817080719370679 23.695306299669916 1.4345795861362909 9.567668629616897 5.11525610500712 -4.358656144604342 -2.2091668491146508 -5.718944825077513 3.33477420460893
29.819639278557112 13.07011805227761 4.188289239078333 7.663360017116183 5.6954362056121965 0.6650991905530645 2.0827751554002027 16.610024628842098 23.268968726737018 37.15756403076619 19.234551258811567 21.74756776529122 11.029634745148396 15.406087311875908 2.6347759326563827 5.604808699381382 22.23796754748527 10.07461240997966 13.882658153592065 4.26954519119132 7.891848676612607 23.770074256911844 1.509347543378201 9.642436586858825 5.19002406224903 -4.283888187362414 -2.134398891872723 -5.644176867835602 3.4095421618508404
29.879759519038075 13.14505731143008 4.263228498230802 7.738299276268634 5.7703754647646655 0.7400384497055335 2.1577144145526717 16.684963887994567 23.34390798588948 37.23250328991866 19.309490517964036 21.822507024443688 11.104574004300865 15.481026571028377 2.7097151918088516 5.679747958533851 22.312906806637734 10.149551669132128 13.957597412744533 4.3444844503437885 7.966787935765076 23.845013516064306 1.58428680253067 9.717375846011294 5.264963321401499 -4.208948928209963 -2.0594596327202717 -5.5692376086831334 3.4844814210033093
29.939879759519037 13.219801183631024 4.337972370431746 7.813043148469578 5.84511933696561 0.8147823219064776 2.232458286753616 16.75970776019551 23.41865185809042 37.3072471621196 19.38423439016498 21.897250896644632 11.179317876501809 15.55577044322932 2.7844590640097957 5.754491830734795 22.387650678838682 10.224295541333055 14.032341284945478 4.419228322544733 8.04153180796602 23.919757388265246 1.6590306747316141 9.792119718212238 5.339707193602443 -4.134205056009018 -1.9847157605193275 -5.494493736482189 3.5592252932042534
30.0 13.294418988624468 4.412590175425173 7.887660953463023 5.919737141959036 0.8894001268999219 2.3070760917470423 16.834325565188937 23.493269663083858 37.38186496711304 19.458852195158418 21.97186870163807 11.253935681495253 15.630388248222747 2.859076869003222 5.829109635728222 22.462268483832116 10.298913346326499 14.106959089938904 4.493846127538177 8.116149612959465 23.994375193258684 1.7336484797250584 9.866737523205664 5.4143249985958875 -4.059587251015574 -1.9100979555258832 -5.419875931488745 3.6338430981976977
