web/models/mosfit_kne/mosfit_kn_1.0000/mosfit_kn_0.033839_0.4217_1.0000.dat
# %ECSV 1.0
# ---
# datatype:
# - {name: time, datatype: float64}
# - {name: PS1_g, datatype: float64}
# - {name: PS1_i, datatype: float64}
# - {name: PS1_r, datatype: float64}
# - {name: PS1_w, datatype: float64}
# - {name: PS1_y, datatype: float64}
# - {name: PS1_z, datatype: float64}
# - {name: swift_uvot_B, datatype: float64}
# - {name: swift_uvot_U, datatype: float64}
# - {name: swift_uvot_uvm2, datatype: float64}
# - {name: swift_uvot_uvw1, datatype: float64}
# - {name: swift_uvot_uvw2, datatype: float64}
# - {name: swift_uvot_V, datatype: float64}
# - {name: johnson_B, datatype: float64}
# - {name: johnson_I, datatype: float64}
# - {name: johnson_R, datatype: float64}
# - {name: johnson_U, datatype: float64}
# - {name: johnson_V, datatype: float64}
# - {name: sdss_g, datatype: float64}
# - {name: sdss_i, datatype: float64}
# - {name: sdss_r, datatype: float64}
# - {name: sdss_u, datatype: float64}
# - {name: sdss_z, datatype: float64}
# - {name: ATLAS_c, datatype: float64}
# - {name: ATLAS_o, datatype: float64}
# - {name: ukirt_H, datatype: float64}
# - {name: ukirt_J, datatype: float64}
# - {name: ukirt_K, datatype: float64}
# - {name: Clear, datatype: float64}
# meta: !!omap
# - comment: [kappa = 1.0, type = rprocess, mass = 0.03383890769761434, velocity = 0.4216666666666667, theta_obs = 0.0, tfloor = 1000.0]
# schema: astropy-2.0
time PS1_g PS1_i PS1_r PS1_w PS1_y PS1_z swift_uvot_B swift_uvot_U swift_uvot_uvm2 swift_uvot_uvw1 swift_uvot_uvw2 swift_uvot_V johnson_B johnson_I johnson_R johnson_U johnson_V sdss_g sdss_i sdss_r sdss_u sdss_z ATLAS_c ATLAS_o ukirt_H ukirt_J ukirt_K Clear
[from data line 319]
19.238476953907814 9.066941997290812 0.18511318409153432 3.660183962129384 1.6922601506253976 -3.3380768644337167 -1.9204008995865962 12.606848573855299 19.26579267175022 33.15438797577939 15.231375203824769 17.74439171030442 7.026458690161614 11.402911256889109 -1.3684001223304163 1.6016326443945836 18.234791492498477 6.071436354992861 9.879482098605266 0.26636913620452063 3.8886726216258083 19.766898201925045 -2.493828511608598 5.639260531872026 1.1868480072622312 -8.287064242349212 -6.137574946859521 -9.647352922822401 -0.5936338931359408
19.298597194388776 9.075340642628547 0.1935118294292515 3.6685826074671013 1.7006587959631148 -3.3296782190959995 -1.912002254248879 12.615247219193016 19.274191317087936 33.162786621117114 15.239773849162503 17.752790355642137 7.034857335499331 11.411309902226826 -1.3600014769926991 1.6100312897323008 18.243190137836194 6.079835000330578 9.887880743942983 0.27476778154225556 3.8970712669635432 19.775296847262762 -2.485429866270863 5.647659177209743 1.195246652599966 -8.278665597011495 -6.129176301521804 -9.638954277484666 -0.5852352477982237
19.35871743486974 9.083725445498825 0.20189663229954746 3.6769674103373973 1.7090435988334107 -3.3212934162257035 -1.903617451378583 12.623632022063312 19.282576119958232 33.1711714239874 15.248158652032782 17.761175158512433 7.043242138369627 11.419694705097122 -1.3516166741224032 1.6184160926025968 18.25157494070649 6.088219803200874 9.896265546813279 0.28315258441253377 3.9054560698338214 19.783681650133058 -2.4770450634005847 5.656043980080039 1.2036314554702443 -8.270280794141199 -6.120791498651508 -9.630569474614388 -0.5768504449279277
19.4188376753507 9.092096559494589 0.210267746295294 3.685338524333144 1.7174147128291573 -3.312922302229957 -1.8952463373828365 12.632003136059058 19.29094723395398 33.17954253798315 15.256529766028528 17.76954627250818 7.051613252365374 11.428065819092868 -1.3432455601266566 1.6267872065983433 18.259946054702237 6.096590917196621 9.904636660809025 0.29152369840829806 3.913827183829568 19.792052764128805 -2.4686739494048204 5.664415094075785 1.2120025694660086 -8.261909680145452 -6.112420384655762 -9.622198360618624 -0.5684793309321812
19.478957915831664 9.10045413367131 0.21862532047203231 3.693696098509882 1.7257722870058956 -3.3045647280532364 -1.8868887632060982 12.640360710235797 19.299304808130717 33.18790011215989 15.264887340205266 17.777903846684918 7.059970826542094 11.436423393269607 -1.3348879859499183 1.6351447807750816 18.268303628878957 6.104948491373359 9.912994234985764 0.2998812725850186 3.9221847580063063 19.800410338305543 -2.4603163752281 5.672772668252524 1.2203601436427292 -8.253552105968714 -6.104062810479023 -9.613840786441903 -0.5601217567554606
19.539078156312623 9.108798318406262 0.22696950520698422 3.702040283244834 1.7341164717408475 -3.2962205433182667 -1.8785445784711463 12.648704894970749 19.30764899286567 33.19624429689484 15.273231524940218 17.78624803141987 7.068315011277064 11.444767578004559 -1.3265438012149664 1.6434889655100335 18.276647813613927 6.113292676108311 9.921338419720716 0.30822545731997053 3.930528942741258 19.808754523040495 -2.45197219049313 5.681116852987476 1.228704328377681 -8.245207921233762 -6.095718625744071 -9.605496601706951 -0.5517775720204909
19.599198396793586 9.117129256585361 0.2353004433860839 3.7103712214239337 1.7424474099199472 -3.287889605139167 -1.8702136402920466 12.657035833149848 19.31597993104477 33.20457523507394 15.281562463119318 17.79457896959897 7.0766459494561635 11.453098516183658 -1.3182128630358667 1.6518199036891332 18.284978751793027 6.121623614287411 9.929669357899815 0.3165563954990702 3.938859880920358 19.817085461219595 -2.4436412523140305 5.689447791166575 1.2370352665567808 -8.236876983054662 -6.087387687564972 -9.597165663527834 -0.5434466338413912
19.65931863727455 9.125447091539058 0.2436182783397811 3.718689056377631 1.7507652448736444 -3.2795717701854876 -1.8618958053383494 12.665353668103545 19.32429776599846 33.21289307002764 15.289880298073015 17.802896804552667 7.084963784409843 11.461416351137355 -1.3098950280821695 1.6601377386428304 18.293296586746706 6.129941449241108 9.937987192853512 0.3248742304527674 3.947177715874055 19.825403296173292 -2.435323417360351 5.6977656261202725 1.245353101510478 -8.228559148100965 -6.079069852611292 -9.588847828574155 -0.5351287988877118
19.71943887775551 9.133751961594214 0.2519231483949369 3.7269939264327867 1.7590701149288002 -3.271266900130314 -1.8535909352831936 12.673658538158701 19.332602636053622 33.221197940082796 15.298185168128171 17.811201674607823 7.0932686544650165 11.469721221192511 -1.3015901580270137 1.6684426086979862 18.30160145680188 6.138246319296264 9.946292062908668 0.3331791005079232 3.955482585929211 19.833708166228448 -2.4270185473051953 5.706070496175428 1.2536579715656337 -8.22025427804581 -6.070764982556119 -9.580542958518999 -0.5268239288325383
19.779559118236474 9.142044004247154 0.2602151910478767 3.7352859690857265 1.76736215758174 -3.262974857477392 -1.8452988926302538 12.681950580811641 19.340894678706555 33.229489982735736 15.306477210781111 17.819493717260762 7.101560697117939 11.478013263845451 -1.293298115374074 1.676734651350926 18.3098934994548 6.1465383619492036 9.954584105561608 0.341471143160863 3.9637746285821507 19.842000208881387 -2.4187265046522555 5.714362538828368 1.2619500142185736 -8.21196223539287 -6.062472939903197 -9.572250915866059 -0.5185318861796162
19.839679358717433 9.150323353690837 0.2684945404915595 3.7435653185293916 1.7756415070254228 -3.254695508033709 -1.837019543186571 12.690229930255324 19.349174028150237 33.23776933217942 15.314756560224794 17.827773066704445 7.109840046561621 11.486292613289134 -1.285018765930391 1.6850140007946088 18.318172848898485 6.154817711392869 9.96286345500529 0.3497504926045458 3.9720539780258335 19.85027955832507 -2.4104471552085727 5.722641888272051 1.2702293636622564 -8.203682885949204 -6.054193590459514 -9.563971566422376 -0.5102525367359334
19.899799599198396 9.15859014337805 0.2767613301787719 3.7518321082166217 1.7839082967126352 -3.246428718346479 -1.8287527534993586 12.698496719942536 19.357440817837457 33.24603612186663 15.323023349912006 17.836039856391658 7.1181068362488515 11.494559402976346 -1.2767519762431787 1.6932807904818212 18.326439638585715 6.163084501080099 9.971130244692503 0.3580172822917582 3.980320767713046 19.858546348012283 -2.4021803655213603 5.730908677959263 1.2784961533494688 -8.195416096261974 -6.045926800772284 -9.555704776735164 -0.5019857470487032
19.95991983967936 9.166844504119194 0.2850156909199164 3.7600864689577485 1.792162657453762 -3.2381743576053523 -1.8204983927582141 12.70675108068368 19.36569517857859 33.254290482607765 15.33127771065315 17.844294217132802 7.126361196989978 11.502813763717473 -1.2684976155020342 1.701535151222948 18.33469399932684 6.1713388618212255 9.97938460543363 0.3662716430329027 3.9885751284541904 19.86680070875341 -2.3939260047802158 5.73916303870039 1.2867505140906133 -8.187161735520847 -6.037672440031157 -9.54745041599402 -0.4937313863075765
20.02004008016032 9.175086562959773 0.293257749760496 3.768328527798346 1.8004047162943593 -3.2299322987647727 -1.8122563339176345 12.71499313952426 19.37393723741917 33.26253254144835 15.33951976949373 17.85253627597338 7.134603255830558 11.51105582255807 -1.2602555566614546 1.7097772100635453 18.34293605816742 6.179580920661823 9.987626664274227 0.3745137018734823 3.99681718729477 19.875042767594007 -2.385683945939636 5.747405097540987 1.2949925729311929 -8.17891967668025 -6.029430381190577 -9.53920835715344 -0.4854893274669969
20.080160320641284 9.183316443204124 0.30148763000484635 3.776558408042696 1.8086345965387096 -3.2217024185204046 -1.8040264536732842 12.72322301976861 19.38216711766353 33.2707624216927 15.34774964973808 17.860766156217732 7.142833136074926 11.51928570280242 -1.2520256764171043 1.7180070903078957 18.35116593841179 6.187810800906173 9.995856544518578 0.38274358211783266 4.00504706753912 19.883272647838357 -2.377454065695268 5.755634977785338 1.3032224531755432 -8.1706897964359 -6.021200500946209 -9.530978476909072 -0.4772594472226288
20.140280561122243 9.191534268522616 0.3097054553233214 3.784776233361171 1.8168524218571847 -3.2134845932019296 -1.7958086283548091 12.731440845087086 19.390384942982006 33.278980247011184 15.355967475056573 17.868983981536207 7.151050961393401 11.527503528120896 -1.2438078510986292 1.7262249156263707 18.359383763730264 6.196028626224648 10.004074369837053 0.39096140743632546 4.013264892857613 19.891490473156832 -2.369236240376793 5.763852803103813 1.311440278494036 -8.162471971117425 -6.012982675627734 -9.522760651590596 -0.46904162190415377
20.200400801603205 9.199740158058365 0.31791134485908756 3.7929821228969196 1.825058311392933 -3.205278703666181 -1.787602738819043 12.739646734622852 19.398590832517762 33.287186136546936 15.364173364592322 17.877189871071973 7.159256850929149 11.535709417656662 -1.235601961562863 1.7344308051621369 18.367589653266013 6.204234515760397 10.012280259372801 0.39916729697207387 4.0214707823933615 19.89969636269258 -2.3610303508410446 5.772058692639561 1.3196461680297844 -8.154266081581676 -6.004776786091986 -9.514554762054848 -0.46083573236840536
20.260521042084168 9.207934230028858 0.3261054168295807 3.8011761948674128 1.8332523833634262 -3.197084631695688 -1.7794086668485498 12.747840806593345 19.406784904488255 33.29538020851743 15.372367436562815 17.885383943042466 7.167450922899643 11.543903489627155 -1.22740788959237 1.74262487713263 18.375783725236506 6.21242858773089 10.020474331343294 0.407361368942567 4.029664854363855 19.907890434663074 -2.3528362788705515 5.780252764610054 1.3278402400002776 -8.146072009611183 -5.996582714121493 -9.506360690084355 -0.4526416603979122
20.32064128256513 9.216116602916102 0.33428778971682505 3.809358567754675 1.8414347562506883 -3.188902258808426 -1.7712262939613055 12.75602317948059 19.41496727737551 33.303562581404684 15.38054980945006 17.89356631592971 7.175633295786905 11.5520858625144 -1.2192255167051256 1.7508072500198744 18.383966098123768 6.220610960618152 10.028656704230556 0.41554374182981135 4.037847227251099 19.916072807550336 -2.344653905983307 5.788435137497316 1.3360226128875219 -8.137889636723921 -5.988400341234231 -9.49817831719711 -0.4444592875106501
20.38076152304609 9.224287388285877 0.3424585750865994 3.8175293531244314 1.8496055416204626 -3.1807314734386694 -1.7630555085915312 12.764193964850364 19.423138062745274 33.31173336677445 15.388720594819834 17.901737101299485 7.183804081156661 11.560256647884174 -1.2110547313353512 1.7589780353896487 18.392136883493524 6.2287817459879085 10.036827489600313 0.4237145271995857 4.046018012620873 19.92424359292011 -2.336483120613533 5.796605922867091 1.3441933982572962 -8.129718851354164 -5.980229555864474 -9.490007531827336 -0.43628850214089354
20.440881763527052 9.232446699082537 0.3506178858832598 3.8256886639211096 1.857764852417123 -3.172572162642009 -1.7548961977948707 12.772353275647024 19.431297373541945 33.31989267757112 15.396879905616494 17.909896412096145 7.191963391953322 11.568415958680834 -1.2028954205386908 1.7671373461863091 18.400296194290203 6.236941056784587 10.044986800396991 0.4318738379962461 4.054177323417534 19.93240290371677 -2.3283238098168724 5.804765233663751 1.3523527090539567 -8.121559540557486 -5.972070245067796 -9.481848221030676 -0.4281291913442331
20.501002004008015 9.240594643576987 0.35876583037769194 3.8338366084155417 1.8659127969115552 -3.164424218147559 -1.7467482533004386 12.780501220141456 19.439445318036377 33.32804062206555 15.405027850110926 17.918044356590578 7.200111336447772 11.576563903175266 -1.1947474760442587 1.7752852906807413 18.408444138784635 6.245089001279019 10.053134744891423 0.440021782490696 4.062325267911966 19.940550848211203 -2.3201758653224225 5.812913178158183 1.3605006535483888 -8.113411596063054 -5.963922300573364 -9.473700276536226 -0.4199812468497832
20.561122244488978 9.248731328568507 0.3669025153692296 3.8419732934070794 1.8740494819030928 -3.1562875331560214 -1.738611568308901 12.788637905132994 19.447582003027915 33.336177307057085 15.413164535102464 17.926181041582115 7.208248021439309 11.584700588166804 -1.186610791052721 1.783421975672279 18.416580823776172 6.253225686270556 10.06127142988296 0.4481584674822159 4.0704619529035035 19.94868753320274 -2.3120391803309026 5.821049863149721 1.3686373385399264 -8.105274911071517 -5.955785615581826 -9.465563591544706 -0.41184456185826335
20.62124248496994 9.256856856597508 0.3750280433982134 3.850098821436063 1.8821750099320766 -3.1481620051270376 -1.7304860402799171 12.796763433161978 19.4557075310569 33.344302835086076 15.421290063131465 17.9343065696111 7.216373549468293 11.592826116195788 -1.1784852630237372 1.7915475037012627 18.424706351805156 6.26135121429954 10.069396957911945 0.45628399551121746 4.078587480932505 19.956813061231724 -2.303913652301901 5.829175391178705 1.376762866568928 -8.097149383042533 -5.947660087552842 -9.457438063515704 -0.4037190338292618
20.6813627254509 9.2649713335034 0.38314252030412277 3.858213298341955 1.8902894868379683 -3.140047528221146 -1.7223715633740078 12.804877910067887 19.463822007962797 33.35241731199197 15.429404540037357 17.94242104651701 7.224488026374185 11.600940593101697 -1.1703707861178279 1.799661980607172 18.432820828711048 6.269465691205432 10.077511434817836 0.4643984724171091 4.086701957838397 19.964927538137616 -2.2957991753960094 5.837289868084596 1.3848773434748196 -8.089034906136641 -5.939545610646951 -9.449323586609813 -0.39560455692337015
20.741482965931862 9.273074860864838 0.39124604766556104 3.866316825703411 1.8983930141994243 -3.13194400085969 -1.7142680360125695 12.812981437429325 19.471925535324246 33.36052083935342 15.437508067398795 17.950524573878447 7.232591553735641 11.609044120463135 -1.1622672587563896 1.8077655079686104 18.440924356072504 6.277569218566888 10.085614962179292 0.47250199977854734 4.094805485199835 19.97303106549907 -2.287695648034571 5.845393395446052 1.3929808708362579 -8.080931378775185 -5.931442083285495 -9.441220059248375 -0.3875010295619141
20.801603206412825 9.281167538573918 0.39933872537464055 3.8744095034124904 1.9064856919085038 -3.123851323150628 -1.70617535830349 12.821074115138405 19.48001821303332 33.3686135170625 15.445600745107875 17.958617251587526 7.240684231444702 11.617136798172215 -1.15417458104731 1.8158581856776899 18.449017033781566 6.285661896275967 10.093707639888372 0.48059467748762685 4.1028981629089145 19.98112374320815 -2.2796029703254916 5.853486073155132 1.4010735485453374 -8.072838701066106 -5.923349405576415 -9.433127381539295 -0.3794083518528524
20.861723446893787 9.289249464690386 0.4074206514911083 3.8824914295289403 1.9145676180249538 -3.1157693970341604 -1.6980934321870222 12.829156041254873 19.488100139149786 33.37669544317895 15.453682671224342 17.966699177703994 7.24876615756117 11.625218724288683 -1.1460926549308423 1.8239401117941576 18.457098959898033 6.293743822392417 10.101789566004822 0.4886766036040946 4.110980089025382 19.9892056693246 -2.271521044209024 5.861567999271582 1.4091554746618051 -8.064756774949656 -5.915267479459965 -9.425045455422827 -0.37132642573638464
20.92184368737475 9.297320731326 0.4154919181267047 3.8905626961645545 1.922638884660568 -3.1076981303985463 -1.6900221655514258 12.837227307890469 19.49617140578539 33.38476670981457 15.461753937859957 17.974770444339608 7.256837424196784 11.633289990924279 -1.1380213882952281 1.832011378429754 18.465170226533647 6.301815089028032 10.109860832640436 0.4967478702397088 4.1190513556609964 19.997276935960215 -2.2634497775734097 5.869639265907196 1.4172267412974193 -8.056685508314041 -5.907196212824351 -9.416974188787213 -0.36325515910077044
