web/models/mosfit_kne/mosfit_kn_1.0000/mosfit_kn_0.077496_0.0457_1.0000.dat
# %ECSV 1.0
# ---
# datatype:
# - {name: time, datatype: float64}
# - {name: PS1_g, datatype: float64}
# - {name: PS1_i, datatype: float64}
# - {name: PS1_r, datatype: float64}
# - {name: PS1_w, datatype: float64}
# - {name: PS1_y, datatype: float64}
# - {name: PS1_z, datatype: float64}
# - {name: swift_uvot_B, datatype: float64}
# - {name: swift_uvot_U, datatype: float64}
# - {name: swift_uvot_uvm2, datatype: float64}
# - {name: swift_uvot_uvw1, datatype: float64}
# - {name: swift_uvot_uvw2, datatype: float64}
# - {name: swift_uvot_V, datatype: float64}
# - {name: johnson_B, datatype: float64}
# - {name: johnson_I, datatype: float64}
# - {name: johnson_R, datatype: float64}
# - {name: johnson_U, datatype: float64}
# - {name: johnson_V, datatype: float64}
# - {name: sdss_g, datatype: float64}
# - {name: sdss_i, datatype: float64}
# - {name: sdss_r, datatype: float64}
# - {name: sdss_u, datatype: float64}
# - {name: sdss_z, datatype: float64}
# - {name: ATLAS_c, datatype: float64}
# - {name: ATLAS_o, datatype: float64}
# - {name: ukirt_H, datatype: float64}
# - {name: ukirt_J, datatype: float64}
# - {name: ukirt_K, datatype: float64}
# - {name: Clear, datatype: float64}
# meta: !!omap
# - comment: [kappa = 1.0, type = rprocess, mass = 0.07749594937791414, velocity = 0.04566666666666669, theta_obs = 0.0, tfloor = 1000.0]
# schema: astropy-2.0
time PS1_g PS1_i PS1_r PS1_w PS1_y PS1_z swift_uvot_B swift_uvot_U swift_uvot_uvm2 swift_uvot_uvw1 swift_uvot_uvw2 swift_uvot_V johnson_B johnson_I johnson_R johnson_U johnson_V sdss_g sdss_i sdss_r sdss_u sdss_z ATLAS_c ATLAS_o ukirt_H ukirt_J ukirt_K Clear
[from data line 282]
17.014028056112224 -6.4411566053971825 -10.669756122015617 -9.052245919760402 -9.489385744575358 -12.167848404574109 -11.594037677711722 -4.75531694376735 -2.11677235018799 6.240751808302673 -1.1368297405593348 0.763610194132657 -7.611963411477032 -5.0738030795782265 -11.565229791975835 -9.845609542317526 -2.505222485114811 -7.857438863207766 -6.048666274224086 -10.635493926459105 -8.994610346343048 -1.452969222018794 -11.778247309301033 -7.83372681254189 -9.982357860298716 -13.895079776179172 -13.211447298055548 -14.206038270062924 -10.29923736923763
17.074148296593187 -6.3838239902144345 -10.633716480034057 -9.007605513276413 -9.450597245685373 -12.140997664597055 -11.563455823431124 -4.689741593536204 -2.033462649814606 6.3558178057274235 -1.070969767370133 0.8295131015465675 -7.559126882859986 -5.010977477827069 -11.532015529155252 -9.805239286654334 -2.424578699377442 -7.806661504756318 -5.989398768881493 -10.599216812144583 -8.949395241857161 -1.3704792315906644 -11.74903887716173 -7.784930236003049 -9.943857283849109 -13.882300734023756 -13.19223011308864 -14.197745255125527 -10.266327713227508
17.13426853707415 -6.326436884840145 -10.597625114796596 -8.962912594280237 -9.41177563618849 -12.11409876070519 -11.532823415056264 -4.624106074188577 -1.9500833828227468 6.4708831835418374 -1.0051283103734927 0.8954277797939949 -7.506228795788197 -4.948105619790603 -11.498752118043651 -9.764831623880045 -2.3438665758491806 -7.755833287577205 -5.930076284316126 -10.562888013837988 -8.904125042605209 -1.2879166427749489 -11.719783615999368 -7.736091928295039 -9.90531693492903 -13.869486128968108 -13.172971576108415 -14.18942238489272 -10.233396294248625
17.19438877755511 -6.268999849961023 -10.561485189044895 -8.918170905949534 -9.372924109864442 -12.087154218708687 -11.502143237529445 -4.558415531892247 -1.866640860262496 6.585939449548392 -0.9393095495601318 0.9613500944655908 -7.453273461510837 -4.88519246720243 -11.46544252799788 -9.72439002920731 -2.263092284431487 -7.704958405308166 -5.870703513539102 -10.526510712054407 -8.858803535810704 -1.2052877577572119 -11.690484224334874 -7.687215809103716 -9.866740107826555 -13.856637471721294 -13.15367367031232 -14.181070836953092 -10.20044587366188
17.25450901803607 -6.211518193360153 -10.525300369190393 -8.87338479319137 -9.33404639112128 -12.060166962615906 -11.471418517088292 -4.492675955352069 -1.783142440974341 6.700976730084364 -0.8735185095183868 1.0272750521484544 -7.4002658892168265 -4.822243788360282 -11.432090199111624 -9.683918525983419 -2.1822630118872444 -7.654041722670912 -5.811285918851006 -10.490088593668858 -8.8134351178104 -1.1225999179201551 -11.661143825220108 -7.638306444425265 -9.828130624598863 -13.843756507779934 -13.134338688423684 -14.172691970963276 -10.167479673442816
17.314629258517034 -6.153993552163772 -10.489071853356773 -8.82855564676893 -9.295143581142202 -12.03313796719847 -11.440650320011656 -4.426889197212055 -1.6995903470595406 6.81599209244762 -0.8077560808317581 1.0932017896297421 -7.347207671648726 -4.759261369608442 -11.398696262652106 -9.64341842337155 -2.1013809585336785 -7.603084803488664 -5.751825182648265 -10.453622863850995 -8.768021198533411 -1.0398553741755556 -11.631763459118645 -7.589365211336343 -9.789489699080534 -13.830843828165802 -13.114967405031999 -14.1642862452756 -10.134498624141166
17.374749498997996 -6.096431734447947 -10.452803646240323 -8.783688214795458 -9.256219757025317 -12.006070424311499 -11.409842169417033 -4.361061810982668 -1.615992641274495 6.930974767881481 -0.7420278617630767 1.1591247156463216 -7.294104287595691 -4.696251515650051 -11.365264474504457 -9.602894107555972 -2.0204539939055377 -7.55209296097197 -5.69232728235443 -10.417117549522619 -8.722566583218558 -0.9570621666942714 -11.602346533791845 -7.540397106282182 -9.750821503763323 -13.817901335470866 -13.095562320554864 -14.155855140309528 -10.101506251372978
17.43486973947896 -6.03883236924851 -10.41649559558735 -8.738782271581496 -9.217274584467745 -11.978964242442167 -11.378993950062348 -4.295193386863306 -1.5323487372916664 7.045925638859402 -0.676332503545058 1.22504519422337 -7.24095546154824 -4.633213832361495 -11.331794702568907 -9.562345400108764 -1.9394815916647024 -7.501065952322336 -5.632791832536945 -10.38057249811887 -8.67707104807721 -0.874219763333528 -11.572892950063824 -7.4914017609139805 -9.712125823613444 -13.804928988989856 -13.076123378950067 -14.147398620772636 -10.068502230986969
17.494989979959918 -5.981197225823145 -10.380148988871039 -8.693839313860465 -9.178309256858679 -11.951820467346206 -11.348106806965852 -4.2292859271343195 -1.448661046087025 7.160841568327318 -0.6106710843532599 1.290962150676688 -7.187762911738312 -4.5701502440412725 -11.298288161114016 -9.52177370117009 -1.858466134657839 -7.450005458416766 -5.57322065168016 -10.343989004593368 -8.631536111208824 -0.7913306026910938 -11.543403823111493 -7.442380664343311 -9.673403961505471 -13.79192742096757 -13.056651409517757 -14.138917175866828 -10.035487571382955
17.55511022044088 -5.923529059447201 -10.343765777298142 -8.648861632014562 -9.139325670278247 -11.924640669253055 -11.317182466357902 -4.163342545578007 -1.3649333604478817 7.275717580334946 -0.5450458025874201 1.3568733788196998 -7.134529275870148 -4.507063741498868 -11.264746684942743 -9.481181136321652 -1.7774113467452435 -7.3989140459654275 -5.513616573613014 -10.307369031204576 -8.585964093647842 -0.7083984931875342 -11.513880827761511 -7.393336160450286 -9.634657918376952 -13.778897573650697 -13.037147649636081 -14.130411535977563 -10.002463892810614
17.615230460921843 -5.865841054442562 -10.307354933930313 -8.603859913689345 -9.100333153331785 -11.897431966494292 -11.28622880254202 -4.097378111093103 -1.2811840781949255 7.390529144304858 -0.4794705532379413 1.4227649143640666 -7.081266913549389 -4.443968607669792 -11.231178675025692 -9.440577520371153 -1.6963351282829398 -7.347803656367604 -5.453993171171714 -10.2707215999256 -8.540365809832284 -0.6254417217797226 -11.484331561202517 -7.344279637863398 -9.595897090307517 -13.765843669194203 -13.017617654275051 -14.121884985476301 -9.969439290433595
17.675350701402806 -5.808129304684613 -10.270913927937073 -8.558831086643313 -9.061328847292973 -11.870192389126597 -11.255243618831088 -4.031388230467182 -1.1974076685567956 7.505283850996702 -0.4139400634506525 1.4886420281082526 -7.027972258655962 -4.380860610997658 -11.197581774055038 -9.399960056824572 -1.615232152170336 -7.2966708659480135 -5.394346418651956 -10.234044166676561 -8.494738158688708 -0.5424548557498987 -11.454753916956655 -7.295207657190463 -9.557118747485358 -13.752764554840942 -12.998059904485666 -14.113336620823043 -9.93641123541435
17.73547094188377 -5.750392585207376 -10.23444203197144 -8.513774236372349 -9.022311807628896 -11.842921391755379 -11.224226297141833 -3.965371532098941 -1.113602355211025 7.619984251137645 -0.34845209686746825 1.5545069424806681 -6.974644242370148 -4.317738424888184 -11.163955311319793 -9.35932792739423 -1.5341007354178093 -7.245514661018697 -5.334675051300426 -10.19733600062624 -8.449080221144882 -0.45943618343613934 -11.425147309775099 -7.246119106364102 -9.518322062169133 -13.739659920909427 -12.978473990377884 -14.104766195755277 -9.903378868954444
17.795591182364728 -5.692637490111512 -10.19794378396357 -8.468694744427268 -8.983286660700909 -11.815622589434973 -11.193180829760223 -3.8993354578971937 -1.0297773125794583 7.7346182481719135 -0.28301318059527913 1.6203530651092248 -6.921289085915022 -4.2546091871024 -11.130303539529251 -9.318686076822946 -1.452949824296621 -7.194341056015234 -5.274985855774084 -10.16060166457958 -8.40339744661497 -0.3763948494019509 -11.39551559505172 -7.197019653371708 -9.47951174986045 -13.726531916869254 -12.958862739511916 -14.096175378434326 -9.870346183988108
17.85571142284569 -5.634862901998812 -10.161418528819528 -8.423591782353164 -8.944252538323063 -11.788295494038419 -11.162106662112432 -3.8332787577105085 -0.9459309171902139 7.849188216568785 -0.21762122512283666 1.6861824588118925 -6.867905821608649 -4.191471684562419 -11.096625855221156 -9.278033762186013 -1.371777883488392 -7.143149132541972 -5.215277678105252 -10.123840500318408 -8.35768900357003 -0.2933292934336862 -11.365858248073817 -7.147908278500648 -9.440687056440478 -13.713380266764402 -12.93922578636131 -14.087563948397806 -9.837312387218589
17.915831663326653 -5.577078949510419 -10.124873186931804 -8.378473578592835 -8.905216579743076 -11.76094560405625 -11.131009873650637 -3.7672128584321305 -0.8620772970622068 7.96367549235226 -0.15228671033126373 1.7519845330312624 -6.81450397026562 -4.128336874317945 -11.062928738227715 -9.237378525781736 -1.2905986666928304 -7.091948080168 -5.1555609443818895 -10.087059465835821 -8.311963222410732 -0.2102535720677956 -11.336181132802388 -7.098793710358251 -9.401855198278373 -13.700208231858609 -12.91956742314708 -14.078934437579578 -9.80428365503668
17.975951903807616 -5.519285450911724 -10.0883077343833 -8.333340058199035 -8.866178580491866 -11.733572930670704 -11.099890463158317 -3.7011375651233456 -0.7782161420938392 8.078080739323351 -0.08700860418723932 1.8177602690284869 -6.76108343917526 -4.06520455088334 -11.02921217476845 -9.19672030813625 -1.2094119125886782 -7.040737819675866 -5.095835464036309 -10.050258537415537 -8.26622003475876 -0.12716742762004074 -11.30648425622212 -7.049675737902756 -9.363016080590985 -13.687015830535179 -12.899887672292907 -14.07028685353813 -9.771259769011351
18.036072144288575 -5.461482322376217 -10.051722212426064 -8.28819122442562 -8.827138407116006 -11.706177536451925 -11.06874848638638 -3.6350527930678664 -0.6943472799231996 8.19240444168759 -0.02178600368154049 1.8835105161367918 -6.707644226358423 -4.002074614484247 -10.995476211950638 -9.156059121105919 -1.1282174932129085 -6.989518359269089 -5.0361011473640005 -10.013437756866157 -8.220459451332953 -0.044070738549208954 -11.276767680186932 -7.000554235525538 -9.32416967746203 -13.67380311188178 -12.880186596320014 -14.061621227916222 -9.7382405731884
18.096192384769537 -5.403674151817004 -10.015119810167867 -8.24303084317144 -8.78809925048083 -11.678761971961187 -11.037586756153228 -3.568963724066477 -0.6104770828479464 8.30663836518221 0.043376777333126615 1.949230863520516 -6.654190688485298 -3.9389520181910282 -10.961723839958363 -9.11539841529261 -1.047021632769003 -6.938293905293251 -4.976362715093572 -9.97660033072977 -8.174685289654402 0.03903012761615088 -11.247034120940782 -6.951433125582884 -9.285319272109547 -13.660571594491165 -12.860466193115554 -14.052938735171344 -9.705228803133004
18.1563126252505 -5.345859711784406 -9.978499797654692 -8.197857995718127 -8.749060163910745 -11.65132569032389 -11.00640465291125 -3.5028689841910774 -0.526603778549166 8.420785152244786 0.10848188894371491 2.014923407459911 -6.6007217569060055 -3.875835422571971 -10.927954384563094 -9.074737356811948 -0.9658226495147669 -6.88706343654452 -4.916618899977436 -9.939745525445893 -8.128896628066098 0.12213687919745198 -11.217282989608446 -6.902311291200469 -9.246464026048287 -13.647320967635162 -12.840726051024108 -14.044239126925538 -9.67222359505655
18.216432865731463 -5.28805058886201 -9.941870082257651 -8.152682085834417 -8.710029313076895 -11.623874972171855 -10.975209122975311 -3.436781645711778 -0.44274354611996336 8.53482355010852 0.1735172258243627 2.080575864316391 -6.547248321747852 -3.8127373445177466 -10.894175246757715 -9.03408454185871 -0.8846362855063393 -6.835837447145143 -4.85688162902159 -9.90288129101641 -8.08310298924459 0.2052334240482523 -11.187520980457872 -6.85319871512867 -9.20761217618745 -13.634054951674928 -12.820971068657927 -14.03552528843459 -9.639232006957563
18.276553106212425 -5.230244023350021 -9.90522890185554 -8.10750096023268 -8.671004659674626 -11.596408455239562 -10.94399864328432 -3.370698607625303 -0.35889246957497156 8.648759098918607 0.2384866297436976 2.146192020312473 -6.4937678864153385 -3.7496547826205924 -10.860384786820003 -8.993438002724947 -0.8034587773175271 -6.784613536733521 -4.797148057204659 -9.86600585611395 -8.037302203269867 0.288323595992388 -11.15774663362787 -6.804092951203327 -9.168761795001448 -13.620772753968156 -12.801200199696046 -14.026796595860025 -9.606252223404255
18.336673346693384 -5.172439481302131 -9.868575993477808 -8.06231425782947 -8.631985750215403 -11.5689259620423 -10.912773003708072 -3.3046192779030568 -0.2750497511689429 8.762593184717137 0.30339144673064355 2.2117731453804237 -6.440280030337118 -3.686587142962456 -10.826582766653907 -8.952797409872481 -0.7222893878588476 -6.733391304760549 -4.7374176313671335 -9.829118956606369 -7.9914939133860585 0.3714081374272915 -11.127959753369066 -6.75499348239315 -9.129912531473394 -13.607474281917893 -12.781413319541278 -14.018052969992015 -9.573283808061923
18.396793587174347 -5.114644267515729 -9.831916379610313 -8.017127932862493 -8.592977701840905 -11.541431493690268 -10.881536624614423 -3.2385519022187834 -0.19122557626777925 8.87631260659061 0.3682243188609218 2.277311717590355 -6.3867916511620075 -3.6235423037875987 -10.792773889279054 -8.912168198084853 -0.6411380399273202 -6.682177393841077 -4.67769786956282 -9.792225642037025 -7.945684153501027 0.45447689925492085 -11.098164600284957 -6.70590657901192 -9.091069583646885 -13.594161909134195 -12.761613553027063 -14.00929624775072 -9.540331164091018
18.45691382765531 -5.056856181789566 -9.79524867349932 -7.971940281079899 -8.553978876765296 -11.513923984482162 -10.850288311662233 -3.1724940099815866 -0.10741681479608167 8.989921880326786 0.43298842091182665 2.3428108424416973 -6.333300773453179 -3.5605178667346 -10.758956865663258 -8.871548807736371 -0.5600017317206184 -6.630969904214596 -4.617986502953819 -9.75532451844245 -7.899871208213742 0.5375329370974313 -11.0683600306076 -6.656830280526318 -9.052231418089143 -13.580835018788997 -12.741800084629238 -14.000525942305975 -9.50739282513446
18.517034068136272 -4.999085258152451 -9.75857973957849 -7.9267594558895205 -8.514996327670143 -11.486408892552546 -10.819034099862339 -3.106456924456796 -0.02363747922764481 9.103402775361854 0.4976733700970297 2.408259923217099 -6.27981684611368 -3.4975246532850908 -10.725138120166779 -8.830946673152066 -0.47889409945754513 -6.5797779282886255 -4.558293859623994 -9.718422487038065 -7.854063338002 0.6205623061113563 -11.038551857184533 -6.6077732171924985 -9.01340516041314 -13.567496843474308 -12.721977171484527 -13.991744556722912 -9.47447487164748
18.577154308617235 -4.941328253950719 -9.721907487816566 -7.881582912394531 -8.476027676022042 -11.45888459639389 -10.787772179021662 -3.040436999725787 0.06011701899209876 9.216761773894039 0.5622834782099422 2.4736632034496044 -6.226336921008351 -3.434559135121877 -10.691315705958548 -8.790359463627297 -0.397810724757257 -6.528598627592019 -4.49861659736003 -9.681517446781989 -7.8082579772752325 0.7035695086652538 -11.008738342795006 -6.55873252532972 -8.974588536598507 -13.554146438394985 -12.702143565675213 -13.982951349140505 -9.441575192792708
