web/models/mosfit_kne/mosfit_kn_1.0000/mosfit_kn_0.500000_0.0613_1.0000.dat
# %ECSV 1.0
# ---
# datatype:
# - {name: time, datatype: float64}
# - {name: PS1_g, datatype: float64}
# - {name: PS1_i, datatype: float64}
# - {name: PS1_r, datatype: float64}
# - {name: PS1_w, datatype: float64}
# - {name: PS1_y, datatype: float64}
# - {name: PS1_z, datatype: float64}
# - {name: swift_uvot_B, datatype: float64}
# - {name: swift_uvot_U, datatype: float64}
# - {name: swift_uvot_uvm2, datatype: float64}
# - {name: swift_uvot_uvw1, datatype: float64}
# - {name: swift_uvot_uvw2, datatype: float64}
# - {name: swift_uvot_V, datatype: float64}
# - {name: johnson_B, datatype: float64}
# - {name: johnson_I, datatype: float64}
# - {name: johnson_R, datatype: float64}
# - {name: johnson_U, datatype: float64}
# - {name: johnson_V, datatype: float64}
# - {name: sdss_g, datatype: float64}
# - {name: sdss_i, datatype: float64}
# - {name: sdss_r, datatype: float64}
# - {name: sdss_u, datatype: float64}
# - {name: sdss_z, datatype: float64}
# - {name: ATLAS_c, datatype: float64}
# - {name: ATLAS_o, datatype: float64}
# - {name: ukirt_H, datatype: float64}
# - {name: ukirt_J, datatype: float64}
# - {name: ukirt_K, datatype: float64}
# - {name: Clear, datatype: float64}
# meta: !!omap
# - comment: [kappa = 1.0, type = rprocess, mass = 0.5000000000045836, velocity = 0.061333333333333344, theta_obs = 0.0, tfloor = 1000.0]
# schema: astropy-2.0
time PS1_g PS1_i PS1_r PS1_w PS1_y PS1_z swift_uvot_B swift_uvot_U swift_uvot_uvm2 swift_uvot_uvw1 swift_uvot_uvw2 swift_uvot_V johnson_B johnson_I johnson_R johnson_U johnson_V sdss_g sdss_i sdss_r sdss_u sdss_z ATLAS_c ATLAS_o ukirt_H ukirt_J ukirt_K Clear
[from data line 28]
1.7434869739478958 -14.1637560859483 -14.363318907813039 -14.347659551459966 -14.293844369934963 -14.229081871232765 -14.299811994917206 -13.907470805727915 -14.54465627131448 -13.389800587227011 -13.867510700508916 -12.883182025673698 -14.288121886787348 -13.931659341862414 -14.777473697146394 -14.567177021529709 -14.397003447203158 -14.30749220197672 -14.129543240722544 -14.37249348981183 -14.349506096588964 -13.61239172693324 -14.285641152925788 -14.24294717661489 -14.370168192554065 -13.620766997977574 -14.000032592327612 -13.214122637738404 -14.273681851576079
1.8036072144288577 -14.16112640740577 -14.384975336107306 -14.360101889361143 -14.303556597509974 -14.25946225021022 -14.326862496938588 -13.897134091786462 -14.514086387090082 -13.306937096432922 -13.807071489859979 -12.795309116001071 -14.293351413236703 -13.921979627946047 -14.801613364491619 -14.581915499064657 -14.370238132382475 -14.313272520815692 -14.124784544958136 -14.393914541470547 -14.361884119314592 -13.584505095431414 -14.313537922610404 -14.246068858892968 -14.386464763226492 -13.662689518223415 -14.036710246074263 -13.259542148209176 -14.285953001205947
1.8637274549098195 -14.157363161185224 -14.405188127168298 -14.371209068603523 -14.31205896304041 -14.288304049988838 -14.352409643488606 -13.885751843117912 -14.482760207705674 -13.224198986797923 -13.746584670110167 -12.708129067617215 -14.29732380674021 -13.911255898820553 -14.824283347095896 -14.595300045320638 -14.342653734850607 -14.317796426826506 -14.118919807627037 -14.413894487105168 -14.372924616012543 -13.55580839371024 -14.339924011576759 -14.248010162554081 -14.401395338926779 -13.702951001472757 -14.071783941790661 -13.3032609435865 -14.297020424240952
1.9238476953907815 -14.15256316274398 -14.424063203086934 -14.381083900664908 -14.319449649965428 -14.315716029004175 -14.376561116550981 -13.873418406264683 -14.450762737799003 -13.141638507168775 -13.686108635915097 -12.621676503596525 -14.30013972337137 -13.89958242655663 -14.845590326088189 -14.60743400907327 -14.314337414976112 -14.321164524138455 -14.112045028656706 -14.432539176491872 -14.382730480488775 -13.526388561093192 -14.364907327367948 -14.248869096422787 -14.415063561548767 -13.741664272336019 -14.105364543930142 -13.345393278099154 -14.306981694410439
1.9839679358717435 -14.146863323318843 -14.441729952101579 -14.389858983791672 -14.32585846320741 -14.341824400674028 -14.399444351348087 -13.860273494670132 -14.418238213208774 -13.059403354126506 -13.625781818644693 -12.536084565779472 -14.301934549424999 -13.88709839268737 -14.865662739046101 -14.618448942542159 -14.285432953210748 -14.323511763917852 -14.104297759737197 -14.449978087413413 -14.391434440033493 -13.496389924854206 -14.388614945245735 -14.24877981351834 -14.427600204049664 -13.778951612271014 -14.137576013545965 -13.386060430709248 -14.315964242691432
2.0440881763527052 -14.140314317340081 -14.458255987953272 -14.397595832465928 -14.331341717971657 -14.366702426541806 -14.42113046289533 -13.846362774344449 -14.385216583157039 -12.977475521223564 -13.565599940969122 -12.451317398897132 -14.302765268093342 -13.87384962726879 -14.884569765590811 -14.62840766073705 -14.25597361047765 -14.324895275701957 -14.095727171276113 -14.466278684703546 -14.399098062590081 -13.465845141603783 -14.41111848172719 -14.247796121082175 -14.439068899142757 -13.814893996523184 -14.168495724198953 -13.425345884029019 -14.324024737894376
2.1042084168336674 -14.133373012808885 -14.473980429720807 -14.404678817421548 -14.33629131526434 -14.390646016217996 -14.441931894743796 -13.832181117174251 -14.352288448560984 -12.89668264884304 -13.506276799640045 -12.368198699890417 -14.303052095525317 -13.860327250248993 -14.902638159416803 -14.637682807664422 -14.226532557501248 -14.325732154767879 -14.08680042474451 -14.481781257088713 -14.406106216605501 -13.435333137722871 -14.432726089123946 -14.246345403795146 -14.449834255530494 -13.849730261759612 -14.198388320414209 -13.463471408360908 -14.331540211987761
2.164328657314629 -14.124944772199441 -14.488192296896223 -14.410250944878271 -14.339811631895536 -14.413082977556737 -14.46122340093794 -13.816511595979694 -14.317918260480536 -12.814669994470783 -13.445820124619559 -12.284324134408532 -14.301823378465343 -13.84532528061316 -14.919196488999617 -14.64545427688303 -14.195633789954247 -14.325059883670653 -14.076389257531421 -14.495771080365305 -14.411600714352488 -13.403359911014832 -14.452826102695653 -14.243425307899997 -14.459101186158119 -13.883072363928848 -14.226782105241538 -13.500104702654541 -14.337657379323918
2.224448897795591 -14.116519265699896 -14.501922735547783 -14.415518637082947 -14.343147775287726 -14.43487745296963 -14.47993300142592 -13.800990839024927 -14.284120004034957 -12.734407065890284 -13.386761348095337 -12.202688432790993 -14.300423706858176 -13.83046656969864 -14.935228224008512 -14.652883680257276 -14.165221547313973 -14.324211574029595 -14.066023479852063 -14.509283811622211 -14.4167896370808 -13.371891612179052 -14.472330085275882 -14.240413184376752 -14.46800077811865 -13.915563187036495 -14.254420283971017 -13.53582201134891 -14.343567511119613
2.284569138276553 -14.106723401279222 -14.514270553306723 -14.41940074507162 -14.34517467970105 -14.455299585305923 -14.497265307583529 -13.784094920431038 -14.248979128395423 -12.652980774640955 -13.326637600060636 -12.120337195833514 -14.297630340493754 -13.81424104366236 -14.949881035756071 -14.65893565079756 -14.133453935421507 -14.321976026774033 -14.054288654024312 -14.521413635307177 -14.420590242379436 -13.33906399854607 -14.490459486433735 -14.23605050179658 -14.475528747173794 -13.946700280455884 -14.280697165183119 -13.570189608744554 -14.348199163327333
2.344689378757515 -14.096681899858083 -14.526015294352543 -14.422809001425225 -14.34683090322034 -14.475002752558002 -14.513921983146947 -13.767059443567124 -14.214014543161841 -12.572624362413748 -13.26734955940223 -12.039509852548441 -14.294459379408384 -13.797873682302363 -14.963898427699124 -14.664487916282358 -14.101797709674646 -14.319360503049799 -14.042339707845475 -14.532943504012934 -14.423915593531191 -13.3063604523287 -14.507903488991651 -14.231376751337255 -14.482539640964678 -13.976969754216773 -14.3061746692371 -13.603643282952296 -14.352449383045744
2.4048096192384767 -14.086148866988388 -14.537011773737003 -14.425560033069278 -14.347921679988467 -14.493878004613894 -14.529780230973284 -13.74960652796495 -14.178864068856374 -12.492756527582646 -13.208410949781957 -11.959607317186322 -14.290697535523666 -13.781089377124228 -14.977145527190114 -14.669366678919442 -14.06990657436615 -14.316154028080257 -14.029921908106715 -14.543727256539078 -14.426582039978388 -13.27343001262891 -14.524542826262206 -14.226169945489833 -14.48886612508618 -14.00631081919858 -14.330770094130754 -13.636136885967643 -14.356133975723502
2.464929859719439 -14.075085892819548 -14.547253296171565 -14.427635277029385 -14.348423410016178 -14.511929823724099 -14.54484026897342 -13.731687832005186 -14.143452109938774 -12.413228191188818 -13.149702114481574 -11.880468851667953 -14.286317039951044 -13.763840533484476 -14.989618804536839 -14.673556257544977 -14.037710215539889 -14.312329457919384 -14.016994049433773 -14.553757897629023 -14.428570974883979 -13.240200968644302 -14.540378784856216 -14.220398823038973 -14.494494432339433 -14.034742882918517 -14.35449601937904 -13.667694429211837 -14.359232043972412
2.5250501002004007 -14.062765353504947 -14.556270538598586 -14.42846653535348 -14.347747661406043 -14.52878342904425 -14.558691097870131 -13.712492702976668 -14.106755157163153 -12.332476320977634 -13.089913249678151 -11.800533195419746 -14.280671585465107 -13.745324550538442 -15.000875939282718 -14.676514016322095 -14.004224383987342 -14.30724716253584 -14.002805882323628 -14.56256355317846 -14.429313181322652 -13.205676597040874 -14.555009751208434 -14.213399660186745 -14.49889927773091 -14.062016987739836 -14.377046398727751 -13.698104918186507 -14.36118612995724
2.5851703406813624 -14.050610831301373 -14.565033982387394 -14.429198345190954 -14.347068892022445 -14.545242552160502 -14.572200356715488 -13.693590903091312 -14.070713627001457 -12.253370643290026 -13.03146819365546 -11.722643924331177 -14.275043547590275 -13.727096586542537 -15.011839729099787 -14.679339142051948 -13.97132170200462 -14.302177408982091 -13.988820630034855 -14.571119208437633 -14.429955150601259 -13.171751676744368 -14.569286734521505 -14.206482493524852 -14.503148944187227 -14.088715206830871 -14.399103735374206 -13.727883801123626 -14.363113949859532
2.6452905811623246 -14.038247833130715 -14.573307717711081 -14.429541963070811 -14.346085467854834 -14.561121614513315 -14.585163209136436 -13.674563613218275 -14.034793798375684 -12.175083463527056 -12.973672855611369 -11.645963221014423 -14.269102587999758 -13.708741923850706 -15.022288619675798 -14.681756370371446 -13.938489827002407 -14.296793269082746 -13.97465165037664 -14.579187595991154 -14.430207663977939 -13.137907287839177 -14.583009854124107 -14.199306521057764 -14.506977298533688 -14.114718861294476 -14.420518967246599 -13.756932637662425 -14.364729616281497
2.7054108216432864 -14.024890567457842 -14.58058119735714 -14.428881251033623 -14.344161991261188 -14.57601124629992 -14.59713149591538 -13.65453629490289 -13.997895023445412 -12.095944230122559 -12.915129951322442 -11.568836037449714 -14.262148973116837 -13.689394870238218 -15.0317409859517 -14.683177085844036 -13.90466960409044 -14.290402330672263 -13.959489048672875 -14.586255438073348 -14.429453413324858 -13.103070843450588 -14.5957410462991 -14.191154738961735 -14.509814415251654 -14.139753362880183 -14.440956382660877 -13.785017452082984 -14.365431722738062
2.7655310621242486 -14.011538564230932 -14.587536016084997 -14.428020271390096 -14.342120247659338 -14.590475368768807 -14.60871428492057 -13.634611429250782 -13.961378961272697 -12.017960595702547 -12.857529292164855 -11.493231791856008 -14.25508399746316 -13.670147274077355 -15.040844741359766 -14.684373113214903 -13.871175572982139 -14.283897093325225 -13.944360160803821 -14.593007507824325 -14.428497954979047 -13.068572628324624 -14.60807756773642 -14.18294600277477 -14.512410143633865 -14.164225946235083 -14.460894177429944 -13.812498440618233 -14.366000843309994
2.8256513026052104 -13.997210165848415 -14.59352986721969 -14.426186291519318 -14.339166144791466 -14.603996878054826 -14.619346441234828 -13.613697665831499 -13.923876223534482 -11.93906556564436 -12.799144222258736 -11.417116614310427 -14.247031488720634 -13.649918965581488 -15.048993393539629 -14.684605946034612 -13.83668915079313 -14.276410624249072 -13.928253620079474 -14.598798119229723 -14.42656702624939 -13.033077356211855 -14.619466828784997 -14.173784182813218 -14.514049229336443 -14.187786434758872 -14.479906502868952 -13.83907567207572 -14.365685814383742
2.885771543086172 -13.983037753543606 -14.599330187197364 -14.424287513249574 -14.336226280027198 -14.617207717809926 -14.629711927072435 -13.593045805243566 -13.886934738076384 -11.861545760936142 -12.741892490560005 -11.342719770274886 -14.239011571941884 -13.62994828425315 -15.056915578369427 -14.684746505719037 -13.802704407220816 -14.268952758515388 -13.912333724568704 -14.604398367893126 -14.424570623131547 -12.99809729814875 -14.630579139325999 -14.164708423816617 -14.51557719295188 -14.210886108500949 -14.498526451949834 -13.865146203795058 -14.365365100705372
2.9458917835671343 -13.96888767281327 -14.604858626947177 -14.422224595241602 -14.33319535632748 -14.63004946185512 -14.639744701775843 -13.572504579416773 -13.85035706395044 -11.785084609081093 -12.685510456178672 -11.26971682047705 -14.230908424809751 -13.610085522934966 -15.064538622527579 -14.684700746339445 -13.769032564058154 -14.261408972719066 -13.896461964946933 -14.609729367613955 -14.422409241074732 -12.963441091948571 -14.641350406575668 -14.155598294705634 -14.516903561285108 -14.233493004847427 -14.516710029719702 -13.890686104514403 -14.364939341462701
3.006012024048096 -13.953715955066333 -14.60943081515433 -14.419174588288168 -14.329231523179793 -14.641971161481209 -14.64884257621172 -13.550913330632152 -13.81268888489446 -11.707495491089922 -12.628178643754282 -11.195979899657956 -14.221788892497013 -13.589182329331088 -15.07121635822368 -14.683682477468658 -13.734272636640547 -14.25285625423914 -13.879562898034052 -14.614103145891306 -14.419258166123843 -12.927689818742323 -14.651191900639713 -14.145501622844012 -14.51726711418896 -14.255234386709928 -14.534003744481845 -13.915376219182123 -14.363613768604804
3.066132264529058 -13.938192664584328 -14.613503337159575 -14.415676572159306 -14.32488317455972 -14.65334984835831 -14.657413144059177 -13.529011553935472 -13.774843070525176 -11.6301206026167 -12.571021653395675 -11.122809305469573 -14.212257748182779 -13.567970747563884 -15.077382576222266 -14.682208795768041 -13.699306195247829 -14.243893230320273 -13.862325252429688 -14.61797843662275 -14.415657580179584 -12.89173577996479 -14.66050316836748 -14.135033501162049 -14.517169961395826 -14.276381112509958 -14.55072651908324 -13.93945556989374 -14.36190800237405
3.12625250501002 -13.923054094682357 -14.61757511321009 -14.412321440111864 -14.320749007832134 -14.66459544645506 -14.665900564013814 -13.507613072068782 -13.737825725809838 -11.554439534110003 -12.51527168247824 -11.05162030942774 -14.202979345958504 -13.547255977292355 -15.083510670970643 -14.680845787960124 -13.665104847009488 -14.235177164977786 -13.845506074954912 -14.621856563066356 -14.412199705919608 -12.856562684781228 -14.669719297766761 -14.124868266123194 -14.517161295645309 -14.297224015729062 -14.567223088461192 -13.963179300267894 -14.360387660421328
3.186372745490982 -13.907113781963556 -14.620866368603824 -14.408172381791093 -14.315873972256448 -14.675079711575805 -14.673618349035635 -13.485399068941614 -13.69998670444172 -11.477979596471982 -12.458876912269634 -10.980026810961533 -14.192891736680668 -13.52573350870863 -15.08886428788741 -14.678698633741824 -13.6300783442218 -14.22565787780602 -13.82788331095755 -14.624953660703728 -14.407945615548243 -12.820559804216813 -14.678169164586752 -14.113924257023562 -14.516374815532327 -14.317337539628168 -14.582976075628869 -13.986182748500225 -14.358152277547696
3.2464929859719436 -13.890438921958559 -14.623430851838428 -14.403288381056889 -14.310317479095875 -14.684851366507523 -14.68061714420772 -13.462441086971399 -13.661408157691977 -11.400848658304653 -12.40193351827168 -10.908136076614351 -14.18205804505152 -13.503474449776348 -15.09349573655949 -14.675824966060091 -13.594306946984329 -14.215398125008496 -13.80952532081782 -14.627323614526624 -14.402954357094586 -12.78380806248924 -14.685902916406537 -14.102265229719038 -14.514867198842296 -14.336763831683326 -14.598030585798776 -14.008506125880656 -14.355259379351324
3.306613226452906 -13.874295729114081 -14.626117300705719 -14.398680005514475 -14.305102818056383 -14.694602386026663 -14.687649257737974 -13.4401418697568 -13.623831121523544 -11.32562030583259 -12.34657550681737 -10.838398283622958 -14.171618221384989 -13.481866188901094 -15.098208780364885 -14.6731915233688 -13.559471066643873 -14.205525251457745 -13.791734830209794 -14.62981939396414 -14.398238889397454 -12.748009244516894 -14.693656841220939 -14.091048027875708 -14.513575377110843 -14.355984799820172 -14.612963621646882 -14.030568355794466 -14.352673656786585
