web/models/mosfit_kne/mosfit_kn_1.0000/mosfit_kn_0.095333_0.3120_1.0000.dat
# %ECSV 1.0
# ---
# datatype:
# - {name: time, datatype: float64}
# - {name: PS1_g, datatype: float64}
# - {name: PS1_i, datatype: float64}
# - {name: PS1_r, datatype: float64}
# - {name: PS1_w, datatype: float64}
# - {name: PS1_y, datatype: float64}
# - {name: PS1_z, datatype: float64}
# - {name: swift_uvot_B, datatype: float64}
# - {name: swift_uvot_U, datatype: float64}
# - {name: swift_uvot_uvm2, datatype: float64}
# - {name: swift_uvot_uvw1, datatype: float64}
# - {name: swift_uvot_uvw2, datatype: float64}
# - {name: swift_uvot_V, datatype: float64}
# - {name: johnson_B, datatype: float64}
# - {name: johnson_I, datatype: float64}
# - {name: johnson_R, datatype: float64}
# - {name: johnson_U, datatype: float64}
# - {name: johnson_V, datatype: float64}
# - {name: sdss_g, datatype: float64}
# - {name: sdss_i, datatype: float64}
# - {name: sdss_r, datatype: float64}
# - {name: sdss_u, datatype: float64}
# - {name: sdss_z, datatype: float64}
# - {name: ATLAS_c, datatype: float64}
# - {name: ATLAS_o, datatype: float64}
# - {name: ukirt_H, datatype: float64}
# - {name: ukirt_J, datatype: float64}
# - {name: ukirt_K, datatype: float64}
# - {name: Clear, datatype: float64}
# meta: !!omap
# - comment: [kappa = 1.0, type = rprocess, mass = 0.09533330950298248, velocity = 0.312, theta_obs = 0.0, tfloor = 1000.0]
# schema: astropy-2.0
time PS1_g PS1_i PS1_r PS1_w PS1_y PS1_z swift_uvot_B swift_uvot_U swift_uvot_uvm2 swift_uvot_uvw1 swift_uvot_uvw2 swift_uvot_V johnson_B johnson_I johnson_R johnson_U johnson_V sdss_g sdss_i sdss_r sdss_u sdss_z ATLAS_c ATLAS_o ukirt_H ukirt_J ukirt_K Clear
[from data line 85]
5.170340681362725 -9.137288040133651 -13.001285559336235 -11.531081793754101 -11.87108553289372 -14.342437512350994 -13.832204349460824 -7.591829132361037 -5.255851245487708 2.5464889971501465 -3.9915440215424165 -2.0872110045598578 -10.229873434541183 -7.865338562885839 -13.84873093047566 -12.253573530636476 -5.598755322482944 -10.441692005635959 -8.777886921495721 -12.971098347560623 -11.482891315597943 -4.5774793329469965 -13.993444053893178 -10.385585743470571 -12.35796042896041 -15.830485052149573 -15.256273173623178 -16.065463624378925 -12.581965346132353
5.2304609218436875 -8.97693023160862 -12.901994303298245 -11.407115679783395 -11.762965520733424 -14.269375067552854 -13.748536001490628 -7.408064263435953 -5.0215548545605415 2.875262018028761 -3.802845838527293 -1.8997645330538968 -10.082784410261915 -7.688828814408332 -13.757436701091283 -12.141182979084359 -5.372077497487375 -10.300030723548035 -8.611993161036278 -12.871123659594641 -11.357396026492648 -4.345698127589319 -13.91355108598237 -10.249133824829144 -12.251029540682588 -15.79723980623038 -15.204814985354567 -16.04482991401413 -12.490193517027599
5.290581162324649 -8.814349723064812 -12.80106078147302 -11.281273330541932 -11.653298480551122 -14.194944066512 -13.66338038743466 -7.221809835655427 -4.784229574579015 3.2073588017040118 -3.6124223206451584 -1.710363665956954 -9.933528874129387 -7.510011948951782 -13.664595740503984 -12.027146038486826 -5.142446092514039 -10.156339436167395 -8.443821423871078 -12.769500515530066 -11.22998823702586 -4.110879794616302 -13.832235957353411 -10.110794490637769 -12.14248992546704 -15.763106999735005 -15.152247962670202 -16.02347641927 -12.397124990914303
5.350701402805611 -8.649656247304058 -12.69856002664513 -11.153644262276465 -11.542165040499537 -14.1192043410385 -13.576803294858522 -7.033188857366009 -4.54402544753286 3.542555235092288 -3.4203869665916637 -1.5191113382981167 -9.782208321347873 -7.329009901775873 -13.570278843100027 -11.911549232785685 -4.910007786983972 -10.010719272977136 -8.273484646572076 -12.666304399253203 -11.10075789482643 -3.8731732555290854 -13.749563165806027 -9.970664657484267 -12.032423140648874 -15.72812403846569 -15.098619940858296 -16.00143366100404 -12.302832307776672
5.410821643286573 -8.482806190498167 -12.594464156831044 -11.024194710294672 -11.429535647862217 -14.042134464013838 -13.4887804886149 -6.842151675041058 -4.3008780984691874 3.8809193126627735 -3.226677614791455 -1.3259360823354203 -9.628781859453401 -7.145778000089894 -13.474460500942033 -11.794365459752687 -4.6747011740786455 -9.863133543349976 -8.100937852581218 -12.561507318435883 -10.969670397682254 -3.632515118574222 -13.665510334318789 -9.828707632477105 -11.920801545008093 -15.692279956758735 -15.043915349970137 -15.978694195547279 -12.207291371413671
5.4709418837675345 -8.31379438388753 -12.488771049173746 -10.892921806146543 -11.315408276288874 -13.963733300513876 -13.399310233440342 -6.648691981251363 -4.054777003885324 4.222445580792084 -3.031277142248445 -1.1308115276423467 -9.473244322716543 -6.960313411714182 -13.377139301760483 -11.675596140712223 -4.436517153343768 -9.713580197244694 -7.9261756673317585 -12.455107184743426 -10.83672236292502 -3.388895364467004 -13.580076816666633 -9.68492014004621 -11.807624812092268 -15.65557576138422 -14.988134407987308 -15.955259898403645 -12.110502210002085
5.531062124248497 -8.1427444510825 -12.381565147884928 -10.759926315303954 -11.199872870978744 -13.884068044767606 -13.30846652479952 -6.452948640359209 -3.8058919832527316 4.566885289812636 -2.8343149237772276 -0.9338581551242018 -9.315710453346508 -6.772753035032245 -13.278394797211785 -11.555337906197149 -4.195621718480453 -9.562173059525135 -7.749325352362089 -12.347188950828176 -10.702015185237244 -3.1424827316242343 -13.493334992343442 -9.539410719594432 -11.69298404056967 -15.618052846718072 -14.931330514013295 -15.931164108229526 -12.01254516921784
5.591182364729459 -7.969557955263742 -12.272781647986086 -10.625130349773393 -11.082860423720255 -13.803088015224816 -13.21619275243803 -6.254810366416833 -3.5540821648330834 4.91441007561068 -2.6356689021239883 -0.7349455312205353 -9.156088444587837 -6.582992844043151 -13.178166920473544 -11.433523176386224 -3.951879313222453 -9.408826354046854 -7.570285502478615 -12.237687510189765 -10.565469679286537 -2.8931381531689304 -13.405231301520999 -9.392094830220383 -11.576812472227882 -15.579682666779973 -14.873465204749985 -15.906385464835926 -11.913361602858394
5.651302605210421 -7.7943643006249985 -12.16250893757648 -10.488639374485782 -10.96446464884881 -13.720863486826271 -13.122566351964373 -6.054422659044621 -3.299525668584451 5.264761701500029 -2.435475327152971 -0.5342020354847352 -8.99449862845061 -6.3911759115570845 -13.076538883978134 -11.31025273446718 -3.7054640578640563 -9.253659231057759 -7.3891893441902745 -12.126691784578014 -10.427192041612035 -2.6410387291108073 -13.315841419759735 -9.243085757882206 -11.459205096553458 -15.540508230075304 -14.814594182454071 -15.880958389992868 -11.813034942576834
5.7114228456913825 -7.617168567384809 -12.05075183687768 -10.350458829432831 -10.844690254840774 -13.637398723965788 -13.027591622991768 -5.851790980583696 -3.0422266961715394 5.617917446198157 -2.2337300934885103 -0.33161607377536795 -8.83094570827047 -6.197310432848052 -12.973515722762443 -11.185535431111024 -3.4563812826873996 -9.096679116917821 -7.206042084794628 -12.014206675661594 -10.287187368277504 -2.386189269599761 -13.225170505533637 -9.09238867116521 -11.34016850192916 -15.500533359772156 -14.754721698764007 -15.85488664212521 -11.71157079062155
5.771543086172344 -7.437944131898693 -11.937493803278212 -10.21056862372701 -10.723519297241815 -13.552681087245091 -12.931254143365898 -5.646885096234363 -2.78214512133955 5.973914344690027 -2.0303943711371804 -0.12714140300472776 -8.66540486812011 -6.001370294300482 -12.869082489288044 -11.05935674720951 -3.204593320502156 -8.937865003845891 -7.020816293661749 -11.90021561017204 -10.145434941006659 -2.128550677866894 -13.133205694265406 -8.939981184533998 -11.219686737294321 -15.459751826164535 -14.693838825349983 -15.828166100607655 -11.608954998240453
5.831663326653306 -7.256804241979999 -11.822812494962616 -10.069061309557998 -10.601033381852165 -13.466772354418453 -12.833621964628534 -5.439832473715348 -2.5194367734214396 6.332527878956708 -1.8255863236284138 0.07911004944970346 -8.497981763120308 -5.803480794738508 -12.763312313915833 -10.9318052541986 -2.9502527413269353 -8.777321677906665 -6.833628574133801 -11.784796725526139 -10.002027994144864 -1.8682781710191954 -13.040013564141564 -8.78596211443707 -11.09784295195217 -15.41820131730464 -14.631994512061278 -15.800826775794102 -11.505260066316705
5.891783567134269 -7.073724017776293 -11.706692575970337 -9.925918226290005 -10.477215579436532 -13.379660812626089 -12.734681709289983 -5.2306049317591095 -2.25406413841327 6.693793390388689 -1.6192698945320134 0.28718096523950765 -8.328653356590696 -5.603617629801384 -12.656191357053672 -10.802867625564023 -2.6933244674307244 -8.615029811268682 -6.644453303297073 -11.667934665771416 -9.85694729617757 -1.6053353423417072 -12.94558225132267 -8.630310395409673 -10.974622253405037 -15.375876011838137 -14.569180488369112 -15.77286473767847 -11.400472600147822
5.95190380761523 -6.888827817785561 -11.589219307369412 -9.781240941279794 -10.352155018372198 -13.291414250747557 -12.634508106647395 -5.01934257080639 -1.986198832472805 7.057468451090469 -1.4115755014160132 0.4969458650620031 -8.157535937586957 -5.401917872315995 -12.547799823972554 -10.672640361098413 -2.433976433984697 -8.451104254339937 -6.453418531437158 -11.549715213181138 -9.71029527423104 -1.3398931967715377 -12.849984715116456 -8.473134170725682 -10.850115389435704 -15.332816975385782 -14.505450296040594 -15.744312457108832 -11.294671376435641
6.012024048096192 -6.702032130881435 -11.470337844828329 -9.634963572845887 -10.225792920491283 -13.201989699476933 -12.533053157490386 -4.805951180820688 -1.715721357453894 7.423699343191427 -1.2024029293095846 0.7085114826653585 -7.984551870302028 -5.198293751595106 -12.438086920995516 -10.541066905397269 -2.1720940329082805 -8.28547309136704 -6.260438277151028 -11.430083296387465 -9.5620049520803 -1.0718341119021702 -12.75317576630183 -8.314361442128266 -10.724265783037321 -15.2889998262105 -14.44077130570271 -15.715151473711513 -11.187806531387796
6.072144288577154 -6.513495518266126 -11.3501566085991 -9.48721529540947 -10.098242408281433 -13.111473259880153 -12.430411897084568 -4.590609512782101 -1.4428514527976153 7.792182790469934 -0.9919205858550479 0.9217128832495516 -7.809849606983062 -4.9929190790909885 -12.327154474319848 -10.408268674873426 -1.90789193909777 -8.118281971335575 -6.065675814212383 -11.309147981875274 -9.412206757952735 -0.801376927509132 -12.655247866468233 -8.154129715459817 -10.597188145576233 -15.244476298695254 -14.375211230376761 -15.685422407887282 -11.079977461452053
6.132264529058116 -6.323228046714426 -11.228683923472236 -9.338005656915769 -9.969510960197336 -13.019871900292195 -12.326591676327006 -4.37332893528784 -1.1676009075948632 8.162893395803966 -0.7801323476211581 1.136550754051321 -7.633439064147425 -4.785807045886003 -12.215010720186232 -10.274257745401957 -1.6413830004844177 -7.949543131491283 -5.869141521871288 -11.186917706830375 -9.260910098311932 -0.5285343088074157 -12.55620906956926 -7.992447814721615 -10.468891934645068 -15.199251369116023 -14.308776217382489 -15.655129492107454 -10.971191689929007
6.192384769539078 -6.131242086154849 -11.105929668943162 -9.187346060271988 -9.839607644743698 -12.927193807932902 -12.221601202234513 -4.154123438210596 -0.889984803693604 8.535802369726802 -0.5670451150223772 1.3530224347742927 -7.455332354386866 -4.576973295672303 -12.10166534135561 -10.139047843539608 -1.3725832756776168 -7.77927091854172 -5.6708481565991065 -11.063402473543285 -9.108126271577408 -0.2533222144673708 -12.456068737718429 -7.829326507281973 -10.33938816702019 -15.153330698330919 -14.24147334512705 -15.624277453843083 -10.861458092346847
6.25250501002004 -5.937664120621751 -10.981980822015629 -9.035339917171594 -9.708622283202324 -12.833508164457665 -12.11551677649732 -3.9331357296867173 -0.6101782737018089 8.91067153832562 -0.3527911772961718 1.5709975142838641 -7.275648379623932 -4.366556470406792 -11.987200063676664 -10.002736273923329 -1.1016641547341455 -7.607582179635181 -5.470925967692182 -10.938689789561984 -8.953959754873786 0.024084591402946387 -12.354901206219733 -7.664875115925582 -10.208768399290875 -15.106755843789937 -14.173357065490285 -15.592898800654334 -10.750855412000853
6.312625250501002 -5.7424599107143415 -10.856815848631527 -8.881961076943838 -9.576530718372442 -12.73879831066754 -12.00831958225967 -3.710327294875767 -0.32813123848050885 9.287561029749153 -0.13732645151945233 1.7905241259096418 -7.094355843530498 -4.15452171127923 -11.871595185614538 -9.865302341883641 -0.8285784675274609 -7.434449432334859 -5.269339729754314 -10.812758078992921 -8.798383881882277 0.30373471688424303 -12.252689341892786 -7.49906394135456 -10.077010485368927 -15.059517738628788 -14.104415101482244 -15.560986745613706 -10.639363578635184
6.372745490981964 -5.545764361652381 -10.730527524773557 -8.72731978009515 -9.443428449662754 -12.643138042676743 -11.900091042613425 -3.4858504021089507 -0.04403084791563905 9.66622077684686 0.07920792762870876 2.0114616075468175 -6.911581761091051 -3.941016399085417 -11.754937817897144 -9.726849159671708 -0.5535092550513031 -7.2599970677311605 -5.066228363786287 -10.685700677526988 -8.64151011959228 0.5854413939512071 -12.149512337701687 -7.332009349769457 -9.94421164469479 -15.011660559148524 -14.034705431426511 -15.528575712267896 -10.527066000476797
6.432865731462925 -5.347555295273612 -10.60310250393588 -8.571399605966867 -9.309299722371307 -12.546517181914236 -11.790819529972936 -3.2596801800656214 0.24215591232461997 10.046691293032183 0.29684254753032535 2.2338435329788955 -6.72730625090334 -3.7260184849637885 -11.637215889010843 -9.587364654576113 -0.2764259069200147 -7.084208449671078 -4.861569068790654 -10.557504241386333 -8.48332170045488 0.8692362517481556 -12.045359946526375 -7.163691934821035 -9.810358056046447 -14.963178993779152 -13.964220776397054 -15.495661750569665 -10.41394975726389
6.492985971943887 -5.147979274397336 -10.474641564478677 -8.41432023295173 -9.174247985106057 -12.44901589650226 -11.680593534781227 -3.0319820999683875 0.5302253225904254 10.428705077755872 0.5154242224261201 2.457515575920738 -6.541667487244596 -3.5096875019129787 -11.518523948615346 -9.446960030500293 0.0024724903277896226 -6.907218368824759 -4.655512766145353 -10.428270147409311 -8.323939732708663 1.1549160112130252 -11.94031806863972 -6.9942378909943415 -9.675554855866846 -14.914120879762113 -13.893024004992716 -15.462282010956761 -10.300104850743885
6.55310621242485 -4.947009675507612 -10.34512839719616 -8.25606165561556 -9.038254205372986 -12.350621672508897 -11.569398848320365 -2.802726309104041 0.8202164728458607 10.812313585193195 0.7349883074067347 2.6825152683321076 -6.354641560466956 -3.2919963804099557 -11.398847133275105 -9.30561969856462 0.28322245934522494 -6.729006181602288 -4.448032082997901 -10.297982073967269 -8.163343868133595 1.4425182913523038 -11.83437394294982 -6.823623849990366 -9.539784878904047 -14.864479478123705 -13.821105988583573 -15.428431373470913 -10.185515392541848
6.613226452905812 -4.744783616176864 -10.214657501030135 -8.096735956975483 -8.901414896918851 -12.251409747295039 -11.457318502610452 -2.572067666210361 1.1119386765467534 11.19727049327215 0.9553925859653671 2.9086981254794932 -6.166358024380945 -3.0730940725764673 -11.278274087467423 -9.163447499585875 0.5656376079208126 -6.549698107761334 -4.239268214445762 -10.166735081976945 -8.001647601225645 1.7318526934661271 -11.727608142267982 -6.65196764389858 -9.403146294731872 -14.814299650970263 -13.748525713161415 -15.394144595752353 -10.07026513109409
6.673346693386773 -4.541304141580511 -10.083232684130365 -7.936347059740978 -8.763731844832279 -12.151383553371744 -11.344355965120734 -2.3400098082490315 1.4053892434760586 11.583575895277601 1.1766403377041539 3.136067938211881 -5.976820893954636 -2.852985159493255 -11.156808716373938 -9.020449202587663 0.8497139573587799 -6.369300064289349 -4.029224333383912 -10.03453307063543 -7.838854877455805 2.0229153534579147 -11.620024830544509 -6.479271382804033 -9.265642639602234 -14.763583996674324 -13.675286396301425 -15.359423722649622 -9.954355996711524
6.733466933867735 -4.336705928116071 -9.950946903141986 -7.775005092958462 -8.625299581189978 -12.050617155662984 -11.230592973246676 -2.106704871528314 1.7003806918667943 11.970991871720265 1.39859287137492 3.3644824116549157 -5.78615765745542 -2.6318155104667302 -11.034538182435789 -8.876726348415495 1.1352682950246051 -6.18793593781916 -3.818039116744405 -9.901469545148665 -7.675077294900312 2.3155190169860873 -11.5117032380153 -6.305650588733567 -9.127370044921683 -14.712376623580688 -13.601446060598404 -15.324302847405098 -9.83786974916768
