web/models/mosfit_kne/mosfit_kn_1.0000/mosfit_kn_0.041628_0.3277_1.0000.dat
# %ECSV 1.0
# ---
# datatype:
# - {name: time, datatype: float64}
# - {name: PS1_g, datatype: float64}
# - {name: PS1_i, datatype: float64}
# - {name: PS1_r, datatype: float64}
# - {name: PS1_w, datatype: float64}
# - {name: PS1_y, datatype: float64}
# - {name: PS1_z, datatype: float64}
# - {name: swift_uvot_B, datatype: float64}
# - {name: swift_uvot_U, datatype: float64}
# - {name: swift_uvot_uvm2, datatype: float64}
# - {name: swift_uvot_uvw1, datatype: float64}
# - {name: swift_uvot_uvw2, datatype: float64}
# - {name: swift_uvot_V, datatype: float64}
# - {name: johnson_B, datatype: float64}
# - {name: johnson_I, datatype: float64}
# - {name: johnson_R, datatype: float64}
# - {name: johnson_U, datatype: float64}
# - {name: johnson_V, datatype: float64}
# - {name: sdss_g, datatype: float64}
# - {name: sdss_i, datatype: float64}
# - {name: sdss_r, datatype: float64}
# - {name: sdss_u, datatype: float64}
# - {name: sdss_z, datatype: float64}
# - {name: ATLAS_c, datatype: float64}
# - {name: ATLAS_o, datatype: float64}
# - {name: ukirt_H, datatype: float64}
# - {name: ukirt_J, datatype: float64}
# - {name: ukirt_K, datatype: float64}
# - {name: Clear, datatype: float64}
# meta: !!omap
# - comment: [kappa = 1.0, type = rprocess, mass = 0.04162766037032262, velocity = 0.32766666666666666, theta_obs = 0.0, tfloor = 1000.0]
# schema: astropy-2.0
time PS1_g PS1_i PS1_r PS1_w PS1_y PS1_z swift_uvot_B swift_uvot_U swift_uvot_uvm2 swift_uvot_uvw1 swift_uvot_uvw2 swift_uvot_V johnson_B johnson_I johnson_R johnson_U johnson_V sdss_g sdss_i sdss_r sdss_u sdss_z ATLAS_c ATLAS_o ukirt_H ukirt_J ukirt_K Clear
[from data line 28]
1.7434869739478958 -13.971108645415669 -15.454423919497913 -14.94028315940854 -14.860652849910796 -15.805231269341729 -15.688869302951769 -13.29245171380813 -12.887480731064702 -9.177236199550677 -11.078297073418764 -9.194776830100903 -14.480269968219119 -13.366657422408398 -16.007933195144172 -15.297494248281655 -12.925599969136432 -14.540379534881234 -13.82443884097686 -15.450520701168884 -14.934025454829722 -12.07397502856523 -15.724892182955728 -14.392278712825934 -15.193368889613641 -15.850974555306433 -15.93391479740486 -15.640909192355624 -15.02625559993474
1.8036072144288577 -13.875041350983217 -15.416255498376827 -14.879187908382203 -14.803576042881037 -15.790013221930916 -15.6646931490587 -13.17657082242632 -12.72520074755688 -8.90673947205672 -10.888323911430913 -8.989084570391753 -14.400206718513974 -13.253847789040488 -15.976421552929498 -15.24346861981319 -12.77115254918889 -14.462753552360839 -13.723279578861582 -15.411735601370289 -14.872329525998822 -11.91611187006922 -15.703259305974466 -14.313475800438358 -15.14399530566589 -15.867551472154663 -15.936082374777278 -15.667057447642366 -14.979754523139963
1.8637274549098195 -13.774597476288104 -15.374368139736099 -14.814084750169236 -14.742937831125236 -15.771417723219763 -15.636996690189484 -13.056018223266694 -12.55772476223246 -8.630276931354647 -10.695169235694664 -8.781817371933766 -14.315841688701394 -13.136480810023329 -15.941296271242226 -15.185597560994275 -12.61156366808769 -14.380910167292933 -13.617682260239352 -15.369222664411772 -14.806597656048535 -11.753032246281556 -15.67816027959772 -14.230652463186964 -15.090864097398136 -15.881311774558974 -15.93517582224937 -15.690565837667945 -14.929981638028949
1.9238476953907815 -13.66975213120444 -15.328791160242119 -14.744981741317975 -14.678757184695748 -15.749496408436379 -15.605822499697073 -12.930747912500646 -12.384959153042452 -8.347661487929535 -10.498825309894393 -8.572932431876733 -14.227162458226108 -13.014517244387495 -15.902593533885938 -15.12389956582367 -12.446747065946486 -14.294841837461457 -13.50761694440461 -15.323010625528077 -14.73683652906006 -11.584645267872276 -15.649640999631877 -14.143805103820206 -15.033998467729557 -15.892342172455113 -15.931265587400567 -15.711532608293941 -14.876968885258872
1.9839679358717435 -13.560471923315571 -15.279543571437042 -14.671877291299626 -14.611044372280446 -15.724290064123014 -15.57120248529884 -12.800705782704302 -12.206803617757647 -8.058705208918852 -10.299285009558403 -8.362384646758997 -14.134147244306174 -12.887910043722165 -15.860339102628 -15.058383657815863 -12.27660946769798 -14.204531858516239 -13.393045336776908 -15.27311793097656 -14.663043115243664 -11.410852997855194 -15.61773671715331 -14.05292160925427 -14.973412051994455 -15.900718039883085 -15.924410992112978 -15.73004457978614 -14.820739657578041
2.0440881763527052 -13.446832307333683 -15.226711986487604 -14.594853779876562 -14.539890549137002 -15.695890641714918 -15.533226136565492 -12.6659606975612 -12.023313843737107 -7.763454284965568 -10.096714963915918 -8.150304559044294 -14.036871690137637 -12.756733088163909 -15.814621595072229 -14.989137937543006 -12.101208031526848 -14.110059316992947 -13.274041619325434 -15.219631071079931 -14.585298764345254 -11.231710341976626 -15.582538474487606 -13.958086423787854 -14.909194178754355 -15.906543126336437 -15.91471006279761 -15.74621011976946 -14.761390641765182
2.1042084168336674 -13.328695541722233 -15.170238786055883 -14.513821899853117 -14.465222436905538 -15.664273644686286 -15.491855584586709 -12.526344249414578 -11.834252907535436 -7.461537598292732 -9.890969752855625 -7.936493845239493 -13.935216555745946 -12.620827365320903 -15.765393523736694 -14.916087975808392 -11.920316438353062 -14.011311829795082 -13.150460688165744 -15.162491560038482 -14.503512255610023 -11.046984381847125 -15.544013184402221 -13.859192470649155 -14.841277343196175 -15.909843825700328 -15.902165729549083 -15.760072105026575 -14.69886777169977
2.164328657314629 -13.206081459440266 -15.110166934510705 -14.428815574560652 -14.38708525790295 -15.62949237098703 -15.447139662831422 -12.381865211809579 -11.639606670819305 -7.15291390506714 -9.682147138534667 -7.721000790877483 -13.829204539152801 -12.480208091220057 -15.712701391895234 -14.839275682292953 -11.733923526052063 -13.90831660209759 -13.02232003313799 -15.101742108895753 -14.417716195092787 -10.856660736723818 -15.502211953136769 -13.756273054051249 -14.769705668640949 -15.91069262325291 -15.88684138790235 -15.771709986903113 -14.633224791158082
2.224448897795591 -13.078914974750635 -15.046473844337491 -14.339791463626135 -14.305450662103567 -15.591546490699919 -15.399068874448378 -12.23242705396369 -11.439232044987477 -6.837361586429618 -9.470208956910131 -7.503727930568743 -13.718770992535767 -12.33478733506406 -15.656529670031187 -14.75866990212672 -11.541893040937492 -13.801015155625807 -12.889539625499395 -15.037359559252916 -14.32786548897349 -10.66059798787741 -15.457129004400603 -13.649276117403186 -14.694452641929843 -15.90912532789083 -15.868756058024243 -15.781171730308133 -14.564447988831049
2.284569138276553 -12.947213048466555 -14.979195026453382 -14.246777863900597 -14.220358574161107 -15.550480074494555 -15.347683487133512 -12.078037060506663 -11.233116890334003 -6.5148539254592945 -9.255253702553201 -7.28471128143012 -13.6039341027852 -12.184579226054101 -15.596916969912915 -14.674307017703107 -11.344215195237528 -13.68943045301794 -12.752134479473227 -14.96937922021031 -14.233987047096086 -10.458783221797656 -15.408806821001715 -13.538231231686932 -14.615556393023326 -15.905202980837224 -15.847962690999271 -15.788524783965732 -14.492585361760746
2.344689378757515 -12.810932667853159 -14.908324055741762 -14.14975394791325 -14.131802196251737 -15.506302591913848 -15.292986266917215 -11.918636127086597 -11.021168097386784 -6.1852526352024055 -9.037292185449317 -7.063891065419753 -13.484656650999735 -12.029532988652218 -15.53386215066163 -14.586177032220935 -11.140801610658883 -13.573531189014004 -12.610058038101783 -14.897794270689548 -14.136058358902392 -10.25112369719416 -15.357251309907411 -13.423113972931304 -14.53301012960699 -15.89896250041798 -15.82448535706245 -15.793815705769665 -14.417642034664286
2.4048096192384767 -12.67000388572292 -14.833834560319943 -14.048676147285573 -14.039753414258485 -15.459006477206962 -15.234961774156552 -11.75413561596929 -10.803257276264784 -5.848374109752881 -8.816296392422558 -6.841163019198614 -13.360876046405174 -11.869569196206648 -15.467345024773238 -14.494248589277625 -10.931529538878479 -13.4532613498291 -12.463236186078461 -14.822577867739728 -14.034033998579236 -10.037491730650032 -15.302450605902411 -13.303875590650911 -14.446786238872296 -15.890428079508641 -15.798333441177324 -15.7970797025302 -14.339603568094414
2.464929859719439 -12.524419474021524 -14.755739679042872 -13.943549702334543 -13.944230148684795 -15.40861421013691 -15.173628328551061 -11.584517742788691 -10.579345411487218 -5.504168179527567 -8.592323963936206 -6.6165040681254474 -13.232586208134435 -11.704678092141116 -15.397382187463215 -14.398536363253342 -10.716362604441116 -13.32862049957315 -12.311659583342855 -14.743742935113282 -13.927917607737115 -9.817847427145523 -15.244425569797357 -13.180522764108407 -14.356901066112204 -15.879640601131314 -15.769539090418903 -15.798364666638205 -14.258496910628917
2.5250501002004007 -12.37414986641367 -14.674036072898122 -13.834361058908975 -13.845232397641922 -15.35513416994501 -15.10898919817441 -11.409740270829076 -10.34936420443616 -5.152547163654478 -8.365395179835087 -6.389848673309956 -13.099760094363148 -11.534826204794232 -15.323974494906285 -14.299037397152087 -10.495235955771378 -13.199587803762645 -12.155296034097347 -14.661285858107416 -13.817693895374035 -9.592121954155441 -15.18318236952421 -13.053041896333681 -14.26335371337549 -15.866630290106794 -15.738122237199761 -15.797708928988675 -14.17433245109823
2.5851703406813624 -12.219108302305344 -14.58868097605464 -13.72105013426168 -13.742716546452094 -15.29854263889641 -15.041012636136077 -11.229697345009903 -10.113167284671398 -4.793316470746929 -8.135445941886665 -6.161043526769742 -12.962317792660969 -11.359918131083212 -15.247085579812005 -14.195705150774646 -10.268009002800966 -13.066090848174026 -11.994054569445662 -14.575163403066487 -13.703300703222698 -9.36016944628772 -15.11869313343512 -12.92136834190691 -14.166101128426316 -15.851405891519562 -15.704076512659224 -15.795132638919023 -14.08708103174396
2.6452905811623246 -12.059299831416066 -14.499690954355806 -13.603629232137742 -13.636706557244356 -15.238861832773445 -14.969718112569552 -11.044386513992148 -9.870737703822865 -4.426471049687904 -7.902530637377776 -5.9300507704067265 -12.820262814766263 -11.179959891974857 -15.166734512633433 -14.088561261436833 -10.034666447705966 -12.928139118213194 -11.82793892219145 -14.485392029330129 -13.5847486945889 -9.121971433114524 -15.050979678228842 -12.785518589196752 -14.065165471734886 -15.834002906046965 -15.667431039743853 -15.79067689184832 -13.996774167371964
2.7054108216432864 -11.894688022739572 -14.407053859279593 -13.482076864137245 -13.527194466678658 -15.176090472053776 -14.89509952513922 -10.853759282221695 -9.622002059346464 -4.051929333669249 -7.666637584584937 -5.696764741032098 -12.673560329549158 -10.994912734008548 -15.082913228093766 -13.9775957633404 -9.79513826275949 -12.78570473940398 -11.656910216246725 -14.391959346519698 -13.462014494393468 -8.87745378615767 -14.980038961189237 -12.645471979499678 -13.960538245816494 -15.81444083920038 -15.628195552130109 -15.784369118687172 -13.903414320518444
2.7655310621242486 -11.725266424564396 -14.310776272928223 -13.356394836724306 -13.414193608731768 -15.110241291436388 -14.817166644310333 -10.657801223137177 -9.366929973852134 -3.6696750552316564 -7.427785220684839 -5.46110880124408 -12.522202602326466 -10.804771437934257 -14.995631042858914 -13.862820705577523 -9.549396095517839 -12.638786538035054 -11.48096056652733 -14.294871824804307 -13.335098158527998 -8.626584769214052 -14.905883315646307 -12.501234037177937 -13.852231794585546 -15.792746375374037 -15.586390095894682 -15.776241866746846 -13.807022811115797
2.8256513026052104 -11.55098743567633 -14.210836468810495 -13.226551535785411 -13.297685933192618 -15.041303999242555 -14.7359041051471 -10.456452148190102 -9.105434810296043 -3.279616008609259 -7.1859272863601475 -5.222942565398675 -12.366143860156146 -10.609486367411666 -14.904870569134207 -13.744216998052245 -9.297357073957137 -12.4873463493709 -11.300039803503186 -14.194107489785655 -13.203966061478702 -8.369277171810054 -14.828500678817989 -12.352773557643637 -13.740228255739222 -15.768930800457529 -15.542015869895849 -15.766314655964402 -13.707592552937449
2.885771543086172 -11.371843999542097 -14.107238690042792 -13.092547229645906 -13.177682512311222 -14.96928814509694 -14.651318806465525 -10.249697763772804 -8.83748748947264 -2.881745606536728 -6.94106065922691 -4.982169586609388 -12.205375231314132 -10.409052938974991 -14.810638619236329 -13.621795625717887 -9.038994137941298 -12.33138229491727 -11.114139616114862 -14.089670504817331 -13.068616664738713 -8.105500567365365 -14.747900575608242 -12.200094831761046 -13.624538332559641 -15.743016294468163 -15.495089071604298 -15.754615172317761 -13.605142325310062
2.9458917835671343 -11.187813094412302 -13.999975769603026 -12.954369002467843 -13.054181739969213 -14.894193691859616 -14.563407325385924 -10.0375062394546 -8.563037603244759 -2.4760307734693425 -6.6931509995000305 -4.738664765877537 -12.039872979583041 -10.20344969979789 -14.712931175663428 -13.495555429245194 -8.774259604094478 -12.170878176642892 -10.923235336577672 -13.981553580002846 -12.929035131188016 -7.8352035437815815 -14.664082520521937 -12.043187686902321 -13.505160747907325 -15.71501802258069 -15.445617745563158 -15.741164890880269 -13.49967930298643
3.006012024048096 -10.99886593208037 -13.889035963473209 -12.811998940768614 -12.927176966102714 -14.816016455873573 -14.472161908549896 -9.819839627943516 -8.282027548067319 -2.0624320952531 -6.442147221958852 -4.492289510955562 -11.86960786679591 -9.992649495452714 -14.611739814134676 -13.365490812383165 -8.50309887696816 -12.005812653721451 -10.727296440292982 -13.869744842969496 -12.785201566085913 -7.558327646568781 -14.577041842165972 -11.882036532084044 -13.382089639564025 -15.684947559927057 -15.393606128803086 -15.725981878056706 -13.391205948888771
3.066132264529058 -10.805034615937572 -13.774447384630832 -12.665467529040413 -12.796705346670105 -14.734783181030906 -14.377609283884993 -9.596728751809788 -7.994485488359366 -1.6410343468366255 -6.188065851411739 -4.24297537477543 -11.694606549270087 -9.776692336970982 -14.507093346631265 -13.231641574595383 -8.225540623233282 -11.836219121144643 -10.526355199905346 -13.75427252129441 -12.637144844454209 -7.274899205754721 -14.486807283795642 -11.716678997345014 -13.255362377339761 -15.652834165736738 -15.339082224850653 -15.70909777914389 -13.279763516587995
3.12625250501002 -10.606305891518844 -13.656207443195498 -12.514768713956084 -12.662769842376296 -14.650495954813394 -14.279749105313417 -9.36815384499922 -7.700377038959019 -1.2118373835927292 -5.930857062353105 -3.990592716809583 -11.51485391560578 -9.555569141061046 -14.398991713518445 -13.09401356912317 -7.941552972373291 -11.66209040476639 -10.320397239961387 -13.635133985751757 -12.484857015644266 -6.984882937691008 -14.393381364441655 -11.547112336751653 -13.124983402751074 -15.61869115450676 -15.282054165832388 -15.690530971049606 -13.165362490067256
3.186372745490982 -10.402687039133909 -13.5343267284048 -12.359912655821006 -12.525387613637431 -14.563166844544 -14.178592276785729 -9.134118562393969 -7.399697157623475 -0.7748854141997645 -5.670489352784429 -3.735034421539648 -11.33035372517772 -9.329293784487 -14.287447112778697 -12.952627971838783 -7.651132637818911 -11.483437929010963 -10.109429404054406 -13.512339877931616 -12.328346472047933 -6.6882726849345 -14.29677751615868 -11.373351451329299 -12.990971510592022 -15.582536945306003 -15.222537461784249 -15.670303398062424 -13.048025744495106
3.2464929859719436 -10.194239223907982 -13.40885136338473 -12.20095252738993 -12.384614179313989 -14.47283555989042 -14.074180501818478 -8.894687498566391 -7.09251669647136 -0.33033126594185713 -5.406990301580645 -3.4762562493133795 -11.141159495646164 -9.097939442332258 -14.172504937681964 -12.807546136063898 -7.354350106145173 -11.300321730081409 -9.893514099623246 -13.385936588837257 -12.167664999800163 -6.385137485400314 -14.197038990251816 -11.19545805010997 -12.853383691922655 -15.544405676871676 -15.160568840028148 -15.648448966431976 -12.927809877493512
3.306613226452906 -9.980916896212086 -13.279755981118235 -12.037855869511667 -12.240426463014309 -14.379485114912107 -13.966492857725008 -8.649805603207518 -6.7787580932832725 0.1218768219519335 -5.140251631984771 -3.2140850184452527 -10.947226366788449 -8.861463176943158 -14.05414354795899 -12.65874987435912 -7.0511320490926295 -11.112706224129168 -9.672603878800938 -13.255898636152352 -12.002778031823116 -6.075399895374574 -14.094148443166752 -11.013399733600995 -12.712200243637 -15.504296544573744 -15.096140207247686 -15.624973369665243 -12.804701505435023
3.3667334669338675 -9.762837841110024 -13.147123917778938 -11.870721051519695 -12.092919317060726 -14.28318392594706 -13.855603164903751 -8.399601850634461 -6.458572480253029 0.5814700061277884 -4.87035905518141 -2.9485433995273556 -10.748660397901546 -8.62000072463719 -13.93244303169211 -12.506342756828445 -6.741627182749756 -10.920702834560457 -9.446819580170676 -13.122309863130948 -11.833783000472469 -5.7592087725856445 -13.988180214977533 -10.827286802182297 -12.567517940844137 -15.462259230542706 -15.02930996237417 -15.599921822500756 -12.678791408438368
