web/models/mosfit_kne/mosfit_kn_1.0000/mosfit_kn_0.406447_0.4060_1.0000.dat
# %ECSV 1.0
# ---
# datatype:
# - {name: time, datatype: float64}
# - {name: PS1_g, datatype: float64}
# - {name: PS1_i, datatype: float64}
# - {name: PS1_r, datatype: float64}
# - {name: PS1_w, datatype: float64}
# - {name: PS1_y, datatype: float64}
# - {name: PS1_z, datatype: float64}
# - {name: swift_uvot_B, datatype: float64}
# - {name: swift_uvot_U, datatype: float64}
# - {name: swift_uvot_uvm2, datatype: float64}
# - {name: swift_uvot_uvw1, datatype: float64}
# - {name: swift_uvot_uvw2, datatype: float64}
# - {name: swift_uvot_V, datatype: float64}
# - {name: johnson_B, datatype: float64}
# - {name: johnson_I, datatype: float64}
# - {name: johnson_R, datatype: float64}
# - {name: johnson_U, datatype: float64}
# - {name: johnson_V, datatype: float64}
# - {name: sdss_g, datatype: float64}
# - {name: sdss_i, datatype: float64}
# - {name: sdss_r, datatype: float64}
# - {name: sdss_u, datatype: float64}
# - {name: sdss_z, datatype: float64}
# - {name: ATLAS_c, datatype: float64}
# - {name: ATLAS_o, datatype: float64}
# - {name: ukirt_H, datatype: float64}
# - {name: ukirt_J, datatype: float64}
# - {name: ukirt_K, datatype: float64}
# - {name: Clear, datatype: float64}
# meta: !!omap
# - comment: [kappa = 1.0, type = rprocess, mass = 0.4064473885499596, velocity = 0.406, theta_obs = 0.0, tfloor = 1000.0]
# schema: astropy-2.0
time PS1_g PS1_i PS1_r PS1_w PS1_y PS1_z swift_uvot_B swift_uvot_U swift_uvot_uvm2 swift_uvot_uvw1 swift_uvot_uvw2 swift_uvot_V johnson_B johnson_I johnson_R johnson_U johnson_V sdss_g sdss_i sdss_r sdss_u sdss_z ATLAS_c ATLAS_o ukirt_H ukirt_J ukirt_K Clear
[from data line 226]
13.647294589178356 -11.051532780907767 -15.167144740528755 -13.595277878400687 -14.001684414513544 -16.616518656129884 -16.062473975621003 -9.409352852278563 -6.864793872997641 1.322981539503851 -5.7937357032722225 -3.893019155302951 -12.198351910455624 -9.713474922850839 -16.047663292640728 -14.36622567424622 -7.2391111572827 -12.433074604764796 -10.669305424416695 -15.134143736172607 -13.540649619152845 -6.196586719883257 -16.239454985251793 -12.399006244329982 -14.493011586632765 -18.269265030482146 -17.619710514119316 -18.556506537277922 -14.780520028461144
13.707414829659317 -10.87391914584872 -15.050928780062698 -13.454258285843768 -13.877298090888477 -16.526767661354338 -15.961988910809524 -9.208031091586257 -6.612424920761679 1.667850651582154 -5.590566173047211 -3.6901050181787762 -12.033800549839821 -9.519911209799442 -15.939566157901545 -14.237336196937076 -6.994419369985245 -12.274330076253166 -10.48611576398974 -15.017242224042633 -13.398004687585185 -5.946622459595083 -16.142885618897314 -12.245856538954385 -14.369544085145147 -18.219950524591116 -17.55189591591895 -18.52006149425653 -14.672950284436226
13.76753507014028 -10.70116135795173 -14.937910960510425 -13.317108696899496 -13.756486181951733 -16.43952010027503 -15.864281480252771 -9.01216725898487 -6.36683551377736 2.0028524376773733 -5.393561751433413 -3.493108956782297 -11.87368999030917 -9.331704285522559 -15.834465809653661 -14.112105041998301 -6.756305950563412 -12.119952377699777 -10.307930457757237 -14.903557862039296 -13.259253449002859 -5.703346510865224 -16.04901638341417 -12.096997433041778 -14.249569301677791 -18.17213626842214 -17.486040118698796 -18.48481122367367 -14.568586735961109
13.827655310621243 -10.538737992995717 -14.831781348577806 -13.188241691049711 -13.643149472984355 -16.357691342252725 -15.772582456475366 -8.827937359599584 -6.135697463889009 2.3177101728568745 -5.208829053869017 -3.308166288489008 -11.723128930053967 -9.154787248840414 -15.735812876109751 -13.994573679128283 -6.532218812375678 -11.97486852546218 -10.140390934288526 -14.796800652967654 -13.1288590952264 -5.474365638746956 -15.960959669716832 -11.957178415866991 -14.136972581112062 -18.127544071531606 -17.42441122459807 -18.45209533584956 -14.470825995902654
13.887775551102203 -10.337949597674303 -14.699779463457006 -13.028459953133975 -13.502517827669465 -16.255404900341226 -15.658217561388703 -8.60046034573519 -5.850835168271242 2.7041647862190006 -4.981463752985942 -3.0802563683516158 -11.536763735698809 -8.936374413384204 -15.61296766846229 -13.848781417349311 -6.255981249777662 -11.795295327855937 -9.933348856941642 -14.664032604630126 -12.967187417045327 -5.1921104312274835 -15.851079096263785 -11.784119512436444 -13.997184108617322 -18.07085799186156 -17.346861733927632 -18.40996894522854 -14.34932633190936
13.947895791583166 -10.137950121527854 -14.568232169385524 -12.869272061030586 -13.362571005349224 -16.153451297845116 -15.544225253726793 -8.373856682808071 -5.567051830442651 3.088273472067688 -4.755734861617693 -2.8536701494288716 -11.351040665493734 -8.71893084979066 -15.490554963803042 -13.703666170188146 -5.980791673564109 -11.616440107321269 -9.727123923729728 -14.531723714894742 -12.806093177857036 -4.910891464689442 -15.741586211937495 -11.611830937607515 -13.858013349850022 -18.014389692617737 -17.26958285359416 -18.368040503995694 -14.228525520902604
14.008016032064127 -9.96590353768477 -14.455436323878494 -12.732554894155186 -13.242652620958122 -16.066288549441232 -15.446627145196246 -8.178746744321359 -5.3223894615247325 3.4191516445197374 -4.56197481467262 -2.6589136427654334 -11.191290865687257 -8.53186219139332 -15.385683668328014 -13.579251907721954 -5.74357753131266 -11.462723018944006 -9.54968710706563 -14.418269383091964 -12.66770548967978 -4.668425703010772 -15.647912502879517 -11.463861814620877 -13.73871880955054 -17.966681597089874 -17.20382369058642 -18.332957822054944 -14.125264517789695
14.06813627254509 -9.8038960565923 -14.349345711872186 -12.603892456925472 -13.129963220402221 -15.984402926605554 -15.354880909371307 -7.994944425595945 -5.0917728377605265 3.7306018801876357 -4.379934273428674 -2.475716134356037 -11.040837669035579 -8.355744215707318 -15.287086738258655 -13.462304011066 -5.519998908779559 -11.318038308368441 -9.382591423961522 -14.311558004607381 -12.537449290379925 -4.439863362309602 -15.55989527210798 -11.32465326778485 -13.626579561068901 -17.92209995949033 -17.142175401974296 -18.3003244804693 -14.028366657246387
14.128256513026052 -9.591745428893468 -14.209407913463039 -12.434810138603698 -12.981676091188543 -15.875743694607749 -15.233469912217963 -7.754606588611753 -4.790905793840743 4.135097247985848 -4.142549784774374 -2.2365265154118883 -10.843537307911639 -8.12546706967224 -15.15684786681626 -13.308499620393459 -5.228234637376438 -11.128296022873341 -9.163868075744581 -14.170819552743854 -12.366284196649229 -4.1416236747556034 -15.443336645376782 -11.142053096701723 -13.478950531709994 -17.86171335582116 -17.059704849146318 -18.255414960730253 -13.900574518165332
14.188376753507013 -9.380377449434008 -14.06992058496261 -12.266318933940923 -12.834066170447826 -15.767411774354265 -15.112425800322455 -7.515137052244195 -4.491105458978186 4.537196467542228 -3.9067536412649946 -1.9985859740631038 -10.646873111956598 -7.896164704026138 -15.027038464538524 -13.155383423198003 -4.937511604539761 -10.939277013431939 -8.945955948601885 -14.030536475643096 -12.195692599810766 -3.844411468859388 -15.327163678743432 -10.96021684962766 -13.331940548295336 -17.80153770667233 -16.97749972890705 -18.210696101482547 -13.773477149454365
14.248496993987976 -9.193101009209013 -13.946609073085945 -12.117203460177741 -12.703680445642824 -15.671841212154813 -15.005527328443993 -7.302818059528074 -4.2250326020644735 4.8935890349734885 -3.69829817223799 -1.7879314147244716 -10.472617074932995 -7.693020947845341 -14.912358683043305 -13.020090286777315 -4.679531125723965 -10.771926881780105 -8.75285479402498 -13.906517935929621 -12.044685461246765 -3.5806202700428713 -15.224634498607408 -10.799315958961415 -13.202045364548383 -17.748906443998532 -16.905226809765566 -18.171861021164638 -13.661437575218613
14.308617234468937 -9.008798639699336 -13.825243409364631 -11.970454400949055 -12.575492227917948 -15.577784928394927 -14.900311197705314 -7.093844060162332 -3.9631075936706317 5.243728042762929 -3.493655063470484 -1.5808581251077878 -10.30106808630687 -7.493191649596213 -14.799503770976738 -12.887070519482553 -4.425582724962595 -10.607267441653237 -8.562820356434333 -13.784457668993149 -11.896054612973419 -3.3209216529417596 -15.123749285048405 -10.64105128363467 -13.074302430544993 -17.69717624140142 -16.834136812029126 -18.133742409508088 -13.551384489677236
14.3687374749499 -8.779727898015608 -13.673599175464322 -11.78759110454191 -12.415637625268943 -15.459755939945019 -14.76853440793068 -6.834380073874629 -3.6384188522893623 5.676054367275982 -3.2402171326540237 -1.324069495476404 -10.087610094445669 -7.245136235645443 -14.658353597919753 -12.721273113731463 -4.110727604908401 -10.402414394403523 -8.326696724588487 -13.631960435307224 -11.710848655858914 -2.998948142937863 -14.997343983087479 -10.444127209011462 -12.914948048462325 -17.631319852463317 -16.744418974140753 -18.084680589859406 -13.413952842523429
14.428857715430862 -8.571008221681744 -13.535618609360789 -11.621096334005152 -12.270327620866563 -15.352504028267031 -14.648704560606216 -6.597853706448077 -3.342221680325146 6.069742955022794 -3.009848635183871 -1.0902933253752276 -9.893082299916706 -7.01918525541512 -14.529983467939964 -12.570539665708164 -3.8235356250094843 -10.215873364816408 -8.111532424274355 -13.4932020887058 -11.542187226392997 -2.705210316155462 -14.88246372497267 -10.264885185152597 -12.770052282271944 -17.57182972755547 -16.663086995789147 -18.040580569874983 -13.289236191581821
14.488977955911823 -8.383420204273797 -13.411846289268876 -11.471607817967655 -12.140080253402186 -15.256465799977779 -14.54130540603117 -6.385150140248693 -3.0756226144518273 6.423600531147124 -2.8032184462518646 -0.8803068989928273 -9.718239260127223 -6.816146121950876 -14.414899396558749 -12.435408602342807 -3.565078377178257 -10.048338161669504 -7.918129961825429 -13.36872944113317 -11.39072279180727 -2.44081361670748 -14.779564270018817 -10.103975619833694 -12.64014600131615 -17.51895457531885 -16.59047508921475 -18.0016259211051 -13.177653173582087
14.549098196392785 -8.201082697986415 -13.29156604573706 -11.326326855757394 -12.013625008565754 -15.163166519152966 -14.436945776479302 -6.178362511454561 -2.8163659256991735 6.76708714172072 -2.602795361393699 -0.6763650379319794 -9.548244025351107 -6.618868977076055 -14.303084550479152 -12.304215584257332 -3.3137562258273268 -9.885543129340418 -7.730137843326652 -13.247769430801135 -11.243501188332488 -2.183684819797147 -14.679611852450325 -9.947657690352543 -12.513994737829162 -17.467696141572336 -16.51999509933928 -17.96393685590475 -13.069425687523442
14.609218436873746 -7.963270838208718 -13.133732596863652 -11.136283267093567 -11.848005694274146 -15.04012081219992 -14.299627956414902 -5.909002479850268 -2.4792998479240147 7.211807523262618 -2.3422861367096988 -0.41095266469588365 -9.326265513700076 -6.361928456653349 -14.156184949083912 -12.132511523369331 -2.9869419153568555 -9.672980803029974 -7.485038059351421 -13.089061827363597 -11.05092899765003 -1.8493426019118253 -14.548019910816432 -9.74348756465334 -12.348729733351025 -17.398926839317014 -16.426413222599905 -17.912701354907124 -12.927409525510694
14.669338677354709 -7.725851466850777 -12.976087137699412 -10.946522136895407 -11.682782374249374 -14.917189909096251 -14.162442062530047 -5.640075572882771 -2.1427456002031064 7.654741863367744 -2.082893523490998 -0.14625986378757316 -9.104559004877306 -6.105570600227445 -14.009471705357878 -11.961248281682064 -2.660643460351413 -9.460820154602521 -7.240349255124379 -12.930546697605738 -10.858615259568154 -1.5154862550672377 -14.416596933759944 -9.539741928263084 -12.183821050980459 -17.330236671154108 -16.33293067716684 -17.861549933166835 -12.785852334079202
14.729458917835672 -7.514564305319471 -12.836045747356621 -10.777808969986058 -11.536127517540695 -14.808164250370304 -14.040669400570263 -5.400616860671735 -1.842810083214452 8.048851880613888 -1.8525283999951543 0.0891813166062474 -8.907239213348152 -5.877489345201855 -13.87921575495562 -11.80922850051002 -2.3698939261482654 -9.272155885235234 -7.0225698881349 -12.789730591012471 -10.687597014108103 -1.2179457311324526 -14.300014870976092 -9.358625474766615 -12.037417177466505 -17.269737456485036 -16.250254496431715 -17.816755133523486 -12.660436207176708
14.789579158316633 -7.327011871561631 -12.71200532787498 -10.62821780814831 -11.406311021015956 -14.711781846667566 -13.932911324519033 -5.18792630471535 -1.576145072404813 8.39881420217473 -1.6483921891942184 0.2981123874447502 -8.732087028552861 -5.6750614478727215 -13.763915776605746 -11.67465600403003 -2.111439642265218 -9.104823427415097 -6.829230217179205 -12.665001190444887 -10.535931099931197 -0.9534053229584138 -14.196918856920586 -9.198043693898192 -11.90780243667243 -17.216678942839533 -16.17739959237115 -17.777727620969262 -12.54963348452355
14.849699398797595 -7.075105626458402 -12.544351707422763 -10.42668257358283 -11.23116422750158 -14.580830420360922 -13.786851826461657 -4.902638558973421 -1.2191667976281904 8.865352616462193 -1.375086359045063 0.5781672406875384 -8.49655830184804 -5.403561486213068 -13.60788160729981 -11.493243322107276 -1.7653863156882221 -8.879819313322058 -6.56964742295834 -12.496436069507908 -10.331615059711279 -0.5992319335787855 -14.057094784857078 -8.982021817895145 -11.732893967545408 -17.143291008648124 -16.077713187816478 -17.722996746930303 -12.399825163499631
14.909819639278556 -6.823448871767237 -12.376790475778296 -10.2253181441999 -11.05631069912409 -14.449915504364093 -13.640837586767152 -4.617625466813787 -0.8624953621437113 9.330329082387859 -1.1027338691812356 0.8576925471570687 -8.26116875112546 -5.132506595035199 -13.45194587685911 -11.312190049299666 -1.4196581306904688 -8.655107115973804 -6.310329373759345 -12.327967960597217 -10.127443083935539 -0.24534666060645804 -13.917362406435938 -8.766299736143193 -11.55824800171592 -17.06993310037848 -15.978065224019016 -17.668309489102892 -12.250392348123995
14.969939879759519 -6.5897874405130175 -12.221345859293056 -10.038447389242098 -10.894246121320652 -14.328565565643796 -13.505426908249234 -4.35290792601296 -0.5310386712612389 9.76159446383194 -0.8504023309090765 1.1170815637648848 -8.042567990687772 -4.880945968479406 -13.307338568688689 -11.1444127575055 -1.098415530070913 -8.446592184200233 -6.069543321057047 -12.17168258611089 -9.937932898942794 0.0835289750126833 -13.787846679342888 -8.566162847243142 -11.396352002417789 -17.002203941945893 -15.88584907930926 -17.617987575607273 -12.112085807687976
15.03006012024048 -6.389341861617197 -12.088345424208047 -9.878359803234655 -10.755659673113929 -14.224971485554327 -13.389695702258102 -4.125659922911185 -0.24617350576230357 10.131820052553199 -0.6342943994248702 1.3395698577014916 -7.8550568505569744 -4.665176924562132 -13.18370166672062 -11.000945118181964 -0.8223863389837515 -8.267897945653873 -5.862955340234475 -12.037959359104331 -9.775547944741216 0.3661753044317173 -13.677239123380804 -8.394701536859213 -11.25789381660578 -16.94491159150521 -15.807416274591457 -17.575736406450503 -11.99407280456196
15.090180360721442 -6.134488653949646 -11.918417079737935 -9.674339104463083 -10.578854136540041 -14.092078987163497 -13.241504121000904 -3.8370288615075685 0.11509731549146829 10.599665928128324 -0.3602802829852787 1.622000810323311 -7.6164236131138034 -4.391174837560644 -13.02558787627386 -10.818056459321436 -0.4722800898249101 -8.040525037987932 -5.600369437707684 -11.867123864452687 -9.56860671177445 0.7246595643667675 -13.535552609984318 -8.17644237852912 -11.081229543130924 -16.870404098427546 -15.706257011474456 -17.520207916632376 -11.84328605245815
15.150300601202405 -5.866473565297383 -11.73949461979193 -9.45966945950902 -10.392899054085749 -13.952018607681467 -13.08537473863943 -3.5335452809233834 0.4948921346060511 11.090201220531736 -0.07281828945997004 1.9187443809181528 -7.365347084059207 -4.103246029988718 -12.859088450442322 -10.625800251309744 -0.10424520285711159 -7.801451436756801 -5.324244427259952 -11.687253408031228 -9.350840534656708 1.1015379201248976 -13.386311847769896 -7.946931010377494 -10.895401089996515 -16.791690384282912 -15.599546622019123 -17.461450277526357 -11.68476046811504
15.210420841683366 -5.604430352392313 -11.56454985957641 -9.249796101875685 -10.211253621636516 -13.815073372389204 -12.93270181460958 -3.236796775799223 0.866348000967019 11.568890531572894 0.20760677399993144 2.208682551471736 -7.119789256036662 -3.821907888000759 -12.696316593007381 -10.438079399715356 0.2556657383877404 -7.567816161019231 -5.054275385405909 -11.511385630382165 -9.137908248635398 1.4701473815356003 -13.240437202116286 -7.722638599873584 -10.713860792060004 -16.714810516378314 -15.4952620447121 -17.404123128762162 -11.530060972193432
