web/models/kne.last_good/4/villar_0.3304_0.3590_10.0000.dat
# %ECSV 1.0
# ---
# datatype:
# - {name: time, datatype: float64}
# - {name: swift_uvot_uvw2, datatype: float64}
# - {name: swift_uvot_uvm2, datatype: float64}
# - {name: swift_uvot_uvw1, datatype: float64}
# - {name: swift_uvot_U, datatype: float64}
# - {name: swift_uvot_B, datatype: float64}
# - {name: swift_uvot_V, datatype: float64}
# - {name: swift_uvot_W, datatype: float64}
# - {name: johnson_U, datatype: float64}
# - {name: johnson_B, datatype: float64}
# - {name: johnson_V, datatype: float64}
# - {name: johnson_R, datatype: float64}
# - {name: johnson_I, datatype: float64}
# - {name: sdss_u, datatype: float64}
# - {name: sdss_g, datatype: float64}
# - {name: sdss_r, datatype: float64}
# - {name: sdss_i, datatype: float64}
# - {name: sdss_z, datatype: float64}
# - {name: PS1_g, datatype: float64}
# - {name: PS1_r, datatype: float64}
# - {name: PS1_i, datatype: float64}
# - {name: PS1_z, datatype: float64}
# - {name: PS1_Y, datatype: float64}
# - {name: PS1_w, datatype: float64}
# - {name: ATLAS_c, datatype: float64}
# - {name: ATLAS_o, datatype: float64}
# - {name: ukirt_J, datatype: float64}
# - {name: ukirt_H, datatype: float64}
# - {name: ukirt_K, datatype: float64}
# - {name: Clear, datatype: float64}
# meta: !!omap
# - comment: [kappa = 10.0, type = villar, mass = 0.33039895931513485, velocity = 0.359, theta_obs = 0.0, tfloor = 2500.0]
# schema: astropy-2.0
time swift_uvot_uvw2 swift_uvot_uvm2 swift_uvot_uvw1 swift_uvot_U swift_uvot_B swift_uvot_V swift_uvot_W johnson_U johnson_B johnson_V johnson_R johnson_I sdss_u sdss_g sdss_r sdss_i sdss_z PS1_g PS1_r PS1_i PS1_z PS1_Y PS1_w ATLAS_c ATLAS_o ukirt_J ukirt_H ukirt_K Clear
[from data line 68]
0.007585 -19.147 -16.238 -15.221 -14.51 -14.022 -13.536 -15.085 -14.435 -14.018 -13.525 -13.063 -12.543 -14.446 -13.866 -13.264 -12.846 -12.466 -16.27 -16.035 -16.028 -16.413 -17.385 -13.361 -13.633 -13.096 -11.728 -11.145 -10.483 -13.471
0.007814 -19.134 -16.248 -15.258 -14.547 -14.059 -13.574 -15.122 -14.472 -14.055 -13.562 -13.1 -12.581 -14.484 -13.904 -13.302 -12.884 -12.503 -16.26 -16.024 -16.015 -16.399 -17.37 -13.399 -13.67 -13.133 -11.766 -11.183 -10.521 -13.508
0.00805 -19.121 -16.259 -15.295 -14.584 -14.096 -13.611 -15.159 -14.509 -14.093 -13.6 -13.138 -12.618 -14.521 -13.941 -13.339 -12.921 -12.541 -16.251 -16.013 -16.003 -16.386 -17.356 -13.436 -13.708 -13.171 -11.803 -11.221 -10.559 -13.546
0.008294 -19.108 -16.27 -15.331 -14.621 -14.134 -13.649 -15.195 -14.546 -14.13 -13.637 -13.176 -12.656 -14.558 -13.978 -13.377 -12.959 -12.579 -16.242 -16.003 -15.991 -16.372 -17.341 -13.474 -13.745 -13.208 -11.841 -11.259 -10.597 -13.583
0.008545 -19.095 -16.282 -15.368 -14.658 -14.171 -13.686 -15.232 -14.583 -14.167 -13.675 -13.213 -12.694 -14.595 -14.016 -13.414 -12.997 -12.616 -16.233 -15.992 -15.979 -16.359 -17.326 -13.511 -13.782 -13.246 -11.879 -11.297 -10.635 -13.62
0.008803 -19.082 -16.294 -15.405 -14.695 -14.208 -13.724 -15.269 -14.62 -14.204 -13.712 -13.251 -12.731 -14.632 -14.053 -13.452 -13.034 -12.654 -16.224 -15.982 -15.967 -16.346 -17.312 -13.549 -13.82 -13.284 -11.917 -11.334 -10.673 -13.658
0.009069 -19.07 -16.307 -15.441 -14.732 -14.245 -13.761 -15.305 -14.657 -14.242 -13.749 -13.288 -12.769 -14.669 -14.09 -13.489 -13.072 -12.692 -16.216 -15.972 -15.956 -16.332 -17.297 -13.586 -13.857 -13.321 -11.955 -11.372 -10.711 -13.695
0.009344 -19.057 -16.32 -15.478 -14.77 -14.283 -13.799 -15.342 -14.695 -14.279 -13.787 -13.326 -12.807 -14.706 -14.128 -13.527 -13.11 -12.73 -16.208 -15.963 -15.945 -16.319 -17.283 -13.624 -13.895 -13.359 -11.993 -11.41 -10.748 -13.733
0.009626 -19.045 -16.334 -15.514 -14.807 -14.32 -13.836 -15.378 -14.732 -14.316 -13.824 -13.363 -12.844 -14.743 -14.165 -13.564 -13.147 -12.767 -16.2 -15.953 -15.933 -16.306 -17.269 -13.661 -13.932 -13.396 -12.03 -11.448 -10.786 -13.77
0.009917 -19.032 -16.349 -15.551 -14.844 -14.357 -13.873 -15.414 -14.769 -14.353 -13.862 -13.401 -12.882 -14.78 -14.202 -13.602 -13.185 -12.805 -16.193 -15.944 -15.922 -16.293 -17.254 -13.699 -13.969 -13.434 -12.068 -11.486 -10.824 -13.807
0.010217 -19.02 -16.364 -15.587 -14.88 -14.394 -13.911 -15.451 -14.806 -14.391 -13.899 -13.438 -12.92 -14.817 -14.239 -13.639 -13.222 -12.843 -16.186 -15.935 -15.912 -16.281 -17.24 -13.736 -14.007 -13.471 -12.106 -11.524 -10.862 -13.845
0.010526 -19.008 -16.38 -15.624 -14.917 -14.432 -13.948 -15.487 -14.843 -14.428 -13.936 -13.476 -12.957 -14.854 -14.277 -13.677 -13.26 -12.88 -16.179 -15.926 -15.901 -16.268 -17.226 -13.773 -14.044 -13.509 -12.144 -11.562 -10.9 -13.882
0.010845 -18.996 -16.396 -15.66 -14.954 -14.469 -13.986 -15.523 -14.879 -14.465 -13.974 -13.513 -12.995 -14.891 -14.314 -13.714 -13.298 -12.918 -16.173 -15.918 -15.891 -16.255 -17.212 -13.811 -14.081 -13.546 -12.182 -11.6 -10.938 -13.919
0.011173 -18.984 -16.413 -15.696 -14.991 -14.506 -14.023 -15.56 -14.916 -14.502 -14.011 -13.551 -13.033 -14.928 -14.351 -13.751 -13.335 -12.956 -16.167 -15.91 -15.88 -16.243 -17.197 -13.848 -14.119 -13.584 -12.219 -11.637 -10.976 -13.957
0.011511 -18.973 -16.431 -15.733 -15.028 -14.543 -14.06 -15.596 -14.953 -14.539 -14.048 -13.588 -13.07 -14.965 -14.388 -13.789 -13.373 -12.993 -16.161 -15.902 -15.87 -16.231 -17.183 -13.885 -14.156 -13.621 -12.257 -11.675 -11.014 -13.994
0.011859 -18.961 -16.449 -15.769 -15.065 -14.58 -14.098 -15.632 -14.99 -14.576 -14.086 -13.626 -13.108 -15.002 -14.425 -13.826 -13.41 -13.031 -16.156 -15.895 -15.861 -16.219 -17.169 -13.923 -14.193 -13.659 -12.295 -11.713 -11.052 -14.031
0.012217 -18.95 -16.467 -15.805 -15.102 -14.617 -14.135 -15.668 -15.027 -14.613 -14.123 -13.663 -13.145 -15.039 -14.463 -13.864 -13.448 -13.068 -16.151 -15.888 -15.851 -16.207 -17.155 -13.96 -14.23 -13.696 -12.333 -11.751 -11.09 -14.069
0.012587 -18.939 -16.486 -15.841 -15.138 -14.654 -14.172 -15.704 -15.064 -14.65 -14.16 -13.701 -13.183 -15.076 -14.5 -13.901 -13.485 -13.106 -16.146 -15.881 -15.842 -16.195 -17.141 -13.997 -14.268 -13.734 -12.37 -11.789 -11.128 -14.106
0.012968 -18.928 -16.506 -15.877 -15.175 -14.691 -14.209 -15.74 -15.101 -14.687 -14.198 -13.738 -13.221 -15.112 -14.537 -13.938 -13.523 -13.144 -16.142 -15.875 -15.833 -16.183 -17.128 -14.035 -14.305 -13.771 -12.408 -11.827 -11.166 -14.143
0.01336 -18.918 -16.526 -15.913 -15.212 -14.728 -14.247 -15.776 -15.137 -14.724 -14.235 -13.776 -13.258 -15.149 -14.574 -13.976 -13.56 -13.181 -16.139 -15.869 -15.824 -16.172 -17.114 -14.072 -14.342 -13.808 -12.446 -11.865 -11.204 -14.18
0.013764 -18.907 -16.546 -15.949 -15.249 -14.765 -14.284 -15.812 -15.174 -14.761 -14.272 -13.813 -13.296 -15.186 -14.611 -14.013 -13.598 -13.219 -16.136 -15.863 -15.816 -16.16 -17.1 -14.109 -14.379 -13.846 -12.484 -11.902 -11.242 -14.217
0.01418 -18.897 -16.567 -15.985 -15.285 -14.802 -14.321 -15.848 -15.211 -14.798 -14.309 -13.85 -13.333 -15.223 -14.648 -14.05 -13.635 -13.256 -16.133 -15.858 -15.808 -16.149 -17.086 -14.146 -14.416 -13.883 -12.521 -11.94 -11.28 -14.255
0.014609 -18.887 -16.589 -16.021 -15.322 -14.839 -14.358 -15.884 -15.247 -14.835 -14.347 -13.888 -13.371 -15.259 -14.685 -14.088 -13.673 -13.294 -16.131 -15.853 -15.8 -16.138 -17.073 -14.184 -14.453 -13.92 -12.559 -11.978 -11.317 -14.292
0.015051 -18.877 -16.61 -16.057 -15.358 -14.876 -14.395 -15.92 -15.284 -14.872 -14.384 -13.925 -13.408 -15.296 -14.722 -14.125 -13.71 -13.332 -16.129 -15.848 -15.793 -16.127 -17.059 -14.221 -14.49 -13.958 -12.597 -12.016 -11.355 -14.329
0.015506 -18.867 -16.633 -16.093 -15.395 -14.913 -14.433 -15.955 -15.321 -14.909 -14.421 -13.962 -13.446 -15.332 -14.759 -14.162 -13.748 -13.369 -16.128 -15.844 -15.786 -16.117 -17.046 -14.258 -14.528 -13.995 -12.635 -12.054 -11.393 -14.366
0.015975 -18.858 -16.655 -16.129 -15.431 -14.95 -14.47 -15.991 -15.357 -14.946 -14.458 -14.0 -13.483 -15.369 -14.796 -14.2 -13.785 -13.407 -16.127 -15.841 -15.779 -16.106 -17.033 -14.295 -14.565 -14.032 -12.672 -12.092 -11.431 -14.403
0.016458 -18.848 -16.678 -16.164 -15.468 -14.987 -14.507 -16.027 -15.394 -14.983 -14.495 -14.037 -13.521 -15.406 -14.833 -14.237 -13.822 -13.444 -16.127 -15.837 -15.772 -16.096 -17.02 -14.332 -14.602 -14.07 -12.71 -12.129 -11.469 -14.44
0.016956 -18.84 -16.702 -16.2 -15.504 -15.023 -14.544 -16.062 -15.43 -15.02 -14.532 -14.074 -13.558 -15.442 -14.87 -14.274 -13.86 -13.482 -16.127 -15.835 -15.766 -16.086 -17.006 -14.37 -14.639 -14.107 -12.748 -12.167 -11.507 -14.477
0.017469 -18.831 -16.726 -16.236 -15.541 -15.06 -14.581 -16.098 -15.467 -15.056 -14.569 -14.112 -13.596 -15.479 -14.907 -14.311 -13.897 -13.519 -16.127 -15.832 -15.761 -16.077 -16.993 -14.407 -14.676 -14.144 -12.786 -12.205 -11.545 -14.514
0.017997 -18.822 -16.75 -16.271 -15.577 -15.097 -14.618 -16.133 -15.503 -15.093 -14.606 -14.149 -13.633 -15.515 -14.943 -14.348 -13.935 -13.557 -16.129 -15.831 -15.755 -16.067 -16.981 -14.444 -14.713 -14.182 -12.823 -12.243 -11.583 -14.551
0.018541 -18.814 -16.774 -16.307 -15.613 -15.134 -14.655 -16.169 -15.54 -15.13 -14.643 -14.186 -13.671 -15.551 -14.98 -14.386 -13.972 -13.594 -16.13 -15.829 -15.75 -16.058 -16.968 -14.481 -14.75 -14.219 -12.861 -12.281 -11.621 -14.588
0.019102 -18.806 -16.799 -16.342 -15.65 -15.17 -14.692 -16.204 -15.576 -15.167 -14.68 -14.223 -13.708 -15.588 -15.017 -14.423 -14.009 -13.632 -16.133 -15.828 -15.746 -16.049 -16.955 -14.518 -14.786 -14.256 -12.899 -12.319 -11.659 -14.625
0.01968 -18.799 -16.824 -16.377 -15.686 -15.207 -14.729 -16.239 -15.612 -15.203 -14.717 -14.261 -13.746 -15.624 -15.054 -14.46 -14.047 -13.669 -16.136 -15.828 -15.742 -16.04 -16.942 -14.555 -14.823 -14.293 -12.936 -12.356 -11.697 -14.662
0.020275 -18.791 -16.85 -16.413 -15.722 -15.244 -14.766 -16.274 -15.649 -15.24 -14.754 -14.298 -13.783 -15.66 -15.091 -14.497 -14.084 -13.707 -16.139 -15.828 -15.738 -16.032 -16.93 -14.592 -14.86 -14.33 -12.974 -12.394 -11.735 -14.699
0.020888 -18.784 -16.876 -16.448 -15.758 -15.28 -14.803 -16.309 -15.685 -15.276 -14.791 -14.335 -13.821 -15.696 -15.127 -14.534 -14.121 -13.744 -16.143 -15.829 -15.735 -16.024 -16.918 -14.629 -14.897 -14.368 -13.012 -12.432 -11.773 -14.736
0.02152 -18.777 -16.902 -16.483 -15.794 -15.317 -14.84 -16.344 -15.721 -15.313 -14.828 -14.372 -13.858 -15.733 -15.164 -14.571 -14.158 -13.782 -16.148 -15.83 -15.732 -16.016 -16.906 -14.666 -14.934 -14.405 -13.049 -12.47 -11.811 -14.773
0.022171 -18.771 -16.928 -16.518 -15.831 -15.353 -14.877 -16.379 -15.757 -15.349 -14.865 -14.409 -13.895 -15.769 -15.201 -14.608 -14.196 -13.819 -16.153 -15.832 -15.729 -16.009 -16.893 -14.703 -14.971 -14.442 -13.087 -12.508 -11.848 -14.809
0.022841 -18.765 -16.955 -16.553 -15.867 -15.39 -14.914 -16.414 -15.793 -15.386 -14.902 -14.446 -13.933 -15.805 -15.237 -14.645 -14.233 -13.856 -16.159 -15.834 -15.727 -16.001 -16.882 -14.74 -15.007 -14.479 -13.125 -12.545 -11.886 -14.846
0.023532 -18.759 -16.981 -16.588 -15.903 -15.426 -14.95 -16.449 -15.829 -15.422 -14.939 -14.484 -13.97 -15.841 -15.274 -14.682 -14.27 -13.894 -16.165 -15.837 -15.726 -15.995 -16.87 -14.776 -15.044 -14.516 -13.162 -12.583 -11.924 -14.883
0.024244 -18.753 -17.008 -16.623 -15.938 -15.463 -14.987 -16.484 -15.865 -15.459 -14.976 -14.521 -14.007 -15.877 -15.31 -14.719 -14.307 -13.931 -16.172 -15.84 -15.725 -15.988 -16.858 -14.813 -15.081 -14.553 -13.2 -12.621 -11.962 -14.92
0.024977 -18.748 -17.036 -16.658 -15.974 -15.499 -15.024 -16.518 -15.901 -15.495 -15.012 -14.558 -14.045 -15.913 -15.347 -14.756 -14.345 -13.969 -16.179 -15.844 -15.725 -15.982 -16.847 -14.85 -15.118 -14.59 -13.238 -12.659 -12.0 -14.956
0.025733 -18.743 -17.063 -16.692 -16.01 -15.535 -15.061 -16.553 -15.937 -15.532 -15.049 -14.595 -14.082 -15.949 -15.383 -14.793 -14.382 -14.006 -16.187 -15.849 -15.725 -15.976 -16.835 -14.887 -15.154 -14.627 -13.275 -12.697 -12.038 -14.993
0.026511 -18.739 -17.091 -16.727 -16.046 -15.572 -15.098 -16.587 -15.973 -15.568 -15.086 -14.632 -14.119 -15.985 -15.42 -14.83 -14.419 -14.043 -16.196 -15.854 -15.725 -15.971 -16.824 -14.924 -15.191 -14.664 -13.313 -12.734 -12.076 -15.03
0.027313 -18.735 -17.118 -16.761 -16.082 -15.608 -15.134 -16.622 -16.009 -15.604 -15.123 -14.669 -14.157 -16.02 -15.456 -14.867 -14.456 -14.081 -16.205 -15.86 -15.726 -15.966 -16.813 -14.96 -15.227 -14.701 -13.351 -12.772 -12.114 -15.066
0.028139 -18.731 -17.146 -16.796 -16.117 -15.644 -15.171 -16.656 -16.045 -15.64 -15.159 -14.706 -14.194 -16.056 -15.492 -14.904 -14.493 -14.118 -16.215 -15.866 -15.728 -15.961 -16.803 -14.997 -15.264 -14.738 -13.388 -12.81 -12.152 -15.103
0.02899 -18.728 -17.175 -16.83 -16.153 -15.68 -15.207 -16.69 -16.08 -15.677 -15.196 -14.743 -14.231 -16.092 -15.529 -14.941 -14.53 -14.155 -16.226 -15.873 -15.73 -15.957 -16.792 -15.034 -15.301 -14.775 -13.426 -12.848 -12.19 -15.14
0.029867 -18.725 -17.203 -16.864 -16.188 -15.716 -15.244 -16.724 -16.116 -15.713 -15.232 -14.78 -14.268 -16.128 -15.565 -14.977 -14.567 -14.193 -16.237 -15.881 -15.733 -15.953 -16.782 -15.071 -15.337 -14.812 -13.463 -12.886 -12.228 -15.176
0.03077 -18.722 -17.231 -16.899 -16.224 -15.753 -15.281 -16.758 -16.151 -15.749 -15.269 -14.817 -14.306 -16.163 -15.601 -15.014 -14.604 -14.23 -16.248 -15.889 -15.736 -15.95 -16.772 -15.107 -15.373 -14.849 -13.501 -12.923 -12.266 -15.213
0.031701 -18.72 -17.26 -16.933 -16.259 -15.789 -15.317 -16.792 -16.187 -15.785 -15.306 -14.853 -14.343 -16.199 -15.638 -15.051 -14.642 -14.267 -16.26 -15.897 -15.74 -15.947 -16.762 -15.144 -15.41 -14.886 -13.539 -12.961 -12.304 -15.249
0.032659 -18.718 -17.288 -16.967 -16.295 -15.825 -15.354 -16.826 -16.222 -15.821 -15.342 -14.89 -14.38 -16.234 -15.674 -15.088 -14.679 -14.304 -16.273 -15.907 -15.744 -15.944 -16.752 -15.18 -15.446 -14.923 -13.576 -12.999 -12.342 -15.285
0.033647 -18.716 -17.317 -17.001 -16.33 -15.861 -15.39 -16.86 -16.258 -15.857 -15.379 -14.927 -14.417 -16.27 -15.71 -15.124 -14.716 -14.342 -16.287 -15.917 -15.749 -15.942 -16.743 -15.217 -15.483 -14.959 -13.614 -13.037 -12.379 -15.322
0.034665 -18.715 -17.346 -17.034 -16.365 -15.896 -15.427 -16.893 -16.293 -15.893 -15.415 -14.964 -14.454 -16.305 -15.746 -15.161 -14.753 -14.379 -16.3 -15.927 -15.755 -15.94 -16.733 -15.253 -15.519 -14.996 -13.651 -13.074 -12.417 -15.358
0.035713 -18.714 -17.375 -17.068 -16.4 -15.932 -15.463 -16.927 -16.329 -15.928 -15.451 -15.001 -14.492 -16.34 -15.782 -15.198 -14.789 -14.416 -16.315 -15.938 -15.761 -15.939 -16.724 -15.29 -15.555 -15.033 -13.689 -13.112 -12.455 -15.394
0.036793 -18.714 -17.404 -17.102 -16.436 -15.968 -15.499 -16.96 -16.364 -15.964 -15.488 -15.037 -14.529 -16.375 -15.818 -15.234 -14.826 -14.453 -16.33 -15.95 -15.768 -15.939 -16.716 -15.326 -15.591 -15.07 -13.726 -13.15 -12.493 -15.431
0.037906 -18.714 -17.433 -17.135 -16.471 -16.004 -15.536 -16.994 -16.399 -16.0 -15.524 -15.074 -14.566 -16.41 -15.854 -15.271 -14.863 -14.49 -16.346 -15.962 -15.775 -15.939 -16.707 -15.363 -15.627 -15.106 -13.764 -13.188 -12.531 -15.467
0.039052 -18.715 -17.462 -17.168 -16.506 -16.04 -15.572 -17.027 -16.434 -16.036 -15.56 -15.111 -14.603 -16.446 -15.89 -15.307 -14.9 -14.527 -16.362 -15.975 -15.783 -15.939 -16.699 -15.399 -15.664 -15.143 -13.802 -13.225 -12.569 -15.503
0.040234 -18.716 -17.491 -17.202 -16.54 -16.075 -15.608 -17.06 -16.469 -16.071 -15.597 -15.148 -14.64 -16.481 -15.926 -15.344 -14.937 -14.565 -16.379 -15.988 -15.792 -15.94 -16.691 -15.435 -15.7 -15.18 -13.839 -13.263 -12.607 -15.539
0.04145 -18.717 -17.52 -17.235 -16.575 -16.111 -15.644 -17.093 -16.504 -16.107 -15.633 -15.184 -14.677 -16.516 -15.961 -15.38 -14.974 -14.602 -16.396 -16.002 -15.801 -15.941 -16.684 -15.472 -15.736 -15.216 -13.877 -13.301 -12.645 -15.575
0.042704 -18.718 -17.549 -17.268 -16.61 -16.146 -15.681 -17.126 -16.539 -16.143 -15.669 -15.221 -14.714 -16.55 -15.997 -15.417 -15.011 -14.639 -16.413 -16.017 -15.811 -15.943 -16.676 -15.508 -15.772 -15.253 -13.914 -13.339 -12.683 -15.611
0.043996 -18.721 -17.578 -17.301 -16.645 -16.182 -15.717 -17.158 -16.574 -16.178 -15.705 -15.257 -14.751 -16.585 -16.033 -15.453 -15.048 -14.676 -16.432 -16.032 -15.821 -15.946 -16.669 -15.544 -15.808 -15.289 -13.952 -13.376 -12.721 -15.647
0.045326 -18.723 -17.607 -17.333 -16.679 -16.217 -15.753 -17.191 -16.608 -16.213 -15.741 -15.294 -14.788 -16.62 -16.068 -15.49 -15.084 -14.713 -16.45 -16.048 -15.832 -15.949 -16.663 -15.58 -15.844 -15.326 -13.989 -13.414 -12.759 -15.683
0.046697 -18.726 -17.637 -17.366 -16.714 -16.253 -15.789 -17.223 -16.643 -16.249 -15.777 -15.33 -14.825 -16.655 -16.104 -15.526 -15.121 -14.75 -16.47 -16.064 -15.844 -15.953 -16.657 -15.616 -15.88 -15.362 -14.027 -13.452 -12.797 -15.719
0.048109 -18.729 -17.666 -17.398 -16.748 -16.288 -15.825 -17.255 -16.678 -16.284 -15.813 -15.367 -14.862 -16.689 -16.14 -15.562 -15.158 -14.787 -16.489 -16.081 -15.856 -15.957 -16.651 -15.652 -15.915 -15.399 -14.064 -13.49 -12.835 -15.755
0.049564 -18.733 -17.695 -17.431 -16.783 -16.323 -15.861 -17.288 -16.712 -16.319 -15.849 -15.403 -14.899 -16.724 -16.175 -15.599 -15.194 -14.824 -16.51 -16.099 -15.869 -15.961 -16.645 -15.688 -15.951 -15.435 -14.102 -13.527 -12.873 -15.791
0.051063 -18.737 -17.724 -17.463 -16.817 -16.358 -15.897 -17.32 -16.746 -16.354 -15.885 -15.44 -14.936 -16.758 -16.21 -15.635 -15.231 -14.861 -16.53 -16.117 -15.882 -15.967 -16.64 -15.724 -15.987 -15.472 -14.139 -13.565 -12.911 -15.827
0.052608 -18.741 -17.753 -17.495 -16.851 -16.393 -15.933 -17.351 -16.781 -16.39 -15.921 -15.476 -14.973 -16.792 -16.246 -15.671 -15.268 -14.898 -16.551 -16.135 -15.896 -15.973 -16.635 -15.76 -16.022 -15.508 -14.176 -13.603 -12.949 -15.862
0.054199 -18.746 -17.782 -17.527 -16.885 -16.428 -15.968 -17.383 -16.815 -16.425 -15.957 -15.513 -15.01 -16.826 -16.281 -15.707 -15.304 -14.935 -16.573 -16.154 -15.91 -15.979 -16.63 -15.796 -16.058 -15.544 -14.214 -13.641 -12.987 -15.898
