web/models/kne.last_good/4/villar_0.0120_0.2493_10.0000.dat
# %ECSV 1.0
# ---
# datatype:
# - {name: time, datatype: float64}
# - {name: swift_uvot_uvw2, datatype: float64}
# - {name: swift_uvot_uvm2, datatype: float64}
# - {name: swift_uvot_uvw1, datatype: float64}
# - {name: swift_uvot_U, datatype: float64}
# - {name: swift_uvot_B, datatype: float64}
# - {name: swift_uvot_V, datatype: float64}
# - {name: swift_uvot_W, datatype: float64}
# - {name: johnson_U, datatype: float64}
# - {name: johnson_B, datatype: float64}
# - {name: johnson_V, datatype: float64}
# - {name: johnson_R, datatype: float64}
# - {name: johnson_I, datatype: float64}
# - {name: sdss_u, datatype: float64}
# - {name: sdss_g, datatype: float64}
# - {name: sdss_r, datatype: float64}
# - {name: sdss_i, datatype: float64}
# - {name: sdss_z, datatype: float64}
# - {name: PS1_g, datatype: float64}
# - {name: PS1_r, datatype: float64}
# - {name: PS1_i, datatype: float64}
# - {name: PS1_z, datatype: float64}
# - {name: PS1_Y, datatype: float64}
# - {name: PS1_w, datatype: float64}
# - {name: ATLAS_c, datatype: float64}
# - {name: ATLAS_o, datatype: float64}
# - {name: ukirt_J, datatype: float64}
# - {name: ukirt_H, datatype: float64}
# - {name: ukirt_K, datatype: float64}
# - {name: Clear, datatype: float64}
# meta: !!omap
# - comment: [kappa = 10.0, type = villar, mass = 0.012011244339858356, velocity = 0.24933333333333335, theta_obs = 0.0, tfloor = 2500.0]
# schema: astropy-2.0
time swift_uvot_uvw2 swift_uvot_uvm2 swift_uvot_uvw1 swift_uvot_U swift_uvot_B swift_uvot_V swift_uvot_W johnson_U johnson_B johnson_V johnson_R johnson_I sdss_u sdss_g sdss_r sdss_i sdss_z PS1_g PS1_r PS1_i PS1_z PS1_Y PS1_w ATLAS_c ATLAS_o ukirt_J ukirt_H ukirt_K Clear
[from data line 137]
0.059267 -16.374 -15.964 -15.781 -15.247 -14.839 -14.416 -15.629 -15.185 -14.835 -14.405 -13.987 -13.509 -15.196 -14.704 -14.172 -13.791 -13.438 -14.747 -14.297 -13.964 -13.822 -14.078 -14.249 -14.497 -14.017 -12.742 -12.182 -11.54 -14.34
0.061059 -16.38 -15.983 -15.803 -15.273 -14.868 -14.447 -15.65 -15.212 -14.864 -14.436 -14.019 -13.542 -15.223 -14.733 -14.204 -13.824 -13.472 -14.773 -14.323 -13.989 -13.842 -14.086 -14.28 -14.527 -14.049 -12.776 -12.218 -11.576 -14.371
0.062906 -16.386 -16.002 -15.823 -15.3 -14.896 -14.478 -15.67 -15.239 -14.893 -14.467 -14.051 -13.576 -15.249 -14.763 -14.235 -13.857 -13.505 -14.798 -14.35 -14.014 -13.863 -14.094 -14.311 -14.557 -14.081 -12.811 -12.253 -11.612 -14.401
0.064808 -16.392 -16.02 -15.844 -15.325 -14.925 -14.508 -15.69 -15.265 -14.921 -14.497 -14.083 -13.609 -15.276 -14.792 -14.267 -13.889 -13.539 -14.824 -14.376 -14.04 -13.884 -14.103 -14.342 -14.587 -14.113 -12.846 -12.288 -11.648 -14.431
0.066769 -16.397 -16.037 -15.863 -15.351 -14.953 -14.539 -15.71 -15.291 -14.949 -14.528 -14.115 -13.642 -15.302 -14.821 -14.298 -13.922 -13.572 -14.849 -14.403 -14.065 -13.906 -14.113 -14.372 -14.617 -14.145 -12.88 -12.323 -11.684 -14.461
0.068788 -16.402 -16.054 -15.882 -15.376 -14.981 -14.569 -15.728 -15.317 -14.977 -14.558 -14.147 -13.675 -15.327 -14.849 -14.329 -13.954 -13.605 -14.875 -14.429 -14.091 -13.928 -14.123 -14.402 -14.647 -14.176 -12.915 -12.359 -11.719 -14.491
0.070868 -16.406 -16.07 -15.901 -15.401 -15.009 -14.599 -15.747 -15.342 -15.005 -14.588 -14.178 -13.708 -15.352 -14.878 -14.36 -13.986 -13.638 -14.9 -14.455 -14.117 -13.95 -14.133 -14.433 -14.676 -14.208 -12.949 -12.394 -11.755 -14.521
0.073012 -16.41 -16.085 -15.919 -15.426 -15.036 -14.628 -15.765 -15.367 -15.032 -14.617 -14.209 -13.74 -15.377 -14.906 -14.39 -14.018 -13.671 -14.925 -14.482 -14.143 -13.972 -14.144 -14.463 -14.705 -14.239 -12.983 -12.429 -11.791 -14.55
0.07522 -16.414 -16.1 -15.937 -15.45 -15.063 -14.658 -15.782 -15.391 -15.059 -14.647 -14.24 -13.773 -15.402 -14.934 -14.421 -14.05 -13.704 -14.95 -14.508 -14.169 -13.995 -14.156 -14.492 -14.734 -14.269 -13.017 -12.464 -11.827 -14.579
0.077495 -16.417 -16.114 -15.953 -15.473 -15.09 -14.687 -15.798 -15.416 -15.086 -14.676 -14.271 -13.805 -15.426 -14.961 -14.451 -14.081 -13.736 -14.975 -14.535 -14.195 -14.017 -14.168 -14.522 -14.762 -14.3 -13.051 -12.499 -11.862 -14.608
0.079839 -16.42 -16.128 -15.97 -15.497 -15.116 -14.716 -15.814 -15.439 -15.113 -14.705 -14.302 -13.837 -15.45 -14.988 -14.481 -14.112 -13.769 -15.0 -14.561 -14.221 -14.041 -14.18 -14.551 -14.791 -14.331 -13.085 -12.533 -11.898 -14.636
0.082253 -16.422 -16.14 -15.985 -15.519 -15.143 -14.744 -15.83 -15.463 -15.139 -14.733 -14.332 -13.869 -15.473 -15.015 -14.51 -14.144 -13.801 -15.025 -14.587 -14.247 -14.064 -14.193 -14.58 -14.819 -14.361 -13.119 -12.568 -11.933 -14.665
0.084741 -16.423 -16.152 -16.0 -15.542 -15.168 -14.773 -15.845 -15.486 -15.164 -14.762 -14.362 -13.901 -15.496 -15.042 -14.54 -14.175 -13.833 -15.049 -14.613 -14.273 -14.087 -14.206 -14.609 -14.846 -14.391 -13.153 -12.603 -11.968 -14.693
0.087304 -16.424 -16.164 -16.014 -15.564 -15.194 -14.801 -15.859 -15.508 -15.19 -14.79 -14.392 -13.933 -15.518 -15.068 -14.569 -14.205 -13.865 -15.073 -14.639 -14.3 -14.111 -14.22 -14.637 -14.874 -14.421 -13.186 -12.637 -12.004 -14.72
0.089944 -16.424 -16.174 -16.028 -15.585 -15.219 -14.828 -15.872 -15.53 -15.215 -14.818 -14.422 -13.964 -15.54 -15.094 -14.598 -14.236 -13.897 -15.097 -14.665 -14.326 -14.134 -14.234 -14.665 -14.901 -14.45 -13.22 -12.672 -12.039 -14.748
0.092665 -16.423 -16.184 -16.041 -15.606 -15.243 -14.856 -15.885 -15.552 -15.24 -14.845 -14.451 -13.996 -15.562 -15.12 -14.627 -14.266 -13.928 -15.121 -14.691 -14.352 -14.158 -14.249 -14.693 -14.928 -14.48 -13.253 -12.706 -12.074 -14.775
0.095467 -16.422 -16.193 -16.053 -15.626 -15.268 -14.883 -15.897 -15.573 -15.264 -14.872 -14.481 -14.027 -15.583 -15.145 -14.655 -14.297 -13.96 -15.145 -14.717 -14.378 -14.182 -14.264 -14.721 -14.954 -14.509 -13.286 -12.74 -12.109 -14.802
0.098355 -16.42 -16.201 -16.064 -15.646 -15.292 -14.91 -15.908 -15.594 -15.288 -14.899 -14.51 -14.058 -15.603 -15.17 -14.684 -14.327 -13.991 -15.168 -14.742 -14.404 -14.206 -14.279 -14.748 -14.98 -14.538 -13.32 -12.774 -12.144 -14.828
0.101329 -16.417 -16.208 -16.074 -15.666 -15.315 -14.937 -15.919 -15.614 -15.311 -14.926 -14.538 -14.088 -15.623 -15.194 -14.712 -14.356 -14.022 -15.191 -14.768 -14.43 -14.23 -14.294 -14.775 -15.006 -14.566 -13.352 -12.808 -12.179 -14.855
0.104394 -16.413 -16.214 -16.084 -15.684 -15.338 -14.963 -15.928 -15.633 -15.334 -14.952 -14.567 -14.119 -15.643 -15.218 -14.739 -14.386 -14.053 -15.213 -14.793 -14.456 -14.255 -14.31 -14.802 -15.032 -14.595 -13.385 -12.842 -12.214 -14.881
0.107551 -16.408 -16.219 -16.093 -15.703 -15.361 -14.989 -15.937 -15.652 -15.357 -14.978 -14.595 -14.149 -15.662 -15.242 -14.767 -14.415 -14.083 -15.236 -14.818 -14.482 -14.279 -14.327 -14.828 -15.057 -14.623 -13.418 -12.876 -12.249 -14.906
0.110804 -16.402 -16.223 -16.1 -15.72 -15.383 -15.014 -15.945 -15.67 -15.379 -15.004 -14.623 -14.179 -15.68 -15.265 -14.794 -14.444 -14.114 -15.258 -14.843 -14.508 -14.303 -14.343 -14.854 -15.082 -14.651 -13.45 -12.91 -12.283 -14.931
0.114155 -16.395 -16.226 -16.107 -15.737 -15.404 -15.039 -15.952 -15.688 -15.401 -15.029 -14.651 -14.209 -15.698 -15.288 -14.82 -14.473 -14.144 -15.279 -14.867 -14.534 -14.328 -14.36 -14.88 -15.106 -14.678 -13.483 -12.943 -12.318 -14.956
0.117608 -16.388 -16.228 -16.113 -15.754 -15.426 -15.064 -15.959 -15.705 -15.422 -15.054 -14.678 -14.239 -15.715 -15.311 -14.847 -14.501 -14.174 -15.301 -14.892 -14.559 -14.352 -14.377 -14.905 -15.13 -14.705 -13.515 -12.977 -12.352 -14.98
0.121165 -16.379 -16.229 -16.118 -15.769 -15.446 -15.089 -15.964 -15.722 -15.442 -15.078 -14.705 -14.268 -15.731 -15.332 -14.873 -14.529 -14.204 -15.322 -14.916 -14.585 -14.376 -14.395 -14.93 -15.153 -14.732 -13.547 -13.01 -12.387 -15.004
0.124829 -16.369 -16.229 -16.122 -15.784 -15.466 -15.113 -15.969 -15.738 -15.463 -15.102 -14.732 -14.297 -15.747 -15.354 -14.899 -14.557 -14.233 -15.342 -14.94 -14.61 -14.401 -14.412 -14.955 -15.176 -14.759 -13.579 -13.043 -12.421 -15.028
0.128605 -16.357 -16.227 -16.125 -15.799 -15.486 -15.136 -15.972 -15.753 -15.482 -15.126 -14.758 -14.326 -15.762 -15.375 -14.924 -14.585 -14.262 -15.362 -14.963 -14.635 -14.425 -14.43 -14.979 -15.199 -14.785 -13.611 -13.076 -12.455 -15.051
0.132494 -16.345 -16.224 -16.127 -15.812 -15.505 -15.159 -15.975 -15.768 -15.501 -15.149 -14.784 -14.355 -15.777 -15.395 -14.949 -14.612 -14.291 -15.382 -14.986 -14.66 -14.449 -14.448 -15.003 -15.221 -14.811 -13.642 -13.109 -12.489 -15.074
0.136502 -16.331 -16.22 -16.128 -15.825 -15.523 -15.182 -15.977 -15.781 -15.52 -15.172 -14.81 -14.383 -15.79 -15.415 -14.974 -14.639 -14.32 -15.401 -15.009 -14.685 -14.473 -14.466 -15.026 -15.243 -14.836 -13.673 -13.142 -12.523 -15.096
0.14063 -16.316 -16.215 -16.128 -15.837 -15.541 -15.204 -15.977 -15.795 -15.538 -15.194 -14.835 -14.411 -15.803 -15.435 -14.998 -14.666 -14.349 -15.42 -15.032 -14.709 -14.497 -14.485 -15.049 -15.264 -14.862 -13.705 -13.174 -12.557 -15.118
0.144883 -16.299 -16.208 -16.126 -15.848 -15.559 -15.226 -15.977 -15.807 -15.555 -15.216 -14.86 -14.439 -15.816 -15.453 -15.022 -14.692 -14.377 -15.438 -15.054 -14.733 -14.521 -14.503 -15.072 -15.285 -14.886 -13.736 -13.207 -12.59 -15.14
0.149265 -16.281 -16.2 -16.123 -15.859 -15.575 -15.248 -15.975 -15.818 -15.571 -15.237 -14.885 -14.467 -15.827 -15.471 -15.045 -14.718 -14.405 -15.456 -15.076 -14.757 -14.545 -14.522 -15.094 -15.305 -14.911 -13.766 -13.239 -12.624 -15.16
0.15378 -16.261 -16.19 -16.119 -15.868 -15.591 -15.268 -15.972 -15.829 -15.587 -15.258 -14.909 -14.494 -15.837 -15.489 -15.068 -14.744 -14.433 -15.473 -15.098 -14.781 -14.569 -14.541 -15.115 -15.325 -14.935 -13.797 -13.271 -12.658 -15.181
0.15843 -16.24 -16.179 -16.114 -15.877 -15.606 -15.289 -15.969 -15.839 -15.603 -15.279 -14.933 -14.521 -15.847 -15.506 -15.09 -14.769 -14.46 -15.49 -15.119 -14.804 -14.592 -14.56 -15.136 -15.344 -14.958 -13.827 -13.303 -12.691 -15.201
0.163222 -16.217 -16.166 -16.107 -15.885 -15.621 -15.308 -15.964 -15.848 -15.617 -15.299 -14.956 -14.547 -15.856 -15.522 -15.112 -14.794 -14.487 -15.506 -15.14 -14.828 -14.616 -14.579 -15.157 -15.363 -14.981 -13.857 -13.335 -12.724 -15.22
0.168159 -16.193 -16.152 -16.099 -15.891 -15.635 -15.328 -15.958 -15.855 -15.631 -15.318 -14.979 -14.574 -15.864 -15.538 -15.134 -14.819 -14.514 -15.521 -15.16 -14.851 -14.639 -14.598 -15.177 -15.381 -15.004 -13.887 -13.367 -12.757 -15.239
0.173245 -16.166 -16.136 -16.089 -15.897 -15.648 -15.346 -15.95 -15.862 -15.644 -15.336 -15.002 -14.599 -15.87 -15.553 -15.155 -14.843 -14.54 -15.536 -15.18 -14.873 -14.662 -14.617 -15.197 -15.398 -15.026 -13.917 -13.398 -12.79 -15.257
0.178484 -16.138 -16.118 -16.078 -15.902 -15.66 -15.364 -15.942 -15.869 -15.657 -15.355 -15.024 -14.625 -15.876 -15.567 -15.176 -14.867 -14.566 -15.55 -15.199 -14.895 -14.685 -14.636 -15.216 -15.415 -15.048 -13.946 -13.429 -12.823 -15.275
0.183882 -16.108 -16.099 -16.065 -15.905 -15.672 -15.382 -15.932 -15.873 -15.668 -15.372 -15.045 -14.65 -15.881 -15.581 -15.196 -14.89 -14.592 -15.564 -15.218 -14.917 -14.707 -14.655 -15.234 -15.431 -15.069 -13.975 -13.46 -12.856 -15.292
0.189444 -16.076 -16.077 -16.051 -15.908 -15.682 -15.398 -15.921 -15.877 -15.679 -15.389 -15.066 -14.675 -15.885 -15.593 -15.215 -14.913 -14.617 -15.577 -15.237 -14.939 -14.73 -14.674 -15.252 -15.446 -15.09 -14.004 -13.491 -12.888 -15.308
0.195173 -16.042 -16.054 -16.035 -15.909 -15.692 -15.414 -15.908 -15.88 -15.689 -15.405 -15.087 -14.699 -15.887 -15.605 -15.234 -14.935 -14.642 -15.589 -15.255 -14.96 -14.752 -14.693 -15.269 -15.461 -15.11 -14.033 -13.522 -12.92 -15.324
0.201076 -16.005 -16.028 -16.018 -15.91 -15.701 -15.43 -15.894 -15.882 -15.697 -15.421 -15.107 -14.723 -15.889 -15.616 -15.252 -14.957 -14.667 -15.6 -15.272 -14.98 -14.773 -14.712 -15.286 -15.475 -15.13 -14.061 -13.552 -12.953 -15.339
0.207158 -15.967 -16.001 -15.998 -15.908 -15.709 -15.445 -15.879 -15.882 -15.705 -15.435 -15.126 -14.747 -15.889 -15.627 -15.27 -14.979 -14.691 -15.61 -15.289 -15.001 -14.795 -14.73 -15.302 -15.488 -15.149 -14.089 -13.583 -12.985 -15.353
0.213423 -15.926 -15.971 -15.977 -15.906 -15.716 -15.458 -15.863 -15.882 -15.712 -15.449 -15.145 -14.77 -15.888 -15.636 -15.287 -15.0 -14.715 -15.62 -15.305 -15.021 -14.816 -14.749 -15.317 -15.501 -15.168 -14.117 -13.613 -13.016 -15.367
0.219878 -15.883 -15.939 -15.954 -15.902 -15.722 -15.472 -15.845 -15.88 -15.718 -15.463 -15.163 -14.793 -15.886 -15.644 -15.303 -15.02 -14.738 -15.629 -15.321 -15.04 -14.837 -14.768 -15.332 -15.512 -15.186 -14.145 -13.642 -13.048 -15.38
0.226528 -15.838 -15.905 -15.929 -15.897 -15.727 -15.484 -15.825 -15.876 -15.723 -15.475 -15.181 -14.815 -15.883 -15.652 -15.319 -15.04 -14.761 -15.637 -15.336 -15.059 -14.857 -14.786 -15.345 -15.523 -15.203 -14.172 -13.672 -13.08 -15.392
0.233379 -15.79 -15.868 -15.902 -15.891 -15.731 -15.496 -15.804 -15.872 -15.727 -15.487 -15.198 -14.837 -15.878 -15.658 -15.334 -15.059 -14.783 -15.644 -15.35 -15.077 -14.877 -14.804 -15.359 -15.533 -15.22 -14.199 -13.701 -13.111 -15.404
0.240437 -15.739 -15.829 -15.873 -15.883 -15.734 -15.506 -15.781 -15.866 -15.73 -15.498 -15.214 -14.858 -15.871 -15.664 -15.348 -15.078 -14.805 -15.65 -15.364 -15.095 -14.897 -14.822 -15.371 -15.542 -15.236 -14.225 -13.73 -13.142 -15.414
0.247709 -15.686 -15.788 -15.842 -15.874 -15.735 -15.516 -15.757 -15.858 -15.732 -15.508 -15.23 -14.879 -15.863 -15.668 -15.362 -15.096 -14.827 -15.655 -15.376 -15.112 -14.916 -14.84 -15.382 -15.55 -15.251 -14.252 -13.759 -13.173 -15.424
0.255201 -15.63 -15.743 -15.809 -15.863 -15.736 -15.525 -15.732 -15.849 -15.732 -15.517 -15.245 -14.899 -15.854 -15.672 -15.374 -15.114 -14.848 -15.659 -15.389 -15.129 -14.935 -14.857 -15.393 -15.557 -15.266 -14.277 -13.788 -13.204 -15.433
0.262919 -15.571 -15.696 -15.773 -15.85 -15.735 -15.533 -15.704 -15.839 -15.731 -15.525 -15.259 -14.918 -15.843 -15.674 -15.386 -15.131 -14.868 -15.662 -15.4 -15.145 -14.953 -14.875 -15.403 -15.563 -15.279 -14.303 -13.816 -13.234 -15.441
0.270871 -15.51 -15.647 -15.735 -15.836 -15.733 -15.54 -15.675 -15.826 -15.729 -15.532 -15.273 -14.938 -15.831 -15.675 -15.397 -15.147 -14.888 -15.664 -15.411 -15.161 -14.971 -14.891 -15.412 -15.569 -15.293 -14.328 -13.844 -13.265 -15.448
0.279064 -15.445 -15.594 -15.695 -15.819 -15.729 -15.546 -15.645 -15.812 -15.726 -15.538 -15.285 -14.956 -15.816 -15.675 -15.408 -15.162 -14.907 -15.665 -15.42 -15.176 -14.988 -14.908 -15.42 -15.573 -15.305 -14.353 -13.872 -13.295 -15.454
0.287504 -15.377 -15.538 -15.652 -15.801 -15.724 -15.551 -15.613 -15.797 -15.721 -15.544 -15.297 -14.974 -15.8 -15.673 -15.417 -15.177 -14.926 -15.664 -15.429 -15.19 -15.005 -14.924 -15.427 -15.576 -15.316 -14.377 -13.899 -13.325 -15.459
0.296199 -15.307 -15.48 -15.607 -15.782 -15.718 -15.555 -15.579 -15.779 -15.715 -15.548 -15.308 -14.991 -15.782 -15.671 -15.425 -15.191 -14.944 -15.663 -15.437 -15.203 -15.021 -14.94 -15.433 -15.578 -15.327 -14.401 -13.926 -13.354 -15.463
0.305157 -15.232 -15.418 -15.559 -15.76 -15.71 -15.558 -15.543 -15.76 -15.707 -15.551 -15.319 -15.008 -15.763 -15.667 -15.433 -15.204 -14.962 -15.66 -15.444 -15.216 -15.037 -14.956 -15.439 -15.578 -15.337 -14.425 -13.953 -13.384 -15.467
0.314387 -15.155 -15.352 -15.508 -15.736 -15.701 -15.56 -15.506 -15.739 -15.698 -15.552 -15.328 -15.024 -15.741 -15.661 -15.439 -15.217 -14.979 -15.656 -15.45 -15.228 -15.052 -14.971 -15.443 -15.578 -15.346 -14.448 -13.979 -13.413 -15.469
0.323895 -15.074 -15.284 -15.454 -15.71 -15.69 -15.56 -15.466 -15.715 -15.687 -15.553 -15.337 -15.039 -15.717 -15.654 -15.445 -15.229 -14.995 -15.65 -15.455 -15.239 -15.066 -14.985 -15.446 -15.576 -15.354 -14.47 -14.005 -13.442 -15.469
0.333691 -14.99 -15.212 -15.398 -15.682 -15.678 -15.559 -15.425 -15.69 -15.675 -15.552 -15.344 -15.053 -15.691 -15.646 -15.449 -15.24 -15.01 -15.643 -15.459 -15.25 -15.08 -14.999 -15.448 -15.573 -15.361 -14.493 -14.031 -13.471 -15.469
0.343783 -14.901 -15.136 -15.339 -15.651 -15.663 -15.557 -15.382 -15.662 -15.661 -15.55 -15.35 -15.067 -15.663 -15.636 -15.452 -15.249 -15.025 -15.634 -15.462 -15.259 -15.093 -15.013 -15.448 -15.568 -15.367 -14.514 -14.056 -13.499 -15.468
0.354181 -14.81 -15.056 -15.276 -15.619 -15.647 -15.554 -15.338 -15.632 -15.645 -15.547 -15.356 -15.08 -15.633 -15.624 -15.454 -15.259 -15.039 -15.624 -15.464 -15.268 -15.106 -15.026 -15.448 -15.562 -15.371 -14.536 -14.082 -13.527 -15.465
0.364893 -14.714 -14.973 -15.21 -15.584 -15.629 -15.549 -15.291 -15.6 -15.627 -15.542 -15.36 -15.092 -15.6 -15.611 -15.455 -15.267 -15.052 -15.612 -15.464 -15.276 -15.117 -15.039 -15.447 -15.555 -15.375 -14.556 -14.106 -13.555 -15.461
0.375929 -14.615 -14.886 -15.142 -15.546 -15.61 -15.542 -15.243 -15.566 -15.607 -15.536 -15.364 -15.104 -15.565 -15.596 -15.455 -15.274 -15.065 -15.599 -15.464 -15.283 -15.128 -15.051 -15.444 -15.546 -15.378 -14.576 -14.13 -13.583 -15.456
0.387298 -14.511 -14.794 -15.069 -15.506 -15.588 -15.534 -15.192 -15.529 -15.586 -15.529 -15.366 -15.114 -15.527 -15.579 -15.453 -15.28 -15.077 -15.584 -15.462 -15.288 -15.138 -15.062 -15.439 -15.536 -15.38 -14.596 -14.154 -13.61 -15.45
0.399012 -14.404 -14.698 -14.994 -15.463 -15.564 -15.525 -15.14 -15.489 -15.562 -15.519 -15.367 -15.124 -15.487 -15.56 -15.45 -15.285 -15.088 -15.567 -15.459 -15.293 -15.147 -15.073 -15.434 -15.524 -15.38 -14.615 -14.178 -13.637 -15.442
0.41108 -14.292 -14.598 -14.914 -15.417 -15.538 -15.514 -15.086 -15.447 -15.536 -15.509 -15.366 -15.133 -15.444 -15.539 -15.446 -15.289 -15.098 -15.549 -15.454 -15.297 -15.156 -15.083 -15.427 -15.51 -15.379 -14.633 -14.201 -13.663 -15.432
0.423513 -14.176 -14.494 -14.832 -15.368 -15.51 -15.501 -15.03 -15.402 -15.508 -15.496 -15.365 -15.141 -15.398 -15.517 -15.44 -15.292 -15.107 -15.528 -15.448 -15.3 -15.163 -15.092 -15.419 -15.495 -15.377 -14.651 -14.223 -13.69 -15.422
