web/models/kne.last_good/4/villar_0.2686_0.2180_10.0000.dat
# %ECSV 1.0
# ---
# datatype:
# - {name: time, datatype: float64}
# - {name: swift_uvot_uvw2, datatype: float64}
# - {name: swift_uvot_uvm2, datatype: float64}
# - {name: swift_uvot_uvw1, datatype: float64}
# - {name: swift_uvot_U, datatype: float64}
# - {name: swift_uvot_B, datatype: float64}
# - {name: swift_uvot_V, datatype: float64}
# - {name: swift_uvot_W, datatype: float64}
# - {name: johnson_U, datatype: float64}
# - {name: johnson_B, datatype: float64}
# - {name: johnson_V, datatype: float64}
# - {name: johnson_R, datatype: float64}
# - {name: johnson_I, datatype: float64}
# - {name: sdss_u, datatype: float64}
# - {name: sdss_g, datatype: float64}
# - {name: sdss_r, datatype: float64}
# - {name: sdss_i, datatype: float64}
# - {name: sdss_z, datatype: float64}
# - {name: PS1_g, datatype: float64}
# - {name: PS1_r, datatype: float64}
# - {name: PS1_i, datatype: float64}
# - {name: PS1_z, datatype: float64}
# - {name: PS1_Y, datatype: float64}
# - {name: PS1_w, datatype: float64}
# - {name: ATLAS_c, datatype: float64}
# - {name: ATLAS_o, datatype: float64}
# - {name: ukirt_J, datatype: float64}
# - {name: ukirt_H, datatype: float64}
# - {name: ukirt_K, datatype: float64}
# - {name: Clear, datatype: float64}
# meta: !!omap
# - comment: [kappa = 10.0, type = villar, mass = 0.2685795883840597, velocity = 0.21800000000000003, theta_obs = 0.0, tfloor = 2500.0]
# schema: astropy-2.0
time swift_uvot_uvw2 swift_uvot_uvm2 swift_uvot_uvw1 swift_uvot_U swift_uvot_B swift_uvot_V swift_uvot_W johnson_U johnson_B johnson_V johnson_R johnson_I sdss_u sdss_g sdss_r sdss_i sdss_z PS1_g PS1_r PS1_i PS1_z PS1_Y PS1_w ATLAS_c ATLAS_o ukirt_J ukirt_H ukirt_K Clear
[from data line 136]
0.057527 -18.119 -17.02 -16.748 -16.095 -15.633 -15.169 -16.605 -16.024 -15.629 -15.158 -14.711 -14.205 -16.035 -15.485 -14.906 -14.501 -14.13 -15.856 -15.452 -15.233 -15.345 -16.053 -14.997 -15.26 -14.743 -13.406 -12.832 -12.177 -15.1
0.059267 -18.121 -17.048 -16.78 -16.129 -15.668 -15.205 -16.637 -16.058 -15.664 -15.193 -14.747 -14.242 -16.069 -15.52 -14.942 -14.537 -14.167 -15.875 -15.468 -15.244 -15.348 -16.045 -15.032 -15.295 -14.779 -13.443 -12.869 -12.214 -15.135
0.061059 -18.123 -17.076 -16.811 -16.162 -15.703 -15.24 -16.668 -16.092 -15.699 -15.228 -14.783 -14.278 -16.103 -15.554 -14.978 -14.573 -14.203 -15.894 -15.484 -15.255 -15.351 -16.038 -15.068 -15.33 -14.814 -13.48 -12.906 -12.251 -15.17
0.062906 -18.126 -17.105 -16.843 -16.196 -15.737 -15.275 -16.7 -16.126 -15.733 -15.264 -14.818 -14.314 -16.137 -15.589 -15.013 -14.61 -14.239 -15.914 -15.501 -15.268 -15.355 -16.031 -15.103 -15.366 -14.85 -13.517 -12.943 -12.289 -15.205
0.064808 -18.129 -17.133 -16.874 -16.229 -15.772 -15.311 -16.731 -16.159 -15.768 -15.299 -14.854 -14.35 -16.171 -15.624 -15.049 -14.646 -14.276 -15.934 -15.518 -15.28 -15.359 -16.025 -15.138 -15.401 -14.886 -13.554 -12.98 -12.326 -15.241
0.066769 -18.132 -17.161 -16.905 -16.263 -15.806 -15.346 -16.762 -16.193 -15.802 -15.334 -14.89 -14.387 -16.204 -15.659 -15.084 -14.682 -14.312 -15.954 -15.536 -15.293 -15.364 -16.018 -15.174 -15.436 -14.922 -13.591 -13.018 -12.364 -15.276
0.068788 -18.136 -17.189 -16.936 -16.296 -15.84 -15.381 -16.792 -16.226 -15.837 -15.369 -14.925 -14.423 -16.238 -15.693 -15.12 -14.717 -14.348 -15.975 -15.554 -15.307 -15.37 -16.013 -15.209 -15.47 -14.957 -13.628 -13.055 -12.401 -15.311
0.070868 -18.14 -17.217 -16.967 -16.329 -15.875 -15.416 -16.823 -16.26 -15.871 -15.404 -14.961 -14.459 -16.271 -15.728 -15.155 -14.753 -14.384 -15.996 -15.573 -15.322 -15.376 -16.007 -15.244 -15.505 -14.993 -13.664 -13.092 -12.438 -15.345
0.073012 -18.144 -17.245 -16.998 -16.362 -15.909 -15.451 -16.853 -16.293 -15.905 -15.439 -14.997 -14.495 -16.304 -15.762 -15.191 -14.789 -14.421 -16.017 -15.592 -15.336 -15.383 -16.002 -15.279 -15.54 -15.028 -13.701 -13.129 -12.476 -15.38
0.07522 -18.149 -17.272 -17.028 -16.395 -15.943 -15.486 -16.884 -16.326 -15.939 -15.474 -15.032 -14.531 -16.337 -15.796 -15.226 -14.825 -14.457 -16.039 -15.612 -15.352 -15.39 -15.997 -15.314 -15.575 -15.064 -13.738 -13.166 -12.513 -15.415
0.077495 -18.154 -17.3 -17.059 -16.428 -15.976 -15.52 -16.914 -16.359 -15.973 -15.509 -15.067 -14.567 -16.37 -15.83 -15.261 -14.861 -14.493 -16.062 -15.632 -15.368 -15.398 -15.993 -15.349 -15.609 -15.099 -13.774 -13.203 -12.55 -15.45
0.079839 -18.159 -17.327 -17.089 -16.461 -16.01 -15.555 -16.944 -16.392 -16.006 -15.544 -15.103 -14.603 -16.403 -15.864 -15.296 -14.896 -14.529 -16.084 -15.652 -15.384 -15.406 -15.989 -15.383 -15.644 -15.134 -13.811 -13.24 -12.587 -15.484
0.082253 -18.165 -17.355 -17.118 -16.493 -16.044 -15.59 -16.973 -16.424 -16.04 -15.578 -15.138 -14.639 -16.436 -15.898 -15.331 -14.932 -14.565 -16.107 -15.673 -15.401 -15.415 -15.986 -15.418 -15.678 -15.17 -13.848 -13.277 -12.625 -15.519
0.084741 -18.17 -17.382 -17.148 -16.525 -16.077 -15.624 -17.002 -16.457 -16.074 -15.613 -15.173 -14.675 -16.468 -15.932 -15.366 -14.967 -14.601 -16.13 -15.695 -15.419 -15.425 -15.983 -15.453 -15.712 -15.205 -13.884 -13.314 -12.662 -15.553
0.087304 -18.177 -17.409 -17.177 -16.558 -16.111 -15.659 -17.032 -16.489 -16.107 -15.647 -15.208 -14.711 -16.501 -15.966 -15.401 -15.003 -14.637 -16.154 -15.717 -15.437 -15.435 -15.98 -15.487 -15.746 -15.24 -13.921 -13.35 -12.699 -15.587
0.089944 -18.183 -17.436 -17.207 -16.59 -16.144 -15.693 -17.06 -16.521 -16.14 -15.681 -15.243 -14.746 -16.533 -16.0 -15.436 -15.038 -14.673 -16.178 -15.739 -15.455 -15.446 -15.978 -15.522 -15.78 -15.275 -13.957 -13.387 -12.736 -15.621
0.092665 -18.19 -17.462 -17.236 -16.621 -16.177 -15.727 -17.089 -16.554 -16.174 -15.716 -15.278 -14.782 -16.565 -16.033 -15.47 -15.073 -14.708 -16.202 -15.761 -15.474 -15.457 -15.976 -15.556 -15.814 -15.31 -13.994 -13.424 -12.773 -15.655
0.095467 -18.196 -17.488 -17.264 -16.653 -16.21 -15.761 -17.118 -16.585 -16.207 -15.75 -15.313 -14.818 -16.597 -16.067 -15.505 -15.109 -14.744 -16.226 -15.784 -15.494 -15.469 -15.975 -15.59 -15.848 -15.345 -14.03 -13.461 -12.81 -15.689
0.098355 -18.203 -17.515 -17.293 -16.685 -16.243 -15.795 -17.146 -16.617 -16.24 -15.784 -15.348 -14.853 -16.628 -16.1 -15.54 -15.144 -14.78 -16.251 -15.808 -15.514 -15.482 -15.974 -15.625 -15.882 -15.379 -14.066 -13.498 -12.848 -15.723
0.101329 -18.211 -17.541 -17.321 -16.716 -16.276 -15.829 -17.174 -16.649 -16.272 -15.818 -15.383 -14.889 -16.66 -16.133 -15.574 -15.179 -14.815 -16.275 -15.831 -15.534 -15.495 -15.974 -15.659 -15.916 -15.414 -14.103 -13.534 -12.885 -15.757
0.104394 -18.218 -17.566 -17.349 -16.747 -16.309 -15.863 -17.201 -16.68 -16.305 -15.852 -15.417 -14.924 -16.691 -16.166 -15.608 -15.214 -14.851 -16.3 -15.855 -15.555 -15.508 -15.974 -15.693 -15.949 -15.449 -14.139 -13.571 -12.922 -15.791
0.107551 -18.226 -17.592 -17.376 -16.778 -16.341 -15.897 -17.229 -16.712 -16.338 -15.885 -15.452 -14.959 -16.723 -16.199 -15.643 -15.249 -14.886 -16.326 -15.879 -15.576 -15.522 -15.975 -15.727 -15.983 -15.483 -14.175 -13.608 -12.959 -15.824
0.110804 -18.233 -17.617 -17.404 -16.809 -16.374 -15.93 -17.256 -16.743 -16.37 -15.919 -15.487 -14.995 -16.754 -16.232 -15.677 -15.284 -14.922 -16.351 -15.904 -15.598 -15.537 -15.976 -15.76 -16.016 -15.518 -14.212 -13.644 -12.996 -15.858
0.114155 -18.241 -17.642 -17.431 -16.84 -16.406 -15.964 -17.282 -16.774 -16.402 -15.953 -15.521 -15.03 -16.785 -16.265 -15.711 -15.319 -14.957 -16.377 -15.928 -15.62 -15.552 -15.978 -15.794 -16.049 -15.552 -14.248 -13.681 -13.033 -15.891
0.117608 -18.249 -17.666 -17.458 -16.87 -16.438 -15.997 -17.309 -16.804 -16.434 -15.986 -15.555 -15.065 -16.815 -16.297 -15.745 -15.353 -14.992 -16.402 -15.953 -15.642 -15.568 -15.98 -15.828 -16.082 -15.586 -14.284 -13.718 -13.07 -15.924
0.121165 -18.257 -17.691 -17.484 -16.9 -16.47 -16.031 -17.335 -16.835 -16.466 -16.019 -15.589 -15.1 -16.846 -16.329 -15.779 -15.388 -15.028 -16.428 -15.979 -15.665 -15.584 -15.983 -15.861 -16.115 -15.62 -14.32 -13.754 -13.107 -15.957
0.124829 -18.265 -17.715 -17.51 -16.93 -16.502 -16.064 -17.361 -16.865 -16.498 -16.052 -15.624 -15.135 -16.876 -16.362 -15.812 -15.423 -15.063 -16.454 -16.004 -15.688 -15.601 -15.986 -15.894 -16.148 -15.654 -14.356 -13.791 -13.144 -15.99
0.128605 -18.273 -17.738 -17.536 -16.96 -16.534 -16.097 -17.386 -16.895 -16.53 -16.085 -15.658 -15.17 -16.906 -16.394 -15.846 -15.457 -15.098 -16.48 -16.03 -15.711 -15.618 -15.99 -15.927 -16.181 -15.688 -14.392 -13.827 -13.181 -16.023
0.132494 -18.282 -17.762 -17.562 -16.99 -16.565 -16.13 -17.412 -16.925 -16.561 -16.118 -15.691 -15.205 -16.936 -16.426 -15.88 -15.491 -15.133 -16.506 -16.056 -15.735 -15.636 -15.994 -15.961 -16.213 -15.722 -14.428 -13.864 -13.218 -16.056
0.136502 -18.29 -17.785 -17.587 -17.019 -16.596 -16.162 -17.436 -16.955 -16.592 -16.151 -15.725 -15.24 -16.966 -16.457 -15.913 -15.526 -15.168 -16.533 -16.082 -15.759 -15.654 -15.999 -15.993 -16.246 -15.756 -14.464 -13.9 -13.254 -16.088
0.14063 -18.298 -17.807 -17.612 -17.048 -16.627 -16.195 -17.461 -16.984 -16.624 -16.184 -15.759 -15.274 -16.995 -16.489 -15.946 -15.56 -15.202 -16.559 -16.108 -15.783 -15.672 -16.004 -16.026 -16.278 -15.789 -14.499 -13.936 -13.291 -16.12
0.144883 -18.306 -17.83 -17.636 -17.077 -16.658 -16.228 -17.485 -17.014 -16.654 -16.216 -15.793 -15.309 -17.024 -16.52 -15.979 -15.594 -15.237 -16.585 -16.134 -15.808 -15.691 -16.01 -16.059 -16.31 -15.823 -14.535 -13.973 -13.328 -16.153
0.149265 -18.314 -17.852 -17.66 -17.106 -16.689 -16.26 -17.509 -17.043 -16.685 -16.249 -15.826 -15.343 -17.053 -16.552 -16.013 -15.628 -15.272 -16.612 -16.161 -15.833 -15.711 -16.017 -16.091 -16.342 -15.856 -14.571 -14.009 -13.365 -16.185
0.15378 -18.322 -17.873 -17.684 -17.134 -16.72 -16.292 -17.532 -17.071 -16.716 -16.281 -15.859 -15.378 -17.082 -16.583 -16.045 -15.662 -15.306 -16.638 -16.187 -15.858 -15.731 -16.024 -16.124 -16.374 -15.89 -14.607 -14.045 -13.401 -16.217
0.15843 -18.33 -17.894 -17.707 -17.162 -16.75 -16.324 -17.555 -17.1 -16.746 -16.313 -15.893 -15.412 -17.111 -16.614 -16.078 -15.696 -15.341 -16.665 -16.214 -15.883 -15.751 -16.031 -16.156 -16.405 -15.923 -14.642 -14.081 -13.438 -16.248
0.163222 -18.337 -17.915 -17.73 -17.19 -16.78 -16.356 -17.578 -17.128 -16.776 -16.345 -15.926 -15.446 -17.139 -16.644 -16.111 -15.729 -15.375 -16.691 -16.241 -15.909 -15.772 -16.039 -16.188 -16.437 -15.956 -14.678 -14.118 -13.475 -16.28
0.168159 -18.345 -17.935 -17.752 -17.218 -16.81 -16.388 -17.6 -17.156 -16.806 -16.377 -15.959 -15.481 -17.167 -16.675 -16.143 -15.763 -15.41 -16.718 -16.268 -15.935 -15.793 -16.048 -16.22 -16.468 -15.989 -14.713 -14.154 -13.511 -16.312
0.173245 -18.352 -17.955 -17.774 -17.245 -16.84 -16.419 -17.622 -17.184 -16.836 -16.408 -15.992 -15.515 -17.195 -16.705 -16.176 -15.796 -15.444 -16.744 -16.295 -15.961 -15.814 -16.057 -16.252 -16.499 -16.021 -14.748 -14.19 -13.548 -16.343
0.178484 -18.359 -17.974 -17.796 -17.272 -16.869 -16.451 -17.643 -17.211 -16.865 -16.44 -16.024 -15.548 -17.222 -16.735 -16.208 -15.83 -15.478 -16.771 -16.322 -15.987 -15.836 -16.067 -16.284 -16.53 -16.054 -14.784 -14.226 -13.585 -16.374
0.183882 -18.366 -17.993 -17.817 -17.299 -16.898 -16.482 -17.664 -17.238 -16.895 -16.471 -16.057 -15.582 -17.249 -16.765 -16.24 -15.863 -15.512 -16.797 -16.35 -16.013 -15.858 -16.077 -16.315 -16.561 -16.087 -14.819 -14.262 -13.621 -16.405
0.189444 -18.372 -18.012 -17.838 -17.325 -16.927 -16.513 -17.684 -17.265 -16.924 -16.502 -16.089 -15.616 -17.276 -16.795 -16.272 -15.896 -15.546 -16.824 -16.377 -16.04 -15.88 -16.088 -16.346 -16.591 -16.119 -14.854 -14.298 -13.658 -16.436
0.195173 -18.378 -18.029 -17.858 -17.352 -16.956 -16.544 -17.704 -17.292 -16.952 -16.533 -16.122 -15.65 -17.302 -16.824 -16.304 -15.929 -15.58 -16.85 -16.404 -16.066 -15.903 -16.099 -16.377 -16.622 -16.151 -14.889 -14.333 -13.694 -16.466
0.201076 -18.384 -18.047 -17.878 -17.377 -16.985 -16.574 -17.724 -17.318 -16.981 -16.563 -16.154 -15.683 -17.329 -16.854 -16.335 -15.962 -15.614 -16.876 -16.432 -16.093 -15.926 -16.111 -16.408 -16.652 -16.183 -14.924 -14.369 -13.731 -16.497
0.207158 -18.39 -18.063 -17.897 -17.403 -17.013 -16.605 -17.743 -17.344 -17.009 -16.594 -16.186 -15.717 -17.355 -16.883 -16.367 -15.994 -15.647 -16.902 -16.459 -16.12 -15.95 -16.123 -16.439 -16.682 -16.215 -14.959 -14.405 -13.767 -16.527
0.213423 -18.395 -18.079 -17.916 -17.428 -17.041 -16.635 -17.761 -17.37 -17.037 -16.624 -16.218 -15.75 -17.38 -16.911 -16.398 -16.027 -15.681 -16.929 -16.486 -16.147 -15.973 -16.136 -16.47 -16.711 -16.247 -14.994 -14.441 -13.803 -16.557
0.219878 -18.4 -18.095 -17.934 -17.453 -17.069 -16.665 -17.779 -17.395 -17.065 -16.654 -16.249 -15.783 -17.405 -16.94 -16.429 -16.059 -15.714 -16.954 -16.514 -16.174 -15.997 -16.149 -16.5 -16.741 -16.278 -15.029 -14.476 -13.84 -16.586
0.226528 -18.404 -18.11 -17.951 -17.477 -17.096 -16.695 -17.796 -17.42 -17.093 -16.684 -16.281 -15.816 -17.43 -16.968 -16.46 -16.091 -15.747 -16.98 -16.541 -16.201 -16.021 -16.163 -16.53 -16.77 -16.31 -15.064 -14.512 -13.876 -16.616
0.233379 -18.408 -18.124 -17.968 -17.501 -17.124 -16.725 -17.813 -17.444 -17.12 -16.714 -16.312 -15.849 -17.455 -16.996 -16.491 -16.124 -15.78 -17.006 -16.568 -16.228 -16.045 -16.177 -16.56 -16.799 -16.341 -15.099 -14.547 -13.912 -16.645
0.240437 -18.411 -18.138 -17.985 -17.525 -17.15 -16.754 -17.829 -17.469 -17.147 -16.743 -16.343 -15.882 -17.479 -17.024 -16.521 -16.156 -15.813 -17.032 -16.595 -16.255 -16.07 -16.191 -16.59 -16.828 -16.372 -15.133 -14.583 -13.948 -16.674
0.247709 -18.414 -18.151 -18.001 -17.548 -17.177 -16.783 -17.845 -17.492 -17.173 -16.772 -16.374 -15.914 -17.503 -17.051 -16.552 -16.187 -15.846 -17.057 -16.622 -16.283 -16.094 -16.206 -16.62 -16.857 -16.403 -15.168 -14.618 -13.984 -16.703
0.255201 -18.416 -18.163 -18.016 -17.571 -17.203 -16.812 -17.86 -17.516 -17.199 -16.801 -16.405 -15.947 -17.526 -17.078 -16.582 -16.219 -15.879 -17.082 -16.65 -16.31 -16.119 -16.222 -16.649 -16.885 -16.434 -15.202 -14.653 -14.021 -16.732
0.262919 -18.417 -18.175 -18.03 -17.593 -17.229 -16.841 -17.875 -17.539 -17.225 -16.83 -16.436 -15.979 -17.549 -17.105 -16.612 -16.25 -15.912 -17.107 -16.677 -16.337 -16.144 -16.238 -16.678 -16.913 -16.464 -15.236 -14.689 -14.057 -16.76
0.270871 -18.418 -18.185 -18.044 -17.615 -17.255 -16.869 -17.888 -17.561 -17.251 -16.859 -16.466 -16.011 -17.571 -17.132 -16.641 -16.282 -15.944 -17.132 -16.704 -16.365 -16.17 -16.254 -16.707 -16.941 -16.494 -15.271 -14.724 -14.093 -16.788
0.279064 -18.418 -18.196 -18.057 -17.637 -17.28 -16.898 -17.902 -17.584 -17.276 -16.887 -16.496 -16.044 -17.593 -17.158 -16.671 -16.313 -15.977 -17.157 -16.73 -16.392 -16.195 -16.271 -16.735 -16.968 -16.525 -15.305 -14.759 -14.129 -16.816
0.287504 -18.418 -18.205 -18.07 -17.658 -17.305 -16.925 -17.914 -17.605 -17.301 -16.915 -16.526 -16.075 -17.615 -17.184 -16.7 -16.344 -16.009 -17.181 -16.757 -16.419 -16.22 -16.288 -16.764 -16.995 -16.554 -15.339 -14.794 -14.164 -16.844
0.296199 -18.417 -18.213 -18.082 -17.678 -17.33 -16.953 -17.926 -17.626 -17.326 -16.942 -16.556 -16.107 -17.636 -17.21 -16.729 -16.375 -16.041 -17.205 -16.784 -16.447 -16.246 -16.305 -16.792 -17.022 -16.584 -15.373 -14.829 -14.2 -16.871
0.305157 -18.415 -18.221 -18.093 -17.698 -17.354 -16.98 -17.937 -17.647 -17.35 -16.97 -16.586 -16.139 -17.657 -17.235 -16.758 -16.405 -16.073 -17.229 -16.81 -16.474 -16.271 -16.323 -16.82 -17.049 -16.614 -15.406 -14.864 -14.236 -16.898
0.314387 -18.412 -18.228 -18.103 -17.718 -17.378 -17.008 -17.948 -17.668 -17.374 -16.997 -16.615 -16.17 -17.677 -17.26 -16.786 -16.436 -16.104 -17.253 -16.836 -16.501 -16.297 -16.341 -16.847 -17.075 -16.643 -15.44 -14.899 -14.272 -16.925
0.323895 -18.408 -18.233 -18.113 -17.737 -17.401 -17.034 -17.957 -17.687 -17.398 -17.024 -16.644 -16.201 -17.697 -17.284 -16.815 -16.466 -16.136 -17.276 -16.863 -16.528 -16.323 -16.36 -16.875 -17.101 -16.672 -15.474 -14.933 -14.307 -16.951
0.333691 -18.404 -18.238 -18.121 -17.755 -17.424 -17.061 -17.966 -17.707 -17.421 -17.05 -16.673 -16.233 -17.716 -17.309 -16.843 -16.496 -16.167 -17.299 -16.889 -16.555 -16.349 -16.378 -16.902 -17.127 -16.701 -15.507 -14.968 -14.343 -16.977
0.343783 -18.398 -18.242 -18.129 -17.773 -17.447 -17.087 -17.975 -17.725 -17.443 -17.077 -16.702 -16.263 -17.735 -17.333 -16.87 -16.526 -16.199 -17.322 -16.914 -16.582 -16.375 -16.397 -16.928 -17.152 -16.729 -15.541 -15.003 -14.379 -17.003
0.354181 -18.392 -18.245 -18.136 -17.791 -17.469 -17.113 -17.982 -17.744 -17.465 -17.103 -16.73 -16.294 -17.753 -17.356 -16.898 -16.555 -16.23 -17.345 -16.94 -16.609 -16.401 -16.417 -16.955 -17.177 -16.757 -15.574 -15.037 -14.414 -17.029
0.364893 -18.384 -18.247 -18.142 -17.808 -17.491 -17.139 -17.989 -17.761 -17.487 -17.128 -16.758 -16.325 -17.771 -17.379 -16.925 -16.584 -16.261 -17.367 -16.965 -16.636 -16.427 -16.436 -16.981 -17.202 -16.785 -15.607 -15.072 -14.45 -17.054
0.375929 -18.376 -18.248 -18.148 -17.824 -17.512 -17.164 -17.995 -17.779 -17.509 -17.153 -16.786 -16.355 -17.788 -17.402 -16.952 -16.613 -16.291 -17.389 -16.991 -16.663 -16.453 -16.456 -17.007 -17.226 -16.813 -15.64 -15.106 -14.485 -17.079
0.387298 -18.367 -18.248 -18.152 -17.839 -17.533 -17.189 -18.0 -17.795 -17.53 -17.178 -16.814 -16.385 -17.804 -17.424 -16.979 -16.642 -16.322 -17.41 -17.016 -16.689 -16.478 -16.476 -17.032 -17.25 -16.841 -15.673 -15.14 -14.52 -17.103
0.399012 -18.356 -18.247 -18.155 -17.854 -17.554 -17.213 -18.004 -17.811 -17.55 -17.203 -16.841 -16.415 -17.82 -17.446 -17.005 -16.671 -16.352 -17.431 -17.04 -16.716 -16.504 -16.497 -17.057 -17.274 -16.868 -15.706 -15.174 -14.556 -17.127
