web/models/kne.last_good/4/villar_0.0338_0.0927_10.0000.dat
# %ECSV 1.0
# ---
# datatype:
# - {name: time, datatype: float64}
# - {name: swift_uvot_uvw2, datatype: float64}
# - {name: swift_uvot_uvm2, datatype: float64}
# - {name: swift_uvot_uvw1, datatype: float64}
# - {name: swift_uvot_U, datatype: float64}
# - {name: swift_uvot_B, datatype: float64}
# - {name: swift_uvot_V, datatype: float64}
# - {name: swift_uvot_W, datatype: float64}
# - {name: johnson_U, datatype: float64}
# - {name: johnson_B, datatype: float64}
# - {name: johnson_V, datatype: float64}
# - {name: johnson_R, datatype: float64}
# - {name: johnson_I, datatype: float64}
# - {name: sdss_u, datatype: float64}
# - {name: sdss_g, datatype: float64}
# - {name: sdss_r, datatype: float64}
# - {name: sdss_i, datatype: float64}
# - {name: sdss_z, datatype: float64}
# - {name: PS1_g, datatype: float64}
# - {name: PS1_r, datatype: float64}
# - {name: PS1_i, datatype: float64}
# - {name: PS1_z, datatype: float64}
# - {name: PS1_Y, datatype: float64}
# - {name: PS1_w, datatype: float64}
# - {name: ATLAS_c, datatype: float64}
# - {name: ATLAS_o, datatype: float64}
# - {name: ukirt_J, datatype: float64}
# - {name: ukirt_H, datatype: float64}
# - {name: ukirt_K, datatype: float64}
# - {name: Clear, datatype: float64}
# meta: !!omap
# - comment: [kappa = 10.0, type = villar, mass = 0.03383890769761434, velocity = 0.09266666666666673, theta_obs = 0.0, tfloor = 2500.0]
# schema: astropy-2.0
time swift_uvot_uvw2 swift_uvot_uvm2 swift_uvot_uvw1 swift_uvot_U swift_uvot_B swift_uvot_V swift_uvot_W johnson_U johnson_B johnson_V johnson_R johnson_I sdss_u sdss_g sdss_r sdss_i sdss_z PS1_g PS1_r PS1_i PS1_z PS1_Y PS1_w ATLAS_c ATLAS_o ukirt_J ukirt_H ukirt_K Clear
[from data line 207]
0.47712 -15.945 -15.945 -15.918 -15.773 -15.546 -15.261 -15.787 -15.742 -15.542 -15.252 -14.928 -14.537 -15.749 -15.457 -15.077 -14.775 -14.479 -15.44 -15.099 -14.801 -14.592 -14.536 -15.115 -15.309 -14.952 -13.865 -13.352 -12.749 -15.171
0.49155 -15.913 -15.923 -15.904 -15.775 -15.557 -15.278 -15.776 -15.746 -15.553 -15.269 -14.95 -14.562 -15.753 -15.47 -15.097 -14.798 -14.505 -15.453 -15.118 -14.823 -14.614 -14.556 -15.133 -15.325 -14.973 -13.895 -13.383 -12.782 -15.188
0.506416 -15.879 -15.9 -15.888 -15.777 -15.567 -15.294 -15.764 -15.749 -15.563 -15.285 -14.97 -14.586 -15.756 -15.482 -15.116 -14.821 -14.53 -15.465 -15.136 -14.844 -14.637 -14.576 -15.15 -15.34 -14.994 -13.924 -13.414 -12.814 -15.204
0.521733 -15.842 -15.874 -15.87 -15.777 -15.576 -15.31 -15.75 -15.751 -15.572 -15.301 -14.991 -14.611 -15.757 -15.493 -15.135 -14.843 -14.555 -15.477 -15.154 -14.865 -14.659 -14.595 -15.167 -15.354 -15.014 -13.953 -13.445 -12.847 -15.219
0.537512 -15.804 -15.846 -15.851 -15.776 -15.584 -15.325 -15.735 -15.751 -15.58 -15.316 -15.011 -14.635 -15.758 -15.504 -15.153 -14.865 -14.579 -15.488 -15.171 -14.886 -14.681 -14.615 -15.183 -15.367 -15.033 -13.981 -13.476 -12.879 -15.234
0.553769 -15.763 -15.817 -15.83 -15.774 -15.591 -15.339 -15.719 -15.751 -15.588 -15.33 -15.03 -14.658 -15.757 -15.513 -15.17 -14.886 -14.603 -15.498 -15.188 -14.906 -14.703 -14.634 -15.199 -15.38 -15.052 -14.009 -13.506 -12.912 -15.248
0.570517 -15.72 -15.785 -15.807 -15.77 -15.598 -15.353 -15.701 -15.749 -15.594 -15.344 -15.048 -14.681 -15.755 -15.522 -15.187 -14.907 -14.627 -15.507 -15.204 -14.926 -14.724 -14.653 -15.214 -15.392 -15.071 -14.037 -13.537 -12.944 -15.261
0.587772 -15.675 -15.751 -15.782 -15.766 -15.603 -15.366 -15.682 -15.746 -15.599 -15.357 -15.067 -14.704 -15.752 -15.53 -15.203 -14.927 -14.651 -15.515 -15.219 -14.945 -14.745 -14.673 -15.228 -15.403 -15.088 -14.065 -13.567 -12.976 -15.274
0.605549 -15.628 -15.714 -15.756 -15.76 -15.607 -15.378 -15.662 -15.742 -15.604 -15.369 -15.084 -14.726 -15.747 -15.537 -15.219 -14.947 -14.673 -15.523 -15.234 -14.964 -14.766 -14.691 -15.242 -15.414 -15.106 -14.092 -13.597 -13.008 -15.286
0.623863 -15.578 -15.676 -15.727 -15.752 -15.61 -15.389 -15.64 -15.736 -15.607 -15.38 -15.101 -14.748 -15.741 -15.543 -15.233 -14.966 -14.696 -15.529 -15.248 -14.983 -14.786 -14.71 -15.255 -15.423 -15.122 -14.119 -13.626 -13.039 -15.297
0.642731 -15.525 -15.634 -15.696 -15.743 -15.612 -15.399 -15.617 -15.729 -15.609 -15.391 -15.117 -14.769 -15.734 -15.548 -15.247 -14.985 -14.718 -15.535 -15.262 -15.001 -14.806 -14.729 -15.267 -15.432 -15.138 -14.146 -13.656 -13.071 -15.307
0.66217 -15.47 -15.591 -15.664 -15.733 -15.613 -15.409 -15.592 -15.72 -15.61 -15.401 -15.133 -14.79 -15.725 -15.552 -15.261 -15.003 -14.739 -15.54 -15.274 -15.018 -14.825 -14.747 -15.278 -15.44 -15.153 -14.173 -13.685 -13.102 -15.317
0.682197 -15.412 -15.544 -15.629 -15.72 -15.613 -15.418 -15.566 -15.71 -15.61 -15.409 -15.148 -14.81 -15.715 -15.554 -15.273 -15.021 -14.76 -15.543 -15.286 -15.035 -14.844 -14.765 -15.288 -15.446 -15.168 -14.199 -13.713 -13.133 -15.325
0.70283 -15.351 -15.495 -15.591 -15.707 -15.612 -15.425 -15.538 -15.699 -15.608 -15.417 -15.162 -14.83 -15.703 -15.556 -15.285 -15.037 -14.781 -15.546 -15.298 -15.051 -14.863 -14.783 -15.298 -15.452 -15.181 -14.225 -13.742 -13.164 -15.333
0.724086 -15.287 -15.443 -15.552 -15.691 -15.609 -15.432 -15.508 -15.686 -15.606 -15.424 -15.175 -14.849 -15.689 -15.557 -15.296 -15.054 -14.801 -15.547 -15.308 -15.067 -14.881 -14.8 -15.307 -15.457 -15.194 -14.25 -13.77 -13.195 -15.34
0.745986 -15.221 -15.389 -15.51 -15.674 -15.605 -15.438 -15.477 -15.671 -15.602 -15.43 -15.188 -14.868 -15.674 -15.556 -15.306 -15.069 -14.82 -15.548 -15.318 -15.081 -14.898 -14.817 -15.315 -15.461 -15.207 -14.275 -13.799 -13.226 -15.346
0.768548 -15.151 -15.331 -15.466 -15.655 -15.599 -15.442 -15.445 -15.654 -15.596 -15.435 -15.2 -14.886 -15.657 -15.554 -15.315 -15.084 -14.839 -15.547 -15.326 -15.096 -14.915 -14.834 -15.322 -15.464 -15.218 -14.3 -13.826 -13.256 -15.351
0.791792 -15.079 -15.271 -15.419 -15.634 -15.593 -15.446 -15.41 -15.636 -15.59 -15.439 -15.211 -14.903 -15.638 -15.551 -15.323 -15.098 -14.858 -15.545 -15.334 -15.109 -14.932 -14.851 -15.328 -15.465 -15.229 -14.324 -13.854 -13.286 -15.355
0.815739 -15.003 -15.207 -15.37 -15.612 -15.584 -15.449 -15.375 -15.616 -15.581 -15.441 -15.221 -14.92 -15.618 -15.546 -15.331 -15.112 -14.875 -15.541 -15.341 -15.122 -14.948 -14.867 -15.333 -15.465 -15.238 -14.348 -13.881 -13.316 -15.358
0.840411 -14.924 -15.14 -15.318 -15.587 -15.574 -15.45 -15.337 -15.593 -15.572 -15.443 -15.23 -14.936 -15.595 -15.54 -15.337 -15.124 -14.892 -15.537 -15.347 -15.134 -14.963 -14.882 -15.337 -15.465 -15.247 -14.371 -13.908 -13.346 -15.36
0.865828 -14.842 -15.069 -15.263 -15.56 -15.563 -15.45 -15.298 -15.569 -15.56 -15.443 -15.239 -14.952 -15.57 -15.533 -15.342 -15.136 -14.909 -15.531 -15.352 -15.146 -14.978 -14.897 -15.34 -15.463 -15.255 -14.394 -13.934 -13.375 -15.36
0.892015 -14.756 -14.996 -15.206 -15.531 -15.55 -15.449 -15.257 -15.543 -15.547 -15.442 -15.246 -14.966 -15.544 -15.524 -15.347 -15.147 -14.925 -15.524 -15.356 -15.157 -14.992 -14.912 -15.342 -15.459 -15.262 -14.417 -13.961 -13.404 -15.36
0.918993 -14.667 -14.918 -15.145 -15.5 -15.535 -15.447 -15.214 -15.515 -15.533 -15.44 -15.253 -14.98 -15.515 -15.514 -15.35 -15.157 -14.94 -15.515 -15.359 -15.166 -15.005 -14.926 -15.343 -15.455 -15.268 -14.439 -13.987 -13.433 -15.359
0.946787 -14.574 -14.837 -15.082 -15.467 -15.519 -15.443 -15.17 -15.484 -15.517 -15.437 -15.258 -14.994 -15.484 -15.502 -15.352 -15.166 -14.954 -15.504 -15.361 -15.175 -15.018 -14.94 -15.342 -15.449 -15.273 -14.461 -14.012 -13.462 -15.356
0.975422 -14.478 -14.753 -15.015 -15.431 -15.501 -15.438 -15.124 -15.452 -15.499 -15.432 -15.263 -15.006 -15.451 -15.489 -15.353 -15.175 -14.968 -15.493 -15.362 -15.183 -15.03 -14.953 -15.341 -15.441 -15.277 -14.482 -14.037 -13.491 -15.353
1.004923 -14.378 -14.664 -14.946 -15.392 -15.481 -15.432 -15.076 -15.417 -15.479 -15.426 -15.267 -15.018 -15.415 -15.473 -15.352 -15.182 -14.981 -15.479 -15.361 -15.191 -15.041 -14.966 -15.338 -15.433 -15.28 -14.502 -14.062 -13.519 -15.348
1.035317 -14.274 -14.572 -14.873 -15.352 -15.459 -15.424 -15.027 -15.379 -15.457 -15.419 -15.269 -15.029 -15.377 -15.456 -15.351 -15.188 -14.993 -15.464 -15.359 -15.197 -15.052 -14.978 -15.334 -15.422 -15.282 -14.523 -14.087 -13.547 -15.341
1.066629 -14.166 -14.475 -14.797 -15.308 -15.435 -15.415 -14.975 -15.339 -15.433 -15.409 -15.27 -15.039 -15.336 -15.438 -15.348 -15.194 -15.004 -15.447 -15.356 -15.202 -15.062 -14.989 -15.329 -15.41 -15.282 -14.542 -14.111 -13.574 -15.334
1.098888 -14.054 -14.374 -14.717 -15.262 -15.409 -15.404 -14.922 -15.297 -15.407 -15.399 -15.27 -15.048 -15.293 -15.417 -15.344 -15.198 -15.014 -15.429 -15.352 -15.206 -15.071 -15.0 -15.322 -15.397 -15.282 -14.561 -14.134 -13.602 -15.325
1.132124 -13.939 -14.269 -14.634 -15.213 -15.38 -15.391 -14.867 -15.252 -15.379 -15.387 -15.269 -15.056 -15.247 -15.394 -15.338 -15.201 -15.024 -15.408 -15.347 -15.209 -15.079 -15.01 -15.314 -15.382 -15.28 -14.58 -14.157 -13.629 -15.314
1.166364 -13.819 -14.159 -14.548 -15.162 -15.35 -15.377 -14.81 -15.204 -15.349 -15.373 -15.267 -15.064 -15.198 -15.37 -15.331 -15.204 -15.033 -15.386 -15.339 -15.211 -15.086 -15.019 -15.305 -15.365 -15.277 -14.598 -14.18 -13.656 -15.303
1.20164 -13.695 -14.045 -14.457 -15.107 -15.317 -15.361 -14.751 -15.153 -15.317 -15.357 -15.263 -15.07 -15.146 -15.343 -15.323 -15.204 -15.04 -15.361 -15.331 -15.212 -15.092 -15.028 -15.294 -15.346 -15.272 -14.615 -14.203 -13.682 -15.289
1.237983 -13.567 -13.926 -14.363 -15.049 -15.282 -15.343 -14.69 -15.099 -15.282 -15.34 -15.258 -15.075 -15.091 -15.314 -15.313 -15.204 -15.047 -15.335 -15.321 -15.212 -15.097 -15.035 -15.282 -15.325 -15.266 -14.631 -14.224 -13.708 -15.275
1.275425 -13.435 -13.802 -14.266 -14.988 -15.245 -15.323 -14.627 -15.042 -15.245 -15.32 -15.251 -15.08 -15.033 -15.283 -15.301 -15.203 -15.053 -15.307 -15.309 -15.21 -15.101 -15.042 -15.268 -15.303 -15.259 -14.647 -14.246 -13.734 -15.258
1.313999 -13.299 -13.673 -14.164 -14.924 -15.205 -15.301 -14.562 -14.982 -15.205 -15.299 -15.243 -15.083 -14.972 -15.25 -15.288 -15.2 -15.058 -15.276 -15.296 -15.208 -15.105 -15.048 -15.252 -15.278 -15.25 -14.663 -14.267 -13.759 -15.24
1.35374 -13.159 -13.539 -14.058 -14.856 -15.162 -15.278 -14.496 -14.919 -15.163 -15.276 -15.234 -15.085 -14.908 -15.214 -15.273 -15.196 -15.061 -15.243 -15.281 -15.204 -15.107 -15.053 -15.235 -15.252 -15.24 -14.677 -14.287 -13.784 -15.221
1.394683 -13.014 -13.4 -13.948 -14.785 -15.117 -15.252 -14.427 -14.852 -15.118 -15.251 -15.223 -15.086 -14.84 -15.176 -15.256 -15.19 -15.064 -15.208 -15.264 -15.198 -15.108 -15.058 -15.216 -15.223 -15.228 -14.691 -14.307 -13.809 -15.2
1.436864 -12.865 -13.256 -13.833 -14.711 -15.069 -15.224 -14.356 -14.782 -15.07 -15.223 -15.21 -15.085 -14.769 -15.135 -15.238 -15.183 -15.065 -15.17 -15.246 -15.191 -15.107 -15.061 -15.195 -15.193 -15.215 -14.704 -14.326 -13.834 -15.177
1.480321 -12.712 -13.105 -13.715 -14.632 -15.018 -15.194 -14.283 -14.709 -15.019 -15.194 -15.196 -15.084 -14.694 -15.092 -15.217 -15.175 -15.065 -15.13 -15.225 -15.183 -15.106 -15.063 -15.173 -15.16 -15.199 -14.717 -14.345 -13.858 -15.152
1.525092 -12.555 -12.949 -13.592 -14.55 -14.964 -15.162 -14.208 -14.632 -14.966 -15.162 -15.18 -15.081 -14.615 -15.046 -15.195 -15.165 -15.064 -15.087 -15.203 -15.173 -15.103 -15.065 -15.148 -15.124 -15.182 -14.728 -14.363 -13.881 -15.126
1.571218 -12.394 -12.787 -13.464 -14.464 -14.907 -15.127 -14.13 -14.551 -14.909 -15.127 -15.162 -15.077 -14.533 -14.997 -15.17 -15.153 -15.062 -15.041 -15.179 -15.162 -15.099 -15.065 -15.122 -15.087 -15.164 -14.739 -14.381 -13.904 -15.097
1.618738 -12.23 -12.62 -13.332 -14.374 -14.846 -15.089 -14.051 -14.466 -14.849 -15.091 -15.143 -15.071 -14.446 -14.945 -15.144 -15.14 -15.058 -14.993 -15.152 -15.149 -15.094 -15.064 -15.094 -15.047 -15.143 -14.749 -14.398 -13.927 -15.067
1.667696 -12.061 -12.445 -13.195 -14.279 -14.783 -15.049 -13.969 -14.377 -14.786 -15.052 -15.121 -15.065 -14.356 -14.891 -15.115 -15.125 -15.053 -14.942 -15.124 -15.134 -15.087 -15.062 -15.064 -15.004 -15.12 -14.758 -14.414 -13.949 -15.035
1.718134 -11.889 -12.265 -13.053 -14.18 -14.716 -15.007 -13.885 -14.283 -14.72 -15.01 -15.098 -15.056 -14.261 -14.833 -15.084 -15.108 -15.047 -14.888 -15.093 -15.117 -15.079 -15.058 -15.031 -14.959 -15.096 -14.766 -14.43 -13.971 -15.001
1.770098 -11.714 -12.078 -12.906 -14.077 -14.645 -14.962 -13.798 -14.186 -14.65 -14.965 -15.072 -15.046 -14.162 -14.772 -15.05 -15.089 -15.039 -14.831 -15.06 -15.099 -15.069 -15.054 -14.997 -14.911 -15.069 -14.773 -14.445 -13.993 -14.964
1.823633 -11.537 -11.884 -12.754 -13.969 -14.571 -14.913 -13.709 -14.084 -14.577 -14.918 -15.044 -15.035 -14.058 -14.708 -15.015 -15.069 -15.029 -14.771 -15.024 -15.079 -15.058 -15.048 -14.96 -14.86 -15.04 -14.779 -14.459 -14.014 -14.926
1.878788 -11.357 -11.683 -12.597 -13.856 -14.494 -14.862 -13.618 -13.978 -14.499 -14.868 -15.015 -15.021 -13.949 -14.64 -14.976 -15.046 -15.018 -14.708 -14.986 -15.057 -15.045 -15.041 -14.921 -14.806 -15.009 -14.784 -14.473 -14.034 -14.886
1.93561 -11.175 -11.475 -12.435 -13.739 -14.412 -14.808 -13.524 -13.866 -14.419 -14.815 -14.983 -15.007 -13.836 -14.569 -14.935 -15.022 -15.006 -14.642 -14.946 -15.033 -15.031 -15.032 -14.879 -14.75 -14.976 -14.788 -14.486 -14.054 -14.843
1.994152 -10.993 -11.26 -12.268 -13.616 -14.326 -14.751 -13.427 -13.75 -14.334 -14.758 -14.948 -14.99 -13.718 -14.494 -14.892 -14.995 -14.991 -14.572 -14.903 -15.006 -15.014 -15.022 -14.835 -14.69 -14.94 -14.791 -14.498 -14.074 -14.798
2.054463 -10.81 -11.038 -12.095 -13.489 -14.237 -14.691 -13.328 -13.629 -14.245 -14.699 -14.911 -14.972 -13.594 -14.416 -14.845 -14.966 -14.975 -14.498 -14.857 -14.978 -14.996 -15.01 -14.789 -14.627 -14.902 -14.793 -14.51 -14.092 -14.751
2.116599 -10.628 -10.807 -11.917 -13.356 -14.143 -14.627 -13.226 -13.503 -14.152 -14.636 -14.872 -14.951 -13.466 -14.334 -14.796 -14.935 -14.957 -14.421 -14.808 -14.947 -14.977 -14.997 -14.74 -14.561 -14.861 -14.793 -14.52 -14.111 -14.702
2.180614 -10.447 -10.569 -11.733 -13.217 -14.044 -14.559 -13.122 -13.372 -14.055 -14.57 -14.831 -14.929 -13.332 -14.247 -14.744 -14.902 -14.937 -14.341 -14.757 -14.915 -14.955 -14.982 -14.689 -14.492 -14.818 -14.793 -14.53 -14.129 -14.65
2.246566 -10.27 -10.323 -11.544 -13.073 -13.942 -14.489 -13.014 -13.235 -13.953 -14.501 -14.786 -14.905 -13.192 -14.157 -14.689 -14.866 -14.916 -14.256 -14.702 -14.879 -14.931 -14.966 -14.635 -14.419 -14.772 -14.791 -14.539 -14.146 -14.596
2.314511 -10.096 -10.069 -11.35 -12.923 -13.834 -14.414 -12.904 -13.093 -13.847 -14.427 -14.739 -14.879 -13.047 -14.063 -14.63 -14.827 -14.892 -14.168 -14.645 -14.841 -14.905 -14.947 -14.578 -14.343 -14.723 -14.788 -14.547 -14.163 -14.54
2.384512 -9.927 -9.807 -11.15 -12.767 -13.722 -14.336 -12.79 -12.945 -13.736 -14.35 -14.689 -14.851 -12.895 -13.964 -14.568 -14.786 -14.866 -14.075 -14.584 -14.801 -14.877 -14.927 -14.518 -14.263 -14.672 -14.784 -14.554 -14.179 -14.481
2.45663 -9.765 -9.536 -10.944 -12.605 -13.605 -14.254 -12.674 -12.79 -13.621 -14.27 -14.636 -14.82 -12.738 -13.861 -14.503 -14.743 -14.838 -13.979 -14.52 -14.758 -14.847 -14.905 -14.456 -14.179 -14.618 -14.778 -14.56 -14.195 -14.419
2.530929 -9.611 -9.256 -10.733 -12.437 -13.483 -14.167 -12.555 -12.63 -13.5 -14.185 -14.581 -14.787 -12.575 -13.753 -14.435 -14.696 -14.808 -13.878 -14.452 -14.713 -14.814 -14.882 -14.39 -14.092 -14.56 -14.771 -14.565 -14.209 -14.355
2.607475 -9.465 -8.967 -10.516 -12.262 -13.356 -14.077 -12.432 -12.464 -13.375 -14.096 -14.522 -14.752 -12.405 -13.641 -14.363 -14.647 -14.776 -13.773 -14.382 -14.664 -14.78 -14.856 -14.322 -14.001 -14.5 -14.762 -14.569 -14.224 -14.289
2.686337 -9.329 -8.67 -10.294 -12.08 -13.223 -13.982 -12.306 -12.291 -13.244 -14.003 -14.46 -14.715 -12.228 -13.524 -14.287 -14.595 -14.741 -13.664 -14.307 -14.613 -14.742 -14.828 -14.25 -13.906 -14.436 -14.752 -14.573 -14.237 -14.22
2.767583 -9.203 -8.364 -10.067 -11.892 -13.085 -13.883 -12.177 -12.112 -13.108 -13.906 -14.395 -14.675 -12.045 -13.401 -14.208 -14.539 -14.704 -13.551 -14.229 -14.559 -14.703 -14.798 -14.175 -13.806 -14.369 -14.741 -14.575 -14.25 -14.148
2.851287 -9.087 -8.049 -9.834 -11.697 -12.942 -13.779 -12.045 -11.925 -12.966 -13.805 -14.327 -14.632 -11.854 -13.274 -14.124 -14.481 -14.664 -13.433 -14.147 -14.501 -14.66 -14.766 -14.097 -13.703 -14.299 -14.728 -14.576 -14.263 -14.074
2.937522 -8.982 -7.725 -9.595 -11.494 -12.792 -13.671 -11.909 -11.732 -12.819 -13.698 -14.255 -14.587 -11.657 -13.142 -14.037 -14.42 -14.622 -13.31 -14.061 -14.441 -14.615 -14.732 -14.016 -13.595 -14.225 -14.713 -14.576 -14.274 -13.998
3.026365 -8.886 -7.392 -9.352 -11.284 -12.637 -13.558 -11.769 -11.532 -12.666 -13.588 -14.18 -14.539 -11.452 -13.004 -13.945 -14.355 -14.577 -13.183 -13.972 -14.377 -14.568 -14.695 -13.931 -13.482 -14.147 -14.696 -14.575 -14.285 -13.918
3.117896 -8.799 -7.052 -9.103 -11.066 -12.476 -13.44 -11.626 -11.324 -12.507 -13.472 -14.101 -14.489 -11.24 -12.861 -13.85 -14.286 -14.529 -13.051 -13.878 -14.31 -14.517 -14.656 -13.843 -13.365 -14.066 -14.678 -14.572 -14.295 -13.836
3.212194 -8.721 -6.704 -8.849 -10.841 -12.308 -13.317 -11.48 -11.109 -12.342 -13.351 -14.018 -14.435 -11.02 -12.712 -13.749 -14.215 -14.479 -12.914 -13.78 -14.24 -14.464 -14.614 -13.751 -13.244 -13.982 -14.658 -14.569 -14.305 -13.752
3.309345 -8.65 -6.35 -8.591 -10.608 -12.134 -13.188 -11.33 -10.886 -12.171 -13.226 -13.932 -14.379 -10.792 -12.557 -13.645 -14.139 -14.425 -12.773 -13.678 -14.166 -14.407 -14.57 -13.656 -13.117 -13.893 -14.636 -14.564 -14.313 -13.665
3.409434 -8.585 -5.992 -8.328 -10.366 -11.954 -13.055 -11.176 -10.655 -11.994 -13.095 -13.842 -14.319 -10.555 -12.397 -13.536 -14.06 -14.369 -12.627 -13.572 -14.088 -14.348 -14.524 -13.556 -12.986 -13.801 -14.612 -14.558 -14.321 -13.575
