web/models/kne.last_good/kappa_0.5_3.0.v2/3/villar_0.0023_0.4530_0.5000.dat
# %ECSV 1.0
# ---
# datatype:
# - {name: time, datatype: float64}
# - {name: swift_uvot_uvw2, datatype: float64}
# - {name: swift_uvot_uvm2, datatype: float64}
# - {name: swift_uvot_uvw1, datatype: float64}
# - {name: swift_uvot_U, datatype: float64}
# - {name: swift_uvot_B, datatype: float64}
# - {name: swift_uvot_V, datatype: float64}
# - {name: swift_uvot_W, datatype: float64}
# - {name: johnson_U, datatype: float64}
# - {name: johnson_B, datatype: float64}
# - {name: johnson_V, datatype: float64}
# - {name: johnson_R, datatype: float64}
# - {name: johnson_I, datatype: float64}
# - {name: sdss_u, datatype: float64}
# - {name: sdss_g, datatype: float64}
# - {name: sdss_r, datatype: float64}
# - {name: sdss_i, datatype: float64}
# - {name: sdss_z, datatype: float64}
# - {name: PS1_g, datatype: float64}
# - {name: PS1_r, datatype: float64}
# - {name: PS1_i, datatype: float64}
# - {name: PS1_z, datatype: float64}
# - {name: PS1_Y, datatype: float64}
# - {name: PS1_w, datatype: float64}
# - {name: ATLAS_c, datatype: float64}
# - {name: ATLAS_o, datatype: float64}
# - {name: ukirt_J, datatype: float64}
# - {name: ukirt_H, datatype: float64}
# - {name: ukirt_K, datatype: float64}
# - {name: Clear, datatype: float64}
# meta: !!omap
# - comment: [kappa = 0.5, type = villar, mass = 0.0022901433483143324, velocity = 0.453, theta_obs = 0.0, tfloor = 2500.0]
# schema: astropy-2.0
time swift_uvot_uvw2 swift_uvot_uvm2 swift_uvot_uvw1 swift_uvot_U swift_uvot_B swift_uvot_V swift_uvot_W johnson_U johnson_B johnson_V johnson_R johnson_I sdss_u sdss_g sdss_r sdss_i sdss_z PS1_g PS1_r PS1_i PS1_z PS1_Y PS1_w ATLAS_c ATLAS_o ukirt_J ukirt_H ukirt_K Clear
[from data line 356]
40.431627 3.873 9.072 8.106 6.403 3.616 1.614 3.499 5.906 3.485 1.496 -0.089 -1.166 6.129 2.766 0.637 -0.487 -1.258 1.791 0.468 -0.566 -1.182 -1.641 0.314 1.553 0.001 -2.169 -2.49 -2.55 -0.146
41.654454 3.962 9.161 8.195 6.492 3.705 1.703 3.588 5.995 3.574 1.585 -0.0 -1.077 6.218 2.855 0.726 -0.398 -1.169 1.88 0.557 -0.477 -1.093 -1.552 0.403 1.642 0.09 -2.08 -2.401 -2.461 -0.057
42.914265 4.051 9.25 8.284 6.581 3.794 1.792 3.677 6.084 3.663 1.674 0.089 -0.988 6.307 2.944 0.815 -0.309 -1.08 1.969 0.646 -0.388 -1.004 -1.463 0.492 1.731 0.179 -1.991 -2.312 -2.372 0.032
44.212178 4.141 9.339 8.373 6.67 3.883 1.881 3.766 6.173 3.752 1.763 0.178 -0.899 6.396 3.033 0.904 -0.22 -0.991 2.058 0.735 -0.299 -0.915 -1.374 0.581 1.82 0.268 -1.902 -2.223 -2.283 0.121
45.549345 4.23 9.428 8.462 6.759 3.973 1.97 3.855 6.263 3.842 1.852 0.267 -0.81 6.485 3.122 0.994 -0.131 -0.902 2.148 0.824 -0.21 -0.825 -1.285 0.671 1.909 0.357 -1.813 -2.133 -2.194 0.21
46.926954 4.319 9.517 8.551 6.849 4.062 2.06 3.944 6.352 3.931 1.941 0.356 -0.72 6.574 3.211 1.083 -0.042 -0.813 2.237 0.913 -0.121 -0.736 -1.195 0.76 1.998 0.446 -1.724 -2.044 -2.105 0.3
48.346227 4.408 9.607 8.641 6.938 4.151 2.149 4.033 6.441 4.02 2.03 0.446 -0.631 6.664 3.301 1.172 0.047 -0.724 2.326 1.003 -0.031 -0.647 -1.106 0.849 2.087 0.535 -1.635 -1.955 -2.016 0.389
49.808426 4.497 9.696 8.73 7.027 4.24 2.238 4.123 6.53 4.109 2.12 0.535 -0.542 6.753 3.39 1.261 0.137 -0.634 2.415 1.092 0.058 -0.558 -1.017 0.938 2.177 0.625 -1.546 -1.866 -1.926 0.478
51.314848 4.587 9.785 8.819 7.116 4.33 2.327 4.212 6.62 4.199 2.209 0.624 -0.453 6.842 3.479 1.351 0.226 -0.545 2.505 1.181 0.147 -0.468 -0.928 1.027 2.266 0.714 -1.456 -1.776 -1.837 0.567
52.86683 4.676 9.874 8.909 7.206 4.419 2.417 4.301 6.709 4.288 2.298 0.714 -0.363 6.932 3.569 1.44 0.315 -0.456 2.594 1.27 0.237 -0.379 -0.838 1.117 2.355 0.803 -1.367 -1.687 -1.748 0.657
54.465752 4.765 9.964 8.998 7.295 4.508 2.506 4.391 6.798 4.377 2.388 0.803 -0.274 7.021 3.658 1.529 0.405 -0.366 2.683 1.36 0.326 -0.29 -0.749 1.206 2.445 0.893 -1.277 -1.598 -1.658 0.746
56.113031 4.855 10.053 9.087 7.385 4.598 2.596 4.48 6.888 4.467 2.477 0.892 -0.185 7.11 3.747 1.619 0.494 -0.277 2.773 1.449 0.415 -0.2 -0.659 1.296 2.534 0.982 -1.188 -1.508 -1.569 0.836
57.810132 4.944 10.143 9.177 7.474 4.687 2.685 4.569 6.977 4.556 2.567 0.982 -0.095 7.2 3.837 1.708 0.583 -0.187 2.862 1.539 0.505 -0.111 -0.57 1.385 2.624 1.071 -1.099 -1.419 -1.479 0.925
59.55856 5.034 10.232 9.266 7.564 4.777 2.775 4.659 7.067 4.646 2.656 1.071 -0.006 7.289 3.926 1.798 0.673 -0.098 2.952 1.628 0.594 -0.021 -0.481 1.475 2.713 1.161 -1.009 -1.329 -1.39 1.015
61.359868 5.123 10.322 9.356 7.653 4.866 2.864 4.749 7.156 4.735 2.746 1.161 0.084 7.379 4.016 1.887 0.763 -0.008 3.041 1.718 0.684 0.068 -0.391 1.564 2.803 1.251 -0.92 -1.24 -1.3 1.104
63.215655 5.213 10.411 9.445 7.743 4.956 2.954 4.838 7.246 4.825 2.835 1.25 0.174 7.469 4.106 1.977 0.852 0.081 3.131 1.807 0.773 0.158 -0.301 1.654 2.892 1.34 -0.83 -1.15 -1.211 1.194
65.127569 5.303 10.501 9.535 7.832 5.045 3.043 4.928 7.335 4.914 2.925 1.34 0.263 7.558 4.195 2.066 0.942 0.171 3.22 1.897 0.863 0.247 -0.212 1.743 2.982 1.43 -0.74 -1.061 -1.121 1.283
67.097308 5.392 10.591 9.625 7.922 5.135 3.133 5.017 7.425 5.004 3.015 1.43 0.353 7.648 4.285 2.156 1.031 0.261 3.31 1.987 0.953 0.337 -0.122 1.833 3.071 1.519 -0.651 -0.971 -1.032 1.373
69.126621 5.482 10.68 9.714 8.012 5.225 3.223 5.107 7.515 5.094 3.104 1.519 0.443 7.738 4.374 2.246 1.121 0.35 3.4 2.076 1.042 0.427 -0.032 1.923 3.161 1.609 -0.561 -0.881 -0.942 1.463
71.217308 5.572 10.77 9.804 8.101 5.315 3.312 5.197 7.605 5.184 3.194 1.609 0.532 7.827 4.464 2.335 1.211 0.44 3.49 2.166 1.132 0.516 0.057 2.012 3.251 1.699 -0.471 -0.792 -0.852 1.552
73.371227 5.661 10.86 9.894 8.191 5.404 3.402 5.287 7.694 5.273 3.284 1.699 0.622 7.917 4.554 2.425 1.301 0.53 3.579 2.256 1.222 0.606 0.147 2.102 3.341 1.789 -0.382 -0.702 -0.762 1.642
75.59029 5.751 10.95 9.984 8.281 5.494 3.492 5.376 7.784 5.363 3.374 1.789 0.712 8.007 4.644 2.515 1.39 0.62 3.669 2.346 1.312 0.696 0.237 2.192 3.43 1.878 -0.292 -0.612 -0.673 1.732
77.876467 5.841 11.039 10.074 8.371 5.584 3.582 5.466 7.874 5.453 3.463 1.878 0.802 8.097 4.734 2.605 1.48 0.709 3.759 2.435 1.402 0.786 0.327 2.282 3.52 1.968 -0.202 -0.522 -0.583 1.822
80.231787 5.931 11.129 10.163 8.461 5.674 3.672 5.556 7.964 5.543 3.553 1.968 0.892 8.186 4.823 2.695 1.57 0.799 3.849 2.525 1.491 0.876 0.417 2.372 3.61 2.058 -0.112 -0.432 -0.493 1.912
82.658343 6.021 11.219 10.253 8.551 5.764 3.762 5.646 8.054 5.633 3.643 2.058 0.981 8.276 4.913 2.785 1.66 0.889 3.939 2.615 1.581 0.966 0.506 2.462 3.7 2.148 -0.022 -0.342 -0.403 2.002
85.158288 6.111 11.309 10.343 8.64 5.854 3.851 5.736 8.144 5.723 3.733 2.148 1.071 8.366 5.003 2.875 1.75 0.979 4.029 2.705 1.671 1.056 0.596 2.552 3.79 2.238 0.068 -0.252 -0.313 2.091
87.733843 6.201 11.399 10.433 8.73 5.944 3.941 5.826 8.234 5.813 3.823 2.238 1.161 8.456 5.093 2.965 1.84 1.069 4.119 2.795 1.761 1.146 0.686 2.642 3.88 2.328 0.158 -0.162 -0.223 2.181
90.387293 6.291 11.489 10.523 8.82 6.034 4.031 5.916 8.324 5.903 3.913 2.328 1.251 8.546 5.183 3.055 1.93 1.159 4.209 2.885 1.851 1.236 0.776 2.732 3.97 2.418 0.248 -0.072 -0.133 2.271
93.120995 6.381 11.579 10.613 8.91 6.124 4.121 6.006 8.414 5.993 4.003 2.418 1.341 8.636 5.273 3.145 2.02 1.249 4.299 2.975 1.941 1.326 0.866 2.822 4.06 2.508 0.338 0.018 -0.043 2.361
95.937376 6.471 11.669 10.703 9.001 6.214 4.212 6.096 8.504 6.083 4.093 2.508 1.431 8.726 5.363 3.235 2.11 1.339 4.389 3.065 2.031 1.416 0.956 2.912 4.15 2.598 0.428 0.108 0.047 2.452
98.838937 6.561 11.759 10.793 9.091 6.304 4.302 6.186 8.594 6.173 4.183 2.598 1.522 8.817 5.453 3.325 2.2 1.429 4.479 3.155 2.121 1.506 1.047 3.002 4.24 2.688 0.518 0.198 0.137 2.542
101.828253 6.651 11.849 10.884 9.181 6.394 4.392 6.276 8.684 6.263 4.273 2.689 1.612 8.907 5.544 3.415 2.29 1.519 4.569 3.245 2.212 1.596 1.137 3.092 4.33 2.778 0.608 0.288 0.227 2.632
104.907979 6.741 11.94 10.974 9.271 6.484 4.482 6.366 8.774 6.353 4.364 2.779 1.702 8.997 5.634 3.505 2.38 1.61 4.659 3.336 2.302 1.686 1.227 3.182 4.42 2.868 0.698 0.378 0.317 2.722
108.080849 6.831 12.03 11.064 9.361 6.574 4.572 6.457 8.864 6.443 4.454 2.869 1.792 9.087 5.724 3.595 2.471 1.7 4.749 3.426 2.392 1.776 1.317 3.272 4.511 2.959 0.789 0.468 0.408 2.812
111.349681 6.922 12.12 11.154 9.451 6.665 4.662 6.547 8.955 6.534 4.544 2.959 1.882 9.177 5.814 3.685 2.561 1.79 4.84 3.516 2.482 1.866 1.407 3.362 4.601 3.049 0.879 0.558 0.498 2.902
114.717376 7.012 12.21 11.244 9.542 6.755 4.753 6.637 9.045 6.624 4.634 3.049 1.972 9.267 5.904 3.776 2.651 1.88 4.93 3.606 2.572 1.957 1.498 3.453 4.691 3.139 0.969 0.649 0.588 2.993
118.186925 7.102 12.301 11.335 9.632 6.845 4.843 6.727 9.135 6.714 4.724 3.14 2.063 9.358 5.995 3.866 2.741 1.97 5.02 3.697 2.663 2.047 1.588 3.543 4.781 3.229 1.059 0.739 0.678 3.083
121.761408 7.192 12.391 11.425 9.722 6.935 4.933 6.818 9.225 6.804 4.815 3.23 2.153 9.448 6.085 3.956 2.832 2.061 5.11 3.787 2.753 2.137 1.678 3.633 4.872 3.32 1.15 0.829 0.769 3.173
125.443999 7.283 12.481 11.515 9.813 7.026 5.024 6.908 9.316 6.895 4.905 3.32 2.243 9.538 6.175 4.047 2.922 2.151 5.201 3.877 2.843 2.228 1.769 3.724 4.962 3.41 1.24 0.92 0.859 3.264
129.237967 7.373 12.572 11.606 9.903 7.116 5.114 6.998 9.406 6.985 4.996 3.411 2.334 9.629 6.266 4.137 3.012 2.242 5.291 3.968 2.934 2.318 1.859 3.814 5.052 3.5 1.33 1.01 0.949 3.354
133.146681 7.464 12.662 11.696 9.993 7.207 5.204 7.089 9.496 7.076 5.086 3.501 2.424 9.719 6.356 4.227 3.103 2.332 5.382 4.058 3.024 2.408 1.949 3.904 5.143 3.591 1.421 1.1 1.04 3.444
137.173612 7.554 12.752 11.787 10.084 7.297 5.295 7.179 9.587 7.166 5.176 3.592 2.515 9.81 6.447 4.318 3.193 2.422 5.472 4.148 3.115 2.499 2.04 3.995 5.233 3.681 1.511 1.191 1.13 3.535
141.322334 7.645 12.843 11.877 10.174 7.387 5.385 7.27 9.677 7.256 5.267 3.682 2.605 9.9 6.537 4.408 3.284 2.513 5.562 4.239 3.205 2.589 2.13 4.085 5.324 3.772 1.602 1.281 1.221 3.625
145.596532 7.735 12.933 11.968 10.265 7.478 5.476 7.36 9.768 7.347 5.357 3.772 2.696 9.991 6.628 4.499 3.374 2.603 5.653 4.329 3.296 2.68 2.221 4.176 5.414 3.862 1.692 1.372 1.311 3.716
150.0 7.826 13.024 12.058 10.355 7.568 5.566 7.451 9.858 7.437 5.448 3.863 2.786 10.081 6.718 4.589 3.465 2.694 5.743 4.42 3.386 2.77 2.311 4.266 5.505 3.953 1.783 1.462 1.402 3.806
