web/models/kne.last_good/kappa_0.5_3.0.v2/3/villar_0.0224_0.4373_0.5000.dat
# %ECSV 1.0
# ---
# datatype:
# - {name: time, datatype: float64}
# - {name: swift_uvot_uvw2, datatype: float64}
# - {name: swift_uvot_uvm2, datatype: float64}
# - {name: swift_uvot_uvw1, datatype: float64}
# - {name: swift_uvot_U, datatype: float64}
# - {name: swift_uvot_B, datatype: float64}
# - {name: swift_uvot_V, datatype: float64}
# - {name: swift_uvot_W, datatype: float64}
# - {name: johnson_U, datatype: float64}
# - {name: johnson_B, datatype: float64}
# - {name: johnson_V, datatype: float64}
# - {name: johnson_R, datatype: float64}
# - {name: johnson_I, datatype: float64}
# - {name: sdss_u, datatype: float64}
# - {name: sdss_g, datatype: float64}
# - {name: sdss_r, datatype: float64}
# - {name: sdss_i, datatype: float64}
# - {name: sdss_z, datatype: float64}
# - {name: PS1_g, datatype: float64}
# - {name: PS1_r, datatype: float64}
# - {name: PS1_i, datatype: float64}
# - {name: PS1_z, datatype: float64}
# - {name: PS1_Y, datatype: float64}
# - {name: PS1_w, datatype: float64}
# - {name: ATLAS_c, datatype: float64}
# - {name: ATLAS_o, datatype: float64}
# - {name: ukirt_J, datatype: float64}
# - {name: ukirt_H, datatype: float64}
# - {name: ukirt_K, datatype: float64}
# - {name: Clear, datatype: float64}
# meta: !!omap
# - comment: [kappa = 0.5, type = villar, mass = 0.022360679775100388, velocity = 0.43733333333333335, theta_obs = 0.0, tfloor = 2500.0]
# schema: astropy-2.0
time swift_uvot_uvw2 swift_uvot_uvm2 swift_uvot_uvw1 swift_uvot_U swift_uvot_B swift_uvot_V swift_uvot_W johnson_U johnson_B johnson_V johnson_R johnson_I sdss_u sdss_g sdss_r sdss_i sdss_z PS1_g PS1_r PS1_i PS1_z PS1_Y PS1_w ATLAS_c ATLAS_o ukirt_J ukirt_H ukirt_K Clear
[from data line 272]
3.309345 -7.253 -2.055 -3.021 -4.724 -7.511 -9.513 -7.628 -5.221 -7.642 -9.631 -11.216 -12.293 -4.998 -8.361 -10.49 -11.614 -12.385 -9.336 -10.659 -11.693 -12.309 -12.768 -10.813 -9.574 -11.126 -13.296 -13.617 -13.677 -11.273
3.409434 -7.188 -1.99 -2.956 -4.659 -7.445 -9.448 -7.563 -5.155 -7.576 -9.566 -11.151 -12.228 -4.933 -8.296 -10.424 -11.549 -12.32 -9.27 -10.594 -11.628 -12.243 -12.703 -10.748 -9.509 -11.061 -13.231 -13.551 -13.612 -11.208
3.51255 -7.123 -1.924 -2.89 -4.593 -7.38 -9.382 -7.498 -5.09 -7.511 -9.501 -11.085 -12.162 -4.867 -8.23 -10.359 -11.484 -12.255 -9.205 -10.528 -11.562 -12.178 -12.637 -10.682 -9.444 -10.996 -13.166 -13.486 -13.547 -11.142
3.618785 -7.057 -1.859 -2.825 -4.527 -7.314 -9.316 -7.432 -5.024 -7.445 -9.435 -11.02 -12.097 -4.802 -8.165 -10.293 -11.418 -12.189 -9.139 -10.463 -11.497 -12.112 -12.572 -10.616 -9.378 -10.93 -13.1 -13.42 -13.481 -11.076
3.728232 -6.991 -1.793 -2.759 -4.461 -7.248 -9.25 -7.366 -4.958 -7.379 -9.369 -10.954 -12.031 -4.736 -8.099 -10.227 -11.352 -12.123 -9.073 -10.397 -11.431 -12.046 -12.506 -10.55 -9.312 -10.864 -13.034 -13.354 -13.415 -11.011
3.84099 -6.925 -1.727 -2.692 -4.395 -7.182 -9.184 -7.3 -4.892 -7.313 -9.303 -10.888 -11.964 -4.669 -8.032 -10.161 -11.286 -12.057 -9.007 -10.331 -11.364 -11.98 -12.439 -10.484 -9.246 -10.798 -12.968 -13.288 -13.349 -10.944
3.957158 -6.859 -1.66 -2.626 -4.329 -7.116 -9.118 -7.233 -4.826 -7.247 -9.236 -10.821 -11.898 -4.603 -7.966 -10.095 -11.219 -11.99 -8.941 -10.264 -11.298 -11.914 -12.373 -10.418 -9.179 -10.731 -12.901 -13.222 -13.282 -10.878
4.07684 -6.792 -1.593 -2.559 -4.262 -7.049 -9.051 -7.167 -4.759 -7.18 -9.17 -10.754 -11.831 -4.536 -7.899 -10.028 -11.153 -11.924 -8.874 -10.197 -11.231 -11.847 -12.306 -10.351 -9.113 -10.665 -12.835 -13.155 -13.216 -10.811
4.200141 -6.725 -1.526 -2.492 -4.195 -6.982 -8.984 -7.1 -4.692 -7.113 -9.103 -10.687 -11.764 -4.469 -7.832 -9.961 -11.086 -11.857 -8.807 -10.13 -11.164 -11.78 -12.239 -10.284 -9.046 -10.598 -12.768 -13.088 -13.149 -10.744
4.327172 -6.658 -1.459 -2.425 -4.128 -6.915 -8.917 -7.032 -4.625 -7.046 -9.035 -10.62 -11.697 -4.402 -7.765 -9.894 -11.019 -11.789 -8.74 -10.063 -11.097 -11.713 -12.172 -10.217 -8.978 -10.531 -12.701 -13.021 -13.081 -10.677
4.458044 -6.59 -1.392 -2.358 -4.061 -6.847 -8.849 -6.965 -4.557 -6.978 -8.968 -10.553 -11.63 -4.335 -7.698 -9.826 -10.951 -11.722 -8.672 -9.996 -11.03 -11.645 -12.105 -10.149 -8.911 -10.463 -12.633 -12.953 -13.014 -10.61
4.592874 -6.523 -1.324 -2.29 -3.993 -6.78 -8.782 -6.897 -4.49 -6.911 -8.9 -10.485 -11.562 -4.267 -7.63 -9.759 -10.883 -11.654 -8.605 -9.928 -10.962 -11.578 -12.037 -10.082 -8.843 -10.395 -12.565 -12.886 -12.946 -10.542
4.731783 -6.455 -1.256 -2.222 -3.925 -6.712 -8.714 -6.829 -4.422 -6.843 -8.832 -10.417 -11.494 -4.199 -7.562 -9.691 -10.815 -11.586 -8.537 -9.86 -10.894 -11.51 -11.969 -10.014 -8.775 -10.327 -12.498 -12.818 -12.878 -10.474
4.874892 -6.387 -1.188 -2.154 -3.857 -6.644 -8.646 -6.761 -4.354 -6.775 -8.764 -10.349 -11.426 -4.131 -7.494 -9.623 -10.747 -11.518 -8.469 -9.792 -10.826 -11.442 -11.901 -9.946 -8.707 -10.259 -12.429 -12.75 -12.81 -10.406
5.02233 -6.318 -1.12 -2.086 -3.788 -6.575 -8.577 -6.693 -4.285 -6.706 -8.696 -10.281 -11.358 -4.063 -7.426 -9.554 -10.679 -11.45 -8.4 -9.724 -10.758 -11.373 -11.832 -9.877 -8.639 -10.191 -12.361 -12.681 -12.742 -10.337
5.174227 -6.25 -1.051 -2.017 -3.72 -6.507 -8.509 -6.624 -4.217 -6.638 -8.627 -10.212 -11.289 -3.994 -7.357 -9.486 -10.61 -11.381 -8.332 -9.655 -10.689 -11.305 -11.764 -9.809 -8.57 -10.122 -12.292 -12.613 -12.673 -10.269
5.330718 -6.181 -0.982 -1.948 -3.651 -6.438 -8.44 -6.556 -4.148 -6.569 -8.558 -10.143 -11.22 -3.925 -7.288 -9.417 -10.542 -11.312 -8.263 -9.586 -10.62 -11.236 -11.695 -9.74 -8.502 -10.054 -12.224 -12.544 -12.604 -10.2
5.491942 -6.112 -0.913 -1.879 -3.582 -6.369 -8.371 -6.486 -4.079 -6.5 -8.489 -10.074 -11.151 -3.856 -7.219 -9.348 -10.473 -11.243 -8.194 -9.517 -10.551 -11.167 -11.626 -9.671 -8.432 -9.985 -12.155 -12.475 -12.535 -10.131
5.658042 -6.042 -0.844 -1.81 -3.513 -6.3 -8.302 -6.417 -4.01 -6.431 -8.42 -10.005 -11.082 -3.787 -7.15 -9.279 -10.403 -11.174 -8.125 -9.448 -10.482 -11.098 -11.557 -9.602 -8.363 -9.915 -12.085 -12.406 -12.466 -10.062
5.829166 -5.973 -0.775 -1.74 -3.443 -6.23 -8.232 -6.348 -3.94 -6.361 -8.351 -9.935 -11.012 -3.717 -7.08 -9.209 -10.334 -11.105 -8.055 -9.379 -10.412 -11.028 -11.487 -9.532 -8.294 -9.846 -12.016 -12.336 -12.397 -9.992
6.005465 -5.903 -0.705 -1.671 -3.374 -6.16 -8.163 -6.278 -3.87 -6.291 -8.281 -9.866 -10.943 -3.648 -7.011 -9.139 -10.264 -11.035 -7.985 -9.309 -10.343 -10.958 -11.418 -9.462 -8.224 -9.776 -11.946 -12.266 -12.327 -9.923
6.187096 -5.833 -0.635 -1.601 -3.304 -6.09 -8.093 -6.208 -3.801 -6.222 -8.211 -9.796 -10.873 -3.578 -6.941 -9.07 -10.194 -10.965 -7.915 -9.239 -10.273 -10.889 -11.348 -9.393 -8.154 -9.706 -11.876 -12.197 -12.257 -9.853
6.37422 -5.763 -0.565 -1.531 -3.234 -6.02 -8.023 -6.138 -3.73 -6.151 -8.141 -9.726 -10.803 -3.508 -6.871 -8.999 -10.124 -10.895 -7.845 -9.169 -10.203 -10.818 -11.278 -9.323 -8.084 -9.636 -11.806 -12.126 -12.187 -9.783
6.567004 -5.693 -0.495 -1.46 -3.163 -5.95 -7.952 -6.068 -3.66 -6.081 -8.071 -9.656 -10.732 -3.437 -6.8 -8.929 -10.054 -10.825 -7.775 -9.099 -10.132 -10.748 -11.207 -9.252 -8.014 -9.566 -11.736 -12.056 -12.117 -9.712
6.765619 -5.623 -0.424 -1.39 -3.093 -5.88 -7.882 -5.997 -3.59 -6.011 -8.0 -9.585 -10.662 -3.367 -6.73 -8.859 -9.983 -10.754 -7.705 -9.028 -10.062 -10.678 -11.137 -9.182 -7.943 -9.495 -11.665 -11.986 -12.046 -9.642
6.97024 -5.552 -0.353 -1.319 -3.022 -5.809 -7.811 -5.927 -3.519 -5.94 -7.93 -9.514 -10.591 -3.296 -6.659 -8.788 -9.913 -10.684 -7.634 -8.957 -9.991 -10.607 -11.066 -9.111 -7.873 -9.425 -11.595 -11.915 -11.976 -9.571
7.181051 -5.481 -0.283 -1.248 -2.951 -5.738 -7.74 -5.856 -3.448 -5.869 -7.859 -9.444 -10.52 -3.225 -6.588 -8.717 -9.842 -10.613 -7.563 -8.887 -9.92 -10.536 -10.995 -9.04 -7.802 -9.354 -11.524 -11.844 -11.905 -9.5
7.398237 -5.41 -0.212 -1.177 -2.88 -5.667 -7.669 -5.785 -3.377 -5.798 -7.788 -9.373 -10.449 -3.154 -6.517 -8.646 -9.771 -10.542 -7.492 -8.816 -9.849 -10.465 -10.924 -8.969 -7.731 -9.283 -11.453 -11.773 -11.834 -9.429
7.621991 -5.339 -0.14 -1.106 -2.809 -5.596 -7.598 -5.714 -3.306 -5.727 -7.716 -9.301 -10.378 -3.083 -6.446 -8.575 -9.7 -10.47 -7.421 -8.744 -9.778 -10.394 -10.853 -8.898 -7.66 -9.212 -11.382 -11.702 -11.763 -9.358
7.852513 -5.267 -0.069 -1.035 -2.738 -5.524 -7.527 -5.642 -3.234 -5.655 -7.645 -9.23 -10.307 -3.012 -6.375 -8.504 -9.628 -10.399 -7.349 -8.673 -9.707 -10.322 -10.782 -8.827 -7.588 -9.14 -11.31 -11.631 -11.691 -9.287
8.090007 -5.196 0.003 -0.963 -2.666 -5.453 -7.455 -5.571 -3.163 -5.584 -7.573 -9.158 -10.235 -2.94 -6.303 -8.432 -9.557 -10.327 -7.278 -8.601 -9.635 -10.251 -10.71 -8.755 -7.517 -9.069 -11.239 -11.559 -11.62 -9.215
8.334684 -5.124 0.074 -0.891 -2.594 -5.381 -7.383 -5.499 -3.091 -5.512 -7.502 -9.087 -10.163 -2.868 -6.231 -8.36 -9.485 -10.256 -7.206 -8.53 -9.563 -10.179 -10.638 -8.683 -7.445 -8.997 -11.167 -11.487 -11.548 -9.143
8.586761 -5.052 0.146 -0.82 -2.522 -5.309 -7.311 -5.427 -3.019 -5.44 -7.43 -9.015 -10.091 -2.796 -6.159 -8.288 -9.413 -10.184 -7.134 -8.458 -9.492 -10.107 -10.566 -8.611 -7.373 -8.925 -11.095 -11.415 -11.476 -9.071
8.846461 -4.98 0.218 -0.747 -2.45 -5.237 -7.239 -5.355 -2.947 -5.368 -7.358 -8.942 -10.019 -2.724 -6.087 -8.216 -9.341 -10.112 -7.062 -8.386 -9.419 -10.035 -10.494 -8.539 -7.301 -8.853 -11.023 -11.343 -11.404 -8.999
9.114017 -4.908 0.291 -0.675 -2.378 -5.165 -7.167 -5.283 -2.875 -5.296 -7.285 -8.87 -9.947 -2.652 -6.015 -8.144 -9.269 -10.039 -6.99 -8.313 -9.347 -9.963 -10.422 -8.467 -7.228 -8.781 -10.951 -11.271 -11.331 -8.927
9.389664 -4.835 0.363 -0.603 -2.306 -5.092 -7.095 -5.21 -2.802 -5.223 -7.213 -8.798 -9.875 -2.58 -5.943 -8.071 -9.196 -9.967 -6.917 -8.241 -9.275 -9.89 -10.35 -8.394 -7.156 -8.708 -10.878 -11.198 -11.259 -8.855
9.673648 -4.763 0.436 -0.53 -2.233 -5.02 -7.022 -5.137 -2.73 -5.151 -7.14 -8.725 -9.802 -2.507 -5.87 -7.999 -9.124 -9.894 -6.845 -8.168 -9.202 -9.818 -10.277 -8.322 -7.083 -8.636 -10.806 -11.126 -11.186 -8.782
9.966221 -4.69 0.509 -0.457 -2.16 -4.947 -6.949 -5.065 -2.657 -5.078 -7.068 -8.652 -9.729 -2.434 -5.797 -7.926 -9.051 -9.822 -6.772 -8.095 -9.129 -9.745 -10.204 -8.249 -7.011 -8.563 -10.733 -11.053 -11.114 -8.709
10.267642 -4.617 0.581 -0.384 -2.087 -4.874 -6.876 -4.992 -2.584 -5.005 -6.995 -8.58 -9.656 -2.361 -5.724 -7.853 -8.978 -9.749 -6.699 -8.023 -9.056 -9.672 -10.131 -8.176 -6.938 -8.49 -10.66 -10.98 -11.041 -8.636
10.57818 -4.544 0.654 -0.311 -2.014 -4.801 -6.803 -4.919 -2.511 -4.932 -6.922 -8.506 -9.583 -2.288 -5.651 -7.78 -8.905 -9.676 -6.626 -7.95 -8.983 -9.599 -10.058 -8.103 -6.865 -8.417 -10.587 -10.907 -10.968 -8.563
10.89811 -4.471 0.728 -0.238 -1.941 -4.728 -6.73 -4.846 -2.438 -4.859 -6.848 -8.433 -9.51 -2.215 -5.578 -7.707 -8.832 -9.602 -6.553 -7.876 -8.91 -9.526 -9.985 -8.03 -6.792 -8.344 -10.514 -10.834 -10.894 -8.49
11.227716 -4.397 0.801 -0.165 -1.868 -4.654 -6.657 -4.772 -2.364 -4.785 -6.775 -8.36 -9.437 -2.142 -5.505 -7.634 -8.758 -9.529 -6.479 -7.803 -8.837 -9.453 -9.912 -7.957 -6.718 -8.27 -10.44 -10.761 -10.821 -8.417
11.56729 -4.324 0.875 -0.091 -1.794 -4.581 -6.583 -4.699 -2.291 -4.712 -6.702 -8.286 -9.363 -2.068 -5.431 -7.56 -8.685 -9.456 -6.406 -7.729 -8.763 -9.379 -9.838 -7.883 -6.645 -8.197 -10.367 -10.687 -10.748 -8.343
11.917135 -4.25 0.948 -0.018 -1.721 -4.507 -6.509 -4.625 -2.217 -4.638 -6.628 -8.213 -9.29 -1.995 -5.358 -7.486 -8.611 -9.382 -6.332 -7.656 -8.69 -9.305 -9.765 -7.809 -6.571 -8.123 -10.293 -10.613 -10.674 -8.27
12.277561 -4.176 1.022 0.056 -1.647 -4.434 -6.436 -4.551 -2.144 -4.565 -6.554 -8.139 -9.216 -1.921 -5.284 -7.413 -8.537 -9.308 -6.259 -7.582 -8.616 -9.232 -9.691 -7.736 -6.497 -8.049 -10.219 -10.54 -10.6 -8.196
12.648887 -4.103 1.096 0.13 -1.573 -4.36 -6.362 -4.477 -2.07 -4.491 -6.48 -8.065 -9.142 -1.847 -5.21 -7.339 -8.463 -9.234 -6.185 -7.508 -8.542 -9.158 -9.617 -7.662 -6.423 -7.975 -10.145 -10.466 -10.526 -8.122
13.031444 -4.028 1.17 0.204 -1.499 -4.286 -6.288 -4.403 -1.996 -4.417 -6.406 -7.991 -9.068 -1.773 -5.136 -7.265 -8.389 -9.16 -6.111 -7.434 -8.468 -9.084 -9.543 -7.588 -6.349 -7.901 -10.071 -10.392 -10.452 -8.048
13.425571 -3.954 1.244 0.278 -1.425 -4.211 -6.214 -4.329 -1.921 -4.342 -6.332 -7.917 -8.994 -1.699 -5.062 -7.19 -8.315 -9.086 -6.036 -7.36 -8.394 -9.009 -9.469 -7.513 -6.275 -7.827 -9.997 -10.317 -10.378 -7.974
13.831619 -3.88 1.319 0.353 -1.35 -4.137 -6.139 -4.255 -1.847 -4.268 -6.258 -7.842 -8.919 -1.624 -4.987 -7.116 -8.241 -9.012 -5.962 -7.285 -8.319 -8.935 -9.394 -7.439 -6.201 -7.753 -9.923 -10.243 -10.304 -7.899
14.249947 -3.805 1.393 0.427 -1.276 -4.063 -6.065 -4.18 -1.773 -4.194 -6.183 -7.768 -8.845 -1.55 -4.913 -7.042 -8.166 -8.937 -5.888 -7.211 -8.245 -8.861 -9.32 -7.365 -6.126 -7.678 -9.848 -10.169 -10.229 -7.825
14.680926 -3.731 1.468 0.502 -1.201 -3.988 -5.99 -4.106 -1.698 -4.119 -6.109 -7.693 -8.77 -1.475 -4.838 -6.967 -8.092 -8.863 -5.813 -7.136 -8.17 -8.786 -9.245 -7.29 -6.052 -7.604 -9.774 -10.094 -10.155 -7.75
15.124941 -3.656 1.542 0.576 -1.126 -3.913 -5.915 -4.031 -1.623 -4.044 -6.034 -7.619 -8.696 -1.401 -4.764 -6.892 -8.017 -8.788 -5.738 -7.062 -8.096 -8.711 -9.171 -7.215 -5.977 -7.529 -9.699 -10.019 -10.08 -7.675
15.582385 -3.581 1.617 0.651 -1.052 -3.838 -5.841 -3.956 -1.548 -3.969 -5.959 -7.544 -8.621 -1.326 -4.689 -6.818 -7.942 -8.713 -5.663 -6.987 -8.021 -8.636 -9.096 -7.141 -5.902 -7.454 -9.624 -9.945 -10.005 -7.601
16.053663 -3.506 1.692 0.726 -0.977 -3.763 -5.766 -3.881 -1.474 -3.895 -5.884 -7.469 -8.546 -1.251 -4.614 -6.743 -7.867 -8.638 -5.588 -6.912 -7.946 -8.562 -9.021 -7.066 -5.827 -7.379 -9.549 -9.87 -9.93 -7.526
16.539195 -3.431 1.767 0.801 -0.902 -3.688 -5.691 -3.806 -1.398 -3.819 -5.809 -7.394 -8.471 -1.176 -4.539 -6.668 -7.792 -8.563 -5.513 -6.837 -7.871 -8.486 -8.946 -6.991 -5.752 -7.304 -9.474 -9.794 -9.855 -7.451
17.039412 -3.356 1.842 0.876 -0.826 -3.613 -5.615 -3.731 -1.323 -3.744 -5.734 -7.319 -8.396 -1.101 -4.464 -6.592 -7.717 -8.488 -5.438 -6.762 -7.796 -8.411 -8.87 -6.915 -5.677 -7.229 -9.399 -9.719 -9.78 -7.375
17.554757 -3.281 1.918 0.952 -0.751 -3.538 -5.54 -3.656 -1.248 -3.669 -5.659 -7.243 -8.32 -1.025 -4.388 -6.517 -7.642 -8.413 -5.363 -6.686 -7.72 -8.336 -8.795 -6.84 -5.602 -7.154 -9.324 -9.644 -9.705 -7.3
18.085689 -3.205 1.993 1.027 -0.676 -3.463 -5.465 -3.58 -1.173 -3.594 -5.583 -7.168 -8.245 -0.95 -4.313 -6.442 -7.566 -8.337 -5.288 -6.611 -7.645 -8.261 -8.72 -6.765 -5.526 -7.078 -9.248 -9.569 -9.629 -7.225
18.632678 -3.13 2.069 1.103 -0.6 -3.387 -5.389 -3.505 -1.097 -3.518 -5.508 -7.092 -8.169 -0.874 -4.237 -6.366 -7.491 -8.262 -5.212 -6.535 -7.569 -8.185 -8.644 -6.689 -5.451 -7.003 -9.173 -9.493 -9.554 -7.149
19.196211 -3.054 2.144 1.178 -0.525 -3.311 -5.314 -3.429 -1.021 -3.442 -5.432 -7.017 -8.094 -0.799 -4.162 -6.29 -7.415 -8.186 -5.136 -6.46 -7.494 -8.109 -8.569 -6.613 -5.375 -6.927 -9.097 -9.417 -9.478 -7.074
19.776787 -2.979 2.22 1.254 -0.449 -3.236 -5.238 -3.353 -0.946 -3.367 -5.356 -6.941 -8.018 -0.723 -4.086 -6.215 -7.339 -8.11 -5.061 -6.384 -7.418 -8.034 -8.493 -6.538 -5.299 -6.851 -9.021 -9.342 -9.402 -6.998
20.374923 -2.903 2.296 1.33 -0.373 -3.16 -5.162 -3.277 -0.87 -3.291 -5.28 -6.865 -7.942 -0.647 -4.01 -6.139 -7.264 -8.034 -4.985 -6.308 -7.342 -7.958 -8.417 -6.462 -5.223 -6.776 -8.946 -9.266 -9.326 -6.922
20.991149 -2.827 2.372 1.406 -0.297 -3.084 -5.086 -3.202 -0.794 -3.215 -5.204 -6.789 -7.866 -0.571 -3.934 -6.063 -7.188 -7.958 -4.909 -6.232 -7.266 -7.882 -8.341 -6.386 -5.148 -6.7 -8.87 -9.19 -9.25 -6.846
21.626011 -2.751 2.448 1.482 -0.221 -3.008 -5.01 -3.125 -0.718 -3.139 -5.128 -6.713 -7.79 -0.495 -3.858 -5.987 -7.111 -7.882 -4.833 -6.156 -7.19 -7.806 -8.265 -6.31 -5.071 -6.624 -8.794 -9.114 -9.174 -6.77
22.280075 -2.675 2.524 1.558 -0.145 -2.932 -4.934 -3.049 -0.642 -3.063 -5.052 -6.637 -7.714 -0.419 -3.782 -5.911 -7.035 -7.806 -4.757 -6.08 -7.114 -7.73 -8.189 -6.234 -4.995 -6.547 -8.717 -9.038 -9.098 -6.694
22.953921 -2.598 2.6 1.634 -0.069 -2.855 -4.857 -2.973 -0.565 -2.986 -4.976 -6.561 -7.638 -0.343 -3.706 -5.834 -6.959 -7.73 -4.68 -6.004 -7.038 -7.653 -8.113 -6.157 -4.919 -6.471 -8.641 -8.961 -9.022 -6.618
23.648147 -2.522 2.677 1.711 0.008 -2.779 -4.781 -2.897 -0.489 -2.91 -4.9 -6.484 -7.561 -0.266 -3.629 -5.758 -6.883 -7.654 -4.604 -5.927 -6.961 -7.577 -8.036 -6.081 -4.843 -6.395 -8.565 -8.885 -8.946 -6.541
24.363369 -2.445 2.753 1.787 0.084 -2.703 -4.705 -2.82 -0.413 -2.834 -4.823 -6.408 -7.485 -0.19 -3.553 -5.682 -6.806 -7.577 -4.528 -5.851 -6.885 -7.501 -7.96 -6.005 -4.766 -6.318 -8.488 -8.809 -8.869 -6.465
25.100222 -2.369 2.83 1.864 0.161 -2.626 -4.628 -2.744 -0.336 -2.757 -4.747 -6.331 -7.408 -0.113 -3.476 -5.605 -6.73 -7.501 -4.451 -5.774 -6.808 -7.424 -7.883 -5.928 -4.69 -6.242 -8.412 -8.732 -8.793 -6.388
25.859362 -2.292 2.906 1.94 0.237 -2.549 -4.552 -2.667 -0.259 -2.68 -4.67 -6.255 -7.332 -0.037 -3.4 -5.528 -6.653 -7.424 -4.374 -5.698 -6.732 -7.347 -7.807 -5.851 -4.613 -6.165 -8.335 -8.655 -8.716 -6.312
26.64146 -2.216 2.983 2.017 0.314 -2.473 -4.475 -2.59 -0.183 -2.604 -4.593 -6.178 -7.255 0.04 -3.323 -5.452 -6.576 -7.347 -4.298 -5.621 -6.655 -7.271 -7.73 -5.775 -4.536 -6.088 -8.258 -8.579 -8.639 -6.235
27.447213 -2.139 3.06 2.094 0.391 -2.396 -4.398 -2.514 -0.106 -2.527 -4.516 -6.101 -7.178 0.117 -3.246 -5.375 -6.5 -7.27 -4.221 -5.544 -6.578 -7.194 -7.653 -5.698 -4.46 -6.012 -8.182 -8.502 -8.562 -6.158
28.277335 -2.062 3.137 2.171 0.468 -2.319 -4.321 -2.437 -0.029 -2.45 -4.439 -6.024 -7.101 0.194 -3.169 -5.298 -6.423 -7.193 -4.144 -5.467 -6.501 -7.117 -7.576 -5.621 -4.383 -5.935 -8.105 -8.425 -8.486 -6.081
29.132564 -1.985 3.214 2.248 0.545 -2.242 -4.244 -2.36 0.048 -2.373 -4.362 -5.947 -7.024 0.271 -3.092 -5.221 -6.346 -7.116 -4.067 -5.39 -6.424 -7.04 -7.499 -5.544 -4.306 -5.858 -8.028 -8.348 -8.409 -6.004
