web/models/kne.last_good/kappa_0.5_3.0.v2/3/villar_0.2686_0.1240_0.5000.dat
# %ECSV 1.0
# ---
# datatype:
# - {name: time, datatype: float64}
# - {name: swift_uvot_uvw2, datatype: float64}
# - {name: swift_uvot_uvm2, datatype: float64}
# - {name: swift_uvot_uvw1, datatype: float64}
# - {name: swift_uvot_U, datatype: float64}
# - {name: swift_uvot_B, datatype: float64}
# - {name: swift_uvot_V, datatype: float64}
# - {name: swift_uvot_W, datatype: float64}
# - {name: johnson_U, datatype: float64}
# - {name: johnson_B, datatype: float64}
# - {name: johnson_V, datatype: float64}
# - {name: johnson_R, datatype: float64}
# - {name: johnson_I, datatype: float64}
# - {name: sdss_u, datatype: float64}
# - {name: sdss_g, datatype: float64}
# - {name: sdss_r, datatype: float64}
# - {name: sdss_i, datatype: float64}
# - {name: sdss_z, datatype: float64}
# - {name: PS1_g, datatype: float64}
# - {name: PS1_r, datatype: float64}
# - {name: PS1_i, datatype: float64}
# - {name: PS1_z, datatype: float64}
# - {name: PS1_Y, datatype: float64}
# - {name: PS1_w, datatype: float64}
# - {name: ATLAS_c, datatype: float64}
# - {name: ATLAS_o, datatype: float64}
# - {name: ukirt_J, datatype: float64}
# - {name: ukirt_H, datatype: float64}
# - {name: ukirt_K, datatype: float64}
# - {name: Clear, datatype: float64}
# meta: !!omap
# - comment: [kappa = 0.5, type = villar, mass = 0.2685795883840597, velocity = 0.124, theta_obs = 0.0, tfloor = 2500.0]
# schema: astropy-2.0
time swift_uvot_uvw2 swift_uvot_uvm2 swift_uvot_uvw1 swift_uvot_U swift_uvot_B swift_uvot_V swift_uvot_W johnson_U johnson_B johnson_V johnson_R johnson_I sdss_u sdss_g sdss_r sdss_i sdss_z PS1_g PS1_r PS1_i PS1_z PS1_Y PS1_w ATLAS_c ATLAS_o ukirt_J ukirt_H ukirt_K Clear
[from data line 204]
0.436321 -17.937 -17.747 -17.62 -17.23 -16.887 -16.515 -17.465 -17.179 -16.884 -16.505 -16.122 -15.676 -17.189 -16.769 -16.293 -15.941 -15.61 -16.763 -16.345 -16.009 -15.806 -15.854 -16.355 -16.584 -16.149 -14.944 -14.402 -13.775 -16.433
0.449518 -17.933 -17.753 -17.63 -17.249 -16.911 -16.542 -17.475 -17.199 -16.907 -16.532 -16.151 -15.707 -17.209 -16.794 -16.322 -15.972 -15.641 -16.786 -16.371 -16.036 -15.831 -15.872 -16.382 -16.61 -16.178 -14.978 -14.437 -13.81 -16.459
0.463113 -17.929 -17.759 -17.639 -17.268 -16.934 -16.569 -17.484 -17.219 -16.931 -16.558 -16.18 -15.738 -17.228 -16.818 -16.35 -16.002 -15.673 -16.809 -16.397 -16.063 -15.857 -15.891 -16.409 -16.636 -16.207 -15.011 -14.472 -13.846 -16.486
0.47712 -17.924 -17.763 -17.648 -17.286 -16.957 -16.595 -17.493 -17.238 -16.953 -16.585 -16.209 -15.769 -17.247 -16.842 -16.378 -16.032 -15.704 -16.832 -16.423 -16.09 -15.883 -15.91 -16.436 -16.661 -16.236 -15.045 -14.506 -13.882 -16.512
0.49155 -17.918 -17.767 -17.655 -17.304 -16.98 -16.621 -17.501 -17.256 -16.976 -16.611 -16.237 -15.8 -17.266 -16.866 -16.405 -16.061 -15.735 -16.855 -16.448 -16.117 -15.909 -15.929 -16.463 -16.686 -16.264 -15.078 -14.541 -13.917 -16.537
0.506416 -17.911 -17.769 -17.662 -17.321 -17.002 -16.647 -17.508 -17.274 -16.998 -16.637 -16.265 -15.83 -17.284 -16.889 -16.433 -16.091 -15.766 -16.877 -16.474 -16.144 -15.935 -15.948 -16.489 -16.711 -16.292 -15.111 -14.575 -13.953 -16.562
0.521733 -17.904 -17.77 -17.667 -17.338 -17.023 -16.672 -17.514 -17.292 -17.019 -16.662 -16.293 -15.861 -17.301 -16.912 -16.46 -16.12 -15.797 -16.899 -16.499 -16.171 -15.961 -15.968 -16.515 -16.735 -16.32 -15.144 -14.609 -13.988 -16.587
0.537512 -17.895 -17.771 -17.672 -17.353 -17.044 -16.697 -17.52 -17.308 -17.041 -16.687 -16.321 -15.891 -17.318 -16.934 -16.486 -16.149 -15.827 -16.921 -16.524 -16.197 -15.987 -15.988 -16.541 -16.76 -16.348 -15.177 -14.644 -14.023 -16.612
0.553769 -17.884 -17.77 -17.676 -17.369 -17.065 -16.722 -17.524 -17.325 -17.061 -16.712 -16.349 -15.921 -17.334 -16.956 -16.513 -16.178 -15.858 -16.942 -16.549 -16.224 -16.012 -16.008 -16.566 -16.783 -16.375 -15.21 -14.678 -14.059 -16.636
0.570517 -17.873 -17.768 -17.679 -17.383 -17.085 -16.746 -17.528 -17.34 -17.081 -16.736 -16.376 -15.951 -17.349 -16.978 -16.539 -16.206 -15.888 -16.963 -16.574 -16.25 -16.038 -16.028 -16.591 -16.807 -16.402 -15.243 -14.712 -14.094 -16.66
0.587772 -17.861 -17.765 -17.681 -17.397 -17.105 -16.77 -17.531 -17.355 -17.101 -16.76 -16.403 -15.98 -17.364 -16.999 -16.565 -16.234 -15.918 -16.984 -16.598 -16.276 -16.064 -16.049 -16.615 -16.829 -16.429 -15.275 -14.746 -14.129 -16.684
0.605549 -17.847 -17.761 -17.682 -17.411 -17.124 -16.794 -17.533 -17.369 -17.12 -16.784 -16.429 -16.01 -17.378 -17.019 -16.59 -16.262 -15.948 -17.004 -16.622 -16.302 -16.09 -16.07 -16.64 -16.852 -16.455 -15.308 -14.78 -14.164 -16.707
0.623863 -17.832 -17.756 -17.681 -17.423 -17.142 -16.817 -17.534 -17.383 -17.139 -16.807 -16.456 -16.039 -17.392 -17.039 -16.615 -16.29 -15.977 -17.023 -16.646 -16.328 -16.116 -16.09 -16.663 -16.874 -16.481 -15.34 -14.813 -14.199 -16.73
0.642731 -17.816 -17.749 -17.68 -17.435 -17.16 -16.839 -17.534 -17.396 -17.157 -16.83 -16.482 -16.068 -17.404 -17.059 -16.64 -16.317 -16.007 -17.043 -16.669 -16.353 -16.141 -16.111 -16.687 -16.896 -16.507 -15.372 -14.847 -14.234 -16.752
0.66217 -17.798 -17.741 -17.678 -17.446 -17.178 -16.862 -17.533 -17.408 -17.174 -16.852 -16.507 -16.096 -17.416 -17.078 -16.664 -16.344 -16.036 -17.061 -16.692 -16.379 -16.167 -16.133 -16.71 -16.917 -16.533 -15.404 -14.88 -14.269 -16.774
0.682197 -17.779 -17.732 -17.674 -17.456 -17.195 -16.884 -17.531 -17.419 -17.191 -16.874 -16.532 -16.125 -17.428 -17.096 -16.688 -16.371 -16.064 -17.08 -16.715 -16.404 -16.192 -16.154 -16.733 -16.938 -16.558 -15.436 -14.914 -14.303 -16.795
0.70283 -17.759 -17.721 -17.669 -17.466 -17.211 -16.905 -17.529 -17.43 -17.207 -16.895 -16.557 -16.153 -17.438 -17.114 -16.712 -16.398 -16.093 -17.098 -16.738 -16.429 -16.217 -16.175 -16.755 -16.958 -16.582 -15.467 -14.947 -14.338 -16.816
0.724086 -17.737 -17.709 -17.663 -17.474 -17.227 -16.926 -17.525 -17.44 -17.223 -16.916 -16.582 -16.181 -17.448 -17.132 -16.735 -16.424 -16.121 -17.115 -16.76 -16.454 -16.243 -16.197 -16.777 -16.977 -16.607 -15.499 -14.98 -14.373 -16.837
0.745986 -17.713 -17.695 -17.656 -17.482 -17.242 -16.946 -17.52 -17.449 -17.238 -16.937 -16.606 -16.208 -17.457 -17.149 -16.758 -16.45 -16.149 -17.132 -16.782 -16.478 -16.268 -16.218 -16.798 -16.997 -16.631 -15.53 -15.013 -14.407 -16.857
0.768548 -17.688 -17.68 -17.647 -17.489 -17.256 -16.966 -17.514 -17.457 -17.252 -16.957 -16.63 -16.236 -17.465 -17.165 -16.78 -16.475 -16.177 -17.148 -16.803 -16.502 -16.292 -16.24 -16.819 -17.015 -16.654 -15.561 -15.046 -14.442 -16.876
0.791792 -17.662 -17.663 -17.638 -17.495 -17.27 -16.986 -17.507 -17.464 -17.266 -16.976 -16.654 -16.263 -17.472 -17.181 -16.802 -16.501 -16.205 -17.164 -16.824 -16.526 -16.317 -16.261 -16.839 -17.034 -16.678 -15.592 -15.079 -14.476 -16.896
0.815739 -17.633 -17.645 -17.626 -17.5 -17.283 -17.005 -17.499 -17.471 -17.279 -16.995 -16.677 -16.289 -17.478 -17.196 -16.824 -16.525 -16.232 -17.179 -16.845 -16.55 -16.342 -16.283 -16.859 -17.051 -16.7 -15.623 -15.112 -14.51 -16.914
0.840411 -17.603 -17.625 -17.614 -17.504 -17.295 -17.023 -17.49 -17.476 -17.291 -17.014 -16.699 -16.316 -17.483 -17.21 -16.845 -16.55 -16.259 -17.193 -16.865 -16.573 -16.366 -16.305 -16.879 -17.068 -16.723 -15.653 -15.144 -14.544 -16.932
0.865828 -17.571 -17.603 -17.6 -17.507 -17.306 -17.041 -17.48 -17.481 -17.303 -17.032 -16.722 -16.342 -17.488 -17.224 -16.866 -16.574 -16.286 -17.207 -16.885 -16.596 -16.39 -16.326 -16.898 -17.085 -16.745 -15.684 -15.177 -14.578 -16.95
0.892015 -17.537 -17.58 -17.584 -17.509 -17.317 -17.058 -17.469 -17.484 -17.314 -17.049 -16.743 -16.368 -17.491 -17.237 -16.886 -16.598 -16.312 -17.221 -16.904 -16.619 -16.414 -16.348 -16.916 -17.1 -16.766 -15.714 -15.209 -14.612 -16.967
0.918993 -17.502 -17.555 -17.567 -17.51 -17.327 -17.075 -17.456 -17.487 -17.324 -17.066 -16.765 -16.393 -17.493 -17.249 -16.905 -16.621 -16.338 -17.233 -16.923 -16.641 -16.438 -16.369 -16.934 -17.116 -16.787 -15.744 -15.241 -14.646 -16.983
0.946787 -17.464 -17.528 -17.549 -17.51 -17.336 -17.091 -17.443 -17.489 -17.333 -17.082 -16.786 -16.418 -17.495 -17.26 -16.924 -16.644 -16.364 -17.245 -16.942 -16.663 -16.461 -16.391 -16.952 -17.13 -16.808 -15.774 -15.273 -14.68 -16.999
0.975422 -17.425 -17.499 -17.529 -17.509 -17.345 -17.106 -17.428 -17.489 -17.341 -17.097 -16.806 -16.443 -17.495 -17.271 -16.943 -16.667 -16.389 -17.256 -16.959 -16.685 -16.484 -16.412 -16.969 -17.144 -16.828 -15.803 -15.305 -14.713 -17.014
1.004923 -17.383 -17.468 -17.507 -17.507 -17.352 -17.121 -17.412 -17.488 -17.349 -17.112 -16.826 -16.467 -17.494 -17.281 -16.961 -16.689 -16.415 -17.267 -16.977 -16.706 -16.507 -16.433 -16.985 -17.157 -16.848 -15.832 -15.336 -14.747 -17.029
1.035317 -17.34 -17.435 -17.484 -17.503 -17.359 -17.135 -17.395 -17.487 -17.355 -17.127 -16.846 -16.492 -17.492 -17.29 -16.979 -16.711 -16.439 -17.277 -16.994 -16.727 -16.53 -16.454 -17.0 -17.17 -16.867 -15.862 -15.368 -14.78 -17.043
1.066629 -17.294 -17.4 -17.459 -17.498 -17.364 -17.149 -17.377 -17.484 -17.361 -17.14 -16.865 -16.515 -17.489 -17.299 -16.996 -16.732 -16.464 -17.286 -17.01 -16.748 -16.552 -16.475 -17.015 -17.182 -16.886 -15.89 -15.399 -14.814 -17.056
1.098888 -17.246 -17.363 -17.432 -17.493 -17.369 -17.162 -17.357 -17.48 -17.366 -17.153 -16.883 -16.539 -17.485 -17.306 -17.012 -16.753 -16.488 -17.294 -17.026 -16.768 -16.574 -16.496 -17.03 -17.193 -16.904 -15.919 -15.43 -14.847 -17.069
1.132124 -17.196 -17.324 -17.403 -17.485 -17.373 -17.174 -17.336 -17.474 -17.37 -17.165 -16.901 -16.561 -17.479 -17.313 -17.028 -16.773 -16.511 -17.301 -17.041 -16.787 -16.596 -16.517 -17.044 -17.203 -16.921 -15.947 -15.461 -14.88 -17.081
1.166364 -17.143 -17.282 -17.373 -17.477 -17.376 -17.185 -17.314 -17.468 -17.372 -17.177 -16.918 -16.584 -17.472 -17.319 -17.043 -16.793 -16.535 -17.308 -17.056 -16.807 -16.617 -16.538 -17.057 -17.213 -16.938 -15.976 -15.492 -14.913 -17.093
1.20164 -17.089 -17.239 -17.34 -17.467 -17.377 -17.195 -17.291 -17.46 -17.374 -17.187 -16.935 -16.606 -17.464 -17.323 -17.057 -16.812 -16.557 -17.314 -17.07 -16.825 -16.638 -16.558 -17.069 -17.222 -16.954 -16.003 -15.522 -14.946 -17.103
1.237983 -17.032 -17.192 -17.306 -17.455 -17.378 -17.205 -17.267 -17.451 -17.375 -17.197 -16.951 -16.628 -17.454 -17.327 -17.071 -16.831 -16.58 -17.318 -17.083 -16.844 -16.659 -16.578 -17.081 -17.23 -16.97 -16.031 -15.553 -14.978 -17.113
1.275425 -16.972 -17.144 -17.27 -17.443 -17.378 -17.214 -17.241 -17.44 -17.375 -17.207 -16.967 -16.649 -17.443 -17.33 -17.084 -16.849 -16.602 -17.322 -17.096 -16.861 -16.679 -16.598 -17.092 -17.237 -16.985 -16.058 -15.583 -15.011 -17.122
1.313999 -16.91 -17.093 -17.232 -17.428 -17.376 -17.222 -17.214 -17.428 -17.373 -17.215 -16.982 -16.67 -17.431 -17.332 -17.096 -16.867 -16.623 -17.325 -17.108 -16.879 -16.699 -16.618 -17.102 -17.243 -17.0 -16.085 -15.613 -15.043 -17.131
1.35374 -16.845 -17.04 -17.191 -17.412 -17.374 -17.23 -17.186 -17.414 -17.371 -17.222 -16.996 -16.69 -17.417 -17.333 -17.108 -16.884 -16.644 -17.327 -17.119 -16.895 -16.718 -16.637 -17.112 -17.248 -17.014 -16.112 -15.643 -15.076 -17.138
1.394683 -16.778 -16.984 -17.149 -17.395 -17.37 -17.236 -17.156 -17.399 -17.367 -17.229 -17.01 -16.71 -17.401 -17.333 -17.119 -16.901 -16.665 -17.328 -17.129 -16.911 -16.737 -16.656 -17.121 -17.253 -17.027 -16.139 -15.672 -15.108 -17.145
1.436864 -16.709 -16.925 -17.105 -17.376 -17.365 -17.241 -17.125 -17.383 -17.362 -17.234 -17.023 -16.729 -17.384 -17.331 -17.129 -16.917 -16.685 -17.328 -17.139 -16.927 -16.756 -16.675 -17.129 -17.256 -17.039 -16.165 -15.702 -15.14 -17.151
1.480321 -16.636 -16.864 -17.058 -17.355 -17.359 -17.246 -17.093 -17.365 -17.356 -17.239 -17.035 -16.748 -17.366 -17.329 -17.138 -16.932 -16.705 -17.327 -17.148 -16.942 -16.774 -16.694 -17.136 -17.259 -17.051 -16.191 -15.731 -15.172 -17.156
1.525092 -16.561 -16.8 -17.009 -17.333 -17.351 -17.25 -17.06 -17.345 -17.349 -17.243 -17.046 -16.766 -17.346 -17.325 -17.147 -16.947 -16.724 -17.324 -17.157 -16.956 -16.792 -16.712 -17.142 -17.26 -17.062 -16.216 -15.76 -15.203 -17.161
1.571218 -16.483 -16.733 -16.958 -17.309 -17.342 -17.252 -17.025 -17.324 -17.34 -17.246 -17.057 -16.784 -17.324 -17.32 -17.155 -16.961 -16.743 -17.321 -17.164 -16.97 -16.809 -16.73 -17.148 -17.261 -17.073 -16.241 -15.788 -15.235 -17.164
1.618738 -16.402 -16.663 -16.904 -17.283 -17.332 -17.254 -16.989 -17.3 -17.33 -17.248 -17.067 -16.801 -17.3 -17.314 -17.161 -16.974 -16.761 -17.316 -17.171 -16.983 -16.826 -16.747 -17.152 -17.26 -17.082 -16.266 -15.817 -15.266 -17.167
1.667696 -16.319 -16.591 -16.848 -17.255 -17.321 -17.254 -16.951 -17.276 -17.318 -17.248 -17.077 -16.818 -17.274 -17.307 -17.167 -16.987 -16.779 -17.311 -17.176 -16.996 -16.842 -16.764 -17.156 -17.258 -17.091 -16.291 -15.845 -15.298 -17.168
1.718134 -16.233 -16.515 -16.79 -17.226 -17.308 -17.254 -16.913 -17.249 -17.305 -17.248 -17.085 -16.834 -17.247 -17.298 -17.172 -16.999 -16.796 -17.304 -17.181 -17.008 -16.857 -16.781 -17.159 -17.255 -17.099 -16.315 -15.873 -15.329 -17.169
1.770098 -16.143 -16.436 -16.729 -17.194 -17.293 -17.252 -16.873 -17.22 -17.291 -17.247 -17.093 -16.849 -17.218 -17.289 -17.177 -17.011 -16.812 -17.295 -17.185 -17.019 -16.872 -16.797 -17.161 -17.252 -17.106 -16.339 -15.901 -15.36 -17.169
1.823633 -16.051 -16.354 -16.666 -17.161 -17.277 -17.249 -16.831 -17.19 -17.275 -17.244 -17.1 -16.864 -17.187 -17.277 -17.18 -17.021 -16.828 -17.286 -17.188 -17.029 -16.887 -16.813 -17.162 -17.246 -17.112 -16.362 -15.928 -15.39 -17.168
1.878788 -15.956 -16.269 -16.6 -17.125 -17.26 -17.245 -16.789 -17.157 -17.258 -17.241 -17.106 -16.878 -17.154 -17.265 -17.182 -17.031 -16.844 -17.275 -17.19 -17.039 -16.901 -16.829 -17.162 -17.24 -17.118 -16.385 -15.956 -15.421 -17.165
1.93561 -15.858 -16.181 -16.531 -17.087 -17.24 -17.24 -16.745 -17.123 -17.239 -17.236 -17.111 -16.892 -17.119 -17.25 -17.183 -17.04 -16.858 -17.263 -17.191 -17.048 -16.914 -16.844 -17.161 -17.233 -17.122 -16.408 -15.983 -15.451 -17.162
1.994152 -15.756 -16.089 -16.46 -17.047 -17.22 -17.234 -16.699 -17.086 -17.218 -17.23 -17.115 -16.904 -17.081 -17.235 -17.183 -17.048 -16.872 -17.249 -17.191 -17.056 -16.927 -16.858 -17.158 -17.224 -17.126 -16.43 -16.009 -15.482 -17.158
2.054463 -15.652 -15.994 -16.386 -17.005 -17.197 -17.226 -16.653 -17.048 -17.196 -17.222 -17.118 -16.917 -17.042 -17.218 -17.182 -17.056 -16.886 -17.234 -17.19 -17.063 -16.939 -16.872 -17.155 -17.214 -17.128 -16.452 -16.036 -15.512 -17.153
2.116599 -15.545 -15.895 -16.309 -16.961 -17.173 -17.217 -16.605 -17.007 -17.172 -17.214 -17.12 -16.928 -17.0 -17.199 -17.18 -17.062 -16.899 -17.217 -17.188 -17.07 -16.95 -16.886 -17.151 -17.202 -17.13 -16.474 -16.062 -15.541 -17.146
2.180614 -15.435 -15.793 -16.23 -16.915 -17.147 -17.207 -16.555 -16.964 -17.146 -17.204 -17.122 -16.939 -16.956 -17.179 -17.177 -17.068 -16.911 -17.199 -17.185 -17.076 -16.961 -16.899 -17.146 -17.19 -17.13 -16.495 -16.087 -15.571 -17.139
2.246566 -15.321 -15.687 -16.147 -16.866 -17.119 -17.195 -16.505 -16.919 -17.119 -17.192 -17.122 -16.949 -16.91 -17.157 -17.173 -17.073 -16.922 -17.18 -17.18 -17.08 -16.971 -16.911 -17.139 -17.175 -17.13 -16.515 -16.113 -15.601 -17.13
2.314511 -15.205 -15.578 -16.062 -16.814 -17.09 -17.182 -16.453 -16.871 -17.09 -17.18 -17.121 -16.958 -16.862 -17.133 -17.167 -17.077 -16.933 -17.159 -17.175 -17.084 -16.98 -16.923 -17.132 -17.16 -17.128 -16.535 -16.138 -15.63 -17.12
2.384512 -15.086 -15.464 -15.974 -16.76 -17.058 -17.168 -16.399 -16.821 -17.058 -17.166 -17.119 -16.967 -16.811 -17.108 -17.16 -17.079 -16.942 -17.136 -17.168 -17.087 -16.988 -16.934 -17.123 -17.143 -17.126 -16.555 -16.163 -15.659 -17.109
2.45663 -14.963 -15.347 -15.883 -16.704 -17.025 -17.152 -16.344 -16.769 -17.025 -17.15 -17.116 -16.974 -16.758 -17.081 -17.152 -17.081 -16.951 -17.111 -17.16 -17.089 -16.996 -16.945 -17.113 -17.124 -17.122 -16.574 -16.187 -15.688 -17.097
2.530929 -14.838 -15.226 -15.788 -16.645 -16.989 -17.134 -16.288 -16.714 -16.99 -17.133 -17.112 -16.981 -16.702 -17.052 -17.143 -17.082 -16.96 -17.085 -17.151 -17.09 -17.003 -16.955 -17.102 -17.104 -17.117 -16.593 -16.212 -15.716 -17.084
2.607475 -14.71 -15.101 -15.691 -16.583 -16.952 -17.115 -16.231 -16.657 -16.953 -17.114 -17.107 -16.987 -16.643 -17.021 -17.132 -17.082 -16.967 -17.057 -17.14 -17.09 -17.009 -16.964 -17.089 -17.082 -17.111 -16.611 -16.235 -15.745 -17.07
2.686337 -14.579 -14.972 -15.591 -16.519 -16.912 -17.094 -16.172 -16.597 -16.914 -17.094 -17.101 -16.992 -16.582 -16.989 -17.12 -17.081 -16.974 -17.027 -17.128 -17.089 -17.014 -16.973 -17.075 -17.059 -17.104 -16.629 -16.259 -15.773 -17.054
2.767583 -14.445 -14.839 -15.487 -16.452 -16.871 -17.072 -16.111 -16.535 -16.872 -17.072 -17.093 -16.996 -16.518 -16.954 -17.107 -17.079 -16.98 -16.996 -17.115 -17.087 -17.019 -16.981 -17.06 -17.034 -17.095 -16.646 -16.282 -15.801 -17.037
2.851287 -14.309 -14.702 -15.38 -16.382 -16.827 -17.048 -16.049 -16.469 -16.829 -17.049 -17.084 -17.0 -16.452 -16.918 -17.092 -17.076 -16.985 -16.962 -17.1 -17.084 -17.022 -16.988 -17.044 -17.008 -17.086 -16.662 -16.305 -15.829 -17.019
2.937522 -14.17 -14.56 -15.27 -16.31 -16.781 -17.022 -15.986 -16.401 -16.783 -17.023 -17.074 -17.002 -16.382 -16.879 -17.076 -17.071 -16.989 -16.927 -17.084 -17.08 -17.025 -16.994 -17.026 -16.98 -17.075 -16.678 -16.327 -15.856 -16.999
3.026365 -14.029 -14.414 -15.157 -16.234 -16.732 -16.995 -15.921 -16.33 -16.735 -16.997 -17.063 -17.004 -16.31 -16.839 -17.058 -17.065 -16.992 -16.889 -17.067 -17.074 -17.026 -17.0 -17.007 -16.95 -17.062 -16.694 -16.349 -15.883 -16.978
3.117896 -13.886 -14.264 -15.04 -16.155 -16.681 -16.965 -15.855 -16.257 -16.685 -16.968 -17.05 -17.004 -16.235 -16.796 -17.039 -17.059 -16.994 -16.85 -17.048 -17.068 -17.027 -17.005 -16.986 -16.918 -17.049 -16.709 -16.371 -15.91 -16.956
