web/models/kne.last_good/kappa_0.5_3.0.v2/3/villar_0.0079_0.1397_0.5000.dat
# %ECSV 1.0
# ---
# datatype:
# - {name: time, datatype: float64}
# - {name: swift_uvot_uvw2, datatype: float64}
# - {name: swift_uvot_uvm2, datatype: float64}
# - {name: swift_uvot_uvw1, datatype: float64}
# - {name: swift_uvot_U, datatype: float64}
# - {name: swift_uvot_B, datatype: float64}
# - {name: swift_uvot_V, datatype: float64}
# - {name: swift_uvot_W, datatype: float64}
# - {name: johnson_U, datatype: float64}
# - {name: johnson_B, datatype: float64}
# - {name: johnson_V, datatype: float64}
# - {name: johnson_R, datatype: float64}
# - {name: johnson_I, datatype: float64}
# - {name: sdss_u, datatype: float64}
# - {name: sdss_g, datatype: float64}
# - {name: sdss_r, datatype: float64}
# - {name: sdss_i, datatype: float64}
# - {name: sdss_z, datatype: float64}
# - {name: PS1_g, datatype: float64}
# - {name: PS1_r, datatype: float64}
# - {name: PS1_i, datatype: float64}
# - {name: PS1_z, datatype: float64}
# - {name: PS1_Y, datatype: float64}
# - {name: PS1_w, datatype: float64}
# - {name: ATLAS_c, datatype: float64}
# - {name: ATLAS_o, datatype: float64}
# - {name: ukirt_J, datatype: float64}
# - {name: ukirt_H, datatype: float64}
# - {name: ukirt_K, datatype: float64}
# - {name: Clear, datatype: float64}
# meta: !!omap
# - comment: [kappa = 0.5, type = villar, mass = 0.00793700525986525, velocity = 0.13966666666666672, theta_obs = 0.0, tfloor = 2500.0]
# schema: astropy-2.0
time swift_uvot_uvw2 swift_uvot_uvm2 swift_uvot_uvw1 swift_uvot_U swift_uvot_B swift_uvot_V swift_uvot_W johnson_U johnson_B johnson_V johnson_R johnson_I sdss_u sdss_g sdss_r sdss_i sdss_z PS1_g PS1_r PS1_i PS1_z PS1_Y PS1_w ATLAS_c ATLAS_o ukirt_J ukirt_H ukirt_K Clear
[from data line 276]
3.728232 -6.512 -1.313 -2.279 -3.982 -6.769 -8.771 -6.886 -4.479 -6.9 -8.889 -10.474 -11.551 -4.256 -7.619 -9.748 -10.872 -11.643 -8.594 -9.917 -10.951 -11.567 -12.026 -10.071 -8.832 -10.384 -12.555 -12.875 -12.935 -10.531
3.84099 -6.456 -1.257 -2.223 -3.926 -6.713 -8.715 -6.83 -4.423 -6.844 -8.833 -10.418 -11.495 -4.2 -7.563 -9.692 -10.816 -11.587 -8.538 -9.861 -10.895 -11.511 -11.97 -10.015 -8.776 -10.328 -12.499 -12.819 -12.879 -10.475
3.957158 -6.4 -1.201 -2.167 -3.87 -6.657 -8.659 -6.775 -4.367 -6.788 -8.777 -10.362 -11.439 -4.144 -7.507 -9.636 -10.761 -11.531 -8.482 -9.805 -10.839 -11.455 -11.914 -9.959 -8.721 -10.273 -12.443 -12.763 -12.823 -10.419
4.07684 -6.344 -1.146 -2.111 -3.814 -6.601 -8.603 -6.719 -4.311 -6.732 -8.722 -10.307 -11.383 -4.088 -7.451 -9.58 -10.705 -11.476 -8.426 -9.75 -10.783 -11.399 -11.858 -9.903 -8.665 -10.217 -12.387 -12.707 -12.768 -10.363
4.200141 -6.288 -1.09 -2.056 -3.759 -6.545 -8.548 -6.663 -4.255 -6.676 -8.666 -10.251 -11.328 -4.033 -7.396 -9.525 -10.649 -11.42 -8.37 -9.694 -10.728 -11.343 -11.803 -9.848 -8.609 -10.161 -12.331 -12.652 -12.712 -10.308
4.327172 -6.233 -1.034 -2.0 -3.703 -6.49 -8.492 -6.608 -4.2 -6.621 -8.61 -10.195 -11.272 -3.977 -7.34 -9.469 -10.594 -11.364 -8.315 -9.638 -10.672 -11.288 -11.747 -9.792 -8.554 -10.106 -12.276 -12.596 -12.657 -10.252
4.458044 -6.177 -0.979 -1.945 -3.648 -6.434 -8.437 -6.552 -4.144 -6.565 -8.555 -10.14 -11.217 -3.922 -7.285 -9.414 -10.538 -11.309 -8.259 -9.583 -10.617 -11.232 -11.692 -9.737 -8.498 -10.05 -12.22 -12.54 -12.601 -10.197
4.592874 -6.122 -0.924 -1.889 -3.592 -6.379 -8.381 -6.497 -4.089 -6.51 -8.5 -10.084 -11.161 -3.866 -7.229 -9.358 -10.483 -11.254 -8.204 -9.528 -10.561 -11.177 -11.636 -9.681 -8.443 -9.995 -12.165 -12.485 -12.546 -10.141
4.731783 -6.067 -0.868 -1.834 -3.537 -6.324 -8.326 -6.441 -4.034 -6.455 -8.444 -10.029 -11.106 -3.811 -7.174 -9.303 -10.427 -11.198 -8.149 -9.472 -10.506 -11.122 -11.581 -9.626 -8.387 -9.939 -12.11 -12.43 -12.49 -10.086
4.874892 -6.011 -0.813 -1.779 -3.482 -6.268 -8.271 -6.386 -3.979 -6.4 -8.389 -9.974 -11.051 -3.756 -7.119 -9.248 -10.372 -11.143 -8.093 -9.417 -10.451 -11.067 -11.526 -9.571 -8.332 -9.884 -12.054 -12.375 -12.435 -10.031
5.02233 -5.956 -0.758 -1.724 -3.426 -6.213 -8.215 -6.331 -3.923 -6.344 -8.334 -9.919 -10.996 -3.701 -7.064 -9.192 -10.317 -11.088 -8.038 -9.362 -10.396 -11.011 -11.471 -9.515 -8.277 -9.829 -11.999 -12.319 -12.38 -9.975
5.174227 -5.901 -0.703 -1.668 -3.371 -6.158 -8.16 -6.276 -3.868 -6.289 -8.279 -9.864 -10.94 -3.645 -7.008 -9.137 -10.262 -11.033 -7.983 -9.307 -10.34 -10.956 -11.415 -9.46 -8.222 -9.774 -11.944 -12.264 -12.325 -9.92
5.330718 -5.846 -0.647 -1.613 -3.316 -6.103 -8.105 -6.221 -3.813 -6.234 -8.224 -9.808 -10.885 -3.59 -6.953 -9.082 -10.207 -10.978 -7.928 -9.251 -10.285 -10.901 -11.36 -9.405 -8.167 -9.719 -11.889 -12.209 -12.27 -9.865
5.491942 -5.791 -0.592 -1.558 -3.261 -6.048 -8.05 -6.166 -3.758 -6.179 -8.168 -9.753 -10.83 -3.535 -6.898 -9.027 -10.152 -10.922 -7.873 -9.196 -10.23 -10.846 -11.305 -9.35 -8.112 -9.664 -11.834 -12.154 -12.215 -9.81
5.658042 -5.736 -0.537 -1.503 -3.206 -5.993 -7.995 -6.11 -3.703 -6.124 -8.113 -9.698 -10.775 -3.48 -6.843 -8.972 -10.096 -10.867 -7.818 -9.141 -10.175 -10.791 -11.25 -9.295 -8.056 -9.608 -11.779 -12.099 -12.159 -9.755
5.829166 -5.681 -0.482 -1.448 -3.151 -5.938 -7.94 -6.055 -3.648 -6.069 -8.058 -9.643 -10.72 -3.425 -6.788 -8.917 -10.041 -10.812 -7.763 -9.086 -10.12 -10.736 -11.195 -9.24 -8.001 -9.553 -11.723 -12.044 -12.104 -9.7
6.005465 -5.625 -0.427 -1.393 -3.096 -5.882 -7.885 -6.0 -3.592 -6.013 -8.003 -9.588 -10.665 -3.37 -6.733 -8.862 -9.986 -10.757 -7.707 -9.031 -10.065 -10.68 -11.14 -9.185 -7.946 -9.498 -11.668 -11.989 -12.049 -9.645
6.187096 -5.57 -0.372 -1.338 -3.04 -5.827 -7.829 -5.945 -3.537 -5.958 -7.948 -9.533 -10.61 -3.315 -6.678 -8.806 -9.931 -10.702 -7.652 -8.976 -10.01 -10.625 -11.084 -9.129 -7.891 -9.443 -11.613 -11.933 -11.994 -9.589
6.37422 -5.515 -0.316 -1.282 -2.985 -5.772 -7.774 -5.89 -3.482 -5.903 -7.893 -9.477 -10.554 -3.259 -6.622 -8.751 -9.876 -10.647 -7.597 -8.92 -9.954 -10.57 -11.029 -9.074 -7.836 -9.388 -11.558 -11.878 -11.939 -9.534
6.567004 -5.46 -0.261 -1.227 -2.93 -5.717 -7.719 -5.834 -3.427 -5.848 -7.837 -9.422 -10.499 -3.204 -6.567 -8.696 -9.82 -10.591 -7.542 -8.865 -9.899 -10.515 -10.974 -9.019 -7.78 -9.332 -11.503 -11.823 -11.883 -9.479
6.765619 -5.404 -0.206 -1.172 -2.875 -5.661 -7.664 -5.779 -3.371 -5.792 -7.782 -9.367 -10.444 -3.149 -6.512 -8.64 -9.765 -10.536 -7.486 -8.81 -9.844 -10.459 -10.919 -8.963 -7.725 -9.277 -11.447 -11.767 -11.828 -9.424
6.97024 -5.349 -0.15 -1.116 -2.819 -5.606 -7.608 -5.724 -3.316 -5.737 -7.727 -9.311 -10.388 -3.093 -6.456 -8.585 -9.71 -10.481 -7.431 -8.754 -9.788 -10.404 -10.863 -8.908 -7.67 -9.222 -11.392 -11.712 -11.773 -9.368
7.181051 -5.293 -0.095 -1.061 -2.764 -5.55 -7.553 -5.668 -3.26 -5.681 -7.671 -9.256 -10.333 -3.038 -6.401 -8.53 -9.654 -10.425 -7.375 -8.699 -9.733 -10.349 -10.808 -8.853 -7.614 -9.166 -11.336 -11.657 -11.717 -9.313
7.398237 -5.238 -0.039 -1.005 -2.708 -5.495 -7.497 -5.613 -3.205 -5.626 -7.615 -9.2 -10.277 -2.982 -6.345 -8.474 -9.599 -10.369 -7.32 -8.643 -9.677 -10.293 -10.752 -8.797 -7.559 -9.111 -11.281 -11.601 -11.662 -9.257
7.621991 -5.182 0.016 -0.95 -2.652 -5.439 -7.441 -5.557 -3.149 -5.57 -7.56 -9.145 -10.222 -2.927 -6.29 -8.418 -9.543 -10.314 -7.264 -8.588 -9.622 -10.237 -10.696 -8.741 -7.503 -9.055 -11.225 -11.545 -11.606 -9.201
7.852513 -5.126 0.072 -0.894 -2.597 -5.383 -7.386 -5.501 -3.093 -5.514 -7.504 -9.089 -10.166 -2.871 -6.234 -8.363 -9.487 -10.258 -7.208 -8.532 -9.566 -10.182 -10.641 -8.686 -7.447 -8.999 -11.169 -11.49 -11.55 -9.146
8.090007 -5.071 0.128 -0.838 -2.541 -5.328 -7.33 -5.445 -3.038 -5.459 -7.448 -9.033 -10.11 -2.815 -6.178 -8.307 -9.431 -10.202 -7.153 -8.476 -9.51 -10.126 -10.585 -8.63 -7.391 -8.943 -11.113 -11.434 -11.494 -9.09
8.334684 -5.015 0.184 -0.782 -2.485 -5.272 -7.274 -5.389 -2.982 -5.403 -7.392 -8.977 -10.054 -2.759 -6.122 -8.251 -9.375 -10.146 -7.097 -8.42 -9.454 -10.07 -10.529 -8.574 -7.335 -8.887 -11.057 -11.378 -11.438 -9.034
8.586761 -4.958 0.24 -0.726 -2.429 -5.216 -7.218 -5.333 -2.926 -5.347 -7.336 -8.921 -9.998 -2.703 -6.066 -8.195 -9.319 -10.09 -7.041 -8.364 -9.398 -10.014 -10.473 -8.518 -7.279 -8.831 -11.001 -11.322 -11.382 -8.978
8.846461 -4.902 0.296 -0.67 -2.373 -5.159 -7.162 -5.277 -2.869 -5.29 -7.28 -8.865 -9.942 -2.647 -6.01 -8.138 -9.263 -10.034 -6.984 -8.308 -9.342 -9.957 -10.417 -8.461 -7.223 -8.775 -10.945 -11.265 -11.326 -8.922
9.114017 -4.846 0.352 -0.613 -2.316 -5.103 -7.105 -5.221 -2.813 -5.234 -7.224 -8.808 -9.885 -2.59 -5.953 -8.082 -9.207 -9.978 -6.928 -8.252 -9.285 -9.901 -10.36 -8.405 -7.167 -8.719 -10.889 -11.209 -11.27 -8.865
9.389664 -4.79 0.409 -0.557 -2.26 -5.047 -7.049 -5.164 -2.757 -5.178 -7.167 -8.752 -9.829 -2.534 -5.897 -8.026 -9.15 -9.921 -6.872 -8.195 -9.229 -9.845 -10.304 -8.349 -7.11 -8.662 -10.832 -11.153 -11.213 -8.809
9.673648 -4.733 0.465 -0.5 -2.203 -4.99 -6.992 -5.108 -2.7 -5.121 -7.111 -8.696 -9.772 -2.477 -5.84 -7.969 -9.094 -9.865 -6.815 -8.139 -9.172 -9.788 -10.247 -8.292 -7.054 -8.606 -10.776 -11.096 -11.157 -8.752
9.966221 -4.676 0.522 -0.444 -2.147 -4.933 -6.936 -5.051 -2.643 -5.064 -7.054 -8.639 -9.716 -2.421 -5.784 -7.913 -9.037 -9.808 -6.758 -8.082 -9.116 -9.731 -10.191 -8.236 -6.997 -8.549 -10.719 -11.039 -11.1 -8.696
10.267642 -4.62 0.579 -0.387 -2.09 -4.877 -6.879 -4.994 -2.587 -5.008 -6.997 -8.582 -9.659 -2.364 -5.727 -7.856 -8.98 -9.751 -6.702 -8.025 -9.059 -9.675 -10.134 -8.179 -6.94 -8.492 -10.662 -10.983 -11.043 -8.639
10.57818 -4.563 0.636 -0.33 -2.033 -4.82 -6.822 -4.937 -2.53 -4.951 -6.94 -8.525 -9.602 -2.307 -5.67 -7.799 -8.923 -9.694 -6.645 -7.968 -9.002 -9.618 -10.077 -8.122 -6.883 -8.435 -10.606 -10.926 -10.986 -8.582
10.89811 -4.506 0.693 -0.273 -1.976 -4.763 -6.765 -4.88 -2.473 -4.894 -6.883 -8.468 -9.545 -2.25 -5.613 -7.742 -8.866 -9.637 -6.588 -7.911 -8.945 -9.561 -10.02 -8.065 -6.826 -8.378 -10.548 -10.869 -10.929 -8.525
11.227716 -4.448 0.75 -0.216 -1.919 -4.706 -6.708 -4.823 -2.416 -4.837 -6.826 -8.411 -9.488 -2.193 -5.556 -7.685 -8.809 -9.58 -6.531 -7.854 -8.888 -9.504 -9.963 -8.008 -6.769 -8.321 -10.491 -10.812 -10.872 -8.468
11.56729 -4.391 0.807 -0.159 -1.861 -4.648 -6.65 -4.766 -2.358 -4.779 -6.769 -8.354 -9.431 -2.136 -5.499 -7.627 -8.752 -9.523 -6.473 -7.797 -8.831 -9.446 -9.906 -7.95 -6.712 -8.264 -10.434 -10.754 -10.815 -8.41
11.917135 -4.334 0.865 -0.101 -1.804 -4.591 -6.593 -4.709 -2.301 -4.722 -6.711 -8.296 -9.373 -2.078 -5.441 -7.57 -8.695 -9.465 -6.416 -7.739 -8.773 -9.389 -9.848 -7.893 -6.655 -8.207 -10.377 -10.697 -10.758 -8.353
12.277561 -4.276 0.922 -0.044 -1.747 -4.533 -6.536 -4.651 -2.243 -4.664 -6.654 -8.239 -9.316 -2.021 -5.384 -7.512 -8.637 -9.408 -6.358 -7.682 -8.716 -9.331 -9.791 -7.835 -6.597 -8.149 -10.319 -10.639 -10.7 -8.296
12.648887 -4.219 0.98 0.014 -1.689 -4.476 -6.478 -4.593 -2.186 -4.607 -6.596 -8.181 -9.258 -1.963 -5.326 -7.455 -8.579 -9.35 -6.301 -7.624 -8.658 -9.274 -9.733 -7.778 -6.539 -8.091 -10.261 -10.582 -10.642 -8.238
13.031444 -4.161 1.038 0.072 -1.631 -4.418 -6.42 -4.536 -2.128 -4.549 -6.539 -8.123 -9.2 -1.905 -5.268 -7.397 -8.522 -9.293 -6.243 -7.566 -8.6 -9.216 -9.675 -7.72 -6.482 -8.034 -10.204 -10.524 -10.585 -8.18
13.425571 -4.103 1.095 0.13 -1.573 -4.36 -6.362 -4.478 -2.07 -4.491 -6.481 -8.065 -9.142 -1.847 -5.21 -7.339 -8.464 -9.235 -6.185 -7.509 -8.542 -9.158 -9.617 -7.662 -6.424 -7.976 -10.146 -10.466 -10.527 -8.122
13.831619 -4.045 1.153 0.188 -1.515 -4.302 -6.304 -4.42 -2.012 -4.433 -6.423 -8.007 -9.084 -1.789 -5.152 -7.281 -8.406 -9.177 -6.127 -7.451 -8.484 -9.1 -9.559 -7.604 -6.366 -7.918 -10.088 -10.408 -10.469 -8.064
14.249947 -3.987 1.212 0.246 -1.457 -4.244 -6.246 -4.362 -1.954 -4.375 -6.365 -7.949 -9.026 -1.731 -5.094 -7.223 -8.348 -9.119 -6.069 -7.392 -8.426 -9.042 -9.501 -7.546 -6.308 -7.86 -10.03 -10.35 -10.411 -8.006
14.680926 -3.929 1.27 0.304 -1.399 -4.186 -6.188 -4.303 -1.896 -4.317 -6.306 -7.891 -8.968 -1.673 -5.036 -7.165 -8.289 -9.06 -6.011 -7.334 -8.368 -8.984 -9.443 -7.488 -6.249 -7.801 -9.971 -10.292 -10.352 -7.948
15.124941 -3.87 1.328 0.362 -1.34 -4.127 -6.129 -4.245 -1.837 -4.258 -6.248 -7.833 -8.91 -1.615 -4.978 -7.106 -8.231 -9.002 -5.952 -7.276 -8.31 -8.925 -9.385 -7.429 -6.191 -7.743 -9.913 -10.233 -10.294 -7.89
15.582385 -3.812 1.387 0.421 -1.282 -4.069 -6.071 -4.187 -1.779 -4.2 -6.189 -7.774 -8.851 -1.556 -4.919 -7.048 -8.173 -8.943 -5.894 -7.217 -8.251 -8.867 -9.326 -7.371 -6.133 -7.685 -9.855 -10.175 -10.235 -7.831
16.053663 -3.753 1.445 0.479 -1.223 -4.01 -6.012 -4.128 -1.72 -4.141 -6.131 -7.716 -8.793 -1.498 -4.861 -6.989 -8.114 -8.885 -5.835 -7.159 -8.193 -8.808 -9.267 -7.312 -6.074 -7.626 -9.796 -10.116 -10.177 -7.772
16.539195 -3.694 1.504 0.538 -1.165 -3.952 -5.954 -4.069 -1.662 -4.083 -6.072 -7.657 -8.734 -1.439 -4.802 -6.931 -8.055 -8.826 -5.777 -7.1 -8.134 -8.75 -9.209 -7.254 -6.015 -7.567 -9.737 -10.058 -10.118 -7.714
17.039412 -3.636 1.563 0.597 -1.106 -3.893 -5.895 -4.01 -1.603 -4.024 -6.013 -7.598 -8.675 -1.38 -4.743 -6.872 -7.996 -8.767 -5.718 -7.041 -8.075 -8.691 -9.15 -7.195 -5.956 -7.508 -9.679 -9.999 -10.059 -7.655
17.554757 -3.577 1.622 0.656 -1.047 -3.834 -5.836 -3.951 -1.544 -3.965 -5.954 -7.539 -8.616 -1.321 -4.684 -6.813 -7.938 -8.708 -5.659 -6.982 -8.016 -8.632 -9.091 -7.136 -5.897 -7.45 -9.62 -9.94 -10.0 -7.596
18.085689 -3.518 1.681 0.715 -0.988 -3.775 -5.777 -3.892 -1.485 -3.906 -5.895 -7.48 -8.557 -1.262 -4.625 -6.754 -7.878 -8.649 -5.6 -6.923 -7.957 -8.573 -9.032 -7.077 -5.838 -7.39 -9.561 -9.881 -9.941 -7.537
18.632678 -3.458 1.74 0.774 -0.929 -3.716 -5.718 -3.833 -1.426 -3.847 -5.836 -7.421 -8.498 -1.203 -4.566 -6.695 -7.819 -8.59 -5.541 -6.864 -7.898 -8.514 -8.973 -7.018 -5.779 -7.331 -9.501 -9.822 -9.882 -7.478
19.196211 -3.399 1.799 0.833 -0.869 -3.656 -5.658 -3.774 -1.366 -3.787 -5.777 -7.362 -8.439 -1.144 -4.507 -6.635 -7.76 -8.531 -5.481 -6.805 -7.839 -8.454 -8.914 -6.958 -5.72 -7.272 -9.442 -9.762 -9.823 -7.419
19.776787 -3.34 1.859 0.893 -0.81 -3.597 -5.599 -3.715 -1.307 -3.728 -5.718 -7.302 -8.379 -1.084 -4.447 -6.576 -7.701 -8.472 -5.422 -6.745 -7.779 -8.395 -8.854 -6.899 -5.661 -7.213 -9.383 -9.703 -9.764 -7.359
20.374923 -3.28 1.918 0.952 -0.751 -3.537 -5.54 -3.655 -1.247 -3.668 -5.658 -7.243 -8.32 -1.025 -4.388 -6.517 -7.641 -8.412 -5.362 -6.686 -7.72 -8.336 -8.795 -6.84 -5.601 -7.153 -9.323 -9.644 -9.704 -7.3
20.991149 -3.221 1.978 1.012 -0.691 -3.478 -5.48 -3.596 -1.188 -3.609 -5.598 -7.183 -8.26 -0.965 -4.328 -6.457 -7.582 -8.352 -5.303 -6.626 -7.66 -8.276 -8.735 -6.78 -5.542 -7.094 -9.264 -9.584 -9.645 -7.24
21.626011 -3.161 2.037 1.071 -0.631 -3.418 -5.42 -3.536 -1.128 -3.549 -5.539 -7.124 -8.2 -0.905 -4.269 -6.397 -7.522 -8.293 -5.243 -6.567 -7.601 -8.216 -8.675 -6.72 -5.482 -7.034 -9.204 -9.524 -9.585 -7.18
22.280075 -3.101 2.097 1.131 -0.572 -3.358 -5.361 -3.476 -1.068 -3.489 -5.479 -7.064 -8.141 -0.846 -4.209 -6.337 -7.462 -8.233 -5.183 -6.507 -7.541 -8.156 -8.616 -6.66 -5.422 -6.974 -9.144 -9.464 -9.525 -7.121
22.953921 -3.041 2.157 1.191 -0.512 -3.298 -5.301 -3.416 -1.009 -3.43 -5.419 -7.004 -8.081 -0.786 -4.149 -6.278 -7.402 -8.173 -5.123 -6.447 -7.481 -8.097 -8.556 -6.601 -5.362 -6.914 -9.084 -9.405 -9.465 -7.061
23.648147 -2.981 2.217 1.251 -0.452 -3.238 -5.241 -3.356 -0.949 -3.369 -5.359 -6.944 -8.021 -0.726 -4.089 -6.218 -7.342 -8.113 -5.063 -6.387 -7.421 -8.037 -8.496 -6.541 -5.302 -6.854 -9.024 -9.345 -9.405 -7.001
24.363369 -2.921 2.277 1.311 -0.392 -3.178 -5.181 -3.296 -0.888 -3.309 -5.299 -6.884 -7.961 -0.666 -4.029 -6.157 -7.282 -8.053 -5.003 -6.327 -7.361 -7.976 -8.436 -6.48 -5.242 -6.794 -8.964 -9.284 -9.345 -6.941
25.100222 -2.861 2.337 1.371 -0.331 -3.118 -5.12 -3.236 -0.828 -3.249 -5.239 -6.824 -7.9 -0.605 -3.969 -6.097 -7.222 -7.993 -4.943 -6.267 -7.301 -7.916 -8.375 -6.42 -5.182 -6.734 -8.904 -9.224 -9.285 -6.88
25.859362 -2.801 2.398 1.432 -0.271 -3.058 -5.06 -3.176 -0.768 -3.189 -5.178 -6.763 -7.84 -0.545 -3.908 -6.037 -7.162 -7.932 -4.883 -6.206 -7.24 -7.856 -8.315 -6.36 -5.122 -6.674 -8.844 -9.164 -9.225 -6.82
26.64146 -2.74 2.458 1.492 -0.211 -2.997 -5.0 -3.115 -0.708 -3.128 -5.118 -6.703 -7.78 -0.485 -3.848 -5.977 -7.101 -7.872 -4.822 -6.146 -7.18 -7.796 -8.255 -6.3 -5.061 -6.613 -8.783 -9.104 -9.164 -6.76
27.447213 -2.68 2.519 1.553 -0.15 -2.937 -4.939 -3.055 -0.647 -3.068 -5.058 -6.642 -7.719 -0.424 -3.787 -5.916 -7.041 -7.812 -4.762 -6.085 -7.119 -7.735 -8.194 -6.239 -5.001 -6.553 -8.723 -9.043 -9.104 -6.699
28.277335 -2.619 2.579 1.613 -0.09 -2.876 -4.879 -2.994 -0.586 -3.007 -4.997 -6.582 -7.659 -0.364 -3.727 -5.855 -6.98 -7.751 -4.701 -6.025 -7.059 -7.674 -8.134 -6.178 -4.94 -6.492 -8.662 -8.982 -9.043 -6.639
29.132564 -2.559 2.64 1.674 -0.029 -2.816 -4.818 -2.933 -0.526 -2.947 -4.936 -6.521 -7.598 -0.303 -3.666 -5.795 -6.919 -7.69 -4.641 -5.964 -6.998 -7.614 -8.073 -6.118 -4.879 -6.431 -8.602 -8.922 -8.982 -6.578
30.013659 -2.498 2.701 1.735 0.032 -2.755 -4.757 -2.873 -0.465 -2.886 -4.876 -6.46 -7.537 -0.242 -3.605 -5.734 -6.859 -7.63 -4.58 -5.903 -6.937 -7.553 -8.012 -6.057 -4.819 -6.371 -8.541 -8.861 -8.922 -6.517
30.921401 -2.437 2.761 1.796 0.093 -2.694 -4.696 -2.812 -0.404 -2.825 -4.815 -6.399 -7.476 -0.181 -3.544 -5.673 -6.798 -7.569 -4.519 -5.843 -6.876 -7.492 -7.951 -5.996 -4.758 -6.31 -8.48 -8.8 -8.861 -6.456
31.856598 -2.376 2.822 1.857 0.154 -2.633 -4.635 -2.751 -0.343 -2.764 -4.754 -6.339 -7.415 -0.12 -3.483 -5.612 -6.737 -7.508 -4.458 -5.782 -6.815 -7.431 -7.89 -5.935 -4.697 -6.249 -8.419 -8.739 -8.8 -6.395
32.820079 -2.315 2.884 1.918 0.215 -2.572 -4.574 -2.69 -0.282 -2.703 -4.693 -6.277 -7.354 -0.059 -3.422 -5.551 -6.676 -7.447 -4.397 -5.72 -6.754 -7.37 -7.829 -5.874 -4.636 -6.188 -8.358 -8.678 -8.739 -6.334
