web/models/kne.last_good/kappa_0.5_3.0.v2/3/villar_0.0079_0.1867_0.5000.dat
# %ECSV 1.0
# ---
# datatype:
# - {name: time, datatype: float64}
# - {name: swift_uvot_uvw2, datatype: float64}
# - {name: swift_uvot_uvm2, datatype: float64}
# - {name: swift_uvot_uvw1, datatype: float64}
# - {name: swift_uvot_U, datatype: float64}
# - {name: swift_uvot_B, datatype: float64}
# - {name: swift_uvot_V, datatype: float64}
# - {name: swift_uvot_W, datatype: float64}
# - {name: johnson_U, datatype: float64}
# - {name: johnson_B, datatype: float64}
# - {name: johnson_V, datatype: float64}
# - {name: johnson_R, datatype: float64}
# - {name: johnson_I, datatype: float64}
# - {name: sdss_u, datatype: float64}
# - {name: sdss_g, datatype: float64}
# - {name: sdss_r, datatype: float64}
# - {name: sdss_i, datatype: float64}
# - {name: sdss_z, datatype: float64}
# - {name: PS1_g, datatype: float64}
# - {name: PS1_r, datatype: float64}
# - {name: PS1_i, datatype: float64}
# - {name: PS1_z, datatype: float64}
# - {name: PS1_Y, datatype: float64}
# - {name: PS1_w, datatype: float64}
# - {name: ATLAS_c, datatype: float64}
# - {name: ATLAS_o, datatype: float64}
# - {name: ukirt_J, datatype: float64}
# - {name: ukirt_H, datatype: float64}
# - {name: ukirt_K, datatype: float64}
# - {name: Clear, datatype: float64}
# meta: !!omap
# - comment: [kappa = 0.5, type = villar, mass = 0.00793700525986525, velocity = 0.1866666666666667, theta_obs = 0.0, tfloor = 2500.0]
# schema: astropy-2.0
time swift_uvot_uvw2 swift_uvot_uvm2 swift_uvot_uvw1 swift_uvot_U swift_uvot_B swift_uvot_V swift_uvot_W johnson_U johnson_B johnson_V johnson_R johnson_I sdss_u sdss_g sdss_r sdss_i sdss_z PS1_g PS1_r PS1_i PS1_z PS1_Y PS1_w ATLAS_c ATLAS_o ukirt_J ukirt_H ukirt_K Clear
0.001 -16.802 -13.339 -10.641 -9.919 -9.426 -8.937 -10.507 -9.843 -9.422 -8.925 -8.46 -7.938 -9.855 -9.269 -8.662 -8.242 -7.86 -13.858 -13.649 -13.667 -14.077 -15.067 -8.761 -9.034 -8.493 -7.119 -6.535 -5.872 -8.872
0.00103 -16.782 -13.325 -10.673 -9.951 -9.458 -8.969 -10.538 -9.875 -9.454 -8.957 -8.492 -7.969 -9.887 -9.301 -8.694 -8.274 -7.892 -13.839 -13.63 -13.647 -14.057 -15.047 -8.793 -9.066 -8.525 -7.151 -6.567 -5.904 -8.903
0.001061 -16.763 -13.311 -10.705 -9.983 -9.49 -9.001 -10.571 -9.907 -9.486 -8.989 -8.524 -8.002 -9.919 -9.333 -8.727 -8.307 -7.924 -13.82 -13.611 -13.628 -14.038 -15.028 -8.825 -9.098 -8.558 -7.184 -6.6 -5.936 -8.936
0.001094 -16.744 -13.298 -10.738 -10.016 -9.523 -9.034 -10.603 -9.94 -9.519 -9.022 -8.558 -8.035 -9.952 -9.366 -8.76 -8.34 -7.957 -13.802 -13.592 -13.61 -14.019 -15.009 -8.858 -9.131 -8.591 -7.217 -6.633 -5.969 -8.969
0.001127 -16.726 -13.285 -10.771 -10.049 -9.556 -9.067 -10.636 -9.973 -9.553 -9.056 -8.591 -8.069 -9.985 -9.4 -8.793 -8.373 -7.991 -13.784 -13.574 -13.591 -14.001 -14.99 -8.892 -9.165 -8.624 -7.251 -6.666 -6.003 -9.002
0.001161 -16.708 -13.273 -10.805 -10.083 -9.59 -9.101 -10.67 -10.007 -9.587 -9.09 -8.625 -8.103 -10.019 -9.434 -8.827 -8.407 -8.025 -13.766 -13.557 -13.573 -13.982 -14.972 -8.926 -9.199 -8.658 -7.285 -6.7 -6.037 -9.036
0.001196 -16.69 -13.262 -10.839 -10.117 -9.625 -9.136 -10.704 -10.041 -9.621 -9.124 -8.659 -8.137 -10.053 -9.468 -8.862 -8.442 -8.059 -13.749 -13.539 -13.556 -13.965 -14.954 -8.96 -9.233 -8.693 -7.319 -6.735 -6.072 -9.071
0.001232 -16.673 -13.251 -10.873 -10.152 -9.659 -9.171 -10.739 -10.076 -9.656 -9.159 -8.694 -8.172 -10.088 -9.503 -8.896 -8.477 -8.094 -13.732 -13.522 -13.538 -13.947 -14.936 -8.995 -9.268 -8.727 -7.354 -6.77 -6.107 -9.105
0.001269 -16.655 -13.241 -10.908 -10.187 -9.694 -9.206 -10.773 -10.111 -9.691 -9.194 -8.73 -8.207 -10.123 -9.538 -8.932 -8.512 -8.13 -13.716 -13.505 -13.521 -13.93 -14.918 -9.03 -9.303 -8.763 -7.389 -6.805 -6.142 -9.141
0.001308 -16.639 -13.231 -10.943 -10.222 -9.73 -9.241 -10.809 -10.146 -9.726 -9.229 -8.765 -8.243 -10.158 -9.573 -8.967 -8.547 -8.165 -13.7 -13.489 -13.504 -13.913 -14.901 -9.066 -9.338 -8.798 -7.425 -6.841 -6.178 -9.176
0.001347 -16.622 -13.222 -10.979 -10.258 -9.766 -9.277 -10.844 -10.182 -9.762 -9.265 -8.801 -8.279 -10.194 -9.609 -9.003 -8.583 -8.201 -13.684 -13.473 -13.488 -13.896 -14.884 -9.102 -9.374 -8.834 -7.461 -6.877 -6.214 -9.212
0.001388 -16.605 -13.213 -11.015 -10.294 -9.802 -9.313 -10.88 -10.218 -9.798 -9.301 -8.837 -8.315 -10.23 -9.645 -9.039 -8.619 -8.237 -13.668 -13.456 -13.472 -13.879 -14.867 -9.138 -9.41 -8.87 -7.497 -6.913 -6.25 -9.248
0.00143 -16.589 -13.205 -11.05 -10.33 -9.838 -9.349 -10.916 -10.254 -9.834 -9.337 -8.873 -8.351 -10.266 -9.681 -9.075 -8.656 -8.274 -13.652 -13.441 -13.455 -13.863 -14.851 -9.174 -9.446 -8.906 -7.534 -6.949 -6.286 -9.284
0.001473 -16.573 -13.198 -11.087 -10.366 -9.874 -9.386 -10.952 -10.29 -9.87 -9.374 -8.91 -8.388 -10.302 -9.718 -9.112 -8.692 -8.31 -13.637 -13.425 -13.44 -13.847 -14.834 -9.21 -9.483 -8.943 -7.57 -6.986 -6.323 -9.321
0.001518 -16.557 -13.191 -11.123 -10.403 -9.911 -9.422 -10.988 -10.327 -9.907 -9.411 -8.946 -8.424 -10.339 -9.754 -9.149 -8.729 -8.347 -13.622 -13.41 -13.424 -13.83 -14.818 -9.247 -9.519 -8.98 -7.607 -7.023 -6.36 -9.357
0.001564 -16.541 -13.184 -11.159 -10.44 -9.947 -9.459 -11.024 -10.364 -9.944 -9.447 -8.983 -8.461 -10.376 -9.791 -9.185 -8.766 -8.384 -13.607 -13.394 -13.408 -13.815 -14.802 -9.284 -9.556 -9.016 -7.644 -7.06 -6.397 -9.394
0.001611 -16.525 -13.178 -11.196 -10.476 -9.984 -9.496 -11.061 -10.4 -9.981 -9.484 -9.02 -8.498 -10.412 -9.828 -9.222 -8.803 -8.421 -13.593 -13.379 -13.393 -13.799 -14.786 -9.321 -9.593 -9.053 -7.681 -7.097 -6.434 -9.431
0.00166 -16.51 -13.173 -11.233 -10.513 -10.021 -9.533 -11.098 -10.437 -10.018 -9.521 -9.057 -8.536 -10.449 -9.865 -9.259 -8.84 -8.458 -13.578 -13.364 -13.377 -13.783 -14.77 -9.358 -9.63 -9.091 -7.718 -7.134 -6.471 -9.468
0.00171 -16.494 -13.168 -11.269 -10.55 -10.058 -9.57 -11.134 -10.474 -10.055 -9.559 -9.095 -8.573 -10.486 -9.902 -9.297 -8.877 -8.495 -13.564 -13.35 -13.362 -13.767 -14.754 -9.395 -9.667 -9.128 -7.756 -7.172 -6.509 -9.505
0.001761 -16.479 -13.163 -11.306 -10.587 -10.096 -9.608 -11.171 -10.511 -10.092 -9.596 -9.132 -8.61 -10.523 -9.939 -9.334 -8.914 -8.533 -13.549 -13.335 -13.347 -13.752 -14.738 -9.432 -9.704 -9.165 -7.793 -7.209 -6.546 -9.542
0.001815 -16.464 -13.159 -11.343 -10.624 -10.133 -9.645 -11.208 -10.549 -10.129 -9.633 -9.169 -8.648 -10.56 -9.976 -9.371 -8.952 -8.57 -13.535 -13.32 -13.332 -13.736 -14.722 -9.47 -9.742 -9.202 -7.83 -7.247 -6.584 -9.58
0.00187 -16.449 -13.156 -11.38 -10.661 -10.17 -9.682 -11.245 -10.586 -10.166 -9.67 -9.207 -8.685 -10.598 -10.014 -9.409 -8.989 -8.608 -13.521 -13.306 -13.317 -13.721 -14.706 -9.507 -9.779 -9.24 -7.868 -7.284 -6.621 -9.617
0.001926 -16.433 -13.153 -11.417 -10.699 -10.207 -9.72 -11.282 -10.623 -10.204 -9.708 -9.244 -8.723 -10.635 -10.051 -9.446 -9.027 -8.645 -13.508 -13.292 -13.302 -13.706 -14.691 -9.544 -9.816 -9.277 -7.906 -7.322 -6.659 -9.654
0.001984 -16.418 -13.15 -11.454 -10.736 -10.245 -9.757 -11.319 -10.66 -10.241 -9.745 -9.282 -8.76 -10.672 -10.088 -9.483 -9.064 -8.683 -13.494 -13.277 -13.288 -13.691 -14.675 -9.582 -9.854 -9.315 -7.943 -7.359 -6.697 -9.692
0.002044 -16.403 -13.148 -11.491 -10.773 -10.282 -9.794 -11.356 -10.697 -10.278 -9.783 -9.319 -8.798 -10.709 -10.126 -9.521 -9.102 -8.72 -13.481 -13.263 -13.273 -13.675 -14.66 -9.619 -9.891 -9.352 -7.981 -7.397 -6.734 -9.729
0.002106 -16.389 -13.147 -11.528 -10.81 -10.319 -9.832 -11.393 -10.735 -10.316 -9.82 -9.357 -8.835 -10.747 -10.163 -9.558 -9.139 -8.758 -13.467 -13.249 -13.258 -13.66 -14.644 -9.657 -9.929 -9.39 -8.018 -7.435 -6.772 -9.767
0.00217 -16.374 -13.146 -11.565 -10.848 -10.357 -9.869 -11.43 -10.772 -10.353 -9.858 -9.394 -8.873 -10.784 -10.201 -9.596 -9.177 -8.795 -13.454 -13.235 -13.244 -13.645 -14.629 -9.694 -9.966 -9.427 -8.056 -7.473 -6.81 -9.804
0.002236 -16.359 -13.145 -11.602 -10.885 -10.394 -9.907 -11.467 -10.809 -10.39 -9.895 -9.432 -8.911 -10.821 -10.238 -9.634 -9.215 -8.833 -13.441 -13.222 -13.23 -13.63 -14.613 -9.732 -10.004 -9.465 -8.094 -7.51 -6.848 -9.842
0.002303 -16.344 -13.145 -11.639 -10.922 -10.432 -9.944 -11.504 -10.847 -10.428 -9.933 -9.469 -8.948 -10.858 -10.275 -9.671 -9.252 -8.871 -13.428 -13.208 -13.215 -13.615 -14.598 -9.769 -10.041 -9.502 -8.132 -7.548 -6.885 -9.879
0.002373 -16.33 -13.146 -11.676 -10.959 -10.469 -9.982 -11.541 -10.884 -10.465 -9.97 -9.507 -8.986 -10.896 -10.313 -9.709 -9.29 -8.908 -13.415 -13.194 -13.201 -13.6 -14.582 -9.807 -10.079 -9.54 -8.169 -7.586 -6.923 -9.916
0.002445 -16.315 -13.147 -11.713 -10.997 -10.506 -10.019 -11.577 -10.921 -10.503 -10.008 -9.545 -9.023 -10.933 -10.35 -9.746 -9.327 -8.946 -13.402 -13.181 -13.187 -13.585 -14.567 -9.844 -10.116 -9.578 -8.207 -7.624 -6.961 -9.954
0.002519 -16.3 -13.149 -11.75 -11.034 -10.544 -10.057 -11.614 -10.958 -10.54 -10.045 -9.582 -9.061 -10.97 -10.388 -9.784 -9.365 -8.984 -13.39 -13.168 -13.173 -13.571 -14.552 -9.882 -10.154 -9.615 -8.245 -7.661 -6.999 -9.991
0.002595 -16.286 -13.151 -11.787 -11.071 -10.581 -10.094 -11.651 -10.996 -10.577 -10.083 -9.62 -9.099 -11.007 -10.425 -9.821 -9.403 -9.021 -13.377 -13.154 -13.159 -13.556 -14.536 -9.919 -10.191 -9.653 -8.283 -7.699 -7.037 -10.029
0.002673 -16.271 -13.154 -11.824 -11.108 -10.618 -10.132 -11.688 -11.033 -10.615 -10.12 -9.657 -9.136 -11.045 -10.463 -9.859 -9.44 -9.059 -13.365 -13.141 -13.145 -13.541 -14.521 -9.957 -10.228 -9.69 -8.32 -7.737 -7.074 -10.066
0.002754 -16.257 -13.158 -11.86 -11.146 -10.656 -10.169 -11.725 -11.07 -10.652 -10.158 -9.695 -9.174 -11.082 -10.5 -9.896 -9.478 -9.097 -13.353 -13.128 -13.131 -13.526 -14.506 -9.994 -10.266 -9.728 -8.358 -7.775 -7.112 -10.104
0.002837 -16.243 -13.162 -11.897 -11.183 -10.693 -10.207 -11.762 -11.107 -10.689 -10.195 -9.732 -9.212 -11.119 -10.537 -9.934 -9.515 -9.134 -13.341 -13.116 -13.117 -13.512 -14.49 -10.032 -10.303 -9.765 -8.396 -7.813 -7.15 -10.141
0.002923 -16.229 -13.166 -11.934 -11.22 -10.73 -10.244 -11.799 -11.145 -10.727 -10.233 -9.77 -9.249 -11.156 -10.575 -9.971 -9.553 -9.172 -13.329 -13.103 -13.104 -13.497 -14.475 -10.069 -10.341 -9.803 -8.433 -7.85 -7.188 -10.179
0.003012 -16.214 -13.172 -11.971 -11.257 -10.768 -10.282 -11.835 -11.182 -10.764 -10.27 -9.807 -9.287 -11.194 -10.612 -10.009 -9.591 -9.21 -13.318 -13.09 -13.09 -13.483 -14.46 -10.107 -10.378 -9.84 -8.471 -7.888 -7.226 -10.216
0.003103 -16.2 -13.177 -12.008 -11.294 -10.805 -10.319 -11.872 -11.219 -10.801 -10.307 -9.845 -9.325 -11.231 -10.649 -10.046 -9.628 -9.247 -13.306 -13.078 -13.077 -13.468 -14.445 -10.144 -10.416 -9.878 -8.509 -7.926 -7.264 -10.254
0.003196 -16.186 -13.184 -12.045 -11.331 -10.842 -10.357 -11.909 -11.256 -10.839 -10.345 -9.883 -9.362 -11.268 -10.687 -10.084 -9.666 -9.285 -13.295 -13.066 -13.063 -13.454 -14.43 -10.182 -10.453 -9.915 -8.547 -7.964 -7.301 -10.291
0.003293 -16.172 -13.191 -12.081 -11.369 -10.88 -10.394 -11.946 -11.293 -10.876 -10.382 -9.92 -9.4 -11.305 -10.724 -10.121 -9.703 -9.323 -13.284 -13.053 -13.05 -13.44 -14.414 -10.219 -10.49 -9.953 -8.584 -8.001 -7.339 -10.328
0.003393 -16.158 -13.199 -12.118 -11.406 -10.917 -10.431 -11.982 -11.33 -10.913 -10.42 -9.958 -9.437 -11.342 -10.761 -10.159 -9.741 -9.36 -13.273 -13.042 -13.037 -13.425 -14.399 -10.256 -10.528 -9.99 -8.622 -8.039 -7.377 -10.366
0.003495 -16.145 -13.207 -12.155 -11.443 -10.954 -10.469 -12.019 -11.367 -10.95 -10.457 -9.995 -9.475 -11.379 -10.799 -10.196 -9.778 -9.398 -13.263 -13.03 -13.024 -13.411 -14.384 -10.294 -10.565 -10.028 -8.66 -8.077 -7.415 -10.403
0.003601 -16.131 -13.216 -12.191 -11.48 -10.991 -10.506 -12.055 -11.404 -10.988 -10.494 -10.033 -9.513 -11.416 -10.836 -10.234 -9.816 -9.435 -13.253 -13.018 -13.011 -13.397 -14.369 -10.331 -10.602 -10.065 -8.697 -8.115 -7.453 -10.44
0.00371 -16.117 -13.225 -12.228 -11.517 -11.029 -10.544 -12.092 -11.442 -11.025 -10.532 -10.07 -9.55 -11.453 -10.873 -10.271 -9.853 -9.473 -13.242 -13.007 -12.998 -13.383 -14.354 -10.369 -10.64 -10.103 -8.735 -8.152 -7.49 -10.478
0.003822 -16.104 -13.235 -12.264 -11.554 -11.066 -10.581 -12.128 -11.479 -11.062 -10.569 -10.107 -9.588 -11.49 -10.91 -10.309 -9.891 -9.511 -13.233 -12.996 -12.986 -13.369 -14.339 -10.406 -10.677 -10.14 -8.773 -8.19 -7.528 -10.515
0.003938 -16.09 -13.246 -12.301 -11.591 -11.103 -10.618 -12.165 -11.516 -11.099 -10.606 -10.145 -9.625 -11.527 -10.948 -10.346 -9.928 -9.548 -13.223 -12.984 -12.973 -13.355 -14.324 -10.443 -10.714 -10.178 -8.811 -8.228 -7.566 -10.552
0.004057 -16.077 -13.257 -12.338 -11.628 -11.14 -10.656 -12.201 -11.553 -11.136 -10.644 -10.182 -9.663 -11.564 -10.985 -10.383 -9.966 -9.586 -13.214 -12.974 -12.961 -13.341 -14.309 -10.481 -10.752 -10.215 -8.848 -8.266 -7.604 -10.59
0.00418 -16.064 -13.269 -12.374 -11.665 -11.177 -10.693 -12.238 -11.59 -11.174 -10.681 -10.22 -9.7 -11.601 -11.022 -10.421 -10.003 -9.623 -13.205 -12.963 -12.949 -13.327 -14.294 -10.518 -10.789 -10.253 -8.886 -8.303 -7.642 -10.627
0.004306 -16.051 -13.282 -12.41 -11.702 -11.214 -10.73 -12.274 -11.626 -11.211 -10.718 -10.257 -9.738 -11.638 -11.059 -10.458 -10.041 -9.661 -13.196 -12.953 -12.937 -13.314 -14.279 -10.555 -10.826 -10.29 -8.924 -8.341 -7.679 -10.664
0.004436 -16.038 -13.295 -12.447 -11.738 -11.252 -10.767 -12.311 -11.663 -11.248 -10.756 -10.295 -9.775 -11.675 -11.096 -10.495 -10.078 -9.698 -13.187 -12.943 -12.925 -13.3 -14.264 -10.593 -10.863 -10.327 -8.961 -8.379 -7.717 -10.701
0.00457 -16.025 -13.308 -12.483 -11.775 -11.289 -10.805 -12.347 -11.7 -11.285 -10.793 -10.332 -9.813 -11.712 -11.134 -10.533 -10.116 -9.736 -13.179 -12.933 -12.913 -13.287 -14.249 -10.63 -10.901 -10.365 -8.999 -8.417 -7.755 -10.739
0.004709 -16.012 -13.323 -12.52 -11.812 -11.326 -10.842 -12.383 -11.737 -11.322 -10.83 -10.369 -9.85 -11.749 -11.171 -10.57 -10.153 -9.773 -13.171 -12.923 -12.902 -13.273 -14.234 -10.667 -10.938 -10.402 -9.037 -8.454 -7.793 -10.776
0.004851 -15.999 -13.337 -12.556 -11.849 -11.363 -10.879 -12.419 -11.774 -11.359 -10.867 -10.407 -9.888 -11.786 -11.208 -10.607 -10.191 -9.811 -13.164 -12.914 -12.89 -13.26 -14.22 -10.704 -10.975 -10.44 -9.074 -8.492 -7.831 -10.813
0.004998 -15.987 -13.353 -12.592 -11.886 -11.4 -10.916 -12.456 -11.811 -11.396 -10.905 -10.444 -9.925 -11.823 -11.245 -10.645 -10.228 -9.848 -13.156 -12.904 -12.879 -13.247 -14.205 -10.742 -11.012 -10.477 -9.112 -8.53 -7.868 -10.85
0.005149 -15.974 -13.369 -12.628 -11.922 -11.437 -10.954 -12.492 -11.848 -11.433 -10.942 -10.481 -9.963 -11.859 -11.282 -10.682 -10.266 -9.886 -13.15 -12.896 -12.868 -13.234 -14.19 -10.779 -11.049 -10.514 -9.149 -8.567 -7.906 -10.887
0.005305 -15.962 -13.385 -12.664 -11.959 -11.474 -10.991 -12.528 -11.884 -11.47 -10.979 -10.519 -10.0 -11.896 -11.319 -10.719 -10.303 -9.923 -13.143 -12.887 -12.858 -13.221 -14.176 -10.816 -11.086 -10.552 -9.187 -8.605 -7.944 -10.925
0.005465 -15.95 -13.402 -12.7 -11.996 -11.511 -11.028 -12.564 -11.921 -11.507 -11.016 -10.556 -10.038 -11.933 -11.356 -10.757 -10.34 -9.961 -13.137 -12.879 -12.847 -13.208 -14.161 -10.853 -11.123 -10.589 -9.225 -8.643 -7.982 -10.962
0.00563 -15.938 -13.42 -12.737 -12.032 -11.548 -11.065 -12.6 -11.958 -11.544 -11.053 -10.593 -10.075 -11.97 -11.393 -10.794 -10.378 -9.998 -13.131 -12.871 -12.837 -13.195 -14.146 -10.89 -11.161 -10.626 -9.262 -8.68 -8.019 -10.999
0.005801 -15.926 -13.438 -12.773 -12.069 -11.584 -11.102 -12.636 -11.994 -11.581 -11.09 -10.631 -10.113 -12.006 -11.43 -10.831 -10.415 -10.036 -13.126 -12.863 -12.827 -13.183 -14.132 -10.927 -11.198 -10.663 -9.3 -8.718 -8.057 -11.036
0.005976 -15.915 -13.457 -12.808 -12.106 -11.621 -11.139 -12.672 -12.031 -11.618 -11.127 -10.668 -10.15 -12.043 -11.467 -10.868 -10.452 -10.073 -13.121 -12.856 -12.817 -13.17 -14.117 -10.965 -11.235 -10.701 -9.337 -8.756 -8.095 -11.073
0.006157 -15.903 -13.476 -12.844 -12.142 -11.658 -11.176 -12.707 -12.068 -11.654 -11.165 -10.705 -10.187 -12.079 -11.504 -10.905 -10.49 -10.11 -13.116 -12.849 -12.808 -13.158 -14.103 -11.002 -11.272 -10.738 -9.375 -8.793 -8.133 -11.11
0.006343 -15.892 -13.495 -12.88 -12.179 -11.695 -11.213 -12.743 -12.104 -11.691 -11.202 -10.742 -10.225 -12.116 -11.541 -10.942 -10.527 -10.148 -13.112 -12.842 -12.798 -13.146 -14.088 -11.039 -11.309 -10.775 -9.413 -8.831 -8.17 -11.147
0.006535 -15.881 -13.515 -12.916 -12.215 -11.732 -11.25 -12.779 -12.141 -11.728 -11.239 -10.779 -10.262 -12.152 -11.577 -10.98 -10.564 -10.185 -13.108 -12.836 -12.789 -13.134 -14.074 -11.076 -11.346 -10.812 -9.45 -8.869 -8.208 -11.184
0.006732 -15.87 -13.536 -12.952 -12.252 -11.768 -11.287 -12.815 -12.177 -11.765 -11.276 -10.817 -10.299 -12.189 -11.614 -11.017 -10.601 -10.223 -13.105 -12.83 -12.781 -13.122 -14.06 -11.113 -11.382 -10.849 -9.488 -8.906 -8.246 -11.221
0.006936 -15.859 -13.557 -12.987 -12.288 -11.805 -11.324 -12.85 -12.214 -11.801 -11.313 -10.854 -10.337 -12.225 -11.651 -11.054 -10.639 -10.26 -13.102 -12.824 -12.772 -13.111 -14.046 -11.15 -11.419 -10.886 -9.525 -8.944 -8.283 -11.258
0.007146 -15.848 -13.578 -13.023 -12.324 -11.842 -11.361 -12.886 -12.25 -11.838 -11.349 -10.891 -10.374 -12.262 -11.688 -11.091 -10.676 -10.297 -13.1 -12.819 -12.764 -13.099 -14.032 -11.187 -11.456 -10.924 -9.563 -8.982 -8.321 -11.295
0.007362 -15.838 -13.6 -13.059 -12.361 -11.878 -11.398 -12.921 -12.286 -11.875 -11.386 -10.928 -10.411 -12.298 -11.725 -11.128 -10.713 -10.335 -13.098 -12.815 -12.756 -13.088 -14.017 -11.224 -11.493 -10.961 -9.6 -9.019 -8.359 -11.331
0.007585 -15.828 -13.622 -13.094 -12.397 -11.915 -11.435 -12.957 -12.323 -11.911 -11.423 -10.965 -10.449 -12.334 -11.761 -11.165 -10.75 -10.372 -13.096 -12.81 -12.749 -13.077 -14.003 -11.261 -11.53 -10.998 -9.638 -9.057 -8.396 -11.368
0.007814 -15.818 -13.645 -13.13 -12.433 -11.952 -11.472 -12.992 -12.359 -11.948 -11.46 -11.002 -10.486 -12.371 -11.798 -11.202 -10.787 -10.409 -13.095 -12.806 -12.742 -13.066 -13.99 -11.297 -11.567 -11.035 -9.675 -9.094 -8.434 -11.405
