web/models/mosfit_kne/mosfit_kn_3.0000/mosfit_kn_0.014776_0.0770_3.0000.dat
# %ECSV 1.0
# ---
# datatype:
# - {name: time, datatype: float64}
# - {name: PS1_g, datatype: float64}
# - {name: PS1_i, datatype: float64}
# - {name: PS1_r, datatype: float64}
# - {name: PS1_w, datatype: float64}
# - {name: PS1_y, datatype: float64}
# - {name: PS1_z, datatype: float64}
# - {name: swift_uvot_B, datatype: float64}
# - {name: swift_uvot_U, datatype: float64}
# - {name: swift_uvot_uvm2, datatype: float64}
# - {name: swift_uvot_uvw1, datatype: float64}
# - {name: swift_uvot_uvw2, datatype: float64}
# - {name: swift_uvot_V, datatype: float64}
# - {name: johnson_B, datatype: float64}
# - {name: johnson_I, datatype: float64}
# - {name: johnson_R, datatype: float64}
# - {name: johnson_U, datatype: float64}
# - {name: johnson_V, datatype: float64}
# - {name: sdss_g, datatype: float64}
# - {name: sdss_i, datatype: float64}
# - {name: sdss_r, datatype: float64}
# - {name: sdss_u, datatype: float64}
# - {name: sdss_z, datatype: float64}
# - {name: ATLAS_c, datatype: float64}
# - {name: ATLAS_o, datatype: float64}
# - {name: ukirt_H, datatype: float64}
# - {name: ukirt_J, datatype: float64}
# - {name: ukirt_K, datatype: float64}
# - {name: Clear, datatype: float64}
# meta: !!omap
# - comment: [kappa = 3.0, type = rprocess, mass = 0.014775890654408853, velocity = 0.07700000000000001, theta_obs = 0.0, tfloor = 1000.0]
# schema: astropy-2.0
time PS1_g PS1_i PS1_r PS1_w PS1_y PS1_z swift_uvot_B swift_uvot_U swift_uvot_uvm2 swift_uvot_uvw1 swift_uvot_uvw2 swift_uvot_V johnson_B johnson_I johnson_R johnson_U johnson_V sdss_g sdss_i sdss_r sdss_u sdss_z ATLAS_c ATLAS_o ukirt_H ukirt_J ukirt_K Clear
[from data line 229]
13.827655310621243 7.507854961273228 -1.3739738519260492 2.1010969261118007 0.1331731146078141 -4.8971639004513 -3.4794879356041797 11.047761537837715 17.706705635732636 31.595300939761803 13.672288167807185 16.185304674286837 5.4673716541440305 9.843824220871525 -2.9274871583479998 0.042545608377000166 16.675704456480894 4.512349318975278 8.320395062587682 -1.2927178998130628 2.329585585608225 18.20781116590746 -4.052915547626181 4.080173495854442 -0.3722390287553523 -9.846151278366795 -7.696661982877105 -11.206439958839985 -2.152720929153542
13.887775551102203 7.517618304219997 -1.36421050897928 2.11086026905857 0.14293645755458328 -4.887400557504549 -3.4697245926574105 11.057524880784484 17.716468978679405 31.60506428270857 13.682051510753954 16.195068017233606 5.477134997090782 9.853587563818294 -2.9177238154012306 0.05230895132376934 16.685467799427645 4.522112661922047 8.330158405534451 -1.2829545568662937 2.339348928554994 18.21757450885423 -4.043152204679412 4.089936838801211 -0.36247568580858314 -9.836387935420026 -7.686898639930353 -11.196676615893216 -2.142957586206773
13.947895791583166 7.5272900675782495 -1.3545387456210278 2.120532032416804 0.15260822091281767 -4.877728794146297 -3.4600528292991584 11.067196644142737 17.72614074203764 31.614736046066813 13.691723274112206 16.204739780591858 5.486806760449034 9.863259327176547 -2.9080520520429785 0.06198071468202149 16.695139562785897 4.531784425280281 8.339830168892686 -1.2732827935080415 2.349020691913246 18.227246272212465 -4.03348044132116 4.099608602159446 -0.352803922450331 -9.826716172061792 -7.677226876572101 -11.187004852534963 -2.1332858228485208
14.008016032064127 7.536872863209894 -1.3449559499893837 2.130114828048466 0.16219101654447954 -4.8681459985146525 -3.4504700336675143 11.07677943977438 17.7357235376693 31.62431884169847 13.70130606974385 16.214322576223502 5.496389556080678 9.87284212280819 -2.8984692564113343 0.07156351031366559 16.70472235841754 4.541367220911943 8.349412964524348 -1.2636999978763974 2.3586034875448902 18.236829067844127 -4.023897645689516 4.109191397791108 -0.3432211268186869 -9.81713337643013 -7.667644080940439 -11.17742205690332 -2.1237030272168766
14.06813627254509 7.5463676144374325 -1.3354611987618448 2.1396095792759873 0.1716857677720185 -4.8586512472871135 -3.4409752824399753 11.08627419100192 17.74521828889684 31.633813592926007 13.71080082097139 16.22381732745104 5.505884307308217 9.88233687403573 -2.8889745051837954 0.08105826154120455 16.71421710964508 4.550861972139464 8.358907715751887 -1.2542052466488585 2.368098238772429 18.246323819071666 -4.014402894461977 4.118686149018647 -0.33372637559114793 -9.807638625202609 -7.658149329712918 -11.16792730567578 -2.1142082759893377
14.128256513026052 7.555776204924509 -1.3260526082747859 2.149018169763064 0.18109435825907738 -4.849242656800037 -3.4315666919529164 11.095682781488978 17.7546268793839 31.64322218341307 13.720209411458448 16.2332259179381 5.515292897795294 9.891745464522788 -2.8795659146967365 0.09046685202826343 16.723625700132157 4.560270562626541 8.368316306238945 -1.2447966561617818 2.377506829259488 18.255732409558725 -4.0049943039749 4.1280947395057055 -0.3243177851040713 -9.798230034715532 -7.6487407392258415 -11.158518715188704 -2.104799685502261
14.188376753507013 7.565100375208935 -1.3167284379903421 2.15834234004749 0.19041852854350338 -4.839918486515611 -3.4222425216684726 11.105006951773422 17.763951049668325 31.652546353697506 13.729533581742892 16.242550088222544 5.52461706807972 9.901069634807214 -2.8702417444122927 0.09979102231268944 16.732949870416583 4.569594732910967 8.377640476523371 -1.2354724858773558 2.386830999543932 18.26505657984315 -3.9956701336904743 4.1374189097901315 -0.3149936148196453 -9.788905864431106 -7.6394165689414155 -11.149194544904278 -2.095475515217835
14.248496993987976 7.5743426945916426 -1.3074861186076525 2.1675846594301973 0.19966084792621075 -4.8306761671329035 -3.413000202285783 11.114249271156112 17.773193369051032 31.661788673080213 13.7387759011256 16.25179240760525 5.533859387462427 9.910311954189922 -2.8609994250295854 0.1090333416953968 16.74219218979929 4.578837052293674 8.386882795906079 -1.2262301664946484 2.396073318926639 18.274298899225858 -3.986427814307767 4.146661229172839 -0.3057512954369379 -9.779663545048399 -7.630174249558708 -11.13995222552157 -2.0862331958351277
14.308617234468937 7.58350406038625 -1.2983247528130448 2.176746025224805 0.20882221372081844 -4.821514801338296 -3.4038388364911754 11.12341063695072 17.78235473484564 31.670950038874818 13.747937266920207 16.26095377339986 5.543020753257035 9.91947331998453 -2.8518380592349954 0.11819470749000449 16.751353555593898 4.587998418088282 8.396044161700686 -1.2170688007000408 2.405234684721247 18.283460265020466 -3.9772664485131592 4.1558225949674465 -0.2965899296423302 -9.770502179253791 -7.6210128837641005 -11.130790859726963 -2.07707183004052
14.3687374749499 7.592585905315712 -1.2892429078835654 2.1858278701542666 0.21790405865028006 -4.812432956408834 -3.394756991561696 11.132492481880199 17.7914365797751 31.68003188380428 13.757019111849669 16.27003561832932 5.552102598186496 9.928555164914009 -2.842756214305516 0.12727655241946612 16.76043540052336 4.597080263017744 8.405126006630148 -1.2079869557705791 2.4143165296507085 18.292542109949927 -3.9681846035836976 4.164904439896908 -0.2875080847128686 -9.76142033432433 -7.611931038834639 -11.121709014797501 -2.0679899851110584
14.428857715430862 7.601590238930296 -1.2802385742689815 2.1948322037688506 0.22690839226486403 -4.80342862279425 -3.385752657947112 11.141496815494783 17.800440913389686 31.689036217418863 13.766023445464253 16.279039951943904 5.56110693180108 9.937559498528593 -2.833751880690932 0.13628088603406785 16.769439734137944 4.606084596632328 8.414130340244732 -1.1989826221559952 2.4233208632652925 18.30154644356451 -3.9591802699691137 4.173908773511492 -0.2785037510982846 -9.752416000709745 -7.602926705220055 -11.112704681182917 -2.0589856514964744
14.488977955911823 7.610519222910792 -1.2713095902884852 2.203761187749347 0.23583737624536028 -4.794499638813754 -3.3768236739666158 11.15042579947528 17.809369897370182 31.69796520139936 13.774952429444749 16.2879689359244 5.570035915781577 9.94648848250909 -2.824822896710436 0.1452098700145641 16.77836871811844 4.615013580612824 8.423059324225228 -1.190053638175499 2.4322498472457887 18.310475427545008 -3.9502512859886174 4.182837757491988 -0.2695747671177884 -9.743487016729249 -7.593997721239559 -11.10377569720242 -2.050056667515978
14.549098196392785 7.619373600832642 -1.2624552123666355 2.2126155656711965 0.24469175416721 -4.785645260891904 -3.367969296044766 11.159280177397129 17.81822427529203 31.70681957932121 13.783806807366599 16.29682331384625 5.578890293703426 9.955342860430939 -2.815968518788586 0.15406424793641382 16.78722309604029 4.623867958534674 8.431913702147078 -1.1811992602536492 2.4411042251676385 18.319329805466857 -3.9413969080667677 4.191692135413838 -0.26072038919593865 -9.7346326388074 -7.585143343317709 -11.094921319280571 -2.0412022895941284
14.609218436873746 7.628155017802758 -1.2536737953965194 2.2213969826413305 0.2534731711373439 -4.77686384392177 -3.35918787907465 11.168061594367245 17.827005692262166 31.715600996291332 13.792588224336715 16.305604730816366 5.58767171067356 9.964124277401055 -2.80718710181847 0.16284566490652996 16.796004513010423 4.6326493755048075 8.440695119117212 -1.172417843283533 2.4498856421377546 18.32811122243699 -3.9326154910966515 4.200473552383972 -0.2519389722258225 -9.725851221837265 -7.576361926347575 -11.086139902310455 -2.0324208726240123
14.669338677354709 7.636864981812099 -1.2449638313871958 2.230106946650654 0.26218313514666747 -4.768153879912447 -3.3504779150653263 11.176771558376569 17.83571565627149 31.72431096030066 13.801298188346038 16.31431469482569 5.596381674682884 9.972834241410379 -2.7984771378091464 0.17155562891585352 16.804714477019747 4.641359339514131 8.449405083126535 -1.1637078792741917 2.458595606147078 18.336821186446315 -3.92390552708731 4.209183516393296 -0.2432290082164812 -9.717141257827942 -7.567651962338251 -11.077429938301114 -2.023710908614671
14.729458917835672 7.645505508750361 -1.2363233044489164 2.2387474735889334 0.2708236620849469 -4.759513352974167 -3.341837388127047 11.185412085314848 17.84435618320977 31.73295148723894 13.809938715284318 16.32295522176397 5.605022201621163 9.981474768348658 -2.789836610870867 0.18019615585413296 16.813355003958026 4.6499998664524105 8.458045610064815 -1.15506735233593 2.4672361330853576 18.345461713384594 -3.9152650001490485 4.217824043331575 -0.23458848127821952 -9.708500730889662 -7.559011435399972 -11.068789411362852 -2.0150703816763915
14.789579158316633 7.654077534554169 -1.2277512786451084 2.2473194993927414 0.2793956878887549 -4.750941327170377 -3.333265362323239 11.193984111118656 17.852928209013577 31.741523513042747 13.818510741088126 16.331527247567777 5.6135942274249535 9.990046794152466 -2.781264585067059 0.18876818165794096 16.821927029761817 4.6585718922562185 8.466617635868623 -1.146495326532122 2.4758081588891656 18.354033739188402 -3.9066929743452405 4.226396069135383 -0.22601645547441152 -9.699928705085854 -7.550439409596164 -11.060217385559044 -2.0064983558726013
14.849699398797595 7.662582454574949 -1.2192463586243285 2.2558244194135035 0.287900607909517 -4.742436407149597 -3.324760442302459 11.202489031139436 17.86143312903434 31.750028433063516 13.827015661108906 16.340032167588557 5.622099147445733 9.998551714173228 -2.772759665046279 0.19727310167870304 16.830431949782596 4.667076812276981 8.475122555889385 -1.1379904065113422 2.4843130789099455 18.362538659209164 -3.8981880543244607 4.234900989156145 -0.21751153545363167 -9.691423785065092 -7.541934489575402 -11.051712465538264 -1.9979934358518214
14.909819639278556 7.671021616194427 -1.2108071970048684 2.2642635810329814 0.2963397695289949 -4.733997245530119 -3.316321280682999 11.210928192758896 17.869872290653817 31.758467594682994 13.835454822728384 16.348471329208017 5.630538309065211 10.006990875792706 -2.764320503426819 0.20571226329818093 16.838871111402074 4.6755159738964585 8.483561717508863 -1.1295512448918643 2.4927522405294233 18.370977820828642 -3.889748892704983 4.243340150775623 -0.20907237383415378 -9.682984623445615 -7.533495327955924 -11.043273303918786 -1.9895542742323435
14.969939879759519 7.679396690924172 -1.2024321222751055 2.2726386557627265 0.3047148442587577 -4.725622170800374 -3.307946205953236 11.219303267488659 17.87824736538358 31.76684266941275 13.843829897458129 16.35684640393778 5.638913383794956 10.015365950522469 -2.755945428697056 0.21408733802794377 16.84724618613182 4.683891048626221 8.491936792238626 -1.1211761701621192 2.5011273152591684 18.379352895558405 -3.8813738179752377 4.251715225505386 -0.2006972991044087 -9.67460954871587 -7.525120253226179 -11.034898229189041 -1.9811791995025985
15.03006012024048 7.6877087528242605 -1.1941200603750168 2.280950717662815 0.31302690615882867 -4.717310108900286 -3.2996341440531474 11.227615329388748 17.88655942728365 31.775154731312828 13.852141959358217 16.36515846583787 5.647225445695045 10.023678012422558 -2.7476333667969675 0.22239939992803248 16.855558248031908 4.692203110526292 8.500248854138697 -1.1128641082620305 2.509439377159257 18.387664957458476 -3.873061756075149 4.260027287405457 -0.19238523720432 -9.66629748681578 -7.51680819132609 -11.026586167288952 -1.9728671376025098
15.090180360721442 7.69595907041726 -1.1858697427820175 2.2892010352558323 0.32127722375184575 -4.7090597913072685 -3.291383826460148 11.235865646981747 17.894809744876667 31.783405048905838 13.860392276951217 16.373408783430868 5.655475763288062 10.031928330015557 -2.739383049203968 0.2306497175210318 16.863808565624925 4.700453428119309 8.508499171731714 -1.1046137906690312 2.5176896947522565 18.395915275051493 -3.8648114384821497 4.268277604998474 -0.18413491961132067 -9.658047169222764 -7.508557873733073 -11.018335849695953 -1.9646168200095104
15.150300601202405 7.7041487018082755 -1.1776801113910018 2.297390666646848 0.32946685514286145 -4.700870159916253 -3.2831941950691323 11.244055278372763 17.902999376267683 31.79159468029685 13.868581908342232 16.381598414821884 5.663665394679078 10.040117961406573 -2.7311934178129524 0.2388393489120475 16.87199819701594 4.708643059510325 8.51668880312273 -1.0964241592780155 2.525879326143272 18.40410490644251 -3.8566218070911162 4.27646723638949 -0.17594528822030497 -9.649857537831748 -7.5003682423420575 -11.01014621830492 -1.956427188618477
15.210420841683366 7.712278934120835 -1.1695498790784598 2.30552089895939 0.3375970874554035 -4.692739927603711 -3.2750639627565903 11.252185510685305 17.911129608580225 31.799724912609403 13.876712140654792 16.389728647134426 5.67179562699162 10.048248193719115 -2.7230631855004104 0.24696958122458956 16.880128429328483 4.716773291822867 8.524819035435272 -1.0882939269654557 2.534009558455814 18.41223513875505 -3.848491574778574 4.284597468702032 -0.16781505590774515 -9.641727305519206 -7.492238010029515 -11.002015985992378 -1.948296956305935
15.270541082164328 7.7203513438395 -1.1614774693597951 2.3135933086780547 0.34566949717406814 -4.684667517885046 -3.2669915530379257 11.26025792040397 17.91920201829889 31.807797322328067 13.884784550373457 16.39780105685311 5.6798680367102845 10.05632060343778 -2.714990775781728 0.2550419909432542 16.888200839047148 4.724845701541532 8.532891445153936 -1.080221517246791 2.5420819681744966 18.420307548473716 -3.8404191650599095 4.292669878420696 -0.15974264618908052 -9.633654895800541 -7.484165600310851 -10.993943576273713 -1.9402245465872703
15.33066132264529 7.728366688530102 -1.1534621246691756 2.321608653368674 0.3536848418646876 -4.676652173194444 -3.258976208347306 11.268273265094589 17.92721736298951 31.81581266701868 13.892799895064059 16.40581640154371 5.687883381400886 10.064335948128399 -2.7069754310911263 0.2630573356338737 16.896216183737767 4.732861046232151 8.540906789844556 -1.0722061725561893 2.5500973128650983 18.428322893164335 -3.832403820369308 4.300685223111316 -0.1517273014984788 -9.625639551109922 -7.476150255620231 -10.985928231583111 -1.9322092018966686
15.390781563126252 7.736326022853479 -1.145502790345816 2.329567987692034 0.36164417618804734 -4.668692838871067 -3.2510168740239465 11.276232599417948 17.93517669731287 31.823772001342046 13.900759229387436 16.41377573586707 5.695842715724264 10.072295282451758 -2.6990160967677665 0.2710166699572334 16.904175518061127 4.740820380555511 8.548866124167915 -1.0642468382328119 2.558056647188476 18.436282227487695 -3.8244444860459303 4.3086445574346754 -0.14376796717510132 -9.617680216786562 -7.468190921296872 -10.977968897259734 -1.924249867573291
15.450901803607215 7.744230542622539 -1.1375982705767385 2.3374725074611113 0.3695486959571248 -4.660788319101989 -3.243112354254869 11.284137119187026 17.943081217081946 31.831676521111117 13.908663749156496 16.421680255636147 5.703747235493341 10.080199802220836 -2.691111576998689 0.27892118972631086 16.912080037830204 4.748724900324588 8.556770643936993 -1.0563423184637522 2.5659611669575355 18.444186747256772 -3.8165399662768706 4.316549077203753 -0.13586344740604162 -9.609775697017485 -7.460286401527794 -10.970064377490674 -1.9163453478042314
