web/models/mosfit_kne/mosfit_kn_3.0000/mosfit_kn_0.002817_0.2180_3.0000.dat
# %ECSV 1.0
# ---
# datatype:
# - {name: time, datatype: float64}
# - {name: PS1_g, datatype: float64}
# - {name: PS1_i, datatype: float64}
# - {name: PS1_r, datatype: float64}
# - {name: PS1_w, datatype: float64}
# - {name: PS1_y, datatype: float64}
# - {name: PS1_z, datatype: float64}
# - {name: swift_uvot_B, datatype: float64}
# - {name: swift_uvot_U, datatype: float64}
# - {name: swift_uvot_uvm2, datatype: float64}
# - {name: swift_uvot_uvw1, datatype: float64}
# - {name: swift_uvot_uvw2, datatype: float64}
# - {name: swift_uvot_V, datatype: float64}
# - {name: johnson_B, datatype: float64}
# - {name: johnson_I, datatype: float64}
# - {name: johnson_R, datatype: float64}
# - {name: johnson_U, datatype: float64}
# - {name: johnson_V, datatype: float64}
# - {name: sdss_g, datatype: float64}
# - {name: sdss_i, datatype: float64}
# - {name: sdss_r, datatype: float64}
# - {name: sdss_u, datatype: float64}
# - {name: sdss_z, datatype: float64}
# - {name: ATLAS_c, datatype: float64}
# - {name: ATLAS_o, datatype: float64}
# - {name: ukirt_H, datatype: float64}
# - {name: ukirt_J, datatype: float64}
# - {name: ukirt_K, datatype: float64}
# - {name: Clear, datatype: float64}
# meta: !!omap
# - comment: [kappa = 3.0, type = rprocess, mass = 0.0028172691138521437, velocity = 0.21800000000000003, theta_obs = 0.0, tfloor = 1000.0]
# schema: astropy-2.0
time PS1_g PS1_i PS1_r PS1_w PS1_y PS1_z swift_uvot_B swift_uvot_U swift_uvot_uvm2 swift_uvot_uvw1 swift_uvot_uvw2 swift_uvot_V johnson_B johnson_I johnson_R johnson_U johnson_V sdss_g sdss_i sdss_r sdss_u sdss_z ATLAS_c ATLAS_o ukirt_H ukirt_J ukirt_K Clear
[from data line 413]
24.889779559118235 13.64144968608855 4.759620872889272 8.234691650927104 6.266767839423135 1.2364308243640032 2.6541067892111414 17.181356262653036 23.84030036054795 37.72889566457712 19.805882892622506 22.318899399102158 11.600966378959335 15.977418945686846 3.2061075664673213 6.176140333192321 22.809299181296197 10.64594404379058 14.453989787402985 4.840876825002258 8.463180310423546 24.341405890722775 2.0806791771891398 10.213768220669746 5.761355696059969 -3.712556553551493 -1.563067258061802 -5.072845234024664 3.980873795661779
24.949899799599198 13.65124789478866 4.769419081589383 8.244489859627233 6.276566048123247 1.2462290330641146 2.663904997911253 17.191154471353148 23.85009856924806 37.73869387327724 19.815681101322618 22.32869760780227 11.610764587659446 15.987217154386958 3.2159057751674327 6.185938541892432 22.819097389996315 10.65574225249071 14.463787996103115 4.85067503370237 8.472978519123657 24.351204099422887 2.090477385889251 10.223566429369875 5.77115390476008 -3.7027583448513637 -1.5532690493616905 -5.063047025324552 3.9906720043618904
25.01002004008016 13.661029585764286 4.779200772564991 8.25427155060284 6.286347739098854 1.25601072403974 2.6736866888868605 17.200936162328755 23.859880260223676 37.74847556425286 19.825462792298236 22.338479298777887 11.620546278635072 15.996998845362565 3.225687466143058 6.19572023286804 22.828879080971934 10.665523943466317 14.473569687078722 4.860456724677995 8.482760210099283 24.3609857903985 2.1002590768648766 10.233348120345482 5.780935595735706 -3.692976653875756 -1.543487358386065 -5.053265334348927 4.000453695337516
25.07014028056112 13.670794805795037 4.788965992595742 8.264036770633592 6.296112959129605 1.2657759440704908 2.683451908917611 17.210701382359506 23.869645480254427 37.75824078428361 19.835228012328987 22.348244518808638 11.630311498665822 16.006764065393316 3.235452686173809 6.205485452898791 22.838644301002685 10.675289163497068 14.483334907109473 4.870221944708746 8.492525430130033 24.370751010429252 2.1100242968956273 10.243113340376233 5.790700815766456 -3.6832114338450053 -1.5337221383553143 -5.043500114318176 4.010218915368267
25.130260521042082 13.680543591333798 4.798714778134521 8.273785556172353 6.305861744668366 1.275524729609252 2.69320069445639 17.220450167898285 23.879394265793195 37.76798956982237 19.844976797867748 22.3579933043474 11.640060284204583 16.016512850932077 3.24520147171257 6.215234238437552 22.848393086541446 10.685037949035829 14.493083692648234 4.879970730247507 8.502274215668795 24.38049979596802 2.1197730824343886 10.252862125914994 5.800449601305218 -3.673462648306244 -1.523973352816553 -5.033751328779415 4.019967700907028
25.190380761523045 13.690275980293602 4.808447167094325 8.283517945132175 6.3155941336281884 1.2852571185690742 2.7029330834161946 17.23018255685809 23.88912665475301 37.77772195878218 19.85470918682756 22.36772569330721 11.649792673164388 16.0262452398919 3.2549338606723746 6.224966627397374 22.85812547550126 10.694770337995651 14.502816081608056 4.8897031192073115 8.5120066046286 24.390232184927836 2.129505471394193 10.262594514874817 5.810181990265022 -3.663730259346422 -1.514240963856731 -5.0240189398196105 4.029700089866832
25.250501002004007 13.699993950882181 4.818165137682904 8.293235915720736 6.325312104216767 1.294975089157635 2.7126510540047732 17.239900527446668 23.89884462534158 37.787439929370755 19.864427157416138 22.37744366389579 11.659510643752967 16.035963210480478 3.264651831260953 6.234684597985953 22.867843446089836 10.704488308584212 14.512534052196617 4.89942108979589 8.521724575217178 24.399950155516407 2.1392234419827716 10.272312485463395 5.819899960853601 -3.654012288757861 -1.50452299326817 -5.014300969231032 4.039418060455411
25.31062124248497 13.709692054888993 4.827863241689698 8.302934019727548 6.3350102082235615 1.3046731931644473 2.7223491580115677 17.249598631453463 23.908542729348383 37.797138033377564 19.874125261422943 22.387141767902595 11.669208747759779 16.045661314487273 3.2743499352677476 6.244382701992747 22.87754155009664 10.714186412591024 14.52223215620343 4.909119193802702 8.53142267922399 24.40964825952321 2.148921545989584 10.28201058947019 5.829598064860413 -3.6443141847510487 -1.4948248892613578 -5.00460286522422 4.049116164462223
25.37074148296593 13.719375228794402 4.837546415595124 8.312617193632956 6.3446933821289875 1.3143563670698555 2.7320323319169937 17.25928180535889 23.9182259032538 37.80682120728297 19.88380843532836 22.39682494180801 11.678891921665187 16.0553444883927 3.2840331091731736 6.254065875898173 22.88722472400206 10.723869586496432 14.531915330108838 4.9188023677081105 8.541105853129398 24.419331433428624 2.158604719894992 10.291693763375616 5.839281238765821 -3.6346310108456406 -1.4851417153559496 -4.994919691318811 4.058799338367631
25.430861723446892 13.729042387081911 4.847213573882616 8.322284351920466 6.354360540416479 1.3240235253573651 2.7416994902044856 17.26894896364638 23.9278930615413 37.816488365570486 19.893475593615857 22.40649210009551 11.688559079952697 16.06501164668019 3.2937002674606655 6.263733034185665 22.89689188228956 10.733536744783942 14.541582488396347 4.92846952599562 8.550773011416908 24.428998591716127 2.1682718781825017 10.301360921663107 5.848948397053331 -3.624963852558131 -1.47547455706844 -4.985252533031302 4.068466496655141
25.490981963927855 13.73869338157066 4.856864568371364 8.331935346409214 6.364011534905227 1.333674519846113 2.7513504846932335 17.27859995813513 23.93754405603005 37.82613936005923 19.90312658810461 22.41614309458426 11.698210074441445 16.07466264116894 3.3033512619494134 6.273384028674413 22.906542876778307 10.74318773927269 14.551233482885095 4.938120520484368 8.560424005905656 24.438649586204875 2.1779228726712496 10.311011916151855 5.858599391542079 -3.615312858069383 -1.465823562579692 -4.975601538542554 4.078117491143889
25.551102204408817 13.748328219775434 4.866499406576157 8.341570184613989 6.373646373110002 1.3433093580508881 2.7609853228980263 17.28823479633992 23.94717889423483 37.835774198264005 19.91276142630939 22.425777932789035 11.70784491264622 16.08429747937373 3.3129861001542062 6.283018866879206 22.916177714983082 10.752822577477465 14.56086832108987 4.947755358689143 8.57005884411043 24.448284424409657 2.1875577108760247 10.32064675435663 5.868234229746854 -3.605678019864608 -1.456188724374917 -4.965966700337779 4.087752329348664
25.61122244488978 13.757946939132495 4.876118125933218 8.351188903971067 6.383265092467081 1.3529280774079666 2.770604042255087 17.297853515696982 23.956797613591903 37.845392917621076 19.922380145666462 22.435396652146114 11.717463632003298 16.093916198730792 3.322604819511267 6.292637586236267 22.92579643434015 10.762441296834544 14.570487040446949 4.957374078046204 8.579677563467492 24.45790314376673 2.197176430233103 10.330265473713709 5.877852949103914 -3.5960593005075294 -1.4465700050178385 -4.9563479809807 4.097371048705742
25.67134268537074 13.767549578774911 4.885720765575616 8.360791543613466 6.39286773210948 1.3625307170503653 2.7802066818974858 17.30745615533938 23.9664002532343 37.85499555726347 19.931982785308858 22.44499929178851 11.727066271645697 16.10351883837319 3.3322074591536657 6.302240225878665 22.935399073982552 10.772043936476942 14.580089680089348 4.96697671768862 8.58928020310989 24.467505783409127 2.206779069875502 10.339868113356108 5.887455588746331 -3.5864566608651307 -1.4369673653754398 -4.946745341338302 4.106973688348141
25.7314629258517 13.777136174682276 4.895307361482999 8.370378139520831 6.402454328016862 1.3721173129577302 2.7897932778048684 17.317042751246763 23.975986849141677 37.86458215317085 19.941569381216233 22.454585887695885 11.736652867553062 16.113105434280573 3.3417940550610483 6.311826821786048 22.944985669889924 10.781630532384307 14.589676275996712 4.976563313595985 8.598866799017273 24.477092379316503 2.2163656657828668 10.349454709263473 5.897042184653696 -3.576870064957766 -1.427380769468075 -4.937158745430937 4.116560284255506
25.791583166332664 13.786706766954975 4.9048779537556975 8.379948731793547 6.412024920289561 1.3816879052304287 2.799363870077567 17.326613343519462 23.985557441414382 37.87415274544355 19.95113997348893 22.464156479968583 11.74622345982576 16.122676026553272 3.351364647333747 6.3213974140587466 22.954556262162633 10.791201124657023 14.599246868269429 4.986133905868684 8.608437391289971 24.486662971589208 2.2259362580555653 10.359025301536189 5.906612776926394 -3.5672994726850495 -1.4178101771953586 -4.927588153158238 4.1261308765282045
25.851703406813627 13.7962613890768 4.914432575877505 8.389503353915355 6.421579542411369 1.3912425273522544 2.808918492199375 17.33616796564127 23.99511206353619 37.883707367565364 19.96069459561075 22.4737111020904 11.755778081947586 16.13223064867508 3.3609192694555547 6.3309520361805545 22.964110884284437 10.800755746778831 14.608801490391237 4.995688527990509 8.61799201341178 24.496217593711016 2.235490880177391 10.368579923657997 5.916167399048202 -3.5577448505632416 -1.4082555550735507 -4.9180335310364125 4.13568549865003
25.91182364729459 13.805800085089999 4.923971271890704 8.399042049928553 6.431118238424567 1.4007812233654526 2.818457188212573 17.345706661654468 24.00465075954939 37.893246063578566 19.970233291623945 22.483249798103596 11.765316777960784 16.141769344688278 3.3704579654687707 6.340490732193753 22.973649580297646 10.81029444279203 14.618340186404435 5.005227224003708 8.627530709424995 24.505756289724214 2.245029576190589 10.378118619671195 5.925706095061418 -3.5482061545500434 -1.3987168590603525 -4.908494835023214 4.1452241946632284
25.97194388777555 13.815322894277493 4.933494081078216 8.408564859116048 6.440641047612061 1.410304032552947 2.827979997400085 17.35522947084198 24.014173568736894 37.90276887276607 19.97975610081144 22.49277260729109 11.774839587148278 16.151292153875772 3.379980774656265 6.350013541381247 22.98317238948514 10.819817251979524 14.62786299559193 5.014750033191202 8.63705351861249 24.51527909891172 2.2545523853780836 10.38764142885869 5.935228904248913 -3.538683345362549 -1.389194049872858 -4.89897202583572 4.154747003850723
26.03206412825651 13.82482985488446 4.943001041685182 8.418071819723032 6.450148008219045 1.4198109931599312 2.8374869580070516 17.364736431448947 24.023680529343867 37.91227583337304 19.989263061418423 22.502279567898068 11.784346547755263 16.160799114482757 3.3894877352632315 6.359520501988231 22.992679350092118 10.829324212586508 14.637369956198913 5.0242569937981685 8.646560479219456 24.524786059518693 2.26405934598505 10.397148389465674 5.944735864855879 -3.529176384755565 -1.379687089265874 -4.8894650652287535 4.164253964457707
26.092184368737474 13.834321004483687 4.95249219128441 8.427562969322242 6.459639157818273 1.4293021427591412 2.8469781076062795 17.374227581048174 24.033171678943084 37.921766982972265 19.998754211017644 22.511770717497296 11.793837697354473 16.170290264081984 3.3989788848624594 6.369011651587459 23.002170499691346 10.838815362185718 14.646861105798141 5.033748143397396 8.656051628818684 24.53427720911791 2.273550495584278 10.406639539064901 5.954227014455107 -3.519685235156355 -1.3701959396666639 -4.879973915629526 4.173745114056917
26.152304609218437 13.843796381755755 4.961967568556478 8.437038346594328 6.469114535090341 1.438777520031227 2.8564534848783474 17.383702958320242 24.042647056215163 37.93124236024433 20.00822958828972 22.521246094769364 11.803313074626558 16.179765641354052 3.4084542621345273 6.378487028859527 23.011645876963414 10.848290739457804 14.65633648307021 5.043223520669464 8.665527006090752 24.54375258638999 2.2830258728563457 10.41611491633697 5.963702391727175 -3.510209857884269 -1.3607205623945782 -4.870498538357458 4.183220491328985
26.2124248496994 13.853256027592558 4.97142721439328 8.446497992431112 6.478574180927126 1.4482371658680115 2.8659131307151497 17.393162604157045 24.052106702051958 37.94070200608113 20.017689234126504 22.530705740606155 11.812772720463343 16.189225287190837 3.4179139079713297 6.387946674696312 23.021105522800205 10.857750385294588 14.665796128906994 5.052683166506267 8.674986651927554 24.553212232226784 2.292485518693148 10.425574562173754 5.973162037563977 -3.5007502120474845 -1.3512609165577936 -4.861038892520655 4.192680137165787
26.27254509018036 13.86269998118328 4.980871167984002 8.455941946021852 6.488018134517866 1.4576811194587513 2.875357084305872 17.402606557747767 24.061550655642687 37.95014595967186 20.027133187717244 22.540149694196888 11.822216674054083 16.198669240781577 3.4273578615620517 6.397390628287051 23.030549476390938 10.867194338885328 14.675240082497734 5.062127120096989 8.684430605518276 24.562656185817513 2.30192947228387 10.435018515764494 5.982605991154699 -3.4913062584567447 -1.3418169629670538 -4.851594938929933 4.202124090756527
26.33266533066132 13.872128280690124 4.990299467490846 8.465370245528678 6.49744643402471 1.4671094189655776 2.8847853838127158 17.41203485725461 24.07097895514952 37.959574259178694 20.03656148722408 22.549577993703732 11.831644973560909 16.20809754028842 3.4367861610688957 6.406818927793895 23.039977775897782 10.876622638392154 14.684668382004578 5.071555419603833 8.69385890502512 24.572084485324346 2.311357771790714 10.444446815271338 5.992034290661543 -3.4818779589499185 -1.3323886634602276 -4.842166639423089 4.211552390263353
26.392785571142284 13.881540961628609 4.999712148429332 8.474782926467181 6.506859114963195 1.4765220999040807 2.894198064751201 17.421447538193096 24.080391636088017 37.96898694011719 20.045974168162566 22.558990674642217 11.841057654499412 16.217510221226906 3.446198842007381 6.416231608732381 23.049390456836264 10.886035319330658 14.694081062943063 5.080968100542318 8.703271585963606 24.581497166262842 2.3207704527291995 10.453859496209823 6.0014469716000285 -3.4724652780114154 -1.3229759825217244 -4.832753958484604 4.220965071201839
26.452905811623246 13.890938062060982 5.009109248861705 8.484180026899537 6.5162562153955506 1.4859192003364363 2.9035951651835745 17.43084463862547 24.089788736520383 37.97838404054955 20.05537126859493 22.56838777507458 11.850454754931768 16.22690732165926 3.4555959424397544 6.425628709164736 23.05878755726863 10.895432419763013 14.703478163375419 5.090365200974691 8.712668686395979 24.59089426669521 2.330167553161573 10.463256596642179 6.010844072032402 -3.4630681775790597 -1.3135788820893688 -4.823356858052231 4.230362171634212
26.51302605210421 13.90031962508397 5.018490811884693 8.493561589922543 6.525637778418556 1.495300763359424 2.912976728206562 17.440226201648457 24.099170299543367 37.98776560357255 20.064752831617927 22.57776933809758 11.859836317954755 16.236288884682267 3.464977505462742 6.435010272187742 23.06816912029163 10.904813982786019 14.712859726398424 5.099746763997679 8.722050249418967 24.600275829718193 2.3395491161845605 10.472638159665184 6.0202256350553895 -3.4536866145560543 -1.3041973190663811 -4.813975295029243 4.2397437346572
