web/models/mosfit_kne/mosfit_kn_3.0000/mosfit_kn_0.018177_0.4687_3.0000.dat
# %ECSV 1.0
# ---
# datatype:
# - {name: time, datatype: float64}
# - {name: PS1_g, datatype: float64}
# - {name: PS1_i, datatype: float64}
# - {name: PS1_r, datatype: float64}
# - {name: PS1_w, datatype: float64}
# - {name: PS1_y, datatype: float64}
# - {name: PS1_z, datatype: float64}
# - {name: swift_uvot_B, datatype: float64}
# - {name: swift_uvot_U, datatype: float64}
# - {name: swift_uvot_uvm2, datatype: float64}
# - {name: swift_uvot_uvw1, datatype: float64}
# - {name: swift_uvot_uvw2, datatype: float64}
# - {name: swift_uvot_V, datatype: float64}
# - {name: johnson_B, datatype: float64}
# - {name: johnson_I, datatype: float64}
# - {name: johnson_R, datatype: float64}
# - {name: johnson_U, datatype: float64}
# - {name: johnson_V, datatype: float64}
# - {name: sdss_g, datatype: float64}
# - {name: sdss_i, datatype: float64}
# - {name: sdss_r, datatype: float64}
# - {name: sdss_u, datatype: float64}
# - {name: sdss_z, datatype: float64}
# - {name: ATLAS_c, datatype: float64}
# - {name: ATLAS_o, datatype: float64}
# - {name: ukirt_H, datatype: float64}
# - {name: ukirt_J, datatype: float64}
# - {name: ukirt_K, datatype: float64}
# - {name: Clear, datatype: float64}
# meta: !!omap
# - comment: [kappa = 3.0, type = rprocess, mass = 0.018176879801416274, velocity = 0.4686666666666667, theta_obs = 0.0, tfloor = 1000.0]
# schema: astropy-2.0
time PS1_g PS1_i PS1_r PS1_w PS1_y PS1_z swift_uvot_B swift_uvot_U swift_uvot_uvm2 swift_uvot_uvw1 swift_uvot_uvw2 swift_uvot_V johnson_B johnson_I johnson_R johnson_U johnson_V sdss_g sdss_i sdss_r sdss_u sdss_z ATLAS_c ATLAS_o ukirt_H ukirt_J ukirt_K Clear
[from data line 115]
6.973947895791583 7.600338996158591 -1.2814898170406863 2.1935809609971635 0.22565714949317695 -4.804679865565955 -3.387003900718817 11.140245572723078 17.799189670618 31.68778497464717 13.764772202692548 16.2777887091722 5.5598556890293755 9.936308255756888 -2.835003123462637 0.135029643262363 16.76818849136624 4.6048333538606405 8.412879097473045 -1.2002338649277 2.4220696204935876 18.300295200792824 -3.9604315127408185 4.172657530739805 -0.2797549938699895 -9.753667243481432 -7.604177947991742 -11.113955923954622 -2.0602368942681792
7.034068136272545 7.625204761237789 -1.2566240519615057 2.218446726076344 0.25052291457235754 -4.779814100486757 -3.3621381356396363 11.165111337802259 17.82405543569718 31.71265073972636 13.789637967771746 16.302654474251398 5.584721454108574 9.961174020836069 -2.8101373583834386 0.1598954083415436 16.793054256445437 4.629699118939821 8.437744862552226 -1.1753680998485017 2.446935385572786 18.325160965872005 -3.93556574766162 4.197523295818986 -0.2548892287907911 -9.728801478402252 -7.579312182912561 -11.089090158875424 -2.035371129188981
7.0941883767535066 7.649727836948816 -1.2321009762504609 2.242969801787371 0.2750459902834024 -4.75529102477573 -3.3376150599285914 11.189634413513303 17.848578511408224 31.73717381543739 13.814161043482773 16.327177549962425 5.609244529819601 9.985697096547113 -2.7856142826724115 0.18441848405258843 16.817577332156464 4.654222194650866 8.46226793826327 -1.1508450241374746 2.471458461283813 18.34968404158305 -3.911042671950593 4.2220463715300305 -0.23036615307976405 -9.704278402691207 -7.554789107201534 -11.064567083164397 -2.010848053477954
7.154308617234468 7.673922242675033 -1.2079065705242442 2.267164207513588 0.2992403960096013 -4.731096619049513 -3.3134206542023747 11.21382881923952 17.872772917134423 31.761368221163597 13.83835544920899 16.35137195568864 5.633438935545818 10.00989150227333 -2.761419876946195 0.20861288977878734 16.84177173788268 4.678416600377065 8.48646234398947 -1.126650618411258 2.4956528670100298 18.37387844730925 -3.8868482662243764 4.246240777256229 -0.20617174735354737 -9.680083996965008 -7.530594701475318 -11.04037267743818 -1.9866536477517371
7.214428857715431 7.697801706666301 -1.1840271065329766 2.2910436715048554 0.32311986000088666 -4.707217155058245 -3.289541190211107 11.237708283230788 17.89665238112571 31.785247685154875 13.862234913200258 16.37525141967991 5.657318399537085 10.033770966264598 -2.7375404129549272 0.2324923537700727 16.86565120187395 4.70229606436835 8.510341807980755 -1.1027711544199903 2.5195323310012974 18.397757911300534 -3.862968802233109 4.270120241247515 -0.18229228336227976 -9.65620453297374 -7.50671523748405 -11.016493213446912 -1.9627741837604695
7.274549098196393 7.721378486505337 -1.1604503266939403 2.3146204513438917 0.3466966398399052 -4.683640375219209 -3.265964410372071 11.261285063069824 17.920229160964727 31.808824464993908 13.885811693039294 16.398828199518945 5.6808951793761215 10.057347746103616 -2.713963633115891 0.2560691336090912 16.889227981712985 4.725872844207369 8.533918587819773 -1.079194374580954 2.5431091108403336 18.421334691139553 -3.8393920223940725 4.293697021086533 -0.15871550352324348 -9.632627753134704 -7.483138457645014 -10.992916433607876 -1.9391974039214332
7.3346693386773545 7.744664770990575 -1.1371640422087026 2.337906735829147 0.36998292432516067 -4.660354090733954 -3.242678125886833 11.284571347555062 17.943515445449982 31.832110749479153 13.909097977524532 16.422114484004183 5.704181463861377 10.080634030588872 -2.690677348630653 0.2793554180943467 16.91251426619824 4.749159128692624 8.557204872305029 -1.0559080900956985 2.5663953953255714 18.444620975624808 -3.816105737908817 4.316983305571789 -0.13542921903800575 -9.609341468649449 -7.459852173159758 -10.969630149122638 -1.9159111194361778
7.394789579158316 7.767671872195248 -1.1141569410040297 2.3609138370338023 0.39299002552983353 -4.6373469895292985 -3.2196710246821603 11.307578448759735 17.966522546654655 31.855117850683815 13.932105078729204 16.445121585208856 5.727188565066032 10.103641131793545 -2.6676702474259804 0.3023625192990196 16.935521367402895 4.772166229897279 8.580211973509702 -1.0329009888910434 2.5894024965302442 18.46762807682948 -3.793098636704162 4.339990406776462 -0.11242211783333289 -9.586334367444794 -7.436845071955103 -10.946623047917965 -1.8929040182315227
7.454909819639278 7.7904096953245805 -1.0914191178747146 2.3836516601631352 0.4157278486591487 -4.6146091663999655 -3.196933201552845 11.33031627188905 17.98926036978397 31.877855673813148 13.954842901858537 16.46785940833817 5.749926388195365 10.12637895492286 -2.644932424296665 0.32510034242833474 16.958259190532228 4.794904053026612 8.602949796639017 -1.0101631657617105 2.6121403196595594 18.490365899958796 -3.770360813574829 4.362728229905777 -0.08968429470399997 -9.56359654431546 -7.41410724882577 -10.923885224788632 -1.8701661951021897
7.51503006012024 7.812891037331244 -1.068937775868033 2.406133002169799 0.4382091906658303 -4.592127824393302 -3.1744518595461635 11.352797613895731 18.011741711790652 31.90033701581981 13.977324243865201 16.490340750344853 5.772407730202029 10.148860296929541 -2.6224510822899836 0.34758168443501636 16.980740532538892 4.817385395033276 8.62543113864568 -0.9876818237550467 2.634621661666241 18.512847241965478 -3.747879471568165 4.385209571912441 -0.06720295269733612 -9.541115202308797 -7.391625906819106 -10.901403882781969 -1.8476848530955259
7.575150300601202 7.83512026806239 -1.0467085451368874 2.4283622329009447 0.4604384213969581 -4.569898593662156 -3.152222628815018 11.375026844626877 18.03397094252178 31.92256624655096 13.999553474596347 16.512569981076 5.7946369609331745 10.171089527660687 -2.600221851558838 0.36981091516616194 17.002969763270038 4.839614625764422 8.647660369376826 -0.9654525930239011 2.6568508923973866 18.535076472696606 -3.7256502408370196 4.407438802643586 -0.04497372196619054 -9.518885971577651 -7.369396676087961 -10.879174652050823 -1.8254556223643803
7.635270541082164 7.857108604602185 -1.024720208597092 2.45035056944074 0.4824267579367536 -4.547910257122361 -3.1302342922752224 11.397015181166672 18.055959279061575 31.944554583090753 14.021541811136142 16.534558317615794 5.81662529747297 10.193077864200482 -2.5782335150190425 0.3917992517059574 17.024958099809833 4.861602962304217 8.669648705916622 -0.9434642564841056 2.678839228937182 18.5570648092364 -3.703661904297224 4.429427139183382 -0.022985385426395055 -9.496897635037856 -7.347408339548165 -10.857186315511028 -1.8034672858245848
7.695390781563126 7.87886412366781 -1.002964689531467 2.472106088506383 0.5041822770023963 -4.526154738056718 -3.1084787732095975 11.418770700232297 18.077714798127218 31.96631010215639 14.043297330201767 16.55631383668142 5.838380816538613 10.214833383266107 -2.5564779959534176 0.4135547707715823 17.046713618875476 4.88335848136986 8.691404224982264 -0.9217087374184807 2.700594748002807 18.578820328302044 -3.681906385231599 4.451182658249024 -0.0012298663607701599 -9.475142115972213 -7.325652820482523 -10.835430796445403 -1.7817117667589422
7.755511022044088 7.900394468567917 -0.98143434463136 2.4936364334064898 0.5257126219025032 -4.504624393156611 -3.0869484283094906 11.440301045132404 18.099245143027325 31.987840447056495 14.064827675101874 16.577844181581526 5.85991116143872 10.236363728166214 -2.5349476510533107 0.4350851156716893 17.068243963775583 4.904888826269967 8.712934569882371 -0.9001783925183737 2.722125092902914 18.60035067320215 -3.660376040331492 4.472713003149131 0.020300478539336808 -9.453611771072106 -7.304122475582416 -10.813900451545296 -1.760181421858853
7.8156312625250495 7.921707225354311 -0.9601215878449842 2.5149491901928656 0.547025378688879 -4.483311636370235 -3.065635671523115 11.46161380191878 18.1205578998137 32.00915320384287 14.08614043188825 16.5991569383679 5.881223918225095 10.25767648495259 -2.513634894266935 0.45639787245806507 17.08955672056196 4.926201583056343 8.734247326668747 -0.8788656357319802 2.7434378496892897 18.621663429988526 -3.6390632835450987 4.494025759935507 0.041613235325712594 -9.43229901428573 -7.28280971879604 -10.792587694758902 -1.7388686650724594
7.875751503006012 7.942808773468393 -0.9390200397308845 2.5360507383069475 0.5681269268029787 -4.462210088256153 -3.044534123409015 11.48271535003288 18.1416594479278 32.030254751956974 14.10724198000235 16.620258486482 5.902325466339177 10.27877803306669 -2.492533346152835 0.47749942057216477 17.11065826867604 4.947303131170442 8.755348874782847 -0.8577640876178982 2.7645393978033894 18.642764978102626 -3.6179617354310167 4.515127308049607 0.0627147834398123 -9.411197466171648 -7.261708170681958 -10.77148614664482 -1.7177671169583775
7.935871743486974 7.96370598122655 -0.9181228319727275 2.5569479460651223 0.5890241345611358 -4.4413128804979785 -3.023636915650858 11.503612557791037 18.162556655685957 32.05115195971513 14.128139187760507 16.641155694240158 5.923222674097352 10.299675240824847 -2.471636138394678 0.49839662833032183 17.131555476434215 4.968200338928599 8.776246082541004 -0.8368668798597412 2.7854366055615465 18.663662185860783 -3.5970645276728597 4.536024515807764 0.08361199119796936 -9.390300258413474 -7.240810962923783 -10.750588938886663 -1.6968699092002204
7.995991983967936 7.984404667227416 -0.8974241459718613 2.5776466320659708 0.609722820562002 -4.42061419449713 -3.002938229649992 11.524311243791903 18.183255341686824 32.071850645716 14.148837873761373 16.661854380241024 5.943921360098201 10.320373926825713 -2.450937452393812 0.519095314331188 17.152254162435064 4.988899024929466 8.79694476854187 -0.816168193858875 2.8061352915624127 18.68436087186165 -3.5763658416719935 4.55672320180863 0.10431067719883558 -9.369601572412625 -7.220112276922935 -10.729890252885797 -1.6761712231993542
8.056112224448897 8.004910490518906 -0.8769183226803712 2.598152455357461 0.6302286438534743 -4.40010837120564 -2.9824324063585017 11.544817067083393 18.203761164978296 32.09235646900748 14.169343697052863 16.682360203532514 5.964427183389691 10.340879750117185 -2.430431629102322 0.5396011376226604 17.172759985726554 5.009404848220938 8.817450591833342 -0.7956623705673849 2.826641114853903 18.70486669515312 -3.5558600183805034 4.577229025100102 0.12481650049032567 -9.349095749121135 -7.199606453631445 -10.709384429594307 -1.655665399907864
8.11623246492986 8.025228999612182 -0.8565998135871133 2.6184709644507365 0.6505471529467499 -4.379789862112364 -2.962113897265244 11.565135576176651 18.22407967407157 32.11267497810074 14.18966220614612 16.702678712625772 5.984745692482966 10.361198259210461 -2.410113120009064 0.559919646715936 17.19307849481983 5.0297233573142135 8.837769100926618 -0.7753438614741093 2.8469596239471606 18.725185204246397 -3.5355415092872278 4.597547534193378 0.1451350095835835 -9.32877724002786 -7.179287944538169 -10.689065920501031 -1.6353468908145885
8.176352705410821 8.045365369611535 -0.8364634435877427 2.6386073344500893 0.6706835229461205 -4.3596534921130115 -2.9419775272658732 11.585271946176022 18.244216044070942 32.132811348100105 14.209798576145491 16.722815082625143 6.004882062482319 10.381334629209832 -2.3899767500096933 0.5800560167153066 17.213214864819182 5.049859727313566 8.85790547092597 -0.7552074914747564 2.8670959939465313 18.745321574245768 -3.515405139287875 4.617683904192749 0.16527137958295413 -9.308640870028507 -7.159151574538816 -10.668929550501678 -1.6152105208152356
8.236472945891784 8.065324485174141 -0.8165043280251361 2.658566450012696 0.6906426385087272 -4.339694376550405 -2.9220184117032666 11.605231061738628 18.26417515963355 32.15277046366271 14.229757691708098 16.74277419818775 6.024841178044926 10.401293744772438 -2.3700176344470867 0.6000151322779133 17.23317398038179 5.069818842876173 8.877864586488577 -0.7352483759121498 2.887055109509138 18.765280689808375 -3.4954460237252682 4.6376430197553375 0.18523049514556078 -9.2886817544659 -7.1391924589762095 -10.648970434939072 -1.595251405252629
8.296593186372744 8.085110856714603 -0.7967179564846738 2.678352821553176 0.7104290100491895 -4.319908005009925 -2.9022320401628043 11.62501743327909 18.28396153117401 32.17255683520318 14.24954406324856 16.762560569728212 6.044627549585388 10.4210801163129 -2.3502312629066244 0.6198015038183755 17.25296035192227 5.089605214416653 8.897650958029057 -0.7154620043716875 2.9068414810496 18.785067061348837 -3.475659652184806 4.657429391295818 0.20501686668602304 -9.26889538292542 -7.1194060874357294 -10.62918406339861 -1.5754650337121667
8.356713426853707 8.104728821840919 -0.7770999913583765 2.6979707866794733 0.7300469751754868 -4.3002900398836275 -2.882614075036507 11.644635398405406 18.30357949630031 32.19217480032949 14.269162028374875 16.782178534854527 6.064245514711703 10.440698081439198 -2.3306132977803093 0.6394194689446728 17.272578317048566 5.10922317954295 8.917268923155355 -0.6958440392453724 2.9264594461759152 18.804685026475134 -3.456041687058491 4.677047356422115 0.22463483181233812 -9.249277417799123 -7.099788122309432 -10.609566098272294 -1.5558470685858516
8.41683366733467 8.124182967671292 -0.7576458455279855 2.7174249325098465 0.7495011210058777 -4.280835894053254 -2.863159929206116 11.664089544235779 18.3230336421307 32.21162894615987 14.288616174205249 16.8016326806849 6.083699660542076 10.460152227269589 -2.311159151949936 0.6588736147750638 17.29203246287894 5.128677325373341 8.936723068985746 -0.6763898934149992 2.9459135920062884 18.824139172305525 -3.4365875412281177 4.696501502252506 0.2440889776427113 -9.22982327196875 -7.080333976479059 -10.590111952441921 -1.5363929227554785
8.47695390781563 8.143477184849672 -0.738351628349605 2.736719149688227 0.7687953381842405 -4.261541676874874 -2.8438657120277355 11.68338376141416 18.34232785930908 32.23092316333824 14.30791039138363 16.82092689786328 6.102993877720457 10.47944644444797 -2.2918649347715556 0.6781678319534443 17.31132668005732 5.147971542551704 8.956017286164109 -0.6570956762366187 2.965207809184669 18.843433389483888 -3.417293324049737 4.715795719430869 0.26338319482109185 -9.210529054790369 -7.061039759300678 -10.57081773526354 -1.517098705577098
8.537074148296593 8.162615044604404 -0.719213768594873 2.755857009442959 0.7879331979389725 -4.242403817120142 -2.8247278522730035 11.702521621168891 18.361465719063794 32.250061023092975 14.327048251138361 16.840064757618013 6.122131737475189 10.498584304202701 -2.2727270750168236 0.6973056917081586 17.330464539812052 5.167109402306436 8.97515514591884 -0.6379578164818867 2.984345668939401 18.86257124923862 -3.398155464295005 4.734933579185601 0.2825210545758239 -9.191391195035637 -7.041901899545946 -10.551679875508809 -1.4979608458223659
8.597194388777554 8.181600560082707 -0.7002282531165882 2.7748425249212616 0.8069187134172751 -4.223418301641839 -2.8057423367947187 11.721507136647176 18.380451234542097 32.26904653857127 14.346033766616646 16.859050273096297 6.141117252953491 10.517569819680986 -2.253741559538539 0.7162912071864611 17.349450055290355 5.186094917784739 8.994140661397143 -0.6189723010035841 3.0033311844176858 18.881556764716922 -3.3791699488167026 4.753919094663903 0.3015065700541264 -9.172405679557334 -7.022916384067644 -10.532694360030506 -1.4789753303440634
8.657314629258517 8.200437117031019 -0.6813916961682587 2.7936790818695734 0.8257552703656046 -4.204581744693527 -2.786905779846389 11.740343693595506 18.399287791490426 32.2878830955196 14.364870323564976 16.877886830044627 6.159953809901803 10.536406376629316 -2.2349050025902093 0.7351277641347906 17.368286612238666 5.204931474733068 9.012977218345473 -0.6001357440552724 3.0221677413660153 18.900393321665252 -3.360333391868391 4.772755651612233 0.32034312700243817 -9.153569122609023 -7.004079827119332 -10.513857803082194 -1.4601387733957516
