web/models/mosfit_kne/mosfit_kn_3.0000/mosfit_kn_0.001230_0.2963_3.0000.dat
# %ECSV 1.0
# ---
# datatype:
# - {name: time, datatype: float64}
# - {name: PS1_g, datatype: float64}
# - {name: PS1_i, datatype: float64}
# - {name: PS1_r, datatype: float64}
# - {name: PS1_w, datatype: float64}
# - {name: PS1_y, datatype: float64}
# - {name: PS1_z, datatype: float64}
# - {name: swift_uvot_B, datatype: float64}
# - {name: swift_uvot_U, datatype: float64}
# - {name: swift_uvot_uvm2, datatype: float64}
# - {name: swift_uvot_uvw1, datatype: float64}
# - {name: swift_uvot_uvw2, datatype: float64}
# - {name: swift_uvot_V, datatype: float64}
# - {name: johnson_B, datatype: float64}
# - {name: johnson_I, datatype: float64}
# - {name: johnson_R, datatype: float64}
# - {name: johnson_U, datatype: float64}
# - {name: johnson_V, datatype: float64}
# - {name: sdss_g, datatype: float64}
# - {name: sdss_i, datatype: float64}
# - {name: sdss_r, datatype: float64}
# - {name: sdss_u, datatype: float64}
# - {name: sdss_z, datatype: float64}
# - {name: ATLAS_c, datatype: float64}
# - {name: ATLAS_o, datatype: float64}
# - {name: ukirt_H, datatype: float64}
# - {name: ukirt_J, datatype: float64}
# - {name: ukirt_K, datatype: float64}
# - {name: Clear, datatype: float64}
# meta: !!omap
# - comment: [kappa = 3.0, type = rprocess, mass = 0.0012301715156502338, velocity = 0.29633333333333334, theta_obs = 0.0, tfloor = 1000.0]
# schema: astropy-2.0
time PS1_g PS1_i PS1_r PS1_w PS1_y PS1_z swift_uvot_B swift_uvot_U swift_uvot_uvm2 swift_uvot_uvw1 swift_uvot_uvw2 swift_uvot_V johnson_B johnson_I johnson_R johnson_U johnson_V sdss_g sdss_i sdss_r sdss_u sdss_z ATLAS_c ATLAS_o ukirt_H ukirt_J ukirt_K Clear
[from data line 29]
1.8036072144288577 2.3315369616847903 -4.469822885779919 -1.8187013946887909 -3.059676394216133 -7.087510546524598 -6.052396978227996 5.035592404117421 9.865322719308516 21.556662018122537 8.29227791749565 10.405922490228928 0.6602383664439478 4.291689580711516 -5.72049967116219 -3.232938464753599 9.140466766134033 0.08745548542967077 2.9580500861789716 -4.407958463201638 -1.675780845792083 10.44151697520725 -6.429078617201274 -0.1561615798062732 -3.5627749301830924 -10.571428358207038 -9.085757157255879 -11.451457313476412 -4.6449969218801535
1.8637274549098195 3.2509438221326015 -3.8671822834729674 -1.0898849906593178 -2.4388117508397222 -6.6230809056711415 -5.530109908617931 6.082081292139979 11.187596859235835 23.232387632224484 9.255804904172908 11.420543449406143 1.522213816896094 5.2739628020737115 -5.163217658633715 -2.5946637356439455 10.418396506768655 0.8979502537178188 3.906083910372562 -3.8021552844737094 -0.9346517866558912 11.753165329299655 -5.934315074613856 0.6221664170627861 -2.9420320875560613 -10.32854563888291 -8.742157175042403 -11.281092047047279 -4.12722478374846
1.9238476953907815 4.16055908237043 -3.270048492770279 -0.3685439496330467 -1.8251268076556748 -6.162206587881851 -5.012003960786409 7.117185944145427 12.495821768531261 24.881085979698046 10.203536860188862 12.422694549830858 2.375719082207108 6.243511840466983 -4.611115240413453 -1.9654407598104597 11.682103592778795 1.6982724369484028 4.843850877939619 -3.2019697815459125 -0.2008725634297015 13.050689744543167 -5.44420843229128 1.391753287267683 -2.328513072569649 -10.086890041011392 -8.400960521414616 -11.111255814460373 -3.6165904988658504
1.9839679358717435 5.060585891368383 -2.678409936391386 0.34542239130079366 -1.2183965757405169 -5.704934336683056 -4.49811089889522 8.141136596154446 13.790284408328226 26.504653682420255 11.136451393431592 13.412831917744064 3.2208221344832806 7.200715865314052 -4.0641821179178015 -1.345027627758182 12.93185805532972 2.4885706985373117 5.7715627607496955 -2.607389795359847 0.52562713558995 14.334332141309307 -4.958779449788597 2.1528481353421114 -1.7220212534504675 -9.846523490158601 -8.062219384484768 -10.94199424866156 -3.1128145313259203
2.0440881763527052 5.951401354911674 -2.092120460793172 1.0522662308877706 -0.6182905761357382 -5.251200167170325 -3.9883412155341347 9.154363374919601 15.0715157256694 28.105060990398393 12.055609394661513 14.39156136577116 4.057772733180911 8.146129394050835 -3.522282117343681 -0.7330547145750657 14.16817266173745 3.2691642848249307 6.689609941977093 -2.0182677795755843 1.2450746728803708 15.60458656922922 -4.477932773310069 2.9058355886482445 -1.1222431128506472 -9.607443455468994 -7.725899354408286 -10.77330789887103 -2.615538657935197
2.1042084168336674 6.833996043455901 -1.5106016356957142 1.7527441520066311 -0.024065002045432493 -4.800592000743791 -3.482220995348655 10.157990922151104 16.340910975605514 29.685133051478335 12.962612920540515 15.360126565501325 4.887415279912221 9.080943410502883 -2.9848761603213623 -0.1287198533216951 15.392399872363825 4.040926058966863 7.599013263696666 -1.4340219541197996 1.95821318559112 16.8628120400472 -4.001208404139653 3.6516137005128257 -0.5284440944012125 -9.36944298809946 -7.391695879719078 -10.605043551697706 -2.1240659151522934
2.164328657314629 7.709566951150393 -0.9331216770962314 2.4477865603562776 0.5651552731900011 -4.352571474232807 -2.979137528290483 11.15337818554752 17.600157640425405 31.247860803283746 13.859190057734914 16.319969603103278 5.710803007846763 10.006551429696554 -2.451282612728863 0.4689166666502651 16.606176052071458 4.804915946524509 8.501005100703622 -0.8539166382309915 2.665965723148087 18.110662724231368 -3.528016715179234 4.391246914624478 0.06024682866614839 -9.132240153254932 -7.0592060505117065 -10.436992744185288 -1.637599830328007
2.224448897795591 8.428064834701647 -0.45376397849762995 3.02130679954022 1.0533829880362333 -3.976954027022881 -2.5592780621757605 11.967971411266134 18.626915509161055 32.515510813190225 14.592498041235604 17.105514547715256 6.38758152757245 10.764034094299944 -2.0072772849195806 0.9627554818054194 17.595914329909313 5.432559192403697 9.240604936016101 -0.37250802638464364 3.249795459036644 19.12802103933588 -3.132705674197762 5.000383369282861 0.5479708446730669 -8.925941404938376 -6.776452109448686 -10.286230085411566 -1.2325110557251229
2.284569138276553 8.503392077805625 -0.3784367353936524 3.0966340426441796 1.1287102311402109 -3.901626783918921 -2.483950819071783 12.043298654370112 18.702242752265033 32.590838056294196 14.667825284339582 17.180841790819233 6.4629087706764095 10.839361337403922 -1.931950041815603 1.038082724909397 17.671241573013273 5.507886435507657 9.315932179120079 -0.2971807832806661 3.3251227021406216 19.20334828243986 -3.0573784310937846 5.075710612386839 0.6232980877770444 -8.850614161834416 -6.701124866344726 -10.210902842307588 -1.1571838126211453
2.344689378757515 8.575760462237945 -0.30606835096133267 3.169002427076517 1.2010786155725306 -3.8292583994865836 -2.411582434639463 12.115667038802432 18.774611136697352 32.663206440726526 14.740193668771902 17.253210175251553 6.535277155108747 10.911729721836242 -1.8595816573832833 1.1104511093417166 17.74360995744561 5.580254819939994 9.388300563552399 -0.22481239884834636 3.3974910865729413 19.275716666872178 -2.985010046661465 5.148078996819159 0.6956664722093642 -8.778245777402079 -6.628756481912388 -10.138534457875268 -1.0848154281888256
2.4048096192384767 8.645498542732977 -0.23633027046631838 3.2387405075715314 1.2708166960675449 -3.7595203189915694 -2.341844354144449 12.185405119297446 18.844349217192367 32.73294452122155 14.809931749266934 17.322948255746585 6.605015235603761 10.981467802331256 -1.789843576888269 1.180189189836731 17.813348037940624 5.6499929004350085 9.458038644047413 -0.1550743183533143 3.4672291670679733 19.345454747367192 -2.915271966166433 5.217817077314173 0.7654045527043962 -8.708507696907064 -6.559018401417374 -10.068796377380236 -1.0150773476937935
2.464929859719439 8.71288416983921 -0.16894464336008497 3.306126134677765 1.3382023231737783 -3.692134691885336 -2.2744587270382155 12.25279074640368 18.9117348442986 32.800330148327774 14.87731737637315 17.3903338828528 6.672400862709995 11.04885342943749 -1.7224579497820356 1.2475748169429643 17.880733665046858 5.717378527541242 9.525424271153646 -0.0876886912470809 3.534614794174189 19.412840374473426 -2.8478863390601994 5.285202704420406 0.8327901798106296 -8.641122069800831 -6.491632774311141 -10.001410750274003 -0.9476917205875601
2.5250501002004007 8.778148421868028 -0.10368039133124896 3.371390386706583 1.4034665752026143 -3.6268704398565177 -2.2091944750093795 12.318054998432515 18.976999096327418 32.8655944003566 14.942581628401985 17.455598134881637 6.737665114738813 11.114117681466325 -1.6571936977531996 1.3128390689718004 17.945997917075676 5.78264277957006 9.590688523182465 -0.02242443921826265 3.599879046203025 19.478104626502244 -2.782622087031381 5.350466956449225 0.8980544318394479 -8.575857817772013 -6.426368522282322 -9.936146498245185 -0.8824274685587419
2.5851703406813624 8.841483851194134 -0.04034496200516102 3.434725816032689 1.4668020045287022 -3.563535010530412 -2.1458590456832916 12.381390427758603 19.040334525653524 32.92892982968271 15.005917057728091 17.518933564207742 6.801000544064919 11.177453110792413 -1.5938582684270939 1.3761744982978883 18.00933334640178 5.845978208896166 9.65402395250857 0.04091099010784305 3.6632144755291307 19.54144005582835 -2.7192866577052754 5.41380238577533 0.9613898611655536 -8.512522388445907 -6.363033092956217 -9.872811068919079 -0.8190920392326362
2.6452905811623246 8.903135504229205 0.021306691029909786 3.4963774690677596 1.528453657563773 -3.501883357495341 -2.0842073926482207 12.443042080793674 19.101986178688595 32.99058148271778 15.067568710763162 17.580585217242795 6.862652197099989 11.239104763827484 -1.5322066153920408 1.437826151332959 18.070984999436853 5.907629861931237 9.715675605543641 0.10256264314291386 3.7248661285642015 19.60309170886342 -2.6576350046702046 5.475454038810401 1.0230415142006244 -8.450870735410836 -6.301381439921146 -9.811159415884008 -0.7574403861975654
2.7054108216432864 8.963036252935268 0.081207439735973 3.556278217773823 1.5883544062698363 -3.441982608789278 -2.0243066439421575 12.502942829499737 19.161886927394658 33.05048223142383 15.127469459469207 17.64048596594886 6.922552945806053 11.299005512533547 -1.4723058666859776 1.4977269000390223 18.130885748142916 5.9675306106373 9.775576354249704 0.16246339184897707 3.784766877270247 19.662992457569484 -2.5977342559641414 5.535354787516464 1.0829422629066876 -8.390969986704773 -6.241480691215083 -9.751258667177945 -0.6975396374915022
2.7655310621242486 9.021435093556835 0.13960628035755818 3.614677058395408 1.6467532468914214 -3.383583768167693 -1.9659078033205724 12.561341670121323 19.220285768016243 33.10888107204541 15.185868300090792 17.698884806570444 6.980951786427638 11.357404353155133 -1.4139070260643924 1.5561257406606075 18.1892845887645 6.025929451258885 9.83397519487129 0.22086223247056225 3.843165717891832 19.72139129819107 -2.5393354153425562 5.5937536281380495 1.141341103528255 -8.332571146083188 -6.1830818505934975 -9.69285982655636 -0.639140796869917
2.8256513026052104 9.078426081570452 0.19659726837117475 3.6716680464090246 1.703744234905038 -3.326592780154094 -1.9089168153069558 12.618332658134939 19.27727675602986 33.16587206005903 15.242859288104409 17.75587579458406 7.037942774441237 11.414395341168749 -1.3569160380507759 1.613116728674224 18.246275576778118 6.082920439272502 9.890966182884906 0.27785322048416106 3.9001567059054487 19.778382286204685 -2.4823444273289574 5.650744616151666 1.1983320915418716 -8.275580158069571 -6.126090862579881 -9.63586883854276 -0.5821498088563182
2.885771543086172 9.134092492782937 0.25226367958364193 3.7273344576214917 1.7594106461175052 -3.270926368941609 -1.8532504040944886 12.673999069347406 19.332943167242327 33.22153847127151 15.298525699316894 17.811542205796545 7.093609185653722 11.470061752381216 -1.301249626838291 1.6687831398866912 18.301941987990585 6.138586850484969 9.946632594097373 0.333519631696646 3.9558231171179337 19.834048697417153 -2.4266780161164725 5.706411027364133 1.2539985027543565 -8.219913746857104 -6.070424451367414 -9.580202427330276 -0.5264833976438332
2.9458917835671343 9.188508418876946 0.30667960567765107 3.781750383715501 1.8138265722115143 -3.2165104428476 -1.7988344780004795 12.728414995441433 19.387359093336336 33.27595439736552 15.352941625410903 17.865958131890554 7.148025111747731 11.524477678475225 -1.2468337007442818 1.7231990659807004 18.356357914084594 6.193002776578978 10.001048520191382 0.38793555779065514 4.010239043211943 19.88846462351116 -2.3722620900224634 5.760826953458142 1.3084144288483657 -8.165497820763095 -6.016008525273405 -9.525786501236267 -0.4720674715498241
3.006012024048096 9.24174099173202 0.35991217853272417 3.834982956570574 1.8670591450665874 -3.163277869992527 -1.7456019051454064 12.781647568296489 19.44059166619141 33.32918697022058 15.406174198265958 17.91919070474561 7.201257684602804 11.577710251330299 -1.1936011278892265 1.7764316388357735 18.409590486939667 6.246235349434051 10.054281093046455 0.44116813064572824 4.063471616066998 19.941697196366235 -2.3190295171673903 5.8140595263132155 1.3616470017034388 -8.112265247908022 -5.9627759524183315 -9.472553928381194 -0.418834898694751
3.066132264529058 9.293851088235119 0.4120222750358238 3.8870930530736736 1.919169241569687 -3.111167773489427 -1.6934918086423068 12.833757664799588 19.49270176269451 33.38129706672368 15.458284294769058 17.97130080124871 7.253367781105903 11.629820347833398 -1.1414910313861268 1.828541735338873 18.461700583442767 6.298345445937151 10.106391189549555 0.49327822714882785 4.115581712570098 19.993807292869334 -2.2669194206642906 5.866169622816315 1.4137570982065384 -8.060155151404922 -5.910665855915232 -9.420443831878094 -0.3667248021916514
3.12625250501002 9.344894320741801 0.4630655075425061 3.938136285580356 1.9702124740763693 -3.060124540982745 -1.6424485761356244 12.884800897306288 19.54374499520119 33.43234029923037 15.509327527275758 18.02234403375541 7.304411013612586 11.68086358034008 -1.0904477988794268 1.8795849678455554 18.51274381594945 6.349388678443833 10.157434422056237 0.5443214596555102 4.166624945076798 20.044850525376017 -2.2158761881576083 5.9172128553229975 1.4648003307132207 -8.00911191889824 -5.85962262340855 -9.369400599371412 -0.3156815696849691
3.186372745490982 9.39493074895191 0.5131019357526334 3.988172713790483 2.0202489022864967 -3.0100881127726176 -1.5924121479254971 12.934837325516398 19.59378142341132 33.48237672744049 15.559363955485868 18.07238046196552 7.354447441822713 11.730900008550208 -1.0404113706693172 1.9296213960556827 18.562780244159576 6.39942510665396 10.207470850266365 0.5943578878656375 4.216661373286907 20.094886953586144 -2.165839759947481 5.967249283533125 1.5148367589233303 -7.959075490688114 -5.809586195198422 -9.319364171161284 -0.26564514147484175
3.2464929859719436 9.443985085024416 0.5621562718251205 4.03722704986297 2.0693032383589838 -2.9610337767001305 -1.54335781185301 12.983891661588885 19.642835759483805 33.53143106351299 15.608418291558372 18.121434798038024 7.4035017778952 11.779954344622695 -0.9913570345968123 1.9786757321281698 18.611834580232063 6.448479442726447 10.256525186338852 0.6434122239381246 4.265715709359412 20.14394128965863 -2.116785423874994 6.016303619605612 1.5638910949958351 -7.9100211546156265 -5.760531859125935 -9.270309835088797 -0.21659080540235465
3.306613226452906 9.492117493822896 0.6102886806236185 4.085359458661451 2.117435647157464 -2.91290136790165 -1.495225403054512 13.032024070387383 19.690968168282296 33.57956347231147 15.656550700356853 18.169567206836504 7.45163418669368 11.828086753421175 -0.9432246257983321 2.02680814092665 18.659966989030544 6.496611851524928 10.304657595137332 0.6915446327366048 4.3138481181578925 20.19207369845711 -2.0686530150765137 6.064436028404092 1.6120235037943154 -7.861888745817146 -5.712399450327455 -9.222177426290317 -0.1684583966038744
3.3667334669338675 9.539368233246215 0.6575394200469376 4.13261019808477 2.164686386580801 -2.865650628478331 -1.447974663631193 13.079274809810702 19.738218907705615 33.62681421173479 15.703801439780172 18.216817946259823 7.498884926116999 11.875337492844512 -0.8959738863750131 2.0740588803499866 18.707217728453863 6.543862590948247 10.351908334560651 0.7387953721599239 4.3610988575812115 20.23932443788044 -2.0214022756531946 6.111686767827429 1.6592742432176344 -7.814638006393827 -5.665148710904136 -9.174926686866998 -0.12120765718055537
3.4268537074148293 9.585775798696421 0.7039469854971259 4.179017763534976 2.211093952030989 -2.819243063028125 -1.4015670981810047 13.125682375260908 19.78462647315581 33.67322177718499 15.750209005230378 18.26322551171003 7.5452924915672055 11.9217450582947 -0.849566320924807 2.120466445800175 18.75362529390407 6.590270156398453 10.398315900010857 0.7852029376101299 4.407506423031418 20.285732003330637 -1.9749947102029886 6.158094333277617 1.7056818086678405 -7.768230440943621 -5.61874114545393 -9.128519121416792 -0.0748000917303493
