web/models/mosfit_kne/mosfit_kn_3.0000/mosfit_kn_0.007937_0.4060_3.0000.dat
# %ECSV 1.0
# ---
# datatype:
# - {name: time, datatype: float64}
# - {name: PS1_g, datatype: float64}
# - {name: PS1_i, datatype: float64}
# - {name: PS1_r, datatype: float64}
# - {name: PS1_w, datatype: float64}
# - {name: PS1_y, datatype: float64}
# - {name: PS1_z, datatype: float64}
# - {name: swift_uvot_B, datatype: float64}
# - {name: swift_uvot_U, datatype: float64}
# - {name: swift_uvot_uvm2, datatype: float64}
# - {name: swift_uvot_uvw1, datatype: float64}
# - {name: swift_uvot_uvw2, datatype: float64}
# - {name: swift_uvot_V, datatype: float64}
# - {name: johnson_B, datatype: float64}
# - {name: johnson_I, datatype: float64}
# - {name: johnson_R, datatype: float64}
# - {name: johnson_U, datatype: float64}
# - {name: johnson_V, datatype: float64}
# - {name: sdss_g, datatype: float64}
# - {name: sdss_i, datatype: float64}
# - {name: sdss_r, datatype: float64}
# - {name: sdss_u, datatype: float64}
# - {name: sdss_z, datatype: float64}
# - {name: ATLAS_c, datatype: float64}
# - {name: ATLAS_o, datatype: float64}
# - {name: ukirt_H, datatype: float64}
# - {name: ukirt_J, datatype: float64}
# - {name: ukirt_K, datatype: float64}
# - {name: Clear, datatype: float64}
# meta: !!omap
# - comment: [kappa = 3.0, type = rprocess, mass = 0.00793700525986525, velocity = 0.406, theta_obs = 0.0, tfloor = 1000.0]
# schema: astropy-2.0
time PS1_g PS1_i PS1_r PS1_w PS1_y PS1_z swift_uvot_B swift_uvot_U swift_uvot_uvm2 swift_uvot_uvw1 swift_uvot_uvw2 swift_uvot_V johnson_B johnson_I johnson_R johnson_U johnson_V sdss_g sdss_i sdss_r sdss_u sdss_z ATLAS_c ATLAS_o ukirt_H ukirt_J ukirt_K Clear
[from data line 322]
19.4188376753507 11.963909552044054 3.082080738844777 6.557151516882627 4.58922770537864 -0.4411093096804741 0.9765666551666463 15.503816128608541 22.162760226503462 36.05135553053263 18.12834275857801 20.641359265057662 9.923426244914857 14.299878811642351 1.5285674324228262 4.498600199147826 21.131759047251713 8.968403909746103 12.776449653358508 3.163336690957763 6.785640176379051 22.663865756678288 0.40313904314464466 8.536228086625268 4.083815562015474 -5.39009668759597 -3.240607392106279 -6.750385368069159 2.303333661617284
19.478957915831664 11.976227586401311 3.094398773202016 6.569469551239866 4.601545739735879 -0.4287912753232348 0.9888846895238856 15.516134162965798 22.1750782608607 36.06367356488988 18.140660792935268 20.653677299414912 9.935744279272097 14.31219684599959 1.5408854667800833 4.510918233505065 21.14407708160896 8.980721944103342 12.788767687715747 3.1756547253150202 6.797958210736308 22.676183791035527 0.41545707750190175 8.548546120982508 4.096133596372731 -5.377778653238731 -3.2282893577490395 -6.738067333711902 2.315651695974541
19.539078156312623 11.988521499828941 3.106692686629664 6.581763464667514 4.613839653163527 -0.4164973618956047 1.0011786029515335 15.528428076393428 22.18737217428835 36.07596747831752 18.152954706362898 20.66597121284255 9.948038192699727 14.324490759427238 1.5531793802077134 4.523212146932713 21.156370995036596 8.99301585753099 12.801061601143395 3.1879486387426503 6.810252124163938 22.688477704463175 0.42775099092953184 8.560840034410155 4.108427509800361 -5.365484739811083 -3.2159954443213916 -6.725773420284272 2.327945609402171
19.599198396793586 12.000791347926203 3.118962534726908 6.594033312764758 4.626109501260771 -0.4042275137983431 1.0134484510487773 15.54069792449069 22.199642022385593 36.08823732641478 18.16522455446016 20.6782410609398 9.960308040796988 14.336760607524482 1.565449228304975 4.535481995029957 21.16864084313385 9.005285705628234 12.81333144924064 3.200218486839912 6.8225219722612 22.70074755256042 0.44002083902679345 8.5731098825074 4.1206973578976225 -5.353214891713839 -3.2037255962241478 -6.71350357218701 2.3402154574994327
19.65931863727455 12.013037189355611 3.131208376156316 6.606279154194166 4.638355342690179 -0.3919816723689351 1.0256942924781853 15.55294376592008 22.211887863815 36.10048316784418 18.17747039588955 20.690486902369212 9.972553882226396 14.34900644895389 1.5776950697343652 4.547727836459365 21.18088668456326 9.017531547057642 12.825577290670047 3.21246432826932 6.83476781369059 22.712993393989827 0.45226668045620144 8.585355723936807 4.1329431993270305 -5.340969050284431 -3.1914797547947398 -6.701257730757602 2.3524612989288407
19.71943887775551 12.025259081486528 3.1434302682872506 6.6185010463251 4.650577234821114 -0.3797597802380004 1.03791618460912 15.565165658051015 22.224109755945936 36.112705059975106 18.189692288020485 20.702708794500143 9.984775774357331 14.361228341084825 1.5899169618653 4.5599497285903 21.193108576694186 9.029753439188577 12.837799182800982 3.224686220400237 6.8469897058215246 22.72521528612076 0.4644885725871184 8.597577616067742 4.145165091457947 -5.328747158153496 -3.179257862663805 -6.689035838626685 2.3646831910597754
19.779559118236474 12.037457080007599 3.1556282668083213 6.630699044846153 4.662775233342167 -0.3675617817169474 1.0501141831301908 15.577363656572086 22.236307754467 36.124903058496166 18.201890286541555 20.714906793021207 9.996973772878384 14.373426339605896 1.6021149603863707 4.57214772711137 21.205306575215246 9.04195143770963 12.849997181322035 3.2368842189213076 6.859187704342595 22.737413284641825 0.4766865711081891 8.609775614588795 4.157363089979018 -5.3165491596324435 -3.167059864142752 -6.676837840105614 2.3768811895808284
19.839679358717433 12.049631244650243 3.1678024314509656 6.642873209488815 4.674949397984829 -0.3553876170743031 1.062288347772835 15.58953782121473 22.24848191910965 36.137077223138824 18.2140644511842 20.72708095766385 10.009147937521028 14.38560050424854 1.614289125029015 4.584321891754015 21.217480739857898 9.054125602352292 12.862171345964697 3.249058383563952 6.87136186898524 22.749587449284476 0.48886073575083344 8.621949779231457 4.1695372546216625 -5.304374994989781 -3.15488569950009 -6.66466367546297 2.3890553542234727
19.899799599198396 12.061781632096924 3.179952818897629 6.655023596935479 4.687099785431492 -0.34323722962762204 1.0744387352194984 15.601688208661393 22.260632306556314 36.14922761058549 18.22621483863088 20.73923134511052 10.02129832496771 14.397750891695203 1.6264395124756783 4.596472279200678 21.22963112730457 9.066275989798955 12.87432173341136 3.261208771010633 6.883512256431921 22.76173783673114 0.5010111231975145 8.63410016667812 4.1816876420683435 -5.292224607543118 -3.1427353120534267 -6.652513288016289 2.4012057416701538
19.95991983967936 12.073908299828542 3.1920794866292646 6.667150264667097 4.69922645316311 -0.3311105618960042 1.086565402951134 15.613814876393029 22.27275897428794 36.16135427831711 18.2383415063625 20.75135801284215 10.033424992699327 14.409877559426839 1.638566180207314 4.608598946932314 21.24175779503619 9.078402657530573 12.886448401142978 3.273335438742251 6.8956389241635385 22.773864504462765 0.5131377909291324 8.646226834409738 4.193814309799961 -5.2800979398115 -3.130608644321809 -6.640386620284671 2.4133324094017716
20.02004008016032 12.086011305113402 3.204182491914125 6.679253269951957 4.711329458447988 -0.3190075566111439 1.0986684082359943 15.62591788167789 22.284861979572803 36.173457283601984 18.25044451164736 20.76346101812701 10.045527997984188 14.4219805647117 1.6506691854921742 4.620701952217174 21.253860800321057 9.090505662815433 12.898551406427856 3.285438444027111 6.907741929448399 22.78596750974763 0.5252407962139927 8.658329839694616 4.205917315084822 -5.26799493452664 -3.1185056390369486 -6.628283614999811 2.425435414686632
20.080160320641284 12.098090706236349 3.2162618930370535 6.691332671074903 4.723408859570917 -0.3069281554881975 1.110747809358923 15.637997282800818 22.29694138069574 36.18553668472491 18.262523912770288 20.775540419249946 10.057607399107134 14.434059965834628 1.6627485866151028 4.6327813533401025 21.26594020144399 9.10258506393838 12.910630807550785 3.2975178451500575 6.919821330571327 22.798046910870564 0.537320197336939 8.670409240817545 4.21799671620775 -5.2559155334036936 -3.106426237914002 -6.616204213876864 2.4375148158095783
20.140280561122243 12.110146561746227 3.2283177485469494 6.7033885265847815 4.735464715080813 -0.2948722999783193 1.1228036648688189 15.650053138310714 22.308997236205627 36.1975925402348 18.274579768280184 20.787596274759835 10.069663254617012 14.446115821344524 1.6748044421249988 4.6448372088499985 21.27799605695388 9.114640919448258 12.92268666306068 3.3095737006599357 6.931877186081223 22.810102766380453 0.5493760528468172 8.68246509632744 4.230052571717646 -5.243859677893815 -3.094370382404124 -6.604148358366986 2.4495706713194565
20.200400801603205 12.122178927367688 3.2403501141683932 6.715420892206243 4.7474970807022565 -0.2828399343568577 1.1348360304902627 15.662085503932158 22.321029601827078 36.20962490585625 18.286612133901627 20.79962864038129 10.081695620238474 14.458148186965968 1.6868368077464426 4.656869574471442 21.290028422575325 9.12667328506972 12.934719028682125 3.3216060662813973 6.943909551702667 22.822135132001904 0.5614084184682788 8.694497461948885 4.242084937339108 -5.231827312272354 -3.082338016782663 -6.592115992745525 2.461603036940918
20.260521042084168 12.13418786441407 3.2523590512147926 6.727429829252642 4.759506017748656 -0.2708309973104761 1.146844967536662 15.674094440978557 22.333038538873478 36.22163384290265 18.298621070948027 20.81163757742768 10.093704557284855 14.470157124012367 1.698845744792842 4.668878511517842 21.30203735962173 9.138682222116119 12.946727965728524 3.333615003327779 6.955918488749067 22.834144069048303 0.5734173555146604 8.706506398995284 4.2540938743854895 -5.219818375225954 -3.0703290797362635 -6.580107055699143 2.4736119739872997
20.32064128256513 12.146173429730585 3.2643446165312895 6.739415394569139 4.771491583065153 -0.2588454319939615 1.158830532853159 15.686080006295054 22.345024104189974 36.23361940821915 18.310606636264524 20.823623142744186 10.10569012260137 14.482142689328864 1.7108313101093389 4.680864076834339 21.314022924938232 9.150667787432615 12.95871353104502 3.3456005686442936 6.9679040540655635 22.8461296343648 0.5854029208311751 8.71849196431178 4.266079439702004 -5.2078328099094575 -3.0583435144197666 -6.568121490382628 2.4855975393038143
20.38076152304609 12.158135680075883 3.276306866876606 6.751377644914456 4.783453833410469 -0.24688318164866274 1.1707927831984755 15.69804225664037 22.35698635453529 36.24558165856446 18.32256888660984 20.83558539308949 10.117652372946669 14.49410493967418 1.7227935604546554 4.692826327179655 21.32598517528354 9.162630037777932 12.970675781390337 3.3575628189895923 6.97986630441088 22.858091884710117 0.5973651711764738 8.730454214657097 4.278041690047303 -5.195870559564141 -3.04638126407445 -6.55615924003733 2.497559789649113
20.440881763527052 12.17007467581288 3.2882458626136035 6.763316640651436 4.795392829147467 -0.23494418591166522 1.182731778935473 15.709981252377368 22.368925350272278 36.25752065430146 18.334507882346838 20.84752438882649 10.129591368683666 14.506043935411178 1.734732556191653 4.704765322916653 21.33792417102054 9.174569033514912 12.982614777127335 3.36950181472659 6.9918053001478775 22.870030880447104 0.6093041669134713 8.742393210394095 4.2899806857843 -5.183931563827161 -3.0344422683374703 -6.544220244300332 2.5094987853861106
20.501002004008015 12.181990475851663 3.3001616626523855 6.775232440690235 4.807308629186249 -0.2230283858728832 1.194647578974255 15.72189705241615 22.380841150311063 36.269436454340244 18.34642368238562 20.85944018886527 10.141507168722448 14.51795973544996 1.746648356230435 4.716681122955435 21.349839971059318 9.186484833553711 12.994530577166117 3.381417614765372 7.0037211001866595 22.88194668048589 0.6212199669522533 8.754309010432877 4.301896485823082 -5.1720157637883615 -3.0225264682986883 -6.53230444426155 2.5214145854248926
20.561122244488978 12.193883136654868 3.312054323455591 6.787125101493441 4.819201289989454 -0.2111357250696777 1.2065402397774605 15.733789713219355 22.392733811114276 36.28132911514345 18.358316343188825 20.871332849668477 10.153399829525654 14.529852396253165 1.7585410170336404 4.72857378375864 21.361732631862523 9.198377494356917 13.006423237969322 3.3933102755685773 7.015613760989865 22.8938393412891 0.6331126277554588 8.766201671236082 4.313789146626288 -5.160123102985156 -3.010633807495465 -6.520411783458345 2.533307246228098
20.62124248496994 12.2057527153979 3.323923902198622 6.798994680236454 4.831070868732468 -0.19926614632664652 1.2184098185204917 15.745659291962387 22.4046033898573 36.293198693886474 18.370185921931856 20.883202428411497 10.165269408268685 14.541721974996197 1.7704105957766716 4.7404433625016535 21.373602210605547 9.21024707309993 13.018292816712336 3.4051798543116085 7.027483339732896 22.905708920032126 0.64498220649849 8.778071249979096 4.325658725369319 -5.1482535242421426 -2.9987642287524516 -6.508542204715313 2.5451768249711293
20.6813627254509 12.217599273893729 3.335770460694434 6.810841238732284 4.842917427228297 -0.18741958783081714 1.2302563770163033 15.757505850458216 22.416449948353126 36.3050452523823 18.382032480427686 20.89504898690733 10.177115966764514 14.553568533492008 1.782257154272501 4.752289920997483 21.385448769101377 9.22209363159576 13.030139375208165 3.417026412807438 7.039329898228726 22.917555478527945 0.6568287649943194 8.789917808474925 4.337505283865148 -5.136406965746313 -2.9869176702566222 -6.496695646219484 2.5570233834669587
20.741482965931862 12.22942286880965 3.3475940556103723 6.822664833648222 4.8547410221442355 -0.17559599291489647 1.2420799719322417 15.769329445374137 22.428273543269057 36.31686884729823 18.393856075343606 20.906872581823258 10.188939561680435 14.565392128407947 1.7940807491884216 4.764113515913421 21.397272364017304 9.233917226511698 13.041962970124104 3.4288500077233586 7.051153493144646 22.929379073443883 0.6686523599102401 8.801741403390864 4.349328878781069 -5.124583370830375 -2.975094075340684 -6.484872051303563 2.5688469783828793
20.801603206412825 12.241223560548331 3.359394747349036 6.834465525386886 4.866541713882899 -0.163795301176215 1.2538806636709054 15.7811301371128 22.44007423500772 36.328669539036895 18.40565676708227 20.918673273561932 10.200740253419116 14.57719282014661 1.8058814409270854 4.775914207652085 21.409073055755968 9.245717918250362 13.053763661862767 3.44065069946204 7.06295418488331 22.941179765182547 0.6804530516489216 8.813542095129527 4.361129570519751 -5.112782679091711 -2.96329338360202 -6.473071359564882 2.580647670121561
20.861723446893787 12.25300140957895 3.3711725963796724 6.846243374417504 4.878319562913536 -0.15201745214559637 1.2656585127015418 15.792907986143437 22.45185208403835 36.340447388067524 18.417434616112907 20.930451122592558 10.212518102449735 14.588970669177247 1.8176592899577217 4.7876920566827215 21.420850904786604 9.25749576728098 13.065541510893404 3.4524285484926587 7.074732033913946 22.952957614213176 0.6922309006795402 8.825319944160164 4.372907419550369 -5.101004830061092 -2.9515155345714015 -6.461293510534263 2.5924255191521794
20.92184368737475 12.26475647219507 3.3829276589957757 6.8579984370336255 4.890074625529639 -0.14026238952947523 1.2774135753176452 15.80466304875954 22.46360714665446 36.35220245068364 18.429189678729028 20.942206185208672 10.224273165065856 14.60072573179335 1.8294143525738429 4.799447119298825 21.43260596740272 9.269250829897102 13.077296573509507 3.46418361110878 7.0864870965300675 22.964712676829286 0.7039859632956613 8.837075006776267 4.38466248216649 -5.089249767444971 -2.9397604719552803 -6.449538447918142 2.6041805817683006
20.98196392785571 12.276488803638674 3.394659990439397 6.869730768477229 4.90180695697326 -0.1285300580858717 1.2891459067612665 15.816395380203161 22.47533947809807 36.36393478212725 18.44092201017263 20.953938516652283 10.23600549650946 14.612458063236971 1.8411466840174464 4.811179450742446 21.444338298846333 9.280983161340705 13.089028904953128 3.4759159425523833 7.098219427973671 22.976445008272897 0.7157182947392648 8.848807338219888 4.396394813610094 -5.077517436001368 -2.928028140511677 -6.437806116474539 2.615912913211904
21.04208416833667 12.288198466398317 3.4063696531990395 6.881440431236889 4.913516619732903 -0.11682039532621147 1.300855569520909 15.828105042962804 22.487049140857724 36.375644444886895 18.452631672932274 20.965648179411925 10.247715159269102 14.624167725996614 1.8528563467770889 4.822889113502089 21.456047961605975 9.292692824100365 13.10073856771277 3.487625605312026 7.1099290907333135 22.98815467103255 0.7274279574989073 8.86051700097953 4.408104476369736 -5.0658077732417075 -2.9163184777520166 -6.426096453714896 2.6276225759715466
21.102204408817634 12.299885521188791 3.4180567079894963 6.893127486027346 4.92520367452336 -0.10513334053575463 1.3125426243113658 15.83979209775326 22.49873619564818 36.387331499677366 18.46431872772275 20.97733523420239 10.259402214059577 14.63585478078707 1.8645434015675457 4.834576168292545 21.46773501639644 9.304379878890822 13.112425622503228 3.4993126601025004 7.12161614552377 22.999841725823007 0.7391150122893819 8.872204055769988 4.419791531160211 -5.054120718451251 -2.9046314229615597 -6.4144093989244215 2.639309630762021
