web/models/mosfit_kne/mosfit_kn_3.0000/mosfit_kn_0.051209_0.2650_3.0000.dat
# %ECSV 1.0
# ---
# datatype:
# - {name: time, datatype: float64}
# - {name: PS1_g, datatype: float64}
# - {name: PS1_i, datatype: float64}
# - {name: PS1_r, datatype: float64}
# - {name: PS1_w, datatype: float64}
# - {name: PS1_y, datatype: float64}
# - {name: PS1_z, datatype: float64}
# - {name: swift_uvot_B, datatype: float64}
# - {name: swift_uvot_U, datatype: float64}
# - {name: swift_uvot_uvm2, datatype: float64}
# - {name: swift_uvot_uvw1, datatype: float64}
# - {name: swift_uvot_uvw2, datatype: float64}
# - {name: swift_uvot_V, datatype: float64}
# - {name: johnson_B, datatype: float64}
# - {name: johnson_I, datatype: float64}
# - {name: johnson_R, datatype: float64}
# - {name: johnson_U, datatype: float64}
# - {name: johnson_V, datatype: float64}
# - {name: sdss_g, datatype: float64}
# - {name: sdss_i, datatype: float64}
# - {name: sdss_r, datatype: float64}
# - {name: sdss_u, datatype: float64}
# - {name: sdss_z, datatype: float64}
# - {name: ATLAS_c, datatype: float64}
# - {name: ATLAS_o, datatype: float64}
# - {name: ukirt_H, datatype: float64}
# - {name: ukirt_J, datatype: float64}
# - {name: ukirt_K, datatype: float64}
# - {name: Clear, datatype: float64}
# meta: !!omap
# - comment: [kappa = 3.0, type = rprocess, mass = 0.051209162050732976, velocity = 0.265, theta_obs = 0.0, tfloor = 1000.0]
# schema: astropy-2.0
time PS1_g PS1_i PS1_r PS1_w PS1_y PS1_z swift_uvot_B swift_uvot_U swift_uvot_uvm2 swift_uvot_uvw1 swift_uvot_uvw2 swift_uvot_V johnson_B johnson_I johnson_R johnson_U johnson_V sdss_g sdss_i sdss_r sdss_u sdss_z ATLAS_c ATLAS_o ukirt_H ukirt_J ukirt_K Clear
[from data line 434]
26.152304609218437 8.078284245065888 -0.8035445681333897 2.6715262099044423 0.7036023984004736 -4.326734616658658 -2.9090586518115202 11.618190821630375 18.277134919525295 32.16573022355447 14.242717451599844 16.755733958079496 6.037800937936672 10.414253504664185 -2.3570578745553403 0.6129748921696596 17.246133740273535 5.082778602767919 8.890824346380342 -0.7222886160204034 2.9000148694008843 18.77824044970012 -3.482486263833522 4.650602779647102 0.19819025503730714 -9.275721994574154 -7.126232699084463 -10.636010675047325 -1.5822916453608826
26.2124248496994 8.083317941219512 -0.7985108719797651 2.6765599060580847 0.7086360945540982 -4.321700920505016 -2.9040249556578956 11.623224517784 18.28216861567892 32.170763919708094 14.247751147753469 16.76076765423312 6.0428346340903145 10.41928720081781 -2.3520241784017157 0.6180085883232842 17.251167436427178 5.087812298921562 8.895858042533966 -0.7172549198667788 2.905048565554509 18.783274145853746 -3.4774525676798973 4.655636475800726 0.20322395119093173 -9.270688298420511 -7.121199002930821 -10.6309769788937 -1.577257949207258
26.27254509018036 8.088340478058651 -0.7934883351406441 2.6815824428972057 0.7136586313932192 -4.316678383665895 -2.8990024188187746 11.62824705462312 18.28719115251804 32.175786456547215 14.25277368459259 16.76579019107224 6.0478571709294355 10.42430973765693 -2.3470016415625947 0.6230311251624052 17.2561899732663 5.092834835760683 8.900880579373087 -0.71223238302764 2.91007110239363 18.788296682692867 -3.4724300308407585 4.660659012639847 0.2082464880300705 -9.26566576158139 -7.1161764660917 -10.625954442054562 -1.5722354123681193
26.33266533066132 8.093351924978158 -0.7884768882211368 2.686593889816713 0.7186700783127264 -4.311666936746388 -2.8939909718992674 11.633258501542628 18.292202599437548 32.18079790346672 14.257785131512097 16.77080163799175 6.052868617848943 10.429321184576438 -2.3419901946430874 0.6280425720819125 17.261201420185806 5.09784628268019 8.905892026292594 -0.7072209361081327 2.915082549313137 18.793308129612374 -3.4674185839212512 4.6656704595593546 0.21325793494956002 -9.260654314661883 -7.1111650191721925 -10.620942995135055 -1.567223965448612
26.392785571142284 8.098352345506736 -0.783476467692541 2.691594310345309 0.7236704988413223 -4.30666651621781 -2.8889905513706715 11.638258922071223 18.297203019966144 32.185798323995314 14.262785552040693 16.775802058520345 6.057869038377521 10.434321605105033 -2.3369897741144916 0.6330429926105083 17.266201840714384 5.102846703208786 8.91089244682119 -0.7022205155795547 2.920082969841733 18.79830855014097 -3.462418163392673 4.67067088008795 0.21825835547815586 -9.255653894133287 -7.106164598643597 -10.615942574606477 -1.562223544920034
26.452905811623246 8.103341806705782 -0.7784870064934957 2.6965837715443364 0.7286599600403498 -4.301677055018764 -2.884001090171626 11.643248383270269 18.30219248116517 32.19078778519435 14.267775013239739 16.78079151971939 6.062858499576566 10.439311066304079 -2.3320003129154463 0.6380324538095536 17.27119130191343 5.107836164407813 8.915881908020218 -0.6972310543805094 2.9250724310407783 18.803298011339997 -3.457428702193628 4.675660341286978 0.22324781667720117 -9.25066443293426 -7.101175137444569 -10.610953113407431 -1.5572340837209886
26.51302605210421 8.108320389142492 -0.7735084240567858 2.7015623539810463 0.7336385424770597 -4.2966984725820545 -2.8790225077349163 11.648226965706979 18.30717106360188 32.19576636763106 14.272753595676448 16.7857701021561 6.067837082013276 10.444289648740789 -2.3270217304787364 0.6430110362462635 17.27616988435014 5.112814746844523 8.920860490456928 -0.6922524719437995 2.930051013477488 18.808276593776707 -3.452450119756918 4.680638923723688 0.22822639911391107 -9.24568585049755 -7.096196555007859 -10.605974530970721 -1.5522555012842787
26.573146292585168 8.113288155648135 -0.7685406575511422 2.70653012048669 0.7386063089827211 -4.291730706076411 -2.8740547412292727 11.653194732212622 18.312138830107543 32.20073413413672 14.277721362182092 16.790737868661743 6.07280484851892 10.449257415246432 -2.322053963973093 0.6479788027519071 17.281137650855783 5.117782513350167 8.925828256962589 -0.6872847054381559 2.9350187799831318 18.81324436028237 -3.4474823532512744 4.685606690229349 0.23319416561955464 -9.240718083991906 -7.091228788502216 -10.601006764465078 -1.5472877347786351
26.63326653306613 8.118245187512976 -0.7635836256863016 2.7114871523515482 0.7435633408475617 -4.28677367421157 -2.869097709364432 11.658151764077463 18.317095861972383 32.20569116600156 14.282678394046933 16.795694900526584 6.07776188038376 10.454214447111273 -2.317096932108252 0.6529358346167478 17.286094682720623 5.122739545215025 8.93078528882743 -0.6823276735733153 2.9399758118479724 18.81820139214721 -3.4425253213864337 4.69056372209419 0.23815119748439528 -9.235761052127048 -7.086271756637357 -10.596049732600237 -1.5423307029137945
26.693386773547093 8.12319153223358 -0.7586372809656972 2.716433497072135 0.7485096855681661 -4.281827329490966 -2.8641513646438277 11.663098108798067 18.322042206692988 32.21063751072216 14.287624738767537 16.80064124524719 6.082708225104365 10.459160791831877 -2.312150587387648 0.6578821793373522 17.291041027441228 5.12768588993563 8.935731633548034 -0.6773813288527109 2.944922156568577 18.823147736867814 -3.4375789766658293 4.695510066814794 0.24309754220499968 -9.230814707406461 -7.081325411916771 -10.591103387879633 -1.53738435819319
26.753507014028056 8.128127271036458 -0.7537015421628368 2.721369235875013 0.7534454243710265 -4.276891590688088 -2.8592156258409673 11.668033847600928 18.326977945495848 32.21557324952503 14.292560477570415 16.805576984050067 6.087643963907243 10.464096530634738 -2.3072148485847874 0.6628179181402125 17.295976766244106 5.13262162873849 8.940667372350894 -0.6724455900498327 2.949857895371455 18.828083475670674 -3.4326432378629512 4.700445805617655 0.2480332810078778 -9.225878968603583 -7.076389673113892 -10.586167649076755 -1.532448619390312
26.81362725450902 8.133052461112005 -0.7487763520872726 2.7262944259505772 0.7583706144465907 -4.2719664006125235 -2.854290435765403 11.672959037676492 18.331903135571412 32.22049843960058 14.297485667645962 16.810502174125613 6.092569153982807 10.469021720710302 -2.302289658509223 0.6677431082157768 17.30090195631967 5.137546818814054 8.945592562426459 -0.6675203999742862 2.9547830854470014 18.833008665746238 -3.4277180477874047 4.705370995693219 0.2529584710834243 -9.220953778528019 -7.071464483038328 -10.581242459001208 -1.5275234293147655
26.873747494989978 8.137967174288754 -0.7438616389105235 2.7312091391273086 0.7632853276233398 -4.267051687435792 -2.849375722588654 11.67787375085324 18.33681784874816 32.225413152777335 14.30240038082271 16.815416887302362 6.097483867159538 10.47393643388705 -2.297374945332474 0.6726578213925258 17.3058166694964 5.142461531990786 8.950507275603208 -0.6626056867975372 2.9596977986237505 18.837923378922987 -3.4228033346106557 4.710285708869968 0.25787318426017336 -9.216039065351287 -7.066549769861597 -10.57632774582446 -1.5226087161380164
26.93386773547094 8.142871470189341 -0.7389573430099361 2.736113435027896 0.7681896235239272 -4.262147391535205 -2.8444714266880666 11.682778046753828 18.34172214464875 32.23031744867792 14.307304676723298 16.82032118320295 6.102388163060126 10.478840729787638 -2.2924706494318867 0.6775621172931132 17.31072096539699 5.147365827891391 8.955411571503795 -0.6577013908969498 2.964602094524338 18.842827674823575 -3.4178990387100683 4.715190004770555 0.26277748016076075 -9.2111347694507 -7.0616454739610095 -10.571423449923872 -1.517704420237429
26.993987975951903 8.147765429632958 -0.7340633835663191 2.7410073944715307 0.7730835829675442 -4.257253432091588 -2.8395774672444496 11.687672006197445 18.346616104092366 32.235211408121536 14.312198636166915 16.825215142646567 6.107282122503743 10.483734689231255 -2.2875766899882697 0.6824560767367303 17.315614924840624 5.152259787335008 8.960305530947412 -0.6528074314533328 2.969496053967955 18.84772163426719 -3.4130050792664512 4.720083964214172 0.2676714396043778 -9.206240810007065 -7.056751514517375 -10.566529490480255 -1.512810460793812
27.054108216432866 8.152649107397636 -0.7291797058016414 2.7458910722361907 0.7779672607322219 -4.25236975432691 -2.834693789479772 11.692555683962123 18.351499781857044 32.2400950858862 14.317082313931593 16.830098820411244 6.1121658002684205 10.488618366995933 -2.282693012223592 0.6873397545014079 17.320498602605284 5.157143465099668 8.965189208712072 -0.6479237536886551 2.9743797317326326 18.85260531203187 -3.4081214015017736 4.72496764197885 0.27255511736905547 -9.201357132242405 -7.051867836752715 -10.561645812715577 -1.5079267830291343
27.11422845691383 8.157522578252916 -0.7243062349463614 2.7507645430914707 0.7828407315874841 -4.24749628347163 -2.829820318624492 11.697429154817403 18.356373252712306 32.24496855674149 14.321955784786873 16.834972291266524 6.1170392711237005 10.493491837851213 -2.277819541368312 0.692213225356688 17.325372073460564 5.162016935954948 8.970062679567352 -0.6430502828333751 2.9792532025879126 18.85747878288713 -3.4032479306464936 4.729841112834112 0.27742858822433547 -9.196483661387125 -7.046994365897435 -10.556772341860297 -1.5030533121738543
27.174348697394787 8.162385896609194 -0.7194429165900829 2.755627861447749 0.7877040499437626 -4.242632965115352 -2.8249570002682134 11.702292473173681 18.361236571068584 32.24983187509776 14.326819103143151 16.839835609622803 6.121902589479979 10.498355156207474 -2.2729562230120335 0.6970765437129487 17.330235391816842 5.166880254311226 8.97492599792363 -0.6381869644770966 2.984116520944191 18.86234210124341 -3.398384612290215 4.734704431190391 0.282291906580614 -9.191620343030847 -7.042131047541156 -10.551909023504018 -1.4981899938175758
27.23446893787575 8.167239138785227 -0.7145896744140501 2.7604811036237997 0.7925572921198132 -4.237779722939319 -2.8201037580921806 11.707145715349714 18.366089813244635 32.25468511727381 14.331672345319184 16.844688851798836 6.126755831656012 10.503208398383524 -2.2681029808360007 0.7019297858889992 17.335088633992875 5.171733496487277 8.979779240099681 -0.6333337223010638 2.988969763120224 18.86719534341946 -3.3935313701141823 4.739557673366441 0.28714514875664676 -9.186767100854796 -7.037277805365106 -10.547055781327986 -1.493336751641543
27.294589178356713 8.172082354210701 -0.709746458988576 2.765324319049256 0.7974005075452695 -4.232936507513845 -2.8152605426667066 11.711988930775188 18.37093302867009 32.25952833269927 14.336515560744658 16.84953206722431 6.131599047081486 10.508051613808998 -2.2632597654105266 0.7067730013144555 17.33993184941835 5.176576711912733 8.984622455525137 -0.6284905068755897 2.993812978545698 18.872038558844917 -3.388688154688708 4.744400888791898 0.2919883641821208 -9.18192388542934 -7.032434589939649 -10.542212565902512 -1.488493536216069
27.354709418837675 8.176915618483633 -0.704913194715644 2.770157583322188 0.8022337718182015 -4.228103243240913 -2.8104272783937745 11.71682219504812 18.375766292943023 32.2643615969722 14.34134882501759 16.85436533149724 6.136432311354418 10.51288487808193 -2.2584265011375946 0.7116062655873876 17.34476511369128 5.181409976185665 8.98945571979807 -0.6236572426026576 2.99864624281863 18.87687182311785 -3.383854890415776 4.74923415306483 0.2968216284550529 -9.177090621156408 -7.027601325666717 -10.53737930162958 -1.4836602719431369
27.414829659318634 8.181738980728763 -0.700089832470514 2.7749809455673358 0.8070571340633492 -4.223279880995765 -2.8056039161486446 11.72164555729325 18.38058965518817 32.26918495921734 14.34617218726272 16.85918869374237 6.141255673599566 10.51770824032706 -2.2536031388924647 0.7164296278325353 17.34958847593643 5.186233338430813 8.994279082043217 -0.6188338803575277 3.00346960506376 18.881695185362997 -3.3790315281706462 4.754057515309977 0.3016449907001828 -9.17226725891126 -7.02277796342157 -10.53255593938445 -1.4788369096979892
27.474949899799597 8.186552521918404 -0.6952762912808907 2.779794486756959 0.8118706752529725 -4.218466339806142 -2.8007903749590213 11.726459098482874 18.385403196377794 32.27399850040697 14.350985728452343 16.864002234931995 6.146069214789189 10.522521781516684 -2.2487895977028414 0.7212431690221586 17.354402017126052 5.191046879620436 8.99909262323284 -0.6140203391678867 3.0082831462533832 18.88650872655262 -3.374217986981005 4.758871056499601 0.30645853188982386 -9.167453717721637 -7.017964422231946 -10.527742398194809 -1.474023368508366
27.53507014028056 8.191356297983177 -0.6904725152161184 2.7845982628217314 0.8166744513177449 -4.213662563741369 -2.795986598894249 11.731262874547646 18.390206972442567 32.27880227647174 14.355789504517116 16.868806010996767 6.150872990853961 10.527325557581456 -2.243985821638069 0.7260469450869309 17.359205793190824 5.195850655685208 9.003896399297613 -0.6092165631031143 3.0130869223181556 18.891312502617392 -3.369414210916233 4.763674832564373 0.31126230795457843 -9.162649941656865 -7.013160646167174 -10.522938622130036 -1.4692195924435936
27.595190380761522 8.196150377569094 -0.6856784356301837 2.789392342407666 0.8214685309036796 -4.208868484155435 -2.7911925193083142 11.73605695413358 18.3950010520285 32.28359635605767 14.36058358410305 16.873600090582702 6.155667070439878 10.53211963716739 -2.2391917420521343 0.7308410246728656 17.36399987277676 5.200644735271143 9.008690478883548 -0.6044224835171974 3.0178810019040903 18.896106582203327 -3.364620131330316 4.768468912150308 0.31605638754051313 -9.15785586207093 -7.008366566581239 -10.51814454254412 -1.4644255128576766
27.655310621242485 8.200934815820471 -0.6808939973788064 2.7941767806590434 0.8262529691550569 -4.204084045904057 -2.786408081056937 11.740841392384958 18.39978549027988 32.28838079430905 14.365368022354428 16.87838452883408 6.160451508691273 10.536904075418768 -2.234407303800757 0.7356254629242429 17.368784311028136 5.20542917352252 9.013474917134925 -0.5996380452658023 3.0226654401554676 18.900891020454704 -3.359835693078921 4.773253350401685 0.32084082579189044 -9.153071423819553 -7.003582128329862 -10.513360104292724 -1.4596410746062816
27.715430861723444 8.20570968251106 -0.6761191306882175 2.7989516473496323 0.8310278358456458 -4.1993091792134685 -2.781633214366348 11.745616259075547 18.404560356970467 32.29315566099964 14.370142889045017 16.883159395524668 6.165226375381862 10.541678942109357 -2.229632437110168 0.7404003296148318 17.373559177718725 5.210204040213109 9.018249783825514 -0.5948631785752134 3.0274403068460565 18.905665887145293 -3.355060826388332 4.778028217092274 0.32561569248247935 -9.148296557128964 -6.998807261639273 -10.508585237602135 -1.4548662079156927
27.775551102204407 8.210475026770538 -0.6713537864287389 2.803716991609093 0.8357931801051066 -4.194543834954008 -2.7768678701068694 11.750381603335025 18.40932570122993 32.297921005259106 14.374908233304495 16.887924739784147 6.169991719641323 10.546444286368835 -2.2248670928506895 0.7451656738743104 17.378324521978186 5.21496938447257 9.023015128084975 -0.5900978343157526 3.032205651105535 18.910431231404754 -3.350295482128871 4.782793561351735 0.33038103674195796 -9.143531212869503 -6.994041917379812 -10.503819893342675 -1.4501008636562318
