web/models/mosfit_kne/mosfit_kn_3.0000/mosfit_kn_0.002817_0.2023_3.0000.dat
# %ECSV 1.0
# ---
# datatype:
# - {name: time, datatype: float64}
# - {name: PS1_g, datatype: float64}
# - {name: PS1_i, datatype: float64}
# - {name: PS1_r, datatype: float64}
# - {name: PS1_w, datatype: float64}
# - {name: PS1_y, datatype: float64}
# - {name: PS1_z, datatype: float64}
# - {name: swift_uvot_B, datatype: float64}
# - {name: swift_uvot_U, datatype: float64}
# - {name: swift_uvot_uvm2, datatype: float64}
# - {name: swift_uvot_uvw1, datatype: float64}
# - {name: swift_uvot_uvw2, datatype: float64}
# - {name: swift_uvot_V, datatype: float64}
# - {name: johnson_B, datatype: float64}
# - {name: johnson_I, datatype: float64}
# - {name: johnson_R, datatype: float64}
# - {name: johnson_U, datatype: float64}
# - {name: johnson_V, datatype: float64}
# - {name: sdss_g, datatype: float64}
# - {name: sdss_i, datatype: float64}
# - {name: sdss_r, datatype: float64}
# - {name: sdss_u, datatype: float64}
# - {name: sdss_z, datatype: float64}
# - {name: ATLAS_c, datatype: float64}
# - {name: ATLAS_o, datatype: float64}
# - {name: ukirt_H, datatype: float64}
# - {name: ukirt_J, datatype: float64}
# - {name: ukirt_K, datatype: float64}
# - {name: Clear, datatype: float64}
# meta: !!omap
# - comment: [kappa = 3.0, type = rprocess, mass = 0.0028172691138521437, velocity = 0.20233333333333337, theta_obs = 0.0, tfloor = 1000.0]
# schema: astropy-2.0
time PS1_g PS1_i PS1_r PS1_w PS1_y PS1_z swift_uvot_B swift_uvot_U swift_uvot_uvm2 swift_uvot_uvw1 swift_uvot_uvw2 swift_uvot_V johnson_B johnson_I johnson_R johnson_U johnson_V sdss_g sdss_i sdss_r sdss_u sdss_z ATLAS_c ATLAS_o ukirt_H ukirt_J ukirt_K Clear
[from data line 57]
3.4869739478957915 5.412140484749184 -2.5650956350369825 0.5530702947276644 -1.0941870475226523 -5.695334056471566 -4.444682225196441 8.588455722938225 14.447200619315321 27.411720157045988 11.510506390177113 13.833249599127374 3.530208356236197 7.5951388163229225 -3.985575099799102 -1.2113939974721368 13.553700079750513 2.7540552382525822 6.144431152998742 -2.4918532485995826 0.7431172534895758 14.982687234297778 -4.9279089507217755 2.3966255185294294 -1.598059680384285 -10.004818250400456 -8.144446824632057 -11.155346937253066 -3.068956347034497
3.5470941883767533 5.925485107071093 -2.2270816405431226 0.9604161350663887 -0.7485453298756894 -5.433592326953622 -4.15064012593751 9.172283776256982 15.185604264896195 28.332194690342728 12.03892751833763 14.396886482113175 4.012646245626931 8.139325135449994 -3.673194889174268 -0.8594612175801088 14.265989728536475 3.2033212303097995 6.67341704369365 -2.15223269823829 1.1577882378980497 15.714667524626211 -4.6507862751461815 2.830426261296619 -1.2526401416793398 -9.866797848034937 -7.950416509525196 -11.057905227175285 -2.782886460062084
3.6072144288577155 6.435206478655964 -1.8912665926171357 1.364924239628742 -0.4054698790965716 -5.173380490724249 -3.858354261294945 9.751915489631163 15.918815047991082 29.244458967545214 12.562448345617216 14.956186692980765 4.491805902113312 8.67905866866733 -3.3628793861075854 -0.5106875399892921 14.973044539266425 3.648861398172179 7.1986132383696955 -1.814848958039832 1.569625884922221 16.441397959941604 -4.375549476475182 3.2610747141346863 -0.9098202666243971 -9.729422911313728 -7.757468496950944 -10.960822036391223 -2.499255396764699
3.6673346693386772 6.941462020641183 -1.55755962815185 1.7667150551523214 -0.06484204819628303 -4.914635317566312 -3.5677514682351585 10.327530391537863 16.64705420056613 30.148965649241706 13.081331256008113 15.511349457652287 4.967820869629935 9.214533748102621 -3.054543656326355 -0.1649393444293359 15.675080837204785 4.090818906142871 7.720182159204345 -1.4796104763095386 1.9787479807559194 17.16309498082369 -4.10212613088456 3.6887138454627078 -0.5694818157352444 -9.59266298350675 -7.565556329140557 -10.864075669081961 -2.217950067424379
3.727454909819639 7.444472160527429 -1.2258256277754143 2.1659605858352293 0.2734993833141175 -4.657257848867822 -3.278719120526006 10.899379182938247 17.37063194063051 31.04625712663591 13.59589405014292 16.062640118219257 5.440885620106434 9.74600937936184 -2.748061580929387 0.17796029805711133 16.37240099862258 4.529392894500115 8.238350947078406 -1.1463812695303766 2.3853250866970477 17.88006376370225 -3.83040661678832 4.113539496563217 -0.23146360494850526 -9.456466524260685 -7.374605846316376 -10.767628433020738 -1.9388226663485675
3.787575150300601 7.944358174112249 -0.895995891875554 2.562753401533424 0.6096457617416284 -4.401201662566088 -2.991202929939032 11.467600802062979 18.089718888482 31.936686492957822 14.106344919973974 16.610213686942764 5.911102285418763 10.273638494342375 -2.4433689277633084 0.5181175567167238 17.06517268590155 4.96469551496688 8.753244730704726 -0.8150920547780238 2.78944732028398 18.59247152607706 -3.5603367366966054 4.535661873155288 0.10432604504773124 -9.320812612148382 -7.184583424236875 -10.671466313342284 -1.6617852573940795
3.847695390781563 8.099246169590248 -0.7825826436090466 2.692488134428803 0.7245643229248167 -4.305772692134298 -2.888096727287177 11.639152746154718 18.29809684404964 32.18669214807882 14.263679376124205 16.77669588260384 6.058762862461033 10.435215429188528 -2.3360959500309972 0.6339368166940027 17.267095664797896 5.10374052729228 8.911786270904685 -0.7013266914960425 2.920976793925245 18.799202374224464 -3.461524339309161 4.671564704171445 0.219152179561668 -9.254760070049793 -7.105270774560102 -10.615048750522964 -1.5613297208365218
3.9078156312625247 8.141743996567605 -0.740084816631672 2.73498596140616 0.7670621499021735 -4.263274865156941 -2.8455989003098026 11.681650573132092 18.340594671026995 32.22918997505618 14.306177203101562 16.819193709581214 6.10126068943839 10.477713256165885 -2.2935981230536227 0.6764346436713595 17.309593491775253 5.146238354269637 8.954284097882041 -0.6588288645186857 2.963474620902602 18.84170020120182 -3.419026512331804 4.714062531148802 0.2616500065390248 -9.212262243072436 -7.062772947582745 -10.572550923545608 -1.518831893859165
3.967935871743487 8.18309444073904 -0.6987343724602368 2.776336405577595 0.8084125940736087 -4.221924420985506 -2.8042484561383674 11.723001017303528 18.38194511519843 32.27054041922761 14.347527647272997 16.86054415375265 6.142611133609825 10.519063700337338 -2.2522476788821875 0.7177850878428125 17.350943935946688 5.187588798441072 8.995634542053477 -0.6174784203472505 3.004825065074037 18.883050645373256 -3.377676068160369 4.755412975320237 0.30300045071046 -9.170911798901 -7.02142250341131 -10.531200479374172 -1.4774814496877298
4.028056112224449 8.223376975210641 -0.6584518379886362 2.816618940049196 0.8486951285452271 -4.181641886513905 -2.7639659216667667 11.763283551775128 18.42222764967005 32.31082295369921 14.387810181744598 16.90082668822425 6.182893668081426 10.559346234808938 -2.211965144410587 0.7580676223144132 17.39122647041829 5.227871332912673 9.035917076525095 -0.5771958858756499 3.045107599545638 18.923333179844875 -3.3373935336887683 4.795695509791855 0.3432829851820607 -9.1306292644294 -6.98113996893971 -10.490917944902572 -1.437198915216129
4.0881763527054105 8.262667143327267 -0.6191616698720104 2.8559091081658394 0.8879852966618529 -4.142351718397279 -2.724675753550141 11.802573719891754 18.461517817786675 32.350113121815845 14.427100349861224 16.940116856340875 6.2221838361980515 10.598636402925564 -2.172674976293961 0.7973577904310389 17.430516638534915 5.2671615010293165 9.075207244641721 -0.5379057177590241 3.0843977676622636 18.9626233479615 -3.2981033655721426 4.834985677908481 0.38257315329868646 -9.091339096312756 -6.941849800823066 -10.451627776785946 -1.3979087470995033
4.148296593186372 8.301032408456397 -0.5807964047428982 2.8942743732949516 0.9263505617909651 -4.103986453268149 -2.6863104884210287 11.840938985020866 18.499883082915787 32.38847838694496 14.465465614990336 16.978482121469987 6.2605491013271815 10.637001668054676 -2.134309711164849 0.8357230555601511 17.468881903664045 5.305526766158429 9.113572509770833 -0.4995404526298941 3.122763032791376 19.000988613090612 -3.2597381004430126 4.873350943037593 0.42093841842781643 -9.052973831183644 -6.903484535693954 -10.413262511656816 -1.3595434819703733
4.208416833667335 8.338535417130739 -0.5432933960685382 2.931777381969294 0.963853570465325 -4.066483444593807 -2.6488074797466687 11.878441993695226 18.537386091590147 32.42598139561932 14.502968623664696 17.015985130144347 6.298052110001524 10.674504676729036 -2.096806702490489 0.8732260642345111 17.506384912338387 5.343029774832789 9.151075518445193 -0.4620374439555519 3.1602660414657358 19.038491621764972 -3.2222350917686704 4.910853951711953 0.4584414271021586 -9.015470822509284 -6.865981527019612 -10.375759502982474 -1.3220404732960311
4.268537074148297 8.375232006278637 -0.5065968069206406 2.9684739711171915 1.0005501596132227 -4.029786855445909 -2.612110890598771 11.915138582843124 18.574082680738044 32.46267798476722 14.539665212812594 17.052681719292245 6.334748699149421 10.711201265876934 -2.060110113342591 0.9099226533824087 17.543081501486284 5.3797263639806685 9.18777210759309 -0.42534085480765427 3.1969626306136334 19.07518821091287 -3.1855385026207728 4.947550540859851 0.49513801625005627 -8.978774233361404 -6.829284937871714 -10.339062913834576 -1.2853438841481335
4.328657314629258 8.41117516868982 -0.4706536445094578 3.0044171335283743 1.0364933220243877 -3.9938436930347265 -2.5761677281875883 11.951081745254307 18.61002584314921 32.49862114717839 14.575608375223776 17.088624881703428 6.370691861560604 10.747144428288099 -2.0241669509314084 0.9458658157935738 17.579024663897467 5.415669526391851 9.223715270004256 -0.3893976923964715 3.232905793024816 19.111131373324035 -3.14959534020959 4.983493703271016 0.531081178661239 -8.942831070950222 -6.793341775460531 -10.303119751423393 -1.2494007217369507
4.38877755511022 8.446410848812054 -0.4354179643872236 3.0396528136506085 1.0717290021466397 -3.9586080129124923 -2.540932048065354 11.98631742537654 18.64526152327146 32.53385682730063 14.61084405534601 17.123860561825662 6.405927541682838 10.78238010841035 -1.9889312708091742 0.9811014959158257 17.6142603440197 5.4509052065140855 9.258950950126508 -0.35416201227423727 3.2681414731470504 19.146367053446287 -3.1143596600873558 5.018729383393268 0.5663168587834733 -8.907595390827987 -6.758106095338297 -10.26788407130116 -1.2141650416147165
4.448897795591182 8.480996119800537 -0.4008326933987405 3.0742380846390915 1.1063142731351228 -3.9240227419240092 -2.506346777076871 12.020902696365024 18.679846794259944 32.568442098289104 14.645429326334494 17.158445832814145 6.440512812671321 10.816965379398834 -1.9543459998206911 1.0156867669043088 17.648845615008184 5.485490477502569 9.293536221114973 -0.3195767412857542 3.3027267441355335 19.18095232443477 -3.0797743890988727 5.053314654381751 0.6009021297719563 -8.873010119839504 -6.723520824349814 -10.233298800312676 -1.1795797706262334
4.509018036072144 8.514934703703858 -0.36689410949541923 3.1081766685424306 1.140252857038444 -3.89008415802067 -2.4724081931735498 12.054841280268345 18.713785378163266 32.60238068219244 14.679367910237815 17.192384416717466 6.47445139657466 10.850903963302155 -1.9204074159173699 1.04962535080763 17.682784198911524 5.519429061405908 9.327474805018312 -0.2856381573824329 3.3366653280388547 19.21489090833809 -3.0458358051955514 5.087253238285072 0.6348407136752776 -8.839071535936165 -6.689582240446475 -10.199360216409355 -1.1456411867228944
4.569138276553106 8.54828100488536 -0.33354780831393427 3.1415229697239155 1.173599158219929 -3.8567378568391852 -2.439061891992065 12.08818758144983 18.74713167934475 32.63572698337392 14.7127142114193 17.22573071789895 6.507797697756145 10.88425026448364 -1.887061114735885 1.082971651989115 17.71613050009301 5.552775362587393 9.360821106199797 -0.2522918562009302 3.3700116292203397 19.248237209519576 -3.0124895040140487 5.120599539466557 0.6681870148567803 -8.80572523475468 -6.65623593926499 -10.166013915227852 -1.1122948855414094
4.629258517034068 8.581064968582162 -0.3007638446171157 3.174306933420734 1.2063831219167476 -3.8239538931423667 -2.4062779282952462 12.120971545146649 18.77991564304157 32.66851094707074 14.745498175116118 17.25851468159577 6.540581661452964 10.917034228180459 -1.8542771510390663 1.1157556156859336 17.748914463789827 5.585559326284211 9.393605069896616 -0.2195078925041294 3.4027955929171583 19.281021173216395 -2.979705540317248 5.153383503163376 0.7009709785535811 -8.772941271057862 -6.623451975568171 -10.133229951531051 -1.0795109218445909
4.68937875751503 8.613315136194508 -0.2685136770047869 3.206557101033063 1.2386332895290764 -3.791703725530038 -2.3740277606829174 12.153221712758977 18.812165810653898 32.70076111468307 14.777748342728447 17.2907648492081 6.572831829065293 10.949284395792787 -1.8220269834267375 1.1480057832982624 17.781164631402156 5.61780949389654 9.425855237508944 -0.18725772489178283 3.435045760529487 19.313271340828724 -2.9474553727049013 5.1856336707757045 0.7332211461659277 -8.740691103445533 -6.5912018079558425 -10.100979783918705 -1.047260754232262
4.749498997995992 8.645056698113187 -0.2367721150860902 3.2382986629517596 1.270374851447773 -3.759962163611359 -2.3422861987642207 12.184963274677674 18.843907372572595 32.73250267660177 14.809489904647144 17.322506411126795 6.604573390983972 10.981025957711484 -1.7902854215080408 1.1797473452169591 17.812906193320835 5.649551055815237 9.457596799427641 -0.1555161629731039 3.4667873224481838 19.34501290274742 -2.9157138107862224 5.217375232694401 0.7649627080846066 -8.708949541526836 -6.559460246037146 -10.069238222000026 -1.0155191923135831
4.809619238476953 8.676311817649793 -0.205516995549484 3.269553782488366 1.3016299709843793 -3.728707044074735 -2.3110310792276145 12.21621839421428 18.8751624921092 32.76375779613837 14.84074502418375 17.3537615306634 6.635828510520596 11.01228107724809 -1.7590303019714346 1.2110024647535653 17.84416131285746 5.680806175351843 9.488851918964247 -0.12426104343649769 3.49804244198479 19.376268022284027 -2.884458691249616 5.248630352231007 0.7962178276212128 -8.67769442199023 -6.52820512650054 -10.03798310246342 -0.9842640727769592
4.869739478957916 8.707102239611064 -0.17472657358821309 3.3003442044496367 1.3324203929456502 -3.697916622113464 -2.2802406572663436 12.247008816175551 18.905952914070472 32.79454821809964 14.871535446145021 17.384551952624673 6.6666189324818665 11.043071499209361 -1.7282398800101637 1.2417928867148362 17.87495173481873 5.711596597313114 9.519642340925518 -0.09347062147520901 3.528832863946061 19.407058444245298 -2.8536682692883275 5.279420774192278 0.8270082495824838 -8.64690400002896 -6.497414704539269 -10.007192680502131 -0.9534736508156882
4.929859719438878 8.73744647504596 -0.1443823381533349 3.330688439884515 1.3627646283805284 -3.667572386678586 -2.2498964218314654 12.27735305161043 18.93629714950535 32.82489245353453 14.901879681579917 17.41489618805955 6.696963167916745 11.07341573464424 -1.6978956445752855 1.2721371221497144 17.905295970253608 5.741940832747992 9.549986576360396 -0.06312638604033083 3.559177099380957 19.437402679680176 -2.8233240338534493 5.3097650096271565 0.8573524850173797 -8.616559764594081 -6.4670704691043905 -9.976848445067253 -0.9231294153808101
4.98997995991984 8.767362162629144 -0.11446665057015082 3.360604127467699 1.3926803159637124 -3.637656699095402 -2.2199807342482814 12.307268739193614 18.966212837088534 32.854808141117715 14.931795369163101 17.444811875642735 6.726878855499929 11.103331422227424 -1.6679799569921014 1.3020528097328985 17.935211657836792 5.771856520331176 9.57990226394358 -0.03321069845714675 3.589092786964123 19.46731836726336 -2.7934083462702652 5.3396806972103406 0.8872681726005638 -8.586644077010897 -6.4371547815212065 -9.946932757484069 -0.893213727797626
5.050100200400801 8.796865354243284 -0.08496345895599333 3.3901073190818387 1.42218350757787 -3.608153507481262 -2.190477542634124 12.336771930807771 18.99571602870269 32.884311332731855 14.96129856077724 17.474315067256892 6.7563820471140685 11.132834613841581 -1.638476765377944 1.331556001347056 17.96471484945093 5.801359711945316 9.609405455557738 -0.0037075068430070246 3.6185959785782806 19.496821558877517 -2.7639051546561255 5.369183888824498 0.9167713642147035 -8.557140885396757 -6.407651589907067 -9.917429565869929 -0.8637105361834863
5.110220440881763 8.825970687170095 -0.05585812602918239 3.4192126520086674 1.4512888405046809 -3.579048174554451 -2.161372209707313 12.365877263734582 19.024821361629503 32.91341666565867 14.990403893704052 17.503420400183703 6.7854873800408795 11.161939946768392 -1.609371432451133 1.360661334273867 17.993820182377743 5.8304650448721445 9.638510788484549 0.02539782608380392 3.6477013115050916 19.52592689180433 -2.7347998217293146 5.398289221751309 0.9458766971415145 -8.528035552469929 -6.378546256980238 -9.888324232943118 -0.8346052032566753
5.170340681362725 8.854692236053836 -0.027136577145441265 3.4479342008923908 1.480010389388422 -3.55032662567071 -2.132650660823572 12.394598812618323 19.053542910513244 32.94213821454242 15.019125442587793 17.532141949067444 6.814208928924621 11.190661495652133 -1.580649883567392 1.389382883157608 18.022541731261484 5.859186593755886 9.66723233736829 0.05411937496754504 3.6764228603888327 19.55464844068807 -2.7060782728455735 5.42701077063505 0.9745982460252556 -8.499314003586205 -6.349824708096515 -9.859602684059377 -0.8058836543729342
