web/models/mosfit_kne/mosfit_kn_3.0000/mosfit_kn_0.012011_0.4373_3.0000.dat
# %ECSV 1.0
# ---
# datatype:
# - {name: time, datatype: float64}
# - {name: PS1_g, datatype: float64}
# - {name: PS1_i, datatype: float64}
# - {name: PS1_r, datatype: float64}
# - {name: PS1_w, datatype: float64}
# - {name: PS1_y, datatype: float64}
# - {name: PS1_z, datatype: float64}
# - {name: swift_uvot_B, datatype: float64}
# - {name: swift_uvot_U, datatype: float64}
# - {name: swift_uvot_uvm2, datatype: float64}
# - {name: swift_uvot_uvw1, datatype: float64}
# - {name: swift_uvot_uvw2, datatype: float64}
# - {name: swift_uvot_V, datatype: float64}
# - {name: johnson_B, datatype: float64}
# - {name: johnson_I, datatype: float64}
# - {name: johnson_R, datatype: float64}
# - {name: johnson_U, datatype: float64}
# - {name: johnson_V, datatype: float64}
# - {name: sdss_g, datatype: float64}
# - {name: sdss_i, datatype: float64}
# - {name: sdss_r, datatype: float64}
# - {name: sdss_u, datatype: float64}
# - {name: sdss_z, datatype: float64}
# - {name: ATLAS_c, datatype: float64}
# - {name: ATLAS_o, datatype: float64}
# - {name: ukirt_H, datatype: float64}
# - {name: ukirt_J, datatype: float64}
# - {name: ukirt_K, datatype: float64}
# - {name: Clear, datatype: float64}
# meta: !!omap
# - comment: [kappa = 3.0, type = rprocess, mass = 0.012011244339858356, velocity = 0.4373333333333333, theta_obs = 0.0, tfloor = 1000.0]
# schema: astropy-2.0
time PS1_g PS1_i PS1_r PS1_w PS1_y PS1_z swift_uvot_B swift_uvot_U swift_uvot_uvm2 swift_uvot_uvw1 swift_uvot_uvw2 swift_uvot_V johnson_B johnson_I johnson_R johnson_U johnson_V sdss_g sdss_i sdss_r sdss_u sdss_z ATLAS_c ATLAS_o ukirt_H ukirt_J ukirt_K Clear
[from data line 470]
28.316633266533064 12.716484384433429 3.8346555712341512 7.309726349271983 5.3418025377680145 0.3114655227088825 1.7291414875560207 16.256390960997916 22.91533505889283 36.80393036292201 18.880917590967385 21.393934097447037 10.676001077304214 15.052453644031726 2.2811422648122006 5.2511750315372 21.884333879641083 9.72097874213546 13.529024485747883 3.9159115233471375 7.538215008768425 23.416440589067655 1.155713875534019 9.288802919014643 4.836390394404848 -4.6375218552066135 -2.4880325597169226 -5.997810535679784 3.0559084940066583
28.376753507014026 12.725543177816778 3.843714364617483 7.318785142655333 5.350861331151346 0.3205243160922322 1.7382002809393526 16.265449754381265 22.924393852276168 36.81298915630535 18.889976384350728 21.40299289083038 10.685059870687564 15.061512437415058 2.2902010581955503 5.260233824920532 21.893392673024426 9.73003753551881 13.538083279131214 3.9249703167304872 7.547273802151775 23.425499382450994 1.1647726689173687 9.297861712397975 4.845449187788198 -4.628463061823264 -2.478973766333573 -5.988751742296435 3.064967287390008
28.43687374749499 12.734587502353332 3.8527586891540544 7.327829467191904 5.359905655687918 0.3295686406288034 1.7472446054759239 16.27449407891782 22.93343817681274 36.82203348084191 18.89902070888729 21.41203721536694 10.694104195224135 15.070556761951629 2.2992453827321038 5.2692781494571035 21.90243699756099 9.73908186005538 13.547127603667786 3.9340146412670407 7.556318126688328 23.434543706987565 1.1738169934539222 9.306906036934546 4.854493512324751 -4.619418737286693 -2.4699294417970017 -5.979707417759881 3.0740116119265615
28.49699398797595 12.743617395023996 3.861788581824701 7.336859359862551 5.368935548358564 0.3385985332994501 1.7562744981465706 16.283523971588465 22.942468069483386 36.83106337351257 18.908050601557942 21.421067108037594 10.703134087894782 15.079586654622275 2.3082752754027505 5.27830804212775 21.911466890231644 9.748111752726027 13.556157496338432 3.943044533937705 7.565348019358975 23.44357359965821 1.1828468861245867 9.315935929605192 4.863523404995416 -4.610388844616046 -2.460899549126355 -5.970677525089217 3.083041504597226
28.557114228456914 12.752632893674978 3.8708040804756827 7.3458748585135325 5.377951047009546 0.3476140319504317 1.7652899967975522 16.292539470239447 22.951483568134368 36.84007887216354 18.917066100208924 21.430082606688575 10.712149586545763 15.088602153273257 2.317290774053732 5.287323540778732 21.92048238888262 9.757127251377009 13.565172994989414 3.9520600325886868 7.574363518009957 23.452589098309193 1.1918623847755683 9.324951428256174 4.8725389036463795 -4.601373345965064 -2.4518840504753734 -5.961662026438235 3.0920570032482075
28.617234468937873 12.761634033128537 3.87980521992926 7.354875997967092 5.386952186463123 0.3566151714039911 1.7742911362511293 16.301540609693024 22.960484707587938 36.84908001161712 18.926067239662494 21.439083746142146 10.721150725999323 15.097603292726834 2.3262919135073092 5.296324680232309 21.929483528336192 9.766128390830568 13.574174134442991 3.961061172042246 7.583364657463534 23.461590237762763 1.2008635242291277 9.333952567709751 4.881540043099957 -4.592372206511505 -2.442882911021814 -5.952660886984676 3.101058142701767
28.677354709418836 12.770620848314724 3.888792035115447 7.363862813153279 5.39593900164931 0.3656019865901783 1.7832779514373165 16.31052742487921 22.96947152277412 36.858066826803295 18.93505405484868 21.448070561328333 10.73013754118551 15.106590107913021 2.3352787286934964 5.305311495418496 21.938470343522372 9.775115206016755 13.58316094962916 3.9700479872284333 7.592351472649721 23.470577052948947 1.2098503394153148 9.34293938289592 4.890526858286144 -4.583385391325318 -2.433896095835627 -5.943674071798489 3.110044957887954
28.7374749498998 12.779593378602918 3.897764565403641 7.372835343441491 5.404911531937504 0.37457451687838983 1.7922504817255103 16.319499955167405 22.978444053062326 36.8670393570915 18.944026585136875 21.457043091616526 10.739110071473721 15.115562638201215 2.34425125898169 5.31428402570669 21.947442873810573 9.784087736304967 13.592133479917372 3.979020517516627 7.601324002937915 23.47954958323715 1.2188228697035086 9.351911913184132 4.899499388574338 -4.574412861037106 -2.4249235655474153 -5.934701541510295 3.119017488176148
28.79759519038076 12.78855166240275 3.9067228492034722 7.381793627241304 5.413869815737318 0.3835328006782035 1.8012087655253417 16.328458238967237 22.987402336862147 36.87599764089132 18.952984868936706 21.466001375416358 10.748068355273535 15.124520922001047 2.3532095427815216 5.323242309506521 21.956401157610397 9.79304602010478 13.601091763717186 3.9879788013164585 7.610282286737746 23.488507867036972 1.22778115350334 9.360870196983946 4.908457672374169 -4.5654545772372925 -2.4159652817476016 -5.925743257710463 3.1279757719759793
28.857715430861724 12.797495734854003 3.9156669216547257 7.390737699692558 5.422813888188589 0.392476873129457 1.8101528379765952 16.33740231141849 22.996346409313404 36.884941713342585 18.96192894138796 21.47494544786761 10.757012427724788 15.1334649944523 2.362153615232775 5.332186381957775 21.965345230061658 9.801990092556052 13.610035836168457 3.996922873767712 7.619226359189 23.49745193948823 1.2367252259545936 9.369814269435217 4.917401744825423 -4.556510504786039 -2.407021209296348 -5.91679918525921 3.136919844427233
28.917835671342683 12.80642562862024 3.924596815420962 7.399667593458794 5.431743781954808 0.4014067668956933 1.8190827317428315 16.346332205184726 23.00527630307964 36.893871607108814 18.970858835154186 21.483875341633837 10.765942321491025 15.142394888218519 2.3710835089990114 5.341116275723993 21.974275123827887 9.81091998632227 13.618965729934676 4.005852767533948 7.628156252955236 23.506381833254466 1.2456551197208299 9.378744163201436 4.926331638591659 -4.547580611019803 -2.398091315530112 -5.907869291492974 3.145849738193469
28.977955911823646 12.815341380237246 3.933512567037969 7.408583345075819 5.440659533571832 0.41032251851271795 1.8279984833598384 16.355247956801733 23.014192054696654 36.902787358725824 18.979774586771203 21.492791093250855 10.77485807310805 15.151310639835543 2.3799992606160183 5.350032027341018 21.983190875444905 9.819835737939295 13.6278814815517 4.014768519150955 7.637072004572243 23.51529758487148 1.2545708713378367 9.38765991481846 4.935247390208666 -4.538664859402778 -2.389175563913087 -5.898953539875967 3.154765489810476
29.03807615230461 12.824243023993418 3.942414210794123 7.417484988831973 5.449561177327986 0.41922416226887194 1.8369001271159924 16.364149600557887 23.023093698452808 36.91168900248198 18.988676230527364 21.501692737007016 10.783759716864203 15.160212283591697 2.3889009043721723 5.358933671097172 21.992092519201066 9.828737381695449 13.636783125307854 4.023670162907127 7.645973648328397 23.524199228627634 1.2634725150940085 9.396561558574614 4.9441490339648375 -4.529763215646624 -2.380273920156933 -5.890051896119795 3.1636671335666477
29.09819639278557 12.833130598719933 3.9513017855206556 7.426372563558505 5.458448752054519 0.4281117369954046 1.845787701842525 16.37303717528442 23.03198127317934 36.920576577208514 18.9975638052539 21.510580311733552 10.792647291590736 15.16909985831823 2.397788479098705 5.367821245823705 22.000980093927588 9.837624956421982 13.645670700034387 4.032557737633642 7.6548612230549296 23.533086803354166 1.2723600898205412 9.405449133301147 4.953036608691352 -4.520875640920091 -2.3713863454304005 -5.881164321393262 3.1725547082931804
29.158316633266534 12.84200414485218 3.960175331652902 7.435246109690752 5.467322298186765 0.4369852831276333 1.8546612479747715 16.381910721416666 23.040854819311576 36.92945012334076 19.006437351386136 21.519453857865788 10.801520837722965 15.177973404450476 2.4066620252309514 5.376694791955951 22.009853640059838 9.846498502554228 13.654544246166633 4.041431283765888 7.663734769187176 23.541960349486402 1.2812336359527698 9.414322679433393 4.961910154823599 -4.512002094787845 -2.362512799298172 -5.872290775261034 3.181428254425409
29.218436873747493 12.850863691937384 3.969034878738107 7.444105656775957 5.47618184527197 0.44584483021283816 1.8635207950599764 16.39077026850187 23.049714366396792 36.938309670425966 19.01529689847134 21.528313404950993 10.81038038480817 15.186832951535681 2.4155215723161563 5.385554339041156 22.01871318714504 9.855358049639433 13.663403793251838 4.050290830851093 7.672594316272381 23.550819896571618 1.2900931830379747 9.423182226518598 4.970769701908804 -4.50314254770264 -2.353653252212949 -5.863431228175829 3.190287801510614
29.278557114228455 12.85970927545268 3.9778804622534025 7.452951240291252 5.485027428787266 0.45469041372815155 1.872366378575272 16.399615852017167 23.058559949912087 36.94715525394126 19.024142481986647 21.537158988466288 10.819225968323483 15.195678535050977 2.424367155831452 5.394399922556452 22.027558770660335 9.864203633154728 13.672249376767134 4.059136414366389 7.6814398997876765 23.559665480086913 1.2989387665532703 9.432027810033894 4.979615285424099 -4.4942969641873445 -2.3448076686976536 -5.854585644660533 3.1991333850259096
29.338677354709418 12.868540937020487 3.986712123821192 7.461782901859042 5.4938590903550555 0.46352207529594125 1.8811980401430617 16.408447513584957 23.067391611479877 36.95598691550906 19.032974143554437 21.54599065003409 10.828057629891273 15.204510196618767 2.4331988173992594 5.403231584124241 22.036390432228135 9.873035294722518 13.681081038334924 4.067968075934196 7.690271561355484 23.568497141654703 1.3077704281210778 9.440859471601684 4.988446946991907 -4.485465302619555 -2.335976007129864 -5.845753983092726 3.207965046593717
29.39879759519038 12.877358707846067 3.99552989464679 7.47060067268464 5.502676861180653 0.4723398461215389 1.8900158109686593 16.417265284410554 23.076209382305475 36.964804686334645 19.04179191438003 21.554808420859683 10.83687540071687 15.213327967444364 2.4420165882248392 5.412049354949839 22.045208203053726 9.881853065548116 13.689898809160521 4.076785846759776 7.699089332181064 23.5773149124803 1.3165881989466754 9.449677242427281 4.997264717817487 -4.476647531793957 -2.327158236304266 -5.836936212267128 3.2167828174193147
29.458917835671343 12.886162622373263 4.0043338091739855 7.479404587211818 5.511480775707831 0.4811437606487168 1.898819725495855 16.42606919893775 23.085013296832663 36.97360860086183 19.05059582890721 21.56361233538686 10.845679315244048 15.222131881971542 2.450820502752035 5.420853269477017 22.05401211758091 9.890656980075294 13.698702723687699 4.085589761286972 7.7078932467082595 23.58611882700749 1.3253921134738533 9.45848115695446 5.006068632344682 -4.467843617266779 -2.3183543217770883 -5.82813229773995 3.2255867319464926
29.519038076152302 12.894952716941308 4.013123903742031 7.488194681779863 5.520270870275876 0.489933855216762 1.9076098200639002 16.434859293505795 23.093803391400705 36.98239869542988 19.059385923475265 21.57240242995491 10.854469409812094 15.230921976539605 2.45961059732008 5.429643364045062 22.062802212148956 9.899447074643339 13.707492818255744 4.094379855855017 7.716683341276305 23.59490892157553 1.3341822080418986 9.467271251522504 5.014858726912728 -4.459053522698734 -2.309564227209043 -5.819342203171905 3.234376826514538
29.579158316633265 12.903729029598416 4.021900216399139 7.496970994436971 5.529047182933002 0.49871016787387035 1.9163861327210086 16.443635606162903 23.102579704057817 36.99117500808699 19.068162236132373 21.581178742612025 10.863245722469202 15.239698289196713 2.4683869099771885 5.438419676702188 22.07157852480607 9.908223387300447 13.71626913091287 4.103156168512125 7.725459653933413 23.603685234232643 1.342958520699007 9.47604756417963 5.023635039569836 -4.450277210041626 -2.3007879145519348 -5.8105658905147965 3.243153139171646
29.639278557114228 12.912491592582818 4.03066277938354 7.505733557421372 5.537809745917404 0.5074727308582716 1.9251486957054098 16.452398169147305 23.111342267042218 36.99993757107139 19.076924799116775 21.589941305596426 10.872008285453603 15.248460852181115 2.4771494729615897 5.447182239686589 22.080341087790472 9.916985950284849 13.725031693897254 4.111918731496527 7.734222216917814 23.612447797217044 1.3517210836834082 9.484810127164032 5.032397602554237 -4.441514647057224 -2.2920253515675335 -5.801803327530395 3.2519157021560474
29.69939879759519 12.921240441176227 4.03941162797695 7.514482406014782 5.546558594510813 0.5162215794516811 1.9338975442988193 16.461147017740714 23.120091115635624 37.0086864196648 19.085673647710184 21.598690154189836 10.880757134047013 15.257209700774524 2.4858983215549992 5.455931088279999 22.089089936383886 9.925734798878258 13.733780542490681 4.120667580089936 7.742971065511224 23.62119664581045 1.3604699322768177 9.493558975757441 5.041146451147647 -4.432765798463815 -2.283276502974124 -5.793054478936986 3.260664550749457
29.75951903807615 12.92997561111088 4.048146797911603 7.523217575949452 5.555293764445466 0.5249567493863516 1.942632714233472 16.469882187675367 23.128826285570288 37.01742158959946 19.094408817644844 21.60742532412449 10.889492303981683 15.265944870709177 2.494633491489652 5.464666258214652 22.09782510631854 9.934469968812929 13.742515712425334 4.129402750024589 7.751706235445877 23.629931815745113 1.3692051022114704 9.502294145692094 5.049881621082299 -4.424030628529144 -2.2745413330394535 -5.784319309002333 3.2693997206841097
29.819639278557112 12.938697137548498 4.056868324349221 7.531939102387071 5.564015290883084 0.5336782758239522 1.9513542406710904 16.478603714112985 23.137547812007906 37.026143116037076 19.103130344082455 21.616146850562107 10.898213830419284 15.274666397146795 2.5033550179272703 5.47338778465227 22.106546632756157 9.943191495250547 13.751237238862952 4.138124276462207 7.760427761883495 23.63865334218273 1.3779266286490888 9.511015672129712 5.058603147519918 -4.415309102091526 -2.265819806601835 -5.775597782564715 3.278121247121728
29.879759519038075 12.947405056901395 4.065576243702118 7.54064702173995 5.572723210235981 0.5423861951768494 1.9600621600239876 16.487311633465882 23.146255731360796 37.03485103538997 19.111838263435352 21.624854769915004 10.90692174977218 15.283374316499692 2.5120629372801675 5.482095704005167 22.115254552109043 9.951899414603426 13.759945158215832 4.146832195815104 7.769135681236392 23.64736126153562 1.386634548001986 9.519723591482592 5.067311066872815 -4.406601182738647 -2.2571118872489557 -5.7668898632118175 3.286829166474625
29.939879759519037 12.95609940214483 4.074270588945552 7.549341366983402 5.581417555479415 0.5510805404203012 1.9687565052674216 16.496005978709317 23.154950076604237 37.04354538063341 19.120532608678797 21.63354911515845 10.915616095015633 15.292068661743127 2.5207572825236015 5.490790049248601 22.123948897352484 9.960593759846878 13.768639503459283 4.155526541058556 7.777830026479826 23.656055606779063 1.3953288932454377 9.528417936726044 5.076005412116249 -4.397906837495195 -2.248417542005504 -5.758195517968366 3.295523511718077
30.0 12.964780205967408 4.082951392768113 7.5580221708059625 5.590098359301976 0.5597613442428617 1.9774373090899822 16.504686782531877 23.163630880426798 37.05222618445597 19.129213412501354 21.642229918981005 10.924296898838193 15.300749465565687 2.529438086346162 5.499470853071162 22.132629701175055 9.969274563669439 13.777320307281844 4.164207344881117 7.786510830302387 23.664736410601623 1.4040096970679983 9.537098740548604 5.084686215938827 -4.389226033672634 -2.2397367381829434 -5.749514714145805 3.3042043155406375
