web/models/mosfit_kne/mosfit_kn_3.0000/mosfit_kn_0.041628_0.2807_3.0000.dat
# %ECSV 1.0
# ---
# datatype:
# - {name: time, datatype: float64}
# - {name: PS1_g, datatype: float64}
# - {name: PS1_i, datatype: float64}
# - {name: PS1_r, datatype: float64}
# - {name: PS1_w, datatype: float64}
# - {name: PS1_y, datatype: float64}
# - {name: PS1_z, datatype: float64}
# - {name: swift_uvot_B, datatype: float64}
# - {name: swift_uvot_U, datatype: float64}
# - {name: swift_uvot_uvm2, datatype: float64}
# - {name: swift_uvot_uvw1, datatype: float64}
# - {name: swift_uvot_uvw2, datatype: float64}
# - {name: swift_uvot_V, datatype: float64}
# - {name: johnson_B, datatype: float64}
# - {name: johnson_I, datatype: float64}
# - {name: johnson_R, datatype: float64}
# - {name: johnson_U, datatype: float64}
# - {name: johnson_V, datatype: float64}
# - {name: sdss_g, datatype: float64}
# - {name: sdss_i, datatype: float64}
# - {name: sdss_r, datatype: float64}
# - {name: sdss_u, datatype: float64}
# - {name: sdss_z, datatype: float64}
# - {name: ATLAS_c, datatype: float64}
# - {name: ATLAS_o, datatype: float64}
# - {name: ukirt_H, datatype: float64}
# - {name: ukirt_J, datatype: float64}
# - {name: ukirt_K, datatype: float64}
# - {name: Clear, datatype: float64}
# meta: !!omap
# - comment: [kappa = 3.0, type = rprocess, mass = 0.04162766037032262, velocity = 0.2806666666666667, theta_obs = 0.0, tfloor = 1000.0]
# schema: astropy-2.0
time PS1_g PS1_i PS1_r PS1_w PS1_y PS1_z swift_uvot_B swift_uvot_U swift_uvot_uvm2 swift_uvot_uvw1 swift_uvot_uvw2 swift_uvot_V johnson_B johnson_I johnson_R johnson_U johnson_V sdss_g sdss_i sdss_r sdss_u sdss_z ATLAS_c ATLAS_o ukirt_H ukirt_J ukirt_K Clear
[from data line 435]
26.2124248496994 8.64592036294237 -0.23590845025690754 3.2391623277809245 1.271238516276938 -3.7590984987821763 -2.341422533935038 12.185826939506857 18.84477103740176 32.733366341430944 14.810353569476327 17.323370075955978 6.605437055813154 10.981889622540649 -1.7894217566788582 1.180611010046124 17.813769858150017 5.6504147206444015 9.458460464256806 -0.15465249814392124 3.4676509872773664 19.345876567576585 -2.9148501459570397 5.218238897523566 0.7658263729137893 -8.708085876697671 -6.558596581207981 -10.068374557170843 -1.0146555274844005
26.27254509018036 8.651260898048019 -0.23056791515125852 3.2445028628865735 1.2765790513826047 -3.7537579636765273 -2.336081998829389 12.191167474612506 18.850111572507426 32.7387068765366 14.815694104581976 17.328710611061627 6.610777590918803 10.987230157646316 -1.7840812215732091 1.1859515451517908 17.819110393255666 5.655755255750051 9.463800999362473 -0.1493119630382722 3.4729915223830155 19.351217102682252 -2.9095096108513907 5.223579432629233 0.7711669080194383 -8.702745341592022 -6.553256046102332 -10.063034022065194 -1.0093149923787514
26.33266533066132 8.656591630132695 -0.2252371830666 3.24983359497125 1.2819097834672633 -3.748427231591851 -2.3307512667447305 12.196498206697164 18.855442304592085 32.74403760862126 14.821024836666652 17.334041343146303 6.61610832300348 10.992560889730974 -1.7787504894885506 1.1912822772364493 17.824441125340343 5.661085987834727 9.469131731447131 -0.14398123095359594 3.4783222544676917 19.35654783476691 -2.9041788787667144 5.228910164713891 0.7764976401041146 -8.697414609507346 -6.547925314017656 -10.057703289980518 -1.0039842602940752
26.392785571142284 8.66191264379566 -0.2199161694036178 3.2551546086342142 1.2872307971302277 -3.7431062179288865 -2.3254302530817483 12.201819220360147 18.86076331825505 32.74935862228423 14.826345850329616 17.339362356809268 6.621429336666444 10.997881903393957 -1.7734294758255684 1.1966032908994315 17.829762139003307 5.666407001497691 9.474452745110096 -0.1386602172906315 3.483643268130656 19.361868848429875 -2.89885786510375 5.234231178376856 0.781818653767079 -8.692093595844382 -6.542604300354691 -10.052382276317553 -0.9986632466311107
26.452905811623246 8.667224015987944 -0.21460479721133296 3.260465980826499 1.2925421693225303 -3.7377948457366017 -2.3201188808894635 12.207130592552431 18.866074690447352 32.754669994476515 14.831657222521901 17.344673729001553 6.626740708858729 11.003193275586241 -1.7681181036332836 1.2019146630917164 17.835073511195592 5.671718373689976 9.47976411730238 -0.13334884509834666 3.488954640322941 19.367180220622178 -2.893546492911465 5.239542550569141 0.7871300259593639 -8.686782223652097 -6.537292928162406 -10.047070904125269 -0.9933518744388259
26.51302605210421 8.67252581301667 -0.20930300018260795 3.265767777855224 1.2978439663512376 -3.7324930487078767 -2.3148170838607385 12.212432389581156 18.87137648747606 32.759971791505244 14.836959019550626 17.349975526030278 6.632042505887454 11.008495072614949 -1.7628163066045586 1.2072164601204236 17.840375308224317 5.677020170718701 9.485065914331106 -0.12804704806962164 3.494256437351666 19.372482017650885 -2.88824469588274 5.244844347597866 0.7924318229880889 -8.681480426623372 -6.531991131133681 -10.041769107096544 -0.9880500774101009
26.573146292585168 8.677818105321329 -0.2040107078779485 3.2710600701599013 1.3031362586559148 -3.7272007564032172 -2.309524791556079 12.217724681885816 18.876668779780736 32.76526408380991 14.842251311855286 17.355267818334937 6.637334798192113 11.013787364919626 -1.7575240142998991 1.2125087524251008 17.845667600528976 5.682312463023378 9.490358206635783 -0.1227547557649622 3.4995487296563255 19.377774309955562 -2.8829524035780807 5.250136639902543 0.7977241152927483 -8.676188134318695 -6.526698838829004 -10.036476814791884 -0.9827577851054414
26.63326653306613 8.683100973398972 -0.19872783980030562 3.276342938237544 1.3084191267335576 -3.7219178883255744 -2.304241923478436 12.223007549963459 18.88195164785838 32.77054695188755 14.847534179932929 17.36055068641258 6.642617666269756 11.019070232997269 -1.7522411462222562 1.2177916205027437 17.85095046860662 5.687595331101021 9.495641074713426 -0.11747188768731931 3.5048315977339684 19.383057178033205 -2.877669535500438 5.255419507980186 0.8030069833703912 -8.670905266241052 -6.521415970751379 -10.031193946714241 -0.9774749170277985
26.693386773547093 8.688374497374465 -0.19345431582481254 3.2816164622130195 1.313692650709033 -3.7166443643500813 -2.298968399502943 12.228281073938952 18.887225171833855 32.775820475863036 14.852807703908422 17.365824210388073 6.647891190245249 11.024343756972762 -1.7469676222467632 1.2230651444782368 17.856223992582112 5.6928688550764965 9.500914598688901 -0.11219836371182623 3.5101051217094614 19.38833070200868 -2.8723960115249447 5.260693031955661 0.8082805073458843 -8.665631742265576 -6.516142446775886 -10.025920422738748 -0.9722013930523055
26.753507014028056 8.693638753738675 -0.1881900594606023 3.2868807185772297 1.318956907073261 -3.711380107985871 -2.293704143138733 12.233545330303162 18.892489428198083 32.78108473222726 14.858071960272632 17.371088466752283 6.65315544660946 11.029608013336972 -1.741703365882553 1.228329400842447 17.861488248946323 5.6981331114407245 9.506178855053129 -0.10693410734761599 3.5153693780736717 19.39359495837291 -2.8671317551607345 5.265957288319889 0.8135447637100945 -8.660367485901366 -6.510878190411676 -10.020656166374538 -0.9669371366880952
26.81362725450902 8.698893819159412 -0.18293499403986502 3.292135783997967 1.3242119724939805 -3.7061250425651338 -2.2884490777179956 12.2388003957239 18.897744493618802 32.78633979764798 14.86332702569337 17.37634353217302 6.658410512030197 11.03486307875771 -1.7364483004618156 1.2335844662631665 17.86674331436706 5.703388176861444 9.511433920473849 -0.10167904192687871 3.520624443494409 19.398850023793628 -2.861876689739997 5.271212353740609 0.8187998291308318 -8.655112420480629 -6.505623124990938 -10.0154011009538 -0.9616820712673579
26.873747494989978 8.704139774589645 -0.17768903860964969 3.2973817394282 1.3294579279242136 -3.7008790871349007 -2.28320312228778 12.244046351154115 18.902990449049035 32.79158575307821 14.868572981123584 17.381589487603236 6.66365646746043 11.040109034187925 -1.7312023450316003 1.2388304216933996 17.871989269797293 5.708634132291677 9.516679875904082 -0.09643308649664561 3.5258703989246243 19.40409597922386 -2.856630734309764 5.276458309170842 0.8240457845610649 -8.649866465050396 -6.500377169560705 -10.010155145523568 -0.9564361158371248
26.93386773547094 8.709376690024584 -0.17245212317469338 3.3026186548631387 1.3346948433591521 -3.695642171699962 -2.277966206852824 12.249283266589071 18.908227364483974 32.79682266851315 14.87380989655854 17.386826403038192 6.6688933828953685 11.045345949622881 -1.725965429596644 1.244067337128356 17.87722618523223 5.713871047726616 9.52191679133902 -0.09119617106170708 3.5311073143595806 19.4093328946588 -2.8513938188748256 5.28169522460578 0.8292826999960035 -8.644629549615457 -6.495140254125767 -10.004918230088629 -0.9511992004021863
26.993987975951903 8.71460463053447 -0.16722418266480688 3.307846595373025 1.3399227838690564 -3.6904142311900756 -2.2727382663429374 12.254511207098957 18.91345530499386 32.80205060902304 14.879037837068427 17.39205434354808 6.674121323405255 11.050573890132767 -1.7207374890867575 1.2492952776382424 17.882454125742118 5.719098988236502 9.527144731848907 -0.08596823055182057 3.536335254869467 19.414560835168686 -2.846165878364939 5.286923165115667 0.83451064050589 -8.63940160910557 -6.48991231361588 -9.999690289578743 -0.9459712598922998
27.054108216432866 8.719823661007773 -0.16200515219150446 3.3130656258463453 1.3451418143423588 -3.685195200716773 -2.267519235869635 12.25973023757226 18.91867433546718 32.807269639496354 14.88425686754173 17.39727337402138 6.679340353878557 11.05579292060607 -1.715518458613455 1.2545143081115449 17.88767315621542 5.724318018709822 9.532363762322227 -0.08074920007851816 3.5415542853427695 19.419779865642006 -2.8409468478916367 5.292142195588987 0.8397296709791924 -8.63418257863225 -6.484693283142578 -9.99447125910544 -0.9407522294189974
27.11422845691383 8.725033859446931 -0.15679495375236385 3.318275824285486 1.3503520127814994 -3.679985002277615 -2.2623090374304944 12.2649404360114 18.92388453390632 32.81247983793549 14.88946706598087 17.402483572460522 6.684550552317716 11.06100311904521 -1.7103082601743145 1.2597245065506855 17.89288335465458 5.729528217148963 9.537573960761367 -0.07553900163935978 3.54676448378191 19.424990064081147 -2.8357366494524783 5.2973523940281275 0.844939869418333 -8.62897238019311 -6.4794830847034195 -9.989261060666282 -0.935542030979839
27.174348697394787 8.73023529976411 -0.15159351343516647 3.3234772646026833 1.3555534530986968 -3.6747835619604174 -2.257107597113297 12.270141876328598 18.92908597422352 32.81768127825269 14.894668506298068 17.40768501277772 6.689751992634913 11.066204559362408 -1.705106819857117 1.2649259468678828 17.898084794971776 5.73472965746616 9.542775401078565 -0.07033756132218016 3.5519659240991075 19.430191504398344 -2.830535209135281 5.302553834345325 0.8501413097355304 -8.623770939875913 -6.474281644386222 -9.984059620349084 -0.9303405906626416
27.23446893787575 8.735428056877375 -0.1464007563219205 3.3286700217159293 1.3607462102119428 -3.6695908048471715 -2.251914840000051 12.275334633441844 18.934278731336764 32.822874035365935 14.899861263411314 17.412877769890965 6.694944749748159 11.071397316475654 -1.6999140627438711 1.2701187039811288 17.903277552085022 5.739922414579406 9.54796815819181 -0.06514480420891644 3.5571586812123535 19.43538426151159 -2.825342452022035 5.307746591458571 0.8553340668487763 -8.618578182762667 -6.469088887272976 -9.978866863235838 -0.9251478335493957
27.294589178356713 8.740612202219875 -0.1412166109794022 3.3338541670584476 1.365930355554461 -3.664406659504653 -2.2467306946575327 12.280518778784362 18.939462876679283 32.82805818070845 14.905045408753832 17.418061915233483 6.700128895090677 11.076581461818172 -1.6947299174013528 1.2753028493236471 17.90846169742754 5.745106559921925 9.553152303534329 -0.059960658866415883 3.5623428265548718 19.44056840685411 -2.8201583066795166 5.312930736801089 0.8605182121912947 -8.613394037420148 -6.463904741930458 -9.973682717893338 -0.9199636882068774
27.354709418837675 8.74578781097389 -0.13604100222538662 3.3390297758124454 1.3711059643084589 -3.6592310507506554 -2.241555085903517 12.285694387538378 18.94463848543328 32.83323378946246 14.910221017507848 17.4232375239875 6.705304503844675 11.081757070572188 -1.6895543086473372 1.2804784580776627 17.91363730618154 5.7502821686759225 9.558327912288327 -0.05478505011240031 3.5675184353088873 19.445744015608106 -2.814982697925519 5.318106345555087 0.8656938209453102 -8.60821842866615 -6.45872913317646 -9.968507109139322 -0.9147880794528795
27.414829659318634 8.750954948415188 -0.13087386478408902 3.344196913253761 1.3762731017497742 -3.65406391330934 -2.2363879484622196 12.290861524979675 18.949805622874596 32.838400926903766 14.915388154949145 17.428404661428797 6.710471641285991 11.086924208013485 -1.6843871712060396 1.2856455955189603 17.918804443622854 5.755449306117238 9.563495049729642 -0.04961791267108495 3.572685572750185 19.45091115304942 -2.8098155604842034 5.323273482996402 0.8708609583866078 -8.603051291224835 -6.453561995735145 -9.963339971698007 -0.9096209420115642
27.474949899799597 8.756113675609534 -0.12571513758974362 3.3493556404480884 1.3814318289441196 -3.6489051861150124 -2.231229221267874 12.29602025217402 18.95496435006894 32.84355965409811 14.92054688214349 17.433563388623142 6.715630368480318 11.09208293520783 -1.6792284440116942 1.2908043227133057 17.92396317081718 5.7606080333115655 9.56865377692397 -0.04445918547675731 3.5778442999445303 19.456069880243767 -2.804656833289876 5.328432210190748 0.8760196855809532 -8.597892564030508 -6.448403268540817 -9.95818124450368 -0.9044622148172365
27.53507014028056 8.761264052563256 -0.12056476063602162 3.354506017401828 1.3865822058978416 -3.6437548091612904 -2.226078844314152 12.301170629127743 18.960114727022663 32.84871003105184 14.925697259097213 17.438713765576864 6.72078074543404 11.097233312161553 -1.6740780670579722 1.2959546996670277 17.929113547770903 5.765758410265305 9.57380415387771 -0.03930880852303531 3.5829946768982524 19.46122025719749 -2.799506456336154 5.33358258714447 0.8811700625346752 -8.592742187076768 -6.443252891587095 -9.953030867549957 -0.8993118378635145
27.595190380761522 8.76640615474928 -0.11542265845001509 3.3596481195878347 1.3917243080838482 -3.638612706975266 -2.2209367421281456 12.30631273131375 18.96525682920867 32.853852133237844 14.930839361283219 17.44385586776287 6.7259228476200645 11.10237541434756 -1.6689359648719657 1.3010968018530342 17.934255649956928 5.770900512451312 9.578946256063716 -0.03416670633701102 3.588136779084259 19.466362359383496 -2.7943643541501295 5.338724689330476 0.8863121647206995 -8.587600084890761 -6.438110789401071 -9.947888765363933 -0.8941697356774903
27.655310621242485 8.771540052711426 -0.11028876048785108 3.3647820175499987 1.3968582060460122 -3.633478809013102 -2.2158028441659816 12.311446629275913 18.970390727170834 32.858986031200004 14.935973259245383 17.448989765725035 6.7310567455822286 11.107509312309723 -1.6638020669098017 1.3062306998151982 17.93938954791909 5.776034410413476 9.58408015402588 -0.02903280837486477 3.593270677046423 19.47149625734566 -2.7892304561879833 5.34385858729264 0.8914460626828458 -8.582466186928597 -6.432976891438907 -9.942754867401787 -0.8890358377153262
27.715430861723444 8.776665812790228 -0.1051630004090498 3.3699077776288 1.4019839661248135 -3.6283530489343008 -2.2106770840871803 12.316572389354715 18.975516487249635 32.86411179127881 14.941099019324184 17.454115525803836 6.73618250566103 11.112635072388525 -1.6586763068310004 1.3113564598939995 17.944515307997893 5.781160170492277 9.589205914104681 -0.023907048296063493 3.598396437125224 19.47662201742446 -2.784104696109182 5.348984347371442 0.896571822761647 -8.577340426849796 -6.427851131360105 -9.937629107322985 -0.8839100776365427
27.775551102204407 8.781783505588638 -0.1000453076106389 3.375025470427193 1.4071016589232066 -3.6232353561359076 -2.2055593912887694 12.321690082153125 18.98063418004803 32.86922948407721 14.946216712122595 17.459233218602247 6.741300198459423 11.117752765186935 -1.6535586140325895 1.3164741526924104 17.949633000796286 5.78627786329067 9.594323606903075 -0.018789355497652593 3.603514129923635 19.481739710222854 -2.778987003310771 5.354102040169835 0.9016895155600579 -8.572222734051403 -6.422733438561712 -9.932511414524575 -0.8787923848381318
27.83567134268537 8.786893201207064 -0.0949356119922129 3.380135166045619 1.4122113545416326 -3.6181256605174816 -2.2004496956703434 12.326799777771551 18.985743875666454 32.87433917969563 14.951326407741021 17.464342914220673 6.746409894077849 11.122862460805361 -1.6484489184141635 1.3215838483108364 17.954742696414712 5.791387558909096 9.5994333025215 -0.013679659879226591 3.608623825542061 19.48684940584128 -2.773877307692345 5.359211735788261 0.9067992111784839 -8.567113038432977 -6.417623742943286 -9.927401718906149 -0.8736826892197058
