web/models/mosfit_kne/mosfit_kn_3.0000/mosfit_kn_0.500000_0.2023_3.0000.dat
# %ECSV 1.0
# ---
# datatype:
# - {name: time, datatype: float64}
# - {name: PS1_g, datatype: float64}
# - {name: PS1_i, datatype: float64}
# - {name: PS1_r, datatype: float64}
# - {name: PS1_w, datatype: float64}
# - {name: PS1_y, datatype: float64}
# - {name: PS1_z, datatype: float64}
# - {name: swift_uvot_B, datatype: float64}
# - {name: swift_uvot_U, datatype: float64}
# - {name: swift_uvot_uvm2, datatype: float64}
# - {name: swift_uvot_uvw1, datatype: float64}
# - {name: swift_uvot_uvw2, datatype: float64}
# - {name: swift_uvot_V, datatype: float64}
# - {name: johnson_B, datatype: float64}
# - {name: johnson_I, datatype: float64}
# - {name: johnson_R, datatype: float64}
# - {name: johnson_U, datatype: float64}
# - {name: johnson_V, datatype: float64}
# - {name: sdss_g, datatype: float64}
# - {name: sdss_i, datatype: float64}
# - {name: sdss_r, datatype: float64}
# - {name: sdss_u, datatype: float64}
# - {name: sdss_z, datatype: float64}
# - {name: ATLAS_c, datatype: float64}
# - {name: ATLAS_o, datatype: float64}
# - {name: ukirt_H, datatype: float64}
# - {name: ukirt_J, datatype: float64}
# - {name: ukirt_K, datatype: float64}
# - {name: Clear, datatype: float64}
# meta: !!omap
# - comment: [kappa = 3.0, type = rprocess, mass = 0.5000000000045836, velocity = 0.20233333333333337, theta_obs = 0.0, tfloor = 1000.0]
# schema: astropy-2.0
time PS1_g PS1_i PS1_r PS1_w PS1_y PS1_z swift_uvot_B swift_uvot_U swift_uvot_uvm2 swift_uvot_uvw1 swift_uvot_uvw2 swift_uvot_V johnson_B johnson_I johnson_R johnson_U johnson_V sdss_g sdss_i sdss_r sdss_u sdss_z ATLAS_c ATLAS_o ukirt_H ukirt_J ukirt_K Clear
0.06012024048096192 -11.3218230709065 -10.97013519260738 -11.161282944976385 -11.194464727233413 -10.641604172935448 -10.786310155685186 -11.237352633723383 -12.342829863281182 -12.446066254853715 -12.444570649521172 -12.1856358592056 -11.261572875822587 -11.249231210453242 -11.32929823045049 -11.331378227702988 -12.104633158313202 -11.270482755184242 -11.335985908588597 -10.984534274424274 -11.163751867110783 -11.343963855542789 -10.753759930363138 -11.277711168519442 -11.10110491653888 -9.77586241186957 -10.272668057734203 -9.290228296396384 -11.127035882587855
0.12024048096192384 -12.128413009887549 -11.968812652858603 -12.088360394626196 -12.085778498796884 -11.707322911146854 -11.826529400013364 -11.984814143704032 -12.92518183387168 -12.572912924865228 -12.731701494769982 -12.198487840283313 -12.133805937399071 -12.000431523276077 -12.346873161837852 -12.275120763583704 -12.719461695849123 -12.145929352365188 -12.125720438119902 -11.981414444554659 -12.090788943148052 -11.950791929154398 -11.80022417986926 -12.125695233435518 -12.055991900533023 -10.93068336727084 -11.386654288779726 -10.472654967205715 -12.032451728193028
0.18036072144288576 -12.543243909950732 -12.521141102046851 -12.589154759813663 -12.564548092047989 -12.308008635238199 -12.40881122449263 -12.356802829044462 -13.180206000814731 -12.513706707262621 -12.791819642731337 -12.076022194957691 -12.594784305474757 -12.375452490275606 -12.912887328262396 -12.788197585017855 -12.997126247170556 -12.609486472280745 -12.528478657101605 -12.532442268621686 -12.591440722441014 -12.222497612201035 -12.387072085161055 -12.571188860199847 -12.577334674115157 -11.595375276470941 -12.02212334901933 -11.156983734312556 -12.522875283812596
0.24048096192384769 -12.808971092887411 -12.896900443498271 -12.923474938445452 -12.883400182679132 -12.722771923567855 -12.808716081706066 -12.58797454157665 -13.318585085277164 -12.407066734454041 -12.78313706963731 -11.929988205881074 -12.896906680117734 -12.609271515101014 -13.29971349336762 -13.13257397916119 -13.153252269516369 -12.913845872183865 -12.784548983336279 -12.907150821428548 -12.925575725756815 -12.373725095126371 -12.790699640651066 -12.862073465725281 -12.928505660590108 -12.06170675823987 -12.464963256072428 -11.639043388673931 -12.851987202890633
0.3006012024048096 -12.997707723808762 -13.17847424580913 -13.169939754556879 -13.118300969225984 -13.037496654205967 -13.110798916958224 -12.747380044279268 -13.400247042518245 -12.28601739932444 -12.746450238625684 -11.783626203809451 -13.115974610405125 -12.771066992777062 -13.590711054366757 -13.387687449787002 -13.249639586913801 -13.134924041225558 -12.965142879634666 -13.187830668037552 -13.171833854418669 -12.465891999573344 -13.095975511451776 -13.07246613650074 -13.189478205709815 -12.42026566370514 -12.803583875454512 -12.01091806316448 -13.096185194135401
0.3607214428857715 -13.140642250082806 -13.402108758457079 -13.36294485617648 -13.302352730147184 -13.290141654289336 -13.352369429979678 -12.864691396779097 -13.450365828584552 -12.162645898504788 -12.69774282780828 -11.644273212974724 -13.284993917485874 -12.890574541560337 -13.822604560819968 -13.588336280692516 -13.312382073997082 -13.305783780168008 -13.101003371256148 -13.410682426410592 -13.364621044196667 -12.524901517931166 -13.340362685890668 -13.234546764126538 -13.395314685368653 -12.711297324038496 -13.07717406425416 -12.313576681842411 -13.288790787817906
0.42084168336673344 -13.253827610713795 -13.586821938801421 -13.520423765514575 -13.452743981443565 -13.500725136983878 -13.553067182250942 -12.955068661045505 -13.481469879220676 -12.041922156857407 -12.644292704469162 -11.514168035398619 -13.421081155775873 -12.982992346575347 -14.014691794056972 -13.752690364732924 -13.354544046710785 -13.443575678283251 -13.20792187260924 -13.594697336329187 -13.52187662092799 -12.56370487042421 -13.543590233178655 -13.364953140931775 -13.564340497986525 -12.956147947756856 -13.30646764306726 -12.568783660139838 -13.447127247909805
0.48096192384769537 -13.346537954117306 -13.743799092463505 -13.65286265959508 -13.579489013822634 -13.681075668430953 -13.724477484032374 -13.027208622256776 -13.500565084802236 -11.926048008870648 -12.589795701907036 -11.3937783026592 -13.534194561463792 -13.05704225369253 -14.178338257704628 -13.89138847169112 -13.383474311109921 -13.558280291453586 -13.295003849800437 -13.751043486021945 -13.654090361755973 -12.589577321967234 -13.717301008922504 -13.473338438345284 -13.7072951254269 -13.167496056885389 -13.50375185882301 -12.78948404257246 -13.581299565238254
0.5410821643286573 -13.424670868908777 -13.880221708478242 -13.76697362170459 -13.688983110358226 -13.838805365312776 -13.87404980699289 -13.086620664802695 -13.512027280654113 -11.816200877144944 -12.536427127071637 -11.28310114810111 -13.630691508323356 -13.11825020718301 -14.320846149040626 -14.01124475844987 -13.403778181368502 -13.656269785315265 -13.368033537599864 -13.886890820274367 -13.767976859685724 -12.60707474572186 -13.868982882881387 -13.565854570698459 -13.831060265015829 -13.353520250114828 -13.676944834019887 -12.984033552726844 -13.6977641897351
0.6012024048096192 -13.491713835335748 -14.000646217130122 -13.866919448665005 -13.785153872052529 -13.978833448951455 -14.006566157444507 -13.136465766511957 -13.518085834252798 -11.712035045588113 -12.48469870293805 -11.180948991822074 -13.71443506277129 -13.169793800508533 -14.446873960016006 -14.11650993802158 -13.417870855226745 -13.741421783901389 -13.430404169602337 -14.006786020606334 -13.867700080260033 -12.618569554447774 -14.00345073250115 -13.646208758142802 -13.939945244404761 -13.519616159680632 -13.83122385188173 -13.157975527466535 -13.800511999650062
0.6613226452905812 -13.550472541169718 -14.108546345353687 -13.955929466915453 -13.871068444134131 -14.104857019134656 -14.125639421537937 -13.179347276285196 -13.520758109136182 -11.613935158734797 -12.435507295146131 -11.087085661668471 -13.788469606884838 -13.214284939189302 -14.559958110585278 -14.210466283409168 -13.427887768484876 -13.816788351024092 -13.484862485018922 -14.114196809249044 -13.956490665231076 -12.626171360054848 -14.124337284272173 -13.717339314648545 -14.037267595005822 -13.669772532471532 -13.970443867144303 -13.31538937335299 -13.892643222210133
0.721442885771543 -13.602867391520164 -14.206391912087266 -14.036271690873381 -13.948869169123697 -14.219530731423653 -14.233854533553707 -13.217018382755683 -13.521319155355691 -11.521859002407634 -12.389236231661727 -11.000991801246926 -13.854909885016397 -13.253484545510744 -14.66262039335038 -14.295426076872506 -13.435199550315453 -13.884491112949886 -13.533280463102493 -14.211588029136752 -14.03661747726435 -12.631229149883456 -14.234244011300596 -13.781277773212235 -14.125369232927518 -13.806884932537054 -14.097390140845752 -13.459245164890843 -13.976330746649452
0.781563126252505 -13.6502841877026 -14.296014697884605 -14.10961365975039 -14.020125537406667 -14.324836959695055 -14.33313705404796 -13.250728770188395 -13.520632732416242 -11.435615276619394 -12.346040367899942 -10.922103634819717 -13.91529843334305 -13.2886489037551 -14.756734982398491 -14.37309312542909 -13.440746701746875 -13.946078460016869 -13.577004633068004 -14.300787402296038 -14.109748632285335 -12.634665665616804 -14.335110000099096 -13.839501143505917 -14.205978342927121 -13.933131669265267 -14.214151393771031 -13.59178159457853 -14.053170580056609
0.8416833667334669 -13.693790579247374 -14.378835571674848 -14.177246074845549 -14.086051182805708 -14.422315815431972 -14.42498213503928 -13.281438283424595 -13.519353960276792 -11.35502893897716 -12.306015678407078 -10.849947909210073 -13.970826885620024 -13.320743049503378 -14.843756323418795 -14.44478680950293 -13.44524484229532 -14.002746648432625 -13.617071562629146 -14.383212581266136 -14.177175292316093 -12.63718246389896 -14.42844109323838 -13.893149338474995 -14.280433646833668 -14.050207595725313 -14.322351784488506 -13.71474110037729 -14.124397627226184
0.9018036072144289 -13.734206127335007 -14.45596552308702 -14.240172336354426 -14.147587533688721 -14.513176897954434 -14.510562197710932 -13.309877415945259 -13.517962974764313 -11.279901434612366 -12.269186166146326 -10.784084167713551 -14.022416678574665 -13.350501859768173 -14.92482319055097 -14.51153429797013 -13.449223647249237 -14.055421019442365 -13.654275191044452 -14.459971893708126 -14.239901198353717 -12.639297553362319 -14.515418565245 -13.94310190575073 -14.349778401543904 -14.159450065369404 -14.423270359437266 -13.829500217806048 -14.19097156910885
0.9619238476953907 -13.772178620507827 -14.528293452706542 -14.299192216119057 -14.205483957587024 -14.598390802031478 -14.590817043129327 -13.33662022365224 -13.516827416340487 -11.210042850835901 -12.235544413298332 -10.724123020771689 -14.07079965987884 -13.378503045799025 -15.000847511244714 -14.574155058673306 -13.453091507761414 -14.104836684069928 -13.689242126255419 -14.531952033320685 -14.29872638860882 -12.641409649081048 -14.596989551283066 -13.990056423490973 -14.41484545310475 -14.261935320522523 -14.517935183520068 -13.937167519109417 -14.253657255079535
1.0220440881763526 -13.808260260534109 -14.596562639594577 -14.35497846380871 -14.26037197105714 -14.678765236678046 -14.666530132602311 -13.362160684178061 -13.516277753878647 -11.145341342806855 -12.205118345762518 -10.669782358858203 -14.11659497735383 -13.40524325974885 -15.07259071012352 -14.633337212198533 -13.457211263997053 -14.15161521472635 -13.722507795595433 -14.599894537363518 -14.354323887989224 -12.643874029474755 -14.673943243680831 -14.034604056933926 -14.476333402405519 -14.358554043126313 -14.607199114828349 -14.038659053692582 -14.313097929579417
1.0821643286573146 -13.842894187465102 -14.661380353966855 -14.408077656978353 -14.312763597226006 -14.754962962075755 -14.738343341715083 -13.386891868588446 -13.516567147408995 -11.085673036038934 -12.177903282724163 -10.620794146655616 -14.160303050315292 -13.431117919290884 -15.140675692546186 -14.689640594747459 -13.46186369429913 -14.196259159616476 -13.75450094353397 -14.66440517503365 -14.407240489530313 -12.646964946388657 -14.74692646060646 -14.077221605931314 -14.534811160041325 -14.450040366468835 -14.691763778691199 -14.134730724515252 -14.369816064341325
1.1422845691382766 -13.876363129417477 -14.723197532456194 -14.458877940727799 -14.363017351135188 -14.82749296542993 -14.806743716107906 -13.411044520906572 -13.517784533393051 -11.03075113690766 -12.15374337329921 -10.576759104132684 -14.202263812982611 -13.456360854735582 -15.205569812109722 -14.743467675090429 -13.467165247937658 -14.239111162689182 -13.78548956132045 -14.725933312699162 -14.457864341856741 -12.650791809805835 -14.816431565019386 -14.118228065786678 -14.59069100879006 -14.53697846995748 -14.772179166247861 -14.225989535623176 -14.424183350670337
1.2024048096192383 -13.909001745962062 -14.782459614631982 -14.507783854399374 -14.411513437739707 -14.89683789523971 -14.872199936040946 -13.434919701553032 -13.520136746659865 -10.98052806806708 -12.132666137678996 -10.537520860883468 -14.242850844571102 -13.48127450044624 -15.267728978066899 -14.795231720591506 -13.473341431846812 -14.280546091607318 -13.815798607567444 -14.784923382029511 -14.506600187112966 -12.655575819742726 -14.882930500393012 -14.157980380867237 -14.644392244487321 -14.61989850780968 -14.848953814519932 -14.312980094118258 -14.47658662348875
1.2625250501002003 -13.941034811621034 -14.83950702762364 -14.555092698885659 -14.458527993605035 -14.963377903160602 -14.935077167134008 -13.458706603082959 -13.523715668004925 -10.934837465284119 -12.11459068280135 -10.502826319680562 -14.282328454885437 -13.506049998320314 -15.327504839837378 -14.845239699769845 -13.480503063553996 -14.3208299979916 -13.845642737858412 -14.841714734468692 -14.553745375053584 -12.661423034022192 -14.94679202957336 -14.196727911583746 -14.69622850814062 -14.699231797675797 -14.92249579474956 -14.396149216025156 -14.527310748590576
1.3226452905811623 -13.972672648499334 -14.894644320767743 -14.601073950498122 -14.504312443009173 -15.02744972708081 -14.995700025444467 -13.482586687982351 -13.528623464660257 -10.893570371184683 -12.099474634999652 -10.472488513946793 -14.32093938569783 -13.530870260805678 -15.385211029455814 -14.893768819759085 -13.488767804662142 -14.360206942431349 -13.875224036010021 -14.896611047144699 -14.599569461097346 -12.668447302694688 -15.00834365152583 -14.23470070628813 -14.746482369197178 -14.775356350736995 -14.99316437162374 -14.47588740405523 -14.576613921306496
1.3827655310621243 -14.004079897745676 -14.948124122486277 -14.645947357944848 -14.549070911732347 -15.089336307900219 -15.05434001726428 -13.506697511651772 -13.534924001723834 -10.856595782804831 -12.08725073053266 -10.446310825548174 -14.358878232252234 -13.555874335607875 -15.441108740631375 -14.941046198701368 -13.498213817622197 -14.39887286002781 -13.90469945502307 -14.949864127095083 -14.644292222692297 -12.676723157003291 -15.067859617013628 -14.272082195866691 -14.795386063067912 -14.848594079975733 -15.061263769969917 -14.5525283413723 -14.624707116820304
1.442885771543086 -14.035397655963031 -15.000165438146933 -14.689902772391576 -14.592979740192558 -15.1492835567214 -15.111232901801266 -13.531156164753899 -13.542669279507002 -10.823793960793328 -12.077855407515408 -10.424116490851624 -14.39631253103989 -13.581180655265207 -15.495424583405423 -14.987268237100164 -13.508905704253788 -14.436996492354035 -13.9342032880446 -15.001692250438108 -14.68810352777945 -12.686311970889754 -15.125578124876142 -14.309030191020877 -14.843140549778262 -14.919225479762193 -15.127058795586716 -14.626362952302932 -14.671772879400446
1.503006012024048 -14.066754913029342 -15.05096411769232 -14.733111028317332 -14.636198027018903 -15.207510382263507 -15.166588893567035 -13.556071071624018 -13.551911924279167 -10.795070209771417 -12.071240968885686 -10.405759799937421 -14.433393999106833 -13.606898755656477 -15.54836092203993 -15.03261134908109 -13.52090690425322 -14.474730563347824 -13.963858690192286 -15.052290641867057 -14.731174235220692 -12.69727443179601 -15.181711470819383 -14.345687952174977 -14.88992614322692 -14.987499030514023 -15.190784518856297 -14.69764862580094 -14.717975573364033
1.56312625250501 -14.098282133827365 -15.100704166556955 -14.775736172451417 -14.678879542988437 -15.264219068889435 -15.2206034057569 -13.581556362202509 -13.5627213147011 -10.770374904230863 -12.06739248350896 -10.391142903034702 -14.470271528348839 -13.633143515510667 -15.600106914547613 -15.077243900338086 -13.534295540103766 -14.5122246677092 -13.993791458500464 -15.101842810695878 -14.773668451957924 -12.709686526573307 -15.236456685749147 -14.382197053717931 -14.935914252589058 -15.053640285433612 -15.252655943746234 -14.766617919267675 -14.763472814686533
1.6232464929859718 -14.130046098233446 -15.149516623013106 -14.81788497192996 -14.721122108060065 -15.3195633083919 -15.273421545778039 -13.607658761619536 -13.575091048029186 -10.749563733610707 -12.066215239021982 -10.380088097300021 -14.507033139964502 -13.659963024204703 -15.650800023354183 -15.121278339510901 -13.5490753148284 -14.549568020384436 -14.024062766978105 -15.150479181388032 -14.815692876110642 -12.723549162825663 -15.289960986633151 -14.418638736089413 -14.981221284392507 -15.117832276524222 -15.312842810638827 -14.833462677893506 -14.808368476576756
