web/models/mosfit_kne/mosfit_kn_3.0000/mosfit_kn_0.003466_0.2493_3.0000.dat
# %ECSV 1.0
# ---
# datatype:
# - {name: time, datatype: float64}
# - {name: PS1_g, datatype: float64}
# - {name: PS1_i, datatype: float64}
# - {name: PS1_r, datatype: float64}
# - {name: PS1_w, datatype: float64}
# - {name: PS1_y, datatype: float64}
# - {name: PS1_z, datatype: float64}
# - {name: swift_uvot_B, datatype: float64}
# - {name: swift_uvot_U, datatype: float64}
# - {name: swift_uvot_uvm2, datatype: float64}
# - {name: swift_uvot_uvw1, datatype: float64}
# - {name: swift_uvot_uvw2, datatype: float64}
# - {name: swift_uvot_V, datatype: float64}
# - {name: johnson_B, datatype: float64}
# - {name: johnson_I, datatype: float64}
# - {name: johnson_R, datatype: float64}
# - {name: johnson_U, datatype: float64}
# - {name: johnson_V, datatype: float64}
# - {name: sdss_g, datatype: float64}
# - {name: sdss_i, datatype: float64}
# - {name: sdss_r, datatype: float64}
# - {name: sdss_u, datatype: float64}
# - {name: sdss_z, datatype: float64}
# - {name: ATLAS_c, datatype: float64}
# - {name: ATLAS_o, datatype: float64}
# - {name: ukirt_H, datatype: float64}
# - {name: ukirt_J, datatype: float64}
# - {name: ukirt_K, datatype: float64}
# - {name: Clear, datatype: float64}
# meta: !!omap
# - comment: [kappa = 3.0, type = rprocess, mass = 0.003465724215782086, velocity = 0.24933333333333338, theta_obs = 0.0, tfloor = 1000.0]
# schema: astropy-2.0
time PS1_g PS1_i PS1_r PS1_w PS1_y PS1_z swift_uvot_B swift_uvot_U swift_uvot_uvm2 swift_uvot_uvw1 swift_uvot_uvw2 swift_uvot_V johnson_B johnson_I johnson_R johnson_U johnson_V sdss_g sdss_i sdss_r sdss_u sdss_z ATLAS_c ATLAS_o ukirt_H ukirt_J ukirt_K Clear
[from data line 472]
28.43687374749499 14.136809369870154 5.254980556670876 8.730051334708708 6.762127523204722 1.7317905081456075 3.1494664729927457 17.67671594643464 24.33566004432955 38.224255348358724 20.30124257640411 22.814259082883762 12.096326062740939 16.47277862946845 3.7014672502489256 6.671500016973925 23.3046588650778 11.141303727572184 14.94934947118459 5.336236508783863 8.95853999420515 24.836765574504376 2.576038860970744 10.70912790445135 6.256715379841573 -3.2171968697698885 -1.0677075742801976 -4.577485550243059 4.476233479443383
28.49699398797595 14.145818983715817 5.2639901705165215 8.739060948554371 6.771137137050385 1.7408001219912705 3.158476086838391 17.685725560280286 24.344669658175206 38.23326496220438 20.310252190249766 22.823268696729418 12.105335676586602 16.481788243314096 3.710476864094571 6.680509630819571 23.313668478923454 11.150313341417847 14.958359085030253 5.345246122629526 8.967549608050795 24.845775188350032 2.585048474816407 10.718137518297013 6.265724993687236 -3.2081872559242255 -1.0586979604345346 -4.568475936397396 4.485243093289046
28.557114228456914 14.154813876736618 5.272985063537341 8.74805584157519 6.780132030071204 1.7497950150120722 3.1674709798592104 17.694720453301105 24.353664551196026 38.2422598552252 20.319247083270575 22.832263589750227 12.114330569607404 16.490783136334915 3.7194717571153904 6.68950452384039 23.322663371944273 11.159308234438667 14.967353978051072 5.354241015650327 8.976544501071615 24.85477008137085 2.594043367837209 10.727132411317832 6.274719886708038 -3.199192362903406 -1.049703067413715 -4.559481043376595 4.494237986309848
28.617234468937873 14.16379408542273 5.281965272223452 8.757036050261284 6.789112238757298 1.7587752236981835 3.1764511885453217 17.703700661987217 24.36264475988213 38.251240063911304 20.328227291956686 22.841243798436327 12.123310778293515 16.499763345021027 3.7284519658015016 6.698484732526484 23.331643580630377 11.16828844312476 14.976334186737166 5.3632212243364386 8.985524709757726 24.863750290056956 2.60302357652332 10.736112620003926 6.283700095394149 -3.1902121542173125 -1.0407228587276216 -4.550500834690483 4.503218194995959
28.677354709418836 14.172759648566675 5.290930835367398 8.766001613405248 6.798077801901261 1.767740786842129 3.1854167516892673 17.712666225131162 24.371610323026076 38.26020562705526 20.337192855100632 22.850209361580283 12.13227634143746 16.508728908164972 3.737417528945447 6.707450295670447 23.34060914377433 11.177254006268724 14.98529974988113 5.372186787480384 8.994490272901672 24.8727158532009 2.6119891396672656 10.74507818314789 6.292665658538095 -3.181246591073349 -1.031757295583676 -4.541535271546538 4.512183758139905
28.7374749498998 14.181710609164089 5.2998817959648115 8.774952574002661 6.807028762498675 1.7766917474395605 3.194367712286681 17.721617185728576 24.380561283623496 38.26915658765267 20.346143815698053 22.859160322177697 12.141227302034892 16.517679868762386 3.746368489542861 6.7164012562678606 23.349560104371747 11.186204966866137 14.994250710478543 5.381137748077798 9.003441233499085 24.881666813798322 2.6209401002646793 10.754029143745303 6.301616619135508 -3.1722956304759355 -1.0228063349862446 -4.532584310949124 4.5211347187373185
28.79759519038076 14.190647008271409 5.308818195072114 8.783888973109963 6.815965161605977 1.7856281465468626 3.203304111393983 17.730553584835896 24.3894976827308 38.27809298675998 20.35508021480536 22.86809672128501 12.150163701142194 16.526616267869688 3.7553048886501808 6.725337655375163 23.358496503479056 11.19514136597344 15.003187109585845 5.390074147185118 9.012377632606405 24.890603212905624 2.629876499371999 10.762965542852605 6.310553018242828 -3.1633592313686334 -1.0138699358789425 -4.523647911841804 4.5300711178446385
28.857715430861724 14.199568882122193 5.317740068922916 8.792810846960748 6.824887035456779 1.7945500203976472 3.2122259852447854 17.73947545868668 24.398419556581594 38.287014860610775 20.36400208865615 22.8770185951358 12.159085574992979 16.53553814172049 3.7642267625009653 6.734259529225965 23.367418377329848 11.204063239824242 15.012108983436647 5.398996021035902 9.02129950645719 24.89952508675642 2.6387983732227838 10.771887416703407 6.319474892093613 -3.154437357517849 -1.004948062028158 -4.51472603799102 4.538992991695423
28.917835671342683 14.208476265573307 5.3266474523740115 8.801718230411861 6.833794418907875 1.8034574038487605 3.221133368695881 17.748382842137776 24.407326940032696 38.29592224406188 20.372909472107256 22.885925978586908 12.167992958444092 16.544445525171586 3.773134145952061 6.743166912677061 23.376325760780954 11.212970623275337 15.021016366887743 5.407903404487016 9.030206889908303 24.908432470207522 2.647705756673897 10.780794800154503 6.328382275544726 -3.1455299740667355 -0.9960406785770447 -4.505818654539906 4.547900375146536
28.977955911823646 14.217369199515115 5.335540386315838 8.81061116435367 6.842687352849701 1.8123503377905692 3.2300263026377074 17.757275776079602 24.416219873974512 38.30481517800369 20.381802406049072 22.894818912528724 12.1768858923859 16.553338459113412 3.7820270798938873 6.752059846618887 23.385218694722774 11.221863557217164 15.02990930082957 5.416796338428824 9.039099823850112 24.917325404149338 2.6565986906157057 10.78968773409633 6.337275209486535 -3.136637040124927 -0.987147744635236 -4.496925720598098 4.556793309088345
29.03807615230461 14.226247720417273 5.344418907217996 8.819489685255828 6.851565873751859 1.8212288586927272 3.2389048235398654 17.76615429698176 24.42509839487667 38.313693698905844 20.39068092695123 22.90369743343088 12.185764413288059 16.56221698001557 3.7909056007960453 6.760938367521045 23.39409721562492 11.230742078119304 15.03878782173171 5.425674859330982 9.04797834475227 24.926203925051496 2.6654772115178638 10.79856625499847 6.346153730388693 -3.127758519222769 -0.978269223733078 -4.48804719969594 4.565671829990503
29.09819639278557 14.235111871677848 5.353283058478571 8.82835383651642 6.860430025012434 1.8300930099533197 3.24776897480044 17.775018448242335 24.433962546137256 38.322557850166426 20.399545078211805 22.912561584691456 12.194628564548651 16.571081131276145 3.79976975205662 6.76980251878162 23.402961366885506 11.239606229379897 15.047651972992302 5.434539010591557 9.056842496012845 24.93506807631208 2.6743413627784385 10.807430406259062 6.3550178816492675 -3.1188943679621763 -0.9694050724724855 -4.479183048435365 4.574535981251078
29.158316633266534 14.243961695841367 5.36213288264209 8.83720366067994 6.869279849175953 1.838942834116839 3.2566187989639594 17.783868272405854 24.442812370300775 38.331407674329945 20.408394902375324 22.921411408854976 12.203478388712153 16.579930955439664 3.8086195762201394 6.778652342945139 23.411811191049026 11.248456053543416 15.056501797155821 5.443388834755076 9.065692320176364 24.9439179004756 2.683191186941958 10.816280230422581 6.363867705812787 -3.110044543798657 -0.9605552483089662 -4.470333224271846 4.583385805414597
29.218436873747493 14.252797221405107 5.370968408205812 8.846039186243662 6.878115374739675 1.8477783596805608 3.2654543245276813 17.792703797969576 24.451647895864497 38.34024319989367 20.417230427939057 22.930246934418708 12.212313914275892 16.588766481003386 3.817455101783861 6.787487868508861 23.420646716612755 11.257291579107138 15.065337322719543 5.452224360318816 9.074527845740086 24.952753426039322 2.6920267125056974 10.825115755986303 6.372703231376526 -3.101209018234935 -0.9517197227452444 -4.461497698708106 4.592221330978337
29.278557114228455 14.261618488866716 5.379789675667439 8.854860453705289 6.886936642201302 1.8565996271421703 3.2742755919893085 17.801525065431203 24.460469163326117 38.3490644673553 20.426051695400673 22.939068201880325 12.221135181737502 16.597587748465013 3.8262763692454884 6.796309135970488 23.42946798407437 11.266112846568765 15.07415859018117 5.461045627780425 9.083349113201713 24.961574693500943 2.700847979967307 10.83393702344793 6.381524498838136 -3.092387750773308 -0.9428984552836172 -4.452676431246497 4.601042598439946
29.338677354709418 14.270425544774454 5.388596731575159 8.863667509613009 6.8957436981090225 1.8654066830499083 3.2830826478970287 17.810332121338924 24.469276219233844 38.357871523263015 20.4348587513084 22.947875257788052 12.22994223764524 16.606394804372734 3.8350834251532087 6.805116191878208 23.438275039982102 11.274919902476485 15.08296564608889 5.469852683688163 9.092156169109433 24.97038174940867 2.709655035875045 10.84274407935565 6.390331554745874 -3.0835806948655877 -0.9340913993758969 -4.443869375338759 4.609849654347684
29.39879759519038 14.2792184176764 5.397389604477105 8.872460382514955 6.9045365710109685 1.8741995559518543 3.2918755207989747 17.81912499424087 24.47806909213579 38.366664396164964 20.44365162421035 22.95666813069 12.238735110547186 16.61518767727468 3.8438762980551546 6.813909064780154 23.447067912884048 11.283712775378431 15.091758518990837 5.478645556590109 9.10094904201138 24.979174622310616 2.718447908776991 10.851536952257597 6.39912442764782 -3.0747878219636418 -0.9252985264739509 -4.435076502436813 4.61864252724963
29.458917835671343 14.287997147712463 5.406168334513186 8.881239112551018 6.913315301047049 1.8829782859879174 3.3006542508350556 17.82790372427695 24.48684782217186 38.37544312620104 20.45243035424642 22.96544686072607 12.247513840583249 16.62396640731076 3.8526550280912355 6.822687794816235 23.455846642920122 11.292491505414494 15.100537249026917 5.487424286626172 9.10972777204746 24.987953352346686 2.727226638813054 10.860315682293677 6.407903157683883 -3.0660090919275786 -0.9165197964378878 -4.4262977724007495 4.627421257285693
29.519038076152302 14.296761773290818 5.414932960091523 8.890003738129373 6.922079926625386 1.891742911566272 3.3094188764133925 17.836668349855287 24.495612447750208 38.38420775177939 20.461194979824764 22.974211486304416 12.256278466161604 16.632731032889097 3.86141965366959 6.831452420394572 23.464611268498466 11.301256130992849 15.109301874605254 5.496188912204527 9.118492397625815 24.996717977925034 2.7359912643914086 10.869080307872014 6.416667783262238 -3.057244466349224 -0.9077551708595332 -4.417533146822395 4.636185882864048
29.579158316633265 14.30551233710748 5.423683523908203 8.898754301946052 6.930830490442066 1.900493475382934 3.318169440230072 17.845418913671967 24.50436301156688 38.39295831559606 20.469945543641437 22.98296205012109 12.265029029978265 16.641481596705777 3.870170217486252 6.840202984211252 23.473361832315135 11.310006694809529 15.118052438421934 5.504939476021189 9.127242961442477 25.005468541741706 2.7447418282080704 10.877830871688694 6.4254183470788995 -3.0484939025325444 -0.8990046070428536 -4.408782583005733 4.64493644668071
29.639278557114228 14.314248870535362 5.432420057336085 8.907490835373935 6.939567023869948 1.909230008810816 3.3269059736579543 17.85415544709985 24.51309954499477 38.40169484902394 20.47868207706932 22.99169858354897 12.273765563406148 16.65021813013366 3.878906750914134 6.848939517639134 23.48209836574302 11.31874322823741 15.126788971849816 5.513676009449071 9.135979494870359 25.014205075169595 2.7534783616359526 10.886567405116576 6.434154880506782 -3.039757369104662 -0.8902680736149714 -4.400046049577851 4.653672980108592
29.69939879759519 14.322971412460106 5.441142599260829 8.916213377298678 6.948289565794692 1.9179525507355777 3.335628515582698 17.862877989024593 24.521822086919514 38.41041739094869 20.487404618994074 23.000421125473725 12.28248810533091 16.658940672058403 3.887629292838878 6.857662059563878 23.49082090766776 11.327465770162155 15.13551151377456 5.522398551373815 9.144702036795103 25.02292761709434 2.7622009035607142 10.89528994704132 6.4428774224315255 -3.0310348271799183 -0.8815455316902275 -4.391323507653089 4.6623955220333535
29.75951903807615 14.331680001124383 5.4498511879251055 8.924921965962938 6.956998154458969 1.9266611393998367 3.344337104246975 17.87158657768887 24.530530675583783 38.41912597961295 20.49611320765834 23.00912971413799 12.291196693995168 16.66764926072268 3.896337881503155 6.866370648228155 23.499529496332038 11.336174358826414 15.144220102438819 5.531107140038092 9.15341062545938 25.03163620575861 2.7709094922249733 10.903998535705597 6.451586011095802 -3.0223262385156593 -0.8728369430259685 -4.38261491898883 4.6711041106976126
29.819639278557112 14.34037467456955 5.458545861370272 8.933616639408104 6.9656928279041175 1.9353558128450032 3.3530317776921414 17.880281251134036 24.539225349028946 38.42782065305812 20.504807881103506 23.017824387583158 12.299891367440335 16.676343934167846 3.9050325549483214 6.875065321673321 23.508224169777197 11.34486903227158 15.152914775883985 5.539801813483258 9.162105298904546 25.040330879203772 2.77960416567014 10.912693209150746 6.460280684540969 -3.013631565070493 -0.864142269580802 -4.373920245543664 4.679798784142779
29.879759519038075 14.349055471301373 5.467226658102096 8.942297436139945 6.974373624635959 1.944036609576827 3.361712574423965 17.88896204786586 24.54790614576077 38.43650144978995 20.51348867783533 23.02650518431498 12.308572164172158 16.68502473089967 3.913713351680145 6.883746118405145 23.51690496650903 11.353549829003422 15.161595572615827 5.548482610215082 9.17078609563637 25.049011675935596 2.7882849624019634 10.921374005882587 6.4689614812727925 -3.0049507683386514 -0.8554614728489606 -4.36523944881184 4.688479580874603
29.939879759519037 14.357722425315913 5.475893612116636 8.950964390154468 6.983040578650481 1.952703563591367 3.370379528438505 17.8976290018804 24.556573099775314 38.44516840380448 20.52215563184987 23.03517213832951 12.317239118186698 16.69369168491421 3.922380305694685 6.892413072419685 23.52557192052356 11.362216783017944 15.17026252663035 5.557149564229622 9.17945304965091 25.05767862995014 2.7969519164165035 10.93004095989711 6.477628435287333 -2.996283814324129 -0.8467945188344382 -4.3565724947973 4.697146534889143
30.0 14.366375571826335 5.48454675862704 8.95961753666489 6.9916937251609035 1.9613567101017892 3.3790326749489097 17.906282148390805 24.565226246285725 38.4538215503149 20.530808778360285 23.043825284839937 12.32589226469712 16.702344831424615 3.9310334522050896 6.901066218930089 23.534225067033983 11.370869929528366 15.178915673140772 5.565802710740044 9.188106196161314 25.06633177646055 2.805605062926926 10.938694106407532 6.486281581797755 -2.987630667813707 -0.838141372324016 -4.347919348286878 4.705799681399565
