web/models/mosfit_kne/mosfit_kn_3.0000/mosfit_kn_0.218327_0.0770_3.0000.dat
# %ECSV 1.0
# ---
# datatype:
# - {name: time, datatype: float64}
# - {name: PS1_g, datatype: float64}
# - {name: PS1_i, datatype: float64}
# - {name: PS1_r, datatype: float64}
# - {name: PS1_w, datatype: float64}
# - {name: PS1_y, datatype: float64}
# - {name: PS1_z, datatype: float64}
# - {name: swift_uvot_B, datatype: float64}
# - {name: swift_uvot_U, datatype: float64}
# - {name: swift_uvot_uvm2, datatype: float64}
# - {name: swift_uvot_uvw1, datatype: float64}
# - {name: swift_uvot_uvw2, datatype: float64}
# - {name: swift_uvot_V, datatype: float64}
# - {name: johnson_B, datatype: float64}
# - {name: johnson_I, datatype: float64}
# - {name: johnson_R, datatype: float64}
# - {name: johnson_U, datatype: float64}
# - {name: johnson_V, datatype: float64}
# - {name: sdss_g, datatype: float64}
# - {name: sdss_i, datatype: float64}
# - {name: sdss_r, datatype: float64}
# - {name: sdss_u, datatype: float64}
# - {name: sdss_z, datatype: float64}
# - {name: ATLAS_c, datatype: float64}
# - {name: ATLAS_o, datatype: float64}
# - {name: ukirt_H, datatype: float64}
# - {name: ukirt_J, datatype: float64}
# - {name: ukirt_K, datatype: float64}
# - {name: Clear, datatype: float64}
# meta: !!omap
# - comment: [kappa = 3.0, type = rprocess, mass = 0.21832694463104688, velocity = 0.07700000000000001, theta_obs = 0.0, tfloor = 1000.0]
# schema: astropy-2.0
time PS1_g PS1_i PS1_r PS1_w PS1_y PS1_z swift_uvot_B swift_uvot_U swift_uvot_uvm2 swift_uvot_uvw1 swift_uvot_uvw2 swift_uvot_V johnson_B johnson_I johnson_R johnson_U johnson_V sdss_g sdss_i sdss_r sdss_u sdss_z ATLAS_c ATLAS_o ukirt_H ukirt_J ukirt_K Clear
[from data line 113]
6.853707414829659 -12.351987357080443 -14.328293458367831 -13.61811829777146 -13.584828359362877 -14.876920499492243 -14.683044288142835 -11.502423802809354 -10.70220730825488 -6.084503325106712 -8.731813116883025 -6.7647034629664695 -12.994140229465795 -11.605345695817512 -14.939388280712553 -14.038164998052569 -10.806015746604729 -13.076821623695272 -12.161837951638912 -14.31908402366604 -13.606076426747613 -9.924161611449716 -14.741518521010075 -12.925142324752521 -13.974688019039387 -15.199529684069152 -15.156875926608464 -15.073102237536292 -13.845611437799104
6.913827655310621 -12.341011369078334 -14.327492809901372 -13.61325405029314 -13.581196360913559 -14.880256410387034 -14.684752272399617 -11.487868099467963 -10.679483131368972 -6.043372452363498 -8.707561630659235 -6.739751925286871 -12.98583333105083 -11.59144573828899 -14.939797010652917 -14.034662237851176 -10.78462561223856 -13.069025053946122 -12.149961407864236 -14.318172650541818 -13.601076756371882 -9.90212008116334 -14.743708932753545 -12.917420627795693 -13.972047186531427 -15.208722374102784 -15.163408685886992 -15.084072143715568 -13.844060917628731
6.973947895791583 -12.329990617580933 -14.326605457753967 -13.608319239683127 -13.577499178815167 -14.8834905461357 -14.686364135821854 -11.47328031396211 -10.65675985213609 -6.00233102615013 -8.683389566740036 -6.71491557691207 -12.97746772512695 -11.577513611284619 -14.940114852931067 -14.031085968618868 -10.763230095448765 -13.06116950730967 -12.138043679573336 -14.317174987088777 -13.596006434522998 -9.88007474616122 -14.745802001049455 -12.909645381750856 -13.969330126455812 -15.217794647685029 -15.169829359266451 -15.094916336967222 -13.842441085996171
7.034068136272545 -12.318900230298961 -14.325615940036212 -13.603294657155018 -13.573718602089446 -14.886611240546124 -14.68786672144308 -11.458632286406349 -10.634001750118909 -5.96132616655215 -8.659258983651839 -6.69015500496171 -12.969021043515518 -11.563521739623916 -14.940327454028807 -14.027418217954512 -10.741794722659208 -13.053233071897592 -12.1260590627071 -14.316075469760161 -13.590846133620733 -9.857990541584005 -14.747785007408947 -12.901794671420301 -13.966519649719924 -15.226740185776904 -15.176129200067194 -15.105630119722376 -13.840735597896696
7.0941883767535066 -12.307786489146153 -14.32455574989131 -13.598217715711751 -13.5698900639788 -14.889643936027106 -14.689287857191982 -11.443975533967656 -10.611272211997118 -5.9204478185713 -8.635234344246197 -6.665534728644843 -12.96053573789931 -11.549520653533317 -14.940464535679869 -14.02369438498691 -10.72038095820049 -13.045257433520108 -12.114055149753806 -14.31490575355804 -13.585633472911773 -9.835929894734807 -14.749685067404616 -12.893909975257252 -13.963649885204887 -15.235575824308999 -15.18232895445049 -15.116227713465731 -13.838976782317722
7.154308617234468 -12.296598182251337 -14.323391984511975 -13.593048209038603 -13.565975479943955 -14.892563151948206 -14.690599143290264 -11.429252417730133 -10.588498892590898 -5.879590436218918 -8.611240048058892 -6.640977226457249 -12.951965421850382 -11.535453883258619 -14.940495364612378 -14.019876701693612 -10.69891886682677 -13.037197116080959 -12.101979108968681 -14.313632736987802 -13.580328006096618 -9.813821704701944 -14.751474644911475 -12.885945904412797 -13.96068460573522 -15.24428657573322 -15.188408869609962 -15.126697315025337 -13.837130260726145
7.214428857715431 -12.285388649048627 -14.322160755021436 -13.587829143930552 -13.562015551289175 -14.895397951423472 -14.691832421696738 -11.41452237699551 -10.565755062210194 -5.838858223644688 -8.587350578416668 -6.6165571324035035 -12.943358973397327 -11.521379715601213 -14.940453988238211 -14.016005826125177 -10.677479478767832 -13.029100103576495 -12.089885806711713 -14.312292719693485 -13.574972980687363 -9.791738124302363 -14.75318475150356 -12.877950200566115 -13.95766299014296 -15.252891476164582 -15.19439253751516 -15.137054913730237 -13.835233118216266
7.274549098196393 -12.274111185547554 -14.320832086531823 -13.582523870944883 -13.557975591255698 -14.898125145680421 -14.692961833990381 -11.399732830439142 -10.542974700285406 -5.798154856530114 -8.563497102882529 -6.592203917602099 -12.934674090615303 -11.507246644142612 -14.94031241587071 -14.012047343477906 -10.655998973729687 -13.020924930511873 -12.077727058584866 -14.310855545153967 -13.56953152637816 -9.769614265465876 -14.754790319770947 -12.869881491243031 -13.954552033253336 -15.261376937144849 -15.200262009556234 -15.147289835531248 -13.833254064561924
7.3346693386773545 -12.26278864002781 -14.319421913271135 -13.57715109816283 -13.553873296121495 -14.900757822554098 -14.69400159217475 -11.38490908904987 -10.52018866669302 -5.75752352445232 -8.539710438005148 -6.56794799535778 -12.925931853498575 -11.49307950270089 -14.94008574731166 -14.008019004039635 -10.634507320319752 -13.012692307634628 -12.065526326419942 -14.309337223691934 -13.564022452029345 -9.747480554540164 -14.756305223512776 -12.861760344946411 -13.951368883440871 -15.269751979385472 -15.206028155030946 -15.157409864214005 -13.831209308712822
7.394789579158316 -12.251427376433757 -14.3179352644305 -13.571716399165421 -13.549713924831881 -14.903300437127971 -14.694956380701871 -11.370058012547208 -10.49740489014738 -5.716974418985255 -8.515997772129342 -6.543795843081831 -12.917138315239775 -11.478885038469077 -14.939778842081896 -14.003926175330161 -10.61301228579363 -13.004408202297684 -12.05329009367377 -14.307742799789303 -13.558451356467298 -9.725344857163254 -14.75773407501853 -12.853592639480542 -13.948118780667755 -15.278020213352562 -15.211694969203382 -15.16741835182154 -13.829103772740883
7.454909819639278 -12.239999627261007 -14.316354603412123 -13.566198156782026 -13.545477052196286 -14.90573960046735 -14.695811178953129 -11.355148239299783 -10.474583786271783 -5.676449426614865 -8.492317774823501 -6.519704950688009 -12.90826840145667 -11.464632549392991 -14.939375376670895 -13.999748608905513 -10.591475632756328 -12.996048053102987 -12.040989687398351 -14.30605462585218 -13.552796487246734 -9.703168282638561 -14.759062337664481 -12.845353867188667 -13.944782337015802 -15.286174118289232 -15.217252266032819 -15.177309559848274 -13.826919105630004
7.51503006012024 -12.228549702503404 -14.314709986323315 -13.56063213697757 -13.54119645523717 -14.908099522096876 -14.696592503758872 -11.340229142323459 -10.451786176891886 -5.636034866909212 -8.468731686156783 -6.495736424114774 -12.89936275380984 -11.450370434783363 -14.938903693564225 -13.995520106959678 -10.569956335788177 -12.987651747921126 -12.0286706819601 -14.304302914298557 -13.547093814501778 -9.68101074293589 -14.760315835340574 -12.83708367059818 -13.941392124192582 -15.294229564780718 -15.22271970607287 -15.187096822209563 -13.824686057978361
7.575150300601202 -12.217026154636592 -14.312968193074962 -13.554977839697635 -13.536833896053722 -14.910354399646817 -14.697271631449027 -11.325242846602574 -10.428939538183286 -5.595625346388753 -8.445164731695414 -6.471814076474093 -12.89037468676404 -11.436042020138565 -14.938332743988322 -13.991202634228632 -10.548384258846355 -12.97917353322182 -12.016280015382055 -14.302454246610647 -13.541302590163511 -9.658800925994395 -14.761466714984568 -12.828736464554762 -13.937911652873076 -15.30217127478586 -15.228077230040924 -15.196768059522634 -13.82237014521916
7.635270541082164 -12.20548828140581 -14.311169149012528 -13.549282948480368 -13.532434372026998 -14.912536216719516 -14.697883679592696 -11.31025552945448 -10.406125611876096 -5.555337267484204 -8.421699283490902 -6.448020289614082 -12.881358509225713 -11.421712158648546 -14.937700125327542 -13.986841204717521 -10.526838630901924 -12.970666693043158 -12.00387870384704 -14.300548760446627 -13.53547077505068 -9.63661933439079 -14.762549152648123 -12.820365207129232 -13.934384267020032 -15.310019905611988 -15.233350643067816 -15.20634048290251 -13.820012258251833
7.695390781563126 -12.193872326768016 -14.309271461239224 -13.543497133716542 -13.527950405369502 -14.914612696167904 -14.698392779122411 -11.295195534719486 -10.383254766910923 -5.515040757798249 -8.398243447971172 -6.424261744235803 -12.872256286861347 -11.407310683759903 -14.936967114375427 -13.982388529980884 -10.505232744309307 -12.962074448309016 -11.991401009701086 -14.298544819116348 -13.529547730949485 -9.614377810217132 -14.763528352529391 -12.811913366818644 -13.930764581429216 -15.31775613162933 -15.238514734789153 -15.215798705025437 -13.817569556515465
7.755511022044088 -12.182240137269531 -14.307316709824835 -13.537670092756233 -13.523428859851663 -14.916617105700158 -14.698835478666421 -11.280131911258124 -10.360412338194838 -5.4748573807314065 -8.374883034938403 -6.40062422920899 -12.863124654187256 -11.39290525173655 -14.936172853925235 -13.977891507204518 -10.483649306725315 -12.953452356262892 -11.978910577619715 -14.296484224880004 -13.52358344699077 -9.592160396425697 -14.764439876277144 -12.803436146381024 -13.927097744550956 -15.325401358578944 -15.243596302652609 -15.225160521232313 -13.81508459767053
7.8156312625250495 -12.170539520251307 -14.305271103909067 -13.53176068053246 -13.518830952353245 -14.918523157967396 -14.6991825337326 -11.265005962078913 -10.337524835011962 -5.434680557987071 -8.351542804678331 -6.377031328761106 -12.853916204079152 -11.378438397107601 -14.93528575120137 -13.973311499621321 -10.462017232198246 -12.94475396442422 -11.966353584082068 -14.29433298622886 -13.517536522897995 -9.569894811557447 -14.765255364060845 -12.79488730601459 -13.923346686503546 -15.332939965011217 -15.248574878687098 -15.23441355437132 -13.81252242117979
7.875751503006012 -12.158821545447278 -14.303169075660325 -13.525809996099252 -13.514195404937315 -14.920358451439597 -14.699464241375768 -11.249874679474978 -10.314662622276227 -5.394610338035817 -8.328293156315798 -6.353553246040725 -12.844677741527459 -11.363965957025272 -14.93433823368375 -13.96868729538139 -10.440404732753265 -12.936025185065281 -11.953782575606553 -14.292125717954658 -13.511448300268789 -9.547650369011969 -14.766004299128621 -12.786312439276859 -13.9195487555609 -15.340389784856448 -15.253472735799214 -15.243572664809085 -13.809918192580302
7.935871743486974 -12.14705120965272 -14.300988159295454 -13.519790564686556 -13.509496335710214 -14.922105628869833 -14.699661231345065 -11.234698631034334 -10.291776186504098 -5.354574655374001 -8.305083284901578 -6.330138242368037 -12.835377527387532 -11.34944933714371 -14.933309332122626 -13.96399312756727 -10.41876393506999 -12.927234928716123 -11.941161437945613 -14.289839817672991 -13.505291130949413 -9.525378381851866 -14.766667913386229 -12.777680593557026 -13.915679250353463 -15.347740719984571 -15.25827647740897 -15.252629962670222 -13.80724862782829
7.995991983967936 -12.135259640750569 -14.298749581572316 -13.513727584972575 -13.504757462898827 -14.923781837161556 -14.699792263228737 -11.21951248134095 -10.268908151882794 -5.314633730421224 -8.281955389165727 -6.30682811292559 -12.826044169105579 -11.334922501224781 -14.932219075427781 -13.959252805899933 -10.397136187593993 -12.918411262132883 -11.928522178550391 -14.287496621129225 -13.49909036151752 -9.503120860112464 -14.767264477915134 -12.769019610686652 -13.91176111776172 -15.355004072544368 -15.263000063390297 -15.26159496874225 -13.804535301038658
8.056112224448897 -12.123406730569286 -14.29642746827394 -13.507589492591645 -13.499949084690712 -14.925367012367463 -14.699834982183262 -11.204271083293708 -10.246001923607562 -5.2747054276830445 -8.25885177038625 -6.283564297061183 -12.816641249329212 -11.320341266198252 -14.931043292512662 -13.954436717812257 -10.375466753408073 -12.909518514388 -11.91582342722489 -14.285070098786505 -13.492814227580663 -9.4808221377067 -14.767772325282884 -12.760294004435409 -13.907765959450469 -15.36216804809525 -15.267627941118764 -15.270458405778731 -13.801751482728353
8.11623246492986 -12.111521712042261 -14.294041766259742 -13.501399960143754 -13.495093475351396 -14.926877273087165 -14.69980702030325 -11.189006988843559 -10.223097519582165 -5.234846257371369 -8.23581197064561 -6.260385929277742 -12.807195639872521 -11.305737524295484 -14.929800806054782 -13.949567230767379 -10.353794454658686 -12.900583048505892 -11.903095241970814 -14.28258029976254 -13.48648654105725 -9.458521658322674 -14.768208628712607 -12.75152992138791 -13.903715332803674 -15.36924327828634 -15.272173237414606 -15.279229232764544 -13.79891743210056
8.176352705410821 -12.0995794514557 -14.291576468532732 -13.495139333665946 -13.490172160262475 -14.928300334322646 -14.699694625287592 -11.17369183527422 -10.20015923464273 -5.195004132259007 -8.21279948489213 -6.237255816087352 -12.797684576628889 -11.291083530664498 -14.928476700175477 -13.944625941927022 -10.332084779163175 -12.891582578753303 -11.890311679934182 -14.280011117572133 -13.480087520074822 -9.436184314657261 -14.768560076270187 -12.742705187051016 -13.899591611560052 -15.376222773573215 -15.276626556168331 -15.287902072404973 -13.796016574524863
8.236472945891784 -12.087610545441425 -14.289052399965367 -13.488832359030507 -13.485208401983506 -14.929652990529014 -14.699516185393406 -11.158359714685641 -10.177229019643352 -5.155238340064268 -8.189855664899692 -6.214214882592003 -12.788136175382025 -11.276412678834763 -14.927090615783484 -13.93963621939551 -10.310378420115509 -12.882544682509439 -11.87750420618963 -14.277383484727046 -13.473642058076667 -9.413851455597069 -14.768844572202386 -12.73384714401912 -13.895417310683964 -15.383117547741826 -15.281001540154033 -15.296486175504425 -13.793070046930556
8.296593186372744 -12.075583230975973 -14.286449141742192 -13.482454081178776 -13.480178759273276 -14.93091945869768 -14.699254088902123 -11.142974841661026 -10.154261961593036 -5.115483657105904 -8.166934920936129 -6.191216888232155 -12.778521605602766 -11.261689961364961 -14.925623493835413 -13.934574673469033 -10.288631943431678 -12.873441130894426 -11.864640051455506 -14.274676858530864 -13.467125038387895 -9.39147890281225 -14.769045055265657 -12.72492772731507 -13.891170009970466 -15.389918424439731 -15.285286010069434 -15.30497437827927 -13.790056789852638
8.356713426853707 -12.063530795108424 -14.28378927519244 -13.476031377131381 -13.475108479190734 -14.932117903971136 -14.698928247525664 -11.1275743343679 -10.131303790659967 -5.075804796546637 -8.144082276808966 -6.168306421556217 -12.7688714382884 -11.246951728160827 -14.924096618063746 -13.929466668802572 -10.266889701479862 -12.864301903036777 -11.851753454369955 -14.271913938240353 -13.460563500292597 -9.36911172802155 -14.769180906207797 -12.715976655557597 -13.886874139335852 -15.396637232490967 -15.28949467660384 -15.3133765764926 -13.78699971929489
8.41683366733467 -12.051418461261925 -14.28105036062913 -13.469536871890426 -13.469971868020174 -14.933230934839443 -14.698519277474453 -11.112119035065621 -10.108305420949186 -5.036130625959568 -8.121248147077864 -6.145433311482677 -12.759154076242389 -11.232159675895591 -14.922489030199834 -13.924286541272181 -10.245104214003 -12.855096061914873 -11.83880854362096 -14.269072149298836 -13.453929890937246 -9.346701638002415 -14.76923334237096 -12.706963189004306 -13.882505091848518 -15.40326378341447 -15.293614076837834 -15.321684776976879 -13.78387574659957
