web/models/mosfit_kne/mosfit_kn_3.0000/mosfit_kn_0.004263_0.4687_3.0000.dat
# %ECSV 1.0
# ---
# datatype:
# - {name: time, datatype: float64}
# - {name: PS1_g, datatype: float64}
# - {name: PS1_i, datatype: float64}
# - {name: PS1_r, datatype: float64}
# - {name: PS1_w, datatype: float64}
# - {name: PS1_y, datatype: float64}
# - {name: PS1_z, datatype: float64}
# - {name: swift_uvot_B, datatype: float64}
# - {name: swift_uvot_U, datatype: float64}
# - {name: swift_uvot_uvm2, datatype: float64}
# - {name: swift_uvot_uvw1, datatype: float64}
# - {name: swift_uvot_uvw2, datatype: float64}
# - {name: swift_uvot_V, datatype: float64}
# - {name: johnson_B, datatype: float64}
# - {name: johnson_I, datatype: float64}
# - {name: johnson_R, datatype: float64}
# - {name: johnson_U, datatype: float64}
# - {name: johnson_V, datatype: float64}
# - {name: sdss_g, datatype: float64}
# - {name: sdss_i, datatype: float64}
# - {name: sdss_r, datatype: float64}
# - {name: sdss_u, datatype: float64}
# - {name: sdss_z, datatype: float64}
# - {name: ATLAS_c, datatype: float64}
# - {name: ATLAS_o, datatype: float64}
# - {name: ukirt_H, datatype: float64}
# - {name: ukirt_J, datatype: float64}
# - {name: ukirt_K, datatype: float64}
# - {name: Clear, datatype: float64}
# meta: !!omap
# - comment: [kappa = 3.0, type = rprocess, mass = 0.004263435211354371, velocity = 0.4686666666666667, theta_obs = 0.0, tfloor = 1000.0]
# schema: astropy-2.0
time PS1_g PS1_i PS1_r PS1_w PS1_y PS1_z swift_uvot_B swift_uvot_U swift_uvot_uvm2 swift_uvot_uvw1 swift_uvot_uvw2 swift_uvot_V johnson_B johnson_I johnson_R johnson_U johnson_V sdss_g sdss_i sdss_r sdss_u sdss_z ATLAS_c ATLAS_o ukirt_H ukirt_J ukirt_K Clear
[from data line 29]
1.8036072144288577 -3.153303477467908 -8.511243810867981 -6.438338684826181 -7.207996253420248 -10.49923831714553 -9.725214702034286 -1.02492833902189 2.563855154762944 12.50340863125588 2.5183004462112284 4.462731702326895 -4.553102509580527 -1.507678262538427 -9.559429272792876 -7.478363824741117 2.032060531950719 -4.922496102439539 -2.6579868767262482 -8.464532954402788 -6.346937999404432 3.1874987482322226 -9.987232387966838 -5.012838547867577 -7.709404158212116 -12.985674101454075 -11.954830099773853 -13.540742684751342 -8.34321052974678
1.8637274549098195 -2.3713678493104062 -8.004836329570058 -5.8211706026082055 -6.677576851857818 -10.112888744147792 -9.289406521862134 -0.13372957488624876 3.6897705342609832 13.984829994774405 3.3684663350782356 5.336127184629827 -3.8245153632820044 -0.6620910019321118 -9.091093979305917 -6.9276046666682705 3.122143805592976 -4.228787722964939 -1.8509497614661008 -7.955152558653538 -5.720591321801773 4.30427526177283 -9.571970879014895 -4.348563131199992 -7.179686575352857 -12.787837572482202 -11.670884329883611 -13.404046783393804 -7.895998076391955
1.9238476953907815 -1.5591703784938993 -7.476526406360531 -5.178919542922333 -6.126498843216783 -9.70839214111109 -8.833744776992045 0.7914199675140565 4.85787223608817 15.507890824680373 4.243918352514928 6.24026962883956 -3.0664442951728903 0.21390005943348783 -8.602313080991141 -6.356296761203109 4.252864318848484 -3.5085942066245552 -1.012906486470424 -7.423814886718532 -5.068537435411038 5.463068674066047 -9.13813445507138 -3.658830562181752 -6.629056538205287 -12.578627346516134 -11.37253817133489 -13.258334755056376 -7.432060332780264
1.9839679358717435 -0.7185862875679128 -6.927647834403956 -4.513165586376804 -5.556103404365231 -9.286809437649737 -8.35939004714291 1.748391964723649 6.065618912875408 17.069284167216466 5.14270717489735 7.173295447326616 -2.280682008193449 1.1181429834773267 -8.094355215015778 -5.7660663082518875 5.42166609891418 -2.7638134973479263 -0.1457948255877639 -6.871867040609683 -4.392367581935321 6.661291926980635 -8.686905765074222 -2.945254918490008 -6.058930796119828 -12.358694151865402 -11.06064509458921 -13.104111980473403 -6.95261994045298
2.0440881763527052 0.1485867791387463 -6.359488604258736 -3.8254273648129633 -4.967664215351775 -8.849167368224684 -7.867465041873665 2.7351436592504443 7.3105649901489045 18.666122201275098 6.0630299265990395 8.13339452623335 -1.4689625253168905 2.0485933805081085 -7.56844439951947 -5.158457781035371 6.626087179114506 -1.9962749686041346 0.7485265932845842 -6.300610260427231 -3.693615973937021 7.89644901969254 -8.21942928072728 -2.209372528030631 -5.4706527345208045 -12.128665063715205 -10.73602911492088 -12.941860630798663 -6.458828568587371
2.1042084168336674 1.0396492128583823 -5.773955347538191 -3.1179515161471727 -4.363075305707316 -8.396986740864776 -7.35963984291141 3.7486140171197038 8.588983827246395 20.294156069022232 7.002205413823397 9.117743711330576 -0.6338808273077071 3.002272096362684 -7.026379854830714 -4.535634332555419 7.862428067648828 -1.2086080486729476 1.6672704315799614 -5.71196743807775 -2.974560901942027 9.16477080487983 -7.737369410848736 -1.453485149495961 -4.8661781793542325 -11.889454559812885 -10.399894252056503 -12.77228065031794 -5.952354394917538
2.164328657314629 1.951908502227493 -5.172955391588232 -2.392977178296718 -3.7442136105757484 -7.931793041884809 -6.837589592966609 4.785750655120634 9.897144387610819 21.949358221655782 7.957646049695679 10.123517402174521 0.22196324416038773 3.976241404243033 -6.46995879955477 -3.899713155320222 9.126992321302357 -0.403421987511565 2.607656571546677 -5.107861862104919 -2.237478740314156 10.462484608818947 -7.24238957795615 -0.6798796192723522 -4.247436913356921 -11.641977971351396 -10.05344495913137 -12.596070193431979 -5.434834716667201
2.224448897795591 2.8825087633767055 -4.558510745852491 -1.6528720510162742 -3.1130601610610142 -7.455207271763058 -6.303095167302839 5.843318556445824 11.231072191342655 23.62755404478506 8.926670675623338 11.147705523559189 1.0958075114155783 4.967423578732145 -5.901082660668254 -3.2528851274165875 10.415857190658507 0.4165479780764183 3.566736926334606 -4.4903315642425135 -1.4847815466123038 11.785579304041036 -6.736247151174659 0.10902373313507852 -3.616453128216417 -11.387205422520308 -9.69795653869445 -12.413968459981815 -4.90797986769671
2.284569138276553 3.8276465249236757 -3.933290659443891 -0.9007643372981811 -2.4722471229556575 -6.9693702811157365 -5.7585134237274005 6.917016157309658 12.585445432227758 25.322994202618162 9.905686004174203 12.186261053381543 1.983990207593844 5.9717715048238915 -5.322253189657849 -2.597968226470056 11.723808460827286 1.2477522851337877 4.5405891350454475 -3.862063998456726 -0.7196587554179068 13.128712398533224 -6.221238761854746 0.9099983462392203 -2.9758921680703665 -11.126410890870948 -9.335103397186442 -12.226948079623943 -4.374036012421776
2.344689378757515 4.784346294144282 -3.2994010581805 -0.13910767093404885 -1.823820818722517 -6.475979770290845 -5.2057102962531765 8.003479143593005 13.956094930594194 27.031413539741425 10.89201457747965 13.236045064566394 2.8836267736641004 6.986151117725839 -4.735443684724255 -1.9371406968107798 13.046761055243692 2.087408965463207 5.5261434889586525 -3.2251797438220464 0.055381282544910704 14.48769231412312 -5.699183168516022 1.7205312216034052 -2.327824255964739 -10.860607941695653 -8.966213653822004 -12.035782203081096 -3.8347357513368507
2.4048096192384767 5.749285496439587 -2.659182559646318 0.6293706382773046 -1.1700629593189582 -5.9769247492098465 -4.646763935864531 9.098954944475349 15.338351778259067 28.747923031040944 11.882655826087305 14.293540826412801 3.791504947310435 8.007091428086014 -4.142843081223822 -1.2727812166730004 14.380160920009988 2.9324630180927995 6.519974322990372 -2.582034023349049 0.8375490155158793 15.857840112941393 -5.172090054560652 2.5378145572770094 -1.674546360411906 -10.59092181764919 -8.592760430822748 -11.841331171821972 -3.2919965052063205
2.464929859719439 6.719169260651636 -2.0149538750485796 1.4019726625296158 -0.5132304059639736 -5.474081026693423 -4.08373827603512 10.199725608043202 16.727576155461463 30.467636705183235 12.87465890567736 15.355263682145527 4.7044403507073325 9.031179092601938 -3.5466167531761448 -0.6072041284578524 15.719497185629734 3.7799215441040905 7.518685851164815 -1.934958795876458 1.624082369830866 17.234515050282457 -4.641943688406656 3.359065814690325 -1.0183230892814699 -10.318469604706324 -8.216203714497519 -11.644450769950366 -2.7477005798576926
2.5250501002004007 7.212987429146089 -1.668841384053188 1.806229393984644 -0.16169441751934244 -5.192031432578457 -3.7743554677313185 10.752894005710576 17.41183810360548 31.30043340763466 13.377420635680046 15.890437142159698 5.172504122016874 9.548956688744369 -3.2223546904751386 -0.2523219237501564 16.380836924353737 4.217481786848121 8.025527530460526 -1.5875854319402016 2.034718053481086 17.912943633780305 -4.34778307975332 3.7853059637272857 -0.6671065608824911 -10.141018810493952 -7.991529515004261 -11.501307490967124 -2.447588461280681
2.5851703406813624 7.3074788852757955 -1.5743499279234818 1.900720850114368 -0.06720296138961857 -5.097539976448733 -3.6798640116016124 10.847385461840283 17.506329559735203 31.39492486376437 13.471912091809752 15.984928598289404 5.266995578146598 9.643448144874093 -3.1278632343454325 -0.1578304676204325 16.47532838048346 4.311973242977845 8.12001898659025 -1.4930939758104955 2.129209509610792 18.00743508991003 -4.253291623623614 3.8797974198570095 -0.572615104752785 -10.046527354364228 -7.8970380588745375 -11.406816034837417 -2.3530970051509748
2.6452905811623246 7.398119219067585 -1.4837095941316925 1.9913611839061574 0.02343737240217081 -5.006899642656961 -3.589223677809823 10.938025795632072 17.596969893526992 31.48556519755616 13.562552425601542 16.075568932081193 5.357635911938369 9.734088478665882 -3.037222900553643 -0.06719013382864314 16.565968714275233 4.402613576769634 8.210659320382039 -1.4024536420187061 2.2198498434025815 18.098075423701818 -4.162651289831825 3.970437753648799 -0.4819747709609956 -9.955887020572439 -7.806397725082748 -11.316175701045628 -2.2624566713591854
2.7054108216432864 7.4848621361597445 -1.3969666770395328 2.0781041009982992 0.11018028949433045 -4.9201567255648015 -3.5024807607176633 11.024768712724232 17.683712810619152 31.57230811464832 13.649295342693701 16.162311849173353 5.444378829030529 9.820831395758042 -2.9504799834614834 0.019552783263516504 16.652711631367392 4.489356493861794 8.297402237474198 -1.3157107249265465 2.306592760494741 18.184818340793978 -4.075908372739665 4.057180670740959 -0.39523185386883597 -9.869144103480279 -7.719654807990606 -11.229432783953468 -2.1757137542670257
2.7655310621242486 7.5678524459966745 -1.3139763672026028 2.161094410835247 0.19317059933126046 -4.837166415727854 -3.4194904508807333 11.107759022561162 17.766703120456082 31.65529842448525 13.732285652530631 16.245302159010283 5.527369138867477 9.903821705594972 -2.8674896736245534 0.10254309310044651 16.73570194120434 4.572346803698724 8.380392547311128 -1.2327204150896165 2.389583070331671 18.267808650630908 -3.992918062902735 4.140170980577889 -0.31224154403190596 -9.786153793643349 -7.636664498153658 -11.146442474116538 -2.092723444430078
2.8256513026052104 7.647233988440281 -1.2345948247590144 2.2404759532788354 0.2725521417748489 -4.757784873284265 -3.340108908437145 11.18714056500475 17.84608466289967 31.73467996692884 13.81166719497422 16.32468370145387 5.606750681311065 9.98320324803856 -2.788108131180965 0.18192463554403493 16.81508348364793 4.6517283461423125 8.459774089754717 -1.1533388726460103 2.4689646127752596 18.347190193074496 -3.913536520459129 4.219552523021477 -0.23286000158831754 -9.70677225119976 -7.55728295571007 -11.067060931672932 -2.0133419019864895
2.885771543086172 7.723179396962561 -1.1586494162367167 2.316421361801133 0.3484975502971466 -4.681839464761985 -3.264163499914847 11.263085973527048 17.92203007142197 31.810625375451135 13.887612603496517 16.40062910997617 5.682696089833345 10.059148656560858 -2.7121627226586673 0.2578700440663326 16.89102889217021 4.72767375466461 8.535719498277015 -1.0773934641237304 2.5449100212975573 18.423135601596794 -3.837591111936849 4.295497931543775 -0.15691459306601985 -9.630826842677463 -7.48133754718779 -10.991115523150652 -1.9373964934642096
2.9458917835671343 7.795899223789924 -1.0859295894093535 2.3891411886284786 0.4212173771245098 -4.609119637934622 -3.191443673087484 11.33580580035441 17.99474989824933 31.8833452022785 13.96033243032388 16.473348936803532 5.755415916660708 10.13186848338822 -2.639442895831304 0.33058987089369585 16.96374871899757 4.800393581491956 8.608439325104378 -1.0046736372963672 2.6176298481249205 18.495855428424157 -3.7648712851094857 4.368217758371138 -0.08419476623865663 -9.558107015850117 -7.408617720360427 -10.918395696323289 -1.8646766666368464
3.006012024048096 7.865607757705408 -1.0162210554938866 2.458849722543963 0.4909259110399766 -4.539411104019138 -3.121735139172017 11.405514334269878 18.0644584321648 31.95305373619397 14.030040964239348 16.543057470719 5.825124450576193 10.201577017303688 -2.5697343619158373 0.4002984048091627 17.033457252913056 4.87010211540744 8.678147859019845 -0.9349651033808826 2.6873383820403873 18.565563962339624 -3.695162751194001 4.437926292286605 -0.014486232323172032 -9.488398481934633 -7.338909186444942 -10.848687162407805 -1.7949681327213618
3.066132264529058 7.932527300070227 -0.9493015131290683 2.5257692649087815 0.557845453404795 -4.472491561654319 -3.054815596807199 11.472433876634696 18.131377974529617 32.0199732785588 14.096960506604184 16.609977013083835 5.892043992941011 10.268496559668506 -2.502814819551001 0.467217947173981 17.100376795277874 4.9370216577722585 8.745067401384663 -0.8680455610160642 2.7542579244052234 18.632483504704442 -3.6282432088291827 4.504845834651423 0.05243331004164631 -9.421478939569814 -7.271989644080124 -10.781767620042986 -1.7280485903565435
3.12625250501002 7.996880402504161 -0.8849484106951166 2.5901223673427154 0.6221985558387466 -4.408138459220385 -2.990462494373247 11.536786979068648 18.19573107696357 32.08432638099273 14.161313609038118 16.67433011551777 5.956397095374945 10.332849662102458 -2.4384617171170673 0.5315710496079327 17.16472989771181 5.001374760206192 8.809420503818615 -0.8036924585821303 2.8186110268391573 18.696836607138394 -3.563890106395249 4.569198937085375 0.11678641247558019 -9.35712583713588 -7.20763654164619 -10.717414517609052 -1.6636954879226096
3.186372745490982 8.058883140206419 -0.8229456729928586 2.652125105044991 0.6842012935410047 -4.346135721518127 -2.928459756670989 11.598789716770906 18.257733814665826 32.146329118695 14.223316346740376 16.736332853220027 6.018399833077203 10.394852399804716 -2.376458979414809 0.5935737873101907 17.226732635414066 5.063377497908468 8.871423241520873 -0.7416897208798723 2.8806137645414154 18.758839344840652 -3.5018873686929908 4.631201674787633 0.17878915017783825 -9.295123099433605 -7.145633803943914 -10.655411779906794 -1.6016927502203515
3.2464929859719436 8.118727392021832 -0.7631014211774456 2.7119693568603864 0.7440455453563999 -4.286291469702714 -2.868615504855576 11.658633968586319 18.31757806648122 32.206173370510406 14.283160598555789 16.79617710503544 6.078244084892616 10.454696651620111 -2.3166147275993962 0.6534180391255859 17.28657688722948 5.1232217497238635 8.931267493336268 -0.6818454690644593 2.9404580163568284 18.818683596656047 -3.442043116877578 4.691045926603028 0.23863340199325123 -9.23527884761821 -7.085789552128519 -10.595567528091381 -1.5418484984049385
3.306613226452906 8.176604979996789 -0.7052238332025063 2.7698469448353435 0.801923133331357 -4.228413881727757 -2.810737916880637 11.716511556561258 18.37545565445618 32.26405095848535 14.341038186530728 16.85405469301038 6.136121672867573 10.512574239595068 -2.258737139624457 0.7112956271005431 17.344454475204437 5.181099337698821 8.989145081311225 -0.6239678810895022 2.9983356043317677 18.876561184631004 -3.3841655289026207 4.748923514577985 0.29651098996820835 -9.177401259643252 -7.027911964153562 -10.537689940116424 -1.4839709104299814
3.3667334669338675 8.232685580820718 -0.6491432323785595 2.8259275456592725 0.858003734155286 -4.172333280903828 -2.75465731605669 11.772592157385205 18.431536255280108 32.32013155930929 14.397118787354675 16.910135293834326 6.192202273691502 10.568654840419015 -2.20265653880051 0.767376227924472 17.400535076028365 5.2371799385227495 9.045225682135154 -0.5678872802655732 3.0544162051557144 18.932641785454933 -3.3280849280786917 4.805004115401914 0.3525915907921373 -9.121320658819323 -6.971831363329633 -10.481609339292495 -1.4278903096060525
3.4268537074148293 8.287124001537585 -0.5947048116616926 2.8803659663761394 0.9124421548721529 -4.117894860186961 -2.700218895339823 11.827030578102072 18.485974675996975 32.37456998002616 14.451557208071542 16.964573714551193 6.246640694408369 10.623093261135882 -2.1482181180836433 0.8218146486413389 17.454973496745232 5.291618359239616 9.09966410285202 -0.5134488595487063 3.1088546258725813 18.9870802061718 -3.273646507361825 4.859442536118781 0.4070300115090042 -9.066882238102457 -6.917392942612766 -10.427170918575628 -1.3734518888891856
