web/models/mosfit_kne/mosfit_kn_3.0000/mosfit_kn_0.014776_0.2180_3.0000.dat
# %ECSV 1.0
# ---
# datatype:
# - {name: time, datatype: float64}
# - {name: PS1_g, datatype: float64}
# - {name: PS1_i, datatype: float64}
# - {name: PS1_r, datatype: float64}
# - {name: PS1_w, datatype: float64}
# - {name: PS1_y, datatype: float64}
# - {name: PS1_z, datatype: float64}
# - {name: swift_uvot_B, datatype: float64}
# - {name: swift_uvot_U, datatype: float64}
# - {name: swift_uvot_uvm2, datatype: float64}
# - {name: swift_uvot_uvw1, datatype: float64}
# - {name: swift_uvot_uvw2, datatype: float64}
# - {name: swift_uvot_V, datatype: float64}
# - {name: johnson_B, datatype: float64}
# - {name: johnson_I, datatype: float64}
# - {name: johnson_R, datatype: float64}
# - {name: johnson_U, datatype: float64}
# - {name: johnson_V, datatype: float64}
# - {name: sdss_g, datatype: float64}
# - {name: sdss_i, datatype: float64}
# - {name: sdss_r, datatype: float64}
# - {name: sdss_u, datatype: float64}
# - {name: sdss_z, datatype: float64}
# - {name: ATLAS_c, datatype: float64}
# - {name: ATLAS_o, datatype: float64}
# - {name: ukirt_H, datatype: float64}
# - {name: ukirt_J, datatype: float64}
# - {name: ukirt_K, datatype: float64}
# - {name: Clear, datatype: float64}
# meta: !!omap
# - comment: [kappa = 3.0, type = rprocess, mass = 0.014775890654408853, velocity = 0.21800000000000003, theta_obs = 0.0, tfloor = 1000.0]
# schema: astropy-2.0
time PS1_g PS1_i PS1_r PS1_w PS1_y PS1_z swift_uvot_B swift_uvot_U swift_uvot_uvm2 swift_uvot_uvw1 swift_uvot_uvw2 swift_uvot_V johnson_B johnson_I johnson_R johnson_U johnson_V sdss_g sdss_i sdss_r sdss_u sdss_z ATLAS_c ATLAS_o ukirt_H ukirt_J ukirt_K Clear
[from data line 378]
22.785571142284567 9.655133212607723 0.7733043994084277 4.2483751774462775 2.280451365942291 -2.7498856491168233 -1.3322096842697029 13.195039789172192 19.853983887067113 33.74257919109629 15.81956641914168 18.33258292562133 7.614649905478507 11.991102472206002 -0.7802089070135052 2.1898238597114768 18.82298270781537 6.6596275703097545 10.467673313922159 0.8545603515214317 4.476863836942719 20.35508941724194 -1.9056372962916868 6.227451747188919 1.7750392225791423 -7.698873027032319 -5.549383731542628 -9.05916170750549 -0.005442677819047503
22.84569138276553 9.661471139098907 0.7796423258996121 4.254713103937462 2.2867892924334754 -2.743547722625639 -1.3258717577785184 13.201377715663376 19.860321813558297 33.74891711758747 15.825904345632846 18.338920852112498 7.620987831969692 11.997440398697186 -0.7738709805223385 2.1961617862026612 18.829320634306555 6.665965496800939 10.474011240413343 0.8608982780126162 4.483201763433886 20.361427343733123 -1.8992993698005023 6.2337896736801035 1.7813771490703267 -7.692535100541135 -5.5430458050514435 -9.052823781014306 0.0008952486721369723
22.905811623246493 9.667798989233649 0.7859701760343718 4.261040954072204 2.2931171425682173 -2.737219872490897 -1.3195439076437587 13.207705565798136 19.866649663693046 33.75524496772222 15.832232195767606 18.345248702247257 7.627315682104434 12.003768248831928 -0.7675431303875788 2.202489636337403 18.835648484441297 6.672293346935681 10.480339090548085 0.8672261281473581 4.489529613568646 20.367755193867872 -1.8929715196657604 6.240117523814845 1.7877049992050686 -7.686207250406393 -5.536717954916702 -9.046495930879564 0.00722309880687888
22.965931863727455 9.674116867549714 0.7922880543504363 4.267358832388268 2.2994350208842995 -2.7309019941748325 -1.3132260293276943 13.2140234441142 19.872967542009114 33.761562846038295 15.83855007408367 18.351566580563322 7.633633560420498 12.01008612714801 -0.7612252520715144 2.2088075146534853 18.84196636275736 6.678611225251763 10.486656968864168 0.8735440064634226 4.49584749188471 20.37407307218394 -1.886653641349696 6.246435402130928 1.794022877521133 -7.6798893720903285 -5.530400076600637 -9.0401780525635 0.013540977122943332
23.026052104208414 9.680424879181793 0.7985960659824975 4.273666844020347 2.305743032516361 -2.7245939825427534 -1.306918017695633 13.22033145574628 19.879275553641193 33.76787085767037 15.84485808571575 18.3578745921954 7.639941572052577 12.016394138780072 -0.7549172404394353 2.2151155262855466 18.84827437438944 6.684919236883824 10.492964980496229 0.8798520180955016 4.502155503516789 20.38038108381602 -1.8803456297176169 6.252743413762989 1.8003308891532122 -7.6735813604582495 -5.524092064968558 -9.03387004093142 0.01984898875502239
23.086172344689377 9.686723124595602 0.8048943113963247 4.279965089434157 2.312041277930188 -2.718295737128944 -1.3006197722818058 13.226629701160089 19.885573799055003 33.77416910308417 15.851156331129559 18.36417283760921 7.646239817466387 12.022692384193899 -0.7486189950256259 2.221413771699374 18.85457261980325 6.691217482297634 10.499263225910038 0.886150263509311 4.508453748930599 20.38667932922983 -1.8740473843038075 6.259041659176798 1.8066291345670216 -7.66728311504444 -5.517793819554749 -9.027571795517611 0.0261472341688318
23.14629258517034 9.693011702049699 0.8111828888504213 4.286253666888253 2.318329855384267 -2.7120071596748474 -1.2943311948277092 13.232918278614186 19.891862376509096 33.78045768053827 15.857444908583656 18.370461415063307 7.652528394920483 12.028980961647978 -0.7423304175715293 2.2277023491534527 18.860861197257346 6.69750605975173 10.505551803364135 0.8924388409634076 4.514742326384695 20.39296790668392 -1.8677588068497109 6.265330236630895 1.8129177120211182 -7.660994537590343 -5.511505242100652 -9.021283218063514 0.03243581162292841
23.206412825651302 9.699290716559972 0.8174619033606945 4.2925326813985265 2.32460886989454 -2.7057281451645743 -1.288052180317436 13.239197293124459 19.898141391019372 33.78673669504854 15.863723923093929 18.37674042957358 7.658807409430756 12.035259976158251 -0.7360514030612562 2.233981363663726 18.86714021176762 6.7037850742620035 10.511830817874408 0.8987178554736808 4.521021340894968 20.399246921194198 -1.8614797923394377 6.271609251141168 1.8191967265313913 -7.65471552308007 -5.505226227590379 -9.015004203553241 0.03871482613320154
23.266533066132265 9.705560264864381 0.823731451665104 4.298802229702936 2.3308784181989672 -2.6994585968601648 -1.2817826320130266 13.245466841428868 19.904410939323782 33.79300624335296 15.869993471398338 18.38300997787799 7.665076957735166 12.041529524462678 -0.7297818547568466 2.240250911968153 18.87340976007203 6.710054622566413 10.518100366178835 0.9049874037780903 4.527290889199378 20.405516469498608 -1.8552102440350282 6.277878799445595 1.8254662748358008 -7.648445974775661 -5.498956679285969 -9.008734655248832 0.04498437443761105
23.326653306613224 9.711820442227133 0.8299916290278375 4.305062407065687 2.337138595561701 -2.6931984194974135 -1.275522454650293 13.251727018791602 19.910671116686522 33.799266420715696 15.876253648761072 18.389270155240723 7.671337135097917 12.047789701825412 -0.7235216773941131 2.2465110893308866 18.87966993743478 6.716314799929164 10.524360543541569 0.9112475811408416 4.5335510665621115 20.411776646861348 -1.848950066672277 6.284138976808329 1.8317264521985521 -7.6421857974129095 -5.492696501923218 -9.00247447788608 0.05124455180036236
23.386773547094187 9.718071342306391 0.836242529107114 4.311313307144946 2.3433894956409773 -2.6869475194181547 -1.2692715545710165 13.257977918870878 19.91692201676579 33.80551732079497 15.882504548840348 18.39552105532 7.677588035177176 12.054040601904688 -0.7172707773148366 2.252761989410163 18.88592083751404 6.722565700008441 10.530611443620845 0.9174984812201004 4.539801966641388 20.418027546940614 -1.8426991665930181 6.290389876887605 1.837977352277811 -7.635934897333651 -5.486445601843959 -8.996223577806822 0.05749545187962113
23.44689378757515 9.724313064505417 0.8424842513061392 4.317555029343971 2.3496312178400025 -2.6807057972191295 -1.2630298323719913 13.264219641069904 19.923163738964817 33.811759042994 15.888746271039373 18.401762777519025 7.683829757376201 12.060282324103714 -0.7110290551158114 2.2590037116091883 18.892162559713064 6.728807422207448 10.53685316581987 0.9237402034191255 4.546043688840413 20.424269269139643 -1.836457444393993 6.296631599086631 1.844219074476836 -7.6296931751346255 -5.480203879644934 -8.989981855607796 0.06373717407864632
23.507014028056112 9.73054569975801 0.8487168865587336 4.323787664596583 2.355863853092597 -2.674473161966535 -1.256797197119397 13.270452276322498 19.92939637421742 33.81799167824659 15.894978906291968 18.40799541277162 7.690062392628795 12.066514959356308 -0.7047964198632171 2.2652363468617827 18.89839519496566 6.73504005746006 10.543085801072465 0.9299728386717199 4.5522763240930075 20.430501904392244 -1.8302248091413986 6.302864234339225 1.8504517097294304 -7.623460539882013 -5.473971244392322 -8.983749220355202 0.06996980933124064
23.567134268537075 9.736769337631053 0.8549405244317754 4.330011302469625 2.3620874909656386 -2.6682495240934934 -1.2505735592463552 13.27667591419554 19.935620012090453 33.824215316119634 15.90120254416501 18.41421905064466 7.696286030501837 12.07273859722935 -0.6985727819901753 2.2714599847348245 18.9046188328387 6.741263695333102 10.549309438945507 0.9361964765447617 4.558499961966049 20.43672554226528 -1.8240011712683568 6.309087872212267 1.8566753476024722 -7.617236902008972 -5.467747606519298 -8.97752558248216 0.07619344720428245
23.627254509018034 9.742984072376881 0.8611552591776039 4.336226037215436 2.3683022257114494 -2.662034789347665 -1.2443588245005266 13.282890648941368 19.941834746836278 33.83043005086545 15.907417278910838 18.42043378539049 7.702500765247666 12.07895333197516 -0.6923580472443467 2.2776747194806353 18.91083356758453 6.747478430078913 10.555524173691317 0.9424112112905902 4.564714696711878 20.442940277011104 -1.8177864365225282 6.3153026069580775 1.8628900823483008 -7.611022167263161 -5.4615328717734695 -8.971310847736332 0.08240818195011101
23.687374749498996 9.749189994565963 0.8673611813666859 4.342431959404536 2.374508147900549 -2.655828867158565 -1.2381529023114446 13.28909657113045 19.94804066902537 33.83663597305454 15.91362320109992 18.42663970757957 7.708706687436766 12.08515925416426 -0.6861521250552647 2.283880641669735 18.91703948977363 6.753684352268013 10.561730095880417 0.9486171334796722 4.57092061890096 20.449146199200197 -1.8115805143334462 6.321508529147177 1.8690960045373828 -7.604816245074061 -5.45532694958437 -8.96510492554725 0.08861410413921078
23.74749498997996 9.755387191704106 0.8735583785048284 4.3486291565426605 2.380705345038674 -2.6496316700204403 -1.231955705173302 13.295293768268593 19.954237866163503 33.84283317019268 15.919820398238063 18.432836904717714 7.71490388457489 12.091356451302403 -0.6799549279171222 2.2900778388078598 18.923236686911753 6.7598815494061375 10.567927293018542 0.9548143306178147 4.577117816039102 20.45534339633833 -1.8053833171953038 6.327705726285302 1.8752932016755253 -7.598619047935936 -5.449129752446245 -8.958907728409107 0.0948113012773355
23.80761523046092 9.761575746791458 0.8797469335921804 4.354817711630012 2.3868939001260436 -2.6434431149330884 -1.2257671500859502 13.301482323355945 19.960426421250858 33.84902172528003 15.926008953325415 18.439025459805066 7.721092439662242 12.097545006389755 -0.6737663728297703 2.2962663938952295 18.929425241999105 6.7660701044934894 10.574115848105894 0.9610028857051667 4.583306371126454 20.461531951425684 -1.7991947621079518 6.333894281372672 1.8814817567628772 -7.592430492848584 -5.442941197358893 -8.952719173321755 0.10099985636468745
23.867735470941884 9.767755752750169 0.8859269395508917 4.3609977175887416 2.393073906084755 -2.6372631089743592 -1.2195871441272388 13.307662329314656 19.966606427209577 33.85520173123875 15.932188959284126 18.445205465763777 7.727272445620971 12.103725012348466 -0.6675863668710589 2.302446399853941 18.935605247957835 6.772250110452219 10.580295854064623 0.9671828916638958 4.589486377085166 20.467711957384402 -1.7930147561492227 6.340074287331383 1.8876617627215886 -7.586250486889855 -5.436761191400164 -8.946539167363026 0.10717986232341659
23.927855711422843 9.773927291385718 0.8920984781864405 4.36716925622429 2.3992454447203038 -2.6310915703388282 -1.21341560549169 13.313833867950205 19.972777965845125 33.8613732698743 15.938360497919675 18.451377004399326 7.733443984256502 12.109896550984015 -0.6614148282355101 2.3086179384894896 18.941776786593366 6.778421649087767 10.586467392700172 0.9733544302994268 4.5956579157207145 20.47388349601995 -1.7868432175136917 6.346245825966932 1.8938333013571373 -7.5800789482543065 -5.430589652764615 -8.940367628727495 0.11335140095894758
23.987975951903806 9.780090445329765 0.8982616321304704 4.37333241016832 2.4054085986643337 -2.6249284163947806 -1.2072524515476601 13.319997021894235 19.978941119789155 33.86753642381833 15.944523651863705 18.457540158343356 7.73960713820055 12.116059704928045 -0.6552516742914802 2.3147810924335195 18.947939940537413 6.784584803031797 10.592630546644202 0.9795175842434745 4.601821069664744 20.48004664996398 -1.780680063569644 6.352408979910962 1.899996455301185 -7.573915794310277 -5.424426498820585 -8.934204474783447 0.11951455490299523
24.04809619238477 9.786245296918938 0.9044164837196611 4.379487261757493 2.4115634502535244 -2.6187735648056076 -1.2010975999584694 13.326151873483425 19.985095971378335 33.87369127540751 15.950678503452895 18.463695009932547 7.745761989789723 12.122214556517235 -0.6490968227022895 2.32093594402271 18.954094792126586 6.79073965462097 10.598785398233375 0.9856724358326474 4.607975921253935 20.48620150155316 -1.774525211980471 6.358563831500135 1.906151306890358 -7.567760942721104 -5.418271647231412 -8.928049623194275 0.12566940649216818
24.10821643286573 9.792391932745055 0.9105631195457775 4.3856338975836096 2.4177100860796408 -2.6126269289794912 -1.194950964132353 13.332298509309542 19.991242607204455 33.879837911233636 15.956825139279012 18.469841645758663 7.751908625615839 12.128361192343352 -0.6429501868761731 2.3270825798488266 18.960241427952703 6.796886290447087 10.604932034059509 0.9918190716587638 4.6141225570800515 20.49234813737928 -1.7683785761543547 6.364710467326269 1.9122979427164744 -7.561614306894987 -5.412125011405296 -8.921902987368158 0.1318160423182846
24.168336673346694 9.798530430732058 0.9167016175327625 4.391772395570612 2.4238485840666257 -2.6064884309924885 -1.188812466145368 13.338437007296545 19.997381105191458 33.885976409220625 15.962963637266014 18.475980143745655 7.758047123602842 12.134499690330337 -0.6368116888891704 2.3332210778358116 18.966379925939705 6.803024788434089 10.611070532046494 0.9979575696457665 4.620261055067054 20.498486635366284 -1.762240078167352 6.370848965313254 1.918436440703477 -7.5554758089079845 -5.405986513418293 -8.915764489381155 0.1379545403052873
24.228456913827653 9.804660866650625 0.9228320534513301 4.39790283148918 2.4299790199851934 -2.600357995073921 -1.1826820302268004 13.344567443215112 20.003511541110022 33.892106845139196 15.969094073184582 18.482110579664226 7.76417755952141 12.140630126248904 -0.6306812529706027 2.339351513754379 18.972510361858273 6.809155224352657 10.617200967965061 1.0040880055643342 4.626391490985622 20.50461707128484 -1.7561096422487843 6.3769794012318215 1.9245668766220447 -7.549345372989417 -5.3998560774997255 -8.909634053462588 0.14408497622385497
24.288577154308616 9.810783323747803 0.9289545105485253 4.404025288586375 2.4361014770823886 -2.5942355379767434 -1.1765595731296052 13.35068990031229 20.0096339982072 33.89822930223638 15.97521653028176 18.48823303676141 7.770300016618587 12.1467525833461 -0.6245587958734253 2.3454739708515744 18.97863281895545 6.815277681449852 10.623323425062257 1.0102104626615116 4.632513948082799 20.510739528382025 -1.749987185151607 6.383101858329017 1.9306893337192221 -7.543222915892222 -5.39373362040253 -8.90351159636541 0.15020743332103237
24.34869739478958 9.816897877999171 0.9350690647998938 4.410139842837726 2.442216031333757 -2.588120983725375 -1.1704450188782367 13.356804454563658 20.015748552458568 33.90434385648774 15.981331084533128 18.49434759101278 7.776414570869956 12.152867137597468 -0.6184442416220568 2.351588525102943 18.98474737320682 6.821392235701203 10.629437979313607 1.0163250169128801 4.638628502334168 20.516854082633394 -1.7438726309002384 6.389216412580367 1.9368038879705907 -7.537108361640871 -5.38761906615118 -8.897397042114042 0.1563219875724009
24.40881763527054 9.823004604266128 0.9411757910668506 4.4162465691047 2.448322757600714 -2.582014257458418 -1.16433829261128 13.362911180830615 20.021855278725535 33.910450582754706 15.987437810800085 18.500454317279736 7.782521297136912 12.158973863864425 -0.6123375153551001 2.3576952513698997 18.990854099473776 6.827498961968177 10.635544705580582 1.0224317431798369 4.6447352286011245 20.52296080890036 -1.7377659046332816 6.395323138847342 1.9429106142375474 -7.531001635373896 -5.381512339884205 -8.891290315847085 0.16242871383935764
