web/models/mosfit_kne/mosfit_kn_3.0000/mosfit_kn_0.003466_0.4217_3.0000.dat
# %ECSV 1.0
# ---
# datatype:
# - {name: time, datatype: float64}
# - {name: PS1_g, datatype: float64}
# - {name: PS1_i, datatype: float64}
# - {name: PS1_r, datatype: float64}
# - {name: PS1_w, datatype: float64}
# - {name: PS1_y, datatype: float64}
# - {name: PS1_z, datatype: float64}
# - {name: swift_uvot_B, datatype: float64}
# - {name: swift_uvot_U, datatype: float64}
# - {name: swift_uvot_uvm2, datatype: float64}
# - {name: swift_uvot_uvw1, datatype: float64}
# - {name: swift_uvot_uvw2, datatype: float64}
# - {name: swift_uvot_V, datatype: float64}
# - {name: johnson_B, datatype: float64}
# - {name: johnson_I, datatype: float64}
# - {name: johnson_R, datatype: float64}
# - {name: johnson_U, datatype: float64}
# - {name: johnson_V, datatype: float64}
# - {name: sdss_g, datatype: float64}
# - {name: sdss_i, datatype: float64}
# - {name: sdss_r, datatype: float64}
# - {name: sdss_u, datatype: float64}
# - {name: sdss_z, datatype: float64}
# - {name: ATLAS_c, datatype: float64}
# - {name: ATLAS_o, datatype: float64}
# - {name: ukirt_H, datatype: float64}
# - {name: ukirt_J, datatype: float64}
# - {name: ukirt_K, datatype: float64}
# - {name: Clear, datatype: float64}
# meta: !!omap
# - comment: [kappa = 3.0, type = rprocess, mass = 0.003465724215782086, velocity = 0.4216666666666667, theta_obs = 0.0, tfloor = 1000.0]
# schema: astropy-2.0
time PS1_g PS1_i PS1_r PS1_w PS1_y PS1_z swift_uvot_B swift_uvot_U swift_uvot_uvm2 swift_uvot_uvw1 swift_uvot_uvw2 swift_uvot_V johnson_B johnson_I johnson_R johnson_U johnson_V sdss_g sdss_i sdss_r sdss_u sdss_z ATLAS_c ATLAS_o ukirt_H ukirt_J ukirt_K Clear
[from data line 474]
28.557114228456914 16.633590650818633 7.751761837619355 11.226832615657187 9.2589088041532 4.228571789094087 5.646247753941225 20.17349722738312 26.832441325278033 40.7210366293072 22.79802385735259 25.31104036383224 14.593107343689418 18.96955991041693 6.198248531197405 9.168281297922405 25.80144014602628 13.638085008520664 17.44613075213307 7.833017789732342 11.45532127515363 27.33354685545286 5.072820141919223 13.205909185399829 8.753496660790052 -0.7204155888214088 1.4290737066682815 -2.08070426929458 6.973014760391862
28.617234468937873 16.643807368851178 7.7619785556519005 11.237049333689733 9.269125522185746 4.238788507126632 5.65646447197377 20.183713945415665 26.84265804331058 40.73125334733975 22.808240575385124 25.321257081864776 14.603324061721963 18.979776628449457 6.20846524922995 9.178498015954933 25.811656864058826 13.648301726553209 17.456347470165614 7.843234507764887 11.465537993186175 27.343763573485404 5.083036859951768 13.216125903432374 8.763713378822597 -0.7101988707888636 1.4392904247008267 -2.0704875512620347 6.983231478424408
28.677354709418836 16.654004422109256 7.772175608909961 11.247246386947811 9.279322575443825 4.24898556038471 5.666661525231831 20.193910998673726 26.852855096568646 40.74145040059783 22.818437628643206 25.331454135122858 14.613521114980042 18.989973681707536 6.2186623024880285 9.188695069213011 25.821853917316904 13.658498779811287 17.466544523423693 7.8534315610229655 11.475735046444253 27.353960626743472 5.093233913209847 13.226322956690453 8.773910432080676 -0.7000018175307849 1.4494874779589053 -2.060290498003956 6.993428531682486
28.7374749498998 16.66418188755392 7.782353074354624 11.257423852392474 9.289500040888488 4.259163025829373 5.676838990676494 20.20408846411839 26.86303256201331 40.75162786604249 22.82861509408787 25.34163160056752 14.623698580424705 19.0001511471522 6.228839767932674 9.198872534657674 25.832031382761567 13.66867624525595 17.476721988868356 7.863609026467628 11.485912511888898 27.364138092188135 5.10341137865451 13.236500422135116 8.784087897525339 -0.689824352086122 1.4596649434035682 -2.050113032559293 7.003605997127149
28.79759519038076 16.674339838666725 7.792511025467448 11.26758180350528 9.299657992001293 4.269320976942179 5.686996941789317 20.214246415231212 26.873190513126126 40.76178581715529 22.83877304520067 25.351789551680323 14.63385653153751 19.010309098265004 6.238997719045497 9.20903048577048 25.842189333874373 13.678834196368756 17.48687993998116 7.873766977580434 11.496070463001722 27.37429604330095 5.113569329767316 13.246658373247922 8.794245848638145 -0.6796664009733162 1.469822894516374 -2.0399550814464873 7.013763948239955
28.857715430861724 16.68447834368692 7.802649530487624 11.277720308525474 9.309796497021487 4.279459481962373 5.697135446809494 20.22438492025139 26.88332901814631 40.77192432217548 22.848911550220866 25.361928056700517 14.643995036557705 19.0204476032852 6.249136224065674 9.219168990790674 25.852327838894567 13.68897270138895 17.497018445001356 7.883905482600628 11.506208968021898 27.384434548321135 5.12370783478751 13.256796878268116 8.804384353658339 -0.6695278959531221 1.4799613995365681 -2.029816576426293 7.023902453260149
28.917835671342683 16.694597469488652 7.812768656289357 11.287839434327207 9.31991562282322 4.289578607764106 5.707254572611227 20.23450404605312 26.893448143948042 40.78204344797722 22.859030676022602 25.372047182502254 14.654114162359438 19.03056672908693 6.259255349867407 9.229288116592407 25.8624469646963 13.699091827190683 17.50713757080309 7.894024608402361 11.516328093823649 27.394553674122868 5.133826960589243 13.266916004069849 8.814503479460072 -0.6594087701513891 1.4900805253383012 -2.01969745062456 7.034021579061882
28.977955911823646 16.704697290974018 7.822868477774723 11.297939255812572 9.330015444308586 4.299678429249472 5.717354394096592 20.244603867538487 26.903547965433408 40.79214326946258 22.869130497507964 25.382147003987615 14.664213983844803 19.040666550572297 6.269355171352772 9.239387938077773 25.87254678618166 13.709191648676049 17.517237392288454 7.904124429887727 11.526427915308997 27.404653495608233 5.143926782074608 13.277015825555214 8.824603300945437 -0.6493089486660237 1.5001803468236665 -2.009597629139195 7.0441214005472474
29.03807615230461 16.714777874488398 7.832949061289121 11.308019839326953 9.340096027822984 4.309759012763852 5.72743497761099 20.254684451052885 26.9136285489478 40.80222385297698 22.879211081022355 25.392227587502006 14.674294567359183 19.050747134086695 6.27943575486717 9.24946852159217 25.882627369696053 13.719272232190447 17.527317975802852 7.914205013402107 11.536508498823395 27.414734079122624 5.154007365588988 13.287096409069612 8.834683884459817 -0.6392283651516435 1.5102609303380468 -1.9995170456248146 7.054201984061628
29.09819639278557 16.7248392981411 7.843010484941821 11.318081262979653 9.350157451475667 4.319820436416553 5.737496401263691 20.264745874705586 26.9236899726005 40.81228527662967 22.889272504675056 25.402289011154707 14.684355991011884 19.060808557739396 6.289497178519871 9.259529945244871 25.892688793348746 13.72933365584313 17.537379399455535 7.924266437054808 11.546569922476095 27.424795502775325 5.164068789241689 13.297157832722295 8.844745308112518 -0.6291669414989427 1.5203223539907476 -1.9894556219721138 7.0642634077143285
29.158316633266534 16.734881634558718 7.853052821359441 11.32812359939729 9.360199787893304 4.329862772834172 5.74753873768131 20.274788211123205 26.933732309018126 40.8223276130473 22.899314841092675 25.412331347572326 14.694398327429504 19.070850894157015 6.29953951493749 9.26957228166249 25.902731129766373 13.739375992260767 17.547421735873172 7.934308773472427 11.556612258893715 27.434837839192944 5.174111125659309 13.307200169139932 8.854787644530138 -0.6191246050813055 1.5303646904083847 -1.9794132855544944 7.074305744131948
29.218436873747493 16.744904940058607 7.86307612685933 11.33814690489718 9.370223093393193 4.339886078334079 5.757562043181199 20.284811516623094 26.943755614518015 40.832350918547185 22.909338146592564 25.422354653072215 14.704421632929392 19.080874199656904 6.309562820437379 9.27959558716238 25.912754435266265 13.749399297760656 17.55744504137306 7.944332078972316 11.566635564393604 27.44486114469284 5.1841344311591975 13.317223474639821 8.864810950030027 -0.6091012995814167 1.5403879959082736 -1.9693899800546055 7.084329049631837
29.278557114228455 16.75490929012252 7.873080476923224 11.348151254961074 9.380227443457088 4.349890428397973 5.767566393245094 20.29481586668699 26.95375996458191 40.842355268611094 22.919342496656466 25.432359003136117 14.714425982993305 19.0908785497208 6.3195671705012915 9.289599937226274 25.922758785330167 13.75940364782455 17.567449391436956 7.954336429036228 11.576639914457516 27.454865494756735 5.19413878122311 13.327227824703716 8.874815300093939 -0.599096949517522 1.5503923459721682 -1.959385629990693 7.094333399695749
29.338677354709418 16.764894761968776 7.883065948769499 11.358136726807349 9.390212915303362 4.35987590024423 5.777551865091368 20.304801338533263 26.963745436428184 40.85234074045736 22.929327968502733 25.442344474982384 14.724411454839561 19.100864021567073 6.329552642347548 9.299585409072549 25.93274425717643 13.769389119670825 17.57743486328323 7.964321900882485 11.586625386303773 27.46485096660301 5.2041242530693665 13.33721329654999 8.884800771940196 -0.5891114776712476 1.5603778178184426 -1.9494001581444365 7.104318871542006
29.39879759519038 16.77486141014942 7.8930325969501425 11.368103374987975 9.400179563483988 4.369842548424874 5.787518513272012 20.314767986713907 26.97371208460882 40.862307388637994 22.939294616683366 25.452311123163017 14.734378103020205 19.1108306697477 6.339519290528192 9.309552057253175 25.942710905357067 13.77935576785145 17.587401511463856 7.974288549063129 11.596592034484416 27.474817614783646 5.21409090125001 13.347179944730616 8.89476742012084 -0.5791448294906216 1.5703444659990686 -1.9394335099637927 7.1142855197226496
29.458917835671343 16.7848093094395 7.902980496240222 11.378051274278072 9.410127462774085 4.379790447714971 5.797466412562091 20.324715886003986 26.983659983898907 40.87225528792808 22.949242515973463 25.462259022453107 14.744326002310302 19.120778569037796 6.349467189818271 9.319499956543272 25.952658804647157 13.789303667141548 17.597349410753953 7.984236448353208 11.606539933774496 27.484765514073732 5.2240388005400895 13.357127844020713 8.904715319410919 -0.5691969302005246 1.5802923652891656 -1.9294856106737135 7.1242334190127465
29.519038076152302 16.794738525687976 7.912909712488698 11.38798049052653 9.420056679022544 4.3897196639634295 5.807395628810568 20.334645102252452 26.993589200147376 40.88218450417654 22.95917173222192 25.472188238701573 14.754255218558761 19.130707785286255 6.359396406066748 9.32942917279173 25.962588020895623 13.799232883390006 17.60727862700241 7.9941656646016845 11.616469150022972 27.494694730322202 5.233968016788566 13.367057060269172 8.914644535659395 -0.5592677139520659 1.5902215815376244 -1.919556394425237 7.134162635261205
29.579158316633265 16.804649133531395 7.9228203203321 11.39789109836995 9.429967286865963 4.399630271806849 5.81730623665397 20.344555710095875 27.003499807990785 40.892095112019966 22.969082340065345 25.482098846544996 14.76416582640218 19.140618393129675 6.3693070139101495 9.33933978063515 25.972498628739043 13.809143491233426 17.61718923484583 8.004076272445104 11.626379757866392 27.50460533816561 5.243878624631986 13.376967668112592 8.924555143502815 -0.5493571061086462 1.600132189381044 -1.9096457865818173 7.144073243104625
29.639278557114228 16.81454118949251 7.932712376293232 11.407783154331081 9.439859342827095 4.409522327767963 5.827198292615101 20.354447766056996 27.01339186395191 40.90198716798109 22.978974396026466 25.491990902506117 14.774057882363294 19.150510449090806 6.379199069871281 9.349231836596282 25.982390684700164 13.819035547194558 17.627081290806963 8.013968328406218 11.636271813827506 27.514497394126735 5.2537706805930995 13.386859724073723 8.934447199463929 -0.5394650501475147 1.6100242453421756 -1.8997537306207035 7.153965299065739
29.69939879759519 16.824414765572016 7.942585952372738 11.41765673041057 9.449732918906584 4.4193959038474695 5.837071868694608 20.364321342136492 27.023265440031416 40.91186074406058 22.988847972105972 25.501864478585613 14.783931458442801 19.160384025170313 6.389072645950788 9.35910541267577 25.992264260779663 13.828909123274046 17.63695486688645 8.023841904485725 11.646145389907012 27.524370970206242 5.263644256672606 13.396733300153212 8.944320775543435 -0.5295914740680259 1.6198978214216644 -1.889880154541197 7.163838875145245
29.75951903807615 16.834269926940646 7.952441113741351 11.4275118917792 9.459588080275214 4.4292510652161 5.84692703006322 20.374176503505126 27.033120601400036 40.92171590542921 22.998703133474596 25.511719639954247 14.793786619811431 19.170239186538925 6.3989278073194 9.3689605740444 26.002119422148294 13.838764284642677 17.646810028255082 8.033697065854355 11.656000551275625 27.53422613157486 5.2734994180412365 13.406588461521842 8.954175936912065 -0.5197363126993955 1.6297529827902948 -1.8800249931725665 7.173694036513876
29.819639278557112 16.844106741032938 7.962277927833643 11.437348705871493 9.469424894367506 4.439087879308392 5.8567638441555125 20.384013317597415 27.042957415492328 40.93155271952151 23.008539947566884 25.521556454046536 14.803623433903724 19.180076000631217 6.40876462141171 9.378797388136693 26.011956236240586 13.848601098734969 17.656646842347374 8.043533879946647 11.665837365367935 27.544062945667154 5.283336232133529 13.416425275614134 8.964012751004358 -0.5098994986071033 1.639589796882587 -1.8701881790802743 7.183530850606168
29.879759519038075 16.853925274421915 7.97209646122262 11.44716723926047 9.479243427756483 4.448906412697369 5.866582377544489 20.393831850986395 27.052775948881305 40.94137125291048 23.018358480955865 25.531374987435516 14.8134419672927 19.189894534020194 6.418583154800669 9.38861592152567 26.021774769629562 13.858419632123946 17.66646537573635 8.053352413335624 11.675655898756894 27.55388147905613 5.293154765522505 13.426243809003111 8.973831284393334 -0.5000809652181266 1.6494083302715636 -1.8603696456912977 7.193349383995145
29.939879759519037 16.86372558828687 7.981896775087591 11.456967553125441 9.489043741621455 4.45870672656234 5.876382691409461 20.403632164851366 27.062576262746276 40.95117156677545 23.028158794820836 25.541175301300488 14.823242281157672 19.199694847885166 6.428383468665641 9.398416235390641 26.031575083494523 13.868219945988917 17.676265689601323 8.063152727200595 11.685456212621865 27.563681792921102 5.302955079387477 13.436044122868083 8.983631598258288 -0.490280651353155 1.6592086441365352 -1.850569331826326 7.203149697860116
30.0 16.873507746463776 7.991678933264481 11.466749711302331 9.498825899798344 4.46848888473923 5.8861648495863506 20.413414323028256 27.072358420923166 40.96095372495235 23.037940952997726 25.550957459477377 14.833024439334562 19.209477006062055 6.438165626842548 9.408198393567531 26.041357241671424 13.878002104165807 17.686047847778212 8.072934885377485 11.695238370798773 27.57346395109799 5.312737237564367 13.445826281044972 8.993413756435196 -0.48049849317626525 1.668990802313425 -1.8407871736494363 7.212931856037006
