web/models/mosfit_kne/mosfit_kn_3.0000/mosfit_kn_0.500000_0.2807_3.0000.dat
# %ECSV 1.0
# ---
# datatype:
# - {name: time, datatype: float64}
# - {name: PS1_g, datatype: float64}
# - {name: PS1_i, datatype: float64}
# - {name: PS1_r, datatype: float64}
# - {name: PS1_w, datatype: float64}
# - {name: PS1_y, datatype: float64}
# - {name: PS1_z, datatype: float64}
# - {name: swift_uvot_B, datatype: float64}
# - {name: swift_uvot_U, datatype: float64}
# - {name: swift_uvot_uvm2, datatype: float64}
# - {name: swift_uvot_uvw1, datatype: float64}
# - {name: swift_uvot_uvw2, datatype: float64}
# - {name: swift_uvot_V, datatype: float64}
# - {name: johnson_B, datatype: float64}
# - {name: johnson_I, datatype: float64}
# - {name: johnson_R, datatype: float64}
# - {name: johnson_U, datatype: float64}
# - {name: johnson_V, datatype: float64}
# - {name: sdss_g, datatype: float64}
# - {name: sdss_i, datatype: float64}
# - {name: sdss_r, datatype: float64}
# - {name: sdss_u, datatype: float64}
# - {name: sdss_z, datatype: float64}
# - {name: ATLAS_c, datatype: float64}
# - {name: ATLAS_o, datatype: float64}
# - {name: ukirt_H, datatype: float64}
# - {name: ukirt_J, datatype: float64}
# - {name: ukirt_K, datatype: float64}
# - {name: Clear, datatype: float64}
# meta: !!omap
# - comment: [kappa = 3.0, type = rprocess, mass = 0.5000000000045836, velocity = 0.2806666666666667, theta_obs = 0.0, tfloor = 1000.0]
# schema: astropy-2.0
time PS1_g PS1_i PS1_r PS1_w PS1_y PS1_z swift_uvot_B swift_uvot_U swift_uvot_uvm2 swift_uvot_uvw1 swift_uvot_uvw2 swift_uvot_V johnson_B johnson_I johnson_R johnson_U johnson_V sdss_g sdss_i sdss_r sdss_u sdss_z ATLAS_c ATLAS_o ukirt_H ukirt_J ukirt_K Clear
[from data line 226]
13.647294589178356 -27.964996448789172 -27.02926059467444 -27.438246157391006 -27.613674003521567 -26.494065598516965 -26.71772084412762 -28.051258231433415 -29.652067363073353 -31.19372384110163 -30.803348695271406 -31.41950827086845 -27.699969661247625 -28.055061982016788 -27.33105326699735 -27.560433333703422 -29.31371381412489 -27.701609874954066 -28.02931825983352 -27.049108079656303 -27.439820230831433 -28.57411793172707 -26.666430022499394 -27.806042127913564 -27.29866407741879 -25.34497982253155 -25.973634270563064 -24.768098058322888 -27.51840456662702
13.707414829659317 -27.999867731990467 -27.063253122733908 -27.47257264348624 -27.64824742886958 -26.52773157516174 -26.751512724387894 -28.08636843198831 -29.687868764748195 -31.231469611465354 -30.840717152853117 -31.457962762680175 -27.734533661612303 -28.090163416355892 -27.36495674181149 -27.59468969769043 -29.34937539956873 -27.736165381732164 -28.064261618031825 -27.08310902875713 -27.4741443623798 -28.609805815517078 -26.700192733497587 -27.840754961965768 -27.332874864425065 -25.378177827062554 -26.007053751889764 -24.801138895398417 -27.55295152898757
13.76753507014028 -28.034660082487033 -27.09718558096899 -27.506831933475073 -27.682748432699018 -26.561344396529858 -26.78524878955777 -28.121394489395783 -29.72357083866715 -31.269072306679767 -30.877951460290998 -31.49625795152684 -27.76902535442351 -28.125180904471602 -27.39880203923023 -27.62888037246122 -29.38494074233975 -27.7706487691481 -28.099124477913655 -27.11704972888242 -27.508401345850118 -28.64539687043603 -26.733900247854603 -27.8753923144294 -27.36702094247839 -25.411332488014203 -26.040425261846547 -24.8341396564599 -27.58742667561325
13.827655310621243 -28.069375022171048 -27.131059075292292 -27.54102528881898 -27.71717838842015 -26.594905019682127 -26.818930053718315 -28.156338043691857 -29.759175573068575 -31.30653495520923 -30.91505441501548 -31.5343972603057 -27.80344611442746 -28.160116081684844 -27.432590224157433 -27.663006586150633 -29.420411759461118 -27.805061407544947 -28.133908396614373 -27.15093128983476 -27.54259244175225 -28.680893027308 -26.767553566301245 -27.909955629057723 -27.401103517993555 -25.44444455504546 -26.073749647286384 -24.86710102319696 -27.621831364926752
13.887775551102203 -28.104014180174435 -27.164874824255563 -27.57515408168331 -27.751538778890534 -26.628414516059618 -26.85255764467671 -28.191200840442747 -29.794685056499244 -31.34386066846052 -30.95202890234111 -31.57238418796585 -27.83779742557065 -28.19497068892972 -27.466322474630715 -27.69706967803681 -29.45579046935385 -27.839404776538142 -28.168615038013503 -27.184754934008453 -27.576719021305998 -28.716296318127323 -26.801153803452884 -27.94444645797194 -27.435123908817598 -25.47751489441296 -26.107027870656037 -24.900023794562035 -27.656167065088795
13.947895791583166 -28.138578310144027 -27.19863320765535 -27.609218831625668 -27.78583022427588 -26.661873131755733 -26.886131859738942 -28.225983739523272 -29.830100462036366 -31.38105155616769 -30.988876824070726 -31.61022119985223 -27.872079909223874 -28.229745581841858 -27.49999913360692 -27.731070137728892 -29.491077981023228 -27.87367949354063 -28.20324518744469 -27.218521044694715 -27.610781603214143 -28.751607864313407 -26.834701244623922 -27.97886548457166 -27.469082585041722 -25.510543565987188 -26.140260079083646 -24.932907969417283 -27.690434382791302
14.008016032064127 -28.17306863435393 -27.232335065986106 -27.64322052202207 -27.820053811023158 -26.695281570372167 -26.919653454964774 -28.260688071371185 -29.865423438664305 -31.418110216534426 -31.025600569451193 -31.64791125382431 -27.906294652679666 -28.264442086566962 -27.53362100388901 -27.76500891802914 -29.526275878331553 -27.907886641828355 -28.23780009947102 -27.252230465962626 -27.64478116996896 -28.786829262319902 -26.868196633600316 -28.01321385959442 -27.502980479546935 -25.543531082322325 -26.1734468747059 -24.96575399761546 -27.724634390884226
14.06813627254509 -28.207486380810103 -27.265981253036635 -27.677160146770596 -27.854210634197898 -26.728640551384153 -26.953123201308102 -28.295315169890635 -29.90065563203599 -31.455039222951097 -31.062202508417016 -31.685457274581438 -27.940442751670773 -28.299061532817426 -27.567188902294816 -27.798886982872457 -29.561385743214174 -27.942027313207586 -28.272281033721143 -27.28588405510706 -27.67871871459791 -28.82196210639041 -26.901640729295018 -28.047492741006188 -27.536818536746424 -25.576477975300943 -26.20658887739232 -24.998562349429086 -27.75876817117311
14.128256513026052 -28.24183305097751 -27.299572895550543 -27.71103897301643 -27.888302062470363 -26.761951066805754 -26.986542142436818 -28.32986664237603 -29.93579896075209 -31.49184141816637 -31.098685282252863 -31.722862454347695 -27.97452557527664 -28.333605523715168 -27.600703918500457 -27.832705569407292 -29.59640943067325 -27.976102872842926 -28.306689523278834 -27.31948294238629 -27.71259550336719 -28.857008263794377 -26.935034563300242 -28.081703560271638 -27.570597974247963 -25.609385048510692 -26.239686979151013 -25.031333766487528 -27.792837079159618
14.188376753507013 -28.27610938314029 -27.33311038755655 -27.74485752369822 -27.922328711930504 -26.795213387061327 -27.019910596152545 -28.364343324480263 -29.97085454708685 -31.528518777155078 -31.13505067946191 -31.760129091087425 -28.008543740103626 -28.368074891065532 -27.634166412515643 -27.866465173012564 -29.63134800440286 -28.010113933734747 -28.34102633550925 -27.353027525055023 -27.74641205841199 -28.891968809533246 -26.968378442337677 -28.115846991280655 -27.604319269476107 -25.64225239968795 -26.2727413587238 -25.0640682897961 -27.826841718775164
14.248496993987976 -28.310317274680568 -27.366595255277506 -27.778617464275825 -27.956292348962517 -26.828428904539248 -27.053230006180193 -28.39874721806097 -30.005824699827404 -31.565074516115498 -31.171301720423017 -31.79726074336328 -28.04249901251468 -28.402471632634278 -27.66757787377146 -27.900167429447873 -29.666203710532645 -28.04406225839633 -28.375293399036217 -27.386519332823855 -27.780170044309642 -28.926846001793027 -27.001673798141006 -28.149924862300875 -27.63798403884749 -25.67508123363122 -26.30575330900662 -25.096767062348576 -27.860783843540364
14.308617234468937 -28.34445691110055 -27.400027369890267 -27.812318783630694 -27.990193047547862 -26.86159737755057 -27.086500174092603 -28.43307859750671 -30.040709955032483 -31.60150994966314 -31.207439549821565 -31.83425902085443 -28.07639146690801 -28.436796019301433 -27.700938142382558 -27.933812302434255 -29.700977031638136 -28.077947917936786 -28.40949092591215 -27.41995823981517 -27.813869449206656 -28.961640333467358 -27.03492042216638 -28.18393730005525 -27.671592229692816 -25.707871150953917 -26.338722504589143 -25.129429632947563 -27.894663516356957
14.3687374749499 -28.37852959747952 -27.43340769620879 -27.845962574234857 -28.02403199274229 -26.89471964818834 -27.119721989058263 -28.467338863643416 -30.075511994809432 -31.637827591371156 -31.2434665021895 -31.87112675094131 -28.11022228825034 -28.47104944814767 -27.73424814942895 -27.967400857219104 -29.73566959240521 -28.11177209379792 -28.443620249851485 -27.453345214040734 -27.847511364764213 -28.996353440284697 -27.06811919258751 -28.217885546286947 -27.705144889529816 -25.74062282170441 -26.371649696322432 -25.162056614948472 -27.928481910516094
14.428857715430862 -28.412536378496025 -27.46673695293671 -27.879549677095667 -28.057810114279818 -26.92779631757242 -27.15289609730304 -28.50152915285617 -30.110232224948454 -31.674029643285508 -31.279384608312224 -31.907866436219802 -28.14399240615404 -28.505233051973317 -27.767508581293942 -28.000933908730065 -29.770282743627725 -28.14553571221754 -28.47768244296164 -27.486680977267905 -27.88109663121192 -29.030986683611992 -27.10127074509609 -28.251770585012643 -27.738642816302654 -25.773336682140307 -26.404535397896964 -25.194648390276694 -27.962239944496066
14.488977955911823 -28.446478503271315 -27.500016064429325 -27.91308113849217 -28.091528546988016 -26.960828192743893 -27.18602335088173 -28.53565080548397 -30.144872253582644 -31.710118503379835 -31.31519609710896 -31.944480772421183 -28.1777029551487 -28.539348167563027 -27.800720330099217 -28.034412477267622 -29.804818038792284 -28.17923990437485 -28.511678781658087 -27.51996645690717 -27.914626294049043 -29.06554162742964 -27.134375921238636 -28.28559360500991 -27.772087013396067 -25.8060133746404 -26.437380329060165 -25.227205546992884 -27.99593874198525
14.549098196392785 -28.480357620713868 -27.533246351450202 -27.946558402476 -28.12518882457722 -26.993816475714905 -27.219104997386054 -28.56970556241092 -30.179434091382014 -31.746096975856556 -31.35090360396447 -31.98097286238227 -28.211355468422312 -28.573396532231094 -27.83388468399598 -28.067837980639798 -29.839277433543973 -28.212886200087098 -28.545610942385018 -27.553202976812585 -27.948101796533127 -29.100020237934316 -27.16743595797192 -28.31935619433473 -27.805478881531922 -25.838653934307306 -26.470185603377363 -25.259729065073127 -28.02957982553279
14.609218436873746 -28.514173087130263 -27.566426907768697 -27.97998066120428 -28.158790210503675 -27.02676016580906 -27.252140072352855 -28.60369285401258 -30.213917386627163 -31.78196535583725 -31.3865072841185 -32.017343246240365 -28.24494920952245 -28.607377573446232 -27.86700071077525 -28.101209589997957 -29.873660531642045 -28.24647386017117 -28.579478303588512 -27.586389633216708 -27.98152233020046 -29.134422127454513 -27.20044988236987 -28.35305766031558 -27.838817578180972 -25.87125722830837 -26.502950150043922 -25.2922177682076 -28.063162449447177
14.669338677354709 -28.54792718856391 -27.59955968711589 -28.013349993427408 -28.19233487464027 -27.059661096124348 -27.28513045520673 -28.63761505914618 -30.248324790016774 -31.817727089817346 -31.42201041654392 -32.053595669079264 -28.2784863474119 -28.641293666487705 -27.900070331066875 -28.134529357524382 -29.907969928389424 -28.280005050201474 -28.613283179123936 -27.619528382986687 -28.01488997298657 -29.16874990189033 -27.233419563057293 -28.386700227575687 -27.872105138232044 -25.903824919791184 -26.535675712165432 -25.324673263297864 -28.096688772460006
14.729458917835672 -28.581620248421924 -27.6326447369574 -28.046666550239454 -28.2258230434347 -27.09251921436829 -27.318076131938085 -28.67147257863999 -30.282656929612646 -31.85338347543054 -31.457414156282866 -32.08973168095318 -28.311967108148696 -28.675145209176062 -27.933093564933415 -28.167797412245623 -29.942206205484638 -28.313479993398026 -28.64702591557231 -27.652619276185266 -28.048204875319342 -29.203004151832257 -27.26634497709025 -28.4202841683088 -27.905341676344317 -25.9363568163522 -26.568362163186823 -25.357095311694163 -28.130159011610658
14.789579158316633 -28.61525373269899 -27.66568322485247 -28.079931611458235 -28.259256078534847 -27.125335579799223 -27.350978203393677 -28.705266961864286 -30.31691559903697 -31.88893702177705 -31.49272086184899 -32.12575405960737 -28.345392852567628 -28.70893374766734 -27.96607155021472 -28.201015010121033 -29.97637110676956 -28.346900047552147 -28.680708003911075 -27.68566348318746 -28.081468316284983 -29.237186630644292 -27.299227215619837 -28.453810893339906 -27.938528432947614 -25.96885382470665 -26.601010481586247 -25.38948476963609 -28.163574518538734
14.849699398797595 -28.64882819478412 -27.698675433835938 -28.113145561748123 -28.292634438631517 -27.15811037748928 -27.38383689225447 -28.738998837862432 -30.351101649141174 -31.924389231033356 -31.527931897803345 -32.161664552234086 -28.378764038745008 -28.742659908080807 -27.999004543052585 -28.234182514199794 -30.010465437868127 -28.38026566797495 -28.714330020189696 -27.71866128957644 -28.114680679888657 -29.271298152608782 -27.33206649255571 -28.487280906005896 -27.97166575702077 -26.0013159920987 -26.633620779423026 -25.4218416388057 -28.19693574281585
14.909819639278556 -28.68234500298751 -27.731622448254196 -28.14630959232897 -28.325959392931015 -27.190844588602925 -27.41665321931645 -28.77266965415781 -30.385216759368205 -31.959742460676978 -31.56304947962017 -32.19746577060994 -28.412081934967787 -28.776325134895394 -28.031893599488733 -28.267301093004075 -30.044490830972965 -28.413578120067108 -28.74789335646339 -27.751613782380016 -28.147843156650065 -29.305340358946292 -27.364863819457828 -28.520695522198114 -28.004754802313467 -26.033744154218713 -26.666193960848403 -25.45416670671583 -28.23024394418681
14.969939879759519 -28.715798723756407 -27.764518708855643 -28.179418190597225 -28.359225462220294 -27.223532609695873 -27.44942159801191 -28.806274013529205 -30.419255640574807 -31.994991753212116 -31.598068574338765 -32.23315288587637 -28.445341062944422 -28.80992402940978 -28.064733148041434 -28.300365223859878 -30.078441974714398 -28.44683192417081 -28.781392589977557 -27.7845154035084 -28.180950233693682 -29.33930794261709 -27.397613605790454 -28.55404928439439 -28.037790039585424 -26.066132646863625 -26.698724389998123 -25.486454289488037 -28.263493638681183
15.03006012024048 -28.74920202613282 -27.7973763570278 -28.212483697752404 -28.39244513474334 -27.256186387680952 -27.482154050131022 -28.83982472985319 -30.453231527545217 -32.03015154507192 -31.633003378123767 -32.268740777419346 -28.478553906706676 -28.843469400092538 -28.097535276949614 -28.33338720583597 -30.112332018503036 -28.480039559121316 -28.81484043336359 -27.8173782993783 -28.21401425084659 -29.37321406918514 -27.430327855959167 -28.58735476566311 -28.070783740508496 -26.098493139889772 -26.731223867585356 -25.5187159643955 -28.296697298033298
15.090180360721442 -28.78255020031787 -27.830190554335417 -28.24550132324145 -28.42561365438348 -27.2888010385733 -27.51484570910579 -28.87331713022957 -30.48713985679507 -32.06521760532946 -31.667849585697674 -32.30422534253029 -28.51171571076937 -28.876956572559415 -28.130295135196956 -28.366362238079923 -30.146156376394437 -28.513196268055975 -28.84823218780978 -27.85019763274887 -28.247030417268615 -29.40705415706219 -27.4630016993091 -28.62060723184884 -28.10373109751776 -26.130820686336072 -26.76368747608162 -25.550946763979386 -28.329850161390606
15.150300601202405 -28.815843731915933 -27.862961543870668 -28.278471401463303 -28.458731422235868 -27.321376717266546 -27.547496763711603 -28.906751767836713 -30.520981379275813 -32.10019126242475 -31.702608405119044 -32.339608126144874 -28.544826875333015 -28.910386097398927 -28.16301294168743 -28.399290635610043 -30.179915759054776 -28.546302448717352 -28.88156835918325 -27.88297364900357 -28.279999066757764 -29.440828924603064 -27.495635316721927 -28.65380712383974 -28.13663241301926 -26.163115316661344 -26.79611530451984 -25.583146677463603 -28.362952621813502
15.210420841683366 -28.849083682323684 -27.895690137171023 -28.311394838111532 -28.491799412859677 -27.35391414424086 -27.580107969420897 -28.94012977353099 -30.554757428924333 -32.13507444132176 -31.737281638954382 -32.37489127428493 -28.577888373860365 -28.943759102816497 -28.195689482999928 -28.432173284155475 -30.213611459080145 -28.57935907204746 -28.91485002972093 -27.915707162043812 -28.312921104383513 -29.474539672282738 -27.528229455522144 -28.686955457060055 -28.169488559751663 -26.195377622681978 -26.82850800531334 -25.61531625397174 -28.39600564565753
