web/models/mosfit_kne/mosfit_kn_3.0000/mosfit_kn_0.095333_0.2493_3.0000.dat
# %ECSV 1.0
# ---
# datatype:
# - {name: time, datatype: float64}
# - {name: PS1_g, datatype: float64}
# - {name: PS1_i, datatype: float64}
# - {name: PS1_r, datatype: float64}
# - {name: PS1_w, datatype: float64}
# - {name: PS1_y, datatype: float64}
# - {name: PS1_z, datatype: float64}
# - {name: swift_uvot_B, datatype: float64}
# - {name: swift_uvot_U, datatype: float64}
# - {name: swift_uvot_uvm2, datatype: float64}
# - {name: swift_uvot_uvw1, datatype: float64}
# - {name: swift_uvot_uvw2, datatype: float64}
# - {name: swift_uvot_V, datatype: float64}
# - {name: johnson_B, datatype: float64}
# - {name: johnson_I, datatype: float64}
# - {name: johnson_R, datatype: float64}
# - {name: johnson_U, datatype: float64}
# - {name: johnson_V, datatype: float64}
# - {name: sdss_g, datatype: float64}
# - {name: sdss_i, datatype: float64}
# - {name: sdss_r, datatype: float64}
# - {name: sdss_u, datatype: float64}
# - {name: sdss_z, datatype: float64}
# - {name: ATLAS_c, datatype: float64}
# - {name: ATLAS_o, datatype: float64}
# - {name: ukirt_H, datatype: float64}
# - {name: ukirt_J, datatype: float64}
# - {name: ukirt_K, datatype: float64}
# - {name: Clear, datatype: float64}
# meta: !!omap
# - comment: [kappa = 3.0, type = rprocess, mass = 0.09533330950298248, velocity = 0.24933333333333338, theta_obs = 0.0, tfloor = 1000.0]
# schema: astropy-2.0
time PS1_g PS1_i PS1_r PS1_w PS1_y PS1_z swift_uvot_B swift_uvot_U swift_uvot_uvm2 swift_uvot_uvw1 swift_uvot_uvw2 swift_uvot_V johnson_B johnson_I johnson_R johnson_U johnson_V sdss_g sdss_i sdss_r sdss_u sdss_z ATLAS_c ATLAS_o ukirt_H ukirt_J ukirt_K Clear
[from data line 491]
29.579158316633265 7.252711616660967 -1.62911719653831 1.845953581499522 -0.12197023000444673 -5.152307245063579 -3.7346312802164405 10.792618193225454 17.451562291120375 31.340157595149538 13.417144823194924 15.930161329674576 5.212228309531752 9.588680876259264 -3.1826305029602606 -0.21259773623526068 16.420561111868615 4.257205974362999 8.065251717975421 -1.5478612444253237 2.074442240995964 17.9526678212952 -4.308058892238442 3.8250301512421814 -0.6273823733676132 -10.101294622979074 -7.951805327489383 -11.461583303452246 -2.407864273765803
29.639278557114228 7.2569498435143664 -1.6248789696849109 1.8501918083529212 -0.11773200315106536 -5.14806901821018 -3.7303930533630414 10.796856420078853 17.455800517973756 31.344395822002934 13.421383050048323 15.934399556527975 5.216466536385151 9.592919103112663 -3.1783922761068615 -0.2083595093818793 16.424799338722014 4.261444201216398 8.069489944828803 -1.5436230175719245 2.078680467849363 17.956906048148582 -4.303820665385043 3.8292683780955628 -0.623144146514214 -10.097056396125675 -7.947567100635984 -11.457345076598846 -2.403626046912404
29.69939879759519 7.261178696251225 -1.6206501169480525 1.8544206610897973 -0.11350315041418924 -5.1438401654733035 -3.726164200626183 10.801085272815712 17.460029370710632 31.3486246747398 13.425611902785182 15.938628409264833 5.220695389122027 9.597147955849522 -3.174163423370003 -0.20413065664500318 16.42902819145889 4.265673053953274 8.073718797565679 -1.5393941648350662 2.0829093205862215 17.961134900885458 -4.299591812648185 3.833497230832439 -0.6189152937773557 -10.092827543388799 -7.943338247899108 -11.453116223861988 -2.3993971941755454
29.75951903807615 7.265398224825699 -1.6164305883735786 1.8586401896642712 -0.1092836218397153 -5.1396206368988295 -3.721944672051709 10.805304801390186 17.464248899285106 31.352844203314273 13.429831431359656 15.942847937839307 5.224914917696501 9.601367484423996 -3.169943894795529 -0.19991112807052924 16.433247720033364 4.269892582527748 8.077938326140153 -1.5351746362605923 2.0871288491606954 17.965354429459932 -4.295372284073693 3.837716759406913 -0.6146957652028817 -10.088608014814325 -7.939118719324634 -11.448896695287496 -2.3951776656010537
29.819639278557112 7.269608492169404 -1.6122203210298736 1.8628504570079762 -0.1050733544960103 -5.135410369555142 -3.717734404708004 10.80951506873389 17.46845916662881 31.35705447065798 13.43404169870336 15.947058205183012 5.229125185040188 9.6055777517677 -3.165733627451824 -0.19570086072682424 16.43745798737705 4.274102849871453 8.082148593483858 -1.5309643689168873 2.0913391165044004 17.969564696803637 -4.291162016730006 3.841927026750618 -0.6104854978591767 -10.08439774747062 -7.934908451980929 -11.44468642794381 -2.3909673982573665
29.879759519038075 7.273809530374571 -1.6080192828247064 1.8670514952131256 -0.10087231629084314 -5.131209331349975 -3.713533366502837 10.813716106939058 17.47266020483398 31.36125550886315 13.438242736908528 15.95125924338818 5.2333262232453555 9.609778789972868 -3.161532589246657 -0.1914998225216571 16.44165902558222 4.27830388807662 8.086349631689025 -1.52676333071172 2.0955401547095676 17.973765735008804 -4.286960978524839 3.846128064955785 -0.6062844596540096 -10.080196709265453 -7.93070741377578 -11.440485389738642 -2.3867663600521993
29.939879759519037 7.278001397444402 -1.6038274157548749 1.8712433622829572 -0.09668044922102936 -5.127017464280144 -3.7093414994330054 10.81790797400889 17.476852071903792 31.36544737593297 13.44243460397836 15.95545111045801 5.237518090315187 9.6139706570427 -3.1573407221768255 -0.18730795545182555 16.44585089265205 4.282495755146434 8.090541498758839 -1.5225714636418886 2.099732021779399 17.977957602078618 -4.282769111455007 3.8503199320255987 -0.602092592584178 -10.076004842195639 -7.926515546705948 -11.43629352266881 -2.382574492982368
30.0 7.28218413880251 -1.5996446743967851 1.8754261036410647 -0.09249770786292189 -5.122834722922036 -3.7051587580749157 10.82209071536698 17.4810348132619 31.369630117291077 13.446617345336467 15.959633851816118 5.2417008316732945 9.61815339840079 -3.153157980818718 -0.18312521409373583 16.450033634010158 4.286678496504542 8.094724240116946 -1.518388722283781 2.1039147631375066 17.982140343436726 -4.2785863700969 3.8545026733837062 -0.5979098512260705 -10.071822100837531 -7.922332805347841 -11.432110781310703 -2.3783917516242603
