web/models/mosfit_kne/mosfit_kn_3.0000/mosfit_kn_0.218327_0.1397_3.0000.dat
# %ECSV 1.0
# ---
# datatype:
# - {name: time, datatype: float64}
# - {name: PS1_g, datatype: float64}
# - {name: PS1_i, datatype: float64}
# - {name: PS1_r, datatype: float64}
# - {name: PS1_w, datatype: float64}
# - {name: PS1_y, datatype: float64}
# - {name: PS1_z, datatype: float64}
# - {name: swift_uvot_B, datatype: float64}
# - {name: swift_uvot_U, datatype: float64}
# - {name: swift_uvot_uvm2, datatype: float64}
# - {name: swift_uvot_uvw1, datatype: float64}
# - {name: swift_uvot_uvw2, datatype: float64}
# - {name: swift_uvot_V, datatype: float64}
# - {name: johnson_B, datatype: float64}
# - {name: johnson_I, datatype: float64}
# - {name: johnson_R, datatype: float64}
# - {name: johnson_U, datatype: float64}
# - {name: johnson_V, datatype: float64}
# - {name: sdss_g, datatype: float64}
# - {name: sdss_i, datatype: float64}
# - {name: sdss_r, datatype: float64}
# - {name: sdss_u, datatype: float64}
# - {name: sdss_z, datatype: float64}
# - {name: ATLAS_c, datatype: float64}
# - {name: ATLAS_o, datatype: float64}
# - {name: ukirt_H, datatype: float64}
# - {name: ukirt_J, datatype: float64}
# - {name: ukirt_K, datatype: float64}
# - {name: Clear, datatype: float64}
# meta: !!omap
# - comment: [kappa = 3.0, type = rprocess, mass = 0.21832694463104688, velocity = 0.13966666666666672, theta_obs = 0.0, tfloor = 1000.0]
# schema: astropy-2.0
time PS1_g PS1_i PS1_r PS1_w PS1_y PS1_z swift_uvot_B swift_uvot_U swift_uvot_uvm2 swift_uvot_uvw1 swift_uvot_uvw2 swift_uvot_V johnson_B johnson_I johnson_R johnson_U johnson_V sdss_g sdss_i sdss_r sdss_u sdss_z ATLAS_c ATLAS_o ukirt_H ukirt_J ukirt_K Clear
[from data line 28]
1.7434869739478958 -13.182183555868416 -14.303066051819737 -13.931725917669162 -13.836331009000506 -14.512137284409441 -14.450886658699673 -12.626000175716669 -12.511834476388692 -9.489977594940346 -10.925902594519918 -9.18502181597708 -13.588688733775378 -12.682695233537803 -14.815594820210062 -14.246468262138638 -12.500071143577813 -13.634776332447148 -13.067318135490034 -14.302976919941841 -13.928757535077079 -11.669028588754173 -14.471551246615029 -13.498887676680926 -14.114054119855943 -14.363400973492054 -14.534421265084168 -14.094923035654697 -13.93970246339098
1.8036072144288577 -13.176220683585473 -14.324201457906316 -13.942231095982667 -13.847433735942118 -14.54374918782042 -14.47843763218831 -12.61097206730738 -12.475025646355036 -9.401000754035532 -10.8695432048731 -9.115176974423921 -13.59055315341304 -12.668877079024274 -14.83975187641952 -14.260044725027019 -12.467047245263185 -13.637617028772231 -13.058980861235625 -14.32383009544786 -13.939044682487758 -11.63451290336658 -14.500217172525343 -13.500519472171284 -14.129693720214132 -14.409279305423722 -14.57384083094684 -14.145080596448699 -13.955212236410066
1.8637274549098195 -13.169519899033446 -14.344038529820171 -13.951649977310048 -13.857531390519213 -14.573865699875732 -14.504567619543476 -12.595379287984294 -12.43811076068102 -9.313112633028688 -10.813914617817684 -9.046802615794615 -13.591493441352213 -12.654484411792847 -14.862554894128845 -14.272487357686138 -12.433829757353944 -13.639524512490746 -13.049954313323688 -14.343390290559714 -13.948245695538866 -11.599827179765754 -14.527444251482393 -13.501290203923961 -14.144165230419095 -14.453410404723586 -14.61162690974392 -14.193415999294404 -13.969665410538
1.9238476953907815 -13.162186402406917 -14.362697087849572 -13.960097251259889 -13.8667326215554 -14.602610927295228 -14.529399179195206 -12.579322977234543 -12.401178113138798 -9.226364475864525 -10.75907185940487 -8.979914198381017 -13.591620651270937 -12.639618184276994 -14.884124871704902 -14.283911602729297 -12.400509738518057 -13.640609728217699 -13.040342416102408 -14.36177720840183 -13.956475406211837 -11.565062098209111 -14.553355332528906 -13.501307078531468 -14.157584626844706 -14.495923399825992 -14.647906337779693 -14.240059918580029 -13.983170310507749
1.9839679358717435 -13.154227446048381 -14.38022779089792 -13.967607082789097 -13.875066923372259 -14.630051100321513 -14.55299260628328 -12.562796602609787 -12.364185330029436 -9.140622552916685 -10.704921165261325 -8.914367581092119 -13.590956013790702 -12.624273059821615 -14.904516908004936 -14.29435574548964 -12.367051513446825 -13.640894908544892 -13.03014862372855 -14.37904108686606 -13.96376786024943 -11.530179971369208 -14.57801222142237 -13.500587662309105 -14.169992986340407 -14.536904996856295 -14.682756535590256 -14.28510523625089 -13.995761100968842
2.0440881763527052 -13.145684623728702 -14.396699900038303 -13.974238362981364 -13.882588675260461 -14.656265074086416 -14.575423129627296 -12.545833176651168 -12.327142343377062 -9.055836533261509 -10.651434111140876 -8.85009420538243 -13.589550424184395 -12.608482607321307 -14.92380298459561 -14.303881082059366 -12.333469452004497 -13.640431432235312 -13.019412111481632 -14.395250927119445 -13.970181936246853 -11.495193991366683 -14.601491033636425 -13.499179612286571 -14.181453243706237 -14.57644644014861 -14.716263125870322 -14.328646941263193 -14.007494487295062
2.1042084168336674 -13.136604375637635 -14.41218228736087 -13.980051606202615 -13.889354176516111 -14.681329378783108 -14.59676439702461 -12.528472260401042 -12.290069934626828 -8.97197766416506 -10.598598212293364 -8.787046026853073 -13.587458005750605 -12.592286760705832 -14.942054139232798 -14.312549993040601 -12.299787991080404 -13.639273756228912 -13.00817736045488 -14.41047539355825 -13.97577816221764 -11.460127679813468 -14.623866107195944 -13.49713409386517 -14.192029056777553 -14.614634053996141 -14.748507988744295 -14.37077431905207 -14.018428419032354
2.164328657314629 -13.12701537905756 -14.426728934756508 -13.985091263576646 -13.895404207125797 -14.705306867372947 -14.617075900555676 -12.510734629202915 -12.25296788009139 -8.888991366819038 -10.546379616072645 -8.725154523334155 -13.58471582459342 -12.57570686037122 -14.95932687389238 -14.320409190078333 -12.26601090753028 -13.637459432195731 -12.996470837015028 -14.424768227818312 -13.980600960170584 -11.424983708080578 -14.645197766006035 -13.49448547177646 -14.201768676421356 -14.65154219553607 -14.779560264788765 -14.411565197430265 -14.028605998016754
2.224448897795591 -13.116954161932135 -14.440396157660995 -13.989406253566461 -13.900784192812576 -14.728260657957168 -14.636418194502685 -12.492650719301707 -12.215850119926195 -8.806848317003965 -10.494763527492132 -8.664374423464597 -13.581367126788095 -12.558773697103213 -14.975679429997275 -14.327509265899138 -12.232155334221677 -13.635032020751117 -12.984327342165276 -14.438185560843415 -13.984699252336323 -11.389778388792298 -14.665547182869751 -13.491274508474138 -14.21072384163173 -14.687242699703638 -14.809487836259033 -14.451094042005293 -14.03807420243739
2.284569138276553 -13.106503401098859 -14.453268132730095 -13.993080536143516 -13.905574049087104 -14.750274630839435 -14.654875352014294 -12.474303267605908 -12.178797626641185 -8.725621342788216 -10.443814147327277 -8.604747828886715 -13.577496064990797 -12.541569506900426 -14.991195859503954 -14.33393374262834 -12.198302888753922 -13.632075303489371 -12.971829431182886 -14.450811575856743 -13.9881571592616 -11.354593543209699 -14.684998285424538 -13.4875829188028 -14.21897781544164 -14.721818444636124 -14.838374032174071 -14.489443438803294 -14.046911464132013
2.344689378757515 -13.095631618421937 -14.465351547113539 -13.996106094180831 -13.909763751780062 -14.771369609960399 -14.67246276982598 -12.45564840668549 -12.141735419520021 -8.645158293757763 -10.393418794293137 -8.546127709866202 -13.573082907938929 -12.524051754359892 -15.005886902269829 -14.3396785274589 -12.164384232557179 -13.628570642811864 -12.95894228625011 -14.46265257831623 -13.99096647300528 -11.319357923578277 -14.703567900874539 -13.483388979178255 -14.226529147748526 -14.755309115297962 -14.866249993246717 -14.526658744886694 -14.05511275887756
2.4048096192384767 -13.08438172763557 -14.4767000488382 -13.998532657866907 -13.913400048745466 -14.791602699670765 -14.689236274406028 -12.43672590364244 -12.10469420637514 -8.565465134109708 -10.343588070364262 -8.48850217536365 -13.5681744906237 -12.506260240726505 -15.01980717283016 -14.344794090346966 -12.130431914261958 -13.624564927128125 -12.945707888720026 -14.473762122009681 -13.993176973265875 -11.284103713170666 -14.72131213406163 -13.478737520766462 -14.233428829818564 -14.787776045864437 -14.893175136997206 -14.562802569805216 -14.062725217231922
2.464929859719439 -13.072761496054266 -14.487342279492115 -14.000380923708455 -13.91650144552452 -14.811010037912684 -14.705229148413572 -12.417536904622068 -12.067657989210119 -8.48648233967236 -10.29428097843125 -8.431805466607369 -13.562785283186198 -12.488196686318002 -15.032987450935497 -14.349303109249806 -12.096433134102444 -13.620073109780487 -12.932132183004068 -14.484168645687667 -13.994809299015465 -11.248817146235215 -14.738264993667674 -13.47364127001093 -14.239700883944586 -14.819265196824261 -14.919190974747723 -14.597923828461033 -14.06976961727386
2.5250501002004007 -13.060796859559805 -14.497317173739113 -14.001684966778 -13.919099658382006 -14.829635013818905 -14.720483105653628 -12.398103364535793 -12.030637934178827 -8.40819276665027 -10.245489061527042 -8.37600833577023 -13.556945648989586 -12.46988326089291 -15.045467931299552 -14.353240740947808 -12.062401151690285 -13.615125748980963 -12.918239973368273 -14.49391096306572 -13.995897532484083 -11.2135109526983 -14.754468593918677 -13.468128906886765 -14.24538121239765 -14.849825624372667 -14.944343996524603 -14.632073281336842 -14.076278669958455
2.5851703406813624 -13.048503741349009 -14.506655549929146 -14.00246997569699 -13.921217848175846 -14.847513694991221 -14.735032224791418 -12.378436551141807 -11.993633036180178 -8.33056383655839 -10.197191451086152 -8.321069608599 -13.550676411770787 -12.451331573595578 -15.057280924563045 -14.356633515355536 -12.028337289159118 -13.609743962880588 -12.904045884549458 -14.503019750239297 -13.9964668416982 -11.178185799953653 -14.769957506885607 -13.462219729030203 -14.250497261037438 -14.879500187911635 -14.968673986576134 -14.665295829167986 -14.082276962031699
2.6452905811623246 -13.03591499929551 -14.515398000006634 -14.002773725829076 -13.922891516331823 -14.864689137404241 -14.748918655282477 -12.358567082278437 -11.956667412019417 -8.253601810409087 -10.149396822309633 -8.266980831581229 -13.544013285623937 -12.432572240783117 -15.068467709695252 -14.359519714125348 -11.994266995138247 -13.603963486071871 -12.88958210507559 -14.511535531829711 -13.996555044758807 -11.142866886204796 -14.784774073995202 -13.455947919901075 -14.255087674648301 -14.908334913155695 -14.99222562772374 -14.697638388310226 -14.08780021925855
2.7054108216432864 -13.023065209539713 -14.523584989138651 -14.00263458204087 -13.924156770366558 -14.88120357049974 -14.762183990818674 -12.338527907669025 -11.919769017036508 -8.17732044109157 -10.102119007903205 -8.213739954400058 -13.53699315608732 -12.413638130475654 -15.079069237033178 -14.361938002366756 -11.960219290374631 -13.597821160508337 -12.874882704082271 -14.519498724513813 -13.996200562758663 -11.107583081457602 -14.79896000666157 -13.449348876937197 -14.259191346426476 -14.93637404561509 -15.015042255494675 -14.729145806286288 -14.0928844980259
2.7655310621242486 -13.009944131241511 -14.531226309176688 -14.002054622008835 -13.925014546415273 -14.897074186137598 -14.774842585535168 -12.318302303407808 -11.882904824079468 -8.10164625132613 -10.055304496720598 -8.161274441875669 -13.52961196711971 -12.394513203657386 -15.089097419266412 -14.36389250280267 -11.926164110976789 -13.591313494520739 -12.859935689902056 -14.526918920249337 -13.995405377623271 -11.072303328167852 -14.812530404329785 -13.442417440567223 -14.262813775863847 -14.963644615650896 -15.037146445811745 -14.759848068872506 -14.097533323876199
2.8256513026052104 -12.996555619215862 -14.538339984669353 -14.00104645780102 -13.925476139469986 -14.912324133742683 -14.786915634570743 -12.297889613590744 -11.846062596765492 -8.0265378075249 -10.008924363985017 -8.109539071294133 -13.521878077646871 -12.375197214522057 -15.098571744464852 -14.36539719497641 -11.892091367177173 -13.58444919129301 -12.8447436812203 -14.533814004924839 -13.994182055996873 -11.037016871281367 -14.825506962485768 -13.435160880776866 -14.26596986894232 -14.990176496459458 -15.058565028707916 -14.789777067828885 -14.101759608416327
2.885771543086172 -12.982922088113593 -14.54495530246902 -13.99963684026634 -13.92556662009964 -14.926984963243513 -14.798433847978085 -12.277310220000814 -11.809257005198557 -7.951994411663448 -9.962980603125686 -8.058522249230723 -13.513816352512038 -12.355710587840235 -15.107522134277797 -14.36647932759768 -11.858016873044381 -13.57725316774612 -12.829328498068815 -14.540213203677652 -13.992557372951193 -11.00173928010074 -14.83792057826177 -13.427602899662645 -14.26868722745155 -15.016004016721848 -15.079331077785037 -14.818967962352614 -14.105588766723152
2.9458917835671343 -12.969037944789648 -14.551082210935729 -13.997829733198657 -13.925289055573096 -14.941072361000867 -14.809410712265816 -12.256553503155516 -11.77246478977759 -7.877961463093047 -9.917433904125534 -8.008169624111495 -13.505425997846345 -12.33604323539565 -15.11596018178934 -14.367144450951088 -11.823919667288038 -13.569725067978487 -12.81368318952504 -14.54612630986114 -13.990535218312772 -10.96644882335907 -14.849785315944608 -13.419741841118249 -14.270972467647667 -15.04115048492499 -15.099464451213684 -14.84744635006633 -14.109025871316252
3.006012024048096 -12.954925720616757 -14.556748372235795 -13.995650928681727 -13.924667696513406 -14.954615617811271 -14.819874921154668 -12.235640521720203 -11.735702728286057 -7.8044439647447765 -9.872290167277491 -7.958475308626912 -13.496731447156602 -12.316216203379597 -15.123914002437584 -14.367418681854797 -11.789817408501843 -13.561889331899708 -12.79782984488227 -14.551580941067215 -13.988141415338244 -10.931162999240254 -14.861129993204507 -13.411601092984249 -14.27285194301989 -15.065647128532117 -15.118995503258752 -14.87524403491445 -14.112095309499146
3.066132264529058 -12.940603437873204 -14.561977727357327 -13.993122176519197 -13.923722902088027 -14.967640636570554 -14.829851648672907 -12.21458754304636 -11.698982190929055 -7.73144016594179 -9.82754982585016 -7.909428244800342 -13.487752818182319 -12.29624580105494 -15.131408087953837 -14.367324204669238 -11.755722443774037 -13.553766126373963 -12.781785974932784 -14.556600984783294 -13.985397732904925 -10.895893941496269 -14.871979947364089 -13.403199800548808 -14.274348146690219 -15.089522261168181 -15.137951459755765 -14.902390049117729 -14.114817761881433
3.12625250501002 -12.92606010856403 -14.566774407585221 -13.99024175539326 -13.922452426860499 -14.980157204774684 -14.839348506534016 -12.193378639455627 -11.662274993669843 -7.6588918407027355 -9.783170472734142 -7.8609731218675485 -13.478483701733321 -12.276116670373924 -15.138448194862939 -14.366860897587028 -11.721608789106181 -13.54534950743101 -12.765539269626718 -14.561190419652856 -13.982302362246593 -10.86061489133268 -14.8823433708173 -13.394530927468828 -14.27546202506873 -15.112793241511305 -15.156346251901542 -14.928904025785632 -14.117193081589576
3.186372745490982 -12.911341579667965 -14.571179355027812 -13.987052694373219 -13.920897210871157 -14.99220394966768 -14.848405062226337 -12.172061605239215 -11.625632733393285 -7.586857782114207 -9.739197816296041 -7.813147492861447 -13.468969036615583 -12.25587607214415 -15.145074575087218 -14.366070902429612 -11.687527545572848 -13.536684007513545 -12.749136017212255 -14.565390249171006 -13.97889846310214 -10.825377374283907 -14.892259519851105 -13.385638225244598 -14.276235164451414 -15.135495178731016 -15.17421658941382 -14.954820004491827 -14.119260575739894
3.2464929859719436 -12.89644912337927 -14.575203546420923 -13.983562251166699 -13.919063708425483 -15.00379538003834 -14.857034476513178 -12.15063461591096 -11.589045692421713 -7.515308484563568 -9.695610664449283 -7.76591931908197 -13.459213153478633 -12.235522472590915 -15.151299214813864 -14.364962424853093 -11.653470451178098 -13.527774201428462 -12.732576644382902 -14.569211354514575 -13.975193258735743 -10.790172667989388 -14.901741901949848 -13.37652533049182 -14.276676412784308 -15.157647217103026 -15.19157952043324 -14.980158518005469 -14.121027849248762
3.306613226452906 -12.881361402911722 -14.578842504584735 -13.97975937607896 -13.91694083029698 -15.014933441663558 -14.865236212680948 -12.129070744973014 -11.552473326482673 -7.444170557993355 -9.652354992966856 -7.719223019151954 -13.449199681009969 -12.215029665171539 -15.157119488637793 -14.363526288480692 -11.619399361172828 -13.518604298979893 -12.715838337569636 -14.572649085431983 -13.97117557722856 -10.754961722238576 -14.910790657595303 -13.367175507525442 -14.276777834344436 -15.17925999682777 -15.20844174786232 -15.00493282087749 -14.122486383586157
