web/models/mosfit_kne/mosfit_kn_3.0000/mosfit_kn_0.022361_0.2807_3.0000.dat
# %ECSV 1.0
# ---
# datatype:
# - {name: time, datatype: float64}
# - {name: PS1_g, datatype: float64}
# - {name: PS1_i, datatype: float64}
# - {name: PS1_r, datatype: float64}
# - {name: PS1_w, datatype: float64}
# - {name: PS1_y, datatype: float64}
# - {name: PS1_z, datatype: float64}
# - {name: swift_uvot_B, datatype: float64}
# - {name: swift_uvot_U, datatype: float64}
# - {name: swift_uvot_uvm2, datatype: float64}
# - {name: swift_uvot_uvw1, datatype: float64}
# - {name: swift_uvot_uvw2, datatype: float64}
# - {name: swift_uvot_V, datatype: float64}
# - {name: johnson_B, datatype: float64}
# - {name: johnson_I, datatype: float64}
# - {name: johnson_R, datatype: float64}
# - {name: johnson_U, datatype: float64}
# - {name: johnson_V, datatype: float64}
# - {name: sdss_g, datatype: float64}
# - {name: sdss_i, datatype: float64}
# - {name: sdss_r, datatype: float64}
# - {name: sdss_u, datatype: float64}
# - {name: sdss_z, datatype: float64}
# - {name: ATLAS_c, datatype: float64}
# - {name: ATLAS_o, datatype: float64}
# - {name: ukirt_H, datatype: float64}
# - {name: ukirt_J, datatype: float64}
# - {name: ukirt_K, datatype: float64}
# - {name: Clear, datatype: float64}
# meta: !!omap
# - comment: [kappa = 3.0, type = rprocess, mass = 0.022360679775100388, velocity = 0.2806666666666667, theta_obs = 0.0, tfloor = 1000.0]
# schema: astropy-2.0
time PS1_g PS1_i PS1_r PS1_w PS1_y PS1_z swift_uvot_B swift_uvot_U swift_uvot_uvm2 swift_uvot_uvw1 swift_uvot_uvw2 swift_uvot_V johnson_B johnson_I johnson_R johnson_U johnson_V sdss_g sdss_i sdss_r sdss_u sdss_z ATLAS_c ATLAS_o ukirt_H ukirt_J ukirt_K Clear
[from data line 144]
8.71743486973948 7.103429886049586 -1.7783989271496914 1.6966718508881407 -0.2712519606158459 -5.30158897567496 -3.883913010827822 10.643336462614073 17.302280560508976 31.190875864538153 13.267863092583543 15.780879599063194 5.0629465789203705 9.439399145647883 -3.331912233571642 -0.3618794668466421 16.271279381257234 4.107924243751618 7.915969987364022 -1.697142975036705 1.9251605103845826 17.8033860906838 -4.457340622849824 3.675748420630782 -0.7766641039789945 -10.250576353590455 -8.101087058100765 -11.610865034063627 -2.5571460043771843
8.77755511022044 7.123459184929981 -1.758369628269314 1.7167011497685358 -0.2512226617354507 -5.281559676794565 -3.8638837119474445 10.66336576149445 17.32230985938937 31.21090516341854 13.28789239146392 15.800908897943572 5.082975877800766 9.45942844452826 -3.3118829346912646 -0.34185016796626466 16.29130868013763 4.127953542632013 7.935999286244417 -1.67711367615631 1.94518980926496 17.823415389564197 -4.437311323969428 3.6957777195111774 -0.7566348050986171 -10.23054705471006 -8.08105775922037 -11.590835735183232 -2.537116705496789
8.837675350701403 7.143210699390181 -1.738618113809114 1.736452664228736 -0.23147114727525064 -5.261808162334365 -3.8441321974872444 10.68311727595465 17.34206137384957 31.230656677878738 13.30764390592412 15.820660412403772 5.102727392260966 9.47917995898846 -3.2921314202310645 -0.3220986535060646 16.31106019459783 4.147705057092213 7.955750800704617 -1.6573621616961098 1.96494132372516 17.843166904024397 -4.417559809509228 3.7155292339713775 -0.7368832906384171 -10.21079554024986 -8.06130624476017 -11.571084220723032 -2.517365191036589
8.897795591182364 7.162693316994186 -1.7191354962051086 1.7559352818327412 -0.21198852967124537 -5.24232554473036 -3.824649579883239 10.702599893558656 17.361543991453576 31.250139295482757 13.327126523528143 15.840143030007777 5.122210009864971 9.498662576592466 -3.2726488026270593 -0.3026160359020593 16.330542812201834 4.167187674696218 7.975233418308623 -1.6378795440921046 1.9844239413291653 17.862649521628402 -4.398077191905223 3.7350118515753827 -0.717400673034394 -10.191312922645855 -8.041823627156164 -11.551601603119027 -2.497882573432584
8.957915831663327 7.181909270411051 -1.699919542788244 1.7751512352496057 -0.19277257625438082 -5.223109591313495 -3.8054336264663746 10.72181584697552 17.38075994487044 31.26935524889961 13.34634247694499 15.859358983424642 5.1414259632818355 9.51787853000933 -3.2534328492101947 -0.28340008248519477 16.3497587656187 4.186403628113083 7.994449371725487 -1.61866359067524 2.00363989474603 17.881865475045267 -4.3788612384883585 3.7542278049922473 -0.6981847196175295 -10.17209696922899 -8.0226076737393 -11.532385649702162 -2.4786666200157192
9.018036072144287 7.200871829272515 -1.6809569839267624 1.7941137941110874 -0.17381001739289914 -5.204147032452013 -3.786471067604893 10.740778405837002 17.399722503731923 31.288317807761093 13.365305035806472 15.878321542286123 5.160388522143317 9.536841088870812 -3.234470290348713 -0.2644375236237131 16.36872132448018 4.205366186974564 8.013411930586969 -1.599701031813776 2.0226024536075116 17.90082803390675 -4.359898679626895 3.773190363853729 -0.6792221607560656 -10.153134410367509 -8.003645114877818 -11.513423090840698 -2.4597040611542553
9.07815631262525 7.219585592527835 -1.66224322067146 1.81282755736639 -0.15509625413759665 -5.185433269196711 -3.7677573043495904 10.759492169092304 17.418436266987225 31.307031571016392 13.384018799061774 15.897035305541426 5.17910228539862 9.555554852126114 -3.2157565270934105 -0.2457237603684106 16.387435087735483 4.224079950229867 8.032125693842271 -1.5809872685584558 2.041316216862814 17.91954179716205 -4.341184916371574 3.7919041271090315 -0.6605083975007453 -10.134420647112206 -7.9849313516225155 -11.494709327585378 -2.440990297898935
9.138276553106213 7.238057999087513 -1.6437708141117646 1.8312999639260674 -0.13662384757790136 -5.166960862637033 -3.749284897789895 10.777964575652 17.43690867354692 31.32550397757608 13.40249120562147 15.915507712101121 5.197574691958297 9.57402725868581 -3.1972841205337152 -0.2272513538087153 16.40590749429516 4.2425523567895445 8.050598100401967 -1.5625148619987783 2.0597886234225093 17.938014203721746 -4.322712509811897 3.8103765336687268 -0.6420359909410678 -10.115948240552529 -7.966458945062838 -11.4762369210257 -2.4225178913392575
9.198396793587174 7.25629951503695 -1.625529298162327 1.849541479875505 -0.11838233162848155 -5.148719346687596 -3.7310433818404576 10.796206091601437 17.45515018949634 31.34374549352552 13.420732721570907 15.933749228050559 5.215816207907735 9.59226877463523 -3.1790426045842777 -0.2090098378592955 16.424149010244598 4.260793872738982 8.068839616351386 -1.5442733460493407 2.078030139371947 17.956255719671166 -4.304470993862459 3.8286180496181466 -0.6237944749916302 -10.097706724603091 -7.9482174291134005 -11.457995405076263 -2.40427637538982
9.258517034068136 7.274313211593437 -1.60751560160584 1.867555176431992 -0.1003686350719768 -5.130705650131109 -3.7130296852839706 10.814219788157924 17.473163886052845 31.361759190082 13.438746418127394 15.951762924607046 5.233829904464222 9.610282471191734 -3.1610289080277907 -0.19099614130279075 16.442162706801085 4.278807569295469 8.086853312907873 -1.5262596494928538 2.096043835928434 17.97426941622767 -4.286457297305972 3.8466317461746335 -0.6057807784351432 -10.079693028046604 -7.9302037325569135 -11.439981708519776 -2.386262678833333
9.318637274549097 7.292107791020115 -1.5897210221791624 1.8853497558586874 -0.08257405564529918 -5.112911070704431 -3.695235105857293 10.832014367584602 17.490958465479522 31.379553769508693 13.456540997554072 15.969557504033723 5.251624483890899 9.628077050618412 -3.143234328601113 -0.17320156187611313 16.459957286227763 4.296602148722164 8.104647892334569 -1.5084650700661761 2.1138384153551115 17.992063995654348 -4.268662717879295 3.864426325601329 -0.5879861990084656 -10.061898448619909 -7.912409153130218 -11.422187129093098 -2.3684680994066554
9.37875751503006 7.309691593851664 -1.5721372193476313 1.9029335586902185 -0.06499025281376802 -5.095327267872882 -3.677651303025762 10.849598170416133 17.508542268311054 31.39713757234023 13.47412480038562 15.987141306865254 5.269208286722448 9.645660853449943 -3.125650525769582 -0.15561775904458197 16.47754108905931 4.3141859515536956 8.1222316951661 -1.4908812672346272 2.1314222181866604 18.00964779848588 -4.251078915047746 3.88201012843286 -0.5704023961769167 -10.044314645788377 -7.894825350298687 -11.40460332626155 -2.3508842965751064
9.438877755511022 7.327067772842053 -1.5547610403572243 1.9203097376806255 -0.047614073823361025 -5.077951088882493 -3.660275124035355 10.86697434940654 17.52591844730146 31.414513751330627 13.49150097937601 16.00451748585566 5.286584465712838 9.66303703244035 -3.108274346779175 -0.13824158005417497 16.4949172680497 4.3315621305441026 8.139607874156507 -1.473505088244238 2.1487983971770497 18.027023977476286 -4.2337027360573565 3.899386307423267 -0.5530262171865274 -10.02693846679797 -7.87744917130828 -11.38722714727116 -2.333508117584717
9.498997995991983 7.34424480563888 -1.5375840075603975 1.9374867704774346 -0.03043704102655198 -5.060774056085666 -3.643098091238528 10.884151382203367 17.54309548009827 31.431690784127444 13.508678012172837 16.021694518652488 5.303761498509664 9.680214065237177 -3.091097313982348 -0.12106454725734817 16.512094300846528 4.348739163340912 8.156784906953316 -1.4563280554474112 2.1659754299738765 18.044201010273095 -4.21652570326053 3.916563340220076 -0.5358491843897006 -10.009761434001161 -7.860272138511471 -11.370050114474333 -2.3163310847878904
9.559118236472946 7.361229443608934 -1.5205993695903608 1.954471408447489 -0.01345240305649753 -5.043789418115612 -3.6261134532684913 10.901136020173421 17.560080118068324 31.448675422097498 13.525662650142891 16.038679156622543 5.320746136479719 9.697198703207214 -3.0741126760122937 -0.10407990928731148 16.529078938816582 4.365723801310966 8.17376954492337 -1.4393434174773567 2.182960067943931 18.06118564824315 -4.199541065290475 3.9335479781901306 -0.5188645464196462 -9.992776796031107 -7.843287500541416 -11.353065476504279 -2.299346446817836
9.619238476953907 7.378025329694253 -1.503803483505024 1.971267294532808 0.0033434830288392448 -5.026993532030293 -3.6093175671831546 10.91793190625874 17.57687600415366 31.465471308182817 13.54245853622821 16.05547504270786 5.337542022565038 9.71399458929255 -3.0573167899269746 -0.0872840232019747 16.5458748249019 4.382519687396285 8.19056543100869 -1.4225475313920377 2.19975595402925 18.077981534328487 -4.182745179205156 3.9503438642754674 -0.5020686603343272 -9.975980909945788 -7.826491614456097 -11.33626959041896 -2.282550560732517
9.67935871743487 7.394639889795371 -1.487188923403906 1.9878818546339438 0.019958043129957304 -5.010378971929157 -3.5927030070820365 10.934546466359858 17.59349056425478 31.48208586828395 13.559073096329328 16.07208960280898 5.354156582666174 9.730609149393668 -3.0407022298258566 -0.07066946310085664 16.562489385003037 4.399134247497421 8.207179991109825 -1.4059329712909197 2.216370514130368 18.094596094429605 -4.16613061910402 3.9669584243765854 -0.4854541002332091 -9.959366349844652 -7.809877054354962 -11.319655030317824 -2.265936000631381
9.739478957915832 7.411078903003574 -1.4707499101957033 2.0043208678421287 0.03639705633815993 -4.993939958720972 -3.576263993873834 10.950985479568061 17.60992957746298 31.49852488149214 13.57551210953753 16.088528616017182 5.3705955958743585 9.747048162601871 -3.024263216617654 -0.05423044989265402 16.57892839821122 4.415573260705606 8.22361900431801 -1.389493958082717 2.2328095273385706 18.111035107637807 -4.1496916058958355 3.983397437584788 -0.4690150870250065 -9.942927336636467 -7.793438041146777 -11.303216017109639 -2.2494969874231963
9.799599198396793 7.427345856212018 -1.4544829569872597 2.02058782105059 0.05266400954660355 -4.977673005512511 -3.5599970406653902 10.967252432776505 17.626196530671425 31.514791834700592 13.591779062745974 16.104795569225626 5.38686254908282 9.763315115810315 -3.0079962634092103 -0.037963496684210396 16.595195351419683 4.431840213914067 8.239885957526472 -1.3732270048742556 2.2490764805470143 18.12730206084625 -4.133424652687374 3.9996643907932317 -0.45274813381656287 -9.926660383428006 -7.777171087938315 -11.286949063901178 -2.233230034214735
9.859719438877756 7.443447471677356 -1.4383813415219393 2.0366894365159105 0.06876562501192396 -4.96157139004719 -3.54389542520007 10.983354048241843 17.642298146136746 31.530893450165923 13.607880678211313 16.120897184690964 5.40296416454814 9.779416731275635 -2.991894647943872 -0.02186188121888999 16.611296966885003 4.4479418293793875 8.255987572991792 -1.3571253894089352 2.2651780960123524 18.14340367631157 -4.117323037222054 4.015766006258552 -0.4366465183512247 -9.910558767962685 -7.761069472472995 -11.270847448435857 -2.2171284187494145
9.919839679358716 7.459388857876981 -1.4224399553222966 2.052630822715553 0.08470701121156665 -4.945630003847565 -3.527954039000427 10.999295434441468 17.65823953233639 31.54683483636556 13.623822064410938 16.13683857089059 5.418905550747765 9.795358117475278 -2.9759532617442472 -0.005920495019247296 16.627238353084646 4.46388321557903 8.271928959191435 -1.3411840032093103 2.2811194822119774 18.159345062511214 -4.101381651022429 4.031707392458195 -0.42070513215159977 -9.894617381763043 -7.745128086273352 -11.254906062236232 -2.2011870325497895
9.97995991983968 7.475173096677921 -1.4066557165213567 2.0684150615164754 0.10049125001248882 -4.929845765046625 -3.512169800199487 11.015079673242408 17.67402377113731 31.562619075166484 13.639606303211878 16.15262280969153 5.434689789548705 9.8111423562762 -2.9601690229433073 0.009863743781674872 16.64302259188557 4.479667454379952 8.287713197992357 -1.3253997644083704 2.2969037210129173 18.175129301312136 -4.085597412221489 4.047491631259117 -0.40492089335065984 -9.87883314296212 -7.72934384747243 -11.239121823435292 -2.1854027937488496
10.040080160320642 7.490806116304594 -1.3910226968946837 2.0840480811431483 0.11612426963917954 -4.9142127454199525 -3.4965367805728143 11.03071269286908 17.689656790764 31.57825209479316 13.65523932283855 16.168255829318202 5.450322809175378 9.82677537590289 -2.9445360033166343 0.025496763408365597 16.65865561151224 4.495300474006625 8.30334621761903 -1.3097667447816974 2.3125367406395902 18.190762320938827 -4.069964392594816 4.063124650885808 -0.3892878737239869 -9.863200123335448 -7.713710827845757 -11.22348880380862 -2.1697697741221766
10.100200400801603 7.5062925873007025 -1.3755362258985748 2.099534552139257 0.13161074063528844 -4.898726274423844 -3.4810503095767054 11.04619916386519 17.70514326176011 31.59373856578927 13.67072579383466 16.18374230031431 5.465809280171487 9.842261846899 -2.9290495323205255 0.04098323440447449 16.67414208250835 4.510786945002734 8.318832688615139 -1.2942802737855885 2.328023211635699 18.206248791934918 -4.054477921598707 4.078611121881899 -0.373801402727878 -9.847713652339339 -7.698224356849648 -11.20800233281251 -2.1542833031260678
10.160320641282565 7.521635031952538 -1.360193781246739 2.114876996791093 0.14695318528710644 -4.883383829772008 -3.4657078649248696 11.061541608517025 17.720485706411928 31.609081010441106 13.686068238486495 16.199084744966147 5.481151724823323 9.857604291550835 -2.9137070876686897 0.05632567905631025 16.689484527160186 4.52612938965457 8.334175133266974 -1.2789378291337528 2.343365656287535 18.221591236586754 -4.039135476946871 4.0939535665337345 -0.3584589580760422 -9.832371207687503 -7.6828819121978125 -11.192659888160675 -2.138940858474232
10.220440881763526 7.536838710355447 -1.3449901028438305 2.1300806751940193 0.1621568636900328 -4.868180151369081 -3.450504186521961 11.076745286919934 17.735689384814854 31.624284688844025 13.701271916889404 16.214288423369055 5.496355403226249 9.872807969953744 -2.898503409265781 0.07152935745921885 16.704688205563112 4.541333068057496 8.3493788116699 -1.2637341507308442 2.3585693346904435 18.23679491498968 -4.023931798543945 4.109157244936661 -0.34325527967313363 -9.817167529284577 -7.667678233794886 -11.177456209757748 -2.1237371800713056
10.280561122244489 7.551907854500044 -1.3299209586992333 2.1451498193385987 0.17722600783461218 -4.853111007224502 -3.435435042377364 11.091814431064531 17.750758528959434 31.639353832988608 13.716341061034 16.229357567513652 5.5114245473708285 9.887877114098341 -2.883434265121184 0.08659850160381599 16.71975734970769 4.556402212202076 8.36444795581448 -1.248665006586247 2.3736384788350406 18.25186405913426 -4.0088626543993655 4.12422638908124 -0.3281861355285365 -9.802098385139997 -7.652609089650307 -11.162387065613169 -2.1086680359267262
10.34068136272545 7.566844789120957 -1.3149840240783206 2.1600867539595114 0.19216294245554266 -4.838174072603589 -3.420498107756451 11.106751365685444 17.765695463580364 31.654290767609535 13.731277995654914 16.244294502134565 5.526361481991741 9.902814048719254 -2.8684973305002712 0.10153543622472871 16.734694284328604 4.5713391468229885 8.37938489043541 -1.2337280719653343 2.3885754134559534 18.26680099375519 -3.993925719778453 4.139163323702171 -0.31324920090762376 -9.787161450519084 -7.637672155029394 -11.147450130992256 -2.0937311013058135
