web/models/mosfit_kne/mosfit_kn_3.0000/mosfit_kn_0.001862_0.2337_3.0000.dat
# %ECSV 1.0
# ---
# datatype:
# - {name: time, datatype: float64}
# - {name: PS1_g, datatype: float64}
# - {name: PS1_i, datatype: float64}
# - {name: PS1_r, datatype: float64}
# - {name: PS1_w, datatype: float64}
# - {name: PS1_y, datatype: float64}
# - {name: PS1_z, datatype: float64}
# - {name: swift_uvot_B, datatype: float64}
# - {name: swift_uvot_U, datatype: float64}
# - {name: swift_uvot_uvm2, datatype: float64}
# - {name: swift_uvot_uvw1, datatype: float64}
# - {name: swift_uvot_uvw2, datatype: float64}
# - {name: swift_uvot_V, datatype: float64}
# - {name: johnson_B, datatype: float64}
# - {name: johnson_I, datatype: float64}
# - {name: johnson_R, datatype: float64}
# - {name: johnson_U, datatype: float64}
# - {name: johnson_V, datatype: float64}
# - {name: sdss_g, datatype: float64}
# - {name: sdss_i, datatype: float64}
# - {name: sdss_r, datatype: float64}
# - {name: sdss_u, datatype: float64}
# - {name: sdss_z, datatype: float64}
# - {name: ATLAS_c, datatype: float64}
# - {name: ATLAS_o, datatype: float64}
# - {name: ukirt_H, datatype: float64}
# - {name: ukirt_J, datatype: float64}
# - {name: ukirt_K, datatype: float64}
# - {name: Clear, datatype: float64}
# meta: !!omap
# - comment: [kappa = 3.0, type = rprocess, mass = 0.001861645566637777, velocity = 0.2336666666666667, theta_obs = 0.0, tfloor = 1000.0]
# schema: astropy-2.0
time PS1_g PS1_i PS1_r PS1_w PS1_y PS1_z swift_uvot_B swift_uvot_U swift_uvot_uvm2 swift_uvot_uvw1 swift_uvot_uvw2 swift_uvot_V johnson_B johnson_I johnson_R johnson_U johnson_V sdss_g sdss_i sdss_r sdss_u sdss_z ATLAS_c ATLAS_o ukirt_H ukirt_J ukirt_K Clear
[from data line 29]
1.8036072144288577 -4.73826581835926 -9.089492323481618 -7.422454779692025 -7.893548465614728 -10.64053564246171 -10.045211439800639 -3.0048935973145516 -0.264119111778953 8.275271242099166 0.6141711221531136 2.515273862217754 -5.934861712885618 -3.339401232411085 -10.00126755822053 -8.240609861512784 -0.6679350093372104 -6.192339189524387 -4.334629222472284 -9.053863514226101 -7.361475262405843 0.3950054940155212 -10.237379301126541 -6.18015356539237 -8.38808900611765 -12.448952416070094 -11.728175460073496 -12.785815632361233 -8.737400729495004
1.8637274549098195 -4.107512074230826 -8.688020056488277 -6.928416745927173 -7.464560067812247 -10.33825990230298 -9.702549510934162 -2.284881581418282 0.6476660142128845 9.52045818534582 1.3287887299834016 3.2338394783798354 -5.351673228833492 -2.6505464529011964 -9.6304667883845 -7.794224482245434 0.21502266153787597 -5.6325279123979195 -3.6830166989343915 -8.649843494571154 -6.860965860049273 1.2982964270890562 -9.90991447144852 -5.642600692661475 -7.961503077314767 -12.299379132520974 -11.50873915860357 -12.685111069879172 -8.372899367806017
1.9238476953907815 -3.460241083826876 -8.274011250023001 -6.420300832010639 -7.024547264364376 -10.02539192988511 -9.348392735142816 -1.546335592051583 1.5821493980712555 10.785249390764925 2.0540479325876686 3.9667362323995694 -4.751969702860166 -1.9452922071503524 -9.247909576558985 -7.33633089437354 1.1200135452395155 -5.057874360908891 -3.0145064127002286 -8.233255005915723 -6.345981425482012 2.224429592092907 -9.57164612868901 -5.091385498800491 -7.523339268160054 -12.142982995738334 -11.28076696310069 -12.578969978134536 -7.999667163591386
1.9839679358717435 -2.7988228818365357 -7.8491262321547595 -5.90007338330782 -6.575169761089974 -9.703256222507548 -8.984198074489225 -0.7919362785317852 2.5360817668245517 12.065068783987392 2.7878026872325816 4.711926105549399 -4.137998743158964 -1.2262724077472458 -8.855161822623973 -6.868826454215314 2.043830768203143 -4.470625397357321 -2.331539235493505 -7.80576959866357 -5.818506362205724 3.1701391090720143 -9.224007079575838 -4.528542580035335 -7.075345697147917 -11.980558342762 -11.045305787851836 -12.468009739242765 -7.619159881671749
2.0440881763527052 -2.1259173322081004 -7.415228049365066 -5.369936629725185 -6.11827834165636 -9.373340153789886 -8.611602994571701 -0.024694315465697503 3.5057952163632145 13.35502977255636 3.5275668894959193 5.466944729707933 -3.512292904520831 -0.4964116490160502 -8.453976940276473 -6.393798141362439 2.982862431096993 -3.8732859865382503 -1.6368544184375722 -7.369262476095795 -5.2807684620010775 4.13173941564434 -8.868599551571759 -3.9563439009640433 -6.619458021363549 -11.812991771863286 -10.8035267249131 -12.352913523187324 -7.232984875870692
2.1042084168336674 -1.444160039226432 -6.97416949598912 -4.832074247711358 -5.655694570978884 -9.037125889739688 -8.232239164717363 0.7524051110236918 4.487643637133729 14.650523181524818 4.270878358509247 6.229271329657632 -2.8773744588508814 0.24141620837535854 -8.046096671808833 -5.913288254644258 3.9335210023750977 -3.268333129834386 -0.9331660415041654 -6.925598292718096 -4.734981301398857 5.105564119700574 -8.507015268782077 -3.377029370513416 -6.157577140067776 -11.641164509017015 -10.556594715874999 -12.234356022443274 -6.842710439165263
2.164328657314629 -0.756315622585273 -6.527895347118822 -4.2887736031097035 -5.189321741821331 -8.696171438955655 -7.847822289207329 1.5362306710913287 5.477788298740052 15.946922241814164 5.015144851657887 6.996175790940683 -2.2358966134710316 0.9842239168162832 -7.633346552934831 -5.429404056309111 4.892037018258158 -2.658349726620643 -0.22332067390221866 -6.476733828679837 -4.183467780484236 6.087755291878505 -8.140921180167027 -2.7929416394949946 -5.691677917751594 -11.466001287611752 -10.305731743778262 -12.113042736253268 -6.449962551716624
2.224448897795591 -0.06466238750901354 -6.078023768372063 -3.741927848398685 -4.720714143229028 -8.351778801630552 -7.459784450052194 2.324200120818646 6.473062460675667 17.24066566219633 5.758312042742393 7.765413485613038 -1.5900635835793089 1.7295705656241507 -7.217245015240322 -4.943869344977874 5.855298981819928 -2.045470312909889 0.4903361215335522 -6.024297196710684 -3.6281549545601877 7.0751233757416365 -7.771706683204123 -2.205998576862136 -5.223377571357872 -11.28827617471307 -10.051959535247848 -11.989561362494426 -6.056055736742163
2.284569138276553 0.6280537208052905 -5.62649117645222 -3.1938047554704774 -4.251750723626149 -8.005504855994054 -7.069840288026636 3.113204868793148 7.469633249939385 18.527491137487374 6.497842004827863 8.53418347234706 -0.9425232342633486 2.4745367052466665 -6.79960566575443 -4.458718266876567 6.819556558359732 -1.4322332581775374 1.2049779153341156 -5.570235924354634 -3.071352847631328 8.063820668978376 -7.401026216290241 -1.6185169985308967 -4.7546082886258745 -11.108913288908154 -9.796496065413203 -11.864614971275225 -5.662573740989458
2.344689378757515 1.3199266077875293 -5.174663924283767 -2.64599042393991 -3.783718044379185 -7.6584565427065066 -6.679206112838916 3.9010856548728947 8.46483902432075 19.804742569901418 7.232106347784502 9.300579924951538 -0.2951367386799511 3.2171223051363422 -6.38170804338425 -3.975348804830177 7.782202509062309 -0.820409350998099 1.918643219543572 -5.115924149844773 -2.514682697135644 9.051166027263715 -7.030051483858859 -1.0320895552741405 -4.286700799646894 -10.928573147621668 -9.540209044049808 -11.738703801950459 -5.2705841851617485
2.4048096192384767 2.009327241290073 -4.723717924528845 -2.0998428972876937 -3.317708945846789 -7.311591017513841 -6.288932583053004 4.685997911411936 9.456401166875086 21.070299626756977 7.95977178792052 10.062975889885642 0.35049603587270467 3.9556381663378697 -5.964652467674202 -3.4949366382520113 8.741007804124521 -0.2115066646049055 2.6296561035837307 -4.662544221641394 -1.959535888121362 10.03486323869307 -6.659791244989499 -0.4480715897575216 -3.8207832793887953 -10.747829223322094 -9.283849047393156 -11.612262248330152 -4.880984165175359
2.464929859719439 2.6948841414521496 -4.274650817205465 -1.556507715557931 -2.85463759507806 -6.965724759286296 -5.899914864483691 5.466389780735427 10.442398082114561 22.322503802408992 8.679772055301225 10.820006803103063 0.9930199175553752 4.688681262124327 -5.549371650590401 -3.0184531568083033 9.694095855356586 0.3932110826133186 3.336606061193219 -4.211098962417168 -1.4070890719187723 11.012975411879893 -6.291101695736838 0.1324008498192697 -3.3577973643067516 -10.567173228461966 -9.028056722138514 -11.485663250338634 -4.494515008372009
2.5250501002004007 3.3755833841773075 -3.828213159281244 -1.016837185119286 -2.3951706735025624 -6.621478341996241 -5.512831484357523 6.241114829976099 11.421407191261821 23.560304055334967 9.391404845904106 11.570683577536439 1.6314199411658301 5.415237343833109 -5.1365667823354775 -2.546598020135538 10.640079177872622 0.992811997714578 4.038450829178988 -3.7623425882297745 -0.8582216076178995 11.984065776601103 -5.924628916338204 0.7084958688628973 -2.898430460869008 -10.386982599412969 -8.773320162104506 -11.359193426777255 -4.111705443537588
2.5851703406813624 4.050857870955458 -3.38484701190481 -0.48131850133875886 -1.9396662213411453 -6.279226974643066 -5.128089555828286 7.009532534281576 12.392631973182677 24.783388910904737 10.094416025526005 12.314492208032327 2.2651066054485787 6.134771460402121 -4.726650597866327 -2.079740549599294 11.57818111543963 1.5867727635289366 4.734608092143269 -3.3167191040371335 -0.31344196639759403 12.947323320504154 -5.560757777567176 1.279761394942991 -2.443055756683421 -10.207491361481152 -8.519936820031207 -11.233030717175632 -3.7328216760479016
2.6452905811623246 4.720539378711628 -2.9447181332614036 0.04988714674780681 -1.4882081310843809 -5.939125482895342 -4.745852461522517 7.771453856919405 13.355835858957796 25.99208490415833 10.788941769758509 13.05134224687572 2.8938714820957463 6.847172784754459 -4.319777753211077 -1.617959416161512 12.508170393215703 2.174932754340964 5.42490597302832 -2.874394761812855 0.22707308152716266 13.902496523515495 -5.199639583411759 1.8460834122696212 -1.9917678444336495 -10.028804626222277 -8.268033070641374 -11.107255468167574 -3.3578987303514474
2.7054108216432864 5.384157496889941 -2.5081934940802952 0.5763779892934373 -1.0410946276329014 -5.601488101113983 -4.366460666891143 8.526350032318486 14.310355879541294 27.186125953190764 11.474781154412046 13.780802011494103 3.517226041362444 7.55200993556215 -3.9162901068969367 -1.1615439647341688 13.429406235211044 2.756870534036831 6.108861812037354 -2.435737770528501 0.762903015290668 14.848914256886339 -4.841592902184182 2.407085643631106 -1.5448720105335845 -9.851121010292994 -8.017858200618766 -10.982021180080553 -2.9871550518163303
2.7655310621242486 6.042118798299416 -2.0750383287996854 1.0984634596510112 -0.598016986708032 -5.266149079777431 -3.989723226163857 9.274682574023235 15.25676360171504 28.366713027131485 12.152613022785452 14.503388598499583 4.135513828206718 8.24977767987345 -3.5159684941235723 -0.7101592480649301 14.342443716199014 3.3329468478720896 6.786894988100158 -2.0005118383675935 1.2943508363835576 15.787132850351409 -4.486430576280753 2.96313925959657 -1.1020641026896172 -9.6743577189204 -7.769289743127635 -10.857266182346981 -2.620297665225504
2.8256513026052104 6.694752469839926 -1.645066313541328 1.6163930124644388 -0.15872447331043205 -4.932979953831023 -3.6154908980712896 10.016826297516193 16.195521984531904 29.534847049869676 12.823007929984644 15.21952531828816 4.749010135409601 8.940884329771986 -3.118638947032145 -0.26352715087845335 15.24773375884849 3.903456293111865 7.459345105164843 -1.5685293320921723 1.821659646973881 16.717602951215493 -4.134005479957228 3.5145457187697637 -0.6630959588034102 -9.498453606471704 -7.522233865032531 -10.732946342896755 -2.257086215320019
2.885771543086172 7.342514464862173 -1.2180009225828314 2.130520577989916 0.27711821205564036 -4.601779150700036 -3.2435337904131956 10.753299424095164 17.12727302972704 30.691691556240162 13.486640651289168 15.929765975053499 5.3581141200953715 9.625867382776182 -2.7240435446559195 0.1787174920021315 16.145900783039984 4.46880701210999 8.126681937732734 -1.1395120519238944 2.3451797365988902 17.640954383018368 -3.784094488020475 4.0617119175967 -0.2276334528473889 -9.323304358236138 -7.2765399771552435 -10.608985044666015 -1.8972122764351873
2.9458917835671343 7.985891559973126 -0.7935412081490689 2.6412267398859512 0.7098645822151717 -4.272324405237438 -2.8735994024749445 11.484655181926964 18.052702722562568 31.83841217012345 14.144193512323682 16.634691131548 5.963257790444405 10.3052919578913 -2.3319017496548 0.6169583208197935 17.03761178510077 5.029434948241252 8.789406724314386 -0.7131573201596098 2.865289434504543 18.557861787327354 -3.4364537720054322 4.605068454429997 0.20467677171664533 -9.14879312343247 -7.032041296642484 -10.485296541018146 -1.540355312939603
3.006012024048096 8.316915980884811 -0.5649128323144659 2.910157945723366 0.9422341342193796 -4.088102880839735 -2.6704269159925964 11.856822557449298 18.5157666553442 32.40436195937338 14.481349187418768 16.99436569389842 6.276432673755596 10.652885240483108 -2.1184261387364165 0.8516066279885834 17.48476547609246 5.321410338586843 9.129456082199248 -0.48365688020147957 3.138646605219808 19.016872185519027 -3.243854528014598 4.889234515466008 0.43682199085623097 -9.03709025875523 -6.887600963265539 -10.397378939228402 -1.3436599095419588
3.066132264529058 8.371757515516709 -0.5100712976825861 2.9649994803552637 0.9970756688512772 -4.033261346207837 -2.6155853813607166 11.911664092081178 18.5706081899761 32.45920349400528 14.536190722050666 17.049207228530317 6.3312742083874936 10.707726775114988 -2.0635846041045367 0.9064481626204632 17.539607010724357 5.376251873218741 9.184297616831145 -0.428815345569582 3.1934881398517057 19.071713720150925 -3.1890129933827005 4.944076050097905 0.4916635254881285 -8.982248724123332 -6.832759428633642 -10.342537404596504 -1.2888183749100612
3.12625250501002 8.424855950857033 -0.456972862342262 3.018097915695588 1.0501741041916013 -3.980162910867513 -2.5624869460203925 11.96476252742152 18.623706625316423 32.512301929345604 14.58928915739099 17.10230566387064 6.384372643727818 10.760825210455312 -2.010486168764195 0.9595465979607873 17.59270544606468 5.429350308559065 9.23739605217147 -0.3757169102292579 3.2465865751920298 19.12481215549125 -3.1359145580423764 4.997174485438229 0.5447619608284526 -8.929150288783008 -6.779660993293318 -10.28943896925618 -1.2357199395697371
3.186372745490982 8.476371083368637 -0.4054577298306583 3.0696130482071915 1.101689236703205 -3.9286477783559093 -2.510971813508789 12.016277659933106 18.675221757828027 32.56381706185721 14.640804289902594 17.153820796382245 6.435887776239421 10.812340342966916 -1.958971036252609 1.011061730472391 17.644220578576284 5.4808654410706685 9.288911184683073 -0.32420177771765424 3.2981017077036334 19.176327288002852 -3.0843994255307727 5.048689617949833 0.5962770933400563 -8.877635156271404 -6.728145860781714 -10.237923836744576 -1.1842048070581335
3.2464929859719436 8.526427727907926 -0.35540108529136916 3.1196696927464806 1.151745881242494 -3.87859113381662 -2.4609151689694997 12.066334304472413 18.725278402367316 32.6138737063965 14.690860934441883 17.203877440921534 6.4859444207787105 10.862396987506205 -1.908914391713302 1.0611183750116802 17.694277223115574 5.530922085609958 9.338967829222362 -0.2741451331783651 3.3481583522429226 19.22638393254214 -3.0343427809914836 5.098746262489122 0.6463337378793454 -8.827578511732115 -6.678089216242425 -10.187867192205287 -1.1341481625188443
3.306613226452906 8.575152247624658 -0.3066765655746373 3.1683942124632125 1.200470400959226 -3.8298666140998883 -2.412190649252768 12.115058824189127 18.774002922084048 32.66259822611322 14.739585454158597 17.25260196063825 6.534668940495442 10.911121507222937 -1.860189871996588 1.109842894728412 17.743001742832305 5.5796466053266895 9.387692348939094 -0.22542061346163322 3.3968828719596367 19.275108452258873 -2.9856182612747517 5.147470782205854 0.6950582575960773 -8.778853992015383 -6.629364696525693 -10.139142672488555 -1.0854236428021125
3.3667334669338675 8.622650138185541 -0.2591786750137359 3.215892103024096 1.2479682915201273 -3.7823687235390047 -2.3646927586918665 12.162556714750028 18.82150081264493 32.710096116674116 14.787083344719498 17.30009985119915 6.582166831056326 10.958619397783838 -1.8126919814356866 1.1573407852893134 17.79049963339319 5.627144495887573 9.435190239499978 -0.17792272290074962 3.444380762520538 19.322606342819757 -2.938120370713868 5.194968672766738 0.7425561481569609 -8.7313561014545 -6.581866805964809 -10.091644781927672 -1.0379257522412288
3.4268537074148293 8.669013289932384 -0.2128155232668938 3.262255254770956 1.2943314432669695 -3.7360055717921625 -2.3183296069450243 12.20891986649687 18.86786396439179 32.75645926842096 14.83344649646634 17.346463002945992 6.628529982803168 11.00498254953068 -1.7663288296888444 1.2037039370361555 17.83686278514003 5.673507647634433 9.481553391246837 -0.13155957115390748 3.49074391426738 19.368969494566617 -2.891757218967026 5.241331824513598 0.788919299903803 -8.68499294970764 -6.535503654217949 -10.04528163018083 -0.9915626004943867
