web/models/mosfit_kne/mosfit_kn_3.0000/mosfit_kn_0.095333_0.3277_3.0000.dat
# %ECSV 1.0
# ---
# datatype:
# - {name: time, datatype: float64}
# - {name: PS1_g, datatype: float64}
# - {name: PS1_i, datatype: float64}
# - {name: PS1_r, datatype: float64}
# - {name: PS1_w, datatype: float64}
# - {name: PS1_y, datatype: float64}
# - {name: PS1_z, datatype: float64}
# - {name: swift_uvot_B, datatype: float64}
# - {name: swift_uvot_U, datatype: float64}
# - {name: swift_uvot_uvm2, datatype: float64}
# - {name: swift_uvot_uvw1, datatype: float64}
# - {name: swift_uvot_uvw2, datatype: float64}
# - {name: swift_uvot_V, datatype: float64}
# - {name: johnson_B, datatype: float64}
# - {name: johnson_I, datatype: float64}
# - {name: johnson_R, datatype: float64}
# - {name: johnson_U, datatype: float64}
# - {name: johnson_V, datatype: float64}
# - {name: sdss_g, datatype: float64}
# - {name: sdss_i, datatype: float64}
# - {name: sdss_r, datatype: float64}
# - {name: sdss_u, datatype: float64}
# - {name: sdss_z, datatype: float64}
# - {name: ATLAS_c, datatype: float64}
# - {name: ATLAS_o, datatype: float64}
# - {name: ukirt_H, datatype: float64}
# - {name: ukirt_J, datatype: float64}
# - {name: ukirt_K, datatype: float64}
# - {name: Clear, datatype: float64}
# meta: !!omap
# - comment: [kappa = 3.0, type = rprocess, mass = 0.09533330950298248, velocity = 0.32766666666666666, theta_obs = 0.0, tfloor = 1000.0]
# schema: astropy-2.0
time PS1_g PS1_i PS1_r PS1_w PS1_y PS1_z swift_uvot_B swift_uvot_U swift_uvot_uvm2 swift_uvot_uvw1 swift_uvot_uvw2 swift_uvot_V johnson_B johnson_I johnson_R johnson_U johnson_V sdss_g sdss_i sdss_r sdss_u sdss_z ATLAS_c ATLAS_o ukirt_H ukirt_J ukirt_K Clear
[from data line 171]
10.34068136272545 4.421308912700503 -4.325125393606086 -0.9033506632148125 -2.822943160846574 -7.789593707432729 -6.396973608662577 7.906812496121515 14.445583563020339 28.198055072942825 10.577568828069541 13.060857176013482 2.4044317458516913 6.7353304487972 -5.858607658258342 -2.9166232466348356 13.43560107046289 1.4773895828454389 5.22191226980004 -4.24502449352568 -0.68071064443048 14.952039690094079 -6.9564403999552304 1.0555766066362793 -3.3280614401462216 -12.64269828574619 -10.536496411258616 -13.971538308578511 -5.0616905319119
10.400801603206412 4.623562864849902 -4.191206279877608 -0.7425273232744445 -2.6865000007650686 -7.685316297576961 -6.280052619707277 8.136525365855423 14.735932363534552 28.55719001940203 10.784015460089407 13.282259167554123 2.5947670381934236 6.948701895363932 -5.734793377521657 -2.7785989600675025 13.715360870155642 1.6536554418377338 5.430194305216478 -4.110520408445666 -0.516939166901782 15.23969749360857 -6.846545267142847 1.226574379694494 -3.191763762109865 -12.586807747620481 -10.45875842654995 -13.93151845587935 -4.94901821488229
10.460921843687375 4.8226327873975805 -4.059196025801715 -0.5841252477638648 -2.5520490592678513 -7.5823860743269655 -6.164710109479845 8.36253936396205 15.02148346185697 28.910078765886148 10.987065993931537 13.500082500411189 2.782149480268365 7.15860204699586 -5.612709332223647 -2.6426765654986655 13.990482282605228 1.827127145099612 5.635172888712017 -3.9779400736887105 -0.35563658826742284 15.522588992031796 -6.738137721501829 1.3949513219787768 -3.057461202631 -12.53137345224246 -10.38188415675277 -13.891662132715632 -4.83794310302919
10.521042084168336 4.8420173353588325 -4.039811477840445 -0.5647406998026128 -2.5326645113065993 -7.5630015263657135 -6.145325561518575 8.38192391192332 15.040868009818222 28.9294633138474 11.00645054189279 13.51946704837244 2.801534028229617 7.1779865949571295 -5.593324784262395 -2.6232920175373957 14.00986683056648 1.846511693060864 5.654557436673269 -3.9585555257274585 -0.33625204030617084 15.541973539993048 -6.718753173540577 1.4143358699400288 -3.038076654669748 -12.511988904281209 -10.362499608791518 -13.87227758475438 -4.818558555067938
10.581162324649299 4.861393219993317 -4.02043559320596 -0.5453648151681278 -2.5132886266721144 -7.543625641731229 -6.12594967688409 8.401299796557804 15.060243894452707 28.948839198481885 11.025826426527274 13.538842933006926 2.820909912864102 7.1973624795916145 -5.5739488996279105 -2.603916132902911 14.029242715200965 1.865887577695349 5.673933321307754 -3.9391796410929736 -0.3168761556716859 15.561349424627533 -6.699377288906092 1.4337117545745137 -3.018700770035263 -12.492613019646724 -10.343123724157033 -13.852901700119896 -4.799182670433453
10.64128256513026 4.8807536979501975 -4.00107511524908 -0.5260043372112477 -2.4939281487152165 -7.5242651637743485 -6.10658919892721 8.420660274514685 15.079604372409605 28.968199676438775 11.045186904484154 13.558203410963806 2.840270390820982 7.216722957548495 -5.55458842167103 -2.5845556549460307 14.048603193157845 1.885248055652229 5.6932937992646515 -3.9198191631360935 -0.2975156777148058 15.580709902584431 -6.680016810949212 1.4530722325314116 -2.999340292078383 -12.473252541689844 -10.323763246200153 -13.833541222163015 -4.779822192476573
10.701402805611222 4.900101175067455 -3.9817276381318223 -0.5066568600939902 -2.474580671597959 -7.504917686657091 -6.087241721809953 8.440007751631942 15.098951849526863 28.987547153556022 11.064534381601412 13.577550888081063 2.8596178679382396 7.236070434665752 -5.535240944553773 -2.565208177828773 14.067950670275103 1.9045955327694866 5.712641276381891 -3.900471686018836 -0.2781682005975483 15.600057379701688 -6.6606693338319545 1.4724197096486513 -2.9799928149611254 -12.453905064572586 -10.304415769082896 -13.814193745045758 -4.760474715359315
10.761523046092185 4.919429399107251 -3.9623994140920438 -0.48732863605419396 -2.4552524475581805 -7.485589462617295 -6.067913497770174 8.459335975671738 15.118280073566641 29.00687537759582 11.083862605641208 13.59687911212086 2.878946091978036 7.255398658705531 -5.515912720513977 -2.5458799537889947 14.087278894314899 1.9239237568092828 5.7319695004216875 -3.8811434619790397 -0.25883997655775204 15.619385603741467 -6.641341109792158 1.4917479336884476 -2.960664590921329 -12.43457684053279 -10.2850875450431 -13.794865521005962 -4.741146491319519
10.821643286573146 4.938733970494074 -3.9430948427052215 -0.4680240646673717 -2.435947876171358 -7.4662848912304725 -6.048608926383352 8.47864054705856 15.137584644953463 29.02617994898264 11.10316717702803 13.616183683507682 2.898250663364858 7.274703230092353 -5.496608149127154 -2.5265753824021724 14.106583465701721 1.9432283281961051 5.75127407180851 -3.8618388905922174 -0.23953540517092975 15.63869017512829 -6.622036538405336 1.51105250507527 -2.941360019534507 -12.415272269145968 -10.265782973656277 -13.77556094961914 -4.721841919932697
10.881763527054108 4.958016308634825 -3.9238125045644523 -0.4487417265266025 -2.416665538030589 -7.447002553089721 -6.029326588242583 8.497922885199312 15.156866983094233 29.045462287123403 11.122449515168782 13.635466021648433 2.9175330015056096 7.293985568233122 -5.477325810986403 -2.507293044261403 14.125865803842473 1.9625106663368743 5.770556409949279 -3.842556552451466 -0.22025306703017833 15.657972513269058 -6.6027542002645845 1.530334843216039 -2.9220776813937555 -12.395989931005198 -10.246500635515508 -13.756278611478388 -4.702559581791945
10.941883767535069 4.9772715050290905 -3.9045573081701868 -0.42948653013233695 -2.3974103416363235 -7.427747356695438 -6.010071391848317 8.517178081593578 15.176122179488498 29.064717483517665 11.141704711563047 13.654721218042699 2.936788197899893 7.313240764627388 -5.458070614592137 -2.4880378478671377 14.145121000236756 1.9817658627311399 5.7898116063435445 -3.8233013560572005 -0.2009978706359128 15.677227709663324 -6.583499003870301 1.5495900396103046 -2.90282248499949 -12.376734734610933 -10.227245439121242 -13.737023415084105 -4.683304385397662
11.002004008016032 4.9964921979766785 -3.8853366152225988 -0.41026583718474896 -2.3781896486887355 -7.4085266637478675 -5.990850698900729 8.536398774541166 15.195342872436086 29.083938176465256 11.160925404510635 13.673941910990287 2.956008890847463 7.332461457574976 -5.438849921644549 -2.4688171549195497 14.164341693184326 2.000986555678728 5.8090322992911325 -3.8040806631096125 -0.1817771776883248 15.696448402610912 -6.564278310922731 1.5688107325578926 -2.883601792051902 -12.357514041663345 -10.208024746173654 -13.717802722136534 -4.664083692450092
11.062124248496994 5.015683480941551 -3.8661453322577444 -0.39107455421989457 -2.358998365723881 -7.389335380782995 -5.971659415935875 8.55559005750602 15.21453415540094 29.103129459430118 11.180116687475508 13.693133193955159 2.9752001738123353 7.35165274053983 -5.419658638679677 -2.4496258719546953 14.183532976149198 2.0201778386435825 5.828223582255987 -3.7848893801447403 -0.16258589472345264 15.715639685575766 -6.545087027957859 1.588002015522747 -2.8644105090870298 -12.33832275869849 -10.1888334632088 -13.698611439171662 -4.6448924094852195
11.122244488977955 5.0348378259933035 -3.8469909872059738 -0.3719202091681417 -2.3398440206721283 -7.3701810357312425 -5.952505070884104 8.57474440255779 15.233688500452693 29.12228380448187 11.19927103252726 13.712287539006912 2.994354518864088 7.370807085591583 -5.400504293627924 -2.4304715269029424 14.202687321200951 2.0393321836953353 5.84737792730774 -3.7657350350929875 -0.1434315496716998 15.73479403062752 -6.525932682906106 1.6071563605744998 -2.845256164035277 -12.319168413646738 -10.169679118157047 -13.67945709411991 -4.625738064433467
11.182364729458918 5.0539499513683595 -3.827878861830918 -0.35280808379306805 -2.3207318952970546 -7.351068910356169 -5.933392945509048 8.593856527932846 15.252800625827767 29.141395929856937 11.218383157902316 13.731399664381968 3.0134666442391618 7.3899192109666565 -5.3813921682528685 -2.4113594015278688 14.221799446576025 2.058444309070409 5.866490052682813 -3.7466229097179315 -0.12431942429664389 15.753906156002593 -6.50682055753105 1.6262684859495735 -2.826144038660221 -12.300056288271664 -10.150566992781973 -13.660344968744853 -4.606625939058411
11.242484969939879 5.073023362267879 -3.8088054509313984 -0.3337346728935664 -2.301658484397535 -7.331995499456667 -5.914319534609529 8.612929938832366 15.271874036727286 29.160469340756453 11.237456568801836 13.750473075281487 3.0325400551386634 7.408992621866176 -5.362318757353349 -2.3922859906283493 14.240872857475527 2.0775177199699284 5.885563463582333 -3.727549498818412 -0.10524601339712447 15.772979566902112 -6.487747146631531 1.645341896849093 -2.8070706277607016 -12.280982877372162 -10.131493581882472 -13.641271557845334 -4.587552528158891
11.302605210420841 5.0920503390069705 -3.7897784741923246 -0.3147076961544748 -2.2826315076584613 -7.312968522717576 -5.895292557870455 8.631956915571458 15.29090101346636 29.179496317495538 11.256483545540927 13.769500052020579 3.051567031877755 7.42801959860525 -5.3432917806142575 -2.3732590138892755 14.259899834214618 2.0965446967090022 5.904590440321407 -3.7085225220793205 -0.08621903665803288 15.792006543641186 -6.468720169892439 1.6643688735881668 -2.78804365102161 -12.26195590063307 -10.11246660514338 -13.622244581106242 -4.5685255514198
11.362725450901802 5.1110297212605715 -3.7707990919387235 -0.29572831390087373 -2.2636521254048603 -7.2939891404639745 -5.876313175616854 8.65093629782504 15.309880395719961 29.198475699749128 11.27546292779451 13.788479434274162 3.070546414131356 7.446998980858851 -5.324312398360674 -2.3542796316356744 14.27887921646822 2.1155240789626033 5.923569822575008 -3.6895431398257195 -0.06723965440444957 15.810985925894787 -6.449740787638838 1.6833482558417678 -2.769064268768009 -12.24297651837947 -10.09348722288978 -13.603265198852641 -4.549546169166199
11.422845691382765 5.129960397928386 -3.7518684152708914 -0.2767976372330594 -2.244721448737028 -7.27505846379616 -5.857382498949022 8.669866974492873 15.328811072387794 29.217406376416953 11.294393604462343 13.807410110941994 3.0894770907991704 7.465929657526683 -5.305381721692842 -2.3353489549678423 14.297809893136034 2.1344547556304176 5.942500499242822 -3.670612463157905 -0.048308977736617464 15.829916602562601 -6.430810110971024 1.7022789325095822 -2.7501335921001946 -12.224045841711655 -10.074556546221965 -13.584334522184827 -4.530615492498384
11.482965931863728 5.148835640010212 -3.732993173189083 -0.2579223951512333 -2.22584620665522 -7.256183221714334 -5.838507256867214 8.688742216574681 15.347686314469602 29.23628161849877 11.313268846544151 13.826285353023803 3.1083523328809965 7.484804899608491 -5.286506479611034 -2.316473712886034 14.31668513521786 2.1533299977122438 5.961375741324648 -3.651737221076079 -0.029433735654809112 15.848791844644428 -6.4119348688891975 1.7211541745914083 -2.7312583500183685 -12.20517059962983 -10.055681304140139 -13.565459280103001 -4.511740250416558
11.543086172344688 5.167653644321728 -3.7141751688775493 -0.23910439083969948 -2.207028202343686 -7.237365217402818 -5.81968925255568 8.707560220886215 15.366504318781136 29.255099622810302 11.332086850855685 13.845103357335336 3.1271703371925126 7.503622903920025 -5.2676884752995 -2.2976557085745 14.335503139529376 2.1721480020237776 5.980193745636182 -3.632919216764563 -0.010615731343275314 15.867609848955961 -6.3931168645776815 1.739972178902942 -2.7124403457068524 -12.186352595318295 -10.036863299828605 -13.546641275791485 -4.492922246105042
11.603206412825651 5.186416769593443 -3.6954120436058524 -0.2203412655680026 -2.188265077071989 -7.218602092131103 -5.800926127283983 8.72632334615793 15.385267444052833 29.27386274808201 11.3508499761274 13.863866482607051 3.1459334624642272 7.522386029191722 -5.248925350027785 -2.2788925833028033 14.35426626480109 2.1909111272954744 5.998956870907879 -3.6141560914928483 0.008147393928439328 15.886372974227658 -6.374353739305967 1.758735304174639 -2.693677220435138 -12.167589470046599 -10.018100174556908 -13.52787815051977 -4.474159120833328
11.663326653306612 5.205116366465621 -3.6767124467336565 -0.2016416686958067 -2.1695654801997932 -7.1999024952589075 -5.782226530411787 8.745022943030108 15.403967040925028 29.292562344954195 11.369549572999578 13.88256607947923 3.164633059336423 7.541085626063918 -5.230225753155607 -2.2601929864306074 14.372965861673286 2.2096107241676703 6.017656467780075 -3.5954564946206524 0.026846990800617476 15.905072571099854 -6.355654142433771 1.7774349010468349 -2.6749776235629596 -12.148889873174403 -9.999400577684712 -13.509178553647574 -4.455459523961132
11.723446893787575 5.223753327300944 -3.6580754858983333 -0.18300470786050127 -2.15092851936447 -7.181265534423602 -5.763589569576464 8.763659903865431 15.422604001760352 29.31119930578952 11.3881865338349 13.901203040314552 3.1832700201717286 7.559722586899241 -5.211588792320284 -2.241556025595284 14.391602822508592 2.2282476850029935 6.036293428615398 -3.576819533785347 0.045483951635940656 15.923709531935177 -6.3370171815984655 1.796071861882158 -2.6563406627276365 -12.130252912339097 -9.980763616849407 -13.490541592812269 -4.436822563125826
11.783567134268537 5.242322955497372 -3.6395058577019057 -0.1644350796640559 -2.1323588911680424 -7.162695906227157 -5.745019941380036 8.782229532061859 15.44117362995678 29.32976893398595 11.406756162031328 13.91977266851098 3.201839648368174 7.578292215095669 -5.193019164123856 -2.2229863973988566 14.410172450705037 2.246817313199421 6.054863056811826 -3.5582499055889194 0.06405357983236826 15.942279160131605 -6.318447553402038 1.8146414900785857 -2.637771034531209 -12.111683284142652 -9.962193988652961 -13.471971964615841 -4.418252934929381
11.843687374749498 5.260824845516545 -3.621003967682732 -0.14593318964488233 -2.113857001148869 -7.144194016207983 -5.726518051360863 8.800731422081032 15.459675519975953 29.348270824005123 11.425258052050502 13.938274558530154 3.2203415383873475 7.596794105114842 -5.174517274104683 -2.204484507379683 14.42867434072421 2.2653192032185947 6.073364946830999 -3.539748015569746 0.08255546985154183 15.960781050150779 -6.299945663382864 1.8331433800977592 -2.6192691445120353 -12.093181394123478 -9.943692098633788 -13.453470074596668 -4.399751044910207
11.90380761523046 5.279255220577639 -3.6025735926216385 -0.1275028145838064 -2.095426626087793 -7.125763641146907 -5.708087676299769 8.819161797142126 15.478105895037029 29.366701199066206 11.443688427111596 13.956704933591247 3.2387719134484234 7.615224480175936 -5.156086899043589 -2.1860541323185894 14.447104715785287 2.2837495782796706 6.091795321892075 -3.521317640508652 0.10098584491263551 15.979211425211854 -6.281515288321771 1.8515737551588352 -2.6008387694509416 -12.074751019062402 -9.925261723572712 -13.435039699535574 -4.381320669849131
11.963927855711422 5.297610826442707 -3.584217986756588 -0.1091472087187384 -2.077071020222725 -7.107408035281839 -5.689732070434719 8.837517403007194 15.496461500902097 29.385056804931274 11.462044032976664 13.975060539456315 3.2571275193134914 7.633580086040986 -5.137731293178521 -2.167698526453539 14.465460321650355 2.3021051841447386 6.110150927757143 -3.502962034643584 0.11934145077770353 15.997567031076922 -6.263159682456703 1.8699293610239032 -2.5824831635858736 -12.056395413197334 -9.906906117707644 -13.416684093670506 -4.362965063984063
