web/models/mosfit_kne/mosfit_kn_3.0000/mosfit_kn_0.018177_0.3120_3.0000.dat
# %ECSV 1.0
# ---
# datatype:
# - {name: time, datatype: float64}
# - {name: PS1_g, datatype: float64}
# - {name: PS1_i, datatype: float64}
# - {name: PS1_r, datatype: float64}
# - {name: PS1_w, datatype: float64}
# - {name: PS1_y, datatype: float64}
# - {name: PS1_z, datatype: float64}
# - {name: swift_uvot_B, datatype: float64}
# - {name: swift_uvot_U, datatype: float64}
# - {name: swift_uvot_uvm2, datatype: float64}
# - {name: swift_uvot_uvw1, datatype: float64}
# - {name: swift_uvot_uvw2, datatype: float64}
# - {name: swift_uvot_V, datatype: float64}
# - {name: johnson_B, datatype: float64}
# - {name: johnson_I, datatype: float64}
# - {name: johnson_R, datatype: float64}
# - {name: johnson_U, datatype: float64}
# - {name: johnson_V, datatype: float64}
# - {name: sdss_g, datatype: float64}
# - {name: sdss_i, datatype: float64}
# - {name: sdss_r, datatype: float64}
# - {name: sdss_u, datatype: float64}
# - {name: sdss_z, datatype: float64}
# - {name: ATLAS_c, datatype: float64}
# - {name: ATLAS_o, datatype: float64}
# - {name: ukirt_H, datatype: float64}
# - {name: ukirt_J, datatype: float64}
# - {name: ukirt_K, datatype: float64}
# - {name: Clear, datatype: float64}
# meta: !!omap
# - comment: [kappa = 3.0, type = rprocess, mass = 0.018176879801416274, velocity = 0.312, theta_obs = 0.0, tfloor = 1000.0]
# schema: astropy-2.0
time PS1_g PS1_i PS1_r PS1_w PS1_y PS1_z swift_uvot_B swift_uvot_U swift_uvot_uvm2 swift_uvot_uvw1 swift_uvot_uvw2 swift_uvot_V johnson_B johnson_I johnson_R johnson_U johnson_V sdss_g sdss_i sdss_r sdss_u sdss_z ATLAS_c ATLAS_o ukirt_H ukirt_J ukirt_K Clear
[from data line 232]
14.008016032064127 8.808025727009632 -0.07380308618964548 3.4012676918481866 1.4333438803442178 -3.596993134714914 -2.179317169867776 12.347932303574119 19.00687640146904 32.89547170549821 14.972458933543589 17.48547544002324 6.767542419880416 11.143994986607929 -1.627316392611596 1.3427163741134038 17.97587522221728 5.812520084711664 9.620565828324086 0.007452865923340823 3.6297563513446285 19.507981931643865 -2.7527447818897777 5.380344261590846 0.9279317369810514 -8.54598051263041 -6.396491217140719 -9.906269193103581 -0.8525501634171384
14.06813627254509 8.818639434728599 -0.06318937847067829 3.4118813995671537 1.443957588063185 -3.586379426995947 -2.168703462148809 12.358546011293086 19.017490109188007 32.90608541321717 14.983072641262556 17.496089147742207 6.778156127599384 11.154608694326896 -1.616702684892629 1.353330081832371 17.986488929936247 5.823133792430631 9.631179536043035 0.018066573642308015 3.6403700590635957 19.518595639362832 -2.7421310741708105 5.390957969309795 0.9385454447000185 -8.535366804911442 -6.385877509421752 -9.895655485384614 -0.8419364556981712
14.128256513026052 8.829210523886868 -0.052618289312409416 3.4224524887254226 1.4545286772214538 -3.575808337837678 -2.15813237299054 12.369117100451355 19.028061198346276 32.916656502375446 14.993643730420825 17.506660236900476 6.7887272167576524 11.165179783485165 -1.60613159573436 1.36390117099064 17.997060019094516 5.8337048815889 9.641750625201322 0.02863766280057689 3.6509411482218646 19.5291667285211 -2.7315599850125416 5.401529058468082 0.9491165338582874 -8.524795715753173 -6.375306420263483 -9.885084396226345 -0.8313653665399023
14.188376753507013 8.839739574375933 -0.042089238823361796 3.432981539214488 1.4650577277105015 -3.5652792873486128 -2.1476033225014923 12.37964615094042 19.038590248835323 32.92718555286451 15.00417278090989 17.51718928738954 6.799256267246718 11.175708833974213 -1.5956025452452947 1.3744302214796875 18.00758906958358 5.844233932077965 9.65227967569037 0.039166713289642274 3.66147019871093 19.53969577901015 -2.721030934523476 5.41205810895713 0.9596455843473528 -8.514266665264108 -6.364777369774417 -9.87455534573728 -0.820836316050837
14.248496993987976 8.850227094321514 -0.03160171887776286 3.443469059160087 1.4755452476561004 -3.5547917674030316 -2.1371158025558934 12.390133670886001 19.049077768780922 32.93767307281009 15.014660300855471 17.527676807335123 6.809743787192299 11.186196353919811 -1.5851150252997135 1.3849177414252865 18.018076589529162 5.854721452023564 9.662767195635968 0.049654233235223444 3.671957718656511 19.550183298955748 -2.710543414577895 5.4225456289027285 0.970133104292934 -8.503779145318509 -6.354289849828836 -9.864067825791698 -0.8103487961052558
14.308617234468937 8.860673575590319 -0.021155237608958544 3.4539155404288913 1.4859917289249047 -3.5443452861342273 -2.126669321287089 12.400580152154806 19.059524250049726 32.9481195540789 15.025106782124276 17.538123288603927 6.820190268461103 11.196642835188616 -1.5746685440309092 1.3953642226940908 18.028523070797984 5.865167933292368 9.673213676904773 0.060100714504027763 3.6824041999253154 19.560629780224552 -2.7000969333090907 5.432992110171533 0.9805795855617383 -8.493332664049705 -6.343843368560014 -9.853621344522894 -0.7999023148364515
14.3687374749499 8.871079539711033 -0.010749273488244171 3.464321504549588 1.4963976930456013 -3.533939322013513 -2.1162633571663747 12.41098611627552 19.069930214170423 32.9585255181996 15.03551274624499 17.54852925272464 6.830596232581818 11.20704879930933 -1.5642625799101948 1.4057701868147874 18.03892903491868 5.875573897413065 9.68361964102547 0.07050667862474214 3.69281016404603 19.57103574434525 -2.6896909691883764 5.443398074292229 0.9909855496824527 -8.482926699929008 -6.333437404439318 -9.84321538040218 -0.7894963507157371
14.428857715430862 8.881445512178772 -0.0003833010205056553 3.474687477017344 1.5067636655133576 -3.5235733495457566 -2.105897384698636 12.421352088743259 19.08029618663818 32.96889149066735 15.045878718712729 17.55889522519238 6.840962205049574 11.217414771777069 -1.5538966074424563 1.4161361592825437 18.049295007386437 5.885939869880821 9.693985613493226 0.08087265109248065 3.7031761365137683 19.581401716813005 -2.67932499672062 5.453764046759986 1.0013515221501912 -8.472560727461252 -6.323071431971561 -9.832849407934424 -0.7791303782479808
14.488977955911823 8.891772033119949 0.009943219920671709 3.4850139979585038 1.5170901864545172 -3.513246828604597 -2.095570863757459 12.431678609684436 19.09062270757934 32.979218011608516 15.056205239653906 17.569221746133557 6.851288725990734 11.227741292718246 -1.543570086501279 1.426462680223721 18.059621528327597 5.896266390821981 9.704312134434385 0.09119917203365802 3.7135026574549457 19.591728237754165 -2.6689984757794605 5.464090567701145 1.0116780430913686 -8.462234206520092 -6.312744911030402 -9.822522886993264 -0.7688038573068212
14.549098196392785 8.90205955408593 0.020230740886635346 3.495301518924485 1.5273777074204986 -3.5029593076386156 -2.085283342791495 12.4419661306504 19.10091022854532 32.98950553257449 15.06649276061987 17.57950926709952 6.861576246956715 11.23802881368421 -1.5332825655353153 1.4367502011896847 18.069909049293578 5.906553911787962 9.714599655400367 0.10148669299963942 3.7237901784209093 19.602015758720146 -2.658710954813479 5.474378088667127 1.0219655640573322 -8.45194668555411 -6.30245739006442 -9.812235366027283 -0.7585163363408398
14.609218436873746 8.912308562055582 0.030479748856304667 3.5055505268941545 1.537626715390168 -3.4927102996689463 -2.075034334821826 12.452215138620069 19.11115923651499 32.99975454054416 15.076741768589539 17.58975827506919 6.871825254926384 11.248277821653879 -1.523033557565646 1.446999209159354 18.080158057263247 5.9168029197576315 9.724848663370036 0.11173570096930874 3.7340391863905786 19.612264766689815 -2.6484619468438098 5.484627096636796 1.0322145720270015 -8.441697677584441 -6.292208382094751 -9.801986358057613 -0.7482673283711705
14.669338677354709 8.922519569367537 0.04069075616826012 3.515761534206092 1.5478377227021234 -3.4824992923570086 -2.0648233275098704 12.462426145932024 19.121370243826945 33.009965547856105 15.086952775901494 17.599969282381146 6.882036262238322 11.258488828965834 -1.5128225502536905 1.4572102164713094 18.090369064575185 5.927013927069569 9.735059670681974 0.12194670828124643 3.744250193702534 19.62247577400177 -2.638250939531872 5.494838103948734 1.042425579338957 -8.431486670272504 -6.281997374782813 -9.791775350745676 -0.7380563210592328
14.729458917835672 8.932693079513943 0.050864266314647466 3.5259350443524973 1.5580112328485107 -3.4723257822106035 -2.054649817363483 12.472599656078412 19.131543753973332 33.020139058002506 15.097126286047882 17.610142792527533 6.892209772384727 11.268662339112222 -1.5026490401073032 1.4673837266176968 18.10054257472159 5.937187437215974 9.745233180828379 0.13212021842765154 3.7544237038489214 19.632649284148158 -2.628077429385467 5.505011614095139 1.052599089485362 -8.421313160126099 -6.271823864636408 -9.78160184059927 -0.7278828109128277
14.789579158316633 8.942829560584453 0.06100074738515815 3.536071525423008 1.5681477139190214 -3.462189301140093 -2.0445133362929724 12.482736137148922 19.141680235043843 33.03027553907302 15.107262767118392 17.620279273598044 6.902346253455238 11.278798820182732 -1.4925125590367925 1.4775202076882075 18.1106790557921 5.947323918286485 9.75536966189889 0.14225669949816222 3.764560184919432 19.64278576521867 -2.6179409483149563 5.5151480951656495 1.0627355705558728 -8.411176679055588 -6.2616873835658975 -9.77146535952876 -0.717746329842317
14.849699398797595 8.952929447700235 0.07110063450094017 3.54617141253879 1.5782476010348034 -3.452089414024311 -2.0344134491771904 12.492836024264705 19.151780122159625 33.04037542618881 15.117362654234192 17.630379160713844 6.91244614057102 11.288898707298515 -1.4824126719209927 1.4876200948039895 18.120778942907883 5.957423805402267 9.765469549014671 0.15235658661394424 3.774660072035232 19.65288565233445 -2.6078410611991742 5.5252479822814315 1.0728354576716548 -8.401076791939806 -6.2515874964501155 -9.761365472412978 -0.707646442726535
14.909819639278556 8.962993206184517 0.08116439298524014 3.556235171023072 1.5883113595190856 -3.4420256555400286 -2.0243496906928904 12.502899782749004 19.161843880643907 33.05043918467309 15.127426412718474 17.640442919198126 6.922509899055302 11.298962465782814 -1.4723489134367105 1.4976838532882895 18.130842701392165 5.967487563886549 9.775533307498954 0.16242034509822645 3.784723830519514 19.662949410818733 -2.597777302714892 5.535311740765714 1.082899216155937 -8.391013033455524 -6.241523737965833 -9.751301713928695 -0.6975826842422528
14.969939879759519 8.973021995392223 0.09119318219292794 3.5662639602307777 1.5983401487267912 -3.431996866332323 -2.0143209014852026 12.512928571956692 19.171872669851613 33.0604679738808 15.13745520192618 17.650471708405814 6.932538688263008 11.308991254990502 -1.4623201242290227 1.5077126424959773 18.14087149059987 5.977516353094255 9.78556209670666 0.172449134305932 3.7947526197272197 19.67297820002644 -2.5877485135071865 5.545340529973419 1.0929280053636425 -8.380984244247818 -6.231494948758128 -9.74127292472099 -0.6875538950345472
15.03006012024048 8.983014849889752 0.10118603669047488 3.5762568147283247 1.6083330032243381 -3.422004011834776 -2.0043280469876557 12.52292142645424 19.18186552434916 33.07046082837833 15.147448056423709 17.66046456290336 6.9425315427605545 11.31898410948805 -1.4523272697314757 1.5177054969935242 18.150864345097418 5.987509207591802 9.795554951204206 0.18244198880346119 3.804745474224749 19.682971054523986 -2.5777556590096573 5.555333384470966 1.1029208598611717 -8.370991389750271 -6.221502094260581 -9.73128007022346 -0.677561040537018
15.090180360721442 8.992972990094774 0.11114417689549683 3.5862149549333466 1.61829114342936 -3.412045871629772 -1.9943699067826337 12.532879566659261 19.19182366455418 33.08041896858335 15.157406196628731 17.670422703108382 6.952489682965559 11.328942249693071 -1.4423691295264538 1.5276636371985461 18.160822485302422 5.997467347796824 9.805513091409228 0.19240012900848313 3.814703614429771 19.692929194729007 -2.5677975188046354 5.565291524675988 1.1128790000661937 -8.36103324954525 -6.211543954055559 -9.721321930018439 -0.6676029003319961
15.150300601202405 9.002896850339699 0.12106803714042158 3.5961388151782536 1.628215003674267 -3.402122011384847 -1.984446046537709 12.542803426904186 19.201747524799096 33.09034282882827 15.167330056873656 17.680346563353307 6.9624135432104834 11.338866109937996 -1.432445269281529 1.537587497443471 18.170746345547347 6.007391208041731 9.815436951654135 0.2023239892534079 3.8246274746746955 19.702853054973914 -2.5578736585597106 5.575215384920895 1.1228028603111184 -8.351109389300342 -6.201620093810652 -9.711398069773514 -0.6576790400870713
15.210420841683366 9.012786884737984 0.1309580715387071 3.606028849576539 1.6381050380725526 -3.3922319769865616 -1.9745560121394234 12.552693461302471 19.211637559197385 33.10023286322656 15.177220091271941 17.690236597751593 6.972303577608769 11.348756144336281 -1.4225552348832435 1.5474775318417564 18.180636379945632 6.017281242440016 9.82532698605242 0.2122140236516934 3.834517509072981 19.7127430893722 -2.547983624161425 5.585105419319181 1.132692894709404 -8.341219354902057 -6.191730059412366 -9.701508035375229 -0.6477890056887858
15.270541082164328 9.02264353338941 0.1408147201901322 3.6158854982279642 1.6479616867239955 -3.3823753283351365 -1.9646993634879983 12.562550109953897 19.221494207848806 33.11008951187799 15.187076739923366 17.700093246403018 6.982160226260194 11.358612792987707 -1.4126985862318184 1.5573341804931815 18.190493028597057 6.027137891091441 9.835183634703863 0.2220706723031185 3.844374157724406 19.722599738023643 -2.53812697551 5.594962067970624 1.142549543360829 -8.331362706250632 -6.181873410760941 -9.691651386723803 -0.6379323570373607
15.33066132264529 9.032467252567056 0.15063843936776067 3.6257092174056105 1.657785405901624 -3.3725516091574903 -1.9548756443103699 12.572373829131543 19.231317927026446 33.11991323105563 15.196900459101013 17.709916965580664 6.99198394543784 11.368436512165335 -1.4028748670541722 1.56715789967081 18.200316747774703 6.0369616102690875 9.845007353881492 0.23189439148076474 3.8541978769020524 19.73242345720127 -2.5283032563323538 5.604785787148252 1.1523732625384753 -8.321538987072985 -6.172049691583295 -9.681827667546157 -0.6281086378597145
15.390781563126252 9.04225841586264 0.16042960266336337 3.6355003807011954 1.6675765691972266 -3.3627604458619054 -1.9450844810147672 12.582164992427128 19.24110909032204 33.129704394351215 15.206691622396598 17.71970812887625 7.001775108733425 11.378227675460938 -1.3930837037585873 1.5769490629664127 18.21010791107029 6.0467527735646724 9.854798517177077 0.24168555477634968 3.8639890401976373 19.742214620496874 -2.518512093036769 5.614576950443855 1.1621644258340602 -8.3117478237774 -6.16225852828771 -9.672036504250572 -0.6183174745641296
15.450901803607215 9.052017449561927 0.17018863636264925 3.645259414400499 1.6773356028965125 -3.3530014121626195 -1.9353254473154813 12.591924026126414 19.250868124021324 33.139463428050504 15.216450656095883 17.729467162575535 7.011534142432711 11.387986709160224 -1.3833246700593014 1.5867080966656986 18.219866944769574 6.056511807263976 9.86455755087638 0.25144458847563556 3.873748073896923 19.75197365419616 -2.508753059337483 5.624335984143141 1.171923459533346 -8.301988790078097 -6.152499494588406 -9.662277470551286 -0.6085584408648437
15.511022044088175 9.06174478457693 0.17991597137765325 3.6549867494154853 1.6870629379114988 -3.3432740771476155 -1.9255981123004773 12.601651361141418 19.26059545903633 33.1491907630655 15.226177991110887 17.73919449759054 7.021261477447715 11.39771404417521 -1.3735973350442974 1.5964354316806848 18.22959427978458 6.066239142278962 9.874284885891367 0.26117192349063956 3.883475408911927 19.761700989211146 -2.499025724322479 5.634063319158127 1.18165079454835 -8.29226145506311 -6.14277215957342 -9.652550135536282 -0.5988311058498397
15.571142284569138 9.071440848524244 0.18961203532494864 3.6646828133627984 1.696759001858812 -3.3335780132003023 -1.915902048353182 12.61134742508873 19.270291522983634 33.158886827012815 15.2358740550582 17.748890561537852 7.030957541395028 11.407410108122523 -1.3639012710969842 1.606131495627998 18.23929034373189 6.0759352062262755 9.88398094983868 0.2708679874379527 3.8931714728592404 19.77139705315846 -2.489329660375166 5.64375938310544 1.1913468584956632 -8.282565391115797 -6.133076095626107 -9.64285407158897 -0.5891350419025265
15.631262525050099 9.081106033262394 0.19927722006311654 3.6743479981009486 1.7064241865969798 -3.323912828462152 -1.906236863615014 12.621012609826881 19.279956707721794 33.16855201175097 15.24553923979635 17.758555746276002 7.040622726133178 11.417075292860691 -1.354236086358834 1.6157966803661659 18.24895552847004 6.085600390964426 9.893646134576848 0.28053317217610285 3.9028366575973905 19.781062237896627 -2.4796644756370156 5.653424567843608 1.2010120432338134 -8.272900206377647 -6.123410910887957 -9.633188886850819 -0.5794698571643764
