web/models/mosfit_kne/mosfit_kn_3.0000/mosfit_kn_0.002817_0.3433_3.0000.dat
# %ECSV 1.0
# ---
# datatype:
# - {name: time, datatype: float64}
# - {name: PS1_g, datatype: float64}
# - {name: PS1_i, datatype: float64}
# - {name: PS1_r, datatype: float64}
# - {name: PS1_w, datatype: float64}
# - {name: PS1_y, datatype: float64}
# - {name: PS1_z, datatype: float64}
# - {name: swift_uvot_B, datatype: float64}
# - {name: swift_uvot_U, datatype: float64}
# - {name: swift_uvot_uvm2, datatype: float64}
# - {name: swift_uvot_uvw1, datatype: float64}
# - {name: swift_uvot_uvw2, datatype: float64}
# - {name: swift_uvot_V, datatype: float64}
# - {name: johnson_B, datatype: float64}
# - {name: johnson_I, datatype: float64}
# - {name: johnson_R, datatype: float64}
# - {name: johnson_U, datatype: float64}
# - {name: johnson_V, datatype: float64}
# - {name: sdss_g, datatype: float64}
# - {name: sdss_i, datatype: float64}
# - {name: sdss_r, datatype: float64}
# - {name: sdss_u, datatype: float64}
# - {name: sdss_z, datatype: float64}
# - {name: ATLAS_c, datatype: float64}
# - {name: ATLAS_o, datatype: float64}
# - {name: ukirt_H, datatype: float64}
# - {name: ukirt_J, datatype: float64}
# - {name: ukirt_K, datatype: float64}
# - {name: Clear, datatype: float64}
# meta: !!omap
# - comment: [kappa = 3.0, type = rprocess, mass = 0.0028172691138521437, velocity = 0.3433333333333334, theta_obs = 0.0, tfloor = 1000.0]
# schema: astropy-2.0
time PS1_g PS1_i PS1_r PS1_w PS1_y PS1_z swift_uvot_B swift_uvot_U swift_uvot_uvm2 swift_uvot_uvw1 swift_uvot_uvw2 swift_uvot_V johnson_B johnson_I johnson_R johnson_U johnson_V sdss_g sdss_i sdss_r sdss_u sdss_z ATLAS_c ATLAS_o ukirt_H ukirt_J ukirt_K Clear
[from data line 235]
14.188376753507013 13.122745251238435 4.240916438039157 7.715987216076989 5.748063404573021 0.7177263895138886 2.1354023543610268 16.66265182780292 23.321595925697835 37.21019122972701 19.28717845777239 21.800194964252043 11.08226194410922 15.458714510836732 2.6874031316172067 5.657435898342206 22.29059474644609 10.127239608940465 13.93528535255287 4.322172390152144 7.944475875573431 23.82270145587266 1.5619747423390251 9.695063785819649 5.242651261209854 -4.2312609884016075 -2.0817716929119165 -5.591549668874778 3.4621693608116644
14.248496993987976 13.140180536477892 4.258351723278615 7.733422501316447 5.7654986898124605 0.7351616747533463 2.1528376396004845 16.68008711304238 23.339031210937293 37.22762651496647 19.30461374301185 21.8176302494915 11.099697229348678 15.47614979607619 2.7048384168566644 5.674871183581664 22.30803003168554 10.144674894179923 13.952720637792329 4.339607675391601 7.961911160812889 23.84013674111212 1.5794100275784828 9.712499071059089 5.260086546449312 -4.21382570316215 -2.064336407672459 -5.574114383635321 3.479604646051122
14.308617234468937 13.157567072260488 4.27573825906121 7.750809037099042 5.782885225595074 0.7525482105359416 2.1702241753830798 16.697473648824975 23.356417746719885 37.24501305074906 19.322000278794444 21.835016785274096 11.117083765131273 15.493536331858785 2.7222249526392597 5.692257719364259 22.325416567468135 10.162061429962518 13.970107173574924 4.356994211174197 7.979297696595484 23.85752327689471 1.5967965633610781 9.729885606841684 5.277473082231907 -4.1964391673795545 -2.0469498718898635 -5.556727847852725 3.4969911818337174
14.3687374749499 13.174905035490543 4.293076222291248 7.7681470003290976 5.800223188825111 0.7698861737659968 2.187562138613117 16.714811612055012 23.373755709949933 37.26235101397911 19.339338242024493 21.852354748504144 11.134421728361328 15.510874295088822 2.739562915869297 5.709595682594297 22.34275453069819 10.179399393192574 13.987445136804979 4.374332174404252 7.996635659825522 23.87486124012476 1.6141345265911333 9.74722357007174 5.294811045461962 -4.179101204149499 -2.0296119086598083 -5.53938988462267 3.5143291450637726
14.428857715430862 13.192194611888794 4.310365798689517 7.785436576727367 5.8175127652233805 0.7871757501642662 2.2048517150113867 16.73210118845328 23.391045286348202 37.279640590377376 19.35662781842275 21.869644324902403 11.15171130475958 15.528163871487092 2.7568524922675666 5.726885258992566 22.36004410709645 10.196688969590843 14.004734713203248 4.3916217508025035 8.013925236223791 23.892150816523028 1.631424102989385 9.764513146470009 5.312100621860214 -4.16181162775123 -2.012322332261539 -5.522100308224418 3.5316187214620243
14.488977955911823 13.20943597789869 4.327607164699412 7.802677942737262 5.834754131233275 0.8044171161741609 2.2220930810212813 16.749342554463176 23.408286652358097 37.29688195638727 19.373869184432653 21.886885690912305 11.168952670769492 15.545405237496986 2.7740938582774612 5.744126625002461 22.377285473106348 10.213930335600738 14.021976079213143 4.408863116812398 8.031166602233686 23.909392182532923 1.6486654689992974 9.781754512479903 5.329341987870109 -4.144570261741335 -1.9950809662516442 -5.504858942214506 3.5488600874719367
14.549098196392785 13.226629313506297 4.34480050030702 7.819871278344852 5.851947466840883 0.8216104517817513 2.2392864166288895 16.766535890070784 23.425479987965694 37.314075291994875 19.391062520040254 21.904079026519906 11.186146006377083 15.562598573104594 2.7912871938850694 5.761319960610069 22.394478808713956 10.231123671208328 14.039169414820751 4.426056452420006 8.048359937841294 23.92658551814052 1.6658588046068878 9.798947848087511 5.346535323477717 -4.127376926133745 -1.9778876306440538 -5.487665606606916 3.566053423079527
14.609218436873746 13.243774801929593 4.361945988730298 7.837016766768148 5.869092955264161 0.8387559402050471 2.2564319050521675 16.783681378494062 23.442625476388983 37.331220780418164 19.408208008463543 21.921224514943194 11.203291494800379 15.579744061527872 2.8084326823083474 5.778465449033347 22.41162429713724 10.248269159631624 14.05631490324403 4.443201940843302 8.06550542626459 23.94373100656381 1.6830042930301836 9.81609333651079 5.363680811901013 -4.110231437710449 -1.960742142220758 -5.47052011818362 3.583198911502823
14.669338677354709 13.260872621374045 4.379043808174767 7.854114586212599 5.886190774708613 0.8558537596494986 2.273529724496637 16.80077919793853 23.45972329583344 37.348318599862615 19.425305827907994 21.938322334387646 11.22038931424483 15.596841880972324 2.8255305017528167 5.795563268477799 22.428722116581692 10.265366979076076 14.07341272268848 4.460299760287754 8.082603245709041 23.960828826008267 1.7001021124746352 9.833191155955241 5.380778631345464 -4.093133618265997 -1.9436443227763065 -5.453422298739168 3.6002967309472744
14.729458917835672 13.277922951398153 4.396094138198876 7.871164916236726 5.903241104732739 0.8729040896736073 2.2905800545207455 16.81782952796264 23.476773625857554 37.365368929886735 19.44235615793211 21.95537266441176 11.237439644268939 15.61389221099645 2.8425808317769254 5.812613598501925 22.445772446605808 10.282417309100202 14.090463052712607 4.477350090311862 8.09965357573315 23.97787915603238 1.7171524424987439 9.850241485979367 5.397828961369573 -4.076083288241871 -1.92659399275218 -5.43637196871506 3.617347060971383
14.789579158316633 13.294925975007796 4.413097161808519 7.888167939846369 5.920244128342382 0.8899071132832503 2.3075830781303885 16.834832551572283 23.493776649467204 37.382371953496374 19.459359181541753 21.972375688021405 11.254442667878582 15.630895234606093 2.8595838553865685 5.829616622111568 22.462775470215455 10.299420332709845 14.10746607632225 4.494353113921505 8.116656599342793 23.99488217964203 1.734155466108387 9.86724450958901 5.414831984979216 -4.059080264632228 -1.909590969142537 -5.419368945105417 3.634350084581026
14.849699398797595 13.311881870226525 4.43005305702723 7.90512383506508 5.937200023561093 0.9068630085019791 2.3245389733490995 16.851788446790994 23.510732544685915 37.399327848715096 19.476315076760475 21.989331583240126 11.27139856309731 15.647851129824804 2.8765397506052794 5.846572517330279 22.479731365434173 10.316376227928556 14.124421971540961 4.511309009140234 8.133612494561522 24.01183807486074 1.7511113613271156 9.884200404807721 5.431787880197945 -4.042124369413517 -1.892635073923826 -5.402413049886688 3.651305979799755
14.909819639278556 13.328790818327345 4.446962005128068 7.9220327831659 5.954108971661931 0.9237719566027991 2.3414479214499373 16.868697394891832 23.527641492786742 37.416236796815916 19.493224024861302 22.006240531340953 11.28830751119813 15.664760077925642 2.893448698706117 5.863481465431117 22.496640313534993 10.333285176029376 14.141330919641781 4.528217957241054 8.150521442662342 24.028747022961568 1.7680203094279356 9.901109352908541 5.448696828298765 -4.025215421312697 -1.875726125823006 -5.385504101785868 3.668214927900575
14.969939879759519 13.34565680531183 4.463827992112552 7.938898770150402 5.970974958646416 0.9406379435873014 2.358313908434422 16.885563381876317 23.544507479771237 37.43310278380041 19.510090011845794 22.023106518325445 11.305173498182633 15.681626064910127 2.9103146856906017 5.880347452415601 22.513506300519488 10.350151163013878 14.158196906626284 4.545083944225556 8.167387429646826 24.045613009946063 1.784886296412438 9.917975339893044 5.465562815283249 -4.008349434328195 -1.8588601388385038 -5.3686381148013655 3.685080914885077
15.03006012024048 13.362469301526367 4.48064048832709 7.95571126636494 5.987787454860953 0.9574504398018391 2.3751264046489595 16.902375878090854 23.561319975985775 37.44991528001495 19.526902508060335 22.039919014539976 11.32198599439717 15.698438561124664 2.9271271819051394 5.897159948630139 22.530318796734022 10.366963659228416 14.175009402840821 4.561896440440076 8.184199925861364 24.0624255061606 1.8016987926269579 9.934787836107581 5.482375311497787 -3.991536938113657 -1.842047642623966 -5.351825618586846 3.701893411099597
15.090180360721442 13.379237912834121 4.497409099634844 7.972479877672676 6.004556066168689 0.974219051109575 2.391895015956713 16.919144489398608 23.57808858729352 37.466683891322695 19.543671119368067 22.05668762584772 11.338754605704906 15.7152071724324 2.943895793212893 5.913928559937875 22.54708740804177 10.383732270536152 14.191778014148557 4.57866505174783 8.200968537169118 24.079194117468347 1.8184674039347115 9.951556447415317 5.4991439228055405 -3.974768326805921 -1.8252790313162301 -5.335057007279092 3.7186620224073508
15.150300601202405 13.395960768163064 4.514131954963787 7.989202733001619 6.0212789214976326 0.9909419064385183 2.4086178712856565 16.93586734472755 23.594811442622465 37.48340674665163 19.56039397469702 22.073410481176662 11.35547746103385 15.731930027761361 2.9606186485418364 5.930651415266818 22.563810263370712 10.400455125865095 14.2085008694775 4.595387907076773 8.217691392498061 24.09591697279729 1.8351902592636549 9.96827930274426 5.515866778134484 -3.9580454714769777 -1.8085561759872868 -5.318334151950149 3.735384877736294
15.210420841683366 13.412637667761178 4.530808854561901 8.00587963259975 6.037955821095764 1.0076188060366498 2.42529477088377 16.952544244325665 23.611488342220586 37.500083646249756 19.577070874295142 22.090087380774794 11.372154360631981 15.748606927359475 2.97729554813995 5.94732831486495 22.580487162968836 10.417132025463227 14.225177769075632 4.612064806674887 8.234368292096175 24.11259387239541 1.8518671588617686 9.984956202342392 5.532543677732598 -3.9413685718788463 -1.7918792763891553 -5.301657252352035 3.7520617773344256
15.270541082164328 13.42926871467272 4.547439901473425 8.022510679511274 6.054586868007288 1.0242498529481736 2.441925817795294 16.96917529123719 23.62811938913211 37.51671469316129 19.59370192120667 22.10671842768632 11.388785407543505 15.765237974270999 2.9939265950514917 5.963959361776474 22.597118209880367 10.43376307237475 14.241808815987156 4.628695853586429 8.250999339007716 24.129224919306935 1.8684982057733102 10.001587249253916 5.549174724644139 -3.9247375249673224 -1.7752482294776315 -5.285026205440493 3.7686928242459494
15.33066132264529 13.445854076890562 4.564025263691285 8.039096041729117 6.07117223022513 1.040835215166016 2.4585111800131543 16.98576065345505 23.644704751349963 37.53330005537914 19.61028728342451 22.12330378990416 11.405370769761348 15.781823336488841 3.010511957269334 5.980544723994316 22.61370357209821 10.450348434592593 14.258394178204998 4.645281215804271 8.267584701225559 24.14581028152479 1.8850835679911526 10.018172611471758 5.565760086861982 -3.90815216274948 -1.758662867259789 -5.268440843222651 3.785278186463792
15.390781563126252 13.462393931821897 4.580565118622619 8.055635896660451 6.0877120851564825 1.0573750700973505 2.4750510349444887 17.002300508386384 23.661244606281294 37.549839910310475 19.626827138355853 22.139843644835505 11.421910624692682 15.798363191420194 3.0270518122006687 5.997084578925668 22.630243427029555 10.466888289523927 14.27493403313635 4.661821070735606 8.284124556156893 24.16235013645612 1.901623422922487 10.03471246640311 5.582299941793316 -3.8916123078181455 -1.7421230123284546 -5.251900988291316 3.8018180413951264
15.450901803607215 13.478888460594582 4.597059647395305 8.072130425433155 6.104206613929168 1.0738695988700364 2.4915455637171746 17.01879503715907 23.67773913505399 37.566334439083164 19.64332166712854 22.15633817360819 11.438405153465368 15.81485772019288 3.0435463409733545 6.013579107698354 22.646737955802237 10.483382818296631 14.291428561909036 4.6783155995082915 8.30061908492958 24.178844665228816 1.918117951695173 10.051206995175797 5.598794470566002 -3.875117779045442 -1.725628483555751 -5.2354064595186305 3.8183125701678122
15.511022044088175 13.49533784090939 4.613509027710112 8.088579805747962 6.120655994243975 1.090318979184861 2.5079949440319815 17.035244417473876 23.694188515368797 37.58278381939797 19.659771047443346 22.172787553922998 11.454854533780175 15.831307100507686 3.0599957212881614 6.030028488013161 22.663187336117048 10.499832198611438 14.307877942223843 4.694764979823098 8.317068465244386 24.195294045543623 1.9345673320099799 10.067656375490603 5.615243850880809 -3.858668398730635 -1.709179103240944 -5.218957079203824 3.834761950482619
15.571142284569138 13.511742251910821 4.629913438711544 8.104984216749376 6.137060405245389 1.106723390186275 2.524399355033413 17.051648828475308 23.710592926370218 37.59918823039939 19.676175458444778 22.189191964924422 11.471258944781606 15.847711511509118 3.076400132289593 6.046432899014575 22.67959174711847 10.516236609612852 14.324282353225257 4.71116939082453 8.333472876245818 24.211698456545044 1.9509717430114115 10.084060786492017 5.6316482618822405 -3.842263987729221 -1.6927746922395301 -5.202552668202392 3.851166361484051
15.631262525050099 13.52810187162845 4.646273058429173 8.121343836467023 6.153420024963037 1.1230830099039046 2.540758974751043 17.068008448192938 23.72695254608786 37.61554785011703 19.692535078162408 22.20555158464206 11.487618564499236 15.864071131226748 3.0927597520072228 6.0627925187322225 22.695951366836105 10.5325962293305 14.340641972942905 4.72752901054216 8.349832495963447 24.228058076262677 1.9673313627290412 10.100420406209665 5.64800788159987 -3.8259043680115736 -1.6764150725218827 -5.186193048484762 3.8675259812016805
15.691382765531062 13.544416877189693 4.662588063990398 8.137658842028248 6.1697350305242615 1.1393980154651473 2.5570739803122677 17.084323453754163 23.743267551649083 37.63186285567826 19.708850083723643 22.221866590203295 11.503933570060479 15.880386136787973 3.1090747575684476 6.079107524293447 22.71226637239734 10.548911234891724 14.35695697850413 4.743844016103402 8.366147501524672 24.24437308182391 1.9836463682902838 10.11673541177089 5.664322887161113 -3.8095893624503487 -1.6601000669606578 -5.16987804292352 3.883840986762923
15.751503006012024 13.56068744828299 4.678858635083714 8.153929413121563 6.186005601617577 1.1556685865584626 2.573344551405583 17.100594024847478 23.7595381227424 37.64813342677157 19.72512065481696 22.2381371612966 11.520204141153794 15.896656707881288 3.125345328661763 6.095378095386763 22.728536943490646 10.56518180598504 14.373227549597445 4.7601145871967 8.382418072617988 24.260643652917224 1.9999169393835814 10.133005982864205 5.68059345825441 -3.7933187913570334 -1.6438294958673425 -5.153607471830222 3.9001115578562384
15.811623246492985 13.576913763541256 4.695084950341979 8.170155728379811 6.202231916875842 1.1718949018167102 2.5895708666638484 17.116820340105743 23.775764438000657 37.66435974202984 19.741346970075213 22.254363476554865 11.536430456412042 15.912883023139553 3.1415716439200283 6.111604410645028 22.74476325874891 10.581408121243305 14.38945386485571 4.776340902454965 8.398644387876253 24.276869968175482 2.0161432546418467 10.14923229812247 5.696819773512676 -3.777092476098786 -1.627603180609095 -5.137381156571957 3.916337873114486
15.871743486973948 13.593096000530398 4.711267187331121 8.186337965368953 6.218414153864966 1.188077138805852 2.60575310365299 17.133002577094885 23.791946674989795 37.68054197901897 19.757529207064355 22.270545713544 11.552612693401183 15.929065260128695 3.15775388090917 6.12778664763417 22.760945495738046 10.597590358232429 14.405636101844834 4.792523139444107 8.414826624865395 24.29305220516462 2.0323254916309885 10.165414535111594 5.7130020105018176 -3.760910239109644 -1.6114209436199531 -5.121198919582815 3.932520110103628
