web/models/mosfit_kne/mosfit_kn_3.0000/mosfit_kn_0.041628_0.0300_3.0000.dat
# %ECSV 1.0
# ---
# datatype:
# - {name: time, datatype: float64}
# - {name: PS1_g, datatype: float64}
# - {name: PS1_i, datatype: float64}
# - {name: PS1_r, datatype: float64}
# - {name: PS1_w, datatype: float64}
# - {name: PS1_y, datatype: float64}
# - {name: PS1_z, datatype: float64}
# - {name: swift_uvot_B, datatype: float64}
# - {name: swift_uvot_U, datatype: float64}
# - {name: swift_uvot_uvm2, datatype: float64}
# - {name: swift_uvot_uvw1, datatype: float64}
# - {name: swift_uvot_uvw2, datatype: float64}
# - {name: swift_uvot_V, datatype: float64}
# - {name: johnson_B, datatype: float64}
# - {name: johnson_I, datatype: float64}
# - {name: johnson_R, datatype: float64}
# - {name: johnson_U, datatype: float64}
# - {name: johnson_V, datatype: float64}
# - {name: sdss_g, datatype: float64}
# - {name: sdss_i, datatype: float64}
# - {name: sdss_r, datatype: float64}
# - {name: sdss_u, datatype: float64}
# - {name: sdss_z, datatype: float64}
# - {name: ATLAS_c, datatype: float64}
# - {name: ATLAS_o, datatype: float64}
# - {name: ukirt_H, datatype: float64}
# - {name: ukirt_J, datatype: float64}
# - {name: ukirt_K, datatype: float64}
# - {name: Clear, datatype: float64}
# meta: !!omap
# - comment: [kappa = 3.0, type = rprocess, mass = 0.04162766037032262, velocity = 0.030000000000000023, theta_obs = 0.0, tfloor = 1000.0]
# schema: astropy-2.0
time PS1_g PS1_i PS1_r PS1_w PS1_y PS1_z swift_uvot_B swift_uvot_U swift_uvot_uvm2 swift_uvot_uvw1 swift_uvot_uvw2 swift_uvot_V johnson_B johnson_I johnson_R johnson_U johnson_V sdss_g sdss_i sdss_r sdss_u sdss_z ATLAS_c ATLAS_o ukirt_H ukirt_J ukirt_K Clear
[from data line 85]
5.170340681362725 -12.052142451727974 -13.224345515901614 -12.832866309267068 -12.738684824839108 -13.453274982745906 -13.38432512354105 -11.478778275862044 -11.323369907768814 -8.202814942950226 -9.700789488571804 -7.934771569442386 -12.473450226120157 -11.53777808298653 -13.742602819463851 -13.1534392196635 -11.318766647828859 -12.521396465398078 -11.93277982003245 -13.22372145447865 -12.829481209089533 -10.48489246971478 -13.40710582348363 -12.38325949166196 -13.024939732591871 -13.331595139783035 -13.49036606301034 -13.071233350152125 -12.850437249157167
5.2304609218436875 -12.043933915045049 -13.227487489963696 -12.831550273465187 -12.737683793761203 -13.460818743466092 -13.39016127832318 -11.466762757644162 -11.302236747520649 -8.15991036160771 -9.671767802696554 -7.900419745312867 -12.468503427185624 -11.526279910364629 -13.747015150932793 -13.153420728264777 -11.299212480016891 -12.516866301858885 -11.923576402010578 -13.226744878570358 -12.828070834709742 -10.464708381960026 -13.413412595592238 -12.378255590410596 -13.02579122912281 -13.345144534704348 -13.501196364325077 -13.086584583157846 -12.851309566748697
5.290581162324649 -12.035563647165297 -13.230426661702719 -12.830046192440125 -12.736510268855845 -13.46814726323517 -13.39578666034198 -11.454596709361937 -11.280987369545983 -8.116988753850109 -9.642737281009222 -7.866160307050304 -12.463378746672735 -11.51463209207487 -13.751221296170339 -13.153212393715556 -11.27953475333059 -12.512158760907413 -11.914214762797588 -13.229565843719726 -12.826471972251703 -10.444401694899774 -13.419507829803017 -12.373084465397426 -13.026451232181131 -13.358464729415507 -13.5118037284961 -13.101702557463495 -12.852009675727292
5.350701402805611 -12.027021818217083 -13.233158659194437 -12.828347573836307 -12.735157697972177 -13.475258239777848 -13.401198167293185 -11.442268492212666 -11.259605692170727 -8.074023235997338 -9.613677589887022 -7.831969224251555 -12.458067976029998 -11.502823218688029 -13.755217479480308 -13.152808325628673 -11.259718173127286 -12.507265818517775 -11.904684593188595 -13.23217992226402 -12.824678091075707 -10.423956822114118 -13.425388641621634 -12.367737767554967 -13.026914250068753 -13.371556231248823 -13.522187388617935 -13.116588628159976 -12.852531834744862
5.410821643286573 -12.018280035913467 -13.235666807842108 -12.8264331585547 -12.73360500137608 -13.48213950935449 -13.406381887021723 -11.429745795580725 -11.23804993990312 -8.030949307714174 -9.584538653192869 -7.797790099258272 -12.452546126044243 -11.490821504877097 -13.758988327824639 -13.152188593621414 -11.239722615140561 -12.502162907540873 -11.894956472590152 -13.23457031815094 -12.82266783874002 -10.403332995082124 -13.431041599862557 -12.362190376354096 -13.027161236735587 -13.384413027971947 -13.532338544999705 -13.131238633805607 -12.852856835734592
5.4709418837675345 -12.009394810919432 -13.237990328477753 -12.824348985711236 -12.731897470932498 -13.48882352897439 -13.411372904622105 -11.417090960058289 -11.216396281546555 -7.987875908160212 -9.555407912010292 -7.763717071324908 -12.446864806377029 -11.478688473950992 -13.762571108191281 -13.151397228055732 -11.21962187566621 -12.496900980072814 -11.88508842661884 -13.23677643434463 -12.820487407894419 -10.382604985439627 -13.436501060950281 -12.356493839469618 -13.027234872599784 -13.397058322582838 -13.542284588653944 -13.145673005019505 -12.853027003252766
5.531062124248497 -12.000353411695723 -13.240122735970292 -12.822086136887396 -12.73002618402403 -13.495306195922012 -13.416166195438688 -11.404289176295379 -11.194624837965588 -7.944770897246463 -9.526260818830004 -7.729721673749847 -12.441013124538156 -11.46640958667357 -13.765960022310566 -13.150426007728743 -11.199396968255588 -12.491469360697936 -11.875067175281675 -13.238791721559942 -12.818127833855328 -10.361753468872887 -13.4417622524151 -12.350637140007183 -13.027127398551563 -13.40949125278035 -13.552023188115728 -13.15989185633075 -12.853034369979621
5.591182364729459 -11.991122365761004 -13.242043817666183 -12.81961920302221 -12.727966025490076 -13.501572421362766 -13.420744683012042 -11.391302525777817 -11.172686995731045 -7.901560077120016 -9.497039706982235 -7.695739527540283 -12.434961435494547 -11.453947531436256 -13.76913633684967 -13.14925104053491 -11.179001137626969 -12.485838891396826 -11.864858082370766 -13.240595829208353 -12.815563598141964 -10.340730954834996 -13.44680864658402 -12.344590538051179 -13.026815931391997 -13.421703728883541 -13.561543082413737 -13.17388920338425 -12.852855977389162
5.651302605210421 -11.981739631692179 -13.243780378153591 -12.816979396279304 -12.725747635398754 -13.50764462656839 -13.425132493252292 -11.378172739048022 -11.150633388822584 -7.858315100330809 -9.467802212628058 -7.661832093096134 -12.428744558722961 -11.441343501202596 -13.772125589577968 -13.14790223141766 -11.158483497641065 -12.48004395943507 -11.854500083743424 -13.242215679891611 -12.812826015380736 -10.31958719195309 -13.451663895171322 -12.338388762241284 -13.02632949680472 -13.433712164960523 -13.570863403832279 -13.187679661595267 -12.852520513087633
5.7114228456913825 -11.972228750031242 -13.245349660380015 -12.814186459835533 -12.723390316823338 -13.51353755395083 -13.429345342932582 -11.364925500549028 -11.128494705393965 -7.815078359311907 -9.438582622934248 -7.628035183665748 -12.42238429195493 -11.428622863328005 -13.774944299929192 -13.146398570633206 -11.137873891901162 -12.474106108015855 -11.844017271643068 -13.243668583858241 -12.80993489105624 -10.298352389462497 -13.456343441856777 -12.33205349277645 -13.025686577758915 -13.445527863671296 -13.57999701092634 -13.201273505048208 -12.852046128068455
5.771543086172344 -11.962537795332704 -13.246719124868385 -12.811200241198613 -12.720854506908879 -13.519226189760385 -13.43335529627268 -11.351502365013133 -11.106196896076241 -7.771738631437979 -9.409294163653925 -7.594253033065822 -12.4158342647453 -11.415728079297626 -13.777562102500156 -13.14470214464442 -11.117100968751068 -12.467979693663052 -11.833356019340311 -13.244921799066578 -12.806849906471793 -10.276954110623997 -13.460820160648108 -12.32553831197654 -13.024850750381614 -13.457136109234076 -13.588924522745172 -13.214659113821073 -12.851396480477568
5.831663326653306 -11.952678917916124 -13.247898405375107 -12.808031381322262 -12.718150608088639 -13.524719153619813 -13.437171368587073 -11.337916343678806 -11.083754946984214 -7.7283154771951095 -9.379953249049873 -7.560502266293415 -12.409105945849099 -11.40267203164218 -13.779988337725648 -13.142823290568135 -11.096179386143891 -12.461676081105784 -11.82252869695498 -13.245984986589132 -12.80358172891578 -10.255407161551595 -13.465102955962358 -12.318854612607648 -13.023832142923126 -13.468544126603595 -13.597653793923053 -13.227843298581943 -12.850581485652679
5.891783567134269 -11.942689858885913 -13.248913945827496 -12.804710792588061 -12.71530889261781 -13.530038437298355 -13.440817284564233 -11.324209008715151 -11.06121944899881 -7.684880717238179 -9.350617218701789 -7.526843782922267 -12.402233912805098 -11.389495736535554 -13.782248161954957 -13.140791584827848 -11.07515820017672 -12.455229401904438 -11.811574036018975 -13.246884710176197 -12.80016137768948 -10.233761246660773 -13.469215068429623 -12.312036840252674 -13.02265943578261 -13.479767791963456 -13.606203468498562 -13.24084010316973 -12.849629412775965
5.95190380761523 -11.932528497099817 -13.249739521718045 -12.801206004107986 -12.71229742753862 -13.535163998148452 -13.444270599944268 -11.310332882751954 -11.038530128563977 -7.641343659614733 -9.321215707626198 -7.493200066096421 -12.395180584857563 -11.376152471760864 -13.784317137491506 -13.138576404423318 -11.05397934489017 -12.448602679645083 -11.800448519767688 -13.247594578968975 -12.796556242596164 -10.211957405047265 -13.473134721404083 -12.305047412635677 -13.021303232145112 -13.49079553454782 -13.614558137241024 -13.253640505049303 -12.848510993157305
6.012024048096192 -11.922205225063767 -13.250383464095936 -12.79752617436598 -12.709125154421859 -13.540103331431208 -13.447539136396092 -11.29629906571208 -11.015699698132906 -7.597720737537641 -9.291762561967918 -7.459584987052285 -12.387955801316838 -11.362653230303458 -13.786203353619292 -13.136186657151622 -11.032655266525772 -12.441805667136252 -11.789162720685944 -13.248122946528476 -12.792775504345482 -10.190008205361796 -13.476869644903786 -12.297896095764322 -13.019772266574119 -13.501633698555525 -13.622724663865549 -13.266250507004516 -12.847234760263966
6.072144288577154 -11.911756086268994 -13.250870958505203 -12.793700786472062 -12.705820903507625 -13.54487733572844 -13.450645462004722 -11.282147289488808 -10.992776557053201 -7.554080716859153 -9.262312471031215 -7.426056454831457 -12.380592574821005 -11.34903720307975 -13.78793075560279 -13.133650535208911 -11.011232892530469 -12.434870943623915 -11.77775363449756 -13.248495113751968 -12.788848750660673 -10.167961201330336 -13.48044193954868 -12.290615751327838 -13.018093866640523 -13.512297285931874 -13.630720719361074 -13.278683343678457 -12.845827603295916
6.132264529058116 -11.901131976182313 -13.25117105009701 -12.789691743770941 -12.702347308284292 -13.549462138660786 -13.453562950598652 -11.267822317365994 -10.969690872325977 -7.510319186477051 -9.232784576352984 -7.392526012326751 -12.373046954637765 -11.33525003335436 -13.789470437013176 -13.130932070579277 -10.98964489831496 -12.427755261520462 -11.766170562832805 -13.248679935251477 -12.784737720639292 -10.145748037924669 -13.483825747610432 -12.283162497743767 -13.016233474724181 -13.52277214874652 -13.638527749730754 -13.2909277923728 -12.844255246790723
6.192384769539078 -11.890355568899302 -13.25130003334074 -12.78551787077781 -12.698722770549598 -13.553871506433648 -13.456306353344232 -11.253348993308958 -10.946472566078356 -7.4664779766649785 -9.20321248905541 -7.3590288910048365 -12.365339843185989 -11.32131624616417 -13.790837960965085 -13.12804932760913 -10.967920346791786 -12.4204792672894 -11.754436738900864 -13.248693773538598 -12.780461301140349 -10.123398147306943 -13.487035544498625 -12.275557130737962 -13.014208643223348 -13.533068575421952 -13.64615761689567 -13.302993100864915 -12.842534935464514
6.25250501002004 -11.879459987708234 -13.251281046037171 -12.78120626117845 -12.694973738236541 -13.55812462475292 -13.458896396039712 -11.23876383981684 -10.923166129471156 -7.422620259639248 -9.173646266417954 -7.325617864300188 -12.357501588080375 -11.307271859090239 -13.792055321339173 -13.12502820500302 -10.946102379646032 -12.413072904586178 -11.742586162007704 -13.248559872732226 -12.776046684186078 -10.10095525073531 -13.490091623547507 -12.267829830713168 -13.012044471530864 -13.543200306951222 -13.653626526565732 -13.314891377856915 -12.84069131306051
6.312625250501002 -11.868373717859448 -13.251068254545277 -12.776700959290661 -12.691045473562426 -13.562185720881121 -13.46129339056132 -11.223986639542105 -10.899670716442404 -7.37859650284545 -9.143970193236814 -7.2921674102056 -12.349467919523526 -11.293037926416488 -13.793079596188146 -13.12181578728784 -10.924093680482773 -12.405472918292942 -11.730545061691142 -13.248232128589645 -12.771437673738717 -10.078320560588399 -13.492955393482156 -12.259916536463251 -13.009690056637488 -13.553145411785293 -13.660906275954153 -13.32660485516765 -12.838674093831894
6.372745490981964 -11.8571722954092 -13.250712663152164 -12.772062666896247 -12.686997268875277 -13.566096131219396 -13.46354243879965 -11.209101264362406 -10.876089832378302 -7.334556369332577 -9.114301637813345 -7.258802692799765 -12.341307511990511 -11.278697089529913 -13.793958991551964 -13.118469852953496 -10.901994415293352 -12.397746999662116 -11.718391127386418 -13.247761805452658 -12.766695208304153 -10.055595659304508 -13.495670899702166 -12.251885599131054 -13.007201230607475 -13.562931913330088 -13.668030917429943 -13.338157559125959 -12.836538212932087
6.432865731462925 -11.845819304582594 -13.250191489865433 -12.767263233089814 -12.682801586042789 -13.56983840644741 -13.465624016331468 -11.1940666799564 -10.852371476386047 -7.290421960529907 -9.084580744436401 -7.225458384614022 -12.332987803471422 -11.264208989764434 -13.794672269014107 -13.114963865062592 -10.879754462269677 -12.389863125182979 -11.70608674533085 -13.24712597791768 -12.76179100987271 -10.032729644645393 -13.498219199435901 -12.243704553645358 -13.004552521340731 -13.572549700045718 -13.674987014032299 -13.349541587348488 -12.834258481424268
6.492985971943887 -11.83430042676381 -13.249496476551084 -12.762292017590848 -12.678448033405356 -13.573406652118276 -13.46753130878584 -11.178866513731844 -10.828494383442298 -7.246160457544984 -9.054782893437476 -7.192107196377545 -12.324496193026608 -11.249557558616438 -13.79521185517601 -13.111287903923607 -10.85735339646175 -12.381808935280565 -11.693617063697381 -13.246316324316716 -12.756714381416394 -10.009701744058077 -13.500593737095006 -12.235360836484386 -13.0017344797165 -13.581996135098356 -13.68177045155308 -13.360755286393305 -12.831825541798771
6.55310621242485 -11.822674698312099 -13.248667655348658 -12.757196573971434 -12.673982965567117 -13.57683338814697 -13.469299764200375 -11.163566275822838 -10.804539264399917 -7.201888203322809 -9.024999051469802 -7.15884556811471 -12.315886429021791 -11.23480733629393 -13.795615606689388 -13.107487240857225 -10.8348693522104 -12.37363740439102 -11.681042787565605 -13.24537307880945 -12.751513064761735 -9.98659119737745 -13.502829136430794 -12.226907879546118 -12.99879085940626 -13.591293375200022 -13.688408080128374 -13.371817700959772 -12.829282327990832
6.613226452905812 -11.810865016441507 -13.247655345078684 -12.751916396890657 -12.66934738071095 -13.580079718033229 -13.470886284575023 -11.148079538612372 -10.78039767742304 -7.157445018695976 -8.995105919214392 -7.12554067734429 -12.307089091190033 -11.219873288674712 -13.795836966251873 -13.10350465406951 -10.812197637284513 -12.365280221551059 -11.668284404284588 -13.244246270259499 -12.74612628800769 -9.963291724704373 -13.504883482461683 -12.218276614940784 -12.995666605449312 -13.600417399081016 -13.694869137821486 -13.38270928639952 -12.826574677943547
6.673346693386773 -11.798941439129873 -13.24650677670677 -12.746507751399463 -12.664596093119247 -13.583183847946163 -13.472332594316843 -11.132484139949216 -10.756165725847282 -7.112969803452638 -8.965211750095428 -7.0923073399853855 -12.298167889191689 -11.204832083383693 -13.795920550818376 -13.099393662175515 -10.789431259988149 -12.35680016337376 -11.655413976685995 -13.242983372302675 -12.740610543446085 -9.939897664241375 -13.50679750818621 -12.209530361351995 -12.992413412801724 -13.609393956549114 -13.701185016438957 -13.393452050533268 -12.823753292769311
6.733466933867735 -11.786883663327146 -13.245209626772603 -12.740955172522472 -12.65971400782723 -13.586136576464085 -13.47362827644675 -11.116757068667848 -10.731813970443476 -7.068417971838737 -8.935282737436339 -7.0591084880912405 -12.289104771184018 -11.189661112391484 -13.79585494141794 -13.095139752318332 -10.766541881363409 -12.348179498270111 -11.642410499956206 -13.24157197755504 -12.734950290155549 -9.916380217483702 -13.50856113885154 -12.20065113764143 -12.989017392270341 -13.618218150514119 -13.7073488674058 -13.404042394255134 -12.820804457305854
