web/models/mosfit_kne/mosfit_kn_3.0000/mosfit_kn_0.144270_0.1397_3.0000.dat
# %ECSV 1.0
# ---
# datatype:
# - {name: time, datatype: float64}
# - {name: PS1_g, datatype: float64}
# - {name: PS1_i, datatype: float64}
# - {name: PS1_r, datatype: float64}
# - {name: PS1_w, datatype: float64}
# - {name: PS1_y, datatype: float64}
# - {name: PS1_z, datatype: float64}
# - {name: swift_uvot_B, datatype: float64}
# - {name: swift_uvot_U, datatype: float64}
# - {name: swift_uvot_uvm2, datatype: float64}
# - {name: swift_uvot_uvw1, datatype: float64}
# - {name: swift_uvot_uvw2, datatype: float64}
# - {name: swift_uvot_V, datatype: float64}
# - {name: johnson_B, datatype: float64}
# - {name: johnson_I, datatype: float64}
# - {name: johnson_R, datatype: float64}
# - {name: johnson_U, datatype: float64}
# - {name: johnson_V, datatype: float64}
# - {name: sdss_g, datatype: float64}
# - {name: sdss_i, datatype: float64}
# - {name: sdss_r, datatype: float64}
# - {name: sdss_u, datatype: float64}
# - {name: sdss_z, datatype: float64}
# - {name: ATLAS_c, datatype: float64}
# - {name: ATLAS_o, datatype: float64}
# - {name: ukirt_H, datatype: float64}
# - {name: ukirt_J, datatype: float64}
# - {name: ukirt_K, datatype: float64}
# - {name: Clear, datatype: float64}
# meta: !!omap
# - comment: [kappa = 3.0, type = rprocess, mass = 0.1442699905917794, velocity = 0.13966666666666672, theta_obs = 0.0, tfloor = 1000.0]
# schema: astropy-2.0
time PS1_g PS1_i PS1_r PS1_w PS1_y PS1_z swift_uvot_B swift_uvot_U swift_uvot_uvm2 swift_uvot_uvw1 swift_uvot_uvw2 swift_uvot_V johnson_B johnson_I johnson_R johnson_U johnson_V sdss_g sdss_i sdss_r sdss_u sdss_z ATLAS_c ATLAS_o ukirt_H ukirt_J ukirt_K Clear
[from data line 141]
8.537074148296593 -9.82944095602086 -13.247645324271922 -11.957544387339176 -12.187654669360537 -14.398145217957286 -13.964761671427155 -8.453423566747677 -6.484584511822824 0.6104997742037606 -4.917023473830984 -2.996846206828486 -10.822966121169461 -8.677352251736771 -14.037315323969672 -12.599074103483058 -6.771876032429695 -10.99765673911344 -9.51036207750013 -13.222451400078032 -11.919855700272741 -5.786783461316869 -14.099307657432227 -10.906647228624795 -12.663315260337349 -15.598829026270234 -15.156005267709105 -15.743264634252048 -12.782157993838918
8.597194388777554 -9.789263714154668 -13.225851298856792 -11.928325749928277 -12.162752372074017 -14.384181629084463 -13.947650291803022 -8.40631211031025 -6.422393377508904 0.7024518193896307 -4.866183692537387 -2.9468719525207763 -10.786953448340697 -8.63216816549976 -14.017882143964624 -12.573072259364697 -6.7119805890931445 -10.963089639154278 -9.468525558922654 -13.200451471933903 -11.890227336282582 -5.725433925710295 -14.08326706330854 -10.873400279810976 -12.638974890789179 -15.596592885408477 -15.148409631381217 -15.744706516130973 -12.761947369300852
8.657314629258517 -9.748900020640061 -13.20389179809574 -11.898932861460594 -12.137700373810318 -14.370064437938712 -13.930379788132026 -8.359001482965784 -6.359980755342516 0.7946091468695089 -4.815244772593488 -2.896783278190792 -10.75075198190816 -8.586797162231278 -13.998288095615294 -12.546910232112431 -6.651865885909462 -10.928342663648197 -9.426500370551008 -13.178285822026528 -11.860422220204292 -5.663860144505488 -14.06707113976438 -10.839985991463177 -12.614476015133622 -15.594227657815281 -15.140673447245572 -15.746028506948198 -12.741601965940355
8.71743486973948 -9.708288267651906 -13.181726119860375 -11.869316589391303 -12.11245442349382 -14.355761833984939 -13.9129147719437 -8.31142219290814 -6.297259961975019 0.8870918048726724 -4.7641321566062445 -2.846506169332702 -10.714304837390227 -8.541172012428774 -13.978495166835316 -12.520542627326716 -6.591447873273488 -10.893360631102967 -9.3842230186889 -13.15591351549795 -11.830390743660253 -5.601976400442652 -14.050685733576724 -10.806350648550023 -12.58977508674489 -15.591714859880415 -15.13277214467756 -15.747216310259534 -12.721082882978028
8.77755511022044 -9.667506688674639 -13.159407027878434 -11.839539998428581 -12.08707149451472 -14.34131570614742 -13.895301503397555 -8.263662103402336 -6.234339732841239 0.9797495588928635 -4.712937614417179 -2.7961308368330537 -10.677684496155539 -8.49537793628722 -13.958552847495238 -12.494028088343569 -6.530832130806498 -10.858214048095947 -9.341774038245028 -13.133387602835764 -11.800196537893477 -5.539890288034304 -14.034155627912277 -10.772562845976363 -12.56492840597101 -15.589080074825091 -15.124738763295191 -15.748290396305967 -12.700440567579907
8.837675350701403 -9.626452722583103 -13.136866406045424 -11.8095210724662 -12.061477724689613 -14.326672611060651 -13.877480633560566 -8.21560563974722 -6.171076171017855 1.0727813432704787 -4.661538273632004 -2.7455355292614168 -10.640796153963638 -8.449303089476764 -13.938397459517404 -12.467290757008744 -6.469879084776686 -10.82281091363649 -9.299047758696926 -13.11063958353726 -11.76975679946242 -5.47745947902099 -14.017423510317037 -10.738533072563179 -12.539863183979012 -15.58629187640317 -15.116531817331094 -15.74922625843701 -12.679610009435294
8.897795591182364 -9.585219685889879 -13.114167094944378 -11.779334975788114 -12.03574095646374 -14.311882373957925 -13.85950722146589 -8.167357650504787 -6.107599118613791 1.1660078520633528 -4.610043637634185 -2.694828023834915 -10.603726261380341 -8.40304912407149 -13.91808792135227 -12.440400471038828 -6.408714797668306 -10.787235289596085 -9.256140250830036 -13.087732641067458 -11.739147376568635 -5.41481245623098 -14.000542664103808 -10.704343086809 -12.514646463055588 -15.583380559035934 -15.108190532352452 -15.75004806206566 -12.658651220495134
8.957915831663327 -9.543742782739884 -13.091266198121314 -11.748929979009244 -12.009814666507648 -14.2969114269237 -13.841343941976394 -8.118845059409587 -6.043817468779711 1.2595549179702887 -4.558375884054087 -2.643931047573019 -10.566414938243256 -8.356545378309871 -13.897584163293814 -12.413309463566701 -6.347250919682061 -10.751429112640876 -9.212984741886174 -13.064623635127273 -11.708316032296242 -5.35185910798301 -13.983477069896306 -10.669936411565502 -12.489232410742286 -15.580326567154824 -15.09968895168587 -15.750740660331866 -12.637523326950468
9.018036072144287 -9.502046309122338 -13.068180388673234 -11.718325847822957 -11.983716753129041 -14.281773175328869 -13.823005512303581 -8.070095052913182 -5.979764631992381 1.3533764291333812 -4.506562707412574 -2.5928715867098293 -10.528884759803809 -8.30981828437736 -13.876901879935676 -12.386036220899197 -6.285519934358092 -10.71541440032293 -9.169606218023478 -13.041329325714681 -11.677282697650195 -5.288632515369152 -13.966241012332485 -10.635334450428964 -12.46363878119677 -15.577138404406817 -15.091037823583875 -15.751311022533441 -12.616242272876086
9.07815631262525 -9.46014108735504 -13.044917325059089 -11.687531532255502 -11.957455353639244 -14.266473910447317 -13.804498771243079 -8.021119660153257 -5.915455201866102 1.4474522888408865 -4.45461579412509 -2.541660832686133 -10.491145835181037 -8.26287958851822 -13.856048324641474 -12.35858919812329 -6.223536065221619 -10.67920105771499 -9.126015789166715 -13.017857408252347 -11.64605638782314 -5.225147145501943 -13.948841158446594 -10.600546818412493 -12.437873699925213 -15.573820309229728 -15.082242329105034 -15.751762746681697 -12.59481538326197
9.138276553106213 -9.417980532480907 -13.021446243021497 -11.656509889912563 -11.93099714474867 -14.250989613204261 -13.785796979273055 -7.971866299300095 -5.850823541041539 1.541872898827525 -4.402479283815204 -2.490243172542804 -10.453155103353897 -8.215678508802004 -13.834994783428744 -12.330934175912464 -6.161235673151026 -10.642747379931999 -9.082165441594086 -12.994176942771833 -11.614599583961915 -5.161338070996706 -13.931251726487748 -10.565532980417451 -12.411904329939834 -15.570358419776401 -15.07328396687688 -15.75208517346402 -12.573213453830405
9.198396793587174 -9.375649979362404 -12.997824648715923 -11.625329683261096 -11.904404047463544 -14.235365881372992 -13.766950528428605 -7.922430874492462 -5.785988415088212 1.6364746911422907 -4.350252534074706 -2.4387165433917555 -10.41499168556766 -8.168307954795186 -13.813795166303137 -12.303134975825014 -6.09873407749059 -10.606130253806485 -9.038143028011145 -12.97034574874841 -11.582981688696403 -5.09732284694886 -13.913521468085115 -10.53036762815509 -12.385791937918036 -15.566780411046764 -15.064198610255362 -15.752300341274895 -12.551491181606327
9.258517034068136 -9.333063745659818 -12.973995590889995 -11.593922366920868 -11.87761451513051 -14.219558030013832 -13.747909787963533 -7.87271680057784 -5.720829552619904 1.731423198332302 -4.297833849154831 -2.386979981382676 -10.376576293952528 -8.120674574253272 -13.792396245106879 -12.275128317512653 -6.035914615688231 -10.569272821067075 -8.993860269674503 -12.946306554613365 -11.551133476607802 -5.032982475504557 -13.895602482774247 -10.494976081380472 -12.359475788470267 -15.563060075611027 -15.054951608216152 -15.752387866143492 -12.52959450768703
9.318637274549097 -9.290284098235784 -12.950001131983768 -11.562338179750427 -11.850673779390988 -14.203599467401737 -13.728711650491032 -7.822794027371272 -5.65543349930703 1.8265992984934138 -4.24529534250091 -2.3351045167308047 -10.337966693253577 -8.072846144685787 -13.77083746963229 -12.246960857161604 -5.972861338880914 -10.532231228645477 -8.949381262472613 -12.922101650736035 -11.519105652222308 -4.968402632990152 -13.877530472913335 -10.45941286277408 -12.33300067053106 -15.559217787700469 -15.045569298752815 -15.75236402205938 -12.507563407498754
9.37875751503006 -9.24727016878915 -12.925814289654856 -11.530544542675703 -11.823552650436309 -14.187469135792004 -13.709332666547738 -7.772616414211867 -5.589742638992359 1.9220821596299738 -4.192588151905152 -2.2830414466363744 -10.299125092044623 -8.024778137055208 -13.749093661989253 -12.218602616247917 -5.909518388356691 -10.49496890081391 -8.904663883748896 -12.8977039008074 -11.486865300393987 -4.903526320982987 -13.859282838228815 -10.423642437919352 -12.30633781010308 -15.555241426212106 -15.036035479102468 -15.752219509164183 -12.485372329760942
9.438877755511022 -9.2039989064871 -12.901419990627723 -11.498523172604713 -11.796234813870576 -14.171155364758032 -13.68975978892637 -7.722157874912262 -5.523724265068797 2.017916554963752 -4.139684499788796 -2.2307629074682853 -10.260030189901308 -7.976445440908581 -13.727150791405986 -12.190036861625455 -5.845854078150261 -10.45746527668596 -8.859684362210363 -12.873098143807695 -11.454393937029899 -4.838321186688024 -13.840847032451915 -10.38764484333754 -12.279471144177254 -15.551124469207839 -15.026341277407587 -15.751949436061457 -12.463007074853856
9.498997995991983 -9.160552957736332 -12.876873943658449 -11.466340675849782 -11.768780124193174 -14.15470231701704 -13.670041833694988 -7.671511319584275 -5.457493453131974 2.113944386186117 -4.086680037298098 -2.1783633376612097 -10.220758666881864 -7.9279379984338085 -13.70506107282716 -12.161325346024256 -5.781980150695329 -10.419794824306264 -8.814527783808277 -12.84834039187393 -11.421758802087716 -4.772901159415781 -13.82227026655725 -10.35149234682251 -12.252459953303791 -15.54689365650734 -15.016521405097423 -15.751575052257232 -12.440520441352323
9.559118236472946 -9.116831806279038 -12.852109178482376 -11.433916541627624 -11.741116431428473 -14.138057373065731 -13.650120387999571 -7.620563456712236 -5.390909209399499 2.2103590302828353 -4.033456594972158 -2.1257253164878906 -10.18121740606474 -7.879146386061681 -13.682761901186115 -12.132393802994514 -5.717759821872665 -10.381867331618027 -8.769090597776223 -12.823363300631687 -11.38887857184411 -4.707126697232642 -13.803496172253276 -10.315097383630185 -12.225232940467627 -15.542518049450905 -15.00653501378016 -15.751072265465423 -12.417849113589714
9.619238476953907 -9.0729112320947 -12.827176800268845 -11.401311858642593 -11.713298609555203 -14.12126105683937 -13.630040241031818 -7.569399475422457 -5.3240770312556585 2.307015617040446 -3.980101703123857 -2.0729352791392617 -10.14147673203815 -7.830153064794935 -13.660301179000129 -12.103298866625309 -5.653295538639231 -10.343751091438092 -8.723450819375689 -12.798218253304068 -11.355814917730136 -4.6411022541422575 -13.784568066303358 -10.278526210808892 -12.197844471411141 -15.538022195747981 -14.996413961685773 -15.750460586909226 -12.395041490136016
9.67935871743487 -9.028748579225958 -12.802048571250975 -11.368492577128038 -11.685296209719684 -14.1042912942682 -13.609776827106224 -7.517971226136409 -5.256936831534027 2.403996381189512 -3.926564863650341 -2.0199428469774925 -10.101497154180603 -7.78091160303131 -13.637652550420338 -12.074009234721174 -5.588529038690748 -10.305407909196889 -8.677564489092902 -12.772876852325563 -11.322533432286868 -4.5747683701197595 -13.765462276672391 -10.241741756812672 -12.170264490265694 -15.533393346681393 -14.98614124027174 -15.749730217585077 -12.372070941721383
9.739478957915832 -8.984329746383288 -12.776715368166514 -11.335447576128104 -11.657099364265182 -14.08714108540007 -13.589322284005156 -7.4662627072699115 -5.189468450774104 2.501328700834102 -3.8728289805830403 -1.96673072965709 -10.061265646271284 -7.731406657305037 -13.61480754871857 -12.044514809452409 -5.523440810556998 -10.266825261674073 -8.631417056341952 -12.747329920412298 -11.289022861323303 -4.508105105574458 -13.74617126710211 -10.204731869865729 -12.142483294851925 -15.528627730732683 -14.97571160618852 -15.748878413002332 -12.348928946258475
9.799599198396793 -8.939727096960599 -12.751226014355446 -11.302235204523736 -11.628760408612706 -14.069849146514262 -13.568719405347558 -7.414355280083234 -5.1217726479449155 2.598874480420876 -3.8189772544311746 -1.9133811830900203 -10.020849398726607 -7.681716941201845 -13.591811933516855 -12.014869643913599 -5.458128704920792 -10.228068369081347 -8.585083018521775 -12.721626546239406 -11.255342118753795 -4.441212240715515 -13.726736415331935 -10.16755977866513 -12.114552774660883 -15.52374877437568 -14.965155483572799 -15.747923772471422 -12.32566162029249
9.859719438877756 -8.894848162117235 -12.725518849849013 -11.26878136747667 -11.60021307934878 -14.052367018231742 -13.547914395625078 -7.362144705713006 -5.0537196913324856 2.6968110316253275 -3.7649017079898246 -1.8597867338609606 -9.98016267880206 -7.631741866924834 -13.568608070804064 -11.98500548340687 -5.392466860079416 -10.189054241727947 -8.53846711781367 -12.695704726611758 -11.221416344425332 -4.373961350817588 -13.707105829502932 -10.130145000773538 -12.086407387153635 -15.51872801757058 -14.954435270502804 -15.746844164124647 -12.302210896449015
9.919839679358716 -8.849762902018199 -12.699641082621707 -11.235142480330822 -11.571507955795983 -14.034732136037142 -13.52694863345235 -7.309709647277805 -4.985406998209658 2.7950049009780438 -3.7106826758827434 -1.8060268313228742 -9.939270455462161 -7.581557527730499 -13.545240205223294 -11.954974580727644 -5.3265498836938825 -10.149845937295153 -8.491641377473922 -12.669611926033557 -11.1873025021319 -4.306448912274039 -13.6873195172352 -10.092548653542135 -12.058097292437662 -15.513588104136918 -14.943580381003263 -15.745657559885105 -12.278621332570498
9.97995991983968 -8.80443592434112 -12.673569292035332 -11.201290299141 -11.542619839951893 -14.016926203284221 -13.50580174735068 -7.257010137708973 -4.916784663375893 2.8935240952436 -3.6562784737968452 -1.7520597874568575 -9.898139940014367 -7.531125433097635 -13.521686486326676 -11.92475102859386 -5.260329391994649 -10.11041178364646 -8.444569322402078 -12.643324591630236 -11.15297204214059 -4.238625532815803 -13.667357862639644 -10.054740017904837 -12.029597603247044 -15.508318513038933 -14.932576742775614 -15.74435590364146 -12.254870937972395
10.040080160320642 -8.758850778524057 -12.647292742271734 -11.16721179308497 -11.5135371692684 -13.998940927048018 -13.484464451632103 -7.204027538785907 -4.847829273203619 2.9924002977886284 -3.6016694754812835 -1.6978657891250246 -9.85675590828895 -7.480427706656506 -13.497936934088159 -11.894322977225837 -5.193782712957795 -10.070737138692463 -8.397233985826329 -12.616831925456413 -11.118411779036403 -4.1704680459355 -13.64721195627391 -10.016704894535255 -12.000896926635765 -15.502914673539593 -14.921418087624845 -15.742935809503107 -12.230949706756817
10.100200400801603 -8.713073482585507 -12.620856005418677 -11.132960214022507 -11.484307619090846 -13.980811656857988 -13.462975819922729 -7.150836091080325 -4.778632766714672 3.091507805773383 -3.5469311525759823 -1.6435195639307163 -9.815179701980263 -7.429536126319899 -13.474033319928342 -11.863739713796015 -5.126999139060288 -10.030881514200674 -8.349703331793368 -12.5901787414732 -11.083675489816098 -4.1020675187929 -13.626919569558194 -9.978500921731683 -11.972042577383544 -15.497397949533816 -14.91013218185813 -15.741414217663115 -12.206899601667143
