web/models/mosfit_kne/mosfit_kn_3.0000/mosfit_kn_0.177477_0.2650_3.0000.dat
# %ECSV 1.0
# ---
# datatype:
# - {name: time, datatype: float64}
# - {name: PS1_g, datatype: float64}
# - {name: PS1_i, datatype: float64}
# - {name: PS1_r, datatype: float64}
# - {name: PS1_w, datatype: float64}
# - {name: PS1_y, datatype: float64}
# - {name: PS1_z, datatype: float64}
# - {name: swift_uvot_B, datatype: float64}
# - {name: swift_uvot_U, datatype: float64}
# - {name: swift_uvot_uvm2, datatype: float64}
# - {name: swift_uvot_uvw1, datatype: float64}
# - {name: swift_uvot_uvw2, datatype: float64}
# - {name: swift_uvot_V, datatype: float64}
# - {name: johnson_B, datatype: float64}
# - {name: johnson_I, datatype: float64}
# - {name: johnson_R, datatype: float64}
# - {name: johnson_U, datatype: float64}
# - {name: johnson_V, datatype: float64}
# - {name: sdss_g, datatype: float64}
# - {name: sdss_i, datatype: float64}
# - {name: sdss_r, datatype: float64}
# - {name: sdss_u, datatype: float64}
# - {name: sdss_z, datatype: float64}
# - {name: ATLAS_c, datatype: float64}
# - {name: ATLAS_o, datatype: float64}
# - {name: ukirt_H, datatype: float64}
# - {name: ukirt_J, datatype: float64}
# - {name: ukirt_K, datatype: float64}
# - {name: Clear, datatype: float64}
# meta: !!omap
# - comment: [kappa = 3.0, type = rprocess, mass = 0.1774768329891343, velocity = 0.265, theta_obs = 0.0, tfloor = 1000.0]
# schema: astropy-2.0
time PS1_g PS1_i PS1_r PS1_w PS1_y PS1_z swift_uvot_B swift_uvot_U swift_uvot_uvm2 swift_uvot_uvw1 swift_uvot_uvw2 swift_uvot_V johnson_B johnson_I johnson_R johnson_U johnson_V sdss_g sdss_i sdss_r sdss_u sdss_z ATLAS_c ATLAS_o ukirt_H ukirt_J ukirt_K Clear
[from data line 431]
25.97194388777555 5.7719310479389385 -3.109897765260339 0.36517301277749326 -1.6027507987264933 -6.6330878137856075 -5.215411848938469 9.311837624503426 15.970781722398328 29.859377026427506 11.936364254472895 14.449380760952547 3.731447740809723 8.107900307537236 -4.663411071682289 -1.6933783049572895 14.939780543146586 2.7764254056409703 6.584471149253375 -3.0286418131473525 0.5936616722739352 16.471887252573154 -5.788839460960471 2.344249582520135 -2.108162942089642 -11.582075191701103 -9.432585896211412 -12.942363872174274 -3.8886448424878317
26.03206412825651 5.777554698356564 -3.1042741148427133 0.3707966631951365 -1.59712714830885 -6.627464163367964 -5.209788198520844 9.317461274921051 15.976405372815972 29.86500067684514 11.94198790489052 14.455004411370172 3.7370713912273663 8.113523957954861 -4.657787421264664 -1.687754654539664 14.94540419356423 2.7820490560586135 6.590094799671018 -3.0230181627297092 0.5992853226915607 16.477510902990797 -5.783215810542828 2.349873232937778 -2.1025392916720165 -11.57645154128346 -9.426962245793769 -12.936740221756631 -3.8830211920701885
26.092184368737474 5.7831504107196885 -3.098678402479589 0.376392375558261 -1.5915314359457255 -6.62186845100484 -5.204192486157719 9.323056987284176 15.982001085179096 29.870596389208263 11.947583617253645 14.460600123733297 3.742667103590491 8.119119670317986 -4.652191708901539 -1.6821589421765395 14.950999905927354 2.787644768421738 6.5956905120341425 -3.0174224503666025 0.6048810350546852 16.483106615353922 -5.777620098179721 2.3554689453009026 -2.096943579308892 -11.570855828920335 -9.421366533430644 -12.931144509393524 -3.8774254797070817
26.152304609218437 5.788718421718073 -3.093110391481222 0.3819603865566279 -1.5859634249473586 -6.616300440006473 -5.198624475159352 9.328624998282542 15.987569096177463 29.87616440020663 11.953151628252012 14.466168134731664 3.7482351145888577 8.124687681316352 -4.6466236979031725 -1.6765909311781726 14.95656791692572 2.793212779420105 6.601258523032509 -3.011854439368218 0.6104490460530521 16.48867462635229 -5.772052087181336 2.3610369562992695 -2.0913755683105073 -11.565287817921968 -9.415798522432278 -12.92557649839514 -3.871857468708697
26.2124248496994 5.794259017661698 -3.087569795537579 0.3875009825002529 -1.580422829003716 -6.610759844062848 -5.19308387921571 9.334165594226185 15.993109692121088 29.881704996150265 11.958692224195655 14.471708730675306 3.7537757105324827 8.130228277259995 -4.64108310195953 -1.6710503352345298 14.962108512869346 2.79875337536373 6.606799118976134 -3.006313843424593 0.6159896419966948 16.494215222295914 -5.766511491237711 2.3665775522428945 -2.0858349723668823 -11.559747221978343 -9.410257926488653 -12.920035902451515 -3.866316872765072
26.27254509018036 5.799772603771967 -3.0820562094273107 0.3930145686105391 -1.5749092428934475 -6.6052462579525795 -5.187570293105441 9.339679180336454 15.998623278231374 29.88721858226054 11.964205810305923 14.477222316785575 3.759289296642751 8.135741863370264 -4.635569515849261 -1.6655367491242614 14.967622098979614 2.804266961474016 6.6123127050864206 -3.0008002573143244 0.6215032281069632 16.4997288084062 -5.760997905127443 2.3720911383531806 -2.080321386256614 -11.554233635868057 -9.404744340378366 -12.914522316341246 -3.8608032866548037
26.33266533066132 5.805259422105191 -3.076569391094086 0.3985013869437637 -1.5694224245602229 -6.599759439619337 -5.182083474772217 9.345165998669678 16.0041100965646 29.892705400593766 11.969692628639148 14.4827091351188 3.7647761149759758 8.141228681703488 -4.630082697516037 -1.6600499307910368 14.973108917312857 2.8097537798072407 6.617799523419645 -2.9953134389811 0.6269900464401879 16.505215626739425 -5.755511086794218 2.3775779566864053 -2.0748345679233893 -11.548746817534832 -9.399257522045142 -12.909035498008022 -3.855316468321579
26.392785571142284 5.810719505424746 -3.071109307774549 0.403961470263301 -1.5639623412406856 -6.5942993562998 -5.176623391452679 9.350626081989216 16.009570179884136 29.898165483913314 11.975152711958703 14.488169218438355 3.770236198295531 8.146688765023026 -4.624622614196482 -1.6545898474714995 14.978569000632394 2.815213863126778 6.6232596067391825 -2.9898533556615448 0.6324501297597429 16.510675710058962 -5.750051003474663 2.3830380400059425 -2.069374484603834 -11.543286734215295 -9.393797438725604 -12.903575414688467 -3.849856385002024
26.452905811623246 5.816153290813677 -3.0656755223856003 0.4093952556522318 -1.558528555851737 -6.588865570910869 -5.171189606063731 9.356059867378164 16.015003965273085 29.903599269302244 11.980586497347634 14.493603003827285 3.7756699836844616 8.152122550411974 -4.619188828807551 -1.649156062082551 14.984002786021325 2.820647648515709 6.628693392128113 -2.984419570272614 0.6378839151486737 16.51610949544791 -5.7446172180857324 2.3884718253948733 -2.0639406992149034 -11.537852948826364 -9.388363653336674 -12.898141629299536 -3.844422599613093
26.51302605210421 5.821561150389147 -3.06026766281013 0.41480311522771984 -1.5531206962762667 -6.583457711335399 -5.1657817464882605 9.361467726953634 16.020411824848555 29.90900712887772 11.985994356923104 14.499010863402756 3.781077843259932 8.157530409987444 -4.613780969232081 -1.6437482025070806 14.989410645596795 2.826055508091197 6.634101251703601 -2.9790117106971437 0.643291774724144 16.52151735502338 -5.739209358510262 2.3938796849703614 -2.058532839639433 -11.532445089250876 -9.382955793761203 -12.892733769724066 -3.839014740037623
26.573146292585168 5.826943256775916 -3.0548855564233612 0.42018522161448857 -1.547738589889498 -6.57807560494863 -5.160399640101492 9.366849833340403 16.025793931235324 29.91438923526449 11.991376463309873 14.504392969789524 3.7864599496467006 8.162912516374213 -4.608398862845312 -1.638366096120312 14.994792751983564 2.8314376144779656 6.63948335809037 -2.973629604310375 0.6486738811109127 16.52689946141015 -5.733827252123493 2.39926179135713 -2.0531507332526644 -11.527062982864107 -9.377573687374435 -12.887351663337297 -3.833632633650854
26.63326653306613 5.8322999155884325 -3.049528897610845 0.42554188042698726 -1.5423819310769815 -6.5727189461361135 -5.155042981288975 9.37220649215292 16.03115059004784 29.919745894077 11.99673312212239 14.50974962860204 3.791816608459217 8.16826917518673 -4.603042204032795 -1.6330094373077955 15.00014941079608 2.8367942732904643 6.6448400169028865 -2.9682729454978585 0.6540305399234292 16.532256120222666 -5.728470593310977 2.4046184501696466 -2.047794074440148 -11.521706324051609 -9.372217028561918 -12.88199500452478 -3.8282759748383377
26.693386773547093 5.837631478380381 -3.0441973348189144 0.4308734432189354 -1.5370503682850511 -6.567387383344165 -5.149711418497045 9.377538054944868 16.03648215283977 29.925077456868948 12.002064684914338 14.515081191393989 3.797148171251165 8.17360073797866 -4.597710641240847 -1.627677874515865 15.005480973588028 2.8421258360824124 6.650171579694817 -2.9629413827059103 0.6593621027153773 16.537587683014596 -5.723139030519029 2.409950012961577 -2.0424625116482 -11.51637476125966 -9.36688546576997 -12.876663441732832 -3.8229444120463896
26.753507014028056 5.8429381699667715 -3.038890643232506 0.436180134805344 -1.5317436766986425 -6.5620806917577745 -5.144404726910636 9.382844746531259 16.04178884442618 29.93038414845535 12.007371376500728 14.52038788298038 3.802454862837556 8.178907429565069 -4.592403949654456 -1.6223711829294565 15.01078766517442 2.847432527668821 6.6554782712812255 -2.9576346911195195 0.6646687943017682 16.542894374601005 -5.717832338932638 2.4152567045479856 -2.037155820061809 -11.511068069673252 -9.361578774183561 -12.871356750146441 -3.8176377204599987
26.81362725450902 5.84822013895872 -3.0336086742405577 0.4414621037972921 -1.5264617077066944 -6.556798722765809 -5.139122757918688 9.388126715523207 16.047070813418127 29.935666117447294 12.012653345492676 14.525669851972328 3.807736831829522 8.184189398557017 -4.587121980662508 -1.6170892139375084 15.016069634166385 2.852714496660769 6.660760240273174 -2.9523527221275536 0.6699507632937163 16.548176343592953 -5.712550369940672 2.4205386735399337 -2.031873851069861 -11.505786100681304 -9.356296805191613 -12.866074781154476 -3.812355751468033
26.873747494989978 5.853477670798544 -3.0283511424007514 0.4467196356370984 -1.5212041758668882 -6.551541190926002 -5.133865226078882 9.393384247363013 16.052328345257934 29.940923649287104 12.017910877332483 14.530927383812134 3.812994363669328 8.189446930396823 -4.581864448822702 -1.6118316820977021 15.021327166006191 2.8579720285005754 6.66601777211298 -2.9470951902877474 0.6752082951335225 16.55343387543276 -5.707292838100866 2.42579620537974 -2.026616319230037 -11.500528568841498 -9.351039273351807 -12.86081724931467 -3.8070982196282266
26.93386773547094 5.858711085991519 -3.023117727207758 0.451953050830074 -1.5159707606738948 -6.546307775733027 -5.128631810885889 9.398617662556006 16.057561760450927 29.946157064480094 12.023144292525476 14.536160799005128 3.818227778862304 8.194680345589816 -4.576631033629709 -1.6065982669047087 15.026560581199167 2.863205443693551 6.671251187305973 -2.9418617750947718 0.6804417103265159 16.558667290625753 -5.70205942290789 2.4310296205727333 -2.0213829040370612 -11.495295153648522 -9.345805858158831 -12.855583834121694 -3.801864804435251
26.993987975951903 5.863920613727807 -3.0179081994714707 0.4571625785663791 -1.5107612329376074 -6.5410982479967394 -5.123422283149601 9.403827190292294 16.062771288187214 29.951366592216385 12.028353820261763 14.541370326741415 3.823437306598591 8.199889873326104 -4.571421505893421 -1.6013887391684214 15.031770108935454 2.868414971429856 6.676460715042261 -2.9366522473584844 0.6856512380628033 16.56387681836204 -5.696849895171603 2.4362391483090207 -2.016173376300774 -11.490085625912217 -9.340596330422526 -12.850374306385406 -3.7966552766989636
27.054108216432866 5.869106511573872 -3.0127223016254234 0.4623484764124264 -1.5055753350915602 -6.535912350150674 -5.118236385303554 9.409013088138341 16.06795718603326 29.95655249006244 12.033539718107829 14.54655622458748 3.828623204444656 8.205075771172151 -4.566235608047356 -1.596202841322374 15.03695600678152 2.8736008692759034 6.681646612888308 -2.9314663495124194 0.6908371359088683 16.569062716208087 -5.691663997325538 2.441425046155068 -2.010987478454709 -11.48489972806617 -9.335410432576479 -12.845188408539341 -3.7914693788528986
27.11422845691383 5.8742691353588405 -3.0075596778404368 0.4675111001973953 -1.5004127113065735 -6.5307497263657055 -5.113073761518567 9.414175711923328 16.07311980981823 29.961715113847408 12.038702341892797 14.551718848372449 3.833785828229625 8.210238394957138 -4.561072984262387 -1.5910402175373874 15.042118630566488 2.8787634930608723 6.686809236673277 -2.9263037257274505 0.6959997596938372 16.574225339993056 -5.686501373540569 2.446587669940037 -2.00582485466974 -11.4797371042812 -9.33024780879151 -12.840025784754372 -3.7863067550679297
27.174348697394787 5.879408698806401 -3.002420114392894 0.47265066364495567 -1.4952731478590309 -6.525610162918145 -5.107934198071025 9.41931527537087 16.07825937326579 29.966854677294968 12.043841905340358 14.556858411819992 3.8389253916771855 8.21537795840468 -4.555933420814845 -1.5859006540898448 15.047258194014049 2.8839030565084327 6.691948800120837 -2.92116416227989 0.7011393231413798 16.579364903440617 -5.681361810093009 2.4517272333875972 -2.0006852912221795 -11.47459754083364 -9.32510824534395 -12.834886221306812 -3.7811671916203693
27.23446893787575 5.884525403909215 -2.997303409290062 0.47776736874777015 -1.4901564427561986 -6.520493457815331 -5.102817492968192 9.424431980473702 16.083376078368605 29.971971382397783 12.048958610443172 14.561975116922824 3.84404209678 8.220494663507512 -4.5508167157120125 -1.5807839489870126 15.052374899116863 2.889019761611247 6.697065505223652 -2.9160474571770756 0.7062560282442121 16.58448160854343 -5.676245104990194 2.4568439384904117 -1.995568586119365 -11.469480835730826 -9.319991540241135 -12.829769516203998 -3.776050486517555
27.294589178356713 5.889619358190075 -2.9922094550092027 0.4828613230286294 -1.4850624884753572 -6.515399503534471 -5.097723538687333 9.429525934754562 16.088470032649465 29.977065336678642 12.054052564724032 14.567069071203683 3.849136051060859 8.225588617788372 -4.545722761431153 -1.575689994706171 15.057468853397722 2.8941137158921064 6.702159459504511 -2.9109535028962163 0.7113499825250713 16.58957556282429 -5.671151150709335 2.461937892771271 -1.9904746318385058 -11.464386881449967 -9.314897585960276 -12.824675561923138 -3.7709565322366956
27.354709418837675 5.89469093220778 -2.9871378809914972 0.4879328970463348 -1.479990914457634 -6.510327929516766 -5.092651964669628 9.434597508772267 16.093541606667188 29.982136910696358 12.059124138741737 14.572140645221388 3.8542076250785646 8.230660191806077 -4.540651187413448 -1.570618420688448 15.062540427415428 2.899185289909812 6.707231033522234 -2.905881928878511 0.7164215565427767 16.594647136842013 -5.666079576691629 2.467009466788994 -1.9854030578208004 -11.459315307432261 -9.30982601194257 -12.819603987905433 -3.76588495821899
27.414829659318634 5.899740313542825 -2.98208849965647 0.49298227838137976 -1.4749415331226068 -6.505278548181721 -5.087602583334601 9.439646890107294 16.098590988002215 29.987186292031385 12.064173520076764 14.577190026556416 3.8592570064136096 8.235709573141104 -4.535601806078421 -1.5655690393534207 15.067589808750473 2.904234671244857 6.712280414857261 -2.900832547543466 0.7214709378778039 16.59969651817704 -5.6610301953565845 2.4720588481240213 -1.9803536764857732 -11.454265926097216 -9.304776630607526 -12.814554606570388 -3.760835576883945
27.474949899799597 5.904767856464108 -2.977060956735169 0.4980098213026629 -1.4699139902013059 -6.500251005260438 -5.0825750404133 9.444674433028595 16.103618530923516 29.992213834952683 12.069201062998065 14.582217569477717 3.8642845493348927 8.240737116062405 -4.53057426315712 -1.5605414964321198 15.072617351671756 2.9092622141661577 6.717307957778562 -2.895805004622183 0.7264984807991048 16.60472406109834 -5.656002652435301 2.4770863910453222 -1.9753261335644723 -11.449238383175915 -9.299749087686243 -12.809527063649105 -3.755808033962662
27.53507014028056 5.909773760764736 -2.9720550524345413 0.5030157256032908 -1.4649080859006958 -6.49524510095981 -5.077569136112672 9.449680337329223 16.108624435224126 29.997219739253303 12.074206967298693 14.587223473778344 3.8692904536355206 8.245743020363015 -4.525568358856492 -1.5555355921315097 15.077623255972384 2.914268118466768 6.722313862079172 -2.890799100321555 0.7315043850997327 16.60972996539895 -5.6509967481346735 2.4820922953459323 -1.9703202292638444 -11.444232478875305 -9.294743183385615 -12.804521159348477 -3.750802129662034
27.595190380761522 5.914758300794336 -2.9670705124049412 0.5080002656328908 -1.4599235458710957 -6.49026056093021 -5.072584596083072 9.454664877358823 16.113608975253726 30.002204279282903 12.079191507328293 14.592208013807944 3.8742749936651206 8.250727560392633 -4.520583818826892 -1.550551052101892 15.082607796001984 2.919252658496368 6.727298402108772 -2.885814560291955 0.7364889251293327 16.61471450542855 -5.646012208105073 2.4870768353755324 -1.9653356892342444 -11.439247938845705 -9.289758643356015 -12.799536619318877 -3.745817589632434
