web/models/mosfit_kne/mosfit_kn_3.0000/mosfit_kn_0.041628_0.4217_3.0000.dat
# %ECSV 1.0
# ---
# datatype:
# - {name: time, datatype: float64}
# - {name: PS1_g, datatype: float64}
# - {name: PS1_i, datatype: float64}
# - {name: PS1_r, datatype: float64}
# - {name: PS1_w, datatype: float64}
# - {name: PS1_y, datatype: float64}
# - {name: PS1_z, datatype: float64}
# - {name: swift_uvot_B, datatype: float64}
# - {name: swift_uvot_U, datatype: float64}
# - {name: swift_uvot_uvm2, datatype: float64}
# - {name: swift_uvot_uvw1, datatype: float64}
# - {name: swift_uvot_uvw2, datatype: float64}
# - {name: swift_uvot_V, datatype: float64}
# - {name: johnson_B, datatype: float64}
# - {name: johnson_I, datatype: float64}
# - {name: johnson_R, datatype: float64}
# - {name: johnson_U, datatype: float64}
# - {name: johnson_V, datatype: float64}
# - {name: sdss_g, datatype: float64}
# - {name: sdss_i, datatype: float64}
# - {name: sdss_r, datatype: float64}
# - {name: sdss_u, datatype: float64}
# - {name: sdss_z, datatype: float64}
# - {name: ATLAS_c, datatype: float64}
# - {name: ATLAS_o, datatype: float64}
# - {name: ukirt_H, datatype: float64}
# - {name: ukirt_J, datatype: float64}
# - {name: ukirt_K, datatype: float64}
# - {name: Clear, datatype: float64}
# meta: !!omap
# - comment: [kappa = 3.0, type = rprocess, mass = 0.04162766037032262, velocity = 0.4216666666666667, theta_obs = 0.0, tfloor = 1000.0]
# schema: astropy-2.0
time PS1_g PS1_i PS1_r PS1_w PS1_y PS1_z swift_uvot_B swift_uvot_U swift_uvot_uvm2 swift_uvot_uvw1 swift_uvot_uvw2 swift_uvot_V johnson_B johnson_I johnson_R johnson_U johnson_V sdss_g sdss_i sdss_r sdss_u sdss_z ATLAS_c ATLAS_o ukirt_H ukirt_J ukirt_K Clear
[from data line 290]
17.494989979959918 8.31444254300271 -0.5673862701965859 2.907684507841264 0.9397606963372773 -4.090576318721837 -2.6729003538747165 11.854349119567178 18.5132932174621 32.40188852149127 14.478875749536648 16.9918922560163 6.273959235873494 10.650411802600988 -2.1208995766185366 0.8491331901064634 17.482292038210357 5.318936900704741 9.126982644317145 -0.48613031808358187 3.136173167337688 19.014398747636925 -3.2463279658967004 4.886761077583905 0.4343485529741109 -9.039563696637332 -6.890074401147642 -10.399852377110504 -1.346133347424061
17.55511022044088 8.323193641826396 -0.558635171372881 2.916435606664969 0.9485117951609823 -4.081825219898132 -2.6641492550510115 11.863100218390883 18.522044316285804 32.410639620314974 14.487626848360353 17.000643354840005 6.282710334697199 10.659162901424693 -2.1121484777948316 0.8578842889301683 17.49104313703406 5.327687999528446 9.13573374314085 -0.4773792192598947 3.144924266161393 19.02314984646063 -3.237576867073013 4.89551217640761 0.44309965179781585 -9.030812597813627 -6.881323302323937 -10.391101278286817 -1.3373822486003561
17.615230460921843 8.331919254788964 -0.5499095584103131 2.9251612196275367 0.9572374081235502 -4.073099606935564 -2.6554236420884436 11.871825831353451 18.530769929248372 32.419365233277546 14.496352461322921 17.009368967802573 6.291435947659749 10.667888514387261 -2.1034228648322637 0.8666099018927362 17.49976874999663 5.336413612491014 9.144459356103418 -0.4686536062973268 3.153649879123961 19.031875459423198 -3.2288512541104453 4.904237789370178 0.45182526476038376 -9.02208698485106 -6.872597689361369 -10.382375665324249 -1.328656635637806
17.675350701402806 8.34061969836064 -0.5412091148386367 2.9338616631991954 0.9659378516952266 -4.064399163363905 -2.646723198516767 11.880526274925128 18.53947037282005 32.42806567684921 14.505052904894598 17.01806941137425 6.300136391231425 10.676588957958938 -2.0947224212605873 0.8753103454644127 17.50846919356829 5.345114056062672 9.153159799675095 -0.45995316272565034 3.1623503226956373 19.040575902994874 -3.220150810538769 4.912938232941855 0.4605257083320602 -9.0133865412794 -6.86389724578971 -10.373675221752572 -1.3199561920661296
17.73547094188377 8.349295298353283 -0.5325335148459942 2.942537263191838 0.9746134516878691 -4.055723563371263 -2.6380475985241247 11.88920187491777 18.54814597281269 32.43674127684185 14.51372850488724 17.02674501136689 6.308811991224068 10.68526455795158 -2.086046821267945 0.8839859454570551 17.51714479356093 5.353789656055315 9.16183539966772 -0.4512775627330079 3.1710259226882798 19.049251502987516 -3.2114752105461264 4.921613832934497 0.46920130832470264 -9.004710941286758 -6.855221645797068 -10.36499962175993 -1.3112805920734871
17.795591182364728 8.357946334978674 -0.5238824782206031 2.9511882998172467 0.9832644883132602 -4.047072526745854 -2.6293965618987336 11.897852911543161 18.556797009438082 32.44539231346725 14.522379541512631 17.035396047992283 6.3174630278494766 10.693915594576971 -2.0773957846425537 0.8926369820824462 17.52579583018634 5.362440692680724 9.170486436293128 -0.44262652610761677 3.179676959313671 19.057902539612908 -3.2028241739207175 4.930264869559888 0.47785234495009377 -8.99605990466135 -6.846570609171659 -10.356348585134521 -1.3026295554480782
17.85571142284569 8.366573528569194 -0.5152552846300829 2.959815493407749 0.9918916819037626 -4.038445333155352 -2.6207693683082134 11.906480105133681 18.565424203028584 32.454019507057765 14.531006735103151 17.044023241582803 6.326090221439979 10.702542788167474 -2.0687685910520335 0.9012641756729487 17.534423023776842 5.371067886271226 9.17911362988363 -0.43399933251709655 3.188304152904191 19.06652973320341 -3.194196980330215 4.938892063150391 0.486479538540614 -8.987432711070847 -6.837943415581156 -10.347721391544018 -1.2940023618575758
17.915831663326653 8.375176253949768 -0.5066525592495097 2.9684182187883223 1.0004944072843536 -4.029842607774778 -2.6121666429276402 11.915082830514255 18.574026928409175 32.46262223243834 14.539609460483724 17.052625966963376 6.334692946820552 10.711145513548065 -2.0601658656714603 0.9098669010535396 17.543025749157415 5.379670611651799 9.187716355264204 -0.4253966071365234 3.1969068782847643 19.075132458584 -3.185594254949642 4.947494788530982 0.49508226392118715 -8.978829985690274 -6.829340690200583 -10.339118666163445 -1.2853996364770026
17.975951903807616 8.38375527906532 -0.49807353413395816 2.9769972439038916 1.009073432399905 -4.021263582659209 -2.6035876178120887 11.923661855629806 18.582605953524727 32.4712012575539 14.548188485599276 17.061204992078927 6.3432719719361215 10.719724538663616 -2.051586840555909 0.9184459261690912 17.551604774272985 5.388249636767369 9.196295380379773 -0.4168175820209541 3.205485903400316 19.083711483699553 -3.1770152298340726 4.956073813646533 0.5036612890367387 -8.970250960574704 -6.820761665085014 -10.330539641047876 -1.2768206113614333
18.036072144288575 8.392310912135947 -0.48951790106332993 2.985552876974502 1.0176290654705156 -4.012707949588599 -2.5950319847414605 11.932217488700434 18.591161586595337 32.47975689062452 14.556744118669904 17.069760625149556 6.351827605006732 10.728280171734244 -2.0430312074852806 0.9270015592397194 17.560160407343595 5.396805269837979 9.204851013450384 -0.4082619489503436 3.214041536470944 19.092267116770163 -3.168459596763462 4.964629446717144 0.5122169221073669 -8.961695327504094 -6.812206032014403 -10.321984007977266 -1.2682649782908229
18.096192384769537 8.400843434208003 -0.4809853789912921 2.9940853990465577 1.0261615875425711 -4.004175427516543 -2.5864994626694227 11.940750010772472 18.599694108667393 32.488289412696574 14.56527664074196 17.07829314722161 6.3603601270787875 10.736812693806282 -2.0344986854132427 0.9355340813117572 17.56869292941565 5.405337791910035 9.21338353552244 -0.39972942687828805 3.2225740585429996 19.10079963884222 -3.1599270746914065 4.973161968789199 0.5207494441794225 -8.953162805432038 -6.803673509942348 -10.31345148590521 -1.2597324562187673
18.1563126252505 8.40935311319651 -0.47247570000276795 3.002595078035064 1.0346712665310953 -3.9956657485280367 -2.5779897836808985 11.949259689760996 18.6082037876559 32.496799091685084 14.573786319730466 17.086802826210118 6.368869806067294 10.745322372794806 -2.0259890064247186 0.9440437603002814 17.577202608404157 5.413847470898541 9.221893214510946 -0.39121974788978164 3.231083737531506 19.109309317830725 -3.1514173957029 4.981671647777706 0.5292591231679289 -8.944653126443532 -6.795163830953841 -10.304941806916704 -1.2512227772302609
18.216432865731463 8.417840196594977 -0.4639886166043006 3.0110821614335315 1.0431583499295627 -3.9871786651295693 -2.569502700282431 11.957746773159464 18.616690871054384 32.50528617508355 14.582273403128934 17.095289909608585 6.377356889465761 10.753809456193274 -2.017501923026251 0.9525308436987487 17.585689691802624 5.4223345542970085 9.230380297909413 -0.38273266449131427 3.2395708209299734 19.11779640122921 -3.1429303123044328 4.990158731176191 0.5377462065663963 -8.936166043045064 -6.786676747555374 -10.296454723518236 -1.2427356938317935
18.276553106212425 8.426304957513313 -0.4555238556859642 3.019546922351868 1.051623110847899 -3.978713904211233 -2.5610379393640947 11.9662115340778 18.62515563197272 32.513750936001884 14.59073816404727 17.10375467052692 6.385821650384098 10.76227421711161 -2.009037162107915 0.9609956046170851 17.59415445272096 5.430799315215345 9.238845058827767 -0.3742679035729779 3.2480355818483098 19.126261162147546 -3.1344655513860964 4.998623492094527 0.5462109674847326 -8.927701282126728 -6.778211986637038 -10.2879899625999 -1.2342709329134571
18.336673346693384 8.434747666544506 -0.44708114665477083 3.027989631383061 1.0600658198790924 -3.9702711951800396 -2.5525952303329014 11.974654243108994 18.633598341003914 32.522193645033084 14.599180873078463 17.112197379558115 6.394264359415291 10.770716926142804 -2.0005944530767215 0.9694383136482785 17.602597161752154 5.439242024246538 9.24728776785896 -0.3658251945417845 3.256478290879503 19.13470387117874 -3.126022842354903 5.0070662011257205 0.554653676515926 -8.919258573095535 -6.769769277605844 -10.279547253568706 -1.2258282238822638
18.396793587174347 8.4431686110287 -0.43866020217057766 3.0364105758672544 1.0684867643632678 -3.9618502506958464 -2.544174285848708 11.983075187593187 18.64201928548809 32.53061458951727 14.607601817562657 17.120618324042308 6.402685303899484 10.779137870626997 -1.9921735085925283 0.9778592581324717 17.611018106236347 5.447662968730731 9.255708712343136 -0.35740425005759136 3.2648992353636963 19.143124815662915 -3.11760189787071 5.015487145609896 0.5630746210001192 -8.910837628611342 -6.761348333121651 -10.271126309084513 -1.2174072793980706
18.45691382765531 8.451568037753159 -0.4302607754461363 3.0448100025917135 1.076886191087727 -3.9534508239713873 -2.535774859124267 11.991474614317628 18.65041871221255 32.53901401624173 14.616001244287116 17.129017750766767 6.411084730623943 10.787537297351438 -1.983774081868087 0.986258684856913 17.619417532960806 5.456062395455191 9.264108139067595 -0.3490048233331322 3.2732986620881555 19.151524242387374 -3.1092024711462507 5.023886572334355 0.5714740477245783 -8.902438201886882 -6.752948906397192 -10.262726882360054 -1.2090078526736114
18.517034068136272 8.459946219248433 -0.42188259395084415 3.0531881840870057 1.085264372583019 -3.945072642476095 -2.5273966776289747 11.99985279581292 18.65879689370784 32.54739219773701 14.62437942578239 17.13739593226204 6.4194629121192355 10.79591547884673 -1.9753959003727948 0.9946368663522052 17.6277957144561 5.464440576950483 9.272486320562887 -0.34062664183785785 3.28167684358343 19.159902423882667 -3.1008242896509763 5.032264753829647 0.5798522292198527 -8.89406002039159 -6.7445707249019 -10.25434870086478 -1.2006296711783193
18.577154308617235 8.468303364197673 -0.4135254490016216 3.0615453290362282 1.0936215175322417 -3.9367154975268726 -2.519039532679752 12.008209940762143 18.667154038657063 32.555749342686234 14.632736570731613 17.145753077211264 6.427820057068458 10.804272623795953 -1.9670387554235722 1.0029940113014277 17.63615285940532 5.472797721899705 9.28084346551211 -0.3322694968886175 3.2900339885326524 19.16825956883189 -3.092467144701736 5.04062189877887 0.5882093741690753 -8.885702875442368 -6.736213579952677 -10.24599155591554 -1.1922725262290967
18.637274549098194 8.476639736085296 -0.405189077113981 3.069881700923851 1.1019578894198823 -3.9283791256392497 -2.5107031607921115 12.016546312649783 18.675490410544704 32.56408571457388 14.641072942619253 17.154089449098905 6.436156428956081 10.812608995683593 -1.9587023835359316 1.0113303831890683 17.644489231292944 5.481134093787328 9.28917983739975 -0.3239331250009947 3.298370360420293 19.17659594071953 -3.084130772814113 5.04895827066651 0.5965457460567158 -8.877366503554745 -6.727877208065054 -10.237655184027917 -1.183936154341474
18.697394789579157 8.484955599569375 -0.39687321362992023 3.0781975644079296 1.110273752903943 -3.920063262155171 -2.5023872973080508 12.024862176133844 18.683806274028765 32.57240157805794 14.649388806103332 17.162405312582983 6.444472292440159 10.820924859167654 -1.950386520051853 1.019646246673129 17.652805094777023 5.489449957271407 9.297495700883811 -0.31561726151691616 3.3066862239043715 19.18491180420359 -3.0758149093300347 5.057274134150571 0.6048616095407944 -8.869050640070666 -6.719561344580976 -10.229339320543838 -1.1756202908573954
18.75751503006012 8.493251186014668 -0.38857762718460975 3.0864931508532223 1.1185693393492535 -3.9117676757098785 -2.4940917108627403 12.033157762579155 18.692101860474075 32.58069716450324 14.657684392548624 17.170700899028276 6.452767878885452 10.829220445612965 -1.9420909336065604 1.0279418331184396 17.661100681222315 5.497745543716699 9.305791287329104 -0.30732167507162345 3.314981810349664 19.1932073906489 -3.067519322884742 5.065569720595882 0.6131571959860871 -8.860755053625374 -6.711265758135683 -10.221043734098545 -1.1673247044121027
18.817635270541082 8.501526747126622 -0.38030206607265526 3.0947687119651945 1.126844900461208 -3.903492114597924 -2.485816149750786 12.041433323691109 18.70037742158603 32.5889727256152 14.665959953660579 17.17897646014023 6.461043439997407 10.837496006724919 -1.9338153724946059 1.036217394230394 17.669376242334287 5.506021104828672 9.314066848441076 -0.29904611395966896 3.3232573714616187 19.201482951760855 -3.0592437617727875 5.073845281707836 0.6214327570980416 -8.852479492513401 -6.702990197023711 -10.212768172986591 -1.1590491433001482
18.877755511022045 8.509782518069766 -0.37204629512951115 3.1030244829083387 1.1351006714043521 -3.895236343654762 -2.4775603788076417 12.049689094634253 18.708633192529174 32.597228496558344 14.674215724603723 17.187232231083375 6.4692992109405685 10.845751777668063 -1.9255596015514618 1.0444731651735382 17.67763201327743 5.514276875771816 9.32232261938422 -0.29079034301652484 3.331513142404763 19.209738722704 -3.0509879908296256 5.08210105265098 0.6296885280411857 -8.844223721570257 -6.694734426080567 -10.204512402043429 -1.1507933723569863
18.937875751503004 8.518018715498581 -0.3638100977006964 3.1112606803371534 1.1433368688331669 -3.8870001462259474 -2.469324181378827 12.057925292063068 18.71686938995799 32.60546469398716 14.682451922032538 17.19546842851219 6.4775354083693655 10.853987975096878 -1.917323404122647 1.052709362602353 17.685868210706246 5.5225130732006305 9.330558816813035 -0.2825541455877101 3.3397493398335776 19.217974920132814 -3.0427517934008286 5.090337250079795 0.6379247254700005 -8.835987524141443 -6.686498228651752 -10.196276204614632 -1.1425571749281893
18.997995991983966 8.52623558125904 -0.3555932319402366 3.1194775460975954 1.1515537345936089 -3.8787832804655054 -2.461107315618367 12.066142157823528 18.72508625571843 32.61368155974761 14.690668787792998 17.20368529427265 6.485752274129825 10.862204840857338 -1.9091065383621872 1.0609262283628127 17.69408507646669 5.5307299389610725 9.338775682573477 -0.2743372798272503 3.3479662055940373 19.226191785893256 -3.034534927640369 5.098554115840237 0.6461415912304602 -8.827770658381 -6.67828136289131 -10.188059338854172 -1.1343403091677295
19.05811623246493 8.53443334774548 -0.34739546545379696 3.127675312584035 1.1597515010800485 -3.8705855139790657 -2.4529095491319275 12.074339924309967 18.73328402220487 32.62187932623405 14.698866554279437 17.21188306075909 6.493950040616265 10.870402607343777 -1.9009087718757476 1.0691239948492346 17.702282842953128 5.538927705447512 9.346973449059917 -0.26613951334081065 3.356163972080477 19.234389552379696 -3.026337161153929 5.106751882326677 0.6543393577168999 -8.81957289189456 -6.67008359640487 -10.179861572367733 -1.1261425426812899
19.118236472945892 8.542612254772273 -0.3392165584270046 3.1358542196108274 1.167930408106841 -3.8624066069522733 -2.444730642105135 12.08251883133676 18.741462929231663 32.63005823326085 14.70704546130623 17.22006196778588 6.502128947643057 10.87858151437057 -1.8927298648489552 1.0773029018760447 17.71046174997992 5.5471066124743045 9.355152356086709 -0.2579606063140183 3.3643428791072694 19.24256845940649 -3.018158254127137 5.114930789353469 0.6625182647436922 -8.811393984867768 -6.661904689378078 -10.17168266534094 -1.1179636356544975
