web/models/mosfit_kne/mosfit_kn_3.0000/mosfit_kn_0.041628_0.2180_3.0000.dat
# %ECSV 1.0
# ---
# datatype:
# - {name: time, datatype: float64}
# - {name: PS1_g, datatype: float64}
# - {name: PS1_i, datatype: float64}
# - {name: PS1_r, datatype: float64}
# - {name: PS1_w, datatype: float64}
# - {name: PS1_y, datatype: float64}
# - {name: PS1_z, datatype: float64}
# - {name: swift_uvot_B, datatype: float64}
# - {name: swift_uvot_U, datatype: float64}
# - {name: swift_uvot_uvm2, datatype: float64}
# - {name: swift_uvot_uvw1, datatype: float64}
# - {name: swift_uvot_uvw2, datatype: float64}
# - {name: swift_uvot_V, datatype: float64}
# - {name: johnson_B, datatype: float64}
# - {name: johnson_I, datatype: float64}
# - {name: johnson_R, datatype: float64}
# - {name: johnson_U, datatype: float64}
# - {name: johnson_V, datatype: float64}
# - {name: sdss_g, datatype: float64}
# - {name: sdss_i, datatype: float64}
# - {name: sdss_r, datatype: float64}
# - {name: sdss_u, datatype: float64}
# - {name: sdss_z, datatype: float64}
# - {name: ATLAS_c, datatype: float64}
# - {name: ATLAS_o, datatype: float64}
# - {name: ukirt_H, datatype: float64}
# - {name: ukirt_J, datatype: float64}
# - {name: ukirt_K, datatype: float64}
# - {name: Clear, datatype: float64}
# meta: !!omap
# - comment: [kappa = 3.0, type = rprocess, mass = 0.04162766037032262, velocity = 0.21800000000000003, theta_obs = 0.0, tfloor = 1000.0]
# schema: astropy-2.0
time PS1_g PS1_i PS1_r PS1_w PS1_y PS1_z swift_uvot_B swift_uvot_U swift_uvot_uvm2 swift_uvot_uvw1 swift_uvot_uvw2 swift_uvot_V johnson_B johnson_I johnson_R johnson_U johnson_V sdss_g sdss_i sdss_r sdss_u sdss_z ATLAS_c ATLAS_o ukirt_H ukirt_J ukirt_K Clear
[from data line 463]
27.895791583166332 8.364728202517995 -0.5171006106812825 2.9579701673565495 0.990046355852563 -4.040290659206551 -2.622614694359413 11.904634779082482 18.563578876977385 32.45217418100656 14.529161409051952 17.042177915531603 6.324244895388779 10.700697462116292 -2.070613917103233 0.8994188496217668 17.532577697725642 5.3692225602200265 9.177268303832431 -0.43584465856829624 3.1864588268529914 19.06468440715221 -3.1960423063814147 4.937046737099191 0.4846342124894143 -8.989278037122046 -6.839788741632356 -10.349566717595218 -1.2958476879087755
27.955911823647295 8.369313875712567 -0.51251493748671 2.962555840551122 0.9946320290471533 -4.035704986011979 -2.6180290211648405 11.909220452277054 18.568164550171975 32.456759854201145 14.533747082246524 17.046763588726176 6.328830568583352 10.705283135310864 -2.0660282439086606 0.9040045228163394 17.537163370920215 5.373808233414617 9.181853977027021 -0.43125898537372365 3.191044500047564 19.0692700803468 -3.191456633186842 4.941632410293781 0.4892198856839869 -8.984692363927474 -6.835203068437783 -10.344981044400646 -1.2912620147142029
28.016032064128254 8.373889982202183 -0.5079388309970945 2.9671319470407553 0.9992081355367688 -4.031128879522363 -2.613452914675225 11.91379655876667 18.57274065666159 32.46133596069076 14.53832318873614 17.05133969521579 6.333406675072967 10.70985924180048 -2.061452137419045 0.9085806293059548 17.54173947740985 5.378384339904232 9.186430083516637 -0.42668287888410816 3.1956206065371795 19.073846186836416 -3.1868805266972267 4.946208516783397 0.49379599217360237 -8.98011625743784 -6.83062696194815 -10.34040493791103 -1.2866859082245874
28.076152304609217 8.3784565661521 -0.503372247047178 2.971698530990672 1.0037747194866853 -4.026562295572429 -2.6088863307253085 11.918363142716586 18.577307240611507 32.46590254464068 14.542889772686056 17.055906279165708 6.337973259022902 10.714425825750396 -2.0568855534691286 0.9131472132558713 17.546306061359765 5.382950923854149 9.190996667466553 -0.42211629493419167 3.200187190487096 19.078412770786333 -3.18231394274731 4.950775100733313 0.49836257612351886 -8.975549673487924 -6.826060377998234 -10.335838353961114 -1.2821193242746531
28.13627254509018 8.383013687668512 -0.4988151255307649 2.976255652507067 1.0083318410030984 -4.022005174056034 -2.6043292092088954 11.922920264233 18.58186436212792 32.47045966615708 14.54744689420247 17.06046340068212 6.342530380539297 10.71898294726681 -2.0523284319527155 0.9177043347722844 17.55086318287616 5.387508045370544 9.195553788982949 -0.4175591734177786 3.204744312003509 19.082969892302746 -3.177756821230897 4.9553322222497265 0.5029196976399319 -8.970992551971529 -6.821503256481838 -10.3312812324447 -1.2775622027582578
28.196392785571142 8.387561389505258 -0.4942674236940192 2.9808033543438306 1.012879542839844 -4.01745747221927 -2.5997815073721497 11.927467966069745 18.586412063964666 32.47500736799384 14.551994596039215 17.065011102518866 6.34707808237606 10.723530649103555 -2.04778073011597 0.9222520366090301 17.555410884712924 5.392055747207308 9.200101490819712 -0.4130114715810329 3.2092920138402548 19.08751759413949 -3.1732091193941514 4.959879924086472 0.5074673994766776 -8.966444850134765 -6.816955554645075 -10.326733530607955 -1.2730145009214944
28.256513026052104 8.392099736611343 -0.4897290765879525 2.9853417014498973 1.0174178899459108 -4.0129191251132035 -2.595243160266083 11.932006313175812 18.590950411070732 32.47954571509991 14.5565329431453 17.069549449624933 6.351616429482127 10.728068996209622 -2.043242383009903 0.9267903837150968 17.55994923181899 5.396594094313374 9.204639837925779 -0.40847312447494843 3.2138303609463392 19.092055941245558 -3.168670772288067 4.964418271192539 0.5120057465827621 -8.961906503028699 -6.812417207539008 -10.32219518350187 -1.2684761538154277
28.316633266533064 8.396628769396592 -0.4852000438026849 2.989870734235165 1.0219469227311784 -4.008390092327936 -2.5907141274808154 11.93653534596108 18.595479443856 32.484074747885174 14.56106197593055 17.0740784824102 6.356145462267395 10.73259802899489 -2.0387133502246355 0.9313194165003644 17.564478264604258 5.401123127098642 9.209168870711046 -0.4039440916896986 3.218359393731589 19.096584974030826 -3.164141739502817 4.9689473039778065 0.516534779368012 -8.957377470243431 -6.8078881747537405 -10.31766615071662 -1.26394712103016
28.376753507014026 8.401148547675632 -0.48068026552366305 2.9943905125141868 1.0264667010102002 -4.003870314048914 -2.5861943492017936 11.941055124240101 18.599999222135022 32.4885945261642 14.565581754209571 17.078598260689223 6.360665240546417 10.737117807273911 -2.0341935719456137 0.9358391947793863 17.56899804288328 5.405642905377664 9.213688648990068 -0.399424313410659 3.222879172010611 19.101104752309848 -3.1596219612237775 4.973467082256828 0.5210545576470516 -8.95285769196441 -6.803368396474719 -10.313146372437581 -1.2594273427511382
28.43687374749499 8.405659114242319 -0.4761696989569586 2.9989010790808734 1.0309772675769047 -3.9993597474822273 -2.581683782635089 11.945565690806806 18.604509788701726 32.49310509273089 14.570092320776276 17.083108827255927 6.365175807113103 10.741628373840616 -2.029683005378909 0.9403497613460907 17.573508609449966 5.4101534719443505 9.218199215556755 -0.3949137468439723 3.2273897385773154 19.105615318876552 -3.155111394657091 4.977977648823533 0.5255651242137382 -8.948347125397722 -6.798857829908032 -10.308635805870894 -1.2549167761844515
28.49699398797595 8.410160533197324 -0.4716682800019534 3.0034024980358964 1.0354786865319099 -3.994858328527222 -2.577182363680084 11.950067109761811 18.60901120765673 32.4976065116859 14.57459373973128 17.087610246210932 6.3696772260681085 10.746129792795621 -2.025181586423904 0.9448511803010959 17.57801002840497 5.4146548908993735 9.222700634511778 -0.39041232788896707 3.2318911575323206 19.110116737831557 -3.1506099757020856 4.982479067778538 0.5300665431687435 -8.9438457064427 -6.794356410953027 -10.304134386915889 -1.2504153572294463
28.557114228456914 8.414652849137472 -0.4671759640618056 3.0078948139760264 1.0399710024720399 -3.9903660125870744 -2.572690047739936 11.954559425701959 18.61350352359686 32.50209882762604 14.579086055671429 17.09210256215108 6.374169542008256 10.750622108735769 -2.0206892704837562 0.9493434962412437 17.58250234434512 5.4191472068395035 9.227192950451908 -0.3859200119488193 3.2363834734724684 19.114609053771687 -3.146117659761938 4.986971383718668 0.5345588591088912 -8.93935339050257 -6.789864095012879 -10.299642070975741 -1.2459230412892985
28.617234468937873 8.419136121204946 -0.46269269199433083 3.012378086043501 1.0444542745395324 -3.9858827405195996 -2.5682067756724614 11.959042697769434 18.617986795664354 32.506582099693524 14.583569327738903 17.096585834218555 6.378652814075731 10.755105380803244 -2.0162059984162815 0.9538267683087185 17.586985616412594 5.423630478906978 9.2316762225194 -0.3814367398813445 3.240866745539943 19.11909232583918 -3.141634387694463 4.9914546557861605 0.539042131176366 -8.934870118435095 -6.785380822945404 -10.295158798908266 -1.2414397692218238
28.677354709418836 8.423610387918838 -0.4582184252804389 3.016852352757393 1.0489285412534066 -3.9814084738057076 -2.5637325089585694 11.963516964483325 18.62246106237823 32.51105636640741 14.588043594452795 17.101060100932447 6.383127080789623 10.759579647517135 -2.0117317317023895 0.9583010350226104 17.591459883126486 5.42810474562087 9.236150489233275 -0.37696247316745257 3.245341012253835 19.123566592553054 -3.137160120980571 4.995928922500035 0.543516397890258 -8.930395851721203 -6.780906556231512 -10.290684532194375 -1.2369655025079318
28.7374749498998 8.428075711047942 -0.45375310215133524 3.021317675886497 1.0533938643825103 -3.976943150676604 -2.5592671858294658 11.967982287612429 18.626926385507332 32.51552168953651 14.592508917581899 17.10552542406155 6.387592403918727 10.764044970646239 -2.007266408573286 0.9627663581517141 17.59592520625559 5.432570068749974 9.240615812362378 -0.37249715003834893 3.2498063353829387 19.128031915682158 -3.1326947978514674 5.000394245629138 0.5479817210193616 -8.9259305285921 -6.776441233102409 -10.28621920906527 -1.2325001793788282
28.79759519038076 8.432532134988513 -0.4492966782107821 3.0257740998270677 1.0578502883230811 -3.972486726736033 -2.5548107618889127 11.972438711552982 18.631382809447903 32.51997811347709 14.59696534152247 17.10998184800212 6.3920488278592975 10.768501394586792 -2.002809984632715 0.9672227820922672 17.60038163019616 5.437026492690545 9.24507223630295 -0.36804072609777805 3.2542627593235096 19.13248833962273 -3.1282383739108965 5.004850669569709 0.5524381449599325 -8.921474104651528 -6.771984809161838 -10.2817627851247 -1.2280437554382573
28.857715430861724 8.436979712799708 -0.44484910039956915 3.0302216776382807 1.062297866134294 -3.968039148924838 -2.5503631840776997 11.976886289364195 18.635830387259116 32.524425691288286 14.601412919333665 17.114429425813316 6.396496405670493 10.772948972398005 -1.9983624068215198 0.9716703599034802 17.604829208007356 5.441474070501758 9.249519814114162 -0.36359314828658285 3.258710337134705 19.13693591743394 -3.1237907960997013 5.009298247380922 0.5568857227711277 -8.917026526840315 -6.767537231350625 -10.277315207313505 -1.223596177627062
28.917835671342683 8.44141848893674 -0.4404103242625368 3.0346604537752953 1.0667366422713265 -3.9636003727878055 -2.5459244079406673 11.981325065501228 18.640269163396148 32.52886446742532 14.605851695470697 17.11886820195035 6.400935181807525 10.777387748535038 -1.9939236306844874 0.9761091360405125 17.609267984144388 5.445912846638772 9.253958590251194 -0.3591543721495505 3.263149113271737 19.141374693570974 -3.119352019962669 5.013737023517955 0.56132449890816 -8.9125877507033 -6.76309845521361 -10.272876431176472 -1.2191574014900297
28.977955911823646 8.445848517733552 -0.43598029546574324 3.0390904825721066 1.07116667106812 -3.959170343990994 -2.5414943791438738 11.985755094298021 18.64469919219294 32.53329449622211 14.610281724267491 17.123298230747142 6.405365210604336 10.781817777331831 -1.9894936018876939 0.9805391648373061 17.6136980129412 5.450342875435584 9.258388619047988 -0.35472434335273917 3.2675791420685307 19.145804722367767 -3.1149219911658577 5.018167052314748 0.5657545277049714 -8.90815772190649 -6.758668426416799 -10.268446402379661 -1.2147273726932184
29.03807615230461 8.450269848961849 -0.43155896423742846 3.0435118138004214 1.0755880022964348 -3.954749012762697 -2.537073047915559 11.990176425526336 18.649120523421256 32.53771582745043 14.614703055495806 17.127719561975457 6.409786541832633 10.786239108560146 -1.985072270659379 0.9849604960656209 17.618119344169497 5.454764206663898 9.262809950276303 -0.35030301212444215 3.2720004732968455 19.150226053596082 -3.1105006599375606 5.022588383543063 0.5701758589332684 -8.903736390678175 -6.754247095188502 -10.264025071151364 -1.2103060414649214
29.09819639278557 8.45468253398943 -0.4271462792098646 3.047924498827985 1.0800006873239987 -3.9503363277351156 -2.532660362887995 11.9945891105539 18.65353320844882 32.542128512477994 14.61911574052337 17.13213224700302 6.414199226860215 10.79065179358771 -1.9806595856318152 0.9893731810931847 17.622532029197078 5.459176891691462 9.267222635303867 -0.3458903270968605 3.2764131583244094 19.154638738623646 -3.106087974909979 5.027001068570627 0.57458854396085 -8.89932370565061 -6.74983441016092 -10.259612386123782 -1.2058933564373397
29.158316633266534 8.459086620854563 -0.42274219234473165 3.052328585693118 1.0844047741891316 -3.9459322408699826 -2.528256276022862 11.998993197419033 18.657937295313953 32.54653259934313 14.62351982738852 17.13653633386817 6.418603313725348 10.795055880452843 -1.9762554987666645 0.9937772679583177 17.62693611606221 5.463580978556595 9.271626722169 -0.3414862402317276 3.28081724518956 19.15904282548878 -3.101683888044846 5.03140515543576 0.578992630825983 -8.894919618785478 -6.745430323295787 -10.25520829925865 -1.2014892695722068
29.218436873747493 8.46348215563724 -0.41834665756205425 3.0567241204757956 1.088800308971809 -3.941536706087305 -2.523860741240185 12.003388732201728 18.66233283009663 32.55092813412581 14.627915362171198 17.14093186865085 6.422998848508025 10.79945141523552 -1.971859963983987 0.9981728027409951 17.63133165084489 5.467976513339273 9.276022256951677 -0.3370907054490502 3.2852127799722375 19.163438360271456 -3.0972883532621687 5.035800690218437 0.5833881656086604 -8.8905240840028 -6.74103478851311 -10.250812764475972 -1.1970937347895294
29.278557114228455 8.467869192478403 -0.413959620720874 3.061111157316976 1.0931873458129893 -3.937149669246125 -2.5194737043990045 12.00777576904289 18.66671986693781 32.555315170966985 14.63230239901236 17.14531890549201 6.427385885349206 10.8038384520767 -1.9674729271428246 1.0025598395821753 17.63571868768607 5.472363550180453 9.280409293792857 -0.3327036686078877 3.2895998168134 19.167825397112637 -3.0929013164209884 5.040187727059617 0.5877752024498228 -8.88613704716162 -6.73664775167193 -10.246425727634792 -1.1927066979483492
29.338677354709418 8.472247772761516 -0.4095810404377609 3.065489737600089 1.0975659260961024 -3.932771088963012 -2.5150951241158914 12.012154349326003 18.671098447220924 32.559693751250094 14.636680979295473 17.149697485775125 6.431764465632319 10.808217032359813 -1.9630943468597115 1.0069384198652884 17.640097267969182 5.476742130463566 9.28478787407597 -0.3283250883247568 3.293978397096513 19.17220397739575 -3.0885227361378753 5.0445663073427305 0.592153782732936 -8.881758466878507 -6.7322691713888165 -10.242047147351679 -1.188328117665236
29.39879759519038 8.476617951193148 -0.405210862006129 3.069859916031721 1.1019361045277343 -3.92840091053138 -2.5107249456842595 12.016524527757635 18.675468625652556 32.56406392968173 14.641051157727105 17.154067664206757 6.436134644063951 10.812587210791445 -1.9587241684280796 1.0113085982969203 17.644467446400814 5.481112308895198 9.289158052507602 -0.3239549098931427 3.298348575528145 19.17657415582738 -3.084152557706261 5.048936485774362 0.5965239611645679 -8.877388288446875 -6.727898992957185 -10.237676968920065 -1.183957939233622
29.458917835671343 8.480979765925767 -0.4008490472735282 3.0742217307643216 1.106297919260335 -3.924039095798779 -2.5063631309516587 12.020886342490236 18.679830440385157 32.56842574441433 14.645412972459706 17.158429478939357 6.440496458796551 10.816949025524046 -1.9543623536954788 1.015670413029521 17.648829261133415 5.485474123627799 9.293519867240203 -0.31959309516052414 3.3027103902607458 19.180935970559982 -3.0797907429736426 5.053298300506963 0.6008857758971864 -8.873026473714274 -6.723537178224584 -10.233315154187446 -1.1795961245010034
29.519038076152302 8.485333275687452 -0.3964955375118251 3.0785752405260247 1.1106514290220382 -3.919685586037094 -2.5020096211899556 12.02523985225194 18.68418395014686 32.572779254176034 14.649766482221409 17.16278298870106 6.444849968558237 10.82130253528575 -1.9500088439337757 1.0200239227912242 17.6531827708951 5.489827633389502 9.297873377001906 -0.3152395853988388 3.307063900022449 19.185289480321686 -3.0754372332119573 5.057651810268666 0.6052392856588718 -8.868672963952571 -6.719183668462881 -10.22896164442576 -1.175242614739318
29.579158316633265 8.489678521351838 -0.3921502918474573 3.0829204861903925 1.114996674686406 -3.9153403403727083 -2.497664375525588 12.029585097916307 18.688529195811228 32.5771244998404 14.654111727885777 17.16712823436543 6.449195214222622 10.825647780950117 -1.945663598269408 1.024369168455592 17.657528016559485 5.4941728790538695 9.302218622666274 -0.31089433973445324 3.3114091456868167 19.189634725986053 -3.0710919875475717 5.061997055933034 0.6095845313232573 -8.864327718288203 -6.714838422798513 -10.224616398761375 -1.1708973690749325
