web/models/mosfit_kne/mosfit_kn_3.0000/mosfit_kn_0.095333_0.0613_3.0000.dat
# %ECSV 1.0
# ---
# datatype:
# - {name: time, datatype: float64}
# - {name: PS1_g, datatype: float64}
# - {name: PS1_i, datatype: float64}
# - {name: PS1_r, datatype: float64}
# - {name: PS1_w, datatype: float64}
# - {name: PS1_y, datatype: float64}
# - {name: PS1_z, datatype: float64}
# - {name: swift_uvot_B, datatype: float64}
# - {name: swift_uvot_U, datatype: float64}
# - {name: swift_uvot_uvm2, datatype: float64}
# - {name: swift_uvot_uvw1, datatype: float64}
# - {name: swift_uvot_uvw2, datatype: float64}
# - {name: swift_uvot_V, datatype: float64}
# - {name: johnson_B, datatype: float64}
# - {name: johnson_I, datatype: float64}
# - {name: johnson_R, datatype: float64}
# - {name: johnson_U, datatype: float64}
# - {name: johnson_V, datatype: float64}
# - {name: sdss_g, datatype: float64}
# - {name: sdss_i, datatype: float64}
# - {name: sdss_r, datatype: float64}
# - {name: sdss_u, datatype: float64}
# - {name: sdss_z, datatype: float64}
# - {name: ATLAS_c, datatype: float64}
# - {name: ATLAS_o, datatype: float64}
# - {name: ukirt_H, datatype: float64}
# - {name: ukirt_J, datatype: float64}
# - {name: ukirt_K, datatype: float64}
# - {name: Clear, datatype: float64}
# meta: !!omap
# - comment: [kappa = 3.0, type = rprocess, mass = 0.09533330950298248, velocity = 0.061333333333333344, theta_obs = 0.0, tfloor = 1000.0]
# schema: astropy-2.0
time PS1_g PS1_i PS1_r PS1_w PS1_y PS1_z swift_uvot_B swift_uvot_U swift_uvot_uvm2 swift_uvot_uvw1 swift_uvot_uvw2 swift_uvot_V johnson_B johnson_I johnson_R johnson_U johnson_V sdss_g sdss_i sdss_r sdss_u sdss_z ATLAS_c ATLAS_o ukirt_H ukirt_J ukirt_K Clear
[from data line 141]
8.537074148296593 -11.115720550919175 -13.505159356907583 -12.629555097778127 -12.654378210170663 -14.223235048738179 -13.962451538892129 -10.11916521935784 -8.986617562686554 -3.631802492238772 -7.011247053308942 -5.037312305969927 -11.863923597853987 -10.25087380339999 -14.1659838168959 -13.107079126731513 -9.144011236500138 -11.968838120965371 -10.88889818297682 -13.491422748819293 -12.611491545348184 -8.234815016970067 -14.041132830330536 -11.824680173816233 -13.079213704601553 -14.787934097618859 -14.635218418659724 -14.735283344866835 -13.003128543757523
8.597194388777554 -11.093435839619374 -13.495546891372108 -12.614855680293484 -12.641710531335058 -14.218865383191588 -13.95600471999538 -10.092319321700593 -8.949552122769244 -3.5724595689319676 -6.975811451480407 -5.002205165704904 -11.844818749280918 -10.22498252498725 -14.157916388530857 -13.094215459174407 -9.108572471890525 -11.950465290855162 -10.865485019604897 -13.48167050238958 -12.596590460397916 -8.198508660848027 -14.035325937212715 -11.80667772790466 -13.06746027379031 -14.791124112683406 -14.63496785077316 -14.740787958645194 -12.993266379849562
8.657314629258517 -11.071003000648076 -13.485797771952353 -12.600014346940487 -12.628916842819589 -14.214366301868644 -13.949425209237436 -10.065318118167099 -8.912320383326016 -3.5129501569788806 -6.940312010229963 -4.967057106486713 -11.825564424820769 -10.198941166173089 -14.149714835818987 -13.081215960596488 -9.072967978329142 -11.931946693598315 -10.841922495071081 -13.471781427537781 -12.581546267009198 -8.162034074756317 -14.02938813083491 -11.788537816684972 -13.055572950924184 -14.794199196320218 -14.634595540213995 -14.746182749302308 -12.983286849755782
8.71743486973948 -11.048473392222338 -13.475946500171165 -12.58507237433875 -12.616035643381363 -14.209765313923306 -13.942743286920134 -10.038219043537808 -8.87499335894871 -3.4533749172186594 -6.9048169730635145 -4.931935185165187 -11.806207766280352 -10.172805896753733 -14.141411601014806 -13.068119470509664 -9.03726661642833 -11.913328500819736 -10.818263469014422 -13.461790212317268 -12.566400510837639 -8.125461275333485 -14.023348839643912 -11.77030608247339 -13.043589086238079 -14.797176766977437 -14.634123498191725 -14.751482048429681 -12.97322469267339
8.77755511022044 -11.025783120222776 -13.465951223497825 -12.569979066758812 -12.60301977203417 -14.205029681070336 -13.935922602393251 -10.010950262997167 -8.83748141581167 -3.393605589263731 -6.869239474465143 -4.896752486606285 -11.78669040105784 -10.14650657081463 -14.13296752103869 -13.054878515015666 -9.001381586710863 -11.894553633242724 -10.794442083751559 -13.451654761403091 -12.551102140695267 -8.088701946733181 -14.017172831930562 -11.751926096531271 -13.031463129464811 -14.800037241808305 -14.633526153615913 -14.756670307362254 -12.963037632838308
8.837675350701403 -11.002994070038241 -13.455853403205325 -12.55478409429264 -12.589915511408343 -14.200192389734347 -13.928999501682267 -9.983581030922643 -8.799870270218761 -3.3337637551316517 -6.833661712572621 -4.861589888570425 -11.767069114331054 -10.120110897143778 -14.124421559929143 -13.041539798340242 -8.965395995974312 -11.87567769156466 -10.77052204437523 -13.441416762076432 -12.535701155225247 -8.051840600695908 -14.010895418488793 -11.73345280431958 -13.019239980412891 -14.802801367691242 -14.63282982476679 -14.761764526266779 -12.952767387295694
8.897795591182364 -10.980068506451364 -13.44562849229769 -12.539457620642427 -12.57669514069125 -14.195234344437733 -13.921952728086335 -9.956068858180213 -8.76210677416486 -3.273773206730886 -6.798032152419218 -4.826395592966527 -11.747309470765927 -10.093577408605942 -14.115750780750329 -13.028075423585054 -8.92925839410885 -11.856667022446333 -10.746464440520072 -13.431051522204243 -12.520167503563115 -8.014824876897677 -14.004496014512533 -11.714852944074714 -13.006892890029924 -14.80545792298274 -14.632019705594795 -14.766755900496447 -12.942389160618184
8.957915831663327 -10.957031661704857 -13.435293655136089 -12.524020057889302 -12.563377685469952 -14.190169350376252 -13.914797419045293 -9.928441894461255 -8.724225572566304 -3.2136827626483493 -6.762383635552354 -4.791201491734633 -11.727434697035346 -10.066933646133268 -14.106971358748385 -13.014504633103822 -8.893002401362093 -11.837544386110055 -10.722295223559222 -13.420576295792532 -12.504521728307516 -7.977688952221307 -13.997989347864443 -11.696148992861897 -12.994440380016137 -14.808015855077215 -14.631106955051683 -14.771651891688327 -12.931920157097245
9.018036072144287 -10.933881484526946 -13.424847970032214 -12.50847003806781 -12.549961906471072 -14.18499693911155 -13.907532926740274 -9.900697686739381 -8.686223285425836 -3.1534871065571783 -6.726712444184546 -4.756003227860809 -11.707443032031179 -10.040177253413741 -14.098082507775846 -13.000826234409104 -8.856624791124254 -11.818308095136468 -10.698012241730002 -13.409990149208326 -12.488762442726546 -7.940429522058867 -13.991374829080954 -11.677339271754192 -12.981881345643682 -14.810475346464354 -14.630091459433244 -14.776452885129386 -12.92135937006572
9.07815631262525 -10.910591327799821 -13.41427420119473 -12.492786550871973 -12.536428331680689 -14.179703768872738 -13.900144364415787 -9.872806187477991 -8.648062248993984 -3.0931321989996468 -6.69098221925001 -4.720764144848161 -11.687310172191225 -10.013278929416781 -14.089068143941638 -12.987020618711675 -8.820089110991393 -11.79893441618871 -10.673588008712294 -13.399275743092502 -12.472868479991632 -7.903009478908434 -13.984638055074097 -11.658400344245798 -12.969196996664643 -14.812828691255003 -14.628962946629594 -14.781152908002076 -12.910689429269517
9.138276553106213 -10.887195044643363 -13.403595206222487 -12.476996878931317 -12.522802339505414 -14.174308118515633 -13.89265182779555 -9.844805231888618 -8.609789161651378 -3.032683990837202 -6.655237109211196 -4.685527324191291 -11.667067245164919 -9.986275664463665 -14.079949774888629 -12.973113459097345 -8.783440661912671 -11.779453830556166 -10.64905735825267 -13.388456057142033 -12.456867303422392 -7.865474886893118 -13.977798559938606 -11.63936229494194 -12.956412025745063 -14.815087537355357 -14.627736083965848 -14.78576157698681 -12.899933222780646
9.198396793587174 -10.86364599892784 -13.392780476133304 -12.461064038685663 -12.509049653131576 -14.168786167724505 -13.885028841661171 -9.816642346243889 -8.571338505698076 -2.9720489188373227 -6.619414404473538 -4.650230076722547 -11.646671615745962 -9.95911626657929 -14.070698869805913 -12.95907017621656 -8.746615993926643 -11.759824681762828 -10.624372215609519 -13.377500404427973 -12.440721659336216 -7.8277611697835425 -13.97083069928799 -11.620184012293713 -12.943493266153236 -14.817237756496443 -14.626392329504208 -14.790267743294583 -12.889060102451886
9.258517034068136 -10.839998145752858 -13.3818661838934 -12.445031356506053 -12.495210514858712 -14.16316668694833 -13.877307114800974 -9.788377930778893 -8.532785030105483 -2.911332782519252 -6.583584760397514 -4.6149417053253075 -11.626172838510637 -9.931859750385733 -14.061349416833437 -12.944931473936904 -8.70968759314649 -11.740095465463154 -10.59958812229107 -13.366445155176443 -12.424475169562115 -7.789942052991137 -13.963765269558195 -11.600913344436812 -12.930479840788571 -14.819297389377631 -14.624954610339367 -14.794686156739532 -12.878106277887298
9.318637274549097 -10.816196483353995 -13.37081625086471 -12.428855153812712 -12.481244467900012 -14.157421454702046 -13.869455305899638 -9.759950125228595 -8.494051567051368 -2.8504255546303474 -6.547674637762455 -4.579588866111507 -11.60552059384645 -9.904445769677984 -14.051867661858221 -12.930656504983109 -8.672580714327946 -11.720217017507897 -10.574648387943437 -13.355254021747509 -12.408083835956507 -7.751941465222494 -13.956571907376869 -11.58150179155836 -12.91733256396375 -14.821249610801047 -14.623400910957878 -14.799003496729151 -12.867035569253282
9.37875751503006 -10.792283591668852 -13.359659297041677 -12.412569668629967 -12.467183300562805 -14.15157327368556 -13.861498527323324 -9.731406574436445 -8.455197025367998 -2.7894105077817626 -6.511739483825938 -4.544225804436003 -11.584754013831102 -9.876920878248438 -14.042280507810922 -12.916277445365402 -8.635352492730892 -11.700227636542023 -10.549596838258495 -13.343955779162702 -12.391582129644618 -7.713817516772323 -13.949275007622042 -11.56198712838112 -12.904082366880711 -14.823108785382942 -14.621749439106589 -14.80323153958764 -12.855876587825765
9.438877755511022 -10.768246080875983 -13.348386820295772 -12.396164440373632 -12.453017359997567 -14.14561566349919 -13.85342949562311 -9.702732117980261 -8.416202277859313 -2.7282600916585436 -6.475760810255924 -4.508833651600085 -11.563860918629462 -9.849270320009044 -14.032580052588159 -12.901784579491935 -8.59798443232717 -11.680115450875517 -10.524419647207655 -13.332541871649717 -12.37495950587558 -7.675551366907403 -13.941867541747435 -11.542357643941976 -12.890719955289498 -14.824871366670425 -14.619995312079313 -14.807367644210812 -12.844620779171194
9.498997995991983 -10.744068551408308 -13.336988973746049 -12.379627395393022 -12.438735518434001 -14.139541079610378 -13.845239751089373 -9.673909339423698 -8.377045400695327 -2.666942839318856 -6.439717634361841 -4.4733911057753275 -11.54282727583179 -9.821477143440362 -14.022757133009211 -12.887166685711026 -8.560455323945579 -11.65986678202639 -10.499100919323148 -13.321002391250847 -12.358203793873592 -7.6371214122150555 -13.934341341375571 -11.522599857748137 -12.877234588956945 -14.826533157963425 -14.618132808073588 -14.811408647590072 -12.833258275038801
9.559118236472946 -10.71978457182194 -13.325488388585356 -12.36298556948336 -12.424362844886918 -14.133367586348804 -13.836949172389339 -9.644975785059142 -8.337772767739313 -2.60552417266718 -6.403653227861561 -4.4379403499346495 -11.521683965335924 -9.793578030307145 -14.0128330315748 -12.872449174579607 -8.522810155925413 -11.639511850337703 -10.473675199844656 -13.309360090846223 -12.341342214672917 -7.59857340955044 -13.926715720079113 -11.502743553028765 -12.863650698285145 -14.828105587361492 -14.61617637838568 -14.815363940874294 -12.821811635924867
9.619238476953907 -10.695344966986617 -13.313852792982015 -12.346199898502839 -12.409863248173192 -14.1270699464234 -13.828529726021017 -9.615876131858283 -8.298315366727014 -2.5439058939402264 -6.36750244146036 -4.402416487885613 -11.500385964026247 -9.765519045223993 -14.002777560980768 -12.857595546949138 -8.484982075055225 -11.619006689667229 -10.448091803805788 -13.29758251166119 -12.324335410942968 -7.559839308248204 -13.918963527275725 -11.482745411064528 -12.849933272640826 -14.829573649731401 -14.614106356304857 -14.819221671017411 -12.81024863377736
9.67935871743487 -10.670791613792687 -13.302110319390117 -12.32930404890947 -12.395267918071049 -14.120670553731038 -13.820006086223326 -9.586657258197857 -8.258731175909677 -2.4821698765440408 -6.331319352279721 -4.366872377715815 -11.478971774105197 -9.737345970954493 -13.992617157876055 -12.842637417563775 -8.447027317424169 -11.598388966863629 -10.422393835705925 -13.285697938993781 -12.307217283533554 -7.520976312698622 -13.911108725059673 -11.462642545135076 -12.836112696847053 -14.83095139529794 -14.61194059336824 -14.822993325334027 -12.798597302359376
9.739478957915832 -10.646115283159947 -13.29025518617689 -12.312290858587502 -12.380570272787619 -14.114165053221903 -13.811373330566887 -9.557308682345067 -8.219006908138464 -2.4202969545785384 -6.2950911180613645 -4.331294796440538 -11.45743301392421 -9.70904862316003 -13.98234646542446 -12.827568162420182 -8.40893304215217 -11.577650526500188 -10.396571758523976 -13.273700553453143 -12.28998060877677 -7.481971335459097 -13.903146573635894 -11.44242691970426 -12.822182641761248 -14.832236545366527 -14.60967586501919 -14.826677267959505 -12.78685184137558
9.799599198396793 -10.621299367577244 -13.278276704602856 -12.29514726334818 -12.365758292672684 -14.107545216982587 -13.802622251948975 -9.527811639597143 -8.179118990714063 -2.358253437028959 -6.258795404279027 -4.295661177290334 -11.435754522591417 -9.680608743402427 -13.97195552658885 -12.812375636513693 -8.370676436000341 -11.556776592579164 -10.370608435691846 -13.261579601070714 -12.272612216461187 -7.44280113884745 -13.895068179481065 -11.422083989521354 -12.808131477729763 -14.833424459819625 -14.607305896316463 -14.830269967932528 -12.775001589679391
9.859719438877756 -10.596373480754497 -13.266194859320866 -12.27789712800611 -12.350854063449326 -14.10082700054069 -13.793770407884587 -9.4981992559545 -8.139108326432947 -2.2960969432966776 -6.222469997523561 -4.260008280776656 -11.41396356052476 -9.65205868369463 -13.961463135034535 -12.797082260991132 -8.332297185506807 -11.535793836103457 -10.344534341534803 -13.249355173821975 -12.255136137618408 -7.403506091413732 -13.886890599022461 -11.401640013210574 -12.793980758837371 -14.83452522583686 -14.604843448673515 -14.833779709074884 -12.76306640463904
9.919839679358716 -10.57128812750813 -13.253977113761426 -12.260501097535492 -12.335821308332608 -14.09398494135484 -13.784789520994156 -9.468415847086213 -8.098905482797054 -2.2337289180650215 -6.186049980485944 -4.224271563668939 -11.392014768277996 -9.623344185262098 -13.950838853553044 -12.781651288265962 -8.293728018976243 -11.514657981612649 -10.31829846464472 -13.236994547308232 -12.237512715626586 -7.3640177075783875 -13.878586449686647 -11.38105141876741 -12.779695235743329 -14.835523698735301 -14.602268675381607 -14.837194530243368 -12.75101392776893
9.97995991983968 -10.546092830814935 -13.241656660332097 -12.242998941669292 -12.320696779414142 -14.087045401761884 -13.77570867024943 -9.438516896927489 -8.058579148429743 -2.171246300264989 -6.149598890624315 -4.188513190401334 -11.369953684434392 -9.594519398713754 -13.940113853061018 -12.766120018383155 -8.255035558453258 -11.493413553117902 -10.291951787964368 -13.224531095698637 -12.21978200546749 -7.324403771168715 -13.870183956226452 -11.360362028049416 -12.76531074426451 -14.83643628471675 -14.599602520027888 -14.840527773980943 -12.738877127385031
10.040080160320642 -10.520770729846625 -13.229222615257417 -12.225377377120825 -12.305468262984096 -14.079999985710181 -13.766518469258227 -9.408483363236126 -8.01810542403036 -2.1086149999420583 -6.1130941622172585 -4.152710407309662 -11.347764904495047 -9.565565798116346 -13.929277989953707 -12.7504761015737 -8.216196670825983 -11.472045538496028 -10.265476916225396 -13.21195386930686 -12.201930615667997 -7.284640718592765 -13.861674050331683 -11.33955706973154 -12.750815455569633 -14.83725821866615 -14.596838562894854 -14.843775798281731 -12.726645168413242
10.100200400801603 -10.495305710165752 -13.21666457955276 -12.207623709774342 -12.290124109487657 -14.072840676568958 -13.757209952254126 -9.378297040509118 -7.977461455221224 -2.0458024619426523 -6.076514351943683 -4.116841591875765 -11.325433699300326 -9.536465680862442 -13.91832157497187 -12.734707745774589 -8.177189233462158 -11.450539590306848 -10.238857223583508 -13.199252406079438 -12.183945746708833 -7.244706012339499 -13.853048072785192 -11.318622439097563 -12.736198076343932 -14.83798496813916 -14.59397068346952 -14.846935149861372 -12.71430772964207
