web/models/mosfit_kne/mosfit_kn_3.0000/mosfit_kn_0.406447_0.0770_3.0000.dat
# %ECSV 1.0
# ---
# datatype:
# - {name: time, datatype: float64}
# - {name: PS1_g, datatype: float64}
# - {name: PS1_i, datatype: float64}
# - {name: PS1_r, datatype: float64}
# - {name: PS1_w, datatype: float64}
# - {name: PS1_y, datatype: float64}
# - {name: PS1_z, datatype: float64}
# - {name: swift_uvot_B, datatype: float64}
# - {name: swift_uvot_U, datatype: float64}
# - {name: swift_uvot_uvm2, datatype: float64}
# - {name: swift_uvot_uvw1, datatype: float64}
# - {name: swift_uvot_uvw2, datatype: float64}
# - {name: swift_uvot_V, datatype: float64}
# - {name: johnson_B, datatype: float64}
# - {name: johnson_I, datatype: float64}
# - {name: johnson_R, datatype: float64}
# - {name: johnson_U, datatype: float64}
# - {name: johnson_V, datatype: float64}
# - {name: sdss_g, datatype: float64}
# - {name: sdss_i, datatype: float64}
# - {name: sdss_r, datatype: float64}
# - {name: sdss_u, datatype: float64}
# - {name: sdss_z, datatype: float64}
# - {name: ATLAS_c, datatype: float64}
# - {name: ATLAS_o, datatype: float64}
# - {name: ukirt_H, datatype: float64}
# - {name: ukirt_J, datatype: float64}
# - {name: ukirt_K, datatype: float64}
# - {name: Clear, datatype: float64}
# meta: !!omap
# - comment: [kappa = 3.0, type = rprocess, mass = 0.4064473885499596, velocity = 0.07700000000000001, theta_obs = 0.0, tfloor = 1000.0]
# schema: astropy-2.0
time PS1_g PS1_i PS1_r PS1_w PS1_y PS1_z swift_uvot_B swift_uvot_U swift_uvot_uvm2 swift_uvot_uvw1 swift_uvot_uvw2 swift_uvot_V johnson_B johnson_I johnson_R johnson_U johnson_V sdss_g sdss_i sdss_r sdss_u sdss_z ATLAS_c ATLAS_o ukirt_H ukirt_J ukirt_K Clear
[from data line 198]
11.963927855711422 -8.45013194866139 -12.13950166296323 -10.73985794447383 -11.035561168648993 -13.405790218690736 -12.92578493684422 -6.9713569851208055 -4.779560601908823 2.7493698737440804 -3.389915413089088 -1.4807297484016888 -9.5043827958036 -7.224736535807924 -12.964186649797231 -11.429896387924227 -5.100686370187805 -9.70113821480865 -8.106546044342071 -12.111270005708672 -10.695920895603557 -4.093811084290575 -13.076386864571763 -9.630674193415256 -11.518606076751379 -14.780555860414527 -14.258152082839446 -14.979739464719637 -11.700219906119305
12.024048096192384 -8.41739323440546 -12.121170879212713 -10.715705723172722 -11.015005391849328 -13.393627858573627 -12.911134408771492 -6.933130950860128 -4.72945653982606 2.8222120192828877 -3.3498545387070773 -1.441138741161406 -9.474829273929181 -7.18813676619661 -12.947727597091962 -11.40838555166922 -5.052379041593149 -9.67280196682786 -8.07250339069956 -12.092777828955814 -10.671424486951278 -4.044326533600078 -13.062605160292371 -9.603490942087234 -11.498391795217877 -14.777706459547325 -14.251044072616386 -14.979827907845758 -11.683447493910144
12.084168336673347 -8.386104661475482 -12.103790233341716 -10.692705604688442 -10.995487118785352 -13.382203028731627 -12.897306745903911 -6.896542957474195 -4.681399683199796 2.8921873781007053 -3.311544891548745 -1.4032710478472263 -9.44661149647387 -7.153124495738318 -12.93215478533882 -11.38794131493156 -5.006056548614943 -9.645763557042029 -8.039955967592043 -12.075241396740868 -10.648090968975872 -3.9968657962574916 -13.049617679427445 -9.577571065106358 -11.479198653584746 -14.775277230440246 -14.244501251085103 -14.98023725087142 -11.667586498120208
12.144288577154308 -8.356643802669161 -12.087613177427503 -10.671161204073165 -10.977277624101873 -13.37171584452392 -12.88452363273315 -6.862018185167066 -4.635917924562669 2.958576010492739 -3.2754206733460296 -1.367558233916014 -9.420080102052754 -7.120110143506388 -12.917705404510517 -11.368843756070419 -4.9622313173835515 -9.620362588791716 -8.009292602921665 -12.058915551349667 -10.626227070847847 -3.95195168226234 -13.03763842973055 -9.553243483768536 -11.46129560408541 -14.773387285657812 -14.23867978702411 -14.981060944471983 -11.652874919778196
12.20440881763527 -8.322493452724515 -12.068273952413513 -10.645837467552646 -10.955682890503304 -13.358722205382705 -12.868969028362152 -6.822219049116064 -4.583898788330121 3.0338734621864534 -3.233889441236037 -1.3264732831471302 -9.38919198596648 -7.082001321987391 -12.900293608821507 -11.346254711682892 -4.912059174445755 -9.590739465415064 -7.973801319538705 -12.03941043706477 -10.600545883273256 -3.9005634855877602 -13.02298171034968 -9.524822930101386 -11.440037881168035 -14.769985459245834 -14.230891517923999 -14.980687568463987 -11.635185746091441
12.264529058116231 -8.290513485758595 -12.050368164370617 -10.6222448923757 -10.935644132028841 -13.34684773712846 -12.854659989842858 -6.7848687909654 -4.534933402506578 3.104927250238842 -3.1949428229252237 -1.2879385277290853 -9.360307994587764 -7.046263364524709 -12.884220432635349 -11.325267137485106 -4.864848898056142 -9.56306201964807 -7.940546976399165 -12.021347021738542 -10.576612453207375 -3.852195735251396 -13.009527441730206 -9.498293808188105 -11.420314852731366 -14.767231472404664 -14.223966533546227 -14.980814078753378 -11.618863543900702
12.324649298597194 -8.260441958882154 -12.033720947345081 -10.60017343995785 -10.916971747274093 -13.335954666469156 -12.841443834694157 -6.749672625525839 -4.4886555713942755 3.1722447449218345 -3.158268541846709 -1.251645936550648 -9.333185921867237 -7.012610583422884 -12.869322189334984 -11.30568619648206 -4.82024515925665 -9.53709486677736 -7.909259770900778 -12.004549463635765 -10.554214806302085 -3.8064862221052564 -12.997128005344312 -9.473426988990958 -11.401939566061916 -14.765043095516571 -14.217797219577742 -14.981375661972878 -11.603740921670589
12.384769539078157 -8.228536463405103 -12.015824773143837 -10.576616621197186 -10.896971797063113 -13.324064758552456 -12.827128643109926 -6.712416767209631 -4.4398321436651855 3.2429946542442396 -3.1195160522781857 -1.2132800918833762 -9.304354714028442 -6.9769711272581105 -12.853252226228104 -11.284734460279246 -4.773168813900536 -9.509473167602883 -7.876085468537397 -11.986496405493892 -10.530316456720872 -3.758254099472502 -12.983666600392976 -9.446958771404184 -11.38224548571829 -14.762242754785074 -14.210839837048395 -14.981447679250637 -11.58745042547256
12.444889779559118 -8.194835154821778 -11.996705007264552 -10.551604971840476 -10.87567273193601 -13.31119805509653 -12.811736554723243 -6.673143967234082 -4.388516051881837 3.3171001619168523 -3.078734774075755 -1.1728885150598276 -9.273849266557416 -6.939387001242977 -12.836034367712276 -11.262440855463762 -4.723671215337834 -9.48023125784532 -7.8410633656651285 -11.967213357829785 -10.504948111827375 -3.70755154971663 -12.969164774607602 -9.418923048271797 -11.361260303365484 -14.75884286036029 -14.203110277526532 -14.98104022952784 -11.570017733534321
12.50501002004008 -8.161128493114838 -11.977561651541127 -10.526577081618687 -10.854363339902804 -13.29830142022093 -12.79631664155648 -6.6338701618178595 -4.337210719834523 3.3911330820038517 -3.0380040333302634 -1.1325339529234344 -9.243330413838954 -6.901806120577344 -12.818791660986452 -11.240134289894261 -4.674182164802147 -9.450979077920428 -7.806037398240502 -11.947906935628101 -10.479562737315735 -3.6568570577053094 -12.954635642846846 -9.390881188467901 -11.34025989026858 -14.755407239437105 -14.195347548164372 -14.980596110666918 -11.552575361896285
12.565130260521041 -8.126838712182671 -11.958007546760818 -10.50106877963831 -10.83262822042835 -13.28506946281868 -12.780530476540086 -6.593944695273254 -4.28510796651695 3.466198460735332 -2.996654367165998 -1.0915515902650195 -9.212262063602907 -6.863600089189429 -12.801161837641974 -11.217386321788034 -4.623917266233086 -9.421197195156806 -7.770412531974138 -11.928187846345928 -10.45369146563159 -3.6053704222780603 -12.939752463597536 -9.36232963912543 -11.318832869690869 -14.751754388643722 -14.187313485284674 -14.979973003605467 -11.534758590316816
12.625250501002004 -8.09648527958224 -11.941072981235337 -10.478712089024782 -10.813716816357761 -13.273893378219466 -12.767027507253363 -6.558456887919713 -4.23852812028505 3.5336591701292237 -2.959912920481837 -1.0551329058691503 -9.184838606218364 -6.829683729981632 -12.785980587900394 -11.197549251137684 -4.579011117150539 -9.394949451553705 -7.738843177473349 -11.911103050800236 -10.431003145012276 -3.5593499418198604 -12.927073241834108 -9.337207218001389 -11.300198105632937 -14.74930672153151 -14.18087360859081 -14.980286805165795 -11.519420229948132
12.685370741482965 -8.060532019461544 -11.92036444398104 -10.451843656656195 -10.790773129324958 -13.2597283393938 -12.750217907775081 -6.516667987290915 -4.184134527264067 3.611740304291293 -2.916749358199979 -1.0123224066079604 -9.152209865077047 -6.789686651695121 -12.767265077895182 -11.173550167076407 -4.526519055933964 -9.363661271734196 -7.701508386419036 -11.890223855898956 -10.403756693194364 -3.5055898812881914 -12.911201157141079 -9.307203135082354 -11.277564209447455 -14.745063859923913 -14.172092446630414 -14.979183996983386 -11.500541344662363
12.745490981963927 -8.024952953594102 -11.899887236781108 -10.425264286194409 -10.768092847040052 -13.245734849443416 -12.733603529138211 -6.475305206039944 -4.130281608465047 3.689022524728018 -2.8740762351309885 -0.9699846932587195 -9.11991985108899 -6.750105774376149 -12.748763417405204 -11.149820490030635 -4.474549967495609 -9.33270437268847 -7.664560567312595 -11.869577605407695 -10.376801520299548 -3.4523625356745313 -12.895517273487673 -9.27752417739093 -11.255186158599173 -14.74090593976658 -14.163435749980769 -14.978139669817024 -11.481893611064322
12.80561122244489 -7.998770091115457 -11.885692701359112 -10.406225671107201 -10.752157285340775 -13.236688373337469 -12.722475726410885 -6.44452910315148 -4.089587914117452 3.748289393884307 -2.842296030516191 -0.9384605399927923 -9.096344896714214 -6.7207490737147815 -12.736137978655446 -11.133049181347278 -4.435351809263246 -9.310191316704424 -7.637291027127784 -11.855248889341468 -10.357463643524927 -3.4121640192835834 -12.885129378853755 -9.256029720011885 -11.239487254348557 -14.739671739750403 -14.158628163933871 -14.979379229348167 -11.469163337164119
12.86573146292585 -7.964230554970282 -11.865874890958583 -10.380459321750717 -10.730210932163047 -13.223193704344549 -12.706424234379394 -6.404346701617732 -4.037223595570207 3.823430450262994 -2.800923855060748 -0.897390389765039 -9.065004212962748 -6.6823156035587985 -12.71824804855082 -11.11007331228792 -4.384824139268055 -9.280159049851713 -7.601416903154323 -11.835266318630335 -10.331328665284154 -3.360406074239517 -12.86998801446213 -9.227253252590693 -11.217827609671307 -14.735775995335963 -14.150341736922732 -14.97852379550414 -11.45115807137083
12.925851703406813 -7.929675817609372 -11.846027994983306 -10.354669519493278 -10.70824784427888 -13.20966540358457 -12.69034048871207 -6.364151856362873 -3.9848549469572347 3.8985199392847365 -2.7595875276573874 -0.8563420947152731 -9.033641284212088 -6.6438745332648566 -12.700328336507429 -11.087078206517972 -4.334290553419368 -9.25010815334218 -7.565528681784688 -11.815254834046414 -10.305169335299666 -3.3086413625665223 -12.854815208558641 -9.198462378009733 -11.196146704618588 -14.731843488842987 -14.14201990317485 -14.9776314949705 -11.43313781594781
12.985971943887774 -7.899578986838289 -11.829153233446057 -10.332452222656663 -10.689479443328054 -13.198472137192745 -12.676849049135619 -6.328982501190189 -3.9387386934586566 3.9650323837365216 -2.723431848233257 -0.8204336129136034 -9.006410406126133 -6.610287328220682 -12.68518703128261 -11.067379135203634 -4.289824121210312 -9.224060909397432 -7.534232943600578 -11.798232125008248 -10.282618778196966 -3.2630664590588765 -12.84214411242326 -9.173552440884993 -11.177628390810135 -14.729281682885752 -14.135509814500276 -14.97780512215625 -11.417918590957417
13.046092184368737 -7.865451102780661 -11.809555792575583 -10.306983614265253 -10.667810512496416 -13.185119693970293 -12.660970067250865 -6.289277786453243 -3.887000695990377 4.039152683756339 -2.682686294495262 -0.7799468559034604 -8.97542834872522 -6.572327372837016 -12.667495618607411 -11.044684329095233 -4.239899359088952 -9.194384139574899 -7.4987873745337374 -11.778472113185678 -10.256782774382138 -3.2119216714795584 -12.827168207978605 -9.145130464803675 -11.156230417971482 -14.725420270958157 -14.127306860741749 -14.976952374348096 -11.400155095832591
13.1062124248497 -7.830720101261619 -11.789535297452414 -10.281019235169726 -10.645702970261866 -13.171422956480345 -12.644714471181437 -6.248898342316337 -3.834435492665662 4.1143431854454855 -2.6412986251617983 -0.738807425088662 -8.943878201409873 -6.5337207622430284 -12.649405877737252 -11.021534945111739 -4.189170040920295 -9.164160291017323 -7.462722210167598 -11.758287050826617 -10.23044521393448 -3.1599552216001214 -12.81182854306536 -9.11618218712455 -11.134393103088698 -14.721337964658133 -14.118826497049673 -14.97591872246394 -11.382006760870684
13.16633266533066 -7.799229371488536 -11.771671157945782 -10.25764921663555 -10.625914592597319 -13.159417840084444 -12.630338138409893 -6.2121731314785675 -3.786419391664193 4.183286581498959 -2.603679934494085 -0.7014062856255019 -8.915330413158877 -6.498643549598867 -12.63333121901039 -11.000778629942094 -4.142854723192102 -9.1368454217692 -7.429995490674877 -11.740270486989868 -10.206728405990564 -3.112492147053114 -12.798302146104401 -9.090053549640338 -11.114851413146365 -14.71824402200022 -14.111656138833515 -14.975651217683284 -11.365890672823618
13.226452905811623 -7.769370650018423 -11.754884745247356 -10.23558092615298 -10.607290330744643 -13.14825321897052 -12.616897942038463 -6.177290842332584 -3.740702759079575 4.249051289588103 -2.567976732557717 -0.665900548072361 -8.888291739485378 -6.4653474594499585 -12.618262390422494 -10.981223267153812 -4.098769856388007 -9.11099344892184 -7.398950937033852 -11.723337866032022 -10.184326434802564 -3.0673046033944296 -12.785678663614135 -9.06534372071464 -11.09646056108959 -14.715632741120018 -14.105132082449854 -14.975753580350782 -11.350793657895455
13.286573146292584 -7.736132691382949 -11.735812743739817 -10.210785208130648 -10.586235650949316 -13.135274533996704 -12.601452411141896 -6.13860683136859 -3.690274972338017 4.321173435224137 -2.5284428077806704 -0.626568149565244 -8.858106249592065 -6.428388139112297 -12.601052653527038 -10.959156841187589 -4.0501105428185475 -9.082098293382346 -7.36442780861152 -11.704107442547755 -10.159168018775357 -3.017448588289575 -12.77111966782142 -9.037690824369129 -11.07565527161432 -14.71192808453338 -14.097184913438825 -14.974991988272189 -11.333566095164347
13.346693386773547 -7.699432367705299 -11.714398803252042 -10.183194911252222 -10.562692577377 -13.120437232715592 -12.583952117835722 -6.096027153579754 -3.6350191506162766 4.399803299003719 -2.4849918486912865 -0.583320079566366 -8.82469574550732 -6.387676315633243 -12.581649415755091 -10.934518860003372 -3.996763303159032 -9.050085263989319 -7.3263405184227 -11.682522572093959 -10.131185054344538 -2.9628079315195777 -12.754577772055864 -9.00702358047793 -11.05237722183217 -14.707104241557328 -14.08778023708807 -14.9733467645167 -11.314158390439761
13.40681362725451 -7.666754308828843 -11.695667475353915 -10.15882856858152 -10.542028037891882 -13.10770742979999 -12.568791766070753 -6.057982687402631 -3.5854062514798457 4.470708994131429 -2.4461935802581176 -0.5446936842109404 -8.79501551855575 -6.351342125507834 -12.564753614013508 -10.912852585562078 -3.9488919477398565 -9.021684650528526 -7.292396909283632 -11.663635314662724 -10.10645929660308 -2.9137546436941264 -12.740293406806114 -8.979855540151007 -11.031950818164873 -14.703515677979532 -14.080009800250275 -14.972660759999792 -11.297271821796446
13.46693386773547 -7.631713751781213 -11.675332624485115 -10.132552120110727 -10.519664360064791 -13.093701976356495 -12.552222534926347 -6.017281321542277 -3.532503608207538 4.546029215698739 -2.4047394755029745 -0.5034070919966314 -8.763132148587236 -6.312450427112836 -12.546355245014091 -10.88942984772424 -3.8978258651385222 -8.99115529903243 -7.256021795210774 -11.64313607068765 -10.079802677304013 -2.8614403832606783 -12.724649466804738 -8.950630675893212 -11.009834495411823 -14.699154402195337 -14.071236519431627 -14.971362574463852 -11.278896874187652
13.527054108216433 -7.597036596855382 -11.655224436372382 -10.10655766042401 -10.49755586278076 -13.079865608063681 -12.535845261937641 -5.976993616423477 -3.4801247417884973 4.620582788848801 -2.363748223817623 -0.46256788043239494 -8.731579007466419 -6.2739619578759545 -12.528166610001207 -10.866269355659927 -3.847266739489996 -8.960948418778292 -7.220022356463058 -11.622865041076231 -10.053430372601238 -2.809642740888094 -12.709190535909318 -8.92172100219172 -10.987967311622828 -14.694878046800778 -14.062586613731936 -14.970123421138373 -11.260745228243216
