web/models/mosfit_kne/mosfit_kn_3.0000/mosfit_kn_0.006452_0.1867_3.0000.dat
# %ECSV 1.0
# ---
# datatype:
# - {name: time, datatype: float64}
# - {name: PS1_g, datatype: float64}
# - {name: PS1_i, datatype: float64}
# - {name: PS1_r, datatype: float64}
# - {name: PS1_w, datatype: float64}
# - {name: PS1_y, datatype: float64}
# - {name: PS1_z, datatype: float64}
# - {name: swift_uvot_B, datatype: float64}
# - {name: swift_uvot_U, datatype: float64}
# - {name: swift_uvot_uvm2, datatype: float64}
# - {name: swift_uvot_uvw1, datatype: float64}
# - {name: swift_uvot_uvw2, datatype: float64}
# - {name: swift_uvot_V, datatype: float64}
# - {name: johnson_B, datatype: float64}
# - {name: johnson_I, datatype: float64}
# - {name: johnson_R, datatype: float64}
# - {name: johnson_U, datatype: float64}
# - {name: johnson_V, datatype: float64}
# - {name: sdss_g, datatype: float64}
# - {name: sdss_i, datatype: float64}
# - {name: sdss_r, datatype: float64}
# - {name: sdss_u, datatype: float64}
# - {name: sdss_z, datatype: float64}
# - {name: ATLAS_c, datatype: float64}
# - {name: ATLAS_o, datatype: float64}
# - {name: ukirt_H, datatype: float64}
# - {name: ukirt_J, datatype: float64}
# - {name: ukirt_K, datatype: float64}
# - {name: Clear, datatype: float64}
# meta: !!omap
# - comment: [kappa = 3.0, type = rprocess, mass = 0.006451950121499907, velocity = 0.1866666666666667, theta_obs = 0.0, tfloor = 1000.0]
# schema: astropy-2.0
time PS1_g PS1_i PS1_r PS1_w PS1_y PS1_z swift_uvot_B swift_uvot_U swift_uvot_uvm2 swift_uvot_uvw1 swift_uvot_uvw2 swift_uvot_V johnson_B johnson_I johnson_R johnson_U johnson_V sdss_g sdss_i sdss_r sdss_u sdss_z ATLAS_c ATLAS_o ukirt_H ukirt_J ukirt_K Clear
[from data line 232]
14.008016032064127 9.5612758134002 0.6794470002009234 4.154517778238773 2.1865939667347867 -2.8437430483243276 -1.4260670834772071 13.101182389964688 19.76012648785961 33.64872179188878 15.725709019934158 18.23872552641381 7.520792506270985 11.897245072998498 -0.8740663062210272 2.0959664605039725 18.729125308607866 6.56577017110225 10.373815914714655 0.7607029523139097 4.383006437735197 20.261232018034434 -1.9994946954992088 6.133594347981415 1.6811818233716203 -7.792730426239824 -5.643241130750132 -9.153019106713012 -0.09930007702656951
14.06813627254509 9.570914572137461 0.6890857589381838 4.164156536976034 2.196232725472047 -2.834104289587085 -1.4164283247399467 13.110821148701948 19.76976524659686 33.65836055062604 15.735347778671418 18.24836428515107 7.530431265008246 11.906883831735758 -0.8644275474837668 2.105605219241233 18.73876406734511 6.575408929839511 10.383454673451915 0.7703417110511701 4.392645196472458 20.270870776771687 -1.9898559367619484 6.143233106718675 1.6908205821088806 -7.783091667502563 -5.63360237201289 -9.143380347975752 -0.08966131828930912
14.128256513026052 9.580517036548368 0.6986882233490732 4.173759001386923 2.2058351898829365 -2.8245018251761778 -1.4068258603290573 13.120423613112838 19.779367711007758 33.66796301503694 15.744950243082325 18.25796674956196 7.540033729419153 11.916486296146648 -0.8548250830728774 2.1152076836521223 18.748366531756016 6.5850113942504 10.393057137862804 0.7799441754620773 4.402247660883365 20.280473241182584 -1.9802534723510412 6.152835571129565 1.7004230465197878 -7.773489203091674 -5.623999907601982 -9.133777883564845 -0.08005885387840195
14.188376753507013 9.590083656340216 0.7082548431409386 4.183325621178788 2.215401809674802 -2.8149352053843124 -1.397259240537192 13.129990232904703 19.788934330799623 33.677529634828794 15.754516862874173 18.267533369353824 7.549600349211018 11.926052915938513 -0.8452584632810121 2.1247743034439877 18.75793315154788 6.594578014042265 10.40262375765467 0.7895107952539249 4.4118142806752125 20.29003986097445 -1.9706868525591936 6.16240219092143 1.7099896663116354 -7.7639225832998084 -5.614433287810117 -9.124211263772997 -0.0704922340865366
14.248496993987976 9.599614873084121 0.717786059884844 4.192856837922694 2.2249330264187073 -2.805403988640407 -1.3877280237932865 13.139521449648608 19.79846554754353 33.6870608515727 15.764048079618078 18.27706458609773 7.559131565954924 11.935584132682418 -0.8357272465371066 2.134305520187893 18.767464368291787 6.604109230786171 10.412154974398575 0.7990420119978303 4.421345497419118 20.299571077718355 -1.9611556358152704 6.171933407665335 1.7195208830555408 -7.754391366555903 -5.604902071066212 -9.114680047029074 -0.06096101734263115
14.308617234468937 9.609111122292564 0.7272823090932867 4.202353087131119 2.2344292756271322 -2.795907739431982 -1.3782317745848438 13.149017698857051 19.80796179675196 33.696557100781135 15.773544328826521 18.286560835306172 7.568627815163349 11.945080381890843 -0.8262309973286639 2.143801769396318 18.77696061750021 6.613605479994596 10.421651223607 0.808538261206273 4.430841746627561 20.309067326926787 -1.9516593866068455 6.18142965687376 1.7290171322639836 -7.744895117347478 -5.595405821857787 -9.105183797820649 -0.051464768134206196
14.3687374749499 9.618572844363769 0.7367440311644913 4.211814809202341 2.2438909976983545 -2.7864460173607597 -1.3687700525136393 13.158479420928256 19.817423518823176 33.70601882285235 15.783006050897725 18.296022557377377 7.578089537234571 11.954542103962066 -0.8167692752574593 2.1532634914675404 18.786422339571434 6.623067202065818 10.431112945678223 0.8179999832774776 4.440303468698765 20.318529048998002 -1.942197664535641 6.190891378944983 1.7384788543351881 -7.735433395276256 -5.585944099786564 -9.095722075749444 -0.042003046062983884
14.428857715430862 9.628000484853274 0.7461716716539968 4.221242449691829 2.25331863818786 -2.777018376871272 -1.3593424120241338 13.167907061417761 19.826851159312675 33.715446463341856 15.792433691387231 18.305450197866882 7.587517177724059 11.963969744451571 -0.8073416347679538 2.162691131957046 18.795849980060922 6.632494842555306 10.440540586167728 0.8274276237669831 4.449731109188271 20.3279566894875 -1.9327700240461354 6.200319019434488 1.7479064948246936 -7.726005754786768 -5.576516459297077 -9.086294435259939 -0.03257540557349614
14.488977955911823 9.637394472708678 0.7555656595094007 4.2306364375472505 2.262712626043264 -2.7676243890158503 -1.3499484241687298 13.177301049273165 19.836245147168086 33.72484045119726 15.801827679242635 18.314844185722286 7.59691116557948 11.973363732306975 -0.7979476469125499 2.17208511981245 18.805243967916343 6.6418888304107275 10.449934574023132 0.836821611622387 4.459125097043675 20.33735067734291 -1.9233760361907315 6.209713007289892 1.7573004826800975 -7.716611766931346 -5.567122471441655 -9.076900447404535 -0.02318141771807447
14.549098196392785 9.646755228071893 0.7649264148726154 4.239997192910465 2.2720733814064786 -2.7582636336526356 -1.3405876688055152 13.18666180463638 19.8456059025313 33.73420120656047 15.81118843460585 18.3242049410855 7.606271920942677 11.98272448767019 -0.7885868915493353 2.1814458751756645 18.814604723279558 6.651249585773942 10.459295329386347 0.8461823669856017 4.468485852406889 20.346711432706126 -1.9140152808275168 6.219073762653107 1.7666612380433122 -7.707251011568132 -5.55776171607844 -9.06753969204132 -0.013820662354877555
14.609218436873746 9.656083164449054 0.7742543512497768 4.249325129287609 2.2814013177836223 -2.748935697275492 -1.3312597324283537 13.195989741013541 19.85493383890845 33.743529142937625 15.820516370983011 18.333532877462662 7.615599857319839 11.992052424047351 -0.7792589551721738 2.190773811552808 18.823932659656702 6.660577522151086 10.46862326576349 0.8555103033627631 4.477813788784051 20.356039369083277 -1.9046873444503554 6.22840169903025 1.7759891744204737 -7.697923075190988 -5.548433779701297 -9.058211755664159 -0.0044927259777161055
14.669338677354709 9.665378718483648 0.7835499052843709 4.258620683322203 2.2906968718182164 -2.739640143240898 -1.3219641783937597 13.205285295048135 19.864229392943045 33.75282469697222 15.829811925017605 18.342828431497257 7.624895411354433 12.001347978081945 -0.7699634011375798 2.200069365587402 18.833228213691296 6.66987307618568 10.477918819798084 0.8648058573973572 4.487109342818645 20.36533492311787 -1.8953917904157613 6.2376972530648445 1.7852847284550677 -7.688627521156394 -5.5391382256667026 -9.048916201629565 0.004802828056877928
14.729458917835672 9.674642307256907 0.7928134940576115 4.267884272095461 2.2999604605914747 -2.7303765544676395 -1.312700589620519 13.214548883821376 19.873492981716296 33.76208828574548 15.839075513790863 18.352092020270515 7.634159000127691 12.010611566855186 -0.7606998123643214 2.2093329543606606 18.842491802464554 6.679136664958938 10.487182408571343 0.8740694461706155 4.496372931591903 20.374598511891122 -1.886128201642503 6.246960841838103 1.794548317228326 -7.6793639323831355 -5.529874636893444 -9.039652612856306 0.014066416830136319
14.789579158316633 9.683874334060505 0.8020455208612276 4.277116298899077 2.309192487395091 -2.721144527664041 -1.303468562816903 13.223780910624992 19.882725008519913 33.771320312549086 15.848307540594462 18.361324047074113 7.6433910269312895 12.019843593658802 -0.751467785560723 2.2185649811642767 18.851723829268153 6.688368691762554 10.496414435374959 0.8833014729742139 4.505604958395502 20.38383053869474 -1.8768961748389046 6.256192868641719 1.8037803440319244 -7.670131905579519 -5.520642610089828 -9.030420586052708 0.023298443633734678
14.849699398797595 9.693075202079537 0.8112463888802601 4.28631716691811 2.3183933554141234 -2.711943659644991 -1.2942676947978704 13.232981778644024 19.891925876538945 33.780521180568115 15.857508408613494 18.370524915093146 7.65259189495034 12.029044461677834 -0.7422669175416905 2.227765849183309 18.860924697287203 6.697569559781587 10.505615303393991 0.8925023409932464 4.514805826414534 20.39303140671377 -1.867695306819872 6.2653937366607515 1.812981212050957 -7.660931037560487 -5.5114417420707955 -9.021219718033676 0.032499311652767204
14.909819639278556 9.702245309072843 0.820416495873566 4.295487273911398 2.3275634624074115 -2.7027735526517027 -1.2850975878045645 13.24215188563733 19.901095983532244 33.78969128756142 15.8666785156068 18.37969502208645 7.661762001943628 12.03821456867114 -0.7330968105483846 2.2369359561765974 18.87009480428049 6.706739666774875 10.51478541038728 0.9016724479865523 4.52397593340784 20.40220151370707 -1.8585251998265662 6.27456384365404 1.8221513190442629 -7.651760930567199 -5.502271635077507 -9.01204961104037 0.0416694186460731
14.969939879759519 9.711385992678405 0.8295571794791279 4.30462795751696 2.336704146012991 -2.693632869046141 -1.2759569041990027 13.251292569242892 19.910236667137802 33.79883197116698 15.875819199212362 18.388835705692014 7.67090268554919 12.047355252276702 -0.7239561269428227 2.246076639782177 18.879235487886053 6.715880350380437 10.52392609399286 0.9108131315921142 4.533116617013402 20.411342197312628 -1.8493845162210043 6.283704527259619 1.8312920026498247 -7.642620246961637 -5.4931309514719455 -9.002908927434808 0.05081010225163496
15.03006012024048 9.720495501482329 0.8386666882830518 4.313737466320884 2.345813654816915 -2.684523360242217 -1.2668473953950787 13.260402078046816 19.919346175941726 33.80794147997091 15.884928708016286 18.397945214495937 7.680012194353114 12.056464761080626 -0.7148466181388988 2.255186148586101 18.888344996689977 6.724989859184361 10.533035602796783 0.9199226403960381 4.542226125817326 20.420451706116552 -1.8402750074170804 6.292814036063543 1.8404015114537486 -7.633510738157713 -5.484021442668022 -8.993799418630884 0.059919611055558875
15.090180360721442 9.729575539456103 0.8477467262568261 4.322817504294658 2.3548936927906716 -2.6754433222684426 -1.2577673574213044 13.26948211602059 19.9284262139155 33.817021517944674 15.89400874599006 18.40702525246971 7.689092232326888 12.065544799054383 -0.7057665801651245 2.2642661865598575 18.89742503466375 6.734069897158135 10.54211564077054 0.9290026783698124 4.5513061637911 20.429531744090326 -1.831194969443306 6.3018940740373 1.849481549427523 -7.624430700183939 -5.474941404694247 -8.98471938065711 0.0689996490293332
15.150300601202405 9.738626457591906 0.8567976443926106 4.33186842243046 2.363944610926474 -2.6663924041326403 -1.24871643928552 13.278533034156375 19.937477132051296 33.826072436080466 15.903059664125845 18.416076170605496 7.69814315046269 12.074595717190185 -0.69671566202934 2.2733171046956597 18.906475952799553 6.7431208152939375 10.551166558906342 0.9380535965056147 4.560357081926885 20.43858266222612 -1.8221440513075038 6.310944992173102 1.8585324675633252 -7.615379782048136 -5.465890486558445 -8.975668462521307 0.07805056716513548
15.210420841683366 9.747648622681684 0.8658198094824066 4.340890587520239 2.372966776016252 -2.657370239042862 -1.239694274195724 13.287555199246171 19.94649929714108 33.835094601170255 15.91208182921564 18.425098335695292 7.707165315552468 12.083617882279981 -0.6876934969395441 2.282339269785438 18.91549811788933 6.752142980383716 10.56018872399612 0.9470757615953929 4.5693792470166805 20.447604827315907 -1.8131218862177256 6.31996715726288 1.8675546326531034 -7.606357616958358 -5.456868321468667 -8.966646297431529 0.08707273225491363
15.270541082164328 9.756642402629794 0.8748135894304987 4.3498843674683485 2.381960555964362 -2.6483764590947523 -1.2307004942476318 13.296548979194263 19.955493077089184 33.844088381118354 15.921075609163733 18.434092115643384 7.716159095500578 12.092611662228073 -0.6786997169914519 2.291333049733548 18.92449189783744 6.7611367603318255 10.56918250394423 0.9560695415435028 4.578373026964773 20.45659860726401 -1.8041281062696157 6.32896093721099 1.8765484126012133 -7.597363837010248 -5.447874541520557 -8.95765251748342 0.09606651220302354
15.33066132264529 9.765608168110873 0.883779354911578 4.358850132949428 2.3909263214454413 -2.639410693613673 -1.2217347287665525 13.305514744675342 19.964458842570263 33.85305414659943 15.930041374644812 18.443057881124464 7.725124860981658 12.101577427709152 -0.6697339515103726 2.300298815214627 18.93345766331852 6.770102525812905 10.57814826942531 0.9650353070245821 4.587338792445852 20.46556437274509 -1.7951623407885364 6.337926702692069 1.8855141780822926 -7.588398071529169 -5.438908776039478 -8.94868675200234 0.10503227768410284
15.390781563126252 9.774546275250522 0.8927174620512446 4.367788240089077 2.39986442858509 -2.630472586474024 -1.212796621626886 13.314452851815009 19.973396949709922 33.861992253739096 15.938979481784479 18.45199598826413 7.7340629681213064 12.110515534848801 -0.660795844370706 2.309236922354276 18.94239577045817 6.779040632952554 10.587086376564958 0.9739734141642309 4.5962768995855185 20.474502479884748 -1.7862242336488876 6.346864809831718 1.8944522852219414 -7.57945996438952 -5.429970668899829 -8.939748644862691 0.11397038482375166
15.450901803607215 9.78345708017148 0.9016282669722031 4.376699045010035 2.4087752335060486 -2.6215617815530656 -1.2038858167059274 13.323363656735967 19.98230775463088 33.870903058660055 15.947890286705437 18.46090679318509 7.742973773042265 12.119426339769777 -0.6518850394497475 2.3181477272752344 18.951306575379128 6.787951437873512 10.595997181485917 0.9828842190851894 4.605187704506477 20.483413284805707 -1.777313428727929 6.355775614752677 1.9033630901429 -7.570549159468562 -5.42105986397887 -8.930837839941733 0.12288118974471018
15.511022044088175 9.792340950908649 0.9105121377093717 4.3855829157472215 2.417659104243235 -2.6126779108158793 -1.1950019459687589 13.332247527473136 19.991191625368057 33.87978692939723 15.956774157442606 18.469790663922264 7.751857643779451 12.128310210506946 -0.643001168712579 2.3270315980124208 18.960190446116314 6.7968353086106985 10.604881052223103 0.9917680898223757 4.614071575243646 20.492297155542882 -1.7684295579907428 6.364659485489863 1.9122469608800685 -7.561665288731375 -5.412175993241684 -8.921953969204546 0.1317650604818965
15.571142284569138 9.801198251985674 0.9193694387863971 4.394440216824247 2.4265164053202604 -2.6038206097388716 -1.1861446448917334 13.341104828550161 20.000048926445075 33.888644230474256 15.965631458519631 18.478647964999283 7.760714944856459 12.137167511583971 -0.6341438676355535 2.335888899089446 18.969047747193322 6.805692609687724 10.613738353300128 1.0006253908993834 4.622928876320671 20.501154456619908 -1.759572256913735 6.3735167865668885 1.921104261957094 -7.55280798765435 -5.4033186921646585 -8.913096668127539 0.14062236155890417
15.631262525050099 9.810029333835608 0.9282005206363309 4.403271298674163 2.4353474871701764 -2.594989527888938 -1.1773135630417997 13.349935910400095 20.00888000829501 33.89747531232418 15.974462540369565 18.487479046849217 7.769546026706393 12.145998593433905 -0.6253127857856198 2.34471998093938 18.977878829043256 6.81452369153764 10.622569435150044 1.0094564727493172 4.631759958170605 20.509985538469834 -1.7507411750638013 6.3823478684168045 1.9299353438070277 -7.543976905804434 -5.3944876103147426 -8.904265586277605 0.14945344340883793
15.691382765531062 9.818834542644765 0.9370057294454881 4.412076507483338 2.4441526959793514 -2.586184319079763 -1.1685083542326424 13.358741119209252 20.017685217104173 33.90628052113335 15.983267749178722 18.496284255658374 7.778351235515568 12.154803802243062 -0.6165075769764625 2.353525189748537 18.98668403785243 6.823328900346815 10.63137464395922 1.0182616815584744 4.640565166979762 20.518790747279 -1.741935966254644 6.3911530772259795 1.938740552616185 -7.535171696995259 -5.3856824015055675 -8.895460377468448 0.15825865221801294
