web/models/mosfit_kne/mosfit_kn_3.0000/mosfit_kn_0.330399_0.0613_3.0000.dat
# %ECSV 1.0
# ---
# datatype:
# - {name: time, datatype: float64}
# - {name: PS1_g, datatype: float64}
# - {name: PS1_i, datatype: float64}
# - {name: PS1_r, datatype: float64}
# - {name: PS1_w, datatype: float64}
# - {name: PS1_y, datatype: float64}
# - {name: PS1_z, datatype: float64}
# - {name: swift_uvot_B, datatype: float64}
# - {name: swift_uvot_U, datatype: float64}
# - {name: swift_uvot_uvm2, datatype: float64}
# - {name: swift_uvot_uvw1, datatype: float64}
# - {name: swift_uvot_uvw2, datatype: float64}
# - {name: swift_uvot_V, datatype: float64}
# - {name: johnson_B, datatype: float64}
# - {name: johnson_I, datatype: float64}
# - {name: johnson_R, datatype: float64}
# - {name: johnson_U, datatype: float64}
# - {name: johnson_V, datatype: float64}
# - {name: sdss_g, datatype: float64}
# - {name: sdss_i, datatype: float64}
# - {name: sdss_r, datatype: float64}
# - {name: sdss_u, datatype: float64}
# - {name: sdss_z, datatype: float64}
# - {name: ATLAS_c, datatype: float64}
# - {name: ATLAS_o, datatype: float64}
# - {name: ukirt_H, datatype: float64}
# - {name: ukirt_J, datatype: float64}
# - {name: ukirt_K, datatype: float64}
# - {name: Clear, datatype: float64}
# meta: !!omap
# - comment: [kappa = 3.0, type = rprocess, mass = 0.33039895931513485, velocity = 0.061333333333333344, theta_obs = 0.0, tfloor = 1000.0]
# schema: astropy-2.0
time PS1_g PS1_i PS1_r PS1_w PS1_y PS1_z swift_uvot_B swift_uvot_U swift_uvot_uvm2 swift_uvot_uvw1 swift_uvot_uvw2 swift_uvot_V johnson_B johnson_I johnson_R johnson_U johnson_V sdss_g sdss_i sdss_r sdss_u sdss_z ATLAS_c ATLAS_o ukirt_H ukirt_J ukirt_K Clear
[from data line 141]
8.537074148296593 -10.82133428556153 -13.310120093071163 -12.394618343956818 -12.435742905479437 -14.069363754724886 -13.79225893633599 -9.788939249668413 -8.576225740009917 -3.0472975301921705 -6.616307834513506 -4.645516161626503 -11.594353982935488 -9.928248946961919 -13.983087327012147 -12.886652964504439 -8.746348436087345 -11.705089169051258 -10.585659499381226 -13.295286385087781 -12.374946740271824 -7.830304650027333 -13.87598918755419 -11.564046573193298 -12.86751588010386 -14.69353164397251 -14.513744482470264 -14.659107060676726 -12.806649896123758
8.597194388777554 -10.794983149790376 -13.29779077545755 -12.376654837722523 -12.420148206643855 -14.0628568121633 -13.783441673245758 -9.757514808535952 -8.53347776481625 -2.980074631100094 -6.576227311666365 -4.605974876877731 -11.571484816269681 -9.89791904953384 -13.972477351343759 -12.870759510447797 -8.705392783055725 -11.683056707629865 -10.558057894034683 -13.282801998592166 -12.35675128602118 -7.788374075239997 -13.867890463729431 -11.542492463642322 -12.852858686348618 -14.69545519895085 -14.511829220428359 -14.663617802248632 -12.79421201420881
8.657314629258517 -10.772789028741396 -13.288178277823235 -12.361986226034247 -12.407619196504136 -14.05847112430365 -13.776981566663853 -9.730765356648991 -8.496565899138435 -2.9212227110200066 -6.541809360044084 -4.572058559876936 -11.552410717307026 -9.872156318797462 -13.964408749907655 -12.857952997931516 -8.670088285219741 -11.664736589471419 -10.534741522270323 -13.273050314024797 -12.341873500383098 -7.752193013571738 -13.86207634359062 -11.524609593173043 -12.841162329910905 -14.698641806536262 -14.51156756787089 -14.669128947101465 -12.784521739956798
8.71743486973948 -10.736464580229956 -13.269158627774171 -12.336011441646253 -12.384608886130266 -14.046644208211774 -13.762299349361147 -9.688170703901424 -8.439990826515427 -2.8345037762785656 -6.488818507560747 -4.5197839204736425 -11.5203709151045 -9.830925924315611 -13.947514349064065 -12.834546569961002 -8.615722673927905 -11.633738791059594 -10.496873190785934 -13.253839156885405 -12.315609396339458 -7.696619029988057 -13.84828454797466 -11.494225530468487 -12.819284140451224 -14.697241691261254 -14.50541896647328 -14.670930758187806 -12.765425308039884
8.77755511022044 -10.713071360095832 -13.258674427021404 -12.32033815568128 -12.371163282632551 -14.041528455379613 -13.755051996747678 -9.66009644053462 -8.401485173812606 -2.773536020534862 -6.453101989328083 -4.484620613857263 -11.500168958694907 -9.80387474784543 -13.938616870648676 -12.820794679523228 -8.5788642528535 -11.614317908165821 -10.472328012949674 -13.243212044539359 -12.299719061605217 -7.6588571204377764 -13.84170288726187 -11.475271746753748 -12.806673268226678 -14.69991300675202 -14.504543700731832 -14.675994218378834 -12.754906489786908
8.837675350701403 -10.68744480271178 -13.246671851214149 -12.302858459834187 -12.356049622478906 -14.035194248633704 -13.746466654059208 -9.629526254433156 -8.35990372234308 -2.708271243745009 -6.414570296324076 -4.4466895023305 -11.47790579833994 -9.774389305979131 -13.928290126496627 -12.80534786040197 -8.539020367491378 -11.592882572925907 -10.445485462911002 -13.231058595199379 -12.28200916326955 -7.61805779208526 -13.833821455118755 -11.45433792583944 -12.792431558584454 -14.701805354830984 -14.502689065565553 -14.680414503338762 -12.742888277471263
8.897795591182364 -10.664862422516084 -13.236651422636232 -12.28778729547182 -12.343173612346998 -14.030402664224724 -13.739598078594728 -9.602382596938128 -8.32260520267294 -2.6491564001967154 -6.380179746104062 -4.412867291318591 -11.458420441034242 -9.748250385354588 -13.919816008717191 -12.792155720914888 -8.503323158822884 -11.574163692637887 -10.42178166769153 -13.22089901209928 -12.266724711074666 -7.5814778785928105 -13.827603146456404 -11.436089206997124 -12.78035138950731 -14.704606472754428 -14.502031685894464 -14.685549497329403 -12.732872364811065
8.957915831663327 -10.630437550110514 -13.21873883102949 -12.263234849607976 -12.32152630570761 -14.019366610626296 -13.725829946041994 -9.561957679962163 -8.268829168146823 -2.5667339496760304 -6.330365139879071 -4.363820003877489 -11.428060412184966 -9.709152817020929 -13.903937615199872 -12.770079943036816 -8.451650833985617 -11.544815827978566 -10.385882421751305 -13.202803445931597 -12.24189040199315 -7.528642727112853 -13.814691561402679 -11.407370598423121 -12.759738412082235 -14.703561577798606 -14.496435472906624 -14.687576773266871 -12.714993209033452
9.018036072144287 -10.604648898401337 -13.206518532826124 -12.245557807014986 -12.306253093095272 -14.012799712593438 -13.717016423009856 -9.531234992043018 -8.227133230669672 -2.50152481349508 -6.2920416405447455 -4.326143394178054 -11.40560672965271 -9.67952649542973 -13.893390218547498 -12.754443759422653 -8.411682566797111 -11.523197818667084 -10.35888199575357 -13.19043274458675 -12.223980471194995 -7.487716793005603 -13.806583398795773 -11.38627916966838 -12.745305191642018 -14.70521367861927 -14.49434326745729 -14.691757018330128 -12.702823652325854
9.07815631262525 -10.579009847816483 -13.194361827525487 -12.227978339201293 -12.291077003588118 -14.006263107065404 -13.708245976367035 -9.500689866209584 -8.18568219544602 -2.4367328454673247 -6.254045650204922 -4.28880406680204 -11.383276906759036 -9.650075858636619 -13.88289703494727 -12.738897360299603 -8.371947390867682 -11.501701921550962 -10.332038618118489 -13.17812654503415 -12.206168450208335 -7.447028094594614 -13.798515203691153 -11.365314973036256 -12.730954973215987 -14.706852096501436 -14.492257174090975 -14.69591085369421 -12.690738055396693
9.138276553106213 -10.556574885542105 -13.184296230055228 -12.212937107973811 -12.278253648047794 -14.001355872261207 -13.701288035423076 -9.473750931799191 -8.148735687920805 -2.378392618186445 -6.220359490950607 -4.255731937686246 -11.363873968717268 -9.624145516421944 -13.8743587043055 -12.725725885698715 -8.336574352537564 -11.483067185766183 -10.30849854240488 -13.167923755750301 -12.190912863008059 -7.410778560500102 -13.792202737376673 -11.347175427321421 -12.718881659861943 -14.709452120879277 -14.4914367096616 -14.700821530567614 -12.680755754927056
9.198396793587174 -10.525312174464538 -13.168337354779354 -12.190821508787781 -12.258899079455858 -13.991782015927363 -13.689175296100657 -9.436911913663632 -8.099512321567062 -2.3027272191397357 -6.175288929191911 -4.211435608659841 -11.336357276519824 -9.588560274504768 -13.860290833396196 -12.705929614648259 -8.289296767621696 -11.45650507865719 -10.275868273621871 -13.15179509153003 -12.168530730342528 -7.36241430951555 -13.78089018557235 -11.32123571770645 -12.700445019014381 -14.709175872823558 -14.48692397137856 -14.703407918267251 -12.66492374381679
9.258517034068136 -10.495717913397229 -13.153450714203547 -12.170017297545463 -12.240765947110717 -13.983034644274941 -13.677986218643614 -9.401954615842698 -8.052650415588118 -2.230481696773004 -6.132541070865702 -4.169446126200803 -11.310357572938756 -9.554814075772725 -13.847222994788623 -12.687360634041724 -8.244303838062052 -11.431427090555191 -10.244959451784705 -13.136745225294426 -12.14746898959529 -7.316374723411627 -13.770471771030408 -11.2967659701925 -12.683183664841202 -14.70937358641686 -14.483045537730932 -14.706360704528388 -12.650183717915127
9.318637274549097 -10.469885935705445 -13.141027217149919 -12.152198343502274 -12.225397092599426 -13.976210670907339 -13.668934745764538 -9.371229941134544 -8.011070327405712 -2.1657843558336536 -6.094815852277371 -4.132423794424888 -11.287797939594377 -9.525198799278044 -13.836458893086167 -12.671584826508202 -8.204426795398263 -11.40971145298632 -10.21792879045206 -13.124172877260616 -12.129414075891987 -7.275541492156599 -13.762124296696499 -11.275613421097184 -12.668600787698274 -14.710712812344063 -14.480664667972912 -14.71021501808998 -12.637914871485698
9.37875751503006 -10.44433148948304 -13.128754463769141 -12.1345806035092 -12.210220276249864 -13.969486866409202 -13.660003128075875 -9.340825891597532 -7.969911285946569 -2.1017494597443536 -6.057572454967897 -4.095886818757858 -11.265480486472772 -9.495898627170781 -13.82583101604575 -12.655995958331562 -8.164953914651083 -11.388233497048448 -10.191186770584881 -13.111752640412426 -12.111561500148031 -7.235119600071034 -13.75389134591213 -11.254701252226695 -12.654194314672846 -14.712082732506012 -14.478345925967487 -14.714079407157373 -12.625814947838911
9.438877755511022 -10.421224970628824 -13.118074135590945 -12.118899084045545 -12.196835000287205 -13.964000190771984 -13.65244961546841 -9.313179294481 -7.932200432716794 -2.0426568290000118 -6.023611984820771 -4.06259591619904 -11.245398497037169 -9.469289289068609 -13.816690667217976 -12.642217180065682 -8.128819918139751 -11.368940074211247 -10.166968970474333 -13.100934293002808 -12.09565927374383 -7.19809604147585 -13.74699269201093 -11.235944369169353 -12.641522429481729 -14.714175369063366 -14.476984136703946 -14.718508681828835 -12.615313938698076
9.498997995991983 -10.384921898842201 -13.09859748087483 -12.092649533002877 -12.173714036388734 -13.951559554095159 -13.637208366297546 -9.27072408821629 -7.876114001486201 -1.957648944649633 -5.972736849939064 -4.012639910372279 -11.213184881159972 -9.428245565367884 -13.799300929870395 -12.618551175843333 -8.074867667631278 -11.33779911556333 -10.129160792765735 -13.081270691435112 -12.069109325161698 -7.142936642895581 -13.732640033666836 -11.20554097541536 -12.619356272476274 -14.71200856108435 -14.470134509714894 -14.719510305025485 -12.596107122543128
9.559118236472946 -10.365582533248077 -13.09035410475035 -12.079939389858207 -12.163079041146094 -13.94795802834551 -13.631758825468125 -9.247325023675643 -7.843724002930017 -1.9062070862917606 -5.943866350400651 -3.9843828590929173 -11.196538440292116 -9.405781649552058 -13.792434762756837 -12.607549153996935 -8.043884375232164 -11.321863085786264 -10.108828707672828 -13.072904002040229 -12.056200121648573 -7.111155685354973 -13.72777762281883 -11.190098234386312 -12.609343920289753 -14.715188644980032 -14.470223335036694 -14.724782516980708 -12.588058619089253
9.619238476953907 -10.329795786978142 -13.07115414126379 -12.054061636004718 -12.14032104686975 -13.935699892447193 -13.616736451194349 -9.205465605940113 -7.788421585587901 -1.8224549020638952 -5.893946908355421 -3.9353904967232753 -11.164771554313806 -9.365326609704002 -13.775295012540713 -12.584231354373447 -7.990683809467384 -11.291162697050348 -10.07155771247481 -13.053519655895762 -12.03002337152304 -7.056760327982428 -13.713634634575058 -11.160145421038816 -12.587506410016989 -14.7130777688924 -14.463486748905597 -14.725803099215964 -12.56917492502831
9.67935871743487 -10.310793289069284 -13.06307185820419 -12.041582476599118 -12.12990738281544 -13.932189826434556 -13.611405363865856 -9.182462410776903 -7.7565660050719565 -1.7718884338640555 -5.865714414963836 -3.9077745031588793 -11.14841192319708 -9.34325225466511 -13.768570087118903 -12.573441897800823 -7.960211404891677 -11.27550819090965 -10.051577844486737 -13.045315949917207 -12.017346426042561 -7.025499737703207 -13.70888363124795 -11.144989726531183 -12.577692097488207 -14.716254725126717 -14.463615184504304 -14.731044352197918 -12.56131712410939
9.739478957915832 -10.28156072656774 -13.048162195217934 -12.020905383565719 -12.111953202386694 -13.923279373724249 -13.600105111629954 -9.147979385036884 -7.710469889459155 -1.701274788062224 -5.824464727962386 -3.867340233014683 -11.122641312254562 -9.309992604273244 -13.755441901462905 -12.554986206372948 -7.915928724484306 -11.250666007820536 -10.021063143459124 -13.030246992349817 -11.996408791239919 -6.980181385841906 -13.698345567430028 -11.12080972323719 -12.560516068515089 -14.716122587491004 -14.45948091014136 -14.73362290822262 -12.546721369622098
9.799599198396793 -10.254198401111587 -13.034463973846346 -12.001704480474196 -12.095364511278888 -13.915306852346525 -13.58985128415755 -9.11560475605815 -7.667013833304974 -1.6344539018314768 -5.785731239416041 -3.829391318258256 -11.098577041001853 -9.278790495816821 -13.743444454705564 -12.537910033239214 -7.87420192998405 -11.227491263340815 -9.99247741565613 -13.016396764936413 -11.976958139216034 -6.937464558286788 -13.688820302266684 -11.098275059589255 -12.544661390160439 -14.716532669292125 -14.45606902847542 -14.736622348885556 -12.53334313008704
9.859719438877756 -10.227903098216835 -13.021444191716576 -11.983338015548739 -12.079549498255773 -13.90785219576511 -13.580178870222657 -9.084436577978298 -7.625077022008142 -1.5698401445220105 -5.748474538743231 -3.7929025773902967 -11.075481654559802 -9.248766565445074 -13.732078234485503 -12.52161303000958 -7.833944500435621 -11.205263669727595 -9.964993280959646 -13.003229264310026 -11.95834791444673 -6.896243383515834 -13.679857070589865 -11.076677120790475 -12.529551776108967 -14.717229726460893 -14.453049174051332 -14.73983824819168 -12.520653322952473
9.919839679358716 -10.193427834936468 -13.002957118374567 -11.958411111407745 -12.057712996579912 -13.896070330566612 -13.565724352950745 -9.04408867762885 -7.571756987046054 -1.4892401702646145 -5.700910006353439 -3.7462696727218723 -11.044854497017795 -9.20980336836298 -13.715584111086756 -12.499185208916199 -7.782646100923582 -11.175686295706678 -9.929085976616765 -12.984564243001628 -11.933125985725255 -6.8437818708370735 -13.666258399264901 -11.047868181834701 -12.5085547762637 -14.715275024328186 -14.44661332506447 -14.740921148056428 -12.50258850666695
9.97995991983968 -10.176070047531471 -12.995818017061893 -11.947155705528463 -12.048442809193372 -13.89321845628114 -13.561163297794732 -9.022975140801528 -7.5423506737235435 -1.442415794418344 -5.675249851597037 -3.721208454911927 -11.029952950606685 -9.18957865830038 -13.709719642378133 -12.489530938546444 -7.754531384777554 -11.161458384552885 -9.910812750762314 -12.977311382651742 -11.921681185073556 -6.8149223677377435 -13.662245352249869 -11.03413717096469 -12.499815450589793 -14.718709639911346 -14.447181163894827 -14.746299538017647 -12.49573344988157
10.040080160320642 -10.143485639021694 -12.978527537017417 -11.923703998853252 -12.027976824769802 -13.882346913888508 -13.547732263711136 -8.984766281890597 -7.491727731491533 -1.3657496318093747 -5.630331254640382 -3.6771908143016705 -11.001040005961908 -9.152705629226826 -13.694338105940346 -12.468481243032336 -7.705840796493632 -11.13355755199599 -9.876858001078581 -12.959850607310912 -11.89794480537941 -6.765115053683584 -13.649635963423457 -11.006988383035985 -12.480135757889208 -14.717254915981176 -14.441431929465496 -14.74775736278209 -12.478888627565947
10.100200400801603 -10.121716527666074 -12.968398202826386 -11.908885128416813 -12.0154419120421 -13.877104770178335 -13.540541024746258 -8.958713869765724 -7.456225219698656 -1.3104470935498318 -5.599247959564018 -3.646796484008948 -10.982061375060336 -9.12767434866311 -13.685662615111688 -12.45549502218821 -7.671808365306038 -11.115352355175519 -9.854045770844007 -12.949591637460216 -11.882908304280928 -6.7302310839118995 -13.64307123020474 -10.989362225097299 -12.46819270884389 -14.719186096496554 -14.440091549857053 -14.751907905103463 -12.469114903413843
