web/models/mosfit_kne/mosfit_kn_3.0000/mosfit_kn_0.001000_0.3747_3.0000.dat
# %ECSV 1.0
# ---
# datatype:
# - {name: time, datatype: float64}
# - {name: PS1_g, datatype: float64}
# - {name: PS1_i, datatype: float64}
# - {name: PS1_r, datatype: float64}
# - {name: PS1_w, datatype: float64}
# - {name: PS1_y, datatype: float64}
# - {name: PS1_z, datatype: float64}
# - {name: swift_uvot_B, datatype: float64}
# - {name: swift_uvot_U, datatype: float64}
# - {name: swift_uvot_uvm2, datatype: float64}
# - {name: swift_uvot_uvw1, datatype: float64}
# - {name: swift_uvot_uvw2, datatype: float64}
# - {name: swift_uvot_V, datatype: float64}
# - {name: johnson_B, datatype: float64}
# - {name: johnson_I, datatype: float64}
# - {name: johnson_R, datatype: float64}
# - {name: johnson_U, datatype: float64}
# - {name: johnson_V, datatype: float64}
# - {name: sdss_g, datatype: float64}
# - {name: sdss_i, datatype: float64}
# - {name: sdss_r, datatype: float64}
# - {name: sdss_u, datatype: float64}
# - {name: sdss_z, datatype: float64}
# - {name: ATLAS_c, datatype: float64}
# - {name: ATLAS_o, datatype: float64}
# - {name: ukirt_H, datatype: float64}
# - {name: ukirt_J, datatype: float64}
# - {name: ukirt_K, datatype: float64}
# - {name: Clear, datatype: float64}
# meta: !!omap
# - comment: [kappa = 3.0, type = rprocess, mass = 0.001, velocity = 0.3746666666666667, theta_obs = 0.0, tfloor = 1000.0]
# schema: astropy-2.0
time PS1_g PS1_i PS1_r PS1_w PS1_y PS1_z swift_uvot_B swift_uvot_U swift_uvot_uvm2 swift_uvot_uvw1 swift_uvot_uvw2 swift_uvot_V johnson_B johnson_I johnson_R johnson_U johnson_V sdss_g sdss_i sdss_r sdss_u sdss_z ATLAS_c ATLAS_o ukirt_H ukirt_J ukirt_K Clear
[from data line 445]
26.81362725450902 19.1489295971577 10.267100783958423 13.742171561996255 11.774247750492268 6.743910735433154 8.161586700280292 22.68883617372218 29.347780271617097 43.23637557564627 25.313362803691657 27.82637931017131 17.108446290028485 21.484898856755986 8.713587477536471 11.683620244261473 28.316779092365348 16.153423954859733 19.961469698472136 10.348356736071409 13.970660221492697 29.848885801791923 7.5881590882582906 15.721248131738896 11.26883560712912 1.7949233575176586 3.944412653007349 0.43463467704448755 9.48835370673093
26.873747494989978 19.160139090393393 10.278310277194098 13.753381055231948 11.785457243727961 6.755120228668847 8.172796193515968 22.70004566695787 29.358989764852794 43.24758506888197 25.32457229692734 27.83758880340699 17.11965578326418 21.496108349991683 8.724796970772164 11.694829737497148 28.32798858560104 16.164633448095426 19.97267919170783 10.359566229307102 13.98186971472839 29.86009529502762 7.599368581493984 15.73245762497459 11.280045100364813 1.8061328507533518 3.955622146243042 0.44584417028018075 9.499563199966623
26.93386773547094 19.171324556777698 10.289495743578403 13.764566521616253 11.796642710112266 6.766305695053152 8.183981659900272 22.711231133342174 29.370175231237088 43.25877053526627 25.335757763311644 27.848774269791296 17.130841249648483 21.507293816375988 8.73598243715647 11.706015203881453 28.339174051985346 16.17581891447973 19.983864658092134 10.370751695691407 13.993055181112695 29.871280761411914 7.6105540478782885 15.743643091358894 11.291230566749118 1.8173183171376566 3.966807612627347 0.4570296366644855 9.510748666350928
26.993987975951903 19.18248610534146 10.300657292142184 13.775728070180033 11.807804258676047 6.777467243616915 8.195143208464053 22.722392681905948 29.38133677980087 43.26993208383004 25.346919311875418 27.85993581835507 17.142002798212246 21.518455364939758 8.747143985720232 11.717176752445233 28.350335600549116 16.18698046304351 19.995026206655915 10.38191324425517 14.004216729676457 29.882442309975694 7.621715596442051 15.754804639922675 11.30239211531288 1.8284798657014372 3.9779691611911274 0.4681911852282483 9.52191021491469
27.054108216432866 19.193623828413067 10.311795015213772 13.786865793251621 11.818941981747635 6.788604966688521 8.206280931535641 22.733530404977543 29.392474502872457 43.281069806901634 25.358057034947013 27.871073541426664 17.153140521283852 21.529593088011357 8.75828170879182 11.728314475516822 28.361473323620714 16.1981181861151 20.006163929727503 10.393050967326776 14.015354452748063 29.893580033047282 7.632853319513657 15.765942362994263 11.313529838384486 1.8396175887730253 3.9891068842627155 0.4793289082998542 9.533047937986296
27.11422845691383 19.204737834932946 10.322909021733668 13.797979799771518 11.830055988267532 6.799718973208417 8.217394938055538 22.74464441149744 29.403588509392353 43.292183813421524 25.36917104146691 27.88218754794656 17.16425452780375 21.540707094531243 8.769395715311717 11.739428482036718 28.372587330140604 16.209232192634996 20.0172779362474 10.404164973846672 14.026468459267942 29.90469403956718 7.643967326033554 15.77705636951416 11.324643844904365 1.850731595292922 4.000220890782612 0.4904429148197509 9.544161944506193
27.174348697394787 19.21582821761227 10.333999404412992 13.809070182450824 11.841146370946856 6.810809355887724 8.228485320734862 22.755734794176757 29.41467889207167 43.30327419610085 25.380261424146227 27.893277930625878 17.175344910483055 21.551797477210567 8.78048609799104 11.750518864716042 28.383677712819924 16.220322575314302 20.028368318926724 10.415255356525979 14.037558841947266 29.915784422246496 7.65505770871286 15.788146752193484 11.33573422758369 1.8618219779722283 4.011311273461918 0.5015332974990572 9.5552523271855
27.23446893787575 19.22689507646904 10.345066263269764 13.820137041307614 11.852213229803628 6.821876214744513 8.239552179591634 22.76680165303353 29.42574575092845 43.31434105495762 25.39132828300301 27.90434478948265 17.186411769339845 21.56286433606734 8.791552956847813 11.761585723572814 28.394744571676696 16.231389434171092 20.039435177783496 10.42632221538275 14.048625700804038 29.926851281103275 7.666124567569632 15.799213611050256 11.346801086440461 1.872888836829018 4.022378132318708 0.5126001563558291 9.56631918604229
27.294589178356713 19.23793850814885 10.356109694949573 13.831180472987405 11.863256661483437 6.832919646424305 8.250595611271443 22.777845084713338 29.43678918260825 43.325384486637425 25.402371714682808 27.91538822116246 17.197455201019636 21.57390776774714 8.802596388527622 11.772629155252623 28.405788003356506 16.242432865850883 20.050478609463287 10.43736564706256 14.059669132483847 29.937894712783077 7.677167999249441 15.810257042730065 11.35784451812027 1.8839322685088093 4.033421563998499 0.5236435880356383 9.57736261772208
27.354709418837675 19.24895861365501 10.367129800455714 13.842200578493564 11.874276766989578 6.8439397519304634 8.261615716777584 22.78886519021949 29.447809288114406 43.33640459214358 25.41339182018896 27.92640832666861 17.208475306525795 21.584927873253296 8.81361649403378 11.783649260758764 28.416808108862657 16.253452971357042 20.061498714969446 10.448385752568718 14.070689237990006 29.948914818289232 7.6881881047556 15.821277148236206 11.368864623626429 1.894952374014968 4.044441669504658 0.534663693541797 9.58838272322824
27.414829659318634 19.25995549004627 10.378126676846993 13.853197454884825 11.885273643380856 6.854936628321724 8.272612593168862 22.799862066610757 29.458806164505667 43.34740146853485 25.424388696580227 27.93740520305988 17.219472182917055 21.595924749644567 8.824613370425041 11.794646137150043 28.42780498525393 16.264449847748303 20.072495591360724 10.459382628959979 14.081686114381267 29.959911694680493 7.6991849811468605 15.832274024627484 11.37986150001769 1.9059492504062285 4.055438545895918 0.5456605699330574 9.5993795996195
27.474949899799597 19.270929229266454 10.389100416067176 13.864171194105026 11.89624738260104 6.865910367541925 8.283586332389046 22.81083580583094 29.46977990372586 43.35837520775503 25.435362435800418 27.94837894228007 17.230445922137257 21.60689848886475 8.835587109645225 11.805619876370226 28.438778724474112 16.275423586968504 20.083469330580908 10.470356368180163 14.09265985360145 29.970885433900687 7.710158720367044 15.843247763847668 11.390835239237873 1.91692298962643 4.06641228511612 0.5566343091532411 9.610353338839701
27.53507014028056 19.281879927618295 10.400051114419018 13.875121892456868 11.907198080952881 6.876861065893767 8.294537030740887 22.821786504182782 29.480730602077703 43.36932590610687 25.446313134152252 27.959329640631903 17.2413966204891 21.617849187216592 8.846537807997066 11.816570574722068 28.449729422825953 16.286374285320345 20.09442002893275 10.481307066532004 14.103610551953292 29.98183613225253 7.721109418718886 15.85419846219951 11.401785937589715 1.9278736879782714 4.077362983467961 0.5675850075050826 9.621304037191525
27.595190380761522 19.292807691720775 10.410978878521497 13.88604965655933 11.91812584505536 6.887788829996229 8.305464794843367 22.83271426828526 29.491658366180175 43.380253670209356 25.45724089825473 27.970257404734383 17.25232438459156 21.62877695131907 8.857465572099546 11.827498338824547 28.46065718692843 16.297302049422807 20.10534779303523 10.492234830634484 14.114538316055771 29.992763896355 7.732037182821365 15.865126226301989 11.412713701692194 1.9388014520807333 4.088290747570423 0.5785127716075622 9.632231801294004
27.655310621242485 19.30371260567947 10.421883792480191 13.896954570518023 11.929030759014037 6.898693743954922 8.31636970880206 22.843619182243955 29.502563280138865 43.39115858416804 25.468145812213425 27.981162318693077 17.263229298550254 21.639681865277755 8.86837048605824 11.838403252783241 28.471562100887116 16.3082069633815 20.116252706993905 10.503139744593177 14.125443230014465 30.00366881031369 7.742942096780059 15.876031140260665 11.423618615650888 1.949706366039427 4.099195661529117 0.5894176855662558 9.643136715252698
27.715430861723444 19.314594760477153 10.432765947277858 13.907836725315708 11.939912913811721 6.909575898752607 8.327251863599745 22.854501337041633 29.51344543493655 43.402040738965724 25.479027967011103 27.992044473490754 17.27411145334794 21.65056402007544 8.879252640855924 11.849285407580908 28.4824442556848 16.319089118179186 20.12713486179159 10.514021899390862 14.13632538481215 30.014550965111376 7.753824251577743 15.88691329505835 11.434500770448572 1.9605885208371114 4.110077816326801 0.6002998403639404 9.654018870050383
27.775551102204407 19.325454253198533 10.443625439999256 13.918696218037088 11.950772406533119 6.920435391473987 8.338111356321125 22.86536082976302 29.52430492765793 43.41290023168711 25.48988745973249 28.00290396621214 17.28497094606932 21.66142351279683 8.890112133577304 11.860144900302306 28.49330374840619 16.329948610900583 20.137994354512987 10.524881392112242 14.14718487753353 30.025410457832756 7.7646837442991234 15.897772787779747 11.445360263169952 1.9714480135585093 4.120937309048181 0.6111593330853204 9.664878362771763
27.83567134268537 19.336291181709466 10.454462368510189 13.929533146548021 11.961609335044052 6.93127231998492 8.348948284832058 22.876197758273953 29.535141856168863 43.42373716019804 25.500724388243423 28.013740894723075 17.29580787458025 21.672260441307753 8.900949062088237 11.870981828813239 28.504140676917125 16.3407855394115 20.14883128302392 10.535718320623175 14.158021806044463 30.03624738634369 7.775520672810057 15.90860971629068 11.456197191680886 1.9822849420694248 4.131774237559115 0.6219962615962538 9.675715291282696
27.895791583166332 19.347105634438773 10.465276821239495 13.940347599277345 11.972423787773359 6.942086772714244 8.359762737561365 22.88701221100326 29.54595630889818 43.43455161292735 25.511538840972737 28.02455534745238 17.306622327309576 21.68307489403707 8.911763514817544 11.881796281542545 28.51495512964643 16.351599992140823 20.159645735753227 10.546532773352482 14.16883625877377 30.047061839073006 7.786335125539363 15.919424169019987 11.467011644410192 1.993099394798749 4.142588690288439 0.6328107143255601 9.686529744012002
27.955911823647295 19.35789770368192 10.476068890482644 13.951139668520494 11.983215857016507 6.952878841957393 8.370554806804513 22.897804280246408 29.55674837814133 43.4453436821705 25.52233091021589 28.03534741669553 17.317414396552724 21.693866963280218 8.922555584060692 11.892588350785694 28.525747198889576 16.36239206138397 20.170437804996375 10.55732484259563 14.179628328016918 30.057853908316154 7.797127194782512 15.930216238263135 11.47780371365334 2.0038914640418977 4.153380759531587 0.6436027835687086 9.69732181325515
28.016032064128254 19.36866747277051 10.486838659571216 13.961909437609066 11.99398562610508 6.963648611045965 8.381324575893085 22.908574049334987 29.5675181472299 43.45611345125907 25.533100679304457 28.04611718578411 17.328184165641296 21.70463673236879 8.933325353149264 11.903358119874266 28.53651696797816 16.373161830472544 20.181207574084947 10.56809461168422 14.19039809710549 30.068623677404727 7.8078969638711015 15.940986007351707 11.48857348274193 2.01466123313047 4.164150528620159 0.6543725526572985 9.70809158234374
28.076152304609217 19.379415048362727 10.49758623516345 13.972657013201282 12.004733201697313 6.974396186638181 8.39207215148532 22.919321624927214 29.578265722822124 43.4668610268513 25.543848254896684 28.056864761376335 17.338931741233512 21.715384307961013 8.944072928741498 11.9141056954665 28.547264543570385 16.38390940606476 20.191955149677163 10.578842187276436 14.201145672697724 30.07937125299695 7.8186445394633175 15.951733582943941 11.499321058334147 2.025408808722686 4.174898104212375 0.6651201282495145 9.718839157935957
28.13627254509018 19.39014050608847 10.508311692889176 13.983382470927026 12.01545865942304 6.985121644363925 8.402797609211046 22.930047082652948 29.58899118054786 43.47758648457703 25.554573712622418 28.06759021910207 17.349657198959257 21.72610976568675 8.954798386467225 11.924831153192226 28.55799000129612 16.394634863790504 20.202680607402907 10.58956764500218 14.21187113042345 30.090096710722687 7.829369997189062 15.962459040669668 11.51004651605989 2.03613426644843 4.18562356193812 0.6758455859752588 9.729564615661701
28.196392785571142 19.400843947035185 10.519015133835907 13.99408591187374 12.026162100369753 6.9958250853106385 8.413501050157777 22.94075052359966 29.599694621494585 43.48828992552375 25.56527715356913 28.078293660048782 17.36036063990597 21.736813206633474 8.965501827413956 11.93553459413894 28.568693442242832 16.405338304737217 20.21338404834962 10.600271085948894 14.222574571370181 30.10080015166941 7.840073438135775 15.97316248161638 11.520749957006604 2.0468377073951434 4.196327002884833 0.6865490269219721 9.740268056608414
28.256513026052104 19.41152545142744 10.529696638228163 14.004767416265995 12.036843604762009 7.006506589702894 8.424182554550033 22.95143202799192 29.610376125886837 43.49897142991601 25.57595865796139 28.08897516444104 17.371042144298226 21.747494711025727 8.976183331806212 11.946216098531195 28.579374946635088 16.416019809129473 20.224065552741877 10.61095259034115 14.233256075762437 30.111481656061663 7.850754942528031 15.983843986008637 11.53143146139886 2.0575192117873993 4.207008507277089 0.697230531314228 9.75094956100067
28.316633266533064 19.42218511151289 10.540356298313611 14.015427076351443 12.047503264847474 7.0171662497883425 8.43484221463548 22.962091688077376 29.62103578597229 43.509631090001456 25.586618318046845 28.099634824526497 17.381701804383674 21.75815437111118 8.98684299189166 11.956875758616661 28.590034606720543 16.42667946921492 20.234725212827335 10.621612250426598 14.243915735847885 30.122141316147115 7.861414602613479 15.994503646094103 11.542091121484308 2.0681788718728473 4.217668167362537 0.707890191399676 9.761609221086118
28.376753507014026 19.432823011578648 10.550994198379371 14.026064976417203 12.058141164913234 7.027804149854102 8.44548011470124 22.972729588143135 29.63167368603805 43.520268990067215 25.597256218112605 28.110272724592257 17.392339704449434 21.768792271176938 8.99748089195742 11.967513658682421 28.600672506786303 16.43731736928068 20.245363112893095 10.632250150492357 14.254553635913645 30.132779216212874 7.872052502679239 16.005141546159862 11.552729021550068 2.078816771938607 4.228306067428297 0.7185280914654357 9.772247121151878
28.43687374749499 19.443439244798153 10.561610431598876 14.036681209636708 12.068757398132721 7.038420383073607 8.456096347920745 22.983345821362633 29.64228991925755 43.530885223286724 25.60787245133211 28.12088895781176 17.40295593766894 21.77940850439644 9.008097125176924 11.978129891901926 28.6112887400058 16.447933602500186 20.255979346112596 10.642866383711862 14.26516986913315 30.143395449432376 7.8826687358987435 16.01575777937935 11.563345254769573 2.089433005158112 4.238922300647801 0.7291443246849405 9.782863354371383
28.49699398797595 19.454033895786242 10.572205082586965 14.047275860624797 12.079352049120828 7.049015034061696 8.466690998908835 22.99394047235073 29.65288457024564 43.54147987427482 25.6184671023202 28.13148360879985 17.413550588657028 21.79000315538453 9.018691776165014 11.988724542890015 28.6218833909939 16.458528253488275 20.266573997100686 10.653461034699951 14.275764520121239 30.153990100420465 7.893263386886833 16.026352430367456 11.573939905757662 2.1000276561462012 4.249516951635891 0.7397389756730299 9.793458005359472
