web/models/mosfit_kne/mosfit_kn_3.0000/mosfit_kn_0.041628_0.1867_3.0000.dat
# %ECSV 1.0
# ---
# datatype:
# - {name: time, datatype: float64}
# - {name: PS1_g, datatype: float64}
# - {name: PS1_i, datatype: float64}
# - {name: PS1_r, datatype: float64}
# - {name: PS1_w, datatype: float64}
# - {name: PS1_y, datatype: float64}
# - {name: PS1_z, datatype: float64}
# - {name: swift_uvot_B, datatype: float64}
# - {name: swift_uvot_U, datatype: float64}
# - {name: swift_uvot_uvm2, datatype: float64}
# - {name: swift_uvot_uvw1, datatype: float64}
# - {name: swift_uvot_uvw2, datatype: float64}
# - {name: swift_uvot_V, datatype: float64}
# - {name: johnson_B, datatype: float64}
# - {name: johnson_I, datatype: float64}
# - {name: johnson_R, datatype: float64}
# - {name: johnson_U, datatype: float64}
# - {name: johnson_V, datatype: float64}
# - {name: sdss_g, datatype: float64}
# - {name: sdss_i, datatype: float64}
# - {name: sdss_r, datatype: float64}
# - {name: sdss_u, datatype: float64}
# - {name: sdss_z, datatype: float64}
# - {name: ATLAS_c, datatype: float64}
# - {name: ATLAS_o, datatype: float64}
# - {name: ukirt_H, datatype: float64}
# - {name: ukirt_J, datatype: float64}
# - {name: ukirt_K, datatype: float64}
# - {name: Clear, datatype: float64}
# meta: !!omap
# - comment: [kappa = 3.0, type = rprocess, mass = 0.04162766037032262, velocity = 0.1866666666666667, theta_obs = 0.0, tfloor = 1000.0]
# schema: astropy-2.0
time PS1_g PS1_i PS1_r PS1_w PS1_y PS1_z swift_uvot_B swift_uvot_U swift_uvot_uvm2 swift_uvot_uvw1 swift_uvot_uvw2 swift_uvot_V johnson_B johnson_I johnson_R johnson_U johnson_V sdss_g sdss_i sdss_r sdss_u sdss_z ATLAS_c ATLAS_o ukirt_H ukirt_J ukirt_K Clear
[from data line 113]
6.853707414829659 -5.6057797096969075 -10.460385337146718 -8.590208353512647 -9.206562646574348 -12.229492176187975 -11.545245168256102 -3.675850967307187 -0.5129788736204508 8.747029437793824 -0.07853722816012221 1.8358614939306297 -6.905754617020439 -4.08079964054814 -11.439814585048104 -9.51521143477165 -0.980297747543457 -7.216177207182263 -5.1563254431754935 -10.41917896752988 -8.514657737204008 0.12786565535483518 -11.771324675167563 -7.2538607614273864 -9.705625733852123 -14.374583718999235 -13.499789828817457 -14.81942066074964 -10.193490989190295
6.913827655310621 -5.474124965303151 -10.377680932713371 -8.487768577459125 -9.118706344338428 -12.168043746250987 -11.475101184694676 -3.524972346073386 -0.32084624373638326 9.007022043509775 0.06838386672315666 1.9849785429293978 -6.7839541757141335 -3.9371677848442883 -11.36374981540649 -9.423598867733276 -0.7943866674058352 -7.09984485766929 -5.020211522816833 -10.33593561987038 -8.410730976112575 0.31828659324729003 -11.704586019492869 -7.142553975657382 -9.618075822538028 -14.346141273406088 -13.456252385538361 -14.801606456930772 -10.119834932190699
6.973947895791583 -5.341216298043179 -10.294049497049507 -8.384273907812396 -9.029967581805156 -12.105817905345386 -11.404113652798955 -3.3726937438753266 -0.1270014233978498 9.268788136189642 0.2163788962144868 2.1353440070557075 -6.660932326122116 -3.7922545691332172 -11.286812841133013 -9.331081952116726 -0.6068146845694077 -6.982385392318446 -4.882813501975605 -10.251762361553123 -8.305727253528818 0.5104180399649039 -11.63704598126209 -7.030178589578817 -9.529625983341745 -14.317185657256635 -13.41208199781345 -14.783371240418324 -10.045440581962453
7.034068136272545 -5.207069714675434 -10.20950265971397 -8.2797379510078 -8.940358535492212 -12.042824204935112 -11.332292881077972 -3.219033017036522 0.06853462190161275 9.53229483118649 0.36543087746322245 2.286943186514613 -6.536704089511159 -3.6460783518813895 -11.209014812057784 -9.237674840532286 -0.41760274124468244 -6.863814610920273 -4.744147843383573 -10.166670910028657 -8.199660172802314 0.7042388858637771 -11.568714986301902 -6.916748876042682 -9.440288948831324 -14.28772342555776 -13.367286693323821 -14.76472059640434 -9.970319336057027
7.0941883767535066 -5.071676000520178 -10.124035008303647 -8.174153976175269 -8.84987347842591 -11.97905870235033 -11.259634230840447 -3.063979593550733 0.26577624871585237 9.797556049903196 0.5155504678872807 2.439789361145458 -6.411260918426394 -3.4986302804734177 -11.130350946338893 -9.143373173799489 -0.22673750771660328 -6.7441256790422495 -4.604205045396892 -10.080655851855127 -8.092522752266955 0.899763048323603 -11.49958909064308 -6.802257281293809 -9.350059596546298 -14.257753151560502 -13.32186399868334 -14.745653899767033 -9.89446706745726
7.154308617234468 -4.935021295496824 -10.03763797246119 -8.067511498039934 -8.758503385241863 -11.914514940370236 -11.186130282850417 -2.9075176734880435 0.4647443031772449 10.064594334556741 0.6667532497431776 2.5939008083738426 -6.284589918566337 -3.3498965160034584 -11.05081350901462 -9.048169200638469 -0.03419936655372202 -6.623307615256537 -4.46297082763639 -9.99370860057562 -7.9843042088795535 1.0970108752158936 -11.429661686043282 -6.686692229801903 -9.258929508035383 -14.227271903330736 -13.275809475645966 -14.726169343130431 -9.817876798974368
7.214428857715431 -4.797117367440844 -9.950320284759187 -7.959820689869712 -8.666257352565196 -11.849200140314284 -11.11178878101807 -2.7496603719832278 0.6654236732696541 10.333385178382418 0.8190266644225379 2.7492671442470464 -6.156702177824898 -3.1998908565808333 -10.970410932030116 -8.952073945260814 0.15999639664955334 -6.5013724687663705 -4.3204572985050405 -9.905837964931514 -7.875014680764014 1.295967031725631 -11.358940742548764 -6.570064272868894 -9.1669083447281 -14.196284780050233 -13.2291293006328 -14.706271323092642 -9.740557230633176
7.274549098196393 -4.657980525971546 -9.862093746172924 -7.851095386479781 -8.573147649432311 -11.783123943564249 -11.03662015621456 -2.590425940662789 0.867792843502855 10.603896065451824 0.9723532205274314 2.90587284619949 -6.027613057108632 -3.0486319765350562 -10.889154509691139 -8.855101729355301 0.35582827721868393 -6.378336378203746 -4.176681244822618 -9.817055838910935 -7.764668021416217 1.4966098166985908 -11.287436809913984 -6.452387854450166 -9.074008938553124 -14.164798276904802 -13.181831515034792 -14.685965294473887 -9.662519780760235
7.3346693386773545 -4.517583554362812 -9.772940721553844 -7.741314314429157 -8.479155744652473 -11.716272680739408 -10.960609013314908 -2.4297835500855767 1.0718913107318075 10.876174599358098 1.1267628195813555 3.0637506315283294 -5.897297183494008 -2.8960916696120127 -10.807028028295324 -8.757235020661113 0.5533339652662473 -6.2541764343969115 -4.031614645429791 -9.727344527653479 -7.65324253042408 1.6989780535000598 -11.215135631485627 -6.333639819182029 -8.980213377716808 -14.132805142164118 -13.133906042824089 -14.665246051945056 -9.58374923678143
7.394789579158316 -4.375957187529469 -9.682882751023953 -7.630502935658079 -8.384304053627432 -11.64866368197389 -10.883774313125691 -2.267767745743675 1.2776772721684717 11.150162301772252 1.2822221850899678 3.2228687294085536 -5.765783448987805 -2.742304138728468 -10.724051875301488 -8.658498669221377 0.7524722571712129 -6.128921756736216 -3.8852891441657356 -9.636725717307115 -7.540763846732386 1.9030298910700694 -11.14205595542943 -6.213847025373038 -8.88554462063853 -14.100316347810258 -13.08536687237625 -14.64412247833806 -9.504265760206074
7.454909819639278 -4.233063517792903 -9.591894940405936 -7.518631340499233 -8.28856647105896 -11.580277505118595 -10.806094273289428 -2.1043356589926985 1.4852051765974574 11.425926633665085 1.4387726273971428 3.383271445685804 -5.633036473912594 -2.587229698986388 -10.640203051314387 -8.558867343228808 0.9532953317486449 -6.002539890727438 -3.737665720951302 -9.5451744191279 -7.427201524484097 2.1088189724565076 -11.06817740652632 -6.092977073353545 -8.789977183101207 -14.067321203840828 -13.036199425328652 -14.622586679036152 -9.42404760156359
7.51503006012024 -4.088985135473795 -9.500033915172477 -7.4057668211802685 -8.192001953013506 -11.511159249332863 -10.727618634502125 -1.9395803520277177 1.6943604135016523 11.703315100059474 1.5963247088179071 3.5448693482563844 -5.4991337742785555 -2.430958298199006 -10.55553471262921 -8.458403704818835 1.1556913385202239 -5.8751064957215045 -3.5888294078248073 -9.45274758802464 -7.312623594938952 2.3162311767181443 -10.993548279192016 -5.971101502853884 -8.693570513410922 -14.033846968848811 -12.98643922430873 -14.600660092022862 -9.34314640709717
7.575150300601202 -3.9436224986412682 -9.407233051259887 -7.291829734482338 -8.094540863965669 -11.441256403291664 -10.648288979103668 -1.7733894507454295 1.9052838538575936 11.982508054153303 1.7549863764197409 3.707774823163096 -5.363982231349785 -2.2733839789740213 -10.46998487189682 -8.357037432494103 1.3597962841555034 -5.74653387770329 -3.4386777416511194 -9.35937829202194 -7.19694922965747 2.525405887447363 -10.918113044427553 -5.848134730127779 -8.596255647223359 -13.999863461630893 -12.936045998085051 -14.578319723102647 -9.261502873711542
7.635270541082164 -3.7970873105981973 -9.31356869028697 -7.17691086279336 -7.996262614417482 -11.370629674163766 -10.568172350934422 -1.6058888817163208 2.1178199702766243 12.263300840059777 1.9146368928289985 3.871866075034266 -5.227686702443759 -2.114627920568108 -10.383625092528732 -8.254852342658296 1.5654586202472376 -5.616923815101502 -3.287325728163548 -9.265143304829486 -7.080270279747527 2.7361883557607314 -10.841936592229207 -5.724173336251059 -8.498112465146761 -13.965407071047656 -12.885067358505376 -14.555594026259671 -9.179186219969537
7.695390781563126 -3.649282374383649 -9.218975756842784 -7.060932438033767 -7.897099237465195 -11.299227748177572 -10.487211667602665 -1.4369689297803945 2.3321063180957857 12.545869630893819 2.0753813519272595 4.037252595442965 -5.090156251500731 -1.9545867491408269 -10.296394834311268 -8.15177987934976 1.772811113117434 -5.486190779897197 -3.1346733268851423 -9.169977254915516 -6.962507813161576 2.94871466403416 -10.764964702159325 -5.599133766077493 -8.399073647842421 -13.930448291190734 -12.833463951593698 -14.532460511117973 -9.096138615892801
7.755511022044088 -3.5003382664879723 -9.123543405808885 -6.944000480546606 -7.797143324705509 -11.227121487290308 -10.405485232233467 -1.2667768373297428 2.5479607977185204 12.829976740647307 2.237079094717203 4.203791684058423 -4.951513517657571 -1.7934017895680336 -10.20837761362386 -8.047917460489195 1.9816764466931747 -5.354453452738405 -2.9808549728574363 -9.073969794491976 -6.843769151884995 3.1628036657027003 -10.687273038208307 -5.473128777779692 -8.299232252964455 -13.895029428526618 -12.781291239237811 -14.508952155443387 -9.012440529157075
7.8156312625250495 -3.350122267803499 -9.027182466344925 -6.826008541299871 -7.696301893243831 -11.154240458940592 -10.322914784717216 -1.0951628285411907 2.7655707934248674 13.11586295328842 2.3998731950684697 4.371631852807912 -4.811634236687284 -1.6309315800684525 -10.119490385868144 -7.943170713799568 2.1922356972388246 -5.221594530555575 -2.8257340678742437 -8.977031336942751 -6.7239462930727 3.3786408832174963 -10.608787094957357 -5.346044213319612 -8.198495947819406 -13.859109712226958 -12.728495018906932 -14.485037751426775 -8.928012626390522
7.875751503006012 -3.1987407981795712 -8.929965748872135 -6.7070431494497385 -7.594650425964282 -11.080642572735204 -10.239564282277396 -0.922246914327306 2.9847880371537983 13.40333544374413 2.5636492920469505 4.540657052849252 -4.670618452954607 -1.4672914160816435 -10.029801390477992 -7.837619359225887 2.404344367306208 -5.087711041554461 -2.669420182932427 -8.879235106660577 -6.603126825841308 3.596078723200513 -10.52956876218385 -5.2179719507710765 -8.096940697593986 -13.822723792166583 -12.675120675466578 -14.460744325134607 -8.84292057519076
7.935871743486974 -3.0461426793712576 -8.831859293067286 -6.587063646769451 -7.492153383443334 -11.006301122690516 -10.15540392429589 -0.7479713202091987 3.2056854388352463 13.69248737282184 2.7284625398592337 4.710925402413167 -4.528418384961069 -1.3024274113283811 -9.939279146491284 -7.731228407463793 2.6180724807501288 -4.9527588079466485 -2.511860664108063 -8.78054701303272 -6.481269430091796 3.8151890889469087 -10.449590027295681 -5.088868083290468 -7.994531539386287 -13.785856571441782 -12.621147925702088 -14.436060476846178 -8.75713449935855
7.995991983967936 -2.8923742305501854 -8.732895206320404 -6.466108060337472 -7.388843842706052 -10.931241761014352 -10.070461930026031 -0.5723882723253582 3.428199021536358 13.983235791532827 2.8942634617620837 4.882387224830996 -4.385077751107567 -1.1363902680626696 -9.847953868999088 -7.624033743625181 2.8333572985155686 -4.816781003581451 -2.3531032192008716 -8.680999370117384 -6.358412553528012 4.035908021842989 -10.368878499191219 -4.958772657369366 -7.891302065226018 -13.748523703438893 -12.566597100849906 -14.410998530752115 -8.670683516145914
8.056112224448897 -2.737453523746769 -8.633086462083188 -6.344191619564565 -7.284734957418237 -10.855474974786645 -9.984749717301167 -0.39551813716696244 3.6523044271634575 14.275549346782888 3.061033045585813 5.055024024072484 -4.240613791868555 -0.9692003371892393 -9.755837899018893 -7.516050657825162 3.0501745091070087 -4.67979549370195 -2.1931664809264184 -8.580605260799121 -6.234571544393841 4.258210874975532 -10.287445672899125 -4.8277013639536115 -7.787265955900633 -13.710731912287065 -12.511476754604958 -14.38556390226118 -8.583579577081704
8.11623246492986 -2.5813369822409804 -8.532404224648928 -6.221279785978364 -7.179796525048889 -10.77897809387796 -9.898241966457277 -0.21731173344464166 3.8780638441036785 14.569508018850957 3.2288181720095825 5.228885250392349 -4.094985869613262 -0.8008119042727773 -9.662904537969627 -7.40724969249379 3.2685837173284393 -4.541764972618034 -2.0320056300434253 -8.479335749236423 -6.109711292525457 4.482158893133548 -10.205267854351288 -4.695616828332341 -7.682393552669282 -13.672468433803482 -12.455769715241425 -14.359746964005227 -8.495797402932972
8.176352705410821 -2.4241308069692735 -8.43092123904949 -6.097458925708157 -7.074103597853938 -10.701808997450755 -9.811002613817887 -0.03788887032983296 4.105329103259763 14.864922528313183 3.3975058823418185 5.403855101804883 -3.9482940230177848 -0.6313396735220282 -9.569221926559905 -7.297709990573645 3.4884405629526394 -4.40278618918988 -1.8697300127309546 -8.377263991438433 -5.983919293821014 4.707604532469478 -10.12240683817458 -4.56261053969401 -7.57676038698289 -13.63376779545243 -12.399521275006967 -14.333574549230457 -8.407402035690001
8.236472945891784 -2.2657225095511 -8.328561914976316 -5.972638860924775 -6.967577532796483 -10.623907922908238 -9.72296524435773 0.1428773724000088 4.334259135141494 15.161997235405678 3.567216557722173 5.580058870274019 -3.8004329019600407 -0.46066412522691663 -9.474719711374313 -7.187352119839663 3.709898439259145 -4.262760204662823 -1.706223887094449 -8.274314064798496 -5.857104022371118 4.934705045226533 -10.038799585927443 -4.428585821270357 -7.470288364808404 -13.594595426347167 -12.34268548221207 -14.307020196659186 -8.318326630130741
8.296593186372744 -2.106229919174609 -8.22540690588104 -5.846915344441808 -6.86030147276206 -10.545339026509648 -9.634200754221762 0.3248540534074252 4.564689370376502 15.460522960050437 3.7378251938713807 5.75736790653783 -3.6515135264066716 -0.28891230233581694 -9.379473404587497 -7.076263515643427 3.9327970994162587 -4.121794146643436 -1.5416085691156667 -8.170567072896553 -5.729362515971026 5.163296597264839 -9.954514535918015 -4.293644108308108 -7.363061092963097 -13.554989507502507 -12.285312474749349 -14.280113527058942 -8.228643093612291
8.356713426853707 -1.9456090894892242 -8.121427110574544 -5.720253523075929 -6.75224490787091 -10.466079407318851 -9.54468357780117 0.5080907512373478 4.796682435262021 15.760581372973444 3.909379166784 5.9358318221745385 -3.5014949494127316 -0.11603804954651792 -9.283456050950882 -6.964414383693403 4.157196562197576 -3.979850422806572 -1.3758388695934975 -8.065993816802806 -5.600659363158531 5.393440847339033 -9.869527770980184 -4.157747670192418 -7.255048567670386 -13.514937090189443 -12.227384873216439 -14.252844732635024 -8.138325855456099
8.41683366733467 -1.7838964874942853 -8.016647994515917 -5.592683461154433 -6.643433772120559 -10.386149449242659 -9.454436113320206 0.6925463122760511 5.030187977728389 16.06211022462094 4.0818403954815 6.115411594955212 -3.3504117985220754 0.05791877150288344 -9.186691630993746 -6.851833109324972 4.383047324131358 -3.836963359214935 -1.2089523649419753 -7.960619936460898 -5.471025001267442 5.625087315493378 -9.783861283338737 -4.020927915639625 -7.14627719658294 -13.474450626261605 -12.16891885288481 -14.225223574446487 -8.047397708619037
8.47695390781563 -1.6211205705546483 -7.911089598001908 -5.464228754892186 -6.533888338169227 -10.305565236359762 -9.363475996450017 0.8781886155008045 5.265166862673603 16.365062100192752 4.2551795023548245 6.29607702124035 -3.1982912025933645 0.2329269301935139 -9.089199054615015 -6.7385422050225445 4.610310765841959 -3.69316009884139 -1.0409783881394041 -7.85446561918441 -5.340483318858418 5.858196651312415 -9.69753249451525 -3.883209338779068 -7.036767720199499 -13.433540029188789 -12.109927244453916 -14.197257844369522 -7.955876555616328
