web/models/mosfit_kne/mosfit_kn_3.0000/mosfit_kn_0.062996_0.3903_3.0000.dat
# %ECSV 1.0
# ---
# datatype:
# - {name: time, datatype: float64}
# - {name: PS1_g, datatype: float64}
# - {name: PS1_i, datatype: float64}
# - {name: PS1_r, datatype: float64}
# - {name: PS1_w, datatype: float64}
# - {name: PS1_y, datatype: float64}
# - {name: PS1_z, datatype: float64}
# - {name: swift_uvot_B, datatype: float64}
# - {name: swift_uvot_U, datatype: float64}
# - {name: swift_uvot_uvm2, datatype: float64}
# - {name: swift_uvot_uvw1, datatype: float64}
# - {name: swift_uvot_uvw2, datatype: float64}
# - {name: swift_uvot_V, datatype: float64}
# - {name: johnson_B, datatype: float64}
# - {name: johnson_I, datatype: float64}
# - {name: johnson_R, datatype: float64}
# - {name: johnson_U, datatype: float64}
# - {name: johnson_V, datatype: float64}
# - {name: sdss_g, datatype: float64}
# - {name: sdss_i, datatype: float64}
# - {name: sdss_r, datatype: float64}
# - {name: sdss_u, datatype: float64}
# - {name: sdss_z, datatype: float64}
# - {name: ATLAS_c, datatype: float64}
# - {name: ATLAS_o, datatype: float64}
# - {name: ukirt_H, datatype: float64}
# - {name: ukirt_J, datatype: float64}
# - {name: ukirt_K, datatype: float64}
# - {name: Clear, datatype: float64}
# meta: !!omap
# - comment: [kappa = 3.0, type = rprocess, mass = 0.06299605249512866, velocity = 0.3903333333333333, theta_obs = 0.0, tfloor = 1000.0]
# schema: astropy-2.0
time PS1_g PS1_i PS1_r PS1_w PS1_y PS1_z swift_uvot_B swift_uvot_U swift_uvot_uvm2 swift_uvot_uvw1 swift_uvot_uvw2 swift_uvot_V johnson_B johnson_I johnson_R johnson_U johnson_V sdss_g sdss_i sdss_r sdss_u sdss_z ATLAS_c ATLAS_o ukirt_H ukirt_J ukirt_K Clear
[from data line 318]
19.178356713426854 7.722770425441947 -1.1590583877573302 2.316012390280502 0.3480885787765331 -4.682248436282599 -3.2645724714354607 11.262677002006434 17.921621099901355 31.810216403930514 13.887203631975904 16.400220138455555 5.682287118312732 10.058739685040244 -2.712571694179281 0.25746107254571915 16.890619920649595 4.727264783143979 8.535310526756401 -1.0778024356443439 2.544501049776944 18.42272663007618 -3.8380000834574624 4.295088960023161 -0.15732356458663332 -9.631235814198094 -7.481746518708404 -10.991524494671266 -1.937805464984823
19.238476953907814 7.730594261758377 -1.1512345514409006 2.323836226596949 0.3559124150929627 -4.674424599966152 -3.256748635119031 11.270500838322864 17.929444936217784 31.818040240246955 13.895027468292334 16.408043974771985 5.690110954629179 10.066563521356674 -2.704747857862851 0.2652849088621487 16.898443756966042 4.735088619460426 8.54313436307283 -1.0699785993278965 2.5523248860933734 18.43055046639261 -3.830176247141015 4.302912796339591 -0.14949972827020375 -9.623411977881647 -7.473922682391956 -10.983700658354818 -1.9299816286683757
19.298597194388776 7.738392430432253 -1.1434363827670424 2.3316343952708074 0.36371058376682086 -4.666626431292293 -3.248950466445173 11.27829900699674 17.937243104891643 31.82583840892082 13.90282563696621 16.41584214344586 5.697909123303037 10.074361690030532 -2.6969496891889753 0.2730830775360069 16.9062419256399 4.742886788134284 8.550932531746689 -1.0621804306540383 2.5601230547672493 18.43834863506647 -3.822378078467157 4.310710965013449 -0.1417015595963278 -9.615613809207789 -7.466124513718098 -10.97590248968096 -1.9221834599945176
19.35871743486974 7.746165231079196 -1.1356635821200811 2.339407195917751 0.37148338441378215 -4.65885363064535 -3.2411776657982116 11.286071807643683 17.945015905538604 31.833611209567774 13.910598437613153 16.423614944092805 5.705681923949981 10.082134490677493 -2.6891768885420317 0.2808558781829682 16.914014726286844 4.750659588781228 8.55870533239365 -1.0544076300070948 2.567895855414193 18.44612143571343 -3.8146052778202133 4.31848376566041 -0.13392875894938427 -9.607841008560845 -7.4583517130711545 -10.968129689034017 -1.914410659347574
19.4188376753507 7.753912829273375 -1.1279159839259023 2.3471547941119475 0.37923098260796095 -4.651106032451153 -3.233430067604033 11.293819405837862 17.952763503732783 31.841358807761953 13.918346035807332 16.431362542286983 5.713429522144177 10.089882088871672 -2.681429290347853 0.288603476377147 16.92176232448104 4.7584071869754245 8.566452930587829 -1.046660031812916 2.5756434536083717 18.45386903390761 -3.8068576796260167 4.326231363854589 -0.12618116075520547 -9.600093410366648 -7.450604114876958 -10.96038209083982 -1.9066630611533775
19.478957915831664 7.76163542608721 -1.1201933871120673 2.3548773909257648 0.386953579421796 -4.643383435637336 -3.225707470790198 11.301542002651697 17.960486100546618 31.849081404575774 13.926068632621167 16.43908513910082 5.721152118957995 10.097604685685507 -2.673706693534018 0.29632607319098203 16.929484921294858 4.766129783789242 8.574175527401646 -1.038937434999081 2.5833660504222067 18.461591630721443 -3.7991350828121995 4.333953960668424 -0.11845856394137044 -9.592370813552831 -7.442881518063141 -10.952659494026003 -1.8989404643395602
19.539078156312623 7.769333291871465 -1.112495521327812 2.36257525671002 0.3946514452060512 -4.635685569853081 -3.2180096050059426 11.309239868435952 17.968183966330873 31.85677927036004 13.933766498405422 16.446783004885074 5.72884998474225 10.105302551469762 -2.6660088277497627 0.3040239389752373 16.937182787079113 4.773827649573515 8.58187339318592 -1.0312395692148257 2.591063916206462 18.4692894965057 -3.7914372170279442 4.341651826452679 -0.1107606981571152 -9.584672947768576 -7.4351836522788854 -10.944961628241748 -1.891242598555305
19.599198396793586 7.7770066618105105 -1.1048221513887668 2.370248626649065 0.4023248151450787 -4.628012199914036 -3.2103362350668974 11.316913238374998 17.9758573362699 31.86445264029908 13.941439868344467 16.45445637482412 5.736523354681295 10.11297592140879 -2.6583354578107175 0.3116973089142647 16.944856157018158 4.781501019512542 8.589546763124947 -1.0235661992757805 2.598737286145507 18.476962866444726 -3.783763847088899 4.349325196391707 -0.10308732821806998 -9.57699957782953 -7.42751028233984 -10.937288258302702 -1.8835692286162597
19.65931863727455 7.784655765718629 -1.0971730474806662 2.3778977305571836 0.409973919053197 -4.620363096005917 -3.2026871311587968 11.324562342283098 17.98350644017802 31.872101744207196 13.949088972252586 16.46210547873222 5.744172458589413 10.120625025316908 -2.650686353902617 0.3193464128223831 16.952505260926277 4.789150123420661 8.597195867033065 -1.0159170953676622 2.6063863900536255 18.484611970352844 -3.7761147431807807 4.356974300299825 -0.09543822430995164 -9.569350473921412 -7.419861178431722 -10.929639154394584 -1.8759201247081414
19.71943887775551 7.792280772218998 -1.0895480409802971 2.3855227370575527 0.41759892555356615 -4.612738089505548 -3.1950621246584276 11.332187348783467 17.991131446678388 31.879726750707565 13.956713978752955 16.469730485232606 5.7517974650897825 10.128250031817277 -2.64306134740223 0.3269714193227522 16.960130267426646 4.79677512992103 8.604820873533434 -1.008292088867293 2.6140113965539946 18.492236976853214 -3.7684897366804115 4.364599306800194 -0.08781321780958251 -9.561725467421043 -7.412236171931353 -10.922014147894215 -1.8682951182077723
19.779559118236474 7.799881921547573 -1.0819468916517039 2.393123886386128 0.4252000748821416 -4.605136940176973 -3.1874609753298344 11.33978849811206 17.998732596006963 31.887327900036144 13.96431512808153 16.47733163456118 5.759398614418358 10.13585118114587 -2.6354601980736545 0.33457256865134544 16.96773141675522 4.804376279249605 8.61242202286201 -1.0006909395387176 2.62161254588257 18.49983812618179 -3.760888587351836 4.37220045612877 -0.08021206848100704 -9.554124318092468 -7.404635022602777 -10.91441299856564 -1.8606939688791968
19.839679358717433 7.807459329577338 -1.0743694836219397 2.4007012944158923 0.43277748291190576 -4.5975595321472085 -3.1798835673000703 11.347365906141825 18.006310004036727 31.894905308065905 13.971892536111294 16.484909042590946 5.766976022448122 10.143428589175635 -2.6278827900438904 0.3421499766811096 16.975308824784985 4.811953687279369 8.619999430891774 -0.9931135315089534 2.6291899539123342 18.507415534211553 -3.753311179322072 4.379777864158534 -0.0726346604512429 -9.546546910062704 -7.397057614573013 -10.906835590535875 -1.8531165608494327
19.899799599198396 7.81501333445215 -1.0668154787471273 2.4082552992907047 0.44033148778671816 -4.590005527272396 -3.172329562425258 11.354919911016637 18.01386400891154 31.902459312940717 13.979446540986107 16.49246304746576 5.7745300273229345 10.15098259405043 -2.620328785169078 0.3497039815559042 16.982862829659798 4.819507692154182 8.627553435766586 -0.985559526634141 2.6367439587871466 18.514969539086366 -3.7457571744472595 4.387331869033346 -0.0650806555764305 -9.538992905187891 -7.389503609698201 -10.899281585661063 -1.8455625559746203
19.95991983967936 7.822544074728608 -1.0592847384706694 2.4157860395671804 0.44786222806319387 -4.58247478699592 -3.1647988221488 11.362450651293095 18.021394749188016 31.909990053217182 13.986977281262565 16.499993787742216 5.7820607675993925 10.158513334326905 -2.61279804489262 0.3572347218323799 16.990393569936273 4.8270384324306574 8.635084176043062 -0.9780287863576831 2.6442746990636046 18.52250027936284 -3.7382264341708016 4.394862609309822 -0.057549915299972554 -9.531462164911416 -7.381972869421725 -10.891750845384605 -1.8380318156981623
20.02004008016032 7.830051820723938 -1.0517769924753395 2.4232937855624925 0.455369974058506 -4.574967041000608 -3.15729107615347 11.369958397288425 18.028902495183328 31.9174977992125 13.994485027257895 16.507501533737546 5.789568513594722 10.166021080322217 -2.60529029889729 0.36474246782769204 16.997901315931585 4.83454617842597 8.642591922038374 -0.9705210403623532 2.6517824450589345 18.530008025358153 -3.7307186881754717 4.402370355305134 -0.05004216930464267 -9.523954418916103 -7.374465123426413 -10.884243099389275 -1.8305240697028324
20.080160320641284 7.837536712804969 -1.0442921003943262 2.4307786776435236 0.4628548661395371 -4.567482148919577 -3.1498061840724567 11.377443289369438 18.03638738726436 31.924982691293526 14.001969919338908 16.51498642581856 5.7970534056757534 10.173505972403248 -2.597805406816277 0.37222735990872313 17.005386208012617 4.842031070507001 8.650076814119405 -0.9630361482813221 2.659267337139948 18.537492917439184 -3.7232337960944406 4.409855247386165 -0.04255727722361158 -9.516469526835072 -7.366980231345382 -10.876758207308244 -1.8230391776218013
20.140280561122243 7.844998982447429 -1.0368298307518664 2.4382409472859834 0.47031713578199685 -4.560019879277117 -3.142343914429997 11.384905559011898 18.04384965690682 31.932444960935985 14.009432188981368 16.52244869546102 5.804515675318213 10.180968242045708 -2.590343137173817 0.3796896295511829 17.012848477655076 4.84949334014946 8.657539083761865 -0.9555738786388623 2.6667296067824076 18.544955187081644 -3.715771526451981 4.417317517028625 -0.035095007581151805 -9.509007257192613 -7.359517961702922 -10.869295937665784 -1.8155769079793416
20.200400801603205 7.8524387511836125 -1.0293900620156649 2.445680716022167 0.4777569045181984 -4.552580110540934 -3.1349041456937954 11.3923453277481 18.05128942564302 31.93988472967219 14.01687195771757 16.52988846419722 5.811955444054397 10.18840801078191 -2.5829033684376155 0.38712939828738446 17.02028824639126 4.856933108885644 8.664978852498066 -0.9481341099026785 2.674169375518609 18.552394955817846 -3.708331757715797 4.4247572857648265 -0.02765523884496801 -9.501567488456429 -7.352078192966738 -10.8618561689296 -1.8081371392431578
20.260521042084168 7.859856327390702 -1.0219724858085932 2.4530982922292566 0.48517448072527003 -4.545162534333844 -3.1274865694867238 11.399762903955189 18.05870700185009 31.947302305879266 14.024289533924659 16.53730604040431 5.819373020261486 10.195825586988981 -2.575485792230526 0.3945469744944561 17.02770582259835 4.864350685092734 8.672396428705138 -0.9407165336955892 2.6815869517256985 18.559812532024917 -3.7009141815087077 4.432174861971898 -0.02023766263787863 -9.49414991224934 -7.344660616759649 -10.854438592722511 -1.8007195630360684
20.32064128256513 7.867251841932283 -1.0145769712669939 2.460493806770856 0.4925699952668694 -4.537767019792263 -3.1200910549451244 11.40715841849677 18.06610251639169 31.954697820420858 14.03168504846624 16.544701554945892 5.826768534803068 10.20322110153058 -2.5680902776889445 0.40194248903605545 17.03510133713993 4.871746199634333 8.679791943246737 -0.9333210191540076 2.68898246626728 18.567208046566517 -3.693518666967126 4.4395703765134975 -0.012842148096297024 -9.48675439770774 -7.3372651022180495 -10.84704307818093 -1.7933240484944868
20.38076152304609 7.874625533089663 -1.0072032801096142 2.4678674979282356 0.499943686424249 -4.530393328634865 -3.1127173637877448 11.41453210965415 18.07347620754907 31.96207151157824 14.03905873962362 16.55207524610327 5.834142225960465 10.21059479268796 -2.560716586531565 0.4093161801934351 17.04247502829733 4.879119890791713 8.687165634404117 -0.9259473279966279 2.6963561574246597 18.574581737723896 -3.6861449758097464 4.446944067670877 -0.005468456938917399 -9.47938070655036 -7.32989141106067 -10.83966938702355 -1.7859503573371072
20.440881763527052 7.88197754554826 -0.9998512676510174 2.4752195103868146 0.5072956988828281 -4.523041316176286 -3.105365351329148 11.421884122112747 18.08082822000765 31.96942352403683 14.046410752082217 16.55942725856187 5.8414942384190445 10.217946805146557 -2.553364574072968 0.4166681926520319 17.049827040755908 4.886471903250292 8.694517646862696 -0.9185953155380311 2.7037081698832566 18.581933750182476 -3.6787929633511496 4.454296080129456 0.0018835555196794473 -9.472028694091781 -7.322539398602091 -10.832317374564953 -1.7785983448785103
20.501002004008015 7.889308092845546 -0.9925207203537489 2.482550057684101 0.5146262461801143 -4.515710768879 -3.0980348040318795 11.429214669410015 18.088158767304936 31.976754071334103 14.053741299379485 16.566757805859137 5.848824785716331 10.225277352443825 -2.5460340267756996 0.4239987399493004 17.057157588053194 4.893802450547578 8.701848194159982 -0.9112647682407449 2.711038717180525 18.58926429747976 -3.6714624160538634 4.461626627426742 0.0092141028169479 -9.464698146794495 -7.315208851304805 -10.824986827267667 -1.771267797581224
20.561122244488978 7.896617307903622 -0.9852115052956734 2.4898592727421764 0.5219354612381899 -4.508401553820924 -3.090725588973804 11.436523884468091 18.09546798236301 31.98406328639219 14.06105051443756 16.574067020917212 5.856134000774406 10.232586567501901 -2.538724811717624 0.43130795500737595 17.06446680311127 4.9011116656056535 8.709157409218058 -0.9039555531826693 2.7183479322386006 18.596573512537837 -3.664153200995788 4.468935842484818 0.016523317875041243 -9.45738893173642 -7.307899636246729 -10.817677612209591 -1.7639585825231485
20.62124248496994 7.903905475772355 -0.9779233374269225 2.4971474406109095 0.529223629106923 -4.501113385952191 -3.083437421105053 11.443812052336842 18.102756150231745 31.991351454260926 14.068338682306312 16.581355188785963 5.863422168643139 10.239874735370652 -2.531436643848873 0.4385961228761268 17.071754970980002 4.908399833474387 8.716445577086791 -0.8966673853139362 2.7256361001073515 18.60386168040657 -3.6568650331270547 4.476224010353551 0.02381148574377434 -9.450100763867686 -7.300611468377996 -10.810389444340858 -1.7566704146544154
20.6813627254509 7.911172717298278 -0.9706560959009991 2.504414682136833 0.5364908706328464 -4.493846144426268 -3.0761701795791296 11.451079293862765 18.110023391757668 31.99861869578685 14.075605923832235 16.588622430311887 5.870689410169063 10.247141976896575 -2.5241694023229497 0.4458633644020502 17.079022212505926 4.91566707500031 8.723712818612714 -0.8894001437880128 2.732903341633275 18.611128921932494 -3.6495977916011313 4.4834912518794745 0.031078727269697737 -9.442833522341763 -7.2933442268520725 -10.803122202814935 -1.749403173128492
20.741482965931862 7.918419253075779 -0.9634095601234982 2.5116612179143516 0.543737406410365 -4.486599608648749 -3.0689236438016287 11.458325829640266 18.117269927535187 32.00586523156436 14.082852459609736 16.595868966089387 5.877935945946581 10.254388512674076 -2.516922866545449 0.4531099001795511 17.086268748283445 4.922913610777829 8.730959354390233 -0.8821536080105119 2.7401498774107758 18.618375457710012 -3.6423512558236304 4.490737787656993 0.03832526304719863 -9.435586986564244 -7.286097691074554 -10.795875667037434 -1.7421566373509734
20.801603206412825 7.9256452281945045 -0.9561835850047729 2.518887193033077 0.5509633815290904 -4.479373633530024 -3.0616976686829034 11.465551804758991 18.124495902653912 32.013091206683086 14.090078434728461 16.603094941208113 5.885161921065289 10.261614487792801 -2.5096968914267235 0.46033587529827646 17.09349472340217 4.930139585896554 8.738185329508958 -0.8749276328917865 2.747375852529501 18.625601432828738 -3.635125280704905 4.4979637627757185 0.04555123816592399 -9.428361011445519 -7.2788717159558285 -10.788649691918708 -1.7349306622322658
