web/models/mosfit_kne/mosfit_kn_3.0000/mosfit_kn_0.018177_0.0457_3.0000.dat
# %ECSV 1.0
# ---
# datatype:
# - {name: time, datatype: float64}
# - {name: PS1_g, datatype: float64}
# - {name: PS1_i, datatype: float64}
# - {name: PS1_r, datatype: float64}
# - {name: PS1_w, datatype: float64}
# - {name: PS1_y, datatype: float64}
# - {name: PS1_z, datatype: float64}
# - {name: swift_uvot_B, datatype: float64}
# - {name: swift_uvot_U, datatype: float64}
# - {name: swift_uvot_uvm2, datatype: float64}
# - {name: swift_uvot_uvw1, datatype: float64}
# - {name: swift_uvot_uvw2, datatype: float64}
# - {name: swift_uvot_V, datatype: float64}
# - {name: johnson_B, datatype: float64}
# - {name: johnson_I, datatype: float64}
# - {name: johnson_R, datatype: float64}
# - {name: johnson_U, datatype: float64}
# - {name: johnson_V, datatype: float64}
# - {name: sdss_g, datatype: float64}
# - {name: sdss_i, datatype: float64}
# - {name: sdss_r, datatype: float64}
# - {name: sdss_u, datatype: float64}
# - {name: sdss_z, datatype: float64}
# - {name: ATLAS_c, datatype: float64}
# - {name: ATLAS_o, datatype: float64}
# - {name: ukirt_H, datatype: float64}
# - {name: ukirt_J, datatype: float64}
# - {name: ukirt_K, datatype: float64}
# - {name: Clear, datatype: float64}
# meta: !!omap
# - comment: [kappa = 3.0, type = rprocess, mass = 0.018176879801416274, velocity = 0.04566666666666669, theta_obs = 0.0, tfloor = 1000.0]
# schema: astropy-2.0
time PS1_g PS1_i PS1_r PS1_w PS1_y PS1_z swift_uvot_B swift_uvot_U swift_uvot_uvm2 swift_uvot_uvw1 swift_uvot_uvw2 swift_uvot_V johnson_B johnson_I johnson_R johnson_U johnson_V sdss_g sdss_i sdss_r sdss_u sdss_z ATLAS_c ATLAS_o ukirt_H ukirt_J ukirt_K Clear
[from data line 170]
10.280561122244489 -7.076895963053023 -10.73636279976224 -9.34880093489074 -9.637074566326387 -11.989854088621268 -11.515009431267451 -5.609501060751586 -3.4423466546370207 4.039289863643291 -2.0320366091364046 -0.12183708553705186 -8.12452306390248 -5.8595252144787615 -11.557166684337503 -10.03337803311678 -3.7597432917918394 -8.318766664393083 -6.736015762768961 -10.708466121357993 -9.30557432978052 -2.7553049402184726 -11.663813237226162 -8.245928541040612 -10.119395311166848 -13.345310964060102 -12.831736295169607 -13.538406309077827 -10.293898741671015
10.34068136272545 -7.004947860235831 -10.692369947069142 -9.293513150660981 -9.588731045932732 -11.957824789554916 -11.478155769696201 -5.526914453319956 -3.336723465790996 4.189130870637443 -1.945724945234701 -0.03647483086205083 -8.05876782811752 -5.780074646427277 -11.516802003823596 -9.983195036468448 -3.6576063541786685 -8.25535904963594 -6.661538205955448 -10.664160106940841 -9.249622534522306 -2.650890050259953 -11.628640374070631 -8.184739620546608 -10.071729423747087 -13.33133200274341 -12.80950366802326 -13.530118694320217 -10.252878780080135
10.400801603206412 -6.932528082651004 -10.648024503853861 -9.237824401112569 -9.540057199343117 -11.92549974097643 -11.440981737246823 -5.443800687962944 -3.230462846496991 4.339676163881998 -1.8590704111417007 0.04927223815519044 -7.992551815850686 -5.700133818487995 -11.476104428341937 -9.932657406077016 -3.554846718399045 -8.191517957543473 -6.58657754615696 -10.619500188101867 -9.19326231879209 -2.5458352512852755 -11.593160325179568 -8.12314904543582 -10.023717849490392 -13.317157628728731 -12.787029321342798 -13.521670674964613 -10.211580573385337
10.460921843687375 -6.859633694324341 -10.603324693312128 -9.18173248492435 -9.491051154828565 -11.892877637447121 -11.403485819694144 -5.360156369559653 -3.1235602686623842 4.490930029386939 -1.7720678667001972 0.13541045443554411 -7.925872261340843 -5.619699780723536 -11.435072363901739 -9.88176351161367 -3.4514600868080803 -8.127240986410625 -6.511130745914215 -10.574484580526562 -9.136491406366165 -2.4401360805246597 -11.557371729265604 -8.061154430210653 -9.97535889748228 -13.302787324566017 -12.764312390971318 -13.513062011916686 -10.170002679489496
10.521042084168336 -6.786278275519191 -10.558279801730688 -9.12524846782853 -9.441722927168588 -11.859965898980143 -11.365676171717904 -5.275996701754258 -3.016034303331132 4.642865083657417 -1.6847314160746047 0.22192704039600075 -7.858741716923981 -5.5387875581107195 -11.393714569530335 -9.830523982646195 -3.347464582670192 -8.062540587352307 -6.435211778071324 -10.52912262418829 -9.079320920253195 -2.3338109447355393 -11.521282563508652 -7.99876779094042 -9.92666264323205 -13.288225762211441 -12.741358819787008 -13.504296537975991 -10.12815410281691
10.581162324649299 -6.7124416012539 -10.512876462334528 -9.06835625693299 -9.392058185789143 -11.826754071017547 -11.32754114438356 -5.1912988291642135 -2.907856258623678 4.795518694932174 -1.597035872033103 0.3088481598051698 -7.791141384022951 -5.457375395462702 -11.35201860340037 -9.778924356947389 -3.242832458860445 -7.997398819195085 -6.358799800718433 -10.483400881222273 -9.021734554774099 -2.2268314631149977 -11.484881679664092 -7.935971655414544 -9.877615068885355 -13.273466964243672 -12.718160597557462 -13.495369717802033 -10.086022447837486
10.64128256513026 -6.6381462509466616 -10.46712999007168 -9.011074148058977 -9.342073403127582 -11.793254325595228 -11.28909416007259 -5.106088095371578 -2.799057301823815 4.948846248032532 -1.5090058020682124 0.39615059166128974 -7.72309216945849 -5.375488109806369 -11.309998864756363 -9.726981939014713 -3.1375940679928793 -7.931836230523392 -6.281918055667628 -10.43733475376742 -8.963750737000336 -2.11922851925447 -11.448182141372865 -7.87278587388105 -9.828232651795368 -13.258518416496068 -12.694727368561727 -13.48628758316291 -10.043622384343234
10.701402805611222 -6.563385827793464 -10.421036280526472 -8.95339715665365 -9.291764188438876 -11.759463511173927 -11.25033166384556 -5.020357221027761 -2.6896280880555423 5.102858607277551 -1.4206321346291335 0.48384446014894467 -7.654588104758731 -5.293118995067005 -11.267651578639299 -9.674692528442119 -3.031740444092048 -7.865847319288208 -6.204559943349857 -10.390920117695543 -8.905364381470964 -2.0109928909790042 -11.411180617240824 -7.809205023397912 -9.778511219201214 -13.243378476459425 -12.671056815951507 -13.47704899395289 -10.000950246456863
10.761523046092185 -6.488158919735056 -10.374594566342257 -8.895324301525545 -9.241129735683575 -11.725381106542194 -11.211253016183722 -4.934104541795029 -2.5795662471469605 5.257557066236111 -1.3319116371078716 0.5719340777006967 -7.585627844957597 -5.210266772491078 -11.224976092654792 -9.62205562567399 -2.9252693921974537 -7.799431068181428 -6.126723998428094 -10.344156204518793 -8.84657444605887 -1.902122262667305 -11.373876592095904 -7.745228025394955 -9.7284501475953 -13.228047062520803 -12.647148673343247 -13.467654032486978 -9.958005518321453
10.821643286573146 -6.412481085068116 -10.32781546133215 -8.836868241575218 -9.190181422008283 -11.691015569850123 -11.171867528121613 -4.847347508599969 -2.4688931503759193 5.4129105342791 -1.2428606634778734 0.6604042593056261 -7.516225803801782 -5.126948613047929 -11.18198240325426 -9.569083311543285 -2.8182017632261958 -7.732601722424872 -6.048426232961965 -10.297053689593483 -8.787393669250818 -1.7926378324870207 -11.336279155998472 -7.680868578991618 -9.678060890899687 -13.212529424154605 -12.62300967473159 -13.458106955554177 -9.914798369273896
10.881763527054108 -6.336340813666439 -10.280691423640711 -8.778019879199483 -9.138911170263704 -11.656361029984907 -11.132168634361612 -4.760073091196811 -2.35759231532656 5.568939583043641 -1.153464369333825 0.7492708054160038 -7.446371267624959 -5.043152261236269 -11.138663517560492 -9.515767596784077 -2.7105216679758404 -7.6653491906232825 -5.969654783024616 -10.249604992974888 -8.727812810917737 -1.682523315270501 -11.298382073247737 -7.616116796882686 -9.62733562689099 -13.19682228670368 -12.598635375170753 -13.44840533306751 -9.871321896520335
10.941883767535069 -6.259742984128032 -10.23322590148938 -8.718783288778624 -9.087322671691673 -11.62142028647489 -11.092159377968631 -4.6722867189873005 -2.2456701866424034 5.725633499753486 -1.0637268455176847 0.8385306727756761 -7.376068739837927 -4.958883280435135 -11.0950227257917 -9.462112642795592 -2.6022354725043084 -7.597678120849378 -5.890414663125281 -10.201813585342627 -8.667835938248132 -1.5717851324020593 -11.2601883835441 -7.550977064671116 -9.576278197882218 -13.180927524330704 -12.57402808993932 -13.438550767493405 -9.827579520619523
11.002004008016032 -6.18270368872091 -10.185429871176641 -8.659171562371046 -9.035427648127712 -11.58620207944999 -11.05184938562564 -4.584006456309889 -2.133148903182729 5.882960267374242 -0.9736650289713107 0.9281679908931797 -7.305333149133955 -4.874159413673546 -11.05107036050984 -9.408130913001706 -2.4933647784916713 -7.529603247615772 -5.810722436275242 -10.153690506779025 -8.607476231992806 -1.4604452545630764 -11.221707478519338 -7.485463519421582 -9.524900417575655 -13.164850530851806 -12.549194762002463 -13.428547610927309 -9.783581691308427
11.062124248496994 -6.1052166177288925 -10.137299275307399 -8.599179781580784 -8.983221738576255 -11.550703281981534 -11.011235135519666 -4.495225138272821 -2.020019271726561 6.0409305378940354 -0.8832701567071051 1.0181924444952242 -7.234158617572047 -4.788974062024604 -11.006802687470778 -9.353818270976301 -2.383900776725494 -7.461119164383178 -5.730571595561322 -10.105231681366238 -8.54672867591903 -1.3484946223739946 -11.1829360605722 -7.419570789305681 -9.473198153829898 -13.14858964614128 -12.524133079117215 -13.418394686772677 -9.739324757900825
11.122244488977955 -6.027284046999863 -10.08883581660342 -8.538809930197448 -8.93070673736851 -11.514925311550623 -10.970318142179192 -4.405945272890533 -1.9062841139971274 6.199538615034965 -0.7925433585441151 1.108603850811495 -7.162547244708713 -4.7033299569228895 -10.96222136128879 -9.299176941021951 -2.273846321879518 -7.39222818765439 -5.649964476239102 -10.05643882503131 -8.485595228299072 -1.2359360788429186 -11.143875692678886 -7.353300972818726 -9.421173380226744 -13.132145904148123 -12.498844270004417 -13.408092924657902 -9.694810462846135
11.182364729458918 -5.948915991217749 -10.040046395328819 -8.478070216668367 -8.877889974235078 -11.47887368736221 -10.929104466068775 -4.316178089446537 -1.7919570855441866 6.3587641342614605 -0.701494611358306 1.1993931767881674 -7.090508329071892 -4.617238231451729 -10.917332898251459 -9.24421487301234 -2.163214786411587 -7.322939595548676 -5.568911383477211 -10.007318879754195 -8.424084139316665 -1.122783202802875 -11.10453232276777 -7.2866628933969935 -9.368833567931922 -13.115522766201762 -12.473332757231697 -13.397645148047078 -9.650045389073139
11.242484969939879 -5.870110459816029 -9.990929850122487 -8.41695919484323 -8.824770168396423 -11.442547563372987 -10.887593115253509 -4.225921296142899 -1.6770350502398654 6.518609547915337 -0.6101201999714507 1.2905650160292805 -7.01804001324365 -4.5306969810807765 -10.87213627196829 -9.188931126934154 -2.052003245104086 -7.253251873810808 -5.487410259644943 -9.957870681923122 -8.362193903200641 -1.0090329414685328 -11.064905094739341 -7.21965492472707 -9.316177645646544 -13.098719911465453 -12.447597999931029 -13.387051217573179 -9.605028577244195
11.302605210420841 -5.790875693516764 -9.941491891903738 -8.355483648258684 -8.771353358905944 -11.405951517672772 -10.84578910902433 -4.13518413042044 -1.561529193525235 6.679057921771354 -0.518428093643521 1.3821122796155874 -6.945149957012398 -4.443715407760504 -10.826636884391327 -9.13333233200315 -1.9402226759303542 -7.183172710851015 -5.405469583724898 -9.908099977845595 -8.299931332718558 -0.8946964334025154 -11.024998950655345 -7.152284332555627 -9.263211811216348 -13.081740230871526 -12.421643681584607 -13.376313500908006 -9.559765469305077
11.362725450901802 -5.711211964171703 -9.89173287859666 -8.29364395093691 -8.717639871404064 -11.369085900975424 -10.803692783102896 -4.043966854802586 -1.4454395552978558 6.840107453433146 -0.42641720710117026 1.4740368911828274 -6.871838413534992 -4.35629406179061 -10.780835129143213 -9.077419218355455 -1.8278732395592034 -7.112702632199707 -5.323089628699336 -9.858007131720523 -8.23729676347872 -0.7797737776059677 -10.984814314685636 -7.084551447351668 -9.209936592500725 -13.064584103342687 -12.395470189304552 -13.365432397892592 -9.51425650464282
11.422845691382765 -5.631117921525082 -9.84165207623061 -8.231439171176724 -8.663628868073996 -11.331950200172898 -10.761303516699758 -3.9522679062375508 -1.3287639093351264 7.001759410479893 -0.33408466076899357 1.5663425528103727 -6.798104127899916 -4.268431735240505 -10.734730378096017 -9.021191316906993 -1.7149528983493956 -7.0418407076296115 -5.240268997576809 -9.807591410059135 -8.174289211503929 -0.6642628293097452 -10.944350689142706 -7.016455186931498 -9.156351361803239 -13.04725139218071 -12.369077235662543 -13.354407902795165 -9.468501104932887
11.482965931863728 -5.550619585983156 -9.791267152128409 -8.168890401896505 -8.609339070048332 -11.29455843236899 -10.718636790853555 -3.8601165655561784 -1.2115383436848324 7.16396337286701 -0.2414585886482885 1.6590019229642263 -6.72397132290459 -4.180156906584557 -10.68833921437599 -8.96466838671219 -1.6014968074875857 -6.970610619775887 -5.157034479352838 -9.756870580829293 -8.1109299596082 -0.5481994141833724 -10.903623100607724 -6.948018242732861 -9.102474928742907 -13.029750562822889 -12.342475847982202 -13.343246721451434 -9.422515775333267
11.543086172344688 -5.4696956602782265 -9.740563964336566 -8.105980662453156 -8.554755362580693 -11.256899494567616 -10.675680251381685 -3.767488799419044 -1.093732724840972 7.326758371337864 -0.1485135518643328 1.7520412140343358 -6.649420189095097 -4.091446726272444 -10.641648466934736 -8.90783520694373 -1.4874758426777857 -6.898993507965707 -5.073364136687104 -9.705830429805431 -8.047201801779504 -0.43155373883404735 -10.862619737186403 -6.879222189357463 -9.04829248491863 -13.01207519516568 -12.315657485888012 -13.331943934035964 -9.376287454239627
11.603206412825651 -5.388357173732015 -9.689550102474982 -8.042718983789001 -8.49988573655537 -11.218979443566877 -10.632440559723655 -3.6743970019804015 -0.9753621689159606 7.4901223683237435 -0.05526075734707048 1.8454499698293394 -6.574461004842072 -4.00231340909086 -10.594665291270637 -8.850700450402364 -1.3729048044348535 -6.826999580562291 -4.989269321788203 -9.654478592647244 -7.983113828837318 -0.314340851931707 -10.821347121319569 -6.810076683240833 -8.993812181343408 -12.994229030235223 -12.288626972525714 -13.32050255054712 -9.329823264877817
11.663326653306612 -5.306627910971589 -9.63824174241772 -7.979124666729138 -8.444747271678619 -11.180811118542131 -10.588931893734568 -3.58086794620042 -0.8564596567684999 7.654009393638945 0.03827425069873813 1.9392033199218663 -6.499115938883613 -3.9127829850691893 -10.547404871868633 -8.793282197993292 -1.2578158356982816 -6.754650515637974 -4.904774521721347 -9.60283133775361 -7.91868551887557 -0.1965935135991792 -10.779819017147059 -6.740602441679382 -8.939051213130487 -12.97621981565676 -12.261394407985973 -13.308928698778056 -9.283138249165752
11.723446893787575 -5.224489290431116 -9.586626562249005 -7.915182913320056 -8.389326789569473 -11.14238484915889 -10.545143488542035 -3.4868806639007763 -0.7369988665069902 7.818453355764061 0.13211368067814577 2.0333242116947017 -6.423367710982498 -3.8228355559494216 -10.49985573921725 -8.735567237912438 -1.142183515769315 -6.681929902260905 -4.819860597033028 -9.550876281302418 -7.853901873070974 -0.07828571145696017 -10.738025147140693 -6.670783392663253 -8.8839966933487 -12.958041971330852 -12.233952364028509 -13.297218107899942 -9.236221037525283
11.783567134268537 -5.141951436206771 -9.53471154930904 -7.850902029989566 -8.333631603953613 -11.103706215317182 -10.501081478985537 -3.392446538269943 -0.6169936654163164 7.983434092972279 0.22624733978725375 2.127803112645236 -6.347225775719381 -3.7324823397743008 -10.452024482773254 -8.677563556431338 -1.0260214364674458 -6.608847140867781 -4.734537968418895 -9.498620453526865 -7.788771254790845 0.04056873318623033 -10.695971522539889 -6.60062838316577 -8.828656109607742 -12.93969894017758 -12.206305284853796 -13.285373541464496 -9.189078142030045
11.843687374749498 -5.059032559253218 -9.482509139051523 -7.786296836559181 -8.27767478018977 -11.06478510148742 -10.45675677053083 -3.2975860707125646 -0.4964692515367195 8.14891634332653 0.32065598502255144 2.222621362336469 -6.270707133503628 -3.6417433046847454 -10.403922785618455 -8.619285095840887 -0.9093541891535327 -6.535418903244705 -4.648825383915547 -9.44607636216304 -7.723308617235869 0.15994476261278479 -10.653668748619847 -6.530153265062424 -8.773042676911533 -12.921196704458973 -12.178460961902713 -13.273399735557446 -9.1417210775219
