web/models/mosfit_kne/mosfit_kn_3.0000/mosfit_kn_0.330399_0.3277_3.0000.dat
# %ECSV 1.0
# ---
# datatype:
# - {name: time, datatype: float64}
# - {name: PS1_g, datatype: float64}
# - {name: PS1_i, datatype: float64}
# - {name: PS1_r, datatype: float64}
# - {name: PS1_w, datatype: float64}
# - {name: PS1_y, datatype: float64}
# - {name: PS1_z, datatype: float64}
# - {name: swift_uvot_B, datatype: float64}
# - {name: swift_uvot_U, datatype: float64}
# - {name: swift_uvot_uvm2, datatype: float64}
# - {name: swift_uvot_uvw1, datatype: float64}
# - {name: swift_uvot_uvw2, datatype: float64}
# - {name: swift_uvot_V, datatype: float64}
# - {name: johnson_B, datatype: float64}
# - {name: johnson_I, datatype: float64}
# - {name: johnson_R, datatype: float64}
# - {name: johnson_U, datatype: float64}
# - {name: johnson_V, datatype: float64}
# - {name: sdss_g, datatype: float64}
# - {name: sdss_i, datatype: float64}
# - {name: sdss_r, datatype: float64}
# - {name: sdss_u, datatype: float64}
# - {name: sdss_z, datatype: float64}
# - {name: ATLAS_c, datatype: float64}
# - {name: ATLAS_o, datatype: float64}
# - {name: ukirt_H, datatype: float64}
# - {name: ukirt_J, datatype: float64}
# - {name: ukirt_K, datatype: float64}
# - {name: Clear, datatype: float64}
# meta: !!omap
# - comment: [kappa = 3.0, type = rprocess, mass = 0.33039895931513485, velocity = 0.32766666666666666, theta_obs = 0.0, tfloor = 1000.0]
# schema: astropy-2.0
time PS1_g PS1_i PS1_r PS1_w PS1_y PS1_z swift_uvot_B swift_uvot_U swift_uvot_uvm2 swift_uvot_uvw1 swift_uvot_uvw2 swift_uvot_V johnson_B johnson_I johnson_R johnson_U johnson_V sdss_g sdss_i sdss_r sdss_u sdss_z ATLAS_c ATLAS_o ukirt_H ukirt_J ukirt_K Clear
[from data line 113]
6.853707414829659 -23.48757059244024 -22.935939596242267 -23.201320233327056 -23.277784330490725 -22.537803667379546 -22.70900025041705 -23.46349557493672 -24.74198313436098 -25.33952686480575 -25.182257842991973 -25.228406857290707 -23.357743864018456 -23.47207411637376 -23.275600809525027 -23.354616766744407 -24.46913878675095 -23.363765932116763 -23.519202116726348 -22.952193672733472 -23.20364545063324 -23.716332507185918 -22.67006184946535 -23.402189366721817 -23.11320664377993 -21.578642599183976 -22.118516509184474 -21.06362199081518 -23.198353631994486
6.913827655310621 -23.551964074819605 -22.990546654151114 -23.259558977560957 -23.338295438465728 -22.588995404920134 -22.761493122603085 -23.530807128280237 -24.817754722272678 -25.439916111473075 -25.275427814572478 -25.33684972797586 -23.418705706446154 -23.539239114103502 -23.32925471387829 -23.412046067543343 -24.54320173485395 -23.424597823968135 -23.5844465660346 -23.006891364404147 -23.26187254039416 -23.790766202538443 -22.72224355800894 -23.464611855367874 -23.170101952015933 -21.625214946809482 -22.167226776651248 -21.108726886763144 -23.258346218871306
6.973947895791583 -23.61574260611146 -23.04475737423779 -23.3173205099237 -23.39829211792786 -22.63986548689317 -22.81363606027984 -23.597434580028366 -24.892649579558395 -25.53890493975509 -25.367403539345954 -25.443773343073918 -23.4791273467427 -23.605724605467632 -23.38253350106931 -23.469017300269865 -24.616425716125853 -23.484893412201156 -23.64905654534642 -23.061190695723255 -23.319622274799396 -23.864351246196218 -22.774082330425802 -23.52646794895236 -23.22655205772115 -21.671562729295722 -22.215668387068437 -21.15363660143444 -23.31784208207802
7.034068136272545 -23.678913423691075 -23.098575653055473 -23.37461001068787 -23.457779367324143 -22.69041662698969 -22.865432224038145 -23.663386349739667 -24.96667880020455 -25.63650888085361 -25.4581963363972 -25.54919070086108 -23.53901504611547 -23.671538867627703 -23.4354407182956 -23.525535285002583 -24.68882138866726 -23.544658842597027 -23.713039594918452 -23.11509559649151 -23.376899858885523 -23.937098497757123 -22.825581205080834 -23.587763926356473 -23.282561526521004 -21.71768721812723 -22.26384323824325 -21.19835201944429 -23.376845617975697
7.0941883767535066 -23.741488373431583 -23.1520090021413 -23.431436638282364 -23.516766442802766 -22.740654815233512 -22.91688817952018 -23.728675757256436 -25.039859269796967 -25.73275199688592 -25.547825333639835 -25.6531244148375 -23.59837931275707 -23.73669506787318 -23.487983433811774 -23.581608742689586 -24.760405016216833 -23.603904498462672 -23.776407950476948 -23.168613620442287 -23.43371447314757 -24.00902445762913 -22.87674659535263 -23.648510487817482 -23.33813877475082 -21.763592501648073 -22.31175625862198 -21.24287669432771 -23.43536544915274
7.154308617234468 -23.803479117238293 -23.205064796729964 -23.487809391989813 -23.57526247792805 -22.790585929325538 -22.96801037065835 -23.793315919559543 -25.1122076604085 -25.8276582536716 -25.63630961270354 -25.755597225833892 -23.657230475012014 -23.80120617594184 -23.540168586860208 -23.637246243784517 -24.831192645337207 -23.662640587514808 -23.839173660125805 -23.221752184328608 -23.490075137521558 -24.08014540474138 -22.927584795880875 -23.708718171921674 -23.39329207477162 -21.80928258641536 -22.35941228190157 -21.28721410548669 -23.493410098819236
7.214428857715431 -23.864896563484486 -23.257749822576752 -23.543736615891824 -23.633275957828932 -22.840215321588104 -23.01880469135691 -23.85731914675419 -25.183739724545422 -25.921250515457185 -25.723667288225442 -25.85663089000429 -23.71557815336517 -23.865084361472743 -23.59200254565873 -23.692455721524645 -24.90119942023669 -23.720876615193728 -23.90134800463434 -23.274518113683254 -23.545990215558614 -24.15047670709294 -22.978101557852284 -23.768396808722514 -23.44802907436277 -21.85476103843843 -22.406815663079378 -21.331367316786306 -23.55098746993244
7.274549098196393 -23.925751244505413 -23.310070573082537 -23.59922632613502 -23.69081506324065 -22.889548087475706 -23.06927676493487 -23.92069734354105 -25.254470764455466 -26.013551211094214 -25.809916116284164 -25.956246903969017 -23.77343161035836 -23.928341394085763 -23.643491396530695 -23.74724479233021 -24.970440038575436 -23.778621733359714 -23.962941881862356 -23.3269179407025 -23.601467741658322 -24.22003328065326 -23.02830236579922 -23.82755588058341 -23.502357112563672 -21.900031212795717 -22.453970526059894 -21.375339193837274 -23.608105184187824
7.3346693386773545 -23.986051324694486 -23.362031645508807 -23.654284463289095 -23.747885826974446 -22.938587597292646 -23.119430424191627 -23.98345990284523 -25.324413190141453 -26.10457890457717 -25.89507033841338 -26.05446273207289 -23.830797895862858 -23.990986542255865 -23.694639377809487 -23.801619039752843 -25.03892637776951 -23.83588289028244 -24.023963781224005 -23.378956296877558 -23.656513674066932 -24.28882720144321 -23.078190929919167 -23.886202606641547 -23.556281524366476 -21.945094969709317 -22.50087939413147 -21.41913117911393 -23.66476875649507
7.394789579158316 -24.045814221276594 -23.41364509696497 -23.708925089842268 -23.80450287782402 -22.987344057896415 -23.169276576067936 -24.04562599484428 -25.393590755904025 -26.19436825297058 -25.97915905250323 -26.151313715471808 -23.88769267146274 -24.05303883043342 -23.74545801481147 -23.855592026148067 -25.10668133666342 -23.892675626445797 -24.084431600365264 -23.430645289986938 -23.71114208906949 -24.35688163060675 -23.127777978652357 -23.94435311467184 -23.609815530161633 -21.989960154649598 -22.547551172130955 -21.462750425904527 -23.72099222826657
7.454909819639278 -24.10504000827638 -23.464909025534553 -23.763147048610573 -23.860664843410273 -23.035814907975 -23.218812905039385 -24.107196443655916 -25.462005980250577 -26.282924326564213 -26.062184163326627 -26.24680290564513 -23.944115436840498 -24.114498988030423 -23.795945205704527 -23.909162375154757 -25.173707159784506 -23.948999365746936 -24.1443456011695 -23.48198303724841 -23.76535184716129 -24.424198948262177 -23.177061126593728 -24.00200686956495 -23.662957597050838 -22.034623463763122 -22.593982865171682 -21.50619345446104 -23.776773820358503
7.51503006012024 -24.163738069217864 -23.515829006317315 -23.816957336576436 -23.916378983470814 -23.08400442562741 -23.26804417804407 -24.16818191984226 -25.529672827455485 -26.370268476362412 -26.144162585385438 -26.34095142996712 -24.000074347455655 -24.17537756851582 -23.84610614872968 -23.962336717680845 -25.240017208558385 -24.004862167429227 -24.20371551386209 -23.532975149721906 -23.819149959243777 -24.490792716946448 -23.22604501350863 -24.05917229204638 -23.715714103417778 -22.079087562416785 -22.640177852453238 -21.54946247412855 -23.832120311869414
7.575150300601202 -24.22193152484507 -23.566421830042596 -23.870375100568157 -23.971665364346784 -23.131927222142235 -23.31698583191308 -24.228607566584667 -25.59662191694418 -26.456445282409348 -26.225132768240638 -26.433806078711 -24.055590398947537 -24.235699567119354 -23.89595701313085 -24.015133631914278 -25.305641051676215 -24.060284902703085 -24.26256502356562 -23.583638477347435 -23.872555580927184 -24.556692795748614 -23.274744869713473 -24.11587105443953 -23.768103242541567 -22.12336424045398 -22.68614920065657 -21.59256842852661 -23.88705118674144
7.635270541082164 -24.27963012733949 -23.616693513097662 -23.923407746566596 -24.026531714343395 -23.179588047408597 -23.36564309381238 -24.288484389424518 -25.66286751670697 -26.541476595058157 -26.305112269070108 -26.525388861628766 -24.110672123515606 -24.295475880712413 -23.945503448269598 -24.067560170713815 -25.370592351512535 -24.115276014203847 -24.320904222568096 -23.633979071543738 -23.925576129900694 -24.621913040165442 -23.32316579915206 -24.172111982522182 -23.820131824652346 -22.167456667073445 -22.73190078074821 -21.635514036218165 -23.94157373019146
7.695390781563126 -24.33682990116635 -23.666638829189104 -23.976050511230795 -24.08097300737989 -23.226981285886037 -23.414010490588737 -24.347808934153676 -25.728407322575322 -26.625361585442867 -26.384097670094544 -26.615697101596968 -24.165315193942824 -24.354702982759736 -23.99474010490649 -24.119611423110243 -25.4348686238198 -24.169831117590356 -24.378729261320302 -23.683991717863222 -23.978206857724835 -24.68645106745278 -23.371302285300875 -24.227890669714736 -23.87179483159324 -22.2113588431252 -22.777426739541777 -21.6782932307729 -23.995682600558403
7.755511022044088 -24.393554171121554 -23.716274912716866 -24.028322826141846 -24.135009665636975 -23.274121947919202 -23.462103837133856 -24.406606489899183 -25.79327202186814 -26.7081450787539 -26.46212789413923 -26.704778332395488 -24.219540835445425 -24.413406026448147 -24.043683513215488 -24.171306272945234 -25.498499508531022 -24.223971323187335 -24.43606401644157 -23.733693608282618 -24.03046720182786 -24.75033679549208 -23.419169943158238 -24.283229050006216 -23.923110777923746 -22.255083019646534 -22.82274057993069 -21.720917430200718 -24.049397690705394
7.8156312625250495 -24.424166723229543 -23.74444784116454 -24.057403242678443 -24.164698940059566 -23.301435564703148 -23.489745551553014 -24.437931983502185 -25.826684366606862 -26.74772305870262 -26.500077788670087 -26.746528636001056 -24.2492932929986 -24.444699149786477 -24.07161797348823 -24.200188047346646 -25.531487384915643 -24.253694492594327 -24.466886581337892 -23.7618891910582 -24.059543450400334 -24.78341217376034 -23.44673396222049 -24.313365206772914 -23.951862241102333 -22.28121947223199 -22.849424889227556 -21.74667465345285 -24.07897702519696
7.875751503006012 -24.430021747928734 -23.752202238720983 -24.064451107384972 -24.171272706832667 -23.309859000116973 -23.497913537036172 -24.443231975138808 -25.83035969759674 -26.746598205811555 -26.500220132889023 -26.743712311272642 -24.25581795048955 -24.450024336329847 -24.079558033621808 -24.207390560337807 -25.535493177820864 -24.260241947246715 -24.47257810493273 -23.769625950834463 -24.066594562190478 -24.787349851268132 -23.45496243834413 -24.319591103180613 -23.959166203689133 -22.29055944746841 -22.85833829750194 -21.756309906674375 -24.085636353339126
7.935871743486974 -24.435747466711355 -23.759835468410184 -24.071374823293272 -24.177720793701614 -23.318163997256338 -23.505962053268963 -24.448400080129097 -25.833895753426237 -26.745312945239345 -26.500209982193095 -26.740729793528327 -24.262216136895162 -24.455217793822225 -24.087377701623797 -24.21446962158764 -25.539361171895038 -24.26666306509508 -24.47813958898932 -23.777241468704258 -24.073521524169283 -24.791149372105004 -23.463071698785996 -24.325689471159997 -23.96634718045913 -22.299784510413684 -22.86713519366936 -21.765831312175333 -24.092170598483182
7.995991983967936 -24.441351757616054 -23.76735434545516 -24.078181600782838 -24.18405068266548 -23.32635699686243 -23.51389768401651 -24.45344448569727 -25.837301631329517 -26.74387909015229 -26.500058455683106 -26.737593881823564 -24.268495354356904 -24.460287695997 -24.095083688934242 -24.221432355469076 -25.543100278571355 -24.27296533598742 -24.483579002917963 -23.784742569749024 -24.080331544712656 -24.794819685274465 -23.47106829354381 -24.33166798315172 -23.97341223948091 -22.308900587555055 -22.875821743850437 -21.775244630260207 -24.098587197585335
8.056112224448897 -24.446808138679312 -23.774737436877462 -24.08484812895095 -24.1902378134451 -23.334418343101877 -23.521700095041282 -24.458337231267244 -25.840545049184342 -26.742251624038612 -26.499723942486195 -26.734255116454996 -24.274630899424878 -24.46520615031114 -24.102655056046622 -24.22825586301646 -25.546679093793678 -24.279124117870513 -24.48886942971992 -23.792107774107034 -24.08700132122684 -24.798329204516243 -23.478932049212613 -24.337501146689284 -23.980338752215573 -22.317890454495025 -22.884379592696256 -21.784533418710264 -24.10486182273818
8.11623246492986 -24.452132023133544 -23.78199776543534 -24.091388319642757 -24.196296702023012 -23.342360216368352 -23.529381788426473 -24.463094426828153 -25.84364416197147 -26.740454773385792 -26.499229093916554 -26.730739896150983 -24.28063734124698 -24.469989235762547 -24.110104592131975 -24.234953862052084 -25.550115355806533 -24.285153951746082 -24.494026488226908 -23.799350126725596 -24.093544761250154 -24.80169575312461 -23.486675391820473 -24.34320391056973 -23.987140309341708 -22.326765135996226 -22.892820303187786 -21.793708329334184 -24.111008885587157
8.176352705410821 -24.45741591234709 -23.7892115190769 -24.097884426931806 -24.202313659050834 -23.350253064127315 -23.537015403006745 -24.46781334821039 -25.84671021873593 -26.738641068120423 -26.498715463744524 -26.727215253476334 -24.28660143013363 -24.47473401024022 -24.117506891464277 -24.241607277430568 -25.55351747191577 -24.291141390997947 -24.499144085402076 -23.806545966964503 -24.10004409142834 -24.805028325749436 -23.494370440977175 -24.348865584565864 -23.993896963483845 -22.33558722340026 -22.901210121499957 -21.802829425074354 -24.11711395475125
8.236472945891784 -24.4625603174096 -23.796297328265297 -24.104248342785297 -24.208196080403912 -23.358021893768353 -23.544523511836903 -24.472389202210298 -25.849622911903918 -26.7366444195522 -26.498029165457595 -26.723499064451385 -24.292430062559262 -24.47933592351204 -24.12478235501511 -24.248129478351512 -25.556768288406435 -24.29699355152733 -24.50412117116759 -23.8136137570757 -24.10641123391203 -24.80820911569248 -23.501940346670462 -24.354390227279765 -24.00052305337722 -22.344290450368934 -22.909478721937955 -21.811833247544175 -24.12308525450568
8.296593186372744 -24.467566001875856 -23.80325616629669 -24.110480962568097 -24.213944819459616 -23.36566775144247 -23.551907133369454 -24.47682268821013 -25.852382759645298 -26.73446484470086 -26.497170388837183 -26.71959121217022 -24.29812407446055 -24.4837956787481 -24.131931976572957 -24.254521378075832 -25.55986835935417 -24.302711272546965 -24.508958490675 -23.82055446840539 -24.112647084117675 -24.811238668467244 -23.50938613408676 -24.359778646614654 -24.007019504208902 -22.352875960074204 -22.91762720311956 -21.820720970134687 -24.128923652355923
8.356713426853707 -24.472389530091636 -23.810052852779133 -24.116544036755467 -24.219519595078154 -23.373158358761152 -23.559132881700968 -24.48106794799439 -25.854936825830794 -26.732028558272546 -26.496070978521455 -26.715410670190515 -24.30364293764801 -24.48806753008553 -24.138921382009244 -24.26074540134354 -25.562766186303396 -24.308254127070402 -24.5136118961163 -23.827332843951883 -24.118713405771715 -24.8140651861236 -23.516674680105076 -24.364989029162682 -24.013349183547135 -22.361315439218835 -22.925625408447985 -21.829465553341457 -24.134589252266032
8.41683366733467 -24.477083031437576 -23.81673042069213 -24.122483980607576 -24.22496908695539 -23.380533548024598 -23.566241810956132 -24.485179772849037 -25.8573476946286 -26.729421179672674 -26.494810436441156 -26.71105116260444 -24.309035574103454 -24.49220614752049 -24.145792715768952 -24.266847222463152 -25.565522768250723 -24.31367092745464 -24.518134300639325 -23.833992001112723 -24.124656598767515 -24.816749994999885 -23.523846749386585 -24.370071725343312 -24.019557279535935 -22.36964433957977 -22.93351082768938 -21.83810103898812 -24.140130321266717
