web/models/mosfit_kne/mosfit_kn_3.0000/mosfit_kn_0.062996_0.3120_3.0000.dat
# %ECSV 1.0
# ---
# datatype:
# - {name: time, datatype: float64}
# - {name: PS1_g, datatype: float64}
# - {name: PS1_i, datatype: float64}
# - {name: PS1_r, datatype: float64}
# - {name: PS1_w, datatype: float64}
# - {name: PS1_y, datatype: float64}
# - {name: PS1_z, datatype: float64}
# - {name: swift_uvot_B, datatype: float64}
# - {name: swift_uvot_U, datatype: float64}
# - {name: swift_uvot_uvm2, datatype: float64}
# - {name: swift_uvot_uvw1, datatype: float64}
# - {name: swift_uvot_uvw2, datatype: float64}
# - {name: swift_uvot_V, datatype: float64}
# - {name: johnson_B, datatype: float64}
# - {name: johnson_I, datatype: float64}
# - {name: johnson_R, datatype: float64}
# - {name: johnson_U, datatype: float64}
# - {name: johnson_V, datatype: float64}
# - {name: sdss_g, datatype: float64}
# - {name: sdss_i, datatype: float64}
# - {name: sdss_r, datatype: float64}
# - {name: sdss_u, datatype: float64}
# - {name: sdss_z, datatype: float64}
# - {name: ATLAS_c, datatype: float64}
# - {name: ATLAS_o, datatype: float64}
# - {name: ukirt_H, datatype: float64}
# - {name: ukirt_J, datatype: float64}
# - {name: ukirt_K, datatype: float64}
# - {name: Clear, datatype: float64}
# meta: !!omap
# - comment: [kappa = 3.0, type = rprocess, mass = 0.06299605249512866, velocity = 0.312, theta_obs = 0.0, tfloor = 1000.0]
# schema: astropy-2.0
time PS1_g PS1_i PS1_r PS1_w PS1_y PS1_z swift_uvot_B swift_uvot_U swift_uvot_uvm2 swift_uvot_uvw1 swift_uvot_uvw2 swift_uvot_V johnson_B johnson_I johnson_R johnson_U johnson_V sdss_g sdss_i sdss_r sdss_u sdss_z ATLAS_c ATLAS_o ukirt_H ukirt_J ukirt_K Clear
[from data line 172]
10.400801603206412 5.5900339627493345 -3.291794850449943 0.18327592758788924 -1.7846478839160973 -6.8149848989752115 -5.397308934128073 9.129940539313822 15.788884637208724 29.677479941237902 11.754467169283291 14.267483675762943 3.549550655620119 7.9260032223476315 -4.845308156871893 -1.8752753901469112 14.757883457956982 2.5945283204513663 6.402574064063771 -3.2105388983369565 0.41176458708433117 16.28999016738355 -5.970736546150075 2.162352497330531 -2.290060027279246 -11.763972276890707 -9.614482981401016 -13.124260957363878 -4.070541927677436
10.460921843687375 5.6103884444930685 -3.271440368706209 0.203630409331641 -1.7642934021723455 -6.79463041723146 -5.376954452384339 9.150295021057556 15.809239118952476 29.697834422981646 11.774821651027025 14.287838157506677 3.569905137363853 7.9463577040913655 -4.824953675128159 -1.8549209084031595 14.778237939700734 2.614882802195118 6.4229285458075225 -3.1901844165932225 0.43211906882806517 16.310344649127302 -5.950382064406341 2.1827069790742826 -2.269705545535512 -11.743617795146955 -9.594128499657264 -13.103906475620144 -4.050187445933702
10.521042084168336 5.630615859261123 -3.251212953938154 0.22385782409967803 -1.7440659874042908 -6.774403002463423 -5.3567270376162845 9.17052243582561 15.829466533720531 29.718061837749698 11.79504906579508 14.308065572274732 3.590132552131908 7.96658511885942 -4.804726260360105 -1.8346934936351047 14.798465354468771 2.635110216963155 6.443155960575577 -3.1699570018251677 0.45234648359611995 16.330572063895357 -5.930154649638286 2.2029343938423374 -2.249478130767457 -11.723390380378918 -9.573901084889227 -13.08367906085209 -4.029960031165647
10.581162324649299 5.650709406903953 -3.231119406295324 0.24395137174252568 -1.7239724397614609 -6.754309454820575 -5.336633489973455 9.19061598346844 15.84956008136336 29.738155385392528 11.81514261343791 14.328159119917562 3.6102260997747555 7.98667866650225 -4.784632712717275 -1.8145999459922748 14.818558902111619 2.6552037646060027 6.463249508218407 -3.14986345418232 0.47244003123894984 16.350665611538187 -5.9100611019954385 2.2230279414851672 -2.2293845831246273 -11.70329683273607 -9.55380753724638 -13.063585513209242 -4.009866483522799
10.64128256513026 5.670651108083842 -3.2111777051154533 0.2638930729223965 -1.70403073858159 -6.734367753640704 -5.316691788793584 9.210557684648311 15.869501782543232 29.758097086572402 11.83508431461778 14.348100821097432 3.6301678009546263 8.006620367682121 -4.764691011537404 -1.794658244812404 14.83850060329149 2.6751454657858735 6.483191209398278 -3.1299217530024492 0.49238173241882066 16.370607312718057 -5.890119400815568 2.242969642665038 -2.2094428819447387 -11.6833551315562 -9.533865836066509 -13.043643812029371 -3.9899247823429285
10.701402805611222 5.690456108856399 -3.1913727043428786 0.28369807369497124 -1.6842257378090153 -6.7145627528681295 -5.296886788021009 9.230362685420886 15.889306783315806 29.777902087344973 11.854889315390356 14.367905821870007 3.6499728017271833 8.026425368454696 -4.744886010764829 -1.7748532440398292 14.858305604064064 2.6949504665584483 6.502996210170853 -3.1101167522298923 0.5121867331913954 16.390412313490632 -5.870314400043011 2.262774643437613 -2.1896378811721817 -11.663550130783625 -9.514060835293934 -13.023838811256814 -3.9701197815703715
10.761523046092185 5.710121001291402 -3.1717078119078757 0.30336296612997415 -1.6645608453740124 -6.694897860433127 -5.277221895586006 9.250027577855889 15.90897167575081 29.797566979779976 11.874554207825359 14.38757071430501 3.669637694162204 8.046090260889699 -4.725221118329826 -1.7551883516048263 14.877970496499067 2.714615358993451 6.522661102605856 -3.0904518597948893 0.5318516256263983 16.410077205925635 -5.850649507608008 2.2824395358726157 -2.169972988737179 -11.643885238348622 -9.494395942858931 -13.004173918821811 -3.9504548891353686
10.821643286573146 5.729626681383415 -3.152202131815862 0.32286864622196987 -1.6450551652820167 -6.675392180341131 -5.257716215493993 9.269533257947902 15.928477355842805 29.817072659871982 11.894059887917372 14.407076394397023 3.6891433742541997 8.065595940981712 -4.705715438237813 -1.7356826715128129 14.897476176591063 2.734121039085447 6.542166782697851 -3.070946179702876 0.5513573057184118 16.42958288601763 -5.831143827515994 2.3019452159646114 -2.1504673086451653 -11.624379558256626 -9.474890262766936 -12.984668238729798 -3.930949209043355
10.881763527054108 5.748989920768697 -3.1328388924305806 0.34223188560726925 -1.6256919258967173 -6.6560289409558315 -5.238352976108711 9.288896497333184 15.947840595228104 29.83643589925727 11.913423127302654 14.426439633782305 3.7085066136394813 8.084959180366994 -4.686352198852531 -1.7163194321275312 14.916839415976362 2.7534842784707463 6.561530022083151 -3.0515829403175943 0.5707205451036934 16.44894612540293 -5.811780588130713 2.321308455349911 -2.1311040692598837 -11.605016318871327 -9.455527023381636 -12.965304999344516 -3.9115859696580735
10.941883767535069 5.768208711960998 -3.113620101238279 0.36145067679957066 -1.6064731347044159 -6.636810149763548 -5.21913418491641 9.308115288525485 15.967059386420406 29.855654690449573 11.932641918494955 14.445658424974607 3.7277254048317827 8.104177971559295 -4.66713340766023 -1.6971006409352298 14.936058207168646 2.7727030696630477 6.580748813275452 -3.032364149125293 0.5899393362959948 16.46816491659523 -5.792561796938411 2.3405272465422122 -2.1118852780675823 -11.585797527679025 -9.436308232189353 -12.946086208152215 -3.892367178465772
11.002004008016032 5.787262241117581 -3.094566572081714 0.3805042059561359 -1.5874196055478507 -6.617756620606965 -5.2000806557598445 9.32716881768205 15.986112915576971 29.874708219606138 11.95169544765152 14.464711954131172 3.7467789339883657 8.12323150071586 -4.6480798785036646 -1.6780471117786646 14.955111736325229 2.791756598819613 6.599802342432017 -3.01331061996871 0.60899286545256 16.487218445751797 -5.773508267781828 2.3595807756987774 -2.0928317489109993 -11.56674399852246 -9.41725470303277 -12.927032678995632 -3.873313649309189
11.062124248496994 5.806167112012126 -3.075661701187151 0.3994090768506986 -1.568514734653288 -6.59885174971242 -5.181175784865282 9.346073688576613 16.005017786471534 29.893613090500704 11.970600318546083 14.483616825025734 3.7656838048829107 8.142136371610423 -4.629175007609102 -1.659142240884102 14.974016607219792 2.8106614697141756 6.61870721332658 -2.994405749074165 0.6278977363471228 16.50612331664636 -5.754603396887283 2.37848564659334 -2.0739268780164544 -11.547839127627897 -9.398349832138207 -12.908127808101087 -3.854408778414644
11.122244488977955 5.824923579342567 -3.0569052338567104 0.4181655441811216 -1.5497582673228472 -6.580095282381979 -5.162419317534841 9.364830155907054 16.023774253801975 29.912369557831145 11.989356785876524 14.502373292356175 3.7844402722133514 8.160892838940864 -4.610418540278661 -1.640385773553661 14.992773074550215 2.8294179370445987 6.637463680657021 -2.975649281743724 0.6466542036775635 16.5248797839768 -5.735846929556843 2.397242113923781 -2.0551704106860136 -11.529082660297474 -9.379593364807784 -12.889371340770646 -3.8356523110842033
11.182364729458918 5.843513164790437 -3.0383156484088403 0.43675512962900953 -1.531168681874977 -6.561505696934109 -5.143829732086971 9.383419741354924 16.042363839249845 29.930959143279015 12.007946371324394 14.520962877804045 3.8030298576612216 8.179482424388734 -4.591828954830791 -1.621796188105791 15.011362659998085 2.8480075224924866 6.656053266104891 -2.957059696295854 0.6652437891254337 16.54346936942467 -5.7172573441089725 2.415831699371651 -2.0365808252381434 -11.510493074849586 -9.361003779359896 -12.870781755322776 -3.817062725636333
11.242484969939879 5.861947752772867 -3.0198810604264104 0.45518971761143945 -1.512734093892547 -6.543071108951679 -5.125395144104541 9.401854329337354 16.060798427232275 29.94939373126144 12.026380959306824 14.539397465786475 3.8214644456436515 8.197917012371164 -4.573394366848361 -1.603361600123361 15.029797247980515 2.8664421104749165 6.674487854087321 -2.938625108313424 0.6836783771078636 16.5619039574071 -5.6988227561265425 2.434266287354081 -2.0181462372557135 -11.492058486867156 -9.342569191377466 -12.852347167340346 -3.7986281376539033
11.302605210420841 5.88022885975759 -3.001599953441687 0.473470824596145 -1.4944529869078416 -6.524790001966956 -5.107114037119818 9.420135436322077 16.07907953421698 29.967674838246158 12.044662066291547 14.557678572771199 3.839745552628375 8.21619811935587 -4.555113259863638 -1.5850804931386555 15.048078354965238 2.884723217459622 6.6927689610720265 -2.9203440013287008 0.7019594840925869 16.580185064391806 -5.680541649141819 2.4525473943387865 -1.9998651302709902 -11.473777379882451 -9.32428808439276 -12.834066060355623 -3.78034703066918
11.362725450901802 5.898346676093755 -2.983482137105522 0.4915886409323278 -1.4763351705716588 -6.506672185630773 -5.0889962207836525 9.438253252658242 16.097197350553163 29.98579265458233 12.062779882627712 14.575796389107364 3.8578633689645576 8.234315935692052 -4.536995443527473 -1.5669626768024727 15.06619617130142 2.902841033795805 6.710886777408209 -2.9022261849925357 0.720077300428752 16.59830288072799 -5.662423832805654 2.4706652106749694 -1.9817473139348252 -11.455659563546268 -9.306170268056578 -12.815948244019458 -3.762229214333015
11.422845691382765 5.916302429502771 -2.9655263836965062 0.5095443943413258 -1.458379417162643 -6.488716432221775 -5.071040467374637 9.456209006067258 16.11515310396218 30.00374840799134 12.080735636036728 14.59375214251638 3.8758191223735556 8.252271689101068 -4.519039690118457 -1.549006923393457 15.084151924710419 2.920796787204803 6.728842530817207 -2.88427043158352 0.7380330538377677 16.616258634136987 -5.644468079396638 2.4886209640839674 -1.9637915605258094 -11.43770381013727 -9.28821451464758 -12.797992490610442 -3.744273460923999
11.482965931863728 5.9341018792128075 -2.94772693398647 0.52734384405138 -1.4405799674526065 -6.470916982511721 -5.0532410176646 9.474008455777295 16.132952553672215 30.021547857701382 12.098535085746764 14.611551592226416 3.89361857208361 8.270071138811105 -4.50124024040842 -1.5312074736834205 15.101951374420473 2.938596236914857 6.7466419805272615 -2.8664709818734835 0.7558325035478042 16.63405808384704 -5.626668629686602 2.5064204137940216 -1.945992110815773 -11.419904360427216 -9.270415064937525 -12.780193040900405 -3.726474011213945
11.543086172344688 5.951742351936442 -2.9300864612628352 0.5449843167749968 -1.4229394947289897 -6.453276509788104 -5.035600544940966 9.49164892850093 16.150593026395832 30.03918833042501 12.116175558470399 14.62919206495005 3.9112590448072266 8.287711611534721 -4.483599767684786 -1.5135670009598037 15.11959184714409 2.956236709638474 6.764282453250878 -2.848830509149849 0.7734729762714387 16.651698556570658 -5.609028156962967 2.5240608865176384 -1.9283516380921384 -11.402263887703599 -9.252774592213909 -12.76255256817677 -3.708833538490328
11.603206412825651 5.969214925328021 -2.912613887871256 0.5624568901665938 -1.4054669213373927 -6.435803936396525 -5.0181279715493865 9.509121501892508 16.16806559978743 30.056660903816596 12.133648131861978 14.64666463834163 3.928731618198806 8.305184184926318 -4.466127194293207 -1.4960944275682067 15.137064420535687 2.973709283030071 6.781755026642475 -2.8313579357582697 0.790945549663018 16.669171129962255 -5.591555583571388 2.5415334599092354 -1.9108790647005591 -11.384791314312002 -9.235302018822312 -12.745079994785192 -3.691360965098749
11.663326653306612 5.986530391065301 -2.895298422133994 0.5797723559038559 -1.3881514556001306 -6.418488470659245 -5.000812505812124 9.52643696762977 16.18538106552469 30.073976369553858 12.15096359759924 14.663980104078892 3.9460470839360857 8.32249965066358 -4.4488117285559445 -1.4787789618309446 15.154379886272949 2.991024748767333 6.799070492379737 -2.81404247002099 0.8082610154002801 16.686486595699517 -5.574240117834108 2.5588489256464975 -1.8935635989632793 -11.36747584857474 -9.21798655308505 -12.727764529047912 -3.674045499361469
11.723446893787575 6.003689307289211 -2.8781395059100667 0.5969312721277653 -1.3709925393762212 -6.4013295544353355 -4.983653589588197 9.543595883853698 16.2025399817486 30.091135285777778 12.168122513823167 14.681139020302819 3.963206000159995 8.339658566887508 -4.431652812332017 -1.4616200456070174 15.171538802496858 3.0081836649912423 6.816229408603647 -2.7968835537970804 0.8254199316242072 16.703645511923426 -5.557081201610199 2.576007841870407 -1.87640468273937 -11.35031693235083 -9.20082763686114 -12.710605612824002 -3.6568865831375597
11.783567134268537 6.020679615596123 -2.861149197603172 0.6139215804346776 -1.354002231069309 -6.384339246128423 -4.966663281281303 9.560586192160592 16.219530290055513 30.10812559408468 12.185112822130062 14.698129328609713 3.9801963084669074 8.356648875194402 -4.414662504025123 -1.444629737300123 15.18852911080377 3.0251739732981546 6.833219716910559 -2.779893245490168 0.8424102399311018 16.72063582023034 -5.540090893303287 2.592998150177319 -1.8594143744324576 -11.333326624043918 -9.183837328554228 -12.69361530451709 -3.6398962748306474
11.843687374749498 6.037511296272928 -2.844317516926349 0.630753261111483 -1.3371705503924858 -6.367507565451618 -4.94983160060448 9.577417872837415 16.236361970732336 30.124957274761496 12.201944502806885 14.714961009286537 3.997027989143713 8.373480555871225 -4.3978308233483 -1.4277980566232997 15.205360791480576 3.04200565397496 6.8500513975873645 -2.7630615648133627 0.8592419206079249 16.73746750090716 -5.523259212626481 2.6098298308541423 -1.8425826937556522 -11.316494943367113 -9.167005647877422 -12.676783623840285 -3.623064594153842
11.90380761523046 6.0541863387133255 -2.827642474485952 0.6474283035518802 -1.3204955079521064 -6.350832523011221 -4.933156558164082 9.594092915277812 16.253037013172715 30.141632317201893 12.218619545247282 14.731636051726934 4.01370303158411 8.390155598311605 -4.3811557809079025 -1.4111230141829203 15.222035833920973 3.0586806964153572 6.866726440027762 -2.7463865223729655 0.8759169630483221 16.75414254334754 -5.506584170186084 2.6265048732945218 -1.825907651315255 -11.299819900926716 -9.150330605437025 -12.660108581399887 -3.6063895517134448
11.963927855711422 6.0707000935434685 -2.8111287196558266 0.6639420583820232 -1.3039817531219633 -6.3343187681810775 -4.916642803333957 9.610606670107938 16.26955076800286 30.158146072032036 12.235133300077425 14.748149806557059 4.030216786414253 8.406669353141748 -4.364642026077777 -1.3946092593527772 15.238549588751116 3.0751944512455003 6.883240194857905 -2.7298727675428225 0.8924307178784652 16.770656298177684 -5.490070415355941 2.643018628124665 -1.809393896485112 -11.283306146096573 -9.133816850606882 -12.643594826569744 -3.5898757968833017
12.024048096192384 6.087052139458731 -2.7947766737405466 0.6802941042972854 -1.2876297072067011 -6.317966722265815 -4.900290757418677 9.626958716023218 16.28590281391812 30.174498117947298 12.251485345992688 14.764501852472339 4.046568832329515 8.423021399057028 -4.348289980162497 -1.3782572134374973 15.254901634666378 3.0915464971607625 6.899592240773167 -2.7135207216275603 0.9087827637937274 16.787008344092946 -5.473718369440679 2.659370674039927 -1.7930418505698498 -11.26695410018131 -9.11746480469162 -12.627242780654482 -3.5735237509680395
