web/models/mosfit_kne/mosfit_kn_3.0000/mosfit_kn_0.218327_0.2963_3.0000.dat
# %ECSV 1.0
# ---
# datatype:
# - {name: time, datatype: float64}
# - {name: PS1_g, datatype: float64}
# - {name: PS1_i, datatype: float64}
# - {name: PS1_r, datatype: float64}
# - {name: PS1_w, datatype: float64}
# - {name: PS1_y, datatype: float64}
# - {name: PS1_z, datatype: float64}
# - {name: swift_uvot_B, datatype: float64}
# - {name: swift_uvot_U, datatype: float64}
# - {name: swift_uvot_uvm2, datatype: float64}
# - {name: swift_uvot_uvw1, datatype: float64}
# - {name: swift_uvot_uvw2, datatype: float64}
# - {name: swift_uvot_V, datatype: float64}
# - {name: johnson_B, datatype: float64}
# - {name: johnson_I, datatype: float64}
# - {name: johnson_R, datatype: float64}
# - {name: johnson_U, datatype: float64}
# - {name: johnson_V, datatype: float64}
# - {name: sdss_g, datatype: float64}
# - {name: sdss_i, datatype: float64}
# - {name: sdss_r, datatype: float64}
# - {name: sdss_u, datatype: float64}
# - {name: sdss_z, datatype: float64}
# - {name: ATLAS_c, datatype: float64}
# - {name: ATLAS_o, datatype: float64}
# - {name: ukirt_H, datatype: float64}
# - {name: ukirt_J, datatype: float64}
# - {name: ukirt_K, datatype: float64}
# - {name: Clear, datatype: float64}
# meta: !!omap
# - comment: [kappa = 3.0, type = rprocess, mass = 0.21832694463104688, velocity = 0.29633333333333334, theta_obs = 0.0, tfloor = 1000.0]
# schema: astropy-2.0
time PS1_g PS1_i PS1_r PS1_w PS1_y PS1_z swift_uvot_B swift_uvot_U swift_uvot_uvm2 swift_uvot_uvw1 swift_uvot_uvw2 swift_uvot_V johnson_B johnson_I johnson_R johnson_U johnson_V sdss_g sdss_i sdss_r sdss_u sdss_z ATLAS_c ATLAS_o ukirt_H ukirt_J ukirt_K Clear
[from data line 85]
5.170340681362725 -11.780749336430958 -14.730320290559149 -13.629340011616247 -13.75651467269197 -15.682297346754659 -15.328462623466663 -10.579784696461793 -8.993682647690768 -2.673668580389619 -7.17861148845623 -5.232325778337689 -12.665620224770581 -10.757940083119134 -15.460473139118342 -14.192321245922656 -9.22223982660799 -12.805866755709177 -11.5038508907781 -14.71036680262987 -13.601402900499124 -8.273074341022841 -15.436574986030536 -12.685241856513745 -14.214257251173805 -16.58802568706132 -16.27989651436282 -16.6404660662128 -14.23478899993004
5.2304609218436875 -11.747988270878054 -14.716910510951067 -13.608128430860429 -13.73926546536513 -15.677039608830885 -15.319948295319499 -10.539863974817944 -8.938019819650957 -2.585394665366379 -7.131384139019836 -5.186264121229666 -12.637444096068979 -10.719782720873695 -15.449494808816706 -14.17422340425021 -9.169013215057824 -12.779022800017932 -11.469352889491145 -14.696741121163033 -13.579815307743797 -8.218408334366796 -15.429119420491855 -12.659455666313608 -14.197900071954574 -16.594785767066536 -16.281172922475218 -16.650954783153452 -14.222205216853236
5.290581162324649 -11.71507106209635 -14.70329429030068 -13.586729888372204 -13.721845174743752 -15.67155847394746 -15.311216471349844 -10.49979955391499 -8.882249032561322 -2.4971481409822998 -7.084196016158231 -5.140237726255016 -12.609091201312232 -10.681487839961793 -15.438306031126913 -14.155941486404277 -9.115671150489224 -12.752006222147541 -11.434702823528706 -14.682909504333033 -13.558039425640462 -8.16362677854233 -15.421446409451 -12.633509165476688 -14.181355168773013 -16.601305837871468 -16.282216484451375 -16.66120003517628 -14.209450183880126
5.350701402805611 -11.682011878345477 -14.689483284716882 -13.565157080687644 -13.704265569171277 -15.665864460067436 -15.302278133080538 -10.459606615977386 -8.826387528832509 -2.4089502565970227 -7.037059657823512 -5.094257918296513 -12.580575220998409 -10.64307032310403 -15.426918118503831 -14.137487717325545 -9.062230599132548 -12.724830485216374 -11.399915092963706 -14.668883638534052 -13.536088020332802 -8.108746864109921 -15.413566775259042 -12.60741543844821 -14.164634488162982 -16.607594636888138 -16.283036757775786 -16.671209996303165 -14.196534901772182
5.410821643286573 -11.648797834477005 -14.675471064812786 -13.543401001875779 -13.68651858441682 -15.659953783392293 -15.293128447719528 -10.419269964556872 -8.770414872118408 -2.3207695255392506 -6.989954070448832 -5.048303084984486 -12.551884896648524 -10.60451550304585 -15.415325427517132 -14.118854074311741 -9.008671975654725 -12.697484738952214 -11.364976239030824 -14.654657024515831 -13.513951978672072 -8.053748558682603 -15.40547601977055 -12.581163765078642 -14.147730537273837 -16.613652187457802 -16.283632035788234 -16.680985861732506 -14.183452715807796
5.4709418837675345 -11.615394314902403 -14.661236649345675 -13.521435197202383 -13.66858025918388 -15.653811145928263 -15.283749852130306 -10.378749998068042 -8.714280366483429 -2.232532256316964 -6.942831674849987 -5.002325504633273 -12.522988913594563 -10.565784993503677 -15.403508671980195 -14.100016273661222 -8.954946335053908 -12.669938593788872 -11.32985042689171 -14.640208530893428 -13.491604592302924 -7.99858192469582 -15.397157315719046 -12.554724324664335 -14.130620210944791 -16.61947150220692 -16.28399154499302 -16.690523218045104 -14.170182842094583
5.531062124248497 -11.58187427289569 -14.64683063536862 -13.499319305649458 -13.650505169141667 -15.647477636605824 -15.274187245160089 -10.338128044541286 -8.65808356310664 -2.1443752793757858 -6.895778271603348 -4.9564087354806965 -12.493955062112374 -10.526957977967232 -15.391515605063965 -14.081030252473916 -8.901150456216833 -12.642258230772486 -11.294612624210796 -14.625589006485171 -13.469105962937942 -7.943345453803481 -15.388654307974523 -12.528161791399643 -14.113357382011102 -16.625079524106386 -16.284148692128433 -16.699844601959835 -14.156774270491184
5.591182364729459 -11.548194815971708 -14.632226397685066 -13.477020165376636 -13.632263217509326 -15.640933428625736 -15.264418088468954 -10.297355244809047 -8.60176236341184 -2.0562091102688944 -6.848736277270717 -4.910495304264163 -12.46474436511144 -10.487987061863823 -15.379321630048334 -14.061865453346051 -8.847224321003903 -12.61440578597824 -11.25921848251389 -14.610771646470777 -13.446422621768459 -7.887977935730799 -15.379945340857297 -12.501439031459096 -14.095912910271657 -16.6304663894636 -16.2840890730177 -16.708943237550372 -14.143200730658485
5.651302605210421 -11.514301081156066 -14.61738925182578 -13.454494974550926 -13.613815594582341 -15.634152304062923 -15.25441278196693 -10.256369292675657 -8.545238015286909 -1.9679212680097384 -6.801633976444439 -4.864513860072574 -12.435306759806643 -10.448811812059805 -15.366894593577982 -14.04248236151923 -8.793091744749681 -12.586332616046485 -11.22361132972376 -14.59572154286418 -13.42351137287979 -7.832401684263104 -15.371001924561316 -12.474508417223191 -14.078249053741096 -16.635618342800594 -16.283793249360752 -16.71780924058481 -14.129428240246042
5.7114228456913825 -11.480283965731886 -14.60238158286323 -13.431817643643189 -13.595229797697144 -15.627184533339697 -15.244226450543152 -10.215271760610555 -8.488635345488156 -1.8796840277691755 -6.754579261857767 -4.81856983518583 -12.40572655420377 -10.409531051507507 -15.354293254928042 -14.02295015034727 -8.738874009783625 -12.558120965042557 -11.18788463174404 -14.580501401300534 -13.400446718167771 -7.776740167333074 -15.361877582205015 -12.447450296113551 -14.060432366451678 -16.640567634283837 -16.283301704566924 -16.726469245477556 -14.115517184526638
5.771543086172344 -11.44610811589363 -14.587181594173284 -13.408960929186158 -13.576481164079475 -15.620013988769088 -15.233840703975012 -10.174022315559814 -8.431902975793406 -1.7914233143193163 -6.707524594725811 -4.77261574840011 -12.375971645936527 -10.370105689650092 -15.341497511400483 -14.003243770425026 -8.684521473593502 -12.529739675121208 -11.15200182103079 -14.565089275588772 -13.37720115436472 -7.720942742645462 -15.352554664793079 -12.420234130841088 -14.042438975243794 -16.64530645472254 -16.282602838522457 -16.73491802396272 -14.101446105573512
5.831663326653306 -11.411720248579744 -14.571755463997569 -13.385883177871136 -13.55753198154563 -15.612615029084367 -15.223226629982687 -10.132560475148644 -8.374964544813075 -1.7030304261923517 -6.660400993172786 -4.726583028857746 -12.345993351443749 -10.330477088763018 -15.328475990583776 -13.983324778222432 -8.629960247655053 -12.501141459335015 -11.115907868358654 -14.54945112824598 -13.353732640032874 -7.664934060139341 -15.34300534102643 -12.39281366408468 -14.024232147855091 -16.64982123267611 -16.281677574860893 -16.743145759356285 -14.087181989444808
5.891783567134269 -11.377208502785532 -14.55616360323214 -13.362656010804521 -13.538447549401784 -15.605036270870727 -15.212437574284365 -10.090984781460659 -8.317941230410177 -1.6146724987560672 -6.613312681837247 -4.680573629940884 -12.315873431886956 -10.29074107680016 -15.315285569405745 -13.96326014725264 -8.575308065993525 -12.472406043524538 -11.079693412290315 -14.533647682049828 -13.330113379819046 -7.608833993160644 -15.333281388837001 -12.365266726396591 -14.005876308583822 -16.654143011512957 -16.280564987500927 -16.751178011820006 -14.072783179334447
5.95190380761523 -11.342516064958108 -14.54036973154528 -13.33923488237824 -13.519187523060658 -15.597250072804183 -15.201442440098063 -10.049230816278822 -8.260751857190911 -1.5262342815407974 -6.56618662444723 -4.634515049897047 -12.285559914616357 -10.25083519240017 -15.301892555009974 -13.943008729225898 -8.52048635909932 -12.443482935974293 -11.043299796323343 -14.517642428888262 -13.30629841597096 -7.552562425576941 -15.323352855074504 -12.337543936272386 -13.987332118263591 -16.658256907499155 -16.279244373473496 -16.75900386774346 -14.058214305630656
6.012024048096192 -11.307630682500207 -14.52436722081135 -13.31561091413759 -13.49974401804241 -15.589252140736995 -15.190236001844433 -10.007284275315548 -8.203377524626081 -1.4376876093389717 -6.519004600105696 -4.588388760572716 -12.255041907976853 -10.210745662969249 -15.288291019604927 -13.922562576159525 -8.465476961711957 -12.414361652548534 -11.006714265722728 -14.501428679484096 -13.282278761685706 -7.496100777851513 -15.313214824926487 -12.309635015548093 -13.96859209269735 -16.66216203854288 -16.277713298281835 -16.76662350496112 -14.043468793279619
6.072144288577154 -11.272618892621491 -14.50820195836764 -13.291838348061606 -13.480166435558818 -15.581079555582988 -15.17885887515055 -9.965219473976845 -8.145909423967801 -1.3491577369167045 -6.471844211432547 -4.542270629016162 -12.22438123996507 -10.17054474195405 -15.274524208289002 -13.901972428878342 -8.410368510106558 -12.385102478464736 -10.970005221559447 -14.485052553961708 -13.258109103134785 -7.439539295909583 -15.302906735775625 -12.281598757705865 -13.949705062533955 -16.66588232488104 -16.276001698962617 -16.77405673024724 -14.028590807302024
6.132264529058116 -11.23738870674119 -14.491814032075503 -13.267844343774957 -13.460388828750531 -15.572685959582842 -15.167259271870872 -9.922932470749661 -8.088217397795407 -1.2604616595963263 -6.424590559468086 -4.496046967841302 -12.193493386980975 -10.130131638098185 -15.260536276476728 -13.881170846939643 -8.355034893297326 -12.355623266722889 -10.93307779083979 -14.468453783036459 -13.23371593362829 -7.382749413986147 -15.292378611566289 -12.253354943694283 -13.930606442107187 -16.669391519044595 -16.274074148936002 -16.78128356932399 -14.013522311454327
6.192384769539078 -11.20201396115899 -14.475254118801253 -13.24368894557102 -13.440465831397201 -15.564112157650367 -15.15548195935061 -9.880505822773397 -8.030402934999419 -1.1717390283012312 -6.377330147730316 -4.449802471900298 -12.162446901713501 -10.089586590310272 -15.246374938177933 -13.86021394161543 -8.299574731011631 -12.325990835051124 -10.89600790000679 -14.451683304432237 -13.20915979609774 -7.325831557455391 -15.281673897199699 -12.224968729217753 -13.911350206070825 -16.672715674822417 -16.27196344548903 -16.788325464453276 -13.998312071827321
6.25250501002004 -11.16647874569372 -14.458512979132792 -13.21936024007858 -13.420386775731838 -15.555351691959807 -15.143519368422513 -9.837921173669823 -7.972442227983052 -1.0829550635906164 -6.33004061688208 -4.403514642482772 -12.131227472163204 -10.048891880293048 -15.232031788799205 -13.839090910061593 -8.243965080644113 -12.296191359281286 -10.858779042386573 -14.434731805808543 -13.184428645962605 -7.268762287276935 -15.270785394831101 -12.196426572503167 -13.891926111060968 -16.675852416194697 -16.269665354265754 -16.795181308521038 -13.982950998952788
6.312625250501002 -11.13073024549415 -14.441556688876034 -13.194816694373888 -13.40011419212761 -15.546378617547507 -15.131342355374198 -9.795118665996398 -7.91425995862113 -0.9940035549548147 -6.282655376925508 -4.35711739554295 -12.099786669123535 -10.0079895421216 -15.217475303173213 -13.817763439603514 -8.18813301595836 -12.26617783902318 -10.821336704560256 -14.417565153193657 -13.15948055230221 -7.211467223278092 -15.259685036866522 -12.167682603610164 -13.87229750908567 -16.67878764612826 -16.267160371477924 -16.801840704749807 -13.967406294883986
6.372745490981964 -11.094857559658351 -14.424446021879405 -13.170130536403146 -13.379713648414011 -15.537241630820944 -15.119004467070507 -9.752198078170775 -7.855979085893594 -0.9050538892522679 -6.235279051744023 -4.310713399401202 -12.068207152005936 -9.966976473787351 -15.20276262521736 -13.796298900410193 -8.132197982516473 -12.236030778166318 -10.783772542785144 -14.400244439181318 -13.134388360989231 -7.154068032027485 -15.248424741858688 -12.138815270848298 -13.8525291667764 -16.681551993040348 -16.264487385581656 -16.808328626217325 -13.951736323582367
6.432865731462925 -11.058761263936443 -14.407115852073176 -13.145222809133319 -13.35911381135535 -15.527890139690008 -15.106449279959069 -9.709047146257863 -7.797459263116462 -0.8159097285145327 -6.187789257256515 -4.264181596910163 -12.036397394228484 -9.925743886728785 -15.187833000856703 -13.774624219420907 -8.076023950557715 -12.205661267999622 -10.745984044585786 -14.38270415537172 -13.109072379905164 -7.096426021382634 -15.236950051973217 -12.109737869208246 -13.832551069138006 -16.684116509036993 -16.261607565859677 -16.81462289263528 -13.935878327571292
6.492985971943887 -11.022531745999409 -14.3896277571808 -13.120166740552666 -13.338381096117686 -15.51837343242914 -15.09373101951235 -9.665767130205857 -7.738825339752555 -0.7267430314667171 -6.140292023894975 -4.217626113153322 -12.00444124869848 -9.884390088359968 -15.172744311769215 -13.752807660311436 -8.019732196402185 -12.175150952741197 -10.708064199272602 -14.365006203686832 -13.083606470056015 -7.038664733986604 -15.22531353088798 -12.080529929437134 -13.812428832744494 -16.68651208276747 -16.258560213210096 -16.820748629818297 -13.919891375466644
6.55310621242485 -10.986134638375962 -14.371959977836877 -13.094935497442322 -13.317491353000328 -15.508675068132085 -15.08083111234841 -9.622318967895762 -7.680027926807291 -0.6374838953548183 -6.092743442267263 -4.171003278063971 -11.972307278392382 -9.842877291118718 -15.157476399522267 -13.730824554163014 -7.963274935392867 -12.144469360609607 -10.669977506443438 -14.3471286852275 -13.057963531554382 -6.980735413772869 -15.213497326508971 -12.051161711078162 -13.79213888621699 -16.68873016641189 -16.255333179324598 -16.826699755658648 -13.903754430879971
6.613226452905812 -10.949537742527191 -14.354092156437268 -13.069503956964912 -13.29642202168813 -15.498779690015994 -15.06773219473395 -9.57866604141402 -7.621020694854241 -0.5480668585961395 -6.045102546222871 -4.1242723066102585 -11.939966020768448 -9.801170099385214 -15.142010414511706 -13.70865183735311 -7.906607345087295 -12.113587954377108 -10.631690702926928 -14.329051111391049 -13.0321181862125 -6.922592318057621 -15.201484759022463 -12.021605386097551 -13.771659194098493 -16.690762840143925 -16.251915151581287 -16.832470677117254 -13.887447879353676
6.673346693386773 -10.912798053572175 -14.336063493367952 -13.043918522370124 -13.275215170262342 -15.48871888510913 -15.054468915317578 -9.534872090645436 -7.561881967546231 -0.4585992379724706 -5.997435084322031 -4.077497705248664 -11.90747047182833 -9.759330397820992 -15.126383264994693 -13.68633281722775 -7.849805553809645 -12.08255834643447 -10.593262393167393 -14.310812883453412 -13.006117236412802 -6.864312989150836 -15.189309442456747 -11.991911181583212 -13.751031413075196 -16.692630256296038 -16.248331513183203 -16.838077959016783 -13.871009200662794
6.733466933867735 -10.875831291170215 -14.317818760960836 -13.01811224858131 -13.253810481537158 -15.478449761963962 -15.04099342607514 -9.490841918256223 -7.50249271277367 -0.36891505554672843 -5.949638190511948 -4.030577619721093 -11.87474297861397 -9.717266025965724 -15.110543443880353 -13.663805630301795 -7.79275418511218 -12.05130517007987 -10.554605678327569 -14.292358449938032 -12.979893096014514 -6.805779765434075 -15.176925218023634 -11.962005688670754 -13.730196263471868 -16.694307953772004 -16.244549385982126 -16.843502916118812 -13.854385427550984
