web/models/mosfit_kne/mosfit_kn_3.0000/mosfit_kn_0.018177_0.3903_3.0000.dat
# %ECSV 1.0
# ---
# datatype:
# - {name: time, datatype: float64}
# - {name: PS1_g, datatype: float64}
# - {name: PS1_i, datatype: float64}
# - {name: PS1_r, datatype: float64}
# - {name: PS1_w, datatype: float64}
# - {name: PS1_y, datatype: float64}
# - {name: PS1_z, datatype: float64}
# - {name: swift_uvot_B, datatype: float64}
# - {name: swift_uvot_U, datatype: float64}
# - {name: swift_uvot_uvm2, datatype: float64}
# - {name: swift_uvot_uvw1, datatype: float64}
# - {name: swift_uvot_uvw2, datatype: float64}
# - {name: swift_uvot_V, datatype: float64}
# - {name: johnson_B, datatype: float64}
# - {name: johnson_I, datatype: float64}
# - {name: johnson_R, datatype: float64}
# - {name: johnson_U, datatype: float64}
# - {name: johnson_V, datatype: float64}
# - {name: sdss_g, datatype: float64}
# - {name: sdss_i, datatype: float64}
# - {name: sdss_r, datatype: float64}
# - {name: sdss_u, datatype: float64}
# - {name: sdss_z, datatype: float64}
# - {name: ATLAS_c, datatype: float64}
# - {name: ATLAS_o, datatype: float64}
# - {name: ukirt_H, datatype: float64}
# - {name: ukirt_J, datatype: float64}
# - {name: ukirt_K, datatype: float64}
# - {name: Clear, datatype: float64}
# meta: !!omap
# - comment: [kappa = 3.0, type = rprocess, mass = 0.018176879801416274, velocity = 0.3903333333333333, theta_obs = 0.0, tfloor = 1000.0]
# schema: astropy-2.0
time PS1_g PS1_i PS1_r PS1_w PS1_y PS1_z swift_uvot_B swift_uvot_U swift_uvot_uvm2 swift_uvot_uvw1 swift_uvot_uvw2 swift_uvot_V johnson_B johnson_I johnson_R johnson_U johnson_V sdss_g sdss_i sdss_r sdss_u sdss_z ATLAS_c ATLAS_o ukirt_H ukirt_J ukirt_K Clear
[from data line 232]
14.008016032064127 9.171807140728205 0.2899783275289103 3.76504910556676 1.7971252940627735 -3.2332117209963407 -1.8155357561492202 12.711713717292692 19.370657815187595 33.25925311921677 15.336240347262162 17.849256853741814 7.13132383359899 11.507776400326485 -1.2635349788930226 1.7064977878319596 18.339656635935853 6.176301498430237 9.984347242042642 0.37123427964191436 3.993537765063202 19.87176334536242 -2.388963368171204 5.744125675309402 1.291713150699625 -8.182199098911836 -6.032709803422145 -9.542487779385008 -0.4887687496985649
14.06813627254509 9.18326814944475 0.3014393362454726 3.7765101142833224 1.8085863027793359 -3.2217507122797784 -1.804074747432658 12.723174726009237 19.382118823904158 33.27071412793333 15.347701355978707 17.86071786245836 7.142784842315552 11.519237409043047 -1.252073970176478 1.717958796548522 18.351117644652415 6.187762507146799 9.995808250759204 0.38269528835847666 4.004998773779747 19.883224354078983 -2.377502359454642 5.755586684025964 1.3031741594161694 -8.170738090195274 -6.021248794705583 -9.531026770668445 -0.47730774098200257
14.128256513026052 9.19469573683477 0.31286692363549307 3.787937701673325 1.8200138901693563 -3.2103231248897757 -1.7926471600426375 12.734602313399257 19.393546411294167 33.28214171532334 15.359128943368727 17.87214544984838 7.154212429705555 11.530664996433067 -1.2406463827864576 1.7293863839385424 18.362545232042418 6.199190094536802 10.007235838149207 0.3941228757484794 4.016426361169767 19.894651941469004 -2.366074772064639 5.767014271415984 1.31460174680619 -8.15931050280527 -6.00982120731558 -9.519599183278443 -0.46588015359199986
14.188376753507013 9.20609047178484 0.3242616585855629 3.799332436623395 1.8314086251194261 -3.198928389939706 -1.7812524250925676 12.745997048349327 19.40494114624424 33.293536450273415 15.370523678318797 17.88354018479845 7.165607164655625 11.542059731383137 -1.2292516478363877 1.7407811188886122 18.373939966992488 6.210584829486872 10.018630573099276 0.4055176106985492 4.027821096119837 19.906046676419074 -2.3546800371145693 5.7784090063660365 1.3259964817562597 -8.147915767855201 -5.9984264723655105 -9.508204448328373 -0.45448541864193004
14.248496993987976 9.217452883539927 0.33562407034063213 3.810694848378482 1.8427710368744954 -3.187565978184619 -1.7698900133374984 12.757359460104396 19.416303557999317 33.3048988620285 15.381886090073884 17.894902596553518 7.176969576410712 11.553422143138206 -1.2178892360813185 1.7521435306436814 18.385302378747575 6.221947241241959 10.029992984854363 0.4168800224536362 4.039183507874924 19.917409088174143 -2.3433176253594823 5.7897714181211235 1.3373588935113467 -8.136553356100114 -5.9870640606104235 -9.496842036573286 -0.44312300688684303
14.308617234468937 9.228783445811999 0.3469546326127215 3.8220254106505713 1.8541015991465848 -3.176235415912547 -1.758559451065409 12.768690022376486 19.4276341202714 33.31622942430058 15.393216652345956 17.906233158825607 7.188300138682783 11.564752705410296 -1.206558673809229 1.7634740929157708 18.396632941019647 6.233277803514048 10.041323547126453 0.42821058472570783 4.0505140701469955 19.928739650446232 -2.3319870630874107 5.801101980393213 1.3486894557834184 -8.125222793828025 -5.975733498338334 -9.485511474301214 -0.4317924446147714
14.3687374749499 9.240082621997754 0.35825380879847657 3.8333245868363086 1.8654007753323398 -3.164936239726792 -1.747260274879654 12.779989198562241 19.43893329645715 33.32752860048633 15.40451582853171 17.917532335011362 7.199599314868538 11.576051881596051 -1.195259497623474 1.7747732691015259 18.4079321172054 6.244576979699786 10.052622723312208 0.4395097609114629 4.0618132463327505 19.940038826631987 -2.3206878869016556 5.812401156578968 1.3599886319691734 -8.113923617642287 -5.964434322152597 -9.474212298115459 -0.42049326842901635
14.428857715430862 9.251350954057536 0.3695221408582583 3.844592918896108 1.8766691073921216 -3.1536679076669927 -1.7359919428198722 12.791257530622023 19.450201628516943 33.33879693254612 15.415784160591492 17.928800667071144 7.210867646928338 11.587320213655833 -1.1839911655636923 1.7860416011613076 18.4192004492652 6.255845311759585 10.06389105537199 0.45077809297126237 4.073081578392532 19.95130715869177 -2.309419554841856 5.82366948863875 1.3712569640289551 -8.102655285582488 -5.953165990092797 -9.46294396605566 -0.40922493636921686
14.488977955911823 9.262588933270965 0.38076012007168814 3.855830898109538 1.8879070866055514 -3.142429928453563 -1.7247539636064424 12.802495509835452 19.461439607730373 33.35003491175954 15.427022139804922 17.940038646284574 7.222105626141768 11.598558192869262 -1.1727531863502625 1.7972795803747375 18.43043842847863 6.267083290973015 10.07512903458542 0.46201607218467444 4.084319557605962 19.9625451379052 -2.298181575628444 5.8349074678521795 1.382494943242385 -8.091417306369058 -5.9419280108793675 -9.451705986842247 -0.3979869571558048
14.549098196392785 9.273797021475279 0.39196820827598344 3.8670389863138332 1.8991151748098467 -3.1312218402492675 -1.713545875402147 12.813703598039766 19.472647695934675 33.36124299996385 15.438230228009235 17.951246734488887 7.233313714346063 11.609766281073558 -1.1615450981459494 1.8084876685790328 18.441646516682926 6.27829137917731 10.086337122789715 0.4732241603889875 4.095527645810275 19.973753226109494 -2.286973487424131 5.846115556056475 1.393703031446698 -8.080209218164763 -5.930719922675072 -9.440497898637934 -0.3867788689514917
14.609218436873746 9.284975629296852 0.40314681609757486 3.878217594135407 1.9102937826314381 -3.120043232427694 -1.7023672675805557 12.82488220586134 19.483826303756253 33.372421607785434 15.449408835830809 17.96242534231046 7.244492322167637 11.62094488889515 -1.1503664903243758 1.8196662764006242 18.4528251245045 6.289469986998884 10.097515730611306 0.48440276821056116 4.106706253631849 19.984931833931086 -2.2757948796025573 5.857294163878066 1.4048816392682717 -8.069030610343189 -5.9195413148534985 -9.42931929081636 -0.37560026112991807
14.669338677354709 9.296125212143274 0.4142963989439963 3.8893671769818283 1.9214433654778418 -3.1088936495812725 -1.6912176847341343 12.83603178870776 19.494975886602674 33.38357119063185 15.46055841867723 17.973574925156882 7.255641905014058 11.63209447174157 -1.1392169074779543 1.8308158592470278 18.46397470735092 6.300619569845305 10.10866531345771 0.4955523510569826 4.11785583647827 19.99608141677749 -2.264645296756136 5.86844374672447 1.4160312221146931 -8.057881027496768 -5.908391732007077 -9.41816970796994 -0.36445067828349664
14.729458917835672 9.30724625268665 0.4254174394873722 3.900488217525222 1.9325644060212355 -3.0977726090378788 -1.6800966441907583 12.847152829251137 19.506096927146057 33.39469223117523 15.471679459220606 17.984695965700258 7.266762945557434 11.643215512284947 -1.1280958669345784 1.8419368997904215 18.475095747894315 6.311740610388699 10.119786354001103 0.5066733916003585 4.128976877021646 20.007202457320883 -2.25352425621276 5.879564787267864 1.427152262658069 -8.046759986953374 -5.897270691463683 -9.407048667426563 -0.3533296377401207
14.789579158316633 9.318339194673424 0.4365103814741289 3.9115811595119787 1.9436573480079922 -3.086679667051122 -1.6690037022040016 12.858245771237893 19.517189869132814 33.40578517316199 15.482772401207363 17.995788907687015 7.2778558875442085 11.654308454271703 -1.1170029249478217 1.8530298417771782 18.48618868988107 6.322833552375456 10.13087929598786 0.517766333587133 4.140069819008403 20.01829539930764 -2.2424313142259855 5.89065772925462 1.4382452046448435 -8.035667044966617 -5.886177749476927 -9.395955725439789 -0.34223669575334625
14.849699398797595 9.329404433184507 0.4475756199852299 3.922646398023062 1.9547225865190754 -3.075614428540039 -1.6579384636929007 12.869311009748994 19.528255107643908 33.416850411673074 15.493837639718464 18.006854146198116 7.288921126055292 11.665373692782804 -1.1059376864367207 1.8640950802882614 18.497253928392155 6.333898790886539 10.141944534498943 0.5288315720982162 4.151135057519504 20.029360637818723 -2.2313660757149023 5.9017229677657035 1.4493104431559267 -8.024601806455534 -5.8751125109658435 -9.384890486928706 -0.33117145724226305
14.909819639278556 9.34044234616838 0.45861353296908547 3.9336843110069353 1.9657604995029487 -3.0645765155561655 -1.646900550709045 12.88034892273285 19.53929302062777 33.42788832465694 15.50487555270232 18.01789205918197 7.299959039039165 11.67641160576666 -1.0948997734528652 1.8751329932721348 18.50829184137603 6.344936703870412 10.152982447482817 0.5398694850820895 4.162172970503359 20.040398550802596 -2.220328162731029 5.912760880749577 1.4603483561398 -8.01356389347166 -5.86407459798197 -9.373852573944832 -0.3201335442583897
14.969939879759519 9.351454242043964 0.4696254288446866 3.9446962068825364 1.9767723953785499 -3.0535646196805644 -1.635888654833444 12.891360818608451 19.55030491650337 33.438900220532545 15.51588744857792 18.028903955057572 7.310970934914766 11.687423501642261 -1.083887877577264 1.886144889147736 18.51930373725163 6.3559485997460134 10.163994343358418 0.5508813809576729 4.173184866378961 20.051410446678197 -2.209316266855428 5.923772776625178 1.4713602520153835 -8.00255199759606 -5.853062702106369 -9.362840678069231 -0.30912164838278855
15.03006012024048 9.36243858417912 0.4806097709798429 3.955680549017675 1.9877567375137062 -3.042580277545426 -1.6249043126982876 12.902345160743607 19.561289258638517 33.44988456266769 15.526871790713077 18.03988829719273 7.321955277049905 11.698407843777417 -1.0729035354421077 1.8971292312828922 18.530288079386768 6.366932941881152 10.174978685493556 0.5618657230928292 4.184169208514117 20.062394788813354 -2.1983319247202893 5.934757118760334 1.4823445941505398 -7.991567655460922 -5.8420783599712305 -9.351856335934093 -0.29813730624765
15.090180360721442 9.373396903213607 0.49156809001432933 3.966638868052179 1.9987150565481926 -3.0316219585109394 -1.6139459936638012 12.913303479778094 19.572247577673014 33.460842881702185 15.537830109747564 18.050846616227215 7.332913596084391 11.709366162811904 -1.0619452164076213 1.9080875503173786 18.541246398421272 6.377891260915656 10.18593700452806 0.5728240421273156 4.195127527548603 20.07335310784784 -2.187373605685803 5.945715437794821 1.4933029131850262 -7.980609336426418 -5.831120040936726 -9.340898016899606 -0.2871789872131636
15.150300601202405 9.38432952515086 0.5025007119515834 3.977571489989433 2.0096476784854467 -3.0206893365736676 -1.6030133717265471 12.924236101715348 19.58318019961027 33.47177550363944 15.548762731684818 18.06177923816447 7.343846218021663 11.720298784749158 -1.0510125944703672 1.9190201722546327 18.552179020358526 6.38882388285291 10.196869626465315 0.5837566640645697 4.206060149485857 20.084285729785094 -2.1764409837485488 5.956648059732075 1.5042355351222803 -7.969676714489164 -5.820187418999472 -9.329965394962352 -0.27624636527589175
15.210420841683366 9.395236800721616 0.5134079875223385 3.9884787655601706 2.020554954056184 -3.00978206100293 -1.592106096155792 12.935143377286103 19.594087475181013 33.48268277921019 15.559670007255573 18.072686513735224 7.3547534935924 11.731206060319913 -1.040105318899612 1.92992744782537 18.563086295929264 6.399731158423648 10.207776902036052 0.5946639396353248 4.2169674250566125 20.09519300535583 -2.1655337081777937 5.967555335302812 1.5151428106930354 -7.958769438918426 -5.809280143428735 -9.319058119391597 -0.2653390897051544
15.270541082164328 9.406119131429005 0.5242903182297276 3.9993610962675774 2.031437284763591 -2.9988997302955234 -1.581223765448403 12.946025707993492 19.604969805888413 33.49356510991758 15.570552337962962 18.083568844442613 7.365635824299807 11.742088391027302 -1.029222988192223 1.940809778532777 18.57396862663667 6.410613489131054 10.218659232743459 0.6055462703427317 4.227849755764002 20.10607533606324 -2.154651377470387 5.978437666010219 1.5260251414004244 -7.947887108211019 -5.798397812721328 -9.30817578868419 -0.25445675899774756
15.33066132264529 9.416976857957646 0.535148044758369 4.010218822796219 2.0422950112922322 -2.988042003766882 -1.5703660389197616 12.956883434522133 19.615827532417054 33.504422836446224 15.581410064491603 18.094426570971255 7.376493550828449 11.752946117555943 -1.0183652616635817 1.9516675050614183 18.58482635316531 6.421471215659696 10.2295169592721 0.6164039968713553 4.238707482292643 20.11693306259188 -2.143793650941763 5.98929539253886 1.5368828679290658 -7.937029381682378 -5.787540086192687 -9.297318062155567 -0.2435990324691062
15.390781563126252 9.42781033558079 0.5459815223815134 4.021052300419363 2.0531284889153767 -2.9772085261437375 -1.559532561296617 12.967716912145278 19.6266610100402 33.51525631406937 15.592243542114748 18.1052600485944 7.387327028451593 11.763779595179088 -1.0075317840404372 1.9625009826845627 18.595659830788456 6.43230469328284 10.240350436895245 0.6272374744944997 4.249540959915787 20.127766540215024 -2.1329601733186188 6.000128870162005 1.5477163455522103 -7.926195904059234 -5.776706608569542 -9.286484584532422 -0.2327655548459795
15.450901803607215 9.438619856638208 0.5567910434389312 4.031861821476763 2.0639380099727767 -2.9663990050863376 -1.5487230402391994 12.978526433202696 19.637470531097605 33.52606583512678 15.603053063172165 18.116069569651817 7.398136549508993 11.774589116236506 -0.9967222629830195 1.9733105037419805 18.606469351845856 6.44311421434024 10.251159957952645 0.6380469955519175 4.260350480973205 20.138576061272424 -2.122150652261201 6.010938391219405 1.558525866609628 -7.915386383001834 -5.765897087512142 -9.275675063475004 -0.22195603378856177
15.511022044088175 9.449405760049228 0.5675769468499503 4.0426477248878 2.0747239133838136 -2.9556131016753007 -1.5379371368281802 12.989312336613715 19.648256434508635 33.536851738537806 15.613838966583184 18.126855473062836 7.40892245292003 11.785375019647525 -0.9859363595720003 1.9840964071529996 18.617255255256893 6.453900117751277 10.261945861363682 0.6488328989629366 4.271136384384224 20.14936196468346 -2.111364748850164 6.021724294630442 1.5693117700206471 -7.904600479590797 -5.755111184101105 -9.264889160063968 -0.21117013037752486
15.571142284569138 9.460168399779345 0.5783395865800678 4.0534103646179 2.0854865531139133 -2.944850461945201 -1.5271744970980627 13.000074976343832 19.659019074238742 33.547614378267916 15.624601606313302 18.137618112792953 7.41968509265013 11.796137659377642 -0.9751737198418828 1.9948590468830993 18.628017894986993 6.464662757481377 10.272708501093781 0.6595955386930541 4.281899024114342 20.16012460441356 -2.1006021091200644 6.032486934360541 1.5800744097507646 -7.893837839860697 -5.744348544371006 -9.254126520333868 -0.20040749064742513
15.631262525050099 9.470908087798957 0.589079274599662 4.064150052637512 2.0962262411335253 -2.934110773925589 -1.5164348090784685 13.010814664363426 19.669758762258347 33.55835406628753 15.635341294332914 18.148357800812565 7.430424780669742 11.806877347397236 -0.9644340318222708 2.005598734902711 18.638757583006605 6.475402445500989 10.283448189113393 0.6703352267126661 4.292638712133954 20.170864292433173 -2.0898624211004524 6.043226622380153 1.5908140977703766 -7.883098151841085 -5.733608856351394 -9.243386832314256 -0.18966780262781313
