web/models/mosfit_kne/mosfit_kn_3.0000/mosfit_kn_0.051209_0.2337_3.0000.dat
# %ECSV 1.0
# ---
# datatype:
# - {name: time, datatype: float64}
# - {name: PS1_g, datatype: float64}
# - {name: PS1_i, datatype: float64}
# - {name: PS1_r, datatype: float64}
# - {name: PS1_w, datatype: float64}
# - {name: PS1_y, datatype: float64}
# - {name: PS1_z, datatype: float64}
# - {name: swift_uvot_B, datatype: float64}
# - {name: swift_uvot_U, datatype: float64}
# - {name: swift_uvot_uvm2, datatype: float64}
# - {name: swift_uvot_uvw1, datatype: float64}
# - {name: swift_uvot_uvw2, datatype: float64}
# - {name: swift_uvot_V, datatype: float64}
# - {name: johnson_B, datatype: float64}
# - {name: johnson_I, datatype: float64}
# - {name: johnson_R, datatype: float64}
# - {name: johnson_U, datatype: float64}
# - {name: johnson_V, datatype: float64}
# - {name: sdss_g, datatype: float64}
# - {name: sdss_i, datatype: float64}
# - {name: sdss_r, datatype: float64}
# - {name: sdss_u, datatype: float64}
# - {name: sdss_z, datatype: float64}
# - {name: ATLAS_c, datatype: float64}
# - {name: ATLAS_o, datatype: float64}
# - {name: ukirt_H, datatype: float64}
# - {name: ukirt_J, datatype: float64}
# - {name: ukirt_K, datatype: float64}
# - {name: Clear, datatype: float64}
# meta: !!omap
# - comment: [kappa = 3.0, type = rprocess, mass = 0.051209162050732976, velocity = 0.2336666666666667, theta_obs = 0.0, tfloor = 1000.0]
# schema: astropy-2.0
time PS1_g PS1_i PS1_r PS1_w PS1_y PS1_z swift_uvot_B swift_uvot_U swift_uvot_uvm2 swift_uvot_uvw1 swift_uvot_uvw2 swift_uvot_V johnson_B johnson_I johnson_R johnson_U johnson_V sdss_g sdss_i sdss_r sdss_u sdss_z ATLAS_c ATLAS_o ukirt_H ukirt_J ukirt_K Clear
[from data line 172]
10.400801603206412 5.575706646525198 -3.306122166674097 0.16894861136375283 -1.7989752001402337 -6.829312215199348 -5.4116362503522275 9.115613223089667 15.774557320984588 29.663152625013755 11.740139853059137 14.253156359538789 3.5352233393959827 7.911675906123477 -4.859635473096048 -1.8896027063710477 14.743556141732846 2.58020100422723 6.388246747839634 -3.224866214561093 0.397437270860177 16.275662851159414 -5.985063862374211 2.1480251811063944 -2.3043873435033824 -11.778299593114843 -9.628810297625153 -13.138588273588015 -4.084869243901572
10.460921843687375 5.595006641586622 -3.2868221716126556 0.18824860642519425 -1.7796752050787923 -6.8100122201379065 -5.392336255290786 9.134913218151109 15.79385731604603 29.6824526200752 11.759439848120579 14.27245635460023 3.554523334457424 7.930975901184919 -4.840335478034606 -1.8703027113096062 14.762856136794287 2.5995009992886713 6.407546742901076 -3.2055662194996515 0.4167372659216184 16.294962846220855 -5.96576386731277 2.167325176167836 -2.2850873484419587 -11.758999598053402 -9.609510302563711 -13.119288278526573 -4.065569248840131
10.521042084168336 5.614194325369262 -3.2676344878300156 0.2074362902078164 -1.7604875212961524 -6.790824536355284 -5.373148571508146 9.154100901933749 15.81304499982867 29.70164030385783 11.778627531903219 14.29164403838287 3.5737110182400462 7.950163584967559 -4.821147794251966 -1.8511150275269663 14.78204382057691 2.6186886830712934 6.426734426683716 -3.1863785357170293 0.4359249497042583 16.314150530003495 -5.946576183530148 2.1865128599504757 -2.265899664659319 -11.73981191427078 -9.590322618781089 -13.100100594743951 -4.046381565057509
10.581162324649299 5.6332629917825905 -3.248565821416687 0.226504956621163 -1.7414188548828236 -6.771755869941938 -5.354079905094817 9.173169568347078 15.832113666241998 29.720708970271165 11.797696198316547 14.310712704796199 3.592779684653393 7.9692322513808875 -4.802079127838637 -1.8320463611136375 14.801112486990256 2.63775734948464 6.4458030930970445 -3.1673098693037005 0.45499361611758715 16.333219196416824 -5.927507517116801 2.2055815263638046 -2.24683099824599 -11.720743247857433 -9.571253952367742 -13.081031928330605 -4.027312898644162
10.64128256513026 5.652218998669394 -3.2296098145298835 0.2454609635079663 -1.7224628479960202 -6.7527998630551345 -5.335123898208014 9.19212557523388 15.851069673128801 29.739664977157968 11.81665220520335 14.329668711683002 3.611735691540196 7.988188258267691 -4.783123120951834 -1.8130903542268342 14.82006849387706 2.6567133563714433 6.464759099983848 -3.148353862416897 0.4739496230043905 16.352175203303627 -5.908551510230016 2.224537533250608 -2.2278749913591867 -11.70178724097063 -9.55229794548094 -13.06207592144382 -4.008356891757359
10.701402805611222 5.671055691252551 -3.210773121946726 0.2642976560911059 -1.7036261554128629 -6.733963170471995 -5.316287205624857 9.210962267817038 15.869906365711959 29.758501669741126 11.835488897786508 14.34850540426616 3.6305723841233357 8.007024950850848 -4.764286428368677 -1.7942536616436768 14.838905186460199 2.6755500489546007 6.483595792567005 -3.12951716983374 0.4927863155875478 16.371011895886785 -5.889714817646858 2.2433742258337652 -2.2090382987760293 -11.68295054838749 -9.5334612528978 -13.043239228860662 -3.989520199174219
10.761523046092185 5.689766423603704 -3.1920623895955735 0.2830083884422585 -1.684915423061728 -6.715252438120842 -5.297576473273704 9.22967300016819 15.888617098063094 29.77721240209227 11.85419963013766 14.367216136617312 3.6492831164744883 8.025735683202 -4.745575696017524 -1.7755429292925242 14.857615918811351 2.6942607813057355 6.50230652491814 -3.1108064374825872 0.5114970479387004 16.38972262823792 -5.871004085295706 2.2620849581849 -2.1903275664248767 -11.664239816036337 -9.514750520546647 -13.02452849650951 -3.9708094668230665
10.821643286573146 5.7083562494950435 -3.1734725637042516 0.30159821433359824 -1.6663255971703883 -6.6966626122295025 -5.278986647382382 9.24826282605953 15.907206923954433 29.79580222798361 11.872789456029 14.385805962508652 3.667872942365828 8.044325509093323 -4.726985870126184 -1.7569531034012023 14.876205744702691 2.7128506071970753 6.52089635080948 -3.0922166115912475 0.5300868738300402 16.40831245412926 -5.852414259404366 2.28067478407624 -2.171737740533537 -11.645649990144998 -9.496160694655307 -13.00593867061817 -3.9522196409317267
10.881763527054108 5.726818695998865 -3.1550101172004297 0.32006066083742013 -1.6478631506665664 -6.678200165725681 -5.26052420087856 9.266725272563335 15.925669370458255 29.814264674487422 11.891251902532822 14.404268409012456 3.68633538886965 8.062787955597145 -4.70852342362238 -1.7384906568973804 14.894668191206513 2.731313053700897 6.539358797313302 -3.0737541650874256 0.5485493203338443 16.42677490063308 -5.833951812900544 2.2991372305800617 -2.153275294029715 -11.627187543641176 -9.477698248151485 -12.987476224114348 -3.933757194427905
10.941883767535069 5.745150918746376 -3.1366778944529017 0.3383928835849481 -1.6295309279190384 -6.659867942978153 -5.242191978131032 9.285057495310863 15.944001593205783 29.832596897234954 11.909584125280333 14.422600631759984 3.70466761161716 8.081120178344673 -4.690191200874852 -1.7201584341498524 14.913000413954041 2.749645276448425 6.55769102006083 -3.0554219423399154 0.5668815430813723 16.44510712338061 -5.815619590153034 2.3174694533275897 -2.134943071282205 -11.608855320893648 -9.459366025403957 -12.969144001366837 -3.9154249716803946
11.002004008016032 5.763352791525609 -3.1184760216736684 0.35659475636418136 -1.6113290551398052 -6.641666070198937 -5.223990105351799 9.303259368090096 15.962203465985016 29.850798770014183 11.927785998059566 14.440802504539217 3.7228694843963934 8.099322051123906 -4.671989328095619 -1.7019565613706191 14.931202286733257 2.7678471492276584 6.575892892840063 -3.037220069560682 0.5850834158606055 16.463308996159842 -5.797417717373801 2.335671326106823 -2.1167411985029716 -11.590653448114415 -9.441164152624724 -12.950942128587604 -3.8972230989011614
11.062124248496994 5.781423356885256 -3.1004054563140393 0.3746653217238105 -1.593258489780176 -6.62359550483929 -5.20591953999217 9.321329933449725 15.980274031344646 29.868869335373812 11.945856563419195 14.458873069898846 3.7409400497560403 8.117392616483535 -4.65391876273599 -1.68388599601099 14.949272852092903 2.7859177145872875 6.593963458199692 -3.0191495042010352 0.6031539812202347 16.48137956151947 -5.779347152014154 2.353741891466452 -2.0986706331433425 -11.572582882754785 -9.423093587265095 -12.932871563227957 -3.8791525335415145
11.122244488977955 5.799359872960519 -3.082468940238776 0.39260183779907365 -1.575321973704913 -6.605658988764027 -5.187983023916907 9.339266449524988 15.998210547419909 29.886805851449086 11.963793079494476 14.476809585974127 3.7588765658313035 8.135329132558798 -4.635982246660709 -1.6659494799357268 14.967209368168167 2.8038542306625507 6.611899974274955 -3.001212988125772 0.6210904972955156 16.499316077594735 -5.761410635938891 2.371678407541715 -2.0807341170680616 -11.554646366679522 -9.405157071189832 -12.914935047152694 -3.8612160174662513
11.182364729458918 5.817156194960091 -3.0646726182392037 0.41039815979864613 -1.5575256517053404 -6.587862666764455 -5.170186701917334 9.35706277152456 16.01600686941948 29.904602173448648 11.98158940149403 14.494605907973682 3.776672887830876 8.15312545455837 -4.618185924661154 -1.6481531579361544 14.985005690167739 2.821650552662123 6.629696296274528 -2.9834166661261996 0.6388868192950703 16.517112399594307 -5.743614313939318 2.3894747295412877 -2.062937795068489 -11.53685004467995 -9.38736074919026 -12.897138725153122 -3.843419695466679
11.242484969939879 5.834818521298484 -3.0470102919007935 0.4280604861370385 -1.539863325366948 -6.570200340426062 -5.152524375578924 9.37472509786297 16.033669195757874 29.92226449978705 11.99925172783244 14.512268234312092 3.7943352141692683 8.170787780896763 -4.600523598322744 -1.630490831597762 15.002668016506131 2.8393128790005155 6.64735862261292 -2.9657543397878072 0.6565491456334804 16.5347747259327 -5.725951987600926 2.40713705587968 -2.0452754687300967 -11.519187718341557 -9.369698422851867 -12.87947639881473 -3.8257573691282865
11.302605210420841 5.852343016549213 -3.0294857966500643 0.4455849813877677 -1.522338830116201 -6.552675845175333 -5.134999880328195 9.3922495931137 16.05119369100862 29.93978899503778 12.01677622308317 14.529792729562821 3.8118597094199975 8.18831227614751 -4.582999103072015 -1.612966336347015 15.02019251175686 2.8568373742512447 6.664883117863667 -2.948229844537078 0.6740736408842096 16.552299221183446 -5.7084274923501965 2.424661551130427 -2.0277509734793675 -11.501663223090828 -9.352173927601138 -12.861951903564 -3.8082328738775573
11.362725450901802 5.869721486632926 -3.012107326566351 0.46296345147149864 -1.504960360032488 -6.53529737509162 -5.117621410244482 9.409628063197413 16.068572161092334 29.957167465121504 12.034154693166883 14.547171199646534 3.8292381795037107 8.205690746231223 -4.565620632988302 -1.5955878662633018 15.037570981840592 2.8742158443349757 6.68226158794738 -2.930851374453365 0.6914521109679228 16.56967769126716 -5.691049022266483 2.44204002121414 -2.0103725033956543 -11.484284753007097 -9.334795457517407 -12.844573433480287 -3.790854403793844
11.422845691382765 5.8869643418858075 -2.99486447131347 0.48020630672436226 -1.4877175047796065 -6.5180545198387385 -5.1003785549916 9.426870918450295 16.085815016345215 29.974410320374385 12.051397548419764 14.564414054899416 3.846481034756592 8.222933601484105 -4.54837777773542 -1.5783450110104205 15.054813837093455 2.891458699587857 6.6995044432002615 -2.9136085192004835 0.7086949662208042 16.58692054652004 -5.673806167013602 2.4592828764670216 -1.993129648142773 -11.467041897754216 -9.317552602264543 -12.827330578227405 -3.7736115485409627
11.482965931863728 5.904064152600856 -2.9777646605984387 0.4973061174394111 -1.4706176940645754 -6.50095470912369 -5.083278744276569 9.443970729165326 16.102914827060246 29.991510131089424 12.068497359134813 14.581513865614447 3.863580845471641 8.240033412199136 -4.531277967020389 -1.5612452002953894 15.071913647808504 2.908558510302888 6.716604253915293 -2.8965087084854346 0.7257947769358353 16.604020357235072 -5.656706356298553 2.4763826871820527 -1.976029837427724 -11.449942087039185 -9.300452791549494 -12.810230767512357 -3.756511737825914
11.543086172344688 5.921015686948348 -2.9608131262509474 0.5142576517869024 -1.4536661597170841 -6.484003174776198 -5.066327209929078 9.460922263512817 16.119866361407738 30.008461665436908 12.085448893482287 14.598465399961938 3.8805323798191322 8.256984946546627 -4.514326432672898 -1.544293665947898 15.088865182155995 2.9255100446503794 6.733555788262784 -2.8795571741379433 0.7427463112833266 16.620971891582563 -5.639754821951062 2.493334221529544 -1.9590783030802328 -11.432990552691694 -9.283501257202003 -12.793279233164865 -3.7395602034784226
11.603206412825651 5.937828429472489 -2.944000383726788 0.531070394311044 -1.4368534171929426 -6.467190432252057 -5.049514467404919 9.477735006036976 16.13667910393188 30.025274407961057 12.102261636006446 14.615278142486098 3.897345122343274 8.273797689070769 -4.497513690148739 -1.5274809234237565 15.105677924680137 2.942322787174521 6.7503685307869254 -2.8627444316138018 0.7595590538074859 16.637784634106705 -5.62294207942692 2.5101469640536855 -1.9422655605560912 -11.416177810167552 -9.266688514677861 -12.776466490640724 -3.722747460954281
11.663326653306612 5.954494828126524 -2.927333985072753 0.5477367929650789 -1.4201870185388898 -6.450524033598022 -5.032848068750884 9.494401404691011 16.153345502585932 30.0419408066151 12.118928034660481 14.631944541140133 3.9140115209973088 8.290464087724821 -4.480847291494704 -1.5108145247697038 15.122344323334172 2.958989185828556 6.767034929440978 -2.846078032959767 0.7762254524615209 16.654451032760758 -5.606275680772885 2.5268133627077383 -1.9255991619020563 -11.399511411513517 -9.250022116023827 -12.759800091986689 -3.706081062300246
11.723446893787575 5.971015043284957 -2.91081376991432 0.5642570081235299 -1.4036668033804567 -6.434003818439589 -5.0163278535924505 9.510921619849444 16.169865717744365 30.058461021773535 12.135448249818914 14.648464756298566 3.930531736155742 8.306984302883254 -4.464327076336271 -1.4942943096112706 15.138864538492605 2.975509400987007 6.783555144599411 -2.8295578178013336 0.792745667619954 16.67097124791919 -5.589755465614452 2.5433335778661714 -1.909078946743623 -11.382991196355066 -9.233501900865376 -12.743279876828256 -3.689560847141813
11.783567134268537 5.98738874735373 -2.894440065845547 0.5806307121922849 -1.3872930993116839 -6.417630114370816 -4.999954149523678 9.527295323918217 16.186239421813138 30.074834725842297 12.151821953887687 14.664838460367339 3.9469054402245147 8.323358006952027 -4.447953372267498 -1.4779206055424978 15.155238242561378 2.991883105055762 6.799928848668184 -2.813184113732561 0.8091193716887268 16.687344951987964 -5.573381761545679 2.5597072819349442 -1.8927052426748503 -11.366617492286311 -9.21712819679662 -12.726906172759483 -3.67318714307304
11.843687374749498 6.003618199034708 -2.878210614164569 0.5968601638732629 -1.3710636476307236 -6.401400662689838 -4.9837246978427 9.543524775599195 16.202468873494098 30.091064177523275 12.168051405568665 14.681067912048317 3.9631348919054927 8.339587458633005 -4.43172392058652 -1.4616911538615198 15.171467694242356 3.00811255673674 6.816158300349144 -2.796954662051583 0.8253488233697048 16.703574403668924 -5.557152309864701 2.5759367336159045 -1.8764757909938723 -11.350388040605333 -9.200898745115643 -12.710676721078505 -3.656957691392062
11.90380761523046 6.0197013992469905 -2.8621274139522868 0.612943364085563 -1.3549804474184235 -6.385317462477538 -4.967641497630417 9.559607975811478 16.218552073706398 30.10714737773557 12.184134605780947 14.697151112260599 3.979218092117793 8.355670658845288 -4.415640720374237 -1.4456079536492374 15.187550894454656 3.02419575694904 6.8322415005614445 -2.7808714618392827 0.8414320235819872 16.719657603881224 -5.541069109652401 2.5920199338282046 -1.86039259078159 -11.334304840393033 -9.184815544903342 -12.694593520866205 -3.640874491179762
11.963927855711422 6.035633300205578 -2.846195512993699 0.6288752650441509 -1.3390485464598356 -6.36938556151895 -4.951709596671829 9.575539876770065 16.234483974664986 30.123079278694153 12.200066506739535 14.713083013219187 3.9951499930763807 8.371602559803875 -4.3997088194156495 -1.4296760526906496 15.203482795413244 3.040127657907628 6.848173401520032 -2.7649395608807126 0.8573639245405751 16.735589504839812 -5.525137208693831 2.6079518347867925 -1.844460689823002 -11.318372939434445 -9.168883643944755 -12.678661619907635 -3.624942590221174
12.024048096192384 6.051424024933851 -2.830404788265426 0.6446659897724061 -1.3232578217315627 -6.353594836790695 -4.9359188719435565 9.591330601498338 16.25027469939326 30.13887000342242 12.215857231467808 14.72887373794746 4.010940717804636 8.387393284532148 -4.383918094687377 -1.4138853279623766 15.219273520141499 3.055918382635883 6.863964126248288 -2.7491488361524397 0.873154649268848 16.751380229568085 -5.509346483965558 2.6237425595150654 -1.8286699650947291 -11.30258221470619 -9.1530929192165 -12.662870895179362 -3.609151865492919
