web/models/mosfit_kne/mosfit_kn_3.0000/mosfit_kn_0.002290_0.2807_3.0000.dat
# %ECSV 1.0
# ---
# datatype:
# - {name: time, datatype: float64}
# - {name: PS1_g, datatype: float64}
# - {name: PS1_i, datatype: float64}
# - {name: PS1_r, datatype: float64}
# - {name: PS1_w, datatype: float64}
# - {name: PS1_y, datatype: float64}
# - {name: PS1_z, datatype: float64}
# - {name: swift_uvot_B, datatype: float64}
# - {name: swift_uvot_U, datatype: float64}
# - {name: swift_uvot_uvm2, datatype: float64}
# - {name: swift_uvot_uvw1, datatype: float64}
# - {name: swift_uvot_uvw2, datatype: float64}
# - {name: swift_uvot_V, datatype: float64}
# - {name: johnson_B, datatype: float64}
# - {name: johnson_I, datatype: float64}
# - {name: johnson_R, datatype: float64}
# - {name: johnson_U, datatype: float64}
# - {name: johnson_V, datatype: float64}
# - {name: sdss_g, datatype: float64}
# - {name: sdss_i, datatype: float64}
# - {name: sdss_r, datatype: float64}
# - {name: sdss_u, datatype: float64}
# - {name: sdss_z, datatype: float64}
# - {name: ATLAS_c, datatype: float64}
# - {name: ATLAS_o, datatype: float64}
# - {name: ukirt_H, datatype: float64}
# - {name: ukirt_J, datatype: float64}
# - {name: ukirt_K, datatype: float64}
# - {name: Clear, datatype: float64}
# meta: !!omap
# - comment: [kappa = 3.0, type = rprocess, mass = 0.0022901433483143324, velocity = 0.2806666666666667, theta_obs = 0.0, tfloor = 1000.0]
# schema: astropy-2.0
time PS1_g PS1_i PS1_r PS1_w PS1_y PS1_z swift_uvot_B swift_uvot_U swift_uvot_uvm2 swift_uvot_uvw1 swift_uvot_uvw2 swift_uvot_V johnson_B johnson_I johnson_R johnson_U johnson_V sdss_g sdss_i sdss_r sdss_u sdss_z ATLAS_c ATLAS_o ukirt_H ukirt_J ukirt_K Clear
[from data line 295]
17.795591182364728 13.730508169665399 4.848679356466121 8.323750134503953 6.3558263229999845 1.3254893079408525 2.7431652727879907 17.270414746229886 23.9293588441248 37.817954148153966 19.894941376199355 22.407957882679007 11.690024862536184 16.066477429263696 3.2951660500441706 6.26519881676917 22.898357664873053 10.73500252736743 14.543048270979835 4.9299353085791076 8.552238794000395 24.430464374299625 2.169737660765989 10.302826704246613 5.850414179636818 -3.6234980699746435 -1.4740087744849526 -4.983786750447814 4.069932279238628
17.85571142284569 13.744705311431353 4.862876498232076 8.337947276269926 6.370023464765939 1.3396864497068073 2.7573624145539455 17.28461188799584 23.94355598589076 37.832151289919935 19.90913851796531 22.42215502444496 11.704222004302139 16.08067457102965 3.3093631918101254 6.279395958535125 22.912554806639008 10.749199669133402 14.557245412745807 4.944132450345062 8.56643593576635 24.44466151606558 2.183934802531944 10.317023846012567 5.864611321402773 -3.609300928208671 -1.45981163271898 -4.96958960868186 4.084129421004583
17.915831663326653 13.758864000087474 4.877035186888197 8.352105964926047 6.38418215342206 1.3538451383629457 2.771521103210066 17.29877057665196 23.95771467454688 37.84630997857605 19.92329720662143 22.436313713101082 11.71838069295826 16.09483325968577 3.323521880466246 6.293554647191246 22.926713495295132 10.763358357789523 14.571404101401928 4.958291139001183 8.58059462442247 24.458820204721707 2.1980934911880645 10.331182534668688 5.8787700100588935 -3.5951422395525503 -1.4456529440628594 -4.955430920025739 4.098288109660704
17.975951903807616 13.772990133375451 4.891161320176174 8.366232098214006 6.398308286710037 1.3679712716509052 2.7856472364980434 17.31289670993994 23.97184080783485 37.86043611186403 19.937423339909408 22.45043984638906 11.732506826246237 16.10895939297375 3.3376480137542233 6.307680780479223 22.940839628583106 10.7774844910775 14.585530234689905 4.97241727228916 8.594720757710448 24.472946338009677 2.2122196244760417 10.345308667956665 5.892896143346871 -3.581016106264573 -1.4315268107749 -4.941304786737762 4.112414242948681
18.036072144288575 13.787082399588897 4.90525358638962 8.38032436442747 6.412400552923483 1.3820635378643686 2.799739502711489 17.326988976153384 23.985933074048305 37.87452837807748 19.951515606122864 22.464532112602516 11.7465990924597 16.123051659187194 3.351740279967669 6.321773046692669 22.95493189479655 10.791576757290946 14.599622500903351 4.986509538502606 8.608813023923894 24.48703860422313 2.226311890689505 10.359400934170111 5.9069884095603165 -3.5669238400511274 -1.4174345445614365 -4.927212520524298 4.1265065091621445
18.096192384769537 13.80114073097193 4.919311917772653 8.394382695810485 6.426458884306516 1.3961218692473842 2.8137978340945224 17.341047307536417 23.99999140543133 37.888586709460505 19.965573937505887 22.47859044398554 11.760657423842716 16.137109990570227 3.3657986113507024 6.335831378075702 22.968990226179585 10.805635088673961 14.613680832286384 5.000567869885639 8.622871355306927 24.501096935606157 2.240370222072521 10.373459265553144 5.92104674094335 -3.552865508668112 -1.4033762131784209 -4.913154189141283 4.14056484054516
18.1563126252505 13.815165221165469 4.933336407966191 8.408407186004041 6.4404833745000545 1.4101463594409225 2.8278223242880607 17.355071797729956 24.014015895624876 37.90261119965405 19.979598427699425 22.492614934179077 11.774681914036254 16.151134480763766 3.3798231015442406 6.34985586826924 22.983014716373127 10.819659578867517 14.627705322479923 5.0145923600791775 8.636895845500465 24.515121425799702 2.254394712266059 10.387483755746683 5.935071231136888 -3.538841018474556 -1.3893517229848649 -4.899129698947744 4.154589330738698
18.216432865731463 13.829155989722945 4.94732717652365 8.4223979545615 6.454474143057514 1.4241371279983994 2.84181309284552 17.369062566287433 24.028006664182335 37.916601968211516 19.993589196256895 22.506605702736547 11.788672682593731 16.165125249321225 3.3938138701017175 6.3638466368266995 22.997005484930593 10.833650347424976 14.641696091037382 5.0285831286366545 8.650886614057942 24.52911219435716 2.268385480823536 10.401474524304142 5.949061999694365 -3.5248502499170966 -1.3753609544274057 -4.8851389303902675 4.168580099296175
18.276553106212425 13.843113161841174 4.961284348641897 8.436355126679729 6.46843131517576 1.438094300116628 2.855770264963766 17.38301973840566 24.041963836300575 37.93055914032974 20.00754636837513 22.520562874854782 11.80262985471196 16.17908242143947 3.407771042219946 6.377803808944946 23.01096265704883 10.847607519543205 14.65565326315561 5.042540300754883 8.66484378617617 24.5430693664754 2.2823426529417645 10.415431696422388 5.9630191718125936 -3.510893077798868 -1.3614037823091771 -4.871181758272039 4.182537271414404
18.336673346693384 13.857036856284317 4.975208043085022 8.450278821122872 6.482355009618885 1.452017994559771 2.8696939594068915 17.396943432848786 24.055887530743707 37.94448283477289 20.021470062818263 22.534486569297915 11.816553549155103 16.193006115882596 3.4216947366630714 6.391727503388071 23.024886351491965 10.861531213986348 14.669576957598753 5.056463995198026 8.678767480619314 24.556993060918533 2.2962663473849076 10.429355390865513 5.976942866255737 -3.496969383355725 -1.347480087866034 -4.857258063828896 4.196460965857547
18.396793587174347 13.870927195204406 4.989098382005128 8.46416916004296 6.4962453485389915 1.4659083334798595 2.8835842983269977 17.410833771768893 24.069777869663803 37.95837317369298 20.035360401738362 22.548376908218014 11.830443888075191 16.206896454802703 3.4355850755831776 6.405617842308177 23.038776690412064 10.875421552906436 14.68346729651886 5.0703543341181145 8.692657819539402 24.57088339983863 2.310156686304996 10.44324572978562 5.990833205175825 -3.4830790444356365 -1.3335897489459456 -4.843367724908807 4.210351304777635
18.45691382765531 13.884784299971678 5.0029554867724 8.478026264810232 6.510102453306246 1.4797654382471315 2.8974414030942697 17.424690876536165 24.083634974431078 37.97223027846025 20.049217506505634 22.562234012985286 11.844300992842463 16.220753559569975 3.4494421803504496 6.419474947075449 23.052633795179325 10.889278657673708 14.697324401286114 5.0842114388853865 8.706514924306674 24.584740504605904 2.324013791072268 10.457102834552874 6.004690309943097 -3.4692219396683646 -1.3197326441786736 -4.829510620141535 4.224208409544907
18.517034068136272 13.898608291451442 5.016779478252165 8.491850256290014 6.523926444786028 1.493589429726896 2.911265394574034 17.43851486801593 24.09745896591084 37.98605426994002 20.0630414979854 22.57605800446505 11.858124984322227 16.23457755104974 3.463266171830214 6.433298938555214 23.0664577866591 10.90310264915349 14.711148392765896 5.098035430365151 8.720338915786439 24.598564496085665 2.3378377825520325 10.470926826032656 6.0185143014228615 -3.4553979481885824 -1.3059086526988914 -4.815686628661771 4.238032401024672
18.577154308617235 13.912399292496591 5.030570479297314 8.505641257335146 6.537717445831159 1.507380430772045 2.9250563956191833 17.452305869061078 24.111249966955988 37.99984527098516 20.07683249903054 22.589849005510192 11.871915985367377 16.24836855209487 3.477057172875363 6.447089939600345 23.08024878770424 10.916893650198622 14.724939393811027 5.1118264314103 8.734129916831588 24.612355497130814 2.3516287835971816 10.484717827077787 6.032305302468011 -3.441606947143451 -1.29211765165376 -4.801895627616622 4.251823402069821
18.637274549098194 13.926157424538488 5.0443286113392105 8.51939938937706 6.551475577873074 1.5211385628139595 2.93881452766108 17.466064001102975 24.125008098997895 38.01360340302707 20.090590631072455 22.603607137552096 11.885674117409291 16.262126684136785 3.49081530491726 6.46084807164226 23.094006919746143 10.930651782240536 14.738697525852942 5.125584563452197 8.747888048873484 24.62611362917272 2.3653869156390783 10.498475959119702 6.046063434509907 -3.4278488151015365 -1.2783595196118456 -4.788137495574725 4.265581534111735
18.697394789579157 13.939882803832493 5.058053990633216 8.533124768671065 6.565200957167079 1.5348639421079646 2.952539906955085 17.47978938039698 24.1387334782919 38.02732878232107 20.10431601036645 22.6173325168461 11.899399496703296 16.27585206343079 3.504540684211265 6.474573450936265 23.10773229904015 10.944377161534542 14.752422905146947 5.139309942746202 8.76161342816749 24.639839008466726 2.3791122949330834 10.512201338413707 6.059788813803912 -3.4141234358075314 -1.2646341403178405 -4.77441211628072 4.279306913405723
18.75751503006012 13.953575552377586 5.071746739178309 8.546817517216159 6.578893705712172 1.5485566906530401 2.9662326555001783 17.493482128942073 24.152426226836987 38.04102153086617 20.118008758911543 22.631025265391195 11.913092245248372 16.289544811975883 3.5182334327563582 6.488266199481358 23.12142504758524 10.958069910079635 14.76611565369204 5.153002691291295 8.775306176712583 24.653531757011812 2.3928050434781767 10.5258940869588 6.073481562349006 -3.400430687262438 -1.2509413917727472 -4.760719367735627 4.292999661950816
18.817635270541082 13.967235790636021 5.085406977436744 8.560477755474594 6.592553943970607 1.5622169289114929 2.9798928937586133 17.507142367200508 24.16608646509543 38.0546817691246 20.131668997169978 22.64468550364963 11.926752483506807 16.303205050234318 3.5318936710147932 6.501926437739793 23.13508528584368 10.97173014833807 14.779775891950475 5.16666292954973 8.788966414971018 24.667191995270255 2.4064652817366117 10.539554325217235 6.087141800607441 -3.386770449004003 -1.2372811535143122 -4.747059129477192 4.306659900209251
18.877755511022045 13.980863639597132 5.099034826397855 8.574105604435704 6.606181792931718 1.575844777872586 2.993520742719724 17.52077021616162 24.179714314056532 38.06830961808571 20.14529684613109 22.65831335261074 11.940380332467917 16.31683289919543 3.545521519975904 6.515554286700904 23.148713134804787 10.98535799729918 14.793403740911586 5.180290778510841 8.802594263932129 24.680819844231358 2.4200931306977225 10.553182174178346 6.1007696495685515 -3.3731426000428923 -1.2236533045532014 -4.733431280516081 4.320287749170362
18.937875751503004 13.994459217430233 5.112630404230956 8.587701182268788 6.619777370764819 1.5894403557056869 3.007116320552825 17.53436579399472 24.193309891889633 38.0819051959188 20.15889242396419 22.67190893044384 11.953975910301018 16.33042847702853 3.559117097809005 6.529149864534005 23.162308712637888 10.998953575132264 14.806999318744687 5.193886356343942 8.81618984176523 24.69441542206446 2.4336887085308234 10.566777752011447 6.1143652274016524 -3.359547022209809 -1.2100577267201182 -4.71983570268298 4.333883327003463
18.997995991983966 14.00802264117301 5.126193827973733 8.601264606011583 6.633340794507596 1.6030037794484642 3.0206797442956024 17.547929217737497 24.206873315632407 38.09546861966159 20.172455847706967 22.68547235418662 11.967539334043796 16.343991900771307 3.5726805215517823 6.542713288276782 23.17587213638067 11.012516998875059 14.820562742487464 5.207449780086719 8.829753265508007 24.707978845807233 2.4472521322736007 10.580341175754224 6.12792865114443 -3.345983598467014 -1.1964943029773232 -4.706272278940203 4.34744675074624
19.05811623246493 14.021554031830288 5.139725218630993 8.614795996668843 6.646872185164856 1.6165351701057418 3.034211134952862 17.561460608394757 24.220404706289678 38.10900001031885 20.185987238364238 22.69900374484389 11.981070724701073 16.357523291428567 3.586211912209042 6.556244678934042 23.189403527037936 11.026048389532319 14.834094133144724 5.220981170743997 8.843284656165267 24.721510236464503 2.4607835229308783 10.593872566411484 6.141460041801707 -3.3324522078097543 -1.1829629123200633 -4.692740888282925 4.360978141403518
19.118236472945892 14.035053508314164 5.153224695114886 8.628295473152718 6.660371661648732 1.6300346465896176 3.047710611436756 17.57496008487865 24.233904182773564 38.12249948680273 20.19948671484812 22.71250322132776 11.994570201184949 16.37102276791246 3.5997113886929357 6.569744155417918 23.20290300352181 11.039547866016195 14.8475936096286 5.234480647227873 8.85678413264916 24.73500971294839 2.474282999414754 10.60737204289536 6.154959518285583 -3.3189527313258784 -1.1694634358361875 -4.679241411799049 4.374477617887393
19.178356713426854 14.048521186327783 5.1666923731284875 8.641763151166337 6.673839339662351 1.6435023246032365 3.061178289450357 17.588427762892252 24.247371860787172 38.13596716481634 20.21295439286173 22.72597089934138 12.008037879198568 16.384490445926062 3.613179066706537 6.583211833431537 23.21637068153543 11.053015544029813 14.861061287642219 5.247948325241492 8.870251810662761 24.748477390961998 2.487750677428373 10.620839720908979 6.168427196299202 -3.3054850533122595 -1.1559957578225686 -4.66577373378543 4.387945295901012
19.238476953907814 14.061957185767113 5.180128372567836 8.655199150605668 6.6872753391016815 1.6569383240425672 3.0746142888897054 17.6018637623316 24.260807860226514 38.14940316425568 20.22639039230106 22.73940689878071 12.021473878637899 16.397926445365393 3.6266150661458854 6.596647832870867 23.22980668097476 11.066451543469144 14.87449728708155 5.261384324680822 8.88368781010211 24.76191339040134 2.501186676867704 10.63427572034831 6.181863195738533 -3.292049053872929 -1.1425597583832379 -4.6523377343461 4.401381295340343
19.298597194388776 14.075361622244724 5.193532809045447 8.668603587083297 6.70067977557931 1.6703427605201782 3.0880187253673164 17.61526819880921 24.274212296704132 38.1628076007333 20.23979482877868 22.752811335258333 12.03487831511551 16.41133088184302 3.6400195026234963 6.610052269348496 23.243211117452383 11.079855979946773 14.887901723559178 5.274788761158433 8.89709224657972 24.775317826878947 2.5145911133453147 10.647680156825938 6.195267632216144 -3.2786446173953 -1.1291553219056092 -4.638933297868489 4.414785731817954
19.35871743486974 14.08873461523374 5.206905802034445 8.681976580072295 6.714052768568308 1.683715753509194 3.1013917183563144 17.62864119179821 24.28758528969313 38.176180593722314 20.253167821767686 22.766184328247338 12.048251308104525 16.42470387483202 3.6533924956124944 6.623425262337494 23.256584110441388 11.093228972935771 14.901274716548176 5.288161754147449 8.910465239568737 24.788690819867956 2.5279641063343306 10.661053149814936 6.20864062520516 -3.265271624406302 -1.115782328916611 -4.625560304879473 4.42815872480697
19.4188376753507 14.10207627998986 5.220247466790582 8.695318244828432 6.727394433324445 1.6970574182653309 3.1147333831124513 17.641982856554346 24.300926954449267 38.18952225847844 20.266509486523827 22.779525993003467 12.061592972860662 16.438045539588156 3.666734160368631 6.636766927093631 23.269925775197514 11.106570637691908 14.914616381304313 5.301503418903568 8.923806904324856 24.802032484624092 2.5413057710904496 10.674394814571073 6.221982289961279 -3.251929959650165 -1.1024406641604743 -4.612218640123354 4.441500389563107
