web/models/mosfit_kne/mosfit_kn_3.0000/mosfit_kn_0.051209_0.1553_3.0000.dat
# %ECSV 1.0
# ---
# datatype:
# - {name: time, datatype: float64}
# - {name: PS1_g, datatype: float64}
# - {name: PS1_i, datatype: float64}
# - {name: PS1_r, datatype: float64}
# - {name: PS1_w, datatype: float64}
# - {name: PS1_y, datatype: float64}
# - {name: PS1_z, datatype: float64}
# - {name: swift_uvot_B, datatype: float64}
# - {name: swift_uvot_U, datatype: float64}
# - {name: swift_uvot_uvm2, datatype: float64}
# - {name: swift_uvot_uvw1, datatype: float64}
# - {name: swift_uvot_uvw2, datatype: float64}
# - {name: swift_uvot_V, datatype: float64}
# - {name: johnson_B, datatype: float64}
# - {name: johnson_I, datatype: float64}
# - {name: johnson_R, datatype: float64}
# - {name: johnson_U, datatype: float64}
# - {name: johnson_V, datatype: float64}
# - {name: sdss_g, datatype: float64}
# - {name: sdss_i, datatype: float64}
# - {name: sdss_r, datatype: float64}
# - {name: sdss_u, datatype: float64}
# - {name: sdss_z, datatype: float64}
# - {name: ATLAS_c, datatype: float64}
# - {name: ATLAS_o, datatype: float64}
# - {name: ukirt_H, datatype: float64}
# - {name: ukirt_J, datatype: float64}
# - {name: ukirt_K, datatype: float64}
# - {name: Clear, datatype: float64}
# meta: !!omap
# - comment: [kappa = 3.0, type = rprocess, mass = 0.051209162050732976, velocity = 0.15533333333333332, theta_obs = 0.0, tfloor = 1000.0]
# schema: astropy-2.0
time PS1_g PS1_i PS1_r PS1_w PS1_y PS1_z swift_uvot_B swift_uvot_U swift_uvot_uvm2 swift_uvot_uvw1 swift_uvot_uvw2 swift_uvot_V johnson_B johnson_I johnson_R johnson_U johnson_V sdss_g sdss_i sdss_r sdss_u sdss_z ATLAS_c ATLAS_o ukirt_H ukirt_J ukirt_K Clear
[from data line 461]
27.775551102204407 7.521892312409371 -1.3599365007899067 2.1151342772479254 0.14721046574395658 -4.883126549315175 -3.465450584468037 11.061798888973858 17.72074298686878 31.60933829089794 13.686325518943327 16.19934202542298 5.481409005280155 9.857861572007668 -2.9134498072118573 0.05658295951314263 16.68974180761702 4.526386670111402 8.334432413723825 -1.2786805486769204 2.3436229367443673 18.221848517043604 -4.038878196490039 4.094210846990585 -0.35820167761920985 -9.83211392723067 -7.68262463174098 -11.192402607703842 -2.1386835780173996
27.83567134268537 7.526015256413352 -1.3558135567859253 2.1192572212519245 0.15133340974793796 -4.879003605311176 -3.461327640464056 11.065921832977839 17.72486593087276 31.61346123490193 13.690448462947309 16.20346496942696 5.485531949284154 9.861984516011649 -2.909326863207876 0.060705903517124016 16.693864751621017 4.5305096141154015 8.338555357727806 -1.274557604672939 2.3477458807483487 18.225971461047585 -4.0347552524860575 4.098333790994566 -0.35407873361522846 -9.827990983226671 -7.678501687736981 -11.188279663699861 -2.1345606340134005
27.895791583166332 7.5301284137311875 -1.3517003994681076 2.123370378569742 0.15544656706575566 -4.874890447993359 -3.457214483146238 11.070034990295657 17.728979088190577 31.617574392219748 13.694561620265127 16.207578126744778 5.489645106601972 9.866097673329467 -2.9052137058900582 0.06481906083494171 16.697977908938835 4.534622771433219 8.342668515045624 -1.2704444473551035 2.3518590380661664 18.230084618365403 -4.030642095168222 4.102446948312384 -0.349965576297393 -9.823877825908854 -7.674388530419163 -11.184166506382025 -2.1304474766955828
27.955911823647295 7.534231891903875 -1.347596921295402 2.127473856742448 0.15955004523846128 -4.870786969820653 -3.4531110049735325 11.074138468468362 17.733082566363283 31.62167787039245 13.698665098437832 16.211681604917484 5.49374858477466 9.870201151502172 -2.9011102277173526 0.06892253900764733 16.70208138711154 4.538726249605925 8.34677199321833 -1.2663409691824157 2.355962516238872 18.23418809653811 -4.026538616995534 4.106550426485089 -0.34586209812470514 -9.819774347736148 -7.670285052246458 -11.180063028209338 -2.126343998522895
28.016032064128254 7.538325749231394 -1.3435030639679013 2.1315677140699485 0.16364390256596195 -4.866693112493152 -3.449017147646032 11.07823232579588 17.737176423690784 31.62577172771996 13.70275895576535 16.215775462245002 5.497842442102178 9.874295008829673 -2.897016370389834 0.073016396335148 16.70617524443904 4.5428201069334255 8.35086585054583 -1.2622471118548972 2.3600563735663904 18.23828195386561 -4.022444759668016 4.11064428381259 -0.3417682407971867 -9.815680490408647 -7.666191194918957 -11.17596917088182 -2.1222501411953765
28.076152304609217 7.542410027773112 -1.3394187854261652 2.1356519926116846 0.16772818110769805 -4.862608833951434 -3.4449328691042957 11.0823166043376 17.74126070223252 31.629856006261686 13.706843234307069 16.21985974078672 5.501926720643897 9.87837928737141 -2.892932091848116 0.0771006748768841 16.71025952298076 4.546904385475162 8.354950129087566 -1.258162833313179 2.3641406521081088 18.242366232407345 -4.018360481126297 4.114728562354326 -0.3376839622554684 -9.811596211866911 -7.662106916377221 -11.1718848923401 -2.118165862653658
28.13627254509018 7.546484771835278 -1.3353440413640172 2.1397267366738326 0.17180292516984608 -4.858534089889268 -3.4408581250421477 11.086391348399747 17.745335446294668 31.633930750323838 13.710917978369217 16.22393448484887 5.506001464706062 9.882454031433557 -2.888857347785968 0.08117541893903213 16.714334267042926 4.55097912953731 8.359024873149714 -1.2540880892510131 2.368215396170257 18.246440976469493 -4.014285737064132 4.118803306416474 -0.3336092181933026 -9.807521467804763 -7.658032172315073 -11.167810148277935 -2.1140911185914923
28.196392785571142 7.550550032847987 -1.3312787803512904 2.1437919976865594 0.17586818618257283 -4.854468828876541 -3.436792864029421 11.090456609412474 17.749400707307394 31.637996011336565 13.714983239381944 16.227999745861595 5.510066725718789 9.886519292446284 -2.884792086773241 0.08524067995175888 16.718399528055652 4.555044390550036 8.36309013416244 -1.2500228282383041 2.3722806571829835 18.25050623748222 -4.010220476051423 4.122868567429201 -0.3295439571805936 -9.803456206792037 -7.653966911302346 -11.163744887265226 -2.1100258575787656
28.256513026052104 7.554605847429592 -1.3272229657696855 2.1478478122681643 0.1799240007641778 -4.850413014294954 -3.432737049447816 11.094512423994079 17.753456521889 31.64205182591817 13.719039053963549 16.2320555604432 5.514122540300376 9.890575107027889 -2.880736272191636 0.08929649453336386 16.72245534263724 4.559100205131641 8.367145948744046 -1.2459670136566992 2.3763364717645885 18.254562052063825 -4.006164661469818 4.126924382010806 -0.3254881425989886 -9.799400392210432 -7.649911096720741 -11.159689072683621 -2.1059700429971784
28.316633266533064 7.558652259222516 -1.3231765539767615 2.1518942240610883 0.18397041255710178 -4.8463666025020125 -3.428690637654892 11.098558835787003 17.757502933681923 31.64609823771109 13.723085465756473 16.236101972236124 5.5181689520933 9.894621518820813 -2.876689860398712 0.09334290632628783 16.72650175443018 4.563146616924565 8.37119236053697 -1.2419206018637752 2.3803828835575125 18.25860846385675 -4.002118249676894 4.13097079380373 -0.32144173080606464 -9.795353980417508 -7.645864684927817 -11.155642660890697 -2.1019236312042544
28.376753507014026 7.562689296976668 -1.3191395162226272 2.1559312618152227 0.1880074503112361 -4.842329564747878 -3.4246535999007577 11.102595873541155 17.761539971436058 31.650135275465235 13.727122503510625 16.240139009990276 5.5222059898474525 9.898658556574947 -2.87265282264456 0.09737994408042216 16.730538792184316 4.5671836546787 8.375229398291104 -1.237883564109623 2.3844199213116646 18.262645501610884 -3.9980812119227416 4.135007831557864 -0.31740469305191255 -9.791316942663373 -7.641827647173683 -11.151605623136545 -2.0978865934501023
28.43687374749499 7.566717063695272 -1.3151117495040054 2.1599590285338266 0.19203521702985782 -4.838301798029274 -3.420625833182136 11.106623640259759 17.76556773815468 31.654163042183843 13.731150270229229 16.24416677670888 5.526233756566056 9.902686323293569 -2.868625055925956 0.10140771079904387 16.73456655890292 4.571211421397304 8.379257165009708 -1.2338557973910191 2.3884476880302685 18.266673268329505 -3.9940534452041376 4.139035598276486 -0.3133769263333086 -9.78728917594477 -7.637799880455079 -11.147577856417941 -2.0938588267314984
28.49699398797595 7.570735606038248 -1.311093207161047 2.1639775708768028 0.19605375937281622 -4.834283255686298 -3.4166072908391776 11.110642182602717 17.769586280497638 31.65818158452682 13.735168812572205 16.24818531905184 5.530252298909033 9.906704865636527 -2.8646065135829977 0.10542625314200227 16.738585101245896 4.57522996374028 8.383275707352684 -1.229837255048043 2.392466230373227 18.270691810672464 -3.9900349028611615 4.143054140619444 -0.30935838399033244 -9.783270633601793 -7.633781338112103 -11.143559314074965 -2.089840284388522
28.557114228456914 7.574744965419367 -1.3070838477799107 2.1679869302579213 0.2000631187539348 -4.8302738963051794 -3.4125979314580412 11.114651541983854 17.773595639878756 31.662190943907934 13.739178171953323 16.252194678432975 5.534261658290151 9.910714225017664 -2.8605971542018613 0.1094356125231386 16.742594460627014 4.579239323121398 8.387285066733803 -1.2258278956669244 2.3964755897543633 18.274701170053582 -3.986025543480043 4.147063500000563 -0.30534902460921387 -9.779261274220675 -7.629771978730984 -11.139549954693846 -2.0858309250074036
28.617234468937873 7.578745182480056 -1.3030836307192217 2.1719871473186103 0.20406333581462377 -4.8262736792444905 -3.4085977143973523 11.118651759044543 17.777595856939445 31.666191160968626 13.743178389014012 16.256194895493664 5.53826187535084 9.914714442078353 -2.8565969371411724 0.11343582958382759 16.746594677687703 4.583239540182087 8.391285283794492 -1.2218276786062354 2.4004758068150522 18.27870138711427 -3.982025326419354 4.151063717061252 -0.3013488075485249 -9.775261057159986 -7.625771761670295 -11.135549737633157 -2.0818307079467147
28.677354709418836 7.582736305045863 -1.2990925081534144 2.1759782698844177 0.2080544583804489 -4.822282556678683 -3.404606591831545 11.12264288161035 17.78158697950527 31.67018228353444 13.74716951157982 16.26018601805947 5.5422529979166475 9.91870556464416 -2.852605814575365 0.11742695214963494 16.75058580025351 4.5872306627479125 8.395276406360317 -1.217836556040428 2.4044669293808596 18.282692509680096 -3.9780342038535466 4.155054839627077 -0.29735768498271753 -9.771269934594178 -7.621780639104488 -11.13155861506735 -2.0778395853809073
28.7374749498998 7.586718368743952 -1.2951104444553252 2.179960333582507 0.2120365220785203 -4.818300492980594 -3.4006245281334557 11.12662494530844 17.785569043203342 31.674164347232523 13.751151575277909 16.26416808175756 5.546235061614737 9.92268762834225 -2.848623750877276 0.12140901584770636 16.7545678639516 4.591212726445984 8.399258470058388 -1.2138544923423389 2.4084489930789488 18.286674573378168 -3.9740521401554574 4.159036903325148 -0.29337562128462835 -9.767287870896089 -7.617798575406399 -11.12757655136926 -2.073857521682818
28.79759519038076 7.590691414730948 -1.2911373984683294 2.1839333795695026 0.21600956806551608 -4.814327446993598 -3.39665148214646 11.130597991295435 17.789542089190338 31.67813739321952 13.755124621264905 16.268141127744556 5.550208107601732 9.926660674329227 -2.84465070489028 0.12538206183470213 16.758540909938596 4.59518577243298 8.403231516045384 -1.2098814463553431 2.4124220390659445 18.290647619365163 -3.9700790941684616 4.163009949312144 -0.2894025752976326 -9.763314824909093 -7.613825529419403 -11.123603505382265 -2.0698844756958223
28.857715430861724 7.594655466856022 -1.2871733463432555 2.1878974316945765 0.21997362019060773 -4.810363394868524 -3.392687430021386 11.134562043420509 17.79350614131543 31.682101445344596 13.759088673389979 16.27210517986963 5.554172159726806 9.930624726454319 -2.840686652765206 0.12934611395979378 16.76250496206367 4.5991498245580535 8.407195568170476 -1.2059173942302692 2.4163860911910184 18.294611671490255 -3.9661150420433877 4.166974001437236 -0.2854385231725587 -9.75935077278402 -7.609861477294329 -11.119639453257191 -2.0659204235707485
28.917835671342683 7.598610619488113 -1.2832181937111642 2.1918525843266856 0.22392877282269907 -4.806408242236415 -3.3887322773892947 11.1385171960526 17.79746129394752 31.68605659797669 13.76304382602207 16.27606033250172 5.558127312358915 9.93457987908641 -2.836731500133115 0.13330126659188513 16.76646011469578 4.603104977190163 8.411150720802567 -1.2019622415981601 2.42034124382311 18.298566824122346 -3.9621598894112786 4.170929154069327 -0.28148337054046735 -9.75539562015191 -7.60590632466222 -11.115684300625082 -2.0619652709386393
28.977955911823646 7.602556918009267 -1.2792718951900106 2.1957988828478214 0.2278750713438349 -4.802461943715279 -3.384785978868141 11.142463494573754 17.801407592468657 31.690002896497834 13.766990124543224 16.280006631022875 5.562073610880051 9.938526177607564 -2.8327852016119612 0.13724756511302094 16.770406413216914 4.6070512757112985 8.415097019323703 -1.1980159430770243 2.4242875423442634 18.302513122643482 -3.958213590890143 4.174875452590463 -0.27753707201931377 -9.751449321630774 -7.601960026141084 -11.111738002103946 -2.0580189724175035
29.03807615230461 7.60649439955845 -1.2753344136408273 2.1997363643970047 0.23181255289303593 -4.798524462166096 -3.380848497318958 11.146400976122937 17.805345074017858 31.69394037804702 13.770927606092407 16.28394411257206 5.5660110924292345 9.942463659156747 -2.828847720062778 0.14118504666222198 16.774343894766098 4.610988757260482 8.419034500872886 -1.194078461527841 2.4282250238934466 18.306450604192683 -3.9542761093409595 4.178812934139664 -0.2735995904701305 -9.747511840081591 -7.598022544591901 -11.107800520554763 -2.0540814908683203
29.09819639278557 7.61042310754684 -1.2714057056524375 2.2036650723853946 0.235741260881408 -4.794595754177706 -3.376919789330568 11.150329684111327 17.80927378200623 31.697869086035407 13.774856314080797 16.287872820560448 5.569939800417624 9.946392367145137 -2.824919012074388 0.14511375465059406 16.778272602754488 4.614917465248872 8.422963208861276 -1.1901497535394512 2.4321537318818365 18.310379312181055 -3.9503474013525697 4.182741642128036 -0.26967088248174065 -9.743583132093201 -7.594093836603511 -11.103871812566373 -2.0501527828799304
29.158316633266534 7.614343083187727 -1.2674857300115505 2.2075850480262815 0.23966123652229498 -4.790675778536819 -3.372999813689681 11.154249659752214 17.813193757647117 31.701789061676298 13.778776289721684 16.291792796201335 5.573859776058511 9.950312342786024 -2.820999036433501 0.1490337302914988 16.782192578395374 4.618837440889759 8.426883184502163 -1.1862297778985642 2.4360737075227235 18.314299287821942 -3.9464274257116827 4.186661617768923 -0.2657509068408537 -9.739663156452314 -7.590173860962624 -11.099951836925486 -2.0462328072390434
29.218436873747493 7.618254365285235 -1.263574447914042 2.21149633012379 0.2435725186198212 -4.786764496439311 -3.3690885315921726 11.158160941849722 17.817105039744643 31.70570034377381 13.782687571819192 16.295704078298844 5.57777105815602 9.954223624883532 -2.8170877543359927 0.15294501238900726 16.786103860492883 4.622748722987285 8.43079446659969 -1.1823184958010557 2.439984989620232 18.31821056991947 -3.9425161436141742 4.190572899866449 -0.2618396247433452 -9.735751874354788 -7.5862625788651155 -11.096040554827978 -2.042321525141535
29.278557114228455 7.622156988127369 -1.2596718250719263 2.2153989529659235 0.24747514146193694 -4.782861873597177 -3.365185908750057 11.162063564691838 17.82100766258676 31.70960296661593 13.786590194661308 16.29960670114096 5.581673680998153 9.958126247725648 -2.813185131493877 0.156847635231123 16.790006483335016 4.6266513458294005 8.434697089441805 -1.1784158729589223 2.4438876124623476 18.322113192761584 -3.9386135207720407 4.194475522708565 -0.2579370019012117 -9.731849251512672 -7.582359956022982 -11.092137931985844 -2.0384189022994015
29.338677354709418 7.626050971849985 -1.2557778413493104 2.2192929366885394 0.2513691251845529 -4.778967889874561 -3.361291925027441 11.165957548414472 17.824901646309375 31.713496950338556 13.790484178383942 16.303500684863593 5.585567664720769 9.962020231448264 -2.8092911477712432 0.16074161895373895 16.793900467057632 4.6305453295520165 8.438591073164421 -1.1745218892363063 2.4477815961849814 18.3260071764842 -3.934719537049425 4.198369506431181 -0.25404301817859576 -9.727955267790056 -7.578465972300366 -11.088243948263228 -2.0345249185767855
29.39879759519038 7.629936397192747 -1.2518924160065303 2.2231783620313017 0.25525455052731516 -4.775082464531799 -3.357406499684661 11.169842973757234 17.828787071652137 31.717382375681314 13.794369603726704 16.307386110206355 5.5894530900635315 9.965905656791044 -2.805405722428481 0.16462704429651898 16.797785892400395 4.634430754894779 8.442476498507183 -1.170636463893544 2.4516670215277436 18.329892601826963 -3.9308341117066625 4.202254931773943 -0.2501575928358335 -9.724069842447294 -7.574580546957604 -11.084358522920466 -2.0306394932340233
29.458917835671343 7.633813316074143 -1.2480154971251345 2.2270552809126976 0.259131469408711 -4.771205545650403 -3.353529580803283 11.17371989263863 17.832663990533533 31.72125929456271 13.7982465226081 16.31126302908775 5.593330008944927 9.969782575672422 -2.801528803547085 0.16850396317789706 16.80166281128179 4.638307673776175 8.446353417388579 -1.1667595450121482 2.4555439404091395 18.33376952070836 -3.9269571928252667 4.206131850655339 -0.24628067395443765 -9.720192923565898 -7.570703628076208 -11.08048160403907 -2.0267625743526274
