web/models/mosfit_kne/mosfit_kn_3.0000/mosfit_kn_0.500000_0.4530_3.0000.dat
# %ECSV 1.0
# ---
# datatype:
# - {name: time, datatype: float64}
# - {name: PS1_g, datatype: float64}
# - {name: PS1_i, datatype: float64}
# - {name: PS1_r, datatype: float64}
# - {name: PS1_w, datatype: float64}
# - {name: PS1_y, datatype: float64}
# - {name: PS1_z, datatype: float64}
# - {name: swift_uvot_B, datatype: float64}
# - {name: swift_uvot_U, datatype: float64}
# - {name: swift_uvot_uvm2, datatype: float64}
# - {name: swift_uvot_uvw1, datatype: float64}
# - {name: swift_uvot_uvw2, datatype: float64}
# - {name: swift_uvot_V, datatype: float64}
# - {name: johnson_B, datatype: float64}
# - {name: johnson_I, datatype: float64}
# - {name: johnson_R, datatype: float64}
# - {name: johnson_U, datatype: float64}
# - {name: johnson_V, datatype: float64}
# - {name: sdss_g, datatype: float64}
# - {name: sdss_i, datatype: float64}
# - {name: sdss_r, datatype: float64}
# - {name: sdss_u, datatype: float64}
# - {name: sdss_z, datatype: float64}
# - {name: ATLAS_c, datatype: float64}
# - {name: ATLAS_o, datatype: float64}
# - {name: ukirt_H, datatype: float64}
# - {name: ukirt_J, datatype: float64}
# - {name: ukirt_K, datatype: float64}
# - {name: Clear, datatype: float64}
# meta: !!omap
# - comment: [kappa = 3.0, type = rprocess, mass = 0.5000000000045836, velocity = 0.45299999999999996, theta_obs = 0.0, tfloor = 1000.0]
# schema: astropy-2.0
time PS1_g PS1_i PS1_r PS1_w PS1_y PS1_z swift_uvot_B swift_uvot_U swift_uvot_uvm2 swift_uvot_uvw1 swift_uvot_uvw2 swift_uvot_V johnson_B johnson_I johnson_R johnson_U johnson_V sdss_g sdss_i sdss_r sdss_u sdss_z ATLAS_c ATLAS_o ukirt_H ukirt_J ukirt_K Clear
[from data line 452]
27.23446893787575 -10.335364263411364 -15.25221415360745 -13.356942736781257 -13.991853975920368 -17.048350985331666 -16.35304550217116 -8.380987785507294 -5.16565164621376 4.180578973429172 -4.788757846252416 -2.8715394458125796 -11.647863989115141 -8.79516331422915 -16.240088023481675 -14.295726854565817 -5.640883367998548 -11.96524956592979 -9.880239727967464 -15.210322596654997 -13.279499221151099 -4.526981983318823 -16.583458474326278 -12.00932785633464 -14.491303287420365 -19.235419800353238 -18.3414281528667 -19.693775038681874 -14.996847517611123
27.294589178356713 -10.209792328277967 -15.16898029784711 -13.256643448524468 -13.904245436636398 -16.983509705949036 -16.280674967331112 -8.238770568843325 -4.987715212594104 4.416804917464014 -4.650271888458821 -2.730989448697233 -11.530780952740997 -8.659286348399323 -16.162607717972232 -14.204872892308195 -5.468338145025886 -11.85295556796241 -9.750810561278378 -15.12662334299744 -13.17790130618583 -4.350516018157062 -16.51405330378955 -11.901406148208142 -14.403939722156522 -19.199171126000852 -18.292104016190702 -19.666740731996036 -14.921571864771028
27.354709418837675 -10.083030209688495 -15.084919318165468 -13.155373757345803 -13.815830276530559 -16.918004504628357 -16.20757000843975 -8.095207568056512 -4.8080992721928695 4.654917814925221 -4.510691547125969 -2.5892080414049476 -11.412556013279868 -8.52217045407594 -16.084357416222012 -14.113188193684032 -5.294167237951168 -11.7396041839274 -9.620157889420966 -15.042093535707082 -13.07531283311091 -4.172376251237608 -16.443953742586483 -11.792481956423142 -14.315757806263267 -19.16253583601241 -18.24226732337168 -19.639414350376057 -14.84563195799284
27.414829659318634 -9.968285690999199 -15.008954107773782 -13.063783081205731 -13.735960494701906 -16.858895436617534 -16.141554080151295 -7.965194284198481 -4.64532050542255 4.870567662377867 -4.384482733585919 -2.4608968800024154 -11.305543552946446 -8.398057688950797 -16.013675937895552 -14.030353219015279 -5.136340198767002 -11.637055547305371 -9.501879962084043 -14.965703058567854 -12.982516705315525 -4.010932333125279 -16.38067991402478 -11.6939682149866 -14.236088315999531 -19.129672625443433 -18.197403417338194 -19.61501835958584 -14.777123255099358
27.474949899799597 -9.866903068705462 -14.94199817911392 -12.98295773089638 -13.6655773189581 -16.806907243346032 -16.08343024919826 -7.850248136395087 -4.501267591218454 5.061356250986965 -4.2730612665337375 -2.347526846474984 -11.21100858033935 -8.288386001559353 -15.951416021384912 -13.95734150671312 -4.996688772405015 -11.546513631751177 -9.39736040713484 -14.898370005939512 -12.900615031866671 -3.868060051255391 -16.32500057576232 -11.607019113964672 -14.16587411983576 -19.10100599021806 -18.158073867206994 -19.59387899444177 -14.716850997784316
27.53507014028056 -9.76490761913853 -14.874612146029875 -12.901630822574965 -13.594782393962372 -16.754571630617026 -16.024922680615425 -7.7346092425053845 -4.3563495814757935 5.253068173745985 -4.161103287564245 -2.233532332297766 -11.115881620667587 -8.178083808374272 -15.8887559452785 -13.883908256302224 -4.856200984265186 -11.4554296471349 -9.292211288195364 -14.830605245426316 -12.818200273914186 -3.72432494399602 -16.26896012749711 -11.519556711959105 -14.095241012903728 -19.0721358419627 -18.11847566943772 -19.57258579259395 -14.656244205602569
27.595190380761522 -9.63296602143263 -14.786967891516873 -12.796146564460873 -13.502827735283223 -16.68619531043726 -15.948641321412218 -7.585193753378664 -4.16943307655723 5.499600938327373 -4.016597213289703 -2.086306559494705 -10.992708765448366 -8.035548831460954 -15.80716784050151 -13.78858362023059 -4.674962850087329 -11.337473565626881 -9.156233148204933 -14.742476845600585 -12.711315206591163 -3.538916870512594 -16.195850631853688 -11.406249341861372 -14.003482149443496 -19.033822454144268 -18.06641897871824 -19.543984299821147 -14.577363759936528
27.655310621242485 -9.501301796527066 -14.699487603486201 -12.69087563020106 -13.411106133188895 -16.617938543598925 -15.872493777739631 -7.436087974873092 -3.9828932787295734 5.745297156322111 -3.872606282473878 -1.9394769973899204 -10.869766151067434 -7.893361640210358 -15.725736297099282 -13.69350928491744 -4.49409608004655 -11.219781508055496 -9.020542654131702 -14.65451433501384 -12.604637673046426 -3.3538756948965087 -16.122882674758685 -11.293208063269002 -13.91194373531782 -18.995583505072947 -18.01445852543308 -19.5154477613973 -14.498720850869429
27.715430861723444 -9.368350688770484 -14.611113909370363 -12.58455666854335 -13.318511143259819 -16.54896432164879 -15.79555255197727 -7.285527763607994 -3.7945364498136946 5.9930283715312145 -3.727423289869946 -1.791303356381405 -10.745589728687623 -7.749837789774702 -15.643473346691874 -13.597541417583347 -4.311472329487007 -11.1009501846733 -8.88352940621532 -14.565654833483368 -12.49689017440696 -3.1670251451499176 -16.049165413621242 -11.179082010085963 -13.819521900173726 -18.956926057224642 -17.96194415648534 -19.48659439496495 -14.419359110842809
27.775551102204407 -9.234005708260664 -14.52177424132163 -12.477103442192146 -13.224967568265544 -16.47921497020384 -15.717753744683982 -7.1333925175496935 -3.6042121260965487 6.24298457616417 -3.58093402200847 -1.6416663226321613 -10.620078994458428 -7.604863457668326 -15.560311299892284 -13.500603476138437 -4.126946051784454 -10.98088461935969 -8.745083324608931 -14.475825436048293 -12.387985189771413 -2.978216096577686 -15.974637912527268 -11.063779127182656 -13.726141839241102 -18.91781612034032 -17.90883114287535 -19.45739790255384 -14.339214290060678
27.83567134268537 -9.106588677099765 -14.437098482686181 -12.37522910905744 -13.13635237239053 -16.41314812458816 -15.644036903489589 -6.989069187776852 -3.423593408022061 6.479946872502624 -3.4421712625233165 -1.499795395445552 -10.501029206427496 -7.467393636855725 -15.48150997735566 -13.408775685547962 -3.9518431490174355 -10.86705150002462 -8.613771575206783 -14.390685290717151 -12.284723360069876 -2.799031647385295 -15.904043087503439 -10.954479513806028 -13.63767193621186 -18.880876217011725 -17.858580673257567 -19.42988665196196 -14.263359304926002
27.895791583166332 -8.998321831058025 -14.365360098702649 -12.288795066579148 -13.061287464681932 -16.357316719182133 -15.581663326616688 -6.866345242937487 -3.269828820852183 6.681643958600724 -3.324350584686328 -1.3792271856367964 -10.399896172620402 -7.350567626568164 -15.41479794386482 -13.330974292143456 -3.8028000441713172 -10.770411963782232 -8.502176228915772 -14.318550580057252 -12.197096788546098 -2.646489372914065 -15.844349528153785 -10.861721841987517 -13.562723848884293 -18.84995980751835 -17.81627950360381 -19.407038905912298 -14.199226993044736
27.955911823647295 -8.889545983982874 -14.293261255629766 -12.20194358910005 -12.985885388087048 -16.301192229950683 -15.518966248098618 -6.743046013537458 -3.115343242838051 6.884053464208166 -3.2061125510673523 -1.2581463836908244 -10.29826743879439 -7.233227869602427 -15.347751244583822 -13.252833597520112 -3.653062168374863 -10.673327599246887 -8.390058454195408 -14.246054325935589 -12.10904175165835 -2.4932280427992026 -15.784354335144979 -10.768541338422484 -13.487432555455037 -18.81887160912489 -17.77375208490593 -19.38406179254938 -14.13482699962012
28.016032064128254 -8.757541305192884 -14.205423104345556 -12.096344041159828 -12.894117728929029 -16.232593848085095 -15.442448135058946 -6.593542518509255 -2.92825928978262 7.128578984992406 -3.0628846397580385 -1.111384061473014 -10.174848736310953 -7.090950545403029 -15.266003965584815 -13.157780745727365 -3.471704907078419 -10.555424635729674 -8.25402959841167 -14.157738326528158 -12.001984719198742 -2.307614540915832 -15.711104447968722 -10.655346878504606 -13.395790040521423 -18.780448111279085 -17.721542833973167 -19.355418237274296 -14.05634111586771
28.076152304609217 -8.617424256707729 -14.112071304003475 -11.984190323940975 -12.796661777377043 -16.159617736459833 -15.361080427333196 -6.434885756800624 -2.7297803071876636 7.387562321383549 -2.9110848235530002 -0.9557103683677357 -10.043798711594853 -6.940004163199166 -15.179109774977928 -13.056862254172874 -3.2793010891633867 -10.430266638154533 -8.109651854088167 -14.063881431497922 -11.88827813046256 -2.1106883285855282 -15.633214692729673 -10.53518230562215 -13.298457258708254 -18.73945290515381 -17.66593838855874 -19.324793084662307 -13.972987469898186
28.13627254509018 -8.476783086624451 -14.018341503768887 -11.871604631038082 -12.698872467355091 -16.086331064605197 -15.279369962673854 -6.275635620137435 -2.530552115335194 7.6471595147758515 -2.7589286545990883 -0.7995333129088809 -9.912228367742674 -6.788549227032398 -15.09186632552699 -12.955617020002858 -3.0861791747027323 -10.304660269620223 -7.964736995926973 -13.969645876907038 -11.774124855799268 -1.913013762410749 -15.555011087451547 -10.414591987100632 -13.200782394010453 -18.698278027829605 -17.61009619947867 -19.294035504257533 -13.889384531983922
28.196392785571142 -8.334669705394138 -13.92359173034384 -11.757822113486167 -12.600081428771617 -16.01222510425586 -15.196753025836252 -6.1147227115191525 -2.3292440264877534 7.909092408974094 -2.6053935242691035 -0.6418025181312745 -9.779248770334032 -6.6355680878953684 -15.003674061158929 -12.853355416761804 -2.8910487850911903 -10.177756602692563 -7.818309106378987 -13.874386427369583 -11.65874972525609 -1.7132705688789862 -15.475953178668469 -10.292758718401469 -13.102098190221572 -18.65662425975861 -17.553621436556544 -19.262914214595078 -13.804956919935556
28.256513026052104 -8.191223875523743 -13.827916469882453 -11.642955660014707 -12.500387562879585 -15.937374477334583 -15.113312308576354 -5.95230480305431 -2.1260517549569435 8.173102071403232 -2.4506324034005362 -0.4826723642444217 -9.644990723341166 -6.481212317046236 -14.91462136070598 -12.750181128186632 -2.694100302996152 -10.049682180768185 -7.67051213717771 -13.778198103221904 -11.54226697913554 -1.5116532207800226 -15.396120790019374 -10.169803205501466 -13.002503743635234 -18.614535410739222 -17.49657208143539 -19.231463032918207 -13.719790549487367
28.316633266533064 -8.074911610561912 -13.750603222285669 -11.549978911044967 -12.419835625364097 -15.877064484542238 -15.045985134194328 -5.8204961126663255 -1.9609318622472391 8.387630336191144 -2.3252326278332265 -0.35360434659175466 -9.536161275336543 -6.356031521877629 -14.84272108088118 -12.666803352511426 -2.5340875711684707 -9.945942286657255 -7.550648047900221 -13.700466752853373 -11.447963346545595 -1.3478167678152886 -15.331753350702968 -10.070245177234103 -12.922027128256293 -18.58099399022144 -17.450808354110237 -19.206616720783224 -13.651128616767316
28.376753507014026 -7.958847774737556 -13.673442302808834 -11.457196564558227 -12.339481055753385 -15.816866944782166 -14.978783829080093 -5.68896709743716 -1.7961525696287592 8.601481932849012 -2.200236238648223 -0.2248585917649346 -9.427546024066686 -6.231155187775176 -14.770965506894893 -12.58364433434177 -2.3744118023013283 -9.842441115959664 -7.43104149982166 -13.622889447446092 -11.353850843423707 -1.1843158967224099 -15.267517010023877 -9.970917487911155 -12.841742757522336 -18.54751881162018 -17.405133277235407 -19.181824629421765 -13.58266143649006
28.43687374749499 -7.83044280865667 -13.58790120679533 -11.35444758799979 -12.250463369020412 -15.750018576782576 -14.904214176679353 -5.543514531802557 -1.6140399665129654 8.83741792250374 -2.0621405329864113 -0.08252828311589111 -9.307330047979924 -6.0930800040528545 -14.691386671958863 -12.49155391745716 -2.1979328349494165 -9.727902817999217 -7.298733566549256 -13.536890378009954 -11.249628778298622 -1.0036099558547384 -15.196228706937909 -9.860979097052667 -12.752797022979436 -18.51013602670642 -17.354299739285466 -19.15401968292533 -13.506772103725684
28.49699398797595 -7.680982255696929 -13.4880684744404 -11.234696939201267 -12.146659851712052 -15.671830978778356 -14.817081164993002 -5.374306325142416 -1.4023550606363775 9.111102085166568 -1.901655368862531 0.08299411174535054 -9.167327561419658 -5.932475053166634 -14.598465577442898 -12.384216185897092 -1.9927844923370697 -9.594530178450816 -7.144754796041344 -13.436528480118515 -11.128162858386883 -0.7935514773535957 -15.112913867204618 -9.732933177531251 -12.649070182831732 -18.46609254939686 -17.29467186345266 -19.121079119220422 -13.418208406831802
28.557114228456914 -7.532165566520295 -13.38864943123097 -11.115458157459965 -12.043345426057357 -15.593959310135617 -14.730299588603035 -5.205823329393811 -1.1915588378111328 9.383276039737677 -1.7420701983884075 0.24773505295040765 -9.027900853406152 -5.772620839857886 -14.50593512607772 -12.277409754790362 -1.7885095889687475 -9.46176253229307 -6.991441584837723 -13.336583894475034 -11.007206503179336 -0.5843721392258949 -15.02995306011412 -9.60546740095742 -12.545825496975755 -18.42223675661582 -17.235292448989235 -19.08828899967339 -13.330105174589733
28.617234468937873 -7.381806584625945 -13.28816219624457 -10.99496689467017 -11.93898205233575 -15.515228681594397 -14.64256758356166 -5.035599278054131 -0.9785817546456774 9.657886665918994 -1.581043567519362 0.4141091183559067 -8.886997940587744 -5.611174238338265 -14.412411634945343 -12.169547899161579 -1.5821318995048306 -9.327643324162212 -6.836543734102989 -13.235567278890912 -10.884970916655785 -0.3730258035940359 -14.946099081439002 -9.47669959912849 -12.441526364025481 -18.37787830452825 -17.1752500877089 -19.05511650873432 -13.24114117116002
28.677354709418836 -7.229886900614062 -13.18659413660912 -10.873208435194641 -11.833557232471907 -15.43562881488791 -14.553873758577112 -4.863613527397962 -0.7633974964902277 9.9349627421879 -1.4185584188683005 0.5821365860128727 -8.744601299622314 -5.4481171386187235 -14.317883455676494 -12.060619394528722 -1.373626549409377 -9.192157606529834 -6.680042393429773 -13.133465997151319 -10.761441004331527 -0.15948666669443057 -14.86134161834105 -9.346614196278455 -12.33616059991137 -18.333011101273616 -17.11453689164344 -19.021556909753286 -13.1513065158593
28.7374749498998 -7.092950160419278 -13.095168221533022 -10.763538556741121 -11.738693476991795 -15.364060815030172 -14.47408101635256 -4.708531646705199 -0.5692409459923906 10.184775627878825 -1.272246335934319 0.7335808684095615 -8.61625169980097 -5.301162885521066 -14.232828431652617 -11.962614134100058 -1.1855208296531683 -9.070108096589474 -6.53896529405861 -13.041559225924093 -10.65016113733174 0.033183758072663494 -14.785124999113162 -9.229442581320146 -12.241345597113575 -18.29286174932523 -17.060055607796443 -18.991639874680036 -13.070570614961667
28.79759519038076 -6.969092020493797 -13.012597629051097 -10.664421407955551 -11.653042944726817 -15.29950666210448 -14.40206124815612 -4.568205652426488 -0.3934424344528329 10.410834740456473 -1.1400240147388803 0.8705589343291966 -8.500167422775633 -5.168257174148184 -14.156043903183779 -11.874134977591037 -1.0152233165301827 -8.95978331187363 -6.411351719790748 -12.958553319497899 -10.54957621634868 0.20763450530139949 -14.716364474458565 -9.123539619945564 -12.15573578491222 -18.25683095286903 -17.01101536126604 -18.96490135897881 -12.99776667283215
