web/models/mosfit_kne/mosfit_kn_3.0000/mosfit_kn_0.018177_0.0770_3.0000.dat
# %ECSV 1.0
# ---
# datatype:
# - {name: time, datatype: float64}
# - {name: PS1_g, datatype: float64}
# - {name: PS1_i, datatype: float64}
# - {name: PS1_r, datatype: float64}
# - {name: PS1_w, datatype: float64}
# - {name: PS1_y, datatype: float64}
# - {name: PS1_z, datatype: float64}
# - {name: swift_uvot_B, datatype: float64}
# - {name: swift_uvot_U, datatype: float64}
# - {name: swift_uvot_uvm2, datatype: float64}
# - {name: swift_uvot_uvw1, datatype: float64}
# - {name: swift_uvot_uvw2, datatype: float64}
# - {name: swift_uvot_V, datatype: float64}
# - {name: johnson_B, datatype: float64}
# - {name: johnson_I, datatype: float64}
# - {name: johnson_R, datatype: float64}
# - {name: johnson_U, datatype: float64}
# - {name: johnson_V, datatype: float64}
# - {name: sdss_g, datatype: float64}
# - {name: sdss_i, datatype: float64}
# - {name: sdss_r, datatype: float64}
# - {name: sdss_u, datatype: float64}
# - {name: sdss_z, datatype: float64}
# - {name: ATLAS_c, datatype: float64}
# - {name: ATLAS_o, datatype: float64}
# - {name: ukirt_H, datatype: float64}
# - {name: ukirt_J, datatype: float64}
# - {name: ukirt_K, datatype: float64}
# - {name: Clear, datatype: float64}
# meta: !!omap
# - comment: [kappa = 3.0, type = rprocess, mass = 0.018176879801416274, velocity = 0.07700000000000001, theta_obs = 0.0, tfloor = 1000.0]
# schema: astropy-2.0
time PS1_g PS1_i PS1_r PS1_w PS1_y PS1_z swift_uvot_B swift_uvot_U swift_uvot_uvm2 swift_uvot_uvw1 swift_uvot_uvw2 swift_uvot_V johnson_B johnson_I johnson_R johnson_U johnson_V sdss_g sdss_i sdss_r sdss_u sdss_z ATLAS_c ATLAS_o ukirt_H ukirt_J ukirt_K Clear
[from data line 463]
27.895791583166332 8.565651588502146 -0.3161772246971317 3.1588935533407003 1.1909697418367315 -3.8393672732224005 -2.4216913083752623 12.105558165066633 18.764502262961553 32.653097566990716 14.730084795036102 17.243101301515754 6.52516828137293 10.901620848100443 -1.8696905311190823 1.1003422356059176 17.733501083709793 5.570145946204177 9.378191689816582 -0.2349212725841454 3.3873822128371422 19.26560779313638 -2.995118920397264 5.13797012308336 0.6855575984735651 -8.788354651137896 -6.638865355648205 -10.148643331611067 -1.0949243019246246
27.955911823647295 8.569467693939696 -0.312361119259581 3.162709658778251 1.1947858472742823 -3.8355511677848497 -2.4178752029377115 12.109374270504183 18.768318368399104 32.656913672428274 14.733900900473653 17.246917406953305 6.528984386810481 10.905436953537993 -1.8658744256815316 1.1041583410434683 17.737317189147344 5.573962051641728 9.38200779525415 -0.23110516714659468 3.391198318274693 19.26942389857393 -2.991302814959713 5.14178622852091 0.6893737039111159 -8.784538545700345 -6.635049250210654 -10.144827226173517 -1.091108196487074
28.016032064128254 8.573275098157271 -0.30855371504202367 3.166517062995826 1.1985932514918396 -3.8317437635672746 -2.414067798720154 12.11318167472174 18.77212577261666 32.66072107664584 14.737708304691228 17.250724811170862 6.532791791028056 10.90924435775555 -1.8620670214639743 1.1079657452610256 17.74112459336492 5.577769455859303 9.385815199471708 -0.2272977629290196 3.395005722492268 19.273231302791487 -2.987495410742138 5.145593632738468 0.6931811081286909 -8.78073114148277 -6.631241845993079 -10.141019821955942 -1.0873007922694988
28.076152304609217 8.577073849996761 -0.30475496320251594 3.170315814835334 1.2023920033313473 -3.8279450117277847 -2.4102690468806465 12.116980426561248 18.77592452445617 32.66451982848534 14.741507056530718 17.25452356301037 6.536590542867546 10.913043109595058 -1.8582682696244666 1.1117644971005334 17.74492334520441 5.581568207698811 9.389613951311215 -0.22349901108952963 3.398804474331758 19.277030054630995 -2.983696658902648 5.149392384577975 0.6969798599681809 -8.776932389643262 -6.627443094153572 -10.137221070116452 -1.0835020404300089
28.13627254509018 8.580863995883856 -0.30096481731542113 3.174105960722411 1.2061821492184421 -3.82415486584069 -2.4064789009935517 12.120770572448343 18.779714670343264 32.668309974372434 14.745297202417813 17.258313708897465 6.540380688754641 10.916833255482153 -1.8544781237373718 1.1155546429876282 17.748713491091504 5.585358353585888 9.39340409719831 -0.21970886520243482 3.402594620218853 19.28082020051809 -2.9799065130155533 5.15318253046507 0.7007700058552757 -8.773142243756185 -6.6236529482664945 -10.133430924229357 -1.079711894542914
28.196392785571142 8.58464557349281 -0.2971832397064844 3.1778875383313654 1.2099637268273788 -3.8203732882317354 -2.402697323384615 12.12455215005728 18.7834962479522 32.67209155198138 14.749078780026768 17.2620952865064 6.544162266363595 10.92061483309109 -1.850696546128435 1.119336220596565 17.75249506870046 5.589139931194842 9.397185674807247 -0.21592728759348034 3.4063761978277896 19.284601778127026 -2.976124935406599 5.156964108074007 0.7045515834642302 -8.76936066614723 -6.61987137065754 -10.129649346620402 -1.0759303169339596
28.256513026052104 8.58841862555689 -0.29341018764240445 3.1816605903954454 1.2137367788914588 -3.8166002361676554 -2.398924271320535 12.12832520212136 18.78726930001628 32.675864604045465 14.752851832090847 17.2658683385705 6.547935318427675 10.92438788515517 -1.846923494064355 1.1231092726606449 17.75626812076454 5.592912983258922 9.400958726871327 -0.21215423552940038 3.4101492498918873 19.288374830191106 -2.972351883342519 5.160737160138087 0.7083246355283102 -8.76558761408315 -6.61609831859346 -10.125876294556322 -1.0721572648698796
28.316633266533064 8.592183196924381 -0.28964561627489616 3.1854251617629536 1.217501350258967 -3.812835664800165 -2.3951596999530267 12.132089773488868 18.79103387138379 32.67962917541296 14.756616403458338 17.26963290993799 6.551699889795166 10.928152456522678 -1.8431589226968468 1.1268738440281532 17.76003269213203 5.596677554626431 9.404723298238835 -0.20838966416190985 3.413913821259378 19.292139401558615 -2.9685873119750283 5.164501731505595 0.7120892068958007 -8.761823042715642 -6.61233374722597 -10.122111723188832 -1.068392693502389
28.376753507014026 8.595939327312703 -0.2858894858865746 3.1891812921512575 1.221257480647271 -3.8090795344118433 -2.391403569564705 12.13584590387719 18.794790001772093 32.68338530580127 14.76037253384666 17.27338904032631 6.555456020183487 10.931908586910982 -1.8394027923085252 1.130629974416457 17.76378882252035 5.6004336850147345 9.408479428627139 -0.20463353377358828 3.4176699516476994 19.29589553194692 -2.9648311815867068 5.168257861893899 0.7158453372841223 -8.758066912327338 -6.608577616837648 -10.11835559280051 -1.0646365631140675
28.43687374749499 8.599687056031176 -0.28214175716810175 3.1929290208697303 1.2250052093657438 -3.8053318056933705 -2.3876558408462323 12.139593632595663 18.798537730490565 32.687133034519746 14.764120262565132 17.277136769044784 6.55920374890196 10.935656315629455 -1.8356550635900524 1.1343777031349298 17.767536551238823 5.604181413733207 9.412227157345612 -0.20088580505511544 3.421417680366172 19.29964326066539 -2.961083452868234 5.172005590612372 0.7195930660025951 -8.754319183608866 -6.604829888119175 -10.114607864082037 -1.0608888343955947
28.49699398797595 8.603426421341656 -0.2784023918576217 3.1966683861802103 1.2287445746762415 -3.8015924403828905 -2.3839164755357523 12.143332997906143 18.802277095801063 32.69087239983023 14.767859627875612 17.280876134355264 6.56294311421244 10.939395680939953 -1.8319156982795723 1.1381170684454276 17.771275916549303 5.607920779043687 9.41596652265611 -0.19714643974463542 3.4251570456766522 19.30338262597589 -2.957344087557754 5.17574495592287 0.7233324313130751 -8.750579818298386 -6.601090522808695 -10.110868498771557 -1.0571494690851146
28.557114228456914 8.607157472004339 -0.27467134119493863 3.2003994368428934 1.2324756253389246 -3.7978613897202074 -2.380185424873069 12.147064048568826 18.806008146463746 32.69460345049292 14.771590678538296 17.284607185017947 6.566674164875123 10.943126731602636 -1.8281846476168893 1.1418481191081107 17.775006967211986 5.61165182970637 9.419697573318793 -0.19341538908195233 3.4288880963393353 19.307113676638572 -2.953613036895071 5.179476006585553 0.7270634819757582 -8.746848767635703 -6.597359472146012 -10.107137448108874 -1.0534184184224316
28.617234468937873 8.61088024673446 -0.270948566464817 3.204122211573015 1.2361984000690285 -3.7941386149900858 -2.3764626501429476 12.150786823298947 18.80973092119385 32.698326225223035 14.775313453268417 17.28832995974807 6.570396939605245 10.94684950633274 -1.8244618728867676 1.1455708938382145 17.778729741942108 5.615374604436492 9.423420348048896 -0.1896926143518307 3.432610871069457 19.310836451368676 -2.949890262164949 5.183198781315657 0.7307862567058798 -8.743125992905581 -6.59363669741589 -10.103414673378753 -1.04969564369231
28.677354709418836 8.614594784160534 -0.26723402903874316 3.207836748999089 1.2399129374951023 -3.790424077564012 -2.3727481127168737 12.154501360725021 18.813445458619924 32.702040762649105 14.779027990694491 17.292044497174142 6.574111477031319 10.950564043758831 -1.8207473354606938 1.1492854312643062 17.782444279368182 5.619089141862566 9.42713488547497 -0.18597807692575685 3.436325408495531 19.31455098879475 -2.9461757247388753 5.1869133187417304 0.7345007941319537 -8.739411455479507 -6.589922159989817 -10.099700135952679 -1.045981106266236
28.7374749498998 8.618301120457854 -0.26352769274144094 3.211543085296409 1.2436192737924223 -3.786717741266692 -2.3690417764195715 12.158207697022323 18.817151794917244 32.705747098946425 14.782734326991811 17.295750833471462 6.577817813328639 10.954270380056133 -1.8170409991633738 1.1529917675616084 17.786150615665502 5.622795478159886 9.43084122177229 -0.18227174062843687 3.440031744792851 19.31825732509207 -2.9424693884415554 5.19061965503905 0.7382071304292737 -8.735705119182187 -6.586215823692497 -10.095993799655359 -1.042274769968916
28.79759519038076 8.621999302859304 -0.2598295103399906 3.2152412676978592 1.2473174561938727 -3.7830195588652415 -2.365343594018121 12.161905879423792 18.820849977318694 32.709445281347875 14.786432509393261 17.299449015872913 6.581515995730089 10.957968562457584 -1.8133428167619234 1.1566899499630587 17.789848798066952 5.626493660561336 9.43453940417374 -0.1785735582269865 3.443729927194301 19.32195550749352 -2.938771206040105 5.194317837440501 0.741905312830724 -8.732006936780737 -6.582517641291046 -10.092295617253908 -1.0385765875674657
28.857715430861724 8.625689364486924 -0.2561394487123536 3.2189313293254784 1.2510075178215097 -3.7793294972376223 -2.361653532390484 12.16559594105141 18.82454003894633 32.713135342975505 14.79012257102088 17.303139077500532 6.585206057357708 10.96165862408522 -1.8096527551343042 1.1603800115906957 17.79353885969457 5.6301837221889555 9.438229465801378 -0.1748834965993673 3.4474199888219204 19.325645569121157 -2.935081144412486 5.198007899068138 0.7455953744583432 -8.728316875153117 -6.578827579663427 -10.08860555562629 -1.0348865259398465
28.917835671342683 8.62937134611915 -0.2524574670801272 3.2226133109577226 1.254689499453736 -3.775647515605378 -2.3579715507582577 12.169277922683637 18.828222020578558 32.71681732460773 14.793804552653107 17.30682105913276 6.5888880389899525 10.965340605717447 -1.8059707735020778 1.1640619932229221 17.797220841326816 5.6338657038212 9.441911447433604 -0.17120151496714087 3.451101970454147 19.329327550753383 -2.9313991627802594 5.201689880700364 0.7492773560905697 -8.724634893520873 -6.575145598031183 -10.084923573994063 -1.0312045443076023
28.977955911823646 8.63304527941926 -0.24878353378003482 3.226287244257815 1.2583634327538284 -3.771973582305286 -2.3542976174581653 12.17295185598373 18.83189595387865 32.720491257907824 14.7974784859532 17.31049499243285 6.592561972290045 10.96901453901754 -1.8022968402019854 1.1677359265230145 17.800894774626908 5.637539637121292 9.445585380733696 -0.16752758166703074 3.454775903754239 19.333001484053476 -2.9277252294801492 5.205363814000457 0.752951289390662 -8.720960960220781 -6.5714716647310905 -10.081249640693953 -1.02753061100751
29.03807615230461 8.636711213015289 -0.24511760018398832 3.2299531778538437 1.2620293663498572 -3.768307648709257 -2.350631683862119 12.176617789579776 18.83556188747468 32.724157191503856 14.801144419549246 17.314160926028897 6.5962279058860736 10.972680472613586 -1.798630906605939 1.171401860119061 17.804560708222937 5.641205570717321 9.449251314329725 -0.163861648071002 3.4584418373502857 19.336667417649505 -2.9240592958841205 5.209029747596485 0.7566172229867085 -8.717295026624752 -6.567805731135062 -10.077583707097924 -1.0238646774114812
29.09819639278557 8.640369179644729 -0.24145963355454825 3.233611144483284 1.2656873329792973 -3.764649682079817 -2.346973717232679 12.180275756209216 18.83921985410412 32.7278151581333 14.804802386178686 17.317818892658337 6.599885872515514 10.976338439243008 -1.7949729399764989 1.1750598267484833 17.808218674852377 5.644863537346761 9.452909280959165 -0.16020368144156194 3.4620998039797257 19.340325384278945 -2.9204013292546804 5.212687714225925 0.7602751896161486 -8.713637059995312 -6.564147764505622 -10.073925740468484 -1.0202067107820412
29.158316633266534 8.644019222054045 -0.23780959114525047 3.2372611868925993 1.2693373753886128 -3.7609996396705014 -2.343323674823381 12.183925798618514 18.842869896513434 32.731465200542615 14.808452428588001 17.321468935067653 6.603535914924829 10.979988481652324 -1.7913228975671833 1.1787098691577989 17.811868717261692 5.648513579756076 9.45655932336848 -0.1565536390322464 3.4657498463890413 19.34397542668826 -2.916751286845365 5.216337756635241 0.7639252320254641 -8.709987017585997 -6.560497722096306 -10.070275698059168 -1.0165566683727256
29.218436873747493 8.647661366762183 -0.23416744643709464 3.240903331600755 1.2729795200967686 -3.7573574949623456 -2.339681530115225 12.18756794332667 18.84651204122159 32.73510734525076 14.81209457329614 17.32511107977579 6.607178059632985 10.98363062636048 -1.7876807528590453 1.1823520138659547 17.815510861969848 5.652155724464232 9.460201468076637 -0.15291149432410833 3.4693919910971793 19.347617571396416 -2.913109142137227 5.219979901343397 0.7675673767336022 -8.70634487287784 -6.55685557738815 -10.06663355335103 -1.0129145236645698
29.278557114228455 8.651295662870595 -0.23053315032868227 3.2445376277091498 1.276613816205181 -3.753723198853951 -2.336047234006813 12.191202239435082 18.850146337330003 32.73874164135918 14.815728869404552 17.328745375884203 6.61081235574138 10.987264922468892 -1.784046456750633 1.185986309974367 17.819145158078243 5.655790020572645 9.463835764185049 -0.14927719821569596 3.4730262872055917 19.35125186750483 -2.9094748460288145 5.223614197451809 0.7712016728420146 -8.702710576769446 -6.553221281279756 -10.062999257242618 -1.0092802275561752
29.338677354709418 8.654922139544876 -0.22690667365441897 3.248164104383431 1.2802402928794443 -3.75009672217967 -2.3324207573325495 12.194828716109363 18.853772814004266 32.74236811803345 14.819355346078833 17.332371852558484 6.614438832415661 10.990891399143155 -1.7804199800763518 1.1896127866486303 17.822771634752524 5.659416497246908 9.467462240859312 -0.1456507215414149 3.4766527638798728 19.35487834417909 -2.9058483693545334 5.227240674126072 0.7748281495162956 -8.699084100095165 -6.549594804605475 -10.059372780568337 -1.0056537508818941
29.39879759519038 8.658540837770818 -0.22328797542847667 3.251782802609373 1.2838589911053866 -3.7464780239537276 -2.328802059106607 12.198447414335288 18.85739151223021 32.74598681625939 14.822974044304775 17.33599055078441 6.618057530641603 10.994510097369098 -1.7768012818504273 1.1932314848745726 17.826390332978466 5.66303519547285 9.471080939085255 -0.1420320233154726 3.480271462105815 19.358497042405034 -2.902229671128591 5.230859372352015 0.7784468477422379 -8.695465401869223 -6.545976106379532 -10.055754082342395 -1.0020350526559518
29.458917835671343 8.662151784793082 -0.21967702840621328 3.2553937496316365 1.28746993812765 -3.7428670769314643 -2.325191112084344 12.202058361357551 18.86100245925247 32.74959776328164 14.826584991327021 17.339601497806672 6.621668477663866 10.998121044391361 -1.773190334828164 1.196842431896836 17.83000128000073 5.666646142495114 9.474691886107518 -0.1384210762932092 3.4838824091280607 19.362107989427297 -2.8986187241063277 5.234470319374278 0.7820577947645013 -8.69185445484696 -6.542365159357269 -10.052143135320131 -0.9984241056336884
29.519038076152302 8.665755025380069 -0.21607378781922648 3.2589969902186233 1.2910731787146368 -3.7392638363444775 -2.321587871497357 12.205661601944556 18.86460569983946 32.75320100386864 14.830188231914025 17.343204738393677 6.625271718250853 11.001724284978348 -1.7695870942411593 1.2004456724838228 17.833604520587716 5.6702493830821 9.478295126694505 -0.1348178357062224 3.4874856497150653 19.365711230014284 -2.895015483519341 5.238073559961265 0.7856610353514881 -8.688251214259973 -6.538761918770282 -10.048539894733144 -0.9948208650467016
