web/models/mosfit_kne/mosfit_kn_3.0000/mosfit_kn_0.001862_0.3277_3.0000.dat
# %ECSV 1.0
# ---
# datatype:
# - {name: time, datatype: float64}
# - {name: PS1_g, datatype: float64}
# - {name: PS1_i, datatype: float64}
# - {name: PS1_r, datatype: float64}
# - {name: PS1_w, datatype: float64}
# - {name: PS1_y, datatype: float64}
# - {name: PS1_z, datatype: float64}
# - {name: swift_uvot_B, datatype: float64}
# - {name: swift_uvot_U, datatype: float64}
# - {name: swift_uvot_uvm2, datatype: float64}
# - {name: swift_uvot_uvw1, datatype: float64}
# - {name: swift_uvot_uvw2, datatype: float64}
# - {name: swift_uvot_V, datatype: float64}
# - {name: johnson_B, datatype: float64}
# - {name: johnson_I, datatype: float64}
# - {name: johnson_R, datatype: float64}
# - {name: johnson_U, datatype: float64}
# - {name: johnson_V, datatype: float64}
# - {name: sdss_g, datatype: float64}
# - {name: sdss_i, datatype: float64}
# - {name: sdss_r, datatype: float64}
# - {name: sdss_u, datatype: float64}
# - {name: sdss_z, datatype: float64}
# - {name: ATLAS_c, datatype: float64}
# - {name: ATLAS_o, datatype: float64}
# - {name: ukirt_H, datatype: float64}
# - {name: ukirt_J, datatype: float64}
# - {name: ukirt_K, datatype: float64}
# - {name: Clear, datatype: float64}
# meta: !!omap
# - comment: [kappa = 3.0, type = rprocess, mass = 0.001861645566637777, velocity = 0.32766666666666666, theta_obs = 0.0, tfloor = 1000.0]
# schema: astropy-2.0
time PS1_g PS1_i PS1_r PS1_w PS1_y PS1_z swift_uvot_B swift_uvot_U swift_uvot_uvm2 swift_uvot_uvw1 swift_uvot_uvw2 swift_uvot_V johnson_B johnson_I johnson_R johnson_U johnson_V sdss_g sdss_i sdss_r sdss_u sdss_z ATLAS_c ATLAS_o ukirt_H ukirt_J ukirt_K Clear
[from data line 355]
21.402805611222444 15.78982946874369 6.908000655544413 10.383071433582263 8.415147622078276 3.384810607019144 4.802486571866282 19.329736045308177 25.98868014320309 39.87727544723227 21.954262675277647 24.4672791817573 13.749346161614476 18.125798728341987 5.354487349122462 8.324520115847463 24.957678963951345 12.794323826445739 16.602369570058144 6.989256607657399 10.611560093078687 26.489785673377916 4.229058959844281 12.362148003324904 7.90973547871511 -1.5641767708963334 0.5853125245933568 -2.9244654513695223 6.12925357831692
21.462925851703407 15.802943691388318 6.921114878189041 10.396185656226873 8.428261844722886 3.397924829663772 4.81560079451091 19.342850267952805 26.001794365847715 39.89038966987689 21.967376897922275 24.480393404401926 13.762460384259104 18.138912950986615 5.36760157176709 8.33763433849209 24.970793186595966 12.807438049090349 16.615483792702754 7.002370830302027 10.624674315723315 26.50289989602254 4.242173182488909 12.375262225969514 7.922849701359738 -1.5510625482517233 0.598426747237967 -2.9113512287248944 6.142367800961548
21.52304609218437 15.816025898079804 6.934197084880527 10.409267862918377 8.44134405141439 3.411007036355276 4.828683001202396 19.35593247464429 26.01487657253921 39.90347187656838 21.980459104613768 24.49347561109342 13.775542590950607 18.1519951576781 5.380683778458576 8.350716545183577 24.983875393287462 12.820520255781853 16.628565999394258 7.015453036993531 10.6377565224148 26.515982102714037 4.255255389180412 12.388344432661018 7.935931908051224 -1.5379803415602196 0.6115089539294707 -2.8982690220333907 6.155450007653052
21.58316633266533 15.829076232117991 6.947247418918714 10.422318196956546 8.45439438545256 3.424057370393445 4.841733335240583 19.36898280868248 26.02792690657739 39.916522210606566 21.993509438651948 24.5065259451316 13.788592924988777 18.16504549171629 5.393734112496763 8.363766879221764 24.99692572732564 12.833570589820022 16.641616333432427 7.0285033710317 10.650806856452988 26.529032436752217 4.268305723218582 12.401394766699187 7.948982242089411 -1.5249300075220502 0.62455928796764 -2.8852186879952213 6.168500341691221
21.64328657314629 15.842094837102145 6.960266023902868 10.4353368019407 8.467412990436713 3.4370759753775992 4.854751940224737 19.382001413666632 26.040945511561546 39.92954081559072 22.006528043636102 24.519544550115754 13.80161152997293 18.178064096700442 5.406752717480917 8.376785484205918 25.009944332309793 12.846589194804176 16.65463493841658 7.041521976015854 10.663825461437142 26.54205104173637 4.281324328202736 12.414413371683342 7.962000847073565 -1.5119114025378961 0.6375778929517941 -2.872200083011067 6.181518946675375
21.703406813627254 15.855081856766144 6.973253043566867 10.4483238216047 8.48040001010073 3.4500629950415984 4.867738959888737 19.39498843333063 26.05393253122554 39.94252783525472 22.0195150633001 24.532531569779753 13.81459854963693 18.19105111636444 5.4197397371449165 8.389772503869917 25.022931351973803 12.859576214468175 16.6676219580806 7.0545089956798535 10.676812481101141 26.555038061400367 4.294311347866735 12.427400391347359 7.974987866737564 -1.498924382873897 0.6505649126157933 -2.859213063347068 6.194505966339374
21.763527054108216 15.86803742675622 6.9862086135569434 10.461279391594775 8.493355580090807 3.4630185650316747 4.880694529878813 19.407944003320708 26.066888101215618 39.95548340524479 22.032470633290178 24.54548713976983 13.827554119627006 18.204006686354518 5.432695307134993 8.402728073859993 25.03588692196388 12.872531784458252 16.680577528070675 7.06746456566993 10.689768051091217 26.567993631390443 4.307266917856811 12.440355961337435 7.98794343672764 -1.4859688128838207 0.6635204826058696 -2.8462574933569917 6.2074615363294505
21.82364729458918 15.880961692497326 6.999132879298049 10.474203657335899 8.506279845831912 3.475942830772798 4.893618795619918 19.420868269061813 26.079812366956734 39.968407670985904 22.04539489903129 24.558411405510935 13.84047838536813 18.216930952095623 5.445619572876098 8.415652339601099 25.048811187704985 12.885456050199375 16.69350179381178 7.080388831411035 10.702692316832323 26.58091789713156 4.320191183597917 12.45328022707854 8.000867702468746 -1.4730445471426974 0.6764447483469929 -2.8333332276158862 6.220385802070556
21.883767535070138 15.89385479955606 7.012025986356782 10.487096764394614 8.519172952890646 3.4888359378315137 4.906511902678652 19.433761376120547 26.09270547401546 39.981300778044634 22.058288006090017 24.571304512569668 13.853371492426845 18.229824059154357 5.458512679934832 8.428545446659832 25.061704294763707 12.89834915725809 16.706394900870496 7.093281938469769 10.715585423891056 26.593811004190286 4.33308429065665 12.466173334137256 8.01376080952748 -1.4601514400839817 0.6893378554057086 -2.8204401205571528 6.2332789091292895
21.9438877755511 15.906716876766485 7.0248880635671895 10.49995884160504 8.532035030101053 3.5016980150419386 4.919373979889059 19.446623453330954 26.105567551225874 39.994162855255055 22.071150083300434 24.584166589780086 13.86623356963727 18.242686136364764 5.471374757145239 8.44140752387024 25.074566371974132 12.911211234468515 16.71925697808092 7.106144015680194 10.728447501101481 26.6066730814007 4.345946367867075 12.479035411347681 8.026622886737904 -1.4472893628735568 0.7021999326161334 -2.807578043346728 6.246140986339714
22.004008016032063 15.919548069874025 7.03771925667473 10.51279003471258 8.544866223208594 3.5145292081494794 4.9322051729966 19.459454646438513 26.118398744333426 40.00699404836259 22.08398127640797 24.596997782887623 13.879064762744811 18.255517329472305 5.484205950252798 8.45423871697778 25.087397565081673 12.924042427576056 16.73208817118846 7.1189752087877345 10.741278694209022 26.61950427450824 4.358777560974616 12.491866604455222 8.039454079845445 -1.434458169766016 0.7150311257236743 -2.794746850239187 6.258972179447255
22.064128256513026 15.932348521174333 7.050519707975056 10.525590486012906 8.55766667450892 3.527329659449805 4.945005624296925 19.47225509773882 26.13119919563374 40.019794499662915 22.0967817277083 24.60979823418794 13.891865214045136 18.26831778077263 5.497006401553105 8.467039168278106 25.100198016381988 12.936842878876382 16.744888622488787 7.131775660088042 10.75407914550933 26.632304725808567 4.371578012274924 12.504667055755547 8.052254531145753 -1.4216577184656904 0.7278315770239998 -2.7819463989388793 6.271772630747581
22.12424849699399 15.945118354187233 7.063289540987938 10.538360319025788 8.570436507521801 3.540099492462687 4.957775457309808 19.485024930751702 26.143969028646623 40.0325643326758 22.109551560721183 24.622568067200834 13.904635047058019 18.281087613785513 5.5097762345659875 8.479809001290988 25.11296784939487 12.949612711889264 16.75765845550167 7.144545493100942 10.766848978522212 26.64507455882145 4.384347845287824 12.51743688876843 8.065024364158635 -1.4088878854528082 0.7406014100368821 -2.7691765659259793 6.284542463760463
22.184368737474948 15.957857715706947 7.076028902507652 10.551099680545502 8.583175869041515 3.5528388539824007 4.970514818829521 19.497764292271416 26.156708390166337 40.04530369419552 22.122290922240897 24.635307428720548 13.917374408577732 18.293826975305226 5.522515596085701 8.492548362810702 25.125707210914594 12.962352073408978 16.770397817021383 7.157284854620656 10.779588340041943 26.657813920341162 4.397087206807537 12.530176250288143 8.077763725678366 -1.3961485239330946 0.7533407715565956 -2.7564372044062657 6.2972818252801765
22.24448897795591 15.97056673215203 7.088737918952734 10.563808696990584 8.595884885486598 3.5655478704274834 4.983223835274604 19.5104733087165 26.16941740661142 40.058012710640604 22.134999938685976 24.648016445165627 13.930083425022815 18.30653599175031 5.535224612530802 8.505257379255784 25.138416227359677 12.97506108985406 16.783106833466466 7.1699938710657385 10.792297356487026 26.670522936786245 4.40979622325262 12.542885266733226 8.090472742123449 -1.383439507488012 0.7660497880016783 -2.743728187961183 6.309990841725259
22.304609218436873 15.983245545254388 7.1014167320550925 10.576487510092942 8.608563698588956 3.5782266835298415 4.995902648376962 19.523152121818857 26.182096219713777 40.07069152374296 22.147678751788337 24.66069525826799 13.942762238125173 18.319214804852667 5.547903425633142 8.517936192358142 25.151095040462035 12.987739902956418 16.795785646568824 7.182672684168097 10.804976169589384 26.683201749888603 4.422475036354978 12.555564079835584 8.103151555225807 -1.3707606943856538 0.7787286011040364 -2.731049374858825 6.322669654827617
22.364729458917836 15.995894284704164 7.114065471504887 10.589136249542719 8.621212438038732 3.590875422979618 5.008551387826756 19.53580086126865 26.194744959163565 40.08334026319273 22.16032749123812 24.67334399771776 13.95541097757495 18.33186354430246 5.560552165082936 8.530584931807919 25.16374377991181 13.000388642406195 16.8084343860186 7.195321423617873 10.81762490903916 26.69585048933839 4.435123775804755 12.56821281928536 8.115800294675584 -1.3581119549358773 0.7913773405538129 -2.7184006354090484 6.335318394277394
22.4248496993988 16.008513085900677 7.1266842727014 10.601755050739232 8.633831239235263 3.6034942241761314 5.02117018902327 19.548419662465164 26.207363760360074 40.09595906438925 22.172946292434634 24.685962798914286 13.968029778771463 18.344482345498974 5.5731709662794495 8.54320373300445 25.176362581108325 13.013007443602708 16.821053187215114 7.2079402248143865 10.830243710235674 26.7084692905349 4.447742577001268 12.580831620481892 8.128419095872097 -1.345493153739364 0.8039961417503263 -2.705781834212535 6.347937195473907
22.484969939879758 16.021102080066285 7.139273266867008 10.61434404490484 8.646420233400871 3.616083218341739 5.033759183188877 19.561008656630772 26.219952754525686 40.10854805855487 22.185535286600242 24.698551793079893 13.98061877293707 18.357071339664582 5.585759960445057 8.555792727170058 25.18895157527394 13.025596437768316 16.83364218138074 7.220529218979994 10.842832704401282 26.72105828470051 4.460331571166876 12.5934206146475 8.141008090037705 -1.3329041595737563 0.816585135915934 -2.6931928400469274 6.360526189639515
22.54509018036072 16.03366139929065 7.151832586091373 10.626903364129223 8.658979552625237 3.6286425375661224 5.046318502413243 19.573567975855138 26.23251207375006 40.12110737777923 22.19809460582462 24.71111111230427 13.993178092161454 18.369630658888948 5.598319279669423 8.568352046394423 25.201510894498306 13.0381557569927 16.846201500605105 7.23308853820436 10.855392023625647 26.733617603924884 4.472890890391259 12.605979933871865 8.15356740926207 -1.320344840349373 0.8291444551403173 -2.680633520822544 6.373085508863898
22.605210420841683 16.04619116807175 7.164362354872473 10.639433132910305 8.671509321406319 3.6411723063472046 5.058848271194343 19.586097744636238 26.24504184253115 40.133637146560325 22.210624374605707 24.72364088108536 14.005707860942536 18.382160427670048 5.610849048450523 8.580881815175523 25.2140406632794 13.050685525773781 16.858731269386187 7.24561830698546 10.867921792406747 26.746147372705977 4.485420659172341 12.618509702652947 8.16609717804317 -1.3078150715682908 0.8416742239213995 -2.668103752041462 6.38561527764498
22.665330661322646 16.058691524499107 7.1768627112998296 10.651933489337662 8.684009677833693 3.653672662774561 5.071348627621699 19.598598101063594 26.257542198958504 40.146137502987685 22.223124731033064 24.736141237512715 14.018208217369892 18.394660784097404 5.623349404877879 8.59338217160288 25.226541019706765 13.063185882201156 16.87123162581356 7.258118663412816 10.880422148834104 26.75864772913333 4.497921015599697 12.631010059080321 8.178597534470526 -1.2953147151409168 0.8541745803487557 -2.6556033956141056 6.398115634072337
22.725450901803605 16.071162590436092 7.189333777236815 10.664404555274665 8.696480743770678 3.666143728711564 5.083819693558684 19.61106916700058 26.2700132648955 40.15860856892467 22.235595796970056 24.7486123034497 14.030679283306895 18.40713185003439 5.635820470814864 8.605853237539865 25.23901208564375 13.07565694813814 16.883702691750546 7.270589729349801 10.892893214771089 26.771118795070326 4.510392081536683 12.643481125017306 8.191068600407512 -1.2828436492039315 0.8666456462857588 -2.6431323296771203 6.41058670000934
22.785571142284567 16.083604500633495 7.201775687434218 10.676846465472067 8.70892265396808 3.6785856389089666 5.096261603756087 19.623511077197982 26.282455175092903 40.17105047912207 22.24803770716746 24.76105421364711 14.043121193504298 18.419573760231792 5.648262381012267 8.618295147737268 25.251453995841153 13.088098858335544 16.89614460194795 7.283031639547204 10.905335124968492 26.78356070526773 4.522833991734103 12.655923035214709 8.203510510604914 -1.2704017390065288 0.8790875564831615 -2.6306904194797 6.423028610206742
22.84569138276553 16.096017377924152 7.214188564724857 10.689259342762707 8.72133553125872 3.690998516199606 5.108674481046727 19.63592395448862 26.294868052383542 40.18346335641272 22.260450584458102 24.773467090937753 14.055534070794938 18.43198663752243 5.6606752583029065 8.630708025027907 25.2638668731318 13.100511735626183 16.90855747923859 7.295444516837861 10.917748002259149 26.795973582558368 4.535246869024743 12.668335912505349 8.215923387895572 -1.2579888617158892 0.8915004337738011 -2.6182775421890603 6.435441487497382
22.905811623246493 16.10840134897284 7.226572535773563 10.701643313811413 8.733719502307427 3.7033824872483123 5.121058452095433 19.648307925537328 26.307252023432248 40.19584732746142 22.272834555506808 24.78585106198645 14.067918041843644 18.444370608571138 5.673059229351613 8.643091996076613 25.276250844180495 13.11289570667489 16.920941450287295 7.30782848788655 10.930131973307837 26.808357553607074 4.547630840073431 12.680719883554055 8.22830735894426 -1.245604890667183 0.9038844048225072 -2.605893571140372 6.44782545854607
22.965931863727455 16.120756541328856 7.238927728129578 10.71399850616741 8.746074694663442 3.7157376796043096 5.133413644451448 19.660663117893343 26.319607215788253 40.208202519817426 22.285189747862812 24.798206254342464 14.080273234199641 18.456725800927153 5.685414421707628 8.655447188432628 25.288606036536503 13.125250899030886 16.933296642643292 7.320183680242565 10.942487165663852 26.82071274596308 4.559986032429446 12.693075075910052 8.240662551300275 -1.2332496983111858 0.9162395971785045 -2.593538378784357 6.460180650902085
23.026052104208414 16.1330830790879 7.2512542658886225 10.726325043926472 8.758401232422486 3.7280642173633716 5.145740182210492 19.672989655652387 26.331933753547307 40.22052905757648 22.297516285621864 24.810532792101515 14.092599771958703 18.469052338686197 5.697740959466672 8.667773726191673 25.300932574295558 13.137577436789948 16.945623180402354 7.332510218001609 10.954813703422897 26.833039283722133 4.572312570188508 12.705401613669114 8.25298908905932 -1.2209231605521238 0.9285661349375665 -2.581211841025295 6.472507188661147
23.086172344689377 16.145381086030834 7.263552272831539 10.73862305086939 8.770699239365403 3.7403622243062884 5.158038189153409 19.685287662595304 26.344231760490224 40.232827064519405 22.309814292564784 24.822830799044436 14.10489777890162 18.481350345629114 5.710038966409589 8.68007173313459 25.313230581238482 13.149875443732865 16.95792118734527 7.344808224944543 10.967111710365831 26.84533729066505 4.584610577131425 12.71769962061203 8.265287096002254 -1.208625153609207 0.9408641418804833 -2.568913834082378 6.484805195604064
