web/models/mosfit_kne/mosfit_kn_3.0000/mosfit_kn_0.001000_0.0613_3.0000.dat
# %ECSV 1.0
# ---
# datatype:
# - {name: time, datatype: float64}
# - {name: PS1_g, datatype: float64}
# - {name: PS1_i, datatype: float64}
# - {name: PS1_r, datatype: float64}
# - {name: PS1_w, datatype: float64}
# - {name: PS1_y, datatype: float64}
# - {name: PS1_z, datatype: float64}
# - {name: swift_uvot_B, datatype: float64}
# - {name: swift_uvot_U, datatype: float64}
# - {name: swift_uvot_uvm2, datatype: float64}
# - {name: swift_uvot_uvw1, datatype: float64}
# - {name: swift_uvot_uvw2, datatype: float64}
# - {name: swift_uvot_V, datatype: float64}
# - {name: johnson_B, datatype: float64}
# - {name: johnson_I, datatype: float64}
# - {name: johnson_R, datatype: float64}
# - {name: johnson_U, datatype: float64}
# - {name: johnson_V, datatype: float64}
# - {name: sdss_g, datatype: float64}
# - {name: sdss_i, datatype: float64}
# - {name: sdss_r, datatype: float64}
# - {name: sdss_u, datatype: float64}
# - {name: sdss_z, datatype: float64}
# - {name: ATLAS_c, datatype: float64}
# - {name: ATLAS_o, datatype: float64}
# - {name: ukirt_H, datatype: float64}
# - {name: ukirt_J, datatype: float64}
# - {name: ukirt_K, datatype: float64}
# - {name: Clear, datatype: float64}
# meta: !!omap
# - comment: [kappa = 3.0, type = rprocess, mass = 0.001, velocity = 0.061333333333333344, theta_obs = 0.0, tfloor = 1000.0]
# schema: astropy-2.0
time PS1_g PS1_i PS1_r PS1_w PS1_y PS1_z swift_uvot_B swift_uvot_U swift_uvot_uvm2 swift_uvot_uvw1 swift_uvot_uvw2 swift_uvot_V johnson_B johnson_I johnson_R johnson_U johnson_V sdss_g sdss_i sdss_r sdss_u sdss_z ATLAS_c ATLAS_o ukirt_H ukirt_J ukirt_K Clear
[from data line 29]
1.8036072144288577 -10.229569297688812 -11.77310132390879 -11.23511530638769 -11.159672564008485 -12.14777949231749 -12.022099951055747 -9.530304132960172 -9.077076636761756 -5.254292558060956 -7.2391386335968555 -5.339307073870042 -10.755373160324996 -9.607705672199977 -12.333534481269776 -11.599680714219975 -9.12334128827202 -10.818018722785963 -10.077603604192227 -11.768556700061357 -11.228232443066126 -8.268163125862849 -12.06076844055195 -10.668698176183291 -11.50039435787404 -12.226594696723419 -12.29454682240405 -12.026485235336233 -11.336277913327883
1.8637274549098195 -10.049322757299475 -11.67862894902802 -11.106625149564326 -11.037880986809085 -12.08745697857859 -11.948430048710659 -9.320574046063623 -8.798612438337745 -4.816364993430613 -6.924002071340762 -5.004186901644484 -10.598636639112968 -9.402674075983558 -12.248979019095867 -11.481817399684601 -8.856416810551313 -10.664998818393004 -9.889806741370855 -11.673167232961887 -11.098812831145644 -7.996110828317491 -11.990913415448148 -10.514326295434469 -11.38948774557944 -12.213746690120784 -12.260177254223164 -12.027943620841517 -11.230468905008912
1.9238476953907815 -9.860032594386716 -11.577380037068465 -10.970399327463216 -10.909405928952918 -12.0214349272044 -11.868618294050979 -9.100863791909159 -8.508343614995173 -4.363421059231086 -6.601403964391377 -4.664796835066113 -10.433242291733109 -9.187968187462147 -12.157974296006586 -11.356686498429049 -8.577919640333082 -10.503548351609327 -9.692758041907794 -11.570972950238403 -10.961585253437818 -7.712268674725937 -11.915074153593253 -10.351951574078058 -11.271572832445518 -12.19689551857776 -12.221027263611395 -12.02592993301822 -11.118769011685234
1.9839679358717435 -9.661778729105173 -11.469433334924126 -10.8265164519357 -10.77436884405154 -11.949798024448643 -11.78274542012213 -8.871241709372335 -8.206325698170005 -3.895573644464874 -6.271879220795142 -4.3216457263791455 -10.259255837519714 -8.963673929048909 -12.060602514371485 -11.224384020963225 -8.287903588188616 -10.333744983349911 -9.486536421778062 -11.462052517396994 -10.816624480499488 -7.416683849672143 -11.83333584117836 -10.18167872556102 -11.14674812300235 -12.176152161796788 -12.17719454154654 -12.02056686085294 -11.001317950885028
2.0440881763527052 -9.45469428895148 -11.354898536484335 -10.675095286385847 -10.632926694592015 -11.872652192739306 -11.690917221801804 -8.631837245269633 -7.89269256596377 -3.4130588044389603 -5.9360323316689545 -3.975257862073643 -10.076790408397766 -8.729937756964151 -11.956974115772205 -11.085043989564955 -7.9864981648315165 -10.155713259481656 -9.27127597247221 -11.346515812345785 -10.664045630352366 -7.109480531655805 -11.745807786275257 -10.003658493557346 -11.01514777121233 -12.151635085335284 -12.128790494386513 -12.011980642095688 -10.878285776086383
2.1042084168336674 -9.23892465997909 -11.23389000705842 -10.516262666797243 -10.485240437758705 -11.790104074335446 -11.593241805650809 -8.382795131433618 -7.567598995267684 -2.916151096167268 -5.5944596316756545 -3.6260915574205863 -9.885969768451972 -8.486921524018193 -11.847203168894797 -10.93880807382303 -7.673853161168093 -9.969588399439482 -9.047123738984233 -11.224477495544658 -10.503971963833134 -6.790803663189582 -11.652601289299422 -9.818050813266446 -10.876912314937286 -12.123457482945435 -12.075923995143539 -12.000290605045423 -10.749843896163185
2.164328657314629 -9.014698617855164 -11.106574407350056 -10.350210534212252 -10.331528480041907 -11.702298996810327 -11.489871377954106 -8.124354996134564 -7.231319303337109 -2.405304528739925 -5.247835899412063 -3.2746298388142168 -9.686993482782526 -8.234880389587666 -11.73145215362321 -10.785879308540924 -7.350234274316147 -9.775580174578751 -8.81431295275144 -11.09610489279877 -10.33659227795539 -6.460916173235578 -11.553870268955553 -9.625088015720031 -10.73224030023118 -12.091751266788522 -12.01873175148794 -11.985628864821825 -10.616213457541761
2.224448897795591 -8.782194708971112 -10.973083089984854 -10.177089964127681 -10.171965676159456 -11.60935200650675 -11.380925962456026 -7.856701752428235 -6.884060964144432 -1.8808827413503009 -4.896706759001255 -2.921175799166139 -9.48001555464317 -7.974015981937995 -11.609849788150132 -10.62642210951336 -7.0158428138548175 -9.573853741198429 -8.573025360885858 -10.961529893322535 -10.16205436940611 -6.120015825174381 -11.449737117556449 -9.424955546645482 -10.581292105721083 -12.056624206975888 -11.95732362040127 -11.968105325067613 -10.477573544590015
2.284569138276553 -8.541804076360222 -10.833686374023479 -9.997220883613416 -10.006880380328909 -11.51148583381234 -11.266645711229692 -7.5802600549331975 -6.526330449511182 -1.3436829496552276 -4.541845428989628 -2.566220901470032 -9.26538461326998 -7.704764556453213 -11.482654633114777 -10.46075956750266 -6.67117008520502 -9.364764997675932 -8.32366192851465 -10.821024195072404 -9.980676070631436 -5.768595514957067 -11.34044065971441 -9.21802545717222 -10.424379549767622 -12.01824583555245 -11.891892208535404 -11.947877661252322 -10.334239327154329
2.344689378757515 -8.293834154866087 -10.688598323800544 -9.810856412995328 -9.836531624237832 -11.408876936816501 -11.147220697808446 -7.295362409447544 -6.158520320525369 -0.7943409691769814 -4.18382241201682 -2.210022897044158 -9.043374016860827 -7.427471630987522 -11.350071929813687 -10.289151356809889 -6.316597695954915 -9.148595791957826 -8.066537593924412 -10.674802980300395 -9.79270823505086 -5.407037089998834 -11.226170764684866 -9.004592523246853 -10.26175238432577 -11.97675192166617 -11.822590828518694 -11.925073485044669 -10.186460198603662
2.4048096192384767 -8.038653471774015 -10.53807288979776 -9.61829845449154 -9.661217908484403 -11.301731752776867 -11.022875026001415 -7.002411370263398 -5.781110732750765 -0.23361941511732365 -3.8232048819648763 -1.852820201493571 -8.814314225817832 -7.142550632916173 -11.212343883009225 -10.111902421724565 -5.952592750734677 -8.9256835914386 -7.802030400794546 -10.523121588411382 -9.598451063287854 -5.035809812663903 -11.107150055469752 -8.785002893704608 -10.093702775275908 -11.932292178331759 -11.749594207203911 -11.89982928619841 -10.034518244311066
2.464929859719439 -7.776710592455203 -10.382416980597746 -9.419913127280637 -9.481290860457179 -11.190297250134105 -10.893878410191622 -6.701900870131797 -5.394695772906939 0.33755727474575625 -3.460576887739783 -1.4948641345011313 -8.578610617299766 -6.85050332391484 -11.0697619408072 -9.929377119916609 -5.579733488380018 -8.696438661203894 -7.530600990795904 -10.366288654348583 -9.398269728163928 -4.655496560226258 -10.983645091760366 -8.559670464956302 -9.920578871725887 -11.88503680997117 -11.673106890810343 -11.872295643094331 -9.87874024065377
2.5250501002004007 -7.508488214103295 -10.221960492890556 -9.216094382770024 -9.297120953875329 -11.074837532063935 -10.760520195268128 -6.39436476589002 -4.999919398404362 0.9181964370232771 -3.096478374924309 -1.136370248509063 -8.336701827747419 -6.5518691413989885 -10.922638715866075 -9.741964761895822 -5.198647285729969 -8.46130306853748 -7.25274529541915 -10.204635962579474 -9.192557814992472 -4.266730863952137 -10.855941113701117 -8.32903594137056 -9.742751730077934 -11.835162334070189 -11.593344897564284 -11.842625765872848 -9.719466689351624
2.5851703406813624 -7.234555141831951 -10.057091188722236 -9.007305732909305 -9.109135837378606 -10.955661583539289 -10.62313995771719 -6.080435199789643 -4.597547882013249 1.5071369690944865 -2.7314782618645945 -0.7776007176995701 -8.089107771064256 -6.2472817418875195 -10.771340702292768 -9.550118346427798 -4.810080925510853 -8.220797363324158 -6.969048053664899 -10.038553512774193 -8.98177942503759 -3.8702685111970325 -10.724371667155523 -8.093612502056189 -9.560652552832032 -11.782868730258754 -11.510557715652892 -11.810989283703 -9.557086032143012
2.6452905811623246 -6.95538096386624 -9.888131816248293 -8.793932179918365 -8.917684260569931 -10.833026621004525 -10.482020413557596 -5.760634428727719 -4.188211188440167 2.1034162715228506 -2.3659476071504844 -0.4186487880966925 -7.836259505094934 -5.937265871379477 -10.616173147573395 -9.354215894165893 -4.414649840959523 -7.975354303276345 -6.679991901732816 -9.868365943135036 -8.766320016411928 -3.466732340537142 -10.589214786132448 -7.853822372159094 -9.37463966922543 -11.72832110295923 -11.424952505762727 -11.77752566563157 -9.391913214509984
2.7054108216432864 -6.671663930512999 -9.715558287348678 -8.576542536837088 -8.723277179103324 -10.707310308871438 -10.337577967413996 -5.4357430635087765 -3.7728604289965695 2.7056276814471376 -2.0004886787103255 -0.059866380432292754 -7.578800855697392 -5.622595726372438 -10.457584523170837 -9.154805246137514 -4.013281654272848 -7.725613019557806 -6.386295082207596 -9.694551925867092 -8.546750811832666 -3.0570638501727565 -10.450877597904515 -7.610285628579234 -9.185233604305676 -11.671754442226659 -11.336829624784295 -11.742428052428602 -9.224404823413686
2.7655310621242486 -6.383986912010258 -9.539771100514063 -8.355614280052954 -8.526335463438173 -10.578830736500944 -10.190163332552196 -5.106413539570457 -3.3522877542164764 3.31259899042976 -1.635511373386151 0.29855034616891674 -7.317272134352966 -5.303918245002514 -10.295952351548998 -8.952346781820488 -3.6067505851103765 -7.472110191443606 -6.088557052806145 -9.517514300056291 -8.323551538671357 -2.6420492189063616 -10.309703101684953 -7.3635171899527485 -8.992870264701427 -11.613364856451154 -11.24644135429097 -11.70585647683012 -9.054934174773557
2.8256513026052104 -6.09296943890957 -9.361196449061904 -8.13165511247826 -8.327302137095085 -10.447926284275049 -10.040149861377614 -4.773340776970541 -2.9273384298785743 3.923095067914219 -1.2714408734761302 0.6563562301270989 -7.052249884444007 -4.981919179568507 -10.131677974265997 -8.747326833450312 -3.1958829950368117 -7.21541631841452 -5.78741507944315 -9.337681741706536 -8.097232948937698 -2.2225285652963755 -10.166055747461389 -7.114060936382689 -8.798009944604583 -11.553358416416389 -11.154054872848318 -11.667977091061966 -8.883891656849645
2.885771543086172 -5.799275365797101 -9.18029143763933 -7.905209118349017 -8.126648186776357 -10.31495986187414 -9.887938185106737 -4.437270731853707 -2.4989215326419156 4.535805525481906 -0.9087373108321368 1.0132390719900788 -6.784354040043444 -4.6573311054707425 -9.965191436459648 -8.540263103696468 -2.7815676899182518 -6.9561424699964975 -5.483552114190342 -9.155514002893632 -7.868343068459431 -1.7994064908179475 -10.020325874955933 -6.862496452567193 -8.601142679672975 -11.491953959930433 -11.059955697428412 -11.628964485748677 -8.711689893019745
2.9458917835671343 -5.5035251514541805 -8.997485516858479 -7.676786370499826 -7.924809307402274 -10.180272830913282 -9.733905123512283 -4.098901616017595 -2.06788737109477 5.149516844350132 -0.5478001803959383 1.3689162615986175 -6.514166828137367 -4.330837443812822 -9.796896652772038 -8.331639088695699 -2.364636881260378 -6.694861276718968 -5.177606434248592 -8.971443014502682 -7.637396186420773 -1.3735307694804888 -9.872880267174988 -6.609362357233746 -8.402725483858209 -11.429355779556419 -10.964411771087653 -11.588980240858964 -8.53870792344976
3.006012024048096 -5.206341482632126 -8.813210803665132 -7.4468993697624875 -7.722219726188939 -10.044208973899504 -9.57843018852083 -3.7589350488296622 -1.6350911136613353 5.763024576319091 -0.18903320305612992 1.723074082067996 -6.242274678671358 -4.003122129915745 -9.627199817651928 -8.121937932162357 -1.9459277829931243 -6.432147694123366 -4.870218624232798 -8.785903371978865 -7.404909591975919 -0.9457550662657788 -9.724087799006362 -6.35519663366285 -8.203215003253863 -11.365768387490538 -10.86769239707184 -11.548184846320487 -8.365321451032486
3.066132264529058 -4.90831915708565 -8.627881821972796 -7.216038753218825 -7.519290961901799 -9.90709855718297 -9.421877898416788 -3.4180420236161444 -1.2013506171852837 6.375192392255539 0.16718470907340732 2.075399781705102 -5.969240154453311 -3.674836674037469 -9.456490449040277 -7.911619883691217 -1.5262415614858438 -6.168551715820738 -4.562000549516334 -8.59931196002984 -7.171379033073997 -0.5168970442282728 -9.574302341283332 -6.100510602506137 -8.003046041338902 -11.301387293450363 -10.770055912677988 -11.506730624821556 -8.191884339097708
3.12625250501002 -4.610009131750825 -8.441884623081073 -6.984660319201428 -7.316400973466344 -9.769249758340521 -9.264588256960664 -3.0768447860100876 -0.7674240044901202 6.984982747399735 0.5205125860950237 2.4255980867722973 -5.695586864917275 -3.3465827999279303 -9.285131222518228 -7.7011104065121865 -1.1063214415813616 -5.904583811152794 -4.253518922728183 -8.412057011067962 -6.937265567130115 -0.08771595743098715 -9.423853589155122 -5.845775399266788 -7.802620283977486 -11.236394208921768 -10.67174312966223 -11.464758188174551 -8.018719389839664
3.186372745490982 -4.311936264328278 -8.255588460268264 -6.753199115960911 -7.113907538590549 -9.630957865251766 -9.106886932698899 -2.7359366537416916 -0.33403434256145537 7.591422536552074 0.8706231017003501 2.7733703958870284 -5.421815604463743 -3.0189318108527137 -9.113468914103954 -7.49081335059411 -0.6868765369283668 -5.640730675647522 -3.945313572444249 -8.22450984324762 -6.703009735443661 0.34106312830378016 -9.27305692599166 -5.5914378475582005 -7.602319066928107 -11.17096279531207 -10.57298462574021 -11.422401165468388 -7.846130422707063
3.2464929859719436 -4.014568053263421 -8.069324624842071 -6.522044170110508 -6.9121262998897315 -9.49248855037947 -8.94906672177294 -2.395846676045191 0.09817420187385317 8.193662255618342 1.217236777165898 3.118451680318263 -5.148375040543567 -2.692390690315442 -8.941814610928535 -7.28108780343111 -0.2685391887241305 -5.377426948586732 -3.637865247882015 -8.03700357970671 -6.469005980192648 0.7687929416311512 -9.122195560454767 -5.337893583349267 -7.402481247740376 -11.105248932758832 -10.47398778305279 -11.379778756713408 -7.674383285911333
3.306613226452906 -3.7183083724445254 -7.8833819898171065 -6.29153328082543 -6.711326843981684 -9.354074304734823 -8.791383596276017 -2.057032432951341 0.5286452865647819 8.790986443083352 1.5601276959621306 3.460618956196392 -4.87565552768783 -2.367395506823837 -8.770439564663796 -7.072243595176187 0.14814378951275808 -5.115049432635723 -3.3315891685243493 -7.8498286693200825 -6.235597308929748 1.1949130518772932 -8.971516772935608 -5.085482021017 -7.2033989487835015 -11.039388814061189 -10.374934094728816 -11.336994440346578 -7.503702771737597
3.3667334669338675 -3.4235239479287394 -7.698024574532862 -6.061974175758795 -6.511752121349534 -9.215928250947307 -8.634072015682897 -1.7199097456110046 0.956873493285322 9.382761918462897 1.8990930402609867 3.7996632437210534 -4.60401340815108 -2.0443403763637 -8.59959164324729 -6.864561053931387 0.5626753641154704 -4.85394079162871 -3.0268622923156485 -7.6632505490387715 -6.003096607439424 1.6189134841149233 -8.821246740741291 -4.834509735981651 -7.005336573854528 -10.973507291003644 -10.275989989847803 -11.29414266143831 -7.3342899035116105
