web/models/mosfit_kne/mosfit_kn_3.0000/mosfit_kn_0.002290_0.2023_3.0000.dat
# %ECSV 1.0
# ---
# datatype:
# - {name: time, datatype: float64}
# - {name: PS1_g, datatype: float64}
# - {name: PS1_i, datatype: float64}
# - {name: PS1_r, datatype: float64}
# - {name: PS1_w, datatype: float64}
# - {name: PS1_y, datatype: float64}
# - {name: PS1_z, datatype: float64}
# - {name: swift_uvot_B, datatype: float64}
# - {name: swift_uvot_U, datatype: float64}
# - {name: swift_uvot_uvm2, datatype: float64}
# - {name: swift_uvot_uvw1, datatype: float64}
# - {name: swift_uvot_uvw2, datatype: float64}
# - {name: swift_uvot_V, datatype: float64}
# - {name: johnson_B, datatype: float64}
# - {name: johnson_I, datatype: float64}
# - {name: johnson_R, datatype: float64}
# - {name: johnson_U, datatype: float64}
# - {name: johnson_V, datatype: float64}
# - {name: sdss_g, datatype: float64}
# - {name: sdss_i, datatype: float64}
# - {name: sdss_r, datatype: float64}
# - {name: sdss_u, datatype: float64}
# - {name: sdss_z, datatype: float64}
# - {name: ATLAS_c, datatype: float64}
# - {name: ATLAS_o, datatype: float64}
# - {name: ukirt_H, datatype: float64}
# - {name: ukirt_J, datatype: float64}
# - {name: ukirt_K, datatype: float64}
# - {name: Clear, datatype: float64}
# meta: !!omap
# - comment: [kappa = 3.0, type = rprocess, mass = 0.0022901433483143324, velocity = 0.20233333333333337, theta_obs = 0.0, tfloor = 1000.0]
# schema: astropy-2.0
time PS1_g PS1_i PS1_r PS1_w PS1_y PS1_z swift_uvot_B swift_uvot_U swift_uvot_uvm2 swift_uvot_uvw1 swift_uvot_uvw2 swift_uvot_V johnson_B johnson_I johnson_R johnson_U johnson_V sdss_g sdss_i sdss_r sdss_u sdss_z ATLAS_c ATLAS_o ukirt_H ukirt_J ukirt_K Clear
[from data line 116]
7.034068136272545 9.933839971246261 1.052011158046966 4.527081936084816 2.5591581245808293 -2.471178890478285 -1.0535029256311468 13.473746547810748 20.132690645705658 34.02128594973483 16.098273177780218 18.611289684259862 7.893356664117046 12.26980923084454 -0.5015021483749669 2.468530618350015 19.10168946645391 6.938334328948293 10.746380072560697 1.13326711015997 4.755570595581258 20.633796175880484 -1.6269305376531484 6.506158505827457 2.0537459812176806 -7.420166268393781 -5.27067697290409 -8.780454948866952 0.27326408081949083
7.0941883767535066 9.954634428648195 1.0728056154488996 4.547876393486749 2.579952581982763 -2.4503844330763513 -1.032708468229231 13.494541005212664 20.153485103107585 34.042080407136766 16.11906763518215 18.632084141661796 7.914151121518979 12.290603688246474 -0.48070769097303323 2.4893250757519487 19.122483923855842 6.9591287863502265 10.767174529962631 1.1540615675619037 4.776365052983191 20.65459063328241 -1.6061360802512148 6.526952963229391 2.0745404386196142 -7.399371810991847 -5.249882515502156 -8.759660491465018 0.29405853822142447
7.154308617234468 9.975261832809093 1.0934330196098152 4.568503797647647 2.6005799861436785 -2.4297570289154535 -1.0120810640683153 13.51516840937358 20.17411250726849 34.06270781129767 16.13969503934305 18.6527115458227 7.934778525679877 12.31123109240739 -0.4600802868121354 2.5099524799128643 19.14311132801674 6.979756190511124 10.787801934123546 1.1746889717228015 4.796992457144089 20.675218037443315 -1.585508676090317 6.547580367390307 2.095167842780512 -7.37874440683095 -5.229255111341258 -8.73903308730412 0.3146859423823223
7.214428857715431 9.995725970888465 1.1138971576891876 4.588967935727037 2.621044124223051 -2.4092928908360633 -0.9916169259889429 13.535632547452952 20.194576645347873 34.083171949377046 16.160159177422422 18.673175683902084 7.955242663759267 12.331695230486762 -0.439616148732763 2.5304166179922367 19.16357546609613 7.0002203285905145 10.808266072202919 1.195153109802174 4.817456595223462 20.6956821755227 -1.5650445380109446 6.568044505469679 2.1156319808598845 -7.358280268751559 -5.208790973261868 -8.718568949224748 0.33515008046171246
7.274549098196393 10.016030115551722 1.1342013023524444 4.6092720803902765 2.64134826888629 -2.3889887461728243 -0.9713127813256861 13.555936692116209 20.214880790011122 34.103476094040296 16.18046332208568 18.69347982856532 7.975546808422506 12.351999375150019 -0.4193120040695062 2.5507207626554758 19.18387961075937 7.0205244732537535 10.828570216866158 1.2154572544654307 4.837760739886718 20.715986320185948 -1.5447403933476878 6.588348650132918 2.1359361255231413 -7.33797612408832 -5.188486828598629 -8.698264804561491 0.3554542251249515
7.3346693386773545 10.03617769041183 1.154348877212552 4.629419655250384 2.6614958437463976 -2.3688411713127167 -0.9511652064655784 13.576084266976316 20.235028364871226 34.1236236689004 16.200610896945786 18.713627403425438 7.995694383282614 12.372146950010126 -0.39916442920939854 2.570868337515601 19.204027185619477 7.040672048113861 10.848717791726266 1.2356048293255384 4.857908314746826 20.736133895046052 -1.52459281848758 6.608496224993026 2.156083700383249 -7.317828549228213 -5.168339253738521 -8.678117229701384 0.37560179998505916
7.394789579158316 10.05617210945072 1.1743432962514433 4.649414074289293 2.6814902627853066 -2.3488467522738077 -0.9311707874266872 13.596078686015208 20.25502278391013 34.1436180879393 16.220605315984677 18.73362182246433 8.015688802321524 12.392141369049018 -0.37917001017050733 2.5908627565544924 19.224021604658386 7.06066646715277 10.868712210765175 1.2555992483644296 4.877902733785717 20.756128314084954 -1.504598399448689 6.628490644031935 2.17607811942214 -7.297834130189304 -5.148344834699612 -8.658122810662492 0.39559621902396813
7.454909819639278 10.076016415853015 1.194187602653738 4.66925838069157 2.701334569187601 -2.329002445871531 -0.9113264810243926 13.615922992417502 20.274867090312412 34.163462394341586 16.240449622386972 18.753466128866624 8.0355331087238 12.411985675451312 -0.3593257037682127 2.610707062956787 19.243865911060663 7.080510773555047 10.888556517167451 1.2754435547667242 4.897747040188012 20.775972620487238 -1.4847540930463943 6.648334950434229 2.1959224258244348 -7.277989823787027 -5.1285005282973355 -8.638278504260198 0.415440525426245
7.51503006012024 10.095719786562167 1.21389097336289 4.68896175140074 2.7210379398967532 -2.309299075162361 -0.8916231103152406 13.635626363126654 20.294570461021575 34.183165765050745 16.260152993096124 18.773169499575776 8.05523647943297 12.431689046160464 -0.33962233305906064 2.630410433665939 19.263569281769833 7.100214144264217 10.908259887876621 1.2951469254758763 4.917450410897164 20.7956759911964 -1.4650507223372422 6.668038321143381 2.215625796533587 -7.258286453077857 -5.108797157588166 -8.618575133551046 0.43514389613539706
7.575150300601202 10.115271183536088 1.2334423703368103 4.70851314837466 2.7405893368706735 -2.2897476781884407 -0.8720717133413203 13.655177760100575 20.314121857995495 34.20271716202467 16.279704390070044 18.792720896549707 8.07478787640689 12.451240443134385 -0.32007093608514037 2.6499618306398594 19.283120678743753 7.119765541238137 10.927811284850542 1.3146983224498143 4.937001807871084 20.81522738817032 -1.4454993253633042 6.687589718117302 2.235177193507507 -7.238735056103937 -5.089245760614245 -8.599023736577108 0.4546952931093351
7.635270541082164 10.13468320086428 1.2528543876650033 4.727925165702835 2.760001354198849 -2.2703356608602654 -0.8526596960131272 13.674589777428768 20.33353387532368 34.222129179352855 16.299116407398238 18.81213291387789 8.094199893735066 12.470652460462578 -0.3006589187569473 2.6693738479680524 19.30253269607193 7.139177558566312 10.947223302178717 1.3341103397779897 4.956413825199277 20.834639405498507 -1.4260873080351288 6.707001735445477 2.2545892108357 -7.219323038775761 -5.06983374328607 -8.579611719248932 0.4741073104375104
7.695390781563126 10.153958423832208 1.2721296106329127 4.7472003886707625 2.779276577166776 -2.2510604378923382 -0.8333844730452178 13.693865000396677 20.352809098291598 34.241404402320775 16.318391630366165 18.831408136845806 8.113475116702993 12.489927683430487 -0.2813836957890379 2.688649070935962 19.321807919039856 7.15845278153424 10.966498525146644 1.3533855627459168 4.9756890481672045 20.853914628466423 -1.4068120850672017 6.726276958413404 2.2738644338036273 -7.200047815807834 -5.050558520318143 -8.560336496281005 0.4933825334054376
7.755511022044088 10.173099422184588 1.291270608985311 4.766341387023143 2.7984175755191742 -2.2319194395399578 -0.8142434746928195 13.713005998749075 20.371950096643985 34.26054540067316 16.337532628718545 18.850549135198197 8.132616115055374 12.509068681782885 -0.26224269743663964 2.70779006928836 19.340948917392236 7.17759377988662 10.985639523499025 1.3725265610982973 4.994830046519585 20.87305562681881 -1.3876710867148212 6.745417956765802 2.293005432156008 -7.180906817455454 -5.031417521965762 -8.541195497928625 0.5125235317578181
7.8156312625250495 10.192109144704968 1.3102803315056732 4.785351109543523 2.8174272980395365 -2.2129097170195777 -0.7952337521724573 13.732015721269438 20.390959819164358 34.27955512319353 16.356542351238907 18.86955885771857 8.151625837575754 12.528078404303248 -0.24323297491627738 2.7267997918087223 19.359958639912616 7.196603502407 11.004649246019405 1.3915362836186773 5.013839769039947 20.892065349339184 -1.3686613641944412 6.764427679286165 2.312015154676388 -7.161897094935074 -5.012407799445382 -8.522185775408245 0.5315332542781981
7.875751503006012 10.210990283710792 1.3291614705115151 4.804232248549347 2.8363084370453606 -2.1940285780137536 -0.7763526131666154 13.75089686027528 20.409840958170193 34.29843626219937 16.37542349024475 18.8884399967244 8.170506976581578 12.54695954330909 -0.2243518359104355 2.745680930814564 19.37883977891844 7.215484641412824 11.023530385025229 1.4104174226245014 5.032720908045789 20.91094648834502 -1.349780225188617 6.783308818291989 2.330896293682212 -7.14301595592925 -4.993526660439558 -8.50330463640242 0.5504143932840222
7.935871743486974 10.229745613857393 1.3479168006581155 4.8229875786959475 2.8550637671919787 -2.1752732478671533 -0.757597283020015 13.76965219042188 20.42859628831679 34.317191592345964 16.39417882039135 18.907195326871 8.189262306728178 12.56571487345569 -0.20559650576383515 2.7644362609611646 19.39759510906504 7.2342399715594246 11.042285715171829 1.4291727527711018 5.0514762381923894 20.929701818491615 -1.3310248950420167 6.802064148438589 2.3496516238288123 -7.124260625782649 -4.974771330292958 -8.48454930625582 0.5691697234306226
7.995991983967936 10.248378023175846 1.3665492099765508 4.841619988014401 2.873696176510414 -2.1566408385487 -0.7389648737015797 13.788284599740333 20.447228697635236 34.33582400166441 16.412811229709803 18.925827736189444 8.207894716046631 12.584347282774125 -0.18696409644538203 2.7830686702796 19.416227518383494 7.252872380877878 11.060918124490282 1.447805162089555 5.070108647510843 20.94833422781006 -1.3123924857235636 6.820696557757042 2.3682840331472654 -7.105628216464196 -4.956138920974505 -8.465916896937367 0.5878021327490757
8.056112224448897 10.266890079029558 1.3850612658302808 4.860132043868113 2.892208232364144 -2.138128782694988 -0.7204528178478498 13.806796655594045 20.46574075348896 34.35433605751814 16.431323285563515 18.944339792043166 8.226406771900344 12.602859338627855 -0.16845204059166985 2.80158072613333 19.434739574237206 7.27138443673159 11.079430180344012 1.466317217943267 5.088620703364555 20.966846283663784 -1.2938804298698514 6.839208613610772 2.3867960890009776 -7.087116160610484 -4.937626865120793 -8.447404841083655 0.6063141886027879
8.11623246492986 10.285284575041675 1.4034557618423982 4.878526539880248 2.9106027283762614 -2.119734286682853 -0.7020583218357324 13.825191151606163 20.484135249501083 34.37273055353025 16.449717781575632 18.962734288055284 8.244801267912479 12.621253834639973 -0.15005754457955245 2.8199752221454473 19.453134070249334 7.289778932743725 11.09782467635613 1.4847117139553845 5.107015199376672 20.98524077967591 -1.275485933857734 6.8576031096228895 2.405190585013095 -7.068721664598349 -4.9192323691086575 -8.429010345071537 0.6247086846149053
8.176352705410821 10.303564156724647 1.42173534352537 4.896806121563202 2.928882310059233 -2.101454704999899 -0.6837787401527606 13.843470733289134 20.502414831184048 34.39101013521323 16.467997363258604 18.981013869738256 8.263080849595433 12.639533416322944 -0.13177796289658072 2.838254803828419 19.471413651932302 7.308058514426679 11.116104258039101 1.5029912956383562 5.125294781059644 21.003520361358873 -1.2572063521747623 6.875882691305861 2.4234701666960667 -7.050442082915395 -4.9009527874257035 -8.410730763388566 0.642988266297877
8.236472945891784 10.321731302465018 1.4399024892657408 4.914973267303573 2.9470494557995863 -2.083287559259528 -0.6656115944123897 13.861637879029505 20.52058197692442 34.40917728095359 16.486164508998975 18.999181015478616 8.281247995335804 12.657700562063315 -0.1136108171562098 2.856421949568772 19.489580797672666 7.32622566016705 11.134271403779454 1.5211584413787271 5.143461926800015 21.021687507099244 -1.2390392064343914 6.894049837046214 2.4416373124364377 -7.032274937175024 -4.882785641685333 -8.392563617648195 0.6611554120382479
8.296593186372744 10.339788707359219 1.4579598941599414 4.933030672197791 2.9651068606938047 -2.0652301543653095 -0.6475541895181891 13.879695283923706 20.538639381818626 34.4272346858478 16.504221913893176 19.017238420372827 8.299305400230022 12.675757966957516 -0.0955534122620092 2.8744793544629905 19.507638202566874 7.344283065061268 11.152328808673673 1.5392158462729277 5.161519331694215 21.039744911993452 -1.2209818015401908 6.912107241940433 2.4596947173306383 -7.014217532280806 -4.864728236791114 -8.374506212753994 0.6792128169324485
8.356713426853707 10.357738816523625 1.4759100033243477 4.95098078136218 2.9830569698581932 -2.047280045200921 -0.6296040803537828 13.897645393088112 20.556589490983022 34.445184795012196 16.522172023057582 19.035188529537233 8.31725550939441 12.693708076121922 -0.07760330309760288 2.892429463627397 19.525588311731273 7.362233174225657 11.170278917838061 1.557165955437334 5.179469440858622 21.057695021157848 -1.2030316923757844 6.930057351104821 2.4776448264950446 -6.996267423116417 -4.846778127626726 -8.356556103589588 0.6971629260968548
8.41683366733467 10.375584005993037 1.493755192793742 4.968825970831592 3.0009021593276053 -2.029434855731509 -0.6117588908843885 13.915490582557506 20.574434680452427 34.46302998448161 16.540017212526994 19.05303371900664 8.335100698863823 12.711553265591316 -0.059758113628190834 2.910274653096791 19.543433501200685 7.380078363695069 11.188124107307473 1.575011144906746 5.197314630328034 21.075540210627253 -1.1851865029063724 6.947902540574233 2.4954900159644566 -6.978422233647005 -4.828932938157314 -8.338710914120176 0.7150081155662669
8.47695390781563 10.393326826579408 1.5114980133801303 4.98656879141798 3.0186449799139936 -2.0116920351451384 -0.5940160702980002 13.933233403143895 20.592177501038815 34.480772805067986 16.557760033113365 19.070776539593016 8.352843519450193 12.729296086177705 -0.04201529304182028 2.9280174736831794 19.561176321787066 7.397821184281457 11.205866927893862 1.5927539654931167 5.215057450914404 21.09328303121364 -1.1674436823200018 6.965645361160622 2.513232836550827 -6.960679413060617 -4.811190117570925 -8.320968093533805 0.7327509361526374
8.537074148296593 10.410969545227342 1.5291407320280648 5.004211510065897 3.036287698561928 -1.994049316497204 -0.5763733516500658 13.95087612179183 20.60982021968674 34.49841552371592 16.5754027517613 19.08841925824095 8.370486238098128 12.74693880482564 -0.02437257439388585 2.945660192331114 19.578819040435 7.415463902929374 11.223509646541796 1.610396684141051 5.232700169562339 21.110925749861565 -1.1498009636720674 6.983288079808556 2.5308755551987616 -6.9430366944127 -4.793547398923009 -8.30332537488587 0.7503936548005719
8.597194388777554 10.428514462343568 1.5466856491442904 5.02175642718214 3.0538326156781537 -1.9765043993809783 -0.5588284345338401 13.968421038908055 20.627365136802965 34.515960440832146 16.592947668877525 19.105964175357176 8.388031155214353 12.764483721941865 -0.006827657277660215 2.9632051094473395 19.596363957551226 7.433008820045617 11.241054563658022 1.6279416012572767 5.250245086678564 21.12847066697779 -1.1322560465558418 7.000832996924782 2.5484204723149873 -6.925491777296457 -4.776002481806765 -8.285780457769645 0.7679385719167975
8.657314629258517 10.445963943365904 1.5641351301666262 5.039205908204458 3.0712820967004717 -1.9590549183586425 -0.5413789535115043 13.98587051993039 20.644814617825304 34.53340992185448 16.61039714989986 19.123413656379512 8.405480636236689 12.7819332029642 0.010621823744675574 2.9806545904696753 19.61381343857355 7.450458301067935 11.25850404468034 1.6453910822796125 5.2676945677009 21.14592014800013 -1.114806565533506 7.0182824779471 2.565869953337323 -6.908042296274139 -4.758553000784447 -8.26833097674731 0.7853880529391333
8.71743486973948 10.463320111016614 1.5814912978173368 5.056562075855169 3.0886382643512 -1.941698750707932 -0.5240227858607938 14.003226687581101 20.662170785476015 34.55076608950518 16.62775331755057 19.140769824030222 8.4228368038874 12.799289370614911 0.027977991395386148 2.998010758120386 19.63116960622426 7.467814468718646 11.27586021233105 1.662747249930323 5.285050735351611 21.16327631565084 -1.0974503978827954 7.03563864559781 2.5832261209880336 -6.890686128623428 -4.741196833133737 -8.250974809096599 0.8027442205898438
