web/models/mosfit_kne/mosfit_kn_3.0000/mosfit_kn_0.006452_0.1397_3.0000.dat
# %ECSV 1.0
# ---
# datatype:
# - {name: time, datatype: float64}
# - {name: PS1_g, datatype: float64}
# - {name: PS1_i, datatype: float64}
# - {name: PS1_r, datatype: float64}
# - {name: PS1_w, datatype: float64}
# - {name: PS1_y, datatype: float64}
# - {name: PS1_z, datatype: float64}
# - {name: swift_uvot_B, datatype: float64}
# - {name: swift_uvot_U, datatype: float64}
# - {name: swift_uvot_uvm2, datatype: float64}
# - {name: swift_uvot_uvw1, datatype: float64}
# - {name: swift_uvot_uvw2, datatype: float64}
# - {name: swift_uvot_V, datatype: float64}
# - {name: johnson_B, datatype: float64}
# - {name: johnson_I, datatype: float64}
# - {name: johnson_R, datatype: float64}
# - {name: johnson_U, datatype: float64}
# - {name: johnson_V, datatype: float64}
# - {name: sdss_g, datatype: float64}
# - {name: sdss_i, datatype: float64}
# - {name: sdss_r, datatype: float64}
# - {name: sdss_u, datatype: float64}
# - {name: sdss_z, datatype: float64}
# - {name: ATLAS_c, datatype: float64}
# - {name: ATLAS_o, datatype: float64}
# - {name: ukirt_H, datatype: float64}
# - {name: ukirt_J, datatype: float64}
# - {name: ukirt_K, datatype: float64}
# - {name: Clear, datatype: float64}
# meta: !!omap
# - comment: [kappa = 3.0, type = rprocess, mass = 0.006451950121499907, velocity = 0.13966666666666672, theta_obs = 0.0, tfloor = 1000.0]
# schema: astropy-2.0
time PS1_g PS1_i PS1_r PS1_w PS1_y PS1_z swift_uvot_B swift_uvot_U swift_uvot_uvm2 swift_uvot_uvw1 swift_uvot_uvw2 swift_uvot_V johnson_B johnson_I johnson_R johnson_U johnson_V sdss_g sdss_i sdss_r sdss_u sdss_z ATLAS_c ATLAS_o ukirt_H ukirt_J ukirt_K Clear
[from data line 438]
26.392785571142284 10.51709555711362 1.6352667439143254 5.110337521952175 3.1424137104481886 -1.8879233046109256 -0.47024733976380517 14.05700213367809 20.71594623157301 34.60454153560218 16.68152876364756 19.194545270127218 8.476612249984406 12.8530648167119 0.08175343749237474 3.0517862042173745 19.684945052321268 7.521589914815652 11.329635658428057 1.7165226960273294 5.338826181448599 21.217051761747836 -1.043674951785789 7.089414091694817 2.63700156708504 -6.836910682526422 -4.68742138703673 -8.197199362999593 0.8565196666868502
26.452905811623246 10.522439528471992 1.6406107152727145 5.115681493310564 3.147757681806578 -1.8825793332525542 -0.464903368405416 14.062346105036479 20.7212902029314 34.60988550696057 16.68687273500595 19.1998892414856 8.481956221342777 12.858408788070289 0.08709740885076389 3.0571301755757636 19.690289023679647 7.526933886174041 11.334979629786446 1.7218666673857008 5.3441701528069885 21.222395733106225 -1.0383309804274177 7.094758063053206 2.6423455384434114 -6.8315667111680325 -4.682077415678341 -8.191855391641221 0.8618636380452216
26.51302605210421 10.527778517988544 1.6459497047892668 5.121020482827099 3.1530966713231123 -1.877240343736002 -0.4595643788888637 14.067685094553031 20.726629192447945 34.61522449647712 16.6922117245225 19.205228231002142 8.48729521085933 12.863747777586823 0.09243639836731621 3.062469165092298 19.695628013196192 7.532272875690576 11.34031861930298 1.7272056569022531 5.349509142323541 21.22773472262277 -1.0329919909108654 7.10009705256974 2.6476845279599637 -6.826227721651498 -4.676738426161807 -8.186516402124669 0.8672026275617739
26.573146292585168 10.53311256899331 1.651283755794033 5.126354533831865 3.1584307223278785 -1.8719062927312358 -0.45423032788409756 14.073019145557797 20.73196324345271 34.620558547481885 16.697545775527267 19.21056228200692 8.492629261864096 12.869081828591607 0.09777044937208235 3.067803216097082 19.700962064200958 7.537606926695342 11.345652670307746 1.7325397079070193 5.354843193328307 21.233068773627537 -1.0276579399060992 7.105431103574507 2.65301857896473 -6.820893670646732 -4.67140437515704 -8.181182351119903 0.87253667856654
26.63326653306613 10.538441727150989 1.6566129139517116 5.131683691989561 3.163759880485575 -1.8665771345735571 -0.4489011697264189 14.078348303715476 20.73729240161039 34.62588770563957 16.702874933684946 19.215891440164597 8.497958420021774 12.874410986749286 0.103099607529761 3.0731323742547607 19.706291222358644 7.5429360848530385 11.350981828465443 1.737868866064698 5.360172351485986 21.238397931785215 -1.0223287817484206 7.110760261732203 2.6583477371224085 -6.815564512489035 -4.666075216999344 -8.175853192962224 0.8778658367242187
26.693386773547093 10.54376603345979 1.661937220260512 5.137007998298362 3.1690841867943753 -1.861252828264739 -0.4435768634176185 14.083672610024276 20.742616707919197 34.63121201194837 16.708199239993746 19.221215746473398 8.503282726330593 12.879735293058086 0.10842391383856143 3.078456680563561 19.711615528667444 7.548260391161839 11.356306134774243 1.7431931723734984 5.365496657794786 21.243722238094023 -1.0170044754396201 7.116084568041003 2.663672043431209 -6.810240206180235 -4.660750910690544 -8.170528886653424 0.8831901430330369
26.753507014028056 10.549085528421873 1.6672567152225959 5.142327493260428 3.1744036817564414 -1.8559333333026728 -0.43825736845553465 14.08899210498636 20.74793620288127 34.636531506910444 16.71351873495583 19.22653524143548 8.508602221292659 12.88505478802017 0.11374340880064526 3.083776175525645 19.71693502362952 7.553579886123905 11.36162562973631 1.7485126673355822 5.37081615275687 21.249041733056096 -1.0116849804775363 7.1214040630030695 2.6689915383932927 -6.804920711218169 -4.6554314157284775 -8.16520939169134 0.888509637995103
26.81362725450902 10.554400254008325 1.6725714408090298 5.14764221884688 3.179718407342893 -1.8506186077162212 -0.4329426428691008 14.094306830572794 20.753250928467715 34.641846232496896 16.71883346054228 19.231849967021926 8.51391694687911 12.890369513606604 0.11905813438707913 3.089090901112079 19.722249749215973 7.558894611710357 11.366940355322761 1.7538273929220338 5.3761308783433215 21.25435645864254 -1.0063702548910847 7.126718788589521 2.6743062639797444 -6.799605985631717 -4.650116690142026 -8.159894666104888 0.8938243635815546
26.873747494989978 10.559710253299048 1.677881440099771 5.152952218137603 3.1850284066336165 -1.8453086084254977 -0.4276326435783595 14.099616829863535 20.758560927758445 34.64715623178762 16.724143459833005 19.23715996631265 8.519226946169834 12.895679512897328 0.1243681336778204 3.0944009004028024 19.727559748506696 7.56420461100108 11.372250354613485 1.7591373922127573 5.381440877634045 21.25966645793327 -1.0010602556003612 7.132028787880245 2.679616263270468 -6.794295986340994 -4.644806690851302 -8.154584666814165 0.8991343628722781
26.93386773547094 10.56501556496146 1.6831867517621824 5.158257529800014 3.1903337182960456 -1.8400032967630864 -0.4223273319159482 14.104922141525947 20.763866239420857 34.65246154345004 16.729448771495417 19.242465277975068 8.524532257832245 12.900984824559757 0.12967344534023173 3.0997062120652314 19.732865060169118 7.569509922663491 11.377555666275914 1.7644427038751687 5.386746189296456 21.264971769595682 -0.9957549439379498 7.137334099542674 2.684921574932879 -6.788990674678582 -4.639501379188891 -8.149279355151753 0.9044396745346894
26.993987975951903 10.570316230578456 1.6884874173791609 5.163558195417011 3.195634383913024 -1.8347026311460901 -0.4170266662989697 14.110222807142925 20.769166905037846 34.65776220906702 16.734749437112413 19.247765943592054 8.529832923449241 12.906285490176735 0.13497411095721024 3.10500687768221 19.738165725786104 7.574810588280488 11.382856331892892 1.769743369492165 5.392046854913435 21.27027243521267 -0.9904542783209536 7.142634765159652 2.6902222405498755 -6.783690009061586 -4.634200713571895 -8.143978689534757 0.9097403401516857
27.054108216432866 10.575612287802603 1.6937834746033253 5.168854252641157 3.200930441137171 -1.8294065739219434 -0.4117306090748052 14.11551886436709 20.774462962262 34.66305826629117 16.74004549433656 19.25306200081621 8.535128980673388 12.9115815474009 0.14027016818137472 3.1103029349063744 19.74346178301025 7.580106645504634 11.388152389117039 1.7750394267163117 5.397342912137599 21.275568492436825 -0.9851582210968068 7.147930822383799 2.695518297774022 -6.778393951837439 -4.628904656347748 -8.13868263231061 0.9150363973758324
27.11422845691383 10.580903776073782 1.699074962874505 5.174145740912355 3.2062219294083683 -1.824115085650746 -0.40643912080362554 14.12081035263827 20.77975445053319 34.668349754562364 16.74533698260774 19.2583534890874 8.540420468944586 12.91687303567208 0.14556165645255437 3.115594423177554 19.748753271281437 7.585398133775832 11.393443877388236 1.7803309149874913 5.402634400408779 21.280859980708016 -0.9798667328256094 7.153222310654996 2.700809786045202 -6.773102463566242 -4.623613168076551 -8.133391144039413 0.9203278856470298
27.174348697394787 10.586190732173666 1.7043619189743886 5.179432697012238 3.211508885508252 -1.8188281295508801 -0.40115216470374193 14.126097308738153 20.785041406633063 34.673636710662244 16.750623938707623 19.263640445187274 8.545707425044451 12.922159991771963 0.15084861255243798 3.1208813792774377 19.754040227381324 7.590685089875715 11.39873083348812 1.785617871087375 5.407921356508663 21.28614693680789 -0.9745797767257436 7.15850926675488 2.7060967421450854 -6.767815507466358 -4.618326211976685 -8.128104187939547 0.9256148417468957
27.23446893787575 10.591473192560539 1.7096443793612437 5.1847151573990935 3.216791345895107 -1.8135456691640073 -0.39586970431688684 14.131379769125008 20.79032386701993 34.67891917104911 16.755906399094496 19.26892290557414 8.550989885431324 12.927442452158818 0.15613107293929307 3.126163839664293 19.759322687768186 7.5959675502625705 11.404013293874975 1.7909003314742478 5.413203816895535 21.291429397194754 -0.9692973163388707 7.163791727141735 2.7113792025319583 -6.762533047079503 -4.613043751589812 -8.122821727552674 0.9308973021337685
27.294589178356713 10.596751192315192 1.7149223791158974 5.189993157153747 3.2220693456497607 -1.8082676694093536 -0.39059170456223313 14.136657768879662 20.795601866774582 34.684197170803756 16.76118439884913 19.274200905328794 8.556267885185978 12.932720451913472 0.16140907269394678 3.1314418394189465 19.76460068752284 7.601245550017224 11.409291293629629 1.7961783312289015 5.418481816650171 21.296707396949408 -0.964019316584217 7.169069726896389 2.716657202286612 -6.75725504732485 -4.607765751835158 -8.11754372779802 0.9361753018884222
27.354709418837675 10.602024767625071 1.7201959544257939 5.195266732463626 3.2273429209596394 -1.8029940940994749 -0.38531812925233666 14.141931344189558 20.800875442084468 34.68947074611364 16.766457974159028 19.27947448063868 8.561541460495857 12.937994027223368 0.16668264800384325 3.136715414728843 19.76987426283272 7.606519125327103 11.414564868939507 1.8014519065387802 5.423755391960068 21.301980972259294 -0.9587457412743383 7.1743433022062675 2.7219307775964907 -6.751981472014971 -4.6024921765252795 -8.112270152488142 0.941448877198301
27.414829659318634 10.607293955153327 1.72546514195405 5.2005359199919 3.2326121084879134 -1.7977249065712009 -0.38004894172408044 14.147200531717814 20.806144629612735 34.694739933641905 16.771727161687284 19.284743668166943 8.56681064802413 12.943263214751624 0.17195183553209947 3.141984602257099 19.775143450360986 7.611788312855377 11.419834056467781 1.8067210940670364 5.429024579488324 21.30725015978756 -0.9534765537460821 7.1796124897345415 2.727199965124747 -6.746712284486697 -4.5972229889970055 -8.107000964959886 0.9467180647265749
27.474949899799597 10.612558788941993 1.7307299757426975 5.205800753780547 3.2378769422765608 -1.7924600727825535 -0.37478410793543304 14.152465365506462 20.811409463401382 34.700004767430556 16.77699199547593 19.290008501955594 8.572075481812778 12.948528048540272 0.17721666932074687 3.1472494360457466 19.78040828414963 7.617053146644024 11.425098890256429 1.8119859278557016 5.4342894132769715 21.312514993576208 -0.9482117199574169 7.184877323523189 2.732464798913412 -6.7414474506980495 -4.591958155208358 -8.10173613117122 0.9519828985152223
27.53507014028056 10.617819302217573 1.7359904890182776 5.211061267056127 3.243137455552141 -1.7871995595069734 -0.36952359465985296 14.15772587878206 20.816669976676963 34.70526528070614 16.78225250875153 19.295269015231174 8.577335995088358 12.953788561815852 0.1824771825963447 3.1525099493213267 19.78566879742522 7.622313659919604 11.430359403532009 1.8172464411312816 5.439549926552569 21.31777550685179 -0.9429512066818369 7.190137836798769 2.737725312188992 -6.736186937422469 -4.586697641932778 -8.09647561789564 0.9572434117908024
27.595190380761522 10.623075530554829 1.7412467173555513 5.216317495393401 3.2483936838894145 -1.7819433311697175 -0.3642673663225793 14.162982107119316 20.821926205014236 34.71052150904341 16.787508737088785 19.300525243568437 8.582592223425614 12.959044790153126 0.18773341093360063 3.1577661776586003 19.790925025762483 7.627569888256878 11.435615631869283 1.8225026694685376 5.444806154889825 21.323031735189062 -0.9376949783445809 7.195394065136043 2.742981540526248 -6.730930709085196 -4.581441413595504 -8.091219389558384 0.9624996401280583
27.655310621242485 10.628327507814888 1.7464986946156102 5.22156947265346 3.2536456611494735 -1.7766913539096585 -0.3590153890625203 14.168234084379375 20.827178182274295 34.71577348630347 16.792760714348844 19.305777220828496 8.587844200685673 12.964296767413185 0.19298538819365962 3.1630181549186593 19.796177003022542 7.632821865516937 11.440867609129342 1.8277546467285966 5.450058132149884 21.32828371244912 -0.9324430010845219 7.200646042396102 2.748233517786307 -6.725678731825137 -4.576189436335445 -8.085967412298325 0.9677516173881173
27.715430861723444 10.633575262937232 1.7517464497379542 5.226817227775786 3.2588934162718175 -1.7714435987873145 -0.3537676339401763 14.173481839501719 20.83242593739663 34.7210212414258 16.79800846947119 19.31102497595084 8.593091955808017 12.969544522535529 0.1982331433160036 3.1682659100410033 19.80142475814488 7.638069620639263 11.446115364251668 1.8330024018509405 5.455305887272228 21.333531467571454 -0.927195245962178 7.205893797518446 2.753481272908651 -6.7204309767028105 -4.570941681213119 -8.080719657175981 0.9729993725104613
27.775551102204407 10.638818827062995 1.7569900138636996 5.232060791901549 3.264136980397563 -1.7662000346615514 -0.34852406981443096 14.178725403627464 20.837669501522385 34.72626480555156 16.803252033596934 19.316268540076596 8.59833551993378 12.974788086661274 0.20347670744174895 3.1735094741667487 19.806668322270642 7.643313184765026 11.45135892837743 1.8382459659767036 5.4605494513979735 21.33877503169721 -0.9219516818364148 7.211137361644191 2.758724837034414 -6.715187412577047 -4.565698117087356 -8.075476093050218 0.9782429366362244
27.83567134268537 10.64405823178479 1.7622294185855125 5.237300196623362 3.269376385119376 -1.7609606299397385 -0.343284665092618 14.183964808349277 20.842908906244197 34.73150421027337 16.808491438318747 19.321507944798398 8.603574924655593 12.980027491383087 0.2087161121635619 3.1787488788885616 19.811907726992445 7.648552589486839 11.456598333099244 1.8434853706984988 5.4657888561197865 21.344014436419023 -0.9167122771146197 7.216376766366004 2.7639642417562094 -6.7099480078552345 -4.560458712365543 -8.070236688328423 0.9834823413580196
27.895791583166332 10.649293509757154 1.7674646965578766 5.242535474595709 3.274611663091722 -1.755725351967392 -0.3380493871202539 14.189200086321641 20.84814418421655 34.736739488245725 16.81372671629111 19.326743222770755 8.60881020262794 12.985262769355433 0.213951390135926 3.183984156860908 19.8171430049648 7.653787867459186 11.46183361107159 1.848720648670863 5.471024134092151 21.349249714391377 -0.9114769991422556 7.22161204433835 2.7691995197285735 -6.704712729882888 -4.555223434393197 -8.065001410356059 0.9887176193303837
27.955911823647295 10.654524690036897 1.77269587683762 5.247766654875452 3.2798428433714832 -1.7504941716876488 -0.33281820684051056 14.194431266601384 20.853375364496294 34.74197066852547 16.818957896570854 19.331974403050506 8.614041382907683 12.990493949635194 0.21918257041566935 3.189215337140669 19.822374185244545 7.659019047738929 11.467064791351333 1.8539518289506063 5.476255314371894 21.35448089467112 -0.9062458188625122 7.226843224618094 2.774430700008317 -6.699481549603145 -4.549992254113453 -8.059770230076316 0.993948799610127
28.016032064128254 10.659751801249797 1.7779229880505198 5.252993766088352 3.2850699545843653 -1.7452670604747489 -0.3275910956276107 14.199658377814284 20.858602475709198 34.747197779738364 16.824185007783754 19.337201514263405 8.619268494120583 12.995721060848094 0.22440968162856922 3.194442448353569 19.827601296457445 7.664246158951829 11.472291902564233 1.8591789401635062 5.481482425584794 21.359708005884023 -0.9010187076496123 7.2320703358309935 2.7796578112212167 -6.694254438390245 -4.544765142900554 -8.054543118863416 0.9991759108230269
