web/models/mosfit_kne/mosfit_kn_3.0000/mosfit_kn_0.007937_0.1553_3.0000.dat
# %ECSV 1.0
# ---
# datatype:
# - {name: time, datatype: float64}
# - {name: PS1_g, datatype: float64}
# - {name: PS1_i, datatype: float64}
# - {name: PS1_r, datatype: float64}
# - {name: PS1_w, datatype: float64}
# - {name: PS1_y, datatype: float64}
# - {name: PS1_z, datatype: float64}
# - {name: swift_uvot_B, datatype: float64}
# - {name: swift_uvot_U, datatype: float64}
# - {name: swift_uvot_uvm2, datatype: float64}
# - {name: swift_uvot_uvw1, datatype: float64}
# - {name: swift_uvot_uvw2, datatype: float64}
# - {name: swift_uvot_V, datatype: float64}
# - {name: johnson_B, datatype: float64}
# - {name: johnson_I, datatype: float64}
# - {name: johnson_R, datatype: float64}
# - {name: johnson_U, datatype: float64}
# - {name: johnson_V, datatype: float64}
# - {name: sdss_g, datatype: float64}
# - {name: sdss_i, datatype: float64}
# - {name: sdss_r, datatype: float64}
# - {name: sdss_u, datatype: float64}
# - {name: sdss_z, datatype: float64}
# - {name: ATLAS_c, datatype: float64}
# - {name: ATLAS_o, datatype: float64}
# - {name: ukirt_H, datatype: float64}
# - {name: ukirt_J, datatype: float64}
# - {name: ukirt_K, datatype: float64}
# - {name: Clear, datatype: float64}
# meta: !!omap
# - comment: [kappa = 3.0, type = rprocess, mass = 0.00793700525986525, velocity = 0.15533333333333332, theta_obs = 0.0, tfloor = 1000.0]
# schema: astropy-2.0
time PS1_g PS1_i PS1_r PS1_w PS1_y PS1_z swift_uvot_B swift_uvot_U swift_uvot_uvm2 swift_uvot_uvw1 swift_uvot_uvw2 swift_uvot_V johnson_B johnson_I johnson_R johnson_U johnson_V sdss_g sdss_i sdss_r sdss_u sdss_z ATLAS_c ATLAS_o ukirt_H ukirt_J ukirt_K Clear
0.06012024048096192 -10.956184438941516 -10.551216287895748 -10.762162667660657 -10.806283681932332 -10.204146555238989 -10.355904590726315 -10.887938797381047 -12.039477214610628 -12.272568054112497 -12.228235148172875 -12.048957801892314 -10.877505007626286 -10.898880178311469 -10.905172019654803 -10.92773022592101 -11.79211471587828 -10.885601041933056 -10.975013985137654 -10.566110737870371 -10.764611266118393 -11.033591027851983 -10.321643889802736 -10.900891435253346 -10.694445145664329 -9.313638973460383 -9.821833486167167 -8.820264144852333 -10.735391853210814
0.12024048096192384 -11.75245097457335 -11.53648391236894 -11.677084911668665 -11.684396575612155 -11.255271957837163 -11.38198067177182 -11.626296879982007 -12.614926590391136 -12.394267203042858 -12.5051825463588 -12.050219491928566 -11.738718215407832 -11.640757868074449 -11.908975241813888 -11.858897359427118 -12.399775810597983 -11.749852426419912 -11.754707289864665 -11.549615255647865 -11.679544136652549 -11.633494504852049 -11.353828302329845 -11.73741160231776 -11.636450491711656 -10.45247858783515 -10.920415016594463 -9.98638305406187 -11.626668401622897
0.18036072144288576 -12.12793612780537 -12.058245602005151 -12.144125251051108 -12.126802353980786 -11.828332502132834 -11.935523342974523 -11.956366898081747 -12.820125175944277 -12.261323768279183 -12.497745093441441 -11.843783066358004 -12.1635877805993 -11.973932799026116 -12.445238056720857 -12.338882206988366 -12.629268350278526 -12.177370526135698 -12.117348864702215 -12.069998414409664 -12.146471582079794 -11.856722858945652 -11.91219363752845 -12.145171495115399 -12.125130488928733 -11.093502233694393 -11.530375657116101 -10.648316484344045 -12.08094904795571
0.24048096192384769 -12.357235568427214 -12.40733555599741 -12.448177764508372 -12.413204904043127 -12.219763676238955 -12.3108307725375 -12.148145255186222 -12.910577326637256 -12.08268985053714 -12.424836736827913 -11.618016018297567 -12.432712730308133 -12.16850960993279 -12.806331599494786 -12.653796035634006 -12.739179688318753 -12.44886517418866 -12.3361328555408 -12.417948246338941 -12.450349462990129 -11.961349411703832 -12.291527133526312 -12.401626501593412 -12.447373485254047 -11.540926324922667 -11.952274158652434 -11.112850772706631 -12.378171312200923
0.3006012024048096 -12.518995469280032 -12.669660686552309 -12.67252467876391 -12.62448678631996 -12.517908819771293 -12.595321247334912 -12.27819527998654 -12.956216166525092 -11.907332633136804 -12.340236467649657 -11.412344137324219 -12.62746570028088 -12.30109143491671 -13.0788330240354 -12.88745139204319 -12.800858463077997 -12.645750882278717 -12.489070253507997 -12.679307719908284 -12.674490914741625 -12.018487984205386 -12.579457114800459 -12.586688943600599 -12.687329687329516 -11.886428954894457 -12.276225648061947 -11.472757748549041 -12.599292595341414
0.3607214428857715 -12.630656252460177 -12.87159370234745 -12.840231314431225 -12.781820297841389 -12.75222911515824 -12.817281900449142 -12.361234672050038 -12.96396915347863 -11.72015540452929 -12.236137392074369 -11.205310101304974 -12.768397067804031 -12.386548546194728 -13.28998247516677 -13.063667002768586 -12.822789225539363 -12.788710466226563 -12.592816552435764 -12.880366999337038 -12.84196634264326 -12.036263951733268 -12.804554912074497 -12.719661817080183 -12.869317377097644 -12.163592997993431 -12.533917244302424 -11.762909245601401 -12.766040962903986
0.42084168336673344 -12.707936879258597 -13.03181128623045 -12.968890019368544 -12.902069818918829 -12.942407608829196 -12.996013848156647 -12.41209106366328 -12.946035587219491 -11.52574948465777 -12.119483011754948 -10.998938107123756 -12.87228176621537 -12.439749612420869 -13.4587380926111 -13.200274712276194 -12.817706498378875 -12.894555071762353 -12.662830019078672 -13.03977595004877 -12.970372941046495 -12.027298165556246 -12.986212570261273 -12.816853540272763 -13.011325339840578 -12.393447952882076 -12.745756656848284 -12.00476026580567 -12.895421169761061
0.48096192384769537 -12.760352840627611 -13.161596008944745 -13.069137041406638 -12.995431475959105 -13.100324896692666 -13.143170928011987 -12.439746531080484 -12.909822561936366 -11.32698556493429 -11.994566523463028 -10.79455962349098 -12.949268247390268 -12.469700913808225 -13.596549786296485 -13.308053264217385 -12.793338147539927 -12.973454440858399 -12.708470064124562 -13.168801192122732 -13.07035002453837 -11.999250439383449 -13.136137863238684 -12.888130871235628 -13.124225491497779 -12.588672678750664 -12.924054251376285 -12.211241727882099 -12.997711156106124
0.5410821643286573 -12.794053076660337 -13.268253929406875 -13.14785610083705 -13.06849764719276 -13.233676648606956 -13.266301208215925 -12.450000232933657 -12.860095818998492 -11.125667970603285 -11.864134803827788 -10.592968004225266 -13.005921115004117 -12.4822172992708 -13.710832694451096 -13.393979349668694 -12.754660345985116 -13.031986925986486 -12.735783244810843 -13.274738383256324 -13.14878342485164 -11.957052311387724 -13.261913939781333 -12.93987220628722 -13.215055165582026 -12.757481719814352 -13.076785138437737 -12.390731895395922 -13.0795556308788
0.6012024048096192 -12.812624385174978 -13.356376324792762 -13.20926854586224 -13.125272253127331 -13.347397436356285 -13.370208952783731 -12.446130907185548 -12.799250938213635 -10.9217302047842 -11.728983561790027 -10.393408033167656 -13.046179108916728 -12.480594867028913 -13.806274693881388 -13.462358862562215 -12.704245038380002 -13.074106119639131 -12.748267572123595 -13.362169607283985 -13.209895137769294 -11.903234837617163 -13.368376672427367 -12.975873790025965 -13.28817585048684 -12.905266032885867 -13.209130540307717 -12.548764213798068 -13.145019285524668
0.6613226452905812 -12.818960272332891 -13.429472020297197 -13.256658286188916 -13.168892292830918 -13.445203476003869 -13.458531793904509 -12.430844413533936 -12.729446626995582 -10.715791896360155 -11.59026103150051 -10.196022045666261 -13.073154953157726 -12.46754897157761 -13.886442862227561 -13.516526210356556 -12.64436130777166 -13.102932879027785 -12.748762008335586 -13.434598140679732 -13.25696989072501 -11.840042661070438 -13.459182573383313 -12.999153892710034 -13.346954799563147 -13.03601744767638 -13.324955356204436 -12.689417073628986 -13.197270465286195
0.721442885771543 -12.815168112089292 -13.490117071637329 -13.292430098351957 -13.201651886857562 -13.52982861438436 -13.53394379371304 -12.406104804222046 -12.652230518038081 -10.50823688091944 -11.448763707299197 -10.000844526848173 -13.089122720347525 -12.445051191661388 -13.953957628266906 -13.558924884478174 -12.576640556473066 -13.120747665459847 -12.739332344417065 -13.494595814517112 -13.29241302010093 -11.76908840428812 -13.537020121625023 -13.011915472616913 -13.393860595499003 -13.152679373888192 -13.4271065283432 -12.815699644132737 -13.238627719033236
0.781563126252505 -12.802530639992913 -13.540060038523372 -13.318160145771323 -13.225038457667306 -13.603181953550152 -13.598293004294675 -12.373049965581206 -12.568334565163344 -10.298694852709009 -11.30455769208325 -9.807272542982663 -13.095525342571996 -12.41424920446866 -14.010612951926753 -13.591171968277155 -12.501894462981575 -13.129001569147876 -12.72122008295753 -13.543906880194392 -13.31780050711009 -11.691163849078343 -13.603752487840879 -13.015542451550477 -13.430537076841667 -13.257374542462069 -13.517608852007042 -12.929800975602584 -13.270611872981544
0.8416833667334669 -12.782296854392587 -13.580830342461763 -13.335275416999792 -13.240414518852788 -13.666887245826178 -13.653167410996101 -12.332842573250968 -12.478672289953945 -10.087391112085914 -11.15813425627417 -9.615347328974199 -13.093711113061854 -12.376310738532673 -14.057964856571445 -13.614718117609812 -12.42108638195462 -13.129047066956046 -12.695649284178927 -13.584058232291039 -13.334559557163033 -11.607220854767224 -13.660976387411363 -13.011341937766119 -13.45845002398434 -13.351852240839913 -13.598153836104688 -13.033509768327212 -13.294600802764567
0.9018036072144289 -12.75525089174197 -13.613505372428971 -13.344744651810672 -13.24869603068926 -13.72212323948899 -13.699707161367076 -12.286174887786256 -12.383680719487966 -9.874077861338225 -11.009541471495652 -9.424707265836933 -13.08456419440492 -12.33193494116247 -14.09711947934434 -13.630558532694714 -12.334703093793628 -13.121773954103835 -12.66337807972489 -13.616124539258294 -13.343658621664076 -11.517733342378538 -13.709841662912972 -13.000163106054696 -13.478611717600621 -13.437426571029432 -13.669993540329786 -13.128182162870344 -13.311532813576274
0.9619238476953907 -12.721962228874997 -13.638913706829392 -13.34729992908743 -13.250574003273474 -13.769809063240395 -13.738796815598526 -12.233534454682264 -12.283623347115409 -9.658425690891356 -10.85872613724952 -9.234960102510858 -13.068740973620027 -12.28161624201697 -14.128931159957656 -13.639449501331537 -12.243051250641958 -13.107844189516909 -12.624952969893126 -13.640931948505273 -13.345829293647249 -11.422996212413405 -13.751241697512242 -12.982634740097136 -13.491794011601748 -13.515138070460393 -13.73411290911866 -13.214896315249723 -13.322121034245047
1.0220440881763526 -12.683144359602192 -13.657897807251924 -13.343737060041878 -13.246812698111654 -13.810829864263994 -13.771305324372012 -12.175594816214971 -12.179057375757232 -9.440672786720693 -10.70607179656065 -9.04626975477408 -13.047001029680604 -12.226030883461942 -14.154254449620353 -13.642198021695783 -12.146711363185211 -13.088019469639212 -12.581075890189126 -13.659321780303575 -13.341867451611513 -11.323584577675465 -13.786049478350133 -12.959497134186897 -13.498810649497113 -13.585929215844084 -13.79142793120568 -13.29461293981076 -13.327135964865118
1.0821643286573146 -12.63906235691719 -13.670940594918832 -13.334457033517886 -13.237787240873544 -13.845746277644082 -13.797763522690474 -12.112551001855849 -12.0699917352378 -9.220348162759485 -10.551362818129988 -8.858169540984683 -13.019680200325283 -12.165380948300339 -14.17359450125507 -13.639226753555349 -12.045727410242144 -13.062641259389006 -12.53199259948179 -13.671774868939934 -13.332173312061677 -11.219531930162123 -13.814803666265565 -12.931068099600527 -13.500098115216161 -13.650465621493487 -13.842556234805164 -13.368030053576978 -13.326975029114472
1.1422845691382766 -12.59005717620509 -13.678525720683421 -13.319890295402796 -13.223908393306818 -13.875092174833519 -13.818686019146078 -12.04469806809539 -11.956597656379486 -8.99730213933218 -10.394631834720762 -8.670512078477447 -12.987166437905302 -12.099966259301368 -14.187449355124777 -13.630980429279582 -11.940294140599931 -13.032101237504657 -12.478031331420834 -13.678773519578193 -13.317176833135012 -11.111026145704663 -13.838023973594122 -12.897722812203245 -13.496109928722966 -13.709349463156427 -13.888068664536169 -13.43577115239057 -13.322062405852453
1.2024048096192383 -12.536441887949987 -13.681078825508592 -13.300420636518453 -13.205544305116188 -13.89933269300812 -13.834522778265494 -11.972312684988264 -11.839053463256946 -8.77145942167719 -10.235959441204834 -8.483231471415799 -12.949809857603107 -12.030067547256586 -14.196256003017577 -13.617854389016212 -11.830608534301767 -12.996752644723964 -12.419495084368535 -13.680742316433836 -13.29726136971253 -10.998258680851958 -13.856164447338717 -12.859801627201595 -13.487248329375205 -13.763099969756174 -13.928459591306941 -13.498372462380706 -13.312776774200348
1.2625250501002003 -12.478421185207491 -13.678922078157996 -13.276326090020696 -13.182961159728492 -13.918832114002377 -13.84562184206958 -11.895561048908576 -11.717424048683505 -8.542629159208225 -10.075324464079394 -8.296171260154445 -12.907852627563276 -11.9558558048459 -14.20034876393568 -13.600139317037112 -11.71675431461405 -12.956841341581915 -12.356578057379739 -13.678002301135201 -13.272704327718436 -10.881307220043173 -13.869577587762727 -12.817539086025214 -13.473811587997204 -13.812139391820589 -13.964124681818342 -13.556274351803806 -13.299397220278788
1.3226452905811623 -12.416043939612855 -13.67224886467067 -13.247744921508122 -13.15629001630823 -13.933837195410614 -13.852209297695275 -11.814443952315134 -11.59158803221331 -8.31038941090782 -9.912517506939018 -8.108988772587903 -12.86138782113958 -11.877338440503799 -14.199936472759617 -13.577989839548056 -11.598632194873836 -12.912465524547654 -12.289316259141803 -13.670745430028326 -13.243642951851324 -10.760064661905595 -13.87849525725164 -12.771022851165572 -13.4559643224698 -13.856788246121175 -13.995350738863229 -13.609820171109133 -13.282073831243562
1.3827655310621243 -12.349642710228306 -13.661418008735158 -13.215027063346767 -13.125872520118147 -13.944714699144996 -13.854648830014042 -11.729285261568602 -11.461842688624326 -8.074968281849223 -9.747839400004779 -7.921913435545797 -12.810757613210388 -11.794840886159847 -14.195380320664405 -13.551759088024504 -11.476544787014717 -12.863968405406075 -12.21803975580535 -13.659330320906413 -13.21042704073145 -10.634832213114667 -13.88328212246261 -12.72059161266208 -13.43406077265989 -13.897425255764906 -14.022510768230914 -13.659392917300808 -13.261148709602253
1.442885771543086 -12.27915395795117 -13.646509360541579 -13.178197154153928 -13.091731878597184 -13.95159855561495 -13.85305332603636 -11.6399729478474 -11.327955905689109 -7.835845805588913 -9.580996806034783 -7.73453856794012 -12.755940763633042 -11.708258620878404 -14.1867758925764 -13.521488921864517 -11.350281189195758 -12.811334524532148 -12.142672242491486 -13.643835376575737 -13.173079957824072 -10.505390790691003 -13.884057105137533 -12.666222306157309 -13.408153188565635 -13.934259769731925 -14.045779676113861 -13.705225259248921 -13.236666390677723
1.503006012024048 -12.204691883224363 -13.627704848194746 -13.137411478984742 -13.054022464678567 -13.954695738939265 -13.847619953279828 -11.546597879397453 -11.18995961013125 -7.592914521507502 -9.412020423511134 -7.546820193324976 -12.697071570026328 -11.617686868721616 -14.174312499824559 -13.487344506035878 -11.219883801929093 -12.754701401217117 -12.063321786882302 -13.62444186016349 -13.131757263307762 -10.371778687095965 -13.881020360939367 -12.608048815562327 -13.378411451732894 -13.967534748561564 -14.065383841339683 -13.74757164788459 -13.208790787197682
1.56312625250501 -12.126345935793292 -13.605157336300646 -13.092798810783801 -13.012872637307815 -13.954182796507641 -13.838515952530273 -11.449227390591663 -11.047865966536321 -7.346058669973028 -9.240931657985474 -7.358710014042401 -12.634257878483456 -11.523197437786518 -14.158150026076719 -13.449463326966768 -11.085374465032125 -12.694180175143986 -11.980072083048459 -13.60130200865747 -13.08658695913735 -10.234013741509997 -13.87434203509482 -12.54617964437923 -13.344977558044775 -13.997461076088056 -14.081518317673785 -13.78665397115405 -13.177659786076674
1.6232464929859718 -12.044178573260478 -13.578991046410227 -13.044459797571157 -12.968384119299365 -13.950207285114242 -13.825879679671615 -11.347902150892672 -10.901662050757022 -7.09514354639554 -9.067735078527335 -7.170146000279111 -12.567579625908937 -11.424835714778293 -14.138419641495751 -13.407954887748083 -10.946749520431418 -12.629854248360884 -11.892979975194908 -13.574539426135832 -13.03766885467553 -10.092088255585612 -13.864163414388422 -12.480696412074366 -13.307965507350765 -14.024220392199636 -14.094349031667475 -13.822664812199823 -13.143385031657129
