web/models/mosfit_kne/mosfit_kn_3.0000/mosfit_kn_0.007937_0.3590_3.0000.dat
# %ECSV 1.0
# ---
# datatype:
# - {name: time, datatype: float64}
# - {name: PS1_g, datatype: float64}
# - {name: PS1_i, datatype: float64}
# - {name: PS1_r, datatype: float64}
# - {name: PS1_w, datatype: float64}
# - {name: PS1_y, datatype: float64}
# - {name: PS1_z, datatype: float64}
# - {name: swift_uvot_B, datatype: float64}
# - {name: swift_uvot_U, datatype: float64}
# - {name: swift_uvot_uvm2, datatype: float64}
# - {name: swift_uvot_uvw1, datatype: float64}
# - {name: swift_uvot_uvw2, datatype: float64}
# - {name: swift_uvot_V, datatype: float64}
# - {name: johnson_B, datatype: float64}
# - {name: johnson_I, datatype: float64}
# - {name: johnson_R, datatype: float64}
# - {name: johnson_U, datatype: float64}
# - {name: johnson_V, datatype: float64}
# - {name: sdss_g, datatype: float64}
# - {name: sdss_i, datatype: float64}
# - {name: sdss_r, datatype: float64}
# - {name: sdss_u, datatype: float64}
# - {name: sdss_z, datatype: float64}
# - {name: ATLAS_c, datatype: float64}
# - {name: ATLAS_o, datatype: float64}
# - {name: ukirt_H, datatype: float64}
# - {name: ukirt_J, datatype: float64}
# - {name: ukirt_K, datatype: float64}
# - {name: Clear, datatype: float64}
# meta: !!omap
# - comment: [kappa = 3.0, type = rprocess, mass = 0.00793700525986525, velocity = 0.359, theta_obs = 0.0, tfloor = 1000.0]
# schema: astropy-2.0
time PS1_g PS1_i PS1_r PS1_w PS1_y PS1_z swift_uvot_B swift_uvot_U swift_uvot_uvm2 swift_uvot_uvw1 swift_uvot_uvw2 swift_uvot_V johnson_B johnson_I johnson_R johnson_U johnson_V sdss_g sdss_i sdss_r sdss_u sdss_z ATLAS_c ATLAS_o ukirt_H ukirt_J ukirt_K Clear
[from data line 263]
15.871743486973948 10.85421242824033 1.9723836150410534 5.447454393078903 3.4795305815749167 -1.5508064334841976 -0.13313046863707712 14.394119004804818 21.05306310269974 34.94165840672891 17.018645634774288 19.53166214125394 8.813729121111134 13.190181687838628 0.4188703086191028 3.3889030753441025 20.022061923447986 7.85870678594238 11.666752529554785 2.0536395671540397 5.675943052575327 21.554168632874564 -0.7065580806590788 7.426530962821545 2.9741184382117503 -6.499793811399694 -4.350304515910002 -7.860082491872882 1.1936365378135605
15.931863727454909 10.867023282286237 1.9851944690869594 5.460265247124791 3.4923414356208227 -1.5379955794383093 -0.12031961459117113 14.406929858850724 21.065873956745634 34.954469260774815 17.031456488820194 19.544472995299845 8.826539975157022 13.202992541884534 0.4316811626650088 3.4017139293900085 20.034872777493895 7.8715176399882685 11.67956338360069 2.0664504211999457 5.688753906621233 21.56697948692046 -0.6937472266131728 7.439341816867451 2.9869292922576562 -6.486982957353805 -4.337493661864114 -7.847271637826976 1.2064473918594665
15.991983967935871 10.879812225509706 1.997983412310429 5.473054190348261 3.5051303788442922 -1.5252066362148398 -0.10753067136770156 14.419718802074193 21.078662899969103 34.967258203998284 17.044245432043663 19.557261938523315 8.839328918380492 13.215781485108003 0.44447010588847835 3.414502872613478 20.047661720717365 7.884306583211756 11.69235232682416 2.0792393644234153 5.701542849844703 21.57976843014393 -0.6809582833897032 7.45213076009092 2.999718235481126 -6.474194014130318 -4.324704718640644 -7.834482694603507 1.219236335082936
16.052104208416832 10.892579305451626 2.010750492252331 5.485821270290181 3.5178974587861944 -1.5124395562729198 -0.09476359142579938 14.432485882016113 21.091429979911027 34.9800252839402 17.057012511985583 19.570029018465224 8.852095998322412 13.228548565049906 0.4572371858303983 3.4272699525553803 20.060428800659274 7.897073663153658 11.705119406766062 2.0920064443653352 5.714309929786623 21.592535510085852 -0.6681912034477833 7.4648978400328225 3.0124853154230458 -6.461426934188416 -4.3119376386987245 -7.821715614661587 1.232003415024856
16.112224448897795 10.905324558492548 2.023495745293271 5.498566523331121 3.5306427118271344 -1.4996943032319798 -0.08201833838485939 14.445231135057035 21.104175232951956 34.992770536981126 17.069757765026505 19.582774271506157 8.864841251363352 13.241293818090845 0.4699824388713205 3.4400152055963202 20.073174053700207 7.909818916194598 11.717864659807002 2.1047516974062574 5.727055182827545 21.605280763126782 -0.655445950406861 7.4776430930737625 3.025230568463968 -6.448681681147476 -4.2991923856577845 -7.8089703616206645 1.244748668065796
16.172344689378757 10.918048036163999 2.0362192229647214 5.511290001002571 3.5433661894985846 -1.4869708255605296 -0.06929486071340918 14.457954612728486 21.116898710623406 35.00549401465258 17.082481242697956 19.595497749177607 8.877564729034784 13.254017295762296 0.48270591654277073 3.4527386832677704 20.085897531371657 7.922542393866048 11.730588137478453 2.1174751750777077 5.739778660498995 21.618004240798232 -0.6427224727354108 7.490366570745213 3.037954046135418 -6.435958203476026 -4.286468907986334 -7.796246883949214 1.2574721457372284
16.23246492985972 10.930749780066229 2.0489209668669517 5.523991744904784 3.556067933400815 -1.474269081658317 -0.056593116811178845 14.470656356630716 21.12960045452563 35.0181957585548 17.095182986600186 19.608199493079837 8.890266472937014 13.266719039664526 0.49540766044500106 3.465440427170001 20.098599275273877 7.935244137768261 11.743289881380665 2.130176918979938 5.752480404401226 21.630705984700455 -0.6300207288331805 7.503068314647425 3.0506557900376485 -6.423256459573813 -4.273767164084122 -7.783545140046984 1.2701738896394588
16.29258517034068 10.943429842009618 2.0616010288103404 5.53667180684819 3.5687479953442036 -1.4615890197149106 -0.04391305486779018 14.483336418574105 21.142280516469025 35.030875820498196 17.107863048543575 19.620879555023226 8.90294653488042 13.279399101607915 0.5080877223883897 3.4781204891133894 20.111279337217276 7.947924199711667 11.755969943324072 2.1428569809233267 5.765160466344614 21.64338604664385 -0.6173406668897918 7.515748376590832 3.063335851981037 -6.410576397630407 -4.261087102140715 -7.770865078103595 1.2828539515828474
16.352705410821642 10.95608826311194 2.074259449912663 5.549330227950495 3.5814064164465265 -1.4489305986126055 -0.03125463376546733 14.495994839676428 21.154938937571337 35.04353424160052 17.120521469645897 19.63353797612555 8.915604955982726 13.292057522710238 0.5207461434907126 3.4907789102157123 20.1239377583196 7.960582620813972 11.768628364426394 2.1555154020256495 5.777818887446937 21.656044467746163 -0.604682245787469 7.528406797693155 3.07599427308336 -6.397917976528102 -4.24842868103841 -7.758206657001272 1.2955123726851703
16.412825651302605 10.968725078642603 2.0868962654433254 5.561967043481175 3.5940432319771887 -1.4362937830819256 -0.018617818234805128 14.50863165520709 21.16757575310201 35.05617105713118 17.13315828517656 19.64617479165621 8.928241771513406 13.3046943382409 0.5333829590213748 3.5034157257463745 20.13657457385026 7.973219436344652 11.781265179957057 2.1681522175563117 5.790455702977599 21.668681283276836 -0.5920454302568068 7.541043613223817 3.0886310886140222 -6.385281160997422 -4.23579186550773 -7.74556984147061 1.3081491882158502
16.472945891783567 10.981340326331281 2.099511513132004 5.574582291169836 3.6066584796658674 -1.4236785353932646 -0.006002570546126407 14.521246902895768 21.18019100079068 35.06878630481986 17.14577353286524 19.65879003934489 8.940857019202067 13.317309585929578 0.5459982067100535 3.516030973435053 20.14918982153894 7.985834684033313 11.793880427645735 2.1807674652449904 5.803070950666278 21.681296530965504 -0.5794301825681281 7.5536588609124955 3.101246336302701 -6.372665913308761 -4.223176617819069 -7.7329545937819315 1.3207644359045112
16.53306613226453 10.993934047357854 2.1121052341585766 5.5871760121964265 3.61925220069244 -1.4110848143666743 0.006591150480446117 14.533840623922341 21.19278472181726 35.081380025846435 17.15836725389181 19.671383760371462 8.953450740228657 13.329903306956151 0.558591927736626 3.5286246944616257 20.16178354256551 7.9984284050599035 11.806474148672308 2.193361186271563 5.815664671692851 21.693890251992087 -0.5668364615415555 7.566252581939068 3.1138400573292735 -6.36007219228217 -4.210582896792479 -7.720360872755359 1.3333581569311015
16.59318637274549 11.006506288650844 2.1246774754515663 5.599748253489398 3.6318244419854295 -1.3985125730737025 0.019163391773435734 14.54641286521533 21.20535696311024 35.09395226713942 17.1709394951848 19.683956001664452 8.966022981521629 13.34247554824914 0.5711641690296156 3.5411969357546154 20.174355783858502 8.011000646352874 11.819046389965298 2.2059334275645526 5.82823691298584 21.706462493285066 -0.5542642202485659 7.578824823232058 3.126412298622263 -6.3474999509891985 -4.198010655499507 -7.707788631462369 1.3459303982240733
16.65330661322645 11.019057085220378 2.137228272021101 5.612299050058933 3.6443752385549466 -1.3859617765041676 0.03171418834297057 14.558963661784865 21.217907759679775 35.10650306370895 17.183490291754335 19.696506798233987 8.978573778091164 13.355026344818675 0.5837149655991505 3.55374773232415 20.186906580428026 8.02355144292241 11.831597186534815 2.2184842241340874 5.840787709555375 21.7190132898546 -0.5417134236790311 7.591375619801575 3.138963095191798 -6.334949154419664 -4.185459858929972 -7.6952378348928345 1.3584811947936082
16.713426853707414 11.031586475258344 2.1497576620590664 5.624828440096916 3.6569046285929296 -1.3734323864662024 0.044243578380935844 14.57149305182283 21.230437149717744 35.119032453746925 17.1960196817923 19.709036188271952 8.99110316812913 13.36755573485664 0.5962443556371158 3.5662771223621155 20.199435970466 8.036080832960392 11.844126576572798 2.2310136141720527 5.85331709959334 21.73154267989257 -0.5291840336410658 7.603905009839558 3.151492485229763 -6.322419764381681 -4.172930468891989 -7.682708444854869 1.3710105848315735
16.773547094188377 11.044094484596751 2.162265671397474 5.637336449435306 3.6694126379313374 -1.3609243771277946 0.05675158771934363 14.584001061161239 21.24294515905615 35.13154046308532 17.20852769113071 19.72154419761036 9.003611177467537 13.380063744195049 0.6087523649755235 3.5787851317005233 20.2119439798044 8.048588842298782 11.856634585911188 2.2435216235104605 5.865825108931748 21.744050689230974 -0.516676024302658 7.616413019177948 3.164000494568171 -6.309911755043291 -4.160422459553599 -7.6702004355164615 1.3835185941699812
16.83366733466934 11.056581155595797 2.17475234239652 5.64982312043437 3.681899308930383 -1.3484377061287312 0.06923825871838929 14.596487732160284 21.255431830055205 35.144027134084375 17.221014362129754 19.734030868609405 9.016097848466583 13.392550415194094 0.6212390359745692 3.591271802699569 20.224430650803455 8.061075513297846 11.869121256910251 2.256008294509506 5.878311779930794 21.75653736023003 -0.5041893533036124 7.628899690177011 3.1764871655672167 -6.297425084044227 -4.147935788554536 -7.657713764517416 1.396005265169027
16.8937875751503 11.06904652466433 2.1872177114650526 5.662288489502885 3.694364677998898 -1.3359723370602161 0.08170362778692208 14.608953101228817 21.26789719912373 35.1564925031529 17.233479731198287 19.746496237677928 9.028563217535115 13.405015784262627 0.633704405043102 3.603737171768084 20.236896019871978 8.07354088236636 11.881586625978766 2.268473663578039 5.890777148999327 21.769002729298556 -0.49172398423507957 7.641365059245526 3.1889525346357495 -6.284959714975712 -4.135470419486021 -7.645248395448883 1.4084706342375597
16.95390781563126 11.081490630099768 2.199661816900491 5.674732594938323 3.7068087834343366 -1.3235282316247776 0.09414773322236059 14.621397206664255 21.280341304559165 35.16893660858834 17.245923836633725 19.75894034311337 9.041007322970554 13.417459889698048 0.6461485104785405 3.6161812772035224 20.249340125307416 8.0859849878018 11.894030731414205 2.2809177690134774 5.903221254434765 21.78144683473399 -0.47927987879964107 7.653809164680965 3.201396640071188 -6.272515609540274 -4.123026314050582 -7.6328042900134445 1.4209147396729982
17.014028056112224 11.093913504945991 2.212084691746714 5.687155469784546 3.7192316582805773 -1.3111053567785547 0.10657060806858354 14.633820081510478 21.29276417940539 35.18135948343456 17.25834671147995 19.7713632179596 9.053430197816777 13.429882764544288 0.6585713853247634 3.628604152049763 20.26176300015365 8.098407862648022 11.906453606260428 2.2933406438597004 5.915644129280988 21.793869709580214 -0.4668570039534181 7.666232039527205 3.213819514917411 -6.260092734694051 -4.110603439204359 -7.620381415167222 1.4333376145192211
17.074148296593187 11.106315175730153 2.2244863625308753 5.699557140568707 3.7316333290647385 -1.2987036859943935 0.11897227885274475 14.64622175229464 21.305165850189553 35.19376115421873 17.27074838226411 19.78376488874376 9.065831868600938 13.44228443532845 0.6709730561089247 3.6410058228339244 20.274164670937807 8.110809533432183 11.918855277044607 2.3057423146438616 5.928045800065149 21.80627138036438 -0.4544553331692569 7.678633710311367 3.226221185701572 -6.2476910639098895 -4.098201768420198 -7.60797974438306 1.4457392853033824
17.13426853707415 11.11869567977708 2.2368668665778024 5.711937644615652 3.7440138331116657 -1.2863231819474663 0.1313527828996719 14.658602256341567 21.317546354236487 35.20614165826566 17.283128886311037 19.796145392790688 9.078212372647865 13.454664939375377 0.6833535601558518 3.6533863268808515 20.286545174984738 8.123190037479128 11.931235781091534 2.3181228186907887 5.940426304112076 21.818651884411313 -0.44207482912232976 7.691014214358294 3.2386016897484993 -6.235310559862945 -4.085821264373253 -7.595599240336133 1.4581197893503095
17.19438877755511 11.131055048407692 2.249226235208397 5.724297013246247 3.75637320174226 -1.273963813316854 0.1437121515302664 14.670961624972161 21.329905722867082 35.218501026896256 17.29548825494163 19.808504761421293 9.090571741278477 13.467024308005971 0.6957129287864463 3.665745695511446 20.29890454361534 8.135549406109723 11.943595149722128 2.330482187321401 5.952785672742671 21.831011253041908 -0.4297154604917175 7.703373582988888 3.2509610583791115 -6.22295119123235 -4.073461895742659 -7.583239871705521 1.4704791579809218
17.25450901803607 11.143393318192096 2.2615645049928013 5.736635283030651 3.7687114715266645 -1.2616255435324497 0.15605042131467073 14.683299894756566 21.342243992651486 35.23083929668066 17.307826524726035 19.820843031205694 9.102910011062882 13.479362577790376 0.7080511985708506 3.6780839652958504 20.311242813399737 8.147887675894127 11.955933419506533 2.3428204571058053 5.965123942527075 21.843349522826312 -0.41737719070731316 7.715711852773293 3.263299328163516 -6.210612921447946 -4.061123625958254 -7.570901601921117 1.482817427765326
17.314629258517034 11.155710519163726 2.273881705964431 5.748952484002281 3.7810286724982944 -1.2493083425608198 0.16836762228630064 14.695617095728196 21.354561193623116 35.243156497652286 17.320143725697665 19.833160232177324 9.115227212034512 13.491679778762006 0.7203683995424806 3.6904011662674803 20.323560014371367 8.160204876865757 11.968250620478162 2.3551376580774352 5.977441143498705 21.855666723797942 -0.40505998973568325 7.7280290537449225 3.275616529135146 -6.198295720476316 -4.0488064249866245 -7.558584400949487 1.495134628736956
17.374749498997996 11.168006686851957 2.2861778736526794 5.7612486516905115 3.7933248401865427 -1.2370121748725893 0.1806637899745489 14.707913263416444 21.366857361311354 35.255452665340535 17.332439893385914 19.845456399865565 9.127523379722742 13.503975946450254 0.7326645672307288 3.7026973339557285 20.335856182059615 8.172501044554005 11.98054678816641 2.3674338257656657 5.989737311186953 21.86796289148618 -0.39276382204745275 7.740325221433171 3.2879126968233763 -6.185999552788068 -4.036510257298394 -7.546288233261256 1.5074307964251865
17.43486973947896 11.18028184295996 2.2984530297606653 5.773523807798515 3.8055999962945286 -1.2247370187645856 0.1929389460825348 14.72018841952443 21.37913251741935 35.26772782144853 17.344715049493917 19.85773155597356 9.139798535830746 13.51625110255824 0.7449397233387325 3.7149724900637144 20.348131338167608 8.184776200661991 11.992821944274397 2.3797089818736694 6.002012467294957 21.880238047594176 -0.3804886659394491 7.752600377541157 3.30018785293138 -6.173724396680082 -4.02423510119039 -7.5340130771532525 1.5197059525331902
17.494989979959918 11.192536025010735 2.310707211811458 5.785777989849308 3.8178541783453213 -1.2124828367138107 0.20519312813332746 14.732442601575222 21.391386699470132 35.27998200349931 17.356969231544692 19.869985738024344 9.15205271788152 13.528505284609032 0.7571939053895074 3.727226672114507 20.360385520218394 8.197030382712784 12.00507612632519 2.3919631639244443 6.014266649345732 21.892492229644958 -0.3682344838886742 7.764854559591949 3.312442034982155 -6.161470214629289 -4.011980919139598 -7.521758895102478 1.531960134583965
