web/models/mosfit_kne/mosfit_kn_3.0000/mosfit_kn_0.009764_0.1710_3.0000.dat
# %ECSV 1.0
# ---
# datatype:
# - {name: time, datatype: float64}
# - {name: PS1_g, datatype: float64}
# - {name: PS1_i, datatype: float64}
# - {name: PS1_r, datatype: float64}
# - {name: PS1_w, datatype: float64}
# - {name: PS1_y, datatype: float64}
# - {name: PS1_z, datatype: float64}
# - {name: swift_uvot_B, datatype: float64}
# - {name: swift_uvot_U, datatype: float64}
# - {name: swift_uvot_uvm2, datatype: float64}
# - {name: swift_uvot_uvw1, datatype: float64}
# - {name: swift_uvot_uvw2, datatype: float64}
# - {name: swift_uvot_V, datatype: float64}
# - {name: johnson_B, datatype: float64}
# - {name: johnson_I, datatype: float64}
# - {name: johnson_R, datatype: float64}
# - {name: johnson_U, datatype: float64}
# - {name: johnson_V, datatype: float64}
# - {name: sdss_g, datatype: float64}
# - {name: sdss_i, datatype: float64}
# - {name: sdss_r, datatype: float64}
# - {name: sdss_u, datatype: float64}
# - {name: sdss_z, datatype: float64}
# - {name: ATLAS_c, datatype: float64}
# - {name: ATLAS_o, datatype: float64}
# - {name: ukirt_H, datatype: float64}
# - {name: ukirt_J, datatype: float64}
# - {name: ukirt_K, datatype: float64}
# - {name: Clear, datatype: float64}
# meta: !!omap
# - comment: [kappa = 3.0, type = rprocess, mass = 0.009763877790252312, velocity = 0.17100000000000004, theta_obs = 0.0, tfloor = 1000.0]
# schema: astropy-2.0
time PS1_g PS1_i PS1_r PS1_w PS1_y PS1_z swift_uvot_B swift_uvot_U swift_uvot_uvm2 swift_uvot_uvw1 swift_uvot_uvw2 swift_uvot_V johnson_B johnson_I johnson_R johnson_U johnson_V sdss_g sdss_i sdss_r sdss_u sdss_z ATLAS_c ATLAS_o ukirt_H ukirt_J ukirt_K Clear
[from data line 408]
24.589178356713425 9.971826655483014 1.0899978422837187 4.5650686203215685 2.597144808817582 -2.4331922062415323 -1.0155162413944119 13.511733232047483 20.170677329942404 34.059272633971574 16.136259862016953 18.64927636849661 7.931343348353798 12.307795915081293 -0.46351546413823197 2.5065173025867677 19.13967615069066 6.9763210131850455 10.78436675679745 1.1712537943967227 4.793557279817993 20.67178286011723 -1.5889438534163958 6.54414519006421 2.0917326654544333 -7.382179584157028 -5.232690288667337 -8.7424682646302 0.3112507650562435
24.649298597194388 9.977462948632745 1.0956341354334675 4.570704913471317 2.602781101967331 -2.4275559130917834 -1.009879948244663 13.517369525197232 20.176313623092152 34.06490892712132 16.1418961551667 18.654912661646353 7.936979641503547 12.313432208231042 -0.4578791709884831 2.5121535957365166 19.14531244384041 6.981957306334794 10.790003049947199 1.1768900875464539 4.7991935729677415 20.677419153266978 -1.5833075602666646 6.549781483213959 2.0973689586041644 -7.3765432910072795 -5.227053995517588 -8.736831971480468 0.3168870582059746
24.70941883767535 9.983092150690531 1.1012633374912362 4.576334115529086 2.6084103040250994 -2.421926711034015 -1.0042507461868944 13.522998727255 20.18194282514992 34.070538129179106 16.147525357224488 18.66054186370413 7.942608843561316 12.31906141028881 -0.45224996893071445 2.5177827977942853 19.15094164589818 6.987586508392563 10.795632252004967 1.1825192896042402 4.804822775025528 20.683048355324747 -1.5776783582088783 6.5554106852717275 2.1029981606619508 -7.370914088949511 -5.2214247934598195 -8.731202769422682 0.322516260263761
24.769539078156313 9.988714335574986 1.106885522375709 4.581956300413541 2.6140324889095545 -2.4163045261495597 -0.9986285613024215 13.528620912139473 20.187565010034383 34.07616031406356 16.153147542108943 18.666164048588595 7.948231028445771 12.324683595173283 -0.4466277840462416 2.523404982678758 19.156563830782634 6.993208693277018 10.801254436889423 1.1881414744886953 4.810444959909983 20.68867054020921 -1.5720561733244232 6.561032870156183 2.108620345546406 -7.365291904065056 -5.215802608575364 -8.725580584538227 0.3281384451482161
24.829659318637272 9.994329572588185 1.112500759388908 4.58757153742674 2.6196477259227535 -2.4106892891363607 -0.9930133242892225 13.534236149152672 20.193180247047586 34.08177555107675 16.158762779122142 18.671779285601783 7.95384626545897 12.330298832186482 -0.4410125470330426 2.529020219691957 19.162179067795833 6.998823930290217 10.806869673902622 1.1937567115018943 4.816060196923182 20.69428577722241 -1.5664409363112242 6.566648107169382 2.114235582559605 -7.359676667051857 -5.210187371562165 -8.719965347525028 0.3337536821614151
24.889779559118235 9.999937933065866 1.1181091198665882 4.593179897904438 2.6252560864004515 -2.4050809286586627 -0.9874049638115423 13.539844509630353 20.198788607525273 34.08738391155445 16.164371139599822 18.677387646079474 7.95945462593665 12.335907192664163 -0.4354041865553624 2.5346285801696373 19.16778742827353 7.004432290767915 10.81247803438032 1.1993650719795745 4.821668557400862 20.6998941377001 -1.560832575833544 6.57225646764708 2.119843943037285 -7.354068306574159 -5.204579011084467 -8.714356987047347 0.3393620426390953
24.949899799599198 10.00553948575913 1.1237106725598522 4.598781450597702 2.6308576390937155 -2.3994793759653987 -0.9818034111182783 13.545446062323617 20.204390160218537 34.09298546424771 16.169972692293086 18.68298919877275 7.965056178629932 12.341508745357427 -0.4298026338620984 2.5402301328629013 19.173388980966795 7.010033843461179 10.818079587073584 1.2049666246728563 4.827270110094126 20.705495690393363 -1.5552310231402622 6.577858020340344 2.125445495730549 -7.348466753880895 -5.198977458391203 -8.708755434354066 0.3449635953323771
25.01002004008016 10.01113429640581 1.129305483206533 4.604376261244365 2.6364524497403963 -2.3938845653187357 -0.9762086004715975 13.551040872970297 20.209984970865207 34.09858027489439 16.175567502939767 18.68858400941942 7.970650989276595 12.347103556004107 -0.4242078232154176 2.545824943509582 19.178983791613458 7.015628654107842 10.823674397720264 1.2105614353195193 4.832864920740807 20.711090501040033 -1.5496362124935992 6.583452830987024 2.13104030637723 -7.342871943234232 -5.19338264774454 -8.703160623707403 0.3505584059790401
25.07014028056112 10.016722429818259 1.1348936166189816 4.609964394656831 2.642040583152845 -2.388296431906287 -0.970620467059149 13.556629006382746 20.215573104277667 34.10416840830684 16.181155636352216 18.694172142831867 7.9762391226890434 12.352691689416556 -0.41861968980296904 2.5514130769220307 19.184571925025924 7.021216787520308 10.829262531132713 1.216149568731968 4.8384530541532556 20.716678634452492 -1.5440480790811506 6.589040964399473 2.1366284397896784 -7.337283809821765 -5.187794514332074 -8.697572490294954 0.35614653939148866
25.130260521042082 10.022303955072669 1.1404751418733916 4.615545919911224 2.647622108407237 -2.382714906651877 -0.9650389418047389 13.562210531637156 20.221154629532066 34.10974993356124 16.186737161606626 18.69975366808627 7.9818206479434535 12.358273214670966 -0.413038164548559 2.556994602176423 19.190153450280317 7.026798312774701 10.834844056387105 1.221731093986378 4.844034579407666 20.72226015970689 -1.5384665538267406 6.594622489653865 2.1422099650440884 -7.331702284567373 -5.182212989077682 -8.691990965040544 0.3617280646458987
25.190380761523045 10.027878937768868 1.1460501245695909 4.621120902607423 2.653197091103454 -2.377139923955678 -0.9594639591085397 13.567785514333355 20.22672961222827 34.11532491625745 16.192312144302825 18.705328650782477 7.987395630639653 12.363848197367165 -0.40746318185235975 2.56256958487264 19.195728432976516 7.032373295470918 10.840419039083322 1.2273060766825772 4.849609562103865 20.727835142403094 -1.5328915711305413 6.600197472350082 2.1477849477402877 -7.326127301871174 -5.1766380063814825 -8.686415982344345 0.36730304734209795
25.250501002004007 10.03344808270981 1.1516192695105332 4.626690047548365 2.6587662360443787 -2.3715707790147356 -0.9538948141675974 13.573354659274298 20.23229875716921 34.12089406119838 16.197881289243767 18.71089779572342 7.992964775580595 12.369417342308108 -0.40189403691141745 2.5681387298135823 19.201297577917458 7.037942440411842 10.845988184024247 1.2328752216235195 4.855178707044807 20.733404287344037 -1.527322426189599 6.605766617291007 2.15335409268123 -7.320558156930232 -5.17106886144054 -8.680846837403402 0.37287219228304025
25.31062124248497 10.039009964357781 1.157181151158504 4.632251929196336 2.664328117692367 -2.366008897366765 -0.9483329325196266 13.578916540922268 20.237860638817182 34.126455942846356 16.203443170891738 18.71645967737139 7.998526657228566 12.374979223956078 -0.3963321552634467 2.573700611461553 19.20685945956543 7.043504322059813 10.851550065672217 1.2384371032714903 4.860740588692778 20.738966168992008 -1.5217605445416282 6.611328498938978 2.158915974329201 -7.314996275282261 -5.1655069797925695 -8.675284955755432 0.37843407393101103
25.37074148296593 10.044565564640404 1.162736751441109 4.637807529478959 2.6698837179749724 -2.360453297084142 -0.9427773322370214 13.584472141204873 20.243416239099794 34.132011543128975 16.20899877117436 18.722015277654005 8.00408225751119 12.380534824238683 -0.39077655498082375 2.579256211744158 19.212415059848052 7.049059922342436 10.85710566595484 1.2439927035541132 4.866296188975401 20.74452176927462 -1.5162049442590053 6.6168840992216005 2.1644715746118237 -7.309440674999638 -5.1599513795099465 -8.669729355472809 0.38398967421363395
25.430861723446892 10.050114922014988 1.1682861088157104 4.64335688685356 2.6754330753495736 -2.3549039397095406 -0.9372279748624202 13.590021498579475 20.248965596474395 34.137560900503566 16.214548128548945 18.727564635028596 8.009631614885791 12.386084181613285 -0.38522719760624025 2.5848055691187595 19.217964417222653 7.054609279717037 10.862655023329442 1.2495420609286967 4.871845546349984 20.75007112664922 -1.5106555868844218 6.622433456596202 2.170020931986407 -7.303891317625037 -5.154402022135345 -8.664179998098225 0.38953903158821745
25.490981963927855 10.055658081042651 1.1738292678433737 4.648900045881206 2.680976234377219 -2.349360780681895 -0.9316848158347568 13.595564657607138 20.25450875550205 34.14310405953122 16.220091287576608 18.73310779405626 8.015174773913436 12.391627340640948 -0.3796840385785769 2.590348728146423 19.2235075762503 7.060152438744683 10.868198182357087 1.25508521995636 4.877388705377648 20.755614285676877 -1.5051124278567585 6.627976615623847 2.1755640910140706 -7.298348158597391 -5.1488588631077 -8.658636839070562 0.3950821906158808
25.551102204408817 10.061195088950932 1.1793662757516543 4.654437053789486 2.6865132422855176 -2.3438237727736144 -0.9261478079264762 13.601101665515419 20.260045763410332 34.148641067439506 16.22562829548489 18.73864480196454 8.020711781821717 12.397164348549229 -0.3741470306702963 2.5958857360547034 19.22904458415858 7.065689446652963 10.873735190265368 1.2606222278646406 4.882925713285928 20.761151293585158 -1.4995754199484779 6.633513623532128 2.181101098922351 -7.2928111506891105 -5.143321855199419 -8.653099831162281 0.4006191985241614
25.61122244488978 10.066726001113295 1.184897187914018 4.65996796595185 2.6920441544478635 -2.3382928606112507 -0.9206168957641125 13.606632577677782 20.265576675572696 34.15417197960186 16.231159207647252 18.744175714126893 8.02624269398408 12.402695260711575 -0.36861611850793263 2.6014166482170493 19.234575496320943 7.071220358815327 10.879266102427732 1.2661531400270043 4.888456625448292 20.76668220574752 -1.4940445077861142 6.639044535694492 2.186632011084715 -7.287280238526747 -5.137790943037055 -8.647568918999918 0.40615011068652507
25.67134268537074 10.072250871401405 1.1904220582021274 4.665492836239977 2.6975690247359907 -2.3327679903231235 -0.9150920254760031 13.612157447965892 20.271101545860812 34.15969684988998 16.23668407793536 18.749700584415013 8.031767564272208 12.408220130999702 -0.3630912482198232 2.6069415185051765 19.24010036660907 7.076745229103454 10.884790972715859 1.2716780103151137 4.893981495736401 20.772207076035638 -1.4885196374980048 6.644569405982619 2.1921568813728243 -7.28175536823862 -5.132266072748928 -8.642044048711808 0.4116749809746345
25.7314629258517 10.077769757037558 1.1959409438382806 4.6710117218761305 2.703087910372144 -2.327249104686988 -0.9095731398398499 13.617676333602045 20.276620431496966 34.16521573552614 16.242202963571515 18.755219470051166 8.037286449908343 12.413739016635855 -0.35757236258367 2.6124604041413297 19.245619252245206 7.0822641147396075 10.890309858352012 1.277196895951267 4.899500381372555 20.77772596167179 -1.4830007518618515 6.650088291618772 2.1976757670089775 -7.276236482602466 -5.126747187112775 -8.636525163075655 0.4171938666107877
25.791583166332664 10.083282710228527 1.2014538970292499 4.6765246750671 2.708600863563113 -2.321736151496001 -0.9040601866488807 13.623189286793014 20.282133384687935 34.170728688717105 16.247715916762484 18.760732423242143 8.04279940309933 12.419251969826824 -0.35205940939270075 2.617973357332299 19.251132205436193 7.087777067930577 10.895822811542981 1.2827098491422362 4.905013334563524 20.78323891486276 -1.4774877986708823 6.655601244809741 2.2031887201999467 -7.270723529411497 -5.121234233921806 -8.631012209884686 0.4227068198017747
25.851703406813627 10.08878978442782 1.2069609712285256 4.682031749266375 2.714107937762389 -2.3162290772967253 -0.8985531124496049 13.62869636099229 20.28764045888721 34.176235762916384 16.25322299096176 18.766239497441422 8.048306477298606 12.4247590440261 -0.346552335193425 2.6234804315315747 19.25663927963547 7.0932841421298525 10.901329885742257 1.2882169233415297 4.9105204087628 20.788745989062036 -1.4719807244715888 6.661108319009017 2.2086957943992402 -7.265216455212221 -5.11572715972253 -8.625505135685392 0.4282138940010505
25.91182364729459 10.094291032985101 1.2124622197858237 4.687532997823656 2.719609186319687 -2.310727828739445 -0.8930518638923068 13.634197609549588 20.293141707444498 34.18173701147367 16.258724239519058 18.77174074599871 8.053807725855886 12.430260292583398 -0.34105108663612693 2.628981680088873 19.26214052819275 7.098785390687133 10.906831134299555 1.29371817189881 4.916021657320098 20.794247237619324 -1.4664794759143085 6.666609567566315 2.2141970429565205 -7.259715206654941 -5.11022591116525 -8.620003887128112 0.43371514255833077
25.97194388777555 10.099786510448947 1.217957697249652 4.693028475287502 2.7251046637835152 -2.305232351275599 -0.8875563864284786 13.639693087013416 20.298637184908337 34.18723248893751 16.264219716982886 18.77723622346255 8.059303203319732 12.435755770047226 -0.33555560917229865 2.634477157552701 19.267636005656595 7.104280868150979 10.912326611763383 1.299213649362656 4.921517134783926 20.799742715083163 -1.4609839984504625 6.672105045030143 2.2196925204203666 -7.254219729191095 -5.104730433701404 -8.614508409664266 0.4392106200221768
26.03206412825651 10.105276267896386 1.2234474546970908 4.698518232734941 2.730594421230954 -2.29974259382816 -0.8820666289810397 13.645182844460855 20.304126942355776 34.19272224638495 16.269709474430343 18.782725980909984 8.064792960767171 12.441245527494665 -0.3300658517248598 2.63996691500014 19.273125763104034 7.109770625598418 10.917816369210822 1.304703406810095 4.9270068922313826 20.8052324725306 -1.4554942410030236 6.677594802477582 2.2251822778678054 -7.248729971743656 -5.099240676253965 -8.609018652216827 0.44470037746961566
26.092184368737474 10.110760359211515 1.2289315460122374 4.7040023240500695 2.736078512546083 -2.2942585025130313 -0.8765825376658931 13.650666935776002 20.30961103367091 34.198206337700086 16.27519356574547 18.788210072225123 8.0702770520823 12.446729618809812 -0.3245817604097132 2.6454510063152865 19.278609854419162 7.1152547169135465 10.923300460525951 1.3101874981252237 4.932490983546511 20.810716563845737 -1.4500101496878948 6.683078893792711 2.2306663691829343 -7.243245880428527 -5.093756584938836 -8.603534560901698 0.4501844687847445
26.152304609218437 10.116238837253508 1.2344100240542133 4.709480802092063 2.7415569905880766 -2.2887800244710377 -0.8711040596239172 13.656145413817978 20.3150895117129 34.20368481574207 16.280672043787447 18.79368855026711 8.075755530124294 12.452208096851788 -0.31910328236773733 2.6509294843572624 19.284088332461156 7.12073319495554 10.928778938567945 1.3156659761672174 4.937969461588487 20.816195041887724 -1.4445316716459011 6.688557371834705 2.236144847224928 -7.237767402386534 -5.088278106896842 -8.598056082859705 0.45566294682673814
26.2124248496994 10.12171175427584 1.2398829410765622 4.714953719114394 2.7470299076104254 -2.2833071074487066 -0.8656311426015684 13.661618330840327 20.320562428735236 34.20915773276442 16.286144960809796 18.799161467289448 8.081228447146625 12.457681013874137 -0.31363036534538846 2.6564024013796113 19.289561249483487 7.126206111977889 10.934251855590293 1.3211388931895485 4.943442378610836 20.821667958910062 -1.43905875462357 6.6940302888570535 2.241617764247259 -7.232294485364203 -5.082805189874511 -8.592583165837373 0.46113586384906924
