web/models/mosfit_kne/mosfit_kn_3.0000/mosfit_kn_0.268580_0.0927_3.0000.dat
# %ECSV 1.0
# ---
# datatype:
# - {name: time, datatype: float64}
# - {name: PS1_g, datatype: float64}
# - {name: PS1_i, datatype: float64}
# - {name: PS1_r, datatype: float64}
# - {name: PS1_w, datatype: float64}
# - {name: PS1_y, datatype: float64}
# - {name: PS1_z, datatype: float64}
# - {name: swift_uvot_B, datatype: float64}
# - {name: swift_uvot_U, datatype: float64}
# - {name: swift_uvot_uvm2, datatype: float64}
# - {name: swift_uvot_uvw1, datatype: float64}
# - {name: swift_uvot_uvw2, datatype: float64}
# - {name: swift_uvot_V, datatype: float64}
# - {name: johnson_B, datatype: float64}
# - {name: johnson_I, datatype: float64}
# - {name: johnson_R, datatype: float64}
# - {name: johnson_U, datatype: float64}
# - {name: johnson_V, datatype: float64}
# - {name: sdss_g, datatype: float64}
# - {name: sdss_i, datatype: float64}
# - {name: sdss_r, datatype: float64}
# - {name: sdss_u, datatype: float64}
# - {name: sdss_z, datatype: float64}
# - {name: ATLAS_c, datatype: float64}
# - {name: ATLAS_o, datatype: float64}
# - {name: ukirt_H, datatype: float64}
# - {name: ukirt_J, datatype: float64}
# - {name: ukirt_K, datatype: float64}
# - {name: Clear, datatype: float64}
# meta: !!omap
# - comment: [kappa = 3.0, type = rprocess, mass = 0.2685795883840597, velocity = 0.09266666666666673, theta_obs = 0.0, tfloor = 1000.0]
# schema: astropy-2.0
time PS1_g PS1_i PS1_r PS1_w PS1_y PS1_z swift_uvot_B swift_uvot_U swift_uvot_uvm2 swift_uvot_uvw1 swift_uvot_uvw2 swift_uvot_V johnson_B johnson_I johnson_R johnson_U johnson_V sdss_g sdss_i sdss_r sdss_u sdss_z ATLAS_c ATLAS_o ukirt_H ukirt_J ukirt_K Clear
[from data line 225]
13.587174348697394 -10.880663751001727 -13.988507029782458 -12.823694287710836 -12.984036136577544 -15.007280863281203 -14.626736455858715 -9.620961372108454 -7.905952056188745 -1.3207173725187387 -6.164722488202106 -4.227880928549212 -11.802780064505509 -9.813857358226098 -14.738614097618854 -13.412467397198366 -8.15440244899695 -11.954147554470234 -10.589546394587899 -13.96678617580907 -12.792614007058614 -7.193351578698337 -14.74359099378681 -11.84261061656068 -13.44866316923163 -16.011726628103805 -15.65854114985651 -16.094845193355503 -13.500817098552602
13.647294589178356 -10.850153349785696 -13.971369620989105 -12.801161288491674 -12.964383215973747 -14.995799729581272 -14.612990922504174 -9.58546954444466 -7.859552117649127 -1.2520663774621559 -6.125050091294106 -4.188989343744897 -11.775390407709374 -9.779644370206228 -14.723169678892855 -13.392147737589319 -8.109680227735431 -11.927721201750321 -10.55783328702125 -13.949499291311671 -12.769808369734044 -7.147613405298987 -14.730592756353289 -11.816996747987432 -13.429550404543633 -16.008630016091466 -15.651616486627606 -16.094359456546595 -13.484453619203585
13.707414829659317 -10.819049661897857 -13.953819562060392 -12.778142446402896 -12.944295397218575 -14.983984248051367 -14.598879275843437 -9.549314262510002 -7.812338760088853 -1.1823268875226516 -6.084729425005264 -4.149455927374838 -11.747445501181375 -9.7447905288181 -14.707336575198504 -13.371377585281945 -8.064166799247829 -11.90075639891848 -10.525510445189674 -13.93179771743311 -12.746512087931556 -7.101068449718095 -14.717239875075805 -11.790862308920893 -13.410003701326438 -16.0053190758299 -15.644422514214469 -16.09369759559598 -13.467705281534332
13.76753507014028 -10.787843903174181 -13.93618433770504 -12.755031310382154 -12.92413101927739 -14.972092655295661 -14.58468747130917 -9.513047715769655 -7.7649976925740205 -1.1124573585950008 -6.044363834551572 -4.109874150072702 -11.719398324343857 -9.709832423533097 -14.691421551053072 -13.350523451125628 -8.018527337663663 -11.873694374381996 -10.493083809253037 -13.914010769391734 -12.723122038448249 -7.054394308959893 -14.70380916989992 -11.764638606680169 -13.39037478050141 -16.00194942111489 -15.637161699926523 -16.092983276898863 -13.450890184822573
13.827655310621243 -10.753469880203959 -13.916419628551715 -12.729371190782324 -12.901656655658194 -14.958513343624897 -14.56863055891441 -9.473222296615155 -7.713247060091177 -1.0364826830045208 -6.000204773379618 -4.0665536510923275 -11.688420047127625 -9.67142162289225 -14.673509948413141 -13.327299267139392 -7.968608079491634 -11.843780945643674 -10.457395229592414 -13.894082701223098 -12.697160395204943 -7.003359086687375 -14.688573168928123 -11.73563536604858 -13.36846984399477 -15.99755192755429 -15.628571538201932 -16.091447666894464 -13.432027757168843
13.887775551102203 -10.723324138457482 -13.899457169049647 -12.707088486407532 -12.882260630581044 -14.947134381078762 -14.555014672851083 -9.438154420959794 -7.667415350210209 -0.9688172530093224 -5.961295992948337 -4.028396644869797 -11.661334494050372 -9.637635646015731 -14.65822080387871 -13.307220220278985 -7.924428561364369 -11.817660120408727 -10.426063047047887 -13.876972809955017 -12.674604478502722 -6.958170682981564 -14.675699446298527 -11.710342690747915 -13.349581476033965 -15.99446522389529 -15.621698183644934 -16.090946413004673 -13.415896669650316
13.947895791583166 -10.691419519190966 -13.881305112736708 -12.68338615793878 -12.861581585964466 -14.934808797166443 -14.540354400045246 -9.4011122467722 -7.619141847136444 -0.8977933466254333 -5.920316810058317 -3.9881964503741005 -11.632618081985797 -9.601936152324718 -14.641815420906969 -13.285822271779601 -7.877878181118067 -11.789953963597968 -10.392920553549434 -13.858666937495965 -12.650616007659519 -6.910565981535637 -14.661814782843585 -11.683507283585648 -13.32942581281884 -15.990796702481372 -15.614076244431772 -16.089977925669828 -13.398629156166404
14.008016032064127 -10.65729865119522 -13.861658104700219 -12.6578974655345 -12.83928785057789 -14.921295894286768 -14.52438307426025 -9.361581213535796 -7.567787447316885 -0.8225242328951792 -5.87671840224484 -3.9454118216709264 -11.601848100146228 -9.563824210993527 -14.624007907279115 -13.262764964200848 -7.828336834154392 -11.760251496106482 -10.357496667164465 -13.838858026799947 -12.624824917590178 -6.859912956629799 -14.646661287837102 -11.654728729947958 -13.307676138116786 -15.986402290231428 -15.60551749808127 -16.08842838938649 -13.379932041288836
14.06813627254509 -10.624600331993701 -13.842943133225827 -12.633538486624865 -12.818028246662063 -14.90850912177546 -14.509219950198364 -9.323653018132553 -7.518433668818201 -0.750094430576012 -5.834934023928362 -3.9044074688876793 -11.572382702598755 -9.527272854805528 -14.60707126706507 -13.240760963959907 -7.780734243661708 -11.731821603811275 -10.323539275325988 -13.819986621519629 -12.600172574939634 -6.8112343592177105 -14.632289781223715 -11.627198693932677 -13.286935624723029 -15.982432138181718 -15.597520684548183 -16.08720983614402 -13.362153148021036
14.128256513026052 -10.591305015925254 -13.823813297803866 -12.608690842560186 -12.796332992740371 -14.895386663730878 -14.49368894973043 -9.285056655822086 -7.468259987432351 -0.6765725273175454 -5.792503955697832 -3.8627611365090817 -11.54235801779227 -9.490077121697315 -14.589744101181338 -13.218304984458193 -7.732334149125581 -11.702850095223594 -10.288968275143606 -13.800698297450715 -12.575026530453215 -6.76174223828669 -14.617562215190283 -11.599145983223096 -13.265759740154 -15.978248264510825 -15.589254259929959 -16.085816529696327 -13.343989908249174
14.188376753507013 -10.55869009682338 -13.805120922794671 -12.584378443418078 -12.77513125166795 -14.882600550604081 -14.478534392166988 -9.247228624460401 -7.419050318367457 -0.6044429509746534 -5.750978504287794 -3.8219994089460516 -11.512953338551874 -9.453631447488661 -14.572824629800156 -13.196349136964411 -7.684867259088783 -11.6744846395337 -10.255099343048055 -13.781850135570508 -12.550419657265994 -6.713200086872693 -14.603198790919354 -11.5716906041507 -13.24506216475207 -15.97425439323208 -15.581244495973845 -16.084568424754387 -13.326265437963691
14.248496993987976 -10.52302521127329 -13.7843769155932 -12.55761112594179 -12.751711137291757 -14.868188406746103 -14.461582649296112 -9.20597355126213 -7.365594307912264 -0.5264543146797456 -5.7058376601133 -3.7776695527972524 -11.480724170300906 -9.413864186961657 -14.553981916297644 -13.172113856459255 -7.633278578496149 -11.64337374307127 -10.218090297764313 -13.760939153424783 -12.523335440369827 -6.66045688450879 -14.587096537414954 -11.541562734388702 -13.222175506351412 -15.969272561370161 -15.571955133202895 -16.08253259939701 -13.306578328525251
14.308617234468937 -10.490783693641514 -13.765901044468425 -12.533578029049561 -12.730778397197025 -14.85555605946379 -14.446606122203143 -9.168571680541746 -7.316933233374101 -0.4551883467158673 -5.664920550390171 -3.7374935237740057 -11.451648049648686 -9.377840751217285 -14.537261287842622 -13.150422733330124 -7.5863398866350735 -11.615333475640204 -10.184608484262512 -13.74230922012714 -12.499008778965539 -6.612451081726238 -14.572905222208856 -11.514436394844605 -13.20172868552465 -15.965347341028085 -15.564052536222484 -16.08132835767083 -13.289095412533172
14.3687374749499 -10.459469411767941 -13.748028106260257 -12.51027854966205 -12.710517565528274 -14.84339072166966 -14.432150719841843 -9.13221587144988 -7.269580773459889 -0.3857898373030393 -5.62519615147604 -3.6984859455436268 -11.423420609718821 -9.34283629165876 -14.521103306970382 -13.129415595325195 -7.540668898850644 -11.588121345914304 -10.152082936745472 -13.724285835942354 -12.475421540203815 -6.5657362949902165 -14.55921791643 -11.488123111707562 -13.181936607608211 -15.9616903986193 -15.556508833516531 -16.080331116736787 -13.272208521801225
14.428857715430862 -10.426209803566824 -13.728840813430203 -12.485409735272235 -12.688841970671465 -14.830180789995762 -14.416542052198995 -9.093675179588107 -7.21952435369424 -0.31268038506852047 -5.583195608750344 -3.657228461656373 -11.393388545595784 -9.30571609495065 -14.503712601808171 -13.106952605175952 -7.492372542206464 -11.559156346609763 -10.117555003317715 -13.704941021342663 -12.45025028315931 -6.516345208161827 -14.544414867012936 -11.460105937415275 -13.160745774851712 -15.957395007475036 -15.548140978187242 -16.078823261118856 -13.254070936104672
14.488977955911823 -10.39206145534136 -13.709044252701545 -12.459818569351988 -12.666519938036451 -14.816482212863189 -14.40039587517532 -9.054137832117767 -7.168239553729521 -0.2379142161455432 -5.540199396637213 -3.61498203843951 -11.362527426477158 -9.267633473572715 -14.48574949134673 -13.083821239177908 -7.4428824115070675 -11.529387803070124 -10.082112932317884 -13.684983797010304 -12.424349431205677 -6.465736572994967 -14.52909185187261 -11.431311142831984 -13.138911874994665 -15.952795073587357 -15.53938429808726 -16.07706935086854 -13.23536314592408
14.549098196392785 -10.35871005358901 -13.68976391292616 -12.434856730518451 -12.64477546827651 -14.803182439129063 -14.384695182407299 -9.015499880679585 -7.118080961322111 -0.1647625468388929 -5.498237823637293 -3.5737475082010337 -11.332394642438814 -9.230427699974339 -14.46826789547097 -13.061277168347296 -7.3944830544202595 -11.500330464341973 -10.047492909886344 -13.66554592371708 -12.399082752343684 -6.416238599279858 -14.514199734300668 -11.403215420188868 -13.117639916422714 -15.948422857492211 -15.530933324934448 -16.075490544392906 -13.217168053536739
14.609218436873746 -10.324319291002357 -13.669773803510044 -12.409051805560107 -12.622275688467095 -14.789314872644521 -14.368369241181504 -8.975695719046623 -7.066483253476239 -0.08966298608527534 -5.455100717153378 -3.5313459801588674 -11.301293482466274 -9.192095322356003 -14.450119844875637 -13.037952886802586 -7.344685463208311 -11.470334294400002 -10.011803604032572 -13.645394578670604 -12.372964606131376 -6.365314620634539 -14.498702861169797 -11.374210429866185 -13.095617550997591 -15.943698983579658 -15.52203177399008 -16.073628630674005 -13.198306744484949
14.669338677354709 -10.2904664023308 -13.65012721162934 -12.38366864944469 -12.600165303244673 -14.775710051663467 -14.35233802387959 -8.936499513018969 -7.0156496386860745 -0.015674322159003218 -5.412683727783705 -3.4896460209779288 -11.270681446407249 -9.154357047259921 -14.43229161942454 -13.015023090004718 -7.295627358993226 -11.44081665731793 -9.976669493652661 -13.625588915907656 -12.347271227392795 -6.315143314554739 -14.483491062855194 -11.345677524154336 -13.073972087262344 -15.939121370712211 -15.513329534940556 -16.071877431774674 -13.179791604649846
14.729458917835672 -10.257487252131927 -13.6310487303788 -12.358976805929718 -12.57868751387484 -14.762545134902378 -14.336797763294218 -8.898289148774367 -6.966049306670339 0.056554366106291276 -5.371385750298803 -3.449041173396988 -11.240869256375376 -9.117579031179964 -14.414993505580764 -12.992737788628308 -7.247764052401859 -11.41207948338902 -9.942436490538675 -13.60635477571492 -12.322274655145424 -6.266188819244398 -14.468754074049581 -11.317910511900564 -13.05294345908603 -15.934796073529395 -15.504965161661186 -16.070320691458694 -13.161837346980825
14.789579158316633 -10.228029897369204 -13.614307689607656 -12.337100490737996 -12.559761483421035 -14.75121533956953 -14.323294017382935 -8.864043828528072 -6.921381923657286 0.12189734884191683 -5.334370644195605 -3.4126526497422414 -11.214305431715392 -9.084649033802176 -14.399882110751136 -12.973068146841193 -7.204685458313158 -11.38650269231787 -9.91183194508432 -13.589471330030136 -12.300118553163664 -6.222110332592035 -14.455986443962985 -11.293226916036101 -13.034423380096047 -15.9315584547115 -15.498029857312137 -16.069618289866977 -13.146139501253558
14.849699398797595 -10.186464360030918 -13.589462297136468 -12.305502692598242 -12.53205744928362 -14.733487163406913 -14.302705975132337 -8.816179241647497 -6.85981011305504 0.21061848772871716 -5.282942923503349 -3.362037676959367 -11.176539256816575 -9.038521203349642 -14.377180874881532 -12.944379339732272 -7.145202345311585 -11.350039583880365 -9.868757773022807 -13.564438684111071 -12.268151391545956 -6.161310071814583 -14.43636815700783 -11.25794645087181 -13.007246003222335 -15.924478588463483 -15.48608409407981 -16.065875559374852 -13.122687115333456
14.909819639278556 -10.15532554443233 -13.571567696514215 -12.282259240760638 -12.511909962004921 -14.72123194752358 -14.288184280370686 -8.780048025317388 -6.812818267483678 0.2790864013193479 -5.244052103070551 -3.323781505270421 -11.148405765766409 -9.00377157624597 -14.360985813733961 -12.92344621031993 -7.0998647229408824 -11.32294251195441 -9.836423757072712 -13.546395749545859 -12.244614167699961 -6.1149271645456516 -14.422616122866554 -11.231792743785558 -12.987510010892613 -15.920664633165945 -15.478412627800342 -16.06470794653624 -13.105913065559047
14.969939879759519 -10.119950360754686 -13.550827357833004 -12.255608233747086 -12.488691917384465 -14.70672491496062 -14.271171618663931 -8.73915332613959 -6.759919510911985 0.35568607002390795 -5.200171863927618 -3.2805929782078134 -11.11634716723237 -8.964409586030463 -14.342124621870688 -12.89935436342666 -7.048793628930625 -11.292033527005747 -9.799727680384436 -13.525491494112618 -12.217637315619676 -6.062699022654261 -14.40645548495235 -11.201932890319597 -12.96474089362162 -15.915491946929606 -15.468974147249597 -16.062462496046802 -13.086428462050232
15.03006012024048 -10.089358153860886 -13.533268592431451 -12.232785404568443 -12.468936882001493 -14.694718952950634 -14.256933173043862 -8.703643005252097 -6.713715944923564 0.42297040999372104 -5.162058507647753 -3.2430870414167887 -11.08870484723819 -8.930269612956433 -14.326240399710219 -12.878816196054636 -7.004217522198612 -11.265418894276847 -9.767958944330193 -13.507786742008534 -12.194523213032422 -6.017090703826717 -14.392977201355901 -11.176258482339616 -12.94538060820221 -15.911804874166307 -15.461485205828254 -16.061385016503543 -13.070003444390554
15.090180360721442 -10.049797887654535 -13.50970088112236 -12.202758272397798 -12.442687464797917 -14.677966758525258 -14.237440312830714 -8.658044730167617 -6.654993122669133 0.5075257412673269 -5.1133372478151 -3.1950998490307323 -11.052759356399832 -8.886359705624937 -14.30472872967557 -12.85159956878217 -6.947491397084395 -11.230739404605979 -9.72695480796201 -13.484039891763615 -12.164137283360894 -5.959095734428264 -14.37441885482098 -11.142740216334683 -12.91960912683976 -15.905267899318375 -15.450279533485922 -16.058053536168654 -13.047846638991434
15.150300601202405 -10.014326495638475 -13.488851034918614 -12.176002569587965 -12.419398473542458 -14.663350065475669 -14.220316641013131 -8.617049803379288 -6.601995402073584 0.5841081012902167 -5.069554805293617 -3.1519775113572766 -11.020588188235394 -8.846915059967188 -14.285759923894556 -12.827420318333324 -6.8963189628491435 -11.199730522571565 -9.69016311362589 -13.463026257479989 -12.137052199911125 -5.906761037558894 -14.358151284892227 -11.11280021592627 -12.89675095527775 -15.899997992135418 -15.440737666296389 -16.055717606017105 -13.028305697784504
