web/models/mosfit_kne/mosfit_kn_3.0000/mosfit_kn_0.051209_0.2180_3.0000.dat
# %ECSV 1.0
# ---
# datatype:
# - {name: time, datatype: float64}
# - {name: PS1_g, datatype: float64}
# - {name: PS1_i, datatype: float64}
# - {name: PS1_r, datatype: float64}
# - {name: PS1_w, datatype: float64}
# - {name: PS1_y, datatype: float64}
# - {name: PS1_z, datatype: float64}
# - {name: swift_uvot_B, datatype: float64}
# - {name: swift_uvot_U, datatype: float64}
# - {name: swift_uvot_uvm2, datatype: float64}
# - {name: swift_uvot_uvw1, datatype: float64}
# - {name: swift_uvot_uvw2, datatype: float64}
# - {name: swift_uvot_V, datatype: float64}
# - {name: johnson_B, datatype: float64}
# - {name: johnson_I, datatype: float64}
# - {name: johnson_R, datatype: float64}
# - {name: johnson_U, datatype: float64}
# - {name: johnson_V, datatype: float64}
# - {name: sdss_g, datatype: float64}
# - {name: sdss_i, datatype: float64}
# - {name: sdss_r, datatype: float64}
# - {name: sdss_u, datatype: float64}
# - {name: sdss_z, datatype: float64}
# - {name: ATLAS_c, datatype: float64}
# - {name: ATLAS_o, datatype: float64}
# - {name: ukirt_H, datatype: float64}
# - {name: ukirt_J, datatype: float64}
# - {name: ukirt_K, datatype: float64}
# - {name: Clear, datatype: float64}
# meta: !!omap
# - comment: [kappa = 3.0, type = rprocess, mass = 0.051209162050732976, velocity = 0.21800000000000003, theta_obs = 0.0, tfloor = 1000.0]
# schema: astropy-2.0
time PS1_g PS1_i PS1_r PS1_w PS1_y PS1_z swift_uvot_B swift_uvot_U swift_uvot_uvm2 swift_uvot_uvw1 swift_uvot_uvw2 swift_uvot_V johnson_B johnson_I johnson_R johnson_U johnson_V sdss_g sdss_i sdss_r sdss_u sdss_z ATLAS_c ATLAS_o ukirt_H ukirt_J ukirt_K Clear
[from data line 230]
13.887775551102203 6.386965798974877 -2.4948630142244 0.9802077638134499 -0.9877160476905367 -6.018053062749669 -4.6003770979025305 9.926872375539364 16.585816473434285 30.474411777463455 12.551399005508834 15.064415511988486 4.346482491845662 8.722935058573174 -4.048376320646351 -1.0783435539213506 15.554815294182525 3.391460156676927 7.199505900289331 -2.4136070621114136 1.208696423309874 17.08692200360911 -5.173804709924532 2.9592843335560914 -1.493128191053703 -10.967040440665146 -8.817551145175473 -12.327329121138336 -3.273610091451893
13.947895791583166 6.3988472232610505 -2.482981589938227 0.9920891880996052 -0.9758346234043813 -6.0061716384634956 -4.588495673616357 9.938753799825538 16.59769789772044 30.48629320174962 12.563280429795007 15.076296936274659 4.358363916131835 8.734816482859348 -4.036494896360177 -1.0664621296351775 15.566696718468698 3.4033415809630823 7.211387324575487 -2.4017256378252405 1.2205778475960471 17.098803427895266 -5.161923285638359 2.971165757842247 -1.48124676676753 -10.95515901637899 -8.8056697208893 -12.315447696852162 -3.2617286671657197
14.008016032064127 6.4106184913416975 -2.47121032185758 1.0038604561802522 -0.9640633553237343 -5.994400370382849 -4.57672440553571 9.950525067906185 16.609469165801087 30.498064469830265 12.575051697875654 15.088068204355306 4.370135184212482 8.746587750939977 -4.0247236282795305 -1.0546908615545483 15.578467986549345 3.4151128490437292 7.223158592656134 -2.3899543697445935 1.2323491156766941 17.110574695975913 -5.150152017557712 2.982937025922894 -1.469475498686883 -10.943387748298344 -8.793898452808653 -12.303676428771515 -3.2499573990850728
14.06813627254509 6.422279343712276 -2.4595494694870013 1.0155213085508308 -0.952402502953138 -5.98273951801227 -4.565063553165132 9.962185920276763 16.621130018171684 30.509725322200854 12.586712550246233 15.099729056725884 4.381796036583061 8.758248603310573 -4.013062775908952 -1.043030009183952 15.590128838919924 3.426773701414308 7.23481944502673 -2.378293517374015 1.2440099680472727 17.12223554834651 -5.1384911651871334 2.99459787829349 -1.4578146463163044 -10.931726895927765 -8.782237600438075 -12.292015576400937 -3.238296546714494
14.128256513026052 6.4338320060281795 -2.447996807171098 1.027073970866752 -0.9408498406372345 -5.971186855696349 -4.553510890849228 9.973738582592667 16.632682680487587 30.521277984516754 12.598265212562136 15.111281719041788 4.393348698898964 8.769801265626477 -4.001510113593048 -1.0314773468680485 15.601681501235845 3.438326363730229 7.2463721073426335 -2.3667408550581115 1.2555626303631762 17.133788210662413 -5.12693850287123 3.0061505406093936 -1.446261984000401 -10.920174233611844 -8.770684938122153 -12.280462914085033 -3.2267438843985907
14.188376753507013 6.44527825502113 -2.4365505581781477 1.0385202198596843 -0.9294035916442844 -5.959740606703416 -4.542064641856278 9.985184831585617 16.644128929480537 30.5327242335097 12.609711461555086 15.122727968034738 4.404794947891914 8.781247514619427 -3.9900638646000983 -1.0200310978750984 15.613127750228777 3.4497726127231614 7.257818356335566 -2.3552946060651614 1.2670088793561263 17.145234459655363 -5.11549225387828 3.0175967896023437 -1.4348157350074509 -10.908727984618912 -8.759238689129221 -12.269016665092083 -3.2152976354056406
14.248496993987976 6.456620075422723 -2.425208737776554 1.0498620402612957 -0.9180617712426908 -5.948398786301805 -4.530722821454685 9.99652665198721 16.65547074988213 30.544066053911298 12.62105328195668 15.134069788436332 4.4161367682935255 8.79258933502102 -3.9787220441985047 -1.0086892774735048 15.624469570630389 3.4611144331247727 7.269160176737177 -2.343952785663568 1.2783506997577199 17.156576280056957 -5.1041504334766685 3.0289386100039373 -1.4234739146058573 -10.8973861642173 -8.74789686872761 -12.257674844690472 -3.2039558150040293
14.308617234468937 6.467857809306583 -2.413971003892712 1.0610997741451378 -0.9068240373588488 -5.937161052417963 -4.5194850875708426 10.007764385871052 16.666708483765973 30.55530378779515 12.63229101584054 15.145307522320174 4.427374502177368 8.803827068904862 -3.9674843103146626 -0.9974515435896627 15.63570730451423 3.472352167008615 7.280397910621019 -2.332715051779708 1.2895884336415797 17.1678140139408 -5.092912699592826 3.0401763438877794 -1.4122361807219974 -10.886148430333458 -8.736659134843768 -12.24643711080663 -3.192718081120187
14.3687374749499 6.4789936068656395 -2.402835206333638 1.0722355717041943 -0.8956882397997745 -5.9260252548589065 -4.508349290011768 10.018900183430127 16.677844281325047 30.566439585354207 12.643426813399596 15.156443319879248 4.438510299736424 8.814962866463937 -3.9563485127555884 -0.9863157460305885 15.646843102073287 3.4834879645676713 7.291533708180076 -2.3215792542206515 1.3007242312006362 17.178949811499873 -5.08177690203377 3.0513121414468536 -1.401100383162941 -10.875012632774402 -8.725523337284711 -12.235301313247573 -3.1815822835611307
14.428857715430862 6.490029211034258 -2.391799602165019 1.083271175872813 -0.8846526356311557 -5.914989650690288 -4.4973136858431495 10.029935787598745 16.688879885493666 30.577475189522826 12.654462417568215 15.167478924047867 4.449545903905043 8.825998470632555 -3.9453129085869696 -0.9752801418619697 15.657878706241906 3.49452356873629 7.3025693123486946 -2.3105436500520327 1.311759835369255 17.189985415668474 -5.070741297865151 3.0623477456154546 -1.3900647789943221 -10.863977028605783 -8.714487733116092 -12.224265709078955 -3.170546679392512
14.488977955911823 6.500966544585047 -2.38086226861423 1.0942085094236198 -0.8737153020803667 -5.904052317139481 -4.4863763522923605 10.040873121149534 16.699817219044455 30.588412523073625 12.665399751119004 15.178416257598656 4.46048323745585 8.836935804183344 -3.9343755750361806 -0.9643428083111807 15.668816039792713 3.505460902287097 7.313506645899501 -2.2996063165012437 1.322697168920044 17.20092274921928 -5.059803964314344 3.0732850791662614 -1.3791274454435332 -10.853039695054976 -8.703550399565286 -12.213328375528148 -3.159609345841705
14.549098196392785 6.511806435866188 -2.3700223773330897 1.10504840070476 -0.8628754107992265 -5.8932124258583585 -4.47553646101122 10.051713012430675 16.710657110325595 30.599252414354762 12.676239642400144 15.189256148879796 4.471323128736972 8.847775695464485 -3.9235356837550404 -0.9535029170300404 15.679655931073835 3.516300793568237 7.3243465371806415 -2.2887664252201034 1.3335370602011842 17.21176264050042 -5.048964073033222 3.0841249704474016 -1.368287554162393 -10.842199803773836 -8.692710508284145 -12.202488484247025 -3.1487694545605827
14.609218436873746 6.522550373604368 -2.3592784395949096 1.1157923384429225 -0.8521314730610641 -5.882468488120178 -4.46479252327304 10.062456950168855 16.721401048063758 30.60999635209294 12.686983580138325 15.200000086617976 4.482067066475152 8.858519633202647 -3.91279174601686 -0.942758979291878 15.690399868812015 3.5270447313063995 7.335090474918804 -2.2780224874819233 1.3442809979393644 17.222506578238583 -5.038220135295042 3.094868908185564 -1.3575436164242127 -10.831455866035673 -8.681966570545983 -12.191744546508845 -3.1380255168224025
14.669338677354709 6.533200468310945 -2.3486283448883505 1.1264424331494993 -0.8414813783544872 -5.8718183934136015 -4.454142428566481 10.073107044875414 16.732051142770334 30.620646446799515 12.697633674844901 15.210650181324553 4.492717161181729 8.869169727909224 -3.902141651310301 -0.9321088845853012 15.701049963518592 3.5376948260129764 7.345740569625381 -2.2673723927753464 1.3549310926459412 17.23315667294516 -5.027570040588465 3.105519002892141 -1.3468935217176359 -10.820805771329097 -8.671316475839406 -12.181094451802268 -3.1273754221158256
14.729458917835672 6.543758262222372 -2.338070550976905 1.137000227060927 -0.8309235844430596 -5.861260599502174 -4.443584634655036 10.08366483878686 16.742608936681762 30.63120424071094 12.708191468756329 15.22120797523598 4.503274955093157 8.879727521820652 -3.8915838573988557 -0.9215510906738735 15.71160775743002 3.548252619924404 7.356298363536808 -2.2568145988639188 1.3654888865573689 17.243714466856588 -5.017012246677037 3.1160767968035685 -1.3363357278062082 -10.810247977417669 -8.660758681927978 -12.17053665789084 -3.116817628204398
14.789579158316633 6.554225109216301 -2.3276037039829944 1.1474670740548554 -0.8204567374491312 -5.850793752508245 -4.433117787661125 10.09413168578077 16.75307578367569 30.641671087704868 12.718658315750258 15.231674822229891 4.513741802087085 8.89019436881458 -3.881117010404945 -0.9110842436799451 15.722074604423948 3.5587194669183324 7.366765210530737 -2.2463477518699904 1.3759557335512973 17.254181313850516 -5.006545399683109 3.126543643797497 -1.3258688808122798 -10.79978113042374 -8.65029183493405 -12.160069810896912 -3.1063507812104696
14.849699398797595 6.564602437904501 -2.3172263752947764 1.1578444027430734 -0.8100794087609131 -5.840416423820045 -4.422740458972907 10.104509014468988 16.76345311236391 30.652048416393075 12.729035644438458 15.24205215091811 4.5241191307752855 8.900571697502798 -3.870739681716727 -0.9007069149917271 15.732451933112149 3.5690967956065505 7.377142539218955 -2.23597042318179 1.3863330622394976 17.264558642538734 -4.996168070994909 3.136920972485715 -1.3154915521240795 -10.789403801735522 -8.639914506245832 -12.149692482208712 -3.0959734525222693
14.909819639278556 6.57489158812842 -2.3069372250708753 1.1681335529669745 -0.799790258537012 -5.830127273596126 -4.412451308749006 10.114798164692889 16.77374226258781 30.66233756661698 12.739324794662359 15.25234130114201 4.534408280999204 8.910860847726699 -3.860450531492826 -0.890417764767826 15.742741083336067 3.5793859458304516 7.387431689442856 -2.225681272957871 1.3966222124633987 17.274847792762635 -4.98587892077099 3.147210122709616 -1.3052024019001607 -10.779114651511621 -8.629625356021931 -12.139403331984793 -3.0856843022983504
14.969939879759519 6.585094920993821 -2.296733892205456 1.1783368858323762 -0.7895869256715926 -5.819923940730725 -4.402247975883586 10.125001497558308 16.78394559545323 30.672540899482396 12.749528127527778 15.26254463400743 4.544611613864606 8.921064180592118 -3.8502471986274065 -0.8802144319024066 15.75294441620147 3.589589278695871 7.397635022308275 -2.2154779400924696 1.406825545328818 17.285051125628055 -4.975675587905588 3.1574134555750355 -1.294999069034759 -10.76891131864622 -8.61942202315653 -12.129199999119392 -3.075480969432949
15.03006012024048 6.5952134677456264 -2.286615345453651 1.1884554325841812 -0.7794683789198054 -5.80980539397892 -4.392129429131781 10.135120044310113 16.794064142205016 30.682659446234194 12.759646674279583 15.272663180759235 4.554730160616411 8.931182727343923 -3.8401286518756015 -0.8700958851506015 15.763062962953274 3.599707825447658 7.407753569060063 -2.2053593933406646 1.416944092080623 17.295169672379842 -4.965557041153783 3.1675320023268227 -1.284880522282954 -10.758792771894415 -8.609303476404724 -12.119081452367586 -3.065362422681144
15.090180360721442 6.605248269108959 -2.2765805440903186 1.1984902339475134 -0.7694335775564731 -5.799770592615587 -4.382094627768449 10.145154845673446 16.80409894356835 30.692694247597526 12.769681475642916 15.282697982122567 4.564764961979743 8.941217528707238 -3.8300938505122692 -0.8600610837872871 15.773097764316606 3.6097426268109905 7.417788370423395 -2.1953245919773323 1.4269788934439553 17.305204473743174 -4.955522239790451 3.177566803690155 -1.2748457209196218 -10.748757970531083 -8.599268675041392 -12.109046651004254 -3.0553276213178115
15.150300601202405 6.615201030895719 -2.2666277823035585 1.2084429957342735 -0.7594808157696953 -5.789817830828827 -4.372141865981689 10.155107607460206 16.814051705355126 30.702647009384282 12.779634237429676 15.292650743909327 4.574717723766503 8.951170290494016 -3.820141088725509 -0.8501083220005092 15.783050526103366 3.6196953885977505 7.427741132210155 -2.1853718301905722 1.4369316552307154 17.315157235529952 -4.945569478003691 3.187519565476915 -1.2648929591328617 -10.738805208744322 -8.589315913254632 -12.099093889217494 -3.0453748595310515
15.210420841683366 6.625073526776113 -2.2567552864231644 1.2183154916146677 -0.7496083198893011 -5.779945334948433 -4.362269370101295 10.1649801033406 16.82392420123552 30.712519505264684 12.78950673331007 15.302523239789721 4.5845902196468975 8.96104278637441 -3.810268592845115 -0.840235826120115 15.79292302198376 3.6295678844781447 7.437613628090567 -2.175499334310178 1.4468041511111096 17.325029731410346 -4.9356969821232966 3.197392061357327 -1.2550204632524675 -10.728932712863928 -8.579443417374238 -12.0892213933371 -3.0355023636506573
15.270541082164328 6.6348674158305165 -2.2469613973687608 1.2281093806690713 -0.7398144308349153 -5.7701514458940295 -4.352475481046891 10.174773992395004 16.833718090289906 30.722313394319084 12.799300622364473 15.312317128844125 4.594384108701301 8.970836675428796 -3.8004747037907114 -0.8304419370657292 15.802716911038164 3.6393617735325483 7.447407517144953 -2.1657054452557745 1.4565980401655132 17.334823620464732 -4.925903093068893 3.207185950411713 -1.245226574198064 -10.719138823809525 -8.569649528319834 -12.079427504282696 -3.0257084745962537
15.33066132264529 6.644583346824557 -2.23724546637472 1.2378253116631122 -0.7300984998408566 -5.760435514899989 -4.34275955005285 10.184489923389044 16.843434021283965 30.732029325313125 12.809016553358514 15.322033059838166 4.604100039695342 8.980552606422854 -3.7907587727966705 -0.8207260060716706 15.812432842032205 3.649077704526589 7.457123448138994 -2.1559895142617336 1.466313971159554 17.34453955145879 -4.916187162074852 3.2169018814057715 -1.235510643204023 -10.709422892815484 -8.559933597325793 -12.069711573288656 -3.015992543602213
15.390781563126252 6.6542230064851715 -2.2276058067141236 1.2474649713237262 -0.7204588401802603 -5.7507958552393745 -4.333119890392254 10.19412958304964 16.85307368094456 30.74166898497373 12.81865621301911 15.331672719498762 4.613739699355956 8.99019226608345 -3.781119113136074 -0.8110863464110742 15.82207250169282 3.6587173641872033 7.466763107799608 -2.1463498546011195 1.4759536308201504 17.354179211119387 -4.906547502414238 3.226541541066368 -1.225870983543409 -10.69978323315487 -8.55029393766518 -12.060071913628041 -3.0063528839415987
15.450901803607215 6.663787941836379 -2.2180408713628985 1.2570299066749335 -0.7108939048290353 -5.741230919888167 -4.323554955041029 10.203694518400866 16.862638616295786 30.751233920324946 12.828221148370336 15.341237654849987 4.623304634707163 8.999757201434676 -3.771554177784849 -0.8015214110598492 15.831637437044026 3.6682822995384106 7.476328043150815 -2.136784919249912 1.4855185661713755 17.363744146470612 -4.896982567063031 3.236106476417593 -1.2163060481922017 -10.690218297803662 -8.540729002313972 -12.050506978276834 -2.9967879485903914
15.511022044088175 6.673279669490082 -2.2085491437091953 1.2665216343286545 -0.701402177175332 -5.731739192234464 -4.314063227387326 10.213186246054569 16.87213034394949 30.760725647978656 12.837712876024039 15.35072938250369 4.632796362360867 9.009248929088379 -3.762062450131146 -0.792029683406146 15.841129164697747 3.6777740271921315 7.485819770804536 -2.127293191596209 1.4950102938250787 17.373235874124315 -4.8874908394093275 3.245598204071296 -1.2068143205384985 -10.680726570149941 -8.531237274660251 -12.041015250623131 -2.9872962209366882
