web/models/mosfit_kne/mosfit_kn_3.0000/mosfit_kn_0.144270_0.2337_3.0000.dat
# %ECSV 1.0
# ---
# datatype:
# - {name: time, datatype: float64}
# - {name: PS1_g, datatype: float64}
# - {name: PS1_i, datatype: float64}
# - {name: PS1_r, datatype: float64}
# - {name: PS1_w, datatype: float64}
# - {name: PS1_y, datatype: float64}
# - {name: PS1_z, datatype: float64}
# - {name: swift_uvot_B, datatype: float64}
# - {name: swift_uvot_U, datatype: float64}
# - {name: swift_uvot_uvm2, datatype: float64}
# - {name: swift_uvot_uvw1, datatype: float64}
# - {name: swift_uvot_uvw2, datatype: float64}
# - {name: swift_uvot_V, datatype: float64}
# - {name: johnson_B, datatype: float64}
# - {name: johnson_I, datatype: float64}
# - {name: johnson_R, datatype: float64}
# - {name: johnson_U, datatype: float64}
# - {name: johnson_V, datatype: float64}
# - {name: sdss_g, datatype: float64}
# - {name: sdss_i, datatype: float64}
# - {name: sdss_r, datatype: float64}
# - {name: sdss_u, datatype: float64}
# - {name: sdss_z, datatype: float64}
# - {name: ATLAS_c, datatype: float64}
# - {name: ATLAS_o, datatype: float64}
# - {name: ukirt_H, datatype: float64}
# - {name: ukirt_J, datatype: float64}
# - {name: ukirt_K, datatype: float64}
# - {name: Clear, datatype: float64}
# meta: !!omap
# - comment: [kappa = 3.0, type = rprocess, mass = 0.1442699905917794, velocity = 0.2336666666666667, theta_obs = 0.0, tfloor = 1000.0]
# schema: astropy-2.0
time PS1_g PS1_i PS1_r PS1_w PS1_y PS1_z swift_uvot_B swift_uvot_U swift_uvot_uvm2 swift_uvot_uvw1 swift_uvot_uvw2 swift_uvot_V johnson_B johnson_I johnson_R johnson_U johnson_V sdss_g sdss_i sdss_r sdss_u sdss_z ATLAS_c ATLAS_o ukirt_H ukirt_J ukirt_K Clear
[from data line 373]
22.484969939879758 5.768699214751614 -3.1131295984476637 0.36194117959016836 -1.6059826319138182 -6.636319646972932 -5.218643682125794 9.3086057913161 15.967549889211003 29.85614519324018 11.93313242128557 14.446148927765222 3.728215907622398 8.10466847434991 -4.666642904869614 -1.6966101381446144 14.936548709959261 2.7731935724536454 6.58123931606605 -3.0318736463346774 0.5904298390866103 16.46865541938583 -5.792071294147796 2.34101774933281 -2.111394775276967 -11.585307024888428 -9.435817729398737 -12.9455957053616 -3.8918766756751566
22.54509018036072 5.775621401937752 -3.1062074112615257 0.36886336677632414 -1.5990604447276624 -6.629397459786794 -5.211721494939656 9.315527978502239 15.97447207639716 29.863067380426326 11.940054608471709 14.45307111495136 3.735138094808536 8.111590661536049 -4.659720717683476 -1.6896879509584763 14.9434708971454 2.780115759639801 6.588161503252206 -3.0249514591485394 0.5973520262727483 16.475577606571985 -5.785149106961658 2.3479399365189657 -2.104472588090829 -11.578384837702272 -9.428895542212581 -12.938673518175461 -3.8849544884890186
22.605210420841683 5.7825022223732425 -3.099326590826035 0.37574418721179725 -1.5921796242921893 -6.6225166393513035 -5.204840674504165 9.32240879893773 15.981352896832632 29.86994820086181 11.9469354289072 14.45995193538685 3.742018915244027 8.11847148197154 -4.652839897247985 -1.6828071305230032 14.95035171758089 2.7869965800752743 6.595042323687679 -3.0180706387130485 0.6042328467082392 16.482458427007458 -5.778268286526167 2.354820756954439 -2.097591767655338 -11.571504017266799 -9.422014721777108 -12.93179269773997 -3.8780736680535277
22.665330661322646 5.789342154755914 -3.0924866584433808 0.38258411959446903 -1.5853396919095175 -6.615676706968632 -5.198000742121511 9.329248731320384 15.988192829215304 29.87678813324447 11.953775361289853 14.466791867769505 3.748858847626699 8.125311414354194 -4.645999964865331 -1.6759671981403315 14.957191649963562 2.793836512457946 6.6018822560703505 -3.0112307063303767 0.6110727790908932 16.48929835939013 -5.771428354143495 2.3616606893371106 -2.090751835272666 -11.564664084884127 -9.415174789394436 -12.924952765357299 -3.871233735670856
22.725450901803605 5.796140991090706 -3.0856878221085893 0.38938295592926053 -1.578540855574726 -6.60887787063384 -5.19120190578672 9.336047567655175 15.994991665550096 29.883586969579273 11.960574197624663 14.473590704104314 3.7556576839614904 8.132110250688985 -4.63920112853054 -1.66916836180554 14.963990486298353 2.8006353487927376 6.608681092405142 -3.004431869995585 0.6178716154257025 16.49609719572492 -5.764629517808704 2.368459525671902 -2.0839529989378747 -11.557865248549335 -9.408375953059645 -12.918153929022507 -3.8644348993360644
22.785571142284567 5.802899283988676 -3.078929529210601 0.39614124882724866 -1.5717825626767379 -6.60211957773587 -5.184443612888732 9.342805860553163 16.001749958448084 29.89034526247725 11.967332490522633 14.480348997002285 3.7624159768594607 8.138868543586973 -4.632442835632552 -1.6624100689075518 14.970748779196324 2.8073936416907257 6.61543938530313 -2.997673577097615 0.6246299083236728 16.50285548862291 -5.757871224910733 2.3752178185698902 -2.0771947060399043 -11.551106955651347 -9.401617660161657 -12.911395636124537 -3.857676606438094
22.84569138276553 5.8096179855053265 -3.072210827693951 0.4028599503438812 -1.5650638611600876 -6.5954008762192196 -5.177724911372081 9.349524562069814 16.008468659964734 29.897063963993894 11.974051192039283 14.487067698518935 3.769134678376111 8.145587245103624 -4.625724134115901 -1.6556913673909015 14.977467480712974 2.8141123432073583 6.622158086819763 -2.9909548755809645 0.6313486098403231 16.50957419013956 -5.751152523394083 2.3819365200865406 -2.070476004523254 -11.544388254134715 -9.394898958645024 -12.904676934607886 -3.8509579049214437
22.905811623246493 5.816296783248784 -3.0655320299505107 0.40953874808733914 -1.5583850634166474 -6.588722078475762 -5.171046113628641 9.356203359813254 16.015147457708174 29.90374276173735 11.980729989782741 14.493746496262375 3.775813476119569 8.152266042847064 -4.619045336372461 -1.6490125696474613 14.984146278456432 2.820791140950816 6.628836884563221 -2.9842760778375066 0.6380274075837811 16.516252987883 -5.744473725650625 2.3886153178299807 -2.063797206779796 -11.537709456391257 -9.388220160901566 -12.897998136864429 -3.844279107177986
22.965931863727455 5.82293635881129 -3.058892454387987 0.41617832364986285 -1.5517454878541237 -6.582082502913256 -5.1644065380661175 9.362842935375777 16.021787033270698 29.91038233729987 11.987369565345247 14.500386071824899 3.782453051682075 8.158905618409587 -4.612405760809938 -1.6423729940849376 14.990785854018938 2.82743071651334 6.635476460125744 -2.9776365022750007 0.644666983146287 16.522892563445524 -5.737834150088119 2.3952548933925044 -2.05715763121729 -11.531069880828733 -9.381580585339043 -12.891358561301923 -3.83763953161548
23.026052104208414 5.8295372278466395 -3.052291585352638 0.422779192685212 -1.5451446188187745 -6.575481633877889 -5.157805669030768 9.369443804411127 16.028387902306047 29.916983206335214 11.993970434380596 14.506986940860248 3.789053920717442 8.165506487444937 -4.605804891774588 -1.6357721250495885 14.997386723054305 2.834031585548689 6.6420773291610935 -2.9710356332396515 0.6512678521816362 16.529493432480873 -5.73123328105277 2.4018557624278536 -2.050556762181941 -11.524469011793384 -9.374979716303693 -12.884757692266573 -3.831038662580113
23.086172344689377 5.836099197564302 -3.0457296156349933 0.42934116240285647 -1.53858264910113 -6.568919664160244 -5.151243699313124 9.376005774128771 16.03494987202369 29.92354517605286 12.00053240409824 14.513548910577892 3.7956158904350863 8.172068457162581 -4.599242922056944 -1.629210155331944 15.00394869277195 2.8405935552663335 6.648639298878738 -2.9644736635219893 0.6578298218992806 16.536055402198517 -5.724671311335108 2.408417732145498 -2.0439947924642965 -11.51790704207574 -9.368417746586049 -12.878195722548911 -3.8244766928624685
23.14629258517034 5.842622918941682 -3.039205894257613 0.435864883780237 -1.5320589277237495 -6.562395942782864 -5.144719977935743 9.382529495506152 16.041473593401072 29.93006889743025 12.007056125475621 14.520072631955273 3.802139611812467 8.178592178539962 -4.592719200679563 -1.6226864339545635 15.01047241414933 2.847117276643714 6.6551630202561185 -2.9579499421446087 0.6643535432766612 16.542579123575898 -5.718147589957727 2.4149414535228786 -2.037471071086898 -11.511383320698359 -9.361894025208668 -12.87167200117153 -3.817952971485088
23.206412825651302 5.849109060093394 -3.0327197531058836 0.4423510249319662 -1.5255727865720203 -6.555909801631152 -5.138233836784014 9.38901563665788 16.0479597345528 29.936555038581968 12.01354226662735 14.526558773107002 3.8086257529641783 8.18507831969169 -4.586233059527834 -1.6162002928028343 15.016958555301041 2.8536034177954432 6.661649161407848 -2.9514638009928973 0.6708396844283904 16.549065264727627 -5.711661448806016 2.4214275946746078 -2.0309849299351868 -11.50489717954663 -9.35540788405694 -12.86518586001982 -3.8114668303333765
23.266533066132265 5.855557703397043 -3.0262711098022343 0.44879966823561546 -1.519124143268371 -6.549461158327485 -5.131785193480365 9.39546427996153 16.05440837785645 29.943003681885617 12.019990909931 14.533007416410651 3.8150743962678453 8.19152696299534 -4.579784416224185 -1.609751649499185 15.023407198604708 2.8600520610990925 6.668097804711497 -2.945015157689248 0.6772883277320396 16.555513908031276 -5.7052128055023665 2.427876237978257 -2.0245362866315375 -11.49844853624298 -9.34895924075329 -12.85873721671617 -3.8050181870297095
23.326653306613224 5.8619692317473415 -3.019859581451936 0.455211196585914 -1.5127126149180725 -6.5430496299772045 -5.125373665130066 9.401875808311829 16.06081990620675 29.949415210235916 12.026402438281298 14.53941894476095 3.821485924618126 8.197938491345639 -4.573372887873886 -1.6033401211488865 15.02981872695499 2.866463589449391 6.6745093330617955 -2.9386036293389495 0.6836998560823382 16.561925436381575 -5.698801277152068 2.4342877663285556 -2.018124758281239 -11.492037007892682 -9.342547712402991 -12.852325688365871 -3.7986066586794287
23.386773547094187 5.868344274245523 -3.0134845389537723 0.4615862390840775 -1.506337572419909 -6.536674587479023 -5.118998622631903 9.40825085081001 16.067194948704913 29.95579025273409 12.03277748077948 14.545793987259131 3.8278609671163073 8.204313533843802 -4.566997845375705 -1.596965078650723 15.03619376945317 2.8728386319475545 6.680884375559959 -2.9322285868407683 0.6900748985805194 16.56830047887974 -5.692426234653887 2.440662808826719 -2.0117497157830577 -11.485661965394518 -9.336172669904828 -12.84595064586769 -3.7922316161812475
23.44689378757515 5.874682649425065 -3.0071461637742125 0.4679246142636373 -1.4999991972403492 -6.5303362122994635 -5.112660247452343 9.414589225989552 16.073533323884472 29.96212862791364 12.039115855959022 14.552132362438673 3.834199342295867 8.210651909023362 -4.560659470196163 -1.5906267034711632 15.04253214463273 2.8791770071271143 6.687222750739519 -2.9258902116612084 0.6964132737600615 16.574638854059298 -5.686087859474327 2.447001184006279 -2.0054113406035157 -11.479323590214959 -9.329834294725268 -12.83961227068813 -3.7858932410016877
23.507014028056112 5.880985062093771 -3.0008437511055064 0.4742270269323434 -1.4936967845716431 -6.524033799630757 -5.106357834783637 9.420891638658258 16.07983573655318 29.96843104058235 12.045418268627728 14.55843477510738 3.8405017549645555 8.216954321692068 -4.554357057527457 -1.584324290802457 15.048834557301436 2.8854794197958205 6.693525163408225 -2.91958779899252 0.7027156864287676 16.580941266728004 -5.679785446805639 2.453303596674985 -1.9991089279348095 -11.473021177546253 -9.323531882056562 -12.833309858019442 -3.7795908283329993
23.567134268537075 5.887251895861869 -2.994576917337408 0.48049386070044164 -1.487429950803545 -6.517766965862677 -5.100091001015539 9.427158472426356 16.086102570321277 29.974697874350444 12.051685102395826 14.564701608875477 3.8467685887326537 8.223221155460166 -4.548090223759359 -1.5780574570343588 15.055101391069517 2.8917462535639187 6.699791997176323 -2.913320965224422 0.7089825201968658 16.587208100496103 -5.67351861303754 2.459570430443083 -1.9928420941667113 -11.466754343778154 -9.317265048288482 -12.827043024251344 -3.773323994564901
23.627254509018034 5.8934837958118536 -2.9883450173874238 0.4867257606504083 -1.4811980508535783 -6.5115350659126925 -5.093859101065572 9.43339037237634 16.092334470271243 29.98092977430042 12.05791700234581 14.570933508825462 3.853000488682638 8.229453055410133 -4.541858323809374 -1.5718255570843922 15.061333291019501 2.8979781535138853 6.70602389712629 -2.9070890652744374 0.7152144201468502 16.59344000044607 -5.667286713087556 2.46580233039305 -1.986610194216727 -11.460522443828188 -9.311033148338497 -12.82081112430136 -3.7670920946149167
23.687374749498996 5.899680483676413 -2.9821483295228646 0.49292244851498523 -1.4750013629890013 -6.5053383780481155 -5.087662413200995 9.4395870602409 16.09853115813582 29.98712646216499 12.06411369021037 14.577130196690021 3.8591971765471973 8.23564974327471 -4.535661635944815 -1.5656288692198153 15.067529978884078 2.9041748413784623 6.712220584990867 -2.9008923774098783 0.7214111080114094 16.599636688310646 -5.661090025222997 2.471999018257627 -1.9804135063521677 -11.45432575596361 -9.30483646047392 -12.8146144364368 -3.7608954067503575
23.74749498997996 5.9058428495145066 -2.9759859636847708 0.4990848143530613 -1.4688389971509253 -6.4991760122100395 -5.081500047362901 9.445749426078994 16.104693523973896 29.993288828003074 12.070276056048463 14.583292562528115 3.865359542385291 8.241812109112786 -4.529499270106721 -1.5594665033817392 15.073692344722154 2.9103372072165383 6.718382950828943 -2.8947300115717844 0.7275734738495032 16.605799054148722 -5.654927659384903 2.478161384095703 -1.974251140514074 -11.448163390125535 -9.298674094635844 -12.808452070598706 -3.7547330409122637
23.80761523046092 5.911971072753008 -2.969857740446269 0.5052130375915809 -1.4627107739124057 -6.49304778897152 -5.0753718241243995 9.451877649317495 16.110821747212416 29.999417051241583 12.076404279286965 14.589420785766617 3.8714877656238107 8.247940332351305 -4.52337104686822 -1.5533382801432196 15.079820567960674 2.916465430455058 6.724511174067462 -2.888601788333265 0.733701697088005 16.61192727738724 -5.648799436146383 2.4842896073342224 -1.968122917275572 -11.442035166887015 -9.292545871397325 -12.802323847360187 -3.748604817673744
23.867735470941884 5.918065283231755 -2.9637635299675402 0.5113072480703096 -1.456616563433677 -6.486953578492791 -5.069277613645671 9.457971859796224 16.116915957691145 30.005511261720322 12.082498489765712 14.595514996245363 3.8775819761025394 8.254034542830034 -4.517276836389491 -1.547244069664491 15.085914778439403 2.9225596409337866 6.730605384546191 -2.882507577854536 0.7397959075667515 16.61802148786597 -5.642705225667655 2.490383817812951 -1.9620287067968256 -11.435940956408286 -9.286451660918596 -12.796229636881458 -3.7425106071950154
23.927855711422843 5.924125977549721 -2.957702835649556 0.517367942388276 -1.4505558691156928 -6.480892884174825 -5.063216919327687 9.464032554114208 16.12297665200913 30.01157195603829 12.088559184083678 14.60157569056333 3.883642670420506 8.260095237148018 -4.511216142071507 -1.5411833753465067 15.091975472757369 2.928620335251753 6.7366660788641575 -2.8764468835365697 0.7458566018847179 16.624082182183955 -5.636644531349688 2.4964445121309353 -1.9559680124788592 -11.42988026209032 -9.28039096660063 -12.790168942563492 -3.736449912877049
23.987975951903806 5.930153847021238 -2.9516749661780395 0.5233958118597926 -1.444527999644194 -6.474865014703308 -5.05718904985617 9.470060423585725 16.129004521480628 30.017599825509805 12.094587053555195 14.607603560034846 3.8896705398920224 8.266123106619535 -4.50518827259999 -1.535155505875008 15.098003342228886 2.9346482047232696 6.742693948335674 -2.870419014065053 0.7518844713562345 16.630110051655453 -5.630616661878172 2.502472381602434 -1.9499401430073426 -11.423852392618803 -9.274363097129113 -12.784141073091975 -3.7304220434055324
24.04809619238477 5.936148926992537 -2.94567988620674 0.5293908918311097 -1.4385329196728769 -6.468869934731991 -5.051193969884871 9.476055503557024 16.134999601451945 30.023594905481115 12.100582133526494 14.613598640006146 3.8956656198633395 8.272118186590834 -4.499193192628691 -1.5291604259036908 15.103998422200203 2.9406432846945867 6.748689028306991 -2.864423934093754 0.7578795513275338 16.63610513162677 -5.624621581906872 2.5084674615737512 -1.9439450630360433 -11.417857312647486 -9.268368017157796 -12.778145993120676 -3.724426963434233
24.10821643286573 5.942111684915101 -2.939717128284176 0.535353649753656 -1.4325701617503306 -6.462907176809445 -5.045231211962307 9.482018261479588 16.14096235937449 30.02955766340367 12.106544891449058 14.61956139792871 3.901628377785886 8.27808094451338 -4.493230434706127 -1.5231976679811445 15.109961180122749 2.946606042617133 6.754651786229537 -2.8584611761711898 0.7638423092500979 16.642067889549317 -5.618658823984308 2.5144302194962975 -1.9379823051134792 -11.41189455472494 -9.26240525923525 -12.772183235198112 -3.718464205511669
