web/models/mosfit_kne/mosfit_kn_3.0000/mosfit_kn_0.001513_0.5000_3.0000.dat
# %ECSV 1.0
# ---
# datatype:
# - {name: time, datatype: float64}
# - {name: PS1_g, datatype: float64}
# - {name: PS1_i, datatype: float64}
# - {name: PS1_r, datatype: float64}
# - {name: PS1_w, datatype: float64}
# - {name: PS1_y, datatype: float64}
# - {name: PS1_z, datatype: float64}
# - {name: swift_uvot_B, datatype: float64}
# - {name: swift_uvot_U, datatype: float64}
# - {name: swift_uvot_uvm2, datatype: float64}
# - {name: swift_uvot_uvw1, datatype: float64}
# - {name: swift_uvot_uvw2, datatype: float64}
# - {name: swift_uvot_V, datatype: float64}
# - {name: johnson_B, datatype: float64}
# - {name: johnson_I, datatype: float64}
# - {name: johnson_R, datatype: float64}
# - {name: johnson_U, datatype: float64}
# - {name: johnson_V, datatype: float64}
# - {name: sdss_g, datatype: float64}
# - {name: sdss_i, datatype: float64}
# - {name: sdss_r, datatype: float64}
# - {name: sdss_u, datatype: float64}
# - {name: sdss_z, datatype: float64}
# - {name: ATLAS_c, datatype: float64}
# - {name: ATLAS_o, datatype: float64}
# - {name: ukirt_H, datatype: float64}
# - {name: ukirt_J, datatype: float64}
# - {name: ukirt_K, datatype: float64}
# - {name: Clear, datatype: float64}
# meta: !!omap
# - comment: [kappa = 3.0, type = rprocess, mass = 0.001513321957917195, velocity = 0.5, theta_obs = 0.0, tfloor = 1000.0]
# schema: astropy-2.0
time PS1_g PS1_i PS1_r PS1_w PS1_y PS1_z swift_uvot_B swift_uvot_U swift_uvot_uvm2 swift_uvot_uvw1 swift_uvot_uvw2 swift_uvot_V johnson_B johnson_I johnson_R johnson_U johnson_V sdss_g sdss_i sdss_r sdss_u sdss_z ATLAS_c ATLAS_o ukirt_H ukirt_J ukirt_K Clear
[from data line 29]
1.8036072144288577 8.45765472497531 -0.4241740882239853 3.0508966898138645 1.082972878309878 -3.9473641367492363 -2.529688171902116 11.997561301539779 18.6565053994347 32.54510070346387 14.622087931509249 17.1351044379889 6.417171417846094 10.793623984573589 -1.977687394645936 0.992345372079064 17.625504220182957 5.462149082677342 9.270194826289746 -0.3429181361109812 3.2793853493102887 19.157610929609525 -3.1031157839240997 5.029973259556506 0.5775607349467293 -8.896351514664731 -6.746862219175041 -10.256640195137903 -1.2029211654514604
1.8637274549098195 8.569990940158387 -0.31183787304088995 3.163232904996942 1.1953090934929733 -3.8350279215661587 -2.4173519567190205 12.109897516722874 18.768841614617795 32.65743691864696 14.734424146692344 17.247440653171996 6.529507633029172 10.905960199756684 -1.8653511794628406 1.1046815872621594 17.737840435366035 5.574485297860419 9.382531041472824 -0.23058192092790364 3.391721564493384 19.26994714479262 -2.990779568741022 5.142309474739601 0.6898969501298069 -8.784015299481654 -6.634526003991963 -10.144303979954826 -1.0905849502683829
1.9238476953907815 8.675760534185972 -0.20606827901330504 3.269002499024527 1.3010786875205405 -3.729258327538574 -2.3115823626914356 12.21566711075046 18.874611208645362 32.76320651267454 14.84019374071993 17.35321024719958 6.635277227056757 11.011729793784252 -1.7595815854352557 1.2104511812897265 17.84361002939362 5.680254891888004 9.488300635500408 -0.12481232690031874 3.497491158520969 19.375716738820188 -2.8850099747134372 5.248079068767169 0.7956665441573918 -8.678245705454069 -6.5287564099643784 -10.03853438592724 -0.984815356240798
1.9839679358717435 8.776047230802089 -0.1057815823971886 3.3692891956406434 1.4013653841366747 -3.6289716309224573 -2.211295666075319 12.315953807366576 18.974897905261496 32.86349320929066 14.940480437336046 17.453496943815697 6.735563923672873 11.112016490400386 -1.6592948888191392 1.3107378779058607 17.943896726009736 5.7805415885041205 9.588587332116525 -0.024525630284202293 3.5977778551370854 19.476003435436322 -2.784723278097321 5.348365765383285 0.8959532407735082 -8.577959008837952 -6.428469713348262 -9.938247689311124 -0.8845286596246815
2.0440881763527052 8.871613495937947 -0.010215317261330625 3.4648554607765014 1.4969316492725149 -3.5334053657865994 -2.115729400939461 12.411520072502434 19.070464170397337 32.95905947442652 15.036046702471904 17.549063208951555 6.831130188808731 11.207582755536226 -1.5637286236832812 1.406304143041701 18.039462991145594 5.8761078536399785 9.684153597252383 0.07104063485165568 3.6933441202729433 19.571569700572162 -2.689157012961463 5.443932030519143 0.9915195059093662 -8.482392743702095 -6.332903448212404 -9.842681424175266 -0.7889623944888235
2.1042084168336674 8.963095333475035 0.08126652027575787 3.5563372983136077 1.5884134868096211 -3.441923528249493 -2.0242475634023727 12.503001910039522 19.161946007934443 33.05054131196361 15.127528540008992 17.640545046488644 6.92261202634582 11.299064593073332 -1.4722467861461928 1.4977859805788072 18.1309448286827 5.967589691177085 9.77563543478949 0.16252247238874418 3.784825957810032 19.66305153810927 -2.5976751754243743 5.535413868056249 1.0830013434464547 -8.390910906164988 -6.241421610675298 -9.751199586638178 -0.697480556951735
2.164328657314629 9.051008570674668 0.1691797574753906 3.6442505355132404 1.6763267240092539 -3.3540102910498604 -1.93633432620274 12.590915147239155 19.249859245134076 33.13845454916325 15.215441777208625 17.728458283688276 7.0105252635454525 11.386977830272965 -1.38433354894656 1.58569921777844 18.218858065882333 6.055502928376717 9.863548671989122 0.2504357095883769 3.8727391950096646 19.7509647753089 -2.5097619382247416 5.623327105255882 1.1709145806460874 -8.302997668965356 -6.153508373475665 -9.663286349438545 -0.6095673197521023
2.224448897795591 9.135924268206388 0.2540954550071106 3.7291662330449427 1.7612424215409739 -3.269094593518158 -1.85141862867102 12.675830844770875 19.33477494266579 33.22337024669496 15.300357474740345 17.813373981219996 7.0954409610771725 11.471893527804685 -1.29941785141484 1.67061491531016 18.303773763414036 6.14041862590842 9.948464369520842 0.3353514071200969 3.9576548925413846 19.83588047284062 -2.4248462406930216 5.708242802787602 1.2558302781778075 -8.218081971433653 -6.068592675943963 -9.578370651906825 -0.5246516222203823
2.284569138276553 9.217790904249288 0.3359620910500105 3.8110328690878426 1.8431090575838738 -3.1872279574752582 -1.76955199262812 12.757697480813775 19.416641578708685 33.30523688273786 15.382224110783245 17.895240617262896 7.177307597120072 11.553760163847585 -1.21755121537194 1.7524815513530598 18.385640399456936 6.22228526195132 10.030331005563724 0.4172180431629968 4.0395215285842845 19.91774710888352 -2.3429796046501217 5.790109438830502 1.3376969142207074 -8.136215335390753 -5.986726039901063 -9.496504015863925 -0.4427849861774824
2.344689378757515 9.297149905546789 0.4153210923474937 3.8903918703853435 1.922468058881357 -3.1078689561777573 -1.6901929913306368 12.837056482111258 19.49600058000618 33.384595884035356 15.461583112080746 17.97459961856038 7.256666598417573 11.633119165145068 -1.138192214074457 1.831840552650543 18.464999400754436 6.3016442632488205 10.109690006861225 0.4965770444604978 4.118880529881785 19.997106110181004 -2.2636206033526207 5.869468440127985 1.4170559155182083 -8.056856334093252 -5.907367038603562 -9.417145014566424 -0.36342598487998146
2.4048096192384767 9.374216432739733 0.4923876195404553 3.967458397578305 1.9995345860743186 -3.0308024289847957 -1.6131264641376752 12.91412300930422 19.57306710719914 33.46166241122831 15.53864963927369 18.05166614575334 7.333733125610535 11.71018569233803 -1.0611256868814953 1.9089070798435046 18.542065927947398 6.378710790441782 10.186756534054187 0.5736435716534416 4.195947057074729 20.074172637373966 -2.186554076159677 5.946534967320947 1.4941224427111521 -7.979789806900292 -5.8303005114106 -9.34007848737348 -0.28635945768701987
2.464929859719439 9.449179164746777 0.5673503515474998 4.04242112958535 2.074497318081363 -2.955839696977751 -1.5381637321306307 12.989085741311264 19.648029839206185 33.536625143235355 15.613612371280734 18.126628877760385 7.408695857617579 11.785148424345074 -0.9861629548744508 1.9838698118505491 18.617028659954443 6.453673522448827 10.261719266061231 0.6486063036604861 4.270909789081774 20.14913536938101 -2.1115913441526324 6.021497699327991 1.5690851747181966 -7.904827074893247 -5.755337779403556 -9.265115755366436 -0.21139672567997536
2.5250501002004007 9.522201564139827 0.6403727509405499 4.115443528978382 2.1475197174743954 -2.882817297584719 -1.4651413327375806 13.062108140704314 19.721052238599228 33.6096475426284 15.686634770673784 18.199651277153436 7.481718257010612 11.858170823738124 -0.9131405554814007 2.0568922112435812 18.690051059347475 6.526695921841859 10.334741665454263 0.7216287030535362 4.343932188474824 20.222157768774053 -2.0385689447595823 6.0945200987210235 1.6421075741112467 -7.831804675500215 -5.6823153800105235 -9.192093355973386 -0.13837432628694302
2.5851703406813624 9.593431233672938 0.7116024204736604 4.1866731985114924 2.218749387007506 -2.8115876280516083 -1.3939116632044701 13.133337810237425 19.79228190813234 33.68087721216151 15.757864440206895 18.270880946686546 7.552947926543722 11.929400493271235 -0.8419108859482902 2.1281218807766917 18.761280728880585 6.5979255913749695 10.405971334987374 0.7928583725866467 4.415161858007934 20.293387438307164 -1.9673392752264718 6.165749768254134 1.7133372436443572 -7.760575005967104 -5.611085710477413 -9.120863686440275 -0.06714465675383252
2.6452905811623246 9.663141244858373 0.7813124316590958 4.256383209696928 2.2884593981929413 -2.741877616866173 -1.3242016520190347 13.20304782142286 19.861991919317774 33.75058722334695 15.82757445139233 18.34059095787198 7.622657937729158 11.99911050445667 -0.7722008747628548 2.197831891962145 18.83099074006602 6.667635602560405 10.47568134617281 0.8625683837720821 4.48487186919337 20.3630974494926 -1.8976292640410364 6.235459779439569 1.7830472548297926 -7.690864994781669 -5.541375699291978 -9.05115367525484 0.0025653544316028842
2.7054108216432864 9.731094618348344 0.8492658051490665 4.324336583186916 2.3564127716829297 -2.6739242433762023 -1.256248278529064 13.27100119491283 19.92994529280775 33.818540596836925 15.8955278248823 18.408544331361952 7.690611311219128 12.06706387794664 -0.7042475012728842 2.2657852654521156 18.89894411355601 6.735588976050393 10.543634719662798 0.9305217572620528 4.55282524268334 20.431050822982577 -1.8296758905510657 6.303413152929558 1.8510006283197633 -7.6229116212916805 -5.473422325801989 -8.98320030176487 0.07051872792157354
2.7655310621242486 9.797656059327036 0.9158272461277583 4.390898024165608 2.4229742126616216 -2.6073628023974926 -1.1896868375503722 13.337562635891523 19.996506733786443 33.885102037815614 15.962089265860993 18.475105772340644 7.757172752197838 12.133625318925333 -0.6376860602941923 2.3323467064308074 18.9655055545347 6.802150417029085 10.61019616064149 0.9970831982407447 4.619386683662032 20.49761226396127 -1.7631144495723738 6.36997459390825 1.9175620692984552 -7.556350180312989 -5.406860884823297 -8.916638860786177 0.13708016890028318
2.8256513026052104 9.862906221791388 0.9810774085921103 4.45614818662996 2.4882243751259736 -2.5421126399331406 -1.1244366750860202 13.402812798355875 20.061756896250795 33.950352200279966 16.027339428325345 18.540355934805003 7.82242291466219 12.198875481389685 -0.5724358978298403 2.3975968688951594 19.030755716999053 6.867400579493437 10.675446323105842 1.0623333607050967 4.684636846126384 20.56286242642562 -1.6978642871080218 6.435224756372602 1.9828122317628072 -7.491100017848637 -5.341610722358945 -8.851388698321825 0.20233033136463519
2.885771543086172 9.9269277220764 1.0450989088771223 4.520169686914972 2.5522458754109856 -2.4780911396481464 -1.0604151748010082 13.466834298640887 20.125778396535807 34.01437370056498 16.091360928610356 18.604377435090008 7.886444414947184 12.262896981674697 -0.5084143975448283 2.4616183691801714 19.094777217284047 6.931422079778449 10.739467823390854 1.1263548609901086 4.748658346411396 20.626883926710633 -1.6338427868230099 6.499246256657614 2.046833732047819 -7.427078517563625 -5.277589222073933 -8.787367198036813 0.2663518316496294
2.9458917835671343 9.989801133739142 1.107972320539865 4.583043098577697 2.6151192870737283 -2.4152177279854037 -0.9975417631382655 13.52970771030363 20.188651808198543 34.07724711222772 16.1542343402731 18.66725084675275 7.949317826609927 12.32577039333744 -0.44554098588208557 2.524491780842914 19.15765062894679 6.994295491441174 10.802341235053596 1.1892282726528514 4.811531758074139 20.68975733837337 -1.5709693751602671 6.562119668320356 2.109707143710562 -7.3642051059009 -5.214715810411208 -8.72449378637407 0.32922524331237213
3.006012024048096 10.05160306618059 1.1697742529813127 4.6448450310191625 2.676921219515176 -2.353415795543956 -0.9357398306968179 13.591509642745077 20.250453740639998 34.13904904466917 16.216036272714547 18.7290527791942 8.011119759051375 12.387572325778887 -0.38373905344063797 2.5862937132843618 19.219452561388238 7.0560974238826395 10.864143167495044 1.251030205094299 4.873333690515587 20.751559270814823 -1.5091674427188195 6.623921600761804 2.1715090761520095 -7.302403173459434 -5.152913877969743 -8.662691853932623 0.39102717575381973
3.066132264529058 10.112405204866572 1.2305763916672952 4.705647169705127 2.7377233582011584 -2.2926136568579736 -0.8749376920108354 13.65231178143106 20.31125587932597 34.19985118335515 16.27683841140053 18.78985491788018 8.071921897737358 12.44837446446487 -0.32293691475465547 2.6470958519703442 19.28025470007422 7.116899562568604 10.924945306181026 1.3118323437802815 4.934135829201569 20.812361409500795 -1.448365304032837 6.6847237394477865 2.232311214837992 -7.24160103477347 -5.092111739283778 -8.60188971524664 0.45182931443980223
3.12625250501002 10.172273864640449 1.2904450514411714 4.765515829479003 2.797592017975017 -2.2327449970840973 -0.8150690322369591 13.712180441204936 20.371124539099846 34.25971984312902 16.336707071174406 18.84972357765405 8.131790557511234 12.508243124238728 -0.26306825498077924 2.7069645117442027 19.340123359848096 7.1767682223424805 10.984813965954885 1.3717010035541577 4.994004488975445 20.87223006927467 -1.3884966442589608 6.744592399221645 2.2921798746118682 -7.181732374999593 -5.032243079509902 -8.542021055472764 0.5116979742136785
3.186372745490982 10.231284250704604 1.349455437505327 4.824526215543177 2.85660240403919 -2.173734611019924 -0.7560586461728036 13.771190827269091 20.430134925164012 34.318730229193186 16.39571745723856 18.908733963718213 8.190800943575407 12.567253510302901 -0.2040578689166237 2.765974897808376 19.39913374591227 7.235778608406654 11.043824352019058 1.4307113896183132 5.053014875039601 20.931240455338838 -1.3294862581948053 6.803602785285818 2.3511902606760238 -7.12272198893542 -4.973232693445729 -8.483010669408609 0.570708360277834
3.2464929859719436 10.28945670053929 1.4076278873400128 4.882698665377845 2.914774853873876 -2.115562161185256 -0.6978861963381178 13.829363277103777 20.48830737499869 34.37690267902786 16.453889907073247 18.9669064135529 8.248973393410076 12.625425960137587 -0.14588541908193786 2.824147347643062 19.457306195746945 7.293951058241322 11.101996801853726 1.488883839452999 5.111187324874287 20.989412905173516 -1.2713138083601194 6.861775235120504 2.4093627105107096 -7.064549539100752 -4.915060243611061 -8.424838219573923 0.6288808101125198
3.306613226452906 10.346870387624847 1.4650415744255518 4.940112352463402 2.972188540959415 -2.058148474099699 -0.6404725092525787 13.886776964189316 20.545721062084237 34.434316366113414 16.511303594158804 19.024320100638445 8.306387080495632 12.682839647223126 -0.08847173199638103 2.881561034728601 19.514719882832495 7.351364745326879 11.159410488939283 1.546297526538556 5.168601011959844 21.046826592259062 -1.2139001212745626 6.919188922206043 2.4667763975962664 -7.007135852015195 -4.857646556525504 -8.367424532488366 0.6862944971980767
3.3667334669338675 10.403569586842867 1.5217407736435717 4.9968115516814215 3.028887740177435 -2.0014492748816792 -0.5837733100345588 13.943476163407336 20.602420261302257 34.49101556533143 16.568002793376806 19.081019299856468 8.363086279713652 12.739538846441146 -0.03177253277837888 2.938260233946621 19.571419082050504 7.408063944544899 11.216109688157303 1.6029967257565758 5.225300211177846 21.103525791477082 -1.1572009220565427 6.975888121424063 2.5234755968142686 -6.950436652797175 -4.800947357307484 -8.310725333270346 0.7429936964160966
3.4268537074148293 10.459596468957475 1.5777676557581977 5.0528384337960475 3.084914622292061 -1.9454223927670533 -0.5277464279199329 13.999503045521962 20.658447143416883 34.54704244744605 16.624029675491432 19.137046181971083 8.41911316182826 12.795565728555772 0.02425434933624704 2.9942871160612468 19.627445964165133 7.4640908266595245 11.272136570271929 1.659023607871184 5.281327093292472 21.15955267359171 -1.1011740399419345 7.031915003538689 2.5795024789288945 -6.894409770682549 -4.744920475192858 -8.254698451155738 0.7990205785307047
