web/models/mosfit_kne/mosfit_kn_3.0000/mosfit_kn_0.051209_0.0457_3.0000.dat
# %ECSV 1.0
# ---
# datatype:
# - {name: time, datatype: float64}
# - {name: PS1_g, datatype: float64}
# - {name: PS1_i, datatype: float64}
# - {name: PS1_r, datatype: float64}
# - {name: PS1_w, datatype: float64}
# - {name: PS1_y, datatype: float64}
# - {name: PS1_z, datatype: float64}
# - {name: swift_uvot_B, datatype: float64}
# - {name: swift_uvot_U, datatype: float64}
# - {name: swift_uvot_uvm2, datatype: float64}
# - {name: swift_uvot_uvw1, datatype: float64}
# - {name: swift_uvot_uvw2, datatype: float64}
# - {name: swift_uvot_V, datatype: float64}
# - {name: johnson_B, datatype: float64}
# - {name: johnson_I, datatype: float64}
# - {name: johnson_R, datatype: float64}
# - {name: johnson_U, datatype: float64}
# - {name: johnson_V, datatype: float64}
# - {name: sdss_g, datatype: float64}
# - {name: sdss_i, datatype: float64}
# - {name: sdss_r, datatype: float64}
# - {name: sdss_u, datatype: float64}
# - {name: sdss_z, datatype: float64}
# - {name: ATLAS_c, datatype: float64}
# - {name: ATLAS_o, datatype: float64}
# - {name: ukirt_H, datatype: float64}
# - {name: ukirt_J, datatype: float64}
# - {name: ukirt_K, datatype: float64}
# - {name: Clear, datatype: float64}
# meta: !!omap
# - comment: [kappa = 3.0, type = rprocess, mass = 0.051209162050732976, velocity = 0.04566666666666669, theta_obs = 0.0, tfloor = 1000.0]
# schema: astropy-2.0
time PS1_g PS1_i PS1_r PS1_w PS1_y PS1_z swift_uvot_B swift_uvot_U swift_uvot_uvm2 swift_uvot_uvw1 swift_uvot_uvw2 swift_uvot_V johnson_B johnson_I johnson_R johnson_U johnson_V sdss_g sdss_i sdss_r sdss_u sdss_z ATLAS_c ATLAS_o ukirt_H ukirt_J ukirt_K Clear
[from data line 113]
6.853707414829659 -11.559541040019816 -13.419524144600405 -12.755758263055803 -12.709141061951996 -13.921007353482509 -13.745664540759357 -10.750751393007036 -10.043870891996018 -5.637499913073472 -8.096120534988263 -6.139525027165135 -12.170968895470235 -10.846362398180908 -14.016851448028593 -13.160429912640225 -10.13237115751161 -12.247946517317912 -11.379677249948479 -13.41157732064211 -12.745218325207333 -9.25788454018969 -13.798678479146034 -12.095826170267205 -13.08716087463118 -14.177060298265756 -14.164624396481498 -14.030461533064978 -12.946451908361265
6.913827655310621 -11.54003160839336 -13.413108454917868 -12.744122856424198 -12.69893513763602 -13.919884803119658 -13.742462962865911 -10.726666020937092 -10.009283044040522 -5.579039697322357 -8.058506594376755 -6.100484654559612 -12.154937643751726 -10.823083042700986 -14.011980109332775 -13.15050789386354 -10.099511876316384 -12.232545409545244 -11.359010887877616 -13.405019806478098 -12.733418097276772 -9.224203211867135 -13.796086504062846 -12.080436240399415 -13.078335317480185 -14.183392706076406 -14.167572967922036 -14.039051093162145 -12.938858084655891
6.973947895791583 -11.52033111088647 -13.406508886659037 -12.732299592503153 -12.688560269680647 -13.918584768827884 -13.73908092123905 -10.702383579579735 -9.974491478929064 -5.520384050744219 -8.020808576639169 -6.061423569240731 -12.13871221317807 -10.799611333521714 -14.006927113876674 -13.140403325912892 -10.066448422986582 -12.216953474531545 -11.338152609296142 -13.398278258255338 -12.72142884511334 -9.190315415658432 -13.793315676201328 -12.06486532779623 -13.069329303724189 -14.189561145579733 -14.170351219489097 -14.047481333775432 -12.931104445320454
7.034068136272545 -11.500475699421084 -13.399750210803631 -12.720317791483229 -12.67804444628176 -13.917127396785318 -13.735540379193587 -10.6779442034635 -9.939545427761036 -5.461602906868975 -7.98307824261272 -6.0223936612195175 -12.122325748603526 -10.77598671270055 -14.001715885034127 -13.130144046450233 -10.033228538768572 -12.201203313913103 -11.317139571015176 -13.391377570951875 -12.70928003250905 -9.156269607946559 -13.790387428439832 -12.049145988142822 -13.060169705874234 -14.19557924969874 -14.172975739073317 -14.055763921548843 -12.923216672350435
7.0941883767535066 -11.480448268030017 -13.392822039144718 -12.708164397875663 -12.66737528055586 -13.915504995175372 -13.731832585826265 -10.65332843957312 -9.904420016435225 -5.4026591278483265 -7.94528921394388 -5.983366795567257 -12.105762937797994 -10.75219015463912 -13.996336823541508 -13.119717891706799 -9.999828247034614 -12.185279947346837 -11.295954072539125 -13.384307284216845 -12.696958518299137 -9.122041388502726 -13.787293323789083 -12.033263223847683 -13.050844912555153 -14.201443130488334 -14.175440910462472 -14.063896126687643 -12.91518369377199
7.154308617234468 -11.46024187311383 -13.385720662830174 -12.695834423027534 -12.65654808755027 -13.913715146510395 -13.727954616041309 -10.628528211657297 -9.869104540984086 -5.343536116408212 -7.907430174676868 -5.944330330356035 -12.089017701379891 -10.728213799743273 -13.990786599862084 -13.109120312728237 -9.96623728025477 -12.169177462306456 -11.274588883335888 -13.37706365471476 -12.684459271086936 -9.087620283325801 -13.784030589997212 -12.017211110362389 -13.041350636728968 -14.20715219901888 -14.177745312920036 -14.071877920769483 -12.907001451297209
7.214428857715431 -11.439882976005098 -13.37846439510205 -12.683349442141711 -12.64558343524726 -13.911772840844225 -13.723922766565213 -10.603572839780846 -9.833634827929352 -5.28428447994781 -7.869538494067996 -5.905321311407143 -12.07211436012048 -10.704086467741071 -13.985082558827894 -13.098371818290026 -9.93249040388542 -12.152919787186834 -11.253071184417944 -13.369665084786497 -12.671803970708773 -9.053041573068157 -13.780615141843171 -12.001013517086907 -13.031706690252118 -14.21271675725947 -14.179901375416078 -14.079718191004156 -12.898688839887882
7.274549098196393 -11.419338053103107 -13.371031941825677 -12.670683291316909 -12.634456514197137 -13.909661724776399 -13.719718741236235 -10.578424511200499 -9.79796321939606 -5.224834353867272 -7.83156425510672 -5.8662877500617086 -12.055022624770448 -10.679771132651336 -13.979204851759832 -13.087447878015325 -9.89854157855665 -12.136477244062823 -11.231366369729265 -13.362090148095334 -12.658966293187337 -9.018258440188536 -13.777029259661244 -11.984640798874562 -13.021889563357938 -14.218127436905695 -14.181896556511687 -14.087409692914983 -12.890223500489295
7.3346693386773545 -11.398635299775979 -13.363442719716172 -12.657858901195542 -12.623189166985735 -13.907397634718244 -13.715359784469037 -10.55311450300681 -9.762128006250332 -5.165239949189718 -7.793547323051726 -5.827269214657388 -12.037768385912752 -10.655298529472027 -13.973171851704198 -13.076370270660142 -9.864427951655507 -12.119875298787457 -11.209503410239776 -13.35435835733481 -12.645969282476859 -8.983308588169674 -13.773289775700626 -11.968118355201867 -13.011920283972565 -14.22339502052944 -14.18374393203546 -14.0949616830685 -12.881625471924742
7.394789579158316 -11.377748049933558 -13.35567991538431 -12.644855534856951 -12.611761771055345 -13.904967740953307 -13.710831499207217 -10.52761268701672 -9.726091121127194 -5.105445352560898 -7.755448022396099 -5.788224276356772 -12.020327574924583 -10.630639175306737 -13.966967911910253 -13.06511958679452 -9.830112759028797 -12.103090383124416 -11.187454767220615 -13.346452792577104 -12.632792070312586 -8.948154621914828 -13.769382760169222 -11.951422658921924 -13.001780265656109 -14.228512320031877 -14.185433750396415 -14.102368690991243 -12.872877116287107
7.454909819639278 -11.356727379207534 -13.347778014284355 -12.631714312762803 -12.60021338567622 -13.902399767948896 -13.706164270404813 -10.501975974316597 -9.689922762239078 -5.045550784270286 -7.717339079725853 -5.749225813154663 -12.00274692115044 -10.605848929038459 -13.960625543688831 -13.053734743012619 -9.795664033251807 -12.086168405269271 -11.165272983651402 -13.338408120369625 -12.61947599610366 -8.912865633073217 -13.765337813536647 -11.934599479226495 -12.991507010154582 -14.233497495158092 -14.186988513701378 -14.109645980598964 -12.864014079755819
7.51503006012024 -11.335514057124474 -13.339698664593325 -12.618388554693976 -12.588499805111635 -13.89966383470263 -13.701324883188235 -10.476137788735358 -9.653539562123417 -4.985435119362481 -7.679134003114321 -5.710184900408798 -11.984972676746814 -10.58086257650649 -13.954108874261603 -13.042171868224017 -9.761001153702288 -12.069056675134531 -11.142896980325485 -13.33018576226685 -12.605974100025499 -8.877359661671491 -13.761122712766625 -11.917596261567773 -12.981058405197867 -14.238332665514937 -14.188384889814463 -14.116779319470288 -12.85499640745364
7.575150300601202 -11.31415631511869 -13.331474440641955 -12.604917098633894 -12.576657895343732 -13.896786129455485 -13.696342039399578 -10.450151873890665 -9.617007804825288 -4.925192951038542 -7.640901268069342 -5.671170026501681 -11.967048978246606 -10.555732863292796 -13.947448612921171 -13.030467715370222 -9.726188362834478 -12.051798550777766 -11.120376373803342 -13.321818463636781 -12.592325428073554 -8.84170195208565 -13.756765417718224 -11.900456218505955 -12.970469865876524 -14.243034978736356 -14.189644131091457 -14.12378311752345 -12.845857733161967
7.635270541082164 -11.292607274671429 -13.32307510211173 -12.591263066034202 -12.56465279386818 -13.893743169324786 -13.691189595138269 -10.423965486672923 -9.580261357068593 -4.8647281301762595 -7.602572602686948 -5.632110949882726 -11.94893330185095 -10.530408148903273 -13.940616498652798 -13.018587661846823 -9.691161714110994 -12.034352363271255 -11.097662811478823 -13.313275803455848 -12.578492875116627 -8.805827484084965 -13.752240579345294 -11.883137815403604 -12.959708173437416 -14.2475905403883 -14.190747986231179 -14.130646398156637 -12.836566601416113
7.695390781563126 -11.270916740470902 -13.314534233070798 -12.577466531945891 -12.552522494126865 -13.890561915476312 -13.685897119489194 -10.397634150690493 -9.543368738815143 -4.8041384586854035 -7.564218483998211 -5.5930780730154375 -11.930671221128232 -10.504942912173355 -13.93364418036849 -13.006569611701686 -9.655987615045422 -12.016762872199783 -11.07480753362406 -13.304591543130506 -12.564516734297015 -8.76980370763686 -13.747576994997956 -11.865685639180743 -12.948809842912041 -14.252016924486009 -14.191718291983689 -14.137383890962328 -12.827157640724565
7.755511022044088 -11.249025275877269 -13.305813259187556 -12.56348059236732 -12.540222696978596 -13.887212282837815 -13.680431182761623 -10.371091063447164 -9.506246361585102 -4.743302789578705 -7.5257530570410225 -5.553983514570632 -11.912208740248921 -10.479271745185613 -13.926495571061654 -12.99436950223691 -9.620585211951617 -11.998977162350302 -11.051749254713688 -13.295726881345544 -12.55034981397408 -8.733548416705386 -13.742742235861627 -11.848046982229121 -12.937732579204546 -14.256296106117146 -14.192531543062168 -14.14398124156209 -12.817590856160663
7.8156312625250495 -11.226995906983586 -13.296954469227202 -12.549355834444853 -12.52780129613793 -13.883728088977332 -13.674828939583321 -10.344406572154263 -9.468981200095872 -4.682345474440182 -7.487265448359022 -5.514916443555261 -11.89360348767255 -10.453463642832567 -13.919210482564132 -12.98203512853312 -9.585038779685917 -11.981051810190467 -11.02855283706111 -13.286724333617528 -12.53604298355846 -8.697147224738728 -13.737772465898566 -11.830278179146791 -12.926522400506535 -14.260449881359436 -14.19321499564054 -14.150456599824624 -12.807909825095152
7.875751503006012 -11.20476750178593 -13.28791812994396 -12.535043977555915 -12.515212740960138 -13.880078319318052 -13.669055938869477 -10.317511978338729 -9.431487335315847 -4.62114214360222 -7.448667781810521 -5.475787096762733 -11.874799895747856 -10.427451351447331 -13.911751737385007 -12.969521139042445 -9.54926519991431 -11.962932366612867 -11.005155251557834 -13.277543933639233 -12.521547663836632 -8.6605156202274 -13.732634264870924 -11.812325025285109 -12.915135772844799 -14.264459636024236 -14.19374439989731 -14.156795127469353 -12.7980734366583
7.935871743486974 -11.18239688704115 -13.278742411345803 -12.520590660674511 -12.502500200918085 -13.876293513320306 -13.663145727080579 -10.290470703823946 -9.393843149151966 -4.559804761173399 -7.410040050143731 -5.436675289442427 -11.85584994726008 -10.401297067365135 -13.904155273754057 -12.95687065174014 -9.513340429468393 -11.944669861743511 -10.981614977463643 -13.268224055642257 -12.506909750139599 -8.623730768492699 -13.727360285128736 -11.79423830843005 -12.903614211204548 -14.268345070417661 -14.194144379725644 -14.16301323623271 -12.788120957787523
7.995991983967936 -11.159834233182089 -13.26939500944368 -12.505956578286899 -12.489626647777818 -13.872348514164159 -13.657070328901906 -10.263226711985258 -9.355978492697012 -4.49823175904321 -7.371310815126151 -5.397508004074986 -11.83670835619185 -10.374945953815939 -13.896390884409577 -12.944046776728985 -9.477196611186358 -11.926219937166687 -10.957880630715522 -13.258732204662085 -12.492089688814136 -8.586723665314224 -13.721923399892706 -11.775973894977323 -12.891922316217581 -14.272091207174478 -14.19439533062574 -14.169099051334173 -12.778019014901183
8.056112224448897 -11.137124006065893 -13.25990590520819 -12.491177513830731 -12.476625906172725 -13.868267369393195 -13.650856130859825 -10.235829595273113 -9.317954569837834 -4.436510386593613 -7.332542269963387 -5.358346995009814 -11.817415837182292 -10.348446647901003 -13.888486814830944 -12.931083336030024 -9.440893070375306 -11.90762256506284 -10.933997960435349 -13.249098520472664 -12.477123463817126 -8.549554576916893 -13.716349299770165 -11.757571548116399 -12.880092660601719 -14.275713658420413 -14.194516696640916 -14.175065625794508 -12.767798385980562
8.11623246492986 -11.114222651858547 -13.250246906170737 -12.476219136313453 -12.463465683545554 -13.864028158219135 -13.644478737579089 -10.2082303495589 -9.2797099998681 -4.37455179277505 -7.293672205067487 -5.319128681795146 -11.797932805430282 -10.321751212433504 -13.880416713905898 -12.917948131410572 -9.404370432700404 -11.888838984334187 -10.90992204955569 -13.239294643093391 -12.461976523267104 -8.512163117840998 -13.710614337176317 -11.73899272832477 -12.86809435488026 -14.279199449240368 -14.194491435700767 -14.180902713852033 -12.757430000544101
8.176352705410821 -11.0911677861362 -13.24044344393199 -12.461111760596602 -12.450174618416465 -13.859651315014787 -13.637960553894484 -10.180470907047116 -9.241296479738814 -4.312429565945275 -7.254752955382724 -5.279904822065088 -11.778293727726911 -10.294900773494241 -13.872204551538669 -12.904669825211272 -9.367678817880176 -11.869903035439718 -10.885691593282285 -13.229346137874867 -12.446679351697494 -8.47460020107862 -13.704740330408445 -11.720271085761684 -12.855955007143738 -14.282561904596774 -14.194336102496868 -14.186621483758406 -12.746939922923772
8.236472945891784 -11.06792830765654 -13.230475523620466 -12.44583095398955 -12.436729776084459 -13.85512138207222 -13.631284330788453 -10.152516218247094 -9.202670001114086 -4.250079898635735 -7.215740119092473 -5.24062985550556 -11.758470362659256 -10.26786106838339 -13.863831666617596 -12.89122554217234 -9.330775668015072 -11.85078708316089 -10.861274504078615 -13.219232888842889 -12.431207353664107 -8.436822532619335 -13.69871057474672 -11.70137916145812 -12.84365268821933 -14.285792050062225 -14.194038774252904 -14.192214942094486 -12.736307559585658
8.296593186372744 -11.044533356327584 -13.220362953924578 -12.430400268010704 -12.423153396008164 -13.850454334199096 -13.624467555211375 -10.124398732568462 -9.163870487300994 -4.1875594717253 -7.176673928498261 -5.2013433054700755 -11.738489444281878 -10.24066392906079 -13.855316746674202 -12.87763756798163 -9.293699701787627 -11.831517381745902 -10.836700748809207 -13.208974807317428 -12.415584211216029 -8.398869439822203 -13.69254210727501 -11.682343050378172 -12.831208872509343 -14.28890040261498 -14.193612447420827 -14.197691950868093 -12.725553167546408
8.356713426853707 -11.020959562023034 -13.210090821535303 -12.414801410768117 -12.40942834372408 -13.84563871443321 -13.617497404763839 -10.096092067813835 -9.124864725850674 -4.124820047190474 -7.137521009463921 -5.1620107607927 -11.718329772694524 -10.213283584762948 -13.846645895792335 -12.863888809022558 -9.2564188113239 -11.812073201435494 -10.811946205837213 -13.198556887803363 -12.39979150614463 -8.360708250371971 -13.686222522909901 -11.663142168473968 -12.818607186245892 -14.291880452916777 -14.193048362072263 -14.20304751505652 -12.714661403336613
8.41683366733467 -10.997211313814255 -13.199662549752738 -12.399038198989416 -12.395558290577462 -13.840677541682354 -13.610377056671528 -10.067600948639257 -9.08565818805318 -4.061868916937786 -7.098286936019491 -5.1226369475250735 -11.697995481542478 -10.185724722300037 -13.837822422295247 -12.84998297677615 -9.21893834892509 -11.792458644036648 -10.787015348817182 -13.187982564595089 -12.38383306453727 -8.3223443729295 -13.67975495730514 -11.64378060447028 -12.805851249919673 -14.294734658215889 -14.192349229225465 -14.208283928398265 -12.703635732881615
