web/models/mosfit_kne/mosfit_kn_3.0000/mosfit_kn_0.005245_0.4687_3.0000.dat
# %ECSV 1.0
# ---
# datatype:
# - {name: time, datatype: float64}
# - {name: PS1_g, datatype: float64}
# - {name: PS1_i, datatype: float64}
# - {name: PS1_r, datatype: float64}
# - {name: PS1_w, datatype: float64}
# - {name: PS1_y, datatype: float64}
# - {name: PS1_z, datatype: float64}
# - {name: swift_uvot_B, datatype: float64}
# - {name: swift_uvot_U, datatype: float64}
# - {name: swift_uvot_uvm2, datatype: float64}
# - {name: swift_uvot_uvw1, datatype: float64}
# - {name: swift_uvot_uvw2, datatype: float64}
# - {name: swift_uvot_V, datatype: float64}
# - {name: johnson_B, datatype: float64}
# - {name: johnson_I, datatype: float64}
# - {name: johnson_R, datatype: float64}
# - {name: johnson_U, datatype: float64}
# - {name: johnson_V, datatype: float64}
# - {name: sdss_g, datatype: float64}
# - {name: sdss_i, datatype: float64}
# - {name: sdss_r, datatype: float64}
# - {name: sdss_u, datatype: float64}
# - {name: sdss_z, datatype: float64}
# - {name: ATLAS_c, datatype: float64}
# - {name: ATLAS_o, datatype: float64}
# - {name: ukirt_H, datatype: float64}
# - {name: ukirt_J, datatype: float64}
# - {name: ukirt_K, datatype: float64}
# - {name: Clear, datatype: float64}
# meta: !!omap
# - comment: [kappa = 3.0, type = rprocess, mass = 0.005244756555828381, velocity = 0.4686666666666667, theta_obs = 0.0, tfloor = 1000.0]
# schema: astropy-2.0
time PS1_g PS1_i PS1_r PS1_w PS1_y PS1_z swift_uvot_B swift_uvot_U swift_uvot_uvm2 swift_uvot_uvw1 swift_uvot_uvw2 swift_uvot_V johnson_B johnson_I johnson_R johnson_U johnson_V sdss_g sdss_i sdss_r sdss_u sdss_z ATLAS_c ATLAS_o ukirt_H ukirt_J ukirt_K Clear
[from data line 116]
7.034068136272545 9.709340886880202 0.8275120736809249 4.302582851718757 2.334659040214788 -2.695677974844344 -1.2780020099972056 13.24924746344469 19.9081915613396 33.79678686536878 15.87377409341416 18.38679059989381 7.668857579750987 12.0453101464785 -0.7260012327410257 2.244031533983974 18.87719038208785 6.713835244582234 10.521880988194656 0.9087680257939112 4.531071511215199 20.409297091514425 -1.8514296220192072 6.281659421461416 1.8292468968516218 -7.64466535275984 -5.4951760572701485 -9.00495403323301 0.04876499645343202
7.0941883767535066 9.73477171314217 0.8529428999428923 4.328013677980742 2.3600898664767556 -2.6702471485823587 -1.2525711837352382 13.274678289706657 19.933622387601577 33.82221769163075 15.899204919676126 18.412221426155778 7.694288406012972 12.070740972740467 -0.7005704064790583 2.2694623602459414 18.902621208349835 6.739266070844219 10.547311814456624 0.9341988520558786 4.556502337477166 20.434727917776403 -1.82599879575724 6.307090247723384 1.8546777231135891 -7.619234526497855 -5.469745231008163 -8.979523206971043 0.07419582271539937
7.154308617234468 9.760081441387172 0.8782526281878944 4.353323406225744 2.3853995947217577 -2.6449374203373743 -1.2272614554902361 13.299988017951659 19.95893211584658 33.84752741987575 15.924514647921129 18.43753115440078 7.719598134257956 12.096050700985469 -0.6752606782340562 2.2947720884909435 18.92793093659482 6.764575799089221 10.572621542701626 0.9595085803008807 4.581812065722168 20.460037646021405 -1.8006890675122378 6.332399975968386 1.8799874513585912 -7.593924798252853 -5.444435502763161 -8.954213478726041 0.09950555096040148
7.214428857715431 9.785273648417583 0.9034448352182878 4.378515613256138 2.410591801752151 -2.619745213306963 -1.2020692484598428 13.325180224982052 19.984124322876973 33.872719626906154 15.94970685495154 18.46272336143119 7.744790341288367 12.121242908015862 -0.6500684712036451 2.319964295521337 18.95312314362523 6.789768006119615 10.597813749732019 0.9847007873312918 4.6070042727525795 20.4852298530518 -1.7754968604818266 6.357592182998779 1.9051796583890024 -7.568732591222459 -5.419243295732768 -8.92902127169563 0.12469775799081262
7.274549098196393 9.810351440399696 0.9285226272004188 4.403593405238269 2.435669593734282 -2.594667421324832 -1.1769914564777118 13.350258016964183 20.009202114859104 33.897797418888274 15.974784646933653 18.48780115341331 7.769868133270498 12.146320699997993 -0.6249906792215318 2.345042087503468 18.97820093560736 6.814845798101746 10.62289154171415 1.0097785793134229 4.632082064734693 20.51030764503393 -1.7504190684996956 6.38266997498091 1.9302574503711156 -7.543654799240328 -5.394165503750637 -8.903943479713499 0.14977554997294362
7.3346693386773545 9.835317670730035 0.9534888575307576 4.42855963556859 2.460635824064621 -2.569701190994511 -1.152025226147373 13.375224247294522 20.034168345189435 33.9227636492186 15.999750877263992 18.512767383743643 7.7948343636008195 12.171286930328332 -0.600024448891193 2.3700083178338067 19.003167165937683 6.839812028432067 10.647857772044471 1.034744809643744 4.657048295065032 20.53527387536426 -1.7254528381693746 6.407636205311249 1.9552236807014545 -7.518688568910007 -5.369199273420316 -8.878977249383178 0.1747417803032647
7.394789579158316 9.8601754449375 0.9783466317382228 4.453417409776055 2.4854935982720683 -2.544843416787046 -1.1271674519399077 13.400082021501987 20.059026119396897 33.94762142342607 16.024608651471457 18.5376251579511 7.819692137808285 12.196144704535797 -0.5751666746837278 2.394866092041254 19.028024940145148 6.864669802639532 10.672715546251936 1.059602583851209 4.681906069272497 20.560131649571723 -1.7005950639619094 6.432493979518696 1.9800814549089196 -7.493830794702542 -5.344341499212851 -8.854119475175713 0.19959955451072986
7.454909819639278 9.8849271437326 1.0030983305333052 4.478169108571155 2.5102452970671685 -2.5200917179919458 -1.1024157531448253 13.424833720297087 20.083777818191997 33.97237312222117 16.049360350266557 18.5623768567462 7.844443836603385 12.22089640333088 -0.5504149758886276 2.4196177908363543 19.052776638940248 6.889421501434632 10.697467245047036 1.0843542826463093 4.706657768067597 20.584883348366816 -1.6758433651668092 6.457245678313797 2.00483315370402 -7.469079095907442 -5.31958980041775 -8.829367776380613 0.22435125330583006
7.51503006012024 9.909582570702291 1.0277537575030138 4.502824535540864 2.534900724036877 -2.495436291022237 -1.0777603261751167 13.449489147266778 20.1084332451617 33.99702854919087 16.074015777236248 18.58703228371591 7.869099263573093 12.245551830300588 -0.5257595489189368 2.444273217806063 19.077432065909957 6.914076928404341 10.722122672016745 1.1090097096160179 4.731313195037288 20.609538775336524 -1.6511879381971006 6.481901105283505 2.0294885806737106 -7.444423668937733 -5.294934373448042 -8.804712349410904 0.24900668027553863
7.575150300601202 9.934126881931054 1.0522980687317762 4.527368846769608 2.5594450352656395 -2.4708919797934925 -1.0532160149463543 13.47403345849554 20.13297755639045 34.021572860419624 16.09856008846501 18.611576594944662 7.893643574801838 12.27009614152935 -0.5012152376901744 2.4688175290348253 19.1019763771387 6.938621239633085 10.74666698324549 1.1335540208447625 4.75585750626605 20.634083086565276 -1.626643626968356 6.50644541651225 2.054032891902473 -7.4198793577089885 -5.270390062219297 -8.78016803818216 0.2735509915042833
7.635270541082164 9.958573893406317 1.0767450802070222 4.551815858244872 2.5838920467408855 -2.4464449683182288 -1.0287690034711083 13.498480469970787 20.157424567865707 34.04601987189488 16.123007099940256 18.636023606419915 7.918090586277102 12.294543153004597 -0.4767682262149284 2.4932645405100713 19.126423388613965 6.963068251108349 10.771113994720753 1.1580010323200263 4.780304517741296 20.658530098040533 -1.6021966154930922 6.530892427987514 2.078479903377737 -7.395432346233725 -5.245943050744033 -8.755721026706896 0.29799800297954704
7.695390781563126 9.982925329294563 1.101096516095268 4.576167294133118 2.608243482629131 -2.422093532429983 -1.0044175675828626 13.522831905859032 20.181776003753953 34.070371307783134 16.14735853582852 18.660375042308164 7.942442022165348 12.318894588892842 -0.45241679032666493 2.517615976398317 19.15077482450221 6.987419686996595 10.795465430609 1.182352468208272 4.80465595362956 20.68288153392878 -1.5778451796048465 6.555243863875759 2.1028313392659825 -7.371080910345479 -5.221591614855788 -8.73136959081865 0.32234943886779277
7.755511022044088 10.007182659890042 1.1253538466907642 4.600424624728596 2.6325008132246097 -2.3978362018345045 -0.9801602369873663 13.547089236454529 20.206033334349442 34.094628638378616 16.171615866424 18.68463237290364 7.966699352760826 12.34315191948832 -0.4281594597311864 2.5418733069937955 19.17503215509769 7.011677017592073 10.819722761204478 1.2066097988037505 4.828913284225038 20.707138864524268 -1.553587849009368 6.579501194471238 2.127088669861461 -7.3468235797500006 -5.197334284260309 -8.707112260223171 0.3466067694632713
7.8156312625250495 10.031347812045635 1.1495189988463572 4.624589776884189 2.6566659653802027 -2.3736710496789115 -0.9559950848317733 13.571254388610122 20.23019848650503 34.118793790534205 16.19578101857959 18.708797525059236 7.990864504916419 12.367317071643914 -0.4039943075755934 2.5660384591493886 19.199197307253282 7.035842169747666 10.84388791336007 1.2307749509593435 4.853078436380631 20.731304016679857 -1.529422696853775 6.603666346626831 2.151253822017054 -7.3226584275944075 -5.173169132104716 -8.682947108067578 0.3707719216188643
7.875751503006012 10.05542249864849 1.1735936854491946 4.648664463487044 2.680740651983058 -2.3495963630760563 -0.9319203982289359 13.595329075212959 20.25427317310788 34.142868477137064 16.219855705182447 18.732872211662087 8.014939191519275 12.391391758246769 -0.379919620972756 2.5901131457522437 19.223271993856137 7.0599168563505215 10.867962599962926 1.2548496375621987 4.877153122983486 20.755378703282705 -1.5053480102509198 6.627741033229686 2.1753285086199092 -7.298583740991552 -5.149094445501861 -8.658872421464723 0.39484660822171946
7.935871743486974 10.079408232733496 1.1975794195342182 4.67265019757205 2.7047263860680637 -2.3256106289910505 -0.9079346641439123 13.619314809297983 20.278258907192892 34.166854211222066 16.243841439267452 18.756857945747104 8.038924925604281 12.415377492331793 -0.3559338868877324 2.6140988798372673 19.247257727941143 7.083902590435527 10.891948334047932 1.2788353716472045 4.901138857068492 20.779364437367718 -1.481362276165914 6.651726767314692 2.199314242704915 -7.274598006906547 -5.125108711416855 -8.634886687379717 0.4188323423067253
7.995991983967936 10.103306869909794 1.2214780567105166 4.696548834748349 2.72862502324438 -2.301711991814752 -0.884036026967614 13.643213446474281 20.302157544369194 34.190752848398375 16.26774007644375 18.780756582923402 8.06282356278058 12.439276129508091 -0.33203524971143406 2.6379975170135657 19.27115636511744 7.107801227611843 10.915846971224248 1.3027340088235029 4.9250374942447905 20.80326307454402 -1.4574636389896156 6.675625404491008 2.2232128798812134 -7.250699369730248 -5.101210074240557 -8.610988050203419 0.44273097948302365
8.056112224448897 10.1271197907381 1.2452909775388044 4.720361755576654 2.7524379440726676 -2.2778990709864466 -0.8602231061393262 13.667026367302569 20.32597046519749 34.21456576922666 16.29155299727204 18.804569503751697 8.086636483608885 12.463089050336379 -0.30822232888314627 2.6618104378418534 19.294969285945747 7.131614148440131 10.939659892052536 1.3265469296518084 4.948850415073078 20.827075995372315 -1.43365071816131 6.699438325319296 2.247025800709519 -7.226886448901943 -5.077397153412251 -8.587175129375114 0.4665439003113292
8.11623246492986 10.150848473314458 1.2690196601151804 4.7440904381530125 2.7761666266490437 -2.2541703884100883 -0.8364944235629501 13.690755049878945 20.349699147773855 34.23829445180303 16.315281679848415 18.828298186328066 8.110365166185243 12.486817732912755 -0.2844936463067702 2.6855391204182295 19.318697968522105 7.1553428310164895 10.963388574628894 1.3502756122281667 4.972579097649454 20.85080467794868 -1.4099220355849518 6.723167007895672 2.2707544832858773 -7.203157766325584 -5.053668470835893 -8.563446446798755 0.4902725828876875
8.176352705410821 10.17449442332655 1.2926656101272727 4.7677363881651225 2.799812576661136 -2.2305244383979783 -0.8128484735508579 13.714400999891037 20.373345097785958 34.26194040181513 16.338927629860507 18.85194413634017 8.134011116197353 12.510463682924847 -0.26084769629467797 2.7091850704303218 19.342343918534215 7.1789887810285995 10.987034524641004 1.373921562240259 4.996225047661547 20.874450627960783 -1.3862760855728418 6.746812957907764 2.2944004332979695 -7.179511816313474 -5.030022520823783 -8.539800496786645 0.5139185328997975
8.236472945891784 10.198058760178341 1.316229946979064 4.791300725016914 2.823376913512927 -2.206960101546187 -0.7892841366990666 13.737965336742828 20.39690943463775 34.28550473866692 16.362491966712298 18.87550847319196 8.157575453049144 12.534028019776638 -0.2372833594428867 2.732749407282113 19.365908255386007 7.202553117880391 11.010598861492795 1.3974858990920502 5.019789384513338 20.898014964812575 -1.3627117487210683 6.770377294759555 2.3179647701497608 -7.155947479461683 -5.006458183971992 -8.516236159934872 0.5374828697515888
8.296593186372744 10.221542868209585 1.3397140550102904 4.81478483304814 2.8468610215441537 -2.1834759935149606 -0.7658000286678401 13.761449444774055 20.420393542668975 34.308988846698156 16.385976074743542 18.898992581223187 8.181059561080371 12.557512127807865 -0.21379925141166023 2.7562335153133395 19.389392363417233 7.226037225911617 11.034082969524022 1.4209700071232945 5.043273492544582 20.9214990728438 -1.339227640689824 6.793861402790782 2.341448878181005 -7.132463371430457 -4.982974075940765 -8.492752051903627 0.5609669777828152
8.356713426853707 10.244947934889002 1.3631191216897065 4.838189899727556 2.8702660882235698 -2.1600709268355445 -0.742394961988424 13.78485451145347 20.44379860934839 34.332393913377565 16.40938114142294 18.922397647902603 8.204464627759787 12.58091719448728 -0.19039418473224412 2.7796385819927556 19.41279743009665 7.249442292591033 11.057488036203438 1.4443750738027106 5.0666785592239805 20.944904139523217 -1.315822574010408 6.817266469470198 2.364853944860421 -7.1090583047510405 -4.959569009261349 -8.469346985224211 0.5843720444622313
8.41683366733467 10.268274923521119 1.386446110321824 4.861516888359674 2.8935930768556872 -2.136743938203427 -0.7190679733563066 13.808181500085588 20.46712559798051 34.355720902009686 16.432708130055076 18.945724636534717 8.227791616391904 12.604244183119398 -0.16706719610012666 2.802965570624873 19.436124418728767 7.272769281223151 11.080815024835555 1.467702062434828 5.090005547856116 20.968231128155335 -1.2924955853782905 6.840593458102315 2.3881809334925386 -7.085731316118923 -4.936242020629232 -8.446019996592094 0.6076990330943488
8.47695390781563 10.291525038785636 1.4096962255863588 4.884767003624209 2.916843192120222 -2.11349382293891 -0.6958178580917718 13.831431615350123 20.490375713245044 34.37897101727422 16.455958245319593 18.968974751799244 8.251041731656422 12.627494298383933 -0.14381708083559186 2.826215685889408 19.45937453399329 7.296019396487686 11.10406514010009 1.490952177699345 5.113255663120633 20.99148124341987 -1.2692454701137734 6.86384357336685 2.4114310487570556 -7.062481200854388 -4.912991905364697 -8.422769881327577 0.6309491483588658
8.537074148296593 10.31469923219257 1.4328704189932928 4.907941197031143 2.940017385527156 -2.090319629531958 -0.6726436646848377 13.854605808757057 20.513549906651978 34.40214521068115 16.479132438726527 18.992148945206186 8.274215925063373 12.650668491790867 -0.12064288742865781 2.849389879296342 19.48254872740023 7.31919358989462 11.127239333507024 1.5141263711062791 5.136429856527567 21.014655436826803 -1.2460712767068216 6.887017766773784 2.4346052421639897 -7.039307007447454 -4.889817711957763 -8.399595687920625 0.6541233417658177
8.597194388777554 10.337798333661041 1.4559695204617462 4.931040298499596 2.9631164869956095 -2.0672205280635048 -0.6495445632163843 13.87770491022551 20.53664900812043 34.42524431214961 16.502231540194998 19.01524804667464 8.297315026531827 12.67376759325932 -0.09754378596018665 2.8724889807647953 19.50564782886869 7.342292691363073 11.150338434975477 1.5372254725747503 5.159528957996038 21.037754538295257 -1.2229721752383682 6.910116868242238 2.457704343632461 -7.016207905979001 -4.866718610489309 -8.376496586452172 0.677222443234271
8.657314629258517 10.36082338864647 1.4789945754471923 4.954065353485042 2.9861415419810555 -2.0441954730780587 -0.6265195082309383 13.900729965210957 20.559674063105877 34.44826936713505 16.525256595180426 19.038273101660085 8.320340081517273 12.696792648244767 -0.07451873097475836 2.8955140357502414 19.528672883854128 7.365317746348519 11.173363489960924 1.5602505275601786 5.182554012981466 21.060779593280703 -1.19994712025294 6.933141923227684 2.480729398617889 -6.993182850993555 -4.843693555503863 -8.353471531466743 0.7002474982197171
8.71743486973948 10.383775166993772 1.5019463537944944 4.977017131832326 3.0090933203283576 -2.0212436947307744 -0.6035677298836362 13.923681743558259 20.582625841453172 34.47122114548235 16.54820837352773 19.06122488000738 8.343291859864557 12.719744426592069 -0.05156695262745625 2.9184658140975435 19.551624662201426 7.388269524695821 11.196315268308226 1.5832023059074807 5.205505791328768 21.083731371627998 -1.1769953419056378 6.956093701574986 2.503681176965191 -6.97023107264627 -4.820741777156579 -8.330519753119441 0.7231992765670014
