web/models/mosfit_kne/mosfit_kn_3.0000/mosfit_kn_0.268580_0.0457_3.0000.dat
# %ECSV 1.0
# ---
# datatype:
# - {name: time, datatype: float64}
# - {name: PS1_g, datatype: float64}
# - {name: PS1_i, datatype: float64}
# - {name: PS1_r, datatype: float64}
# - {name: PS1_w, datatype: float64}
# - {name: PS1_y, datatype: float64}
# - {name: PS1_z, datatype: float64}
# - {name: swift_uvot_B, datatype: float64}
# - {name: swift_uvot_U, datatype: float64}
# - {name: swift_uvot_uvm2, datatype: float64}
# - {name: swift_uvot_uvw1, datatype: float64}
# - {name: swift_uvot_uvw2, datatype: float64}
# - {name: swift_uvot_V, datatype: float64}
# - {name: johnson_B, datatype: float64}
# - {name: johnson_I, datatype: float64}
# - {name: johnson_R, datatype: float64}
# - {name: johnson_U, datatype: float64}
# - {name: johnson_V, datatype: float64}
# - {name: sdss_g, datatype: float64}
# - {name: sdss_i, datatype: float64}
# - {name: sdss_r, datatype: float64}
# - {name: sdss_u, datatype: float64}
# - {name: sdss_z, datatype: float64}
# - {name: ATLAS_c, datatype: float64}
# - {name: ATLAS_o, datatype: float64}
# - {name: ukirt_H, datatype: float64}
# - {name: ukirt_J, datatype: float64}
# - {name: ukirt_K, datatype: float64}
# - {name: Clear, datatype: float64}
# meta: !!omap
# - comment: [kappa = 3.0, type = rprocess, mass = 0.2685795883840597, velocity = 0.04566666666666669, theta_obs = 0.0, tfloor = 1000.0]
# schema: astropy-2.0
time PS1_g PS1_i PS1_r PS1_w PS1_y PS1_z swift_uvot_B swift_uvot_U swift_uvot_uvm2 swift_uvot_uvw1 swift_uvot_uvw2 swift_uvot_V johnson_B johnson_I johnson_R johnson_U johnson_V sdss_g sdss_i sdss_r sdss_u sdss_z ATLAS_c ATLAS_o ukirt_H ukirt_J ukirt_K Clear
[from data line 57]
3.4869739478957915 -12.869979615031681 -13.78360978076353 -13.493290291508195 -13.396589833546866 -13.91324187343736 -13.882717324062792 -12.382648613142113 -12.435418623757233 -9.816743881888414 -11.013342044521117 -9.39171586014082 -13.215773419747904 -12.430597180751363 -14.273263989450921 -13.7850793980354 -12.394372329013514 -13.25476811770132 -12.773261023612914 -13.785662094154922 -13.491841970274105 -11.574492781168058 -13.895030818004184 -13.129755969175445 -13.63717992925789 -13.656866387826321 -13.876612806331694 -13.356113597336508 -13.467638547206988
3.5470941883767533 -12.878300592746328 -13.801688009374349 -13.507565803476549 -13.410794895008635 -13.935032202337005 -13.903074467552141 -12.387746919189777 -12.432641049847035 -9.794809495742975 -11.002295789203895 -9.374404685765349 -13.226986794658863 -12.436087489545201 -14.29240965883378 -13.800414549799449 -12.392987362837708 -13.266300765696746 -12.780728076731531 -13.80364020454147 -13.50605173953852 -11.572591952110383 -13.915774174105824 -13.140711144954889 -13.653232229015888 -13.683666013454177 -13.901144856618417 -13.384415087872748 -13.483309403642973
3.6072144288577155 -12.88686026301022 -13.81971559746896 -13.521902295944432 -13.425075672170195 -13.956664485069581 -13.923314788375869 -12.393177718875307 -12.43043131517588 -9.774028353872847 -10.992113900850597 -9.358205831573251 -13.238349822093848 -12.441900507507974 -14.311473938952794 -13.81578121753843 -12.392127561326564 -13.277974969059033 -12.788459113643356 -13.82157057563072 -13.520323891579906 -11.571230678096178 -13.936389907645097 -13.151831234339628 -13.669295918885922 -13.710164530149312 -13.925440568552554 -13.412372563412072 -13.49901787574419
3.6673346693386772 -12.895735846044989 -13.837750236631763 -13.536365185892443 -13.43949649144788 -13.978188723610323 -13.943491279991278 -12.39902484770263 -12.428888813782368 -9.754536419246115 -10.982907567157056 -9.343237009364639 -13.249934251519797 -12.448119114131696 -14.330512297500732 -13.831242514288508 -12.391889671288514 -13.289861709553586 -12.79653306529747 -13.839511106048406 -13.534724026747043 -11.57050682369233 -13.95693017748938 -13.163187772860123 -13.685432565600575 -13.736401396372598 -13.949544170489945 -13.440022326478436 -13.514824833163335
3.727454909819639 -12.9050083194881 -13.855851762921763 -13.551022668432342 -13.454124405717565 -13.999656437345696 -13.96365869683203 -12.405376441424593 -12.428118539103856 -9.736478352884465 -10.974794637429124 -9.32962330587538 -13.261815128116307 -12.454830413584496 -14.349582165529473 -13.846864144734099 -12.392375814397358 -13.302035204058276 -12.805032761643389 -13.857521855768908 -13.549320537434664 -11.570523718759453 -13.977448835967703 -13.17485559435596 -13.70170620326359 -13.7624167290385 -13.973500938422896 -13.467401079785668 -13.530793602957853
3.787575150300601 -12.914784319077768 -13.8740966498019 -13.56596310058503 -13.469046589022415 -14.021132328799055 -13.983886312404099 -12.412349289387922 -12.428261410882744 -9.72005232656246 -10.96793605092719 -9.317538158781872 -13.274090508558551 -12.46214978416669 -14.36875661692791 -13.862730977833817 -12.393722761433523 -13.314592373287189 -12.814067480733975 -13.875679615281236 -13.564202043630917 -11.571419827421678 -13.998013891538488 -13.18693271708522 -13.718199357682295 -13.788259147633111 -13.997366770019768 -13.494552624590044 -13.547006233406158
3.847695390781563 -12.925216044824612 -13.892591171668993 -13.581310800294784 -13.484386098494596 -14.042704863873041 -14.004269498577546 -12.420110979799876 -12.42952185140421 -9.70555072094195 -10.962568771797017 -9.307240199186499 -13.286899390636606 -12.470242740006675 -14.3881367881649 -13.878962100113707 -12.396128555415864 -13.327670541359618 -12.823793445228908 -13.894091138760665 -13.57949324111221 -11.57339573390578 -14.018718816720757 -13.199558399931721 -13.735027596356666 -13.813992855353623 -14.021216849691596 -13.52153389274539 -13.563578206626499
3.9078156312625247 -12.936538062237197 -13.911495720784472 -13.597255243533386 -13.50033099736276 -14.064505804548073 -14.024951108635193 -12.428920847548508 -12.432218788559144 -9.693435418201183 -10.959066690402217 -9.299141360262805 -13.300454856207413 -12.479365352983901 -14.407874817669477 -13.895738631131842 -12.399901750466473 -13.341480152176695 -12.834451716672 -13.9129175899728 -13.59538418985549 -11.576764053390072 -14.03970342840747 -13.212946516394819 -13.752366411561816 -13.839710690515721 -14.04516163388063 -13.548426054886827 -13.580685616462063
3.967935871743487 -12.94901832519015 -13.930992451037199 -13.614012226975998 -13.517095433952733 -14.086684183688316 -14.046093007090352 -12.439075502582028 -12.436717774142085 -9.684237339598546 -10.957858794954163 -9.293714555581033 -13.315000011713007 -12.489810453886964 -14.428143310498928 -13.913266696562136 -12.405395898218796 -13.356261257578497 -12.84631776370258 -13.932342015293901 -13.612091363202232 -11.581883037164147 -14.061126077387875 -13.227341076801213 -13.770415418330764 -13.86551664971577 -14.069325504693369 -13.575319606365975 -13.598528759805415
4.028056112224449 -12.963199838594761 -13.95144491413184 -13.632015542867268 -13.535111121436305 -14.109534568477855 -14.068016461126316 -12.451177695790989 -12.443765954533053 -9.67905140014349 -10.959830399650095 -9.291943696181008 -13.331025539063958 -12.502173086479193 -14.449285944422183 -13.93196007135706 -12.413332895856232 -13.372498297749276 -12.859950305618941 -13.952729825755341 -13.63004990982617 -11.589484314529965 -14.083300751930317 -13.243235473992367 -13.789574897789638 -13.891611694865132 -14.093951795638569 -13.602387445160707 -13.617510959877173
4.0881763527054105 -12.980260892790962 -13.973635941462206 -13.652202682887289 -13.5553123843677 -14.133688068711887 -14.091411276426928 -12.466537182597552 -12.454991491342913 -9.680274078641652 -10.966919858737239 -9.295991371410611 -13.349594059194605 -12.517746227079293 -14.472041855982429 -13.952712353509071 -12.425285108998 -13.391240291600289 -12.87656225909073 -13.974867942556681 -13.650200249488833 -11.60116159654132 -14.10690129008037 -13.261699152598503 -13.81070883926677 -13.918421270748647 -14.11955904958022 -13.629993353490873 -13.63850457879133
4.148296593186372 -13.007247513235747 -14.002223289451123 -13.680164684347691 -13.58327952917275 -14.16288793091569 -14.120374328198206 -12.492992750227511 -12.48015721665789 -9.702319543793706 -10.990798091296838 -9.318924098595772 -13.377050869977857 -12.544268572739753 -14.500805520141437 -13.980850816129166 -12.450677504404243 -13.418751314145661 -12.903408742350813 -14.00343877674576 -13.6781507354155 -11.626468149825637 -14.13592857332075 -13.289123696695206 -13.838966459062743 -13.948450245689726 -14.14921271096789 -13.660270910167627 -13.666719278081736
4.208416833667335 -13.015799402160315 -14.018481439837327 -13.693411845002732 -13.5965563483005 -14.182095895097557 -14.13844173685094 -12.498987329365018 -12.4799428103867 -9.687089970744157 -10.984406110751106 -9.3080044205329 -13.387865092330593 -12.550585374207891 -14.517912848100185 -13.994948282875772 -12.451553822298546 -13.429827070456264 -12.911285963485017 -14.019617400079234 -13.691342240879951 -11.626930843574481 -14.154305465641315 -13.299785557457238 -13.853638016531118 -13.971651915655057 -14.170606552237837 -13.684669966411478 -13.681189956129867
4.268537074148297 -12.997971713094323 -14.01717270179331 -13.68564642983019 -13.58888177596942 -14.187116055058873 -14.141014261243328 -12.475673930037303 -12.443323292730266 -9.618320164466162 -10.934660348210787 -9.248687851284142 -13.37487982187459 -12.527966808431671 -14.518426346955355 -13.989009936009904 -12.417269489055062 -13.417405470443116 -12.892011981739824 -14.018138045701747 -13.683456314069407 -11.591757859789649 -14.15754283756506 -13.286490288601556 -13.848932733531552 -13.985245003519944 -14.180318920764579 -13.700833423021058 -13.676086068753861
4.328657314629258 -12.980031312563103 -14.015649609209326 -13.677703179466292 -13.581065533138066 -14.191890659444848 -14.14335255770304 -12.452276259691601 -12.406705710696446 -9.549798092219003 -10.885154533251296 -9.189851526159977 -13.361742528531295 -12.505265289251572 -14.518716922047396 -13.982888436615745 -12.382968887404086 -13.404832513127756 -12.872634058694903 -14.016445192910965 -13.675391656284361 -11.556571346460647 -14.160543846829672 -13.273067307388775 -13.844040019713262 -13.99855617186146 -14.189765800172578 -13.716704138465728 -13.670840257872747
4.38877755511022 -12.961976376211943 -14.01391453325596 -13.669582913381841 -13.573107660187471 -14.196423513720333 -14.145459887416116 -12.428791182709304 -12.370083308005633 -9.481507426793957 -10.835876620883518 -9.131477048177587 -13.34845282210334 -12.482477779363354 -14.51878735231616 -13.976584980938817 -12.348645964956592 -13.392107888362046 -12.853149998606543 -14.014541174257094 -13.667149083796879 -11.521365068436857 -14.163311891142012 -13.25951571123241 -13.838961311552591 -14.011591121228724 -14.198952024069074 -13.732288400071349 -13.665452874251844
4.448897795591182 -12.943840410128526 -14.011993023056277 -13.661314382464536 -13.565036013588134 -14.200736934730216 -14.147359828983408 -12.40525493805671 -12.33349849421554 -9.413504624522385 -10.786873140418773 -9.07361136318864 -13.335042092851943 -12.459640095983747 -14.518662250417968 -13.970127343198612 -12.31434212060486 -13.379262645405808 -12.83359400067111 -14.01245162600496 -13.658757435432314 -11.486180899856997 -14.165870193480998 -13.245866574457814 -13.833723711890258 -14.024367730338765 -14.207897471638445 -13.747602773449008 -13.659950173184594
4.509018036072144 -12.925549466881936 -14.009839588810049 -13.652841038771637 -13.556793651054555 -14.204796214732305 -14.149013510714727 -12.381584176035194 -12.296844799385802 -9.345626804559227 -10.738014066828843 -9.016105214647329 -13.321444874360317 -12.436670044085986 -14.518299228492399 -13.96346207382041 -12.279954988851085 -13.366232252589343 -12.813889621527021 -14.010130767800373 -13.650159972368119 -11.450914969668684 -14.168181007794587 -13.232053612957682 -13.828275844855824 -14.036865881787842 -14.21657541242025 -13.762631533292618 -13.654279405266543
4.569138276553106 -12.907201075600288 -14.007521766140805 -13.644242244663545 -13.548458768641023 -14.208657181869455 -14.150481303834681 -12.357886501372512 -12.260253747148546 -9.278062283548433 -10.68945182273934 -8.959123403516202 -13.307750158894393 -12.413673853750392 -14.517762443624857 -13.956665093857776 -12.24561198001335 -13.35310459043219 -12.79413701397246 -14.007646450784446 -13.641436313014772 -11.415696361405256 -14.17030345386177 -13.21816582064045 -13.822691301418129 -14.049125452971756 -14.2250329368116 -13.777409789994904 -13.648513672494449
4.629258517034068 -12.888741887776014 -14.005007419514985 -13.635477634627069 -13.539990592302242 -14.212295711884515 -14.151735991703518 -12.334101567881472 -12.22364772304779 -9.21069121704694 -10.641091034726031 -8.90255559051058 -13.293910948346419 -12.39059203016199 -14.517022064615308 -13.94969833656517 -12.211238554491548 -13.339833349760307 -12.774280968335141 -14.004966323541854 -13.632545953208215 -11.380449418820078 -14.172211149732696 -13.204155529987762 -13.816933549870907 -14.061133153901276 -14.23325184284401 -13.791927518039005 -13.642615277449739
4.68937875751503 -12.87031845276795 -14.00239615308001 -13.626665301923069 -13.531505512046209 -14.215793113015724 -14.152865983368468 -12.310391698380478 -12.187226591669233 -9.143802738040762 -10.593163882785088 -8.846653909038945 -13.280060400906006 -12.36758473603571 -14.516172414761243 -13.942674502678518 -12.177028109498835 -13.326549945674182 -12.75447214429585 -14.002190483117296 -13.6236073866732 -11.345370159211203 -14.173990545839228 -13.19015594196335 -13.811111655385915 -14.072945335293204 -14.24129977303222 -13.806233597149438 -13.636692690398888
4.749498997995992 -12.851558348904337 -13.999445201810357 -13.61751169776852 -13.522712099513523 -14.218956585616045 -14.153659122087081 -12.286341177669204 -12.150470232794106 -9.07662594482288 -10.545054784320254 -8.790734470354153 -13.265863733150695 -12.344241968745798 -14.514985135304947 -13.935314653444266 -12.142478729892005 -13.312924205011283 -12.734326756941687 -13.999074818414527 -13.614326047699645 -11.309949571457238 -14.175434788792742 -13.175830754275992 -13.804956482868533 -14.08443717942365 -14.2490211260551 -13.820223614691878 -13.630475254598782
4.809619238476953 -12.832972318373983 -13.996494117629652 -13.608423613194756 -13.514012559946238 -14.222059320962241 -14.154414334436005 -12.262518109512321 -12.114084156221114 -9.010194669556352 -10.497590461861126 -8.735705027491822 -13.251782445102577 -12.321124098602962 -14.513780632521353 -13.928006078692114 -12.108272115857776 -13.29941138999178 -12.714370546628952 -13.995960668989635 -13.605110134608598 -11.274878827882553 -14.176835725872863 -13.161642483988185 -13.798842214158462 -14.095791435802168 -14.25663959076761 -13.834053204701833 -13.624336989166146
4.869739478957916 -12.81422850324848 -13.99332670788871 -13.599139541308887 -13.505147410427014 -14.224929726822158 -14.154942746681396 -12.238551993377406 -12.077604733659904 -8.943821741334265 -10.4502228064187 -8.680957125984254 -13.237518220426054 -12.297865744501614 -14.512355575034121 -13.920500329272969 -12.073960866406132 -13.285717313933246 -12.694261517655914 -13.992630640721906 -13.595697226874197 -11.239704186400576 -14.17800922204524 -13.147291544292408 -13.792529157450879 -14.106897218855801 -14.264016791907375 -13.847629704301648 -13.618036997418717
4.929859719438878 -12.79524578437437 -13.989892069334484 -13.589596761617653 -13.49605434711643 -14.227528522508912 -14.155200573886244 -12.214351611557543 -12.040916328935989 -8.877332840539957 -10.40281461363966 -8.626337078021681 -13.22299872746494 -12.274377037214833 -14.510662412669372 -13.912738104509394 -12.03943360941799 -13.271770728908814 -12.673915899105168 -13.98903351741545 -13.586024365142677 -11.204312616523335 -14.178912730486832 -13.132705238263984 -13.78596028848266 -14.117731093737723 -14.271122113971531 -13.860934446734008 -13.611517782286313
4.98997995991984 -12.77664398043072 -13.986601246663657 -13.580288428232965 -13.48721955530296 -14.230185536366058 -14.155549171916881 -12.190606959131955 -12.004876440682839 -8.811984285610567 -10.356364309009223 -8.57293533805921 -13.208784091200531 -12.251338301731355 -14.509088740475253 -13.905188526032976 -12.005518933527057 -13.258123979659134 -12.653971809861506 -13.985582530791962 -13.57658648663925 -11.169544371825957 -14.179898893485472 -13.118444054776344 -13.779588619718393 -14.128511929743668 -14.278224660357617 -13.874153018246743 -13.605230573156195
5.050100200400801 -12.757551418054032 -13.982882035340438 -13.570524707613973 -13.477961812750134 -14.232444754875822 -14.15548744215453 -12.166345846662942 -11.96827224149347 -8.745989024563222 -10.309453719104873 -8.519194310473178 -13.194088611274399 -12.227791086937167 -14.507095894304005 -13.897196083712846 -11.971045659490482 -13.244002418860921 -12.633531321070013 -13.981702347451499 -13.566691247518712 -11.134211615611438 -14.180479054450643 -13.103721023524795 -13.772781619658812 -14.138942354102378 -14.2849552243225 -13.887035660725962 -13.59854369936544
