web/models/mosfit_kne/mosfit_kn_3.0000/mosfit_kn_0.002290_0.2650_3.0000.dat
# %ECSV 1.0
# ---
# datatype:
# - {name: time, datatype: float64}
# - {name: PS1_g, datatype: float64}
# - {name: PS1_i, datatype: float64}
# - {name: PS1_r, datatype: float64}
# - {name: PS1_w, datatype: float64}
# - {name: PS1_y, datatype: float64}
# - {name: PS1_z, datatype: float64}
# - {name: swift_uvot_B, datatype: float64}
# - {name: swift_uvot_U, datatype: float64}
# - {name: swift_uvot_uvm2, datatype: float64}
# - {name: swift_uvot_uvw1, datatype: float64}
# - {name: swift_uvot_uvw2, datatype: float64}
# - {name: swift_uvot_V, datatype: float64}
# - {name: johnson_B, datatype: float64}
# - {name: johnson_I, datatype: float64}
# - {name: johnson_R, datatype: float64}
# - {name: johnson_U, datatype: float64}
# - {name: johnson_V, datatype: float64}
# - {name: sdss_g, datatype: float64}
# - {name: sdss_i, datatype: float64}
# - {name: sdss_r, datatype: float64}
# - {name: sdss_u, datatype: float64}
# - {name: sdss_z, datatype: float64}
# - {name: ATLAS_c, datatype: float64}
# - {name: ATLAS_o, datatype: float64}
# - {name: ukirt_H, datatype: float64}
# - {name: ukirt_J, datatype: float64}
# - {name: ukirt_K, datatype: float64}
# - {name: Clear, datatype: float64}
# meta: !!omap
# - comment: [kappa = 3.0, type = rprocess, mass = 0.0022901433483143324, velocity = 0.265, theta_obs = 0.0, tfloor = 1000.0]
# schema: astropy-2.0
time PS1_g PS1_i PS1_r PS1_w PS1_y PS1_z swift_uvot_B swift_uvot_U swift_uvot_uvm2 swift_uvot_uvw1 swift_uvot_uvw2 swift_uvot_V johnson_B johnson_I johnson_R johnson_U johnson_V sdss_g sdss_i sdss_r sdss_u sdss_z ATLAS_c ATLAS_o ukirt_H ukirt_J ukirt_K Clear
[from data line 146]
8.837675350701403 11.034094938123236 2.1522661249239583 5.62733690296179 3.659413091457804 -1.3709239236013104 0.04675204124582777 14.574001514687723 21.232945612582633 35.121540916611806 17.198528144657192 19.711544651136837 8.993611630994021 13.370064197721515 0.5987528185020077 3.5687855852269896 20.201944433330883 8.038589295825266 11.846635039437672 2.2335220770369446 5.855825562458232 21.73405114275746 -0.5266755707761739 7.606413472704432 3.154000948094655 -6.3199113015168065 -4.170422006027115 -7.680199981989977 1.3735190476964654
8.897795591182364 11.054024858767466 2.172196045568189 5.647266823606039 3.679343012102052 -1.35099400295708 0.06668196189005826 14.593931435331953 21.252875533226874 35.141470837256044 17.218458065301423 19.731474571781074 9.013541551638252 13.389994118365763 0.6186827391462382 3.588715505871238 20.221874353975124 8.058519216469515 11.86656496008192 2.253451997681175 5.875755483102463 21.7539810634017 -0.5067456501319434 7.62634339334868 3.1739308687388856 -6.299981380872558 -4.150492085382867 -7.660270061345747 1.3934489683406959
8.957915831663327 11.073872384206336 2.1920435710070585 5.667114349044908 3.6991905375409218 -1.3311464775182102 0.08652948732892796 14.613778960770823 21.272723058665743 35.161318362694914 17.238305590740293 19.751322097219944 9.033389077077121 13.409841643804633 0.6385302645851079 3.6085630313101076 20.241721879413994 8.078366741908384 11.88641248552079 2.273299523120045 5.8956030085413325 21.77382858884057 -0.4868981246930737 7.64619091878755 3.1937783941777553 -6.2801338554336885 -4.130644559943997 -7.640422535906877 1.4132964937795656
9.018036072144287 11.09366349781574 2.2118346846164627 5.6869054626543125 3.718981651150326 -1.3113553639087883 0.10632060093833218 14.633570074380227 21.292514172275148 35.18110947630432 17.258096704349697 19.77111321082936 9.053180190686543 13.429632757414037 0.6583213781945121 3.628354144919512 20.261512993023395 8.098157855517789 11.906203599130194 2.293090636729449 5.915394122150737 21.793619702449973 -0.4671070110836695 7.665982032396954 3.2135695077871596 -6.260342741824284 -4.110853446334593 -7.620631422297455 1.4330876073889875
9.07815631262525 11.11339648452569 2.2315676713263954 5.706638449364245 3.7387146378602587 -1.2916223771988555 0.1260535876482649 14.65330306109016 21.31224715898508 35.20084246301426 17.277829691059647 19.79084619753929 9.072913177396476 13.44936574412397 0.6780543649044626 3.6480871316294445 20.281245979733338 8.117890842227721 11.925936585840127 2.3128236234393995 5.935127108860687 21.813352689159906 -0.447374024373719 7.685715019106887 3.23330249449711 -6.240609755114352 -4.09112045962466 -7.600898435587522 1.4528205940989203
9.138276553106213 11.133071252942948 2.2512424397436703 5.726313217781502 3.7583894062775336 -1.2719476087815984 0.1457283560655398 14.672977829507435 21.331921927402348 35.22051723143152 17.297504459476905 19.810520965956556 9.092587945813733 13.469040512541245 0.6977291333217197 3.6677619000467194 20.300920748150595 8.137565610644979 11.945611354257384 2.3324983918566566 5.954801877277944 21.833027457577174 -0.42769925595646185 7.705389787524144 3.252977262914367 -6.220934986697094 -4.071445691207403 -7.581223667170265 1.4724953625161774
9.198396793587174 11.15268832937124 2.2708595161719636 5.745930294209796 3.778006482705809 -1.2523305323533052 0.16534543249383304 14.692594905935728 21.351539003830638 35.24013430785981 17.317121535905198 19.83013804238485 9.112205022242026 13.488657588969538 0.717346209750013 3.6873789764750127 20.32053782457889 8.157182687073272 11.965228430685677 2.35211546828495 5.9744189537062375 21.852644534005464 -0.4080821795281686 7.725006863952437 3.2725943393426604 -6.201317910268801 -4.05182861477911 -7.561606590741972 1.4921124389444707
9.258517034068136 11.17224848681051 2.290419673611215 5.765490451649065 3.797566640145078 -1.2327703749140362 0.18490558993308426 14.71215506337498 21.3710991612699 35.259694465299084 17.33668169334445 19.849698199824108 9.131765179681295 13.50821774640879 0.7369063671892642 3.706939133914264 20.340097982018158 8.17674284451254 11.984788588124946 2.371675625724219 5.993979111145489 21.872204691444725 -0.38852202208889963 7.744567021391706 3.2921544967819294 -6.181757752829532 -4.032268457339841 -7.542046433302703 1.5116725963837396
9.318637274549097 11.191752557472938 2.309923744273643 5.784994522311493 3.8170707108075064 -1.2132663042516079 0.20440966059551258 14.731659134037407 21.390603231932328 35.2791985359615 17.356185764006877 19.869202270486536 9.151269250343724 13.527721817071217 0.7564104378516925 3.726443204576692 20.35960205268058 8.196246915174969 12.004292658787374 2.391179696386647 6.013483181807917 21.891708762107154 -0.3690179514264713 7.7640710920541345 3.31165856744434 -6.162253682167104 -4.0127643866774125 -7.522542362640275 1.531176667046168
9.37875751503006 11.211201328695779 2.3293725154965017 5.8044432935343515 3.836519482030365 -1.193817533028767 0.22385843181837117 14.751107905260266 21.41005200315518 35.29864730718436 17.375634535229736 19.888651041709387 9.170718021566564 13.547170588294076 0.7758592090745511 3.745891975799551 20.379050823903434 8.215695686397828 12.023741430010233 2.410628467609488 6.032931953030776 21.911157533330005 -0.3495691802036305 7.783519863276993 3.3311073386671985 -6.142804910944245 -3.993315615454554 -7.503093591417434 1.5506254382690088
9.438877755511022 11.230595609402005 2.348766796202728 5.82383757424056 3.8559137627365914 -1.1744232523225406 0.24325271252459757 14.770502185966492 21.429446283861402 35.31804158789058 17.395028815935962 19.908045322415614 9.19011230227279 13.566564869000302 0.7952534897807775 3.765286256505777 20.398445104609664 8.235089967104054 12.04313571071646 2.4300227483157144 6.052326233737002 21.930551814036228 -0.3301748994974041 7.8029141439832195 3.350501619373425 -6.123410630238037 -3.9739213347483453 -7.4836993107112075 1.5700197189752352
9.498997995991983 11.249936165003955 2.368107351804678 5.84317812984251 3.8752543183385413 -1.1550826967205907 0.2625932681265475 14.789842741568442 21.448786839463352 35.33738214349253 17.414369371537912 19.927385878017564 9.20945285787474 13.585905424602252 0.8145940453827274 3.784626812107727 20.417785660211614 8.254430522705986 12.06247626631841 2.4493633039176643 6.071666789338952 21.949892369638178 -0.31083434389545417 7.822254699585169 3.369842174975375 -6.104070074636087 -3.9545807791463954 -7.464358755109258 1.589360274577185
9.559118236472946 11.269223695737054 2.3873948825377767 5.862465660575609 3.89454184907164 -1.135795165987492 0.2818807988596461 14.809130272301541 21.468074370196454 35.356669674225635 17.43365690227101 19.946673408750662 9.22874038860784 13.605192955335351 0.833881576115826 3.8039143428408257 20.43707319094471 8.273718053439085 12.081763797051508 2.468650834650763 6.090954320072051 21.96917990037128 -0.29154681316235553 7.841542230318268 3.3891297057084735 -6.084782543902988 -3.9352932484132968 -7.445071224376159 1.6086478053102837
9.619238476953907 11.288458889192867 2.406630075993572 5.881700854031422 3.9137770425274354 -1.1165599725316788 0.3011159923154416 14.828365465757336 21.487309563652257 35.375904867681434 17.452892095726824 19.965908602206465 9.247975582063653 13.624428148791146 0.8531167695716393 3.8231495362966212 20.456308384400515 8.292953246894898 12.100998990507303 2.487886028106576 6.110189513527864 21.988415093827083 -0.2723116197065423 7.8607774237740635 3.4083648991642868 -6.065547350447175 -3.9160580549574835 -7.425836030920346 1.627882998766097
9.67935871743487 11.307642410179355 2.4258135969800776 5.900884375017927 3.932960563513941 -1.0973764515451734 0.32029951330194706 14.847548986743842 21.506493084638763 35.395088388667936 17.47207561671331 19.985092123192974 9.267159103050158 13.643611669777652 0.872300290558127 3.8423330572831267 20.47549190538701 8.312136767881404 12.120182511493809 2.507069549093064 6.129373034514352 22.00759861481359 -0.25312809872003683 7.879960944760569 3.4275484201507744 -6.046363829460669 -3.896874533970978 -7.40665250993384 1.6470665197526024
9.739478957915832 11.326774864075961 2.444946050876684 5.920016828914534 3.9520930174105473 -1.0782439976485847 0.3394319671985535 14.866681440640448 21.52562553853537 35.41422084256454 17.49120807060992 20.00422457708957 9.286291556946747 13.662744123674258 0.8914327444547334 3.861465511179733 20.49462435928362 8.33126922177801 12.139314965390415 2.5262020029896703 6.148505488410958 22.026731068710184 -0.23399564482344815 7.899093398657175 3.446680874047381 -6.027231375564063 -3.8777420800743716 -7.387520056037252 1.6661989736491911
9.799599198396793 11.34585683324591 2.464028020046616 5.939098798084466 3.971174986580479 -1.0591620284786352 0.3585139363684853 14.88576340981038 21.5447075077053 35.43330281173447 17.51029003977985 20.02330654625951 9.305373526116696 13.68182609284419 0.9105147136246652 3.880547480349665 20.51370632845356 8.350351190947942 12.158396934560347 2.54528397215962 6.16758745758089 22.045813037880126 -0.21491367565349861 7.918175367827107 3.4657628432173304 -6.008149406394131 -3.85866011090444 -7.368438086867302 1.6852809428191406
9.859719438877756 11.364888882331208 2.4830600691319127 5.9581308471697625 3.990207035665776 -1.0401299793933383 0.37754598545378215 14.904795458895677 21.563739556790598 35.45233486081978 17.529322088865165 20.042338595344805 9.324405575201993 13.700858141929487 0.9295467627099621 3.8995795294349618 20.532738377538855 8.369383240033239 12.177428983645644 2.5643160212449168 6.186619506666187 22.064845086965423 -0.19588162656820174 7.937207416912404 3.4847948923026273 -5.989117357308834 -3.839628061819143 -7.349406037782005 1.7043129919044375
9.919839679358716 11.383871539143193 2.502042725943916 5.977113503981748 4.0091896924777615 -1.0211473225813528 0.39652864226578544 14.92377811570768 21.582722213602594 35.47131751763177 17.54830474567715 20.06132125215679 9.343388232013979 13.71984079874149 0.9485294195219653 3.9185621862469473 20.55172103435084 8.388365896845224 12.19641164045763 2.5832986780569023 6.20560216347819 22.08382774377742 -0.17689896975621622 7.95619007372439 3.503777549114613 -5.970134700496849 -3.8206454050071574 -7.33042338097002 1.723295648716423
9.97995991983968 11.402805289058051 2.520976475858774 5.996047253896606 4.028123442392619 -1.002213572666495 0.4154623921806433 14.942711865622538 21.60165596351745 35.49025126754662 17.567238495592008 20.08025500207166 9.362321981928837 13.738774548656348 0.9674631694368232 3.937495936161823 20.5706547842657 8.407299646760082 12.215345390372487 2.60223242797176 6.224535913393048 22.102761493692277 -0.15796521984135836 7.975123823639247 3.5227112990294707 -5.951200950581991 -3.8017116550922996 -7.311489631055162 1.742229398631281
10.040080160320642 11.421690615575528 2.539861802376251 6.014932580414083 4.047008768910096 -0.9833282461490178 0.4343477186981204 14.961597192140015 21.62054129003493 35.509136594064096 17.586123822109485 20.099140328589126 9.381207308446314 13.757659875173808 0.9863484959543003 3.9563812626792823 20.589540110783176 8.426184973277559 12.234230716889964 2.6211177544892372 6.243421239910525 22.121646820209754 -0.13907989332388127 7.9940091501567245 3.5415966255469478 -5.932315624064514 -3.7828263285748225 -7.292604304537685 1.761114725148758
10.100200400801603 11.44052797561173 2.558699162412452 6.033769940450284 4.0658461289463155 -0.9644908861128165 0.4531850787343217 14.980434552176217 21.63937865007113 35.5279739541003 17.604961182145686 20.117977688625338 9.400044668482515 13.776497235210027 1.0051858559905016 3.9752186227155013 20.608377470819377 8.44502233331376 12.253068076926166 2.6399551145254385 6.262258599946726 22.140484180245956 -0.12024253328767998 8.012846510192926 3.560433985583149 -5.913478264028313 -3.763988968538621 -7.273766944501483 1.7799520851849593
10.160320641282565 11.459317782758625 2.5774889695593473 6.052559747597179 4.084635936093193 -0.9457010789659215 0.4719748858812167 14.999224359323112 21.658168457218025 35.5467637612472 17.62375098929258 20.136767495772233 9.41883447562941 13.795287042356922 1.0239756631373966 3.9940084298623963 20.627167277966272 8.463812140460655 12.27185788407306 2.6587449216723336 6.281048407093621 22.15927398739285 -0.10145272614078493 8.03163631733982 3.579223792730044 -5.8946884568814175 -3.745199161391726 -7.254977137354588 1.7987418923318543
10.220440881763526 11.478060441893945 2.5962316286946496 6.071302406732499 4.103378595228513 -0.9269584198306013 0.4907175450165191 15.017967018458414 21.676911116353335 35.56550642038251 17.6424936484279 20.155510154907542 9.43757713476473 13.814029701492224 1.042718322272699 4.012751088997699 20.645909937101592 8.482554799595976 12.290600543208381 2.6774875808076537 6.299791066228941 22.17801664652816 -0.0827100670054648 8.050378976475141 3.5979664518653642 -5.875945797746097 -3.726456502256406 -7.236234478219268 1.8174845514671745
10.280561122244489 11.496756340999763 2.614927527800468 6.089998305838318 4.122074494334331 -0.908262520724783 0.5094134441223375 15.036662917564232 21.695607015459153 35.584202319488334 17.66118954753372 20.174206054013364 9.456273033870549 13.832725600598042 1.0614142213785174 4.031446988103517 20.66460583620741 8.501250698701794 12.3092964423142 2.696183479913472 6.31848696533476 22.19671254563398 -0.06401416789964642 8.06907487558096 3.6166623509711826 -5.857249898640279 -3.7077606031505876 -7.21753857911345 1.8361804505729928
10.34068136272545 11.515405845660478 2.6335770324612007 6.108647810499033 4.140723998995064 -0.8896130160640681 0.5280629487830701 15.055312422224965 21.714256520119875 35.602851824149056 17.679839052194435 20.192855558674086 9.474922538531263 13.851375105258775 1.08006372603925 4.05009649276425 20.683255340868136 8.519900203362509 12.327945946974932 2.714832984574187 6.337136469995475 22.2153620502947 -0.04536466323893151 8.087724380241692 3.6353118556318975 -5.838600393979564 -3.6891110984898727 -7.198889074452735 1.8548299552337078
10.400801603206412 11.534009290208456 2.6521804770091606 6.12725125504701 4.159327443543024 -0.8710095715160904 0.5466663933310301 15.073915866772925 21.732859964667846 35.62145526869703 17.698442496742413 20.211459003222057 9.493525983079241 13.869978549806735 1.09866717058721 4.06869993731221 20.701858785416103 8.538503647910487 12.346549391522892 2.7334364291221647 6.355739914543435 22.23396549484267 -0.026761218690953825 8.106327824789652 3.653915300179875 -5.819996949431586 -3.670507653941895 -7.180285629904757 1.8734333997816854
10.460921843687375 11.552567007551069 2.6707381943517916 6.145808972389624 4.177885160885637 -0.8524518541734771 0.5652241106736611 15.092473584115556 21.75141768201047 35.64001298603964 17.717000214085026 20.230016720564667 9.512083700421854 13.888536267149348 1.117224887929841 4.087257654654823 20.720416502758717 8.5570613652531 12.365107108865505 2.751994146464778 6.374297631886066 22.252523212185295 -0.00820350134834058 8.124885542132265 3.6724730175224884 -5.801439232088973 -3.651949936599282 -7.161727912562144 1.8919911171242987
10.521042084168336 11.571079313327477 2.6892505001281997 6.1643212781660495 4.196397466662063 -0.8339395483970513 0.5837364164500691 15.110985889891964 21.769929987786885 35.658525291816055 17.735512519861434 20.248529026341092 9.53059600619828 13.907048572925774 1.135737193706249 4.105769960431249 20.738928808535135 8.575573671029526 12.383619414641931 2.770506452241186 6.392809937662474 22.27103551796171 0.010308804428085239 8.143397847908691 3.6909853232988965 -5.782926926312547 -3.633437630822856 -7.143215606785718 1.9105034229007245
