web/models/mosfit_kne/mosfit_kn_3.0000/mosfit_kn_0.001862_0.0300_3.0000.dat
# %ECSV 1.0
# ---
# datatype:
# - {name: time, datatype: float64}
# - {name: PS1_g, datatype: float64}
# - {name: PS1_i, datatype: float64}
# - {name: PS1_r, datatype: float64}
# - {name: PS1_w, datatype: float64}
# - {name: PS1_y, datatype: float64}
# - {name: PS1_z, datatype: float64}
# - {name: swift_uvot_B, datatype: float64}
# - {name: swift_uvot_U, datatype: float64}
# - {name: swift_uvot_uvm2, datatype: float64}
# - {name: swift_uvot_uvw1, datatype: float64}
# - {name: swift_uvot_uvw2, datatype: float64}
# - {name: swift_uvot_V, datatype: float64}
# - {name: johnson_B, datatype: float64}
# - {name: johnson_I, datatype: float64}
# - {name: johnson_R, datatype: float64}
# - {name: johnson_U, datatype: float64}
# - {name: johnson_V, datatype: float64}
# - {name: sdss_g, datatype: float64}
# - {name: sdss_i, datatype: float64}
# - {name: sdss_r, datatype: float64}
# - {name: sdss_u, datatype: float64}
# - {name: sdss_z, datatype: float64}
# - {name: ATLAS_c, datatype: float64}
# - {name: ATLAS_o, datatype: float64}
# - {name: ukirt_H, datatype: float64}
# - {name: ukirt_J, datatype: float64}
# - {name: ukirt_K, datatype: float64}
# - {name: Clear, datatype: float64}
# meta: !!omap
# - comment: [kappa = 3.0, type = rprocess, mass = 0.001861645566637777, velocity = 0.030000000000000023, theta_obs = 0.0, tfloor = 1000.0]
# schema: astropy-2.0
time PS1_g PS1_i PS1_r PS1_w PS1_y PS1_z swift_uvot_B swift_uvot_U swift_uvot_uvm2 swift_uvot_uvw1 swift_uvot_uvw2 swift_uvot_V johnson_B johnson_I johnson_R johnson_U johnson_V sdss_g sdss_i sdss_r sdss_u sdss_z ATLAS_c ATLAS_o ukirt_H ukirt_J ukirt_K Clear
[from data line 348]
20.98196392785571 10.485193859456192 1.603365046256915 5.078435824294747 3.1105120127907604 -1.9198250022683538 -0.5021490374212156 14.02510043602068 20.68404453391559 34.57263983794476 16.64962706599015 19.1626435724698 8.444710552326978 12.82116311905449 0.04985173983496427 3.019884506559964 19.65304335466384 7.489688217158224 11.297733960770628 1.6846209983699012 5.306924483791189 21.185150064090415 -1.0755766494432173 7.0575123940373885 2.6050998694276117 -6.86881238018385 -4.7193230846941585 -8.22910106065702 0.824617969029422
21.04208416833667 10.490573942902781 1.608745129703486 5.083815907741336 3.1158920962373493 -1.914444918821765 -0.4967689539746445 14.03048051946725 20.68942461736217 34.57801992139135 16.655007149436738 19.168023655916382 8.450090635773567 12.82654320250106 0.05523182328153542 3.025264590006535 19.65842343811043 7.495068300604813 11.303114044217217 1.6900010818164901 5.312304567237778 21.190530147536997 -1.0701965659966284 7.062892477483977 2.6104799528742006 -6.863432296737261 -4.71394300124757 -8.223720977210432 0.8299980524760109
21.102204408817634 10.495936898694858 1.6141080854955803 5.089178863533412 3.1212550520294435 -1.9090819630296885 -0.49140599818255026 14.035843475259345 20.694787573154258 34.58338287718343 16.660370105228814 19.173386611708466 8.455453591565643 12.831906158293155 0.060594779073629645 3.0306275457986294 19.663786393902505 7.500431256396889 11.308477000009294 1.6953640376085666 5.317667523029854 21.195893103329084 -1.064833610204552 7.068255433276072 2.615842908666277 -6.8580693409451845 -4.708580045455493 -8.218358021418355 0.8353610082680873
21.162324649298597 10.501282839942707 1.6194540267434299 5.09452480478128 3.126600993277293 -1.9037360217818389 -0.48606005693470067 14.041189416507194 20.700133514402115 34.588728818431285 16.665716046476664 19.178732552956316 8.460799532813493 12.837252099541004 0.06594072032147924 3.035973487046479 19.669132335150366 7.505777197644757 11.313822941257161 1.7007099788564162 5.323013464277704 21.20123904457694 -1.0594876689567023 7.073601374523921 2.6211888499141267 -6.852723399697317 -4.703234104207626 -8.213012080170506 0.8407069495159369
21.22244488977956 10.506612536983582 1.6247837237843044 5.099854501822154 3.1319306903181676 -1.8984063247409466 -0.4807303598938262 14.046519113548069 20.70546321144299 34.59405851547216 16.67104574351754 19.18406224999719 8.466129229854385 12.842581796581879 0.07127041736235373 3.0413031840873535 19.674462032191236 7.511106894685631 11.319152638298036 1.7060396758972907 5.328343161318578 21.206568741617815 -1.0541579719158278 7.078931071564796 2.626518546955001 -6.847393702656443 -4.697904407166751 -8.207682383129631 0.8460366465568292
21.28256513026052 10.5119246157704 1.6300958025711232 5.105166580608955 3.1372427691049865 -1.8930942459541455 -0.47541828110700735 14.051831192334888 20.710775290229797 34.59937059425898 16.676357822304357 19.18937432878401 8.471441308641186 12.847893875368698 0.07658249614917256 3.0466152628741723 19.67977411097806 7.516418973472432 11.324464717084854 1.7113517546841095 5.333655240105397 21.211880820404623 -1.048845893129009 7.084243150351615 2.63183062574182 -6.842081623869642 -4.69259232837995 -8.202370304342812 0.8513487253436303
21.34268537074148 10.517220067001798 1.6353912538025206 5.110462031840353 3.142538220336384 -1.8877987947227481 -0.47012282987560994 14.057126643566285 20.716070741461195 34.60466604549037 16.681653273535755 19.194669780015406 8.476736759872583 12.853189326600095 0.08187794738056997 3.0519107141055697 19.685069562209456 7.52171442470383 11.329760168316252 1.716647205915507 5.338950691336795 21.21717627163602 -1.0435504418976116 7.089538601583012 2.6371260769732174 -6.836786172638244 -4.687296877148553 -8.197074853111415 0.8566441765750277
21.402805611222444 10.522498991256839 1.6406701780575617 5.115740956095394 3.147817144591407 -1.882519870467707 -0.4648439056205689 14.062405567821326 20.72134966571624 34.609944969745406 16.686932197790796 19.199948704270437 8.482015684127624 12.858468250855118 0.08715687163561103 3.057189638360593 19.690348486464487 7.526993348958871 11.335039092571275 1.721926130170548 5.344229615591836 21.222455195891065 -1.0382715176425705 7.094817525838035 2.6424050012282585 -6.831507248383203 -4.682017952893512 -8.191795928856374 0.8619231008300687
21.462925851703407 10.527761489953953 1.6459326767546578 5.121003454792508 3.153079643288521 -1.8772573717705932 -0.4595814069234727 14.06766806651844 20.726612164413343 34.61520746844253 16.69219469648791 19.20521120296755 8.487278182824738 12.863730749552232 0.09241937033272496 3.062452137057707 19.6956109851616 7.532255847655985 11.340301591268389 1.727188628867662 5.3494921142889496 21.22771769458817 -1.0330090189454566 7.100080024535149 2.6476674999253724 -6.826244749686089 -4.676755454196398 -8.18653343015926 0.8671855995271827
21.52304609218437 10.53300766858845 1.6511788553891726 5.126249633427005 3.158325821923036 -1.872011193136096 -0.4543352282889579 14.072914245152937 20.731858343047847 34.62045364707702 16.697440875122407 19.21045738160206 8.492524361459235 12.868976928186747 0.09766554896722202 3.0676983156922217 19.700857163796098 7.537502026290482 11.345547769902886 1.732434807502159 5.354738292923447 21.232963873222673 -1.0277628403109595 7.105326203169646 2.6529136785598695 -6.820998571051592 -4.671509275561901 -8.181287251524763 0.8724317781616797
21.58316633266533 10.538237625052194 1.6564088118529163 5.131479589890748 3.1635557783867796 -1.8667812366723524 -0.4491052718252142 14.07814420161668 20.73708829951159 34.625683603540764 16.70267083158615 19.215687338065802 8.497754317922979 12.87420688465049 0.1028955054309657 3.0729282721559654 19.706087120259852 7.542731982754225 11.350777726366648 1.7376647639659026 5.35996824938719 21.238193829686416 -1.0225328838472159 7.110556159633408 2.658143635023613 -6.815768614587848 -4.666279319098157 -8.17605729506102 0.8776617346254234
21.64328657314629 10.543451465984344 1.6616226527850486 5.136693430822898 3.168769619318912 -1.8615673957402024 -0.4438914308930819 14.083358042548813 20.742302140443734 34.630897444472915 16.707884672518283 19.220901178997945 8.50296815885513 12.879420725582623 0.10810934636309799 3.0781421130880977 19.71130096119199 7.5479458236863755 11.35599156729878 1.7428786048980527 5.365182090319323 21.24340767061856 -1.0173190429150658 7.11577000056554 2.663357475955763 -6.810554773655698 -4.661065478166007 -8.17084345412887 0.8828755755575735
21.703406813627254 10.54864929549213 1.6668204822928345 5.141891260330684 3.173967448826698 -1.8563695662324164 -0.438693601385296 14.088555872056599 20.74749996995152 34.6360952739807 16.713082502026086 19.22609900850573 8.508165988362915 12.884618555090409 0.11330717587090167 3.0833399425958836 19.716498790699777 7.553143653194161 11.361189396806566 1.7480764344058386 5.370379919827126 21.248605500126345 -1.01212121340728 7.120967830073326 2.668555305463549 -6.8053569441479125 -4.655867648658221 -8.165645624621083 0.8880734050653594
21.763527054108216 10.55383121444292 1.672002401243624 5.147073179281474 3.1791493677774874 -1.8511876472816269 -0.43351168243450644 14.093737791007388 20.75268188890231 34.64127719293148 16.71826442097686 19.23128092745652 8.513347907313705 12.889800474041198 0.11848909482167347 3.088521861546673 19.721680709650556 7.558325572144951 11.366371315757355 1.7532583533566282 5.375561838777898 21.253787419077135 -1.0069392944564903 7.1261497490241155 2.673737224414321 -6.800175025197123 -4.6506857297074315 -8.160463705670294 0.8932553240161489
21.82364729458918 10.558997329053561 1.6771685158542837 5.1522392938921335 3.184315482388147 -1.846021532670985 -0.4283455678238468 14.098903905618048 20.75784800351297 34.64644330754214 16.723430535587518 19.23644704206717 8.518514021924346 12.894966588651858 0.1236552094323331 3.093687976157333 19.726846824261216 7.563491686755611 11.371537430368015 1.75842446796727 5.380727953388558 21.258953533687794 -1.0017731798458485 7.131315863634775 2.6789033390249806 -6.795008910586463 -4.645519615096772 -8.155297591059652 0.8984214386267908
21.883767535070138 10.564147742333407 1.6823189291341123 5.157389707171962 3.1894658956679756 -1.8408711193911387 -0.42319515454401824 14.104054318897894 20.762998416792804 34.65159372082198 16.728580948867364 19.24159745534701 8.523664435204193 12.900117001931687 0.12880562271217944 3.0988383894371614 19.731997237541055 7.568642100035439 11.376687843647844 1.7635748812471164 5.385878366668404 21.264103946967623 -0.9966227665660021 7.136466276914604 2.684053752304827 -6.789858497306635 -4.640369201816943 -8.150147177779806 0.9035718519066371
21.9438877755511 10.569282554283088 1.687453741083793 5.162524519121643 3.1946007076176564 -1.8357363074414579 -0.41806034259433744 14.109189130847557 20.768133228742478 34.65672853277166 16.733715760817045 19.24673226729669 8.528799247153874 12.905251813881367 0.13394043466184247 3.103973201386842 19.737132049490736 7.57377691198512 11.381822655597524 1.7687096931967972 5.391013178618085 21.269238758917304 -0.9914879546163213 7.1416010888642845 2.6891885642545077 -6.784723685356954 -4.6352343898672625 -8.145012365830125 0.9087066638563179
22.004008016032063 10.574401864780754 1.6925730515814763 5.167643829619326 3.1997200181153396 -1.8306169969437747 -0.4129410320966542 14.11430844134524 20.77325253924016 34.661847843269335 16.73883507131471 19.251851577794362 8.533918557651539 12.91037112437905 0.13905974515952568 3.1090925118845254 19.74225135998841 7.578896222482803 11.386941966095208 1.7738290036944626 5.39613248911575 21.274358069414987 -0.9863686441186559 7.146720399361968 2.694307874752173 -6.779604374859271 -4.630115079369579 -8.13989305533246 0.9138259743539834
22.064128256513026 10.579505777049683 1.6976769638504052 5.172747741888255 3.2048239303842685 -1.8255130846748635 -0.4078371198277253 14.11941235361417 20.77835645150909 34.666951755538264 16.74393898358364 19.25695549006329 8.539022469920468 12.91547503664798 0.1441636574284546 3.1141964241534543 19.747355272257337 7.584000134751732 11.392045878364137 1.7789329159633915 5.401236401384679 21.279461981683916 -0.981264731849727 7.151824311630897 2.699411787021102 -6.774500462590342 -4.62501116710065 -8.13478914306353 0.9189298866229123
22.12424849699399 10.584594388321058 1.702765575121763 5.177836353159613 3.2099125416556262 -1.820424473403488 -0.40274850855636757 14.124500964885545 20.783445062780448 34.67204036680963 16.749027594855015 19.262044101334656 8.544111081191843 12.920563647919337 0.1492522686998301 3.119285035424812 19.752443883528706 7.58908874602309 11.397134489635494 1.784021527234767 5.406325012656055 21.284550592955274 -0.9761761205783515 7.156912922902254 2.7045003982924776 -6.769411851318984 -4.619922555829293 -8.129700531792155 0.9240184978942878
22.184368737474948 10.589667797262177 1.7078389840628994 5.182909762100749 3.2149859505967626 -1.8153510644623516 -0.3976750996152312 14.129574373826664 20.788518471721584 34.677113775750755 16.754101003796134 19.267117510275792 8.54918449013298 12.925637056860474 0.15432567764094873 3.1243584443659485 19.757517292469835 7.594162154964226 11.40220789857663 1.7890949361758857 5.411398421597173 21.28962400189641 -0.9711027116372328 7.161986331843391 2.709573807233596 -6.764338442377848 -4.614849146888156 -8.124627122851036 0.9290919068354242
22.24448897795591 10.594726102112109 1.7128972889128136 5.187968066950663 3.220044255446677 -1.8102927596124374 -0.39261679476531697 14.134632678676578 20.7935767765715 34.68217208060068 16.759159308646066 19.27217581512571 8.554242794982894 12.930695361710388 0.1593839824908807 3.1294167492158627 19.762575597319756 7.59922045981414 11.407266203426545 1.7941532410258176 5.416456726447105 21.294682306746324 -0.9660444067873009 7.167044636693305 2.714632112083528 -6.759280137527933 -4.609790842038242 -8.119568818001104 0.9341502116853384
22.304609218436873 10.599769400889443 1.7179405876901654 5.193011365728015 3.2250875542240287 -1.8052494608351033 -0.3875734959879651 14.13967597745393 20.798620075348843 34.687215379378024 16.7642026074234 19.27721911390305 8.559286093760228 12.93573866048774 0.16442728126821482 3.1344600479932145 19.767618896097098 7.604263758591492 11.412309502203897 1.7991965398031518 5.421500025224439 21.29972560552367 -0.9610011080099667 7.172087935470657 2.7196754108608623 -6.754236838750582 -4.604747543260908 -8.11452551922377 0.9391935104626725
22.364729458917836 10.604797788786495 1.722968975587218 5.19803975362505 3.230115942121081 -1.8002210729380508 -0.3825451080909126 14.144704365350982 20.803648463245892 34.692243767275066 16.769230995320452 19.282247501800104 8.56431448165728 12.940767048384792 0.16945566916526733 3.139488435890267 19.772647283994143 7.609292146488527 11.417337890100931 1.8042249277002043 5.426528413121492 21.304753993420718 -0.9559727201129142 7.177116323367692 2.724703798757915 -6.749208450853547 -4.5997191553638554 -8.109497131326718 0.944221898359725
22.4248496993988 10.609811359893566 1.7279825466942889 5.203053324732121 3.2351295132281344 -1.7952075018309799 -0.3775315369838417 14.149717936458053 20.808662034352963 34.69725733838214 16.774244566427523 19.287261072907175 8.569328052764352 12.945780619491863 0.17446924027233823 3.144502006997338 19.777660855101214 7.614305717595598 11.422351461208002 1.8092384988072752 5.431541984228563 21.30976756452779 -0.9509591490058433 7.1821298944747625 2.7297173698649857 -6.744194879746476 -4.5947055842567845 -8.104483560219647 0.9492354694667959
22.484969939879758 10.614810210070615 1.7329813968713381 5.20805217490917 3.2401283634051836 -1.7902086516539306 -0.3725326868067924 14.154716786635102 20.813660884530016 34.70225618855918 16.779243416604572 19.292259923084224 8.5743269029414 12.950779469668912 0.1794680904493875 3.149500857174387 19.782659705278263 7.619304567772647 11.427350311385052 1.8142373489843244 5.436540834405612 21.31476641470484 -0.9459602988287941 7.187128744651812 2.734716220042035 -6.739196029569427 -4.589706734079735 -8.099484710042598 0.9542343196438452
22.54509018036072 10.619794431905394 1.7379656187061165 5.213036396743966 3.24511258523998 -1.7852244298191344 -0.367548464972014 14.159701008469881 20.8186451063648 34.70724041039397 16.78422763843935 19.297244144919002 8.579311124776197 12.955763691503691 0.18445231228416592 3.1544850790091656 19.787643927113052 7.624288789607443 11.432334533219848 1.8192215708191029 5.4415250562403905 21.319750636539627 -0.9409760769940156 7.192112966486608 2.7397004418768134 -6.7342118077346305 -4.584722512244939 -8.094500488207819 0.9592185414786236
22.605210420841683 10.624764118136447 1.742935304937152 5.218006082975002 3.2500822714710154 -1.7802547435880989 -0.36257877874097844 14.164670694700916 20.823614792595837 34.71221009662501 16.789197324670386 19.302213831150045 8.584280811007233 12.960733377734726 0.18942199851520147 3.159454765240201 19.792613613344088 7.629258475838479 11.437304219450883 1.8241912570501562 5.446494742471426 21.324720322770663 -0.9360063907629623 7.1970826527176435 2.744670128107849 -6.729242121503595 -4.5797528260139035 -8.089530801976766 0.9641882277096769
22.665330661322646 10.629719360700616 1.7478905475013207 5.2229613255391705 3.255037514035184 -1.7752995010239303 -0.35762353617680986 14.169625937265103 20.828570035160006 34.71716533918919 16.794152567234573 19.307169073714217 8.589236053571401 12.965688620298895 0.1943772410793878 3.1644100078043698 19.797568855908263 7.6342137184026475 11.442259462015052 1.8291464996143247 5.451449985035612 21.32967556533483 -0.9310511481987938 7.202037895281812 2.7496253706720353 -6.724286878939426 -4.574797583449735 -8.084575559412597 0.9691434702738455
