web/models/mosfit_kne/mosfit_kn_3.0000/mosfit_kn_0.041628_0.0927_3.0000.dat
# %ECSV 1.0
# ---
# datatype:
# - {name: time, datatype: float64}
# - {name: PS1_g, datatype: float64}
# - {name: PS1_i, datatype: float64}
# - {name: PS1_r, datatype: float64}
# - {name: PS1_w, datatype: float64}
# - {name: PS1_y, datatype: float64}
# - {name: PS1_z, datatype: float64}
# - {name: swift_uvot_B, datatype: float64}
# - {name: swift_uvot_U, datatype: float64}
# - {name: swift_uvot_uvm2, datatype: float64}
# - {name: swift_uvot_uvw1, datatype: float64}
# - {name: swift_uvot_uvw2, datatype: float64}
# - {name: swift_uvot_V, datatype: float64}
# - {name: johnson_B, datatype: float64}
# - {name: johnson_I, datatype: float64}
# - {name: johnson_R, datatype: float64}
# - {name: johnson_U, datatype: float64}
# - {name: johnson_V, datatype: float64}
# - {name: sdss_g, datatype: float64}
# - {name: sdss_i, datatype: float64}
# - {name: sdss_r, datatype: float64}
# - {name: sdss_u, datatype: float64}
# - {name: sdss_z, datatype: float64}
# - {name: ATLAS_c, datatype: float64}
# - {name: ATLAS_o, datatype: float64}
# - {name: ukirt_H, datatype: float64}
# - {name: ukirt_J, datatype: float64}
# - {name: ukirt_K, datatype: float64}
# - {name: Clear, datatype: float64}
# meta: !!omap
# - comment: [kappa = 3.0, type = rprocess, mass = 0.04162766037032262, velocity = 0.09266666666666673, theta_obs = 0.0, tfloor = 1000.0]
# schema: astropy-2.0
time PS1_g PS1_i PS1_r PS1_w PS1_y PS1_z swift_uvot_B swift_uvot_U swift_uvot_uvm2 swift_uvot_uvw1 swift_uvot_uvw2 swift_uvot_V johnson_B johnson_I johnson_R johnson_U johnson_V sdss_g sdss_i sdss_r sdss_u sdss_z ATLAS_c ATLAS_o ukirt_H ukirt_J ukirt_K Clear
[from data line 170]
10.280561122244489 -5.767482178130869 -10.360981688022424 -8.596135183891107 -9.136022248501554 -12.016849037306567 -11.378844258271421 -3.9397800111873336 -0.9963417451887044 7.895082119991465 -0.3266514221394696 1.578728839072984 -7.014313893541424 -4.307256956912248 -11.305173642788688 -9.464693797854064 -1.4306229501191514 -7.296529979847343 -5.341804304892346 -10.322661099263275 -8.528309218315115 -0.3461836163585197 -11.587082749778475 -7.30788874620071 -9.633082849444161 -13.986654295236905 -13.192040616837167 -14.375171369624498 -10.048050273123383
10.34068136272545 -5.682437203494857 -10.307792543921046 -8.530090375655757 -9.079182532687096 -11.977461690815225 -11.333828317620238 -3.842292930471266 -0.8721391852543012 8.064852776279846 -0.2305947563654871 1.6756414555307377 -6.935806415512407 -4.214234255574997 -11.256267133877486 -9.405417350499487 -1.3104387028526543 -7.221377519441423 -5.253859554094866 -10.269118960416908 -8.461340935587955 -0.2231353196185104 -11.544214412239295 -7.235899899481915 -9.576523743366447 -13.968580179294888 -13.164216236156284 -14.363933609249367 -10.000270964124987
10.400801603206412 -5.596833349704351 -10.254190192497354 -8.463574882214306 -9.02194996111632 -11.937728314110778 -11.288436853308763 -3.7441814270271854 -0.7471742538019652 8.235425956953929 -0.13406435714847076 1.773100282924617 -6.85675456838488 -4.12063767472754 -11.206971653980997 -9.345734191146555 -1.1895137208720041 -7.145720088970166 -5.165342340491765 -10.215162242880815 -8.393892385041877 -0.09932461017992722 -11.500988482371497 -7.163434937543496 -9.519562268437038 -13.950278279919866 -13.136110229040339 -14.35250933830737 -9.95216226079135
10.460921843687375 -5.510732125458411 -10.200216335305736 -8.396638458000538 -8.964368503897049 -11.897681976235805 -11.242706430958425 -3.645514782657396 -0.6215326794526275 8.406685733319602 -0.03712806770048216 1.8710376997988978 -6.777215765703162 -4.026534037416866 -11.157326271630616 -9.28569027486055 -1.0679313766847298 -7.069613349945187 -5.076315989952711 -10.160832877796597 -8.326013856742769 0.02516342169347041 -11.457440299331125 -7.090547269306917 -9.46224241146469 -13.931768389102304 -13.107748489241187 -14.340914092476778 -9.9037626220559
10.521042084168336 -5.424116832034116 -10.145859958530963 -8.329267855304039 -8.906426502633256 -11.857314075771601 -11.196627440674831 -3.5462741143167085 -0.4951906438481577 8.578662171149706 0.060233220454222636 1.9694737304833656 -6.697174442798198 -3.931905582181376 -11.10732076827101 -9.22527398108291 -0.9456687140187302 -6.9930426793611185 -4.9867633007295 -10.106119798700544 -8.25769189854924 0.15035230855039217 -11.413560748547091 -7.0172225481912776 -9.404552752324715 -13.913045688028907 -13.079124495759407 -14.329144268636894 -9.855062134804768
10.581162324649299 -5.3369664395241045 -10.09110711568539 -8.261446330952555 -8.848109235718642 -11.816613687085429 -11.150187698186222 -3.4464356557186546 -0.36811825956823063 8.751393288767094 0.15804328574002868 2.0684331570890326 -6.616610979532383 -3.8367298861219585 -11.056942184622287 -9.164470521049275 -0.8226968886970564 -6.915989569495015 -4.896662612723048 -10.051008991362114 -8.18890951807548 0.27627160380335525 -11.369338243471372 -6.943442687057324 -9.346478811006875 -13.894103985536182 -13.05022992039264 -14.317195198591948 -9.806048239517686
10.64128256513026 -5.249315481277428 -10.035981333580626 -8.193201912656694 -8.789441443095196 -11.775599510443353 -11.103407849993268 -3.346038290040286 -0.2403634962166199 8.92481378435965 0.25626436305021416 2.1678785667021008 -6.535557643018504 -3.7410445716849456 -11.006212592126012 -9.103305959305274 -0.699062625648612 -6.838485442106845 -4.806049476856931 -9.995524114908818 -8.119695030760408 0.40287364573401874 -11.324792791285407 -6.869237693915906 -9.288045433110366 -13.87495456527384 -13.021079468244599 -14.305075783029507 -9.756742643411354
10.701402805611222 -5.161157398911964 -9.980478425725288 -8.124529517954961 -8.73041866435976 -11.734268333488043 -11.056284261434826 -3.245074573741827 -0.11191675729936157 9.098934872638043 0.354904200847344 2.267818499218738 -6.454008336156012 -3.6448428482331825 -10.955128153444324 -9.041776136959367 -0.5747567773151306 -6.760524797523268 -4.714917134500567 -9.939660967423105 -8.050043247490155 0.5301678588689462 -11.27992103154936 -6.794601995829126 -9.22924836772415 -13.855595774527616 -12.991670802315374 -14.292784868900908 -9.707141687066603
10.761523046092185 -5.072474676859748 -9.924586804901345 -8.055415230355187 -8.671028668331235 -11.692611087293479 -11.008806809046305 -3.143524709420041 0.017246906567969456 9.273788057802964 0.45398256488521627 2.3682736729984346 -6.371946720008002 -3.5481061021720035 -10.903678113582782 -8.9798688542854 -0.4497552975038953 -6.682092297838175 -4.623247546205462 -9.883407907327513 -7.979940036629145 0.6581788952318668 -11.234713364802698 -6.719520542628086 -9.17007561338881 -13.836022503987715 -12.961997031758353 -14.280318619032089 -9.657234975632427
10.821643286573146 -4.983300619980344 -9.868329178326238 -7.98588609191988 -8.61129527707348 -11.650645822481902 -10.960995422575817 -3.0414262068267304 0.14708121877051306 9.44931063988308 0.5534631441928721 2.469208020762338 -6.28940394215966 -3.450870598435451 -10.851883773086907 -8.917609236412869 -0.32410326970145 -6.6032182631038845 -4.531074998676523 -9.826787769796184 -7.909412724323293 0.7868607595717592 -11.189189101271655 -6.644022246086738 -9.110551112637655 -13.81624563122571 -12.932072344594141 -14.267685599327356 -9.607043386550078
10.881763527054108 -4.893617988422374 -9.81169414197371 -7.915928406994954 -8.551206443705563 -11.608363610995767 -10.912840136689148 -2.9387595845413115 0.2776107304361555 9.625533695333722 0.6533653668845045 2.570641888611999 -6.206363926775141 -3.353118019692744 -10.799734546712589 -8.85498528071799 -0.19777703681041137 -6.523887608902094 -4.438381737432255 -9.769789097778023 -7.838447404276714 0.9162377045691805 -11.143338793943762 -6.568092285783145 -9.050663048112213 -13.796260119739417 -12.901889954417898 -14.254882021283242 -9.556556679177337
10.941883767535069 -4.803416130810518 -9.754674730347439 -7.845533786439205 -8.49075480338211 -11.565759030773446 -10.864334872183665 -2.8355127910473596 0.4088507585809966 9.80247603169429 0.7537013101511829 2.6725882029881167 -6.122816747643605 -3.2548371760914603 -10.747223998515196 -8.791989834895901 -0.07076190642741442 -6.444091176150441 -4.345156792615459 -9.712404896772 -7.767035539592104 1.0463248245399193 -11.097156737979947 -6.491721545810911 -8.99040426571542 -13.77606299850626 -12.871445799626267 -14.241905698839792 -9.50576868294494
11.002004008016032 -4.712731988798673 -9.697296114689031 -7.7747322077047265 -8.429966714733332 -11.522852080310173 -10.815501720141825 -2.731727447777664 0.5407499021922215 9.98006854243362 0.8544307512251597 2.775006808713553 -6.038796978140486 -3.1560682274304814 -10.694375727577114 -8.728650657065497 0.056892063545663896 -6.363862552753685 -4.251438195992048 -9.6546604790176 -7.695207435872149 1.1770710297627929 -11.050664315107781 -6.4149420522624645 -8.929801246852378 -13.755666272656606 -12.840755571150895 -14.228766054597058 -9.454702442919398
11.062124248496994 -4.621556376366716 -9.639552322251497 -7.703516464219948 -8.368835829572987 -11.479638121352611 -10.766335471730883 -2.627393161787018 0.6733214085521413 10.158327506093375 0.9555641891533821 2.8779089652389236 -5.954296075658772 -3.056801550121215 -10.641184223330093 -8.664961651358915 0.18519755578726882 -6.283193897714924 -4.157216487006146 -9.596549848109692 -7.622955757630425 1.3084893551506305 -11.00385665426927 -6.337745939902337 -8.86884785510162 -13.735067421160599 -12.809815810203327 -14.21546124126168 -9.403352653710755
11.122244488977955 -4.529872022555672 -9.58143191160433 -7.631872827537034 -8.307350081038045 -11.436108184817755 -10.716826119928964 -2.522490423006306 0.8065898584936095 10.337284069502047 1.0571209065100011 2.9813148771966493 -5.8692979298869234 -2.957018813972891 -10.587638864873565 -8.600910806299382 0.3141782490719681 -6.202070116669522 -4.062473882114013 -9.53806151059224 -7.5502665643579725 1.4406040792054142 -10.956724275942218 -6.260118360975131 -8.807532244444456 -13.71426136986617 -12.778619692477465 -14.20198743241828 -9.351709067081906
11.182364729458918 -4.437713502129377 -9.522958465695268 -7.559829371046849 -8.24553410866681 -11.39228101262578 -10.666994365901736 -2.417058193669358 0.9405071416676061 10.516873851315061 1.15906338276405 3.0851870015512763 -5.783834928512886 -2.8567575909938054 -10.533761762233961 -8.536524103976745 0.4437872789803411 -6.120522670987058 -3.9672459766102186 -9.479219181925949 -7.477168242402161 1.5733673654788838 -10.909287217642003 -6.182089264696664 -8.745879189719616 -13.693259364089927 -12.74718192184874 -14.188353444346047 -9.299793206458489
11.242484969939879 -4.34506832469582 -9.464123772449788 -7.487376220357707 -8.183379217396425 -11.348150188354271 -10.616833032965047 -2.311082359762234 1.075091124394554 10.697119315499478 1.2614056593725036 3.189540172084261 -5.697895440896137 -2.7560046984134563 -10.479545310756546 -8.471793025798348 0.5740418067424781 -6.038540762631148 -3.8715199096712283 -9.420014615256562 -7.40365075630109 1.7067968269300238 -10.861538719510264 -6.103647924038889 -8.683880209060835 -13.672057824111386 -12.715497652506238 -14.17455660106002 -9.247597733733564
11.302605210420841 -4.251922532318719 -9.4049186202502 -7.414502314168523 -8.120875682566542 -11.303708500387781 -10.566334064131997 -2.2045471525877955 1.2103617307968941 10.878045572936209 1.364163299505368 3.294390797212096 -5.611466456223433 -2.6547453859341847 -10.424980972404018 -8.406707991475628 0.7049609876380881 -5.956112283536521 -3.7752813106353322 -9.360438559430406 -7.329702866740657 1.8409121186666866 -10.813471180271303 -6.024782350045861 -8.621525788213269 -13.650652700770907 -12.68356142075971 -14.16059386305493 -9.195114430062166
11.362725450901802 -4.1583195913224635 -9.345372613068061 -7.341242900408744 -8.058054392107383 -11.258979456765736 -10.515523444275647 -2.0975015719897447 1.346258355282757 11.05957227419674 1.4672891900519685 3.3996914279156845 -5.524588711466419 -2.5530267681330483 -10.370096478758601 -8.34130144863223 0.8364858333376614 -5.873276673628227 -3.6785749292015524 -9.300520782295099 -7.255360234644712 1.9756529969463799 -10.765109705597542 -5.945530140486177 -8.558846944653098 -13.629058027637802 -12.651391622545239 -14.146476189288604 -9.142370188663289
11.422845691382765 -4.064243968583927 -9.285475477686411 -7.267585648293053 -7.994904488578758 -11.213955004744989 -10.46439218581554 -1.9899280775920858 1.4828031163152746 11.241727611389024 1.570800646209563 3.5054601916966246 -5.437247733933657 -2.4508323819463347 -10.314882297503154 -8.275562644798963 0.9686376282148924 -5.790020411554051 -3.581384773513694 -9.240250965606602 -7.180610339099207 2.1110412888682184 -10.716445797071597 -5.865877932076646 -8.495833034898066 -13.607269250598184 -12.618982135449349 -14.132200140709015 -9.089355796972693
11.482965931863728 -3.969670814674515 -9.225210631575269 -7.193510708755948 -7.931408542513001 -11.16862209216178 -10.412925762067875 -1.8817986209491366 1.6200312002455954 11.424556775805424 1.6747250262897677 3.6117254993052375 -5.349420318478971 -2.348135751752562 -10.259323002317188 -8.20947403262376 1.1014503329246383 -5.706321624661272 -3.483685261766638 -9.179612449486658 -7.105433041346334 2.2471117887287484 -10.667465641920568 -5.785804327993116 -8.432466848941242 -13.585278872863745 -12.586322954912903 -14.117760001988058 -9.036056378132642
11.543086172344688 -3.874651816327095 -9.164613250023432 -7.119059964227397 -7.867603209734035 -11.123008639417904 -10.36115504933214 -1.7731714824931821 1.7578704447353746 11.60796475305396 1.7790064012265643 3.7184307599620294 -5.261154928102408 -2.244992800565861 -10.203451525372184 -8.143074022411067 1.2348537481091415 -5.622227123957175 -3.385529606633959 -9.118640601854722 -7.029870731665522 2.383792776330793 -10.618199034163851 -5.705353990892856 -8.368785167833561 -13.563103507937962 -12.553435893637664 -14.103168712745225 -8.982503772901449
11.603206412825651 -3.779176400700379 -9.10367640929735 -7.044225081746216 -7.803481131124972 -11.077109240467102 -10.309073995022136 -1.6640347212805218 1.8963359981232843 11.79197077496974 1.8836566395462566 3.8255885072484443 -5.1724417388970005 -2.1413924047256434 -10.147261462469476 -8.076355483269381 1.3688623923349463 -5.537727847237385 -3.2869069244367566 -9.057328471980313 -6.953914940422106 2.5210991591420218 -10.568640296133296 -5.624517832520954 -8.304780835417382 -13.540740149883808 -12.520316879747176 -14.088424024629107 -8.928691787866398
11.663326653306612 -3.6832163359567716 -9.042381230797751 -6.968983479674016 -7.73902248741587 -11.030909018993214 -10.256666053233712 -1.5543564775076313 2.035467780996978 11.976626300320078 1.9887066935598345 3.9332308084349745 -5.083254377243958 -2.037304455912356 -10.090735241438662 -8.009298400119917 1.5035148155531597 -5.452798898423745 -3.1877881531222307 -8.995657092737588 -6.877542761178148 2.659070426167016 -10.518773680476698 -5.543271535506413 -8.240434249014772 -13.518180220515797 -12.486954488359688 -14.073519380013868 -8.874603486546047
11.723446893787575 -3.5868202209509725 -8.980760816782318 -6.89337455472165 -7.674261706363765 -10.984434257986795 -10.203960287608815 -1.4441915570142172 2.175197932302382 12.161842428038142 2.094104158427044 4.041304500809627 -4.993638447157569 -1.9327815014772514 -10.033903852040613 -7.941938867602379 1.638744996380186 -5.367484307042269 -3.088223326046684 -8.933659747691358 -6.800794077016885 2.7976391154421876 -10.468627228217997 -5.461657063638654 -8.175779971001003 -13.49543935301188 -12.453369250379625 -14.0584669437548 -8.82026874475164
11.783567134268537 -3.4900006615212398 -8.918823927056838 -6.817408671332181 -7.609207777229461 -10.93769196843665 -10.150964406846512 -1.333554169319956 2.3155090677604484 12.347596263691788 2.1998357790144323 4.149796356181238 -4.903605851226279 -1.8278373366658978 -9.976775539567086 -7.874286660483361 1.7745358900641395 -5.281795805114677 -2.9882254222022375 -8.871345251211427 -6.723679364757924 2.9367878480018383 -10.418208470760852 -5.379685311442017 -8.110827166672205 -13.472521835724931 -12.41956672874151 -14.043270099504708 -8.765695463173202
11.843687374749498 -3.392710091671809 -8.856538591785554 -6.741047645902505 -7.543827234017968 -10.890656900988827 -10.09765037261177 -1.2223906487696745 2.4564682220905354 12.533974643999596 2.3059533841077777 4.258759783683313 -4.813112099327761 -1.7224210653853194 -9.919320501417818 -7.806307652704761 1.910952348359174 -5.195691165176563 -2.887745477658523 -8.808681477892257 -6.646159911385272 3.076583015984067 -10.367490633295446 -5.297315283720767 -8.045542598250552 -13.449412981687148 -12.385527441768128 -14.027917561177981 -8.710854936951424
