web/models/mosfit_kne/mosfit_kn_3.0000/mosfit_kn_0.077496_0.3277_3.0000.dat
# %ECSV 1.0
# ---
# datatype:
# - {name: time, datatype: float64}
# - {name: PS1_g, datatype: float64}
# - {name: PS1_i, datatype: float64}
# - {name: PS1_r, datatype: float64}
# - {name: PS1_w, datatype: float64}
# - {name: PS1_y, datatype: float64}
# - {name: PS1_z, datatype: float64}
# - {name: swift_uvot_B, datatype: float64}
# - {name: swift_uvot_U, datatype: float64}
# - {name: swift_uvot_uvm2, datatype: float64}
# - {name: swift_uvot_uvw1, datatype: float64}
# - {name: swift_uvot_uvw2, datatype: float64}
# - {name: swift_uvot_V, datatype: float64}
# - {name: johnson_B, datatype: float64}
# - {name: johnson_I, datatype: float64}
# - {name: johnson_R, datatype: float64}
# - {name: johnson_U, datatype: float64}
# - {name: johnson_V, datatype: float64}
# - {name: sdss_g, datatype: float64}
# - {name: sdss_i, datatype: float64}
# - {name: sdss_r, datatype: float64}
# - {name: sdss_u, datatype: float64}
# - {name: sdss_z, datatype: float64}
# - {name: ATLAS_c, datatype: float64}
# - {name: ATLAS_o, datatype: float64}
# - {name: ukirt_H, datatype: float64}
# - {name: ukirt_J, datatype: float64}
# - {name: ukirt_K, datatype: float64}
# - {name: Clear, datatype: float64}
# meta: !!omap
# - comment: [kappa = 3.0, type = rprocess, mass = 0.07749594937791414, velocity = 0.32766666666666666, theta_obs = 0.0, tfloor = 1000.0]
# schema: astropy-2.0
time PS1_g PS1_i PS1_r PS1_w PS1_y PS1_z swift_uvot_B swift_uvot_U swift_uvot_uvm2 swift_uvot_uvw1 swift_uvot_uvw2 swift_uvot_V johnson_B johnson_I johnson_R johnson_U johnson_V sdss_g sdss_i sdss_r sdss_u sdss_z ATLAS_c ATLAS_o ukirt_H ukirt_J ukirt_K Clear
[from data line 259]
15.631262525050099 6.588665752735476 -2.293163060463801 1.1819077175740311 -0.7860160939299554 -5.81635310898907 -4.3986771441419314 10.128572329299963 16.787516427194866 30.676111731224044 12.753098959269433 15.266115465749085 4.548182445606261 8.924635012333773 -3.8466763668857515 -0.8766436001607516 15.756515247943124 3.593160110437508 7.401205854049913 -2.2119071083508146 1.410396377070473 17.288621957369692 -4.972104756163933 3.1609842873166727 -1.291428237293104 -10.765340486904565 -8.615851191414874 -12.125629167377737 -3.071910137691294
15.691382765531062 6.599168210137645 -2.2826606030616325 1.1924101749762173 -0.7755136365277693 -5.805850651586901 -4.388174686739763 10.139074786702132 16.798018884597052 30.68661418862622 12.763601416671602 15.276617923151253 4.558684903008429 8.935137469735942 -3.836173909483583 -0.8661411427585832 15.767017705345292 3.6036625678396943 7.411708311452099 -2.2014046509486462 1.4208988344726414 17.299124414771878 -4.961602298761765 3.171486744718859 -1.2809257798909357 -10.754838029502379 -8.605348734012688 -12.115126709975568 -3.0614076802891255
15.751503006012024 6.609593316928368 -2.272235496270909 1.202835281766923 -0.7650885297370635 -5.795425544796178 -4.37774957994904 10.149499893492855 16.808443991387758 30.697039295416932 12.774026523462325 15.287043029941977 4.569110009799153 8.945562576526665 -3.8257488026928597 -0.8557160359678597 15.777442812136016 3.6140876746304 7.4221334182428045 -2.1909795441579227 1.431323941263365 17.309549521562584 -4.951177191971041 3.1819118515095646 -1.2705006731002122 -10.744412922711673 -8.594923627221982 -12.104701603184845 -3.050982573498402
15.811623246492985 6.619942336737736 -2.261886476461541 1.2131843015763089 -0.7547395099276777 -5.785076524986792 -4.3674005601396715 10.159848913302223 16.818793011197144 30.707388315226314 12.784375543271693 15.297392049751345 4.579459029608539 8.955911596336033 -3.8153997828834916 -0.8453670161584916 15.787791831945402 3.624436694439786 7.43248243805219 -2.1806305243485546 1.441672961072733 17.31989854137197 -4.940828172161673 3.1922608713189504 -1.260151653290844 -10.734063902902287 -8.584574607412597 -12.094352583375477 -3.040633553689016
15.871743486973948 6.630216146768788 -2.251612666430489 1.2234581116073606 -0.7444656998966259 -5.77480271495574 -4.35712675010862 10.170122723333275 16.829066821228196 30.717662125257366 12.794649353302745 15.307665859782396 4.5897328396395904 8.966185406367085 -3.80512597285244 -0.8350932061274399 15.798065641976454 3.6347105044708377 7.442756248083242 -2.170356714317485 1.4519467711037848 17.33017235140302 -4.930554362130604 3.202534681350002 -1.2498778432597923 -10.723790092871235 -8.574300797381545 -12.084078773344407 -3.0303597436579643
15.931863727454909 6.64041620773002 -2.2414126054692574 1.2336581725685924 -0.7342656389353941 -5.764602653994508 -4.346926689147388 10.180322784294507 16.839266882189428 30.727862186218598 12.804849414263977 15.317865920743628 4.599932900600822 8.976385467328317 -3.794925911891208 -0.824893145166208 15.808265702937685 3.6449105654320695 7.452956309044474 -2.160156653356271 1.4621468320650166 17.340372412364253 -4.920354301169372 3.212734742311234 -1.2396777822985605 -10.713590031910003 -8.564100736420313 -12.073878712383175 -3.0201596826967325
15.991983967935871 6.65054409089338 -2.2312847223058974 1.2437860557319347 -0.7241377557720519 -5.754474770831166 -4.336798805984028 10.190450667457867 16.84939476535277 30.737990069381947 12.814977297427337 15.327993803906988 4.6100607837641645 8.986513350491677 -3.784798028727848 -0.814765262002848 15.818393586101028 3.6550384485954117 7.463084192207816 -2.150028770192911 1.4722747152283766 17.350500295527596 -4.9102264180060295 3.2228626254745762 -1.2295498991352005 -10.703462148746661 -8.55397285325697 -12.063750829219833 -3.0100317995333903
16.052104208416832 6.660601322689921 -2.2212274905093565 1.2538432875284755 -0.7140805239754933 -5.744417539034625 -4.326741574187487 10.200507899254408 16.85945199714933 30.7480473011785 12.825034529223878 15.33805103570353 4.620118015560705 8.996570582288218 -3.774740796931307 -0.8047080302063072 15.828450817897568 3.6650956803919525 7.473141424004375 -2.13997153839637 1.4823319470249174 17.360557527324154 -4.900169186209489 3.232919857271135 -1.2194926673386597 -10.69340491695012 -8.54391562146043 -12.053693597423292 -2.9999745677368495
16.112224448897795 6.67058881842447 -2.2112399947748074 1.2638307832630247 -0.7040930282409619 -5.734430043300076 -4.316754078452938 10.210495394988957 16.86943949288386 30.75803479691304 12.835022024958427 15.348038531438078 4.6301055112952545 9.006558078022767 -3.764753301196758 -0.7947205344717581 15.838438313632118 3.6750831761265017 7.483128919738906 -2.129984042661821 1.4923194427594666 17.370545023058686 -4.89018169047494 3.2429073530056662 -1.2095051716041105 -10.683417421215571 -8.53392812572588 -12.043706101688743 -2.9899870720023003
16.172344689378757 6.680507644523228 -2.201321168676049 1.2737496093618006 -0.694174202142186 -5.7245112172013 -4.30683525235418 10.220414221087715 16.879358318982636 30.767953623011802 12.844940851057185 15.357957357536836 4.64002433739403 9.016476904121525 -3.754834475098 -0.7848017083729999 15.848357139730894 3.6850020022252776 7.493047745837682 -2.120065216563063 1.5022382688582248 17.38046384915746 -4.880262864376181 3.252826179104442 -1.1995863455053524 -10.673498595116795 -8.524009299627105 -12.033787275589985 -2.9800682459035244
16.23246492985972 6.690359369467345 -2.1914694437319326 1.2836013343059172 -0.6843224771980694 -5.714659492257184 -4.296983527410063 10.230265946031832 16.889210043926752 30.777805347955923 12.854792576001302 15.367809082480953 4.649876062338147 9.026328629065642 -3.7449827501538833 -0.7749499834288833 15.85820886467501 3.694853727169394 7.502899470781799 -2.1102134916189463 1.5120899938023413 17.390315574101578 -4.870411139432065 3.2626779040485587 -1.1897346205612358 -10.663646870172679 -8.514157574682988 -12.023935550645868 -2.970216520959408
16.29258517034068 6.700145193215228 -2.1816836199840495 1.2933871580538003 -0.6745366534501862 -5.704873668509318 -4.28719770366218 10.240051769779715 16.898995867674635 30.787591171703806 12.864578399749185 15.377594906228836 4.659661886086012 9.036114452813525 -3.735196926406 -0.7651641596810002 15.867994688422876 3.7046395509172774 7.512685294529682 -2.100427667871063 1.5218758175502245 17.40010139784946 -4.860625315684182 3.272463727796442 -1.1799487968133526 -10.653861046424796 -8.504371750935105 -12.014149726897985 -2.9604306972115424
16.352705410821642 6.709866433279306 -2.1719623799199717 1.3031083981178604 -0.6648154133861262 -5.69515242844524 -4.277476463598102 10.249773009843793 16.908717107738696 30.797312411767873 12.874299639813263 15.387316146292914 4.66938312615009 9.045835692877603 -3.7254756863419223 -0.7554429196169401 15.877715928486953 3.7143607909813374 7.522406534593742 -2.0907064278069853 1.5315970576143023 17.40982263791352 -4.850904075620104 3.282184967860502 -1.1702275567492748 -10.644139806360736 -8.494650510871045 -12.004428486833907 -2.9507094571474646
16.412825651302605 6.719523769355931 -2.1623050438433467 1.3127657341944854 -0.6551580773095012 -5.685495092368615 -4.267819127521477 10.259430345920418 16.91837444381532 30.806969747844494 12.883956975889888 15.396973482369539 4.679040462226715 9.055493028954228 -3.7158183502652973 -0.7457855835403151 15.887373264563578 3.7240181270579624 7.532063870670367 -2.0810490917303603 1.5412543936909273 17.419479973990146 -4.841246739543479 3.291842303937127 -1.1605702206726498 -10.63448247028411 -8.48499317479442 -11.994771150757282 -2.9410521210708396
16.472945891783567 6.729118571200825 -2.1527102419984523 1.3223605360393798 -0.6455632754646068 -5.675900290523721 -4.258224325676583 10.269025147765312 16.927969245660215 30.816564549689392 12.893551777734782 15.406568284214433 4.68863526407161 9.065087830799122 -3.706223548420403 -0.736190781695403 15.896968066408473 3.733612928902857 7.541658672515261 -2.071454289885466 1.5508491955358217 17.42907477583504 -4.8316519376985845 3.3014371057820213 -1.1509754188277554 -10.624887668439216 -8.475398372949526 -11.985176348912388 -2.931457319225945
16.53306613226453 6.738651992048883 -2.1431768211503943 1.3318939568874377 -0.6360298546165488 -5.666366869675663 -4.248690904828525 10.27855856861337 16.937502666508273 30.82609797053745 12.90308519858284 15.416101705062491 4.6981686849196675 9.074621251647162 -3.696690127572345 -0.7266573608473628 15.90650148725653 3.7431463497509148 7.551192093363319 -2.061920869037408 1.5603826163838797 17.4386081966831 -4.8221185168505265 3.3109705266300793 -1.1414419979796975 -10.615354247591158 -8.465864952101468 -11.97564292806433 -2.9219238983778872
16.59318637274549 6.748125313697493 -2.1337034995018023 1.3413672785360475 -0.626556532967939 -5.656893548027053 -4.239217583179933 10.288031890261962 16.946975988156883 30.83557129218605 12.912558520231432 15.425575026711083 4.707642006568277 9.084094573295772 -3.687216805923753 -0.717184039198753 15.91597480890514 3.7526196713995246 7.560665415011929 -2.052447547388798 1.5698559380324717 17.44808151833171 -4.812645195201917 3.320443848278689 -1.1319686763310877 -10.605880925942548 -8.456391630452858 -11.96616960641572 -2.9124505767292774
16.65330661322645 6.757539613725907 -2.124289199473388 1.3507815785644617 -0.6171422329395249 -5.647479247998639 -4.229803283151519 10.297446190290376 16.956390288185297 30.844985592214467 12.921972820259846 15.434989326739498 4.7170563065966915 9.093508873324186 -3.6778025058953387 -0.7077697391703388 15.925389108933555 3.7620339714279387 7.570079715040343 -2.043033247360384 1.5792702380608858 17.457495818360123 -4.8032308951735025 3.3298581483071032 -1.1225543763026735 -10.596466625914134 -8.446977330424444 -11.956755306387306 -2.9030362767008633
16.713426853707414 6.766895541010491 -2.1149332721888037 1.3601375058490461 -0.6077863056549404 -5.638123320714055 -4.220447355866934 10.30680211757496 16.96574621546988 30.854341519499062 12.931328747544448 15.4443452540241 4.726412233881276 9.10286480060877 -3.6684465786107365 -0.6984138118857544 15.934745036218139 3.771389898712523 7.579435642324928 -2.0336773200757996 1.588626165345488 17.466851745644707 -4.793874967888918 3.3392140755916877 -1.113198449018089 -10.58711069862955 -8.43762140313986 -11.947399379102722 -2.893680349416279
16.773547094188377 6.776194126051127 -2.10563468714815 1.3694360908896819 -0.5984877206143047 -5.628824735673419 -4.211148770826281 10.316100702615614 16.975044800510517 30.863640104539694 12.940627332585084 15.453643839064735 4.735710818921912 9.112163385649406 -3.659147993570101 -0.6891152268451186 15.944043621258775 3.780688483753159 7.588734227365563 -2.024378735035164 1.5979247503861238 17.476150330685343 -4.784576382848282 3.3485126606323234 -1.1038998639774533 -10.577812113588914 -8.428322818099224 -11.938100794062086 -2.884381764375643
16.83366733466934 6.785436709268353 -2.096392103930924 1.378678674106908 -0.5892451373970786 -5.619582152456193 -4.201906187609055 10.32534328583284 16.984287383727743 30.872882687756917 12.94986991580231 15.462886422281962 4.744953402139138 9.121405968866632 -3.6499054103528747 -0.6798726436278926 15.953286204476 3.789931066970385 7.597976810582789 -2.015136151817938 1.6071673336033498 17.48539291390257 -4.775333799631056 3.3577552438495495 -1.0946572807602273 -10.568569530371688 -8.419080234881998 -11.92885821084486 -2.875139181158417
16.8937875751503 6.7946242989150285 -2.087204514284249 1.387866263753601 -0.5800575477503855 -5.6103945628095 -4.192718597962379 10.334530875479516 16.993474973374436 30.882070277403603 12.959057505448985 15.472074011928637 4.754140991785813 9.130593558513326 -3.6407178207061994 -0.6706850539811995 15.962473794122694 3.799118656617078 7.6071644002294825 -2.0059485621712625 1.6163549232500252 17.494580503549262 -4.766146209984381 3.3669428334962426 -1.085469691113552 -10.559381940724995 -8.409892645235304 -11.919670621198184 -2.8659515915117417
16.95390781563126 6.803757751030606 -2.0780710621686893 1.3969997158691605 -0.570924095634826 -5.60126111069394 -4.18358514584682 10.343664327595075 17.002608425489996 30.891203729519173 12.968190957564563 15.481207464044214 4.76327444390139 9.139727010628885 -3.63158436859064 -0.66155160186564 15.971607246238253 3.8082521087326375 7.616297852345042 -1.9968151100556852 1.6254883753656024 17.50371395566482 -4.757012757868804 3.376076285611802 -1.0763362389979747 -10.550248488609435 -8.400759193119745 -11.910537169082607 -2.8568181393961645
17.014028056112224 6.812837830596887 -2.0689909826024078 1.406079795435442 -0.5618440160685445 -5.592181031127659 -4.174505066280538 10.352744407161357 17.011688505056277 30.900283809085447 12.977271037130826 15.490287543610478 4.772354523467672 9.148807090195167 -3.6225042890243584 -0.6524715222993585 15.980687325804535 3.817332188298919 7.6253779319113235 -1.9877350304894037 1.6345684549318662 17.512794035231103 -4.747932678302522 3.3851563651780836 -1.0672561594316932 -10.541168409043154 -8.391679113553463 -11.901457089516326 -2.847738059829883
17.074148296593187 6.8218655451736865 -2.0599632680256086 1.4151075100122412 -0.5528163014917453 -5.58315331655086 -4.165477351703739 10.361772121738156 17.020716219633076 30.909311523662257 12.986298751707643 15.499315258187295 4.781382238044471 9.157834804771966 -3.6134765744475414 -0.6434438077225593 15.989715040381334 3.8263599028757183 7.634405646488123 -1.9787073159126045 1.6435961695086831 17.521821749807902 -4.738904963725723 3.394184079754883 -1.058228444854894 -10.532140694466355 -8.382651398976664 -11.892429374939526 -2.8387103452530837
17.13426853707415 6.830841863389541 -2.0509869498097366 1.4240838282281132 -0.5438399832758734 -5.574176998335005 -4.156501033487867 10.370748439954028 17.02969253784895 30.918287841878115 12.995275069923498 15.508291576403149 4.790358556260325 9.166811122987838 -3.6045002562316872 -0.6344674895066873 15.998691358597206 3.8353362210915902 7.643381964703995 -1.9697309976967503 1.6525724877245374 17.530798068023774 -4.729928645509869 3.4031603979707548 -1.0492521266390398 -10.523164376250483 -8.373675080760792 -11.883453056723672 -2.8297340270372295
17.19438877755511 6.8397676709829724 -2.0420611422163226 1.4330096358215272 -0.5349141756824594 -5.565251190741574 -4.147575225894453 10.379674247547442 17.038618345442362 30.927213649471543 13.00420087751693 15.517217383996563 4.799284363853757 9.175736930581252 -3.5955744486382732 -0.6255416819132733 16.00761716619062 3.844262028685004 7.652307772297409 -1.9608051901033186 1.661498295317969 17.539723875617188 -4.721002837916437 3.4120862055641688 -1.040326319045608 -10.514238568657069 -8.364749273167378 -11.87452724913024 -2.820808219443798
17.25450901803607 6.848643815289783 -2.033184997909494 1.4418857801283558 -0.5260380313756308 -5.556375046434745 -4.138699081587625 10.38855039185427 17.04749448974919 30.93608979377836 13.01307702182374 15.526093528303392 4.808160508160568 9.18461307488808 -3.5866983043314447 -0.6166655376064447 16.01649331049745 3.853138172991833 7.661183916604237 -1.9519290457965077 1.67037443962478 17.548600019924017 -4.712126693609626 3.4209623498709973 -1.0314501747387972 -10.50536242435024 -8.35587312886055 -11.86565110482343 -2.811932075136987
