web/models/mosfit_kne/mosfit_kn_3.0000/mosfit_kn_0.406447_0.1240_3.0000.dat
# %ECSV 1.0
# ---
# datatype:
# - {name: time, datatype: float64}
# - {name: PS1_g, datatype: float64}
# - {name: PS1_i, datatype: float64}
# - {name: PS1_r, datatype: float64}
# - {name: PS1_w, datatype: float64}
# - {name: PS1_y, datatype: float64}
# - {name: PS1_z, datatype: float64}
# - {name: swift_uvot_B, datatype: float64}
# - {name: swift_uvot_U, datatype: float64}
# - {name: swift_uvot_uvm2, datatype: float64}
# - {name: swift_uvot_uvw1, datatype: float64}
# - {name: swift_uvot_uvw2, datatype: float64}
# - {name: swift_uvot_V, datatype: float64}
# - {name: johnson_B, datatype: float64}
# - {name: johnson_I, datatype: float64}
# - {name: johnson_R, datatype: float64}
# - {name: johnson_U, datatype: float64}
# - {name: johnson_V, datatype: float64}
# - {name: sdss_g, datatype: float64}
# - {name: sdss_i, datatype: float64}
# - {name: sdss_r, datatype: float64}
# - {name: sdss_u, datatype: float64}
# - {name: sdss_z, datatype: float64}
# - {name: ATLAS_c, datatype: float64}
# - {name: ATLAS_o, datatype: float64}
# - {name: ukirt_H, datatype: float64}
# - {name: ukirt_J, datatype: float64}
# - {name: ukirt_K, datatype: float64}
# - {name: Clear, datatype: float64}
# meta: !!omap
# - comment: [kappa = 3.0, type = rprocess, mass = 0.4064473885499596, velocity = 0.12399999999999999, theta_obs = 0.0, tfloor = 1000.0]
# schema: astropy-2.0
time PS1_g PS1_i PS1_r PS1_w PS1_y PS1_z swift_uvot_B swift_uvot_U swift_uvot_uvm2 swift_uvot_uvw1 swift_uvot_uvw2 swift_uvot_V johnson_B johnson_I johnson_R johnson_U johnson_V sdss_g sdss_i sdss_r sdss_u sdss_z ATLAS_c ATLAS_o ukirt_H ukirt_J ukirt_K Clear
[from data line 453]
27.294589178356713 -0.7169880077536739 -7.825126771585182 -5.05180359732611 -6.397307746161616 -10.576668838013674 -9.485524556358271 2.110140450353332 7.2069437891944155 19.240724493466917 5.28656931066287 7.449632120224511 -2.4439161964961658 1.3040815920859534 -9.119727486607847 -6.553683540880855 6.4391534932318955 -3.0665191622348127 -0.06274919732923934 -7.760198447785864 -4.896963298401467 7.772850403579046 -9.888848749889174 -3.3413033921100244 -6.900523726147263 -14.275137448602687 -12.691927665222822 -15.22539275527773 -8.082448927616337
27.354709418837675 -0.6728585261918241 -7.7966250203628285 -5.017083446738013 -6.367943660697009 -10.554983986751942 -9.46098127513272 2.1605431046156456 7.270979412780516 19.321984492284056 5.3327364390304055 7.498423162317703 -2.402605870203847 1.3512604397353518 -9.093470753514278 -6.523500556565332 6.500982378748937 -3.027808337533899 -0.017209477422213126 -7.731542324711533 -4.861628217223153 7.836356816351273 -9.86568435383079 -3.304156258210451 -6.871166478893045 -14.264400105630253 -12.676216386937236 -15.218240548453855 -8.058205090111414
27.414829659318634 -0.6367244869979771 -7.773559691368472 -4.988818472834833 -6.344159915005978 -10.537619140963042 -9.44122576530793 2.2019233306844734 7.323762256921622 19.38915566883271 5.370564179324582 7.53845279680348 -2.3688283192285846 1.389940544920108 -9.072283369248943 -6.499035134049678 6.551918358485292 -2.9962091986081747 0.02010370699009556 -7.708348032131056 -4.832848450919016 7.88869668735952 -9.847083556431429 -3.2738628465927455 -6.847388542390149 -14.25619139767928 -12.663847866880767 -15.213030451682952 -8.038705735004115
27.474949899799597 -0.5522242256565413 -7.717576145079654 -4.921490567217752 -6.286617255921758 -10.494073880784338 -9.392462994429476 2.297871822826644 7.444598341845641 19.54133914014577 5.458727889072303 7.631445188878235 -2.2894668186779237 1.479983941215291 -9.020399330444679 -6.440014933367444 6.668719795230967 -2.921615586989607 0.10717639703360149 -7.652083492411599 -4.764395489530973 8.00856483134142 -9.800845556032947 -3.202112303169642 -6.789858859367861 -14.232629361027447 -12.631207773155298 -15.19601324211578 -7.990519997114234
27.53507014028056 -0.4639913462745682 -7.659045507663009 -4.851146253638401 -6.22647500151551 -10.448497858692978 -9.341451196924968 2.3980299089117354 7.570687946751029 19.700008908410652 5.55072978156014 7.728511252066191 -2.2065816674497123 1.5739721595392593 -8.96614112518056 -6.37834822019719 6.790600181612277 -2.8437176183439457 0.1980878567446176 -7.5932607847461675 -4.692876818092255 8.133644256872294 -9.752470958847343 -3.127166576186209 -6.729730581389184 -14.207873060131051 -12.596994446475234 -15.17807626594905 -7.940135458284576
27.595190380761522 -0.3758155338128155 -7.6005467035816565 -4.78084615494879 -6.166378366796028 -10.402941855490706 -9.290462665971795 2.498121814410731 7.696698731454408 19.85850135983757 5.6426242497533785 7.825500651918929 -2.12374435449678 1.6678798797207113 -8.911913653694718 -6.316743262999432 6.9123983365272395 -2.7658847170480323 0.2889391561431154 -7.53447077856384 -4.621400803863374 8.258643641604664 -9.704125002659545 -3.0522740716243923 -6.669648409452478 -14.18312485167755 -12.562795689830837 -15.160144000145957 -7.889800216790945
27.655310621242485 -0.2884873906860719 -7.542617936391949 -4.711228805589798 -6.106878826791817 -10.357833985014846 -9.239971751420715 2.5972555370541075 7.821518055177901 20.01542962366923 5.73359025034021 7.921548136563828 -2.0417002196823413 1.7608680805075279 -8.858218740882037 -6.2557641919916245 7.033037535064047 -2.688819319426387 0.3789169401228243 -7.476254148099599 -4.550616044054383 8.382458936565946 -9.656259451426372 -2.978112219958149 -6.610163715447932 -14.158635713044914 -12.52894291863109 -15.142409373516548 -7.839982490237922
27.715430861723444 -0.24749973807422165 -7.516225246033912 -4.67903431423542 -6.079710783399754 -10.337805761005416 -9.217270689630261 2.6441042699671415 7.881121473961166 20.090947965402265 5.776367005439305 7.966860077635843 -2.003334088025704 1.8046588758913946 -8.833928809132178 -6.227867096850599 7.090563223208182 -2.652932633120188 0.42121966958667656 -7.449718779804613 -4.517841090283721 8.44156313197212 -9.634864497328888 -2.9436634670021 -6.5830032420463525 -14.148845451917412 -12.514503654940173 -15.135973157209664 -7.817625188370911
27.775551102204407 -0.2096756758756868 -7.49198184183264 -4.649392824291425 -6.054748537495787 -10.319484323344028 -9.196461877113649 2.687382285228254 7.936269771301987 20.1608902816626 5.815845847103098 8.008705345154677 -1.9679483793832133 1.8450872710865835 -8.811642570727749 -6.202229717090149 7.1437766585386235 -2.6198587093349675 0.46026723160027316 -7.425342749870456 -4.4876589357847685 8.496246426462086 -9.615272678321354 -2.911925441282861 -6.558048162867021 -14.140051677695327 -12.501383652203797 -15.130300832418156 -7.797141920922428
27.83567134268537 -0.15909930801571548 -7.459053906798587 -4.609450662313019 -6.020890211116079 -10.294251867554287 -9.16799659321752 2.7450464938930965 8.009362614187783 20.25318709052415 5.868558337447585 8.064503712502745 -1.9205393177051213 1.8990422865289742 -8.78125880471772 -6.16749872674107 7.214352893327288 -2.5754605745045973 0.5124333048663843 -7.39224266132581 -4.447013387937169 8.568734296296636 -9.588391296799834 -2.8692602901961095 -6.524199330916769 -14.127202404060577 -12.48291187686961 -15.121508680498986 -7.769107838855813
27.895791583166332 -0.06606151769492641 -7.397216433956668 -4.535214897351061 -5.957418246690835 -10.246018301335216 -9.114046627499501 2.850615492597254 8.142215523419143 20.419932082327016 5.965333251677247 8.166763309188646 -1.833097115004574 1.9980372407856668 -8.723921264825016 -6.1024969978453685 7.342750639282361 -2.493359847931555 0.6082807628608222 -7.330101389167698 -4.371531984409831 8.700515754872278 -9.537248083012173 -2.7902147486049245 -6.460744667581242 -14.100865545240458 -12.446633884712222 -15.102346275199954 -7.715942613447488
27.955911823647295 0.02758945152411485 -7.334954506623301 -4.460482286755312 -5.893525129564807 -10.197441538338445 -9.059717422002667 2.956874402485025 8.275933542701512 20.58767305807345 6.062693774514365 8.269679012300855 -1.7450707103791998 2.097660986986472 -8.66618924366674 -6.037081669151985 7.471978664933506 -2.410731082989554 0.7047574287435765 -7.267534534108471 -4.295543469570777 8.83315331337407 -9.485751122154547 -2.7106485262060076 -6.396869646148389 -14.07432394692515 -12.41008948211089 -15.083024995838608 -7.662431635582276
28.016032064128254 0.1213489641706289 -7.2726117028362225 -4.385660419421864 -5.829562797301655 -10.148794899142306 -9.005311811771843 3.0632538618357765 8.409806452321487 20.75552554273037 6.160116260223258 8.372698654220937 -1.656935908906754 2.1973780914632672 -8.608383089685258 -5.9716127162653025 7.601349687476986 -2.328022617079772 0.8013441459396198 -7.204887250169598 -4.219461875047621 8.96594222287801 -9.434188810898867 -2.630993973181095 -6.332926146597124 -14.047737836451953 -12.373490248593571 -15.063667998750992 -7.608873642657468
28.076152304609217 0.20548867475211452 -7.216811713510403 -4.318605818523071 -5.772313019717803 -10.105348722170397 -8.956669463638978 3.1587782375298525 8.53014018150164 20.906448771709535 6.247517852167821 8.465180699225364 -1.5778659555651522 2.2868743995277856 -8.556677774081002 -5.9130184534579415 7.717615622487102 -2.2538680667575024 0.8880333077432212 -7.148813219972716 -4.151268617380879 9.085295861395704 -9.388118635521092 -2.5595843792293316 -6.275693998640737 -14.024196578544943 -12.340915310754761 -15.046649872302867 -7.561020338004507
28.13627254509018 0.2449813781208654 -7.191404875525098 -4.28760582100244 -5.746189475123771 -10.08608183902055 -8.934819461242789 3.2039297781536193 8.587625900281104 20.97911692394025 6.288617016180229 8.50881604824744 -1.540891689424744 2.3290233639382723 -8.533306962060749 -5.886231806229632 7.773077087050975 -2.219344172977011 0.928792876272464 -7.1232703928579255 -4.119701857982125 9.142293631801142 -9.367549690821484 -2.5264213144724934 -6.249579449192577 -14.014824910306485 -12.327053145026985 -15.040521146515749 -7.539571098140279
28.196392785571142 0.2840925769062963 -7.1662539071943065 -4.256912096247092 -5.720330724660574 -10.067015838429683 -8.91319309776728 3.248649498762103 8.64457176666182 21.051095747443295 6.329310706117113 8.552030472298672 -1.504275547370473 2.3707631024583757 -8.51017439879896 -5.859719250624516 7.828015170538592 -2.1851612884971745 0.969159439997469 -7.09798479232342 -4.088445900008573 9.198755367251916 -9.347194659768991 -2.4935848014817097 -6.2237297690654 -14.005567003473105 -12.313344514299283 -15.034477717422197 -7.518347520804447
28.256513026052104 0.3373162041559752 -7.131489815534646 -4.214819637240161 -5.684634585564883 -10.040297520412409 -8.883088795400607 3.3092894770245787 8.721381324113935 21.147761966298134 6.384612195799324 8.610676014078727 -1.4543497282784414 2.4274562833285667 -8.47808005444736 -5.8231637666713825 7.902167424788232 -2.138460195362126 1.0240427206489677 -7.063042897953071 -4.045609202493541 9.274923937105939 -9.318774033680501 -2.448660439221211 -6.188045864925087 -13.99181959724224 -12.293711521580269 -15.024981493088772 -7.4887843483493555
28.316633266533064 0.4159834973382992 -7.079395846351879 -4.152177732496156 -5.6312065355420415 -9.999785099909761 -8.837701243398879 3.398633389096667 8.834008066512258 21.288930992902465 6.466241557507697 8.69714093064761 -1.3804270235281215 2.5111058794998224 -8.429830942419684 -5.768509022660447 8.010964009148339 -2.069194102232161 1.1050985368755128 -7.0106934166662604 -3.98189434241381 9.38662628490789 -9.275815410638035 -2.3819448365959595 -6.1346359194437206 -13.969982794870768 -12.263401333364994 -15.009265829906456 -7.444192757352237
28.376753507014026 0.5161532277487346 -7.012653635222854 -4.072169539405888 -5.562798829046205 -9.947610529613069 -8.779392649686493 3.5122343350884124 8.976907302080726 21.467664610901483 6.5700890388419 8.807107164593827 -1.2862211278026627 2.6175225048248367 -8.367928043557502 -5.698575634060419 8.149037008000509 -1.9808701644731361 1.2082718216520405 -6.94363053335751 -3.9005337971831366 9.528359865337901 -9.220570975396889 -2.2968170701920343 -6.066251831600802 -13.94130658663041 -12.224064812190319 -14.988291880676845 -7.38691373084162
28.43687374749499 0.6158288033990544 -6.946240948239524 -3.9925591172260333 -5.494742733010209 -9.895692385877553 -8.721369131951544 3.625275729456331 9.119113672194672 21.64545264116178 6.673371369990964 8.916517421205171 -1.192475066803589 2.7233915842435823 -8.306333839686914 -5.629020682255626 8.286431882311536 -1.893003880733237 1.3109349811671756 -6.876899582326335 -3.8195747884427433 9.669403146818638 -9.165606179176464 -2.212117582956701 -5.998220197173367 -13.912777221318445 -12.184926195979136 -14.967429292211348 -7.329945801143634
28.49699398797595 0.7058462771600738 -6.886399026334118 -3.9207469323526567 -5.433421781920504 -9.848998486495653 -8.669135202359417 3.727419065359329 9.2477244058942 21.806277699657063 6.7666157161884755 9.01535444962709 -1.107832557163875 2.819008242387358 -8.250865745573279 -5.566356698376141 8.410669898206418 -1.8137185035885548 1.403661713798332 -6.81676965549638 -3.7465367159850693 9.796955963754748 -9.116155408197262 -2.135693164094139 -5.936922286973569 -13.887306458655322 -12.149829690501884 -14.948915775205831 -7.278696128886608
28.557114228456914 0.7714723493648101 -6.843163349229577 -3.868630805476112 -5.389095867755724 -9.815517955359372 -8.631543130380663 3.8020429344653275 9.341992948422746 21.924410131954538 6.834608682139418 9.087517612217205 -1.0461921935112641 2.8887770033620224 -8.210877045721336 -5.521044538826321 8.501689055962139 -1.7560673429415783 1.4712974292484482 -6.773320721597944 -3.6935094695113513 9.8904377942989 -9.080633580617441 -2.0801574492630515 -5.892614003160368 -13.869576751477462 -12.124956920711368 -14.93634962419536 -7.241850662549076
28.617234468937873 0.8129291149760043 -6.816384434445286 -3.8360310908024964 -5.36160556279377 -9.795133601770356 -8.60846311425231 3.8493982917789795 9.402228862127142 22.000271869858462 6.877604453304347 9.1332564778542 -1.0073470691964672 2.9329439737134027 -8.18622738819353 -5.492912472566521 8.559792634712505 -1.7198438633847577 1.5140713032215203 -6.74640221402786 -3.660311786598651 9.950157175790046 -9.058913068876322 -2.045317286578534 -5.865135506466945 -13.85951917364993 -12.110216438935877 -14.92967754428683 -7.219267568892871
28.677354709418836 0.8813716943873828 -6.771221540605055 -3.7816373170914197 -5.315319706096542 -9.760112175124203 -8.569165650675998 3.927196525629765 9.500460468722185 22.123257793220624 6.948467652992996 9.208485420891886 -0.9430448004751505 3.0056761323353913 -8.144442761047898 -5.445616502994633 8.654638649661866 -1.6597102696316643 1.5846023845576163 -6.701018255921252 -3.6049684957580475 10.04756821469929 -9.021775689359544 -1.987372053070473 -5.818868791221039 -13.840878767447505 -12.084148235405719 -14.916407590162189 -7.180770359024091
28.7374749498998 0.9743905792641527 -6.70931397014547 -3.707395666085045 -5.2519215191936475 -9.711756695990896 -8.515094465007778 4.032718882636556 9.633298421970853 22.289123059783314 7.044682920440319 9.310563768612635 -0.8555555682262587 3.1044106346562255 -8.087052198282809 -5.380883243251529 8.782945108591871 -1.577812470189561 1.680411433915765 -6.638815897183665 -3.5294557781484137 10.179306984603063 -8.970598653915225 -1.908387927899735 -5.755496988271052 -13.814419519222623 -12.047761405841173 -14.897127209883488 -7.1277917290643344
28.79759519038076 1.0680037532490516 -6.646995476838349 -3.6326729342130726 -5.188115195223801 -9.663068861246806 -8.460655922006985 4.138909694048633 9.766975152381345 22.455959477594988 7.141467253893339 9.413278442301497 -0.7675006408003541 3.2037535059204596 -8.029279910645403 -5.3157511523094785 8.91205561464093 -1.4954054000854786 1.7768301213885884 -6.5762016261722955 -3.453452067062681 10.31187505752305 -8.919079843208522 -1.828899024483821 -5.691718147223899 -13.787761965877488 -12.011116680893108 -14.877692778531733 -7.074478662945971
28.857715430861724 1.1606883081412356 -6.585303489910501 -3.5586989592846408 -5.124961053683883 -9.614874631338495 -8.406765212535383 4.2440508942240465 9.899346081451945 22.621109335753385 7.2372492843500424 9.514965517835577 -0.6803167923321077 3.3020931266399205 -7.972092773220726 -5.251301047334061 9.03989645827706 -1.4138380600754783 1.8722920111261665 -6.514217459841589 -3.3782071110240075 10.443145032727532 -8.868089110205837 -1.7502090177123009 -5.628592173099989 -13.761390201034816 -11.974853128769281 -14.858476284209752 -7.0217285695458465
28.917835671342683 1.236130212141937 -6.535351805844609 -3.4986476648494502 -5.073815153208621 -9.576023349228109 -8.363227838121379 4.3297382156063415 10.007435609552022 22.756113711809643 7.315206959237024 9.597803444031193 -0.609396164978702 3.3821717459222493 -7.925848037194473 -5.199101966911049 9.14425422919632 -1.3475540661721273 1.9500173438933466 -6.464026025757157 -3.317108733637877 10.550326804695853 -8.826943148268924 -1.6862819902205572 -5.577470159215565 -13.74049064391851 -11.945817205937049 -14.843463040639742 -6.979148583965564
