web/models/mosfit_kne/mosfit_kn_3.0000/mosfit_kn_0.406447_0.2963_3.0000.dat
# %ECSV 1.0
# ---
# datatype:
# - {name: time, datatype: float64}
# - {name: PS1_g, datatype: float64}
# - {name: PS1_i, datatype: float64}
# - {name: PS1_r, datatype: float64}
# - {name: PS1_w, datatype: float64}
# - {name: PS1_y, datatype: float64}
# - {name: PS1_z, datatype: float64}
# - {name: swift_uvot_B, datatype: float64}
# - {name: swift_uvot_U, datatype: float64}
# - {name: swift_uvot_uvm2, datatype: float64}
# - {name: swift_uvot_uvw1, datatype: float64}
# - {name: swift_uvot_uvw2, datatype: float64}
# - {name: swift_uvot_V, datatype: float64}
# - {name: johnson_B, datatype: float64}
# - {name: johnson_I, datatype: float64}
# - {name: johnson_R, datatype: float64}
# - {name: johnson_U, datatype: float64}
# - {name: johnson_V, datatype: float64}
# - {name: sdss_g, datatype: float64}
# - {name: sdss_i, datatype: float64}
# - {name: sdss_r, datatype: float64}
# - {name: sdss_u, datatype: float64}
# - {name: sdss_z, datatype: float64}
# - {name: ATLAS_c, datatype: float64}
# - {name: ATLAS_o, datatype: float64}
# - {name: ukirt_H, datatype: float64}
# - {name: ukirt_J, datatype: float64}
# - {name: ukirt_K, datatype: float64}
# - {name: Clear, datatype: float64}
# meta: !!omap
# - comment: [kappa = 3.0, type = rprocess, mass = 0.4064473885499596, velocity = 0.29633333333333334, theta_obs = 0.0, tfloor = 1000.0]
# schema: astropy-2.0
time PS1_g PS1_i PS1_r PS1_w PS1_y PS1_z swift_uvot_B swift_uvot_U swift_uvot_uvm2 swift_uvot_uvw1 swift_uvot_uvw2 swift_uvot_V johnson_B johnson_I johnson_R johnson_U johnson_V sdss_g sdss_i sdss_r sdss_u sdss_z ATLAS_c ATLAS_o ukirt_H ukirt_J ukirt_K Clear
[from data line 28]
1.7434869739478958 -14.66287939029197 -15.835783301783817 -15.444028871594018 -15.349866350342971 -16.06498445897172 -15.995929212036941 -14.089280223896392 -13.933308839595213 -10.811408982012786 -12.310239046056282 -10.543889620154573 -15.084388690403642 -14.148311894841385 -16.35411900930989 -15.764681815753036 -13.928803123573445 -15.132360596680366 -14.543455331352853 -15.835151922889086 -15.44063796922778 -13.09489008890166 -16.018738943361566 -14.994194125499796 -15.636236003138553 -15.943675212799274 -16.10227834730404 -15.683424607667467 -15.461734240089005
1.8036072144288577 -14.71198658700116 -15.893241343220392 -15.498207119248733 -15.404275484753516 -16.12568081924289 -16.055369334542124 -14.135586666396762 -13.97290714337121 -10.834988460977527 -12.344029470118656 -10.573754261703993 -15.135895852859857 -14.194998817555774 -16.412511620161585 -15.819814547369095 -13.969563215118612 -15.184174183149766 -14.591830574503835 -15.89252274871356 -15.494746850541734 -13.135186801839183 -16.078525261570658 -15.045658732029619 -15.692008727816553 -16.008789658385677 -16.16539247627017 -15.749864580929936 -15.51752127421155
1.8637274549098195 -14.7623230363096 -15.950687948781166 -15.55286062096652 -15.459132735279528 -16.185886123247073 -16.11450430627018 -14.183537366822716 -14.015146907310783 -10.863598093929689 -12.381358020406328 -10.607775466193829 -15.188273837776364 -14.243274651720416 -16.470754466312087 -15.875281967109249 -14.012791460090252 -15.236813929115536 -14.641543778517665 -15.949895059564252 -15.549340955361117 -13.178019946602504 -16.137955396766035 -15.098004967946146 -15.748021699556176 -16.072759985002914 -16.227658140408536 -15.814964556309102 -15.573554741641207
1.9238476953907815 -14.813920655119155 -16.0081960605077 -15.608046484751288 -15.514492976788503 -16.24568851734013 -16.173416447049984 -14.233150999557218 -14.060013574263621 -10.89714049177799 -12.422165830713503 -10.645858528845377 -15.241567229042527 -14.29315938850339 -16.5289248365493 -15.931145291078607 -14.058479338944576 -15.290325520271908 -14.69262328207419 -16.007341386329497 -15.604477208447758 -13.223378992135242 -16.197113181146108 -15.151275104160415 -15.804338976238004 -16.13569448061584 -16.2891745192659 -15.878838840105123 -15.629894861193332
1.9839679358717435 -14.866785709611552 -16.065816970676483 -15.663798536782636 -15.570388636051629 -16.305156201314492 -16.23216745428282 -14.2844191370516 -14.107462336831595 -10.935481240028707 -12.466364310616616 -10.68788070743722 -15.295795921718149 -14.344646215776326 -16.58707887005293 -15.987443033456554 -14.10658856655732 -15.344730185536973 -14.745071418968312 -16.064912564602754 -15.660189186095934 -13.271223363725682 -16.25606203030104 -15.205487151325325 -15.861002285458508 -16.19768393601159 -16.350022184340496 -15.941584980645354 -15.686580369894045
2.0440881763527052 -14.920951665490367 -16.123615722101192 -15.720169585300727 -15.626871356861667 -16.36436603734367 -16.290829648783518 -14.33736496944433 -14.157490861156514 -10.978554945937166 -12.513919505989701 -10.73378320740304 -15.351002987410773 -14.397759424908635 -16.645284995436384 -16.044231257064887 -14.157121400362868 -15.400071909000149 -14.798918898274245 -16.12267331784409 -15.716529530165229 -13.321553728099165 -16.314875459423792 -15.260682743097327 -15.918069927272054 -16.258820969472133 -16.41028662739375 -16.0033003071606 -15.743667259557128
2.1042084168336674 -14.9763978383824 -16.18161796442873 -15.77716719852166 -15.68394856894578 -16.4233613461969 -16.349439526730265 -14.391952492637571 -14.210025815512424 -11.026197670163306 -12.564719100440467 -10.783424971937595 -15.407181427775917 -14.45246488686005 -16.70357394451352 -16.101522578100564 -14.210011092420622 -15.456345220407373 -14.85414098229004 -16.18064881905136 -15.773505490984512 -13.374300879107484 -16.373591805432373 -15.316853754199418 -15.975557941524983 -16.319172752143484 -16.47002422631111 -16.06405913477555 -15.801170004382108
2.164328657314629 -15.033126231806584 -16.239861018735837 -15.834814902904526 -15.741643840868864 -16.48219294947495 -16.40804269263498 -14.448172010296194 -14.26502906346034 -11.078302393573697 -12.61869592950232 -10.836717656398832 -15.46434363991991 -14.508754358636832 -16.761986922899325 -16.159344396147148 -14.26522451017605 -15.513563699254183 -14.910736584175002 -16.238876025220588 -15.83114034582131 -13.429429798882655 -16.432258084155507 -15.374011814856221 -16.03349635070053 -16.378808353690278 -16.529295792302268 -16.12393600011815 -15.85911760500343
2.224448897795591 -15.09112110344942 -16.298367582359443 -15.893120336307138 -15.799965410949799 -16.54089835430982 -16.466670918478847 -14.505994959981791 -14.322441130459858 -11.13473534481271 -12.675761566887616 -10.89355250054576 -15.522485049346805 -14.566600951861467 -16.820550896194987 -16.217708661461618 -14.322707571535258 -15.57172412521133 -14.968686594991265 -16.297377234586907 -15.889441435134835 -13.486884309265488 -16.490907634955665 -15.432151863988821 -16.091900009558433 -16.437785401543273 -16.588149844965017 -16.182994563178937 -15.917524446706146
2.284569138276553 -15.150381615362623 -16.357167561546486 -15.952101336725963 -15.858931886519567 -16.599519372224503 -16.525361399141616 -14.565410205234663 -14.382226178001982 -11.19540161371502 -12.73585840050842 -10.953857045099337 -15.58161367480442 -14.62599491721495 -16.87929920545062 -16.276636711749 -14.382428722921425 -15.630835635236513 -15.02798748252875 -16.356182032717328 -15.948426345390452 -13.54663115720685 -16.549578922657044 -15.491281712779195 -16.150792604754507 -16.49616193474905 -16.646637076561106 -16.241297730886398 -15.976414175514009
2.344689378757515 -15.210887746511172 -16.416275873787143 -16.01175907480986 -15.918545706621803 -16.658084532424677 -16.584137376934205 -14.62638596020944 -14.444324377340987 -11.260174719347539 -12.79890374511428 -11.017533661800098 -15.641719457477318 -14.686906111067767 -16.938250700229187 -16.336133763938456 -14.444332967012638 -15.690889489245004 -15.088616161698276 -16.415304970660944 -16.008095942736293 -13.608613382627937 -16.608296655074763 -15.551391314225942 -16.21018205795634 -16.553985108373418 -16.704796208067165 -16.29889824901459 -16.035795123333685
2.4048096192384767 -15.272648847161197 -16.47572469055131 -16.072116711104965 -15.978831248964838 -16.716634978422977 -16.643036502207718 -14.688923830196387 -14.508719045593281 -11.328994914955594 -12.86486784772439 -11.084544740744228 -15.702818153429742 -14.749337276236933 -16.99744014863094 -16.39622568963737 -14.508406739131818 -15.751902351938261 -15.150579979197936 -16.474777978550126 -16.068473170438864 -13.672816107839694 -16.66709946178445 -15.612496676314667 -16.270096042300803 -16.61130841384473 -16.76267513813233 -16.355853318597507 -16.095695681444973
2.464929859719439 -15.335606694562376 -16.535499743810504 -16.133142636441384 -16.039759072284454 -16.775173685993128 -16.702055040838797 -14.752950702825267 -14.57530183393379 -11.401670695354639 -12.933616334526832 -11.154739912806736 -15.764863923809067 -14.813217461629677 -17.05685827101877 -16.45688607019424 -14.574547713232501 -15.813830112955676 -15.213816854329938 -16.534586324427227 -16.12952600922119 -13.739134492007832 -16.72598548467125 -15.674552334302199 -16.330511593163113 -16.668158526802227 -16.82028980862846 -16.4121967337212 -16.15609406427632
2.5250501002004007 -15.399759489092766 -16.595622243818706 -16.194848930979227 -16.101343027961512 -16.83373102527005 -16.761219785155994 -14.818456885372068 -14.644044652546313 -11.478131214703694 -13.005110516700089 -11.22807523613741 -15.827861286005593 -14.878538211566589 -17.116528935284904 -16.518129813931505 -14.642730890568114 -15.8766782715759 -15.278322964371807 -16.59475097242744 -16.191266294557227 -13.807542169404687 -16.784982534008392 -15.737563400551444 -16.39144548408936 -16.724578521047683 -16.877677537578002 -16.467975388909736 -16.217008400172457
2.5851703406813624 -15.465072081407616 -16.656089866401533 -16.257220264220038 -16.163570084715744 -16.89231769188437 -16.820536350157678 -14.885396004183413 -14.714874867545564 -11.558242570814844 -13.079261533110405 -11.304453244769274 -15.891784161731898 -14.945254878619107 -17.17645359198172 -16.579945584542426 -14.712888068641618 -15.940422122239662 -15.344060275236124 -16.65526924842668 -16.253678357748278 -13.877969005766122 -16.844097663976 -15.801504501914678 -16.452889019267065 -16.780597107719753 -16.934858874566086 -16.5232234115264 -16.278431662971045
2.6452905811623246 -15.531498613948465 -16.716891820689774 -16.320231942753782 -16.226418099108617 -16.950936823611986 -16.880002436473287 -14.953710197104659 -14.78770657319819 -11.641853524864757 -13.15596655377906 -11.383762382240498 -15.95659635962366 -15.013311459306212 -17.236625489499524 -16.642312970965964 -14.784938066150623 -16.005026950781694 -15.41097984724951 -16.71612998721777 -16.31673713985208 -13.950331749024354 -16.903330117730544 -15.866340257889018 -16.51482461689259 -16.83623671279024 -16.99184750730664 -16.577969026714886 -16.340348164129832
2.7054108216432864 -15.59903688263157 -16.778044814890993 -16.383893104702523 -16.28989845468972 -17.00961282283231 -16.939639424966675 -15.023390652406043 -14.862515905590605 -11.728906047777897 -13.235196651991128 -11.465973294928173 -16.022300662306723 -15.08270028672403 -17.29706357768021 -16.705243570700336 -14.858859481719595 -16.070496440585323 -15.479077809558444 -16.77734969064174 -16.3804515412059 -14.02460781265658 -16.96270215666191 -15.932074431658627 -16.577265478485508 -16.89153254468726 -17.04867374607236 -16.6322506978007 -16.40277313678597
2.7655310621242486 -15.66765147147926 -16.839542499974876 -16.44818582840653 -16.353995921719147 -17.068351007444136 -16.999448067516045 -15.094391916413318 -14.939234219644781 -11.81927806183785 -13.316871779645147 -11.551001557518127 -16.088869515939656 -15.15337754031647 -17.357764897527456 -16.768723109230283 -14.93458752856202 -16.136804330070508 -15.548316188701214 -16.83892169637689 -16.444803310549627 -14.100730648784854 -17.0222158430788 -15.99868049980067 -16.640199726730565 -16.946506174621177 -17.10535179739722 -16.686094885753043 -16.46569694652703
2.8256513026052104 -15.737289388458393 -16.901365876914003 -16.513077597970405 -16.41868091810535 -17.127145978060394 -17.05941764693634 -15.1666492925206 -15.017769684710736 -11.912814995005142 -13.400885700540126 -11.638734771175766 -16.156259179088714 -15.225280396313149 -17.4187143989139 -16.832723297120033 -15.012034908294176 -16.203908362205365 -15.618639003119146 -16.900826640089548 -16.50975955690493 -14.178610917025694 -17.081861979901962 -16.066115789664615 -16.70360185648816 -17.00117110896851 -17.16188660212012 -16.73952078240777 -16.529096464211417
2.885771543086172 -15.80794000229325 -16.963522905894433 -16.578568895644956 -16.483956543675795 -17.186013345394286 -17.119560761920614 -15.24014559530838 -15.098090369218422 -12.009451866026634 -13.48720321596888 -11.729139365692042 -16.224463816580112 -15.29839285589555 -17.479922275127333 -16.89724709925904 -15.091172066956943 -16.271803632664255 -15.690033981730434 -16.963072276919373 -16.57532051070561 -14.258217868317686 -17.141654053019 -16.13437567872003 -16.767476446535277 -17.05555376334869 -17.218299678166176 -16.79255805814385 -16.592978747836238
2.9458917835671343 -15.87954248998857 -17.025987566839618 -16.644619851448397 -16.549786040224266 -17.24494103652308 -17.179859884229298 -15.31480800558332 -15.18009569737492 -12.1090240247694 -13.575709323037533 -11.822094584229465 -16.293432048950002 -15.372644029744404 -17.54136655666451 -16.96225898642113 -15.171903055796331 -16.340440291403887 -15.762437240959315 -17.02563221216206 -16.64144591387716 -14.339453456689313 -17.201576095382425 -16.203409942649554 -16.8317908281845 -17.109661463858764 -17.274589563314127 -16.8452198713509 -16.657313691862843
3.006012024048096 -15.95206253278235 -17.088750501165855 -16.711211115996853 -16.61615296290167 -17.303929837255332 -17.240311818545013 -15.390593501906295 -15.263722812431393 -12.21142351929949 -13.666333774729615 -11.91752938442518 -16.363136155735713 -15.447992385240216 -17.603040838532255 -17.027742833082186 -15.2541682677514 -16.40979179197698 -15.835812264300824 -17.08849681503157 -16.70811610826826 -14.422256520108743 -17.26162606772835 -16.273192102785075 -16.896530988061382 -17.16350921344334 -17.330764818753703 -16.897525501659146 -16.722089907658475
3.066132264529058 -16.02547220517147 -17.151805821360764 -16.77832795245056 -16.683045456722407 -17.362982883999223 -17.300916153993562 -15.46746642988013 -15.34891858739778 -12.316557825972069 -13.759018233724323 -12.01538630482306 -16.43355395520458 -15.524403629600542 -17.66494186381345 -17.093686798864855 -15.337917411417969 -16.47983702417315 -15.91012918484985 -17.151659955991914 -16.775316070495414 -14.506575371101835 -17.32180459653584 -16.34370126588637 -16.961686979322597 -17.21711284138182 -17.386835522662913 -16.94949459658394 -16.78730013905355
3.12625250501002 -16.099719939361794 -17.215131362829776 -16.845936454625576 -16.750432677819056 -17.422089887882173 -17.361657949062828 -15.545365028988176 -15.435597882219039 -12.424288275421457 -13.85366698789337 -12.115566942733075 -16.50464174648332 -15.601817691911485 -17.727050920892264 -17.160060708273807 -15.423069207250688 -16.55053362377641 -15.98533384851848 -17.21509915157876 -16.843011548441726 -14.592326928588673 -17.38209808082898 -16.414894962817907 -17.027231082496446 -17.270478631899447 -17.44280045221105 -17.001138420918643 -16.852919346640753
3.186372745490982 -16.174758931792592 -17.278707469918793 -16.914006109679747 -16.818287110632628 -17.481242194385747 -17.42252423640796 -15.624233062728809 -15.523682904474239 -12.534487895282819 -13.950193091429686 -12.217982716496877 -16.57635994589163 -15.680179918095462 -17.789351554288306 -17.22683751712059 -15.509549407663076 -16.62184325822023 -16.061377063730085 -17.278794450790596 -16.91117170293653 -14.679435270282877 -17.442494799245267 -16.486734846452862 -17.09313853644499 -17.323613303048116 -17.49865936277221 -17.05246831131626 -16.918925446262225
3.2464929859719436 -16.25056592877769 -17.342529439953935 -16.982524727021744 -16.886599389599084 -17.54044278248376 -17.48351496904096 -15.704040720988825 -15.613129212843813 -12.647079665669153 -14.048549085731388 -12.322588900443886 -16.64869003234281 -15.7594616951538 -17.851841303907758 -17.294007527997508 -15.59731591130123 -16.693748347226883 -16.13823394260926 -17.34274094500572 -16.97978408622598 -14.767857093638828 -17.502995597044944 -16.5592037114736 -17.159401273943686 -17.37653068165853 -17.554421167794256 -17.103501354226363 -16.985313113177778
3.306613226452906 -16.32708690553173 -17.406571736139238 -17.051455387524452 -16.95533557473036 -17.599677625637007 -17.544611612309655 -15.784724111441008 -15.703850304654488 -12.761925326104627 -14.148637836619677 -12.429285829455136 -16.72158560122811 -15.83960075678553 -17.914497978621863 -17.36153742605695 -15.68628594736791 -16.76620377466326 -16.215847956453544 -17.40691278827411 -17.04881144588585 -14.857507886289376 -17.563583236085876 -16.632256337925835 -17.225988361130327 -17.429232783663387 -17.610080619191333 -17.154244380986313 -17.052054037003828
3.3667334669338675 -16.40429358573341 -17.470825312966767 -17.120781292103135 -17.024481652042454 -17.658945612251742 -17.605809933143295 -15.866248188983374 -15.79579598071982 -12.878940788520111 -14.25040508539034 -12.53802136872935 -16.795023320246553 -15.920563267694487 -17.977314846815162 -17.429412964698987 -15.776411751865968 -16.83918716159901 -16.29418913680329 -17.471300722245555 -17.118236724403175 -14.948338653202953 -17.62425439842623 -16.705870658202482 -17.292887228579197 -17.481729663417976 -17.66564271597982 -17.204710796636956 -17.11913833237558
