web/models/mosfit_kne/mosfit_kn_3.0000/mosfit_kn_0.177477_0.0770_3.0000.dat
# %ECSV 1.0
# ---
# datatype:
# - {name: time, datatype: float64}
# - {name: PS1_g, datatype: float64}
# - {name: PS1_i, datatype: float64}
# - {name: PS1_r, datatype: float64}
# - {name: PS1_w, datatype: float64}
# - {name: PS1_y, datatype: float64}
# - {name: PS1_z, datatype: float64}
# - {name: swift_uvot_B, datatype: float64}
# - {name: swift_uvot_U, datatype: float64}
# - {name: swift_uvot_uvm2, datatype: float64}
# - {name: swift_uvot_uvw1, datatype: float64}
# - {name: swift_uvot_uvw2, datatype: float64}
# - {name: swift_uvot_V, datatype: float64}
# - {name: johnson_B, datatype: float64}
# - {name: johnson_I, datatype: float64}
# - {name: johnson_R, datatype: float64}
# - {name: johnson_U, datatype: float64}
# - {name: johnson_V, datatype: float64}
# - {name: sdss_g, datatype: float64}
# - {name: sdss_i, datatype: float64}
# - {name: sdss_r, datatype: float64}
# - {name: sdss_u, datatype: float64}
# - {name: sdss_z, datatype: float64}
# - {name: ATLAS_c, datatype: float64}
# - {name: ATLAS_o, datatype: float64}
# - {name: ukirt_H, datatype: float64}
# - {name: ukirt_J, datatype: float64}
# - {name: ukirt_K, datatype: float64}
# - {name: Clear, datatype: float64}
# meta: !!omap
# - comment: [kappa = 3.0, type = rprocess, mass = 0.1774768329891343, velocity = 0.07700000000000001, theta_obs = 0.0, tfloor = 1000.0]
# schema: astropy-2.0
time PS1_g PS1_i PS1_r PS1_w PS1_y PS1_z swift_uvot_B swift_uvot_U swift_uvot_uvm2 swift_uvot_uvw1 swift_uvot_uvw2 swift_uvot_V johnson_B johnson_I johnson_R johnson_U johnson_V sdss_g sdss_i sdss_r sdss_u sdss_z ATLAS_c ATLAS_o ukirt_H ukirt_J ukirt_K Clear
[from data line 367]
22.12424849699399 -5.691002347965917 -10.719881111200102 -8.779460246698854 -9.448069600914852 -12.564697396432454 -11.849456366692479 -3.6925540258381337 -0.3826439721588135 9.117195813415591 -0.11066713582961141 1.8122691707383223 -7.025911617405847 -4.123618981519343 -11.722995910673887 -9.743363345836393 -0.8721575518261137 -7.356062706081443 -5.225670859018514 -10.676759299916494 -8.698561132656497 0.2521494555760029 -12.087747266641404 -7.411747293907478 -9.948137662912941 -14.82749260229722 -13.898873005162871 -15.310262815410026 -10.485775207682995
22.184368737474948 -5.654979950618539 -10.697457269683142 -8.751557441163769 -9.424282666628674 -12.548184975398229 -11.83052132385388 -3.6511760657292056 -0.32977335477600156 9.188575174231609 -0.07064628706149945 1.8530400297320573 -6.992597998541588 -4.084315762493137 -11.702425720699747 -9.718537183363757 -0.8210241872174361 -7.3243190937636955 -5.188409398485021 -10.654186395332648 -8.670234655534816 0.30455268159524707 -12.069775361990835 -7.381420293061964 -9.924419570516498 -14.820187061055666 -13.887357798524087 -15.305928062579033 -10.4659761069618
22.24448897795591 -5.618870982986124 -10.674967780516802 -8.723580886980855 -9.400433727412949 -12.53161652068334 -11.81152593107317 -3.6097020420495083 -0.2767862117736539 9.260069966768626 -0.030553087927315925 1.8938964779299252 -6.959199544448336 -4.044924998277274 -11.681793518545788 -9.693647989531257 -0.7697777872202959 -7.292497512657367 -5.15105944450319 -10.631547674267434 -8.641832870588413 0.3570723577268531 -12.051746085052262 -7.351019083658343 -9.900638284736711 -14.812842817471271 -13.87579606395734 -15.301560708228068 -10.446124813895903
22.304609218436873 -5.582677342896307 -10.652413954031346 -8.69553213527043 -9.37652414894032 -12.514993082985946 -11.792471343836084 -3.5681340880380317 -0.22368516377523995 9.331676687502576 0.009610411223981874 1.9348364700257616 -6.925718036355549 -4.005448751051301 -11.661100536076347 -9.668697208333647 -0.7184209078995284 -7.260599698622927 -5.113622949707253 -10.608844454290551 -8.613357345373451 0.40970587652797263 -12.03366055723679 -7.3205453156415246 -9.876795181054199 -14.80546052053645 -13.864188636178072 -15.297161270991067 -10.426222528683784
22.364729458917836 -5.546397361935025 -10.6297946908977 -8.667409861540367 -9.352552771938214 -12.49831380616456 -11.773356604673637 -3.5264703150730368 -0.17046783177452318 9.403398404446822 0.04984606339773423 1.9758619289922632 -6.89215191939794 -3.9658852381963645 -11.64034575324279 -9.643683670546654 -0.666951253579786 -7.2286241855385365 -5.076098195113747 -10.58607563064621 -8.584806735705524 0.4624555904671013 -12.01551786912109 -7.28999755749852 -9.852889115675705 -14.798039695812705 -13.852534868289366 -15.292729398892797 -10.406268266187197
22.4248496993988 -5.510034421361585 -10.60711230376592 -8.639216812994412 -9.328522011070142 -12.48158053392304 -11.754183747948037 -3.484714529686218 -0.11713891708568602 9.47522888871649 0.09015019754762976 2.016969158532295 -6.858504363130245 -3.9262381203267833 -11.61953133843734 -9.618609905847812 -0.6153733994069487 -7.196574040980061 -5.0384886606509305 -10.563243528491046 -8.556183820477461 0.5153168276993725 -11.997319986576986 -7.259378740077409 -9.828922510905027 -14.790581458684692 -13.840836210719763 -15.288265971396358 -10.386264133547964
22.484969939879758 -5.473592095337434 -10.58436923610671 -8.610955892555765 -9.30443441606025 -12.464795213608948 -11.734954922928917 -3.4428707562118808 -0.06370339228578081 9.54716156709036 0.13051893786023827 2.0581542496858387 -6.824778718519753 -3.886511264515708 -11.598659582138115 -9.59347858352131 -0.5636921836007612 -7.164452505272167 -5.000798024820323 -10.54035060446596 -8.527491536561183 0.5682846469998815 -11.979068985492578 -7.228691959857407 -9.804897924183802 -14.783086985047365 -13.829094194098237 -15.283771914363909 -10.366212353500153
22.54509018036072 -5.4370619351905525 -10.561559805950367 -8.582620307929876 -9.280284029169952 -12.447953362117126 -11.715665153213806 -3.400929459372178 -0.010149372305612081 9.619211984921328 0.17096154603764946 2.09942666405469 -6.790967086413933 -3.846695580933645 -11.57772518183289 -9.568283568545983 -0.5118960859391496 -7.132252025440271 -4.96301758815914 -10.517391147147972 -8.498723002820459 0.6213708317467947 -11.960760094433898 -7.197929928199898 -9.780809423266241 -14.77555366381814 -13.817305353559062 -15.279245220397753 -10.346107789825396
22.605210420841683 -5.400448179569874 -10.538686905203836 -8.554213497551704 -9.256073870519117 -12.431057281308231 -11.696316981044461 -3.3588954130546353 0.04351723824012077 9.691372343512509 0.21147341593644997 2.14078175058846 -6.757073439172985 -3.8067956535169007 -11.556730847029126 -9.543028017228156 -0.45999084919878575 -7.099976438641346 -4.925151713362315 -10.494368063995818 -8.469881698340345 0.6745695160631371 -11.942395767105562 -7.167096315722592 -9.75666003474661 -14.767982879274527 -13.80547149494438 -15.274686976580954 -10.32595307252791
22.665330661322646 -5.3637548091461795 -10.51575325200167 -8.525738692037272 -9.23180677603165 -12.414109135690374 -11.676912796512529 -3.316773100452216 0.09729089559117576 9.763635331193129 0.2520502305725718 2.1822151475153686 -6.723101508830365 -3.76681578645718 -11.53567912466545 -9.517714895005184 -0.4079818657887134 -7.067629349902835 -4.88720449748719 -10.4712840877548 -8.44097089209173 0.7278751917891135 -11.923978310522685 -7.136194569062901 -9.73245260182706 -14.760375934253776 -13.793594317056817 -15.270098206404972 -10.305750670836353
22.725450901803605 -5.326970399712625 -10.492751151143622 -8.497186698594863 -9.207474685510757 -12.39710284783424 -11.657445856710886 -3.27454963027031 0.15118765762089503 9.836021941378338 0.2927044826985541 2.22373961531838 -6.689040609421 -3.7267436875529154 -11.514562831175745 -9.492335891902119 -0.3558535668301598 -7.035200536518908 -4.84916417787149 -10.448131483319472 -8.411981271330244 0.781303782692575 -11.905501256939814 -7.105214831542863 -9.708179092991482 -14.752729278821693 -13.781669116628732 -15.265476175705713 -10.285493633017175
22.785571142284567 -5.290109099896121 -10.469690193897314 -8.468568947738078 -9.183087625820257 -12.38004602197023 -11.637924579716188 -3.232240954000992 0.20518772151545428 9.908506186177345 0.33342076158092526 2.265339489616484 -6.654903989979204 -3.68659461482546 -11.493390935788323 -9.466901414615442 -0.30362518106179726 -7.002702730367234 -4.811045319789233 -10.424919892555948 -8.382924409587158 0.8348356333974216 -11.886972704737708 -7.074169329940663 -9.683849528318245 -14.745047417909817 -13.769701817443794 -15.260824386917038 -10.265190644989044
22.84569138276553 -5.253165536654585 -10.446566775269588 -8.439881126525393 -9.158641816120898 -12.362935817752092 -11.618345809816546 -3.189841005445518 0.25929865907823335 9.981097944948388 0.3742049573484256 2.3070208037493214 -6.620686628307511 -3.64636279496445 -11.472160076819009 -9.441407581525684 -0.2512893741112986 -6.970131140357478 -4.77284239045499 -10.40164569198824 -8.353795936267918 0.888478248136888 -11.868389632563776 -7.043053432748518 -9.659460147238654 -14.7373287069076 -13.75769023034781 -15.256141580789533 -10.24483845455153
22.905811623246493 -5.216137322847079 -10.423379308034217 -8.411121329728548 -9.134135588208512 -12.345770991532916 -11.598708160698603 -3.147347086084383 0.31352385514738423 10.053801604773987 0.41505969672915244 2.348786269408724 -6.586386296219165 -3.606045672595219 -11.450868778084963 -9.415852697442599 -0.1988428746131209 -6.937483656011058 -4.734552931214591 -10.37830728650146 -8.324593919008478 0.9422349771768523 -11.849750719358045 -7.011865087493199 -9.635009297361314 -14.729572441220743 -13.745633406424547 -15.251427225987458 -10.224435636850604
22.965931863727455 -5.17902647058186 -10.400129179118451 -8.38229120004824 -9.109570384189656 -12.328552653721552 -11.579012854677835 -3.1047614593580084 0.36786052486917264 10.126613479617866 0.45598281134873675 2.390633709965965 -6.552004883780669 -3.565645430521411 -11.429518342372972 -9.39023828555203 -0.14628839784831305 -6.904762115293896 -4.696179012535886 -10.354906070684944 -8.295320018856032 0.9961030493287559 -11.831057149991118 -6.980606039864963 -9.610498430782926 -14.721779301764105 -13.733532224991565 -15.246681863555407 -10.203983455101877
23.026052104208414 -5.141836403771869 -10.376818730372044 -8.353393518950671 -9.084948643103008 -12.311282670703694 -11.559261951831399 -3.06208798127492 0.42230390277548957 10.199527302207173 0.49697059957710055 2.4325593818556226 -6.517545603499937 -3.5251657707592305 -11.408110964585251 -9.364566900349686 -0.09363058077746833 -6.871969622852309 -4.657724158335306 -10.331444399018839 -8.265977050479947 1.0500777280717877 -11.812310913733128 -6.9492792536051695 -9.585929994962203 -14.713950414010931 -13.721388152241525 -15.241906378260717 -10.18348403300907
23.086172344689377 -5.104559934769366 -10.35344312765993 -8.324422508948821 -9.060265303699637 -12.293957228065082 -11.53945121731434 -3.0193185389531783 0.4768641057684777 10.272556259280897 0.5380309098855212 2.4745713241047764 -6.483001732184584 -3.4845989697185726 -11.38664213473928 -9.33883333630239 -0.04085962004462862 -6.83909976050179 -4.619180967910275 -10.30791741257513 -8.236559159341237 1.104169043233174 -11.7935079537226 -6.917878532362618 -9.561298950162591 -14.70608355969954 -13.709198242453338 -15.237099066987179 -10.162933014570257
23.14629258517034 -5.067207386585668 -10.330009378380964 -8.295386516060699 -9.03552767990739 -12.276581885529012 -11.519586803951984 -2.9764647702957623 0.5315266915278907 10.345681445861064 0.5791525353222409 2.516658132633275 -6.448382942780715 -3.443956156590215 -11.365118406800498 -9.313045191436757 0.01201045809774437 -6.806161823815608 -4.580560067828419 -10.284332155706508 -8.20707479661495 1.1583626566401861 -11.774654189890601 -6.886412794340071 -9.536612610385795 -14.698182037417148 -13.696966829741688 -15.232262495771492 -10.142336733916881
23.206412825651302 -5.029773097620183 -10.306513680039942 -8.266280993459905 -9.010731788764303 -12.25915364512165 -11.499665381719968 -2.93352028384244 0.5862996361891784 10.418913252782108 0.6203416622590123 2.558826150255961 -6.413683940968007 -3.4032312509560865 -11.343536234627056 -9.287198375915697 0.06498737979254054 -6.773150764171356 -4.54185562850725 -10.260684806520075 -8.177519354317155 1.212666473979862 -11.755746434449605 -6.854877160289963 -9.511867012195623 -14.690244108988356 -13.684691602211368 -15.227395332762049 -10.121691766475855
23.266533066132265 -4.992256660961836 -10.282955783346619 -8.237105632448571 -8.985877361121233 -12.241672321555832 -11.47968673742822 -2.890484615075276 0.6411835459896766 10.492252438699353 0.6615987568431518 2.6010758839986683 -6.378904352448392 -3.3624238302468474 -11.321895391966994 -9.261292642385072 0.11807172016587553 -6.740066248583465 -4.503067230112787 -10.236975114869153 -8.147892517213844 1.267081088452091 -11.736784493276726 -6.823271286769685 -9.487061899413902 -14.682269691465756 -13.672372432227816 -15.222497526965311 -10.100997896057233
23.326653306613224 -4.954659332985241 -10.259336563937875 -8.20786146590498 -8.960965302640318 -12.22413862008473 -11.459651644757542 -2.847359175673186 0.6961766939120475 10.565696719118232 0.702922477625894 2.6434059944537194 -6.344045360741036 -3.3215352620100487 -11.300196703540106 -9.235328958842068 0.17126179048594603 -6.706909436464074 -4.464196165164243 -10.213203961391883 -8.118195329091087 1.3216047780590934 -11.717769119902801 -6.791596265562152 -9.462198188745372 -14.674259225701146 -13.660009883560027 -15.217569432475438 -10.080255920748549
23.386773547094187 -4.916979333949083 -10.235654843567357 -8.178547077558651 -8.935994374182776 -12.206551619684607 -11.439559075348296 -2.804141952774933 0.751281611350745 10.639249366133164 0.7443147809206789 2.6858185102518353 -6.309105305736378 -3.280563646346519 -11.278439075127118 -9.20930607458856 0.2245600337132171 -6.673678763207442 -4.42524060057039 -10.189370162170732 -8.088426352775677 1.3762400461882152 -11.698699337483234 -6.759850568423502 -9.437274655455035 -14.666212195413323 -13.64760325704882 -15.212610662811679 -10.059464786831267
23.44689378757515 -4.879220454606461 -10.211913212251673 -8.149165544577528 -8.910967270688843 -12.188913382894171 -11.419411307004346 -2.76083721696419 0.8064930156393226 10.712903464854225 0.7857715747412546 2.728309279713589 -6.2740877451670345 -3.2395130774995313 -11.256624933027084 -9.1832268084183 0.27796131135071855 -6.640377661887322 -4.386204437969052 -10.165476321133209 -8.058588703098533 1.4309816425861221 -11.679577343637995 -6.7280374734563075 -9.412294002764803 -14.65812983954558 -13.635154170086386 -15.207622189052008 -10.038626836432343
23.507014028056112 -4.841386880402467 -10.188114527571805 -8.1197202626978 -8.885886964326577 -12.171226184299488 -11.399210852543575 -2.717449684240921 0.8618050696337145 10.786651390865668 0.8272883455071427 2.770873715379253 -6.238996607482464 -3.1983880726478593 -11.234756953333644 -9.157094265453082 0.33145994718034155 -6.6070099190434535 -4.347091985279974 -10.141525311128703 -8.028685817940051 1.485823766580534 -11.660405561141864 -6.696160598256 -9.387259211015397 -14.650013521329118 -13.622664404408196 -15.202605077961218 -10.01774464957812
23.567134268537075 -4.803470938697991 -10.16425362405295 -8.090205061677267 -8.860748054137026 -12.153485945390639 -11.378953184928555 -2.673970694892321 0.9172285703091456 10.8605071920412 0.8688734432699978 2.813520379685205 -6.203824712397659 -3.157180391593894 -11.212830316666828 -9.130902890192935 0.38506640353809696 -6.573568683559718 -4.307895342895414 -10.117511940334243 -7.998711444152935 1.540777123193724 -11.641179654063176 -6.664213330059727 -9.362164899778023 -14.641860866202144 -13.610130808889574 -15.19755750538433 -9.996813580399664
23.627254509018034 -4.765474628561126 -10.140331879408322 -8.060621573204916 -8.835551968849327 -12.135693768581604 -11.358639518192177 -2.6304024987960437 0.9727607473492841 10.93446723622877 0.9105247220619366 2.8562471070591546 -6.168573939706861 -3.1158922001868246 -11.190846316577645 -9.104654191574355 0.43877797951886743 -6.540055781002267 -4.268616568001864 -10.093437594085621 -7.968667232401838 1.5958389549486718 -11.621900798507117 -6.632197400491542 -9.337012507966005 -14.633672547514106 -13.597554255027154 -15.192480004426939 -9.975834877473222
23.687374749498996 -4.727401919974845 -10.116352005324032 -8.03097301905943 -8.81030152746126 -12.117851812753617 -11.338272237086997 -2.5867495691955353 1.028396064886117 11.008524300651242 0.9522379040697797 2.899049547977978 -6.133248016492659 -3.074527783033418 -11.168807492697212 -9.078351116110454 0.49258929129078377 -6.506474804416624 -4.229259746744507 -10.069304998582567 -7.938556444533784 1.6510037599589822 -11.60257129408782 -6.600116240565015 -9.31180486297471 -14.62544985970625 -13.584936434308846 -15.187373588129452 -9.954810987863407
23.74749498997996 -4.689245198988825 -10.092308874390916 -8.001253275618971 -8.784991372432494 -12.099956028700198 -11.317846847213957 -2.543003312568085 1.0841452379180085 11.08269230883456 0.9940212617590309 2.9419361927514456 -6.097839815756594 -3.033078966249367 -11.146709061374935 -9.051988154112333 0.5465107211402899 -6.472818956658181 -4.189817040123156 -10.04510900035461 -7.9083728741495385 1.706282162162971 -11.583186837114638 -6.567963289564371 -9.286536626948259 -14.617190445314808 -13.572274218380363 -15.182236445731474 -9.933737305335875
