web/models/mosfit_kne/mosfit_kn_3.0000/mosfit_kn_0.033839_0.0457_3.0000.dat
# %ECSV 1.0
# ---
# datatype:
# - {name: time, datatype: float64}
# - {name: PS1_g, datatype: float64}
# - {name: PS1_i, datatype: float64}
# - {name: PS1_r, datatype: float64}
# - {name: PS1_w, datatype: float64}
# - {name: PS1_y, datatype: float64}
# - {name: PS1_z, datatype: float64}
# - {name: swift_uvot_B, datatype: float64}
# - {name: swift_uvot_U, datatype: float64}
# - {name: swift_uvot_uvm2, datatype: float64}
# - {name: swift_uvot_uvw1, datatype: float64}
# - {name: swift_uvot_uvw2, datatype: float64}
# - {name: swift_uvot_V, datatype: float64}
# - {name: johnson_B, datatype: float64}
# - {name: johnson_I, datatype: float64}
# - {name: johnson_R, datatype: float64}
# - {name: johnson_U, datatype: float64}
# - {name: johnson_V, datatype: float64}
# - {name: sdss_g, datatype: float64}
# - {name: sdss_i, datatype: float64}
# - {name: sdss_r, datatype: float64}
# - {name: sdss_u, datatype: float64}
# - {name: sdss_z, datatype: float64}
# - {name: ATLAS_c, datatype: float64}
# - {name: ATLAS_o, datatype: float64}
# - {name: ukirt_H, datatype: float64}
# - {name: ukirt_J, datatype: float64}
# - {name: ukirt_K, datatype: float64}
# - {name: Clear, datatype: float64}
# meta: !!omap
# - comment: [kappa = 3.0, type = rprocess, mass = 0.03383890769761434, velocity = 0.04566666666666669, theta_obs = 0.0, tfloor = 1000.0]
# schema: astropy-2.0
time PS1_g PS1_i PS1_r PS1_w PS1_y PS1_z swift_uvot_B swift_uvot_U swift_uvot_uvm2 swift_uvot_uvw1 swift_uvot_uvw2 swift_uvot_V johnson_B johnson_I johnson_R johnson_U johnson_V sdss_g sdss_i sdss_r sdss_u sdss_z ATLAS_c ATLAS_o ukirt_H ukirt_J ukirt_K Clear
[from data line 85]
5.170340681362725 -11.832361414245405 -13.390771291617387 -12.846889064404223 -12.772546888663765 -13.771360575442042 -13.643372162737162 -11.127993060674115 -10.662843352391125 -6.812329536604234 -8.81818150596672 -6.9146153101530174 -12.3622595999752 -11.206197184393453 -13.952920023292627 -13.213284949475039 -10.711114818249918 -12.425541004395198 -11.679086666172118 -13.386067881873895 -12.839848268455807 -9.855052828056472 -13.682698446100563 -12.275953651697069 -13.115199934147252 -13.85837969616025 -13.92261328687068 -13.660741196965683 -12.951898543487221
5.2304609218436875 -11.81296179463116 -13.386554302400153 -12.836653191873708 -12.763460816809982 -13.773181161653802 -13.64283384367548 -11.103381019884655 -10.626064965504582 -6.747283918945384 -8.774697990756586 -6.867438560127383 -12.347031043646776 -11.182409507967645 -13.950455731170052 -13.204922568322274 -10.676382077049322 -12.410965120254714 -11.658350928785666 -13.381688728358547 -12.82944980751104 -9.819415727741525 -13.68283308779068 -12.261119525465123 -13.108065827102724 -13.868585589958931 -13.929018199667647 -13.673473228066156 -12.9456263201301
5.290581162324649 -11.793292996377787 -13.382061043741764 -12.826141977007737 -12.754125680675248 -13.774728041961168 -13.642020172811122 -11.078497498767714 -10.589020805988536 -6.682016429877964 -8.73111023984423 -6.820276879483526 -12.331524182717885 -11.15835537230327 -13.947716340709253 -13.196289552204565 -10.641380328936354 -12.396114476530398 -11.637346385208058 -13.377033255446502 -12.818774645581854 -9.783507592202412 -13.682693771480547 -12.246024878622617 -13.100662840985198 -13.878527285346658 -13.935154370405359 -13.68594448229455 -12.939115056331278
5.350701402805611 -11.773373479736264 -13.377305789181175 -12.815371378080673 -12.744556939639526 -13.776013777973795 -13.640944381908344 -11.053362404602353 -10.551734063930347 -6.616557844127587 -8.687443416759315 -6.773154739523889 -12.315756365383656 -11.134054463250699 -13.94471563045973 -13.187401345467535 -10.606132226283204 -12.381006242670834 -11.616091862121909 -13.372115782758875 -12.807838788074495 -9.74735132631917 -13.682293540220183 -12.230686878274835 -13.093006060910248 -13.888214970177335 -13.941033059299526 -13.698164442939492 -12.932379359514297
5.410821643286573 -11.753207464667756 -13.37229335917451 -12.804346002245737 -12.734759065066097 -13.777043382076108 -13.639611409704209 -11.027979761146629 -10.514208211309892 -6.550910311508658 -8.643700829709964 -6.72607357981088 -12.299732014485436 -11.10951084296611 -13.941458478574173 -13.178262631999964 -10.57064134806063 -12.365644868545116 -11.59459152471074 -13.366941125696297 -12.796646838026895 -9.710950476499143 -13.681637356201879 -12.21510989051211 -13.085100198784758 -13.897653926490639 -13.946659422627528 -13.710138483656136 -12.925423736660875
5.4709418837675345 -11.732759062872837 -13.367002076195682 -12.793038555147422 -12.724705769521165 -13.77780080343804 -13.638003005677728 -11.00230879173272 -10.476391014434174 -6.484995069874453 -8.599824713775472 -6.678970926698366 -12.283419153567678 -11.084684534840012 -13.937924844734468 -13.168847897077402 -10.534857391674343 -12.349999005981827 -11.572808231157925 -13.361487455782566 -12.785171345221364 -9.674253886682713 -13.68070760276618 -12.199262310700334 -13.076920878581912 -13.906835945479886 -13.952021692435588 -13.721860770740014 -12.918224505860643
5.531062124248497 -11.712079044908492 -13.361467300774628 -12.781490535898143 -12.714437129987886 -13.778315213008518 -13.636150762296388 -10.976405581175658 -10.438350839075916 -6.418908897374698 -8.555889851075591 -6.63192323794409 -12.266864377172652 -11.059630777443473 -13.934148293429828 -13.15919672516036 -10.498846678484092 -12.334114577485005 -11.55079410707744 -13.355790299838635 -12.773453980157381 -9.637328806351881 -13.679535181364422 -12.18319021038834 -13.068506410944654 -13.9157815866319 -13.957144329045688 -13.733349277899299 -12.910818781426219
5.591182364729459 -11.691150776957446 -13.355679915508976 -12.769689866040999 -12.703941535675067 -13.778580451591989 -13.634047364138624 -10.950250911969725 -10.4000623778788 -6.352612395108824 -8.511868116549408 -6.584899138933093 -12.2500531326783 -11.034330783015903 -13.930120569285169 -13.149297984385548 -10.462584932563221 -12.31797736617583 -11.528531854717112 -13.349840461159914 -12.76148258200907 -9.600150508043637 -13.6781131115705 -12.166879212534898 -13.059846258145882 -13.924488817855421 -13.962023425649368 -13.744603228011643 -12.903196303972777
5.651302605210421 -11.66992225696216 -13.349607430320862 -12.75759632456312 -12.693180350009836 -13.778571799076165 -13.63166504984516 -10.923786043012324 -10.361451186913175 -6.2859949377763185 -8.467678189488339 -6.537812013788166 -12.232938738542877 -11.00872693462961 -13.925811444552824 -13.139113925010985 -10.426000340046066 -12.301541572588873 -11.505967750452673 -13.343605241278897 -12.749216707606958 -9.562645992507814 -13.676414512197415 -12.15028326353421 -13.050904252879594 -13.93294377566608 -13.966640191749844 -13.755612044478196 -12.895322099745137
5.7114228456913825 -11.648465322372772 -13.343298913608397 -12.745268044143856 -12.682209598210399 -13.778329182432643 -13.6290473244574 -10.897090676371405 -10.322615150939445 -6.219196391864819 -8.423426771611506 -6.490771440028581 -12.215586868620012 -10.982897661789405 -13.921267332568636 -13.128699829524006 -10.389187759890365 -12.284871863326854 -11.483175635877334 -13.337133954072495 -12.73671474686731 -9.524911497347883 -13.674481862716465 -12.133467235703002 -13.041733797123438 -13.941173644652094 -13.97102758676194 -13.766399078356864 -12.887247813612763
5.771543086172344 -11.62676490556061 -13.336746105870763 -12.732694081227152 -12.671018800121416 -13.777847028615717 -13.626187563784384 -10.870147395858691 -10.283531334391594 -6.152181120172851 -8.379088651125333 -6.443749292744329 -12.197984328254627 -10.956825949768255 -13.916480757820253 -13.1180456241425 -10.35212518789572 -12.267955356384357 -11.460139841464034 -13.33041826807186 -12.72396567880028 -9.486924604618139 -13.672308845700165 -12.116418124407424 -13.032325357859413 -13.94917661074915 -13.975182088566667 -13.7769636604464 -12.878964206792372
5.831663326653306 -11.604768060922659 -13.329915723164572 -12.719833353169179 -12.659568589052892 -13.777099907005717 -13.623057260510727 -10.842896444287106 -10.244124158300885 -6.084837236217171 -8.334581983103337 -6.396658844068423 -12.180083500585514 -10.930453199337244 -13.911420725009382 -13.107112742441906 -10.31473968498344 -12.250745341712788 -11.436805685811642 -13.323424688796948 -12.710928190354824 -9.448611169693386 -13.66986784855353 -12.099089026275625 -13.022641973138356 -13.956938241943886 -13.979084272818872 -13.787294691052894 -12.870435654365942
5.891783567134269 -11.582544444795477 -13.322855245581557 -12.706742174676755 -12.647913131273203 -13.776126375121258 -13.619698466963595 -10.81541515562946 -10.204488669138527 -6.0173005799530115 -8.290009759303718 -6.349605423213628 -12.16194806414353 -10.903855485640314 -13.906132121235554 -13.09595470322088 -10.277123358260642 -12.233304503138756 -11.413244778314535 -13.316200935873184 -12.697658851948113 -9.41006465140104 -13.667199918593393 -12.08154277433307 -13.01273532154239 -13.964484635320725 -13.982765884757471 -13.797414516206937 -12.861712016140228
5.95190380761523 -11.56006783069266 -13.31554890234612 -12.693400635471388 -12.636033390689132 -13.774914825892939 -13.616097944529404 -10.787673678872427 -10.16458657445689 -5.949513534685418 -8.245330558985593 -6.302544324497216 -12.1435546307744 -10.877003585737114 -13.900600390898418 -13.084552945559189 -10.239239326580833 -12.215609942333517 -11.389429968391891 -13.308731126981854 -12.684137629388008 -9.37124752501564 -13.664292294482276 -12.063756356492927 -13.002587689176952 -13.97181002391667 -13.9862185049202 -13.807319143728305 -12.852776230711154
6.012024048096192 -11.537308727613897 -13.307978718496045 -12.679786194420064 -12.623907874969014 -13.773451888299313 -13.612240516300371 -10.759638517285712 -10.124375085024475 -5.88141212614753 -8.200498568167802 -6.255426555153768 -12.124876813340865 -10.849864709132294 -13.894808903705933 -13.072886429700887 -10.201046347099673 -12.197635822171653 -11.36533074668618 -13.300997163868438 -12.67034184096362 -9.332117831906839 -13.661130329900768 -12.045703854053897 -12.992178976973552 -13.978907510080061 -13.989432295185951 -13.817003643894752 -12.843609017007314
6.072144288577154 -11.514329057238921 -13.300186944313364 -12.665948946316803 -12.61158466897447 -13.771771876264047 -13.608163607099808 -10.73137842066772 -10.083938660703975 -5.813116898350155 -8.155604675182246 -6.208344498369151 -12.10597125756178 -10.822506471258308 -13.888797602320448 -13.061002751906933 -10.162626281467155 -12.179437893339971 -11.341010768258197 -13.293041509817805 -12.65632181333423 -9.29275864147776 -13.657750552173145 -12.02744109606309 -12.981555138973011 -13.985800302700467 -13.992435499041507 -13.82648788110547 -12.8342545963495
6.132264529058116 -11.491065247801817 -13.292133043985093 -12.651839201896564 -12.59901630616275 -13.769843498661238 -13.603832299323653 -10.70282180199958 -10.04318718708527 -5.744495459790449 -8.11055247660736 -6.161196982679552 -12.086780578472968 -10.794858681299115 -13.882528648049057 -13.04885521218501 -10.123892088806496 -12.16095986187092 -11.316404426190605 -13.284823381311028 -12.642027576540222 -9.253081482295453 -13.654119104824058 -12.008911671159073 -12.970671373331335 -13.992470098608985 -13.99520391696308 -13.835757489956604 -12.824669976338168
6.192384769539078 -11.46755805825638 -13.283845231932698 -12.637490184377409 -12.586234690434353 -13.767689897624802 -13.599271723326165 -10.674013774659354 -10.002175776080406 -5.675625919870895 -8.06540124480831 -6.114043644109554 -12.067342175985118 -10.76696573727228 -13.876028781738825 -13.036475447694535 -10.084897230381664 -12.14223856181741 -11.291553584203964 -13.27637112896177 -12.627492501009492 -9.213140584686883 -13.650260546529243 -11.990152450319354 -12.959558264220163 -13.998932946557579 -13.997756812519613 -13.844826386714216 -12.81488458228818
6.25250501002004 -11.443815116864329 -13.275329839813246 -12.622908758089313 -12.573246469893817 -13.765316855288248 -13.594487876219041 -10.644962414376604 -9.960913485792418 -5.606519685586149 -8.02016075322829 -6.066892918392547 -12.047663341409145 -10.738835663425558 -13.869304178721926 -13.023870179403858 -10.045650608280614 -12.12328123989481 -11.266465982971816 -13.267691099332755 -12.61272346396229 -9.172944926132196 -13.64618081777687 -11.971170659181496 -12.948222410982293 -14.005193874359437 -14.000099552506223 -13.853699382335963 -12.80490477478521
6.312625250501002 -11.419779996666612 -13.266550911500392 -12.608050825438717 -12.560009652671873 -13.762696654998035 -13.589449805627591 -10.615604145140136 -9.919320266229192 -5.537059309949284 -7.974746248032645 -6.019656135793404 -12.027693108002914 -10.710406159574116 -13.862321289828927 -13.010998001859086 -10.006074894267602 -12.104037923485079 -11.24108338532288 -13.258747115664775 -12.597676109900533 -9.132415892732215 -13.641849919195312 -11.951916292919407 -12.936624104697785 -14.011236775679874 -14.002210757923875 -13.86236389558581 -12.794692593906287
6.372745490981964 -11.39553257469661 -13.257562354974244 -12.59298065614777 -12.546585698994352 -13.75987270080687 -13.584205037922388 -10.586027895093022 -9.877505814615386 -5.467401948050912 -7.929274457866402 -5.972451715350594 -12.007504433991098 -10.681764607169985 -13.855130964350561 -12.997919837067109 -9.966276364434183 -12.084580355513681 -11.215487959624575 -13.249593367650814 -12.582415026084472 -9.091661374881355 -13.637314178907065 -11.932461106227894 -12.924822087708066 -14.01709030404749 -14.004125773186987 -13.87084412833971 -12.784304333218053
6.432865731462925 -11.370997136735834 -13.248315414514327 -12.577638763757566 -12.532917982537715 -13.756807108042786 -13.578711417938027 -10.556148525229816 -9.835363313440961 -5.397391620092907 -7.883632617749985 -5.92516241224175 -11.98702877571587 -10.652827553467471 -13.847687622271192 -12.98457975104488 -9.926151775759628 -12.064841306544237 -11.189601607764548 -13.240180808470168 -12.56688038373074 -9.050576431951995 -13.632532700082756 -11.912737867628458 -12.912762669352578 -14.022731901992385 -14.00581508064512 -13.879122174872299 -12.773688712441889
6.492985971943887 -11.346237259797078 -13.238853183269015 -12.56207642046352 -12.519055499313883 -13.753534670680185 -13.573006997701142 -10.526036759629573 -9.79297986037114 -5.327152812901786 -7.837913103447036 -5.877881434347149 -11.966324266257093 -10.623664498630333 -13.840031940116752 -12.971026370890215 -9.885785533894921 -12.044877947944473 -11.163489714288719 -13.23055275385748 -12.551123707338636 -9.009246746143535 -13.627542587374943 -11.892803729124406 -12.900492750661794 -14.028184701230602 -14.007307102018947 -13.887217648244652 -12.762890627685142
6.55310621242485 -11.321238829844233 -13.229167472839727 -12.546283089979333 -12.504988302577402 -13.750049573829184 -13.567085028848105 -10.495676405398655 -9.750334454517091 -5.2566537489376435 -7.7920939456369 -5.830584695031632 -11.94537836768528 -10.594259647611523 -13.832156426464454 -12.957249967058104 -9.845157433679905 -12.024678048318103 -11.13713763946878 -13.220700952023101 -12.535134381504331 -8.967651732593502 -13.622337373395919 -11.872646452835038 -12.888003085944302 -14.033446251472926 -14.00859785654452 -13.89512912864175 -12.751901293522092
6.613226452905812 -11.295957619913484 -13.219230187793922 -12.530224254431825 -12.490683676518373 -13.746330240182054 -13.56092137014727 -10.465017571159027 -9.707364205885192 -5.185802275048952 -7.746109562376304 -5.783203715081079 -11.924151112763816 -10.564564158713189 -13.824034894098364 -12.943218188045826 -9.804206720559893 -12.004202454750564 -11.110499727743175 -13.210597133181903 -12.51887767486867 -8.92572960623573 -13.6168936800496 -11.852226941339943 -12.875262670073706 -14.038504201599833 -14.009670800899181 -13.902847073181926 -12.740691233356216
6.673346693386773 -11.270455852687018 -13.209083443789957 -12.513950063632375 -12.476189445595889 -13.742410621251313 -13.554553180506996 -10.434129512921341 -9.664154448040403 -5.114720333149115 -7.700049793517252 -5.735828778078357 -11.902699404969372 -10.534646066433723 -13.815707079759633 -12.928978566740039 -9.763016092668241 -11.983507112649024 -11.083639977241457 -13.200283631887775 -12.502403990109023 -8.883564327308306 -13.6112477301638 -11.831601071416564 -12.862317333532012 -14.043381007336036 -14.010553606531369 -13.910390466410368 -12.729304209043804
6.733466933867735 -11.244658103070062 -13.198678490641917 -12.49740113414557 -12.46144930677147 -13.738252771495816 -13.547938263509458 -10.402927432062913 -9.620598920912169 -5.0432533377773785 -7.653804060281857 -5.688345671505125 -11.880954843885203 -10.504422301993856 -13.807127394785887 -12.91447529760178 -9.721482807460113 -11.962524965288706 -11.056480601214176 -13.189711408869247 -12.485653589852745 -8.841051447657193 -13.605358590516001 -11.810701919845812 -12.849113510065528 -14.048054017999297 -14.01121667450649 -13.917741307343563 -12.717689314475269
