web/models/mosfit_kne/mosfit_kn_3.0000/mosfit_kn_0.001230_0.4843_3.0000.dat
# %ECSV 1.0
# ---
# datatype:
# - {name: time, datatype: float64}
# - {name: PS1_g, datatype: float64}
# - {name: PS1_i, datatype: float64}
# - {name: PS1_r, datatype: float64}
# - {name: PS1_w, datatype: float64}
# - {name: PS1_y, datatype: float64}
# - {name: PS1_z, datatype: float64}
# - {name: swift_uvot_B, datatype: float64}
# - {name: swift_uvot_U, datatype: float64}
# - {name: swift_uvot_uvm2, datatype: float64}
# - {name: swift_uvot_uvw1, datatype: float64}
# - {name: swift_uvot_uvw2, datatype: float64}
# - {name: swift_uvot_V, datatype: float64}
# - {name: johnson_B, datatype: float64}
# - {name: johnson_I, datatype: float64}
# - {name: johnson_R, datatype: float64}
# - {name: johnson_U, datatype: float64}
# - {name: johnson_V, datatype: float64}
# - {name: sdss_g, datatype: float64}
# - {name: sdss_i, datatype: float64}
# - {name: sdss_r, datatype: float64}
# - {name: sdss_u, datatype: float64}
# - {name: sdss_z, datatype: float64}
# - {name: ATLAS_c, datatype: float64}
# - {name: ATLAS_o, datatype: float64}
# - {name: ukirt_H, datatype: float64}
# - {name: ukirt_J, datatype: float64}
# - {name: ukirt_K, datatype: float64}
# - {name: Clear, datatype: float64}
# meta: !!omap
# - comment: [kappa = 3.0, type = rprocess, mass = 0.0012301715156502338, velocity = 0.48433333333333334, theta_obs = 0.0, tfloor = 1000.0]
# schema: astropy-2.0
time PS1_g PS1_i PS1_r PS1_w PS1_y PS1_z swift_uvot_B swift_uvot_U swift_uvot_uvm2 swift_uvot_uvw1 swift_uvot_uvw2 swift_uvot_V johnson_B johnson_I johnson_R johnson_U johnson_V sdss_g sdss_i sdss_r sdss_u sdss_z ATLAS_c ATLAS_o ukirt_H ukirt_J ukirt_K Clear
[from data line 237]
14.308617234468937 16.864791968539805 7.982963155340528 11.458033933378378 9.490110121874391 4.459773106815259 5.877449071662397 20.404698545104292 27.063642642999213 40.95223794702839 23.029225175073762 25.542241681553413 14.82430866141059 19.200761228138102 6.429449848918577 9.399482615643578 26.03264146374746 13.869286326241854 17.67733206985426 8.064219107453514 11.686522592874802 27.56474817317404 5.304021459640396 13.43711050312102 8.984697978511225 -0.48921427110021853 1.6602750243894717 -1.8495029515734074 7.204216078113035
14.3687374749499 16.885788601891818 8.00395978869254 11.47903056673039 9.511106755226404 4.48076974016729 5.89844570501441 20.425695178456305 27.084639276351226 40.9732345803804 23.050221808425785 25.563238314905426 14.845305294762621 19.221757861490115 6.45044648227059 9.42047924899559 26.053638097099473 13.890282959593867 17.698328703206272 8.085215740805527 11.707519226226815 27.58574480652605 5.3250180929924085 13.458107136473032 9.005694611863237 -0.4682176377482057 1.6812716577414846 -1.8285063182213945 7.225212711465048
14.428857715430862 16.906705154641575 8.02487634144228 11.49994711948013 9.532023307976143 4.501686292917029 5.919362257764149 20.446611731206055 27.105555829100965 40.994151133130146 23.071138361175525 25.584154867655176 14.86622184751236 19.242674414239854 6.471363035020347 9.44139580174533 26.074554649849222 13.911199512343606 17.71924525595601 8.106132293555284 11.728435778976571 27.60666135927579 5.345934645742165 13.479023689222771 9.026611164612994 -0.44730108499846666 1.7021882104912236 -1.8075897654716377 7.2461292642148045
14.488977955911823 16.927542200019676 8.045713386820399 11.520784164858231 9.552860353354262 4.52252333829513 5.940199303142268 20.467448776584163 27.126392874479073 41.014988178508254 23.091975406553633 25.604991913033285 14.887058892890462 19.263511459617973 6.492200080398448 9.462232847123449 26.095391695227335 13.932036557721725 17.74008230133413 8.126969338933385 11.749272824354673 27.6274984046539 5.366771691120267 13.49986073460089 9.047448209991096 -0.42646403962036517 1.723025255869325 -1.7867527200935363 7.266966309592906
14.549098196392785 16.94830031957716 8.066471506377884 11.541542284415716 9.573618472911747 4.543281457852615 5.960957422699753 20.488206896141648 27.147150994036558 41.03574629806574 23.112733526111118 25.62575003259077 14.907817012447946 19.284269579175458 6.512958199955933 9.482990966680934 26.11614981478482 13.95279467727921 17.760840420891615 8.14772745849087 11.770030943912158 27.648256524211384 5.387529810677751 13.520618854158375 9.06820632954858 -0.40570592006288053 1.7437833754268097 -1.7659946005360516 7.287724429150391
14.609218436873746 16.968980086258405 8.08715127305911 11.56222205109696 9.594298239592973 4.563961224533859 5.981637189380979 20.50888666282288 27.167830760717795 41.05642606474698 23.13341329279235 25.646429799272003 14.92849677912919 19.304949345856684 6.533637966637177 9.50367073336216 26.136829581466053 13.973474443960436 17.78152018757284 8.168407225172114 11.790710710593402 27.66893629089262 5.4082095773589955 13.541298620839601 9.088886096229825 -0.38502615338163637 1.7644631421080539 -1.7453148338548075 7.308404195831635
14.669338677354709 16.98958206425292 8.107753251053644 11.582824029091494 9.614900217587508 4.584563202528376 6.002239167375514 20.52948864081741 27.18843273871233 41.0770280427415 23.15401527078688 25.66703177726653 14.949098757123707 19.32555132385122 6.554239944631694 9.524272711356694 26.157431559460576 13.99407642195497 17.802122165567376 8.18900920316663 11.811312688587918 27.689538268887155 5.428811555353512 13.561900598834136 9.109488074224341 -0.36442417538710203 1.7850651201025882 -1.7247128558602909 7.329006173826151
14.729458917835672 17.010106812508212 8.128277999308935 11.603348777346767 9.635424965842798 4.605087950783666 6.022763915630804 20.5500133890727 27.208957486967613 41.09755279099678 23.17454001904217 25.68755652552182 14.969623505378998 19.34607607210651 6.574764692886984 9.544797459611985 26.177956307715867 14.014601170210243 17.822646913822666 8.209533951421921 11.831837436843209 27.71006301714244 5.449336303608803 13.582425347089426 9.130012822479632 -0.3438994271318292 1.805589868357861 -1.7041881076050003 7.349530922081442
14.789579158316633 17.030554889993414 8.148726076794137 11.623796854831987 9.655873043328 4.625536028268886 6.043211993116007 20.5704614665579 27.229405564452822 41.11800086848199 23.19498809652738 25.70800460300703 14.990071582864218 19.36652414959171 6.595212770372187 9.565245537097187 26.198404385201073 14.035049247695463 17.84309499130787 8.229982028907123 11.852285514328411 27.730511094627648 5.469784381094023 13.602873424574629 9.150460899964834 -0.32345134964660915 1.826037945843081 -1.6837400301197802 7.369978999566662
14.849699398797595 17.05092683793696 8.169098024737682 11.644168802775514 9.676244991271528 4.645907976212413 6.063583941059552 20.59083341450144 27.249777512396356 41.13837281642553 23.21536004447091 25.72837655095056 15.010443530807745 19.38689609753524 6.6155847183157315 9.585617485040714 26.218776333144607 14.05542119563899 17.863466939251396 8.250353976850668 11.872657462271956 27.750883042571182 5.49015632903755 13.623245372518156 9.170832847908379 -0.303079401703082 1.8464098937866082 -1.663368082176253 7.390350947510189
14.909819639278556 17.07122320349681 8.189394390297533 11.664465168335365 9.696541356831379 4.666204341772264 6.0838803066194025 20.61112978006129 27.270073877956207 41.15866918198538 23.235656410030767 25.74867291651042 15.030739896367596 19.407192463095107 6.635881083875582 9.605913850600583 26.239072698704458 14.075717561198841 17.883763304811247 8.27065034241052 11.892953827831807 27.771179408131033 5.510452694597401 13.643541738078007 9.19112921346823 -0.2827830361432311 1.8667062593464592 -1.6430717166164022 7.41064731307004
14.969939879759519 17.09145054047026 8.209621727270981 11.684692505308831 9.716768693804845 4.686431678745713 6.104107643592851 20.631357117034746 27.290301214929666 41.17889651895884 23.255883747004216 25.768900253483867 15.050967233341044 19.427419800068556 6.656108420849031 9.626141187574031 26.259300035677917 14.095944898172307 17.903990641784713 8.290877679383968 11.913181164805255 27.791406745104492 5.530680031570849 13.663769075051473 9.211356550441678 -0.26255569916976484 1.8869335963199254 -1.6228443796429537 7.430874650043489
15.03006012024048 17.11159135886767 8.229762545668393 11.704833323706225 9.736909512202239 4.706572497143124 6.124248461990263 20.651497935432147 27.31044203332707 41.19903733735624 23.276024565401627 25.78904107188128 15.071108051738456 19.447560618465968 6.6762492392464425 9.646282005971443 26.279440854075318 14.116085716569701 17.924131460182107 8.31101849778138 11.933321983202667 27.811547563501897 5.550820849968261 13.683909893448867 9.23149736883909 -0.24241488077237094 1.9070744147173193 -1.602703561245542 7.4510154684409
15.090180360721442 17.131664153117736 8.249835339918441 11.72490611795629 9.756982306452304 4.72664529139319 6.1443212562403104 20.671570729682216 27.330514827577126 41.21911013160631 23.296097359651686 25.809113866131337 15.091180845988521 19.467633412716015 6.69632203349649 9.666354800221491 26.299513648325384 14.136158510819767 17.944204254432172 8.331091292031445 11.953394777452733 27.83162035775195 5.570893644218327 13.703982687698932 9.251570163089156 -0.22234208652230536 1.927147208967385 -1.5826307669954764 7.471088262690966
15.150300601202405 17.151663510739947 8.26983469754067 11.74490547557852 9.776981664074533 4.746644649015419 6.1643206138625395 20.691570087304434 27.350514185199355 41.239109489228525 23.316096717273904 25.829113223753556 15.11118020361075 19.487632770338244 6.716321391118719 9.68635415784372 26.319513005947606 14.156157868441996 17.9642036120544 8.351090649653656 11.973394135074944 27.85161971537418 5.590893001840538 13.723982045321161 9.271569520711367 -0.20234272890007632 1.947146566589614 -1.5626314093732652 7.491087620313177
15.210420841683366 17.171589920745642 8.289761107546347 11.764831885584197 9.79690807408021 4.766571059021096 6.184247023868217 20.711496497310122 27.370440595205032 41.25903589923421 23.336023127279592 25.849039633759244 15.131106613616428 19.50755918034392 6.736247801124397 9.706280567849397 26.33943941595329 14.176084278447673 17.98413002206008 8.371017059659351 11.993320545080621 27.871546125379858 5.610819411846233 13.743908455326839 9.291495930717062 -0.18241631889439902 1.9670729765952912 -1.54270499936757 7.511014030318872
15.270541082164328 17.19144389074936 8.309615077550081 11.784685855587913 9.816762044083926 4.786425029024812 6.2041009938719505 20.731350467313845 27.390294565208755 41.27888986923793 23.355877097283315 25.868893603762967 15.150960583620144 19.527413150347655 6.75610177112813 9.726134537853131 26.359293385957006 14.19593824845139 18.003983992063795 8.390871029663067 12.013174515084355 27.89140009538358 5.630673381849949 13.763762425330555 9.311349900720778 -0.1625623488906831 1.9869269465990071 -1.5228510293638542 7.530868000322588
15.33066132264529 17.211225927386415 8.329397114187138 11.804467892224988 9.836544080721001 4.806207065661887 6.223883030509008 20.751132503950902 27.410076601845823 41.298671905875 23.375659133920383 25.888675640400024 15.170742620257219 19.547195186984712 6.7758838077651875 9.745916574490188 26.37907542259407 14.215720285088464 18.02376602870087 8.410653066300124 12.032956551721412 27.91118213202065 5.650455418487006 13.78354446196763 9.331131937357835 -0.1427803122536082 2.006708983236082 -1.503068992726797 7.550650036959645
15.390781563126252 17.23093653505103 8.349107721851734 11.824178499889584 9.856254688385597 4.825917673326483 6.243593638173621 20.770843111615505 27.42978720951043 41.318382513539596 23.395369741584975 25.908386248064627 15.190453227921815 19.56690579464931 6.795594415429801 9.765627182154784 26.398786030258677 14.23543089275306 18.043476636365465 8.430363673964738 12.052667159386026 27.930892739685255 5.67016602615162 13.803255069632225 9.350842545022449 -0.12306970458901234 2.026419590900678 -1.4833583850621834 7.570360644624259
15.450901803607215 17.250576207992676 8.368747394793381 11.84381817283123 9.875894361327244 4.84555734626813 6.2632333111152505 20.790482784557156 27.449426882452066 41.33802218648124 23.415009414526626 25.928025921006277 15.210092900863462 19.586545467590955 6.81523408837143 9.785266855096431 26.418425703200324 14.255070565694707 18.063116309307112 8.450003346906385 12.072306832327655 27.95053241262689 5.689805699093267 13.822894742573872 9.370482217964096 -0.1034300316473653 2.046059263842325 -1.4637187121205364 7.590000317565906
15.511022044088175 17.27014543579415 8.388316622594854 11.863387400632703 9.895463589128717 4.865126574069603 6.282802538916723 20.810052012358625 27.46899611025354 41.357591414282716 23.434578642328095 25.947595148807746 15.229662128664934 19.606114695392428 6.834803316172921 9.804836082897904 26.437994931001796 14.27463979349618 18.082685537108585 8.469572574707858 12.091876060129145 27.970101640428364 5.709374926894739 13.842463970375345 9.390051445765568 -0.08386080384589278 2.0656284916437975 -1.4441494843190639 7.609569545367378
15.571142284569138 17.28964470750343 8.407815894304154 11.882886672341986 9.914962860838 4.884625845778885 6.302301810626023 20.82955128406791 27.488495381962828 41.377090685992 23.45407791403738 25.967094420517032 15.249161400374216 19.62561396710171 6.854302587882203 9.824335354607186 26.45749420271108 14.294139065205462 18.102184808817867 8.48907184641714 12.111375331838428 27.989600912137654 5.7288741986040215 13.861963242084627 9.40955071747485 -0.06436153213661044 2.08512776335308 -1.4246502126097815 7.629068817076661
15.631262525050099 17.309074499967405 8.427245686768128 11.902316464805978 9.934392653301991 4.904055638242859 6.321731603089997 20.848981076531892 27.507925174426802 41.39652047845598 23.473507706501362 25.986524212981013 15.26859119283819 19.645043759565702 6.873732380346177 9.843765147071178 26.476923995175063 14.313568857669454 18.12161460128186 8.508501638881114 12.130805124302402 28.009030704601628 5.748303991067996 13.88139303454862 9.428980509938825 -0.04493173967261854 2.104557555817054 -1.4052204201458074 7.648498609540635
15.691382765531062 17.328435294429063 8.446606481229786 11.921677259267636 9.95375344776365 4.923416432704535 6.341092397551655 20.86834187099355 27.52728596888847 41.415881272917645 23.49286850096302 26.00588500744267 15.287951987299849 19.66440455402736 6.893093174807835 9.863125941532836 26.496284789636718 14.332929652131112 18.140975395743517 8.527862433342772 12.15016591876406 28.028391499063297 5.767664785529654 13.900753829010277 9.448341304400483 -0.025570945210960483 2.1239183502787298 -1.3858596256841493 7.667859404002293
15.751503006012024 17.347727558520205 8.465898745320928 11.94096952335876 9.973045711854773 4.942708696795659 6.360384661642797 20.88763413508468 27.546578232979606 41.43517353700877 23.512160765054162 26.025177271533813 15.30724425139099 19.683696818118502 6.912385438898977 9.882418205623978 26.515577053727853 14.352221916222236 18.16026765983464 8.547154697433914 12.169458182855202 28.04768376315443 5.786957049620796 13.920046093101401 9.467633568491625 -0.006278681119836316 2.143210614369854 -1.3665673615930074 7.687151668093435
15.811623246492985 17.366951763870464 8.485122950671169 11.960193728709019 9.992269917205032 4.961932902145918 6.379608866993038 20.906858340434944 27.565802438329854 41.454397742359035 23.531384970404414 26.044401476884065 15.32646845674125 19.702921023468743 6.931609644249236 9.901642410974219 26.53480125907811 14.371446121572495 18.1794918651849 8.566378902784173 12.18868238820546 28.06690796850468 5.8061812549710545 13.93927029845166 9.486857773841884 0.012945524230422611 2.162434819720113 -1.3473431562427485 7.706375873443694
15.871743486973948 17.386108370590723 8.504279557391428 11.979350335429277 10.01142652392529 4.981089508866177 6.398765473713297 20.926014947155203 27.58495904505012 41.47355434907929 23.550541577124672 26.063558083604324 15.345625063461508 19.722077630189002 6.950766250969495 9.920799017694478 26.55395786579837 14.390602728292754 18.19864847190516 8.585535509504432 12.20783899492572 28.086064575224945 5.825337861691313 13.958426905171919 9.506014380562142 0.03210213095068126 2.1815914264403715 -1.3281865495224898 7.725532480163952
15.931863727454909 17.405197838461444 8.523369025262166 11.998439803299998 10.03051599179603 5.000178976736898 6.417854941584036 20.94510441502593 27.60404851292084 41.49264381695002 23.5696310449954 26.082647551475052 15.364714531332229 19.74116709805974 6.969855718840216 9.939888485565216 26.573047333669102 14.409692196163475 18.217737939775898 8.604624977375153 12.22692846279644 28.105154043095666 5.844427329562034 13.977516373042658 9.525103848432863 0.05119159882140223 2.2006808943110925 -1.3090970816517689 7.744621948034673
15.991983967935871 17.42422062219422 8.542391808994925 12.017462587032774 10.049538775528788 5.019201760469674 6.436877725316794 20.964127198758696 27.62307129665361 41.511666600682794 23.588653828728166 26.101670335207817 15.383737315065005 19.7601898817925 6.988878502572974 9.958911269297975 26.592070117401867 14.42871497989625 18.236760723508656 8.623647761107929 12.245951246529216 28.124176826828435 5.86345011329481 13.996539156775416 9.54412663216564 0.07021438255417833 2.2197036780438686 -1.2900742979189928 7.7636447317674495
