web/models/mosfit_kne/mosfit_kn_3.0000/mosfit_kn_0.268580_0.2337_3.0000.dat
# %ECSV 1.0
# ---
# datatype:
# - {name: time, datatype: float64}
# - {name: PS1_g, datatype: float64}
# - {name: PS1_i, datatype: float64}
# - {name: PS1_r, datatype: float64}
# - {name: PS1_w, datatype: float64}
# - {name: PS1_y, datatype: float64}
# - {name: PS1_z, datatype: float64}
# - {name: swift_uvot_B, datatype: float64}
# - {name: swift_uvot_U, datatype: float64}
# - {name: swift_uvot_uvm2, datatype: float64}
# - {name: swift_uvot_uvw1, datatype: float64}
# - {name: swift_uvot_uvw2, datatype: float64}
# - {name: swift_uvot_V, datatype: float64}
# - {name: johnson_B, datatype: float64}
# - {name: johnson_I, datatype: float64}
# - {name: johnson_R, datatype: float64}
# - {name: johnson_U, datatype: float64}
# - {name: johnson_V, datatype: float64}
# - {name: sdss_g, datatype: float64}
# - {name: sdss_i, datatype: float64}
# - {name: sdss_r, datatype: float64}
# - {name: sdss_u, datatype: float64}
# - {name: sdss_z, datatype: float64}
# - {name: ATLAS_c, datatype: float64}
# - {name: ATLAS_o, datatype: float64}
# - {name: ukirt_H, datatype: float64}
# - {name: ukirt_J, datatype: float64}
# - {name: ukirt_K, datatype: float64}
# - {name: Clear, datatype: float64}
# meta: !!omap
# - comment: [kappa = 3.0, type = rprocess, mass = 0.2685795883840597, velocity = 0.2336666666666667, theta_obs = 0.0, tfloor = 1000.0]
# schema: astropy-2.0
time PS1_g PS1_i PS1_r PS1_w PS1_y PS1_z swift_uvot_B swift_uvot_U swift_uvot_uvm2 swift_uvot_uvw1 swift_uvot_uvw2 swift_uvot_V johnson_B johnson_I johnson_R johnson_U johnson_V sdss_g sdss_i sdss_r sdss_u sdss_z ATLAS_c ATLAS_o ukirt_H ukirt_J ukirt_K Clear
[from data line 395]
23.80761523046092 -15.092706282133186 -17.870801602794675 -16.83891612750985 -16.932160318673333 -18.750734918035903 -18.42564177955511 -13.954908952204647 -12.508078241361034 -6.479227683120537 -10.626039141461021 -8.669574196268787 -15.936561399832112 -14.117908108483611 -18.57951187120544 -17.374783852784905 -12.714991730929139 -16.065334091452193 -14.831179623525106 -17.852758539283524 -16.814209531220126 -11.778411735175016 -18.524494987664966 -15.936015681019224 -17.381341156812287 -19.55062881304913 -19.290772463979966 -19.57030701024175 -17.369628602697453
23.867735470941884 -15.114112659156884 -17.886863425625847 -16.857130289129092 -16.949351936991075 -18.764557065680645 -18.440356312584107 -13.978276018546769 -12.535779816932155 -6.516066747194922 -10.651888047802966 -8.6951158663082 -15.956678040572793 -14.14081625586276 -18.594908387200235 -17.392166644943547 -12.74201696827187 -16.08510259261571 -14.85306453320506 -17.86887981961719 -16.832521445430366 -11.805824323433818 -18.538924472474463 -15.955533358065832 -17.398246137452187 -19.561171756483283 -19.302810540650768 -19.579836970408483 -17.385564129562336
23.927855711422843 -15.135546999485072 -17.90293870160003 -16.875363668448795 -16.966562172714568 -18.778386948955355 -18.455080790432365 -14.001675871130505 -12.563525571965535 -6.552978551454294 -10.6777909029074 -8.720711610429234 -15.976818444775908 -14.163756756376479 -18.610316735512217 -17.409567223846427 -12.769084435225093 -16.104894482939024 -14.874978669884431 -17.88501470881016 -16.85085266412111 -11.833279893335593 -18.55336334295025 -15.97507499408179 -17.415167710217183 -19.571714738262763 -19.31485212985006 -19.58936471995887 -17.40151583671695
23.987975951903806 -15.157009102177295 -17.919027316440115 -16.893616115148298 -16.983790914326633 -18.79222449392241 -18.46981512248915 -14.025108272479898 -12.591315196397854 -6.589962664560949 -10.703747596279864 -8.746361364556442 -15.996982425965253 -14.186729386124796 -18.62573681437028 -17.426985458827204 -12.796193831099043 -16.12470958582042 -14.896921824528402 -17.901163091534844 -16.86920303390865 -11.860778135370218 -18.567811514824495 -15.994640429183136 -17.43210575397523 -19.582257749638213 -19.32689719275384 -19.598890271202563 -17.417483642429694
24.04809619238477 -15.178498144464534 -17.93512874259436 -16.91188698164897 -17.001037592642962 -18.80606930072041 -18.484558857427142 -14.048572286861127 -12.619147512851967 -6.627017430589446 -10.729757220523943 -8.772064280370934 -16.01716922627639 -14.20973324070259 -18.641168134660735 -17.44442075424549 -12.823344014291422 -16.144547166745774 -14.918893147606287 -17.917324436869233 -16.887571900368812 -11.888317884052508 -18.582268554197228 -16.014228955175227 -17.44905970126135 -19.592800583717388 -19.338945434140324 -19.608413477752556 -17.433467056170322
24.10821643286573 -15.200013036502398 -17.951242275018036 -16.930175406815646 -17.018301441538934 -18.819920829454375 -18.4993113889783 -14.072066678730206 -12.647020971608 -6.664140667041958 -10.755818523612053 -8.79781917063966 -16.03737784256768 -14.232767123353284 -18.65661004088099 -17.461872314602182 -12.850533482214328 -16.16440625159505 -14.94089151450062 -17.933498035402682 -16.905958393931417 -11.915897606500767 -18.59673387694608 -16.033839628153626 -17.466028792746364 -19.603342948241625 -19.350996448505633 -19.617934124703527 -17.449465411281135
24.168336673346694 -15.221553359749667 -17.967367654600146 -16.948481066200607 -17.03558218845581 -18.833778891726283 -18.514072500001237 -14.095590966534292 -12.674934959745787 -6.70133151335657 -10.781931112380985 -8.82362569484075 -16.0576078886285 -14.255830571920786 -18.672062295404583 -17.47933984598894 -12.877761640553171 -16.18428646847137 -14.962916492076861 -17.94968362616503 -16.924362185842323 -11.943516694450391 -18.611207276047388 -16.05347209585105 -17.48301275055347 -19.61388476416269 -19.363050106608384 -19.627452167633873 -17.465478481694916
24.228456913827653 -15.243118519399381 -17.983504505030705 -16.966803494374698 -17.052879430853576 -18.84764320664777 -18.528841871030437 -14.119144470863702 -12.702888618665629 -6.738588761624274 -10.808094366614043 -8.849483289461165 -16.077858816345067 -14.278922931314607 -18.687524550730476 -17.496822922552504 -12.905027656798016 -16.204187287317243 -14.984967465651984 -17.96588083033038 -16.942782805316394 -11.971174297211338 -18.62568844526635 -16.073125850431218 -17.50001117013726 -19.624425896009075 -19.375106206345265 -19.63696751681441 -17.481505925103864
24.288577154308616 -15.264708851016344 -17.999653067919006 -16.985142969624967 -17.070193450850635 -18.861513980441433 -18.54361972181014 -14.142727557149463 -12.730882387919298 -6.775913037351276 -10.83430886105793 -8.875392569152933 -16.098130932356433 -14.302044564685769 -18.702997038440465 -17.51432181378637 -12.932331957005669 -16.224109012636646 -15.007044778879823 -17.982089890465716 -16.961220530946672 -11.998870845216203 -18.640177600976617 -16.092801204362743 -17.517024314410108 -19.634966504104355 -19.387164928626746 -19.64648031924543 -17.49754801074074
24.34869739478958 -15.286323408717841 -18.015812733508785 -17.003498745710868 -17.08752358709006 -18.875390747993812 -18.55840552905752 -14.166339151888103 -12.758914919561537 -6.81330244097014 -10.860573523822463 -8.901352526882803 -16.11842336604755 -14.325194432685787 -18.718479192181345 -17.53183583105515 -12.95967323422029 -16.24405079934721 -15.02914745547967 -17.998310192990754 -16.97967460903918 -12.0266050048928 -18.65467423933426 -16.11249733999557 -17.534051526556027 -19.64550634062705 -19.399225926239048 -19.65599039500423 -17.513604164884562
24.40881763527054 -15.307962218124853 -18.03198353727204 -17.02187085297945 -17.10486989321554 -18.889273552838084 -18.5731993325318 -14.189979272593558 -12.786986221166377 -6.850756987529468 -10.886888531331742 -8.927363386408057 -16.138736139315466 -14.34837255924036 -18.733971050280733 -17.54936501183516 -12.98705149566538 -16.264012673817035 -15.051275519875453 -18.014541773180532 -16.998145068392958 -12.054376780390239 -18.669178402210278 -16.13221429629096 -17.55109284675127 -19.656045466668864 -19.411289251936346 -19.665497811422195 -17.529674452500004
24.468937875751504 -15.32962348519261 -18.048164305980983 -17.0402578671205 -17.122231082544275 -18.90316148541503 -18.58800011713699 -14.213645893572721 -12.81509376206202 -6.88827310475441 -10.913251716206052 -8.953423062336817 -16.159067602659338 -14.371576976546873 -18.74947151820142 -17.566908032985566 -13.014464287764362 -16.28399303012429 -15.073427122164258 -18.03078345081987 -17.01663047218979 -12.082183671136786 -18.683689108947892 -16.151950507113195 -17.5681470090613 -19.666583363668014 -19.423354208594894 -19.67500217137889 -17.545757740666463
24.529058116232463 -15.351307426567065 -18.064355201836708 -17.058659971100933 -17.13960734876837 -18.917054689010797 -18.60280803314568 -14.23733924703167 -12.8432378167639 -6.92585118379377 -10.939663497994179 -8.979532019350408 -16.17941795359557 -14.394807917530649 -18.764980752968363 -17.584465074427353 -13.041911876547864 -16.30399206594802 -15.09560248355811 -18.047035388628085 -17.03513100305834 -12.110025944803873 -18.698206508461297 -16.171706179545495 -17.58521419036411 -19.677120152855597 -19.43542092717662 -19.684503590076062 -17.561854219152906
24.589178356713425 -15.373013149881238 -18.080555650376766 -17.07707646133116 -17.156998068527063 -18.930952725999433 -18.617622587916376 -14.26105831997112 -12.87141711292401 -6.9634894292319975 -10.966122866727428 -9.005689313952526 -16.199786371048585 -14.418064401208163 -18.78049822114444 -17.602035486759295 -13.069393028389086 -16.3240089841555 -15.117800682946552 -18.063297008522845 -17.053645950407628 -12.137902342665292 -18.71273012643279 -16.191480542328343 -17.602293771428474 -19.687655602041186 -19.4474890815283 -19.694001899459042 -17.577963347405507
24.649298597194388 -15.394740809828296 -18.096765772416887 -17.0955074711045 -17.174403389589905 -18.944855706882837 -18.632443895519533 -14.284803275159465 -12.899631839030015 -7.001188110409802 -10.992630162090986 -9.031895333712118 -16.220172995628037 -14.441346592693257 -18.796024040908847 -17.619619403286812 -13.096907925891294 -16.344043926760868 -15.140021877752314 -18.079568431609037 -17.072175446843367 -12.165813047518075 -18.727260076638803 -16.211273747722785 -17.61938588436477 -19.698189812174075 -19.459558776635077 -19.703497198282932 -17.594085274009963
24.70941883767535 -15.416489366234778 -18.112984895184336 -17.113952178602858 -17.19182257912035 -18.958763116358845 -18.647271377441736 -14.308572933814975 -12.927880516987749 -7.038945140038336 -11.019184180875463 -9.058148945998962 -16.240576870648155 -14.464653349136704 -18.811557586609943 -17.637216063741878 -13.124455135971768 -16.3640959640119 -15.162264994640395 -18.095848980944513 -17.090718662710422 -12.193756597708507 -18.741795801445686 -16.231084893743777 -17.636489803481936 -19.70872250334487 -19.47162962498007 -19.712989279970575 -17.610219360237878
24.769539078156313 -15.438259439172413 -18.129213448290642 -17.132411088930315 -17.209256127576467 -18.972675308261184 -18.662105417146115 -14.332367981355365 -12.956163984844409 -7.0767617058412595 -11.045785864037594 -9.0844511327847 -16.260998564068167 -14.487985345091857 -18.82709926579664 -17.654825949123698 -13.152035470921508 -16.38416565523833 -15.184530670420457 -18.1121390881688 -17.109276105233295 -12.221733816974396 -18.7563376757382 -16.25091454308217 -17.65360599464433 -19.719253924208818 -19.4837019228434 -19.72247836147527 -17.626366060923466
24.829659318637272 -15.460049739953092 -18.14545059378272 -17.150883181550434 -17.22670311843883 -18.986591636889436 -18.676945291893965 -14.356186960138324 -12.984480418269762 -7.1146352300024445 -11.072433685016545 -9.110800444041644 -16.28143689111025 -14.511341165602566 -18.84264829792895 -17.67244811300162 -13.179647162004724 -16.40425184774269 -15.206817575798173 -18.128437910234076 -17.127846744599253 -12.249742902110583 -18.770885001999886 -16.270761574179513 -17.67073355342024 -19.72978371507137 -19.495775179863628 -19.73196417200112 -17.64252457282481
24.889779559118235 -15.481859340754642 -18.161695733325498 -17.169367724359734 -17.24416290064008 -19.000511645393434 -18.69179048801964 -14.380028817827181 -13.012828496563369 -7.152563845875657 -11.099126580412477 -9.137195886835578 -16.301890998544526 -14.534719790655725 -18.858204127007856 -17.69008187856721 -13.207288928755212 -16.424353712511955 -15.229124753198704 -18.144744845058405 -17.146429841633726 -12.277782546947726 -18.785437285335504 -16.2906251835874 -17.687871834178317 -19.740311630808126 -19.50784905411478 -19.74144653238159 -17.658694329747764
24.949899799599198 -15.503687997117854 -18.177948722249138 -17.187864531367723 -17.261635326602285 -19.01443523456022 -18.706640887716564 -14.403893269421008 -13.041207852455887 -7.19054703505645 -11.125864369797238 -9.163637339552903 -16.322360660663364 -14.558120948302204 -18.873766622215797 -17.70772707985404 -13.234960414993832 -16.444471033410398 -15.25145194895611 -18.16105974677651 -17.165025207374764 -12.305852386079685 -18.799994414580095 -16.31050517070589 -17.705020681667225 -19.750837643722733 -19.51992348500637 -19.750925437634855 -17.674875215587722
25.01002004008016 -15.52553550909412 -18.19420944532883 -17.20637345208827 -17.279120281420397 -19.02836232832339 -18.721496398834354 -14.427780079953873 -13.069618180951696 -7.228584367122866 -11.152646930227395 -9.19012473807005 -16.34284569262918 -14.581544415319158 -18.889335680306882 -17.725383584041722 -13.262661324900417 -16.464603634180733 -15.273798955264208 -18.17738249913525 -17.18363268864179 -12.333952115553135 -18.814556303419536 -16.330401374126655 -17.722179972445247 -19.76136174004244 -19.53199843007722 -19.760400893848452 -17.691067143389656
25.07014028056112 -15.547401658395508 -18.210477775057736 -17.224894321311748 -17.296617636523823 -19.042292840862256 -18.736356918465873 -14.45168899393072 -13.09805915165926 -7.266675375598626 -11.179474114845043 -9.216657995487733 -16.363345892770244 -14.604989948404178 -18.904911186496378 -17.743051244457703 -13.290391338025362 -16.484751322076963 -15.296165545437823 -18.19371297353193 -17.20225211743367 -12.362081406368723 -18.829122855089544 -16.350313616169796 -17.73934956976282 -19.771883899892973 -19.544073839102225 -19.769872902123137 -17.707270013906307
25.130260521042082 -15.569285997214966 -18.226753431471394 -17.24342679036006 -17.314127093852196 -19.056226566069245 -18.751222210624316 -14.475619498250591 -13.126530114238317 -7.304819140898007 -11.206345478355626 -9.243236731294914 -16.383860848746227 -14.628457052954488 -18.92049288306793 -17.760729742632517 -13.318149823758258 -16.504913698486302 -15.318551256386357 -18.210050888050695 -17.220883140938454 -12.390239613893446 -18.843693843775675 -16.3702415164566 -17.7565291719319 -19.78240402996448 -19.556149567072847 -19.779341404545058 -17.72348357616634
25.190380761523045 -15.591187985879706 -18.24303607355665 -17.261970437108953 -17.331648287300396 -19.070163249625 -18.766091986013258 -14.499570976763138 -13.155030290415493 -7.3430145618670855 -11.23326045485376 -9.269860446675814 -16.40439006395556 -14.651945133752719 -18.936080455048902 -17.7784186912304 -13.34593602747714 -16.525090282394284 -15.34095553040327 -18.22639589938511 -17.23952533237945 -12.418425967324431 -18.858268991943525 -16.390184613359757 -17.773718411135313 -19.79292200736255 -19.568225430912545 -19.788806319334014 -17.73970751817174
25.250501002004007 -15.613106010551743 -18.25932464728721 -17.280523981121494 -17.34918005766387 -19.084102074891884 -18.780965333096873 -14.52354160755559 -13.183557403920307 -7.381258415312451 -11.26021707888695 -9.296527262461844 -16.42493205602679 -14.675452419392133 -18.951672919081208 -17.796116899322183 -13.373747742472332 -16.545279629533965 -15.363376703344347 -18.24274694720831 -17.258177400378738 -12.446638218128623 -18.872847418701202 -16.410141496709798 -17.79091614805896 -19.8034373663096 -19.58030080467573 -19.79826728938329 -17.755940817972693
25.31062124248497 -15.635041223427137 -18.27561993453143 -17.29908835209594 -17.36672328676523 -19.098043672842397 -18.79584294238489 -14.547532673969219 -13.212113036665105 -7.419552941113923 -11.287216981762782 -9.323238848998464 -16.44548788136409 -14.69898016703047 -18.967271012659392 -17.813825244655447 -13.40158650202418 -16.565482776055248 -15.385815960238922 -18.2591048174109 -17.27684028000004 -12.474877923988608 -18.887429796440376 -16.430113198173064 -17.808123229365975 -19.81395052282412 -19.59237620205066 -19.807724665094263 -17.772184279973793
25.37074148296593 -15.656992127267415 -18.291920958546246 -17.31766236270639 -17.38427690085013 -19.11198728763468 -18.810723969713763 -14.571542485163508 -13.240695075413793 -7.457895145883049 -11.314258346499777 -9.349993474868835 -16.466056164771807 -14.72252673284775 -18.982873824798833 -17.83154262318676 -13.429450257480202 -16.585698382230337 -15.40827175706692 -18.275468527386334 -17.295512773716606 -12.503142997312402 -18.902015309519538 -16.450098410175862 -17.82533859911858 -19.824461047709857 -19.604451044718676 -19.817178118438786 -17.788436958365406
