web/models/mosfit_kne/mosfit_kn_3.0000/mosfit_kn_0.003466_0.1867_3.0000.dat
# %ECSV 1.0
# ---
# datatype:
# - {name: time, datatype: float64}
# - {name: PS1_g, datatype: float64}
# - {name: PS1_i, datatype: float64}
# - {name: PS1_r, datatype: float64}
# - {name: PS1_w, datatype: float64}
# - {name: PS1_y, datatype: float64}
# - {name: PS1_z, datatype: float64}
# - {name: swift_uvot_B, datatype: float64}
# - {name: swift_uvot_U, datatype: float64}
# - {name: swift_uvot_uvm2, datatype: float64}
# - {name: swift_uvot_uvw1, datatype: float64}
# - {name: swift_uvot_uvw2, datatype: float64}
# - {name: swift_uvot_V, datatype: float64}
# - {name: johnson_B, datatype: float64}
# - {name: johnson_I, datatype: float64}
# - {name: johnson_R, datatype: float64}
# - {name: johnson_U, datatype: float64}
# - {name: johnson_V, datatype: float64}
# - {name: sdss_g, datatype: float64}
# - {name: sdss_i, datatype: float64}
# - {name: sdss_r, datatype: float64}
# - {name: sdss_u, datatype: float64}
# - {name: sdss_z, datatype: float64}
# - {name: ATLAS_c, datatype: float64}
# - {name: ATLAS_o, datatype: float64}
# - {name: ukirt_H, datatype: float64}
# - {name: ukirt_J, datatype: float64}
# - {name: ukirt_K, datatype: float64}
# - {name: Clear, datatype: float64}
# meta: !!omap
# - comment: [kappa = 3.0, type = rprocess, mass = 0.003465724215782086, velocity = 0.1866666666666667, theta_obs = 0.0, tfloor = 1000.0]
# schema: astropy-2.0
time PS1_g PS1_i PS1_r PS1_w PS1_y PS1_z swift_uvot_B swift_uvot_U swift_uvot_uvm2 swift_uvot_uvw1 swift_uvot_uvw2 swift_uvot_V johnson_B johnson_I johnson_R johnson_U johnson_V sdss_g sdss_i sdss_r sdss_u sdss_z ATLAS_c ATLAS_o ukirt_H ukirt_J ukirt_K Clear
[from data line 411]
24.769539078156313 12.515950182168378 3.634121368969083 7.109192147006933 5.1412683355029465 0.11093132044383225 1.5286072852909527 16.055856758732848 22.714800856627768 36.60339616065695 18.680383388702335 21.19339989518198 10.475466875039164 14.851919441766658 2.0806080625471326 5.050640829272132 21.683799677376026 9.52044453987041 13.328490283482815 3.7153773210820873 7.337680806503375 23.215906386802594 0.9551796732689688 9.088268716749575 4.635856192139798 -4.838056057471664 -2.688566761981973 -6.198344737944835 2.855374291741608
24.829659318637272 12.52461311326087 3.6427843000615745 7.117855078099424 5.149931266595438 0.11959425153632353 1.537270216383444 16.06451968982534 22.72346378772026 36.61205909174944 18.68904631979481 21.202062826274467 10.484129806131655 14.860582372859149 2.089270993639624 5.059303760364624 21.692462608468517 9.5291074709629 13.337153214575306 3.7240402521745786 7.3463437375958485 23.224569317895085 0.9638426043614601 9.096931647842066 4.644519123232289 -4.8293931263791725 -2.6799038308894816 -6.189681806852343 2.8640372228340993
24.889779559118235 12.533264812294131 3.6514359990948364 7.126506777132686 5.1585829656287 0.12824595056958543 1.5459219154167059 16.0731713888586 22.73211548675352 36.6207107907827 18.69769801882809 21.210714525307733 10.492781505164917 14.86923407189241 2.097922692672886 5.0679554593978855 21.70111430750178 9.537759169996162 13.345804913608568 3.7326919512078405 7.354995436629128 23.233221016928347 0.972494303394722 9.105583346875328 4.653170822265551 -4.820741427345911 -2.6712521318562197 -6.1810301078190815 2.8726889218673612
24.949899799599198 12.54190528896478 3.660076475765486 7.135147253803336 5.167223442299349 0.1368864272402348 1.5545623920873552 16.08181186552925 22.74075596342417 36.629351267453345 18.70633849549873 21.219355001978382 10.501421981835566 14.87787454856306 2.106563169343535 5.076595936068535 21.709754784172418 9.546399646666812 13.354445390279217 3.74133242787849 7.36363591329976 23.241861493598996 0.9811347800653714 9.114223823545977 4.6618112989362 -4.812100950675261 -2.6626116551855703 -6.172389631148432 2.8813293985380106
25.01002004008016 12.550534546680794 3.6687057334814988 7.143776511519349 5.175852700015362 0.14551568495624778 1.5631916498033682 16.09044112324528 22.749385221140184 36.63798052516936 18.71496775321474 21.22798425969439 10.51005123955158 14.886503806279073 2.115192427059566 5.085225193784548 21.71838404188844 9.555028904382825 13.36307464799523 3.749961685594503 7.3722651710157905 23.25049075131501 0.9897640377813843 9.12285308126199 4.670440556652213 -4.803471692959248 -2.6539823974695573 -6.163760373432419 2.8899586562540236
25.07014028056112 12.559152600163035 3.6773237869637576 7.152394565001607 5.184470753497621 0.15413373843850664 1.571809703285627 16.099059176727522 22.758003274622443 36.64659857865161 18.723585806697 21.23660231317665 10.518669293033838 14.895121859761332 2.123810480541807 5.093843247266807 21.727002095370693 9.563646957865084 13.371692701477489 3.758579739076744 7.380883224498032 23.25910880479727 0.9983820912636432 9.131471134744249 4.6790586101344545 -4.794853639476989 -2.6453643439872985 -6.15514231995016 2.8985767097362825
25.130260521042082 12.567759457089362 3.685930643890085 7.161001421927917 5.193077610423931 0.16274059536481644 1.5804165602119546 16.10766603365385 22.76661013154876 36.65520543557793 18.732192663623312 21.245209170102964 10.527276149960148 14.903728716687642 2.1324173374681346 5.1024501041931165 21.73560895229701 9.572253814791393 13.380299558403799 3.7671865960030715 7.389490081424359 23.267715661723585 1.006988948189953 9.140077991670559 4.687665467060782 -4.78624678255068 -2.6367574870609887 -6.1465354630238505 2.9071835666625923
25.190380761523045 12.576355126842245 3.6945263136429674 7.169597091680799 5.201673280176831 0.17133626511769862 1.5890122299648368 16.11626170340673 22.775205801301645 36.66380110533081 18.7407883333762 21.253804839855853 10.53587181971303 14.912324386440542 2.1410130072210167 5.1110457739460164 21.744204622049892 9.580849484544276 13.38889522815668 3.7757822657559537 7.398085751177241 23.27631133147647 1.0155846179428352 9.148673661423441 4.696261136813664 -4.777651112797797 -2.6281618173081065 -6.137939793270968 2.9157792364154744
25.250501002004007 12.584941223032917 3.70311240983364 7.17818318787149 5.210259376367503 0.17992236130837114 1.5975983261555093 16.124847799597404 22.783791897492314 36.672387201521495 18.749374429566874 21.262390936046526 10.544457915903703 14.920910482631214 2.1495991034116892 5.119631870136689 21.752790718240576 9.589435580734966 13.397481324347371 3.784368361946626 7.406671847367914 23.28489742766714 1.0241707141335077 9.157259757614131 4.704847233004337 -4.769065016607107 -2.619575721117416 -6.129353697080296 2.924365332606147
25.31062124248497 12.593513411782062 3.711684598582785 7.186755376620617 5.218831565116648 0.18849455005751636 1.6061705149046546 16.13341998834655 22.792364086241463 36.68095939027064 18.75794661831602 21.27096312479567 10.553030104652848 14.92948267138036 2.1581712921608345 5.128204058885834 21.761362906989717 9.598007769484093 13.406053513096516 3.7929405506957714 7.415244036117059 23.29346961641629 1.032742902882653 9.165831946363276 4.713419421753482 -4.76049282785798 -2.6110035323682887 -6.1207815083311505 2.932937521355292
25.37074148296593 12.60207526071829 3.7202464475190133 7.195317225556863 5.227393414052877 0.1970563989937446 1.6147323638408828 16.141981837282778 22.8009259351777 36.68952123920687 18.766508467252248 21.2795249737319 10.561591953589076 14.938044520316588 2.1667331410970627 5.136765907822062 21.76992475592595 9.60656961842034 13.414615362032745 3.8015023996319997 7.423805885053287 23.302031465352524 1.0413047518188812 9.174393795299505 4.72198127068971 -4.751930978921734 -2.6024416834320427 -6.112219659394922 2.9414993702915204
25.430861723446892 12.610626198501098 3.728797385301821 7.203868163339653 5.235944351835684 0.20560733677655207 1.6232833016236903 16.150532775065585 22.809476872960495 36.698072176989676 18.775059405035055 21.288075911514706 10.570142891371884 14.946595458099395 2.17528407887987 5.14531684560487 21.778475693708756 9.615120556203129 13.423166299815552 3.810053337414807 7.432356822836095 23.31058240313532 1.0498556896016886 9.182944733082312 4.730532208472518 -4.743380041138944 -2.593890745649253 -6.103668721612115 2.950050308074328
25.490981963927855 12.619166068106242 3.737337254906965 7.212408032944797 5.2444842214408105 0.21414720638169626 1.6318231712288345 16.15907264467073 22.81801674256564 36.70661204659481 18.7835992746402 21.29661578111985 10.578682760977028 14.95513532770454 2.1838239484850144 5.153856715210014 21.78701556331389 9.623660425808273 13.431706169420679 3.8185932070199513 7.440896692441239 23.319122272740465 1.0583955592068328 9.191484602687439 4.739072078077662 -4.7348401715338 -2.585350876044109 -6.095128852006971 2.958590177679472
25.551102204408817 12.627694831274496 3.745866018075219 7.220936796113069 5.253012984609082 0.22267596954995028 1.6403519343970885 16.167601407838983 22.826545505733904 36.71514080976308 18.792128037808453 21.305144544288105 10.587211524145282 14.963664090872793 2.1923527116532684 5.162385478378268 21.79554432648215 9.632189188976545 13.44023493258895 3.8271219701882053 7.449425455609493 23.32765103590873 1.0669243223750868 9.20001336585571 4.747600841245916 -4.726311408365528 -2.576822112875837 -6.086600088838717 2.967118940847726
25.61122244488978 12.636212486736298 3.7543836735370206 7.22945445157487 5.261530640070884 0.23119362501176965 1.64886958985889 16.176119063300785 22.835063161195706 36.72365846522488 18.800645693270265 21.313662199749917 10.595729179607101 14.972181746334595 2.20087036711507 5.17090313384007 21.804061981943953 9.640706844438347 13.448752588050752 3.835639625650007 7.457943111071295 23.33616869137053 1.0754419778369062 9.208531021317512 4.7561184967077175 -4.717793752903726 -2.5683044574140355 -6.078082433376897 2.9756365963095455
25.67134268537074 12.644719043249903 3.762890230050626 7.237961008088458 5.270037196584489 0.23970018152535744 1.6573761463724956 16.18462561981439 22.8435697177093 36.732165021738474 18.80915224978386 21.322168756263512 10.604235736120689 14.9806883028482 2.2093769236286755 5.179409690353675 21.81256853845755 9.649213400951934 13.45725914456434 3.8441461821636125 7.4664496675849 23.344675247884126 1.083948534350494 9.2170375778311 4.764625053221323 -4.709287196390139 -2.5597979009004477 -6.0695758768633095 2.9841431528231332
25.7314629258517 12.653214508870079 3.7713856956708014 7.246456473708651 5.278532662204665 0.24819564714555042 1.6658716119926709 16.193121085434566 22.852065183329486 36.74066048735866 18.817647715404046 21.330664221883698 10.612731201740882 14.989183768468376 2.2178723892488508 5.1879051559738505 21.821064004077734 9.657708866572127 13.465754610184533 3.8526416477838055 7.474945133205075 23.353170713504312 1.092443999970687 9.225533043451293 4.773120518841498 -4.700791730769946 -2.5513024352802547 -6.0610804112431165 2.9926386184433262
25.791583166332664 12.661698894609028 3.779870081409751 7.254940859447583 5.287017047943596 0.25668003288448205 1.6743559977316202 16.201605471173515 22.860549569068425 36.7491448730976 18.826132101142978 21.33914860762263 10.621215587479814 14.997668154207307 2.2263567749878 5.196389541712782 21.829548389816676 9.666193252311059 13.474238995923464 3.861126033522737 7.483429518944025 23.36165509924325 1.1009283857096186 9.234017429190224 4.781604904580448 -4.692307345031014 -2.542818049541323 -6.052596025504185 3.001123004182258
25.851703406813627 12.670172207462223 3.7883433942629274 7.263414172300777 5.295490360796791 0.26515334573767646 1.682829310584797 16.210078784026692 22.869022881921612 36.75761818595078 18.83460541399617 21.34762192047582 10.629688900333008 15.006141467060502 2.234830087840977 5.2048628545659765 21.838021702669863 9.674666565164253 13.482712308776659 3.8695993463759315 7.491902831797201 23.370128412096438 1.109401698562813 9.242490742043419 4.790078217433642 -4.68383403217782 -2.5343447366881287 -6.04412271265099 3.0095963170354523
25.91182364729459 12.678634461428562 3.7968056482292845 7.271876426267134 5.303952614763148 0.2736155997040157 1.691291564551154 16.21854103799305 22.87748513588797 36.76608043991714 18.84306766796252 21.35608417444217 10.638151154299347 15.014603721026859 2.243292341807334 5.2133251085323336 21.84648395663622 9.68312881913061 13.491174562743016 3.8780616003422708 7.500365085763558 23.378590666062795 1.1178639525291523 9.250952996009776 4.798540471399981 -4.6753717782114625 -2.5258824827217716 -6.035660458684651 3.0180585710017915
25.97194388777555 12.68708566921319 3.805256856013912 7.280327634051762 5.312403822547775 0.2820668074886612 1.6997427723357816 16.226992245777677 22.885936343672597 36.77453164770177 18.851518875747157 21.36453538222681 10.646602362083993 15.023054928811487 2.2517435495919615 5.221776316316961 21.854935164420844 9.691580026915238 13.499625770527643 3.8865128081268985 7.508816293548186 23.387041873847423 1.12631516031378 9.259404203794404 4.806991679184609 -4.666920570426835 -2.517431274937144 -6.0272092509000235 3.026509778786437
26.03206412825651 12.695525841436961 3.8136970282376836 7.2887678062755334 5.320843994771547 0.2905069797124149 1.708182944559553 16.235432418001448 22.89437651589637 36.78297181992554 18.859959047970918 21.37297555445057 10.655042534307746 15.031495101035258 2.260183721815733 5.230216488540733 21.863375336644616 9.70002019913901 13.508065942751415 3.89495298035067 7.517256465771958 23.395482046071194 1.1347553325375515 9.267844376018175 4.8154318514083805 -4.658480398203063 -2.5089911027133724 -6.018769078676252 3.0349499510101907
26.092184368737474 12.70395498847968 3.8221261752804025 7.297196953318235 5.329273141814248 0.2989361267551338 1.716612091602272 16.243861565044167 22.90280566293908 36.79140096696825 18.868388195013626 21.381404701493278 10.663471681350465 15.03992424807796 2.268612868858452 5.238645635583434 21.871804483687328 9.70844934618171 13.516495089794116 3.903382127393389 7.5256856128146765 23.403911193113906 1.1431844795802704 9.276273523060876 4.823860998451099 -4.650051251160362 -2.5005619556706713 -6.010339931633533 3.0433790980529096
26.152304609218437 12.712373120676972 3.8305443074776946 7.305615085515527 5.337691274011558 0.30735425895242585 1.725030223799564 16.25227969724146 22.911223795136372 36.79981909916555 18.87680632721093 21.38982283369058 10.671889813547757 15.048342380275269 2.277031001055744 5.247063767780744 21.880222615884627 9.716867478379003 13.524913221991426 3.911800259590681 7.5341037450119686 23.412329325311198 1.1516026117775624 9.284691655258186 4.832279130648391 -4.64163311896307 -2.4921438234733793 -6.001921799436241 3.0517972302502017
26.2124248496994 12.720780252321333 3.838951439122056 7.314022217159888 5.346098405655901 0.3157613905967871 1.7334373554439253 16.26068682888582 22.919630926780734 36.8082262308099 18.88521345885529 21.39822996533494 10.680296945192119 15.05674951191963 2.285438132700105 5.255470899425105 21.88862974752898 9.725274610023364 13.53332035363577 3.920207391235042 7.54251087665633 23.42073645695556 1.1600097434219236 9.29309878690253 4.840686262292753 -4.633225987318709 -2.483736691829018 -5.99351466779188 3.060204361894563
26.27254509018036 12.729176395848594 3.8473475826492987 7.3224183606871485 5.354494549183162 0.3241575341240477 1.7418334989711681 16.269082972413063 22.928027070307984 36.81662237433716 18.893609602382543 21.406626108862195 10.68869308871938 15.065145655446873 2.293834276227348 5.263867042952348 21.89702589105624 9.733670753550625 13.54171649716303 3.9286035347623027 7.550907020183573 23.42913260048281 1.1684058869491842 9.30149493042979 4.849082405820013 -4.624829843791448 -2.4753405483017574 -5.985118524264619 3.0686005054218235
26.33266533066132 12.737561562684903 3.8557327494856253 7.330803527523475 5.3628797160194885 0.3325427009603743 1.7502186658074947 16.27746813924939 22.93641223714431 36.825007541173484 18.90199476921887 21.41501127569852 10.697078255555706 15.0735308222832 2.3022194430636747 5.272252209788674 21.905411057892557 9.742055920386951 13.550101663999357 3.9369887015986116 7.559292187019899 23.437517767319136 1.1767910537855109 9.309880097266117 4.857467572656322 -4.616444676955122 -2.466955381465431 -5.976733357428293 3.07698567225815
26.392785571142284 12.745935762253158 3.8641069490538626 7.3391777270917125 5.371253915587726 0.3409169005286117 1.7585928653757321 16.285842338817627 22.944786436712548 36.83338174074173 18.910368968787107 21.42338547526676 10.705452455123943 15.081905021851437 2.310593642631912 5.280626409356912 21.913785257460805 9.750430119955189 13.558475863567594 3.9453629011668667 7.567666386588154 23.445891966887373 1.1851652533537482 9.318254296834354 4.865841772224577 -4.608070477386884 -2.4585811818971934 -5.968359157860055 3.0853598718263875
26.452905811623246 12.754299005560945 3.87247019236165 7.3475409703995 5.379617158895513 0.34928014383639905 1.7669561086835195 16.294205582125414 22.953149680020335 36.84174498404952 18.91873221209489 21.431748718574543 10.71381569843173 15.090268265159224 2.3189568859396994 5.288989652664699 21.922148500768593 9.758793363262976 13.566839106875381 3.953726144474654 7.576029629895942 23.45425521019516 1.1935284966615356 9.326617540142141 4.874205015532365 -4.599707234079097 -2.450217938589406 -5.959995914552268 3.093723115134175
