web/models/mosfit_kne/mosfit_kn_3.0000/mosfit_kn_0.005245_0.3433_3.0000.dat
# %ECSV 1.0
# ---
# datatype:
# - {name: time, datatype: float64}
# - {name: PS1_g, datatype: float64}
# - {name: PS1_i, datatype: float64}
# - {name: PS1_r, datatype: float64}
# - {name: PS1_w, datatype: float64}
# - {name: PS1_y, datatype: float64}
# - {name: PS1_z, datatype: float64}
# - {name: swift_uvot_B, datatype: float64}
# - {name: swift_uvot_U, datatype: float64}
# - {name: swift_uvot_uvm2, datatype: float64}
# - {name: swift_uvot_uvw1, datatype: float64}
# - {name: swift_uvot_uvw2, datatype: float64}
# - {name: swift_uvot_V, datatype: float64}
# - {name: johnson_B, datatype: float64}
# - {name: johnson_I, datatype: float64}
# - {name: johnson_R, datatype: float64}
# - {name: johnson_U, datatype: float64}
# - {name: johnson_V, datatype: float64}
# - {name: sdss_g, datatype: float64}
# - {name: sdss_i, datatype: float64}
# - {name: sdss_r, datatype: float64}
# - {name: sdss_u, datatype: float64}
# - {name: sdss_z, datatype: float64}
# - {name: ATLAS_c, datatype: float64}
# - {name: ATLAS_o, datatype: float64}
# - {name: ukirt_H, datatype: float64}
# - {name: ukirt_J, datatype: float64}
# - {name: ukirt_K, datatype: float64}
# - {name: Clear, datatype: float64}
# meta: !!omap
# - comment: [kappa = 3.0, type = rprocess, mass = 0.005244756555828381, velocity = 0.3433333333333334, theta_obs = 0.0, tfloor = 1000.0]
# schema: astropy-2.0
time PS1_g PS1_i PS1_r PS1_w PS1_y PS1_z swift_uvot_B swift_uvot_U swift_uvot_uvm2 swift_uvot_uvw1 swift_uvot_uvw2 swift_uvot_V johnson_B johnson_I johnson_R johnson_U johnson_V sdss_g sdss_i sdss_r sdss_u sdss_z ATLAS_c ATLAS_o ukirt_H ukirt_J ukirt_K Clear
[from data line 145]
8.77755511022044 9.754619573646739 0.8727907604474616 4.347861538485294 2.379937726981307 -2.650399288077807 -1.232723323230669 13.294526150211226 19.953470248106136 33.84206555213531 15.919052780180696 18.432069286660347 7.7141362665175235 12.090588833245036 -0.680722545974489 2.2893102207505107 18.922469068854387 6.759113931348771 10.567159674961175 0.9540467125604479 4.576350197981736 20.45457577828096 -1.8061509352526706 6.326938108227935 1.8745255836181585 -7.599386665993303 -5.449897370503612 -8.959675346466474 0.0940436832199687
8.837675350701403 9.773225342512504 0.8913965293132264 4.366467307351076 2.3985434958470897 -2.6317935192120245 -1.214117554364904 13.31313191907699 19.97207601697191 33.860671321001085 15.93765854904646 18.450675055526112 7.732742035383288 12.1091946021108 -0.6621167771087242 2.3079159896162755 18.94107483772017 6.777719700214553 10.585765443826958 0.9726524814262127 4.5949559668475 20.473181547146737 -1.7875451663869057 6.345543877093718 1.8931313524839233 -7.580780897127521 -5.431291601637829 -8.94106957760071 0.11264945208573351
8.897795591182364 9.791759780971567 0.90993096777229 4.385001745810122 2.4170779343061533 -2.6132590807529787 -1.1955831159058405 13.331666357536054 19.990610455430968 33.87920575946015 15.956192987505524 18.469209493985176 7.751276473842352 12.127729040569864 -0.6435823386496606 2.326450428075339 18.959609276179215 6.796254138673617 10.604299882286021 0.9911869198852763 4.613490405306564 20.491715985605794 -1.7690107279278422 6.364078315552781 1.9116657909429868 -7.562246458668475 -5.412757163178783 -8.922535139141646 0.13118389054479707
8.957915831663327 9.810205536758705 0.9283767235594276 4.403447501597277 2.435523690093291 -2.594813324965841 -1.177137360118703 13.350112113323192 20.009056211218113 33.89765151524728 15.974638743292662 18.487655249772313 7.769722229629489 12.146174796357002 -0.625136582862523 2.3448961838624767 18.97805503196637 6.814699894460754 10.622745638073159 1.0096326756724139 4.6319361610937015 20.51016174139294 -1.7505649721407046 6.382524071339919 1.9301115467301244 -7.543800702881319 -5.394311407391628 -8.904089383354508 0.14962964633193465
9.018036072144287 9.82857707979326 0.9467482665939819 4.421819044631814 2.453895233127845 -2.576441781931287 -1.1587658170841486 13.368483656357746 20.027427754252656 33.91602305828183 15.993010286327216 18.506026792806868 7.788093772664044 12.164546339391556 -0.6067650398279687 2.363267726897031 18.996426575000907 6.833071437495291 10.641117181107695 1.0280042187069682 4.650307704128256 20.528533284427482 -1.7321934291061503 6.4008956143744555 1.9484830897646788 -7.525429159846783 -5.3759398643570915 -8.885717840319954 0.168001189366489
9.07815631262525 9.84687575909673 0.965046945897452 4.440117723935284 2.4721939124312975 -2.5581431026278167 -1.1404671377806785 13.386782335661216 20.045726433556126 33.9343217375853 16.011308965630686 18.52432547211033 7.806392451967514 12.182845018695009 -0.5884663605244986 2.3815664062004833 19.014725254304377 6.851370116798761 10.659415860411166 1.0463028980104383 4.668606383431726 20.546831963730952 -1.7138947498026802 6.419194293677926 1.9667817690681488 -7.507130480543313 -5.357641185053621 -8.867419161016484 0.18629986866995907
9.138276553106213 9.865103012829497 0.9832741996302197 4.4583449776680695 2.490421166164083 -2.539915848895049 -1.1222398840479109 13.405009589393984 20.063953687288894 33.952548991318075 16.029536219363454 18.542552725843105 7.8246197057002815 12.201072272427794 -0.570239106791731 2.3997936599332688 19.032952508037145 6.8695973705315465 10.677643114143951 1.064530151743206 4.686833637164494 20.56505921746372 -1.6956674960699125 6.437421547410711 1.9850090228009165 -7.488903226810527 -5.339413931320836 -8.849191907283716 0.20452712240272675
9.198396793587174 9.883260309741662 1.0014314965423843 4.476502274580234 2.5085784630762475 -2.5217585519828667 -1.1040825871357463 13.423166886306149 20.08211098420107 33.97070628823024 16.04769351627562 18.56071002275527 7.842777002612446 12.219229569339959 -0.5520818098795663 2.4179509568454334 19.051109804949327 6.887754667443711 10.695800411056116 1.0826874486553706 4.704990934076658 20.583216514375895 -1.677510199157748 6.455578844322876 2.003166319713081 -7.470745929898363 -5.321256634408671 -8.831034610371551 0.22268441931489136
9.258517034068136 9.901349229188998 1.0195204159897209 4.494591194027553 2.526667382523584 -2.503669632535548 -1.0859936676884097 13.441255805753485 20.100199903648395 33.98879520767757 16.065782435722955 18.578798942202607 7.860865922059783 12.237318488787295 -0.5339928904322297 2.43603987629277 19.069198724396646 6.90584358689103 10.713889330503434 1.1007763681027072 4.723079853523995 20.60130543382322 -1.6594212797104113 6.4736677637701945 2.0212552391604177 -7.452657010451044 -5.3031677149613525 -8.812945690924215 0.24077333876222795
9.318637274549097 9.919371288861889 1.0375424756626117 4.512613253700444 2.544689442196475 -2.485647572862657 -1.0679716080155188 13.459277865426376 20.11822196332129 34.00681726735046 16.083804495395846 18.596821001875497 7.878887981732674 12.255340548460186 -0.5159708307593389 2.454061935965661 19.087220784069537 6.923865646563921 10.731911390176325 1.118798427775598 4.741101913196886 20.619327493496115 -1.6413992200375205 6.491689823443103 2.0392772988333085 -7.434634950778153 -5.285145655288462 -8.794923631251324 0.2587953984351188
9.37875751503006 9.937327951395822 1.0554991381965273 4.530569916234377 2.5626461047303906 -2.4676909103287237 -1.0500149454816032 13.477234527960292 20.136178625855212 34.0247739298844 16.10176115792978 18.61477766440942 7.896844644266607 12.273297210994102 -0.49801416822540556 2.4720185984995764 19.10517744660347 6.941822309097854 10.749868052710259 1.1367550903095314 4.759058575730819 20.637284156030038 -1.6234425575035871 6.509646485977019 2.057233961367242 -7.41667828824422 -5.267188992754528 -8.77696696871739 0.27675206096905214
9.438877755511022 9.955220703800816 1.0733918906015383 4.54846266863937 2.580538857135384 -2.4497981579237305 -1.0321221930765923 13.495127280365303 20.154071378260213 34.042666682289386 16.119653910334772 18.632670416814417 7.9147373966716 12.291189963399095 -0.48012141582041234 2.4899113509045696 19.123070199008463 6.959715061502847 10.767760805115252 1.1546478427145246 4.776951328135812 20.65517690843504 -1.605549805098594 6.527539238382012 2.075126713772235 -7.3987855358392265 -5.249296240349535 -8.759074216312397 0.29464481337404536
9.498997995991983 9.973050967572856 1.091222154373579 4.566292932411429 2.598369120907442 -2.431967894151672 -1.0142919293045516 13.512957544137343 20.171901642032264 34.060496946061434 16.137484174106813 18.650500680586465 7.932567660443659 12.309020227171153 -0.4622911520483717 2.507741614676628 19.14090046278052 6.977545325274906 10.78559106888731 1.1724781064865653 4.794781591907853 20.67300717220709 -1.5877195413265532 6.54536950215407 2.092956977544276 -7.380955272067168 -5.231465976577477 -8.741243952540357 0.312475077146086
9.559118236472946 9.990820075961153 1.108991262761858 4.584062040799708 2.6161382292957214 -2.414198785763393 -0.9965228209162724 13.530726652525622 20.189670750420543 34.07826605444971 16.155253282495092 18.66826978897475 7.950336768831938 12.326789335559432 -0.4445220436600925 2.525510723064907 19.1586695711688 6.995314433663185 10.80336017727559 1.1902472148748622 4.812550700296132 20.69077628059537 -1.5699504329382563 6.5631386105423495 2.110726085932555 -7.363186163678889 -5.2136968681891975 -8.72347484415206 0.33024418553438295
9.619238476953907 10.008529373977062 1.1267005607777847 4.601771338815617 2.63384752731163 -2.396489487747484 -0.9788135229003458 13.548435950541549 20.207380048436463 34.095975352465636 16.17296258051102 18.68597908699066 7.9680460668478466 12.344498633575341 -0.42681274564416594 2.543220021080816 19.17637886918471 7.013023731679094 10.821069475291498 1.207956512890771 4.830259998312059 20.70848557861129 -1.5522411349223475 6.580847908558258 2.1284353839484815 -7.34547686566298 -5.195987570173289 -8.705765546136151 0.34795348355029176
9.67935871743487 10.026180133925884 1.1443513207265887 4.6194220987644385 2.651498287260452 -2.3788387277986622 -0.9611627629515418 13.566086710490353 20.225030808385274 34.11362611241446 16.19061334045984 18.70362984693948 7.985696826796668 12.362149393524163 -0.4091619856953441 2.560870781029638 19.19402962913353 7.030674491627916 10.83872023524032 1.2256072728395928 4.8479107582608805 20.7261363385601 -1.5345903749735257 6.59849866850708 2.1460861438973033 -7.327826105714158 -5.178336810224467 -8.68811478618733 0.3656042434991136
9.739478957915832 10.043773564659624 1.1619447514603465 4.6370155294981785 2.6690917179942097 -2.3612452970649223 -0.943569332217784 13.58368014122411 20.242624239119024 34.1312195431482 16.20820677119358 18.721223277673232 8.00329025753041 12.37974282425792 -0.39156855496160414 2.5784642117633956 19.21162305986727 7.048267922361656 10.856313665974078 1.2432007035733328 4.8655041889946204 20.74372976929385 -1.5169969442397857 6.616092099240838 2.1636795746310433 -7.310232674980418 -5.160743379490727 -8.67052135545359 0.38319767423285356
9.799599198396793 10.061310855719778 1.179482042520501 4.654552820558333 2.6866290090543643 -2.3437080060047677 -0.9260320411576295 13.601217432284265 20.260161530179175 34.148756834208356 16.225744062253735 18.738760568733387 8.020827548590564 12.397280115318075 -0.3740312639014496 2.59600150282355 19.229160350927426 7.06580521342181 10.873850957034232 1.2607379946334873 4.883041480054775 20.761267060354 -1.4994596531796311 6.633629390300992 2.181216865691198 -7.292695383920264 -5.143206088430572 -8.652984064393435 0.4007349652930081
9.859719438877756 10.07879314494657 1.1969643317472745 4.672035109785124 2.7041112982811377 -2.3262257167779765 -0.9085497519308561 13.618699721511039 20.27764381940596 34.16623912343513 16.24322635148051 18.75624285796017 8.038309837817355 12.414762404544849 -0.35654897467467617 2.6134837920503236 19.246642640154217 7.083287502648601 10.891333246261006 1.2782202838602785 4.900523769281548 20.778749349580785 -1.48197736395284 6.651111679527766 2.198699154917989 -7.2752130946934725 -5.125723799203781 -8.635501775166643 0.4182172545197993
9.919839679358716 10.096221533115273 1.2143927199159954 4.689463497953827 2.721539686449841 -2.3087973286092733 -0.8911213637621351 13.63612810967976 20.29507220757467 34.18366751160384 16.26065473964923 18.773671246128874 8.055738225986058 12.43219079271357 -0.3391205865059552 2.6309121802190267 19.26407102832292 7.1007158908173045 10.908761634429709 1.2956486720289817 4.917952157450269 20.796177737749495 -1.4645489757841368 6.668540067696469 2.2161275430866922 -7.257784706524769 -5.108295411035078 -8.61807338699794 0.4356456426885025
9.97995991983968 10.113597050095855 1.2317682368965777 4.70683901493441 2.738915203430423 -2.291421811628691 -0.8737458467815529 13.653503626660342 20.312447724555255 34.20104302858443 16.278030256629812 18.791046763109463 8.07311374296664 12.449566309694152 -0.32174506952537296 2.6482876971996268 19.281446545303503 7.118091407797887 10.926137151410291 1.313024189009564 4.935327674430852 20.81355325473008 -1.4471734588035545 6.685915584677051 2.2335030600672745 -7.240409189544187 -5.090919894054496 -8.600697870017358 0.45302115966908474
10.040080160320642 10.130920720273071 1.2490919070737938 4.724162685111626 2.7562388736076393 -2.274098141451475 -0.8564221766043367 13.670827296837558 20.329771394732468 34.21836669876164 16.295353926807028 18.808370433286672 8.090437413143857 12.46688997987135 -0.3044213993481568 2.665611367376825 19.29877021548072 7.135415077975103 10.943460821587507 1.3303478591867801 4.952651344608068 20.830876924907294 -1.4298497886263384 6.703239254854267 2.2508267302444906 -7.223085519366971 -5.07359622387728 -8.583374199840142 0.4703448298463009
10.100200400801603 10.148193525679705 1.26636471248041 4.74143549051826 2.7735116790142733 -2.256825336044841 -0.8391493711977205 13.688100102244174 20.347044200139095 34.235639504168276 16.312626732213644 18.825643238693306 8.10771021855049 12.484162785277984 -0.2871485939415406 2.682884172783459 19.316043020887353 7.152687883381737 10.960733626994141 1.3476206645934141 4.969924150014684 20.84814973031392 -1.4125769832197044 6.720512060260901 2.2680995356511247 -7.205812713960337 -5.056323418470646 -8.566101394433508 0.4876176352529349
10.160320641282565 10.16541636913141 1.283587555932133 4.758658333969965 2.7907345224659963 -2.2396024925931357 -0.8219265277459975 13.705322945695897 20.364267043590807 34.25286234761998 16.329849575665367 18.84286608214502 8.124933062002196 12.501385628729707 -0.2699257504898176 2.700107016235182 19.333265864339058 7.169910726833442 10.977956470445847 1.3648435080451193 4.987146993466407 20.865372573765633 -1.3953541397679992 6.737734903712624 2.28532237910283 -7.188589870508632 -5.03910057501894 -8.548878550981803 0.5048404787046401
10.220440881763526 10.182590166152572 1.3007613529532946 4.7758321309911445 2.807908319487158 -2.222428695571974 -0.8047527307248359 13.722496742717059 20.38144084061198 34.27003614464115 16.34702337268653 18.86003987916618 8.142106859023357 12.518559425750869 -0.252751953468656 2.7172808132563437 19.350439661360237 7.1870845238546215 10.995130267467026 1.382017305066281 5.004320790487569 20.882546370786805 -1.3781803427468375 6.754908700733786 2.3024961761239915 -7.171416073487452 -5.021926777997761 -8.531704753960641 0.5220142757258017
10.280561122244489 10.199715780448706 1.3178869672494287 4.7929577452872785 2.825033933783292 -2.20530308127584 -0.7876271164287019 13.739622357013193 20.398566454908114 34.28716175893729 16.364148986982663 18.877165493462314 8.159232473319491 12.535685040047003 -0.23562633917252196 2.7344064275524778 19.36756527565637 7.2042101381507555 11.01225588176316 1.399142919362415 5.021446404783703 20.89967198508294 -1.3610547284507035 6.77203431502992 2.3196217904201255 -7.154290459191318 -5.004801163701627 -8.514579139664507 0.5391398900219357
10.34068136272545 10.216794019041622 1.3349652058423445 4.8100359838801765 2.84211217237619 -2.1882248426829243 -0.7705488778357861 13.756700595606109 20.415644693501022 34.304239997530196 16.38122722557558 18.89424373205522 8.176310711912407 12.552763278639919 -0.21854810057960616 2.751484666145376 19.38464351424927 7.2212883767436535 11.029334120356058 1.4162211579553308 5.038524643376618 20.916750223675848 -1.3439764898577877 6.789112553622818 2.3367000290130413 -7.13721222059842 -4.987722925108729 -8.497500901071591 0.5562181286148515
10.400801603206412 10.233825676321082 1.3519968631217871 4.827067641159637 2.8591438296556504 -2.171193185403464 -0.7535172205563434 13.773732252885551 20.432676350780472 34.32127165480964 16.39825888285502 18.91127538933468 8.193342369191868 12.569794935919361 -0.2015164433001635 2.7685163234248362 19.40167517152873 7.238320034023114 11.046365777635518 1.4332528152347912 5.055556300656061 20.933781880955298 -1.3269448325783273 6.8061442109022785 2.3537316862925017 -7.12018056331896 -4.9706912678292685 -8.48046924379213 0.573249785894312
10.460921843687375 10.250811511404159 1.3689826982048814 4.844053476242713 2.8761296647387447 -2.1542073503203873 -0.7365313854732491 13.790718087968646 20.44966218586356 34.33825748989274 16.415244717938116 18.928261224417767 8.210328204274944 12.586780771002456 -0.18453060821706924 2.7855021585079305 19.418661006611806 7.255305869106208 11.063351612718613 1.4502386503178677 5.072542135739155 20.950767716038385 -1.3099589974952508 6.823130045985373 2.3707175213755782 -7.103194728235883 -4.953705432746192 -8.463483408709054 0.5902356209773885
