web/models/mosfit_kne/mosfit_kn_3.0000/mosfit_kn_0.033839_0.3433_3.0000.dat
# %ECSV 1.0
# ---
# datatype:
# - {name: time, datatype: float64}
# - {name: PS1_g, datatype: float64}
# - {name: PS1_i, datatype: float64}
# - {name: PS1_r, datatype: float64}
# - {name: PS1_w, datatype: float64}
# - {name: PS1_y, datatype: float64}
# - {name: PS1_z, datatype: float64}
# - {name: swift_uvot_B, datatype: float64}
# - {name: swift_uvot_U, datatype: float64}
# - {name: swift_uvot_uvm2, datatype: float64}
# - {name: swift_uvot_uvw1, datatype: float64}
# - {name: swift_uvot_uvw2, datatype: float64}
# - {name: swift_uvot_V, datatype: float64}
# - {name: johnson_B, datatype: float64}
# - {name: johnson_I, datatype: float64}
# - {name: johnson_R, datatype: float64}
# - {name: johnson_U, datatype: float64}
# - {name: johnson_V, datatype: float64}
# - {name: sdss_g, datatype: float64}
# - {name: sdss_i, datatype: float64}
# - {name: sdss_r, datatype: float64}
# - {name: sdss_u, datatype: float64}
# - {name: sdss_z, datatype: float64}
# - {name: ATLAS_c, datatype: float64}
# - {name: ATLAS_o, datatype: float64}
# - {name: ukirt_H, datatype: float64}
# - {name: ukirt_J, datatype: float64}
# - {name: ukirt_K, datatype: float64}
# - {name: Clear, datatype: float64}
# meta: !!omap
# - comment: [kappa = 3.0, type = rprocess, mass = 0.03383890769761434, velocity = 0.3433333333333334, theta_obs = 0.0, tfloor = 1000.0]
# schema: astropy-2.0
time PS1_g PS1_i PS1_r PS1_w PS1_y PS1_z swift_uvot_B swift_uvot_U swift_uvot_uvm2 swift_uvot_uvw1 swift_uvot_uvw2 swift_uvot_V johnson_B johnson_I johnson_R johnson_U johnson_V sdss_g sdss_i sdss_r sdss_u sdss_z ATLAS_c ATLAS_o ukirt_H ukirt_J ukirt_K Clear
[from data line 436]
26.27254509018036 9.487411722295978 0.6055829090966824 4.080653687134532 2.1127298756305457 -2.9176071394285685 -1.499931174581448 13.027318298860447 19.686262396755367 33.57485770078455 15.651844928829934 18.164861435309586 7.446928415166762 11.823380981894257 -0.9479303973252504 2.0221023693997315 18.655261217503625 6.491906079998009 10.299951823610414 0.6868388612096865 4.309142346630974 20.187367926930193 -2.073358786603432 6.059730256877174 1.607317732267397 -7.866594517344065 -5.717105221854373 -9.226883197817235 -0.17316416813079272
26.33266533066132 9.493784929030582 0.611956115831287 4.087026893869137 2.11910308236515 -2.911233932693964 -1.4935579678468436 13.033691505595051 19.692635603489972 33.58123090751915 15.658218135564521 18.171234642044173 7.453301621901367 11.829754188628861 -0.9415571905906637 2.028475576134336 18.66163442423823 6.498279286732614 10.306325030345018 0.693212067944291 4.315515553365561 20.193741133664798 -2.0669855798688275 6.066103463611778 1.6136909390020016 -7.86022131060946 -5.710732015119769 -9.220509991082631 -0.1667909613961882
26.392785571142284 9.50015157556157 0.6183227623622933 4.093393540400125 2.125469728896139 -2.9048672861629754 -1.4871913213158372 13.040058152126058 19.699002250020968 33.58759755405014 15.664584782095528 18.17760128857518 7.459668268432355 11.836120835159868 -0.9351905440596573 2.0348422226653247 18.66800107076922 6.504645933263602 10.312691676876007 0.6995787144752796 4.321882199896567 20.200107780195793 -2.060618933337839 6.072470110142767 1.6200575855329902 -7.853854664078471 -5.70436536858878 -9.214143344551642 -0.1604243148651996
26.452905811623246 9.506511708574408 0.6246828953751304 4.0997536734129625 2.1318298619089937 -2.8985071531501383 -1.480831188303 13.046418285138895 19.70536238303381 33.59395768706299 15.670944915108365 18.183961421588016 7.466028401445192 11.842480968172705 -0.9288304110468202 2.0412023556781795 18.674361203782055 6.5110060662764395 10.319051809888862 0.7059388474881167 4.328242332909404 20.206467913208634 -2.0542588003250017 6.078830243155622 1.6264177185458273 -7.847494531065634 -5.698005235575943 -9.207783211538805 -0.15406418185236248
26.51302605210421 9.51286536649052 0.6310365532912421 4.106107331329092 2.1381835198251053 -2.892153495234009 -1.4744775303868884 13.052771943055006 19.711716040949927 33.6003113449791 15.677298573024476 18.190315079504128 7.472382059361322 11.848834626088816 -0.9224767531307085 2.047556013594291 18.680714861698185 6.517359724192569 10.325405467804973 0.7122925054042284 4.334595990825516 20.212821571124753 -2.04790514240889 6.0851839010717335 1.632771376461939 -7.841140873149505 -5.6916515776598136 -9.201429553622694 -0.14771052393623307
26.573146292585168 9.519212595785191 0.6373837825859141 4.112454560623746 2.1445307491197774 -2.8858062659393546 -1.4681303010922164 13.059119172349678 19.718063270244592 33.60665857427377 15.683645802319148 18.1966623087988 7.478729288655976 11.855181855383488 -0.9161295238360365 2.053903242888963 18.68706209099284 6.523706953487241 10.331752697099645 0.7186397346989004 4.340943220120188 20.219168800419418 -2.041557913114218 6.0915311303664055 1.639118605756611 -7.834793643854851 -5.685304348365159 -9.195082324328022 -0.14136329464157882
26.63326653306613 9.525553432612615 0.6437246194133373 4.118795397451169 2.1508715859471828 -2.8794654291119315 -1.4617894642647933 13.065460009177102 19.72440410707201 33.612999411101185 15.689986639146571 18.203003145626223 7.485070125483399 11.861522692210894 -0.9097886870086134 2.0602440797163686 18.693402927820262 6.530047790314646 10.33809353392705 0.7249805715263236 4.347284056947611 20.225509637246837 -2.035217076286795 6.097871967193811 1.645459442584034 -7.8284528070274275 -5.678963511537736 -9.188741487500598 -0.13502245781415567
26.693386773547093 9.531887919077473 0.6500591058781957 4.125129883916028 2.157206072412059 -2.873130942647073 -1.4554549777999348 13.07179449564196 19.73073859353687 33.619333897566044 15.69632112561143 18.20933763209108 7.491404611948258 11.86785717867577 -0.9034542005437549 2.066578566181245 18.69973741428512 6.536382276779505 10.34442802039191 0.731315057991182 4.35361854341247 20.231844123711696 -2.0288825898219365 6.104206453658687 1.6517939290488926 -7.822118320562569 -5.672629025072878 -9.18240700103574 -0.12868797134929721
26.753507014028056 9.538216095279477 0.6563872820801997 4.131458060118032 2.163534248614045 -2.866802766445069 -1.4491268015979308 13.078122671843964 19.737066769738874 33.62566207376805 15.702649301813434 18.215665808293085 7.497732788150262 11.874185354877756 -0.8971260243417509 2.072906742383231 18.706065590487125 6.542710452981509 10.350756196593913 0.737643234193186 4.359946719614474 20.2381722999137 -2.0225544136199325 6.110534629860673 1.6581221052508965 -7.815790144360565 -5.666300848870874 -9.176078824833736 -0.12235979514729323
26.81362725450902 9.544538004259842 0.6627091910605643 4.137779969098396 2.1698561575944098 -2.8604808574647045 -1.4428048926175663 13.084444580824329 19.743388678719242 33.631983982748416 15.708971210793798 18.22198771727345 7.504054697130626 11.880507263858139 -0.8908041153613864 2.0792286513636133 18.71238749946749 6.549032361961873 10.357078105574278 0.7439651431735506 4.366268628594838 20.244494208894068 -2.016232504639568 6.116856538841038 1.664444014231261 -7.8094682353802005 -5.659978939890509 -9.169756915853371 -0.11603788616692867
26.873747494989978 9.550853682630542 0.669024869431265 4.144095647469097 2.1761718359651283 -2.8541651790940037 -1.4364892142468655 13.09076025919503 19.74970435708994 33.63829966111912 15.7152868891645 18.22830339564415 7.510370375501327 11.88682294222884 -0.8844884369906856 2.085544329734314 18.71870317783819 6.555348040332592 10.363393783944996 0.7502808215442514 4.372584306965539 20.250809887264765 -2.009916826268867 6.123172217211756 1.6707596926019619 -7.8031525570095 -5.653663261519808 -9.16344123748267 -0.10972220779622788
26.93386773547094 9.557163173241996 0.6753343600427009 4.150405138080551 2.182481326576564 -2.84785568848255 -1.4301797236354297 13.097069749806465 19.756013847701386 33.64460915173057 15.721596379775935 18.234612886255587 7.5166798661127805 11.893132432840275 -0.8781789463792498 2.09185382034575 18.725012668449644 6.561657530944028 10.369703274556432 0.7565903121557049 4.378893797576975 20.25711937787621 -2.0036073356574136 6.129481707823192 1.6770691832134155 -7.796843066398046 -5.647353770908355 -9.157131746871217 -0.1034127171847743
26.993987975951903 9.563466508975917 0.6816376957766401 4.156708473814472 2.1887846623105034 -2.8415523527486286 -1.4238763879014904 13.103373085540404 19.762317183435314 33.65091248746449 15.727899715509874 18.240916221989526 7.522983201846702 11.899435768574214 -0.8718756106453105 2.0981571560796892 18.731316004183565 6.567960866677949 10.376006610290354 0.7628936478896264 4.385197133310914 20.26342271361014 -1.997303999923492 6.135785043557114 1.683372518947337 -7.790539730664125 -5.641050435174433 -9.150828411137296 -0.0971093814508528
27.054108216432866 9.569763729391774 0.6879349161924964 4.163005694230328 2.1950818827263596 -2.8352551323327724 -1.4175791674856342 13.10967030595626 19.768614403851174 33.65720970788035 15.73419693592573 18.247213442405382 7.529280422262558 11.90573298899007 -0.8655783902294543 2.1044543764955455 18.73761322459942 6.574258087093805 10.38230383070621 0.7691908683054827 4.39149435372677 20.269719934026 -1.9910067795076358 6.142082263972988 1.6896697393631932 -7.784242510248268 -5.634753214758577 -9.14453119072144 -0.09081216103499656
27.11422845691383 9.576054866192383 0.6942260529931055 4.1692968310309375 2.201373019526951 -2.8289639955321633 -1.411288030685025 13.11596144275687 19.77490554065178 33.663500844680954 15.74048807272634 18.25350457920599 7.535571559063167 11.91202412579068 -0.8592872534288452 2.110745513296137 18.74390436140003 6.5805492238944145 10.388594967506819 0.7754820051060918 4.397785490527379 20.276011070826605 -1.9847156427070267 6.148373400773579 1.6959608761638023 -7.777951373447659 -5.628462077957968 -9.13824005392083 -0.08452102423438745
27.174348697394787 9.582339956766948 0.7005111435676525 4.175581921605502 2.207658110101516 -2.8226789049575984 -1.405002940110478 13.122246533331417 19.781190631226337 33.66978593525551 15.746773163300887 18.259789669780538 7.541856649637732 11.918309216365227 -0.8530021628542981 2.1170306038707016 18.750189451974595 6.586834314468979 10.394880058081384 0.7817670956806566 4.4040705811019265 20.282296161401163 -1.9784305521324619 6.154658491348144 1.7022459667383671 -7.7716662828730945 -5.622176987383403 -9.131954963346265 -0.07823593365982262
27.23446893787575 9.588619035244594 0.7067902220452993 4.181861000083149 2.2139371885791626 -2.8163998264799517 -1.3987238616328312 13.128525611809081 19.78746970970399 33.676065013733165 15.753052241778551 18.266068748258203 7.548135728115379 11.924588294842874 -0.8467230843766336 2.1233096823483484 18.756468530452242 6.593113392946626 10.40115913655903 0.7880461741583034 4.410349659579591 20.28857523987881 -1.9721514736548151 6.160937569825791 1.708525045216014 -7.765387204395448 -5.615897908905756 -9.125675884868619 -0.07195685518217587
27.294589178356713 9.594892138893805 0.7130633256945274 4.188134103732359 2.2202102922283906 -2.8101267228307414 -1.3924507579836032 13.134798715458292 19.793742813353205 33.682338117382386 15.759325345427762 18.272341851907413 7.554408831764589 11.930861398492102 -0.8404499807274233 2.1295827859975764 18.762741634101452 6.599386496595836 10.407432240208259 0.7943192778075137 4.416622763228801 20.29484834352803 -1.9658783700056048 6.167210673475019 1.7147981488652242 -7.759114100746237 -5.609624805256546 -9.119402781219408 -0.06568375153296557
27.354709418837675 9.601159299770359 0.7193304865710815 4.1944012646089135 2.226477453104927 -2.8038595619541873 -1.386183597107049 13.141065876334846 19.80000997422976 33.688605278258926 15.765592506304316 18.278609012783967 7.560675992641143 11.937128559368656 -0.8341828198508692 2.1358499468741305 18.769008794978006 6.6056536574723905 10.413699401084795 0.8005864386840678 4.422889924105355 20.301115504404585 -1.9596112091290507 6.173477834351555 1.7210653097417783 -7.752846939869683 -5.603357644379992 -9.113135620342854 -0.05941659065641147
27.414829659318634 9.60742055539205 0.7255917421927727 4.200662520230605 2.232738708726636 -2.797598306332496 -1.3799223414853579 13.147327131956537 19.806271229851447 33.69486653388062 15.771853761926007 18.28487026840566 7.5669372482628345 11.943389814990347 -0.827921564229178 2.1421112024958218 18.775270050599698 6.611914913094082 10.419960656706486 0.806847694305759 4.429151179727047 20.307376760026273 -1.9533499535073595 6.179739089973264 1.7273265653634695 -7.746585684247992 -5.597096388758301 -9.106874364721163 -0.05315533503472025
27.474949899799597 9.613675934368029 0.7318471211687516 4.206917899206584 2.238994087702597 -2.791342927356517 -1.373666962509379 13.153582510932516 19.812526608827426 33.7011219128566 15.778109140901986 18.291125647381637 7.5731926272388135 11.949645193966326 -0.821666185253199 2.148366581471783 18.781525429575677 6.618170292070061 10.426216035682465 0.8131030732817379 4.435406558703026 20.31363213900225 -1.9470945745313806 6.185994468949225 1.7335819443394485 -7.740330305272013 -5.590841009782322 -9.100618985745184 -0.04689995605874131
27.53507014028056 9.619925469774255 0.7380966565749603 4.21316743461281 2.2452436231088235 -2.7850933919502907 -1.3674174271031703 13.159832046338725 19.818776144233645 33.707371448262826 15.784358676308212 18.297375182787864 7.57944216264504 11.955894729372535 -0.8154166498469726 2.1546161168780094 18.787774964981903 6.624419827476287 10.432465571088692 0.8193526086879643 4.441656094109252 20.31988167440847 -1.9408450391251542 6.192244004355452 1.7398314797456749 -7.734080769865787 -5.584591474376095 -9.094369450338958 -0.040650420652514896
27.595190380761522 9.626169192330387 0.7443403791310921 4.219411157168942 2.2514873456649553 -2.778849669394159 -1.3611737045470385 13.166075768894856 19.825019866789777 33.71361517081895 15.790602398864326 18.303618905343978 7.585685885201172 11.962138451928666 -0.8091729272908585 2.160859839434141 18.794018687538035 6.630663550032419 10.438709293644823 0.8255963312440961 4.447899816665366 20.326125396964603 -1.9346013165690223 6.1984877269115835 1.7460752023018067 -7.727837047309655 -5.578347751819964 -9.088125727782826 -0.03440669809638308
27.655310621242485 9.632407132481156 0.7505783192818782 4.225649097319728 2.2577252858157415 -2.7726117292433727 -1.3549357643962523 13.172313709045643 19.831257806940563 33.71985311096974 15.796840339015112 18.309856845494764 7.59192382535194 11.968376392079453 -0.8029349871400724 2.1670977795849273 18.80025662768882 6.636901490183205 10.44494723379561 0.8318342713948645 4.454137756816152 20.33236333711539 -1.928363376418254 6.20472566706237 1.752313142452575 -7.721599107158869 -5.572109811669177 -9.081887787632057 -0.028168757945614686
27.715430861723444 9.638639319609439 0.7568105064101616 4.231881284447994 2.263957472944007 -2.766379542115107 -1.348703577267969 13.178545896173926 19.83748999406884 33.726085298098006 15.803072526143396 18.316089032623047 7.598156012480223 11.974608579207736 -0.7967028000117891 2.1733299667132107 18.806488814817087 6.643133677311471 10.451179420923875 0.8380664585231479 4.4603699439444355 20.338595524243665 -1.9221311892899706 6.210957854190635 1.7585453295808584 -7.715366920030603 -5.565877624540912 -9.075655600503774 -0.021936570817331358
27.775551102204407 9.644865785365049 0.7630369721657715 4.2381077502036035 2.2701839386996348 -2.7601530763594972 -1.342477111512359 13.184772361929536 19.84371645982445 33.73231176385363 15.809298991899006 18.322315498378657 7.604382478235833 11.980835044963346 -0.7904763342561791 2.1795564324688206 18.812715280572696 6.649360143067098 10.457405886679503 0.8442929242787578 4.4665964097000455 20.344821989999275 -1.9159047235343607 6.217184319946263 1.7647717953364683 -7.709140454274993 -5.559651158785302 -9.069429134748164 -0.015710105061721436
27.83567134268537 9.651086558456718 0.7692577452574412 4.244328523295291 2.2764047117913044 -2.75393230326781 -1.3362563384206894 13.190993135021206 19.849937232916126 33.7385325369453 15.815519764990675 18.328536271470327 7.610603251327503 11.987055818055016 -0.7842555611645095 2.1857772055604903 18.818936053664384 6.655580916158768 10.463626659771172 0.8505136973704275 4.472817182791715 20.351042763090952 -1.909683950442691 6.2234050930379325 1.770992568428138 -7.702919681183306 -5.5534303856936145 -9.063208361656494 -0.009489331970051751
27.895791583166332 9.6573016707654 0.7754728575661218 4.250543635603972 2.282619824099985 -2.747717190959129 -1.3300412261120087 13.197208247329886 19.856152345224807 33.74474764925398 15.821734877299356 18.334751383779007 7.6168183636362015 11.993270930363696 -0.7780404488558288 2.191992317869171 18.825151165973065 6.661796028467449 10.469841772079853 0.8567288096791081 4.479032295100396 20.357257875399632 -1.9034688381340104 6.229620205346613 1.7772076807368187 -7.696704568874625 -5.547215273384934 -9.056993249347814 -0.0032742196613710917
27.955911823647295 9.663511149508448 0.781682336309153 4.256753114347003 2.2888293028430162 -2.741507712216098 -1.3238317473689776 13.203417726072917 19.862361823967838 33.75095712799702 15.827944356042405 18.34096086252204 7.623027842379233 11.999480409106727 -0.7718309701127977 2.198201796612202 18.831360644716096 6.66800550721048 10.476051250822884 0.862938288422157 4.485241773843445 20.363467354142664 -1.8972593593909615 6.235829684089644 1.7834171594798676 -7.690495090131594 -5.541005794641903 -9.050783770604765 0.002935259081677799
