web/models/mosfit_kne/mosfit_kn_3.0000/mosfit_kn_0.014776_0.1710_3.0000.dat
# %ECSV 1.0
# ---
# datatype:
# - {name: time, datatype: float64}
# - {name: PS1_g, datatype: float64}
# - {name: PS1_i, datatype: float64}
# - {name: PS1_r, datatype: float64}
# - {name: PS1_w, datatype: float64}
# - {name: PS1_y, datatype: float64}
# - {name: PS1_z, datatype: float64}
# - {name: swift_uvot_B, datatype: float64}
# - {name: swift_uvot_U, datatype: float64}
# - {name: swift_uvot_uvm2, datatype: float64}
# - {name: swift_uvot_uvw1, datatype: float64}
# - {name: swift_uvot_uvw2, datatype: float64}
# - {name: swift_uvot_V, datatype: float64}
# - {name: johnson_B, datatype: float64}
# - {name: johnson_I, datatype: float64}
# - {name: johnson_R, datatype: float64}
# - {name: johnson_U, datatype: float64}
# - {name: johnson_V, datatype: float64}
# - {name: sdss_g, datatype: float64}
# - {name: sdss_i, datatype: float64}
# - {name: sdss_r, datatype: float64}
# - {name: sdss_u, datatype: float64}
# - {name: sdss_z, datatype: float64}
# - {name: ATLAS_c, datatype: float64}
# - {name: ATLAS_o, datatype: float64}
# - {name: ukirt_H, datatype: float64}
# - {name: ukirt_J, datatype: float64}
# - {name: ukirt_K, datatype: float64}
# - {name: Clear, datatype: float64}
# meta: !!omap
# - comment: [kappa = 3.0, type = rprocess, mass = 0.014775890654408853, velocity = 0.17100000000000004, theta_obs = 0.0, tfloor = 1000.0]
# schema: astropy-2.0
time PS1_g PS1_i PS1_r PS1_w PS1_y PS1_z swift_uvot_B swift_uvot_U swift_uvot_uvm2 swift_uvot_uvw1 swift_uvot_uvw2 swift_uvot_V johnson_B johnson_I johnson_R johnson_U johnson_V sdss_g sdss_i sdss_r sdss_u sdss_z ATLAS_c ATLAS_o ukirt_H ukirt_J ukirt_K Clear
[from data line 57]
3.4869739478957915 -9.315490267702415 -12.404029080006076 -11.247004543589796 -11.403209825118967 -13.414641159684972 -13.03736345610604 -8.062973780259039 -6.363706253440924 0.1893641977454381 -4.612895021658314 -2.6749197787790666 -10.233094517319163 -8.254032906215429 -13.15169414887339 -11.832592018121552 -6.609733993618018 -10.383077973692599 -9.026108716368366 -12.382523964271055 -11.216315891592501 -5.650146486521166 -13.153141617920134 -10.270380197621058 -11.867046054097994 -14.406995282001594 -14.059330061903752 -14.48635003872315 -11.915252076541343
3.5470941883767533 -9.176825438586942 -12.323987241758623 -11.14330982167143 -11.312153120419293 -13.35939663697932 -12.97219127831049 -7.902468906460945 -6.155380835668893 0.4952038750401373 -4.43413821644663 -2.499580638198736 -10.10810569375914 -8.09913975964394 -13.079075008151825 -11.738605718034336 -6.4087627097952655 -10.2623160291437 -8.882171388603464 -12.301826851756008 -11.111424818721964 -5.444719619258649 -13.091246818645441 -10.15318717763158 -11.778350625834317 -14.388512984840316 -14.024063349463985 -14.479316101841293 -11.838621170317598
3.6072144288577155 -9.035426640396071 -12.241854443233713 -11.037258987805885 -11.219107033081457 -13.302368981436743 -12.90510473979193 -7.738935813783573 -5.943452210509115 0.8052260483269409 -4.253498090987922 -2.3223072768272277 -9.980454559957714 -7.941382104871678 -13.00446721521337 -11.64247445225315 -6.204260650438258 -10.139010864541563 -8.735438433571225 -12.219031227494632 -11.004143122084287 -5.235677739156905 -13.027499952533006 -10.033620752698464 -11.687572505015762 -14.36877904737864 -13.987298864375537 -14.471211955923325 -11.760265704045736
3.6673346693386772 -8.891336302760386 -12.157664222370261 -10.92888955101225 -11.124108967070452 -13.243587910016146 -12.836134876052494 -7.572419529077879 -5.727970460129974 1.1193442347521705 -4.07100521744205 -2.14310580757726 -9.850180014704979 -7.7808078181631615 -12.92790360719324 -11.544238231445576 -5.996277404326939 -10.013203582100745 -8.585953051000743 -12.134170769098098 -10.894507876204855 -5.023070173641564 -12.961932449085314 -9.911722179862394 -11.594749680992837 -14.347818881921873 -13.949064021353939 -14.462062202009756 -11.680222607187698
3.727454909819639 -8.744502918795174 -12.071387153484547 -10.818163572400419 -11.027127666081 -13.183033289937196 -12.765257611446117 -7.4028595940002715 -5.508854849856721 1.4376531100323193 -3.886575479883749 -1.9618705688385982 -9.717234191103874 -7.6173624114562735 -12.849358001847026 -11.44386693384644 -5.784735668735419 -9.884850892207877 -8.43366172159758 -12.047215846842363 -10.782480051318348 -4.806816967810406 -12.894522404918725 -9.787450185055473 -11.499852720198493 -14.325627530148457 -13.909346981659281 -14.451867141861603 -11.598467877137573
3.787575150300601 -8.594912272834314 -11.98301837660182 -10.705072830502722 -10.92815879404986 -13.120704157466587 -12.692470194099155 -7.230237612967399 -5.286077057369631 1.7601729365226477 -3.700170468202177 -1.778541965155863 -9.581603547543278 -7.451032325208281 -12.768827179023756 -11.341358161785735 -5.569609004774112 -9.753943004642396 -8.278549367977774 -11.958161541872006 -10.668050585878142 -4.586889986226108 -12.82526855798423 -9.660796094291246 -11.402878671582357 -14.302211186734473 -13.868150733034524 -14.44063572683845 -11.515001331188497
3.847695390781563 -8.442542619536475 -11.892547725710951 -10.589602916970087 -10.827192321178636 -13.05659517966344 -12.617765119292947 -7.054526847680701 -5.059598556519251 2.086936895387745 -3.5117430121890965 -1.5930527684749793 -9.443267512141926 -7.281795985900178 -12.68630290811383 -11.23670384771063 -5.350861096283641 -9.620463376113156 -8.120593188390668 -11.866997607420462 -10.551204170823283 -4.363251024811721 -12.754165055876765 -9.531744524227541 -11.303819018722159 -14.277573073940049 -13.825474666100702 -14.42837436768581 -11.42981770422546
3.9078156312625247 -8.287397972180752 -11.799981997559374 -10.471759956735607 -10.724236640137104 -12.990714226382583 -12.541149589871594 -6.875729667110192 -4.829417110399881 2.417926802557486 -3.3212769708613084 -1.4053673270139764 -9.302229282157157 -7.109660092602027 -12.601792800114914 -11.12991503957969 -5.128490869016382 -9.484418639772743 -7.959796940183708 -11.773730861199585 -10.43194621725613 -4.135897804421393 -12.681220273320513 -9.40030250534262 -11.202683465575571 -14.251723974580608 -13.781328324790179 -14.415095257621642 -11.342927945507633
3.967935871743487 -8.129398601661304 -11.705271750315305 -10.351482744512825 -10.619239371926703 -12.923024652153554 -12.46258156796559 -6.69375431921437 -4.595413727100439 2.7532845448459193 -3.1286575836162096 -1.2153534162962418 -9.158414494591185 -6.934540271476827 -12.51525178250563 -11.020940470923765 -4.902383978916227 -9.345740188685701 -7.796078160247877 -11.678311577595348 -10.310214168692191 -3.9047125626302837 -12.606394999032666 -9.2664037482451 -11.099421780865857 -14.22464775433628 -13.73568630617809 -14.400789193852946 -11.254289361610006
4.028056112224449 -7.9686529511851845 -11.60849320334405 -10.228861008193064 -10.512283905040167 -12.853588765723458 -12.382128715890435 -6.508720945282152 -4.3577326709066 3.0927879185191793 -2.933992838145549 -1.0230998209731221 -9.011922965438075 -6.756557342642399 -12.426752380772694 -10.90986875363009 -4.672681593633065 -9.204528614505064 -7.629548214466713 -11.580816396039122 -10.186097833249974 -3.6698380569662703 -12.529756055276433 -9.13014628343534 -10.994117862180381 -14.196387072418284 -13.68860037493876 -14.385493126449818 -11.163978893326583
4.0881763527054105 -7.805089242966172 -11.509601839774533 -10.10383972910132 -10.403323142335239 -12.78237351320401 -12.299753112685288 -6.320546978318361 -4.116266580262025 3.436560992760655 -2.7371783742855267 -0.8284862174487126 -8.862687650709955 -6.575635916389228 -12.336254065039835 -10.79665446936546 -4.4392807332554725 -9.060722559565997 -7.460132880411479 -11.481200556979427 -10.05954090310139 -3.431168121840713 -12.451268225763794 -8.991470506676489 -10.886726837502234 -14.166927335580366 -13.640047637498236 -14.369198719883299 -11.07195838207236
4.148296593186372 -7.638705057882476 -11.408599358089386 -9.976419472818279 -10.29235991140613 -12.709382156074085 -12.215457131833567 -6.1292280188526425 -3.871005262647138 3.7845929522320505 -2.53819253898218 -0.6314747279560282 -8.710705698833749 -6.3917763321083 -12.24375953886262 -10.6813037598283 -4.202172756726387 -8.91432307595039 -7.287829393878891 -11.379465779313342 -9.930543182186629 -3.1886927804490384 -12.370935251627184 -8.850377308540018 -10.77725319329252 -14.136275369055776 -13.590033444208272 -14.351914357925322 -10.978233637148715
4.208416833667335 -7.469476905629797 -11.30547317694667 -9.846583801067723 -10.179381667241163 -12.634606564840212 -12.12923058333276 -5.934736050043386 -3.6219092835405675 4.1369123047713225 -2.336989994991167 -0.4320046209576698 -8.555954708038726 -6.204956150408115 -12.149258114327594 -10.563807122409525 -3.961320686778429 -8.765312340406124 -7.112613313142404 -11.275599430035328 -9.799087303420517 -2.9423731564621214 -12.288748753826297 -8.706849079599461 -10.66568626659965 -14.10443095604746 -13.538554130364043 -14.33364273877922 -10.882796908125751
4.268537074148297 -7.29736071130942 -11.200196739528785 -9.714299649710139 -10.06436093369313 -12.558027459966414 -12.041050975296148 -5.73701996750093 -3.368910613449412 4.493585653578173 -2.13350288440548 -0.22999326753620464 -8.398393132924877 -6.01513072616909 -12.05272600410143 -10.444139823618272 -3.7166598361737724 -8.613654095746115 -6.9344390206535955 -11.169574830910438 -9.665139098885316 -2.692142094849004 -12.204688501441456 -8.560850190333369 -10.552000632545457 -14.071387023338156 -13.48559722625854 -14.314381051373724 -10.785627335052688
4.328657314629258 -7.122423234571773 -11.092817688467083 -9.579622977465476 -9.947349678600794 -12.479684004843659 -11.95096062276031 -5.536153587888225 -3.112096437621581 4.854467204541437 -1.927792163241406 -0.02548659080556659 -8.23808232945905 -5.822376046230019 -11.954208827551824 -10.322359317605542 -3.4682762233384534 -8.459411830644184 -6.753375063590408 -11.061439917493967 -9.528754338124834 -2.4380862015940963 -12.11879683979431 -8.41244144887268 -10.436249656658845 -14.037171007946368 -13.431195735502628 -14.294153396328182 -10.686773719530773
4.38877755511022 -6.944685516283542 -10.983352946006413 -9.442572981723583 -9.828366696158835 -12.399591031057522 -11.858974928760357 -5.3321593626079276 -2.851490223443207 5.219498449399162 -1.7198661667394606 0.18152104454475593 -8.07504131436363 -5.626718424977412 -11.853723426765843 -10.198489089899205 -3.2161940778929865 -8.302608016894444 -6.5694429234314455 -10.951211741151727 -9.389951680284305 -2.180229080621725 -12.031090125784658 -8.261643618527046 -10.318453972468387 -14.001795615811739 -13.375363556554818 -14.272972144619088 -10.586255605373953
4.448897795591182 -6.764107944051805 -10.871778615434113 -9.30312004614363 -9.707387100854739 -12.317731056506211 -11.765073533584491 -5.124991517930005 -2.587030766860625 5.588735723660762 -1.509664747733925 0.39110302291250365 -7.909232770562665 -5.428118396605782 -11.751248432372698 -10.072507710324363 -2.9603554944486743 -8.143210679920257 -6.382601638960939 -10.838866316932343 -9.248700466577198 -1.9185105277131065 -11.941550223149644 -8.108424550423265 -10.198590944269288 -13.965254160222 -13.31808930001216 -14.250834351534072 -10.484054219791368
4.509018036072144 -6.58062946763339 -10.758056248033085 -9.161217241068034 -9.584370606930737 -12.234075008382206 -11.669223272714895 -4.914580199644255 -2.318627003761211 5.962274929684239 -1.2971050980635108 0.6033551756277835 -7.740599395426487 -5.22651341346036 -11.64674885037429 -9.944377978643939 -2.7006736337771042 -7.981168669088718 -6.192788193895016 -10.724365035981869 -9.104952527850951 -1.652840785514993 -11.85014668519102 -7.95273341449402 -10.076622637753019 -13.927532922141788 -13.259352473448159 -14.227731479799404 -10.380137362288675
4.569138276553106 -6.394380684337637 -10.642276100821917 -9.016971788231771 -9.45941387406446 -12.148695354915446 -11.571503537084808 -4.701071572345202 -2.0464562392049856 6.339848941371657 -1.0823230805266166 0.8181544756471628 -7.569262213768309 -5.022048980973292 -11.54031006298067 -9.81420444499949 -2.4373222149917884 -7.816603262565118 -6.000136947019641 -10.607798702576723 -8.958815524532575 -1.383396074228056 -11.756957626561544 -7.794685836631068 -9.952647194438349 -13.888678177085987 -13.199211602407813 -14.203701734205579 -10.27459251300181
4.629258517034068 -6.205317072627832 -10.524410716502164 -8.870350020959759 -9.332488015417884 -12.06157155232912 -11.471890686010031 -4.484414596395655 -1.7704508915959847 6.721522514681941 -0.8652561613130589 1.035575534408132 -7.3951794407129805 -4.814680593313398 -11.431907315044782 -9.681962095990048 -2.170237304201692 -7.649478377757288 -5.804601937066405 -10.489139770169214 -8.810254729859643 -1.1101100589299584 -11.661961800207834 -7.634245048005308 -9.826638154586451 -13.84868087001095 -13.137652657324386 -14.17873994581157 -10.16739726917228
4.68937875751503 -6.013455590875338 -10.404473893407662 -8.721367714612036 -9.203607961774178 -11.972715561672267 -11.370397129602559 -4.264627586538544 -1.4906295749140772 7.107244142355424 -0.6459125769726977 1.2556218688649037 -7.218366542188897 -4.6044305190413795 -11.32155442541671 -9.54767138737153 -1.8994386909286232 -7.479813319467287 -5.606200530880869 -10.368402178356675 -8.659285408545667 -0.8330018804327466 -11.565172739574603 -7.47142759050929 -9.698612629269814 -13.80755104257762 -13.074686853955766 -14.152855744043274 -10.058567479650833
4.749498997995992 -5.8187701355493715 -10.282450395789677 -8.570005961601339 -9.072757767344761 -11.882116341911182 -11.267009818434914 -4.041680406616478 -1.2069507613941786 7.497043509382572 -0.4242531133538203 1.478344241007218 -7.038798920482255 -4.391274428109323 -11.209238043854956 -9.411320999035315 -1.6248878402623679 -7.307588787797401 -5.404905769216324 -10.245570681390817 -8.50588776586429 -0.5520311343293294 -11.466579461414721 -7.306212516360038 -9.568557059592173 -13.76528497205875 -13.01030743095568 -14.126047916013585 -9.948092016278931
4.809619238476953 -5.621370660725802 -10.158416560886376 -8.416355401195599 -8.940018279718505 -11.789835146784018 -11.161795843066393 -3.815696357645254 -0.9195635978418968 7.890695550966346 -0.20039175193534886 1.7036390803692893 -6.856578880753557 -4.175335352497495 -11.095030435005839 -9.272999930369032 -1.346731353727162 -7.132907899778844 -5.200830809117534 -10.120722105691105 -8.350152824616828 -0.26734651299220147 -11.366248194673645 -7.138696747440072 -9.436554254377008 -13.721921522016077 -12.944563818304678 -14.098348296481296 -9.83604400797713
4.869739478957916 -5.421235007344567 -10.032359773000579 -8.260400303972748 -8.805375964618367 -11.695862902984402 -11.054744387800461 -3.586649917553305 -0.6284323980589155 8.288224128033313 0.025705078533278414 1.9315505024410808 -6.671685699063812 -3.956593223124671 -10.978920659875612 -9.132699677240545 -1.064936468559925 -6.955755105833583 -4.993952781078903 -9.993843849240545 -8.192064056017792 0.021086436418684684 -11.264170114455858 -6.968862449445972 -9.302593166110036 -13.67745781906091 -12.877450640335757 -14.06975608929004 -9.722414236304182
4.929859719438878 -5.218325306723397 -9.904256754560876 -8.10211225690523 -8.66880606056096 -11.600182045508802 -10.945835250258735 -3.354497912365729 -0.3334995776320324 8.689682549271978 0.2540871294915452 2.162138789133007 -6.484084002074344 -3.7350110803050325 -10.860887803282832 -8.990400233852853 -0.779449220042807 -6.776100857663427 -4.784232657018794 -9.864912597779831 -8.031592101097402 0.3133238337485622 -11.160327394847727 -6.796678122507629 -9.166651550013896 -13.631885868784329 -12.808955870197066 -14.040266438229379 -9.607183736804803
4.98997995991984 -5.012767535948477 -9.774194670830365 -7.941594846578273 -8.530400132302756 -11.502862270489889 -10.835144947386599 -3.1193819586470637 -0.03493722484826356 9.094819641332275 0.4846215478071163 2.3952795701405063 -6.293891432355381 -3.5107291164141015 -10.741014188745119 -8.846202129102576 -0.4904386163182938 -6.5940629535147695 -4.571800128707295 -9.734016075654992 -7.868841185499438 0.6091939774343835 -11.054795319624535 -6.622254045393614 -9.028823070922947 -13.585249062253071 -12.739135288221435 -14.00991432231203 -9.490434577844695
5.050100200400801 -4.804555492048159 -9.64217159940354 -7.778845187691559 -8.390155557442256 -11.403902821193483 -10.72267194443155 -2.8812947299208522 0.26726758268406337 9.50363227842606 0.7173220406458296 2.6309956986728946 -6.101102396367762 -3.2837445144602957 -10.619298828934973 -8.700108509864705 -0.19789412928358663 -6.4096404883757225 -4.356648797386491 -9.601152446398586 -7.703807841638302 0.9087085445571219 -10.947574030531992 -6.44558584507271 -8.889107609666898 -13.537549065398922 -12.667989816137746 -13.97870217378882 -9.372166832626334
