web/models/mosfit_kne/mosfit_kn_3.0000/mosfit_kn_0.077496_0.1083_3.0000.dat
# %ECSV 1.0
# ---
# datatype:
# - {name: time, datatype: float64}
# - {name: PS1_g, datatype: float64}
# - {name: PS1_i, datatype: float64}
# - {name: PS1_r, datatype: float64}
# - {name: PS1_w, datatype: float64}
# - {name: PS1_y, datatype: float64}
# - {name: PS1_z, datatype: float64}
# - {name: swift_uvot_B, datatype: float64}
# - {name: swift_uvot_U, datatype: float64}
# - {name: swift_uvot_uvm2, datatype: float64}
# - {name: swift_uvot_uvw1, datatype: float64}
# - {name: swift_uvot_uvw2, datatype: float64}
# - {name: swift_uvot_V, datatype: float64}
# - {name: johnson_B, datatype: float64}
# - {name: johnson_I, datatype: float64}
# - {name: johnson_R, datatype: float64}
# - {name: johnson_U, datatype: float64}
# - {name: johnson_V, datatype: float64}
# - {name: sdss_g, datatype: float64}
# - {name: sdss_i, datatype: float64}
# - {name: sdss_r, datatype: float64}
# - {name: sdss_u, datatype: float64}
# - {name: sdss_z, datatype: float64}
# - {name: ATLAS_c, datatype: float64}
# - {name: ATLAS_o, datatype: float64}
# - {name: ukirt_H, datatype: float64}
# - {name: ukirt_J, datatype: float64}
# - {name: ukirt_K, datatype: float64}
# - {name: Clear, datatype: float64}
# meta: !!omap
# - comment: [kappa = 3.0, type = rprocess, mass = 0.07749594937791414, velocity = 0.10833333333333334, theta_obs = 0.0, tfloor = 1000.0]
# schema: astropy-2.0
time PS1_g PS1_i PS1_r PS1_w PS1_y PS1_z swift_uvot_B swift_uvot_U swift_uvot_uvm2 swift_uvot_uvw1 swift_uvot_uvw2 swift_uvot_V johnson_B johnson_I johnson_R johnson_U johnson_V sdss_g sdss_i sdss_r sdss_u sdss_z ATLAS_c ATLAS_o ukirt_H ukirt_J ukirt_K Clear
[from data line 227]
13.707414829659317 -3.666190639145448 -9.25369561209779 -7.088495355457738 -7.930305392347012 -11.341711301939625 -10.526493946094941 -1.4468062600510045 2.3374633976593095 12.57399074695616 2.0627467667321935 4.026210271633378 -5.110496787134029 -1.9674134362991895 -10.333581626428991 -8.183682933386962 1.7758436523109533 -5.508822041591423 -3.1499591180615916 -9.204505543805777 -6.989470759649468 2.9534836240001994 -10.805587349814196 -5.62367238165427 -8.432319079448156 -13.985139090245829 -12.882579866149849 -14.591113716177178 -9.134750565960044
13.76753507014028 -3.5863029974706784 -9.202649919164827 -7.025862084500805 -7.876825571456401 -11.303238225499683 -10.482835338492862 -1.3554655386871695 2.453417620481808 12.726709151872676 2.1494941586241194 4.11557662320655 -5.036159709888833 -1.8809317373539118 -10.28653317151176 -8.128098951049136 1.8880299388106248 -5.438210720763778 -3.0674443688221587 -9.153149945233956 -6.925863009720086 3.0684865238223757 -10.764104718124212 -5.556151048873463 -8.378900398522706 -13.96644205469732 -12.854851935472043 -14.578837269942449 -9.090036272242408
13.827655310621243 -3.506082776777859 -9.15135835248833 -6.962949990483374 -7.823113448503101 -11.264558289574822 -10.438952101987855 -1.263753827258266 2.5698285881068017 12.879874877192364 2.236520199274548 4.205279752765026 -4.961497830433388 -1.7941164710163842 -10.23925404556665 -8.07228388002746 2.000656810572987 -5.367306215324132 -2.9845893163936665 -9.101547910373515 -6.861969852842709 3.183944490860373 -10.722410889982026 -5.488347396732394 -8.325246645466802 -13.94760878515365 -12.826956219466615 -14.566449225013967 -9.045130902745857
13.887775551102203 -3.4254932822913275 -9.099796181252255 -6.899729570631337 -7.769143268719034 -11.22565194042533 -10.394822531406742 -1.1716297160001787 2.6867479932503002 13.03355451928789 2.3238643987650858 4.295360500157695 -4.886476765652941 -1.7069284033993386 -10.19172119117479 -8.016211375171533 2.1137742982926677 -5.296075904796475 -2.9013561902224794 -9.04967458824153 -6.797761368107356 3.299908756487664 -10.680485139241096 -5.420229846938138 -8.271332176166197 -13.928627903862301 -12.798877624780454 -14.553940847910061 -9.000012408932907
13.947895791583166 -3.344552902011557 -9.0479759879533 -6.836215773569538 -7.714928078848722 -11.186529190703407 -10.350457683962215 -1.0791139366179536 2.8041502160137988 13.187714797360726 2.411506995702855 4.385798788102587 -4.811113800981837 -1.6193874358815246 -10.143946399820322 -7.959895185729516 2.2273574434598653 -5.224536532047954 -2.8177639212026406 -8.997542631998385 -6.733252688557201 3.4163538243302227 -10.638338158438003 -5.351814277642948 -8.217170111295147 -13.909505409162895 -12.770624000621227 -14.541316822301818 -8.954692135549518
14.008016032064127 -3.2633228303137862 -8.995939370436794 -6.772458098224803 -7.660511043073512 -11.147223053021396 -10.3058941027993 -0.9862755154576697 2.9219495370720416 13.342245129295375 2.499382360289815 4.47652726378832 -4.735466401097768 -1.5315593725431358 -10.095968557524532 -7.903380161222089 2.3413230040284883 -5.152743177398659 -2.733875502397005 -8.945193857297564 -6.668493974574634 3.533194549755123 -10.59600506542882 -5.283153421337232 -8.162803667324496 -13.890260810124618 -12.742221038134288 -14.528592256536877 -8.90920730935326
14.06813627254509 -3.181754627380311 -8.943653636390252 -6.708417561045206 -7.605858134810539 -11.10770766122096 -10.26110308915296 -0.8930597943124241 3.0402141301218855 13.497233424719447 2.587542606548397 4.567599721564687 -4.659489163854691 -1.4433923775608408 -10.047757171138933 -7.846631412894916 2.455736993668445 -5.080652702427277 -2.649641074249054 -8.892595411441047 -6.603445695646233 3.650498519274965 -10.55345843072013 -5.214205581704139 -8.108198932769994 -13.870879015134603 -12.713648743838773 -14.515755546991576 -8.86352876708413
14.128256513026052 -3.0998336237897206 -8.891108969359323 -6.644082430767462 -7.550959115906739 -11.067975275205786 -10.216076029782233 -0.7994502131781112 3.1589647691297706 13.652706365652985 2.6760035089369976 4.659032605883549 -4.583168364385018 -1.3548708704264316 -9.999303112476642 -7.789638633529148 2.5706194504694646 -5.008252233500056 -2.565045540110802 -8.839737434636756 -6.538095943014515 3.7682862780058457 -10.510690086892431 -5.144958157079831 -8.053345761815738 -13.851355584704875 -12.684901189238625 -14.502803314845332 -8.817647818393937
14.188376753507013 -3.0175821377489775 -8.838320623059648 -6.579470829479561 -7.495829773632963 -11.028038027092073 -10.170826331603582 -0.7054719417411193 3.2781702986954286 13.808623826587173 2.7647411985154418 4.750801507458778 -4.506524994058066 -1.266018936080741 -9.950620664065337 -7.732418391089333 2.6859400518292875 -4.935562024147388 -2.48011187617843 -8.786635264463989 -6.472463073062933 3.886526831814514 -10.467712971037564 -5.075430391800708 -7.998260014679808 -13.831697753041146 -12.655987861670004 -14.489741188914207 -8.771578140259368
14.248496993987976 -2.9350398636018404 -8.785315638592213 -6.5146149066828585 -7.4404981006896875 -10.987917397273907 -10.125377760245104 -0.6111697551273132 3.3977751568943226 13.964914484445071 2.853713291562237 4.842862857332065 -4.4295963682175215 -1.1768792623081696 -9.90173511287627 -7.674999843956425 2.8016448119246884 -4.862617875735588 -2.3948809434189933 -8.73331608497299 -6.4065796681995835 4.005164961695815 -10.424549939207584 -5.005656476318183 -7.942969750932889 -13.811918241987138 -12.626925497086406 -14.47657902777001 -8.725343877634533
14.308617234468937 -2.852144085248689 -8.732051624857942 -6.449464147936865 -7.384920058342992 -10.94757981900564 -10.079693085736992 -0.5164728885813574 3.517867570516895 14.121691793602121 2.942986997521349 4.935286119706564 -4.3523236605693265 -1.0873847587008394 -9.852606912757206 -7.617337788269592 2.9178191792157615 -4.789363895924301 -2.3092881906487683 -8.67973729726847 -6.340394500206656 4.124288157553639 -10.381165403631964 -4.9355824452706365 -7.887431044226769 -13.791997436069073 -12.597688130223508 -14.463301740291 -8.678907300305436
14.3687374749499 -2.768917122577985 -8.678543839585071 -6.38403667665866 -7.329111421960679 -10.907037428055748 -10.033785719893036 -0.4214065159774371 3.6384163710788897 14.278915771254908 3.032538498088471 5.028046881252251 -4.274727872978937 -0.997559495543751 -9.803250348078826 -7.559448772946305 3.034432820497688 -4.715820335548561 -2.2233565959190926 -8.625914242860784 -6.273925930192821 4.243865410186558 -10.337572302589635 -4.865227535106147 -7.831659742182371 -13.771942565948814 -12.5682852475507 -14.44991494757934 -8.632282063086745
14.428857715430862 -2.6853800979413833 -8.624806734275285 -6.318349650971111 -7.273087110982441 -10.866301723669185 -9.987668369409128 -0.32599446135713633 3.759392063282938 14.436548725061154 3.122345324709564 5.121122066410063 -4.196828892707807 -0.9074262391745551 -9.753678948529345 -7.501348454082469 3.1514570288879606 -4.642006364187059 -2.137107904041997 -8.57186145255076 -6.207191344013889 4.363867369837653 -10.293782893162682 -4.794609941876153 -7.77567083818937 -13.751760485154579 -12.538725839240266 -14.43642397634594 -8.585481071464685
14.488977955911823 -2.6015597023064707 -8.570858543164999 -6.25242472558277 -7.216865944514268 -10.825387207726997 -9.941357068261656 -0.23026683266194609 3.880757323114228 14.594543076264316 3.212379136540449 5.214482474758025 -4.118651846824702 -0.8170136990426295 -9.703909773607517 -7.443056501225834 3.268855511030029 -4.567946124985959 -2.050569590811726 -8.517597258420775 -6.1402126908125965 4.484256915605425 -10.249812613161193 -4.7237526432203225 -7.719483224266472 -13.731459807392826 -12.509021221608092 -14.422835507301135 -8.538520562766951
14.549098196392785 -2.517382155842345 -8.516649350009722 -6.186202447346769 -7.160396141040444 -10.784254333634795 -9.894807961928898 -0.13414038253894417 4.002615925414101 14.753031941831583 3.302718752639056 5.308209682523032 -4.040127494123909 -0.7262429901508087 -9.653896255281033 -7.384519747131322 3.386728777628576 -4.4935738577767355 -1.963665720897989 -8.463071500455808 -6.072929670362974 4.605136969602839 -10.205619548665137 -4.6525921769032585 -7.663045226275287 -13.711017405730066 -12.479140793962243 -14.409131744839117 -8.491356200288784
14.609218436873746 -2.432882531899363 -8.462203068384575 -6.119711235344063 -7.103702418303541 -10.74292210339907 -9.848042071423126 -0.03765467671432815 4.124918775490087 14.911952616532457 3.3933268372820184 5.402265216915879 -3.961288828730159 -0.6351518138106764 -9.603660756412975 -7.325763953847482 3.5050291189760574 -4.418921216892195 -1.876432399018384 -8.40830821914313 -6.005371089502525 4.726458728066962 -10.161223918823072 -4.581158738017166 -7.606381628673642 -13.690444535555633 -12.449099362659977 -14.395321406902964 -8.444009292602832
14.669338677354709 -2.348089809764584 -8.407539486307183 -6.052974590889342 -7.046805193451835 -10.701406251348722 -9.801076797113843 0.05915759341953547 4.247625326304263 15.071253525855642 3.4841726497663577 5.49661734901013 -3.882163133791086 -0.5437713162458595 -9.55322178554055 -7.266810432224305 3.6237171188464212 -4.344014389190549 -1.7888994564553684 -8.353327308074636 -5.937560772767885 4.84818186992678 -10.116642467205903 -4.509477265900763 -7.549512918913859 -13.669750529664364 -12.418909196672326 -14.381411724777847 -8.396497438757464
14.729458917835672 -2.263016773304294 -8.352667409174632 -5.986002941482607 -6.9897134954631746 -10.659713803256334 -9.75391989000503 0.15628200820523191 4.370717770098409 15.230912298849738 3.575242761711142 5.59125221371081 -3.8027624860874214 -0.4521152876797035 -9.502587596309937 -7.207668737616129 3.7427754106992306 -4.268865063618283 -1.701080054772266 -8.298137622924635 -5.869509288922341 4.970288642851166 -10.071882693389718 -4.4375587608509015 -7.492448201839483 -13.648939604741235 -12.388575809521567 -14.367405982607158 -8.34882845874759
14.789579158316633 -2.1776029784721374 -8.297545948272855 -5.918747593283626 -6.932384941568959 -10.617812361116936 -9.706535417933253 0.25378676870457256 4.494281161862794 15.391037868821936 3.666601602539146 5.686236606678833 -3.7230301501128453 -0.36011917264522736 -9.451720052534089 -7.148295422400868 3.862286343257615 -4.193419443956327 -1.6129119879537157 -8.242698078128665 -5.801167241965004 5.092863388978923 -10.026910286848825 -4.365351253058414 -7.43514518957511 -13.627992831515561 -12.358074146218419 -14.353289624175199 -8.30096611268047
14.849699398797595 -2.091873335190151 -8.242192129831292 -5.851228760964293 -6.8748370861449715 -10.57571546755435 -9.658938353500126 0.35164377355576876 4.618280663744052 15.551586039288626 3.758222779232679 5.781543271149459 -3.6429895888725676 -0.2678097559786113 -9.400635083545243 -7.088708841403293 3.982216035597872 -4.117700077113537 -1.5244208994605657 -8.18702579184567 -5.732555124696521 5.215871452832577 -9.981739666601062 -4.292876178434977 -7.377621505486722 -13.606918252222789 -12.32741477386808 -14.33906888309149 -8.25292554123573
14.909819639278556 -2.0058618320101296 -8.186629148848965 -5.783473990368311 -6.817093839372159 -10.533441563316117 -9.611149096775815 0.4498146772176071 4.742668674107584 15.712496505217818 3.8500703409376773 5.87713497334963 -3.5626728092484443 -0.1752235058159573 -9.349354374601432 -7.028933885857492 4.102518240118751 -4.041737613109697 -1.4356417755966255 -8.131144080992083 -5.6637008704147185 5.339265509920974 -9.936390437800267 -4.220162767253637 -7.319901127215118 -13.585726781288264 -12.296612054272094 -14.324752202849654 -8.20472731209895
14.969939879759519 -1.9195744755622535 -8.130861212912333 -5.7154882359471415 -6.7591594611382355 -10.490994026854867 -9.56317135829865 0.5482927049474184 4.867436893919752 15.873759183503605 3.9421381125405657 5.973005305935782 -3.482085526811816 -0.08236694468220335 -9.297881885304282 -6.968975183726614 4.2231848109960595 -3.965537674579733 -1.3465808029185844 -8.075057180484553 -5.594609500054446 5.463037244707998 -9.890866229477133 -4.147216184290929 -7.261988389151206 -13.564420488793568 -12.265668669170536 -14.310341208765783 -8.156375147384054
15.03006012024048 -1.8329610620330428 -8.074854367561635 -5.647231066098897 -6.700998780109231 -10.448345952094318 -9.514975292386847 0.6471345035415232 4.99265599985808 16.03546449451638 4.034479504915041 6.069209721889216 -3.401180613034758 0.010813487879822226 -9.246185955407029 -6.908796741303214 4.344284148410569 -3.8890556493917012 -1.2571863177428533 -8.018730974950667 -5.525239992666311 5.587256727757826 -9.845138570697873 -4.0739932805588275 -7.2038482054020925 -13.542983668744276 -12.234563822870983 -14.29582383049391 -8.107839014122096
15.090180360721442 -1.7460438326201988 -8.018623834241243 -5.578720540727868 -6.642627456413539 -10.405509452888051 -9.466574289311627 0.7463149807110703 5.118294886580799 16.197573246522015 4.127071064048362 6.165723914263218 -3.3199790373725095 0.10429389528940519 -9.194280826167748 -6.848414941415897 4.465785996331231 -3.812311683360627 -1.167481216372348 -7.962180768285183 -5.4556106613131305 5.711893007090385 -9.7992203578052 -4.000513182787273 -7.145496303799419 -13.521423518047849 -12.20330696955173 -14.281205644108555 -8.05913240801134
15.150300601202405 -1.6588521273261136 -7.962189660130559 -5.509980452387087 -6.584066114940086 -10.36250047630105 -9.417985986817232 0.8458010339609501 5.244312465286534 16.36003369680878 4.219881890001211 6.262515782000172 -3.238508453346321 0.1980428188446443 -9.142185240787352 -6.787851266531704 4.587650428374655 -3.7353322523096084 -1.0774957000937668 -7.905426713317514 -5.385745638566348 5.83690522171338 -9.753128542801281 -3.926801108931297 -7.0869533756742165 -13.499749480685137 -12.171910532237183 -14.266493953784385 -8.01027305794463
15.210420841683366 -1.5713975098892519 -7.905559827033226 -5.441020240839354 -6.525322902823394 -10.319325396494765 -9.369217415662199 0.9455796172051023 5.370692617628876 16.522825960472197 4.312899968158614 6.359572796194804 -3.1567798081899783 0.2920478145531075 -9.089906679585297 -6.727114336265257 4.709861723675022 -3.6581279378276372 -0.9872416748740243 -7.848476837662375 -5.315654498944706 5.96227729474343 -9.706869927012516 -3.852866992607975 -7.028227637916693 -13.477965380107866 -12.140379511270412 -14.251691731695589 -7.96126800231038
15.270541082164328 -1.4836273309959758 -7.848698706373263 -5.371797495134647 -6.466360954018402 -10.275955970230815 -9.320237249588104 1.045710135966783 5.497509462311179 16.686044684558944 4.4061811813320695 6.456953044909227 -3.0747436596232385 0.3863650195381713 -9.037411922428166 -6.666166430059229 4.832491608565348 -3.580651968307362 -0.8966649629826051 -7.791295344982441 -5.24529420877796 6.088082712198073 -9.660414636847303 -3.778665597116415 -6.96928230432075 -13.456054724542417 -12.108692075340953 -14.236786303504799 -7.912085782895204
15.33066132264529 -1.3955673260429968 -7.79162389834708 -5.3023330960010995 -6.407198358792758 -10.232406202681634 -9.27106097526135 1.1461635539535464 5.624726967842673 16.849644648977918 4.499698478722998 6.554628388135303 -2.9924242764321223 0.48096683820900993 -8.98471742734258 -6.605026411619577 4.955505060307662 -3.502927594684235 -0.8057920562260712 -7.733899929041463 -5.1746859487494135 6.214285632364955 -9.613777564836639 -3.7042190380836537 -6.910135529555355 -13.434025814894655 -12.076859139688894 -14.221784090220096 -7.862741952782262
