web/models/mosfit_kne/mosfit_kn_3.0000/mosfit_kn_0.007937_0.0927_3.0000.dat
# %ECSV 1.0
# ---
# datatype:
# - {name: time, datatype: float64}
# - {name: PS1_g, datatype: float64}
# - {name: PS1_i, datatype: float64}
# - {name: PS1_r, datatype: float64}
# - {name: PS1_w, datatype: float64}
# - {name: PS1_y, datatype: float64}
# - {name: PS1_z, datatype: float64}
# - {name: swift_uvot_B, datatype: float64}
# - {name: swift_uvot_U, datatype: float64}
# - {name: swift_uvot_uvm2, datatype: float64}
# - {name: swift_uvot_uvw1, datatype: float64}
# - {name: swift_uvot_uvw2, datatype: float64}
# - {name: swift_uvot_V, datatype: float64}
# - {name: johnson_B, datatype: float64}
# - {name: johnson_I, datatype: float64}
# - {name: johnson_R, datatype: float64}
# - {name: johnson_U, datatype: float64}
# - {name: johnson_V, datatype: float64}
# - {name: sdss_g, datatype: float64}
# - {name: sdss_i, datatype: float64}
# - {name: sdss_r, datatype: float64}
# - {name: sdss_u, datatype: float64}
# - {name: sdss_z, datatype: float64}
# - {name: ATLAS_c, datatype: float64}
# - {name: ATLAS_o, datatype: float64}
# - {name: ukirt_H, datatype: float64}
# - {name: ukirt_J, datatype: float64}
# - {name: ukirt_K, datatype: float64}
# - {name: Clear, datatype: float64}
# meta: !!omap
# - comment: [kappa = 3.0, type = rprocess, mass = 0.00793700525986525, velocity = 0.09266666666666673, theta_obs = 0.0, tfloor = 1000.0]
# schema: astropy-2.0
time PS1_g PS1_i PS1_r PS1_w PS1_y PS1_z swift_uvot_B swift_uvot_U swift_uvot_uvm2 swift_uvot_uvw1 swift_uvot_uvw2 swift_uvot_V johnson_B johnson_I johnson_R johnson_U johnson_V sdss_g sdss_i sdss_r sdss_u sdss_z ATLAS_c ATLAS_o ukirt_H ukirt_J ukirt_K Clear
[from data line 85]
5.170340681362725 -6.237543474787639 -10.188315547242848 -8.683049360567345 -9.045623077579048 -11.566745455253695 -11.041436178408972 -4.658810372239844 -2.251010633060524 5.685401713834588 -1.0517562663941322 0.8508689418275464 -7.348962901761944 -4.9426626723466995 -11.047130329634076 -9.422025091921455 -2.604741368695944 -7.568519220374516 -5.870275069691022 -10.157157277152997 -8.632679533766634 -1.5762032116768232 -11.208049247984935 -7.519843036007359 -9.534165967594816 -13.11140295303616 -12.511296506780665 -13.364316490434616 -9.77976146107002
5.2304609218436875 -6.065362874392228 -10.081008009401344 -8.549529895292967 -8.929207500639045 -11.48733846789769 -10.950735094104633 -4.46169656178408 -2.0001256665423384 6.035733694392033 -0.8506236690588405 1.0510394434757377 -7.190772218886104 -4.75342881713598 -10.948347922544237 -9.300985096084109 -2.3619545640014405 -7.416223906242274 -5.692209441688387 -10.049124189674448 -8.497502573519 -1.327941716358847 -11.121403342160416 -7.373222100239243 -9.418903814199169 -13.074450205749882 -12.45492275074042 -13.340833922745377 -9.680857053130598
5.290581162324649 -5.891122582591386 -9.972161026571982 -8.414262136196395 -8.81137430489721 -11.406641723313413 -10.85863418685804 -4.262275039107496 -1.7464351689505262 6.388983017413012 -0.6480097984286277 1.2529600518974395 -7.030557218575624 -4.562078200450625 -10.848116064427728 -9.178432376489749 -2.116431870411841 -7.262047865638707 -5.512034145825204 -9.939546271388213 -8.360539800434594 -1.0768614378686436 -11.033423148200399 -7.224864649639162 -9.302156844782932 -13.03665947425454 -12.397503263585461 -13.316673697498034 -9.580780173044587
5.350701402805611 -5.715001300111275 -9.861896318786574 -8.277391365387778 -8.69225256831113 -11.324751907468933 -10.765240108090328 -4.060746734677557 -1.4901857996074417 6.744796556272019 -0.44410093617718926 1.4564543181132241 -6.86848404852577 -4.368807540827383 -10.746549201249504 -9.054504578934257 -1.8684139734038863 -7.106154656075849 -5.329933146710122 -9.82854595346085 -8.221937609466003 -0.8232073665438655 -10.944212557046225 -7.074926986557006 -9.184055487144764 -12.998089621659437 -12.33911443034456 -13.291882792394867 -9.479645242110184
5.410821643286573 -5.5368687049137755 -9.750128056133338 -8.138814324964372 -8.571749887438731 -11.241601833274348 -10.670477936293974 -3.856964502878003 -1.2311919284996795 7.103407941822224 -0.2387317038132859 1.6616960363327462 -6.704431612578834 -4.173478031303141 -10.64356760177984 -8.9291105992898 -1.6177219776708118 -6.948430024906373 -5.145772182680872 -9.716036985765264 -8.081591225533842 -0.5667962838026597 -10.853700304789111 -6.923296531413907 -9.064510354571329 -12.958702213911975 -12.279704890384052 -13.266432022405661 -9.377372783751117
5.4709418837675345 -5.356931320983058 -9.636996773193047 -7.998698758157641 -8.450014746104682 -11.157303027143879 -10.574470794626052 -3.651160772924423 -0.9697394286123815 7.464413665425568 -0.03212017287193403 1.8684753929723965 -6.53859225008705 -3.976316364520138 -10.539303271502895 -8.802408414905411 -1.3646347006540371 -6.789062660732321 -4.959763880294759 -9.602160718447763 -7.939669825760305 -0.30791220846467127 -10.762006113516147 -6.770153388799827 -8.943671339866572 -12.91856465598874 -12.219362471474946 -13.240374815191663 -9.274093869853512
5.531062124248497 -5.175185937604105 -9.522502107940465 -7.857043704077764 -8.327045364648065 -11.07185575939873 -10.477218534099038 -3.4433317312208898 -0.7058207837825135 7.827808350888287 0.17575347823493503 2.0768195320517404 -6.370963318091197 -3.777321544353644 -10.43375639947157 -8.674400774848536 -1.1091461980157047 -6.628052712617724 -4.771904888307663 -9.486916838356514 -7.796172092236251 -0.04654853076470289 -10.669130803531033 -6.615495199608468 -8.82153915091937 -12.877678307486311 -12.15808827936504 -13.213712906134505 -9.169808066207654
5.591182364729459 -4.991629644452331 -9.406643872783516 -7.713848430981791 -8.202840145700687 -10.985260414122937 -10.378721140757516 -3.2334739372570374 -0.43942897354867205 8.193586307750703 0.38490748281109477 2.286753684543467 -6.201542476440694 -3.5764929196973267 -10.326927332090687 -8.545090648983457 -0.8512510312288878 -6.465400654092776 -4.582192173320081 -9.370305210716836 -7.651096946169975 0.21730083810288292 -10.575075337113269 -6.459319818428941 -8.698114648441475 -12.836044545634627 -12.095883487956767 -13.18644799927039 -9.064515096015882
5.651302605210421 -4.806488488251794 -9.289576044500443 -7.569296569224804 -8.077560572263334 -10.897639168513678 -10.27911357251515 -3.021842059769418 -0.17087768283674953 8.561313029365852 0.5951027806788116 2.4980441123874155 -6.0305408766411555 -3.3740777327133427 -10.218960568202561 -8.414649797964088 -0.5912550858117281 -6.301312827886478 -4.390858469869343 -9.252480698565826 -7.504629795867075 0.48332401445545514 -10.479970696002212 -6.301823587013562 -8.573560977579557 -12.793736686781736 -12.032844025083376 -13.158637760385188 -8.958356706465072
5.7114228456913825 -4.619637367348659 -9.171216259444694 -7.423289048915898 -7.951117604150912 -10.80892747824306 -10.178323882911524 -2.8082950409664162 0.10001097159847228 8.931214774898756 0.8064938045523822 2.7108515493022414 -5.857842533113165 -3.169942769500111 -10.109779574441095 -8.282990812057715 -0.3289871070388738 -6.135679928245101 -4.197774929424085 -9.13336054904871 -7.356670172808641 0.7516963414401978 -10.383748498061642 -6.1428980861367855 -8.447792052290346 -12.750717553131208 -11.968920453245884 -13.130253701950066 -8.851256187249383
5.771543086172344 -4.431278654936133 -9.051702710292133 -7.275990515883635 -7.823655389691435 -10.719235071308706 -10.076473249945579 -2.5930609863066243 0.3729561745143608 9.302905124776913 1.0188680397457266 2.9249672939495643 -5.683636865441788 -2.9643092664534128 -9.999514045038637 -8.150267602616676 -0.06472109861223918 -5.968687050395347 -4.0031499125759495 -9.013083754803244 -7.2073843786250436 1.0221383709846776 -10.286526368724793 -5.982718756505356 -8.320953871501526 -12.707052912681005 -11.904198916491547 -13.101347420640097 -8.743339834516988
5.831663326653306 -4.241429427466201 -8.931048850957524 -7.127416421369652 -7.695185913825959 -10.628573116610536 -9.973573641003455 -2.3761591829364646 0.6479364825734637 9.676346529079002 1.232219949852667 3.1403900768441564 -5.50794065451995 -2.7571977060508464 -9.888177014263608 -8.016497317075679 0.20152069403624362 -5.8003527347049095 -3.8070009804283345 -8.89166389777488 -7.056787843754488 1.2946277396822836 -10.18831671106284 -5.821300231180668 -8.19306090046867 -12.662750212774297 -11.838688830457505 -13.071925038564325 -8.634618721789913
5.891783567134269 -4.050151911478022 -8.809298586387406 -6.977618591896064 -7.565753183165551 -10.536976851223905 -9.869663700015785 -2.157659850641479 0.9248671085199336 10.051418408060147 1.446493208701583 3.3570669264439137 -5.330812892633159 -2.548677304151749 -9.775809973627567 -7.88173022569205 0.46965453667806367 -5.630736112936618 -3.6093921879459145 -8.769145174841828 -6.904932827629047 1.5690792381202634 -10.089157594697191 -5.658696169356947 -8.064159473683663 -12.617831066207257 -11.772418307375252 -13.042003640074105 -8.525131693633323
5.95190380761523 -3.8575480985347887 -8.686522698903776 -6.826680916759145 -7.435429287267681 -10.444502775731799 -9.764805638970522 -1.9376780839008056 1.2036074254272757 10.427928063658381 1.6615873558216703 3.574899567562341 -5.152349836242583 -2.338860066567378 -9.662479520887565 -7.74604563855742 0.7395425013760427 -5.45993203796417 -3.410428534897285 -8.645598802731662 -6.751904077849069 1.845352230361108 -9.9891097313356 -5.494994516451452 -7.934323911648917 -12.572329571192638 -11.705431959126853 -13.011609938771363 -8.414941843714399
6.012024048096192 -3.663634593532663 -8.562734410344177 -6.674618488055959 -7.304225563515896 -10.351161886020499 -9.659011248996023 -1.7162327341463979 1.4841363402868881 10.805843133230667 1.8774961182799648 3.7938843318594597 -4.972568098138653 -2.1277655900211063 -9.54819842885594 -7.609459927722615 1.0111626837767207 -5.287958632477687 -3.210127105466256 -8.52103813061495 -6.597716751772769 2.123424593033807 -9.888185287678901 -5.330209207313263 -7.803567963511373 -12.526252934083926 -11.637738990286708 -12.980749710944915 -8.304059416558438
6.072144288577154 -3.4686208620771097 -8.438077179253547 -6.521601865229538 -7.1722899820494135 -10.25706820259943 -9.55240649060876 -1.4935601608789562 1.7661623384952743 11.184776005956675 2.09400077992493 4.013801583821298 -4.791664657882262 -1.9156214690725053 -9.433101181585421 -7.472130833345941 1.284230742677337 -5.11500722966202 -3.0087035542015172 -8.395607433295176 -6.442543419906066 2.403005935819049 -9.78650619503636 -5.164520858316948 -7.672041601398725 -12.479669049573284 -11.56942865211814 -12.949475756439186 -8.192612989775938
6.132264529058116 -3.272406579698064 -8.312485358144315 -6.36755189655398 -7.039550763331999 -10.162170357852975 -9.444934055964005 -1.2695474108327531 2.049828000599998 11.564914064608814 2.3112233084691707 4.2347764607032765 -4.609547024439114 -1.7023207744594553 -9.317126801544966 -7.333988540612062 1.5588836473310574 -4.940990876273561 -2.8060545772726897 -8.269240771466748 -6.286303904785999 2.684236429476421 -9.684018105477001 -4.997842095341998 -7.539675619080057 -12.432548285611132 -11.500461630340942 -12.917765182373111 -8.080540554824864
6.192384769539078 -3.075245481460751 -8.186132453789483 -6.2126748731524195 -6.906186877143998 -10.066606198552748 -9.336746315117406 -1.044480832171032 2.334779478028395 11.94579261530675 2.5288969498640594 4.456538855758399 -4.426453875454819 -1.4881383342020131 -9.20043780592221 -7.195222679615381 1.8347766183556824 -4.7661405411429465 -2.6024414027814835 -8.142112620957498 -6.129207055102128 2.9667637700072724 -9.58086822335936 -4.830391504508622 -7.40665088547944 -12.384972470440177 -11.430945620180973 -12.885681461196137 -7.967997185928244
6.25250501002004 -2.877076971655601 -8.05897967890699 -6.056923656427191 -6.772154573664029 -9.970345620045258 -9.227809529678463 -0.8182923036884759 2.6211034755497487 12.327528577539809 2.747099455854159 4.679168032183917 -4.2423299965784205 -1.2730098039800313 -9.082998292398738 -7.055792243950585 2.1119924368444454 -4.590404884000685 -2.397801633829033 -8.014184043315193 -5.971205157831783 3.2506726759463334 -9.47702481128104 -4.662115931600326 -7.272926035339573 -12.336924455972385 -11.360857795308375 -12.853211315822433 -7.854945012596044
6.312625250501002 -2.6780998343832785 -7.931163573209545 -5.900460266402661 -6.637593545171292 -9.873497285027675 -9.118243735753566 -0.5912062549179276 2.908522898420589 12.709763488807045 2.9656251228746027 4.902454137590318 -4.05736297107864 -1.0571501765856477 -8.964936177128486 -6.9158459385464015 2.3902608894169464 -4.4139653551103 -2.1923399144239397 -7.885592344907462 -5.812462343594067 3.5356869246122358 -9.372603857640343 -4.493186184760134 -7.138642707482301 -12.288468784429545 -11.290283105629902 -12.820404704198614 -7.741504731118436
6.372745490981964 -2.478284169429923 -7.802666113876491 -5.743262290257878 -6.502481667027951 -9.776047537823036 -9.008033429179925 -0.3631892006835457 3.19708123364844 13.092560649400347 3.184517709659876 5.12644087765382 -3.871526416370952 -0.8405279019025829 -8.846234932826384 -6.7753648822343076 2.669622873397539 -4.23679807091865 -1.986025451447091 -7.756319458644558 -5.652955990022335 3.8218483521045066 -9.267591091619227 -4.323575523795764 -7.0037809793331185 -12.239597962405833 -11.219211471359623 -12.787255779140503 -7.627657042223053
6.432865731462925 -2.2778393546201237 -7.6736311441541005 -5.585500310943807 -6.366965788747532 -9.678110891372143 -8.89730513392271 -0.13447755684649393 3.4864862514402084 13.47554695152883 3.4035609113103686 5.350905833610625 -3.6850181118880103 -0.6233687836323869 -8.727029245456059 -6.63450484480648 2.949793592787049 -4.0590937659187505 -1.7790737845990456 -7.626510023546196 -5.492859005535546 4.108865681925824 -9.162108590086824 -4.1534636394193925 -6.868489561458073 -12.190379899400712 -11.147732320675042 -12.753817004680952 -7.5135284603380015
6.492985971943887 -2.0767307168834748 -7.544037438323485 -5.427148034471134 -6.23102030919414 -9.57967117929078 -8.786040569991158 0.0949675365947556 3.776787949227316 13.85879738710791 3.622803527337091 5.5758968324972855 -3.497807317336588 -0.4056358005146204 -8.607299563040513 -6.493243041979107 3.2308203367888555 -3.8808241270738693 -1.571449205728701 -7.4961427491648 -5.332144892367143 4.396787217242313 -9.056139344935037 -3.982819571983285 -6.73274491753471 -12.140805597679607 -11.075833590805304 -12.720081327842754 -7.399096526556033
6.55310621242485 -1.87513183380549 -7.414004720340657 -5.268347158770901 -6.094766542604049 -9.480823877318372 -8.674345171293183 0.32495002680435264 4.067744066132075 14.242008466770649 3.842068863989017 5.801230394366371 -3.3100584936544424 -0.1875156925528148 -8.48715798841899 -6.351708448384177 3.5124669040505974 -3.702147528377961 -1.3633303889278992 -7.365338021170782 -5.170957387497701 4.685371257387896 -8.949785051131318 -3.811791922432022 -6.5966701544227035 -12.090931713805622 -11.003589873585058 -12.686092436720704 -7.284465406288696
6.613226452905812 -1.6730464203740247 -7.283537754577303 -5.109102316850649 -5.958205901928011 -9.381573427136125 -8.562223500069255 0.5554654733876141 4.359350569705285 14.62518780323364 4.061364074204441 6.026910773084598 -3.121776959637004 0.030987609185806952 -8.366609217343772 -6.209905874833404 3.794728254439359 -3.5230699111889914 -1.1547211421815717 -7.234100669134147 -5.00930137905268 4.974612516020933 -8.843050551138916 -3.6403827645734665 -6.460268557791178 -12.040761354863585 -10.93100507471348 -12.651852609003987 -7.169635795918623
6.673346693386773 -1.4706515882759241 -7.152758751612822 -4.9495580419936225 -5.821461949557278 -9.282017340072581 -8.449783251032645 0.7863138283858617 4.651359991033122 15.008029475753975 4.280509549650233 6.252749962234333 -2.9331306926706917 0.249684136576725 -8.245767623638695 -6.0679661848014215 4.07736326917944 -3.343752526410328 -0.9458037648833617 -7.102553567691903 -4.8473235673935555 5.2642641360108655 -8.736039563599665 -3.4687435577107273 -6.323665361473552 -11.990352330062473 -10.858155311711569 -12.617406362350712 -7.054713482181256
6.733466933867735 -1.2679266262780509 -7.0216559362717135 -4.78969920524376 -5.684518814951609 -9.182146981056984 -8.337014502818558 1.0175182171116048 4.943802408021618 15.390587891554045 4.499538816836228 6.478778375090034 -2.7441021777844314 0.4685965313141833 -8.12462242226599 -5.9258759523025555 4.3604000974226125 -3.164179211757145 -0.7365569163449059 -6.9706849164626306 -4.685008862404576 5.554354721872787 -8.628742956495614 -3.296855263197944 -6.186846425479242 -11.93970004815659 -10.78503431162728 -12.582750008932118 -6.939684134322732
6.793587174348697 -1.0650454923896646 -6.89034944439463 -4.629667760368594 -5.54749765166255 -9.082058275635987 -8.224023198721486 1.2488821540547768 5.236434553560265 15.772566195208665 4.71827641575187 6.704810928708117 -2.554856587872128 0.6875387303793763 -8.003286001508389 -5.783763096451289 4.643601837346967 -2.9845080854158974 -0.5271596371181353 -6.8386154943588195 -4.522501427675731 5.844641620875137 -8.521262631639743 -3.1248664814081195 -6.049934440738092 -11.888861356800147 -10.711716914071337 -12.547927283107095 -6.824651194704483
