web/models/mosfit_kne/mosfit_kn_3.0000/mosfit_kn_0.014776_0.3747_3.0000.dat
# %ECSV 1.0
# ---
# datatype:
# - {name: time, datatype: float64}
# - {name: PS1_g, datatype: float64}
# - {name: PS1_i, datatype: float64}
# - {name: PS1_r, datatype: float64}
# - {name: PS1_w, datatype: float64}
# - {name: PS1_y, datatype: float64}
# - {name: PS1_z, datatype: float64}
# - {name: swift_uvot_B, datatype: float64}
# - {name: swift_uvot_U, datatype: float64}
# - {name: swift_uvot_uvm2, datatype: float64}
# - {name: swift_uvot_uvw1, datatype: float64}
# - {name: swift_uvot_uvw2, datatype: float64}
# - {name: swift_uvot_V, datatype: float64}
# - {name: johnson_B, datatype: float64}
# - {name: johnson_I, datatype: float64}
# - {name: johnson_R, datatype: float64}
# - {name: johnson_U, datatype: float64}
# - {name: johnson_V, datatype: float64}
# - {name: sdss_g, datatype: float64}
# - {name: sdss_i, datatype: float64}
# - {name: sdss_r, datatype: float64}
# - {name: sdss_u, datatype: float64}
# - {name: sdss_z, datatype: float64}
# - {name: ATLAS_c, datatype: float64}
# - {name: ATLAS_o, datatype: float64}
# - {name: ukirt_H, datatype: float64}
# - {name: ukirt_J, datatype: float64}
# - {name: ukirt_K, datatype: float64}
# - {name: Clear, datatype: float64}
# meta: !!omap
# - comment: [kappa = 3.0, type = rprocess, mass = 0.014775890654408853, velocity = 0.3746666666666667, theta_obs = 0.0, tfloor = 1000.0]
# schema: astropy-2.0
time PS1_g PS1_i PS1_r PS1_w PS1_y PS1_z swift_uvot_B swift_uvot_U swift_uvot_uvm2 swift_uvot_uvw1 swift_uvot_uvw2 swift_uvot_V johnson_B johnson_I johnson_R johnson_U johnson_V sdss_g sdss_i sdss_r sdss_u sdss_z ATLAS_c ATLAS_o ukirt_H ukirt_J ukirt_K Clear
[from data line 203]
12.264529058116231 9.06514647476909 0.18331766156981288 3.6583884396076627 1.6904646281036761 -3.339872386955456 -1.9221964221083176 12.605053051333577 19.263997149228498 33.15259245325767 15.229579681303047 17.7425961877827 7.024663167639875 11.401115734367387 -1.3701956448521377 1.5998371218728622 18.232995969976738 6.06964083247114 9.877686576083544 0.2645736136827992 3.886877099104087 19.765102679403324 -2.4956240341303193 5.637465009350304 1.1850524847405097 -8.288859764870933 -6.139370469381243 -9.649148445344123 -0.59542941565768
12.324649298597194 9.07792602990348 0.19609721670418523 3.671167994742035 1.7032441832380485 -3.3270928318210657 -1.9094168669739453 12.617832606467967 19.27677670436287 33.16537200839205 15.242359236437437 17.75537574291709 7.037442722774265 11.41389528950176 -1.3574160897177476 1.6126166770072345 18.245775525111128 6.082420387605512 9.890466131217917 0.2773531688171893 3.899656654238477 19.777882234537696 -2.482844478995929 5.650244564484677 1.1978320398748998 -8.276080209736561 -6.12659091424687 -9.636368890209733 -0.5826498605232899
12.384769539078157 9.090657357075624 0.20882854387634708 3.683899321914197 1.7159755104102103 -3.314361504648904 -1.8966855398017834 12.630563933640111 19.289508031535032 33.1781033355642 15.255090563609581 17.768107070089233 7.050174049946409 11.426626616673921 -1.3446847625456035 1.6253480041793964 18.25850685228329 6.095151714777674 9.903197458390078 0.2900844959893334 3.912387981410621 19.790613561709858 -2.470113151823785 5.6629758916568385 1.210563367047044 -8.263348882564399 -6.113859587074709 -9.623637563037589 -0.5699185333511458
12.444889779559118 9.10334131762097 0.22151250442169257 3.6965832824595424 1.7286594709555558 -3.3016775441035584 -1.884001579256438 12.643247894185457 19.302191992080378 33.19078729610955 15.267774524154927 17.780791030634578 7.062858010491772 11.439310577219267 -1.332000802000258 1.6380319647247419 18.271190812828635 6.107835675323019 9.915881418935424 0.3027684565346789 3.9250719419559665 19.803297522255203 -2.457429191278422 5.675659852202184 1.2232473275923894 -8.250664922019054 -6.101175626529363 -9.610953602492225 -0.5572345728057826
12.50501002004008 9.115978734721999 0.23414992152270386 3.7092206995605537 1.7412968880565671 -3.289040127002547 -1.8713641621554267 12.655885311286468 19.31482940918139 33.20342471321056 15.280411941255938 17.79342844773559 7.0754954275927835 11.451947994320278 -1.3193633848992468 1.6506693818257532 18.283828229929647 6.120473092424031 9.928518836036435 0.31540587363570793 3.937709359056978 19.815934939356215 -2.4447917741774106 5.688297269303195 1.2358847446934185 -8.238027504918042 -6.088538209428352 -9.598316185391214 -0.5445971557047713
12.565130260521041 9.128570419953643 0.2467416067543482 3.721812384792198 1.7538885732882115 -3.2764484417709028 -1.8587724769237823 12.668476996518113 19.327421094413033 33.216016398442214 15.2930036264876 17.80602013296725 7.088087112824428 11.464539679551923 -1.3067716996675847 1.6632610670573975 18.29641991516129 6.133064777655675 9.94111052126808 0.32799755886735227 3.95030104428864 19.82852662458786 -2.4322000889457662 5.70088895453484 1.2484764299250628 -8.225435819686398 -6.075946524196707 -9.58572450015957 -0.532005470473127
12.625250501002004 9.141118544302334 0.2592897311030562 3.7343605091408882 1.7664366976369195 -3.2639003174222125 -1.8462243525750743 12.68102512086682 19.33996921876173 33.22856452279091 15.30555175083629 17.818568257315942 7.100635237173118 11.47708780390063 -1.2942235753188944 1.6758091914061055 18.30896803950998 6.145612902004365 9.953658645616787 0.3405456832160425 3.96284916863733 19.841074748936567 -2.419651964597076 5.713437078883548 1.261024554273753 -8.212887695337708 -6.063398399848017 -9.57317637581088 -0.5194573461244367
12.685370741482965 9.153620758153238 0.271791944953943 3.746862722991793 1.7789389114878063 -3.251398103571308 -1.8337221387241875 12.693527334717707 19.352471432612628 33.241066736641805 15.318053964687195 17.831070471166846 7.113137451024023 11.489590017751517 -1.2817213614680076 1.6883114052569923 18.321470253360886 6.15811511585527 9.966160859467674 0.35304789706694706 3.9753513824882347 19.853576962787454 -2.4071497507461714 5.725939292734434 1.2735267681246576 -8.200385481486803 -6.050896185997113 -9.560674161959975 -0.5069551322735322
12.745490981963927 9.166079649850438 0.28425083665114315 3.759321614688993 1.7913978031850064 -3.238939211874108 -1.8212632470269874 12.705986226414907 19.364930324309828 33.25352562833901 15.330512856384395 17.843529362864047 7.125596342721223 11.502048909448717 -1.2692624697707897 1.7007702969541925 18.333929145058086 6.17057400755247 9.978619751164874 0.3655067887641472 3.987810274185435 19.866035854484654 -2.3946908590489713 5.7383981844316345 1.2859856598218578 -8.187926589789603 -6.0384372942999125 -9.548215270262775 -0.494496240576332
12.80561122244489 9.178495949208276 0.29666713600899897 3.7717379140468488 1.8038141025428622 -3.2265229125162698 -1.8088469476691316 12.718402525772763 19.377346623667684 33.26594192769686 15.342929155742233 17.855945662221885 7.138012642079061 11.514465208806573 -1.2568461704129517 1.7131865963120483 18.346345444415924 6.182990306910326 9.99103605052273 0.3779230881219853 4.000226573543273 19.87845215384251 -2.382274559691133 5.75081448378949 1.2984019591796958 -8.175510290431747 -6.026020994942057 -9.535798970904937 -0.48207994121849396
12.86573146292585 9.190870372454132 0.30904155925485455 3.7841123372927044 1.8161885257887178 -3.2141484892703964 -1.796472524423276 12.730776949018619 19.38972104691354 33.27831635094271 15.355303578988089 17.86832008546774 7.150387065324934 11.526839632052429 -1.244471747167096 1.7255610195579039 18.358719867661797 6.195364730156181 10.003410473768586 0.39029751136784085 4.0126009967891285 19.890826577088365 -2.3699001364452776 5.763188907035346 1.3107763824255514 -8.163135867185892 -6.013646571696201 -9.523424547659081 -0.4697055179726206
12.925851703406813 9.203203615417834 0.32137480221855697 3.796445580256389 1.8285217687524025 -3.2018152463067118 -1.7841392814595736 12.743110191982321 19.402054289877235 33.2906495939064 15.367636821951791 17.880653328431443 7.162720308288619 11.539172875016131 -1.2321385042033937 1.7378942625216063 18.371053110625482 6.207697973119866 10.01574371673227 0.4026307543315433 4.024934239752831 19.90315982005205 -2.357566893481575 5.775522149999031 1.3231096253892538 -8.150802624222207 -6.001313328732516 -9.511091304695379 -0.45737227500893596
12.985971943887774 9.215496402263845 0.33366758906456795 3.8087383671024178 1.8408145555984312 -3.189522459460683 -1.7718464946135626 12.755402978828332 19.414347076723253 33.30294238075243 15.379929608797802 17.892946115277454 7.175013095134648 11.551465661862142 -1.2198457173573827 1.7501870493676173 18.38334589747151 6.219990759965895 10.0280365035783 0.41492354117755426 4.037227026598842 19.91545260689808 -2.3452741066355642 5.787814936845059 1.3354024122352648 -8.138509837376178 -5.989020541886488 -9.498798517849368 -0.4450794881629072
13.046092184368737 9.227749414210571 0.3459206010112936 3.8209913790491434 1.853067567545157 -3.1772694475139573 -1.759593482666837 12.767655990775058 19.42660008866998 33.31519539269915 15.392182620744528 17.90519912722418 7.187266107081373 11.563718673808868 -1.207592705410657 1.762440061314343 18.395598909418236 6.2322437719126205 10.040289515525025 0.42717655312427993 4.049480038545568 19.927705618844804 -2.3330210946888386 5.800067948791785 1.3476554241819905 -8.126256825429452 -5.976767529939762 -9.486545505902642 -0.43282647621618153
13.1062124248497 9.239963310575625 0.35813449737634784 3.8332052754141976 1.865281463910211 -3.165055551148903 -1.7473795863017827 12.779869887140112 19.438813985035033 33.32740928906421 15.404396517109582 17.917413023589233 7.1994800034464275 11.575932570173922 -1.1953788090456028 1.7746539576793972 18.40781280578329 6.244457668277675 10.05250341189008 0.4393904494893519 4.061693934910622 19.93991951520986 -2.3208071983237666 5.812281845156839 1.3598693205470447 -8.114042929064398 -5.964553633574708 -9.47433160953757 -0.4206125798511273
13.16633266533066 9.25213875894455 0.370309945745273 3.845380723783105 1.8774569122791185 -3.1528801027799958 -1.7352041379328575 12.792045335509037 19.450989433403947 33.33958473743312 15.416571965478507 17.92958847195816 7.211655451815335 11.588108018542847 -1.1832033606766776 1.7868294060483223 18.419988254152198 6.256633116646582 10.064678860258987 0.4515658978582593 4.073869383279547 19.952094963578766 -2.308631749954859 5.824457293525747 1.3720447689159698 -8.101867480695491 -5.9523781852058 -9.462156161168663 -0.40843713148221994
13.226452905811623 9.264276397365787 0.3824475841665098 3.857518362204342 1.889594550700373 -3.140742464358759 -1.7230664995116207 12.804182973930274 19.463127071825184 33.351722375854365 15.428709603899744 17.941726110379395 7.223793090236572 11.600245656964084 -1.1710657222554408 1.7989670444695591 18.432125892573435 6.268770755067819 10.076816498680241 0.4637035362794961 4.086007021700784 19.96423260200002 -2.2964941115336224 5.836594931947001 1.3841824073372067 -8.089729842274254 -5.940240546784564 -9.450018522747426 -0.3962994930609831
13.286573146292584 9.276376882996118 0.39454806979684065 3.8696188478346727 1.9016950363306862 -3.128641978728428 -1.7109660138812899 12.816283459560605 19.47522755745552 33.363822861484685 15.440810089530075 17.953826596009726 7.2358935758669025 11.612346142594397 -1.15896523662511 1.8110675300998722 18.444226378203766 6.28087124069815 10.088916984310554 0.47580402190982696 4.098107507331115 19.976333087630334 -2.2843936259032915 5.848695417577314 1.3962828929675375 -8.077629356643923 -5.928140061154233 -9.437918037117095 -0.3841990074306523
13.346693386773547 9.288440824734963 0.40661201153568527 3.8816827895735173 1.9137589780695485 -3.1165780369895835 -1.6989020721424453 12.82834740129945 19.487291499194363 33.375886803223544 15.45287403126892 17.96589053774857 7.247957517605747 11.62441008433326 -1.1469012948862654 1.8231314718387346 18.45629031994261 6.292935182436994 10.100980926049417 0.4878679636486716 4.110171449069959 19.988397029369196 -2.272329684164447 5.860759359316177 1.4083468347063821 -8.065565414905079 -5.916076119415388 -9.42585409537825 -0.37213506569180765
13.40681362725451 9.300468843382212 0.41864003018293516 3.893710808220785 1.9257869967167984 -3.1045500183423336 -1.6868740534951954 12.8403754199467 19.499319517841613 33.387914821870794 15.46490204991617 17.97791855639582 7.259985536252997 11.63643810298051 -1.1348732762390155 1.8351594904859845 18.46831833858986 6.304963201084262 10.113008944696666 0.49989598229592147 4.122199467717209 20.000425048016446 -2.260301665517197 5.8727873779634265 1.420374853353632 -8.053537396257811 -5.904048100768138 -9.413826076731 -0.36010704704455776
13.46693386773547 9.312461527130331 0.43063271393105396 3.905703491968886 1.9377796804649172 -3.092557334594215 -1.6748813697470766 12.852368103694818 19.511312201589732 33.39990750561891 15.476894733664288 17.98991124014394 7.271978220001116 11.648430786728628 -1.1228805924908967 1.8471521742341033 18.48031102233798 6.316955884832381 10.125001628444785 0.5118886660440403 4.134192151465328 20.012417731764565 -2.2483089817690782 5.884780061711545 1.4323675371017508 -8.04154471250971 -5.8920554170200194 -9.401833392982882 -0.34811436329643897
13.527054108216433 9.324419476272805 0.4425906630735099 3.9176614411113597 1.9497376296073732 -3.080599385451741 -1.6629234206046206 12.864326052837274 19.523270150732195 33.411865454761376 15.488852682806762 18.001869189286396 7.2839361691435895 11.660388735871084 -1.1109226433484407 1.8591101233765592 18.492268971480453 6.328913833974837 10.136959577587241 0.523846615186514 4.146150100607802 20.02437568090702 -2.2363510326266045 5.896738010854001 1.4443254862442245 -8.029586763367236 -5.880097467877546 -9.389875443840408 -0.33615641415396524
13.587174348697394 9.336343254409254 0.4545144412099589 3.9295852192478087 1.9616614077438221 -3.068675607315292 -1.6509996424681717 12.876249830973723 19.535193928868644 33.423789232897825 15.50077646094321 18.013792967422862 7.2958599472800385 11.672312514007533 -1.098998865211974 1.8710339015130082 18.5041927496169 6.340837612111286 10.14888335572369 0.535770393322963 4.158073878744251 20.03629945904347 -2.2244272544901555 5.90866178899045 1.4562492643806735 -8.017662985230787 -5.868173689741097 -9.377951665703959 -0.3242326360175163
13.647294589178356 9.348233429842754 0.46640461664347654 3.9414753946813263 1.9735515831773398 -3.0567854318817744 -1.639109467034654 12.888140006407241 19.54708410430216 33.43567940833133 15.51266663637671 18.025683142856362 7.307750122713538 11.684202689441051 -1.087108689778474 1.8829240769465259 18.51608292505042 6.352727787544803 10.160773531157208 0.5476605687564629 4.1699640541777505 20.048189634476987 -2.2125370790566556 5.920551964423968 1.4681394398141734 -8.00577280979727 -5.856283514307579 -9.366061490270459 -0.3123424605840164
13.707414829659317 9.360090550191789 0.4782617369925113 3.9533325150303433 1.9854087035263746 -3.0449283115327574 -1.6272523466856192 12.899997126756276 19.558941224651186 33.44753652868036 15.524523756725745 18.037540263205397 7.319607243062573 11.696059809790086 -1.0752515694294393 1.8947811972955606 18.527940045399436 6.36458490789382 10.172630651506225 0.5595176891054976 4.181821174526785 20.060046754826022 -2.200679958707621 5.932409084773003 1.4799965601632081 -7.9939156894482535 -5.844426393958562 -9.354204369921424 -0.30048534023498163
13.76753507014028 9.371915155646722 0.4900863424474444 3.9651571204852765 1.99723330898129 -3.0331037060778243 -1.615427741230686 12.911821732211209 19.57076583010612 33.45936113413529 15.536348362180679 18.04936486866033 7.331431848517506 11.707884415245019 -1.0634269639745062 1.9066058027504937 18.53976465085437 6.3764095133487535 10.184455256961158 0.5713422945604307 4.193645779981718 20.071871360280937 -2.1888553532526878 5.944233690227918 1.4918211656181413 -7.98209108399332 -5.832601788503629 -9.342379764466491 -0.2886607347800485
13.827655310621243 9.383707773320662 0.5018789601213669 3.9769497381592167 2.00902592665523 -3.021311088403884 -1.6036351235567636 12.923614349885131 19.582558447780052 33.47115375180923 15.548140979854619 18.06115748633427 7.3432244661914465 11.719677032918941 -1.0516343463005837 1.9183984204244162 18.55155726852831 6.388202131022694 10.196247874635098 0.583134912234371 4.205438397655659 20.083663977954878 -2.1770627355787475 5.956026307901858 1.5036137832920815 -7.97029846631938 -5.820809170829689 -9.330587146792551 -0.27686811710610826
13.887775551102203 9.39546891425282 0.513640101053543 3.9887108790913928 2.0207870675874062 -3.009549947471708 -1.5918739826245876 12.935375490817307 19.594319588712228 33.4829148927414 15.559902120786777 18.07291862726643 7.354985607123623 11.731438173851117 -1.0398732053684077 1.9301595613565923 18.563318409460486 6.39996327195487 10.208009015567274 0.5948960531665293 4.217199538587817 20.095425118887054 -2.1653015946465892 5.967787448834034 1.5153749242242398 -7.958537325387204 -5.809048029897513 -9.318826005860393 -0.26510697617394996
