web/models/mosfit_kne/mosfit_kn_3.0000/mosfit_kn_0.014776_0.3433_3.0000.dat
# %ECSV 1.0
# ---
# datatype:
# - {name: time, datatype: float64}
# - {name: PS1_g, datatype: float64}
# - {name: PS1_i, datatype: float64}
# - {name: PS1_r, datatype: float64}
# - {name: PS1_w, datatype: float64}
# - {name: PS1_y, datatype: float64}
# - {name: PS1_z, datatype: float64}
# - {name: swift_uvot_B, datatype: float64}
# - {name: swift_uvot_U, datatype: float64}
# - {name: swift_uvot_uvm2, datatype: float64}
# - {name: swift_uvot_uvw1, datatype: float64}
# - {name: swift_uvot_uvw2, datatype: float64}
# - {name: swift_uvot_V, datatype: float64}
# - {name: johnson_B, datatype: float64}
# - {name: johnson_I, datatype: float64}
# - {name: johnson_R, datatype: float64}
# - {name: johnson_U, datatype: float64}
# - {name: johnson_V, datatype: float64}
# - {name: sdss_g, datatype: float64}
# - {name: sdss_i, datatype: float64}
# - {name: sdss_r, datatype: float64}
# - {name: sdss_u, datatype: float64}
# - {name: sdss_z, datatype: float64}
# - {name: ATLAS_c, datatype: float64}
# - {name: ATLAS_o, datatype: float64}
# - {name: ukirt_H, datatype: float64}
# - {name: ukirt_J, datatype: float64}
# - {name: ukirt_K, datatype: float64}
# - {name: Clear, datatype: float64}
# meta: !!omap
# - comment: [kappa = 3.0, type = rprocess, mass = 0.014775890654408853, velocity = 0.3433333333333334, theta_obs = 0.0, tfloor = 1000.0]
# schema: astropy-2.0
time PS1_g PS1_i PS1_r PS1_w PS1_y PS1_z swift_uvot_B swift_uvot_U swift_uvot_uvm2 swift_uvot_uvw1 swift_uvot_uvw2 swift_uvot_V johnson_B johnson_I johnson_R johnson_U johnson_V sdss_g sdss_i sdss_r sdss_u sdss_z ATLAS_c ATLAS_o ukirt_H ukirt_J ukirt_K Clear
[from data line 468]
28.196392785571142 11.442395578794304 2.5605667655950093 6.035637543632859 4.0677137321288726 -0.9626232829302417 0.45505268191687875 14.982302155358774 21.641246253253694 35.52984155728287 17.60682878532826 20.119845291807902 9.40191227166509 13.778364838392584 1.0070534591730764 3.9770862258980584 20.610245074001952 8.446889936496335 12.25493568010874 2.6418227177080134 6.264126203129301 22.14235178342852 -0.11837493010510514 8.0147141133755 3.562301588765724 -5.911610660845738 -3.7621213653560464 -7.271899341318909 1.7818196883675341
28.256513026052104 11.450303942381197 2.5684751291819197 6.0435459072197695 4.075622095715783 -0.9547149193433313 0.46296104550378914 14.990210518945684 21.649154616840605 35.53774992086978 17.614737148915154 20.127753655394805 9.409820635252 13.786273201979494 1.014961822759969 3.9849945894849688 20.61815343758885 8.454798300083246 12.262844043695651 2.649731081294906 6.272034566716194 22.15026014701543 -0.11046656651821252 8.022622476962411 3.5702099523526165 -5.903702297258827 -3.754213001769136 -7.263990977732016 1.7897280519544267
28.316633266533064 11.458202833391642 2.5763740201923646 6.051444798230214 4.083520986726228 -0.9468160283328864 0.4708599365142341 14.998109409956129 21.65705350785105 35.54564881188022 17.6226360399256 20.135652546405257 9.417719526262445 13.794172092989939 1.022860713770414 3.9928934804954137 20.6260523285993 8.46269719109369 12.270742934706096 2.6576299723053687 6.279933457726639 22.158159038025875 -0.10256767550774981 8.030521367972856 3.5781088433630615 -5.895803406248382 -3.746314110758691 -7.256092086721553 1.7976269429648895
28.376753507014026 11.46609226007314 2.5842634468738446 6.059334224911694 4.091410413407708 -0.9389266016514064 0.47874936319571404 15.005998836637609 21.66494293453253 35.5535382385617 17.63052546660708 20.143541973086737 9.425608952943925 13.802061519671419 1.030750140451894 4.000782907176894 20.633941755280787 8.47058661777517 12.278632361387576 2.6655193989868486 6.2878228844081185 22.166048464707355 -0.09467824882626985 8.038410794654336 3.585998270044559 -5.887913979566902 -3.738424684077211 -7.248202660040073 1.8055163696463694
28.43687374749499 11.473972234732415 2.5921434215331196 6.067214199570969 4.099290388066983 -0.9310466269921314 0.4866293378549891 15.013878811296884 21.672822909191805 35.56141821322098 17.63840544126637 20.151421947746012 9.4334889276032 13.809941494330694 1.038630115111169 4.008662881836169 20.641821729940062 8.478466592434446 12.286512336046851 2.6733993736461237 6.295702859067411 22.17392843936663 -0.08679827416699482 8.046290769313611 3.593878244703834 -5.880034004907627 -3.730544709417936 -7.240322685380798 1.8133963443056444
28.49699398797595 11.481842768360853 2.6000139551615753 6.075084733199425 4.107160921695439 -0.9231760933636934 0.49449987148344476 15.02174934492534 21.68069344282025 35.56928874684943 17.64627597489481 20.15929248137446 9.441359461231638 13.81781202795915 1.0465006487396247 4.016533415464624 20.64969226356851 8.486337126062901 12.294382869675307 2.6812699072745616 6.303573392695849 22.181798972995075 -0.07892774053855689 8.054161302942067 3.601748778332272 -5.872163471279172 -3.7226741757894803 -7.23245215175236 1.8212668779340824
28.557114228456914 11.489703872317474 2.6078750591181965 6.0829458371560285 4.115022025652042 -0.9153149894070722 0.502360975440066 15.02961044888196 21.68855454677687 35.577149850806045 17.65413707885143 20.167153585331082 9.44922056518826 13.82567313191577 1.0543617526962459 4.024394519421246 20.65755336752512 8.494198230019505 12.30224397363191 2.689131011231183 6.3114344966524705 22.189660076951697 -0.07106663658193568 8.06202240689867 3.6096098822888933 -5.864302367322568 -3.714813071832877 -7.224591047795739 1.8291279818907036
28.617234468937873 11.497555555821855 2.615726742622577 6.090797520660409 4.122873709156423 -0.9074633059026915 0.5102126589444467 15.037462132386342 21.696406230281255 35.58500153431043 17.66198876235581 20.175005268835452 9.45707224869264 13.833524815420134 1.0622134362006266 4.0322462029256085 20.665405051029502 8.502049913523885 12.31009565713629 2.6969826947355635 6.319286180156851 22.19751176045608 -0.06321495307755498 8.06987409040305 3.617461565793274 -5.856450683818188 -3.706961388328496 -7.216739364291358 1.8369796653950843
28.677354709418836 11.505397826180133 2.6235690129808553 6.098639791018705 4.130715979514719 -0.8996210355444134 0.5180549293027248 15.04530440274462 21.70424850063953 35.59284380466871 17.66983103271409 20.18284753919374 9.464914519050918 13.84136708577843 1.0700557065589047 4.040088473283904 20.67324732138779 8.509892183882181 12.317937927494587 2.7048249650938416 6.327128450515129 22.205354030814355 -0.05537268271927687 8.077716360761347 3.625303836151552 -5.848608413459892 -3.699119117970218 -7.20889709393308 1.8448219357533624
28.7374749498998 11.513230696617 2.6314018834177233 6.106472661455555 4.138548849951569 -0.8917881651075454 0.5258877997395928 15.053137273181488 21.7120813710764 35.60067667510557 17.677663903150957 20.1906804096306 9.472747389487786 13.849199956215298 1.0778885769957727 4.047921343720755 20.68108019182465 8.517725054319031 12.325770797931437 2.7126578355307096 6.334961320951997 22.213186901251227 -0.04753981228240889 8.085549231198197 3.63313670658842 -5.8407755430230415 -3.69128624753335 -7.201064223496212 1.8526548061902304
28.79759519038076 11.521054179239503 2.6392253660402076 6.114296144078057 4.146372332574071 -0.8839646824850433 0.5337112823620771 15.06096075580399 21.7199048536989 35.60850015772807 17.68548738577346 20.198503892253104 9.480570872110288 13.857023438837782 1.0857120596182748 4.055744826343257 20.68890367444715 8.525548536941534 12.333594280553939 2.7204813181532117 6.342784803574499 22.22101038387372 -0.03971632965990679 8.093372713820699 3.6409601892109222 -5.832952060400539 -3.683462764910848 -7.19324074087371 1.8604782888127325
28.857715430861724 11.528868283993923 2.6470394707946454 6.1221102488324775 4.154186437328491 -0.8761505777306233 0.5415253871165149 15.06877486055841 21.727718958453323 35.6163142624825 17.69330149052788 20.20631799700752 9.488384976864708 13.86483754359222 1.0935261643726948 4.063558931097677 20.69671777920157 8.533362641695954 12.341408385308359 2.7282954229076317 6.350598908328919 22.22882448862815 -0.031902224905486776 8.101186818575119 3.6487742939653423 -5.825137955646119 -3.675648660156428 -7.18542663611929 1.8682923935671525
28.917835671342683 11.536673017901027 2.6548442047017495 6.129914982739599 4.161991171235613 -0.8683458438235014 0.549330121023619 15.076579594465514 21.735523692360434 35.624118996389605 17.701106224434984 20.214122730914642 9.49618971077183 13.872642277499324 1.101330898279799 4.071363665004799 20.704522513108685 8.541167375603075 12.34921311921548 2.736100156814736 6.3584036422360235 22.23662922253526 -0.024097490998382654 8.108991552482241 3.6565790278724464 -5.8173332217389975 -3.667843926249306 -7.177621902212186 1.8760971274742744
28.977955911823646 11.54446839279947 2.6626395796001923 6.137710357638042 4.1697865461340555 -0.8605504689250765 0.5571254959220617 15.084374969363957 21.743319067258877 35.63191437128805 17.708901599333426 20.221918105813078 9.503985085670255 13.880437652397767 1.1091262731782416 4.079159039903241 20.712317888007128 8.548962750501518 12.357008494113924 2.7438955317131786 6.366199017134466 22.244424597433703 -0.016302116099939923 8.116786927380684 3.664374402770889 -5.809537846840555 -3.6600485513508634 -7.169826527313743 1.8838925023726993
29.03807615230461 11.55225441834018 2.670425605140885 6.145496383178735 4.177572571674748 -0.8527644433843662 0.5649115214627543 15.09216099490465 21.75110509279957 35.639700396828744 17.71668762487412 20.22970413135378 9.511771111210965 13.88822367793846 1.1169122987189342 4.086945065443934 20.720103913547817 8.55674877604221 12.364794519654616 2.751681557253889 6.373985042675159 22.252210622974395 -0.008516090559229639 8.124572952921376 3.6721604283115994 -5.801751821299862 -3.652262525810171 -7.162040501773033 1.8916785279134096
29.09819639278557 11.560031107189666 2.6782022939903705 6.15327307202822 4.185349260524234 -0.8449877545348805 0.5726882103122399 15.099937683754135 21.758881781649055 35.64747708567824 17.724464313723622 20.237480820203263 9.519547800060451 13.896000366787945 1.1246889875684376 4.09472175429342 20.727880602397313 8.564525464891696 12.372571208504102 2.7594582461033745 6.381761731524662 22.25998731182388 -0.0007394017097439587 8.132349641770862 3.679937117161085 -5.7939751324503765 -3.644485836960685 -7.154263812923547 1.8994552167628953
29.158316633266534 11.567798473288828 2.685969660089551 6.161040438127401 4.193116626623414 -0.8372203884357177 0.5804555764114205 15.107705049853315 21.766649147748225 35.655244451777406 17.732231679822785 20.245248186302437 9.527315166159614 13.903767732887125 1.1324563536676004 4.1024891203926 20.735647968496487 8.572292830990877 12.380338574603282 2.7672256122025374 6.389529097623825 22.26775467792305 0.007027964389418884 8.140117007870042 3.687704483260248 -5.786207766351196 -3.6367184708615046 -7.146496446824385 1.9072225828620581
29.218436873747493 11.575556522553967 2.693727709354672 6.168798487392522 4.200874675888535 -0.8294623391705791 0.5882136256765413 15.115463099118454 21.774407197013357 35.663002501042534 17.739989729087924 20.253006235567565 9.535073215424752 13.911525782152246 1.140214402932739 4.110247169657721 20.743406017761615 8.580050880255998 12.388096623868403 2.774983661467676 6.397287146888964 22.275512727188183 0.01478601365455745 8.147875057135163 3.6954625325253865 -5.778449717086075 -3.6289604215963838 -7.138738397559246 1.9149806321271967
29.278557114228455 11.583305265310013 2.701476452110736 6.176547230148586 4.208623418644599 -0.821713596414515 0.5959623684326054 15.1232118418745 21.78215593976942 35.67075124379859 17.74773847184397 20.26075497832362 9.542821958180799 13.91927452490831 1.1479631456887853 4.117995912413785 20.75115476051767 8.587799623012062 12.395845366624467 2.7827324042237223 6.40503588964501 22.283261469944247 0.022534756410603762 8.155623799891227 3.703211275281433 -5.770700974330011 -3.6212116788403197 -7.1309896548032 1.922729374883243
29.338677354709418 11.591044716449854 2.709215903250577 6.184286681288427 4.21636286978444 -0.813974145274674 0.6037018195724464 15.130951293014341 21.789895390909262 35.67849069493843 17.75547792298381 20.26849442946347 9.550561409320657 13.927013976048151 1.1557025968286263 4.125735363553626 20.758894211657513 8.595539074151903 12.403584817764308 2.790471855363581 6.412775340784851 22.291000921084088 0.030274207550462506 8.163363251031068 3.7109507264212738 -5.76296152319017 -3.6134722277004787 -7.123250203663341 1.9304688260231018
29.39879759519038 11.5987748847831 2.7169460715838056 6.192016849621655 4.224093038117669 -0.8062439769414453 0.6114319879056751 15.13868146134757 21.79762555924249 35.68622086327167 17.763208091317058 20.276224597796702 9.558291577653886 13.93474414438138 1.163432765161855 4.133465531886855 20.76662437999075 8.603269242485132 12.411314986097537 2.7982020236968097 6.420505509118097 22.298731089417316 0.03800437588369121 8.171093419364297 3.7186808947545202 -5.755231354856941 -3.60574205936725 -7.115520035330112 1.9381989943563305
29.458917835671343 11.606495778059749 2.7246669648604716 6.199737742898321 4.231813931394335 -0.7985230836647794 0.619152881182341 15.146402354624236 21.805346452519156 35.69394175654833 17.770928984593706 20.283945491073364 9.566012470930552 13.942465037658046 1.171153658438521 4.141186425163521 20.774345273267407 8.610990135761798 12.419035879374203 2.805922916973458 6.4282264023947455 22.306451982693982 0.045725269160339366 8.178814312640963 3.7264017880311684 -5.7475104615802755 -3.598021166090584 -7.107799142053464 1.9459198876329964
29.519038076152302 11.614207409982154 2.732378596782876 6.207449374820708 4.2395255633167395 -0.7908114517423925 0.6268645131047457 15.15411398654664 21.81305808444155 35.70165338847073 17.77864061651611 20.291657122995762 9.573724102852939 13.95017666958045 1.1788652903609256 4.148898057085925 20.782056905189812 8.618701767684202 12.426747511296607 2.8136345488958625 6.43593803431715 22.314163614616376 0.053436901082744015 8.186525944563368 3.734113419953573 -5.739798829657889 -3.590309534168197 -7.100087510131059 1.9536315195553833
29.579158316633265 11.621909792872689 2.740080979673394 6.215151757711244 4.247227946207257 -0.7831090688518572 0.6345668959952633 15.161816369437158 21.82076046733208 35.70935577136126 17.786342999406646 20.29935950588629 9.581426485743474 13.957879052470968 1.1865676732514432 4.156600439976443 20.789759288080337 8.62640415057472 12.434449894187125 2.821336931786398 6.443640417207668 22.321865997506904 0.06113928397327939 8.194228327453885 3.7418158028441084 -5.732096446767353 -3.582607151277662 -7.092385127240524 1.9613339024459187
29.639278557114228 11.629602937345158 2.747774124145881 6.222844902183713 4.254921090679726 -0.7754159243793879 0.6422600404677503 15.169509513909645 21.828453611804555 35.71704891583373 17.794036143879115 20.307052650358766 9.589119630215944 13.965572196943455 1.1942608177239302 4.16429358444893 20.797452432552806 8.634097295047189 12.442143038659594 2.829030076258867 6.451333561680155 22.32955914197938 0.06883242844574866 8.201921471926354 3.7495089473165777 -5.724403302294884 -3.5749140068051926 -7.084691982768055 1.969027046918388
29.69939879759519 11.637286853424147 2.755458040224852 6.230528818262702 4.262605006758715 -0.7677320083003991 0.6499439565467213 15.177193429988634 21.836137527883537 35.72473283191272 17.801720059958104 20.314736566437748 9.596803546294932 13.973256113022426 1.201944733802919 4.171977500527901 20.805136348631795 8.641781211126178 12.449826954738583 2.836713992337856 6.459017477759144 22.337243058058363 0.07651634452473743 8.209605388005343 3.7571928633955665 -5.716719386215895 -3.567230090726204 -7.077008066689066 1.9767109629973767
29.75951903807615 11.64496155201169 2.7631327388124127 6.238203516850245 4.270279705346258 -0.760057309712856 0.6576186551342822 15.184868128576177 21.843812226471087 35.73240753050026 17.809394758545647 20.3224112650253 9.604478244882475 13.980930811609987 1.209619432390462 4.179652199115462 20.812811047219338 8.649455909713721 12.457501653326126 2.844388690925399 6.466692176346687 22.344917756645913 0.08419104311228054 8.217280086592886 3.7648675619831096 -5.709044687628352 -3.5595553921386607 -7.069333368101523 1.9843856615849198
29.819639278557112 11.652627044273824 2.770798231074547 6.245869009112397 4.27794519760841 -0.7523918174507038 0.6652841473964166 15.192533620838311 21.851477718733232 35.7400730227624 17.81706025080778 20.330076757287433 9.612143737144628 13.988596303872121 1.2172849246525965 4.187317691377596 20.820476539481483 8.657121401975873 12.465167145588278 2.8520541831875335 6.474357668608821 22.352583248908058 0.09185653537441496 8.224945578855039 3.772533054245244 -5.7013791953662 -3.5518898998765085 -7.0616678758393885 1.9920511538470542
