web/models/mosfit_kne/mosfit_kn_3.0000/mosfit_kn_0.330399_0.1867_3.0000.dat
# %ECSV 1.0
# ---
# datatype:
# - {name: time, datatype: float64}
# - {name: PS1_g, datatype: float64}
# - {name: PS1_i, datatype: float64}
# - {name: PS1_r, datatype: float64}
# - {name: PS1_w, datatype: float64}
# - {name: PS1_y, datatype: float64}
# - {name: PS1_z, datatype: float64}
# - {name: swift_uvot_B, datatype: float64}
# - {name: swift_uvot_U, datatype: float64}
# - {name: swift_uvot_uvm2, datatype: float64}
# - {name: swift_uvot_uvw1, datatype: float64}
# - {name: swift_uvot_uvw2, datatype: float64}
# - {name: swift_uvot_V, datatype: float64}
# - {name: johnson_B, datatype: float64}
# - {name: johnson_I, datatype: float64}
# - {name: johnson_R, datatype: float64}
# - {name: johnson_U, datatype: float64}
# - {name: johnson_V, datatype: float64}
# - {name: sdss_g, datatype: float64}
# - {name: sdss_i, datatype: float64}
# - {name: sdss_r, datatype: float64}
# - {name: sdss_u, datatype: float64}
# - {name: sdss_z, datatype: float64}
# - {name: ATLAS_c, datatype: float64}
# - {name: ATLAS_o, datatype: float64}
# - {name: ukirt_H, datatype: float64}
# - {name: ukirt_J, datatype: float64}
# - {name: ukirt_K, datatype: float64}
# - {name: Clear, datatype: float64}
# meta: !!omap
# - comment: [kappa = 3.0, type = rprocess, mass = 0.33039895931513485, velocity = 0.1866666666666667, theta_obs = 0.0, tfloor = 1000.0]
# schema: astropy-2.0
time PS1_g PS1_i PS1_r PS1_w PS1_y PS1_z swift_uvot_B swift_uvot_U swift_uvot_uvm2 swift_uvot_uvw1 swift_uvot_uvw2 swift_uvot_V johnson_B johnson_I johnson_R johnson_U johnson_V sdss_g sdss_i sdss_r sdss_u sdss_z ATLAS_c ATLAS_o ukirt_H ukirt_J ukirt_K Clear
[from data line 84]
5.110220440881763 -13.55905628412513 -15.561997291210528 -14.841183984824724 -14.811141836859605 -16.121456374548355 -15.923316665672704 -12.70011807330895 -11.87851836027459 -7.21266013402593 -9.90428012474382 -7.935407846669328 -14.208189482887612 -12.80476201625174 -16.17625947993312 -15.26480018645903 -11.985817117632617 -14.292210618556885 -13.3665493062745 -15.552497932809644 -14.828786254380262 -11.10225553396317 -15.98305532917422 -14.140739519592067 -15.203581158495396 -16.45940793571421 -16.409785953570815 -16.33763684018479 -15.077382856490118
5.170340681362725 -13.562400537743144 -15.572833815236606 -14.849027300002984 -14.81991168850934 -16.135342345385197 -15.936002028879521 -12.700822707934886 -11.873207127002896 -7.193819089434117 -9.897977219333907 -7.928649363522261 -14.213493619984547 -12.805954310559414 -16.187987961222447 -15.273650902359208 -11.981486729806 -14.297893900667143 -13.369230220741759 -15.563252849626394 -14.836528664677449 -11.09744347349304 -15.996097322155194 -14.146488476105823 -15.213068054705516 -16.47761645765353 -16.42603108342069 -16.357157689666654 -15.087693513742302
5.2304609218436875 -13.565911899540684 -15.58368019196747 -14.856942977172185 -14.828739936411583 -16.14917519705287 -15.948658919836713 -12.701748760764222 -11.868243198966546 -7.175616018881963 -9.892080498658213 -7.922323386731701 -14.21892218161598 -12.80735917556925 -16.19970799455472 -15.2825542498542 -11.977482653777535 -14.303694622206978 -13.372092095697568 -15.574019309653906 -14.844345213111758 -11.092967249539534 -16.00910376233818 -14.152356506597954 -15.22259466369455 -16.495684022745674 -16.442175081950037 -16.37651110779929 -15.098032561989587
5.290581162324649 -13.569577719413779 -15.594530389027206 -14.864922361349926 -14.837618393924625 -16.16295152357484 -15.961282907564911 -12.702881318133088 -11.86360636748633 -7.158018349537019 -9.886566505894603 -7.9164048467513695 -14.22446434604571 -12.808962044802733 -16.21141430882184 -15.291502378450687 -11.973785574102067 -14.309602237624437 -13.375121699374617 -15.584791209921338 -14.852227176540538 -11.088807157148555 -16.02207050889991 -14.158332933006808 -15.232153668222512 -16.513610860426603 -16.4582165315643 -16.39569841678989 -15.108393026959686
5.350701402805611 -13.57341631684081 -15.6053987457158 -14.87298140296474 -14.846562170130717 -16.176683977489734 -15.973887317760092 -12.704240169798446 -11.859319637507202 -7.141055859805124 -9.881456398021466 -7.910913952948778 -14.230137488782113 -12.810782364985002 -16.223120742941745 -15.30051061769002 -11.970418001353693 -14.31563386203626 -13.378337707912618 -15.595582934556926 -14.860190580016042 -11.084985998803845 -16.035010673175325 -14.164434645288058 -15.241760031386349 -16.531407144569897 -16.474166736284417 -16.414729026899103 -15.118789050945036
5.410821643286573 -13.577420717824484 -15.61628282455553 -14.881115871625958 -14.855567271514012 -16.19037190580503 -15.986470803278312 -12.70581680674389 -11.855370875721682 -7.124707839133218 -9.876735232165199 -7.905834389773116 -14.235935912842052 -12.81281184414436 -16.23482537485635 -15.309575267310429 -11.967368420849233 -14.321783973094762 -13.38173274964733 -15.60639199803683 -14.868231151611084 -11.08149200169878 -16.047923100781478 -14.170655984097298 -15.251410411730877 -16.549074670038074 -16.49002638310847 -16.43360546578458 -15.129217435715088
5.4709418837675345 -13.58159087833343 -15.627184692347953 -14.889327009520326 -14.864634888624728 -16.204018174806798 -15.999035923787037 -12.70761050243901 -11.851757678828054 -7.108967699982236 -9.872398188950786 -7.901160162888811 -14.241860213611243 -12.815049817265617 -16.246530498857343 -15.318697775895338 -11.964634729403436 -14.32805321973733 -13.385306597523865 -15.617220445484428 -14.876350124022775 -11.078322959401845 -16.060810429423498 -14.176997446201138 -15.26110641168362 -16.56661735733708 -16.505798917585928 -16.452331963891066 -15.139679673087478
5.531062124248497 -13.585923812865826 -15.638104404530146 -14.897613674746033 -14.873763960923014 -16.21762402148004 -16.011583458777565 -12.709617257795227 -11.848473623456997 -7.093823175815877 -9.868436424349483 -7.896881265361383 -14.247908283385275 -12.817492411373554 -16.25823650995364 -15.327877337156572 -11.962210924104461 -14.334439597739264 -13.389056000463242 -15.628068300448668 -14.884546332295638 -11.075472704179479 -16.073673562133628 -14.183456893048714 -15.270847459290042 -16.5840380435657 -16.521486453702572 -16.470911834486245 -15.150175202678575
5.591182364729459 -13.590435151964169 -15.649054246581162 -14.905989507578585 -14.882967402841842 -16.231200310497975 -16.02412484050559 -12.71185394332215 -11.845538285259671 -7.079299508433723 -9.864867810560298 -7.893014756449318 -14.254094965108905 -12.820156202465597 -16.26995527156864 -15.33712706328891 -11.960116166238201 -14.340957726895239 -13.392996889078042 -15.63894788614288 -14.89283348083907 -11.072960645066487 -16.086523749338788 -14.19004874431824 -15.28064635754994 -16.60134549978959 -16.5370987174453 -16.48935320262456 -15.160716118282078
5.651302605210421 -13.595107719149393 -15.660024772715655 -14.914441988469704 -14.892233402332788 -16.24474069530267 -16.03665250872009 -12.714300707800625 -11.842925620874833 -7.065356396557177 -9.861663573082708 -7.889530578096732 -14.2604051741042 -12.823021781534138 -16.281678239302224 -15.346435412024324 -11.958325443279218 -14.347592870961064 -13.397111405547335 -15.649849673613794 -14.901198961153614 -11.070761298523148 -16.099353780803725 -14.19675819560931 -15.290492200553949 -16.618537709261233 -16.552631728522336 -16.507655357858027 -15.171292092053061
5.7114228456913825 -13.599947775073211 -15.671021956672213 -14.922977221808669 -14.901567754856977 -16.258250981005204 -16.04917234212685 -12.716963966992047 -11.840642293874257 -7.05200069259224 -9.858828526781078 -7.886432686370547 -14.266845172707498 -12.826095477900385 -16.29341133183899 -15.355808380089606 -11.956845401775535 -14.354351230226674 -13.401405839377034 -15.660779640857267 -14.909648898293604 -11.068881358326745 -16.112169501677673 -14.2035912948932 -15.300390938717552 -16.635620167951274 -16.56809112683023 -16.52582369305955 -15.181908744147794
5.771543086172344 -13.604969071244764 -15.682056663644719 -14.93160724250238 -14.910981853017784 -16.27174080404158 -16.06169446848675 -12.719858545864817 -11.83870546555747 -7.039254424927395 -9.856378240187098 -7.883735925693326 -14.273428037654138 -12.82939185740981 -16.305165048917562 -15.365257541678911 -11.955692846502163 -14.361245685404922 -13.40589420124953 -15.671748685680758 -14.918195383662383 -11.067337845000171 -16.12498088146081 -14.210560741051825 -15.310353878349865 -16.652600697016343 -16.583485561761044 -16.543865468475275 -15.192576752165614
5.831663326653306 -13.610156050271875 -15.69312034283831 -14.940320712830673 -14.920465015655306 -16.285204425635946 -16.074212047437157 -12.722966460077771 -11.837091539329485 -7.027081090953582 -9.854286737459539 -7.881413227660111 -14.280140103363578 -12.832893339531338 -16.316931657827702 -15.374772447926077 -11.954845113853267 -14.368262888854291 -13.410560316095843 -15.68274818183884 -14.926826998110219 -11.066107666647333 -16.137781397983897 -14.21765313277124 -15.32037114871203 -16.6694774896937 -16.59881144326116 -16.561780063944887 -15.203286786575738
5.891783567134269 -13.615511515399206 -15.704216518585312 -14.949120882837867 -14.930020343727168 -16.298645618614565 -16.08672876028976 -12.726290306199807 -11.835802548861771 -7.015481133097768 -9.852554303335772 -7.879464092164458 -14.286984428822944 -12.836602507910108 -16.328714750493713 -15.38435638484285 -11.954304349648403 -14.375405894095346 -13.415406926367215 -15.693781646786622 -14.935546996746094 -11.065192948037748 -16.150574749383253 -14.224871399060373 -15.330446078070796 -16.686254609397878 -16.614072705868406 -16.579571622829988 -15.214041995213119
5.95190380761523 -13.621056643509615 -15.715360803667906 -14.95802560455175 -14.939664716234162 -16.312077677435113 -16.099258821852125 -12.729853278304113 -11.834866175853325 -7.004491933202284 -9.851207372171231 -7.877914424301483 -14.293980815893807 -12.84054212219591 -16.340529255419877 -15.39402638271006 -11.954097528269305 -14.382694170782846 -13.420455705250891 -15.704864755072023 -14.944373324319642 -11.064621051719676 -16.163374864555244 -14.232234804097779 -15.340595201693858 -16.70294199022496 -16.629280813793432 -16.597249048942576 -15.224857991445102
6.012024048096192 -13.626777397011107 -15.726545497741533 -14.967024656244021 -14.949388514682962 -16.3254954470705 -16.111796079774443 -12.733639142092674 -11.834261110058364 -6.994080517352972 -9.85022253891362 -7.87673988005951 -14.301116935646895 -12.844696314960768 -16.35236821287216 -15.403773025436653 -11.954204182499161 -14.390115678721054 -13.425692056401441 -15.71598973806088 -14.953295684991357 -11.06437112230557 -16.1761758794934 -14.239731264035242 -15.350809627273243 -16.719538038214537 -16.644432557945184 -16.614811823118917 -15.235726383209709
6.072144288577154 -13.63266326335248 -15.737765181023153 -14.97611059343729 -14.95918475174399 -16.3388955480492 -16.12433635589177 -12.737635625260879 -11.833971002126926 -6.984221128857302 -9.849581576558624 -7.8759213981256195 -14.308383656506109 -12.849053101561768 -16.36422679611104 -15.413589508684701 -11.954608642484398 -14.397661513352025 -13.431105018604406 -15.727151121201555 -14.962306576477342 -11.064427180995402 -16.188973845679495 -14.247351823981784 -15.361082969238264 -16.736042221030903 -16.659526115048866 -16.632260271295905 -15.246641156985383
6.132264529058116 -13.638732531320201 -15.749033418200451 -14.985298882716478 -14.969068052817658 -16.352289574056886 -16.13689202678893 -12.741862732526432 -11.834019668781579 -6.974945799654065 -9.849307130279907 -7.87548114921535 -14.315798104308694 -12.853632113305146 -16.37611798765142 -15.42349059672172 -11.955334125392564 -14.405348515275003 -13.436713302255274 -15.738362521675366 -14.97142154515279 -11.064812776341135 -16.201780895688938 -14.255113141530273 -15.371429570528523 -16.752463271103096 -16.67457152062516 -16.64960224793338 -15.257615857116686
6.192384769539078 -13.644974246028863 -15.76034440862804 -14.994581673045602 -14.979031050008889 -16.365673793329556 -16.14945855029097 -12.746307724060426 -11.834390242924684 -6.966228165590123 -9.849380571343964 -7.875399733437213 -14.323350716154685 -12.858420906292206 -16.388036588598133 -15.433469091278084 -11.956364450237047 -14.413167354719361 -13.442505498144346 -15.749618083319277 -14.980632680266144 -11.06551141260212 -16.214592721200507 -14.263005847088799 -15.3818426583946 -16.768800348827583 -16.689566623463392 -16.666837785914442 -15.26864410994813
6.25250501002004 -13.65138731312923 -15.771698824701677 -15.003958940960551 -14.989073761921787 -16.379049564288444 -16.162037019464304 -12.750968918560652 -11.83507963784324 -6.958061732137451 -9.849797342722404 -7.8756719699694635 -14.331040909914556 -12.863417868720223 -16.39998346809491 -15.443525160134925 -11.957696774527637 -14.421117507103743 -13.448480357815846 -15.76091845999505 -14.989939945697355 -11.066520152771222 -16.227410486188543 -14.271029334264647 -15.392322536811758 -16.785055738632387 -16.70451328976556 -16.68396944435983 -15.279726222201653
6.312625250501002 -13.657983748160003 -15.783105961964896 -15.01344108102817 -14.99920602667542 -16.392425034228904 -16.174636039617507 -12.755859334235595 -11.83610307251941 -6.950466357954482 -9.850571478718884 -7.876311422988639 -14.33888005216356 -12.868635784682198 -16.411967580904047 -15.453668774045745 -11.95934597723448 -14.429210161398094 -13.454650140528699 -15.772272977754618 -14.999353786594547 -11.067854074556909 -16.240242649974252 -14.2791946467025 -15.402878928397712 -16.801235902075216 -16.71941874978094 -16.70100316491643 -15.290871378749014
6.372745490981964 -13.664750063433075 -15.794558224443822 -15.023018149934284 -15.00941851468001 -16.40579498370416 -16.187249458735185 -12.760963430876863 -11.837440284894072 -6.943410999305864 -9.851681129376821 -7.877295554965901 -14.346856229087638 -12.874059467577975 -16.423982023602914 -15.463890751490272 -11.96129257598334 -14.437433681025754 -13.461000838483255 -15.7836739769097 -15.008864187589772 -11.069493329295916 -16.253083332349068 -14.287490136019017 -15.413503142951903 -16.81733895800434 -16.734279607606215 -16.717938075676116 -15.302071412642562
6.432865731462925 -13.671693228406774 -15.806061497351749 -15.032696476488105 -15.01971723380997 -16.4191648217375 -16.199882878377174 -12.766288597730828 -11.839099549388035 -6.9369056565181735 -9.853133398094869 -7.878631004648721 -14.354976179732486 -12.879696187295217 -16.43603253790217 -15.474197225852137 -11.963544716840843 -14.445794716014928 -13.467539519611833 -15.795127355228153 -15.01847750399266 -11.07144615311869 -16.265938069175245 -14.295922339481333 -15.42420120727451 -16.833369590900148 -16.74910087938798 -16.73477863416618 -15.313332029041753
6.492985971943887 -13.678819187534277 -15.81762095323569 -15.04248155160571 -15.03010739995462 -16.432539373212087 -16.212541265173694 -12.771841087589692 -11.841087752807358 -6.930958386733333 -9.854934008948177 -7.880323038333156 -14.36324569782893 -12.885552099307617 -16.44812419058096 -15.48459353636548 -11.96610919858496 -14.454298988086352 -13.474272199100383 -15.806638294378175 -15.02819924858155 -11.073719414046135 -16.27881177676393 -14.304496872746064 -15.43497838114174 -16.84933208509763 -16.763887097465275 -16.75152895385144 -15.324658208439654
6.55310621242485 -13.68611378374263 -15.829228445019918 -15.052362831837947 -15.04057912833808 -16.44591292147311 -16.225217947884243 -12.777604643197009 -11.843383819139426 -6.925537155055291 -9.857060492094423 -7.882348588904765 -14.37165222261638 -12.891611315164372 -16.46024954351206 -15.495069924923019 -11.96896573809368 -14.46293422496076 -13.481184188908877 -15.81819858215555 -15.038018802399868 -11.076292451874323 -16.29169806351486 -14.313201469376082 -15.445825410249672 -16.865224146405456 -16.778634414274443 -16.76818777636052 -15.336041265918805
6.613226452905812 -13.693594254807682 -15.840896541332885 -15.062354763219652 -15.051146069956403 -16.459296094216906 -16.237924324287984 -12.783598191509526 -11.846010441891739 -6.920672814829099 -9.859534624567718 -7.884729112680823 -14.380211832614808 -12.897892400596408 -16.4724205926317 -15.50564015144743 -11.972136433356184 -14.471716228764906 -13.488293143111427 -15.829820838907604 -15.0479506883066 -11.07918768861543 -16.30460808845042 -14.322051770144046 -15.456755641250322 -16.88105359326064 -16.7933519272915 -16.784762058979187 -15.347493799321139
6.673346693386773 -13.701251016895029 -15.85262005197606 -15.072450405250102 -15.061801736417149 -16.47268547259058 -16.25065628062595 -12.789810619402779 -11.848952987794341 -6.916342683710755 -9.862340544610735 -7.887448236449494 -14.388916119460841 -12.90438450409328 -16.484632663731322 -15.516297841433524 -11.975607232831369 -14.480636796436011 -13.495589090112414 -15.841499826936811 -15.057987912528201 -11.082390800354442 -16.317537939962055 -14.331039559892531 -15.467763065726103 -16.896819493125875 -16.808037575930292 -16.801251620463727 -15.359010184824147
6.733466933867735 -13.709081133796985 -15.864398148943053 -15.082648093865139 -15.072544611335772 -16.486081065682132 -16.26341349950163 -12.796238271004096 -11.85220611769564 -6.912537473180847 -9.865471833356025 -7.890499109469044 -14.397762730815906 -12.911084076853715 -16.49688517102395 -15.527041583629988 -11.979373081469184 -14.489693661232222 -13.503068908580005 -15.853234695716978 -15.068128789911626 -11.085896608997086 -16.330487392354947 -14.340162527677016 -15.478846442781151 -16.91252301128127 -16.82269200189559 -16.817657972723815 -15.370589291291541
