web/models/mosfit_kne/mosfit_kn_3.0000/mosfit_kn_0.041628_0.1240_3.0000.dat
# %ECSV 1.0
# ---
# datatype:
# - {name: time, datatype: float64}
# - {name: PS1_g, datatype: float64}
# - {name: PS1_i, datatype: float64}
# - {name: PS1_r, datatype: float64}
# - {name: PS1_w, datatype: float64}
# - {name: PS1_y, datatype: float64}
# - {name: PS1_z, datatype: float64}
# - {name: swift_uvot_B, datatype: float64}
# - {name: swift_uvot_U, datatype: float64}
# - {name: swift_uvot_uvm2, datatype: float64}
# - {name: swift_uvot_uvw1, datatype: float64}
# - {name: swift_uvot_uvw2, datatype: float64}
# - {name: swift_uvot_V, datatype: float64}
# - {name: johnson_B, datatype: float64}
# - {name: johnson_I, datatype: float64}
# - {name: johnson_R, datatype: float64}
# - {name: johnson_U, datatype: float64}
# - {name: johnson_V, datatype: float64}
# - {name: sdss_g, datatype: float64}
# - {name: sdss_i, datatype: float64}
# - {name: sdss_r, datatype: float64}
# - {name: sdss_u, datatype: float64}
# - {name: sdss_z, datatype: float64}
# - {name: ATLAS_c, datatype: float64}
# - {name: ATLAS_o, datatype: float64}
# - {name: ukirt_H, datatype: float64}
# - {name: ukirt_J, datatype: float64}
# - {name: ukirt_K, datatype: float64}
# - {name: Clear, datatype: float64}
# meta: !!omap
# - comment: [kappa = 3.0, type = rprocess, mass = 0.04162766037032262, velocity = 0.12399999999999999, theta_obs = 0.0, tfloor = 1000.0]
# schema: astropy-2.0
time PS1_g PS1_i PS1_r PS1_w PS1_y PS1_z swift_uvot_B swift_uvot_U swift_uvot_uvm2 swift_uvot_uvw1 swift_uvot_uvw2 swift_uvot_V johnson_B johnson_I johnson_R johnson_U johnson_V sdss_g sdss_i sdss_r sdss_u sdss_z ATLAS_c ATLAS_o ukirt_H ukirt_J ukirt_K Clear
[from data line 228]
13.76753507014028 4.8460802374620116 -3.5618977752291414 -0.2735379427505258 -2.0727978488055143 -6.879427066821169 -5.549356727804184 8.195552701694869 14.434516094286973 27.84358665666228 10.979414636556903 13.390196650519282 2.8883855772026186 7.10380314507487 -5.045486246647314 -2.175530687574015 13.476399634246075 2.0294403211508287 5.616725570241474 -3.484753590410765 -0.06538038279014557 14.954022999804284 -6.074634075954215 1.6348325611231473 -2.577280430821478 -11.493077699642667 -9.495072946633448 -12.743373415937745 -4.194562941028508
13.827655310621243 4.982398080721033 -3.4719752022678207 -0.1653108995433783 -1.9810223699659169 -6.809658920748305 -5.471021664933264 8.350519880415764 14.630528168945443 28.086954955007354 11.119097709559469 13.539656730337782 3.01657456916893 7.247961700673745 -4.962387564421312 -2.0823936906269696 13.665359035629965 2.1484518562853188 5.757159738711071 -3.394419935285793 0.04481957726980568 15.148272768945965 -6.000925803848354 1.750007301018428 -2.4855837915079526 -11.456112244080588 -9.443277679732754 -12.71716791099063 -4.118747977963277
13.887775551102203 5.118619985049513 -3.3821009118650913 -0.057156098691688584 -1.8893165208398344 -6.739914559868936 -5.392716814705505 8.50537136288401 14.826399380782114 28.330040218061438 11.258608531366967 13.68898769708666 3.144681404130238 7.39197673803179 -4.879335138390824 -1.989366031247546 13.854166727302697 2.26734059401178 5.897490721572787 -3.3041368027830664 0.15494930426475761 15.342375162796262 -5.92726196638127 1.8650968399850143 -2.3939593181988705 -11.419144025236674 -9.391494185301815 -12.69095092460743 -4.043010411784227
13.947895791583166 5.254731345539643 -3.2922851301868583 0.050914554541083845 -1.7976903280657375 -6.670202283003999 -5.3144513169305085 8.660090708200705 15.022109157696377 28.572819861340445 11.397933703237495 13.83817404298236 3.2726920521335385 7.535833267191997 -4.7963384969979925 -1.896457709022983 14.04280285340566 2.386093647606418 6.037703500842628 -3.213914460607139 0.26499662141793223 15.536309720954069 -5.853651213219457 1.9800888073676859 -2.3024170323896875 -11.382178022729795 -9.339728927314466 -12.664726316202513 -3.9673585263931166
14.008016032064127 5.390755874477069 -3.2025119539546587 0.15892009028030785 -1.7061272197641308 -6.600509553912204 -5.23621122374637 8.81470469388012 15.217690940140098 28.815337640537177 11.537098961900902 13.987242013107487 3.4006286719495433 7.679556652395277 -4.713382835200167 -1.8036517830018475 14.231299709751493 2.5047318817951973 6.177822455810915 -3.1237369398014536 0.3749808089073525 15.73010953069641 -5.7800803317065075 2.095003584737345 -2.2109403772984315 -11.345207006456429 -9.287972261647324 -12.638488565868292 -3.8917782157936642
14.06813627254509 5.5266765708657495 -3.112793233546185 0.26684667522884453 -1.6146388910942733 -6.5308459644466055 -5.158007108928846 8.969194177634392 15.413120776543199 29.057566684104007 11.676088406639664 14.136173473687293 3.5284749805518585 7.823129376064518 -4.63047919325562 -1.7109599323335736 14.41963418229588 2.6232403129136754 6.317830104832574 -3.0336161386155425 0.48488773117604467 15.923750786968771 -5.7065593269669 2.2098267478481404 -2.1195410378345514 -11.308236711863236 -9.236231650266545 -12.612242114861177 -3.816279171495438
14.128256513026052 5.662463022412414 -3.0231499612763457 0.3746696547615791 -1.5232463389289208 -6.461228399365435 -5.079857628865501 9.123524892878432 15.608355801171605 29.299456872030948 11.814872455594632 14.284935682460059 3.6562020308345096 7.966519823258512 -4.5476471214419965 -1.6184032222669245 14.60776491051864 2.741592185541484 6.45769517951118 -2.943573133107389 0.5946922472574201 16.117190943292137 -5.633105842589963 2.324532411975806 -2.028239989162355 -11.27127714675927 -9.184520190404777 -12.585994687160705 -3.7408788982456187
14.188376753507013 5.798099162501558 -2.9335933451496032 0.48237595913647624 -1.4319605979682137 -6.391665943214928 -5.001772797006012 9.277678754837726 15.803373365853641 29.54098290946347 11.953436186661506 14.433511531900894 3.783794425555313 8.109711500150386 -4.464897056522502 -1.5259926111844748 14.795670062627789 2.859773400591801 6.597401162814744 -2.853619174067994 0.7043809956525848 16.31040750152259 -5.559729330500396 2.439106956107544 -1.9370482499546426 -11.234333747263674 -9.13284494735034 -12.559750495206108 -3.6655865068076388
14.248496993987976 5.9336124112249955 -2.844104935008893 0.5899876234802726 -1.340762533410249 -6.322144024410488 -4.923736412202349 9.431686724960969 15.998212135399044 29.782194709502715 12.091809013983408 14.581931278033618 3.911277844364018 8.252733664020099 -4.382211820589364 -1.4337085473784341 14.983386986235619 2.9778081104352365 6.736976246112452 -2.7637357347222213 0.8139763159706348 16.503438738190574 -5.48641444119971 2.5535739202599395 -1.8459466961480508 -11.19739808694783 -9.081194700575706 -12.533503102282902 -3.590385741645008
14.308617234468937 6.068983072802432 -2.7546984043739897 0.6974886543940961 -1.2496657030139957 -6.2526736917963355 -4.845760665802121 9.585526626306507 16.19284434350721 30.023060566694934 12.229972258804231 14.730173845919513 4.0386334718786605 8.395565997362247 -4.299604145390666 -1.341564532507438 15.170888913850476 3.095679036305035 6.876400181278992 -2.6739365409748395 0.9234618753628077 16.696257087336743 -5.413172684826737 2.66791657674192 -1.7549488641327748 -11.160476751115842 -9.02957803221989 -12.507257604739673 -3.515287838332828
14.3687374749499 6.204185663509101 -2.665391371060881 0.8048583912686702 -1.1586876734831009 -6.183269142941494 -4.767861239512854 9.739169756040152 16.387234055874202 30.26353874127157 12.36790135263508 14.878211861000615 4.165837027694034 8.538182115140206 -4.217090432232854 -1.2495780937074776 15.358141207660452 3.2133638432913996 7.0156467719490045 -2.584239277490248 1.0328165933290911 16.88882689514175 -5.340018860737867 2.7821132542941918 -1.6640722923970586 -11.123578169129702 -8.97800595589432 -12.481020516188435 -3.440307389247401
14.428857715430862 6.249168197066535 -2.6326606161327426 0.8424101619050894 -1.1255136495988793 -6.155850664658011 -4.738174699810873 9.789074773631022 16.448018871525942 30.33661417555511 12.413601403600492 14.926617910080143 4.208684889937319 8.585137456664832 -4.186173922554693 -1.2161411558296933 15.417017692274182 3.2536625547685842 7.061708298380989 -2.5514046640197563 1.0708988214015314 16.949124401700768 -5.311602311832875 2.8214867316477488 -1.6309257929620458 -11.104838042573489 -8.955348747083816 -12.465126723046678 -3.4114076933602355
14.488977955911823 6.261216393245643 -2.620612419953634 0.854458358084198 -1.1134654534197885 -6.143802468478903 -4.726126503631765 9.80112296981013 16.460067067705033 30.34866237173421 12.4256495997796 14.938666106259252 4.220733086116428 8.59718565284394 -4.174125726375585 -1.2040929596505847 15.429065888453291 3.265710750947675 7.0737564945600795 -2.5393564678406477 1.08294701758064 16.96117259787986 -5.299554115653766 2.8335349278268396 -1.6188775967829372 -11.092789846394398 -8.943300550904707 -12.45307852686757 -3.399359497181127
14.549098196392785 6.27317332136613 -2.608655491833165 0.8664152862046848 -1.1015085252993018 -6.131845540358416 -4.714169575511296 9.8130798979306 16.47202399582552 30.360619299854694 12.437606527900087 14.950623034379738 4.232690014236915 8.60914258096441 -4.162168798255116 -1.1921360315301157 15.441022816573778 3.277667679068162 7.085713422680566 -2.527399539720161 1.0949039457011267 16.973129526000346 -5.2875971875332795 2.8454918559473263 -1.6069206686624504 -11.080832918273911 -8.93134362278422 -12.441121598747083 -3.38740256906064
14.609218436873746 6.285037354411731 -2.5967914587875462 0.8782793192503036 -1.089644492253683 -6.119981507312797 -4.702305542465677 9.824943930976218 16.48388802887114 30.372483332900305 12.449470560945688 14.96248706742534 4.244554047282533 8.621006614010028 -4.150304765209497 -1.180271998484497 15.452886849619397 3.2895317121137806 7.097577455726185 -2.51553550667456 1.1067679787467277 16.984993559045964 -5.275733154487678 2.857355888992945 -1.5950566356168494 -11.068968885228292 -8.919479589738602 -12.429257565701482 -3.375538536015039
14.669338677354709 6.296807067299586 -2.5850217458997093 0.8900490321381405 -1.077874779365846 -6.10821179442496 -4.69053582957784 9.836713643864055 16.495657741758976 30.384253045788153 12.461240273833543 14.974256780313176 4.25632376017037 8.632776326897865 -4.13853505232166 -1.16850228559666 15.464656562507233 3.3013014250016175 7.109347168614022 -2.5037657937867053 1.1185376916345824 16.9967632719338 -5.263963441599824 2.869125601880782 -1.5832869227289947 -11.057199172340455 -8.907709876850765 -12.417487852813627 -3.3637688231271845
14.729458917835672 6.308486060321563 -2.573342752877714 0.9017280251601179 -1.066195786343851 -6.096532801402983 -4.678856836555845 9.84839263688605 16.50733673478097 30.395932038810134 12.47291926685552 14.985935773335171 4.268002753192348 8.64445531991986 -4.126856059299665 -1.1568232925746649 15.47633555552921 3.312980418023595 7.121026161635999 -2.492086800764728 1.1302166846565598 17.008442264955796 -5.252284448577846 2.8808045949027594 -1.5716079297070173 -11.045520179318478 -8.896030883828788 -12.40580885979165 -3.352089830105207
14.789579158316633 6.320074086875298 -2.561754726323997 0.9133160517138528 -1.0546077597901338 -6.084944774849248 -4.667268810002128 9.859980663439767 16.518924761334688 30.407520065363865 12.484507293409255 14.997523799888906 4.279590779746083 8.656043346473577 -4.11526803274593 -1.1452352660209477 15.487923582082946 3.32456844457733 7.132614188189734 -2.480498774210993 1.1418047112102947 17.020030291509514 -5.2406964220241115 2.8923926214564943 -1.5600199031532824 -11.033932152764743 -8.884442857275053 -12.394220833237915 -3.340501803551472
14.849699398797595 6.331569679768769 -2.550259133430508 0.9248116446073418 -1.0431121668966448 -6.073449181955759 -4.655773217108639 9.871476256333256 16.530420354228177 30.419015658257347 12.496002886302726 15.009019392782378 4.291086372639554 8.667538939367066 -4.103772439852459 -1.1337396731274587 15.499419174976435 3.336064037470819 7.144109781083223 -2.4690031813175217 1.153300304103766 17.031525884403003 -5.22920082913064 2.9038882143499833 -1.5485243102598112 -11.022436559871254 -8.872947264381564 -12.382725240344444 -3.329006210658001
14.909819639278556 6.342972334705426 -2.5388564784938517 0.9362142995439804 -1.0317095119599884 -6.06204652701912 -4.644370562171982 9.882878911269913 16.541823009164833 30.430418313194 12.507405541239383 15.020422047719034 4.30248902757621 8.678941594303723 -4.092369784915802 -1.1223370181908023 15.510821829913073 3.3474666924074574 7.15551243601988 -2.4576005263808653 1.1647029590404223 17.04292853933966 -5.217798174193984 2.9152908692866397 -1.5371216553231548 -11.011033904934616 -8.861544609444925 -12.371322585407787 -3.3176035557213446
14.969939879759519 6.354283896262007 -2.52754491693727 0.9475258611005799 -1.0203979504034066 -6.050734965462521 -4.6330590006154 9.894190472826494 16.553134570721415 30.441729874750582 12.518717102795964 15.031733609275616 4.31380058913281 8.690253155860304 -4.0810582233592205 -1.1110254566342206 15.522133391469673 3.358778253964057 7.166823997576461 -2.4462889648242836 1.176014520597004 17.05424010089624 -5.206486612637402 2.9266024308432215 -1.525810093766573 -10.999722343378016 -8.850233047888326 -12.360011023851206 -3.306291994164745
15.03006012024048 6.365506275657236 -2.5163225375420417 0.9587482404957903 -1.0091755710081962 -6.0395125860673105 -4.621836621220172 9.905412852221723 16.564356950116625 30.452952254145803 12.529939482191192 15.042955988670844 4.32502296852802 8.701475535255533 -4.069835843963992 -1.0998030772389924 15.533355770864883 3.3700006333592674 7.178046376971672 -2.4350665854290554 1.1872368999922323 17.06546248029145 -5.195264233242174 2.937824810238432 -1.5145877143713449 -10.988499963982806 -8.839010668493115 -12.348788644455977 -3.2950696147695346
15.090180360721442 6.3766374952011695 -2.505191317998108 0.9698794600397243 -0.9980443514642623 -6.0283813665233765 -4.610705401676238 9.916544071765657 16.57548816966056 30.464083473689737 12.541070701735126 15.054087208214778 4.336154188071954 8.712606754799467 -4.058704624420058 -1.0886718576950585 15.544486990408817 3.3811318529032013 7.189177596515606 -2.4239353658851215 1.1983681195361662 17.076593699835385 -5.18413301369824 2.948956029782366 -1.503456494827411 -10.977368744438872 -8.827879448949181 -12.337657424912043 -3.2839383952256007
15.150300601202405 6.387677220284811 -2.4941515929144664 0.9809191851233656 -0.9870046263806209 -6.017341641439735 -4.599665676592597 9.927583796849298 16.5865278947442 30.475123198773378 12.552110426818768 15.06512693329842 4.3471939131555954 8.72364647988309 -4.047664899336417 -1.0776321326114349 15.555526715492459 3.3921715779868427 7.200217321599247 -2.41289564080148 1.2094078446198075 17.087633424919026 -5.173093288614599 2.959995754866007 -1.4924167697437696 -10.96632901935523 -8.81683972386554 -12.326617699828402 -3.2728986701419593
15.210420841683366 6.398625979758847 -2.4832028334404477 0.9918679445974021 -0.9760558669065844 -6.006392881965699 -4.588716917118578 9.938532556323334 16.597476654218237 30.48607195824741 12.563059186292804 15.076075692772456 4.358142672629632 8.734595239357127 -4.0367161398623805 -1.0666833731373984 15.566475474966495 3.403120337460879 7.211166081073284 -2.4019468813274436 1.220356604093844 17.098582184393063 -5.162144529140562 2.9709445143400437 -1.481468010269733 -10.955380259881194 -8.805890964391503 -12.315668940354366 -3.261949910667923
15.270541082164328 6.409487558283846 -2.472341254915449 1.002729523122401 -0.9651942883815856 -5.9955313034407 -4.577855338593579 9.949394134848315 16.608338232743236 30.496933536772406 12.573920764817785 15.086937271297437 4.369004251154631 8.745456817882125 -4.0258545613373995 -1.0558217946123996 15.577337053491494 3.413981915985878 7.222027659598282 -2.391085302802445 1.231218182618825 17.109443762918062 -5.151282950615563 2.9818060928650425 -1.4706064317447343 -10.944518681356195 -8.795029385866505 -12.304807361829367 -3.251088332142924
15.33066132264529 6.420260032002254 -2.4615687811970233 1.0135019968408088 -0.95442181466316 -5.984758829722292 -4.567082864875154 9.960166608566741 16.61911070646166 30.507706010490825 12.584693238536211 15.097709745015862 4.379776724873039 8.756229291600551 -4.015082087618974 -1.045049320893974 15.588109527209902 3.424754389704286 7.23280013331669 -2.380312829084037 1.2419906563372507 17.120216236636487 -5.1405104768971555 2.992578566583468 -1.4598339580263264 -10.933746207637787 -8.784256912148097 -12.294034888110959 -3.240315858424516
15.390781563126252 6.430943147185175 -2.450885666014102 1.0241851120237477 -0.9437386994802388 -5.974075714539371 -4.556399749692233 9.970849723749662 16.629793821644583 30.518389125673753 12.595376353719132 15.108392860198784 4.39045984005596 8.766912406783472 -4.004398972436053 -1.0343662057110528 15.59879264239284 3.4354375048872248 7.243483248499629 -2.3696297139011158 1.252673771520172 17.13089935181941 -5.129827361714234 3.0032616817663893 -1.4491508428434052 -10.923063092454848 -8.773573796965158 -12.283351772928038 -3.229632743241595
15.450901803607215 6.441536525762075 -2.4402922874372024 1.0347784906006474 -0.9331453209033391 -5.963482335962453 -4.545806371115333 9.981443102326562 16.640387200221483 30.528982504250653 12.605969732296032 15.118986238775683 4.401053218632877 8.777505785360372 -3.993805593859153 -1.023772827134153 15.60938602096974 3.4460308834641245 7.254076627076529 -2.359036335324216 1.2632671500970716 17.14149273039631 -5.119233983137335 3.013855060343289 -1.4385574642665055 -10.912469713877949 -8.762980418388258 -12.272758394351138 -3.2190393646646775
