web/models/mosfit_kne/mosfit_kn_3.0000/mosfit_kn_0.001000_0.3590_3.0000.dat
# %ECSV 1.0
# ---
# datatype:
# - {name: time, datatype: float64}
# - {name: PS1_g, datatype: float64}
# - {name: PS1_i, datatype: float64}
# - {name: PS1_r, datatype: float64}
# - {name: PS1_w, datatype: float64}
# - {name: PS1_y, datatype: float64}
# - {name: PS1_z, datatype: float64}
# - {name: swift_uvot_B, datatype: float64}
# - {name: swift_uvot_U, datatype: float64}
# - {name: swift_uvot_uvm2, datatype: float64}
# - {name: swift_uvot_uvw1, datatype: float64}
# - {name: swift_uvot_uvw2, datatype: float64}
# - {name: swift_uvot_V, datatype: float64}
# - {name: johnson_B, datatype: float64}
# - {name: johnson_I, datatype: float64}
# - {name: johnson_R, datatype: float64}
# - {name: johnson_U, datatype: float64}
# - {name: johnson_V, datatype: float64}
# - {name: sdss_g, datatype: float64}
# - {name: sdss_i, datatype: float64}
# - {name: sdss_r, datatype: float64}
# - {name: sdss_u, datatype: float64}
# - {name: sdss_z, datatype: float64}
# - {name: ATLAS_c, datatype: float64}
# - {name: ATLAS_o, datatype: float64}
# - {name: ukirt_H, datatype: float64}
# - {name: ukirt_J, datatype: float64}
# - {name: ukirt_K, datatype: float64}
# - {name: Clear, datatype: float64}
# meta: !!omap
# - comment: [kappa = 3.0, type = rprocess, mass = 0.001, velocity = 0.359, theta_obs = 0.0, tfloor = 1000.0]
# schema: astropy-2.0
time PS1_g PS1_i PS1_r PS1_w PS1_y PS1_z swift_uvot_B swift_uvot_U swift_uvot_uvm2 swift_uvot_uvw1 swift_uvot_uvw2 swift_uvot_V johnson_B johnson_I johnson_R johnson_U johnson_V sdss_g sdss_i sdss_r sdss_u sdss_z ATLAS_c ATLAS_o ukirt_H ukirt_J ukirt_K Clear
[from data line 296]
17.85571142284569 16.910871057073162 8.029042243873885 11.504113021911717 9.53618921040773 4.505852195348616 5.923528160195755 20.45077763363765 27.10972173153256 40.99831703556173 23.07530426360712 25.58832077008677 14.870387749943948 19.24684031667146 6.4755289374519345 9.445561704176935 26.07872055228081 13.915365414775193 17.7234111583876 8.110298195986871 11.732601681408159 27.610827261707385 5.350100548173753 13.483189591654359 9.030777067044582 -0.443135182566879 1.7063541129228113 -1.80342386304005 7.250295166646392
17.915831663326653 16.927164953124905 8.045336139925627 11.52040691796346 9.552483106459473 4.522146091400359 5.939822056247497 20.467071529689385 27.1260156275843 41.014610931613475 23.09159815965886 25.604614666138513 14.88668164599569 19.2631342127232 6.491822833503677 9.461855600228677 26.095014448332552 13.931659310826936 17.73970505443934 8.126592092038614 11.748895577459901 27.627121157759127 5.366394444225495 13.499483487706101 9.047070963096324 -0.42684128651513675 1.7226480089745535 -1.7871299669883078 7.266589062698134
17.975951903807616 16.94341047672758 8.061581663528301 11.53665244156615 9.568728630062164 4.53839161500305 5.9560675798501705 20.483317053292065 27.142261151186986 41.03085645521616 23.107843683261546 25.620860189741187 14.902927169598382 19.279379736325875 6.5080683571063505 9.478101123831351 26.111259971935233 13.947904834429627 17.755950578042032 8.142837615641287 11.765141101062575 27.64336668136181 5.382639967828169 13.515729011308792 9.063316486698998 -0.41059576291244526 1.738893532577245 -1.770884443385634 7.282834586300826
18.036072144288575 16.959606435023726 8.077777621824449 11.552848399862281 9.584924588358295 4.55458757329918 5.9722635381463185 20.499513011588206 27.158457109483123 41.0470524135123 23.124039641557683 25.637056148037335 14.919123127894512 19.295575694622023 6.524264315402498 9.494297082127499 26.127455930231374 13.964100792725757 17.772146536338163 8.159033573937435 11.781337059358723 27.65956263965795 5.398835926124317 13.531924969604923 9.079512444995146 -0.3943998046163151 1.7550894908733752 -1.7546884850894862 7.299030544596956
18.096192384769537 16.97575311021474 8.093924297015462 11.568995075053312 9.601071263549326 4.570734248490211 5.988410213337332 20.515659686779227 27.174603784674147 41.06319908870332 23.140186316748707 25.653202823228348 14.935269803085543 19.311722369813037 6.540410990593512 9.510443757318512 26.143602605422394 13.980247467916788 17.788293211529194 8.175180249128449 11.797483734549736 27.675709314848973 5.41498260131533 13.548071644795954 9.09565912018616 -0.378253129425284 1.7712361660644063 -1.7385418098984728 7.315177219787969
18.1563126252505 16.991850787258596 8.1100219740593 11.58509275209715 9.617168940593164 4.5868319255340495 6.00450789038117 20.531757363823075 27.190701461717985 41.07929676574716 23.156283993792545 25.669300500272197 14.951367480129381 19.327820046856875 6.55650866763735 9.52654143436235 26.159700282466233 13.996345144960626 17.80439088857303 8.191277926172305 11.813581411593574 27.69180699189281 5.431080278359186 13.564169321839792 9.111756797230015 -0.36215545238144586 1.7873338431082444 -1.722444132854617 7.331274896831825
18.216432865731463 17.00789974992288 8.126070936723604 11.601141714761454 9.633217903257467 4.602880888198353 6.020556853045473 20.54780632648737 27.20675042438229 41.09534572841146 23.172332956456845 25.685349462936497 14.967416442793684 19.34386900952118 6.572557630301653 9.542590397026654 26.17574924513054 14.01239410762493 17.820439851237335 8.20732688883659 11.829630374257878 27.707855954557115 5.4471292410234895 13.580218284504095 9.1278057598943 -0.3461064897171424 1.8033828057725478 -1.7063951701903135 7.347323859496129
18.276553106212425 17.023900286104894 8.142071472905617 11.617142250943449 9.64921843943948 4.618881424380348 6.036557389227486 20.56380686266938 27.22275096056429 41.111346264593465 23.18833349263885 25.701349999118502 14.98341697897568 19.35986954570319 6.588558166483666 9.558590933208666 26.191749781312552 14.028394643806925 17.83644038741933 8.223327425018603 11.84563091043989 27.723856490739117 5.463129777205484 13.596218820686108 9.143806296076313 -0.3301059535351476 1.8193833419545427 -1.6903946340083187 7.363324395678124
18.336673346693384 17.039852668349695 8.158023855150418 11.633094633188268 9.665170821684281 4.634833806625149 6.0525097714722875 20.579759244914182 27.238703342809103 41.12729864683828 23.204285874883652 25.717302381363304 14.99936936122048 19.375821927947992 6.604510548728467 9.574543315453468 26.20770216355735 14.044347026051744 17.85239276966415 8.239279807263404 11.861583292684692 27.73980887298393 5.479082159450286 13.61217120293091 9.159758678321115 -0.3141535712903283 1.835335724199362 -1.6744422517635171 7.379276777922925
18.396793587174347 17.055757179167497 8.17392836596822 11.648999144006051 9.681075332502083 4.650738317442951 6.068414282290089 20.595663755731984 27.254607853626894 41.143203157656075 23.220190385701454 25.733206892181105 15.015273872038282 19.391726438765794 6.620415059546269 9.59044782627127 26.223606674375155 14.060251536869545 17.86829728048195 8.255184318081206 11.877487803502493 27.75571338380172 5.494986670268087 13.62807571374871 9.175663189138916 -0.298249060472527 1.8512402350171455 -1.6585377409457158 7.395181288740726
18.45691382765531 17.071614090190383 8.189785276991106 11.664856055028938 9.696932243524952 4.666595228465837 6.084271193312976 20.611520666754863 27.27046476464978 41.159060068678954 23.23604729672434 25.749063803203992 15.031130783061169 19.40758334978868 6.6362719705691555 9.606304737294156 26.23946358539803 14.076108447892414 17.88415419150482 8.271041229104092 11.89334471452538 27.771570294824606 5.510843581290974 13.64393262477158 9.191520100161803 -0.28239214944965796 1.8670971460400323 -1.642680829922829 7.411038199763613
18.517034068136272 17.087423677887035 8.205594864687757 11.68066564272559 9.71274183122162 4.682404816162489 6.100080781009627 20.627330254451522 27.28627435234643 41.17486965637561 23.25185688442099 25.764873390900643 15.04694037075782 19.423392937485332 6.652081558265807 9.622114324990807 26.255273173094693 14.091918035589066 17.89996377920149 8.286850816800744 11.909154302222031 27.787379882521257 5.526653168987625 13.659742212468249 9.207329687858454 -0.26658256175300665 1.8829067337366836 -1.6268712422261777 7.4268477874602645
18.577154308617235 17.10318621245369 8.221357399254394 11.696428177292244 9.728504365788258 4.698167350729143 6.115843315576264 20.64309278901817 27.30203688691308 41.19063219094226 23.26761941898764 25.78063592546729 15.062702905324475 19.43915547205197 6.667844092832444 9.637876859557444 26.271035707661337 14.10768057015572 17.915726313768126 8.302613351367398 11.924916836788686 27.803142417087905 5.54241570355428 13.675504747034886 9.223092222425109 -0.2508200271863521 1.8986692683033382 -1.6111087076595232 7.442610322026919
18.637274549098194 17.118901963918614 8.237073150719336 11.712143928757168 9.744220117253182 4.7138831021940675 6.131559067041206 20.658808540483093 27.31775263837801 41.206347942407184 23.28333517045257 25.796351676932222 15.078418656789399 19.45487122351691 6.683559844297386 9.653592611022386 26.28675145912626 14.123396321620644 17.93144206523305 8.318329102832323 11.94063258825361 27.818858168552836 5.558131455019204 13.69122049849981 9.238807973890033 -0.2351042757214279 1.9143850197682624 -1.595392956194599 7.458326073491843
18.697394789579157 17.134571191780026 8.25274237858073 11.72781315661858 9.759889345114594 4.72955233005548 6.1472282949026 20.674477768344502 27.333421866239416 41.222017170268586 23.299004398313972 25.812020904793624 15.094087884650811 19.470540451378305 6.69922907215878 9.66926183888378 26.302420686987674 14.139065549482057 17.947111293094462 8.333998330693735 11.956301816115005 27.83452739641424 5.573800682880616 13.706889726361222 9.254477201751445 -0.21943504786001555 1.9300542476296747 -1.5797237283331866 7.473995301353256
18.75751503006012 17.150194166808408 8.268365353609113 11.743436131646963 9.775512320142976 4.745175305083862 6.162851269930982 20.690100743372888 27.349044841267798 41.23764014529697 23.314627373342358 25.82764387982201 15.109710859679193 19.486163426406687 6.714852047187162 9.684884813912163 26.318043662016045 14.154688524510439 17.962734268122844 8.349621305722117 11.971924791143387 27.850150371442624 5.589423657908998 13.722512701389604 9.270100176779827 -0.2038120728316335 1.9456772226580568 -1.5641007533048046 7.489618276381638
18.817635270541082 17.16577114842801 8.283942335228733 11.759013113266565 9.791089301762597 4.760752286703465 6.178428251550603 20.705677724992498 27.364621822887408 41.25321712691658 23.330204354961968 25.84322086144162 15.125287841298796 19.501740408026308 6.730429028806783 9.700461795531783 26.33362064363566 14.170265506130042 17.978311249742447 8.36519828734172 11.987501772763007 27.865727353062233 5.605000639528601 13.738089683009225 9.28567715839943 -0.18823509121203075 1.9612542042776595 -1.5485237716852018 7.50519525800124
18.877755511022045 17.1813024007478 8.299473587548523 11.774544365586355 9.806620554082368 4.776283539023254 6.193959503870392 20.72120897731228 27.380153075207197 41.26874837923637 23.345735607281757 25.8587521137614 15.140819093618585 19.517271660346097 6.745960281126572 9.715993047851555 26.349151895955448 14.18579675844983 17.993842502062236 8.380729539661509 12.003033025082797 27.881258605382023 5.62053189184839 13.753620935328996 9.30120841071922 -0.1727038388922415 1.9767854565974488 -1.5329925193654126 7.52072651032103
18.937875751503004 17.196788178328433 8.314959365129155 11.790030143167005 9.822106331663019 4.791769316603904 6.209445281451025 20.73669475489292 27.39563885278784 41.284234156817014 23.3612213848624 25.87423789134205 15.156304871199236 19.53275743792673 6.761446058707205 9.731478825432205 26.364637673536087 14.201282536030481 18.009328279642887 8.396215317242142 12.01851880266343 27.896744382962666 5.636017669429023 13.769106712909647 9.316694188299852 -0.157218061311591 1.9922712341780993 -1.517506741784762 7.53621228790168
18.997995991983966 17.212228734728665 8.330399921529388 11.80547069956722 9.837546888063233 4.807209873004119 6.224885837851257 20.752135311293145 27.411079409188062 41.299674713217236 23.376661941262622 25.889678447742273 15.17174542759945 19.548197994326962 6.776886615107437 9.746919381832438 26.380078229936313 14.216723092430696 18.0247688360431 8.411655873642374 12.033959359063662 27.912184939362888 5.651458225829256 13.784547269309861 9.332134744700085 -0.1417775049113763 2.007711790578314 -1.5020661853845474 7.551652844301895
19.05811623246493 17.227624327999234 8.345795514799939 11.820866292837788 9.852942481333802 4.822605466274688 6.240281431121808 20.767530904563714 27.426475002458623 41.315070306487804 23.392057534533183 25.905074041012835 15.187141020870019 19.563593587597513 6.792282208378006 9.762314975102989 26.39547382320688 14.232118685701264 18.04016442931367 8.427051466912943 12.04935495233423 27.92758053263345 5.666853819099824 13.79994286258043 9.347530337970653 -0.1263819116408078 2.0231073838488824 -1.486670592113979 7.567048437572463
19.118236472945892 17.242975208900475 8.361146395701198 11.83621717373903 9.868293362235061 4.837956347175929 6.255632312023067 20.782881785464962 27.441825883359876 41.33042118738906 23.407408415434432 25.920424921914083 15.20249190177126 19.578944468498772 6.807633089279247 9.777665856004248 26.41082470410813 14.247469566602524 18.05551531021493 8.442402347814184 12.064705833235472 27.9429314135347 5.682204700001066 13.81529374348169 9.362881218871895 -0.11103103073954856 2.038458264750124 -1.4713197112127374 7.582399318473705
19.178356713426854 17.25828162466895 8.376452811469655 11.851523589507504 9.883599778003518 4.853262762944404 6.270938727791524 20.79818820123343 27.45713229912834 41.34572760315752 23.4227148312029 25.93573133768255 15.217798317539735 19.59425088426723 6.822939505047704 9.792972271772705 26.426131119876597 14.26277598237098 18.070821725983386 8.457708763582659 12.080012249003946 27.958237829303165 5.69751111576954 13.830600159250146 9.37818763464037 -0.09572461497109175 2.0537646805185985 -1.4560132954442628 7.597705734242179
19.238476953907814 17.27354382636504 8.391715013165761 11.866785791203611 9.898861979699625 4.868524964640493 6.286200929487631 20.813450402929526 27.472394500824446 41.36098980485362 23.437977032898996 25.950993539378647 15.233060519235824 19.609513085963336 6.838201706743811 9.808234473468811 26.441393321572697 14.278038184067087 18.086083927679493 8.472970965278748 12.095274450700035 27.973500030999272 5.712773317465629 13.845862360946253 9.393449836336458 -0.08046241327498493 2.0690268822147053 -1.4407510937481738 7.6129679359382685
19.298597194388776 17.288762057633118 8.40693324443384 11.88200402247169 9.914080210967704 4.88374319590859 6.30141916075571 20.828668634197605 27.487612732092526 41.376208036121696 23.453195264167075 25.966211770646726 15.248278750503903 19.624731317231415 6.85341993801189 9.82345270473689 26.456611552840776 14.293256415335167 18.101302158947572 8.488189196546827 12.110492681968115 27.98871826226735 5.7279915487337085 13.861080592214332 9.408668067604538 -0.06524418200690563 2.0842451134827846 -1.4255328624800945 7.628186167206348
19.35871743486974 17.3039365648091 8.422107751609822 11.897178529647654 9.929254718143685 4.898917703084553 6.316593667931691 20.843843141373586 27.5027872392685 41.39138254329768 23.468369771343056 25.981386277822708 15.263453257679885 19.639905824407396 6.868594445187871 9.838627211912872 26.471786060016754 14.30843092251113 18.116476666123553 8.503363703722808 12.125667189144096 28.003892769443326 5.74316605590969 13.876255099390313 9.423842574780519 -0.05006967483094216 2.099419620658748 -1.4103583553041132 7.643360674382329
19.4188376753507 17.319067586595498 8.437238773396203 11.912309551434053 9.944385739930066 4.914048724870952 6.331724689718072 20.858974163159978 27.517918261054888 41.40651356508406 23.483500793129448 25.9965172996091 15.278584279466283 19.655036846193777 6.883725466974252 9.853758233699253 26.486917081803146 14.323561944297529 18.131607687909934 8.518494725509207 12.140798210930477 28.019023791229714 5.7582970776960885 13.891386121176694 9.438973596566917 -0.034938653044543466 2.114550642445147 -1.3952273335177146 7.658491696168728
19.478957915831664 17.33415536752066 8.452326554321381 11.92739733235923 9.959473520855244 4.929136505796112 6.3468124706432505 20.874061944085145 27.533006041980066 41.42160134600924 23.498588574054615 26.011605080534267 15.293672060391444 19.670124627118955 6.89881324789943 9.868846014624431 26.502004862728313 14.338649725222707 18.146695468835112 8.533582506434367 12.155885991855655 28.03411157215489 5.773384858621249 13.906473902101872 9.454061377492078 -0.019850872119365315 2.129638423370325 -1.3801395525925542 7.673579477093888
19.539078156312623 17.349200141821797 8.46737132862252 11.94244210666037 9.974518295156383 4.944181280097268 6.361857244944389 20.889106718386284 27.548050816281204 41.43664612031038 23.513633348355764 26.026649854835405 15.3087168346926 19.685169401420094 6.913858022200569 9.88389078892557 26.51704963702945 14.353694499523845 18.16174024313625 8.548627280735506 12.170930766156793 28.04915634645603 5.788429632922387 13.92151867640301 9.469106151793216 -0.00480609781822694 2.1446831976714633 -1.3650947782914158 7.6886242513950265
