web/models/mosfit_kne/mosfit_kn_3.0000/mosfit_kn_0.500000_0.3277_3.0000.dat
# %ECSV 1.0
# ---
# datatype:
# - {name: time, datatype: float64}
# - {name: PS1_g, datatype: float64}
# - {name: PS1_i, datatype: float64}
# - {name: PS1_r, datatype: float64}
# - {name: PS1_w, datatype: float64}
# - {name: PS1_y, datatype: float64}
# - {name: PS1_z, datatype: float64}
# - {name: swift_uvot_B, datatype: float64}
# - {name: swift_uvot_U, datatype: float64}
# - {name: swift_uvot_uvm2, datatype: float64}
# - {name: swift_uvot_uvw1, datatype: float64}
# - {name: swift_uvot_uvw2, datatype: float64}
# - {name: swift_uvot_V, datatype: float64}
# - {name: johnson_B, datatype: float64}
# - {name: johnson_I, datatype: float64}
# - {name: johnson_R, datatype: float64}
# - {name: johnson_U, datatype: float64}
# - {name: johnson_V, datatype: float64}
# - {name: sdss_g, datatype: float64}
# - {name: sdss_i, datatype: float64}
# - {name: sdss_r, datatype: float64}
# - {name: sdss_u, datatype: float64}
# - {name: sdss_z, datatype: float64}
# - {name: ATLAS_c, datatype: float64}
# - {name: ATLAS_o, datatype: float64}
# - {name: ukirt_H, datatype: float64}
# - {name: ukirt_J, datatype: float64}
# - {name: ukirt_K, datatype: float64}
# - {name: Clear, datatype: float64}
# meta: !!omap
# - comment: [kappa = 3.0, type = rprocess, mass = 0.5000000000045836, velocity = 0.32766666666666666, theta_obs = 0.0, tfloor = 1000.0]
# schema: astropy-2.0
time PS1_g PS1_i PS1_r PS1_w PS1_y PS1_z swift_uvot_B swift_uvot_U swift_uvot_uvm2 swift_uvot_uvw1 swift_uvot_uvw2 swift_uvot_V johnson_B johnson_I johnson_R johnson_U johnson_V sdss_g sdss_i sdss_r sdss_u sdss_z ATLAS_c ATLAS_o ukirt_H ukirt_J ukirt_K Clear
[from data line 85]
5.170340681362725 -20.97787942449834 -20.925433016762156 -21.004842454712094 -20.98483870713519 -20.701594865859896 -20.80647328193299 -20.80092640833333 -21.65004581328212 -21.052092803866657 -21.303574406453816 -20.62703763708932 -21.019298839735143 -20.81888080064037 -21.314145891636215 -21.201148121855137 -21.46201429512437 -21.033411432071297 -20.965778129228294 -20.93702235820194 -21.00716827043149 -20.688716451280502 -20.783718640137394 -20.99898367231665 -20.988439759690074 -19.974801637309408 -20.408007851026237 -19.532077746569808 -20.940482305558508
5.2304609218436875 -20.98417308039039 -20.93736081708702 -21.014655323127958 -20.993785880960232 -20.71550892632148 -20.819631211880445 -20.805459726626065 -21.64980003346127 -21.039086250552067 -21.29550015645684 -20.611628808364436 -21.027474470602254 -20.823542089198956 -21.326636334963116 -21.211468063174365 -21.46268985548214 -21.041695649434274 -20.971577124694072 -20.9488967015038 -21.01697410155282 -20.689145577612926 -20.79706477783393 -21.006544331860457 -20.999101442787467 -19.991343141307084 -20.423350739783785 -19.549423620024996 -20.94992298710684
5.290581162324649 -20.98726064544163 -20.946969138738503 -21.02181532259973 -20.999950237993144 -20.72741694950027 -20.830663744009108 -20.80650914585916 -21.6453206600249 -21.01985702757521 -21.281986563456847 -20.58965186022624 -21.0327386141383 -20.824740256865017 -21.336896170142936 -21.219215588063378 -21.45927572218466 -21.04708597003833 -20.97409219915045 -20.958443125151582 -21.02412575021166 -20.685445851121713 -20.808315332344485 -21.011100083490817 -21.00724500955888 -20.00629303980682 -20.436913118854445 -19.565304488082496 -20.956661232769793
5.350701402805611 -20.98295037267844 -20.95133551592859 -21.02292295020799 -20.99974349369102 -20.73484482774388 -20.83692604859719 -20.79948556052739 -21.63094428781754 -20.985885654873563 -21.25563241001439 -20.552078571420157 -21.031321954327435 -20.81791566591154 -21.342130018121665 -21.221106085692842 -21.44631497522853 -21.04583804202965 -20.969020179549656 -20.96272709149675 -21.02522192258073 -20.672104458592298 -20.81486807266037 -21.00874640768435 -21.009663358385122 -20.01777014763922 -20.446543469420977 -19.578020415351332 -20.957222640710853
5.410821643286573 -20.984197795550887 -20.959521667598562 -21.02850228025435 -21.004280304908303 -20.74548048886097 -20.846629076665373 -20.798562068961203 -21.624143998372176 -20.963440894579687 -21.239288900205118 -20.526797990729587 -21.034881274661316 -20.817152188305727 -21.351010345465628 -21.227312381960097 -21.440645282184907 -21.049532987169815 -20.96965845052093 -20.97084729934215 -21.03079180910747 -20.666129846756824 -20.824803636257876 -21.011560987887936 -21.016292493701396 -20.03164537365897 -20.458941415012042 -19.592886385109725 -20.962377460633306
5.4709418837675345 -20.98222310774819 -20.96539333507355 -21.0314252828268 -21.006033613327144 -20.754123400204616 -20.854216794758553 -20.79413135389797 -21.613071231138097 -20.93470457620127 -21.21746233415177 -20.494902759601356 -21.035518610848733 -20.812903359454683 -21.357667484751357 -21.230945332546895 -21.43084941665774 -21.050324428461803 -20.966994950723254 -20.976644354336962 -21.033703829579853 -20.655988626171276 -20.8326546020432 -21.011361089473084 -21.020404360512988 -20.043953132362248 -20.469578179334462 -19.606314561589123 -20.964833594198442
5.531062124248497 -20.982676798243745 -20.97289559333813 -21.036277907268737 -21.009843791794136 -20.76411634347714 -20.863261314342285 -20.79237770591026 -21.60535400557034 -20.911144320027763 -21.2001186942911 -20.468548130680237 -21.03831667514107 -20.81131395753554 -21.365875800807174 -21.2364366014216 -21.424277831571505 -21.053261599600535 -20.966829884558127 -20.984079547483994 -21.038546313558317 -20.649106302785967 -20.84193587217026 -21.01341150393086 -21.026326546521332 -20.05723971122215 -20.481363215269663 -19.620607723693727 -20.96927873515858
5.591182364729459 -20.98320992544055 -20.980389397937422 -21.041154391291812 -21.013698553395947 -20.774070911736224 -20.8722787980607 -20.790730065655396 -21.59782006100521 -20.88798755953706 -21.183109776398048 -20.442672156241656 -21.041163018474382 -20.809829309148874 -21.374067279475685 -21.241944587295844 -21.417873915545133 -21.056245939032095 -20.96675198953667 -20.991507086857908 -21.043412527708814 -20.642395061928376 -20.85118740568026 -21.01552366391143 -21.032260722862297 -20.070448191071467 -20.493088442618088 -19.63481032734483 -20.97376388210307
5.651302605210421 -20.972789655790915 -20.980201379028394 -21.037117575208004 -21.008173731608828 -20.777502305406443 -20.87433178086286 -20.77710234035416 -21.57554467190094 -20.84278710224258 -21.146962458936986 -20.39354726216484 -21.03413971641797 -20.79644261775226 -21.37490561016711 -21.238837569422763 -21.39725728869027 -21.049426619691452 -20.95543354830177 -20.991221591594744 -21.039360152364157 -20.62132583499457 -20.853584900168336 -21.007428588638533 -21.029781376227206 -20.07866534634514 -20.499124393362713 -19.644489043244132 -20.969171755014155
5.7114228456913825 -20.98831516986472 -20.997997518925526 -21.054059420388 -21.02478762364285 -20.796101961479447 -20.892625410675727 -20.791915817096235 -21.58844000312568 -20.85060167343173 -21.156788543892855 -20.400502732248963 -21.05041848528205 -20.811309813844584 -21.39292962980041 -21.255985985268932 -21.410520328940976 -21.06575083628227 -20.97075975624671 -21.00899608995011 -21.056298470063464 -20.63448830560583 -20.871955054232618 -21.02347072987433 -21.047069266455694 -20.098327413427906 -20.51830229716181 -19.664475477383135 -20.985993591750862
5.771543086172344 -20.983531966129405 -21.001610787869378 -21.054512946490203 -21.024035514600374 -20.802687598611822 -20.898078941863307 -20.784498730166725 -21.57393253730545 -20.81732665012064 -21.130959853575764 -20.364088031734052 -21.04841894250572 -20.804092106393494 -21.397385960392825 -21.257204142462058 -21.39737139056611 -21.06391992877828 -20.965239564465303 -21.01252929748238 -21.05673871581189 -20.620967052930954 -20.877691797077222 -21.020599983954327 -21.04880377717354 -20.10884301996988 -20.527027093206218 -19.676190668123144 -20.98601349852334
5.831663326653306 -20.979341118363646 -21.005581819833008 -21.055411496246617 -21.023772813413757 -20.8095495823245 -20.90383974771692 -20.777746289897074 -21.560291841679735 -20.785473385681414 -21.10635698252585 -20.329238951327703 -21.046931300304152 -20.79753458173274 -21.40217709457896 -21.258847109732148 -21.385049440884753 -21.062597079977913 -20.960332350019595 -21.01642245361356 -21.057623999336812 -20.608282556759043 -20.883728258442495 -21.018271238545996 -21.05094957111346 -20.119527189223408 -20.53596980610717 -19.688041098080117 -20.986505864687537
5.891783567134269 -20.981528274198737 -21.013921663130688 -21.061434535921197 -21.028927435812683 -20.82006978966554 -20.91352938941716 -20.778001592211847 -21.555357172822447 -20.766829321081456 -21.09318639095502 -20.308373179802985 -21.051154469938595 -20.797937540070674 -21.41113554737973 -21.265432066705483 -21.381107698588366 -21.0669450438551 -20.961979505983876 -21.024703558027422 -21.063636805491885 -20.604067102550516 -20.893625931969773 -21.02186411315051 -21.057914161986808 -20.132930023810683 -20.548059417872278 -19.702323233909627 -20.992232691149315
5.95190380761523 -20.97763894832502 -21.01799170112562 -21.06250660916432 -21.028884977835798 -20.826961812459253 -20.919346363758535 -20.771612072527798 -21.54225703005057 -20.73601926197979 -21.069467110215818 -20.274735817762743 -21.04989677971429 -20.791739956873293 -21.416006343590414 -21.26723201972877 -21.369290535892606 -21.06584951758444 -20.9573916412792 -21.028697566038375 -21.064695342574247 -20.59189532967885 -20.899712324620427 -21.019795840742326 -21.060205974022388 -20.143552871335682 -20.556982827749266 -19.71408376856235 -20.99293429610306
6.012024048096192 -20.964912727214173 -21.015893857379755 -21.056403984984406 -21.021309715129437 -20.82863469567373 -20.919582644527246 -20.755545392960546 -21.517235302547792 -20.687392775241133 -21.030326889541406 -20.22241636586053 -21.040680727526883 -20.775931201616554 -21.41497866088117 -21.26210305056213 -21.3459793623404 -21.05685128531277 -20.94373268862494 -21.026498121198145 -21.058574118623525 -20.568109712016014 -20.90030889871981 -21.00950582944792 -21.055735118287622 -20.15021076285501 -20.56137032163294 -19.722261204331964 -20.98635934707474
6.072144288577154 -20.97634793397141 -21.030463451269803 -21.06979220919653 -21.034267058968492 -20.844316843062796 -20.934840894158384 -20.76599506594753 -21.5250453400205 -20.688251098514193 -21.033986660410733 -20.222203627619123 -21.05315024944866 -20.786457293933957 -21.429864047265845 -21.275778783997012 -21.354293278126228 -21.06938532331133 -20.954892836738566 -21.04103773552028 -21.071956742905034 -20.57628350959236 -20.915673518101432 -21.021660475924886 -21.069605222583263 -20.167363720363834 -20.577853478441526 -19.739862369519315 -20.999613162635296
6.132264529058116 -20.971493258149465 -21.03370842035254 -21.06998367391295 -21.03335226948701 -20.850437932119235 -20.93986608298893 -20.758592791435426 -21.51082460206757 -20.656086178038272 -21.009069218439596 -20.1873090181182 -21.050966557398187 -20.779253247566846 -21.433925474631287 -21.27671399312642 -21.341373410963868 -21.06736893896826 -20.949327398523714 -21.04420519842492 -21.072133494330316 -20.563001135969152 -20.9209738267983 -21.018666996470543 -21.07104331883514 -20.17728705396999 -20.58604543720966 -19.750944112502943 -20.99946759562222
6.192384769539078 -20.97002428132411 -21.039242724026952 -21.072876980276405 -21.03529742407865 -20.85846038310704 -20.94694039387022 -20.754920064114117 -21.50125946664014 -20.63102878506522 -20.990287822451332 -20.15993572837376 -21.051804910105265 -20.775752790565182 -21.440166201123525 -21.280251285389237 -21.332931653969684 -21.068352639554618 -20.947243895242273 -21.049672446016032 -21.075013796866813 -20.554245449350415 -20.928286306121606 -21.018809697833447 -21.075016135713565 -20.188598833334495 -20.595859575206763 -19.763257724700814 -21.00208145605306
6.25250501002004 -20.972588421163127 -21.047508697818813 -21.078992184592078 -21.040646399566096 -20.868753044627226 -20.956460711134035 -20.75568930646921 -21.497233435216234 -20.61440513578518 -20.97878041877653 -20.141456939936532 -21.056246152624666 -20.77666288925139 -21.449007650607996 -21.286891429048584 -21.329819278129165 -21.072912690501827 -20.949307727560793 -21.05788379676591 -21.081118220386426 -20.550877146163504 -20.938000730778086 -21.022687664356514 -21.082011354106474 -20.201570773990426 -20.60761174959918 -19.77704548573557 -21.007977336895394
6.312625250501002 -20.955364819006697 -21.04207525545558 -21.069109820709517 -21.029195929921976 -20.86751300050972 -20.953622475223437 -20.734752319901705 -21.46638689097216 -20.557553655986855 -20.932526894014547 -20.080856082238853 -21.042899870448377 -20.756018873279668 -21.44476511201801 -21.27809631866666 -21.30085924885763 -21.059813421843586 -20.93104965305356 -21.052337325040043 -21.071213012244527 -20.521386957911236 -20.935564435946397 -21.008185478821133 -21.07395184435111 -20.205874430248404 -20.609391916523467 -19.78303656880985 -20.99766476969604
6.372745490981964 -20.954681867285068 -21.048003752209787 -21.07254259737685 -21.0317589815954 -20.875794559267842 -20.961007147441375 -20.731985919728785 -21.45806715486925 -20.534677275729315 -20.91560446057974 -20.055928403160767 -21.04438873047074 -20.753417769858483 -21.45136197957803 -21.28213984381449 -21.293595791127686 -21.061441590898117 -20.929786643979806 -21.058202391674232 -21.074632652624086 -20.513825644724513 -20.943174838101566 -21.009031366149884 -21.078408681236116 -20.217266790210836 -20.619368434019485 -19.795375471693962 -21.000870050061593
6.432865731462925 -20.962552935455783 -21.059771394407587 -21.08283902462018 -21.041546052617726 -20.888949552891614 -20.97363331291472 -20.7386286910604 -21.4614381591465 -20.52947771142938 -20.913917684691192 -20.049537128927092 -21.053538974712744 -20.76015830241476 -21.463523727103812 -21.29279658424662 -21.297588793766888 -21.070674206919563 -20.937315856432956 -21.069932634074853 -21.08492122782522 -20.51764291152468 -20.955934155667535 -21.01780441783818 -21.089309289210867 -20.23225591220363 -20.63352283927241 -19.810922561502192 -21.011037021892722
6.492985971943887 -20.953867170326763 -21.060089658691883 -21.079756766704012 -21.037295961422853 -20.892475166741598 -20.975936271199274 -20.72710355802344 -21.44235613748565 -20.490615576725467 -20.88318333652186 -20.007970275699275 -21.047806746413002 -20.74886003943073 -21.464753210989926 -21.29054793919738 -21.279942536327916 -21.06513307961183 -20.92784017887059 -21.070164430681668 -21.08182051344553 -20.499590034560864 -20.958545121144017 -21.011205569851406 -21.08762494290536 -20.240021823599058 -20.63935915937 -19.81997811174544 -21.00766873515024
6.55310621242485 -20.95712074199035 -21.068575760872825 -21.08626613541709 -21.04313253991558 -20.902826142311604 -20.985576294617818 -20.72870639439308 -21.4395695748415 -20.476349694285293 -20.873647580534502 -19.992164080751603 -21.05277522071579 -20.75059533872745 -21.473769198654093 -21.29754240080243 -21.277989369003027 -21.07021309678897 -20.930634728101438 -21.078600254215925 -21.08831895596884 -20.49740022347665 -20.968364346861446 -21.015673618512363 -21.094947837437505 -20.252838318164784 -20.651053807910493 -19.83354426321055 -21.014020288149506
6.613226452905812 -20.9405244807542 -21.063372505284672 -21.07675737607334 -21.032173817835904 -20.90168586105621 -20.98288693123143 -20.708514176064867 -21.409825583192745 -20.421650481853217 -20.829264843379054 -19.934191294669933 -21.03990909130567 -20.730693120526706 -21.46972056971829 -21.289091521261067 -21.250057498171852 -21.057591077113887 -20.913039072407305 -21.073287449580622 -21.078785895737706 -20.468952224353227 -20.96606570353547 -21.00172601907138 -21.087213342855602 -20.257069788841285 -20.65284134093135 -19.839408540580973 -21.00418926848894
6.673346693386773 -20.94289740846712 -21.07115913116365 -21.082497412008525 -21.03723203339687 -20.91140433208423 -20.99186878321399 -20.70917755141701 -21.40595277867872 -20.405938204328788 -20.818463094588466 -19.916962083633102 -21.044052668613073 -20.731495059031392 -21.478056274720505 -21.29533504039226 -21.24704459220822 -21.061851247684814 -20.91493713674133 -21.08102198398276 -21.084514138683357 -20.46569364643105 -20.97523347524854 -21.005359611890704 -21.0937978843749 -20.269342485452984 -20.663952099894516 -19.85245738233425 -21.00978642783959
6.733466933867735 -20.945086759221265 -21.078770604600923 -21.0880586501629 -21.042115017285266 -20.920951443848868 -21.00067778491214 -20.70965415159468 -21.401887816235625 -20.39002731998391 -20.807475806249265 -19.89955686932229 -21.048014245764268 -20.732110930608826 -21.486217958263396 -21.301401064825935 -21.243840107020777 -21.0659299861442 -20.916650902228007 -21.088581261410848 -21.09006340656025 -20.46224283631995 -20.984228853629805 -21.008812933835408 -21.100205857601573 -20.28144890310468 -20.67489435512808 -19.865341334818517 -21.015211184972866
