web/models/mosfit_kne/mosfit_kn_3.0000/mosfit_kn_0.002290_0.1083_3.0000.dat
# %ECSV 1.0
# ---
# datatype:
# - {name: time, datatype: float64}
# - {name: PS1_g, datatype: float64}
# - {name: PS1_i, datatype: float64}
# - {name: PS1_r, datatype: float64}
# - {name: PS1_w, datatype: float64}
# - {name: PS1_y, datatype: float64}
# - {name: PS1_z, datatype: float64}
# - {name: swift_uvot_B, datatype: float64}
# - {name: swift_uvot_U, datatype: float64}
# - {name: swift_uvot_uvm2, datatype: float64}
# - {name: swift_uvot_uvw1, datatype: float64}
# - {name: swift_uvot_uvw2, datatype: float64}
# - {name: swift_uvot_V, datatype: float64}
# - {name: johnson_B, datatype: float64}
# - {name: johnson_I, datatype: float64}
# - {name: johnson_R, datatype: float64}
# - {name: johnson_U, datatype: float64}
# - {name: johnson_V, datatype: float64}
# - {name: sdss_g, datatype: float64}
# - {name: sdss_i, datatype: float64}
# - {name: sdss_r, datatype: float64}
# - {name: sdss_u, datatype: float64}
# - {name: sdss_z, datatype: float64}
# - {name: ATLAS_c, datatype: float64}
# - {name: ATLAS_o, datatype: float64}
# - {name: ukirt_H, datatype: float64}
# - {name: ukirt_J, datatype: float64}
# - {name: ukirt_K, datatype: float64}
# - {name: Clear, datatype: float64}
# meta: !!omap
# - comment: [kappa = 3.0, type = rprocess, mass = 0.0022901433483143324, velocity = 0.10833333333333334, theta_obs = 0.0, tfloor = 1000.0]
# schema: astropy-2.0
time PS1_g PS1_i PS1_r PS1_w PS1_y PS1_z swift_uvot_B swift_uvot_U swift_uvot_uvm2 swift_uvot_uvw1 swift_uvot_uvw2 swift_uvot_V johnson_B johnson_I johnson_R johnson_U johnson_V sdss_g sdss_i sdss_r sdss_u sdss_z ATLAS_c ATLAS_o ukirt_H ukirt_J ukirt_K Clear
[from data line 351]
21.162324649298597 11.559061376717654 2.677232563518377 6.152303341556209 4.18437953005224 -0.8459574850068918 0.5717184798402464 15.098967953282141 21.75791205117705 35.64650735520623 17.72349458325161 20.236511089731263 9.51857806958844 13.895030636315951 1.1237192570964263 4.093752023821426 20.726910871925313 8.563555734419685 12.371601478032108 2.758488515631363 6.380792001052651 22.259017581351877 -0.0017091321817552796 8.131379911298868 3.6789673866890737 -5.794944862922388 -3.6454555674326965 -7.155233543395559 1.898485486290884
21.22244488977956 11.566161750941237 2.68433293774196 6.159403715779792 4.191479904275823 -0.8388571107833087 0.5788188540638295 15.106068327505724 21.765012425400634 35.653607729429815 17.730594957475194 20.243611463954846 9.525678443812023 13.902131010539534 1.1308196313200094 4.100852398045009 20.734011246148896 8.570656108643286 12.378701852255691 2.7655888898549463 6.387892375276234 22.26611795557546 0.005391242041827837 8.138480285522451 3.686067760912657 -5.787844488698805 -3.6383551932091134 -7.148133169171976 1.905585860514467
21.28256513026052 11.573251475629611 2.691422662430334 6.166493440468166 4.198569628964179 -0.8317673860949348 0.5859085787522034 15.113158052194098 21.77210215008901 35.660697454118186 17.737684682163568 20.25070118864321 9.532768168500397 13.909220735227908 1.1379093560083833 4.107942122733365 20.74110097083726 8.577745833331642 12.385791576944047 2.77267861454332 6.394982099964608 22.273207680263837 0.012480966730201715 8.145570010210808 3.6931574856010307 -5.780754764010431 -3.6312654685207395 -7.141043444483602 1.912675585202841
21.34268537074148 11.580334138176003 2.6985053249767077 6.1735761030145575 4.205652291510571 -0.8246847235485433 0.5929912412985772 15.120240714740472 21.779184812635393 35.667780116664574 17.74476734470996 20.257783851189604 9.539850831046788 13.916303397774282 1.1449920185547748 4.115024785279757 20.74818363338365 8.584828495878034 12.392874239490439 2.7797612770897118 6.402064762510999 22.28029034281022 0.019563629276593275 8.152652672757199 3.7002401481474223 -5.773672101464039 -3.624182805974348 -7.13396078193721 1.9197582477492325
21.402805611222444 11.587409416225007 2.70558060302573 6.18065138106358 4.212727569559593 -0.8176094454995209 0.6000665193475996 15.127315992789494 21.786260090684415 35.67485539471359 17.751842622758964 20.264859129238616 9.546926109095793 13.923378675823304 1.1520672966037795 4.122100063328779 20.755258911432662 8.591903773927056 12.399949517539461 2.7868365551387164 6.409140040560004 22.28736562085924 0.026638907325597927 8.159727950806221 3.707315426196427 -5.766596823415017 -3.6171075279253255 -7.1268855038882055 1.9268335257982372
21.462925851703407 11.5944772221229 2.7126484089236236 6.187719186961473 4.219795375457487 -0.8105416396016274 0.607134325245493 15.134383798687388 21.79332789658231 35.68192320061148 17.758910428656858 20.27192693513651 9.553993914993686 13.930446481721198 1.159135102501673 4.129167869226673 20.76232671733056 8.59897157982495 12.407017323437355 2.79390436103661 6.4162078464578975 22.294433426757134 0.03370671322349139 8.166795756704115 3.7143832320943204 -5.759529017517123 -3.610039722027432 -7.119817697990312 1.9339013316961307
21.52304609218437 11.601537566349709 2.7197087531504316 6.194779531188264 4.226855719684295 -0.8034812953748371 0.6141946694723011 15.141444142914196 21.800388240809106 35.68898354483828 17.765970772883666 20.278987279363317 9.561054259220494 13.937506825948006 1.166195446728481 4.136228213453481 20.769387061557367 8.60603192405174 12.414077667664163 2.800964705263418 6.423268190684706 22.30149377098393 0.040767057450299404 8.173856100930923 3.7214435763211284 -5.752468673290333 -3.602979377800642 -7.112757353763504 1.9409616759229387
21.58316633266533 11.60859048868776 2.7267616754884827 6.201832453526315 4.233908642022328 -0.796428373036786 0.6212475918103522 15.148497065252247 21.80744116314716 35.696036467176334 17.773023695221717 20.28604020170137 9.568107181558545 13.944559748286057 1.173248369066532 4.143281135791532 20.776439983895408 8.61308484638979 12.421130590002196 2.808017627601469 6.430321113022757 22.308546693321986 0.04781997978835051 8.180909023268956 3.7284964986591795 -5.745415750952282 -3.5959264554625907 -7.105704431425453 1.9480145982609898
21.64328657314629 11.615636045776903 2.7338072325776253 6.208878010615475 4.2409541991114885 -0.7893828159476257 0.6282931488994947 15.15554262234139 21.81448672023631 35.703082024265484 17.78006925231086 20.29308575879051 9.575152738647706 13.9516053053752 1.1802939261556746 4.150326692880674 20.783485540984557 8.620130403478951 12.428176147091357 2.8150631846906116 6.437366670111899 22.315592250411136 0.05486553687749307 8.187954580358117 3.735542055748322 -5.738370193863122 -3.5888808983734304 -7.09865887433631 1.9550601553501323
21.703406813627254 11.622674297006697 2.7408454838074015 6.215916261845251 4.247992450341265 -0.7823445647178495 0.6353314001292709 15.162580873571166 21.821524971466086 35.71012027549526 17.787107503540636 20.300124010020294 9.582190989877482 13.958643556604976 1.1873321773854508 4.1573649441104505 20.790523792214344 8.627168654708727 12.435214398321133 2.8221014359204055 6.444404921341675 22.322630501640912 0.06190378810728703 8.194992831587893 3.742580306978116 -5.7313319426333456 -3.581842647143654 -7.091620623106516 1.9620984065799263
21.763527054108216 11.629705301213171 2.747876488013894 6.222947266051744 4.255023454547757 -0.7753135605113748 0.6423624043357634 15.169611877777658 21.82855597567257 35.71715127970175 17.794138507747128 20.30715501422678 9.589221994083957 13.965674560811468 1.1943631815919433 4.164395948316943 20.797554796420826 8.63419965891522 12.442245402527625 2.8291324401268803 6.451435925548168 22.329661505847398 0.06893479231376176 8.202023835794385 3.749611311184591 -5.724300938426853 -3.5748116429371795 -7.084589618900042 1.969129410786401
21.82364729458918 11.636729117315738 2.754900304116461 6.229971082154311 4.262047270650324 -0.7682897444088077 0.6493862204383305 15.176635693880225 21.835579791775146 35.72417509580432 17.801162323849695 20.314178830329347 9.596245810186524 13.972698376914035 1.2013869976945104 4.17141976441951 20.804578612523393 8.641223475017787 12.449269218630192 2.8361562562294473 6.458459741650735 22.33668532194997 0.07595860841632884 8.209047651896952 3.756635127287158 -5.717277122324286 -3.5677878268345946 -7.077565802797475 1.976153226888968
21.883767535070138 11.643745807749895 2.7619169945506172 6.236987772588449 4.269063961084463 -0.7612730539746515 0.6564029108724867 15.183652384314382 21.842596482209295 35.73119178623846 17.80817901428385 20.321195520763503 9.60326250062068 13.979715067348192 1.2084036881286666 4.178436454853666 20.811595302957542 8.648240165451925 12.45628590906433 2.8431729466636035 6.465476432084891 22.34370201238412 0.08297529885048505 8.21606434233109 3.763651817721314 -5.7102604318901475 -3.560771136400456 -7.070549112363318 1.9831699173231243
21.9438877755511 11.65075542856389 2.7689266153645953 6.243997393402445 4.2760735818984585 -0.7542634331606557 0.6634125316864647 15.19066200512836 21.84960610302328 35.73820140705245 17.81518863509783 20.328205141577488 9.610272121434676 13.98672468816217 1.2154133089426447 4.185446075667644 20.81860492377153 8.655249786265921 12.463295529878327 2.8501825674775993 6.472486052898869 22.350711633198106 0.08998491966448086 8.223073963145087 3.770661438535292 -5.703250811076152 -3.5537615155864604 -7.063539491549323 1.9901795381371201
22.004008016032063 11.65775803523017 2.775929222030893 6.251000000068725 4.283076188564738 -0.7472608264943759 0.6704151383527623 15.197664611794657 21.856608709689567 35.74520401371874 17.822191241764127 20.33520774824377 9.617274728100956 13.99372729482845 1.2224159156089422 4.192448682333924 20.825607530437818 8.662252392932201 12.470298136544606 2.857185174143879 6.479488659565167 22.357714239864393 0.09698752633076069 8.230076569811366 3.7776640452015897 -5.696248204409872 -3.5467589089201805 -7.056536884883043 1.9971821448034
22.064128256513026 11.664753688947052 2.7829248757477743 6.257995653785624 4.2900718422816375 -0.7402651727774767 0.6774107920696437 15.204660265511539 21.86360436340646 35.75219966743563 17.82918689548101 20.34220340196067 9.624270381817855 14.000722948545349 1.2294115693258236 4.199444336050823 20.832603184154706 8.6692480466491 12.477293790261506 2.8641808278607783 6.486484313282048 22.364709893581285 0.10398318004765983 8.237072223528266 3.784659698918471 -5.689252550692973 -3.5397632552032814 -7.049541231166144 2.004177798520299
22.12424849699399 11.671742438032418 2.78991362483314 6.264984402870972 4.2970605913670035 -0.7332764236921285 0.6843995411550097 15.211649014596905 21.870593112491818 35.75918841652099 17.836175644566374 20.349192151046026 9.631259130903203 14.007711697630715 1.2364003184111896 4.206433085136189 20.839591933240065 8.676236795734448 12.484282539346854 2.8711695769461265 6.493473062367414 22.371698642666644 0.11097192913300802 8.244060972613632 3.791648448003837 -5.682263801607625 -3.532774506117933 -7.042552482080795 2.0111665476056473
22.184368737474948 11.678724336945727 2.796895523746432 6.271966301784282 4.304042490280295 -0.7262945247788188 0.6913814400683016 15.218630913510196 21.877575011405117 35.7661703154343 17.843157543479684 20.356174049959325 9.638241029816513 14.014693596544006 1.2433822173244815 4.213414984049481 20.846573832153375 8.683218694647758 12.491264438260163 2.878151475859436 6.500454961280724 22.378680541579943 0.11795382804631771 8.251042871526924 3.7986303469171467 -5.675281902694315 -3.5257926072046235 -7.035570583167486 2.018148446518957
22.24448897795591 11.685699435270003 2.8038706220707255 6.2789414001085575 4.311017588604571 -0.7193194264545433 0.6983565383925949 15.22560601183449 21.884550109729403 35.77314541375858 17.85013264180396 20.3631491482836 9.645216128140788 14.0216686948683 1.2503573156487748 4.220390082373757 20.85354893047765 8.690193792972034 12.498239536584439 2.8851265741837118 6.507430059604999 22.38565563990423 0.12492892637059327 8.258017969851199 3.8056054452414223 -5.668306804370039 -3.518817508880348 -7.02859548484321 2.0251235448432325
22.304609218436873 11.692667782834345 2.81083896963505 6.2859097476729 4.317985936168913 -0.712351078890201 0.7053248859569194 15.232574359398814 21.891518457293735 35.780113761322916 17.857100989368302 20.370117495847946 9.65218447570513 14.028637042432624 1.2573256632130994 4.227358429938099 20.860517278041993 8.697162140536376 12.505207884148781 2.892094921748054 6.514398407169324 22.39262398746856 0.13189727393493555 8.264986317415541 3.8125737928057646 -5.661338456805697 -3.5118491613160057 -7.021627137278868 2.032091892407575
22.364729458917836 11.699629430481284 2.817800617282007 6.292871395319839 4.32494758381587 -0.7053894312432618 0.7122865336038764 15.239536007045771 21.89848010494068 35.787075408969855 17.86406263701524 20.377079143494893 9.65914612335207 14.035598690079581 1.2642873108600563 4.234320077585056 20.867478925688932 8.704123788183315 12.51216953179572 2.8990565693949932 6.521360054816281 22.399585635115507 0.13885892158187474 8.271947965062498 3.8195354404527038 -5.654376809158758 -3.5048875136690665 -7.014665489631929 2.039053540054514
22.4248496993988 11.706584424928206 2.8247556117289108 6.299826389766761 4.331902578262774 -0.6984344367963402 0.7192415280507802 15.246491001492675 21.905435099387596 35.79403040341678 17.871017631462163 20.384034137941807 9.666101117798991 14.042553684526485 1.2712423053069601 4.24127507203196 20.874433920135854 8.711078782630237 12.519124526242642 2.906011563841915 6.5283150492632025 22.40654062956242 0.14581391602879634 8.278902959509402 3.8264904348996254 -5.647421814711836 -3.497932519222145 -7.007710495185007 2.0460085345014356
22.484969939879758 11.713532814270238 2.8317040010709604 6.3067747791087925 4.338850967604824 -0.6914860474543083 0.7261899173928299 15.253439390834725 21.91238348872964 35.800978792758805 17.877966020804195 20.390982527283846 9.673049507141023 14.049502073868535 1.2781906946490098 4.2482234613740095 20.881382309477885 8.718027171972269 12.526072915584674 2.9129599531839467 6.535263438605234 22.413489018904464 0.15276230537082824 8.285851348851434 3.8334388242416573 -5.640473425369804 -3.490984129880113 -7.000762105842975 2.0529569238434675
22.54509018036072 11.720474643759449 2.8386458305601714 6.313716608598003 4.345792797094017 -0.6845442179650973 0.7331317468820409 15.260381220323936 21.919325318218846 35.80792062224802 17.884907850293406 20.397924356773057 9.679991336630234 14.056443903357746 1.2851325241382208 4.2551652908632205 20.888324138967096 8.72496900146148 12.533014745073885 2.9199017826731577 6.542205268094445 22.42043084839367 0.1597041348600392 8.292793178340645 3.8403806537308682 -5.633531595880593 -3.484042300390902 -6.993820276353764 2.0598987533326785
22.605210420841683 11.727409955486952 2.8455811422876742 6.320651920325506 4.35272810882152 -0.6776089062375945 0.7400670586095437 15.267316532051439 21.92626062994635 35.81485593397552 17.89184316202091 20.404859668500553 9.686926648357737 14.063379215085249 1.2920678358657236 4.2621006025907056 20.8952594506946 8.731904313188982 12.539950056801388 2.9268370944006605 6.549140579821948 22.427366160121174 0.16663944658754204 8.299728490068148 3.847315965458371 -5.6265962841530905 -3.477106988663399 -6.986884964626261 2.0668340650601813
22.665330661322646 11.734338794575105 2.852509981375828 6.32758075941366 4.359656947909691 -0.6706800671494406 0.7469958976976976 15.274245371139592 21.933189469034502 35.82178477306368 17.898772001109062 20.411788507588714 9.69385548744589 14.070308054173402 1.2989966749538775 4.269029441678877 20.902188289782764 8.738833152277136 12.54687889588956 2.9337659334888144 6.556069418910102 22.434294999209328 0.17356828567569593 8.30665732915632 3.854244804546525 -5.619667445064937 -3.4701781495752453 -6.9799561255381075 2.073762904148335
22.725450901803605 11.741261200902073 2.859432387702796 6.334503165740646 4.366579354236659 -0.6637576608224549 0.7539183040246655 15.28116777746656 21.94011187536148 35.828707179390655 17.90569440743603 20.418710913915692 9.700777893772877 14.07723046050037 1.3059190812808454 4.275951848005845 20.909110696109728 8.745755558604122 12.553801302216527 2.9406883398158 6.56299182523707 22.441217405536307 0.18049069200268164 8.313579735483287 3.861167210873493 -5.612745038737951 -3.4632557432482596 -6.973033719211122 2.080685310475321
22.785571142284567 11.748177217758524 2.866348404559229 6.341419182597079 4.373495371093092 -0.6568416439660218 0.7608343208810986 15.288083794322993 21.947027892217914 35.835623196247084 17.912610424292463 20.425626930772122 9.70769391062931 14.084146477356803 1.3128350981372785 4.282867864862278 20.916026712966172 8.752671575460555 12.56071731907296 2.947604356672233 6.569907842093503 22.44813342239274 0.1874067088591147 8.32049575233972 3.8680832277299437 -5.605829021881518 -3.4563397263918265 -6.966117702354689 2.087601327331754
22.84569138276553 11.755086884898827 2.8732580716995493 6.348328849737381 4.3804050382334125 -0.6499319768257195 0.7677439880214187 15.294993461463314 21.953937559358224 35.8425328633874 17.919520091432783 20.432536597912435 9.714603577769612 14.091056144497124 1.3197447652775987 4.289777532002598 20.922936380106485 8.759581242600857 12.567626986213263 2.9545140238125356 6.576817509233823 22.45504308953305 0.1943163759994171 8.32740541948004 3.874992894870246 -5.5989193547412155 -3.449430059251524 -6.959208035214386 2.0945109944720564
