web/models/mosfit_kne/mosfit_kn_3.0000/mosfit_kn_0.007937_0.0300_3.0000.dat
# %ECSV 1.0
# ---
# datatype:
# - {name: time, datatype: float64}
# - {name: PS1_g, datatype: float64}
# - {name: PS1_i, datatype: float64}
# - {name: PS1_r, datatype: float64}
# - {name: PS1_w, datatype: float64}
# - {name: PS1_y, datatype: float64}
# - {name: PS1_z, datatype: float64}
# - {name: swift_uvot_B, datatype: float64}
# - {name: swift_uvot_U, datatype: float64}
# - {name: swift_uvot_uvm2, datatype: float64}
# - {name: swift_uvot_uvw1, datatype: float64}
# - {name: swift_uvot_uvw2, datatype: float64}
# - {name: swift_uvot_V, datatype: float64}
# - {name: johnson_B, datatype: float64}
# - {name: johnson_I, datatype: float64}
# - {name: johnson_R, datatype: float64}
# - {name: johnson_U, datatype: float64}
# - {name: johnson_V, datatype: float64}
# - {name: sdss_g, datatype: float64}
# - {name: sdss_i, datatype: float64}
# - {name: sdss_r, datatype: float64}
# - {name: sdss_u, datatype: float64}
# - {name: sdss_z, datatype: float64}
# - {name: ATLAS_c, datatype: float64}
# - {name: ATLAS_o, datatype: float64}
# - {name: ukirt_H, datatype: float64}
# - {name: ukirt_J, datatype: float64}
# - {name: ukirt_K, datatype: float64}
# - {name: Clear, datatype: float64}
# meta: !!omap
# - comment: [kappa = 3.0, type = rprocess, mass = 0.00793700525986525, velocity = 0.030000000000000023, theta_obs = 0.0, tfloor = 1000.0]
# schema: astropy-2.0
time PS1_g PS1_i PS1_r PS1_w PS1_y PS1_z swift_uvot_B swift_uvot_U swift_uvot_uvm2 swift_uvot_uvw1 swift_uvot_uvw2 swift_uvot_V johnson_B johnson_I johnson_R johnson_U johnson_V sdss_g sdss_i sdss_r sdss_u sdss_z ATLAS_c ATLAS_o ukirt_H ukirt_J ukirt_K Clear
[from data line 199]
12.024048096192384 -4.425333250891921 -8.768413509067852 -7.104665740664462 -7.573485133282709 -10.315936894171625 -9.722043774483637 -2.6951232827109193 0.038852671405092076 8.566238064441919 0.9239812950789887 2.8250087660430414 -5.620223684329251 -3.0285526740385156 -9.679103565826292 -7.921158912459181 -0.36394146086661683 -5.876893084245649 -4.0224373431485105 -8.73287540734431 -7.043910924362766 0.6982849763821974 -9.91367930670286 -5.86393303090734 -8.067928038176682 -12.118949613390784 -11.400645157953305 -12.454086791179451 -8.415067949060777
12.084168336673347 -4.347523523907988 -8.719597594505295 -7.044141252232894 -7.521067096669913 -10.279650459776306 -9.680662661520323 -2.606055663228225 0.1521220831251926 8.722185332636748 1.0128577548896627 2.9141734095785634 -5.548479025836024 -2.943331707162699 -9.634151419416767 -7.866559155943194 -0.2543093754118363 -5.80803150355132 -3.941991246397478 -8.683736703850187 -6.982585040616112 0.8104611787369898 -9.874195212718533 -5.797833202545721 -8.015853426818111 -12.101903958562266 -11.374796338327203 -12.443187671812284 -8.370734140681897
12.144288577154308 -4.269647642131211 -8.670708375402292 -6.983547117678164 -7.468610194565777 -10.243291658144074 -9.639207058782873 -2.516916603771345 0.26547007847183246 8.878062284762148 1.1016699244930988 3.0033301325901154 -5.476653038905408 -2.858063386177609 -9.589129018656301 -7.811915342693266 -0.1445997977432366 -5.739107372800782 -3.8614792615214455 -8.634524928296479 -6.921185136153252 0.9227215689269563 -9.834642764841437 -5.7316850436879285 -7.9637286963112786 -12.084800176381554 -11.34888291686101 -12.432237986262907 -8.326378576409752
12.20440881763527 -4.1917275616674665 -8.621760906007978 -6.92290121446721 -7.416129925418815 -10.2068724737107 -9.597690202826321 -2.42773086245614 0.3788661099687476 9.033828303661192 1.1903954803261034 3.0924565075285995 -5.404766372551333 -2.772771496189272 -9.544050472080833 -7.7572439210413195 -0.03484248883942376 -5.670140664659422 -3.7809239861816124 -8.585255216971017 -6.859729303441462 1.0350357402501054 -9.795034746789586 -5.665507490741177 -7.911569559565361 -12.067645420415241 -11.322914277067449 -12.421243314531532 -8.282014687469257
12.264529058116231 -4.113751933533347 -8.57274782278628 -6.862194605297027 -7.363618034478527 -10.1703871805897 -9.556105705078686 -2.338485661039381 0.4923262580063794 9.189505400658767 1.2790494426074521 3.1815675661773537 -5.332808642635237 -2.6874437380912615 -9.498908922914488 -7.702536757800041 0.0749780524897471 -5.601121407683427 -3.700313722805948 -8.535920167198157 -6.798208517725808 1.1474195062045567 -9.755365031894954 -5.599290581337044 -7.859368095378798 -12.050436368707532 -11.29688601665025 -12.410201073121135 -8.23763519599396
12.324649298597194 -4.035736666970244 -8.523680111013014 -6.8014402982433 -7.311085700162927 -10.133844549415354 -9.514463241291935 -2.249198944517171 0.6058284308454811 9.34506444105304 1.3676162085975467 3.270647569301787 -5.260794870204919 -2.602097331839634 -9.45371467275801 -7.647805820722067 0.1848402756146218 -5.532064132790457 -3.6196648424340516 -8.486530824144225 -6.736635949801997 1.2598508406891895 -9.715642969385225 -5.533047997730698 -7.8071357134311015 -12.033178270736753 -11.270805015379766 -12.399115354470512 -8.193249758833332
12.384769539078157 -3.957687209256111 -8.474561713713111 -6.740642877440699 -7.258536638226563 -10.097247787465164 -9.472766322526596 -2.159876867199105 0.719365180498013 9.500495997008752 1.4560918782648185 3.359692500774291 -5.188730329352212 -2.516738158378335 -9.408471436744545 -7.593055350290332 0.2947368456850331 -5.462973962733668 -3.5389829431441555 -8.43709115261536 -6.675016252237391 1.3723222333371154 -9.675871967339997 -5.466784342743107 -7.754876395537096 -12.015873084624145 -11.244673821940657 -12.38798768519551 -8.148861524738873
12.444889779559118 -3.879608730670494 -8.42539638689324 -6.679806702829385 -7.2059743655322706 -10.060599954361287 -9.431018296462277 -2.0705252717629206 0.8329294422492419 9.65579120751785 1.5444728199804385 3.448698591903995 -5.116620037723323 -2.4313717930530427 -9.363182754427061 -7.538289374820029 0.4046608012264553 -5.39385576844573 -3.4582733378381825 -8.387604929333428 -6.613353851854473 1.4848265538115868 -9.636055275103015 -5.400503976795115 -7.702593921688354 -11.998522680274968 -11.218494869357352 -12.376819521979064 -8.104473466756783
12.50501002004008 -3.8015060910037057 -8.376187676782347 -6.6189358830687794 -7.1534021766551525 -10.023903944035961 -9.389222327410973 -1.9811496513983073 0.9465145817462253 9.810941838687516 1.6327557075133474 3.5376623601234916 -5.044468724965399 -2.34600346967984 -9.317851968528974 -7.48351168607216 0.5146055998782796 -5.324714138902864 -3.377541019761221 -8.33807572005778 -6.551652922251741 1.5973570986383656 -9.59619596411489 -5.33421098922263 -7.6502918465689795 -11.981128828870949 -11.19227046103182 -12.365612243552649 -8.060088362193945
12.565130260521041 -3.7233810371594345 -8.326937030974033 -6.558032018015467 -7.10082115078448 -9.987160991730129 -9.347379741861008 -1.8917519904649815 1.060118320647341 9.965945514526254 1.7209406385280528 3.626583753177052 -4.97227821759988 -2.260635049549013 -9.272480458951755 -7.428723776140498 0.6245689288188384 -5.255550862419473 -3.296787776935215 -8.288504980604205 -6.489915099735573 1.7099114838625695 -9.556295335113756 -5.267906770611912 -7.597971514374446 -11.963692321339979 -11.166001609469747 -12.354366465360512 -8.015707059577846
12.625250501002004 -3.645250695212603 -8.277656261299384 -6.4971090947214805 -7.048243305898687 -9.950380524720881 -9.305500944464082 -1.8023516112822435 1.173716833691696 10.120771188130547 1.8090105589556242 3.7154454125132976 -4.900064693582967 -2.175285023542472 -9.227079295139273 -7.37393845270453 0.734527562369436 -5.186381546399301 -3.2160312330321794 -8.238904586526594 -6.428154554044987 1.8224659606744353 -9.516363427715131 -5.201606034068007 -7.545645159777088 -11.946218785464636 -11.139695698658192 -12.343086562914694 -7.971339918210081
12.685370741482965 -3.5671072930446 -8.228340398811191 -6.436161042695296 -6.99566294737874 -9.913558706851457 -9.263581642365626 -1.7129397678969227 1.2873211675835352 10.275434352516083 1.8969760870308154 3.8042578477955726 -4.827821100557277 -2.0899449451020797 -9.181643856363017 -7.319150183137347 0.8444921245286242 -5.117199417658697 -3.1352633746024416 -8.189269542568773 -6.366365163125813 1.9350313582903134 -9.476396129734503 -5.135301919287691 -7.4933073726497135 -11.92870601584607 -11.113349794892889 -12.331770819633688 -7.926981890978482
12.745490981963927 -3.488965055961817 -8.178999300503254 -6.375199510481533 -6.943090024660155 -9.8767034209901 -9.22163052927198 -1.62353251363201 1.4009115506838123 10.429909490320966 1.9848233422839994 3.893006851369233 -4.755560914722648 -2.0046301533587436 -9.136183382758755 -7.264369620676974 0.9544433274569354 -5.04801746961103 -3.054498838423232 -8.139609758782331 -6.304558733233101 2.0475879473645087 -9.436401830033354 -5.069006620730132 -7.4409683206557276 -11.911158726105098 -11.086970079035064 -12.320422897451982 -7.882641531250503
12.80561122244489 -3.410824988290102 -8.129633910582257 -6.314225494501233 -6.890525085124342 -9.839815504864529 -9.179648492121704 -1.5341309970688422 1.5144867277908427 10.584195792649048 2.0725531041660976 3.9816929807343517 -4.683285274893454 -1.919341684535784 -9.090698780925443 -7.209597679560063 1.0643798575214336 -4.978836810594964 -2.9737386480426586 -8.089926184642913 -6.242736293802338 2.1601343600225675 -9.396381400874603 -5.002720879277192 -7.388628801910357 -11.893577469810149 -11.060557251748547 -12.309043223548615 -7.838319216630207
12.86573146292585 -3.332699262828509 -8.08025270390484 -6.253248988525826 -6.837976611113703 -9.80290174998828 -9.137643015718684 -1.444748958943275 1.6280297920985733 10.738271702798677 2.1601537396196417 4.070304241041281 -4.611005748312345 -1.8340926412642171 -9.045197996962361 -7.1548434808057 1.1742852111731028 -4.909668581559125 -2.892995326679646 -8.04022734041773 -6.180907979748582 2.2726537073691055 -9.356342063066396 -4.936455104450435 -7.336297516887829 -11.875966313578433 -11.034116642891812 -12.297634953640538 -7.794022215776195
12.925851703406813 -3.2545821061427915 -8.03085205077478 -6.1922655243589375 -6.785440336263733 -9.765959377618962 -9.095610979921833 -1.355379906162969 1.7415489774007045 10.892149093895199 2.247633458509917 4.158848666583982 -4.538717145551197 -1.7488767262999831 -8.999677660465306 -7.100102941252342 1.2841672879080934 -4.840507794322197 -2.8122629192988313 -7.990509577179701 -6.119069291812487 2.385154033574981 -9.316280830642896 -4.870204168511325 -7.283970457507216 -11.858323676537273 -11.007646140123127 -12.286196856019947 -7.749746723543343
12.985971943887774 -3.176479783280044 -7.981436438628418 -6.131280332042248 -6.73292054777022 -9.728992026401162 -9.053556376194383 -1.2660309185772711 1.8550356472211684 11.045817468060367 2.3349870950378286 4.247320768550825 -4.4664255175270045 -1.6637006496220013 -8.954141988853596 -7.0453808248531695 1.394017614470655 -4.771360275111644 -2.7315478663473947 -7.940777406412423 -6.057225545358431 2.497626653395564 -9.276201560716029 -4.80397336601353 -7.231652134355819 -11.840651764573343 -10.981148620861683 -12.274730640327698 -7.705496363567583
13.046092184368737 -3.0984064950853885 -7.932015709992335 -6.070305036380539 -6.680427161967337 -9.692007570292063 -9.01148788954588 -1.1767180246295006 1.9684700395098178 11.199251661098511 2.4222007067959344 4.33570615304976 -4.394144331594448 -1.5785796843712279 -8.908600204415713 -6.990687715588931 1.5038169214607389 -4.702238975613075 -2.6508647790836903 -7.891040723036475 -5.995388529354191 2.6100518471912793 -9.236112623697945 -4.737774855149333 -7.179352666370065 -11.822955280357055 -10.95463025408822 -12.263239952953596 -7.661279639740535
13.1062124248497 -3.0203569050089385 -7.882586523793691 -6.009335515292555 -6.627956228159473 -9.655003457859284 -8.969402652453464 -1.0874352232248718 2.081859766663161 11.35246281232838 2.5092818973001134 4.424012210395741 -4.321868804165335 -1.4935079963504132 -8.863049205237836 -6.93601983524576 1.613572509843333 -4.633139291254246 -2.570208152578086 -7.841296168198699 -5.933554095923839 2.7224370463925673 -9.196011274602647 -4.671603887812257 -7.127068344961138 -11.805232777430346 -10.928089103397019 -12.251723666427965 -7.617093021241903
13.16633266533066 -2.9423377205098156 -7.833153663953123 -5.948377351330549 -6.575512344780972 -9.617983562696537 -8.927304917454446 -0.9981900935043264 2.195195560165004 11.505439739054083 2.596224937749714 4.512232828702945 -4.249605402950903 -1.4084927560093023 -8.817493483851592 -6.881382248251609 1.7232752982380073 -4.564067434683776 -2.4895848827665823 -7.7915485511912586 -5.871727919919021 2.834772940768957 -9.155901617303641 -4.6054661372748384 -7.0748039791433115 -11.787486598607495 -10.90152822685704 -12.240183594473313 -7.572940394899632
13.226452905811623 -2.864349317327992 -7.7837176393116 -5.8874310219008485 -6.5230956197213 -9.580948377122365 -8.885195190417932 -0.9089830747412642 2.3084770219712425 11.658183023482223 2.6830310461722644 4.600368920216496 -4.177354678663748 -1.3235342937310828 -8.771933536303013 -6.826775363328157 1.8329248160410816 -4.495023927391554 -2.4089953464246783 -7.741798383494505 -5.809910509224316 2.947059019508824 -9.115784150953488 -4.539361799813406 -7.02255989606245 -11.769717092970778 -10.874948053855976 -12.228620003602371 -7.528821752426502
13.286573146292584 -2.786405722668377 -7.734288174125279 -5.826508007173192 -6.47071583922072 -9.543905682845732 -8.843082055079687 -0.8198300004286196 2.4216846162798333 11.810668027787191 2.7696863983627833 4.68840613121262 -4.105129943197235 -1.2386476683360075 -8.726378471321603 -6.772209600378798 1.9425020210491861 -4.426021548957235 -2.3284539758281575 -7.692055440708856 -5.748113510651098 3.0592757894475042 -9.075667141610584 -4.4733028759172555 -6.970346070505613 -11.75192890594637 -10.84835467852601 -12.217036492180425 -7.484745472720267
13.346693386773547 -2.708500395847846 -7.68486110467995 -5.765603205783645 -6.418368209280594 -9.506852275964945 -8.800961921894466 -0.7307235101207177 2.5348276327804697 11.962908193987044 2.8561997628051654 4.776353005597947 -4.03292528181811 -1.1538257376645016 -8.680824416661636 -6.717680279464518 2.052015848091411 -4.357054601703109 -2.247954026700647 -7.642315536913902 -5.686331785697725 3.171432351463803 -9.035547148000553 -4.407283580935442 -6.918157932283879 -11.734120207698806 -10.821745656719111 -12.205431636322269 -7.440707297143092
13.40681362725451 -2.630642257844933 -7.635442705342523 -5.7047239785574 -6.36605889651813 -9.469793209298665 -8.758840351113637 -0.6416736789820476 2.647893685863707 12.114888402103109 2.94256288296225 4.864200808128324 -3.9607492337773325 -1.0690780404614701 -8.635277255439508 -6.663194059073921 2.161454197847792 -4.288131271532493 -2.1675046739857784 -7.592584979419321 -5.624572812391353 3.2835163068643602 -8.995429526240457 -4.341311499066407 -6.866001838074958 -11.716294034680582 -10.7951249606754 -12.19380778581577 -7.396712464655266
13.46693386773547 -2.552829668156349 -7.586032116171726 -5.643869169987887 -6.3137865854098685 -9.43272789144821 -8.716716648705916 -0.5526786715776766 2.7608851918355803 12.266613066967885 3.028779069295116 4.95195253458586 -3.888600462338492 -0.9844027183304542 -8.58973620254946 -6.608749845838163 2.2708193375909214 -4.219250256018793 -2.0871042187799382 -7.54286290350878 -5.562835447105368 3.3955299414362194 -8.955313618374348 -4.275385085036092 -6.813876676964945 -11.698450097393971 -10.768492176226692 -12.182164711862418 -7.352759732525325
13.527054108216433 -2.4750750612395933 -7.536637983486649 -5.583048970890392 -6.261559929177629 -9.395663252303361 -8.674598455447615 -0.4637525253948482 2.8737848320275994 12.418060672690721 3.1148361815804297 5.039595471708186 -3.8164907947088027 -0.8998130874377568 -8.54420935649258 -6.554356857205595 2.380094384601239 -4.150422887894629 -2.0067654533008294 -7.493158000744078 -5.501130034937098 3.5074559644239933 -8.915206777396332 -4.20951495724351 -6.761791278854901 -11.680592537186206 -10.741852732756632 -12.170505619443349 -7.308856488000561
13.587174348697394 -2.397369896178869 -7.487254781281614 -5.522256658002771 -6.209372730313856 -9.35859500776699 -8.632480985840889 -0.3748856221456542 2.9866046917556766 12.569248393788929 3.2007450276782206 5.127140221374514 -3.744412437307461 -0.8152998439590535 -8.498691570771346 -6.500008932902024 2.4892909924874007 -4.081641662497597 -1.9264795743922392 -7.443464715715944 -5.439449795159472 3.6193062565289758 -8.875104411339336 -4.143693609584691 -6.709739652857483 -11.662718889642532 -10.71520334651204 -12.158828594773466 -7.264997263018618
13.647294589178356 -2.3197253522023686 -7.437890305208619 -5.461501406747509 -6.15723275398901 -9.321529414559162 -8.590371135206887 -0.2860905833145388 3.0993292058057875 12.720157091565799 3.2864948011353694 5.214575402184046 -3.6723760432008605 -0.7308749419010356 -8.45319014781354 -6.445714356850297 2.598393983769529 -4.012916778024064 -1.8462580819358365 -7.393790884695051 -5.377804045888279 3.731065268728049 -8.835013154333868 -4.077930575458524 -6.657729734792994 -11.644832899182694 -10.688548922864134 -12.147136534831622 -7.221188673727852
