web/models/mosfit_kne/mosfit_kn_3.0000/mosfit_kn_0.406447_0.0613_3.0000.dat
# %ECSV 1.0
# ---
# datatype:
# - {name: time, datatype: float64}
# - {name: PS1_g, datatype: float64}
# - {name: PS1_i, datatype: float64}
# - {name: PS1_r, datatype: float64}
# - {name: PS1_w, datatype: float64}
# - {name: PS1_y, datatype: float64}
# - {name: PS1_z, datatype: float64}
# - {name: swift_uvot_B, datatype: float64}
# - {name: swift_uvot_U, datatype: float64}
# - {name: swift_uvot_uvm2, datatype: float64}
# - {name: swift_uvot_uvw1, datatype: float64}
# - {name: swift_uvot_uvw2, datatype: float64}
# - {name: swift_uvot_V, datatype: float64}
# - {name: johnson_B, datatype: float64}
# - {name: johnson_I, datatype: float64}
# - {name: johnson_R, datatype: float64}
# - {name: johnson_U, datatype: float64}
# - {name: johnson_V, datatype: float64}
# - {name: sdss_g, datatype: float64}
# - {name: sdss_i, datatype: float64}
# - {name: sdss_r, datatype: float64}
# - {name: sdss_u, datatype: float64}
# - {name: sdss_z, datatype: float64}
# - {name: ATLAS_c, datatype: float64}
# - {name: ATLAS_o, datatype: float64}
# - {name: ukirt_H, datatype: float64}
# - {name: ukirt_J, datatype: float64}
# - {name: ukirt_K, datatype: float64}
# - {name: Clear, datatype: float64}
# meta: !!omap
# - comment: [kappa = 3.0, type = rprocess, mass = 0.4064473885499596, velocity = 0.061333333333333344, theta_obs = 0.0, tfloor = 1000.0]
# schema: astropy-2.0
time PS1_g PS1_i PS1_r PS1_w PS1_y PS1_z swift_uvot_B swift_uvot_U swift_uvot_uvm2 swift_uvot_uvw1 swift_uvot_uvw2 swift_uvot_V johnson_B johnson_I johnson_R johnson_U johnson_V sdss_g sdss_i sdss_r sdss_u sdss_z ATLAS_c ATLAS_o ukirt_H ukirt_J ukirt_K Clear
[from data line 141]
8.537074148296593 -10.02148882052996 -12.779344451103185 -11.755609411438712 -11.844992707147739 -13.650798085257154 -13.329083263399326 -8.89111393976065 -7.460695937380297 -1.466468528055496 -5.571718760518429 -3.61409546644149 -10.860456067483721 -9.052379452264375 -13.485536194843572 -12.28833310228578 -7.665047552067048 -10.987913362556492 -9.761774166164123 -12.761526521512785 -11.73127206288095 -6.729932869355775 -13.426858129723751 -10.857651669153281 -12.29308148856692 -14.438280060844447 -14.184082665049685 -14.454124752394113 -12.277709324042565
8.597194388777554 -9.995554801743971 -12.767226695682936 -11.737928029160205 -11.829943525173832 -13.644468270009806 -13.320447631514316 -8.86011389310615 -7.418492627114919 -1.400624539925455 -5.5342286573156585 -3.577394570745905 -10.837859747632727 -9.022561589468129 -13.475137378224861 -12.272796661325255 -7.624593236478276 -10.96621409184676 -9.734603269971682 -12.749255091309095 -11.71333889660243 -6.688478747612532 -13.418958276404389 -10.836594375994721 -12.27877971330571 -14.44042115345315 -14.182361680396943 -14.458881943166924 -12.265902275746043
8.657314629258517 -9.96176989405642 -12.749852567060795 -11.713944813798083 -11.809105621217189 -13.63397212212302 -13.307210817209931 -8.820307296937699 -7.3653756989369334 -1.31945997383957 -5.486838012567183 -3.530949646350979 -10.80803327674434 -8.9841662050511 -13.45980658665675 -12.251368323863485 -7.5735527586806946 -10.937458061023902 -9.699348908326684 -12.731698380394771 -11.68905507084423 -6.636248122043433 -13.406597267365061 -10.808611695162913 -12.258818783490035 -14.439997066713788 -14.177345208711374 -14.461569558740964 -12.248923751982659
8.71743486973948 -9.935740410634537 -12.737593267117422 -11.696139307891738 -11.79395500190319 -13.6274867030121 -13.29842418350232 -8.789221441168628 -7.323118496708432 -1.2536954311296027 -5.449491955702932 -3.494403446535571 -10.785320249501702 -8.954270386077074 -13.449263177624015 -12.235712595942456 -7.533037082950422 -10.915647377164388 -9.672086158931421 -12.719285836203955 -11.670996031157497 -6.594731632210973 -13.398547072612281 -10.787458937553929 -12.244395073111285 -14.441971742781286 -14.175462225603999 -14.466158865302974 -12.237018535315638
8.77755511022044 -9.905359863512917 -12.722403690599311 -11.674830691839588 -11.775591694723353 -13.618669487256572 -13.28706669889078 -8.753259005532474 -7.2748291675393695 -1.1795022421426031 -5.406731906972482 -3.4525317661463393 -10.75859302350499 -8.919627026110803 -13.435967948347677 -12.216781926728217 -7.486668125196633 -10.889919991901722 -9.640344829106962 -12.703927161835917 -11.64940635357512 -6.547256304860429 -13.388003659356755 -10.762466848993402 -12.226824285845836 -14.442496673824772 -14.171727029123725 -14.469572020402504 -12.222242885683006
8.837675350701403 -9.8804408439244 -12.710806847603688 -11.657867077987039 -11.761225220693134 -13.6126634237222 -13.278831481277518 -8.723441506699913 -7.234198710816511 -1.1161796635042824 -5.371045849501979 -3.417629410336843 -10.736873311910077 -8.89097173624615 -13.426033626420104 -12.201909222866451 -7.447721079288627 -10.86908092192276 -9.614232197974513 -12.692181987769064 -11.632195073405782 -6.5073370172705935 -13.380483788978577 -10.742280766394252 -12.213144799219045 -14.444691348321326 -14.17018184196438 -14.474302897455596 -12.211029077609723
8.897795591182364 -9.849478996171914 -12.695155305201045 -11.636047295095544 -11.742406411178052 -13.603439684608567 -13.26704432767885 -8.686846392692697 -7.185174050575682 -1.0411054101621735 -5.327812449641627 -3.3753013632913063 -10.709582948751788 -8.855718520533301 -13.412294110166869 -12.18249874163994 -7.400630240009189 -10.842807017460599 -9.581898343479391 -12.676359937863921 -11.610089301649253 -6.459126564381279 -13.369520379691444 -10.716766646860734 -12.195106309280934 -14.444901207857209 -14.166089343104636 -14.477431230817215 -12.19584073182073
8.957915831663327 -9.822753525610288 -12.682283582132392 -11.617593642866453 -11.726683126226156 -13.596386707349168 -13.257670348081305 -8.655020124393317 -7.142098025490107 -0.974484815475825 -5.290076257587515 -3.3383881661613866 -10.686174830209627 -8.825112253939466 -13.401153797144254 -12.16623104736507 -7.359303323516599 -10.820322713832924 -9.553931147857728 -12.66333389223755 -11.591375613527024 -6.416784450549784 -13.36089329109404 -10.694978415249174 -12.180080712609627 -14.446392635180219 -14.163683703445729 -14.481566955705974 -12.183409234367275
9.018036072144287 -9.789073332687934 -12.664750271320813 -11.593553857996959 -11.705843401776992 -13.585638208033117 -13.244214923659925 -8.615390699276741 -7.089353474387412 -0.8943306819277224 -5.243673569240865 -3.292948532242409 -10.65635530457061 -8.786911693619345 -13.385640024062095 -12.144746096213474 -7.308596533766824 -10.791584791374296 -9.518803401165687 -12.645620671977689 -11.567031246876205 -6.364891909681809 -13.348310202409959 -10.667061996373164 -12.160044191260955 -14.445612721656483 -14.158356872840708 -14.483873188107681 -12.16641417973051
9.07815631262525 -9.765576124036635 -12.653953472173836 -11.577638914869404 -11.692458831206078 -13.580180227236944 -13.236626489264811 -8.58721098325254 -7.050855516000709 -0.8342979910991692 -5.2102523625966235 -3.2602872406674552 -10.63589035876194 -8.759861101027603 -13.376432861120186 -12.130846007591487 -7.271700741704283 -10.771974278836572 -9.494167391446506 -12.634682332522864 -11.550875596910064 -6.3270615601619795 -13.341409281767085 -10.648105323990524 -12.147283911503362 -14.448003010447826 -14.157167157353479 -14.488694030538445 -12.15605968698748
9.138276553106213 -9.72852913309568 -12.634107962246208 -11.550860759737223 -11.669126449167404 -13.567568682842204 -13.22112762542794 -8.54381764012998 -6.993483616219525 -0.7477937366670089 -5.159879458792425 -3.2109462592744573 -10.60294416927822 -8.718004417545785 -13.35874198196126 -12.106804284718617 -7.2164979335125885 -10.740190531314154 -9.455577695967214 -12.614645076464832 -11.523769832936068 -6.270590320999201 -13.326843518272344 -10.617217860360437 -12.1247866822792 -14.44603156450391 -14.15034190839142 -14.49001891478458 -12.136839687161682
9.198396793587174 -9.705401912315015 -12.623487303738052 -11.535199196402601 -11.655983560183252 -13.562209759972284 -13.213668128199725 -8.516073093002785 -6.955573243647333 -0.6887271927326948 -5.1271458278459825 -3.1789643870124205 -10.582794092470131 -8.691382449950037 -13.349689043935069 -12.093137710571337 -7.180163997048805 -10.720889381854038 -9.431328609934848 -12.603884975723911 -11.507868926097196 -6.233332233765054 -13.32006383779257 -10.59857606633786 -12.11224356501818 -14.448416120233778 -14.149193826643012 -14.494803263840586 -12.126692827015741
9.258517034068136 -9.672154962646431 -12.606098978642759 -11.511418366267971 -11.635412571505306 -13.551496067812696 -13.200289279459465 -8.476967490696243 -6.903574048322092 -0.6099316771014278 -5.081816359238349 -3.13458938625612 -10.553316927087117 -8.653706768665618 -13.334290035985685 -12.071893160339162 -7.130163012493071 -10.692493236043761 -9.396658840734151 -12.58631979819933 -11.483783209714638 -6.182157080190542 -13.307548701278655 -10.57102526575921 -12.092424184435142 -14.447530324421203 -14.14382420658569 -14.49696426848149 -12.109928189663872
9.318637274549097 -9.647236881370844 -12.594218583501906 -11.494282143674202 -11.620928633365928 -13.545105200308374 -13.191706020900131 -8.447229750504192 -6.863233643416464 -0.5475868658745169 -5.047046795520398 -3.1006051016328082 -10.531493628396113 -8.625150013850988 -13.32404627454346 -12.056847586481958 -7.09146476013996 -10.671562489422948 -9.370570808844132 -12.57429397947405 -11.466395168302963 -6.142491576778664 -13.299676931627946 -10.55079721183148 -12.078550755820334 -14.449226644756086 -14.141830658843498 -14.50116859906755 -12.098579629081385
9.37875751503006 -9.615406972529357 -12.57770452208792 -11.471593390413748 -11.601370983266257 -13.535042381428912 -13.179066214894668 -8.409734401015722 -6.813279958892924 -0.47181312816624565 -5.003737263431631 -3.058218234276303 -10.503294182949674 -8.58904826565674 -13.309456179286975 -12.036621171376158 -7.043439476414701 -10.644415974037214 -9.33736626056703 -12.557609050185139 -11.443409251275458 -6.093327790097902 -13.287874568212867 -10.524485018364391 -12.059701841917558 -14.448672719802358 -14.136937951144118 -14.503564573689472 -12.082712225439991
9.438877755511022 -9.588942369322453 -12.56472808680277 -11.453178684842804 -11.58572741032227 -13.527749558611113 -13.169502584582293 -8.378277211279308 -6.770848428524339 -0.4066690265671218 -4.9672455297957185 -3.0225387887079367 -10.480022269707227 -8.558823977418818 -13.298175324934196 -12.020380679989213 -7.002705614789743 -10.622075299845724 -9.309690829545136 -12.54448210787519 -11.42473164249818 -6.051589286350048 -13.27904990545278 -10.50288697092558 -12.044674936310766 -14.44976170609287 -14.134202210555243 -14.507254693463947 -12.0703247734345
9.498997995991983 -9.555645201102383 -12.547170140348154 -11.429274382175496 -11.565072809583157 -13.516826367284196 -13.1559280326948 -8.339150445463527 -6.718912605038074 -0.3282613463167676 -4.922344530257909 -2.978584798565048 -10.450445263556347 -8.521142514713972 -13.282597360886356 -11.99902022342836 -6.952750076830647 -10.593589642744712 -9.274980489021623 -12.526748502353051 -11.400519139663974 -6.000459075828868 -13.266339376340248 -10.475277136038113 -12.024731131468407 -14.448628165221676 -14.128601270802557 -14.509160229938336 -12.05347706965247
9.559118236472946 -9.528696591548727 -12.533805994349887 -11.410432305984948 -11.549049394251352 -13.50919088615937 -13.146002815578015 -8.307167060873095 -6.675870990948862 -0.26239909541525375 -4.88546358384724 -2.9425200628522883 -10.42670288586865 -8.49041232363055 -13.270943360008324 -11.982379606860036 -6.911417038120586 -10.57079327648166 -9.246811944571913 -12.513232717138827 -11.381409827567417 -5.958110136412884 -13.257161390987715 -10.45324465810527 -12.009313662139451 -14.449449841871454 -14.1255633971355 -14.512608235076241 -12.040745719493984
9.619238476953907 -9.499596465825757 -12.518977151889672 -11.38984816896949 -11.531440173900496 -13.500382555122314 -13.134787635452323 -8.272774355342165 -6.629858176592958 -0.19243899495482264 -4.846010777068148 -2.903923171169239 -10.400966494597014 -8.457341924865304 -13.257912349768716 -11.964114105890353 -6.867198595252628 -10.546054797081633 -9.216429975465452 -12.498244540958297 -11.360543717263205 -5.912822391215666 -13.246732716402558 -10.429316593883762 -11.992333570990876 -14.449533946276459 -14.121589088387212 -14.515454746893502 -12.026601316408048
9.67935871743487 -9.468040744637989 -12.502480933531643 -11.367278344107294 -11.5120247600065 -13.490241803636103 -13.122105615066388 -8.235630142598495 -6.580448958830161 -0.11779009726529832 -4.803620533325574 -2.862433938174774 -10.37295519370722 -8.421599450612657 -13.243314615458115 -11.94399751240325 -6.819682214226283 -10.519101054694405 -9.183521359404807 -12.481580158657959 -11.337674983960895 -5.864175386890587 -13.234882302025337 -10.403226757919093 -11.97357382998474 -14.44878527023535 -14.116553729419666 -14.517624696305978 -12.01084906634902
9.739478957915832 -9.443654565309014 -12.490728412600074 -11.350430235561468 -11.497834898400932 -13.483822899784919 -13.113553629038748 -8.206552851336514 -6.541079891374082 -0.05727107646285301 -4.770215599302006 -2.8297828191935035 -10.35153846059827 -8.393703174395831 -13.233155833786451 -11.929212642044178 -6.78190058137486 -10.498575119004235 -9.15800001484131 -12.469686539121767 -11.320575038711187 -5.825443466427469 -13.227029279520846 -10.38343244214964 -11.959927584219265 -14.450252227712957 -14.114421274579916 -14.521543014331025 -11.999737799271308
9.799599198396793 -9.410591929093357 -12.473165418612329 -11.326615287482529 -11.47729604990813 -13.472805836342214 -13.099918136314681 -8.167731389863786 -6.489628848204543 0.020097832380636227 -4.726175192383284 -2.7866642538802675 -10.322113898229308 -8.356336975944373 -13.217549454012236 -11.907935453255593 -6.732396481739588 -10.470247921872263 -9.12354444967546 -12.451950409780466 -11.29644978188212 -5.774771275932391 -13.214252952907213 -10.356011351523993 -11.940047723389089 -14.448918262113873 -14.108667336324741 -14.523220083195286 -11.982982770804593
9.859719438877756 -9.38601723180577 -12.46122618333338 -11.309579064209352 -11.462942552527142 -13.466204822849424 -13.091181376915042 -8.138459182948054 -6.4500583584508675 0.08077228577505213 -4.692721438922671 -2.7539592563013424 -10.30050093060969 -8.328256280656085 -13.207206351621174 -11.89297331778959 -6.69441267633059 -10.449533201718458 -9.097834021684719 -12.439870010538137 -11.279159498415652 -5.73583341740008 -13.206217932138813 -10.33604220123399 -11.926225016630436 -14.45021774289925 -14.10636034896388 -14.526977094110707 -11.971719433921653
9.919839679358716 -9.35516605688857 -12.445074958334654 -11.28749769417496 -11.443995739542121 -13.4562661695076 -13.078756699508176 -8.102139763202977 -6.401755175542636 0.15359976355076643 -4.65161888507545 -2.713724342834339 -10.273090818427654 -8.293328897990836 -13.192913268094443 -11.873310895411901 -6.647954889442495 -10.423172249062096 -9.065661324601635 -12.423554532523529 -11.256781322696074 -5.688263648567844 -13.194611162044367 -10.31055639055749 -11.9078885280193 -14.449478007864121 -14.101421223017352 -14.529099692963088 -11.95637392957467
9.97995991983968 -9.327437314677134 -12.430974229637393 -11.267898906621241 -11.427315836845509 -13.44792703115166 -13.06811155750955 -8.069338449147018 -6.3578412112389415 0.22022289408438045 -4.614460855590856 -2.677367046843869 -10.248547826924874 -8.261823734464627 -13.180536351051739 -11.855960414176387 -6.605751250866529 -10.399605903460978 -9.036707210812871 -12.409301505438943 -11.236906187188485 -5.64502715021959 -13.184725738446375 -10.287808776908989 -11.891767597651874 -14.449674233567807 -14.097720776701335 -14.531952660635204 -11.943038707857117
10.040080160320642 -9.293391890344722 -12.412633854978221 -11.243222113720446 -11.406018099950153 -13.436228788316669 -13.053754356165168 -8.029443690169249 -6.305136831512286 0.2990654689129508 -4.569636994862343 -2.6334612198549787 -10.218168474855347 -8.223429387529716 -13.164183902497559 -11.833881462826358 -6.555017281710473 -10.370356819162117 -9.001249400247193 -12.390785594236462 -11.211909514597878 -5.593100562467832 -13.171245779031118 -10.25951198846581 -11.871105935308552 -14.447820817508992 -14.09137264029521 -14.533164622983035 -11.92560252397925
10.100200400801603 -9.265805069376789 -12.398568533712204 -11.223701018708141 -11.389419308326918 -13.427884171190598 -13.043119190510328 -7.996817674194975 -6.261479340658553 0.36519945568446577 -4.532844946437553 -2.5974551784218423 -10.193733553637927 -8.192100941046746 -13.151831304770464 -11.816602922277657 -6.513055755927876 -10.346899119275628 -8.97244634509402 -12.376569120130991 -11.192111802525133 -5.550110227841163 -13.161367377217914 -10.236881668137698 -11.855047907456662 -14.447959585762325 -14.08763806292315 -14.535945758220963 -11.912334471380372
