web/models/mosfit_kne/mosfit_kn_3.0000/mosfit_kn_0.077496_0.3903_3.0000.dat
# %ECSV 1.0
# ---
# datatype:
# - {name: time, datatype: float64}
# - {name: PS1_g, datatype: float64}
# - {name: PS1_i, datatype: float64}
# - {name: PS1_r, datatype: float64}
# - {name: PS1_w, datatype: float64}
# - {name: PS1_y, datatype: float64}
# - {name: PS1_z, datatype: float64}
# - {name: swift_uvot_B, datatype: float64}
# - {name: swift_uvot_U, datatype: float64}
# - {name: swift_uvot_uvm2, datatype: float64}
# - {name: swift_uvot_uvw1, datatype: float64}
# - {name: swift_uvot_uvw2, datatype: float64}
# - {name: swift_uvot_V, datatype: float64}
# - {name: johnson_B, datatype: float64}
# - {name: johnson_I, datatype: float64}
# - {name: johnson_R, datatype: float64}
# - {name: johnson_U, datatype: float64}
# - {name: johnson_V, datatype: float64}
# - {name: sdss_g, datatype: float64}
# - {name: sdss_i, datatype: float64}
# - {name: sdss_r, datatype: float64}
# - {name: sdss_u, datatype: float64}
# - {name: sdss_z, datatype: float64}
# - {name: ATLAS_c, datatype: float64}
# - {name: ATLAS_o, datatype: float64}
# - {name: ukirt_H, datatype: float64}
# - {name: ukirt_J, datatype: float64}
# - {name: ukirt_K, datatype: float64}
# - {name: Clear, datatype: float64}
# meta: !!omap
# - comment: [kappa = 3.0, type = rprocess, mass = 0.07749594937791414, velocity = 0.3903333333333333, theta_obs = 0.0, tfloor = 1000.0]
# schema: astropy-2.0
time PS1_g PS1_i PS1_r PS1_w PS1_y PS1_z swift_uvot_B swift_uvot_U swift_uvot_uvm2 swift_uvot_uvw1 swift_uvot_uvw2 swift_uvot_V johnson_B johnson_I johnson_R johnson_U johnson_V sdss_g sdss_i sdss_r sdss_u sdss_z ATLAS_c ATLAS_o ukirt_H ukirt_J ukirt_K Clear
0.06012024048096192 -12.27800313197708 -12.053663310255338 -12.197388275450045 -12.206212289610772 -11.769525983348412 -11.897347384373926 -12.15443400610867 -13.15024712672157 -12.94928112223069 -13.053140756757529 -12.60996454398159 -12.261419445741588 -12.168727461219579 -12.425329235933582 -12.378469940281864 -12.933688239657865 -12.272410033027457 -12.28099444926162 -12.066873148688586 -12.199850705405417 -12.167758918434703 -11.868921753488966 -12.26114584702458 -12.15553364947045 -10.962849824999717 -11.432564007233308 -10.495554272068704 -12.147848998018187
0.12024048096192384 -12.874449364367209 -12.917930896145684 -12.961267057362296 -12.92721005509474 -12.728010741433753 -12.819972512310898 -12.667439347514009 -13.4354474264177 -12.62225570846088 -12.958494013388506 -12.159875334256153 -12.94774098575439 -12.687642966301954 -13.316260467014402 -13.166278890608993 -13.26298479877994 -12.96375769354311 -12.853927474244173 -12.928606860796332 -12.963450377728574 -12.485450035314791 -12.800444472985752 -12.9173228927489 -12.959446423390482 -12.046068911205035 -12.45883063944351 -11.617047087739552 -12.89155304464174
0.18036072144288576 -13.172872318861657 -13.39893986304114 -13.37322421344199 -13.316434116201314 -13.274224571064845 -13.341320253815443 -12.908175412971634 -13.523280922052745 -12.311365396598152 -12.81355404936198 -11.799305328106339 -13.305814108373426 -12.93308147091832 -13.815805030257568 -13.595248117652698 -13.379779501897968 -13.325785926078629 -13.136335981252127 -13.407857541925097 -13.375000406173179 -12.593943759445736 -13.328073164999505 -13.25834152814938 -13.399940116523048 -12.678507506252517 -13.052048601944078 -12.275679845380443 -13.299066259581949
0.24048096192384769 -13.336403761246274 -13.711394756768094 -13.628968791220029 -13.557496289061604 -13.64055784218241 -13.68706399475709 -13.024210927487118 -13.515927011699969 -11.988031397115918 -12.630406923080812 -11.456902369774301 -13.51700874726519 -13.05337443765556 -14.143618102338415 -13.865316748197564 -13.395438619438213 -13.540536653344455 -13.286819800936467 -13.718858198020545 -13.630277155523256 -12.602605555763748 -13.679087356911328 -13.457750750727406 -13.679742085766815 -13.116213654398441 -13.457352579416833 -12.734955437965086 -13.556702327177277
0.3006012024048096 -13.429173764378639 -13.932889963848698 -13.801166180281559 -13.71975049215541 -13.909157796187088 -13.937626265813634 -13.07560844338311 -13.461502046916483 -11.666186457079903 -12.43369502526976 -11.134785464716671 -13.650268003975825 -13.108768222610866 -14.378568894187016 -14.050234431226649 -13.36050460548923 -13.677115336256216 -13.36832061218093 -13.939081592401585 -13.801969285671873 -12.56145832902881 -13.934319316335007 -13.58236210450361 -13.873314343813394 -13.447386588147532 -13.76015183028821 -13.084977582462594 -13.734457837729952
0.3607214428857715 -13.479685936524586 -14.098180263929159 -13.92228844717275 -13.834116056566561 -14.116875514949587 -14.12906569232268 -13.08897921492732 -13.381073132503918 -11.351216708202209 -12.233804710981406 -10.832758824122045 -13.736337101412303 -13.125957247916546 -14.555999830178418 -14.18297275773143 -13.297168305405506 -13.76634060074357 -13.408789260422989 -14.103226367974102 -13.922560651997813 -12.492451235927593 -14.130015405076168 -13.661919636823843 -14.01395672250894 -13.711645473113483 -13.998791351394837 -13.36623345873466 -13.863545166335527
0.42084168336673344 -13.502562482852216 -14.225503964140156 -14.009253151361296 -13.916626855364882 -14.283158118604096 -14.2803730681009 -13.077847752428646 -13.28497353350949 -11.044543025083588 -12.03506771905463 -10.54904650036907 -13.791131966788843 -13.118515115481294 -14.694488615859289 -14.28073860496082 -13.216406701090097 -13.824171553412599 -13.42252813331454 -14.229498383619994 -14.008975430476358 -12.406420385505701 -14.285274583695315 -13.711766382114483 -14.119066624456096 -13.930024406554578 -14.193576124957248 -13.600252539126332 -13.960174470587319
0.48096192384769537 -13.50620555233018 -14.325575083486175 -14.07192924707486 -13.97659643514503 -14.41949115306656 -14.40274302019036 -13.049913157661745 -13.17887345723296 -10.74622748274184 -11.839412142736414 -10.281675289507962 -13.823879475426619 -13.094172943276487 -14.804966181058472 -14.353586247542804 -13.124297468183254 -13.85986317696412 -13.41773502077098 -14.328590907000294 -14.071086654166738 -12.309352886330949 -14.41136047778139 -13.7407672725171 -14.198820624526647 -14.115016809699997 -14.356537288647322 -13.799841597376561 -14.033776353543814
0.5410821643286573 -13.496017492133454 -14.405317505054409 -14.116685232375605 -14.02002028521629 -14.533303107733229 -14.503414161440649 -13.010116084459373 -13.06638193108812 -10.456214605066311 -11.647992058343704 -10.029167033648982 -13.840526586898935 -13.057891301215715 -14.894498299516858 -14.408004738117477 -13.024717148657185 -13.879380053866653 -13.399677852592635 -14.407414227014446 -14.115265903711531 -12.205066231197481 -14.515556477274512 -13.754626272249393 -14.259787390182446 -14.274706389903285 -14.495458305017317 -13.973287633797947 -14.09042029784878
0.6012024048096192 -13.475061984297874 -14.469060432609222 -14.147383637944735 -14.050495300858579 -14.629351093321752 -14.586982079985322 -12.961131462778052 -12.949083440245115 -10.173150794399856 -11.460510220848015 -9.789213303134229 -13.844578276022574 -13.012366507545273 -14.967535010062615 -14.44796202431376 -12.919465338439313 -13.886245616434445 -13.371308774629327 -14.470286002662949 -14.145376721689829 -12.09530839803147 -14.602497106236552 -13.756670777940396 -14.306004911806163 -14.414407172956645 -14.615398795157384 -14.126076059695992 -14.133783887155147
0.6613226452905812 -13.445814657109256 -14.52009400455271 -14.167016311621623 -14.070821528847457 -14.711195758859361 -14.656905767517081 -12.905187301484055 -12.828501355182489 -9.896647763716157 -11.27722395208087 -9.560658951254965 -13.838799415917446 -12.959837846582548 -15.027442679607177 -14.476515042854931 -12.810205919068533 -13.883234695201628 -13.335031642504571 -14.520489065127276 -14.164412428112048 -11.981711367288366 -14.675665394784705 -13.749539461046822 -14.3405732383067 -14.538028577755478 -14.72010879547893 -14.262223811356288 -14.16671027489837
0.721442885771543 -13.409964165746722 -14.560761957104251 -14.177686059208714 -14.082956369677238 -14.781399941172513 -14.715665661109156 -12.84377232553193 -12.705562171734108 -9.626121018694626 -11.098072878854204 -9.342332113420259 -13.825108882448689 -12.901804015835804 -15.076626895447387 -14.495819910344416 -12.69797668441533 -13.872274904115612 -13.292477483891467 -14.56036122650449 -14.174476722974827 -11.865286831116002 -14.737561414539382 -13.735054470457158 -14.365683879124447 -14.648415691775917 -14.812304619104067 -14.384662634800678 -14.191195357604691
0.781563126252505 -13.368606851695493 -14.592726063855181 -14.180845127424533 -14.088241255394927 -14.841817458242339 -14.76504314751601 -12.77780873003379 -12.580707669468651 -9.36073910181133 -10.922695937325777 -9.132969351220751 -13.804797847827228 -12.839197529771788 -15.116803806362473 -14.507376733259136 -12.583313279026093 -13.854666295682206 -13.244692976408245 -14.591559066039057 -14.177022083465403 -11.746547050206964 -14.789984116547057 -13.714431734054635 -14.382868758371625 -14.747670654870944 -14.89397531011205 -14.49557056324261 -14.208620091860471
0.8416833667334669 -13.32292235534375 -14.617497159490895 -14.177884121917117 -14.087975768846395 -14.894065879364558 -14.806616076667964 -12.708377532867942 -12.45473334279751 -9.10051877720488 -10.751332441804067 -8.932136968678769 -13.779166654090773 -12.7731021938412 -15.149514232518221 -14.512600611145132 -12.467069024655359 -13.831711930866406 -13.192828699166093 -14.615590523238797 -14.173440290780572 -11.626333359468628 -14.834520380451721 -13.688912444670205 -14.393559183000608 -14.837545181793349 -14.966811394817688 -14.596740551282535 -14.220296145795714
0.9018036072144289 -13.273397919963852 -14.63598010345736 -14.169551660633388 -14.082840332005784 -14.939194646594824 -14.841379175878142 -12.635835949631009 -12.327646296557457 -8.844556149374835 -10.583438728374084 -8.73867175572045 -13.748842790974269 -12.703884457517972 -15.175704122652622 -14.51227725288308 -12.34931828567235 -13.804047124025727 -13.137335300479744 -14.63335654543533 -14.164479627626587 -11.504702068146049 -14.872178483613379 -13.659076180225878 -14.39856551877698 -14.919276421523065 -15.031964725442338 -14.68946679147775 -14.226939003561654
0.9619238476953907 -13.220544714677569 -14.648984206110764 -14.156546178078049 -14.073477383599524 -14.978114633956565 -14.87020504778295 -12.560603331809947 -12.199615217418476 -8.592362661014374 -10.418764991448963 -8.551832668324536 -13.71443932898191 -12.631969391602563 -15.196211598504174 -14.507130619387418 -12.230278468436879 -13.772289870487649 -13.078697851309862 -14.645663691888604 -14.150838578147127 -11.381858180091342 -14.903840347296562 -13.625497598463046 -14.398628614606377 -14.99390581724398 -15.090417414877226 -14.774830445311318 -14.229213064369386
1.0220440881763526 -13.165118208667028 -14.657395011891623 -14.139707545160505 -14.060673143869185 -15.011749320365944 -14.89400350163109 -12.483399052335262 -12.071246117121088 -8.344221992259214 -10.25762753203038 -8.371556356340836 -13.676763554504003 -12.558075054849262 -15.21193269087113 -14.498007610625507 -12.11057993578277 -13.737246733642328 -13.017660502403352 -14.65339646902125 -14.133358230670634 -11.25842863404074 -14.93041840361812 -13.588950122570083 -14.394600007615388 -15.062400886887183 -15.143116922811792 -14.8538125971206 -14.227901777317769
1.0821643286573146 -13.107138247166166 -14.661547948941749 -14.119251203622945 -14.04461057144566 -15.040547410744853 -14.913180040663025 -12.404142424156365 -11.94219820293318 -8.099137101531827 -10.099329284726473 -8.196755914071105 -13.635936282180012 -12.48213025043594 -15.223235228940688 -14.485154406925613 -11.98993031913264 -13.699046366779067 -12.954215485169343 -14.656887243636962 -14.112253006075086 -11.13410619298353 -14.952329303148755 -13.54952941033952 -14.38674616754204 -15.125359490059079 -15.190593473419636 -14.927056194300084 -14.223222755185496
1.1422845691382766 -13.047031231602322 -14.661994759863308 -14.095683339379814 -14.025759859136393 -15.065100591532712 -14.92831159973024 -12.323223121979414 -11.812755014290648 -7.857104314264894 -9.943923079380337 -8.027192821754724 -13.592429789860631 -12.404525418776483 -15.23068218065821 -14.469086168700287 -11.868634778107438 -13.658161906004372 -12.888778304835213 -14.656686670599033 -14.08802963162394 -11.009191696710712 -14.97015326473388 -13.507684200952337 -14.375588125891046 -15.183422147727189 -15.23346543871277 -14.99521660850437 -14.2156502215399
1.2024048096192383 -12.985074127926683 -14.659147706943507 -14.069366129367307 -14.004453821971943 -15.08586631401279 -14.939838733151962 -12.240877247369923 -11.683039674342286 -7.6179494102546945 -9.791313515365552 -7.862507522282915 -13.546568151874016 -12.325498700517258 -15.234698602912015 -14.450176075049452 -11.746838718617571 -13.614919276167717 -12.82161415891009 -14.6532057849765 -14.061050486775919 -10.883825263241391 -14.984334847925194 -13.463718658039578 -14.361506267755875 -15.2371030646651 -15.272221314964849 -15.058825219592327 -14.205525374478594
1.2625250501002003 -12.92140527300269 -14.653294578913485 -14.04053112049981 -13.980901546281341 -15.103184446552032 -14.948081615467963 -12.15719663839294 -11.55302058745427 -7.381324973854205 -9.641263535290854 -7.702224738934159 -13.498539203043116 -12.245145549251596 -15.23558713338793 -14.428669291387301 -11.62453410279631 -13.569509381029546 -12.752848362110694 -14.64673096519519 -14.031546924056322 -10.75799232157209 -14.995199155642815 -13.4178045163857 -14.34475463207054 -15.28680919624884 -15.307237678770829 -15.1183092449485 -14.193070789886058
1.3226452905811623 -12.85608985294381 -14.644647877139363 -14.009334933142839 -13.955242455934176 -15.117319884568055 -14.95328522208558 -12.072199956542217 -11.42259537241662 -7.146823866034711 -9.49348597451051 -7.545846859392288 -13.4484556378819 -12.163488932640071 -15.233575269394592 -14.404736654506902 -11.50164125629151 -13.522048494193902 -12.682533251681392 -14.637473296120707 -13.999675153971705 -10.631606397548055 -15.002996284230132 -13.370041586211059 -14.325513239363925 -15.332873756193784 -15.338816809892926 -15.174022529150724 -14.178441294913782
1.3827655310621243 -12.789292015703015 -14.633463034051264 -13.975999016081584 -13.927679822382526 -15.128558893014752 -14.955724265446761 -11.98602364853593 -11.291824875508834 -6.914310863211031 -9.347890431812527 -7.393104459898211 -13.39651289077117 -12.080666979386855 -15.228927206008304 -14.378607371764016 -11.378235826112608 -13.472733541328948 -12.610825056301689 -14.625687373865937 -13.965656684108385 -10.504739462047077 -15.008003743358387 -13.320612843196127 -14.304016241192024 -15.375621773899471 -15.36726621288473 -15.22630180214527 -14.161846572432317
1.442885771543086 -12.7212562430228 -14.62002998455036 -13.940797297981344 -13.898467568528634 -15.137204405178615 -14.955697073681353 -11.898900084685248 -11.160903061888199 -6.683871513106772 -9.204540108932111 -7.243904072055013 -13.34297374463824 -11.996911361890866 -15.22193646511549 -14.350557609657148 -11.254520196213786 -13.421826924649379 -12.537964381894309 -14.611662776087755 -13.929765944694008 -10.37759287950946 -15.010520687637285 -13.269768240513908 -14.280541194342327 -15.41537025169363 -15.392896581218327 -15.27546827562128 -14.143539167386585
1.503006012024048 -12.651881105957354 -14.604394939104832 -13.903718981940525 -13.867589043790503 -15.143357586047212 -14.953283669941495 -11.810679589957715 -11.02956022471103 -6.454945155284444 -9.063021296944154 -7.097680482015182 -13.287781446507456 -11.912078444061475 -15.21266511478051 -14.320592659044042 -11.130246267844079 -13.369276762072245 -12.463836885313988 -14.595444233195618 -13.891991222090105 -10.249910897393626 -15.010632884384432 -13.217445004723132 -14.255103602713337 -15.452293956706523 -15.415849352157558 -15.321718949265469 -14.123522713353314
1.56312625250501 -12.581230140158084 -14.586699730401733 -13.864876275749989 -13.835146193187278 -15.147187858925157 -14.948643018167598 -11.72140120459532 -10.897771226357094 -6.227346021336458 -8.923193914051186 -6.9541659357310905 -13.231024963142126 -11.826209568832255 -15.201262899188414 -14.288832304240444 -11.005401058480413 -13.315173945120423 -12.38849929862262 -14.577172832787557 -13.852444530128292 -10.121676981554693 -15.008501994741756 -13.163724662679623 -14.227827931978343 -15.486597913877485 -15.436313462013942 -15.365269595192961 -14.101906952970182
1.6232464929859718 -12.509584508093052 -14.567218751357238 -13.824547754956225 -13.801398790429484 -15.148963016777302 -14.942045875894294 -11.631351290503737 -10.765826779853462 -6.001360256429556 -8.785251305262225 -6.8134430481879384 -13.172988131882619 -11.739588149304655 -15.188002139728038 -14.255551567198783 -10.880276102782524 -13.259800146172614 -12.312233506410752 -14.55712313859431 -13.811405310496045 -9.993184442063736 -15.004397528988207 -13.108879739828385 -14.198986837779337 -15.5185373353704 -15.454549922040108 -15.406371539260773 -14.078942808526289
1.6833667334669338 -12.436815599148705 -14.54594628846138 -13.782679925656574 -13.766292431116849 -15.148723923607204 -14.933515098545413 -11.540360485536027 -10.633457935278816 -5.776482446448379 -8.648816500201768 -6.675027219426383 -13.113578461314656 -11.652050597568241 -15.172890623922203 -14.220711138857311 -10.754620068799838 -13.20306748229587 -12.234900132736257 -14.535288185790645 -13.768819106109333 -9.86417524787619 -14.998347368825709 -13.052815254129122 -14.168549817795562 -15.548216168145657 -15.470634109972572 -15.445147814478231 -14.054594482346552
