web/models/mosfit_kne/mosfit_kn_3.0000/mosfit_kn_0.002817_0.3903_3.0000.dat
# %ECSV 1.0
# ---
# datatype:
# - {name: time, datatype: float64}
# - {name: PS1_g, datatype: float64}
# - {name: PS1_i, datatype: float64}
# - {name: PS1_r, datatype: float64}
# - {name: PS1_w, datatype: float64}
# - {name: PS1_y, datatype: float64}
# - {name: PS1_z, datatype: float64}
# - {name: swift_uvot_B, datatype: float64}
# - {name: swift_uvot_U, datatype: float64}
# - {name: swift_uvot_uvm2, datatype: float64}
# - {name: swift_uvot_uvw1, datatype: float64}
# - {name: swift_uvot_uvw2, datatype: float64}
# - {name: swift_uvot_V, datatype: float64}
# - {name: johnson_B, datatype: float64}
# - {name: johnson_I, datatype: float64}
# - {name: johnson_R, datatype: float64}
# - {name: johnson_U, datatype: float64}
# - {name: johnson_V, datatype: float64}
# - {name: sdss_g, datatype: float64}
# - {name: sdss_i, datatype: float64}
# - {name: sdss_r, datatype: float64}
# - {name: sdss_u, datatype: float64}
# - {name: sdss_z, datatype: float64}
# - {name: ATLAS_c, datatype: float64}
# - {name: ATLAS_o, datatype: float64}
# - {name: ukirt_H, datatype: float64}
# - {name: ukirt_J, datatype: float64}
# - {name: ukirt_K, datatype: float64}
# - {name: Clear, datatype: float64}
# meta: !!omap
# - comment: [kappa = 3.0, type = rprocess, mass = 0.0028172691138521437, velocity = 0.3903333333333333, theta_obs = 0.0, tfloor = 1000.0]
# schema: astropy-2.0
time PS1_g PS1_i PS1_r PS1_w PS1_y PS1_z swift_uvot_B swift_uvot_U swift_uvot_uvm2 swift_uvot_uvw1 swift_uvot_uvw2 swift_uvot_V johnson_B johnson_I johnson_R johnson_U johnson_V sdss_g sdss_i sdss_r sdss_u sdss_z ATLAS_c ATLAS_o ukirt_H ukirt_J ukirt_K Clear
[from data line 236]
14.248496993987976 13.690325466045081 4.808496652845786 8.283567430883636 6.3156436193796495 1.2853066043205352 2.7029825691676557 17.23023204260955 23.88917614050447 37.77777144453364 19.854758672579027 22.36777517905868 11.649842158915867 16.02629472564336 3.2549833464238356 6.225016113148835 22.85817496125273 10.694819823747112 14.502865567359517 4.88975260495879 8.51205609038006 24.390281670679297 2.129554957145672 10.262644000626278 5.810231476016501 -3.663680773594961 -1.5141914781052699 -5.023969454068132 4.029749575618311
14.308617234468937 13.708674221864676 4.826845408665381 8.301916186703231 6.333992375199244 1.3036553601401302 2.7213313249872506 17.248580798429145 23.907524896324066 37.796120200353236 19.873107428398622 22.386123934878274 11.668190914735462 16.044643481462955 3.2733321022434305 6.24336486896843 22.876523717072324 10.713168579566707 14.521214323179112 4.908101360778385 8.530404846199655 24.408630426498892 2.1479037129652667 10.280992756445873 5.828580231836096 -3.645332017775366 -1.495842722285675 -5.005620698248537 4.048098331437906
14.3687374749499 13.726966514159678 4.8451377009604 8.32020847899825 6.3522846674942635 1.3219476524351315 2.7396236172822697 17.266873090724165 23.925817188619078 37.81441249264826 19.891399720693634 22.404416227173286 11.686483207030463 16.062935773757975 3.2916243945384496 6.261657161263449 22.894816009367332 10.731460871861726 14.539506615474131 4.9263936530733865 8.548697138494674 24.426922718793904 2.166196005260268 10.299285048740892 5.846872524131097 -3.627039725480347 -1.477550429990656 -4.987328405953535 4.066390623732907
14.428857715430862 13.74520262023994 4.863373807040663 8.338444585078495 6.370520773574526 1.3401837585153942 2.7578597233625324 17.285109196804427 23.944053294699337 37.83264859872852 19.909635826773897 22.42265233325355 11.704719313110726 16.081171879838237 3.3098605006187123 6.279893267343712 22.9130521154476 10.749696977941971 14.557742721554394 4.944629759153649 8.566933244574937 24.445158824874163 2.1844321113405307 10.317521154821154 5.86510863021136 -3.608803619400102 -1.459314323910411 -4.969092299873273 4.08462672981317
14.488977955911823 13.763382799814181 4.881553986614904 8.356624764652736 6.388700953148767 1.358363938089635 2.7760399029367733 17.303289376378668 23.96223347427358 37.85082877830275 19.927816006348138 22.44083251282779 11.722899492684967 16.099352059412478 3.328040680192953 6.298073446917953 22.931232295021836 10.767877157516212 14.575922901128617 4.96280993872789 8.585113424149178 24.463339004448407 2.2026122909147716 10.335701334395395 5.883288809785601 -3.590623439825861 -1.44113414433617 -4.950912120299032 4.102806909387411
14.549098196392785 13.781507320917719 4.899678507718441 8.374749285756273 6.406825474252287 1.3764884591931725 2.7941644240403107 17.321413897482206 23.98035799537712 37.86895329940629 19.945940527451675 22.458957033931316 11.741024013788504 16.117476580516016 3.3461652012964906 6.316197968021473 22.949356816125366 10.78600167861975 14.594047422232155 4.980934459831428 8.603237945252715 24.481463525551945 2.220736812018309 10.353825855498915 5.901413330889138 -3.5724989187223235 -1.4230096232326326 -4.932787599195494 4.120931430490948
14.609218436873746 13.799576449220936 4.917747636021659 8.39281841405949 6.424894602555504 1.39455758749639 2.8122335523435282 17.339483025785423 23.998427123680337 37.8870224277095 19.964009655754882 22.477026162234534 11.759093142091722 16.135545708819215 3.364234329599708 6.33426709632469 22.967425944428584 10.804070806922967 14.612116550535372 4.999003588134645 8.621307073555933 24.499532653855162 2.2388059403215266 10.371894983802132 5.919482459192356 -3.554429790419106 -1.404940494929415 -4.914718470892277 4.139000558794166
14.669338677354709 13.817590445380148 4.935761632180871 8.410832410218703 6.442908598714734 1.4125715836556019 2.83024754850274 17.357497021944635 24.01644111983955 37.90503642386873 19.982023651914105 22.495040158393756 11.777107138250933 16.153559704978445 3.38224832575892 6.35228109248392 22.985439940587803 10.822084803082197 14.630130546694602 5.017017584293857 8.639321069715145 24.517546650014374 2.2568199364807384 10.389908979961362 5.9374964553515674 -3.5364157942598764 -1.3869264987702032 -4.896704474733065 4.157014554953378
14.729458917835672 13.835549575206834 4.953720762007556 8.428791540045406 6.4608677285414196 1.4305307134822876 2.8482066783294258 17.37545615177132 24.034400249666234 37.922995553695415 19.99998278174079 22.512999288220442 11.795066268077619 16.17151883480513 3.4002074555856057 6.370240222310605 23.00339907041449 10.840043932908882 14.648089676521288 5.034976714120543 8.65728019954183 24.53550577984106 2.274779066307424 10.407868109788048 5.955455585178253 -3.5184566644331907 -1.3689673689435176 -4.878745344906379 4.174973684780063
14.789579158316633 13.8534541012233 4.971625288024004 8.446696066061854 6.478772254557867 1.4484352394987532 2.8661112043458736 17.39336067778777 24.05230477568269 37.94090007971186 20.017887307757245 22.530903814236897 11.812970794094085 16.18942336082158 3.4181119816020535 6.388144748327053 23.02130359643094 10.85794845892533 14.665994202537735 5.052881240137008 8.675184725558278 24.553410305857515 2.2926835923238897 10.425772635804496 5.973360111194719 -3.500552138416743 -1.351062842927052 -4.860840818889914 4.192878210796529
14.849699398797595 13.871304283711403 4.989475470512108 8.464546248549958 6.496622437045971 1.466285421986857 2.8839613868339775 17.41121086027589 24.070154958170793 37.95875026219998 20.03573749024535 22.548753996725 11.830820976582189 16.207273543309682 3.435962164090175 6.405994930815157 23.03915377891905 10.875798641413434 14.68384438502584 5.070731422625112 8.6930349080464 24.57126048834562 2.3105337748119936 10.4436228182926 5.991210293682823 -3.482701955928639 -1.333212660438948 -4.84299063640181 4.210728393284633
14.909819639278556 13.889100382539823 5.007271569340546 8.482342347378395 6.514418535874409 1.4840815208152947 2.901757485662415 17.42900695910431 24.08795105699923 37.976546361028404 20.05353358907379 22.566550095553442 11.848617075410626 16.22506964213812 3.453758262918595 6.423791029643595 23.056949877747478 10.893594740241872 14.701640483854277 5.088527521453532 8.71083100687482 24.589056587174056 2.3283298736404134 10.461418917121037 6.0090063925112425 -3.4649058571002014 -1.3154165616105105 -4.825194537573372 4.2285244921130705
14.969939879759519 13.906846898968439 5.025018085769162 8.500088863806994 6.532165052303025 1.501828037243893 2.9195040020910312 17.446753475532926 24.10569757342784 37.994292877457006 20.071280105502396 22.584296611982047 11.866363591839225 16.242816158566736 3.471504779347211 6.441537546072211 23.074696394176094 10.91134125667047 14.719387000282875 5.106274037882148 8.728577523303436 24.606803103602665 2.3460763900690296 10.479165433549653 6.026752908939859 -3.447159340671603 -1.297670045181912 -4.807448021144774 4.246271008541669
15.03006012024048 13.924531990959323 5.042703177760028 8.517773955797878 6.549850144293892 1.5195131292347774 2.937189094081898 17.46443856752381 24.123382665418713 38.01197796944789 20.08896519749327 22.60198170397292 11.884048683830109 16.260501250557603 3.4891898713380955 6.4592226380630775 23.09238148616697 10.929026348661354 14.73707209227376 5.1239591298730325 8.74626261529432 24.62448819559354 2.363761482059914 10.49685052554052 6.044438000930743 -3.4294742486807186 -1.2799849531910277 -4.7897629291538895 4.263956100532553
15.090180360721442 13.942166854507008 5.060338041307713 8.535408819345562 6.567485007841576 1.5371479927824616 2.954823957629582 17.482073431071477 24.141017528966398 38.02961283299557 20.106600061040954 22.619616567520605 11.901683547377793 16.278136114105287 3.506824734885762 6.476857501610762 23.11001634971465 10.946661212209039 14.754706955821444 5.141593993420717 8.763897478841987 24.642123059141223 2.381396345607598 10.514485389088204 6.062072864478427 -3.4118393851330344 -1.2623500896433435 -4.772128065606205 4.281590964080237
15.150300601202405 13.959749125486809 5.077920312287532 8.552991090325381 6.585067278821395 1.5547302637622806 2.972406228609401 17.499655702051296 24.158599799946217 38.04719510397539 20.124182332020776 22.637198838500428 11.919265818357612 16.295718385085106 3.524407005865581 6.494439772590581 23.127598620694464 10.964243483188858 14.772289226801263 5.159176264400518 8.781479749821806 24.659705330121042 2.3989786165873994 10.532067660068023 6.079655135458228 -3.3942571141532154 -1.2447678186635245 -4.754545794626404 4.299173235060056
15.210420841683366 13.977278669004836 5.095449855805558 8.57052063384339 6.602596822339404 1.5722598072802896 2.989935772127428 17.517185245569323 24.176129343464233 38.06472464749341 20.141711875538792 22.654728382018437 11.936795361875621 16.313247928603133 3.5419365493836077 6.51196931610859 23.145128164212483 10.981773026706867 14.789818770319272 5.176705807918545 8.799009293339832 24.67723487363906 2.416508160105426 10.549597203586032 6.097184678976255 -3.3767275706352065 -1.2272382751455155 -4.737016251108377 4.316702778578065
15.270541082164328 13.994755675762107 5.11292686256283 8.58799764060068 6.620073829096693 1.5897368140375612 3.0074127788846994 17.534662252326594 24.193606350221515 38.08220165425069 20.159188882296064 22.672205388775716 11.954272368632893 16.330724935360404 3.5594135561408793 6.529446322865879 23.162605170969762 10.999250033464156 14.807295777076561 5.194182814675816 8.816486300097104 24.69471188039634 2.4339851668626977 10.567074210343321 6.114661685733527 -3.359250563877917 -1.2097612683882262 -4.719539244351106 4.334179785335337
15.33066132264529 14.012180394001543 5.130351580802266 8.605422358840098 6.637498547336111 1.6071615322769972 3.0248374971241354 17.55208697056603 24.21103106846094 38.099626372490114 20.176613600535493 22.689630107015144 11.971697086872329 16.348149653599823 3.5768382743803153 6.546871041105297 23.18002988920919 11.016674751703574 14.82472049531598 5.211607532915252 8.83391101833654 24.712136598635766 2.4514098851021338 10.58449892858274 6.132086403972963 -3.341825845638499 -1.192336550148808 -4.70211452611167 4.351604503574773
15.390781563126252 14.029553076158265 5.14772426295897 8.62279504099682 6.654871229492834 1.6245342144337194 3.04221017928084 17.569459652722735 24.228403750617655 38.116999054646826 20.19398628269221 22.707002789171863 11.98906976902905 16.365522335756545 3.5942109565370197 6.564243723262019 23.197402571365913 11.034047433860296 14.842093177472702 5.228980215071974 8.851283700493244 24.72950928079248 2.468782567258856 10.601871610739462 6.149459086129685 -3.3244531634817767 -1.1749638679920857 -4.6847418439549475 4.368977185731495
15.450901803607215 14.046873973633502 5.165045160434207 8.640115938472057 6.672192126968071 1.6418551119089564 3.059531076756077 17.58678055019799 24.245724648092892 38.13431995212208 20.21130718016745 22.7243236866471 12.006390666504288 16.38284323323178 3.6115318540122745 6.5815646207372565 23.21472346884115 11.051368331335533 14.859414074947939 5.246301112547211 8.868604597968499 24.746830178267718 2.486103464734093 10.619192508214699 6.166779983604922 -3.3071322660065396 -1.1576429705168487 -4.6674209464797105 4.386298083206732
15.511022044088175 14.064143335680939 5.182314522481661 8.657385300519493 6.689461489015525 1.6591244739563926 3.076800438803531 17.604049912245426 24.26299401014034 38.15158931416952 20.228576542214896 22.741593048694547 12.023660028551724 16.400112595279236 3.6288012160597107 6.5988339827847105 23.231992830888593 11.068637693382987 14.876683436995393 5.263570474594648 8.885873960015935 24.764099540315165 2.503372826781529 10.636461870262153 6.184049345652358 -3.2898629039591034 -1.1403736084694125 -4.650151584432274 4.403567445254168
15.571142284569138 14.081361410284199 5.199532597084904 8.674603375122754 6.706679563618767 1.6763425485596528 3.0940185134067733 17.621267986848668 24.28021208474359 38.16880738877277 20.24579461681815 22.7588111232978 12.040878103154984 16.417330669882478 3.646019290662953 6.616052057387953 23.249210905491847 11.08585576798623 14.893901511598635 5.280788549197908 8.903092034619178 24.781317614918414 2.5205909013847894 10.653679944865395 6.201267420255618 -3.272644829355843 -1.1231555338661523 -4.632933509829014 4.420785519857429
15.631262525050099 14.0985284445288 5.216699631329522 8.691770409367372 6.7238465978633855 1.6935095828042712 3.1111855476513917 17.638435021093287 24.297379118988207 38.18597442301738 20.262961651062763 22.775978157542408 12.058045137399603 16.434497704127097 3.6631863249075716 6.633219091632571 23.266377939736458 11.103022802230848 14.911068545843253 5.2979555834425085 8.920259068863796 24.798484649163033 2.53775793562939 10.670846979110014 6.218434454500219 -3.255477795111225 -1.105988499621534 -4.615766475584413 4.437952554102047
15.691382765531062 14.115644687665174 5.233815874465879 8.708886652503729 6.740962840999742 1.7106258259406282 3.1283017907877486 17.655551264229643 24.314495362124564 38.203090666153734 20.28007789419912 22.793094400678772 12.07516138053596 16.451613947263453 3.6803025680439285 6.650335334768928 23.283494182872822 11.120139045367205 14.92818478897961 5.315071826578883 8.937375312000153 24.81560089229939 2.5548741787657647 10.68796322224637 6.235550697636594 -3.238361551974868 -1.088872256485177 -4.598650232448039 4.455068797238404
15.751503006012024 14.132710383194418 5.250881569995123 8.725952348032973 6.758028536528986 1.7276915214698718 3.1453674863169923 17.672616959758887 24.331561057653808 38.22015636168299 20.297143589728368 22.81016009620802 12.092227076065203 16.468679642792697 3.697368263573172 6.667401030298172 23.300559878402066 11.137204740896449 14.945250484508854 5.332137522108127 8.954441007529415 24.832666587828633 2.5719398742950084 10.705028917775614 6.252616393165837 -3.221295856445624 -1.0718065609559333 -4.581584536918795 4.472134492767648
15.811623246492985 14.149725778517972 5.267896965318695 8.742967743356527 6.77504393185254 1.744706916793426 3.162382881640564 17.68963235508246 24.34857645297737 38.23717175700654 20.31415898505193 22.82717549153158 12.109242471388757 16.48569503811627 3.714383658896744 6.684416425621744 23.31757527372562 11.154220136220003 14.962265879832408 5.349152917431681 8.971456402852969 24.849681983152195 2.5889552696185625 10.722044313099168 6.2696317884893915 -3.20428046112207 -1.0547911656323792 -4.564569141595241 4.489149888091202
15.871743486973948 14.166691115791021 5.284862302591744 8.759933080629576 6.7920092691255896 1.7616722540664753 3.1793482189136135 17.70659769235551 24.36554179025042 38.25413709427959 20.33112432232498 22.84414082880463 12.126207808661807 16.50266037538932 3.7313489961697934 6.701381762894793 23.33454061099867 11.171185473493052 14.979231217105458 5.36611825470473 8.988421740126018 24.866647320425244 2.605920606891612 10.739009650372218 6.286597125762441 -3.1873151238490207 -1.0378258283593298 -4.547603804322192 4.506115225364251
