web/models/mosfit_kne/mosfit_kn_3.0000/mosfit_kn_0.051209_0.4060_3.0000.dat
# %ECSV 1.0
# ---
# datatype:
# - {name: time, datatype: float64}
# - {name: PS1_g, datatype: float64}
# - {name: PS1_i, datatype: float64}
# - {name: PS1_r, datatype: float64}
# - {name: PS1_w, datatype: float64}
# - {name: PS1_y, datatype: float64}
# - {name: PS1_z, datatype: float64}
# - {name: swift_uvot_B, datatype: float64}
# - {name: swift_uvot_U, datatype: float64}
# - {name: swift_uvot_uvm2, datatype: float64}
# - {name: swift_uvot_uvw1, datatype: float64}
# - {name: swift_uvot_uvw2, datatype: float64}
# - {name: swift_uvot_V, datatype: float64}
# - {name: johnson_B, datatype: float64}
# - {name: johnson_I, datatype: float64}
# - {name: johnson_R, datatype: float64}
# - {name: johnson_U, datatype: float64}
# - {name: johnson_V, datatype: float64}
# - {name: sdss_g, datatype: float64}
# - {name: sdss_i, datatype: float64}
# - {name: sdss_r, datatype: float64}
# - {name: sdss_u, datatype: float64}
# - {name: sdss_z, datatype: float64}
# - {name: ATLAS_c, datatype: float64}
# - {name: ATLAS_o, datatype: float64}
# - {name: ukirt_H, datatype: float64}
# - {name: ukirt_J, datatype: float64}
# - {name: ukirt_K, datatype: float64}
# - {name: Clear, datatype: float64}
# meta: !!omap
# - comment: [kappa = 3.0, type = rprocess, mass = 0.051209162050732976, velocity = 0.406, theta_obs = 0.0, tfloor = 1000.0]
# schema: astropy-2.0
time PS1_g PS1_i PS1_r PS1_w PS1_y PS1_z swift_uvot_B swift_uvot_U swift_uvot_uvm2 swift_uvot_uvw1 swift_uvot_uvw2 swift_uvot_V johnson_B johnson_I johnson_R johnson_U johnson_V sdss_g sdss_i sdss_r sdss_u sdss_z ATLAS_c ATLAS_o ukirt_H ukirt_J ukirt_K Clear
[from data line 347]
20.92184368737475 8.181061059647963 -0.7007677535513146 2.774303024486535 0.8063792129825487 -4.223957802076583 -2.806281837229445 11.72096763621245 18.37991173410737 32.26850703813654 14.34549426618192 16.85851077266157 6.140577752518747 10.51703031924626 -2.2542810599732652 0.7157517067517347 17.34891055485561 5.185555417350012 8.993601160962417 -0.6195118014383283 3.0027916839829594 18.881017264282196 -3.379709449251447 4.753379594229177 0.30096706961938224 -9.17294517999206 -7.02345588450237 -10.53323386046525 -1.4795148307788075
20.98196392785571 8.188221417196306 -0.6936073960029709 2.781463382034879 0.8135395705308923 -4.21679744452824 -2.7991214796811015 11.728127993760793 18.387072091655714 32.275667395684884 14.352654623730263 16.865671130209915 6.147738110067091 10.524190676794603 -2.2471207024249216 0.7229120643000784 17.356070912403954 5.192715774898356 9.00076151851076 -0.6123514438899846 3.009952041531303 18.88817762183054 -3.372549091703103 4.76053995177752 0.3081274271677259 -9.165784822443717 -7.016295526954044 -10.526073502916907 -1.4723544732304639
21.04208416833667 8.19536576546028 -0.6864630477390143 2.7886077302988355 0.8206839187948489 -4.209653096264265 -2.791977131417145 11.73527234202475 18.39421643991967 32.28281174394885 14.359798971994238 16.87281547847387 6.154882458331065 10.53133502505856 -2.239976354160965 0.730056412564035 17.36321526066793 5.1998601231623125 9.007905866774717 -0.6052070956260103 3.0170963897952774 18.895321970094496 -3.3654047434391288 4.767684300041477 0.31527177543170026 -9.15864047417976 -7.00915117869007 -10.518929154652932 -1.4652101249664895
21.102204408817634 8.202494274060843 -0.6793345391384342 2.7957362388994156 0.827812427395429 -4.202524587663703 -2.7848486228165648 11.74240085062533 18.40134494852025 32.28994025254942 14.3669274805948 16.87994398707445 6.162010966931628 10.53846353365914 -2.232847845560385 0.7371849211646151 17.37034376926849 5.206988631762893 9.015034375375297 -0.5980785870254479 3.0242248983958397 18.902450478695076 -3.3582762348385664 4.774812808642057 0.3224002840322626 -9.15151196557918 -7.00202267008949 -10.51180064605237 -1.4580816163659271
21.162324649298597 8.209607101624883 -0.6722217115743945 2.8028490664634553 0.8349252549594688 -4.195411760099663 -2.777735795252525 11.74951367818937 18.40845777608429 32.297053080113464 14.37404030815884 16.88705681463849 6.169123794495667 10.54557636122318 -2.225735017996345 0.7442977487286548 17.37745659683253 5.214101459326932 9.022147202939337 -0.5909657594614082 3.0313377259598795 18.909563306259116 -3.3511634072745267 4.781925636206097 0.32951311159630237 -9.14439913801514 -6.99490984252545 -10.50468781848833 -1.4509687888018874
21.22244488977956 8.216704902386773 -0.6651239108125218 2.809946867225328 0.8420230557213415 -4.188313959337773 -2.7706379944906523 11.756611478951243 18.415555576846163 32.30415088087535 14.38113810892073 16.89415461540038 6.176221595257558 10.552674161985053 -2.2186372172344546 0.7513955494905276 17.38455439759442 5.221199260088805 9.02924500370121 -0.5838679586995177 3.03843552672177 18.91666110702099 -3.344065606512636 4.78902343696797 0.33661091235819285 -9.137301337253268 -6.987812041763577 -10.49759001772644 -1.443870988039997
21.28256513026052 8.22378679636552 -0.6580420168337575 2.8170287612040923 0.8491049497001057 -4.181232065359026 -2.763556100511888 11.763693372930007 18.422637470824927 32.3112327748541 14.388220002899477 16.901236509379128 6.183303489236304 10.559756055963817 -2.211555323255708 0.7584774434692918 17.391636291573167 5.228281154067569 9.036326897679974 -0.5767860647207712 3.0455174207005165 18.923743000999753 -3.3369837125338897 4.796105330946734 0.3436928063369393 -9.130219443274504 -6.980730147784813 -10.490508123747693 -1.4367890940612504
21.34268537074148 8.230853493433994 -0.6509753197652834 2.8240954582725664 0.8561716467685798 -4.174165368290534 -2.756489403443414 11.770760069998481 18.4297041678934 32.31829947192257 14.39528669996795 16.908303206447602 6.190370186304796 10.566822753032291 -2.204488626187234 0.7655441405377659 17.39870298864166 5.235347851136043 9.043393594748448 -0.5697193676522971 3.0525841177689905 18.930809698068227 -3.3299170154654156 4.803172028015208 0.3507595034054134 -9.12315274620603 -6.973663450716339 -10.483441426679219 -1.4297223969927586
21.402805611222444 8.237905170801518 -0.643923642397759 2.831147135640091 0.8632233241361043 -4.16711369092301 -2.7494377260758895 11.777811747366005 18.436755845260926 32.3253511492901 14.402338377335475 16.915354883815127 6.197421863672303 10.573874430399815 -2.1974369488197096 0.7725958179052903 17.405754666009184 5.242399528503568 9.050445272115972 -0.5626676902847727 3.059635795136515 18.93786137543575 -3.322865338097891 4.810223705382732 0.35781118077293783 -9.116101068838505 -6.966611773348815 -10.476389749311695 -1.422670719625252
21.462925851703407 8.244941979765912 -0.6368868334333655 2.8381839446044843 0.8702601331004978 -4.1600768819586165 -2.742400917111496 11.784848556330399 18.44379265422532 32.33238795825449 14.409375186299869 16.92239169277952 6.204458672636714 10.580911239364209 -2.190400139855316 0.7796326268696838 17.412791474973577 5.249436337467961 9.057482081080366 -0.5556308813203792 3.0666726041009085 18.944898184400145 -3.3158285291334977 4.817260514347126 0.36484798973733135 -9.109064259874112 -6.959574964384421 -10.469352940347301 -1.4156339106608584
21.52304609218437 8.251964076170815 -0.6298647370284627 2.8452060410093694 0.8772822295053828 -4.153054785553731 -2.735378820706593 11.791870652735302 18.450814750630204 32.33941005465939 14.416397282704771 16.929413789184423 6.211480769041599 10.587933335769112 -2.1833780434504133 0.7866547232745689 17.419813571378462 5.256458433872846 9.06450417748525 -0.5486087849154764 3.0736947005058113 18.95192028080503 -3.308806432728595 4.824282610752011 0.37187008614223416 -9.102042163469227 -6.952552867979536 -10.462330843942398 -1.4086118142559556
21.58316633266533 8.258971616311719 -0.6228571968875585 2.8522135811502736 0.884289769646287 -4.146047245412827 -2.728371280565689 11.798878192876206 18.45782229077111 32.34641759480029 14.423404822845676 16.936421329325327 6.218488309182503 10.594940875909998 -2.176370503309509 0.7936622634154731 17.426821111519367 5.263465974013751 9.071511717626155 -0.5416012447745722 3.0807022406467155 18.958927820945934 -3.3017988925876907 4.831290150892915 0.37887762628313837 -9.095034623328322 -6.945545327838632 -10.455323303801494 -1.4016042741150514
21.64328657314629 8.265964747205512 -0.6158640659937653 2.8592067120440667 0.891282900540098 -4.139054114519034 -2.721378149671896 11.805871323769999 18.46481542166492 32.35341072569408 14.430397953739469 16.94341446021912 6.225481440076297 10.601934006803809 -2.169377372415716 0.800655394309284 17.43381424241316 5.270459104907544 9.078504848519948 -0.534608113880779 3.0876953715405087 18.965920951839745 -3.2948057616938975 4.838283281786726 0.38587075717693153 -9.08804149243453 -6.938552196944839 -10.448330172907701 -1.3946111432212582
21.703406813627254 8.272943600340241 -0.6088852128590361 2.8661855651788137 0.8982617536748272 -4.132075261384305 -2.7143992965371666 11.812850176904728 18.47179427479965 32.36038957882882 14.437376806874198 16.95039331335385 6.232460293211026 10.608912859938538 -2.1623985192809867 0.8076342474440132 17.44079309554789 5.277437958042291 9.085483701654695 -0.5276292607460498 3.094674224675238 18.972899804974475 -3.2878269085591683 4.845262134921455 0.39284961031166077 -9.081062639299782 -6.931573343810092 -10.441351319772972 -1.387632290086529
21.763527054108216 8.27990834377255 -0.6019204694267444 2.8731503086111054 0.9052264971071189 -4.125110517951995 -2.707434553104875 11.819814920337038 18.47875901823194 32.36735432226112 14.444341550306508 16.95735805678616 6.239425036643335 10.61587760337083 -2.1554337758486772 0.8145989908763049 17.4477578389802 5.2844027014745825 9.092448445086987 -0.5206645173137403 3.1016389681075474 18.979864548406766 -3.280862165126859 4.852226878353747 0.39981435374397023 -9.07409789586749 -6.9246086003778 -10.434386576340662 -1.3806675466542195
21.82364729458918 8.286859129679645 -0.5949696835196505 2.8801010945181993 0.9121772830142127 -4.1181597320449015 -2.700483767197781 11.826765706244114 18.485709804139034 32.37430510816821 14.451292336213584 16.964308842693235 6.246375822550429 10.622828389277924 -2.148482989941601 0.8215497767833988 17.454708624887292 5.291353487381676 9.09939923099408 -0.5137137314066464 3.1085897540146235 18.98681533431386 -3.273911379219765 4.859177664260841 0.4067651396510641 -9.067147109960397 -6.917657814470706 -10.427435790433568 -1.3737167607471257
21.883767535070138 8.29379608885219 -0.5880327243470873 2.8870380536907625 0.919114242186776 -4.111222772872356 -2.693546808025218 11.833702665416677 18.492646763311598 32.38124206734077 14.458229295386147 16.9712458018658 6.253312781722975 10.629765348450487 -2.141546030769038 0.828486735955962 17.461645584059838 5.2982904465542395 9.106336190166644 -0.506776772234101 3.1155267131871867 18.993752293486423 -3.2669744200472195 4.866114623433404 0.41370209882360953 -9.060210150787833 -6.910720855298143 -10.420498831261023 -1.3667798015745802
21.9438877755511 8.300719369789924 -0.5811094434093533 2.8939613346284787 0.9260375231244922 -4.104299491934622 -2.686623527087484 11.840625946354411 18.499570044249314 32.3881653482785 14.46515257632388 16.978169082803532 6.2602360626607085 10.636688629388203 -2.134622749831304 0.8354100168936782 17.46856886499757 5.305213727491956 9.11325947110436 -0.499853491296367 3.1224499941249206 19.00067557442414 -3.2600511391094855 4.87303790437112 0.4206253797613435 -9.053286869850117 -6.903797574360427 -10.413575550323289 -1.3598565206368463
22.004008016032063 8.307629124302576 -0.5741996888967194 2.9008710891411305 0.9329472776371439 -4.09738973742197 -2.67971377257485 11.847535700867063 18.506479798761966 32.39507510279115 14.472062330836533 16.985078837316184 6.26714581717336 10.643598383900855 -2.127712995318652 0.84231977140633 17.475478619510223 5.3121234820046075 9.120169225617012 -0.4929437367837153 3.1293597486375724 19.00758532893679 -3.2531413845968338 4.879947658883772 0.42753513427399525 -9.046377115337465 -6.896887819847775 -10.406665795810637 -1.3529467661241945
22.064128256513026 8.314525475541075 -0.5673033376582026 2.9077674403796294 0.9398436288756429 -4.090493386183471 -2.672817421336333 11.854432052105562 18.513376150000465 32.40197145402964 14.478958682075032 16.991975188554683 6.274042168411859 10.650494735139372 -2.1208166440801532 0.8492161226448467 17.482374970748722 5.3190198332431065 9.127065576855511 -0.4860473855452163 3.1362560998760713 19.01448168017529 -3.246245033358335 4.886844010122271 0.4344314855124942 -9.039480764098967 -6.889991468609276 -10.399769444572138 -1.3460504148856955
22.12424849699399 8.321408572556734 -0.5604202406425429 2.914650537395307 0.9467267258913203 -4.083610289167794 -2.6659343243206735 11.861315149121221 18.520259247016142 32.408854551045316 14.485841779090691 16.998858285570343 6.280925265427537 10.657377832155031 -2.1139335470644935 0.8560992196605064 17.4892580677644 5.325902930258784 9.133948673871188 -0.4791642885295566 3.143139196891731 19.021364777190968 -3.239361936342675 4.8937271071379485 0.4413145825281539 -9.032597667083289 -6.883108371593599 -10.392886347556479 -1.3391673178700358
22.184368737474948 8.328278546785963 -0.5535502664133318 2.921520511624518 0.9535967001205314 -4.076740314938583 -2.6590643500914624 11.868185123350433 18.527129221245353 32.415724525274534 14.49271175331992 17.00572825979957 6.287795239656748 10.664247806384243 -2.1070635728352647 0.8629691938897175 17.49612804199361 5.332772904487995 9.1408186481004 -0.47229431430032776 3.15000917112096 19.02823475142018 -3.2324919621134462 4.9005970813671595 0.4481845567573828 -9.025727692854078 -6.8762383973643875 -10.38601637332725 -1.332297343640807
22.24448897795591 8.335135543128711 -0.5466932700705662 2.928377507967266 0.9604536964632793 -4.069883318595835 -2.6522073537486968 11.875042119693198 18.5339862175881 32.42258152161728 14.499568749662668 17.01258525614232 6.294652235999496 10.67110480272699 -2.100206576492517 0.8698261902324653 17.50298503833636 5.339629900830743 9.147675644443147 -0.4654373179575799 3.1568661674637077 19.035091747762927 -3.2256349657706984 4.907454077709907 0.4550415531001306 -9.01887069651133 -6.86938140102164 -10.379159376984502 -1.3254403472980592
22.304609218436873 8.341979690383905 -0.5398491228153901 2.9352216552224597 0.9672978437184732 -4.063039171340641 -2.6453632064935206 11.881886266948374 18.540830364843295 32.42942566887247 14.506412896917844 17.019429403397496 6.3014963832546895 10.677948949982184 -2.0933624292373407 0.8766703374876592 17.509829185591553 5.346474048085937 9.154519791698341 -0.45859317070238603 3.163710314718884 19.04193589501812 -3.2187908185155045 4.914298224965101 0.4618857003553245 -9.012026549256136 -6.862537253766446 -10.372315229729308 -1.3185962000428653
22.364729458917836 8.348811122009874 -0.5330176911894213 2.9420530868484285 0.9741292753444419 -4.056207739714672 -2.638531774867552 11.888717698574343 18.547661796469264 32.436257100498445 14.51324432854383 17.026260835023482 6.308327814880658 10.684780381608153 -2.086530997611354 0.883501769113628 17.51666061721752 5.3533054797119055 9.16135122332431 -0.45176173907641726 3.1705417463448704 19.04876732664409 -3.2119593868895358 4.92112965659107 0.4687171319812933 -9.005195117630167 -6.855705822140477 -10.36548379810334 -1.3117647684168965
22.4248496993988 8.355629968691236 -0.526198844508059 2.948871933529791 0.9809481220258043 -4.04938889303331 -2.6317129281861895 11.895536545255705 18.554480643150626 32.44307594717981 14.520063175225193 17.033079681704844 6.315146661562021 10.691599228289515 -2.079712150929992 0.8903206157949903 17.523479463898884 5.360124326393268 9.168170070005672 -0.4449428923950549 3.1773605930262327 19.05558617332545 -3.2051405402081734 4.927948503272432 0.4755359786626556 -8.998376270948805 -6.848886975459115 -10.358664951421977 -1.3049459217355341
22.484969939879758 8.36243635147122 -0.5193924617280565 2.9556783163097933 0.9877545048058067 -4.0425825102533075 -2.624906545406187 11.902342928035708 18.56128702593063 32.4498823299598 14.526869558005178 17.03988606448483 6.321953044342023 10.698405611069518 -2.072905768150007 0.8971269985749928 17.530285846678886 5.36693070917327 9.174976452785675 -0.4381365096150702 3.1841669758062174 19.062392556105454 -3.1983341574281887 4.934754886052435 0.4823423614426403 -8.991569888168803 -6.842080592679112 -10.351858568641992 -1.2981395389555317
22.54509018036072 8.36923040695245 -0.512598406246827 2.962472371791005 0.9945485602870363 -4.035788454772096 -2.6181124899249575 11.909136983516937 18.568081081411858 32.45667638544102 14.533663613486407 17.04668011996606 6.328747099823235 10.705199666550747 -2.0661117126687776 0.9039210540562224 17.537079902160098 5.373724764654482 9.181770508266904 -0.43134245413384065 3.190961031287447 19.069186611586684 -3.191540101946959 4.941548941533664 0.4891364169238699 -8.98477583268759 -6.8352865371979 -10.345064513160763 -1.2913454834743199
22.605210420841683 8.376012262479122 -0.5058165507201551 2.969254227317677 1.0013304158137082 -4.029006599245424 -2.6113306343982856 11.91591883904361 18.57486293693853 32.463458240967704 14.540445469013079 17.05346197549273 6.335528955349907 10.71198152207742 -2.0593298571421057 0.9107029095828942 17.54386175768677 5.380506620181154 9.188552363793576 -0.42456059860716877 3.197742886814119 19.075968467113356 -3.1847582464202873 4.948330797060336 0.49591827245054176 -8.977993977160919 -6.8285046816712285 -10.33828265763409 -1.284563627947648
