web/models/mosfit_kne/mosfit_kn_3.0000/mosfit_kn_0.268580_0.4530_3.0000.dat
# %ECSV 1.0
# ---
# datatype:
# - {name: time, datatype: float64}
# - {name: PS1_g, datatype: float64}
# - {name: PS1_i, datatype: float64}
# - {name: PS1_r, datatype: float64}
# - {name: PS1_w, datatype: float64}
# - {name: PS1_y, datatype: float64}
# - {name: PS1_z, datatype: float64}
# - {name: swift_uvot_B, datatype: float64}
# - {name: swift_uvot_U, datatype: float64}
# - {name: swift_uvot_uvm2, datatype: float64}
# - {name: swift_uvot_uvw1, datatype: float64}
# - {name: swift_uvot_uvw2, datatype: float64}
# - {name: swift_uvot_V, datatype: float64}
# - {name: johnson_B, datatype: float64}
# - {name: johnson_I, datatype: float64}
# - {name: johnson_R, datatype: float64}
# - {name: johnson_U, datatype: float64}
# - {name: johnson_V, datatype: float64}
# - {name: sdss_g, datatype: float64}
# - {name: sdss_i, datatype: float64}
# - {name: sdss_r, datatype: float64}
# - {name: sdss_u, datatype: float64}
# - {name: sdss_z, datatype: float64}
# - {name: ATLAS_c, datatype: float64}
# - {name: ATLAS_o, datatype: float64}
# - {name: ukirt_H, datatype: float64}
# - {name: ukirt_J, datatype: float64}
# - {name: ukirt_K, datatype: float64}
# - {name: Clear, datatype: float64}
# meta: !!omap
# - comment: [kappa = 3.0, type = rprocess, mass = 0.2685795883840597, velocity = 0.45299999999999996, theta_obs = 0.0, tfloor = 1000.0]
# schema: astropy-2.0
time PS1_g PS1_i PS1_r PS1_w PS1_y PS1_z swift_uvot_B swift_uvot_U swift_uvot_uvm2 swift_uvot_uvw1 swift_uvot_uvw2 swift_uvot_V johnson_B johnson_I johnson_R johnson_U johnson_V sdss_g sdss_i sdss_r sdss_u sdss_z ATLAS_c ATLAS_o ukirt_H ukirt_J ukirt_K Clear
[from data line 487]
29.338677354709418 10.08327780502599 1.2014489918267124 4.676519769864562 2.7085959583605757 -2.3217410566985563 -0.9040650918514181 13.623184381590477 20.282128479485397 34.17072378351457 16.247711011559947 18.760727518039598 8.042794497896775 12.419247064624287 -0.35206431459523824 2.6179684521297615 19.251127300233637 7.087772162728039 10.895817906340444 1.2827049439396987 4.905008429360986 20.783234009660223 -1.4774927038734198 6.655596339607204 2.2031838149974092 -7.270728434614035 -5.121239139124343 -8.631017115087223 0.42270191459921946
29.39879759519038 10.132703252230773 1.2508744390314952 4.725945217069327 2.7580214055653585 -2.2723156094937735 -0.8546396446466353 13.67260982879526 20.33155392669017 34.22014923071934 16.29713645876473 18.81015296524438 8.092219945101558 12.46867251182907 -0.3026388673904554 2.6673938993345443 19.30055274743842 7.137197609932804 10.945243353545209 1.3321303911444815 4.954433876565769 20.832659456864995 -1.428067256668637 6.705021786811969 2.252609262202192 -7.22130298740927 -5.071813691919578 -8.58159166788244 0.4721273618040023
29.458917835671343 10.182172426312537 1.3003436131132595 4.775414391151109 2.807490579647123 -2.2228464354119915 -0.805170470564871 13.722079002877024 20.381023100771944 34.269618404801115 16.346605632846494 18.859622139326145 8.14168911918334 12.518141685910834 -0.2531696933086911 2.7168630734163086 19.350021921520202 7.186666784014586 10.99471252762699 1.3815995652262458 5.0039030506475335 20.88212863094677 -1.3785980825868727 6.754490960893751 2.3020784362839564 -7.1718338133274875 -5.022344517837796 -8.532122493800676 0.5215965358857666
29.519038076152302 10.231698272092125 1.3498694588928295 4.824940236930679 2.8570164254266928 -2.1733205896324215 -0.755644624785301 13.771604848656594 20.430548946551514 34.3191442505807 16.39613147862608 18.909147985105722 8.19121496496291 12.567667531690404 -0.20364384752912112 2.7663889191958786 19.399547767299772 7.236192629794156 11.04423837340656 1.4311254110058336 5.053428896427121 20.93165447672634 -1.329072236807285 6.804016806673321 2.351604282063544 -7.1223079675479175 -4.972818672058226 -8.482596648021088 0.5711223816653543
29.579158316633265 10.281327050160325 1.3994982369610476 4.874569014998897 2.906645203494911 -2.123691811564221 -0.706015846717083 13.821233626724812 20.480177724619722 34.3687730286489 16.44576025669428 18.958776763173933 8.24084374303111 12.617296309758622 -0.15401506946090304 2.8160176972640967 19.449176545367983 7.285821407862374 11.093867151474779 1.4807541890740339 5.1030576744953215 20.981283254794548 -1.2794434587390846 6.853645584741539 2.4012330601317444 -7.072679189479699 -4.923189893990008 -8.432967869952888 0.6207511597335547
29.639278557114228 10.33093934150953 1.4491105283102534 4.924181306348103 2.9562574948441167 -2.0740795202149975 -0.6564035553678771 13.870845918074018 20.52979001596894 34.41838531999811 16.495372548043488 19.008389054523146 8.290456034380334 12.666908601107828 -0.10440277811169718 2.8656299886133025 19.49878883671719 7.33543369921158 11.143479442823985 1.5303664804232575 5.152669965844527 21.030895546143764 -1.229831167389861 6.903257876090745 2.4508453514809503 -7.023066898130494 -4.873577602640802 -8.383355578603664 0.6703634510827783
29.69939879759519 10.380621407920678 1.498792594721401 4.973863372759251 3.005939561255264 -2.024397453803868 -0.6067214889567296 13.920527984485165 20.57947208238008 34.46806738640926 16.545054614454635 19.058071120934287 8.340138100791464 12.716590667518975 -0.05472071170054971 2.91531205502445 19.548470903128333 7.385115765622728 11.193161509235132 1.5800485468343872 5.202352032255675 21.080577612554904 -1.1801491009787313 6.952939942501892 2.5005274178920978 -6.973384831719346 -4.823895536229655 -8.333673512192535 0.720045517493908
29.75951903807615 10.430178657997775 1.5483498447984978 5.02342062283633 3.055496811332361 -1.974840203726771 -0.5571642388796327 13.970085234562262 20.629029332457172 34.517624636486346 16.594611864531732 19.107628371011383 8.38969535086856 12.766147917596072 -0.005163461623452825 2.964869305101547 19.598028153205433 7.434673015699807 11.242718759312211 1.629605796911484 5.251909282332772 21.130134862631998 -1.1305918509016344 7.002497192578989 2.5500846679691946 -6.923827581642267 -4.774338286152576 -8.284116262115438 0.7696027675710049
29.819639278557112 10.484737763694625 1.6029089504953475 5.07797972853318 3.110055917029211 -1.9202810980299212 -0.502605133182783 14.024644340259112 20.683588438154025 34.57218374218319 16.64917097022858 19.162187476708233 8.44425445656541 12.820707023292922 0.049395644073396916 3.0194284107983966 19.65258725890228 7.489232121396657 11.297277865009061 1.6841649026083338 5.3064683880296215 21.18469396832885 -1.0760327452047846 7.057056298275839 2.6046437736660444 -6.869268475945417 -4.719779180455726 -8.229557156418588 0.8241618732678546
29.879759519038075 10.534987916503926 1.6531591033046311 5.128229881342481 3.1603060698384944 -1.8700309452206199 -0.4523549803734994 14.074894493068395 20.733838590963316 34.6224338949925 16.699421123037883 19.212437629517527 8.494504609374712 12.870957176102205 0.09964579688268049 3.06967856360768 19.702837411711574 7.539482274205958 11.347528017818362 1.7344150554176352 5.356718540838923 21.234944121138142 -1.0257825923954833 7.1073064510851225 2.6548939264753457 -6.819018323136116 -4.6695290276464245 -8.179307003609287 0.874412026077156
29.939879759519037 10.585282700211067 1.7034538870117721 5.178524665049622 3.2106008535456354 -1.8197361615134788 -0.4020601966663584 14.125189276775536 20.784133374670457 34.672728678699634 16.749715906745024 19.262732413224665 8.544799393081853 12.921251959809346 0.14994058058982151 3.1199733473148212 19.753132195418715 7.589777057913099 11.397822801525503 1.7847098391247762 5.407013324546064 21.285238904845283 -0.9754878086883423 7.1576012347922635 2.7051887101824867 -6.768723539428975 -4.6192342439392835 -8.129012219902146 0.924706809784297
30.0 10.635642437723636 1.7538136245243585 5.228884402562208 3.260960591058222 -1.7693764240009102 -0.351700459153772 14.175549014288123 20.834493112183043 34.723088416212214 16.800075644257593 19.313092150737244 8.595159130594421 12.971611697321933 0.2003003181024079 3.1703330848274076 19.803491932931294 7.640136795425685 11.44818253903809 1.8350695766373448 5.4573730620586325 21.33559864235787 -0.9251280711757737 7.20796097230485 2.7555484476950554 -6.7183638019163885 -4.568874506426697 -8.078652482389577 0.9750665472968656
