web/models/mosfit_kne/mosfit_kn_3.0000/mosfit_kn_0.330399_0.4060_3.0000.dat
# %ECSV 1.0
# ---
# datatype:
# - {name: time, datatype: float64}
# - {name: PS1_g, datatype: float64}
# - {name: PS1_i, datatype: float64}
# - {name: PS1_r, datatype: float64}
# - {name: PS1_w, datatype: float64}
# - {name: PS1_y, datatype: float64}
# - {name: PS1_z, datatype: float64}
# - {name: swift_uvot_B, datatype: float64}
# - {name: swift_uvot_U, datatype: float64}
# - {name: swift_uvot_uvm2, datatype: float64}
# - {name: swift_uvot_uvw1, datatype: float64}
# - {name: swift_uvot_uvw2, datatype: float64}
# - {name: swift_uvot_V, datatype: float64}
# - {name: johnson_B, datatype: float64}
# - {name: johnson_I, datatype: float64}
# - {name: johnson_R, datatype: float64}
# - {name: johnson_U, datatype: float64}
# - {name: johnson_V, datatype: float64}
# - {name: sdss_g, datatype: float64}
# - {name: sdss_i, datatype: float64}
# - {name: sdss_r, datatype: float64}
# - {name: sdss_u, datatype: float64}
# - {name: sdss_z, datatype: float64}
# - {name: ATLAS_c, datatype: float64}
# - {name: ATLAS_o, datatype: float64}
# - {name: ukirt_H, datatype: float64}
# - {name: ukirt_J, datatype: float64}
# - {name: ukirt_K, datatype: float64}
# - {name: Clear, datatype: float64}
# meta: !!omap
# - comment: [kappa = 3.0, type = rprocess, mass = 0.33039895931513485, velocity = 0.406, theta_obs = 0.0, tfloor = 1000.0]
# schema: astropy-2.0
time PS1_g PS1_i PS1_r PS1_w PS1_y PS1_z swift_uvot_B swift_uvot_U swift_uvot_uvm2 swift_uvot_uvw1 swift_uvot_uvw2 swift_uvot_V johnson_B johnson_I johnson_R johnson_U johnson_V sdss_g sdss_i sdss_r sdss_u sdss_z ATLAS_c ATLAS_o ukirt_H ukirt_J ukirt_K Clear
[from data line 170]
10.280561122244489 -17.149696412790938 -19.021568646029277 -18.353063303771382 -18.307743316009564 -19.52785788389596 -19.350627389302115 -16.336751953788344 -15.620335232221496 -11.192287230091335 -13.669832117823333 -11.711938715113298 -17.764282668310322 -16.433094644526246 -19.620298164032405 -18.75929052882616 -15.710405096570323 -17.841832336042632 -16.96878213789068 -19.013493048573267 -18.342373752966523 -14.835172136740198 -19.404194794287086 -17.6897217274802 -18.687017016508047 -19.790679543242216 -19.77517130292565 -19.646130131866656 -18.547425630374743
10.34068136272545 -17.11272206617238 -19.00148395957185 -18.326244177155253 -18.28279268021717 -19.514605568544834 -19.334690835104134 -16.293870348564898 -15.563905248768446 -11.105093227815338 -13.609663381576347 -11.650016996547294 -17.73178802263183 -16.391258522507556 -19.602207405374134 -18.734687434646357 -15.656202892735546 -17.81015459454657 -16.93031517032617 -18.99322531695109 -18.315340561939237 -14.779907068448104 -19.38904630083954 -17.65807175373107 -18.6638302739488 -19.787056189106483 -19.76717702915524 -19.64542291306182 -18.525854791071126
10.400801603206412 -17.080361369334387 -18.984415192508877 -18.303076457974257 -18.26134256075555 -19.503727809699942 -19.321380139914073 -16.2561562074188 -15.513923060699426 -11.027287854442744 -13.556470003758463 -11.595326666905098 -17.70347607582985 -16.354497108764704 -19.586945907200903 -18.713532393580447 -15.608235747061496 -17.782586594656152 -16.896602741212803 -18.975990710263737 -18.291977484389594 -14.730974957667495 -19.376450947769293 -17.630542951658494 -18.64395971916819 -19.784909975797614 -19.761066951344457 -19.645921859570073 -18.50747572662261
10.460921843687375 -17.029601056459605 -18.95517706248622 -18.265252031624648 -18.22597691086587 -19.48321096115455 -19.297434933728344 -16.197853303790072 -15.438351624637399 -10.912606669340356 -13.476658842405094 -11.513550488762675 -17.658402541867535 -16.297545019695526 -19.560254511433907 -18.678550789130377 -15.53549715165672 -17.738567082209663 -16.84393946963855 -18.946518998820068 -18.25387561995033 -14.65687398965061 -19.353515476433678 -17.58660114030146 -18.61078930312898 -19.77670367735731 -19.74727151794399 -19.64144627147007 -18.47644992386085
10.521042084168336 -16.99301728539707 -18.93526529816782 -18.238686970871676 -18.20134958744097 -19.47006139063914 -19.281626264104013 -16.15542026540861 -15.38253977219492 -10.826538179583721 -13.417787359533833 -11.453268078688502 -17.62621477170444 -16.25616638351739 -19.54231807388939 -18.65419606949291 -15.481877219202264 -17.707201423427087 -16.8058811795221 -18.926426153178415 -18.227093644785484 -14.602195280203514 -19.33849135971217 -17.55531370245949 -18.587840291604536 -19.773107665126336 -19.739337666594707 -19.640746534613204 -18.455198481517012
10.581162324649299 -16.957546484321764 -18.91606057759441 -18.21298930322767 -18.177570124594382 -19.45745948518507 -19.266427206895518 -16.114237193027733 -15.32830199273679 -10.74281358019038 -13.360753234954998 -11.394948660933832 -17.59502520801948 -16.21601879689415 -19.525042693445364 -18.63066181899755 -15.429775896186168 -17.676818697203146 -16.768971417933702 -18.90704464461887 -18.201182661811597 -14.549058077152601 -19.324059746665352 -17.525022394965326 -18.565679756522897 -19.769841183727582 -19.73183204288876 -19.640311110584957 -18.434724457663574
10.64128256513026 -16.89981138218018 -18.882131102745348 -18.16955443198756 -18.136991478020263 -19.43320260668834 -19.238364420327105 -16.048132470652618 -15.243088496339787 -10.61450462481304 -13.271782877802014 -11.304255466779999 -17.543542043046003 -16.15144159121741 -19.493940569470418 -18.59040544644132 -15.347685448320469 -17.626524818316366 -16.70912976498764 -18.872856235090723 -18.1574326047361 -14.465446473229218 -19.29712367440496 -17.474889070692168 -18.527437764405814 -19.759272474540804 -19.715047020207557 -19.633895114819456 -18.399004166644488
10.701402805611222 -16.864646234170646 -18.8630724119046 -18.144062650068502 -18.113464911096795 -19.42069442039383 -19.22327791945536 -16.007298108073808 -15.189323359422104 -10.531621510868522 -13.215701692394415 -11.247112381190195 -17.51259763809384 -16.11164887919394 -19.476797318716017 -18.56707249784031 -15.296030857522311 -17.596390786029513 -16.672538948241353 -18.85362221867629 -18.131725554400155 -14.412759237312791 -19.282801880211018 -17.444881616089667 -18.505470325947364 -19.756042661756275 -19.707603125413193 -19.633481293513967 -18.378778610028697
10.761523046092185 -16.828041634292692 -18.843036521452863 -18.117407455142338 -18.08885873017223 -19.40740220573261 -19.207330629239276 -15.964856140657357 -15.133577654167834 -10.445955480898238 -13.15776322171116 -11.188166476141411 -17.48032719354508 -16.070285352649115 -19.458733941294064 -18.542645120232006 -15.242454231359687 -17.564958805415657 -16.634467412833374 -18.833405858630634 -18.10484721189974 -14.358117416640503 -19.26764325837267 -17.413594889841537 -18.482449825482608 -19.752309529773267 -19.699528059834428 -19.63265030304013 -18.35757984345804
10.821643286573146 -16.765897437147412 -18.80610753642916 -18.07040179805261 -18.045024342055438 -19.380746103186706 -19.17662854221618 -15.893817722911027 -15.042289113955558 -10.309197268752065 -13.063505994518803 -11.092536567720654 -17.424763993072975 -16.000901631649768 -19.424810907136234 -18.499043596610722 -15.154462802446506 -17.51068106188789 -16.570090064915846 -18.79620200929132 -18.05749864514569 -14.268499245387236 -19.238145333361913 -17.35956733427038 -18.440993551604414 -19.74022891556062 -19.68082625561239 -19.624996692627526 -18.31895361810769
10.881763527054108 -16.731817158971474 -18.787683747424744 -18.045719444122614 -18.022343027246954 -19.368706892243406 -19.162073903184176 -15.854208482488314 -14.990103939860386 -10.228818633978939 -13.009700667043003 -11.03797350964712 -17.394760894187204 -15.962328020454354 -19.40825601498646 -18.476483271374786 -15.104322503496743 -17.481481868452363 -16.534622774382584 -18.77760742409949 -18.032601362444396 -14.217345436174451 -19.22434075769626 -17.330541091369867 -18.41976775134313 -19.737256714488144 -19.673734766883992 -19.62477956245134 -18.299519748394033
10.941883767535069 -16.691190779732068 -18.764909840707382 -18.01580747678857 -17.994742431615958 -19.353218617164067 -19.143714400264606 -15.807271666156552 -14.928825028997093 -10.135428563765888 -12.9467823390525 -10.974276851886508 -17.358775127547307 -15.916579786158639 -19.387615424280888 -18.448998800986544 -15.04537311571805 -17.446418151389228 -16.492414449296167 -18.75463864644649 -18.002442439927755 -14.157237165048233 -19.20683874902572 -17.295690956615815 -18.393807300640788 -19.732122889135223 -19.663896347739076 -19.62279309525641 -18.275634740822344
11.002004008016032 -16.638076171174205 -18.733858478016927 -17.97593201820222 -17.957766905808246 -19.331179406774 -19.118122377413975 -15.746349423534724 -14.850174477049602 -10.017146984858666 -12.866410902036112 -10.893065842941393 -17.311383321563476 -15.857137834282579 -19.359203903762882 -18.412134962767094 -14.969598390130649 -17.400173828446675 -16.437344192581556 -18.723346277060653 -17.962259009456787 -14.08002547954716 -19.182309751733175 -17.24973457880333 -18.35883030776351 -19.72290337858192 -19.648851551609194 -19.617471905924063 -18.2432697020249
11.062124248496994 -16.601184933129467 -18.71349822204369 -17.948958547644764 -17.93299744731618 -19.317577353208932 -19.1018552269402 -15.70360193191264 -14.794141430335603 -9.931459345459078 -12.809308819179392 -10.835420561614452 -17.27877099205082 -15.815507715184069 -19.340823977639243 -18.38742636123228 -14.915717816341704 -17.3684270342253 -16.398987258043398 -18.702805322560785 -17.93505278372269 -14.025064826566567 -19.166841452974417 -17.218220818002656 -18.335537837106237 -19.71892311753043 -19.640498706052973 -19.616418705365867 -18.221968009151777
11.122244488977955 -16.554507506024922 -18.686644927193594 -17.914172700859066 -17.900889705402747 -19.298835063940505 -19.07991340855924 -15.649894466741145 -14.72449883417168 -9.826298825607815 -12.738632166645889 -10.764186268181287 -17.23721483484865 -15.763149574027032 -19.316348232600255 -18.35536608559907 -14.8486539787828 -17.32791538306518 -16.350551677961533 -18.67573519494794 -17.899985548281627 -13.95670187170376 -19.145860309556948 -17.178008050885563 -18.305178478481228 -19.711738013561103 -19.62806099716735 -19.612750783090377 -18.194033824095452
11.182364729458918 -16.501824445028603 -18.655794744827396 -17.874583799776786 -17.864294178157785 -19.276925878393918 -19.05447608807293 -15.589460018826415 -14.646510757675024 -9.709249604435758 -12.659816840721696 -10.684871123823005 -17.190159348932827 -15.704213022494077 -19.288119925339117 -18.31879097592988 -14.773502837241772 -17.282018526727875 -16.295931714184597 -18.644646038031762 -17.86008388600454 -13.880115087143672 -19.121484394138637 -17.132464751053078 -18.270479967893625 -19.70258046650995 -19.6131073613347 -19.607475646709403 -18.162053535091776
11.242484969939879 -16.463443408056087 -18.634370884203335 -17.846371056437693 -17.838437859875942 -19.26245212898893 -19.037258944792885 -15.545052132271675 -14.588466477696471 -9.620907608025501 -12.601354389419708 -10.626100269920421 -17.156140046700223 -15.66097711870514 -19.268734880491778 -18.292927720859453 -14.717659720904177 -17.248905119404846 -16.256045888205453 -18.623036449048893 -17.831626158635192 -13.823153400237285 -19.105094073143363 -17.09964348667416 -18.24607660513145 -19.698027489149524 -19.604044579465096 -19.605944441184256 -18.139795283304867
11.302605210420841 -16.41716352814015 -18.60769922937397 -17.811847350575203 -17.806673105615598 -19.243823421702082 -19.015454530316127 -15.491796115828517 -14.519439028954046 -9.516889723553387 -12.532086761725996 -10.556559902976893 -17.114893931625367 -15.609085708635376 -19.244423449718113 -18.26113036504702 -14.65117516471108 -17.20871309436173 -16.2080254902199 -18.596149899150003 -17.79681691378668 -13.755371547424584 -19.08424841470671 -17.059808295593193 -18.21596992738863 -19.69088878096732 -19.591682234319787 -19.6023068586914 -18.112205734433253
11.362725450901802 -16.373183987430977 -18.582522007148494 -17.779139007518232 -17.776644468890854 -19.226364834580316 -18.99494734259477 -15.441120066192255 -14.453636515880106 -9.417579193179812 -12.466297909734898 -10.490591083344473 -17.075731356712655 -15.559727673785474 -19.221512116785206 -18.231045960938516 -14.587808648206792 -17.170567921202778 -16.162376490035033 -18.570766484776033 -17.763832496420324 -13.690757175988324 -19.06466326752966 -17.02202434761741 -18.187509244843074 -19.68446622121467 -19.580241929929976 -19.59924849824931 -18.086195346187175
11.422845691382765 -16.33161067870649 -18.55891011347774 -17.748331198576555 -17.748427532196764 -19.210132036940628 -18.975799188094804 -15.393143270423472 -14.391206736804847 -9.323180509448047 -12.404103100767294 -10.42829623602794 -17.038750556983448 -15.513018652980989 -19.200067205546596 -18.20275358020246 -14.527703771236322 -17.134565105051834 -16.11920794885698 -18.546957504078403 -17.732758883679374 -13.629456708305039 -19.046398376333755 -16.986383933012892 -18.160770247158897 -19.678792499905203 -19.5697668664379 -19.596794877031144 -18.06183026014212
11.482965931863728 -16.272973119799232 -18.523985325557568 -17.70390395020625 -17.707466840983592 -19.184957565437415 -18.946771242893004 -15.326042137500579 -14.305020061720644 -9.19484897088289 -12.318556817668522 -10.342721189399867 -16.986162604270103 -15.447604314121794 -19.16800690206487 -18.1616604843138 -14.444583278096996 -17.08327742328199 -16.058463700090844 -18.51177234917305 -17.687977612105747 -13.544752487580372 -19.018540201943424 -16.935600483741222 -18.12173129348258 -19.667582911238522 -19.552206595258497 -19.589845976560373 -18.025974601603973
11.543086172344688 -16.21687547218574 -18.490711940507065 -17.661481661303746 -17.668430352134834 -19.161078071317572 -18.919177760246555 -15.26178770452325 -14.222390137892038 -9.071718617146804 -12.236895868769793 -10.261138779974427 -16.93587348975135 -15.384987565519847 -19.137494541932007 -18.12246172378381 -14.364901295974743 -17.03424970413772 -16.000337596192722 -18.478248171939757 -17.645211225392483 -13.463540424558147 -18.992076616316673 -16.887085649155917 -18.084513250786163 -19.657171451416847 -19.5356696708434 -19.583545732267243 -17.991872995691036
11.603206412825651 -16.175750977404526 -18.467318318319812 -17.63097911792258 -17.640591047481227 -19.144987997013008 -18.90019920884379 -15.214319692052307 -14.16064374419948 -8.97855398238191 -12.17613927637446 -10.200511917159186 -16.899251610027612 -15.338801348984713 -19.116248410594345 -18.094473070200145 -14.305442757764474 -16.998614416469678 -15.957636832869557 -18.45465960318098 -17.614439111243403 -13.402889400308489 -18.973978496875876 -16.85186732350994 -18.058065659885862 -19.65156169506844 -19.525292814448036 -19.581136613083828 -17.967881532542425
11.663326653306612 -16.128689976650143 -18.439971103811708 -17.595726292873 -17.608332932310056 -19.12576717683132 -18.87776353144588 -15.160198616865934 -14.090643814796984 -8.873667653997902 -12.107481562646711 -10.132065958193518 -16.857186848031535 -15.28611527348897 -19.09129151315141 -18.062025273030937 -14.237984286124885 -16.95765346412974 -15.908822794573503 -18.427095518983077 -17.578884247747055 -13.33410112909565 -18.95252446425033 -16.81138887413722 -18.027333644682937 -19.644011379441558 -19.51243352113808 -19.57715190464492 -17.939916075384694
11.723446893787575 -16.063180374132227 -18.400386257259296 -17.545742490768284 -17.562340831144265 -19.096878611533228 -18.84464192129899 -15.085393216081908 -13.994950831053501 -8.732170038054083 -12.013938243639899 -10.038904323033048 -16.798231750425405 -15.21321282460724 -19.05485431824837 -18.015746318057115 -14.145629904009198 -16.90016100519363 -15.841007064646657 -18.387225285218758 -17.528499528972112 -13.239991652651693 -18.920698182379674 -16.754561053266208 -17.98331477854612 -19.630499073136477 -19.49192565682056 -19.568339809635976 -17.899592148205503
11.783567134268537 -16.01196843335048 -18.370237386925936 -17.50714263623685 -17.52702848577295 -19.075428085145543 -18.81974776259648 -15.026619227528332 -13.919201225099833 -8.619266712471173 -11.940254258001914 -9.965612459043033 -16.75233195816417 -15.155998223035642 -19.027266353126528 -17.980170026329365 -14.07258988208427 -16.855458847949297 -15.787920811664033 -18.356844389693947 -17.489570831697616 -13.165520377779902 -18.89686012703221 -16.710423919486175 -17.94957780325003 -19.621565281385248 -19.477296593237412 -19.563234162141875 -17.868904195859496
11.843687374749498 -15.975500627601864 -18.349825313325372 -17.480287366796414 -17.502705696845453 -19.061651221995533 -18.803343289664074 -14.984381407958242 -13.864020293840369 -8.535801519107324 -11.88683849499796 -9.91254257274758 -16.719905533766905 -15.11495710709847 -19.008808496783153 -17.95562767141129 -14.019472649515283 -16.823950952324843 -15.750023881653874 -18.336255357732743 -17.46246302301122 -13.111308960424441 -18.88126291082706 -16.679361696861896 -17.926439311544744 -19.617343897826927 -19.46872693831212 -19.561936477861327 -17.848117911016814
