web/models/mosfit_kne/mosfit_kn_3.0000/mosfit_kn_0.406447_0.2807_3.0000.dat
# %ECSV 1.0
# ---
# datatype:
# - {name: time, datatype: float64}
# - {name: PS1_g, datatype: float64}
# - {name: PS1_i, datatype: float64}
# - {name: PS1_r, datatype: float64}
# - {name: PS1_w, datatype: float64}
# - {name: PS1_y, datatype: float64}
# - {name: PS1_z, datatype: float64}
# - {name: swift_uvot_B, datatype: float64}
# - {name: swift_uvot_U, datatype: float64}
# - {name: swift_uvot_uvm2, datatype: float64}
# - {name: swift_uvot_uvw1, datatype: float64}
# - {name: swift_uvot_uvw2, datatype: float64}
# - {name: swift_uvot_V, datatype: float64}
# - {name: johnson_B, datatype: float64}
# - {name: johnson_I, datatype: float64}
# - {name: johnson_R, datatype: float64}
# - {name: johnson_U, datatype: float64}
# - {name: johnson_V, datatype: float64}
# - {name: sdss_g, datatype: float64}
# - {name: sdss_i, datatype: float64}
# - {name: sdss_r, datatype: float64}
# - {name: sdss_u, datatype: float64}
# - {name: sdss_z, datatype: float64}
# - {name: ATLAS_c, datatype: float64}
# - {name: ATLAS_o, datatype: float64}
# - {name: ukirt_H, datatype: float64}
# - {name: ukirt_J, datatype: float64}
# - {name: ukirt_K, datatype: float64}
# - {name: Clear, datatype: float64}
# meta: !!omap
# - comment: [kappa = 3.0, type = rprocess, mass = 0.4064473885499596, velocity = 0.2806666666666667, theta_obs = 0.0, tfloor = 1000.0]
# schema: astropy-2.0
time PS1_g PS1_i PS1_r PS1_w PS1_y PS1_z swift_uvot_B swift_uvot_U swift_uvot_uvm2 swift_uvot_uvw1 swift_uvot_uvw2 swift_uvot_V johnson_B johnson_I johnson_R johnson_U johnson_V sdss_g sdss_i sdss_r sdss_u sdss_z ATLAS_c ATLAS_o ukirt_H ukirt_J ukirt_K Clear
[from data line 338]
20.38076152304609 -28.7193374852939 -27.78788052491162 -28.195240574924547 -28.369467123516827 -27.25427420441811 -27.47731701745238 -28.80443471228424 -30.40187311222727 -31.934032570672034 -31.545506838806112 -32.15635127893556 -28.455807364467518 -28.808281277341607 -28.090106541493302 -28.31776922032238 -30.064201592050434 -28.45748902266363 -28.78330807300909 -27.80768702912905 -28.19682607610183 -29.324477336993784 -27.426168116545 -28.56115543070821 -28.056221919842468 -26.10746369095803 -26.735041558636947 -25.531345663346784 -28.27432710087443
20.440881763527052 -28.742999865568493 -27.8108837685377 -28.218494152180718 -28.39290563208447 -27.277032871899483 -27.500169959102685 -28.828276614554326 -30.426234801152958 -31.959860365667726 -31.571048427815942 -32.18271452586226 -28.479239147282176 -28.832116570301668 -28.113043061194595 -28.340970193555208 -30.088458087123737 -28.480914411794892 -28.807024586151257 -27.830696583058074 -28.22007789701365 -29.348753641453698 -27.448999208237925 -28.584698768922845 -28.07938869895077 -26.129872235889874 -26.757615745271863 -25.553636726438317 -28.2977456134285
20.501002004008015 -28.76662356782708 -27.83385797645945 -28.24171505521086 -28.41630880432298 -27.299766028536823 -27.52299603464179 -28.852077166622323 -30.450547342154675 -31.985616449277025 -31.596522960594697 -32.20899766985525 -28.502635641464693 -28.855910614740118 -28.135951510628995 -28.364139263125995 -30.112667019784755 -28.504304609186107 -28.830701619047083 -27.85367700986665 -28.243297067956448 -29.372982081489294 -27.471803749190613 -28.60820519876219 -28.10252407577771 -26.152260261498053 -26.780167059968853 -25.575908929564935 -28.321129103776475
20.561122244488978 -28.79020969661381 -27.8568040855672 -28.264904283623196 -28.439677684937674 -27.32247455117312 -27.54579614391835 -28.87583752061711 -30.474812027499958 -32.01130253155876 -31.621932054165853 -32.23520257893322 -28.525997892283332 -28.879664560884496 -28.158832810146663 -28.387277415207166 -30.13682965365308 -28.52766065832977 -28.854340290435676 -27.876629248013955 -28.26648458815532 -29.397163926276697 -27.49458263386577 -28.631675793287084 -28.125629027738288 -26.17462856090794 -26.8026963350934 -25.598163038402323 -28.344478610575337
20.62124248496994 -28.813758655161283 -27.879722360276737 -28.288062153628726 -28.46301262721571 -27.345158654809776 -27.568570520845235 -28.899558119440034 -30.49902941724179 -32.03691952486507 -31.647276541052705 -32.261330299368204 -28.549326253800952 -28.903378850031704 -28.181687210529127 -28.410384954877774 -30.160946524793914 -28.550982911797945 -28.877941015362936 -27.89955356320963 -28.289640773512712 -29.42129971655394 -27.517336091741047 -28.65511092949509 -28.14870385265266 -26.196977280554258 -26.825203749164128 -25.620399176998966 -28.367794481972748
20.6813627254509 -28.837271368944215 -27.902613570361208 -28.311189493239688 -28.48631450105472 -27.367819053469358 -27.591319900803484 -28.923239932768016 -30.523200611262933 -32.06246891749558 -31.67255782310937 -32.28738246643383 -28.57262159643443 -28.92705445009286 -28.204515466192046 -28.43346269767305 -30.185018706468966 -28.574272238358468 -28.901504732489318 -27.922450726683508 -28.312766451685007 -29.445390530745073 -27.540064853197013 -28.67851150361851 -28.171749357923748 -26.219307056747635 -26.84768997491444 -25.64261795618902 -28.39107758225012
20.741482965931862 -28.860747535749223 -27.925477304258788 -28.33428593155027 -28.509582964482476 -27.390455296989984 -27.614043848381993 -28.946882689919253 -30.547325432353567 -32.087950816576786 -31.697775941659962 -32.31335929614057 -28.595883579141496 -28.950691089091038 -28.22731715489874 -28.456510263911483 -30.209046002287156 -28.597528295773667 -28.925031148970515 -27.94532032788748 -28.33586125153234 -29.46943617621562 -27.562768479354887 -28.70187719260313 -28.194765158144435 -26.241617386113983 -26.870154533810897 -25.664818855327876 -28.414327565251156
20.801603206412825 -28.884186662444442 -27.948312966619966 -28.35735091118078 -28.532817487106037 -27.413066754017663 -27.63674174598041 -28.9704859273044 -30.571403504587842 -32.11336511364815 -31.722930726061644 -32.33926078266496 -28.619111672469064 -28.97428830221918 -28.250091671336836 -28.479527088008744 -30.23302801832272 -28.620750553468298 -28.948519780447928 -27.96816177241835 -28.358924615458303 -29.493436262569137 -27.585446349379144 -28.725207483794737 -28.217750682376703 -26.263907587749543 -26.89259676806646 -25.68700117745468 -28.43754389664145
20.861723446893787 -28.90758981097857 -27.97112146370557 -28.38038539670581 -28.556019075567605 -27.435654274885515 -27.65941446537047 -28.994050750902993 -30.595436063471073 -32.13871342891738 -31.74802371192584 -32.365088691487 -28.64230688336112 -28.99784719371182 -28.27283990637505 -28.50251412206988 -30.256965963619653 -28.6439400167516 -28.971971702018493 -27.990975967996494 -28.381957507675608 -29.51739200396556 -27.60809933002733 -28.74850341001034 -28.240706874600647 -26.286178433830273 -26.915017486522093 -25.709165669064543 -28.460727577538645
20.92184368737475 -28.930958499271053 -27.993904145323256 -28.40339080099813 -28.579189188365213 -27.45821914878883 -27.682063318996644 -29.017578725981334 -30.619424813318012 -32.16399787750241 -31.77305692510842 -32.39084529236577 -28.665470670406627 -29.021369326973762 -28.295563193156543 -28.525472765509 -30.280861514113575 -28.667098142462773 -28.995388445755328 -28.013764266009336 -28.404961340659813 -29.541305081811426 -27.63072872831204 -28.771766457836936 -28.26363512546333 -26.308431128609687 -26.93741793331883 -25.73131350643109 -28.48388006057471
20.98196392785571 -28.954292482177895 -28.016660661203385 -28.42636681294154 -28.602327542365362 -27.48076098819409 -27.704687933576242 -29.04106963756509 -30.643369628448642 -32.18921860399098 -31.798030448552357 -32.41653083318749 -28.688602751171636 -29.044854485803814 -28.318261171118674 -28.548402698779142 -30.304714525816802 -28.69022464703123 -29.018769775490565 -28.036526317164334 -28.427935803064397 -29.565175355690645 -27.653334167604875 -28.794996362188936 -28.286535109919555 -26.330665233012432 -26.959797693471614 -25.753444233699177 -28.507001058675012
21.04208416833667 -28.97759234564761 -28.039391465240193 -28.449313935842397 -28.625434676480204 -27.50328019966828 -27.727288733810713 -29.06452410904213 -30.6672712425185 -32.21437667073533 -31.82294527196378 -32.44214650078219 -28.711703664913674 -29.068303292100634 -28.34093428112266 -28.571304414609042 -30.32852570984175 -28.713320068321885 -29.04211628834629 -28.059262576591824 -28.450881397891443 -29.589003541078984 -27.67591606836339 -28.818193684250737 -28.30940731380501 -26.35288108758283 -26.98215713847805 -25.775558169752962 -28.530091106027058
21.102204408817634 -29.00085707995709 -28.06209546979657 -28.47223111091754 -28.64850955235955 -27.52577566832702 -27.74986461521074 -29.087941153372807 -30.69112873602748 -32.23947136635715 -31.847800634968255 -32.46769166423134 -28.734772374160446 -29.09171475788002 -28.363581427977255 -28.594176847959513 -30.352294132792867 -28.736383367996275 -29.06542698132453 -28.081971957372645 -28.473797066197193 -29.612788707314053 -27.698473323648454 -28.84135739932077 -28.332250667997076 -26.375077540148993 -27.00449513352691 -25.797654150399257 -28.55314916120669
21.162324649298597 -29.02408800530477 -28.08477384139243 -28.49511956236526 -28.6715534359913 -27.5482485052175 -27.772416710105663 -29.11132213397445 -30.714943599266302 -32.264504555446386 -31.872598321305965 -32.49316832898965 -28.75781014488795 -29.115090244866323 -28.38620376295615 -28.61702121072914 -30.37602125907255 -28.759415810436902 -29.088703187549054 -28.104655627471864 -28.49668403181429 -29.63653232378153 -27.72100706081904 -28.86448879899806 -28.355066376383427 -26.397255623947636 -27.026812748405806 -25.819733183222834 -28.57617648487869
21.22244488977956 -29.04728125968548 -28.1074227321988 -28.51797543623608 -28.69456246804221 -27.570694869431698 -27.794941174812244 -29.134663186436935 -30.73871196273304 -32.2894723718102 -31.897334455913633 -32.51857263459886 -28.78081311955671 -29.1384258886302 -28.408797439998345 -28.63983365006342 -30.399703219981113 -28.782413538132868 -29.111941044175875 -28.127309738896802 -28.519538440877472 -29.660230521744708 -27.74351343679493 -28.887584022937567 -28.37785058680481 -26.419411509692164 -27.049106148051045 -25.84179144332541 -28.599169217438956
21.28256513026052 -29.070446646340518 -28.13005152613716 -28.540808275184908 -28.717546307804103 -27.593123990473902 -27.817447298280396 -29.157974229240413 -30.76244407988236 -32.31438602616303 -31.922020056705822 -32.543916144519365 -28.80379095436383 -29.161731603331663 -28.43137180081283 -28.662623675125502 -30.42335020102148 -28.80538620313567 -29.135150389114095 -28.14994367956359 -28.54236983495765 -29.683893499585245 -27.766001726719605 -28.910652798009195 -28.4006127866418 -26.441554207044057 -27.071384445933298 -25.86383786694739 -28.62213700495582
21.34268537074148 -29.093580513853468 -28.152656585862417 -28.563614435837632 -28.740501306657702 -27.615532237764118 -27.83993144722256 -29.181251608487024 -30.7861362913777 -32.33924186029686 -31.94665145768017 -32.569195205208885 -28.826740002354907 -29.18500373506483 -28.453923209788645 -28.685387643631188 -30.44695854374468 -28.82833015852682 -29.158327570093974 -28.172553811966417 -28.565174570761123 -29.7075175987918 -27.788468297895808 -28.93369147450425 -28.423349334303545 -26.463680096699576 -27.093644017155007 -25.885868839022695 -28.645076198589923
21.402805611222444 -29.11668129131174 -28.175236285816965 -28.58639231274811 -28.763425873276134 -27.637917966915477 -27.862391984416224 -29.2044937694127 -30.80978709085059 -32.36403851980089 -31.971227267687148 -32.59440852175905 -28.849658673067246 -29.208240728378335 -28.47645003612674 -28.708123945742614 -30.470526731787928 -28.851243813219543 -29.18147102097393 -28.195138511046363 -28.58795104273625 -29.731101304981387 -27.81091151140565 -28.956698470860704 -28.446058617083274 -26.485787508808635 -27.115883203669835 -25.907882681582418 -28.667985204751805
21.462925851703407 -29.139749310142964 -28.19779084396858 -28.609142166380455 -28.786320298836472 -27.660281355135794 -27.884829102693853 -29.227701075517977 -30.833396936184947 -32.38877674309704 -31.995748163850664 -32.61955693877038 -28.872547257833762 -29.231442945506178 -28.498952486578332 -28.730832832840687 -30.49405520374843 -28.874127457359236 -29.204581082761933 -28.217697995834854 -28.6106995110819 -29.754645060473432 -27.833331556428043 -28.979674097293202 -28.46874088044455 -26.507876563610143 -27.138102152443775 -25.92987949614354 -28.690864310617652
21.52304609218437 -29.162785770211652 -28.220321322546376 -28.631865110676724 -28.809185734846015 -27.682623414844567 -27.907243833593025 -29.250874765254775 -30.85696717899019 -32.4134582144543 -32.02021575937518 -32.64464226552153 -28.895406907989607 -29.254611623399253 -28.52143160969278 -28.753515407856824 -30.51754528816006 -28.896982240864478 -29.22765896687272 -28.24023332985739 -28.633421089408237 -29.77815019823174 -27.855729460039207 -29.00261952813068 -28.491397220149413 -26.529948203517662 -27.160301838798624 -25.95186020199973 -28.71371466299495
21.58316633266533 -29.18579168799079 -28.24282860869623 -28.65456208135809 -28.832023152297932 -27.704944986420923 -27.929637035440606 -29.274015891384508 -30.88049897848629 -32.43808440644712 -32.04463145976547 -32.66966609245421 -28.91823859439625 -29.277747813405476 -28.543888279769416 -28.776172596165754 -30.540998122528162 -28.91980913326362 -29.250705700639177 -28.262745401477396 -28.65611671312534 -29.801617859932072 -27.87810607637704 -29.025535755834007 -28.51402855483542 -26.55200320321851 -27.182483068295742 -25.97382555215407 -28.73653722844777
21.64328657314629 -29.20876694555245 -28.26531249044608 -28.677232901625693 -28.85483239976928 -27.72724582422155 -27.952008475493066 -29.297124362659723 -30.903992322073748 -32.462655541451575 -32.06899543565443 -32.69462873122286 -28.94104216585567 -29.30085142321794 -28.566322275561983 -28.798804213438498 -30.564413678165778 -28.94260798236791 -29.273721174096234 -28.285233999602415 -28.678786205217293 -29.825048019997773 -27.9004611696789 -29.048422644835092 -28.536634695267136 -26.574041270127925 -27.20464557035326 -25.995775238629918 -28.75933185219571
21.703406813627254 -29.23171187636825 -28.28777319514087 -28.699877838612196 -28.87761377320979 -27.74952611737925 -27.974358357537046 -29.32020054247203 -30.92744766110812 -32.48717233146991 -32.09330834259234 -32.71953099233656 -28.963817918359116 -29.323922815053457 -28.588733813906757 -28.821410518314654 -30.58779238846344 -28.965379083064665 -29.296705729659234 -28.30769935257374 -28.701429832565797 -29.848441115278952 -27.922794940307245 -29.07128050881532 -28.559215894552477 -26.596062539876538 -27.226789505718294 -26.017709379447563 -28.782098826489886
21.763527054108216 -29.254625619233465 -28.310209790393586 -28.722495986439878 -28.900366385748377 -27.771784908276036 -27.996685733603695 -29.343243590030774 -30.95086421526032 -32.51163417942982 -32.11756954213417 -32.744372349033135 -28.986564965441108 -29.3469611472961 -28.61112195544844 -28.843990599212514 -30.611133460690276 -28.988121548122937 -29.319658512200135 -28.330140528665826 -28.724046689135516 -29.871796355456972 -27.94510643802875 -29.094108473084592 -28.58177123739095 -26.61806601994225 -27.248913898184277 -26.039626970719137 -28.80483726181735
21.82364729458918 -29.277509301399807 -28.332623276912354 -28.745088393407414 -28.92309132032615 -27.7940231517219 -28.018991576126613 -29.366254667970903 -30.97424325082578 -32.536042655390695 -32.14178054004277 -32.76915448534275 -29.00928438976222 -29.369967581212343 -28.63348768829762 -28.86654549431099 -30.63443814001482 -29.010836458908763 -29.342580659569464 -28.35255852978042 -28.746637822916554 -29.89511498974739 -27.967396631167247 -29.11690764147787 -28.604301755373545 -26.64005260051608 -27.271019668336614 -26.06152888126253 -28.827548236849463
21.883767535070138 -29.300364026294528 -28.355014634909654 -28.767656086071067 -28.94578963724353 -27.816241783226765 -28.041276837781055 -29.38923491416101 -30.99758600656342 -32.56039929364871 -32.16594280813485 -32.79387904642908 -29.031977251334517 -29.392943253339755 -28.655831980398336 -28.889076220313303 -30.657707644634932 -29.0335248741748 -29.365473285512174 -28.374954337292433 -28.76920426016431 -29.91839824028551 -27.98966646839542 -29.139679094628885 -28.62680845878934 -26.662023154159545 -27.29310771834765 -26.083415962814943 -28.85023280773554
21.9438877755511 -29.323189569308923 -28.37738355485154 -28.790198786687338 -28.96846108174321 -27.838440462786895 -28.063541190240837 -29.4121841280258 -31.020892352685117 -32.58470417533463 -32.19005638149948 -32.81854619347984 -29.05464329552108 -29.41588796215401 -28.67815451382934 -28.91158249267865 -30.68094183028973 -29.056186538394805 -29.38833617259741 -28.39732764246328 -28.791745722937048 -29.941645965602426 -28.011915618655934 -29.162422592038855 -28.649291058669597 -26.6839772983206 -27.31517768562087 -26.10528781885227 -28.872890716720878
22.004008016032063 -29.34598702991547 -28.399731016745093 -28.812717520215312 -28.99110671154208 -27.86062012702523 -28.085785586790735 -29.435103442392975 -31.04416351968462 -32.60895881662446 -32.21412271614598 -32.843157549757045 -29.077283579711832 -29.43880283919683 -28.70045625669426 -28.93406532681417 -30.70414190757414 -29.07882250774072 -29.411170430292994 -28.41967942642782 -28.814263235900786 -29.96485938010034 -28.034145031349507 -29.185139211104545 -28.671750564203844 -26.705915908485412 -27.337230474408525 -26.12714530462268 -28.89552301751758
