web/models/mosfit_kne/mosfit_kn_3.0000/mosfit_kn_0.033839_0.2807_3.0000.dat
# %ECSV 1.0
# ---
# datatype:
# - {name: time, datatype: float64}
# - {name: PS1_g, datatype: float64}
# - {name: PS1_i, datatype: float64}
# - {name: PS1_r, datatype: float64}
# - {name: PS1_w, datatype: float64}
# - {name: PS1_y, datatype: float64}
# - {name: PS1_z, datatype: float64}
# - {name: swift_uvot_B, datatype: float64}
# - {name: swift_uvot_U, datatype: float64}
# - {name: swift_uvot_uvm2, datatype: float64}
# - {name: swift_uvot_uvw1, datatype: float64}
# - {name: swift_uvot_uvw2, datatype: float64}
# - {name: swift_uvot_V, datatype: float64}
# - {name: johnson_B, datatype: float64}
# - {name: johnson_I, datatype: float64}
# - {name: johnson_R, datatype: float64}
# - {name: johnson_U, datatype: float64}
# - {name: johnson_V, datatype: float64}
# - {name: sdss_g, datatype: float64}
# - {name: sdss_i, datatype: float64}
# - {name: sdss_r, datatype: float64}
# - {name: sdss_u, datatype: float64}
# - {name: sdss_z, datatype: float64}
# - {name: ATLAS_c, datatype: float64}
# - {name: ATLAS_o, datatype: float64}
# - {name: ukirt_H, datatype: float64}
# - {name: ukirt_J, datatype: float64}
# - {name: ukirt_K, datatype: float64}
# - {name: Clear, datatype: float64}
# meta: !!omap
# - comment: [kappa = 3.0, type = rprocess, mass = 0.03383890769761434, velocity = 0.2806666666666667, theta_obs = 0.0, tfloor = 1000.0]
# schema: astropy-2.0
time PS1_g PS1_i PS1_r PS1_w PS1_y PS1_z swift_uvot_B swift_uvot_U swift_uvot_uvm2 swift_uvot_uvw1 swift_uvot_uvw2 swift_uvot_V johnson_B johnson_I johnson_R johnson_U johnson_V sdss_g sdss_i sdss_r sdss_u sdss_z ATLAS_c ATLAS_o ukirt_H ukirt_J ukirt_K Clear
[from data line 289]
17.43486973947896 8.119709835301911 -0.7621189778973658 2.712951800140484 0.7450279886364974 -4.285309026422635 -2.8676330615754964 11.659616411866399 18.31856050976132 32.20715581379049 14.284143041835868 16.79715954831552 6.079226528172696 10.455679094900209 -2.3156322843193164 0.6544004824056835 17.28755933050956 5.124204193003961 8.932249936616365 -0.6808630257843795 2.941440459636908 18.819666039936145 -3.441060673597498 4.6920283698831255 0.23961584527333102 -9.234296404338112 -7.0848071088484215 -10.594585084811301 -1.5408660551248587
17.494989979959918 8.127793735720932 -0.7540350774783455 2.7210357005595043 0.7531118890555177 -4.2772251260035965 -2.859549161156476 11.667700312285419 18.32664441018034 32.21523971420951 14.292226942254889 16.80524344873454 6.087310428591734 10.463762995319229 -2.307548383900296 0.6624843828247038 17.295643230928597 5.132288093422981 8.940333837035386 -0.6727791253653592 2.9495243600559284 18.827749940355165 -3.4329767731784777 4.700112270302146 0.24769974569235131 -9.226212503919092 -7.076723208429401 -10.586501184392281 -1.5327821547058385
17.55511022044088 8.135848288454888 -0.7459805247444073 2.7290902532934425 0.7611664417894559 -4.269170573269658 -2.851494608422538 11.675754865019357 18.334698962914278 32.22329426694345 14.300281494988827 16.81329800146848 6.095364981325672 10.471817548053167 -2.299493831166358 0.670538935558642 17.303697783662535 5.1403426461569195 8.948388389769324 -0.6647245726314033 2.9575789127898666 18.835804493089103 -3.4249222204445218 4.708166823036084 0.25575429842630726 -9.218157951185153 -7.068668655695463 -10.578446631658325 -1.5247276019718825
17.615230460921843 8.143873695647148 -0.7379551175521293 2.7371156604857205 0.769191848981734 -4.261145166077398 -2.84346920123026 11.683780272211635 18.342724370106556 32.231319674135726 14.308306902181105 16.821323408660756 6.103390388517933 10.479842955245445 -2.29146842397408 0.67856434275092 17.311723190854796 5.148368053349198 8.956413796961602 -0.656699165439143 2.9656043199821447 18.84382990028138 -3.4168968132522615 4.716192230228362 0.26377970561856756 -9.210132543992875 -7.060643248503185 -10.570421224466065 -1.5167021947796222
17.675350701402806 8.151870239318697 -0.7299585738805803 2.7451122041572695 0.777188392653283 -4.253148622405831 -2.835472657558711 11.691776815883184 18.350720913778105 32.23931621780728 14.316303445852654 16.829319952332305 6.111386932189499 10.487839498916994 -2.283471880302531 0.686560886422469 17.319719734526362 5.156364597020747 8.964410340633151 -0.6487026217675762 2.9736008636536937 18.85182644395293 -3.4089002695806947 4.724188773899911 0.27177624929011657 -9.202136000321326 -7.052646704831636 -10.562424680794498 -1.5087056511080554
17.73547094188377 8.159838177498191 -0.7219906357011041 2.7530801423367457 0.7851563308327592 -4.245180684226355 -2.8275047193792346 11.699744754062678 18.35868885195758 32.24728415598676 14.324271384032148 16.8372878905118 6.1193548703689755 10.49580743709647 -2.275503942123037 0.6945288246019452 17.32768767270584 5.164332535200223 8.972378278812627 -0.6407346835881 2.9815688018331876 18.859794382132407 -3.4009323314012185 4.732156712079387 0.2797441874696105 -9.19416806214185 -7.04467876665216 -10.554456742615022 -1.5007377129285793
17.795591182364728 8.167777744628264 -0.7140510685710311 2.7610197094668187 0.7930958979628322 -4.237241117096282 -2.8195651522491616 11.707684321192733 18.366628419087654 32.255223723116835 14.33221095116222 16.845227457641872 6.127294437499049 10.503747004226543 -2.2675643749929817 0.7024683917320182 17.33562723983591 5.172272102330296 8.9803178459427 -0.632795116458027 2.9895083689632607 18.86773394926248 -3.3929927642711455 4.74009627920946 0.28768375459968354 -9.186228495011777 -7.036739199522087 -10.546517175484949 -1.4927981457985062
17.85571142284569 8.175689478609076 -0.7061393345902012 2.7689314434476486 0.8010076319436621 -4.229329383115452 -2.8116534182683317 11.715596055173563 18.374540153068484 32.263135457097654 14.340122685143033 16.853139191622684 6.1352061714798785 10.511658738207373 -2.259652641012152 0.7103801257128481 17.34353897381674 5.180183836311126 8.98822957992353 -0.6248833824772149 2.997420102944073 18.87564568324331 -3.3850810302903334 4.74800801319029 0.29559548858049567 -9.178316761030947 -7.028827465541257 -10.538605441504137 -1.4848864118176763
17.915831663326653 8.183572973366449 -0.6982558398328287 2.776814938205021 0.8088911267010346 -4.22144588835808 -2.803769923510959 11.723479549930936 18.382423647825856 32.27101895185503 14.348006179900405 16.861022686380057 6.143089666237251 10.519542232964746 -2.2517691462547793 0.7182636204702206 17.351422468574114 5.188067331068498 8.996113074680903 -0.6169998877198246 3.0053035977014453 18.883529178000682 -3.377197535532943 4.755891507947663 0.30347898333786816 -9.170433266273575 -7.020943970783884 -10.530721946746747 -1.4770029170603038
17.975951903807616 8.19142880403735 -0.6904000091619267 2.784670768875923 0.8167469573719366 -4.213590057687178 -2.795914092840057 11.731335380601838 18.39027947849676 32.27887478252593 14.355862010571308 16.86887851705096 6.150945496908153 10.527398063635648 -2.2439133155838773 0.7261194511411226 17.359278299245016 5.1959231617394 9.003968905351805 -0.6091440570489404 3.0131594283723473 18.891385008671584 -3.369341704862059 4.763747338618565 0.31133481400877017 -9.162577435602673 -7.013088140112982 -10.522866116075862 -1.4691470863894018
18.036072144288575 8.199257214868112 -0.6825715983311653 2.7924991797066667 0.824575368202698 -4.205761646856434 -2.788085682009296 11.739163791432599 18.39810788932752 32.28670319335668 14.363690421402069 16.87670692788172 6.1587739077388965 10.535226474466409 -2.236084904753116 0.733947861971884 17.36710671007576 5.203751572570144 9.011797316182566 -0.601315646218179 3.0209878392031086 18.899213419502345 -3.3615132940312975 4.771575749449326 0.3191632248395315 -9.15474902477193 -7.005259729282239 -10.515037705245101 -1.4613186755586582
18.096192384769537 8.20705844146481 -0.6747703717344677 2.800300406303382 0.8323765947993955 -4.197960420259719 -2.7802844554125983 11.746965018029297 18.405909115924217 32.29450441995339 14.371491647998766 16.884508154478418 6.166575134335612 10.543027701063107 -2.2282836781564184 0.7417490885685816 17.374907936672475 5.211552799166859 9.019598542779264 -0.5935144196214637 3.0287890657998062 18.907014646099043 -3.353712067434582 4.779376976046024 0.3269644514362291 -9.146947798175214 -6.997458502685523 -10.507236478648386 -1.453517448961943
18.1563126252505 8.214832699450714 -0.6669961137485636 2.8080746642892684 0.8401508527852997 -4.190186162273832 -2.772510197426694 11.7547392760152 18.41368337391012 32.30227867793929 14.37926590598467 16.892282412464322 6.174349392321498 10.55080195904901 -2.2205094201705142 0.7495233465544857 17.38268219465836 5.2193270571527455 9.027372800765168 -0.5857401616355773 3.0365633237857104 18.914788904084947 -3.345937809448696 4.787151234031928 0.33473870942213324 -9.139173540189327 -6.989684244699637 -10.4994622206625 -1.4457431909760565
18.216432865731463 8.22258022687409 -0.6592485863251873 2.8158221917126447 0.8478983802086759 -4.182438634850456 -2.764762670003318 11.762486803438577 18.421430901333498 32.31002620536267 14.387013433408047 16.9000299398877 6.1820969197448745 10.558549486472387 -2.212761892747138 0.757270873977862 17.390429722081738 5.2270745845761395 9.035120328188544 -0.577992634212201 3.0443108512090866 18.922536431508323 -3.3381902820253195 4.794898761455304 0.3424862368455095 -9.131426012765951 -6.981936717276261 -10.491714693239123 -1.4379956635526803
18.276553106212425 8.230301210836881 -0.6515276023623962 2.823543175675436 0.8556193641714493 -4.174717650887665 -2.7570416860405267 11.770207787401368 18.42915188529627 32.31774718932545 14.394734417370838 16.90775092385049 6.189817903707666 10.56627047043516 -2.2050409087843468 0.7649918579406354 17.39815070604453 5.234795568538913 9.042841312151317 -0.5702716502494098 3.052031835171878 18.930257415471097 -3.3304692980625283 4.8026197454180775 0.3502072208083007 -9.12370502880316 -6.97421573331347 -10.483993709276332 -1.430274679589889
18.336673346693384 8.23799588203471 -0.6438329311645674 2.8312378468732646 0.8633140353692781 -4.167022979689836 -2.749347014842698 11.777902458599197 18.4368465564941 32.32544186052328 14.402429088568667 16.91544559504832 6.1975125749054945 10.573965141633007 -2.197346237586518 0.7726865291384819 17.405845377242358 5.242490239736742 9.050535983349146 -0.5625769790515811 3.0597265063697066 18.937952086668925 -3.3227746268646996 4.810314416615906 0.35790189200612943 -9.116010357605331 -6.966521062115641 -10.476299038078503 -1.4225800083920603
18.396793587174347 8.245664476288184 -0.6361643369110936 2.8389064411267384 0.8709826296227519 -4.159354385436362 -2.741678420589224 11.78557105285267 18.444515150747574 32.33311045477675 14.41009768282214 16.923114189301792 6.205181169158968 10.58163373588648 -2.1896776433330443 0.7803551233919379 17.41351397149583 5.250158833990215 9.05820457760262 -0.5549083847981073 3.0673951006231803 18.9456206809224 -3.315106032611226 4.81798301086938 0.3655704862596032 -9.108341763351858 -6.958852467862167 -10.46863044382503 -1.4149114141385866
18.45691382765531 8.253307186885781 -0.6285216263134963 2.8465491517243358 0.878625340220367 -4.151711674838765 -2.734035709991627 11.793213763450268 18.45215786134519 32.34075316537436 14.417740393419738 16.93075689989939 6.212823879756566 10.589276446484078 -2.182034932735447 0.787997833989553 17.42115668209343 5.257801544587813 9.065847288200235 -0.54726567420051 3.0750378112207777 18.953263391520014 -3.3074633220136285 4.825625721466995 0.37321319685720056 -9.10069905275426 -6.95120975726457 -10.460987733227432 -1.4072687035409892
18.517034068136272 8.260924266218694 -0.620904546980583 2.854166231057249 0.8862424195532626 -4.144094595505852 -2.7264186306587135 11.800830842783181 18.459774940678084 32.34837024470726 14.425357472752651 16.938373979232303 6.220440959089479 10.596893525816991 -2.1744178534025336 0.7956149133224664 17.428773761426342 5.265418623920726 9.07346436753313 -0.5396485948675966 3.082654890553691 18.96088047085291 -3.299846242680715 4.833242800799891 0.3808302761901139 -9.093081973421347 -6.943592677931656 -10.453370653894519 -1.3996516242080759
18.577154308617235 8.268515871844677 -0.6133129413546001 2.8617578366832497 0.8938340251792631 -4.136502989879851 -2.7188270250327307 11.808422448409164 18.467366546304085 32.35596185033326 14.432949078378634 16.945965584858286 6.228032564715462 10.604485131442974 -2.1668262477765508 0.8032065189484492 17.436365367052343 5.273010229546727 9.081055973159131 -0.5320569892416138 3.090246496179674 18.96847207647891 -3.2922546370547323 4.840834406425891 0.3884218818160967 -9.085490367795346 -6.936001072305656 -10.445779048268536 -1.392060018582093
18.637274549098194 8.276082243045053 -0.6057465701542242 2.869324207883608 0.9014003963796213 -4.128936618679493 -2.7112606538323547 11.81598881960954 18.474932917504443 32.36352822153362 14.44051544957901 16.95353195605866 6.235598935915838 10.612051502643332 -2.159259876576175 0.8107728901488074 17.4439317382527 5.280576600747085 9.08862234435949 -0.5244906180412379 3.09781286738005 18.97603844767927 -3.2846882658543564 4.848400777626249 0.39598825301647267 -9.077923996594988 -6.928434701105298 -10.43821267706816 -1.384493647381717
18.697394789579157 8.2836235983544 -0.598205214844878 2.876865563192972 0.9089417516889853 -4.121395263370129 -2.7037192985230085 11.823530174918886 18.482474272813807 32.37106957684298 14.448056804888356 16.961073311368008 6.243140291225202 10.619592857952696 -2.1517185212668286 0.8183142454581713 17.451473093562065 5.288117956056449 9.096163699668853 -0.5169492627318917 3.105354222689396 18.983579802988633 -3.27714691054501 4.855942132935613 0.40352960832581886 -9.070382641285624 -6.920893345795934 -10.430671321758814 -1.376952292072371
18.75751503006012 8.291140124009804 -0.5906886891894736 2.8843820888483584 0.9164582773443719 -4.113878737714742 -2.696202772867604 11.83104670057429 18.489990798469194 32.378586102498375 14.45557333054376 16.968589837023412 6.250656816880588 10.627109383608083 -2.144201995611424 0.825830771113558 17.45898961921745 5.2956344817118355 9.10368022532424 -0.5094327370764873 3.1128707483448004 18.99109632864402 -3.269630384889606 4.863458658591 0.41104613398122325 -9.062866115630237 -6.913376820140547 -10.42315479610341 -1.3694357664169665
18.817635270541082 8.298632035513975 -0.583196777685302 2.891874000352548 0.9239501888485613 -4.106386826210553 -2.6887108613634325 11.838538612078462 18.497482709973383 32.38607801400256 14.463065242047932 16.976081748527584 6.25814872838476 10.634601295112272 -2.1367100841072526 0.8333226826177473 17.46648153072164 5.303126393216025 9.11117213682843 -0.5019408255723157 3.120362659848972 18.99858824014821 -3.262138473385434 4.870950570095189 0.41853804548539486 -9.055374204126048 -6.905884908636358 -10.415662884599238 -1.361943854912795
18.877755511022045 8.30609952864421 -0.5757292845550843 2.8993414934827655 0.9314176819787789 -4.098919333080335 -2.681243368233215 11.84600610520868 18.5049502031036 32.39354550713277 14.47053273517815 16.9835492416578 6.265616221514995 10.64206878824249 -2.129242590977035 0.840790175747965 17.47394902385186 5.3105938863462425 9.118639629958647 -0.49447333244208025 3.1278301529791896 19.006055733278426 -3.2546709802551987 4.878418063225407 0.4260055386156303 -9.04790671099583 -6.89841741550614 -10.408195391469002 -1.3544763617825595
18.937875751503004 8.313542774183276 -0.5682860390160016 2.906784739021848 0.9388609275178617 -4.09147608754127 -2.673800122694132 11.853449350747763 18.512393448642683 32.40098875267186 14.477975980717233 16.990992487196884 6.27305946705406 10.649512033781573 -2.1217993454379522 0.8482334212870477 17.481392269390923 5.318037131885325 9.12608287549773 -0.4870300869030153 3.1352733985182724 19.01349897881751 -3.247227734716134 4.88586130876449 0.43344878415469523 -9.040463465456748 -6.890974169967057 -10.400752145929937 -1.3470331162434945
18.997995991983966 8.320961990324385 -0.5608668228748925 2.9142039551629395 0.9462801436589707 -4.084056871400161 -2.666380906553023 11.860868566888872 18.519812664783792 32.40840796881296 14.485395196858342 16.998411703337993 6.280478683195169 10.656931249922682 -2.114380129296843 0.8556526374281568 17.488811485532032 5.3254563480264165 9.133502091638821 -0.4796108707619062 3.1426926146593814 19.020918194958618 -3.2398085185750247 4.893280524905599 0.4408680002958043 -9.033044249315656 -6.883554953825966 -10.393332929788828 -1.3396139001023855
19.05811623246493 8.328357391604868 -0.553471421594427 2.921599356443423 0.9536755449394363 -4.076661470119678 -2.6589855052725575 11.868263968169337 18.527208066064258 32.415803370093435 14.492790598138825 17.005807104618476 6.287874084475653 10.664326651203147 -2.10698472801636 0.8630480387086223 17.496206886812516 5.3328517493069 9.140897492919304 -0.4722154694814229 3.1500880159398648 19.028313596239084 -3.2324131172945414 4.900675926186064 0.44826340157628763 -9.025648848035173 -6.876159552545483 -10.385937528508345 -1.3322184988219021
