web/models/mosfit_kne/mosfit_kn_3.0000/mosfit_kn_0.006452_0.2337_3.0000.dat
# %ECSV 1.0
# ---
# datatype:
# - {name: time, datatype: float64}
# - {name: PS1_g, datatype: float64}
# - {name: PS1_i, datatype: float64}
# - {name: PS1_r, datatype: float64}
# - {name: PS1_w, datatype: float64}
# - {name: PS1_y, datatype: float64}
# - {name: PS1_z, datatype: float64}
# - {name: swift_uvot_B, datatype: float64}
# - {name: swift_uvot_U, datatype: float64}
# - {name: swift_uvot_uvm2, datatype: float64}
# - {name: swift_uvot_uvw1, datatype: float64}
# - {name: swift_uvot_uvw2, datatype: float64}
# - {name: swift_uvot_V, datatype: float64}
# - {name: johnson_B, datatype: float64}
# - {name: johnson_I, datatype: float64}
# - {name: johnson_R, datatype: float64}
# - {name: johnson_U, datatype: float64}
# - {name: johnson_V, datatype: float64}
# - {name: sdss_g, datatype: float64}
# - {name: sdss_i, datatype: float64}
# - {name: sdss_r, datatype: float64}
# - {name: sdss_u, datatype: float64}
# - {name: sdss_z, datatype: float64}
# - {name: ATLAS_c, datatype: float64}
# - {name: ATLAS_o, datatype: float64}
# - {name: ukirt_H, datatype: float64}
# - {name: ukirt_J, datatype: float64}
# - {name: ukirt_K, datatype: float64}
# - {name: Clear, datatype: float64}
# meta: !!omap
# - comment: [kappa = 3.0, type = rprocess, mass = 0.006451950121499907, velocity = 0.2336666666666667, theta_obs = 0.0, tfloor = 1000.0]
# schema: astropy-2.0
time PS1_g PS1_i PS1_r PS1_w PS1_y PS1_z swift_uvot_B swift_uvot_U swift_uvot_uvm2 swift_uvot_uvw1 swift_uvot_uvw2 swift_uvot_V johnson_B johnson_I johnson_R johnson_U johnson_V sdss_g sdss_i sdss_r sdss_u sdss_z ATLAS_c ATLAS_o ukirt_H ukirt_J ukirt_K Clear
[from data line 203]
12.264529058116231 9.61045023496018 0.7286214217608844 4.203692199798734 2.2357683882947477 -2.7945686267643666 -1.3768926619172461 13.150356811524649 19.80930090941957 33.69789621344875 15.774883441494136 18.287899947973788 7.569966927830964 11.946419494558459 -0.8248918846610485 2.1451408820639335 18.778299730167827 6.614944592662211 10.422990336274616 0.8098773738738885 4.432180859295176 20.310406439594395 -1.95032027393923 6.182768769541376 1.730356244931599 -7.743556004679863 -5.594066709190171 -9.103844685153033 -0.05012565546659076
12.324649298597194 9.622217434810043 0.740388621610748 4.215459399648598 2.2475355881446113 -2.782801426914503 -1.3651254620673825 13.162124011374512 19.821068109269433 33.70966341329861 15.786650641343982 18.299667147823634 7.581734127680828 11.958186694408322 -0.8131246848112026 2.156908081913797 18.79006693001769 6.626711792512075 10.43475753612448 0.8216445737237521 4.443948059145022 20.32217363944426 -1.9385530740893664 6.194535969391239 1.7421234447814626 -7.731788804829999 -5.582299509340308 -9.09207748530317 -0.03835845561672713
12.384769539078157 9.633938906440882 0.752110093241587 4.227180871279437 2.25925705977545 -2.771079955283664 -1.3534039904365436 13.173845483005351 19.832789580900272 33.721384884929456 15.798372112974839 18.311388619454473 7.593455599311667 11.969908166039161 -0.8014032131803637 2.168629553544636 18.80178840164853 6.638433264142914 10.446479007755318 0.833366045354591 4.455669530775879 20.333895111075098 -1.9268316024585275 6.206257441022078 1.7538449164123016 -7.72006733319916 -5.570578037709469 -9.080356013672331 -0.026636983985888207
12.444889779559118 9.645615414362965 0.7637866011636874 4.238857379201519 2.2709335676975506 -2.7594034473615814 -1.3417274825144432 13.185521990927452 19.844466088822365 33.73306139285153 15.810048620896922 18.323065127376573 7.605132107233749 11.981584673961262 -0.7897267052582633 2.1803060614667364 18.813464909570612 6.650109772064996 10.4581555156774 0.8450425532766737 4.467346038697961 20.34557161899719 -1.9151550945364448 6.217933948944161 1.7655214243343842 -7.708390825277077 -5.558901529787386 -9.068679505750248 -0.014960476063805572
12.50501002004008 9.657247686626373 0.7754188734270961 4.250489651464946 2.2825658399609594 -2.747771175098155 -1.3300952102510344 13.19715426319086 19.85609836108578 33.74469366511495 15.82168089316033 18.334697399639982 7.616764379497176 11.99321694622467 -0.7780944329948545 2.1919383337301452 18.82509718183404 6.661742044328423 10.469787787940827 0.8566748255400825 4.47897831096137 20.357203891260607 -1.9035228222730183 6.2295662212075875 1.777153696597793 -7.696758553013651 -5.5472692575239595 -9.05704723348684 -0.003328203800379015
12.565130260521041 9.66883641700603 0.787007603806753 4.262078381844585 2.2941545703406163 -2.7361824447185157 -1.3185064798713775 13.208742993570517 19.867687091465427 33.75628239549461 15.833269623539987 18.34628613001964 7.628353109876815 12.004805676604327 -0.7665057026151976 2.203527064109802 18.836685912213678 6.673330774708062 10.481376518320484 0.8682635559197394 4.490567041341027 20.368792621640253 -1.8919340918933791 6.241154951587244 1.78874242697745 -7.685169822634012 -5.53568052714432 -9.045458503107183 0.00826052657926013
12.625250501002004 9.680384034050995 0.7985552208517177 4.27362599888955 2.305702187385581 -2.724634827673551 -1.3069588628264128 13.220290610615482 19.879234708510396 33.76783001253958 15.844817240584952 18.357833747064603 7.63990072692178 12.016353293649292 -0.7549580855702329 2.215074681154767 18.848233529258643 6.6848783917530445 10.492924135365449 0.879811172964704 4.502114658385992 20.38034023868522 -1.8803864748484145 6.252702568632209 1.8002900440224145 -7.673622205589047 -5.524132910099356 -9.033910886062218 0.019808143624224783
12.685370741482965 9.691887306317906 0.8100584931186283 4.285129271156478 2.3172054596524916 -2.7131315554066404 -1.2954555905595022 13.231793882882393 19.890737980777313 33.779333284806484 15.856320512851863 18.369337019331514 7.65140399918869 12.027856565916203 -0.7434548133033223 2.2265779534216774 18.85973680152557 6.696381664019955 10.50442740763236 0.8913144452316146 4.513617930652902 20.39184351095214 -1.8688832025815039 6.26420584089912 1.8117933162893252 -7.662118933322119 -5.512629637832427 -9.022407613795307 0.0313114158911354
12.745490981963927 9.703349378857347 0.8215205656580693 4.296591343695919 2.3286675321919326 -2.7016694828671994 -1.2839935180200612 13.243255955421834 19.902200053316747 33.79079535734593 15.867782585391303 18.380799091870955 7.662866071728131 12.039318638455644 -0.7319927407638813 2.2380400259611184 18.871198874064994 6.707843736559396 10.5158894801718 0.9027765177710556 4.525080003192343 20.403305583491573 -1.8574211300420629 6.275667913438561 1.8232553888287661 -7.650656860782678 -5.501167565292986 -9.010945541255866 0.04277348843057638
12.80561122244489 9.71477084378563 0.8329420305863522 4.308012808624184 2.3400889971202155 -2.6902480179389165 -1.2725720530917783 13.254677420350117 19.91362151824503 33.80221682227421 15.879204050319586 18.392220556799238 7.674287536656414 12.050740103383927 -0.7205712758355984 2.2494614908894013 18.882620338993277 6.719265201487661 10.527310945100083 0.9141979826993385 4.536501468120626 20.414727048419856 -1.84599966511378 6.287089378366844 1.834676853757049 -7.639235395854413 -5.489746100364721 -8.999524076327583 0.054194953358859266
12.86573146292585 9.726152349565016 0.8443235363657386 4.319394314403571 2.351470502899602 -2.67886651215953 -1.2611905473123919 13.266058926129503 19.925003024024413 33.81359832805359 15.890585556098973 18.403602062578624 7.6856690424358005 12.062121609163313 -0.709189770056212 2.2608429966687877 18.894001844772664 6.730646707267048 10.538692450879452 0.925579488478725 4.547882973900013 20.42610855419924 -1.8346181593343935 6.298470884146212 1.8460583595364355 -7.627853890075026 -5.478364594585335 -8.988142570548197 0.06557645913824572
12.925851703406813 9.737494552597283 0.855665739398006 4.330736517435838 2.3628127059318693 -2.6675243091272627 -1.2498483442801245 13.27740112916177 19.936345227056684 33.824940531085865 15.90192775913124 18.41494426561089 7.697011245468068 12.07346381219558 -0.6978475670239446 2.272185199701055 18.90534404780493 6.741988910299333 10.550034653911737 0.9369216915109924 4.55922517693228 20.43745075723151 -1.8232759563021261 6.309813087178497 1.857400562568703 -7.616511687042759 -5.467022391553067 -8.97680036751593 0.07691866217051313
12.985971943887774 9.74879807085717 0.8669692576578925 4.3420400356957245 2.374116224191738 -2.6562207908673763 -1.238544826020238 13.288704647421657 19.94764874531657 33.836244049345744 15.913231277391127 18.426247783870778 7.708314763727954 12.084767330455449 -0.6865440487640582 2.283488717960924 18.916647566064817 6.7532924285592015 10.561338172171606 0.9482252097708788 4.570528695192166 20.448754275491396 -1.8119724380422397 6.321116605438366 1.8687040808285893 -7.605208168782872 -5.455718873293181 -8.965496849256043 0.08822218043039953
13.046092184368737 9.76006352115066 0.8782347079513819 4.353305485989232 2.385381674485245 -2.644955340573869 -1.2272793757267486 13.299970097715146 19.958914195610067 33.84750949963924 15.924496727684616 18.437513234164268 7.7195802140214616 12.096032780748956 -0.6752785984705687 2.294754168254431 18.927913016358325 6.764557878852709 10.572603622465113 0.9594906600643682 4.581794145485656 20.460019725784893 -1.8007069877487503 6.332382055731873 1.8799695311220788 -7.593942718489365 -5.444453422999674 -8.954231398962554 0.099487630723889
13.1062124248497 9.77129153920842 0.8894627260091426 4.364533504046975 2.396609692542988 -2.633727322516126 -1.216051357668988 13.311198115772907 19.97014221366782 33.85873751769699 15.935724745742377 18.448741252222028 7.730808232079204 12.1072607988067 -0.6640505804128081 2.305982186312174 18.939141034416068 6.775785896910452 10.583831640522856 0.9707186781221289 4.5930221635434165 20.471247743842646 -1.7894789696909896 6.343610073789616 1.8911975491798394 -7.582714700431622 -5.433225404941931 -8.943003380904793 0.11071564878164963
13.16633266533066 9.782482752337582 0.900653939138305 4.375724717176155 2.4078009056721683 -2.622536109386946 -1.2048601445398255 13.32238932890207 19.98133342679699 33.86992873082616 15.94691595887154 18.45993246535119 7.741999445208385 12.11845201193588 -0.6528593672836456 2.317173399441354 18.950332247545248 6.786977110039632 10.595022853652036 0.9819098912512914 4.604213376672579 20.482438956971816 -1.7782877565618271 6.354801286918796 1.902388762309002 -7.571523487302442 -5.422034191812751 -8.93181216777563 0.12190686191081213
13.226452905811623 9.793637768748678 0.9118089555494002 4.38687973358725 2.4189559220832635 -2.6113810929758507 -1.1937051281287303 13.333544345313165 19.992488443208085 33.881083747237255 15.958070975282634 18.471087481762293 7.75315446161948 12.129607028346975 -0.6417043508725504 2.3283284158524493 18.961487263956343 6.798132126450727 10.606177870063132 0.9930649076623865 4.615368393083674 20.49359397338291 -1.767132740150732 6.365956303329892 1.913543778720097 -7.560368470891347 -5.410879175401655 -8.920657151364535 0.13306187832192506
13.286573146292584 9.804757176836407 0.9229283636371299 4.397999141674962 2.430075330170993 -2.600261684888139 -1.1825857200410006 13.344663753400894 20.003607851295804 33.89220315532498 15.969190383370364 18.482206889850016 7.764273869707192 12.140726436434704 -0.6305849427848207 2.339447823940179 18.972606672044055 6.809251534538439 10.617297278150843 1.0041843157501162 4.626487801171404 20.50471338147063 -1.7560133320630023 6.377075711417621 1.9246631868078268 -7.549249062803635 -5.3997597673139435 -8.909537743276806 0.144181286409637
13.346693386773547 9.815841564149022 0.9340127509497265 4.409083528987576 2.4411597174835897 -2.5891772975755245 -1.171501332728404 13.35574814071349 20.01469223860841 33.90328754263759 15.980274770682978 18.493291277162623 7.775358257019806 12.1518108237473 -0.6195005554722064 2.3505322112527756 18.98369105935667 6.820335921851053 10.628381665463458 1.0152687030627305 4.637572188484018 20.515797768783237 -1.744928944750388 6.388160098730218 1.935747574120441 -7.5381646754910205 -5.388675380001329 -8.898453355964191 0.1552656737222513
13.40681362725451 9.826891522019015 0.9450627088197372 4.420133486857569 2.4522096753536005 -2.5781273397055315 -1.1604513748583933 13.366798098583502 20.02574219647841 33.91433750050759 15.991324728552971 18.504341235032623 7.786408214889799 12.162860781617312 -0.6084505976022134 2.3615821691227863 18.994741017226662 6.831385879721046 10.639431623333468 1.0263186609327235 4.648622146354011 20.526847726653237 -1.733878986880395 6.399210056600229 1.946797531990434 -7.527114717621028 -5.377625422131336 -8.887403398094198 0.16631563159224427
13.46693386773547 9.837907635078675 0.9560788218793981 4.43114959991723 2.4632257884132436 -2.5671112266458707 -1.1494352617987325 13.377814211643162 20.036758309538072 33.925353613567246 16.002340841612632 18.515357348092284 7.79742432794946 12.173876894676972 -0.5974344845425525 2.372598282182447 19.005757130286323 6.842401992780707 10.650447736393112 1.0373347739923844 4.659638259413672 20.537863839712898 -1.722862873820734 6.410226169659872 1.957813645050095 -7.516098604561367 -5.366609309071675 -8.876387285034538 0.17733174465190515
13.527054108216433 9.848890454875328 0.9670616416760502 4.4421324197139 2.4742086082099135 -2.5561284068492185 -1.1384524420020803 13.388797031439815 20.047741129334725 33.936336433363905 16.013323661409284 18.526340167888936 7.808407147746112 12.184859714473625 -0.5864516647459004 2.3835811019790993 19.016739950082975 6.853384812577377 10.661430556189782 1.0483175937890366 4.670621079210324 20.54884665950955 -1.711880054024082 6.421208989456542 1.968796464846747 -7.505115784764697 -5.355626489275005 -8.865404465237885 0.18831456444855732
13.587174348697394 9.85984051918905 0.9780117059897542 4.453082484027604 2.4851586725236174 -2.545178342535497 -1.1275023776883764 13.399747095753519 20.05869119364844 33.94728649767762 16.024273725723006 18.537290232202647 7.819357212059834 12.195809778787329 -0.5755016004321964 2.3945311662928033 19.027690014396697 6.864334876891081 10.672380620503485 1.0592676581027582 4.681571143524046 20.559796723823265 -1.7009299897103602 6.4321590537702455 1.9797465291604688 -7.494165720450993 -5.3446764249613015 -8.854454400924164 0.19926462876227902
13.647294589178356 9.870758382063674 0.9889295688643784 4.464000346902228 2.4960765353982417 -2.5342604796608725 -1.116584514813752 13.410664958628143 20.069609056523063 33.95820436055224 16.035191588597613 18.548208095077275 7.830275074934458 12.206727641661953 -0.5645837375575722 2.4054490291674275 19.03860787727132 6.875252739765705 10.68329848337811 1.0701855209773825 4.692489006398652 20.57071458669789 -1.690012126835736 6.44307691664487 1.990664392035093 -7.483247857576369 -5.333758562086677 -8.84353653804954 0.21018249163690328
13.707414829659317 9.881644591554561 0.9998157783552841 4.474886556393134 2.5069627448891474 -2.523374270169967 -1.1056983053228464 13.421551168119048 20.08049526601397 33.96909057004314 16.04607779808852 18.55909430456818 7.841161284425364 12.217613851152858 -0.5536975280666665 2.416335238658333 19.049494086762227 6.886138949256611 10.694184692869015 1.0810717304682882 4.703375215889558 20.581600796188795 -1.6791259173448303 6.4539631261357755 2.001550601525981 -7.472361648085463 -5.3228723525957715 -8.832650328558634 0.22106870112780896
13.76753507014028 9.892499667859749 1.0106708546604715 4.485741632698321 2.5178178211943347 -2.5125191938647795 -1.094843229017659 13.432406244424236 20.091350342319156 33.97994564634833 16.056932874393706 18.569949380873357 7.852016360730551 12.228468927458046 -0.5428424517614792 2.4271903149635206 19.060349163067414 6.896994025561798 10.705039769174203 1.0919268067734578 4.714230292194745 20.592455872493982 -1.6682708410396607 6.464818202440963 2.0124056778311683 -7.4615065717802755 -5.312017276290584 -8.821795252253464 0.23192377743297854
13.827655310621243 9.903324105423117 1.0214952922238396 4.496566070261672 2.528642258757685 -2.501694756301429 -1.084018791454291 13.443230681987604 20.102174779882517 33.99077008391169 16.067757311957074 18.580773818436715 7.8628407982939015 12.239293365021414 -0.532018014198111 2.438014752526871 19.071173600630765 6.907818463125149 10.715864206737553 1.102751244336826 4.725054729758114 20.603280310057343 -1.6574464034762926 6.475642640004313 2.0232301153945365 -7.450682134216925 -5.301192838727234 -8.810970814690096 0.2427482149963467
13.887775551102203 9.914118419348075 1.0322896061487796 4.507360384186629 2.539436572682643 -2.4909004423764713 -1.073224477529351 13.454024995912544 20.112969093807465 34.001564397836646 16.07855162588203 18.591568132361676 7.873635112218859 12.250087678946354 -0.5212237002731532 2.4488090664518287 19.081967914555722 6.9186127770501065 10.726658520662511 1.1135455582617837 4.735849043683071 20.61407462398229 -1.6466520895513348 6.486436953929271 2.0340244293194942 -7.439887820291967 -5.290398524802276 -8.800176500765138 0.25354252892130447
13.947895791583166 9.92488311302063 1.0430542998213532 4.518125077859203 2.5502012663552165 -2.4801357487038977 -1.0624597838567773 13.464789689585118 20.123733787480038 34.01232909150921 16.089316319554587 18.60233282603424 7.884399805891433 12.260852372618928 -0.5104590066005974 2.4595737601244023 19.092732608228296 6.92937747072268 10.737423214335085 1.1243102519343395 4.746613737355627 20.624839317654864 -1.635887395878779 6.497201647601845 2.04478912299205 -7.429123126619394 -5.279633831129702 -8.789411807092582 0.2643072225938603
