web/models/mosfit_kne/mosfit_kn_3.0000/mosfit_kn_0.033839_0.3120_3.0000.dat
# %ECSV 1.0
# ---
# datatype:
# - {name: time, datatype: float64}
# - {name: PS1_g, datatype: float64}
# - {name: PS1_i, datatype: float64}
# - {name: PS1_r, datatype: float64}
# - {name: PS1_w, datatype: float64}
# - {name: PS1_y, datatype: float64}
# - {name: PS1_z, datatype: float64}
# - {name: swift_uvot_B, datatype: float64}
# - {name: swift_uvot_U, datatype: float64}
# - {name: swift_uvot_uvm2, datatype: float64}
# - {name: swift_uvot_uvw1, datatype: float64}
# - {name: swift_uvot_uvw2, datatype: float64}
# - {name: swift_uvot_V, datatype: float64}
# - {name: johnson_B, datatype: float64}
# - {name: johnson_I, datatype: float64}
# - {name: johnson_R, datatype: float64}
# - {name: johnson_U, datatype: float64}
# - {name: johnson_V, datatype: float64}
# - {name: sdss_g, datatype: float64}
# - {name: sdss_i, datatype: float64}
# - {name: sdss_r, datatype: float64}
# - {name: sdss_u, datatype: float64}
# - {name: sdss_z, datatype: float64}
# - {name: ATLAS_c, datatype: float64}
# - {name: ATLAS_o, datatype: float64}
# - {name: ukirt_H, datatype: float64}
# - {name: ukirt_J, datatype: float64}
# - {name: ukirt_K, datatype: float64}
# - {name: Clear, datatype: float64}
# meta: !!omap
# - comment: [kappa = 3.0, type = rprocess, mass = 0.03383890769761434, velocity = 0.312, theta_obs = 0.0, tfloor = 1000.0]
# schema: astropy-2.0
time PS1_g PS1_i PS1_r PS1_w PS1_y PS1_z swift_uvot_B swift_uvot_U swift_uvot_uvm2 swift_uvot_uvw1 swift_uvot_uvw2 swift_uvot_V johnson_B johnson_I johnson_R johnson_U johnson_V sdss_g sdss_i sdss_r sdss_u sdss_z ATLAS_c ATLAS_o ukirt_H ukirt_J ukirt_K Clear
[from data line 377]
22.725450901803605 8.936861215763141 0.05503240256386377 3.5301031806017136 1.562179369097727 -3.468157645961387 -2.0504816811142668 12.476767792327628 19.13571189022255 33.02430719425172 15.101294422297098 17.61431092877675 6.896377908633943 11.272830475361438 -1.4984809038580869 1.471551862866913 18.104710710970807 5.941355573465191 9.749401317077595 0.13628835467685008 3.7585918400981377 19.636817420397374 -2.6239092931362684 5.509179750344355 1.0567672257345606 -8.417145023876882 -6.267655728387192 -9.777433704350072 -0.7237146746636114
22.785571142284567 8.943410515040444 0.06158170184116685 3.536652479878999 1.5687286683750123 -3.461608346684102 -2.0439323818369637 12.483317091604931 19.142261189499834 33.030856493529015 15.107843721574401 17.620860228054052 6.902927207911229 11.279379774638741 -1.4919316045807838 1.4781011621441984 18.111260010248092 5.947904872742476 9.75595061635488 0.14283765395415315 3.765141139375441 19.64336671967466 -2.6173599938589653 5.5157290496216405 1.0633165250118637 -8.410595724599597 -6.261106429109907 -9.770884405072769 -0.7171653753863261
22.84569138276553 8.949947293571743 0.06811848037246548 3.5431892584103153 1.5752654469063287 -3.4550715681528033 -2.037395603305665 12.48985387013623 19.14879796803115 33.03739327206032 15.1143805001057 17.62739700658535 6.909463986442527 11.28591655317004 -1.4853948260494851 1.4846379406755148 18.11779678877941 5.954441651273792 9.762487394886197 0.1493744324854518 3.7716779179067395 19.649903498205976 -2.6108232153276667 5.522265828152957 1.0698533035431623 -8.40405894606828 -6.25456965057859 -9.76434762654147 -0.7106285968550274
22.905811623246493 8.956471663814245 0.07464285061496767 3.5497136286527997 1.5817898171488132 -3.448547197910301 -2.030871233063163 12.496378240378732 19.155322338273635 33.043917642302816 15.120904870348202 17.633921376827853 6.9159883566850295 11.292440923412542 -1.478870455806983 1.4911623109179992 18.124321159021893 5.960966021516277 9.769011765128681 0.15589880272795398 3.7782022881492416 19.65642786844846 -2.6042988450851645 5.528790198395441 1.0763776737856645 -8.397534575825796 -6.248045280336106 -9.757823256298968 -0.7041042266125253
22.965931863727455 8.962983724734954 0.08115491153567689 3.5562256895735267 1.5883018780695402 -3.442035136989574 -2.0243591721424536 12.502890301299441 19.161834399194362 33.050429703223536 15.127416931268911 17.640433437748563 6.9225004176057565 11.298952984333251 -1.4723583948862737 1.4976743718387262 18.13083321994262 5.967478082437004 9.775523826049408 0.1624108636486632 3.784714349069951 19.662939929369188 -2.5977867841644553 5.535302259316168 1.0828897347063737 -8.39102251490507 -6.241533219415379 -9.751311195378259 -0.6975921656917983
23.026052104208414 8.969483616263645 0.0876548030643498 3.5627255811021996 1.594801769598213 -3.435535245460901 -2.0178592806137807 12.509390192828114 19.168334290723035 33.05692959475221 15.133916822797602 17.646933329277235 6.929000309134429 11.305452875861924 -1.4658585033576008 1.5041742633673991 18.137333111471293 5.973977973965677 9.782023717578081 0.16891075517735388 3.7912142405986238 19.66943982089786 -2.5912868926357646 5.541802150844841 1.0893896262350644 -8.384522623376396 -6.235033327886706 -9.744811303849568 -0.6910922741631254
23.086172344689377 8.97597146412254 0.0941426509232457 3.5692134289610955 1.601289617457109 -3.4290473976020053 -2.011371432754885 12.51587804068701 19.17482213858193 33.063417442611104 15.14040467065648 17.65342117713613 6.935488156993325 11.31194072372082 -1.459370655498705 1.510662111226295 18.14382095933019 5.9804658218245725 9.788511565436977 0.17539860303624977 3.7977020884575197 19.675927668756756 -2.5847990447768687 5.548289998703737 1.0958774740939603 -8.3780347755175 -6.22854548002781 -9.738323455990672 -0.6846044263042295
23.14629258517034 8.982447362205619 0.10061854900632383 3.5756893270441736 1.607765515540187 -3.422571499518927 -2.0048955346718067 12.522353938770088 19.18129803666501 33.069893340694186 15.146880568739576 17.65989707521921 6.9419640550764035 11.318416621803898 -1.4528947574156268 1.5171380093093731 18.150296857413267 5.986941719907651 9.794987463520055 0.1818745011193279 3.8041779865406156 19.682403566839834 -2.5783231466937906 5.554765896786815 1.1023533721770384 -8.371558877434422 -6.222069581944732 -9.731847557907594 -0.6781285282211513
23.206412825651302 8.988911441229046 0.10708262802976876 3.5821534060676186 1.614229594563632 -3.416107420495482 -1.9984314556483618 12.528818017793533 19.187762115688454 33.076357419717624 15.153344647763003 17.666361154242654 6.948428134099848 11.324880700827343 -1.4464306783921819 1.523602088332818 18.15676093643671 5.993405798931096 9.8014515425435 0.18833858014275506 3.8106420655640427 19.68886764586328 -2.5718590676703634 5.56122997581026 1.1088174512004656 -8.365094798410977 -6.215605502921287 -9.725383478884167 -0.6716644491977242
23.266533066132265 8.995363831637384 0.113535018438089 3.588605796475939 1.6206819849719523 -3.409655030087162 -1.9919790652400415 12.535270408201853 19.194214506096774 33.082809810125944 15.159797038171323 17.672813544650975 6.954880524508169 11.331333091235663 -1.4399782879838616 1.5300544787411383 18.16321332684503 5.999858189339416 9.80790393295182 0.19479097055109307 3.817094455972363 19.6953200362716 -2.5654066772620254 5.56768236621858 1.1152698416087858 -8.358642408002657 -6.209153112512967 -9.718931088475829 -0.6652120587893862
23.326653306613224 9.001804636803907 0.11997582360463 3.59504660164248 1.6271227901384933 -3.4032142249206387 -1.9855382600735005 12.541711213368394 19.200655311263304 33.089250615292485 15.166237843337864 17.679254349817516 6.961321329674692 11.337773896402204 -1.4335374828173206 1.5364952839076793 18.169654132011555 6.006298994505957 9.814344738118361 0.2012317757176163 3.823535261138904 19.70176084143814 -2.558965872095502 5.574123171385121 1.1217106467753268 -8.352201602836116 -6.202712307346443 -9.712490283309306 -0.6587712536228629
23.386773547094187 9.008233950857818 0.12640513765854067 3.6014759156963905 1.633552104192404 -3.396784910866728 -1.9791089460195899 12.548140527422305 19.207084625317215 33.095679929346396 15.172667157391775 17.685683663871426 6.9677506437286025 11.344203210456115 -1.42710816876341 1.54292459796159 18.176083446065466 6.0127283085598675 9.820774052172272 0.20766108977152697 3.8299645751928146 19.70819015549205 -2.5525365580415915 5.580552485439032 1.1281399608292375 -8.345772288782205 -6.196282993292533 -9.706060969255395 -0.6523419395689523
23.44689378757515 9.01465190426892 0.13282309106962487 3.6078938691074747 1.6399700576034881 -3.390366957455626 -1.9726909926085057 12.55455848083339 19.21350257872831 33.10209788275749 15.179085110802877 17.69210161728251 6.9741685971397045 11.3506211638672 -1.4206902153523258 1.5493425513726742 18.182501399476568 6.019146261970952 9.827192005583356 0.21407904318262894 3.8363825286039166 19.714608108903136 -2.5461186046304896 5.586970438850116 1.1345579142403395 -8.339354335371121 -6.189865039881431 -9.699643015844293 -0.6459239861578503
23.507014028056112 9.02105861072478 0.1392297975255019 3.6143005755633517 1.6463767640593652 -3.383960250999749 -1.9662842861526286 12.560965187289266 19.219909285184187 33.10850458921336 15.185491817258736 17.698508323738388 6.9805753035955815 11.357027870323076 -1.4142835088964487 1.5557492578285512 18.188908105932445 6.025552968426829 9.833598712039233 0.22048574963850598 3.842789235059776 19.721014815359013 -2.5397118981746125 5.593377145305993 1.1409646206961988 -8.332947628915244 -6.183458333425554 -9.693236309388416 -0.6395172797019733
23.567134268537075 9.027454158013448 0.14562534481415312 3.620696122852003 1.6527723113480164 -3.377564703711098 -1.9598887388639774 12.567360734577917 19.226304832472838 33.11490013650202 15.191887364547405 17.704903871027057 6.986970850884233 11.363423417611727 -1.4078879616077797 1.5621448051172024 18.195303653221096 6.03194851571548 9.839994259327884 0.2268812969271572 3.849184782348445 19.727410362647664 -2.5333163508859613 5.5997726925946445 1.1473601679848677 -8.326552081626593 -6.1770627861369025 -9.686840762099765 -0.633121732413322
23.627254509018034 9.033838668140017 0.15200985494074004 3.62708063297859 1.6591568214746033 -3.371180193584511 -1.9535042287373905 12.573745244704504 19.232689342599425 33.121284646628595 15.198271874673974 17.711288381153626 6.993355361010802 11.369807927738314 -1.4015034514812106 1.5685293152437894 18.201688163347683 6.038333025842067 9.846378769454471 0.23326580705372635 3.855569292475014 19.73379487277425 -2.526931840759392 5.606157202721231 1.1537446781114369 -8.320167571500006 -6.170678276010316 -9.680456251973196 -0.6267372222867529
23.687374749498996 9.040212260482292 0.15838344728299703 3.633454225320847 1.6655304138168603 -3.364806601242254 -1.9471306363951335 12.580118837046761 19.239062934941682 33.12765823897085 15.204645467016231 17.717661973495883 6.999728953353077 11.376181520080571 -1.3951298591389536 1.5749029075860463 18.20806175568994 6.044706618184324 9.852752361796728 0.2396393993960011 3.861942884817271 19.740168465116508 -2.5205582484171174 5.612530795063488 1.1601182704537116 -8.313793979157749 -6.164304683668059 -9.67408265963092 -0.6203636299444781
23.74749498997996 9.046575034386262 0.16474622118698434 3.6398169992248164 1.6718931877208298 -3.3584438273382844 -1.9407678624911462 12.586481610950749 19.24542570884566 33.13402101287483 15.211008240920219 17.72402474739987 7.006091727257046 11.382544293984559 -1.3887670852349663 1.5812656814900337 18.21442452959391 6.051069392088293 9.859115135700698 0.24600217329997065 3.8683056587212583 19.746531239020477 -2.514195474513148 5.618893568967458 1.1664810443576812 -8.30743120525378 -6.157941909764089 -9.667719885726951 -0.6140008560405086
23.80761523046092 9.052927074399513 0.1710982612002354 3.646169039238085 1.6782452277340987 -3.3520917873250156 -1.9344158224778951 12.592833650964 19.25177774885892 33.140373052888094 15.21736028093347 17.73037678741312 7.012443767270297 11.38889633399781 -1.3824150452217152 1.5876177215032847 18.220776569607178 6.057421432101562 9.865467175713967 0.2523542133132217 3.8746576987345094 19.752883279033746 -2.5078434344998968 5.625245608980727 1.1728330843709323 -8.30107916524051 -6.15158986975082 -9.6613678457137 -0.6076488160272575
23.867735470941884 9.059268500504594 0.17743968730529858 3.6525104653431484 1.6845866538391618 -3.3457503612199524 -1.928074396372832 12.59917507706908 19.258119174963984 33.14671447899317 15.22370170703855 17.736718213518202 7.018785193375378 11.395237760102873 -1.3760736191166343 1.593959147608348 18.22711799571224 6.063762858206625 9.87180860181903 0.25869563941830265 3.8809991248395903 19.75922470513881 -2.501502008394816 5.63158703508579 1.1791745104760132 -8.294737739135448 -6.145248443645757 -9.65502641960862 -0.6013073899221766
23.927855711422843 9.065599421412696 0.18377060821341829 3.6588413862512503 1.6909175747472815 -3.3394194403118505 -1.9217434754647122 12.605505997977183 19.264450095872093 33.153045399901266 15.230032627946652 17.743049134426304 7.02511611428348 11.401568681010993 -1.3697426982085323 1.6002900685164676 18.233448916620343 6.070093779114727 9.878139522727132 0.2650265603264046 3.8873300457476923 19.76555562604693 -2.495171087486714 5.63791795599391 1.1855054313841151 -8.288406818227346 -6.138917522737655 -9.648695498700517 -0.5949764690140746
23.987975951903806 9.07191991876429 0.1900911055650134 3.665161883602863 1.6972380720988767 -3.3330989429602376 -1.9154229781131171 12.611826495328778 19.2707705932237 33.15936589725287 15.236353125298248 17.7493696317779 7.031436611635093 11.407889178362588 -1.3634222008569372 1.6066105658680627 18.239769413971956 6.07641427646634 9.884460020078745 0.2713470576779997 3.8936505430992874 19.771876123398524 -2.488850590135119 5.644238453345505 1.1918259287357102 -8.282086320875733 -6.132597025386042 -9.642375001348922 -0.5886559716624795
24.04809619238477 9.078230100524483 0.19640128732520523 3.6714720653630373 1.7035482538590685 -3.3267887612000635 -1.9091127963529253 12.61813667708897 19.27708077498388 33.16567607901305 15.24266330705844 17.75567981353809 7.037746793395267 11.41419936012278 -1.3571120190967454 1.6129207476282545 18.24607959573213 6.082724458226514 9.890770201838919 0.27765723943819154 3.899960724859479 19.778186305158716 -2.482540408374927 5.650548635105679 1.198136110495902 -8.275776139115559 -6.126286843625868 -9.63606481958873 -0.5823457899022877
24.10821643286573 9.08453007993808 0.20270126673880284 3.6777720447766526 1.709848233272666 -3.320488781786448 -1.9028128169393277 12.624436656502567 19.283380754397488 33.17197605842666 15.248963286472037 17.76197979295169 7.0440467728088825 11.420499339536377 -1.3508120396831478 1.6192207270418522 18.252379575145746 6.08902443764013 9.897070181252534 0.28395721885178915 3.906260704273077 19.784486284572314 -2.4762404289613293 5.656848614519294 1.2044360899094997 -8.269476159701943 -6.119986864212253 -9.629764840175133 -0.5760458104886901
24.168336673346694 9.09081995099383 0.20899113779455192 3.6840619158324017 1.7161381043284152 -3.314198910730717 -1.8965229458835786 12.630726527558316 19.289670625453237 33.17826592948241 15.255253157527786 17.768269664007438 7.050336643864614 11.426789210592126 -1.3445221686273987 1.6255105980976012 18.258669446201495 6.095314308695879 9.903360052308283 0.2902470899075382 3.912550575328826 19.790776155628063 -2.4699505579055803 5.663138485575043 1.2107259609652488 -8.263186288646194 -6.113696993156504 -9.623474969119384 -0.569755939432941
24.228456913827653 9.097099791663936 0.21527097846465892 3.6903417565025087 1.7224179449985222 -3.307919070060592 -1.8902431052134716 12.637006368228423 19.295950466123344 33.18454577015252 15.261532998197893 17.774549504677545 7.0566164845347386 11.433069051262233 -1.3382423279572917 1.6317904387677082 18.2649492868716 6.101594149365986 9.90963989297839 0.296526930577663 3.918830415998933 19.79705599629817 -2.4636707172354555 5.66941832624515 1.2170058016353558 -8.256906447976087 -6.107417152486397 -9.617195128449259 -0.5634760987628162
24.288577154308616 9.10336970840186 0.22154089520258324 3.696611673240433 1.7286878617364465 -3.3016491533226855 -1.8839731884755473 12.643276284966348 19.302220382861258 33.19081568689044 15.267802914935817 17.78081942141547 7.062886401272645 11.439338968000158 -1.3319724112193674 1.6380603555056326 18.27121920360951 6.10786406610391 9.915909809716315 0.30279684731556955 3.925100332736857 19.803325913036094 -2.457400800497549 5.675688242983075 1.22327571837328 -8.250636531238163 -6.101147235748472 -9.610925211711352 -0.5572061820249097
24.34869739478958 9.109629805655857 0.22780099245657937 3.702871770494429 1.7349479589904426 -3.2953890560686894 -1.8777130912215512 12.649536382220344 19.308480480115257 33.19707578414444 15.274063012189814 17.787079518669465 7.069146498526641 11.445599065254154 -1.3257123139653713 1.6443204527596287 18.277479300863504 6.114124163357906 9.92216990697031 0.3090569445695657 3.9313604299908533 19.80958601029009 -2.451140703243553 5.681948340237071 1.2295358156272762 -8.244376433984167 -6.094887138494476 -9.604665114457356 -0.5509460847709136
