web/models/mosfit_kne/mosfit_kn_3.0000/mosfit_kn_0.001513_0.3747_3.0000.dat
# %ECSV 1.0
# ---
# datatype:
# - {name: time, datatype: float64}
# - {name: PS1_g, datatype: float64}
# - {name: PS1_i, datatype: float64}
# - {name: PS1_r, datatype: float64}
# - {name: PS1_w, datatype: float64}
# - {name: PS1_y, datatype: float64}
# - {name: PS1_z, datatype: float64}
# - {name: swift_uvot_B, datatype: float64}
# - {name: swift_uvot_U, datatype: float64}
# - {name: swift_uvot_uvm2, datatype: float64}
# - {name: swift_uvot_uvw1, datatype: float64}
# - {name: swift_uvot_uvw2, datatype: float64}
# - {name: swift_uvot_V, datatype: float64}
# - {name: johnson_B, datatype: float64}
# - {name: johnson_I, datatype: float64}
# - {name: johnson_R, datatype: float64}
# - {name: johnson_U, datatype: float64}
# - {name: johnson_V, datatype: float64}
# - {name: sdss_g, datatype: float64}
# - {name: sdss_i, datatype: float64}
# - {name: sdss_r, datatype: float64}
# - {name: sdss_u, datatype: float64}
# - {name: sdss_z, datatype: float64}
# - {name: ATLAS_c, datatype: float64}
# - {name: ATLAS_o, datatype: float64}
# - {name: ukirt_H, datatype: float64}
# - {name: ukirt_J, datatype: float64}
# - {name: ukirt_K, datatype: float64}
# - {name: Clear, datatype: float64}
# meta: !!omap
# - comment: [kappa = 3.0, type = rprocess, mass = 0.001513321957917195, velocity = 0.3746666666666667, theta_obs = 0.0, tfloor = 1000.0]
# schema: astropy-2.0
time PS1_g PS1_i PS1_r PS1_w PS1_y PS1_z swift_uvot_B swift_uvot_U swift_uvot_uvm2 swift_uvot_uvw1 swift_uvot_uvw2 swift_uvot_V johnson_B johnson_I johnson_R johnson_U johnson_V sdss_g sdss_i sdss_r sdss_u sdss_z ATLAS_c ATLAS_o ukirt_H ukirt_J ukirt_K Clear
[from data line 58]
3.5470941883767533 9.929561031154641 1.0477322179553639 4.522802995993196 2.554879184489227 -2.475457830569905 -1.0577818657227667 13.469467607719128 20.12841170561404 34.01700700964322 16.093994237688598 18.60701074416825 7.889077724025426 12.265530290752938 -0.5057810884665868 2.464251678258413 19.09741052636229 6.934055388856691 10.742101132469095 1.1289881700683502 4.751291655489638 20.629517235788867 -1.6312094777447683 6.501879565735855 2.0494670411260607 -7.424445208485401 -5.2749559129957095 -8.784733888958572 0.26898514072787094
3.6072144288577155 9.976789684646832 1.0949608714475545 4.570031649485404 2.6021078379814178 -2.4282291770776965 -1.010553212230576 13.516696261211319 20.17564035910624 34.06423566313541 16.14122289118079 18.65423939766044 7.936306377517616 12.312758944245129 -0.45855243497439613 2.5114803317506036 19.144639179854497 6.981284042348881 10.789329785961286 1.1762168235605408 4.7985203089818285 20.676745889281065 -1.5839808242525777 6.549108219228046 2.0966956946182513 -7.3772165549931925 -5.227727259503501 -8.737505235466381 0.3162137942200616
3.6673346693386772 10.023315656909784 1.1414868437105063 4.616557621748338 2.648633810244352 -2.3817032048147624 -0.9640272399676242 13.56322223347427 20.22216633136918 34.110761635398354 16.18774886344374 18.700765369923392 7.982832349780568 12.35928491650808 -0.4120264627114443 2.5580063040135554 19.19116515211743 7.027810014611815 10.83585575822422 1.2227427958234927 4.84504628124478 20.723271861544006 -1.5374548519896258 6.59563419149098 2.143221666881203 -7.330690582730258 -5.181201287240567 -8.69097926320343 0.3627397664830134
3.727454909819639 10.069203608862196 1.1873747956629188 4.662445573700769 2.694521762196782 -2.335815252862332 -0.9181392880152117 13.609110185426683 20.268054283321604 34.15664958735078 16.233636815396153 18.746653321875804 8.028720301733 12.405172868460493 -0.3661385107590318 2.603894255965968 19.23705310406986 7.073697966564246 10.88174371017665 1.2686307477759051 4.890934233197193 20.76915981349643 -1.4915669000372134 6.64152214344341 2.1891096188336157 -7.284802630777828 -5.135313335288137 -8.645091311251017 0.40862771843544365
3.787575150300601 10.114414048720537 1.2325852355212596 4.7076560135591095 2.739732202055123 -2.2906048130039913 -0.8729288481568709 13.654320625285024 20.313264723179945 34.201860027209115 16.278847255254494 18.791863761734145 8.07393074159134 12.450383308318834 -0.320928070900691 2.6491046958243087 19.282263543928202 7.1189084064225865 10.926954150034991 1.313841187634246 4.936144673055534 20.81437025335477 -1.4463564601788725 6.686732583301751 2.2343200586919565 -7.239592190919487 -5.090102895429796 -8.599880871392676 0.4538381582937667
3.847695390781563 10.159033160958 1.2772043477587225 4.7522751257965545 2.784351314292568 -2.2459857007665462 -0.828309735919408 13.698939737522487 20.357883835417397 34.24647913944657 16.323466367491957 18.8364828739716 8.118549853828785 12.495002420556297 -0.27630895866322813 2.693723808061754 19.326882656165647 7.163527518660032 10.971573262272436 1.3584602998717088 4.9807637852929965 20.858989365592222 -1.4017373479414097 6.731351695539196 2.2789391709294193 -7.194973078682042 -5.045483783192351 -8.555261759155213 0.49845727053122957
3.9078156312625247 10.203086941230737 1.3212581280314417 4.7963289060692915 2.828405094565305 -2.2019319204938093 -0.7842559556466888 13.742993517795206 20.401937615690127 34.2905329197193 16.367520147764676 18.880536654244334 8.162603634101522 12.539056200829016 -0.2322551783905089 2.737777588334491 19.370936436438384 7.2075812989327686 11.015627042545173 1.4025140801444458 5.024817565565716 20.903043145864952 -1.3576835676686727 6.775405475811933 2.3229929512021563 -7.150919298409305 -5.001430002919614 -8.511207978882476 0.5425110508039666
3.967935871743487 10.246602223221153 1.3647734100218756 4.839844188059725 2.871920376555739 -2.1584166385033754 -0.740740673656255 13.78650879978564 20.44545289768056 34.334048201709734 16.41103542975511 18.924051936234772 8.206118916091956 12.58257148281945 -0.18873989640007505 2.7812928703249247 19.41445171842882 7.251096580923202 11.059142324535607 1.4460293621348796 5.0683328475561495 20.946558427855386 -1.3141682856782388 6.818920757802367 2.3665082331925724 -7.107404016418871 -4.95791472092918 -8.467692696892042 0.5860263327944004
4.028056112224449 10.289605496099927 1.40777668290065 4.8828474609385 2.914923649434513 -2.115413365624601 -0.6977374007774806 13.829512072664414 20.488456170559335 34.377051474588505 16.454038702633884 18.967055209113536 8.249122188970713 12.625574755698224 -0.14573662352130068 2.824296143203699 19.457454991307586 7.294099853801977 11.102145597414381 1.4890326350136363 5.111336120434924 20.98956170073416 -1.2711650127994822 6.861924030681141 2.409511506071347 -7.064400743540097 -4.914911448050406 -8.424689424013286 0.629029605673157
4.0881763527054105 10.332122470576994 1.450293657377717 4.925364435415567 2.9574406239115802 -2.0728963911475518 -0.6552204263004135 13.872029047141481 20.53097314503639 34.41956844906557 16.49655567711095 19.009572183590603 8.29163916344778 12.668091730175291 -0.10321964904423364 2.866813117680766 19.499971965784653 7.336616828279044 11.144662571891448 1.5315496094907033 5.153853094911991 21.032078675211217 -1.2286480383224152 6.904441005158208 2.452028480548414 -7.02188376906303 -4.872394473573356 -8.382172449536219 0.6715465801502241
4.148296593186372 10.374177512858314 1.4923486996590185 4.967419477696868 2.9994956661928818 -2.0308413488662325 -0.613165384019112 13.914084089422783 20.573028187317703 34.46162349134688 16.538610719392253 19.051627225871915 8.333694205729099 12.710146772456593 -0.06116460676293212 2.9088681599620676 19.54202700806596 7.378671870560345 11.18671761417275 1.5736046517720226 5.1959081371932925 21.07413371749253 -1.186592996041096 6.94649604743951 2.494083522829733 -6.9798287267817285 -4.830339431292037 -8.3401174072549 0.7136016224315433
4.208416833667335 10.41579369712002 1.533964883920742 5.009035661958574 3.0411118504546053 -1.9892251646045267 -0.5715491997573885 13.955700273684506 20.614644371579416 34.5032396756086 16.580226903653976 19.093243410133628 8.375310389990805 12.751762956718316 -0.019548422501208584 2.950484344223791 19.583643192327678 7.420288054822051 11.228333798434473 1.6152208360337283 5.237524321455016 21.115749901754242 -1.1449768117793901 6.988112231701233 2.535699707091439 -6.938212542520023 -4.788723247030331 -8.298501222993194 0.7552178066932491
4.268537074148297 10.456992742606062 1.5751639294067665 5.050234707444616 3.08231089594063 -1.9480261191184844 -0.530350154271364 13.99689931917053 20.65584341706545 34.54443872109463 16.62142594914002 19.13444245561966 8.416509435476847 12.79296200220434 0.021650622984815904 2.9916833897098156 19.62484223781371 7.461487100308093 11.269532843920498 1.6564198815197706 5.278723366941058 21.156948947240277 -1.103777766293348 7.029311277187258 2.576898752577481 -6.8970134970339805 -4.747524201544289 -8.257302177507151 0.7964168521792914
4.328657314629258 10.49779511341054 1.6159663002112623 5.091037078249112 3.1231132667451256 -1.9072237483140064 -0.4895477834668682 14.037701689975027 20.696645787869947 34.58524109189912 16.662228319944496 19.175244826424148 8.457311806281325 12.833764373008837 0.062452993789311684 3.0324857605143114 19.665644608618194 7.502289471112589 11.310335214724994 1.6972222523242486 5.319525737745536 21.197751318044773 -1.0629753954888699 7.070113647991754 2.617701123381959 -6.856211126229485 -4.706721830739793 -8.216499806702673 0.8372192229837694
4.38877755511022 10.538219970482494 1.6563911572832168 5.131461935321049 3.16353812381708 -1.866798891242052 -0.4491229263949137 14.078126547046981 20.737070644941895 34.625665948971076 16.70265317701645 19.215669683496102 8.49773666335328 12.874189230080791 0.10287785086126622 3.072910617586266 19.70606946569015 7.542714328184544 11.350760071796948 1.7376471093962031 5.359950594817491 21.23817617511672 -1.0225505384169153 7.110538505063708 2.6581259804539137 -6.815786269157548 -4.666296973667857 -8.176074949630719 0.8776440800557239
4.448897795591182 10.578345978885224 1.696517165685929 5.171587943723779 3.2036641322197923 -1.826672882839322 -0.4089969179922015 14.118252555449693 20.777196653344614 34.66579195737379 16.74277918541918 19.255795691898822 8.53786267175601 12.914315238483503 0.14300385926399617 3.113036625988978 19.746195474092872 7.582840336587256 11.39088608019966 1.777773117798933 5.400076603220221 21.27830218351944 -0.9824245300141854 7.15066451346642 2.6982519888566436 -6.775660260754818 -4.626170965265127 -8.135948941227989 0.9177700884584539
4.509018036072144 10.618030351508363 1.7362015383090856 5.211272316346918 3.243348504842949 -1.786988510216183 -0.3693125453690449 14.15793692807285 20.81688102596776 34.705476329996934 16.78246355804232 19.29548006452197 8.577547044379148 12.95399961110666 0.182688231887135 3.1527209986121347 19.78587984671602 7.622524709210395 11.4305704528228 1.817457490422072 5.43976097584336 21.317986556142586 -0.9427401573910466 7.190348886089577 2.7379363614797825 -6.735975888131679 -4.586486592641988 -8.09626456860485 0.9574544610815927
4.569138276553106 10.657411559627441 1.7755827464281637 5.250653524465996 3.282729712962009 -1.747607302097105 -0.3299313372499668 14.197318136191928 20.85626223408684 34.744857538116015 16.821844766161398 19.33486127264104 8.616928252498226 12.993380819225738 0.2220694400062131 3.192102206731195 19.82526105483509 7.661905917329473 11.469951660941877 1.85683869854115 5.479142183962438 21.357367764261667 -0.9033589492719685 7.229730094208637 2.7773175695988606 -6.696594680012601 -4.54710538452291 -8.056883360485772 0.9968356692006708
4.629258517034068 10.696489384340904 1.8146605711416264 5.289731349179458 3.321807537675472 -1.7085294773836424 -0.29085351253650416 14.23639596090539 20.8953400588003 34.783935362829475 16.86092259087486 19.373939097354505 8.65600607721169 13.0324586439392 0.26114726471967575 3.2311800314446577 19.86433887954855 7.7009837420429355 11.50902948565534 1.8959165232546127 5.5182200086759 21.396445588975126 -0.8642811245585058 7.2688079189221 2.816395394312323 -6.657516855299138 -4.508027559809447 -8.01780553577231 1.0359134939141335
4.68937875751503 10.735271788792051 1.8534429755927562 5.328513753630606 3.3605899421266194 -1.6697470729324948 -0.25207110808537436 14.27517836535652 20.93412246325144 34.822717767280615 16.89970499532599 19.412721501805652 8.694788481662837 13.07124104839033 0.29992966917080555 3.2699624358958053 19.90312128399969 7.739766146494083 11.547811890106487 1.9346989277057602 5.55700241312703 21.435227993426267 -0.8254987201073583 7.3075903233732475 2.855177798763453 -6.618734450847991 -4.4692451553582995 -7.979023131321162 1.074695898365281
4.749498997995992 10.77376920897617 1.8919403957768743 5.367011173814724 3.3990873623107376 -1.6312496527483766 -0.2135736879012562 14.313675785540639 20.97261988343556 34.86121518746473 16.93820241551011 19.451218921989767 8.733285901846955 13.109738468574449 0.3384270893549237 3.3084598560799234 19.941618704183817 7.778263566678201 11.586309310290606 1.9731963478898784 5.595499833311148 21.473725413610385 -0.7870012999232401 7.346087743557366 2.893675218947589 -6.580237030663873 -4.430747735174181 -7.9405257111370435 1.1131933185493992
4.809619238476953 10.811992727811113 1.9301639146118355 5.405234692649685 3.4373108811456987 -1.5930261339134155 -0.17535016906629508 14.3518993043756 21.01084340227052 34.89943870629969 16.97642593434507 19.489442440824728 8.771509420681916 13.14796198740941 0.37665060818988483 3.3466833749148845 19.97984222301877 7.816487085513162 11.624532829125567 2.0114198667248218 5.633723352146109 21.511948932445346 -0.748777781088279 7.384311262392327 2.9318987377825323 -6.5420135118289116 -4.39252421633922 -7.9023021923021 1.1514168373843603
4.869739478957916 10.849952922752149 1.9681241095528534 5.443194887590703 3.4752710760867167 -1.5550659389723975 -0.1373899741252771 14.389859499316618 21.04880359721154 34.93739890124072 17.014386129286105 19.52740263576575 8.809469615622934 13.185922182350428 0.4146108031309028 3.3846435698559025 20.017802417959796 7.85444728045418 11.662493024066585 2.0493800616658575 5.671683547087145 21.549909127386364 -0.710817586147261 7.422271457333345 2.969858932723568 -6.504053316887894 -4.354564021398202 -7.864341997361064 1.1893770323253783
4.929859719438878 10.887659850542573 2.0058310373432953 5.480901815381145 3.5129780038771585 -1.5173590111819735 -0.09968304633483527 14.42756642710706 21.08651052500198 34.97510582903115 17.05209305707653 19.56510956355618 8.847176543413358 13.22362911014087 0.45231773092134464 3.4223504976463444 20.05550934575023 7.892154208244622 11.700199951857027 2.0870869894562816 5.709390474877569 21.587616055176806 -0.6731106583568369 7.459978385123787 3.007565860513992 -6.466346389097452 -4.31685709360776 -7.82663506957064 1.2270839601158023
4.98997995991984 10.925122856758254 2.0432940435589764 5.518364821596826 3.5504410100928396 -1.4798960049662746 -0.06222004011915416 14.46502943332274 21.12397353121766 35.01256883524683 17.08955606329221 19.602572569771862 8.884639549629057 13.26109211635655 0.48978073713702575 3.4598135038620255 20.092972351965912 7.929617214460303 11.737662958072708 2.1245499956719627 5.74685348109325 21.625079061392487 -0.6356476521411558 7.497441391339468 3.045028866729673 -6.428883382881771 -4.279394087392079 -7.789172063354959 1.2645469663314834
5.050100200400801 10.962350563849714 2.080521750650437 5.555592528688287 3.5876687171843002 -1.442668297874814 -0.024992333027693547 14.502257140414201 21.161201238309122 35.04979654233829 17.12678377038367 19.639800276863323 8.9218672567205 13.298319823448011 0.5270084442284864 3.497041210953486 20.130200059057373 7.966844921551764 11.774890665164168 2.1617777027634233 5.784081188184711 21.662306768483948 -0.5984199450496952 7.534669098430928 3.082256573821134 -6.39165567579031 -4.242166380300619 -7.751944356263499 1.301774673422944
5.110220440881763 10.999351031836948 2.1175222186376708 5.592592996675521 3.624669185171534 -1.405667829887598 0.012008134959540229 14.539257608401435 21.198201706296356 35.086797010325526 17.163784238370905 19.676800744850556 8.958867724707734 13.335320291435245 0.5640089122157201 3.53404167894072 20.167200527044606 8.003845389538997 11.811891133151402 2.198778170750657 5.821081656171945 21.69930723647118 -0.5614194770624614 7.571669566418162 3.1192570418083676 -6.354655207803076 -4.205165912313385 -7.714943888276265 1.3387751414101778
5.170340681362725 11.036131578423536 2.154302765224241 5.629373543262091 3.661449731758104 -1.3688872833010102 0.04878868154611027 14.576038154988005 21.234982252882926 35.1235775569121 17.200564784957493 19.713581291437134 8.995648271294321 13.372100838021815 0.6007894588023079 3.57082222552729 20.203981073631184 8.040625936125567 11.848671679737972 2.235558717337245 5.8578622027585325 21.73608778305775 -0.5246389304758736 7.608450113004732 3.1560375883949554 -6.317874661216506 -4.168385365726815 -7.678163341689677 1.3755556879967656
5.2304609218436875 11.072699121440941 2.1908703082416636 5.665941086279496 3.698017274775509 -1.3323197402836051 0.08535622456353309 14.612605698005428 21.27154979590034 35.160145099929515 17.237132327974898 19.75014883445454 9.032215814311726 13.40866838103922 0.637357001819713 3.607389768544695 20.24054861664859 8.077193479142972 11.885239222755377 2.27212626035465 5.894429745775938 21.772655326075167 -0.48807138745846856 7.645017656022137 3.1926051314123605 -6.281307118199101 -4.13181782270941 -7.641595798672272 1.4121232310141707
