web/models/mosfit_kne/mosfit_kn_3.0000/mosfit_kn_0.062996_0.3433_3.0000.dat
# %ECSV 1.0
# ---
# datatype:
# - {name: time, datatype: float64}
# - {name: PS1_g, datatype: float64}
# - {name: PS1_i, datatype: float64}
# - {name: PS1_r, datatype: float64}
# - {name: PS1_w, datatype: float64}
# - {name: PS1_y, datatype: float64}
# - {name: PS1_z, datatype: float64}
# - {name: swift_uvot_B, datatype: float64}
# - {name: swift_uvot_U, datatype: float64}
# - {name: swift_uvot_uvm2, datatype: float64}
# - {name: swift_uvot_uvw1, datatype: float64}
# - {name: swift_uvot_uvw2, datatype: float64}
# - {name: swift_uvot_V, datatype: float64}
# - {name: johnson_B, datatype: float64}
# - {name: johnson_I, datatype: float64}
# - {name: johnson_R, datatype: float64}
# - {name: johnson_U, datatype: float64}
# - {name: johnson_V, datatype: float64}
# - {name: sdss_g, datatype: float64}
# - {name: sdss_i, datatype: float64}
# - {name: sdss_r, datatype: float64}
# - {name: sdss_u, datatype: float64}
# - {name: sdss_z, datatype: float64}
# - {name: ATLAS_c, datatype: float64}
# - {name: ATLAS_o, datatype: float64}
# - {name: ukirt_H, datatype: float64}
# - {name: ukirt_J, datatype: float64}
# - {name: ukirt_K, datatype: float64}
# - {name: Clear, datatype: float64}
# meta: !!omap
# - comment: [kappa = 3.0, type = rprocess, mass = 0.06299605249512866, velocity = 0.3433333333333334, theta_obs = 0.0, tfloor = 1000.0]
# schema: astropy-2.0
time PS1_g PS1_i PS1_r PS1_w PS1_y PS1_z swift_uvot_B swift_uvot_U swift_uvot_uvm2 swift_uvot_uvw1 swift_uvot_uvw2 swift_uvot_V johnson_B johnson_I johnson_R johnson_U johnson_V sdss_g sdss_i sdss_r sdss_u sdss_z ATLAS_c ATLAS_o ukirt_H ukirt_J ukirt_K Clear
[from data line 85]
5.170340681362725 -6.500455028267442 -11.295399886615094 -9.449281478307352 -10.047964186026537 -13.038610647129758 -12.36495079599349 -4.593932027806878 -1.4812910563539992 7.69548243142857 -0.9922054573376289 0.9197316432137694 -7.788374136942989 -4.990142661560174 -12.266750906118926 -10.36119310474983 -1.9410396422602472 -8.092209365629868 -6.056434987499326 -11.254851309268776 -9.375526808705938 -0.8383465617439256 -12.586905832711537 -8.123803406333554 -10.54662630244879 -15.143534412332698 -14.287112224118486 -15.575446614198752 -11.017651983801464
5.2304609218436875 -6.355923443494547 -11.206034434902215 -9.33766974986412 -9.9526887635073 -12.973189935606992 -12.289740951020836 -4.427758949739601 -1.2686729856856436 7.985084894376475 -0.830096925022143 1.084108116569308 -7.654991854368814 -4.832045715605403 -12.184854553017772 -10.26168255693846 -1.7354210665115066 -7.964915225429256 -5.906878597922098 -11.164877586069881 -9.262255063136298 -0.6276707879318799 -12.515508742328212 -8.002138623209536 -10.451722715589291 -15.11525306465806 -14.241844243470128 -15.559115184059793 -10.938315700156025
5.290581162324649 -6.20967172388033 -11.115379623579074 -9.224599759342933 -9.856180354721555 -12.906677059152312 -12.213352043371035 -4.259673588297598 -1.053733061121562 8.277109539368755 -0.6664982084510025 1.250196640763154 -7.519933384279274 -4.672189203176526 -12.101740633758038 -10.160907808120829 -1.5275472125211675 -7.836065763665052 -5.755562239621099 -11.073610634129363 -9.147496511350255 -0.41467524773878495 -12.442987022665069 -7.878996391412674 -10.355562851963072 -15.086226582423215 -14.195673660674506 -15.542159484199585 -10.857934331590187
5.350701402805611 -6.0617506442670255 -11.023471668770242 -9.11011390265406 -9.758476898717774 -12.839101664268213 -12.135816269358823 -4.0897326047394875 -0.8365393357843762 8.571459046113446 -0.5014640696249368 1.4179455995289882 -7.383246382283571 -4.510629361040802 -12.01744356381105 -10.05891028973138 -1.3174850557340823 -7.7057088812406045 -5.6025380939736635 -10.981086886925695 -9.031293781510783 -0.1994278991762677 -12.369372478191085 -7.754421606962101 -10.25818540197772 -15.056474768992857 -14.148624928747624 -15.524596152248085 -10.776542342931155
5.410821643286573 -5.91203632625886 -10.930228793145602 -8.99411374919481 -9.659492493957504 -12.770400011972427 -12.057062362605233 -3.9177957387507965 -0.6169151329211073 8.868358998060547 -0.33485759452839003 1.587497794757763 -7.2448152173465035 -4.347234011018632 -11.931887467823909 -9.955603287194396 -1.105064076686617 -7.573735645592021 -5.447678530782767 -10.88722416368542 -8.913546936831196 0.0182460469150314 -12.294597436168964 -7.628308129962917 -10.159505538883398 -15.025962306601045 -14.100649884558665 -15.506399030662726 -10.694066879948991
5.4709418837675345 -5.760608331667143 -10.835706535243634 -8.876664840982542 -9.559285368792647 -12.700616944442267 -11.977139398852046 -3.743952180345956 -0.39496901918885974 9.16765901364817 -0.16676563332879324 1.7587689652689567 -7.1047144578545245 -4.182090520937457 -11.845124799665935 -9.851049320557188 -0.8903905960779323 -7.44021986931411 -5.291065388245322 -10.792078328203019 -8.79432204498773 0.23823841487729425 -12.21870994547885 -7.500725674774618 -10.059582184489173 -14.994717787609982 -14.051784706174784 -15.487591468579128 -10.610559957116248
5.531062124248497 -5.607444088654141 -10.739891416693759 -8.757750358934402 -9.457841310565911 -12.629742666162613 -11.896035926801893 -3.5681759755244533 -0.17066647687842695 9.469397644829126 0.0028369994788417507 1.9317884547565503 -6.9629231892984516 -4.015176085777469 -11.757143498172706 -9.745235966335006 -0.6734320860857966 -7.305143665514923 -5.132675357702059 -10.695635865354571 -8.6736017980739 0.46058294717507664 -12.14169986253621 -7.371655618782267 -9.958402007890186 -14.962737526101485 -14.002023071411374 -15.46817173634789 -10.526010805216384
5.591182364729459 -5.452467828677765 -10.64273393074048 -8.637310549407342 -9.355108468336635 -12.557738818835968 -11.813708862198968 -3.390381197131741 0.0561015506412057 9.773711032244258 0.17403314666450997 2.1066444049630175 -6.819370683258417 -3.8464106650028325 -11.66789783111754 -9.638111900362293 -0.45408370921303776 -7.168441443226798 -4.972430373247896 -10.597847046772095 -8.551325402089756 0.6853873311536063 -12.063526672335456 -7.2410333950174 -9.855914098385252 -14.930000953758263 -13.951336440138087 -15.448124994698114 -10.440376135260667
5.651302605210421 -5.29573356605443 -10.544272241239572 -8.51539029395635 -9.251126761046393 -12.484636389716606 -11.730191981116267 -3.210628321593126 0.28526206773038987 10.080496855329276 0.34676373761916723 2.2832804179536983 -6.674107667599228 -3.6758540962768866 -11.577423981526753 -9.529720809667996 -0.23241730216081213 -7.030164150952769 -4.810385993456645 -10.498750277174977 -8.427538030819584 0.9125786197478725 -11.98422372194722 -7.108906497613692 -9.75215912451839 -14.896528264006289 -13.899750104156732 -15.427467926219459 -10.353692012316742
5.7114228456913825 -5.137180021274137 -10.444466521569371 -8.3919414680628 -9.145854536560982 -12.410404597516411 -11.645450628926515 -3.028847815186203 0.5169036953571473 10.389864640722482 0.5210952343740698 2.4617679801069383 -6.527076950161395 -3.503442063361359 -11.48568525070144 -9.420022018027502 -0.00834789519037249 -6.890259293251561 -4.646479088171045 -10.398305565965735 -8.302190665551787 1.1422442005878786 -11.903758629697752 -6.975222842366797 -9.647096334174776 -14.862303220333498 -13.847241345808763 -15.406188967607635 -10.26592398542773
5.771543086172344 -4.976787928470348 -10.343305292272493 -8.266949804096182 -9.039279836819496 -12.335035056706332 -11.559474983692724 -2.8450175544862075 0.7510560849867434 10.701846761454604 0.6970479938127565 2.642131624144405 -6.378260650544488 -3.329155569641888 -11.392671423095805 -9.309005625494812 0.21815223980349752 -6.748712135802639 -4.480689790774921 -10.296501421671813 -8.17526857507291 1.3744129417550432 -11.822122890998408 -6.839966613054624 -9.540714601305833 -14.827322711456322 -13.793804814140652 -15.384286681435578 -10.177063288716557
5.831663326653306 -4.814609328980719 -10.24082529032345 -8.14045854245057 -8.93144099058162 -12.258557532138674 -11.472297512600829 -2.6591958777974254 0.9876487887199483 11.016345687186458 0.8745649991301367 2.824316647181654 -6.227707710816078 -3.153052333680279 -11.298417319540032 -9.196713779552958 0.4470137012184129 -6.605571942382775 -4.313071650478104 -10.193374821745866 -8.046815296881551 1.6090143648825261 -11.739348605056268 -6.703183469215936 -9.43305301374501 -14.791606004346086 -13.739464745548895 -15.361776892060098 -10.087144523525247
5.891783567134269 -4.6505669826601626 -10.13697573373804 -8.012406609117235 -8.822285026965382 -12.1809324492029 -11.38387386135852 -2.47129531771619 1.2267926651962926 11.33350020304206 1.0537292285755133 3.008411478142993 -6.075345949140563 -2.9750510481338073 -11.202875993644305 -9.083094242326279 0.6783429707835321 -6.460772054737764 -4.143545134404114 -10.088874774348415 -7.916768688523579 1.8461578855914418 -11.655394138913842 -6.564807527319996 -9.32405948366636 -14.755131518690959 -13.684191513227882 -15.338643799713763 -9.996123519004634
5.95190380761523 -4.484717536537239 -10.031796424398163 -7.88284093184183 -8.711853408753054 -12.1021919449292 -11.294239152477044 -2.281379460097429 1.4684106719101389 11.653205238994971 1.234478662827137 3.1943560149988994 -5.921228665331875 -2.7952143833852223 -11.106085112427568 -8.96819246505012 0.9120642240092703 -6.314365929469223 -3.972168547186463 -9.98304134244096 -7.785176040682593 2.085766443202406 -11.570294149686706 -6.424888339624584 -9.213776228110966 -14.717919794126214 -13.628011132188059 -15.314904127607727 -9.904037526438536
6.012024048096192 -4.316968316485621 -9.925226032249466 -7.75168793853636 -8.600082268456326 -12.022288013910956 -11.203339715626601 -2.089343468157959 1.712635240398033 11.975627727900445 1.4169124277121452 3.3822553021337822 -5.765269179621407 -2.6134445781874978 -11.007987871719369 -8.851945046862035 1.1483048225917147 -6.166273189566007 -3.798846487097265 -9.875812939651603 -7.651962540697408 2.3279708360267115 -11.483998114607878 -6.283346709707747 -9.10214024946928 -14.679944193926083 -13.57088738540259 -15.290538108870189 -9.810833033256756
6.072144288577154 -4.147369205222553 -9.817299726621584 -7.618989071476268 -8.48700820744643 -11.94124906949277 -11.111206571289447 -1.8952433439463434 1.9593987031877627 12.300675692727708 1.600975751281482 3.5720564326939344 -5.6075144820604566 -2.4297970519410623 -10.908617597887186 -8.734392478927752 1.3869980069026222 -6.016541302723188 -3.6236303101953027 -9.767224977890319 -7.51716993424882 2.5727032706815933 -11.396536773116477 -6.140226295324691 -8.989188901936416 -14.641222958921404 -13.512843342116161 -15.265560614947942 -9.716543069364256
6.132264529058116 -3.9759294185469685 -9.70802512838059 -7.484752950151048 -8.372639089772616 -11.859081681624879 -11.017846546422145 -1.6990892373575328 2.2086903928135904 12.628331723062583 1.7866578588869335 3.76375142062663 -5.447973467237007 -2.244283504787465 -10.80798187633831 -8.615545563469393 1.6281323013578652 -5.865181302039237 -3.4465295153311715 -9.657285180879498 -7.380806717593469 2.8199524994326985 -11.307917653876522 -5.995535654302699 -8.87493083418974 -14.601761432411314 -13.453885088547695 -15.239976511853309 -9.621175869235792
6.192384769539078 -3.802542870155179 -9.597331683494161 -7.348895118458643 -8.256901603226119 -11.77573042827655 -10.923197786974654 -1.5007612365519407 2.4606614608313038 12.958787173815264 1.974071566417042 3.957459486779108 -5.286546828572612 -2.0567919873194325 -10.706015285229117 -8.495331302221889 1.8718531465540944 -5.712100992992714 -3.2674349241369605 -9.545922703653567 -7.242787036217475 3.069867858821187 -11.218082470212298 -5.849184037375341 -8.759293571371476 -14.561528487705997 -13.393970593032394 -15.21376248684909 -9.524669882558623
6.25250501002004 -3.6273260680586183 -9.485299675968761 -7.211510765457483 -8.139879065448312 -11.691259422850795 -10.827330903020354 -1.30039057581402 2.715150522992378 13.291831314304684 2.1630909150866278 4.153053839480712 -5.1233441693213715 -1.8674493248746808 -10.602793257018252 -8.37383849123298 2.1180028647077687 -5.557407603170323 -3.0864664915380935 -9.433218308159326 -7.103207154510969 3.3222884864372126 -11.127099917050813 -5.701272351856641 -8.64236114273627 -14.520563186271696 -13.333150539743473 -15.186949367270833 -9.42709820376157
6.312625250501002 -3.450180571865644 -9.371863671211997 -7.072521577217117 -8.021503513754258 -11.605617244807078 -10.730188494283937 -1.0978660056238276 2.9722979170291275 13.627642146719033 2.353820306368917 4.350644936182487 -4.958273360218375 -1.6761518454351292 -10.498255145467247 -8.250999738977615 2.366716366392534 -5.401015899807626 -2.9035229266994023 -9.319106301959135 -6.961987447953426 3.5773529551326178 -11.034916018393552 -5.5517164095599725 -8.524066397959249 -14.478836668408642 -13.271385961075362 -15.15951553476915 -9.32840390295473
6.372745490981964 -3.271160074872661 -9.257061355806275 -6.931972027373838 -7.901813959606425 -11.51883420642914 -10.63180373491928 -0.893247932884701 3.2320303298521935 13.9661235895325 2.546201329764273 4.550175189043678 -4.791385106578006 -1.4829589667929393 -10.392436590411968 -8.12685811669698 2.617921364934499 -5.242976910073602 -2.718659539526609 -9.203624637796288 -6.819172789052459 3.8349877744601812 -10.941563598055986 -5.400562958289115 -8.404449082988883 -14.436368044675126 -13.208701269098134 -15.13147635188721 -9.228621935515946
6.432865731462925 -3.0902024963153174 -9.140851882254957 -6.789813122335406 -7.780768001994627 -11.43087832386307 -10.532140779662651 -0.686466161789091 3.4944369811001508 14.30738841597472 2.7402992289607835 4.751714608541594 -4.622621406590988 -1.2878060865997691 -10.28529990192401 -8.001372709313419 2.87170315320602 -5.083238084062473 -2.5318124828786104 -9.086732342317134 -6.674713280832556 4.095280752587982 -10.847009383757502 -5.247759098631377 -8.283467567701486 -14.393139798312882 -13.145072538541827 -15.102818903534112 -9.127717368537489
6.492985971943887 -2.907413794183231 -9.023308391715759 -6.646131518063392 -7.6584412404968205 -11.341808007436018 -10.43126395274765 -0.4776401040907274 3.7593710278209613 14.65124805270246 2.9360003147709084 4.955147900473676 -4.4520821415237615 -1.0908084792431298 -10.176913802458458 -7.874624321063604 3.1279181492636066 -4.921897237263122 -2.3430908702866127 -8.968503003102573 -6.528696604538862 4.358085383223074 -10.751316019358388 -5.093396446762011 -8.161198160007483 -14.349187450291561 -13.080545920766207 -15.073571136082291 -9.025756449150766
6.55310621242485 -2.7226637744067617 -8.904343776275283 -6.500823208917943 -7.534743405790838 -11.251554532776744 -10.329096714274133 -0.26662274505754197 4.027017287000483 14.997938122676345 3.1334422642799002 5.160619892527492 -4.279645327044677 -0.8918286930608981 -10.067197411173254 -7.746522738000341 3.3867442850982488 -4.75884100225931 -2.152360766256667 -8.848849162370556 -6.381017077197431 4.62358432639606 -10.654411314647323 -4.937363496781018 -8.03755135897525 -14.304471840353441 -13.015068965499397 -15.043703401212108 -8.92266321815475
6.613226452905812 -2.5360270178915023 -8.784009870875096 -6.353949504271483 -7.409727978149423 -11.160159380578936 -10.225684643989723 -0.05349812631441181 4.2972728879800925 15.347327426836298 3.33254502320461 5.368049727960958 -4.105381415223158 -0.6909483796719622 -9.956199548627247 -7.617125969424781 3.648080589606504 -4.59413918821365 -1.959699002375217 -8.72782299965655 -6.231736694424743 4.891674687460892 -10.55633998259994 -4.779724818990285 -7.912581344928924 -14.259018473547085 -12.948674654758568 -15.01323586791237 -8.81848491391981
6.673346693386773 -2.347441090793101 -8.66226549874579 -6.205461081402817 -7.283352254815085 -11.067590216079335 -10.120991537524322 0.1618042876341697 4.570227405888048 15.699530491762573 3.533374069272153 5.5775073378196325 -3.9292320947251484 -0.48810266529250185 -9.843882210483745 -7.486392917530005 3.9120126197669047 -4.427739155060572 -1.7650414018605964 -8.605383224682264 -6.080805238583871 5.162444565282307 -10.457068492317596 -4.620427169411876 -7.786246137807424 -14.212809490363954 -12.881338724077745 -14.982155264461701 -8.713186382613713
6.733466933867735 -2.156974777275895 -8.539158564832103 -6.0554145591300745 -7.155665533804125 -10.973885386755349 -10.015059515333178 0.37920696621198574 4.845785998716821 16.05442784060386 3.7358559629310233 5.788918190171636 -3.751262445393551 -0.28336689370208773 -9.730290532862657 -7.354377253155875 4.1784471845646 -4.2597055513123445 -1.568458839960769 -8.481578070250784 -5.928279977913284 5.4357990035131465 -10.356638241681377 -4.459530054276417 -7.658595720052546 -14.165868482274549 -12.81309168207409 -14.9504802270701 -8.606811196088113
6.793587174348697 -1.9645572337557304 -8.414642146381759 -5.903753805078562 -7.026619188987588 -10.879007959312936 -9.907847289956049 0.5987899082454262 5.124049992033655 16.4121495916007 3.94006509380116 6.00236127951813 -3.571406264595283 -0.07666724280353804 -9.615381145489678 -7.221031828756346 4.447481191769132 -4.089978331384214 -1.3698785015855641 -8.356360478666822 -5.774103794869454 5.711837733658509 -10.25501088014682 -4.296972982824396 -7.529582163767916 -14.118174830328163 -12.743905669170912 -14.918195316965777 -8.499319147458557
