web/models/mosfit_kne/mosfit_kn_3.0000/mosfit_kn_0.218327_0.5000_3.0000.dat
# %ECSV 1.0
# ---
# datatype:
# - {name: time, datatype: float64}
# - {name: PS1_g, datatype: float64}
# - {name: PS1_i, datatype: float64}
# - {name: PS1_r, datatype: float64}
# - {name: PS1_w, datatype: float64}
# - {name: PS1_y, datatype: float64}
# - {name: PS1_z, datatype: float64}
# - {name: swift_uvot_B, datatype: float64}
# - {name: swift_uvot_U, datatype: float64}
# - {name: swift_uvot_uvm2, datatype: float64}
# - {name: swift_uvot_uvw1, datatype: float64}
# - {name: swift_uvot_uvw2, datatype: float64}
# - {name: swift_uvot_V, datatype: float64}
# - {name: johnson_B, datatype: float64}
# - {name: johnson_I, datatype: float64}
# - {name: johnson_R, datatype: float64}
# - {name: johnson_U, datatype: float64}
# - {name: johnson_V, datatype: float64}
# - {name: sdss_g, datatype: float64}
# - {name: sdss_i, datatype: float64}
# - {name: sdss_r, datatype: float64}
# - {name: sdss_u, datatype: float64}
# - {name: sdss_z, datatype: float64}
# - {name: ATLAS_c, datatype: float64}
# - {name: ATLAS_o, datatype: float64}
# - {name: ukirt_H, datatype: float64}
# - {name: ukirt_J, datatype: float64}
# - {name: ukirt_K, datatype: float64}
# - {name: Clear, datatype: float64}
# meta: !!omap
# - comment: [kappa = 3.0, type = rprocess, mass = 0.21832694463104688, velocity = 0.5, theta_obs = 0.0, tfloor = 1000.0]
# schema: astropy-2.0
time PS1_g PS1_i PS1_r PS1_w PS1_y PS1_z swift_uvot_B swift_uvot_U swift_uvot_uvm2 swift_uvot_uvw1 swift_uvot_uvw2 swift_uvot_V johnson_B johnson_I johnson_R johnson_U johnson_V sdss_g sdss_i sdss_r sdss_u sdss_z ATLAS_c ATLAS_o ukirt_H ukirt_J ukirt_K Clear
[from data line 198]
11.963927855711422 -10.104604624361428 -14.584668954050066 -12.865609977955561 -13.373014378842996 -16.191423873683153 -15.573430989368493 -8.321135588123607 -5.4727006077014195 3.255101808815259 -4.704111814455434 -2.8012257327338683 -11.3280306151992 -8.672959015211145 -15.513648826267723 -13.710333347104761 -5.892697795117325 -11.598493223590188 -9.689249665316098 -14.547607193655807 -12.801028793652112 -4.818387218337357 -15.774087356504971 -11.598709623570311 -13.868983755422697 -18.085506821653198 -17.325535846654834 -18.449763009157 -14.252959121564501
12.024048096192384 -9.954731346740111 -14.48727662372443 -12.74703213121045 -13.26940652369391 -16.116746668714406 -15.489501320786179 -8.150811956736323 -5.258448384246037 3.545317493955584 -4.535353940500517 -2.631421467614835 -11.189010800769054 -8.509830148479786 -15.423286986794668 -13.602731269427217 -5.68504944511756 -11.464873704717904 -9.534601062308763 -14.449632115936755 -12.680958248039307 -4.606066397102371 -15.693652917569452 -11.470220573686216 -13.76589912587443 -18.04582887395115 -17.269845571427762 -18.421293161342206 -14.16415950978525
12.084168336673347 -9.802868530271933 -14.388490936952572 -12.626823493553552 -13.164439912551682 -16.040946101080973 -15.404332544379074 -7.978241625969328 -5.041406970201923 3.8387233308532815 -4.364781678252978 -2.4596025624695304 -11.048081321803693 -8.34461926859268 -15.331624625060211 -13.493713527632718 -5.474695040610992 -11.329471480749332 -9.377907643289571 -14.350257670820543 -12.559225054901244 -4.39096259150805 -15.612041231534697 -11.340050225415599 -13.661429435393444 -18.005484376659645 -17.213280245417728 -18.392312549170825 -14.074230929110882
12.144288577154308 -9.689784456982249 -14.315791631060613 -12.537826423764109 -13.08710730751697 -15.985743232659555 -15.34199464815627 -7.849385503573877 -4.878684942771585 4.059237687801677 -4.237718101134593 -2.331463663604992 -10.943287279128981 -8.22141849132246 -15.264353900583025 -13.41329223511653 -5.317066716512901 -11.228927282698853 -9.26114746898012 -14.277110827075674 -12.46905803190753 -4.229704640013399 -15.552424771071856 -11.243514547310998 -13.584454146987994 -17.97729804868222 -17.172734499239954 -18.37279146830493 -14.008381361815605
12.20440881763527 -9.523550639201606 -14.207219883163127 -12.4059880919601 -12.972022297482049 -15.902164388720603 -15.248217923326042 -7.660608233786227 -4.641509697810271 4.378464518065194 -4.051897808554088 -2.143918366195091 -10.788847632292129 -8.040799346754376 -15.163546032166117 -13.293789910234796 -5.087173428995612 -11.080622216137249 -9.089663965640558 -14.167900752579001 -12.33553440710459 -3.9946051897614154 -15.462556203812206 -11.100972469996595 -13.469849626226154 -17.932351240137866 -17.110115173118228 -18.3402446771886 -13.90975289934902
12.264529058116231 -9.372154246228757 -14.108598238964536 -12.286075843121225 -12.867542853167357 -15.826428390961702 -15.163137898926813 -7.4885551701356965 -4.425115900413825 4.669476556514753 -3.8829508756341187 -1.9731975127715482 -10.648202663110286 -7.876298622239787 -15.072043352769413 -13.185262312492345 -4.877454199623436 -10.945660693531332 -8.933462007998187 -14.068695613396933 -12.214064554225228 -3.780096793364418 -15.381076273825567 -10.97132421714166 -13.365780751147689 -17.892030802894872 -17.053594460058576 -18.311301174919464 -13.820397286222565
12.324649298597194 -9.26241932190937 -14.038033149433158 -12.199711254604164 -12.7926927615054 -15.772855795678726 -15.102623719235293 -7.3634742786064065 -4.267097320338955 4.882582194591866 -3.7604165335329927 -1.8492262657233414 -10.546421322507868 -7.7568759380989185 -15.00677006044442 -13.107405734913115 -4.724395875502864 -10.848140288343087 -8.820159890738193 -13.997697918728473 -12.126534609512731 -3.6234690275152737 -15.323248467390016 -10.877770066275136 -13.291218187601892 -17.864778956053545 -17.01430319700595 -18.29251028845229 -13.756810212859403
12.384769539078157 -9.11617443531675 -13.942796691164112 -12.083903496043451 -12.691954866655912 -15.69975569510433 -15.020476020581075 -7.1972273334602574 -4.057922479136398 5.163117484132884 -3.597786969976617 -1.6845722906237302 -10.410500930954402 -7.598064578884486 -14.91843496786456 -13.002751809234702 -4.521688890818851 -10.717823233028179 -8.669269137609703 -13.901898728940036 -12.009197505340286 -3.4160949077264036 -15.244617433796037 -10.752645524876812 -13.19083374623915 -17.82599859293487 -16.95982541211812 -18.26476928970878 -13.670787502763453
12.444889779559118 -8.954538796816571 -13.837124625616859 -11.9556663594458 -12.58034743245565 -15.618380511949237 -14.92916407835116 -7.013623783717008 -3.827175199537489 5.471669736184734 -3.4185354866151125 -1.5029009579806494 -10.260150528733842 -7.422706209839717 -14.820347837594642 -12.886848829079735 -4.2980491739688205 -10.573691704802107 -8.50253570036772 -13.795610108211118 -11.879267253998194 -3.187310290098093 -15.157187731195094 -10.614244775504442 -13.079588075642867 -17.782333036647785 -16.898913116154972 -18.233242529252195 -13.575386681102728
12.50501002004008 -8.794467072139103 -13.73245659371836 -11.828663941837885 -12.46990489560421 -15.53777624876016 -14.83871210582496 -6.831781121612997 -3.5986135745441494 5.776757475281397 -3.2413868953435627 -1.3231526627069132 -10.111208397768909 -7.249115885010479 -14.72320227731193 -12.772156920020425 -4.076536233335084 -10.430979810148846 -8.337416632976122 -13.690332592834284 -11.750573132032844 -2.9606789957675694 -15.070603899553507 -10.47723899845634 -12.969478268317847 -17.73911750652267 -16.838598934521407 -18.202071595211425 -13.48105177720301
12.565130260521041 -8.675907943222576 -13.65577559157746 -11.735104368722293 -12.38892483157743 -15.479290678801565 -14.772776202641893 -6.696751300891491 -3.4282393465874073 6.00464678760243 -3.110154108856786 -1.189820654083785 -10.001034079533426 -7.12038276853621 -14.652216084103575 -12.687968359675239 -3.9114982817172117 -10.325563448636712 -8.215042053417339 -13.613191517433751 -11.655724682180502 -2.7917558929938657 -15.007608186142019 -10.376155946342838 -12.888733771742178 -17.708929478174987 -16.795470791381497 -18.18100535340729 -13.412288311599099
12.625250501002004 -8.508376967654083 -13.545976382759015 -11.602041862116597 -12.273290071096206 -15.3945835577494 -14.677788986529663 -6.506494307609741 -3.189214418145383 6.322498281740267 -2.9254752350255226 -1.0020593401742803 -9.84502363616554 -6.938889167709966 -14.550279825062457 -12.56791730268229 -3.679841991553545 -10.176181047642475 -8.042250878770005 -13.502758971531517 -11.52087115489568 -2.554720799358563 -14.916697368171583 -10.232773914745277 -12.77340243038509 -17.663282702357353 -16.731963633649496 -18.147957883764803 -13.31355262317615
12.685370741482965 -8.339078834775009 -13.434931194818027 -11.467529342574139 -12.156461459269021 -15.308866474887832 -14.581688254002945 -6.314242091549761 -2.947703329361353 6.6430082909272565 -2.7392464509399868 -0.8124999273325915 -9.687305627237876 -6.755576566426228 -14.447182862043501 -12.446642759590294 -3.4457809146625817 -10.025232023174942 -7.867644746108073 -13.391075828645693 -11.384534895119511 -2.315205714428412 -14.824737091424467 -10.087908441716689 -12.65685626246361 -17.617036401891713 -16.667671070545467 -18.114452573858394 -13.213842721026552
12.745490981963927 -8.210602650194314 -13.351428143787611 -11.36591299611057 -12.068563997011044 -15.244923733000864 -14.509721752263207 -6.168029357978383 -2.763426518412828 6.887906776501837 -2.5979494578302105 -0.668481021232846 -9.567739712019911 -6.616331956988461 -14.369825820570796 -12.355321432972055 -3.267266289411037 -9.910947826398056 -7.735070466935756 -13.307081037470585 -11.281499300076625 -2.132462263662731 -14.755985921876071 -9.97833931653009 -12.569161467858976 -17.58360520022634 -16.62029112990359 -18.09087658728648 -13.139207062752032
12.80561122244489 -8.047647624521463 -13.244577430654356 -11.23647113408488 -11.956315734681553 -15.162481844831 -14.417261468827665 -5.982929775709201 -2.530799601878684 7.195713433599146 -2.419299713192373 -0.4862528511426265 -9.415864389942811 -6.440006002613718 -14.270654067665156 -12.238814065584418 -3.0418410092649606 -9.76572984045596 -7.567002935852525 -13.199617860564032 -11.150273290435209 -1.9017394963149137 -14.667559762136442 -9.839024006536512 -12.457148291056885 -17.53927306675951 -16.558538325046417 -18.058861306730357 -13.0435581485788
12.86573146292585 -7.874129711608191 -13.130535550066877 -11.098487058326452 -11.836652337803404 -15.074323962333622 -14.318472763005552 -5.7859152336614015 -2.2833506713828378 7.522323621469995 -2.229499371987291 -0.2924388384727936 -9.25404930727985 -6.2523899323504075 -14.164766761962088 -12.114652465504172 -2.802043068283233 -9.611055198104344 -7.388065242400845 -13.084927941282896 -11.010381493005319 -1.656299261827776 -14.57307552594397 -9.690629501740933 -12.337713834433615 -17.491570201779126 -16.49234487919136 -18.024242031685112 -12.941557848147927
12.925851703406813 -7.700237804415444 -13.01619018753172 -10.960178129920273 -11.716780082022673 -14.985901307083616 -14.219396222920064 -5.588477684328171 -2.035366892654231 7.849014521426587 -2.0396643335888416 -0.09836003795575676 -9.091830949980146 -6.064462101751559 -14.058600057979433 -11.990296328105174 -2.5617369343136187 -9.456071504183734 -7.208747209769566 -12.969935084619735 -10.870145908916538 -1.4103171332186903 -14.478337394091376 -9.541954352027187 -12.218051222746684 -17.443705810460678 -16.425945053470326 -17.98950339680079 -12.839437097734763
12.985971943887774 -7.569812770038666 -12.931207571955348 -10.856912766287348 -11.627646466667194 -14.920706465899336 -14.146064055096534 -5.440070222505887 -1.8483506919189983 8.095730000422453 -1.897309029219922 0.04738442144013222 -8.97028599807226 -5.923378963556875 -13.979868522531486 -11.897755495991113 -2.3805920168706263 -9.340105450850833 -7.074181398266681 -12.884459249827085 -10.765399130434705 -1.2248226041448618 -14.408335495510975 -9.430815183036518 -12.129065232599014 -17.40949900650042 -16.377578125643097 -17.965330908660718 -12.763895334154398
13.046092184368737 -7.388245864361451 -12.811577127633491 -10.712370456279086 -11.502449557270236 -14.828052745764477 -14.042309988521158 -5.233975317904341 -1.589585143878036 8.435359573061941 -1.6998048456251875 0.24971613677775695 -8.80078342779279 -5.727359884417766 -13.868771348362412 -11.76793693950205 -2.129846213916917 -9.178287475763279 -6.8869710219019 -12.764157870529456 -10.61882239179555 -0.9681235212143058 -14.30914764394906 -9.275591479912446 -12.004053394679417 -17.3591304133129 -16.307889542294216 -17.928662552515192 -12.657285656405737
13.1062124248497 -7.205212642503351 -12.69090327271952 -10.56662284491825 -11.376275308761734 -14.73454708309431 -13.937617384570071 -5.026225726399779 -1.3287494003324871 8.77703061598664 -1.50109483564627 0.45352727295296846 -8.62985249649449 -5.529862763175068 -13.756704328891598 -11.637137612367685 -1.8771057472404284 -9.01518786635007 -6.698256219490606 -12.642810065103713 -10.471008817866085 -0.7093603559175321 -14.209084168053767 -9.119146624045289 -11.878047919346919 -17.308254907054486 -16.23753929991347 -17.891607874479188 -12.549897053593
13.16633266533066 -7.0523287559078085 -12.59059584415608 -10.445181754305306 -11.271409768842844 -14.657150984662692 -13.850781094169538 -4.852487268207969 -1.1102096691700323 9.063276964481531 -1.3352756178500687 0.6238332304531515 -8.487138414943598 -5.3648519811456765 -13.663665301522585 -11.528396201591235 -1.6654079075069927 -8.87915013048566 -6.540582498064733 -12.541935670880537 -10.347812281571045 -0.49256243622354035 -14.1261755856506 -8.988729713216124 -11.77331195226822 -17.266843967259625 -16.179691604908832 -17.86187008193671 -12.460925209781077
13.226452905811623 -6.886294984282344 -12.481342380627964 -10.313111690007997 -11.157313594502423 -14.572645800407074 -13.756072593339788 -4.663915910929176 -0.8732107390333608 9.372942344302771 -1.1555564867531305 0.8085870538892661 -8.332053515623443 -5.18579156734495 -13.562273400674922 -11.410140165686855 -1.4358153711916732 -8.73135112621936 -6.369376435452843 -12.432071234063251 -10.213832611916445 -0.2574394100539479 -14.03573437189726 -8.847009359635862 -11.659343560642466 -17.221244115500568 -16.11632366022084 -17.828897265296085 -12.364049596298532
13.286573146292584 -6.6957023202514065 -12.355407649026944 -10.161203622332753 -11.025963110644401 -14.474898769190592 -13.646696340336035 -4.447639892672469 -0.6017329793732704 9.726602122500939 -0.9497322553396965 1.0203813766114114 -8.153886596664918 -4.980453427071318 -13.445305954636162 -11.274087467908409 -1.1727941069983783 -8.561576825231272 -6.172894661742756 -12.30544248350169 -10.05973276474041 0.011907980328693668 -13.93124979783833 -8.684165238236297 -11.52812435263133 -17.167853018382427 -16.04267843542022 -17.789910341799114 -12.252378960516115
13.346693386773547 -6.502379412847468 -12.227572749560558 -10.007071676939319 -10.892747762431618 -14.375619272241966 -13.535627368815568 -4.228284185185905 -0.326407219332445 10.084559843962314 -0.7413569970739249 1.2350576600607757 -7.9731042702153525 -4.77229184487101 -13.32656958395295 -11.136149550709426 -0.906058433552943 -8.38939907590335 -5.97360801860388 -12.176906573295874 -9.903362439173087 0.28508145395393925 -13.825170502353021 -8.519012734473304 -11.395027769467827 -17.11355482257003 -15.967844205630968 -17.750227888113713 -12.139171368206174
13.40681362725451 -6.371466751889887 -12.141991910869976 -9.903293440210597 -10.803502960537266 -14.309808067993153 -13.46164897451322 -4.0793400353721685 -0.13868485291400368 10.329130012745008 -0.600241543452515 1.3806830466667077 -7.850846645607359 -4.631164292176141 -13.24729629170805 -11.043660498255178 -0.7242973072446123 -8.273159167928517 -5.838567816452063 -12.090841642532837 -9.798024016349203 0.471316711397165 -13.754666829453477 -8.407637892530015 -11.305857474248366 -17.07891251875823 -15.918974078977541 -17.725718105890827 -12.063820136350678
13.46693386773547 -6.173875353696072 -12.011175190122145 -9.7456804021391 -10.667377306030694 -14.208116651859726 -13.347917877194835 -3.855171898187627 0.14265590558215657 10.69369345620435 -0.38793794146055616 1.5998482943801986 -7.665966795007162 -4.418610612169104 -13.125784574705659 -10.902794670157274 -0.45176043084578443 -8.097235258164533 -5.634897546057669 -11.95931361264881 -9.638096991428036 0.750470322506942 -13.646085109622419 -8.238881190320946 -11.169831041357128 -17.023180194030353 -15.84226596833652 -17.68493331411692 -11.948224688891287
13.527054108216433 -5.975782786506549 -11.879969347826709 -9.587643947911761 -10.53095661761052 -14.10608953491817 -13.23382005295386 -3.6304396673113812 0.4247177160688944 11.058512435538642 -0.17547950956201275 1.8194376509533652 -7.480563369595939 -4.205631502548254 -13.003915727645385 -10.761674045216296 -0.17854507751161142 -7.920912442624066 -5.430717325310894 -11.827397429083568 -9.477724047978828 1.0303445628634478 -13.537182454774435 -8.069736015547555 -11.033498257705858 -16.967243609010985 -15.765297757143113 -17.64399501733816 -11.832445101732052
