web/models/mosfit_kne/mosfit_kn_3.0000/mosfit_kn_0.002817_0.3747_3.0000.dat
# %ECSV 1.0
# ---
# datatype:
# - {name: time, datatype: float64}
# - {name: PS1_g, datatype: float64}
# - {name: PS1_i, datatype: float64}
# - {name: PS1_r, datatype: float64}
# - {name: PS1_w, datatype: float64}
# - {name: PS1_y, datatype: float64}
# - {name: PS1_z, datatype: float64}
# - {name: swift_uvot_B, datatype: float64}
# - {name: swift_uvot_U, datatype: float64}
# - {name: swift_uvot_uvm2, datatype: float64}
# - {name: swift_uvot_uvw1, datatype: float64}
# - {name: swift_uvot_uvw2, datatype: float64}
# - {name: swift_uvot_V, datatype: float64}
# - {name: johnson_B, datatype: float64}
# - {name: johnson_I, datatype: float64}
# - {name: johnson_R, datatype: float64}
# - {name: johnson_U, datatype: float64}
# - {name: johnson_V, datatype: float64}
# - {name: sdss_g, datatype: float64}
# - {name: sdss_i, datatype: float64}
# - {name: sdss_r, datatype: float64}
# - {name: sdss_u, datatype: float64}
# - {name: sdss_z, datatype: float64}
# - {name: ATLAS_c, datatype: float64}
# - {name: ATLAS_o, datatype: float64}
# - {name: ukirt_H, datatype: float64}
# - {name: ukirt_J, datatype: float64}
# - {name: ukirt_K, datatype: float64}
# - {name: Clear, datatype: float64}
# meta: !!omap
# - comment: [kappa = 3.0, type = rprocess, mass = 0.0028172691138521437, velocity = 0.3746666666666667, theta_obs = 0.0, tfloor = 1000.0]
# schema: astropy-2.0
time PS1_g PS1_i PS1_r PS1_w PS1_y PS1_z swift_uvot_B swift_uvot_U swift_uvot_uvm2 swift_uvot_uvw1 swift_uvot_uvw2 swift_uvot_V johnson_B johnson_I johnson_R johnson_U johnson_V sdss_g sdss_i sdss_r sdss_u sdss_z ATLAS_c ATLAS_o ukirt_H ukirt_J ukirt_K Clear
[from data line 206]
12.444889779559118 12.9453084942193 4.0634796810200235 7.538550459057873 5.570626647553887 0.5402896324947726 1.957965597341893 16.485215070783788 23.14415916867871 37.03275447270788 19.109741700753265 21.62275820723291 10.904825187090104 15.281277753817598 2.509966374598073 5.479999141323073 22.11315798942696 9.94980285192135 13.757848595533755 4.14473563313301 7.7670391185542975 23.645264698853534 1.3845379853198914 9.517627028800515 5.06521450419072 -4.4086977454207235 -2.2592084499310325 -5.768986425893912 3.2847326037925306
12.50501002004008 12.96509380154534 4.083264988346045 7.558335766383895 5.590411954879908 0.5600749398207938 1.9777509046679143 16.50500037810981 23.16394447600473 37.05253978003391 19.12952700807929 21.64254351455894 10.924610494416125 15.30106306114362 2.529751681924112 5.499784448649094 22.132943296752988 9.96958815924737 13.777633902859776 4.164520940459049 7.7868244258803365 23.665050006179555 1.4043232926459304 9.537412336126536 5.084999811516759 -4.388912438094702 -2.2394231426050113 -5.749201118567873 3.3045179111185696
12.565130260521041 12.98481781125556 4.102988998056265 7.578059776094115 5.610135964590128 0.5797989495310141 1.9974749143781345 16.524724387820047 23.18366848571496 37.072263789744134 19.149251017789506 21.662267524269158 10.944334504126346 15.32078707085384 2.549475691634332 5.519508458359314 22.152667306463208 9.989312168957591 13.797357912569996 4.184244950169269 7.806548435590557 23.684774015889786 1.4240473023561506 9.557136345836756 5.10472382122698 -4.369188428384482 -2.219699132894791 -5.729477108857653 3.32424192082879
12.625250501002004 13.004485356059448 4.12265654286017 7.597727320898002 5.629803509394016 0.5994664943349015 2.0171424591820397 16.544391932623935 23.203336030518848 37.091931334548015 19.168918562593404 21.681935069073045 10.964002048930233 15.340454615657745 2.5691432364382196 5.539176003163202 22.172334851267095 10.008979713761478 13.817025457373884 4.2039124949731566 7.826215980394444 23.704441560693674 1.443714847160038 9.576803890640644 5.124391366030867 -4.3495208835805945 -2.2000315880909036 -5.709809564053765 3.3439094656326773
12.685370741482965 13.024083905237411 4.142255092038134 7.617325870075984 5.649402058571997 0.6190650435128653 2.0367410083600035 16.5639904818019 23.22293457969682 37.11152988372599 19.188517111771368 21.70153361825102 10.983600598108197 15.360053164835708 2.5887417856161834 5.558774552341183 22.191933400445066 10.02857826293946 13.836624006551865 4.22351104415112 7.845814529572408 23.724040109871645 1.4633133963380018 9.596402439818625 5.143989915208831 -4.329922334402613 -2.180433038912922 -5.690211014875802 3.363508014810641
12.745490981963927 13.043624728945726 4.161795915746449 7.636866693784281 5.6689428822802945 0.6386058672211803 2.0562818320683185 16.583531305510213 23.242475403405123 37.1310707074343 19.208057935479683 21.721074441959335 11.003141421816512 15.379593988544023 2.6082826093244984 5.578315376049498 22.211474224153374 10.048119086647757 13.856164830260163 4.243051867859435 7.865355353280723 23.74358093357995 1.4828542200463168 9.615943263526923 5.163530738917146 -4.310381510694316 -2.160892215204625 -5.670670191167487 3.383048838518956
12.80561122244489 13.063105834634143 4.181277021434866 7.656347799472716 5.688423987968729 0.658086972909615 2.0757629377567355 16.60301241119863 23.26195650909355 37.150551813122725 19.22753904116811 21.740555547647762 11.022622527504947 15.39907509423244 2.6277637150129154 5.597796481737915 22.230955329841798 10.067600192336192 13.875645935948597 4.26253297354787 7.88483645896914 23.763062039268377 1.5023353257347516 9.635424369215357 5.183011844605563 -4.290900405005881 -2.14141110951619 -5.651189085479052 3.402529944207391
12.86573146292585 13.082526991230985 4.200698178031708 7.6757689560695574 5.707845144565571 0.6775081295064389 2.095184094353577 16.622433567795472 23.281377665690385 37.169972969719566 19.246960197764942 21.759976704244593 11.04204368410177 15.418496250829282 2.647184871609757 5.617217638334757 22.25037648643864 10.087021348933034 13.895067092545439 4.281954130144694 7.904257615565982 23.78248319586521 1.5217564823315755 9.654845525812199 5.2024330012024045 -4.271479248409039 -2.121989952919366 -5.631767928882228 3.4219511008042147
12.925851703406813 13.101888340149177 4.2200595269499 7.695130304987732 5.727206493483763 0.696869478424631 2.114545443271769 16.641794916713664 23.300739014608574 37.189334318637755 19.266321546683134 21.779338053162785 11.061405033019962 15.437857599747474 2.666546220527949 5.636578987252949 22.269737835356835 10.106382697851226 13.914428441463631 4.301315479062886 7.923618964484174 23.8018445447834 1.5411178312497675 9.674206874730391 5.221794350120597 -4.252117899490865 -2.102628604001174 -5.612406579964036 3.441312449722407
12.985971943887774 13.12119010593257 4.239361292733292 7.714432070771142 5.746508259267156 0.7161712442080415 2.133847209055162 16.661096682497057 23.320040780391977 37.20863608442115 19.285623312466537 21.79863981894619 11.080706798803373 15.457159365530867 2.685847986311342 5.6558807530363415 22.289039601140225 10.125684463634618 13.933730207247024 4.320617244846279 7.942920730267566 23.821146310566803 1.560419597033178 9.693508640513784 5.241096115903989 -4.232816133707455 -2.0833268382177637 -5.593104814180625 3.4606142155058173
13.046092184368737 13.140432525039287 4.258603711839992 7.733674489877842 5.7657506783738555 0.7354136633147412 2.1530896281618617 16.680339101603757 23.339283199498677 37.227878503527855 19.304865731573233 21.817882238052885 11.099949217910073 15.476401784637567 2.7050904054180416 5.675123172143041 22.308282020246935 10.144926882741318 13.952972626353723 4.339859663952996 7.962163149374284 23.840388729673503 1.5796620161398778 9.712751059620484 5.260338535010707 -4.213573714600755 -2.064084419111064 -5.573862395073926 3.479856634612517
13.1062124248497 13.159615838473648 4.277787025274371 7.752857803312221 5.784933991808234 0.7545969767491201 2.1722729415962405 16.699522415038135 23.358466512933056 37.24706181696223 19.324049045007616 21.837065551487267 11.119132531344452 15.495585098071945 2.7242737188524204 5.69430648557742 22.327465333681303 10.164110196175697 13.972155939788102 4.359042977387357 7.981346462808645 23.85957204310788 1.5988453295742566 9.731934373054862 5.279521848445068 -4.194390401166376 -2.044901105676685 -5.554679081639547 3.499039948046896
13.16633266533066 13.178740293144262 4.296911479944985 7.771982257982817 5.80405844647883 0.773721431419716 2.1913973962668543 16.71864686970875 23.37759096760366 37.26618627163283 19.34317349967822 21.856190006157863 11.138256986015048 15.51470955274256 2.743398173523034 5.713430940248016 22.34658978835191 10.183234650846293 13.991280394458698 4.378167432057971 8.000470917479259 23.878696497778485 1.6179697842448526 9.751058827725458 5.298646303115682 -4.17526594649578 -2.025776651006089 -5.535554626968951 3.518164402717492
13.226452905811623 13.19780613137489 4.3159773181755945 7.791048096213444 5.823124284709458 0.7927872696503435 2.210463234497464 16.737712707939377 23.39665680583428 37.28525210986346 19.362239337908836 21.875255844388487 11.157322824245675 15.533775390973169 2.7624640117536616 5.732496778478644 22.365655626582537 10.20230048907692 14.010346232689326 4.397233270288599 8.019536755709886 23.897762336009105 1.63703562247548 9.770124665956086 5.317712141346309 -4.1562001082651525 -2.0067108127754616 -5.516488788738323 3.5372302409481193
13.286573146292584 13.216813601496664 4.334984788297387 7.810055566335237 5.84213175483125 0.8117947397721181 2.2294707046192563 16.75672017806115 23.41566427595606 37.30425957998524 19.38124680803062 21.894263314510273 11.17633029436745 15.552782861094961 2.7814714818754362 5.751504248600436 22.384663096704323 10.221307959198713 14.029353702811118 4.416240740410373 8.03854422583166 23.916769806130887 1.6560430925972547 9.789132136077878 5.336719611468084 -4.13719263814336 -1.987703342653687 -5.497481318616549 3.556237711069894
13.346693386773547 13.2357629386685 4.353934125469223 7.829004903507073 5.8610810920030865 0.8307440769439722 2.2484200417910927 16.775669515232988 23.434613613127908 37.32320891715708 19.400196145202468 21.91321265168212 11.195279631539304 15.571732198266798 2.8004208190472726 5.770453585772272 22.403612433876155 10.24025729637055 14.048303039982954 4.4351900775822095 8.057493563003497 23.935719143302734 1.674992429769091 9.808081473249715 5.35566894863992 -4.118243300971524 -1.9687540054818329 -5.478531981444712 3.575187048241748
13.40681362725451 13.254654392240202 4.3728255790409065 7.847896357078756 5.87997254557477 0.8496355305156555 2.267311495362776 16.79456096880469 23.4535050666996 37.34210037072877 19.41908759877415 21.932104105253803 11.214171085110987 15.59062365183848 2.8193122726189737 5.789345039343956 22.42250388744785 10.259148749942232 14.067194493554638 4.454081531153911 8.076385016575198 23.954610596874417 1.693883883340792 9.826972926821398 5.374560402211621 -4.0993518473998405 -1.9498625519101496 -5.459640527873011 3.5940785018134314
13.46693386773547 13.273488207355069 4.391659394155791 7.866730172193641 5.898806360689655 0.8684693456305403 2.286145310477661 16.813394783919556 23.472338881814476 37.36093418584365 19.437921413889033 21.950937920368677 11.233004900225872 15.609457466953366 2.8381460877338407 5.80817885445884 22.441337702562727 10.277982565057117 14.086028308669523 4.472915346268778 8.095218831690065 23.973444411989302 1.7127176984556591 9.845806741936283 5.393394217326488 -4.080518032284956 -1.9310287367952648 -5.440806712758144 3.612912316928316
13.527054108216433 13.292264626257388 4.410435813058093 7.885506591095943 5.917582779591957 0.8872457645328424 2.304921729379963 16.832171202821858 23.49111530071678 37.37971060474596 19.45669783279134 21.96971433927099 11.251781319128174 15.628233885855668 2.8569225066361605 5.8269552733611425 22.460114121465036 10.29675898395942 14.104804727571825 4.4916917651710975 8.113995250592385 23.992220830891604 1.731494117357979 9.864583160838585 5.412170636228808 -4.061741613382654 -1.9122523178929627 -5.4220302938558245 3.6316887358306182
13.587174348697394 13.310983892316877 4.429155079117599 7.904225857155449 5.936302045651463 0.9059650305923483 2.323640995439469 16.850890468881364 23.509834566776284 37.39842987080546 19.475417098850844 21.988433605330496 11.27050058518768 15.646953151915174 2.8756417726956487 5.845674539420648 22.47883338752453 10.315478250018925 14.12352399363133 4.510411031230603 8.132714516651873 24.01094009695111 1.750213383417485 9.88330242689809 5.430889902288296 -4.043022347323148 -1.8935330518334568 -5.4033110277963186 3.650408001890124
13.647294589178356 13.329646246006721 4.447817432807426 7.922888210845276 5.954964399341289 0.9246273842821751 2.3423033491292955 16.86955282257119 23.52849692046611 37.41709222449529 19.49407945254067 22.007095959020322 11.289162938877507 15.665615505605 2.8943041263854754 5.864336893110475 22.49749574121437 10.334140603708752 14.142186347321157 4.52907338492043 8.151376870341718 24.029602450640937 1.7688757371073116 9.901964780587917 5.449552255978141 -4.024359993633321 -1.87487069814363 -5.384648674106492 3.669070355579951
13.707414829659317 13.348251935607909 4.4664231224086315 7.9414939004464635 5.973570088942495 0.9432330738833627 2.360909038730501 16.888158512172396 23.547102610067306 37.43569791409648 19.512685142141866 22.025701648621517 11.307768628478694 15.684221195206206 2.912909815986681 5.882942582711681 22.516101430815567 10.35274629330994 14.160792036922363 4.547679074521618 8.169982559942905 24.04820814024213 1.7874814267084993 9.920570470189123 5.468157945579328 -4.005754304032133 -1.8562650085424424 -5.366042984505304 3.6876760451811386
13.76753507014028 13.366801200764193 4.484972387564916 7.960043165602748 5.992119354098762 0.9617823390396474 2.3794583038867856 16.90670777732868 23.565651875223594 37.45424717925277 19.53123440729814 22.04425091377779 11.326317893634979 15.702770460362473 2.9314590811429655 5.9014918478679474 22.53465069597184 10.371295558466224 14.17934130207863 4.566228339677902 8.18853182509919 24.06675740539842 1.806030691864784 9.93911973534539 5.486707210735613 -3.9872050388758487 -1.8377157433861577 -5.3474937193490195 3.706225310337423
13.827655310621243 13.385294288575995 4.503465475376718 7.978536253414568 6.010612441910581 0.9802754268514668 2.3979513916985873 16.925200865140482 23.584144963035403 37.47274026706457 19.54972749510996 22.06274400158961 11.344810981446798 15.721263548174292 2.949952168954767 5.919984935679767 22.553143783783653 10.389788646278044 14.197834389890449 4.584721427489704 8.207024912910992 24.08525049321023 1.8245237796766034 9.95761282315721 5.505200298547415 -3.968711951064029 -1.8192226555743383 -5.3290006315372 3.7247183981492427
13.887775551102203 13.403731436808979 4.5219026236097015 7.996973401647534 6.029049590143547 0.9987125750844328 2.416388539931571 16.943638013373466 23.602582111268376 37.49117741529755 19.568164643342936 22.08118114982258 11.363248129679764 15.739700696407276 2.968389317187751 5.938422083912733 22.571580932016627 10.40822579451101 14.216271538123415 4.603158575722688 8.225462061143975 24.1036876414432 1.8429609279095693 9.976049971390175 5.523637446780398 -3.9502748028310632 -1.8007855073413723 -5.310563483304234 3.7431555463822086
13.947895791583166 13.422112888572357 4.54028407537308 8.015354853410912 6.047431041906943 1.0170940268478113 2.4347699916949495 16.962019465136844 23.620963563031758 37.509558867060925 19.586546095106314 22.099562601585966 11.381629581443143 15.758082148170654 2.9867707689511294 5.956803535676129 22.589962383780005 10.426607246274388 14.234652989886794 4.621540027486066 8.243843512907354 24.122069093206584 1.8613423796729478 9.994431423153554 5.542018898543777 -3.931893351067685 -1.7824040555779939 -5.292182031540856 3.761536998145587
14.008016032064127 13.440438886916564 4.558610073717286 8.033680851755118 6.065757040251132 1.0354200251920176 2.453095990039156 16.98034546348105 23.63928956137596 37.527884865405134 19.60487209345052 22.117888599930172 11.399955579787349 15.77640814651486 3.0050967672953357 5.975129534020335 22.60828838212421 10.444933244618595 14.252978988231 4.639866025830273 8.26216951125156 24.140395091550786 1.8796683780171541 10.01275742149776 5.560344896887983 -3.9135673527234784 -1.7640780572337875 -5.273856033196649 3.7798629964897934
14.06813627254509 13.458709672062827 4.57688085886355 8.0519516369014 6.084027825397413 1.0536908103382991 2.4713667751854196 16.998616248627314 23.657560346522235 37.546155650551405 19.62314287859679 22.136159385076436 11.41822636493363 15.794678931661124 3.0233675524415995 5.993400319166599 22.626559167270486 10.463204029764876 14.271249773377281 4.658136810976536 8.280440296397824 24.15866587669706 1.897939163163418 10.031028206644041 5.578615682034247 -3.895296567577197 -1.745807272087506 -5.2555852480503855 3.798133781636057
14.128256513026052 13.476925488979692 4.595096675780415 8.070167453818247 6.102243642314278 1.0719066272551458 2.489582592102284 17.01683206554418 23.67577616343909 37.56437146746826 19.64135869551365 22.1543752019933 11.436442181850477 15.812894748577989 3.041583369358464 6.011616136083464 22.64477498418734 10.481419846681723 14.289465590294128 4.676352627893401 8.298656113314689 24.176881693613915 1.9161549800802824 10.049244023560888 5.596831498951111 -3.87708075066035 -1.7275914551706593 -5.237369431133521 3.8163495985529217
