web/models/mosfit_kne/mosfit_kn_3.0000/mosfit_kn_0.177477_0.4217_3.0000.dat
# %ECSV 1.0
# ---
# datatype:
# - {name: time, datatype: float64}
# - {name: PS1_g, datatype: float64}
# - {name: PS1_i, datatype: float64}
# - {name: PS1_r, datatype: float64}
# - {name: PS1_w, datatype: float64}
# - {name: PS1_y, datatype: float64}
# - {name: PS1_z, datatype: float64}
# - {name: swift_uvot_B, datatype: float64}
# - {name: swift_uvot_U, datatype: float64}
# - {name: swift_uvot_uvm2, datatype: float64}
# - {name: swift_uvot_uvw1, datatype: float64}
# - {name: swift_uvot_uvw2, datatype: float64}
# - {name: swift_uvot_V, datatype: float64}
# - {name: johnson_B, datatype: float64}
# - {name: johnson_I, datatype: float64}
# - {name: johnson_R, datatype: float64}
# - {name: johnson_U, datatype: float64}
# - {name: johnson_V, datatype: float64}
# - {name: sdss_g, datatype: float64}
# - {name: sdss_i, datatype: float64}
# - {name: sdss_r, datatype: float64}
# - {name: sdss_u, datatype: float64}
# - {name: sdss_z, datatype: float64}
# - {name: ATLAS_c, datatype: float64}
# - {name: ATLAS_o, datatype: float64}
# - {name: ukirt_H, datatype: float64}
# - {name: ukirt_J, datatype: float64}
# - {name: ukirt_K, datatype: float64}
# - {name: Clear, datatype: float64}
# meta: !!omap
# - comment: [kappa = 3.0, type = rprocess, mass = 0.1774768329891343, velocity = 0.4216666666666667, theta_obs = 0.0, tfloor = 1000.0]
# schema: astropy-2.0
time PS1_g PS1_i PS1_r PS1_w PS1_y PS1_z swift_uvot_B swift_uvot_U swift_uvot_uvm2 swift_uvot_uvw1 swift_uvot_uvw2 swift_uvot_V johnson_B johnson_I johnson_R johnson_U johnson_V sdss_g sdss_i sdss_r sdss_u sdss_z ATLAS_c ATLAS_o ukirt_H ukirt_J ukirt_K Clear
[from data line 28]
1.7434869739478958 -14.467045396264187 -15.968018922242013 -15.446888884887962 -15.368441946537477 -16.325817237792588 -16.20672751800244 -13.782352925038783 -13.36323040364709 -9.619933036738168 -11.545359813819438 -9.656854787133828 -14.981098929332674 -13.857487095685318 -16.523555292735647 -15.80624758351065 -13.40374211335104 -15.041945947732918 -14.318822991165199 -15.963927827724422 -15.440450190654378 -12.551079191131986 -16.24352342648109 -14.893464116803283 -15.703537330952617 -16.38123657898102 -16.459792008819765 -16.174083244863745 -15.537252293337094
1.8036072144288577 -14.497359932761622 -16.013108948520127 -15.486128586128274 -15.408700357738638 -16.376762713951045 -16.255387627020337 -13.807612320825282 -13.37664895155589 -9.605727477997256 -11.551671775340253 -9.659125157936476 -15.015499423009945 -13.883528915368032 -16.57034359230978 -15.847290024843296 -13.419160071806193 -15.076967459904028 -14.347838145854173 -16.00886051284183 -15.479536960900795 -12.56562608356834 -16.292832139012106 -14.928181726008383 -15.745766358761006 -16.440292586418185 -16.515172415623205 -16.23558065661935 -15.58020671099003
1.8637274549098195 -14.528954557821585 -16.058218017417314 -15.525885006896214 -15.449411198434397 -16.42723206820797 -16.303764339539928 -13.834579319757722 -13.39278594649901 -9.596623991018575 -11.561438557406767 -9.665297385920034 -15.050825248919192 -13.911215991741702 -16.6170076669117 -15.888699913651287 -13.437123871445841 -15.112864467504126 -14.378244087512506 -16.053825561370108 -15.519152314765599 -12.582791133424625 -16.341803514522955 -14.96381262307425 -15.788263544591068 -16.498191501894595 -16.56970415692303 -16.295716420084695 -15.623393038358646
1.9238476953907815 -14.561849731902345 -16.103411984933445 -15.566206465749275 -15.490619959340606 -16.477307935392016 -16.351933880666447 -13.86325986967097 -13.411610841714179 -9.59250030915991 -11.57457440224345 -9.675245940674206 -15.087111001200288 -13.940555536963672 -16.663618150761287 -15.930529925431866 -13.457609631490765 -15.149672656690052 -14.410057334654631 -16.098888374570066 -15.559344408881852 -12.602548308380417 -16.39051540363951 -15.000388456592404 -15.831084685624042 -16.555037942149205 -16.623481931840534 -16.35460166557953 -15.666862530972434
1.9839679358717435 -14.596052007401035 -16.14874273430363 -15.607127269208547 -15.532358958359822 -16.52705912587468 -16.39995857425152 -13.893645893835533 -13.433079152521028 -9.59322132676322 -11.590984068018084 -9.688839885576769 -15.12437712653351 -13.971540886644828 -16.710231759701887 -15.972818873661165 -13.480579447570264 -15.187413672660169 -14.443280497268915 -16.144100377446744 -15.60014734665776 -12.62485748527089 -16.43903180290442 -15.037927269655569 -15.874271786981478 -16.610923071944065 -16.67658681377599 -16.412334194716 -15.710653616301649
2.0440881763527052 -14.631595641506472 -16.19427615892432 -15.648701104345175 -15.574679630110744 -16.576563173099732 -16.447911515411935 -13.92576159319485 -13.457189672349816 -9.598721605969946 -11.610625780772228 -9.706008757066996 -15.162667810498995 -14.004197052069681 -16.756917695595483 -16.015623409844714 -13.506036778607157 -15.226132412668337 -14.477945089382764 -16.189527147639886 -15.641614719850825 -12.649720653899728 -16.48742691951533 -15.076470989790902 -15.917883652559013 -16.66593959191516 -16.729104665011896 -16.469011190901718 -15.754821627260434
2.1042084168336674 -14.668489144454018 -16.24005743364698 -15.690958897890557 -15.61761167301242 -16.625879023374424 -16.495846364724276 -13.959603587638114 -13.483909603774649 -9.608895497140736 -11.633427439769068 -9.726653578572137 -15.20200270350178 -14.0385218554704 -16.80372506952826 -16.058978169365112 -13.533954112595758 -15.26584954045619 -14.514056430503661 -16.235213487391373 -15.683777273492971 -12.677108478273542 -16.535755787852295 -15.116037558482738 -15.961957533931308 -16.720164706835355 -16.781104446488477 -16.524715282636 -15.799401364370649
2.164328657314629 -14.7067571150904 -16.286138995575214 -15.73394229374264 -15.661195429294956 -16.675069496762358 -16.54382196671147 -13.995187515076719 -13.513232254717149 -9.623680572851598 -11.659350231823069 -9.750713580163758 -15.242414962345691 -14.074531769894175 -16.850709279735245 -16.102927531952666 -13.564328800956595 -15.306598927086357 -14.551636700633637 -16.281211552583628 -15.726676533857127 -12.707016959727344 -16.58407827134411 -15.15665858376682 -16.006539765505412 -16.77367491258026 -16.832656483338972 -16.579527018616332 -15.844436887639421
2.224448897795591 -14.746380861376185 -16.33254178301433 -15.777656721554223 -15.705436475611414 -16.724170716752944 -16.591868580138538 -14.032481579033018 -13.545094059632028 -9.642936214977368 -11.68829638205235 -9.778068715748581 -15.28389754517865 -14.1121965806393 -16.897895627931778 -16.147481228494193 -13.597102861749743 -15.348374828035405 -14.590663746442178 -16.32754187167805 -15.770317657953932 -12.739386014858187 -16.63242620460892 -15.198326147088501 -16.051643035702394 -16.826526795273967 -16.883808110404033 -16.633509091997013 -15.889939911806703
2.284569138276553 -14.787401366600239 -16.37932339028847 -15.822153359842606 -15.750384844594656 -16.773246400283952 -16.64004758745863 -14.071521483712434 -13.57951740677315 -9.6666511330748 -11.720266787030873 -9.808705265831538 -15.326496641846116 -14.151552410799674 -16.94534344773831 -16.192691988350234 -13.632301126033017 -15.391223803132606 -14.631177111809635 -16.374261872864846 -15.81475177474088 -12.774239704468293 -16.68086155356704 -15.241085260915614 -16.09732120870099 -16.87879204378081 -16.934627423730326 -16.6867355438195 -15.935962531714143
2.344689378757515 -14.829778633433044 -16.42648566689731 -15.867417601683531 -15.796027202115539 -16.822314657293784 -16.68837079121161 -14.112253200487245 -13.61641473376812 -9.694657682954254 -11.755144179326162 -9.842487484152919 -15.370184259226686 -14.192547120816407 -16.993059278753073 -16.238549972872864 -13.669841830664186 -15.435119385430836 -14.673133134616485 -16.421372967561112 -15.859963930746925 -12.81149394634399 -16.729397854648287 -15.284907747695122 -16.143567666599292 -16.930510930026244 -16.98514466606655 -16.739253282802867 -15.982498367029105
2.4048096192384767 -14.873535201194539 -16.474069517518313 -15.91348317952983 -15.84239712020997 -16.87142338477278 -16.736883393884874 -14.154693238645645 -13.655787835138273 -9.726921690487615 -11.792913020942102 -9.879388606923904 -15.414988397829454 -14.235197902361708 -17.041086030577734 -16.285090855854094 -13.709729375942292 -15.480090140902048 -14.716552752708285 -16.468915871532133 -15.905987745101786 -12.851152189267303 -16.778081025153107 -15.329821043203644 -16.19041943440811 -16.981740716119212 -17.03541286819096 -16.79112235943545 -16.029583737558877
2.464929859719439 -14.918648807002786 -16.522084388367198 -15.960347048109025 -15.889492820245543 -16.92059441128384 -16.785602413650178 -14.198808650812317 -13.69757835701348 -9.763324466367628 -11.8334941820493 -9.919316867955995 -15.460895810441102 -14.279473298534477 -17.0894367256543 -16.332315266265926 -13.751909776158577 -15.526124020958479 -14.761410923565208 -16.516899697601115 -15.952819894100294 -12.893158663247295 -16.826929415971854 -15.375811960788397 -16.237879608057604 -17.03252017368102 -17.08546313179859 -16.842386625153566 -16.077222261586126
2.5250501002004007 -14.965117504552587 -16.570551358857948 -16.00802121604957 -15.937327228880473 -16.969857807525592 -16.8345544282821 -14.244589732671368 -13.741758146913146 -9.80379404319049 -11.876844398467146 -9.962219831189202 -15.50791109813104 -14.325364686446637 -17.138135040138486 -16.38023787993352 -13.796358050808195 -15.57322649646215 -14.80770368249642 -16.565345283089048 -16.00047218437247 -12.93748709244225 -16.875970572422077 -15.422885143703482 -16.28596465467602 -17.08289167545876 -17.13533226072217 -16.893092140849145 -16.12543078401469
2.5851703406813624 -15.01294372593918 -16.61949280417785 -16.056520189234842 -15.985915831547288 -17.019243773208554 -16.88376659329956 -14.292032164240897 -13.788306906284173 -9.8482723844146 -11.922931378802684 -10.00805806530892 -15.556042314402056 -14.372868720165805 -17.187205612007396 -16.42887555146172 -13.843056633041535 -15.621406400881382 -14.855431711678424 -16.614274792639367 -16.048958936941418 -12.984118771157558 -16.92523249982459 -15.471048805823298 -16.334692996353706 -17.132896168722095 -17.18505633531322 -16.943283079944568 -16.17422826193952
2.6452905811623246 -15.062088223460623 -16.668902192284367 -16.10582447887074 -16.035241431249574 -17.068758749037194 -16.933240285433087 -14.341085499353127 -13.837147974193318 -9.89662170590114 -11.971662890339125 -10.056730584844885 -15.605259249362106 -14.421936691483314 -17.236645672118495 -16.478212789505264 -13.891933285454183 -15.67063490343459 -14.904552886154914 -16.663681345636245 -16.09826032276848 -13.032979530542814 -16.97471801299182 -15.52027346159548 -16.384051772403918 -17.18255806925599 -17.23465162515625 -16.992989269180395 -16.223603483086997
2.7054108216432864 -15.112562198998578 -16.718804918492385 -16.155953854304226 -16.085324860578876 -17.11843377224234 -16.98300433788683 -14.391756069226755 -13.888276308484855 -9.948810526627646 -12.023027548775662 -10.10822250582461 -15.655577007360339 -14.472575699741736 -17.286482253418082 -16.528271112240038 -13.942984879198736 -15.72092771683005 -14.955077158867223 -16.71359018584818 -16.148395959860284 -13.084065397435367 -17.02445657346514 -15.570574576086536 -16.434063648259887 -17.2319162473153 -17.284153449993873 -17.04225193826582 -16.273579905638922
2.7655310621242486 -15.164326711193219 -16.769192139116917 -16.20688751924183 -16.13614790333944 -17.168272028079645 -17.03305722888132 -14.443994546022118 -13.941618462112952 -10.004709707617042 -12.076940412105532 -10.162442867828169 -15.706964834960193 -14.524738112667318 -17.336710009072817 -16.579033500644968 -13.996141997093076 -15.77225542512254 -15.00696293688339 -16.76399214671866 -16.199344713394037 -13.137305134155408 -17.07444801282909 -15.621922380151183 -16.484714065847346 -17.28099066204892 -17.33357416281354 -17.091096106108235 -16.32414501868805
2.8256513026052104 -15.21736552409564 -16.82006887578723 -16.258622035173023 -16.18770920539175 -17.21828708646429 -17.08340917698335 -14.497777311235069 -13.997133780358766 -10.064239559752991 -12.133354278364887 -10.21934134932501 -15.759412208869065 -14.578401562981472 -17.387336449972903 -16.63049923939979 -14.051366808595109 -15.824608487833983 -15.060192108954382 -16.81489202061874 -16.25110289159405 -13.19265960015235 -17.12470352237263 -15.674307222272414 -16.53600407065415 -17.329806862317124 -17.382933878227433 -17.139550940630578 -16.37530160849499
2.885771543086172 -15.271662642335091 -16.871439305747202 -16.31115353595524 -16.240007094819155 -17.268491279913416 -17.134069312266913 -14.553081325271126 -14.054783056251168 -10.127324081486616 -12.19222501952311 -10.278871798912736 -15.812908496792357 -14.633544242569666 -17.43836813164113 -16.682667092076155 -14.108622768523713 -15.87797723670233 -15.114746898048583 -16.86629376622781 -16.30366637631953 -13.25009098717059 -17.17523316912267 -15.72771944293919 -16.587934115917875 -17.37838865680041 -17.432251196843307 -17.18764372225221 -16.42705202366299
2.9458917835671343 -15.327188411387365 -16.92329768672174 -16.364466739919994 -16.29302896025587 -17.318888547214097 -17.185037770295946 -14.609868571345299 -14.114509108794646 -10.193862555509611 -12.253490026737701 -10.340969516476267 -15.867430382983258 -14.690129608247847 -17.489802136107173 -16.735524908509973 -14.167855845194765 -15.932339508583711 -15.170595537055451 -16.91819138186183 -16.35701958350534 -13.309543760012126 -17.22603820367608 -15.78213692579757 -16.640494060411744 -17.426753622520433 -17.481537505856863 -17.235396155146386 -16.47938844797805
3.006012024048096 -15.38391345819754 -16.975637617820887 -16.41854606869119 -16.34676197508405 -17.36948182538935 -17.23631381528417 -14.668101610013402 -14.176256088078159 -10.263757520570355 -12.317089334557068 -10.405573347212517 -15.922954534080962 -14.748121673732783 -17.541634789580602 -16.789060157440574 -14.229013198330566 -15.987673104113094 -15.227706621646195 -16.970578216545285 -16.411146634309226 -13.37096361698471 -17.27711897330053 -15.837537614546182 -16.693673319041196 -17.474917891834846 -17.530802947250326 -17.28282836851164 -16.532302740283917
3.066132264529058 -15.441828824052077 -17.028465372610295 -16.473391678112996 -16.40120858064 -17.420283672249663 -17.28790752247095 -14.727766052495436 -14.239997398090338 -10.336955316754239 -12.382996342933854 -10.472657921924252 -15.979475872761554 -14.807507106789174 -17.593874208099304 -16.843275111194444 -14.292070188388372 -16.043973764105864 -15.286069841888459 -17.02346037585885 -16.466047460674247 -13.43432490737312 -17.328486300754022 -15.893917587555624 -16.74747549461845 -17.5229030028305 -17.580064978400074 -17.3299646297697 -16.585800643597235
3.12625250501002 -15.500890573168835 -17.081763464063933 -16.528975505309553 -16.456344009816366 -17.471287377906428 -17.33980794020491 -14.78880865422407 -14.305658600556512 -10.413333743028929 -12.451132581041886 -10.542143996820656 -16.03695738325951 -14.868234359940192 -17.64650605384584 -16.898145240086865 -14.356955830926996 -16.101205795626235 -15.345638922265845 -17.0768200842247 -16.521693647259674 -13.49955495303444 -17.380130489134782 -15.951241382880657 -16.801878309430105 -17.570717500610225 -17.629325218135037 -17.376818106705688 -16.639862839265547
3.186372745490982 -15.561073213518757 -17.135525898756487 -16.58528372956905 -16.512157301275288 -17.52249498063671 -17.39201393558762 -14.851196985288848 -14.373191643581045 -10.492810027702898 -12.521449527753798 -10.613984391236379 -16.095378560424233 -14.930272339805345 -17.699526686888937 -16.953659416431563 -14.423624583463017 -16.159349729642184 -15.40638664192203 -17.130651133462056 -16.578071090736213 -13.566606923972024 -17.432051357699425 -16.009489927362495 -16.85687233345524 -17.61837488400477 -17.678591958373406 -17.423405779152358 -16.694482564317
3.2464929859719436 -15.622339408391017 -17.18973827128954 -16.64229274978732 -16.568628074135727 -17.573901492483603 -17.444516805773453 -14.914885575690572 -14.442532687462588 -10.575279335952356 -12.593881905312738 -10.68811481143634 -16.154707970892137 -14.993577117926517 -17.752924459012178 -17.00979717510717 -14.49201556919703 -16.21837532985944 -15.468273632435103 -17.18493886625911 -16.63515586552391 -13.635418442727207 -17.48424131399627 -16.068633374412364 -16.91243908589538 -17.665883570776938 -17.727867527572325 -17.469740133387766 -16.749644315057193
3.306613226452906 -15.684667165036803 -17.244395724020034 -16.699990804273046 -16.6257474267392 -17.62550918463825 -17.49731599949479 -14.97984627653005 -14.513639861999046 -10.660669684534131 -12.668389370091724 -10.764497697020325 -16.214927912320498 -15.058121786009199 -17.806696606390197 -17.066549189566313 -14.562089092624905 -16.278265851797165 -15.53127637887787 -17.239678234573645 -16.692935943680283 -13.705948651861934 -17.536700664837817 -16.12865550820537 -16.968570762682447 -17.713256074540805 -17.777159783509315 -17.515836799497034 -16.805343026051247
3.3667334669338675 -15.748015828305864 -17.299480584168485 -16.758350992408637 -16.683491832760016 -17.677309853352128 -17.550399574687212 -15.046030257775566 -14.58644593464701 -10.74887292386816 -12.744903983765798 -10.843066834827958 -16.27600360783631 -15.12385908403472 -17.860828230270968 -17.123891728381288 -14.633780877006359 -16.338987736474127 -15.5953521888984 -17.294851312408177 -16.751384092331474 -13.77813175867221 -17.589418589472974 -16.18952323525871 -17.025245634381232 -17.760497697353777 -17.826467892835414 -17.56170517976537 -16.861560121058083
