web/models/mosfit_kne/mosfit_kn_3.0000/mosfit_kn_0.330399_0.4217_3.0000.dat
# %ECSV 1.0
# ---
# datatype:
# - {name: time, datatype: float64}
# - {name: PS1_g, datatype: float64}
# - {name: PS1_i, datatype: float64}
# - {name: PS1_r, datatype: float64}
# - {name: PS1_w, datatype: float64}
# - {name: PS1_y, datatype: float64}
# - {name: PS1_z, datatype: float64}
# - {name: swift_uvot_B, datatype: float64}
# - {name: swift_uvot_U, datatype: float64}
# - {name: swift_uvot_uvm2, datatype: float64}
# - {name: swift_uvot_uvw1, datatype: float64}
# - {name: swift_uvot_uvw2, datatype: float64}
# - {name: swift_uvot_V, datatype: float64}
# - {name: johnson_B, datatype: float64}
# - {name: johnson_I, datatype: float64}
# - {name: johnson_R, datatype: float64}
# - {name: johnson_U, datatype: float64}
# - {name: johnson_V, datatype: float64}
# - {name: sdss_g, datatype: float64}
# - {name: sdss_i, datatype: float64}
# - {name: sdss_r, datatype: float64}
# - {name: sdss_u, datatype: float64}
# - {name: sdss_z, datatype: float64}
# - {name: ATLAS_c, datatype: float64}
# - {name: ATLAS_o, datatype: float64}
# - {name: ukirt_H, datatype: float64}
# - {name: ukirt_J, datatype: float64}
# - {name: ukirt_K, datatype: float64}
# - {name: Clear, datatype: float64}
# meta: !!omap
# - comment: [kappa = 3.0, type = rprocess, mass = 0.33039895931513485, velocity = 0.4216666666666667, theta_obs = 0.0, tfloor = 1000.0]
# schema: astropy-2.0
time PS1_g PS1_i PS1_r PS1_w PS1_y PS1_z swift_uvot_B swift_uvot_U swift_uvot_uvm2 swift_uvot_uvw1 swift_uvot_uvw2 swift_uvot_V johnson_B johnson_I johnson_R johnson_U johnson_V sdss_g sdss_i sdss_r sdss_u sdss_z ATLAS_c ATLAS_o ukirt_H ukirt_J ukirt_K Clear
0.06012024048096192 -12.373154887786715 -12.169214168533298 -12.305326553365585 -12.310485258967603 -11.892205914259524 -12.017315678167773 -12.243284935238005 -13.221603076127 -12.972722385063328 -13.093797886028451 -12.621977937834789 -12.36351262322292 -12.257988474095413 -12.5428918931459 -12.488190552017066 -13.008471586333005 -12.374854624160923 -12.374355410089084 -12.182232691211095 -12.307780565742412 -12.241683422857257 -11.989556305130602 -12.36073229508957 -12.266448222467403 -11.094990377883798 -11.560373597666851 -10.630617636454199 -12.253677795428253
0.12024048096192384 -13.126882676472551 -13.144389812966075 -13.19750714071251 -13.167111441954216 -12.945264192219419 -13.040732639597596 -12.928028815078491 -13.71794524709287 -12.962616157899237 -13.275741966969665 -12.509589451441968 -13.191580212222942 -12.947608579674505 -13.540107564831533 -13.400146237721621 -13.541291663625518 -13.207069687964681 -13.108640452649567 -13.155313775363862 -13.199733826051183 -12.76491269653036 -13.020326200184638 -13.163820380152469 -13.19171068603163 -12.251151970013455 -12.66945799525608 -11.818417936702977 -13.12903670914043
0.18036072144288576 -13.54861249304859 -13.708627892095002 -13.707952773650636 -13.658781116014609 -13.56022010766523 -13.636356992699223 -13.304854597124322 -13.975056670740678 -12.905836924489979 -13.347273660411094 -12.408465831083259 -13.660129694634044 -13.327994751869404 -14.118751199368244 -13.923754015415863 -13.821176970885862 -13.678619922661602 -13.51786728810831 -13.718184733089611 -13.709897131049686 -13.038379620565639 -13.620815569449096 -13.618496057490788 -13.724225056738817 -12.933162423372318 -13.320948232918466 -12.520833539940133 -13.63453660349375
0.24048096192384769 -13.858645416510509 -14.118843420620575 -14.080161772547193 -14.019702514764276 -14.00641886890769 -14.06882136054282 -13.583098229373729 -14.169826176662834 -12.884814859889339 -13.418728216375122 -12.366649414179157 -14.002589084720729 -13.608945987922286 -14.539208907668197 -14.305432126207329 -14.031645223125981 -14.023349341764478 -13.819117703001709 -14.127429433843304 -14.081841664034886 -13.244223806582323 -14.056770037542154 -13.952246658111456 -14.112328305608592 -13.426968953261527 -13.793120726556205 -13.029065105216231 -14.006002741929127
0.3006012024048096 -14.122552541771167 -14.45397136130012 -14.388173933204076 -14.320641727569896 -14.367303105348501 -14.41986362503279 -13.824296955144685 -14.352001025797616 -12.915778866528193 -13.516656060759136 -12.388182280558166 -14.289303839713103 -13.852174732845665 -14.881678240806988 -14.620288067429101 -14.22483291103416 -14.311760064816868 -14.07678481034047 -14.461862184920857 -14.389632016057536 -13.434068219599098 -14.410330609226367 -14.233296204382473 -14.431834552883096 -13.821968540137062 -14.17263196310042 -13.434375564877248 -14.314846332649278
0.3607214428857715 -14.368046309536329 -14.748415900683813 -14.663935229637826 -14.591996597933203 -14.679537158839207 -14.725294180880706 -14.05413070591295 -14.54141056808151 -13.002240887885751 -13.649767946153517 -12.470794977575238 -14.55035617635999 -14.083455254345804 -15.18119809337015 -14.900808307953028 -14.421743763138359 -14.57401817965964 -14.31799133635451 -14.755826476128036 -14.665224369877112 -13.628654163956266 -14.717510503263949 -14.49070829416435 -14.715590793564157 -14.1577905179704 -14.497751039307472 -13.777315774598458 -14.591828686331105
0.42084168336673344 -14.608817179779763 -15.019915544114859 -14.923687369485883 -14.849170769758402 -14.962240840623782 -15.003710420777328 -14.285049240781113 -14.747009529220758 -13.143602370719897 -13.82068591168414 -12.61085224301182 -14.80084531343974 -14.315303689248417 -15.455896144964065 -15.163571132133448 -14.632024310330653 -14.825281088668623 -14.556071499789436 -15.027023628244098 -14.924863537180446 -13.837463957523255 -14.997032725668369 -14.739017729536101 -14.980401552037463 -14.455362216400294 -14.788578694148383 -14.079370177406163 -14.85261596674535
0.48096192384769537 -14.852098883096652 -15.278502427895972 -15.176417666542363 -15.100670965759448 -15.226418787930687 -15.265748094792215 -14.523417480943952 -14.972782503949187 -13.337488353955273 -14.029373827431613 -12.804411724739357 -15.04895349162257 -14.554141375619988 -15.71607965022815 -15.417807720222083 -14.860121354645248 -15.073779535966716 -14.79801319523725 -15.285459556852903 -15.177535565092821 -14.064825198704423 -15.259623539952898 -14.98607058394514 -15.235662913843164 -14.726963399632208 -15.056813343148983 -14.353208368318862 -15.105938798166925
0.5410821643286573 -15.102004922825358 -15.5303305875794 -15.427510063436305 -15.351611407230976 -15.478949609325028 -15.518009900074343 -14.77270616194317 -15.220490119056507 -13.581196394368792 -14.274944634384177 -13.048094019452567 -15.299465016586915 -14.803489309218815 -15.9681084921382 -15.669089605048267 -15.1081204828001 -15.324340303050741 -15.047750955693235 -15.53726874491323 -15.42862054994215 -14.31273176664785 -15.511954919746795 -15.236450999555391 -15.487073719291011 -14.980427326248883 -15.309854121607298 -14.60695343844044 -15.357109217798186
0.6012024048096192 -15.359103197964448 -15.7781410225666 -15.678875235307519 -15.60371606169408 -15.72336576145279 -15.763725490115519 -15.03278695430722 -15.488212245920376 -13.86825507844469 -14.553010248058573 -13.3353086581176 -15.55363618796066 -15.063284401391591 -16.21494956258407 -15.919539814298151 -15.374433256394415 -15.5782740072501 -15.305662384886976 -15.78517082396166 -15.680021342636348 -14.579491481566542 -15.757334542796109 -15.491258645418462 -15.736901434556785 -15.220336394956814 -15.551807135760392 -14.845504426200014 -15.608104829919345
0.6613226452905812 -15.623954629120398 -16.024031174188096 -15.932018292196659 -15.858409718347826 -15.962334525757917 -16.005343408700785 -15.303722467523848 -15.774759499077007 -14.194359499243795 -14.860817044724008 -13.661977827073958 -15.812501307921824 -15.333641444236171 -16.45886346512769 -16.17082010418904 -15.65809747445898 -15.836658045707813 -15.572174003037826 -16.031247846272425 -15.933235596909014 -14.864065656819623 -15.998268318109172 -15.75144618962696 -15.986914503696514 -15.45011755250513 -15.785755284625527 -15.072516346487673 -15.860551849387647
0.721442885771543 -15.896195221738605 -16.269060459949447 -16.187446441501923 -16.11615939121945 -16.19744986510545 -16.24425198509787 -15.584683128375964 -16.078152888455577 -14.554715591122122 -15.195056876312147 -14.023719053877745 -16.076126079045824 -15.613783133526148 -16.701063015717914 -16.42358700886523 -15.957339606083345 -16.09960109629888 -15.846797421569931 -16.276544788487097 -16.188762358549322 -15.164607858137789 -16.236199135582865 -16.01702286228841 -16.237871300237643 -15.672079457247708 -16.013683952009927 -15.290511685497934 -16.115118522518905
0.781563126252505 -16.174052444258376 -16.513055664053766 -16.444365927613696 -16.37612680850994 -16.42913902890866 -16.480647522632257 -15.873373294146653 -16.394806614136872 -14.94258291800691 -15.55065390657024 -14.414248424100492 -16.34322062025631 -15.901472469357486 -16.941547327775545 -16.677214447310373 -16.26880430841042 -16.365861518097514 -16.127620369383155 -16.52087220852115 -16.445798717908353 -15.477680841924428 -16.47138455238899 -16.286635449417695 -16.489260195127837 -15.887451520401928 -16.236459807858576 -15.500959681830844 -16.371192984873737
0.8416833667334669 -16.456406584845045 -16.756081113281844 -16.70237952908389 -16.637902643671545 -16.657914486160443 -16.71486994947193 -16.16828365561605 -16.722264253190424 -15.353224383600693 -15.924124653425444 -14.829274913742822 -16.613017200282282 -16.19524571240421 -17.18050956301096 -16.931431616120733 -16.59020225603885 -16.63470899740419 -16.41341978135065 -16.76428231272677 -16.703939973411153 -15.800933469283507 -16.70421058766612 -16.559480629465817 -16.74089690088568 -16.09734500342094 -16.454923724436235 -15.70514992829766 -16.628542499771335
0.9018036072144289 -16.74143231106946 -16.997576123299982 -16.960435608733935 -16.900402684121936 -16.883689862077542 -16.946650614269085 -16.46717506516134 -17.057270650948215 -15.78092002130376 -16.311052800837587 -15.263426403630017 -16.88407156457129 -16.492909914089577 -17.41752522385677 -17.185319213623906 -16.918459181918603 -16.90473734628195 -16.702259892781743 -17.006201583622165 -16.962127276814503 -16.131226678801447 -16.93445688121507 -16.834064778936444 -16.99195274374521 -16.302304953950074 -16.669335549708766 -15.903815673716258 -16.886263119866207
0.9619238476953907 -17.026781790194523 -17.236508207987775 -17.216993943848298 -17.16202499518486 -17.105920068421998 -17.175257554835177 -16.767272448298282 -17.395986574949642 -16.219219420772383 -16.70630003880781 -15.710442197514357 -17.15443950486921 -16.791734709637772 -17.651701519784517 -17.437471032295903 -17.24992771724975 -17.174039364119636 -16.991677920633048 -17.245584344864717 -17.21881396803969 -16.464847390404405 -17.1614404421042 -17.10837649287635 -17.241113285497924 -16.502432472544864 -16.879504321154286 -16.097250987315853 -17.14292855010509
1.0220440881763526 -17.31265727334872 -17.473491030414987 -17.472506092060787 -17.423235857685526 -17.325376044603225 -17.40140124002071 -17.06864043386479 -17.738158413111513 -16.667160423494266 -17.109344766654146 -16.169584357539616 -17.424440988528495 -17.091802014472467 -17.88369760931125 -17.688383949658625 -17.58440796686716 -17.442949217907092 -17.281840302785838 -17.483039974128722 -17.474448511934195 -16.801573217143453 -17.38588808548032 -17.38273271222493 -17.48890692617703 -16.698705567691917 -17.086315315317453 -16.286494197651336 -17.399074745230863
1.0821643286573146 -17.596730189812213 -17.70734362091133 -17.725351957419306 -17.682326280526883 -17.54129401176913 -17.624158533241996 -17.368581376607175 -18.080150431075825 -17.118776089622653 -17.51531285518757 -16.63483665282508 -17.692108921724696 -17.39044898506075 -18.112451815939565 -17.936550169139267 -17.918436232101087 -17.709528833279787 -17.570318002951133 -17.717376202418702 -17.72740654527121 -17.137885164855025 -17.60691775259401 -17.655087648266203 -17.733902756549114 -16.890909572090585 -17.28930552190775 -16.47149493362862 -17.65313107604838
1.1422845691382766 -17.877155724003195 -17.93714439172449 -17.974259117246554 -17.937930774985116 -17.753083127997478 -17.84281260010399 -17.66495568439793 -18.419061423170913 -17.569252785090924 -17.92024240340087 -17.10122050982758 -17.95589506300071 -17.685561541994325 -18.337136952264316 -18.18078487718471 -18.24925281257122 -17.972251368838506 -17.85518524100114 -17.947662480382967 -17.97641301702523 -17.470980247067533 -17.823844681177174 -17.92381754370977 -17.974975877791497 -17.07888684338236 -17.488121237099694 -16.652225441954812 -17.90383420536088
1.2024048096192383 -18.154552629919518 -18.16361930536985 -18.219912854029534 -18.190729900143552 -17.961505864690057 -18.05811229724771 -17.958346353852736 -18.755390609109153 -18.01892967985767 -18.324571042930824 -17.569063258883876 -18.21645172266826 -17.977725776427803 -18.55848962285811 -18.42178339923476 -18.577371245483906 -18.23177174410503 -18.137051257361385 -18.174623744820302 -18.222152862856298 -17.80136649610954 -18.037421188807325 -18.189568084775747 -18.21282885557226 -17.26344323214025 -17.68354940027452 -16.829503343619155 -18.151879449785753
1.2625250501002003 -18.427211809630606 -18.385844187914664 -18.461094459023162 -18.439393220123215 -18.165912415776315 -18.269303719573937 -18.246796722103433 -19.08652047347161 -18.463489595287847 -18.72467535689344 -18.033735472853966 -18.472330694220044 -18.26500323791452 -18.775663676053835 -18.658397716985064 -18.900299820172403 -18.486657190013474 -18.414137840092426 -18.397328391436094 -18.463406280012347 -18.126517108318083 -18.246919313206753 -18.450808820857354 -18.446361741390067 -17.444286435519057 -17.87513551733081 -17.00314424468736 -18.396009305468617
1.3226452905811623 -18.694037762510902 -18.60326932358344 -18.69705191455001 -18.683069899867384 -18.36593922837899 -18.475952975015684 -18.529041019383776 -19.410716726292705 -18.899968929011933 -19.118055356463923 -18.49194426451341 -18.72262362698602 -18.546138548991443 -18.988162155063215 -18.889922474062352 -19.216395361959783 -18.736008289970233 -18.68530122561138 -18.615221663483084 -18.69942123449361 -18.44476558872385 -18.45192231854906 -18.706562460673606 -18.67490073279658 -17.621294014108063 -18.06264753500548 -17.173098903492217 -18.635414646180184
1.3827655310621243 -18.955721192288664 -18.816564993399112 -18.928466733306433 -18.922420521258765 -18.562241735444864 -18.67872172047063 -18.805777469626268 -19.728684187103784 -19.329091906452657 -19.505399133906174 -18.944284847884138 -18.96802163297772 -18.821826625243382 -19.196651052170772 -19.117034014105922 -19.52636322372782 -18.980513502134496 -18.951233478380498 -18.82897421883138 -18.930880206852425 -18.756819195048458 -18.653089833550656 -18.957508181251814 -18.89911863113605 -17.795097053709586 -18.246727793276776 -17.339990744980135 -18.87074422514468
1.442885771543086 -19.21129155515038 -19.025204216556446 -19.154649909183306 -19.156654569368037 -18.754440541692432 -18.877174966732593 -19.07589912092111 -20.038923769988788 -19.74828978561686 -19.884502923551395 -19.387819218265626 -19.2077119100403 -19.090966901332735 -19.40064498372034 -19.339079074185978 -19.82878280984678 -19.219365639136093 -19.210924617544247 -19.03805509264977 -19.157094853794696 -19.061239446279163 -18.850000100615123 -19.202765784180826 -19.118386027401755 -17.965507454294706 -18.427100790026767 -17.50369051873315 -19.101232296603925
1.503006012024048 -19.460560029396134 -19.229180074899013 -19.375531154995596 -19.385635353585595 -18.942583751043642 -19.071340433724853 -19.33916314654746 -20.34101915101136 -20.156641196719697 -20.254579591857276 -19.82134643563191 -19.441577206322826 -19.353316577676484 -19.600152323366668 -19.555999177057306 -20.123274837323628 -19.452447688400106 -19.464169333494592 -19.242455883305638 -19.377996011153815 -19.357640908560096 -19.042685249014504 -19.44217664957785 -19.332652043198735 -18.13264305471195 -18.603852203796176 -17.664338066703223 -19.326741767839017
1.56312625250501 -19.582424370115827 -19.34083044619591 -19.490990535764077 -19.50296591740777 -19.0506677611158 -19.18078088976859 -19.46417689363508 -20.474804515266456 -20.314540254542916 -20.40390686410335 -19.98515134085965 -19.55995764908411 -19.478128543448964 -19.710796857638197 -19.670569609268178 -20.255338040199995 -19.570654947922744 -19.58693020694607 -19.354201914475144 -19.49345847671241 -19.49013174239715 -19.15179300718396 -19.561830922147507 -19.446627520799247 -18.235991121820586 -18.709369519621557 -17.76622091089418 -19.443309038031504
1.6232464929859718 -19.602683114526478 -19.37828925724636 -19.522034381012965 -19.53086819133647 -19.094133054013476 -19.22196163471975 -19.479130665932846 -20.474990158163795 -20.274151371573094 -20.377965518388912 -19.93486551023008 -19.586081020890013 -19.49342304337444 -19.749949857478974 -19.703111333042067 -20.25842217751259 -19.59707068403405 -19.605679175193114 -19.391499602132747 -19.52449683052418 -19.492495125518072 -19.19353424118297 -19.585814107634025 -19.48017188649038 -18.287431838334346 -18.757157494368535 -17.820128539093215 -19.47250081654559
1.6833667334669338 -19.62118495126198 -19.41378762952091 -19.551190306371904 -19.556965478700903 -19.135570929369266 -19.26114035192386 -19.492383355346067 -20.473664455890894 -20.23288720840171 -20.35103942045465 -19.8840555832855 -19.610367542457336 -19.507016949275403 -19.787124262013577 -19.733751841413653 -20.259952978998427 -19.621649639929505 -19.62268893565014 -19.426838587894473 -19.553645890623592 -19.493310650070477 -19.23326796405405 -19.608009570680647 -19.51180682679375 -18.336752117099625 -18.802869148375887 -17.87188431297833 -19.499892364954086
