web/models/mosfit_kne/mosfit_kn_3.0000/mosfit_kn_0.041628_0.1710_3.0000.dat
# %ECSV 1.0
# ---
# datatype:
# - {name: time, datatype: float64}
# - {name: PS1_g, datatype: float64}
# - {name: PS1_i, datatype: float64}
# - {name: PS1_r, datatype: float64}
# - {name: PS1_w, datatype: float64}
# - {name: PS1_y, datatype: float64}
# - {name: PS1_z, datatype: float64}
# - {name: swift_uvot_B, datatype: float64}
# - {name: swift_uvot_U, datatype: float64}
# - {name: swift_uvot_uvm2, datatype: float64}
# - {name: swift_uvot_uvw1, datatype: float64}
# - {name: swift_uvot_uvw2, datatype: float64}
# - {name: swift_uvot_V, datatype: float64}
# - {name: johnson_B, datatype: float64}
# - {name: johnson_I, datatype: float64}
# - {name: johnson_R, datatype: float64}
# - {name: johnson_U, datatype: float64}
# - {name: johnson_V, datatype: float64}
# - {name: sdss_g, datatype: float64}
# - {name: sdss_i, datatype: float64}
# - {name: sdss_r, datatype: float64}
# - {name: sdss_u, datatype: float64}
# - {name: sdss_z, datatype: float64}
# - {name: ATLAS_c, datatype: float64}
# - {name: ATLAS_o, datatype: float64}
# - {name: ukirt_H, datatype: float64}
# - {name: ukirt_J, datatype: float64}
# - {name: ukirt_K, datatype: float64}
# - {name: Clear, datatype: float64}
# meta: !!omap
# - comment: [kappa = 3.0, type = rprocess, mass = 0.04162766037032262, velocity = 0.17100000000000004, theta_obs = 0.0, tfloor = 1000.0]
# schema: astropy-2.0
time PS1_g PS1_i PS1_r PS1_w PS1_y PS1_z swift_uvot_B swift_uvot_U swift_uvot_uvm2 swift_uvot_uvw1 swift_uvot_uvw2 swift_uvot_V johnson_B johnson_I johnson_R johnson_U johnson_V sdss_g sdss_i sdss_r sdss_u sdss_z ATLAS_c ATLAS_o ukirt_H ukirt_J ukirt_K Clear
[from data line 375]
22.605210420841683 7.6000970393795875 -1.2817317738197076 2.193339004218142 0.22541519271415567 -4.804921822344959 -3.387245857497838 11.140003615944057 17.798947713838977 31.687543017868148 13.764530245913527 16.277546752393178 5.559613732250372 9.936066298977867 -2.8352450802416582 0.13478768648334172 16.767946534587235 4.604591397081619 8.412637140694024 -1.2004758217067035 2.4218276637145664 18.300053244013803 -3.960673469519822 4.172415573960784 -0.279996950648993 -9.753909200260454 -7.604419904770763 -11.114197880733625 -2.0604788510471828
22.665330661322646 7.605455092695905 -1.276373720503372 2.1986970575344778 0.2307732460304912 -4.799563769028641 -3.3818878041815026 11.145361669260392 17.804305767155313 31.692901071184483 13.769888299229862 16.282904805709514 5.56497178556669 9.941424352294202 -2.8298870269253227 0.14014573979967726 16.773304587903553 4.609949450397955 8.41799519401036 -1.1951177683903857 2.427185717030902 18.30541129733014 -3.9553154162035042 4.177773627277119 -0.2746388973326752 -9.748551146944118 -7.599061851454428 -11.108839827417308 -2.055120797730865
22.725450901803605 7.610797309027415 -1.27103150417188 2.2040392738659698 0.23611546236198322 -4.794221552697131 -3.3765455878500106 11.150703885591884 17.809647983486805 31.698243287515975 13.775230515561354 16.288247022041006 5.5703140018982 9.946766568625694 -2.8245448105938307 0.14548795613116927 16.778646804235063 4.615291666729447 8.423337410341851 -1.189775552058876 2.432527933362394 18.31075351366163 -3.9499731998719945 4.183115843608611 -0.26929668100116544 -9.743208930612626 -7.593719635122936 -11.103497611085798 -2.049778581399355
22.785571142284567 7.616123771592633 -1.265705041606644 2.209365736431206 0.24144192492721928 -4.788895090131913 -3.3712191252847745 11.15603034815712 17.81497444605204 31.70356975008121 13.78055697812659 16.29357348460624 5.575640464463418 9.95209303119093 -2.8192183480285946 0.15081441869640533 16.78397326680028 4.620618129294683 8.428663872907087 -1.1844490894936577 2.43785439592763 18.316079976226867 -3.944646737306776 4.188442306173847 -0.26397021843594715 -9.73788246804739 -7.588393172557717 -11.09817114852058 -2.044452118834137
22.84569138276553 7.621434625846408 -1.2603941873528868 2.214676590684963 0.2467527791809765 -4.783584235878138 -3.3659082710310173 11.161341202410878 17.820285300305798 31.70888060433497 13.785867832380347 16.29888433886 5.580951318717193 9.957403885444688 -2.8139074937748374 0.15612527295016254 16.789284121054056 4.62592898354844 8.433974727160845 -1.1791382352398827 2.443165250181387 18.321390830480624 -3.939335883053001 4.193753160427605 -0.25865936418217217 -9.732571613793633 -7.583082318303942 -11.092860294266805 -2.039141264580362
22.905811623246493 7.6267299687428824 -1.2550988444563949 2.219971933581437 0.25204812207745064 -4.778288892981664 -3.3606129281345254 11.16663654530737 17.825580643202272 31.71417594723145 13.79116317527684 16.30417968175649 5.586246661613667 9.96269922834118 -2.8086121508783455 0.16142061584665446 16.79457946395053 4.631224326444914 8.439270070057319 -1.1738428923434086 2.448460593077879 18.326686173377098 -3.934040540156527 4.199048503324079 -0.253364021285698 -9.727276270897159 -7.577786975407468 -11.08756495137033 -2.033845921683888
22.965931863727455 7.632009913944486 -1.2498188992548087 2.225251878783041 0.25732806727905455 -4.77300894778006 -3.3553329829329392 11.171916490508973 17.830860588403876 31.71945589243305 13.796443120478443 16.309459626958095 5.591526606815271 9.967979173542766 -2.8033322056767416 0.1667005610482406 16.799859409152134 4.636504271646518 8.444550015258923 -1.1685629471418046 2.453740538279483 18.331966118578702 -3.928760594954923 4.204328448525683 -0.2480840760840941 -9.721996325695555 -7.572507030205864 -11.082285006168727 -2.028565976482284
23.026052104208414 7.63727454929386 -1.2445542639054175 2.2305165141324146 0.2625927026284458 -4.767744312430686 -3.350068347583548 11.177181125858347 17.836125223753267 31.724720527782434 13.801707755827817 16.314724262307468 5.596791242164644 9.973243808892157 -2.798067570327368 0.17196519639763186 16.805124044501508 4.641768906995892 8.449814650608314 -1.1632983117924312 2.4590051736288565 18.337230753928093 -3.9234959596055496 4.209593083875074 -0.24281944073472062 -9.716731690346181 -7.567242394856491 -11.077020370819353 -2.0233013411329104
23.086172344689377 7.642523979476632 -1.2393048337226453 2.2357659443151867 0.26784213281121794 -4.762494882247914 -3.344818917400776 11.182430556041119 17.84137465393604 31.7299699579652 13.806957186010589 16.31997369249024 5.6020406723474165 9.978493239074929 -2.792818140144596 0.177214626580404 16.81037347468428 4.647018337178664 8.455064080791086 -1.158048881609659 2.4642546038116286 18.342480184110865 -3.9182465294227775 4.214842514057846 -0.23757001055194849 -9.71148226016341 -7.561992964673719 -11.071770940636581 -2.0180519109501383
23.14629258517034 7.647758291204454 -1.2340705219948234 2.2410002560430264 0.2730764445390399 -4.757260570520092 -3.339584605672954 11.187664867768941 17.84660896566386 31.735204269693032 13.81219149773841 16.325208004218062 5.6072749840752385 9.983727550802751 -2.787583828416774 0.18244893830822595 16.81560778641212 4.6522526489065035 8.460298392518908 -1.152814569881837 2.4694889155394506 18.347714495838687 -3.9130122176949556 4.220076825785668 -0.23233569882412652 -9.70624794843557 -7.556758652945879 -11.066536628908759 -2.0128175992223163
23.206412825651302 7.652977618951677 -1.2288511942476177 2.246219583790232 0.2782957722862456 -4.752041242772869 -3.334365277925748 11.192884195516147 17.851828293411067 31.740423597440245 13.817410825485634 16.330427331965286 5.612494311822462 9.988946878549957 -2.7823645006695505 0.18766826605543163 16.820827114159325 4.657471976653709 8.465517720266114 -1.1475952421346136 2.474708243286674 18.352933823585893 -3.907792889947732 4.225296153532874 -0.22711637107690308 -9.701028620688364 -7.551539325198673 -11.061317301161536 -2.007598271475093
23.266533066132265 7.658182052414091 -1.2236467607852042 2.2514240172526456 0.2835002057486591 -4.746836809310455 -3.3291608444633347 11.19808862897856 17.85703272687348 31.745628030902655 13.822615258948048 16.33563176542768 5.6176987452848755 9.99415131201237 -2.777160067207155 0.19287269951784514 16.82603154762174 4.662676410116123 8.470722153728527 -1.1423908086722 2.4799126767490876 18.358138257048306 -3.9025884564853186 4.230500586995287 -0.22191193761448957 -9.69582418722595 -7.54633489173626 -11.056112867699122 -2.0023938380126793
23.326653306613224 7.663371700246895 -1.2184571129524002 2.2566136650854496 0.28868985358146304 -4.741647161477651 -3.3239711966305308 11.203278276811382 17.862222374706285 31.750817678735462 13.827804906780852 16.340821413260503 5.622888393117679 9.999340959845174 -2.771970419374333 0.1980623473506491 16.831221195454543 4.667866057948927 8.475911801561331 -1.1372011608393962 2.4851023245818915 18.36332790488111 -3.8973988086525146 4.235690234828091 -0.21672228978168562 -9.690634539393146 -7.541145243903456 -11.050923219866318 -1.9972041901798754
23.386773547094187 7.668546656013824 -1.2132821571854535 2.2617886208523785 0.293864809348392 -4.736472205710722 -3.318796240863584 11.20845323257831 17.867397330473214 31.755992634502395 13.83297986254778 16.345996369027432 5.628063348884608 10.004515915612103 -2.766795463607404 0.20323730311757804 16.83639615122147 4.673041013715856 8.48108675732826 -1.1320262050724672 2.4902772803488205 18.36850286064804 -3.8922238528855857 4.24086519059502 -0.21154733401475667 -9.685459583626217 -7.535970288136527 -11.04574826409939 -1.9920292344129464
23.44689378757515 7.6737069821081505 -1.2081218310911446 2.2669489469467052 0.2990251354427187 -4.7313118796163955 -3.313635914769275 11.213613558672638 17.87255765656754 31.76115296059672 13.838140188642107 16.35115669512176 5.633223674978935 10.00967624170643 -2.7616351375130774 0.20839762921190474 16.841556477315798 4.678201339810182 8.486247083422587 -1.1268658789781405 2.495437606443147 18.373663186742366 -3.887063526791259 4.246025516689347 -0.20638700792042997 -9.68029925753189 -7.5308099620422 -11.040587938005062 -1.9868689083186197
23.507014028056112 7.678852801661211 -1.202976011538066 2.272094766499766 0.30417095499579716 -4.726166060063335 -3.3084900952161966 11.218759378225698 17.87770347612062 31.76629878014978 13.843286008195168 16.35630251467482 5.638369494531996 10.014822061259508 -2.7564893179600167 0.2135434487649832 16.84670229686886 4.683347159363243 8.491392902975665 -1.1217200594250798 2.500583425996208 18.378809006295445 -3.8819177072381983 4.251171336242425 -0.20124118836736926 -9.67515343797883 -7.5256641424891395 -11.035442118452002 -1.981723088765559
23.567134268537075 7.683984189695376 -1.1978446235039186 2.277226154533931 0.30930234302994464 -4.72103467202917 -3.303358707182049 11.223890766259863 17.882834864154766 31.771430168183944 13.848417396229333 16.361433902708985 5.643500882566161 10.019953449293656 -2.7513579299258515 0.2186748367991307 16.851833684903024 4.688478547397408 8.496524291009813 -1.1165886713909146 2.505714814030373 18.383940394329592 -3.876786319204033 4.256302724276573 -0.19610980033320402 -9.670022049944665 -7.520532754454974 -11.030310730417836 -1.9765917007313938
23.627254509018034 7.689101265796321 -1.1927275474029564 2.2823432306348757 0.3144194191309069 -4.715917595928225 -3.298241631081087 11.229007842360808 17.88795194025573 31.776547244284895 13.853534472330278 16.36655097880993 5.6486179586671055 10.025070525394618 -2.746240853824907 0.22379191290009293 16.85695076100397 4.693595623498353 8.501641367110775 -1.11147159528997 2.5108318901313176 18.389057470430554 -3.8716692431030886 4.261419800377535 -0.19099272423225955 -9.66490497384372 -7.51541567835403 -11.025193654316892 -1.9714746246304493
23.687374749498996 7.694204118983237 -1.1876246942160407 2.287446083821809 0.3195222723178226 -4.710814742741292 -3.293138777894171 11.234110695547724 17.893054793442644 31.781650097471815 13.858637325517194 16.371653831996845 5.653720811854021 10.030173378581534 -2.7411380006379913 0.22889476608700865 16.862053614190902 4.698698476685286 8.50674422029769 -1.1063687421030544 2.5159347433182333 18.39416032361747 -3.866566389916173 4.266522653564451 -0.18588987104534382 -9.659802120656787 -7.510312825167096 -11.020090801129976 -1.9663717714435336
23.74749498997996 7.699292839672118 -1.182535973527159 2.292534804510673 0.32461099300670426 -4.705726022052428 -3.2880500572052895 11.239199416236605 17.898143514131526 31.78673881816069 13.863726046206075 16.376742552685727 5.658809532542903 10.035262099270415 -2.7360492799491096 0.23398348677589031 16.867142334879766 4.70378719737415 8.511832940986555 -1.1012800214141727 2.521023464007115 18.39924904430635 -3.861477669227291 4.271611374253315 -0.18080115035646216 -9.654713399967923 -7.505224104478232 -11.015002080441095 -1.961283050754652
23.80761523046092 7.7043675214925145 -1.1774612917067806 2.297609486331069 0.32968567482708266 -4.700651340232032 -3.282975375384911 11.244274098056984 17.903218195951904 31.79181349998107 13.868800728026454 16.381817234506105 5.663884214363299 10.040336781090794 -2.7309745981287312 0.23905816859626872 16.872217016700162 4.708861879194546 8.51690762280695 -1.0962053395937765 2.5260981458274934 18.40432372612673 -3.856402987406895 4.276686056073711 -0.175726468536066 -9.649638718147527 -7.500149422657836 -11.009927398620698 -1.9562083689342558
23.867735470941884 7.7094282256308055 -1.1724005875684718 2.3026701904693603 0.33474637896537374 -4.6955906360937405 -3.2779146712466023 11.249334802195293 17.908278900090195 31.796874204119373 13.873861432164762 16.386877938644414 5.66894491850159 10.045397485229103 -2.7259138939904224 0.2441188727345598 16.877277720838453 4.713922583332837 8.521968326945242 -1.0911446354554855 2.531158849965802 18.40938443026502 -3.851342283268604 4.281746760212002 -0.17066576439777492 -9.644578014009236 -7.495088718519545 -11.004866694482407 -1.9511476647959647
23.927855711422843 7.714475057738657 -1.1673537554606206 2.3077170225772115 0.3397932110732427 -4.690543803985889 -3.272867839138751 11.254381634303144 17.913325732198064 31.80192103622723 13.878908264272614 16.391924770752265 5.673991750609441 10.050444317336954 -2.720867061882571 0.24916570484242873 16.882324552946304 4.7189694154406885 8.52701515905311 -1.0860978033476343 2.5362056820736534 18.41443126237289 -3.8462954511607528 4.286793592319871 -0.16561893228992375 -9.639531181901384 -7.490041886411694 -10.999819862374556 -1.9461008326881135
23.987975951903806 7.719508085016198 -1.1623207281830794 2.3127500498547526 0.3448262383507661 -4.685510776708348 -3.26783481186121 11.259414661580685 17.918358759475588 31.806954063504765 13.883941291550155 16.396957798029806 5.6790247778869825 10.055477344614495 -2.71583403460503 0.2541987321199699 16.887357580223846 4.72400244271823 8.532048186330634 -1.081064776070093 2.5412387093511946 18.419464289650413 -3.8412624238832116 4.291826619597394 -0.16058590501238257 -9.634498154623843 -7.485008859134153 -10.994786835097015 -1.9410678054105723
24.04809619238477 7.724527425650773 -1.1573013875485039 2.317769390489346 0.3498455789853594 -4.680491436073755 -3.2628154712266344 11.26443400221526 17.92337810011018 31.811973404139348 13.88896063218473 16.401977138664382 5.684044118521558 10.06049668524907 -2.7108146939704545 0.25921807275454545 16.89237692085844 4.729021783352823 8.537067526965227 -1.0760454354355176 2.54625804998577 18.424483630285007 -3.836243083248636 4.2968459602319875 -0.15556656437780703 -9.62947881398925 -7.4799895184995595 -10.98976749446244 -1.9360484647759968
24.10821643286573 7.729533160695876 -1.1522956525034012 2.3227751255344486 0.3548513140304621 -4.675485701028652 -3.2578097361815317 11.269439737260363 17.928383835155284 31.81697913918445 13.893966367229833 16.406982873709484 5.6890498535666785 10.065502420294173 -2.705808958925352 0.26422380779964816 16.89738265590354 4.734027518397926 8.54207326201033 -1.0710397003904149 2.551263785030873 18.42948936533011 -3.8312373482035156 4.30185169527709 -0.15056082933270432 -9.624473078944147 -7.474983783454457 -10.984761759417319 -1.9310427297308763
24.168336673346694 7.734525367491809 -1.1473034457074682 2.3277673323303816 0.35984352082639504 -4.670493494232719 -3.2528175293855988 11.274431944056296 17.933376041951217 31.821971345980383 13.898958574025766 16.411975080505417 5.694042060362611 10.070494627090106 -2.700816752129419 0.2692160145955811 16.902374862699475 4.739019725193859 8.547065468806263 -1.066047493594482 2.5562559918268057 18.434481572126042 -3.8262451414076004 4.306843902073023 -0.14556862253677139 -9.619480872148214 -7.469991576658524 -10.979769552621404 -1.9260505229349434
24.228456913827653 7.739504129377632 -1.142324683821645 2.332746094216187 0.3648222827122183 -4.665514732346914 -3.2478387674997755 11.27941070594212 17.93835480383704 31.826950107866207 13.90393733591159 16.41695384239124 5.699020822248417 10.07547338897593 -2.6958379902435956 0.27419477648140433 16.90735362458528 4.743998487079664 8.552044230692086 -1.0610687317086587 2.561234753712629 18.439460334011866 -3.821266379521777 4.311822663958846 -0.14058986065094814 -9.614502110262409 -7.465012814772718 -10.97479079073558 -1.921071761049138
