web/models/mosfit_kne/mosfit_kn_3.0000/mosfit_kn_0.004263_0.3433_3.0000.dat
# %ECSV 1.0
# ---
# datatype:
# - {name: time, datatype: float64}
# - {name: PS1_g, datatype: float64}
# - {name: PS1_i, datatype: float64}
# - {name: PS1_r, datatype: float64}
# - {name: PS1_w, datatype: float64}
# - {name: PS1_y, datatype: float64}
# - {name: PS1_z, datatype: float64}
# - {name: swift_uvot_B, datatype: float64}
# - {name: swift_uvot_U, datatype: float64}
# - {name: swift_uvot_uvm2, datatype: float64}
# - {name: swift_uvot_uvw1, datatype: float64}
# - {name: swift_uvot_uvw2, datatype: float64}
# - {name: swift_uvot_V, datatype: float64}
# - {name: johnson_B, datatype: float64}
# - {name: johnson_I, datatype: float64}
# - {name: johnson_R, datatype: float64}
# - {name: johnson_U, datatype: float64}
# - {name: johnson_V, datatype: float64}
# - {name: sdss_g, datatype: float64}
# - {name: sdss_i, datatype: float64}
# - {name: sdss_r, datatype: float64}
# - {name: sdss_u, datatype: float64}
# - {name: sdss_z, datatype: float64}
# - {name: ATLAS_c, datatype: float64}
# - {name: ATLAS_o, datatype: float64}
# - {name: ukirt_H, datatype: float64}
# - {name: ukirt_J, datatype: float64}
# - {name: ukirt_K, datatype: float64}
# - {name: Clear, datatype: float64}
# meta: !!omap
# - comment: [kappa = 3.0, type = rprocess, mass = 0.004263435211354371, velocity = 0.3433333333333334, theta_obs = 0.0, tfloor = 1000.0]
# schema: astropy-2.0
time PS1_g PS1_i PS1_r PS1_w PS1_y PS1_z swift_uvot_B swift_uvot_U swift_uvot_uvm2 swift_uvot_uvw1 swift_uvot_uvw2 swift_uvot_V johnson_B johnson_I johnson_R johnson_U johnson_V sdss_g sdss_i sdss_r sdss_u sdss_z ATLAS_c ATLAS_o ukirt_H ukirt_J ukirt_K Clear
[from data line 87]
5.290581162324649 8.960525929822047 0.07869711662275236 3.553767894660602 1.5858440831566156 -3.4444929319024986 -2.026816967055378 12.500432506386517 19.159376604281437 33.04797190831061 15.124959136355987 17.637975642835638 6.920042622692832 11.296495189420327 -1.4748161897991983 1.4952165769258017 18.128375425029695 5.965020287524079 9.773066031136484 0.15995306873575643 3.7822565541570263 19.660482134456263 -2.600244579077362 5.532844464403244 1.080431939793467 -8.393480309817994 -6.243991014328303 -9.753768990291166 -0.7000499606047228
5.350701402805611 8.990526968797745 0.10869815559845009 3.5837689336363 1.6158451221323133 -3.414491892926801 -1.9968159280796804 12.530433545362214 19.189377643257135 33.07797294728632 15.154960175331702 17.667976681811354 6.95004366166853 11.326496228396024 -1.4448151508235005 1.5252176159014994 18.158376464005393 5.995021326499777 9.803067070112181 0.18995410771145416 3.812257593132742 19.69048317343196 -2.5702435401016643 5.5628455033789415 1.1104329787691647 -8.363479270842296 -6.2139899753526056 -9.723767951315468 -0.6700489216290251
5.410821643286573 9.020173950441688 0.1383451372424105 3.6134159152802425 1.645492103776256 -3.3848449112828582 -1.96716894643572 12.560080527006175 19.21902462490109 33.107619928930255 15.184607156975645 17.697623663455296 6.979690643312472 11.356143210039985 -1.4151681691795401 1.5548645975454598 18.188023445649335 6.02466830814372 9.832714051756124 0.2196010893553968 3.8419045747766845 19.720130155075903 -2.5405965584577217 5.592492485022884 1.1400799604131073 -8.333832289198353 -6.184342993708663 -9.694120969671525 -0.6404019399850824
5.4709418837675345 9.049476438400461 0.16764762520118381 3.642718403239016 1.674794591735047 -3.355542423324085 -1.9378664584769467 12.589383014964948 19.24832711285986 33.13692241688903 15.213909644934418 17.72692615141407 7.008993131271246 11.385445697998758 -1.3858656812207668 1.5841670855042331 18.21732593360811 6.053970796102493 9.862016539714897 0.24890357731417012 3.871207062735458 19.749432643034694 -2.5112940704989484 5.621794972981675 1.1693824483718807 -8.30452980123958 -6.15504050574989 -9.664818481712752 -0.6110994520263091
5.531062124248497 9.078444568944164 0.19661575574488666 3.6716865337827365 1.70376272227875 -3.326574292780382 -1.9088983279332439 12.618351145508651 19.277295243403564 33.165890547432745 15.24287777547812 17.755894281957772 7.0379612618149485 11.414413828542461 -1.356897550677064 1.613135216047936 18.24629406415181 6.0829389266462135 9.890984670258618 0.27787170785787296 3.9001751932791606 19.778400773578397 -2.4823259399552455 5.650763103525378 1.1983505789155835 -8.27556167069586 -6.126072375206169 -9.635850351169049 -0.5821313214826063
5.591182364729459 9.107087565388241 0.22525875218896374 3.7003295302268135 1.732405718722827 -3.2979312963362872 -1.8802553314891668 12.646994141952728 19.30593823984765 33.19453354387682 15.271520771922198 17.78453727840185 7.066604258259043 11.443056824986538 -1.3282545542329869 1.641778212492013 18.274937060595907 6.111581923090291 9.919627666702695 0.30651470430195005 3.9288181897232377 19.807043770022474 -2.4536829435111507 5.679406099969455 1.2269935753596606 -8.246918674251782 -6.097429378762092 -9.607207354724954 -0.5534883250385114
5.651302605210421 9.135414824142334 0.25358601094305655 3.7286567889808886 1.760732977476902 -3.269604037582212 -1.851928072735074 12.675321400706821 19.33426549860173 33.222860802630905 15.29984803067629 17.812864537155942 7.094931517013118 11.471384083740631 -1.299927295478894 1.6701054712461059 18.30326431934998 6.139909181844366 9.94795492545677 0.33484196305604286 3.9571454484773305 19.83537102877655 -2.4253556847570756 5.70773335872353 1.2553208341137534 -8.218591415497707 -6.069102120008017 -9.578880095970879 -0.5251610662844364
5.7114228456913825 9.163435000762927 0.2816061875636322 3.756676965601482 1.7887531540974955 -3.2415838609616188 -1.8239078961144983 12.703341577327397 19.362285675222317 33.2508809792515 15.327868207296884 17.840884713776518 7.122951693633712 11.499404260361207 -1.2719071188583184 1.6981256478666815 18.331284495970575 6.167929358464959 9.975975102077363 0.3628621396766363 3.985165625097924 19.863391205397143 -2.397335508136482 5.735753535344124 1.2833410107343468 -8.190571238877114 -6.041081943387423 -9.550859919350286 -0.49714088966384296
5.771543086172344 9.191156806448664 0.3093279932493864 3.7843987712872362 1.8164749597832497 -3.2138620552758645 -1.796186090428744 12.73106338301315 19.39000748090807 33.27860278493724 15.35559001298262 17.868606519462272 7.150673499319466 11.52712606604696 -1.2441853131725642 1.7258474535524357 18.35900630165633 6.195651164150713 10.003696907763118 0.39058394536237273 4.01288743078366 19.891113011082897 -2.3696137024507458 5.763475341029878 1.3110628164200833 -8.16284943319136 -6.013360137701669 -9.52313811366455 -0.46941908397808874
5.831663326653306 9.218588681540787 0.3367598683415096 3.8118306463793417 1.8439068348753551 -3.186430180183759 -1.768754215336621 12.758495258105274 19.417439356000187 33.30603466002936 15.383021888074744 17.896038394554395 7.1781053744115715 11.554557941139084 -1.216753438080441 1.753279328644559 18.386438176748435 6.223083039242819 10.031128782855223 0.4180158204544959 4.040319305875784 19.918544886175003 -2.3421818273586226 5.790907216121983 1.3384946915122065 -8.135417558099254 -5.985928262609564 -9.495706238572426 -0.4419872088859833
5.891783567134269 9.245738548902036 0.363909735702741 3.838980513740591 1.8710567022366043 -3.15928031282251 -1.7416043479753895 12.785645125466505 19.444589223361426 33.3331845273906 15.410171755435975 17.923188261915627 7.205255241772821 11.581707808500315 -1.1896035707192096 1.7804291960057903 18.413588044109684 6.250232906604068 10.058278650216472 0.44516568781574506 4.067469173237015 19.94569475353625 -2.3150319599973734 5.818057083483232 1.3656445588734556 -8.108267690738005 -5.958778395248315 -9.468556371211177 -0.41483734152473417
5.95190380761523 9.272614582648515 0.3907857694492378 3.8658565474870876 1.897932735983101 -3.132404279076013 -1.7147283142288927 12.812521159213002 19.471465257107923 33.3600605611371 15.437047789182472 17.950064295662123 7.2321312755193174 11.608583842246812 -1.1627275369727128 1.8073052297522871 18.44046407785618 6.277108940350565 10.085154683962969 0.4720417215622419 4.094345206983512 19.97257078728275 -2.2881559262508766 5.844933117229729 1.3925205926199347 -8.081391656991508 -5.931902361501818 -9.44168033746468 -0.38796130777823734
6.012024048096192 9.299224100675616 0.4173952874763387 3.8924660655141707 1.924542254010202 -3.10579476104893 -1.6881187962017918 12.839130677240103 19.498074775135017 33.38667007916418 15.463657307209573 17.976673813689224 7.258740793546401 11.635193360273913 -1.136118018945612 1.833914747779388 18.467073595883264 6.303718458377648 10.111764201990052 0.498651239589325 4.120954725010613 19.99918030530985 -2.2615464082237935 5.87154263525683 1.4191301106470355 -8.054782138964425 -5.905292843474735 -9.415070819437597 -0.36135178975115423
6.072144288577154 9.32557486426182 0.44374605106252574 3.9188168291003755 1.950893017596389 -3.0794439974627252 -1.6617680326156048 12.86548144082629 19.52442553872121 33.413020842750385 15.49000807079576 18.00302457727541 7.285091557132605 11.6615441238601 -1.1097672553594249 1.860265511365575 18.49342435946947 6.330069221963853 10.138114965576257 0.5250020031755298 4.1473054885968 20.025531068896036 -2.2351956446375887 5.897893398843017 1.4454808742332403 -8.02843137537822 -5.87894207988853 -9.388720055851392 -0.3350010261649494
6.132264529058116 9.351673895551702 0.46984508235240696 3.9449158603902568 1.9769920488862702 -3.053344966172844 -1.6356690013257236 12.891580472116171 19.550524570011092 33.43911987404027 15.516107102085659 18.029123608565293 7.311190588422487 11.687643155149981 -1.0836682240695437 1.8863645426554563 18.51952339075935 6.356168253253734 10.164213996866138 0.551101034465411 4.173404519886699 20.051630100185918 -2.2090966133477075 5.923992430132898 1.4715799055231216 -8.00233234408834 -5.852843048598649 -9.362621024561511 -0.3089019948750682
6.192384769539078 9.377528342512882 0.4956995293136046 3.9707703073514544 2.002846495847468 -3.0274905192116464 -1.609814554364526 12.917434919077369 19.57637901697229 33.46497432100146 15.541961549046839 18.05497805552649 7.337045035383684 11.713497602111179 -1.057813777108346 1.912218989616654 18.545377837720547 6.3820227002149315 10.190068443827336 0.5769554814266087 4.199258966847879 20.077484547147115 -2.18324216638651 5.949846877094096 1.4974343524843015 -7.976477897127142 -5.826988601637451 -9.336766577600313 -0.28304754791387055
6.25250501002004 9.403144940335757 0.5213161271364797 3.9963869051743295 2.028463093670343 -3.0018739213887713 -1.5841979565416509 12.943051516900244 19.601995614795165 33.49059091882434 15.567578146869714 18.080594653349365 7.362661633206559 11.739114199934054 -1.032197179285471 1.937835587439529 18.570994435543422 6.4076392980378065 10.215685041650211 0.602572079249466 4.224875564670754 20.10310114496999 -2.1576255685636525 5.975463474916971 1.5230509503071765 -7.950861299304267 -5.801372003814576 -9.311149979777456 -0.25743095009101324
6.312625250501002 9.428544701060115 0.546715887860838 4.02178666589867 2.0538628543946835 -2.9764741606644307 -1.5587981958172925 12.968451277624602 19.627395375519512 33.515990679548686 15.592977907594072 18.105994414073724 7.3880613939309 11.764513960658412 -1.0067974185611126 1.9632353481638873 18.596394196267763 6.433039058762147 10.241084802374552 0.6279718399738243 4.250275325395112 20.12850090569433 -2.132225807839294 6.000863235641312 1.5484507110315349 -7.925461538579927 -5.775972243090235 -9.285750219053098 -0.2320311893666549
6.372745490981964 9.453700555074498 0.5718717418752028 4.046942519913053 2.079018708409066 -2.951318306650048 -1.5336423418029277 12.993607131638985 19.652551229533888 33.54114653356307 15.618133761608455 18.131150268088106 7.4132172479452825 11.789669814672777 -0.98164156454673 1.9883912021782522 18.621550050282146 6.45819491277653 10.266240656388934 0.6531276939882069 4.275431179409495 20.153656759708714 -2.1070699538249116 6.026019089655694 1.5736065650459174 -7.900305684565544 -5.750816389075853 -9.260594365038715 -0.20687533535227232
6.432865731462925 9.478639989754765 0.5968111765554873 4.071881954593319 2.103958143089333 -2.9263788719697814 -1.5087029071226432 13.018546566319252 19.67749066421416 33.566085968243335 15.643073196288722 18.156089702768373 7.438156682625549 11.814609249353062 -0.9567021298664633 2.0133306368585187 18.646489484962412 6.483134347456796 10.2911800910692 0.6780671286684736 4.300370614089761 20.17859619438898 -2.082130519144645 6.050958524335961 1.5985459997261842 -7.8753662498852774 -5.725876954395586 -9.235654930358448 -0.1819359006720056
6.492985971943887 9.503368560952214 0.6215397477529372 4.096610525790769 2.1286867142867827 -2.9016503007723315 -1.4839743359251933 13.043275137516702 19.70221923541161 33.590814539440785 15.667801767486171 18.180818273965823 7.462885253822999 11.839337820550512 -0.9319735586690134 2.0380592080559863 18.671218056159862 6.507862918654246 10.31590866226665 0.7027956998659235 4.325099185287211 20.203324765586437 -2.057401947947195 6.075687095533411 1.623274570923634 -7.850637678687828 -5.701148383198136 -9.210926359160998 -0.15720732947455573
6.55310621242485 9.527891820142003 0.6460630069427253 4.121133784980557 2.1532099734765886 -2.8771270415825434 -1.4594510767354052 13.06779839670649 19.726742494601403 33.615337798630584 15.69232502667596 18.20534153315561 7.487408513012787 11.8638610797403 -0.9074502994792253 2.0625824672457744 18.69574131534965 6.532386177844034 10.340431921456457 0.7273189590557116 4.349622444476999 20.22784802477623 -2.032878688757407 6.100210354723217 1.6477978301134222 -7.826114419498039 -5.676625124008348 -9.18640309997121 -0.13268407028476759
6.613226452905812 9.552215334207261 0.6703865210079663 4.145457299045816 2.1775334875418295 -2.8528035275172847 -1.4351275626701643 13.09212191077173 19.75106600866665 33.63966131269583 15.716648540741218 18.22966504722087 7.511732027078046 11.88818459380554 -0.8831267854139666 2.0869059813110153 18.72006482941491 6.556709691909293 10.364755435521698 0.7516424731209703 4.373945958542258 20.252171538841477 -2.008555174692148 6.124533868788458 1.6721213441786809 -7.801790905432781 -5.652301609943089 -9.162079585905952 -0.10836055621950891
6.673346693386773 9.576344616828258 0.6945158036289811 4.169586581666831 2.2016627701628444 -2.82867424489627 -1.4109982800491494 13.116251193392745 19.775195291287666 33.66379059531684 15.740777823362215 18.253794329841867 7.535861309699043 11.912313876426555 -0.8589975027929695 2.1110352639320302 18.744194112035924 6.580838974530308 10.388884718142712 0.7757717557419674 4.398075241163255 20.276300821462492 -1.984425892071151 6.1486631514094725 1.696250626799678 -7.777661622811766 -5.6281723273220745 -9.137950303284955 -0.08423127359851179
6.733466933867735 9.60028519273461 0.7184563795353327 4.1935271575731825 2.225603346069196 -2.8047336689899183 -1.3870577041427978 13.140191769299097 19.799135867194018 33.68773117122319 15.764718399268567 18.27773490574822 7.559801885605412 11.936254452332907 -0.8350569268866179 2.134975839838382 18.768134687942275 6.6047795504366595 10.412825294049064 0.799712331648319 4.422015817069607 20.300241397368843 -1.9604853161647817 6.172603727315824 1.7201912027060295 -7.753721046905414 -5.604231751415723 -9.114009727378603 -0.06029069769214246
6.793587174348697 9.624042213963886 0.7422134007646086 4.217284178802441 2.249360367298454 -2.78097664776066 -1.363300682913522 13.163948790528373 19.822892888423283 33.71148819245246 15.788475420497843 18.301491926977494 7.5835589068346705 11.960011473562165 -0.811299905657342 2.15873286106764 18.791891709171534 6.628536571665918 10.436582315278322 0.8234693528775949 4.445772838298883 20.32399841859811 -1.9367282949355236 6.196360748545082 1.7439482239353055 -7.729964025676156 -5.580474730186465 -9.090252706149327 -0.0365336764628843
6.853707414829659 9.647621111777536 0.7657922985782584 4.240863076616108 2.2729392651121216 -2.7573977499469926 -1.3397217850998722 13.187527688342023 19.846471786236943 33.735067090266114 15.812054318311493 18.325070824791144 7.60713780464832 11.983590371375833 -0.7877210078436923 2.1823117588813075 18.8154706069852 6.652115469479585 10.46016121309199 0.8470482506912447 4.469351736112532 20.34757731641177 -1.9131493971218738 6.21993964635875 1.7675271217489552 -7.706385127862489 -5.556895832372797 -9.066673808335677 -0.012954778649234555
6.913827655310621 9.671026749548233 0.7891979363489554 4.2642687143867875 2.2963449028828187 -2.7339921121763133 -1.3163161473291751 13.21093332611272 19.869877424007633 33.7584727280368 15.83545995608219 18.34847646256184 7.630543442419017 12.00699600914653 -0.7643153700729952 2.2057173966520045 18.83887624475588 6.6755211072502645 10.483566850862669 0.8704538884619417 4.492757373883229 20.37098295418246 -1.8897437593511768 6.243345284129429 1.7909327595196523 -7.682979490091809 -5.533490194602118 -9.04326817056498 0.010450859121462486
