web/models/mosfit_kne/mosfit_kn_3.0000/mosfit_kn_0.009764_0.1397_3.0000.dat
# %ECSV 1.0
# ---
# datatype:
# - {name: time, datatype: float64}
# - {name: PS1_g, datatype: float64}
# - {name: PS1_i, datatype: float64}
# - {name: PS1_r, datatype: float64}
# - {name: PS1_w, datatype: float64}
# - {name: PS1_y, datatype: float64}
# - {name: PS1_z, datatype: float64}
# - {name: swift_uvot_B, datatype: float64}
# - {name: swift_uvot_U, datatype: float64}
# - {name: swift_uvot_uvm2, datatype: float64}
# - {name: swift_uvot_uvw1, datatype: float64}
# - {name: swift_uvot_uvw2, datatype: float64}
# - {name: swift_uvot_V, datatype: float64}
# - {name: johnson_B, datatype: float64}
# - {name: johnson_I, datatype: float64}
# - {name: johnson_R, datatype: float64}
# - {name: johnson_U, datatype: float64}
# - {name: johnson_V, datatype: float64}
# - {name: sdss_g, datatype: float64}
# - {name: sdss_i, datatype: float64}
# - {name: sdss_r, datatype: float64}
# - {name: sdss_u, datatype: float64}
# - {name: sdss_z, datatype: float64}
# - {name: ATLAS_c, datatype: float64}
# - {name: ATLAS_o, datatype: float64}
# - {name: ukirt_H, datatype: float64}
# - {name: ukirt_J, datatype: float64}
# - {name: ukirt_K, datatype: float64}
# - {name: Clear, datatype: float64}
# meta: !!omap
# - comment: [kappa = 3.0, type = rprocess, mass = 0.009763877790252312, velocity = 0.13966666666666672, theta_obs = 0.0, tfloor = 1000.0]
# schema: astropy-2.0
time PS1_g PS1_i PS1_r PS1_w PS1_y PS1_z swift_uvot_B swift_uvot_U swift_uvot_uvm2 swift_uvot_uvw1 swift_uvot_uvw2 swift_uvot_V johnson_B johnson_I johnson_R johnson_U johnson_V sdss_g sdss_i sdss_r sdss_u sdss_z ATLAS_c ATLAS_o ukirt_H ukirt_J ukirt_K Clear
[from data line 85]
5.170340681362725 -3.6321881793660538 -8.724339285786922 -6.75842830949037 -7.446233926983297 -10.59666500429568 -9.870146852943247 -1.6088105540524034 1.7545969069897718 11.340305164132204 1.9665794226454207 3.893107766150902 -4.9796805084694045 -2.0495741331165047 -9.73608551745632 -7.736697359402716 1.2569931317485472 -5.3171743918371 -3.16109135574818 -8.680524420107254 -6.675550229450717 2.387221005581708 -10.1129317998911 -5.379463456432898 -7.946611465306059 -12.902325350976776 -11.954107357930182 -13.398931168923516 -8.50252551655645
5.2304609218436875 -3.399311677479666 -8.5750727320627 -6.5754896121962325 -7.2888366772258095 -10.483766524070148 -9.742327318445856 -1.3429515261826375 2.091240602262747 11.78944549282345 2.2231530863985154 4.154826003647077 -4.7633525944291515 -1.7967068501488408 -9.59825048860787 -7.572940310811867 1.5829182042523082 -5.110697238852652 -2.9205959994269293 -8.530344120479771 -6.489966714369544 2.7210180625309555 -9.991100495097793 -5.181761697885108 -7.789582780165745 -12.846172550650115 -11.872013321103639 -13.36111062403745 -8.369808825702876
5.290581162324649 -3.164499835861072 -8.42433291353812 -6.390904991402699 -7.1301288702631815 -10.369613110829228 -9.613149002151555 -1.0749307404532182 2.4305416328462393 12.24076078230254 2.481057776867282 4.418356464730856 -4.545092472460646 -1.5419500653347955 -9.4590344635819 -7.4078703702126285 1.9114078264034329 -4.902512430090444 -2.6781230593142524 -8.37868800178148 -6.30268898681285 3.0574775877249927 -9.868000681784359 -4.982449281023431 -7.6312029513910495 -12.789192220009065 -11.788900693771998 -13.322618794524884 -8.236054256149199
5.350701402805611 -2.927802645460389 -8.272156698232553 -6.204717363058609 -6.970145500895963 -10.25423474583361 -9.482644498065529 -0.8048048187454804 2.7724330468886116 12.694163583322698 2.740251032333028 4.683658350221155 -4.324948732429157 -1.2853601781475315 -9.31847254580883 -7.2415306682018725 2.2423946830348807 -4.692670245940584 -2.4337240346054223 -8.225593237834836 -6.11376037266643 3.3965311863012815 -9.743665123666414 -4.781568720012466 -7.4715101193319455 -12.731403237867907 -11.704793848106545 -13.2834705532934 -8.101292936732136
5.410821643286573 -2.6893517008622503 -8.118636198424642 -6.017035463196763 -6.808979053295587 -10.137705164030262 -9.350894892297283 -0.5327224599350189 3.1167332524021063 13.149420085874969 3.0006018000191585 4.950599380648356 -4.103046536765896 -1.0270811322089417 -9.176651423999164 -7.074023639803209 2.575700262760605 -4.481294128135517 -2.187534437121723 -8.071152533001005 -5.923290929214993 3.737996679896387 -9.618173098652036 -4.579232811810776 -7.310599742645358 -12.67285017031037 -11.61975108945233 -13.24370057682511 -7.965605468923531
5.4709418837675345 -2.4492499112503197 -7.963844195012761 -5.8279448911136456 -6.646701544257816 -10.020082824246792 -9.217964350632055 -0.2588000381596444 3.4633006919008125 13.606352402376306 3.262010639081048 5.219078368111415 -3.8794843595976873 -0.7672256337881438 -9.033639690561667 -6.905430334367993 2.9111849507460152 -4.268481678507283 -1.9396602466089874 -7.915439156530439 -5.731367345463916 4.0817315826881995 -9.491587561897052 -4.375529432254481 -7.148546772601687 -12.61356853179972 -11.53381881231997 -13.203336463956246 -7.82905456414106
5.531062124248497 -2.2076038422860833 -7.807856000832345 -5.637534188235325 -6.483387398510683 -9.901428217778303 -9.083919298053793 0.016841925011651437 3.811988488087046 14.064779166073095 3.524374543942877 5.488989356332482 -3.654364255824352 -0.5059099729440713 -8.889508269712582 -6.7358340576613545 3.248704029740217 -4.054333665496441 -1.6902112061913321 -7.758528919502901 -5.5380793550723695 4.427588111039356 -9.363973565526518 -4.1705494681425215 -6.985428477452764 -12.553594980155827 -11.447044944893923 -13.162406634419595 -7.691704813527558
5.591182364729459 -1.964568032242422 -7.650779486708412 -5.445930599131348 -6.319144657309703 -9.78182766789736 -8.948854790116005 0.2940287703876166 4.16258223804622 14.524435236913234 3.7875394160268354 5.760172717300037 -3.4278334350068045 -0.24330156427243949 -8.744358457874252 -6.565352584350397 3.5880473580444128 -3.8389937054485808 -1.4393464385165444 -7.6005303531194635 -5.343555985676254 4.775351456062182 -9.235423536167282 -3.9644249946393018 -6.8213556181377655 -12.492981307339848 -11.35949741592549 -13.120951135596444 -7.553649528730979
5.651302605210421 -1.7202298810872207 -7.492677106479277 -5.253207173658225 -6.154033882464702 -9.66133154820989 -8.812826053365619 0.5726615663993939 4.514961569987683 14.985180490233315 4.051424055523913 6.032542527876355 -3.1999762890374344 0.02050466467803219 -8.598249095734236 -6.394054325812129 3.929096084026884 -3.622545074662235 -1.1871559507592977 -7.441506333936871 -5.147871405359137 5.124900125151441 -9.10599161263871 -3.7572300980887974 -6.656391423394599 -12.43175813007502 -11.271216211258695 -13.078993606743941 -7.414940932858354
5.7114228456913825 -1.4747254569966195 -7.333644333099567 -5.059476214352436 -5.988149760758166 -9.540016433739211 -8.67591735390624 0.8525864706783437 4.868937614826585 15.446789515904072 4.3158955016229505 6.305958538425603 -2.9709229977739087 0.28536193053315956 -8.45126982579239 -6.222042636363761 4.271665008313732 -3.4051144769218284 -0.9337798435496936 -7.28155292076984 -4.951139631218471 5.476044655735404 -8.97575969126379 -3.549080671645939 -6.4906331082609015 -12.369971427123028 -11.182261606097741 -13.036569504147904 -7.275660409554767
5.771543086172344 -1.228162657735492 -7.1737575900790596 -4.8648272584911645 -5.821567006101578 -9.417943837445595 -8.53819627413598 1.1336814209179813 5.224360865485593 15.909090618609461 4.580851620100788 6.580311152948713 -2.740777428148527 0.55115405693639 -8.30349246483583 -6.0493999062439245 4.615607203036294 -3.186803181236841 -0.6793292151716024 -7.12074702016972 -4.753451664438462 5.828634668658541 -8.844793584173338 -3.34006823838914 -6.324157817501828 -12.307658294522648 -11.09268214869777 -12.993707389224534 -7.1358719700735485
5.831663326653306 -0.9806706713131419 -7.013107770625613 -4.669366993675119 -5.654375172048862 -9.295186781626334 -8.399743155765975 1.4158003387399531 5.581051742039911 16.371876267492343 4.846168104991619 6.855466855098694 -2.509663545696406 0.8177424342621149 -8.155002304415373 -5.876223491426569 4.960746682917961 -2.9677312993664424 -0.42393707211159537 -6.9591800749106625 -4.5549159542401085 6.182489964641391 -8.713171233906163 -3.1303025472555746 -6.157057408724089 -12.244862560737564 -11.002535275031951 -12.950440984913863 -6.9956521763059065
5.891783567134269 -0.7323777978097112 -6.851785201157252 -4.473201352487859 -5.486663049574467 -9.171817880748439 -8.26063789477498 1.698798155127993 5.938831729088712 16.834943010853408 5.111722281623319 7.131292753295707 -2.2777045914271214 1.0849898119987917 -8.005884068653721 -5.702609581209075 5.306908611015711 -2.748017900433621 -0.1677354990610347 -6.79694295046847 -4.355640245064212 6.537431435758698 -8.580970051701016 -2.9198924829448103 -5.989422858723152 -12.1816277880683 -10.911878063652834 -12.906803779479644 -6.855076728931309
5.95190380761523 -0.48338230785661906 -6.689859849837134 -4.276411977554346 -5.318498234767706 -9.0478936358749 -8.120942539152516 1.982563694916707 6.297564325156202 17.29814334684933 5.3774239862336515 7.407688691079063 -2.04499567315277 1.3527914443159756 -7.856203441321742 -5.5286321350002625 5.6539589950577955 -2.5277549500360914 0.08917433369591166 -6.634106045350325 -4.155707698905573 6.893321717710741 -8.448250267462871 -2.7089210285403276 -5.82132383449709 -12.11798805801921 -10.820755061548136 -12.862821933115532 -6.714202981482931
6.012024048096192 -0.23385836688008865 -6.527453217762318 -4.079141738799326 -5.1500014703855435 -8.923511476697996 -7.980764494117771 2.266900167870273 6.657006236085969 17.761195881347845 5.643103111123118 7.6844706542081695 -1.8117033150716402 1.6209618159505685 -7.706074171826201 -5.354419482058462 6.001660453005993 -2.30710198791481 0.3466131540614903 -6.470791537880363 -3.9552636389778684 7.249917501562457 -8.3151154052171 -2.4975363371065384 -5.652883007873548 -12.054001457922359 -10.729242508571344 -12.81854008671562 -6.57313361747331
6.072144288577154 0.016145020093443208 -6.364601841485538 -3.8814323947140394 -4.981205605889336 -8.798701444919939 -7.8401365031270664 2.5517520204335122 7.017089862878763 18.224044631841117 5.908722772307193 7.961592105298308 -1.577876439311521 1.8894495585623046 -7.555530669939162 -5.180009009485851 6.349946019129245 -2.08610642164549 0.604530510943686 -6.307036214225441 -3.754350864365108 7.6071499194739545 -8.181597464054242 -2.2857789235111348 -5.484135059689859 -11.989686506735849 -10.637364368628608 -12.773972385554016 -6.431895906627805
6.132264529058116 0.266444736324587 -6.201433321872507 -3.683433932792024 -4.812237448665169 -8.673565893357829 -7.699171440047401 2.836912403164459 7.37755900419403 18.686395565629535 6.174104615495661 8.238858707814028 -1.3436901229862144 2.158060368738251 -7.404692302899135 -5.005534459806136 6.698566072524422 -1.8649351910426912 0.8627379409174019 -6.142968363862753 -3.553122022233808 7.964762973447215 -8.047804974091282 -2.0738044975230707 -5.31520847826549 -11.925104147809156 -10.54520062170482 -12.729165647071115 -6.290597345304221
6.192384769539078 0.5169754468167476 -6.037995258241953 -3.485201172645045 -4.643141173569418 -8.548143703463698 -7.557911857711712 3.1223073845908447 7.738322835682112 19.148165812257854 6.439195252270267 8.516205423778796 -1.1092087084335247 2.4267260630928216 -7.2536037418260255 -4.831044115317405 7.047431384622207 -1.6436497509682522 1.1211682030497627 -5.978635874289591 -3.3516332414884076 8.322664875531647 -7.913779128716936 -1.8616675357773005 -5.146149016690682 -11.860278067026824 -10.452782019715626 -12.684137992809282 -6.149274611583433
6.25250501002004 0.7675790708193375 -5.874398243084311 -3.2868637613590757 -4.474025859235375 -8.422523805285476 -7.416455771821813 3.4077584137533004 8.099160033731252 19.60910840199975 6.703843883812226 8.793465075780166 -0.8745838185874469 2.6952798112879033 -7.102368407212377 -4.656652623932829 7.3963264166195835 -1.4223940434196944 1.379658622628508 -5.814149923314069 -3.150016622280276 8.680634389146089 -7.779614023339185 -1.64950213508666 -4.977067196959926 -11.795261305013048 -10.360178066549464 -12.638930146264913 -6.0080196894250015
6.312625250501002 1.0182092100030182 -5.710676947204156 -3.0884610894263886 -4.304922348013491 -8.296734860877919 -7.274834427615602 3.693212979951043 8.460006152780775 20.069175302055914 6.968017571057015 9.070592950946349 -0.639861985418844 2.963674169029225 -6.9510188491215095 -4.482393822869793 7.745187737703805 -1.20121208615904 1.6381614616248719 -5.649545391839084 -2.9483126955922145 9.038606055117224 -7.64533987414616 -1.437346485619635 -4.807995200706792 -11.730071539024108 -10.267411538284586 -12.593555616367807 -5.866857644815937
6.372745490981964 1.268707060814318 -5.546942412364135 -2.890123250797725 -4.135940101213613 -8.170866221796285 -7.1331463238061765 3.9784917733107763 8.820638587404854 20.528119590304915 7.2315655255041555 9.347420739500688 -0.40519554517879613 3.2317421707926957 -6.799658840663155 -4.308381948174305 8.093798842788836 -0.9802478370319865 1.8965133242163468 -5.484933889603099 -2.746654086465181 9.396357523688916 -7.5110510248782525 -1.2253352476630752 -4.6390436999329765 -11.664762038586483 -10.1745522003368 -12.54805531136716 -5.725880496234161
6.432865731462925 1.5190044574589479 -5.383244029988283 -2.6919070714719595 -3.967125131674507 -8.04495828919018 -6.991435729504705 4.263517780804244 9.180962062459823 20.985855172556857 7.494432354179832 9.623879449443354 -0.1706515020102842 3.4994136879811815 -6.6483346090816395 -4.1346656912078155 8.442066687587875 -0.7595641525733374 2.1546440917050624 -5.320365071828874 -2.5450990754385394 9.753792898386955 -7.376789947365392 -1.0135252830516706 -4.470259817745497 -11.599357354830493 -10.08163186751167 -12.502448050288242 -5.585126033546963
6.492985971943887 1.76898863486592 -5.219661472912058 -2.4939053221660856 -3.798554614990266 -7.919075546127026 -6.849773605756138 4.548163697622457 9.540818479041455 21.442217089600316 7.756516076834181 9.899850993287625 0.06366116403998061 3.7665713434024144 -6.497120602318605 -3.961325374552172 8.789837510608319 -0.5392633383254595 2.4124377639159533 -5.155919010415317 -2.3437424555228326 10.110754017237635 -7.242624497039962 -0.8020117206147326 -4.301721728104333 -11.533896157038066 -9.988700981449748 -12.45676352670692 -5.4446585026704675
6.55310621242485 2.0185946747080585 -5.056241821699974 -2.2961720592332746 -3.6302722756035166 -7.793256589332653 -6.708202240035082 4.832356233663483 9.900116942772463 21.8971246684638 8.017764828033318 10.175269583148939 0.29767856890464656 4.0331488771997 -6.3460608424710605 -3.78840667474637 9.1370227422228 -0.3194048181945395 2.6698275806596783 -4.9916430229429665 -2.1426397302558797 10.467149495274004 -7.10859509308996 -0.5908486581178529 -4.1334740576304085 -11.468401929331902 -9.895789910101625 -12.411019768325529 -5.304513580117387
6.613226452905812 2.267707721453025 -4.893066076557968 -2.0988015952496752 -3.4623567064542726 -7.667566996944242 -6.566793824832686 5.115965784930489 10.25869621881558 22.350408941837973 8.278074673485989 10.450014558083552 0.5312898162696619 4.299027141312056 -6.195230961609798 -3.615990672773422 9.483465834289795 -0.10009217094234055 2.926695412053686 -4.827618496795392 -1.9418872968165068 10.822818228777251 -6.97477058239679 -0.38013302442825747 -3.965596198195005 -11.402913971444304 -9.802949890348918 -12.36524698122288 -5.16475652264651
6.673346693386773 2.5162719361416386 -4.730175027219126 -1.9018405076190525 -3.294845285745005 -7.54204039071718 -6.4255851537472 5.398929363061925 10.616478020659965 22.802004420069036 8.53740321060549 10.724029773213918 0.76443965950127 4.564149889033576 -6.044669068282334 -3.444115915866786 9.829090648536017 0.11862379246464519 3.1829838573452562 -4.66388641329889 -1.7415330895099324 11.177681509997441 -6.841185988316898 -0.16991116617894875 -3.7981262430648677 -11.337452841086309 -9.710207391248316 -12.319460975314554 -5.02541746425706
6.733466933867735 2.764199227241697 -4.567631348781216 -1.7053613490031694 -3.12779791082173 -7.416727804934826 -6.28463232325716 5.681147618027386 10.973338608373062 23.251788302101634 8.795674374058962 10.997223615929897 0.997042508122827 4.828426767256918 -5.89443365837858 -3.272843718142256 10.173777158928726 0.33666384106929814 3.4386023421247813 -4.5005097328139065 -1.5416514310488338 11.531615609424986 -6.707894653830362 0.039742900076191745 -3.631124713838094 -11.27204930009169 -9.617602341911995 -12.273685423963554 -4.88654561895796
6.793587174348697 3.0114444804488727 -4.405468398432291 -1.509401892765645 -2.96124450907282 -7.291656960631752 -6.1439656078430005 5.962569715078193 11.329214660054916 23.699712541988337 9.05285663131389 11.269551376547572 1.2290533400842627 5.091813167490869 -5.744555872040894 -3.1022044694808075 10.517463906308578 0.5539871675226162 3.6935045140013223 -4.337521956024215 -1.342281323037593 11.884556826207202 -6.57492526116938 0.2487919586668852 -3.4646220887323587 -11.206720438244664 -9.525156603903183 -12.227933507543332 -4.748164703720459
