web/models/mosfit_kne/mosfit_kn_3.0000/mosfit_kn_0.004263_0.2650_3.0000.dat
# %ECSV 1.0
# ---
# datatype:
# - {name: time, datatype: float64}
# - {name: PS1_g, datatype: float64}
# - {name: PS1_i, datatype: float64}
# - {name: PS1_r, datatype: float64}
# - {name: PS1_w, datatype: float64}
# - {name: PS1_y, datatype: float64}
# - {name: PS1_z, datatype: float64}
# - {name: swift_uvot_B, datatype: float64}
# - {name: swift_uvot_U, datatype: float64}
# - {name: swift_uvot_uvm2, datatype: float64}
# - {name: swift_uvot_uvw1, datatype: float64}
# - {name: swift_uvot_uvw2, datatype: float64}
# - {name: swift_uvot_V, datatype: float64}
# - {name: johnson_B, datatype: float64}
# - {name: johnson_I, datatype: float64}
# - {name: johnson_R, datatype: float64}
# - {name: johnson_U, datatype: float64}
# - {name: johnson_V, datatype: float64}
# - {name: sdss_g, datatype: float64}
# - {name: sdss_i, datatype: float64}
# - {name: sdss_r, datatype: float64}
# - {name: sdss_u, datatype: float64}
# - {name: sdss_z, datatype: float64}
# - {name: ATLAS_c, datatype: float64}
# - {name: ATLAS_o, datatype: float64}
# - {name: ukirt_H, datatype: float64}
# - {name: ukirt_J, datatype: float64}
# - {name: ukirt_K, datatype: float64}
# - {name: Clear, datatype: float64}
# meta: !!omap
# - comment: [kappa = 3.0, type = rprocess, mass = 0.004263435211354371, velocity = 0.265, theta_obs = 0.0, tfloor = 1000.0]
# schema: astropy-2.0
time PS1_g PS1_i PS1_r PS1_w PS1_y PS1_z swift_uvot_B swift_uvot_U swift_uvot_uvm2 swift_uvot_uvw1 swift_uvot_uvw2 swift_uvot_V johnson_B johnson_I johnson_R johnson_U johnson_V sdss_g sdss_i sdss_r sdss_u sdss_z ATLAS_c ATLAS_o ukirt_H ukirt_J ukirt_K Clear
[from data line 442]
26.63326653306613 13.444534718336794 4.5627059051374985 8.037776683175348 6.069852871671362 1.0395158566122475 2.457191821459368 16.984441294901263 23.643385392796183 37.531980696825364 19.608967924870743 22.121984431350395 11.404051411207579 15.780503977935073 3.009192598715548 5.979225365440548 22.61238421354444 10.449029076038824 14.25707481965123 4.643961857250503 8.26626534267179 24.14449092297101 1.883764209437384 10.01685325291799 5.564440728308213 -3.9094715213032485 -1.7599822258135576 -5.269760201776419 3.7839588279100234
26.693386773547093 13.453879586201172 4.572050773001894 8.047121551039744 6.079197739535758 1.0488607244766257 2.466536689323764 16.99378616276566 23.65273026066058 37.54132556468975 19.61831279273513 22.13132929921478 11.413396279071957 15.789848845799469 3.018537466579944 5.9885702333049435 22.62172908140883 10.45837394390322 14.266419687515626 4.653306725114881 8.275610210536168 24.153835790835405 1.8931090773017623 10.026198120782386 5.573785596172591 -3.9001266534388526 -1.7506373579491616 -5.260415333912041 3.7933036957744015
26.753507014028056 13.463209138298264 4.581380325098987 8.05645110313682 6.08852729163285 1.0581902765737183 2.4758662414208565 17.00311571486275 23.66205981275766 37.550655116786835 19.62764234483222 22.140658851311873 11.42272583116905 15.799178397896561 3.0278670186770364 5.997899785402036 22.631058633505912 10.467703496000295 14.2757492396127 4.662636277211973 8.284939762633261 24.163165342932487 1.9024386293988549 10.03552767287946 5.583115148269684 -3.8907971013417777 -1.7413078058520868 -5.251085781814949 3.802633247871494
26.81362725450902 13.4725234156857 4.590694602486423 8.065765380524255 6.097841569020268 1.0675045539611538 2.485180518808292 17.012429992250187 23.6713740901451 37.55996939417427 19.636956622219657 22.14997312869931 11.432040108556485 15.808492675283997 3.037181296064472 6.007214062789472 22.640372910893348 10.47701777338773 14.285063517000136 4.671950554599409 8.294254040020697 24.172479620319926 1.9117529067862904 10.044841950266896 5.592429425657119 -3.881482823954342 -1.7319935284646513 -5.241771504427513 3.8119475252589297
26.873747494989978 13.48182245703006 4.599993643830782 8.075064421868614 6.1071406103646275 1.0768035953055133 2.4944795601526515 17.021729033594546 23.680673131489456 37.56926843551863 19.646255663564016 22.159272170043668 11.441339149900845 15.817791716628356 3.0464803374088314 6.016513104133831 22.649671952237707 10.48631681473209 14.294362558344496 4.681249595943768 8.303553081365056 24.181778661664282 1.9210519481306498 10.054140991611256 5.601728467001479 -3.8721837826099827 -1.7226944871202918 -5.232472463083154 3.821246566603289
26.93386773547094 13.491106297607391 4.609277484408114 8.084348262445946 6.11642445094196 1.0860874358828454 2.5037634007299836 17.03101287417188 23.68995697206679 37.57855227609596 19.65553950414135 22.168556010620993 11.450622990478177 15.827075557205688 3.0557641779861635 6.0257969447111455 22.65895579281504 10.495600655309422 14.303646398921828 4.6905334365211 8.312836921942388 24.191062502241614 1.930335788707982 10.063424832188588 5.611012307578811 -3.8628999420326506 -1.7134106465429597 -5.2231886225058215 3.830530407180621
26.993987975951903 13.500374977067828 4.618546163868533 8.093616941906383 6.1256931304023965 1.0953561153432823 2.5130320801904027 17.040281553632298 23.699225651527218 37.58782095555639 19.664808183601775 22.177824690081426 11.459891669938614 15.836344236666108 3.0650328574465826 6.035065624171582 22.668224472275476 10.50486933476986 14.312915078382265 4.699802115981537 8.322105601402807 24.200331181702044 1.9396044681684188 10.072693511649025 5.620280987039248 -3.853631262572214 -1.7041419670825229 -5.213919943045385 3.839799086641058
27.054108216432866 13.509628530988884 4.627799717789607 8.102870495827457 6.13494668432347 1.1046096692643559 2.5222856341114763 17.04953510755337 23.708479205448292 37.597074509477466 19.67406173752285 22.187078244002503 11.469145223859687 15.845597790587181 3.0742864113676562 6.044319178092656 22.67747802619654 10.514122888690933 14.322168632303338 4.709055669902593 8.33135915532388 24.209584735623118 1.9488580220894747 10.081947065570098 5.629534540960304 -3.84437770865114 -1.6948884131614492 -5.204666389124329 3.8490526405621317
27.11422845691383 13.518866998896435 4.63703818569714 8.11210896373499 6.144185152231003 1.113848137171889 2.5315241020190093 17.058773575460904 23.717717673355825 37.60631297738501 19.68330020543038 22.196316711910033 11.47838369176722 15.854836258494714 3.0835248792751893 6.053557646000189 22.686716494104083 10.523361356598466 14.331407100210871 4.718294137810144 8.340597623231432 24.21882320353065 1.9580964899970255 10.091185533477631 5.6387730088678545 -3.835139240743607 -1.6856499452539162 -5.195427921216778 3.8582911084696647
27.174348697394787 13.528090417187553 4.646261603988275 8.121332382026107 6.153408570522139 1.1230715554630066 2.540747520310145 17.06799699375204 23.72694109164695 37.61553639567612 19.69252362372151 22.20554013020116 11.487607110058338 15.86405967678585 3.0927482975663247 6.0627810642913245 22.69593991239521 10.532584774889584 14.340630518502007 4.727517556101262 8.34982104152255 24.228046621821775 1.9673199082881432 10.100408951768767 5.647996427158972 -3.8259158224524894 -1.6764265269627985 -5.18620450292566 3.8675145267607824
27.23446893787575 13.537298822072845 4.655470008873568 8.1305407869114 6.162616975407413 1.1322799603482991 2.5499559251954373 17.077205398637332 23.736149496532242 37.624744800561416 19.701732028606802 22.214748535086446 11.49681551494363 15.873268081671142 3.1019567024516173 6.071989469176599 22.705148317280493 10.541793179774876 14.349838923387281 4.736725960986554 8.359029446407842 24.237255026707068 1.9765283131734357 10.109617356654041 5.657204832044265 -3.816707417567197 -1.667218122077506 -5.176996098040368 3.876722931646075
27.294589178356713 13.546492249756419 4.6646634365571416 8.139734214594974 6.171810403091005 1.1414733880318728 2.559149352879011 17.086398826320906 23.74534292421582 37.633938228245 19.710925456290376 22.223941962770027 11.506008942627204 15.882461509354716 3.111150130135191 6.081182896860191 22.714341744964074 10.55098660745845 14.359032351070873 4.745919388670128 8.368222874091416 24.246448454390645 1.9857217408570094 10.118810784337633 5.666398259727838 -3.807513989883623 -1.6580246943939323 -5.167802670356794 3.8859163593296486
27.354709418837675 13.555670739240515 4.673841926041238 8.14891270407907 6.180988892575101 1.150651877515969 2.5683278423631073 17.095577315805002 23.754521413699912 37.64311671772909 19.720103945774472 22.233120452254123 11.5151874321113 15.891639998838812 3.120328619619287 6.090361386344287 22.723520234448173 10.560165096942546 14.368210840554969 4.755097878154224 8.377401363575512 24.255626943874738 1.9949002303411056 10.12798927382173 5.675576749211935 -3.798335500399527 -1.648846204909836 -5.158624180872698 3.895094848813745
27.414829659318634 13.564834329113413 4.683005515914136 8.158076293951986 6.190152482447999 1.159815467388885 2.5774914322360054 17.1047409056779 23.76368500357282 37.65228030760199 19.729267535647377 22.24228404212702 11.524351021984216 15.90080358871171 3.1294922094921853 6.099524976217185 22.73268382432107 10.569328686815462 14.377374430427867 4.764261468027122 8.38656495344841 24.264790533747647 2.0040638202140038 10.137152863694627 5.684740339084833 -3.789171910526611 -1.6396826150369201 -5.1494605909998 3.904258438686643
27.474949899799597 13.573983054326018 4.69215424112674 8.16722501916459 6.1993012076606036 1.1689641926014716 2.5866401574486098 17.113889630890505 23.772833728785415 37.661429032814596 19.738416260859974 22.251432767339626 11.533499747196803 15.909952313924315 3.1386409347047897 6.108673701429789 22.741832549533676 10.578477412028066 14.386523155640472 4.773410193239727 8.395713678661014 24.27393925896024 2.013212545426608 10.146301588907232 5.693889064297437 -3.7800231853140067 -1.6305338898243158 -5.140311865787195 3.9134071638992474
27.53507014028056 13.5831169506152 4.701288137415904 8.176358915453754 6.208435103949768 1.1780980888906534 2.595774053737774 17.12302352717967 23.78196762507459 37.670562929103774 19.747550157149146 22.260566663628797 11.542633643485985 15.919086210213479 3.1477748309939537 6.117807597718953 22.750966445822847 10.58761130831723 14.395657051929636 4.782544089528908 8.404847574950196 24.283073155249415 2.02234644171579 10.155435485196396 5.703022960586619 -3.7708892890248427 -1.6213999935351517 -5.1311779694980135 3.922541060188429
27.595190380761522 13.592236061308256 4.710407248108961 8.18547802614681 6.217554214642824 1.18721719958371 2.6048931644308304 17.132142637872725 23.791086735767646 37.67968203979682 19.756669267842202 22.269685774321854 11.551752754179041 15.928205320906535 3.156893941687028 6.12692670841201 22.760085556515904 10.596730419010287 14.404776162622692 4.791663200221965 8.413966685643253 24.29219226594247 2.0314655524088465 10.164554595889452 5.7121420712796755 -3.761770178331786 -1.6122808828420951 -5.122058858804957 3.931660170881486
27.655310621242485 13.601340421905359 4.719511608706082 8.194582386743914 6.226658575239945 1.196321560180813 2.6139975250279512 17.141246998469846 23.800191096364756 37.68878640039393 19.765773628439316 22.278790134918967 11.560857114776145 15.937309681503656 3.165998302284131 6.136031069009131 22.769189917113007 10.60583477960739 14.413880523219795 4.800767560819068 8.423071046240356 24.301296626539582 2.0405699130059496 10.173658956486555 5.721246431876779 -3.752665817734683 -1.603176522244992 -5.112954498207854 3.940764531478589
27.715430861723444 13.610430063802319 4.728601250603042 8.203672028640874 6.235748217136905 1.205411202077773 2.623087166924911 17.150336640366806 23.80928073826172 37.69787604229089 19.774863270336276 22.287879776815927 11.569946756673104 15.946399323400616 3.175087944181091 6.145120710906091 22.778279559009974 10.61492442150435 14.422970165116773 4.809857202716028 8.432160688137316 24.310386268436545 2.0496595549029095 10.182748598383533 5.7303360737737385 -3.743576175837723 -1.5940868803480321 -5.103864856310894 3.949854173375549
27.775551102204407 13.61950502465545 4.737676211456172 8.212746989494004 6.244823177990018 1.2144861629309034 2.6321621277780416 17.159411601219936 23.818355699114846 37.70695100314402 19.783938231189406 22.296954737669058 11.579021717526235 15.955474284253746 3.1841629050342215 6.154195671759221 22.787354519863097 10.62399938235748 14.432045125969886 4.818932163569158 8.441235648990446 24.319461229289672 2.05873451575604 10.191823559236646 5.739411034626869 -3.7345012149845926 -1.5850119194949017 -5.0947898954577635 3.958929134228679
27.83567134268537 13.628565344781407 4.746736531582112 8.221807309619962 6.253883498115975 1.223546483056861 2.6412224479039814 17.168471921345876 23.827416019240797 37.716011323269974 19.792998551315353 22.306015057795005 11.588082037652192 15.964534604379686 3.1932232251601613 6.163255991885161 22.796414839989055 10.633059702483438 14.441105446095843 4.827992483695116 8.450295969116404 24.328521549415623 2.0677948358819975 10.200883879362603 5.748471354752827 -3.725440894858635 -1.5759515993689441 -5.085729575331806 3.967989454354637
27.895791583166332 13.637611061086048 4.755782247886771 8.230853025924603 6.262929214420634 1.2325921993615019 2.65026816420864 17.177517637650535 23.83646173554545 37.725057039574615 19.802044267620005 22.315060774099656 11.597127753956833 15.973580320684345 3.20226894146482 6.17230170818982 22.805460556293696 10.642105418788079 14.450151162400484 4.837038199999757 8.459341685421045 24.337567265720274 2.0768405521866384 10.209929595667244 5.7575170710574675 -3.716395178553994 -1.5669058830643032 -5.076683859027165 3.9770351706592777
27.955911823647295 13.646642209405222 4.764813396205927 8.239884174243777 6.27196036273979 1.241623347680676 2.6592993125277964 17.18654878596969 23.845492883864612 37.73408818789378 19.811075415939168 22.32409192241882 11.606158902276007 15.982611469003501 3.2113000897839763 6.181332856508976 22.814491704612863 10.651136567107253 14.459182310719658 4.846069348318931 8.468372833740201 24.346598414039438 2.0858717005058125 10.218960743986418 5.766548219376624 -3.70736403023482 -1.5578747347451292 -5.067652710707991 3.9860663189784518
28.016032064128254 13.65565882213227 4.773830008932993 8.248900786970843 6.2809769754668565 1.2506399604077245 2.6683159252548627 17.195565398696758 23.854509496591678 37.74310480062085 19.820092028666227 22.33310853514588 11.615175515003056 15.991628081730568 3.2203167025110426 6.190349469236042 22.82350831733993 10.66015317983432 14.468198923446725 4.85508596104598 8.477389446467267 24.355615026766504 2.094888313232861 10.227977356713485 5.77556483210369 -3.6983474175077538 -1.5488581220180628 -5.058636097980942 3.9950829317055003
28.076152304609217 13.66466094176559 4.782832128566312 8.257902906604144 6.289979095100158 1.2596420800410435 2.6773180448881817 17.204567518330077 23.86351161622499 37.75210692025416 19.829094148299546 22.342110654779198 11.624177634636375 16.000630201363887 3.2293188221443616 6.199351588869361 22.832510436973237 10.66915529946762 14.477201043080026 4.8640880806792985 8.486391566100586 24.364617146399816 2.10389043286618 10.236979476346786 5.784566951737009 -3.6893452978744525 -1.5398560023847616 -5.049633978347623 4.004085051338819
28.13627254509018 13.673648602370374 4.791819789171097 8.266890567208929 6.298966755704942 1.268629740645828 2.686305705492966 17.21355517893486 23.87249927682977 37.761094580858945 19.83808180890433 22.351098315383982 11.63316529524116 16.00961786196867 3.238306482749146 6.208339249474146 22.84149809757802 10.678142960072405 14.48618870368481 4.873075741284083 8.49537922670537 24.373604807004597 2.1128780934709646 10.24596713695157 5.793554612341794 -3.680357637269668 -1.530868341779977 -5.040646317742839 4.013072711943604
28.196392785571142 13.682621841945242 4.800793028745964 8.275863806783814 6.307939995279828 1.2776029802206956 2.695278945067834 17.22252841850973 23.88147251640465 37.77006782043382 19.8470550484792 22.36007155495885 11.642138534816027 16.01859110154354 3.2472797223240137 6.2173124890490135 22.850471337152896 10.68711619964729 14.495161943259696 4.882048980858951 8.504352466280238 24.382578046579475 2.121851333045832 10.254940376526456 5.802527851916661 -3.6713843976947826 -1.5218951022050917 -5.031673078167971 4.022045951518471
28.256513026052104 13.691580695615517 4.80975188241624 8.28482266045409 6.316898848950103 1.2865618338909712 2.7042377987381094 17.231487272180004 23.890431370074925 37.779026674104095 19.856013902149474 22.369030408629126 11.651097388486303 16.027549955213814 3.2562385759942893 6.226271342719289 22.859430190823176 10.696075053317566 14.504120796929971 4.891007834529226 8.513311319950514 24.39153690024974 2.130810186716108 10.263899230196731 5.811486705586937 -3.662425544024507 -1.5129362485348161 -5.022714224497696 4.031004805188747
