web/models/mosfit_kne/mosfit_kn_3.0000/mosfit_kn_0.001230_0.2180_3.0000.dat
# %ECSV 1.0
# ---
# datatype:
# - {name: time, datatype: float64}
# - {name: PS1_g, datatype: float64}
# - {name: PS1_i, datatype: float64}
# - {name: PS1_r, datatype: float64}
# - {name: PS1_w, datatype: float64}
# - {name: PS1_y, datatype: float64}
# - {name: PS1_z, datatype: float64}
# - {name: swift_uvot_B, datatype: float64}
# - {name: swift_uvot_U, datatype: float64}
# - {name: swift_uvot_uvm2, datatype: float64}
# - {name: swift_uvot_uvw1, datatype: float64}
# - {name: swift_uvot_uvw2, datatype: float64}
# - {name: swift_uvot_V, datatype: float64}
# - {name: johnson_B, datatype: float64}
# - {name: johnson_I, datatype: float64}
# - {name: johnson_R, datatype: float64}
# - {name: johnson_U, datatype: float64}
# - {name: johnson_V, datatype: float64}
# - {name: sdss_g, datatype: float64}
# - {name: sdss_i, datatype: float64}
# - {name: sdss_r, datatype: float64}
# - {name: sdss_u, datatype: float64}
# - {name: sdss_z, datatype: float64}
# - {name: ATLAS_c, datatype: float64}
# - {name: ATLAS_o, datatype: float64}
# - {name: ukirt_H, datatype: float64}
# - {name: ukirt_J, datatype: float64}
# - {name: ukirt_K, datatype: float64}
# - {name: Clear, datatype: float64}
# meta: !!omap
# - comment: [kappa = 3.0, type = rprocess, mass = 0.0012301715156502338, velocity = 0.21800000000000003, theta_obs = 0.0, tfloor = 1000.0]
# schema: astropy-2.0
time PS1_g PS1_i PS1_r PS1_w PS1_y PS1_z swift_uvot_B swift_uvot_U swift_uvot_uvm2 swift_uvot_uvw1 swift_uvot_uvw2 swift_uvot_V johnson_B johnson_I johnson_R johnson_U johnson_V sdss_g sdss_i sdss_r sdss_u sdss_z ATLAS_c ATLAS_o ukirt_H ukirt_J ukirt_K Clear
[from data line 355]
21.402805611222444 14.995380458844796 6.113551645645501 9.58862242368335 7.620698612179364 2.59036159712025 4.00803756196737 18.535287035409283 25.194231133304186 39.08282643733337 21.159813665378746 23.672830171858397 12.954897151715581 17.331349718443075 4.560038339223568 7.53007110594855 24.163229954052444 11.999874816546827 15.807920560159232 6.194807597758505 9.817111083179793 25.69533666347901 3.4346099499453864 11.567698993425992 7.115286468816215 -2.3586257807952453 -0.2091364853055554 -3.7189144612684166 5.334804568418026
21.462925851703407 15.00767199849804 6.125843185298763 9.600913963336595 7.632990151832626 2.602653136773494 4.020329101620632 18.547578575062527 25.20652267295744 39.09511797698661 21.172105205031997 23.68512171151165 12.967188691368825 17.343641258096337 4.572329878876812 7.542362645601812 24.175521493705695 12.012166356200071 15.820212099812476 6.207099137411749 9.829402622833037 25.707628203132266 3.4469014895986305 11.579990533079254 7.1275780084694595 -2.346334241142001 -0.19684494565231125 -3.7066229216151725 5.34709610807127
21.52304609218437 15.019935692272348 6.138106879073071 9.61317765711092 7.645253845606934 2.614916830547802 4.03259279539494 18.559842268836835 25.218786366731756 39.10738167076093 21.184368898806305 23.697385405285956 12.979452385143134 17.355904951870645 4.58459357265112 7.55462633937612 24.187785187480003 12.024430049974397 15.832475793586802 6.219362831186057 9.841666316607345 25.71989189690658 3.4591651833729387 11.592254226853562 7.139841702243768 -2.3340705473676753 -0.18458125187798535 -3.6943592278408643 5.359359801845578
21.58316633266533 15.032171647784 6.150342834584723 9.625413612622555 7.657489801118587 2.6271527860594546 4.044828750906593 18.572078224348488 25.231022322243398 39.11961762627258 21.196604854317957 23.70962136079761 12.991688340654786 17.368140907382298 4.596829528162773 7.566862294887772 24.20002114299166 12.036666005486031 15.844711749098455 6.23159878669771 9.853902272118997 25.732127852418223 3.471401138884591 11.604490182365215 7.15207765775542 -2.3218345918560406 -0.17234529636635065 -3.682123272329212 5.37159575735723
21.64328657314629 15.044379973324382 6.162551160125105 9.637621938162937 7.669698126658968 2.639361111599836 4.057037076446974 18.58428654988887 25.243230647783783 39.131825951812964 21.20881317985834 23.72182968633799 13.003896666195168 17.38034923292268 4.609037853703154 7.579070620428154 24.212229468532037 12.048874331026413 15.856920074638836 6.243807112238091 9.866110597659379 25.74433617795861 3.4836094644249727 11.616698507905596 7.164285983295802 -2.309626266315659 -0.16013697082596912 -3.6699149467888303 5.383804082897612
21.703406813627254 15.05656077771416 6.1747319645148835 9.649802742552716 7.681878931048747 2.6515419159896148 4.069217880836753 18.596467354278648 25.25541145217356 39.144006756202735 21.220993984248118 23.73401049072777 13.016077470584946 17.392530037312458 4.621218658092933 7.591251424817933 24.22441027292181 12.061055135416192 15.869100879028597 6.25598791662787 9.878291402049157 25.756516982348387 3.4957902688147513 11.628879312295357 7.17646678768558 -2.2974454619258804 -0.14795616643619047 -3.6577341423990517 5.395984887287391
21.763527054108216 15.068714162156489 6.186885348957194 9.661956126995044 7.694032315491057 2.663695300431943 4.0813712652790635 18.60862073872096 25.26756483661588 39.15616014064506 21.233147368690435 23.746163875170087 13.028230855027275 17.40468342175477 4.633372042535261 7.603404809260243 24.236563657364137 12.07320851985852 15.881254263470925 6.268141301070198 9.890444786491486 25.768670366790705 3.5079436532570796 11.641032696737685 7.188620172127909 -2.285292077483552 -0.1358027819938622 -3.6455807579567234 5.408138271729719
21.82364729458918 15.08084023801155 6.199011424812273 9.674082202850123 7.706158391346136 2.675821376287022 4.093497341134142 18.620746814576037 25.279690912470958 39.16828621650013 21.245273444545514 23.758289951025166 13.040356930882353 17.416809497609847 4.645498118390322 7.615530885115322 24.24868973321921 12.085334595713599 15.893380339326004 6.280267376925277 9.902570862346547 25.780796442645784 3.5200697291121585 11.653158772592764 7.20074624798297 -2.273166001628473 -0.12367670613878323 -3.6334546821016445 5.420264347584798
21.883767535070138 15.092939116702553 6.2111103035032755 9.686181081541108 7.718257270037121 2.687920254978007 4.105596219825145 18.63284569326704 25.291789791161953 39.18038509519112 21.2573723232365 23.77038882971615 13.052455809573338 17.428908376300832 4.657596997081325 7.627629763806307 24.2607886119102 12.097433474404584 15.905479218016989 6.292366255616262 9.91466974103755 25.79289532133678 3.5321686078031433 11.66525765128375 7.212845126673972 -2.2610671229374883 -0.11157782744779843 -3.6213558034106597 5.432363226275783
21.9438877755511 15.105010893841122 6.223182080641845 9.698252858679695 7.730329047175708 2.6999920321165938 4.117667996963714 18.64491747040561 25.30386156830053 39.1924568723297 21.269444100375086 23.78246060685473 13.064527586711925 17.44098015343942 4.669668774219894 7.639701540944894 24.27286038904878 12.10950525154317 15.917550995155576 6.304438032754831 9.926741518176119 25.804967098475355 3.5442403849417126 11.677329428422336 7.224916903812542 -2.2489953457989014 -0.09950605030921145 -3.6092840262720904 5.44443500341437
22.004008016032063 15.117055682194316 6.2352268689950385 9.710297647032888 7.742373835528902 2.7120368204697876 4.129712785316908 18.656962258758803 25.315906356653723 39.204501660682894 21.28148888872828 23.794505395207924 13.076572375065119 17.453024941792613 4.681713562573088 7.651746329298088 24.284905177401974 12.121550039896364 15.92959578350877 6.316482821108025 9.938786306529312 25.81701188682855 3.5562851732949063 11.68937421677553 7.236961692165735 -2.2369505574457076 -0.08746126195601756 -3.5972392379188967 5.456479791767563
22.064128256513026 15.129073591370066 6.2472447781707885 9.722315556208638 7.754391744704652 2.7240547296455198 4.141730694492658 18.668980167934553 25.327924265829466 39.21651956985865 21.293506797904023 23.806523304383674 13.088590284240851 17.465042850968363 4.693731471748838 7.663764238473838 24.29692308657772 12.133567949072114 15.94161369268452 6.328500730283775 9.950804215705062 25.829029796004292 3.5683030824706563 11.70139212595128 7.248979601341485 -2.2249326482699576 -0.07544335278026759 -3.5852213287431467 5.468497700943296
22.12424849699399 15.141064712543635 6.25923589934434 9.73430667738219 7.766382865878203 2.736045850819089 4.153721815666209 18.680971289108104 25.339915387003025 39.228510691032206 21.305497919077585 23.818514425557236 13.10058140541442 17.477033972141914 4.705722592922389 7.675755359647389 24.308914207751283 12.145559070245666 15.953604813858071 6.340491851457344 9.962795336878614 25.84102091717785 3.5802942036442253 11.713383247124831 7.260970722515054 -2.2129415270964063 -0.06345223160671631 -3.5732302075695777 5.480488822116865
22.184368737474948 15.153029160619731 6.271200347420454 9.746271125458286 7.778347313954317 2.748010298895185 4.165686263742323 18.692935737184218 25.35187983507913 39.24047513910831 21.317462367153688 23.83047887363334 13.112545853490516 17.488998420218028 4.717687040998503 7.687719807723503 24.320878655827386 12.157523518321762 15.965569261934185 6.35245629953344 9.974759784954728 25.852985365253957 3.5922586517203214 11.725347695200945 7.2729351705911505 -2.2009770790203103 -0.051487783530620224 -3.5612657594934816 5.492453270192961
22.24448897795591 15.164967030577134 6.283138217377857 9.758208995415707 7.79028518391172 2.759948168852606 4.177624133699727 18.70487360714162 25.363817705036542 39.25241300906571 21.32940023711109 23.842416743590743 13.12448372344792 17.50093629017543 4.7296249109559065 7.699657677680906 24.332816525784793 12.169461388279183 15.977507131891588 6.3643941694908435 9.986697654912131 25.864923235211368 3.604196521677725 11.737285565158349 7.284873040548554 -2.189039209062889 -0.039549913573198925 -3.549327889536078 5.504391140150364
22.304609218436873 15.176878432597452 6.295049619398174 9.770120397436006 7.80219658593202 2.7718595708729055 4.189535535720044 18.71678500916194 25.37572910705685 39.26432441108602 21.34131163913141 23.854328145611053 13.136395125468237 17.51284769219575 4.741536312976224 7.7115690797012055 24.3447279278051 12.181372790299482 15.989418533911888 6.3763055715111605 9.998609056932448 25.876834637231674 3.616107923698042 11.749196967178648 7.296784442568871 -2.1771278070425897 -0.027638511552899647 -3.537416487515761 5.516302542170681
22.364729458917836 15.18876346544916 6.306934652249883 9.782005430287715 7.814081618783728 2.783744603724614 4.201420568571752 18.728670042013647 25.387614139908557 39.27620944393773 21.353196671983117 23.86621317846277 13.148280158319945 17.524732725047457 4.753421345827932 7.723454112552932 24.356612960656808 12.19325782315119 16.001303566763596 6.388190604362869 10.010494089784157 25.888719670083383 3.6279929565497504 11.761082000030356 7.308669475420579 -2.1652427741908813 -0.01575347870119126 -3.5255314546640526 5.52818757502239
22.4248496993988 15.200622234044001 6.318793420844724 9.793864198882556 7.825940387378587 2.795603372319455 4.213279337166593 18.740528810608488 25.399472908503398 39.28806821253258 21.365055440577958 23.87807194705761 13.160138926914787 17.536591493642298 4.765280114422773 7.735312881147773 24.36847172925166 12.205116591746032 16.013162335358455 6.40004937295771 10.022352858378998 25.900578438678224 3.6398517251445917 11.772940768625215 7.320528244015421 -2.15338400559604 -0.003894710106350008 -3.5136726860692113 5.540046343617231
22.484969939879758 15.21245483933269 6.330626026133412 9.805696804171244 7.837772992667258 2.8074359776081437 4.225111942455282 18.752361415897177 25.411305513792087 39.29990081782126 21.376888045866647 23.88990455234629 13.171971532203475 17.548424098930987 4.777112719711462 7.747145486436444 24.380304334540337 12.21694919703472 16.024994940647126 6.411881978246399 10.034185463667686 25.912411043966912 3.6516843304332802 11.784773373913886 7.332360849304109 -2.1415514003073515 0.007937895182338561 -3.501840080780523 5.5518789489059195
22.54509018036072 15.224261383485445 6.3424325702861495 9.817503348324 7.849579536820013 2.8192425217608985 4.236918486608019 18.764167960049914 25.423112057944834 39.311707361974015 21.388694590019394 23.901711096499046 13.18377807635623 17.560230643083724 4.788919263864217 7.758952030589199 24.392110878693092 12.228755741187475 16.03680148479988 6.4236885223991536 10.045992007820441 25.92421758811966 3.663490874586035 11.79657991806664 7.344167393456864 -2.1297448561545966 0.0197444393350934 -3.490033536627768 5.563685493058674
22.605210420841683 15.23604196137736 6.354213148178083 9.829283926215915 7.861360114711928 2.831023099652814 4.248699064499952 18.775948537941847 25.43489263583676 39.323487939865934 21.400475167911306 23.913491674390958 13.195558654248146 17.57201122097564 4.800699841756132 7.770732608481114 24.403891456585008 12.240536319079391 16.048582062691796 6.435469100291069 10.057772585712357 25.935998166011586 3.6752714524779506 11.808360495958556 7.35594797134878 -2.117964278262681 0.031525017227008956 -3.4782529587358524 5.57546607095059
22.665330661322646 15.247796681849834 6.365967868650539 9.84103864668839 7.873114835184403 2.8427778201252885 4.260453784972409 18.78770325841432 25.446647356309224 39.3352426603384 21.41222988838378 23.925246394863432 13.20731337472062 17.583765941448114 4.812454562228607 7.7824873289535885 24.415646177057482 12.252291039551865 16.06033678316427 6.4472238207635435 10.069527306184831 25.94775288648405 3.687026172950425 11.82011521643103 7.367702691821254 -2.1062095577902067 0.043279737699483345 -3.466498238263378 5.587220791423064
22.725450901803605 15.259525638014733 6.377696824815455 9.852767602853287 7.884843791349301 2.8545067762901866 4.272182741137325 18.79943221457922 25.45837631247413 39.3469716165033 21.423958844548682 23.936975351028334 13.219042330885518 17.595494897613012 4.824183518393505 7.794216285118487 24.42737513322238 12.264019995716763 16.07206573932917 6.458952776928442 10.08125626234973 25.959481842648955 3.698755129115323 11.831844172595929 7.379431647986152 -2.0944806016253086 0.05500869386438145 -3.45476928209848 5.598949747587962
22.785571142284567 15.27122893552523 6.389400122325952 9.864470900363802 7.8965470888598155 2.8662100738006835 4.283886038647822 18.811135512089717 25.47007960998463 39.35867491401381 21.435662142059186 23.948678648538838 13.230745628396015 17.607198195123527 4.835886815904002 7.805919582629001 24.439078430732884 12.275723293227278 16.083769036839684 6.4706560744389385 10.092959559860226 25.971185140159456 3.71045842662582 11.843547470106444 7.391134945496649 -2.082777304114794 0.06671199137487838 -3.443065984587983 5.610653045098459
22.84569138276553 15.28290666902329 6.401077855824013 9.876148633861845 7.908224822357877 2.8778878072987446 4.295563772145883 18.822813245587778 25.48175734348269 39.37035264751186 21.447339875557248 23.9603563820369 13.242423361894076 17.618875928621588 4.847564549402063 7.817597316127062 24.450756164230945 12.287401026725322 16.095446770337745 6.482333807937 10.104637293358287 25.982862873657517 3.722136160123881 11.855225203604505 7.40281267899471 -2.0710995706167505 0.07838972487293949 -3.431388251089922 5.62233077859652
22.905811623246493 15.294558937155998 6.41273012395672 9.887800901994552 7.9198770904905835 2.8895400754314515 4.30721604027859 18.834465513720485 25.493409611615398 39.38200491564458 21.458992143689954 23.972008650169606 13.254075630026783 17.630528196754295 4.85921681753477 7.829249584259769 24.462408432363652 12.299053294858046 16.10709903847045 6.493986076069707 10.116289561490994 25.994515141790224 3.733788428256588 11.866877471737212 7.414464947127417 -2.059447302484026 0.09004199300564641 -3.419735982957215 5.633983046729227
22.965931863727455 15.306185839716644 6.424357026517367 9.899427804555199 7.93150399305123 2.901166977992098 4.318842942839236 18.84609241628113 25.50503651417604 39.393631818205215 21.4706190462506 23.983635552730252 13.26570253258743 17.64215509931494 4.870843720095416 7.840876486820416 24.47403533492429 12.310680197418675 16.11872594103108 6.505612978630353 10.12791646405164 26.006142044350867 3.7454153308172344 11.87850437429784 7.4260918496880635 -2.0478203999233973 0.10166889556629277 -3.4081090803965686 5.645609949289874
23.026052104208414 15.317787473338935 6.43595866013964 9.91102943817749 7.943105626673503 2.912768611614389 4.33044457646151 18.857694049903404 25.516638147798325 39.405233451827506 21.482220679872885 23.995237186352536 13.27730416620972 17.653756732937214 4.8824453537176895 7.852478120442689 24.485636968546583 12.322281831040966 16.13032757465337 6.517214612252644 10.139518097673932 26.01774367797315 3.7570169644395257 11.890106007920132 7.437693483310355 -2.036218766301106 0.11327052918858405 -3.3965074467742773 5.657211582912165
