web/models/mosfit_kne/mosfit_kn_3.0000/mosfit_kn_0.001862_0.3120_3.0000.dat
# %ECSV 1.0
# ---
# datatype:
# - {name: time, datatype: float64}
# - {name: PS1_g, datatype: float64}
# - {name: PS1_i, datatype: float64}
# - {name: PS1_r, datatype: float64}
# - {name: PS1_w, datatype: float64}
# - {name: PS1_y, datatype: float64}
# - {name: PS1_z, datatype: float64}
# - {name: swift_uvot_B, datatype: float64}
# - {name: swift_uvot_U, datatype: float64}
# - {name: swift_uvot_uvm2, datatype: float64}
# - {name: swift_uvot_uvw1, datatype: float64}
# - {name: swift_uvot_uvw2, datatype: float64}
# - {name: swift_uvot_V, datatype: float64}
# - {name: johnson_B, datatype: float64}
# - {name: johnson_I, datatype: float64}
# - {name: johnson_R, datatype: float64}
# - {name: johnson_U, datatype: float64}
# - {name: johnson_V, datatype: float64}
# - {name: sdss_g, datatype: float64}
# - {name: sdss_i, datatype: float64}
# - {name: sdss_r, datatype: float64}
# - {name: sdss_u, datatype: float64}
# - {name: sdss_z, datatype: float64}
# - {name: ATLAS_c, datatype: float64}
# - {name: ATLAS_o, datatype: float64}
# - {name: ukirt_H, datatype: float64}
# - {name: ukirt_J, datatype: float64}
# - {name: ukirt_K, datatype: float64}
# - {name: Clear, datatype: float64}
# meta: !!omap
# - comment: [kappa = 3.0, type = rprocess, mass = 0.001861645566637777, velocity = 0.312, theta_obs = 0.0, tfloor = 1000.0]
# schema: astropy-2.0
time PS1_g PS1_i PS1_r PS1_w PS1_y PS1_z swift_uvot_B swift_uvot_U swift_uvot_uvm2 swift_uvot_uvw1 swift_uvot_uvw2 swift_uvot_V johnson_B johnson_I johnson_R johnson_U johnson_V sdss_g sdss_i sdss_r sdss_u sdss_z ATLAS_c ATLAS_o ukirt_H ukirt_J ukirt_K Clear
[from data line 176]
10.64128256513026 12.536247837105208 3.6544190239059304 7.12948980194378 5.161565990439794 0.1312289753806617 1.5489049402278 16.076154413669695 22.735098511564615 36.62369381559379 18.700681043639165 21.213697550118816 10.495764529975993 14.872217096703505 2.10090571748398 5.0709384842089795 21.704097332312863 9.540742194807256 13.348787938419662 3.7356749760189167 7.357978461440204 23.23620404173944 0.9754773282057982 9.108566371686422 4.656153847076627 -4.817758402534817 -2.6682691070451257 -6.178047083008005 2.8756719466784375
10.701402805611222 12.557828181533228 3.675999368333933 7.151070146371783 5.183146334867796 0.15280931980868218 1.5704852846558026 16.097734758097697 22.756678855992618 36.6452741600218 18.722261388067178 21.23527789454683 10.517344874404014 14.893797441131507 2.1224860619119825 5.092518828636982 21.725677676740876 9.562322539235259 13.370368282847664 3.757255320446937 7.379558805868225 23.257784386167444 0.9970576726338187 9.130146716114425 4.677734191504648 -4.796178058106814 -2.646688762617123 -6.156466738579985 2.897252291106458
10.761523046092185 12.579341998244757 3.6975131850454623 7.172583963083312 5.204660151579326 0.17432313652021136 1.5919991013673318 16.119248574809227 22.778192672704147 36.666787976733325 18.743775204778704 21.256791711258355 10.538858691115543 14.915311257843037 2.1439998786235295 5.114032645348511 21.747191493452405 9.583836355946788 13.391882099559194 3.7787691371584664 7.401072622579754 23.279298202878973 1.018571489345348 9.151660532825954 4.699248008216177 -4.774664241395285 -2.6251749459055937 -6.1349529218684555 2.918766107817987
10.821643286573146 12.600788288647049 3.718959475447754 7.194030253485604 5.226106441981617 0.195769426922503 1.6134453917696234 16.14069486521152 22.79963896310644 36.68823426713562 18.765221495181 21.27823800166065 10.560304981517834 14.936757548245328 2.165446169025821 5.135478935750803 21.768637783854697 9.60528264634908 13.413328389961485 3.800215427560758 7.422518912982046 23.300744493281265 1.0400177797476395 9.173106823228245 4.720694298618469 -4.753217950992993 -2.603728655503302 -6.113506631466164 2.940212398220279
10.881763527054108 12.622167045908697 3.7403382327094192 7.215409010747269 5.2474851992432825 0.21714818418416826 1.6348241490312887 16.162073622473184 22.821017720368104 36.70961302439728 18.786600252442664 21.299616758922316 10.5816837387795 14.958136305506994 2.1868249262874686 5.156857693012468 21.79001654111635 9.626661403610745 13.43470714722315 3.8215941848224233 7.443897670243693 23.32212325054293 1.0613965370093048 9.19448558048991 4.742073055880116 -4.731839193731328 -2.582349898241637 -6.092127874204499 2.961591155481944
10.941883767535069 12.64347843993427 3.761649626734993 7.236720404772825 5.268796593268856 0.2384595782097243 1.6561355430568625 16.183385016498757 22.84232911439367 36.73092441842285 18.807911646468227 21.32092815294788 10.602995132805056 14.979447699532567 2.2081363203130424 5.178169087038042 21.811327935141925 9.647972797636319 13.456018541248724 3.8429055788479793 7.465209064269267 23.343434644568497 1.0827079310348608 9.215796974515484 4.76338444990569 -4.710527799705754 -2.561038504216081 -6.070816480178943 2.9829025495075
11.002004008016032 12.664722676473783 3.782893863274488 7.257964641312338 5.290040829808351 0.259703814749237 1.6773797795963574 16.204629253038252 22.863573350933173 36.75216865496235 18.829155883007733 21.342172389487384 10.624239369344568 15.000691936072062 2.2293805568525373 5.199413323577537 21.83257217168143 9.669217034175814 13.47726277778822 3.864149815387492 7.486453300808762 23.364678881108 1.1039521675743735 9.23704121105498 4.784628686445203 -4.689283563166259 -2.539794267676568 -6.04957224363943 3.004146786047013
11.062124248496994 12.685899960931248 3.804071147731971 7.279141925769821 5.311218114265834 0.2808810992067201 1.6985570640538405 16.225806537495735 22.884750635390656 36.773345939419826 18.850333167465212 21.363349673944857 10.645416653802052 15.021869220529545 2.2505578413100205 5.22059060803502 21.853749456138907 9.690394318633297 13.498440062245702 3.8853270998449574 7.507630585266245 23.38585616556548 1.125129452031839 9.258218495512462 4.805805970902668 -4.668106278708776 -2.518616983219085 -6.0283949591819646 3.025324070504496
11.122244488977955 12.707010521181008 3.825181707981713 7.300252486019563 5.332328674515576 0.301991659456462 1.7196676243035824 16.246917097745495 22.905861195640398 36.79445649966958 18.871443727714958 21.38446023419461 10.666527214051793 15.042979780779287 2.27166840155978 5.241701168284762 21.874860016388656 9.711504878883039 13.519550622495444 3.906437660094717 7.528741145516005 23.406966725815224 1.1462400122815986 9.279329055762204 4.826916531152428 -4.646995718459034 -2.497506422969343 -6.007284398932205 3.046434630754238
11.182364729458918 12.72805457381244 3.8462257606131445 7.321296538650994 5.353372727147008 0.3230357120878935 1.740711676935014 16.26796115037691 22.92690524827183 36.81550055230101 18.89248778034639 21.40550428682604 10.687571266683225 15.064023833410719 2.2927124541912116 5.262745220916194 21.895904069020087 9.73254893151447 13.540594675126876 3.9274817127261485 7.549785198147436 23.428010778446655 1.16728406491303 9.300373108393636 4.847960583783859 -4.6259516658276025 -2.4764623703379116 -5.986240346300773 3.0674786833856693
11.242484969939879 12.74903233664002 3.867203523440743 7.342274301478575 5.374350489974589 0.3440134749154744 1.7616894397626126 16.288938913204507 22.94788301109942 36.836478315128595 18.913465543173967 21.426482049653618 10.708549029510806 15.0850015962383 2.3136902170187925 5.2837229837437745 21.916881831847668 9.753526694342051 13.561572437954457 3.9484594755537294 7.570762960975017 23.448988541274247 1.188261827740611 9.321350871221217 4.86893834661144 -4.604973903000022 -2.4554846075103307 -5.9652625834731925 3.08845644621325
11.302605210420841 12.769944024409714 3.8881152112104367 7.3631859892482865 5.3952621777443 0.36492516268516795 1.7826011275323062 16.3098506009742 22.96879469886912 36.85739000289829 18.93437723094367 21.447393737423322 10.7294607172805 15.105913284008011 2.334601904788486 5.304634671513486 21.937793519617372 9.774438382111763 13.582484125724168 3.969371163323423 7.591674648744711 23.469900229043947 1.2091735155103045 9.342262558990928 4.8898500343811335 -4.58406221523031 -2.4345729197406194 -5.944350895703499 3.1093681339829438
11.362725450901802 12.790789867405028 3.9089610542057507 7.3840318322436005 5.416108020739614 0.3857710056804997 1.8034469705276202 16.330696443969515 22.989640541864436 36.878235845893606 18.955223073938992 21.468239580418643 10.750306560275831 15.126759127003325 2.3554477477838 5.3254805145088 21.958639362612686 9.795284225107077 13.603329968719482 3.9902170063187548 7.612520491740025 23.49074607203926 1.2300193585056363 9.363108401986242 4.9106958773764475 -4.563216372234996 -2.4137270767453054 -5.923505052708167 3.1302139769782755
11.422845691382765 12.811570087095365 3.929741273896088 7.404812051933938 5.436888240429951 0.4065512253708192 1.8242271902179574 16.351476663659852 23.010420761554773 36.89901606558394 18.976003293629322 21.489019800108974 10.77108677996615 15.147539346693662 2.3762279674741373 5.346260734199137 21.979419582303024 9.816064444797414 13.62411018840982 4.010997226009074 7.633300711430362 23.5115262917296 1.2507995781959558 9.38388862167658 4.931476097066785 -4.542436152544659 -2.392946857054968 -5.902724833017848 3.150994196668595
11.482965931863728 12.832284906884972 3.9504560936856947 7.425526871723527 5.45760306021954 0.427266045160426 1.8449420100075642 16.37219148344946 23.031135581344373 36.919730885373546 18.99671811341892 21.50973461989857 10.791801599755757 15.168254166483251 2.396942787263744 5.366975553988726 22.00013440209262 9.836779264587003 13.644825008199408 4.031712045798681 7.654015531219969 23.5322411115192 1.2715143979855625 9.404603441466168 4.952190916856392 -4.52172133275507 -2.372232037265379 -5.882010013228241 3.171709016458202
11.543086172344688 12.85293454462165 3.971105731422373 7.446176509460205 5.4782526979562185 0.44791568289710426 1.8655916477442425 16.392841121186137 23.051785219081047 36.94038052311022 19.017367751155607 21.53038425763526 10.812451237492436 15.188903804219947 2.4175924250004224 5.387625191725422 22.020784039829298 9.857428902323681 13.665474645936087 4.052361683535359 7.674665168956647 23.552890749255873 1.2921640357222408 9.425253079202847 4.97284055459307 -4.501071695018392 -2.351582399528701 -5.861360375491563 3.19235865419488
11.603206412825651 12.8735192350468 3.9916904218475224 7.4667611998853545 5.498837388381368 0.4685003733222537 1.886176338169392 16.413425811611287 23.0723699095062 36.96096521353537 19.037952441580757 21.550968948060397 10.833035927917585 15.209488494645097 2.438177115425572 5.408209882150554 22.041368730254447 9.87801359274883 13.686059336361236 4.072946373960509 7.695249859381796 23.573475439681026 1.3127487261473902 9.445837769627996 4.993425245018219 -4.480487004593242 -2.3309977091035514 -5.840775685066413 3.2129433446200295
11.663326653306612 12.894039205925 4.0122103927257236 7.487281170763556 5.519357359259569 0.4890203442004548 1.906696309047593 16.433945782489488 23.092889880384398 36.98148518441357 19.05847241245895 21.571488918938602 10.853555898795786 15.23000846552328 2.458697086303773 5.428729853028755 22.06188870113265 9.898533563627032 13.706579307239437 4.09346634483871 7.7157698302599975 23.593995410559224 1.3332686970255914 9.466357740506197 5.01394521589642 -4.459967033715041 -2.3104777382253503 -5.820255714188212 3.2334633154982306
11.723446893787575 12.914494681974151 4.032665868774874 7.507736646812706 5.539812835308737 0.5094758202496052 1.9271517850967435 16.45440125853864 23.11334535643355 37.00194066046273 19.078927888508108 21.59194439498776 10.874011374844937 15.250463941572448 2.4791525623529234 5.449185329077923 22.08234417718181 9.918989039676182 13.727034783288605 4.11392182088786 7.736225306309148 23.614450886608374 1.3537241730747418 9.486813216555365 5.034400691945571 -4.439511557665891 -2.2900222621762 -5.799800238139062 3.253918791547381
11.783567134268537 12.93488588762532 4.053057074426043 7.528127852463875 5.5602040409598885 0.5298670259007743 1.9475429907479125 16.474792464189807 23.13373656208472 37.022331866113895 19.099319094159277 21.612335600638918 10.894402580496106 15.270855147223617 2.4995437680040924 5.469576534729074 22.102735382832968 9.939380245327351 13.747425988939757 4.134313026539029 7.756616511960317 23.634842092259547 1.3741153787259108 9.507204422206517 5.05479189759674 -4.419120352014722 -2.269631056525031 -5.779409032487893 3.27430999719855
11.843687374749498 12.955213060520236 4.073384247320959 7.548455025358791 5.580531213854805 0.5501941987956904 1.9678701636428286 16.495119637084724 23.154063734979637 37.042659039008804 19.119646267054183 21.632662773533834 10.914729753391022 15.291182320118516 2.5198709408990085 5.4899037076239905 22.123062555727884 9.959707418222267 13.767753161834673 4.1546401994339455 7.776943684855233 23.655169265154463 1.394442551620827 9.527531595101433 5.075119070491656 -4.398793179119806 -2.2493038836301147 -5.7590818595929765 3.2946371700934662
11.90380761523046 12.97547643426233 4.093647621063035 7.568718399100884 5.600794587596898 0.5704575725377836 1.988133537384904 16.5153830108268 23.17432710872172 37.0629224127509 19.13990964079628 21.65292614727593 10.934993127133115 15.311445693860609 2.540134314641084 5.510167081366084 22.143325929469977 9.97997079196436 13.788016535576766 4.174903573176039 7.797207058597309 23.675432638896545 1.4147059253629202 9.547794968843526 5.095382444233749 -4.378529805377712 -2.2290405098880215 -5.738818485850883 3.3149005438355594
11.963927855711422 12.995676236791951 4.113847423592674 7.588918201630523 5.620994390126537 0.5906573750674227 2.008333339914543 16.535582813356438 23.19452691125136 37.08312221528053 19.16010944332592 21.67312594980557 10.955192929662754 15.331645496390248 2.560334117170723 5.530366883895723 22.163525731999606 10.000170594494 13.808216338106405 4.195103375705678 7.817406861126948 23.695632441426184 1.4349057278925592 9.567994771373165 5.1155822467633705 -4.358330002848073 -2.2088407073583824 -5.718618683321244 3.3351003463651985
12.024048096192384 13.015812698255846 4.133983885056551 7.609054663094401 5.641130851590415 0.6107938365313004 2.028469801378421 16.555719274820316 23.214663372715236 37.10325867674442 19.180245904789796 21.693262411269448 10.975329391126632 15.351781957854126 2.5804705786346185 5.5505033453596 22.183662193463494 10.020307055957877 13.828352799570283 4.215239837169555 7.837543322590843 23.715768902890062 1.455042189356437 9.588131232837043 5.135718708227266 -4.338193541384196 -2.1887042458945047 -5.6984822218573665 3.355236807829076
12.084168336673347 13.035886058281445 4.15405724508215 7.62912802312 5.661204211616013 0.630867196556899 2.0485431614040195 16.575792634845932 23.234736732740842 37.123332036770016 19.200319264815395 21.713335771295046 10.99540275115223 15.371855317879724 2.600543938660217 5.570576705385199 22.203735553489093 10.040380415983476 13.848426159595881 4.235313197195154 7.857616682616442 23.735842262915668 1.4751155493820356 9.608204592862641 5.155792068252865 -4.318120181358597 -2.168630885868906 -5.678408861831768 3.375310167854675
12.144288577154308 13.055896551890935 4.17406773869164 7.64913851672949 5.6812147052255035 0.6508776901663893 2.0685536550135097 16.595803128455405 23.254747226350325 37.1433425303795 19.220329758424885 21.733346264904537 11.01541324476172 15.391865811489215 2.6205544322696896 5.590587198994689 22.223746047098572 10.060390909592966 13.868436653205372 4.255323690804644 7.877627176225914 23.75585275652515 1.4951260429915258 9.628215086472132 5.175802561862355 -4.298109687749107 -2.148620392259416 -5.658398368222278 3.395320661464165
12.20440881763527 13.075844414047282 4.1940156008480045 7.6690863788858366 5.70116256738185 0.6708255523227358 2.088501517169874 16.61575099061177 23.274695088506682 37.16329039253585 19.24027762058124 21.75329412706088 11.035361106918067 15.411813673645579 2.640502294426054 5.610535061151036 22.24369390925493 10.080338771749313 13.888384515361718 4.275271552960991 7.8975750383822785 23.775800618681508 1.5150739051478723 9.648162948628478 5.195750424018701 -4.27816182559276 -2.1286725301030693 -5.638450506065931 3.4152685236205116
12.264529058116231 13.095729874956685 4.213901061757408 7.68897183979524 5.721048028291271 0.6907110132321392 2.1083869780792774 16.635636451521172 23.294580549416082 37.18317585344526 19.260163081490642 21.773179587970294 11.05524656782747 15.431699134554982 2.6603877553354573 5.630420522060457 22.263579370164344 10.100224232658734 13.90826997627114 4.295157013870394 7.917460499291682 23.795686079590908 1.5349593660572758 9.6680484095379 5.215635884928105 -4.258276364683357 -2.108787069193666 -5.618565045156528 3.435153984529915
12.324649298597194 13.115553179510009 4.233724366310732 7.708795144348564 5.740871332844577 0.7105343177854628 2.128210282632601 16.655459756074496 23.31440385396941 37.20299915799858 19.279986386043966 21.793002892523607 11.075069872380794 15.451522439108288 2.680211059888781 5.650243826613763 22.283402674717657 10.12004753721204 13.928093280824445 4.314980318423718 7.9372838038450055 23.815509384144235 1.5547826706105994 9.687871714091205 5.235459189481428 -4.238453060130033 -2.0889637646403423 -5.598741740603204 3.4549772890832386
