web/models/mosfit_kne/mosfit_kn_3.0000/mosfit_kn_0.330399_0.2963_3.0000.dat
# %ECSV 1.0
# ---
# datatype:
# - {name: time, datatype: float64}
# - {name: PS1_g, datatype: float64}
# - {name: PS1_i, datatype: float64}
# - {name: PS1_r, datatype: float64}
# - {name: PS1_w, datatype: float64}
# - {name: PS1_y, datatype: float64}
# - {name: PS1_z, datatype: float64}
# - {name: swift_uvot_B, datatype: float64}
# - {name: swift_uvot_U, datatype: float64}
# - {name: swift_uvot_uvm2, datatype: float64}
# - {name: swift_uvot_uvw1, datatype: float64}
# - {name: swift_uvot_uvw2, datatype: float64}
# - {name: swift_uvot_V, datatype: float64}
# - {name: johnson_B, datatype: float64}
# - {name: johnson_I, datatype: float64}
# - {name: johnson_R, datatype: float64}
# - {name: johnson_U, datatype: float64}
# - {name: johnson_V, datatype: float64}
# - {name: sdss_g, datatype: float64}
# - {name: sdss_i, datatype: float64}
# - {name: sdss_r, datatype: float64}
# - {name: sdss_u, datatype: float64}
# - {name: sdss_z, datatype: float64}
# - {name: ATLAS_c, datatype: float64}
# - {name: ATLAS_o, datatype: float64}
# - {name: ukirt_H, datatype: float64}
# - {name: ukirt_J, datatype: float64}
# - {name: ukirt_K, datatype: float64}
# - {name: Clear, datatype: float64}
# meta: !!omap
# - comment: [kappa = 3.0, type = rprocess, mass = 0.33039895931513485, velocity = 0.29633333333333334, theta_obs = 0.0, tfloor = 1000.0]
# schema: astropy-2.0
time PS1_g PS1_i PS1_r PS1_w PS1_y PS1_z swift_uvot_B swift_uvot_U swift_uvot_uvm2 swift_uvot_uvw1 swift_uvot_uvw2 swift_uvot_V johnson_B johnson_I johnson_R johnson_U johnson_V sdss_g sdss_i sdss_r sdss_u sdss_z ATLAS_c ATLAS_o ukirt_H ukirt_J ukirt_K Clear
[from data line 395]
23.80761523046092 -27.512326420227087 -26.70264673131234 -27.064098875051315 -27.204976283410947 -26.21344429393414 -26.41942238003434 -27.563533850457162 -29.062080984776024 -30.307820322608453 -29.98008252902233 -30.424244486197342 -27.29160338698292 -27.56869191850486 -27.017046249519698 -27.19637544053252 -28.744514196805568 -27.294528507770433 -27.566139356184802 -26.721300277831137 -27.065982604273007 -28.000931372347946 -26.37224973936208 -27.376607767391086 -26.94117550010846 -25.129372267963777 -25.727405260902305 -24.57406733056629 -27.113930815968104
23.867735470941884 -27.531894395474676 -26.720565383534503 -27.08263557342809 -27.223953097997775 -26.23077025323502 -26.43697552616045 -27.583569427782557 -29.083487467739744 -30.333264066226157 -30.004603125662364 -30.45118044867156 -27.310589795545727 -27.588708497401345 -27.034801692513845 -27.214779596794713 -28.765641260189458 -27.31349720924619 -27.585846691812748 -26.739234406798555 -27.08451562540578 -28.022113144324194 -26.38974967267613 -27.39586554300768 -26.959493180821568 -25.14587053368945 -25.744291653574134 -24.590293892603917 -27.13284661014475
23.927855711422843 -27.55141239571728 -26.73845070068351 -27.101132782400068 -27.24288631193943 -26.248068661478356 -26.454498917894114 -27.603550103626368 -29.10482452074371 -30.358594550400277 -30.02902230840805 -30.477987366810776 -27.329532123529205 -27.60867040076546 -27.05252541094482 -27.23314561805327 -28.786701862390338 -27.332422033171998 -27.60550260505333 -26.757135047528653 -27.10300918412651 -28.043227841681926 -26.40722037499904 -27.415076627708928 -26.97777361538538 -25.162349093199637 -25.761154702080482 -24.606503252844135 -27.15171957562397
23.987975951903806 -27.57088143501978 -26.75630345829413 -27.119591365154587 -27.261776841582783 -26.26534021293148 -26.471993280326167 -27.62347696508079 -29.126093444386658 -30.38381370983027 -30.053341810089993 -30.504667382710927 -27.348431300862465 -27.628578711878976 -27.070218157505003 -27.25147434769265 -28.807697260678673 -27.351303906146867 -27.62510813111616 -26.77500297773271 -27.121464143406637 -28.06427673127219 -26.424662563990697 -27.43424198629377 -26.996017634087366 -25.17880853304939 -25.777995042442026 -24.622695964292976 -27.170550615019415
24.04809619238477 -27.59030193854967 -26.774123913446992 -27.13801164004879 -27.28062503991998 -26.28258510865601 -26.489458835669133 -27.64335049026431 -29.14729487154501 -30.40892263909996 -30.07756256420004 -30.531221735692128 -27.367287693393305 -27.648433905888425 -27.087880173394627 -27.269766089947176 -28.8286280565596 -27.370143191464585 -27.644663710344837 -26.79283845600761 -27.13988082153639 -28.08526042180924 -26.442076456703205 -27.453362008012547 -27.014225531775633 -25.19524898174168 -25.794812836163246 -24.638872133409105 -27.18934007032166
24.10821643286573 -27.60967431162925 -26.791912306883994 -27.156393907806144 -27.299431241631975 -26.29980353457439 -26.50689579054159 -27.66317113635851 -29.168429411064256 -30.433922400266308 -30.101685474932047 -30.557651630423756 -27.386101648338272 -27.66823643706909 -27.10551168381403 -27.288021131717343 -28.849494828121298 -27.388940233844178 -27.664169762926285 -26.81064172457912 -27.158259519172532 -28.10617949844138 -26.459462254705812 -27.47243706302397 -27.03239758616469 -25.211670554217008 -25.811608230465666 -24.655031853573558 -27.208088265458468
24.168336673346694 -27.62899868369102 -26.80966863562478 -27.17473821338471 -27.31819551727 -26.316995444405933 -26.5243041149472 -27.682939075459966 -29.189497359858496 -30.458813665088055 -30.12571107518136 -30.58395785325969 -27.404873248342565 -27.687986475003278 -27.123112673420124 -27.306239506739225 -28.870297846975472 -27.407695113794524 -27.683626430428756 -26.82841278164929 -27.176600281271686 -28.127034238747513 -26.47681992398997 -27.491467251723645 -27.050533823505667 -25.228073149225608 -25.828381148886308 -24.671175007208564 -27.226795261518273
24.228456913827653 -27.648274732350746 -26.827392495461524 -27.193044181555468 -27.336917503859848 -26.334160408814018 -26.54168338886956 -27.702654013466034 -29.21049850659882 -30.483596474114382 -30.14963929551838 -30.61014051475658 -27.423602142044878 -27.70768372367208 -27.14068273064988 -27.32442083264002 -28.891036885042613 -27.426407478372706 -27.70303339832525 -26.84615122371774 -27.19490273271152 -28.14782441892172 -26.494149042160835 -27.510452232255247 -27.068633856604656 -25.24445630780393 -25.845131145372395 -24.687301127328386 -27.24546068800855
24.288577154308616 -27.667503309735135 -26.84508452560607 -27.211312529685614 -27.3555979663797 -26.351298994632533 -26.559034206584666 -27.722316867771212 -29.231433959945186 -30.508272507470377 -30.173471634975133 -30.636201484258873 -27.442289106363173 -27.72732909708147 -27.158222474364575 -27.34256580913207 -28.911713012107747 -27.445078101535195 -27.72239153764433 -26.86385769193576 -27.21316759066239 -28.168551117314742 -26.511450196878616 -27.52939281277019 -27.08669837350147 -25.260820500985034 -25.861858734933367 -24.703410655160877 -27.26408529771371
24.34869739478958 -27.686685554887145 -26.862745623473394 -27.22954424414784 -27.37423794680062 -26.36841201646483 -26.576357414146052 -27.741928850675556 -29.25230514694782 -30.532843833012574 -30.197209966156073 -30.66214304547007 -27.46093519499735 -27.74692380384485 -27.1757327787686 -27.36067540264668 -28.932327611548036 -27.463708033735866 -27.741702008730584 -26.881533085928755 -27.23139584122645 -28.189215726773966 -26.528724226648634 -27.548290083065847 -27.104728327468646 -25.277166432841543 -25.878564672554667 -24.719504260087316 -27.2826701194999
24.40881763527054 -27.705821652146394 -26.880375839406003 -27.24773942389648 -27.392837571052375 -26.385499480540116 -26.593653034398788 -27.761490189255024 -29.27311242007468 -30.557311181776953 -30.220854885249206 -30.687966049067906 -27.479540544866634 -27.766468068600187 -27.19321368165102 -27.37874970085513 -28.952881010354467 -27.482297409810435 -27.76096500813315 -26.899177457239016 -27.249587583324644 -28.209818580185324 -26.5459711502435 -27.567144198502138 -27.12272379866981 -25.293494053116415 -25.895248933550352 -24.735581874898656 -27.30121527021719
24.468937875751504 -27.72491206318298 -26.897975471603015 -27.265898426818538 -27.411397232132035 -26.402561630265566 -26.61092133146587 -27.78100139615295 -29.293856441576853 -30.581675666183518 -30.244407354856797 -30.713671754474458 -27.498105559815908 -27.785962401240262 -27.210665465727317 -27.396789048010508 -28.973373840353933 -27.500846631223453 -27.780181012201748 -26.916791105543165 -27.26774317473687 -28.230360316210046 -26.56319122675857 -27.585955586331323 -27.140685122321297 -25.309803533693614 -25.911911722449723 -24.75164364955084 -27.31972113281749
24.529058116232463 -27.74395723402259 -26.915544805716287 -27.284021597113686 -27.42991730874447 -26.419598697553273 -26.62816255757683 -27.800462967399888 -29.314537854329092 -30.605938371543363 -30.267868313382476 -30.739261391965233 -27.516630629122602 -27.805407295102626 -27.228088401463275 -27.414793774942556 -28.993806714547976 -27.51935608492143 -27.799350481365277 -26.93437431794214 -27.28586295955605 -28.250841554551727 -26.58038470349302 -27.60472465882705 -27.158612620392155 -25.32609503633944 -25.92855323303592 -24.767689724304184 -27.338188076177214
24.589178356713425 -27.762956531039666 -26.933083163939102 -27.302108271933196 -27.44839714148897 -26.436609992718445 -26.645376027311247 -27.819874286520065 -29.335156092531776 -30.63009889264347 -30.29123727278396 -30.764734597637403 -27.535115103343514 -27.82480213235028 -27.245481807386504 -27.432763214771036 -29.014179056845173 -27.537825120373554 -27.818472786604254 -26.95192641698613 -27.303946275087565 -28.271261721989074 -26.59755089385415 -27.62345077041834 -27.17650562323401 -25.34236785978885 -25.945172768580722 -24.783719395642812 -27.3566154353383
24.649298597194388 -27.781910628622803 -26.95059103626118 -27.32015900886113 -27.466837329306255 -26.453595943251038 -26.662562191844366 -27.83923608453468 -29.355712053620078 -30.654158627711134 -30.314515473327273 -30.79009293784431 -27.553559591620324 -27.844147641078315 -27.262846155904505 -27.450697909808987 -29.03449173079598 -27.556254344164707 -27.83754861871019 -26.969447894340828 -27.32199367874209 -28.291621689511608 -26.614690243306196 -27.642134557390445 -27.19436466306675 -25.35862234896461 -25.961770711883858 -24.7997329828447 -27.37500379872765
24.70941883767535 -27.80082060972287 -26.968069280604965 -27.338174748695838 -27.48523886553519 -26.47055732982798 -26.679721861201262 -27.858549512370036 -29.376207088208552 -30.6781195259679 -30.337704685738274 -30.815338566963252 -27.57196509733162 -27.863444968853614 -27.280182283312133 -27.468598782339424 -29.054746046342068 -27.574644756705574 -27.856579080437598 -26.986939609987992 -27.34000611104369 -28.311922775793388 -26.63180355484375 -27.660777057093053 -27.212190649969212 -25.374859181194736 -25.97834778792956 -24.815731130712045 -27.393354147827083
24.769539078156313 -27.81968698702716 -26.98551824734862 -27.35615590117689 -27.503602195795 -26.487494448139124 -26.69685535177278 -27.87781513290434 -29.396641906822527 -30.701982744049094 -30.360805923382657 -30.840472791007695 -27.590332075684262 -27.8826946759242 -27.297490524572005 -27.486466228633805 -29.074942683929194 -27.592996810913807 -27.87556469898016 -27.004401915776022 -27.357983981595346 -28.332165667928635 -26.64889113985348 -27.679378748425236 -27.229983971303344 -25.391078580326095 -25.994904253447295 -24.83171404090768 -27.41166691875243
24.829659318637272 -27.83851001811989 -27.00293805966048 -27.374102638383047 -27.52192752072471 -26.50440737667525 -26.713962758914782 -27.897033245968938 -29.417016933732576 -30.725749084551776 -30.38381986171661 -30.865496537525686 -27.60866073659913 -27.90189705982446 -27.314770990196717 -27.504300409553768 -29.09508204246671 -27.6113107147294 -27.89450574406727 -27.021834936081692 -27.37592746239791 -28.35235077053669 -26.66595308958753 -27.697939860469383 -27.247744780492198 -25.407280566954245 -26.011440155381518 -24.84768171641029 -27.42994230372755
24.889779559118235 -27.857290095758014 -27.020328962827378 -27.392015259433506 -27.54021517171541 -26.521296311273552 -26.731044297164903 -27.916204290162796 -29.4373327425585 -30.7494195307209 -30.406747350902386 -30.8904109269923 -27.62695142056006 -27.921052556728835 -27.332023911512533 -27.52210161196689 -29.115164668048454 -27.629586806531915 -27.913402621685588 -27.039238917523924 -27.393836852456666 -28.372478635820837 -26.6829896140543 -27.71646075511665 -27.265473356293803 -25.42346527224536 -26.027955654445094 -24.863634268509266 -27.4481806253514
24.949899799599198 -27.876027026880426 -27.037690676980795 -27.409893515527006 -27.55846491603764 -26.53816094448535 -26.74809966938767 -27.935328101120326 -29.457589253806162 -30.772994266027908 -30.42958847474507 -30.915216226374586 -27.64520390359274 -27.94016100054366 -27.349249000708166 -27.539869579697626 -29.135190463860347 -27.6478248608927 -27.932255146891052 -27.056613580995688 -27.4117119029923 -28.392549171076773 -26.700000413552587 -27.734941219825178 -27.28316943760536 -25.43963235468668 -26.044450424309176 -24.879571345880716 -27.466381644338238
25.01002004008016 -27.894721025256874 -27.05502328747178 -27.42773753872484 -27.57667691322437 -26.555001319000162 -26.765128934376055 -27.954404932949945 -29.47778684060271 -30.796474026943756 -30.45234384869877 -30.939913293485905 -27.66341835388315 -27.959222643200018 -27.3664463310523 -27.55760443410682 -29.155159778744856 -27.666025044118477 -27.95106354505803 -27.07395901300181 -27.429552745986427 -28.412562730589617 -26.716985542959364 -27.75338144118285 -27.30083313869537 -25.455781801676803 -26.060924477539906 -24.895492919092273 -27.48454551226377
25.07014028056112 -27.913372808311525 -27.072327333659043 -27.44554793376837 -27.59485180909337 -26.571817913503022 -26.782132593835257 -27.973435557292216 -29.497926434277737 -30.81986022742829 -30.475014740375226 -30.96450370848759 -27.68159542577599 -27.978238253625708 -27.38361642487818 -27.575306765266287 -29.17507351145573 -27.684188008167908 -27.969828549372906 -27.091275754523085 -27.447359985979105 -28.43252022014255 -26.733945498451206 -27.771782100250153 -27.318465039959552 -25.471914011241182 -26.077378249264704 -24.911399360944145 -27.502672865319546
25.130260521042082 -27.931983140660197 -27.08960339967483 -27.46332535110959 -27.612990296029878 -26.588611250501888 -26.79911119366384 -27.992420793561845 -29.51800901566992 -30.843154336087263 -30.49760247199787 -30.988989108697854 -27.69973581995177 -27.9972086485161 -27.400759849039666 -27.592977208777338 -29.194932609896373 -27.702314451324966 -27.98855094039963 -27.108564391337673 -27.465134273209433 -28.452422594716342 -26.750880820315484 -27.790143924910815 -27.33606576720863 -25.488029423791488 -26.093812217690733 -24.927291086116675 -27.520764386273626
25.190380761523045 -27.95055238311397 -27.106851707944788 -27.48107006370171 -27.63109267771803 -26.605381505959258 -26.816064927401584 -28.01136104544983 -29.538035115038106 -30.86635726901305 -30.52010783672717 -31.013370541690136 -27.717839848108945 -28.016134229330202 -27.417876812857724 -27.6106160261297 -29.21473757848298 -27.72040468334564 -28.00723109134582 -27.125825147121407 -27.482875880510704 -28.472270364410726 -26.767791697842398 -27.80846724716122 -27.35363557435244 -25.50412815439136 -26.110226525733733 -24.943168190906736 -27.538820370763304
25.250501002004007 -27.969078701378045 -27.124070501051918 -27.49878028376596 -27.649157138943377 -26.622126953877405 -26.832992056738494 -28.030254461038748 -29.558002830017394 -30.889466992180118 -30.542528791874464 -31.037645913483875 -27.735905702639762 -28.035013144321116 -27.434965567212412 -27.62822143534675 -29.23448652504779 -27.738456896936615 -28.025867162233205 -27.143056263679153 -27.500583020486822 -28.49206163575195 -26.784676395455946 -27.826750244009837 -27.371172683088414 -25.52020852550656 -26.126619472325388 -24.95902901509314 -27.556839003143345
25.31062124248497 -27.98756674175376 -27.141263869314187 -27.516460309142197 -27.66718812174922 -26.638851486819295 -26.849896549892946 -28.049105846600366 -29.577917436178573 -30.91249016964904 -30.564871660589965 -31.061822392683233 -27.753937833657922 -28.05385019293084 -27.452030147766788 -27.645797689351845 -29.254184629513162 -27.75647553593689 -28.044463846785952 -27.160261836516426 -27.518259989864013 -28.511801607814764 -26.801538863567238 -27.844997455363707 -27.388681316966075 -25.536274156069215 -26.14299480425961 -24.97487708856649 -27.574824702928886
25.37074148296593 -28.00601387622672 -27.158429341515067 -27.53410760825698 -27.68518304580276 -26.655552693805245 -26.866775972520802 -28.067912533907677 -29.597776148801866 -30.935423692106138 -30.58713336897899 -31.0858967394959 -27.77193366797044 -28.07264270802213 -27.46906809953127 -27.663342268801074 -29.273829130793924 -27.774458028325682 -28.063018504571335 -27.177439392886757 -27.535904257629955 -28.53148751557276 -26.818376673153583 -27.863206279515005 -27.40615896450974 -25.5523227238962 -26.159350156892156 -24.990710119721125 -27.592774892310263
