web/models/mosfit_kne/mosfit_kn_3.0000/mosfit_kn_0.003466_0.2337_3.0000.dat
# %ECSV 1.0
# ---
# datatype:
# - {name: time, datatype: float64}
# - {name: PS1_g, datatype: float64}
# - {name: PS1_i, datatype: float64}
# - {name: PS1_r, datatype: float64}
# - {name: PS1_w, datatype: float64}
# - {name: PS1_y, datatype: float64}
# - {name: PS1_z, datatype: float64}
# - {name: swift_uvot_B, datatype: float64}
# - {name: swift_uvot_U, datatype: float64}
# - {name: swift_uvot_uvm2, datatype: float64}
# - {name: swift_uvot_uvw1, datatype: float64}
# - {name: swift_uvot_uvw2, datatype: float64}
# - {name: swift_uvot_V, datatype: float64}
# - {name: johnson_B, datatype: float64}
# - {name: johnson_I, datatype: float64}
# - {name: johnson_R, datatype: float64}
# - {name: johnson_U, datatype: float64}
# - {name: johnson_V, datatype: float64}
# - {name: sdss_g, datatype: float64}
# - {name: sdss_i, datatype: float64}
# - {name: sdss_r, datatype: float64}
# - {name: sdss_u, datatype: float64}
# - {name: sdss_z, datatype: float64}
# - {name: ATLAS_c, datatype: float64}
# - {name: ATLAS_o, datatype: float64}
# - {name: ukirt_H, datatype: float64}
# - {name: ukirt_J, datatype: float64}
# - {name: ukirt_K, datatype: float64}
# - {name: Clear, datatype: float64}
# meta: !!omap
# - comment: [kappa = 3.0, type = rprocess, mass = 0.003465724215782086, velocity = 0.2336666666666667, theta_obs = 0.0, tfloor = 1000.0]
# schema: astropy-2.0
time PS1_g PS1_i PS1_r PS1_w PS1_y PS1_z swift_uvot_B swift_uvot_U swift_uvot_uvm2 swift_uvot_uvw1 swift_uvot_uvw2 swift_uvot_V johnson_B johnson_I johnson_R johnson_U johnson_V sdss_g sdss_i sdss_r sdss_u sdss_z ATLAS_c ATLAS_o ukirt_H ukirt_J ukirt_K Clear
[from data line 442]
26.63326653306613 13.607063230436651 4.725234417237374 8.200305195275206 6.232381383771237 1.2020443687121052 2.6197203335592434 17.14696980700114 23.80591390489605 37.69450920892523 19.771496436970608 22.28451294345026 11.566579923307437 15.943032490034948 3.1717211108154233 6.141753877540423 22.774912725644306 10.6115575881387 14.419603331751105 4.80649036935036 8.428793854771648 24.307019435070877 2.0462927215372417 10.179381765017865 5.726969240408071 -3.746943009203373 -1.5974537137137 -5.107231689676562 3.946487340009881
26.693386773547093 13.616308005002775 4.734479191803498 8.209549969841348 6.241626158337361 1.2112891432782291 2.6289651081253673 17.156214581567262 23.815158679462172 37.70375398349135 19.780741211536732 22.293757718016384 11.57582469787356 15.952277264601072 3.1809658853815472 6.150998652106547 22.784157500210434 10.620802362704824 14.42884810631723 4.815735143916484 8.438038629337772 24.316264209636998 2.0555374961033657 10.18862653958399 5.736214014974195 -3.737698234637249 -1.588208939147576 -5.097986915110438 3.955732114576005
26.753507014028056 13.6255378680249 4.743709054825622 8.218779832863472 6.2508560213594855 1.2205190063003535 2.6381949711474917 17.165444444589387 23.8243885424843 37.71298384651348 19.789971074558856 22.302987581038508 11.585054560895685 15.961507127623197 3.1901957484036716 6.160228515128671 22.793387363232554 10.630032225726948 14.438077969339354 4.8249650069386085 8.447268492359896 24.325494072659126 2.06476735912549 10.197856402606114 5.745443877996319 -3.728468371615125 -1.5789790761254339 -5.088757052088313 3.9649619775981293
26.81362725450902 13.634752857672208 4.75292404447293 8.227994822510762 6.260071011006776 1.2297339959476616 2.6474099607948 17.174659434236695 23.833603532131605 37.72219883616078 19.799186064206165 22.31220257068581 11.594269550542993 15.970722117270505 3.1994107380509798 6.169443504775962 22.802602352879855 10.639247215374239 14.447292958986644 4.834179996585917 8.456483482007204 24.33470906230643 2.073982348772798 10.207071392253404 5.754658867643627 -3.7192533819678344 -1.5697640864781435 -5.079542062441005 3.9741769672454375
26.873747494989978 13.643953009515588 4.762124196316311 8.237194974354143 6.269271162850156 1.238934147791042 2.6566101126381803 17.183859586080075 23.842803683974985 37.73139898800416 19.808386216049545 22.321402722529196 11.603469702386374 15.979922269113885 3.20861088989436 6.17864365661936 22.811802504723236 10.648447367217619 14.456493110830024 4.843380148429297 8.465683633850585 24.34390921414981 2.0831825006161786 10.216271544096784 5.763859019487008 -3.710053230124454 -1.560563934634763 -5.070341910597625 3.983377119088818
26.93386773547094 13.653138356465924 4.771309543266646 8.246380321304478 6.27845650980051 1.2481194947413776 2.665795459588516 17.19304493303041 23.851989030925324 37.7405843349545 19.81757156299988 22.330588069479532 11.61265504933671 15.98910761606422 3.2177962368446957 6.1878290035696955 22.82098785167357 10.657632714167955 14.46567845778036 4.852565495379633 8.47486898080092 24.35309456110015 2.092367847566514 10.22545689104712 5.773044366437343 -3.7008678831741184 -1.5513785876844275 -5.061156563647289 3.9925624660391534
26.993987975951903 13.662308936101653 4.780480122902375 8.255550900940207 6.287627089436221 1.2572900743771065 2.6749660392242447 17.20221551266614 23.861159610561053 37.74975491459022 19.8267421426356 22.33975864911525 11.621825628972438 15.998278195699932 3.2269668164804246 6.196999583205407 22.8301584313093 10.666803293803683 14.474849037416089 4.8617360750153615 8.48403956043665 24.36226514073588 2.101538427202243 10.234627470682849 5.782214946073072 -3.6916973035383895 -1.5422080080486986 -5.05198598401156 4.001733045674882
27.054108216432866 13.671464781314917 4.78963596811564 8.26470674615349 6.296782934649503 1.2664459195903888 2.684121884437509 17.211371357879404 23.870315455774325 37.7589107598035 19.835897987848885 22.348914494328536 11.63098147418572 16.007434040913214 3.236122661693689 6.206155428418689 22.839314276522572 10.675959139016966 14.484004882629371 4.870891920228626 8.493195405649914 24.37142098594915 2.1106942724155076 10.243783315896131 5.791370791286337 -3.6825414583251073 -1.5330521628354163 -5.042830138798296 4.010888890888165
27.11422845691383 13.680605929466232 4.798777116266955 8.273847894304804 6.305924082800818 1.2755870677417036 2.693263032588824 17.22051250603072 23.87945660392564 37.76805190795481 19.8450391360002 22.35805564247985 11.640122622337035 16.01657518906453 3.245263809845004 6.215296576570004 22.848455424673887 10.68510028716828 14.493146030780686 4.880033068379959 8.502336553801229 24.380562134100465 2.11983542056684 10.252924464047446 5.800511939437651 -3.6734003101737924 -1.5239110146841015 -5.033688990646963 4.020030039039479
27.174348697394787 13.68973241477585 4.807903601576573 8.282974379614405 6.315050568110436 1.2847135530513043 2.7023895178984425 17.229638991340337 23.888583089235247 37.77717839326443 19.854165621309807 22.36718212778946 11.649249107646636 16.025701674374147 3.2543902951546224 6.224423061879622 22.85758190998351 10.694226772477881 14.502272516090304 4.889159553689559 8.511463039110847 24.389688619410073 2.128961905876441 10.262050949357064 5.80963842474727 -3.6642738248641917 -1.5147845293745008 -5.024562505337363 4.02915652434908
27.23446893787575 13.698844270320745 4.817015457121467 8.292086235159317 6.324162423655331 1.2938254085961987 2.711501373443337 17.23875084688523 23.897694944780152 37.78629024880932 19.8632774768547 22.376293983334353 11.65836096319153 16.03481352991904 3.2635021506995168 6.2335349174245165 22.866693765528403 10.703338628022793 14.511384371635199 4.898271409234454 8.520574894655741 24.398800474954978 2.138073761421335 10.271162804901959 5.818750280292164 -3.6551619693192796 -1.5056726738295887 -5.015450649792468 4.0382683798939745
27.294589178356713 13.707941530769432 4.826112717570155 8.301183495607987 6.333259684104018 1.3029226690448859 2.720598633892024 17.24784810733392 23.906792205228832 37.79538750925801 19.87237473730339 22.38539124378304 11.667458223640217 16.04391079036773 3.272599411148204 6.242632177873204 22.875791025977087 10.71243588847148 14.520481632083886 4.907368669683141 8.529672155104429 24.407897735403658 2.1471710218700224 10.280260065350646 5.827847540740851 -3.64606470887061 -1.4965754133809193 -5.006353389343781 4.047365640342662
27.354709418837675 13.717024232400572 4.835195419201295 8.310266197239145 6.342342385735158 1.312005370676026 2.729681335523164 17.25693080896506 23.91587490685997 37.80447021088915 19.88145743893453 22.39447394541418 11.676540925271357 16.05299349199887 3.281682112779344 6.251714879504344 22.88487372760823 10.72151859010262 14.529564333715026 4.916451371314281 8.538754856735569 24.416980437034795 2.1562537235011625 10.289342766981786 5.8369302423719915 -3.6369820072394523 -1.4874927117497792 -4.997270687712641 4.056448341973802
27.414829659318634 13.72609241093457 4.844263597735292 8.319334375773124 6.351410564269138 1.3210735492100234 2.7387495140571616 17.265998987499056 23.92494308539397 37.81353838942314 19.890525617468526 22.403542123948178 11.685609103805355 16.062061670532866 3.2907502913133415 6.260783058038341 22.893941906142217 10.7305867686366 14.538632512249006 4.9255195498482784 8.547823035269566 24.426048615568796 2.16532190203516 10.298410945515766 5.845998420905989 -3.6279138287054726 -1.4784245332157817 -4.9882025091786435 4.065516520507799
27.474949899799597 13.735146099114015 4.853317285914738 8.32838806395257 6.360464252448601 1.330127237389469 2.7478032022366072 17.275052675678502 23.933996773573412 37.822592077602586 19.899579305647972 22.412595812127623 11.6946627919848 16.071115358712312 3.299803979492787 6.269836746217787 22.902995594321673 10.739640456816046 14.547686200428451 4.934573238027724 8.556876723449012 24.435102303748238 2.1743755902146056 10.30746463369523 5.855052109085435 -3.618860140526027 -1.469370845036336 -4.979148820999198 4.074570208687245
27.53507014028056 13.74418533056474 4.862356517365463 8.337427295403295 6.369503483899308 1.3391664688401939 2.756842433687332 17.284091907129227 23.94303600502414 37.831631309053314 19.908618537098697 22.421635043578338 11.703702023435525 16.080154590163037 3.308843210943512 6.278875977668494 22.912034825772388 10.74867968826677 14.556725431879176 4.943612469478449 8.565915954899737 24.444141535198966 2.1834148216653304 10.316503865145936 5.864091340536159 -3.609820909075302 -1.4603316135856113 -4.970109589548473 4.08360944013797
27.595190380761522 13.753210146676231 4.871381333476954 8.346452111514786 6.378528300010817 1.3481912849516853 2.7658672497988235 17.29311672324072 23.952060821135632 37.84065612516481 19.917643353210188 22.43065985968984 11.712726839547017 16.08917940627453 3.3178680270550034 6.287900793780003 22.921059641883886 10.75770450437828 14.565750247990685 4.95263728558994 8.574940771011228 24.453166351310458 2.192439637776822 10.325528681257445 5.873116156647651 -3.6007960929638108 -1.4513067974741198 -4.961084773436982 4.092634256249461
27.655310621242485 13.762220580280538 4.88039176708126 8.355462545119092 6.387538733615106 1.3572017185559915 2.7748776834031297 17.302127156845025 23.961071254739934 37.84966655876911 19.926653786814494 22.43967029329414 11.721737273151323 16.098189839878835 3.3268784606593096 6.296911227384309 22.930070075488185 10.766714937982568 14.574760681594974 4.9616477191942465 8.583951204615534 24.46217678491476 2.201450071381128 10.334539114861734 5.882126590251957 -3.5917856593595046 -1.4422963638698136 -4.952074339832675 4.101644689853767
27.715430861723444 13.771216660764765 4.8893878475654695 8.36445862560332 6.396534814099333 1.3661977990402185 2.783873763887339 17.311123237329234 23.970067335224154 37.85866263925333 19.93564986729871 22.448666373778362 11.73073335363555 16.107185920363044 3.335874541143519 6.305907307868519 22.939066155972412 10.775711018466795 14.5837567620792 4.970643799678474 8.592947285099743 24.47117286539898 2.210446151865355 10.34353519534596 5.891122670736184 -3.5827895788752775 -1.4333002833855866 -4.943078259348448 4.110640770337994
27.775551102204407 13.780198423198353 4.898369609999076 8.373440388036908 6.405516576532939 1.3751795614738072 2.7928555263209454 17.32010499976284 23.97904909765775 37.867644401686924 19.94463162973231 22.45764813621196 11.739715116069139 16.11616768279665 3.3448563035771253 6.314889070302125 22.94804791840601 10.784692780900384 14.592738524512807 4.979625562112062 8.60192904753335 24.480154627832576 2.2194279142989437 10.352516957779567 5.900104433169773 -3.573807816441689 -1.424318520951998 -4.93409649691486 4.119622532771583
27.83567134268537 13.78916590640582 4.907337093206543 8.382407871244375 6.414484059740406 1.3841470446812743 2.8018230095284125 17.329072482970307 23.98801658086522 37.876611884894395 19.953599112939777 22.46661561941943 11.748682599276606 16.125135166004117 3.3538237867845924 6.323856553509592 22.957015401613468 10.793660264107851 14.601706007720257 4.988593045319529 8.610896530740817 24.489122111040047 2.228395397506411 10.361484440987017 5.90907191637724 -3.564840333234222 -1.4153510377445309 -4.925129013707393 4.12859001597905
27.895791583166332 13.798119144618575 4.916290331419297 8.39136110945713 6.423437297953161 1.3931002828940287 2.810776247741167 17.33802572118306 23.996969819077975 37.88556512310715 19.96255235115253 22.475568857632183 11.75763583748936 16.13408840421687 3.3627770249973468 6.3328097917223465 22.965968639826222 10.802613502320606 14.610659245933011 4.997546283532284 8.619849768953571 24.4980753492528 2.237348635719165 10.370437679199771 5.918025154589994 -3.5558870950214674 -1.4063977995317765 -4.916175775494638 4.1375432541918045
27.955911823647295 13.807058171044844 4.925229357845566 8.400300135883416 6.43237632437943 1.4020393093202976 2.819715274167436 17.34696474760933 24.00590884550425 37.894504149533425 19.9714913775788 22.484507884058452 11.76657486391563 16.14302743064314 3.3717160514236157 6.3417488181486155 22.9749076662525 10.811552528746892 14.619598272359298 5.006485309958553 8.62878879537984 24.507014375679077 2.246287662145434 10.379376705626058 5.926964181016263 -3.5469480685951806 -1.3974587731054897 -4.907236749068369 4.1464822806180734
28.016032064128254 13.815983015753641 4.934154202554364 8.409224980592196 6.441301169088209 1.4109641540290951 2.8286401188762333 17.355889592318128 24.014833690213038 37.90342899424221 19.980416222287598 22.49343272876725 11.775499708624427 16.15195227535194 3.3806408961324133 6.350673662857413 22.98383251096129 10.820477373455672 14.628523117068077 5.01541015466735 8.637713640088638 24.515939220387864 2.2552125068542317 10.388301550334837 5.935889025725061 -3.538023223886401 -1.38853392839671 -4.898311904359572 4.155407125326871
28.076152304609217 13.82489371984354 4.943064906644263 8.418135684682113 6.450211873178127 1.4198748581189946 2.837550822966133 17.364800296408028 24.02374439430295 37.91233969833212 19.989326926377498 22.50234343285715 11.784410412714326 16.160862979441838 3.3895516002223127 6.359584366947312 22.9927432150512 10.82938807754559 14.637433821157995 5.02432085875725 8.646624344178537 24.524849924477774 2.264123210944131 10.397212254424755 5.94479972981496 -3.5291125197964837 -1.3796232243067927 -4.889401200269672 4.16431782941677
28.13627254509018 13.833790314747798 4.951961501548521 8.42703227958637 6.459108468082384 1.4287714530232698 2.8464474178703902 17.373696891312285 24.032640989207206 37.921236293236376 19.998223521281762 22.511240027761414 11.793307007618601 16.169759574346095 3.39844819512657 6.36848096185157 23.001639809955456 10.838284672449847 14.646330416062252 5.033217453661525 8.655520939082795 24.53374651938203 2.2730198058484063 10.406108849329012 5.953696324719218 -3.5202159248922262 -1.3707266294025353 -4.880504605365397 4.173214424321046
28.196392785571142 13.842672836669134 4.960844023469857 8.435914801507707 6.46799099000372 1.4376539749445882 2.8553299397917264 17.38257941323362 24.04152351112853 37.93011881515771 20.00710604320309 22.520122549682743 11.80218952953992 16.17864209626743 3.4073307170479064 6.377363483772906 23.010522331876793 10.847167194371183 14.655212937983588 5.042099975582843 8.664403461004131 24.542629041303357 2.281902327769725 10.414991371250348 5.962578846640554 -3.51133340297089 -1.361844107481199 -4.871622083444079 4.182096946242364
28.256513026052104 13.851541318562823 4.969712505363546 8.444783283401396 6.476859471897409 1.446522456838295 2.8641984216854155 17.39144789512731 24.05039199302223 37.938987297051405 20.01597452509679 22.528991031576442 11.811058011433627 16.18751057816112 3.4161991989415954 6.386231965666595 23.019390813770478 10.856035676264872 14.664081419877277 5.05096845747655 8.67327194289782 24.551497523197057 2.2907708096634316 10.423859853144037 5.971447328534243 -3.502464921077201 -1.35297562558751 -4.862753601550372 4.190965428136071
28.316633266533064 13.86039579370923 4.978566980509935 8.453637758547785 6.4857139470437986 1.4553769319846843 2.8730528968318048 17.4003023702737 24.05924646816862 37.9478417721978 20.024829000243177 22.537845506722828 11.819912486580016 16.19636505330751 3.4250536740879847 6.395086440812984 23.028245288916878 10.864890151411261 14.672935895023667 5.059822932622939 8.682126418044227 24.560351998343446 2.299625284809821 10.432714328290427 5.98030180368065 -3.4936104459308117 -1.3441211504411208 -4.853899126403983 4.19981990328246
