web/models/mosfit_kne/mosfit_kn_3.0000/mosfit_kn_0.007937_0.1867_3.0000.dat
# %ECSV 1.0
# ---
# datatype:
# - {name: time, datatype: float64}
# - {name: PS1_g, datatype: float64}
# - {name: PS1_i, datatype: float64}
# - {name: PS1_r, datatype: float64}
# - {name: PS1_w, datatype: float64}
# - {name: PS1_y, datatype: float64}
# - {name: PS1_z, datatype: float64}
# - {name: swift_uvot_B, datatype: float64}
# - {name: swift_uvot_U, datatype: float64}
# - {name: swift_uvot_uvm2, datatype: float64}
# - {name: swift_uvot_uvw1, datatype: float64}
# - {name: swift_uvot_uvw2, datatype: float64}
# - {name: swift_uvot_V, datatype: float64}
# - {name: johnson_B, datatype: float64}
# - {name: johnson_I, datatype: float64}
# - {name: johnson_R, datatype: float64}
# - {name: johnson_U, datatype: float64}
# - {name: johnson_V, datatype: float64}
# - {name: sdss_g, datatype: float64}
# - {name: sdss_i, datatype: float64}
# - {name: sdss_r, datatype: float64}
# - {name: sdss_u, datatype: float64}
# - {name: sdss_z, datatype: float64}
# - {name: ATLAS_c, datatype: float64}
# - {name: ATLAS_o, datatype: float64}
# - {name: ukirt_H, datatype: float64}
# - {name: ukirt_J, datatype: float64}
# - {name: ukirt_K, datatype: float64}
# - {name: Clear, datatype: float64}
# meta: !!omap
# - comment: [kappa = 3.0, type = rprocess, mass = 0.00793700525986525, velocity = 0.1866666666666667, theta_obs = 0.0, tfloor = 1000.0]
# schema: astropy-2.0
time PS1_g PS1_i PS1_r PS1_w PS1_y PS1_z swift_uvot_B swift_uvot_U swift_uvot_uvm2 swift_uvot_uvw1 swift_uvot_uvw2 swift_uvot_V johnson_B johnson_I johnson_R johnson_U johnson_V sdss_g sdss_i sdss_r sdss_u sdss_z ATLAS_c ATLAS_o ukirt_H ukirt_J ukirt_K Clear
[from data line 144]
8.71743486973948 8.180879176622557 -0.7009496365767376 2.774121141461112 0.8061973299571257 -4.224139685101989 -2.806463720254868 11.720785753187027 18.379729851081947 32.26832515511113 14.345312383156514 16.858328889636166 6.140395869493342 10.516848436220837 -2.2544629429986704 0.7155698237263117 17.348728671830205 5.185373534324589 8.993419277936994 -0.6196936844637335 3.002609800957554 18.880835381256773 -3.379891332276852 4.753197711203754 0.300785186593977 -9.173127063017484 -7.023637767527793 -10.533415743490655 -1.4796967138042127
8.77755511022044 8.196362399104693 -0.6854664140945843 2.7896043639432477 0.8216805524392612 -4.208656462619853 -2.790980497772715 11.73626897566918 18.395213073564083 32.28380837759327 14.36079560563865 16.8738121121183 6.155879091975478 10.53233165870299 -2.238979720516535 0.731053046208465 17.36421189431234 5.200856756806725 9.00890250041913 -0.604210461981598 3.0180930234396897 18.89631860373891 -3.3644081097947165 4.768680933685889 0.31626840907611253 -9.157643840535348 -7.008154545045658 -10.51793252100852 -1.4642134913220772
8.837675350701403 8.211723979662366 -0.6701048335369109 2.804965944500939 0.8370421329969524 -4.193294882062162 -2.7756189172150414 11.751630556226853 18.410574654121774 32.29916995815095 14.376157186196323 16.889173692675975 6.171240672533151 10.547693239260663 -2.2236181399588615 0.7464146267661385 17.379573474870032 5.216218337364416 9.02426408097682 -0.5888488814239246 3.033454603997363 18.9116801842966 -3.349046529237043 4.7840425142435805 0.331629989633786 -9.142282259977657 -6.9927929644879665 -10.502570940450846 -1.4488519107644038
8.897795591182364 8.226968538430679 -0.6548602747685983 2.8202105032692337 0.8522866917652472 -4.178050323293867 -2.760374358446729 11.766875114995166 18.42581921289007 32.31441451691925 14.391401744964636 16.904418251444287 6.1864852313014635 10.562937798028976 -2.208373581190549 0.7616591855344332 17.394818033638327 5.231462896132711 9.039508639745115 -0.573604322655612 3.0486991627656757 18.926924743064895 -3.3338019704687305 4.799287073011875 0.3468745484020985 -9.127037701209362 -6.977548405719672 -10.487326381682534 -1.4336073519960912
8.957915831663327 8.242093608230245 -0.6397352049690319 2.8353355730688 0.8674117615648136 -4.162925253494301 -2.7452492886471624 11.782000184794732 18.440944282689635 32.329539586718816 14.406526814764202 16.919543321243854 6.20161030110103 10.578062867828525 -2.1932485113909825 0.7767842553339996 17.409943103437893 5.246587965932277 9.054633709544682 -0.5584792528560456 3.063824232565242 18.94204981286446 -3.318676900669164 4.814412142811442 0.36199961820166493 -9.111912631409796 -6.962423335920105 -10.472201311882968 -1.4184822821965248
9.018036072144287 8.257104138337894 -0.6247246748613833 2.8503461031764488 0.88242229167248 -4.147914723386652 -2.730238758539514 11.797010714902381 18.4559548127973 32.34455011682646 14.421537344871851 16.934553851351502 6.216620831208679 10.593073397936191 -2.178237981283334 0.791794785441666 17.42495363354554 5.261598496039926 9.06964423965233 -0.543468722748397 3.0788347626728907 18.957060342972127 -3.3036663705615155 4.829422672919108 0.37701014830931356 -9.096902101302147 -6.947412805812457 -10.457190781775319 -1.4034717520888762
9.07815631262525 8.272002261328453 -0.6098265518708246 2.8652442261670252 0.8973204146630387 -4.1330166003960755 -2.715340635548955 11.81190883789294 18.47085293578786 32.359448239817034 14.43643546786241 16.94945197434206 6.231518954199255 10.60797152092675 -2.163339858292775 0.8066929084322247 17.439851756536118 5.276496619030502 9.084542362642907 -0.5285705997578205 3.0937328856634494 18.971958465962686 -3.288768247570939 4.844320795909667 0.39190827129987227 -9.08200397831157 -6.93251468282188 -10.442292658784742 -1.3885736290982997
9.138276553106213 8.286790190267741 -0.5950386229315363 2.8800321551063135 0.912108343602327 -4.118228671456805 -2.700552706609667 11.826696766832228 18.48564086472715 32.37423616875632 14.451223396801698 16.96423990328135 6.246306883138526 10.622759449866038 -2.148551929353487 0.821480837371513 17.45463968547539 5.2912845479697905 9.099330291582195 -0.51378267081855 3.1085208146027377 18.986746394901974 -3.2739803186316685 4.859108724848955 0.40669620023916053 -9.067216049372282 -6.91772675388261 -10.427504729845472 -1.3737857001590292
9.198396793587174 8.301470028909943 -0.5803587842893343 2.8947119937484977 0.9267881822445112 -4.103548832814603 -2.685872867967465 11.84137660547443 18.500320703369333 32.388916007398514 14.4659032354439 16.97891974192355 6.260986721780728 10.63743928850824 -2.133872090711285 0.836160676013715 17.46931952411759 5.305964386611975 9.11401013022438 -0.499102832176348 3.1232006532449397 19.00142623354416 -3.2593004799894665 4.873788563491139 0.42137603888136255 -9.052536210730098 -6.903046915240408 -10.41282489120327 -1.3591058615168272
9.258517034068136 8.316043429915325 -0.5657853832839521 2.90928539475388 0.9413615832499111 -4.088975431809221 -2.6712994669620826 11.855950006479812 18.514894104374733 32.40348940840391 14.480476636449282 16.993493142928934 6.27556012278611 10.652012689513622 -2.1192986897059027 0.8507340770190972 17.483892925122973 5.320537787617357 9.12858353122978 -0.4845294311709658 3.137774054250322 19.01599963454956 -3.2447270789840843 4.888361964496539 0.4359494398867447 -9.037962809724716 -6.8884735142350255 -10.398251490197888 -1.344532460511445
9.318637274549097 8.330512549229088 -0.5513162639701896 2.9237545140676424 0.9558307025636736 -4.074506312495458 -2.65683034764832 11.870419125793575 18.529363223688495 32.41795852771766 14.494945755763045 17.007962262242696 6.290029242099872 10.666481808827385 -2.1048295703921402 0.8652031963328597 17.498362044436735 5.3350069069311195 9.143052650543524 -0.4700603118572033 3.1522431735640843 19.03046875386332 -3.230257959670322 4.902831083810302 0.4504185592005072 -9.023493690410954 -6.874004394921263 -10.383782370884125 -1.3300633411976825
9.37875751503006 8.344879218402212 -0.5369495947970826 2.938121183240767 0.9701973717367807 -4.060139643322334 -2.642463678475213 11.884785794966682 18.543729892861602 32.43232519689077 14.509312424936152 17.022328931415803 6.304395911272997 10.680848478000492 -2.090462901219033 0.8795698655059667 17.51272871360986 5.349373576104244 9.157419319716649 -0.4556936426840785 3.1666098427371914 19.044835423036428 -3.215891290497197 4.917197752983409 0.46478522837361425 -9.009127021237829 -6.859637725748138 -10.369415701711 -1.3156966720245578
9.438877755511022 8.35914489527461 -0.5226839179246667 2.952386860113183 0.9844630486091965 -4.045873966449918 -2.6281980016027973 11.899051471839098 18.557995569734018 32.44659087376319 14.523578101808567 17.03659460828822 6.318661588145395 10.695114154872908 -2.0761972243466174 0.8938355423783826 17.526994390482276 5.36363925297666 9.171684996589065 -0.4414279658116804 3.1808755196096072 19.059101099908844 -3.201625613624799 4.931463429855825 0.4790509052460301 -8.994861344365413 -6.845372048875722 -10.355150024838602 -1.3014309951521597
9.498997995991983 8.373311557361358 -0.5085172558379192 2.9665535221999306 0.9986297106959441 -4.03170730436317 -2.6140313395160497 11.913218133925845 18.572162231820766 32.460757535849936 14.537744763895315 17.050761270374966 6.3328282502321604 10.709280816959655 -2.06203056225987 0.9080022044651301 17.541161052569024 5.377805915063408 9.185851658675812 -0.4272613037249329 3.195042181696355 19.07326776199559 -3.1874589515380336 4.945630091942572 0.49321756733277766 -8.980694682278665 -6.831205386788975 -10.340983362751837 -1.2872643330653943
9.559118236472946 8.387380815764711 -0.4944479974345839 2.980622780603266 1.0126989690992794 -4.017638045959835 -2.5999620811127144 11.92728739232918 18.5862314902241 32.474826794253275 14.55181402229865 17.0648305287783 6.346897508635496 10.72335007536299 -2.0479613038565345 0.9220714628684654 17.55523031097236 5.391875173466743 9.199920917079147 -0.4131920453215798 3.20911144009969 19.087337020398927 -3.1733896931346983 4.9596993503459075 0.507286825736113 -8.96662542387533 -6.8171361283856395 -10.326914104348502 -1.273195074662059
9.619238476953907 8.401354098756428 -0.48047471444284895 2.994596063595001 1.0266722520910143 -4.0036647629681 -2.5859887981209795 11.941260675320915 18.600204773215836 32.48880007724501 14.565787305290385 17.078803811770037 6.360870791627231 10.737323358354725 -2.0339880208647996 0.9360447458602004 17.569203593964094 5.405848456458478 9.213894200070882 -0.3992187623298449 3.223084723091425 19.10131030339066 -3.1594164101429634 4.973672633337642 0.5212601087278479 -8.952652140883595 -6.803162845393905 -10.312940821356767 -1.259221791670324
9.67935871743487 8.41523311049599 -0.46659570270328743 3.0084750753345446 1.040551263830558 -3.989785751228556 -2.572109786381418 11.955139687060477 18.61408378495538 32.50267908898456 14.579666317029947 17.092682823509598 6.374749803366774 10.751202370094287 -2.020109009125238 0.9499237575997619 17.583082605703638 5.419727468198022 9.227773211810426 -0.3853397505903011 3.2369637348309865 19.115189315130205 -3.1455373984034196 4.987551645077186 0.5351391204674094 -8.938773129144051 -6.789283833654361 -10.299061809617223 -1.2453427799307804
9.739478957915832 8.429019356282303 -0.45280945691697383 3.022261321120876 1.0543375096168894 -3.9759995054422426 -2.5583235405951044 11.96892593284679 18.62787003074171 32.516465334770885 14.59345256281626 17.106469069295912 6.388536049153088 10.7649886158806 -2.0063227633389245 0.9637100033860755 17.59686885148995 5.433513713984353 9.241559457596757 -0.3715535048039875 3.2507499806173 19.128975560916537 -3.131751152617106 5.0013378908635175 0.548925366253723 -8.92498688335772 -6.7754975878680295 -10.28527556383091 -1.2315565341444668
9.799599198396793 8.442714087747536 -0.4391147254517591 3.0359560525860907 1.0680322410821042 -3.96230477397701 -2.5446288091298896 11.982620664312005 18.641564762206926 32.53016006623611 14.607147294281493 17.120163800761144 6.4022307806183205 10.778683347345815 -1.992628031873692 0.9774047348512902 17.610563582955184 5.447208445449568 9.255254189061972 -0.35785877333875504 3.2644447120825326 19.14267029238175 -3.1180564211518735 5.015032622328732 0.5626200977189555 -8.911292151892505 -6.761802856402815 -10.271580832365677 -1.2178618026792343
9.859719438877756 8.456318900218296 -0.42550991298099916 3.0495608650568506 1.081637053552864 -3.94869996150625 -2.5310239966591297 11.996225476782765 18.655169574677686 32.54376487870687 14.620752106752253 17.133768613231904 6.4158355930890805 10.792288159816575 -1.979023219402932 0.9910095473220502 17.624168395425944 5.460813257920328 9.268859001532732 -0.3442539608679951 3.2780495245532926 19.15627510485251 -3.1044516086811136 5.028637434799492 0.5762249101897154 -8.897687339421745 -6.748198043932055 -10.257976019894917 -1.2042569902084743
9.919839679358716 8.469835178108163 -0.41199363509111464 3.0630771429467174 1.0951533314427309 -3.9351836836163834 -2.517507718769245 12.00974175467265 18.668685852567553 32.55728115659674 14.63426838464212 17.14728489112177 6.429351870978947 10.80580443770646 -1.9655069415130653 1.004525825211917 17.63768467331581 5.474329535810194 9.282375279422599 -0.33073768297812833 3.2915658024431593 19.16979138274238 -3.090935330791247 5.042153712689359 0.5897411880795822 -8.884171061531879 -6.734681766042188 -10.24445974200505 -1.1907407123186076
9.97995991983968 8.483264088271483 -0.3985647249277946 3.076506053110055 1.1085822416060687 -3.9217547734530633 -2.504078808605925 12.02317066483597 18.68211476273089 32.570710066760064 14.64769729480544 17.16071380128509 6.442780781142267 10.81923334786978 -1.9520780313497452 1.0179547353752547 17.651113583479148 5.487758445973532 9.295804189585937 -0.3173087728148083 3.3049947126064794 19.183220292905716 -3.077506420627927 5.055582622852697 0.6031700982429022 -8.87074215136854 -6.72125285587885 -10.23103083184173 -1.1773118021552875
10.040080160320642 8.496607051896223 -0.38522176130305397 3.089849016734796 1.1219252052308093 -3.9084118098283227 -2.4907358449811845 12.03651362846071 18.69545772635563 32.5840530303848 14.66104025843018 17.17405676490983 6.456123744767008 10.83257631149452 -1.9387350677250046 1.0312976989999953 17.66445654710387 5.501101409598273 9.309147153210677 -0.30396580919006766 3.31833767623122 19.196563256530457 -3.064163457003186 5.068925586477437 0.6165130618676429 -8.8573991877438 -6.707909892254127 -10.21768786821699 -1.163968838530547
10.100200400801603 8.509865338951652 -0.371963474247643 3.103107303790207 1.1351834922862203 -3.895153522772894 -2.4774775579257735 12.049771915516121 18.708716013411042 32.597311317440216 14.674298545485591 17.187315051965243 6.469382031822437 10.845834598549931 -1.9254767806695936 1.0445559860554063 17.6777148341593 5.514359696653684 9.322405440266088 -0.2907075221346389 3.331595963286631 19.209821543585868 -3.0509051699477574 5.082183873532848 0.6297713489230716 -8.844140900688389 -6.694651605198699 -10.20442958116156 -1.1507105514751181
10.160320641282565 8.523040104701156 -0.35878870849812117 3.116282069539711 1.148358258035742 -3.88197875702339 -2.4643027921762517 12.062946681265643 18.721890779160564 32.610486083189734 14.687473311235113 17.200489817714764 6.482556797571941 10.859009364299453 -1.9123020149200718 1.0577307518049281 17.690889599908804 5.527534462403206 9.33558020601561 -0.27753275638513486 3.344770729036153 19.22299630933539 -3.0377304041982534 5.09535863928237 0.6429461146725757 -8.830966134938885 -6.681476839449195 -10.191254815412057 -1.137535785725614
10.220440881763526 8.536132593070906 -0.34569622012838863 3.129374557909461 1.1614507464054746 -3.8688862686536396 -2.451210303806519 12.076039169635376 18.734983267530296 32.62357857155948 14.700565799604863 17.213582306084497 6.495649285941691 10.872101852669186 -1.8992095265503393 1.0708232401746607 17.703982088278554 5.540626950772938 9.348672694385343 -0.26444026801538456 3.3578632174058853 19.236088797705122 -3.024637915828503 5.108451127652103 0.656038603042326 -8.817873646569135 -6.668384351079444 -10.178162327042307 -1.1244432973558638
10.280561122244489 8.549143996772663 -0.33268481642661385 3.142385961611218 1.1744621501072494 -3.8558748649518826 -2.4381989001047444 12.08905057333715 18.74799467123207 32.63658997526124 14.71357720330662 17.226593709786272 6.508660689643448 10.88511325637096 -1.8861981228485645 1.0838346438764355 17.71699349198031 5.553638354474695 9.3616840980871 -0.25142886431362754 3.37087462110766 19.24910020140688 -3.011626512126746 5.12146253135386 0.669050006744083 -8.804862242867378 -6.655372947377687 -10.16515092334055 -1.1114318936541068
10.34068136272545 8.56207540596909 -0.3197534072302055 3.1553173708076443 1.1873935593036578 -3.8429434557554565 -2.425267490908336 12.101981982533559 18.76092608042848 32.649521384457664 14.726508612503046 17.23952511898268 6.521592098839874 10.898044665567369 -1.8732667136521561 1.0967660530728438 17.729924901176737 5.566569763671121 9.374615507283526 -0.23849745511720144 3.383806030304086 19.262031610603305 -2.99869510293032 5.134393940550286 0.6819814159405091 -8.791930833670952 -6.642441538181261 -10.152219514144123 -1.0985004844576807
10.400801603206412 8.574927913822172 -0.30690089937710496 3.168169878660727 1.2002460671567583 -3.8300909479023737 -2.4124149830552355 12.11483449038666 18.77377858828158 32.662373892310754 14.73936112035613 17.25237762683578 6.534444606692957 10.91089717342047 -1.8604142057990556 1.1096185609259444 17.74277740902982 5.579422271524204 9.387468015136626 -0.22564494726411866 3.396658538157169 19.274884118456406 -2.985842595077237 5.147246448403386 0.6948339237935919 -8.779078325817869 -6.629589030328178 -10.13936700629104 -1.0856479766045979
