web/models/mosfit_kne/mosfit_kn_3.0000/mosfit_kn_0.005245_0.4060_3.0000.dat
# %ECSV 1.0
# ---
# datatype:
# - {name: time, datatype: float64}
# - {name: PS1_g, datatype: float64}
# - {name: PS1_i, datatype: float64}
# - {name: PS1_r, datatype: float64}
# - {name: PS1_w, datatype: float64}
# - {name: PS1_y, datatype: float64}
# - {name: PS1_z, datatype: float64}
# - {name: swift_uvot_B, datatype: float64}
# - {name: swift_uvot_U, datatype: float64}
# - {name: swift_uvot_uvm2, datatype: float64}
# - {name: swift_uvot_uvw1, datatype: float64}
# - {name: swift_uvot_uvw2, datatype: float64}
# - {name: swift_uvot_V, datatype: float64}
# - {name: johnson_B, datatype: float64}
# - {name: johnson_I, datatype: float64}
# - {name: johnson_R, datatype: float64}
# - {name: johnson_U, datatype: float64}
# - {name: johnson_V, datatype: float64}
# - {name: sdss_g, datatype: float64}
# - {name: sdss_i, datatype: float64}
# - {name: sdss_r, datatype: float64}
# - {name: sdss_u, datatype: float64}
# - {name: sdss_z, datatype: float64}
# - {name: ATLAS_c, datatype: float64}
# - {name: ATLAS_o, datatype: float64}
# - {name: ukirt_H, datatype: float64}
# - {name: ukirt_J, datatype: float64}
# - {name: ukirt_K, datatype: float64}
# - {name: Clear, datatype: float64}
# meta: !!omap
# - comment: [kappa = 3.0, type = rprocess, mass = 0.005244756555828381, velocity = 0.406, theta_obs = 0.0, tfloor = 1000.0]
# schema: astropy-2.0
time PS1_g PS1_i PS1_r PS1_w PS1_y PS1_z swift_uvot_B swift_uvot_U swift_uvot_uvm2 swift_uvot_uvw1 swift_uvot_uvw2 swift_uvot_V johnson_B johnson_I johnson_R johnson_U johnson_V sdss_g sdss_i sdss_r sdss_u sdss_z ATLAS_c ATLAS_o ukirt_H ukirt_J ukirt_K Clear
[from data line 58]
3.5470941883767533 7.539750907329399 -1.3420779058698784 2.1329928721679536 0.1650690606639671 -4.865267954395147 -3.447591989548009 11.079657483893886 17.73860158178879 31.62719688581797 13.704184113863356 16.217200620343007 5.4992676002001835 9.875720166927678 -2.895591212291829 0.07444155443315315 16.707600402537047 4.544245265031431 8.352291008643835 -1.260821953756892 2.3614815316643956 18.239707111963614 -4.021019601570011 4.112069441910595 -0.34034308269918156 -9.814255332310642 -7.664766036820952 -11.174544012783814 -2.1208249830973713
3.6072144288577155 7.592854585489732 -1.288974227709545 2.186096550328287 0.2181727388243182 -4.812164276234814 -3.3944883113876756 11.13276116205422 17.79170525994914 31.680300563978296 13.75728779202369 16.27030429850334 5.552371278360517 9.92882384508803 -2.8424875341314957 0.12754523259350425 16.76070408069738 4.597348943191764 8.405394686804186 -1.2077182755965588 2.414585209824729 18.292810790123966 -3.9679159234096772 4.165173120070946 -0.2872394045388482 -9.761151654150309 -7.6116623586606185 -11.12144033462348 -2.067721304937038
3.6673346693386772 7.644264965343179 -1.237563847856098 2.237506930181734 0.26958311867774754 -4.760753896381367 -3.3430779315342285 11.184171541907666 17.84311563980257 31.731710943831747 13.808698171877136 16.321714678356788 5.603781658213964 9.980234224941476 -2.7910771542780486 0.1789556124469336 16.812114460550827 4.648759323045211 8.456805066657616 -1.1563078957431117 2.465995589678176 18.344221169977395 -3.91650554355623 4.216583499924376 -0.23582902468540112 -9.709741274296862 -7.560251978807171 -11.070029954770034 -2.016310925083591
3.727454909819639 7.694105626192176 -1.1877231870071014 2.2873475910307484 0.3194237795267618 -4.71091323553237 -3.293237270685232 11.234012202756663 17.892956300651583 31.781551604680754 13.858538832726133 16.371555339205784 5.65362231906296 10.030074885790473 -2.741236493429052 0.22879627329594787 16.861955121399824 4.698599983894225 8.50664572750663 -1.1064672348941151 2.5158362505271725 18.39406183082641 -3.8666648827072336 4.26642416077339 -0.1859883638364046 -9.659900613447848 -7.510411317958175 -11.020189293921037 -1.9664702642345944
3.787575150300601 7.742471435024427 -1.1393573781748678 2.335713399862982 0.36778958835899545 -4.662547426700119 -3.2448714618529984 11.282378011588897 17.941322109483817 31.829917413512984 13.906904641558366 16.419921148038018 5.701988127895212 10.078440694622707 -2.6928706845968184 0.2771620821281815 16.910320930232075 4.746965792726459 8.555011536338863 -1.0581014260618637 2.564202059359406 18.442427639658643 -3.8182990738749822 4.3147899696056236 -0.13762255500417098 -9.611534804615614 -7.4620455091259235 -10.971823485088786 -1.918104455402343
3.847695390781563 7.789475190382049 -1.0923536228172281 2.382717155220604 0.41479334371661736 -4.615543671342497 -3.1978677064953587 11.329381766946536 17.98832586484144 31.876921168870613 13.953908396916006 16.466924903395658 5.748991883252834 10.125444449980346 -2.6458669292391788 0.3241658374858212 16.957324685589697 4.793969548084081 8.602015291696485 -1.0110976707042418 2.611205814717046 18.489431395016265 -3.7712953185173603 4.3617937249632455 -0.0906187996465313 -9.564531049257992 -7.4150417537683015 -10.924819729731164 -1.871100700044721
3.9078156312625247 7.835216562888672 -1.0466122503106057 2.4284585277272264 0.4605347162232398 -4.569802298835874 -3.152126333988736 11.375123139453159 18.03406723734806 31.92266254137724 13.999649769422629 16.51266627590228 5.794733255759456 10.171185822486951 -2.6001255567325563 0.3699072099924259 17.00306605809632 4.839710920590703 8.647756664203108 -0.9653562981976194 2.6569471872236683 18.535172767522887 -3.725553946010738 4.407535097469868 -0.04487742713990883 -9.51878967675137 -7.369300381261679 -10.879078357224541 -1.8253593275380986
3.967935871743487 7.879784176177829 -1.0020446370214664 2.4730261410163834 0.5051023295123969 -4.525234685546717 -3.107558720699597 11.419690752742298 18.07863485063722 31.9672301546664 14.044217382711786 16.55723388919142 5.839300869048613 10.215753435776108 -2.555557943443417 0.4144748232815829 17.047633671385476 4.88427853387986 8.692324277492265 -0.9207886849084623 2.7015148005128253 18.579740380812044 -3.680986332721581 4.452102710759025 -0.00030981385075179446 -9.474222063462213 -7.324732767972522 -10.834510743935384 -1.7807917142489416
4.028056112224449 7.923262314827362 -0.9585664983719333 2.5165042796659165 0.54858046816193 -4.481756546897184 -3.064080582050064 11.463168891391831 18.12211298928675 32.010708293315936 14.087695521361319 16.600712027840952 5.882779007698146 10.259231574425641 -2.512079804793884 0.457952961931116 17.09111181003501 4.9277566725293935 8.735802416141798 -0.8773105462589292 2.7449929391623584 18.623218519461577 -3.6375081940720477 4.495580849408558 0.0431683247987813 -9.43074392481268 -7.281254629322989 -10.791032605285851 -1.7373135755994085
4.0881763527054105 7.965727494049606 -0.9161013191496714 2.5589694588881606 0.5910456473841741 -4.43929136767494 -3.021615402827802 11.505634070614093 18.164578168508996 32.05317347253818 14.130160700583563 16.643177207063214 5.9252441869203905 10.301696753647885 -2.469614625571622 0.5004181411533601 17.133576989257254 4.970221851751638 8.778267595364042 -0.8348453670366851 2.7874581183846026 18.66568369868382 -3.5950430148498036 4.538046028630802 0.08563350402102543 -9.388278745590435 -7.238789450100745 -10.748567426063607 -1.6948483963771643
4.148296593186372 8.007248228143382 -0.874580585055913 2.600490192981937 0.6325663814779503 -4.397770633581164 -2.9800946687340257 11.54715480470787 18.206098902602772 32.09469420663195 14.171681434677339 16.68469794115699 5.966764921014167 10.343217487741661 -2.428093891477846 0.5419388752471364 17.17509772335103 5.011742585845414 8.819788329457818 -0.7933246329429089 2.8289788524783788 18.707204432777598 -3.5535222807560274 4.579566762724578 0.12715423811480164 -9.346758011496659 -7.197268716006969 -10.70704669196983 -1.6533276622833881
4.208416833667335 8.047886332990704 -0.8339424802085738 2.6411282978292583 0.6732044863252895 -4.3571325287338425 -2.9394565638867043 11.58779290955519 18.24673700745011 32.13533231147928 14.21231953952466 16.725336046004312 6.007403025861488 10.383855592589 -2.3874557866305244 0.5825769800944756 17.21573582819835 5.052380690692735 8.860426434305158 -0.7526865280955874 2.8696169573257 18.747842537624937 -3.512884175908706 4.620204867571918 0.1677923429621231 -9.306119906649338 -7.156630611159647 -10.66640858712251 -1.6126895574360667
4.268537074148297 8.087699744443508 -0.7941290687557867 2.680941709282063 0.7130178977780766 -4.317319117281038 -2.8996431524339172 11.627606321007978 18.2865504189029 32.17514572293207 14.252132950977447 16.7651494574571 6.047216437314293 10.423669004041788 -2.3476423751777373 0.6223903915472626 17.255549239651156 5.09219410214554 8.900239845757945 -0.7128731166427826 2.9094303687784873 18.787655949077724 -3.473070764455901 4.660018279024705 0.2076057544149279 -9.266306495196533 -7.116817199706842 -10.626595175669705 -1.5728761459832619
4.328657314629258 8.126738031170841 -0.7550907820284536 2.719979996009396 0.7520561845054097 -4.278280830553705 -2.860604865706584 11.66664460773531 18.32558870563023 32.21418400965941 14.291171237704798 16.804187744184432 6.086254724041626 10.46270729076912 -2.308604088450404 0.6614286782745957 17.29458752637849 5.131232388872873 8.939278132485278 -0.6738348299154495 2.948468655505838 18.826694235805057 -3.434032477728568 4.699056565752038 0.24664404114226102 -9.2272682084692 -7.077778912979509 -10.587556888942371 -1.5338378592559287
4.38877755511022 8.165047919728341 -0.7167808934709363 2.7582898845668957 0.7903660730629269 -4.239970941996205 -2.822294977149067 11.704954496292828 18.36389859418775 32.25249389821691 14.329481126262298 16.84249763274195 6.1245646125991255 10.501017179326638 -2.270294199892887 0.699738566832113 17.33289741493599 5.169542277430373 8.977588021042777 -0.63552494135795 2.9867785440633376 18.865004124362574 -3.3957225891710685 4.737366454309555 0.2849539296997605 -9.1889583199117 -7.03946902442201 -10.549247000384872 -1.4955279706984292
4.448897795591182 8.202689366735836 -0.6791394464634593 2.7959313315743906 0.828007520070404 -4.20232949498871 -2.78465353014159 11.742595943300305 18.401540041195226 32.29013534522441 14.367122573269793 16.880139079749444 6.16220605960662 10.538658626334115 -2.232652752885392 0.7373800138395901 17.370538861943484 5.207183724437868 9.015229468050272 -0.5978834943504552 3.0244199910708325 18.90264557137005 -3.3580811421635737 4.775007901317032 0.32259537670725535 -9.151316872904205 -7.001827577414515 -10.511605553377377 -1.4578865236909344
4.509018036072144 8.239655512507458 -0.6421733006918373 2.8328974773460125 0.864973665842026 -4.165363349217088 -2.747687384369968 11.779562089071945 18.438506186966848 32.32710149099603 14.404088719041415 16.917105225521066 6.199172205378242 10.575624772105737 -2.19568660711377 0.774346159611212 17.407505007715105 5.2441498702094895 9.052195613821894 -0.5609173485788332 3.0613861368424544 18.939611717141673 -3.3211149963919517 4.811974047088654 0.3595615224788773 -9.114350727132583 -6.964861431642893 -10.474639407605755 -1.4209203779193125
4.569138276553106 8.276005838888008 -0.6058229743112697 2.8692478037265623 0.9013239922225935 -4.1290130228365385 -2.7113370579894003 11.815912415452495 18.474856513347415 32.363451817376585 14.440439045421964 16.953455551901616 6.235522531758792 10.611975098486305 -2.1593362807332204 0.8106964859917796 17.443855334095655 5.280500196590057 9.088545940202462 -0.5245670221982834 3.097736463223004 18.97596204352224 -3.284764670011402 4.848324373469222 0.3959118488594271 -9.078000400752034 -6.928511105262343 -10.438289081225205 -1.3845700515387627
4.629258517034068 8.311769741593924 -0.5700590716053711 2.9050117064324787 0.9370878949284922 -4.093249120130622 -2.6755731552835016 11.851676318158393 18.510620416053314 32.399215720082495 14.47620294812788 16.989219454607532 6.271286434464709 10.647739001192203 -2.1235723780273217 0.8464603886976783 17.47961923680157 5.316264099295956 9.12430984290836 -0.488803119492367 3.1335003659289207 19.01172594622814 -3.2490007673054855 4.88408827617512 0.43167575156534355 -9.042236498046117 -6.892747202556427 -10.402525178519289 -1.3488061488328462
4.68937875751503 8.346974872996782 -0.5348539402024954 2.9402168378353366 0.9722930263313678 -4.058043988727764 -2.640368023880626 11.886881449561269 18.54582554745619 32.43442085148536 14.511408079530739 17.02442458601039 6.306491565867566 10.682944132595079 -2.088367246624446 0.8816655201005539 17.51482436820443 5.351469230698814 9.159514974311236 -0.45359798808950913 3.1687054973317785 19.046931077631015 -3.2137956359026276 4.919293407577996 0.4668808829682014 -9.00703136664326 -6.857542071153569 -10.367320047116431 -1.3136010174299884
4.749498997995992 8.381646030140182 -0.5001827830590955 2.9748879949787543 1.0069641834747678 -4.023372831584364 -2.605696866737226 11.921552606704669 18.58049670459959 32.46909200862876 14.546079236674139 17.05909574315379 6.341162723010966 10.717615289738479 -2.053696089481046 0.9163366772439538 17.549495525347847 5.386140387842231 9.194186131454636 -0.41892683094610916 3.2033766544751785 19.081602234774415 -3.1791244787592277 4.953964564721396 0.5015520401116014 -8.972360209499842 -6.822870914010151 -10.332648889973031 -1.2789298602865884
4.809619238476953 8.415805806599757 -0.4660230065995208 3.0090477714383113 1.0411239599343425 -3.9892130551247895 -2.5715370902776513 11.955712383164244 18.614656481059164 32.50325178508833 14.580239013133713 17.093255519613365 6.375322499470541 10.751775066198054 -2.0195363130214714 0.9504964537035285 17.583655301807404 5.420300164301788 9.228345907914193 -0.3847670544865345 3.237536430934753 19.11576201123399 -3.144964702299653 4.988124341180953 0.5357118165711761 -8.938200433040285 -6.788711137550594 -10.298489113513456 -1.2447700838270137
4.869739478957916 8.449475279329999 -0.43235353386927855 3.0427172441685713 1.0747934326645847 -3.9555435823945295 -2.537867617547409 11.989381855894486 18.648325953789406 32.53692125781858 14.613908485863956 17.126924992343607 6.408991972200801 10.785444538928296 -1.9858668402912292 0.9841659264337708 17.617324774537664 5.453969637032048 9.262015380644453 -0.35109758175629224 3.2712059036649954 19.149431483964232 -3.1112952295694107 5.021793813911213 0.5693812893014183 -8.904530960310025 -6.755041664820334 -10.264819640783214 -1.2111006110967537
4.929859719438878 8.482673490578971 -0.39915532262030595 3.075915455417526 1.1079916439135573 -3.9223453711455747 -2.5046694062984365 12.022580067143458 18.68152416503838 32.57011946906755 14.647106697112928 17.16012320359258 6.442190183449756 10.818642750177268 -1.9526686290422566 1.0173641376827434 17.65052298578662 5.487167848281003 9.295213591893425 -0.31789937050731965 3.304404114913968 19.182629695213205 -3.078097018320438 5.054992025160185 0.6025795005503909 -8.87133274906107 -6.721843453571379 -10.231621429534242 -1.1779023998477989
4.98997995991984 8.515418727129251 -0.3664100860700259 3.108660691967824 1.1407368804638374 -3.8896001345952946 -2.4719241697481564 12.055325303693738 18.71426940158866 32.60286470561783 14.679851933663208 17.19286844014286 6.474935420000036 10.851387986727548 -1.9199233924919765 1.0501093742330234 17.6832682223369 5.519913084831301 9.327958828443705 -0.2851541339570396 3.337149351464248 19.215374931763485 -3.045351781770158 5.0877372617104655 0.6353247371006709 -8.838587512510772 -6.689098217021099 -10.198876192983962 -1.1451571632975188
5.050100200400801 8.547727357765709 -0.3341014554335686 3.140969322604281 1.1730455111002946 -3.8572915039588374 -2.439615539111699 12.087633934330196 18.746578032225116 32.63517333625429 14.712160564299666 17.225177070779317 6.507244050636493 10.883696617364006 -1.8876147618555192 1.0824180048694807 17.715576852973374 5.552221715467758 9.360267459080163 -0.2528455033205823 3.3694579821007054 19.247683562399942 -3.013043151133701 5.120045892346923 0.6676333677371282 -8.806278881874315 -6.656789586384624 -10.166567562347504 -1.1128485326610615
5.110220440881763 8.579614941207776 -0.30221387199151906 3.1728569060463307 1.2049330945423442 -3.82540392051677 -2.4077279556696496 12.119521517772245 18.778465615667166 32.66706091969635 14.744048147741733 17.257064654221384 6.539131634078561 10.915584200806055 -1.8557271784134697 1.1143055883115303 17.747464436415424 5.584109298909808 9.392155042522212 -0.22095791987851499 3.4013455655427727 19.27957114584199 -2.9811555676916335 5.151933475788972 0.6995209511791955 -8.774391298432265 -6.624902002942575 -10.134679978905437 -1.0809609492189942
5.170340681362725 8.611096295598113 -0.27073251760116435 3.2043382604366855 1.236414448932699 -3.793922566126433 -2.376246601279295 12.1510028721626 18.80994697005752 32.69854227408669 14.77552950213207 17.28854600861172 6.5706129884688975 10.94706555519641 -1.824245824023115 1.145786942701885 17.77894579080578 5.6155906533001625 9.423636396912567 -0.18947656548817804 3.4328269199331096 19.311052500232346 -2.9496742133012965 5.183414830179327 0.7310023055695325 -8.74290994404191 -6.59342064855222 -10.1031986245151 -1.0494795948286573
