web/models/mosfit_kne/mosfit_kn_3.0000/mosfit_kn_0.062996_0.1397_3.0000.dat
# %ECSV 1.0
# ---
# datatype:
# - {name: time, datatype: float64}
# - {name: PS1_g, datatype: float64}
# - {name: PS1_i, datatype: float64}
# - {name: PS1_r, datatype: float64}
# - {name: PS1_w, datatype: float64}
# - {name: PS1_y, datatype: float64}
# - {name: PS1_z, datatype: float64}
# - {name: swift_uvot_B, datatype: float64}
# - {name: swift_uvot_U, datatype: float64}
# - {name: swift_uvot_uvm2, datatype: float64}
# - {name: swift_uvot_uvw1, datatype: float64}
# - {name: swift_uvot_uvw2, datatype: float64}
# - {name: swift_uvot_V, datatype: float64}
# - {name: johnson_B, datatype: float64}
# - {name: johnson_I, datatype: float64}
# - {name: johnson_R, datatype: float64}
# - {name: johnson_U, datatype: float64}
# - {name: johnson_V, datatype: float64}
# - {name: sdss_g, datatype: float64}
# - {name: sdss_i, datatype: float64}
# - {name: sdss_r, datatype: float64}
# - {name: sdss_u, datatype: float64}
# - {name: sdss_z, datatype: float64}
# - {name: ATLAS_c, datatype: float64}
# - {name: ATLAS_o, datatype: float64}
# - {name: ukirt_H, datatype: float64}
# - {name: ukirt_J, datatype: float64}
# - {name: ukirt_K, datatype: float64}
# - {name: Clear, datatype: float64}
# meta: !!omap
# - comment: [kappa = 3.0, type = rprocess, mass = 0.06299605249512866, velocity = 0.13966666666666672, theta_obs = 0.0, tfloor = 1000.0]
# schema: astropy-2.0
time PS1_g PS1_i PS1_r PS1_w PS1_y PS1_z swift_uvot_B swift_uvot_U swift_uvot_uvm2 swift_uvot_uvw1 swift_uvot_uvw2 swift_uvot_V johnson_B johnson_I johnson_R johnson_U johnson_V sdss_g sdss_i sdss_r sdss_u sdss_z ATLAS_c ATLAS_o ukirt_H ukirt_J ukirt_K Clear
[from data line 141]
8.537074148296593 -7.194919095374459 -11.481236124902825 -9.84041314523072 -10.293458483065052 -13.004241645690744 -12.420312815204362 -5.486725718237074 -2.8000933053060884 5.643338333458716 -1.8676489331219588 0.032977596209808 -8.377895445841059 -5.81269684091842 -12.384373484211412 -10.645385328149175 -3.1957718299763838 -8.628976749762066 -6.797183432254492 -11.446330391877808 -9.781213965568138 -2.138504863433184 -12.608253517800776 -8.610654360068537 -10.787195589368519 -14.769641195877746 -14.068545800120178 -15.092771536590524 -11.119270020784793
8.597194388777554 -7.115209480220308 -11.432607031777806 -9.779231327127498 -10.240897746627997 -12.96903524001511 -12.379652132906802 -5.394964922773396 -2.6824159429245498 5.8070499021505 -1.7758062921193836 0.12501302087567412 -8.304715954695904 -5.725007885985217 -12.339877925644693 -10.590498960380412 -3.081989727979295 -8.558847780067554 -6.714648536464924 -11.397354979730903 -9.719182551786929 -2.022010725432697 -12.569612798034218 -8.543454107989827 -10.735026883128285 -14.755020530318724 -14.04450659125377 -15.084720773066687 -11.07533561311234
8.657314629258517 -7.034861058029609 -11.38350028598504 -9.717507580296427 -10.18787865905706 -12.933425626317785 -12.33855596989688 -5.302493249599155 -2.5638781142353473 5.971700604484728 -1.6834146927009281 0.21766365899418405 -8.23091540992299 -5.636658216216816 -12.29493082991021 -10.535134602192155 -2.9673694790640437 -8.48813607198341 -6.631459710724936 -11.347900284496859 -9.656599468104048 -1.904655828546673 -12.53055470513658 -8.475704356247924 -10.682388287783553 -14.740125888818284 -14.020134282720738 -15.076440830718168 -11.03100997376977
8.71743486973948 -6.953964283454255 -11.333977154595356 -9.655315018739401 -10.134466227902497 -12.897461424902623 -12.297078060928683 -5.209412486316199 -2.444605755410052 6.137118989082155 -1.5905751913262551 0.31082921546756426 -8.156578071564208 -5.54774615121476 -12.249589617715106 -10.479359892607498 -2.8520334942521264 -8.41692336377882 -6.547710073640403 -11.298027907492418 -9.593538578528431 -1.7865650562186808 -12.491131186935043 -8.407483873334094 -10.629344630902011 -14.7249865662377 -13.995467036564973 -15.067954851047512 -10.9863501534055
8.77755511022044 -6.872467317589734 -11.284003163060952 -9.592612215373748 -10.08062388420175 -12.861115624619615 -12.25518833445868 -5.1156640651361505 -2.3245256082544685 6.303401530059635 -1.4972286324690738 0.40456997932105354 -8.081655665786844 -5.458215796015619 -12.203822165947031 -10.423137406022047 -2.7359108297702694 -8.345163464147783 -6.463346218339652 -11.247703190133649 -9.529957926114214 -1.6676658629642027 -12.451313422515735 -8.338747902581147 -10.575859732726247 -14.709587088962387 -13.970484126219612 -15.059251061049535 -10.941324578663956
8.837675350701403 -6.790375750871398 -11.233582466543641 -9.529403965803294 -10.026356042778026 -12.824391721398474 -12.212890527472826 -5.021254144055326 -2.203644824814095 6.470536544014977 -1.4033805825193997 0.49888135666776323 -8.006153408835807 -5.368073503556591 -12.157632478417472 -10.36647211740463 -2.61900859713051 -8.272861817859043 -6.378373876892898 -11.196930313132896 -9.465862293620546 -1.5479654037046409 -12.411105174808572 -8.269501534209898 -10.521938168779634 -14.69393002459508 -13.945188570330485 -15.050331747599762 -10.895937430349356
8.897795591182364 -6.70773368258617 -11.182745148118318 -9.465726073079832 -9.971694539478282 -12.787313693290479 -12.170211076713393 -4.926232292912839 -2.082024497442454 6.6384401837366775 -1.309079700285149 0.5937154119567336 -7.930112423534681 -5.277367319175749 -12.111048802174082 -10.309397385765823 -2.501386267858685 -8.200058488697282 -6.292838435358981 -11.145739525052 -9.40128782852069 -1.4275243122403403 -12.370532071115932 -8.199783241807292 -10.467611809740323 -14.678030033863717 -13.919599319228746 -15.041208603773766 -10.850216764042688
8.957915831663327 -6.624458280773542 -11.131435813785266 -9.401512127604779 -9.916580751540316 -12.749837974665805 -12.12710157399778 -4.8305050151081295 -1.959547981784233 6.807266656199109 -1.2142325733371169 0.6891669761345267 -7.853455505010001 -5.186007851480422 -12.06401945199999 -10.25185297101282 -2.38293079037301 -8.126679439182068 -6.2066545777085835 -11.094075136895203 -9.336167296574693 -1.3062270241979945 -12.329547641560481 -8.12952141316277 -10.412822503814496 -14.661861838250566 -13.893682755083193 -15.03186221617385 -10.804111833519787
9.018036072144287 -6.540624596744884 -11.079705380625988 -9.33682285206384 -9.861068540320996 -12.71200499595981 -12.083606692800917 -4.734156779330539 -1.8363197395060558 6.9768741396003415 -1.1189225177213475 0.7851532333168767 -7.776252640289639 -5.0940766571106835 -12.016592153233223 -10.193895039106941 -2.2637437366852997 -8.052792561455638 -6.11989956355405 -11.041988343971827 -9.270562053500626 -1.1841771753087649 -12.28819507841619 -8.058781344637183 -10.35762404884716 -14.645449798261488 -13.867470618330858 -15.022311813101224 -10.757669864321517
9.07815631262525 -6.456182116149183 -11.027520191868216 -9.271617847794893 -9.80512231717606 -12.673788352842923 -12.039697046998565 -4.637130521568241 -1.7122683957878946 7.147356081723381 -1.0230924975158646 0.8817324950069119 -7.698456737898678 -5.001519365548898 -11.968735546404059 -10.135487194206487 -2.1437560013993573 -7.978352879002501 -6.032521357567813 -10.98944531266957 -9.204431170687695 -1.0613040786458505 -12.246446241800033 -7.987519455361554 -10.301981208213391 -14.628778764265885 -13.840942638545089 -15.012545860433056 -10.710860187707247
9.138276553106213 -6.371154583441214 -10.974896603725313 -9.20591651700109 -9.748759366380408 -12.635201157648961 -11.995387042802381 -4.539452888521814 -1.5874265853373613 7.318666886695337 -0.9267684601044297 0.9788795808268316 -7.620089956729761 -4.908361986244309 -11.920465035830976 -10.0766477651555 -2.022999439258506 -7.903382168339587 -5.9445443899254435 -10.93646249174176 -9.137794211614452 -0.9376401682502156 -12.204315168747737 -7.9157565355751025 -10.245911380109867 -14.61185692680576 -13.81410928672972 -15.002570982077257 -10.663698161424904
9.198396793587174 -6.285555394108329 -10.921844002943306 -9.139729928062117 -9.691989578993532 -12.596251012577877 -11.950684982791486 -4.4411388677879335 -1.461812464258969 7.490780445701721 -0.8299647435613973 1.0765809397312478 -7.541164816380069 -4.814619316214394 -11.871789506423582 -10.017387437548468 -1.9014918521312052 -7.827892904198348 -5.855982434967029 -10.883049323025809 -9.07066231316822 -0.813203529364408 -12.161810014470174 -7.843504387825959 -10.189424610203837 -14.594689206299323 -13.786976739291353 -14.99239124625772 -10.616192691329083
9.258517034068136 -6.199330120954656 -10.868326051139228 -9.073014508096335 -9.634774612960957 -12.55690937052746 -11.905559113306374 -4.342126989076532 -1.3353491880434907 7.663797163254331 -0.7326203550612926 1.1748989857179706 -7.461630539617475 -4.7202328133044205 -11.822675092017391 -9.95766697672914 -1.779158833216521 -7.751836612265152 -5.7667794330635225 -10.829169278750843 -9.002991326872678 -0.6879180457945289 -12.118900374784936 -7.770716062664462 -10.132482898510258 -14.577259171385942 -13.759523051998633 -14.981994117238882 -10.568310751180157
9.318637274549097 -6.112539969268749 -10.814384350804254 -9.00581983489598 -9.577158341724967 -12.517209289368232 -11.86004594984766 -4.242486147673744 -1.2081219058739376 7.837601752736007 -0.6348028400529944 1.27376649442034 -7.3815442662277 -4.6252689844315 -11.773160794767456 -9.897532254864789 -1.6560832134443015 -7.675268741311496 -5.676998388888883 -10.774864189616267 -8.93483135406008 -0.5618682377411766 -12.075621565656114 -7.697444766223818 -10.075130141412796 -14.55958675236454 -13.731774190618092 -14.97139531917213 -10.52009078502044
9.37875751503006 -6.025148731806311 -10.75999482974666 -8.93811700581404 -9.519115373227791 -12.47713190720587 -11.81412447565867 -4.142175420764299 -1.0800793120455052 8.01226058811611 -0.5364715688249961 1.37322535070474 -7.300872218646746 -4.529689006037113 -11.723224214982697 -9.836957452627264 -1.5322153788417414 -7.598157200280579 -5.586602005588777 -10.72010986048996 -8.866153088892386 -0.4350033159074229 -12.031953522432293 -7.623659327524646 -10.017341235783395 -14.541661219440128 -13.703715735844726 -14.960586738680577 -10.471511027370166
9.438877755511022 -5.937150657580279 -10.705153937425251 -8.869901649591192 -9.460641971512516 -12.436674578227134 -11.767791645756454 -4.041188224214124 -0.951212772156129 8.187783196307482 -0.43761982522896714 1.473283247623908 -7.219609039551618 -4.433487000038475 -11.672862138799982 -9.775939172363792 -1.4075471358070435 -7.520497274580912 -5.495584347390299 -10.664902728195038 -8.796952045498418 -0.30731480500561403 -11.987893483556249 -7.549354956517238 -9.959112648216966 -14.523481409284658 -13.675345877325887 -14.949567694797226 -10.422568542568804
9.498997995991983 -5.848597539130775 -10.649896941019765 -8.801215765562809 -9.401775243368444 -12.395865347493267 -11.721078426913838 -3.939582860441951 -0.8215942947514951 8.364072257452616 -0.3383045080833287 1.5738835264054498 -7.137803123785649 -4.336719252018927 -11.622107637460097 -9.714516301923616 -1.2821485623813023 -7.442335953539698 -5.403998728028352 -10.609278254149892 -8.727270669261618 -0.1788742129998333 -11.943471411417956 -7.474576655386453 -9.900481556721665 -14.505064252682283 -13.646686660949 -14.938351548456692 -10.373295840531362
9.559118236472946 -5.7594060886145115 -10.59416797119379 -8.73199249367591 -9.342456390382488 -12.354660190222493 -11.67393592446075 -3.8372653275532995 -0.6911066142950337 8.541281364981327 -0.2384332516383476 1.675120475110902 -7.055376693801663 -4.2392961259353115 -11.570908587677053 -9.652628455330607 -1.1559060338847549 -7.363598865900795 -5.311759379085483 -10.553180278471057 -8.657041233083529 -0.049565330989302936 -11.898640431621192 -7.399252521790807 -9.841389546030541 -14.486384160264956 -13.617704096918162 -14.92691864204298 -10.323642186838171
9.619238476953907 -5.669654206252872 -10.538019908839207 -8.662294872494751 -9.28274102088304 -12.313101074435355 -11.626410537533385 -3.7343233752874125 -0.559858347066253 8.719264890736667 -0.1380917606797456 1.7769082266416416 -6.972402547136459 -4.141302095928751 -11.519314521965011 -9.59033368363703 -1.0289251608168226 -7.284356460449659 -5.218946496718608 -10.49666197025104 -8.586327480645082 0.08050401742277558 -11.853445350415015 -7.323450128692173 -9.781892243552726 -14.467466253948247 -13.58843104447949 -14.91528867977667 -10.273656128309714
9.67935871743487 -5.5793079104510745 -10.48143013894327 -8.592095771380244 -9.222605329277016 -12.271170262603075 -11.578482505099217 -3.6307186032279324 -0.42780133427621414 8.898084881159956 -0.037242227477029655 1.8792858775515389 -6.8888489628800125 -4.042700797166624 -11.467304400932 -9.527607835035543 -0.9011593954070672 -7.204578673710562 -5.125525081650455 -10.439700601558322 -8.515101894648467 0.2113814980231865 -11.807867325779178 -7.2471402358750225 -9.721966112735547 -14.448300434421471 -13.558853943311904 -14.903454020107139 -10.223317300018309
9.739478957915832 -5.488343316274289 -10.424382842755282 -8.521376189079142 -9.16203269389312 -12.228855383431032 -11.530138014494398 -3.5264239958747643 -0.29490156478329843 9.07778448970484 0.06414185241803638 1.9822811482693372 -6.804693636669026 -3.9434667982380884 -11.41486353930792 -9.464434200413507 -0.7725759252214924 -7.124244523871892 -5.031470532165336 -10.3822802776609 -8.44334518140883 0.3431007474396175 -11.76189324611272 -7.170302351956277 -9.661594769565678 -14.428879765077978 -13.528963404483745 -14.89140947744353 -10.172611590032155
9.799599198396793 -5.396817150216062 -10.3669166257324 -8.450182104758834 -9.10106362725271 -12.186187113044316 -11.481410957061655 -3.421503444984771 -0.1612380258083943 9.258257826196058 0.16599833772403416 2.0858318398504996 -6.719989624490979 -3.843661658810373 -11.362028118078957 -9.400855217049113 -0.6432516045470326 -7.043405435270633 -4.936841244242025 -10.324439816188367 -8.371103830376434 0.47558331192236736 -11.715555872632013 -7.092985681332138 -9.600818811172935 -14.409222673173614 -13.498783490127442 -14.879169530853227 -10.121574396509558
9.859719438877756 -5.304690138506931 -10.309005272911982 -8.378482109002583 -9.03967058255791 -12.143144849830012 -11.432278403217193 -3.315912588645676 -0.02675515344158419 9.439576596107774 0.2683706282343228 2.1899827735252555 -6.63470024226146 -3.7432433402811367 -11.308773732918002 -9.336842876224331 -0.5131327070722701 -6.962026611072269 -4.8415967735049925 -10.266152871698786 -8.298345988847426 0.608884201851545 -11.668833327091637 -7.0151564147815115 -9.539610959283618 -14.38931735515993 -13.468298406905069 -14.86672520893899 -10.070182131503191
9.919839679358716 -5.211977888274539 -10.25065962292274 -8.306289032015215 -8.977864904464319 -12.09973729994628 -11.382749901896538 -3.2096689567505363 0.10852568216694913 9.621711081536507 0.3712417902112368 2.2947175528851784 -6.548840115468917 -3.6422290237316486 -11.255110610065053 -9.27240943102695 -0.38224017221909923 -6.880122548957012 -4.74575318114292 -10.20743034851618 -8.225084591378824 0.7429821102606482 -11.621734961950985 -6.936828188280071 -9.477982724148273 -14.369169272904488 -13.437515134198 -14.854080923734488 -10.018444904255066
9.97995991983968 -5.118708091185482 -10.191898683857765 -8.233625449753372 -8.915666470576618 -12.055979633578993 -11.332842166489705 -3.1028037131063 0.2445661542386015 9.804609462504544 0.47458172839633095 2.4000063369224525 -6.462435187881284 -3.5406489014711657 -11.201056607801629 -9.207575968119663 -0.25061139414702216 -6.797718595255906 -4.649338970200461 -10.148291363299773 -8.151342444998928 0.8778389028564604 -11.574277011244032 -6.858025063386162 -9.415954134964064 -14.3487876850779 -13.406445667609253 -14.841244020081612 -9.966380191757569
10.040080160320642 -5.024801809616708 -10.132669411494017 -8.160427957079843 -8.853019676265816 -12.01183000190845 -11.282508727678913 -2.9952277679420467 0.3814774292978742 9.988416325233068 0.5784769883624468 2.5059379015923757 -6.375411647673766 -3.4384182223841226 -11.146562250462424 -9.142285457104109 -0.11813869845556757 -6.714744365344083 -4.5522728642678345 -10.088682602007868 -8.077055292878619 1.013564752285916 -11.526414986559601 -6.778678975531243 -9.353469904775142 -14.328148260940646 -13.37505770158639 -14.828195815851258 -9.913940153068346
10.100200400801603 -4.930338318295391 -10.073025662347455 -8.086760720287849 -8.789980898903984 -11.967331144782278 -11.231796852482443 -2.887030466681387 0.5191488429417748 10.17298494525615 0.6828410099222109 2.6124249485418862 -6.287843702023779 -3.3356227851367533 -11.091677960379187 -9.076596768084777 0.01507032025943611 -6.631271525536204 -4.454636475324065 -10.028658213389825 -8.002288058334734 1.1500497550712296 -11.478194487191224 -6.6988585419743885 -9.290586481773921 -14.307276483207152 -13.343384643558538 -14.81495621515119 -9.861173843329674
10.160320641282565 -4.835292833272664 -10.012950977934754 -8.012603997515235 -8.726532853317526 -11.922470158027831 -11.180692148775293 -2.778183800172008 0.6576156201090912 10.358360275548591 0.7877010644936182 2.7194959379968933 -6.199708207668604 -3.2322362155189706 -11.03638844948658 -9.010492537007046 0.1490496387094421 -6.547278319078893 -4.356404282442625 -9.968201661932845 -7.927020699951353 1.2873287392786459 -11.429601854201028 -6.618542474754907 -9.227286813563005 -14.286165055357747 -13.311416668171796 -14.801519722954717 -9.808066574246919
