web/models/mosfit_kne/mosfit_kn_3.0000/mosfit_kn_0.007937_0.4843_3.0000.dat
# %ECSV 1.0
# ---
# datatype:
# - {name: time, datatype: float64}
# - {name: PS1_g, datatype: float64}
# - {name: PS1_i, datatype: float64}
# - {name: PS1_r, datatype: float64}
# - {name: PS1_w, datatype: float64}
# - {name: PS1_y, datatype: float64}
# - {name: PS1_z, datatype: float64}
# - {name: swift_uvot_B, datatype: float64}
# - {name: swift_uvot_U, datatype: float64}
# - {name: swift_uvot_uvm2, datatype: float64}
# - {name: swift_uvot_uvw1, datatype: float64}
# - {name: swift_uvot_uvw2, datatype: float64}
# - {name: swift_uvot_V, datatype: float64}
# - {name: johnson_B, datatype: float64}
# - {name: johnson_I, datatype: float64}
# - {name: johnson_R, datatype: float64}
# - {name: johnson_U, datatype: float64}
# - {name: johnson_V, datatype: float64}
# - {name: sdss_g, datatype: float64}
# - {name: sdss_i, datatype: float64}
# - {name: sdss_r, datatype: float64}
# - {name: sdss_u, datatype: float64}
# - {name: sdss_z, datatype: float64}
# - {name: ATLAS_c, datatype: float64}
# - {name: ATLAS_o, datatype: float64}
# - {name: ukirt_H, datatype: float64}
# - {name: ukirt_J, datatype: float64}
# - {name: ukirt_K, datatype: float64}
# - {name: Clear, datatype: float64}
# meta: !!omap
# - comment: [kappa = 3.0, type = rprocess, mass = 0.00793700525986525, velocity = 0.48433333333333334, theta_obs = 0.0, tfloor = 1000.0]
# schema: astropy-2.0
time PS1_g PS1_i PS1_r PS1_w PS1_y PS1_z swift_uvot_B swift_uvot_U swift_uvot_uvm2 swift_uvot_uvw1 swift_uvot_uvw2 swift_uvot_V johnson_B johnson_I johnson_R johnson_U johnson_V sdss_g sdss_i sdss_r sdss_u sdss_z ATLAS_c ATLAS_o ukirt_H ukirt_J ukirt_K Clear
[from data line 353]
21.28256513026052 12.983445433135099 4.101616619935822 7.576687397973654 5.608763586469667 0.578426571410553 1.9961025362576912 16.523352009699586 23.182296107594496 37.07089141162367 19.147878639669056 21.660895146148707 10.942962126005884 15.319414692733396 2.548103313513871 5.518136080238871 22.151294928342747 9.98793979083713 13.795985534449535 4.182872572048808 7.805176057470096 23.68340163776932 1.4226749242356895 9.555763967716295 5.103351443106519 -4.370560806504943 -2.221071511015252 -5.730849486978114 3.322869542708329
21.34268537074148 12.995834257376124 4.114005444176847 7.589076222214679 5.62115241071071 0.5908153956515783 2.0084913604987165 16.53574083394061 23.194684931835525 37.0832802358647 19.16026746391008 21.673283970389733 10.95535095024691 15.331803516974421 2.5604921377548964 5.530524904479896 22.16368375258378 10.000328615078155 13.80837435869056 4.195261396289833 7.817564881711121 23.69579046201035 1.4350637484767148 9.568152791957338 5.115740267347544 -4.358171982263918 -2.208682686774227 -5.718460662737089 3.335258366949354
21.402805611222444 13.008196715710163 4.126367902510886 7.6014386805487355 5.633514869044749 0.6031778539856347 2.020853818832755 16.54810329227465 23.20704739016957 37.095642694198744 19.17262992224412 21.68564642872377 10.967713408580948 15.34416597530846 2.572854596088935 5.542887362813935 22.176046210917818 10.012691073412212 13.820736817024617 4.207623854623872 7.82992734004516 23.708152920344396 1.4474262068107535 9.580515250291377 5.1281027256815825 -4.345809523929861 -2.1963202284401704 -5.70609820440305 3.3476208252833928
21.462925851703407 13.02053259450103 4.138703781301736 7.613774559339586 5.645850747835599 0.6155137327764848 2.0331896976236052 16.5604391710655 23.21938326896042 37.1079785729896 19.18496580103498 21.697982307514632 10.980049287371816 15.35650185409931 2.585190474879803 5.555223241604785 22.18838208970868 10.025026952203062 13.833072695815467 4.21995973341474 7.8422632188360275 23.720488799135246 1.4597620856016214 9.592851129082227 5.14043860447245 -4.333473645139011 -2.1839843496493203 -5.693762325612182 3.3599567040742606
21.52304609218437 13.032841897259111 4.151013084059834 7.626083862097683 5.658160050593697 0.6278230355345826 2.045499000381703 16.572748473823598 23.23169257171852 37.12028787574769 19.19727510379308 21.71029161027273 10.992358590129914 15.368811156857408 2.597499777637883 5.567532544362883 22.200691392466766 10.03733625496116 13.845381998573565 4.232269036172838 7.854572521594108 23.732798101893344 1.4720713883597192 9.605160431840325 5.1527479072305304 -4.321164342380913 -2.1716750468912225 -5.681453022854084 3.3722660068323584
21.58316633266533 13.045124688324314 4.163295875125019 7.638366653162869 5.670442841658883 0.6401058265997683 2.0577817914468888 16.585031264888784 23.243975362783704 37.132570666812875 19.20955789485826 21.722574401337912 11.0046413811951 15.381093947922594 2.6097825687030687 5.579815335428068 22.212974183531962 10.049619046026345 13.85766478963875 4.244551827238023 7.866855312659293 23.74508089295853 1.4843541794249049 9.61744322290551 5.165030698295734 -4.308881551315728 -2.1593922558260368 -5.669170231788899 3.384548797897544
21.64328657314629 13.057381052579995 4.1755522393807 7.65062301741855 5.682699205914563 0.6523621908554489 2.0700381557025693 16.597287629144464 23.256231727039385 37.144827031068566 19.221814259113945 21.734830765593596 11.01689774545078 15.393350312178274 2.6220389329587492 5.592071699683749 22.225230547787643 10.061875410282026 13.869921153894431 4.256808191493704 7.879111676914992 23.75733725721421 1.4966105436805854 9.629699587161191 5.1772870625514145 -4.296625187060047 -2.1471358915703562 -5.656913867533218 3.3968051621532247
21.703406813627254 13.069611080802037 4.187782267602742 7.662853045640592 5.694929234136605 0.6645922190774911 2.0822681839246115 16.609517657366524 23.268461755261427 37.15705705929061 19.234044287335987 21.74706079381564 11.029127773672823 15.405580340400316 2.634268961180809 5.604301727905791 22.237460576009685 10.074105438504068 13.882151182116473 4.269038219715746 7.891341705137034 23.769567285436253 1.5088405719026277 9.641929615383233 5.189517090773457 -4.284395158838005 -2.134905863348314 -5.644683839311176 3.409035190375267
21.763527054108216 13.081814861607928 4.199986048408633 7.6750568264464825 5.707133014942496 0.6767959998833817 2.094471964730502 16.621721438172397 23.280665536067318 37.16926084009649 19.246248068141877 21.75926457462153 11.041331554478713 15.417784121206207 2.646472741986682 5.616505508711682 22.249664356815575 10.086309219309959 13.894354962922364 4.281242000521637 7.903545485942907 23.781771066242143 1.5210443527085182 9.654133396189124 5.201720871579347 -4.272191378032114 -2.1227020825424234 -5.632480058505285 3.4212389711811575
21.82364729458918 13.093992488412205 4.212163675212928 7.68723445325076 5.719310641746791 0.6889736266876589 2.106649591534797 16.633899064976692 23.292843162871606 37.18143846690079 19.258425694946162 21.771442201425813 11.05350918128299 15.429961748010502 2.658650368790977 5.628683135515977 22.26184198361986 10.098486846114236 13.906532589726659 4.293419627325914 7.915723112747202 23.79394869304643 1.5332219795127955 9.666311022993419 5.2138984983836245 -4.260013751227837 -2.110524455738146 -5.620302431701008 3.4334165979854347
21.883767535070138 13.106144058668114 4.224315245468819 7.699386023506669 5.731462212002683 0.7011251969435683 2.118801161790689 16.646050635232584 23.304994733127504 37.19359003715669 19.27057726520206 21.783593771681712 11.0656607515389 15.442113318266394 2.6708019390468687 5.640834705771868 22.273993553875762 10.110638416370145 13.91868415998255 4.305571197581823 7.927874683003111 23.80610026330233 1.545373549768705 9.67846259324931 5.226050068639534 -4.247862180971928 -2.0983728854822368 -5.608150861445099 3.445568168241344
21.9438877755511 13.118269660598312 4.236440847399017 7.7115116254368665 5.74358781393288 0.7132507988737657 2.130926763720886 16.65817623716278 23.3171203350577 37.205715639086876 19.28270286713226 21.795719373611913 11.077786353469097 15.454238920196591 2.682927540977066 5.652960307702066 22.28611915580596 10.122764018300343 13.930809761912748 4.317696799512021 7.940000284933291 23.818225865232527 1.5574991516989023 9.690588195179508 5.238175670569731 -4.23573657904173 -2.0862472835520394 -5.596025259514901 3.4576937701715416
22.004008016032063 13.130369387294518 4.248540574095241 7.723611352133091 5.755687540629104 0.7253505255699721 2.1430264904171104 16.670275963859005 23.329220061753926 37.217815365783096 19.294802593828475 21.807819100308127 11.089886080165304 15.466338646892815 2.6950272676732903 5.66506003439829 22.298218882502177 10.134863744996567 13.942909488608972 4.329796526208227 7.952100011629515 23.83032559192875 1.5695988783951087 9.702687921875732 5.250275397265938 -4.223636852345506 -2.074147556855815 -5.583925532818695 3.469793496867748
22.064128256513026 13.142443335191398 4.260614521992121 7.735685300029971 5.767761488525984 0.73742447346687 2.1551004383139905 16.682349911755885 23.341294009650806 37.229889313679976 19.306876541725355 21.819893048205007 11.101960028062184 15.478412594789695 2.7071012155701704 5.67713398229517 22.310292830399057 10.146937692893447 13.954983436505852 4.341870474105107 7.964173959526395 23.84239953982563 1.5816728262919888 9.714761869772612 5.262349345162818 -4.211562904448626 -2.062073608958935 -5.571851584921815 3.481867444764628
22.12424849699399 13.154491588952357 4.27266277575308 7.747733553790912 5.7798097422869255 0.7494727272278112 2.1671486920749494 16.694398165516844 23.353342263411754 37.24193756744093 19.318924795486307 21.83194130196596 11.114008281823143 15.490460848550637 2.7191494693311293 5.689182236056111 22.322341084160005 10.158985946654388 13.967031690266793 4.353918727866066 7.976222213287354 23.85444779358658 1.5937210800529478 9.726810123533554 5.274397598923777 -4.199514650687685 -2.050025355197994 -5.559803331160856 3.493915698525587
22.184368737474948 13.166514240556939 4.284685427357662 7.759756205395494 5.791832393891525 0.761495378832393 2.1791713436795312 16.706420817121426 23.365364915016336 37.25396021904551 19.330947447090896 21.843963953570547 11.126030933427725 15.502483500155236 2.731172120935711 5.701204887660711 22.334363735764597 10.17100859825897 13.979054341871375 4.365941379470648 7.988244864891936 23.866470445191162 1.6057437316575296 9.738832775138153 5.286420250528359 -4.187491999083103 -2.038002703593412 -5.547780679556274 3.505938350130169
22.24448897795591 13.178511379484128 4.296682566284851 7.771753344322683 5.803829532818714 0.7734925177595819 2.19116848260672 16.718417956048615 23.37736205394353 37.26595735797271 19.342944586018085 21.855961092497736 11.138028072354913 15.514480639082425 2.7431692598629 5.7132020265879 22.346360874691783 10.183005737186177 13.991051480798582 4.377938518397837 8.000242003819125 23.878467584118354 1.6177408705847185 9.750829914065342 5.2984173894555475 -4.175494860155914 -2.026005564666223 -5.535783540629085 3.5179354890573578
22.304609218436873 13.190483097927768 4.30865428472849 7.783725062766322 5.815801251262336 0.7854642362032216 2.20314020105036 16.730389674492255 23.389333772387168 37.277929076416335 19.354916304461725 21.867932810941376 11.149999790798553 15.526452357526065 2.7551409783065397 5.725173745031539 22.358332593135415 10.194977455629799 14.003023199242204 4.389910236841477 8.012213722262764 23.890439302561994 1.6297125890283581 9.762801632508964 5.310389107899187 -4.1635231417122744 -2.0140338462225835 -5.523811822185445 3.5299072075009974
22.364729458917836 13.202429486138634 4.3206006729393565 7.795671450977206 5.82774763947322 0.7974106244140877 2.215086589261226 16.74233606270312 23.40128016059804 37.289875464627215 19.36686269267259 21.879879199152242 11.16194617900942 15.53839874573693 2.767087366517406 5.7371201332424056 22.37027898134629 10.206923843840682 14.014969587453088 4.401856625052343 8.02416011047363 23.902385690772867 1.6416589772392243 9.774748020719848 5.322335496110053 -4.1515767535013905 -2.0020874580116996 -5.511865433974579 3.5418535957118635
22.4248496993988 13.214350634407097 4.33252182120782 7.807592599245652 5.839668787741665 0.8093317726825511 2.2270077375296893 16.754257210971584 23.413201308866498 37.301796612895664 19.378783840941054 21.891800347420695 11.173867327277883 15.550319894005394 2.779008514785869 5.749041281510851 22.382200129614745 10.218844992109128 14.026890735721533 4.413777773320806 8.036081258742094 23.914306839041323 1.6535801255076876 9.786669168988293 5.334256644378517 -4.139655605232945 -1.990166309743254 -5.499944285706116 3.553774743980327
22.484969939879758 13.226246632653549 4.3444178194542715 7.819488597492121 5.851564785988135 0.8212277709290028 2.238903735776141 16.766153209218036 23.425097307112956 37.31369261114213 19.390679839187506 21.903696345667157 11.185763325524334 15.562215892251846 2.790904513032321 5.760937279757321 22.394096127861204 10.230740990355597 14.038786733968003 4.425673771567258 8.047977256988545 23.926202837287782 1.6654761237541393 9.798565167234763 5.346152642624968 -4.1277596069864755 -1.9782703114967846 -5.488048287459664 3.5656707422267786
22.54509018036072 13.238117569639929 4.356288756440652 7.831359534478501 5.863435722974515 0.8330987079154006 2.250774672762521 16.778024146204416 23.436968244099337 37.32556354812851 19.402550776173886 21.915567282653537 11.197634262510732 15.574086829238226 2.802775450018701 5.772808216743701 22.405967064847587 10.242611927341978 14.050657670954383 4.437544708553638 8.059848193974926 23.938073774274162 1.6773470607405194 9.810436104221143 5.3580235796113485 -4.115888670000095 -1.9663993745104045 -5.476177350473284 3.5775416792131587
22.605210420841683 13.249963530267479 4.368134717068202 7.8432054951060515 5.875281683602065 0.8449446685429329 2.262620633390071 16.789870106831966 23.448814204726887 37.33740950875606 19.414396736801436 21.927413243281087 11.209480223138264 15.585932789865776 2.814621410646251 5.784654177371251 22.417813025475134 10.254457887969528 14.062503631581933 4.449390669181188 8.071694154602476 23.949919734901712 1.6891930213680695 9.822282064848693 5.3698695402388985 -4.104042709372545 -1.9545534138828544 -5.464331389845734 3.5893876398407087
22.665330661322646 13.26178460598264 4.379955792783363 7.855026570821213 5.8871027593172265 0.8567657442581122 2.2744417091052327 16.801691182547128 23.460635280442048 37.34923058447122 19.426217812516608 21.93923431899626 11.221301298853444 15.597753865580938 2.8264424863614126 5.796475253086412 22.429634101190295 10.26627896368469 14.074324707297095 4.4612117448963495 8.083515230317637 23.961740810616874 1.7010140970832488 9.834103140563855 5.38169061595406 -4.092221633657384 -1.9427323381676929 -5.452510314130572 3.601208715555888
22.725450901803605 13.273580883981424 4.391752070782147 7.866822848819979 5.898899037315992 0.868562022256878 2.286237987104016 16.81348746054591 23.472431558440825 37.36102686246999 19.43801409051537 21.95103059699502 11.23309757685221 15.609550143579703 2.838238764360196 5.808271531085178 22.44143037918907 10.278075241683455 14.08612098529586 4.473008022895133 8.09531150831642 23.97353708861565 1.7128103750820145 9.84589941856262 5.3934868939528435 -4.080425355658618 -1.9309360601689272 -5.440714036131789 3.6130049935546538
22.785571142284567 13.285352453493715 4.403523640294438 7.87859441833227 5.910670606828301 0.880333591769169 2.2980095566163072 16.825259030058202 23.484203127953116 37.37279843198228 19.449785660027672 21.962802166507323 11.2448691463645 15.621321713092012 2.850010333872487 5.820043100597487 22.453201948701363 10.289846811195746 14.097892554808151 4.484779592407424 8.107083077828712 23.98530865812794 1.7245819445943056 9.857670988074911 5.405258463465135 -4.068653786146327 -1.919164490656636 -5.428942466619498 3.624776563066945
22.84569138276553 13.297099402325063 4.415270589125786 7.890341367163636 5.922417555659649 0.8920805406005172 2.3097565054476554 16.83700597888955 23.49595007678447 37.38454538081364 19.46153260885902 21.97454911533867 11.256616095195849 15.63306866192336 2.8617572827038353 5.831790049428835 22.46494889753272 10.301593760027112 14.109639503639517 4.496526541238772 8.11883002666006 23.997055606959297 1.7363288934256538 9.869417936906277 5.417005412296483 -4.056906837314961 -1.9074175418252701 -5.41719551778815 3.636523511898293
22.905811623246493 13.30882181600444 4.426993002805162 7.902063780842994 5.934139969339025 0.9038029542798931 2.3214789191270313 16.848728392568926 23.50767249046384 37.396267794493006 19.473255022538396 21.986271529018047 11.268338508875225 15.644791075602736 2.873479696383211 5.843512463108211 22.476671311212094 10.31331617370647 14.121361917318875 4.508248954918148 8.130552440339436 24.008778020638665 1.7480513071050297 9.881140350585653 5.428727825975859 -4.045184423635603 -1.895695128145912 -5.405473104108774 3.648245925577669
