web/models/mosfit_kne/mosfit_kn_3.0000/mosfit_kn_0.117276_0.2180_3.0000.dat
# %ECSV 1.0
# ---
# datatype:
# - {name: time, datatype: float64}
# - {name: PS1_g, datatype: float64}
# - {name: PS1_i, datatype: float64}
# - {name: PS1_r, datatype: float64}
# - {name: PS1_w, datatype: float64}
# - {name: PS1_y, datatype: float64}
# - {name: PS1_z, datatype: float64}
# - {name: swift_uvot_B, datatype: float64}
# - {name: swift_uvot_U, datatype: float64}
# - {name: swift_uvot_uvm2, datatype: float64}
# - {name: swift_uvot_uvw1, datatype: float64}
# - {name: swift_uvot_uvw2, datatype: float64}
# - {name: swift_uvot_V, datatype: float64}
# - {name: johnson_B, datatype: float64}
# - {name: johnson_I, datatype: float64}
# - {name: johnson_R, datatype: float64}
# - {name: johnson_U, datatype: float64}
# - {name: johnson_V, datatype: float64}
# - {name: sdss_g, datatype: float64}
# - {name: sdss_i, datatype: float64}
# - {name: sdss_r, datatype: float64}
# - {name: sdss_u, datatype: float64}
# - {name: sdss_z, datatype: float64}
# - {name: ATLAS_c, datatype: float64}
# - {name: ATLAS_o, datatype: float64}
# - {name: ukirt_H, datatype: float64}
# - {name: ukirt_J, datatype: float64}
# - {name: ukirt_K, datatype: float64}
# - {name: Clear, datatype: float64}
# meta: !!omap
# - comment: [kappa = 3.0, type = rprocess, mass = 0.11727632184323686, velocity = 0.21800000000000003, theta_obs = 0.0, tfloor = 1000.0]
# schema: astropy-2.0
time PS1_g PS1_i PS1_r PS1_w PS1_y PS1_z swift_uvot_B swift_uvot_U swift_uvot_uvm2 swift_uvot_uvw1 swift_uvot_uvw2 swift_uvot_V johnson_B johnson_I johnson_R johnson_U johnson_V sdss_g sdss_i sdss_r sdss_u sdss_z ATLAS_c ATLAS_o ukirt_H ukirt_J ukirt_K Clear
[from data line 113]
6.853707414829659 -8.852269075838262 -12.755311220436543 -11.269330846306786 -11.619445698633193 -14.113230481815098 -13.596218190969704 -7.2918493060553855 -4.923569367234215 2.9392455094557386 -3.6883159550838758 -1.7848104539377228 -9.953346250810455 -7.56998460473865 -13.607867486188187 -11.999210145694043 -5.271344305741927 -10.168625572515937 -8.489328698564673 -12.724687005169901 -11.220165124091732 -4.246809322958551 -13.759868473425811 -10.115839294024536 -12.107089376451707 -15.626724487000377 -15.040873193714555 -15.869761104712977 -12.340767323555166
6.913827655310621 -8.785784448020362 -12.71695274581285 -11.219607641339664 -11.577051217940006 -14.08695668614559 -13.565056474711241 -7.214576280885235 -4.823012532014204 3.0832156245459403 -3.6089092477408253 -1.7059400620195428 -9.892961167945497 -7.49607220605807 -13.57319558989402 -11.954838524969055 -5.174296871096217 -10.110754635136361 -8.420293856344454 -12.68601380179648 -11.16973395121958 -4.147405462379314 -13.730450529739908 -10.060383570696256 -12.065230088101746 -15.61880715978576 -15.024559136557281 -15.867660532102883 -12.305918550196058
6.973947895791583 -8.718866147500215 -12.678237355357886 -11.169496633501534 -11.53432634304659 -14.060364059762698 -13.533558837648272 -7.1368308456983796 -4.72190734573104 3.227725819758491 -3.529193912739696 -1.6267118230689301 -9.832144396250293 -7.421720400589983 -13.538180933976822 -11.910118876193067 -5.076711288478439 -10.052476711356169 -8.350817826259451 -12.64698288897046 -11.11890848285734 -4.047449670233849 -13.700707561720566 -10.004546922588737 -12.023026609591199 -15.610642577434707 -15.007964823529692 -15.865338618182816 -12.270779885274408
7.034068136272545 -8.651409002201671 -12.639095366393835 -11.11891384436694 -11.491196317793122 -14.033398134947621 -13.501664641387503 -7.058494221968 -4.620105501112022 3.372977346197012 -3.4490471128787976 -1.5470026733491014 -9.770798406948568 -7.3468149197843715 -13.502758512814587 -11.864974292837502 -4.9784437705478375 -9.99369768782129 -8.280792224424722 -12.607524192819994 -11.067603809644968 -3.9467951298233928 -13.670581207200438 -9.948238146019488 -11.980405029236358 -15.602199432736686 -14.991048369802689 -15.862771412834745 -12.23528618950441
7.0941883767535066 -8.58354866133931 -12.599618685345337 -11.067968898924754 -11.447759163008957 -14.006131965398012 -13.469454556421407 -6.979718889535259 -4.51779560087477 3.5187128641399363 -3.368622512804453 -1.466964804365428 -9.709049381728853 -7.271503171156798 -13.467014504923071 -11.819506275424853 -4.879677551798569 -9.934539994220797 -8.210356675161528 -12.567730114939515 -11.01593064221559 -3.845628720072636 -13.640149471487373 -9.891575679012963 -11.937462777618322 -15.593522124896918 -14.973867300052069 -15.859994237050879 -12.199523748409966
7.154308617234468 -8.515139137828136 -12.559710161303972 -11.016544958833858 -11.403910874379068 -13.978489367568745 -13.43684389532827 -6.9003401037598975 -4.414772277363852 3.6652108153016956 -3.287750999435825 -1.3864289758268842 -9.64676181953725 -7.195626603484623 -13.430858200970725 -11.773607693100036 -4.780213455004969 -9.874872807521731 -8.13936076788293 -12.527502964338257 -10.963770858806683 -3.7437470892941604 -13.609330794888397 -9.8344328160821 -11.894096893959265 -15.58456641822939 -14.956362781230881 -15.856973007293094 -12.163401829231102
7.214428857715431 -8.446305326512658 -12.519454467013169 -10.964742992912804 -11.359741660241056 -13.950537663937457 -13.40390699270488 -6.820498259627597 -4.311209159027776 3.8122345228422967 -3.206573658146467 -1.3055350011314313 -9.584051941587603 -7.11932091350587 -13.39436899934259 -11.727372012949157 -4.680220180438052 -9.81480887952914 -8.06793305481392 -12.486927869572995 -10.911226434479797 -3.641322301777592 -13.578197054225605 -9.776918574599627 -11.850397091494749 -15.575373235690005 -14.938587831373374 -15.853740275232171 -12.126999811826984
7.274549098196393 -8.376928597206952 -12.478772737083634 -10.912468115048881 -11.315167181690029 -13.922215068690758 -13.370575127323718 -6.7400594314722815 -4.206939179566422 3.9600098411153057 -3.1249533190638163 -1.224145324339879 -9.520809606900322 -7.042457338867315 -13.357473296218203 -11.68071238976885 -4.579535725112198 -9.754241980159362 -7.995951304131417 -12.445925527080828 -10.858201418275488 -3.538188924085155 -13.546682108710808 -9.718930094265232 -11.80627987141797 -15.565906862773385 -14.920494827002171 -15.850268622052502 -12.090244239313996
7.3346693386773545 -8.307126732213383 -12.437744861270978 -10.859815569604248 -11.270272442290974 -13.893585110249749 -13.33691844345978 -6.659156031504124 -4.102126086647395 4.108313883568877 -3.0430226230698483 -1.142391512759072 -9.457144465439661 -6.965163815069552 -13.32024600277289 -11.63371695134882 -4.478319199249434 -9.69327845831115 -7.923536745972299 -12.404576256353899 -10.804792013269449 -3.434509252831379 -13.514853775782836 -9.660570137989843 -11.761829819339802 -15.55620589808592 -14.90213379060373 -15.846588731886422 -12.053209866194852
7.394789579158316 -8.236782955559026 -12.396293148154083 -10.806691920911664 -11.224974471002316 -13.864586896532973 -13.30286922201564 -6.577656227333338 -3.996605436418079 4.257368480645558 -2.960647054378746 -1.0601385338833889 -9.392948046101576 -6.887313658388216 -13.282614611092864 -11.586300246777121 -4.376411143042358 -9.631813746708032 -7.850569063543151 -12.362801935883088 -10.750903723937526 -3.3301204349191416 -13.482646893139059 -9.60173748946282 -11.716964754063461 -15.546235131051734 -14.883457781197487 -15.84267357364199 -12.015824475157153
7.454909819639278 -8.165985238153226 -12.354477444172822 -10.753168423656358 -11.179336849581087 -13.835268112333168 -13.2684800636045 -6.4956588690125825 -3.890499320823011 4.407007408019969 -2.8779251525480904 -0.9774840348166012 -9.328302298353368 -6.80900242478581 -13.244635272062013 -11.538528291352403 -4.273930232470288 -9.569927381589041 -7.777138790010643 -12.320662732779404 -10.696608515200534 -3.2251435097846226 -13.450112345398324 -9.542508942224348 -11.671748014430818 -15.536023704343457 -14.864504443879126 -15.838546400380496 -11.978144033309643
7.51503006012024 -8.0946388351604 -12.31223478923571 -10.69916932459904 -11.133292421570058 -13.805579464139495 -13.233696112536535 -6.413056948467367 -3.7836741491158854 4.557410228319758 -2.7947480120477404 -0.894318414246523 -9.263119185974197 -6.730127411360044 -13.206249256830304 -11.490331961049229 -4.170746954873749 -9.507534603655559 -7.703148301662637 -12.278095338939323 -10.64182975287519 -3.1194461749729996 -13.417197389944118 -9.482802468737397 -11.626113082499216 -15.525543261244326 -14.845235862598878 -15.834185533479806 -11.940110201814953
7.575150300601202 -8.022865538543051 -12.269647757010702 -10.644793086553115 -11.08692886252527 -13.775586567437674 -13.198589850478282 -6.329987449190702 -3.676299409950534 4.708347024981003 -2.711252265108168 -0.8107775547466498 -9.197512164699184 -6.6508208314378905 -13.16753396423315 -11.441802210573837 -4.067025994299051 -9.444745352826958 -7.628722962172549 -12.235182772459456 -10.586666917975673 -3.0131964532115596 -13.38397206692365 -9.422724194052119 -11.580147264399141 -15.514833505544306 -14.825703616202064 -15.829622430731456 -11.901799944509808
7.635270541082164 -7.95054458480136 -12.226635840162636 -10.58994298880851 -11.04016043418893 -13.745226244091917 -13.163091046605881 -6.246314052467908 -3.568205124435959 4.860046161165276 -2.6272999180834584 -0.7267226765601218 -9.131368946187816 -6.570951808873215 -13.128414249328674 -11.392850696276426 -3.962602515846545 -9.381451473656275 -7.553738359099338 -12.191844083953498 -10.531022172569049 -2.906225972645924 -13.350368817699003 -9.362169502161422 -11.533765552905244 -15.50385782717791 -14.805858959388674 -15.824828959434408 -11.86313871427835
7.695390781563126 -7.877782410853502 -12.183271283247379 -10.534705134267313 -10.993063750317571 -13.714555938214215 -13.12726313880134 -6.162156463347826 -3.4595393478379677 5.0123069824785 -2.543009994982128 -0.6422721949303987 -9.064788727686139 -6.490635869859357 -13.08895783926329 -11.343556961452627 -3.857620398465784 -9.317749092766368 -7.4783040459278105 -12.14815190629535 -10.474982513242672 -2.798681532575582 -13.316448949118591 -9.301231124367995 -11.487044289383554 -15.49265103162195 -14.785747075980742 -15.81983271384267 -11.824193756013557
7.755511022044088 -7.804459303197948 -12.139474216064716 -10.47898360884755 -10.94555387661405 -13.68351294403098 -13.091036429398759 -6.0773795471885625 -3.350133586410724 5.165355312734918 -2.4582462468617545 -0.5572889105982735 -8.997660139385701 -6.4097433523397775 -13.049090184949101 -11.293833478328647 -3.751916248966538 -9.253531001107847 -7.402296696829929 -12.104025932515103 -10.418450904883052 -2.6903962142482207 -13.282145432321002 -9.239805396853562 -11.439899224343577 -15.481176772031407 -14.765319580130887 -15.814605766716754 -11.784891277935419
7.8156312625250495 -7.730664378623882 -12.095305220042505 -10.42285056733622 -10.897694994690461 -13.652145478237347 -13.054464141352273 -5.992083510218818 -3.240111699411461 5.319023293080353 -2.3731080466574634 -0.4718716546668875 -8.930066270112011 -6.328370988320721 -13.008868096776844 -11.243746951300537 -3.645610459575892 -9.188877747653821 -7.325808032107375 -12.059527069375253 -10.361500248517999 -2.5814928476970778 -13.247509718788137 -9.17796997277069 -11.392394356309499 -15.469464342236773 -14.74461444465719 -15.809171380573266 -11.745287634915513
7.875751503006012 -7.656337593911378 -12.050724514234545 -10.366258095173873 -10.849444793989722 -13.62042247411777 -13.017511646380786 -5.906200468367394 -3.129388749024198 5.47342396803552 -2.2875267641591708 -0.38595088826502844 -8.861951284529177 -6.246453845230974 -12.968254517811399 -11.193253936189357 -3.538620745049166 -9.123735773985205 -7.248776176013507 -12.014615317848403 -10.304082036159325 -2.471887317995609 -13.212508589570096 -9.115673010982857 -11.344487792223248 -15.45749609707483 -14.723607905277978 -15.803516204850235 -11.705346258687293
7.935871743486974 -7.581508783715787 -12.00575277783237 -10.309230618427758 -10.800825094187818 -13.588360613846326 -12.980197232657318 -5.8197638351610435 -3.0180056445985137 5.628501177084872 -2.201534974454073 -0.2995585514954544 -8.79334306600293 -6.164024397610518 -12.927268932953055 -11.14237733281887 -3.430986979194224 -9.058132326736652 -7.171231805688407 -11.9693114667575 -10.246220911527963 -2.3616202470830494 -13.177159821461295 -9.052940675564507 -11.296201415326124 -15.445282626453874 -14.702313361216708 -15.797648891061689 -11.665086518476695
7.995991983967936 -7.506161904219457 -11.960379801000887 -10.251755621616816 -10.751824974841142 -13.555952169043035 -12.942512142728209 -5.732755323702597 -2.9059390784521 5.784285001308455 -2.115113734478786 -0.21267490468505157 -8.724226751240575 -6.081065417781208 -12.885901937080579 -11.091106174160103 -3.322686701493762 -8.992053405830942 -7.093158356982698 -11.923605249214777 -10.187904160995824 -2.250668604651871 -13.141455129681567 -8.989759311905221 -11.247524542305136 -15.432820062900184 -14.68072520083277 -15.79156681331085 -11.624499230247682
8.056112224448897 -7.430284436011281 -11.914597726216147 -10.193823415790284 -10.702436031931004 -13.523191258833691 -12.904449670676428 -5.645160623116744 -2.7931706897040343 5.940798779198688 -2.0282481810095905 -0.12528427363644878 -8.654590749406267 -5.997563513880916 -12.844146323574687 -11.039432098181187 -3.213702254014923 -8.925488181119741 -7.0145428968167245 -11.877488763930977 -10.129121927340332 -2.1390142615192254 -13.105388209171114 -8.926118326893135 -11.198448986135627 -15.420105618677852 -14.658839243885263 -15.785268181231407 -11.583577411275812
8.11623246492986 -7.353907821833321 -11.868428288909865 -10.135459706337251 -10.652681170163056 -13.49009537705749 -12.866029017139269 -5.557014981568812 -2.6797436981692435 6.097983417855716 -1.9409726731331385 -0.03742047383847291 -8.584464455228648 -5.913552895282205 -12.802022555698802 -10.987379146627198 -3.104075754042548 -8.858465341052087 -6.935417761890168 -11.830983862353879 -10.069900154452966 -2.0267001396740802 -13.068977708497727 -8.862045242301306 -11.14899772061655 -15.407150305503055 -14.636669490709158 -15.7787619381925 -11.542341342281599
8.176352705410821 -7.276975946226614 -11.821834240299403 -10.076619679941974 -10.602520919984073 -13.456635399719392 -12.827217727828408 -5.468254956877284 -2.5655787179481138 6.255943824248271 -1.8532237443680617 0.05098105886202875 -8.513795617819426 -5.828972994976066 -12.759495939786955 -10.934906816268441 -2.9937303099562063 -8.79093486824228 -6.855725131068251 -11.784053094553073 -10.010193455664975 -1.9136476093015986 -13.032192524304413 -8.797491660021741 -11.099131631753778 -15.393937569360126 -14.614193659801254 -15.772035561898361 -11.500756989935486
8.236472945891784 -7.19955692089524 -11.77486199925255 -10.017358563757561 -10.55200426105964 -13.422848312238376 -12.788056610744931 -5.3789571450656934 -2.450770360126473 6.4145523078325235 -1.7650767044504074 0.13984525910893852 -8.442647835383418 -5.743897707590072 -12.71661001379827 -10.882066145640572 -2.8827579233322997 -8.722958410212057 -6.775535101472379 -11.736743128648364 -9.950057641565486 -1.799950549636531 -12.995072110823891 -8.732516867822966 -11.048899656862137 -15.380489903917432 -14.591440898449084 -15.765106908931939 -11.458867313861028
8.296593186372744 -7.121552963208941 -11.72744620290306 -9.957597962542923 -10.501062082218944 -13.388682750412446 -12.748488574013681 -5.289011139072396 -2.335180896878626 6.573991414925879 -1.676421900952771 0.2292832765567856 -8.370929962401352 -5.658221423117563 -12.673303795486241 -10.828785956608382 -2.7710250754733434 -8.65444850447531 -6.694746951437054 -11.688988250900856 -9.889413347154772 -1.6854724790347575 -12.957561648582914 -8.667036369151191 -10.998233151156587 -15.366777596309312 -14.568371612590203 -15.75795321212224 -11.416612510956092
8.356713426853707 -7.043080717814618 -11.679665968857922 -9.897432191966207 -10.449777841635015 -13.354201533104746 -12.708583060238698 -5.198548262372774 -2.2189729599136854 6.7340429619032856 -1.5873885908154324 0.31916560082048706 -8.298750896607132 -5.572070519497817 -12.629651388841847 -10.775152987517906 -2.658689791878779 -8.585510415026254 -6.613480753338834 -11.640868003742497 -9.828355935603152 -1.5703747316899452 -12.919728154035237 -8.601151471572326 -10.947215400912391 -15.352838359362583 -14.545035024936384 -15.750604138245484 -11.374065497569354
8.41683366733467 -6.964031689118588 -11.631448673028242 -9.836774205362673 -10.39807482807813 -13.319347535586239 -12.668276601293407 -5.107446035342998 -2.1019938297584417 6.8949091955671955 -1.4978554914470616 0.40961519880816555 -8.226009466141193 -5.485327846036302 -12.585585021832639 -10.721088197827086 -2.545604005803057 -8.516047059416001 -6.53162475845841 -11.592309374645673 -9.766797282387767 -1.4545059540462724 -12.881510678931267 -8.534768413668488 -10.895770174203072 -15.338639060135343 -14.521387051665185 -15.743034254647482 -11.331159888010642
