web/models/mosfit_kne/mosfit_kn_3.0000/mosfit_kn_0.406447_0.4843_3.0000.dat
# %ECSV 1.0
# ---
# datatype:
# - {name: time, datatype: float64}
# - {name: PS1_g, datatype: float64}
# - {name: PS1_i, datatype: float64}
# - {name: PS1_r, datatype: float64}
# - {name: PS1_w, datatype: float64}
# - {name: PS1_y, datatype: float64}
# - {name: PS1_z, datatype: float64}
# - {name: swift_uvot_B, datatype: float64}
# - {name: swift_uvot_U, datatype: float64}
# - {name: swift_uvot_uvm2, datatype: float64}
# - {name: swift_uvot_uvw1, datatype: float64}
# - {name: swift_uvot_uvw2, datatype: float64}
# - {name: swift_uvot_V, datatype: float64}
# - {name: johnson_B, datatype: float64}
# - {name: johnson_I, datatype: float64}
# - {name: johnson_R, datatype: float64}
# - {name: johnson_U, datatype: float64}
# - {name: johnson_V, datatype: float64}
# - {name: sdss_g, datatype: float64}
# - {name: sdss_i, datatype: float64}
# - {name: sdss_r, datatype: float64}
# - {name: sdss_u, datatype: float64}
# - {name: sdss_z, datatype: float64}
# - {name: ATLAS_c, datatype: float64}
# - {name: ATLAS_o, datatype: float64}
# - {name: ukirt_H, datatype: float64}
# - {name: ukirt_J, datatype: float64}
# - {name: ukirt_K, datatype: float64}
# - {name: Clear, datatype: float64}
# meta: !!omap
# - comment: [kappa = 3.0, type = rprocess, mass = 0.4064473885499596, velocity = 0.48433333333333334, theta_obs = 0.0, tfloor = 1000.0]
# schema: astropy-2.0
time PS1_g PS1_i PS1_r PS1_w PS1_y PS1_z swift_uvot_B swift_uvot_U swift_uvot_uvm2 swift_uvot_uvw1 swift_uvot_uvw2 swift_uvot_V johnson_B johnson_I johnson_R johnson_U johnson_V sdss_g sdss_i sdss_r sdss_u sdss_z ATLAS_c ATLAS_o ukirt_H ukirt_J ukirt_K Clear
[from data line 282]
17.014028056112224 -18.421826806258448 -20.363402957119803 -19.667092782833926 -19.629676755118517 -20.89792643533011 -20.7095985235226 -17.584465613555047 -16.812124302973572 -12.257341351422898 -14.847491400285922 -12.8830271320952 -19.054847294282144 -17.68516910510281 -20.970376087178597 -20.082512669174736 -16.911373460424166 -19.135800720824797 -18.23475012860314 -20.354571111819286 -19.65550823189048 -16.031734246691443 -20.766431962593703 -18.98390954420419 -20.01610019796953 -21.20058742205609 -21.166992372252995 -21.06810946873226 -19.88338936899071
17.074148296593187 -18.37920356851324 -20.337875025639125 -19.634740928334402 -19.599340439956627 -20.879337836475482 -20.688280418986356 -17.535838988551433 -16.749777484288373 -12.164003965426001 -14.782202583594426 -12.816386008683804 -19.016723673218358 -17.637630642729082 -20.946875816754364 -20.05243440707873 -16.85127204654447 -19.098524990951 -18.190614579451605 -20.3288573818004 -19.622932215113735 -15.970544192136025 -20.7459203929003 -18.94672964578005 -19.98746564511478 -21.19180991886356 -21.15375973374979 -21.062307259922385 -19.85652680751601
17.13426853707415 -18.33701096295309 -20.312618496270662 -19.602722291496377 -19.56934814241901 -20.86096162330957 -20.66719713499987 -17.487693090431364 -16.68803736132329 -12.071597522072505 -14.71775069240259 -12.750690325506383 -18.978980485457104 -17.590570060919916 -20.923630320723287 -20.022675619832146 -16.79175418462129 -19.061626911698696 -18.146923378502855 -20.303416661556852 -19.590689693803824 -15.90994472890836 -20.725638276021403 -18.909942684626095 -19.959139497791174 -21.18316892553208 -21.140697683062886 -21.056619542638458 -19.82998848572315
17.19438877755511 -18.26568997530492 -20.268117883382892 -19.547509551299278 -19.517404157999856 -20.827368168188904 -20.629310660548743 -17.40693249427543 -16.585744756393108 -11.920813355571806 -14.61157587287131 -12.642735432425706 -18.91468889532619 -17.511543092814378 -20.882319003406923 -19.97105681568356 -16.692976326343107 -18.99868410242252 -18.073228422765997 -20.25862411290504 -19.53511871829617 -15.80944770733879 -20.689024915981484 -18.84720861977005 -19.90979423613279 -21.16502381394374 -21.115536239978425 -21.0431628856905 -19.783539745757786
17.25450901803607 -18.203961291496782 -20.229933068852706 -19.49991779085387 -19.472741776978406 -20.798769355338962 -20.596937237179986 -17.33690546166961 -16.496812090265802 -11.789386084531571 -14.519650724156818 -12.549432943330782 -18.859113959945432 -17.443053009254687 -20.84693846156495 -19.926635333766153 -16.607124570195843 -18.944303765861147 -18.00941501841681 -20.220182781602567 -19.48720876058614 -15.722080429664018 -20.657773490154376 -18.79304445297734 -19.86737330970021 -21.150017665741064 -21.094355787471883 -21.032284102790847 -19.743726812324667
17.314629258517034 -18.15880757361848 -20.202678716805273 -19.465509626863486 -19.44059789951046 -20.77880981538181 -20.574104277881364 -17.285435430990212 -16.430966284682196 -11.69127910887751 -14.451789023421231 -12.480636020215922 -18.818628139366737 -17.392760942707376 -20.821818933731794 -19.89464705709611 -16.54361829784441 -18.904732794904607 -17.962675897222926 -20.192733260233453 -19.45255635400338 -15.657417982286859 -20.635796297049005 -18.753658304100185 -19.836908900454837 -21.140411661615484 -21.080046320071588 -21.02582324160426 -19.715285611720326
17.374749498997996 -18.113810544462385 -20.17551453929805 -19.431216425305387 -19.408592311981003 -20.758919293514566 -20.551347818580705 -17.234139180177152 -16.365345323077953 -11.593555996991917 -14.384381637674384 -12.412390053688952 -18.778272655731538 -17.342646457728325 -20.796784091439637 -19.862773076950077 -16.48032584761439 -18.865294489620666 -17.9160989406442 -20.16537451087821 -19.41801781463271 -15.592970225550431 -20.61389479571508 -18.714421633680605 -19.80655561134954 -21.130852979498403 -21.065793604326704 -21.01940426490097 -19.686982476740198
17.43486973947896 -18.06320489384408 -20.14463194113059 -19.39244710419775 -19.372389740505938 -20.736088178473118 -20.52534330198892 -17.17655921831633 -16.291919477179597 -11.484670781913259 -14.309237291511554 -12.336423340133468 -18.732790103659564 -17.286383060912772 -20.7682593562524 -19.82668910957604 -16.409472652203327 -18.820833009983616 -17.863745413291294 -20.134276570628256 -19.378974822562007 -15.52083528219569 -20.58883861602272 -18.670203404493968 -19.77215637503786 -21.119468240802096 -21.049207970018777 -21.01149927821728 -19.654890442481836
17.494989979959918 -17.977777916856947 -20.090727083118818 -19.325932997027326 -19.310057207548912 -20.695066272621343 -20.479241577892626 -17.079969541728516 -16.16999795642979 -11.306175853374988 -14.185127984335981 -12.211220268376394 -18.65552841507465 -17.191918447223443 -20.718129054889467 -19.764488074591384 -16.291657100826306 -18.745217849815706 -17.775523855418225 -20.080027230836315 -19.31201824567001 -15.400962506256342 -20.54425857303391 -18.595020892179637 -19.71265406380791 -21.09678242946122 -21.01818968721375 -20.99439071538915 -19.59916138701379
17.55511022044088 -17.92846441910452 -20.060666387981758 -19.288168329751674 -19.274894116377812 -20.67288294579896 -20.453950866464226 -17.02382847717277 -16.098380954209688 -11.20006537738329 -14.112511360299589 -12.138063809626502 -18.611188405023295 -17.1370879945839 -20.690377439555576 -19.72937060597766 -16.22254449086879 -18.701892365851634 -17.72450286562032 -20.049755949482986 -19.273980256931313 -15.330588146941224 -20.519900900215777 -18.55198604133502 -19.679188541801373 -21.085823558880797 -21.00212942401427 -20.986847792899216 -19.568051850813752
17.615230460921843 -17.881892504632972 -20.032403659298623 -19.252577418460817 -19.24181048042451 -20.652117640841112 -20.430227145260123 -16.970756816569647 -16.030588978211675 -11.099512676253593 -14.044004416771863 -12.069130082723362 -18.569336669981677 -17.085271667746888 -20.664313198964052 -19.696306254113793 -16.157131797528834 -18.661011697385895 -17.676306693591446 -20.021292826811923 -19.2381272576295 -15.263971848559166 -20.497067048367814 -18.511400206878328 -19.64769769197737 -21.075750263835676 -20.9871962594816 -20.980029708087443 -19.538837303645664
17.675350701402806 -17.83517995317 -20.004034369893233 -19.216864579245083 -19.208641830983346 -20.63126567441863 -20.406408024820895 -16.91752577983965 -15.96260734485405 -10.998750559044858 -13.975535886565087 -12.000315811063555 -18.52734378382727 -17.03330708429791 -20.638149000731307 -19.663133602081146 -16.0915315936749 -18.619997826077427 -17.627966418106222 -19.992722646160637 -19.202149728415492 -15.1971621869599 -20.474141957065157 -18.4706996579963 -19.61610390035254 -21.065627407762438 -20.972196212059444 -20.973174641466873 -19.509558750492175
17.73547094188377 -17.77545246761031 -19.96704651549102 -19.170770770589147 -19.165746475437757 -20.60360501297284 -20.375064610260836 -16.849708305876174 -15.876499864213436 -10.872063304433176 -13.889142033796773 -11.913602952436197 -18.473454266217193 -16.967071840078244 -20.60389820907365 -19.620201230585785 -16.008373179201396 -18.567330523848927 -17.56622047141917 -19.955485582449324 -19.155724853158542 -15.112499423358496 -20.4439103246113 -18.418445563184935 -19.575132123660133 -21.051291094972196 -20.95180233750188 -20.9628983559379 -19.471504903795918
17.795591182364728 -17.71085626289839 -19.92682261987552 -19.120784279063177 -19.11924233819848 -20.57338792846842 -20.340894927905957 -16.776429984849994 -15.783613168306267 -10.735753685359168 -13.796336088309467 -11.820584304549872 -18.415099440064726 -16.89550445026914 -20.56661213938907 -19.573618499086553 -15.918643506850671 -18.510296218891146 -17.499460123360873 -19.9149943792402 -19.105379914069722 -15.02115122647746 -20.41093652547154 -18.361884416204166 -19.53065477349181 -21.0353840665239 -20.929388835223843 -20.951353940948994 -19.4302131613931
17.85571142284569 -17.66021087949154 -19.895808396847894 -19.081904480892877 -19.083207962257394 -20.550441279838907 -20.314760534145044 -16.718782962945113 -15.710168209965811 -10.627385888828321 -13.723246046594735 -11.747415982072628 -18.36946950421088 -16.8392469307576 -20.537967423208976 -19.53749190121923 -15.847738636140953 -18.465737887634607 -17.44707101612196 -19.88376469627129 -19.066208680791092 -14.94893804725626 -20.385768597232 -18.317729837982384 -19.496226966470118 -21.023985442531178 -20.9127389811556 -20.94347758401367 -19.398394597717665
17.915831663326653 -17.602586096754003 -19.860162822126632 -19.037450365745343 -19.041982132224398 -20.5238359616129 -20.284581944065074 -16.653310166667758 -15.62700360410517 -10.505177562066773 -13.640783730046202 -11.664960241133361 -18.31744762570863 -16.775341941655956 -20.504978112951832 -19.49613258398869 -15.767415016589378 -18.414924245718268 -17.387493340437015 -19.847877733074792 -19.021425396762783 -14.867144729392852 -20.356675476789405 -18.267392057776597 -19.45677271725538 -21.010332222364415 -20.89319542926118 -20.93377669944729 -19.361907104759588
17.975951903807616 -17.545314433033656 -19.824734952617007 -18.993265988785577 -19.001050321255857 -20.497400657466347 -20.25459097648012 -16.588229534050313 -15.54433555604481 -10.38376519363425 -13.559130717446966 -11.583408134922134 -18.265731389933315 -16.71183217175575 -20.47219362612256 -19.455036842668118 -15.687567446295898 -18.364417684014494 -17.328280181691067 -19.812209800046716 -18.97691086916293 -14.785831384062185 -20.327766857611742 -18.217383201364417 -19.417573482035024 -20.996792972760346 -20.87379067793803 -20.924174595529653 -19.325703443663098
18.036072144288575 -17.463450283494755 -19.773016417909446 -18.929459421406865 -18.941804137132348 -20.45810528669815 -20.210381455914206 -16.4955734097926 -15.427400136985696 -10.213457001432701 -13.444111053063743 -11.468674277834786 -18.191512923018973 -16.621364816369034 -20.424128771524146 -19.395513960464996 -15.574519608790542 -18.291883225330686 -17.243735626628443 -19.760159704598035 -18.91264374901958 -14.670752302372208 -20.285056875906218 -18.145575872232627 -19.36067297005117 -20.975333463060753 -20.84421782194445 -20.908163506253686 -19.273013238225225
18.096192384769537 -17.392093481696094 -19.72823043788681 -18.874015498237622 -18.89044805869961 -20.424281550099668 -20.172219515171896 -16.4146898623316 -15.325108848017628 -10.064215026559577 -13.34399903628496 -11.368947138296356 -18.126874957813534 -16.54243065195264 -20.382568620163816 -19.343866205919486 -15.475650343129807 -18.228743656189717 -17.170015275794608 -19.71508123714054 -18.85678915049775 -14.57008459976242 -20.248222268384488 -18.08311562664901 -19.311341395851258 -20.957267373741267 -20.8189827094988 -20.894914059877557 -19.227465150228635
18.1563126252505 -17.339605369489686 -19.695917367562146 -18.833607872175868 -18.853186614388022 -20.400299610894024 -20.144939399567026 -16.354959106165563 -15.249118491578209 -9.952633593177701 -13.269967622782275 -11.295286402224875 -18.07947584284519 -16.484192716683545 -20.35270826875066 -19.306353834505707 -15.40225551226592 -18.182491109621314 -17.115731913572247 -19.68254593347819 -18.81606673767589 -14.49531918453486 -20.221953502790555 -18.037402744109894 -19.275590607668658 -20.94527298348481 -20.801533875336116 -20.886585840911188 -19.19463195424891
18.216432865731463 -17.287386279147654 -19.663767686405382 -18.793404295212 -18.816148682437355 -20.37644385179391 -20.117799161756977 -16.295527571864554 -15.173508262515547 -9.841668612735543 -13.196564433275775 -11.222315661456793 -18.032308388896016 -16.42625707031764 -20.323001334901367 -19.26904139166946 -15.329224868436892 -18.136471821183605 -17.0617264393778 -19.65017505691728 -18.77554748439863 -14.420920816522731 -20.19582233048819 -17.991940588093822 -19.240032976785706 -20.933361467822046 -20.784187067356825 -20.878328921238683 -19.162014632990427
18.276553106212425 -17.236229765300717 -19.63230706626886 -18.75403803375864 -18.779923738699633 -20.353128945098113 -20.091257469914403 -16.23728538633686 -15.099384326162664 -9.732896464482387 -13.124855015233976 -11.151089472971861 -17.986099145381413 -16.36949351544374 -20.29394076990941 -19.232523190082553 -15.257630264626531 -18.091396765366326 -17.008816271746046 -19.618497238435406 -18.735868961412248 -14.347979761474488 -20.17027384414451 -17.94743185390372 -19.20523926063467 -20.921787262279402 -20.767269657367073 -20.870348661876804 -19.13014301044745
18.336673346693384 -17.14517293761313 -19.574400745883764 -18.682822009027298 -18.71407159080327 -20.308946400492704 -20.041636260227094 -16.134285929076945 -14.969644542167373 -9.54494849177879 -12.999729584792448 -11.026901119326244 -17.903346121150047 -16.269006518779822 -20.240080185887603 -19.16612487196285 -15.132142723911183 -18.010569301018894 -16.914806684709305 -19.560225085951366 -18.664121862072047 -14.220216639624379 -20.12233084848571 -17.867600992149892 -19.141748548598958 -20.89740733466511 -20.733876345257478 -20.852034183134776 -19.071651277071204
18.396793587174347 -17.069549609496768 -19.526694995422886 -18.62390414642194 -18.65974475970937 -20.2728111049257 -20.00091349262309 -16.04858907866592 -14.86141903598936 -9.387809367510926 -12.895919563785867 -10.923992448813443 -17.834693516361757 -16.18544872586947 -20.195787495388153 -19.11128774793695 -15.027493544147045 -17.943554503580913 -16.836695581080452 -19.512211002981434 -18.604751404757227 -14.113642003485793 -20.08302774085907 -17.80146737337029 -19.08936487799391 -20.877988918596145 -20.70684789454667 -20.837739667085838 -19.023555093181308
18.45691382765531 -17.00317861168484 -19.48510049076587 -18.572356508911376 -18.612327560484836 -20.241495055190875 -19.965520580050207 -15.973265713683393 -14.766094452886698 -9.249156145178311 -12.804914031493055 -10.833866268401081 -17.77449197305674 -16.112041579443662 -20.157226569984534 -19.063379796988837 -14.935339402228706 -17.884818951747704 -16.768115858972994 -19.470342672115883 -18.55279799828221 -14.01977209602503 -20.0488996284842 -17.7435456451321 -19.043637920033714 -20.86153937740322 -20.683629780993176 -20.82584964352028 -18.981691880141316
18.517034068136272 -16.95082936253362 -19.45278280021114 -18.531990109617187 -18.575338699861952 -20.217494063869843 -19.93821971310327 -15.913670183975423 -14.690323017574816 -9.138410153105493 -12.73290668483778 -10.762620794784471 -17.72711905769577 -16.054007592564496 -20.127364597713015 -19.025968521249663 -14.862128879372573 -17.83863987028711 -16.71398029082953 -19.43780347143795 -18.51210072311007 -13.945169622053548 -20.02262468928878 -17.69804621566351 -19.007992356544552 -20.84957861826785 -20.666186620258014 -20.81758351037825 -18.949209991666525
18.577154308617235 -16.901967483394547 -19.422762655397072 -18.494397974664647 -18.540954342483733 -20.1953020051568 -19.912920732803165 -15.857985629330493 -14.619419141788779 -9.034655127406847 -12.665763185570906 -10.696232921000227 -17.682928496556542 -15.99980189204333 -20.09965682365583 -18.991166188127455 -14.793631914217695 -17.79557926544667 -16.663437718256446 -19.4075748743783 -18.474195068780812 -13.875359494966197 -19.99829343243519 -17.65564246453234 -18.97485276944508 -20.838728491626203 -20.650171564838686 -20.81021530584914 -18.91907838371031
18.637274549098194 -16.81222612090675 -19.365619663709737 -18.424151541022198 -18.476327738843636 -20.15171465877806 -19.86395113912044 -15.756424749355855 -14.491517281803556 -8.850022637378302 -12.54486471468967 -10.576724708661839 -17.601247559077173 -15.900822707598174 -20.04652022842602 -18.92576986867204 -14.669890049329403 -17.71586943672531 -16.570787473285566 -19.350071014449668 -18.403400954739837 -13.749336815423447 -19.95100437064746 -17.577108979853868 -18.912337452280514 -20.814802296377476 -20.61729088617346 -20.792328620012444 -18.861840163995822
