web/models/mosfit_kne/mosfit_kn_3.0000/mosfit_kn_0.001513_0.3433_3.0000.dat
# %ECSV 1.0
# ---
# datatype:
# - {name: time, datatype: float64}
# - {name: PS1_g, datatype: float64}
# - {name: PS1_i, datatype: float64}
# - {name: PS1_r, datatype: float64}
# - {name: PS1_w, datatype: float64}
# - {name: PS1_y, datatype: float64}
# - {name: PS1_z, datatype: float64}
# - {name: swift_uvot_B, datatype: float64}
# - {name: swift_uvot_U, datatype: float64}
# - {name: swift_uvot_uvm2, datatype: float64}
# - {name: swift_uvot_uvw1, datatype: float64}
# - {name: swift_uvot_uvw2, datatype: float64}
# - {name: swift_uvot_V, datatype: float64}
# - {name: johnson_B, datatype: float64}
# - {name: johnson_I, datatype: float64}
# - {name: johnson_R, datatype: float64}
# - {name: johnson_U, datatype: float64}
# - {name: johnson_V, datatype: float64}
# - {name: sdss_g, datatype: float64}
# - {name: sdss_i, datatype: float64}
# - {name: sdss_r, datatype: float64}
# - {name: sdss_u, datatype: float64}
# - {name: sdss_z, datatype: float64}
# - {name: ATLAS_c, datatype: float64}
# - {name: ATLAS_o, datatype: float64}
# - {name: ukirt_H, datatype: float64}
# - {name: ukirt_J, datatype: float64}
# - {name: ukirt_K, datatype: float64}
# - {name: Clear, datatype: float64}
# meta: !!omap
# - comment: [kappa = 3.0, type = rprocess, mass = 0.001513321957917195, velocity = 0.3433333333333334, theta_obs = 0.0, tfloor = 1000.0]
# schema: astropy-2.0
time PS1_g PS1_i PS1_r PS1_w PS1_y PS1_z swift_uvot_B swift_uvot_U swift_uvot_uvm2 swift_uvot_uvw1 swift_uvot_uvw2 swift_uvot_V johnson_B johnson_I johnson_R johnson_U johnson_V sdss_g sdss_i sdss_r sdss_u sdss_z ATLAS_c ATLAS_o ukirt_H ukirt_J ukirt_K Clear
[from data line 147]
8.897795591182364 12.65809018626788 3.7762613730686034 7.2513321511064355 5.283408339602449 0.2530713245433347 1.670747289390473 16.197996762832368 22.856940860727278 36.74553616475645 18.822523392801838 21.33553989928149 10.617606879138666 14.994059445866178 2.222748066646653 5.1927808333716525 21.82593968147553 9.662584543969912 13.470630287582317 3.8575173251815897 7.479820810602877 23.358046390902103 1.0973196773684712 9.230408720849077 4.7779961962393 -4.695916053372161 -2.5464267578824704 -6.056204733845332 2.9975142958411105
8.957915831663327 12.68447478123301 3.8026459680337332 7.277716746071583 5.3097929345675965 0.27945591950848225 1.6971318843556027 16.224381357797498 22.883325455692418 36.77192075972159 18.848907987766975 21.361924494246626 10.643991474103814 15.020444040831308 2.2491326616117826 5.219165428336782 21.85232427644067 9.68896913893506 13.497014882547465 3.8839019201467195 7.506205405568007 23.384430985867244 1.123704272333601 9.256793315814225 4.80438079120443 -4.669531458407014 -2.520042162917323 -6.029820138880202 3.023898890806258
9.018036072144287 12.710771051079206 3.828942237879911 7.304013015917761 5.336089204413774 0.30575218935466 1.7234281542017804 16.250677627643675 22.909621725538596 36.79821702956777 18.875204257613152 21.388220764092804 10.670287743949991 15.046740310677485 2.2754289314579603 5.24546169818296 21.878620546286854 9.715265408781237 13.523311152393642 3.910198189992915 7.532501675414203 23.41072725571342 1.1500005421797965 9.283089585660402 4.8306770610506256 -4.643235188560836 -2.493745893071145 -6.003523869034007 3.050195160652436
9.07815631262525 12.736967342825736 3.8551385296264407 7.3302093076642905 5.362285496160304 0.3319484811011897 1.7496244459483101 16.276873919390205 22.935818017285126 36.8244133213143 18.901400549359682 21.414417055839333 10.696484035696521 15.072936602424015 2.30162522320449 5.27165798992949 21.904816838033383 9.741461700527767 13.549507444140172 3.9363944817394447 7.558697967160732 23.43692354745995 1.1761968339263262 9.309285877406932 4.856873352797155 -4.617038896814306 -2.4675496013246154 -5.977327577287477 3.0763914523989655
9.138276553106213 12.763062199195385 3.881233385996108 7.35630416403394 5.388380352529971 0.35804333747083916 1.7757193023179774 16.302968775759872 22.961912873654782 36.85050817768396 18.927495405729342 21.440511912208994 10.72257889206617 15.099031458793682 2.3277200795741573 5.297752846299157 21.930911694403044 9.767556556897416 13.57560230050984 3.962489338109094 7.584792823530382 23.463018403829608 1.2022916902959757 9.3353807337766 4.882968209166805 -4.590944040444657 -2.441454744954966 -5.951232720917828 3.102486308768615
9.198396793587174 12.789055744033035 3.907226930833758 7.38229770887159 5.414373897367604 0.3840368823084894 1.8017128471556276 16.328962320597523 22.987906418492436 36.8765017225216 18.95348895056698 21.466505457046633 10.748572436903821 15.125025003631315 2.3537136244118075 5.3237463911367895 21.956905239240683 9.793550101735066 13.601595845347472 3.9884828829467445 7.610786368368032 23.48901194866726 1.228285235133626 9.361374278614232 4.908961754004455 -4.564950495607007 -2.4154612001173157 -5.9252391760801775 3.1284798536062652
9.258517034068136 12.814948369828123 3.9331195566288457 7.408190334666678 5.440266523162709 0.409929508103577 1.8276054729507152 16.35485494639261 23.013799044287524 36.9023943483167 18.97938157636208 21.49239808284173 10.774465062698908 15.15091762942642 2.379606250206895 5.349639016931895 21.982797865035778 9.819442727530154 13.62748847114256 4.014375508741832 7.63667899416312 23.51490457446235 1.2541778609287135 9.387266904409337 4.934854379799543 -4.539057869811919 -2.389568574322228 -5.89934655028509 3.154372479401353
9.318637274549097 12.840740517454332 3.958911704255055 7.433982482292905 5.466058670788918 0.43572165572978605 1.8533976205769243 16.38064709401882 23.03959119191374 36.92818649594291 19.00517372398829 21.51819023046794 10.800257210325118 15.17670977705263 2.405398397833104 5.375431164558104 22.00859001266199 9.84523487515638 13.653280618768786 4.040167656368041 7.662471141789329 23.540696722088565 1.2799700085549226 9.413059052035546 4.960646527425752 -4.513265722185692 -2.3637764266960013 -5.873554402658881 3.180164627027562
9.37875751503006 12.86643261423162 3.9846038010323426 7.459674579070192 5.491750767566206 0.46141375250707384 1.879089717354212 16.406339190796107 23.06528328869102 36.9538785927202 19.030865820765577 21.54388232724523 10.825949307102405 15.202401873829917 2.431090494610392 5.401123261335392 22.034282109439275 9.870926971933669 13.678972715546074 4.065859753145329 7.6881632385666165 23.566388818865846 1.3056621053322104 9.438751148812834 4.986338624203039 -4.487573625408404 -2.3380843299187313 -5.847862305881593 3.2058567238048497
9.438877755511022 12.892025094862252 4.010196281662974 7.485267059700824 5.517343248196838 0.4870062331377234 1.9046821979848438 16.43193167142674 23.09087576932166 36.97947107335083 19.056458301396216 21.56947480787586 10.851541787733055 15.227994354460549 2.4566829752410237 5.4267157419660235 22.05987459006991 9.8965194525643 13.704565196176706 4.091452233775961 7.713755719197248 23.591981299496485 1.3312545859628422 9.464343629443466 5.011931104833671 -4.461981144777773 -2.3124918492880817 -5.822269825250961 3.231449204435499
9.498997995991983 12.91751841372406 4.035689600524783 7.510760378562633 5.542836567058647 0.5124995519995323 1.9301755168466528 16.457424990288548 23.11636908818347 37.00496439221264 19.081951620258028 21.59496812673768 10.877035106594864 15.253487673322358 2.4821762941028327 5.452209060827832 22.085367908931715 9.92201277142611 13.730058515038515 4.11694555263777 7.739249038059057 23.617474618358294 1.3567479048246511 9.489836948305275 5.03742442369548 -4.436487825915964 -2.2869985304262728 -5.796776506389152 3.256942523297308
9.559118236472946 12.942913007987507 4.0610841947882115 7.536154972826061 5.568231161322075 0.5378941462629605 1.955570111110081 16.482819584551976 23.141763682446896 37.03035898647608 19.107346214521453 21.620362721001104 10.902429700858292 15.278882267585786 2.507570888366261 5.477603655091261 22.110762503195154 9.947407365689537 13.755453109301943 4.1423401469012155 7.7646436323224854 23.642869212621722 1.382142499088097 9.515231542568703 5.062819017958926 -4.4110932316525355 -2.2616039361628446 -5.771381912125706 3.2823371175607363
9.619238476953907 12.96820931749103 4.086380504291753 7.561451282329585 5.593527470825617 0.5631904557664846 1.9808664206136228 16.508115894055518 23.16705999195043 37.05565529597961 19.132642524024988 21.64565903050464 10.927726010361816 15.304178577089328 2.5328671978698027 5.5028999645948025 22.136058812698685 9.972703675193062 13.780749418805485 4.16763645640474 7.789939941826027 23.668165522125257 1.4074388085916212 9.540527852072245 5.08811532746245 -4.385796922149011 -2.2363076266593205 -5.746085602622182 3.3076334270642604
9.67935871743487 12.993407796424812 4.1115789832255345 7.5866497612633665 5.618725949759398 0.5883889347002658 2.006064899547404 16.5333143729893 23.192258470884212 37.080853774913386 19.15784100295877 21.67085750943842 10.952924489295597 15.329377056023109 2.558065676803584 5.528098443528584 22.161257291632467 9.997902154126843 13.805947897739248 4.192834935338521 7.8151384207598085 23.693364001059038 1.4326372875254023 9.565726331006026 5.113313806396231 -4.36059844321523 -2.2111091477255393 -5.720887123688401 3.3328319059980416
9.739478957915832 13.018508893894705 4.136680080695427 7.611750858733259 5.643827047229273 0.6134900321701586 2.031165997017297 16.55841547045919 23.217359568354105 37.10595487238327 19.18294210042866 21.695958606908302 10.97802558676549 15.354478153493002 2.5831667742734767 5.553199540998459 22.186358389102352 10.023003251596736 13.83104899520914 4.217936032808414 7.840239518229701 23.71846509852893 1.4577383849952952 9.590827428475901 5.138414903866124 -4.335497345745337 -2.1860080502556465 -5.695786026218508 3.3579330034679344
9.799599198396793 13.043513054028004 4.161684240828709 7.636755018866559 5.668831207362572 0.6384941923034582 2.0561701571505786 16.583419630592473 23.242363728487394 37.130959032516564 19.20794626056195 21.720962767041602 11.00302974689879 15.379482313626283 2.6081709344067585 5.578203701131758 22.211362549235645 10.048007411730035 13.85605315534244 4.242940192941713 7.865243678362983 23.74346925866222 1.4827425451285947 9.6158315886092 5.163419063999406 -4.310493185612038 -2.161003890122347 -5.670781866085209 3.382937163601234
9.859719438877756 13.06842072867072 4.186591915471425 7.661662693509275 5.693738882005288 0.6634018669461739 2.0810778317932943 16.608327305235207 23.26727140313011 37.15586670715929 19.23285393520467 21.74587044168432 11.027937421541505 15.404389988269 2.633078609049492 5.603111375774474 22.236270223878368 10.07291508637275 13.880960829985156 4.267847867584429 7.890151353005717 23.768376933304936 1.5076502197713104 9.640739263251916 5.1883267386421394 -4.285585510969322 -2.1360962154796312 -5.645874191442493 3.4078448382439497
9.919839679358716 13.093232377411308 4.211403564212031 7.686474342249863 5.718550530745894 0.6882135156867619 2.1058894805339 16.633138953975795 23.292083051870705 37.180678355899886 19.257665583945265 21.770682090424916 11.052749070282093 15.429201637009605 2.65789025779008 5.62792302451508 22.261081872618966 10.097726735113357 13.905772478725762 4.292659516325017 7.914963001746305 23.79318858204553 1.5324618685118985 9.665550911992522 5.2131383873827275 -4.260773862228734 -2.111284566739043 -5.621062542701905 3.4326564869845377
9.97995991983968 13.11794844975461 4.236119636555333 7.711190414593165 5.743266603089197 0.7129295880300646 2.1306055528772028 16.657855026319098 23.316799124214008 37.20539442824319 19.282381656288567 21.79539816276822 11.077465142625396 15.453917709352908 2.6826063301333827 5.652639096858382 22.28579794496227 10.12244280745666 13.930488551069065 4.31737558866832 7.939679074089607 23.817904654388833 1.5571779408552011 9.690266984335825 5.23785445972603 -4.2360577898854315 -2.0865684943957405 -5.596346470358602 3.4573725593278404
10.040080160320642 13.142569398436965 4.26074058523767 7.73581136327552 5.767887551771533 0.7375505367124191 2.1552265015595395 16.682475975001434 23.341420072896355 37.230015376925536 19.307002604970915 21.820019111450566 11.10208609130775 15.478538658035244 2.7072272788157195 5.677260045540719 22.310418893644613 10.147063756138996 13.955109499751401 4.341996537350674 7.964300022771962 23.84252560307118 1.5817988895375557 9.714887933018161 5.262475408408385 -4.211436841203077 -2.061947545713386 -5.571725521676248 3.481993508010195
10.100200400801603 13.167095686988954 4.285266873789677 7.760337651827509 5.792413840323523 0.7620768252644083 2.1797527901115465 16.70700226355344 23.36594636144835 37.254541665477525 19.331528893522904 21.844545400002556 11.12661237985974 15.503064946587251 2.7317535673677265 5.701786334092708 22.334945182196602 10.171590044690985 13.97963578830339 4.366522825902663 7.988826311323951 23.867051891623177 1.606325178089545 9.73941422157015 5.287001696960374 -4.186910552651088 -2.0374212571613968 -5.5471992331242586 3.506519796562184
10.160320641282565 13.191527774356384 4.309698961157089 7.784769739194939 5.816845927690952 0.7865089126318381 2.2041848774789585 16.731434350920853 23.390378448815774 37.27897375284495 19.355960980890334 21.868977487369985 11.15104446722717 15.527497033954663 2.7561856547351384 5.726218421460138 22.35937726956402 10.196022132058415 14.00406787567082 4.390954913270093 8.013258398691363 23.8914839789906 1.6307572654569746 9.76384630893758 5.311433784327786 -4.162478465283658 -2.012989169793967 -5.522767145756829 3.530951883929614
10.220440881763526 13.21586611481063 4.334037301611353 7.809108079649203 5.841184268145216 0.8108472530861022 2.2285232179332226 16.755772691375117 23.414716789270038 37.30331209329921 19.380299321344598 21.89331582782425 11.175382807681434 15.551835374408927 2.7805239951894025 5.750556761914402 22.383715610018285 10.220360472512679 14.028406216125084 4.4152932537243395 8.037596739145627 23.915822319444864 1.655095605911221 9.788184649391845 5.33577212478205 -4.138140124829394 -1.988650829339703 -5.4984288053025825 3.555290224383878
10.280561122244489 13.240111165012554 4.3582823518132585 7.833353129851108 5.865429318347122 0.8350923032880075 2.252768268135128 16.780017741577023 23.438961839471943 37.32755714350112 19.404544371546503 21.917560878026155 11.199627857883339 15.576080424610833 2.804769045391308 5.774801812116308 22.4079606602202 10.244605522714584 14.05265126632699 4.439538303926263 8.061841789347532 23.94006736964677 1.679340656113144 9.81242969959375 5.360017174983973 -4.1138950746274885 -1.9644057791377976 -5.474183755100659 3.5795352745857834
10.34068136272545 13.264263394895472 4.382434581696195 7.857505359734027 5.889581548230041 0.8592445331709264 2.2769204980180646 16.80416997145996 23.463114069354873 37.35170937338405 19.42869660142943 21.94171310790908 11.223780087766258 15.60023265449377 2.8289212752742445 5.798954041999244 22.43211289010312 10.268757752597503 14.076803496209909 4.4636905338091815 8.08599401923047 23.9642195995297 1.703492885996063 9.836581929476669 5.384169404866892 -4.08974284474457 -1.9402535492548787 -5.4500315252177405 3.6036875044687022
10.400801603206412 13.28832326242793 4.406494449228635 7.881565227266485 5.913641415762498 0.8833044007033841 2.3009803655505046 16.8282298389924 23.48717393688732 37.37576924091649 19.452756468961876 21.965772975441528 11.247839955298716 15.62429252202621 2.8529811428066845 5.823013909531684 22.456172757635578 10.292817620129961 14.100863363742366 4.487750401341639 8.110053886762909 23.988279467062146 1.7275527535285207 9.860641797009126 5.40822927239935 -4.065682977212112 -1.916193681722421 -5.425971657685283 3.62774737200116
10.460921843687375 13.312291227955377 4.4304624147561 7.90553319279395 5.937609381289963 0.9072723662308491 2.3249483310779695 16.852197804519864 23.511141902414785 37.39973720644396 19.476724434489345 21.989740940968996 11.27180792082618 15.648260487553674 2.8769491083341494 5.846981875059149 22.480140723163032 10.316785585657426 14.124831329269831 4.511718366869104 8.134021852290374 24.01224743258961 1.7515207190559856 9.884609762536591 5.432197237926797 -4.041715011684647 -1.892225716194956 -5.402003692157818 3.651715337528625
10.521042084168336 13.336167756015413 4.454338942816136 7.929409720853968 5.9614859093499994 0.9311488942908674 2.3488248591380056 16.8760743325799 23.535018430474814 37.423613734503995 19.50060096254937 22.013617469029022 11.295684448886199 15.67213701561371 2.9008256363941856 5.870858403119185 22.50401725122307 10.340662113717444 14.148707857329867 4.5355948949291225 8.15789838035041 24.03612396064964 1.775397247116004 9.908486290596628 5.456073765986833 -4.017838483624629 -1.8683491881349377 -5.3781271640977995 3.6755918655886433
10.581162324649299 13.35996705954912 4.478138246349825 7.953209024387675 5.985285212883689 0.9549481978245744 2.372624162671695 16.899873636113607 23.55881773400851 37.44741303803769 19.524400266083067 22.037416772562718 11.319483752419906 15.6959363191474 2.9246249399278925 5.8946577066528745 22.527816554756768 10.364461417251151 14.172507160863557 4.5593941984628295 8.181697683884117 24.059923264183336 1.799196550649711 9.932285594130317 5.47987306952054 -3.9940391800909216 -1.8445498846012307 -5.3543278605640925 3.69939116912235
