web/models/mosfit_kne/mosfit_kn_3.0000/mosfit_kn_0.002290_0.2963_3.0000.dat
# %ECSV 1.0
# ---
# datatype:
# - {name: time, datatype: float64}
# - {name: PS1_g, datatype: float64}
# - {name: PS1_i, datatype: float64}
# - {name: PS1_r, datatype: float64}
# - {name: PS1_w, datatype: float64}
# - {name: PS1_y, datatype: float64}
# - {name: PS1_z, datatype: float64}
# - {name: swift_uvot_B, datatype: float64}
# - {name: swift_uvot_U, datatype: float64}
# - {name: swift_uvot_uvm2, datatype: float64}
# - {name: swift_uvot_uvw1, datatype: float64}
# - {name: swift_uvot_uvw2, datatype: float64}
# - {name: swift_uvot_V, datatype: float64}
# - {name: johnson_B, datatype: float64}
# - {name: johnson_I, datatype: float64}
# - {name: johnson_R, datatype: float64}
# - {name: johnson_U, datatype: float64}
# - {name: johnson_V, datatype: float64}
# - {name: sdss_g, datatype: float64}
# - {name: sdss_i, datatype: float64}
# - {name: sdss_r, datatype: float64}
# - {name: sdss_u, datatype: float64}
# - {name: sdss_z, datatype: float64}
# - {name: ATLAS_c, datatype: float64}
# - {name: ATLAS_o, datatype: float64}
# - {name: ukirt_H, datatype: float64}
# - {name: ukirt_J, datatype: float64}
# - {name: ukirt_K, datatype: float64}
# - {name: Clear, datatype: float64}
# meta: !!omap
# - comment: [kappa = 3.0, type = rprocess, mass = 0.0022901433483143324, velocity = 0.29633333333333334, theta_obs = 0.0, tfloor = 1000.0]
# schema: astropy-2.0
time PS1_g PS1_i PS1_r PS1_w PS1_y PS1_z swift_uvot_B swift_uvot_U swift_uvot_uvm2 swift_uvot_uvw1 swift_uvot_uvw2 swift_uvot_V johnson_B johnson_I johnson_R johnson_U johnson_V sdss_g sdss_i sdss_r sdss_u sdss_z ATLAS_c ATLAS_o ukirt_H ukirt_J ukirt_K Clear
[from data line 117]
7.0941883767535066 10.635553591352558 1.7537247781532805 5.22879555619113 3.260871744687144 -1.7694652703719704 -0.35178930552485 14.175460167917045 20.834404265811965 34.722999569841136 16.799986797886515 19.313003304366166 8.595070284223343 12.971522850950855 0.20021147173132992 3.1702442384563296 19.803403086560216 7.640047949054607 11.448093692667012 1.8349807302662668 5.4572842156875545 21.33550979598679 -0.9252169175468516 7.207872125933772 2.7554596013239774 -6.7184526482874665 -4.568963352797775 -8.078741328760655 0.9749777009257876
7.154308617234468 10.659513478570588 1.7776846653713108 5.252755443409143 3.2848316319051563 -1.745505383153958 -0.3278294183068198 14.199420055135075 20.85836415302999 34.746959457059155 16.823946685104545 19.336963191584186 8.619030171441374 12.995482738168867 0.22417135894936013 3.194204125674342 19.827362973778236 7.66400783627262 11.472053579885024 1.858940617484297 5.481244102905585 21.359469683204814 -0.9012570303288214 7.231832013151784 2.7794194885420076 -6.694492761069454 -4.545003465579763 -8.054781441542625 0.9989375881438178
7.214428857715431 10.683359648079414 1.8015308348801362 5.276601612917968 3.3086778014139995 -1.7216592136451325 -0.3039832487979943 14.2232662246439 20.88221032253881 34.770805626567984 16.84779285461337 19.360809361093022 8.642876340950199 13.01932890767771 0.2480175284581856 3.2180502951831853 19.851209143287072 7.687854005781445 11.495899749393867 1.8827867869931225 5.50509027241441 21.383315852713636 -0.877410860819996 7.255678182660628 2.803265658050833 -6.670646591560629 -4.521157296070937 -8.0309352720338 1.0227837576526433
7.274549098196393 10.70709536051087 1.8252665473115925 5.300337325349425 3.332413513845456 -1.6979235012136762 -0.280247536366538 14.247001937075357 20.90594603497027 34.79454133899945 16.871528567044827 19.384545073524478 8.666612053381655 13.043064620109167 0.2717532408896419 3.2417860076146416 19.874944855718525 7.711589718212902 11.519635461825324 1.9065224994245789 5.5288259848458665 21.407051565145096 -0.8536751483885396 7.279413895092084 2.8270013704822894 -6.646910879129172 -4.497421583639481 -8.007199559602343 1.0465194700840996
7.3346693386773545 10.730723668149746 1.8488948549504691 5.323965632988301 3.3560418214843146 -1.6742951935747996 -0.2566192287276614 14.270630244714233 20.929574342609143 34.81816964663832 16.895156874683703 19.408173381163355 8.690240361020532 13.066692927748043 0.2953815485285185 3.265414315253518 19.898573163357394 7.735218025851778 11.543263769464183 1.9301508070634554 5.552454292484743 21.43067987278397 -0.8300468407496631 7.303042202730943 2.850629678121166 -6.623282571490296 -4.473793276000604 -7.9835712519634665 1.0701477777229762
7.394789579158316 10.754247591636723 1.872418778437428 5.347489556475278 3.3795657449712913 -1.650771270087823 -0.23309530524070254 14.294154168201192 20.953098266096113 34.84169357012529 16.918680798170662 19.431697304650324 8.713764284507509 13.090216851235002 0.31890547201547736 3.288938238740477 19.92209708684437 7.758741949338755 11.56678769295116 1.953674730550432 5.575978215971702 21.45420379627094 -0.8065229172626864 7.326566126217919 2.8741536016081426 -6.599758648003319 -4.450269352513628 -7.96004732847649 1.0936717012099528
7.454909819639278 10.777669903370324 1.8958410901710465 5.370911868208896 3.40298805670491 -1.6273489583542045 -0.20967299350708402 14.31757647993481 20.97652057782973 34.865115881858905 16.94210310990428 19.455119616383943 8.737186596241127 13.11363916296862 0.3423277837490959 3.3123605504740956 19.94551939857798 7.782164261072373 11.590210004684778 1.9770970422840328 5.5994005277053205 21.477626108004557 -0.7831006055290679 7.349988437951538 2.8975759133417434 -6.5763363362697005 -4.426847040780009 -7.936625016742871 1.1170940129435714
7.51503006012024 10.801001591473351 1.9191727782740742 5.394243556311906 3.4263197448079374 -1.6040172702511946 -0.18634130540405636 14.340908168037839 20.999852265932752 34.88844756996192 16.96543479800731 19.47845130448696 8.760518284344137 13.136970851071649 0.36565947185212355 3.3356922385771233 19.968851086681 7.805495949175383 11.613541692787788 2.0004287303870605 5.622732215808348 21.500957796107578 -0.759768917426058 7.373320126054548 2.920907601444771 -6.553004648166691 -4.403515352676999 -7.9132933286398615 1.1404257010465813
7.575150300601202 10.82422379099393 1.9423949777946525 5.417465755832485 3.449541944328498 -1.5807950707306162 -0.163119105883478 14.364130367558417 21.023074465453327 34.9116697694825 16.988656997527887 19.501673504007538 8.783740483864715 13.160193050592227 0.3888816713727019 3.3589144380977016 19.992073286201578 7.828718148695962 11.636763892308366 2.023650929907639 5.6459544153289265 21.524179995628153 -0.7365467179054797 7.396542325575126 2.9441298009653494 -6.529782448646112 -4.380293153156421 -7.890071129119283 1.1636479005671596
7.635270541082164 10.847354859543525 1.9655260463442303 5.44059682438208 3.4726730128780936 -1.5576640021810206 -0.1399880373339002 14.387261436107995 21.046205534002915 34.934800838032096 17.011788066077482 19.524804572557127 8.80687155241431 13.183324119141805 0.4120127399222975 3.3820455066472794 20.015204354751173 7.851849217245557 11.659894960857962 2.0467819984572344 5.669085483878522 21.54731106417774 -0.7134156493558841 7.419673394124722 2.967260869514945 -6.506651380096517 -4.357162084606825 -7.8669400605696875 1.1867789691167552
7.695390781563126 10.870395513576518 1.9885667003772411 5.463637478415073 3.4957136669111044 -1.5346233481480276 -0.11694738330088938 14.410302090141005 21.06924618803592 34.95784149206509 17.034828720110475 19.547845226590127 8.829912206447304 13.206364773174815 0.4350533939552905 3.4050861606802902 20.038245008784166 7.87488987127855 11.682935614890955 2.0698226524902275 5.692126137911515 21.570351718210745 -0.690374995322891 7.442714048157715 2.990301523547938 -6.483610726063524 -4.334121430573832 -7.8438994065366945 1.2098196231497482
7.755511022044088 10.893347214867397 2.01151840166812 5.48658917970597 3.518665368201983 -1.5116716468571312 -0.09399568201001074 14.433253791431884 21.092197889326805 34.98079319335598 17.057780421401354 19.570796927881016 8.8528639077382 13.229316474465694 0.45800509524616917 3.428037861971169 20.061196710075052 7.897841572569447 11.705887316181851 2.092774353781124 5.715077839202394 21.59330341950163 -0.6674232940319946 7.465665749448611 3.0132532248388166 -6.460659024772627 -4.311169729282936 -7.820947705245798 1.2327713244406446
7.8156312625250495 10.916211749077576 2.0343829358782983 5.50945371391613 3.541529902412144 -1.4888071126469704 -0.0711311477998322 14.456118325642063 21.115062423536976 35.00365772756614 17.080644955611533 19.593661462091173 8.875728441948361 13.252181008675855 0.4808696294563477 3.4509023961813297 20.084061244285223 7.920706106779607 11.728751850392012 2.1156388879912846 5.737942373412572 21.616167953711802 -0.6445587598218339 7.488530283658772 3.036117759048995 -6.437794490562466 -4.288305195072775 -7.798083171035637 1.2556358586508054
7.875751503006012 10.938990990811579 2.057162177612284 5.532232955650134 3.564309144146147 -1.466027870912967 -0.048351906065846606 14.478897567376048 21.13784166527097 35.02643696930015 17.103424197345536 19.61644070382518 8.898507683682364 13.274960250409858 0.5036488711903511 3.473681637915333 20.106840486019227 7.943485348513611 11.751531092126015 2.138418129725288 5.760721615146576 21.638947195445795 -0.6217795180878305 7.511309525392775 3.0588970007829985 -6.415015248828463 -4.265525953338772 -7.775303929301634 1.2784151003848088
7.935871743486974 10.961686725363649 2.0798579121643535 5.554928690202203 3.5870048786982167 -1.4433321363608975 -0.025656171513777082 14.501593301928118 21.16053739982304 35.049132703852216 17.126119931897605 19.639136438377246 8.921203418234434 13.297655984961928 0.5263446057424206 3.4963773724674025 20.129536220571296 7.96618108306568 11.774226826678085 2.1611138642773575 5.783417349698645 21.661642929997864 -0.599083783535761 7.534005259944845 3.081592735335068 -6.3923195142763936 -4.242830218786702 -7.752608194749564 1.3011108349368783
7.995991983967936 10.984300740837512 2.1024719276382164 5.577542705676066 3.6096188941720797 -1.4207181208870345 -0.00304215603991409 14.52420731740198 21.1831514152969 35.07174671932607 17.14873394737145 19.66175045385111 8.943817433708297 13.32027000043579 0.5489586212162658 3.5189913879412655 20.152150236045152 7.988795098539543 11.796840842151948 2.1837278797512205 5.80603136517249 21.684256945471727 -0.576469768061898 7.556619275418708 3.104206750808931 -6.369705498802531 -4.220216203312839 -7.729994179275701 1.3237248504107413
8.056112224448897 11.006834708913154 2.125005895713876 5.600076673751726 3.6321528622477395 -1.3981841528113748 0.01949181203574568 14.54674128547764 21.20568538337256 35.094280687401735 17.17126791544711 19.684284421926773 8.966351401783957 13.34280396851145 0.5714925892919256 3.5415253560169253 20.17468420412081 8.011329066615202 11.819374810227607 2.2062618478268625 5.82856533324815 21.706790913547387 -0.553935799986256 7.579153243494368 3.126740718884573 -6.347171530726871 -4.197682235237179 -7.707460211200059 1.346258818486401
8.11623246492986 11.029290179892648 2.147461366693353 5.622532144731203 3.654608333227216 -1.3757286818318981 0.041947283015222325 14.569196756457117 21.228140854352038 35.11673615838122 17.193723386426605 19.706739892906246 8.988806872763433 13.365259439490927 0.59394806027142 3.563980826996402 20.197139675100296 8.033784537594679 11.841830281207084 2.228717318806357 5.851020804227645 21.729246384526864 -0.5314803290067616 7.601608714473844 3.1491961898640675 -6.324716059747394 -4.175226764257703 -7.685004740220565 1.3687142894658777
8.176352705410821 11.051668703046698 2.1698398898474203 5.644910667885252 3.6769868563812835 -1.3533501586778485 0.06432580616928973 14.591575279611185 21.250519377506095 35.139114681535276 17.216101909580654 19.729118416060306 9.011185395917483 13.387637962644995 0.6163265834254696 3.5863593501504694 20.219518198254356 8.056163060748746 11.864208804361152 2.2510958419604066 5.873399327381694 21.75162490768092 -0.5091018058527119 7.623987237627912 3.171574713018117 -6.302337536593327 -4.152848241103653 -7.662626217066515 1.3910928126199273
8.236472945891784 11.073971699130603 2.1921428859313075 5.667213663969157 3.6992898524651707 -1.3310471625939435 0.08662880225317693 14.613878275695072 21.272822373589992 35.16141767761918 17.23840490566456 19.7514214121442 9.033488392001388 13.409940958728882 0.6386295795093568 3.6086623462343566 20.24182119433825 8.078466056832633 11.886511800445039 2.2733988380443115 5.895702323465599 21.773927903764818 -0.48679880976880696 7.646290233711799 3.193877709102022 -6.2800345405094395 -4.130545245019748 -7.64032322098261 1.4133958087038323
8.296593186372744 11.096200489956622 2.214371676757345 5.689442454795177 3.7215186432912084 -1.3088183717679236 0.10885759307921461 14.63610706652111 21.295051164416023 35.1836464684452 17.26063369649058 19.77365020297023 9.055717182827408 13.43216974955492 0.6608583703353945 3.6308911370603942 20.264049985164277 8.100694847658653 11.908740591271076 2.2956276288703314 5.917931114291619 21.79615669459085 -0.46457001894278704 7.6685190245378365 3.216106499928042 -6.25780574968342 -4.108316454193728 -7.6180944301565905 1.4356245995298522
8.356713426853707 11.118356383579666 2.236527570380389 5.711598348418221 3.743674536914252 -1.2866624781448799 0.13101348670225832 14.658262960144153 21.317207058039067 35.20580236206825 17.282789590113623 19.795806096593275 9.077873076450452 13.454325643177963 0.6830142639584382 3.653047030683438 20.28620587878732 8.122850741281697 11.93089648489412 2.317783522493375 5.940087007914663 21.818312588213892 -0.44241412531974333 7.69067491816088 3.2382623935510857 -6.235649856060376 -4.0861605605706846 -7.595938536533547 1.457780493152896
8.41683366733467 11.140440578651258 2.258611765451981 5.733682543489831 3.7657587319858443 -1.2645782830732877 0.15309768177385052 14.680347155215745 21.33929125311066 35.22788655713984 17.304873785185215 19.817890291664867 9.099957271522044 13.476409838249555 0.7050984590300304 3.67513122575503 20.308290073858913 8.144934936353307 11.952980679965712 2.3398677175649674 5.962171202986255 21.840396783285485 -0.42032993024815113 7.712759113232472 3.260346588622678 -6.213565660988766 -4.064076365499092 -7.573854341461955 1.4798646882244881
8.47695390781563 11.162454208842796 2.2806253956435185 5.755696173681351 3.787772362177382 -1.2425646528817502 0.17511131196538798 14.702360785407283 21.361304883302196 35.24990018733137 17.326887415376753 19.839903921856404 9.121970901713581 13.498423468441093 0.7271120892215679 3.6971448559465676 20.330303704050444 8.166948566544827 11.974994310157232 2.361881347756505 5.9841848331777925 21.862410413477022 -0.39831630005661367 7.734772743423992 3.2823602188142154 -6.191552030797246 -4.042062735307555 -7.551840711270417 1.5018783184160256
8.537074148296593 11.184398369806612 2.3025695566073345 5.777640334645167 3.80971652314118 -1.2206204919179342 0.197055472929204 14.724304946371099 21.38324904426601 35.27184434829518 17.34883157634057 19.861848082820213 9.143915062677397 13.520367629404891 0.7490562501853839 3.719089016910366 20.35224786501426 8.188892727508643 11.996938471121048 2.383825508720321 6.0061289941416085 21.884354574440835 -0.37637213909279765 7.756716904387808 3.3043043797780314 -6.16960786983343 -4.020118574343739 -7.529896550306601 1.5238224793798416
8.597194388777554 11.206274070302271 2.324445257102976 5.799516035140826 3.8315922236368394 -1.1987447914222749 0.21893117342484558 14.74618064686674 21.40512474476166 35.29372004879083 17.37070727683621 19.88372378331587 9.165790763173057 13.54224332990055 0.7709319506810255 3.740964717406025 20.37412356550991 8.210768428004302 12.018814171616707 2.40570120921598 6.02800469463725 21.906230274936487 -0.3544964385971383 7.7785926048834675 3.326180080273673 -6.147732169337771 -3.9982428738480795 -7.508020849810942 1.545698179875501
8.657314629258517 11.2280822762194 2.3462534630201226 5.821324241057955 3.853400429553968 -1.1769365855051461 0.24073937934199208 14.767988852783887 21.426932950678797 35.31552825470797 17.392515482753357 19.90553198923301 9.187598969090185 13.564051535817697 0.792740156598172 3.7627729233231717 20.395931771427048 8.23257663392143 12.040622377533836 2.427509415133109 6.049812900554397 21.928038480853623 -0.3326882326800096 7.800400810800596 3.3479882861908195 -6.125923963420642 -3.976434667930951 -7.486212643893813 1.5675063857926297
8.71743486973948 11.249823907796568 2.3679950945972728 5.843065872635123 3.875142061131136 -1.1551949539279782 0.2624810109191422 14.789730484361055 21.448674582255958 35.337269886285135 17.414257114330525 19.927273620810166 9.209340600667353 13.585793167394847 0.8144817881753399 3.784514554900322 20.417673403004216 8.254318265498599 12.062364009111004 2.449251046710277 6.0715545321315645 21.949780112430783 -0.31094660110284167 7.822142442377764 3.3697299177679874 -6.104182331843474 -3.954693036353783 -7.464471012316645 1.5892480173697976
