web/models/mosfit_kne/mosfit_kn_3.0000/mosfit_kn_0.095333_0.4060_3.0000.dat
# %ECSV 1.0
# ---
# datatype:
# - {name: time, datatype: float64}
# - {name: PS1_g, datatype: float64}
# - {name: PS1_i, datatype: float64}
# - {name: PS1_r, datatype: float64}
# - {name: PS1_w, datatype: float64}
# - {name: PS1_y, datatype: float64}
# - {name: PS1_z, datatype: float64}
# - {name: swift_uvot_B, datatype: float64}
# - {name: swift_uvot_U, datatype: float64}
# - {name: swift_uvot_uvm2, datatype: float64}
# - {name: swift_uvot_uvw1, datatype: float64}
# - {name: swift_uvot_uvw2, datatype: float64}
# - {name: swift_uvot_V, datatype: float64}
# - {name: johnson_B, datatype: float64}
# - {name: johnson_I, datatype: float64}
# - {name: johnson_R, datatype: float64}
# - {name: johnson_U, datatype: float64}
# - {name: johnson_V, datatype: float64}
# - {name: sdss_g, datatype: float64}
# - {name: sdss_i, datatype: float64}
# - {name: sdss_r, datatype: float64}
# - {name: sdss_u, datatype: float64}
# - {name: sdss_z, datatype: float64}
# - {name: ATLAS_c, datatype: float64}
# - {name: ATLAS_o, datatype: float64}
# - {name: ukirt_H, datatype: float64}
# - {name: ukirt_J, datatype: float64}
# - {name: ukirt_K, datatype: float64}
# - {name: Clear, datatype: float64}
# meta: !!omap
# - comment: [kappa = 3.0, type = rprocess, mass = 0.09533330950298248, velocity = 0.406, theta_obs = 0.0, tfloor = 1000.0]
# schema: astropy-2.0
time PS1_g PS1_i PS1_r PS1_w PS1_y PS1_z swift_uvot_B swift_uvot_U swift_uvot_uvm2 swift_uvot_uvw1 swift_uvot_uvw2 swift_uvot_V johnson_B johnson_I johnson_R johnson_U johnson_V sdss_g sdss_i sdss_r sdss_u sdss_z ATLAS_c ATLAS_o ukirt_H ukirt_J ukirt_K Clear
[from data line 434]
26.152304609218437 8.370417044926537 -0.5114117682727581 2.9636590097650917 0.9957351982611051 -4.034601816798009 -2.6169258519508887 11.910323621491024 18.569267719385927 32.45786302341511 14.534850251460494 17.047866757940145 6.3299337377973215 10.706386304524816 -2.064925074694691 0.9051076920302912 17.538266540134185 5.374911402628569 9.182957146240973 -0.43015581615975407 3.1921476692615336 19.070373249560753 -3.1903534639728726 4.942735579507733 0.49032305489795647 -8.983589194713504 -6.834099899223814 -10.343877875186676 -1.2901588455002333
26.2124248496994 8.376756751376568 -0.5050720618227089 2.969998716215141 1.0020749047111543 -4.02826211034796 -2.6105861455008395 11.916663327941055 18.575607425835976 32.46420272986515 14.541189957910525 17.054206464390177 6.336273444247371 10.712726010974865 -2.0585853682446595 0.9114473984803404 17.544606246584234 5.381251109078618 9.189296852691022 -0.42381610970970485 3.198487375711565 19.0767129560108 -3.1840137575228233 4.9490752859577825 0.4966627613479879 -8.977249488263455 -6.827760192773765 -10.337538168736627 -1.283819139050184
26.27254509018036 8.383082965580773 -0.4987458476185047 2.976324930419345 1.0084011189153586 -4.021935896143756 -2.6042599312966352 11.92298954214526 18.58193364004018 32.47052894406935 14.54751617211473 17.06053267859438 6.342599658451557 10.71905222517907 -2.0522591540404553 0.9177736126845446 17.550932460788438 5.387577323282822 9.195623066895227 -0.4174898955055184 3.2048135899157693 19.083039170215006 -3.177687543318637 4.955401500161987 0.5029889755521921 -8.97092327405925 -6.82143397856956 -10.33121195453244 -1.2774929248459976
26.33266533066132 8.389395791666612 -0.49243302153266555 2.9826377565051843 1.0147139450011977 -4.0156230700579165 -2.597947105210796 11.929302368231099 18.58824646612602 32.47684177015519 14.553828998200569 17.06684550468022 6.348912484537414 10.725365051264909 -2.045946327954616 0.9240864387703838 17.557245286874277 5.393890149368661 9.201935892981066 -0.41117706941967924 3.2111264160016084 19.089351996300845 -3.1713747172327977 4.961714326247826 0.5093018016380313 -8.964610447973412 -6.815121152483721 -10.324899128446601 -1.2711800987601407
26.392785571142284 8.395695313232494 -0.48613349996678323 2.988937278071049 1.02101346656708 -4.009323548492052 -2.5916475836449138 11.935601889796981 18.5945459876919 32.48314129172106 14.560128519766451 17.073145026246102 6.355212006103279 10.731664572830791 -2.039646806388734 0.9303859603362661 17.56354480844014 5.400189670934526 9.208235414546948 -0.4048775478537969 3.2174259375674907 19.095651517866727 -3.1650751956669154 4.968013847813708 0.5156013232039136 -8.958310926407547 -6.808821630917857 -10.318599606880719 -1.2648805771942762
26.452905811623246 8.40198164396428 -0.47984716923499704 2.9952236088028528 1.0272997972988662 -4.003037217760248 -2.5853612529131276 11.941888220528767 18.600832318423688 32.48942762245286 14.566414850498237 17.07943135697789 6.361498336835083 10.737950903562577 -2.0333604756569477 0.9366722910680523 17.569831139171946 5.40647600166633 9.214521745278734 -0.39859121712201073 3.223712268299277 19.101937848598514 -3.1587888649351292 4.974300178545494 0.5218876539356998 -8.952024595675743 -6.802535300186053 -10.312313276148933 -1.2585942464624722
26.51302605210421 8.408254870654694 -0.47357394254458285 3.001496835493267 1.0335730239892804 -3.9967639910698516 -2.5790880262227134 11.948161447219181 18.607105545114102 32.495700849143276 14.572688077188651 17.085704583668303 6.367771563525479 10.744224130252992 -2.0270872489665335 0.9429455177584665 17.576104365862342 5.412749228356744 9.220794971969148 -0.39231799043159654 3.229985494989691 19.108211075288928 -3.152515638244715 4.9805734052359085 0.528160880626114 -8.945751368985329 -6.796262073495656 -10.306040049458518 -1.2523210197720758
26.573146292585168 8.414515085096532 -0.4673137281027451 3.0077570499351047 1.0398332384311182 -3.990503776627996 -2.5728278117808756 11.95442166166102 18.61336575955594 32.501961063585114 14.578948291630489 17.09196479811014 6.3740317779673346 10.75048434469483 -2.0208270345246957 0.9492057322003042 17.582364580304198 5.419009442798582 9.227055186410986 -0.38605777598975877 3.236245709431529 19.114471289730766 -3.1462554238028773 4.986833619677746 0.5344210950679518 -8.939491154543491 -6.790001859053801 -10.29977983501668 -1.2460608053302202
26.63326653306613 8.420762384568619 -0.4610664286306587 3.014004349407191 1.0460805379032045 -3.9842564771559275 -2.5665805123087893 11.960668961133106 18.619613059028026 32.5082083630572 14.585195591102575 17.098212097582227 6.380279077439403 10.756731644166916 -2.0145797350526093 0.9554530316723906 17.588611879776266 5.425256742270668 9.233302485883073 -0.3798104765176724 3.2424930089036152 19.120718589202852 -3.140008124330791 4.993080919149833 0.5406683945400381 -8.933243855071405 -6.783754559581714 -10.293532535544594 -1.2398135058581516
26.693386773547093 8.426996852543223 -0.4548319606560547 3.020238817381795 1.0523150058778086 -3.9780220091813057 -2.5603460443341852 11.96690342910771 18.62584752700263 32.5144428310318 14.59143005907718 17.10444656555683 6.386513545414025 10.76296611214152 -2.0083452670780053 0.9616874996469946 17.594846347750888 5.431491210245272 9.239536953857677 -0.3735760085430684 3.2487274768782193 19.126953057177456 -3.133773656356187 4.999315387124437 0.5469028625146422 -8.9270093870968 -6.77752009160711 -10.28729806756999 -1.2335790378835476
26.753507014028056 8.43321861598536 -0.4486101972139167 3.026460580823933 1.0585367693199466 -3.9718002457391677 -2.5541242808920472 11.973125192549848 18.63206929044477 32.52066459447394 14.597651822519317 17.11066832899897 6.392735308856163 10.769187875583658 -2.0021235036358673 0.9679092630891326 17.601068111193026 5.43771297368741 9.245758717299815 -0.3673542451009304 3.2549492403203573 19.133174820619594 -3.127551892914049 5.005537150566575 0.5531246259567801 -8.920787623654663 -6.771298328164972 -10.281076304127852 -1.2273572744413919
26.81362725450902 8.439427739310137 -0.4424010738891404 3.0326697041486916 1.064745892644705 -3.965591122414409 -2.547915157567271 11.979334315874624 18.638278413769527 32.52687371779871 14.603860945844094 17.116877452323745 6.3989444321809215 10.775396998908434 -1.995914380311091 0.9741183864139089 17.607277234517785 5.443922097012169 9.251967840624573 -0.3611451217761541 3.2611583636451336 19.139383943944352 -3.1213427695892726 5.011746273891333 0.5593337492815564 -8.914578500329904 -6.765089204840214 -10.274867180803076 -1.2211481511166333
26.873747494989978 8.445624328945076 -0.4362044842542012 3.0388662937836486 1.070942482279662 -3.959394532779452 -2.5417185679323318 11.985530905509563 18.644475003404484 32.533070307433654 14.610057535479033 17.123074041958684 6.405141021815861 10.781593588543373 -1.9897177906761518 0.9803149760488481 17.61347382415274 5.450118686647126 9.25816443025953 -0.3549485321412149 3.2673549532800727 19.14558053357931 -3.1151461799543334 5.01794286352629 0.5655303389164956 -8.908381910694947 -6.758892615205257 -10.268670591168137 -1.2149515614816941
26.93386773547094 8.451808472576001 -0.4300203406232761 3.045050437414556 1.0771266259105872 -3.953210389148545 -2.5355344243014066 11.991715049140488 18.65065914703541 32.53925445106457 14.616241679109958 17.12925818558961 6.411325165446786 10.787777732174298 -1.9835336470452267 0.9864991196797732 17.61965796778365 5.456302830278033 9.264348573890455 -0.3487643885102898 3.273539096910998 19.151764677210235 -3.1089620363234083 5.024127007157215 0.5717144825474207 -8.90219776706404 -6.7527084715743495 -10.262486447537212 -1.208767417850769
26.993987975951903 8.45798025828092 -0.42384855491835793 3.051222223119474 1.0832984116155053 -3.9470386034436267 -2.5293626385964885 11.997886834845406 18.656830932740327 32.545426236769494 14.622413464814876 17.135429971294528 6.417496951151704 10.793949517879216 -1.9773618613403086 0.9926709053846914 17.625829753488567 5.462474615982951 9.270520359595356 -0.3425926028053716 3.279710882615916 19.157936462915153 -3.10279025061849 5.030298792862133 0.5778862682523389 -8.896025981359122 -6.746536685869431 -10.256314661832294 -1.2025956321458509
27.054108216432866 8.46413976712677 -0.4176890460725069 3.057381731965325 1.0894579204613564 -3.9408790945977756 -2.5232031297506374 12.004046343691257 18.662990441586178 32.55158574561534 14.628572973660727 17.14158948014038 6.423656459997555 10.800109026725067 -1.9712023524944575 0.9988304142305424 17.631989262334418 5.468634124828802 9.276679868441207 -0.3364330939595206 3.285870391461767 19.164095971761004 -3.096630741772639 5.036458301707967 0.5840457770981899 -8.88986647251327 -6.74037717702358 -10.250155152986443 -1.1964361232999998
27.11422845691383 8.470287098885017 -0.4115417143142608 3.0635290637235713 1.0956052522196025 -3.9347317628395295 -2.5170557979923913 12.010193675449504 18.669137773344424 32.55773307737359 14.634720305418973 17.147736811898625 6.429803791755801 10.806256358483314 -1.9650550207362114 1.0049777459887885 17.638136594092664 5.474781456587048 9.282827200199453 -0.3302857622012745 3.292017723220013 19.17024330351925 -3.090483410014393 5.042605633466231 0.590193108856436 -8.883719140755025 -6.734229845265334 -10.244007821228196 -1.1902887915417537
27.174348697394787 8.476422337118752 -0.4054064760805254 3.0696643019573244 1.1017404904533379 -3.9285965246057764 -2.510920559758656 12.016328913683239 18.67527301157816 32.56386831560733 14.640855543652709 17.15387205013236 6.435939029989554 10.812391596717049 -1.958919782502476 1.011112984222524 17.644271832326417 5.4809166948208015 9.288962438433206 -0.3241505239675391 3.2981529614537486 19.176378541752985 -3.0843481717806576 5.048740871699966 0.5963283470901715 -8.877583902521271 -6.728094607031581 -10.237872582994461 -1.1841535533080005
27.23446893787575 8.482545596228501 -0.39928321697077607 3.075787561067056 1.1078637495630694 -3.922473265496045 -2.5047973006489066 12.022452172792988 18.68139627068789 32.56999157471707 14.646978802762458 17.15999530924211 6.442062289099286 10.818514855826798 -1.9527965233927267 1.0172362433322555 17.65039509143615 5.487039953930533 9.295085697542937 -0.31802726485778976 3.304276220563498 19.182501800862717 -3.0782249126709083 5.0548641308096975 0.6024516061999208 -8.87146064341154 -6.7219713479218495 -10.231749323884712 -1.178030294198269
27.294589178356713 8.488656931490137 -0.3931718817091401 3.081898896328692 1.1139750848247232 -3.916361930234409 -2.4986859653872706 12.028563508054624 18.687507605949527 32.57610290997871 14.653090138024094 17.166106644503746 6.448173624360922 10.824626191088434 -1.9466851881310907 1.0233475785939092 17.656506426697785 5.493151289192169 9.301197032804573 -0.3119159295961538 3.310387555825134 19.188613136124353 -3.0721135774092723 5.0609754660713335 0.6085629414615568 -8.865349308149904 -6.7158600126602135 -10.225637988623076 -1.171918958936633
27.354709418837675 8.494756454310775 -0.3870723588885028 3.0879984191493293 1.1200746076453605 -3.9102624074137715 -2.4925864425666333 12.034663030875262 18.693607128770182 32.58220243279934 14.659189660844731 17.172206167324383 6.454273147181559 10.830725713909072 -1.9405856653104534 1.0294471014145465 17.662605949518422 5.499250812012806 9.30729655562521 -0.30581640677551647 3.316487078645771 19.194712658945008 -3.066014054588635 5.067074988891989 0.6146624642821941 -8.859249785329267 -6.709760489839576 -10.219538465802438 -1.1658194361159957
27.414829659318634 8.50084423903473 -0.3809845741645468 3.094086203873303 1.1261623923693165 -3.9041746226897978 -2.4864986578426773 12.040750815599218 18.699694913494138 32.58829021752331 14.665277445568687 17.17829395204834 6.460360931905533 10.836813498633028 -1.9344978805864974 1.0355348861385025 17.668693734242396 5.50533859673678 9.313384340349184 -0.2997286220515605 3.322574863369727 19.200800443668964 -3.059926269864679 5.073162773615945 0.6207502490061501 -8.853162000605293 -6.703672705115602 -10.213450681078482 -1.159731651392022
27.474949899799597 8.506920372847517 -0.37490844035175996 3.10016233768609 1.1322385261821033 -3.898098488877011 -2.4804225240298905 12.046826949412004 18.705771047306925 32.5943663513361 14.671353579381474 17.184370085861126 6.466437065718302 10.842889632445814 -1.9284217467737106 1.0416110199512894 17.674769868055183 5.511414730549567 9.319460474161971 -0.29365248823877366 3.328650997182514 19.20687657748175 -3.053850136051892 5.079238907428731 0.6268263828189369 -8.847085866792506 -6.697596571302816 -10.207374547265696 -1.1536555175792529
27.53507014028056 8.512984917763635 -0.3688438954356421 3.10622688260219 1.1383030710982034 -3.892033943960911 -2.4743579791137726 12.052891494328122 18.711835592223025 32.600430896252206 14.677418124297592 17.190434630777244 6.47250161063442 10.848954177361914 -1.9223572018575927 1.0476755648673894 17.680834412971283 5.517479275465667 9.325525019078071 -0.2875879433226558 3.334715542098632 19.21294112239785 -3.0477855911357743 5.0853034523448315 0.6328909277350547 -8.841021321876406 -6.6915320263867155 -10.201310002349578 -1.147590972663135
27.595190380761522 8.51903798675366 -0.36279082644563587 3.112279951592214 1.1443561400882274 -3.885980874970887 -2.4683049101237664 12.058944563318128 18.71788866121305 32.60648396524222 14.683471193287598 17.19648769976725 6.478554679624444 10.855007246351938 -1.9163041328675865 1.0537286338574134 17.686887481961307 5.523532344455691 9.331578088068095 -0.2815348743326318 3.340768611088638 19.218994191387875 -3.0417325221457503 5.0913565213348555 0.638943996725061 -8.834968252886382 -6.6854789573966915 -10.195256933359554 -1.141537903673111
27.655310621242485 8.525079654384413 -0.35674915881486413 3.118321619222968 1.1503978077189991 -3.879939207340133 -2.4622632424929947 12.0649862309489 18.72393032884382 32.61252563287298 14.68951286091837 17.20252936739802 6.484596347255198 10.86104891398271 -1.9102624652368148 1.0597703014881852 17.69292914959206 5.529574012086445 9.33761975569885 -0.2754932067018778 3.34681027871941 19.225035859018647 -3.0356908545149963 5.097398188965627 0.6449856643558327 -8.828926585255628 -6.6794372897659375 -10.1892152657288 -1.135496236042357
27.715430861723444 8.531110017102321 -0.350718796096956 3.124351981940894 1.1564281704369073 -3.8739088446222247 -2.4562328797750865 12.071016593666808 18.72996069156173 32.6185559955909 14.695543223636278 17.20855973011593 6.490626709973106 10.867079276700618 -1.9042321025189066 1.0658006642060933 17.69895951230997 5.535604374804371 9.343650118416775 -0.2694628439839697 3.352840641437318 19.231066221736555 -3.029660491797088 5.103428551683535 0.6510160270737408 -8.822896222537702 -6.673406927048012 -10.183184903010892 -1.129465873324449
27.775551102204407 8.537129137558086 -0.3446996756411913 3.1303711023966585 1.162447290892672 -3.8678897241664423 -2.450213759319322 12.077035714122573 18.735979812017494 32.624575116046664 14.701562344092043 17.214578850571694 6.496645830428871 10.873098397156383 -1.898212982063142 1.071819784661858 17.70497863276575 5.5416234952601355 9.34966923887254 -0.263443723528205 3.3588597618930827 19.23708534219232 -3.0236413713413235 5.1094476721393 0.6570351475295055 -8.816877102081937 -6.667387806592247 -10.177165782555127 -1.1234467528686842
27.83567134268537 8.543137123254692 -0.3386916899446035 3.1363790880932463 1.1684552765892597 -3.8618817384698545 -2.444205773622734 12.08304369981916 18.74198779771408 32.63058310174326 14.707570329788648 17.220586836268282 6.502653816125476 10.87910638285297 -1.8922049963665541 1.0778277703584458 17.71098661846234 5.547631480956723 9.355677224569128 -0.25743573783159945 3.364867747589688 19.243093327888907 -3.017633385644718 5.115455657835888 0.6630431332261111 -8.81086911638535 -6.661379820895659 -10.171157796858521 -1.1174387671720787
