web/models/mosfit_kne/mosfit_kn_3.0000/mosfit_kn_0.406447_0.0927_3.0000.dat
# %ECSV 1.0
# ---
# datatype:
# - {name: time, datatype: float64}
# - {name: PS1_g, datatype: float64}
# - {name: PS1_i, datatype: float64}
# - {name: PS1_r, datatype: float64}
# - {name: PS1_w, datatype: float64}
# - {name: PS1_y, datatype: float64}
# - {name: PS1_z, datatype: float64}
# - {name: swift_uvot_B, datatype: float64}
# - {name: swift_uvot_U, datatype: float64}
# - {name: swift_uvot_uvm2, datatype: float64}
# - {name: swift_uvot_uvw1, datatype: float64}
# - {name: swift_uvot_uvw2, datatype: float64}
# - {name: swift_uvot_V, datatype: float64}
# - {name: johnson_B, datatype: float64}
# - {name: johnson_I, datatype: float64}
# - {name: johnson_R, datatype: float64}
# - {name: johnson_U, datatype: float64}
# - {name: johnson_V, datatype: float64}
# - {name: sdss_g, datatype: float64}
# - {name: sdss_i, datatype: float64}
# - {name: sdss_r, datatype: float64}
# - {name: sdss_u, datatype: float64}
# - {name: sdss_z, datatype: float64}
# - {name: ATLAS_c, datatype: float64}
# - {name: ATLAS_o, datatype: float64}
# - {name: ukirt_H, datatype: float64}
# - {name: ukirt_J, datatype: float64}
# - {name: ukirt_K, datatype: float64}
# - {name: Clear, datatype: float64}
# meta: !!omap
# - comment: [kappa = 3.0, type = rprocess, mass = 0.4064473885499596, velocity = 0.09266666666666673, theta_obs = 0.0, tfloor = 1000.0]
# schema: astropy-2.0
time PS1_g PS1_i PS1_r PS1_w PS1_y PS1_z swift_uvot_B swift_uvot_U swift_uvot_uvm2 swift_uvot_uvw1 swift_uvot_uvw2 swift_uvot_V johnson_B johnson_I johnson_R johnson_U johnson_V sdss_g sdss_i sdss_r sdss_u sdss_z ATLAS_c ATLAS_o ukirt_H ukirt_J ukirt_K Clear
[from data line 485]
29.218436873747493 4.730843968929985 -3.9591374411224045 -0.5595969888846852 -2.459069138155705 -7.399111532142761 -6.016932919557121 8.193661396804853 14.682365586314852 28.377879248944343 10.883533749181478 13.354544112208316 2.7238202229362214 7.035618673572351 -5.484279672273607 -2.554117766759874 13.681101193706507 1.8083202763518382 5.526462090623934 -3.879522865119931 -0.3393866119870914 15.191030360087456 -6.570626684617196 1.390917100381266 -2.9640715873509293 -12.212252368968864 -10.124098817556105 -13.52798413669669 -4.678216907807808
29.278557114228455 4.793753990318574 -3.9176594462387193 -0.5096770059347477 -2.4167855007958927 -7.366933328021759 -5.980791055105268 8.265184267708719 14.772893295168092 28.49004500695524 10.947810649685188 13.423473960105113 2.782988665104919 7.102045883303202 -5.445967090109632 -2.5113079203745174 13.768322289354902 1.8631154100787508 5.591265289590588 -3.8378599143156755 -0.2885448642825672 15.280721098339853 -6.536673195524241 1.4440319571377813 -2.9218314603615347 -12.195245118134677 -10.10023966611534 -13.515953045363139 -4.643370080865026
29.338677354709418 4.874093725983215 -3.8642923532337115 -0.44568701029048086 -2.3624098891631817 -7.325269001285708 -5.934137699530364 8.35636314288309 14.887994972266654 28.63235366614354 11.02985061037538 13.511384240679881 2.8586209119206947 7.18680044774192 -5.396585185607324 -2.456281631438089 13.879257021326701 1.9332287460035704 5.673986652916447 -3.7842606169265913 -0.22339370274936599 15.394766771104624 -6.492779733043861 1.512041273571878 -2.867511414293933 -12.17267558888638 -10.069046801685955 -13.499646666072545 -4.598360926920719
29.39879759519038 4.95490680062467 -3.8105984903360834 -0.381314212130448 -2.307708040793841 -7.283340132390119 -5.887191929713271 8.448073898952646 15.003763912523223 28.775449756247543 11.112350875034043 13.599802832114435 2.9347024213529833 7.27203932202071 -5.346899791629279 -2.4009385564931423 13.990830187949406 2.003744508865746 5.75719319529604 -3.7303339257180035 -0.1578521988141368 15.509470967044248 -6.4486153469642815 1.5804535837711775 -2.8128663403845877 -12.14994731539951 -10.037648259326007 -13.48321618019236 -4.553084361075239
29.458917835671343 5.036177537239936 -3.7565885683623 -0.3165712980483093 -2.2526908905355647 -7.2411552503032794 -5.839963185328294 8.540298844114023 15.120178065689682 28.919306158420664 11.195295339219822 13.688712616247575 3.0112183750827155 7.357745855901513 -5.296920903900207 -2.3452899436021406 14.103020408404888 2.074648654552809 5.840868777038288 -3.676090605912954 -0.0919332471745804 15.624811768700031 -6.404189072867759 1.6492554649807012 -2.757907177823302 -12.12706530640508 -10.006050648916956 -13.466665435489842 -4.50754968935513
29.519038076152302 5.100374068405014 -3.71421840950088 -0.2656089949145368 -2.2095186073753936 -7.208251805464112 -5.803020821367539 8.61326558271524 15.21251577405538 29.033595817487264 11.260816003311032 13.759020917286048 3.071609043353731 7.425484462879442 -5.257779369780869 -2.3016215479748796 14.191971707310909 2.1305339587522836 5.9069899334520315 -3.6335340451408626 -0.04002847027283707 15.716287886059188 -6.369495251454289 1.7034664170442326 -2.714781985156627 -12.109618144251877 -9.9816253060089 -13.454287817170377 -4.4719753018639885
29.579158316633265 5.163781364223965 -3.6723829428799526 -0.21528265488576892 -2.166894109195301 -7.1757717696352685 -5.766548490139201 8.685340554341757 15.303739176372666 29.14649816248669 11.325518192150561 13.828464859223072 3.131255764977314 7.492384297642577 -5.219135899768449 -2.2585149892825322 14.279844245795815 2.1857171508906097 5.972298694141589 -3.5915147603054365 0.011230113050686441 15.806657804923834 -6.335249386429691 1.7570025192118521 -2.6722046072701744 -12.092415372647219 -9.957525712441162 -13.442095822392018 -4.436865098644152
29.639278557114228 5.227409005783752 -3.6303937173082446 -0.1647774096023369 -2.12411712223167 -7.143165970568113 -5.729937596178694 8.75766236857335 15.395271872754925 29.25975992346562 11.390431060350465 13.89814396283867 3.1911121116935943 7.559507063355483 -5.180349543606289 -2.2152627029790333 14.368011792937814 2.241085508439105 6.037832952372444 -3.5493415592151756 0.06267123227594595 15.897332438457301 -6.300875973246125 1.8107264496788211 -2.629475464198592 -12.075135210773238 -9.933327424975287 -13.429842250375932 -4.401630587783867
29.69939879759519 5.291686173983994 -3.5879580611073614 -0.11374687915793658 -2.0808900465938507 -7.110200914284839 -5.692929371821425 8.830715043453957 15.487719119175924 29.374123306704195 11.455991758385533 13.968525538869173 3.251583473543291 7.6273038598344876 -5.141147851032289 -2.171564238508677 14.45705830145246 2.2970159205443634 6.104033900324275 -3.506720618021699 0.11464717864258844 15.988911586027896 -6.266130438116235 1.8650048900211402 -2.5862972685639463 -12.05764085337682 -9.908850001181458 -13.417422004858091 -4.366021831032807
29.75951903807615 5.3058329531002 -3.575995860099077 -0.10092508206124506 -2.068848893565214 -7.099185908624346 -5.681509943777208 8.845739529664687 15.504683627559608 29.393278931588778 11.470266159634157 13.983282666113809 3.2653496459709848 7.641802212698497 -5.129509166521028 -2.159476399796028 14.473682448307848 2.3103273108022497 6.118373054414654 -3.494739907986091 0.12756357743519686 16.005789157734434 -6.254937555799209 1.8781514876814143 -2.5742610369283803 -12.048173286539841 -9.89868399105015 -13.408461967013013 -4.35474293732657
29.819639278557112 5.314162377142093 -3.567666436057184 -0.0925956580193521 -2.0605194695233386 -7.090856484582453 -5.673180519735315 8.85406895370658 15.513013051601483 29.40160835563066 11.47859558367605 13.991612090155702 3.2736790700128777 7.65013163674039 -5.121179742479135 -2.151146975754135 14.48201187234974 2.318656734844125 6.126702478456529 -3.486410483944198 0.13589300147708983 16.01411858177631 -6.246608131757316 1.8864809117232895 -2.5659316128864873 -12.039843862497948 -9.890354567008258 -13.40013254297112 -4.346413513284677
29.879759519038075 5.322529980600859 -3.5592988325984187 -0.08422805456056892 -2.0521518660645555 -7.0824888811236875 -5.664812916276549 8.862436557165346 15.521380655060266 29.409975959089433 11.486963187134815 13.999979693614467 3.282046673471643 7.658499240199156 -5.112812139020369 -2.1427793722953696 14.490379475808524 2.327024338302908 6.135070081915313 -3.4780428804854324 0.14426060493585524 16.022486185235092 -6.238240528298551 1.8948485151820726 -2.557564009427722 -12.031476259039165 -9.881986963549474 -13.391764939512354 -4.338045909825912
29.939879759519037 5.328528091455436 -3.5533007217438417 -0.07822994370600966 -2.046153755209996 -7.07649077026911 -5.658814805421972 8.868434668019923 15.527378765914825 29.415974069944003 11.492961297989392 14.005977804469044 3.28804478432622 7.664497351053715 -5.106814028165792 -2.1367812614408104 14.496377586663083 2.3330224491574674 6.141068192769872 -3.4720447696308554 0.15025871579043226 16.02848429608965 -6.232242417443974 1.900846626036632 -2.551565898573145 -12.025478148184606 -9.875988852694915 -13.385766828657777 -4.332047798971335
30.0 5.33422232113546 -3.5476064920638173 -0.07253571402598524 -2.040459525529954 -7.070796540589086 -5.653120575741948 8.874128897699947 15.533072995594868 29.421668299624027 11.498655527669417 14.011672034149068 3.2937390140062446 7.670191580733757 -5.101119798485768 -2.131087031760768 14.502071816343108 2.338716678837492 6.146762422449896 -3.466350539950831 0.15595294547045668 16.034178525769676 -6.2265481877639495 1.9065408557166563 -2.5458716688931204 -12.019783918504581 -9.87029462301489 -13.380072598977753 -4.32635356929131
